        TIME,    TIDE,      OB,   SURGE,    BIAS,     TWL,SURGE90p,  TWL90p,SURGE10p,   TWL10p
202604280600,   0.438,   1.138,   0.700,   0.000,   1.138,   0.700,   1.138,   0.700,   1.138
202604280606,   0.430,9999.000,9999.000,9999.000,9999.000,9999.000,9999.000,9999.000,9999.000
202604280612,   0.428,   1.010,9999.000,9999.000,9999.000,9999.000,9999.000,9999.000,9999.000
202604280618,   0.432,9999.000,9999.000,9999.000,9999.000,9999.000,9999.000,9999.000,9999.000
202604280624,   0.442,   1.069,9999.000,9999.000,9999.000,9999.000,9999.000,9999.000,9999.000
202604280630,   0.459,9999.000,9999.000,9999.000,9999.000,9999.000,9999.000,9999.000,9999.000
202604280636,   0.482,   1.180,9999.000,9999.000,9999.000,9999.000,9999.000,9999.000,9999.000
202604280642,   0.512,9999.000,9999.000,9999.000,9999.000,9999.000,9999.000,9999.000,9999.000
202604280648,   0.549,   1.361,9999.000,9999.000,9999.000,9999.000,9999.000,9999.000,9999.000
202604280654,   0.592,9999.000,9999.000,9999.000,9999.000,9999.000,9999.000,9999.000,9999.000
202604280700,   0.642,   1.928,   0.700,   0.586,   1.928,   0.700,   1.928,   0.800,   2.028
202604280706,   0.700,   2.069,9999.000,9999.000,9999.000,9999.000,9999.000,9999.000,9999.000
202604280712,   0.764,   1.918,9999.000,9999.000,9999.000,9999.000,9999.000,9999.000,9999.000
202604280718,   0.835,   2.059,9999.000,9999.000,9999.000,9999.000,9999.000,9999.000,9999.000
202604280724,   0.914,   2.210,9999.000,9999.000,9999.000,9999.000,9999.000,9999.000,9999.000
202604280730,   0.999,   2.338,9999.000,9999.000,9999.000,9999.000,9999.000,9999.000,9999.000
202604280736,   1.092,   2.479,9999.000,9999.000,9999.000,9999.000,9999.000,9999.000,9999.000
202604280742,   1.191,   2.587,9999.000,9999.000,9999.000,9999.000,9999.000,9999.000,9999.000
202604280748,   1.298,   2.699,9999.000,9999.000,9999.000,9999.000,9999.000,9999.000,9999.000
202604280754,   1.410,   2.820,9999.000,9999.000,9999.000,9999.000,9999.000,9999.000,9999.000
202604280800,   1.529,   3.188,   0.700,   0.959,   3.188,   0.700,   3.188,   0.700,   3.188
202604280806,   1.654,   3.319,9999.000,9999.000,9999.000,9999.000,9999.000,9999.000,9999.000
202604280812,   1.784,   3.168,9999.000,9999.000,9999.000,9999.000,9999.000,9999.000,9999.000
202604280818,   1.919,   3.279,9999.000,9999.000,9999.000,9999.000,9999.000,9999.000,9999.000
202604280824,   2.058,   3.407,9999.000,9999.000,9999.000,9999.000,9999.000,9999.000,9999.000
202604280830,   2.201,   3.539,9999.000,9999.000,9999.000,9999.000,9999.000,9999.000,9999.000
202604280836,   2.347,   3.660,9999.000,9999.000,9999.000,9999.000,9999.000,9999.000,9999.000
202604280842,   2.495,   3.798,9999.000,9999.000,9999.000,9999.000,9999.000,9999.000,9999.000
202604280848,   2.644,   3.939,9999.000,9999.000,9999.000,9999.000,9999.000,9999.000,9999.000
202604280854,   2.794,   4.070,9999.000,9999.000,9999.000,9999.000,9999.000,9999.000,9999.000
202604280900,   2.945,   4.457,   0.700,   0.812,   4.457,   0.700,   4.457,   0.800,   4.557
202604280906,   3.095,   4.569,9999.000,9999.000,9999.000,9999.000,9999.000,9999.000,9999.000
202604280912,   3.244,   4.418,9999.000,9999.000,9999.000,9999.000,9999.000,9999.000,9999.000
202604280918,   3.391,   4.519,9999.000,9999.000,9999.000,9999.000,9999.000,9999.000,9999.000
202604280924,   3.536,   4.647,9999.000,9999.000,9999.000,9999.000,9999.000,9999.000,9999.000
202604280930,   3.678,   4.778,9999.000,9999.000,9999.000,9999.000,9999.000,9999.000,9999.000
202604280936,   3.817,   4.910,9999.000,9999.000,9999.000,9999.000,9999.000,9999.000,9999.000
202604280942,   3.952,   5.038,9999.000,9999.000,9999.000,9999.000,9999.000,9999.000,9999.000
202604280948,   4.083,   5.149,9999.000,9999.000,9999.000,9999.000,9999.000,9999.000,9999.000
202604280954,   4.210,   5.287,9999.000,9999.000,9999.000,9999.000,9999.000,9999.000,9999.000
202604281000,   4.332,   5.677,   0.700,   0.645,   5.677,   0.700,   5.677,   0.800,   5.777
202604281006,   4.449,   5.779,9999.000,9999.000,9999.000,9999.000,9999.000,9999.000,9999.000
202604281012,   4.560,   5.628,9999.000,9999.000,9999.000,9999.000,9999.000,9999.000,9999.000
202604281018,   4.667,   5.717,9999.000,9999.000,9999.000,9999.000,9999.000,9999.000,9999.000
202604281024,   4.768,   5.808,9999.000,9999.000,9999.000,9999.000,9999.000,9999.000,9999.000
202604281030,   4.862,   5.907,9999.000,9999.000,9999.000,9999.000,9999.000,9999.000,9999.000
202604281036,   4.951,   5.989,9999.000,9999.000,9999.000,9999.000,9999.000,9999.000,9999.000
202604281042,   5.034,   6.058,9999.000,9999.000,9999.000,9999.000,9999.000,9999.000,9999.000
202604281048,   5.110,   6.117,9999.000,9999.000,9999.000,9999.000,9999.000,9999.000,9999.000
202604281054,   5.180,   6.179,9999.000,9999.000,9999.000,9999.000,9999.000,9999.000,9999.000
202604281100,   5.243,   6.448,   0.700,   0.505,   6.448,   0.700,   6.448,   0.800,   6.548
202604281106,   5.300,   6.497,9999.000,9999.000,9999.000,9999.000,9999.000,9999.000,9999.000
202604281112,   5.350,   6.359,9999.000,9999.000,9999.000,9999.000,9999.000,9999.000,9999.000
202604281118,   5.394,   6.399,9999.000,9999.000,9999.000,9999.000,9999.000,9999.000,9999.000
202604281124,   5.430,   6.428,9999.000,9999.000,9999.000,9999.000,9999.000,9999.000,9999.000
202604281130,   5.460,   6.438,9999.000,9999.000,9999.000,9999.000,9999.000,9999.000,9999.000
202604281136,   5.483,   6.458,9999.000,9999.000,9999.000,9999.000,9999.000,9999.000,9999.000
202604281142,   5.500,   6.468,9999.000,9999.000,9999.000,9999.000,9999.000,9999.000,9999.000
202604281148,   5.510,   6.497,9999.000,9999.000,9999.000,9999.000,9999.000,9999.000,9999.000
202604281154,   5.513,   6.497,9999.000,9999.000,9999.000,9999.000,9999.000,9999.000,9999.000
202604281200,   5.510,   6.599,   0.700,   0.389,   6.599,   0.700,   6.599,   0.800,   6.699
202604281206,   5.501,   6.569,9999.000,9999.000,9999.000,9999.000,9999.000,9999.000,9999.000
202604281212,   5.486,   6.418,9999.000,9999.000,9999.000,9999.000,9999.000,9999.000,9999.000
202604281218,   5.465,   6.399,9999.000,9999.000,9999.000,9999.000,9999.000,9999.000,9999.000
202604281224,   5.437,   6.389,9999.000,9999.000,9999.000,9999.000,9999.000,9999.000,9999.000
202604281230,   5.405,   6.359,9999.000,9999.000,9999.000,9999.000,9999.000,9999.000,9999.000
202604281236,   5.367,   6.317,9999.000,9999.000,9999.000,9999.000,9999.000,9999.000,9999.000
202604281242,   5.323,   6.248,9999.000,9999.000,9999.000,9999.000,9999.000,9999.000,9999.000
202604281248,   5.274,   6.179,9999.000,9999.000,9999.000,9999.000,9999.000,9999.000,9999.000
202604281254,   5.221,   6.117,9999.000,9999.000,9999.000,9999.000,9999.000,9999.000,9999.000
202604281300,   5.162,   6.136,   0.700,   0.274,   6.136,   0.700,   6.136,   0.800,   6.236
202604281306,   5.099,   6.058,9999.000,9999.000,9999.000,9999.000,9999.000,9999.000,9999.000
202604281312,   5.031,   5.907,9999.000,9999.000,9999.000,9999.000,9999.000,9999.000,9999.000
202604281318,   4.959,   5.808,9999.000,9999.000,9999.000,9999.000,9999.000,9999.000,9999.000
202604281324,   4.883,   5.717,9999.000,9999.000,9999.000,9999.000,9999.000,9999.000,9999.000
202604281330,   4.803,   5.618,9999.000,9999.000,9999.000,9999.000,9999.000,9999.000,9999.000
202604281336,   4.719,   5.539,9999.000,9999.000,9999.000,9999.000,9999.000,9999.000,9999.000
202604281342,   4.631,   5.438,9999.000,9999.000,9999.000,9999.000,9999.000,9999.000,9999.000
202604281348,   4.540,   5.329,9999.000,9999.000,9999.000,9999.000,9999.000,9999.000,9999.000
202604281354,   4.445,   5.208,9999.000,9999.000,9999.000,9999.000,9999.000,9999.000,9999.000
202604281400,   4.347,   5.139,   0.700,   0.092,   5.139,   0.700,   5.139,   0.800,   5.239
202604281406,   4.246,   4.998,9999.000,9999.000,9999.000,9999.000,9999.000,9999.000,9999.000
202604281412,   4.142,   4.847,9999.000,9999.000,9999.000,9999.000,9999.000,9999.000,9999.000
202604281418,   4.035,   4.710,9999.000,9999.000,9999.000,9999.000,9999.000,9999.000,9999.000
202604281424,   3.926,   4.569,9999.000,9999.000,9999.000,9999.000,9999.000,9999.000,9999.000
202604281430,   3.815,   4.427,9999.000,9999.000,9999.000,9999.000,9999.000,9999.000,9999.000
202604281436,   3.701,   4.319,9999.000,9999.000,9999.000,9999.000,9999.000,9999.000,9999.000
202604281442,   3.586,   4.198,9999.000,9999.000,9999.000,9999.000,9999.000,9999.000,9999.000
202604281448,   3.468,   4.080,9999.000,9999.000,9999.000,9999.000,9999.000,9999.000,9999.000
202604281454,   3.350,   3.978,9999.000,9999.000,9999.000,9999.000,9999.000,9999.000,9999.000
202604281500,   3.230,   3.909,   0.700,  -0.021,   3.909,   0.700,   3.909,   0.800,   4.009
202604281506,   3.109,   3.798,9999.000,9999.000,9999.000,9999.000,9999.000,9999.000,9999.000
202604281512,   2.987,   3.650,9999.000,9999.000,9999.000,9999.000,9999.000,9999.000,9999.000
202604281518,   2.865,   3.539,9999.000,9999.000,9999.000,9999.000,9999.000,9999.000,9999.000
202604281524,   2.743,   3.398,9999.000,9999.000,9999.000,9999.000,9999.000,9999.000,9999.000
202604281530,   2.621,   3.279,9999.000,9999.000,9999.000,9999.000,9999.000,9999.000,9999.000
202604281536,   2.499,   3.158,9999.000,9999.000,9999.000,9999.000,9999.000,9999.000,9999.000
202604281542,   2.377,   3.050,9999.000,9999.000,9999.000,9999.000,9999.000,9999.000,9999.000
202604281548,   2.257,   2.929,9999.000,9999.000,9999.000,9999.000,9999.000,9999.000,9999.000
202604281554,   2.138,   2.797,9999.000,9999.000,9999.000,9999.000,9999.000,9999.000,9999.000
202604281600,   2.020,   2.738,   0.700,   0.018,   2.738,   0.700,   2.738,   0.800,   2.838
202604281606,   1.904,   2.620,9999.000,9999.000,9999.000,9999.000,9999.000,9999.000,9999.000
202604281612,   1.790,   2.469,9999.000,9999.000,9999.000,9999.000,9999.000,9999.000,9999.000
202604281618,   1.678,   2.368,9999.000,9999.000,9999.000,9999.000,9999.000,9999.000,9999.000
202604281624,   1.570,   2.259,9999.000,9999.000,9999.000,9999.000,9999.000,9999.000,9999.000
202604281630,   1.464,   2.177,9999.000,9999.000,9999.000,9999.000,9999.000,9999.000,9999.000
202604281636,   1.361,   2.109,9999.000,9999.000,9999.000,9999.000,9999.000,9999.000,9999.000
202604281642,   1.262,   2.030,9999.000,9999.000,9999.000,9999.000,9999.000,9999.000,9999.000
202604281648,   1.167,   1.938,9999.000,9999.000,9999.000,9999.000,9999.000,9999.000,9999.000
202604281654,   1.075,   1.849,9999.000,9999.000,9999.000,9999.000,9999.000,9999.000,9999.000
202604281700,   0.988,   1.820,   0.700,   0.132,   1.820,   0.700,   1.820,   0.800,   1.920
202604281706,   0.905,   1.728,9999.000,9999.000,9999.000,9999.000,9999.000,9999.000,9999.000
202604281712,   0.827,   1.580,9999.000,9999.000,9999.000,9999.000,9999.000,9999.000,9999.000
202604281718,   0.754,   1.489,9999.000,9999.000,9999.000,9999.000,9999.000,9999.000,9999.000
202604281724,   0.686,   1.410,9999.000,9999.000,9999.000,9999.000,9999.000,9999.000,9999.000
202604281730,   0.624,   1.328,9999.000,9999.000,9999.000,9999.000,9999.000,9999.000,9999.000
202604281736,   0.566,   1.269,9999.000,9999.000,9999.000,9999.000,9999.000,9999.000,9999.000
202604281742,   0.515,   1.210,9999.000,9999.000,9999.000,9999.000,9999.000,9999.000,9999.000
202604281748,   0.469,   1.161,9999.000,9999.000,9999.000,9999.000,9999.000,9999.000,9999.000
202604281754,   0.428,   1.088,9999.000,9999.000,9999.000,9999.000,9999.000,9999.000,9999.000
202604281800,   0.394,   1.138,   0.800,  -0.056,   1.138,   0.700,   1.038,   0.800,   1.138
202604281806,   0.366,   1.118,9999.000,9999.000,9999.000,9999.000,9999.000,9999.000,9999.000
202604281812,   0.344,   0.970,9999.000,9999.000,9999.000,9999.000,9999.000,9999.000,9999.000
202604281818,   0.328,   0.961,9999.000,9999.000,9999.000,9999.000,9999.000,9999.000,9999.000
202604281824,   0.318,   0.961,9999.000,9999.000,9999.000,9999.000,9999.000,9999.000,9999.000
202604281830,   0.315,   0.970,9999.000,9999.000,9999.000,9999.000,9999.000,9999.000,9999.000
202604281836,   0.318,   0.970,9999.000,9999.000,9999.000,9999.000,9999.000,9999.000,9999.000
202604281842,   0.328,   1.000,9999.000,9999.000,9999.000,9999.000,9999.000,9999.000,9999.000
202604281848,   0.344,   1.039,9999.000,9999.000,9999.000,9999.000,9999.000,9999.000,9999.000
202604281854,   0.367,   1.098,9999.000,9999.000,9999.000,9999.000,9999.000,9999.000,9999.000
202604281900,   0.397,   1.410,   0.800,   0.213,   1.410,   0.700,   1.310,   0.800,   1.410
202604281906,   0.434,   1.508,9999.000,9999.000,9999.000,9999.000,9999.000,9999.000,9999.000
202604281912,   0.478,   1.361,9999.000,9999.000,9999.000,9999.000,9999.000,9999.000,9999.000
202604281918,   0.530,   1.469,9999.000,9999.000,9999.000,9999.000,9999.000,9999.000,9999.000
202604281924,   0.589,   1.610,9999.000,9999.000,9999.000,9999.000,9999.000,9999.000,9999.000
202604281930,   0.655,   1.758,9999.000,9999.000,9999.000,9999.000,9999.000,9999.000,9999.000
202604281936,   0.729,   1.908,9999.000,9999.000,9999.000,9999.000,9999.000,9999.000,9999.000
202604281942,   0.810,   2.040,9999.000,9999.000,9999.000,9999.000,9999.000,9999.000,9999.000
202604281948,   0.899,   2.177,9999.000,9999.000,9999.000,9999.000,9999.000,9999.000,9999.000
202604281954,   0.996,   2.309,9999.000,9999.000,9999.000,9999.000,9999.000,9999.000,9999.000
202604282000,   1.100,   2.748,   0.800,   0.848,   2.748,   0.800,   2.748,   0.800,   2.748
202604282006,   1.212,   2.919,9999.000,9999.000,9999.000,9999.000,9999.000,9999.000,9999.000
202604282012,   1.331,   2.768,9999.000,9999.000,9999.000,9999.000,9999.000,9999.000,9999.000
202604282018,   1.457,   2.919,9999.000,9999.000,9999.000,9999.000,9999.000,9999.000,9999.000
202604282024,   1.590,   3.070,9999.000,9999.000,9999.000,9999.000,9999.000,9999.000,9999.000
202604282030,   1.729,   3.230,9999.000,9999.000,9999.000,9999.000,9999.000,9999.000,9999.000
202604282036,   1.874,   3.388,9999.000,9999.000,9999.000,9999.000,9999.000,9999.000,9999.000
202604282042,   2.024,   3.548,9999.000,9999.000,9999.000,9999.000,9999.000,9999.000,9999.000
202604282048,   2.180,   3.699,9999.000,9999.000,9999.000,9999.000,9999.000,9999.000,9999.000
202604282054,   2.339,   3.847,9999.000,9999.000,9999.000,9999.000,9999.000,9999.000,9999.000
202604282100,   2.501,   4.319,   0.800,   1.018,   4.319,   0.800,   4.319,   0.900,   4.419
202604282106,   2.666,   4.467,9999.000,9999.000,9999.000,9999.000,9999.000,9999.000,9999.000
202604282112,   2.833,   4.319,9999.000,9999.000,9999.000,9999.000,9999.000,9999.000,9999.000
202604282118,   3.001,   4.437,9999.000,9999.000,9999.000,9999.000,9999.000,9999.000,9999.000
202604282124,   3.169,   4.549,9999.000,9999.000,9999.000,9999.000,9999.000,9999.000,9999.000
202604282130,   3.336,   4.677,9999.000,9999.000,9999.000,9999.000,9999.000,9999.000,9999.000
202604282136,   3.502,   4.778,9999.000,9999.000,9999.000,9999.000,9999.000,9999.000,9999.000
202604282142,   3.667,   4.910,9999.000,9999.000,9999.000,9999.000,9999.000,9999.000,9999.000
202604282148,   3.828,   5.018,9999.000,9999.000,9999.000,9999.000,9999.000,9999.000,9999.000
202604282154,   3.987,   5.139,9999.000,9999.000,9999.000,9999.000,9999.000,9999.000,9999.000
202604282200,   4.142,   5.549,   0.800,   0.607,   5.549,   0.800,   5.549,   0.900,   5.649
202604282206,   4.292,   5.677,9999.000,9999.000,9999.000,9999.000,9999.000,9999.000,9999.000
202604282212,   4.439,   5.530,9999.000,9999.000,9999.000,9999.000,9999.000,9999.000,9999.000
202604282218,   4.580,   5.648,9999.000,9999.000,9999.000,9999.000,9999.000,9999.000,9999.000
202604282224,   4.715,   5.779,9999.000,9999.000,9999.000,9999.000,9999.000,9999.000,9999.000
202604282230,   4.846,   5.897,9999.000,9999.000,9999.000,9999.000,9999.000,9999.000,9999.000
202604282236,   4.970,   6.008,9999.000,9999.000,9999.000,9999.000,9999.000,9999.000,9999.000
202604282242,   5.088,   6.127,9999.000,9999.000,9999.000,9999.000,9999.000,9999.000,9999.000
202604282248,   5.200,   6.238,9999.000,9999.000,9999.000,9999.000,9999.000,9999.000,9999.000
202604282254,   5.305,   6.327,9999.000,9999.000,9999.000,9999.000,9999.000,9999.000,9999.000
202604282300,   5.403,   6.648,   0.900,   0.345,   6.648,   0.800,   6.548,   0.900,   6.648
202604282306,   5.495,   6.727,9999.000,9999.000,9999.000,9999.000,9999.000,9999.000,9999.000
202604282312,   5.579,   6.579,9999.000,9999.000,9999.000,9999.000,9999.000,9999.000,9999.000
202604282318,   5.657,   6.658,9999.000,9999.000,9999.000,9999.000,9999.000,9999.000,9999.000
202604282324,   5.727,   6.756,9999.000,9999.000,9999.000,9999.000,9999.000,9999.000,9999.000
202604282330,   5.790,   6.828,9999.000,9999.000,9999.000,9999.000,9999.000,9999.000,9999.000
202604282336,   5.845,   6.887,9999.000,9999.000,9999.000,9999.000,9999.000,9999.000,9999.000
202604282342,   5.893,   6.917,9999.000,9999.000,9999.000,9999.000,9999.000,9999.000,9999.000
202604282348,   5.934,   6.956,9999.000,9999.000,9999.000,9999.000,9999.000,9999.000,9999.000
202604282354,   5.967,   6.979,9999.000,9999.000,9999.000,9999.000,9999.000,9999.000,9999.000
202604290000,   5.993,   7.189,   0.800,   0.396,   7.189,   0.800,   7.189,   0.900,   7.289
202604290006,   6.012,   7.209,9999.000,9999.000,9999.000,9999.000,9999.000,9999.000,9999.000
202604290012,   6.023,   7.058,9999.000,9999.000,9999.000,9999.000,9999.000,9999.000,9999.000
202604290018,   6.028,   7.068,9999.000,9999.000,9999.000,9999.000,9999.000,9999.000,9999.000
202604290024,   6.025,   7.078,9999.000,9999.000,9999.000,9999.000,9999.000,9999.000,9999.000
202604290030,   6.016,   7.078,9999.000,9999.000,9999.000,9999.000,9999.000,9999.000,9999.000
202604290036,   6.000,   7.068,9999.000,9999.000,9999.000,9999.000,9999.000,9999.000,9999.000
202604290042,   5.977,   7.068,9999.000,9999.000,9999.000,9999.000,9999.000,9999.000,9999.000
202604290048,   5.948,   7.048,9999.000,9999.000,9999.000,9999.000,9999.000,9999.000,9999.000
202604290054,   5.913,   7.029,9999.000,9999.000,9999.000,9999.000,9999.000,9999.000,9999.000
202604290100,   5.872,   7.078,   0.900,   0.306,   7.078,   0.800,   6.978,   0.900,   7.078
202604290106,   5.825,   6.979,9999.000,9999.000,9999.000,9999.000,9999.000,9999.000,9999.000
202604290112,   5.772,   6.828,9999.000,9999.000,9999.000,9999.000,9999.000,9999.000,9999.000
202604290118,   5.714,   6.756,9999.000,9999.000,9999.000,9999.000,9999.000,9999.000,9999.000
202604290124,   5.651,   6.697,9999.000,9999.000,9999.000,9999.000,9999.000,9999.000,9999.000
202604290130,   5.582,   6.619,9999.000,9999.000,9999.000,9999.000,9999.000,9999.000,9999.000
202604290136,   5.508,   6.527,9999.000,9999.000,9999.000,9999.000,9999.000,9999.000,9999.000
202604290142,   5.430,   6.418,9999.000,9999.000,9999.000,9999.000,9999.000,9999.000,9999.000
202604290148,   5.347,   6.327,9999.000,9999.000,9999.000,9999.000,9999.000,9999.000,9999.000
202604290154,   5.260,   6.228,9999.000,9999.000,9999.000,9999.000,9999.000,9999.000,9999.000
202604290200,   5.168,   6.149,   0.900,   0.081,   6.149,   0.800,   6.049,   0.900,   6.149
202604290206,   5.073,   6.018,9999.000,9999.000,9999.000,9999.000,9999.000,9999.000,9999.000
202604290212,   4.973,   5.867,9999.000,9999.000,9999.000,9999.000,9999.000,9999.000,9999.000
202604290218,   4.870,   5.759,9999.000,9999.000,9999.000,9999.000,9999.000,9999.000,9999.000
202604290224,   4.763,   5.677,9999.000,9999.000,9999.000,9999.000,9999.000,9999.000,9999.000
202604290230,   4.653,   5.579,9999.000,9999.000,9999.000,9999.000,9999.000,9999.000,9999.000
202604290236,   4.540,   5.448,9999.000,9999.000,9999.000,9999.000,9999.000,9999.000,9999.000
202604290242,   4.424,   5.287,9999.000,9999.000,9999.000,9999.000,9999.000,9999.000,9999.000
202604290248,   4.305,   5.120,9999.000,9999.000,9999.000,9999.000,9999.000,9999.000,9999.000
202604290254,   4.184,   4.979,9999.000,9999.000,9999.000,9999.000,9999.000,9999.000,9999.000
202604290300,   4.060,   4.877,   0.900,  -0.083,   4.877,   0.900,   4.877,   1.000,   4.977
202604290306,   3.934,   4.759,9999.000,9999.000,9999.000,9999.000,9999.000,9999.000,9999.000
202604290312,   3.807,   4.618,9999.000,9999.000,9999.000,9999.000,9999.000,9999.000,9999.000
202604290318,   3.678,   4.500,9999.000,9999.000,9999.000,9999.000,9999.000,9999.000,9999.000
202604290324,   3.547,   4.378,9999.000,9999.000,9999.000,9999.000,9999.000,9999.000,9999.000
202604290330,   3.416,   4.257,9999.000,9999.000,9999.000,9999.000,9999.000,9999.000,9999.000
202604290336,   3.283,   4.139,9999.000,9999.000,9999.000,9999.000,9999.000,9999.000,9999.000
202604290342,   3.150,   4.008,9999.000,9999.000,9999.000,9999.000,9999.000,9999.000,9999.000
202604290348,   3.017,   3.890,9999.000,9999.000,9999.000,9999.000,9999.000,9999.000,9999.000
202604290354,   2.884,   3.778,9999.000,9999.000,9999.000,9999.000,9999.000,9999.000,9999.000
202604290400,   2.751,   3.680,   0.900,   0.029,   3.680,   0.900,   3.680,   1.000,   3.780
202604290406,   2.619,   3.558,9999.000,9999.000,9999.000,9999.000,9999.000,9999.000,9999.000
202604290412,   2.488,   3.407,9999.000,9999.000,9999.000,9999.000,9999.000,9999.000,9999.000
202604290418,   2.358,   3.289,9999.000,9999.000,9999.000,9999.000,9999.000,9999.000,9999.000
202604290424,   2.229,   3.158,9999.000,9999.000,9999.000,9999.000,9999.000,9999.000,9999.000
202604290430,   2.103,   3.060,9999.000,9999.000,9999.000,9999.000,9999.000,9999.000,9999.000
202604290436,   1.978,   2.938,9999.000,9999.000,9999.000,9999.000,9999.000,9999.000,9999.000
202604290442,   1.857,   2.820,9999.000,9999.000,9999.000,9999.000,9999.000,9999.000,9999.000
202604290448,   1.737,   2.699,9999.000,9999.000,9999.000,9999.000,9999.000,9999.000,9999.000
202604290454,   1.621,   2.597,9999.000,9999.000,9999.000,9999.000,9999.000,9999.000,9999.000
202604290500,   1.509,   2.528,   0.900,   0.119,   2.528,   0.900,   2.528,   1.000,   2.628
202604290506,   1.399,   2.430,9999.000,9999.000,9999.000,9999.000,9999.000,9999.000,9999.000
202604290512,   1.294,   2.279,9999.000,9999.000,9999.000,9999.000,9999.000,9999.000,9999.000
202604290518,   1.193,   2.191,9999.000,9999.000,9999.000,9999.000,9999.000,9999.000,9999.000
202604290524,   1.096,   2.099,9999.000,9999.000,9999.000,9999.000,9999.000,9999.000,9999.000
202604290530,   1.004,   2.020,9999.000,9999.000,9999.000,9999.000,9999.000,9999.000,9999.000
202604290536,   0.917,   1.938,9999.000,9999.000,9999.000,9999.000,9999.000,9999.000,9999.000
202604290542,   0.834,   1.849,9999.000,9999.000,9999.000,9999.000,9999.000,9999.000,9999.000
202604290548,   0.757,   1.758,9999.000,9999.000,9999.000,9999.000,9999.000,9999.000,9999.000
202604290554,   0.685,   1.689,9999.000,9999.000,9999.000,9999.000,9999.000,9999.000,9999.000
202604290600,   0.619,   1.699,   0.900,   0.180,   1.699,   0.900,   1.699,   1.000,   1.799
202604290606,   0.558,   1.639,9999.000,9999.000,9999.000,9999.000,9999.000,9999.000,9999.000
202604290612,   0.503,   1.489,9999.000,9999.000,9999.000,9999.000,9999.000,9999.000,9999.000
202604290618,   0.454,   1.420,9999.000,9999.000,9999.000,9999.000,9999.000,9999.000,9999.000
202604290624,   0.411,   1.380,9999.000,9999.000,9999.000,9999.000,9999.000,9999.000,9999.000
202604290630,   0.374,   1.318,9999.000,9999.000,9999.000,9999.000,9999.000,9999.000,9999.000
202604290636,   0.343,   1.259,9999.000,9999.000,9999.000,9999.000,9999.000,9999.000,9999.000
202604290642,   0.318,   1.249,9999.000,9999.000,9999.000,9999.000,9999.000,9999.000,9999.000
202604290648,   0.299,   1.220,9999.000,9999.000,9999.000,9999.000,9999.000,9999.000,9999.000
202604290654,   0.287,   1.210,9999.000,9999.000,9999.000,9999.000,9999.000,9999.000,9999.000
202604290700,   0.281,   1.371,   1.000,   0.090,   1.371,   0.900,   1.271,   1.000,   1.371
202604290706,   0.281,   1.390,9999.000,9999.000,9999.000,9999.000,9999.000,9999.000,9999.000
202604290712,   0.289,   1.239,9999.000,9999.000,9999.000,9999.000,9999.000,9999.000,9999.000
202604290718,   0.302,   1.259,9999.000,9999.000,9999.000,9999.000,9999.000,9999.000,9999.000
202604290724,   0.323,   1.318,9999.000,9999.000,9999.000,9999.000,9999.000,9999.000,9999.000
202604290730,   0.350,   1.400,9999.000,9999.000,9999.000,9999.000,9999.000,9999.000,9999.000
202604290736,   0.385,   1.489,9999.000,9999.000,9999.000,9999.000,9999.000,9999.000,9999.000
202604290742,   0.426,   1.620,9999.000,9999.000,9999.000,9999.000,9999.000,9999.000,9999.000
202604290748,   0.475,   1.738,9999.000,9999.000,9999.000,9999.000,9999.000,9999.000,9999.000
202604290754,   0.531,   1.889,9999.000,9999.000,9999.000,9999.000,9999.000,9999.000,9999.000
202604290800,   0.595,   2.049,   1.000,   0.454,   2.049,   0.900,   1.949,   1.000,   2.049
202604290806,   0.667,   2.469,9999.000,9999.000,9999.000,9999.000,9999.000,9999.000,9999.000
202604290812,   0.746,   2.318,9999.000,9999.000,9999.000,9999.000,9999.000,9999.000,9999.000
202604290818,   0.832,   2.430,9999.000,9999.000,9999.000,9999.000,9999.000,9999.000,9999.000
202604290824,   0.927,   2.548,9999.000,9999.000,9999.000,9999.000,9999.000,9999.000,9999.000
202604290830,   1.029,   2.640,9999.000,9999.000,9999.000,9999.000,9999.000,9999.000,9999.000
202604290836,   1.138,   2.738,9999.000,9999.000,9999.000,9999.000,9999.000,9999.000,9999.000
202604290842,   1.254,   2.840,9999.000,9999.000,9999.000,9999.000,9999.000,9999.000,9999.000
202604290848,   1.377,   2.948,9999.000,9999.000,9999.000,9999.000,9999.000,9999.000,9999.000
202604290854,   1.506,   3.050,9999.000,9999.000,9999.000,9999.000,9999.000,9999.000,9999.000
202604290900,   1.642,   3.427,   1.000,   0.785,   3.427,   0.900,   3.327,   1.000,   3.427
202604290906,   1.782,   3.558,9999.000,9999.000,9999.000,9999.000,9999.000,9999.000,9999.000
202604290912,   1.928,   3.407,9999.000,9999.000,9999.000,9999.000,9999.000,9999.000,9999.000
202604290918,   2.077,   3.539,9999.000,9999.000,9999.000,9999.000,9999.000,9999.000,9999.000
202604290924,   2.229,   3.650,9999.000,9999.000,9999.000,9999.000,9999.000,9999.000,9999.000
202604290930,   2.384,   3.778,9999.000,9999.000,9999.000,9999.000,9999.000,9999.000,9999.000
202604290936,   2.540,   3.919,9999.000,9999.000,9999.000,9999.000,9999.000,9999.000,9999.000
202604290942,   2.697,   4.070,9999.000,9999.000,9999.000,9999.000,9999.000,9999.000,9999.000
202604290948,   2.854,   4.198,9999.000,9999.000,9999.000,9999.000,9999.000,9999.000,9999.000
202604290954,   3.010,   4.309,9999.000,9999.000,9999.000,9999.000,9999.000,9999.000,9999.000
202604291000,   3.165,   4.690,   1.000,   0.525,   4.690,   1.000,   4.690,   1.000,   4.690
202604291006,   3.318,   4.798,9999.000,9999.000,9999.000,9999.000,9999.000,9999.000,9999.000
202604291012,   3.467,   4.647,9999.000,9999.000,9999.000,9999.000,9999.000,9999.000,9999.000
202604291018,   3.614,   4.798,9999.000,9999.000,9999.000,9999.000,9999.000,9999.000,9999.000
202604291024,   3.756,   4.939,9999.000,9999.000,9999.000,9999.000,9999.000,9999.000,9999.000
202604291030,   3.894,   5.087,9999.000,9999.000,9999.000,9999.000,9999.000,9999.000,9999.000
202604291036,   4.027,   5.228,9999.000,9999.000,9999.000,9999.000,9999.000,9999.000,9999.000
202604291042,   4.155,   5.369,9999.000,9999.000,9999.000,9999.000,9999.000,9999.000,9999.000
202604291048,   4.278,   5.516,9999.000,9999.000,9999.000,9999.000,9999.000,9999.000,9999.000
202604291054,   4.395,   5.657,9999.000,9999.000,9999.000,9999.000,9999.000,9999.000,9999.000
202604291100,   4.506,   6.048,   1.000,   0.542,   6.048,   1.000,   6.048,   1.000,   6.048
202604291106,   4.612,   6.169,9999.000,9999.000,9999.000,9999.000,9999.000,9999.000,9999.000
202604291112,   4.711,   6.018,9999.000,9999.000,9999.000,9999.000,9999.000,9999.000,9999.000
202604291118,   4.804,   6.107,9999.000,9999.000,9999.000,9999.000,9999.000,9999.000,9999.000
202604291124,   4.890,   6.199,9999.000,9999.000,9999.000,9999.000,9999.000,9999.000,9999.000
202604291130,   4.970,   6.258,9999.000,9999.000,9999.000,9999.000,9999.000,9999.000,9999.000
202604291136,   5.044,   6.297,9999.000,9999.000,9999.000,9999.000,9999.000,9999.000,9999.000
202604291142,   5.111,   6.359,9999.000,9999.000,9999.000,9999.000,9999.000,9999.000,9999.000
202604291148,   5.171,   6.418,9999.000,9999.000,9999.000,9999.000,9999.000,9999.000,9999.000
202604291154,   5.224,   6.477,9999.000,9999.000,9999.000,9999.000,9999.000,9999.000,9999.000
202604291200,   5.271,   6.687,   1.000,   0.416,   6.687,   1.000,   6.687,   1.100,   6.787
202604291206,   5.311,   6.707,9999.000,9999.000,9999.000,9999.000,9999.000,9999.000,9999.000
202604291212,   5.344,   6.556,9999.000,9999.000,9999.000,9999.000,9999.000,9999.000,9999.000
202604291218,   5.370,   6.579,9999.000,9999.000,9999.000,9999.000,9999.000,9999.000,9999.000
202604291224,   5.390,   6.589,9999.000,9999.000,9999.000,9999.000,9999.000,9999.000,9999.000
202604291230,   5.403,   6.599,9999.000,9999.000,9999.000,9999.000,9999.000,9999.000,9999.000
202604291236,   5.410,   6.609,9999.000,9999.000,9999.000,9999.000,9999.000,9999.000,9999.000
202604291242,   5.410,   6.619,9999.000,9999.000,9999.000,9999.000,9999.000,9999.000,9999.000
202604291248,   5.404,   6.638,9999.000,9999.000,9999.000,9999.000,9999.000,9999.000,9999.000
202604291254,   5.392,   6.638,9999.000,9999.000,9999.000,9999.000,9999.000,9999.000,9999.000
202604291300,   5.374,   6.779,   1.000,   0.405,   6.779,   1.000,   6.779,   1.100,   6.879
202604291306,   5.350,   6.756,9999.000,9999.000,9999.000,9999.000,9999.000,9999.000,9999.000
202604291312,   5.320,   6.609,9999.000,9999.000,9999.000,9999.000,9999.000,9999.000,9999.000
202604291318,   5.284,   6.579,9999.000,9999.000,9999.000,9999.000,9999.000,9999.000,9999.000
202604291324,   5.243,   6.546,9999.000,9999.000,9999.000,9999.000,9999.000,9999.000,9999.000
202604291330,   5.197,   6.537,9999.000,9999.000,9999.000,9999.000,9999.000,9999.000,9999.000
202604291336,   5.146,   6.537,9999.000,9999.000,9999.000,9999.000,9999.000,9999.000,9999.000
202604291342,   5.090,   6.497,9999.000,9999.000,9999.000,9999.000,9999.000,9999.000,9999.000
202604291348,   5.029,   6.418,9999.000,9999.000,9999.000,9999.000,9999.000,9999.000,9999.000
202604291354,   4.963,   6.327,9999.000,9999.000,9999.000,9999.000,9999.000,9999.000,9999.000
202604291400,   4.893,   6.297,   1.000,   0.404,   6.297,   1.000,   6.297,   1.100,   6.397
202604291406,   4.818,   6.218,9999.000,9999.000,9999.000,9999.000,9999.000,9999.000,9999.000
202604291412,   4.740,   6.067,9999.000,9999.000,9999.000,9999.000,9999.000,9999.000,9999.000
202604291418,   4.657,   5.989,9999.000,9999.000,9999.000,9999.000,9999.000,9999.000,9999.000
202604291424,   4.571,   5.877,9999.000,9999.000,9999.000,9999.000,9999.000,9999.000,9999.000
202604291430,   4.481,   5.739,9999.000,9999.000,9999.000,9999.000,9999.000,9999.000,9999.000
202604291436,   4.388,   5.608,9999.000,9999.000,9999.000,9999.000,9999.000,9999.000,9999.000
202604291442,   4.291,   5.487,9999.000,9999.000,9999.000,9999.000,9999.000,9999.000,9999.000
202604291448,   4.191,   5.359,9999.000,9999.000,9999.000,9999.000,9999.000,9999.000,9999.000
202604291454,   4.089,   5.228,9999.000,9999.000,9999.000,9999.000,9999.000,9999.000,9999.000
202604291500,   3.983,   5.077,   1.100,  -0.006,   5.077,   1.000,   4.977,   1.100,   5.077
202604291506,   3.875,   4.949,9999.000,9999.000,9999.000,9999.000,9999.000,9999.000,9999.000
202604291512,   3.764,   4.798,9999.000,9999.000,9999.000,9999.000,9999.000,9999.000,9999.000
202604291518,   3.651,   4.647,9999.000,9999.000,9999.000,9999.000,9999.000,9999.000,9999.000
202604291524,   3.537,   4.519,9999.000,9999.000,9999.000,9999.000,9999.000,9999.000,9999.000
202604291530,   3.420,   4.388,9999.000,9999.000,9999.000,9999.000,9999.000,9999.000,9999.000
202604291536,   3.302,   4.290,9999.000,9999.000,9999.000,9999.000,9999.000,9999.000,9999.000
202604291542,   3.182,   4.168,9999.000,9999.000,9999.000,9999.000,9999.000,9999.000,9999.000
202604291548,   3.062,   4.057,9999.000,9999.000,9999.000,9999.000,9999.000,9999.000,9999.000
202604291554,   2.940,   3.958,9999.000,9999.000,9999.000,9999.000,9999.000,9999.000,9999.000
202604291600,   2.818,   3.899,   1.100,  -0.019,   3.899,   1.000,   3.799,   1.100,   3.899
202604291606,   2.696,   3.808,9999.000,9999.000,9999.000,9999.000,9999.000,9999.000,9999.000
202604291612,   2.574,   3.660,9999.000,9999.000,9999.000,9999.000,9999.000,9999.000,9999.000
202604291618,   2.451,   3.568,9999.000,9999.000,9999.000,9999.000,9999.000,9999.000,9999.000
202604291624,   2.330,   3.470,9999.000,9999.000,9999.000,9999.000,9999.000,9999.000,9999.000
202604291630,   2.209,   3.358,9999.000,9999.000,9999.000,9999.000,9999.000,9999.000,9999.000
202604291636,   2.089,   3.240,9999.000,9999.000,9999.000,9999.000,9999.000,9999.000,9999.000
202604291642,   1.971,   3.119,9999.000,9999.000,9999.000,9999.000,9999.000,9999.000,9999.000
202604291648,   1.854,   2.997,9999.000,9999.000,9999.000,9999.000,9999.000,9999.000,9999.000
202604291654,   1.739,   2.879,9999.000,9999.000,9999.000,9999.000,9999.000,9999.000,9999.000
202604291700,   1.626,   2.820,   1.100,   0.094,   2.820,   1.100,   2.820,   1.100,   2.820
202604291706,   1.516,   2.719,9999.000,9999.000,9999.000,9999.000,9999.000,9999.000,9999.000
202604291712,   1.409,   2.578,9999.000,9999.000,9999.000,9999.000,9999.000,9999.000,9999.000
202604291718,   1.305,   2.479,9999.000,9999.000,9999.000,9999.000,9999.000,9999.000,9999.000
202604291724,   1.205,   2.377,9999.000,9999.000,9999.000,9999.000,9999.000,9999.000,9999.000
202604291730,   1.108,   2.279,9999.000,9999.000,9999.000,9999.000,9999.000,9999.000,9999.000
202604291736,   1.015,   2.200,9999.000,9999.000,9999.000,9999.000,9999.000,9999.000,9999.000
202604291742,   0.927,   2.109,9999.000,9999.000,9999.000,9999.000,9999.000,9999.000,9999.000
202604291748,   0.843,   2.030,9999.000,9999.000,9999.000,9999.000,9999.000,9999.000,9999.000
202604291754,   0.764,   1.948,9999.000,9999.000,9999.000,9999.000,9999.000,9999.000,9999.000
202604291800,   0.690,   1.938,   1.100,   0.148,   1.938,   1.100,   1.938,   1.200,   2.038
202604291806,   0.621,   1.869,9999.000,9999.000,9999.000,9999.000,9999.000,9999.000,9999.000
202604291812,   0.557,   1.718,9999.000,9999.000,9999.000,9999.000,9999.000,9999.000,9999.000
202604291818,   0.500,   1.649,9999.000,9999.000,9999.000,9999.000,9999.000,9999.000,9999.000
202604291824,   0.448,   1.580,9999.000,9999.000,9999.000,9999.000,9999.000,9999.000,9999.000
202604291830,   0.401,   1.498,9999.000,9999.000,9999.000,9999.000,9999.000,9999.000,9999.000
202604291836,   0.361,   1.449,9999.000,9999.000,9999.000,9999.000,9999.000,9999.000,9999.000
202604291842,   0.327,   1.410,9999.000,9999.000,9999.000,9999.000,9999.000,9999.000,9999.000
202604291848,   0.300,   1.371,9999.000,9999.000,9999.000,9999.000,9999.000,9999.000,9999.000
202604291854,   0.279,   1.361,9999.000,9999.000,9999.000,9999.000,9999.000,9999.000,9999.000
202604291900,   0.264,   1.508,   1.100,   0.144,   1.508,   1.100,   1.508,   1.200,   1.608
202604291906,   0.256,   1.528,9999.000,9999.000,9999.000,9999.000,9999.000,9999.000,9999.000
202604291912,   0.255,   1.380,9999.000,9999.000,9999.000,9999.000,9999.000,9999.000,9999.000
202604291918,   0.261,   1.410,9999.000,9999.000,9999.000,9999.000,9999.000,9999.000,9999.000
202604291924,   0.274,   1.439,9999.000,9999.000,9999.000,9999.000,9999.000,9999.000,9999.000
202604291930,   0.293,   1.489,9999.000,9999.000,9999.000,9999.000,9999.000,9999.000,9999.000
202604291936,   0.320,   1.548,9999.000,9999.000,9999.000,9999.000,9999.000,9999.000,9999.000
202604291942,   0.354,   1.639,9999.000,9999.000,9999.000,9999.000,9999.000,9999.000,9999.000
202604291948,   0.396,   1.748,9999.000,9999.000,9999.000,9999.000,9999.000,9999.000,9999.000
202604291954,   0.445,   1.869,9999.000,9999.000,9999.000,9999.000,9999.000,9999.000,9999.000
202604292000,   0.501,   2.269,   1.100,   0.668,   2.269,   1.100,   2.269,   1.200,   2.369
202604292006,   0.565,   2.410,9999.000,9999.000,9999.000,9999.000,9999.000,9999.000,9999.000
202604292012,   0.637,   2.259,9999.000,9999.000,9999.000,9999.000,9999.000,9999.000,9999.000
202604292018,   0.717,   2.377,9999.000,9999.000,9999.000,9999.000,9999.000,9999.000,9999.000
202604292024,   0.805,   2.519,9999.000,9999.000,9999.000,9999.000,9999.000,9999.000,9999.000
202604292030,   0.901,   2.669,9999.000,9999.000,9999.000,9999.000,9999.000,9999.000,9999.000
202604292036,   1.005,   2.807,9999.000,9999.000,9999.000,9999.000,9999.000,9999.000,9999.000
202604292042,   1.117,   2.948,9999.000,9999.000,9999.000,9999.000,9999.000,9999.000,9999.000
202604292048,   1.237,   3.070,9999.000,9999.000,9999.000,9999.000,9999.000,9999.000,9999.000
202604292054,   1.364,   3.197,9999.000,9999.000,9999.000,9999.000,9999.000,9999.000,9999.000
202604292100,   1.499,   3.588,   1.200,   0.889,   3.588,   1.100,   3.488,   1.200,   3.588
202604292106,   1.641,   3.719,9999.000,9999.000,9999.000,9999.000,9999.000,9999.000,9999.000
202604292112,   1.790,   3.568,9999.000,9999.000,9999.000,9999.000,9999.000,9999.000,9999.000
202604292118,   1.945,   3.689,9999.000,9999.000,9999.000,9999.000,9999.000,9999.000,9999.000
202604292124,   2.106,   3.817,9999.000,9999.000,9999.000,9999.000,9999.000,9999.000,9999.000
202604292130,   2.271,   3.949,9999.000,9999.000,9999.000,9999.000,9999.000,9999.000,9999.000
202604292136,   2.441,   4.090,9999.000,9999.000,9999.000,9999.000,9999.000,9999.000,9999.000
202604292142,   2.614,   4.267,9999.000,9999.000,9999.000,9999.000,9999.000,9999.000,9999.000
202604292148,   2.790,   4.427,9999.000,9999.000,9999.000,9999.000,9999.000,9999.000,9999.000
202604292154,   2.967,   4.588,9999.000,9999.000,9999.000,9999.000,9999.000,9999.000,9999.000
202604292200,   3.145,   4.739,   1.200,   0.394,   4.739,   1.100,   4.639,   1.300,   4.839
202604292206,   3.323,   5.149,9999.000,9999.000,9999.000,9999.000,9999.000,9999.000,9999.000
202604292212,   3.500,   4.998,9999.000,9999.000,9999.000,9999.000,9999.000,9999.000,9999.000
202604292218,   3.676,   5.159,9999.000,9999.000,9999.000,9999.000,9999.000,9999.000,9999.000
202604292224,   3.849,   5.307,9999.000,9999.000,9999.000,9999.000,9999.000,9999.000,9999.000
202604292230,   4.018,   5.467,9999.000,9999.000,9999.000,9999.000,9999.000,9999.000,9999.000
202604292236,   4.184,   5.598,9999.000,9999.000,9999.000,9999.000,9999.000,9999.000,9999.000
202604292242,   4.346,   5.730,9999.000,9999.000,9999.000,9999.000,9999.000,9999.000,9999.000
202604292248,   4.502,   5.867,9999.000,9999.000,9999.000,9999.000,9999.000,9999.000,9999.000
202604292254,   4.654,   6.008,9999.000,9999.000,9999.000,9999.000,9999.000,9999.000,9999.000
202604292300,   4.799,   6.428,   1.200,   0.429,   6.428,   1.200,   6.428,   1.300,   6.528
202604292306,   4.939,   6.537,9999.000,9999.000,9999.000,9999.000,9999.000,9999.000,9999.000
202604292312,   5.072,   6.399,9999.000,9999.000,9999.000,9999.000,9999.000,9999.000,9999.000
202604292318,   5.199,   6.527,9999.000,9999.000,9999.000,9999.000,9999.000,9999.000,9999.000
202604292324,   5.319,   6.638,9999.000,9999.000,9999.000,9999.000,9999.000,9999.000,9999.000
202604292330,   5.432,   6.737,9999.000,9999.000,9999.000,9999.000,9999.000,9999.000,9999.000
202604292336,   5.538,   6.809,9999.000,9999.000,9999.000,9999.000,9999.000,9999.000,9999.000
202604292342,   5.637,   6.897,9999.000,9999.000,9999.000,9999.000,9999.000,9999.000,9999.000
202604292348,   5.729,   6.989,9999.000,9999.000,9999.000,9999.000,9999.000,9999.000,9999.000
202604292354,   5.814,   7.078,9999.000,9999.000,9999.000,9999.000,9999.000,9999.000,9999.000
202604300000,   5.891,   7.337,   1.100,   0.346,   7.337,   1.100,   7.337,   1.200,   7.437
202604300006,   5.961,   7.376,9999.000,9999.000,9999.000,9999.000,9999.000,9999.000,9999.000
202604300012,   6.023,   7.229,9999.000,9999.000,9999.000,9999.000,9999.000,9999.000,9999.000
202604300018,   6.078,   7.278,9999.000,9999.000,9999.000,9999.000,9999.000,9999.000,9999.000
202604300024,   6.125,   7.327,9999.000,9999.000,9999.000,9999.000,9999.000,9999.000,9999.000
202604300030,   6.165,   7.419,9999.000,9999.000,9999.000,9999.000,9999.000,9999.000,9999.000
202604300036,   6.197,   7.458,9999.000,9999.000,9999.000,9999.000,9999.000,9999.000,9999.000
202604300042,   6.222,   7.498,9999.000,9999.000,9999.000,9999.000,9999.000,9999.000,9999.000
202604300048,   6.240,   7.507,9999.000,9999.000,9999.000,9999.000,9999.000,9999.000,9999.000
202604300054,   6.250,   7.527,9999.000,9999.000,9999.000,9999.000,9999.000,9999.000,9999.000
202604300100,   6.254,   7.698,   1.200,   0.244,   7.698,   1.100,   7.598,   1.200,   7.698
202604300106,   6.250,   7.698,9999.000,9999.000,9999.000,9999.000,9999.000,9999.000,9999.000
202604300112,   6.239,   7.547,9999.000,9999.000,9999.000,9999.000,9999.000,9999.000,9999.000
202604300118,   6.221,   7.537,9999.000,9999.000,9999.000,9999.000,9999.000,9999.000,9999.000
202604300124,   6.197,   7.488,9999.000,9999.000,9999.000,9999.000,9999.000,9999.000,9999.000
202604300130,   6.166,   7.439,9999.000,9999.000,9999.000,9999.000,9999.000,9999.000,9999.000
202604300136,   6.129,   7.409,9999.000,9999.000,9999.000,9999.000,9999.000,9999.000,9999.000
202604300142,   6.085,   7.366,9999.000,9999.000,9999.000,9999.000,9999.000,9999.000,9999.000
202604300148,   6.036,   7.327,9999.000,9999.000,9999.000,9999.000,9999.000,9999.000,9999.000
202604300154,   5.980,   7.248,9999.000,9999.000,9999.000,9999.000,9999.000,9999.000,9999.000
202604300200,   5.919,   7.238,   1.200,   0.119,   7.238,   1.100,   7.138,   1.200,   7.238
202604300206,   5.853,   7.137,9999.000,9999.000,9999.000,9999.000,9999.000,9999.000,9999.000
202604300212,   5.781,   6.989,9999.000,9999.000,9999.000,9999.000,9999.000,9999.000,9999.000
202604300218,   5.704,   6.887,9999.000,9999.000,9999.000,9999.000,9999.000,9999.000,9999.000
202604300224,   5.622,   6.799,9999.000,9999.000,9999.000,9999.000,9999.000,9999.000,9999.000
202604300230,   5.536,   6.697,9999.000,9999.000,9999.000,9999.000,9999.000,9999.000,9999.000
202604300236,   5.445,   6.589,9999.000,9999.000,9999.000,9999.000,9999.000,9999.000,9999.000
202604300242,   5.349,   6.468,9999.000,9999.000,9999.000,9999.000,9999.000,9999.000,9999.000
202604300248,   5.250,   6.336,9999.000,9999.000,9999.000,9999.000,9999.000,9999.000,9999.000
202604300254,   5.146,   6.228,9999.000,9999.000,9999.000,9999.000,9999.000,9999.000,9999.000
202604300300,   5.038,   6.179,   1.200,  -0.059,   6.179,   1.100,   6.079,   1.200,   6.179
202604300306,   4.927,   6.058,9999.000,9999.000,9999.000,9999.000,9999.000,9999.000,9999.000
202604300312,   4.813,   5.907,9999.000,9999.000,9999.000,9999.000,9999.000,9999.000,9999.000
202604300318,   4.695,   5.799,9999.000,9999.000,9999.000,9999.000,9999.000,9999.000,9999.000
202604300324,   4.574,   5.628,9999.000,9999.000,9999.000,9999.000,9999.000,9999.000,9999.000
202604300330,   4.451,   5.487,9999.000,9999.000,9999.000,9999.000,9999.000,9999.000,9999.000
202604300336,   4.325,   5.379,9999.000,9999.000,9999.000,9999.000,9999.000,9999.000,9999.000
202604300342,   4.196,   5.228,9999.000,9999.000,9999.000,9999.000,9999.000,9999.000,9999.000
202604300348,   4.066,   5.057,9999.000,9999.000,9999.000,9999.000,9999.000,9999.000,9999.000
202604300354,   3.933,   4.877,9999.000,9999.000,9999.000,9999.000,9999.000,9999.000,9999.000
202604300400,   3.799,   4.759,   1.200,  -0.240,   4.759,   1.100,   4.659,   1.200,   4.759
202604300406,   3.663,   4.647,9999.000,9999.000,9999.000,9999.000,9999.000,9999.000,9999.000
202604300412,   3.526,   4.500,9999.000,9999.000,9999.000,9999.000,9999.000,9999.000,9999.000
202604300418,   3.389,   4.398,9999.000,9999.000,9999.000,9999.000,9999.000,9999.000,9999.000
202604300424,   3.250,   4.309,9999.000,9999.000,9999.000,9999.000,9999.000,9999.000,9999.000
202604300430,   3.112,   4.208,9999.000,9999.000,9999.000,9999.000,9999.000,9999.000,9999.000
202604300436,   2.973,   4.080,9999.000,9999.000,9999.000,9999.000,9999.000,9999.000,9999.000
202604300442,   2.834,   3.998,9999.000,9999.000,9999.000,9999.000,9999.000,9999.000,9999.000
202604300448,   2.696,   3.870,9999.000,9999.000,9999.000,9999.000,9999.000,9999.000,9999.000
202604300454,   2.559,   3.729,9999.000,9999.000,9999.000,9999.000,9999.000,9999.000,9999.000
202604300500,   2.423,   3.607,   1.200,  -0.016,   3.607,   1.100,   3.507,   1.200,   3.607
202604300506,   2.288,   3.470,9999.000,9999.000,9999.000,9999.000,9999.000,9999.000,9999.000
202604300512,   2.155,   3.319,9999.000,9999.000,9999.000,9999.000,9999.000,9999.000,9999.000
202604300518,   2.025,   3.178,9999.000,9999.000,9999.000,9999.000,9999.000,9999.000,9999.000
202604300524,   1.896,   3.050,9999.000,9999.000,9999.000,9999.000,9999.000,9999.000,9999.000
202604300530,   1.770,   2.948,9999.000,9999.000,9999.000,9999.000,9999.000,9999.000,9999.000
202604300536,   1.647,   2.860,9999.000,9999.000,9999.000,9999.000,9999.000,9999.000,9999.000
202604300542,   1.528,   2.778,9999.000,9999.000,9999.000,9999.000,9999.000,9999.000,9999.000
202604300548,   1.412,   2.709,9999.000,9999.000,9999.000,9999.000,9999.000,9999.000,9999.000
202604300554,   1.300,   2.630,9999.000,9999.000,9999.000,9999.000,9999.000,9999.000,9999.000
202604300600,   1.192,   2.620,   1.100,   0.328,   2.620,   1.000,   2.520,   1.200,   2.720
202604300606,   1.088,   2.519,9999.000,9999.000,9999.000,9999.000,9999.000,9999.000,9999.000
202604300612,   0.989,   2.368,9999.000,9999.000,9999.000,9999.000,9999.000,9999.000,9999.000
202604300618,   0.895,   2.279,9999.000,9999.000,9999.000,9999.000,9999.000,9999.000,9999.000
202604300624,   0.806,   2.191,9999.000,9999.000,9999.000,9999.000,9999.000,9999.000,9999.000
202604300630,   0.722,   2.079,9999.000,9999.000,9999.000,9999.000,9999.000,9999.000,9999.000
202604300636,   0.644,   1.981,9999.000,9999.000,9999.000,9999.000,9999.000,9999.000,9999.000
202604300642,   0.571,   1.879,9999.000,9999.000,9999.000,9999.000,9999.000,9999.000,9999.000
202604300648,   0.504,   1.830,9999.000,9999.000,9999.000,9999.000,9999.000,9999.000,9999.000
202604300654,   0.443,   1.889,9999.000,9999.000,9999.000,9999.000,9999.000,9999.000,9999.000
202604300700,   0.388,   1.800,   1.100,   0.312,   1.800,   1.000,   1.700,   1.100,   1.800
202604300706,   0.340,   1.708,9999.000,9999.000,9999.000,9999.000,9999.000,9999.000,9999.000
202604300712,   0.297,   1.557,9999.000,9999.000,9999.000,9999.000,9999.000,9999.000,9999.000
202604300718,   0.261,   1.489,9999.000,9999.000,9999.000,9999.000,9999.000,9999.000,9999.000
202604300724,   0.231,   1.449,9999.000,9999.000,9999.000,9999.000,9999.000,9999.000,9999.000
202604300730,   0.208,   1.400,9999.000,9999.000,9999.000,9999.000,9999.000,9999.000,9999.000
202604300736,   0.191,   1.361,9999.000,9999.000,9999.000,9999.000,9999.000,9999.000,9999.000
202604300742,   0.181,   1.361,9999.000,9999.000,9999.000,9999.000,9999.000,9999.000,9999.000
202604300748,   0.178,   1.380,9999.000,9999.000,9999.000,9999.000,9999.000,9999.000,9999.000
202604300754,   0.182,   1.430,9999.000,9999.000,9999.000,9999.000,9999.000,9999.000,9999.000
202604300800,   0.193,   1.748,   1.000,   0.555,   1.748,   1.000,   1.748,   1.100,   1.848
202604300806,   0.210,   1.800,9999.000,9999.000,9999.000,9999.000,9999.000,9999.000,9999.000
202604300812,   0.235,   1.649,9999.000,9999.000,9999.000,9999.000,9999.000,9999.000,9999.000
202604300818,   0.267,   1.748,9999.000,9999.000,9999.000,9999.000,9999.000,9999.000,9999.000
202604300824,   0.307,   1.840,9999.000,9999.000,9999.000,9999.000,9999.000,9999.000,9999.000
202604300830,   0.354,   1.908,9999.000,9999.000,9999.000,9999.000,9999.000,9999.000,9999.000
202604300836,   0.409,   1.967,9999.000,9999.000,9999.000,9999.000,9999.000,9999.000,9999.000
202604300842,   0.471,   2.049,9999.000,9999.000,9999.000,9999.000,9999.000,9999.000,9999.000
202604300848,   0.541,   2.168,9999.000,9999.000,9999.000,9999.000,9999.000,9999.000,9999.000
202604300854,   0.620,   2.558,9999.000,9999.000,9999.000,9999.000,9999.000,9999.000,9999.000
202604300900,   0.706,   2.650,   1.000,   0.944,   2.650,   1.000,   2.650,   1.100,   2.750
202604300906,   0.800,   2.778,9999.000,9999.000,9999.000,9999.000,9999.000,9999.000,9999.000
202604300912,   0.902,   2.620,9999.000,9999.000,9999.000,9999.000,9999.000,9999.000,9999.000
202604300918,   1.012,   2.738,9999.000,9999.000,9999.000,9999.000,9999.000,9999.000,9999.000
202604300924,   1.129,   2.840,9999.000,9999.000,9999.000,9999.000,9999.000,9999.000,9999.000
202604300930,   1.253,   2.929,9999.000,9999.000,9999.000,9999.000,9999.000,9999.000,9999.000
202604300936,   1.384,   3.050,9999.000,9999.000,9999.000,9999.000,9999.000,9999.000,9999.000
202604300942,   1.521,   3.188,9999.000,9999.000,9999.000,9999.000,9999.000,9999.000,9999.000
202604300948,   1.663,   3.329,9999.000,9999.000,9999.000,9999.000,9999.000,9999.000,9999.000
202604300954,   1.811,   3.450,9999.000,9999.000,9999.000,9999.000,9999.000,9999.000,9999.000
202604301000,   1.963,   3.860,   1.000,   0.897,   3.860,   0.900,   3.760,   1.100,   3.960
202604301006,   2.118,   3.958,9999.000,9999.000,9999.000,9999.000,9999.000,9999.000,9999.000
202604301012,   2.275,   3.817,9999.000,9999.000,9999.000,9999.000,9999.000,9999.000,9999.000
202604301018,   2.434,   3.929,9999.000,9999.000,9999.000,9999.000,9999.000,9999.000,9999.000
202604301024,   2.594,   4.047,9999.000,9999.000,9999.000,9999.000,9999.000,9999.000,9999.000
202604301030,   2.754,   4.168,9999.000,9999.000,9999.000,9999.000,9999.000,9999.000,9999.000
202604301036,   2.913,   4.300,9999.000,9999.000,9999.000,9999.000,9999.000,9999.000,9999.000
202604301042,   3.070,   4.447,9999.000,9999.000,9999.000,9999.000,9999.000,9999.000,9999.000
202604301048,   3.224,   4.578,9999.000,9999.000,9999.000,9999.000,9999.000,9999.000,9999.000
202604301054,   3.375,   4.700,9999.000,9999.000,9999.000,9999.000,9999.000,9999.000,9999.000
202604301100,   3.523,   5.057,   0.900,   0.634,   5.057,   0.900,   5.057,   1.000,   5.157
202604301106,   3.666,   5.188,9999.000,9999.000,9999.000,9999.000,9999.000,9999.000,9999.000
202604301112,   3.804,   5.038,9999.000,9999.000,9999.000,9999.000,9999.000,9999.000,9999.000
202604301118,   3.937,   5.179,9999.000,9999.000,9999.000,9999.000,9999.000,9999.000,9999.000
202604301124,   4.065,   5.307,9999.000,9999.000,9999.000,9999.000,9999.000,9999.000,9999.000
202604301130,   4.187,   5.467,9999.000,9999.000,9999.000,9999.000,9999.000,9999.000,9999.000
202604301136,   4.304,   5.598,9999.000,9999.000,9999.000,9999.000,9999.000,9999.000,9999.000
202604301142,   4.414,   5.707,9999.000,9999.000,9999.000,9999.000,9999.000,9999.000,9999.000
202604301148,   4.518,   5.789,9999.000,9999.000,9999.000,9999.000,9999.000,9999.000,9999.000
202604301154,   4.616,   5.848,9999.000,9999.000,9999.000,9999.000,9999.000,9999.000,9999.000
202604301200,   4.707,   6.127,   0.900,   0.520,   6.127,   0.900,   6.127,   0.900,   6.127
202604301206,   4.792,   6.189,9999.000,9999.000,9999.000,9999.000,9999.000,9999.000,9999.000
202604301212,   4.870,   6.038,9999.000,9999.000,9999.000,9999.000,9999.000,9999.000,9999.000
202604301218,   4.942,   6.097,9999.000,9999.000,9999.000,9999.000,9999.000,9999.000,9999.000
202604301224,   5.007,   6.159,9999.000,9999.000,9999.000,9999.000,9999.000,9999.000,9999.000
202604301230,   5.065,   6.238,9999.000,9999.000,9999.000,9999.000,9999.000,9999.000,9999.000
202604301236,   5.117,   6.297,9999.000,9999.000,9999.000,9999.000,9999.000,9999.000,9999.000
202604301242,   5.162,   6.336,9999.000,9999.000,9999.000,9999.000,9999.000,9999.000,9999.000
202604301248,   5.201,   6.369,9999.000,9999.000,9999.000,9999.000,9999.000,9999.000,9999.000
202604301254,   5.233,   6.389,9999.000,9999.000,9999.000,9999.000,9999.000,9999.000,9999.000
202604301300,   5.258,   6.589,   0.900,   0.431,   6.589,   0.900,   6.589,   0.900,   6.589
202604301306,   5.277,   6.619,9999.000,9999.000,9999.000,9999.000,9999.000,9999.000,9999.000
202604301312,   5.289,   6.468,9999.000,9999.000,9999.000,9999.000,9999.000,9999.000,9999.000
202604301318,   5.295,   6.497,9999.000,9999.000,9999.000,9999.000,9999.000,9999.000,9999.000
202604301324,   5.294,   6.507,9999.000,9999.000,9999.000,9999.000,9999.000,9999.000,9999.000
202604301330,   5.287,   6.517,9999.000,9999.000,9999.000,9999.000,9999.000,9999.000,9999.000
202604301336,   5.274,   6.487,9999.000,9999.000,9999.000,9999.000,9999.000,9999.000,9999.000
202604301342,   5.255,   6.468,9999.000,9999.000,9999.000,9999.000,9999.000,9999.000,9999.000
202604301348,   5.230,   6.448,9999.000,9999.000,9999.000,9999.000,9999.000,9999.000,9999.000
202604301354,   5.200,   6.428,9999.000,9999.000,9999.000,9999.000,9999.000,9999.000,9999.000
202604301400,   5.164,   6.497,   0.900,   0.433,   6.497,   0.900,   6.497,   0.900,   6.497
202604301406,   5.122,   6.438,9999.000,9999.000,9999.000,9999.000,9999.000,9999.000,9999.000
202604301412,   5.075,   6.287,9999.000,9999.000,9999.000,9999.000,9999.000,9999.000,9999.000
202604301418,   5.023,   6.238,9999.000,9999.000,9999.000,9999.000,9999.000,9999.000,9999.000
202604301424,   4.967,   6.136,9999.000,9999.000,9999.000,9999.000,9999.000,9999.000,9999.000
202604301430,   4.905,   6.038,9999.000,9999.000,9999.000,9999.000,9999.000,9999.000,9999.000
202604301436,   4.839,   5.969,9999.000,9999.000,9999.000,9999.000,9999.000,9999.000,9999.000
202604301442,   4.768,   5.917,9999.000,9999.000,9999.000,9999.000,9999.000,9999.000,9999.000
202604301448,   4.694,   5.877,9999.000,9999.000,9999.000,9999.000,9999.000,9999.000,9999.000
202604301454,   4.615,   5.789,9999.000,9999.000,9999.000,9999.000,9999.000,9999.000,9999.000
202604301500,   4.533,   5.628,   0.900,   0.195,   5.628,   0.800,   5.528,   0.900,   5.628
202604301506,   4.446,   5.497,9999.000,9999.000,9999.000,9999.000,9999.000,9999.000,9999.000
202604301512,   4.357,   5.359,9999.000,9999.000,9999.000,9999.000,9999.000,9999.000,9999.000
202604301518,   4.264,   5.257,9999.000,9999.000,9999.000,9999.000,9999.000,9999.000,9999.000
202604301524,   4.167,   5.169,9999.000,9999.000,9999.000,9999.000,9999.000,9999.000,9999.000
202604301530,   4.068,   5.047,9999.000,9999.000,9999.000,9999.000,9999.000,9999.000,9999.000
202604301536,   3.966,   4.877,9999.000,9999.000,9999.000,9999.000,9999.000,9999.000,9999.000
202604301542,   3.862,   4.710,9999.000,9999.000,9999.000,9999.000,9999.000,9999.000,9999.000
202604301548,   3.755,   4.559,9999.000,9999.000,9999.000,9999.000,9999.000,9999.000,9999.000
202604301554,   3.645,   4.418,9999.000,9999.000,9999.000,9999.000,9999.000,9999.000,9999.000
202604301600,   3.534,   4.368,   0.900,  -0.066,   4.368,   0.800,   4.268,   0.900,   4.368
202604301606,   3.421,   4.237,9999.000,9999.000,9999.000,9999.000,9999.000,9999.000,9999.000
202604301612,   3.306,   4.099,9999.000,9999.000,9999.000,9999.000,9999.000,9999.000,9999.000
202604301618,   3.190,   3.978,9999.000,9999.000,9999.000,9999.000,9999.000,9999.000,9999.000
202604301624,   3.072,   3.880,9999.000,9999.000,9999.000,9999.000,9999.000,9999.000,9999.000
202604301630,   2.953,   3.808,9999.000,9999.000,9999.000,9999.000,9999.000,9999.000,9999.000
202604301636,   2.834,   3.719,9999.000,9999.000,9999.000,9999.000,9999.000,9999.000,9999.000
202604301642,   2.714,   3.627,9999.000,9999.000,9999.000,9999.000,9999.000,9999.000,9999.000
202604301648,   2.594,   3.489,9999.000,9999.000,9999.000,9999.000,9999.000,9999.000,9999.000
202604301654,   2.474,   3.339,9999.000,9999.000,9999.000,9999.000,9999.000,9999.000,9999.000
202604301700,   2.354,   3.207,   0.900,  -0.047,   3.207,   0.800,   3.107,   0.900,   3.207
202604301706,   2.235,   3.119,9999.000,9999.000,9999.000,9999.000,9999.000,9999.000,9999.000
202604301712,   2.116,   2.968,9999.000,9999.000,9999.000,9999.000,9999.000,9999.000,9999.000
202604301718,   1.998,   2.879,9999.000,9999.000,9999.000,9999.000,9999.000,9999.000,9999.000
202604301724,   1.882,   2.778,9999.000,9999.000,9999.000,9999.000,9999.000,9999.000,9999.000
202604301730,   1.767,   2.748,9999.000,9999.000,9999.000,9999.000,9999.000,9999.000,9999.000
202604301736,   1.655,   2.597,9999.000,9999.000,9999.000,9999.000,9999.000,9999.000,9999.000
202604301742,   1.544,   2.450,9999.000,9999.000,9999.000,9999.000,9999.000,9999.000,9999.000
202604301748,   1.436,   2.358,9999.000,9999.000,9999.000,9999.000,9999.000,9999.000,9999.000
202604301754,   1.331,   2.250,9999.000,9999.000,9999.000,9999.000,9999.000,9999.000,9999.000
202604301800,   1.229,   2.168,   0.900,   0.039,   2.168,   0.800,   2.068,   0.900,   2.168
202604301806,   1.131,   2.020,9999.000,9999.000,9999.000,9999.000,9999.000,9999.000,9999.000
202604301812,   1.036,9999.000,9999.000,9999.000,9999.000,9999.000,9999.000,9999.000,9999.000
202604301818,   0.945,   2.040,9999.000,9999.000,9999.000,9999.000,9999.000,9999.000,9999.000
202604301824,   0.859,   1.889,9999.000,9999.000,9999.000,9999.000,9999.000,9999.000,9999.000
202604301830,   0.777,   1.699,9999.000,9999.000,9999.000,9999.000,9999.000,9999.000,9999.000
202604301836,   0.700,   1.590,9999.000,9999.000,9999.000,9999.000,9999.000,9999.000,9999.000
202604301842,   0.628,   1.489,9999.000,9999.000,9999.000,9999.000,9999.000,9999.000,9999.000
202604301848,   0.561,   1.410,9999.000,9999.000,9999.000,9999.000,9999.000,9999.000,9999.000
202604301854,   0.501,   1.348,9999.000,9999.000,9999.000,9999.000,9999.000,9999.000,9999.000
202604301900,   0.446,   1.390,   0.900,   0.044,   1.390,   0.800,   1.290,   0.900,   1.390
202604301906,   0.397,   1.361,9999.000,9999.000,9999.000,9999.000,9999.000,9999.000,9999.000
202604301912,   0.354,   1.308,9999.000,9999.000,9999.000,9999.000,9999.000,9999.000,9999.000
202604301918,   0.318,   1.279,9999.000,9999.000,9999.000,9999.000,9999.000,9999.000,9999.000
202604301924,   0.288,   1.269,9999.000,9999.000,9999.000,9999.000,9999.000,9999.000,9999.000
202604301930,   0.265,   1.249,9999.000,9999.000,9999.000,9999.000,9999.000,9999.000,9999.000
202604301936,   0.249,   1.239,9999.000,9999.000,9999.000,9999.000,9999.000,9999.000,9999.000
202604301942,   0.240,   1.229,9999.000,9999.000,9999.000,9999.000,9999.000,9999.000,9999.000
202604301948,   0.238,   1.239,9999.000,9999.000,9999.000,9999.000,9999.000,9999.000,9999.000
202604301954,   0.243,   1.259,9999.000,9999.000,9999.000,9999.000,9999.000,9999.000,9999.000
202604302000,   0.256,   1.279,   0.900,   0.123,   1.279,   0.800,   1.179,   0.900,   1.279
202604302006,   0.275,   1.328,9999.000,9999.000,9999.000,9999.000,9999.000,9999.000,9999.000
202604302012,   0.303,   1.400,9999.000,9999.000,9999.000,9999.000,9999.000,9999.000,9999.000
202604302018,   0.338,   1.528,9999.000,9999.000,9999.000,9999.000,9999.000,9999.000,9999.000
202604302024,   0.380,   1.649,9999.000,9999.000,9999.000,9999.000,9999.000,9999.000,9999.000
202604302030,   0.431,   1.758,9999.000,9999.000,9999.000,9999.000,9999.000,9999.000,9999.000
202604302036,   0.489,   1.889,9999.000,9999.000,9999.000,9999.000,9999.000,9999.000,9999.000
202604302042,   0.554,   2.059,9999.000,9999.000,9999.000,9999.000,9999.000,9999.000,9999.000
202604302048,   0.628,   2.230,9999.000,9999.000,9999.000,9999.000,9999.000,9999.000,9999.000
202604302054,   0.710,   2.387,9999.000,9999.000,9999.000,9999.000,9999.000,9999.000,9999.000
202604302100,   0.799,   2.548,   0.900,   0.849,   2.548,   0.800,   2.448,   0.900,   2.548
202604302106,   0.897,   2.689,9999.000,9999.000,9999.000,9999.000,9999.000,9999.000,9999.000
202604302112,   1.003,   2.538,9999.000,9999.000,9999.000,9999.000,9999.000,9999.000,9999.000
202604302118,   1.117,   2.660,9999.000,9999.000,9999.000,9999.000,9999.000,9999.000,9999.000
202604302124,   1.238,   2.768,9999.000,9999.000,9999.000,9999.000,9999.000,9999.000,9999.000
202604302130,   1.367,   2.899,9999.000,9999.000,9999.000,9999.000,9999.000,9999.000,9999.000
202604302136,   1.504,   3.030,9999.000,9999.000,9999.000,9999.000,9999.000,9999.000,9999.000
202604302142,   1.648,   3.168,9999.000,9999.000,9999.000,9999.000,9999.000,9999.000,9999.000
202604302148,   1.799,   3.339,9999.000,9999.000,9999.000,9999.000,9999.000,9999.000,9999.000
202604302154,   1.956,   3.489,9999.000,9999.000,9999.000,9999.000,9999.000,9999.000,9999.000
202604302200,   2.119,   3.909,   0.900,   0.890,   3.909,   0.800,   3.809,   0.900,   3.909
202604302206,   2.288,   4.027,9999.000,9999.000,9999.000,9999.000,9999.000,9999.000,9999.000
202604302212,   2.460,   3.880,9999.000,9999.000,9999.000,9999.000,9999.000,9999.000,9999.000
202604302218,   2.637,   4.027,9999.000,9999.000,9999.000,9999.000,9999.000,9999.000,9999.000
202604302224,   2.816,   4.188,9999.000,9999.000,9999.000,9999.000,9999.000,9999.000,9999.000
202604302230,   2.998,   4.339,9999.000,9999.000,9999.000,9999.000,9999.000,9999.000,9999.000
202604302236,   3.180,   4.490,9999.000,9999.000,9999.000,9999.000,9999.000,9999.000,9999.000
202604302242,   3.362,   4.637,9999.000,9999.000,9999.000,9999.000,9999.000,9999.000,9999.000
202604302248,   3.544,   4.788,9999.000,9999.000,9999.000,9999.000,9999.000,9999.000,9999.000
202604302254,   3.725,   4.939,9999.000,9999.000,9999.000,9999.000,9999.000,9999.000,9999.000
202604302300,   3.902,   5.379,   0.900,   0.577,   5.379,   0.800,   5.279,   0.900,   5.379
202604302306,   4.077,   5.539,9999.000,9999.000,9999.000,9999.000,9999.000,9999.000,9999.000
202604302312,   4.248,   5.389,9999.000,9999.000,9999.000,9999.000,9999.000,9999.000,9999.000
202604302318,   4.414,   5.530,9999.000,9999.000,9999.000,9999.000,9999.000,9999.000,9999.000
202604302324,   4.575,   5.667,9999.000,9999.000,9999.000,9999.000,9999.000,9999.000,9999.000
202604302330,   4.731,   5.818,9999.000,9999.000,9999.000,9999.000,9999.000,9999.000,9999.000
202604302336,   4.881,   5.959,9999.000,9999.000,9999.000,9999.000,9999.000,9999.000,9999.000
202604302342,   5.025,   6.087,9999.000,9999.000,9999.000,9999.000,9999.000,9999.000,9999.000
202604302348,   5.162,   6.228,9999.000,9999.000,9999.000,9999.000,9999.000,9999.000,9999.000
202604302354,   5.292,   6.599,9999.000,9999.000,9999.000,9999.000,9999.000,9999.000,9999.000
202605010000,   5.416,   6.697,   0.900,   0.381,   6.697,   0.800,   6.597,   0.900,   6.697
202605010006,   5.532,   6.779,9999.000,9999.000,9999.000,9999.000,9999.000,9999.000,9999.000
202605010012,   5.641,   6.628,9999.000,9999.000,9999.000,9999.000,9999.000,9999.000,9999.000
202605010018,   5.743,   6.717,9999.000,9999.000,9999.000,9999.000,9999.000,9999.000,9999.000
202605010024,   5.838,   6.809,9999.000,9999.000,9999.000,9999.000,9999.000,9999.000,9999.000
202605010030,   5.925,   6.897,9999.000,9999.000,9999.000,9999.000,9999.000,9999.000,9999.000
202605010036,   6.005,   6.999,9999.000,9999.000,9999.000,9999.000,9999.000,9999.000,9999.000
202605010042,   6.077,   7.088,9999.000,9999.000,9999.000,9999.000,9999.000,9999.000,9999.000
202605010048,   6.142,   7.117,9999.000,9999.000,9999.000,9999.000,9999.000,9999.000,9999.000
202605010054,   6.199,   7.107,9999.000,9999.000,9999.000,9999.000,9999.000,9999.000,9999.000
202605010100,   6.249,   7.337,   0.900,   0.188,   7.337,   0.800,   7.237,   0.900,   7.337
202605010106,   6.292,   7.366,9999.000,9999.000,9999.000,9999.000,9999.000,9999.000,9999.000
202605010112,   6.327,   7.219,9999.000,9999.000,9999.000,9999.000,9999.000,9999.000,9999.000
202605010118,   6.354,   7.238,9999.000,9999.000,9999.000,9999.000,9999.000,9999.000,9999.000
202605010124,   6.374,   7.258,9999.000,9999.000,9999.000,9999.000,9999.000,9999.000,9999.000
202605010130,   6.387,   7.268,9999.000,9999.000,9999.000,9999.000,9999.000,9999.000,9999.000
202605010136,   6.392,   7.288,9999.000,9999.000,9999.000,9999.000,9999.000,9999.000,9999.000
202605010142,   6.391,   7.307,9999.000,9999.000,9999.000,9999.000,9999.000,9999.000,9999.000
202605010148,   6.382,   7.337,9999.000,9999.000,9999.000,9999.000,9999.000,9999.000,9999.000
202605010154,   6.366,   7.357,9999.000,9999.000,9999.000,9999.000,9999.000,9999.000,9999.000
202605010200,   6.343,   7.429,   0.900,   0.186,   7.429,   0.800,   7.329,   0.900,   7.429
202605010206,   6.314,   7.357,9999.000,9999.000,9999.000,9999.000,9999.000,9999.000,9999.000
202605010212,   6.278,   7.209,9999.000,9999.000,9999.000,9999.000,9999.000,9999.000,9999.000
202605010218,   6.236,   7.107,9999.000,9999.000,9999.000,9999.000,9999.000,9999.000,9999.000
202605010224,   6.187,   6.999,9999.000,9999.000,9999.000,9999.000,9999.000,9999.000,9999.000
202605010230,   6.133,   6.887,9999.000,9999.000,9999.000,9999.000,9999.000,9999.000,9999.000
202605010236,   6.073,   6.766,9999.000,9999.000,9999.000,9999.000,9999.000,9999.000,9999.000
202605010242,   6.007,   6.707,9999.000,9999.000,9999.000,9999.000,9999.000,9999.000,9999.000
202605010248,   5.935,   6.658,9999.000,9999.000,9999.000,9999.000,9999.000,9999.000,9999.000
202605010254,   5.859,   6.589,9999.000,9999.000,9999.000,9999.000,9999.000,9999.000,9999.000
202605010300,   5.777,   6.458,   0.800,  -0.119,   6.458,   0.800,   6.458,   0.900,   6.558
202605010306,   5.691,   6.327,9999.000,9999.000,9999.000,9999.000,9999.000,9999.000,9999.000
202605010312,   5.600,   6.179,9999.000,9999.000,9999.000,9999.000,9999.000,9999.000,9999.000
202605010318,   5.504,   6.048,9999.000,9999.000,9999.000,9999.000,9999.000,9999.000,9999.000
202605010324,   5.404,   5.926,9999.000,9999.000,9999.000,9999.000,9999.000,9999.000,9999.000
202605010330,   5.300,   5.799,9999.000,9999.000,9999.000,9999.000,9999.000,9999.000,9999.000
202605010336,   5.193,   5.697,9999.000,9999.000,9999.000,9999.000,9999.000,9999.000,9999.000
202605010342,   5.081,   5.579,9999.000,9999.000,9999.000,9999.000,9999.000,9999.000,9999.000
202605010348,   4.967,   5.418,9999.000,9999.000,9999.000,9999.000,9999.000,9999.000,9999.000
202605010354,   4.849,   5.247,9999.000,9999.000,9999.000,9999.000,9999.000,9999.000,9999.000
202605010400,   4.728,   5.047,   0.800,  -0.481,   5.047,   0.700,   4.947,   0.800,   5.047
202605010406,   4.604,   4.910,9999.000,9999.000,9999.000,9999.000,9999.000,9999.000,9999.000
202605010412,   4.478,   4.759,9999.000,9999.000,9999.000,9999.000,9999.000,9999.000,9999.000
202605010418,   4.349,   4.637,9999.000,9999.000,9999.000,9999.000,9999.000,9999.000,9999.000
202605010424,   4.218,   4.529,9999.000,9999.000,9999.000,9999.000,9999.000,9999.000,9999.000
202605010430,   4.085,   4.398,9999.000,9999.000,9999.000,9999.000,9999.000,9999.000,9999.000
202605010436,   3.950,   4.267,9999.000,9999.000,9999.000,9999.000,9999.000,9999.000,9999.000
202605010442,   3.813,   4.139,9999.000,9999.000,9999.000,9999.000,9999.000,9999.000,9999.000
202605010448,   3.675,   4.008,9999.000,9999.000,9999.000,9999.000,9999.000,9999.000,9999.000
202605010454,   3.537,   3.880,9999.000,9999.000,9999.000,9999.000,9999.000,9999.000,9999.000
202605010500,   3.397,   3.798,   0.700,  -0.299,   3.798,   0.600,   3.698,   0.700,   3.798
202605010506,   3.257,   3.680,9999.000,9999.000,9999.000,9999.000,9999.000,9999.000,9999.000
202605010512,   3.116,   3.539,9999.000,9999.000,9999.000,9999.000,9999.000,9999.000,9999.000
202605010518,   2.976,   3.417,9999.000,9999.000,9999.000,9999.000,9999.000,9999.000,9999.000
202605010524,   2.835,   3.309,9999.000,9999.000,9999.000,9999.000,9999.000,9999.000,9999.000
202605010530,   2.695,   3.168,9999.000,9999.000,9999.000,9999.000,9999.000,9999.000,9999.000
202605010536,   2.556,   3.040,9999.000,9999.000,9999.000,9999.000,9999.000,9999.000,9999.000
202605010542,   2.418,   2.909,9999.000,9999.000,9999.000,9999.000,9999.000,9999.000,9999.000
202605010548,   2.281,   2.778,9999.000,9999.000,9999.000,9999.000,9999.000,9999.000,9999.000
202605010554,   2.147,   2.669,9999.000,9999.000,9999.000,9999.000,9999.000,9999.000,9999.000
202605010600,   2.014,   2.548,   0.700,  -0.166,   2.548,   0.600,   2.448,   0.800,   2.648
202605010606,   1.883,   2.430,9999.000,9999.000,9999.000,9999.000,9999.000,9999.000,9999.000
202605010612,   1.755,   2.279,9999.000,9999.000,9999.000,9999.000,9999.000,9999.000,9999.000
202605010618,   1.630,   2.168,9999.000,9999.000,9999.000,9999.000,9999.000,9999.000,9999.000
202605010624,   1.508,   2.049,9999.000,9999.000,9999.000,9999.000,9999.000,9999.000,9999.000
202605010630,   1.390,   1.928,9999.000,9999.000,9999.000,9999.000,9999.000,9999.000,9999.000
202605010636,   1.275,   1.800,9999.000,9999.000,9999.000,9999.000,9999.000,9999.000,9999.000
202605010642,   1.165,   1.689,9999.000,9999.000,9999.000,9999.000,9999.000,9999.000,9999.000
202605010648,   1.059,   1.580,9999.000,9999.000,9999.000,9999.000,9999.000,9999.000,9999.000
202605010654,   0.958,   1.479,9999.000,9999.000,9999.000,9999.000,9999.000,9999.000,9999.000
202605010700,   0.862,   1.439,   0.600,  -0.023,   1.439,   0.500,   1.339,   0.700,   1.539
202605010706,   0.771,   1.338,9999.000,9999.000,9999.000,9999.000,9999.000,9999.000,9999.000
202605010712,   0.685,   1.190,9999.000,9999.000,9999.000,9999.000,9999.000,9999.000,9999.000
202605010718,   0.605,   1.098,9999.000,9999.000,9999.000,9999.000,9999.000,9999.000,9999.000
202605010724,   0.531,   1.010,9999.000,9999.000,9999.000,9999.000,9999.000,9999.000,9999.000
202605010730,   0.463,   0.951,9999.000,9999.000,9999.000,9999.000,9999.000,9999.000,9999.000
202605010736,   0.401,   0.888,9999.000,9999.000,9999.000,9999.000,9999.000,9999.000,9999.000
202605010742,   0.345,   0.839,9999.000,9999.000,9999.000,9999.000,9999.000,9999.000,9999.000
202605010748,   0.296,   0.780,9999.000,9999.000,9999.000,9999.000,9999.000,9999.000,9999.000
202605010754,   0.253,   0.731,9999.000,9999.000,9999.000,9999.000,9999.000,9999.000,9999.000
202605010800,   0.218,   0.790,   0.600,  -0.028,   0.790,   0.500,   0.690,   0.600,   0.790
202605010806,   0.188,   0.760,9999.000,9999.000,9999.000,9999.000,9999.000,9999.000,9999.000
202605010812,   0.166,   0.619,9999.000,9999.000,9999.000,9999.000,9999.000,9999.000,9999.000
202605010818,   0.151,   0.590,9999.000,9999.000,9999.000,9999.000,9999.000,9999.000,9999.000
202605010824,   0.143,   0.580,9999.000,9999.000,9999.000,9999.000,9999.000,9999.000,9999.000
202605010830,   0.141,   0.570,9999.000,9999.000,9999.000,9999.000,9999.000,9999.000,9999.000
202605010836,   0.147,   0.590,9999.000,9999.000,9999.000,9999.000,9999.000,9999.000,9999.000
202605010842,   0.160,   0.610,9999.000,9999.000,9999.000,9999.000,9999.000,9999.000,9999.000
202605010848,   0.180,   0.678,9999.000,9999.000,9999.000,9999.000,9999.000,9999.000,9999.000
202605010854,   0.208,   0.751,9999.000,9999.000,9999.000,9999.000,9999.000,9999.000,9999.000
202605010900,   0.243,   1.098,   0.500,   0.355,   1.098,   0.500,   1.098,   0.600,   1.198
202605010906,   0.285,   1.220,9999.000,9999.000,9999.000,9999.000,9999.000,9999.000,9999.000
202605010912,   0.336,   1.069,9999.000,9999.000,9999.000,9999.000,9999.000,9999.000,9999.000
202605010918,   0.393,   1.180,9999.000,9999.000,9999.000,9999.000,9999.000,9999.000,9999.000
202605010924,   0.459,   1.318,9999.000,9999.000,9999.000,9999.000,9999.000,9999.000,9999.000
202605010930,   0.532,   1.459,9999.000,9999.000,9999.000,9999.000,9999.000,9999.000,9999.000
202605010936,   0.613,   1.620,9999.000,9999.000,9999.000,9999.000,9999.000,9999.000,9999.000
202605010942,   0.702,   1.767,9999.000,9999.000,9999.000,9999.000,9999.000,9999.000,9999.000
202605010948,   0.798,   1.899,9999.000,9999.000,9999.000,9999.000,9999.000,9999.000,9999.000
202605010954,   0.902,   2.010,9999.000,9999.000,9999.000,9999.000,9999.000,9999.000,9999.000
202605011000,   1.013,   2.368,   0.500,   0.855,   2.368,   0.500,   2.368,   0.600,   2.468
202605011006,   1.131,   2.479,9999.000,9999.000,9999.000,9999.000,9999.000,9999.000,9999.000
202605011012,   1.256,   2.328,9999.000,9999.000,9999.000,9999.000,9999.000,9999.000,9999.000
202605011018,   1.388,   2.440,9999.000,9999.000,9999.000,9999.000,9999.000,9999.000,9999.000
202605011024,   1.525,   2.558,9999.000,9999.000,9999.000,9999.000,9999.000,9999.000,9999.000
202605011030,   1.667,   2.679,9999.000,9999.000,9999.000,9999.000,9999.000,9999.000,9999.000
202605011036,   1.814,   2.787,9999.000,9999.000,9999.000,9999.000,9999.000,9999.000,9999.000
202605011042,   1.965,   2.919,9999.000,9999.000,9999.000,9999.000,9999.000,9999.000,9999.000
202605011048,   2.119,   3.060,9999.000,9999.000,9999.000,9999.000,9999.000,9999.000,9999.000
202605011054,   2.275,   3.470,9999.000,9999.000,9999.000,9999.000,9999.000,9999.000,9999.000
202605011100,   2.432,   3.578,   0.500,   0.646,   3.578,   0.500,   3.578,   0.600,   3.678
202605011106,   2.590,   3.680,9999.000,9999.000,9999.000,9999.000,9999.000,9999.000,9999.000
202605011112,   2.747,   3.529,9999.000,9999.000,9999.000,9999.000,9999.000,9999.000,9999.000
202605011118,   2.903,   3.637,9999.000,9999.000,9999.000,9999.000,9999.000,9999.000,9999.000
202605011124,   3.057,   3.739,9999.000,9999.000,9999.000,9999.000,9999.000,9999.000,9999.000
202605011130,   3.208,   3.837,9999.000,9999.000,9999.000,9999.000,9999.000,9999.000,9999.000
202605011136,   3.356,   3.949,9999.000,9999.000,9999.000,9999.000,9999.000,9999.000,9999.000
202605011142,   3.500,   4.057,9999.000,9999.000,9999.000,9999.000,9999.000,9999.000,9999.000
202605011148,   3.639,   4.159,9999.000,9999.000,9999.000,9999.000,9999.000,9999.000,9999.000
202605011154,   3.773,   4.300,9999.000,9999.000,9999.000,9999.000,9999.000,9999.000,9999.000
202605011200,   3.902,   4.729,   0.600,   0.227,   4.729,   0.500,   4.629,   0.700,   4.829
202605011206,   4.026,   4.867,9999.000,9999.000,9999.000,9999.000,9999.000,9999.000,9999.000
202605011212,   4.143,   4.719,9999.000,9999.000,9999.000,9999.000,9999.000,9999.000,9999.000
202605011218,   4.255,   4.857,9999.000,9999.000,9999.000,9999.000,9999.000,9999.000,9999.000
202605011224,   4.360,   4.979,9999.000,9999.000,9999.000,9999.000,9999.000,9999.000,9999.000
202605011230,   4.459,   5.087,9999.000,9999.000,9999.000,9999.000,9999.000,9999.000,9999.000
202605011236,   4.552,   5.188,9999.000,9999.000,9999.000,9999.000,9999.000,9999.000,9999.000
202605011242,   4.638,   5.287,9999.000,9999.000,9999.000,9999.000,9999.000,9999.000,9999.000
202605011248,   4.718,   5.389,9999.000,9999.000,9999.000,9999.000,9999.000,9999.000,9999.000
202605011254,   4.791,   5.487,9999.000,9999.000,9999.000,9999.000,9999.000,9999.000,9999.000
202605011300,   4.858,   5.779,   0.600,   0.321,   5.779,   0.600,   5.779,   0.700,   5.879
202605011306,   4.918,   5.848,9999.000,9999.000,9999.000,9999.000,9999.000,9999.000,9999.000
202605011312,   4.972,   5.697,9999.000,9999.000,9999.000,9999.000,9999.000,9999.000,9999.000
202605011318,   5.019,   5.759,9999.000,9999.000,9999.000,9999.000,9999.000,9999.000,9999.000
202605011324,   5.060,   5.828,9999.000,9999.000,9999.000,9999.000,9999.000,9999.000,9999.000
202605011330,   5.094,   5.887,9999.000,9999.000,9999.000,9999.000,9999.000,9999.000,9999.000
202605011336,   5.121,   5.940,9999.000,9999.000,9999.000,9999.000,9999.000,9999.000,9999.000
202605011342,   5.142,   6.008,9999.000,9999.000,9999.000,9999.000,9999.000,9999.000,9999.000
202605011348,   5.156,   6.067,9999.000,9999.000,9999.000,9999.000,9999.000,9999.000,9999.000
202605011354,   5.165,   6.087,9999.000,9999.000,9999.000,9999.000,9999.000,9999.000,9999.000
202605011400,   5.166,   6.258,   0.600,   0.492,   6.258,   0.600,   6.258,   0.700,   6.358
202605011406,   5.162,   6.248,9999.000,9999.000,9999.000,9999.000,9999.000,9999.000,9999.000
202605011412,   5.151,   6.097,9999.000,9999.000,9999.000,9999.000,9999.000,9999.000,9999.000
202605011418,   5.135,   6.087,9999.000,9999.000,9999.000,9999.000,9999.000,9999.000,9999.000
202605011424,   5.112,   6.077,9999.000,9999.000,9999.000,9999.000,9999.000,9999.000,9999.000
202605011430,   5.084,   6.077,9999.000,9999.000,9999.000,9999.000,9999.000,9999.000,9999.000
202605011436,   5.051,   6.077,9999.000,9999.000,9999.000,9999.000,9999.000,9999.000,9999.000
202605011442,   5.012,   6.058,9999.000,9999.000,9999.000,9999.000,9999.000,9999.000,9999.000
202605011448,   4.967,   6.028,9999.000,9999.000,9999.000,9999.000,9999.000,9999.000,9999.000
202605011454,   4.918,   5.989,9999.000,9999.000,9999.000,9999.000,9999.000,9999.000,9999.000
202605011500,   4.864,   6.018,   0.600,   0.554,   6.018,   0.600,   6.018,   0.700,   6.118
202605011506,   4.805,   5.959,9999.000,9999.000,9999.000,9999.000,9999.000,9999.000,9999.000
202605011512,   4.741,   5.808,9999.000,9999.000,9999.000,9999.000,9999.000,9999.000,9999.000
202605011518,   4.674,   5.697,9999.000,9999.000,9999.000,9999.000,9999.000,9999.000,9999.000
202605011524,   4.602,   5.598,9999.000,9999.000,9999.000,9999.000,9999.000,9999.000,9999.000
202605011530,   4.526,   5.507,9999.000,9999.000,9999.000,9999.000,9999.000,9999.000,9999.000
202605011536,   4.447,   5.418,9999.000,9999.000,9999.000,9999.000,9999.000,9999.000,9999.000
202605011542,   4.364,   5.320,9999.000,9999.000,9999.000,9999.000,9999.000,9999.000,9999.000
202605011548,   4.277,   5.218,9999.000,9999.000,9999.000,9999.000,9999.000,9999.000,9999.000
202605011554,   4.188,   5.097,9999.000,9999.000,9999.000,9999.000,9999.000,9999.000,9999.000
202605011600,   4.095,   5.028,   0.700,   0.233,   5.028,   0.600,   4.928,   0.700,   5.028
202605011606,   4.000,   4.919,9999.000,9999.000,9999.000,9999.000,9999.000,9999.000,9999.000
202605011612,   3.902,   4.778,9999.000,9999.000,9999.000,9999.000,9999.000,9999.000,9999.000
202605011618,   3.801,   4.647,9999.000,9999.000,9999.000,9999.000,9999.000,9999.000,9999.000
202605011624,   3.698,   4.529,9999.000,9999.000,9999.000,9999.000,9999.000,9999.000,9999.000
202605011630,   3.593,   4.398,9999.000,9999.000,9999.000,9999.000,9999.000,9999.000,9999.000
202605011636,   3.487,   4.267,9999.000,9999.000,9999.000,9999.000,9999.000,9999.000,9999.000
202605011642,   3.378,   4.139,9999.000,9999.000,9999.000,9999.000,9999.000,9999.000,9999.000
202605011648,   3.268,   4.070,9999.000,9999.000,9999.000,9999.000,9999.000,9999.000,9999.000
202605011654,   3.156,   4.027,9999.000,9999.000,9999.000,9999.000,9999.000,9999.000,9999.000
202605011700,   3.043,   4.027,   0.700,   0.284,   4.027,   0.600,   3.927,   0.700,   4.027
202605011706,   2.929,   3.880,9999.000,9999.000,9999.000,9999.000,9999.000,9999.000,9999.000
202605011712,   2.815,   3.758,9999.000,9999.000,9999.000,9999.000,9999.000,9999.000,9999.000
202605011718,   2.700,   3.607,9999.000,9999.000,9999.000,9999.000,9999.000,9999.000,9999.000
202605011724,   2.584,   3.470,9999.000,9999.000,9999.000,9999.000,9999.000,9999.000,9999.000
202605011730,   2.468,   3.368,9999.000,9999.000,9999.000,9999.000,9999.000,9999.000,9999.000
202605011736,   2.352,   3.217,9999.000,9999.000,9999.000,9999.000,9999.000,9999.000,9999.000
202605011742,   2.237,   3.040,9999.000,9999.000,9999.000,9999.000,9999.000,9999.000,9999.000
202605011748,   2.122,   2.958,9999.000,9999.000,9999.000,9999.000,9999.000,9999.000,9999.000
202605011754,   2.008,   2.768,9999.000,9999.000,9999.000,9999.000,9999.000,9999.000,9999.000
202605011800,   1.895,   2.748,   0.600,   0.253,   2.748,   0.600,   2.748,   0.700,   2.848
202605011806,   1.784,   2.587,9999.000,9999.000,9999.000,9999.000,9999.000,9999.000,9999.000
202605011812,   1.674,   2.440,9999.000,9999.000,9999.000,9999.000,9999.000,9999.000,9999.000
202605011818,   1.566,   2.328,9999.000,9999.000,9999.000,9999.000,9999.000,9999.000,9999.000
202605011824,   1.460,   2.220,9999.000,9999.000,9999.000,9999.000,9999.000,9999.000,9999.000
202605011830,   1.357,   2.109,9999.000,9999.000,9999.000,9999.000,9999.000,9999.000,9999.000
202605011836,   1.256,   2.010,9999.000,9999.000,9999.000,9999.000,9999.000,9999.000,9999.000
202605011842,   1.159,   1.899,9999.000,9999.000,9999.000,9999.000,9999.000,9999.000,9999.000
202605011848,   1.065,   1.820,9999.000,9999.000,9999.000,9999.000,9999.000,9999.000,9999.000
202605011854,   0.975,   1.728,9999.000,9999.000,9999.000,9999.000,9999.000,9999.000,9999.000
202605011900,   0.889,   1.708,   0.700,   0.119,   1.708,   0.600,   1.608,   0.700,   1.708
202605011906,   0.807,   1.630,9999.000,9999.000,9999.000,9999.000,9999.000,9999.000,9999.000
202605011912,   0.730,   1.479,9999.000,9999.000,9999.000,9999.000,9999.000,9999.000,9999.000
202605011918,   0.658,   1.390,9999.000,9999.000,9999.000,9999.000,9999.000,9999.000,9999.000
202605011924,   0.592,   1.298,9999.000,9999.000,9999.000,9999.000,9999.000,9999.000,9999.000
202605011930,   0.531,   1.229,9999.000,9999.000,9999.000,9999.000,9999.000,9999.000,9999.000
202605011936,   0.475,   1.151,9999.000,9999.000,9999.000,9999.000,9999.000,9999.000,9999.000
202605011942,   0.426,   1.088,9999.000,9999.000,9999.000,9999.000,9999.000,9999.000,9999.000
202605011948,   0.383,   1.039,9999.000,9999.000,9999.000,9999.000,9999.000,9999.000,9999.000
202605011954,   0.347,   1.000,9999.000,9999.000,9999.000,9999.000,9999.000,9999.000,9999.000
202605012000,   0.318,   1.079,   0.700,   0.061,   1.079,   0.600,   0.979,   0.700,   1.079
202605012006,   0.296,   1.069,9999.000,9999.000,9999.000,9999.000,9999.000,9999.000,9999.000
202605012012,   0.281,   0.918,9999.000,9999.000,9999.000,9999.000,9999.000,9999.000,9999.000
202605012018,   0.273,   0.908,9999.000,9999.000,9999.000,9999.000,9999.000,9999.000,9999.000
202605012024,   0.273,   0.928,9999.000,9999.000,9999.000,9999.000,9999.000,9999.000,9999.000
202605012030,   0.280,   0.951,9999.000,9999.000,9999.000,9999.000,9999.000,9999.000,9999.000
202605012036,   0.295,   0.990,9999.000,9999.000,9999.000,9999.000,9999.000,9999.000,9999.000
202605012042,   0.317,   1.059,9999.000,9999.000,9999.000,9999.000,9999.000,9999.000,9999.000
202605012048,   0.348,   1.151,9999.000,9999.000,9999.000,9999.000,9999.000,9999.000,9999.000
202605012054,   0.386,   1.289,9999.000,9999.000,9999.000,9999.000,9999.000,9999.000,9999.000
202605012100,   0.432,   1.699,   0.700,   0.567,   1.699,   0.600,   1.599,   0.700,   1.699
202605012106,   0.486,   1.840,9999.000,9999.000,9999.000,9999.000,9999.000,9999.000,9999.000
202605012112,   0.547,   1.689,9999.000,9999.000,9999.000,9999.000,9999.000,9999.000,9999.000
202605012118,   0.617,   1.840,9999.000,9999.000,9999.000,9999.000,9999.000,9999.000,9999.000
202605012124,   0.694,   2.020,9999.000,9999.000,9999.000,9999.000,9999.000,9999.000,9999.000
202605012130,   0.778,   2.177,9999.000,9999.000,9999.000,9999.000,9999.000,9999.000,9999.000
202605012136,   0.871,   2.328,9999.000,9999.000,9999.000,9999.000,9999.000,9999.000,9999.000
202605012142,   0.971,   2.479,9999.000,9999.000,9999.000,9999.000,9999.000,9999.000,9999.000
202605012148,   1.078,   2.620,9999.000,9999.000,9999.000,9999.000,9999.000,9999.000,9999.000
202605012154,   1.194,   2.758,9999.000,9999.000,9999.000,9999.000,9999.000,9999.000,9999.000
202605012200,   1.316,   3.178,   0.700,   1.162,   3.178,   0.600,   3.078,   0.700,   3.178
202605012206,   1.446,   3.319,9999.000,9999.000,9999.000,9999.000,9999.000,9999.000,9999.000
202605012212,   1.582,   3.168,9999.000,9999.000,9999.000,9999.000,9999.000,9999.000,9999.000
202605012218,   1.726,   3.299,9999.000,9999.000,9999.000,9999.000,9999.000,9999.000,9999.000
202605012224,   1.875,   3.417,9999.000,9999.000,9999.000,9999.000,9999.000,9999.000,9999.000
202605012230,   2.031,   3.529,9999.000,9999.000,9999.000,9999.000,9999.000,9999.000,9999.000
202605012236,   2.192,   3.637,9999.000,9999.000,9999.000,9999.000,9999.000,9999.000,9999.000
202605012242,   2.358,   3.778,9999.000,9999.000,9999.000,9999.000,9999.000,9999.000,9999.000
202605012248,   2.529,   3.919,9999.000,9999.000,9999.000,9999.000,9999.000,9999.000,9999.000
202605012254,   2.703,   4.047,9999.000,9999.000,9999.000,9999.000,9999.000,9999.000,9999.000
202605012300,   2.880,   4.467,   0.700,   0.887,   4.467,   0.700,   4.467,   0.800,   4.567
202605012306,   3.059,   4.608,9999.000,9999.000,9999.000,9999.000,9999.000,9999.000,9999.000
202605012312,   3.240,   4.457,9999.000,9999.000,9999.000,9999.000,9999.000,9999.000,9999.000
202605012318,   3.420,   4.900,9999.000,9999.000,9999.000,9999.000,9999.000,9999.000,9999.000
202605012324,   3.601,   5.057,9999.000,9999.000,9999.000,9999.000,9999.000,9999.000,9999.000
202605012330,   3.780,   5.218,9999.000,9999.000,9999.000,9999.000,9999.000,9999.000,9999.000
202605012336,   3.957,   5.379,9999.000,9999.000,9999.000,9999.000,9999.000,9999.000,9999.000
202605012342,   4.131,   5.530,9999.000,9999.000,9999.000,9999.000,9999.000,9999.000,9999.000
202605012348,   4.302,   5.677,9999.000,9999.000,9999.000,9999.000,9999.000,9999.000,9999.000
202605012354,   4.468,   5.828,9999.000,9999.000,9999.000,9999.000,9999.000,9999.000,9999.000
202605020000,   4.629,   5.949,   0.600,   0.720,   5.949,   0.600,   5.949,   0.700,   6.049
202605020006,   4.785,   6.087,9999.000,9999.000,9999.000,9999.000,9999.000,9999.000,9999.000
202605020012,   4.935,   5.940,9999.000,9999.000,9999.000,9999.000,9999.000,9999.000,9999.000
202605020018,   5.079,   6.087,9999.000,9999.000,9999.000,9999.000,9999.000,9999.000,9999.000
202605020024,   5.217,   6.228,9999.000,9999.000,9999.000,9999.000,9999.000,9999.000,9999.000
202605020030,   5.348,   6.359,9999.000,9999.000,9999.000,9999.000,9999.000,9999.000,9999.000
202605020036,   5.471,   6.477,9999.000,9999.000,9999.000,9999.000,9999.000,9999.000,9999.000
202605020042,   5.588,   6.599,9999.000,9999.000,9999.000,9999.000,9999.000,9999.000,9999.000
202605020048,   5.697,   6.697,9999.000,9999.000,9999.000,9999.000,9999.000,9999.000,9999.000
202605020054,   5.800,   6.789,9999.000,9999.000,9999.000,9999.000,9999.000,9999.000,9999.000
202605020100,   5.894,   7.097,   0.700,   0.503,   7.097,   0.600,   6.997,   0.700,   7.097
202605020106,   5.981,   7.166,9999.000,9999.000,9999.000,9999.000,9999.000,9999.000,9999.000
202605020112,   6.061,   7.019,9999.000,9999.000,9999.000,9999.000,9999.000,9999.000,9999.000
202605020118,   6.133,   7.068,9999.000,9999.000,9999.000,9999.000,9999.000,9999.000,9999.000
202605020124,   6.198,   7.117,9999.000,9999.000,9999.000,9999.000,9999.000,9999.000,9999.000
202605020130,   6.255,   7.166,9999.000,9999.000,9999.000,9999.000,9999.000,9999.000,9999.000
202605020136,   6.304,   7.229,9999.000,9999.000,9999.000,9999.000,9999.000,9999.000,9999.000
202605020142,   6.346,   7.268,9999.000,9999.000,9999.000,9999.000,9999.000,9999.000,9999.000
202605020148,   6.381,   7.307,9999.000,9999.000,9999.000,9999.000,9999.000,9999.000,9999.000
202605020154,   6.408,   7.327,9999.000,9999.000,9999.000,9999.000,9999.000,9999.000,9999.000
202605020200,   6.428,   7.498,   0.700,   0.370,   7.498,   0.600,   7.398,   0.700,   7.498
202605020206,   6.441,   7.507,9999.000,9999.000,9999.000,9999.000,9999.000,9999.000,9999.000
202605020212,   6.446,   7.357,9999.000,9999.000,9999.000,9999.000,9999.000,9999.000,9999.000
202605020218,   6.444,   7.347,9999.000,9999.000,9999.000,9999.000,9999.000,9999.000,9999.000
202605020224,   6.435,   7.327,9999.000,9999.000,9999.000,9999.000,9999.000,9999.000,9999.000
202605020230,   6.419,   7.307,9999.000,9999.000,9999.000,9999.000,9999.000,9999.000,9999.000
202605020236,   6.396,   7.288,9999.000,9999.000,9999.000,9999.000,9999.000,9999.000,9999.000
202605020242,   6.367,   7.248,9999.000,9999.000,9999.000,9999.000,9999.000,9999.000,9999.000
202605020248,   6.331,   7.209,9999.000,9999.000,9999.000,9999.000,9999.000,9999.000,9999.000
202605020254,   6.289,   7.147,9999.000,9999.000,9999.000,9999.000,9999.000,9999.000,9999.000
202605020300,   6.240,   7.176,   0.700,   0.236,   7.176,   0.600,   7.076,   0.700,   7.176
202605020306,   6.186,   7.107,9999.000,9999.000,9999.000,9999.000,9999.000,9999.000,9999.000
202605020312,   6.125,   6.956,9999.000,9999.000,9999.000,9999.000,9999.000,9999.000,9999.000
202605020318,   6.060,   6.868,9999.000,9999.000,9999.000,9999.000,9999.000,9999.000,9999.000
202605020324,   5.988,   6.779,9999.000,9999.000,9999.000,9999.000,9999.000,9999.000,9999.000
202605020330,   5.912,   6.658,9999.000,9999.000,9999.000,9999.000,9999.000,9999.000,9999.000
202605020336,   5.831,   6.527,9999.000,9999.000,9999.000,9999.000,9999.000,9999.000,9999.000
202605020342,   5.744,   6.399,9999.000,9999.000,9999.000,9999.000,9999.000,9999.000,9999.000
202605020348,   5.654,   6.277,9999.000,9999.000,9999.000,9999.000,9999.000,9999.000,9999.000
202605020354,   5.559,   6.159,9999.000,9999.000,9999.000,9999.000,9999.000,9999.000,9999.000
202605020400,   5.460,   6.077,   0.700,  -0.083,   6.077,   0.600,   5.977,   0.700,   6.077
202605020406,   5.357,   5.959,9999.000,9999.000,9999.000,9999.000,9999.000,9999.000,9999.000
202605020412,   5.250,   5.808,9999.000,9999.000,9999.000,9999.000,9999.000,9999.000,9999.000
202605020418,   5.140,   5.677,9999.000,9999.000,9999.000,9999.000,9999.000,9999.000,9999.000
202605020424,   5.026,   5.539,9999.000,9999.000,9999.000,9999.000,9999.000,9999.000,9999.000
202605020430,   4.910,   5.398,9999.000,9999.000,9999.000,9999.000,9999.000,9999.000,9999.000
202605020436,   4.790,   5.277,9999.000,9999.000,9999.000,9999.000,9999.000,9999.000,9999.000
202605020442,   4.668,   5.159,9999.000,9999.000,9999.000,9999.000,9999.000,9999.000,9999.000
202605020448,   4.543,   5.038,9999.000,9999.000,9999.000,9999.000,9999.000,9999.000,9999.000
202605020454,   4.416,   4.939,9999.000,9999.000,9999.000,9999.000,9999.000,9999.000,9999.000
202605020500,   4.287,   4.808,   0.600,  -0.079,   4.808,   0.600,   4.808,   0.700,   4.908
202605020506,   4.156,   4.690,9999.000,9999.000,9999.000,9999.000,9999.000,9999.000,9999.000
202605020512,   4.023,   4.539,9999.000,9999.000,9999.000,9999.000,9999.000,9999.000,9999.000
202605020518,   3.889,   4.408,9999.000,9999.000,9999.000,9999.000,9999.000,9999.000,9999.000
202605020524,   3.753,   4.290,9999.000,9999.000,9999.000,9999.000,9999.000,9999.000,9999.000
202605020530,   3.616,   4.168,9999.000,9999.000,9999.000,9999.000,9999.000,9999.000,9999.000
202605020536,   3.478,   4.057,9999.000,9999.000,9999.000,9999.000,9999.000,9999.000,9999.000
202605020542,   3.340,   3.949,9999.000,9999.000,9999.000,9999.000,9999.000,9999.000,9999.000
202605020548,   3.201,   3.837,9999.000,9999.000,9999.000,9999.000,9999.000,9999.000,9999.000
202605020554,   3.062,   3.719,9999.000,9999.000,9999.000,9999.000,9999.000,9999.000,9999.000
202605020600,   2.923,   3.598,   0.700,  -0.025,   3.598,   0.600,   3.498,   0.700,   3.598
202605020606,   2.784,   3.460,9999.000,9999.000,9999.000,9999.000,9999.000,9999.000,9999.000
202605020612,   2.646,   3.309,9999.000,9999.000,9999.000,9999.000,9999.000,9999.000,9999.000
202605020618,   2.509,   3.168,9999.000,9999.000,9999.000,9999.000,9999.000,9999.000,9999.000
202605020624,   2.373,   3.050,9999.000,9999.000,9999.000,9999.000,9999.000,9999.000,9999.000
202605020630,   2.238,   2.938,9999.000,9999.000,9999.000,9999.000,9999.000,9999.000,9999.000
202605020636,   2.105,   2.830,9999.000,9999.000,9999.000,9999.000,9999.000,9999.000,9999.000
202605020642,   1.974,   2.719,9999.000,9999.000,9999.000,9999.000,9999.000,9999.000,9999.000
202605020648,   1.845,   2.620,9999.000,9999.000,9999.000,9999.000,9999.000,9999.000,9999.000
202605020654,   1.719,   2.528,9999.000,9999.000,9999.000,9999.000,9999.000,9999.000,9999.000
202605020700,   1.595,   2.469,   0.600,   0.274,   2.469,   0.600,   2.469,   0.600,   2.469
202605020706,   1.476,   2.368,9999.000,9999.000,9999.000,9999.000,9999.000,9999.000,9999.000
202605020712,   1.359,   2.220,9999.000,9999.000,9999.000,9999.000,9999.000,9999.000,9999.000
202605020718,   1.247,   2.109,9999.000,9999.000,9999.000,9999.000,9999.000,9999.000,9999.000
202605020724,   1.138,   2.010,9999.000,9999.000,9999.000,9999.000,9999.000,9999.000,9999.000
202605020730,   1.034,   1.908,9999.000,9999.000,9999.000,9999.000,9999.000,9999.000,9999.000
202605020736,   0.935,   1.820,9999.000,9999.000,9999.000,9999.000,9999.000,9999.000,9999.000
202605020742,   0.841,   1.728,9999.000,9999.000,9999.000,9999.000,9999.000,9999.000,9999.000
202605020748,   0.752,   1.620,9999.000,9999.000,9999.000,9999.000,9999.000,9999.000,9999.000
202605020754,   0.669,   1.518,9999.000,9999.000,9999.000,9999.000,9999.000,9999.000,9999.000
202605020800,   0.592,   1.479,   0.600,   0.287,   1.479,   0.500,   1.379,   0.600,   1.479
202605020806,   0.521,   1.410,9999.000,9999.000,9999.000,9999.000,9999.000,9999.000,9999.000
202605020812,   0.456,   1.259,9999.000,9999.000,9999.000,9999.000,9999.000,9999.000,9999.000
202605020818,   0.397,   1.180,9999.000,9999.000,9999.000,9999.000,9999.000,9999.000,9999.000
202605020824,   0.346,   1.088,9999.000,9999.000,9999.000,9999.000,9999.000,9999.000,9999.000
202605020830,   0.300,   1.020,9999.000,9999.000,9999.000,9999.000,9999.000,9999.000,9999.000
202605020836,   0.262,   0.951,9999.000,9999.000,9999.000,9999.000,9999.000,9999.000,9999.000
202605020842,   0.231,   0.898,9999.000,9999.000,9999.000,9999.000,9999.000,9999.000,9999.000
202605020848,   0.207,   0.849,9999.000,9999.000,9999.000,9999.000,9999.000,9999.000,9999.000
202605020854,   0.190,   0.810,9999.000,9999.000,9999.000,9999.000,9999.000,9999.000,9999.000
202605020900,   0.180,   0.908,   0.500,   0.228,   0.908,   0.500,   0.908,   0.600,   1.008
202605020906,   0.177,   0.879,9999.000,9999.000,9999.000,9999.000,9999.000,9999.000,9999.000
202605020912,   0.181,   0.731,9999.000,9999.000,9999.000,9999.000,9999.000,9999.000,9999.000
202605020918,   0.193,   0.718,9999.000,9999.000,9999.000,9999.000,9999.000,9999.000,9999.000
202605020924,   0.211,   0.741,9999.000,9999.000,9999.000,9999.000,9999.000,9999.000,9999.000
202605020930,   0.237,   0.790,9999.000,9999.000,9999.000,9999.000,9999.000,9999.000,9999.000
202605020936,   0.271,   0.859,9999.000,9999.000,9999.000,9999.000,9999.000,9999.000,9999.000
202605020942,   0.311,   0.961,9999.000,9999.000,9999.000,9999.000,9999.000,9999.000,9999.000
202605020948,   0.359,   1.088,9999.000,9999.000,9999.000,9999.000,9999.000,9999.000,9999.000
202605020954,   0.414,   1.210,9999.000,9999.000,9999.000,9999.000,9999.000,9999.000,9999.000
202605021000,   0.476,   1.630,   0.500,   0.654,   1.630,   0.500,   1.630,   0.600,   1.730
202605021006,   0.545,   1.748,9999.000,9999.000,9999.000,9999.000,9999.000,9999.000,9999.000
202605021012,   0.621,   1.600,9999.000,9999.000,9999.000,9999.000,9999.000,9999.000,9999.000
202605021018,   0.705,   1.718,9999.000,9999.000,9999.000,9999.000,9999.000,9999.000,9999.000
202605021024,   0.795,   1.840,9999.000,9999.000,9999.000,9999.000,9999.000,9999.000,9999.000
202605021030,   0.893,   1.948,9999.000,9999.000,9999.000,9999.000,9999.000,9999.000,9999.000
202605021036,   0.997,   2.069,9999.000,9999.000,9999.000,9999.000,9999.000,9999.000,9999.000
202605021042,   1.107,   2.168,9999.000,9999.000,9999.000,9999.000,9999.000,9999.000,9999.000
202605021048,   1.224,   2.259,9999.000,9999.000,9999.000,9999.000,9999.000,9999.000,9999.000
202605021054,   1.347,   2.358,9999.000,9999.000,9999.000,9999.000,9999.000,9999.000,9999.000
202605021100,   1.475,   2.699,   0.500,   0.724,   2.699,   0.500,   2.699,   0.500,   2.699
202605021106,   1.609,   2.807,9999.000,9999.000,9999.000,9999.000,9999.000,9999.000,9999.000
202605021112,   1.747,   2.660,9999.000,9999.000,9999.000,9999.000,9999.000,9999.000,9999.000
202605021118,   1.889,   2.778,9999.000,9999.000,9999.000,9999.000,9999.000,9999.000,9999.000
202605021124,   2.034,   2.919,9999.000,9999.000,9999.000,9999.000,9999.000,9999.000,9999.000
202605021130,   2.182,   3.070,9999.000,9999.000,9999.000,9999.000,9999.000,9999.000,9999.000
202605021136,   2.332,   3.217,9999.000,9999.000,9999.000,9999.000,9999.000,9999.000,9999.000
202605021142,   2.483,   3.358,9999.000,9999.000,9999.000,9999.000,9999.000,9999.000,9999.000
202605021148,   2.634,   3.470,9999.000,9999.000,9999.000,9999.000,9999.000,9999.000,9999.000
202605021154,   2.785,   3.578,9999.000,9999.000,9999.000,9999.000,9999.000,9999.000,9999.000
202605021200,   2.934,   3.929,   0.500,   0.495,   3.929,   0.500,   3.929,   0.600,   4.029
202605021206,   3.082,   4.037,9999.000,9999.000,9999.000,9999.000,9999.000,9999.000,9999.000
202605021212,   3.226,   3.890,9999.000,9999.000,9999.000,9999.000,9999.000,9999.000,9999.000
202605021218,   3.367,   3.998,9999.000,9999.000,9999.000,9999.000,9999.000,9999.000,9999.000
202605021224,   3.504,   4.109,9999.000,9999.000,9999.000,9999.000,9999.000,9999.000,9999.000
202605021230,   3.637,   4.218,9999.000,9999.000,9999.000,9999.000,9999.000,9999.000,9999.000
202605021236,   3.764,   4.339,9999.000,9999.000,9999.000,9999.000,9999.000,9999.000,9999.000
202605021242,   3.886,   4.467,9999.000,9999.000,9999.000,9999.000,9999.000,9999.000,9999.000
202605021248,   4.003,   4.608,9999.000,9999.000,9999.000,9999.000,9999.000,9999.000,9999.000
202605021254,   4.114,   5.008,9999.000,9999.000,9999.000,9999.000,9999.000,9999.000,9999.000
202605021300,   4.219,   5.097,   0.500,   0.378,   5.097,   0.500,   5.097,   0.500,   5.097
202605021306,   4.317,   5.179,9999.000,9999.000,9999.000,9999.000,9999.000,9999.000,9999.000
202605021312,   4.409,   5.028,9999.000,9999.000,9999.000,9999.000,9999.000,9999.000,9999.000
202605021318,   4.495,   5.120,9999.000,9999.000,9999.000,9999.000,9999.000,9999.000,9999.000
202605021324,   4.574,   5.218,9999.000,9999.000,9999.000,9999.000,9999.000,9999.000,9999.000
202605021330,   4.647,   5.307,9999.000,9999.000,9999.000,9999.000,9999.000,9999.000,9999.000
202605021336,   4.713,   5.389,9999.000,9999.000,9999.000,9999.000,9999.000,9999.000,9999.000
202605021342,   4.773,   5.448,9999.000,9999.000,9999.000,9999.000,9999.000,9999.000,9999.000
202605021348,   4.827,   5.487,9999.000,9999.000,9999.000,9999.000,9999.000,9999.000,9999.000
202605021354,   4.873,   5.749,9999.000,9999.000,9999.000,9999.000,9999.000,9999.000,9999.000
202605021400,   4.914,   5.799,   0.500,   0.385,   5.799,   0.500,   5.799,   0.500,   5.799
202605021406,   4.948,   5.848,9999.000,9999.000,9999.000,9999.000,9999.000,9999.000,9999.000
202605021412,   4.975,   5.697,9999.000,9999.000,9999.000,9999.000,9999.000,9999.000,9999.000
202605021418,   4.996,   5.730,9999.000,9999.000,9999.000,9999.000,9999.000,9999.000,9999.000
202605021424,   5.011,   5.749,9999.000,9999.000,9999.000,9999.000,9999.000,9999.000,9999.000
202605021430,   5.019,   5.759,9999.000,9999.000,9999.000,9999.000,9999.000,9999.000,9999.000
202605021436,   5.022,   5.749,9999.000,9999.000,9999.000,9999.000,9999.000,9999.000,9999.000
202605021442,   5.018,   5.730,9999.000,9999.000,9999.000,9999.000,9999.000,9999.000,9999.000
202605021448,   5.008,   5.697,9999.000,9999.000,9999.000,9999.000,9999.000,9999.000,9999.000
202605021454,   4.993,   5.657,9999.000,9999.000,9999.000,9999.000,9999.000,9999.000,9999.000
202605021500,   4.972,   5.749,   0.500,   0.277,   5.749,   0.400,   5.649,   0.500,   5.749
202605021506,   4.945,   5.707,9999.000,9999.000,9999.000,9999.000,9999.000,9999.000,9999.000
202605021512,   4.913,   5.559,9999.000,9999.000,9999.000,9999.000,9999.000,9999.000,9999.000
202605021518,   4.875,   5.516,9999.000,9999.000,9999.000,9999.000,9999.000,9999.000,9999.000
202605021524,   4.833,   5.467,9999.000,9999.000,9999.000,9999.000,9999.000,9999.000,9999.000
202605021530,   4.785,   5.408,9999.000,9999.000,9999.000,9999.000,9999.000,9999.000,9999.000
202605021536,   4.733,   5.359,9999.000,9999.000,9999.000,9999.000,9999.000,9999.000,9999.000
202605021542,   4.677,   5.297,9999.000,9999.000,9999.000,9999.000,9999.000,9999.000,9999.000
202605021548,   4.616,   5.218,9999.000,9999.000,9999.000,9999.000,9999.000,9999.000,9999.000
202605021554,   4.551,   5.159,9999.000,9999.000,9999.000,9999.000,9999.000,9999.000,9999.000
202605021600,   4.482,   5.139,   0.500,   0.157,   5.139,   0.400,   5.039,   0.500,   5.139
202605021606,   4.409,   5.038,9999.000,9999.000,9999.000,9999.000,9999.000,9999.000,9999.000
202605021612,   4.333,   4.887,9999.000,9999.000,9999.000,9999.000,9999.000,9999.000,9999.000
202605021618,   4.254,   4.788,9999.000,9999.000,9999.000,9999.000,9999.000,9999.000,9999.000
202605021624,   4.171,   4.700,9999.000,9999.000,9999.000,9999.000,9999.000,9999.000,9999.000
202605021630,   4.086,   4.618,9999.000,9999.000,9999.000,9999.000,9999.000,9999.000,9999.000
202605021636,   3.997,   4.529,9999.000,9999.000,9999.000,9999.000,9999.000,9999.000,9999.000
202605021642,   3.906,   4.427,9999.000,9999.000,9999.000,9999.000,9999.000,9999.000,9999.000
202605021648,   3.813,   4.309,9999.000,9999.000,9999.000,9999.000,9999.000,9999.000,9999.000
202605021654,   3.717,   4.178,9999.000,9999.000,9999.000,9999.000,9999.000,9999.000,9999.000
202605021700,   3.620,   4.080,   0.500,  -0.040,   4.080,   0.400,   3.980,   0.500,   4.080
202605021706,   3.520,   3.988,9999.000,9999.000,9999.000,9999.000,9999.000,9999.000,9999.000
202605021712,   3.418,   3.837,9999.000,9999.000,9999.000,9999.000,9999.000,9999.000,9999.000
202605021718,   3.315,   3.758,9999.000,9999.000,9999.000,9999.000,9999.000,9999.000,9999.000
202605021724,   3.211,   3.670,9999.000,9999.000,9999.000,9999.000,9999.000,9999.000,9999.000
202605021730,   3.105,   3.568,9999.000,9999.000,9999.000,9999.000,9999.000,9999.000,9999.000
202605021736,   2.998,   3.470,9999.000,9999.000,9999.000,9999.000,9999.000,9999.000,9999.000
202605021742,   2.891,   3.348,9999.000,9999.000,9999.000,9999.000,9999.000,9999.000,9999.000
202605021748,   2.782,   3.240,9999.000,9999.000,9999.000,9999.000,9999.000,9999.000,9999.000
202605021754,   2.673,   3.129,9999.000,9999.000,9999.000,9999.000,9999.000,9999.000,9999.000
202605021800,   2.563,   3.050,   0.500,  -0.013,   3.050,   0.400,   2.950,   0.500,   3.050
202605021806,   2.454,   2.938,9999.000,9999.000,9999.000,9999.000,9999.000,9999.000,9999.000
202605021812,   2.344,   2.787,9999.000,9999.000,9999.000,9999.000,9999.000,9999.000,9999.000
202605021818,   2.235,   2.669,9999.000,9999.000,9999.000,9999.000,9999.000,9999.000,9999.000
202605021824,   2.126,   2.538,9999.000,9999.000,9999.000,9999.000,9999.000,9999.000,9999.000
202605021830,   2.017,   2.430,9999.000,9999.000,9999.000,9999.000,9999.000,9999.000,9999.000
202605021836,   1.910,   2.328,9999.000,9999.000,9999.000,9999.000,9999.000,9999.000,9999.000
202605021842,   1.804,   2.220,9999.000,9999.000,9999.000,9999.000,9999.000,9999.000,9999.000
202605021848,   1.699,   2.118,9999.000,9999.000,9999.000,9999.000,9999.000,9999.000,9999.000
202605021854,   1.596,   2.030,9999.000,9999.000,9999.000,9999.000,9999.000,9999.000,9999.000
202605021900,   1.495,   1.928,   0.500,  -0.067,   1.928,   0.400,   1.828,   0.500,   1.928
202605021906,   1.396,   1.889,9999.000,9999.000,9999.000,9999.000,9999.000,9999.000,9999.000
202605021912,   1.299,   1.738,9999.000,9999.000,9999.000,9999.000,9999.000,9999.000,9999.000
202605021918,   1.206,   1.659,9999.000,9999.000,9999.000,9999.000,9999.000,9999.000,9999.000
202605021924,   1.115,   1.557,9999.000,9999.000,9999.000,9999.000,9999.000,9999.000,9999.000
202605021930,   1.029,   1.469,9999.000,9999.000,9999.000,9999.000,9999.000,9999.000,9999.000
202605021936,   0.946,   1.371,9999.000,9999.000,9999.000,9999.000,9999.000,9999.000,9999.000
202605021942,   0.867,   1.269,9999.000,9999.000,9999.000,9999.000,9999.000,9999.000,9999.000
202605021948,   0.793,   1.170,9999.000,9999.000,9999.000,9999.000,9999.000,9999.000,9999.000
202605021954,   0.723,   1.098,9999.000,9999.000,9999.000,9999.000,9999.000,9999.000,9999.000
202605022000,   0.659,   1.108,   0.500,  -0.051,   1.108,   0.400,   1.008,   0.500,   1.108
202605022006,   0.600,   1.039,9999.000,9999.000,9999.000,9999.000,9999.000,9999.000,9999.000
202605022012,   0.547,   0.888,9999.000,9999.000,9999.000,9999.000,9999.000,9999.000,9999.000
202605022018,   0.500,   0.839,9999.000,9999.000,9999.000,9999.000,9999.000,9999.000,9999.000
202605022024,   0.459,   0.810,9999.000,9999.000,9999.000,9999.000,9999.000,9999.000,9999.000
202605022030,   0.425,   0.770,9999.000,9999.000,9999.000,9999.000,9999.000,9999.000,9999.000
202605022036,   0.398,   0.741,9999.000,9999.000,9999.000,9999.000,9999.000,9999.000,9999.000
202605022042,   0.378,   0.708,9999.000,9999.000,9999.000,9999.000,9999.000,9999.000,9999.000
202605022048,   0.365,   0.688,9999.000,9999.000,9999.000,9999.000,9999.000,9999.000,9999.000
202605022054,   0.360,   0.678,9999.000,9999.000,9999.000,9999.000,9999.000,9999.000,9999.000
202605022100,   0.363,   0.839,   0.500,  -0.024,   0.839,   0.400,   0.739,   0.500,   0.839
202605022106,   0.373,   0.859,9999.000,9999.000,9999.000,9999.000,9999.000,9999.000,9999.000
202605022112,   0.392,   0.708,9999.000,9999.000,9999.000,9999.000,9999.000,9999.000,9999.000
202605022118,   0.418,   0.751,9999.000,9999.000,9999.000,9999.000,9999.000,9999.000,9999.000
202605022124,   0.452,   0.819,9999.000,9999.000,9999.000,9999.000,9999.000,9999.000,9999.000
202605022130,   0.494,   0.908,9999.000,9999.000,9999.000,9999.000,9999.000,9999.000,9999.000
202605022136,   0.543,   1.049,9999.000,9999.000,9999.000,9999.000,9999.000,9999.000,9999.000
202605022142,   0.600,   1.200,9999.000,9999.000,9999.000,9999.000,9999.000,9999.000,9999.000
202605022148,   0.665,   1.348,9999.000,9999.000,9999.000,9999.000,9999.000,9999.000,9999.000
202605022154,   0.737,   1.518,9999.000,9999.000,9999.000,9999.000,9999.000,9999.000,9999.000
202605022200,   0.817,   2.000,   0.500,   0.683,   2.000,   0.400,   1.900,   0.600,   2.100
202605022206,   0.904,   2.118,9999.000,9999.000,9999.000,9999.000,9999.000,9999.000,9999.000
202605022212,   0.998,   1.967,9999.000,9999.000,9999.000,9999.000,9999.000,9999.000,9999.000
202605022218,   1.098,   2.079,9999.000,9999.000,9999.000,9999.000,9999.000,9999.000,9999.000
202605022224,   1.206,   2.200,9999.000,9999.000,9999.000,9999.000,9999.000,9999.000,9999.000
202605022230,   1.320,   2.348,9999.000,9999.000,9999.000,9999.000,9999.000,9999.000,9999.000
202605022236,   1.441,   2.499,9999.000,9999.000,9999.000,9999.000,9999.000,9999.000,9999.000
202605022242,   1.568,   2.650,9999.000,9999.000,9999.000,9999.000,9999.000,9999.000,9999.000
202605022248,   1.701,   2.787,9999.000,9999.000,9999.000,9999.000,9999.000,9999.000,9999.000
202605022254,   1.840,   2.938,9999.000,9999.000,9999.000,9999.000,9999.000,9999.000,9999.000
202605022300,   1.984,   3.339,   0.500,   0.855,   3.339,   0.400,   3.239,   0.600,   3.439
202605022306,   2.134,   3.480,9999.000,9999.000,9999.000,9999.000,9999.000,9999.000,9999.000
202605022312,   2.288,   3.329,9999.000,9999.000,9999.000,9999.000,9999.000,9999.000,9999.000
202605022318,   2.447,   3.470,9999.000,9999.000,9999.000,9999.000,9999.000,9999.000,9999.000
202605022324,   2.611,   3.627,9999.000,9999.000,9999.000,9999.000,9999.000,9999.000,9999.000
202605022330,   2.777,   3.788,9999.000,9999.000,9999.000,9999.000,9999.000,9999.000,9999.000
202605022336,   2.946,   3.929,9999.000,9999.000,9999.000,9999.000,9999.000,9999.000,9999.000
202605022342,   3.118,   4.070,9999.000,9999.000,9999.000,9999.000,9999.000,9999.000,9999.000
202605022348,   3.291,   4.188,9999.000,9999.000,9999.000,9999.000,9999.000,9999.000,9999.000
202605022354,   3.465,   4.339,9999.000,9999.000,9999.000,9999.000,9999.000,9999.000,9999.000
202605030000,   3.639,   4.769,   0.500,   0.630,   4.769,   0.500,   4.769,   0.500,   4.769
202605030006,   3.812,   4.900,9999.000,9999.000,9999.000,9999.000,9999.000,9999.000,9999.000
202605030012,   3.984,   4.749,9999.000,9999.000,9999.000,9999.000,9999.000,9999.000,9999.000
202605030018,   4.153,   4.857,9999.000,9999.000,9999.000,9999.000,9999.000,9999.000,9999.000
202605030024,   4.319,   4.979,9999.000,9999.000,9999.000,9999.000,9999.000,9999.000,9999.000
202605030030,   4.482,   5.097,9999.000,9999.000,9999.000,9999.000,9999.000,9999.000,9999.000
202605030036,   4.640,   5.238,9999.000,9999.000,9999.000,9999.000,9999.000,9999.000,9999.000
202605030042,   4.794,   5.379,9999.000,9999.000,9999.000,9999.000,9999.000,9999.000,9999.000
202605030048,   4.942,   5.507,9999.000,9999.000,9999.000,9999.000,9999.000,9999.000,9999.000
202605030054,   5.084,   5.638,9999.000,9999.000,9999.000,9999.000,9999.000,9999.000,9999.000
202605030100,   5.219,   6.067,   0.500,   0.348,   6.067,   0.500,   6.067,   0.600,   6.167
202605030106,   5.349,   6.199,9999.000,9999.000,9999.000,9999.000,9999.000,9999.000,9999.000
202605030112,   5.471,   6.048,9999.000,9999.000,9999.000,9999.000,9999.000,9999.000,9999.000
202605030118,   5.586,   6.169,9999.000,9999.000,9999.000,9999.000,9999.000,9999.000,9999.000
202605030124,   5.694,   6.258,9999.000,9999.000,9999.000,9999.000,9999.000,9999.000,9999.000
202605030130,   5.795,   6.327,9999.000,9999.000,9999.000,9999.000,9999.000,9999.000,9999.000
202605030136,   5.888,   6.389,9999.000,9999.000,9999.000,9999.000,9999.000,9999.000,9999.000
202605030142,   5.973,   6.438,9999.000,9999.000,9999.000,9999.000,9999.000,9999.000,9999.000
202605030148,   6.051,   6.507,9999.000,9999.000,9999.000,9999.000,9999.000,9999.000,9999.000
202605030154,   6.122,   6.579,9999.000,9999.000,9999.000,9999.000,9999.000,9999.000,9999.000
202605030200,   6.185,   6.858,   0.500,   0.173,   6.858,   0.500,   6.858,   0.600,   6.958
202605030206,   6.240,   6.897,9999.000,9999.000,9999.000,9999.000,9999.000,9999.000,9999.000
202605030212,   6.288,   6.746,9999.000,9999.000,9999.000,9999.000,9999.000,9999.000,9999.000
202605030218,   6.328,   6.789,9999.000,9999.000,9999.000,9999.000,9999.000,9999.000,9999.000
202605030224,   6.361,   6.819,9999.000,9999.000,9999.000,9999.000,9999.000,9999.000,9999.000
202605030230,   6.387,   6.868,9999.000,9999.000,9999.000,9999.000,9999.000,9999.000,9999.000
202605030236,   6.406,   6.907,9999.000,9999.000,9999.000,9999.000,9999.000,9999.000,9999.000
202605030242,   6.417,   6.947,9999.000,9999.000,9999.000,9999.000,9999.000,9999.000,9999.000
202605030248,   6.421,   6.956,9999.000,9999.000,9999.000,9999.000,9999.000,9999.000,9999.000
202605030254,   6.418,   6.947,9999.000,9999.000,9999.000,9999.000,9999.000,9999.000,9999.000
202605030300,   6.409,   7.048,   0.500,   0.139,   7.048,   0.500,   7.048,   0.600,   7.148
202605030306,   6.392,   7.019,9999.000,9999.000,9999.000,9999.000,9999.000,9999.000,9999.000
202605030312,   6.369,   6.868,9999.000,9999.000,9999.000,9999.000,9999.000,9999.000,9999.000
202605030318,   6.339,   6.828,9999.000,9999.000,9999.000,9999.000,9999.000,9999.000,9999.000
202605030324,   6.303,   6.789,9999.000,9999.000,9999.000,9999.000,9999.000,9999.000,9999.000
202605030330,   6.261,   6.756,9999.000,9999.000,9999.000,9999.000,9999.000,9999.000,9999.000
202605030336,   6.213,   6.707,9999.000,9999.000,9999.000,9999.000,9999.000,9999.000,9999.000
202605030342,   6.159,   6.648,9999.000,9999.000,9999.000,9999.000,9999.000,9999.000,9999.000
202605030348,   6.100,   6.589,9999.000,9999.000,9999.000,9999.000,9999.000,9999.000,9999.000
202605030354,   6.035,   6.507,9999.000,9999.000,9999.000,9999.000,9999.000,9999.000,9999.000
202605030400,   5.965,   6.409,   0.500,  -0.056,   6.409,   0.400,   6.309,   0.500,   6.409
202605030406,   5.890,   6.297,9999.000,9999.000,9999.000,9999.000,9999.000,9999.000,9999.000
202605030412,   5.810,   6.149,9999.000,9999.000,9999.000,9999.000,9999.000,9999.000,9999.000
202605030418,   5.725,   6.048,9999.000,9999.000,9999.000,9999.000,9999.000,9999.000,9999.000
202605030424,   5.636,   5.926,9999.000,9999.000,9999.000,9999.000,9999.000,9999.000,9999.000
202605030430,   5.543,   5.828,9999.000,9999.000,9999.000,9999.000,9999.000,9999.000,9999.000
202605030436,   5.446,   5.697,9999.000,9999.000,9999.000,9999.000,9999.000,9999.000,9999.000
202605030442,   5.346,   5.569,9999.000,9999.000,9999.000,9999.000,9999.000,9999.000,9999.000
202605030448,   5.242,   5.408,9999.000,9999.000,9999.000,9999.000,9999.000,9999.000,9999.000
202605030454,   5.134,   5.267,9999.000,9999.000,9999.000,9999.000,9999.000,9999.000,9999.000
202605030500,   5.023,   5.188,   0.500,  -0.335,   5.188,   0.400,   5.088,   0.500,   5.188
202605030506,   4.910,   5.067,9999.000,9999.000,9999.000,9999.000,9999.000,9999.000,9999.000
202605030512,   4.794,   4.919,9999.000,9999.000,9999.000,9999.000,9999.000,9999.000,9999.000
202605030518,   4.675,   4.778,9999.000,9999.000,9999.000,9999.000,9999.000,9999.000,9999.000
202605030524,   4.554,   4.637,9999.000,9999.000,9999.000,9999.000,9999.000,9999.000,9999.000
202605030530,   4.430,   4.500,9999.000,9999.000,9999.000,9999.000,9999.000,9999.000,9999.000
202605030536,   4.305,   4.359,9999.000,9999.000,9999.000,9999.000,9999.000,9999.000,9999.000
202605030542,   4.178,   4.218,9999.000,9999.000,9999.000,9999.000,9999.000,9999.000,9999.000
202605030548,   4.049,   4.090,9999.000,9999.000,9999.000,9999.000,9999.000,9999.000,9999.000
202605030554,   3.919,   3.988,9999.000,9999.000,9999.000,9999.000,9999.000,9999.000,9999.000
202605030600,   3.788,   3.880,   0.400,  -0.145,   4.043,   0.300,   3.943,   0.400,   4.043
202605030606,   3.656,   3.788,9999.000,9999.000,9999.000,9999.000,9999.000,9999.000,9999.000
202605030612,   3.522,   3.637,9999.000,9999.000,9999.000,9999.000,9999.000,9999.000,9999.000
202605030618,   3.388,   3.548,9999.000,9999.000,9999.000,9999.000,9999.000,9999.000,9999.000
202605030624,   3.254,   3.450,9999.000,9999.000,9999.000,9999.000,9999.000,9999.000,9999.000
202605030630,   3.119,   3.339,9999.000,9999.000,9999.000,9999.000,9999.000,9999.000,9999.000
202605030636,   2.985,   3.207,9999.000,9999.000,9999.000,9999.000,9999.000,9999.000,9999.000
202605030642,   2.850,   3.079,9999.000,9999.000,9999.000,9999.000,9999.000,9999.000,9999.000
202605030648,   2.716,   2.958,9999.000,9999.000,9999.000,9999.000,9999.000,9999.000,9999.000
202605030654,   2.583,   2.840,9999.000,9999.000,9999.000,9999.000,9999.000,9999.000,9999.000
202605030700,   2.451,   2.719,   0.300,  -0.074,   2.677,   0.300,   2.677,   0.400,   2.777
202605030706,   2.320,   2.587,9999.000,9999.000,9999.000,9999.000,9999.000,9999.000,9999.000
202605030712,   2.190,   2.440,9999.000,9999.000,9999.000,9999.000,9999.000,9999.000,9999.000
202605030718,   2.062,   2.299,9999.000,9999.000,9999.000,9999.000,9999.000,9999.000,9999.000
202605030724,   1.936,   2.177,9999.000,9999.000,9999.000,9999.000,9999.000,9999.000,9999.000
202605030730,   1.813,   2.049,9999.000,9999.000,9999.000,9999.000,9999.000,9999.000,9999.000
202605030736,   1.692,   1.928,9999.000,9999.000,9999.000,9999.000,9999.000,9999.000,9999.000
202605030742,   1.575,   1.830,9999.000,9999.000,9999.000,9999.000,9999.000,9999.000,9999.000
202605030748,   1.460,   1.738,9999.000,9999.000,9999.000,9999.000,9999.000,9999.000,9999.000
202605030754,   1.349,   1.659,9999.000,9999.000,9999.000,9999.000,9999.000,9999.000,9999.000
202605030800,   1.242,   1.630,   0.300,   0.074,   1.616,   0.300,   1.616,   0.400,   1.716
202605030806,   1.140,   1.557,9999.000,9999.000,9999.000,9999.000,9999.000,9999.000,9999.000
202605030812,   1.042,   1.410,9999.000,9999.000,9999.000,9999.000,9999.000,9999.000,9999.000
202605030818,   0.948,   1.348,9999.000,9999.000,9999.000,9999.000,9999.000,9999.000,9999.000
202605030824,   0.860,   1.279,9999.000,9999.000,9999.000,9999.000,9999.000,9999.000,9999.000
202605030830,   0.777,   1.200,9999.000,9999.000,9999.000,9999.000,9999.000,9999.000,9999.000
202605030836,   0.700,   1.108,9999.000,9999.000,9999.000,9999.000,9999.000,9999.000,9999.000
202605030842,   0.629,   1.020,9999.000,9999.000,9999.000,9999.000,9999.000,9999.000,9999.000
202605030848,   0.565,   0.951,9999.000,9999.000,9999.000,9999.000,9999.000,9999.000,9999.000
202605030854,   0.506,   0.898,9999.000,9999.000,9999.000,9999.000,9999.000,9999.000,9999.000
202605030900,   0.454,   0.908,   0.300,   0.289,   1.043,   0.200,   0.943,   0.400,   1.143
202605030906,   0.409,   0.819,9999.000,9999.000,9999.000,9999.000,9999.000,9999.000,9999.000
202605030912,   0.371,   0.669,9999.000,9999.000,9999.000,9999.000,9999.000,9999.000,9999.000
202605030918,   0.339,   0.590,9999.000,9999.000,9999.000,9999.000,9999.000,9999.000,9999.000
202605030924,   0.315,   0.518,9999.000,9999.000,9999.000,9999.000,9999.000,9999.000,9999.000
202605030930,   0.298,   0.469,9999.000,9999.000,9999.000,9999.000,9999.000,9999.000,9999.000
202605030936,   0.288,   0.449,9999.000,9999.000,9999.000,9999.000,9999.000,9999.000,9999.000
202605030942,   0.284,   0.459,9999.000,9999.000,9999.000,9999.000,9999.000,9999.000,9999.000
202605030948,   0.288,   0.478,9999.000,9999.000,9999.000,9999.000,9999.000,9999.000,9999.000
202605030954,   0.299,   0.488,9999.000,9999.000,9999.000,9999.000,9999.000,9999.000,9999.000
202605031000,   0.317,   0.760,   0.300,   0.495,   1.112,   0.200,   1.012,   0.400,   1.212
202605031006,   0.342,   0.829,9999.000,9999.000,9999.000,9999.000,9999.000,9999.000,9999.000
202605031012,   0.373,   0.678,9999.000,9999.000,9999.000,9999.000,9999.000,9999.000,9999.000
202605031018,   0.412,   0.751,9999.000,9999.000,9999.000,9999.000,9999.000,9999.000,9999.000
202605031024,   0.457,   0.849,9999.000,9999.000,9999.000,9999.000,9999.000,9999.000,9999.000
202605031030,   0.508,   0.928,9999.000,9999.000,9999.000,9999.000,9999.000,9999.000,9999.000
202605031036,   0.566,   1.039,9999.000,9999.000,9999.000,9999.000,9999.000,9999.000,9999.000
202605031042,   0.631,   1.151,9999.000,9999.000,9999.000,9999.000,9999.000,9999.000,9999.000
202605031048,   0.702,   1.239,9999.000,9999.000,9999.000,9999.000,9999.000,9999.000,9999.000
202605031054,   0.779,   1.361,9999.000,9999.000,9999.000,9999.000,9999.000,9999.000,9999.000
202605031100,   0.862,   1.728,   0.300,   0.649,   1.811,   0.200,   1.711,   0.400,   1.911
202605031106,   0.951,   1.820,9999.000,9999.000,9999.000,9999.000,9999.000,9999.000,9999.000
202605031112,   1.045,   1.918,9999.000,9999.000,9999.000,9999.000,9999.000,9999.000,9999.000
202605031118,   1.146,   2.040,9999.000,9999.000,9999.000,9999.000,9999.000,9999.000,9999.000
202605031124,   1.252,   2.158,9999.000,9999.000,9999.000,9999.000,9999.000,9999.000,9999.000
202605031130,   1.364,   2.269,9999.000,9999.000,9999.000,9999.000,9999.000,9999.000,9999.000
202605031136,   1.480,   2.387,9999.000,9999.000,9999.000,9999.000,9999.000,9999.000,9999.000
202605031142,   1.601,   2.509,9999.000,9999.000,9999.000,9999.000,9999.000,9999.000,9999.000
202605031148,   1.727,   2.640,9999.000,9999.000,9999.000,9999.000,9999.000,9999.000,9999.000
202605031154,   1.857,   2.748,9999.000,9999.000,9999.000,9999.000,9999.000,9999.000,9999.000
202605031200,   1.990,   2.748,   0.300,   0.756,   3.046,   0.200,   2.946,   0.300,   3.046
202605031206,   2.127,9999.000,9999.000,9999.000,9999.000,9999.000,9999.000,9999.000,9999.000
202605031212,   2.265,9999.000,9999.000,9999.000,9999.000,9999.000,9999.000,9999.000,9999.000
202605031218,   2.406,9999.000,9999.000,9999.000,9999.000,9999.000,9999.000,9999.000,9999.000
202605031224,   2.547,9999.000,9999.000,9999.000,9999.000,9999.000,9999.000,9999.000,9999.000
202605031230,   2.689,9999.000,9999.000,9999.000,9999.000,9999.000,9999.000,9999.000,9999.000
202605031236,   2.830,9999.000,9999.000,9999.000,9999.000,9999.000,9999.000,9999.000,9999.000
202605031242,   2.970,9999.000,9999.000,9999.000,9999.000,9999.000,9999.000,9999.000,9999.000
202605031248,   3.109,9999.000,9999.000,9999.000,9999.000,9999.000,9999.000,9999.000,9999.000
202605031254,   3.244,9999.000,9999.000,9999.000,9999.000,9999.000,9999.000,9999.000,9999.000
202605031300,   3.377,9999.000,   0.300,   0.783,   4.460,   0.200,   4.360,   0.300,   4.460
202605031306,   3.506,9999.000,9999.000,9999.000,9999.000,9999.000,9999.000,9999.000,9999.000
202605031312,   3.630,9999.000,9999.000,9999.000,9999.000,9999.000,9999.000,9999.000,9999.000
202605031318,   3.749,9999.000,9999.000,9999.000,9999.000,9999.000,9999.000,9999.000,9999.000
202605031324,   3.863,9999.000,9999.000,9999.000,9999.000,9999.000,9999.000,9999.000,9999.000
202605031330,   3.972,9999.000,9999.000,9999.000,9999.000,9999.000,9999.000,9999.000,9999.000
202605031336,   4.075,9999.000,9999.000,9999.000,9999.000,9999.000,9999.000,9999.000,9999.000
202605031342,   4.171,9999.000,9999.000,9999.000,9999.000,9999.000,9999.000,9999.000,9999.000
202605031348,   4.262,9999.000,9999.000,9999.000,9999.000,9999.000,9999.000,9999.000,9999.000
202605031354,   4.346,9999.000,9999.000,9999.000,9999.000,9999.000,9999.000,9999.000,9999.000
202605031400,   4.424,9999.000,   0.300,   0.691,   5.415,   0.200,   5.315,   0.300,   5.415
202605031406,   4.495,9999.000,9999.000,9999.000,9999.000,9999.000,9999.000,9999.000,9999.000
202605031412,   4.560,9999.000,9999.000,9999.000,9999.000,9999.000,9999.000,9999.000,9999.000
202605031418,   4.618,9999.000,9999.000,9999.000,9999.000,9999.000,9999.000,9999.000,9999.000
202605031424,   4.670,9999.000,9999.000,9999.000,9999.000,9999.000,9999.000,9999.000,9999.000
202605031430,   4.716,9999.000,9999.000,9999.000,9999.000,9999.000,9999.000,9999.000,9999.000
202605031436,   4.755,9999.000,9999.000,9999.000,9999.000,9999.000,9999.000,9999.000,9999.000
202605031442,   4.788,9999.000,9999.000,9999.000,9999.000,9999.000,9999.000,9999.000,9999.000
202605031448,   4.814,9999.000,9999.000,9999.000,9999.000,9999.000,9999.000,9999.000,9999.000
202605031454,   4.835,9999.000,9999.000,9999.000,9999.000,9999.000,9999.000,9999.000,9999.000
202605031500,   4.849,9999.000,   0.300,   0.534,   5.683,   0.200,   5.583,   0.400,   5.783
202605031506,   4.858,9999.000,9999.000,9999.000,9999.000,9999.000,9999.000,9999.000,9999.000
202605031512,   4.860,9999.000,9999.000,9999.000,9999.000,9999.000,9999.000,9999.000,9999.000
202605031518,   4.857,9999.000,9999.000,9999.000,9999.000,9999.000,9999.000,9999.000,9999.000
202605031524,   4.848,9999.000,9999.000,9999.000,9999.000,9999.000,9999.000,9999.000,9999.000
202605031530,   4.833,9999.000,9999.000,9999.000,9999.000,9999.000,9999.000,9999.000,9999.000
202605031536,   4.813,9999.000,9999.000,9999.000,9999.000,9999.000,9999.000,9999.000,9999.000
202605031542,   4.788,9999.000,9999.000,9999.000,9999.000,9999.000,9999.000,9999.000,9999.000
202605031548,   4.758,9999.000,9999.000,9999.000,9999.000,9999.000,9999.000,9999.000,9999.000
202605031554,   4.722,9999.000,9999.000,9999.000,9999.000,9999.000,9999.000,9999.000,9999.000
202605031600,   4.682,9999.000,   0.300,   0.390,   5.372,   0.200,   5.272,   0.400,   5.472
202605031606,   4.638,9999.000,9999.000,9999.000,9999.000,9999.000,9999.000,9999.000,9999.000
202605031612,   4.588,9999.000,9999.000,9999.000,9999.000,9999.000,9999.000,9999.000,9999.000
202605031618,   4.535,9999.000,9999.000,9999.000,9999.000,9999.000,9999.000,9999.000,9999.000
202605031624,   4.478,9999.000,9999.000,9999.000,9999.000,9999.000,9999.000,9999.000,9999.000
202605031630,   4.416,9999.000,9999.000,9999.000,9999.000,9999.000,9999.000,9999.000,9999.000
202605031636,   4.351,9999.000,9999.000,9999.000,9999.000,9999.000,9999.000,9999.000,9999.000
202605031642,   4.282,9999.000,9999.000,9999.000,9999.000,9999.000,9999.000,9999.000,9999.000
202605031648,   4.211,9999.000,9999.000,9999.000,9999.000,9999.000,9999.000,9999.000,9999.000
202605031654,   4.136,9999.000,9999.000,9999.000,9999.000,9999.000,9999.000,9999.000,9999.000
202605031700,   4.058,9999.000,   0.300,   0.243,   4.601,   0.200,   4.501,   0.400,   4.701
202605031706,   3.977,9999.000,9999.000,9999.000,9999.000,9999.000,9999.000,9999.000,9999.000
202605031712,   3.893,9999.000,9999.000,9999.000,9999.000,9999.000,9999.000,9999.000,9999.000
202605031718,   3.808,9999.000,9999.000,9999.000,9999.000,9999.000,9999.000,9999.000,9999.000
202605031724,   3.720,9999.000,9999.000,9999.000,9999.000,9999.000,9999.000,9999.000,9999.000
202605031730,   3.630,9999.000,9999.000,9999.000,9999.000,9999.000,9999.000,9999.000,9999.000
202605031736,   3.538,9999.000,9999.000,9999.000,9999.000,9999.000,9999.000,9999.000,9999.000
202605031742,   3.444,9999.000,9999.000,9999.000,9999.000,9999.000,9999.000,9999.000,9999.000
202605031748,   3.349,9999.000,9999.000,9999.000,9999.000,9999.000,9999.000,9999.000,9999.000
202605031754,   3.252,9999.000,9999.000,9999.000,9999.000,9999.000,9999.000,9999.000,9999.000
202605031800,   3.154,9999.000,   0.300,   0.054,   3.508,   0.200,   3.408,   0.400,   3.608
202605031806,   3.055,9999.000,9999.000,9999.000,9999.000,9999.000,9999.000,9999.000,9999.000
202605031812,   2.955,9999.000,9999.000,9999.000,9999.000,9999.000,9999.000,9999.000,9999.000
202605031818,   2.854,9999.000,9999.000,9999.000,9999.000,9999.000,9999.000,9999.000,9999.000
202605031824,   2.752,9999.000,9999.000,9999.000,9999.000,9999.000,9999.000,9999.000,9999.000
202605031830,   2.650,9999.000,9999.000,9999.000,9999.000,9999.000,9999.000,9999.000,9999.000
202605031836,   2.548,9999.000,9999.000,9999.000,9999.000,9999.000,9999.000,9999.000,9999.000
202605031842,   2.446,9999.000,9999.000,9999.000,9999.000,9999.000,9999.000,9999.000,9999.000
202605031848,   2.343,9999.000,9999.000,9999.000,9999.000,9999.000,9999.000,9999.000,9999.000
202605031854,   2.241,9999.000,9999.000,9999.000,9999.000,9999.000,9999.000,9999.000,9999.000
202605031900,   2.139,9999.000,   0.300,  -0.071,   2.368,   0.200,   2.268,   0.400,   2.468
202605031906,   2.038,9999.000,9999.000,9999.000,9999.000,9999.000,9999.000,9999.000,9999.000
202605031912,   1.938,9999.000,9999.000,9999.000,9999.000,9999.000,9999.000,9999.000,9999.000
202605031918,   1.839,9999.000,9999.000,9999.000,9999.000,9999.000,9999.000,9999.000,9999.000
202605031924,   1.741,9999.000,9999.000,9999.000,9999.000,9999.000,9999.000,9999.000,9999.000
202605031930,   1.645,9999.000,9999.000,9999.000,9999.000,9999.000,9999.000,9999.000,9999.000
202605031936,   1.550,9999.000,9999.000,9999.000,9999.000,9999.000,9999.000,9999.000,9999.000
202605031942,   1.458,9999.000,9999.000,9999.000,9999.000,9999.000,9999.000,9999.000,9999.000
202605031948,   1.368,9999.000,9999.000,9999.000,9999.000,9999.000,9999.000,9999.000,9999.000
202605031954,   1.280,9999.000,9999.000,9999.000,9999.000,9999.000,9999.000,9999.000,9999.000
202605032000,   1.196,9999.000,   0.300,   0.017,   1.513,   0.200,   1.413,   0.400,   1.613
202605032006,   1.115,9999.000,9999.000,9999.000,9999.000,9999.000,9999.000,9999.000,9999.000
202605032012,   1.037,9999.000,9999.000,9999.000,9999.000,9999.000,9999.000,9999.000,9999.000
202605032018,   0.963,9999.000,9999.000,9999.000,9999.000,9999.000,9999.000,9999.000,9999.000
202605032024,   0.893,9999.000,9999.000,9999.000,9999.000,9999.000,9999.000,9999.000,9999.000
202605032030,   0.828,9999.000,9999.000,9999.000,9999.000,9999.000,9999.000,9999.000,9999.000
202605032036,   0.768,9999.000,9999.000,9999.000,9999.000,9999.000,9999.000,9999.000,9999.000
202605032042,   0.713,9999.000,9999.000,9999.000,9999.000,9999.000,9999.000,9999.000,9999.000
202605032048,   0.664,9999.000,9999.000,9999.000,9999.000,9999.000,9999.000,9999.000,9999.000
202605032054,   0.620,9999.000,9999.000,9999.000,9999.000,9999.000,9999.000,9999.000,9999.000
202605032100,   0.583,9999.000,   0.300,   0.267,   1.150,   0.200,   1.050,   0.500,   1.350
202605032106,   0.552,9999.000,9999.000,9999.000,9999.000,9999.000,9999.000,9999.000,9999.000
202605032112,   0.528,9999.000,9999.000,9999.000,9999.000,9999.000,9999.000,9999.000,9999.000
202605032118,   0.510,9999.000,9999.000,9999.000,9999.000,9999.000,9999.000,9999.000,9999.000
202605032124,   0.501,9999.000,9999.000,9999.000,9999.000,9999.000,9999.000,9999.000,9999.000
202605032130,   0.498,9999.000,9999.000,9999.000,9999.000,9999.000,9999.000,9999.000,9999.000
202605032136,   0.503,9999.000,9999.000,9999.000,9999.000,9999.000,9999.000,9999.000,9999.000
202605032142,   0.516,9999.000,9999.000,9999.000,9999.000,9999.000,9999.000,9999.000,9999.000
202605032148,   0.537,9999.000,9999.000,9999.000,9999.000,9999.000,9999.000,9999.000,9999.000
202605032154,   0.565,9999.000,9999.000,9999.000,9999.000,9999.000,9999.000,9999.000,9999.000
202605032200,   0.601,9999.000,   0.400,   0.459,   1.460,   0.300,   1.360,   0.500,   1.560
202605032206,   0.644,9999.000,9999.000,9999.000,9999.000,9999.000,9999.000,9999.000,9999.000
202605032212,   0.695,9999.000,9999.000,9999.000,9999.000,9999.000,9999.000,9999.000,9999.000
202605032218,   0.754,9999.000,9999.000,9999.000,9999.000,9999.000,9999.000,9999.000,9999.000
202605032224,   0.819,9999.000,9999.000,9999.000,9999.000,9999.000,9999.000,9999.000,9999.000
202605032230,   0.892,9999.000,9999.000,9999.000,9999.000,9999.000,9999.000,9999.000,9999.000
202605032236,   0.971,9999.000,9999.000,9999.000,9999.000,9999.000,9999.000,9999.000,9999.000
202605032242,   1.057,9999.000,9999.000,9999.000,9999.000,9999.000,9999.000,9999.000,9999.000
202605032248,   1.149,9999.000,9999.000,9999.000,9999.000,9999.000,9999.000,9999.000,9999.000
202605032254,   1.247,9999.000,9999.000,9999.000,9999.000,9999.000,9999.000,9999.000,9999.000
202605032300,   1.352,9999.000,   0.400,   0.498,   2.250,   0.300,   2.150,   0.500,   2.350
202605032306,   1.462,9999.000,9999.000,9999.000,9999.000,9999.000,9999.000,9999.000,9999.000
202605032312,   1.577,9999.000,9999.000,9999.000,9999.000,9999.000,9999.000,9999.000,9999.000
202605032318,   1.698,9999.000,9999.000,9999.000,9999.000,9999.000,9999.000,9999.000,9999.000
202605032324,   1.824,9999.000,9999.000,9999.000,9999.000,9999.000,9999.000,9999.000,9999.000
202605032330,   1.955,9999.000,9999.000,9999.000,9999.000,9999.000,9999.000,9999.000,9999.000
202605032336,   2.090,9999.000,9999.000,9999.000,9999.000,9999.000,9999.000,9999.000,9999.000
202605032342,   2.230,9999.000,9999.000,9999.000,9999.000,9999.000,9999.000,9999.000,9999.000
202605032348,   2.375,9999.000,9999.000,9999.000,9999.000,9999.000,9999.000,9999.000,9999.000
202605032354,   2.523,9999.000,9999.000,9999.000,9999.000,9999.000,9999.000,9999.000,9999.000
202605040000,   2.675,9999.000,   0.400,   0.491,   3.566,   0.400,   3.566,   0.500,   3.666
202605040006,   2.830,9999.000,9999.000,9999.000,9999.000,9999.000,9999.000,9999.000,9999.000
202605040012,   2.988,9999.000,9999.000,9999.000,9999.000,9999.000,9999.000,9999.000,9999.000
202605040018,   3.148,9999.000,9999.000,9999.000,9999.000,9999.000,9999.000,9999.000,9999.000
202605040024,   3.310,9999.000,9999.000,9999.000,9999.000,9999.000,9999.000,9999.000,9999.000
202605040030,   3.473,9999.000,9999.000,9999.000,9999.000,9999.000,9999.000,9999.000,9999.000
202605040036,   3.637,9999.000,9999.000,9999.000,9999.000,9999.000,9999.000,9999.000,9999.000
202605040042,   3.801,9999.000,9999.000,9999.000,9999.000,9999.000,9999.000,9999.000,9999.000
202605040048,   3.964,9999.000,9999.000,9999.000,9999.000,9999.000,9999.000,9999.000,9999.000
202605040054,   4.126,9999.000,9999.000,9999.000,9999.000,9999.000,9999.000,9999.000,9999.000
202605040100,   4.285,9999.000,   0.500,   0.515,   5.300,   0.400,   5.200,   0.500,   5.300
202605040106,   4.441,9999.000,9999.000,9999.000,9999.000,9999.000,9999.000,9999.000,9999.000
202605040112,   4.594,9999.000,9999.000,9999.000,9999.000,9999.000,9999.000,9999.000,9999.000
202605040118,   4.743,9999.000,9999.000,9999.000,9999.000,9999.000,9999.000,9999.000,9999.000
202605040124,   4.886,9999.000,9999.000,9999.000,9999.000,9999.000,9999.000,9999.000,9999.000
202605040130,   5.025,9999.000,9999.000,9999.000,9999.000,9999.000,9999.000,9999.000,9999.000
202605040136,   5.157,9999.000,9999.000,9999.000,9999.000,9999.000,9999.000,9999.000,9999.000
202605040142,   5.284,9999.000,9999.000,9999.000,9999.000,9999.000,9999.000,9999.000,9999.000
202605040148,   5.403,9999.000,9999.000,9999.000,9999.000,9999.000,9999.000,9999.000,9999.000
202605040154,   5.516,9999.000,9999.000,9999.000,9999.000,9999.000,9999.000,9999.000,9999.000
202605040200,   5.622,9999.000,   0.500,   0.490,   6.612,   0.400,   6.512,   0.500,   6.612
202605040206,   5.720,9999.000,9999.000,9999.000,9999.000,9999.000,9999.000,9999.000,9999.000
202605040212,   5.812,9999.000,9999.000,9999.000,9999.000,9999.000,9999.000,9999.000,9999.000
202605040218,   5.895,9999.000,9999.000,9999.000,9999.000,9999.000,9999.000,9999.000,9999.000
202605040224,   5.971,9999.000,9999.000,9999.000,9999.000,9999.000,9999.000,9999.000,9999.000
202605040230,   6.040,9999.000,9999.000,9999.000,9999.000,9999.000,9999.000,9999.000,9999.000
202605040236,   6.101,9999.000,9999.000,9999.000,9999.000,9999.000,9999.000,9999.000,9999.000
202605040242,   6.155,9999.000,9999.000,9999.000,9999.000,9999.000,9999.000,9999.000,9999.000
202605040248,   6.201,9999.000,9999.000,9999.000,9999.000,9999.000,9999.000,9999.000,9999.000
202605040254,   6.240,9999.000,9999.000,9999.000,9999.000,9999.000,9999.000,9999.000,9999.000
202605040300,   6.272,9999.000,   0.500,   0.337,   7.109,   0.400,   7.009,   0.500,   7.109
202605040306,   6.297,9999.000,9999.000,9999.000,9999.000,9999.000,9999.000,9999.000,9999.000
202605040312,   6.314,9999.000,9999.000,9999.000,9999.000,9999.000,9999.000,9999.000,9999.000
202605040318,   6.325,9999.000,9999.000,9999.000,9999.000,9999.000,9999.000,9999.000,9999.000
202605040324,   6.329,9999.000,9999.000,9999.000,9999.000,9999.000,9999.000,9999.000,9999.000
202605040330,   6.326,9999.000,9999.000,9999.000,9999.000,9999.000,9999.000,9999.000,9999.000
202605040336,   6.317,9999.000,9999.000,9999.000,9999.000,9999.000,9999.000,9999.000,9999.000
202605040342,   6.301,9999.000,9999.000,9999.000,9999.000,9999.000,9999.000,9999.000,9999.000
202605040348,   6.278,9999.000,9999.000,9999.000,9999.000,9999.000,9999.000,9999.000,9999.000
202605040354,   6.250,9999.000,9999.000,9999.000,9999.000,9999.000,9999.000,9999.000,9999.000
202605040400,   6.216,9999.000,   0.500,   0.127,   6.843,   0.400,   6.743,   0.500,   6.843
202605040406,   6.175,9999.000,9999.000,9999.000,9999.000,9999.000,9999.000,9999.000,9999.000
202605040412,   6.129,9999.000,9999.000,9999.000,9999.000,9999.000,9999.000,9999.000,9999.000
202605040418,   6.077,9999.000,9999.000,9999.000,9999.000,9999.000,9999.000,9999.000,9999.000
202605040424,   6.020,9999.000,9999.000,9999.000,9999.000,9999.000,9999.000,9999.000,9999.000
202605040430,   5.958,9999.000,9999.000,9999.000,9999.000,9999.000,9999.000,9999.000,9999.000
202605040436,   5.891,9999.000,9999.000,9999.000,9999.000,9999.000,9999.000,9999.000,9999.000
202605040442,   5.819,9999.000,9999.000,9999.000,9999.000,9999.000,9999.000,9999.000,9999.000
202605040448,   5.743,9999.000,9999.000,9999.000,9999.000,9999.000,9999.000,9999.000,9999.000
202605040454,   5.662,9999.000,9999.000,9999.000,9999.000,9999.000,9999.000,9999.000,9999.000
202605040500,   5.577,9999.000,   0.400,  -0.028,   5.949,   0.400,   5.949,   0.500,   6.049
202605040506,   5.487,9999.000,9999.000,9999.000,9999.000,9999.000,9999.000,9999.000,9999.000
202605040512,   5.395,9999.000,9999.000,9999.000,9999.000,9999.000,9999.000,9999.000,9999.000
202605040518,   5.298,9999.000,9999.000,9999.000,9999.000,9999.000,9999.000,9999.000,9999.000
202605040524,   5.198,9999.000,9999.000,9999.000,9999.000,9999.000,9999.000,9999.000,9999.000
202605040530,   5.095,9999.000,9999.000,9999.000,9999.000,9999.000,9999.000,9999.000,9999.000
202605040536,   4.989,9999.000,9999.000,9999.000,9999.000,9999.000,9999.000,9999.000,9999.000
202605040542,   4.881,9999.000,9999.000,9999.000,9999.000,9999.000,9999.000,9999.000,9999.000
202605040548,   4.769,9999.000,9999.000,9999.000,9999.000,9999.000,9999.000,9999.000,9999.000
202605040554,   4.656,9999.000,9999.000,9999.000,9999.000,9999.000,9999.000,9999.000,9999.000
202605040600,   4.540,9999.000,   0.400,  -0.103,   4.837,   0.300,   4.737,   0.500,   4.937
202605040606,   4.422,9999.000,9999.000,9999.000,9999.000,9999.000,9999.000,9999.000,9999.000
202605040612,   4.302,9999.000,9999.000,9999.000,9999.000,9999.000,9999.000,9999.000,9999.000
202605040618,   4.181,9999.000,9999.000,9999.000,9999.000,9999.000,9999.000,9999.000,9999.000
202605040624,   4.058,9999.000,9999.000,9999.000,9999.000,9999.000,9999.000,9999.000,9999.000
202605040630,   3.934,9999.000,9999.000,9999.000,9999.000,9999.000,9999.000,9999.000,9999.000
202605040636,   3.809,9999.000,9999.000,9999.000,9999.000,9999.000,9999.000,9999.000,9999.000
202605040642,   3.682,9999.000,9999.000,9999.000,9999.000,9999.000,9999.000,9999.000,9999.000
202605040648,   3.556,9999.000,9999.000,9999.000,9999.000,9999.000,9999.000,9999.000,9999.000
202605040654,   3.428,9999.000,9999.000,9999.000,9999.000,9999.000,9999.000,9999.000,9999.000
202605040700,   3.300,9999.000,   0.400,  -0.119,   3.581,   0.300,   3.481,   0.500,   3.681
202605040706,   3.172,9999.000,9999.000,9999.000,9999.000,9999.000,9999.000,9999.000,9999.000
202605040712,   3.044,9999.000,9999.000,9999.000,9999.000,9999.000,9999.000,9999.000,9999.000
202605040718,   2.917,9999.000,9999.000,9999.000,9999.000,9999.000,9999.000,9999.000,9999.000
202605040724,   2.789,9999.000,9999.000,9999.000,9999.000,9999.000,9999.000,9999.000,9999.000
202605040730,   2.663,9999.000,9999.000,9999.000,9999.000,9999.000,9999.000,9999.000,9999.000
202605040736,   2.537,9999.000,9999.000,9999.000,9999.000,9999.000,9999.000,9999.000,9999.000
202605040742,   2.412,9999.000,9999.000,9999.000,9999.000,9999.000,9999.000,9999.000,9999.000
202605040748,   2.289,9999.000,9999.000,9999.000,9999.000,9999.000,9999.000,9999.000,9999.000
202605040754,   2.168,9999.000,9999.000,9999.000,9999.000,9999.000,9999.000,9999.000,9999.000
202605040800,   2.048,9999.000,   0.400,  -0.064,   2.384,   0.300,   2.284,   0.500,   2.484
202605040806,   1.930,9999.000,9999.000,9999.000,9999.000,9999.000,9999.000,9999.000,9999.000
202605040812,   1.815,9999.000,9999.000,9999.000,9999.000,9999.000,9999.000,9999.000,9999.000
202605040818,   1.703,9999.000,9999.000,9999.000,9999.000,9999.000,9999.000,9999.000,9999.000
202605040824,   1.594,9999.000,9999.000,9999.000,9999.000,9999.000,9999.000,9999.000,9999.000
202605040830,   1.488,9999.000,9999.000,9999.000,9999.000,9999.000,9999.000,9999.000,9999.000
202605040836,   1.385,9999.000,9999.000,9999.000,9999.000,9999.000,9999.000,9999.000,9999.000
202605040842,   1.287,9999.000,9999.000,9999.000,9999.000,9999.000,9999.000,9999.000,9999.000
202605040848,   1.192,9999.000,9999.000,9999.000,9999.000,9999.000,9999.000,9999.000,9999.000
202605040854,   1.103,9999.000,9999.000,9999.000,9999.000,9999.000,9999.000,9999.000,9999.000
202605040900,   1.018,9999.000,   0.400,   0.075,   1.493,   0.300,   1.393,   0.500,   1.593
202605040906,   0.938,9999.000,9999.000,9999.000,9999.000,9999.000,9999.000,9999.000,9999.000
202605040912,   0.863,9999.000,9999.000,9999.000,9999.000,9999.000,9999.000,9999.000,9999.000
202605040918,   0.794,9999.000,9999.000,9999.000,9999.000,9999.000,9999.000,9999.000,9999.000
202605040924,   0.731,9999.000,9999.000,9999.000,9999.000,9999.000,9999.000,9999.000,9999.000
202605040930,   0.674,9999.000,9999.000,9999.000,9999.000,9999.000,9999.000,9999.000,9999.000
202605040936,   0.623,9999.000,9999.000,9999.000,9999.000,9999.000,9999.000,9999.000,9999.000
202605040942,   0.579,9999.000,9999.000,9999.000,9999.000,9999.000,9999.000,9999.000,9999.000
202605040948,   0.541,9999.000,9999.000,9999.000,9999.000,9999.000,9999.000,9999.000,9999.000
202605040954,   0.509,9999.000,9999.000,9999.000,9999.000,9999.000,9999.000,9999.000,9999.000
202605041000,   0.485,9999.000,   0.400,   0.266,   1.151,   0.300,   1.051,   0.500,   1.251
202605041006,   0.467,9999.000,9999.000,9999.000,9999.000,9999.000,9999.000,9999.000,9999.000
202605041012,   0.456,9999.000,9999.000,9999.000,9999.000,9999.000,9999.000,9999.000,9999.000
202605041018,   0.451,9999.000,9999.000,9999.000,9999.000,9999.000,9999.000,9999.000,9999.000
202605041024,   0.454,9999.000,9999.000,9999.000,9999.000,9999.000,9999.000,9999.000,9999.000
202605041030,   0.463,9999.000,9999.000,9999.000,9999.000,9999.000,9999.000,9999.000,9999.000
202605041036,   0.478,9999.000,9999.000,9999.000,9999.000,9999.000,9999.000,9999.000,9999.000
202605041042,   0.500,9999.000,9999.000,9999.000,9999.000,9999.000,9999.000,9999.000,9999.000
202605041048,   0.528,9999.000,9999.000,9999.000,9999.000,9999.000,9999.000,9999.000,9999.000
202605041054,   0.562,9999.000,9999.000,9999.000,9999.000,9999.000,9999.000,9999.000,9999.000
202605041100,   0.603,9999.000,   0.400,   0.465,   1.468,   0.300,   1.368,   0.500,   1.568
202605041106,   0.649,9999.000,9999.000,9999.000,9999.000,9999.000,9999.000,9999.000,9999.000
202605041112,   0.701,9999.000,9999.000,9999.000,9999.000,9999.000,9999.000,9999.000,9999.000
202605041118,   0.759,9999.000,9999.000,9999.000,9999.000,9999.000,9999.000,9999.000,9999.000
202605041124,   0.822,9999.000,9999.000,9999.000,9999.000,9999.000,9999.000,9999.000,9999.000
202605041130,   0.891,9999.000,9999.000,9999.000,9999.000,9999.000,9999.000,9999.000,9999.000
202605041136,   0.965,9999.000,9999.000,9999.000,9999.000,9999.000,9999.000,9999.000,9999.000
202605041142,   1.044,9999.000,9999.000,9999.000,9999.000,9999.000,9999.000,9999.000,9999.000
202605041148,   1.128,9999.000,9999.000,9999.000,9999.000,9999.000,9999.000,9999.000,9999.000
202605041154,   1.217,9999.000,9999.000,9999.000,9999.000,9999.000,9999.000,9999.000,9999.000
202605041200,   1.310,9999.000,   0.300,   0.639,   2.249,   0.200,   2.149,   0.400,   2.349
202605041206,   1.409,9999.000,9999.000,9999.000,9999.000,9999.000,9999.000,9999.000,9999.000
202605041212,   1.512,9999.000,9999.000,9999.000,9999.000,9999.000,9999.000,9999.000,9999.000
202605041218,   1.619,9999.000,9999.000,9999.000,9999.000,9999.000,9999.000,9999.000,9999.000
202605041224,   1.731,9999.000,9999.000,9999.000,9999.000,9999.000,9999.000,9999.000,9999.000
202605041230,   1.846,9999.000,9999.000,9999.000,9999.000,9999.000,9999.000,9999.000,9999.000
202605041236,   1.965,9999.000,9999.000,9999.000,9999.000,9999.000,9999.000,9999.000,9999.000
202605041242,   2.087,9999.000,9999.000,9999.000,9999.000,9999.000,9999.000,9999.000,9999.000
202605041248,   2.213,9999.000,9999.000,9999.000,9999.000,9999.000,9999.000,9999.000,9999.000
202605041254,   2.340,9999.000,9999.000,9999.000,9999.000,9999.000,9999.000,9999.000,9999.000
202605041300,   2.469,9999.000,   0.300,   0.746,   3.515,   0.200,   3.415,   0.300,   3.515
202605041306,   2.600,9999.000,9999.000,9999.000,9999.000,9999.000,9999.000,9999.000,9999.000
202605041312,   2.730,9999.000,9999.000,9999.000,9999.000,9999.000,9999.000,9999.000,9999.000
202605041318,   2.861,9999.000,9999.000,9999.000,9999.000,9999.000,9999.000,9999.000,9999.000
202605041324,   2.991,9999.000,9999.000,9999.000,9999.000,9999.000,9999.000,9999.000,9999.000
202605041330,   3.119,9999.000,9999.000,9999.000,9999.000,9999.000,9999.000,9999.000,9999.000
202605041336,   3.245,9999.000,9999.000,9999.000,9999.000,9999.000,9999.000,9999.000,9999.000
202605041342,   3.368,9999.000,9999.000,9999.000,9999.000,9999.000,9999.000,9999.000,9999.000
202605041348,   3.487,9999.000,9999.000,9999.000,9999.000,9999.000,9999.000,9999.000,9999.000
202605041354,   3.602,9999.000,9999.000,9999.000,9999.000,9999.000,9999.000,9999.000,9999.000
202605041400,   3.712,9999.000,   0.200,   0.753,   4.665,   0.100,   4.565,   0.300,   4.765
202605041406,   3.818,9999.000,9999.000,9999.000,9999.000,9999.000,9999.000,9999.000,9999.000
202605041412,   3.917,9999.000,9999.000,9999.000,9999.000,9999.000,9999.000,9999.000,9999.000
202605041418,   4.012,9999.000,9999.000,9999.000,9999.000,9999.000,9999.000,9999.000,9999.000
202605041424,   4.100,9999.000,9999.000,9999.000,9999.000,9999.000,9999.000,9999.000,9999.000
202605041430,   4.182,9999.000,9999.000,9999.000,9999.000,9999.000,9999.000,9999.000,9999.000
202605041436,   4.258,9999.000,9999.000,9999.000,9999.000,9999.000,9999.000,9999.000,9999.000
202605041442,   4.327,9999.000,9999.000,9999.000,9999.000,9999.000,9999.000,9999.000,9999.000
202605041448,   4.390,9999.000,9999.000,9999.000,9999.000,9999.000,9999.000,9999.000,9999.000
202605041454,   4.447,9999.000,9999.000,9999.000,9999.000,9999.000,9999.000,9999.000,9999.000
202605041500,   4.498,9999.000,   0.200,   0.682,   5.380,   0.100,   5.280,   0.300,   5.480
202605041506,   4.543,9999.000,9999.000,9999.000,9999.000,9999.000,9999.000,9999.000,9999.000
202605041512,   4.581,9999.000,9999.000,9999.000,9999.000,9999.000,9999.000,9999.000,9999.000
202605041518,   4.613,9999.000,9999.000,9999.000,9999.000,9999.000,9999.000,9999.000,9999.000
202605041524,   4.639,9999.000,9999.000,9999.000,9999.000,9999.000,9999.000,9999.000,9999.000
202605041530,   4.660,9999.000,9999.000,9999.000,9999.000,9999.000,9999.000,9999.000,9999.000
202605041536,   4.674,9999.000,9999.000,9999.000,9999.000,9999.000,9999.000,9999.000,9999.000
202605041542,   4.683,9999.000,9999.000,9999.000,9999.000,9999.000,9999.000,9999.000,9999.000
202605041548,   4.687,9999.000,9999.000,9999.000,9999.000,9999.000,9999.000,9999.000,9999.000
202605041554,   4.685,9999.000,9999.000,9999.000,9999.000,9999.000,9999.000,9999.000,9999.000
202605041600,   4.677,9999.000,   0.200,   0.577,   5.454,   0.100,   5.354,   0.300,   5.554
202605041606,   4.665,9999.000,9999.000,9999.000,9999.000,9999.000,9999.000,9999.000,9999.000
202605041612,   4.647,9999.000,9999.000,9999.000,9999.000,9999.000,9999.000,9999.000,9999.000
202605041618,   4.625,9999.000,9999.000,9999.000,9999.000,9999.000,9999.000,9999.000,9999.000
202605041624,   4.597,9999.000,9999.000,9999.000,9999.000,9999.000,9999.000,9999.000,9999.000
202605041630,   4.565,9999.000,9999.000,9999.000,9999.000,9999.000,9999.000,9999.000,9999.000
202605041636,   4.529,9999.000,9999.000,9999.000,9999.000,9999.000,9999.000,9999.000,9999.000
202605041642,   4.488,9999.000,9999.000,9999.000,9999.000,9999.000,9999.000,9999.000,9999.000
202605041648,   4.443,9999.000,9999.000,9999.000,9999.000,9999.000,9999.000,9999.000,9999.000
202605041654,   4.394,9999.000,9999.000,9999.000,9999.000,9999.000,9999.000,9999.000,9999.000
202605041700,   4.341,9999.000,   0.200,   0.430,   4.971,   0.100,   4.871,   0.300,   5.071
202605041706,   4.284,9999.000,9999.000,9999.000,9999.000,9999.000,9999.000,9999.000,9999.000
202605041712,   4.224,9999.000,9999.000,9999.000,9999.000,9999.000,9999.000,9999.000,9999.000
202605041718,   4.161,9999.000,9999.000,9999.000,9999.000,9999.000,9999.000,9999.000,9999.000
202605041724,   4.094,9999.000,9999.000,9999.000,9999.000,9999.000,9999.000,9999.000,9999.000
202605041730,   4.025,9999.000,9999.000,9999.000,9999.000,9999.000,9999.000,9999.000,9999.000
202605041736,   3.952,9999.000,9999.000,9999.000,9999.000,9999.000,9999.000,9999.000,9999.000
202605041742,   3.877,9999.000,9999.000,9999.000,9999.000,9999.000,9999.000,9999.000,9999.000
202605041748,   3.800,9999.000,9999.000,9999.000,9999.000,9999.000,9999.000,9999.000,9999.000
202605041754,   3.720,9999.000,9999.000,9999.000,9999.000,9999.000,9999.000,9999.000,9999.000
202605041800,   3.638,9999.000,   0.200,   0.225,   4.063,   0.100,   3.963,   0.300,   4.163
202605041806,   3.554,9999.000,9999.000,9999.000,9999.000,9999.000,9999.000,9999.000,9999.000
202605041812,   3.468,9999.000,9999.000,9999.000,9999.000,9999.000,9999.000,9999.000,9999.000
202605041818,   3.381,9999.000,9999.000,9999.000,9999.000,9999.000,9999.000,9999.000,9999.000
202605041824,   3.293,9999.000,9999.000,9999.000,9999.000,9999.000,9999.000,9999.000,9999.000
202605041830,   3.203,9999.000,9999.000,9999.000,9999.000,9999.000,9999.000,9999.000,9999.000
202605041836,   3.112,9999.000,9999.000,9999.000,9999.000,9999.000,9999.000,9999.000,9999.000
202605041842,   3.020,9999.000,9999.000,9999.000,9999.000,9999.000,9999.000,9999.000,9999.000
202605041848,   2.927,9999.000,9999.000,9999.000,9999.000,9999.000,9999.000,9999.000,9999.000
202605041854,   2.834,9999.000,9999.000,9999.000,9999.000,9999.000,9999.000,9999.000,9999.000
202605041900,   2.740,9999.000,   0.200,   0.040,   2.980,   0.100,   2.880,   0.300,   3.080
202605041906,   2.646,9999.000,9999.000,9999.000,9999.000,9999.000,9999.000,9999.000,9999.000
202605041912,   2.551,9999.000,9999.000,9999.000,9999.000,9999.000,9999.000,9999.000,9999.000
202605041918,   2.457,9999.000,9999.000,9999.000,9999.000,9999.000,9999.000,9999.000,9999.000
202605041924,   2.362,9999.000,9999.000,9999.000,9999.000,9999.000,9999.000,9999.000,9999.000
202605041930,   2.268,9999.000,9999.000,9999.000,9999.000,9999.000,9999.000,9999.000,9999.000
202605041936,   2.175,9999.000,9999.000,9999.000,9999.000,9999.000,9999.000,9999.000,9999.000
202605041942,   2.082,9999.000,9999.000,9999.000,9999.000,9999.000,9999.000,9999.000,9999.000
202605041948,   1.990,9999.000,9999.000,9999.000,9999.000,9999.000,9999.000,9999.000,9999.000
202605041954,   1.899,9999.000,9999.000,9999.000,9999.000,9999.000,9999.000,9999.000,9999.000
202605042000,   1.810,9999.000,   0.200,   0.002,   2.012,   0.100,   1.912,   0.300,   2.112
202605042006,   1.722,9999.000,9999.000,9999.000,9999.000,9999.000,9999.000,9999.000,9999.000
202605042012,   1.635,9999.000,9999.000,9999.000,9999.000,9999.000,9999.000,9999.000,9999.000
202605042018,   1.551,9999.000,9999.000,9999.000,9999.000,9999.000,9999.000,9999.000,9999.000
202605042024,   1.468,9999.000,9999.000,9999.000,9999.000,9999.000,9999.000,9999.000,9999.000
202605042030,   1.388,9999.000,9999.000,9999.000,9999.000,9999.000,9999.000,9999.000,9999.000
202605042036,   1.311,9999.000,9999.000,9999.000,9999.000,9999.000,9999.000,9999.000,9999.000
202605042042,   1.237,9999.000,9999.000,9999.000,9999.000,9999.000,9999.000,9999.000,9999.000
202605042048,   1.166,9999.000,9999.000,9999.000,9999.000,9999.000,9999.000,9999.000,9999.000
202605042054,   1.098,9999.000,9999.000,9999.000,9999.000,9999.000,9999.000,9999.000,9999.000
202605042100,   1.034,9999.000,   0.200,   0.123,   1.357,   0.100,   1.257,   0.300,   1.457
202605042106,   0.975,9999.000,9999.000,9999.000,9999.000,9999.000,9999.000,9999.000,9999.000
202605042112,   0.919,9999.000,9999.000,9999.000,9999.000,9999.000,9999.000,9999.000,9999.000
202605042118,   0.869,9999.000,9999.000,9999.000,9999.000,9999.000,9999.000,9999.000,9999.000
202605042124,   0.824,9999.000,9999.000,9999.000,9999.000,9999.000,9999.000,9999.000,9999.000
202605042130,   0.784,9999.000,9999.000,9999.000,9999.000,9999.000,9999.000,9999.000,9999.000
202605042136,   0.749,9999.000,9999.000,9999.000,9999.000,9999.000,9999.000,9999.000,9999.000
202605042142,   0.721,9999.000,9999.000,9999.000,9999.000,9999.000,9999.000,9999.000,9999.000
202605042148,   0.699,9999.000,9999.000,9999.000,9999.000,9999.000,9999.000,9999.000,9999.000
202605042154,   0.683,9999.000,9999.000,9999.000,9999.000,9999.000,9999.000,9999.000,9999.000
202605042200,   0.675,9999.000,   0.200,   0.272,   1.147,   0.100,   1.047,   0.300,   1.247
202605042206,   0.673,9999.000,9999.000,9999.000,9999.000,9999.000,9999.000,9999.000,9999.000
202605042212,   0.678,9999.000,9999.000,9999.000,9999.000,9999.000,9999.000,9999.000,9999.000
202605042218,   0.691,9999.000,9999.000,9999.000,9999.000,9999.000,9999.000,9999.000,9999.000
202605042224,   0.711,9999.000,9999.000,9999.000,9999.000,9999.000,9999.000,9999.000,9999.000
202605042230,   0.738,9999.000,9999.000,9999.000,9999.000,9999.000,9999.000,9999.000,9999.000
202605042236,   0.773,9999.000,9999.000,9999.000,9999.000,9999.000,9999.000,9999.000,9999.000
202605042242,   0.814,9999.000,9999.000,9999.000,9999.000,9999.000,9999.000,9999.000,9999.000
202605042248,   0.863,9999.000,9999.000,9999.000,9999.000,9999.000,9999.000,9999.000,9999.000
202605042254,   0.919,9999.000,9999.000,9999.000,9999.000,9999.000,9999.000,9999.000,9999.000
202605042300,   0.981,9999.000,   0.200,   0.353,   1.534,   0.000,   1.334,   0.300,   1.634
202605042306,   1.050,9999.000,9999.000,9999.000,9999.000,9999.000,9999.000,9999.000,9999.000
202605042312,   1.125,9999.000,9999.000,9999.000,9999.000,9999.000,9999.000,9999.000,9999.000
202605042318,   1.206,9999.000,9999.000,9999.000,9999.000,9999.000,9999.000,9999.000,9999.000
202605042324,   1.292,9999.000,9999.000,9999.000,9999.000,9999.000,9999.000,9999.000,9999.000
202605042330,   1.385,9999.000,9999.000,9999.000,9999.000,9999.000,9999.000,9999.000,9999.000
202605042336,   1.482,9999.000,9999.000,9999.000,9999.000,9999.000,9999.000,9999.000,9999.000
202605042342,   1.585,9999.000,9999.000,9999.000,9999.000,9999.000,9999.000,9999.000,9999.000
202605042348,   1.692,9999.000,9999.000,9999.000,9999.000,9999.000,9999.000,9999.000,9999.000
202605042354,   1.804,9999.000,9999.000,9999.000,9999.000,9999.000,9999.000,9999.000,9999.000
202605050000,   1.920,9999.000,   0.100,   0.406,   2.426,   0.000,   2.326,   0.300,   2.626
202605050006,   2.041,9999.000,9999.000,9999.000,9999.000,9999.000,9999.000,9999.000,9999.000
202605050012,   2.165,9999.000,9999.000,9999.000,9999.000,9999.000,9999.000,9999.000,9999.000
202605050018,   2.294,9999.000,9999.000,9999.000,9999.000,9999.000,9999.000,9999.000,9999.000
202605050024,   2.426,9999.000,9999.000,9999.000,9999.000,9999.000,9999.000,9999.000,9999.000
202605050030,   2.561,9999.000,9999.000,9999.000,9999.000,9999.000,9999.000,9999.000,9999.000
202605050036,   2.700,9999.000,9999.000,9999.000,9999.000,9999.000,9999.000,9999.000,9999.000
202605050042,   2.842,9999.000,9999.000,9999.000,9999.000,9999.000,9999.000,9999.000,9999.000
202605050048,   2.987,9999.000,9999.000,9999.000,9999.000,9999.000,9999.000,9999.000,9999.000
202605050054,   3.134,9999.000,9999.000,9999.000,9999.000,9999.000,9999.000,9999.000,9999.000
202605050100,   3.283,9999.000,   0.100,   0.490,   3.873,   0.000,   3.773,   0.200,   3.973
202605050106,   3.433,9999.000,9999.000,9999.000,9999.000,9999.000,9999.000,9999.000,9999.000
202605050112,   3.585,9999.000,9999.000,9999.000,9999.000,9999.000,9999.000,9999.000,9999.000
202605050118,   3.737,9999.000,9999.000,9999.000,9999.000,9999.000,9999.000,9999.000,9999.000
202605050124,   3.890,9999.000,9999.000,9999.000,9999.000,9999.000,9999.000,9999.000,9999.000
202605050130,   4.041,9999.000,9999.000,9999.000,9999.000,9999.000,9999.000,9999.000,9999.000
202605050136,   4.191,9999.000,9999.000,9999.000,9999.000,9999.000,9999.000,9999.000,9999.000
202605050142,   4.339,9999.000,9999.000,9999.000,9999.000,9999.000,9999.000,9999.000,9999.000
202605050148,   4.485,9999.000,9999.000,9999.000,9999.000,9999.000,9999.000,9999.000,9999.000
202605050154,   4.627,9999.000,9999.000,9999.000,9999.000,9999.000,9999.000,9999.000,9999.000
202605050200,   4.765,9999.000,   0.100,   0.554,   5.419,   0.000,   5.319,   0.200,   5.519
202605050206,   4.898,9999.000,9999.000,9999.000,9999.000,9999.000,9999.000,9999.000,9999.000
202605050212,   5.026,9999.000,9999.000,9999.000,9999.000,9999.000,9999.000,9999.000,9999.000
202605050218,   5.149,9999.000,9999.000,9999.000,9999.000,9999.000,9999.000,9999.000,9999.000
202605050224,   5.266,9999.000,9999.000,9999.000,9999.000,9999.000,9999.000,9999.000,9999.000
202605050230,   5.376,9999.000,9999.000,9999.000,9999.000,9999.000,9999.000,9999.000,9999.000
202605050236,   5.480,9999.000,9999.000,9999.000,9999.000,9999.000,9999.000,9999.000,9999.000
202605050242,   5.576,9999.000,9999.000,9999.000,9999.000,9999.000,9999.000,9999.000,9999.000
202605050248,   5.666,9999.000,9999.000,9999.000,9999.000,9999.000,9999.000,9999.000,9999.000
202605050254,   5.748,9999.000,9999.000,9999.000,9999.000,9999.000,9999.000,9999.000,9999.000
202605050300,   5.823,9999.000,   0.000,   0.503,   6.326,   0.000,   6.326,   0.200,   6.526
202605050306,   5.891,9999.000,9999.000,9999.000,9999.000,9999.000,9999.000,9999.000,9999.000
202605050312,   5.952,9999.000,9999.000,9999.000,9999.000,9999.000,9999.000,9999.000,9999.000
202605050318,   6.005,9999.000,9999.000,9999.000,9999.000,9999.000,9999.000,9999.000,9999.000
202605050324,   6.052,9999.000,9999.000,9999.000,9999.000,9999.000,9999.000,9999.000,9999.000
202605050330,   6.091,9999.000,9999.000,9999.000,9999.000,9999.000,9999.000,9999.000,9999.000
202605050336,   6.123,9999.000,9999.000,9999.000,9999.000,9999.000,9999.000,9999.000,9999.000
202605050342,   6.149,9999.000,9999.000,9999.000,9999.000,9999.000,9999.000,9999.000,9999.000
202605050348,   6.167,9999.000,9999.000,9999.000,9999.000,9999.000,9999.000,9999.000,9999.000
202605050354,   6.179,9999.000,9999.000,9999.000,9999.000,9999.000,9999.000,9999.000,9999.000
202605050400,   6.185,9999.000,   0.000,   0.337,   6.522,   0.000,   6.522,   0.100,   6.622
202605050406,   6.184,9999.000,9999.000,9999.000,9999.000,9999.000,9999.000,9999.000,9999.000
202605050412,   6.177,9999.000,9999.000,9999.000,9999.000,9999.000,9999.000,9999.000,9999.000
202605050418,   6.164,9999.000,9999.000,9999.000,9999.000,9999.000,9999.000,9999.000,9999.000
202605050424,   6.144,9999.000,9999.000,9999.000,9999.000,9999.000,9999.000,9999.000,9999.000
202605050430,   6.119,9999.000,9999.000,9999.000,9999.000,9999.000,9999.000,9999.000,9999.000
202605050436,   6.088,9999.000,9999.000,9999.000,9999.000,9999.000,9999.000,9999.000,9999.000
202605050442,   6.052,9999.000,9999.000,9999.000,9999.000,9999.000,9999.000,9999.000,9999.000
202605050448,   6.010,9999.000,9999.000,9999.000,9999.000,9999.000,9999.000,9999.000,9999.000
202605050454,   5.963,9999.000,9999.000,9999.000,9999.000,9999.000,9999.000,9999.000,9999.000
202605050500,   5.910,9999.000,   0.000,   0.148,   6.058,  -0.100,   5.958,   0.100,   6.158
202605050506,   5.853,9999.000,9999.000,9999.000,9999.000,9999.000,9999.000,9999.000,9999.000
202605050512,   5.791,9999.000,9999.000,9999.000,9999.000,9999.000,9999.000,9999.000,9999.000
202605050518,   5.724,9999.000,9999.000,9999.000,9999.000,9999.000,9999.000,9999.000,9999.000
202605050524,   5.653,9999.000,9999.000,9999.000,9999.000,9999.000,9999.000,9999.000,9999.000
202605050530,   5.578,9999.000,9999.000,9999.000,9999.000,9999.000,9999.000,9999.000,9999.000
202605050536,   5.498,9999.000,9999.000,9999.000,9999.000,9999.000,9999.000,9999.000,9999.000
202605050542,   5.415,9999.000,9999.000,9999.000,9999.000,9999.000,9999.000,9999.000,9999.000
202605050548,   5.328,9999.000,9999.000,9999.000,9999.000,9999.000,9999.000,9999.000,9999.000
202605050554,   5.237,9999.000,9999.000,9999.000,9999.000,9999.000,9999.000,9999.000,9999.000
202605050600,   5.144,9999.000,  -0.100,   0.001,   5.045,  -0.200,   4.945,   0.000,   5.145
202605050606,   5.047,9999.000,9999.000,9999.000,9999.000,9999.000,9999.000,9999.000,9999.000
202605050612,   4.947,9999.000,9999.000,9999.000,9999.000,9999.000,9999.000,9999.000,9999.000
202605050618,   4.845,9999.000,9999.000,9999.000,9999.000,9999.000,9999.000,9999.000,9999.000
202605050624,   4.740,9999.000,9999.000,9999.000,9999.000,9999.000,9999.000,9999.000,9999.000
202605050630,   4.633,9999.000,9999.000,9999.000,9999.000,9999.000,9999.000,9999.000,9999.000
202605050636,   4.523,9999.000,9999.000,9999.000,9999.000,9999.000,9999.000,9999.000,9999.000
202605050642,   4.412,9999.000,9999.000,9999.000,9999.000,9999.000,9999.000,9999.000,9999.000
202605050648,   4.300,9999.000,9999.000,9999.000,9999.000,9999.000,9999.000,9999.000,9999.000
202605050654,   4.185,9999.000,9999.000,9999.000,9999.000,9999.000,9999.000,9999.000,9999.000
202605050700,   4.070,9999.000,  -0.100,  -0.099,   3.871,  -0.200,   3.771,   0.000,   3.971
202605050706,   3.953,9999.000,9999.000,9999.000,9999.000,9999.000,9999.000,9999.000,9999.000
202605050712,   3.835,9999.000,9999.000,9999.000,9999.000,9999.000,9999.000,9999.000,9999.000
202605050718,   3.717,9999.000,9999.000,9999.000,9999.000,9999.000,9999.000,9999.000,9999.000
202605050724,   3.598,9999.000,9999.000,9999.000,9999.000,9999.000,9999.000,9999.000,9999.000
202605050730,   3.478,9999.000,9999.000,9999.000,9999.000,9999.000,9999.000,9999.000,9999.000
202605050736,   3.359,9999.000,9999.000,9999.000,9999.000,9999.000,9999.000,9999.000,9999.000
202605050742,   3.239,9999.000,9999.000,9999.000,9999.000,9999.000,9999.000,9999.000,9999.000
202605050748,   3.119,9999.000,9999.000,9999.000,9999.000,9999.000,9999.000,9999.000,9999.000
202605050754,   3.000,9999.000,9999.000,9999.000,9999.000,9999.000,9999.000,9999.000,9999.000
202605050800,   2.881,9999.000,  -0.200,  -0.144,   2.537,  -0.300,   2.437,   0.000,   2.737
202605050806,   2.763,9999.000,9999.000,9999.000,9999.000,9999.000,9999.000,9999.000,9999.000
202605050812,   2.646,9999.000,9999.000,9999.000,9999.000,9999.000,9999.000,9999.000,9999.000
202605050818,   2.530,9999.000,9999.000,9999.000,9999.000,9999.000,9999.000,9999.000,9999.000
202605050824,   2.415,9999.000,9999.000,9999.000,9999.000,9999.000,9999.000,9999.000,9999.000
202605050830,   2.301,9999.000,9999.000,9999.000,9999.000,9999.000,9999.000,9999.000,9999.000
202605050836,   2.190,9999.000,9999.000,9999.000,9999.000,9999.000,9999.000,9999.000,9999.000
202605050842,   2.080,9999.000,9999.000,9999.000,9999.000,9999.000,9999.000,9999.000,9999.000
202605050848,   1.973,9999.000,9999.000,9999.000,9999.000,9999.000,9999.000,9999.000,9999.000
202605050854,   1.867,9999.000,9999.000,9999.000,9999.000,9999.000,9999.000,9999.000,9999.000
202605050900,   1.765,9999.000,  -0.200,  -0.098,   1.467,  -0.300,   1.367,  -0.100,   1.567
202605050906,   1.666,9999.000,9999.000,9999.000,9999.000,9999.000,9999.000,9999.000,9999.000
202605050912,   1.569,9999.000,9999.000,9999.000,9999.000,9999.000,9999.000,9999.000,9999.000
202605050918,   1.477,9999.000,9999.000,9999.000,9999.000,9999.000,9999.000,9999.000,9999.000
202605050924,   1.387,9999.000,9999.000,9999.000,9999.000,9999.000,9999.000,9999.000,9999.000
202605050930,   1.302,9999.000,9999.000,9999.000,9999.000,9999.000,9999.000,9999.000,9999.000
202605050936,   1.221,9999.000,9999.000,9999.000,9999.000,9999.000,9999.000,9999.000,9999.000
202605050942,   1.145,9999.000,9999.000,9999.000,9999.000,9999.000,9999.000,9999.000,9999.000
202605050948,   1.073,9999.000,9999.000,9999.000,9999.000,9999.000,9999.000,9999.000,9999.000
202605050954,   1.007,9999.000,9999.000,9999.000,9999.000,9999.000,9999.000,9999.000,9999.000
202605051000,   0.945,9999.000,  -0.200,   0.051,   0.796,  -0.400,   0.596,  -0.100,   0.896
202605051006,   0.889,9999.000,9999.000,9999.000,9999.000,9999.000,9999.000,9999.000,9999.000
202605051012,   0.839,9999.000,9999.000,9999.000,9999.000,9999.000,9999.000,9999.000,9999.000
202605051018,   0.794,9999.000,9999.000,9999.000,9999.000,9999.000,9999.000,9999.000,9999.000
202605051024,   0.756,9999.000,9999.000,9999.000,9999.000,9999.000,9999.000,9999.000,9999.000
202605051030,   0.723,9999.000,9999.000,9999.000,9999.000,9999.000,9999.000,9999.000,9999.000
202605051036,   0.696,9999.000,9999.000,9999.000,9999.000,9999.000,9999.000,9999.000,9999.000
202605051042,   0.676,9999.000,9999.000,9999.000,9999.000,9999.000,9999.000,9999.000,9999.000
202605051048,   0.662,9999.000,9999.000,9999.000,9999.000,9999.000,9999.000,9999.000,9999.000
202605051054,   0.654,9999.000,9999.000,9999.000,9999.000,9999.000,9999.000,9999.000,9999.000
202605051100,   0.652,9999.000,  -0.300,   0.260,   0.612,  -0.400,   0.512,  -0.100,   0.812
202605051106,   0.656,9999.000,9999.000,9999.000,9999.000,9999.000,9999.000,9999.000,9999.000
202605051112,   0.667,9999.000,9999.000,9999.000,9999.000,9999.000,9999.000,9999.000,9999.000
202605051118,   0.683,9999.000,9999.000,9999.000,9999.000,9999.000,9999.000,9999.000,9999.000
202605051124,   0.705,9999.000,9999.000,9999.000,9999.000,9999.000,9999.000,9999.000,9999.000
202605051130,   0.733,9999.000,9999.000,9999.000,9999.000,9999.000,9999.000,9999.000,9999.000
202605051136,   0.767,9999.000,9999.000,9999.000,9999.000,9999.000,9999.000,9999.000,9999.000
202605051142,   0.806,9999.000,9999.000,9999.000,9999.000,9999.000,9999.000,9999.000,9999.000
202605051148,   0.850,9999.000,9999.000,9999.000,9999.000,9999.000,9999.000,9999.000,9999.000
202605051154,   0.899,9999.000,9999.000,9999.000,9999.000,9999.000,9999.000,9999.000,9999.000
202605051200,   0.954,9999.000,  -0.300,   0.469,   1.123,  -0.400,   1.023,  -0.100,   1.323
202605051206,   1.013,9999.000,9999.000,9999.000,9999.000,9999.000,9999.000,9999.000,9999.000
202605051212,   1.076,9999.000,9999.000,9999.000,9999.000,9999.000,9999.000,9999.000,9999.000
202605051218,   1.144,9999.000,9999.000,9999.000,9999.000,9999.000,9999.000,9999.000,9999.000
202605051224,   1.217,9999.000,9999.000,9999.000,9999.000,9999.000,9999.000,9999.000,9999.000
202605051230,   1.294,9999.000,9999.000,9999.000,9999.000,9999.000,9999.000,9999.000,9999.000
202605051236,   1.375,9999.000,9999.000,9999.000,9999.000,9999.000,9999.000,9999.000,9999.000
202605051242,   1.460,9999.000,9999.000,9999.000,9999.000,9999.000,9999.000,9999.000,9999.000
202605051248,   1.550,9999.000,9999.000,9999.000,9999.000,9999.000,9999.000,9999.000,9999.000
202605051254,   1.643,9999.000,9999.000,9999.000,9999.000,9999.000,9999.000,9999.000,9999.000
202605051300,   1.740,9999.000,  -0.300,   0.634,   2.074,  -0.400,   1.974,  -0.200,   2.174
202605051306,   1.841,9999.000,9999.000,9999.000,9999.000,9999.000,9999.000,9999.000,9999.000
202605051312,   1.945,9999.000,9999.000,9999.000,9999.000,9999.000,9999.000,9999.000,9999.000
202605051318,   2.053,9999.000,9999.000,9999.000,9999.000,9999.000,9999.000,9999.000,9999.000
202605051324,   2.164,9999.000,9999.000,9999.000,9999.000,9999.000,9999.000,9999.000,9999.000
202605051330,   2.277,9999.000,9999.000,9999.000,9999.000,9999.000,9999.000,9999.000,9999.000
202605051336,   2.393,9999.000,9999.000,9999.000,9999.000,9999.000,9999.000,9999.000,9999.000
202605051342,   2.510,9999.000,9999.000,9999.000,9999.000,9999.000,9999.000,9999.000,9999.000
202605051348,   2.629,9999.000,9999.000,9999.000,9999.000,9999.000,9999.000,9999.000,9999.000
202605051354,   2.748,9999.000,9999.000,9999.000,9999.000,9999.000,9999.000,9999.000,9999.000
202605051400,   2.868,9999.000,  -0.300,   0.732,   3.300,  -0.400,   3.200,  -0.200,   3.400
202605051406,   2.986,9999.000,9999.000,9999.000,9999.000,9999.000,9999.000,9999.000,9999.000
202605051412,   3.104,9999.000,9999.000,9999.000,9999.000,9999.000,9999.000,9999.000,9999.000
202605051418,   3.219,9999.000,9999.000,9999.000,9999.000,9999.000,9999.000,9999.000,9999.000
202605051424,   3.332,9999.000,9999.000,9999.000,9999.000,9999.000,9999.000,9999.000,9999.000
202605051430,   3.441,9999.000,9999.000,9999.000,9999.000,9999.000,9999.000,9999.000,9999.000
202605051436,   3.547,9999.000,9999.000,9999.000,9999.000,9999.000,9999.000,9999.000,9999.000
202605051442,   3.648,9999.000,9999.000,9999.000,9999.000,9999.000,9999.000,9999.000,9999.000
202605051448,   3.745,9999.000,9999.000,9999.000,9999.000,9999.000,9999.000,9999.000,9999.000
202605051454,   3.836,9999.000,9999.000,9999.000,9999.000,9999.000,9999.000,9999.000,9999.000
202605051500,   3.922,9999.000,  -0.300,   0.756,   4.378,  -0.400,   4.278,  -0.200,   4.478
202605051506,   4.003,9999.000,9999.000,9999.000,9999.000,9999.000,9999.000,9999.000,9999.000
202605051512,   4.077,9999.000,9999.000,9999.000,9999.000,9999.000,9999.000,9999.000,9999.000
202605051518,   4.146,9999.000,9999.000,9999.000,9999.000,9999.000,9999.000,9999.000,9999.000
202605051524,   4.209,9999.000,9999.000,9999.000,9999.000,9999.000,9999.000,9999.000,9999.000
202605051530,   4.266,9999.000,9999.000,9999.000,9999.000,9999.000,9999.000,9999.000,9999.000
202605051536,   4.316,9999.000,9999.000,9999.000,9999.000,9999.000,9999.000,9999.000,9999.000
202605051542,   4.361,9999.000,9999.000,9999.000,9999.000,9999.000,9999.000,9999.000,9999.000
202605051548,   4.400,9999.000,9999.000,9999.000,9999.000,9999.000,9999.000,9999.000,9999.000
202605051554,   4.433,9999.000,9999.000,9999.000,9999.000,9999.000,9999.000,9999.000,9999.000
202605051600,   4.461,9999.000,  -0.300,   0.706,   4.867,  -0.500,   4.667,  -0.200,   4.967
202605051606,   4.483,9999.000,9999.000,9999.000,9999.000,9999.000,9999.000,9999.000,9999.000
202605051612,   4.499,9999.000,9999.000,9999.000,9999.000,9999.000,9999.000,9999.000,9999.000
202605051618,   4.511,9999.000,9999.000,9999.000,9999.000,9999.000,9999.000,9999.000,9999.000
202605051624,   4.516,9999.000,9999.000,9999.000,9999.000,9999.000,9999.000,9999.000,9999.000
202605051630,   4.517,9999.000,9999.000,9999.000,9999.000,9999.000,9999.000,9999.000,9999.000
202605051636,   4.513,9999.000,9999.000,9999.000,9999.000,9999.000,9999.000,9999.000,9999.000
202605051642,   4.504,9999.000,9999.000,9999.000,9999.000,9999.000,9999.000,9999.000,9999.000
202605051648,   4.490,9999.000,9999.000,9999.000,9999.000,9999.000,9999.000,9999.000,9999.000
202605051654,   4.472,9999.000,9999.000,9999.000,9999.000,9999.000,9999.000,9999.000,9999.000
202605051700,   4.449,9999.000,  -0.300,   0.589,   4.738,  -0.400,   4.638,  -0.200,   4.838
202605051706,   4.421,9999.000,9999.000,9999.000,9999.000,9999.000,9999.000,9999.000,9999.000
202605051712,   4.390,9999.000,9999.000,9999.000,9999.000,9999.000,9999.000,9999.000,9999.000
202605051718,   4.354,9999.000,9999.000,9999.000,9999.000,9999.000,9999.000,9999.000,9999.000
202605051724,   4.314,9999.000,9999.000,9999.000,9999.000,9999.000,9999.000,9999.000,9999.000
202605051730,   4.271,9999.000,9999.000,9999.000,9999.000,9999.000,9999.000,9999.000,9999.000
202605051736,   4.224,9999.000,9999.000,9999.000,9999.000,9999.000,9999.000,9999.000,9999.000
202605051742,   4.173,9999.000,9999.000,9999.000,9999.000,9999.000,9999.000,9999.000,9999.000
202605051748,   4.119,9999.000,9999.000,9999.000,9999.000,9999.000,9999.000,9999.000,9999.000
202605051754,   4.061,9999.000,9999.000,9999.000,9999.000,9999.000,9999.000,9999.000,9999.000
202605051800,   4.001,9999.000,  -0.300,   0.411,   4.112,  -0.400,   4.012,  -0.100,   4.312
202605051806,   3.937,9999.000,9999.000,9999.000,9999.000,9999.000,9999.000,9999.000,9999.000
202605051812,   3.871,9999.000,9999.000,9999.000,9999.000,9999.000,9999.000,9999.000,9999.000
202605051818,   3.803,9999.000,9999.000,9999.000,9999.000,9999.000,9999.000,9999.000,9999.000
202605051824,   3.732,9999.000,9999.000,9999.000,9999.000,9999.000,9999.000,9999.000,9999.000
202605051830,   3.659,9999.000,9999.000,9999.000,9999.000,9999.000,9999.000,9999.000,9999.000
202605051836,   3.583,9999.000,9999.000,9999.000,9999.000,9999.000,9999.000,9999.000,9999.000
202605051842,   3.506,9999.000,9999.000,9999.000,9999.000,9999.000,9999.000,9999.000,9999.000
202605051848,   3.428,9999.000,9999.000,9999.000,9999.000,9999.000,9999.000,9999.000,9999.000
202605051854,   3.348,9999.000,9999.000,9999.000,9999.000,9999.000,9999.000,9999.000,9999.000
202605051900,   3.266,9999.000,  -0.200,   0.213,   3.279,  -0.300,   3.179,  -0.100,   3.379
202605051906,   3.183,9999.000,9999.000,9999.000,9999.000,9999.000,9999.000,9999.000,9999.000
202605051912,   3.100,9999.000,9999.000,9999.000,9999.000,9999.000,9999.000,9999.000,9999.000
202605051918,   3.015,9999.000,9999.000,9999.000,9999.000,9999.000,9999.000,9999.000,9999.000
202605051924,   2.930,9999.000,9999.000,9999.000,9999.000,9999.000,9999.000,9999.000,9999.000
202605051930,   2.845,9999.000,9999.000,9999.000,9999.000,9999.000,9999.000,9999.000,9999.000
202605051936,   2.759,9999.000,9999.000,9999.000,9999.000,9999.000,9999.000,9999.000,9999.000
202605051942,   2.672,9999.000,9999.000,9999.000,9999.000,9999.000,9999.000,9999.000,9999.000
202605051948,   2.586,9999.000,9999.000,9999.000,9999.000,9999.000,9999.000,9999.000,9999.000
202605051954,   2.500,9999.000,9999.000,9999.000,9999.000,9999.000,9999.000,9999.000,9999.000
202605052000,   2.414,9999.000,  -0.200,   0.073,   2.287,  -0.300,   2.187,   0.000,   2.487
202605052006,   2.329,9999.000,9999.000,9999.000,9999.000,9999.000,9999.000,9999.000,9999.000
202605052012,   2.244,9999.000,9999.000,9999.000,9999.000,9999.000,9999.000,9999.000,9999.000
202605052018,   2.160,9999.000,9999.000,9999.000,9999.000,9999.000,9999.000,9999.000,9999.000
202605052024,   2.076,9999.000,9999.000,9999.000,9999.000,9999.000,9999.000,9999.000,9999.000
202605052030,   1.994,9999.000,9999.000,9999.000,9999.000,9999.000,9999.000,9999.000,9999.000
202605052036,   1.913,9999.000,9999.000,9999.000,9999.000,9999.000,9999.000,9999.000,9999.000
202605052042,   1.833,9999.000,9999.000,9999.000,9999.000,9999.000,9999.000,9999.000,9999.000
202605052048,   1.755,9999.000,9999.000,9999.000,9999.000,9999.000,9999.000,9999.000,9999.000
202605052054,   1.679,9999.000,9999.000,9999.000,9999.000,9999.000,9999.000,9999.000,9999.000
202605052100,   1.604,9999.000,  -0.100,   0.052,   1.556,  -0.200,   1.456,   0.000,   1.656
202605052106,   1.532,9999.000,9999.000,9999.000,9999.000,9999.000,9999.000,9999.000,9999.000
202605052112,   1.462,9999.000,9999.000,9999.000,9999.000,9999.000,9999.000,9999.000,9999.000
202605052118,   1.395,9999.000,9999.000,9999.000,9999.000,9999.000,9999.000,9999.000,9999.000
202605052124,   1.330,9999.000,9999.000,9999.000,9999.000,9999.000,9999.000,9999.000,9999.000
202605052130,   1.269,9999.000,9999.000,9999.000,9999.000,9999.000,9999.000,9999.000,9999.000
202605052136,   1.211,9999.000,9999.000,9999.000,9999.000,9999.000,9999.000,9999.000,9999.000
202605052142,   1.156,9999.000,9999.000,9999.000,9999.000,9999.000,9999.000,9999.000,9999.000
202605052148,   1.105,9999.000,9999.000,9999.000,9999.000,9999.000,9999.000,9999.000,9999.000
202605052154,   1.058,9999.000,9999.000,9999.000,9999.000,9999.000,9999.000,9999.000,9999.000
202605052200,   1.016,9999.000,  -0.100,   0.121,   1.037,  -0.200,   0.937,   0.000,   1.137
202605052206,   0.978,9999.000,9999.000,9999.000,9999.000,9999.000,9999.000,9999.000,9999.000
202605052212,   0.945,9999.000,9999.000,9999.000,9999.000,9999.000,9999.000,9999.000,9999.000
202605052218,   0.918,9999.000,9999.000,9999.000,9999.000,9999.000,9999.000,9999.000,9999.000
202605052224,   0.896,9999.000,9999.000,9999.000,9999.000,9999.000,9999.000,9999.000,9999.000
202605052230,   0.879,9999.000,9999.000,9999.000,9999.000,9999.000,9999.000,9999.000,9999.000
202605052236,   0.869,9999.000,9999.000,9999.000,9999.000,9999.000,9999.000,9999.000,9999.000
202605052242,   0.865,9999.000,9999.000,9999.000,9999.000,9999.000,9999.000,9999.000,9999.000
202605052248,   0.867,9999.000,9999.000,9999.000,9999.000,9999.000,9999.000,9999.000,9999.000
202605052254,   0.876,9999.000,9999.000,9999.000,9999.000,9999.000,9999.000,9999.000,9999.000
202605052300,   0.891,9999.000,   0.000,   0.208,   1.099,  -0.100,   0.999,   0.000,   1.099
202605052306,   0.913,9999.000,9999.000,9999.000,9999.000,9999.000,9999.000,9999.000,9999.000
202605052312,   0.942,9999.000,9999.000,9999.000,9999.000,9999.000,9999.000,9999.000,9999.000
202605052318,   0.977,9999.000,9999.000,9999.000,9999.000,9999.000,9999.000,9999.000,9999.000
202605052324,   1.019,9999.000,9999.000,9999.000,9999.000,9999.000,9999.000,9999.000,9999.000
202605052330,   1.068,9999.000,9999.000,9999.000,9999.000,9999.000,9999.000,9999.000,9999.000
202605052336,   1.122,9999.000,9999.000,9999.000,9999.000,9999.000,9999.000,9999.000,9999.000
202605052342,   1.183,9999.000,9999.000,9999.000,9999.000,9999.000,9999.000,9999.000,9999.000
202605052348,   1.250,9999.000,9999.000,9999.000,9999.000,9999.000,9999.000,9999.000,9999.000
202605052354,   1.323,9999.000,9999.000,9999.000,9999.000,9999.000,9999.000,9999.000,9999.000
202605060000,   1.401,9999.000,   0.000,   0.296,   1.697,  -0.100,   1.597,   0.100,   1.797
202605060006,   1.484,9999.000,9999.000,9999.000,9999.000,9999.000,9999.000,9999.000,9999.000
202605060012,   1.572,9999.000,9999.000,9999.000,9999.000,9999.000,9999.000,9999.000,9999.000
202605060018,   1.665,9999.000,9999.000,9999.000,9999.000,9999.000,9999.000,9999.000,9999.000
202605060024,   1.762,9999.000,9999.000,9999.000,9999.000,9999.000,9999.000,9999.000,9999.000
202605060030,   1.864,9999.000,9999.000,9999.000,9999.000,9999.000,9999.000,9999.000,9999.000
202605060036,   1.969,9999.000,9999.000,9999.000,9999.000,9999.000,9999.000,9999.000,9999.000
202605060042,   2.078,9999.000,9999.000,9999.000,9999.000,9999.000,9999.000,9999.000,9999.000
202605060048,   2.191,9999.000,9999.000,9999.000,9999.000,9999.000,9999.000,9999.000,9999.000
202605060054,   2.307,9999.000,9999.000,9999.000,9999.000,9999.000,9999.000,9999.000,9999.000
202605060100,   2.427,9999.000,   0.000,   0.420,   2.847,  -0.100,   2.747,   0.100,   2.947
202605060106,   2.549,9999.000,9999.000,9999.000,9999.000,9999.000,9999.000,9999.000,9999.000
202605060112,   2.675,9999.000,9999.000,9999.000,9999.000,9999.000,9999.000,9999.000,9999.000
202605060118,   2.803,9999.000,9999.000,9999.000,9999.000,9999.000,9999.000,9999.000,9999.000
202605060124,   2.934,9999.000,9999.000,9999.000,9999.000,9999.000,9999.000,9999.000,9999.000
202605060130,   3.068,9999.000,9999.000,9999.000,9999.000,9999.000,9999.000,9999.000,9999.000
202605060136,   3.203,9999.000,9999.000,9999.000,9999.000,9999.000,9999.000,9999.000,9999.000
202605060142,   3.340,9999.000,9999.000,9999.000,9999.000,9999.000,9999.000,9999.000,9999.000
202605060148,   3.479,9999.000,9999.000,9999.000,9999.000,9999.000,9999.000,9999.000,9999.000
202605060154,   3.618,9999.000,9999.000,9999.000,9999.000,9999.000,9999.000,9999.000,9999.000
202605060200,   3.758,9999.000,   0.000,   0.560,   4.318,  -0.100,   4.218,   0.100,   4.418
202605060206,   3.898,9999.000,9999.000,9999.000,9999.000,9999.000,9999.000,9999.000,9999.000
202605060212,   4.038,9999.000,9999.000,9999.000,9999.000,9999.000,9999.000,9999.000,9999.000
202605060218,   4.176,9999.000,9999.000,9999.000,9999.000,9999.000,9999.000,9999.000,9999.000
202605060224,   4.313,9999.000,9999.000,9999.000,9999.000,9999.000,9999.000,9999.000,9999.000
202605060230,   4.447,9999.000,9999.000,9999.000,9999.000,9999.000,9999.000,9999.000,9999.000
202605060236,   4.578,9999.000,9999.000,9999.000,9999.000,9999.000,9999.000,9999.000,9999.000
202605060242,   4.706,9999.000,9999.000,9999.000,9999.000,9999.000,9999.000,9999.000,9999.000
202605060248,   4.829,9999.000,9999.000,9999.000,9999.000,9999.000,9999.000,9999.000,9999.000
202605060254,   4.948,9999.000,9999.000,9999.000,9999.000,9999.000,9999.000,9999.000,9999.000
202605060300,   5.062,9999.000,   0.000,   0.617,   5.679,  -0.100,   5.579,   0.100,   5.779
202605060306,   5.170,9999.000,9999.000,9999.000,9999.000,9999.000,9999.000,9999.000,9999.000
202605060312,   5.272,9999.000,9999.000,9999.000,9999.000,9999.000,9999.000,9999.000,9999.000
202605060318,   5.368,9999.000,9999.000,9999.000,9999.000,9999.000,9999.000,9999.000,9999.000
202605060324,   5.457,9999.000,9999.000,9999.000,9999.000,9999.000,9999.000,9999.000,9999.000
202605060330,   5.540,9999.000,9999.000,9999.000,9999.000,9999.000,9999.000,9999.000,9999.000
202605060336,   5.616,9999.000,9999.000,9999.000,9999.000,9999.000,9999.000,9999.000,9999.000
202605060342,   5.685,9999.000,9999.000,9999.000,9999.000,9999.000,9999.000,9999.000,9999.000
202605060348,   5.748,9999.000,9999.000,9999.000,9999.000,9999.000,9999.000,9999.000,9999.000
202605060354,   5.803,9999.000,9999.000,9999.000,9999.000,9999.000,9999.000,9999.000,9999.000
202605060400,   5.852,9999.000,   0.000,   0.524,   6.376,  -0.100,   6.276,   0.100,   6.476
202605060406,   5.894,9999.000,9999.000,9999.000,9999.000,9999.000,9999.000,9999.000,9999.000
202605060412,   5.929,9999.000,9999.000,9999.000,9999.000,9999.000,9999.000,9999.000,9999.000
202605060418,   5.958,9999.000,9999.000,9999.000,9999.000,9999.000,9999.000,9999.000,9999.000
202605060424,   5.980,9999.000,9999.000,9999.000,9999.000,9999.000,9999.000,9999.000,9999.000
202605060430,   5.996,9999.000,9999.000,9999.000,9999.000,9999.000,9999.000,9999.000,9999.000
202605060436,   6.006,9999.000,9999.000,9999.000,9999.000,9999.000,9999.000,9999.000,9999.000
202605060442,   6.009,9999.000,9999.000,9999.000,9999.000,9999.000,9999.000,9999.000,9999.000
202605060448,   6.007,9999.000,9999.000,9999.000,9999.000,9999.000,9999.000,9999.000,9999.000
202605060454,   5.999,9999.000,9999.000,9999.000,9999.000,9999.000,9999.000,9999.000,9999.000
202605060500,   5.985,9999.000,   0.000,   0.338,   6.323,  -0.100,   6.223,   0.000,   6.323
202605060506,   5.965,9999.000,9999.000,9999.000,9999.000,9999.000,9999.000,9999.000,9999.000
202605060512,   5.940,9999.000,9999.000,9999.000,9999.000,9999.000,9999.000,9999.000,9999.000
202605060518,   5.909,9999.000,9999.000,9999.000,9999.000,9999.000,9999.000,9999.000,9999.000
202605060524,   5.874,9999.000,9999.000,9999.000,9999.000,9999.000,9999.000,9999.000,9999.000
202605060530,   5.833,9999.000,9999.000,9999.000,9999.000,9999.000,9999.000,9999.000,9999.000
202605060536,   5.787,9999.000,9999.000,9999.000,9999.000,9999.000,9999.000,9999.000,9999.000
202605060542,   5.737,9999.000,9999.000,9999.000,9999.000,9999.000,9999.000,9999.000,9999.000
202605060548,   5.681,9999.000,9999.000,9999.000,9999.000,9999.000,9999.000,9999.000,9999.000
202605060554,   5.622,9999.000,9999.000,9999.000,9999.000,9999.000,9999.000,9999.000,9999.000
202605060600,   5.558,9999.000,  -0.100,   0.147,   5.605,  -0.200,   5.505,   0.000,   5.705
202605060606,   5.490,9999.000,9999.000,9999.000,9999.000,9999.000,9999.000,9999.000,9999.000
202605060612,   5.417,9999.000,9999.000,9999.000,9999.000,9999.000,9999.000,9999.000,9999.000
202605060618,   5.342,9999.000,9999.000,9999.000,9999.000,9999.000,9999.000,9999.000,9999.000
202605060624,   5.262,9999.000,9999.000,9999.000,9999.000,9999.000,9999.000,9999.000,9999.000
202605060630,   5.179,9999.000,9999.000,9999.000,9999.000,9999.000,9999.000,9999.000,9999.000
202605060636,   5.093,9999.000,9999.000,9999.000,9999.000,9999.000,9999.000,9999.000,9999.000
202605060642,   5.004,9999.000,9999.000,9999.000,9999.000,9999.000,9999.000,9999.000,9999.000
202605060648,   4.912,9999.000,9999.000,9999.000,9999.000,9999.000,9999.000,9999.000,9999.000
202605060654,   4.817,9999.000,9999.000,9999.000,9999.000,9999.000,9999.000,9999.000,9999.000
202605060700,   4.720,9999.000,  -0.100,  -0.017,   4.603,  -0.200,   4.503,   0.000,   4.703
202605060706,   4.621,9999.000,9999.000,9999.000,9999.000,9999.000,9999.000,9999.000,9999.000
202605060712,   4.520,9999.000,9999.000,9999.000,9999.000,9999.000,9999.000,9999.000,9999.000
202605060718,   4.417,9999.000,9999.000,9999.000,9999.000,9999.000,9999.000,9999.000,9999.000
202605060724,   4.312,9999.000,9999.000,9999.000,9999.000,9999.000,9999.000,9999.000,9999.000
202605060730,   4.206,9999.000,9999.000,9999.000,9999.000,9999.000,9999.000,9999.000,9999.000
202605060736,   4.099,9999.000,9999.000,9999.000,9999.000,9999.000,9999.000,9999.000,9999.000
202605060742,   3.991,9999.000,9999.000,9999.000,9999.000,9999.000,9999.000,9999.000,9999.000
202605060748,   3.882,9999.000,9999.000,9999.000,9999.000,9999.000,9999.000,9999.000,9999.000
202605060754,   3.772,9999.000,9999.000,9999.000,9999.000,9999.000,9999.000,9999.000,9999.000
202605060800,   3.662,9999.000,  -0.200,  -0.149,   3.313,  -0.300,   3.213,   0.000,   3.513
202605060806,   3.551,9999.000,9999.000,9999.000,9999.000,9999.000,9999.000,9999.000,9999.000
202605060812,   3.440,9999.000,9999.000,9999.000,9999.000,9999.000,9999.000,9999.000,9999.000
202605060818,   3.330,9999.000,9999.000,9999.000,9999.000,9999.000,9999.000,9999.000,9999.000
202605060824,   3.219,9999.000,9999.000,9999.000,9999.000,9999.000,9999.000,9999.000,9999.000
202605060830,   3.109,9999.000,9999.000,9999.000,9999.000,9999.000,9999.000,9999.000,9999.000
202605060836,   2.999,9999.000,9999.000,9999.000,9999.000,9999.000,9999.000,9999.000,9999.000
202605060842,   2.890,9999.000,9999.000,9999.000,9999.000,9999.000,9999.000,9999.000,9999.000
202605060848,   2.782,9999.000,9999.000,9999.000,9999.000,9999.000,9999.000,9999.000,9999.000
202605060854,   2.675,9999.000,9999.000,9999.000,9999.000,9999.000,9999.000,9999.000,9999.000
202605060900,   2.569,9999.000,  -0.200,  -0.195,   2.174,  -0.400,   1.974,   0.000,   2.374
202605060906,   2.464,9999.000,9999.000,9999.000,9999.000,9999.000,9999.000,9999.000,9999.000
202605060912,   2.361,9999.000,9999.000,9999.000,9999.000,9999.000,9999.000,9999.000,9999.000
202605060918,   2.260,9999.000,9999.000,9999.000,9999.000,9999.000,9999.000,9999.000,9999.000
202605060924,   2.160,9999.000,9999.000,9999.000,9999.000,9999.000,9999.000,9999.000,9999.000
202605060930,   2.062,9999.000,9999.000,9999.000,9999.000,9999.000,9999.000,9999.000,9999.000
202605060936,   1.967,9999.000,9999.000,9999.000,9999.000,9999.000,9999.000,9999.000,9999.000
202605060942,   1.874,9999.000,9999.000,9999.000,9999.000,9999.000,9999.000,9999.000,9999.000
202605060948,   1.784,9999.000,9999.000,9999.000,9999.000,9999.000,9999.000,9999.000,9999.000
202605060954,   1.697,9999.000,9999.000,9999.000,9999.000,9999.000,9999.000,9999.000,9999.000
202605061000,   1.612,9999.000,  -0.300,  -0.109,   1.203,  -0.400,   1.103,   0.000,   1.503
202605061006,   1.531,9999.000,9999.000,9999.000,9999.000,9999.000,9999.000,9999.000,9999.000
202605061012,   1.454,9999.000,9999.000,9999.000,9999.000,9999.000,9999.000,9999.000,9999.000
202605061018,   1.380,9999.000,9999.000,9999.000,9999.000,9999.000,9999.000,9999.000,9999.000
202605061024,   1.310,9999.000,9999.000,9999.000,9999.000,9999.000,9999.000,9999.000,9999.000
202605061030,   1.245,9999.000,9999.000,9999.000,9999.000,9999.000,9999.000,9999.000,9999.000
202605061036,   1.184,9999.000,9999.000,9999.000,9999.000,9999.000,9999.000,9999.000,9999.000
202605061042,   1.127,9999.000,9999.000,9999.000,9999.000,9999.000,9999.000,9999.000,9999.000
202605061048,   1.075,9999.000,9999.000,9999.000,9999.000,9999.000,9999.000,9999.000,9999.000
202605061054,   1.029,9999.000,9999.000,9999.000,9999.000,9999.000,9999.000,9999.000,9999.000
202605061100,   0.987,9999.000,  -0.300,   0.075,   0.762,  -0.500,   0.562,   0.000,   1.062
202605061106,   0.951,9999.000,9999.000,9999.000,9999.000,9999.000,9999.000,9999.000,9999.000
202605061112,   0.920,9999.000,9999.000,9999.000,9999.000,9999.000,9999.000,9999.000,9999.000
202605061118,   0.895,9999.000,9999.000,9999.000,9999.000,9999.000,9999.000,9999.000,9999.000
202605061124,   0.875,9999.000,9999.000,9999.000,9999.000,9999.000,9999.000,9999.000,9999.000
202605061130,   0.861,9999.000,9999.000,9999.000,9999.000,9999.000,9999.000,9999.000,9999.000
202605061136,   0.852,9999.000,9999.000,9999.000,9999.000,9999.000,9999.000,9999.000,9999.000
202605061142,   0.850,9999.000,9999.000,9999.000,9999.000,9999.000,9999.000,9999.000,9999.000
202605061148,   0.853,9999.000,9999.000,9999.000,9999.000,9999.000,9999.000,9999.000,9999.000
202605061154,   0.861,9999.000,9999.000,9999.000,9999.000,9999.000,9999.000,9999.000,9999.000
202605061200,   0.875,9999.000,  -0.300,   0.280,   0.855,  -0.500,   0.655,   0.000,   1.155
202605061206,   0.894,9999.000,9999.000,9999.000,9999.000,9999.000,9999.000,9999.000,9999.000
202605061212,   0.919,9999.000,9999.000,9999.000,9999.000,9999.000,9999.000,9999.000,9999.000
202605061218,   0.949,9999.000,9999.000,9999.000,9999.000,9999.000,9999.000,9999.000,9999.000
202605061224,   0.984,9999.000,9999.000,9999.000,9999.000,9999.000,9999.000,9999.000,9999.000
202605061230,   1.024,9999.000,9999.000,9999.000,9999.000,9999.000,9999.000,9999.000,9999.000
202605061236,   1.069,9999.000,9999.000,9999.000,9999.000,9999.000,9999.000,9999.000,9999.000
202605061242,   1.118,9999.000,9999.000,9999.000,9999.000,9999.000,9999.000,9999.000,9999.000
202605061248,   1.172,9999.000,9999.000,9999.000,9999.000,9999.000,9999.000,9999.000,9999.000
202605061254,   1.229,9999.000,9999.000,9999.000,9999.000,9999.000,9999.000,9999.000,9999.000
202605061300,   1.291,9999.000,  -0.300,   0.468,   1.459,  -0.500,   1.259,   0.000,   1.759
202605061306,   1.357,9999.000,9999.000,9999.000,9999.000,9999.000,9999.000,9999.000,9999.000
202605061312,   1.427,9999.000,9999.000,9999.000,9999.000,9999.000,9999.000,9999.000,9999.000
202605061318,   1.500,9999.000,9999.000,9999.000,9999.000,9999.000,9999.000,9999.000,9999.000
202605061324,   1.577,9999.000,9999.000,9999.000,9999.000,9999.000,9999.000,9999.000,9999.000
202605061330,   1.658,9999.000,9999.000,9999.000,9999.000,9999.000,9999.000,9999.000,9999.000
202605061336,   1.742,9999.000,9999.000,9999.000,9999.000,9999.000,9999.000,9999.000,9999.000
202605061342,   1.830,9999.000,9999.000,9999.000,9999.000,9999.000,9999.000,9999.000,9999.000
202605061348,   1.920,9999.000,9999.000,9999.000,9999.000,9999.000,9999.000,9999.000,9999.000
202605061354,   2.014,9999.000,9999.000,9999.000,9999.000,9999.000,9999.000,9999.000,9999.000
202605061400,   2.111,9999.000,  -0.300,   0.633,   2.444,  -0.500,   2.244,   0.000,   2.744
202605061406,   2.211,9999.000,9999.000,9999.000,9999.000,9999.000,9999.000,9999.000,9999.000
202605061412,   2.313,9999.000,9999.000,9999.000,9999.000,9999.000,9999.000,9999.000,9999.000
202605061418,   2.417,9999.000,9999.000,9999.000,9999.000,9999.000,9999.000,9999.000,9999.000
202605061424,   2.523,9999.000,9999.000,9999.000,9999.000,9999.000,9999.000,9999.000,9999.000
202605061430,   2.630,9999.000,9999.000,9999.000,9999.000,9999.000,9999.000,9999.000,9999.000
202605061436,   2.738,9999.000,9999.000,9999.000,9999.000,9999.000,9999.000,9999.000,9999.000
202605061442,   2.846,9999.000,9999.000,9999.000,9999.000,9999.000,9999.000,9999.000,9999.000
202605061448,   2.955,9999.000,9999.000,9999.000,9999.000,9999.000,9999.000,9999.000,9999.000
202605061454,   3.062,9999.000,9999.000,9999.000,9999.000,9999.000,9999.000,9999.000,9999.000
202605061500,   3.167,9999.000,  -0.300,   0.740,   3.607,  -0.500,   3.407,   0.000,   3.907
202605061506,   3.271,9999.000,9999.000,9999.000,9999.000,9999.000,9999.000,9999.000,9999.000
202605061512,   3.372,9999.000,9999.000,9999.000,9999.000,9999.000,9999.000,9999.000,9999.000
202605061518,   3.469,9999.000,9999.000,9999.000,9999.000,9999.000,9999.000,9999.000,9999.000
202605061524,   3.563,9999.000,9999.000,9999.000,9999.000,9999.000,9999.000,9999.000,9999.000
202605061530,   3.653,9999.000,9999.000,9999.000,9999.000,9999.000,9999.000,9999.000,9999.000
202605061536,   3.738,9999.000,9999.000,9999.000,9999.000,9999.000,9999.000,9999.000,9999.000
202605061542,   3.818,9999.000,9999.000,9999.000,9999.000,9999.000,9999.000,9999.000,9999.000
202605061548,   3.893,9999.000,9999.000,9999.000,9999.000,9999.000,9999.000,9999.000,9999.000
202605061554,   3.963,9999.000,9999.000,9999.000,9999.000,9999.000,9999.000,9999.000,9999.000
202605061600,   4.028,9999.000,  -0.300,   0.753,   4.481,  -0.500,   4.281,   0.000,   4.781
202605061606,   4.086,9999.000,9999.000,9999.000,9999.000,9999.000,9999.000,9999.000,9999.000
202605061612,   4.140,9999.000,9999.000,9999.000,9999.000,9999.000,9999.000,9999.000,9999.000
202605061618,   4.187,9999.000,9999.000,9999.000,9999.000,9999.000,9999.000,9999.000,9999.000
202605061624,   4.229,9999.000,9999.000,9999.000,9999.000,9999.000,9999.000,9999.000,9999.000
202605061630,   4.266,9999.000,9999.000,9999.000,9999.000,9999.000,9999.000,9999.000,9999.000
202605061636,   4.297,9999.000,9999.000,9999.000,9999.000,9999.000,9999.000,9999.000,9999.000
202605061642,   4.323,9999.000,9999.000,9999.000,9999.000,9999.000,9999.000,9999.000,9999.000
202605061648,   4.344,9999.000,9999.000,9999.000,9999.000,9999.000,9999.000,9999.000,9999.000
202605061654,   4.359,9999.000,9999.000,9999.000,9999.000,9999.000,9999.000,9999.000,9999.000
202605061700,   4.370,9999.000,  -0.200,   0.687,   4.857,  -0.500,   4.557,   0.000,   5.057
202605061706,   4.375,9999.000,9999.000,9999.000,9999.000,9999.000,9999.000,9999.000,9999.000
202605061712,   4.376,9999.000,9999.000,9999.000,9999.000,9999.000,9999.000,9999.000,9999.000
202605061718,   4.372,9999.000,9999.000,9999.000,9999.000,9999.000,9999.000,9999.000,9999.000
202605061724,   4.363,9999.000,9999.000,9999.000,9999.000,9999.000,9999.000,9999.000,9999.000
202605061730,   4.350,9999.000,9999.000,9999.000,9999.000,9999.000,9999.000,9999.000,9999.000
202605061736,   4.333,9999.000,9999.000,9999.000,9999.000,9999.000,9999.000,9999.000,9999.000
202605061742,   4.312,9999.000,9999.000,9999.000,9999.000,9999.000,9999.000,9999.000,9999.000
202605061748,   4.286,9999.000,9999.000,9999.000,9999.000,9999.000,9999.000,9999.000,9999.000
202605061754,   4.256,9999.000,9999.000,9999.000,9999.000,9999.000,9999.000,9999.000,9999.000
202605061800,   4.223,9999.000,  -0.300,   0.574,   4.497,  -0.500,   4.297,   0.000,   4.797
202605061806,   4.186,9999.000,9999.000,9999.000,9999.000,9999.000,9999.000,9999.000,9999.000
202605061812,   4.145,9999.000,9999.000,9999.000,9999.000,9999.000,9999.000,9999.000,9999.000
202605061818,   4.101,9999.000,9999.000,9999.000,9999.000,9999.000,9999.000,9999.000,9999.000
202605061824,   4.053,9999.000,9999.000,9999.000,9999.000,9999.000,9999.000,9999.000,9999.000
202605061830,   4.003,9999.000,9999.000,9999.000,9999.000,9999.000,9999.000,9999.000,9999.000
202605061836,   3.949,9999.000,9999.000,9999.000,9999.000,9999.000,9999.000,9999.000,9999.000
202605061842,   3.893,9999.000,9999.000,9999.000,9999.000,9999.000,9999.000,9999.000,9999.000
202605061848,   3.834,9999.000,9999.000,9999.000,9999.000,9999.000,9999.000,9999.000,9999.000
202605061854,   3.772,9999.000,9999.000,9999.000,9999.000,9999.000,9999.000,9999.000,9999.000
202605061900,   3.709,9999.000,  -0.300,   0.412,   3.821,  -0.500,   3.621,   0.000,   4.121
202605061906,   3.643,9999.000,9999.000,9999.000,9999.000,9999.000,9999.000,9999.000,9999.000
202605061912,   3.575,9999.000,9999.000,9999.000,9999.000,9999.000,9999.000,9999.000,9999.000
202605061918,   3.505,9999.000,9999.000,9999.000,9999.000,9999.000,9999.000,9999.000,9999.000
202605061924,   3.434,9999.000,9999.000,9999.000,9999.000,9999.000,9999.000,9999.000,9999.000
202605061930,   3.361,9999.000,9999.000,9999.000,9999.000,9999.000,9999.000,9999.000,9999.000
202605061936,   3.287,9999.000,9999.000,9999.000,9999.000,9999.000,9999.000,9999.000,9999.000
202605061942,   3.212,9999.000,9999.000,9999.000,9999.000,9999.000,9999.000,9999.000,9999.000
202605061948,   3.136,9999.000,9999.000,9999.000,9999.000,9999.000,9999.000,9999.000,9999.000
202605061954,   3.059,9999.000,9999.000,9999.000,9999.000,9999.000,9999.000,9999.000,9999.000
202605062000,   2.982,9999.000,  -0.300,   0.217,   2.899,  -0.500,   2.699,   0.000,   3.199
202605062006,   2.904,9999.000,9999.000,9999.000,9999.000,9999.000,9999.000,9999.000,9999.000
202605062012,   2.826,9999.000,9999.000,9999.000,9999.000,9999.000,9999.000,9999.000,9999.000
202605062018,   2.748,9999.000,9999.000,9999.000,9999.000,9999.000,9999.000,9999.000,9999.000
202605062024,   2.669,9999.000,9999.000,9999.000,9999.000,9999.000,9999.000,9999.000,9999.000
202605062030,   2.591,9999.000,9999.000,9999.000,9999.000,9999.000,9999.000,9999.000,9999.000
202605062036,   2.513,9999.000,9999.000,9999.000,9999.000,9999.000,9999.000,9999.000,9999.000
202605062042,   2.436,9999.000,9999.000,9999.000,9999.000,9999.000,9999.000,9999.000,9999.000
202605062048,   2.359,9999.000,9999.000,9999.000,9999.000,9999.000,9999.000,9999.000,9999.000
202605062054,   2.282,9999.000,9999.000,9999.000,9999.000,9999.000,9999.000,9999.000,9999.000
202605062100,   2.207,9999.000,  -0.300,   0.069,   1.976,  -0.500,   1.776,   0.000,   2.276
202605062106,   2.132,9999.000,9999.000,9999.000,9999.000,9999.000,9999.000,9999.000,9999.000
202605062112,   2.059,9999.000,9999.000,9999.000,9999.000,9999.000,9999.000,9999.000,9999.000
202605062118,   1.987,9999.000,9999.000,9999.000,9999.000,9999.000,9999.000,9999.000,9999.000
202605062124,   1.916,9999.000,9999.000,9999.000,9999.000,9999.000,9999.000,9999.000,9999.000
202605062130,   1.846,9999.000,9999.000,9999.000,9999.000,9999.000,9999.000,9999.000,9999.000
202605062136,   1.779,9999.000,9999.000,9999.000,9999.000,9999.000,9999.000,9999.000,9999.000
202605062142,   1.713,9999.000,9999.000,9999.000,9999.000,9999.000,9999.000,9999.000,9999.000
202605062148,   1.648,9999.000,9999.000,9999.000,9999.000,9999.000,9999.000,9999.000,9999.000
202605062154,   1.586,9999.000,9999.000,9999.000,9999.000,9999.000,9999.000,9999.000,9999.000
202605062200,   1.527,9999.000,  -0.300,   0.036,   1.263,  -0.600,   0.963,   0.000,   1.563
202605062206,   1.469,9999.000,9999.000,9999.000,9999.000,9999.000,9999.000,9999.000,9999.000
202605062212,   1.415,9999.000,9999.000,9999.000,9999.000,9999.000,9999.000,9999.000,9999.000
202605062218,   1.363,9999.000,9999.000,9999.000,9999.000,9999.000,9999.000,9999.000,9999.000
202605062224,   1.314,9999.000,9999.000,9999.000,9999.000,9999.000,9999.000,9999.000,9999.000
202605062230,   1.269,9999.000,9999.000,9999.000,9999.000,9999.000,9999.000,9999.000,9999.000
202605062236,   1.227,9999.000,9999.000,9999.000,9999.000,9999.000,9999.000,9999.000,9999.000
202605062242,   1.189,9999.000,9999.000,9999.000,9999.000,9999.000,9999.000,9999.000,9999.000
202605062248,   1.155,9999.000,9999.000,9999.000,9999.000,9999.000,9999.000,9999.000,9999.000
202605062254,   1.125,9999.000,9999.000,9999.000,9999.000,9999.000,9999.000,9999.000,9999.000
202605062300,   1.100,9999.000,  -0.300,   0.091,   0.891,  -0.600,   0.591,   0.000,   1.191
202605062306,   1.079,9999.000,9999.000,9999.000,9999.000,9999.000,9999.000,9999.000,9999.000
202605062312,   1.063,9999.000,9999.000,9999.000,9999.000,9999.000,9999.000,9999.000,9999.000
202605062318,   1.053,9999.000,9999.000,9999.000,9999.000,9999.000,9999.000,9999.000,9999.000
202605062324,   1.048,9999.000,9999.000,9999.000,9999.000,9999.000,9999.000,9999.000,9999.000
202605062330,   1.049,9999.000,9999.000,9999.000,9999.000,9999.000,9999.000,9999.000,9999.000
202605062336,   1.056,9999.000,9999.000,9999.000,9999.000,9999.000,9999.000,9999.000,9999.000
202605062342,   1.069,9999.000,9999.000,9999.000,9999.000,9999.000,9999.000,9999.000,9999.000
202605062348,   1.088,9999.000,9999.000,9999.000,9999.000,9999.000,9999.000,9999.000,9999.000
202605062354,   1.113,9999.000,9999.000,9999.000,9999.000,9999.000,9999.000,9999.000,9999.000
202605070000,   1.145,9999.000,  -0.300,   0.181,   1.026,  -0.700,   0.626,  -0.100,   1.226
202605070006,   1.182,9999.000,9999.000,9999.000,9999.000,9999.000,9999.000,9999.000,9999.000
202605070012,   1.226,9999.000,9999.000,9999.000,9999.000,9999.000,9999.000,9999.000,9999.000
202605070018,   1.275,9999.000,9999.000,9999.000,9999.000,9999.000,9999.000,9999.000,9999.000
202605070024,   1.331,9999.000,9999.000,9999.000,9999.000,9999.000,9999.000,9999.000,9999.000
202605070030,   1.392,9999.000,9999.000,9999.000,9999.000,9999.000,9999.000,9999.000,9999.000
202605070036,   1.458,9999.000,9999.000,9999.000,9999.000,9999.000,9999.000,9999.000,9999.000
202605070042,   1.530,9999.000,9999.000,9999.000,9999.000,9999.000,9999.000,9999.000,9999.000
202605070048,   1.606,9999.000,9999.000,9999.000,9999.000,9999.000,9999.000,9999.000,9999.000
202605070054,   1.688,9999.000,9999.000,9999.000,9999.000,9999.000,9999.000,9999.000,9999.000
202605070100,   1.774,9999.000,  -0.400,   0.317,   1.691,  -0.700,   1.391,  -0.100,   1.991
202605070106,   1.864,9999.000,9999.000,9999.000,9999.000,9999.000,9999.000,9999.000,9999.000
202605070112,   1.958,9999.000,9999.000,9999.000,9999.000,9999.000,9999.000,9999.000,9999.000
202605070118,   2.055,9999.000,9999.000,9999.000,9999.000,9999.000,9999.000,9999.000,9999.000
202605070124,   2.156,9999.000,9999.000,9999.000,9999.000,9999.000,9999.000,9999.000,9999.000
202605070130,   2.261,9999.000,9999.000,9999.000,9999.000,9999.000,9999.000,9999.000,9999.000
202605070136,   2.368,9999.000,9999.000,9999.000,9999.000,9999.000,9999.000,9999.000,9999.000
202605070142,   2.478,9999.000,9999.000,9999.000,9999.000,9999.000,9999.000,9999.000,9999.000
202605070148,   2.591,9999.000,9999.000,9999.000,9999.000,9999.000,9999.000,9999.000,9999.000
202605070154,   2.707,9999.000,9999.000,9999.000,9999.000,9999.000,9999.000,9999.000,9999.000
202605070200,   2.824,9999.000,  -0.400,   0.506,   2.930,  -0.600,   2.730,  -0.100,   3.230
202605070206,   2.944,9999.000,9999.000,9999.000,9999.000,9999.000,9999.000,9999.000,9999.000
202605070212,   3.067,9999.000,9999.000,9999.000,9999.000,9999.000,9999.000,9999.000,9999.000
202605070218,   3.190,9999.000,9999.000,9999.000,9999.000,9999.000,9999.000,9999.000,9999.000
202605070224,   3.316,9999.000,9999.000,9999.000,9999.000,9999.000,9999.000,9999.000,9999.000
202605070230,   3.443,9999.000,9999.000,9999.000,9999.000,9999.000,9999.000,9999.000,9999.000
202605070236,   3.570,9999.000,9999.000,9999.000,9999.000,9999.000,9999.000,9999.000,9999.000
202605070242,   3.699,9999.000,9999.000,9999.000,9999.000,9999.000,9999.000,9999.000,9999.000
202605070248,   3.827,9999.000,9999.000,9999.000,9999.000,9999.000,9999.000,9999.000,9999.000
202605070254,   3.955,9999.000,9999.000,9999.000,9999.000,9999.000,9999.000,9999.000,9999.000
202605070300,   4.082,9999.000,  -0.400,   0.655,   4.337,  -0.600,   4.137,  -0.100,   4.637
202605070306,   4.208,9999.000,9999.000,9999.000,9999.000,9999.000,9999.000,9999.000,9999.000
202605070312,   4.333,9999.000,9999.000,9999.000,9999.000,9999.000,9999.000,9999.000,9999.000
202605070318,   4.454,9999.000,9999.000,9999.000,9999.000,9999.000,9999.000,9999.000,9999.000
202605070324,   4.573,9999.000,9999.000,9999.000,9999.000,9999.000,9999.000,9999.000,9999.000
202605070330,   4.689,9999.000,9999.000,9999.000,9999.000,9999.000,9999.000,9999.000,9999.000
202605070336,   4.800,9999.000,9999.000,9999.000,9999.000,9999.000,9999.000,9999.000,9999.000
202605070342,   4.907,9999.000,9999.000,9999.000,9999.000,9999.000,9999.000,9999.000,9999.000
202605070348,   5.009,9999.000,9999.000,9999.000,9999.000,9999.000,9999.000,9999.000,9999.000
202605070354,   5.106,9999.000,9999.000,9999.000,9999.000,9999.000,9999.000,9999.000,9999.000
202605070400,   5.197,9999.000,  -0.400,   0.652,   5.449,  -0.700,   5.149,  -0.100,   5.749
202605070406,   5.282,9999.000,9999.000,9999.000,9999.000,9999.000,9999.000,9999.000,9999.000
202605070412,   5.362,9999.000,9999.000,9999.000,9999.000,9999.000,9999.000,9999.000,9999.000
202605070418,   5.435,9999.000,9999.000,9999.000,9999.000,9999.000,9999.000,9999.000,9999.000
202605070424,   5.502,9999.000,9999.000,9999.000,9999.000,9999.000,9999.000,9999.000,9999.000
202605070430,   5.562,9999.000,9999.000,9999.000,9999.000,9999.000,9999.000,9999.000,9999.000
202605070436,   5.616,9999.000,9999.000,9999.000,9999.000,9999.000,9999.000,9999.000,9999.000
202605070442,   5.664,9999.000,9999.000,9999.000,9999.000,9999.000,9999.000,9999.000,9999.000
202605070448,   5.705,9999.000,9999.000,9999.000,9999.000,9999.000,9999.000,9999.000,9999.000
202605070454,   5.740,9999.000,9999.000,9999.000,9999.000,9999.000,9999.000,9999.000,9999.000
202605070500,   5.768,9999.000,  -0.400,   0.503,   5.871,  -0.600,   5.671,  -0.200,   6.071
202605070506,   5.791,9999.000,9999.000,9999.000,9999.000,9999.000,9999.000,9999.000,9999.000
202605070512,   5.807,9999.000,9999.000,9999.000,9999.000,9999.000,9999.000,9999.000,9999.000
202605070518,   5.817,9999.000,9999.000,9999.000,9999.000,9999.000,9999.000,9999.000,9999.000
202605070524,   5.822,9999.000,9999.000,9999.000,9999.000,9999.000,9999.000,9999.000,9999.000
202605070530,   5.821,9999.000,9999.000,9999.000,9999.000,9999.000,9999.000,9999.000,9999.000
202605070536,   5.814,9999.000,9999.000,9999.000,9999.000,9999.000,9999.000,9999.000,9999.000
202605070542,   5.802,9999.000,9999.000,9999.000,9999.000,9999.000,9999.000,9999.000,9999.000
202605070548,   5.785,9999.000,9999.000,9999.000,9999.000,9999.000,9999.000,9999.000,9999.000
202605070554,   5.762,9999.000,9999.000,9999.000,9999.000,9999.000,9999.000,9999.000,9999.000
202605070600,   5.734,9999.000,  -0.400,   0.306,   5.640,  -0.600,   5.440,  -0.200,   5.840
202605070606,   5.701,9999.000,9999.000,9999.000,9999.000,9999.000,9999.000,9999.000,9999.000
202605070612,   5.664,9999.000,9999.000,9999.000,9999.000,9999.000,9999.000,9999.000,9999.000
202605070618,   5.622,9999.000,9999.000,9999.000,9999.000,9999.000,9999.000,9999.000,9999.000
202605070624,   5.575,9999.000,9999.000,9999.000,9999.000,9999.000,9999.000,9999.000,9999.000
202605070630,   5.524,9999.000,9999.000,9999.000,9999.000,9999.000,9999.000,9999.000,9999.000
202605070636,   5.468,9999.000,9999.000,9999.000,9999.000,9999.000,9999.000,9999.000,9999.000
202605070642,   5.409,9999.000,9999.000,9999.000,9999.000,9999.000,9999.000,9999.000,9999.000
202605070648,   5.345,9999.000,9999.000,9999.000,9999.000,9999.000,9999.000,9999.000,9999.000
202605070654,   5.278,9999.000,9999.000,9999.000,9999.000,9999.000,9999.000,9999.000,9999.000
202605070700,   5.208,9999.000,  -0.400,   0.109,   4.917,  -0.600,   4.717,  -0.200,   5.117
202605070706,   5.134,9999.000,9999.000,9999.000,9999.000,9999.000,9999.000,9999.000,9999.000
202605070712,   5.056,9999.000,9999.000,9999.000,9999.000,9999.000,9999.000,9999.000,9999.000
202605070718,   4.976,9999.000,9999.000,9999.000,9999.000,9999.000,9999.000,9999.000,9999.000
202605070724,   4.893,9999.000,9999.000,9999.000,9999.000,9999.000,9999.000,9999.000,9999.000
202605070730,   4.808,9999.000,9999.000,9999.000,9999.000,9999.000,9999.000,9999.000,9999.000
202605070736,   4.720,9999.000,9999.000,9999.000,9999.000,9999.000,9999.000,9999.000,9999.000
202605070742,   4.630,9999.000,9999.000,9999.000,9999.000,9999.000,9999.000,9999.000,9999.000
202605070748,   4.538,9999.000,9999.000,9999.000,9999.000,9999.000,9999.000,9999.000,9999.000
202605070754,   4.444,9999.000,9999.000,9999.000,9999.000,9999.000,9999.000,9999.000,9999.000
202605070800,   4.348,9999.000,  -0.400,  -0.078,   3.870,  -0.700,   3.570,  -0.100,   4.170
202605070806,   4.251,9999.000,9999.000,9999.000,9999.000,9999.000,9999.000,9999.000,9999.000
202605070812,   4.153,9999.000,9999.000,9999.000,9999.000,9999.000,9999.000,9999.000,9999.000
202605070818,   4.054,9999.000,9999.000,9999.000,9999.000,9999.000,9999.000,9999.000,9999.000
202605070824,   3.954,9999.000,9999.000,9999.000,9999.000,9999.000,9999.000,9999.000,9999.000
202605070830,   3.854,9999.000,9999.000,9999.000,9999.000,9999.000,9999.000,9999.000,9999.000
202605070836,   3.752,9999.000,9999.000,9999.000,9999.000,9999.000,9999.000,9999.000,9999.000
202605070842,   3.651,9999.000,9999.000,9999.000,9999.000,9999.000,9999.000,9999.000,9999.000
202605070848,   3.549,9999.000,9999.000,9999.000,9999.000,9999.000,9999.000,9999.000,9999.000
202605070854,   3.447,9999.000,9999.000,9999.000,9999.000,9999.000,9999.000,9999.000,9999.000
202605070900,   3.346,9999.000,  -0.300,  -0.198,   2.848,  -0.600,   2.548,  -0.100,   3.048
202605070906,   3.244,9999.000,9999.000,9999.000,9999.000,9999.000,9999.000,9999.000,9999.000
202605070912,   3.143,9999.000,9999.000,9999.000,9999.000,9999.000,9999.000,9999.000,9999.000
202605070918,   3.042,9999.000,9999.000,9999.000,9999.000,9999.000,9999.000,9999.000,9999.000
202605070924,   2.942,9999.000,9999.000,9999.000,9999.000,9999.000,9999.000,9999.000,9999.000
202605070930,   2.843,9999.000,9999.000,9999.000,9999.000,9999.000,9999.000,9999.000,9999.000
202605070936,   2.745,9999.000,9999.000,9999.000,9999.000,9999.000,9999.000,9999.000,9999.000
202605070942,   2.648,9999.000,9999.000,9999.000,9999.000,9999.000,9999.000,9999.000,9999.000
202605070948,   2.552,9999.000,9999.000,9999.000,9999.000,9999.000,9999.000,9999.000,9999.000
202605070954,   2.457,9999.000,9999.000,9999.000,9999.000,9999.000,9999.000,9999.000,9999.000
202605071000,   2.363,9999.000,  -0.300,  -0.182,   1.881,  -0.500,   1.681,   0.000,   2.181
202605071006,   2.272,9999.000,9999.000,9999.000,9999.000,9999.000,9999.000,9999.000,9999.000
202605071012,   2.182,9999.000,9999.000,9999.000,9999.000,9999.000,9999.000,9999.000,9999.000
202605071018,   2.093,9999.000,9999.000,9999.000,9999.000,9999.000,9999.000,9999.000,9999.000
202605071024,   2.007,9999.000,9999.000,9999.000,9999.000,9999.000,9999.000,9999.000,9999.000
202605071030,   1.923,9999.000,9999.000,9999.000,9999.000,9999.000,9999.000,9999.000,9999.000
202605071036,   1.842,9999.000,9999.000,9999.000,9999.000,9999.000,9999.000,9999.000,9999.000
202605071042,   1.763,9999.000,9999.000,9999.000,9999.000,9999.000,9999.000,9999.000,9999.000
202605071048,   1.687,9999.000,9999.000,9999.000,9999.000,9999.000,9999.000,9999.000,9999.000
202605071054,   1.614,9999.000,9999.000,9999.000,9999.000,9999.000,9999.000,9999.000,9999.000
202605071100,   1.544,9999.000,  -0.200,   0.301,   1.645,  -0.400,   1.445,   0.000,   1.845
202605071106,   1.477,9999.000,9999.000,9999.000,9999.000,9999.000,9999.000,9999.000,9999.000
202605071112,   1.414,9999.000,9999.000,9999.000,9999.000,9999.000,9999.000,9999.000,9999.000
202605071118,   1.355,9999.000,9999.000,9999.000,9999.000,9999.000,9999.000,9999.000,9999.000
202605071124,   1.300,9999.000,9999.000,9999.000,9999.000,9999.000,9999.000,9999.000,9999.000
202605071130,   1.249,9999.000,9999.000,9999.000,9999.000,9999.000,9999.000,9999.000,9999.000
202605071136,   1.202,9999.000,9999.000,9999.000,9999.000,9999.000,9999.000,9999.000,9999.000
202605071142,   1.160,9999.000,9999.000,9999.000,9999.000,9999.000,9999.000,9999.000,9999.000
202605071148,   1.123,9999.000,9999.000,9999.000,9999.000,9999.000,9999.000,9999.000,9999.000
202605071154,   1.090,9999.000,9999.000,9999.000,9999.000,9999.000,9999.000,9999.000,9999.000
202605071200,   1.063,9999.000,  -0.200,   0.301,   1.164,  -0.400,   0.964,   0.000,   1.364
