        TIME,    TIDE,      OB,   SURGE,    BIAS,     TWL,SURGE90p,  TWL90p,SURGE10p,   TWL10p
202605250000,   1.034,   2.040,   0.500,   0.506,   2.040,   0.500,   2.040,   0.500,   2.040
202605250006,   0.984,9999.000,9999.000,9999.000,9999.000,9999.000,9999.000,9999.000,9999.000
202605250012,   0.936,   1.928,9999.000,9999.000,9999.000,9999.000,9999.000,9999.000,9999.000
202605250018,   0.887,9999.000,9999.000,9999.000,9999.000,9999.000,9999.000,9999.000,9999.000
202605250024,   0.840,   1.830,9999.000,9999.000,9999.000,9999.000,9999.000,9999.000,9999.000
202605250030,   0.794,9999.000,9999.000,9999.000,9999.000,9999.000,9999.000,9999.000,9999.000
202605250036,   0.749,   1.708,9999.000,9999.000,9999.000,9999.000,9999.000,9999.000,9999.000
202605250042,   0.704,9999.000,9999.000,9999.000,9999.000,9999.000,9999.000,9999.000,9999.000
202605250048,   0.662,   1.620,9999.000,9999.000,9999.000,9999.000,9999.000,9999.000,9999.000
202605250054,   0.620,9999.000,9999.000,9999.000,9999.000,9999.000,9999.000,9999.000,9999.000
202605250100,   0.580,   1.548,   0.500,   0.468,   1.548,   0.500,   1.548,   0.500,   1.548
202605250106,   0.542,   1.498,9999.000,9999.000,9999.000,9999.000,9999.000,9999.000,9999.000
202605250112,   0.506,   1.469,9999.000,9999.000,9999.000,9999.000,9999.000,9999.000,9999.000
202605250118,   0.471,   1.439,9999.000,9999.000,9999.000,9999.000,9999.000,9999.000,9999.000
202605250124,   0.439,   1.390,9999.000,9999.000,9999.000,9999.000,9999.000,9999.000,9999.000
202605250130,   0.408,   1.371,9999.000,9999.000,9999.000,9999.000,9999.000,9999.000,9999.000
202605250136,   0.380,   1.318,9999.000,9999.000,9999.000,9999.000,9999.000,9999.000,9999.000
202605250142,   0.354,   1.298,9999.000,9999.000,9999.000,9999.000,9999.000,9999.000,9999.000
202605250148,   0.330,   1.259,9999.000,9999.000,9999.000,9999.000,9999.000,9999.000,9999.000
202605250154,   0.309,   1.210,9999.000,9999.000,9999.000,9999.000,9999.000,9999.000,9999.000
202605250200,   0.290,   1.239,   0.500,   0.449,   1.239,   0.500,   1.239,   0.500,   1.239
202605250206,   0.274,   1.210,9999.000,9999.000,9999.000,9999.000,9999.000,9999.000,9999.000
202605250212,   0.260,   1.190,9999.000,9999.000,9999.000,9999.000,9999.000,9999.000,9999.000
202605250218,   0.249,   1.210,9999.000,9999.000,9999.000,9999.000,9999.000,9999.000,9999.000
202605250224,   0.241,   1.170,9999.000,9999.000,9999.000,9999.000,9999.000,9999.000,9999.000
202605250230,   0.236,   1.190,9999.000,9999.000,9999.000,9999.000,9999.000,9999.000,9999.000
202605250236,   0.233,   1.170,9999.000,9999.000,9999.000,9999.000,9999.000,9999.000,9999.000
202605250242,   0.233,   1.180,9999.000,9999.000,9999.000,9999.000,9999.000,9999.000,9999.000
202605250248,   0.236,   1.180,9999.000,9999.000,9999.000,9999.000,9999.000,9999.000,9999.000
202605250254,   0.241,   1.180,9999.000,9999.000,9999.000,9999.000,9999.000,9999.000,9999.000
202605250300,   0.250,   1.200,   0.500,   0.450,   1.200,   0.500,   1.200,   0.500,   1.200
202605250306,   0.261,   1.190,9999.000,9999.000,9999.000,9999.000,9999.000,9999.000,9999.000
202605250312,   0.275,   1.190,9999.000,9999.000,9999.000,9999.000,9999.000,9999.000,9999.000
202605250318,   0.291,   1.200,9999.000,9999.000,9999.000,9999.000,9999.000,9999.000,9999.000
202605250324,   0.310,   1.210,9999.000,9999.000,9999.000,9999.000,9999.000,9999.000,9999.000
202605250330,   0.332,   1.249,9999.000,9999.000,9999.000,9999.000,9999.000,9999.000,9999.000
202605250336,   0.356,   1.279,9999.000,9999.000,9999.000,9999.000,9999.000,9999.000,9999.000
202605250342,   0.383,   1.279,9999.000,9999.000,9999.000,9999.000,9999.000,9999.000,9999.000
202605250348,   0.412,   1.318,9999.000,9999.000,9999.000,9999.000,9999.000,9999.000,9999.000
202605250354,   0.443,   1.338,9999.000,9999.000,9999.000,9999.000,9999.000,9999.000,9999.000
202605250400,   0.476,   1.400,   0.500,   0.424,   1.400,   0.500,   1.400,   0.500,   1.400
202605250406,   0.511,   1.430,9999.000,9999.000,9999.000,9999.000,9999.000,9999.000,9999.000
202605250412,   0.549,   1.479,9999.000,9999.000,9999.000,9999.000,9999.000,9999.000,9999.000
202605250418,   0.588,   1.528,9999.000,9999.000,9999.000,9999.000,9999.000,9999.000,9999.000
202605250424,   0.629,   1.580,9999.000,9999.000,9999.000,9999.000,9999.000,9999.000,9999.000
202605250430,   0.671,   1.600,9999.000,9999.000,9999.000,9999.000,9999.000,9999.000,9999.000
202605250436,   0.715,   1.649,9999.000,9999.000,9999.000,9999.000,9999.000,9999.000,9999.000
202605250442,   0.760,   1.679,9999.000,9999.000,9999.000,9999.000,9999.000,9999.000,9999.000
202605250448,   0.806,   1.738,9999.000,9999.000,9999.000,9999.000,9999.000,9999.000,9999.000
202605250454,   0.853,   1.758,9999.000,9999.000,9999.000,9999.000,9999.000,9999.000,9999.000
202605250500,   0.901,   1.810,   0.500,   0.409,   1.810,   0.400,   1.710,   0.500,   1.810
202605250506,   0.950,   1.849,9999.000,9999.000,9999.000,9999.000,9999.000,9999.000,9999.000
202605250512,   0.999,   1.879,9999.000,9999.000,9999.000,9999.000,9999.000,9999.000,9999.000
202605250518,   1.049,   1.938,9999.000,9999.000,9999.000,9999.000,9999.000,9999.000,9999.000
202605250524,   1.099,   1.990,9999.000,9999.000,9999.000,9999.000,9999.000,9999.000,9999.000
202605250530,   1.149,   2.049,9999.000,9999.000,9999.000,9999.000,9999.000,9999.000,9999.000
202605250536,   1.199,   2.069,9999.000,9999.000,9999.000,9999.000,9999.000,9999.000,9999.000
202605250542,   1.249,   2.128,9999.000,9999.000,9999.000,9999.000,9999.000,9999.000,9999.000
202605250548,   1.299,   2.168,9999.000,9999.000,9999.000,9999.000,9999.000,9999.000,9999.000
202605250554,   1.348,   2.250,9999.000,9999.000,9999.000,9999.000,9999.000,9999.000,9999.000
202605250600,   1.396,   2.177,   0.500,   0.281,   2.177,   0.400,   2.077,   0.500,   2.177
202605250606,   1.444,   2.328,9999.000,9999.000,9999.000,9999.000,9999.000,9999.000,9999.000
202605250612,   1.491,   2.338,9999.000,9999.000,9999.000,9999.000,9999.000,9999.000,9999.000
202605250618,   1.537,   2.430,9999.000,9999.000,9999.000,9999.000,9999.000,9999.000,9999.000
202605250624,   1.581,   2.450,9999.000,9999.000,9999.000,9999.000,9999.000,9999.000,9999.000
202605250630,   1.625,   2.479,9999.000,9999.000,9999.000,9999.000,9999.000,9999.000,9999.000
202605250636,   1.667,   2.528,9999.000,9999.000,9999.000,9999.000,9999.000,9999.000,9999.000
202605250642,   1.708,   2.578,9999.000,9999.000,9999.000,9999.000,9999.000,9999.000,9999.000
202605250648,   1.747,   2.597,9999.000,9999.000,9999.000,9999.000,9999.000,9999.000,9999.000
202605250654,   1.784,   2.650,9999.000,9999.000,9999.000,9999.000,9999.000,9999.000,9999.000
202605250700,   1.820,   2.669,   0.400,   0.449,   2.669,   0.400,   2.669,   0.500,   2.769
202605250706,   1.854,   2.748,9999.000,9999.000,9999.000,9999.000,9999.000,9999.000,9999.000
202605250712,   1.886,   2.728,9999.000,9999.000,9999.000,9999.000,9999.000,9999.000,9999.000
202605250718,   1.916,   2.807,9999.000,9999.000,9999.000,9999.000,9999.000,9999.000,9999.000
202605250724,   1.944,   2.830,9999.000,9999.000,9999.000,9999.000,9999.000,9999.000,9999.000
202605250730,   1.969,   2.850,9999.000,9999.000,9999.000,9999.000,9999.000,9999.000,9999.000
202605250736,   1.993,   2.889,9999.000,9999.000,9999.000,9999.000,9999.000,9999.000,9999.000
202605250742,   2.014,   2.919,9999.000,9999.000,9999.000,9999.000,9999.000,9999.000,9999.000
202605250748,   2.033,   2.929,9999.000,9999.000,9999.000,9999.000,9999.000,9999.000,9999.000
202605250754,   2.050,   2.938,9999.000,9999.000,9999.000,9999.000,9999.000,9999.000,9999.000
202605250800,   2.065,   2.958,   0.400,   0.493,   2.958,   0.400,   2.958,   0.500,   3.058
202605250806,   2.077,   2.988,9999.000,9999.000,9999.000,9999.000,9999.000,9999.000,9999.000
202605250812,   2.087,   3.007,9999.000,9999.000,9999.000,9999.000,9999.000,9999.000,9999.000
202605250818,   2.094,   3.030,9999.000,9999.000,9999.000,9999.000,9999.000,9999.000,9999.000
202605250824,   2.099,   3.040,9999.000,9999.000,9999.000,9999.000,9999.000,9999.000,9999.000
202605250830,   2.102,   3.060,9999.000,9999.000,9999.000,9999.000,9999.000,9999.000,9999.000
202605250836,   2.103,   3.060,9999.000,9999.000,9999.000,9999.000,9999.000,9999.000,9999.000
202605250842,   2.101,   3.060,9999.000,9999.000,9999.000,9999.000,9999.000,9999.000,9999.000
202605250848,   2.096,   3.060,9999.000,9999.000,9999.000,9999.000,9999.000,9999.000,9999.000
202605250854,   2.089,   3.089,9999.000,9999.000,9999.000,9999.000,9999.000,9999.000,9999.000
202605250900,   2.080,   3.070,   0.400,   0.590,   3.070,   0.400,   3.070,   0.500,   3.170
202605250906,   2.069,   3.060,9999.000,9999.000,9999.000,9999.000,9999.000,9999.000,9999.000
202605250912,   2.055,   3.050,9999.000,9999.000,9999.000,9999.000,9999.000,9999.000,9999.000
202605250918,   2.039,   3.050,9999.000,9999.000,9999.000,9999.000,9999.000,9999.000,9999.000
202605250924,   2.021,   3.040,9999.000,9999.000,9999.000,9999.000,9999.000,9999.000,9999.000
202605250930,   2.001,   3.050,9999.000,9999.000,9999.000,9999.000,9999.000,9999.000,9999.000
202605250936,   1.979,   2.988,9999.000,9999.000,9999.000,9999.000,9999.000,9999.000,9999.000
202605250942,   1.955,   2.988,9999.000,9999.000,9999.000,9999.000,9999.000,9999.000,9999.000
202605250948,   1.928,   2.968,9999.000,9999.000,9999.000,9999.000,9999.000,9999.000,9999.000
202605250954,   1.900,   2.889,9999.000,9999.000,9999.000,9999.000,9999.000,9999.000,9999.000
202605251000,   1.870,   2.899,   0.400,   0.629,   2.899,   0.300,   2.799,   0.400,   2.899
202605251006,   1.838,   2.879,9999.000,9999.000,9999.000,9999.000,9999.000,9999.000,9999.000
202605251012,   1.804,   2.797,9999.000,9999.000,9999.000,9999.000,9999.000,9999.000,9999.000
202605251018,   1.768,   2.768,9999.000,9999.000,9999.000,9999.000,9999.000,9999.000,9999.000
202605251024,   1.731,   2.709,9999.000,9999.000,9999.000,9999.000,9999.000,9999.000,9999.000
202605251030,   1.692,   2.699,9999.000,9999.000,9999.000,9999.000,9999.000,9999.000,9999.000
202605251036,   1.652,   2.669,9999.000,9999.000,9999.000,9999.000,9999.000,9999.000,9999.000
202605251042,   1.611,   2.578,9999.000,9999.000,9999.000,9999.000,9999.000,9999.000,9999.000
202605251048,   1.568,   2.568,9999.000,9999.000,9999.000,9999.000,9999.000,9999.000,9999.000
202605251054,   1.524,   2.509,9999.000,9999.000,9999.000,9999.000,9999.000,9999.000,9999.000
202605251100,   1.478,   2.469,   0.300,   0.691,   2.469,   0.300,   2.469,   0.400,   2.569
202605251106,   1.432,   2.410,9999.000,9999.000,9999.000,9999.000,9999.000,9999.000,9999.000
202605251112,   1.385,   2.348,9999.000,9999.000,9999.000,9999.000,9999.000,9999.000,9999.000
202605251118,   1.337,   2.348,9999.000,9999.000,9999.000,9999.000,9999.000,9999.000,9999.000
202605251124,   1.289,   2.259,9999.000,9999.000,9999.000,9999.000,9999.000,9999.000,9999.000
202605251130,   1.239,   2.230,9999.000,9999.000,9999.000,9999.000,9999.000,9999.000,9999.000
202605251136,   1.190,   2.168,9999.000,9999.000,9999.000,9999.000,9999.000,9999.000,9999.000
202605251142,   1.139,   2.118,9999.000,9999.000,9999.000,9999.000,9999.000,9999.000,9999.000
202605251148,   1.089,   2.059,9999.000,9999.000,9999.000,9999.000,9999.000,9999.000,9999.000
202605251154,   1.038,   2.020,9999.000,9999.000,9999.000,9999.000,9999.000,9999.000,9999.000
202605251200,   0.988,   1.967,   0.300,   0.679,   1.967,   0.300,   1.967,   0.400,   2.067
202605251206,   0.937,   1.918,9999.000,9999.000,9999.000,9999.000,9999.000,9999.000,9999.000
202605251212,   0.887,   1.859,9999.000,9999.000,9999.000,9999.000,9999.000,9999.000,9999.000
202605251218,   0.837,   1.790,9999.000,9999.000,9999.000,9999.000,9999.000,9999.000,9999.000
202605251224,   0.788,   1.728,9999.000,9999.000,9999.000,9999.000,9999.000,9999.000,9999.000
202605251230,   0.739,   1.679,9999.000,9999.000,9999.000,9999.000,9999.000,9999.000,9999.000
202605251236,   0.691,   1.630,9999.000,9999.000,9999.000,9999.000,9999.000,9999.000,9999.000
202605251242,   0.644,   1.571,9999.000,9999.000,9999.000,9999.000,9999.000,9999.000,9999.000
202605251248,   0.598,   1.528,9999.000,9999.000,9999.000,9999.000,9999.000,9999.000,9999.000
202605251254,   0.553,   1.479,9999.000,9999.000,9999.000,9999.000,9999.000,9999.000,9999.000
202605251300,   0.509,   1.479,   0.300,   0.670,   1.479,   0.300,   1.479,   0.300,   1.479
202605251306,   0.467,   1.338,9999.000,9999.000,9999.000,9999.000,9999.000,9999.000,9999.000
202605251312,   0.426,   1.390,9999.000,9999.000,9999.000,9999.000,9999.000,9999.000,9999.000
202605251318,   0.386,   1.289,9999.000,9999.000,9999.000,9999.000,9999.000,9999.000,9999.000
202605251324,   0.349,   1.289,9999.000,9999.000,9999.000,9999.000,9999.000,9999.000,9999.000
202605251330,   0.313,   1.239,9999.000,9999.000,9999.000,9999.000,9999.000,9999.000,9999.000
202605251336,   0.280,   1.229,9999.000,9999.000,9999.000,9999.000,9999.000,9999.000,9999.000
202605251342,   0.248,   1.180,9999.000,9999.000,9999.000,9999.000,9999.000,9999.000,9999.000
202605251348,   0.219,   1.151,9999.000,9999.000,9999.000,9999.000,9999.000,9999.000,9999.000
202605251354,   0.192,   1.128,9999.000,9999.000,9999.000,9999.000,9999.000,9999.000,9999.000
202605251400,   0.167,   1.108,   0.300,   0.641,   1.108,   0.300,   1.108,   0.300,   1.108
202605251406,   0.145,   1.079,9999.000,9999.000,9999.000,9999.000,9999.000,9999.000,9999.000
202605251412,   0.125,   1.079,9999.000,9999.000,9999.000,9999.000,9999.000,9999.000,9999.000
202605251418,   0.108,   1.049,9999.000,9999.000,9999.000,9999.000,9999.000,9999.000,9999.000
202605251424,   0.094,   1.049,9999.000,9999.000,9999.000,9999.000,9999.000,9999.000,9999.000
202605251430,   0.082,   1.029,9999.000,9999.000,9999.000,9999.000,9999.000,9999.000,9999.000
202605251436,   0.074,   1.020,9999.000,9999.000,9999.000,9999.000,9999.000,9999.000,9999.000
202605251442,   0.068,   1.000,9999.000,9999.000,9999.000,9999.000,9999.000,9999.000,9999.000
202605251448,   0.065,   1.010,9999.000,9999.000,9999.000,9999.000,9999.000,9999.000,9999.000
202605251454,   0.065,   1.010,9999.000,9999.000,9999.000,9999.000,9999.000,9999.000,9999.000
202605251500,   0.068,   1.020,   0.300,   0.652,   1.020,   0.300,   1.020,   0.300,   1.020
202605251506,   0.074,   1.029,9999.000,9999.000,9999.000,9999.000,9999.000,9999.000,9999.000
202605251512,   0.083,   1.020,9999.000,9999.000,9999.000,9999.000,9999.000,9999.000,9999.000
202605251518,   0.095,   1.029,9999.000,9999.000,9999.000,9999.000,9999.000,9999.000,9999.000
202605251524,   0.110,   1.020,9999.000,9999.000,9999.000,9999.000,9999.000,9999.000,9999.000
202605251530,   0.127,   1.039,9999.000,9999.000,9999.000,9999.000,9999.000,9999.000,9999.000
202605251536,   0.148,   1.049,9999.000,9999.000,9999.000,9999.000,9999.000,9999.000,9999.000
202605251542,   0.171,   1.059,9999.000,9999.000,9999.000,9999.000,9999.000,9999.000,9999.000
202605251548,   0.198,   1.069,9999.000,9999.000,9999.000,9999.000,9999.000,9999.000,9999.000
202605251554,   0.227,   1.098,9999.000,9999.000,9999.000,9999.000,9999.000,9999.000,9999.000
202605251600,   0.258,   1.108,   0.300,   0.550,   1.108,   0.300,   1.108,   0.300,   1.108
202605251606,   0.292,   1.118,9999.000,9999.000,9999.000,9999.000,9999.000,9999.000,9999.000
202605251612,   0.329,   1.180,9999.000,9999.000,9999.000,9999.000,9999.000,9999.000,9999.000
202605251618,   0.368,   1.190,9999.000,9999.000,9999.000,9999.000,9999.000,9999.000,9999.000
202605251624,   0.409,   1.269,9999.000,9999.000,9999.000,9999.000,9999.000,9999.000,9999.000
202605251630,   0.453,   1.289,9999.000,9999.000,9999.000,9999.000,9999.000,9999.000,9999.000
202605251636,   0.498,   1.361,9999.000,9999.000,9999.000,9999.000,9999.000,9999.000,9999.000
202605251642,   0.546,   1.380,9999.000,9999.000,9999.000,9999.000,9999.000,9999.000,9999.000
202605251648,   0.595,   1.420,9999.000,9999.000,9999.000,9999.000,9999.000,9999.000,9999.000
202605251654,   0.646,   1.449,9999.000,9999.000,9999.000,9999.000,9999.000,9999.000,9999.000
202605251700,   0.698,   1.479,   0.300,   0.481,   1.479,   0.200,   1.379,   0.300,   1.479
202605251706,   0.752,   1.548,9999.000,9999.000,9999.000,9999.000,9999.000,9999.000,9999.000
202605251712,   0.807,   1.610,9999.000,9999.000,9999.000,9999.000,9999.000,9999.000,9999.000
202605251718,   0.863,   1.679,9999.000,9999.000,9999.000,9999.000,9999.000,9999.000,9999.000
202605251724,   0.920,   1.718,9999.000,9999.000,9999.000,9999.000,9999.000,9999.000,9999.000
202605251730,   0.978,   1.758,9999.000,9999.000,9999.000,9999.000,9999.000,9999.000,9999.000
202605251736,   1.037,   1.810,9999.000,9999.000,9999.000,9999.000,9999.000,9999.000,9999.000
202605251742,   1.096,   1.889,9999.000,9999.000,9999.000,9999.000,9999.000,9999.000,9999.000
202605251748,   1.155,   1.958,9999.000,9999.000,9999.000,9999.000,9999.000,9999.000,9999.000
202605251754,   1.215,   2.010,9999.000,9999.000,9999.000,9999.000,9999.000,9999.000,9999.000
202605251800,   1.274,   2.059,   0.300,   0.485,   2.059,   0.200,   1.959,   0.400,   2.159
202605251806,   1.334,   2.118,9999.000,9999.000,9999.000,9999.000,9999.000,9999.000,9999.000
202605251812,   1.393,   2.191,9999.000,9999.000,9999.000,9999.000,9999.000,9999.000,9999.000
202605251818,   1.451,   2.200,9999.000,9999.000,9999.000,9999.000,9999.000,9999.000,9999.000
202605251824,   1.509,   2.259,9999.000,9999.000,9999.000,9999.000,9999.000,9999.000,9999.000
202605251830,   1.567,   2.318,9999.000,9999.000,9999.000,9999.000,9999.000,9999.000,9999.000
202605251836,   1.623,   2.368,9999.000,9999.000,9999.000,9999.000,9999.000,9999.000,9999.000
202605251842,   1.679,   2.489,9999.000,9999.000,9999.000,9999.000,9999.000,9999.000,9999.000
202605251848,   1.733,   2.489,9999.000,9999.000,9999.000,9999.000,9999.000,9999.000,9999.000
202605251854,   1.786,   2.528,9999.000,9999.000,9999.000,9999.000,9999.000,9999.000,9999.000
202605251900,   1.838,   2.587,   0.300,   0.449,   2.587,   0.300,   2.587,   0.400,   2.687
202605251906,   1.888,   2.620,9999.000,9999.000,9999.000,9999.000,9999.000,9999.000,9999.000
202605251912,   1.937,   2.660,9999.000,9999.000,9999.000,9999.000,9999.000,9999.000,9999.000
202605251918,   1.984,   2.699,9999.000,9999.000,9999.000,9999.000,9999.000,9999.000,9999.000
202605251924,   2.029,   2.768,9999.000,9999.000,9999.000,9999.000,9999.000,9999.000,9999.000
202605251930,   2.072,   2.850,9999.000,9999.000,9999.000,9999.000,9999.000,9999.000,9999.000
202605251936,   2.114,   2.807,9999.000,9999.000,9999.000,9999.000,9999.000,9999.000,9999.000
202605251942,   2.153,   2.860,9999.000,9999.000,9999.000,9999.000,9999.000,9999.000,9999.000
202605251948,   2.190,   2.879,9999.000,9999.000,9999.000,9999.000,9999.000,9999.000,9999.000
202605251954,   2.224,   2.997,9999.000,9999.000,9999.000,9999.000,9999.000,9999.000,9999.000
202605252000,   2.257,   3.007,   0.300,   0.450,   3.007,   0.300,   3.007,   0.400,   3.107
202605252006,   2.287,   3.007,9999.000,9999.000,9999.000,9999.000,9999.000,9999.000,9999.000
202605252012,   2.314,   3.060,9999.000,9999.000,9999.000,9999.000,9999.000,9999.000,9999.000
202605252018,   2.340,   3.099,9999.000,9999.000,9999.000,9999.000,9999.000,9999.000,9999.000
202605252024,   2.362,   3.129,9999.000,9999.000,9999.000,9999.000,9999.000,9999.000,9999.000
202605252030,   2.382,   3.138,9999.000,9999.000,9999.000,9999.000,9999.000,9999.000,9999.000
202605252036,   2.400,   3.207,9999.000,9999.000,9999.000,9999.000,9999.000,9999.000,9999.000
202605252042,   2.415,   3.197,9999.000,9999.000,9999.000,9999.000,9999.000,9999.000,9999.000
202605252048,   2.427,   3.158,9999.000,9999.000,9999.000,9999.000,9999.000,9999.000,9999.000
202605252054,   2.437,   3.217,9999.000,9999.000,9999.000,9999.000,9999.000,9999.000,9999.000
202605252100,   2.444,   3.188,   0.300,   0.444,   3.188,   0.300,   3.188,   0.400,   3.288
202605252106,   2.448,   3.217,9999.000,9999.000,9999.000,9999.000,9999.000,9999.000,9999.000
202605252112,   2.450,   3.250,9999.000,9999.000,9999.000,9999.000,9999.000,9999.000,9999.000
202605252118,   2.449,   3.260,9999.000,9999.000,9999.000,9999.000,9999.000,9999.000,9999.000
202605252124,   2.445,   3.260,9999.000,9999.000,9999.000,9999.000,9999.000,9999.000,9999.000
202605252130,   2.439,   3.197,9999.000,9999.000,9999.000,9999.000,9999.000,9999.000,9999.000
202605252136,   2.430,   3.260,9999.000,9999.000,9999.000,9999.000,9999.000,9999.000,9999.000
202605252142,   2.419,   3.197,9999.000,9999.000,9999.000,9999.000,9999.000,9999.000,9999.000
202605252148,   2.405,   3.230,9999.000,9999.000,9999.000,9999.000,9999.000,9999.000,9999.000
202605252154,   2.388,   3.158,9999.000,9999.000,9999.000,9999.000,9999.000,9999.000,9999.000
202605252200,   2.369,   3.148,   0.300,   0.479,   3.148,   0.300,   3.148,   0.400,   3.248
202605252206,   2.348,   3.148,9999.000,9999.000,9999.000,9999.000,9999.000,9999.000,9999.000
202605252212,   2.324,   3.089,9999.000,9999.000,9999.000,9999.000,9999.000,9999.000,9999.000
202605252218,   2.298,   3.079,9999.000,9999.000,9999.000,9999.000,9999.000,9999.000,9999.000
202605252224,   2.270,   3.089,9999.000,9999.000,9999.000,9999.000,9999.000,9999.000,9999.000
202605252230,   2.239,   3.017,9999.000,9999.000,9999.000,9999.000,9999.000,9999.000,9999.000
202605252236,   2.206,   2.997,9999.000,9999.000,9999.000,9999.000,9999.000,9999.000,9999.000
202605252242,   2.171,   2.968,9999.000,9999.000,9999.000,9999.000,9999.000,9999.000,9999.000
202605252248,   2.134,   2.919,9999.000,9999.000,9999.000,9999.000,9999.000,9999.000,9999.000
202605252254,   2.096,   2.929,9999.000,9999.000,9999.000,9999.000,9999.000,9999.000,9999.000
202605252300,   2.055,   2.899,   0.300,   0.544,   2.899,   0.200,   2.799,   0.400,   2.999
202605252306,   2.013,   2.850,9999.000,9999.000,9999.000,9999.000,9999.000,9999.000,9999.000
202605252312,   1.969,   2.820,9999.000,9999.000,9999.000,9999.000,9999.000,9999.000,9999.000
202605252318,   1.923,   2.758,9999.000,9999.000,9999.000,9999.000,9999.000,9999.000,9999.000
202605252324,   1.876,   2.728,9999.000,9999.000,9999.000,9999.000,9999.000,9999.000,9999.000
202605252330,   1.827,   2.728,9999.000,9999.000,9999.000,9999.000,9999.000,9999.000,9999.000
202605252336,   1.777,   2.640,9999.000,9999.000,9999.000,9999.000,9999.000,9999.000,9999.000
202605252342,   1.726,   2.610,9999.000,9999.000,9999.000,9999.000,9999.000,9999.000,9999.000
202605252348,   1.674,   2.578,9999.000,9999.000,9999.000,9999.000,9999.000,9999.000,9999.000
202605252354,   1.621,   2.509,9999.000,9999.000,9999.000,9999.000,9999.000,9999.000,9999.000
202605260000,   1.567,   2.469,   0.300,   0.602,   2.469,   0.300,   2.469,   0.300,   2.469
202605260006,   1.513,   2.430,9999.000,9999.000,9999.000,9999.000,9999.000,9999.000,9999.000
202605260012,   1.458,   2.377,9999.000,9999.000,9999.000,9999.000,9999.000,9999.000,9999.000
202605260018,   1.402,   2.318,9999.000,9999.000,9999.000,9999.000,9999.000,9999.000,9999.000
202605260024,   1.346,   2.259,9999.000,9999.000,9999.000,9999.000,9999.000,9999.000,9999.000
202605260030,   1.290,   2.191,9999.000,9999.000,9999.000,9999.000,9999.000,9999.000,9999.000
202605260036,   1.234,   2.118,9999.000,9999.000,9999.000,9999.000,9999.000,9999.000,9999.000
202605260042,   1.178,   2.079,9999.000,9999.000,9999.000,9999.000,9999.000,9999.000,9999.000
202605260048,   1.123,   2.049,9999.000,9999.000,9999.000,9999.000,9999.000,9999.000,9999.000
202605260054,   1.067,   1.990,9999.000,9999.000,9999.000,9999.000,9999.000,9999.000,9999.000
202605260100,   1.012,   1.938,   0.300,   0.626,   1.938,   0.300,   1.938,   0.300,   1.938
202605260106,   0.958,   1.879,9999.000,9999.000,9999.000,9999.000,9999.000,9999.000,9999.000
202605260112,   0.905,   1.820,9999.000,9999.000,9999.000,9999.000,9999.000,9999.000,9999.000
202605260118,   0.852,   1.767,9999.000,9999.000,9999.000,9999.000,9999.000,9999.000,9999.000
202605260124,   0.801,   1.708,9999.000,9999.000,9999.000,9999.000,9999.000,9999.000,9999.000
202605260130,   0.750,   1.669,9999.000,9999.000,9999.000,9999.000,9999.000,9999.000,9999.000
202605260136,   0.701,   1.610,9999.000,9999.000,9999.000,9999.000,9999.000,9999.000,9999.000
202605260142,   0.654,   1.580,9999.000,9999.000,9999.000,9999.000,9999.000,9999.000,9999.000
202605260148,   0.608,   1.528,9999.000,9999.000,9999.000,9999.000,9999.000,9999.000,9999.000
202605260154,   0.564,   1.469,9999.000,9999.000,9999.000,9999.000,9999.000,9999.000,9999.000
202605260200,   0.521,   1.439,   0.300,   0.618,   1.439,   0.300,   1.439,   0.300,   1.439
202605260206,   0.481,   1.390,9999.000,9999.000,9999.000,9999.000,9999.000,9999.000,9999.000
202605260212,   0.443,   1.371,9999.000,9999.000,9999.000,9999.000,9999.000,9999.000,9999.000
202605260218,   0.406,   1.308,9999.000,9999.000,9999.000,9999.000,9999.000,9999.000,9999.000
202605260224,   0.372,   1.289,9999.000,9999.000,9999.000,9999.000,9999.000,9999.000,9999.000
202605260230,   0.341,   1.259,9999.000,9999.000,9999.000,9999.000,9999.000,9999.000,9999.000
202605260236,   0.312,   1.210,9999.000,9999.000,9999.000,9999.000,9999.000,9999.000,9999.000
202605260242,   0.285,   1.170,9999.000,9999.000,9999.000,9999.000,9999.000,9999.000,9999.000
202605260248,   0.261,   1.128,9999.000,9999.000,9999.000,9999.000,9999.000,9999.000,9999.000
202605260254,   0.240,   1.108,9999.000,9999.000,9999.000,9999.000,9999.000,9999.000,9999.000
202605260300,   0.221,   1.069,   0.300,   0.548,   1.069,   0.200,   0.969,   0.300,   1.069
202605260306,   0.205,   1.059,9999.000,9999.000,9999.000,9999.000,9999.000,9999.000,9999.000
202605260312,   0.192,   1.020,9999.000,9999.000,9999.000,9999.000,9999.000,9999.000,9999.000
202605260318,   0.182,   1.010,9999.000,9999.000,9999.000,9999.000,9999.000,9999.000,9999.000
202605260324,   0.174,   1.000,9999.000,9999.000,9999.000,9999.000,9999.000,9999.000,9999.000
202605260330,   0.170,   0.980,9999.000,9999.000,9999.000,9999.000,9999.000,9999.000,9999.000
202605260336,   0.168,   0.980,9999.000,9999.000,9999.000,9999.000,9999.000,9999.000,9999.000
202605260342,   0.170,   0.980,9999.000,9999.000,9999.000,9999.000,9999.000,9999.000,9999.000
202605260348,   0.174,   0.980,9999.000,9999.000,9999.000,9999.000,9999.000,9999.000,9999.000
202605260354,   0.181,   0.951,9999.000,9999.000,9999.000,9999.000,9999.000,9999.000,9999.000
202605260400,   0.191,   0.941,   0.300,   0.450,   0.941,   0.200,   0.841,   0.300,   0.941
202605260406,   0.204,   1.000,9999.000,9999.000,9999.000,9999.000,9999.000,9999.000,9999.000
202605260412,   0.219,   0.980,9999.000,9999.000,9999.000,9999.000,9999.000,9999.000,9999.000
202605260418,   0.237,   0.990,9999.000,9999.000,9999.000,9999.000,9999.000,9999.000,9999.000
202605260424,   0.258,   1.000,9999.000,9999.000,9999.000,9999.000,9999.000,9999.000,9999.000
202605260430,   0.281,   1.029,9999.000,9999.000,9999.000,9999.000,9999.000,9999.000,9999.000
202605260436,   0.307,   1.059,9999.000,9999.000,9999.000,9999.000,9999.000,9999.000,9999.000
202605260442,   0.335,   1.069,9999.000,9999.000,9999.000,9999.000,9999.000,9999.000,9999.000
202605260448,   0.365,   1.088,9999.000,9999.000,9999.000,9999.000,9999.000,9999.000,9999.000
202605260454,   0.398,   1.108,9999.000,9999.000,9999.000,9999.000,9999.000,9999.000,9999.000
202605260500,   0.432,   1.098,   0.200,   0.466,   1.098,   0.200,   1.098,   0.300,   1.198
202605260506,   0.469,   1.190,9999.000,9999.000,9999.000,9999.000,9999.000,9999.000,9999.000
202605260512,   0.507,   1.151,9999.000,9999.000,9999.000,9999.000,9999.000,9999.000,9999.000
202605260518,   0.548,   1.259,9999.000,9999.000,9999.000,9999.000,9999.000,9999.000,9999.000
202605260524,   0.589,   1.239,9999.000,9999.000,9999.000,9999.000,9999.000,9999.000,9999.000
202605260530,   0.632,   1.328,9999.000,9999.000,9999.000,9999.000,9999.000,9999.000,9999.000
202605260536,   0.677,   1.338,9999.000,9999.000,9999.000,9999.000,9999.000,9999.000,9999.000
202605260542,   0.723,   1.361,9999.000,9999.000,9999.000,9999.000,9999.000,9999.000,9999.000
202605260548,   0.769,   1.390,9999.000,9999.000,9999.000,9999.000,9999.000,9999.000,9999.000
202605260554,   0.817,   1.479,9999.000,9999.000,9999.000,9999.000,9999.000,9999.000,9999.000
202605260600,   0.865,   1.518,   0.200,   0.453,   1.518,   0.200,   1.518,   0.300,   1.618
202605260606,   0.914,   1.548,9999.000,9999.000,9999.000,9999.000,9999.000,9999.000,9999.000
202605260612,   0.963,   1.590,9999.000,9999.000,9999.000,9999.000,9999.000,9999.000,9999.000
202605260618,   1.013,   1.630,9999.000,9999.000,9999.000,9999.000,9999.000,9999.000,9999.000
202605260624,   1.063,   1.669,9999.000,9999.000,9999.000,9999.000,9999.000,9999.000,9999.000
202605260630,   1.113,   1.738,9999.000,9999.000,9999.000,9999.000,9999.000,9999.000,9999.000
202605260636,   1.162,   1.758,9999.000,9999.000,9999.000,9999.000,9999.000,9999.000,9999.000
202605260642,   1.212,   1.830,9999.000,9999.000,9999.000,9999.000,9999.000,9999.000,9999.000
202605260648,   1.261,   1.879,9999.000,9999.000,9999.000,9999.000,9999.000,9999.000,9999.000
202605260654,   1.309,   1.918,9999.000,9999.000,9999.000,9999.000,9999.000,9999.000,9999.000
202605260700,   1.357,   1.967,   0.200,   0.410,   1.967,   0.200,   1.967,   0.300,   2.067
202605260706,   1.404,   2.010,9999.000,9999.000,9999.000,9999.000,9999.000,9999.000,9999.000
202605260712,   1.450,   2.069,9999.000,9999.000,9999.000,9999.000,9999.000,9999.000,9999.000
202605260718,   1.495,   2.128,9999.000,9999.000,9999.000,9999.000,9999.000,9999.000,9999.000
202605260724,   1.539,   2.158,9999.000,9999.000,9999.000,9999.000,9999.000,9999.000,9999.000
202605260730,   1.582,   2.200,9999.000,9999.000,9999.000,9999.000,9999.000,9999.000,9999.000
202605260736,   1.623,   2.230,9999.000,9999.000,9999.000,9999.000,9999.000,9999.000,9999.000
202605260742,   1.662,   2.269,9999.000,9999.000,9999.000,9999.000,9999.000,9999.000,9999.000
202605260748,   1.700,   2.309,9999.000,9999.000,9999.000,9999.000,9999.000,9999.000,9999.000
202605260754,   1.737,   2.338,9999.000,9999.000,9999.000,9999.000,9999.000,9999.000,9999.000
202605260800,   1.771,   2.368,   0.200,   0.397,   2.368,   0.200,   2.368,   0.300,   2.468
202605260806,   1.804,   2.420,9999.000,9999.000,9999.000,9999.000,9999.000,9999.000,9999.000
202605260812,   1.835,   2.440,9999.000,9999.000,9999.000,9999.000,9999.000,9999.000,9999.000
202605260818,   1.863,   2.479,9999.000,9999.000,9999.000,9999.000,9999.000,9999.000,9999.000
202605260824,   1.890,   2.499,9999.000,9999.000,9999.000,9999.000,9999.000,9999.000,9999.000
202605260830,   1.914,   2.509,9999.000,9999.000,9999.000,9999.000,9999.000,9999.000,9999.000
202605260836,   1.937,   2.528,9999.000,9999.000,9999.000,9999.000,9999.000,9999.000,9999.000
202605260842,   1.957,   2.578,9999.000,9999.000,9999.000,9999.000,9999.000,9999.000,9999.000
202605260848,   1.974,   2.610,9999.000,9999.000,9999.000,9999.000,9999.000,9999.000,9999.000
202605260854,   1.990,   2.597,9999.000,9999.000,9999.000,9999.000,9999.000,9999.000,9999.000
202605260900,   2.003,   2.630,   0.200,   0.427,   2.630,   0.200,   2.630,   0.300,   2.730
202605260906,   2.013,   2.630,9999.000,9999.000,9999.000,9999.000,9999.000,9999.000,9999.000
202605260912,   2.022,   2.679,9999.000,9999.000,9999.000,9999.000,9999.000,9999.000,9999.000
202605260918,   2.027,   2.679,9999.000,9999.000,9999.000,9999.000,9999.000,9999.000,9999.000
202605260924,   2.031,   2.679,9999.000,9999.000,9999.000,9999.000,9999.000,9999.000,9999.000
202605260930,   2.032,   2.699,9999.000,9999.000,9999.000,9999.000,9999.000,9999.000,9999.000
202605260936,   2.030,   2.699,9999.000,9999.000,9999.000,9999.000,9999.000,9999.000,9999.000
202605260942,   2.026,   2.709,9999.000,9999.000,9999.000,9999.000,9999.000,9999.000,9999.000
202605260948,   2.020,   2.689,9999.000,9999.000,9999.000,9999.000,9999.000,9999.000,9999.000
202605260954,   2.011,   2.728,9999.000,9999.000,9999.000,9999.000,9999.000,9999.000,9999.000
202605261000,   1.999,   2.709,   0.200,   0.510,   2.709,   0.200,   2.709,   0.300,   2.809
202605261006,   1.986,   2.709,9999.000,9999.000,9999.000,9999.000,9999.000,9999.000,9999.000
202605261012,   1.970,   2.699,9999.000,9999.000,9999.000,9999.000,9999.000,9999.000,9999.000
202605261018,   1.951,   2.689,9999.000,9999.000,9999.000,9999.000,9999.000,9999.000,9999.000
202605261024,   1.931,   2.679,9999.000,9999.000,9999.000,9999.000,9999.000,9999.000,9999.000
202605261030,   1.908,   2.650,9999.000,9999.000,9999.000,9999.000,9999.000,9999.000,9999.000
202605261036,   1.883,   2.620,9999.000,9999.000,9999.000,9999.000,9999.000,9999.000,9999.000
202605261042,   1.856,   2.587,9999.000,9999.000,9999.000,9999.000,9999.000,9999.000,9999.000
202605261048,   1.827,   2.578,9999.000,9999.000,9999.000,9999.000,9999.000,9999.000,9999.000
202605261054,   1.795,   2.548,9999.000,9999.000,9999.000,9999.000,9999.000,9999.000,9999.000
202605261100,   1.762,   2.538,   0.200,   0.576,   2.538,   0.200,   2.538,   0.300,   2.638
202605261106,   1.727,   2.479,9999.000,9999.000,9999.000,9999.000,9999.000,9999.000,9999.000
202605261112,   1.690,   2.450,9999.000,9999.000,9999.000,9999.000,9999.000,9999.000,9999.000
202605261118,   1.652,   2.430,9999.000,9999.000,9999.000,9999.000,9999.000,9999.000,9999.000
202605261124,   1.612,   2.387,9999.000,9999.000,9999.000,9999.000,9999.000,9999.000,9999.000
202605261130,   1.570,   2.368,9999.000,9999.000,9999.000,9999.000,9999.000,9999.000,9999.000
202605261136,   1.527,   2.318,9999.000,9999.000,9999.000,9999.000,9999.000,9999.000,9999.000
202605261142,   1.482,   2.250,9999.000,9999.000,9999.000,9999.000,9999.000,9999.000,9999.000
202605261148,   1.437,   2.210,9999.000,9999.000,9999.000,9999.000,9999.000,9999.000,9999.000
202605261154,   1.390,   2.168,9999.000,9999.000,9999.000,9999.000,9999.000,9999.000,9999.000
202605261200,   1.342,   2.118,   0.300,   0.476,   2.118,   0.200,   2.018,   0.300,   2.118
202605261206,   1.293,   2.118,9999.000,9999.000,9999.000,9999.000,9999.000,9999.000,9999.000
202605261212,   1.244,   2.040,9999.000,9999.000,9999.000,9999.000,9999.000,9999.000,9999.000
202605261218,   1.194,   1.981,9999.000,9999.000,9999.000,9999.000,9999.000,9999.000,9999.000
202605261224,   1.143,   1.938,9999.000,9999.000,9999.000,9999.000,9999.000,9999.000,9999.000
202605261230,   1.092,   1.899,9999.000,9999.000,9999.000,9999.000,9999.000,9999.000,9999.000
202605261236,   1.041,   1.830,9999.000,9999.000,9999.000,9999.000,9999.000,9999.000,9999.000
202605261242,   0.989,   1.810,9999.000,9999.000,9999.000,9999.000,9999.000,9999.000,9999.000
202605261248,   0.938,   1.758,9999.000,9999.000,9999.000,9999.000,9999.000,9999.000,9999.000
202605261254,   0.886,   1.689,9999.000,9999.000,9999.000,9999.000,9999.000,9999.000,9999.000
202605261300,   0.835,   1.639,   0.300,   0.504,   1.639,   0.200,   1.539,   0.300,   1.639
202605261306,   0.784,   1.590,9999.000,9999.000,9999.000,9999.000,9999.000,9999.000,9999.000
202605261312,   0.734,   1.557,9999.000,9999.000,9999.000,9999.000,9999.000,9999.000,9999.000
202605261318,   0.685,   1.498,9999.000,9999.000,9999.000,9999.000,9999.000,9999.000,9999.000
202605261324,   0.636,   1.459,9999.000,9999.000,9999.000,9999.000,9999.000,9999.000,9999.000
202605261330,   0.588,   1.348,9999.000,9999.000,9999.000,9999.000,9999.000,9999.000,9999.000
202605261336,   0.542,   1.371,9999.000,9999.000,9999.000,9999.000,9999.000,9999.000,9999.000
202605261342,   0.496,   1.279,9999.000,9999.000,9999.000,9999.000,9999.000,9999.000,9999.000
202605261348,   0.453,   1.279,9999.000,9999.000,9999.000,9999.000,9999.000,9999.000,9999.000
202605261354,   0.410,   1.210,9999.000,9999.000,9999.000,9999.000,9999.000,9999.000,9999.000
202605261400,   0.369,   1.170,   0.300,   0.501,   1.170,   0.200,   1.070,   0.300,   1.170
202605261406,   0.330,   1.138,9999.000,9999.000,9999.000,9999.000,9999.000,9999.000,9999.000
202605261412,   0.293,   1.128,9999.000,9999.000,9999.000,9999.000,9999.000,9999.000,9999.000
202605261418,   0.258,   1.079,9999.000,9999.000,9999.000,9999.000,9999.000,9999.000,9999.000
202605261424,   0.225,   1.039,9999.000,9999.000,9999.000,9999.000,9999.000,9999.000,9999.000
202605261430,   0.194,   1.010,9999.000,9999.000,9999.000,9999.000,9999.000,9999.000,9999.000
202605261436,   0.166,   0.990,9999.000,9999.000,9999.000,9999.000,9999.000,9999.000,9999.000
202605261442,   0.140,   0.951,9999.000,9999.000,9999.000,9999.000,9999.000,9999.000,9999.000
202605261448,   0.117,   0.941,9999.000,9999.000,9999.000,9999.000,9999.000,9999.000,9999.000
202605261454,   0.096,   0.918,9999.000,9999.000,9999.000,9999.000,9999.000,9999.000,9999.000
202605261500,   0.078,   0.888,   0.300,   0.510,   0.888,   0.300,   0.888,   0.300,   0.888
202605261506,   0.062,   0.869,9999.000,9999.000,9999.000,9999.000,9999.000,9999.000,9999.000
202605261512,   0.050,   0.849,9999.000,9999.000,9999.000,9999.000,9999.000,9999.000,9999.000
202605261518,   0.040,   0.829,9999.000,9999.000,9999.000,9999.000,9999.000,9999.000,9999.000
202605261524,   0.034,   0.829,9999.000,9999.000,9999.000,9999.000,9999.000,9999.000,9999.000
202605261530,   0.030,   0.810,9999.000,9999.000,9999.000,9999.000,9999.000,9999.000,9999.000
202605261536,   0.029,   0.810,9999.000,9999.000,9999.000,9999.000,9999.000,9999.000,9999.000
202605261542,   0.032,   0.829,9999.000,9999.000,9999.000,9999.000,9999.000,9999.000,9999.000
202605261548,   0.037,   0.790,9999.000,9999.000,9999.000,9999.000,9999.000,9999.000,9999.000
202605261554,   0.046,   0.829,9999.000,9999.000,9999.000,9999.000,9999.000,9999.000,9999.000
202605261600,   0.057,   0.810,   0.300,   0.453,   0.810,   0.300,   0.810,   0.300,   0.810
202605261606,   0.072,   0.819,9999.000,9999.000,9999.000,9999.000,9999.000,9999.000,9999.000
202605261612,   0.089,   0.829,9999.000,9999.000,9999.000,9999.000,9999.000,9999.000,9999.000
202605261618,   0.110,   0.869,9999.000,9999.000,9999.000,9999.000,9999.000,9999.000,9999.000
202605261624,   0.133,   0.849,9999.000,9999.000,9999.000,9999.000,9999.000,9999.000,9999.000
202605261630,   0.159,   0.869,9999.000,9999.000,9999.000,9999.000,9999.000,9999.000,9999.000
202605261636,   0.188,   0.888,9999.000,9999.000,9999.000,9999.000,9999.000,9999.000,9999.000
202605261642,   0.220,   0.918,9999.000,9999.000,9999.000,9999.000,9999.000,9999.000,9999.000
202605261648,   0.255,   0.951,9999.000,9999.000,9999.000,9999.000,9999.000,9999.000,9999.000
202605261654,   0.292,   0.970,9999.000,9999.000,9999.000,9999.000,9999.000,9999.000,9999.000
202605261700,   0.331,   1.000,   0.300,   0.369,   1.000,   0.300,   1.000,   0.400,   1.100
202605261706,   0.373,   1.049,9999.000,9999.000,9999.000,9999.000,9999.000,9999.000,9999.000
202605261712,   0.418,   1.088,9999.000,9999.000,9999.000,9999.000,9999.000,9999.000,9999.000
202605261718,   0.464,   1.108,9999.000,9999.000,9999.000,9999.000,9999.000,9999.000,9999.000
202605261724,   0.512,   1.118,9999.000,9999.000,9999.000,9999.000,9999.000,9999.000,9999.000
202605261730,   0.563,   1.210,9999.000,9999.000,9999.000,9999.000,9999.000,9999.000,9999.000
202605261736,   0.615,   1.249,9999.000,9999.000,9999.000,9999.000,9999.000,9999.000,9999.000
202605261742,   0.669,   1.318,9999.000,9999.000,9999.000,9999.000,9999.000,9999.000,9999.000
202605261748,   0.724,   1.338,9999.000,9999.000,9999.000,9999.000,9999.000,9999.000,9999.000
202605261754,   0.781,   1.390,9999.000,9999.000,9999.000,9999.000,9999.000,9999.000,9999.000
202605261800,   0.839,   1.479,   0.400,   0.240,   1.479,   0.300,   1.379,   0.400,   1.479
202605261806,   0.899,   1.528,9999.000,9999.000,9999.000,9999.000,9999.000,9999.000,9999.000
202605261812,   0.959,   1.557,9999.000,9999.000,9999.000,9999.000,9999.000,9999.000,9999.000
202605261818,   1.020,   1.630,9999.000,9999.000,9999.000,9999.000,9999.000,9999.000,9999.000
202605261824,   1.081,   1.669,9999.000,9999.000,9999.000,9999.000,9999.000,9999.000,9999.000
202605261830,   1.143,   1.728,9999.000,9999.000,9999.000,9999.000,9999.000,9999.000,9999.000
202605261836,   1.206,   1.767,9999.000,9999.000,9999.000,9999.000,9999.000,9999.000,9999.000
202605261842,   1.268,   1.849,9999.000,9999.000,9999.000,9999.000,9999.000,9999.000,9999.000
202605261848,   1.331,   1.889,9999.000,9999.000,9999.000,9999.000,9999.000,9999.000,9999.000
202605261854,   1.393,   1.908,9999.000,9999.000,9999.000,9999.000,9999.000,9999.000,9999.000
202605261900,   1.456,   1.990,   0.400,   0.134,   1.990,   0.300,   1.890,   0.400,   1.990
202605261906,   1.517,   2.040,9999.000,9999.000,9999.000,9999.000,9999.000,9999.000,9999.000
202605261912,   1.579,   2.109,9999.000,9999.000,9999.000,9999.000,9999.000,9999.000,9999.000
202605261918,   1.639,   2.148,9999.000,9999.000,9999.000,9999.000,9999.000,9999.000,9999.000
202605261924,   1.699,   2.210,9999.000,9999.000,9999.000,9999.000,9999.000,9999.000,9999.000
202605261930,   1.757,   2.250,9999.000,9999.000,9999.000,9999.000,9999.000,9999.000,9999.000
202605261936,   1.815,   2.318,9999.000,9999.000,9999.000,9999.000,9999.000,9999.000,9999.000
202605261942,   1.871,   2.368,9999.000,9999.000,9999.000,9999.000,9999.000,9999.000,9999.000
202605261948,   1.926,   2.450,9999.000,9999.000,9999.000,9999.000,9999.000,9999.000,9999.000
202605261954,   1.979,   2.479,9999.000,9999.000,9999.000,9999.000,9999.000,9999.000,9999.000
202605262000,   2.031,   2.479,   0.400,   0.048,   2.479,   0.400,   2.479,   0.400,   2.479
202605262006,   2.081,   2.568,9999.000,9999.000,9999.000,9999.000,9999.000,9999.000,9999.000
202605262012,   2.129,   2.597,9999.000,9999.000,9999.000,9999.000,9999.000,9999.000,9999.000
202605262018,   2.175,   2.650,9999.000,9999.000,9999.000,9999.000,9999.000,9999.000,9999.000
202605262024,   2.219,   2.709,9999.000,9999.000,9999.000,9999.000,9999.000,9999.000,9999.000
202605262030,   2.261,   2.738,9999.000,9999.000,9999.000,9999.000,9999.000,9999.000,9999.000
202605262036,   2.300,   2.778,9999.000,9999.000,9999.000,9999.000,9999.000,9999.000,9999.000
202605262042,   2.338,   2.807,9999.000,9999.000,9999.000,9999.000,9999.000,9999.000,9999.000
202605262048,   2.373,   2.869,9999.000,9999.000,9999.000,9999.000,9999.000,9999.000,9999.000
202605262054,   2.405,   2.889,9999.000,9999.000,9999.000,9999.000,9999.000,9999.000,9999.000
202605262100,   2.435,   2.929,   0.400,   0.094,   2.929,   0.400,   2.929,   0.400,   2.929
202605262106,   2.462,   2.968,9999.000,9999.000,9999.000,9999.000,9999.000,9999.000,9999.000
202605262112,   2.487,   2.968,9999.000,9999.000,9999.000,9999.000,9999.000,9999.000,9999.000
202605262118,   2.509,   3.017,9999.000,9999.000,9999.000,9999.000,9999.000,9999.000,9999.000
202605262124,   2.528,   3.040,9999.000,9999.000,9999.000,9999.000,9999.000,9999.000,9999.000
202605262130,   2.545,   3.040,9999.000,9999.000,9999.000,9999.000,9999.000,9999.000,9999.000
202605262136,   2.558,   3.060,9999.000,9999.000,9999.000,9999.000,9999.000,9999.000,9999.000
202605262142,   2.569,   3.079,9999.000,9999.000,9999.000,9999.000,9999.000,9999.000,9999.000
202605262148,   2.577,   3.109,9999.000,9999.000,9999.000,9999.000,9999.000,9999.000,9999.000
202605262154,   2.582,   3.119,9999.000,9999.000,9999.000,9999.000,9999.000,9999.000,9999.000
202605262200,   2.585,   3.129,   0.400,   0.144,   3.129,   0.400,   3.129,   0.400,   3.129
202605262206,   2.584,   3.138,9999.000,9999.000,9999.000,9999.000,9999.000,9999.000,9999.000
202605262212,   2.581,   3.168,9999.000,9999.000,9999.000,9999.000,9999.000,9999.000,9999.000
202605262218,   2.574,   3.158,9999.000,9999.000,9999.000,9999.000,9999.000,9999.000,9999.000
202605262224,   2.565,   3.188,9999.000,9999.000,9999.000,9999.000,9999.000,9999.000,9999.000
202605262230,   2.553,   3.188,9999.000,9999.000,9999.000,9999.000,9999.000,9999.000,9999.000
202605262236,   2.538,   3.197,9999.000,9999.000,9999.000,9999.000,9999.000,9999.000,9999.000
202605262242,   2.521,   3.168,9999.000,9999.000,9999.000,9999.000,9999.000,9999.000,9999.000
202605262248,   2.500,   3.178,9999.000,9999.000,9999.000,9999.000,9999.000,9999.000,9999.000
202605262254,   2.477,   3.129,9999.000,9999.000,9999.000,9999.000,9999.000,9999.000,9999.000
202605262300,   2.452,   3.148,   0.400,   0.296,   3.148,   0.400,   3.148,   0.500,   3.248
202605262306,   2.424,   3.158,9999.000,9999.000,9999.000,9999.000,9999.000,9999.000,9999.000
202605262312,   2.393,   3.119,9999.000,9999.000,9999.000,9999.000,9999.000,9999.000,9999.000
202605262318,   2.360,   3.079,9999.000,9999.000,9999.000,9999.000,9999.000,9999.000,9999.000
202605262324,   2.324,   3.070,9999.000,9999.000,9999.000,9999.000,9999.000,9999.000,9999.000
202605262330,   2.286,   3.030,9999.000,9999.000,9999.000,9999.000,9999.000,9999.000,9999.000
202605262336,   2.246,   2.997,9999.000,9999.000,9999.000,9999.000,9999.000,9999.000,9999.000
202605262342,   2.204,   2.978,9999.000,9999.000,9999.000,9999.000,9999.000,9999.000,9999.000
202605262348,   2.160,   2.909,9999.000,9999.000,9999.000,9999.000,9999.000,9999.000,9999.000
202605262354,   2.114,   2.860,9999.000,9999.000,9999.000,9999.000,9999.000,9999.000,9999.000
202605270000,   2.066,   2.860,   0.400,   0.394,   2.860,   0.400,   2.860,   0.400,   2.860
202605270006,   2.016,   2.787,9999.000,9999.000,9999.000,9999.000,9999.000,9999.000,9999.000
202605270012,   1.965,   2.758,9999.000,9999.000,9999.000,9999.000,9999.000,9999.000,9999.000
202605270018,   1.912,   2.719,9999.000,9999.000,9999.000,9999.000,9999.000,9999.000,9999.000
202605270024,   1.858,   2.660,9999.000,9999.000,9999.000,9999.000,9999.000,9999.000,9999.000
202605270030,   1.802,   2.597,9999.000,9999.000,9999.000,9999.000,9999.000,9999.000,9999.000
202605270036,   1.745,   2.538,9999.000,9999.000,9999.000,9999.000,9999.000,9999.000,9999.000
202605270042,   1.688,   2.489,9999.000,9999.000,9999.000,9999.000,9999.000,9999.000,9999.000
202605270048,   1.629,   2.440,9999.000,9999.000,9999.000,9999.000,9999.000,9999.000,9999.000
202605270054,   1.570,   2.377,9999.000,9999.000,9999.000,9999.000,9999.000,9999.000,9999.000
202605270100,   1.510,   2.348,   0.400,   0.438,   2.348,   0.400,   2.348,   0.400,   2.348
202605270106,   1.450,   2.289,9999.000,9999.000,9999.000,9999.000,9999.000,9999.000,9999.000
202605270112,   1.390,   2.259,9999.000,9999.000,9999.000,9999.000,9999.000,9999.000,9999.000
202605270118,   1.329,   2.109,9999.000,9999.000,9999.000,9999.000,9999.000,9999.000,9999.000
202605270124,   1.268,   2.158,9999.000,9999.000,9999.000,9999.000,9999.000,9999.000,9999.000
202605270130,   1.208,   2.010,9999.000,9999.000,9999.000,9999.000,9999.000,9999.000,9999.000
202605270136,   1.147,   2.020,9999.000,9999.000,9999.000,9999.000,9999.000,9999.000,9999.000
202605270142,   1.088,   1.948,9999.000,9999.000,9999.000,9999.000,9999.000,9999.000,9999.000
202605270148,   1.029,   1.879,9999.000,9999.000,9999.000,9999.000,9999.000,9999.000,9999.000
202605270154,   0.970,   1.840,9999.000,9999.000,9999.000,9999.000,9999.000,9999.000,9999.000
202605270200,   0.913,   1.810,   0.400,   0.497,   1.810,   0.400,   1.810,   0.400,   1.810
202605270206,   0.856,   1.738,9999.000,9999.000,9999.000,9999.000,9999.000,9999.000,9999.000
202605270212,   0.801,   1.649,9999.000,9999.000,9999.000,9999.000,9999.000,9999.000,9999.000
202605270218,   0.747,   1.679,9999.000,9999.000,9999.000,9999.000,9999.000,9999.000,9999.000
202605270224,   0.695,   1.571,9999.000,9999.000,9999.000,9999.000,9999.000,9999.000,9999.000
202605270230,   0.644,   1.548,9999.000,9999.000,9999.000,9999.000,9999.000,9999.000,9999.000
202605270236,   0.595,   1.479,9999.000,9999.000,9999.000,9999.000,9999.000,9999.000,9999.000
202605270242,   0.548,   1.449,9999.000,9999.000,9999.000,9999.000,9999.000,9999.000,9999.000
202605270248,   0.502,   1.410,9999.000,9999.000,9999.000,9999.000,9999.000,9999.000,9999.000
202605270254,   0.459,   1.371,9999.000,9999.000,9999.000,9999.000,9999.000,9999.000,9999.000
202605270300,   0.418,   1.308,   0.400,   0.490,   1.308,   0.400,   1.308,   0.400,   1.308
202605270306,   0.380,   1.269,9999.000,9999.000,9999.000,9999.000,9999.000,9999.000,9999.000
202605270312,   0.343,   1.229,9999.000,9999.000,9999.000,9999.000,9999.000,9999.000,9999.000
202605270318,   0.310,   1.210,9999.000,9999.000,9999.000,9999.000,9999.000,9999.000,9999.000
202605270324,   0.279,   1.161,9999.000,9999.000,9999.000,9999.000,9999.000,9999.000,9999.000
202605270330,   0.250,   1.128,9999.000,9999.000,9999.000,9999.000,9999.000,9999.000,9999.000
202605270336,   0.225,   1.108,9999.000,9999.000,9999.000,9999.000,9999.000,9999.000,9999.000
202605270342,   0.202,   1.088,9999.000,9999.000,9999.000,9999.000,9999.000,9999.000,9999.000
202605270348,   0.182,   1.059,9999.000,9999.000,9999.000,9999.000,9999.000,9999.000,9999.000
202605270354,   0.164,   1.049,9999.000,9999.000,9999.000,9999.000,9999.000,9999.000,9999.000
202605270400,   0.150,   1.010,   0.400,   0.460,   1.010,   0.400,   1.010,   0.400,   1.010
202605270406,   0.139,   1.000,9999.000,9999.000,9999.000,9999.000,9999.000,9999.000,9999.000
202605270412,   0.131,   0.990,9999.000,9999.000,9999.000,9999.000,9999.000,9999.000,9999.000
202605270418,   0.125,   0.980,9999.000,9999.000,9999.000,9999.000,9999.000,9999.000,9999.000
202605270424,   0.123,   0.980,9999.000,9999.000,9999.000,9999.000,9999.000,9999.000,9999.000
202605270430,   0.123,   0.970,9999.000,9999.000,9999.000,9999.000,9999.000,9999.000,9999.000
202605270436,   0.127,   0.961,9999.000,9999.000,9999.000,9999.000,9999.000,9999.000,9999.000
202605270442,   0.133,   0.951,9999.000,9999.000,9999.000,9999.000,9999.000,9999.000,9999.000
202605270448,   0.142,   0.951,9999.000,9999.000,9999.000,9999.000,9999.000,9999.000,9999.000
202605270454,   0.155,   0.980,9999.000,9999.000,9999.000,9999.000,9999.000,9999.000,9999.000
202605270500,   0.169,   0.990,   0.400,   0.421,   0.990,   0.400,   0.990,   0.400,   0.990
202605270506,   0.187,   0.990,9999.000,9999.000,9999.000,9999.000,9999.000,9999.000,9999.000
202605270512,   0.207,   1.010,9999.000,9999.000,9999.000,9999.000,9999.000,9999.000,9999.000
202605270518,   0.230,   1.029,9999.000,9999.000,9999.000,9999.000,9999.000,9999.000,9999.000
202605270524,   0.255,   1.010,9999.000,9999.000,9999.000,9999.000,9999.000,9999.000,9999.000
202605270530,   0.283,   1.020,9999.000,9999.000,9999.000,9999.000,9999.000,9999.000,9999.000
202605270536,   0.313,   1.010,9999.000,9999.000,9999.000,9999.000,9999.000,9999.000,9999.000
202605270542,   0.345,   1.020,9999.000,9999.000,9999.000,9999.000,9999.000,9999.000,9999.000
202605270548,   0.379,   1.059,9999.000,9999.000,9999.000,9999.000,9999.000,9999.000,9999.000
202605270554,   0.415,   1.049,9999.000,9999.000,9999.000,9999.000,9999.000,9999.000,9999.000
202605270600,   0.453,   1.098,   0.400,   0.245,   1.098,   0.400,   1.098,   0.400,   1.098
202605270606,   0.493,   1.151,9999.000,9999.000,9999.000,9999.000,9999.000,9999.000,9999.000
202605270612,   0.534,   1.170,9999.000,9999.000,9999.000,9999.000,9999.000,9999.000,9999.000
202605270618,   0.577,   1.210,9999.000,9999.000,9999.000,9999.000,9999.000,9999.000,9999.000
202605270624,   0.621,   1.259,9999.000,9999.000,9999.000,9999.000,9999.000,9999.000,9999.000
202605270630,   0.666,   1.308,9999.000,9999.000,9999.000,9999.000,9999.000,9999.000,9999.000
202605270636,   0.713,   1.348,9999.000,9999.000,9999.000,9999.000,9999.000,9999.000,9999.000
202605270642,   0.760,   1.348,9999.000,9999.000,9999.000,9999.000,9999.000,9999.000,9999.000
202605270648,   0.808,   1.410,9999.000,9999.000,9999.000,9999.000,9999.000,9999.000,9999.000
202605270654,   0.856,   1.430,9999.000,9999.000,9999.000,9999.000,9999.000,9999.000,9999.000
202605270700,   0.905,   1.469,   0.400,   0.164,   1.469,   0.400,   1.469,   0.400,   1.469
202605270706,   0.955,   1.548,9999.000,9999.000,9999.000,9999.000,9999.000,9999.000,9999.000
202605270712,   1.004,   1.610,9999.000,9999.000,9999.000,9999.000,9999.000,9999.000,9999.000
202605270718,   1.054,   1.557,9999.000,9999.000,9999.000,9999.000,9999.000,9999.000,9999.000
202605270724,   1.103,   1.679,9999.000,9999.000,9999.000,9999.000,9999.000,9999.000,9999.000
202605270730,   1.153,   1.669,9999.000,9999.000,9999.000,9999.000,9999.000,9999.000,9999.000
202605270736,   1.201,   1.781,9999.000,9999.000,9999.000,9999.000,9999.000,9999.000,9999.000
202605270742,   1.250,   1.781,9999.000,9999.000,9999.000,9999.000,9999.000,9999.000,9999.000
202605270748,   1.297,   1.859,9999.000,9999.000,9999.000,9999.000,9999.000,9999.000,9999.000
202605270754,   1.344,   1.899,9999.000,9999.000,9999.000,9999.000,9999.000,9999.000,9999.000
202605270800,   1.390,   1.938,   0.400,   0.148,   1.938,   0.300,   1.838,   0.400,   1.938
202605270806,   1.435,   1.990,9999.000,9999.000,9999.000,9999.000,9999.000,9999.000,9999.000
202605270812,   1.479,   2.030,9999.000,9999.000,9999.000,9999.000,9999.000,9999.000,9999.000
202605270818,   1.522,   2.079,9999.000,9999.000,9999.000,9999.000,9999.000,9999.000,9999.000
202605270824,   1.563,   2.128,9999.000,9999.000,9999.000,9999.000,9999.000,9999.000,9999.000
202605270830,   1.603,   2.138,9999.000,9999.000,9999.000,9999.000,9999.000,9999.000,9999.000
202605270836,   1.641,   2.210,9999.000,9999.000,9999.000,9999.000,9999.000,9999.000,9999.000
202605270842,   1.677,   2.230,9999.000,9999.000,9999.000,9999.000,9999.000,9999.000,9999.000
202605270848,   1.712,   2.259,9999.000,9999.000,9999.000,9999.000,9999.000,9999.000,9999.000
202605270854,   1.745,   2.299,9999.000,9999.000,9999.000,9999.000,9999.000,9999.000,9999.000
202605270900,   1.776,   2.309,   0.400,   0.133,   2.309,   0.300,   2.209,   0.400,   2.309
202605270906,   1.805,   2.358,9999.000,9999.000,9999.000,9999.000,9999.000,9999.000,9999.000
202605270912,   1.832,   2.400,9999.000,9999.000,9999.000,9999.000,9999.000,9999.000,9999.000
202605270918,   1.856,   2.420,9999.000,9999.000,9999.000,9999.000,9999.000,9999.000,9999.000
202605270924,   1.879,   2.440,9999.000,9999.000,9999.000,9999.000,9999.000,9999.000,9999.000
202605270930,   1.899,   2.489,9999.000,9999.000,9999.000,9999.000,9999.000,9999.000,9999.000
202605270936,   1.917,   2.489,9999.000,9999.000,9999.000,9999.000,9999.000,9999.000,9999.000
202605270942,   1.932,   2.548,9999.000,9999.000,9999.000,9999.000,9999.000,9999.000,9999.000
202605270948,   1.945,   2.548,9999.000,9999.000,9999.000,9999.000,9999.000,9999.000,9999.000
202605270954,   1.956,   2.568,9999.000,9999.000,9999.000,9999.000,9999.000,9999.000,9999.000
202605271000,   1.964,   2.587,   0.400,   0.223,   2.587,   0.300,   2.487,   0.400,   2.587
202605271006,   1.969,   2.578,9999.000,9999.000,9999.000,9999.000,9999.000,9999.000,9999.000
202605271012,   1.973,   2.587,9999.000,9999.000,9999.000,9999.000,9999.000,9999.000,9999.000
202605271018,   1.973,   2.630,9999.000,9999.000,9999.000,9999.000,9999.000,9999.000,9999.000
202605271024,   1.971,   2.630,9999.000,9999.000,9999.000,9999.000,9999.000,9999.000,9999.000
202605271030,   1.967,   2.650,9999.000,9999.000,9999.000,9999.000,9999.000,9999.000,9999.000
202605271036,   1.960,   2.660,9999.000,9999.000,9999.000,9999.000,9999.000,9999.000,9999.000
202605271042,   1.950,   2.660,9999.000,9999.000,9999.000,9999.000,9999.000,9999.000,9999.000
202605271048,   1.938,   2.640,9999.000,9999.000,9999.000,9999.000,9999.000,9999.000,9999.000
202605271054,   1.924,   2.620,9999.000,9999.000,9999.000,9999.000,9999.000,9999.000,9999.000
202605271100,   1.907,   2.630,   0.300,   0.423,   2.630,   0.300,   2.630,   0.400,   2.730
202605271106,   1.888,   2.610,9999.000,9999.000,9999.000,9999.000,9999.000,9999.000,9999.000
202605271112,   1.866,   2.597,9999.000,9999.000,9999.000,9999.000,9999.000,9999.000,9999.000
202605271118,   1.842,   2.578,9999.000,9999.000,9999.000,9999.000,9999.000,9999.000,9999.000
202605271124,   1.816,   2.538,9999.000,9999.000,9999.000,9999.000,9999.000,9999.000,9999.000
202605271130,   1.788,   2.509,9999.000,9999.000,9999.000,9999.000,9999.000,9999.000,9999.000
202605271136,   1.757,   2.450,9999.000,9999.000,9999.000,9999.000,9999.000,9999.000,9999.000
202605271142,   1.725,   2.450,9999.000,9999.000,9999.000,9999.000,9999.000,9999.000,9999.000
202605271148,   1.690,   2.420,9999.000,9999.000,9999.000,9999.000,9999.000,9999.000,9999.000
202605271154,   1.654,   2.368,9999.000,9999.000,9999.000,9999.000,9999.000,9999.000,9999.000
202605271200,   1.616,   2.338,   0.400,   0.322,   2.338,   0.300,   2.238,   0.400,   2.338
202605271206,   1.576,   2.328,9999.000,9999.000,9999.000,9999.000,9999.000,9999.000,9999.000
202605271212,   1.534,   2.299,9999.000,9999.000,9999.000,9999.000,9999.000,9999.000,9999.000
202605271218,   1.491,   2.240,9999.000,9999.000,9999.000,9999.000,9999.000,9999.000,9999.000
202605271224,   1.446,   2.230,9999.000,9999.000,9999.000,9999.000,9999.000,9999.000,9999.000
202605271230,   1.401,   2.177,9999.000,9999.000,9999.000,9999.000,9999.000,9999.000,9999.000
202605271236,   1.354,   2.138,9999.000,9999.000,9999.000,9999.000,9999.000,9999.000,9999.000
202605271242,   1.305,   2.099,9999.000,9999.000,9999.000,9999.000,9999.000,9999.000,9999.000
202605271248,   1.256,   2.040,9999.000,9999.000,9999.000,9999.000,9999.000,9999.000,9999.000
202605271254,   1.207,   2.000,9999.000,9999.000,9999.000,9999.000,9999.000,9999.000,9999.000
202605271300,   1.156,   1.967,   0.300,   0.511,   1.967,   0.300,   1.967,   0.400,   2.067
202605271306,   1.105,   1.918,9999.000,9999.000,9999.000,9999.000,9999.000,9999.000,9999.000
202605271312,   1.053,   1.879,9999.000,9999.000,9999.000,9999.000,9999.000,9999.000,9999.000
202605271318,   1.002,   1.790,9999.000,9999.000,9999.000,9999.000,9999.000,9999.000,9999.000
202605271324,   0.950,   1.781,9999.000,9999.000,9999.000,9999.000,9999.000,9999.000,9999.000
202605271330,   0.898,   1.728,9999.000,9999.000,9999.000,9999.000,9999.000,9999.000,9999.000
202605271336,   0.846,   1.659,9999.000,9999.000,9999.000,9999.000,9999.000,9999.000,9999.000
202605271342,   0.794,   1.620,9999.000,9999.000,9999.000,9999.000,9999.000,9999.000,9999.000
202605271348,   0.743,   1.580,9999.000,9999.000,9999.000,9999.000,9999.000,9999.000,9999.000
202605271354,   0.693,   1.498,9999.000,9999.000,9999.000,9999.000,9999.000,9999.000,9999.000
202605271400,   0.643,   1.469,   0.300,   0.526,   1.469,   0.300,   1.469,   0.300,   1.469
202605271406,   0.595,   1.410,9999.000,9999.000,9999.000,9999.000,9999.000,9999.000,9999.000
202605271412,   0.547,   1.371,9999.000,9999.000,9999.000,9999.000,9999.000,9999.000,9999.000
202605271418,   0.500,   1.318,9999.000,9999.000,9999.000,9999.000,9999.000,9999.000,9999.000
202605271424,   0.455,   1.259,9999.000,9999.000,9999.000,9999.000,9999.000,9999.000,9999.000
202605271430,   0.411,   1.239,9999.000,9999.000,9999.000,9999.000,9999.000,9999.000,9999.000
202605271436,   0.369,   1.190,9999.000,9999.000,9999.000,9999.000,9999.000,9999.000,9999.000
202605271442,   0.329,   1.128,9999.000,9999.000,9999.000,9999.000,9999.000,9999.000,9999.000
202605271448,   0.290,   1.118,9999.000,9999.000,9999.000,9999.000,9999.000,9999.000,9999.000
202605271454,   0.254,   1.059,9999.000,9999.000,9999.000,9999.000,9999.000,9999.000,9999.000
202605271500,   0.219,   1.029,   0.300,   0.510,   1.029,   0.300,   1.029,   0.300,   1.029
202605271506,   0.187,   0.990,9999.000,9999.000,9999.000,9999.000,9999.000,9999.000,9999.000
202605271512,   0.157,   0.970,9999.000,9999.000,9999.000,9999.000,9999.000,9999.000,9999.000
202605271518,   0.130,   0.918,9999.000,9999.000,9999.000,9999.000,9999.000,9999.000,9999.000
202605271524,   0.105,   0.908,9999.000,9999.000,9999.000,9999.000,9999.000,9999.000,9999.000
202605271530,   0.083,   0.879,9999.000,9999.000,9999.000,9999.000,9999.000,9999.000,9999.000
202605271536,   0.063,   0.839,9999.000,9999.000,9999.000,9999.000,9999.000,9999.000,9999.000
202605271542,   0.047,   0.819,9999.000,9999.000,9999.000,9999.000,9999.000,9999.000,9999.000
202605271548,   0.033,   0.800,9999.000,9999.000,9999.000,9999.000,9999.000,9999.000,9999.000
202605271554,   0.022,   0.800,9999.000,9999.000,9999.000,9999.000,9999.000,9999.000,9999.000
202605271600,   0.014,   0.770,   0.300,   0.456,   0.770,   0.200,   0.670,   0.300,   0.770
202605271606,   0.009,   0.751,9999.000,9999.000,9999.000,9999.000,9999.000,9999.000,9999.000
202605271612,   0.007,   0.731,9999.000,9999.000,9999.000,9999.000,9999.000,9999.000,9999.000
202605271618,   0.008,   0.731,9999.000,9999.000,9999.000,9999.000,9999.000,9999.000,9999.000
202605271624,   0.012,   0.718,9999.000,9999.000,9999.000,9999.000,9999.000,9999.000,9999.000
202605271630,   0.019,   0.708,9999.000,9999.000,9999.000,9999.000,9999.000,9999.000,9999.000
202605271636,   0.030,   0.708,9999.000,9999.000,9999.000,9999.000,9999.000,9999.000,9999.000
202605271642,   0.043,   0.718,9999.000,9999.000,9999.000,9999.000,9999.000,9999.000,9999.000
202605271648,   0.059,   0.731,9999.000,9999.000,9999.000,9999.000,9999.000,9999.000,9999.000
202605271654,   0.079,   0.751,9999.000,9999.000,9999.000,9999.000,9999.000,9999.000,9999.000
202605271700,   0.101,   0.731,   0.300,   0.330,   0.731,   0.200,   0.631,   0.300,   0.731
202605271706,   0.127,   0.770,9999.000,9999.000,9999.000,9999.000,9999.000,9999.000,9999.000
202605271712,   0.155,   0.770,9999.000,9999.000,9999.000,9999.000,9999.000,9999.000,9999.000
202605271718,   0.186,   0.810,9999.000,9999.000,9999.000,9999.000,9999.000,9999.000,9999.000
202605271724,   0.220,   0.810,9999.000,9999.000,9999.000,9999.000,9999.000,9999.000,9999.000
202605271730,   0.257,   0.859,9999.000,9999.000,9999.000,9999.000,9999.000,9999.000,9999.000
202605271736,   0.296,   0.869,9999.000,9999.000,9999.000,9999.000,9999.000,9999.000,9999.000
202605271742,   0.338,   0.918,9999.000,9999.000,9999.000,9999.000,9999.000,9999.000,9999.000
202605271748,   0.382,   0.928,9999.000,9999.000,9999.000,9999.000,9999.000,9999.000,9999.000
202605271754,   0.428,   0.961,9999.000,9999.000,9999.000,9999.000,9999.000,9999.000,9999.000
202605271800,   0.476,   1.000,   0.400,   0.124,   1.000,   0.300,   0.900,   0.400,   1.000
202605271806,   0.527,   1.049,9999.000,9999.000,9999.000,9999.000,9999.000,9999.000,9999.000
202605271812,   0.580,   1.059,9999.000,9999.000,9999.000,9999.000,9999.000,9999.000,9999.000
202605271818,   0.634,   1.128,9999.000,9999.000,9999.000,9999.000,9999.000,9999.000,9999.000
202605271824,   0.690,   1.210,9999.000,9999.000,9999.000,9999.000,9999.000,9999.000,9999.000
202605271830,   0.747,   1.229,9999.000,9999.000,9999.000,9999.000,9999.000,9999.000,9999.000
202605271836,   0.806,   1.269,9999.000,9999.000,9999.000,9999.000,9999.000,9999.000,9999.000
202605271842,   0.866,   1.338,9999.000,9999.000,9999.000,9999.000,9999.000,9999.000,9999.000
202605271848,   0.928,   1.371,9999.000,9999.000,9999.000,9999.000,9999.000,9999.000,9999.000
202605271854,   0.990,   1.420,9999.000,9999.000,9999.000,9999.000,9999.000,9999.000,9999.000
202605271900,   1.053,   1.508,   0.400,   0.055,   1.508,   0.300,   1.408,   0.400,   1.508
202605271906,   1.116,   1.518,9999.000,9999.000,9999.000,9999.000,9999.000,9999.000,9999.000
202605271912,   1.180,   1.590,9999.000,9999.000,9999.000,9999.000,9999.000,9999.000,9999.000
202605271918,   1.245,   1.669,9999.000,9999.000,9999.000,9999.000,9999.000,9999.000,9999.000
202605271924,   1.310,   1.738,9999.000,9999.000,9999.000,9999.000,9999.000,9999.000,9999.000
202605271930,   1.374,   1.800,9999.000,9999.000,9999.000,9999.000,9999.000,9999.000,9999.000
202605271936,   1.439,   1.849,9999.000,9999.000,9999.000,9999.000,9999.000,9999.000,9999.000
202605271942,   1.503,   1.908,9999.000,9999.000,9999.000,9999.000,9999.000,9999.000,9999.000
202605271948,   1.567,   1.981,9999.000,9999.000,9999.000,9999.000,9999.000,9999.000,9999.000
202605271954,   1.630,   2.040,9999.000,9999.000,9999.000,9999.000,9999.000,9999.000,9999.000
202605272000,   1.693,   2.079,   0.400,  -0.014,   2.079,   0.300,   1.979,   0.400,   2.079
202605272006,   1.755,   2.158,9999.000,9999.000,9999.000,9999.000,9999.000,9999.000,9999.000
202605272012,   1.815,   2.210,9999.000,9999.000,9999.000,9999.000,9999.000,9999.000,9999.000
202605272018,   1.875,   2.250,9999.000,9999.000,9999.000,9999.000,9999.000,9999.000,9999.000
202605272024,   1.933,   2.318,9999.000,9999.000,9999.000,9999.000,9999.000,9999.000,9999.000
202605272030,   1.990,   2.368,9999.000,9999.000,9999.000,9999.000,9999.000,9999.000,9999.000
202605272036,   2.045,   2.450,9999.000,9999.000,9999.000,9999.000,9999.000,9999.000,9999.000
202605272042,   2.099,   2.479,9999.000,9999.000,9999.000,9999.000,9999.000,9999.000,9999.000
202605272048,   2.151,   2.548,9999.000,9999.000,9999.000,9999.000,9999.000,9999.000,9999.000
202605272054,   2.201,   2.587,9999.000,9999.000,9999.000,9999.000,9999.000,9999.000,9999.000
202605272100,   2.249,   2.650,   0.400,   0.001,   2.650,   0.300,   2.550,   0.400,   2.650
202605272106,   2.295,   2.738,9999.000,9999.000,9999.000,9999.000,9999.000,9999.000,9999.000
202605272112,   2.339,   2.738,9999.000,9999.000,9999.000,9999.000,9999.000,9999.000,9999.000
202605272118,   2.381,   2.830,9999.000,9999.000,9999.000,9999.000,9999.000,9999.000,9999.000
202605272124,   2.420,   2.997,9999.000,9999.000,9999.000,9999.000,9999.000,9999.000,9999.000
202605272130,   2.456,   2.948,9999.000,9999.000,9999.000,9999.000,9999.000,9999.000,9999.000
202605272136,   2.491,   3.017,9999.000,9999.000,9999.000,9999.000,9999.000,9999.000,9999.000
202605272142,   2.522,   3.060,9999.000,9999.000,9999.000,9999.000,9999.000,9999.000,9999.000
202605272148,   2.551,   3.060,9999.000,9999.000,9999.000,9999.000,9999.000,9999.000,9999.000
202605272154,   2.577,   3.168,9999.000,9999.000,9999.000,9999.000,9999.000,9999.000,9999.000
202605272200,   2.600,   3.168,   0.400,   0.168,   3.168,   0.300,   3.068,   0.400,   3.168
202605272206,   2.621,   3.178,9999.000,9999.000,9999.000,9999.000,9999.000,9999.000,9999.000
202605272212,   2.638,   3.188,9999.000,9999.000,9999.000,9999.000,9999.000,9999.000,9999.000
202605272218,   2.653,   3.188,9999.000,9999.000,9999.000,9999.000,9999.000,9999.000,9999.000
202605272224,   2.665,   3.207,9999.000,9999.000,9999.000,9999.000,9999.000,9999.000,9999.000
202605272230,   2.673,   3.270,9999.000,9999.000,9999.000,9999.000,9999.000,9999.000,9999.000
202605272236,   2.679,   3.260,9999.000,9999.000,9999.000,9999.000,9999.000,9999.000,9999.000
202605272242,   2.682,   3.309,9999.000,9999.000,9999.000,9999.000,9999.000,9999.000,9999.000
202605272248,   2.681,   3.270,9999.000,9999.000,9999.000,9999.000,9999.000,9999.000,9999.000
202605272254,   2.678,   3.309,9999.000,9999.000,9999.000,9999.000,9999.000,9999.000,9999.000
202605272300,   2.672,   3.329,   0.400,   0.257,   3.329,   0.300,   3.229,   0.500,   3.429
202605272306,   2.662,   3.279,9999.000,9999.000,9999.000,9999.000,9999.000,9999.000,9999.000
202605272312,   2.650,   3.299,9999.000,9999.000,9999.000,9999.000,9999.000,9999.000,9999.000
202605272318,   2.635,   3.270,9999.000,9999.000,9999.000,9999.000,9999.000,9999.000,9999.000
202605272324,   2.616,   3.279,9999.000,9999.000,9999.000,9999.000,9999.000,9999.000,9999.000
202605272330,   2.595,   3.299,9999.000,9999.000,9999.000,9999.000,9999.000,9999.000,9999.000
202605272336,   2.571,   3.270,9999.000,9999.000,9999.000,9999.000,9999.000,9999.000,9999.000
202605272342,   2.544,   3.319,9999.000,9999.000,9999.000,9999.000,9999.000,9999.000,9999.000
202605272348,   2.515,   3.260,9999.000,9999.000,9999.000,9999.000,9999.000,9999.000,9999.000
202605272354,   2.483,   3.158,9999.000,9999.000,9999.000,9999.000,9999.000,9999.000,9999.000
202605280000,   2.448,   3.148,   0.500,   0.200,   3.148,   0.500,   3.148,   0.500,   3.148
202605280006,   2.411,   3.109,9999.000,9999.000,9999.000,9999.000,9999.000,9999.000,9999.000
202605280012,   2.371,   3.030,9999.000,9999.000,9999.000,9999.000,9999.000,9999.000,9999.000
202605280018,   2.329,   3.040,9999.000,9999.000,9999.000,9999.000,9999.000,9999.000,9999.000
202605280024,   2.285,   3.017,9999.000,9999.000,9999.000,9999.000,9999.000,9999.000,9999.000
202605280030,   2.238,   2.997,9999.000,9999.000,9999.000,9999.000,9999.000,9999.000,9999.000
202605280036,   2.190,   2.929,9999.000,9999.000,9999.000,9999.000,9999.000,9999.000,9999.000
202605280042,   2.139,   2.899,9999.000,9999.000,9999.000,9999.000,9999.000,9999.000,9999.000
202605280048,   2.087,   2.850,9999.000,9999.000,9999.000,9999.000,9999.000,9999.000,9999.000
202605280054,   2.033,   2.840,9999.000,9999.000,9999.000,9999.000,9999.000,9999.000,9999.000
202605280100,   1.977,   2.787,   0.500,   0.310,   2.787,   0.500,   2.787,   0.500,   2.787
202605280106,   1.920,   2.768,9999.000,9999.000,9999.000,9999.000,9999.000,9999.000,9999.000
202605280112,   1.862,   2.719,9999.000,9999.000,9999.000,9999.000,9999.000,9999.000,9999.000
202605280118,   1.803,   2.669,9999.000,9999.000,9999.000,9999.000,9999.000,9999.000,9999.000
202605280124,   1.742,   2.630,9999.000,9999.000,9999.000,9999.000,9999.000,9999.000,9999.000
202605280130,   1.681,   2.519,9999.000,9999.000,9999.000,9999.000,9999.000,9999.000,9999.000
202605280136,   1.619,   2.528,9999.000,9999.000,9999.000,9999.000,9999.000,9999.000,9999.000
202605280142,   1.556,   2.420,9999.000,9999.000,9999.000,9999.000,9999.000,9999.000,9999.000
202605280148,   1.493,   2.410,9999.000,9999.000,9999.000,9999.000,9999.000,9999.000,9999.000
202605280154,   1.429,   2.259,9999.000,9999.000,9999.000,9999.000,9999.000,9999.000,9999.000
202605280200,   1.366,   2.269,   0.500,   0.403,   2.269,   0.500,   2.269,   0.500,   2.269
202605280206,   1.302,   2.168,9999.000,9999.000,9999.000,9999.000,9999.000,9999.000,9999.000
202605280212,   1.239,   2.128,9999.000,9999.000,9999.000,9999.000,9999.000,9999.000,9999.000
202605280218,   1.176,   2.109,9999.000,9999.000,9999.000,9999.000,9999.000,9999.000,9999.000
202605280224,   1.114,   2.010,9999.000,9999.000,9999.000,9999.000,9999.000,9999.000,9999.000
202605280230,   1.052,   1.948,9999.000,9999.000,9999.000,9999.000,9999.000,9999.000,9999.000
202605280236,   0.991,   1.908,9999.000,9999.000,9999.000,9999.000,9999.000,9999.000,9999.000
202605280242,   0.931,   1.840,9999.000,9999.000,9999.000,9999.000,9999.000,9999.000,9999.000
202605280248,   0.873,   1.758,9999.000,9999.000,9999.000,9999.000,9999.000,9999.000,9999.000
202605280254,   0.815,   1.699,9999.000,9999.000,9999.000,9999.000,9999.000,9999.000,9999.000
202605280300,   0.759,   1.620,   0.500,   0.361,   1.620,   0.400,   1.520,   0.500,   1.620
202605280306,   0.705,   1.620,9999.000,9999.000,9999.000,9999.000,9999.000,9999.000,9999.000
202605280312,   0.652,   1.571,9999.000,9999.000,9999.000,9999.000,9999.000,9999.000,9999.000
202605280318,   0.601,   1.508,9999.000,9999.000,9999.000,9999.000,9999.000,9999.000,9999.000
202605280324,   0.552,   1.410,9999.000,9999.000,9999.000,9999.000,9999.000,9999.000,9999.000
202605280330,   0.505,   1.439,9999.000,9999.000,9999.000,9999.000,9999.000,9999.000,9999.000
202605280336,   0.460,   1.361,9999.000,9999.000,9999.000,9999.000,9999.000,9999.000,9999.000
202605280342,   0.418,   1.318,9999.000,9999.000,9999.000,9999.000,9999.000,9999.000,9999.000
202605280348,   0.378,   1.298,9999.000,9999.000,9999.000,9999.000,9999.000,9999.000,9999.000
202605280354,   0.340,   1.249,9999.000,9999.000,9999.000,9999.000,9999.000,9999.000,9999.000
202605280400,   0.305,   1.190,   0.500,   0.385,   1.190,   0.400,   1.090,   0.500,   1.190
202605280406,   0.273,   1.170,9999.000,9999.000,9999.000,9999.000,9999.000,9999.000,9999.000
202605280412,   0.244,   1.098,9999.000,9999.000,9999.000,9999.000,9999.000,9999.000,9999.000
202605280418,   0.217,   1.069,9999.000,9999.000,9999.000,9999.000,9999.000,9999.000,9999.000
202605280424,   0.193,   1.059,9999.000,9999.000,9999.000,9999.000,9999.000,9999.000,9999.000
202605280430,   0.172,   1.010,9999.000,9999.000,9999.000,9999.000,9999.000,9999.000,9999.000
202605280436,   0.154,   0.951,9999.000,9999.000,9999.000,9999.000,9999.000,9999.000,9999.000
202605280442,   0.139,   0.941,9999.000,9999.000,9999.000,9999.000,9999.000,9999.000,9999.000
202605280448,   0.127,   0.908,9999.000,9999.000,9999.000,9999.000,9999.000,9999.000,9999.000
202605280454,   0.118,   0.928,9999.000,9999.000,9999.000,9999.000,9999.000,9999.000,9999.000
202605280500,   0.112,   0.888,   0.400,   0.376,   0.888,   0.400,   0.888,   0.500,   0.988
202605280506,   0.109,   0.908,9999.000,9999.000,9999.000,9999.000,9999.000,9999.000,9999.000
202605280512,   0.109,   0.928,9999.000,9999.000,9999.000,9999.000,9999.000,9999.000,9999.000
202605280518,   0.112,   0.898,9999.000,9999.000,9999.000,9999.000,9999.000,9999.000,9999.000
202605280524,   0.117,   0.869,9999.000,9999.000,9999.000,9999.000,9999.000,9999.000,9999.000
202605280530,   0.126,   0.879,9999.000,9999.000,9999.000,9999.000,9999.000,9999.000,9999.000
202605280536,   0.137,   0.928,9999.000,9999.000,9999.000,9999.000,9999.000,9999.000,9999.000
202605280542,   0.152,   0.951,9999.000,9999.000,9999.000,9999.000,9999.000,9999.000,9999.000
202605280548,   0.169,   0.908,9999.000,9999.000,9999.000,9999.000,9999.000,9999.000,9999.000
202605280554,   0.188,   0.961,9999.000,9999.000,9999.000,9999.000,9999.000,9999.000,9999.000
202605280600,   0.210,   0.918,   0.500,   0.208,   0.918,   0.400,   0.818,   0.600,   1.018
202605280606,   0.235,   0.970,9999.000,9999.000,9999.000,9999.000,9999.000,9999.000,9999.000
202605280612,   0.262,   0.980,9999.000,9999.000,9999.000,9999.000,9999.000,9999.000,9999.000
202605280618,   0.291,   0.951,9999.000,9999.000,9999.000,9999.000,9999.000,9999.000,9999.000
202605280624,   0.322,   1.010,9999.000,9999.000,9999.000,9999.000,9999.000,9999.000,9999.000
202605280630,   0.356,   1.049,9999.000,9999.000,9999.000,9999.000,9999.000,9999.000,9999.000
202605280636,   0.391,   1.118,9999.000,9999.000,9999.000,9999.000,9999.000,9999.000,9999.000
202605280642,   0.428,   1.118,9999.000,9999.000,9999.000,9999.000,9999.000,9999.000,9999.000
202605280648,   0.467,   1.088,9999.000,9999.000,9999.000,9999.000,9999.000,9999.000,9999.000
202605280654,   0.508,   1.118,9999.000,9999.000,9999.000,9999.000,9999.000,9999.000,9999.000
202605280700,   0.550,   1.138,   0.500,   0.088,   1.138,   0.400,   1.038,   0.600,   1.238
202605280706,   0.593,   1.128,9999.000,9999.000,9999.000,9999.000,9999.000,9999.000,9999.000
202605280712,   0.637,   1.161,9999.000,9999.000,9999.000,9999.000,9999.000,9999.000,9999.000
202605280718,   0.683,   1.229,9999.000,9999.000,9999.000,9999.000,9999.000,9999.000,9999.000
202605280724,   0.729,   1.279,9999.000,9999.000,9999.000,9999.000,9999.000,9999.000,9999.000
202605280730,   0.776,   1.318,9999.000,9999.000,9999.000,9999.000,9999.000,9999.000,9999.000
202605280736,   0.824,   1.348,9999.000,9999.000,9999.000,9999.000,9999.000,9999.000,9999.000
202605280742,   0.872,   1.390,9999.000,9999.000,9999.000,9999.000,9999.000,9999.000,9999.000
202605280748,   0.921,   1.420,9999.000,9999.000,9999.000,9999.000,9999.000,9999.000,9999.000
202605280754,   0.969,   1.498,9999.000,9999.000,9999.000,9999.000,9999.000,9999.000,9999.000
202605280800,   1.018,   1.557,   0.500,   0.039,   1.557,   0.400,   1.457,   0.600,   1.657
202605280806,   1.067,   1.649,9999.000,9999.000,9999.000,9999.000,9999.000,9999.000,9999.000
202605280812,   1.115,   1.649,9999.000,9999.000,9999.000,9999.000,9999.000,9999.000,9999.000
202605280818,   1.163,   1.669,9999.000,9999.000,9999.000,9999.000,9999.000,9999.000,9999.000
202605280824,   1.211,   1.728,9999.000,9999.000,9999.000,9999.000,9999.000,9999.000,9999.000
202605280830,   1.258,   1.800,9999.000,9999.000,9999.000,9999.000,9999.000,9999.000,9999.000
202605280836,   1.304,   1.820,9999.000,9999.000,9999.000,9999.000,9999.000,9999.000,9999.000
202605280842,   1.349,   1.899,9999.000,9999.000,9999.000,9999.000,9999.000,9999.000,9999.000
202605280848,   1.393,   1.908,9999.000,9999.000,9999.000,9999.000,9999.000,9999.000,9999.000
202605280854,   1.436,   1.928,9999.000,9999.000,9999.000,9999.000,9999.000,9999.000,9999.000
202605280900,   1.478,   1.938,   0.500,  -0.040,   1.938,   0.400,   1.838,   0.600,   2.038
202605280906,   1.519,   2.020,9999.000,9999.000,9999.000,9999.000,9999.000,9999.000,9999.000
202605280912,   1.558,   2.059,9999.000,9999.000,9999.000,9999.000,9999.000,9999.000,9999.000
202605280918,   1.596,   2.109,9999.000,9999.000,9999.000,9999.000,9999.000,9999.000,9999.000
202605280924,   1.632,   2.200,9999.000,9999.000,9999.000,9999.000,9999.000,9999.000,9999.000
202605280930,   1.666,   2.259,9999.000,9999.000,9999.000,9999.000,9999.000,9999.000,9999.000
202605280936,   1.698,   2.279,9999.000,9999.000,9999.000,9999.000,9999.000,9999.000,9999.000
202605280942,   1.728,   2.309,9999.000,9999.000,9999.000,9999.000,9999.000,9999.000,9999.000
202605280948,   1.757,   2.400,9999.000,9999.000,9999.000,9999.000,9999.000,9999.000,9999.000
202605280954,   1.783,   2.387,9999.000,9999.000,9999.000,9999.000,9999.000,9999.000,9999.000
202605281000,   1.807,   2.420,   0.500,   0.113,   2.420,   0.400,   2.320,   0.600,   2.520
202605281006,   1.829,   2.489,9999.000,9999.000,9999.000,9999.000,9999.000,9999.000,9999.000
202605281012,   1.849,   2.519,9999.000,9999.000,9999.000,9999.000,9999.000,9999.000,9999.000
202605281018,   1.866,   2.528,9999.000,9999.000,9999.000,9999.000,9999.000,9999.000,9999.000
202605281024,   1.881,   2.578,9999.000,9999.000,9999.000,9999.000,9999.000,9999.000,9999.000
202605281030,   1.894,   2.620,9999.000,9999.000,9999.000,9999.000,9999.000,9999.000,9999.000
202605281036,   1.904,   2.587,9999.000,9999.000,9999.000,9999.000,9999.000,9999.000,9999.000
202605281042,   1.912,   2.640,9999.000,9999.000,9999.000,9999.000,9999.000,9999.000,9999.000
202605281048,   1.917,   2.660,9999.000,9999.000,9999.000,9999.000,9999.000,9999.000,9999.000
202605281054,   1.919,   2.699,9999.000,9999.000,9999.000,9999.000,9999.000,9999.000,9999.000
202605281100,   1.919,   2.699,   0.500,   0.280,   2.699,   0.400,   2.599,   0.600,   2.799
202605281106,   1.917,   2.728,9999.000,9999.000,9999.000,9999.000,9999.000,9999.000,9999.000
202605281112,   1.912,   2.709,9999.000,9999.000,9999.000,9999.000,9999.000,9999.000,9999.000
202605281118,   1.904,   2.699,9999.000,9999.000,9999.000,9999.000,9999.000,9999.000,9999.000
202605281124,   1.894,   2.728,9999.000,9999.000,9999.000,9999.000,9999.000,9999.000,9999.000
202605281130,   1.882,   2.748,9999.000,9999.000,9999.000,9999.000,9999.000,9999.000,9999.000
202605281136,   1.867,   2.679,9999.000,9999.000,9999.000,9999.000,9999.000,9999.000,9999.000
202605281142,   1.849,   2.709,9999.000,9999.000,9999.000,9999.000,9999.000,9999.000,9999.000
202605281148,   1.829,   2.719,9999.000,9999.000,9999.000,9999.000,9999.000,9999.000,9999.000
202605281154,   1.807,   2.738,9999.000,9999.000,9999.000,9999.000,9999.000,9999.000,9999.000
202605281200,   1.782,   2.679,   0.600,   0.297,   2.679,   0.500,   2.579,   0.600,   2.679
202605281206,   1.755,   2.709,9999.000,9999.000,9999.000,9999.000,9999.000,9999.000,9999.000
202605281212,   1.726,   2.758,9999.000,9999.000,9999.000,9999.000,9999.000,9999.000,9999.000
202605281218,   1.695,   2.620,9999.000,9999.000,9999.000,9999.000,9999.000,9999.000,9999.000
202605281224,   1.662,   2.679,9999.000,9999.000,9999.000,9999.000,9999.000,9999.000,9999.000
202605281230,   1.627,   2.610,9999.000,9999.000,9999.000,9999.000,9999.000,9999.000,9999.000
202605281236,   1.590,   2.558,9999.000,9999.000,9999.000,9999.000,9999.000,9999.000,9999.000
202605281242,   1.551,   2.548,9999.000,9999.000,9999.000,9999.000,9999.000,9999.000,9999.000
202605281248,   1.510,   2.548,9999.000,9999.000,9999.000,9999.000,9999.000,9999.000,9999.000
202605281254,   1.468,   2.469,9999.000,9999.000,9999.000,9999.000,9999.000,9999.000,9999.000
202605281300,   1.424,   2.430,   0.600,   0.406,   2.430,   0.500,   2.330,   0.600,   2.430
202605281306,   1.379,   2.358,9999.000,9999.000,9999.000,9999.000,9999.000,9999.000,9999.000
202605281312,   1.333,   2.400,9999.000,9999.000,9999.000,9999.000,9999.000,9999.000,9999.000
202605281318,   1.286,   2.309,9999.000,9999.000,9999.000,9999.000,9999.000,9999.000,9999.000
202605281324,   1.237,   2.328,9999.000,9999.000,9999.000,9999.000,9999.000,9999.000,9999.000
202605281330,   1.188,   2.279,9999.000,9999.000,9999.000,9999.000,9999.000,9999.000,9999.000
202605281336,   1.138,   2.250,9999.000,9999.000,9999.000,9999.000,9999.000,9999.000,9999.000
202605281342,   1.087,   2.191,9999.000,9999.000,9999.000,9999.000,9999.000,9999.000,9999.000
202605281348,   1.036,   2.148,9999.000,9999.000,9999.000,9999.000,9999.000,9999.000,9999.000
202605281354,   0.985,   2.118,9999.000,9999.000,9999.000,9999.000,9999.000,9999.000,9999.000
202605281400,   0.934,   2.089,   0.600,   0.555,   2.089,   0.500,   1.989,   0.600,   2.089
202605281406,   0.882,   2.010,9999.000,9999.000,9999.000,9999.000,9999.000,9999.000,9999.000
202605281412,   0.831,   1.967,9999.000,9999.000,9999.000,9999.000,9999.000,9999.000,9999.000
202605281418,   0.779,   1.918,9999.000,9999.000,9999.000,9999.000,9999.000,9999.000,9999.000
202605281424,   0.729,   1.869,9999.000,9999.000,9999.000,9999.000,9999.000,9999.000,9999.000
202605281430,   0.679,   1.849,9999.000,9999.000,9999.000,9999.000,9999.000,9999.000,9999.000
202605281436,   0.629,   1.800,9999.000,9999.000,9999.000,9999.000,9999.000,9999.000,9999.000
202605281442,   0.581,   1.738,9999.000,9999.000,9999.000,9999.000,9999.000,9999.000,9999.000
202605281448,   0.534,   1.699,9999.000,9999.000,9999.000,9999.000,9999.000,9999.000,9999.000
202605281454,   0.487,   1.639,9999.000,9999.000,9999.000,9999.000,9999.000,9999.000,9999.000
202605281500,   0.442,   1.620,   0.600,   0.578,   1.620,   0.600,   1.620,   0.600,   1.620
202605281506,   0.399,   1.571,9999.000,9999.000,9999.000,9999.000,9999.000,9999.000,9999.000
202605281512,   0.357,   1.489,9999.000,9999.000,9999.000,9999.000,9999.000,9999.000,9999.000
202605281518,   0.317,   1.469,9999.000,9999.000,9999.000,9999.000,9999.000,9999.000,9999.000
202605281524,   0.279,   1.430,9999.000,9999.000,9999.000,9999.000,9999.000,9999.000,9999.000
202605281530,   0.243,   1.420,9999.000,9999.000,9999.000,9999.000,9999.000,9999.000,9999.000
202605281536,   0.209,   1.390,9999.000,9999.000,9999.000,9999.000,9999.000,9999.000,9999.000
202605281542,   0.177,   1.308,9999.000,9999.000,9999.000,9999.000,9999.000,9999.000,9999.000
202605281548,   0.148,   1.259,9999.000,9999.000,9999.000,9999.000,9999.000,9999.000,9999.000
202605281554,   0.121,   1.220,9999.000,9999.000,9999.000,9999.000,9999.000,9999.000,9999.000
202605281600,   0.096,   1.210,   0.600,   0.514,   1.210,   0.600,   1.210,   0.700,   1.310
202605281606,   0.074,   1.180,9999.000,9999.000,9999.000,9999.000,9999.000,9999.000,9999.000
202605281612,   0.055,   1.138,9999.000,9999.000,9999.000,9999.000,9999.000,9999.000,9999.000
202605281618,   0.039,   1.128,9999.000,9999.000,9999.000,9999.000,9999.000,9999.000,9999.000
202605281624,   0.026,   1.118,9999.000,9999.000,9999.000,9999.000,9999.000,9999.000,9999.000
202605281630,   0.015,   1.079,9999.000,9999.000,9999.000,9999.000,9999.000,9999.000,9999.000
202605281636,   0.008,   1.059,9999.000,9999.000,9999.000,9999.000,9999.000,9999.000,9999.000
202605281642,   0.003,   1.010,9999.000,9999.000,9999.000,9999.000,9999.000,9999.000,9999.000
202605281648,   0.002,   1.010,9999.000,9999.000,9999.000,9999.000,9999.000,9999.000,9999.000
202605281654,   0.004,   0.970,9999.000,9999.000,9999.000,9999.000,9999.000,9999.000,9999.000
202605281700,   0.008,   0.970,   0.700,   0.262,   0.970,   0.600,   0.870,   0.700,   0.970
202605281706,   0.016,   0.928,9999.000,9999.000,9999.000,9999.000,9999.000,9999.000,9999.000
202605281712,   0.027,   0.941,9999.000,9999.000,9999.000,9999.000,9999.000,9999.000,9999.000
202605281718,   0.041,   0.951,9999.000,9999.000,9999.000,9999.000,9999.000,9999.000,9999.000
202605281724,   0.058,   0.970,9999.000,9999.000,9999.000,9999.000,9999.000,9999.000,9999.000
202605281730,   0.079,   0.980,9999.000,9999.000,9999.000,9999.000,9999.000,9999.000,9999.000
202605281736,   0.102,   0.970,9999.000,9999.000,9999.000,9999.000,9999.000,9999.000,9999.000
202605281742,   0.128,   0.980,9999.000,9999.000,9999.000,9999.000,9999.000,9999.000,9999.000
202605281748,   0.157,   0.970,9999.000,9999.000,9999.000,9999.000,9999.000,9999.000,9999.000
202605281754,   0.188,   1.029,9999.000,9999.000,9999.000,9999.000,9999.000,9999.000,9999.000
202605281800,   0.223,   1.059,   0.700,   0.136,   1.059,   0.600,   0.959,   0.700,   1.059
202605281806,   0.260,   1.079,9999.000,9999.000,9999.000,9999.000,9999.000,9999.000,9999.000
202605281812,   0.300,   1.059,9999.000,9999.000,9999.000,9999.000,9999.000,9999.000,9999.000
202605281818,   0.342,   1.128,9999.000,9999.000,9999.000,9999.000,9999.000,9999.000,9999.000
202605281824,   0.387,   1.190,9999.000,9999.000,9999.000,9999.000,9999.000,9999.000,9999.000
202605281830,   0.434,   1.239,9999.000,9999.000,9999.000,9999.000,9999.000,9999.000,9999.000
202605281836,   0.483,   1.289,9999.000,9999.000,9999.000,9999.000,9999.000,9999.000,9999.000
202605281842,   0.534,   1.328,9999.000,9999.000,9999.000,9999.000,9999.000,9999.000,9999.000
202605281848,   0.587,   1.371,9999.000,9999.000,9999.000,9999.000,9999.000,9999.000,9999.000
202605281854,   0.642,   1.430,9999.000,9999.000,9999.000,9999.000,9999.000,9999.000,9999.000
202605281900,   0.699,   1.449,   0.700,   0.050,   1.449,   0.700,   1.449,   0.700,   1.449
202605281906,   0.757,   1.498,9999.000,9999.000,9999.000,9999.000,9999.000,9999.000,9999.000
202605281912,   0.816,   1.571,9999.000,9999.000,9999.000,9999.000,9999.000,9999.000,9999.000
202605281918,   0.877,   1.630,9999.000,9999.000,9999.000,9999.000,9999.000,9999.000,9999.000
202605281924,   0.939,   1.669,9999.000,9999.000,9999.000,9999.000,9999.000,9999.000,9999.000
202605281930,   1.002,   1.718,9999.000,9999.000,9999.000,9999.000,9999.000,9999.000,9999.000
202605281936,   1.066,   1.758,9999.000,9999.000,9999.000,9999.000,9999.000,9999.000,9999.000
202605281942,   1.130,   1.859,9999.000,9999.000,9999.000,9999.000,9999.000,9999.000,9999.000
202605281948,   1.195,   1.889,9999.000,9999.000,9999.000,9999.000,9999.000,9999.000,9999.000
202605281954,   1.260,   1.948,9999.000,9999.000,9999.000,9999.000,9999.000,9999.000,9999.000
202605282000,   1.326,   2.040,   0.700,   0.014,   2.040,   0.700,   2.040,   0.700,   2.040
202605282006,   1.391,   2.089,9999.000,9999.000,9999.000,9999.000,9999.000,9999.000,9999.000
202605282012,   1.457,   2.177,9999.000,9999.000,9999.000,9999.000,9999.000,9999.000,9999.000
202605282018,   1.522,   2.269,9999.000,9999.000,9999.000,9999.000,9999.000,9999.000,9999.000
202605282024,   1.587,   2.309,9999.000,9999.000,9999.000,9999.000,9999.000,9999.000,9999.000
202605282030,   1.651,   2.348,9999.000,9999.000,9999.000,9999.000,9999.000,9999.000,9999.000
202605282036,   1.714,   2.440,9999.000,9999.000,9999.000,9999.000,9999.000,9999.000,9999.000
202605282042,   1.777,   2.489,9999.000,9999.000,9999.000,9999.000,9999.000,9999.000,9999.000
202605282048,   1.839,   2.499,9999.000,9999.000,9999.000,9999.000,9999.000,9999.000,9999.000
202605282054,   1.900,   2.640,9999.000,9999.000,9999.000,9999.000,9999.000,9999.000,9999.000
202605282100,   1.959,   2.699,   0.800,  -0.060,   2.699,   0.700,   2.599,   0.800,   2.699
202605282106,   2.017,   2.738,9999.000,9999.000,9999.000,9999.000,9999.000,9999.000,9999.000
202605282112,   2.073,   2.787,9999.000,9999.000,9999.000,9999.000,9999.000,9999.000,9999.000
202605282118,   2.128,   2.830,9999.000,9999.000,9999.000,9999.000,9999.000,9999.000,9999.000
202605282124,   2.181,   2.889,9999.000,9999.000,9999.000,9999.000,9999.000,9999.000,9999.000
202605282130,   2.233,   2.958,9999.000,9999.000,9999.000,9999.000,9999.000,9999.000,9999.000
202605282136,   2.282,   2.968,9999.000,9999.000,9999.000,9999.000,9999.000,9999.000,9999.000
202605282142,   2.329,   3.030,9999.000,9999.000,9999.000,9999.000,9999.000,9999.000,9999.000
202605282148,   2.374,   3.099,9999.000,9999.000,9999.000,9999.000,9999.000,9999.000,9999.000
202605282154,   2.417,   3.138,9999.000,9999.000,9999.000,9999.000,9999.000,9999.000,9999.000
202605282200,   2.457,   3.178,   0.800,  -0.079,   3.178,   0.800,   3.178,   0.900,   3.278
202605282206,   2.495,   3.197,9999.000,9999.000,9999.000,9999.000,9999.000,9999.000,9999.000
202605282212,   2.531,   3.250,9999.000,9999.000,9999.000,9999.000,9999.000,9999.000,9999.000
202605282218,   2.564,   3.309,9999.000,9999.000,9999.000,9999.000,9999.000,9999.000,9999.000
202605282224,   2.594,   3.348,9999.000,9999.000,9999.000,9999.000,9999.000,9999.000,9999.000
202605282230,   2.621,   3.348,9999.000,9999.000,9999.000,9999.000,9999.000,9999.000,9999.000
202605282236,   2.645,   3.398,9999.000,9999.000,9999.000,9999.000,9999.000,9999.000,9999.000
202605282242,   2.667,   3.417,9999.000,9999.000,9999.000,9999.000,9999.000,9999.000,9999.000
202605282248,   2.686,   3.470,9999.000,9999.000,9999.000,9999.000,9999.000,9999.000,9999.000
202605282254,   2.702,   3.489,9999.000,9999.000,9999.000,9999.000,9999.000,9999.000,9999.000
202605282300,   2.714,   3.509,   0.800,  -0.005,   3.509,   0.700,   3.409,   0.900,   3.609
202605282306,   2.724,   3.539,9999.000,9999.000,9999.000,9999.000,9999.000,9999.000,9999.000
202605282312,   2.731,   3.548,9999.000,9999.000,9999.000,9999.000,9999.000,9999.000,9999.000
202605282318,   2.734,   3.558,9999.000,9999.000,9999.000,9999.000,9999.000,9999.000,9999.000
202605282324,   2.735,   3.588,9999.000,9999.000,9999.000,9999.000,9999.000,9999.000,9999.000
202605282330,   2.732,   3.598,9999.000,9999.000,9999.000,9999.000,9999.000,9999.000,9999.000
202605282336,   2.727,   3.607,9999.000,9999.000,9999.000,9999.000,9999.000,9999.000,9999.000
202605282342,   2.718,   3.627,9999.000,9999.000,9999.000,9999.000,9999.000,9999.000,9999.000
202605282348,   2.707,   3.650,9999.000,9999.000,9999.000,9999.000,9999.000,9999.000,9999.000
202605282354,   2.692,   3.627,9999.000,9999.000,9999.000,9999.000,9999.000,9999.000,9999.000
202605290000,   2.674,   3.627,   0.700,   0.253,   3.627,   0.600,   3.527,   0.700,   3.627
202605290006,   2.653,   3.607,9999.000,9999.000,9999.000,9999.000,9999.000,9999.000,9999.000
202605290012,   2.630,   3.627,9999.000,9999.000,9999.000,9999.000,9999.000,9999.000,9999.000
202605290018,   2.603,   3.598,9999.000,9999.000,9999.000,9999.000,9999.000,9999.000,9999.000
202605290024,   2.574,   3.558,9999.000,9999.000,9999.000,9999.000,9999.000,9999.000,9999.000
202605290030,   2.542,   3.539,9999.000,9999.000,9999.000,9999.000,9999.000,9999.000,9999.000
202605290036,   2.508,   3.499,9999.000,9999.000,9999.000,9999.000,9999.000,9999.000,9999.000
202605290042,   2.470,   3.480,9999.000,9999.000,9999.000,9999.000,9999.000,9999.000,9999.000
202605290048,   2.431,   3.378,9999.000,9999.000,9999.000,9999.000,9999.000,9999.000,9999.000
202605290054,   2.389,   3.358,9999.000,9999.000,9999.000,9999.000,9999.000,9999.000,9999.000
202605290100,   2.344,   3.368,   0.700,   0.324,   3.368,   0.600,   3.268,   0.700,   3.368
202605290106,   2.297,   3.270,9999.000,9999.000,9999.000,9999.000,9999.000,9999.000,9999.000
202605290112,   2.249,   3.240,9999.000,9999.000,9999.000,9999.000,9999.000,9999.000,9999.000
202605290118,   2.198,   3.230,9999.000,9999.000,9999.000,9999.000,9999.000,9999.000,9999.000
202605290124,   2.145,   3.197,9999.000,9999.000,9999.000,9999.000,9999.000,9999.000,9999.000
202605290130,   2.091,   3.119,9999.000,9999.000,9999.000,9999.000,9999.000,9999.000,9999.000
202605290136,   2.034,   3.089,9999.000,9999.000,9999.000,9999.000,9999.000,9999.000,9999.000
202605290142,   1.977,   3.050,9999.000,9999.000,9999.000,9999.000,9999.000,9999.000,9999.000
202605290148,   1.918,   2.997,9999.000,9999.000,9999.000,9999.000,9999.000,9999.000,9999.000
202605290154,   1.858,   2.958,9999.000,9999.000,9999.000,9999.000,9999.000,9999.000,9999.000
202605290200,   1.797,   2.938,   0.700,   0.441,   2.938,   0.600,   2.838,   0.700,   2.938
202605290206,   1.734,   2.869,9999.000,9999.000,9999.000,9999.000,9999.000,9999.000,9999.000
202605290212,   1.671,   2.830,9999.000,9999.000,9999.000,9999.000,9999.000,9999.000,9999.000
202605290218,   1.608,   2.748,9999.000,9999.000,9999.000,9999.000,9999.000,9999.000,9999.000
202605290224,   1.544,   2.719,9999.000,9999.000,9999.000,9999.000,9999.000,9999.000,9999.000
202605290230,   1.480,   2.660,9999.000,9999.000,9999.000,9999.000,9999.000,9999.000,9999.000
202605290236,   1.415,   2.597,9999.000,9999.000,9999.000,9999.000,9999.000,9999.000,9999.000
202605290242,   1.351,   2.528,9999.000,9999.000,9999.000,9999.000,9999.000,9999.000,9999.000
202605290248,   1.286,   2.469,9999.000,9999.000,9999.000,9999.000,9999.000,9999.000,9999.000
202605290254,   1.223,   2.410,9999.000,9999.000,9999.000,9999.000,9999.000,9999.000,9999.000
202605290300,   1.159,   2.328,   0.700,   0.469,   2.328,   0.700,   2.328,   0.700,   2.328
202605290306,   1.096,   2.269,9999.000,9999.000,9999.000,9999.000,9999.000,9999.000,9999.000
202605290312,   1.035,   2.210,9999.000,9999.000,9999.000,9999.000,9999.000,9999.000,9999.000
202605290318,   0.974,   2.138,9999.000,9999.000,9999.000,9999.000,9999.000,9999.000,9999.000
202605290324,   0.914,   2.089,9999.000,9999.000,9999.000,9999.000,9999.000,9999.000,9999.000
202605290330,   0.855,   2.040,9999.000,9999.000,9999.000,9999.000,9999.000,9999.000,9999.000
202605290336,   0.798,   1.967,9999.000,9999.000,9999.000,9999.000,9999.000,9999.000,9999.000
202605290342,   0.743,   1.918,9999.000,9999.000,9999.000,9999.000,9999.000,9999.000,9999.000
202605290348,   0.689,   1.869,9999.000,9999.000,9999.000,9999.000,9999.000,9999.000,9999.000
202605290354,   0.637,   1.820,9999.000,9999.000,9999.000,9999.000,9999.000,9999.000,9999.000
202605290400,   0.587,   1.748,   0.700,   0.461,   1.748,   0.700,   1.748,   0.700,   1.748
202605290406,   0.539,   1.689,9999.000,9999.000,9999.000,9999.000,9999.000,9999.000,9999.000
202605290412,   0.493,   1.679,9999.000,9999.000,9999.000,9999.000,9999.000,9999.000,9999.000
202605290418,   0.449,   1.600,9999.000,9999.000,9999.000,9999.000,9999.000,9999.000,9999.000
202605290424,   0.408,   1.571,9999.000,9999.000,9999.000,9999.000,9999.000,9999.000,9999.000
202605290430,   0.370,   1.528,9999.000,9999.000,9999.000,9999.000,9999.000,9999.000,9999.000
202605290436,   0.334,   1.489,9999.000,9999.000,9999.000,9999.000,9999.000,9999.000,9999.000
202605290442,   0.300,   1.449,9999.000,9999.000,9999.000,9999.000,9999.000,9999.000,9999.000
202605290448,   0.270,   1.420,9999.000,9999.000,9999.000,9999.000,9999.000,9999.000,9999.000
202605290454,   0.242,   1.390,9999.000,9999.000,9999.000,9999.000,9999.000,9999.000,9999.000
202605290500,   0.217,   1.348,   0.700,   0.431,   1.348,   0.700,   1.348,   0.800,   1.448
202605290506,   0.195,   1.348,9999.000,9999.000,9999.000,9999.000,9999.000,9999.000,9999.000
202605290512,   0.176,   1.279,9999.000,9999.000,9999.000,9999.000,9999.000,9999.000,9999.000
202605290518,   0.160,   1.259,9999.000,9999.000,9999.000,9999.000,9999.000,9999.000,9999.000
202605290524,   0.147,   1.249,9999.000,9999.000,9999.000,9999.000,9999.000,9999.000,9999.000
202605290530,   0.136,   1.279,9999.000,9999.000,9999.000,9999.000,9999.000,9999.000,9999.000
202605290536,   0.129,   1.259,9999.000,9999.000,9999.000,9999.000,9999.000,9999.000,9999.000
202605290542,   0.125,   1.289,9999.000,9999.000,9999.000,9999.000,9999.000,9999.000,9999.000
202605290548,   0.124,   1.220,9999.000,9999.000,9999.000,9999.000,9999.000,9999.000,9999.000
202605290554,   0.125,   1.298,9999.000,9999.000,9999.000,9999.000,9999.000,9999.000,9999.000
202605290600,   0.130,   1.289,   0.700,   0.459,   1.289,   0.700,   1.289,   0.800,   1.389
202605290606,   0.137,   1.239,9999.000,9999.000,9999.000,9999.000,9999.000,9999.000,9999.000
202605290612,   0.148,   1.259,9999.000,9999.000,9999.000,9999.000,9999.000,9999.000,9999.000
202605290618,   0.161,   1.249,9999.000,9999.000,9999.000,9999.000,9999.000,9999.000,9999.000
202605290624,   0.176,   1.229,9999.000,9999.000,9999.000,9999.000,9999.000,9999.000,9999.000
202605290630,   0.195,   1.249,9999.000,9999.000,9999.000,9999.000,9999.000,9999.000,9999.000
202605290636,   0.215,   1.259,9999.000,9999.000,9999.000,9999.000,9999.000,9999.000,9999.000
202605290642,   0.239,   1.259,9999.000,9999.000,9999.000,9999.000,9999.000,9999.000,9999.000
202605290648,   0.264,   1.229,9999.000,9999.000,9999.000,9999.000,9999.000,9999.000,9999.000
202605290654,   0.292,   1.249,9999.000,9999.000,9999.000,9999.000,9999.000,9999.000,9999.000
202605290700,   0.322,   1.289,   0.800,   0.167,   1.289,   0.700,   1.189,   0.800,   1.289
202605290706,   0.354,   1.289,9999.000,9999.000,9999.000,9999.000,9999.000,9999.000,9999.000
202605290712,   0.388,   1.338,9999.000,9999.000,9999.000,9999.000,9999.000,9999.000,9999.000
202605290718,   0.424,   1.338,9999.000,9999.000,9999.000,9999.000,9999.000,9999.000,9999.000
202605290724,   0.462,   1.390,9999.000,9999.000,9999.000,9999.000,9999.000,9999.000,9999.000
202605290730,   0.501,   1.410,9999.000,9999.000,9999.000,9999.000,9999.000,9999.000,9999.000
202605290736,   0.541,   1.439,9999.000,9999.000,9999.000,9999.000,9999.000,9999.000,9999.000
202605290742,   0.583,   1.479,9999.000,9999.000,9999.000,9999.000,9999.000,9999.000,9999.000
202605290748,   0.626,   1.528,9999.000,9999.000,9999.000,9999.000,9999.000,9999.000,9999.000
202605290754,   0.670,   1.571,9999.000,9999.000,9999.000,9999.000,9999.000,9999.000,9999.000
202605290800,   0.715,   1.600,   0.800,   0.085,   1.600,   0.700,   1.500,   0.900,   1.700
202605290806,   0.760,   1.630,9999.000,9999.000,9999.000,9999.000,9999.000,9999.000,9999.000
202605290812,   0.807,   1.659,9999.000,9999.000,9999.000,9999.000,9999.000,9999.000,9999.000
202605290818,   0.853,   1.699,9999.000,9999.000,9999.000,9999.000,9999.000,9999.000,9999.000
202605290824,   0.900,   1.758,9999.000,9999.000,9999.000,9999.000,9999.000,9999.000,9999.000
202605290830,   0.948,   1.810,9999.000,9999.000,9999.000,9999.000,9999.000,9999.000,9999.000
202605290836,   0.995,   1.849,9999.000,9999.000,9999.000,9999.000,9999.000,9999.000,9999.000
202605290842,   1.042,   1.869,9999.000,9999.000,9999.000,9999.000,9999.000,9999.000,9999.000
202605290848,   1.089,   1.948,9999.000,9999.000,9999.000,9999.000,9999.000,9999.000,9999.000
202605290854,   1.136,   1.981,9999.000,9999.000,9999.000,9999.000,9999.000,9999.000,9999.000
202605290900,   1.182,   2.030,   0.800,   0.048,   2.030,   0.800,   2.030,   0.900,   2.130
202605290906,   1.228,   2.059,9999.000,9999.000,9999.000,9999.000,9999.000,9999.000,9999.000
202605290912,   1.273,   2.118,9999.000,9999.000,9999.000,9999.000,9999.000,9999.000,9999.000
202605290918,   1.317,   2.158,9999.000,9999.000,9999.000,9999.000,9999.000,9999.000,9999.000
202605290924,   1.360,   2.191,9999.000,9999.000,9999.000,9999.000,9999.000,9999.000,9999.000
202605290930,   1.402,   2.269,9999.000,9999.000,9999.000,9999.000,9999.000,9999.000,9999.000
202605290936,   1.443,   2.318,9999.000,9999.000,9999.000,9999.000,9999.000,9999.000,9999.000
202605290942,   1.483,   2.338,9999.000,9999.000,9999.000,9999.000,9999.000,9999.000,9999.000
202605290948,   1.521,   2.430,9999.000,9999.000,9999.000,9999.000,9999.000,9999.000,9999.000
202605290954,   1.557,   2.450,9999.000,9999.000,9999.000,9999.000,9999.000,9999.000,9999.000
202605291000,   1.592,   2.499,   0.800,   0.107,   2.499,   0.800,   2.499,   0.900,   2.599
202605291006,   1.625,   2.538,9999.000,9999.000,9999.000,9999.000,9999.000,9999.000,9999.000
202605291012,   1.657,   2.587,9999.000,9999.000,9999.000,9999.000,9999.000,9999.000,9999.000
202605291018,   1.686,   2.620,9999.000,9999.000,9999.000,9999.000,9999.000,9999.000,9999.000
202605291024,   1.714,   2.669,9999.000,9999.000,9999.000,9999.000,9999.000,9999.000,9999.000
202605291030,   1.740,   2.709,9999.000,9999.000,9999.000,9999.000,9999.000,9999.000,9999.000
202605291036,   1.763,   2.758,9999.000,9999.000,9999.000,9999.000,9999.000,9999.000,9999.000
202605291042,   1.785,   2.787,9999.000,9999.000,9999.000,9999.000,9999.000,9999.000,9999.000
202605291048,   1.804,   2.840,9999.000,9999.000,9999.000,9999.000,9999.000,9999.000,9999.000
202605291054,   1.820,   2.860,9999.000,9999.000,9999.000,9999.000,9999.000,9999.000,9999.000
202605291100,   1.835,   2.889,   0.800,   0.254,   2.889,   0.800,   2.889,   0.900,   2.989
202605291106,   1.847,   2.909,9999.000,9999.000,9999.000,9999.000,9999.000,9999.000,9999.000
202605291112,   1.857,   2.948,9999.000,9999.000,9999.000,9999.000,9999.000,9999.000,9999.000
202605291118,   1.864,   2.948,9999.000,9999.000,9999.000,9999.000,9999.000,9999.000,9999.000
202605291124,   1.869,   2.958,9999.000,9999.000,9999.000,9999.000,9999.000,9999.000,9999.000
202605291130,   1.871,   2.978,9999.000,9999.000,9999.000,9999.000,9999.000,9999.000,9999.000
202605291136,   1.871,   2.988,9999.000,9999.000,9999.000,9999.000,9999.000,9999.000,9999.000
202605291142,   1.869,   2.988,9999.000,9999.000,9999.000,9999.000,9999.000,9999.000,9999.000
202605291148,   1.864,   2.997,9999.000,9999.000,9999.000,9999.000,9999.000,9999.000,9999.000
202605291154,   1.856,   3.007,9999.000,9999.000,9999.000,9999.000,9999.000,9999.000,9999.000
202605291200,   1.846,   3.030,   0.700,   0.484,   3.030,   0.700,   3.030,   0.800,   3.130
202605291206,   1.834,   3.030,9999.000,9999.000,9999.000,9999.000,9999.000,9999.000,9999.000
202605291212,   1.819,   3.040,9999.000,9999.000,9999.000,9999.000,9999.000,9999.000,9999.000
202605291218,   1.801,   3.050,9999.000,9999.000,9999.000,9999.000,9999.000,9999.000,9999.000
202605291224,   1.782,   3.030,9999.000,9999.000,9999.000,9999.000,9999.000,9999.000,9999.000
202605291230,   1.759,   3.017,9999.000,9999.000,9999.000,9999.000,9999.000,9999.000,9999.000
202605291236,   1.735,   3.017,9999.000,9999.000,9999.000,9999.000,9999.000,9999.000,9999.000
202605291242,   1.709,   2.988,9999.000,9999.000,9999.000,9999.000,9999.000,9999.000,9999.000
202605291248,   1.680,   2.988,9999.000,9999.000,9999.000,9999.000,9999.000,9999.000,9999.000
202605291254,   1.649,   2.968,9999.000,9999.000,9999.000,9999.000,9999.000,9999.000,9999.000
202605291300,   1.616,   2.919,   0.700,   0.603,   2.919,   0.700,   2.919,   0.800,   3.019
202605291306,   1.582,   2.879,9999.000,9999.000,9999.000,9999.000,9999.000,9999.000,9999.000
202605291312,   1.545,   2.869,9999.000,9999.000,9999.000,9999.000,9999.000,9999.000,9999.000
202605291318,   1.507,   2.807,9999.000,9999.000,9999.000,9999.000,9999.000,9999.000,9999.000
202605291324,   1.467,   2.758,9999.000,9999.000,9999.000,9999.000,9999.000,9999.000,9999.000
202605291330,   1.426,   2.748,9999.000,9999.000,9999.000,9999.000,9999.000,9999.000,9999.000
202605291336,   1.383,   2.689,9999.000,9999.000,9999.000,9999.000,9999.000,9999.000,9999.000
202605291342,   1.338,   2.699,9999.000,9999.000,9999.000,9999.000,9999.000,9999.000,9999.000
202605291348,   1.293,   2.630,9999.000,9999.000,9999.000,9999.000,9999.000,9999.000,9999.000
202605291354,   1.246,   2.620,9999.000,9999.000,9999.000,9999.000,9999.000,9999.000,9999.000
202605291400,   1.199,   2.587,   0.700,   0.688,   2.587,   0.700,   2.587,   0.800,   2.687
202605291406,   1.151,   2.568,9999.000,9999.000,9999.000,9999.000,9999.000,9999.000,9999.000
202605291412,   1.102,   2.509,9999.000,9999.000,9999.000,9999.000,9999.000,9999.000,9999.000
202605291418,   1.052,   2.499,9999.000,9999.000,9999.000,9999.000,9999.000,9999.000,9999.000
202605291424,   1.002,   2.430,9999.000,9999.000,9999.000,9999.000,9999.000,9999.000,9999.000
202605291430,   0.952,   2.420,9999.000,9999.000,9999.000,9999.000,9999.000,9999.000,9999.000
202605291436,   0.901,   2.348,9999.000,9999.000,9999.000,9999.000,9999.000,9999.000,9999.000
202605291442,   0.851,   2.309,9999.000,9999.000,9999.000,9999.000,9999.000,9999.000,9999.000
202605291448,   0.801,   2.269,9999.000,9999.000,9999.000,9999.000,9999.000,9999.000,9999.000
202605291454,   0.751,   2.220,9999.000,9999.000,9999.000,9999.000,9999.000,9999.000,9999.000
202605291500,   0.702,   2.158,   0.700,   0.756,   2.158,   0.700,   2.158,   0.800,   2.258
202605291506,   0.653,   2.099,9999.000,9999.000,9999.000,9999.000,9999.000,9999.000,9999.000
202605291512,   0.605,   2.059,9999.000,9999.000,9999.000,9999.000,9999.000,9999.000,9999.000
202605291518,   0.558,   2.010,9999.000,9999.000,9999.000,9999.000,9999.000,9999.000,9999.000
202605291524,   0.512,   1.958,9999.000,9999.000,9999.000,9999.000,9999.000,9999.000,9999.000
202605291530,   0.468,   1.908,9999.000,9999.000,9999.000,9999.000,9999.000,9999.000,9999.000
202605291536,   0.424,   1.859,9999.000,9999.000,9999.000,9999.000,9999.000,9999.000,9999.000
202605291542,   0.383,   1.820,9999.000,9999.000,9999.000,9999.000,9999.000,9999.000,9999.000
202605291548,   0.342,   1.767,9999.000,9999.000,9999.000,9999.000,9999.000,9999.000,9999.000
202605291554,   0.304,   1.728,9999.000,9999.000,9999.000,9999.000,9999.000,9999.000,9999.000
202605291600,   0.268,   1.669,   0.700,   0.701,   1.669,   0.700,   1.669,   0.700,   1.669
202605291606,   0.233,   1.639,9999.000,9999.000,9999.000,9999.000,9999.000,9999.000,9999.000
202605291612,   0.201,   1.571,9999.000,9999.000,9999.000,9999.000,9999.000,9999.000,9999.000
202605291618,   0.171,   1.538,9999.000,9999.000,9999.000,9999.000,9999.000,9999.000,9999.000
202605291624,   0.143,   1.498,9999.000,9999.000,9999.000,9999.000,9999.000,9999.000,9999.000
202605291630,   0.118,   1.459,9999.000,9999.000,9999.000,9999.000,9999.000,9999.000,9999.000
202605291636,   0.095,   1.420,9999.000,9999.000,9999.000,9999.000,9999.000,9999.000,9999.000
202605291642,   0.076,   1.390,9999.000,9999.000,9999.000,9999.000,9999.000,9999.000,9999.000
202605291648,   0.058,   1.338,9999.000,9999.000,9999.000,9999.000,9999.000,9999.000,9999.000
202605291654,   0.044,   1.298,9999.000,9999.000,9999.000,9999.000,9999.000,9999.000,9999.000
202605291700,   0.032,   1.269,   0.700,   0.537,   1.269,   0.600,   1.169,   0.700,   1.269
202605291706,   0.024,   1.239,9999.000,9999.000,9999.000,9999.000,9999.000,9999.000,9999.000
202605291712,   0.018,   1.210,9999.000,9999.000,9999.000,9999.000,9999.000,9999.000,9999.000
202605291718,   0.015,   1.190,9999.000,9999.000,9999.000,9999.000,9999.000,9999.000,9999.000
202605291724,   0.016,   1.161,9999.000,9999.000,9999.000,9999.000,9999.000,9999.000,9999.000
202605291730,   0.019,   1.128,9999.000,9999.000,9999.000,9999.000,9999.000,9999.000,9999.000
202605291736,   0.026,   1.108,9999.000,9999.000,9999.000,9999.000,9999.000,9999.000,9999.000
202605291742,   0.035,   1.098,9999.000,9999.000,9999.000,9999.000,9999.000,9999.000,9999.000
202605291748,   0.048,   1.079,9999.000,9999.000,9999.000,9999.000,9999.000,9999.000,9999.000
202605291754,   0.064,   1.069,9999.000,9999.000,9999.000,9999.000,9999.000,9999.000,9999.000
202605291800,   0.082,   1.069,   0.700,   0.287,   1.069,   0.600,   0.969,   0.700,   1.069
202605291806,   0.104,   1.079,9999.000,9999.000,9999.000,9999.000,9999.000,9999.000,9999.000
202605291812,   0.129,   1.059,9999.000,9999.000,9999.000,9999.000,9999.000,9999.000,9999.000
202605291818,   0.156,   1.069,9999.000,9999.000,9999.000,9999.000,9999.000,9999.000,9999.000
202605291824,   0.187,   1.059,9999.000,9999.000,9999.000,9999.000,9999.000,9999.000,9999.000
202605291830,   0.220,   1.069,9999.000,9999.000,9999.000,9999.000,9999.000,9999.000,9999.000
202605291836,   0.256,   1.079,9999.000,9999.000,9999.000,9999.000,9999.000,9999.000,9999.000
202605291842,   0.294,   1.079,9999.000,9999.000,9999.000,9999.000,9999.000,9999.000,9999.000
202605291848,   0.335,   1.118,9999.000,9999.000,9999.000,9999.000,9999.000,9999.000,9999.000
202605291854,   0.379,   1.138,9999.000,9999.000,9999.000,9999.000,9999.000,9999.000,9999.000
202605291900,   0.424,   1.151,   0.700,   0.027,   1.151,   0.600,   1.051,   0.700,   1.151
202605291906,   0.472,   1.190,9999.000,9999.000,9999.000,9999.000,9999.000,9999.000,9999.000
202605291912,   0.522,   1.190,9999.000,9999.000,9999.000,9999.000,9999.000,9999.000,9999.000
202605291918,   0.575,   1.239,9999.000,9999.000,9999.000,9999.000,9999.000,9999.000,9999.000
202605291924,   0.628,   1.289,9999.000,9999.000,9999.000,9999.000,9999.000,9999.000,9999.000
202605291930,   0.684,   1.318,9999.000,9999.000,9999.000,9999.000,9999.000,9999.000,9999.000
202605291936,   0.741,   1.371,9999.000,9999.000,9999.000,9999.000,9999.000,9999.000,9999.000
202605291942,   0.800,   1.410,9999.000,9999.000,9999.000,9999.000,9999.000,9999.000,9999.000
202605291948,   0.860,   1.459,9999.000,9999.000,9999.000,9999.000,9999.000,9999.000,9999.000
202605291954,   0.921,   1.518,9999.000,9999.000,9999.000,9999.000,9999.000,9999.000,9999.000
202605292000,   0.984,   1.548,   0.700,  -0.136,   1.548,   0.700,   1.548,   0.700,   1.548
202605292006,   1.047,   1.580,9999.000,9999.000,9999.000,9999.000,9999.000,9999.000,9999.000
202605292012,   1.111,   1.659,9999.000,9999.000,9999.000,9999.000,9999.000,9999.000,9999.000
202605292018,   1.175,   1.718,9999.000,9999.000,9999.000,9999.000,9999.000,9999.000,9999.000
202605292024,   1.240,   1.748,9999.000,9999.000,9999.000,9999.000,9999.000,9999.000,9999.000
202605292030,   1.305,   1.800,9999.000,9999.000,9999.000,9999.000,9999.000,9999.000,9999.000
202605292036,   1.371,   1.849,9999.000,9999.000,9999.000,9999.000,9999.000,9999.000,9999.000
202605292042,   1.436,   1.938,9999.000,9999.000,9999.000,9999.000,9999.000,9999.000,9999.000
202605292048,   1.501,   2.000,9999.000,9999.000,9999.000,9999.000,9999.000,9999.000,9999.000
202605292054,   1.566,   2.079,9999.000,9999.000,9999.000,9999.000,9999.000,9999.000,9999.000
202605292100,   1.630,   2.118,   0.700,  -0.212,   2.118,   0.700,   2.118,   0.700,   2.118
202605292106,   1.694,   2.200,9999.000,9999.000,9999.000,9999.000,9999.000,9999.000,9999.000
202605292112,   1.757,   2.220,9999.000,9999.000,9999.000,9999.000,9999.000,9999.000,9999.000
202605292118,   1.819,   2.279,9999.000,9999.000,9999.000,9999.000,9999.000,9999.000,9999.000
202605292124,   1.880,   2.328,9999.000,9999.000,9999.000,9999.000,9999.000,9999.000,9999.000
202605292130,   1.940,   2.410,9999.000,9999.000,9999.000,9999.000,9999.000,9999.000,9999.000
202605292136,   1.999,   2.459,9999.000,9999.000,9999.000,9999.000,9999.000,9999.000,9999.000
202605292142,   2.056,   2.548,9999.000,9999.000,9999.000,9999.000,9999.000,9999.000,9999.000
202605292148,   2.112,   2.548,9999.000,9999.000,9999.000,9999.000,9999.000,9999.000,9999.000
202605292154,   2.166,   2.620,9999.000,9999.000,9999.000,9999.000,9999.000,9999.000,9999.000
202605292200,   2.218,   2.689,   0.700,  -0.229,   2.689,   0.700,   2.689,   0.700,   2.689
202605292206,   2.268,   2.738,9999.000,9999.000,9999.000,9999.000,9999.000,9999.000,9999.000
202605292212,   2.316,   2.787,9999.000,9999.000,9999.000,9999.000,9999.000,9999.000,9999.000
202605292218,   2.362,   2.830,9999.000,9999.000,9999.000,9999.000,9999.000,9999.000,9999.000
202605292224,   2.406,   2.879,9999.000,9999.000,9999.000,9999.000,9999.000,9999.000,9999.000
202605292230,   2.448,   2.919,9999.000,9999.000,9999.000,9999.000,9999.000,9999.000,9999.000
202605292236,   2.487,   2.968,9999.000,9999.000,9999.000,9999.000,9999.000,9999.000,9999.000
202605292242,   2.524,   3.007,9999.000,9999.000,9999.000,9999.000,9999.000,9999.000,9999.000
202605292248,   2.558,   3.060,9999.000,9999.000,9999.000,9999.000,9999.000,9999.000,9999.000
202605292254,   2.590,   3.089,9999.000,9999.000,9999.000,9999.000,9999.000,9999.000,9999.000
202605292300,   2.619,   3.129,   0.700,  -0.190,   3.129,   0.700,   3.129,   0.700,   3.129
202605292306,   2.645,   3.168,9999.000,9999.000,9999.000,9999.000,9999.000,9999.000,9999.000
202605292312,   2.668,   3.230,9999.000,9999.000,9999.000,9999.000,9999.000,9999.000,9999.000
202605292318,   2.688,   3.250,9999.000,9999.000,9999.000,9999.000,9999.000,9999.000,9999.000
202605292324,   2.706,   3.289,9999.000,9999.000,9999.000,9999.000,9999.000,9999.000,9999.000
202605292330,   2.721,   3.319,9999.000,9999.000,9999.000,9999.000,9999.000,9999.000,9999.000
202605292336,   2.732,   3.348,9999.000,9999.000,9999.000,9999.000,9999.000,9999.000,9999.000
202605292342,   2.741,   3.368,9999.000,9999.000,9999.000,9999.000,9999.000,9999.000,9999.000
202605292348,   2.746,   3.398,9999.000,9999.000,9999.000,9999.000,9999.000,9999.000,9999.000
202605292354,   2.749,   3.427,9999.000,9999.000,9999.000,9999.000,9999.000,9999.000,9999.000
202605300000,   2.749,   3.450,   0.700,   0.099,   3.548,   0.700,   3.548,   0.700,   3.548
202605300006,   2.745,   3.470,9999.000,9999.000,9999.000,9999.000,9999.000,9999.000,9999.000
202605300012,   2.738,   3.470,9999.000,9999.000,9999.000,9999.000,9999.000,9999.000,9999.000
202605300018,   2.729,   3.480,9999.000,9999.000,9999.000,9999.000,9999.000,9999.000,9999.000
202605300024,   2.716,   3.499,9999.000,9999.000,9999.000,9999.000,9999.000,9999.000,9999.000
202605300030,   2.701,   3.509,9999.000,9999.000,9999.000,9999.000,9999.000,9999.000,9999.000
202605300036,   2.682,   3.489,9999.000,9999.000,9999.000,9999.000,9999.000,9999.000,9999.000
202605300042,   2.661,   3.499,9999.000,9999.000,9999.000,9999.000,9999.000,9999.000,9999.000
202605300048,   2.637,   3.480,9999.000,9999.000,9999.000,9999.000,9999.000,9999.000,9999.000
202605300054,   2.610,   3.489,9999.000,9999.000,9999.000,9999.000,9999.000,9999.000,9999.000
202605300100,   2.580,   3.480,   0.700,   0.296,   3.576,   0.700,   3.576,   0.700,   3.576
202605300106,   2.547,   3.460,9999.000,9999.000,9999.000,9999.000,9999.000,9999.000,9999.000
202605300112,   2.512,   3.440,9999.000,9999.000,9999.000,9999.000,9999.000,9999.000,9999.000
202605300118,   2.474,   3.427,9999.000,9999.000,9999.000,9999.000,9999.000,9999.000,9999.000
202605300124,   2.434,   3.368,9999.000,9999.000,9999.000,9999.000,9999.000,9999.000,9999.000
202605300130,   2.392,   3.368,9999.000,9999.000,9999.000,9999.000,9999.000,9999.000,9999.000
202605300136,   2.347,   3.250,9999.000,9999.000,9999.000,9999.000,9999.000,9999.000,9999.000
202605300142,   2.300,   3.230,9999.000,9999.000,9999.000,9999.000,9999.000,9999.000,9999.000
202605300148,   2.251,   3.197,9999.000,9999.000,9999.000,9999.000,9999.000,9999.000,9999.000
202605300154,   2.200,   3.148,9999.000,9999.000,9999.000,9999.000,9999.000,9999.000,9999.000
202605300200,   2.148,   3.079,   0.700,   0.499,   3.347,   0.700,   3.347,   0.700,   3.347
202605300206,   2.093,   3.079,9999.000,9999.000,9999.000,9999.000,9999.000,9999.000,9999.000
202605300212,   2.037,   3.030,9999.000,9999.000,9999.000,9999.000,9999.000,9999.000,9999.000
202605300218,   1.980,   2.958,9999.000,9999.000,9999.000,9999.000,9999.000,9999.000,9999.000
202605300224,   1.921,   2.929,9999.000,9999.000,9999.000,9999.000,9999.000,9999.000,9999.000
202605300230,   1.861,   2.919,9999.000,9999.000,9999.000,9999.000,9999.000,9999.000,9999.000
202605300236,   1.800,   2.860,9999.000,9999.000,9999.000,9999.000,9999.000,9999.000,9999.000
202605300242,   1.739,   2.787,9999.000,9999.000,9999.000,9999.000,9999.000,9999.000,9999.000
202605300248,   1.676,   2.738,9999.000,9999.000,9999.000,9999.000,9999.000,9999.000,9999.000
202605300254,   1.613,   2.699,9999.000,9999.000,9999.000,9999.000,9999.000,9999.000,9999.000
202605300300,   1.549,   2.630,   0.700,   0.656,   2.905,   0.600,   2.805,   0.700,   2.905
202605300306,   1.486,   2.568,9999.000,9999.000,9999.000,9999.000,9999.000,9999.000,9999.000
202605300312,   1.422,   2.538,9999.000,9999.000,9999.000,9999.000,9999.000,9999.000,9999.000
202605300318,   1.358,   2.469,9999.000,9999.000,9999.000,9999.000,9999.000,9999.000,9999.000
202605300324,   1.295,   2.400,9999.000,9999.000,9999.000,9999.000,9999.000,9999.000,9999.000
202605300330,   1.231,   2.309,9999.000,9999.000,9999.000,9999.000,9999.000,9999.000,9999.000
202605300336,   1.169,   2.269,9999.000,9999.000,9999.000,9999.000,9999.000,9999.000,9999.000
202605300342,   1.107,   2.191,9999.000,9999.000,9999.000,9999.000,9999.000,9999.000,9999.000
202605300348,   1.046,   2.148,9999.000,9999.000,9999.000,9999.000,9999.000,9999.000,9999.000
202605300354,   0.986,   2.089,9999.000,9999.000,9999.000,9999.000,9999.000,9999.000,9999.000
202605300400,   0.927,   2.030,   0.600,   0.740,   2.267,   0.600,   2.267,   0.700,   2.367
202605300406,   0.869,   1.958,9999.000,9999.000,9999.000,9999.000,9999.000,9999.000,9999.000
202605300412,   0.813,   1.899,9999.000,9999.000,9999.000,9999.000,9999.000,9999.000,9999.000
202605300418,   0.758,   1.849,9999.000,9999.000,9999.000,9999.000,9999.000,9999.000,9999.000
202605300424,   0.705,   1.781,9999.000,9999.000,9999.000,9999.000,9999.000,9999.000,9999.000
202605300430,   0.654,   1.738,9999.000,9999.000,9999.000,9999.000,9999.000,9999.000,9999.000
202605300436,   0.605,   1.679,9999.000,9999.000,9999.000,9999.000,9999.000,9999.000,9999.000
202605300442,   0.558,   1.610,9999.000,9999.000,9999.000,9999.000,9999.000,9999.000,9999.000
202605300448,   0.513,   1.571,9999.000,9999.000,9999.000,9999.000,9999.000,9999.000,9999.000
202605300454,   0.471,   1.508,9999.000,9999.000,9999.000,9999.000,9999.000,9999.000,9999.000
202605300500,   0.431,   1.459,   0.600,   0.738,   1.769,   0.500,   1.669,   0.600,   1.769
202605300506,   0.393,   1.430,9999.000,9999.000,9999.000,9999.000,9999.000,9999.000,9999.000
202605300512,   0.358,   1.371,9999.000,9999.000,9999.000,9999.000,9999.000,9999.000,9999.000
202605300518,   0.326,   1.318,9999.000,9999.000,9999.000,9999.000,9999.000,9999.000,9999.000
202605300524,   0.296,   1.269,9999.000,9999.000,9999.000,9999.000,9999.000,9999.000,9999.000
202605300530,   0.269,   1.239,9999.000,9999.000,9999.000,9999.000,9999.000,9999.000,9999.000
202605300536,   0.245,   1.210,9999.000,9999.000,9999.000,9999.000,9999.000,9999.000,9999.000
202605300542,   0.224,   1.170,9999.000,9999.000,9999.000,9999.000,9999.000,9999.000,9999.000
202605300548,   0.205,   1.151,9999.000,9999.000,9999.000,9999.000,9999.000,9999.000,9999.000
202605300554,   0.190,9999.000,9999.000,9999.000,9999.000,9999.000,9999.000,9999.000,9999.000
202605300600,   0.178,9999.000,   0.500,   0.649,   1.327,   0.500,   1.327,   0.600,   1.427
202605300606,   0.168,9999.000,9999.000,9999.000,9999.000,9999.000,9999.000,9999.000,9999.000
202605300612,   0.162,9999.000,9999.000,9999.000,9999.000,9999.000,9999.000,9999.000,9999.000
202605300618,   0.158,9999.000,9999.000,9999.000,9999.000,9999.000,9999.000,9999.000,9999.000
202605300624,   0.157,9999.000,9999.000,9999.000,9999.000,9999.000,9999.000,9999.000,9999.000
202605300630,   0.159,9999.000,9999.000,9999.000,9999.000,9999.000,9999.000,9999.000,9999.000
202605300636,   0.164,9999.000,9999.000,9999.000,9999.000,9999.000,9999.000,9999.000,9999.000
202605300642,   0.172,9999.000,9999.000,9999.000,9999.000,9999.000,9999.000,9999.000,9999.000
202605300648,   0.183,9999.000,9999.000,9999.000,9999.000,9999.000,9999.000,9999.000,9999.000
202605300654,   0.196,9999.000,9999.000,9999.000,9999.000,9999.000,9999.000,9999.000,9999.000
202605300700,   0.212,9999.000,   0.500,   0.489,   1.201,   0.500,   1.201,   0.600,   1.301
202605300706,   0.230,9999.000,9999.000,9999.000,9999.000,9999.000,9999.000,9999.000,9999.000
202605300712,   0.251,9999.000,9999.000,9999.000,9999.000,9999.000,9999.000,9999.000,9999.000
202605300718,   0.275,9999.000,9999.000,9999.000,9999.000,9999.000,9999.000,9999.000,9999.000
202605300724,   0.300,9999.000,9999.000,9999.000,9999.000,9999.000,9999.000,9999.000,9999.000
202605300730,   0.328,9999.000,9999.000,9999.000,9999.000,9999.000,9999.000,9999.000,9999.000
202605300736,   0.358,9999.000,9999.000,9999.000,9999.000,9999.000,9999.000,9999.000,9999.000
202605300742,   0.390,9999.000,9999.000,9999.000,9999.000,9999.000,9999.000,9999.000,9999.000
202605300748,   0.423,9999.000,9999.000,9999.000,9999.000,9999.000,9999.000,9999.000,9999.000
202605300754,   0.459,9999.000,9999.000,9999.000,9999.000,9999.000,9999.000,9999.000,9999.000
202605300800,   0.496,9999.000,   0.500,   0.304,   1.300,   0.500,   1.300,   0.600,   1.400
202605300806,   0.534,9999.000,9999.000,9999.000,9999.000,9999.000,9999.000,9999.000,9999.000
202605300812,   0.574,9999.000,9999.000,9999.000,9999.000,9999.000,9999.000,9999.000,9999.000
202605300818,   0.615,9999.000,9999.000,9999.000,9999.000,9999.000,9999.000,9999.000,9999.000
202605300824,   0.657,9999.000,9999.000,9999.000,9999.000,9999.000,9999.000,9999.000,9999.000
202605300830,   0.700,9999.000,9999.000,9999.000,9999.000,9999.000,9999.000,9999.000,9999.000
202605300836,   0.744,9999.000,9999.000,9999.000,9999.000,9999.000,9999.000,9999.000,9999.000
202605300842,   0.789,9999.000,9999.000,9999.000,9999.000,9999.000,9999.000,9999.000,9999.000
202605300848,   0.834,9999.000,9999.000,9999.000,9999.000,9999.000,9999.000,9999.000,9999.000
202605300854,   0.879,9999.000,9999.000,9999.000,9999.000,9999.000,9999.000,9999.000,9999.000
202605300900,   0.925,9999.000,   0.500,   0.154,   1.579,   0.500,   1.579,   0.600,   1.679
202605300906,   0.971,9999.000,9999.000,9999.000,9999.000,9999.000,9999.000,9999.000,9999.000
202605300912,   1.017,9999.000,9999.000,9999.000,9999.000,9999.000,9999.000,9999.000,9999.000
202605300918,   1.063,9999.000,9999.000,9999.000,9999.000,9999.000,9999.000,9999.000,9999.000
202605300924,   1.108,9999.000,9999.000,9999.000,9999.000,9999.000,9999.000,9999.000,9999.000
202605300930,   1.153,9999.000,9999.000,9999.000,9999.000,9999.000,9999.000,9999.000,9999.000
202605300936,   1.198,9999.000,9999.000,9999.000,9999.000,9999.000,9999.000,9999.000,9999.000
202605300942,   1.242,9999.000,9999.000,9999.000,9999.000,9999.000,9999.000,9999.000,9999.000
202605300948,   1.285,9999.000,9999.000,9999.000,9999.000,9999.000,9999.000,9999.000,9999.000
202605300954,   1.327,9999.000,9999.000,9999.000,9999.000,9999.000,9999.000,9999.000,9999.000
202605301000,   1.368,9999.000,   0.500,   0.088,   1.956,   0.500,   1.956,   0.600,   2.056
202605301006,   1.408,9999.000,9999.000,9999.000,9999.000,9999.000,9999.000,9999.000,9999.000
202605301012,   1.447,9999.000,9999.000,9999.000,9999.000,9999.000,9999.000,9999.000,9999.000
202605301018,   1.484,9999.000,9999.000,9999.000,9999.000,9999.000,9999.000,9999.000,9999.000
202605301024,   1.520,9999.000,9999.000,9999.000,9999.000,9999.000,9999.000,9999.000,9999.000
202605301030,   1.554,9999.000,9999.000,9999.000,9999.000,9999.000,9999.000,9999.000,9999.000
202605301036,   1.587,9999.000,9999.000,9999.000,9999.000,9999.000,9999.000,9999.000,9999.000
202605301042,   1.618,9999.000,9999.000,9999.000,9999.000,9999.000,9999.000,9999.000,9999.000
202605301048,   1.648,9999.000,9999.000,9999.000,9999.000,9999.000,9999.000,9999.000,9999.000
202605301054,   1.675,9999.000,9999.000,9999.000,9999.000,9999.000,9999.000,9999.000,9999.000
202605301100,   1.700,9999.000,   0.500,   0.122,   2.322,   0.500,   2.322,   0.600,   2.422
202605301106,   1.724,9999.000,9999.000,9999.000,9999.000,9999.000,9999.000,9999.000,9999.000
202605301112,   1.745,9999.000,9999.000,9999.000,9999.000,9999.000,9999.000,9999.000,9999.000
202605301118,   1.764,9999.000,9999.000,9999.000,9999.000,9999.000,9999.000,9999.000,9999.000
202605301124,   1.781,9999.000,9999.000,9999.000,9999.000,9999.000,9999.000,9999.000,9999.000
202605301130,   1.796,9999.000,9999.000,9999.000,9999.000,9999.000,9999.000,9999.000,9999.000
202605301136,   1.808,9999.000,9999.000,9999.000,9999.000,9999.000,9999.000,9999.000,9999.000
202605301142,   1.819,9999.000,9999.000,9999.000,9999.000,9999.000,9999.000,9999.000,9999.000
202605301148,   1.826,9999.000,9999.000,9999.000,9999.000,9999.000,9999.000,9999.000,9999.000
202605301154,   1.832,9999.000,9999.000,9999.000,9999.000,9999.000,9999.000,9999.000,9999.000
202605301200,   1.835,9999.000,   0.600,   0.230,   2.665,   0.500,   2.565,   0.700,   2.765
202605301206,   1.835,9999.000,9999.000,9999.000,9999.000,9999.000,9999.000,9999.000,9999.000
202605301212,   1.834,9999.000,9999.000,9999.000,9999.000,9999.000,9999.000,9999.000,9999.000
202605301218,   1.829,9999.000,9999.000,9999.000,9999.000,9999.000,9999.000,9999.000,9999.000
202605301224,   1.823,9999.000,9999.000,9999.000,9999.000,9999.000,9999.000,9999.000,9999.000
202605301230,   1.814,9999.000,9999.000,9999.000,9999.000,9999.000,9999.000,9999.000,9999.000
202605301236,   1.802,9999.000,9999.000,9999.000,9999.000,9999.000,9999.000,9999.000,9999.000
202605301242,   1.789,9999.000,9999.000,9999.000,9999.000,9999.000,9999.000,9999.000,9999.000
202605301248,   1.773,9999.000,9999.000,9999.000,9999.000,9999.000,9999.000,9999.000,9999.000
202605301254,   1.754,9999.000,9999.000,9999.000,9999.000,9999.000,9999.000,9999.000,9999.000
202605301300,   1.734,9999.000,   0.600,   0.362,   2.696,   0.500,   2.596,   0.800,   2.896
202605301306,   1.711,9999.000,9999.000,9999.000,9999.000,9999.000,9999.000,9999.000,9999.000
202605301312,   1.686,9999.000,9999.000,9999.000,9999.000,9999.000,9999.000,9999.000,9999.000
202605301318,   1.659,9999.000,9999.000,9999.000,9999.000,9999.000,9999.000,9999.000,9999.000
202605301324,   1.630,9999.000,9999.000,9999.000,9999.000,9999.000,9999.000,9999.000,9999.000
202605301330,   1.599,9999.000,9999.000,9999.000,9999.000,9999.000,9999.000,9999.000,9999.000
202605301336,   1.566,9999.000,9999.000,9999.000,9999.000,9999.000,9999.000,9999.000,9999.000
202605301342,   1.531,9999.000,9999.000,9999.000,9999.000,9999.000,9999.000,9999.000,9999.000
202605301348,   1.495,9999.000,9999.000,9999.000,9999.000,9999.000,9999.000,9999.000,9999.000
202605301354,   1.457,9999.000,9999.000,9999.000,9999.000,9999.000,9999.000,9999.000,9999.000
202605301400,   1.417,9999.000,   0.700,   0.485,   2.602,   0.600,   2.502,   0.900,   2.802
202605301406,   1.377,9999.000,9999.000,9999.000,9999.000,9999.000,9999.000,9999.000,9999.000
202605301412,   1.334,9999.000,9999.000,9999.000,9999.000,9999.000,9999.000,9999.000,9999.000
202605301418,   1.291,9999.000,9999.000,9999.000,9999.000,9999.000,9999.000,9999.000,9999.000
202605301424,   1.246,9999.000,9999.000,9999.000,9999.000,9999.000,9999.000,9999.000,9999.000
202605301430,   1.201,9999.000,9999.000,9999.000,9999.000,9999.000,9999.000,9999.000,9999.000
202605301436,   1.154,9999.000,9999.000,9999.000,9999.000,9999.000,9999.000,9999.000,9999.000
202605301442,   1.107,9999.000,9999.000,9999.000,9999.000,9999.000,9999.000,9999.000,9999.000
202605301448,   1.060,9999.000,9999.000,9999.000,9999.000,9999.000,9999.000,9999.000,9999.000
202605301454,   1.012,9999.000,9999.000,9999.000,9999.000,9999.000,9999.000,9999.000,9999.000
202605301500,   0.963,9999.000,   0.800,   0.595,   2.358,   0.600,   2.158,   1.000,   2.558
202605301506,   0.915,9999.000,9999.000,9999.000,9999.000,9999.000,9999.000,9999.000,9999.000
202605301512,   0.866,9999.000,9999.000,9999.000,9999.000,9999.000,9999.000,9999.000,9999.000
202605301518,   0.818,9999.000,9999.000,9999.000,9999.000,9999.000,9999.000,9999.000,9999.000
202605301524,   0.770,9999.000,9999.000,9999.000,9999.000,9999.000,9999.000,9999.000,9999.000
202605301530,   0.722,9999.000,9999.000,9999.000,9999.000,9999.000,9999.000,9999.000,9999.000
202605301536,   0.675,9999.000,9999.000,9999.000,9999.000,9999.000,9999.000,9999.000,9999.000
202605301542,   0.628,9999.000,9999.000,9999.000,9999.000,9999.000,9999.000,9999.000,9999.000
202605301548,   0.582,9999.000,9999.000,9999.000,9999.000,9999.000,9999.000,9999.000,9999.000
202605301554,   0.538,9999.000,9999.000,9999.000,9999.000,9999.000,9999.000,9999.000,9999.000
202605301600,   0.494,9999.000,   0.900,   0.677,   2.071,   0.700,   1.871,   1.100,   2.271
202605301606,   0.452,9999.000,9999.000,9999.000,9999.000,9999.000,9999.000,9999.000,9999.000
202605301612,   0.411,9999.000,9999.000,9999.000,9999.000,9999.000,9999.000,9999.000,9999.000
202605301618,   0.372,9999.000,9999.000,9999.000,9999.000,9999.000,9999.000,9999.000,9999.000
202605301624,   0.334,9999.000,9999.000,9999.000,9999.000,9999.000,9999.000,9999.000,9999.000
202605301630,   0.298,9999.000,9999.000,9999.000,9999.000,9999.000,9999.000,9999.000,9999.000
202605301636,   0.264,9999.000,9999.000,9999.000,9999.000,9999.000,9999.000,9999.000,9999.000
202605301642,   0.232,9999.000,9999.000,9999.000,9999.000,9999.000,9999.000,9999.000,9999.000
202605301648,   0.202,9999.000,9999.000,9999.000,9999.000,9999.000,9999.000,9999.000,9999.000
202605301654,   0.175,9999.000,9999.000,9999.000,9999.000,9999.000,9999.000,9999.000,9999.000
202605301700,   0.150,9999.000,   0.900,   0.674,   1.724,   0.800,   1.624,   1.100,   1.924
202605301706,   0.127,9999.000,9999.000,9999.000,9999.000,9999.000,9999.000,9999.000,9999.000
202605301712,   0.107,9999.000,9999.000,9999.000,9999.000,9999.000,9999.000,9999.000,9999.000
202605301718,   0.090,9999.000,9999.000,9999.000,9999.000,9999.000,9999.000,9999.000,9999.000
202605301724,   0.075,9999.000,9999.000,9999.000,9999.000,9999.000,9999.000,9999.000,9999.000
202605301730,   0.063,9999.000,9999.000,9999.000,9999.000,9999.000,9999.000,9999.000,9999.000
202605301736,   0.054,9999.000,9999.000,9999.000,9999.000,9999.000,9999.000,9999.000,9999.000
202605301742,   0.048,9999.000,9999.000,9999.000,9999.000,9999.000,9999.000,9999.000,9999.000
202605301748,   0.044,9999.000,9999.000,9999.000,9999.000,9999.000,9999.000,9999.000,9999.000
202605301754,   0.044,9999.000,9999.000,9999.000,9999.000,9999.000,9999.000,9999.000,9999.000
202605301800,   0.046,9999.000,   1.000,   0.539,   1.585,   0.900,   1.485,   1.100,   1.685
202605301806,   0.052,9999.000,9999.000,9999.000,9999.000,9999.000,9999.000,9999.000,9999.000
202605301812,   0.061,9999.000,9999.000,9999.000,9999.000,9999.000,9999.000,9999.000,9999.000
202605301818,   0.072,9999.000,9999.000,9999.000,9999.000,9999.000,9999.000,9999.000,9999.000
202605301824,   0.087,9999.000,9999.000,9999.000,9999.000,9999.000,9999.000,9999.000,9999.000
202605301830,   0.105,9999.000,9999.000,9999.000,9999.000,9999.000,9999.000,9999.000,9999.000
202605301836,   0.125,9999.000,9999.000,9999.000,9999.000,9999.000,9999.000,9999.000,9999.000
202605301842,   0.149,9999.000,9999.000,9999.000,9999.000,9999.000,9999.000,9999.000,9999.000
202605301848,   0.175,9999.000,9999.000,9999.000,9999.000,9999.000,9999.000,9999.000,9999.000
202605301854,   0.204,9999.000,9999.000,9999.000,9999.000,9999.000,9999.000,9999.000,9999.000
202605301900,   0.236,9999.000,   1.000,   0.306,   1.542,   0.900,   1.442,   1.100,   1.642
202605301906,   0.271,9999.000,9999.000,9999.000,9999.000,9999.000,9999.000,9999.000,9999.000
202605301912,   0.308,9999.000,9999.000,9999.000,9999.000,9999.000,9999.000,9999.000,9999.000
202605301918,   0.348,9999.000,9999.000,9999.000,9999.000,9999.000,9999.000,9999.000,9999.000
202605301924,   0.390,9999.000,9999.000,9999.000,9999.000,9999.000,9999.000,9999.000,9999.000
202605301930,   0.435,9999.000,9999.000,9999.000,9999.000,9999.000,9999.000,9999.000,9999.000
202605301936,   0.482,9999.000,9999.000,9999.000,9999.000,9999.000,9999.000,9999.000,9999.000
202605301942,   0.530,9999.000,9999.000,9999.000,9999.000,9999.000,9999.000,9999.000,9999.000
202605301948,   0.581,9999.000,9999.000,9999.000,9999.000,9999.000,9999.000,9999.000,9999.000
202605301954,   0.634,9999.000,9999.000,9999.000,9999.000,9999.000,9999.000,9999.000,9999.000
202605302000,   0.689,9999.000,   1.000,   0.075,   1.764,   0.900,   1.664,   1.100,   1.864
202605302006,   0.745,9999.000,9999.000,9999.000,9999.000,9999.000,9999.000,9999.000,9999.000
202605302012,   0.803,9999.000,9999.000,9999.000,9999.000,9999.000,9999.000,9999.000,9999.000
202605302018,   0.862,9999.000,9999.000,9999.000,9999.000,9999.000,9999.000,9999.000,9999.000
202605302024,   0.922,9999.000,9999.000,9999.000,9999.000,9999.000,9999.000,9999.000,9999.000
202605302030,   0.983,9999.000,9999.000,9999.000,9999.000,9999.000,9999.000,9999.000,9999.000
202605302036,   1.045,9999.000,9999.000,9999.000,9999.000,9999.000,9999.000,9999.000,9999.000
202605302042,   1.108,9999.000,9999.000,9999.000,9999.000,9999.000,9999.000,9999.000,9999.000
202605302048,   1.172,9999.000,9999.000,9999.000,9999.000,9999.000,9999.000,9999.000,9999.000
202605302054,   1.236,9999.000,9999.000,9999.000,9999.000,9999.000,9999.000,9999.000,9999.000
202605302100,   1.300,9999.000,   1.000,  -0.077,   2.223,   0.900,   2.123,   1.100,   2.323
202605302106,   1.365,9999.000,9999.000,9999.000,9999.000,9999.000,9999.000,9999.000,9999.000
202605302112,   1.430,9999.000,9999.000,9999.000,9999.000,9999.000,9999.000,9999.000,9999.000
202605302118,   1.494,9999.000,9999.000,9999.000,9999.000,9999.000,9999.000,9999.000,9999.000
202605302124,   1.558,9999.000,9999.000,9999.000,9999.000,9999.000,9999.000,9999.000,9999.000
202605302130,   1.622,9999.000,9999.000,9999.000,9999.000,9999.000,9999.000,9999.000,9999.000
202605302136,   1.685,9999.000,9999.000,9999.000,9999.000,9999.000,9999.000,9999.000,9999.000
202605302142,   1.747,9999.000,9999.000,9999.000,9999.000,9999.000,9999.000,9999.000,9999.000
202605302148,   1.809,9999.000,9999.000,9999.000,9999.000,9999.000,9999.000,9999.000,9999.000
202605302154,   1.869,9999.000,9999.000,9999.000,9999.000,9999.000,9999.000,9999.000,9999.000
202605302200,   1.929,9999.000,   1.000,  -0.135,   2.794,   1.000,   2.794,   1.100,   2.894
202605302206,   1.987,9999.000,9999.000,9999.000,9999.000,9999.000,9999.000,9999.000,9999.000
202605302212,   2.044,9999.000,9999.000,9999.000,9999.000,9999.000,9999.000,9999.000,9999.000
202605302218,   2.099,9999.000,9999.000,9999.000,9999.000,9999.000,9999.000,9999.000,9999.000
202605302224,   2.152,9999.000,9999.000,9999.000,9999.000,9999.000,9999.000,9999.000,9999.000
202605302230,   2.204,9999.000,9999.000,9999.000,9999.000,9999.000,9999.000,9999.000,9999.000
202605302236,   2.254,9999.000,9999.000,9999.000,9999.000,9999.000,9999.000,9999.000,9999.000
202605302242,   2.302,9999.000,9999.000,9999.000,9999.000,9999.000,9999.000,9999.000,9999.000
202605302248,   2.348,9999.000,9999.000,9999.000,9999.000,9999.000,9999.000,9999.000,9999.000
202605302254,   2.391,9999.000,9999.000,9999.000,9999.000,9999.000,9999.000,9999.000,9999.000
202605302300,   2.433,9999.000,   1.000,  -0.112,   3.321,   0.900,   3.221,   1.200,   3.521
202605302306,   2.472,9999.000,9999.000,9999.000,9999.000,9999.000,9999.000,9999.000,9999.000
202605302312,   2.508,9999.000,9999.000,9999.000,9999.000,9999.000,9999.000,9999.000,9999.000
202605302318,   2.542,9999.000,9999.000,9999.000,9999.000,9999.000,9999.000,9999.000,9999.000
202605302324,   2.574,9999.000,9999.000,9999.000,9999.000,9999.000,9999.000,9999.000,9999.000
202605302330,   2.603,9999.000,9999.000,9999.000,9999.000,9999.000,9999.000,9999.000,9999.000
202605302336,   2.629,9999.000,9999.000,9999.000,9999.000,9999.000,9999.000,9999.000,9999.000
202605302342,   2.652,9999.000,9999.000,9999.000,9999.000,9999.000,9999.000,9999.000,9999.000
202605302348,   2.673,9999.000,9999.000,9999.000,9999.000,9999.000,9999.000,9999.000,9999.000
202605302354,   2.690,9999.000,9999.000,9999.000,9999.000,9999.000,9999.000,9999.000,9999.000
202605310000,   2.705,9999.000,   1.100,  -0.012,   3.793,   0.900,   3.593,   1.200,   3.893
202605310006,   2.717,9999.000,9999.000,9999.000,9999.000,9999.000,9999.000,9999.000,9999.000
202605310012,   2.726,9999.000,9999.000,9999.000,9999.000,9999.000,9999.000,9999.000,9999.000
202605310018,   2.732,9999.000,9999.000,9999.000,9999.000,9999.000,9999.000,9999.000,9999.000
202605310024,   2.735,9999.000,9999.000,9999.000,9999.000,9999.000,9999.000,9999.000,9999.000
202605310030,   2.735,9999.000,9999.000,9999.000,9999.000,9999.000,9999.000,9999.000,9999.000
202605310036,   2.732,9999.000,9999.000,9999.000,9999.000,9999.000,9999.000,9999.000,9999.000
202605310042,   2.727,9999.000,9999.000,9999.000,9999.000,9999.000,9999.000,9999.000,9999.000
202605310048,   2.718,9999.000,9999.000,9999.000,9999.000,9999.000,9999.000,9999.000,9999.000
202605310054,   2.706,9999.000,9999.000,9999.000,9999.000,9999.000,9999.000,9999.000,9999.000
202605310100,   2.692,9999.000,   1.100,   0.160,   3.952,   1.000,   3.852,   1.200,   4.052
202605310106,   2.674,9999.000,9999.000,9999.000,9999.000,9999.000,9999.000,9999.000,9999.000
202605310112,   2.654,9999.000,9999.000,9999.000,9999.000,9999.000,9999.000,9999.000,9999.000
202605310118,   2.631,9999.000,9999.000,9999.000,9999.000,9999.000,9999.000,9999.000,9999.000
202605310124,   2.605,9999.000,9999.000,9999.000,9999.000,9999.000,9999.000,9999.000,9999.000
202605310130,   2.577,9999.000,9999.000,9999.000,9999.000,9999.000,9999.000,9999.000,9999.000
202605310136,   2.546,9999.000,9999.000,9999.000,9999.000,9999.000,9999.000,9999.000,9999.000
202605310142,   2.512,9999.000,9999.000,9999.000,9999.000,9999.000,9999.000,9999.000,9999.000
202605310148,   2.476,9999.000,9999.000,9999.000,9999.000,9999.000,9999.000,9999.000,9999.000
202605310154,   2.437,9999.000,9999.000,9999.000,9999.000,9999.000,9999.000,9999.000,9999.000
202605310200,   2.397,9999.000,   1.100,   0.374,   3.871,   1.000,   3.771,   1.300,   4.071
202605310206,   2.354,9999.000,9999.000,9999.000,9999.000,9999.000,9999.000,9999.000,9999.000
202605310212,   2.309,9999.000,9999.000,9999.000,9999.000,9999.000,9999.000,9999.000,9999.000
202605310218,   2.262,9999.000,9999.000,9999.000,9999.000,9999.000,9999.000,9999.000,9999.000
202605310224,   2.213,9999.000,9999.000,9999.000,9999.000,9999.000,9999.000,9999.000,9999.000
202605310230,   2.162,9999.000,9999.000,9999.000,9999.000,9999.000,9999.000,9999.000,9999.000
202605310236,   2.109,9999.000,9999.000,9999.000,9999.000,9999.000,9999.000,9999.000,9999.000
202605310242,   2.056,9999.000,9999.000,9999.000,9999.000,9999.000,9999.000,9999.000,9999.000
202605310248,   2.000,9999.000,9999.000,9999.000,9999.000,9999.000,9999.000,9999.000,9999.000
202605310254,   1.943,9999.000,9999.000,9999.000,9999.000,9999.000,9999.000,9999.000,9999.000
202605310300,   1.886,9999.000,   1.200,   0.587,   3.673,   1.000,   3.473,   1.400,   3.873
202605310306,   1.827,9999.000,9999.000,9999.000,9999.000,9999.000,9999.000,9999.000,9999.000
202605310312,   1.767,9999.000,9999.000,9999.000,9999.000,9999.000,9999.000,9999.000,9999.000
202605310318,   1.706,9999.000,9999.000,9999.000,9999.000,9999.000,9999.000,9999.000,9999.000
202605310324,   1.645,9999.000,9999.000,9999.000,9999.000,9999.000,9999.000,9999.000,9999.000
202605310330,   1.584,9999.000,9999.000,9999.000,9999.000,9999.000,9999.000,9999.000,9999.000
202605310336,   1.522,9999.000,9999.000,9999.000,9999.000,9999.000,9999.000,9999.000,9999.000
202605310342,   1.460,9999.000,9999.000,9999.000,9999.000,9999.000,9999.000,9999.000,9999.000
202605310348,   1.397,9999.000,9999.000,9999.000,9999.000,9999.000,9999.000,9999.000,9999.000
202605310354,   1.336,9999.000,9999.000,9999.000,9999.000,9999.000,9999.000,9999.000,9999.000
202605310400,   1.274,9999.000,   1.200,   0.747,   3.221,   1.000,   3.021,   1.400,   3.421
202605310406,   1.213,9999.000,9999.000,9999.000,9999.000,9999.000,9999.000,9999.000,9999.000
202605310412,   1.152,9999.000,9999.000,9999.000,9999.000,9999.000,9999.000,9999.000,9999.000
202605310418,   1.092,9999.000,9999.000,9999.000,9999.000,9999.000,9999.000,9999.000,9999.000
202605310424,   1.033,9999.000,9999.000,9999.000,9999.000,9999.000,9999.000,9999.000,9999.000
202605310430,   0.975,9999.000,9999.000,9999.000,9999.000,9999.000,9999.000,9999.000,9999.000
202605310436,   0.919,9999.000,9999.000,9999.000,9999.000,9999.000,9999.000,9999.000,9999.000
202605310442,   0.863,9999.000,9999.000,9999.000,9999.000,9999.000,9999.000,9999.000,9999.000
202605310448,   0.809,9999.000,9999.000,9999.000,9999.000,9999.000,9999.000,9999.000,9999.000
202605310454,   0.757,9999.000,9999.000,9999.000,9999.000,9999.000,9999.000,9999.000,9999.000
202605310500,   0.706,9999.000,   1.200,   0.806,   2.712,   1.000,   2.512,   1.500,   3.012
202605310506,   0.657,9999.000,9999.000,9999.000,9999.000,9999.000,9999.000,9999.000,9999.000
202605310512,   0.610,9999.000,9999.000,9999.000,9999.000,9999.000,9999.000,9999.000,9999.000
202605310518,   0.566,9999.000,9999.000,9999.000,9999.000,9999.000,9999.000,9999.000,9999.000
202605310524,   0.523,9999.000,9999.000,9999.000,9999.000,9999.000,9999.000,9999.000,9999.000
202605310530,   0.483,9999.000,9999.000,9999.000,9999.000,9999.000,9999.000,9999.000,9999.000
202605310536,   0.445,9999.000,9999.000,9999.000,9999.000,9999.000,9999.000,9999.000,9999.000
202605310542,   0.409,9999.000,9999.000,9999.000,9999.000,9999.000,9999.000,9999.000,9999.000
202605310548,   0.376,9999.000,9999.000,9999.000,9999.000,9999.000,9999.000,9999.000,9999.000
202605310554,   0.346,9999.000,9999.000,9999.000,9999.000,9999.000,9999.000,9999.000,9999.000
202605310600,   0.318,9999.000,   1.200,   0.746,   2.264,   1.000,   2.064,   1.400,   2.464
202605310606,   0.293,9999.000,9999.000,9999.000,9999.000,9999.000,9999.000,9999.000,9999.000
202605310612,   0.271,9999.000,9999.000,9999.000,9999.000,9999.000,9999.000,9999.000,9999.000
202605310618,   0.252,9999.000,9999.000,9999.000,9999.000,9999.000,9999.000,9999.000,9999.000
202605310624,   0.235,9999.000,9999.000,9999.000,9999.000,9999.000,9999.000,9999.000,9999.000
202605310630,   0.221,9999.000,9999.000,9999.000,9999.000,9999.000,9999.000,9999.000,9999.000
202605310636,   0.211,9999.000,9999.000,9999.000,9999.000,9999.000,9999.000,9999.000,9999.000
202605310642,   0.203,9999.000,9999.000,9999.000,9999.000,9999.000,9999.000,9999.000,9999.000
202605310648,   0.198,9999.000,9999.000,9999.000,9999.000,9999.000,9999.000,9999.000,9999.000
202605310654,   0.195,9999.000,9999.000,9999.000,9999.000,9999.000,9999.000,9999.000,9999.000
202605310700,   0.196,9999.000,   1.200,   0.591,   1.987,   1.000,   1.787,   1.400,   2.187
202605310706,   0.200,9999.000,9999.000,9999.000,9999.000,9999.000,9999.000,9999.000,9999.000
202605310712,   0.206,9999.000,9999.000,9999.000,9999.000,9999.000,9999.000,9999.000,9999.000
202605310718,   0.215,9999.000,9999.000,9999.000,9999.000,9999.000,9999.000,9999.000,9999.000
202605310724,   0.227,9999.000,9999.000,9999.000,9999.000,9999.000,9999.000,9999.000,9999.000
202605310730,   0.241,9999.000,9999.000,9999.000,9999.000,9999.000,9999.000,9999.000,9999.000
202605310736,   0.258,9999.000,9999.000,9999.000,9999.000,9999.000,9999.000,9999.000,9999.000
202605310742,   0.277,9999.000,9999.000,9999.000,9999.000,9999.000,9999.000,9999.000,9999.000
202605310748,   0.299,9999.000,9999.000,9999.000,9999.000,9999.000,9999.000,9999.000,9999.000
202605310754,   0.323,9999.000,9999.000,9999.000,9999.000,9999.000,9999.000,9999.000,9999.000
202605310800,   0.349,9999.000,   1.200,   0.400,   1.949,   1.000,   1.749,   1.400,   2.149
202605310806,   0.377,9999.000,9999.000,9999.000,9999.000,9999.000,9999.000,9999.000,9999.000
202605310812,   0.408,9999.000,9999.000,9999.000,9999.000,9999.000,9999.000,9999.000,9999.000
202605310818,   0.440,9999.000,9999.000,9999.000,9999.000,9999.000,9999.000,9999.000,9999.000
202605310824,   0.474,9999.000,9999.000,9999.000,9999.000,9999.000,9999.000,9999.000,9999.000
202605310830,   0.509,9999.000,9999.000,9999.000,9999.000,9999.000,9999.000,9999.000,9999.000
202605310836,   0.547,9999.000,9999.000,9999.000,9999.000,9999.000,9999.000,9999.000,9999.000
202605310842,   0.585,9999.000,9999.000,9999.000,9999.000,9999.000,9999.000,9999.000,9999.000
202605310848,   0.625,9999.000,9999.000,9999.000,9999.000,9999.000,9999.000,9999.000,9999.000
202605310854,   0.666,9999.000,9999.000,9999.000,9999.000,9999.000,9999.000,9999.000,9999.000
202605310900,   0.708,9999.000,   1.200,   0.231,   2.139,   1.000,   1.939,   1.400,   2.339
202605310906,   0.750,9999.000,9999.000,9999.000,9999.000,9999.000,9999.000,9999.000,9999.000
202605310912,   0.794,9999.000,9999.000,9999.000,9999.000,9999.000,9999.000,9999.000,9999.000
202605310918,   0.838,9999.000,9999.000,9999.000,9999.000,9999.000,9999.000,9999.000,9999.000
202605310924,   0.882,9999.000,9999.000,9999.000,9999.000,9999.000,9999.000,9999.000,9999.000
202605310930,   0.927,9999.000,9999.000,9999.000,9999.000,9999.000,9999.000,9999.000,9999.000
202605310936,   0.972,9999.000,9999.000,9999.000,9999.000,9999.000,9999.000,9999.000,9999.000
202605310942,   1.017,9999.000,9999.000,9999.000,9999.000,9999.000,9999.000,9999.000,9999.000
202605310948,   1.061,9999.000,9999.000,9999.000,9999.000,9999.000,9999.000,9999.000,9999.000
202605310954,   1.106,9999.000,9999.000,9999.000,9999.000,9999.000,9999.000,9999.000,9999.000
202605311000,   1.150,9999.000,   1.200,   0.134,   2.484,   1.000,   2.284,   1.400,   2.684
202605311006,   1.194,9999.000,9999.000,9999.000,9999.000,9999.000,9999.000,9999.000,9999.000
202605311012,   1.237,9999.000,9999.000,9999.000,9999.000,9999.000,9999.000,9999.000,9999.000
202605311018,   1.279,9999.000,9999.000,9999.000,9999.000,9999.000,9999.000,9999.000,9999.000
202605311024,   1.320,9999.000,9999.000,9999.000,9999.000,9999.000,9999.000,9999.000,9999.000
202605311030,   1.361,9999.000,9999.000,9999.000,9999.000,9999.000,9999.000,9999.000,9999.000
202605311036,   1.400,9999.000,9999.000,9999.000,9999.000,9999.000,9999.000,9999.000,9999.000
202605311042,   1.438,9999.000,9999.000,9999.000,9999.000,9999.000,9999.000,9999.000,9999.000
202605311048,   1.474,9999.000,9999.000,9999.000,9999.000,9999.000,9999.000,9999.000,9999.000
202605311054,   1.510,9999.000,9999.000,9999.000,9999.000,9999.000,9999.000,9999.000,9999.000
202605311100,   1.543,9999.000,   1.200,   0.134,   2.877,   1.000,   2.677,   1.300,   2.977
202605311106,   1.575,9999.000,9999.000,9999.000,9999.000,9999.000,9999.000,9999.000,9999.000
202605311112,   1.606,9999.000,9999.000,9999.000,9999.000,9999.000,9999.000,9999.000,9999.000
202605311118,   1.634,9999.000,9999.000,9999.000,9999.000,9999.000,9999.000,9999.000,9999.000
202605311124,   1.661,9999.000,9999.000,9999.000,9999.000,9999.000,9999.000,9999.000,9999.000
202605311130,   1.686,9999.000,9999.000,9999.000,9999.000,9999.000,9999.000,9999.000,9999.000
202605311136,   1.709,9999.000,9999.000,9999.000,9999.000,9999.000,9999.000,9999.000,9999.000
202605311142,   1.729,9999.000,9999.000,9999.000,9999.000,9999.000,9999.000,9999.000,9999.000
202605311148,   1.748,9999.000,9999.000,9999.000,9999.000,9999.000,9999.000,9999.000,9999.000
202605311154,   1.764,9999.000,9999.000,9999.000,9999.000,9999.000,9999.000,9999.000,9999.000
202605311200,   1.779,9999.000,   1.200,   0.211,   3.190,   1.000,   2.990,   1.300,   3.290
202605311206,   1.791,9999.000,9999.000,9999.000,9999.000,9999.000,9999.000,9999.000,9999.000
202605311212,   1.801,9999.000,9999.000,9999.000,9999.000,9999.000,9999.000,9999.000,9999.000
202605311218,   1.808,9999.000,9999.000,9999.000,9999.000,9999.000,9999.000,9999.000,9999.000
202605311224,   1.813,9999.000,9999.000,9999.000,9999.000,9999.000,9999.000,9999.000,9999.000
202605311230,   1.816,9999.000,9999.000,9999.000,9999.000,9999.000,9999.000,9999.000,9999.000
202605311236,   1.817,9999.000,9999.000,9999.000,9999.000,9999.000,9999.000,9999.000,9999.000
202605311242,   1.815,9999.000,9999.000,9999.000,9999.000,9999.000,9999.000,9999.000,9999.000
202605311248,   1.811,9999.000,9999.000,9999.000,9999.000,9999.000,9999.000,9999.000,9999.000
202605311254,   1.804,9999.000,9999.000,9999.000,9999.000,9999.000,9999.000,9999.000,9999.000
202605311300,   1.796,9999.000,   1.100,   0.310,   3.206,   1.000,   3.106,   1.300,   3.406
202605311306,   1.784,9999.000,9999.000,9999.000,9999.000,9999.000,9999.000,9999.000,9999.000
202605311312,   1.771,9999.000,9999.000,9999.000,9999.000,9999.000,9999.000,9999.000,9999.000
202605311318,   1.756,9999.000,9999.000,9999.000,9999.000,9999.000,9999.000,9999.000,9999.000
202605311324,   1.738,9999.000,9999.000,9999.000,9999.000,9999.000,9999.000,9999.000,9999.000
202605311330,   1.718,9999.000,9999.000,9999.000,9999.000,9999.000,9999.000,9999.000,9999.000
202605311336,   1.696,9999.000,9999.000,9999.000,9999.000,9999.000,9999.000,9999.000,9999.000
202605311342,   1.672,9999.000,9999.000,9999.000,9999.000,9999.000,9999.000,9999.000,9999.000
202605311348,   1.646,9999.000,9999.000,9999.000,9999.000,9999.000,9999.000,9999.000,9999.000
202605311354,   1.618,9999.000,9999.000,9999.000,9999.000,9999.000,9999.000,9999.000,9999.000
202605311400,   1.588,9999.000,   1.100,   0.404,   3.092,   1.000,   2.992,   1.300,   3.292
202605311406,   1.557,9999.000,9999.000,9999.000,9999.000,9999.000,9999.000,9999.000,9999.000
202605311412,   1.524,9999.000,9999.000,9999.000,9999.000,9999.000,9999.000,9999.000,9999.000
202605311418,   1.489,9999.000,9999.000,9999.000,9999.000,9999.000,9999.000,9999.000,9999.000
202605311424,   1.452,9999.000,9999.000,9999.000,9999.000,9999.000,9999.000,9999.000,9999.000
202605311430,   1.415,9999.000,9999.000,9999.000,9999.000,9999.000,9999.000,9999.000,9999.000
202605311436,   1.375,9999.000,9999.000,9999.000,9999.000,9999.000,9999.000,9999.000,9999.000
202605311442,   1.335,9999.000,9999.000,9999.000,9999.000,9999.000,9999.000,9999.000,9999.000
202605311448,   1.293,9999.000,9999.000,9999.000,9999.000,9999.000,9999.000,9999.000,9999.000
202605311454,   1.251,9999.000,9999.000,9999.000,9999.000,9999.000,9999.000,9999.000,9999.000
202605311500,   1.207,9999.000,   1.100,   0.514,   2.821,   0.900,   2.621,   1.200,   2.921
202605311506,   1.163,9999.000,9999.000,9999.000,9999.000,9999.000,9999.000,9999.000,9999.000
202605311512,   1.118,9999.000,9999.000,9999.000,9999.000,9999.000,9999.000,9999.000,9999.000
202605311518,   1.072,9999.000,9999.000,9999.000,9999.000,9999.000,9999.000,9999.000,9999.000
202605311524,   1.026,9999.000,9999.000,9999.000,9999.000,9999.000,9999.000,9999.000,9999.000
202605311530,   0.980,9999.000,9999.000,9999.000,9999.000,9999.000,9999.000,9999.000,9999.000
202605311536,   0.934,9999.000,9999.000,9999.000,9999.000,9999.000,9999.000,9999.000,9999.000
202605311542,   0.887,9999.000,9999.000,9999.000,9999.000,9999.000,9999.000,9999.000,9999.000
202605311548,   0.841,9999.000,9999.000,9999.000,9999.000,9999.000,9999.000,9999.000,9999.000
202605311554,   0.795,9999.000,9999.000,9999.000,9999.000,9999.000,9999.000,9999.000,9999.000
202605311600,   0.749,9999.000,   1.100,   0.634,   2.483,   0.900,   2.283,   1.200,   2.583
202605311606,   0.703,9999.000,9999.000,9999.000,9999.000,9999.000,9999.000,9999.000,9999.000
202605311612,   0.659,9999.000,9999.000,9999.000,9999.000,9999.000,9999.000,9999.000,9999.000
202605311618,   0.615,9999.000,9999.000,9999.000,9999.000,9999.000,9999.000,9999.000,9999.000
202605311624,   0.572,9999.000,9999.000,9999.000,9999.000,9999.000,9999.000,9999.000,9999.000
202605311630,   0.530,9999.000,9999.000,9999.000,9999.000,9999.000,9999.000,9999.000,9999.000
202605311636,   0.489,9999.000,9999.000,9999.000,9999.000,9999.000,9999.000,9999.000,9999.000
202605311642,   0.449,9999.000,9999.000,9999.000,9999.000,9999.000,9999.000,9999.000,9999.000
202605311648,   0.411,9999.000,9999.000,9999.000,9999.000,9999.000,9999.000,9999.000,9999.000
202605311654,   0.375,9999.000,9999.000,9999.000,9999.000,9999.000,9999.000,9999.000,9999.000
202605311700,   0.340,9999.000,   1.000,   0.692,   2.032,   0.900,   1.932,   1.200,   2.232
202605311706,   0.307,9999.000,9999.000,9999.000,9999.000,9999.000,9999.000,9999.000,9999.000
202605311712,   0.276,9999.000,9999.000,9999.000,9999.000,9999.000,9999.000,9999.000,9999.000
202605311718,   0.246,9999.000,9999.000,9999.000,9999.000,9999.000,9999.000,9999.000,9999.000
202605311724,   0.219,9999.000,9999.000,9999.000,9999.000,9999.000,9999.000,9999.000,9999.000
202605311730,   0.195,9999.000,9999.000,9999.000,9999.000,9999.000,9999.000,9999.000,9999.000
202605311736,   0.172,9999.000,9999.000,9999.000,9999.000,9999.000,9999.000,9999.000,9999.000
202605311742,   0.152,9999.000,9999.000,9999.000,9999.000,9999.000,9999.000,9999.000,9999.000
202605311748,   0.134,9999.000,9999.000,9999.000,9999.000,9999.000,9999.000,9999.000,9999.000
202605311754,   0.119,9999.000,9999.000,9999.000,9999.000,9999.000,9999.000,9999.000,9999.000
202605311800,   0.107,9999.000,   1.000,   0.607,   1.714,   0.900,   1.614,   1.200,   1.914
202605311806,   0.097,9999.000,9999.000,9999.000,9999.000,9999.000,9999.000,9999.000,9999.000
202605311812,   0.090,9999.000,9999.000,9999.000,9999.000,9999.000,9999.000,9999.000,9999.000
202605311818,   0.086,9999.000,9999.000,9999.000,9999.000,9999.000,9999.000,9999.000,9999.000
202605311824,   0.085,9999.000,9999.000,9999.000,9999.000,9999.000,9999.000,9999.000,9999.000
202605311830,   0.086,9999.000,9999.000,9999.000,9999.000,9999.000,9999.000,9999.000,9999.000
202605311836,   0.091,9999.000,9999.000,9999.000,9999.000,9999.000,9999.000,9999.000,9999.000
202605311842,   0.098,9999.000,9999.000,9999.000,9999.000,9999.000,9999.000,9999.000,9999.000
202605311848,   0.109,9999.000,9999.000,9999.000,9999.000,9999.000,9999.000,9999.000,9999.000
202605311854,   0.122,9999.000,9999.000,9999.000,9999.000,9999.000,9999.000,9999.000,9999.000
202605311900,   0.138,9999.000,   1.000,   0.391,   1.529,   0.900,   1.429,   1.200,   1.729
202605311906,   0.157,9999.000,9999.000,9999.000,9999.000,9999.000,9999.000,9999.000,9999.000
202605311912,   0.179,9999.000,9999.000,9999.000,9999.000,9999.000,9999.000,9999.000,9999.000
202605311918,   0.203,9999.000,9999.000,9999.000,9999.000,9999.000,9999.000,9999.000,9999.000
202605311924,   0.231,9999.000,9999.000,9999.000,9999.000,9999.000,9999.000,9999.000,9999.000
202605311930,   0.261,9999.000,9999.000,9999.000,9999.000,9999.000,9999.000,9999.000,9999.000
202605311936,   0.294,9999.000,9999.000,9999.000,9999.000,9999.000,9999.000,9999.000,9999.000
202605311942,   0.329,9999.000,9999.000,9999.000,9999.000,9999.000,9999.000,9999.000,9999.000
202605311948,   0.367,9999.000,9999.000,9999.000,9999.000,9999.000,9999.000,9999.000,9999.000
202605311954,   0.408,9999.000,9999.000,9999.000,9999.000,9999.000,9999.000,9999.000,9999.000
202605312000,   0.451,9999.000,   1.000,   0.150,   1.601,   0.900,   1.501,   1.100,   1.701
202605312006,   0.496,9999.000,9999.000,9999.000,9999.000,9999.000,9999.000,9999.000,9999.000
202605312012,   0.543,9999.000,9999.000,9999.000,9999.000,9999.000,9999.000,9999.000,9999.000
202605312018,   0.592,9999.000,9999.000,9999.000,9999.000,9999.000,9999.000,9999.000,9999.000
202605312024,   0.643,9999.000,9999.000,9999.000,9999.000,9999.000,9999.000,9999.000,9999.000
202605312030,   0.696,9999.000,9999.000,9999.000,9999.000,9999.000,9999.000,9999.000,9999.000
202605312036,   0.751,9999.000,9999.000,9999.000,9999.000,9999.000,9999.000,9999.000,9999.000
202605312042,   0.807,9999.000,9999.000,9999.000,9999.000,9999.000,9999.000,9999.000,9999.000
202605312048,   0.864,9999.000,9999.000,9999.000,9999.000,9999.000,9999.000,9999.000,9999.000
202605312054,   0.923,9999.000,9999.000,9999.000,9999.000,9999.000,9999.000,9999.000,9999.000
202605312100,   0.983,9999.000,   1.000,  -0.026,   1.957,   0.900,   1.857,   1.100,   2.057
202605312106,   1.044,9999.000,9999.000,9999.000,9999.000,9999.000,9999.000,9999.000,9999.000
202605312112,   1.105,9999.000,9999.000,9999.000,9999.000,9999.000,9999.000,9999.000,9999.000
202605312118,   1.168,9999.000,9999.000,9999.000,9999.000,9999.000,9999.000,9999.000,9999.000
202605312124,   1.231,9999.000,9999.000,9999.000,9999.000,9999.000,9999.000,9999.000,9999.000
202605312130,   1.294,9999.000,9999.000,9999.000,9999.000,9999.000,9999.000,9999.000,9999.000
202605312136,   1.357,9999.000,9999.000,9999.000,9999.000,9999.000,9999.000,9999.000,9999.000
202605312142,   1.421,9999.000,9999.000,9999.000,9999.000,9999.000,9999.000,9999.000,9999.000
202605312148,   1.484,9999.000,9999.000,9999.000,9999.000,9999.000,9999.000,9999.000,9999.000
202605312154,   1.547,9999.000,9999.000,9999.000,9999.000,9999.000,9999.000,9999.000,9999.000
202605312200,   1.610,9999.000,   1.000,  -0.116,   2.494,   0.900,   2.394,   1.100,   2.594
202605312206,   1.672,9999.000,9999.000,9999.000,9999.000,9999.000,9999.000,9999.000,9999.000
202605312212,   1.734,9999.000,9999.000,9999.000,9999.000,9999.000,9999.000,9999.000,9999.000
202605312218,   1.794,9999.000,9999.000,9999.000,9999.000,9999.000,9999.000,9999.000,9999.000
202605312224,   1.854,9999.000,9999.000,9999.000,9999.000,9999.000,9999.000,9999.000,9999.000
202605312230,   1.913,9999.000,9999.000,9999.000,9999.000,9999.000,9999.000,9999.000,9999.000
202605312236,   1.970,9999.000,9999.000,9999.000,9999.000,9999.000,9999.000,9999.000,9999.000
202605312242,   2.026,9999.000,9999.000,9999.000,9999.000,9999.000,9999.000,9999.000,9999.000
202605312248,   2.080,9999.000,9999.000,9999.000,9999.000,9999.000,9999.000,9999.000,9999.000
202605312254,   2.133,9999.000,9999.000,9999.000,9999.000,9999.000,9999.000,9999.000,9999.000
202605312300,   2.184,9999.000,   1.000,  -0.134,   3.050,   0.900,   2.950,   1.100,   3.150
202605312306,   2.234,9999.000,9999.000,9999.000,9999.000,9999.000,9999.000,9999.000,9999.000
202605312312,   2.281,9999.000,9999.000,9999.000,9999.000,9999.000,9999.000,9999.000,9999.000
202605312318,   2.326,9999.000,9999.000,9999.000,9999.000,9999.000,9999.000,9999.000,9999.000
202605312324,   2.369,9999.000,9999.000,9999.000,9999.000,9999.000,9999.000,9999.000,9999.000
202605312330,   2.410,9999.000,9999.000,9999.000,9999.000,9999.000,9999.000,9999.000,9999.000
202605312336,   2.448,9999.000,9999.000,9999.000,9999.000,9999.000,9999.000,9999.000,9999.000
202605312342,   2.484,9999.000,9999.000,9999.000,9999.000,9999.000,9999.000,9999.000,9999.000
202605312348,   2.517,9999.000,9999.000,9999.000,9999.000,9999.000,9999.000,9999.000,9999.000
202605312354,   2.548,9999.000,9999.000,9999.000,9999.000,9999.000,9999.000,9999.000,9999.000
202606010000,   2.577,9999.000,   0.900,  -0.085,   3.392,   0.800,   3.292,   1.000,   3.492
202606010006,   2.602,9999.000,9999.000,9999.000,9999.000,9999.000,9999.000,9999.000,9999.000
202606010012,   2.625,9999.000,9999.000,9999.000,9999.000,9999.000,9999.000,9999.000,9999.000
202606010018,   2.645,9999.000,9999.000,9999.000,9999.000,9999.000,9999.000,9999.000,9999.000
202606010024,   2.662,9999.000,9999.000,9999.000,9999.000,9999.000,9999.000,9999.000,9999.000
202606010030,   2.677,9999.000,9999.000,9999.000,9999.000,9999.000,9999.000,9999.000,9999.000
202606010036,   2.688,9999.000,9999.000,9999.000,9999.000,9999.000,9999.000,9999.000,9999.000
202606010042,   2.697,9999.000,9999.000,9999.000,9999.000,9999.000,9999.000,9999.000,9999.000
202606010048,   2.703,9999.000,9999.000,9999.000,9999.000,9999.000,9999.000,9999.000,9999.000
202606010054,   2.706,9999.000,9999.000,9999.000,9999.000,9999.000,9999.000,9999.000,9999.000
202606010100,   2.706,9999.000,   0.900,   0.042,   3.648,   0.800,   3.548,   1.000,   3.748
202606010106,   2.703,9999.000,9999.000,9999.000,9999.000,9999.000,9999.000,9999.000,9999.000
202606010112,   2.697,9999.000,9999.000,9999.000,9999.000,9999.000,9999.000,9999.000,9999.000
202606010118,   2.688,9999.000,9999.000,9999.000,9999.000,9999.000,9999.000,9999.000,9999.000
202606010124,   2.677,9999.000,9999.000,9999.000,9999.000,9999.000,9999.000,9999.000,9999.000
202606010130,   2.663,9999.000,9999.000,9999.000,9999.000,9999.000,9999.000,9999.000,9999.000
202606010136,   2.646,9999.000,9999.000,9999.000,9999.000,9999.000,9999.000,9999.000,9999.000
202606010142,   2.626,9999.000,9999.000,9999.000,9999.000,9999.000,9999.000,9999.000,9999.000
202606010148,   2.604,9999.000,9999.000,9999.000,9999.000,9999.000,9999.000,9999.000,9999.000
202606010154,   2.579,9999.000,9999.000,9999.000,9999.000,9999.000,9999.000,9999.000,9999.000
202606010200,   2.551,9999.000,   0.800,   0.244,   3.595,   0.700,   3.495,   1.000,   3.795
202606010206,   2.521,9999.000,9999.000,9999.000,9999.000,9999.000,9999.000,9999.000,9999.000
202606010212,   2.488,9999.000,9999.000,9999.000,9999.000,9999.000,9999.000,9999.000,9999.000
202606010218,   2.454,9999.000,9999.000,9999.000,9999.000,9999.000,9999.000,9999.000,9999.000
202606010224,   2.417,9999.000,9999.000,9999.000,9999.000,9999.000,9999.000,9999.000,9999.000
202606010230,   2.377,9999.000,9999.000,9999.000,9999.000,9999.000,9999.000,9999.000,9999.000
202606010236,   2.336,9999.000,9999.000,9999.000,9999.000,9999.000,9999.000,9999.000,9999.000
202606010242,   2.292,9999.000,9999.000,9999.000,9999.000,9999.000,9999.000,9999.000,9999.000
202606010248,   2.247,9999.000,9999.000,9999.000,9999.000,9999.000,9999.000,9999.000,9999.000
202606010254,   2.200,9999.000,9999.000,9999.000,9999.000,9999.000,9999.000,9999.000,9999.000
202606010300,   2.151,9999.000,   0.800,   0.486,   3.437,   0.700,   3.337,   0.900,   3.537
202606010306,   2.101,9999.000,9999.000,9999.000,9999.000,9999.000,9999.000,9999.000,9999.000
202606010312,   2.049,9999.000,9999.000,9999.000,9999.000,9999.000,9999.000,9999.000,9999.000
202606010318,   1.996,9999.000,9999.000,9999.000,9999.000,9999.000,9999.000,9999.000,9999.000
202606010324,   1.941,9999.000,9999.000,9999.000,9999.000,9999.000,9999.000,9999.000,9999.000
202606010330,   1.886,9999.000,9999.000,9999.000,9999.000,9999.000,9999.000,9999.000,9999.000
202606010336,   1.829,9999.000,9999.000,9999.000,9999.000,9999.000,9999.000,9999.000,9999.000
202606010342,   1.772,9999.000,9999.000,9999.000,9999.000,9999.000,9999.000,9999.000,9999.000
202606010348,   1.713,9999.000,9999.000,9999.000,9999.000,9999.000,9999.000,9999.000,9999.000
202606010354,   1.655,9999.000,9999.000,9999.000,9999.000,9999.000,9999.000,9999.000,9999.000
202606010400,   1.595,9999.000,   0.700,   0.697,   2.992,   0.500,   2.792,   0.800,   3.092
202606010406,   1.536,9999.000,9999.000,9999.000,9999.000,9999.000,9999.000,9999.000,9999.000
202606010412,   1.476,9999.000,9999.000,9999.000,9999.000,9999.000,9999.000,9999.000,9999.000
202606010418,   1.416,9999.000,9999.000,9999.000,9999.000,9999.000,9999.000,9999.000,9999.000
202606010424,   1.357,9999.000,9999.000,9999.000,9999.000,9999.000,9999.000,9999.000,9999.000
202606010430,   1.297,9999.000,9999.000,9999.000,9999.000,9999.000,9999.000,9999.000,9999.000
202606010436,   1.238,9999.000,9999.000,9999.000,9999.000,9999.000,9999.000,9999.000,9999.000
202606010442,   1.180,9999.000,9999.000,9999.000,9999.000,9999.000,9999.000,9999.000,9999.000
202606010448,   1.122,9999.000,9999.000,9999.000,9999.000,9999.000,9999.000,9999.000,9999.000
202606010454,   1.065,9999.000,9999.000,9999.000,9999.000,9999.000,9999.000,9999.000,9999.000
202606010500,   1.009,9999.000,   0.600,   0.807,   2.416,   0.500,   2.316,   0.800,   2.616
202606010506,   0.954,9999.000,9999.000,9999.000,9999.000,9999.000,9999.000,9999.000,9999.000
202606010512,   0.900,9999.000,9999.000,9999.000,9999.000,9999.000,9999.000,9999.000,9999.000
202606010518,   0.847,9999.000,9999.000,9999.000,9999.000,9999.000,9999.000,9999.000,9999.000
202606010524,   0.796,9999.000,9999.000,9999.000,9999.000,9999.000,9999.000,9999.000,9999.000
202606010530,   0.746,9999.000,9999.000,9999.000,9999.000,9999.000,9999.000,9999.000,9999.000
202606010536,   0.698,9999.000,9999.000,9999.000,9999.000,9999.000,9999.000,9999.000,9999.000
202606010542,   0.652,9999.000,9999.000,9999.000,9999.000,9999.000,9999.000,9999.000,9999.000
202606010548,   0.608,9999.000,9999.000,9999.000,9999.000,9999.000,9999.000,9999.000,9999.000
202606010554,   0.566,9999.000,9999.000,9999.000,9999.000,9999.000,9999.000,9999.000,9999.000
202606010600,   0.526,9999.000,   0.600,   0.786,   1.912,   0.400,   1.712,   0.700,   2.012
202606010606,   0.488,9999.000,9999.000,9999.000,9999.000,9999.000,9999.000,9999.000,9999.000
202606010612,   0.453,9999.000,9999.000,9999.000,9999.000,9999.000,9999.000,9999.000,9999.000
202606010618,   0.420,9999.000,9999.000,9999.000,9999.000,9999.000,9999.000,9999.000,9999.000
202606010624,   0.389,9999.000,9999.000,9999.000,9999.000,9999.000,9999.000,9999.000,9999.000
202606010630,   0.361,9999.000,9999.000,9999.000,9999.000,9999.000,9999.000,9999.000,9999.000
202606010636,   0.335,9999.000,9999.000,9999.000,9999.000,9999.000,9999.000,9999.000,9999.000
202606010642,   0.312,9999.000,9999.000,9999.000,9999.000,9999.000,9999.000,9999.000,9999.000
202606010648,   0.292,9999.000,9999.000,9999.000,9999.000,9999.000,9999.000,9999.000,9999.000
202606010654,   0.275,9999.000,9999.000,9999.000,9999.000,9999.000,9999.000,9999.000,9999.000
202606010700,   0.260,9999.000,   0.500,   0.663,   1.423,   0.400,   1.323,   0.700,   1.623
202606010706,   0.248,9999.000,9999.000,9999.000,9999.000,9999.000,9999.000,9999.000,9999.000
202606010712,   0.239,9999.000,9999.000,9999.000,9999.000,9999.000,9999.000,9999.000,9999.000
202606010718,   0.232,9999.000,9999.000,9999.000,9999.000,9999.000,9999.000,9999.000,9999.000
202606010724,   0.229,9999.000,9999.000,9999.000,9999.000,9999.000,9999.000,9999.000,9999.000
202606010730,   0.228,9999.000,9999.000,9999.000,9999.000,9999.000,9999.000,9999.000,9999.000
202606010736,   0.230,9999.000,9999.000,9999.000,9999.000,9999.000,9999.000,9999.000,9999.000
202606010742,   0.235,9999.000,9999.000,9999.000,9999.000,9999.000,9999.000,9999.000,9999.000
202606010748,   0.242,9999.000,9999.000,9999.000,9999.000,9999.000,9999.000,9999.000,9999.000
202606010754,   0.252,9999.000,9999.000,9999.000,9999.000,9999.000,9999.000,9999.000,9999.000
202606010800,   0.265,9999.000,   0.500,   0.493,   1.258,   0.300,   1.058,   0.700,   1.458
202606010806,   0.280,9999.000,9999.000,9999.000,9999.000,9999.000,9999.000,9999.000,9999.000
202606010812,   0.298,9999.000,9999.000,9999.000,9999.000,9999.000,9999.000,9999.000,9999.000
202606010818,   0.318,9999.000,9999.000,9999.000,9999.000,9999.000,9999.000,9999.000,9999.000
202606010824,   0.340,9999.000,9999.000,9999.000,9999.000,9999.000,9999.000,9999.000,9999.000
202606010830,   0.365,9999.000,9999.000,9999.000,9999.000,9999.000,9999.000,9999.000,9999.000
202606010836,   0.392,9999.000,9999.000,9999.000,9999.000,9999.000,9999.000,9999.000,9999.000
202606010842,   0.421,9999.000,9999.000,9999.000,9999.000,9999.000,9999.000,9999.000,9999.000
202606010848,   0.452,9999.000,9999.000,9999.000,9999.000,9999.000,9999.000,9999.000,9999.000
202606010854,   0.484,9999.000,9999.000,9999.000,9999.000,9999.000,9999.000,9999.000,9999.000
202606010900,   0.518,9999.000,   0.500,   0.328,   1.346,   0.300,   1.146,   0.600,   1.446
202606010906,   0.554,9999.000,9999.000,9999.000,9999.000,9999.000,9999.000,9999.000,9999.000
202606010912,   0.592,9999.000,9999.000,9999.000,9999.000,9999.000,9999.000,9999.000,9999.000
202606010918,   0.630,9999.000,9999.000,9999.000,9999.000,9999.000,9999.000,9999.000,9999.000
202606010924,   0.670,9999.000,9999.000,9999.000,9999.000,9999.000,9999.000,9999.000,9999.000
202606010930,   0.711,9999.000,9999.000,9999.000,9999.000,9999.000,9999.000,9999.000,9999.000
202606010936,   0.753,9999.000,9999.000,9999.000,9999.000,9999.000,9999.000,9999.000,9999.000
202606010942,   0.796,9999.000,9999.000,9999.000,9999.000,9999.000,9999.000,9999.000,9999.000
202606010948,   0.839,9999.000,9999.000,9999.000,9999.000,9999.000,9999.000,9999.000,9999.000
202606010954,   0.883,9999.000,9999.000,9999.000,9999.000,9999.000,9999.000,9999.000,9999.000
202606011000,   0.927,9999.000,   0.400,   0.218,   1.545,   0.300,   1.445,   0.600,   1.745
202606011006,   0.972,9999.000,9999.000,9999.000,9999.000,9999.000,9999.000,9999.000,9999.000
202606011012,   1.016,9999.000,9999.000,9999.000,9999.000,9999.000,9999.000,9999.000,9999.000
202606011018,   1.061,9999.000,9999.000,9999.000,9999.000,9999.000,9999.000,9999.000,9999.000
202606011024,   1.105,9999.000,9999.000,9999.000,9999.000,9999.000,9999.000,9999.000,9999.000
202606011030,   1.149,9999.000,9999.000,9999.000,9999.000,9999.000,9999.000,9999.000,9999.000
202606011036,   1.193,9999.000,9999.000,9999.000,9999.000,9999.000,9999.000,9999.000,9999.000
202606011042,   1.235,9999.000,9999.000,9999.000,9999.000,9999.000,9999.000,9999.000,9999.000
202606011048,   1.278,9999.000,9999.000,9999.000,9999.000,9999.000,9999.000,9999.000,9999.000
202606011054,   1.319,9999.000,9999.000,9999.000,9999.000,9999.000,9999.000,9999.000,9999.000
202606011100,   1.359,9999.000,   0.400,   0.193,   1.952,   0.200,   1.752,   0.600,   2.152
202606011106,   1.398,9999.000,9999.000,9999.000,9999.000,9999.000,9999.000,9999.000,9999.000
202606011112,   1.436,9999.000,9999.000,9999.000,9999.000,9999.000,9999.000,9999.000,9999.000
202606011118,   1.473,9999.000,9999.000,9999.000,9999.000,9999.000,9999.000,9999.000,9999.000
202606011124,   1.508,9999.000,9999.000,9999.000,9999.000,9999.000,9999.000,9999.000,9999.000
202606011130,   1.542,9999.000,9999.000,9999.000,9999.000,9999.000,9999.000,9999.000,9999.000
202606011136,   1.574,9999.000,9999.000,9999.000,9999.000,9999.000,9999.000,9999.000,9999.000
202606011142,   1.605,9999.000,9999.000,9999.000,9999.000,9999.000,9999.000,9999.000,9999.000
202606011148,   1.633,9999.000,9999.000,9999.000,9999.000,9999.000,9999.000,9999.000,9999.000
202606011154,   1.660,9999.000,9999.000,9999.000,9999.000,9999.000,9999.000,9999.000,9999.000
202606011200,   1.685,9999.000,   0.400,   0.231,   2.316,   0.200,   2.116,   0.600,   2.516
202606011206,   1.708,9999.000,9999.000,9999.000,9999.000,9999.000,9999.000,9999.000,9999.000
202606011212,   1.729,9999.000,9999.000,9999.000,9999.000,9999.000,9999.000,9999.000,9999.000
202606011218,   1.748,9999.000,9999.000,9999.000,9999.000,9999.000,9999.000,9999.000,9999.000
202606011224,   1.764,9999.000,9999.000,9999.000,9999.000,9999.000,9999.000,9999.000,9999.000
202606011230,   1.779,9999.000,9999.000,9999.000,9999.000,9999.000,9999.000,9999.000,9999.000
202606011236,   1.791,9999.000,9999.000,9999.000,9999.000,9999.000,9999.000,9999.000,9999.000
202606011242,   1.801,9999.000,9999.000,9999.000,9999.000,9999.000,9999.000,9999.000,9999.000
202606011248,   1.808,9999.000,9999.000,9999.000,9999.000,9999.000,9999.000,9999.000,9999.000
202606011254,   1.814,9999.000,9999.000,9999.000,9999.000,9999.000,9999.000,9999.000,9999.000
202606011300,   1.817,9999.000,   0.400,   0.280,   2.497,   0.200,   2.297,   0.500,   2.597
202606011306,   1.817,9999.000,9999.000,9999.000,9999.000,9999.000,9999.000,9999.000,9999.000
202606011312,   1.816,9999.000,9999.000,9999.000,9999.000,9999.000,9999.000,9999.000,9999.000
202606011318,   1.812,9999.000,9999.000,9999.000,9999.000,9999.000,9999.000,9999.000,9999.000
202606011324,   1.806,9999.000,9999.000,9999.000,9999.000,9999.000,9999.000,9999.000,9999.000
202606011330,   1.797,9999.000,9999.000,9999.000,9999.000,9999.000,9999.000,9999.000,9999.000
202606011336,   1.787,9999.000,9999.000,9999.000,9999.000,9999.000,9999.000,9999.000,9999.000
202606011342,   1.774,9999.000,9999.000,9999.000,9999.000,9999.000,9999.000,9999.000,9999.000
202606011348,   1.759,9999.000,9999.000,9999.000,9999.000,9999.000,9999.000,9999.000,9999.000
202606011354,   1.742,9999.000,9999.000,9999.000,9999.000,9999.000,9999.000,9999.000,9999.000
202606011400,   1.723,9999.000,   0.400,   0.329,   2.452,   0.200,   2.252,   0.600,   2.652
202606011406,   1.701,9999.000,9999.000,9999.000,9999.000,9999.000,9999.000,9999.000,9999.000
202606011412,   1.678,9999.000,9999.000,9999.000,9999.000,9999.000,9999.000,9999.000,9999.000
202606011418,   1.653,9999.000,9999.000,9999.000,9999.000,9999.000,9999.000,9999.000,9999.000
202606011424,   1.626,9999.000,9999.000,9999.000,9999.000,9999.000,9999.000,9999.000,9999.000
202606011430,   1.598,9999.000,9999.000,9999.000,9999.000,9999.000,9999.000,9999.000,9999.000
202606011436,   1.567,9999.000,9999.000,9999.000,9999.000,9999.000,9999.000,9999.000,9999.000
202606011442,   1.535,9999.000,9999.000,9999.000,9999.000,9999.000,9999.000,9999.000,9999.000
202606011448,   1.502,9999.000,9999.000,9999.000,9999.000,9999.000,9999.000,9999.000,9999.000
202606011454,   1.467,9999.000,9999.000,9999.000,9999.000,9999.000,9999.000,9999.000,9999.000
202606011500,   1.431,9999.000,   0.400,   0.417,   2.248,   0.300,   2.148,   0.600,   2.448
202606011506,   1.393,9999.000,9999.000,9999.000,9999.000,9999.000,9999.000,9999.000,9999.000
202606011512,   1.354,9999.000,9999.000,9999.000,9999.000,9999.000,9999.000,9999.000,9999.000
202606011518,   1.315,9999.000,9999.000,9999.000,9999.000,9999.000,9999.000,9999.000,9999.000
202606011524,   1.274,9999.000,9999.000,9999.000,9999.000,9999.000,9999.000,9999.000,9999.000
202606011530,   1.232,9999.000,9999.000,9999.000,9999.000,9999.000,9999.000,9999.000,9999.000
202606011536,   1.190,9999.000,9999.000,9999.000,9999.000,9999.000,9999.000,9999.000,9999.000
202606011542,   1.147,9999.000,9999.000,9999.000,9999.000,9999.000,9999.000,9999.000,9999.000
202606011548,   1.103,9999.000,9999.000,9999.000,9999.000,9999.000,9999.000,9999.000,9999.000
202606011554,   1.060,9999.000,9999.000,9999.000,9999.000,9999.000,9999.000,9999.000,9999.000
202606011600,   1.015,9999.000,   0.500,   0.554,   2.069,   0.300,   1.869,   0.600,   2.169
202606011606,   0.971,9999.000,9999.000,9999.000,9999.000,9999.000,9999.000,9999.000,9999.000
202606011612,   0.927,9999.000,9999.000,9999.000,9999.000,9999.000,9999.000,9999.000,9999.000
202606011618,   0.882,9999.000,9999.000,9999.000,9999.000,9999.000,9999.000,9999.000,9999.000
202606011624,   0.838,9999.000,9999.000,9999.000,9999.000,9999.000,9999.000,9999.000,9999.000
202606011630,   0.794,9999.000,9999.000,9999.000,9999.000,9999.000,9999.000,9999.000,9999.000
202606011636,   0.751,9999.000,9999.000,9999.000,9999.000,9999.000,9999.000,9999.000,9999.000
202606011642,   0.708,9999.000,9999.000,9999.000,9999.000,9999.000,9999.000,9999.000,9999.000
202606011648,   0.666,9999.000,9999.000,9999.000,9999.000,9999.000,9999.000,9999.000,9999.000
202606011654,   0.625,9999.000,9999.000,9999.000,9999.000,9999.000,9999.000,9999.000,9999.000
202606011700,   0.584,9999.000,   0.500,   0.658,   1.742,   0.300,   1.542,   0.600,   1.842
202606011706,   0.545,9999.000,9999.000,9999.000,9999.000,9999.000,9999.000,9999.000,9999.000
202606011712,   0.507,9999.000,9999.000,9999.000,9999.000,9999.000,9999.000,9999.000,9999.000
202606011718,   0.470,9999.000,9999.000,9999.000,9999.000,9999.000,9999.000,9999.000,9999.000
202606011724,   0.434,9999.000,9999.000,9999.000,9999.000,9999.000,9999.000,9999.000,9999.000
202606011730,   0.400,9999.000,9999.000,9999.000,9999.000,9999.000,9999.000,9999.000,9999.000
202606011736,   0.368,9999.000,9999.000,9999.000,9999.000,9999.000,9999.000,9999.000,9999.000
202606011742,   0.337,9999.000,9999.000,9999.000,9999.000,9999.000,9999.000,9999.000,9999.000
202606011748,   0.308,9999.000,9999.000,9999.000,9999.000,9999.000,9999.000,9999.000,9999.000
202606011754,   0.281,9999.000,9999.000,9999.000,9999.000,9999.000,9999.000,9999.000,9999.000
202606011800,   0.257,9999.000,   0.500,   0.628,   1.385,   0.300,   1.185,   0.700,   1.585
202606011806,   0.234,9999.000,9999.000,9999.000,9999.000,9999.000,9999.000,9999.000,9999.000
202606011812,   0.213,9999.000,9999.000,9999.000,9999.000,9999.000,9999.000,9999.000,9999.000
202606011818,   0.195,9999.000,9999.000,9999.000,9999.000,9999.000,9999.000,9999.000,9999.000
202606011824,   0.179,9999.000,9999.000,9999.000,9999.000,9999.000,9999.000,9999.000,9999.000
202606011830,   0.166,9999.000,9999.000,9999.000,9999.000,9999.000,9999.000,9999.000,9999.000
202606011836,   0.155,9999.000,9999.000,9999.000,9999.000,9999.000,9999.000,9999.000,9999.000
202606011842,   0.147,9999.000,9999.000,9999.000,9999.000,9999.000,9999.000,9999.000,9999.000
202606011848,   0.141,9999.000,9999.000,9999.000,9999.000,9999.000,9999.000,9999.000,9999.000
202606011854,   0.138,9999.000,9999.000,9999.000,9999.000,9999.000,9999.000,9999.000,9999.000
202606011900,   0.137,9999.000,   0.600,   0.458,   1.195,   0.400,   0.995,   0.700,   1.295
202606011906,   0.140,9999.000,9999.000,9999.000,9999.000,9999.000,9999.000,9999.000,9999.000
202606011912,   0.145,9999.000,9999.000,9999.000,9999.000,9999.000,9999.000,9999.000,9999.000
202606011918,   0.153,9999.000,9999.000,9999.000,9999.000,9999.000,9999.000,9999.000,9999.000
202606011924,   0.164,9999.000,9999.000,9999.000,9999.000,9999.000,9999.000,9999.000,9999.000
202606011930,   0.177,9999.000,9999.000,9999.000,9999.000,9999.000,9999.000,9999.000,9999.000
202606011936,   0.193,9999.000,9999.000,9999.000,9999.000,9999.000,9999.000,9999.000,9999.000
202606011942,   0.213,9999.000,9999.000,9999.000,9999.000,9999.000,9999.000,9999.000,9999.000
202606011948,   0.234,9999.000,9999.000,9999.000,9999.000,9999.000,9999.000,9999.000,9999.000
202606011954,   0.259,9999.000,9999.000,9999.000,9999.000,9999.000,9999.000,9999.000,9999.000
202606012000,   0.286,9999.000,   0.600,   0.238,   1.124,   0.400,   0.924,   0.700,   1.224
202606012006,   0.316,9999.000,9999.000,9999.000,9999.000,9999.000,9999.000,9999.000,9999.000
202606012012,   0.348,9999.000,9999.000,9999.000,9999.000,9999.000,9999.000,9999.000,9999.000
202606012018,   0.383,9999.000,9999.000,9999.000,9999.000,9999.000,9999.000,9999.000,9999.000
202606012024,   0.420,9999.000,9999.000,9999.000,9999.000,9999.000,9999.000,9999.000,9999.000
202606012030,   0.460,9999.000,9999.000,9999.000,9999.000,9999.000,9999.000,9999.000,9999.000
202606012036,   0.502,9999.000,9999.000,9999.000,9999.000,9999.000,9999.000,9999.000,9999.000
202606012042,   0.546,9999.000,9999.000,9999.000,9999.000,9999.000,9999.000,9999.000,9999.000
202606012048,   0.593,9999.000,9999.000,9999.000,9999.000,9999.000,9999.000,9999.000,9999.000
202606012054,   0.641,9999.000,9999.000,9999.000,9999.000,9999.000,9999.000,9999.000,9999.000
202606012100,   0.691,9999.000,   0.600,   0.061,   1.352,   0.500,   1.252,   0.800,   1.552
202606012106,   0.743,9999.000,9999.000,9999.000,9999.000,9999.000,9999.000,9999.000,9999.000
202606012112,   0.796,9999.000,9999.000,9999.000,9999.000,9999.000,9999.000,9999.000,9999.000
202606012118,   0.851,9999.000,9999.000,9999.000,9999.000,9999.000,9999.000,9999.000,9999.000
202606012124,   0.907,9999.000,9999.000,9999.000,9999.000,9999.000,9999.000,9999.000,9999.000
202606012130,   0.965,9999.000,9999.000,9999.000,9999.000,9999.000,9999.000,9999.000,9999.000
202606012136,   1.023,9999.000,9999.000,9999.000,9999.000,9999.000,9999.000,9999.000,9999.000
202606012142,   1.083,9999.000,9999.000,9999.000,9999.000,9999.000,9999.000,9999.000,9999.000
202606012148,   1.143,9999.000,9999.000,9999.000,9999.000,9999.000,9999.000,9999.000,9999.000
202606012154,   1.204,9999.000,9999.000,9999.000,9999.000,9999.000,9999.000,9999.000,9999.000
202606012200,   1.266,9999.000,   0.700,  -0.047,   1.919,   0.500,   1.719,   0.800,   2.019
202606012206,   1.328,9999.000,9999.000,9999.000,9999.000,9999.000,9999.000,9999.000,9999.000
202606012212,   1.390,9999.000,9999.000,9999.000,9999.000,9999.000,9999.000,9999.000,9999.000
202606012218,   1.452,9999.000,9999.000,9999.000,9999.000,9999.000,9999.000,9999.000,9999.000
202606012224,   1.514,9999.000,9999.000,9999.000,9999.000,9999.000,9999.000,9999.000,9999.000
202606012230,   1.575,9999.000,9999.000,9999.000,9999.000,9999.000,9999.000,9999.000,9999.000
202606012236,   1.636,9999.000,9999.000,9999.000,9999.000,9999.000,9999.000,9999.000,9999.000
202606012242,   1.697,9999.000,9999.000,9999.000,9999.000,9999.000,9999.000,9999.000,9999.000
202606012248,   1.757,9999.000,9999.000,9999.000,9999.000,9999.000,9999.000,9999.000,9999.000
202606012254,   1.816,9999.000,9999.000,9999.000,9999.000,9999.000,9999.000,9999.000,9999.000
202606012300,   1.874,9999.000,   0.700,  -0.102,   2.472,   0.500,   2.272,   0.800,   2.572
202606012306,   1.931,9999.000,9999.000,9999.000,9999.000,9999.000,9999.000,9999.000,9999.000
202606012312,   1.986,9999.000,9999.000,9999.000,9999.000,9999.000,9999.000,9999.000,9999.000
202606012318,   2.040,9999.000,9999.000,9999.000,9999.000,9999.000,9999.000,9999.000,9999.000
202606012324,   2.093,9999.000,9999.000,9999.000,9999.000,9999.000,9999.000,9999.000,9999.000
202606012330,   2.144,9999.000,9999.000,9999.000,9999.000,9999.000,9999.000,9999.000,9999.000
202606012336,   2.193,9999.000,9999.000,9999.000,9999.000,9999.000,9999.000,9999.000,9999.000
202606012342,   2.240,9999.000,9999.000,9999.000,9999.000,9999.000,9999.000,9999.000,9999.000
202606012348,   2.285,9999.000,9999.000,9999.000,9999.000,9999.000,9999.000,9999.000,9999.000
202606012354,   2.328,9999.000,9999.000,9999.000,9999.000,9999.000,9999.000,9999.000,9999.000
202606020000,   2.368,9999.000,   0.700,  -0.106,   2.962,   0.500,   2.762,   0.800,   3.062
202606020006,   2.407,9999.000,9999.000,9999.000,9999.000,9999.000,9999.000,9999.000,9999.000
202606020012,   2.443,9999.000,9999.000,9999.000,9999.000,9999.000,9999.000,9999.000,9999.000
202606020018,   2.476,9999.000,9999.000,9999.000,9999.000,9999.000,9999.000,9999.000,9999.000
202606020024,   2.507,9999.000,9999.000,9999.000,9999.000,9999.000,9999.000,9999.000,9999.000
202606020030,   2.536,9999.000,9999.000,9999.000,9999.000,9999.000,9999.000,9999.000,9999.000
202606020036,   2.561,9999.000,9999.000,9999.000,9999.000,9999.000,9999.000,9999.000,9999.000
202606020042,   2.584,9999.000,9999.000,9999.000,9999.000,9999.000,9999.000,9999.000,9999.000
202606020048,   2.605,9999.000,9999.000,9999.000,9999.000,9999.000,9999.000,9999.000,9999.000
202606020054,   2.622,9999.000,9999.000,9999.000,9999.000,9999.000,9999.000,9999.000,9999.000
202606020100,   2.637,9999.000,   0.700,  -0.034,   3.303,   0.600,   3.203,   0.800,   3.403
202606020106,   2.648,9999.000,9999.000,9999.000,9999.000,9999.000,9999.000,9999.000,9999.000
202606020112,   2.657,9999.000,9999.000,9999.000,9999.000,9999.000,9999.000,9999.000,9999.000
202606020118,   2.663,9999.000,9999.000,9999.000,9999.000,9999.000,9999.000,9999.000,9999.000
202606020124,   2.666,9999.000,9999.000,9999.000,9999.000,9999.000,9999.000,9999.000,9999.000
202606020130,   2.667,9999.000,9999.000,9999.000,9999.000,9999.000,9999.000,9999.000,9999.000
202606020136,   2.664,9999.000,9999.000,9999.000,9999.000,9999.000,9999.000,9999.000,9999.000
202606020142,   2.659,9999.000,9999.000,9999.000,9999.000,9999.000,9999.000,9999.000,9999.000
202606020148,   2.651,9999.000,9999.000,9999.000,9999.000,9999.000,9999.000,9999.000,9999.000
202606020154,   2.640,9999.000,9999.000,9999.000,9999.000,9999.000,9999.000,9999.000,9999.000
202606020200,   2.626,9999.000,   0.700,   0.133,   3.459,   0.600,   3.359,   0.800,   3.559
202606020206,   2.610,9999.000,9999.000,9999.000,9999.000,9999.000,9999.000,9999.000,9999.000
202606020212,   2.591,9999.000,9999.000,9999.000,9999.000,9999.000,9999.000,9999.000,9999.000
202606020218,   2.569,9999.000,9999.000,9999.000,9999.000,9999.000,9999.000,9999.000,9999.000
202606020224,   2.545,9999.000,9999.000,9999.000,9999.000,9999.000,9999.000,9999.000,9999.000
202606020230,   2.519,9999.000,9999.000,9999.000,9999.000,9999.000,9999.000,9999.000,9999.000
202606020236,   2.490,9999.000,9999.000,9999.000,9999.000,9999.000,9999.000,9999.000,9999.000
202606020242,   2.458,9999.000,9999.000,9999.000,9999.000,9999.000,9999.000,9999.000,9999.000
202606020248,   2.425,9999.000,9999.000,9999.000,9999.000,9999.000,9999.000,9999.000,9999.000
202606020254,   2.389,9999.000,9999.000,9999.000,9999.000,9999.000,9999.000,9999.000,9999.000
202606020300,   2.351,9999.000,   0.700,   0.371,   3.422,   0.600,   3.322,   0.900,   3.622
202606020306,   2.312,9999.000,9999.000,9999.000,9999.000,9999.000,9999.000,9999.000,9999.000
202606020312,   2.270,9999.000,9999.000,9999.000,9999.000,9999.000,9999.000,9999.000,9999.000
202606020318,   2.226,9999.000,9999.000,9999.000,9999.000,9999.000,9999.000,9999.000,9999.000
202606020324,   2.181,9999.000,9999.000,9999.000,9999.000,9999.000,9999.000,9999.000,9999.000
202606020330,   2.134,9999.000,9999.000,9999.000,9999.000,9999.000,9999.000,9999.000,9999.000
202606020336,   2.086,9999.000,9999.000,9999.000,9999.000,9999.000,9999.000,9999.000,9999.000
202606020342,   2.036,9999.000,9999.000,9999.000,9999.000,9999.000,9999.000,9999.000,9999.000
202606020348,   1.985,9999.000,9999.000,9999.000,9999.000,9999.000,9999.000,9999.000,9999.000
202606020354,   1.933,9999.000,9999.000,9999.000,9999.000,9999.000,9999.000,9999.000,9999.000
202606020400,   1.880,9999.000,   0.700,   0.601,   3.181,   0.600,   3.081,   0.900,   3.381
202606020406,   1.826,9999.000,9999.000,9999.000,9999.000,9999.000,9999.000,9999.000,9999.000
202606020412,   1.771,9999.000,9999.000,9999.000,9999.000,9999.000,9999.000,9999.000,9999.000
202606020418,   1.715,9999.000,9999.000,9999.000,9999.000,9999.000,9999.000,9999.000,9999.000
202606020424,   1.659,9999.000,9999.000,9999.000,9999.000,9999.000,9999.000,9999.000,9999.000
202606020430,   1.602,9999.000,9999.000,9999.000,9999.000,9999.000,9999.000,9999.000,9999.000
202606020436,   1.545,9999.000,9999.000,9999.000,9999.000,9999.000,9999.000,9999.000,9999.000
202606020442,   1.488,9999.000,9999.000,9999.000,9999.000,9999.000,9999.000,9999.000,9999.000
202606020448,   1.431,9999.000,9999.000,9999.000,9999.000,9999.000,9999.000,9999.000,9999.000
202606020454,   1.374,9999.000,9999.000,9999.000,9999.000,9999.000,9999.000,9999.000,9999.000
202606020500,   1.317,9999.000,   0.700,   0.741,   2.758,   0.600,   2.658,   0.900,   2.958
202606020506,   1.260,9999.000,9999.000,9999.000,9999.000,9999.000,9999.000,9999.000,9999.000
202606020512,   1.204,9999.000,9999.000,9999.000,9999.000,9999.000,9999.000,9999.000,9999.000
202606020518,   1.148,9999.000,9999.000,9999.000,9999.000,9999.000,9999.000,9999.000,9999.000
202606020524,   1.093,9999.000,9999.000,9999.000,9999.000,9999.000,9999.000,9999.000,9999.000
202606020530,   1.039,9999.000,9999.000,9999.000,9999.000,9999.000,9999.000,9999.000,9999.000
202606020536,   0.986,9999.000,9999.000,9999.000,9999.000,9999.000,9999.000,9999.000,9999.000
202606020542,   0.933,9999.000,9999.000,9999.000,9999.000,9999.000,9999.000,9999.000,9999.000
202606020548,   0.882,9999.000,9999.000,9999.000,9999.000,9999.000,9999.000,9999.000,9999.000
202606020554,   0.833,9999.000,9999.000,9999.000,9999.000,9999.000,9999.000,9999.000,9999.000
202606020600,   0.784,9999.000,   0.700,   0.763,   2.247,   0.600,   2.147,   0.900,   2.447
202606020606,   0.737,9999.000,9999.000,9999.000,9999.000,9999.000,9999.000,9999.000,9999.000
202606020612,   0.692,9999.000,9999.000,9999.000,9999.000,9999.000,9999.000,9999.000,9999.000
202606020618,   0.649,9999.000,9999.000,9999.000,9999.000,9999.000,9999.000,9999.000,9999.000
202606020624,   0.607,9999.000,9999.000,9999.000,9999.000,9999.000,9999.000,9999.000,9999.000
202606020630,   0.567,9999.000,9999.000,9999.000,9999.000,9999.000,9999.000,9999.000,9999.000
202606020636,   0.529,9999.000,9999.000,9999.000,9999.000,9999.000,9999.000,9999.000,9999.000
202606020642,   0.494,9999.000,9999.000,9999.000,9999.000,9999.000,9999.000,9999.000,9999.000
202606020648,   0.460,9999.000,9999.000,9999.000,9999.000,9999.000,9999.000,9999.000,9999.000
202606020654,   0.429,9999.000,9999.000,9999.000,9999.000,9999.000,9999.000,9999.000,9999.000
202606020700,   0.400,9999.000,   0.800,   0.691,   1.891,   0.600,   1.691,   1.000,   2.091
202606020706,   0.374,9999.000,9999.000,9999.000,9999.000,9999.000,9999.000,9999.000,9999.000
202606020712,   0.349,9999.000,9999.000,9999.000,9999.000,9999.000,9999.000,9999.000,9999.000
202606020718,   0.328,9999.000,9999.000,9999.000,9999.000,9999.000,9999.000,9999.000,9999.000
202606020724,   0.309,9999.000,9999.000,9999.000,9999.000,9999.000,9999.000,9999.000,9999.000
202606020730,   0.293,9999.000,9999.000,9999.000,9999.000,9999.000,9999.000,9999.000,9999.000
202606020736,   0.279,9999.000,9999.000,9999.000,9999.000,9999.000,9999.000,9999.000,9999.000
202606020742,   0.268,9999.000,9999.000,9999.000,9999.000,9999.000,9999.000,9999.000,9999.000
202606020748,   0.259,9999.000,9999.000,9999.000,9999.000,9999.000,9999.000,9999.000,9999.000
202606020754,   0.253,9999.000,9999.000,9999.000,9999.000,9999.000,9999.000,9999.000,9999.000
202606020800,   0.250,9999.000,   0.800,   0.565,   1.615,   0.600,   1.415,   1.000,   1.815
202606020806,   0.250,9999.000,9999.000,9999.000,9999.000,9999.000,9999.000,9999.000,9999.000
202606020812,   0.252,9999.000,9999.000,9999.000,9999.000,9999.000,9999.000,9999.000,9999.000
202606020818,   0.257,9999.000,9999.000,9999.000,9999.000,9999.000,9999.000,9999.000,9999.000
202606020824,   0.265,9999.000,9999.000,9999.000,9999.000,9999.000,9999.000,9999.000,9999.000
202606020830,   0.275,9999.000,9999.000,9999.000,9999.000,9999.000,9999.000,9999.000,9999.000
202606020836,   0.288,9999.000,9999.000,9999.000,9999.000,9999.000,9999.000,9999.000,9999.000
202606020842,   0.303,9999.000,9999.000,9999.000,9999.000,9999.000,9999.000,9999.000,9999.000
202606020848,   0.321,9999.000,9999.000,9999.000,9999.000,9999.000,9999.000,9999.000,9999.000
202606020854,   0.341,9999.000,9999.000,9999.000,9999.000,9999.000,9999.000,9999.000,9999.000
202606020900,   0.363,9999.000,   0.900,   0.427,   1.690,   0.700,   1.490,   1.100,   1.890
202606020906,   0.387,9999.000,9999.000,9999.000,9999.000,9999.000,9999.000,9999.000,9999.000
202606020912,   0.414,9999.000,9999.000,9999.000,9999.000,9999.000,9999.000,9999.000,9999.000
202606020918,   0.443,9999.000,9999.000,9999.000,9999.000,9999.000,9999.000,9999.000,9999.000
202606020924,   0.473,9999.000,9999.000,9999.000,9999.000,9999.000,9999.000,9999.000,9999.000
202606020930,   0.506,9999.000,9999.000,9999.000,9999.000,9999.000,9999.000,9999.000,9999.000
202606020936,   0.540,9999.000,9999.000,9999.000,9999.000,9999.000,9999.000,9999.000,9999.000
202606020942,   0.576,9999.000,9999.000,9999.000,9999.000,9999.000,9999.000,9999.000,9999.000
202606020948,   0.613,9999.000,9999.000,9999.000,9999.000,9999.000,9999.000,9999.000,9999.000
202606020954,   0.652,9999.000,9999.000,9999.000,9999.000,9999.000,9999.000,9999.000,9999.000
202606021000,   0.691,9999.000,   0.900,   0.324,   1.915,   0.700,   1.715,   1.100,   2.115
202606021006,   0.732,9999.000,9999.000,9999.000,9999.000,9999.000,9999.000,9999.000,9999.000
202606021012,   0.774,9999.000,9999.000,9999.000,9999.000,9999.000,9999.000,9999.000,9999.000
202606021018,   0.817,9999.000,9999.000,9999.000,9999.000,9999.000,9999.000,9999.000,9999.000
202606021024,   0.860,9999.000,9999.000,9999.000,9999.000,9999.000,9999.000,9999.000,9999.000
202606021030,   0.904,9999.000,9999.000,9999.000,9999.000,9999.000,9999.000,9999.000,9999.000
202606021036,   0.949,9999.000,9999.000,9999.000,9999.000,9999.000,9999.000,9999.000,9999.000
202606021042,   0.993,9999.000,9999.000,9999.000,9999.000,9999.000,9999.000,9999.000,9999.000
202606021048,   1.038,9999.000,9999.000,9999.000,9999.000,9999.000,9999.000,9999.000,9999.000
202606021054,   1.082,9999.000,9999.000,9999.000,9999.000,9999.000,9999.000,9999.000,9999.000
202606021100,   1.127,9999.000,   1.000,   0.286,   2.413,   0.700,   2.113,   1.200,   2.613
202606021106,   1.171,9999.000,9999.000,9999.000,9999.000,9999.000,9999.000,9999.000,9999.000
202606021112,   1.215,9999.000,9999.000,9999.000,9999.000,9999.000,9999.000,9999.000,9999.000
202606021118,   1.258,9999.000,9999.000,9999.000,9999.000,9999.000,9999.000,9999.000,9999.000
202606021124,   1.300,9999.000,9999.000,9999.000,9999.000,9999.000,9999.000,9999.000,9999.000
202606021130,   1.341,9999.000,9999.000,9999.000,9999.000,9999.000,9999.000,9999.000,9999.000
202606021136,   1.382,9999.000,9999.000,9999.000,9999.000,9999.000,9999.000,9999.000,9999.000
202606021142,   1.421,9999.000,9999.000,9999.000,9999.000,9999.000,9999.000,9999.000,9999.000
202606021148,   1.459,9999.000,9999.000,9999.000,9999.000,9999.000,9999.000,9999.000,9999.000
202606021154,   1.496,9999.000,9999.000,9999.000,9999.000,9999.000,9999.000,9999.000,9999.000
202606021200,   1.531,9999.000,   1.000,   0.287,   2.818,   0.700,   2.518,   1.300,   3.118
202606021206,   1.565,9999.000,9999.000,9999.000,9999.000,9999.000,9999.000,9999.000,9999.000
202606021212,   1.597,9999.000,9999.000,9999.000,9999.000,9999.000,9999.000,9999.000,9999.000
202606021218,   1.627,9999.000,9999.000,9999.000,9999.000,9999.000,9999.000,9999.000,9999.000
202606021224,   1.656,9999.000,9999.000,9999.000,9999.000,9999.000,9999.000,9999.000,9999.000
202606021230,   1.682,9999.000,9999.000,9999.000,9999.000,9999.000,9999.000,9999.000,9999.000
202606021236,   1.707,9999.000,9999.000,9999.000,9999.000,9999.000,9999.000,9999.000,9999.000
202606021242,   1.730,9999.000,9999.000,9999.000,9999.000,9999.000,9999.000,9999.000,9999.000
202606021248,   1.750,9999.000,9999.000,9999.000,9999.000,9999.000,9999.000,9999.000,9999.000
202606021254,   1.768,9999.000,9999.000,9999.000,9999.000,9999.000,9999.000,9999.000,9999.000
202606021300,   1.784,9999.000,   1.000,   0.280,   3.064,   0.800,   2.864,   1.400,   3.464
202606021306,   1.798,9999.000,9999.000,9999.000,9999.000,9999.000,9999.000,9999.000,9999.000
202606021312,   1.810,9999.000,9999.000,9999.000,9999.000,9999.000,9999.000,9999.000,9999.000
202606021318,   1.819,9999.000,9999.000,9999.000,9999.000,9999.000,9999.000,9999.000,9999.000
202606021324,   1.826,9999.000,9999.000,9999.000,9999.000,9999.000,9999.000,9999.000,9999.000
202606021330,   1.831,9999.000,9999.000,9999.000,9999.000,9999.000,9999.000,9999.000,9999.000
202606021336,   1.833,9999.000,9999.000,9999.000,9999.000,9999.000,9999.000,9999.000,9999.000
202606021342,   1.833,9999.000,9999.000,9999.000,9999.000,9999.000,9999.000,9999.000,9999.000
202606021348,   1.831,9999.000,9999.000,9999.000,9999.000,9999.000,9999.000,9999.000,9999.000
202606021354,   1.826,9999.000,9999.000,9999.000,9999.000,9999.000,9999.000,9999.000,9999.000
202606021400,   1.819,9999.000,   1.100,   0.274,   3.193,   0.800,   2.893,   1.500,   3.593
202606021406,   1.810,9999.000,9999.000,9999.000,9999.000,9999.000,9999.000,9999.000,9999.000
202606021412,   1.799,9999.000,9999.000,9999.000,9999.000,9999.000,9999.000,9999.000,9999.000
202606021418,   1.786,9999.000,9999.000,9999.000,9999.000,9999.000,9999.000,9999.000,9999.000
202606021424,   1.770,9999.000,9999.000,9999.000,9999.000,9999.000,9999.000,9999.000,9999.000
202606021430,   1.752,9999.000,9999.000,9999.000,9999.000,9999.000,9999.000,9999.000,9999.000
202606021436,   1.733,9999.000,9999.000,9999.000,9999.000,9999.000,9999.000,9999.000,9999.000
202606021442,   1.711,9999.000,9999.000,9999.000,9999.000,9999.000,9999.000,9999.000,9999.000
202606021448,   1.688,9999.000,9999.000,9999.000,9999.000,9999.000,9999.000,9999.000,9999.000
202606021454,   1.663,9999.000,9999.000,9999.000,9999.000,9999.000,9999.000,9999.000,9999.000
202606021500,   1.636,9999.000,   1.100,   0.326,   3.062,   0.800,   2.762,   1.500,   3.462
202606021506,   1.607,9999.000,9999.000,9999.000,9999.000,9999.000,9999.000,9999.000,9999.000
202606021512,   1.577,9999.000,9999.000,9999.000,9999.000,9999.000,9999.000,9999.000,9999.000
202606021518,   1.545,9999.000,9999.000,9999.000,9999.000,9999.000,9999.000,9999.000,9999.000
202606021524,   1.512,9999.000,9999.000,9999.000,9999.000,9999.000,9999.000,9999.000,9999.000
202606021530,   1.477,9999.000,9999.000,9999.000,9999.000,9999.000,9999.000,9999.000,9999.000
202606021536,   1.442,9999.000,9999.000,9999.000,9999.000,9999.000,9999.000,9999.000,9999.000
202606021542,   1.405,9999.000,9999.000,9999.000,9999.000,9999.000,9999.000,9999.000,9999.000
202606021548,   1.367,9999.000,9999.000,9999.000,9999.000,9999.000,9999.000,9999.000,9999.000
202606021554,   1.328,9999.000,9999.000,9999.000,9999.000,9999.000,9999.000,9999.000,9999.000
202606021600,   1.289,9999.000,   1.100,   0.452,   2.841,   0.800,   2.541,   1.500,   3.241
202606021606,   1.248,9999.000,9999.000,9999.000,9999.000,9999.000,9999.000,9999.000,9999.000
202606021612,   1.207,9999.000,9999.000,9999.000,9999.000,9999.000,9999.000,9999.000,9999.000
202606021618,   1.166,9999.000,9999.000,9999.000,9999.000,9999.000,9999.000,9999.000,9999.000
202606021624,   1.124,9999.000,9999.000,9999.000,9999.000,9999.000,9999.000,9999.000,9999.000
202606021630,   1.082,9999.000,9999.000,9999.000,9999.000,9999.000,9999.000,9999.000,9999.000
202606021636,   1.040,9999.000,9999.000,9999.000,9999.000,9999.000,9999.000,9999.000,9999.000
202606021642,   0.997,9999.000,9999.000,9999.000,9999.000,9999.000,9999.000,9999.000,9999.000
202606021648,   0.955,9999.000,9999.000,9999.000,9999.000,9999.000,9999.000,9999.000,9999.000
202606021654,   0.912,9999.000,9999.000,9999.000,9999.000,9999.000,9999.000,9999.000,9999.000
202606021700,   0.870,9999.000,   1.100,   0.577,   2.547,   0.800,   2.247,   1.500,   2.947
202606021706,   0.829,9999.000,9999.000,9999.000,9999.000,9999.000,9999.000,9999.000,9999.000
202606021712,   0.787,9999.000,9999.000,9999.000,9999.000,9999.000,9999.000,9999.000,9999.000
202606021718,   0.747,9999.000,9999.000,9999.000,9999.000,9999.000,9999.000,9999.000,9999.000
202606021724,   0.707,9999.000,9999.000,9999.000,9999.000,9999.000,9999.000,9999.000,9999.000
202606021730,   0.668,9999.000,9999.000,9999.000,9999.000,9999.000,9999.000,9999.000,9999.000
202606021736,   0.629,9999.000,9999.000,9999.000,9999.000,9999.000,9999.000,9999.000,9999.000
202606021742,   0.592,9999.000,9999.000,9999.000,9999.000,9999.000,9999.000,9999.000,9999.000
202606021748,   0.556,9999.000,9999.000,9999.000,9999.000,9999.000,9999.000,9999.000,9999.000
202606021754,   0.521,9999.000,9999.000,9999.000,9999.000,9999.000,9999.000,9999.000,9999.000
202606021800,   0.487,9999.000,   1.200,   0.599,   2.286,   0.800,   1.886,   1.600,   2.686
202606021806,   0.455,9999.000,9999.000,9999.000,9999.000,9999.000,9999.000,9999.000,9999.000
202606021812,   0.424,9999.000,9999.000,9999.000,9999.000,9999.000,9999.000,9999.000,9999.000
202606021818,   0.395,9999.000,9999.000,9999.000,9999.000,9999.000,9999.000,9999.000,9999.000
202606021824,   0.368,9999.000,9999.000,9999.000,9999.000,9999.000,9999.000,9999.000,9999.000
202606021830,   0.342,9999.000,9999.000,9999.000,9999.000,9999.000,9999.000,9999.000,9999.000
202606021836,   0.319,9999.000,9999.000,9999.000,9999.000,9999.000,9999.000,9999.000,9999.000
202606021842,   0.297,9999.000,9999.000,9999.000,9999.000,9999.000,9999.000,9999.000,9999.000
202606021848,   0.277,9999.000,9999.000,9999.000,9999.000,9999.000,9999.000,9999.000,9999.000
202606021854,   0.259,9999.000,9999.000,9999.000,9999.000,9999.000,9999.000,9999.000,9999.000
202606021900,   0.244,9999.000,   1.200,   0.493,   1.937,   0.800,   1.537,   1.600,   2.337
202606021906,   0.231,9999.000,9999.000,9999.000,9999.000,9999.000,9999.000,9999.000,9999.000
202606021912,   0.220,9999.000,9999.000,9999.000,9999.000,9999.000,9999.000,9999.000,9999.000
202606021918,   0.212,9999.000,9999.000,9999.000,9999.000,9999.000,9999.000,9999.000,9999.000
202606021924,   0.205,9999.000,9999.000,9999.000,9999.000,9999.000,9999.000,9999.000,9999.000
202606021930,   0.202,9999.000,9999.000,9999.000,9999.000,9999.000,9999.000,9999.000,9999.000
202606021936,   0.201,9999.000,9999.000,9999.000,9999.000,9999.000,9999.000,9999.000,9999.000
202606021942,   0.202,9999.000,9999.000,9999.000,9999.000,9999.000,9999.000,9999.000,9999.000
202606021948,   0.206,9999.000,9999.000,9999.000,9999.000,9999.000,9999.000,9999.000,9999.000
202606021954,   0.213,9999.000,9999.000,9999.000,9999.000,9999.000,9999.000,9999.000,9999.000
202606022000,   0.222,9999.000,   1.200,   0.322,   1.744,   0.800,   1.344,   1.600,   2.144
202606022006,   0.234,9999.000,9999.000,9999.000,9999.000,9999.000,9999.000,9999.000,9999.000
202606022012,   0.248,9999.000,9999.000,9999.000,9999.000,9999.000,9999.000,9999.000,9999.000
202606022018,   0.266,9999.000,9999.000,9999.000,9999.000,9999.000,9999.000,9999.000,9999.000
202606022024,   0.285,9999.000,9999.000,9999.000,9999.000,9999.000,9999.000,9999.000,9999.000
202606022030,   0.307,9999.000,9999.000,9999.000,9999.000,9999.000,9999.000,9999.000,9999.000
202606022036,   0.332,9999.000,9999.000,9999.000,9999.000,9999.000,9999.000,9999.000,9999.000
202606022042,   0.360,9999.000,9999.000,9999.000,9999.000,9999.000,9999.000,9999.000,9999.000
202606022048,   0.390,9999.000,9999.000,9999.000,9999.000,9999.000,9999.000,9999.000,9999.000
202606022054,   0.422,9999.000,9999.000,9999.000,9999.000,9999.000,9999.000,9999.000,9999.000
202606022100,   0.456,9999.000,   1.200,   0.166,   1.822,   0.800,   1.422,   1.600,   2.222
202606022106,   0.493,9999.000,9999.000,9999.000,9999.000,9999.000,9999.000,9999.000,9999.000
202606022112,   0.533,9999.000,9999.000,9999.000,9999.000,9999.000,9999.000,9999.000,9999.000
202606022118,   0.574,9999.000,9999.000,9999.000,9999.000,9999.000,9999.000,9999.000,9999.000
202606022124,   0.617,9999.000,9999.000,9999.000,9999.000,9999.000,9999.000,9999.000,9999.000
202606022130,   0.663,9999.000,9999.000,9999.000,9999.000,9999.000,9999.000,9999.000,9999.000
202606022136,   0.710,9999.000,9999.000,9999.000,9999.000,9999.000,9999.000,9999.000,9999.000
202606022142,   0.759,9999.000,9999.000,9999.000,9999.000,9999.000,9999.000,9999.000,9999.000
202606022148,   0.810,9999.000,9999.000,9999.000,9999.000,9999.000,9999.000,9999.000,9999.000
202606022154,   0.862,9999.000,9999.000,9999.000,9999.000,9999.000,9999.000,9999.000,9999.000
202606022200,   0.916,9999.000,   1.200,   0.056,   2.172,   0.800,   1.772,   1.700,   2.672
202606022206,   0.970,9999.000,9999.000,9999.000,9999.000,9999.000,9999.000,9999.000,9999.000
202606022212,   1.027,9999.000,9999.000,9999.000,9999.000,9999.000,9999.000,9999.000,9999.000
202606022218,   1.084,9999.000,9999.000,9999.000,9999.000,9999.000,9999.000,9999.000,9999.000
202606022224,   1.142,9999.000,9999.000,9999.000,9999.000,9999.000,9999.000,9999.000,9999.000
202606022230,   1.200,9999.000,9999.000,9999.000,9999.000,9999.000,9999.000,9999.000,9999.000
202606022236,   1.259,9999.000,9999.000,9999.000,9999.000,9999.000,9999.000,9999.000,9999.000
202606022242,   1.319,9999.000,9999.000,9999.000,9999.000,9999.000,9999.000,9999.000,9999.000
202606022248,   1.379,9999.000,9999.000,9999.000,9999.000,9999.000,9999.000,9999.000,9999.000
202606022254,   1.439,9999.000,9999.000,9999.000,9999.000,9999.000,9999.000,9999.000,9999.000
202606022300,   1.499,9999.000,   1.200,  -0.021,   2.678,   0.800,   2.278,   1.700,   3.178
202606022306,   1.559,9999.000,9999.000,9999.000,9999.000,9999.000,9999.000,9999.000,9999.000
202606022312,   1.618,9999.000,9999.000,9999.000,9999.000,9999.000,9999.000,9999.000,9999.000
202606022318,   1.677,9999.000,9999.000,9999.000,9999.000,9999.000,9999.000,9999.000,9999.000
202606022324,   1.736,9999.000,9999.000,9999.000,9999.000,9999.000,9999.000,9999.000,9999.000
202606022330,   1.793,9999.000,9999.000,9999.000,9999.000,9999.000,9999.000,9999.000,9999.000
202606022336,   1.850,9999.000,9999.000,9999.000,9999.000,9999.000,9999.000,9999.000,9999.000
202606022342,   1.905,9999.000,9999.000,9999.000,9999.000,9999.000,9999.000,9999.000,9999.000
202606022348,   1.960,9999.000,9999.000,9999.000,9999.000,9999.000,9999.000,9999.000,9999.000
202606022354,   2.012,9999.000,9999.000,9999.000,9999.000,9999.000,9999.000,9999.000,9999.000
202606030000,   2.064,9999.000,   1.200,  -0.069,   3.195,   0.800,   2.795,   1.700,   3.695
202606030006,   2.113,9999.000,9999.000,9999.000,9999.000,9999.000,9999.000,9999.000,9999.000
202606030012,   2.161,9999.000,9999.000,9999.000,9999.000,9999.000,9999.000,9999.000,9999.000
202606030018,   2.207,9999.000,9999.000,9999.000,9999.000,9999.000,9999.000,9999.000,9999.000
202606030024,   2.251,9999.000,9999.000,9999.000,9999.000,9999.000,9999.000,9999.000,9999.000
202606030030,   2.293,9999.000,9999.000,9999.000,9999.000,9999.000,9999.000,9999.000,9999.000
202606030036,   2.333,9999.000,9999.000,9999.000,9999.000,9999.000,9999.000,9999.000,9999.000
202606030042,   2.370,9999.000,9999.000,9999.000,9999.000,9999.000,9999.000,9999.000,9999.000
202606030048,   2.405,9999.000,9999.000,9999.000,9999.000,9999.000,9999.000,9999.000,9999.000
202606030054,   2.438,9999.000,9999.000,9999.000,9999.000,9999.000,9999.000,9999.000,9999.000
202606030100,   2.468,9999.000,   1.200,  -0.054,   3.614,   0.800,   3.214,   1.700,   4.114
202606030106,   2.495,9999.000,9999.000,9999.000,9999.000,9999.000,9999.000,9999.000,9999.000
202606030112,   2.520,9999.000,9999.000,9999.000,9999.000,9999.000,9999.000,9999.000,9999.000
202606030118,   2.542,9999.000,9999.000,9999.000,9999.000,9999.000,9999.000,9999.000,9999.000
202606030124,   2.561,9999.000,9999.000,9999.000,9999.000,9999.000,9999.000,9999.000,9999.000
202606030130,   2.578,9999.000,9999.000,9999.000,9999.000,9999.000,9999.000,9999.000,9999.000
202606030136,   2.591,9999.000,9999.000,9999.000,9999.000,9999.000,9999.000,9999.000,9999.000
202606030142,   2.602,9999.000,9999.000,9999.000,9999.000,9999.000,9999.000,9999.000,9999.000
202606030148,   2.610,9999.000,9999.000,9999.000,9999.000,9999.000,9999.000,9999.000,9999.000
202606030154,   2.615,9999.000,9999.000,9999.000,9999.000,9999.000,9999.000,9999.000,9999.000
202606030200,   2.617,9999.000,   1.100,   0.064,   3.781,   0.800,   3.481,   1.700,   4.381
202606030206,   2.617,9999.000,9999.000,9999.000,9999.000,9999.000,9999.000,9999.000,9999.000
202606030212,   2.613,9999.000,9999.000,9999.000,9999.000,9999.000,9999.000,9999.000,9999.000
202606030218,   2.607,9999.000,9999.000,9999.000,9999.000,9999.000,9999.000,9999.000,9999.000
202606030224,   2.598,9999.000,9999.000,9999.000,9999.000,9999.000,9999.000,9999.000,9999.000
202606030230,   2.586,9999.000,9999.000,9999.000,9999.000,9999.000,9999.000,9999.000,9999.000
202606030236,   2.572,9999.000,9999.000,9999.000,9999.000,9999.000,9999.000,9999.000,9999.000
202606030242,   2.555,9999.000,9999.000,9999.000,9999.000,9999.000,9999.000,9999.000,9999.000
202606030248,   2.535,9999.000,9999.000,9999.000,9999.000,9999.000,9999.000,9999.000,9999.000
202606030254,   2.513,9999.000,9999.000,9999.000,9999.000,9999.000,9999.000,9999.000,9999.000
202606030300,   2.489,9999.000,   1.100,   0.267,   3.856,   0.700,   3.456,   1.600,   4.356
202606030306,   2.462,9999.000,9999.000,9999.000,9999.000,9999.000,9999.000,9999.000,9999.000
202606030312,   2.433,9999.000,9999.000,9999.000,9999.000,9999.000,9999.000,9999.000,9999.000
202606030318,   2.401,9999.000,9999.000,9999.000,9999.000,9999.000,9999.000,9999.000,9999.000
202606030324,   2.368,9999.000,9999.000,9999.000,9999.000,9999.000,9999.000,9999.000,9999.000
202606030330,   2.332,9999.000,9999.000,9999.000,9999.000,9999.000,9999.000,9999.000,9999.000
202606030336,   2.295,9999.000,9999.000,9999.000,9999.000,9999.000,9999.000,9999.000,9999.000
202606030342,   2.255,9999.000,9999.000,9999.000,9999.000,9999.000,9999.000,9999.000,9999.000
202606030348,   2.214,9999.000,9999.000,9999.000,9999.000,9999.000,9999.000,9999.000,9999.000
202606030354,   2.171,9999.000,9999.000,9999.000,9999.000,9999.000,9999.000,9999.000,9999.000
202606030400,   2.127,9999.000,   1.100,   0.476,   3.703,   0.700,   3.303,   1.600,   4.203
202606030406,   2.081,9999.000,9999.000,9999.000,9999.000,9999.000,9999.000,9999.000,9999.000
202606030412,   2.034,9999.000,9999.000,9999.000,9999.000,9999.000,9999.000,9999.000,9999.000
202606030418,   1.985,9999.000,9999.000,9999.000,9999.000,9999.000,9999.000,9999.000,9999.000
202606030424,   1.936,9999.000,9999.000,9999.000,9999.000,9999.000,9999.000,9999.000,9999.000
202606030430,   1.885,9999.000,9999.000,9999.000,9999.000,9999.000,9999.000,9999.000,9999.000
202606030436,   1.834,9999.000,9999.000,9999.000,9999.000,9999.000,9999.000,9999.000,9999.000
202606030442,   1.782,9999.000,9999.000,9999.000,9999.000,9999.000,9999.000,9999.000,9999.000
202606030448,   1.729,9999.000,9999.000,9999.000,9999.000,9999.000,9999.000,9999.000,9999.000
202606030454,   1.675,9999.000,9999.000,9999.000,9999.000,9999.000,9999.000,9999.000,9999.000
202606030500,   1.621,9999.000,   1.100,   0.345,   3.066,   0.700,   2.666,   1.600,   3.566
202606030506,   1.567,9999.000,9999.000,9999.000,9999.000,9999.000,9999.000,9999.000,9999.000
202606030512,   1.512,9999.000,9999.000,9999.000,9999.000,9999.000,9999.000,9999.000,9999.000
202606030518,   1.457,9999.000,9999.000,9999.000,9999.000,9999.000,9999.000,9999.000,9999.000
202606030524,   1.403,9999.000,9999.000,9999.000,9999.000,9999.000,9999.000,9999.000,9999.000
202606030530,   1.348,9999.000,9999.000,9999.000,9999.000,9999.000,9999.000,9999.000,9999.000
202606030536,   1.293,9999.000,9999.000,9999.000,9999.000,9999.000,9999.000,9999.000,9999.000
202606030542,   1.239,9999.000,9999.000,9999.000,9999.000,9999.000,9999.000,9999.000,9999.000
202606030548,   1.186,9999.000,9999.000,9999.000,9999.000,9999.000,9999.000,9999.000,9999.000
202606030554,   1.133,9999.000,9999.000,9999.000,9999.000,9999.000,9999.000,9999.000,9999.000
202606030600,   1.080,9999.000,   1.000,   0.345,   2.425,   0.600,   2.025,   1.600,   3.025
