        TIME,    TIDE,      OB,   SURGE,    BIAS,     TWL,SURGE90p,  TWL90p,SURGE10p,   TWL10p
202604190600,   0.548,   0.859,   0.400,  -0.089,   0.859,   0.400,   0.859,   0.400,   0.859
202604190606,   0.526,9999.000,9999.000,9999.000,9999.000,9999.000,9999.000,9999.000,9999.000
202604190612,   0.504,   0.829,9999.000,9999.000,9999.000,9999.000,9999.000,9999.000,9999.000
202604190618,   0.482,9999.000,9999.000,9999.000,9999.000,9999.000,9999.000,9999.000,9999.000
202604190624,   0.461,   0.810,9999.000,9999.000,9999.000,9999.000,9999.000,9999.000,9999.000
202604190630,   0.440,9999.000,9999.000,9999.000,9999.000,9999.000,9999.000,9999.000,9999.000
202604190636,   0.420,   0.760,9999.000,9999.000,9999.000,9999.000,9999.000,9999.000,9999.000
202604190642,   0.400,9999.000,9999.000,9999.000,9999.000,9999.000,9999.000,9999.000,9999.000
202604190648,   0.381,   0.708,9999.000,9999.000,9999.000,9999.000,9999.000,9999.000,9999.000
202604190654,   0.363,9999.000,9999.000,9999.000,9999.000,9999.000,9999.000,9999.000,9999.000
202604190700,   0.345,   0.669,   0.400,  -0.076,   0.669,   0.400,   0.669,   0.400,   0.669
202604190706,   0.328,   0.678,9999.000,9999.000,9999.000,9999.000,9999.000,9999.000,9999.000
202604190712,   0.311,   0.590,9999.000,9999.000,9999.000,9999.000,9999.000,9999.000,9999.000
202604190718,   0.296,   0.570,9999.000,9999.000,9999.000,9999.000,9999.000,9999.000,9999.000
202604190724,   0.281,   0.570,9999.000,9999.000,9999.000,9999.000,9999.000,9999.000,9999.000
202604190730,   0.267,   0.619,9999.000,9999.000,9999.000,9999.000,9999.000,9999.000,9999.000
202604190736,   0.254,   0.610,9999.000,9999.000,9999.000,9999.000,9999.000,9999.000,9999.000
202604190742,   0.241,   0.531,9999.000,9999.000,9999.000,9999.000,9999.000,9999.000,9999.000
202604190748,   0.230,   0.518,9999.000,9999.000,9999.000,9999.000,9999.000,9999.000,9999.000
202604190754,   0.219,   0.508,9999.000,9999.000,9999.000,9999.000,9999.000,9999.000,9999.000
202604190800,   0.210,   0.459,   0.400,  -0.151,   0.459,   0.400,   0.459,   0.400,   0.459
202604190806,   0.201,   0.469,9999.000,9999.000,9999.000,9999.000,9999.000,9999.000,9999.000
202604190812,   0.193,   0.459,9999.000,9999.000,9999.000,9999.000,9999.000,9999.000,9999.000
202604190818,   0.186,   0.459,9999.000,9999.000,9999.000,9999.000,9999.000,9999.000,9999.000
202604190824,   0.180,   0.469,9999.000,9999.000,9999.000,9999.000,9999.000,9999.000,9999.000
202604190830,   0.174,   0.449,9999.000,9999.000,9999.000,9999.000,9999.000,9999.000,9999.000
202604190836,   0.170,   0.478,9999.000,9999.000,9999.000,9999.000,9999.000,9999.000,9999.000
202604190842,   0.166,   0.469,9999.000,9999.000,9999.000,9999.000,9999.000,9999.000,9999.000
202604190848,   0.164,   0.449,9999.000,9999.000,9999.000,9999.000,9999.000,9999.000,9999.000
202604190854,   0.162,   0.488,9999.000,9999.000,9999.000,9999.000,9999.000,9999.000,9999.000
202604190900,   0.161,   0.449,   0.400,  -0.112,   0.449,   0.400,   0.449,   0.400,   0.449
202604190906,   0.160,   0.429,9999.000,9999.000,9999.000,9999.000,9999.000,9999.000,9999.000
202604190912,   0.161,   0.419,9999.000,9999.000,9999.000,9999.000,9999.000,9999.000,9999.000
202604190918,   0.162,   0.409,9999.000,9999.000,9999.000,9999.000,9999.000,9999.000,9999.000
202604190924,   0.164,   0.409,9999.000,9999.000,9999.000,9999.000,9999.000,9999.000,9999.000
202604190930,   0.167,   0.419,9999.000,9999.000,9999.000,9999.000,9999.000,9999.000,9999.000
202604190936,   0.170,   0.380,9999.000,9999.000,9999.000,9999.000,9999.000,9999.000,9999.000
202604190942,   0.174,   0.419,9999.000,9999.000,9999.000,9999.000,9999.000,9999.000,9999.000
202604190948,   0.179,   0.439,9999.000,9999.000,9999.000,9999.000,9999.000,9999.000,9999.000
202604190954,   0.184,   0.429,9999.000,9999.000,9999.000,9999.000,9999.000,9999.000,9999.000
202604191000,   0.190,   0.400,   0.400,  -0.190,   0.400,   0.400,   0.400,   0.400,   0.400
202604191006,   0.197,   0.409,9999.000,9999.000,9999.000,9999.000,9999.000,9999.000,9999.000
202604191012,   0.204,   0.419,9999.000,9999.000,9999.000,9999.000,9999.000,9999.000,9999.000
202604191018,   0.211,   0.429,9999.000,9999.000,9999.000,9999.000,9999.000,9999.000,9999.000
202604191024,   0.219,   0.449,9999.000,9999.000,9999.000,9999.000,9999.000,9999.000,9999.000
202604191030,   0.227,   0.459,9999.000,9999.000,9999.000,9999.000,9999.000,9999.000,9999.000
202604191036,   0.236,   0.478,9999.000,9999.000,9999.000,9999.000,9999.000,9999.000,9999.000
202604191042,   0.245,   0.498,9999.000,9999.000,9999.000,9999.000,9999.000,9999.000,9999.000
202604191048,   0.254,   0.478,9999.000,9999.000,9999.000,9999.000,9999.000,9999.000,9999.000
202604191054,   0.263,   0.518,9999.000,9999.000,9999.000,9999.000,9999.000,9999.000,9999.000
202604191100,   0.273,   0.508,   0.400,  -0.165,   0.508,   0.400,   0.508,   0.400,   0.508
202604191106,   0.283,   0.518,9999.000,9999.000,9999.000,9999.000,9999.000,9999.000,9999.000
202604191112,   0.293,   0.531,9999.000,9999.000,9999.000,9999.000,9999.000,9999.000,9999.000
202604191118,   0.302,   0.541,9999.000,9999.000,9999.000,9999.000,9999.000,9999.000,9999.000
202604191124,   0.312,   0.498,9999.000,9999.000,9999.000,9999.000,9999.000,9999.000,9999.000
202604191130,   0.322,   0.518,9999.000,9999.000,9999.000,9999.000,9999.000,9999.000,9999.000
202604191136,   0.332,   0.541,9999.000,9999.000,9999.000,9999.000,9999.000,9999.000,9999.000
202604191142,   0.341,   0.518,9999.000,9999.000,9999.000,9999.000,9999.000,9999.000,9999.000
202604191148,   0.350,   0.560,9999.000,9999.000,9999.000,9999.000,9999.000,9999.000,9999.000
202604191154,   0.359,   0.518,9999.000,9999.000,9999.000,9999.000,9999.000,9999.000,9999.000
202604191200,   0.367,   0.541,   0.300,  -0.126,   0.541,   0.300,   0.541,   0.300,   0.541
202604191206,   0.375,   0.580,9999.000,9999.000,9999.000,9999.000,9999.000,9999.000,9999.000
202604191212,   0.383,   0.590,9999.000,9999.000,9999.000,9999.000,9999.000,9999.000,9999.000
202604191218,   0.390,   0.570,9999.000,9999.000,9999.000,9999.000,9999.000,9999.000,9999.000
202604191224,   0.396,   0.590,9999.000,9999.000,9999.000,9999.000,9999.000,9999.000,9999.000
202604191230,   0.402,   0.600,9999.000,9999.000,9999.000,9999.000,9999.000,9999.000,9999.000
202604191236,   0.407,   0.600,9999.000,9999.000,9999.000,9999.000,9999.000,9999.000,9999.000
202604191242,   0.411,   0.619,9999.000,9999.000,9999.000,9999.000,9999.000,9999.000,9999.000
202604191248,   0.414,   0.600,9999.000,9999.000,9999.000,9999.000,9999.000,9999.000,9999.000
202604191254,   0.417,   0.610,9999.000,9999.000,9999.000,9999.000,9999.000,9999.000,9999.000
202604191300,   0.418,   0.600,   0.300,  -0.118,   0.600,   0.300,   0.600,   0.300,   0.600
202604191306,   0.419,   0.629,9999.000,9999.000,9999.000,9999.000,9999.000,9999.000,9999.000
202604191312,   0.419,   0.600,9999.000,9999.000,9999.000,9999.000,9999.000,9999.000,9999.000
202604191318,   0.418,   0.610,9999.000,9999.000,9999.000,9999.000,9999.000,9999.000,9999.000
202604191324,   0.416,   0.600,9999.000,9999.000,9999.000,9999.000,9999.000,9999.000,9999.000
202604191330,   0.413,   0.600,9999.000,9999.000,9999.000,9999.000,9999.000,9999.000,9999.000
202604191336,   0.409,   0.580,9999.000,9999.000,9999.000,9999.000,9999.000,9999.000,9999.000
202604191342,   0.403,   0.580,9999.000,9999.000,9999.000,9999.000,9999.000,9999.000,9999.000
202604191348,   0.397,   0.580,9999.000,9999.000,9999.000,9999.000,9999.000,9999.000,9999.000
202604191354,   0.390,   0.531,9999.000,9999.000,9999.000,9999.000,9999.000,9999.000,9999.000
202604191400,   0.382,   0.551,   0.300,  -0.131,   0.551,   0.300,   0.551,   0.300,   0.551
202604191406,   0.373,   0.551,9999.000,9999.000,9999.000,9999.000,9999.000,9999.000,9999.000
202604191412,   0.363,   0.518,9999.000,9999.000,9999.000,9999.000,9999.000,9999.000,9999.000
202604191418,   0.352,   0.531,9999.000,9999.000,9999.000,9999.000,9999.000,9999.000,9999.000
202604191424,   0.340,   0.541,9999.000,9999.000,9999.000,9999.000,9999.000,9999.000,9999.000
202604191430,   0.327,   0.459,9999.000,9999.000,9999.000,9999.000,9999.000,9999.000,9999.000
202604191436,   0.314,   0.469,9999.000,9999.000,9999.000,9999.000,9999.000,9999.000,9999.000
202604191442,   0.299,   0.488,9999.000,9999.000,9999.000,9999.000,9999.000,9999.000,9999.000
202604191448,   0.284,   0.449,9999.000,9999.000,9999.000,9999.000,9999.000,9999.000,9999.000
202604191454,   0.268,   0.449,9999.000,9999.000,9999.000,9999.000,9999.000,9999.000,9999.000
202604191500,   0.252,   0.429,   0.300,  -0.123,   0.429,   0.300,   0.429,   0.300,   0.429
202604191506,   0.235,   0.409,9999.000,9999.000,9999.000,9999.000,9999.000,9999.000,9999.000
202604191512,   0.217,   0.360,9999.000,9999.000,9999.000,9999.000,9999.000,9999.000,9999.000
202604191518,   0.199,   0.350,9999.000,9999.000,9999.000,9999.000,9999.000,9999.000,9999.000
202604191524,   0.181,   0.341,9999.000,9999.000,9999.000,9999.000,9999.000,9999.000,9999.000
202604191530,   0.162,   0.298,9999.000,9999.000,9999.000,9999.000,9999.000,9999.000,9999.000
202604191536,   0.143,   0.288,9999.000,9999.000,9999.000,9999.000,9999.000,9999.000,9999.000
202604191542,   0.123,   0.249,9999.000,9999.000,9999.000,9999.000,9999.000,9999.000,9999.000
202604191548,   0.103,   0.209,9999.000,9999.000,9999.000,9999.000,9999.000,9999.000,9999.000
202604191554,   0.084,   0.219,9999.000,9999.000,9999.000,9999.000,9999.000,9999.000,9999.000
202604191600,   0.063,   0.180,   0.300,  -0.183,   0.180,   0.300,   0.180,   0.300,   0.180
202604191606,   0.043,   0.170,9999.000,9999.000,9999.000,9999.000,9999.000,9999.000,9999.000
202604191612,   0.023,   0.141,9999.000,9999.000,9999.000,9999.000,9999.000,9999.000,9999.000
202604191618,   0.003,   0.131,9999.000,9999.000,9999.000,9999.000,9999.000,9999.000,9999.000
202604191624,  -0.016,   0.121,9999.000,9999.000,9999.000,9999.000,9999.000,9999.000,9999.000
202604191630,  -0.036,   0.078,9999.000,9999.000,9999.000,9999.000,9999.000,9999.000,9999.000
202604191636,  -0.056,   0.049,9999.000,9999.000,9999.000,9999.000,9999.000,9999.000,9999.000
202604191642,  -0.076,   0.078,9999.000,9999.000,9999.000,9999.000,9999.000,9999.000,9999.000
202604191648,  -0.095,   0.029,9999.000,9999.000,9999.000,9999.000,9999.000,9999.000,9999.000
202604191654,  -0.114,   0.049,9999.000,9999.000,9999.000,9999.000,9999.000,9999.000,9999.000
202604191700,  -0.133,   0.000,   0.300,  -0.167,   0.000,   0.300,   0.000,   0.300,   0.000
202604191706,  -0.152,  -0.019,9999.000,9999.000,9999.000,9999.000,9999.000,9999.000,9999.000
202604191712,  -0.170,  -0.019,9999.000,9999.000,9999.000,9999.000,9999.000,9999.000,9999.000
202604191718,  -0.188,  -0.059,9999.000,9999.000,9999.000,9999.000,9999.000,9999.000,9999.000
202604191724,  -0.205,  -0.059,9999.000,9999.000,9999.000,9999.000,9999.000,9999.000,9999.000
202604191730,  -0.222,  -0.098,9999.000,9999.000,9999.000,9999.000,9999.000,9999.000,9999.000
202604191736,  -0.238,  -0.088,9999.000,9999.000,9999.000,9999.000,9999.000,9999.000,9999.000
202604191742,  -0.253,  -0.098,9999.000,9999.000,9999.000,9999.000,9999.000,9999.000,9999.000
202604191748,  -0.268,  -0.121,9999.000,9999.000,9999.000,9999.000,9999.000,9999.000,9999.000
202604191754,  -0.283,  -0.141,9999.000,9999.000,9999.000,9999.000,9999.000,9999.000,9999.000
202604191800,  -0.296,  -0.150,   0.300,  -0.154,  -0.150,   0.200,  -0.250,   0.300,  -0.150
202604191806,  -0.309,  -0.111,9999.000,9999.000,9999.000,9999.000,9999.000,9999.000,9999.000
202604191812,  -0.321,  -0.190,9999.000,9999.000,9999.000,9999.000,9999.000,9999.000,9999.000
202604191818,  -0.333,  -0.180,9999.000,9999.000,9999.000,9999.000,9999.000,9999.000,9999.000
202604191824,  -0.343,  -0.180,9999.000,9999.000,9999.000,9999.000,9999.000,9999.000,9999.000
202604191830,  -0.353,  -0.180,9999.000,9999.000,9999.000,9999.000,9999.000,9999.000,9999.000
202604191836,  -0.361,  -0.209,9999.000,9999.000,9999.000,9999.000,9999.000,9999.000,9999.000
202604191842,  -0.369,  -0.209,9999.000,9999.000,9999.000,9999.000,9999.000,9999.000,9999.000
202604191848,  -0.376,  -0.229,9999.000,9999.000,9999.000,9999.000,9999.000,9999.000,9999.000
202604191854,  -0.381,  -0.209,9999.000,9999.000,9999.000,9999.000,9999.000,9999.000,9999.000
202604191900,  -0.386,  -0.278,   0.300,  -0.192,  -0.278,   0.200,  -0.378,   0.300,  -0.278
202604191906,  -0.389,  -0.259,9999.000,9999.000,9999.000,9999.000,9999.000,9999.000,9999.000
202604191912,  -0.392,  -0.259,9999.000,9999.000,9999.000,9999.000,9999.000,9999.000,9999.000
202604191918,  -0.393,  -0.278,9999.000,9999.000,9999.000,9999.000,9999.000,9999.000,9999.000
202604191924,  -0.393,  -0.278,9999.000,9999.000,9999.000,9999.000,9999.000,9999.000,9999.000
202604191930,  -0.392,  -0.249,9999.000,9999.000,9999.000,9999.000,9999.000,9999.000,9999.000
202604191936,  -0.389,  -0.219,9999.000,9999.000,9999.000,9999.000,9999.000,9999.000,9999.000
202604191942,  -0.386,  -0.249,9999.000,9999.000,9999.000,9999.000,9999.000,9999.000,9999.000
202604191948,  -0.381,  -0.239,9999.000,9999.000,9999.000,9999.000,9999.000,9999.000,9999.000
202604191954,  -0.375,  -0.268,9999.000,9999.000,9999.000,9999.000,9999.000,9999.000,9999.000
202604192000,  -0.368,  -0.200,   0.300,  -0.132,  -0.200,   0.200,  -0.300,   0.300,  -0.200
202604192006,  -0.359,  -0.209,9999.000,9999.000,9999.000,9999.000,9999.000,9999.000,9999.000
202604192012,  -0.349,  -0.229,9999.000,9999.000,9999.000,9999.000,9999.000,9999.000,9999.000
202604192018,  -0.338,  -0.229,9999.000,9999.000,9999.000,9999.000,9999.000,9999.000,9999.000
202604192024,  -0.326,  -0.209,9999.000,9999.000,9999.000,9999.000,9999.000,9999.000,9999.000
202604192030,  -0.312,  -0.150,9999.000,9999.000,9999.000,9999.000,9999.000,9999.000,9999.000
202604192036,  -0.297,  -0.131,9999.000,9999.000,9999.000,9999.000,9999.000,9999.000,9999.000
202604192042,  -0.282,  -0.131,9999.000,9999.000,9999.000,9999.000,9999.000,9999.000,9999.000
202604192048,  -0.264,  -0.131,9999.000,9999.000,9999.000,9999.000,9999.000,9999.000,9999.000
202604192054,  -0.246,  -0.088,9999.000,9999.000,9999.000,9999.000,9999.000,9999.000,9999.000
202604192100,  -0.227,  -0.059,   0.300,  -0.132,  -0.059,   0.300,  -0.059,   0.300,  -0.059
202604192106,  -0.206,  -0.049,9999.000,9999.000,9999.000,9999.000,9999.000,9999.000,9999.000
202604192112,  -0.185,  -0.019,9999.000,9999.000,9999.000,9999.000,9999.000,9999.000,9999.000
202604192118,  -0.162,   0.009,9999.000,9999.000,9999.000,9999.000,9999.000,9999.000,9999.000
202604192124,  -0.139,   0.049,9999.000,9999.000,9999.000,9999.000,9999.000,9999.000,9999.000
202604192130,  -0.114,   0.059,9999.000,9999.000,9999.000,9999.000,9999.000,9999.000,9999.000
202604192136,  -0.088,   0.098,9999.000,9999.000,9999.000,9999.000,9999.000,9999.000,9999.000
202604192142,  -0.062,   0.121,9999.000,9999.000,9999.000,9999.000,9999.000,9999.000,9999.000
202604192148,  -0.035,   0.121,9999.000,9999.000,9999.000,9999.000,9999.000,9999.000,9999.000
202604192154,  -0.007,   0.200,9999.000,9999.000,9999.000,9999.000,9999.000,9999.000,9999.000
202604192200,   0.021,   0.209,   0.300,  -0.112,   0.209,   0.300,   0.209,   0.300,   0.209
202604192206,   0.051,   0.249,9999.000,9999.000,9999.000,9999.000,9999.000,9999.000,9999.000
202604192212,   0.081,   0.278,9999.000,9999.000,9999.000,9999.000,9999.000,9999.000,9999.000
202604192218,   0.112,   0.308,9999.000,9999.000,9999.000,9999.000,9999.000,9999.000,9999.000
202604192224,   0.143,   0.341,9999.000,9999.000,9999.000,9999.000,9999.000,9999.000,9999.000
202604192230,   0.175,   0.341,9999.000,9999.000,9999.000,9999.000,9999.000,9999.000,9999.000
202604192236,   0.207,   0.390,9999.000,9999.000,9999.000,9999.000,9999.000,9999.000,9999.000
202604192242,   0.240,   0.419,9999.000,9999.000,9999.000,9999.000,9999.000,9999.000,9999.000
202604192248,   0.274,   0.478,9999.000,9999.000,9999.000,9999.000,9999.000,9999.000,9999.000
202604192254,   0.307,   0.488,9999.000,9999.000,9999.000,9999.000,9999.000,9999.000,9999.000
202604192300,   0.341,   0.551,   0.200,   0.010,   0.551,   0.200,   0.551,   0.300,   0.651
202604192306,   0.375,   0.551,9999.000,9999.000,9999.000,9999.000,9999.000,9999.000,9999.000
202604192312,   0.409,   0.600,9999.000,9999.000,9999.000,9999.000,9999.000,9999.000,9999.000
202604192318,   0.444,   0.629,9999.000,9999.000,9999.000,9999.000,9999.000,9999.000,9999.000
202604192324,   0.478,   0.659,9999.000,9999.000,9999.000,9999.000,9999.000,9999.000,9999.000
202604192330,   0.512,   0.718,9999.000,9999.000,9999.000,9999.000,9999.000,9999.000,9999.000
202604192336,   0.547,   0.751,9999.000,9999.000,9999.000,9999.000,9999.000,9999.000,9999.000
202604192342,   0.581,   0.780,9999.000,9999.000,9999.000,9999.000,9999.000,9999.000,9999.000
202604192348,   0.615,   0.819,9999.000,9999.000,9999.000,9999.000,9999.000,9999.000,9999.000
202604192354,   0.648,   0.839,9999.000,9999.000,9999.000,9999.000,9999.000,9999.000,9999.000
202604200000,   0.681,   0.898,   0.100,   0.117,   0.898,   0.100,   0.898,   0.100,   0.898
202604200006,   0.714,   0.961,9999.000,9999.000,9999.000,9999.000,9999.000,9999.000,9999.000
202604200012,   0.746,   0.951,9999.000,9999.000,9999.000,9999.000,9999.000,9999.000,9999.000
202604200018,   0.778,   1.039,9999.000,9999.000,9999.000,9999.000,9999.000,9999.000,9999.000
202604200024,   0.809,   1.029,9999.000,9999.000,9999.000,9999.000,9999.000,9999.000,9999.000
202604200030,   0.839,   1.069,9999.000,9999.000,9999.000,9999.000,9999.000,9999.000,9999.000
202604200036,   0.869,   1.128,9999.000,9999.000,9999.000,9999.000,9999.000,9999.000,9999.000
202604200042,   0.898,   1.108,9999.000,9999.000,9999.000,9999.000,9999.000,9999.000,9999.000
202604200048,   0.926,   1.170,9999.000,9999.000,9999.000,9999.000,9999.000,9999.000,9999.000
202604200054,   0.953,   1.200,9999.000,9999.000,9999.000,9999.000,9999.000,9999.000,9999.000
202604200100,   0.978,   1.210,   0.100,   0.132,   1.210,   0.100,   1.210,   0.100,   1.210
202604200106,   1.003,   1.239,9999.000,9999.000,9999.000,9999.000,9999.000,9999.000,9999.000
202604200112,   1.027,   1.249,9999.000,9999.000,9999.000,9999.000,9999.000,9999.000,9999.000
202604200118,   1.049,   1.308,9999.000,9999.000,9999.000,9999.000,9999.000,9999.000,9999.000
202604200124,   1.070,   1.269,9999.000,9999.000,9999.000,9999.000,9999.000,9999.000,9999.000
202604200130,   1.090,   1.338,9999.000,9999.000,9999.000,9999.000,9999.000,9999.000,9999.000
202604200136,   1.109,   1.338,9999.000,9999.000,9999.000,9999.000,9999.000,9999.000,9999.000
202604200142,   1.126,   1.420,9999.000,9999.000,9999.000,9999.000,9999.000,9999.000,9999.000
202604200148,   1.142,   1.459,9999.000,9999.000,9999.000,9999.000,9999.000,9999.000,9999.000
202604200154,   1.157,   1.430,9999.000,9999.000,9999.000,9999.000,9999.000,9999.000,9999.000
202604200200,   1.170,   1.449,   0.100,   0.179,   1.449,   0.100,   1.449,   0.100,   1.449
202604200206,   1.181,   1.469,9999.000,9999.000,9999.000,9999.000,9999.000,9999.000,9999.000
202604200212,   1.191,   1.508,9999.000,9999.000,9999.000,9999.000,9999.000,9999.000,9999.000
202604200218,   1.200,   1.479,9999.000,9999.000,9999.000,9999.000,9999.000,9999.000,9999.000
202604200224,   1.208,   1.489,9999.000,9999.000,9999.000,9999.000,9999.000,9999.000,9999.000
202604200230,   1.213,   1.479,9999.000,9999.000,9999.000,9999.000,9999.000,9999.000,9999.000
202604200236,   1.218,   1.449,9999.000,9999.000,9999.000,9999.000,9999.000,9999.000,9999.000
202604200242,   1.221,   1.498,9999.000,9999.000,9999.000,9999.000,9999.000,9999.000,9999.000
202604200248,   1.223,   1.469,9999.000,9999.000,9999.000,9999.000,9999.000,9999.000,9999.000
202604200254,   1.223,   1.439,9999.000,9999.000,9999.000,9999.000,9999.000,9999.000,9999.000
202604200300,   1.222,   1.459,   0.100,   0.137,   1.459,   0.000,   1.359,   0.100,   1.459
202604200306,   1.220,   1.449,9999.000,9999.000,9999.000,9999.000,9999.000,9999.000,9999.000
202604200312,   1.216,   1.469,9999.000,9999.000,9999.000,9999.000,9999.000,9999.000,9999.000
202604200318,   1.212,   1.479,9999.000,9999.000,9999.000,9999.000,9999.000,9999.000,9999.000
202604200324,   1.206,   1.449,9999.000,9999.000,9999.000,9999.000,9999.000,9999.000,9999.000
202604200330,   1.199,   1.430,9999.000,9999.000,9999.000,9999.000,9999.000,9999.000,9999.000
202604200336,   1.191,   1.400,9999.000,9999.000,9999.000,9999.000,9999.000,9999.000,9999.000
202604200342,   1.182,   1.449,9999.000,9999.000,9999.000,9999.000,9999.000,9999.000,9999.000
202604200348,   1.171,   1.420,9999.000,9999.000,9999.000,9999.000,9999.000,9999.000,9999.000
202604200354,   1.160,   1.371,9999.000,9999.000,9999.000,9999.000,9999.000,9999.000,9999.000
202604200400,   1.148,   1.380,   0.100,   0.132,   1.380,   0.000,   1.280,   0.100,   1.380
202604200406,   1.135,   1.390,9999.000,9999.000,9999.000,9999.000,9999.000,9999.000,9999.000
202604200412,   1.121,   1.328,9999.000,9999.000,9999.000,9999.000,9999.000,9999.000,9999.000
202604200418,   1.107,   1.348,9999.000,9999.000,9999.000,9999.000,9999.000,9999.000,9999.000
202604200424,   1.091,   1.318,9999.000,9999.000,9999.000,9999.000,9999.000,9999.000,9999.000
202604200430,   1.075,   1.279,9999.000,9999.000,9999.000,9999.000,9999.000,9999.000,9999.000
202604200436,   1.059,   1.298,9999.000,9999.000,9999.000,9999.000,9999.000,9999.000,9999.000
202604200442,   1.041,   1.269,9999.000,9999.000,9999.000,9999.000,9999.000,9999.000,9999.000
202604200448,   1.023,   1.220,9999.000,9999.000,9999.000,9999.000,9999.000,9999.000,9999.000
202604200454,   1.005,   1.229,9999.000,9999.000,9999.000,9999.000,9999.000,9999.000,9999.000
202604200500,   0.986,   1.200,   0.100,   0.114,   1.200,   0.100,   1.200,   0.100,   1.200
202604200506,   0.966,   1.151,9999.000,9999.000,9999.000,9999.000,9999.000,9999.000,9999.000
202604200512,   0.946,   1.138,9999.000,9999.000,9999.000,9999.000,9999.000,9999.000,9999.000
202604200518,   0.926,   1.170,9999.000,9999.000,9999.000,9999.000,9999.000,9999.000,9999.000
202604200524,   0.905,   1.170,9999.000,9999.000,9999.000,9999.000,9999.000,9999.000,9999.000
202604200530,   0.884,   1.098,9999.000,9999.000,9999.000,9999.000,9999.000,9999.000,9999.000
202604200536,   0.862,   1.088,9999.000,9999.000,9999.000,9999.000,9999.000,9999.000,9999.000
202604200542,   0.841,   1.079,9999.000,9999.000,9999.000,9999.000,9999.000,9999.000,9999.000
202604200548,   0.819,   1.029,9999.000,9999.000,9999.000,9999.000,9999.000,9999.000,9999.000
202604200554,   0.797,   0.990,9999.000,9999.000,9999.000,9999.000,9999.000,9999.000,9999.000
202604200600,   0.774,   0.941,   0.100,   0.067,   0.941,   0.100,   0.941,   0.100,   0.941
202604200606,   0.752,   0.928,9999.000,9999.000,9999.000,9999.000,9999.000,9999.000,9999.000
202604200612,   0.729,   0.928,9999.000,9999.000,9999.000,9999.000,9999.000,9999.000,9999.000
202604200618,   0.707,   0.941,9999.000,9999.000,9999.000,9999.000,9999.000,9999.000,9999.000
202604200624,   0.684,   0.879,9999.000,9999.000,9999.000,9999.000,9999.000,9999.000,9999.000
202604200630,   0.662,   0.849,9999.000,9999.000,9999.000,9999.000,9999.000,9999.000,9999.000
202604200636,   0.639,   0.849,9999.000,9999.000,9999.000,9999.000,9999.000,9999.000,9999.000
202604200642,   0.617,   0.770,9999.000,9999.000,9999.000,9999.000,9999.000,9999.000,9999.000
202604200648,   0.595,   0.810,9999.000,9999.000,9999.000,9999.000,9999.000,9999.000,9999.000
202604200654,   0.573,   0.760,9999.000,9999.000,9999.000,9999.000,9999.000,9999.000,9999.000
202604200700,   0.551,   0.731,   0.100,   0.080,   0.731,   0.100,   0.731,   0.100,   0.731
202604200706,   0.529,   0.688,9999.000,9999.000,9999.000,9999.000,9999.000,9999.000,9999.000
202604200712,   0.508,   0.718,9999.000,9999.000,9999.000,9999.000,9999.000,9999.000,9999.000
202604200718,   0.487,   0.688,9999.000,9999.000,9999.000,9999.000,9999.000,9999.000,9999.000
202604200724,   0.467,   0.669,9999.000,9999.000,9999.000,9999.000,9999.000,9999.000,9999.000
202604200730,   0.447,   0.669,9999.000,9999.000,9999.000,9999.000,9999.000,9999.000,9999.000
202604200736,   0.428,   0.649,9999.000,9999.000,9999.000,9999.000,9999.000,9999.000,9999.000
202604200742,   0.409,   0.629,9999.000,9999.000,9999.000,9999.000,9999.000,9999.000,9999.000
202604200748,   0.391,   0.639,9999.000,9999.000,9999.000,9999.000,9999.000,9999.000,9999.000
202604200754,   0.373,   0.551,9999.000,9999.000,9999.000,9999.000,9999.000,9999.000,9999.000
202604200800,   0.356,   0.498,   0.100,   0.042,   0.498,   0.100,   0.498,   0.100,   0.498
202604200806,   0.340,   0.488,9999.000,9999.000,9999.000,9999.000,9999.000,9999.000,9999.000
202604200812,   0.324,   0.488,9999.000,9999.000,9999.000,9999.000,9999.000,9999.000,9999.000
202604200818,   0.309,   0.498,9999.000,9999.000,9999.000,9999.000,9999.000,9999.000,9999.000
202604200824,   0.295,   0.449,9999.000,9999.000,9999.000,9999.000,9999.000,9999.000,9999.000
202604200830,   0.281,   0.449,9999.000,9999.000,9999.000,9999.000,9999.000,9999.000,9999.000
202604200836,   0.269,   0.439,9999.000,9999.000,9999.000,9999.000,9999.000,9999.000,9999.000
202604200842,   0.257,   0.478,9999.000,9999.000,9999.000,9999.000,9999.000,9999.000,9999.000
202604200848,   0.246,   0.469,9999.000,9999.000,9999.000,9999.000,9999.000,9999.000,9999.000
202604200854,   0.236,   0.400,9999.000,9999.000,9999.000,9999.000,9999.000,9999.000,9999.000
202604200900,   0.226,   0.370,   0.100,   0.044,   0.370,   0.100,   0.370,   0.200,   0.470
202604200906,   0.218,   0.331,9999.000,9999.000,9999.000,9999.000,9999.000,9999.000,9999.000
202604200912,   0.210,   0.370,9999.000,9999.000,9999.000,9999.000,9999.000,9999.000,9999.000
202604200918,   0.203,   0.429,9999.000,9999.000,9999.000,9999.000,9999.000,9999.000,9999.000
202604200924,   0.197,   0.400,9999.000,9999.000,9999.000,9999.000,9999.000,9999.000,9999.000
202604200930,   0.191,   0.350,9999.000,9999.000,9999.000,9999.000,9999.000,9999.000,9999.000
202604200936,   0.187,   0.360,9999.000,9999.000,9999.000,9999.000,9999.000,9999.000,9999.000
202604200942,   0.183,   0.360,9999.000,9999.000,9999.000,9999.000,9999.000,9999.000,9999.000
202604200948,   0.180,   0.390,9999.000,9999.000,9999.000,9999.000,9999.000,9999.000,9999.000
202604200954,   0.178,   0.370,9999.000,9999.000,9999.000,9999.000,9999.000,9999.000,9999.000
202604201000,   0.176,   0.350,   0.100,   0.074,   0.350,   0.100,   0.350,   0.200,   0.450
202604201006,   0.176,   0.350,9999.000,9999.000,9999.000,9999.000,9999.000,9999.000,9999.000
202604201012,   0.176,   0.321,9999.000,9999.000,9999.000,9999.000,9999.000,9999.000,9999.000
202604201018,   0.176,   0.331,9999.000,9999.000,9999.000,9999.000,9999.000,9999.000,9999.000
202604201024,   0.178,   0.350,9999.000,9999.000,9999.000,9999.000,9999.000,9999.000,9999.000
202604201030,   0.180,   0.350,9999.000,9999.000,9999.000,9999.000,9999.000,9999.000,9999.000
202604201036,   0.182,   0.321,9999.000,9999.000,9999.000,9999.000,9999.000,9999.000,9999.000
202604201042,   0.186,   0.308,9999.000,9999.000,9999.000,9999.000,9999.000,9999.000,9999.000
202604201048,   0.189,   0.350,9999.000,9999.000,9999.000,9999.000,9999.000,9999.000,9999.000
202604201054,   0.194,   0.380,9999.000,9999.000,9999.000,9999.000,9999.000,9999.000,9999.000
202604201100,   0.198,   0.390,   0.100,   0.092,   0.390,   0.100,   0.390,   0.100,   0.390
202604201106,   0.204,   0.390,9999.000,9999.000,9999.000,9999.000,9999.000,9999.000,9999.000
202604201112,   0.210,   0.370,9999.000,9999.000,9999.000,9999.000,9999.000,9999.000,9999.000
202604201118,   0.216,   0.400,9999.000,9999.000,9999.000,9999.000,9999.000,9999.000,9999.000
202604201124,   0.222,   0.400,9999.000,9999.000,9999.000,9999.000,9999.000,9999.000,9999.000
202604201130,   0.229,   0.400,9999.000,9999.000,9999.000,9999.000,9999.000,9999.000,9999.000
202604201136,   0.236,   0.419,9999.000,9999.000,9999.000,9999.000,9999.000,9999.000,9999.000
202604201142,   0.244,   0.380,9999.000,9999.000,9999.000,9999.000,9999.000,9999.000,9999.000
202604201148,   0.251,   0.419,9999.000,9999.000,9999.000,9999.000,9999.000,9999.000,9999.000
202604201154,   0.259,   0.419,9999.000,9999.000,9999.000,9999.000,9999.000,9999.000,9999.000
202604201200,   0.267,   0.409,   0.200,  -0.058,   0.409,   0.200,   0.409,   0.200,   0.409
202604201206,   0.275,   0.449,9999.000,9999.000,9999.000,9999.000,9999.000,9999.000,9999.000
202604201212,   0.283,   0.478,9999.000,9999.000,9999.000,9999.000,9999.000,9999.000,9999.000
202604201218,   0.291,   0.478,9999.000,9999.000,9999.000,9999.000,9999.000,9999.000,9999.000
202604201224,   0.299,   0.508,9999.000,9999.000,9999.000,9999.000,9999.000,9999.000,9999.000
202604201230,   0.306,   0.488,9999.000,9999.000,9999.000,9999.000,9999.000,9999.000,9999.000
202604201236,   0.314,   0.518,9999.000,9999.000,9999.000,9999.000,9999.000,9999.000,9999.000
202604201242,   0.321,   0.531,9999.000,9999.000,9999.000,9999.000,9999.000,9999.000,9999.000
202604201248,   0.328,   0.551,9999.000,9999.000,9999.000,9999.000,9999.000,9999.000,9999.000
202604201254,   0.335,   0.560,9999.000,9999.000,9999.000,9999.000,9999.000,9999.000,9999.000
202604201300,   0.341,   0.551,   0.200,   0.010,   0.551,   0.200,   0.551,   0.200,   0.551
202604201306,   0.346,   0.560,9999.000,9999.000,9999.000,9999.000,9999.000,9999.000,9999.000
202604201312,   0.351,   0.560,9999.000,9999.000,9999.000,9999.000,9999.000,9999.000,9999.000
202604201318,   0.356,   0.570,9999.000,9999.000,9999.000,9999.000,9999.000,9999.000,9999.000
202604201324,   0.360,   0.560,9999.000,9999.000,9999.000,9999.000,9999.000,9999.000,9999.000
202604201330,   0.363,   0.531,9999.000,9999.000,9999.000,9999.000,9999.000,9999.000,9999.000
202604201336,   0.365,   0.551,9999.000,9999.000,9999.000,9999.000,9999.000,9999.000,9999.000
202604201342,   0.367,   0.570,9999.000,9999.000,9999.000,9999.000,9999.000,9999.000,9999.000
202604201348,   0.368,   0.570,9999.000,9999.000,9999.000,9999.000,9999.000,9999.000,9999.000
202604201354,   0.368,   0.570,9999.000,9999.000,9999.000,9999.000,9999.000,9999.000,9999.000
202604201400,   0.367,   0.541,   0.200,  -0.026,   0.541,   0.200,   0.541,   0.200,   0.541
202604201406,   0.366,   0.580,9999.000,9999.000,9999.000,9999.000,9999.000,9999.000,9999.000
202604201412,   0.363,   0.551,9999.000,9999.000,9999.000,9999.000,9999.000,9999.000,9999.000
202604201418,   0.360,   0.570,9999.000,9999.000,9999.000,9999.000,9999.000,9999.000,9999.000
202604201424,   0.355,   0.590,9999.000,9999.000,9999.000,9999.000,9999.000,9999.000,9999.000
202604201430,   0.350,   0.541,9999.000,9999.000,9999.000,9999.000,9999.000,9999.000,9999.000
202604201436,   0.343,   0.580,9999.000,9999.000,9999.000,9999.000,9999.000,9999.000,9999.000
202604201442,   0.336,   0.570,9999.000,9999.000,9999.000,9999.000,9999.000,9999.000,9999.000
202604201448,   0.328,   0.570,9999.000,9999.000,9999.000,9999.000,9999.000,9999.000,9999.000
202604201454,   0.319,   0.560,9999.000,9999.000,9999.000,9999.000,9999.000,9999.000,9999.000
202604201500,   0.309,   0.518,   0.200,   0.009,   0.518,   0.200,   0.518,   0.200,   0.518
202604201506,   0.298,   0.488,9999.000,9999.000,9999.000,9999.000,9999.000,9999.000,9999.000
202604201512,   0.287,   0.439,9999.000,9999.000,9999.000,9999.000,9999.000,9999.000,9999.000
202604201518,   0.274,   0.488,9999.000,9999.000,9999.000,9999.000,9999.000,9999.000,9999.000
202604201524,   0.261,   0.429,9999.000,9999.000,9999.000,9999.000,9999.000,9999.000,9999.000
202604201530,   0.247,   0.400,9999.000,9999.000,9999.000,9999.000,9999.000,9999.000,9999.000
202604201536,   0.233,   0.400,9999.000,9999.000,9999.000,9999.000,9999.000,9999.000,9999.000
202604201542,   0.218,   0.409,9999.000,9999.000,9999.000,9999.000,9999.000,9999.000,9999.000
202604201548,   0.202,   0.390,9999.000,9999.000,9999.000,9999.000,9999.000,9999.000,9999.000
202604201554,   0.186,   0.360,9999.000,9999.000,9999.000,9999.000,9999.000,9999.000,9999.000
202604201600,   0.169,   0.350,   0.200,  -0.019,   0.350,   0.200,   0.350,   0.200,   0.350
202604201606,   0.152,   0.308,9999.000,9999.000,9999.000,9999.000,9999.000,9999.000,9999.000
202604201612,   0.134,   0.350,9999.000,9999.000,9999.000,9999.000,9999.000,9999.000,9999.000
202604201618,   0.116,   0.321,9999.000,9999.000,9999.000,9999.000,9999.000,9999.000,9999.000
202604201624,   0.098,   0.249,9999.000,9999.000,9999.000,9999.000,9999.000,9999.000,9999.000
202604201630,   0.080,   0.259,9999.000,9999.000,9999.000,9999.000,9999.000,9999.000,9999.000
202604201636,   0.061,   0.259,9999.000,9999.000,9999.000,9999.000,9999.000,9999.000,9999.000
202604201642,   0.042,   0.219,9999.000,9999.000,9999.000,9999.000,9999.000,9999.000,9999.000
202604201648,   0.023,   0.239,9999.000,9999.000,9999.000,9999.000,9999.000,9999.000,9999.000
202604201654,   0.004,   0.180,9999.000,9999.000,9999.000,9999.000,9999.000,9999.000,9999.000
202604201700,  -0.014,   0.160,   0.200,  -0.026,   0.160,   0.200,   0.160,   0.200,   0.160
202604201706,  -0.033,   0.170,9999.000,9999.000,9999.000,9999.000,9999.000,9999.000,9999.000
202604201712,  -0.052,   0.160,9999.000,9999.000,9999.000,9999.000,9999.000,9999.000,9999.000
202604201718,  -0.070,   0.141,9999.000,9999.000,9999.000,9999.000,9999.000,9999.000,9999.000
202604201724,  -0.089,   0.121,9999.000,9999.000,9999.000,9999.000,9999.000,9999.000,9999.000
202604201730,  -0.107,   0.098,9999.000,9999.000,9999.000,9999.000,9999.000,9999.000,9999.000
202604201736,  -0.126,   0.088,9999.000,9999.000,9999.000,9999.000,9999.000,9999.000,9999.000
202604201742,  -0.143,   0.049,9999.000,9999.000,9999.000,9999.000,9999.000,9999.000,9999.000
202604201748,  -0.161,   0.000,9999.000,9999.000,9999.000,9999.000,9999.000,9999.000,9999.000
202604201754,  -0.178,   0.019,9999.000,9999.000,9999.000,9999.000,9999.000,9999.000,9999.000
202604201800,  -0.195,   0.029,   0.300,  -0.076,   0.029,   0.200,  -0.071,   0.300,   0.029
202604201806,  -0.212,   0.039,9999.000,9999.000,9999.000,9999.000,9999.000,9999.000,9999.000
202604201812,  -0.228,   0.009,9999.000,9999.000,9999.000,9999.000,9999.000,9999.000,9999.000
202604201818,  -0.243,  -0.039,9999.000,9999.000,9999.000,9999.000,9999.000,9999.000,9999.000
202604201824,  -0.258,  -0.049,9999.000,9999.000,9999.000,9999.000,9999.000,9999.000,9999.000
202604201830,  -0.273,  -0.049,9999.000,9999.000,9999.000,9999.000,9999.000,9999.000,9999.000
202604201836,  -0.287,  -0.059,9999.000,9999.000,9999.000,9999.000,9999.000,9999.000,9999.000
202604201842,  -0.300,  -0.098,9999.000,9999.000,9999.000,9999.000,9999.000,9999.000,9999.000
202604201848,  -0.313,  -0.098,9999.000,9999.000,9999.000,9999.000,9999.000,9999.000,9999.000
202604201854,  -0.325,  -0.098,9999.000,9999.000,9999.000,9999.000,9999.000,9999.000,9999.000
202604201900,  -0.336,  -0.150,   0.300,  -0.114,  -0.150,   0.300,  -0.150,   0.300,  -0.150
202604201906,  -0.346,  -0.111,9999.000,9999.000,9999.000,9999.000,9999.000,9999.000,9999.000
202604201912,  -0.356,  -0.131,9999.000,9999.000,9999.000,9999.000,9999.000,9999.000,9999.000
202604201918,  -0.365,  -0.170,9999.000,9999.000,9999.000,9999.000,9999.000,9999.000,9999.000
202604201924,  -0.373,  -0.121,9999.000,9999.000,9999.000,9999.000,9999.000,9999.000,9999.000
202604201930,  -0.380,  -0.131,9999.000,9999.000,9999.000,9999.000,9999.000,9999.000,9999.000
202604201936,  -0.386,  -0.160,9999.000,9999.000,9999.000,9999.000,9999.000,9999.000,9999.000
202604201942,  -0.391,  -0.190,9999.000,9999.000,9999.000,9999.000,9999.000,9999.000,9999.000
202604201948,  -0.395,  -0.150,9999.000,9999.000,9999.000,9999.000,9999.000,9999.000,9999.000
202604201954,  -0.399,  -0.141,9999.000,9999.000,9999.000,9999.000,9999.000,9999.000,9999.000
202604202000,  -0.401,  -0.170,   0.300,  -0.069,  -0.170,   0.300,  -0.170,   0.300,  -0.170
202604202006,  -0.402,  -0.180,9999.000,9999.000,9999.000,9999.000,9999.000,9999.000,9999.000
202604202012,  -0.402,  -0.180,9999.000,9999.000,9999.000,9999.000,9999.000,9999.000,9999.000
202604202018,  -0.401,  -0.200,9999.000,9999.000,9999.000,9999.000,9999.000,9999.000,9999.000
202604202024,  -0.398,  -0.160,9999.000,9999.000,9999.000,9999.000,9999.000,9999.000,9999.000
202604202030,  -0.395,  -0.131,9999.000,9999.000,9999.000,9999.000,9999.000,9999.000,9999.000
202604202036,  -0.390,  -0.131,9999.000,9999.000,9999.000,9999.000,9999.000,9999.000,9999.000
202604202042,  -0.385,  -0.150,9999.000,9999.000,9999.000,9999.000,9999.000,9999.000,9999.000
202604202048,  -0.378,  -0.121,9999.000,9999.000,9999.000,9999.000,9999.000,9999.000,9999.000
202604202054,  -0.369,  -0.068,9999.000,9999.000,9999.000,9999.000,9999.000,9999.000,9999.000
202604202100,  -0.360,  -0.170,   0.300,  -0.110,  -0.170,   0.300,  -0.170,   0.300,  -0.170
202604202106,  -0.350,  -0.029,9999.000,9999.000,9999.000,9999.000,9999.000,9999.000,9999.000
202604202112,  -0.338,  -0.111,9999.000,9999.000,9999.000,9999.000,9999.000,9999.000,9999.000
202604202118,  -0.325,  -0.019,9999.000,9999.000,9999.000,9999.000,9999.000,9999.000,9999.000
202604202124,  -0.311,  -0.009,9999.000,9999.000,9999.000,9999.000,9999.000,9999.000,9999.000
202604202130,  -0.296,  -0.068,9999.000,9999.000,9999.000,9999.000,9999.000,9999.000,9999.000
202604202136,  -0.280,  -0.049,9999.000,9999.000,9999.000,9999.000,9999.000,9999.000,9999.000
202604202142,  -0.262,  -0.009,9999.000,9999.000,9999.000,9999.000,9999.000,9999.000,9999.000
202604202148,  -0.244,   0.059,9999.000,9999.000,9999.000,9999.000,9999.000,9999.000,9999.000
202604202154,  -0.224,   0.078,9999.000,9999.000,9999.000,9999.000,9999.000,9999.000,9999.000
202604202200,  -0.204,   0.068,   0.300,  -0.028,   0.068,   0.300,   0.068,   0.300,   0.068
202604202206,  -0.182,   0.098,9999.000,9999.000,9999.000,9999.000,9999.000,9999.000,9999.000
202604202212,  -0.160,   0.121,9999.000,9999.000,9999.000,9999.000,9999.000,9999.000,9999.000
202604202218,  -0.136,   0.098,9999.000,9999.000,9999.000,9999.000,9999.000,9999.000,9999.000
202604202224,  -0.112,   0.160,9999.000,9999.000,9999.000,9999.000,9999.000,9999.000,9999.000
202604202230,  -0.087,   0.170,9999.000,9999.000,9999.000,9999.000,9999.000,9999.000,9999.000
202604202236,  -0.061,   0.209,9999.000,9999.000,9999.000,9999.000,9999.000,9999.000,9999.000
202604202242,  -0.034,   0.239,9999.000,9999.000,9999.000,9999.000,9999.000,9999.000,9999.000
202604202248,  -0.007,   0.288,9999.000,9999.000,9999.000,9999.000,9999.000,9999.000,9999.000
202604202254,   0.021,   0.331,9999.000,9999.000,9999.000,9999.000,9999.000,9999.000,9999.000
202604202300,   0.050,   0.350,   0.300,  -0.000,   0.350,   0.300,   0.350,   0.300,   0.350
202604202306,   0.079,   0.390,9999.000,9999.000,9999.000,9999.000,9999.000,9999.000,9999.000
202604202312,   0.109,   0.419,9999.000,9999.000,9999.000,9999.000,9999.000,9999.000,9999.000
202604202318,   0.140,   0.429,9999.000,9999.000,9999.000,9999.000,9999.000,9999.000,9999.000
202604202324,   0.171,   0.469,9999.000,9999.000,9999.000,9999.000,9999.000,9999.000,9999.000
202604202330,   0.203,   0.469,9999.000,9999.000,9999.000,9999.000,9999.000,9999.000,9999.000
202604202336,   0.235,   0.531,9999.000,9999.000,9999.000,9999.000,9999.000,9999.000,9999.000
202604202342,   0.267,   0.508,9999.000,9999.000,9999.000,9999.000,9999.000,9999.000,9999.000
202604202348,   0.299,   0.560,9999.000,9999.000,9999.000,9999.000,9999.000,9999.000,9999.000
202604202354,   0.332,   0.600,9999.000,9999.000,9999.000,9999.000,9999.000,9999.000,9999.000
202604210000,   0.365,   0.649,   0.200,   0.084,   0.649,   0.200,   0.649,   0.200,   0.649
202604210006,   0.398,   0.688,9999.000,9999.000,9999.000,9999.000,9999.000,9999.000,9999.000
202604210012,   0.432,   0.688,9999.000,9999.000,9999.000,9999.000,9999.000,9999.000,9999.000
202604210018,   0.465,   0.751,9999.000,9999.000,9999.000,9999.000,9999.000,9999.000,9999.000
202604210024,   0.498,   0.810,9999.000,9999.000,9999.000,9999.000,9999.000,9999.000,9999.000
202604210030,   0.531,   0.810,9999.000,9999.000,9999.000,9999.000,9999.000,9999.000,9999.000
202604210036,   0.564,   0.839,9999.000,9999.000,9999.000,9999.000,9999.000,9999.000,9999.000
202604210042,   0.597,   0.869,9999.000,9999.000,9999.000,9999.000,9999.000,9999.000,9999.000
202604210048,   0.629,   0.951,9999.000,9999.000,9999.000,9999.000,9999.000,9999.000,9999.000
202604210054,   0.661,   0.980,9999.000,9999.000,9999.000,9999.000,9999.000,9999.000,9999.000
202604210100,   0.692,   0.980,   0.200,   0.088,   0.980,   0.200,   0.980,   0.200,   0.980
202604210106,   0.723,   1.020,9999.000,9999.000,9999.000,9999.000,9999.000,9999.000,9999.000
202604210112,   0.754,   1.059,9999.000,9999.000,9999.000,9999.000,9999.000,9999.000,9999.000
202604210118,   0.784,   1.128,9999.000,9999.000,9999.000,9999.000,9999.000,9999.000,9999.000
202604210124,   0.813,   1.128,9999.000,9999.000,9999.000,9999.000,9999.000,9999.000,9999.000
202604210130,   0.841,   1.138,9999.000,9999.000,9999.000,9999.000,9999.000,9999.000,9999.000
202604210136,   0.869,   1.170,9999.000,9999.000,9999.000,9999.000,9999.000,9999.000,9999.000
202604210142,   0.896,   1.220,9999.000,9999.000,9999.000,9999.000,9999.000,9999.000,9999.000
202604210148,   0.922,   1.289,9999.000,9999.000,9999.000,9999.000,9999.000,9999.000,9999.000
202604210154,   0.947,   1.269,9999.000,9999.000,9999.000,9999.000,9999.000,9999.000,9999.000
202604210200,   0.970,   1.279,   0.200,   0.109,   1.279,   0.200,   1.279,   0.200,   1.279
202604210206,   0.993,   1.259,9999.000,9999.000,9999.000,9999.000,9999.000,9999.000,9999.000
202604210212,   1.015,   1.289,9999.000,9999.000,9999.000,9999.000,9999.000,9999.000,9999.000
202604210218,   1.035,   1.348,9999.000,9999.000,9999.000,9999.000,9999.000,9999.000,9999.000
202604210224,   1.054,   1.371,9999.000,9999.000,9999.000,9999.000,9999.000,9999.000,9999.000
202604210230,   1.072,   1.361,9999.000,9999.000,9999.000,9999.000,9999.000,9999.000,9999.000
202604210236,   1.089,   1.420,9999.000,9999.000,9999.000,9999.000,9999.000,9999.000,9999.000
202604210242,   1.104,   1.420,9999.000,9999.000,9999.000,9999.000,9999.000,9999.000,9999.000
202604210248,   1.118,   1.449,9999.000,9999.000,9999.000,9999.000,9999.000,9999.000,9999.000
202604210254,   1.131,   1.459,9999.000,9999.000,9999.000,9999.000,9999.000,9999.000,9999.000
202604210300,   1.143,   1.439,   0.200,   0.096,   1.439,   0.200,   1.439,   0.200,   1.439
202604210306,   1.153,   1.459,9999.000,9999.000,9999.000,9999.000,9999.000,9999.000,9999.000
202604210312,   1.161,   1.479,9999.000,9999.000,9999.000,9999.000,9999.000,9999.000,9999.000
202604210318,   1.169,   1.479,9999.000,9999.000,9999.000,9999.000,9999.000,9999.000,9999.000
202604210324,   1.175,   1.459,9999.000,9999.000,9999.000,9999.000,9999.000,9999.000,9999.000
202604210330,   1.180,   1.479,9999.000,9999.000,9999.000,9999.000,9999.000,9999.000,9999.000
202604210336,   1.183,   1.469,9999.000,9999.000,9999.000,9999.000,9999.000,9999.000,9999.000
202604210342,   1.185,   1.489,9999.000,9999.000,9999.000,9999.000,9999.000,9999.000,9999.000
202604210348,   1.186,   1.518,9999.000,9999.000,9999.000,9999.000,9999.000,9999.000,9999.000
202604210354,   1.186,   1.489,9999.000,9999.000,9999.000,9999.000,9999.000,9999.000,9999.000
202604210400,   1.185,   1.479,   0.200,   0.094,   1.479,   0.200,   1.479,   0.200,   1.479
202604210406,   1.182,   1.439,9999.000,9999.000,9999.000,9999.000,9999.000,9999.000,9999.000
202604210412,   1.178,   1.469,9999.000,9999.000,9999.000,9999.000,9999.000,9999.000,9999.000
202604210418,   1.174,   1.449,9999.000,9999.000,9999.000,9999.000,9999.000,9999.000,9999.000
202604210424,   1.168,   1.459,9999.000,9999.000,9999.000,9999.000,9999.000,9999.000,9999.000
202604210430,   1.161,   1.449,9999.000,9999.000,9999.000,9999.000,9999.000,9999.000,9999.000
202604210436,   1.153,   1.410,9999.000,9999.000,9999.000,9999.000,9999.000,9999.000,9999.000
202604210442,   1.144,   1.430,9999.000,9999.000,9999.000,9999.000,9999.000,9999.000,9999.000
202604210448,   1.135,   1.449,9999.000,9999.000,9999.000,9999.000,9999.000,9999.000,9999.000
202604210454,   1.124,   1.439,9999.000,9999.000,9999.000,9999.000,9999.000,9999.000,9999.000
202604210500,   1.113,   1.390,   0.200,   0.077,   1.390,   0.200,   1.390,   0.200,   1.390
202604210506,   1.101,   1.338,9999.000,9999.000,9999.000,9999.000,9999.000,9999.000,9999.000
202604210512,   1.088,   1.380,9999.000,9999.000,9999.000,9999.000,9999.000,9999.000,9999.000
202604210518,   1.075,   1.348,9999.000,9999.000,9999.000,9999.000,9999.000,9999.000,9999.000
202604210524,   1.060,   1.348,9999.000,9999.000,9999.000,9999.000,9999.000,9999.000,9999.000
202604210530,   1.046,   1.298,9999.000,9999.000,9999.000,9999.000,9999.000,9999.000,9999.000
202604210536,   1.030,   1.289,9999.000,9999.000,9999.000,9999.000,9999.000,9999.000,9999.000
202604210542,   1.014,   1.239,9999.000,9999.000,9999.000,9999.000,9999.000,9999.000,9999.000
202604210548,   0.998,   1.279,9999.000,9999.000,9999.000,9999.000,9999.000,9999.000,9999.000
202604210554,   0.981,   1.220,9999.000,9999.000,9999.000,9999.000,9999.000,9999.000,9999.000
202604210600,   0.963,   1.220,   0.300,  -0.043,   1.220,   0.300,   1.220,   0.300,   1.220
202604210606,   0.945,   1.190,9999.000,9999.000,9999.000,9999.000,9999.000,9999.000,9999.000
202604210612,   0.927,   1.161,9999.000,9999.000,9999.000,9999.000,9999.000,9999.000,9999.000
202604210618,   0.908,   1.138,9999.000,9999.000,9999.000,9999.000,9999.000,9999.000,9999.000
202604210624,   0.889,   1.138,9999.000,9999.000,9999.000,9999.000,9999.000,9999.000,9999.000
202604210630,   0.869,   1.098,9999.000,9999.000,9999.000,9999.000,9999.000,9999.000,9999.000
202604210636,   0.849,   1.039,9999.000,9999.000,9999.000,9999.000,9999.000,9999.000,9999.000
202604210642,   0.829,   1.049,9999.000,9999.000,9999.000,9999.000,9999.000,9999.000,9999.000
202604210648,   0.809,   1.039,9999.000,9999.000,9999.000,9999.000,9999.000,9999.000,9999.000
202604210654,   0.788,   0.990,9999.000,9999.000,9999.000,9999.000,9999.000,9999.000,9999.000
202604210700,   0.768,   1.000,   0.300,  -0.068,   1.000,   0.300,   1.000,   0.300,   1.000
202604210706,   0.747,   0.918,9999.000,9999.000,9999.000,9999.000,9999.000,9999.000,9999.000
202604210712,   0.726,   0.918,9999.000,9999.000,9999.000,9999.000,9999.000,9999.000,9999.000
202604210718,   0.705,   0.970,9999.000,9999.000,9999.000,9999.000,9999.000,9999.000,9999.000
202604210724,   0.684,   0.928,9999.000,9999.000,9999.000,9999.000,9999.000,9999.000,9999.000
202604210730,   0.663,   0.869,9999.000,9999.000,9999.000,9999.000,9999.000,9999.000,9999.000
202604210736,   0.642,   0.859,9999.000,9999.000,9999.000,9999.000,9999.000,9999.000,9999.000
202604210742,   0.621,   0.849,9999.000,9999.000,9999.000,9999.000,9999.000,9999.000,9999.000
202604210748,   0.600,   0.810,9999.000,9999.000,9999.000,9999.000,9999.000,9999.000,9999.000
202604210754,   0.579,   0.780,9999.000,9999.000,9999.000,9999.000,9999.000,9999.000,9999.000
202604210800,   0.559,   0.760,   0.300,  -0.099,   0.760,   0.300,   0.760,   0.300,   0.760
202604210806,   0.540,   0.741,9999.000,9999.000,9999.000,9999.000,9999.000,9999.000,9999.000
202604210812,   0.519,   0.731,9999.000,9999.000,9999.000,9999.000,9999.000,9999.000,9999.000
202604210818,   0.499,   0.708,9999.000,9999.000,9999.000,9999.000,9999.000,9999.000,9999.000
202604210824,   0.480,   0.669,9999.000,9999.000,9999.000,9999.000,9999.000,9999.000,9999.000
202604210830,   0.461,   0.678,9999.000,9999.000,9999.000,9999.000,9999.000,9999.000,9999.000
202604210836,   0.443,   0.669,9999.000,9999.000,9999.000,9999.000,9999.000,9999.000,9999.000
202604210842,   0.425,   0.678,9999.000,9999.000,9999.000,9999.000,9999.000,9999.000,9999.000
202604210848,   0.408,   0.600,9999.000,9999.000,9999.000,9999.000,9999.000,9999.000,9999.000
202604210854,   0.391,   0.600,9999.000,9999.000,9999.000,9999.000,9999.000,9999.000,9999.000
202604210900,   0.375,   0.600,   0.300,  -0.075,   0.600,   0.300,   0.600,   0.300,   0.600
202604210906,   0.360,   0.580,9999.000,9999.000,9999.000,9999.000,9999.000,9999.000,9999.000
202604210912,   0.345,   0.570,9999.000,9999.000,9999.000,9999.000,9999.000,9999.000,9999.000
202604210918,   0.330,   0.570,9999.000,9999.000,9999.000,9999.000,9999.000,9999.000,9999.000
202604210924,   0.317,   0.551,9999.000,9999.000,9999.000,9999.000,9999.000,9999.000,9999.000
202604210930,   0.304,   0.498,9999.000,9999.000,9999.000,9999.000,9999.000,9999.000,9999.000
202604210936,   0.292,   0.478,9999.000,9999.000,9999.000,9999.000,9999.000,9999.000,9999.000
202604210942,   0.281,   0.488,9999.000,9999.000,9999.000,9999.000,9999.000,9999.000,9999.000
202604210948,   0.270,   0.469,9999.000,9999.000,9999.000,9999.000,9999.000,9999.000,9999.000
202604210954,   0.260,   0.449,9999.000,9999.000,9999.000,9999.000,9999.000,9999.000,9999.000
202604211000,   0.251,   0.439,   0.300,  -0.112,   0.439,   0.300,   0.439,   0.300,   0.439
202604211006,   0.242,   0.409,9999.000,9999.000,9999.000,9999.000,9999.000,9999.000,9999.000
202604211012,   0.235,   0.478,9999.000,9999.000,9999.000,9999.000,9999.000,9999.000,9999.000
202604211018,   0.228,   0.469,9999.000,9999.000,9999.000,9999.000,9999.000,9999.000,9999.000
202604211024,   0.221,   0.429,9999.000,9999.000,9999.000,9999.000,9999.000,9999.000,9999.000
202604211030,   0.216,   0.449,9999.000,9999.000,9999.000,9999.000,9999.000,9999.000,9999.000
202604211036,   0.211,   0.449,9999.000,9999.000,9999.000,9999.000,9999.000,9999.000,9999.000
202604211042,   0.207,   0.429,9999.000,9999.000,9999.000,9999.000,9999.000,9999.000,9999.000
202604211048,   0.204,   0.488,9999.000,9999.000,9999.000,9999.000,9999.000,9999.000,9999.000
202604211054,   0.201,   0.478,9999.000,9999.000,9999.000,9999.000,9999.000,9999.000,9999.000
202604211100,   0.199,   0.419,   0.200,   0.020,   0.419,   0.200,   0.419,   0.300,   0.519
202604211106,   0.198,   0.409,9999.000,9999.000,9999.000,9999.000,9999.000,9999.000,9999.000
202604211112,   0.198,   0.419,9999.000,9999.000,9999.000,9999.000,9999.000,9999.000,9999.000
202604211118,   0.198,   0.439,9999.000,9999.000,9999.000,9999.000,9999.000,9999.000,9999.000
202604211124,   0.198,   0.459,9999.000,9999.000,9999.000,9999.000,9999.000,9999.000,9999.000
202604211130,   0.199,   0.449,9999.000,9999.000,9999.000,9999.000,9999.000,9999.000,9999.000
202604211136,   0.201,   0.419,9999.000,9999.000,9999.000,9999.000,9999.000,9999.000,9999.000
202604211142,   0.204,   0.439,9999.000,9999.000,9999.000,9999.000,9999.000,9999.000,9999.000
202604211148,   0.206,   0.459,9999.000,9999.000,9999.000,9999.000,9999.000,9999.000,9999.000
202604211154,   0.210,   0.429,9999.000,9999.000,9999.000,9999.000,9999.000,9999.000,9999.000
202604211200,   0.214,   0.429,   0.200,   0.015,   0.429,   0.200,   0.429,   0.200,   0.429
202604211206,   0.218,   0.429,9999.000,9999.000,9999.000,9999.000,9999.000,9999.000,9999.000
202604211212,   0.223,   0.429,9999.000,9999.000,9999.000,9999.000,9999.000,9999.000,9999.000
202604211218,   0.228,   0.439,9999.000,9999.000,9999.000,9999.000,9999.000,9999.000,9999.000
202604211224,   0.233,   0.459,9999.000,9999.000,9999.000,9999.000,9999.000,9999.000,9999.000
202604211230,   0.239,   0.439,9999.000,9999.000,9999.000,9999.000,9999.000,9999.000,9999.000
202604211236,   0.245,   0.449,9999.000,9999.000,9999.000,9999.000,9999.000,9999.000,9999.000
202604211242,   0.251,   0.498,9999.000,9999.000,9999.000,9999.000,9999.000,9999.000,9999.000
202604211248,   0.257,   0.508,9999.000,9999.000,9999.000,9999.000,9999.000,9999.000,9999.000
202604211254,   0.263,   0.478,9999.000,9999.000,9999.000,9999.000,9999.000,9999.000,9999.000
202604211300,   0.270,   0.518,   0.200,   0.048,   0.518,   0.200,   0.518,   0.200,   0.518
202604211306,   0.277,   0.541,9999.000,9999.000,9999.000,9999.000,9999.000,9999.000,9999.000
202604211312,   0.283,   0.541,9999.000,9999.000,9999.000,9999.000,9999.000,9999.000,9999.000
202604211318,   0.290,   0.570,9999.000,9999.000,9999.000,9999.000,9999.000,9999.000,9999.000
202604211324,   0.296,   0.531,9999.000,9999.000,9999.000,9999.000,9999.000,9999.000,9999.000
202604211330,   0.302,   0.560,9999.000,9999.000,9999.000,9999.000,9999.000,9999.000,9999.000
202604211336,   0.308,   0.600,9999.000,9999.000,9999.000,9999.000,9999.000,9999.000,9999.000
202604211342,   0.314,   0.580,9999.000,9999.000,9999.000,9999.000,9999.000,9999.000,9999.000
202604211348,   0.319,   0.590,9999.000,9999.000,9999.000,9999.000,9999.000,9999.000,9999.000
202604211354,   0.324,   0.610,9999.000,9999.000,9999.000,9999.000,9999.000,9999.000,9999.000
202604211400,   0.329,   0.590,   0.200,   0.061,   0.590,   0.200,   0.590,   0.200,   0.590
202604211406,   0.333,   0.610,9999.000,9999.000,9999.000,9999.000,9999.000,9999.000,9999.000
202604211412,   0.336,   0.600,9999.000,9999.000,9999.000,9999.000,9999.000,9999.000,9999.000
202604211418,   0.339,   0.570,9999.000,9999.000,9999.000,9999.000,9999.000,9999.000,9999.000
202604211424,   0.342,   0.560,9999.000,9999.000,9999.000,9999.000,9999.000,9999.000,9999.000
202604211430,   0.343,   0.590,9999.000,9999.000,9999.000,9999.000,9999.000,9999.000,9999.000
202604211436,   0.344,   0.518,9999.000,9999.000,9999.000,9999.000,9999.000,9999.000,9999.000
202604211442,   0.344,   0.541,9999.000,9999.000,9999.000,9999.000,9999.000,9999.000,9999.000
202604211448,   0.344,   0.570,9999.000,9999.000,9999.000,9999.000,9999.000,9999.000,9999.000
202604211454,   0.343,   0.560,9999.000,9999.000,9999.000,9999.000,9999.000,9999.000,9999.000
202604211500,   0.341,   0.580,   0.200,   0.039,   0.580,   0.200,   0.580,   0.200,   0.580
202604211506,   0.338,   0.531,9999.000,9999.000,9999.000,9999.000,9999.000,9999.000,9999.000
202604211512,   0.334,   0.570,9999.000,9999.000,9999.000,9999.000,9999.000,9999.000,9999.000
202604211518,   0.330,   0.560,9999.000,9999.000,9999.000,9999.000,9999.000,9999.000,9999.000
202604211524,   0.324,   0.551,9999.000,9999.000,9999.000,9999.000,9999.000,9999.000,9999.000
202604211530,   0.318,   0.531,9999.000,9999.000,9999.000,9999.000,9999.000,9999.000,9999.000
202604211536,   0.311,   0.498,9999.000,9999.000,9999.000,9999.000,9999.000,9999.000,9999.000
202604211542,   0.303,   0.508,9999.000,9999.000,9999.000,9999.000,9999.000,9999.000,9999.000
202604211548,   0.294,   0.508,9999.000,9999.000,9999.000,9999.000,9999.000,9999.000,9999.000
202604211554,   0.285,   0.518,9999.000,9999.000,9999.000,9999.000,9999.000,9999.000,9999.000
202604211600,   0.275,   0.488,   0.200,   0.013,   0.488,   0.200,   0.488,   0.200,   0.488
202604211606,   0.264,   0.469,9999.000,9999.000,9999.000,9999.000,9999.000,9999.000,9999.000
202604211612,   0.252,   0.429,9999.000,9999.000,9999.000,9999.000,9999.000,9999.000,9999.000
202604211618,   0.240,   0.449,9999.000,9999.000,9999.000,9999.000,9999.000,9999.000,9999.000
202604211624,   0.227,   0.409,9999.000,9999.000,9999.000,9999.000,9999.000,9999.000,9999.000
202604211630,   0.213,   0.409,9999.000,9999.000,9999.000,9999.000,9999.000,9999.000,9999.000
202604211636,   0.199,   0.360,9999.000,9999.000,9999.000,9999.000,9999.000,9999.000,9999.000
202604211642,   0.185,   0.370,9999.000,9999.000,9999.000,9999.000,9999.000,9999.000,9999.000
202604211648,   0.170,   0.380,9999.000,9999.000,9999.000,9999.000,9999.000,9999.000,9999.000
202604211654,   0.154,   0.321,9999.000,9999.000,9999.000,9999.000,9999.000,9999.000,9999.000
202604211700,   0.138,   0.350,   0.300,  -0.088,   0.350,   0.200,   0.250,   0.300,   0.350
202604211706,   0.122,   0.331,9999.000,9999.000,9999.000,9999.000,9999.000,9999.000,9999.000
202604211712,   0.106,   0.331,9999.000,9999.000,9999.000,9999.000,9999.000,9999.000,9999.000
202604211718,   0.089,   0.308,9999.000,9999.000,9999.000,9999.000,9999.000,9999.000,9999.000
202604211724,   0.072,   0.288,9999.000,9999.000,9999.000,9999.000,9999.000,9999.000,9999.000
202604211730,   0.055,   0.278,9999.000,9999.000,9999.000,9999.000,9999.000,9999.000,9999.000
202604211736,   0.038,   0.259,9999.000,9999.000,9999.000,9999.000,9999.000,9999.000,9999.000
202604211742,   0.021,   0.268,9999.000,9999.000,9999.000,9999.000,9999.000,9999.000,9999.000
202604211748,   0.004,   0.209,9999.000,9999.000,9999.000,9999.000,9999.000,9999.000,9999.000
202604211754,  -0.013,   0.200,9999.000,9999.000,9999.000,9999.000,9999.000,9999.000,9999.000
202604211800,  -0.030,   0.180,   0.300,  -0.090,   0.180,   0.300,   0.180,   0.300,   0.180
202604211806,  -0.047,   0.160,9999.000,9999.000,9999.000,9999.000,9999.000,9999.000,9999.000
202604211812,  -0.064,   0.160,9999.000,9999.000,9999.000,9999.000,9999.000,9999.000,9999.000
202604211818,  -0.081,   0.098,9999.000,9999.000,9999.000,9999.000,9999.000,9999.000,9999.000
202604211824,  -0.097,   0.098,9999.000,9999.000,9999.000,9999.000,9999.000,9999.000,9999.000
202604211830,  -0.114,   0.078,9999.000,9999.000,9999.000,9999.000,9999.000,9999.000,9999.000
202604211836,  -0.130,   0.068,9999.000,9999.000,9999.000,9999.000,9999.000,9999.000,9999.000
202604211842,  -0.146,   0.019,9999.000,9999.000,9999.000,9999.000,9999.000,9999.000,9999.000
202604211848,  -0.162,   0.059,9999.000,9999.000,9999.000,9999.000,9999.000,9999.000,9999.000
202604211854,  -0.177,   0.009,9999.000,9999.000,9999.000,9999.000,9999.000,9999.000,9999.000
202604211900,  -0.192,   0.009,   0.300,  -0.099,   0.009,   0.300,   0.009,   0.300,   0.009
202604211906,  -0.206,   0.000,9999.000,9999.000,9999.000,9999.000,9999.000,9999.000,9999.000
202604211912,  -0.221,  -0.049,9999.000,9999.000,9999.000,9999.000,9999.000,9999.000,9999.000
202604211918,  -0.234,  -0.039,9999.000,9999.000,9999.000,9999.000,9999.000,9999.000,9999.000
202604211924,  -0.247,  -0.039,9999.000,9999.000,9999.000,9999.000,9999.000,9999.000,9999.000
202604211930,  -0.260,  -0.049,9999.000,9999.000,9999.000,9999.000,9999.000,9999.000,9999.000
202604211936,  -0.272,  -0.059,9999.000,9999.000,9999.000,9999.000,9999.000,9999.000,9999.000
202604211942,  -0.284,  -0.111,9999.000,9999.000,9999.000,9999.000,9999.000,9999.000,9999.000
202604211948,  -0.295,  -0.098,9999.000,9999.000,9999.000,9999.000,9999.000,9999.000,9999.000
202604211954,  -0.305,  -0.131,9999.000,9999.000,9999.000,9999.000,9999.000,9999.000,9999.000
202604212000,  -0.314,  -0.131,   0.300,  -0.117,  -0.131,   0.300,  -0.131,   0.300,  -0.131
202604212006,  -0.323,  -0.121,9999.000,9999.000,9999.000,9999.000,9999.000,9999.000,9999.000
202604212012,  -0.331,  -0.150,9999.000,9999.000,9999.000,9999.000,9999.000,9999.000,9999.000
202604212018,  -0.339,  -0.150,9999.000,9999.000,9999.000,9999.000,9999.000,9999.000,9999.000
202604212024,  -0.345,  -0.170,9999.000,9999.000,9999.000,9999.000,9999.000,9999.000,9999.000
202604212030,  -0.351,  -0.170,9999.000,9999.000,9999.000,9999.000,9999.000,9999.000,9999.000
202604212036,  -0.355,  -0.170,9999.000,9999.000,9999.000,9999.000,9999.000,9999.000,9999.000
202604212042,  -0.359,  -0.219,9999.000,9999.000,9999.000,9999.000,9999.000,9999.000,9999.000
202604212048,  -0.362,  -0.180,9999.000,9999.000,9999.000,9999.000,9999.000,9999.000,9999.000
202604212054,  -0.364,  -0.190,9999.000,9999.000,9999.000,9999.000,9999.000,9999.000,9999.000
202604212100,  -0.365,  -0.200,   0.300,  -0.135,  -0.200,   0.300,  -0.200,   0.300,  -0.200
202604212106,  -0.365,  -0.209,9999.000,9999.000,9999.000,9999.000,9999.000,9999.000,9999.000
202604212112,  -0.364,  -0.190,9999.000,9999.000,9999.000,9999.000,9999.000,9999.000,9999.000
202604212118,  -0.362,  -0.170,9999.000,9999.000,9999.000,9999.000,9999.000,9999.000,9999.000
202604212124,  -0.359,  -0.170,9999.000,9999.000,9999.000,9999.000,9999.000,9999.000,9999.000
202604212130,  -0.355,  -0.160,9999.000,9999.000,9999.000,9999.000,9999.000,9999.000,9999.000
202604212136,  -0.349,  -0.190,9999.000,9999.000,9999.000,9999.000,9999.000,9999.000,9999.000
202604212142,  -0.343,  -0.160,9999.000,9999.000,9999.000,9999.000,9999.000,9999.000,9999.000
202604212148,  -0.336,  -0.141,9999.000,9999.000,9999.000,9999.000,9999.000,9999.000,9999.000
202604212154,  -0.327,  -0.170,9999.000,9999.000,9999.000,9999.000,9999.000,9999.000,9999.000
202604212200,  -0.317,  -0.131,   0.300,  -0.114,  -0.131,   0.300,  -0.131,   0.300,  -0.131
202604212206,  -0.307,  -0.111,9999.000,9999.000,9999.000,9999.000,9999.000,9999.000,9999.000
202604212212,  -0.295,  -0.088,9999.000,9999.000,9999.000,9999.000,9999.000,9999.000,9999.000
202604212218,  -0.282,  -0.049,9999.000,9999.000,9999.000,9999.000,9999.000,9999.000,9999.000
202604212224,  -0.268,  -0.078,9999.000,9999.000,9999.000,9999.000,9999.000,9999.000,9999.000
202604212230,  -0.253,  -0.049,9999.000,9999.000,9999.000,9999.000,9999.000,9999.000,9999.000
202604212236,  -0.237,   0.000,9999.000,9999.000,9999.000,9999.000,9999.000,9999.000,9999.000
202604212242,  -0.220,   0.019,9999.000,9999.000,9999.000,9999.000,9999.000,9999.000,9999.000
202604212248,  -0.202,   0.049,9999.000,9999.000,9999.000,9999.000,9999.000,9999.000,9999.000
202604212254,  -0.183,   0.059,9999.000,9999.000,9999.000,9999.000,9999.000,9999.000,9999.000
202604212300,  -0.163,   0.098,   0.300,  -0.039,   0.098,   0.300,   0.098,   0.300,   0.098
202604212306,  -0.142,   0.111,9999.000,9999.000,9999.000,9999.000,9999.000,9999.000,9999.000
202604212312,  -0.121,   0.141,9999.000,9999.000,9999.000,9999.000,9999.000,9999.000,9999.000
202604212318,  -0.098,   0.131,9999.000,9999.000,9999.000,9999.000,9999.000,9999.000,9999.000
202604212324,  -0.075,   0.150,9999.000,9999.000,9999.000,9999.000,9999.000,9999.000,9999.000
202604212330,  -0.051,   0.200,9999.000,9999.000,9999.000,9999.000,9999.000,9999.000,9999.000
202604212336,  -0.026,   0.219,9999.000,9999.000,9999.000,9999.000,9999.000,9999.000,9999.000
202604212342,  -0.001,   0.268,9999.000,9999.000,9999.000,9999.000,9999.000,9999.000,9999.000
202604212348,   0.024,   0.259,9999.000,9999.000,9999.000,9999.000,9999.000,9999.000,9999.000
202604212354,   0.051,   0.308,9999.000,9999.000,9999.000,9999.000,9999.000,9999.000,9999.000
202604220000,   0.078,   0.341,   0.200,   0.063,   0.341,   0.200,   0.341,   0.200,   0.341
202604220006,   0.106,   0.370,9999.000,9999.000,9999.000,9999.000,9999.000,9999.000,9999.000
202604220012,   0.135,   0.429,9999.000,9999.000,9999.000,9999.000,9999.000,9999.000,9999.000
202604220018,   0.164,   0.429,9999.000,9999.000,9999.000,9999.000,9999.000,9999.000,9999.000
202604220024,   0.193,   0.478,9999.000,9999.000,9999.000,9999.000,9999.000,9999.000,9999.000
202604220030,   0.222,   0.518,9999.000,9999.000,9999.000,9999.000,9999.000,9999.000,9999.000
202604220036,   0.252,   0.541,9999.000,9999.000,9999.000,9999.000,9999.000,9999.000,9999.000
202604220042,   0.283,   0.570,9999.000,9999.000,9999.000,9999.000,9999.000,9999.000,9999.000
202604220048,   0.313,   0.639,9999.000,9999.000,9999.000,9999.000,9999.000,9999.000,9999.000
202604220054,   0.344,   0.649,9999.000,9999.000,9999.000,9999.000,9999.000,9999.000,9999.000
202604220100,   0.375,   0.659,   0.200,   0.084,   0.659,   0.200,   0.659,   0.200,   0.659
202604220106,   0.406,   0.731,9999.000,9999.000,9999.000,9999.000,9999.000,9999.000,9999.000
202604220112,   0.437,   0.718,9999.000,9999.000,9999.000,9999.000,9999.000,9999.000,9999.000
202604220118,   0.468,   0.760,9999.000,9999.000,9999.000,9999.000,9999.000,9999.000,9999.000
202604220124,   0.499,   0.770,9999.000,9999.000,9999.000,9999.000,9999.000,9999.000,9999.000
202604220130,   0.530,   0.810,9999.000,9999.000,9999.000,9999.000,9999.000,9999.000,9999.000
202604220136,   0.560,   0.819,9999.000,9999.000,9999.000,9999.000,9999.000,9999.000,9999.000
202604220142,   0.591,   0.879,9999.000,9999.000,9999.000,9999.000,9999.000,9999.000,9999.000
202604220148,   0.621,   0.879,9999.000,9999.000,9999.000,9999.000,9999.000,9999.000,9999.000
202604220154,   0.650,   0.908,9999.000,9999.000,9999.000,9999.000,9999.000,9999.000,9999.000
202604220200,   0.680,   0.941,   0.200,   0.061,   0.941,   0.200,   0.941,   0.200,   0.941
202604220206,   0.708,   0.990,9999.000,9999.000,9999.000,9999.000,9999.000,9999.000,9999.000
202604220212,   0.737,   1.039,9999.000,9999.000,9999.000,9999.000,9999.000,9999.000,9999.000
202604220218,   0.764,   1.039,9999.000,9999.000,9999.000,9999.000,9999.000,9999.000,9999.000
202604220224,   0.791,   1.059,9999.000,9999.000,9999.000,9999.000,9999.000,9999.000,9999.000
202604220230,   0.817,   1.108,9999.000,9999.000,9999.000,9999.000,9999.000,9999.000,9999.000
202604220236,   0.843,   1.108,9999.000,9999.000,9999.000,9999.000,9999.000,9999.000,9999.000
202604220242,   0.868,   1.161,9999.000,9999.000,9999.000,9999.000,9999.000,9999.000,9999.000
202604220248,   0.891,   1.151,9999.000,9999.000,9999.000,9999.000,9999.000,9999.000,9999.000
202604220254,   0.914,   1.190,9999.000,9999.000,9999.000,9999.000,9999.000,9999.000,9999.000
202604220300,   0.936,   1.200,   0.200,   0.064,   1.200,   0.200,   1.200,   0.200,   1.200
202604220306,   0.957,   1.210,9999.000,9999.000,9999.000,9999.000,9999.000,9999.000,9999.000
202604220312,   0.976,   1.249,9999.000,9999.000,9999.000,9999.000,9999.000,9999.000,9999.000
202604220318,   0.995,   1.259,9999.000,9999.000,9999.000,9999.000,9999.000,9999.000,9999.000
202604220324,   1.013,   1.249,9999.000,9999.000,9999.000,9999.000,9999.000,9999.000,9999.000
202604220330,   1.029,   1.279,9999.000,9999.000,9999.000,9999.000,9999.000,9999.000,9999.000
202604220336,   1.044,   1.298,9999.000,9999.000,9999.000,9999.000,9999.000,9999.000,9999.000
202604220342,   1.058,   1.328,9999.000,9999.000,9999.000,9999.000,9999.000,9999.000,9999.000
202604220348,   1.071,   1.298,9999.000,9999.000,9999.000,9999.000,9999.000,9999.000,9999.000
202604220354,   1.083,   1.318,9999.000,9999.000,9999.000,9999.000,9999.000,9999.000,9999.000
202604220400,   1.093,   1.318,   0.200,   0.025,   1.318,   0.200,   1.318,   0.200,   1.318
202604220406,   1.102,   1.328,9999.000,9999.000,9999.000,9999.000,9999.000,9999.000,9999.000
202604220412,   1.110,   1.338,9999.000,9999.000,9999.000,9999.000,9999.000,9999.000,9999.000
202604220418,   1.117,   1.318,9999.000,9999.000,9999.000,9999.000,9999.000,9999.000,9999.000
202604220424,   1.123,   1.328,9999.000,9999.000,9999.000,9999.000,9999.000,9999.000,9999.000
202604220430,   1.127,   1.348,9999.000,9999.000,9999.000,9999.000,9999.000,9999.000,9999.000
202604220436,   1.131,   1.348,9999.000,9999.000,9999.000,9999.000,9999.000,9999.000,9999.000
202604220442,   1.133,   1.361,9999.000,9999.000,9999.000,9999.000,9999.000,9999.000,9999.000
202604220448,   1.134,   1.348,9999.000,9999.000,9999.000,9999.000,9999.000,9999.000,9999.000
202604220454,   1.134,   1.371,9999.000,9999.000,9999.000,9999.000,9999.000,9999.000,9999.000
202604220500,   1.133,   1.348,   0.200,   0.015,   1.348,   0.200,   1.348,   0.200,   1.348
202604220506,   1.131,   1.308,9999.000,9999.000,9999.000,9999.000,9999.000,9999.000,9999.000
202604220512,   1.128,   1.318,9999.000,9999.000,9999.000,9999.000,9999.000,9999.000,9999.000
202604220518,   1.124,   1.318,9999.000,9999.000,9999.000,9999.000,9999.000,9999.000,9999.000
202604220524,   1.119,   1.289,9999.000,9999.000,9999.000,9999.000,9999.000,9999.000,9999.000
202604220530,   1.113,   1.289,9999.000,9999.000,9999.000,9999.000,9999.000,9999.000,9999.000
202604220536,   1.107,   1.298,9999.000,9999.000,9999.000,9999.000,9999.000,9999.000,9999.000
202604220542,   1.099,   1.279,9999.000,9999.000,9999.000,9999.000,9999.000,9999.000,9999.000
202604220548,   1.091,   1.239,9999.000,9999.000,9999.000,9999.000,9999.000,9999.000,9999.000
202604220554,   1.082,   1.259,9999.000,9999.000,9999.000,9999.000,9999.000,9999.000,9999.000
202604220600,   1.072,   1.229,   0.200,  -0.043,   1.229,   0.200,   1.229,   0.200,   1.229
202604220606,   1.062,   1.210,9999.000,9999.000,9999.000,9999.000,9999.000,9999.000,9999.000
202604220612,   1.050,   1.200,9999.000,9999.000,9999.000,9999.000,9999.000,9999.000,9999.000
202604220618,   1.039,   1.190,9999.000,9999.000,9999.000,9999.000,9999.000,9999.000,9999.000
202604220624,   1.026,   1.190,9999.000,9999.000,9999.000,9999.000,9999.000,9999.000,9999.000
202604220630,   1.013,   1.128,9999.000,9999.000,9999.000,9999.000,9999.000,9999.000,9999.000
202604220636,   1.000,   1.128,9999.000,9999.000,9999.000,9999.000,9999.000,9999.000,9999.000
202604220642,   0.985,   1.138,9999.000,9999.000,9999.000,9999.000,9999.000,9999.000,9999.000
202604220648,   0.971,   1.128,9999.000,9999.000,9999.000,9999.000,9999.000,9999.000,9999.000
202604220654,   0.956,   1.088,9999.000,9999.000,9999.000,9999.000,9999.000,9999.000,9999.000
202604220700,   0.940,   1.059,   0.200,  -0.081,   1.059,   0.200,   1.059,   0.200,   1.059
202604220706,   0.924,   1.079,9999.000,9999.000,9999.000,9999.000,9999.000,9999.000,9999.000
202604220712,   0.907,   1.059,9999.000,9999.000,9999.000,9999.000,9999.000,9999.000,9999.000
202604220718,   0.890,   1.029,9999.000,9999.000,9999.000,9999.000,9999.000,9999.000,9999.000
202604220724,   0.873,   1.020,9999.000,9999.000,9999.000,9999.000,9999.000,9999.000,9999.000
202604220730,   0.855,   1.000,9999.000,9999.000,9999.000,9999.000,9999.000,9999.000,9999.000
202604220736,   0.837,   0.990,9999.000,9999.000,9999.000,9999.000,9999.000,9999.000,9999.000
202604220742,   0.819,   0.980,9999.000,9999.000,9999.000,9999.000,9999.000,9999.000,9999.000
202604220748,   0.800,   0.951,9999.000,9999.000,9999.000,9999.000,9999.000,9999.000,9999.000
202604220754,   0.781,   0.951,9999.000,9999.000,9999.000,9999.000,9999.000,9999.000,9999.000
202604220800,   0.762,   0.928,   0.200,  -0.034,   0.928,   0.200,   0.928,   0.200,   0.928
202604220806,   0.743,   0.928,9999.000,9999.000,9999.000,9999.000,9999.000,9999.000,9999.000
202604220812,   0.723,   0.918,9999.000,9999.000,9999.000,9999.000,9999.000,9999.000,9999.000
202604220818,   0.704,   0.888,9999.000,9999.000,9999.000,9999.000,9999.000,9999.000,9999.000
202604220824,   0.684,   0.869,9999.000,9999.000,9999.000,9999.000,9999.000,9999.000,9999.000
202604220830,   0.664,   0.849,9999.000,9999.000,9999.000,9999.000,9999.000,9999.000,9999.000
202604220836,   0.645,   0.800,9999.000,9999.000,9999.000,9999.000,9999.000,9999.000,9999.000
202604220842,   0.625,   0.829,9999.000,9999.000,9999.000,9999.000,9999.000,9999.000,9999.000
202604220848,   0.606,   0.790,9999.000,9999.000,9999.000,9999.000,9999.000,9999.000,9999.000
202604220854,   0.586,   0.669,9999.000,9999.000,9999.000,9999.000,9999.000,9999.000,9999.000
202604220900,   0.567,   0.639,   0.200,  -0.128,   0.639,   0.200,   0.639,   0.200,   0.639
202604220906,   0.548,   0.790,9999.000,9999.000,9999.000,9999.000,9999.000,9999.000,9999.000
202604220912,   0.529,   0.751,9999.000,9999.000,9999.000,9999.000,9999.000,9999.000,9999.000
202604220918,   0.511,   0.698,9999.000,9999.000,9999.000,9999.000,9999.000,9999.000,9999.000
202604220924,   0.493,   0.708,9999.000,9999.000,9999.000,9999.000,9999.000,9999.000,9999.000
202604220930,   0.475,   0.639,9999.000,9999.000,9999.000,9999.000,9999.000,9999.000,9999.000
202604220936,   0.458,   0.639,9999.000,9999.000,9999.000,9999.000,9999.000,9999.000,9999.000
202604220942,   0.441,   0.639,9999.000,9999.000,9999.000,9999.000,9999.000,9999.000,9999.000
202604220948,   0.424,   0.590,9999.000,9999.000,9999.000,9999.000,9999.000,9999.000,9999.000
202604220954,   0.409,   0.600,9999.000,9999.000,9999.000,9999.000,9999.000,9999.000,9999.000
202604221000,   0.393,   0.600,   0.200,   0.007,   0.600,   0.200,   0.600,   0.200,   0.600
202604221006,   0.378,   0.600,9999.000,9999.000,9999.000,9999.000,9999.000,9999.000,9999.000
202604221012,   0.364,   0.580,9999.000,9999.000,9999.000,9999.000,9999.000,9999.000,9999.000
202604221018,   0.350,   0.551,9999.000,9999.000,9999.000,9999.000,9999.000,9999.000,9999.000
202604221024,   0.337,   0.580,9999.000,9999.000,9999.000,9999.000,9999.000,9999.000,9999.000
202604221030,   0.325,   0.619,9999.000,9999.000,9999.000,9999.000,9999.000,9999.000,9999.000
202604221036,   0.313,   0.551,9999.000,9999.000,9999.000,9999.000,9999.000,9999.000,9999.000
202604221042,   0.302,   0.560,9999.000,9999.000,9999.000,9999.000,9999.000,9999.000,9999.000
202604221048,   0.292,   0.541,9999.000,9999.000,9999.000,9999.000,9999.000,9999.000,9999.000
202604221054,   0.282,   0.551,9999.000,9999.000,9999.000,9999.000,9999.000,9999.000,9999.000
202604221100,   0.273,   0.518,   0.200,   0.045,   0.518,   0.200,   0.518,   0.200,   0.518
202604221106,   0.265,   0.469,9999.000,9999.000,9999.000,9999.000,9999.000,9999.000,9999.000
202604221112,   0.257,   0.498,9999.000,9999.000,9999.000,9999.000,9999.000,9999.000,9999.000
202604221118,   0.250,   0.488,9999.000,9999.000,9999.000,9999.000,9999.000,9999.000,9999.000
202604221124,   0.244,   0.488,9999.000,9999.000,9999.000,9999.000,9999.000,9999.000,9999.000
202604221130,   0.238,   0.459,9999.000,9999.000,9999.000,9999.000,9999.000,9999.000,9999.000
202604221136,   0.233,   0.469,9999.000,9999.000,9999.000,9999.000,9999.000,9999.000,9999.000
202604221142,   0.229,   0.488,9999.000,9999.000,9999.000,9999.000,9999.000,9999.000,9999.000
202604221148,   0.225,   0.449,9999.000,9999.000,9999.000,9999.000,9999.000,9999.000,9999.000
202604221154,   0.223,   0.429,9999.000,9999.000,9999.000,9999.000,9999.000,9999.000,9999.000
202604221200,   0.220,   0.469,   0.200,   0.049,   0.469,   0.200,   0.469,   0.200,   0.469
202604221206,   0.219,   0.469,9999.000,9999.000,9999.000,9999.000,9999.000,9999.000,9999.000
202604221212,   0.218,   0.478,9999.000,9999.000,9999.000,9999.000,9999.000,9999.000,9999.000
202604221218,   0.217,   0.459,9999.000,9999.000,9999.000,9999.000,9999.000,9999.000,9999.000
202604221224,   0.217,   0.498,9999.000,9999.000,9999.000,9999.000,9999.000,9999.000,9999.000
202604221230,   0.218,   0.508,9999.000,9999.000,9999.000,9999.000,9999.000,9999.000,9999.000
202604221236,   0.219,   0.469,9999.000,9999.000,9999.000,9999.000,9999.000,9999.000,9999.000
202604221242,   0.221,   0.469,9999.000,9999.000,9999.000,9999.000,9999.000,9999.000,9999.000
202604221248,   0.223,   0.488,9999.000,9999.000,9999.000,9999.000,9999.000,9999.000,9999.000
202604221254,   0.226,   0.469,9999.000,9999.000,9999.000,9999.000,9999.000,9999.000,9999.000
202604221300,   0.229,   0.469,   0.200,   0.040,   0.469,   0.200,   0.469,   0.200,   0.469
202604221306,   0.233,   0.459,9999.000,9999.000,9999.000,9999.000,9999.000,9999.000,9999.000
202604221312,   0.237,   0.469,9999.000,9999.000,9999.000,9999.000,9999.000,9999.000,9999.000
202604221318,   0.242,   0.478,9999.000,9999.000,9999.000,9999.000,9999.000,9999.000,9999.000
202604221324,   0.246,   0.498,9999.000,9999.000,9999.000,9999.000,9999.000,9999.000,9999.000
202604221330,   0.251,   0.498,9999.000,9999.000,9999.000,9999.000,9999.000,9999.000,9999.000
202604221336,   0.257,   0.498,9999.000,9999.000,9999.000,9999.000,9999.000,9999.000,9999.000
202604221342,   0.262,   0.508,9999.000,9999.000,9999.000,9999.000,9999.000,9999.000,9999.000
202604221348,   0.268,   0.541,9999.000,9999.000,9999.000,9999.000,9999.000,9999.000,9999.000
202604221354,   0.274,   0.560,9999.000,9999.000,9999.000,9999.000,9999.000,9999.000,9999.000
202604221400,   0.280,   0.518,   0.200,   0.038,   0.518,   0.200,   0.518,   0.200,   0.518
202604221406,   0.286,   0.590,9999.000,9999.000,9999.000,9999.000,9999.000,9999.000,9999.000
202604221412,   0.292,   0.570,9999.000,9999.000,9999.000,9999.000,9999.000,9999.000,9999.000
202604221418,   0.298,   0.590,9999.000,9999.000,9999.000,9999.000,9999.000,9999.000,9999.000
202604221424,   0.303,   0.570,9999.000,9999.000,9999.000,9999.000,9999.000,9999.000,9999.000
202604221430,   0.309,   0.590,9999.000,9999.000,9999.000,9999.000,9999.000,9999.000,9999.000
202604221436,   0.314,   0.560,9999.000,9999.000,9999.000,9999.000,9999.000,9999.000,9999.000
202604221442,   0.320,   0.580,9999.000,9999.000,9999.000,9999.000,9999.000,9999.000,9999.000
202604221448,   0.325,   0.619,9999.000,9999.000,9999.000,9999.000,9999.000,9999.000,9999.000
202604221454,   0.329,   0.590,9999.000,9999.000,9999.000,9999.000,9999.000,9999.000,9999.000
202604221500,   0.333,   0.580,   0.200,   0.047,   0.580,   0.200,   0.580,   0.200,   0.580
202604221506,   0.337,   0.560,9999.000,9999.000,9999.000,9999.000,9999.000,9999.000,9999.000
202604221512,   0.340,   0.610,9999.000,9999.000,9999.000,9999.000,9999.000,9999.000,9999.000
202604221518,   0.343,   0.580,9999.000,9999.000,9999.000,9999.000,9999.000,9999.000,9999.000
202604221524,   0.345,   0.600,9999.000,9999.000,9999.000,9999.000,9999.000,9999.000,9999.000
202604221530,   0.346,   0.600,9999.000,9999.000,9999.000,9999.000,9999.000,9999.000,9999.000
202604221536,   0.347,   0.610,9999.000,9999.000,9999.000,9999.000,9999.000,9999.000,9999.000
202604221542,   0.347,   0.590,9999.000,9999.000,9999.000,9999.000,9999.000,9999.000,9999.000
202604221548,   0.347,   0.610,9999.000,9999.000,9999.000,9999.000,9999.000,9999.000,9999.000
202604221554,   0.346,   0.639,9999.000,9999.000,9999.000,9999.000,9999.000,9999.000,9999.000
202604221600,   0.344,   0.610,   0.200,   0.066,   0.610,   0.200,   0.610,   0.200,   0.610
202604221606,   0.341,   0.619,9999.000,9999.000,9999.000,9999.000,9999.000,9999.000,9999.000
202604221612,   0.338,   0.590,9999.000,9999.000,9999.000,9999.000,9999.000,9999.000,9999.000
202604221618,   0.333,   0.590,9999.000,9999.000,9999.000,9999.000,9999.000,9999.000,9999.000
202604221624,   0.329,   0.590,9999.000,9999.000,9999.000,9999.000,9999.000,9999.000,9999.000
202604221630,   0.323,   0.541,9999.000,9999.000,9999.000,9999.000,9999.000,9999.000,9999.000
202604221636,   0.316,   0.541,9999.000,9999.000,9999.000,9999.000,9999.000,9999.000,9999.000
202604221642,   0.309,   0.531,9999.000,9999.000,9999.000,9999.000,9999.000,9999.000,9999.000
202604221648,   0.302,   0.531,9999.000,9999.000,9999.000,9999.000,9999.000,9999.000,9999.000
202604221654,   0.293,   0.518,9999.000,9999.000,9999.000,9999.000,9999.000,9999.000,9999.000
202604221700,   0.284,   0.518,   0.200,   0.034,   0.518,   0.200,   0.518,   0.200,   0.518
202604221706,   0.274,   0.478,9999.000,9999.000,9999.000,9999.000,9999.000,9999.000,9999.000
202604221712,   0.264,   0.498,9999.000,9999.000,9999.000,9999.000,9999.000,9999.000,9999.000
202604221718,   0.253,   0.488,9999.000,9999.000,9999.000,9999.000,9999.000,9999.000,9999.000
202604221724,   0.241,   0.469,9999.000,9999.000,9999.000,9999.000,9999.000,9999.000,9999.000
202604221730,   0.229,   0.469,9999.000,9999.000,9999.000,9999.000,9999.000,9999.000,9999.000
202604221736,   0.217,   0.429,9999.000,9999.000,9999.000,9999.000,9999.000,9999.000,9999.000
202604221742,   0.204,   0.478,9999.000,9999.000,9999.000,9999.000,9999.000,9999.000,9999.000
202604221748,   0.191,   0.439,9999.000,9999.000,9999.000,9999.000,9999.000,9999.000,9999.000
202604221754,   0.177,   0.429,9999.000,9999.000,9999.000,9999.000,9999.000,9999.000,9999.000
202604221800,   0.163,   0.409,   0.300,  -0.054,   0.409,   0.300,   0.409,   0.300,   0.409
202604221806,   0.149,   0.380,9999.000,9999.000,9999.000,9999.000,9999.000,9999.000,9999.000
202604221812,   0.134,   0.390,9999.000,9999.000,9999.000,9999.000,9999.000,9999.000,9999.000
202604221818,   0.120,   0.350,9999.000,9999.000,9999.000,9999.000,9999.000,9999.000,9999.000
202604221824,   0.105,   0.308,9999.000,9999.000,9999.000,9999.000,9999.000,9999.000,9999.000
202604221830,   0.090,   0.308,9999.000,9999.000,9999.000,9999.000,9999.000,9999.000,9999.000
202604221836,   0.075,   0.308,9999.000,9999.000,9999.000,9999.000,9999.000,9999.000,9999.000
202604221842,   0.060,   0.268,9999.000,9999.000,9999.000,9999.000,9999.000,9999.000,9999.000
202604221848,   0.045,   0.229,9999.000,9999.000,9999.000,9999.000,9999.000,9999.000,9999.000
202604221854,   0.029,   0.229,9999.000,9999.000,9999.000,9999.000,9999.000,9999.000,9999.000
202604221900,   0.014,   0.219,   0.300,  -0.095,   0.219,   0.300,   0.219,   0.300,   0.219
202604221906,   0.000,   0.209,9999.000,9999.000,9999.000,9999.000,9999.000,9999.000,9999.000
202604221912,  -0.015,   0.209,9999.000,9999.000,9999.000,9999.000,9999.000,9999.000,9999.000
202604221918,  -0.030,   0.170,9999.000,9999.000,9999.000,9999.000,9999.000,9999.000,9999.000
202604221924,  -0.044,   0.170,9999.000,9999.000,9999.000,9999.000,9999.000,9999.000,9999.000
202604221930,  -0.059,   0.131,9999.000,9999.000,9999.000,9999.000,9999.000,9999.000,9999.000
202604221936,  -0.073,   0.180,9999.000,9999.000,9999.000,9999.000,9999.000,9999.000,9999.000
202604221942,  -0.088,   0.150,9999.000,9999.000,9999.000,9999.000,9999.000,9999.000,9999.000
202604221948,  -0.102,   0.121,9999.000,9999.000,9999.000,9999.000,9999.000,9999.000,9999.000
202604221954,  -0.115,   0.111,9999.000,9999.000,9999.000,9999.000,9999.000,9999.000,9999.000
202604222000,  -0.129,   0.078,   0.300,  -0.093,   0.078,   0.300,   0.078,   0.300,   0.078
202604222006,  -0.142,   0.059,9999.000,9999.000,9999.000,9999.000,9999.000,9999.000,9999.000
202604222012,  -0.155,   0.078,9999.000,9999.000,9999.000,9999.000,9999.000,9999.000,9999.000
202604222018,  -0.167,   0.059,9999.000,9999.000,9999.000,9999.000,9999.000,9999.000,9999.000
202604222024,  -0.179,   0.039,9999.000,9999.000,9999.000,9999.000,9999.000,9999.000,9999.000
202604222030,  -0.190,   0.019,9999.000,9999.000,9999.000,9999.000,9999.000,9999.000,9999.000
202604222036,  -0.201,   0.009,9999.000,9999.000,9999.000,9999.000,9999.000,9999.000,9999.000
202604222042,  -0.212,   0.049,9999.000,9999.000,9999.000,9999.000,9999.000,9999.000,9999.000
202604222048,  -0.222,   0.009,9999.000,9999.000,9999.000,9999.000,9999.000,9999.000,9999.000
202604222054,  -0.231,   0.009,9999.000,9999.000,9999.000,9999.000,9999.000,9999.000,9999.000
202604222100,  -0.240,  -0.019,   0.300,  -0.079,  -0.019,   0.300,  -0.019,   0.300,  -0.019
202604222106,  -0.248,  -0.039,9999.000,9999.000,9999.000,9999.000,9999.000,9999.000,9999.000
202604222112,  -0.256,   0.009,9999.000,9999.000,9999.000,9999.000,9999.000,9999.000,9999.000
202604222118,  -0.262,  -0.049,9999.000,9999.000,9999.000,9999.000,9999.000,9999.000,9999.000
202604222124,  -0.269,  -0.098,9999.000,9999.000,9999.000,9999.000,9999.000,9999.000,9999.000
202604222130,  -0.274,  -0.039,9999.000,9999.000,9999.000,9999.000,9999.000,9999.000,9999.000
202604222136,  -0.278,  -0.009,9999.000,9999.000,9999.000,9999.000,9999.000,9999.000,9999.000
202604222142,  -0.282,  -0.088,9999.000,9999.000,9999.000,9999.000,9999.000,9999.000,9999.000
202604222148,  -0.285,  -0.098,9999.000,9999.000,9999.000,9999.000,9999.000,9999.000,9999.000
202604222154,  -0.287,  -0.068,9999.000,9999.000,9999.000,9999.000,9999.000,9999.000,9999.000
202604222200,  -0.288,  -0.068,   0.300,  -0.080,  -0.068,   0.300,  -0.068,   0.300,  -0.068
202604222206,  -0.288,  -0.059,9999.000,9999.000,9999.000,9999.000,9999.000,9999.000,9999.000
202604222212,  -0.287,  -0.049,9999.000,9999.000,9999.000,9999.000,9999.000,9999.000,9999.000
202604222218,  -0.286,  -0.078,9999.000,9999.000,9999.000,9999.000,9999.000,9999.000,9999.000
202604222224,  -0.283,  -0.039,9999.000,9999.000,9999.000,9999.000,9999.000,9999.000,9999.000
202604222230,  -0.279,  -0.029,9999.000,9999.000,9999.000,9999.000,9999.000,9999.000,9999.000
202604222236,  -0.274,  -0.049,9999.000,9999.000,9999.000,9999.000,9999.000,9999.000,9999.000
202604222242,  -0.269,  -0.019,9999.000,9999.000,9999.000,9999.000,9999.000,9999.000,9999.000
202604222248,  -0.262,  -0.029,9999.000,9999.000,9999.000,9999.000,9999.000,9999.000,9999.000
202604222254,  -0.254,  -0.019,9999.000,9999.000,9999.000,9999.000,9999.000,9999.000,9999.000
202604222300,  -0.246,   0.009,   0.300,  -0.045,   0.009,   0.300,   0.009,   0.300,   0.009
202604222306,  -0.236,   0.029,9999.000,9999.000,9999.000,9999.000,9999.000,9999.000,9999.000
202604222312,  -0.226,   0.029,9999.000,9999.000,9999.000,9999.000,9999.000,9999.000,9999.000
202604222318,  -0.214,   0.019,9999.000,9999.000,9999.000,9999.000,9999.000,9999.000,9999.000
202604222324,  -0.202,   0.039,9999.000,9999.000,9999.000,9999.000,9999.000,9999.000,9999.000
202604222330,  -0.188,   0.049,9999.000,9999.000,9999.000,9999.000,9999.000,9999.000,9999.000
202604222336,  -0.174,   0.078,9999.000,9999.000,9999.000,9999.000,9999.000,9999.000,9999.000
202604222342,  -0.158,   0.078,9999.000,9999.000,9999.000,9999.000,9999.000,9999.000,9999.000
202604222348,  -0.142,   0.098,9999.000,9999.000,9999.000,9999.000,9999.000,9999.000,9999.000
202604222354,  -0.125,   0.121,9999.000,9999.000,9999.000,9999.000,9999.000,9999.000,9999.000
202604230000,  -0.107,   0.170,   0.200,   0.077,   0.170,   0.200,   0.170,   0.300,   0.270
202604230006,  -0.089,   0.170,9999.000,9999.000,9999.000,9999.000,9999.000,9999.000,9999.000
202604230012,  -0.069,   0.200,9999.000,9999.000,9999.000,9999.000,9999.000,9999.000,9999.000
202604230018,  -0.049,   0.229,9999.000,9999.000,9999.000,9999.000,9999.000,9999.000,9999.000
202604230024,  -0.028,   0.239,9999.000,9999.000,9999.000,9999.000,9999.000,9999.000,9999.000
202604230030,  -0.006,   0.288,9999.000,9999.000,9999.000,9999.000,9999.000,9999.000,9999.000
202604230036,   0.015,   0.288,9999.000,9999.000,9999.000,9999.000,9999.000,9999.000,9999.000
202604230042,   0.038,   0.331,9999.000,9999.000,9999.000,9999.000,9999.000,9999.000,9999.000
202604230048,   0.061,   0.350,9999.000,9999.000,9999.000,9999.000,9999.000,9999.000,9999.000
202604230054,   0.086,   0.390,9999.000,9999.000,9999.000,9999.000,9999.000,9999.000,9999.000
202604230100,   0.110,   0.419,   0.200,   0.109,   0.419,   0.200,   0.419,   0.300,   0.519
202604230106,   0.136,   0.400,9999.000,9999.000,9999.000,9999.000,9999.000,9999.000,9999.000
202604230112,   0.161,   0.439,9999.000,9999.000,9999.000,9999.000,9999.000,9999.000,9999.000
202604230118,   0.187,   0.429,9999.000,9999.000,9999.000,9999.000,9999.000,9999.000,9999.000
202604230124,   0.214,   0.478,9999.000,9999.000,9999.000,9999.000,9999.000,9999.000,9999.000
202604230130,   0.241,   0.518,9999.000,9999.000,9999.000,9999.000,9999.000,9999.000,9999.000
202604230136,   0.268,   0.531,9999.000,9999.000,9999.000,9999.000,9999.000,9999.000,9999.000
202604230142,   0.296,   0.590,9999.000,9999.000,9999.000,9999.000,9999.000,9999.000,9999.000
202604230148,   0.323,   0.590,9999.000,9999.000,9999.000,9999.000,9999.000,9999.000,9999.000
202604230154,   0.351,   0.610,9999.000,9999.000,9999.000,9999.000,9999.000,9999.000,9999.000
202604230200,   0.380,   0.659,   0.200,   0.079,   0.659,   0.200,   0.659,   0.200,   0.659
202604230206,   0.408,   0.678,9999.000,9999.000,9999.000,9999.000,9999.000,9999.000,9999.000
202604230212,   0.436,   0.708,9999.000,9999.000,9999.000,9999.000,9999.000,9999.000,9999.000
202604230218,   0.464,   0.731,9999.000,9999.000,9999.000,9999.000,9999.000,9999.000,9999.000
202604230224,   0.493,   0.760,9999.000,9999.000,9999.000,9999.000,9999.000,9999.000,9999.000
202604230230,   0.521,   0.819,9999.000,9999.000,9999.000,9999.000,9999.000,9999.000,9999.000
202604230236,   0.549,   0.829,9999.000,9999.000,9999.000,9999.000,9999.000,9999.000,9999.000
202604230242,   0.576,   0.879,9999.000,9999.000,9999.000,9999.000,9999.000,9999.000,9999.000
202604230248,   0.604,   0.898,9999.000,9999.000,9999.000,9999.000,9999.000,9999.000,9999.000
202604230254,   0.631,   0.961,9999.000,9999.000,9999.000,9999.000,9999.000,9999.000,9999.000
202604230300,   0.658,   0.961,   0.200,   0.103,   0.961,   0.200,   0.961,   0.200,   0.961
202604230306,   0.684,   0.990,9999.000,9999.000,9999.000,9999.000,9999.000,9999.000,9999.000
202604230312,   0.710,   1.020,9999.000,9999.000,9999.000,9999.000,9999.000,9999.000,9999.000
202604230318,   0.735,   1.059,9999.000,9999.000,9999.000,9999.000,9999.000,9999.000,9999.000
202604230324,   0.760,   1.079,9999.000,9999.000,9999.000,9999.000,9999.000,9999.000,9999.000
202604230330,   0.784,   1.108,9999.000,9999.000,9999.000,9999.000,9999.000,9999.000,9999.000
202604230336,   0.807,   1.088,9999.000,9999.000,9999.000,9999.000,9999.000,9999.000,9999.000
202604230342,   0.830,   1.118,9999.000,9999.000,9999.000,9999.000,9999.000,9999.000,9999.000
202604230348,   0.852,   1.118,9999.000,9999.000,9999.000,9999.000,9999.000,9999.000,9999.000
202604230354,   0.873,   1.151,9999.000,9999.000,9999.000,9999.000,9999.000,9999.000,9999.000
202604230400,   0.893,   1.161,   0.200,   0.068,   1.161,   0.200,   1.161,   0.200,   1.161
202604230406,   0.912,   1.220,9999.000,9999.000,9999.000,9999.000,9999.000,9999.000,9999.000
202604230412,   0.930,   1.229,9999.000,9999.000,9999.000,9999.000,9999.000,9999.000,9999.000
202604230418,   0.947,   1.229,9999.000,9999.000,9999.000,9999.000,9999.000,9999.000,9999.000
202604230424,   0.963,   1.249,9999.000,9999.000,9999.000,9999.000,9999.000,9999.000,9999.000
202604230430,   0.978,   1.279,9999.000,9999.000,9999.000,9999.000,9999.000,9999.000,9999.000
202604230436,   0.993,   1.279,9999.000,9999.000,9999.000,9999.000,9999.000,9999.000,9999.000
202604230442,   1.006,   1.289,9999.000,9999.000,9999.000,9999.000,9999.000,9999.000,9999.000
202604230448,   1.018,   1.318,9999.000,9999.000,9999.000,9999.000,9999.000,9999.000,9999.000
202604230454,   1.029,   1.318,9999.000,9999.000,9999.000,9999.000,9999.000,9999.000,9999.000
202604230500,   1.038,   1.328,   0.300,  -0.010,   1.328,   0.200,   1.228,   0.300,   1.328
202604230506,   1.047,   1.328,9999.000,9999.000,9999.000,9999.000,9999.000,9999.000,9999.000
202604230512,   1.055,   1.338,9999.000,9999.000,9999.000,9999.000,9999.000,9999.000,9999.000
202604230518,   1.062,   1.289,9999.000,9999.000,9999.000,9999.000,9999.000,9999.000,9999.000
202604230524,   1.067,   1.338,9999.000,9999.000,9999.000,9999.000,9999.000,9999.000,9999.000
202604230530,   1.072,   1.361,9999.000,9999.000,9999.000,9999.000,9999.000,9999.000,9999.000
202604230536,   1.075,   1.318,9999.000,9999.000,9999.000,9999.000,9999.000,9999.000,9999.000
202604230542,   1.078,   1.380,9999.000,9999.000,9999.000,9999.000,9999.000,9999.000,9999.000
202604230548,   1.079,   1.361,9999.000,9999.000,9999.000,9999.000,9999.000,9999.000,9999.000
202604230554,   1.080,   1.328,9999.000,9999.000,9999.000,9999.000,9999.000,9999.000,9999.000
202604230600,   1.080,   1.298,   0.300,  -0.082,   1.298,   0.300,   1.298,   0.300,   1.298
202604230606,   1.079,   1.361,9999.000,9999.000,9999.000,9999.000,9999.000,9999.000,9999.000
202604230612,   1.077,   1.348,9999.000,9999.000,9999.000,9999.000,9999.000,9999.000,9999.000
202604230618,   1.074,   1.328,9999.000,9999.000,9999.000,9999.000,9999.000,9999.000,9999.000
202604230624,   1.070,   1.328,9999.000,9999.000,9999.000,9999.000,9999.000,9999.000,9999.000
202604230630,   1.065,   1.318,9999.000,9999.000,9999.000,9999.000,9999.000,9999.000,9999.000
202604230636,   1.060,   1.338,9999.000,9999.000,9999.000,9999.000,9999.000,9999.000,9999.000
202604230642,   1.054,   1.328,9999.000,9999.000,9999.000,9999.000,9999.000,9999.000,9999.000
202604230648,   1.047,   1.318,9999.000,9999.000,9999.000,9999.000,9999.000,9999.000,9999.000
202604230654,   1.039,   1.318,9999.000,9999.000,9999.000,9999.000,9999.000,9999.000,9999.000
202604230700,   1.031,   1.289,   0.300,  -0.042,   1.289,   0.300,   1.289,   0.300,   1.289
202604230706,   1.022,   1.279,9999.000,9999.000,9999.000,9999.000,9999.000,9999.000,9999.000
202604230712,   1.013,   1.239,9999.000,9999.000,9999.000,9999.000,9999.000,9999.000,9999.000
202604230718,   1.002,   1.259,9999.000,9999.000,9999.000,9999.000,9999.000,9999.000,9999.000
202604230724,   0.991,   1.239,9999.000,9999.000,9999.000,9999.000,9999.000,9999.000,9999.000
202604230730,   0.980,   1.269,9999.000,9999.000,9999.000,9999.000,9999.000,9999.000,9999.000
202604230736,   0.968,   1.220,9999.000,9999.000,9999.000,9999.000,9999.000,9999.000,9999.000
202604230742,   0.955,   1.229,9999.000,9999.000,9999.000,9999.000,9999.000,9999.000,9999.000
202604230748,   0.942,   1.200,9999.000,9999.000,9999.000,9999.000,9999.000,9999.000,9999.000
202604230754,   0.928,   1.161,9999.000,9999.000,9999.000,9999.000,9999.000,9999.000,9999.000
202604230800,   0.914,   1.210,   0.300,  -0.004,   1.210,   0.300,   1.210,   0.300,   1.210
202604230806,   0.900,   1.200,9999.000,9999.000,9999.000,9999.000,9999.000,9999.000,9999.000
202604230812,   0.884,   1.161,9999.000,9999.000,9999.000,9999.000,9999.000,9999.000,9999.000
202604230818,   0.869,   1.128,9999.000,9999.000,9999.000,9999.000,9999.000,9999.000,9999.000
202604230824,   0.853,   1.118,9999.000,9999.000,9999.000,9999.000,9999.000,9999.000,9999.000
202604230830,   0.836,   1.079,9999.000,9999.000,9999.000,9999.000,9999.000,9999.000,9999.000
202604230836,   0.820,   1.069,9999.000,9999.000,9999.000,9999.000,9999.000,9999.000,9999.000
202604230842,   0.802,   1.059,9999.000,9999.000,9999.000,9999.000,9999.000,9999.000,9999.000
202604230848,   0.785,   1.000,9999.000,9999.000,9999.000,9999.000,9999.000,9999.000,9999.000
202604230854,   0.767,   0.970,9999.000,9999.000,9999.000,9999.000,9999.000,9999.000,9999.000
202604230900,   0.749,   1.000,   0.300,  -0.049,   1.000,   0.300,   1.000,   0.300,   1.000
202604230906,   0.731,   0.951,9999.000,9999.000,9999.000,9999.000,9999.000,9999.000,9999.000
202604230912,   0.713,   0.888,9999.000,9999.000,9999.000,9999.000,9999.000,9999.000,9999.000
202604230918,   0.694,   0.961,9999.000,9999.000,9999.000,9999.000,9999.000,9999.000,9999.000
202604230924,   0.675,   0.928,9999.000,9999.000,9999.000,9999.000,9999.000,9999.000,9999.000
202604230930,   0.657,   0.898,9999.000,9999.000,9999.000,9999.000,9999.000,9999.000,9999.000
202604230936,   0.638,   0.928,9999.000,9999.000,9999.000,9999.000,9999.000,9999.000,9999.000
202604230942,   0.619,   0.859,9999.000,9999.000,9999.000,9999.000,9999.000,9999.000,9999.000
202604230948,   0.601,   0.869,9999.000,9999.000,9999.000,9999.000,9999.000,9999.000,9999.000
202604230954,   0.582,   0.888,9999.000,9999.000,9999.000,9999.000,9999.000,9999.000,9999.000
202604231000,   0.564,   0.888,   0.300,   0.024,   0.888,   0.300,   0.888,   0.300,   0.888
202604231006,   0.546,   0.849,9999.000,9999.000,9999.000,9999.000,9999.000,9999.000,9999.000
202604231012,   0.528,   0.810,9999.000,9999.000,9999.000,9999.000,9999.000,9999.000,9999.000
202604231018,   0.510,   0.780,9999.000,9999.000,9999.000,9999.000,9999.000,9999.000,9999.000
202604231024,   0.493,   0.790,9999.000,9999.000,9999.000,9999.000,9999.000,9999.000,9999.000
202604231030,   0.475,   0.741,9999.000,9999.000,9999.000,9999.000,9999.000,9999.000,9999.000
202604231036,   0.459,   0.741,9999.000,9999.000,9999.000,9999.000,9999.000,9999.000,9999.000
202604231042,   0.443,   0.718,9999.000,9999.000,9999.000,9999.000,9999.000,9999.000,9999.000
202604231048,   0.427,   0.659,9999.000,9999.000,9999.000,9999.000,9999.000,9999.000,9999.000
202604231054,   0.411,   0.698,9999.000,9999.000,9999.000,9999.000,9999.000,9999.000,9999.000
202604231100,   0.396,   0.731,   0.300,   0.035,   0.731,   0.200,   0.631,   0.300,   0.731
202604231106,   0.382,   0.678,9999.000,9999.000,9999.000,9999.000,9999.000,9999.000,9999.000
202604231112,   0.368,   0.639,9999.000,9999.000,9999.000,9999.000,9999.000,9999.000,9999.000
202604231118,   0.355,   0.678,9999.000,9999.000,9999.000,9999.000,9999.000,9999.000,9999.000
202604231124,   0.343,   0.649,9999.000,9999.000,9999.000,9999.000,9999.000,9999.000,9999.000
202604231130,   0.331,   0.649,9999.000,9999.000,9999.000,9999.000,9999.000,9999.000,9999.000
202604231136,   0.319,   0.629,9999.000,9999.000,9999.000,9999.000,9999.000,9999.000,9999.000
202604231142,   0.309,   0.629,9999.000,9999.000,9999.000,9999.000,9999.000,9999.000,9999.000
202604231148,   0.298,   0.600,9999.000,9999.000,9999.000,9999.000,9999.000,9999.000,9999.000
202604231154,   0.289,   0.610,9999.000,9999.000,9999.000,9999.000,9999.000,9999.000,9999.000
202604231200,   0.280,   0.610,   0.200,   0.130,   0.610,   0.200,   0.610,   0.200,   0.610
202604231206,   0.272,   0.610,9999.000,9999.000,9999.000,9999.000,9999.000,9999.000,9999.000
202604231212,   0.265,   0.570,9999.000,9999.000,9999.000,9999.000,9999.000,9999.000,9999.000
202604231218,   0.258,   0.580,9999.000,9999.000,9999.000,9999.000,9999.000,9999.000,9999.000
202604231224,   0.252,   0.531,9999.000,9999.000,9999.000,9999.000,9999.000,9999.000,9999.000
202604231230,   0.246,   0.531,9999.000,9999.000,9999.000,9999.000,9999.000,9999.000,9999.000
202604231236,   0.242,   0.551,9999.000,9999.000,9999.000,9999.000,9999.000,9999.000,9999.000
202604231242,   0.237,   0.570,9999.000,9999.000,9999.000,9999.000,9999.000,9999.000,9999.000
202604231248,   0.234,   0.541,9999.000,9999.000,9999.000,9999.000,9999.000,9999.000,9999.000
202604231254,   0.231,   0.531,9999.000,9999.000,9999.000,9999.000,9999.000,9999.000,9999.000
202604231300,   0.229,   0.551,   0.200,   0.122,   0.551,   0.200,   0.551,   0.200,   0.551
202604231306,   0.227,   0.551,9999.000,9999.000,9999.000,9999.000,9999.000,9999.000,9999.000
202604231312,   0.227,   0.541,9999.000,9999.000,9999.000,9999.000,9999.000,9999.000,9999.000
202604231318,   0.226,   0.560,9999.000,9999.000,9999.000,9999.000,9999.000,9999.000,9999.000
202604231324,   0.227,   0.560,9999.000,9999.000,9999.000,9999.000,9999.000,9999.000,9999.000
202604231330,   0.227,   0.590,9999.000,9999.000,9999.000,9999.000,9999.000,9999.000,9999.000
202604231336,   0.229,   0.531,9999.000,9999.000,9999.000,9999.000,9999.000,9999.000,9999.000
202604231342,   0.231,   0.570,9999.000,9999.000,9999.000,9999.000,9999.000,9999.000,9999.000
202604231348,   0.233,   0.551,9999.000,9999.000,9999.000,9999.000,9999.000,9999.000,9999.000
202604231354,   0.236,   0.531,9999.000,9999.000,9999.000,9999.000,9999.000,9999.000,9999.000
202604231400,   0.240,   0.570,   0.200,   0.130,   0.570,   0.200,   0.570,   0.200,   0.570
202604231406,   0.244,   0.541,9999.000,9999.000,9999.000,9999.000,9999.000,9999.000,9999.000
202604231412,   0.248,   0.551,9999.000,9999.000,9999.000,9999.000,9999.000,9999.000,9999.000
202604231418,   0.253,   0.531,9999.000,9999.000,9999.000,9999.000,9999.000,9999.000,9999.000
202604231424,   0.258,   0.570,9999.000,9999.000,9999.000,9999.000,9999.000,9999.000,9999.000
202604231430,   0.263,   0.600,9999.000,9999.000,9999.000,9999.000,9999.000,9999.000,9999.000
202604231436,   0.269,   0.580,9999.000,9999.000,9999.000,9999.000,9999.000,9999.000,9999.000
202604231442,   0.275,   0.580,9999.000,9999.000,9999.000,9999.000,9999.000,9999.000,9999.000
202604231448,   0.281,   0.590,9999.000,9999.000,9999.000,9999.000,9999.000,9999.000,9999.000
202604231454,   0.287,   0.639,9999.000,9999.000,9999.000,9999.000,9999.000,9999.000,9999.000
202604231500,   0.294,   0.629,   0.200,   0.135,   0.629,   0.200,   0.629,   0.200,   0.629
202604231506,   0.300,   0.649,9999.000,9999.000,9999.000,9999.000,9999.000,9999.000,9999.000
202604231512,   0.307,   0.639,9999.000,9999.000,9999.000,9999.000,9999.000,9999.000,9999.000
202604231518,   0.314,   0.649,9999.000,9999.000,9999.000,9999.000,9999.000,9999.000,9999.000
202604231524,   0.320,   0.639,9999.000,9999.000,9999.000,9999.000,9999.000,9999.000,9999.000
202604231530,   0.326,   0.698,9999.000,9999.000,9999.000,9999.000,9999.000,9999.000,9999.000
202604231536,   0.333,   0.659,9999.000,9999.000,9999.000,9999.000,9999.000,9999.000,9999.000
202604231542,   0.339,   0.678,9999.000,9999.000,9999.000,9999.000,9999.000,9999.000,9999.000
202604231548,   0.344,   0.659,9999.000,9999.000,9999.000,9999.000,9999.000,9999.000,9999.000
202604231554,   0.350,   0.649,9999.000,9999.000,9999.000,9999.000,9999.000,9999.000,9999.000
202604231600,   0.355,   0.678,   0.200,   0.123,   0.678,   0.200,   0.678,   0.200,   0.678
202604231606,   0.360,   0.708,9999.000,9999.000,9999.000,9999.000,9999.000,9999.000,9999.000
202604231612,   0.364,   0.678,9999.000,9999.000,9999.000,9999.000,9999.000,9999.000,9999.000
202604231618,   0.368,   0.639,9999.000,9999.000,9999.000,9999.000,9999.000,9999.000,9999.000
202604231624,   0.371,   0.659,9999.000,9999.000,9999.000,9999.000,9999.000,9999.000,9999.000
202604231630,   0.374,   0.718,9999.000,9999.000,9999.000,9999.000,9999.000,9999.000,9999.000
202604231636,   0.376,   0.688,9999.000,9999.000,9999.000,9999.000,9999.000,9999.000,9999.000
202604231642,   0.377,   0.659,9999.000,9999.000,9999.000,9999.000,9999.000,9999.000,9999.000
202604231648,   0.378,   0.698,9999.000,9999.000,9999.000,9999.000,9999.000,9999.000,9999.000
202604231654,   0.378,   0.688,9999.000,9999.000,9999.000,9999.000,9999.000,9999.000,9999.000
202604231700,   0.378,   0.708,   0.200,   0.130,   0.708,   0.200,   0.708,   0.300,   0.808
202604231706,   0.377,   0.688,9999.000,9999.000,9999.000,9999.000,9999.000,9999.000,9999.000
202604231712,   0.375,   0.669,9999.000,9999.000,9999.000,9999.000,9999.000,9999.000,9999.000
202604231718,   0.372,   0.659,9999.000,9999.000,9999.000,9999.000,9999.000,9999.000,9999.000
202604231724,   0.369,   0.708,9999.000,9999.000,9999.000,9999.000,9999.000,9999.000,9999.000
202604231730,   0.365,   0.649,9999.000,9999.000,9999.000,9999.000,9999.000,9999.000,9999.000
202604231736,   0.361,   0.669,9999.000,9999.000,9999.000,9999.000,9999.000,9999.000,9999.000
202604231742,   0.356,   0.639,9999.000,9999.000,9999.000,9999.000,9999.000,9999.000,9999.000
202604231748,   0.350,   0.659,9999.000,9999.000,9999.000,9999.000,9999.000,9999.000,9999.000
202604231754,   0.344,   0.659,9999.000,9999.000,9999.000,9999.000,9999.000,9999.000,9999.000
202604231800,   0.337,   0.649,   0.300,   0.012,   0.649,   0.300,   0.649,   0.300,   0.649
202604231806,   0.329,   0.639,9999.000,9999.000,9999.000,9999.000,9999.000,9999.000,9999.000
202604231812,   0.321,   0.629,9999.000,9999.000,9999.000,9999.000,9999.000,9999.000,9999.000
202604231818,   0.312,   0.629,9999.000,9999.000,9999.000,9999.000,9999.000,9999.000,9999.000
202604231824,   0.303,   0.639,9999.000,9999.000,9999.000,9999.000,9999.000,9999.000,9999.000
202604231830,   0.293,   0.619,9999.000,9999.000,9999.000,9999.000,9999.000,9999.000,9999.000
202604231836,   0.283,   0.600,9999.000,9999.000,9999.000,9999.000,9999.000,9999.000,9999.000
202604231842,   0.273,   0.541,9999.000,9999.000,9999.000,9999.000,9999.000,9999.000,9999.000
202604231848,   0.262,   0.541,9999.000,9999.000,9999.000,9999.000,9999.000,9999.000,9999.000
202604231854,   0.251,   0.541,9999.000,9999.000,9999.000,9999.000,9999.000,9999.000,9999.000
202604231900,   0.239,   0.600,   0.300,   0.061,   0.600,   0.300,   0.600,   0.300,   0.600
202604231906,   0.227,   0.570,9999.000,9999.000,9999.000,9999.000,9999.000,9999.000,9999.000
202604231912,   0.215,   0.560,9999.000,9999.000,9999.000,9999.000,9999.000,9999.000,9999.000
202604231918,   0.203,   0.488,9999.000,9999.000,9999.000,9999.000,9999.000,9999.000,9999.000
202604231924,   0.190,   0.469,9999.000,9999.000,9999.000,9999.000,9999.000,9999.000,9999.000
202604231930,   0.178,   0.459,9999.000,9999.000,9999.000,9999.000,9999.000,9999.000,9999.000
202604231936,   0.165,   0.459,9999.000,9999.000,9999.000,9999.000,9999.000,9999.000,9999.000
202604231942,   0.152,   0.419,9999.000,9999.000,9999.000,9999.000,9999.000,9999.000,9999.000
202604231948,   0.139,   0.409,9999.000,9999.000,9999.000,9999.000,9999.000,9999.000,9999.000
202604231954,   0.125,   0.390,9999.000,9999.000,9999.000,9999.000,9999.000,9999.000,9999.000
202604232000,   0.112,   0.409,   0.300,  -0.003,   0.409,   0.300,   0.409,   0.300,   0.409
202604232006,   0.099,   0.400,9999.000,9999.000,9999.000,9999.000,9999.000,9999.000,9999.000
202604232012,   0.086,   0.380,9999.000,9999.000,9999.000,9999.000,9999.000,9999.000,9999.000
202604232018,   0.072,   0.360,9999.000,9999.000,9999.000,9999.000,9999.000,9999.000,9999.000
202604232024,   0.059,   0.321,9999.000,9999.000,9999.000,9999.000,9999.000,9999.000,9999.000
202604232030,   0.046,   0.360,9999.000,9999.000,9999.000,9999.000,9999.000,9999.000,9999.000
202604232036,   0.033,   0.321,9999.000,9999.000,9999.000,9999.000,9999.000,9999.000,9999.000
202604232042,   0.020,   0.308,9999.000,9999.000,9999.000,9999.000,9999.000,9999.000,9999.000
202604232048,   0.007,   0.268,9999.000,9999.000,9999.000,9999.000,9999.000,9999.000,9999.000
202604232054,  -0.004,   0.259,9999.000,9999.000,9999.000,9999.000,9999.000,9999.000,9999.000
202604232100,  -0.017,   0.229,   0.400,  -0.154,   0.229,   0.300,   0.129,   0.400,   0.229
202604232106,  -0.029,   0.219,9999.000,9999.000,9999.000,9999.000,9999.000,9999.000,9999.000
202604232112,  -0.041,   0.200,9999.000,9999.000,9999.000,9999.000,9999.000,9999.000,9999.000
202604232118,  -0.053,   0.200,9999.000,9999.000,9999.000,9999.000,9999.000,9999.000,9999.000
202604232124,  -0.064,   0.209,9999.000,9999.000,9999.000,9999.000,9999.000,9999.000,9999.000
202604232130,  -0.075,   0.209,9999.000,9999.000,9999.000,9999.000,9999.000,9999.000,9999.000
202604232136,  -0.086,   0.190,9999.000,9999.000,9999.000,9999.000,9999.000,9999.000,9999.000
202604232142,  -0.096,   0.170,9999.000,9999.000,9999.000,9999.000,9999.000,9999.000,9999.000
202604232148,  -0.106,   0.160,9999.000,9999.000,9999.000,9999.000,9999.000,9999.000,9999.000
202604232154,  -0.116,   0.150,9999.000,9999.000,9999.000,9999.000,9999.000,9999.000,9999.000
202604232200,  -0.125,   0.098,   0.400,  -0.177,   0.098,   0.300,  -0.002,   0.400,   0.098
202604232206,  -0.133,   0.098,9999.000,9999.000,9999.000,9999.000,9999.000,9999.000,9999.000
202604232212,  -0.141,   0.141,9999.000,9999.000,9999.000,9999.000,9999.000,9999.000,9999.000
202604232218,  -0.148,   0.111,9999.000,9999.000,9999.000,9999.000,9999.000,9999.000,9999.000
202604232224,  -0.154,   0.088,9999.000,9999.000,9999.000,9999.000,9999.000,9999.000,9999.000
202604232230,  -0.160,   0.078,9999.000,9999.000,9999.000,9999.000,9999.000,9999.000,9999.000
202604232236,  -0.165,   0.068,9999.000,9999.000,9999.000,9999.000,9999.000,9999.000,9999.000
202604232242,  -0.170,   0.088,9999.000,9999.000,9999.000,9999.000,9999.000,9999.000,9999.000
202604232248,  -0.173,   0.098,9999.000,9999.000,9999.000,9999.000,9999.000,9999.000,9999.000
202604232254,  -0.176,   0.088,9999.000,9999.000,9999.000,9999.000,9999.000,9999.000,9999.000
202604232300,  -0.178,   0.088,   0.300,  -0.034,   0.088,   0.300,   0.088,   0.300,   0.088
202604232306,  -0.180,   0.098,9999.000,9999.000,9999.000,9999.000,9999.000,9999.000,9999.000
202604232312,  -0.180,   0.111,9999.000,9999.000,9999.000,9999.000,9999.000,9999.000,9999.000
202604232318,  -0.179,   0.078,9999.000,9999.000,9999.000,9999.000,9999.000,9999.000,9999.000
202604232324,  -0.178,   0.111,9999.000,9999.000,9999.000,9999.000,9999.000,9999.000,9999.000
202604232330,  -0.176,   0.078,9999.000,9999.000,9999.000,9999.000,9999.000,9999.000,9999.000
202604232336,  -0.173,   0.121,9999.000,9999.000,9999.000,9999.000,9999.000,9999.000,9999.000
202604232342,  -0.169,   0.088,9999.000,9999.000,9999.000,9999.000,9999.000,9999.000,9999.000
202604232348,  -0.164,   0.098,9999.000,9999.000,9999.000,9999.000,9999.000,9999.000,9999.000
202604232354,  -0.158,   0.160,9999.000,9999.000,9999.000,9999.000,9999.000,9999.000,9999.000
202604240000,  -0.151,   0.121,   0.300,  -0.028,   0.121,   0.300,   0.121,   0.300,   0.121
202604240006,  -0.144,   0.170,9999.000,9999.000,9999.000,9999.000,9999.000,9999.000,9999.000
202604240012,  -0.135,   0.170,9999.000,9999.000,9999.000,9999.000,9999.000,9999.000,9999.000
202604240018,  -0.126,   0.170,9999.000,9999.000,9999.000,9999.000,9999.000,9999.000,9999.000
202604240024,  -0.116,   0.219,9999.000,9999.000,9999.000,9999.000,9999.000,9999.000,9999.000
202604240030,  -0.105,   0.229,9999.000,9999.000,9999.000,9999.000,9999.000,9999.000,9999.000
202604240036,  -0.093,   0.259,9999.000,9999.000,9999.000,9999.000,9999.000,9999.000,9999.000
202604240042,  -0.080,   0.278,9999.000,9999.000,9999.000,9999.000,9999.000,9999.000,9999.000
202604240048,  -0.066,   0.268,9999.000,9999.000,9999.000,9999.000,9999.000,9999.000,9999.000
202604240054,  -0.052,   0.298,9999.000,9999.000,9999.000,9999.000,9999.000,9999.000,9999.000
202604240100,  -0.037,   0.288,   0.300,   0.025,   0.288,   0.300,   0.288,   0.300,   0.288
202604240106,  -0.021,   0.278,9999.000,9999.000,9999.000,9999.000,9999.000,9999.000,9999.000
202604240112,  -0.005,   0.341,9999.000,9999.000,9999.000,9999.000,9999.000,9999.000,9999.000
202604240118,   0.012,   0.380,9999.000,9999.000,9999.000,9999.000,9999.000,9999.000,9999.000
202604240124,   0.030,   0.409,9999.000,9999.000,9999.000,9999.000,9999.000,9999.000,9999.000
202604240130,   0.048,   0.400,9999.000,9999.000,9999.000,9999.000,9999.000,9999.000,9999.000
202604240136,   0.068,   0.419,9999.000,9999.000,9999.000,9999.000,9999.000,9999.000,9999.000
202604240142,   0.087,   0.429,9999.000,9999.000,9999.000,9999.000,9999.000,9999.000,9999.000
202604240148,   0.108,   0.449,9999.000,9999.000,9999.000,9999.000,9999.000,9999.000,9999.000
202604240154,   0.129,   0.449,9999.000,9999.000,9999.000,9999.000,9999.000,9999.000,9999.000
202604240200,   0.150,   0.459,   0.300,   0.009,   0.459,   0.300,   0.459,   0.300,   0.459
202604240206,   0.173,   0.488,9999.000,9999.000,9999.000,9999.000,9999.000,9999.000,9999.000
202604240212,   0.195,   0.518,9999.000,9999.000,9999.000,9999.000,9999.000,9999.000,9999.000
202604240218,   0.218,   0.541,9999.000,9999.000,9999.000,9999.000,9999.000,9999.000,9999.000
202604240224,   0.241,   0.590,9999.000,9999.000,9999.000,9999.000,9999.000,9999.000,9999.000
202604240230,   0.265,   0.600,9999.000,9999.000,9999.000,9999.000,9999.000,9999.000,9999.000
202604240236,   0.289,   0.629,9999.000,9999.000,9999.000,9999.000,9999.000,9999.000,9999.000
202604240242,   0.314,   0.649,9999.000,9999.000,9999.000,9999.000,9999.000,9999.000,9999.000
202604240248,   0.338,   0.698,9999.000,9999.000,9999.000,9999.000,9999.000,9999.000,9999.000
202604240254,   0.363,   0.731,9999.000,9999.000,9999.000,9999.000,9999.000,9999.000,9999.000
202604240300,   0.389,   0.708,   0.300,   0.019,   0.708,   0.300,   0.708,   0.300,   0.708
202604240306,   0.414,   0.751,9999.000,9999.000,9999.000,9999.000,9999.000,9999.000,9999.000
202604240312,   0.439,   0.819,9999.000,9999.000,9999.000,9999.000,9999.000,9999.000,9999.000
202604240318,   0.464,   0.790,9999.000,9999.000,9999.000,9999.000,9999.000,9999.000,9999.000
202604240324,   0.490,   0.849,9999.000,9999.000,9999.000,9999.000,9999.000,9999.000,9999.000
202604240330,   0.515,   0.869,9999.000,9999.000,9999.000,9999.000,9999.000,9999.000,9999.000
202604240336,   0.540,   0.888,9999.000,9999.000,9999.000,9999.000,9999.000,9999.000,9999.000
202604240342,   0.565,   0.898,9999.000,9999.000,9999.000,9999.000,9999.000,9999.000,9999.000
202604240348,   0.590,   0.941,9999.000,9999.000,9999.000,9999.000,9999.000,9999.000,9999.000
202604240354,   0.615,   1.000,9999.000,9999.000,9999.000,9999.000,9999.000,9999.000,9999.000
202604240400,   0.639,   0.980,   0.300,   0.041,   0.980,   0.300,   0.980,   0.300,   0.980
202604240406,   0.663,   1.010,9999.000,9999.000,9999.000,9999.000,9999.000,9999.000,9999.000
202604240412,   0.687,   1.039,9999.000,9999.000,9999.000,9999.000,9999.000,9999.000,9999.000
202604240418,   0.710,   1.049,9999.000,9999.000,9999.000,9999.000,9999.000,9999.000,9999.000
202604240424,   0.732,   1.079,9999.000,9999.000,9999.000,9999.000,9999.000,9999.000,9999.000
202604240430,   0.754,   1.108,9999.000,9999.000,9999.000,9999.000,9999.000,9999.000,9999.000
202604240436,   0.775,   1.108,9999.000,9999.000,9999.000,9999.000,9999.000,9999.000,9999.000
202604240442,   0.796,   1.138,9999.000,9999.000,9999.000,9999.000,9999.000,9999.000,9999.000
202604240448,   0.816,   1.210,9999.000,9999.000,9999.000,9999.000,9999.000,9999.000,9999.000
202604240454,   0.835,   1.190,9999.000,9999.000,9999.000,9999.000,9999.000,9999.000,9999.000
202604240500,   0.853,   1.180,   0.300,   0.027,   1.180,   0.300,   1.180,   0.300,   1.180
202604240506,   0.871,   1.210,9999.000,9999.000,9999.000,9999.000,9999.000,9999.000,9999.000
202604240512,   0.888,   1.259,9999.000,9999.000,9999.000,9999.000,9999.000,9999.000,9999.000
202604240518,   0.903,   1.249,9999.000,9999.000,9999.000,9999.000,9999.000,9999.000,9999.000
202604240524,   0.918,   1.279,9999.000,9999.000,9999.000,9999.000,9999.000,9999.000,9999.000
202604240530,   0.932,   1.259,9999.000,9999.000,9999.000,9999.000,9999.000,9999.000,9999.000
202604240536,   0.945,   1.239,9999.000,9999.000,9999.000,9999.000,9999.000,9999.000,9999.000
202604240542,   0.957,   1.289,9999.000,9999.000,9999.000,9999.000,9999.000,9999.000,9999.000
202604240548,   0.969,   1.328,9999.000,9999.000,9999.000,9999.000,9999.000,9999.000,9999.000
202604240554,   0.979,   1.328,9999.000,9999.000,9999.000,9999.000,9999.000,9999.000,9999.000
202604240600,   0.988,   1.289,   0.400,  -0.099,   1.289,   0.300,   1.189,   0.400,   1.289
202604240606,   0.996,   1.308,9999.000,9999.000,9999.000,9999.000,9999.000,9999.000,9999.000
202604240612,   1.004,   1.318,9999.000,9999.000,9999.000,9999.000,9999.000,9999.000,9999.000
202604240618,   1.010,   1.348,9999.000,9999.000,9999.000,9999.000,9999.000,9999.000,9999.000
202604240624,   1.016,   1.348,9999.000,9999.000,9999.000,9999.000,9999.000,9999.000,9999.000
202604240630,   1.020,   1.338,9999.000,9999.000,9999.000,9999.000,9999.000,9999.000,9999.000
202604240636,   1.024,   1.318,9999.000,9999.000,9999.000,9999.000,9999.000,9999.000,9999.000
202604240642,   1.026,   1.338,9999.000,9999.000,9999.000,9999.000,9999.000,9999.000,9999.000
202604240648,   1.028,   1.338,9999.000,9999.000,9999.000,9999.000,9999.000,9999.000,9999.000
202604240654,   1.029,   1.318,9999.000,9999.000,9999.000,9999.000,9999.000,9999.000,9999.000
202604240700,   1.029,   1.328,   0.400,  -0.101,   1.328,   0.400,   1.328,   0.400,   1.328
202604240706,   1.028,   1.298,9999.000,9999.000,9999.000,9999.000,9999.000,9999.000,9999.000
202604240712,   1.027,   1.308,9999.000,9999.000,9999.000,9999.000,9999.000,9999.000,9999.000
202604240718,   1.024,   1.318,9999.000,9999.000,9999.000,9999.000,9999.000,9999.000,9999.000
202604240724,   1.021,   1.308,9999.000,9999.000,9999.000,9999.000,9999.000,9999.000,9999.000
202604240730,   1.017,   1.269,9999.000,9999.000,9999.000,9999.000,9999.000,9999.000,9999.000
202604240736,   1.013,   1.279,9999.000,9999.000,9999.000,9999.000,9999.000,9999.000,9999.000
202604240742,   1.007,   1.279,9999.000,9999.000,9999.000,9999.000,9999.000,9999.000,9999.000
202604240748,   1.001,   1.269,9999.000,9999.000,9999.000,9999.000,9999.000,9999.000,9999.000
202604240754,   0.994,   1.259,9999.000,9999.000,9999.000,9999.000,9999.000,9999.000,9999.000
202604240800,   0.987,   1.279,   0.400,  -0.108,   1.279,   0.400,   1.279,   0.400,   1.279
202604240806,   0.978,   1.249,9999.000,9999.000,9999.000,9999.000,9999.000,9999.000,9999.000
202604240812,   0.970,   1.239,9999.000,9999.000,9999.000,9999.000,9999.000,9999.000,9999.000
202604240818,   0.960,   1.249,9999.000,9999.000,9999.000,9999.000,9999.000,9999.000,9999.000
202604240824,   0.950,   1.229,9999.000,9999.000,9999.000,9999.000,9999.000,9999.000,9999.000
202604240830,   0.939,   1.180,9999.000,9999.000,9999.000,9999.000,9999.000,9999.000,9999.000
202604240836,   0.928,   1.180,9999.000,9999.000,9999.000,9999.000,9999.000,9999.000,9999.000
202604240842,   0.916,   1.170,9999.000,9999.000,9999.000,9999.000,9999.000,9999.000,9999.000
202604240848,   0.903,   1.200,9999.000,9999.000,9999.000,9999.000,9999.000,9999.000,9999.000
202604240854,   0.890,   1.138,9999.000,9999.000,9999.000,9999.000,9999.000,9999.000,9999.000
202604240900,   0.877,   1.128,   0.400,  -0.149,   1.128,   0.400,   1.128,   0.400,   1.128
202604240906,   0.863,   1.069,9999.000,9999.000,9999.000,9999.000,9999.000,9999.000,9999.000
202604240912,   0.848,   1.088,9999.000,9999.000,9999.000,9999.000,9999.000,9999.000,9999.000
202604240918,   0.833,   1.098,9999.000,9999.000,9999.000,9999.000,9999.000,9999.000,9999.000
202604240924,   0.817,   1.029,9999.000,9999.000,9999.000,9999.000,9999.000,9999.000,9999.000
202604240930,   0.801,   1.039,9999.000,9999.000,9999.000,9999.000,9999.000,9999.000,9999.000
202604240936,   0.785,   1.000,9999.000,9999.000,9999.000,9999.000,9999.000,9999.000,9999.000
202604240942,   0.768,   1.000,9999.000,9999.000,9999.000,9999.000,9999.000,9999.000,9999.000
202604240948,   0.751,   0.990,9999.000,9999.000,9999.000,9999.000,9999.000,9999.000,9999.000
202604240954,   0.734,   0.980,9999.000,9999.000,9999.000,9999.000,9999.000,9999.000,9999.000
202604241000,   0.716,   0.970,   0.400,  -0.146,   0.970,   0.400,   0.970,   0.400,   0.970
202604241006,   0.698,   0.941,9999.000,9999.000,9999.000,9999.000,9999.000,9999.000,9999.000
202604241012,   0.680,   0.951,9999.000,9999.000,9999.000,9999.000,9999.000,9999.000,9999.000
202604241018,   0.662,   0.951,9999.000,9999.000,9999.000,9999.000,9999.000,9999.000,9999.000
202604241024,   0.644,   0.879,9999.000,9999.000,9999.000,9999.000,9999.000,9999.000,9999.000
202604241030,   0.626,   0.849,9999.000,9999.000,9999.000,9999.000,9999.000,9999.000,9999.000
202604241036,   0.607,   0.859,9999.000,9999.000,9999.000,9999.000,9999.000,9999.000,9999.000
202604241042,   0.589,   0.839,9999.000,9999.000,9999.000,9999.000,9999.000,9999.000,9999.000
202604241048,   0.571,   0.819,9999.000,9999.000,9999.000,9999.000,9999.000,9999.000,9999.000
202604241054,   0.553,   0.780,9999.000,9999.000,9999.000,9999.000,9999.000,9999.000,9999.000
202604241100,   0.535,   0.760,   0.400,  -0.175,   0.760,   0.300,   0.660,   0.400,   0.760
202604241106,   0.517,   0.741,9999.000,9999.000,9999.000,9999.000,9999.000,9999.000,9999.000
202604241112,   0.500,   0.718,9999.000,9999.000,9999.000,9999.000,9999.000,9999.000,9999.000
202604241118,   0.482,   0.708,9999.000,9999.000,9999.000,9999.000,9999.000,9999.000,9999.000
202604241124,   0.465,   0.669,9999.000,9999.000,9999.000,9999.000,9999.000,9999.000,9999.000
202604241130,   0.449,   0.639,9999.000,9999.000,9999.000,9999.000,9999.000,9999.000,9999.000
202604241136,   0.433,   0.688,9999.000,9999.000,9999.000,9999.000,9999.000,9999.000,9999.000
202604241142,   0.417,   0.678,9999.000,9999.000,9999.000,9999.000,9999.000,9999.000,9999.000
202604241148,   0.402,   0.649,9999.000,9999.000,9999.000,9999.000,9999.000,9999.000,9999.000
202604241154,   0.387,9999.000,9999.000,9999.000,9999.000,9999.000,9999.000,9999.000,9999.000
202604241200,   0.373,9999.000,   0.300,  -0.162,   0.511,   0.300,   0.511,   0.300,   0.511
202604241206,   0.359,9999.000,9999.000,9999.000,9999.000,9999.000,9999.000,9999.000,9999.000
202604241212,   0.346,9999.000,9999.000,9999.000,9999.000,9999.000,9999.000,9999.000,9999.000
202604241218,   0.333,9999.000,9999.000,9999.000,9999.000,9999.000,9999.000,9999.000,9999.000
202604241224,   0.321,9999.000,9999.000,9999.000,9999.000,9999.000,9999.000,9999.000,9999.000
202604241230,   0.310,9999.000,9999.000,9999.000,9999.000,9999.000,9999.000,9999.000,9999.000
202604241236,   0.299,9999.000,9999.000,9999.000,9999.000,9999.000,9999.000,9999.000,9999.000
202604241242,   0.289,9999.000,9999.000,9999.000,9999.000,9999.000,9999.000,9999.000,9999.000
202604241248,   0.280,9999.000,9999.000,9999.000,9999.000,9999.000,9999.000,9999.000,9999.000
202604241254,   0.271,9999.000,9999.000,9999.000,9999.000,9999.000,9999.000,9999.000,9999.000
202604241300,   0.263,9999.000,   0.300,  -0.148,   0.415,   0.300,   0.415,   0.300,   0.415
202604241306,   0.255,9999.000,9999.000,9999.000,9999.000,9999.000,9999.000,9999.000,9999.000
202604241312,   0.249,9999.000,9999.000,9999.000,9999.000,9999.000,9999.000,9999.000,9999.000
202604241318,   0.243,9999.000,9999.000,9999.000,9999.000,9999.000,9999.000,9999.000,9999.000
202604241324,   0.237,9999.000,9999.000,9999.000,9999.000,9999.000,9999.000,9999.000,9999.000
202604241330,   0.233,9999.000,9999.000,9999.000,9999.000,9999.000,9999.000,9999.000,9999.000
202604241336,   0.229,9999.000,9999.000,9999.000,9999.000,9999.000,9999.000,9999.000,9999.000
202604241342,   0.225,9999.000,9999.000,9999.000,9999.000,9999.000,9999.000,9999.000,9999.000
202604241348,   0.223,9999.000,9999.000,9999.000,9999.000,9999.000,9999.000,9999.000,9999.000
202604241354,   0.221,9999.000,9999.000,9999.000,9999.000,9999.000,9999.000,9999.000,9999.000
202604241400,   0.220,9999.000,   0.300,  -0.135,   0.385,   0.300,   0.385,   0.300,   0.385
202604241406,   0.219,9999.000,9999.000,9999.000,9999.000,9999.000,9999.000,9999.000,9999.000
202604241412,   0.219,9999.000,9999.000,9999.000,9999.000,9999.000,9999.000,9999.000,9999.000
202604241418,   0.220,9999.000,9999.000,9999.000,9999.000,9999.000,9999.000,9999.000,9999.000
202604241424,   0.221,9999.000,9999.000,9999.000,9999.000,9999.000,9999.000,9999.000,9999.000
202604241430,   0.223,9999.000,9999.000,9999.000,9999.000,9999.000,9999.000,9999.000,9999.000
202604241436,   0.226,9999.000,9999.000,9999.000,9999.000,9999.000,9999.000,9999.000,9999.000
202604241442,   0.229,9999.000,9999.000,9999.000,9999.000,9999.000,9999.000,9999.000,9999.000
202604241448,   0.233,9999.000,9999.000,9999.000,9999.000,9999.000,9999.000,9999.000,9999.000
202604241454,   0.237,9999.000,9999.000,9999.000,9999.000,9999.000,9999.000,9999.000,9999.000
202604241500,   0.242,9999.000,   0.300,  -0.122,   0.420,   0.300,   0.420,   0.300,   0.420
202604241506,   0.247,9999.000,9999.000,9999.000,9999.000,9999.000,9999.000,9999.000,9999.000
202604241512,   0.253,9999.000,9999.000,9999.000,9999.000,9999.000,9999.000,9999.000,9999.000
202604241518,   0.259,9999.000,9999.000,9999.000,9999.000,9999.000,9999.000,9999.000,9999.000
202604241524,   0.266,9999.000,9999.000,9999.000,9999.000,9999.000,9999.000,9999.000,9999.000
202604241530,   0.273,9999.000,9999.000,9999.000,9999.000,9999.000,9999.000,9999.000,9999.000
202604241536,   0.280,9999.000,9999.000,9999.000,9999.000,9999.000,9999.000,9999.000,9999.000
202604241542,   0.288,9999.000,9999.000,9999.000,9999.000,9999.000,9999.000,9999.000,9999.000
202604241548,   0.296,9999.000,9999.000,9999.000,9999.000,9999.000,9999.000,9999.000,9999.000
202604241554,   0.304,9999.000,9999.000,9999.000,9999.000,9999.000,9999.000,9999.000,9999.000
202604241600,   0.313,9999.000,   0.300,  -0.109,   0.504,   0.300,   0.504,   0.300,   0.504
202604241606,   0.321,9999.000,9999.000,9999.000,9999.000,9999.000,9999.000,9999.000,9999.000
202604241612,   0.330,9999.000,9999.000,9999.000,9999.000,9999.000,9999.000,9999.000,9999.000
202604241618,   0.338,9999.000,9999.000,9999.000,9999.000,9999.000,9999.000,9999.000,9999.000
202604241624,   0.347,9999.000,9999.000,9999.000,9999.000,9999.000,9999.000,9999.000,9999.000
202604241630,   0.355,9999.000,9999.000,9999.000,9999.000,9999.000,9999.000,9999.000,9999.000
202604241636,   0.363,9999.000,9999.000,9999.000,9999.000,9999.000,9999.000,9999.000,9999.000
202604241642,   0.372,9999.000,9999.000,9999.000,9999.000,9999.000,9999.000,9999.000,9999.000
202604241648,   0.380,9999.000,9999.000,9999.000,9999.000,9999.000,9999.000,9999.000,9999.000
202604241654,   0.387,9999.000,9999.000,9999.000,9999.000,9999.000,9999.000,9999.000,9999.000
202604241700,   0.395,9999.000,   0.300,  -0.095,   0.600,   0.300,   0.600,   0.400,   0.700
202604241706,   0.402,9999.000,9999.000,9999.000,9999.000,9999.000,9999.000,9999.000,9999.000
202604241712,   0.408,9999.000,9999.000,9999.000,9999.000,9999.000,9999.000,9999.000,9999.000
202604241718,   0.414,9999.000,9999.000,9999.000,9999.000,9999.000,9999.000,9999.000,9999.000
202604241724,   0.420,9999.000,9999.000,9999.000,9999.000,9999.000,9999.000,9999.000,9999.000
202604241730,   0.425,9999.000,9999.000,9999.000,9999.000,9999.000,9999.000,9999.000,9999.000
202604241736,   0.430,9999.000,9999.000,9999.000,9999.000,9999.000,9999.000,9999.000,9999.000
202604241742,   0.434,9999.000,9999.000,9999.000,9999.000,9999.000,9999.000,9999.000,9999.000
202604241748,   0.437,9999.000,9999.000,9999.000,9999.000,9999.000,9999.000,9999.000,9999.000
202604241754,   0.440,9999.000,9999.000,9999.000,9999.000,9999.000,9999.000,9999.000,9999.000
202604241800,   0.442,9999.000,   0.400,  -0.082,   0.760,   0.400,   0.760,   0.400,   0.760
202604241806,   0.443,9999.000,9999.000,9999.000,9999.000,9999.000,9999.000,9999.000,9999.000
202604241812,   0.444,9999.000,9999.000,9999.000,9999.000,9999.000,9999.000,9999.000,9999.000
202604241818,   0.445,9999.000,9999.000,9999.000,9999.000,9999.000,9999.000,9999.000,9999.000
202604241824,   0.444,9999.000,9999.000,9999.000,9999.000,9999.000,9999.000,9999.000,9999.000
202604241830,   0.443,9999.000,9999.000,9999.000,9999.000,9999.000,9999.000,9999.000,9999.000
202604241836,   0.441,9999.000,9999.000,9999.000,9999.000,9999.000,9999.000,9999.000,9999.000
202604241842,   0.439,9999.000,9999.000,9999.000,9999.000,9999.000,9999.000,9999.000,9999.000
202604241848,   0.436,9999.000,9999.000,9999.000,9999.000,9999.000,9999.000,9999.000,9999.000
202604241854,   0.432,9999.000,9999.000,9999.000,9999.000,9999.000,9999.000,9999.000,9999.000
202604241900,   0.428,9999.000,   0.400,  -0.069,   0.759,   0.400,   0.759,   0.400,   0.759
202604241906,   0.423,9999.000,9999.000,9999.000,9999.000,9999.000,9999.000,9999.000,9999.000
202604241912,   0.418,9999.000,9999.000,9999.000,9999.000,9999.000,9999.000,9999.000,9999.000
202604241918,   0.412,9999.000,9999.000,9999.000,9999.000,9999.000,9999.000,9999.000,9999.000
202604241924,   0.405,9999.000,9999.000,9999.000,9999.000,9999.000,9999.000,9999.000,9999.000
202604241930,   0.398,9999.000,9999.000,9999.000,9999.000,9999.000,9999.000,9999.000,9999.000
202604241936,   0.391,9999.000,9999.000,9999.000,9999.000,9999.000,9999.000,9999.000,9999.000
202604241942,   0.383,9999.000,9999.000,9999.000,9999.000,9999.000,9999.000,9999.000,9999.000
202604241948,   0.375,9999.000,9999.000,9999.000,9999.000,9999.000,9999.000,9999.000,9999.000
202604241954,   0.366,9999.000,9999.000,9999.000,9999.000,9999.000,9999.000,9999.000,9999.000
202604242000,   0.357,9999.000,   0.400,  -0.055,   0.702,   0.400,   0.702,   0.400,   0.702
202604242006,   0.347,9999.000,9999.000,9999.000,9999.000,9999.000,9999.000,9999.000,9999.000
202604242012,   0.338,9999.000,9999.000,9999.000,9999.000,9999.000,9999.000,9999.000,9999.000
202604242018,   0.328,9999.000,9999.000,9999.000,9999.000,9999.000,9999.000,9999.000,9999.000
202604242024,   0.317,9999.000,9999.000,9999.000,9999.000,9999.000,9999.000,9999.000,9999.000
202604242030,   0.306,9999.000,9999.000,9999.000,9999.000,9999.000,9999.000,9999.000,9999.000
202604242036,   0.296,9999.000,9999.000,9999.000,9999.000,9999.000,9999.000,9999.000,9999.000
202604242042,   0.284,9999.000,9999.000,9999.000,9999.000,9999.000,9999.000,9999.000,9999.000
202604242048,   0.273,9999.000,9999.000,9999.000,9999.000,9999.000,9999.000,9999.000,9999.000
202604242054,   0.261,9999.000,9999.000,9999.000,9999.000,9999.000,9999.000,9999.000,9999.000
202604242100,   0.250,9999.000,   0.400,  -0.042,   0.608,   0.400,   0.608,   0.400,   0.608
202604242106,   0.238,9999.000,9999.000,9999.000,9999.000,9999.000,9999.000,9999.000,9999.000
202604242112,   0.226,9999.000,9999.000,9999.000,9999.000,9999.000,9999.000,9999.000,9999.000
202604242118,   0.214,9999.000,9999.000,9999.000,9999.000,9999.000,9999.000,9999.000,9999.000
202604242124,   0.201,9999.000,9999.000,9999.000,9999.000,9999.000,9999.000,9999.000,9999.000
202604242130,   0.189,9999.000,9999.000,9999.000,9999.000,9999.000,9999.000,9999.000,9999.000
202604242136,   0.177,9999.000,9999.000,9999.000,9999.000,9999.000,9999.000,9999.000,9999.000
202604242142,   0.165,9999.000,9999.000,9999.000,9999.000,9999.000,9999.000,9999.000,9999.000
202604242148,   0.152,9999.000,9999.000,9999.000,9999.000,9999.000,9999.000,9999.000,9999.000
202604242154,   0.140,9999.000,9999.000,9999.000,9999.000,9999.000,9999.000,9999.000,9999.000
202604242200,   0.128,9999.000,   0.400,  -0.029,   0.499,   0.400,   0.499,   0.400,   0.499
202604242206,   0.116,9999.000,9999.000,9999.000,9999.000,9999.000,9999.000,9999.000,9999.000
202604242212,   0.104,9999.000,9999.000,9999.000,9999.000,9999.000,9999.000,9999.000,9999.000
202604242218,   0.092,9999.000,9999.000,9999.000,9999.000,9999.000,9999.000,9999.000,9999.000
202604242224,   0.081,9999.000,9999.000,9999.000,9999.000,9999.000,9999.000,9999.000,9999.000
202604242230,   0.069,9999.000,9999.000,9999.000,9999.000,9999.000,9999.000,9999.000,9999.000
202604242236,   0.058,9999.000,9999.000,9999.000,9999.000,9999.000,9999.000,9999.000,9999.000
202604242242,   0.047,9999.000,9999.000,9999.000,9999.000,9999.000,9999.000,9999.000,9999.000
202604242248,   0.037,9999.000,9999.000,9999.000,9999.000,9999.000,9999.000,9999.000,9999.000
202604242254,   0.027,9999.000,9999.000,9999.000,9999.000,9999.000,9999.000,9999.000,9999.000
202604242300,   0.017,9999.000,   0.400,  -0.016,   0.401,   0.400,   0.401,   0.400,   0.401
202604242306,   0.008,9999.000,9999.000,9999.000,9999.000,9999.000,9999.000,9999.000,9999.000
202604242312,   0.000,9999.000,9999.000,9999.000,9999.000,9999.000,9999.000,9999.000,9999.000
202604242318,  -0.008,9999.000,9999.000,9999.000,9999.000,9999.000,9999.000,9999.000,9999.000
202604242324,  -0.015,9999.000,9999.000,9999.000,9999.000,9999.000,9999.000,9999.000,9999.000
202604242330,  -0.022,9999.000,9999.000,9999.000,9999.000,9999.000,9999.000,9999.000,9999.000
202604242336,  -0.029,9999.000,9999.000,9999.000,9999.000,9999.000,9999.000,9999.000,9999.000
202604242342,  -0.034,9999.000,9999.000,9999.000,9999.000,9999.000,9999.000,9999.000,9999.000
202604242348,  -0.039,9999.000,9999.000,9999.000,9999.000,9999.000,9999.000,9999.000,9999.000
202604242354,  -0.044,9999.000,9999.000,9999.000,9999.000,9999.000,9999.000,9999.000,9999.000
202604250000,  -0.048,9999.000,   0.400,  -0.016,   0.336,   0.300,   0.236,   0.400,   0.336
202604250006,  -0.050,9999.000,9999.000,9999.000,9999.000,9999.000,9999.000,9999.000,9999.000
202604250012,  -0.053,9999.000,9999.000,9999.000,9999.000,9999.000,9999.000,9999.000,9999.000
202604250018,  -0.054,9999.000,9999.000,9999.000,9999.000,9999.000,9999.000,9999.000,9999.000
202604250024,  -0.055,9999.000,9999.000,9999.000,9999.000,9999.000,9999.000,9999.000,9999.000
202604250030,  -0.054,9999.000,9999.000,9999.000,9999.000,9999.000,9999.000,9999.000,9999.000
202604250036,  -0.053,9999.000,9999.000,9999.000,9999.000,9999.000,9999.000,9999.000,9999.000
202604250042,  -0.051,9999.000,9999.000,9999.000,9999.000,9999.000,9999.000,9999.000,9999.000
202604250048,  -0.049,9999.000,9999.000,9999.000,9999.000,9999.000,9999.000,9999.000,9999.000
202604250054,  -0.045,9999.000,9999.000,9999.000,9999.000,9999.000,9999.000,9999.000,9999.000
202604250100,  -0.041,9999.000,   0.400,  -0.016,   0.343,   0.300,   0.243,   0.400,   0.343
202604250106,  -0.036,9999.000,9999.000,9999.000,9999.000,9999.000,9999.000,9999.000,9999.000
202604250112,  -0.030,9999.000,9999.000,9999.000,9999.000,9999.000,9999.000,9999.000,9999.000
202604250118,  -0.024,9999.000,9999.000,9999.000,9999.000,9999.000,9999.000,9999.000,9999.000
202604250124,  -0.016,9999.000,9999.000,9999.000,9999.000,9999.000,9999.000,9999.000,9999.000
202604250130,  -0.008,9999.000,9999.000,9999.000,9999.000,9999.000,9999.000,9999.000,9999.000
202604250136,   0.000,9999.000,9999.000,9999.000,9999.000,9999.000,9999.000,9999.000,9999.000
202604250142,   0.010,9999.000,9999.000,9999.000,9999.000,9999.000,9999.000,9999.000,9999.000
202604250148,   0.020,9999.000,9999.000,9999.000,9999.000,9999.000,9999.000,9999.000,9999.000
202604250154,   0.032,9999.000,9999.000,9999.000,9999.000,9999.000,9999.000,9999.000,9999.000
202604250200,   0.044,9999.000,   0.300,  -0.016,   0.328,   0.300,   0.328,   0.400,   0.428
202604250206,   0.056,9999.000,9999.000,9999.000,9999.000,9999.000,9999.000,9999.000,9999.000
202604250212,   0.070,9999.000,9999.000,9999.000,9999.000,9999.000,9999.000,9999.000,9999.000
202604250218,   0.084,9999.000,9999.000,9999.000,9999.000,9999.000,9999.000,9999.000,9999.000
202604250224,   0.098,9999.000,9999.000,9999.000,9999.000,9999.000,9999.000,9999.000,9999.000
202604250230,   0.114,9999.000,9999.000,9999.000,9999.000,9999.000,9999.000,9999.000,9999.000
202604250236,   0.130,9999.000,9999.000,9999.000,9999.000,9999.000,9999.000,9999.000,9999.000
202604250242,   0.146,9999.000,9999.000,9999.000,9999.000,9999.000,9999.000,9999.000,9999.000
202604250248,   0.163,9999.000,9999.000,9999.000,9999.000,9999.000,9999.000,9999.000,9999.000
202604250254,   0.181,9999.000,9999.000,9999.000,9999.000,9999.000,9999.000,9999.000,9999.000
202604250300,   0.199,9999.000,   0.300,  -0.016,   0.483,   0.300,   0.483,   0.400,   0.583
202604250306,   0.218,9999.000,9999.000,9999.000,9999.000,9999.000,9999.000,9999.000,9999.000
202604250312,   0.237,9999.000,9999.000,9999.000,9999.000,9999.000,9999.000,9999.000,9999.000
202604250318,   0.257,9999.000,9999.000,9999.000,9999.000,9999.000,9999.000,9999.000,9999.000
202604250324,   0.277,9999.000,9999.000,9999.000,9999.000,9999.000,9999.000,9999.000,9999.000
202604250330,   0.298,9999.000,9999.000,9999.000,9999.000,9999.000,9999.000,9999.000,9999.000
202604250336,   0.319,9999.000,9999.000,9999.000,9999.000,9999.000,9999.000,9999.000,9999.000
202604250342,   0.340,9999.000,9999.000,9999.000,9999.000,9999.000,9999.000,9999.000,9999.000
202604250348,   0.362,9999.000,9999.000,9999.000,9999.000,9999.000,9999.000,9999.000,9999.000
202604250354,   0.384,9999.000,9999.000,9999.000,9999.000,9999.000,9999.000,9999.000,9999.000
202604250400,   0.406,9999.000,   0.300,  -0.016,   0.690,   0.300,   0.690,   0.400,   0.790
202604250406,   0.428,9999.000,9999.000,9999.000,9999.000,9999.000,9999.000,9999.000,9999.000
202604250412,   0.450,9999.000,9999.000,9999.000,9999.000,9999.000,9999.000,9999.000,9999.000
202604250418,   0.473,9999.000,9999.000,9999.000,9999.000,9999.000,9999.000,9999.000,9999.000
202604250424,   0.495,9999.000,9999.000,9999.000,9999.000,9999.000,9999.000,9999.000,9999.000
202604250430,   0.518,9999.000,9999.000,9999.000,9999.000,9999.000,9999.000,9999.000,9999.000
202604250436,   0.540,9999.000,9999.000,9999.000,9999.000,9999.000,9999.000,9999.000,9999.000
202604250442,   0.563,9999.000,9999.000,9999.000,9999.000,9999.000,9999.000,9999.000,9999.000
202604250448,   0.585,9999.000,9999.000,9999.000,9999.000,9999.000,9999.000,9999.000,9999.000
202604250454,   0.607,9999.000,9999.000,9999.000,9999.000,9999.000,9999.000,9999.000,9999.000
202604250500,   0.629,9999.000,   0.400,  -0.016,   1.013,   0.300,   0.913,   0.400,   1.013
202604250506,   0.650,9999.000,9999.000,9999.000,9999.000,9999.000,9999.000,9999.000,9999.000
202604250512,   0.671,9999.000,9999.000,9999.000,9999.000,9999.000,9999.000,9999.000,9999.000
202604250518,   0.692,9999.000,9999.000,9999.000,9999.000,9999.000,9999.000,9999.000,9999.000
202604250524,   0.712,9999.000,9999.000,9999.000,9999.000,9999.000,9999.000,9999.000,9999.000
202604250530,   0.732,9999.000,9999.000,9999.000,9999.000,9999.000,9999.000,9999.000,9999.000
202604250536,   0.751,9999.000,9999.000,9999.000,9999.000,9999.000,9999.000,9999.000,9999.000
202604250542,   0.770,9999.000,9999.000,9999.000,9999.000,9999.000,9999.000,9999.000,9999.000
202604250548,   0.788,9999.000,9999.000,9999.000,9999.000,9999.000,9999.000,9999.000,9999.000
202604250554,   0.805,9999.000,9999.000,9999.000,9999.000,9999.000,9999.000,9999.000,9999.000
202604250600,   0.821,9999.000,   0.400,  -0.016,   1.205,   0.400,   1.205,   0.400,   1.205
202604250606,   0.837,9999.000,9999.000,9999.000,9999.000,9999.000,9999.000,9999.000,9999.000
202604250612,   0.852,9999.000,9999.000,9999.000,9999.000,9999.000,9999.000,9999.000,9999.000
202604250618,   0.866,9999.000,9999.000,9999.000,9999.000,9999.000,9999.000,9999.000,9999.000
202604250624,   0.880,9999.000,9999.000,9999.000,9999.000,9999.000,9999.000,9999.000,9999.000
202604250630,   0.892,9999.000,9999.000,9999.000,9999.000,9999.000,9999.000,9999.000,9999.000
202604250636,   0.904,9999.000,9999.000,9999.000,9999.000,9999.000,9999.000,9999.000,9999.000
202604250642,   0.915,9999.000,9999.000,9999.000,9999.000,9999.000,9999.000,9999.000,9999.000
202604250648,   0.924,9999.000,9999.000,9999.000,9999.000,9999.000,9999.000,9999.000,9999.000
202604250654,   0.933,9999.000,9999.000,9999.000,9999.000,9999.000,9999.000,9999.000,9999.000
202604250700,   0.942,9999.000,   0.400,  -0.016,   1.326,   0.400,   1.326,   0.400,   1.326
202604250706,   0.949,9999.000,9999.000,9999.000,9999.000,9999.000,9999.000,9999.000,9999.000
202604250712,   0.955,9999.000,9999.000,9999.000,9999.000,9999.000,9999.000,9999.000,9999.000
202604250718,   0.961,9999.000,9999.000,9999.000,9999.000,9999.000,9999.000,9999.000,9999.000
202604250724,   0.965,9999.000,9999.000,9999.000,9999.000,9999.000,9999.000,9999.000,9999.000
202604250730,   0.969,9999.000,9999.000,9999.000,9999.000,9999.000,9999.000,9999.000,9999.000
202604250736,   0.972,9999.000,9999.000,9999.000,9999.000,9999.000,9999.000,9999.000,9999.000
202604250742,   0.974,9999.000,9999.000,9999.000,9999.000,9999.000,9999.000,9999.000,9999.000
202604250748,   0.975,9999.000,9999.000,9999.000,9999.000,9999.000,9999.000,9999.000,9999.000
202604250754,   0.976,9999.000,9999.000,9999.000,9999.000,9999.000,9999.000,9999.000,9999.000
202604250800,   0.975,9999.000,   0.400,  -0.016,   1.359,   0.400,   1.359,   0.400,   1.359
202604250806,   0.974,9999.000,9999.000,9999.000,9999.000,9999.000,9999.000,9999.000,9999.000
202604250812,   0.972,9999.000,9999.000,9999.000,9999.000,9999.000,9999.000,9999.000,9999.000
202604250818,   0.969,9999.000,9999.000,9999.000,9999.000,9999.000,9999.000,9999.000,9999.000
202604250824,   0.966,9999.000,9999.000,9999.000,9999.000,9999.000,9999.000,9999.000,9999.000
202604250830,   0.961,9999.000,9999.000,9999.000,9999.000,9999.000,9999.000,9999.000,9999.000
202604250836,   0.956,9999.000,9999.000,9999.000,9999.000,9999.000,9999.000,9999.000,9999.000
202604250842,   0.950,9999.000,9999.000,9999.000,9999.000,9999.000,9999.000,9999.000,9999.000
202604250848,   0.944,9999.000,9999.000,9999.000,9999.000,9999.000,9999.000,9999.000,9999.000
202604250854,   0.937,9999.000,9999.000,9999.000,9999.000,9999.000,9999.000,9999.000,9999.000
202604250900,   0.929,9999.000,   0.400,  -0.016,   1.313,   0.400,   1.313,   0.400,   1.313
202604250906,   0.920,9999.000,9999.000,9999.000,9999.000,9999.000,9999.000,9999.000,9999.000
202604250912,   0.911,9999.000,9999.000,9999.000,9999.000,9999.000,9999.000,9999.000,9999.000
202604250918,   0.901,9999.000,9999.000,9999.000,9999.000,9999.000,9999.000,9999.000,9999.000
202604250924,   0.891,9999.000,9999.000,9999.000,9999.000,9999.000,9999.000,9999.000,9999.000
202604250930,   0.880,9999.000,9999.000,9999.000,9999.000,9999.000,9999.000,9999.000,9999.000
202604250936,   0.868,9999.000,9999.000,9999.000,9999.000,9999.000,9999.000,9999.000,9999.000
202604250942,   0.856,9999.000,9999.000,9999.000,9999.000,9999.000,9999.000,9999.000,9999.000
202604250948,   0.843,9999.000,9999.000,9999.000,9999.000,9999.000,9999.000,9999.000,9999.000
202604250954,   0.829,9999.000,9999.000,9999.000,9999.000,9999.000,9999.000,9999.000,9999.000
202604251000,   0.815,9999.000,   0.400,  -0.016,   1.199,   0.400,   1.199,   0.400,   1.199
202604251006,   0.801,9999.000,9999.000,9999.000,9999.000,9999.000,9999.000,9999.000,9999.000
202604251012,   0.786,9999.000,9999.000,9999.000,9999.000,9999.000,9999.000,9999.000,9999.000
202604251018,   0.770,9999.000,9999.000,9999.000,9999.000,9999.000,9999.000,9999.000,9999.000
202604251024,   0.754,9999.000,9999.000,9999.000,9999.000,9999.000,9999.000,9999.000,9999.000
202604251030,   0.738,9999.000,9999.000,9999.000,9999.000,9999.000,9999.000,9999.000,9999.000
202604251036,   0.721,9999.000,9999.000,9999.000,9999.000,9999.000,9999.000,9999.000,9999.000
202604251042,   0.704,9999.000,9999.000,9999.000,9999.000,9999.000,9999.000,9999.000,9999.000
202604251048,   0.687,9999.000,9999.000,9999.000,9999.000,9999.000,9999.000,9999.000,9999.000
202604251054,   0.669,9999.000,9999.000,9999.000,9999.000,9999.000,9999.000,9999.000,9999.000
202604251100,   0.651,9999.000,   0.400,  -0.016,   1.035,   0.400,   1.035,   0.400,   1.035
202604251106,   0.633,9999.000,9999.000,9999.000,9999.000,9999.000,9999.000,9999.000,9999.000
202604251112,   0.615,9999.000,9999.000,9999.000,9999.000,9999.000,9999.000,9999.000,9999.000
202604251118,   0.597,9999.000,9999.000,9999.000,9999.000,9999.000,9999.000,9999.000,9999.000
202604251124,   0.579,9999.000,9999.000,9999.000,9999.000,9999.000,9999.000,9999.000,9999.000
202604251130,   0.561,9999.000,9999.000,9999.000,9999.000,9999.000,9999.000,9999.000,9999.000
202604251136,   0.542,9999.000,9999.000,9999.000,9999.000,9999.000,9999.000,9999.000,9999.000
202604251142,   0.524,9999.000,9999.000,9999.000,9999.000,9999.000,9999.000,9999.000,9999.000
202604251148,   0.506,9999.000,9999.000,9999.000,9999.000,9999.000,9999.000,9999.000,9999.000
202604251154,   0.489,9999.000,9999.000,9999.000,9999.000,9999.000,9999.000,9999.000,9999.000
202604251200,   0.471,9999.000,   0.400,  -0.016,   0.855,   0.300,   0.755,   0.400,   0.855
202604251206,   0.454,9999.000,9999.000,9999.000,9999.000,9999.000,9999.000,9999.000,9999.000
202604251212,   0.437,9999.000,9999.000,9999.000,9999.000,9999.000,9999.000,9999.000,9999.000
202604251218,   0.420,9999.000,9999.000,9999.000,9999.000,9999.000,9999.000,9999.000,9999.000
202604251224,   0.404,9999.000,9999.000,9999.000,9999.000,9999.000,9999.000,9999.000,9999.000
202604251230,   0.388,9999.000,9999.000,9999.000,9999.000,9999.000,9999.000,9999.000,9999.000
202604251236,   0.372,9999.000,9999.000,9999.000,9999.000,9999.000,9999.000,9999.000,9999.000
202604251242,   0.357,9999.000,9999.000,9999.000,9999.000,9999.000,9999.000,9999.000,9999.000
202604251248,   0.343,9999.000,9999.000,9999.000,9999.000,9999.000,9999.000,9999.000,9999.000
202604251254,   0.329,9999.000,9999.000,9999.000,9999.000,9999.000,9999.000,9999.000,9999.000
202604251300,   0.316,9999.000,   0.300,  -0.016,   0.600,   0.300,   0.600,   0.400,   0.700
202604251306,   0.303,9999.000,9999.000,9999.000,9999.000,9999.000,9999.000,9999.000,9999.000
202604251312,   0.291,9999.000,9999.000,9999.000,9999.000,9999.000,9999.000,9999.000,9999.000
202604251318,   0.280,9999.000,9999.000,9999.000,9999.000,9999.000,9999.000,9999.000,9999.000
202604251324,   0.269,9999.000,9999.000,9999.000,9999.000,9999.000,9999.000,9999.000,9999.000
202604251330,   0.259,9999.000,9999.000,9999.000,9999.000,9999.000,9999.000,9999.000,9999.000
202604251336,   0.249,9999.000,9999.000,9999.000,9999.000,9999.000,9999.000,9999.000,9999.000
202604251342,   0.240,9999.000,9999.000,9999.000,9999.000,9999.000,9999.000,9999.000,9999.000
202604251348,   0.232,9999.000,9999.000,9999.000,9999.000,9999.000,9999.000,9999.000,9999.000
202604251354,   0.225,9999.000,9999.000,9999.000,9999.000,9999.000,9999.000,9999.000,9999.000
202604251400,   0.218,9999.000,   0.300,  -0.016,   0.502,   0.300,   0.502,   0.400,   0.602
202604251406,   0.212,9999.000,9999.000,9999.000,9999.000,9999.000,9999.000,9999.000,9999.000
202604251412,   0.207,9999.000,9999.000,9999.000,9999.000,9999.000,9999.000,9999.000,9999.000
202604251418,   0.203,9999.000,9999.000,9999.000,9999.000,9999.000,9999.000,9999.000,9999.000
202604251424,   0.199,9999.000,9999.000,9999.000,9999.000,9999.000,9999.000,9999.000,9999.000
202604251430,   0.196,9999.000,9999.000,9999.000,9999.000,9999.000,9999.000,9999.000,9999.000
202604251436,   0.194,9999.000,9999.000,9999.000,9999.000,9999.000,9999.000,9999.000,9999.000
202604251442,   0.193,9999.000,9999.000,9999.000,9999.000,9999.000,9999.000,9999.000,9999.000
202604251448,   0.192,9999.000,9999.000,9999.000,9999.000,9999.000,9999.000,9999.000,9999.000
202604251454,   0.192,9999.000,9999.000,9999.000,9999.000,9999.000,9999.000,9999.000,9999.000
202604251500,   0.193,9999.000,   0.300,  -0.016,   0.477,   0.300,   0.477,   0.400,   0.577
202604251506,   0.194,9999.000,9999.000,9999.000,9999.000,9999.000,9999.000,9999.000,9999.000
202604251512,   0.196,9999.000,9999.000,9999.000,9999.000,9999.000,9999.000,9999.000,9999.000
202604251518,   0.199,9999.000,9999.000,9999.000,9999.000,9999.000,9999.000,9999.000,9999.000
202604251524,   0.203,9999.000,9999.000,9999.000,9999.000,9999.000,9999.000,9999.000,9999.000
202604251530,   0.207,9999.000,9999.000,9999.000,9999.000,9999.000,9999.000,9999.000,9999.000
202604251536,   0.212,9999.000,9999.000,9999.000,9999.000,9999.000,9999.000,9999.000,9999.000
202604251542,   0.218,9999.000,9999.000,9999.000,9999.000,9999.000,9999.000,9999.000,9999.000
202604251548,   0.224,9999.000,9999.000,9999.000,9999.000,9999.000,9999.000,9999.000,9999.000
202604251554,   0.231,9999.000,9999.000,9999.000,9999.000,9999.000,9999.000,9999.000,9999.000
202604251600,   0.239,9999.000,   0.300,  -0.016,   0.523,   0.300,   0.523,   0.400,   0.623
202604251606,   0.247,9999.000,9999.000,9999.000,9999.000,9999.000,9999.000,9999.000,9999.000
202604251612,   0.255,9999.000,9999.000,9999.000,9999.000,9999.000,9999.000,9999.000,9999.000
202604251618,   0.265,9999.000,9999.000,9999.000,9999.000,9999.000,9999.000,9999.000,9999.000
202604251624,   0.274,9999.000,9999.000,9999.000,9999.000,9999.000,9999.000,9999.000,9999.000
202604251630,   0.284,9999.000,9999.000,9999.000,9999.000,9999.000,9999.000,9999.000,9999.000
202604251636,   0.295,9999.000,9999.000,9999.000,9999.000,9999.000,9999.000,9999.000,9999.000
202604251642,   0.305,9999.000,9999.000,9999.000,9999.000,9999.000,9999.000,9999.000,9999.000
202604251648,   0.316,9999.000,9999.000,9999.000,9999.000,9999.000,9999.000,9999.000,9999.000
202604251654,   0.328,9999.000,9999.000,9999.000,9999.000,9999.000,9999.000,9999.000,9999.000
202604251700,   0.339,9999.000,   0.400,  -0.016,   0.723,   0.300,   0.623,   0.400,   0.723
202604251706,   0.351,9999.000,9999.000,9999.000,9999.000,9999.000,9999.000,9999.000,9999.000
202604251712,   0.363,9999.000,9999.000,9999.000,9999.000,9999.000,9999.000,9999.000,9999.000
202604251718,   0.374,9999.000,9999.000,9999.000,9999.000,9999.000,9999.000,9999.000,9999.000
202604251724,   0.386,9999.000,9999.000,9999.000,9999.000,9999.000,9999.000,9999.000,9999.000
202604251730,   0.398,9999.000,9999.000,9999.000,9999.000,9999.000,9999.000,9999.000,9999.000
202604251736,   0.410,9999.000,9999.000,9999.000,9999.000,9999.000,9999.000,9999.000,9999.000
202604251742,   0.421,9999.000,9999.000,9999.000,9999.000,9999.000,9999.000,9999.000,9999.000
202604251748,   0.432,9999.000,9999.000,9999.000,9999.000,9999.000,9999.000,9999.000,9999.000
202604251754,   0.443,9999.000,9999.000,9999.000,9999.000,9999.000,9999.000,9999.000,9999.000
202604251800,   0.454,9999.000,   0.400,  -0.016,   0.838,   0.400,   0.838,   0.400,   0.838
202604251806,   0.464,9999.000,9999.000,9999.000,9999.000,9999.000,9999.000,9999.000,9999.000
202604251812,   0.474,9999.000,9999.000,9999.000,9999.000,9999.000,9999.000,9999.000,9999.000
202604251818,   0.483,9999.000,9999.000,9999.000,9999.000,9999.000,9999.000,9999.000,9999.000
202604251824,   0.492,9999.000,9999.000,9999.000,9999.000,9999.000,9999.000,9999.000,9999.000
202604251830,   0.501,9999.000,9999.000,9999.000,9999.000,9999.000,9999.000,9999.000,9999.000
202604251836,   0.509,9999.000,9999.000,9999.000,9999.000,9999.000,9999.000,9999.000,9999.000
202604251842,   0.516,9999.000,9999.000,9999.000,9999.000,9999.000,9999.000,9999.000,9999.000
202604251848,   0.523,9999.000,9999.000,9999.000,9999.000,9999.000,9999.000,9999.000,9999.000
202604251854,   0.529,9999.000,9999.000,9999.000,9999.000,9999.000,9999.000,9999.000,9999.000
202604251900,   0.534,9999.000,   0.400,  -0.016,   0.918,   0.400,   0.918,   0.400,   0.918
202604251906,   0.540,9999.000,9999.000,9999.000,9999.000,9999.000,9999.000,9999.000,9999.000
202604251912,   0.543,9999.000,9999.000,9999.000,9999.000,9999.000,9999.000,9999.000,9999.000
202604251918,   0.546,9999.000,9999.000,9999.000,9999.000,9999.000,9999.000,9999.000,9999.000
202604251924,   0.549,9999.000,9999.000,9999.000,9999.000,9999.000,9999.000,9999.000,9999.000
202604251930,   0.551,9999.000,9999.000,9999.000,9999.000,9999.000,9999.000,9999.000,9999.000
202604251936,   0.552,9999.000,9999.000,9999.000,9999.000,9999.000,9999.000,9999.000,9999.000
202604251942,   0.552,9999.000,9999.000,9999.000,9999.000,9999.000,9999.000,9999.000,9999.000
202604251948,   0.552,9999.000,9999.000,9999.000,9999.000,9999.000,9999.000,9999.000,9999.000
202604251954,   0.552,9999.000,9999.000,9999.000,9999.000,9999.000,9999.000,9999.000,9999.000
202604252000,   0.550,9999.000,   0.400,  -0.016,   0.934,   0.400,   0.934,   0.400,   0.934
202604252006,   0.548,9999.000,9999.000,9999.000,9999.000,9999.000,9999.000,9999.000,9999.000
202604252012,   0.545,9999.000,9999.000,9999.000,9999.000,9999.000,9999.000,9999.000,9999.000
202604252018,   0.542,9999.000,9999.000,9999.000,9999.000,9999.000,9999.000,9999.000,9999.000
202604252024,   0.538,9999.000,9999.000,9999.000,9999.000,9999.000,9999.000,9999.000,9999.000
202604252030,   0.534,9999.000,9999.000,9999.000,9999.000,9999.000,9999.000,9999.000,9999.000
202604252036,   0.529,9999.000,9999.000,9999.000,9999.000,9999.000,9999.000,9999.000,9999.000
202604252042,   0.523,9999.000,9999.000,9999.000,9999.000,9999.000,9999.000,9999.000,9999.000
202604252048,   0.517,9999.000,9999.000,9999.000,9999.000,9999.000,9999.000,9999.000,9999.000
202604252054,   0.511,9999.000,9999.000,9999.000,9999.000,9999.000,9999.000,9999.000,9999.000
202604252100,   0.504,9999.000,   0.400,  -0.016,   0.888,   0.400,   0.888,   0.500,   0.988
202604252106,   0.496,9999.000,9999.000,9999.000,9999.000,9999.000,9999.000,9999.000,9999.000
202604252112,   0.488,9999.000,9999.000,9999.000,9999.000,9999.000,9999.000,9999.000,9999.000
202604252118,   0.480,9999.000,9999.000,9999.000,9999.000,9999.000,9999.000,9999.000,9999.000
202604252124,   0.471,9999.000,9999.000,9999.000,9999.000,9999.000,9999.000,9999.000,9999.000
202604252130,   0.462,9999.000,9999.000,9999.000,9999.000,9999.000,9999.000,9999.000,9999.000
202604252136,   0.452,9999.000,9999.000,9999.000,9999.000,9999.000,9999.000,9999.000,9999.000
202604252142,   0.442,9999.000,9999.000,9999.000,9999.000,9999.000,9999.000,9999.000,9999.000
202604252148,   0.432,9999.000,9999.000,9999.000,9999.000,9999.000,9999.000,9999.000,9999.000
202604252154,   0.421,9999.000,9999.000,9999.000,9999.000,9999.000,9999.000,9999.000,9999.000
202604252200,   0.410,9999.000,   0.400,  -0.016,   0.794,   0.400,   0.794,   0.500,   0.894
202604252206,   0.399,9999.000,9999.000,9999.000,9999.000,9999.000,9999.000,9999.000,9999.000
202604252212,   0.388,9999.000,9999.000,9999.000,9999.000,9999.000,9999.000,9999.000,9999.000
202604252218,   0.376,9999.000,9999.000,9999.000,9999.000,9999.000,9999.000,9999.000,9999.000
202604252224,   0.364,9999.000,9999.000,9999.000,9999.000,9999.000,9999.000,9999.000,9999.000
202604252230,   0.352,9999.000,9999.000,9999.000,9999.000,9999.000,9999.000,9999.000,9999.000
202604252236,   0.340,9999.000,9999.000,9999.000,9999.000,9999.000,9999.000,9999.000,9999.000
202604252242,   0.327,9999.000,9999.000,9999.000,9999.000,9999.000,9999.000,9999.000,9999.000
202604252248,   0.315,9999.000,9999.000,9999.000,9999.000,9999.000,9999.000,9999.000,9999.000
202604252254,   0.302,9999.000,9999.000,9999.000,9999.000,9999.000,9999.000,9999.000,9999.000
202604252300,   0.290,9999.000,   0.400,  -0.016,   0.674,   0.400,   0.674,   0.400,   0.674
202604252306,   0.277,9999.000,9999.000,9999.000,9999.000,9999.000,9999.000,9999.000,9999.000
202604252312,   0.265,9999.000,9999.000,9999.000,9999.000,9999.000,9999.000,9999.000,9999.000
202604252318,   0.252,9999.000,9999.000,9999.000,9999.000,9999.000,9999.000,9999.000,9999.000
202604252324,   0.240,9999.000,9999.000,9999.000,9999.000,9999.000,9999.000,9999.000,9999.000
202604252330,   0.228,9999.000,9999.000,9999.000,9999.000,9999.000,9999.000,9999.000,9999.000
202604252336,   0.216,9999.000,9999.000,9999.000,9999.000,9999.000,9999.000,9999.000,9999.000
202604252342,   0.204,9999.000,9999.000,9999.000,9999.000,9999.000,9999.000,9999.000,9999.000
202604252348,   0.192,9999.000,9999.000,9999.000,9999.000,9999.000,9999.000,9999.000,9999.000
202604252354,   0.181,9999.000,9999.000,9999.000,9999.000,9999.000,9999.000,9999.000,9999.000
202604260000,   0.170,9999.000,   0.400,  -0.016,   0.554,   0.300,   0.454,   0.400,   0.554
202604260006,   0.160,9999.000,9999.000,9999.000,9999.000,9999.000,9999.000,9999.000,9999.000
202604260012,   0.150,9999.000,9999.000,9999.000,9999.000,9999.000,9999.000,9999.000,9999.000
202604260018,   0.140,9999.000,9999.000,9999.000,9999.000,9999.000,9999.000,9999.000,9999.000
202604260024,   0.131,9999.000,9999.000,9999.000,9999.000,9999.000,9999.000,9999.000,9999.000
202604260030,   0.123,9999.000,9999.000,9999.000,9999.000,9999.000,9999.000,9999.000,9999.000
202604260036,   0.114,9999.000,9999.000,9999.000,9999.000,9999.000,9999.000,9999.000,9999.000
202604260042,   0.107,9999.000,9999.000,9999.000,9999.000,9999.000,9999.000,9999.000,9999.000
202604260048,   0.100,9999.000,9999.000,9999.000,9999.000,9999.000,9999.000,9999.000,9999.000
202604260054,   0.094,9999.000,9999.000,9999.000,9999.000,9999.000,9999.000,9999.000,9999.000
202604260100,   0.088,9999.000,   0.400,  -0.016,   0.472,   0.300,   0.372,   0.400,   0.472
202604260106,   0.083,9999.000,9999.000,9999.000,9999.000,9999.000,9999.000,9999.000,9999.000
202604260112,   0.079,9999.000,9999.000,9999.000,9999.000,9999.000,9999.000,9999.000,9999.000
202604260118,   0.076,9999.000,9999.000,9999.000,9999.000,9999.000,9999.000,9999.000,9999.000
202604260124,   0.073,9999.000,9999.000,9999.000,9999.000,9999.000,9999.000,9999.000,9999.000
202604260130,   0.071,9999.000,9999.000,9999.000,9999.000,9999.000,9999.000,9999.000,9999.000
202604260136,   0.069,9999.000,9999.000,9999.000,9999.000,9999.000,9999.000,9999.000,9999.000
202604260142,   0.069,9999.000,9999.000,9999.000,9999.000,9999.000,9999.000,9999.000,9999.000
202604260148,   0.069,9999.000,9999.000,9999.000,9999.000,9999.000,9999.000,9999.000,9999.000
202604260154,   0.070,9999.000,9999.000,9999.000,9999.000,9999.000,9999.000,9999.000,9999.000
202604260200,   0.071,9999.000,   0.400,  -0.016,   0.455,   0.300,   0.355,   0.400,   0.455
202604260206,   0.074,9999.000,9999.000,9999.000,9999.000,9999.000,9999.000,9999.000,9999.000
202604260212,   0.077,9999.000,9999.000,9999.000,9999.000,9999.000,9999.000,9999.000,9999.000
202604260218,   0.081,9999.000,9999.000,9999.000,9999.000,9999.000,9999.000,9999.000,9999.000
202604260224,   0.085,9999.000,9999.000,9999.000,9999.000,9999.000,9999.000,9999.000,9999.000
202604260230,   0.091,9999.000,9999.000,9999.000,9999.000,9999.000,9999.000,9999.000,9999.000
202604260236,   0.097,9999.000,9999.000,9999.000,9999.000,9999.000,9999.000,9999.000,9999.000
202604260242,   0.103,9999.000,9999.000,9999.000,9999.000,9999.000,9999.000,9999.000,9999.000
202604260248,   0.111,9999.000,9999.000,9999.000,9999.000,9999.000,9999.000,9999.000,9999.000
202604260254,   0.119,9999.000,9999.000,9999.000,9999.000,9999.000,9999.000,9999.000,9999.000
202604260300,   0.128,9999.000,   0.300,  -0.016,   0.412,   0.300,   0.412,   0.400,   0.512
202604260306,   0.137,9999.000,9999.000,9999.000,9999.000,9999.000,9999.000,9999.000,9999.000
202604260312,   0.147,9999.000,9999.000,9999.000,9999.000,9999.000,9999.000,9999.000,9999.000
202604260318,   0.158,9999.000,9999.000,9999.000,9999.000,9999.000,9999.000,9999.000,9999.000
202604260324,   0.170,9999.000,9999.000,9999.000,9999.000,9999.000,9999.000,9999.000,9999.000
202604260330,   0.182,9999.000,9999.000,9999.000,9999.000,9999.000,9999.000,9999.000,9999.000
202604260336,   0.194,9999.000,9999.000,9999.000,9999.000,9999.000,9999.000,9999.000,9999.000
202604260342,   0.208,9999.000,9999.000,9999.000,9999.000,9999.000,9999.000,9999.000,9999.000
202604260348,   0.222,9999.000,9999.000,9999.000,9999.000,9999.000,9999.000,9999.000,9999.000
202604260354,   0.236,9999.000,9999.000,9999.000,9999.000,9999.000,9999.000,9999.000,9999.000
202604260400,   0.251,9999.000,   0.300,  -0.016,   0.535,   0.300,   0.535,   0.400,   0.635
202604260406,   0.267,9999.000,9999.000,9999.000,9999.000,9999.000,9999.000,9999.000,9999.000
202604260412,   0.283,9999.000,9999.000,9999.000,9999.000,9999.000,9999.000,9999.000,9999.000
202604260418,   0.300,9999.000,9999.000,9999.000,9999.000,9999.000,9999.000,9999.000,9999.000
202604260424,   0.317,9999.000,9999.000,9999.000,9999.000,9999.000,9999.000,9999.000,9999.000
202604260430,   0.334,9999.000,9999.000,9999.000,9999.000,9999.000,9999.000,9999.000,9999.000
202604260436,   0.352,9999.000,9999.000,9999.000,9999.000,9999.000,9999.000,9999.000,9999.000
202604260442,   0.370,9999.000,9999.000,9999.000,9999.000,9999.000,9999.000,9999.000,9999.000
202604260448,   0.389,9999.000,9999.000,9999.000,9999.000,9999.000,9999.000,9999.000,9999.000
202604260454,   0.408,9999.000,9999.000,9999.000,9999.000,9999.000,9999.000,9999.000,9999.000
202604260500,   0.427,9999.000,   0.400,  -0.016,   0.811,   0.300,   0.711,   0.400,   0.811
202604260506,   0.447,9999.000,9999.000,9999.000,9999.000,9999.000,9999.000,9999.000,9999.000
202604260512,   0.466,9999.000,9999.000,9999.000,9999.000,9999.000,9999.000,9999.000,9999.000
202604260518,   0.486,9999.000,9999.000,9999.000,9999.000,9999.000,9999.000,9999.000,9999.000
202604260524,   0.506,9999.000,9999.000,9999.000,9999.000,9999.000,9999.000,9999.000,9999.000
202604260530,   0.525,9999.000,9999.000,9999.000,9999.000,9999.000,9999.000,9999.000,9999.000
202604260536,   0.545,9999.000,9999.000,9999.000,9999.000,9999.000,9999.000,9999.000,9999.000
202604260542,   0.565,9999.000,9999.000,9999.000,9999.000,9999.000,9999.000,9999.000,9999.000
202604260548,   0.585,9999.000,9999.000,9999.000,9999.000,9999.000,9999.000,9999.000,9999.000
202604260554,   0.604,9999.000,9999.000,9999.000,9999.000,9999.000,9999.000,9999.000,9999.000
202604260600,   0.623,9999.000,   0.400,  -0.016,   1.007,   0.400,   1.007,   0.400,   1.007
202604260606,   0.642,9999.000,9999.000,9999.000,9999.000,9999.000,9999.000,9999.000,9999.000
202604260612,   0.661,9999.000,9999.000,9999.000,9999.000,9999.000,9999.000,9999.000,9999.000
202604260618,   0.679,9999.000,9999.000,9999.000,9999.000,9999.000,9999.000,9999.000,9999.000
202604260624,   0.697,9999.000,9999.000,9999.000,9999.000,9999.000,9999.000,9999.000,9999.000
202604260630,   0.714,9999.000,9999.000,9999.000,9999.000,9999.000,9999.000,9999.000,9999.000
202604260636,   0.731,9999.000,9999.000,9999.000,9999.000,9999.000,9999.000,9999.000,9999.000
202604260642,   0.747,9999.000,9999.000,9999.000,9999.000,9999.000,9999.000,9999.000,9999.000
202604260648,   0.762,9999.000,9999.000,9999.000,9999.000,9999.000,9999.000,9999.000,9999.000
202604260654,   0.777,9999.000,9999.000,9999.000,9999.000,9999.000,9999.000,9999.000,9999.000
202604260700,   0.792,9999.000,   0.400,  -0.016,   1.176,   0.400,   1.176,   0.400,   1.176
202604260706,   0.805,9999.000,9999.000,9999.000,9999.000,9999.000,9999.000,9999.000,9999.000
202604260712,   0.818,9999.000,9999.000,9999.000,9999.000,9999.000,9999.000,9999.000,9999.000
202604260718,   0.830,9999.000,9999.000,9999.000,9999.000,9999.000,9999.000,9999.000,9999.000
202604260724,   0.841,9999.000,9999.000,9999.000,9999.000,9999.000,9999.000,9999.000,9999.000
202604260730,   0.852,9999.000,9999.000,9999.000,9999.000,9999.000,9999.000,9999.000,9999.000
202604260736,   0.861,9999.000,9999.000,9999.000,9999.000,9999.000,9999.000,9999.000,9999.000
202604260742,   0.870,9999.000,9999.000,9999.000,9999.000,9999.000,9999.000,9999.000,9999.000
202604260748,   0.878,9999.000,9999.000,9999.000,9999.000,9999.000,9999.000,9999.000,9999.000
202604260754,   0.885,9999.000,9999.000,9999.000,9999.000,9999.000,9999.000,9999.000,9999.000
202604260800,   0.892,9999.000,   0.400,  -0.016,   1.276,   0.400,   1.276,   0.400,   1.276
202604260806,   0.897,9999.000,9999.000,9999.000,9999.000,9999.000,9999.000,9999.000,9999.000
202604260812,   0.902,9999.000,9999.000,9999.000,9999.000,9999.000,9999.000,9999.000,9999.000
202604260818,   0.905,9999.000,9999.000,9999.000,9999.000,9999.000,9999.000,9999.000,9999.000
202604260824,   0.908,9999.000,9999.000,9999.000,9999.000,9999.000,9999.000,9999.000,9999.000
202604260830,   0.910,9999.000,9999.000,9999.000,9999.000,9999.000,9999.000,9999.000,9999.000
202604260836,   0.912,9999.000,9999.000,9999.000,9999.000,9999.000,9999.000,9999.000,9999.000
202604260842,   0.912,9999.000,9999.000,9999.000,9999.000,9999.000,9999.000,9999.000,9999.000
202604260848,   0.912,9999.000,9999.000,9999.000,9999.000,9999.000,9999.000,9999.000,9999.000
202604260854,   0.911,9999.000,9999.000,9999.000,9999.000,9999.000,9999.000,9999.000,9999.000
202604260900,   0.909,9999.000,   0.400,  -0.016,   1.293,   0.400,   1.293,   0.400,   1.293
202604260906,   0.906,9999.000,9999.000,9999.000,9999.000,9999.000,9999.000,9999.000,9999.000
202604260912,   0.902,9999.000,9999.000,9999.000,9999.000,9999.000,9999.000,9999.000,9999.000
202604260918,   0.898,9999.000,9999.000,9999.000,9999.000,9999.000,9999.000,9999.000,9999.000
202604260924,   0.893,9999.000,9999.000,9999.000,9999.000,9999.000,9999.000,9999.000,9999.000
202604260930,   0.887,9999.000,9999.000,9999.000,9999.000,9999.000,9999.000,9999.000,9999.000
202604260936,   0.881,9999.000,9999.000,9999.000,9999.000,9999.000,9999.000,9999.000,9999.000
202604260942,   0.874,9999.000,9999.000,9999.000,9999.000,9999.000,9999.000,9999.000,9999.000
202604260948,   0.866,9999.000,9999.000,9999.000,9999.000,9999.000,9999.000,9999.000,9999.000
202604260954,   0.857,9999.000,9999.000,9999.000,9999.000,9999.000,9999.000,9999.000,9999.000
202604261000,   0.848,9999.000,   0.400,  -0.016,   1.232,   0.400,   1.232,   0.400,   1.232
202604261006,   0.838,9999.000,9999.000,9999.000,9999.000,9999.000,9999.000,9999.000,9999.000
202604261012,   0.827,9999.000,9999.000,9999.000,9999.000,9999.000,9999.000,9999.000,9999.000
202604261018,   0.816,9999.000,9999.000,9999.000,9999.000,9999.000,9999.000,9999.000,9999.000
202604261024,   0.804,9999.000,9999.000,9999.000,9999.000,9999.000,9999.000,9999.000,9999.000
202604261030,   0.792,9999.000,9999.000,9999.000,9999.000,9999.000,9999.000,9999.000,9999.000
202604261036,   0.779,9999.000,9999.000,9999.000,9999.000,9999.000,9999.000,9999.000,9999.000
202604261042,   0.765,9999.000,9999.000,9999.000,9999.000,9999.000,9999.000,9999.000,9999.000
202604261048,   0.751,9999.000,9999.000,9999.000,9999.000,9999.000,9999.000,9999.000,9999.000
202604261054,   0.736,9999.000,9999.000,9999.000,9999.000,9999.000,9999.000,9999.000,9999.000
202604261100,   0.721,9999.000,   0.400,  -0.016,   1.105,   0.300,   1.005,   0.400,   1.105
202604261106,   0.706,9999.000,9999.000,9999.000,9999.000,9999.000,9999.000,9999.000,9999.000
202604261112,   0.690,9999.000,9999.000,9999.000,9999.000,9999.000,9999.000,9999.000,9999.000
202604261118,   0.673,9999.000,9999.000,9999.000,9999.000,9999.000,9999.000,9999.000,9999.000
202604261124,   0.656,9999.000,9999.000,9999.000,9999.000,9999.000,9999.000,9999.000,9999.000
202604261130,   0.639,9999.000,9999.000,9999.000,9999.000,9999.000,9999.000,9999.000,9999.000
202604261136,   0.622,9999.000,9999.000,9999.000,9999.000,9999.000,9999.000,9999.000,9999.000
202604261142,   0.604,9999.000,9999.000,9999.000,9999.000,9999.000,9999.000,9999.000,9999.000
202604261148,   0.586,9999.000,9999.000,9999.000,9999.000,9999.000,9999.000,9999.000,9999.000
202604261154,   0.568,9999.000,9999.000,9999.000,9999.000,9999.000,9999.000,9999.000,9999.000
202604261200,   0.550,9999.000,   0.300,  -0.016,   0.834,   0.300,   0.834,   0.400,   0.934
202604261206,   0.532,9999.000,9999.000,9999.000,9999.000,9999.000,9999.000,9999.000,9999.000
202604261212,   0.513,9999.000,9999.000,9999.000,9999.000,9999.000,9999.000,9999.000,9999.000
202604261218,   0.495,9999.000,9999.000,9999.000,9999.000,9999.000,9999.000,9999.000,9999.000
202604261224,   0.477,9999.000,9999.000,9999.000,9999.000,9999.000,9999.000,9999.000,9999.000
202604261230,   0.459,9999.000,9999.000,9999.000,9999.000,9999.000,9999.000,9999.000,9999.000
202604261236,   0.441,9999.000,9999.000,9999.000,9999.000,9999.000,9999.000,9999.000,9999.000
202604261242,   0.423,9999.000,9999.000,9999.000,9999.000,9999.000,9999.000,9999.000,9999.000
202604261248,   0.406,9999.000,9999.000,9999.000,9999.000,9999.000,9999.000,9999.000,9999.000
202604261254,   0.388,9999.000,9999.000,9999.000,9999.000,9999.000,9999.000,9999.000,9999.000
202604261300,   0.372,9999.000,   0.300,  -0.016,   0.656,   0.300,   0.656,   0.400,   0.756
202604261306,   0.355,9999.000,9999.000,9999.000,9999.000,9999.000,9999.000,9999.000,9999.000
202604261312,   0.339,9999.000,9999.000,9999.000,9999.000,9999.000,9999.000,9999.000,9999.000
202604261318,   0.323,9999.000,9999.000,9999.000,9999.000,9999.000,9999.000,9999.000,9999.000
202604261324,   0.308,9999.000,9999.000,9999.000,9999.000,9999.000,9999.000,9999.000,9999.000
202604261330,   0.294,9999.000,9999.000,9999.000,9999.000,9999.000,9999.000,9999.000,9999.000
202604261336,   0.279,9999.000,9999.000,9999.000,9999.000,9999.000,9999.000,9999.000,9999.000
202604261342,   0.266,9999.000,9999.000,9999.000,9999.000,9999.000,9999.000,9999.000,9999.000
202604261348,   0.253,9999.000,9999.000,9999.000,9999.000,9999.000,9999.000,9999.000,9999.000
202604261354,   0.241,9999.000,9999.000,9999.000,9999.000,9999.000,9999.000,9999.000,9999.000
202604261400,   0.229,9999.000,   0.300,  -0.016,   0.513,   0.300,   0.513,   0.400,   0.613
202604261406,   0.218,9999.000,9999.000,9999.000,9999.000,9999.000,9999.000,9999.000,9999.000
202604261412,   0.208,9999.000,9999.000,9999.000,9999.000,9999.000,9999.000,9999.000,9999.000
202604261418,   0.199,9999.000,9999.000,9999.000,9999.000,9999.000,9999.000,9999.000,9999.000
202604261424,   0.190,9999.000,9999.000,9999.000,9999.000,9999.000,9999.000,9999.000,9999.000
202604261430,   0.182,9999.000,9999.000,9999.000,9999.000,9999.000,9999.000,9999.000,9999.000
202604261436,   0.175,9999.000,9999.000,9999.000,9999.000,9999.000,9999.000,9999.000,9999.000
202604261442,   0.168,9999.000,9999.000,9999.000,9999.000,9999.000,9999.000,9999.000,9999.000
202604261448,   0.163,9999.000,9999.000,9999.000,9999.000,9999.000,9999.000,9999.000,9999.000
202604261454,   0.158,9999.000,9999.000,9999.000,9999.000,9999.000,9999.000,9999.000,9999.000
202604261500,   0.154,9999.000,   0.300,  -0.016,   0.438,   0.300,   0.438,   0.400,   0.538
202604261506,   0.150,9999.000,9999.000,9999.000,9999.000,9999.000,9999.000,9999.000,9999.000
202604261512,   0.148,9999.000,9999.000,9999.000,9999.000,9999.000,9999.000,9999.000,9999.000
202604261518,   0.146,9999.000,9999.000,9999.000,9999.000,9999.000,9999.000,9999.000,9999.000
202604261524,   0.145,9999.000,9999.000,9999.000,9999.000,9999.000,9999.000,9999.000,9999.000
202604261530,   0.145,9999.000,9999.000,9999.000,9999.000,9999.000,9999.000,9999.000,9999.000
202604261536,   0.146,9999.000,9999.000,9999.000,9999.000,9999.000,9999.000,9999.000,9999.000
202604261542,   0.148,9999.000,9999.000,9999.000,9999.000,9999.000,9999.000,9999.000,9999.000
202604261548,   0.150,9999.000,9999.000,9999.000,9999.000,9999.000,9999.000,9999.000,9999.000
202604261554,   0.153,9999.000,9999.000,9999.000,9999.000,9999.000,9999.000,9999.000,9999.000
202604261600,   0.157,9999.000,   0.300,  -0.016,   0.441,   0.300,   0.441,   0.400,   0.541
202604261606,   0.162,9999.000,9999.000,9999.000,9999.000,9999.000,9999.000,9999.000,9999.000
202604261612,   0.168,9999.000,9999.000,9999.000,9999.000,9999.000,9999.000,9999.000,9999.000
202604261618,   0.174,9999.000,9999.000,9999.000,9999.000,9999.000,9999.000,9999.000,9999.000
202604261624,   0.181,9999.000,9999.000,9999.000,9999.000,9999.000,9999.000,9999.000,9999.000
202604261630,   0.189,9999.000,9999.000,9999.000,9999.000,9999.000,9999.000,9999.000,9999.000
202604261636,   0.198,9999.000,9999.000,9999.000,9999.000,9999.000,9999.000,9999.000,9999.000
202604261642,   0.207,9999.000,9999.000,9999.000,9999.000,9999.000,9999.000,9999.000,9999.000
202604261648,   0.218,9999.000,9999.000,9999.000,9999.000,9999.000,9999.000,9999.000,9999.000
202604261654,   0.228,9999.000,9999.000,9999.000,9999.000,9999.000,9999.000,9999.000,9999.000
202604261700,   0.240,9999.000,   0.300,  -0.016,   0.524,   0.300,   0.524,   0.400,   0.624
202604261706,   0.252,9999.000,9999.000,9999.000,9999.000,9999.000,9999.000,9999.000,9999.000
202604261712,   0.264,9999.000,9999.000,9999.000,9999.000,9999.000,9999.000,9999.000,9999.000
202604261718,   0.278,9999.000,9999.000,9999.000,9999.000,9999.000,9999.000,9999.000,9999.000
202604261724,   0.291,9999.000,9999.000,9999.000,9999.000,9999.000,9999.000,9999.000,9999.000
202604261730,   0.305,9999.000,9999.000,9999.000,9999.000,9999.000,9999.000,9999.000,9999.000
202604261736,   0.320,9999.000,9999.000,9999.000,9999.000,9999.000,9999.000,9999.000,9999.000
202604261742,   0.335,9999.000,9999.000,9999.000,9999.000,9999.000,9999.000,9999.000,9999.000
202604261748,   0.350,9999.000,9999.000,9999.000,9999.000,9999.000,9999.000,9999.000,9999.000
202604261754,   0.365,9999.000,9999.000,9999.000,9999.000,9999.000,9999.000,9999.000,9999.000
202604261800,   0.381,9999.000,   0.400,  -0.016,   0.765,   0.300,   0.665,   0.400,   0.765
202604261806,   0.397,9999.000,9999.000,9999.000,9999.000,9999.000,9999.000,9999.000,9999.000
202604261812,   0.413,9999.000,9999.000,9999.000,9999.000,9999.000,9999.000,9999.000,9999.000
202604261818,   0.428,9999.000,9999.000,9999.000,9999.000,9999.000,9999.000,9999.000,9999.000
202604261824,   0.444,9999.000,9999.000,9999.000,9999.000,9999.000,9999.000,9999.000,9999.000
202604261830,   0.460,9999.000,9999.000,9999.000,9999.000,9999.000,9999.000,9999.000,9999.000
202604261836,   0.475,9999.000,9999.000,9999.000,9999.000,9999.000,9999.000,9999.000,9999.000
202604261842,   0.491,9999.000,9999.000,9999.000,9999.000,9999.000,9999.000,9999.000,9999.000
202604261848,   0.506,9999.000,9999.000,9999.000,9999.000,9999.000,9999.000,9999.000,9999.000
202604261854,   0.521,9999.000,9999.000,9999.000,9999.000,9999.000,9999.000,9999.000,9999.000
202604261900,   0.535,9999.000,   0.400,  -0.016,   0.919,   0.300,   0.819,   0.400,   0.919
202604261906,   0.549,9999.000,9999.000,9999.000,9999.000,9999.000,9999.000,9999.000,9999.000
202604261912,   0.563,9999.000,9999.000,9999.000,9999.000,9999.000,9999.000,9999.000,9999.000
202604261918,   0.576,9999.000,9999.000,9999.000,9999.000,9999.000,9999.000,9999.000,9999.000
202604261924,   0.588,9999.000,9999.000,9999.000,9999.000,9999.000,9999.000,9999.000,9999.000
202604261930,   0.600,9999.000,9999.000,9999.000,9999.000,9999.000,9999.000,9999.000,9999.000
202604261936,   0.611,9999.000,9999.000,9999.000,9999.000,9999.000,9999.000,9999.000,9999.000
202604261942,   0.622,9999.000,9999.000,9999.000,9999.000,9999.000,9999.000,9999.000,9999.000
202604261948,   0.632,9999.000,9999.000,9999.000,9999.000,9999.000,9999.000,9999.000,9999.000
202604261954,   0.641,9999.000,9999.000,9999.000,9999.000,9999.000,9999.000,9999.000,9999.000
202604262000,   0.649,9999.000,   0.400,  -0.016,   1.033,   0.300,   0.933,   0.400,   1.033
202604262006,   0.657,9999.000,9999.000,9999.000,9999.000,9999.000,9999.000,9999.000,9999.000
202604262012,   0.664,9999.000,9999.000,9999.000,9999.000,9999.000,9999.000,9999.000,9999.000
202604262018,   0.670,9999.000,9999.000,9999.000,9999.000,9999.000,9999.000,9999.000,9999.000
202604262024,   0.676,9999.000,9999.000,9999.000,9999.000,9999.000,9999.000,9999.000,9999.000
202604262030,   0.680,9999.000,9999.000,9999.000,9999.000,9999.000,9999.000,9999.000,9999.000
202604262036,   0.684,9999.000,9999.000,9999.000,9999.000,9999.000,9999.000,9999.000,9999.000
202604262042,   0.687,9999.000,9999.000,9999.000,9999.000,9999.000,9999.000,9999.000,9999.000
202604262048,   0.690,9999.000,9999.000,9999.000,9999.000,9999.000,9999.000,9999.000,9999.000
202604262054,   0.691,9999.000,9999.000,9999.000,9999.000,9999.000,9999.000,9999.000,9999.000
202604262100,   0.692,9999.000,   0.400,  -0.016,   1.076,   0.300,   0.976,   0.400,   1.076
202604262106,   0.692,9999.000,9999.000,9999.000,9999.000,9999.000,9999.000,9999.000,9999.000
202604262112,   0.692,9999.000,9999.000,9999.000,9999.000,9999.000,9999.000,9999.000,9999.000
202604262118,   0.690,9999.000,9999.000,9999.000,9999.000,9999.000,9999.000,9999.000,9999.000
202604262124,   0.688,9999.000,9999.000,9999.000,9999.000,9999.000,9999.000,9999.000,9999.000
202604262130,   0.686,9999.000,9999.000,9999.000,9999.000,9999.000,9999.000,9999.000,9999.000
202604262136,   0.682,9999.000,9999.000,9999.000,9999.000,9999.000,9999.000,9999.000,9999.000
202604262142,   0.678,9999.000,9999.000,9999.000,9999.000,9999.000,9999.000,9999.000,9999.000
202604262148,   0.673,9999.000,9999.000,9999.000,9999.000,9999.000,9999.000,9999.000,9999.000
202604262154,   0.668,9999.000,9999.000,9999.000,9999.000,9999.000,9999.000,9999.000,9999.000
202604262200,   0.662,9999.000,   0.400,  -0.016,   1.046,   0.300,   0.946,   0.400,   1.046
202604262206,   0.656,9999.000,9999.000,9999.000,9999.000,9999.000,9999.000,9999.000,9999.000
202604262212,   0.649,9999.000,9999.000,9999.000,9999.000,9999.000,9999.000,9999.000,9999.000
202604262218,   0.641,9999.000,9999.000,9999.000,9999.000,9999.000,9999.000,9999.000,9999.000
202604262224,   0.633,9999.000,9999.000,9999.000,9999.000,9999.000,9999.000,9999.000,9999.000
202604262230,   0.624,9999.000,9999.000,9999.000,9999.000,9999.000,9999.000,9999.000,9999.000
202604262236,   0.615,9999.000,9999.000,9999.000,9999.000,9999.000,9999.000,9999.000,9999.000
202604262242,   0.605,9999.000,9999.000,9999.000,9999.000,9999.000,9999.000,9999.000,9999.000
202604262248,   0.595,9999.000,9999.000,9999.000,9999.000,9999.000,9999.000,9999.000,9999.000
202604262254,   0.584,9999.000,9999.000,9999.000,9999.000,9999.000,9999.000,9999.000,9999.000
202604262300,   0.573,9999.000,   0.400,  -0.016,   0.957,   0.300,   0.857,   0.400,   0.957
202604262306,   0.562,9999.000,9999.000,9999.000,9999.000,9999.000,9999.000,9999.000,9999.000
202604262312,   0.550,9999.000,9999.000,9999.000,9999.000,9999.000,9999.000,9999.000,9999.000
202604262318,   0.538,9999.000,9999.000,9999.000,9999.000,9999.000,9999.000,9999.000,9999.000
202604262324,   0.526,9999.000,9999.000,9999.000,9999.000,9999.000,9999.000,9999.000,9999.000
202604262330,   0.513,9999.000,9999.000,9999.000,9999.000,9999.000,9999.000,9999.000,9999.000
202604262336,   0.500,9999.000,9999.000,9999.000,9999.000,9999.000,9999.000,9999.000,9999.000
202604262342,   0.487,9999.000,9999.000,9999.000,9999.000,9999.000,9999.000,9999.000,9999.000
202604262348,   0.473,9999.000,9999.000,9999.000,9999.000,9999.000,9999.000,9999.000,9999.000
202604262354,   0.460,9999.000,9999.000,9999.000,9999.000,9999.000,9999.000,9999.000,9999.000
202604270000,   0.446,9999.000,   0.300,  -0.016,   0.730,   0.300,   0.730,   0.400,   0.830
202604270006,   0.433,9999.000,9999.000,9999.000,9999.000,9999.000,9999.000,9999.000,9999.000
202604270012,   0.419,9999.000,9999.000,9999.000,9999.000,9999.000,9999.000,9999.000,9999.000
202604270018,   0.405,9999.000,9999.000,9999.000,9999.000,9999.000,9999.000,9999.000,9999.000
202604270024,   0.391,9999.000,9999.000,9999.000,9999.000,9999.000,9999.000,9999.000,9999.000
202604270030,   0.378,9999.000,9999.000,9999.000,9999.000,9999.000,9999.000,9999.000,9999.000
202604270036,   0.364,9999.000,9999.000,9999.000,9999.000,9999.000,9999.000,9999.000,9999.000
202604270042,   0.351,9999.000,9999.000,9999.000,9999.000,9999.000,9999.000,9999.000,9999.000
202604270048,   0.338,9999.000,9999.000,9999.000,9999.000,9999.000,9999.000,9999.000,9999.000
202604270054,   0.325,9999.000,9999.000,9999.000,9999.000,9999.000,9999.000,9999.000,9999.000
202604270100,   0.313,9999.000,   0.300,  -0.016,   0.597,   0.300,   0.597,   0.400,   0.697
202604270106,   0.301,9999.000,9999.000,9999.000,9999.000,9999.000,9999.000,9999.000,9999.000
202604270112,   0.289,9999.000,9999.000,9999.000,9999.000,9999.000,9999.000,9999.000,9999.000
202604270118,   0.278,9999.000,9999.000,9999.000,9999.000,9999.000,9999.000,9999.000,9999.000
202604270124,   0.267,9999.000,9999.000,9999.000,9999.000,9999.000,9999.000,9999.000,9999.000
202604270130,   0.256,9999.000,9999.000,9999.000,9999.000,9999.000,9999.000,9999.000,9999.000
202604270136,   0.246,9999.000,9999.000,9999.000,9999.000,9999.000,9999.000,9999.000,9999.000
202604270142,   0.237,9999.000,9999.000,9999.000,9999.000,9999.000,9999.000,9999.000,9999.000
202604270148,   0.228,9999.000,9999.000,9999.000,9999.000,9999.000,9999.000,9999.000,9999.000
202604270154,   0.220,9999.000,9999.000,9999.000,9999.000,9999.000,9999.000,9999.000,9999.000
202604270200,   0.212,9999.000,   0.300,  -0.016,   0.496,   0.300,   0.496,   0.400,   0.596
202604270206,   0.205,9999.000,9999.000,9999.000,9999.000,9999.000,9999.000,9999.000,9999.000
202604270212,   0.199,9999.000,9999.000,9999.000,9999.000,9999.000,9999.000,9999.000,9999.000
202604270218,   0.193,9999.000,9999.000,9999.000,9999.000,9999.000,9999.000,9999.000,9999.000
202604270224,   0.188,9999.000,9999.000,9999.000,9999.000,9999.000,9999.000,9999.000,9999.000
202604270230,   0.184,9999.000,9999.000,9999.000,9999.000,9999.000,9999.000,9999.000,9999.000
202604270236,   0.180,9999.000,9999.000,9999.000,9999.000,9999.000,9999.000,9999.000,9999.000
202604270242,   0.177,9999.000,9999.000,9999.000,9999.000,9999.000,9999.000,9999.000,9999.000
202604270248,   0.174,9999.000,9999.000,9999.000,9999.000,9999.000,9999.000,9999.000,9999.000
202604270254,   0.173,9999.000,9999.000,9999.000,9999.000,9999.000,9999.000,9999.000,9999.000
202604270300,   0.172,9999.000,   0.300,  -0.016,   0.456,   0.300,   0.456,   0.300,   0.456
202604270306,   0.171,9999.000,9999.000,9999.000,9999.000,9999.000,9999.000,9999.000,9999.000
202604270312,   0.172,9999.000,9999.000,9999.000,9999.000,9999.000,9999.000,9999.000,9999.000
202604270318,   0.173,9999.000,9999.000,9999.000,9999.000,9999.000,9999.000,9999.000,9999.000
202604270324,   0.175,9999.000,9999.000,9999.000,9999.000,9999.000,9999.000,9999.000,9999.000
202604270330,   0.177,9999.000,9999.000,9999.000,9999.000,9999.000,9999.000,9999.000,9999.000
202604270336,   0.181,9999.000,9999.000,9999.000,9999.000,9999.000,9999.000,9999.000,9999.000
202604270342,   0.185,9999.000,9999.000,9999.000,9999.000,9999.000,9999.000,9999.000,9999.000
202604270348,   0.189,9999.000,9999.000,9999.000,9999.000,9999.000,9999.000,9999.000,9999.000
202604270354,   0.194,9999.000,9999.000,9999.000,9999.000,9999.000,9999.000,9999.000,9999.000
202604270400,   0.200,9999.000,   0.300,  -0.016,   0.484,   0.300,   0.484,   0.300,   0.484
202604270406,   0.207,9999.000,9999.000,9999.000,9999.000,9999.000,9999.000,9999.000,9999.000
202604270412,   0.214,9999.000,9999.000,9999.000,9999.000,9999.000,9999.000,9999.000,9999.000
202604270418,   0.222,9999.000,9999.000,9999.000,9999.000,9999.000,9999.000,9999.000,9999.000
202604270424,   0.231,9999.000,9999.000,9999.000,9999.000,9999.000,9999.000,9999.000,9999.000
202604270430,   0.240,9999.000,9999.000,9999.000,9999.000,9999.000,9999.000,9999.000,9999.000
202604270436,   0.250,9999.000,9999.000,9999.000,9999.000,9999.000,9999.000,9999.000,9999.000
202604270442,   0.261,9999.000,9999.000,9999.000,9999.000,9999.000,9999.000,9999.000,9999.000
202604270448,   0.272,9999.000,9999.000,9999.000,9999.000,9999.000,9999.000,9999.000,9999.000
202604270454,   0.283,9999.000,9999.000,9999.000,9999.000,9999.000,9999.000,9999.000,9999.000
202604270500,   0.296,9999.000,   0.300,  -0.016,   0.580,   0.300,   0.580,   0.400,   0.680
202604270506,   0.308,9999.000,9999.000,9999.000,9999.000,9999.000,9999.000,9999.000,9999.000
202604270512,   0.322,9999.000,9999.000,9999.000,9999.000,9999.000,9999.000,9999.000,9999.000
202604270518,   0.336,9999.000,9999.000,9999.000,9999.000,9999.000,9999.000,9999.000,9999.000
202604270524,   0.350,9999.000,9999.000,9999.000,9999.000,9999.000,9999.000,9999.000,9999.000
202604270530,   0.365,9999.000,9999.000,9999.000,9999.000,9999.000,9999.000,9999.000,9999.000
202604270536,   0.380,9999.000,9999.000,9999.000,9999.000,9999.000,9999.000,9999.000,9999.000
202604270542,   0.396,9999.000,9999.000,9999.000,9999.000,9999.000,9999.000,9999.000,9999.000
202604270548,   0.412,9999.000,9999.000,9999.000,9999.000,9999.000,9999.000,9999.000,9999.000
202604270554,   0.428,9999.000,9999.000,9999.000,9999.000,9999.000,9999.000,9999.000,9999.000
202604270600,   0.445,9999.000,   0.400,  -0.016,   0.829,   0.300,   0.729,   0.400,   0.829
202604270606,   0.461,9999.000,9999.000,9999.000,9999.000,9999.000,9999.000,9999.000,9999.000
202604270612,   0.478,9999.000,9999.000,9999.000,9999.000,9999.000,9999.000,9999.000,9999.000
202604270618,   0.496,9999.000,9999.000,9999.000,9999.000,9999.000,9999.000,9999.000,9999.000
202604270624,   0.513,9999.000,9999.000,9999.000,9999.000,9999.000,9999.000,9999.000,9999.000
202604270630,   0.530,9999.000,9999.000,9999.000,9999.000,9999.000,9999.000,9999.000,9999.000
202604270636,   0.547,9999.000,9999.000,9999.000,9999.000,9999.000,9999.000,9999.000,9999.000
202604270642,   0.564,9999.000,9999.000,9999.000,9999.000,9999.000,9999.000,9999.000,9999.000
202604270648,   0.581,9999.000,9999.000,9999.000,9999.000,9999.000,9999.000,9999.000,9999.000
202604270654,   0.598,9999.000,9999.000,9999.000,9999.000,9999.000,9999.000,9999.000,9999.000
202604270700,   0.615,9999.000,   0.400,  -0.016,   0.999,   0.300,   0.899,   0.400,   0.999
202604270706,   0.631,9999.000,9999.000,9999.000,9999.000,9999.000,9999.000,9999.000,9999.000
202604270712,   0.647,9999.000,9999.000,9999.000,9999.000,9999.000,9999.000,9999.000,9999.000
202604270718,   0.662,9999.000,9999.000,9999.000,9999.000,9999.000,9999.000,9999.000,9999.000
202604270724,   0.677,9999.000,9999.000,9999.000,9999.000,9999.000,9999.000,9999.000,9999.000
202604270730,   0.692,9999.000,9999.000,9999.000,9999.000,9999.000,9999.000,9999.000,9999.000
202604270736,   0.706,9999.000,9999.000,9999.000,9999.000,9999.000,9999.000,9999.000,9999.000
202604270742,   0.720,9999.000,9999.000,9999.000,9999.000,9999.000,9999.000,9999.000,9999.000
202604270748,   0.733,9999.000,9999.000,9999.000,9999.000,9999.000,9999.000,9999.000,9999.000
202604270754,   0.745,9999.000,9999.000,9999.000,9999.000,9999.000,9999.000,9999.000,9999.000
202604270800,   0.756,9999.000,   0.400,  -0.016,   1.140,   0.300,   1.040,   0.400,   1.140
202604270806,   0.767,9999.000,9999.000,9999.000,9999.000,9999.000,9999.000,9999.000,9999.000
202604270812,   0.777,9999.000,9999.000,9999.000,9999.000,9999.000,9999.000,9999.000,9999.000
202604270818,   0.787,9999.000,9999.000,9999.000,9999.000,9999.000,9999.000,9999.000,9999.000
202604270824,   0.795,9999.000,9999.000,9999.000,9999.000,9999.000,9999.000,9999.000,9999.000
202604270830,   0.803,9999.000,9999.000,9999.000,9999.000,9999.000,9999.000,9999.000,9999.000
202604270836,   0.810,9999.000,9999.000,9999.000,9999.000,9999.000,9999.000,9999.000,9999.000
202604270842,   0.816,9999.000,9999.000,9999.000,9999.000,9999.000,9999.000,9999.000,9999.000
202604270848,   0.822,9999.000,9999.000,9999.000,9999.000,9999.000,9999.000,9999.000,9999.000
202604270854,   0.826,9999.000,9999.000,9999.000,9999.000,9999.000,9999.000,9999.000,9999.000
202604270900,   0.830,9999.000,   0.400,  -0.016,   1.214,   0.300,   1.114,   0.400,   1.214
202604270906,   0.833,9999.000,9999.000,9999.000,9999.000,9999.000,9999.000,9999.000,9999.000
202604270912,   0.835,9999.000,9999.000,9999.000,9999.000,9999.000,9999.000,9999.000,9999.000
202604270918,   0.836,9999.000,9999.000,9999.000,9999.000,9999.000,9999.000,9999.000,9999.000
202604270924,   0.836,9999.000,9999.000,9999.000,9999.000,9999.000,9999.000,9999.000,9999.000
202604270930,   0.836,9999.000,9999.000,9999.000,9999.000,9999.000,9999.000,9999.000,9999.000
202604270936,   0.834,9999.000,9999.000,9999.000,9999.000,9999.000,9999.000,9999.000,9999.000
202604270942,   0.832,9999.000,9999.000,9999.000,9999.000,9999.000,9999.000,9999.000,9999.000
202604270948,   0.829,9999.000,9999.000,9999.000,9999.000,9999.000,9999.000,9999.000,9999.000
202604270954,   0.826,9999.000,9999.000,9999.000,9999.000,9999.000,9999.000,9999.000,9999.000
202604271000,   0.821,9999.000,   0.400,  -0.016,   1.205,   0.300,   1.105,   0.400,   1.205
202604271006,   0.816,9999.000,9999.000,9999.000,9999.000,9999.000,9999.000,9999.000,9999.000
202604271012,   0.810,9999.000,9999.000,9999.000,9999.000,9999.000,9999.000,9999.000,9999.000
202604271018,   0.804,9999.000,9999.000,9999.000,9999.000,9999.000,9999.000,9999.000,9999.000
202604271024,   0.796,9999.000,9999.000,9999.000,9999.000,9999.000,9999.000,9999.000,9999.000
202604271030,   0.788,9999.000,9999.000,9999.000,9999.000,9999.000,9999.000,9999.000,9999.000
202604271036,   0.779,9999.000,9999.000,9999.000,9999.000,9999.000,9999.000,9999.000,9999.000
202604271042,   0.770,9999.000,9999.000,9999.000,9999.000,9999.000,9999.000,9999.000,9999.000
202604271048,   0.760,9999.000,9999.000,9999.000,9999.000,9999.000,9999.000,9999.000,9999.000
202604271054,   0.749,9999.000,9999.000,9999.000,9999.000,9999.000,9999.000,9999.000,9999.000
202604271100,   0.738,9999.000,   0.300,  -0.016,   1.022,   0.300,   1.022,   0.400,   1.122
202604271106,   0.726,9999.000,9999.000,9999.000,9999.000,9999.000,9999.000,9999.000,9999.000
202604271112,   0.713,9999.000,9999.000,9999.000,9999.000,9999.000,9999.000,9999.000,9999.000
202604271118,   0.700,9999.000,9999.000,9999.000,9999.000,9999.000,9999.000,9999.000,9999.000
202604271124,   0.686,9999.000,9999.000,9999.000,9999.000,9999.000,9999.000,9999.000,9999.000
202604271130,   0.672,9999.000,9999.000,9999.000,9999.000,9999.000,9999.000,9999.000,9999.000
202604271136,   0.657,9999.000,9999.000,9999.000,9999.000,9999.000,9999.000,9999.000,9999.000
202604271142,   0.642,9999.000,9999.000,9999.000,9999.000,9999.000,9999.000,9999.000,9999.000
202604271148,   0.627,9999.000,9999.000,9999.000,9999.000,9999.000,9999.000,9999.000,9999.000
202604271154,   0.610,9999.000,9999.000,9999.000,9999.000,9999.000,9999.000,9999.000,9999.000
202604271200,   0.594,9999.000,   0.300,  -0.016,   0.878,   0.300,   0.878,   0.300,   0.878
202604271206,   0.577,9999.000,9999.000,9999.000,9999.000,9999.000,9999.000,9999.000,9999.000
202604271212,   0.560,9999.000,9999.000,9999.000,9999.000,9999.000,9999.000,9999.000,9999.000
202604271218,   0.543,9999.000,9999.000,9999.000,9999.000,9999.000,9999.000,9999.000,9999.000
202604271224,   0.525,9999.000,9999.000,9999.000,9999.000,9999.000,9999.000,9999.000,9999.000
202604271230,   0.507,9999.000,9999.000,9999.000,9999.000,9999.000,9999.000,9999.000,9999.000
202604271236,   0.489,9999.000,9999.000,9999.000,9999.000,9999.000,9999.000,9999.000,9999.000
202604271242,   0.471,9999.000,9999.000,9999.000,9999.000,9999.000,9999.000,9999.000,9999.000
202604271248,   0.452,9999.000,9999.000,9999.000,9999.000,9999.000,9999.000,9999.000,9999.000
202604271254,   0.434,9999.000,9999.000,9999.000,9999.000,9999.000,9999.000,9999.000,9999.000
202604271300,   0.416,9999.000,   0.300,  -0.016,   0.700,   0.200,   0.600,   0.300,   0.700
202604271306,   0.398,9999.000,9999.000,9999.000,9999.000,9999.000,9999.000,9999.000,9999.000
202604271312,   0.380,9999.000,9999.000,9999.000,9999.000,9999.000,9999.000,9999.000,9999.000
202604271318,   0.362,9999.000,9999.000,9999.000,9999.000,9999.000,9999.000,9999.000,9999.000
202604271324,   0.344,9999.000,9999.000,9999.000,9999.000,9999.000,9999.000,9999.000,9999.000
202604271330,   0.327,9999.000,9999.000,9999.000,9999.000,9999.000,9999.000,9999.000,9999.000
202604271336,   0.310,9999.000,9999.000,9999.000,9999.000,9999.000,9999.000,9999.000,9999.000
202604271342,   0.293,9999.000,9999.000,9999.000,9999.000,9999.000,9999.000,9999.000,9999.000
202604271348,   0.277,9999.000,9999.000,9999.000,9999.000,9999.000,9999.000,9999.000,9999.000
202604271354,   0.261,9999.000,9999.000,9999.000,9999.000,9999.000,9999.000,9999.000,9999.000
202604271400,   0.246,9999.000,   0.300,  -0.016,   0.530,   0.200,   0.430,   0.300,   0.530
202604271406,   0.231,9999.000,9999.000,9999.000,9999.000,9999.000,9999.000,9999.000,9999.000
202604271412,   0.216,9999.000,9999.000,9999.000,9999.000,9999.000,9999.000,9999.000,9999.000
202604271418,   0.203,9999.000,9999.000,9999.000,9999.000,9999.000,9999.000,9999.000,9999.000
202604271424,   0.190,9999.000,9999.000,9999.000,9999.000,9999.000,9999.000,9999.000,9999.000
202604271430,   0.177,9999.000,9999.000,9999.000,9999.000,9999.000,9999.000,9999.000,9999.000
202604271436,   0.165,9999.000,9999.000,9999.000,9999.000,9999.000,9999.000,9999.000,9999.000
202604271442,   0.154,9999.000,9999.000,9999.000,9999.000,9999.000,9999.000,9999.000,9999.000
202604271448,   0.144,9999.000,9999.000,9999.000,9999.000,9999.000,9999.000,9999.000,9999.000
202604271454,   0.134,9999.000,9999.000,9999.000,9999.000,9999.000,9999.000,9999.000,9999.000
202604271500,   0.126,9999.000,   0.300,  -0.016,   0.410,   0.200,   0.310,   0.300,   0.410
202604271506,   0.118,9999.000,9999.000,9999.000,9999.000,9999.000,9999.000,9999.000,9999.000
202604271512,   0.110,9999.000,9999.000,9999.000,9999.000,9999.000,9999.000,9999.000,9999.000
202604271518,   0.104,9999.000,9999.000,9999.000,9999.000,9999.000,9999.000,9999.000,9999.000
202604271524,   0.098,9999.000,9999.000,9999.000,9999.000,9999.000,9999.000,9999.000,9999.000
202604271530,   0.094,9999.000,9999.000,9999.000,9999.000,9999.000,9999.000,9999.000,9999.000
202604271536,   0.090,9999.000,9999.000,9999.000,9999.000,9999.000,9999.000,9999.000,9999.000
202604271542,   0.087,9999.000,9999.000,9999.000,9999.000,9999.000,9999.000,9999.000,9999.000
202604271548,   0.085,9999.000,9999.000,9999.000,9999.000,9999.000,9999.000,9999.000,9999.000
202604271554,   0.083,9999.000,9999.000,9999.000,9999.000,9999.000,9999.000,9999.000,9999.000
202604271600,   0.083,9999.000,   0.300,  -0.016,   0.367,   0.200,   0.267,   0.300,   0.367
202604271606,   0.083,9999.000,9999.000,9999.000,9999.000,9999.000,9999.000,9999.000,9999.000
202604271612,   0.085,9999.000,9999.000,9999.000,9999.000,9999.000,9999.000,9999.000,9999.000
202604271618,   0.087,9999.000,9999.000,9999.000,9999.000,9999.000,9999.000,9999.000,9999.000
202604271624,   0.090,9999.000,9999.000,9999.000,9999.000,9999.000,9999.000,9999.000,9999.000
202604271630,   0.094,9999.000,9999.000,9999.000,9999.000,9999.000,9999.000,9999.000,9999.000
202604271636,   0.099,9999.000,9999.000,9999.000,9999.000,9999.000,9999.000,9999.000,9999.000
202604271642,   0.105,9999.000,9999.000,9999.000,9999.000,9999.000,9999.000,9999.000,9999.000
202604271648,   0.112,9999.000,9999.000,9999.000,9999.000,9999.000,9999.000,9999.000,9999.000
202604271654,   0.119,9999.000,9999.000,9999.000,9999.000,9999.000,9999.000,9999.000,9999.000
202604271700,   0.128,9999.000,   0.300,  -0.016,   0.412,   0.200,   0.312,   0.300,   0.412
202604271706,   0.137,9999.000,9999.000,9999.000,9999.000,9999.000,9999.000,9999.000,9999.000
202604271712,   0.147,9999.000,9999.000,9999.000,9999.000,9999.000,9999.000,9999.000,9999.000
202604271718,   0.158,9999.000,9999.000,9999.000,9999.000,9999.000,9999.000,9999.000,9999.000
202604271724,   0.170,9999.000,9999.000,9999.000,9999.000,9999.000,9999.000,9999.000,9999.000
202604271730,   0.183,9999.000,9999.000,9999.000,9999.000,9999.000,9999.000,9999.000,9999.000
202604271736,   0.196,9999.000,9999.000,9999.000,9999.000,9999.000,9999.000,9999.000,9999.000
202604271742,   0.210,9999.000,9999.000,9999.000,9999.000,9999.000,9999.000,9999.000,9999.000
202604271748,   0.225,9999.000,9999.000,9999.000,9999.000,9999.000,9999.000,9999.000,9999.000
202604271754,   0.241,9999.000,9999.000,9999.000,9999.000,9999.000,9999.000,9999.000,9999.000
202604271800,   0.257,9999.000,   0.300,  -0.016,   0.541,   0.300,   0.541,   0.400,   0.641
202604271806,   0.274,9999.000,9999.000,9999.000,9999.000,9999.000,9999.000,9999.000,9999.000
202604271812,   0.291,9999.000,9999.000,9999.000,9999.000,9999.000,9999.000,9999.000,9999.000
202604271818,   0.309,9999.000,9999.000,9999.000,9999.000,9999.000,9999.000,9999.000,9999.000
202604271824,   0.327,9999.000,9999.000,9999.000,9999.000,9999.000,9999.000,9999.000,9999.000
202604271830,   0.346,9999.000,9999.000,9999.000,9999.000,9999.000,9999.000,9999.000,9999.000
202604271836,   0.365,9999.000,9999.000,9999.000,9999.000,9999.000,9999.000,9999.000,9999.000
202604271842,   0.385,9999.000,9999.000,9999.000,9999.000,9999.000,9999.000,9999.000,9999.000
202604271848,   0.404,9999.000,9999.000,9999.000,9999.000,9999.000,9999.000,9999.000,9999.000
202604271854,   0.424,9999.000,9999.000,9999.000,9999.000,9999.000,9999.000,9999.000,9999.000
202604271900,   0.444,9999.000,   0.300,  -0.016,   0.728,   0.300,   0.728,   0.400,   0.828
202604271906,   0.464,9999.000,9999.000,9999.000,9999.000,9999.000,9999.000,9999.000,9999.000
202604271912,   0.485,9999.000,9999.000,9999.000,9999.000,9999.000,9999.000,9999.000,9999.000
202604271918,   0.505,9999.000,9999.000,9999.000,9999.000,9999.000,9999.000,9999.000,9999.000
202604271924,   0.524,9999.000,9999.000,9999.000,9999.000,9999.000,9999.000,9999.000,9999.000
202604271930,   0.544,9999.000,9999.000,9999.000,9999.000,9999.000,9999.000,9999.000,9999.000
202604271936,   0.564,9999.000,9999.000,9999.000,9999.000,9999.000,9999.000,9999.000,9999.000
202604271942,   0.583,9999.000,9999.000,9999.000,9999.000,9999.000,9999.000,9999.000,9999.000
202604271948,   0.601,9999.000,9999.000,9999.000,9999.000,9999.000,9999.000,9999.000,9999.000
202604271954,   0.620,9999.000,9999.000,9999.000,9999.000,9999.000,9999.000,9999.000,9999.000
202604272000,   0.638,9999.000,   0.300,  -0.016,   0.922,   0.300,   0.922,   0.400,   1.022
202604272006,   0.655,9999.000,9999.000,9999.000,9999.000,9999.000,9999.000,9999.000,9999.000
202604272012,   0.672,9999.000,9999.000,9999.000,9999.000,9999.000,9999.000,9999.000,9999.000
202604272018,   0.688,9999.000,9999.000,9999.000,9999.000,9999.000,9999.000,9999.000,9999.000
202604272024,   0.703,9999.000,9999.000,9999.000,9999.000,9999.000,9999.000,9999.000,9999.000
202604272030,   0.718,9999.000,9999.000,9999.000,9999.000,9999.000,9999.000,9999.000,9999.000
202604272036,   0.732,9999.000,9999.000,9999.000,9999.000,9999.000,9999.000,9999.000,9999.000
202604272042,   0.745,9999.000,9999.000,9999.000,9999.000,9999.000,9999.000,9999.000,9999.000
202604272048,   0.757,9999.000,9999.000,9999.000,9999.000,9999.000,9999.000,9999.000,9999.000
202604272054,   0.769,9999.000,9999.000,9999.000,9999.000,9999.000,9999.000,9999.000,9999.000
202604272100,   0.780,9999.000,   0.300,  -0.016,   1.064,   0.300,   1.064,   0.400,   1.164
202604272106,   0.789,9999.000,9999.000,9999.000,9999.000,9999.000,9999.000,9999.000,9999.000
202604272112,   0.798,9999.000,9999.000,9999.000,9999.000,9999.000,9999.000,9999.000,9999.000
202604272118,   0.806,9999.000,9999.000,9999.000,9999.000,9999.000,9999.000,9999.000,9999.000
202604272124,   0.814,9999.000,9999.000,9999.000,9999.000,9999.000,9999.000,9999.000,9999.000
202604272130,   0.820,9999.000,9999.000,9999.000,9999.000,9999.000,9999.000,9999.000,9999.000
202604272136,   0.825,9999.000,9999.000,9999.000,9999.000,9999.000,9999.000,9999.000,9999.000
202604272142,   0.830,9999.000,9999.000,9999.000,9999.000,9999.000,9999.000,9999.000,9999.000
202604272148,   0.833,9999.000,9999.000,9999.000,9999.000,9999.000,9999.000,9999.000,9999.000
202604272154,   0.836,9999.000,9999.000,9999.000,9999.000,9999.000,9999.000,9999.000,9999.000
202604272200,   0.838,9999.000,   0.300,  -0.016,   1.122,   0.300,   1.122,   0.400,   1.222
202604272206,   0.839,9999.000,9999.000,9999.000,9999.000,9999.000,9999.000,9999.000,9999.000
202604272212,   0.839,9999.000,9999.000,9999.000,9999.000,9999.000,9999.000,9999.000,9999.000
202604272218,   0.839,9999.000,9999.000,9999.000,9999.000,9999.000,9999.000,9999.000,9999.000
202604272224,   0.837,9999.000,9999.000,9999.000,9999.000,9999.000,9999.000,9999.000,9999.000
202604272230,   0.835,9999.000,9999.000,9999.000,9999.000,9999.000,9999.000,9999.000,9999.000
202604272236,   0.832,9999.000,9999.000,9999.000,9999.000,9999.000,9999.000,9999.000,9999.000
202604272242,   0.828,9999.000,9999.000,9999.000,9999.000,9999.000,9999.000,9999.000,9999.000
202604272248,   0.823,9999.000,9999.000,9999.000,9999.000,9999.000,9999.000,9999.000,9999.000
202604272254,   0.818,9999.000,9999.000,9999.000,9999.000,9999.000,9999.000,9999.000,9999.000
202604272300,   0.812,9999.000,   0.300,  -0.016,   1.096,   0.300,   1.096,   0.400,   1.196
202604272306,   0.805,9999.000,9999.000,9999.000,9999.000,9999.000,9999.000,9999.000,9999.000
202604272312,   0.798,9999.000,9999.000,9999.000,9999.000,9999.000,9999.000,9999.000,9999.000
202604272318,   0.790,9999.000,9999.000,9999.000,9999.000,9999.000,9999.000,9999.000,9999.000
202604272324,   0.781,9999.000,9999.000,9999.000,9999.000,9999.000,9999.000,9999.000,9999.000
202604272330,   0.772,9999.000,9999.000,9999.000,9999.000,9999.000,9999.000,9999.000,9999.000
202604272336,   0.762,9999.000,9999.000,9999.000,9999.000,9999.000,9999.000,9999.000,9999.000
202604272342,   0.751,9999.000,9999.000,9999.000,9999.000,9999.000,9999.000,9999.000,9999.000
202604272348,   0.740,9999.000,9999.000,9999.000,9999.000,9999.000,9999.000,9999.000,9999.000
202604272354,   0.728,9999.000,9999.000,9999.000,9999.000,9999.000,9999.000,9999.000,9999.000
202604280000,   0.716,9999.000,   0.300,  -0.016,   1.000,   0.200,   0.900,   0.300,   1.000
202604280006,   0.703,9999.000,9999.000,9999.000,9999.000,9999.000,9999.000,9999.000,9999.000
202604280012,   0.690,9999.000,9999.000,9999.000,9999.000,9999.000,9999.000,9999.000,9999.000
202604280018,   0.677,9999.000,9999.000,9999.000,9999.000,9999.000,9999.000,9999.000,9999.000
202604280024,   0.663,9999.000,9999.000,9999.000,9999.000,9999.000,9999.000,9999.000,9999.000
202604280030,   0.649,9999.000,9999.000,9999.000,9999.000,9999.000,9999.000,9999.000,9999.000
202604280036,   0.634,9999.000,9999.000,9999.000,9999.000,9999.000,9999.000,9999.000,9999.000
202604280042,   0.620,9999.000,9999.000,9999.000,9999.000,9999.000,9999.000,9999.000,9999.000
202604280048,   0.605,9999.000,9999.000,9999.000,9999.000,9999.000,9999.000,9999.000,9999.000
202604280054,   0.590,9999.000,9999.000,9999.000,9999.000,9999.000,9999.000,9999.000,9999.000
202604280100,   0.574,9999.000,   0.300,  -0.016,   0.858,   0.200,   0.758,   0.300,   0.858
202604280106,   0.559,9999.000,9999.000,9999.000,9999.000,9999.000,9999.000,9999.000,9999.000
202604280112,   0.544,9999.000,9999.000,9999.000,9999.000,9999.000,9999.000,9999.000,9999.000
202604280118,   0.528,9999.000,9999.000,9999.000,9999.000,9999.000,9999.000,9999.000,9999.000
202604280124,   0.513,9999.000,9999.000,9999.000,9999.000,9999.000,9999.000,9999.000,9999.000
202604280130,   0.497,9999.000,9999.000,9999.000,9999.000,9999.000,9999.000,9999.000,9999.000
202604280136,   0.482,9999.000,9999.000,9999.000,9999.000,9999.000,9999.000,9999.000,9999.000
202604280142,   0.467,9999.000,9999.000,9999.000,9999.000,9999.000,9999.000,9999.000,9999.000
202604280148,   0.452,9999.000,9999.000,9999.000,9999.000,9999.000,9999.000,9999.000,9999.000
202604280154,   0.438,9999.000,9999.000,9999.000,9999.000,9999.000,9999.000,9999.000,9999.000
202604280200,   0.424,9999.000,   0.300,  -0.016,   0.708,   0.200,   0.608,   0.300,   0.708
202604280206,   0.410,9999.000,9999.000,9999.000,9999.000,9999.000,9999.000,9999.000,9999.000
202604280212,   0.396,9999.000,9999.000,9999.000,9999.000,9999.000,9999.000,9999.000,9999.000
202604280218,   0.383,9999.000,9999.000,9999.000,9999.000,9999.000,9999.000,9999.000,9999.000
202604280224,   0.370,9999.000,9999.000,9999.000,9999.000,9999.000,9999.000,9999.000,9999.000
202604280230,   0.358,9999.000,9999.000,9999.000,9999.000,9999.000,9999.000,9999.000,9999.000
202604280236,   0.346,9999.000,9999.000,9999.000,9999.000,9999.000,9999.000,9999.000,9999.000
202604280242,   0.335,9999.000,9999.000,9999.000,9999.000,9999.000,9999.000,9999.000,9999.000
202604280248,   0.324,9999.000,9999.000,9999.000,9999.000,9999.000,9999.000,9999.000,9999.000
202604280254,   0.314,9999.000,9999.000,9999.000,9999.000,9999.000,9999.000,9999.000,9999.000
202604280300,   0.304,9999.000,   0.300,  -0.016,   0.588,   0.200,   0.488,   0.300,   0.588
202604280306,   0.295,9999.000,9999.000,9999.000,9999.000,9999.000,9999.000,9999.000,9999.000
202604280312,   0.287,9999.000,9999.000,9999.000,9999.000,9999.000,9999.000,9999.000,9999.000
202604280318,   0.279,9999.000,9999.000,9999.000,9999.000,9999.000,9999.000,9999.000,9999.000
202604280324,   0.272,9999.000,9999.000,9999.000,9999.000,9999.000,9999.000,9999.000,9999.000
202604280330,   0.265,9999.000,9999.000,9999.000,9999.000,9999.000,9999.000,9999.000,9999.000
202604280336,   0.260,9999.000,9999.000,9999.000,9999.000,9999.000,9999.000,9999.000,9999.000
202604280342,   0.255,9999.000,9999.000,9999.000,9999.000,9999.000,9999.000,9999.000,9999.000
202604280348,   0.250,9999.000,9999.000,9999.000,9999.000,9999.000,9999.000,9999.000,9999.000
202604280354,   0.246,9999.000,9999.000,9999.000,9999.000,9999.000,9999.000,9999.000,9999.000
202604280400,   0.243,9999.000,   0.300,  -0.016,   0.527,   0.200,   0.427,   0.300,   0.527
202604280406,   0.241,9999.000,9999.000,9999.000,9999.000,9999.000,9999.000,9999.000,9999.000
202604280412,   0.239,9999.000,9999.000,9999.000,9999.000,9999.000,9999.000,9999.000,9999.000
202604280418,   0.238,9999.000,9999.000,9999.000,9999.000,9999.000,9999.000,9999.000,9999.000
202604280424,   0.238,9999.000,9999.000,9999.000,9999.000,9999.000,9999.000,9999.000,9999.000
202604280430,   0.238,9999.000,9999.000,9999.000,9999.000,9999.000,9999.000,9999.000,9999.000
202604280436,   0.239,9999.000,9999.000,9999.000,9999.000,9999.000,9999.000,9999.000,9999.000
202604280442,   0.241,9999.000,9999.000,9999.000,9999.000,9999.000,9999.000,9999.000,9999.000
202604280448,   0.243,9999.000,9999.000,9999.000,9999.000,9999.000,9999.000,9999.000,9999.000
202604280454,   0.246,9999.000,9999.000,9999.000,9999.000,9999.000,9999.000,9999.000,9999.000
202604280500,   0.250,9999.000,   0.300,  -0.016,   0.534,   0.200,   0.434,   0.300,   0.534
202604280506,   0.254,9999.000,9999.000,9999.000,9999.000,9999.000,9999.000,9999.000,9999.000
202604280512,   0.259,9999.000,9999.000,9999.000,9999.000,9999.000,9999.000,9999.000,9999.000
202604280518,   0.265,9999.000,9999.000,9999.000,9999.000,9999.000,9999.000,9999.000,9999.000
202604280524,   0.271,9999.000,9999.000,9999.000,9999.000,9999.000,9999.000,9999.000,9999.000
202604280530,   0.278,9999.000,9999.000,9999.000,9999.000,9999.000,9999.000,9999.000,9999.000
202604280536,   0.286,9999.000,9999.000,9999.000,9999.000,9999.000,9999.000,9999.000,9999.000
202604280542,   0.294,9999.000,9999.000,9999.000,9999.000,9999.000,9999.000,9999.000,9999.000
202604280548,   0.303,9999.000,9999.000,9999.000,9999.000,9999.000,9999.000,9999.000,9999.000
202604280554,   0.313,9999.000,9999.000,9999.000,9999.000,9999.000,9999.000,9999.000,9999.000
202604280600,   0.323,9999.000,   0.300,  -0.016,   0.607,   0.300,   0.607,   0.400,   0.707
202604280606,   0.334,9999.000,9999.000,9999.000,9999.000,9999.000,9999.000,9999.000,9999.000
202604280612,   0.345,9999.000,9999.000,9999.000,9999.000,9999.000,9999.000,9999.000,9999.000
202604280618,   0.357,9999.000,9999.000,9999.000,9999.000,9999.000,9999.000,9999.000,9999.000
202604280624,   0.369,9999.000,9999.000,9999.000,9999.000,9999.000,9999.000,9999.000,9999.000
202604280630,   0.382,9999.000,9999.000,9999.000,9999.000,9999.000,9999.000,9999.000,9999.000
202604280636,   0.395,9999.000,9999.000,9999.000,9999.000,9999.000,9999.000,9999.000,9999.000
202604280642,   0.408,9999.000,9999.000,9999.000,9999.000,9999.000,9999.000,9999.000,9999.000
202604280648,   0.422,9999.000,9999.000,9999.000,9999.000,9999.000,9999.000,9999.000,9999.000
202604280654,   0.436,9999.000,9999.000,9999.000,9999.000,9999.000,9999.000,9999.000,9999.000
202604280700,   0.450,9999.000,   0.300,  -0.016,   0.734,   0.300,   0.734,   0.400,   0.834
202604280706,   0.465,9999.000,9999.000,9999.000,9999.000,9999.000,9999.000,9999.000,9999.000
202604280712,   0.480,9999.000,9999.000,9999.000,9999.000,9999.000,9999.000,9999.000,9999.000
202604280718,   0.494,9999.000,9999.000,9999.000,9999.000,9999.000,9999.000,9999.000,9999.000
202604280724,   0.509,9999.000,9999.000,9999.000,9999.000,9999.000,9999.000,9999.000,9999.000
202604280730,   0.524,9999.000,9999.000,9999.000,9999.000,9999.000,9999.000,9999.000,9999.000
202604280736,   0.540,9999.000,9999.000,9999.000,9999.000,9999.000,9999.000,9999.000,9999.000
202604280742,   0.553,9999.000,9999.000,9999.000,9999.000,9999.000,9999.000,9999.000,9999.000
202604280748,   0.568,9999.000,9999.000,9999.000,9999.000,9999.000,9999.000,9999.000,9999.000
202604280754,   0.582,9999.000,9999.000,9999.000,9999.000,9999.000,9999.000,9999.000,9999.000
202604280800,   0.596,9999.000,   0.300,  -0.016,   0.880,   0.300,   0.880,   0.400,   0.980
202604280806,   0.610,9999.000,9999.000,9999.000,9999.000,9999.000,9999.000,9999.000,9999.000
202604280812,   0.623,9999.000,9999.000,9999.000,9999.000,9999.000,9999.000,9999.000,9999.000
202604280818,   0.635,9999.000,9999.000,9999.000,9999.000,9999.000,9999.000,9999.000,9999.000
202604280824,   0.648,9999.000,9999.000,9999.000,9999.000,9999.000,9999.000,9999.000,9999.000
202604280830,   0.659,9999.000,9999.000,9999.000,9999.000,9999.000,9999.000,9999.000,9999.000
202604280836,   0.671,9999.000,9999.000,9999.000,9999.000,9999.000,9999.000,9999.000,9999.000
202604280842,   0.681,9999.000,9999.000,9999.000,9999.000,9999.000,9999.000,9999.000,9999.000
202604280848,   0.691,9999.000,9999.000,9999.000,9999.000,9999.000,9999.000,9999.000,9999.000
202604280854,   0.700,9999.000,9999.000,9999.000,9999.000,9999.000,9999.000,9999.000,9999.000
202604280900,   0.709,9999.000,   0.300,  -0.016,   0.993,   0.300,   0.993,   0.400,   1.093
202604280906,   0.716,9999.000,9999.000,9999.000,9999.000,9999.000,9999.000,9999.000,9999.000
202604280912,   0.723,9999.000,9999.000,9999.000,9999.000,9999.000,9999.000,9999.000,9999.000
202604280918,   0.730,9999.000,9999.000,9999.000,9999.000,9999.000,9999.000,9999.000,9999.000
202604280924,   0.735,9999.000,9999.000,9999.000,9999.000,9999.000,9999.000,9999.000,9999.000
202604280930,   0.740,9999.000,9999.000,9999.000,9999.000,9999.000,9999.000,9999.000,9999.000
202604280936,   0.743,9999.000,9999.000,9999.000,9999.000,9999.000,9999.000,9999.000,9999.000
202604280942,   0.746,9999.000,9999.000,9999.000,9999.000,9999.000,9999.000,9999.000,9999.000
202604280948,   0.748,9999.000,9999.000,9999.000,9999.000,9999.000,9999.000,9999.000,9999.000
202604280954,   0.750,9999.000,9999.000,9999.000,9999.000,9999.000,9999.000,9999.000,9999.000
202604281000,   0.750,9999.000,   0.300,  -0.016,   1.034,   0.300,   1.034,   0.400,   1.134
202604281006,   0.750,9999.000,9999.000,9999.000,9999.000,9999.000,9999.000,9999.000,9999.000
202604281012,   0.749,9999.000,9999.000,9999.000,9999.000,9999.000,9999.000,9999.000,9999.000
202604281018,   0.747,9999.000,9999.000,9999.000,9999.000,9999.000,9999.000,9999.000,9999.000
202604281024,   0.744,9999.000,9999.000,9999.000,9999.000,9999.000,9999.000,9999.000,9999.000
202604281030,   0.740,9999.000,9999.000,9999.000,9999.000,9999.000,9999.000,9999.000,9999.000
202604281036,   0.736,9999.000,9999.000,9999.000,9999.000,9999.000,9999.000,9999.000,9999.000
202604281042,   0.731,9999.000,9999.000,9999.000,9999.000,9999.000,9999.000,9999.000,9999.000
202604281048,   0.725,9999.000,9999.000,9999.000,9999.000,9999.000,9999.000,9999.000,9999.000
202604281054,   0.718,9999.000,9999.000,9999.000,9999.000,9999.000,9999.000,9999.000,9999.000
202604281100,   0.711,9999.000,   0.300,  -0.016,   0.995,   0.300,   0.995,   0.300,   0.995
202604281106,   0.703,9999.000,9999.000,9999.000,9999.000,9999.000,9999.000,9999.000,9999.000
202604281112,   0.694,9999.000,9999.000,9999.000,9999.000,9999.000,9999.000,9999.000,9999.000
202604281118,   0.685,9999.000,9999.000,9999.000,9999.000,9999.000,9999.000,9999.000,9999.000
202604281124,   0.675,9999.000,9999.000,9999.000,9999.000,9999.000,9999.000,9999.000,9999.000
202604281130,   0.664,9999.000,9999.000,9999.000,9999.000,9999.000,9999.000,9999.000,9999.000
202604281136,   0.652,9999.000,9999.000,9999.000,9999.000,9999.000,9999.000,9999.000,9999.000
202604281142,   0.641,9999.000,9999.000,9999.000,9999.000,9999.000,9999.000,9999.000,9999.000
202604281148,   0.628,9999.000,9999.000,9999.000,9999.000,9999.000,9999.000,9999.000,9999.000
202604281154,   0.615,9999.000,9999.000,9999.000,9999.000,9999.000,9999.000,9999.000,9999.000
202604281200,   0.601,9999.000,   0.300,  -0.016,   0.885,   0.200,   0.785,   0.300,   0.885
