        TIME,    TIDE,      OB,   SURGE,    BIAS,     TWL,SURGE90p,  TWL90p,SURGE10p,   TWL10p
202604101200,   0.862,   1.039,   0.300,  -0.123,   1.039,   0.300,   1.039,   0.300,   1.039
202604101206,   0.834,9999.000,9999.000,9999.000,9999.000,9999.000,9999.000,9999.000,9999.000
202604101212,   0.808,   0.980,9999.000,9999.000,9999.000,9999.000,9999.000,9999.000,9999.000
202604101218,   0.783,9999.000,9999.000,9999.000,9999.000,9999.000,9999.000,9999.000,9999.000
202604101224,   0.760,   0.928,9999.000,9999.000,9999.000,9999.000,9999.000,9999.000,9999.000
202604101230,   0.739,9999.000,9999.000,9999.000,9999.000,9999.000,9999.000,9999.000,9999.000
202604101236,   0.720,   0.918,9999.000,9999.000,9999.000,9999.000,9999.000,9999.000,9999.000
202604101242,   0.702,9999.000,9999.000,9999.000,9999.000,9999.000,9999.000,9999.000,9999.000
202604101248,   0.686,   0.879,9999.000,9999.000,9999.000,9999.000,9999.000,9999.000,9999.000
202604101254,   0.672,9999.000,9999.000,9999.000,9999.000,9999.000,9999.000,9999.000,9999.000
202604101300,   0.660,   0.839,   0.300,  -0.121,   0.839,   0.300,   0.839,   0.300,   0.839
202604101306,   0.650,   0.849,9999.000,9999.000,9999.000,9999.000,9999.000,9999.000,9999.000
202604101312,   0.641,   0.839,9999.000,9999.000,9999.000,9999.000,9999.000,9999.000,9999.000
202604101318,   0.634,   0.810,9999.000,9999.000,9999.000,9999.000,9999.000,9999.000,9999.000
202604101324,   0.629,   0.810,9999.000,9999.000,9999.000,9999.000,9999.000,9999.000,9999.000
202604101330,   0.625,   0.800,9999.000,9999.000,9999.000,9999.000,9999.000,9999.000,9999.000
202604101336,   0.623,   0.810,9999.000,9999.000,9999.000,9999.000,9999.000,9999.000,9999.000
202604101342,   0.623,   0.819,9999.000,9999.000,9999.000,9999.000,9999.000,9999.000,9999.000
202604101348,   0.625,   0.819,9999.000,9999.000,9999.000,9999.000,9999.000,9999.000,9999.000
202604101354,   0.628,   0.810,9999.000,9999.000,9999.000,9999.000,9999.000,9999.000,9999.000
202604101400,   0.633,   0.800,   0.300,  -0.133,   0.800,   0.300,   0.800,   0.300,   0.800
202604101406,   0.640,   0.819,9999.000,9999.000,9999.000,9999.000,9999.000,9999.000,9999.000
202604101412,   0.648,   0.829,9999.000,9999.000,9999.000,9999.000,9999.000,9999.000,9999.000
202604101418,   0.658,   0.819,9999.000,9999.000,9999.000,9999.000,9999.000,9999.000,9999.000
202604101424,   0.670,   0.839,9999.000,9999.000,9999.000,9999.000,9999.000,9999.000,9999.000
202604101430,   0.683,   0.839,9999.000,9999.000,9999.000,9999.000,9999.000,9999.000,9999.000
202604101436,   0.698,   0.888,9999.000,9999.000,9999.000,9999.000,9999.000,9999.000,9999.000
202604101442,   0.715,   0.898,9999.000,9999.000,9999.000,9999.000,9999.000,9999.000,9999.000
202604101448,   0.733,   0.898,9999.000,9999.000,9999.000,9999.000,9999.000,9999.000,9999.000
202604101454,   0.754,   0.908,9999.000,9999.000,9999.000,9999.000,9999.000,9999.000,9999.000
202604101500,   0.775,   0.961,   0.300,  -0.114,   0.961,   0.300,   0.961,   0.300,   0.961
202604101506,   0.799,   0.970,9999.000,9999.000,9999.000,9999.000,9999.000,9999.000,9999.000
202604101512,   0.824,   0.970,9999.000,9999.000,9999.000,9999.000,9999.000,9999.000,9999.000
202604101518,   0.850,   1.010,9999.000,9999.000,9999.000,9999.000,9999.000,9999.000,9999.000
202604101524,   0.878,   1.020,9999.000,9999.000,9999.000,9999.000,9999.000,9999.000,9999.000
202604101530,   0.907,   1.069,9999.000,9999.000,9999.000,9999.000,9999.000,9999.000,9999.000
202604101536,   0.938,   1.098,9999.000,9999.000,9999.000,9999.000,9999.000,9999.000,9999.000
202604101542,   0.970,   1.128,9999.000,9999.000,9999.000,9999.000,9999.000,9999.000,9999.000
202604101548,   1.003,   1.161,9999.000,9999.000,9999.000,9999.000,9999.000,9999.000,9999.000
202604101554,   1.037,   1.180,9999.000,9999.000,9999.000,9999.000,9999.000,9999.000,9999.000
202604101600,   1.073,   1.210,   0.300,  -0.163,   1.210,   0.300,   1.210,   0.300,   1.210
202604101606,   1.109,   1.249,9999.000,9999.000,9999.000,9999.000,9999.000,9999.000,9999.000
202604101612,   1.145,   1.259,9999.000,9999.000,9999.000,9999.000,9999.000,9999.000,9999.000
202604101618,   1.183,   1.279,9999.000,9999.000,9999.000,9999.000,9999.000,9999.000,9999.000
202604101624,   1.221,   1.308,9999.000,9999.000,9999.000,9999.000,9999.000,9999.000,9999.000
202604101630,   1.259,   1.348,9999.000,9999.000,9999.000,9999.000,9999.000,9999.000,9999.000
202604101636,   1.298,   1.390,9999.000,9999.000,9999.000,9999.000,9999.000,9999.000,9999.000
202604101642,   1.337,   1.400,9999.000,9999.000,9999.000,9999.000,9999.000,9999.000,9999.000
202604101648,   1.375,   1.420,9999.000,9999.000,9999.000,9999.000,9999.000,9999.000,9999.000
202604101654,   1.414,   1.439,9999.000,9999.000,9999.000,9999.000,9999.000,9999.000,9999.000
202604101700,   1.452,   1.479,   0.300,  -0.273,   1.479,   0.300,   1.479,   0.300,   1.479
202604101706,   1.490,   1.518,9999.000,9999.000,9999.000,9999.000,9999.000,9999.000,9999.000
202604101712,   1.528,   1.557,9999.000,9999.000,9999.000,9999.000,9999.000,9999.000,9999.000
202604101718,   1.564,   1.590,9999.000,9999.000,9999.000,9999.000,9999.000,9999.000,9999.000
202604101724,   1.600,   1.630,9999.000,9999.000,9999.000,9999.000,9999.000,9999.000,9999.000
202604101730,   1.634,   1.630,9999.000,9999.000,9999.000,9999.000,9999.000,9999.000,9999.000
202604101736,   1.668,   1.689,9999.000,9999.000,9999.000,9999.000,9999.000,9999.000,9999.000
202604101742,   1.700,   1.718,9999.000,9999.000,9999.000,9999.000,9999.000,9999.000,9999.000
202604101748,   1.731,   1.748,9999.000,9999.000,9999.000,9999.000,9999.000,9999.000,9999.000
202604101754,   1.760,   1.781,9999.000,9999.000,9999.000,9999.000,9999.000,9999.000,9999.000
202604101800,   1.788,   1.790,   0.300,  -0.298,   1.790,   0.300,   1.790,   0.300,   1.790
202604101806,   1.813,   1.830,9999.000,9999.000,9999.000,9999.000,9999.000,9999.000,9999.000
202604101812,   1.837,   1.859,9999.000,9999.000,9999.000,9999.000,9999.000,9999.000,9999.000
202604101818,   1.860,   1.889,9999.000,9999.000,9999.000,9999.000,9999.000,9999.000,9999.000
202604101824,   1.880,   1.918,9999.000,9999.000,9999.000,9999.000,9999.000,9999.000,9999.000
202604101830,   1.898,   1.918,9999.000,9999.000,9999.000,9999.000,9999.000,9999.000,9999.000
202604101836,   1.914,   1.948,9999.000,9999.000,9999.000,9999.000,9999.000,9999.000,9999.000
202604101842,   1.928,   1.938,9999.000,9999.000,9999.000,9999.000,9999.000,9999.000,9999.000
202604101848,   1.941,   1.967,9999.000,9999.000,9999.000,9999.000,9999.000,9999.000,9999.000
202604101854,   1.951,   1.990,9999.000,9999.000,9999.000,9999.000,9999.000,9999.000,9999.000
202604101900,   1.959,   2.010,   0.300,  -0.249,   2.010,   0.300,   2.010,   0.300,   2.010
202604101906,   1.965,   2.020,9999.000,9999.000,9999.000,9999.000,9999.000,9999.000,9999.000
202604101912,   1.969,   2.000,9999.000,9999.000,9999.000,9999.000,9999.000,9999.000,9999.000
202604101918,   1.971,   1.990,9999.000,9999.000,9999.000,9999.000,9999.000,9999.000,9999.000
202604101924,   1.972,   2.000,9999.000,9999.000,9999.000,9999.000,9999.000,9999.000,9999.000
202604101930,   1.970,   2.000,9999.000,9999.000,9999.000,9999.000,9999.000,9999.000,9999.000
202604101936,   1.967,   2.020,9999.000,9999.000,9999.000,9999.000,9999.000,9999.000,9999.000
202604101942,   1.963,   2.000,9999.000,9999.000,9999.000,9999.000,9999.000,9999.000,9999.000
202604101948,   1.957,   2.000,9999.000,9999.000,9999.000,9999.000,9999.000,9999.000,9999.000
202604101954,   1.949,   2.030,9999.000,9999.000,9999.000,9999.000,9999.000,9999.000,9999.000
202604102000,   1.941,   1.981,   0.300,  -0.260,   1.981,   0.300,   1.981,   0.300,   1.981
202604102006,   1.931,   1.981,9999.000,9999.000,9999.000,9999.000,9999.000,9999.000,9999.000
202604102012,   1.919,   1.958,9999.000,9999.000,9999.000,9999.000,9999.000,9999.000,9999.000
202604102018,   1.907,   1.928,9999.000,9999.000,9999.000,9999.000,9999.000,9999.000,9999.000
202604102024,   1.893,   1.899,9999.000,9999.000,9999.000,9999.000,9999.000,9999.000,9999.000
202604102030,   1.878,   1.899,9999.000,9999.000,9999.000,9999.000,9999.000,9999.000,9999.000
202604102036,   1.863,   1.918,9999.000,9999.000,9999.000,9999.000,9999.000,9999.000,9999.000
202604102042,   1.846,   1.899,9999.000,9999.000,9999.000,9999.000,9999.000,9999.000,9999.000
202604102048,   1.828,   1.899,9999.000,9999.000,9999.000,9999.000,9999.000,9999.000,9999.000
202604102054,   1.809,   1.859,9999.000,9999.000,9999.000,9999.000,9999.000,9999.000,9999.000
202604102100,   1.789,   1.820,   0.300,  -0.269,   1.820,   0.300,   1.820,   0.400,   1.920
202604102106,   1.768,   1.781,9999.000,9999.000,9999.000,9999.000,9999.000,9999.000,9999.000
202604102112,   1.746,   1.781,9999.000,9999.000,9999.000,9999.000,9999.000,9999.000,9999.000
202604102118,   1.723,   1.767,9999.000,9999.000,9999.000,9999.000,9999.000,9999.000,9999.000
202604102124,   1.698,   1.738,9999.000,9999.000,9999.000,9999.000,9999.000,9999.000,9999.000
202604102130,   1.673,   1.708,9999.000,9999.000,9999.000,9999.000,9999.000,9999.000,9999.000
202604102136,   1.646,   1.699,9999.000,9999.000,9999.000,9999.000,9999.000,9999.000,9999.000
202604102142,   1.618,   1.669,9999.000,9999.000,9999.000,9999.000,9999.000,9999.000,9999.000
202604102148,   1.589,   1.630,9999.000,9999.000,9999.000,9999.000,9999.000,9999.000,9999.000
202604102154,   1.559,   1.620,9999.000,9999.000,9999.000,9999.000,9999.000,9999.000,9999.000
202604102200,   1.527,   1.571,   0.300,  -0.256,   1.571,   0.300,   1.571,   0.400,   1.671
202604102206,   1.494,   1.518,9999.000,9999.000,9999.000,9999.000,9999.000,9999.000,9999.000
202604102212,   1.461,   1.479,9999.000,9999.000,9999.000,9999.000,9999.000,9999.000,9999.000
202604102218,   1.426,   1.479,9999.000,9999.000,9999.000,9999.000,9999.000,9999.000,9999.000
202604102224,   1.390,   1.439,9999.000,9999.000,9999.000,9999.000,9999.000,9999.000,9999.000
202604102230,   1.353,   1.430,9999.000,9999.000,9999.000,9999.000,9999.000,9999.000,9999.000
202604102236,   1.316,   1.390,9999.000,9999.000,9999.000,9999.000,9999.000,9999.000,9999.000
202604102242,   1.278,   1.338,9999.000,9999.000,9999.000,9999.000,9999.000,9999.000,9999.000
202604102248,   1.239,   1.318,9999.000,9999.000,9999.000,9999.000,9999.000,9999.000,9999.000
202604102254,   1.201,   1.289,9999.000,9999.000,9999.000,9999.000,9999.000,9999.000,9999.000
202604102300,   1.162,   1.249,   0.300,  -0.213,   1.249,   0.300,   1.249,   0.400,   1.349
202604102306,   1.122,   1.239,9999.000,9999.000,9999.000,9999.000,9999.000,9999.000,9999.000
202604102312,   1.084,   1.180,9999.000,9999.000,9999.000,9999.000,9999.000,9999.000,9999.000
202604102318,   1.045,   1.161,9999.000,9999.000,9999.000,9999.000,9999.000,9999.000,9999.000
202604102324,   1.007,   1.118,9999.000,9999.000,9999.000,9999.000,9999.000,9999.000,9999.000
202604102330,   0.969,   1.098,9999.000,9999.000,9999.000,9999.000,9999.000,9999.000,9999.000
202604102336,   0.933,   1.069,9999.000,9999.000,9999.000,9999.000,9999.000,9999.000,9999.000
202604102342,   0.897,   1.020,9999.000,9999.000,9999.000,9999.000,9999.000,9999.000,9999.000
202604102348,   0.863,   1.010,9999.000,9999.000,9999.000,9999.000,9999.000,9999.000,9999.000
202604102354,   0.829,   0.980,9999.000,9999.000,9999.000,9999.000,9999.000,9999.000,9999.000
202604110000,   0.798,   0.961,   0.200,  -0.037,   0.961,   0.200,   0.961,   0.300,   1.061
202604110006,   0.767,   0.908,9999.000,9999.000,9999.000,9999.000,9999.000,9999.000,9999.000
202604110012,   0.739,   0.888,9999.000,9999.000,9999.000,9999.000,9999.000,9999.000,9999.000
202604110018,   0.712,   0.859,9999.000,9999.000,9999.000,9999.000,9999.000,9999.000,9999.000
202604110024,   0.687,   0.829,9999.000,9999.000,9999.000,9999.000,9999.000,9999.000,9999.000
202604110030,   0.664,   0.780,9999.000,9999.000,9999.000,9999.000,9999.000,9999.000,9999.000
202604110036,   0.642,   0.760,9999.000,9999.000,9999.000,9999.000,9999.000,9999.000,9999.000
202604110042,   0.623,   0.731,9999.000,9999.000,9999.000,9999.000,9999.000,9999.000,9999.000
202604110048,   0.606,   0.731,9999.000,9999.000,9999.000,9999.000,9999.000,9999.000,9999.000
202604110054,   0.591,   0.718,9999.000,9999.000,9999.000,9999.000,9999.000,9999.000,9999.000
202604110100,   0.577,   0.708,   0.200,  -0.069,   0.708,   0.200,   0.708,   0.300,   0.808
202604110106,   0.566,   0.731,9999.000,9999.000,9999.000,9999.000,9999.000,9999.000,9999.000
202604110112,   0.557,   0.698,9999.000,9999.000,9999.000,9999.000,9999.000,9999.000,9999.000
202604110118,   0.549,   0.688,9999.000,9999.000,9999.000,9999.000,9999.000,9999.000,9999.000
202604110124,   0.544,   0.698,9999.000,9999.000,9999.000,9999.000,9999.000,9999.000,9999.000
202604110130,   0.541,   0.708,9999.000,9999.000,9999.000,9999.000,9999.000,9999.000,9999.000
202604110136,   0.539,   0.678,9999.000,9999.000,9999.000,9999.000,9999.000,9999.000,9999.000
202604110142,   0.539,   0.659,9999.000,9999.000,9999.000,9999.000,9999.000,9999.000,9999.000
202604110148,   0.542,   0.649,9999.000,9999.000,9999.000,9999.000,9999.000,9999.000,9999.000
202604110154,   0.546,   0.649,9999.000,9999.000,9999.000,9999.000,9999.000,9999.000,9999.000
202604110200,   0.552,   0.659,   0.300,  -0.193,   0.659,   0.200,   0.559,   0.300,   0.659
202604110206,   0.560,   0.659,9999.000,9999.000,9999.000,9999.000,9999.000,9999.000,9999.000
202604110212,   0.570,   0.649,9999.000,9999.000,9999.000,9999.000,9999.000,9999.000,9999.000
202604110218,   0.581,   0.649,9999.000,9999.000,9999.000,9999.000,9999.000,9999.000,9999.000
202604110224,   0.595,   0.688,9999.000,9999.000,9999.000,9999.000,9999.000,9999.000,9999.000
202604110230,   0.610,   0.688,9999.000,9999.000,9999.000,9999.000,9999.000,9999.000,9999.000
202604110236,   0.627,   0.731,9999.000,9999.000,9999.000,9999.000,9999.000,9999.000,9999.000
202604110242,   0.646,   0.731,9999.000,9999.000,9999.000,9999.000,9999.000,9999.000,9999.000
202604110248,   0.666,   0.698,9999.000,9999.000,9999.000,9999.000,9999.000,9999.000,9999.000
202604110254,   0.689,   0.688,9999.000,9999.000,9999.000,9999.000,9999.000,9999.000,9999.000
202604110300,   0.713,   0.741,   0.300,  -0.272,   0.741,   0.200,   0.641,   0.300,   0.741
202604110306,   0.739,   0.800,9999.000,9999.000,9999.000,9999.000,9999.000,9999.000,9999.000
202604110312,   0.766,   0.829,9999.000,9999.000,9999.000,9999.000,9999.000,9999.000,9999.000
202604110318,   0.796,   0.839,9999.000,9999.000,9999.000,9999.000,9999.000,9999.000,9999.000
202604110324,   0.827,   0.859,9999.000,9999.000,9999.000,9999.000,9999.000,9999.000,9999.000
202604110330,   0.859,   0.888,9999.000,9999.000,9999.000,9999.000,9999.000,9999.000,9999.000
202604110336,   0.893,   0.908,9999.000,9999.000,9999.000,9999.000,9999.000,9999.000,9999.000
202604110342,   0.929,   0.961,9999.000,9999.000,9999.000,9999.000,9999.000,9999.000,9999.000
202604110348,   0.966,   1.010,9999.000,9999.000,9999.000,9999.000,9999.000,9999.000,9999.000
202604110354,   1.004,   1.098,9999.000,9999.000,9999.000,9999.000,9999.000,9999.000,9999.000
202604110400,   1.044,   1.098,   0.200,  -0.146,   1.098,   0.200,   1.098,   0.300,   1.198
202604110406,   1.085,   1.151,9999.000,9999.000,9999.000,9999.000,9999.000,9999.000,9999.000
202604110412,   1.127,   1.200,9999.000,9999.000,9999.000,9999.000,9999.000,9999.000,9999.000
202604110418,   1.169,   1.249,9999.000,9999.000,9999.000,9999.000,9999.000,9999.000,9999.000
202604110424,   1.213,   1.279,9999.000,9999.000,9999.000,9999.000,9999.000,9999.000,9999.000
202604110430,   1.257,   1.298,9999.000,9999.000,9999.000,9999.000,9999.000,9999.000,9999.000
202604110436,   1.302,   1.348,9999.000,9999.000,9999.000,9999.000,9999.000,9999.000,9999.000
202604110442,   1.348,   1.410,9999.000,9999.000,9999.000,9999.000,9999.000,9999.000,9999.000
202604110448,   1.394,   1.459,9999.000,9999.000,9999.000,9999.000,9999.000,9999.000,9999.000
202604110454,   1.440,   1.508,9999.000,9999.000,9999.000,9999.000,9999.000,9999.000,9999.000
202604110500,   1.486,   1.548,   0.200,  -0.138,   1.548,   0.200,   1.548,   0.200,   1.548
202604110506,   1.531,   1.580,9999.000,9999.000,9999.000,9999.000,9999.000,9999.000,9999.000
202604110512,   1.577,   1.620,9999.000,9999.000,9999.000,9999.000,9999.000,9999.000,9999.000
202604110518,   1.622,   1.679,9999.000,9999.000,9999.000,9999.000,9999.000,9999.000,9999.000
202604110524,   1.667,   1.738,9999.000,9999.000,9999.000,9999.000,9999.000,9999.000,9999.000
202604110530,   1.711,   1.781,9999.000,9999.000,9999.000,9999.000,9999.000,9999.000,9999.000
202604110536,   1.755,   1.810,9999.000,9999.000,9999.000,9999.000,9999.000,9999.000,9999.000
202604110542,   1.797,   1.840,9999.000,9999.000,9999.000,9999.000,9999.000,9999.000,9999.000
202604110548,   1.838,   1.908,9999.000,9999.000,9999.000,9999.000,9999.000,9999.000,9999.000
202604110554,   1.878,   1.938,9999.000,9999.000,9999.000,9999.000,9999.000,9999.000,9999.000
202604110600,   1.917,   1.990,   0.200,  -0.127,   1.990,   0.200,   1.990,   0.300,   2.090
202604110606,   1.954,   2.000,9999.000,9999.000,9999.000,9999.000,9999.000,9999.000,9999.000
202604110612,   1.990,   2.030,9999.000,9999.000,9999.000,9999.000,9999.000,9999.000,9999.000
202604110618,   2.024,   2.049,9999.000,9999.000,9999.000,9999.000,9999.000,9999.000,9999.000
202604110624,   2.056,   2.079,9999.000,9999.000,9999.000,9999.000,9999.000,9999.000,9999.000
202604110630,   2.087,   2.109,9999.000,9999.000,9999.000,9999.000,9999.000,9999.000,9999.000
202604110636,   2.115,   2.138,9999.000,9999.000,9999.000,9999.000,9999.000,9999.000,9999.000
202604110642,   2.142,   2.158,9999.000,9999.000,9999.000,9999.000,9999.000,9999.000,9999.000
202604110648,   2.166,   2.177,9999.000,9999.000,9999.000,9999.000,9999.000,9999.000,9999.000
202604110654,   2.188,   2.210,9999.000,9999.000,9999.000,9999.000,9999.000,9999.000,9999.000
202604110700,   2.208,   2.240,   0.200,  -0.168,   2.240,   0.200,   2.240,   0.300,   2.340
202604110706,   2.227,   2.269,9999.000,9999.000,9999.000,9999.000,9999.000,9999.000,9999.000
202604110712,   2.242,   2.250,9999.000,9999.000,9999.000,9999.000,9999.000,9999.000,9999.000
202604110718,   2.256,   2.269,9999.000,9999.000,9999.000,9999.000,9999.000,9999.000,9999.000
202604110724,   2.268,   2.279,9999.000,9999.000,9999.000,9999.000,9999.000,9999.000,9999.000
202604110730,   2.278,   2.299,9999.000,9999.000,9999.000,9999.000,9999.000,9999.000,9999.000
202604110736,   2.285,   2.299,9999.000,9999.000,9999.000,9999.000,9999.000,9999.000,9999.000
202604110742,   2.291,   2.318,9999.000,9999.000,9999.000,9999.000,9999.000,9999.000,9999.000
202604110748,   2.295,   2.309,9999.000,9999.000,9999.000,9999.000,9999.000,9999.000,9999.000
202604110754,   2.297,   2.328,9999.000,9999.000,9999.000,9999.000,9999.000,9999.000,9999.000
202604110800,   2.297,   2.358,   0.200,  -0.139,   2.358,   0.200,   2.358,   0.300,   2.458
202604110806,   2.295,   2.338,9999.000,9999.000,9999.000,9999.000,9999.000,9999.000,9999.000
202604110812,   2.292,   2.309,9999.000,9999.000,9999.000,9999.000,9999.000,9999.000,9999.000
202604110818,   2.287,   2.289,9999.000,9999.000,9999.000,9999.000,9999.000,9999.000,9999.000
202604110824,   2.281,   2.299,9999.000,9999.000,9999.000,9999.000,9999.000,9999.000,9999.000
202604110830,   2.273,   2.289,9999.000,9999.000,9999.000,9999.000,9999.000,9999.000,9999.000
202604110836,   2.264,   2.279,9999.000,9999.000,9999.000,9999.000,9999.000,9999.000,9999.000
202604110842,   2.254,   2.259,9999.000,9999.000,9999.000,9999.000,9999.000,9999.000,9999.000
202604110848,   2.242,   2.240,9999.000,9999.000,9999.000,9999.000,9999.000,9999.000,9999.000
202604110854,   2.229,   2.250,9999.000,9999.000,9999.000,9999.000,9999.000,9999.000,9999.000
202604110900,   2.214,   2.240,   0.200,  -0.174,   2.240,   0.200,   2.240,   0.300,   2.340
202604110906,   2.198,   2.240,9999.000,9999.000,9999.000,9999.000,9999.000,9999.000,9999.000
202604110912,   2.181,   2.230,9999.000,9999.000,9999.000,9999.000,9999.000,9999.000,9999.000
202604110918,   2.163,   2.220,9999.000,9999.000,9999.000,9999.000,9999.000,9999.000,9999.000
202604110924,   2.143,   2.200,9999.000,9999.000,9999.000,9999.000,9999.000,9999.000,9999.000
202604110930,   2.122,   2.148,9999.000,9999.000,9999.000,9999.000,9999.000,9999.000,9999.000
202604110936,   2.099,   2.148,9999.000,9999.000,9999.000,9999.000,9999.000,9999.000,9999.000
202604110942,   2.075,   2.128,9999.000,9999.000,9999.000,9999.000,9999.000,9999.000,9999.000
202604110948,   2.050,   2.118,9999.000,9999.000,9999.000,9999.000,9999.000,9999.000,9999.000
202604110954,   2.023,   2.118,9999.000,9999.000,9999.000,9999.000,9999.000,9999.000,9999.000
202604111000,   1.994,   2.069,   0.200,  -0.125,   2.069,   0.200,   2.069,   0.300,   2.169
202604111006,   1.964,   2.030,9999.000,9999.000,9999.000,9999.000,9999.000,9999.000,9999.000
202604111012,   1.933,   1.990,9999.000,9999.000,9999.000,9999.000,9999.000,9999.000,9999.000
202604111018,   1.900,   1.967,9999.000,9999.000,9999.000,9999.000,9999.000,9999.000,9999.000
202604111024,   1.865,   1.938,9999.000,9999.000,9999.000,9999.000,9999.000,9999.000,9999.000
202604111030,   1.829,   1.908,9999.000,9999.000,9999.000,9999.000,9999.000,9999.000,9999.000
202604111036,   1.792,   1.859,9999.000,9999.000,9999.000,9999.000,9999.000,9999.000,9999.000
202604111042,   1.753,   1.800,9999.000,9999.000,9999.000,9999.000,9999.000,9999.000,9999.000
202604111048,   1.713,   1.767,9999.000,9999.000,9999.000,9999.000,9999.000,9999.000,9999.000
202604111054,   1.672,   1.738,9999.000,9999.000,9999.000,9999.000,9999.000,9999.000,9999.000
202604111100,   1.629,   1.689,   0.200,  -0.140,   1.689,   0.200,   1.689,   0.200,   1.689
202604111106,   1.586,   1.649,9999.000,9999.000,9999.000,9999.000,9999.000,9999.000,9999.000
202604111112,   1.542,   1.600,9999.000,9999.000,9999.000,9999.000,9999.000,9999.000,9999.000
202604111118,   1.497,   1.557,9999.000,9999.000,9999.000,9999.000,9999.000,9999.000,9999.000
202604111124,   1.452,   1.518,9999.000,9999.000,9999.000,9999.000,9999.000,9999.000,9999.000
202604111130,   1.407,   1.489,9999.000,9999.000,9999.000,9999.000,9999.000,9999.000,9999.000
202604111136,   1.361,   1.430,9999.000,9999.000,9999.000,9999.000,9999.000,9999.000,9999.000
202604111142,   1.315,   1.390,9999.000,9999.000,9999.000,9999.000,9999.000,9999.000,9999.000
202604111148,   1.270,   1.318,9999.000,9999.000,9999.000,9999.000,9999.000,9999.000,9999.000
202604111154,   1.225,   1.269,9999.000,9999.000,9999.000,9999.000,9999.000,9999.000,9999.000
202604111200,   1.181,   1.229,   0.200,  -0.152,   1.229,   0.200,   1.229,   0.300,   1.329
202604111206,   1.137,   1.190,9999.000,9999.000,9999.000,9999.000,9999.000,9999.000,9999.000
202604111212,   1.094,   1.138,9999.000,9999.000,9999.000,9999.000,9999.000,9999.000,9999.000
202604111218,   1.053,   1.088,9999.000,9999.000,9999.000,9999.000,9999.000,9999.000,9999.000
202604111224,   1.012,   1.049,9999.000,9999.000,9999.000,9999.000,9999.000,9999.000,9999.000
202604111230,   0.973,   1.020,9999.000,9999.000,9999.000,9999.000,9999.000,9999.000,9999.000
202604111236,   0.935,   0.970,9999.000,9999.000,9999.000,9999.000,9999.000,9999.000,9999.000
202604111242,   0.899,   0.918,9999.000,9999.000,9999.000,9999.000,9999.000,9999.000,9999.000
202604111248,   0.865,   0.888,9999.000,9999.000,9999.000,9999.000,9999.000,9999.000,9999.000
202604111254,   0.832,   0.839,9999.000,9999.000,9999.000,9999.000,9999.000,9999.000,9999.000
202604111300,   0.801,   0.790,   0.200,  -0.211,   0.790,   0.200,   0.790,   0.300,   0.890
202604111306,   0.771,   0.760,9999.000,9999.000,9999.000,9999.000,9999.000,9999.000,9999.000
202604111312,   0.744,   0.718,9999.000,9999.000,9999.000,9999.000,9999.000,9999.000,9999.000
202604111318,   0.718,   0.688,9999.000,9999.000,9999.000,9999.000,9999.000,9999.000,9999.000
202604111324,   0.694,   0.659,9999.000,9999.000,9999.000,9999.000,9999.000,9999.000,9999.000
202604111330,   0.673,   0.678,9999.000,9999.000,9999.000,9999.000,9999.000,9999.000,9999.000
202604111336,   0.653,   0.659,9999.000,9999.000,9999.000,9999.000,9999.000,9999.000,9999.000
202604111342,   0.634,   0.619,9999.000,9999.000,9999.000,9999.000,9999.000,9999.000,9999.000
202604111348,   0.618,   0.590,9999.000,9999.000,9999.000,9999.000,9999.000,9999.000,9999.000
202604111354,   0.604,   0.541,9999.000,9999.000,9999.000,9999.000,9999.000,9999.000,9999.000
202604111400,   0.592,   0.541,   0.200,  -0.251,   0.541,   0.200,   0.541,   0.300,   0.641
202604111406,   0.581,   0.551,9999.000,9999.000,9999.000,9999.000,9999.000,9999.000,9999.000
202604111412,   0.573,   0.551,9999.000,9999.000,9999.000,9999.000,9999.000,9999.000,9999.000
202604111418,   0.566,   0.551,9999.000,9999.000,9999.000,9999.000,9999.000,9999.000,9999.000
202604111424,   0.561,   0.570,9999.000,9999.000,9999.000,9999.000,9999.000,9999.000,9999.000
202604111430,   0.559,   0.560,9999.000,9999.000,9999.000,9999.000,9999.000,9999.000,9999.000
202604111436,   0.558,   0.560,9999.000,9999.000,9999.000,9999.000,9999.000,9999.000,9999.000
202604111442,   0.559,   0.541,9999.000,9999.000,9999.000,9999.000,9999.000,9999.000,9999.000
202604111448,   0.562,   0.570,9999.000,9999.000,9999.000,9999.000,9999.000,9999.000,9999.000
202604111454,   0.567,   0.560,9999.000,9999.000,9999.000,9999.000,9999.000,9999.000,9999.000
202604111500,   0.573,   0.560,   0.200,  -0.213,   0.560,   0.200,   0.560,   0.300,   0.660
202604111506,   0.582,   0.570,9999.000,9999.000,9999.000,9999.000,9999.000,9999.000,9999.000
202604111512,   0.593,   0.580,9999.000,9999.000,9999.000,9999.000,9999.000,9999.000,9999.000
202604111518,   0.606,   0.600,9999.000,9999.000,9999.000,9999.000,9999.000,9999.000,9999.000
202604111524,   0.621,   0.619,9999.000,9999.000,9999.000,9999.000,9999.000,9999.000,9999.000
202604111530,   0.637,   0.619,9999.000,9999.000,9999.000,9999.000,9999.000,9999.000,9999.000
202604111536,   0.656,   0.629,9999.000,9999.000,9999.000,9999.000,9999.000,9999.000,9999.000
202604111542,   0.677,   0.639,9999.000,9999.000,9999.000,9999.000,9999.000,9999.000,9999.000
202604111548,   0.699,   0.678,9999.000,9999.000,9999.000,9999.000,9999.000,9999.000,9999.000
202604111554,   0.724,   0.731,9999.000,9999.000,9999.000,9999.000,9999.000,9999.000,9999.000
202604111600,   0.750,   0.751,   0.200,  -0.199,   0.751,   0.200,   0.751,   0.300,   0.851
202604111606,   0.777,   0.751,9999.000,9999.000,9999.000,9999.000,9999.000,9999.000,9999.000
202604111612,   0.807,   0.760,9999.000,9999.000,9999.000,9999.000,9999.000,9999.000,9999.000
202604111618,   0.838,   0.790,9999.000,9999.000,9999.000,9999.000,9999.000,9999.000,9999.000
202604111624,   0.871,   0.810,9999.000,9999.000,9999.000,9999.000,9999.000,9999.000,9999.000
202604111630,   0.905,   0.859,9999.000,9999.000,9999.000,9999.000,9999.000,9999.000,9999.000
202604111636,   0.940,   0.888,9999.000,9999.000,9999.000,9999.000,9999.000,9999.000,9999.000
202604111642,   0.977,   0.918,9999.000,9999.000,9999.000,9999.000,9999.000,9999.000,9999.000
202604111648,   1.014,   0.961,9999.000,9999.000,9999.000,9999.000,9999.000,9999.000,9999.000
202604111654,   1.053,   1.020,9999.000,9999.000,9999.000,9999.000,9999.000,9999.000,9999.000
202604111700,   1.092,   1.079,   0.300,  -0.313,   1.079,   0.200,   0.979,   0.300,   1.079
202604111706,   1.132,   1.128,9999.000,9999.000,9999.000,9999.000,9999.000,9999.000,9999.000
202604111712,   1.173,   1.170,9999.000,9999.000,9999.000,9999.000,9999.000,9999.000,9999.000
202604111718,   1.214,   1.220,9999.000,9999.000,9999.000,9999.000,9999.000,9999.000,9999.000
202604111724,   1.256,   1.269,9999.000,9999.000,9999.000,9999.000,9999.000,9999.000,9999.000
202604111730,   1.298,   1.289,9999.000,9999.000,9999.000,9999.000,9999.000,9999.000,9999.000
202604111736,   1.339,   1.338,9999.000,9999.000,9999.000,9999.000,9999.000,9999.000,9999.000
202604111742,   1.381,   1.380,9999.000,9999.000,9999.000,9999.000,9999.000,9999.000,9999.000
202604111748,   1.422,   1.449,9999.000,9999.000,9999.000,9999.000,9999.000,9999.000,9999.000
202604111754,   1.463,   1.498,9999.000,9999.000,9999.000,9999.000,9999.000,9999.000,9999.000
202604111800,   1.504,   1.548,   0.300,  -0.256,   1.548,   0.200,   1.448,   0.300,   1.548
202604111806,   1.544,   1.590,9999.000,9999.000,9999.000,9999.000,9999.000,9999.000,9999.000
202604111812,   1.583,   1.630,9999.000,9999.000,9999.000,9999.000,9999.000,9999.000,9999.000
202604111818,   1.621,   1.669,9999.000,9999.000,9999.000,9999.000,9999.000,9999.000,9999.000
202604111824,   1.658,   1.689,9999.000,9999.000,9999.000,9999.000,9999.000,9999.000,9999.000
202604111830,   1.694,   1.728,9999.000,9999.000,9999.000,9999.000,9999.000,9999.000,9999.000
202604111836,   1.728,   1.758,9999.000,9999.000,9999.000,9999.000,9999.000,9999.000,9999.000
202604111842,   1.762,   1.767,9999.000,9999.000,9999.000,9999.000,9999.000,9999.000,9999.000
202604111848,   1.793,   1.830,9999.000,9999.000,9999.000,9999.000,9999.000,9999.000,9999.000
202604111854,   1.824,   1.869,9999.000,9999.000,9999.000,9999.000,9999.000,9999.000,9999.000
202604111900,   1.852,   1.928,   0.300,  -0.224,   1.928,   0.200,   1.828,   0.300,   1.928
202604111906,   1.879,   1.938,9999.000,9999.000,9999.000,9999.000,9999.000,9999.000,9999.000
202604111912,   1.904,   1.967,9999.000,9999.000,9999.000,9999.000,9999.000,9999.000,9999.000
202604111918,   1.927,   2.000,9999.000,9999.000,9999.000,9999.000,9999.000,9999.000,9999.000
202604111924,   1.949,   2.010,9999.000,9999.000,9999.000,9999.000,9999.000,9999.000,9999.000
202604111930,   1.968,   2.049,9999.000,9999.000,9999.000,9999.000,9999.000,9999.000,9999.000
202604111936,   1.986,   2.069,9999.000,9999.000,9999.000,9999.000,9999.000,9999.000,9999.000
202604111942,   2.002,   2.059,9999.000,9999.000,9999.000,9999.000,9999.000,9999.000,9999.000
202604111948,   2.015,   2.059,9999.000,9999.000,9999.000,9999.000,9999.000,9999.000,9999.000
202604111954,   2.027,   2.079,9999.000,9999.000,9999.000,9999.000,9999.000,9999.000,9999.000
202604112000,   2.037,   2.118,   0.300,  -0.219,   2.118,   0.300,   2.118,   0.300,   2.118
202604112006,   2.046,   2.148,9999.000,9999.000,9999.000,9999.000,9999.000,9999.000,9999.000
202604112012,   2.052,   2.158,9999.000,9999.000,9999.000,9999.000,9999.000,9999.000,9999.000
202604112018,   2.057,   2.148,9999.000,9999.000,9999.000,9999.000,9999.000,9999.000,9999.000
202604112024,   2.060,   2.138,9999.000,9999.000,9999.000,9999.000,9999.000,9999.000,9999.000
202604112030,   2.061,   2.138,9999.000,9999.000,9999.000,9999.000,9999.000,9999.000,9999.000
202604112036,   2.061,   2.148,9999.000,9999.000,9999.000,9999.000,9999.000,9999.000,9999.000
202604112042,   2.059,   2.128,9999.000,9999.000,9999.000,9999.000,9999.000,9999.000,9999.000
202604112048,   2.055,   2.148,9999.000,9999.000,9999.000,9999.000,9999.000,9999.000,9999.000
202604112054,   2.050,   2.138,9999.000,9999.000,9999.000,9999.000,9999.000,9999.000,9999.000
202604112100,   2.044,   2.148,   0.400,  -0.296,   2.148,   0.300,   2.048,   0.400,   2.148
202604112106,   2.036,   2.168,9999.000,9999.000,9999.000,9999.000,9999.000,9999.000,9999.000
202604112112,   2.027,   2.138,9999.000,9999.000,9999.000,9999.000,9999.000,9999.000,9999.000
202604112118,   2.016,   2.109,9999.000,9999.000,9999.000,9999.000,9999.000,9999.000,9999.000
202604112124,   2.004,   2.118,9999.000,9999.000,9999.000,9999.000,9999.000,9999.000,9999.000
202604112130,   1.990,   2.109,9999.000,9999.000,9999.000,9999.000,9999.000,9999.000,9999.000
202604112136,   1.975,   2.099,9999.000,9999.000,9999.000,9999.000,9999.000,9999.000,9999.000
202604112142,   1.959,   2.069,9999.000,9999.000,9999.000,9999.000,9999.000,9999.000,9999.000
202604112148,   1.941,   2.069,9999.000,9999.000,9999.000,9999.000,9999.000,9999.000,9999.000
202604112154,   1.921,   2.030,9999.000,9999.000,9999.000,9999.000,9999.000,9999.000,9999.000
202604112200,   1.901,   2.000,   0.400,  -0.301,   2.000,   0.300,   1.900,   0.400,   2.000
202604112206,   1.878,   1.981,9999.000,9999.000,9999.000,9999.000,9999.000,9999.000,9999.000
202604112212,   1.854,   1.981,9999.000,9999.000,9999.000,9999.000,9999.000,9999.000,9999.000
202604112218,   1.828,   1.990,9999.000,9999.000,9999.000,9999.000,9999.000,9999.000,9999.000
202604112224,   1.801,   1.958,9999.000,9999.000,9999.000,9999.000,9999.000,9999.000,9999.000
202604112230,   1.772,   1.908,9999.000,9999.000,9999.000,9999.000,9999.000,9999.000,9999.000
202604112236,   1.742,   1.869,9999.000,9999.000,9999.000,9999.000,9999.000,9999.000,9999.000
202604112242,   1.710,   1.820,9999.000,9999.000,9999.000,9999.000,9999.000,9999.000,9999.000
202604112248,   1.676,   1.790,9999.000,9999.000,9999.000,9999.000,9999.000,9999.000,9999.000
202604112254,   1.641,   1.748,9999.000,9999.000,9999.000,9999.000,9999.000,9999.000,9999.000
202604112300,   1.605,   1.718,   0.400,  -0.287,   1.718,   0.400,   1.718,   0.400,   1.718
202604112306,   1.567,   1.679,9999.000,9999.000,9999.000,9999.000,9999.000,9999.000,9999.000
202604112312,   1.528,   1.639,9999.000,9999.000,9999.000,9999.000,9999.000,9999.000,9999.000
202604112318,   1.487,   1.620,9999.000,9999.000,9999.000,9999.000,9999.000,9999.000,9999.000
202604112324,   1.446,   1.600,9999.000,9999.000,9999.000,9999.000,9999.000,9999.000,9999.000
202604112330,   1.404,   1.548,9999.000,9999.000,9999.000,9999.000,9999.000,9999.000,9999.000
202604112336,   1.361,   1.518,9999.000,9999.000,9999.000,9999.000,9999.000,9999.000,9999.000
202604112342,   1.317,   1.469,9999.000,9999.000,9999.000,9999.000,9999.000,9999.000,9999.000
202604112348,   1.273,   1.430,9999.000,9999.000,9999.000,9999.000,9999.000,9999.000,9999.000
202604112354,   1.229,   1.380,9999.000,9999.000,9999.000,9999.000,9999.000,9999.000,9999.000
202604120000,   1.184,   1.318,   0.200,  -0.066,   1.318,   0.200,   1.318,   0.300,   1.418
202604120006,   1.140,   1.279,9999.000,9999.000,9999.000,9999.000,9999.000,9999.000,9999.000
202604120012,   1.096,   1.239,9999.000,9999.000,9999.000,9999.000,9999.000,9999.000,9999.000
202604120018,   1.052,   1.200,9999.000,9999.000,9999.000,9999.000,9999.000,9999.000,9999.000
202604120024,   1.010,   1.170,9999.000,9999.000,9999.000,9999.000,9999.000,9999.000,9999.000
202604120030,   0.968,   1.128,9999.000,9999.000,9999.000,9999.000,9999.000,9999.000,9999.000
202604120036,   0.927,   1.088,9999.000,9999.000,9999.000,9999.000,9999.000,9999.000,9999.000
202604120042,   0.887,   1.020,9999.000,9999.000,9999.000,9999.000,9999.000,9999.000,9999.000
202604120048,   0.848,   0.970,9999.000,9999.000,9999.000,9999.000,9999.000,9999.000,9999.000
202604120054,   0.811,   0.941,9999.000,9999.000,9999.000,9999.000,9999.000,9999.000,9999.000
202604120100,   0.776,   0.898,   0.200,  -0.078,   0.898,   0.200,   0.898,   0.300,   0.998
202604120106,   0.742,   0.869,9999.000,9999.000,9999.000,9999.000,9999.000,9999.000,9999.000
202604120112,   0.710,   0.819,9999.000,9999.000,9999.000,9999.000,9999.000,9999.000,9999.000
202604120118,   0.680,   0.819,9999.000,9999.000,9999.000,9999.000,9999.000,9999.000,9999.000
202604120124,   0.652,   0.780,9999.000,9999.000,9999.000,9999.000,9999.000,9999.000,9999.000
202604120130,   0.625,   0.751,9999.000,9999.000,9999.000,9999.000,9999.000,9999.000,9999.000
202604120136,   0.601,   0.708,9999.000,9999.000,9999.000,9999.000,9999.000,9999.000,9999.000
202604120142,   0.579,   0.688,9999.000,9999.000,9999.000,9999.000,9999.000,9999.000,9999.000
202604120148,   0.559,   0.659,9999.000,9999.000,9999.000,9999.000,9999.000,9999.000,9999.000
202604120154,   0.541,   0.639,9999.000,9999.000,9999.000,9999.000,9999.000,9999.000,9999.000
202604120200,   0.525,   0.610,   0.200,  -0.115,   0.610,   0.200,   0.610,   0.300,   0.710
202604120206,   0.511,   0.600,9999.000,9999.000,9999.000,9999.000,9999.000,9999.000,9999.000
202604120212,   0.499,   0.610,9999.000,9999.000,9999.000,9999.000,9999.000,9999.000,9999.000
202604120218,   0.489,   0.590,9999.000,9999.000,9999.000,9999.000,9999.000,9999.000,9999.000
202604120224,   0.482,   0.580,9999.000,9999.000,9999.000,9999.000,9999.000,9999.000,9999.000
202604120230,   0.477,   0.570,9999.000,9999.000,9999.000,9999.000,9999.000,9999.000,9999.000
202604120236,   0.473,   0.560,9999.000,9999.000,9999.000,9999.000,9999.000,9999.000,9999.000
202604120242,   0.472,   0.541,9999.000,9999.000,9999.000,9999.000,9999.000,9999.000,9999.000
202604120248,   0.473,   0.531,9999.000,9999.000,9999.000,9999.000,9999.000,9999.000,9999.000
202604120254,   0.476,   0.531,9999.000,9999.000,9999.000,9999.000,9999.000,9999.000,9999.000
202604120300,   0.481,   0.541,   0.200,  -0.140,   0.541,   0.200,   0.541,   0.300,   0.641
202604120306,   0.488,   0.551,9999.000,9999.000,9999.000,9999.000,9999.000,9999.000,9999.000
202604120312,   0.498,   0.560,9999.000,9999.000,9999.000,9999.000,9999.000,9999.000,9999.000
202604120318,   0.509,   0.570,9999.000,9999.000,9999.000,9999.000,9999.000,9999.000,9999.000
202604120324,   0.523,   0.590,9999.000,9999.000,9999.000,9999.000,9999.000,9999.000,9999.000
202604120330,   0.539,   0.610,9999.000,9999.000,9999.000,9999.000,9999.000,9999.000,9999.000
202604120336,   0.557,   0.619,9999.000,9999.000,9999.000,9999.000,9999.000,9999.000,9999.000
202604120342,   0.577,   0.639,9999.000,9999.000,9999.000,9999.000,9999.000,9999.000,9999.000
202604120348,   0.599,   0.669,9999.000,9999.000,9999.000,9999.000,9999.000,9999.000,9999.000
202604120354,   0.623,   0.688,9999.000,9999.000,9999.000,9999.000,9999.000,9999.000,9999.000
202604120400,   0.649,   0.708,   0.200,  -0.141,   0.708,   0.200,   0.708,   0.200,   0.708
202604120406,   0.677,   0.731,9999.000,9999.000,9999.000,9999.000,9999.000,9999.000,9999.000
202604120412,   0.708,   0.760,9999.000,9999.000,9999.000,9999.000,9999.000,9999.000,9999.000
202604120418,   0.740,   0.800,9999.000,9999.000,9999.000,9999.000,9999.000,9999.000,9999.000
202604120424,   0.773,   0.819,9999.000,9999.000,9999.000,9999.000,9999.000,9999.000,9999.000
202604120430,   0.809,   0.849,9999.000,9999.000,9999.000,9999.000,9999.000,9999.000,9999.000
202604120436,   0.846,   0.869,9999.000,9999.000,9999.000,9999.000,9999.000,9999.000,9999.000
202604120442,   0.885,   0.908,9999.000,9999.000,9999.000,9999.000,9999.000,9999.000,9999.000
202604120448,   0.925,   0.980,9999.000,9999.000,9999.000,9999.000,9999.000,9999.000,9999.000
202604120454,   0.967,   1.020,9999.000,9999.000,9999.000,9999.000,9999.000,9999.000,9999.000
202604120500,   1.010,   1.059,   0.200,  -0.151,   1.059,   0.200,   1.059,   0.200,   1.059
202604120506,   1.054,   1.108,9999.000,9999.000,9999.000,9999.000,9999.000,9999.000,9999.000
202604120512,   1.099,   1.151,9999.000,9999.000,9999.000,9999.000,9999.000,9999.000,9999.000
202604120518,   1.145,   1.210,9999.000,9999.000,9999.000,9999.000,9999.000,9999.000,9999.000
202604120524,   1.191,   1.239,9999.000,9999.000,9999.000,9999.000,9999.000,9999.000,9999.000
202604120530,   1.238,   1.289,9999.000,9999.000,9999.000,9999.000,9999.000,9999.000,9999.000
202604120536,   1.286,   1.328,9999.000,9999.000,9999.000,9999.000,9999.000,9999.000,9999.000
202604120542,   1.334,   1.400,9999.000,9999.000,9999.000,9999.000,9999.000,9999.000,9999.000
202604120548,   1.383,   1.439,9999.000,9999.000,9999.000,9999.000,9999.000,9999.000,9999.000
202604120554,   1.431,   1.469,9999.000,9999.000,9999.000,9999.000,9999.000,9999.000,9999.000
202604120600,   1.480,   1.518,   0.100,  -0.062,   1.518,   0.000,   1.418,   0.100,   1.518
202604120606,   1.528,   1.557,9999.000,9999.000,9999.000,9999.000,9999.000,9999.000,9999.000
202604120612,   1.576,   1.600,9999.000,9999.000,9999.000,9999.000,9999.000,9999.000,9999.000
202604120618,   1.623,   1.659,9999.000,9999.000,9999.000,9999.000,9999.000,9999.000,9999.000
202604120624,   1.670,   1.699,9999.000,9999.000,9999.000,9999.000,9999.000,9999.000,9999.000
202604120630,   1.716,   1.728,9999.000,9999.000,9999.000,9999.000,9999.000,9999.000,9999.000
202604120636,   1.761,   1.767,9999.000,9999.000,9999.000,9999.000,9999.000,9999.000,9999.000
202604120642,   1.806,   1.800,9999.000,9999.000,9999.000,9999.000,9999.000,9999.000,9999.000
202604120648,   1.849,   1.840,9999.000,9999.000,9999.000,9999.000,9999.000,9999.000,9999.000
202604120654,   1.891,   1.889,9999.000,9999.000,9999.000,9999.000,9999.000,9999.000,9999.000
202604120700,   1.931,   1.899,   0.100,  -0.132,   1.899,   0.000,   1.799,   0.100,   1.899
202604120706,   1.970,   1.928,9999.000,9999.000,9999.000,9999.000,9999.000,9999.000,9999.000
202604120712,   2.008,   1.981,9999.000,9999.000,9999.000,9999.000,9999.000,9999.000,9999.000
202604120718,   2.044,   2.010,9999.000,9999.000,9999.000,9999.000,9999.000,9999.000,9999.000
202604120724,   2.078,   2.049,9999.000,9999.000,9999.000,9999.000,9999.000,9999.000,9999.000
202604120730,   2.111,   2.040,9999.000,9999.000,9999.000,9999.000,9999.000,9999.000,9999.000
202604120736,   2.141,   2.069,9999.000,9999.000,9999.000,9999.000,9999.000,9999.000,9999.000
202604120742,   2.170,   2.109,9999.000,9999.000,9999.000,9999.000,9999.000,9999.000,9999.000
202604120748,   2.197,   2.158,9999.000,9999.000,9999.000,9999.000,9999.000,9999.000,9999.000
202604120754,   2.221,   2.148,9999.000,9999.000,9999.000,9999.000,9999.000,9999.000,9999.000
202604120800,   2.244,   2.168,   0.100,  -0.176,   2.168,   0.000,   2.068,   0.100,   2.168
202604120806,   2.265,   2.168,9999.000,9999.000,9999.000,9999.000,9999.000,9999.000,9999.000
202604120812,   2.283,   2.191,9999.000,9999.000,9999.000,9999.000,9999.000,9999.000,9999.000
202604120818,   2.300,   2.220,9999.000,9999.000,9999.000,9999.000,9999.000,9999.000,9999.000
202604120824,   2.314,   2.200,9999.000,9999.000,9999.000,9999.000,9999.000,9999.000,9999.000
202604120830,   2.326,   2.210,9999.000,9999.000,9999.000,9999.000,9999.000,9999.000,9999.000
202604120836,   2.337,   2.250,9999.000,9999.000,9999.000,9999.000,9999.000,9999.000,9999.000
202604120842,   2.345,   2.220,9999.000,9999.000,9999.000,9999.000,9999.000,9999.000,9999.000
202604120848,   2.351,   2.240,9999.000,9999.000,9999.000,9999.000,9999.000,9999.000,9999.000
202604120854,   2.356,   2.269,9999.000,9999.000,9999.000,9999.000,9999.000,9999.000,9999.000
202604120900,   2.358,   2.250,   0.100,  -0.208,   2.250,   0.000,   2.150,   0.100,   2.250
202604120906,   2.358,   2.289,9999.000,9999.000,9999.000,9999.000,9999.000,9999.000,9999.000
202604120912,   2.357,   2.289,9999.000,9999.000,9999.000,9999.000,9999.000,9999.000,9999.000
202604120918,   2.354,   2.230,9999.000,9999.000,9999.000,9999.000,9999.000,9999.000,9999.000
202604120924,   2.349,   2.240,9999.000,9999.000,9999.000,9999.000,9999.000,9999.000,9999.000
202604120930,   2.342,   2.279,9999.000,9999.000,9999.000,9999.000,9999.000,9999.000,9999.000
202604120936,   2.334,   2.318,9999.000,9999.000,9999.000,9999.000,9999.000,9999.000,9999.000
202604120942,   2.323,   2.269,9999.000,9999.000,9999.000,9999.000,9999.000,9999.000,9999.000
202604120948,   2.311,   2.250,9999.000,9999.000,9999.000,9999.000,9999.000,9999.000,9999.000
202604120954,   2.297,   2.250,9999.000,9999.000,9999.000,9999.000,9999.000,9999.000,9999.000
202604121000,   2.281,   2.200,   0.100,  -0.181,   2.200,   0.000,   2.100,   0.100,   2.200
202604121006,   2.264,   2.200,9999.000,9999.000,9999.000,9999.000,9999.000,9999.000,9999.000
202604121012,   2.245,   2.168,9999.000,9999.000,9999.000,9999.000,9999.000,9999.000,9999.000
202604121018,   2.224,   2.109,9999.000,9999.000,9999.000,9999.000,9999.000,9999.000,9999.000
202604121024,   2.201,   2.128,9999.000,9999.000,9999.000,9999.000,9999.000,9999.000,9999.000
202604121030,   2.176,   2.128,9999.000,9999.000,9999.000,9999.000,9999.000,9999.000,9999.000
202604121036,   2.149,   2.079,9999.000,9999.000,9999.000,9999.000,9999.000,9999.000,9999.000
202604121042,   2.121,   2.040,9999.000,9999.000,9999.000,9999.000,9999.000,9999.000,9999.000
202604121048,   2.090,   2.000,9999.000,9999.000,9999.000,9999.000,9999.000,9999.000,9999.000
202604121054,   2.058,   1.981,9999.000,9999.000,9999.000,9999.000,9999.000,9999.000,9999.000
202604121100,   2.023,   1.948,   0.100,  -0.175,   1.948,   0.000,   1.848,   0.100,   1.948
202604121106,   1.987,   1.879,9999.000,9999.000,9999.000,9999.000,9999.000,9999.000,9999.000
202604121112,   1.949,   1.859,9999.000,9999.000,9999.000,9999.000,9999.000,9999.000,9999.000
202604121118,   1.910,   1.781,9999.000,9999.000,9999.000,9999.000,9999.000,9999.000,9999.000
202604121124,   1.868,   1.748,9999.000,9999.000,9999.000,9999.000,9999.000,9999.000,9999.000
202604121130,   1.825,   1.718,9999.000,9999.000,9999.000,9999.000,9999.000,9999.000,9999.000
202604121136,   1.781,   1.659,9999.000,9999.000,9999.000,9999.000,9999.000,9999.000,9999.000
202604121142,   1.735,   1.610,9999.000,9999.000,9999.000,9999.000,9999.000,9999.000,9999.000
202604121148,   1.687,   1.580,9999.000,9999.000,9999.000,9999.000,9999.000,9999.000,9999.000
202604121154,   1.639,   1.518,9999.000,9999.000,9999.000,9999.000,9999.000,9999.000,9999.000
202604121200,   1.590,   1.459,   0.000,  -0.131,   1.459,   0.000,   1.459,   0.000,   1.459
202604121206,   1.539,   1.420,9999.000,9999.000,9999.000,9999.000,9999.000,9999.000,9999.000
202604121212,   1.488,   1.371,9999.000,9999.000,9999.000,9999.000,9999.000,9999.000,9999.000
202604121218,   1.437,   1.298,9999.000,9999.000,9999.000,9999.000,9999.000,9999.000,9999.000
202604121224,   1.386,   1.269,9999.000,9999.000,9999.000,9999.000,9999.000,9999.000,9999.000
202604121230,   1.334,   1.229,9999.000,9999.000,9999.000,9999.000,9999.000,9999.000,9999.000
202604121236,   1.282,   1.170,9999.000,9999.000,9999.000,9999.000,9999.000,9999.000,9999.000
202604121242,   1.231,   1.118,9999.000,9999.000,9999.000,9999.000,9999.000,9999.000,9999.000
202604121248,   1.180,   1.059,9999.000,9999.000,9999.000,9999.000,9999.000,9999.000,9999.000
202604121254,   1.130,   1.000,9999.000,9999.000,9999.000,9999.000,9999.000,9999.000,9999.000
202604121300,   1.081,   0.980,   0.000,  -0.101,   0.980,   0.000,   0.980,   0.000,   0.980
202604121306,   1.033,   0.941,9999.000,9999.000,9999.000,9999.000,9999.000,9999.000,9999.000
202604121312,   0.986,   0.908,9999.000,9999.000,9999.000,9999.000,9999.000,9999.000,9999.000
202604121318,   0.940,   0.869,9999.000,9999.000,9999.000,9999.000,9999.000,9999.000,9999.000
202604121324,   0.896,   0.800,9999.000,9999.000,9999.000,9999.000,9999.000,9999.000,9999.000
202604121330,   0.853,   0.751,9999.000,9999.000,9999.000,9999.000,9999.000,9999.000,9999.000
202604121336,   0.812,   0.708,9999.000,9999.000,9999.000,9999.000,9999.000,9999.000,9999.000
202604121342,   0.773,   0.688,9999.000,9999.000,9999.000,9999.000,9999.000,9999.000,9999.000
202604121348,   0.736,   0.639,9999.000,9999.000,9999.000,9999.000,9999.000,9999.000,9999.000
202604121354,   0.701,   0.600,9999.000,9999.000,9999.000,9999.000,9999.000,9999.000,9999.000
202604121400,   0.667,   0.551,   0.000,  -0.116,   0.551,   0.000,   0.551,   0.000,   0.551
202604121406,   0.636,   0.560,9999.000,9999.000,9999.000,9999.000,9999.000,9999.000,9999.000
202604121412,   0.607,   0.531,9999.000,9999.000,9999.000,9999.000,9999.000,9999.000,9999.000
202604121418,   0.580,   0.488,9999.000,9999.000,9999.000,9999.000,9999.000,9999.000,9999.000
202604121424,   0.555,   0.469,9999.000,9999.000,9999.000,9999.000,9999.000,9999.000,9999.000
202604121430,   0.533,   0.459,9999.000,9999.000,9999.000,9999.000,9999.000,9999.000,9999.000
202604121436,   0.512,   0.429,9999.000,9999.000,9999.000,9999.000,9999.000,9999.000,9999.000
202604121442,   0.494,   0.400,9999.000,9999.000,9999.000,9999.000,9999.000,9999.000,9999.000
202604121448,   0.478,   0.400,9999.000,9999.000,9999.000,9999.000,9999.000,9999.000,9999.000
202604121454,   0.465,   0.390,9999.000,9999.000,9999.000,9999.000,9999.000,9999.000,9999.000
202604121500,   0.453,   0.390,   0.000,  -0.063,   0.390,   0.000,   0.390,   0.000,   0.390
202604121506,   0.444,   0.370,9999.000,9999.000,9999.000,9999.000,9999.000,9999.000,9999.000
202604121512,   0.438,   0.331,9999.000,9999.000,9999.000,9999.000,9999.000,9999.000,9999.000
202604121518,   0.433,   0.341,9999.000,9999.000,9999.000,9999.000,9999.000,9999.000,9999.000
202604121524,   0.431,   0.341,9999.000,9999.000,9999.000,9999.000,9999.000,9999.000,9999.000
202604121530,   0.431,   0.350,9999.000,9999.000,9999.000,9999.000,9999.000,9999.000,9999.000
202604121536,   0.434,   0.341,9999.000,9999.000,9999.000,9999.000,9999.000,9999.000,9999.000
202604121542,   0.439,   0.350,9999.000,9999.000,9999.000,9999.000,9999.000,9999.000,9999.000
202604121548,   0.446,   0.350,9999.000,9999.000,9999.000,9999.000,9999.000,9999.000,9999.000
202604121554,   0.456,   0.360,9999.000,9999.000,9999.000,9999.000,9999.000,9999.000,9999.000
202604121600,   0.468,   0.370,   0.000,  -0.098,   0.370,   0.000,   0.370,   0.000,   0.370
202604121606,   0.482,   0.400,9999.000,9999.000,9999.000,9999.000,9999.000,9999.000,9999.000
202604121612,   0.499,   0.429,9999.000,9999.000,9999.000,9999.000,9999.000,9999.000,9999.000
202604121618,   0.518,   0.449,9999.000,9999.000,9999.000,9999.000,9999.000,9999.000,9999.000
202604121624,   0.539,   0.478,9999.000,9999.000,9999.000,9999.000,9999.000,9999.000,9999.000
202604121630,   0.562,   0.488,9999.000,9999.000,9999.000,9999.000,9999.000,9999.000,9999.000
202604121636,   0.588,   0.508,9999.000,9999.000,9999.000,9999.000,9999.000,9999.000,9999.000
202604121642,   0.615,   0.518,9999.000,9999.000,9999.000,9999.000,9999.000,9999.000,9999.000
202604121648,   0.645,   0.551,9999.000,9999.000,9999.000,9999.000,9999.000,9999.000,9999.000
202604121654,   0.676,   0.600,9999.000,9999.000,9999.000,9999.000,9999.000,9999.000,9999.000
202604121700,   0.710,   0.629,   0.000,  -0.081,   0.629,   0.000,   0.629,   0.000,   0.629
202604121706,   0.745,   0.659,9999.000,9999.000,9999.000,9999.000,9999.000,9999.000,9999.000
202604121712,   0.782,   0.688,9999.000,9999.000,9999.000,9999.000,9999.000,9999.000,9999.000
202604121718,   0.820,   0.731,9999.000,9999.000,9999.000,9999.000,9999.000,9999.000,9999.000
202604121724,   0.860,   0.770,9999.000,9999.000,9999.000,9999.000,9999.000,9999.000,9999.000
202604121730,   0.902,   0.829,9999.000,9999.000,9999.000,9999.000,9999.000,9999.000,9999.000
202604121736,   0.944,   0.849,9999.000,9999.000,9999.000,9999.000,9999.000,9999.000,9999.000
202604121742,   0.988,   0.898,9999.000,9999.000,9999.000,9999.000,9999.000,9999.000,9999.000
202604121748,   1.032,   0.918,9999.000,9999.000,9999.000,9999.000,9999.000,9999.000,9999.000
202604121754,   1.078,   0.970,9999.000,9999.000,9999.000,9999.000,9999.000,9999.000,9999.000
202604121800,   1.124,   1.010,   0.000,  -0.114,   1.010,   0.000,   1.010,   0.100,   1.110
202604121806,   1.170,   1.049,9999.000,9999.000,9999.000,9999.000,9999.000,9999.000,9999.000
202604121812,   1.218,   1.108,9999.000,9999.000,9999.000,9999.000,9999.000,9999.000,9999.000
202604121818,   1.265,   1.138,9999.000,9999.000,9999.000,9999.000,9999.000,9999.000,9999.000
202604121824,   1.313,   1.190,9999.000,9999.000,9999.000,9999.000,9999.000,9999.000,9999.000
202604121830,   1.360,   1.239,9999.000,9999.000,9999.000,9999.000,9999.000,9999.000,9999.000
202604121836,   1.408,   1.289,9999.000,9999.000,9999.000,9999.000,9999.000,9999.000,9999.000
202604121842,   1.455,   1.348,9999.000,9999.000,9999.000,9999.000,9999.000,9999.000,9999.000
202604121848,   1.502,   1.380,9999.000,9999.000,9999.000,9999.000,9999.000,9999.000,9999.000
202604121854,   1.549,   1.449,9999.000,9999.000,9999.000,9999.000,9999.000,9999.000,9999.000
202604121900,   1.595,   1.498,   0.000,  -0.097,   1.498,   0.000,   1.498,   0.100,   1.598
202604121906,   1.640,   1.528,9999.000,9999.000,9999.000,9999.000,9999.000,9999.000,9999.000
202604121912,   1.684,   1.571,9999.000,9999.000,9999.000,9999.000,9999.000,9999.000,9999.000
202604121918,   1.727,   1.580,9999.000,9999.000,9999.000,9999.000,9999.000,9999.000,9999.000
202604121924,   1.769,   1.620,9999.000,9999.000,9999.000,9999.000,9999.000,9999.000,9999.000
202604121930,   1.810,   1.649,9999.000,9999.000,9999.000,9999.000,9999.000,9999.000,9999.000
202604121936,   1.850,   1.708,9999.000,9999.000,9999.000,9999.000,9999.000,9999.000,9999.000
202604121942,   1.888,   1.767,9999.000,9999.000,9999.000,9999.000,9999.000,9999.000,9999.000
202604121948,   1.924,   1.800,9999.000,9999.000,9999.000,9999.000,9999.000,9999.000,9999.000
202604121954,   1.959,   1.859,9999.000,9999.000,9999.000,9999.000,9999.000,9999.000,9999.000
202604122000,   1.992,   1.908,   0.000,  -0.084,   1.908,   0.000,   1.908,   0.100,   2.008
202604122006,   2.024,   1.938,9999.000,9999.000,9999.000,9999.000,9999.000,9999.000,9999.000
202604122012,   2.053,   1.958,9999.000,9999.000,9999.000,9999.000,9999.000,9999.000,9999.000
202604122018,   2.080,   1.981,9999.000,9999.000,9999.000,9999.000,9999.000,9999.000,9999.000
202604122024,   2.106,   2.000,9999.000,9999.000,9999.000,9999.000,9999.000,9999.000,9999.000
202604122030,   2.129,   2.030,9999.000,9999.000,9999.000,9999.000,9999.000,9999.000,9999.000
202604122036,   2.150,   2.040,9999.000,9999.000,9999.000,9999.000,9999.000,9999.000,9999.000
202604122042,   2.170,   2.059,9999.000,9999.000,9999.000,9999.000,9999.000,9999.000,9999.000
202604122048,   2.187,   2.089,9999.000,9999.000,9999.000,9999.000,9999.000,9999.000,9999.000
202604122054,   2.202,   2.099,9999.000,9999.000,9999.000,9999.000,9999.000,9999.000,9999.000
202604122100,   2.214,   2.109,   0.000,  -0.105,   2.109,   0.000,   2.109,   0.100,   2.209
202604122106,   2.225,   2.138,9999.000,9999.000,9999.000,9999.000,9999.000,9999.000,9999.000
202604122112,   2.234,   2.138,9999.000,9999.000,9999.000,9999.000,9999.000,9999.000,9999.000
202604122118,   2.240,   2.148,9999.000,9999.000,9999.000,9999.000,9999.000,9999.000,9999.000
202604122124,   2.244,   2.148,9999.000,9999.000,9999.000,9999.000,9999.000,9999.000,9999.000
202604122130,   2.247,   2.158,9999.000,9999.000,9999.000,9999.000,9999.000,9999.000,9999.000
202604122136,   2.247,   2.158,9999.000,9999.000,9999.000,9999.000,9999.000,9999.000,9999.000
202604122142,   2.245,   2.158,9999.000,9999.000,9999.000,9999.000,9999.000,9999.000,9999.000
202604122148,   2.242,   2.158,9999.000,9999.000,9999.000,9999.000,9999.000,9999.000,9999.000
202604122154,   2.236,   2.148,9999.000,9999.000,9999.000,9999.000,9999.000,9999.000,9999.000
202604122200,   2.228,   2.128,   0.100,  -0.200,   2.128,   0.000,   2.028,   0.100,   2.128
202604122206,   2.219,   2.138,9999.000,9999.000,9999.000,9999.000,9999.000,9999.000,9999.000
202604122212,   2.207,   2.138,9999.000,9999.000,9999.000,9999.000,9999.000,9999.000,9999.000
202604122218,   2.194,   2.138,9999.000,9999.000,9999.000,9999.000,9999.000,9999.000,9999.000
202604122224,   2.179,   2.109,9999.000,9999.000,9999.000,9999.000,9999.000,9999.000,9999.000
202604122230,   2.162,   2.109,9999.000,9999.000,9999.000,9999.000,9999.000,9999.000,9999.000
202604122236,   2.143,   2.089,9999.000,9999.000,9999.000,9999.000,9999.000,9999.000,9999.000
202604122242,   2.121,   2.069,9999.000,9999.000,9999.000,9999.000,9999.000,9999.000,9999.000
202604122248,   2.098,   2.049,9999.000,9999.000,9999.000,9999.000,9999.000,9999.000,9999.000
202604122254,   2.074,   2.020,9999.000,9999.000,9999.000,9999.000,9999.000,9999.000,9999.000
202604122300,   2.047,   2.010,   0.100,  -0.137,   2.010,   0.100,   2.010,   0.100,   2.010
202604122306,   2.018,   1.990,9999.000,9999.000,9999.000,9999.000,9999.000,9999.000,9999.000
202604122312,   1.987,   1.967,9999.000,9999.000,9999.000,9999.000,9999.000,9999.000,9999.000
202604122318,   1.954,   1.948,9999.000,9999.000,9999.000,9999.000,9999.000,9999.000,9999.000
202604122324,   1.920,   1.928,9999.000,9999.000,9999.000,9999.000,9999.000,9999.000,9999.000
202604122330,   1.883,   1.889,9999.000,9999.000,9999.000,9999.000,9999.000,9999.000,9999.000
202604122336,   1.845,   1.869,9999.000,9999.000,9999.000,9999.000,9999.000,9999.000,9999.000
202604122342,   1.805,   1.830,9999.000,9999.000,9999.000,9999.000,9999.000,9999.000,9999.000
202604122348,   1.763,   1.790,9999.000,9999.000,9999.000,9999.000,9999.000,9999.000,9999.000
202604122354,   1.719,   1.748,9999.000,9999.000,9999.000,9999.000,9999.000,9999.000,9999.000
202604130000,   1.674,   1.699,   0.100,  -0.075,   1.699,   0.100,   1.699,   0.100,   1.699
202604130006,   1.628,   1.669,9999.000,9999.000,9999.000,9999.000,9999.000,9999.000,9999.000
202604130012,   1.580,   1.630,9999.000,9999.000,9999.000,9999.000,9999.000,9999.000,9999.000
202604130018,   1.531,   1.580,9999.000,9999.000,9999.000,9999.000,9999.000,9999.000,9999.000
202604130024,   1.481,   1.538,9999.000,9999.000,9999.000,9999.000,9999.000,9999.000,9999.000
202604130030,   1.431,   1.489,9999.000,9999.000,9999.000,9999.000,9999.000,9999.000,9999.000
202604130036,   1.379,   1.439,9999.000,9999.000,9999.000,9999.000,9999.000,9999.000,9999.000
202604130042,   1.328,   1.390,9999.000,9999.000,9999.000,9999.000,9999.000,9999.000,9999.000
202604130048,   1.276,   1.348,9999.000,9999.000,9999.000,9999.000,9999.000,9999.000,9999.000
202604130054,   1.223,   1.318,9999.000,9999.000,9999.000,9999.000,9999.000,9999.000,9999.000
202604130100,   1.172,   1.249,   0.100,  -0.023,   1.249,   0.100,   1.249,   0.100,   1.249
202604130106,   1.120,   1.200,9999.000,9999.000,9999.000,9999.000,9999.000,9999.000,9999.000
202604130112,   1.069,   1.151,9999.000,9999.000,9999.000,9999.000,9999.000,9999.000,9999.000
202604130118,   1.018,   1.098,9999.000,9999.000,9999.000,9999.000,9999.000,9999.000,9999.000
202604130124,   0.969,   1.069,9999.000,9999.000,9999.000,9999.000,9999.000,9999.000,9999.000
202604130130,   0.921,   1.029,9999.000,9999.000,9999.000,9999.000,9999.000,9999.000,9999.000
202604130136,   0.873,   0.970,9999.000,9999.000,9999.000,9999.000,9999.000,9999.000,9999.000
202604130142,   0.828,   0.928,9999.000,9999.000,9999.000,9999.000,9999.000,9999.000,9999.000
202604130148,   0.783,   0.898,9999.000,9999.000,9999.000,9999.000,9999.000,9999.000,9999.000
202604130154,   0.741,   0.849,9999.000,9999.000,9999.000,9999.000,9999.000,9999.000,9999.000
202604130200,   0.700,   0.829,   0.100,   0.029,   0.829,   0.100,   0.829,   0.200,   0.929
202604130206,   0.661,   0.780,9999.000,9999.000,9999.000,9999.000,9999.000,9999.000,9999.000
202604130212,   0.625,   0.741,9999.000,9999.000,9999.000,9999.000,9999.000,9999.000,9999.000
202604130218,   0.590,   0.708,9999.000,9999.000,9999.000,9999.000,9999.000,9999.000,9999.000
202604130224,   0.557,   0.678,9999.000,9999.000,9999.000,9999.000,9999.000,9999.000,9999.000
202604130230,   0.527,   0.659,9999.000,9999.000,9999.000,9999.000,9999.000,9999.000,9999.000
202604130236,   0.499,   0.619,9999.000,9999.000,9999.000,9999.000,9999.000,9999.000,9999.000
202604130242,   0.473,   0.570,9999.000,9999.000,9999.000,9999.000,9999.000,9999.000,9999.000
202604130248,   0.450,   0.551,9999.000,9999.000,9999.000,9999.000,9999.000,9999.000,9999.000
202604130254,   0.429,   0.508,9999.000,9999.000,9999.000,9999.000,9999.000,9999.000,9999.000
202604130300,   0.410,   0.488,   0.100,  -0.022,   0.488,   0.100,   0.488,   0.100,   0.488
202604130306,   0.394,   0.478,9999.000,9999.000,9999.000,9999.000,9999.000,9999.000,9999.000
202604130312,   0.381,   0.449,9999.000,9999.000,9999.000,9999.000,9999.000,9999.000,9999.000
202604130318,   0.369,   0.439,9999.000,9999.000,9999.000,9999.000,9999.000,9999.000,9999.000
202604130324,   0.361,   0.429,9999.000,9999.000,9999.000,9999.000,9999.000,9999.000,9999.000
202604130330,   0.354,   0.409,9999.000,9999.000,9999.000,9999.000,9999.000,9999.000,9999.000
202604130336,   0.351,   0.409,9999.000,9999.000,9999.000,9999.000,9999.000,9999.000,9999.000
202604130342,   0.350,   0.400,9999.000,9999.000,9999.000,9999.000,9999.000,9999.000,9999.000
202604130348,   0.351,   0.390,9999.000,9999.000,9999.000,9999.000,9999.000,9999.000,9999.000
202604130354,   0.355,   0.400,9999.000,9999.000,9999.000,9999.000,9999.000,9999.000,9999.000
202604130400,   0.361,   0.400,   0.100,  -0.061,   0.400,   0.100,   0.400,   0.100,   0.400
202604130406,   0.370,   0.400,9999.000,9999.000,9999.000,9999.000,9999.000,9999.000,9999.000
202604130412,   0.381,   0.429,9999.000,9999.000,9999.000,9999.000,9999.000,9999.000,9999.000
202604130418,   0.395,   0.429,9999.000,9999.000,9999.000,9999.000,9999.000,9999.000,9999.000
202604130424,   0.411,   0.439,9999.000,9999.000,9999.000,9999.000,9999.000,9999.000,9999.000
202604130430,   0.430,   0.459,9999.000,9999.000,9999.000,9999.000,9999.000,9999.000,9999.000
202604130436,   0.451,   0.469,9999.000,9999.000,9999.000,9999.000,9999.000,9999.000,9999.000
202604130442,   0.474,   0.469,9999.000,9999.000,9999.000,9999.000,9999.000,9999.000,9999.000
202604130448,   0.500,   0.488,9999.000,9999.000,9999.000,9999.000,9999.000,9999.000,9999.000
202604130454,   0.528,   0.508,9999.000,9999.000,9999.000,9999.000,9999.000,9999.000,9999.000
202604130500,   0.559,   0.518,   0.100,  -0.141,   0.518,   0.000,   0.418,   0.100,   0.518
202604130506,   0.591,   0.551,9999.000,9999.000,9999.000,9999.000,9999.000,9999.000,9999.000
202604130512,   0.626,   0.580,9999.000,9999.000,9999.000,9999.000,9999.000,9999.000,9999.000
202604130518,   0.662,   0.619,9999.000,9999.000,9999.000,9999.000,9999.000,9999.000,9999.000
202604130524,   0.701,   0.678,9999.000,9999.000,9999.000,9999.000,9999.000,9999.000,9999.000
202604130530,   0.741,   0.708,9999.000,9999.000,9999.000,9999.000,9999.000,9999.000,9999.000
202604130536,   0.783,   0.741,9999.000,9999.000,9999.000,9999.000,9999.000,9999.000,9999.000
202604130542,   0.827,   0.800,9999.000,9999.000,9999.000,9999.000,9999.000,9999.000,9999.000
202604130548,   0.872,   0.839,9999.000,9999.000,9999.000,9999.000,9999.000,9999.000,9999.000
202604130554,   0.918,   0.869,9999.000,9999.000,9999.000,9999.000,9999.000,9999.000,9999.000
202604130600,   0.966,   0.908,   0.200,  -0.258,   0.908,   0.100,   0.808,   0.200,   0.908
202604130606,   1.015,   0.970,9999.000,9999.000,9999.000,9999.000,9999.000,9999.000,9999.000
202604130612,   1.065,   1.000,9999.000,9999.000,9999.000,9999.000,9999.000,9999.000,9999.000
202604130618,   1.116,   1.069,9999.000,9999.000,9999.000,9999.000,9999.000,9999.000,9999.000
202604130624,   1.168,   1.138,9999.000,9999.000,9999.000,9999.000,9999.000,9999.000,9999.000
202604130630,   1.220,   1.190,9999.000,9999.000,9999.000,9999.000,9999.000,9999.000,9999.000
202604130636,   1.273,   1.249,9999.000,9999.000,9999.000,9999.000,9999.000,9999.000,9999.000
202604130642,   1.326,   1.269,9999.000,9999.000,9999.000,9999.000,9999.000,9999.000,9999.000
202604130648,   1.380,   1.328,9999.000,9999.000,9999.000,9999.000,9999.000,9999.000,9999.000
202604130654,   1.433,   1.390,9999.000,9999.000,9999.000,9999.000,9999.000,9999.000,9999.000
202604130700,   1.487,   1.430,   0.200,  -0.257,   1.430,   0.100,   1.330,   0.200,   1.430
202604130706,   1.540,   1.498,9999.000,9999.000,9999.000,9999.000,9999.000,9999.000,9999.000
202604130712,   1.594,   1.548,9999.000,9999.000,9999.000,9999.000,9999.000,9999.000,9999.000
202604130718,   1.646,   1.590,9999.000,9999.000,9999.000,9999.000,9999.000,9999.000,9999.000
202604130724,   1.698,   1.649,9999.000,9999.000,9999.000,9999.000,9999.000,9999.000,9999.000
202604130730,   1.750,   1.689,9999.000,9999.000,9999.000,9999.000,9999.000,9999.000,9999.000
202604130736,   1.800,   1.738,9999.000,9999.000,9999.000,9999.000,9999.000,9999.000,9999.000
202604130742,   1.850,   1.800,9999.000,9999.000,9999.000,9999.000,9999.000,9999.000,9999.000
202604130748,   1.898,   1.849,9999.000,9999.000,9999.000,9999.000,9999.000,9999.000,9999.000
202604130754,   1.945,   1.899,9999.000,9999.000,9999.000,9999.000,9999.000,9999.000,9999.000
202604130800,   1.991,   1.948,   0.100,  -0.143,   1.948,   0.100,   1.948,   0.200,   2.048
202604130806,   2.035,   2.000,9999.000,9999.000,9999.000,9999.000,9999.000,9999.000,9999.000
202604130812,   2.077,   2.030,9999.000,9999.000,9999.000,9999.000,9999.000,9999.000,9999.000
202604130818,   2.118,   2.059,9999.000,9999.000,9999.000,9999.000,9999.000,9999.000,9999.000
202604130824,   2.157,   2.089,9999.000,9999.000,9999.000,9999.000,9999.000,9999.000,9999.000
202604130830,   2.193,   2.128,9999.000,9999.000,9999.000,9999.000,9999.000,9999.000,9999.000
202604130836,   2.228,   2.158,9999.000,9999.000,9999.000,9999.000,9999.000,9999.000,9999.000
202604130842,   2.261,   2.168,9999.000,9999.000,9999.000,9999.000,9999.000,9999.000,9999.000
202604130848,   2.291,   2.210,9999.000,9999.000,9999.000,9999.000,9999.000,9999.000,9999.000
202604130854,   2.319,   2.250,9999.000,9999.000,9999.000,9999.000,9999.000,9999.000,9999.000
202604130900,   2.345,   2.279,   0.100,  -0.166,   2.279,   0.100,   2.279,   0.100,   2.279
202604130906,   2.368,   2.289,9999.000,9999.000,9999.000,9999.000,9999.000,9999.000,9999.000
202604130912,   2.389,   2.309,9999.000,9999.000,9999.000,9999.000,9999.000,9999.000,9999.000
202604130918,   2.407,   2.328,9999.000,9999.000,9999.000,9999.000,9999.000,9999.000,9999.000
202604130924,   2.423,   2.338,9999.000,9999.000,9999.000,9999.000,9999.000,9999.000,9999.000
202604130930,   2.436,   2.377,9999.000,9999.000,9999.000,9999.000,9999.000,9999.000,9999.000
202604130936,   2.447,   2.377,9999.000,9999.000,9999.000,9999.000,9999.000,9999.000,9999.000
202604130942,   2.456,   2.387,9999.000,9999.000,9999.000,9999.000,9999.000,9999.000,9999.000
202604130948,   2.462,   2.400,9999.000,9999.000,9999.000,9999.000,9999.000,9999.000,9999.000
202604130954,   2.466,   2.400,9999.000,9999.000,9999.000,9999.000,9999.000,9999.000,9999.000
202604131000,   2.467,   2.400,   0.100,  -0.167,   2.400,   0.000,   2.300,   0.100,   2.400
202604131006,   2.466,   2.400,9999.000,9999.000,9999.000,9999.000,9999.000,9999.000,9999.000
202604131012,   2.462,   2.400,9999.000,9999.000,9999.000,9999.000,9999.000,9999.000,9999.000
202604131018,   2.456,   2.400,9999.000,9999.000,9999.000,9999.000,9999.000,9999.000,9999.000
202604131024,   2.448,   2.410,9999.000,9999.000,9999.000,9999.000,9999.000,9999.000,9999.000
202604131030,   2.438,   2.387,9999.000,9999.000,9999.000,9999.000,9999.000,9999.000,9999.000
202604131036,   2.425,   2.368,9999.000,9999.000,9999.000,9999.000,9999.000,9999.000,9999.000
202604131042,   2.410,   2.348,9999.000,9999.000,9999.000,9999.000,9999.000,9999.000,9999.000
202604131048,   2.393,   2.358,9999.000,9999.000,9999.000,9999.000,9999.000,9999.000,9999.000
202604131054,   2.374,   2.328,9999.000,9999.000,9999.000,9999.000,9999.000,9999.000,9999.000
202604131100,   2.352,   2.309,   0.100,  -0.143,   2.309,   0.000,   2.209,   0.100,   2.309
202604131106,   2.329,   2.299,9999.000,9999.000,9999.000,9999.000,9999.000,9999.000,9999.000
202604131112,   2.303,   2.269,9999.000,9999.000,9999.000,9999.000,9999.000,9999.000,9999.000
202604131118,   2.274,   2.220,9999.000,9999.000,9999.000,9999.000,9999.000,9999.000,9999.000
202604131124,   2.244,   2.210,9999.000,9999.000,9999.000,9999.000,9999.000,9999.000,9999.000
202604131130,   2.211,   2.168,9999.000,9999.000,9999.000,9999.000,9999.000,9999.000,9999.000
202604131136,   2.176,   2.128,9999.000,9999.000,9999.000,9999.000,9999.000,9999.000,9999.000
202604131142,   2.139,   2.089,9999.000,9999.000,9999.000,9999.000,9999.000,9999.000,9999.000
202604131148,   2.100,   2.069,9999.000,9999.000,9999.000,9999.000,9999.000,9999.000,9999.000
202604131154,   2.059,   2.030,9999.000,9999.000,9999.000,9999.000,9999.000,9999.000,9999.000
202604131200,   2.016,   1.981,   0.100,  -0.135,   1.981,   0.000,   1.881,   0.100,   1.981
202604131206,   1.970,   1.918,9999.000,9999.000,9999.000,9999.000,9999.000,9999.000,9999.000
202604131212,   1.923,   1.869,9999.000,9999.000,9999.000,9999.000,9999.000,9999.000,9999.000
202604131218,   1.874,   1.859,9999.000,9999.000,9999.000,9999.000,9999.000,9999.000,9999.000
202604131224,   1.823,   1.790,9999.000,9999.000,9999.000,9999.000,9999.000,9999.000,9999.000
202604131230,   1.771,   1.728,9999.000,9999.000,9999.000,9999.000,9999.000,9999.000,9999.000
202604131236,   1.717,   1.659,9999.000,9999.000,9999.000,9999.000,9999.000,9999.000,9999.000
202604131242,   1.662,   1.600,9999.000,9999.000,9999.000,9999.000,9999.000,9999.000,9999.000
202604131248,   1.605,   1.548,9999.000,9999.000,9999.000,9999.000,9999.000,9999.000,9999.000
202604131254,   1.548,   1.508,9999.000,9999.000,9999.000,9999.000,9999.000,9999.000,9999.000
202604131300,   1.490,   1.459,   0.000,  -0.031,   1.459,   0.000,   1.459,   0.100,   1.559
202604131306,   1.431,   1.400,9999.000,9999.000,9999.000,9999.000,9999.000,9999.000,9999.000
202604131312,   1.372,   1.348,9999.000,9999.000,9999.000,9999.000,9999.000,9999.000,9999.000
202604131318,   1.313,   1.289,9999.000,9999.000,9999.000,9999.000,9999.000,9999.000,9999.000
202604131324,   1.254,   1.220,9999.000,9999.000,9999.000,9999.000,9999.000,9999.000,9999.000
202604131330,   1.195,   1.161,9999.000,9999.000,9999.000,9999.000,9999.000,9999.000,9999.000
202604131336,   1.136,   1.088,9999.000,9999.000,9999.000,9999.000,9999.000,9999.000,9999.000
202604131342,   1.078,   1.049,9999.000,9999.000,9999.000,9999.000,9999.000,9999.000,9999.000
202604131348,   1.022,   0.970,9999.000,9999.000,9999.000,9999.000,9999.000,9999.000,9999.000
202604131354,   0.966,   0.941,9999.000,9999.000,9999.000,9999.000,9999.000,9999.000,9999.000
202604131400,   0.911,   0.879,   0.000,  -0.032,   0.879,   0.000,   0.879,   0.100,   0.979
202604131406,   0.858,   0.819,9999.000,9999.000,9999.000,9999.000,9999.000,9999.000,9999.000
202604131412,   0.806,   0.760,9999.000,9999.000,9999.000,9999.000,9999.000,9999.000,9999.000
202604131418,   0.757,   0.731,9999.000,9999.000,9999.000,9999.000,9999.000,9999.000,9999.000
202604131424,   0.709,   0.669,9999.000,9999.000,9999.000,9999.000,9999.000,9999.000,9999.000
202604131430,   0.663,   0.610,9999.000,9999.000,9999.000,9999.000,9999.000,9999.000,9999.000
202604131436,   0.619,   0.560,9999.000,9999.000,9999.000,9999.000,9999.000,9999.000,9999.000
202604131442,   0.578,   0.508,9999.000,9999.000,9999.000,9999.000,9999.000,9999.000,9999.000
202604131448,   0.539,   0.469,9999.000,9999.000,9999.000,9999.000,9999.000,9999.000,9999.000
202604131454,   0.502,   0.449,9999.000,9999.000,9999.000,9999.000,9999.000,9999.000,9999.000
202604131500,   0.468,   0.409,   0.000,  -0.059,   0.409,   0.000,   0.409,   0.000,   0.409
202604131506,   0.436,   0.350,9999.000,9999.000,9999.000,9999.000,9999.000,9999.000,9999.000
202604131512,   0.407,   0.308,9999.000,9999.000,9999.000,9999.000,9999.000,9999.000,9999.000
202604131518,   0.381,   0.268,9999.000,9999.000,9999.000,9999.000,9999.000,9999.000,9999.000
202604131524,   0.357,   0.229,9999.000,9999.000,9999.000,9999.000,9999.000,9999.000,9999.000
202604131530,   0.337,   0.209,9999.000,9999.000,9999.000,9999.000,9999.000,9999.000,9999.000
202604131536,   0.318,   0.180,9999.000,9999.000,9999.000,9999.000,9999.000,9999.000,9999.000
202604131542,   0.303,   0.141,9999.000,9999.000,9999.000,9999.000,9999.000,9999.000,9999.000
202604131548,   0.290,   0.121,9999.000,9999.000,9999.000,9999.000,9999.000,9999.000,9999.000
202604131554,   0.280,   0.098,9999.000,9999.000,9999.000,9999.000,9999.000,9999.000,9999.000
202604131600,   0.273,   0.078,   0.000,  -0.195,   0.078,   0.000,   0.078,   0.000,   0.078
202604131606,   0.269,   0.068,9999.000,9999.000,9999.000,9999.000,9999.000,9999.000,9999.000
202604131612,   0.267,   0.078,9999.000,9999.000,9999.000,9999.000,9999.000,9999.000,9999.000
202604131618,   0.269,   0.068,9999.000,9999.000,9999.000,9999.000,9999.000,9999.000,9999.000
202604131624,   0.273,   0.068,9999.000,9999.000,9999.000,9999.000,9999.000,9999.000,9999.000
202604131630,   0.279,   0.068,9999.000,9999.000,9999.000,9999.000,9999.000,9999.000,9999.000
202604131636,   0.289,   0.068,9999.000,9999.000,9999.000,9999.000,9999.000,9999.000,9999.000
202604131642,   0.301,   0.078,9999.000,9999.000,9999.000,9999.000,9999.000,9999.000,9999.000
202604131648,   0.316,   0.088,9999.000,9999.000,9999.000,9999.000,9999.000,9999.000,9999.000
202604131654,   0.334,   0.098,9999.000,9999.000,9999.000,9999.000,9999.000,9999.000,9999.000
202604131700,   0.354,   0.121,   0.000,  -0.233,   0.121,   0.000,   0.121,   0.000,   0.121
202604131706,   0.377,   0.160,9999.000,9999.000,9999.000,9999.000,9999.000,9999.000,9999.000
202604131712,   0.402,   0.170,9999.000,9999.000,9999.000,9999.000,9999.000,9999.000,9999.000
202604131718,   0.430,   0.190,9999.000,9999.000,9999.000,9999.000,9999.000,9999.000,9999.000
202604131724,   0.460,   0.200,9999.000,9999.000,9999.000,9999.000,9999.000,9999.000,9999.000
202604131730,   0.493,   0.239,9999.000,9999.000,9999.000,9999.000,9999.000,9999.000,9999.000
202604131736,   0.528,   0.259,9999.000,9999.000,9999.000,9999.000,9999.000,9999.000,9999.000
202604131742,   0.565,   0.288,9999.000,9999.000,9999.000,9999.000,9999.000,9999.000,9999.000
202604131748,   0.604,   0.331,9999.000,9999.000,9999.000,9999.000,9999.000,9999.000,9999.000
202604131754,   0.646,   0.360,9999.000,9999.000,9999.000,9999.000,9999.000,9999.000,9999.000
202604131800,   0.689,   0.409,   0.000,  -0.280,   0.409,   0.000,   0.409,   0.000,   0.409
202604131806,   0.734,   0.459,9999.000,9999.000,9999.000,9999.000,9999.000,9999.000,9999.000
202604131812,   0.780,   0.508,9999.000,9999.000,9999.000,9999.000,9999.000,9999.000,9999.000
202604131818,   0.829,   0.551,9999.000,9999.000,9999.000,9999.000,9999.000,9999.000,9999.000
202604131824,   0.879,   0.600,9999.000,9999.000,9999.000,9999.000,9999.000,9999.000,9999.000
202604131830,   0.930,   0.649,9999.000,9999.000,9999.000,9999.000,9999.000,9999.000,9999.000
202604131836,   0.982,   0.698,9999.000,9999.000,9999.000,9999.000,9999.000,9999.000,9999.000
202604131842,   1.035,   0.751,9999.000,9999.000,9999.000,9999.000,9999.000,9999.000,9999.000
202604131848,   1.090,   0.800,9999.000,9999.000,9999.000,9999.000,9999.000,9999.000,9999.000
202604131854,   1.145,   0.859,9999.000,9999.000,9999.000,9999.000,9999.000,9999.000,9999.000
202604131900,   1.201,   0.928,   0.000,  -0.273,   0.928,   0.000,   0.928,   0.100,   1.028
202604131906,   1.257,   1.010,9999.000,9999.000,9999.000,9999.000,9999.000,9999.000,9999.000
202604131912,   1.314,   1.079,9999.000,9999.000,9999.000,9999.000,9999.000,9999.000,9999.000
202604131918,   1.371,   1.128,9999.000,9999.000,9999.000,9999.000,9999.000,9999.000,9999.000
202604131924,   1.428,   1.190,9999.000,9999.000,9999.000,9999.000,9999.000,9999.000,9999.000
202604131930,   1.485,   1.259,9999.000,9999.000,9999.000,9999.000,9999.000,9999.000,9999.000
202604131936,   1.542,   1.328,9999.000,9999.000,9999.000,9999.000,9999.000,9999.000,9999.000
202604131942,   1.599,   1.371,9999.000,9999.000,9999.000,9999.000,9999.000,9999.000,9999.000
202604131948,   1.655,   1.410,9999.000,9999.000,9999.000,9999.000,9999.000,9999.000,9999.000
202604131954,   1.710,   1.469,9999.000,9999.000,9999.000,9999.000,9999.000,9999.000,9999.000
202604132000,   1.765,   1.548,   0.000,  -0.217,   1.548,   0.000,   1.548,   0.100,   1.648
202604132006,   1.818,   1.610,9999.000,9999.000,9999.000,9999.000,9999.000,9999.000,9999.000
202604132012,   1.871,   1.649,9999.000,9999.000,9999.000,9999.000,9999.000,9999.000,9999.000
202604132018,   1.922,   1.708,9999.000,9999.000,9999.000,9999.000,9999.000,9999.000,9999.000
202604132024,   1.971,   1.738,9999.000,9999.000,9999.000,9999.000,9999.000,9999.000,9999.000
202604132030,   2.019,   1.767,9999.000,9999.000,9999.000,9999.000,9999.000,9999.000,9999.000
202604132036,   2.066,   1.820,9999.000,9999.000,9999.000,9999.000,9999.000,9999.000,9999.000
202604132042,   2.110,   1.879,9999.000,9999.000,9999.000,9999.000,9999.000,9999.000,9999.000
202604132048,   2.152,   1.928,9999.000,9999.000,9999.000,9999.000,9999.000,9999.000,9999.000
202604132054,   2.193,   1.958,9999.000,9999.000,9999.000,9999.000,9999.000,9999.000,9999.000
202604132100,   2.231,   1.981,   0.000,  -0.250,   1.981,   0.000,   1.981,   0.100,   2.081
202604132106,   2.266,   2.000,9999.000,9999.000,9999.000,9999.000,9999.000,9999.000,9999.000
202604132112,   2.299,   2.049,9999.000,9999.000,9999.000,9999.000,9999.000,9999.000,9999.000
202604132118,   2.330,   2.099,9999.000,9999.000,9999.000,9999.000,9999.000,9999.000,9999.000
202604132124,   2.358,   2.128,9999.000,9999.000,9999.000,9999.000,9999.000,9999.000,9999.000
202604132130,   2.384,   2.168,9999.000,9999.000,9999.000,9999.000,9999.000,9999.000,9999.000
202604132136,   2.407,   2.177,9999.000,9999.000,9999.000,9999.000,9999.000,9999.000,9999.000
202604132142,   2.427,   2.210,9999.000,9999.000,9999.000,9999.000,9999.000,9999.000,9999.000
202604132148,   2.444,   2.230,9999.000,9999.000,9999.000,9999.000,9999.000,9999.000,9999.000
202604132154,   2.459,   2.250,9999.000,9999.000,9999.000,9999.000,9999.000,9999.000,9999.000
202604132200,   2.471,   2.269,   0.000,  -0.202,   2.269,   0.000,   2.269,   0.000,   2.269
202604132206,   2.480,   2.279,9999.000,9999.000,9999.000,9999.000,9999.000,9999.000,9999.000
202604132212,   2.487,   2.279,9999.000,9999.000,9999.000,9999.000,9999.000,9999.000,9999.000
202604132218,   2.491,   2.279,9999.000,9999.000,9999.000,9999.000,9999.000,9999.000,9999.000
202604132224,   2.493,   2.299,9999.000,9999.000,9999.000,9999.000,9999.000,9999.000,9999.000
202604132230,   2.492,   2.309,9999.000,9999.000,9999.000,9999.000,9999.000,9999.000,9999.000
202604132236,   2.488,   2.309,9999.000,9999.000,9999.000,9999.000,9999.000,9999.000,9999.000
202604132242,   2.482,   2.289,9999.000,9999.000,9999.000,9999.000,9999.000,9999.000,9999.000
202604132248,   2.473,   2.259,9999.000,9999.000,9999.000,9999.000,9999.000,9999.000,9999.000
202604132254,   2.462,   2.259,9999.000,9999.000,9999.000,9999.000,9999.000,9999.000,9999.000
202604132300,   2.449,   2.259,   0.000,  -0.190,   2.259,   0.000,   2.259,   0.000,   2.259
202604132306,   2.433,   2.240,9999.000,9999.000,9999.000,9999.000,9999.000,9999.000,9999.000
202604132312,   2.415,   2.210,9999.000,9999.000,9999.000,9999.000,9999.000,9999.000,9999.000
202604132318,   2.394,   2.191,9999.000,9999.000,9999.000,9999.000,9999.000,9999.000,9999.000
202604132324,   2.372,   2.177,9999.000,9999.000,9999.000,9999.000,9999.000,9999.000,9999.000
202604132330,   2.347,   2.177,9999.000,9999.000,9999.000,9999.000,9999.000,9999.000,9999.000
202604132336,   2.319,   2.148,9999.000,9999.000,9999.000,9999.000,9999.000,9999.000,9999.000
202604132342,   2.290,   2.099,9999.000,9999.000,9999.000,9999.000,9999.000,9999.000,9999.000
202604132348,   2.258,   2.069,9999.000,9999.000,9999.000,9999.000,9999.000,9999.000,9999.000
202604132354,   2.224,   2.040,9999.000,9999.000,9999.000,9999.000,9999.000,9999.000,9999.000
202604140000,   2.187,   2.010,   0.000,  -0.177,   2.010,  -0.100,   1.910,   0.000,   2.010
202604140006,   2.149,   1.967,9999.000,9999.000,9999.000,9999.000,9999.000,9999.000,9999.000
202604140012,   2.108,   1.908,9999.000,9999.000,9999.000,9999.000,9999.000,9999.000,9999.000
202604140018,   2.065,   1.859,9999.000,9999.000,9999.000,9999.000,9999.000,9999.000,9999.000
202604140024,   2.020,   1.810,9999.000,9999.000,9999.000,9999.000,9999.000,9999.000,9999.000
202604140030,   1.973,   1.758,9999.000,9999.000,9999.000,9999.000,9999.000,9999.000,9999.000
202604140036,   1.924,   1.708,9999.000,9999.000,9999.000,9999.000,9999.000,9999.000,9999.000
202604140042,   1.873,   1.649,9999.000,9999.000,9999.000,9999.000,9999.000,9999.000,9999.000
202604140048,   1.820,   1.590,9999.000,9999.000,9999.000,9999.000,9999.000,9999.000,9999.000
202604140054,   1.766,   1.538,9999.000,9999.000,9999.000,9999.000,9999.000,9999.000,9999.000
202604140100,   1.710,   1.489,   0.000,  -0.221,   1.489,  -0.100,   1.389,   0.000,   1.489
202604140106,   1.652,   1.439,9999.000,9999.000,9999.000,9999.000,9999.000,9999.000,9999.000
202604140112,   1.594,   1.380,9999.000,9999.000,9999.000,9999.000,9999.000,9999.000,9999.000
202604140118,   1.534,   1.328,9999.000,9999.000,9999.000,9999.000,9999.000,9999.000,9999.000
202604140124,   1.474,   1.220,9999.000,9999.000,9999.000,9999.000,9999.000,9999.000,9999.000
202604140130,   1.413,   1.151,9999.000,9999.000,9999.000,9999.000,9999.000,9999.000,9999.000
202604140136,   1.352,   1.079,9999.000,9999.000,9999.000,9999.000,9999.000,9999.000,9999.000
202604140142,   1.290,   1.010,9999.000,9999.000,9999.000,9999.000,9999.000,9999.000,9999.000
202604140148,   1.229,   0.961,9999.000,9999.000,9999.000,9999.000,9999.000,9999.000,9999.000
202604140154,   1.167,   0.879,9999.000,9999.000,9999.000,9999.000,9999.000,9999.000,9999.000
202604140200,   1.106,   0.819,   0.000,  -0.287,   0.819,  -0.100,   0.719,   0.000,   0.819
202604140206,   1.046,   0.770,9999.000,9999.000,9999.000,9999.000,9999.000,9999.000,9999.000
202604140212,   0.986,   0.708,9999.000,9999.000,9999.000,9999.000,9999.000,9999.000,9999.000
202604140218,   0.928,   0.649,9999.000,9999.000,9999.000,9999.000,9999.000,9999.000,9999.000
202604140224,   0.871,   0.580,9999.000,9999.000,9999.000,9999.000,9999.000,9999.000,9999.000
202604140230,   0.815,   0.508,9999.000,9999.000,9999.000,9999.000,9999.000,9999.000,9999.000
202604140236,   0.762,   0.469,9999.000,9999.000,9999.000,9999.000,9999.000,9999.000,9999.000
202604140242,   0.709,   0.429,9999.000,9999.000,9999.000,9999.000,9999.000,9999.000,9999.000
202604140248,   0.659,   0.390,9999.000,9999.000,9999.000,9999.000,9999.000,9999.000,9999.000
202604140254,   0.611,   0.341,9999.000,9999.000,9999.000,9999.000,9999.000,9999.000,9999.000
202604140300,   0.565,   0.298,   0.000,  -0.267,   0.298,  -0.100,   0.198,   0.000,   0.298
202604140306,   0.522,   0.268,9999.000,9999.000,9999.000,9999.000,9999.000,9999.000,9999.000
202604140312,   0.481,   0.229,9999.000,9999.000,9999.000,9999.000,9999.000,9999.000,9999.000
202604140318,   0.442,   0.180,9999.000,9999.000,9999.000,9999.000,9999.000,9999.000,9999.000
202604140324,   0.407,   0.131,9999.000,9999.000,9999.000,9999.000,9999.000,9999.000,9999.000
202604140330,   0.373,   0.088,9999.000,9999.000,9999.000,9999.000,9999.000,9999.000,9999.000
202604140336,   0.343,   0.049,9999.000,9999.000,9999.000,9999.000,9999.000,9999.000,9999.000
202604140342,   0.315,   0.019,9999.000,9999.000,9999.000,9999.000,9999.000,9999.000,9999.000
202604140348,   0.290,  -0.019,9999.000,9999.000,9999.000,9999.000,9999.000,9999.000,9999.000
202604140354,   0.268,  -0.059,9999.000,9999.000,9999.000,9999.000,9999.000,9999.000,9999.000
202604140400,   0.249,  -0.078,  -0.100,  -0.227,  -0.078,  -0.200,  -0.178,   0.000,   0.022
202604140406,   0.232,  -0.098,9999.000,9999.000,9999.000,9999.000,9999.000,9999.000,9999.000
202604140412,   0.219,  -0.111,9999.000,9999.000,9999.000,9999.000,9999.000,9999.000,9999.000
202604140418,   0.208,  -0.141,9999.000,9999.000,9999.000,9999.000,9999.000,9999.000,9999.000
202604140424,   0.200,  -0.141,9999.000,9999.000,9999.000,9999.000,9999.000,9999.000,9999.000
202604140430,   0.196,  -0.160,9999.000,9999.000,9999.000,9999.000,9999.000,9999.000,9999.000
202604140436,   0.194,  -0.160,9999.000,9999.000,9999.000,9999.000,9999.000,9999.000,9999.000
202604140442,   0.194,  -0.150,9999.000,9999.000,9999.000,9999.000,9999.000,9999.000,9999.000
202604140448,   0.198,  -0.160,9999.000,9999.000,9999.000,9999.000,9999.000,9999.000,9999.000
202604140454,   0.205,  -0.160,9999.000,9999.000,9999.000,9999.000,9999.000,9999.000,9999.000
202604140500,   0.214,  -0.150,  -0.100,  -0.264,  -0.150,  -0.200,  -0.250,  -0.100,  -0.150
202604140506,   0.226,  -0.141,9999.000,9999.000,9999.000,9999.000,9999.000,9999.000,9999.000
202604140512,   0.241,  -0.131,9999.000,9999.000,9999.000,9999.000,9999.000,9999.000,9999.000
202604140518,   0.259,  -0.121,9999.000,9999.000,9999.000,9999.000,9999.000,9999.000,9999.000
202604140524,   0.280,  -0.088,9999.000,9999.000,9999.000,9999.000,9999.000,9999.000,9999.000
202604140530,   0.303,  -0.078,9999.000,9999.000,9999.000,9999.000,9999.000,9999.000,9999.000
202604140536,   0.329,  -0.049,9999.000,9999.000,9999.000,9999.000,9999.000,9999.000,9999.000
202604140542,   0.357,  -0.009,9999.000,9999.000,9999.000,9999.000,9999.000,9999.000,9999.000
202604140548,   0.388,   0.009,9999.000,9999.000,9999.000,9999.000,9999.000,9999.000,9999.000
202604140554,   0.422,   0.029,9999.000,9999.000,9999.000,9999.000,9999.000,9999.000,9999.000
202604140600,   0.458,   0.049,  -0.200,  -0.209,   0.049,  -0.300,  -0.051,  -0.100,   0.149
202604140606,   0.496,   0.088,9999.000,9999.000,9999.000,9999.000,9999.000,9999.000,9999.000
202604140612,   0.537,   0.141,9999.000,9999.000,9999.000,9999.000,9999.000,9999.000,9999.000
202604140618,   0.580,   0.190,9999.000,9999.000,9999.000,9999.000,9999.000,9999.000,9999.000
202604140624,   0.625,   0.219,9999.000,9999.000,9999.000,9999.000,9999.000,9999.000,9999.000
202604140630,   0.672,   0.249,9999.000,9999.000,9999.000,9999.000,9999.000,9999.000,9999.000
202604140636,   0.721,   0.278,9999.000,9999.000,9999.000,9999.000,9999.000,9999.000,9999.000
202604140642,   0.771,   0.321,9999.000,9999.000,9999.000,9999.000,9999.000,9999.000,9999.000
202604140648,   0.824,   0.360,9999.000,9999.000,9999.000,9999.000,9999.000,9999.000,9999.000
202604140654,   0.877,   0.390,9999.000,9999.000,9999.000,9999.000,9999.000,9999.000,9999.000
202604140700,   0.933,   0.449,  -0.200,  -0.284,   0.449,  -0.300,   0.349,  -0.200,   0.449
202604140706,   0.989,   0.531,9999.000,9999.000,9999.000,9999.000,9999.000,9999.000,9999.000
202604140712,   1.047,   0.600,9999.000,9999.000,9999.000,9999.000,9999.000,9999.000,9999.000
202604140718,   1.106,   0.649,9999.000,9999.000,9999.000,9999.000,9999.000,9999.000,9999.000
202604140724,   1.166,   0.708,9999.000,9999.000,9999.000,9999.000,9999.000,9999.000,9999.000
202604140730,   1.226,   0.751,9999.000,9999.000,9999.000,9999.000,9999.000,9999.000,9999.000
202604140736,   1.287,   0.819,9999.000,9999.000,9999.000,9999.000,9999.000,9999.000,9999.000
202604140742,   1.348,   0.859,9999.000,9999.000,9999.000,9999.000,9999.000,9999.000,9999.000
202604140748,   1.410,   0.928,9999.000,9999.000,9999.000,9999.000,9999.000,9999.000,9999.000
202604140754,   1.472,   0.961,9999.000,9999.000,9999.000,9999.000,9999.000,9999.000,9999.000
202604140800,   1.533,   1.020,  -0.200,  -0.313,   1.020,  -0.300,   0.920,  -0.100,   1.120
202604140806,   1.595,   1.069,9999.000,9999.000,9999.000,9999.000,9999.000,9999.000,9999.000
202604140812,   1.656,   1.118,9999.000,9999.000,9999.000,9999.000,9999.000,9999.000,9999.000
202604140818,   1.716,   1.190,9999.000,9999.000,9999.000,9999.000,9999.000,9999.000,9999.000
202604140824,   1.776,   1.239,9999.000,9999.000,9999.000,9999.000,9999.000,9999.000,9999.000
202604140830,   1.834,   1.318,9999.000,9999.000,9999.000,9999.000,9999.000,9999.000,9999.000
202604140836,   1.892,   1.371,9999.000,9999.000,9999.000,9999.000,9999.000,9999.000,9999.000
202604140842,   1.948,   1.420,9999.000,9999.000,9999.000,9999.000,9999.000,9999.000,9999.000
202604140848,   2.002,   1.489,9999.000,9999.000,9999.000,9999.000,9999.000,9999.000,9999.000
202604140854,   2.055,   1.528,9999.000,9999.000,9999.000,9999.000,9999.000,9999.000,9999.000
202604140900,   2.106,   1.590,  -0.200,  -0.316,   1.590,  -0.300,   1.490,  -0.100,   1.690
202604140906,   2.155,   1.639,9999.000,9999.000,9999.000,9999.000,9999.000,9999.000,9999.000
202604140912,   2.201,   1.689,9999.000,9999.000,9999.000,9999.000,9999.000,9999.000,9999.000
202604140918,   2.246,   1.708,9999.000,9999.000,9999.000,9999.000,9999.000,9999.000,9999.000
202604140924,   2.288,   1.767,9999.000,9999.000,9999.000,9999.000,9999.000,9999.000,9999.000
202604140930,   2.327,   1.820,9999.000,9999.000,9999.000,9999.000,9999.000,9999.000,9999.000
202604140936,   2.364,   1.849,9999.000,9999.000,9999.000,9999.000,9999.000,9999.000,9999.000
202604140942,   2.398,   1.908,9999.000,9999.000,9999.000,9999.000,9999.000,9999.000,9999.000
202604140948,   2.429,   1.948,9999.000,9999.000,9999.000,9999.000,9999.000,9999.000,9999.000
202604140954,   2.457,   1.958,9999.000,9999.000,9999.000,9999.000,9999.000,9999.000,9999.000
202604141000,   2.483,   2.000,  -0.200,  -0.283,   2.000,  -0.300,   1.900,  -0.100,   2.100
202604141006,   2.505,   2.020,9999.000,9999.000,9999.000,9999.000,9999.000,9999.000,9999.000
202604141012,   2.524,   2.049,9999.000,9999.000,9999.000,9999.000,9999.000,9999.000,9999.000
202604141018,   2.541,   2.089,9999.000,9999.000,9999.000,9999.000,9999.000,9999.000,9999.000
202604141024,   2.554,   2.099,9999.000,9999.000,9999.000,9999.000,9999.000,9999.000,9999.000
202604141030,   2.564,   2.099,9999.000,9999.000,9999.000,9999.000,9999.000,9999.000,9999.000
202604141036,   2.572,   2.118,9999.000,9999.000,9999.000,9999.000,9999.000,9999.000,9999.000
202604141042,   2.576,   2.118,9999.000,9999.000,9999.000,9999.000,9999.000,9999.000,9999.000
202604141048,   2.578,   2.138,9999.000,9999.000,9999.000,9999.000,9999.000,9999.000,9999.000
202604141054,   2.577,   2.138,9999.000,9999.000,9999.000,9999.000,9999.000,9999.000,9999.000
202604141100,   2.573,   2.158,  -0.200,  -0.215,   2.158,  -0.300,   2.058,  -0.100,   2.258
202604141106,   2.566,   2.148,9999.000,9999.000,9999.000,9999.000,9999.000,9999.000,9999.000
202604141112,   2.556,   2.148,9999.000,9999.000,9999.000,9999.000,9999.000,9999.000,9999.000
202604141118,   2.544,   2.148,9999.000,9999.000,9999.000,9999.000,9999.000,9999.000,9999.000
202604141124,   2.529,   2.128,9999.000,9999.000,9999.000,9999.000,9999.000,9999.000,9999.000
202604141130,   2.511,   2.138,9999.000,9999.000,9999.000,9999.000,9999.000,9999.000,9999.000
202604141136,   2.491,   2.118,9999.000,9999.000,9999.000,9999.000,9999.000,9999.000,9999.000
202604141142,   2.468,   2.089,9999.000,9999.000,9999.000,9999.000,9999.000,9999.000,9999.000
202604141148,   2.443,   2.049,9999.000,9999.000,9999.000,9999.000,9999.000,9999.000,9999.000
202604141154,   2.415,   2.049,9999.000,9999.000,9999.000,9999.000,9999.000,9999.000,9999.000
202604141200,   2.385,   2.040,  -0.400,   0.055,   2.040,  -0.400,   2.040,  -0.300,   2.140
202604141206,   2.352,   2.030,9999.000,9999.000,9999.000,9999.000,9999.000,9999.000,9999.000
202604141212,   2.316,   2.000,9999.000,9999.000,9999.000,9999.000,9999.000,9999.000,9999.000
202604141218,   2.279,   1.981,9999.000,9999.000,9999.000,9999.000,9999.000,9999.000,9999.000
202604141224,   2.238,   1.948,9999.000,9999.000,9999.000,9999.000,9999.000,9999.000,9999.000
202604141230,   2.196,   1.908,9999.000,9999.000,9999.000,9999.000,9999.000,9999.000,9999.000
202604141236,   2.151,   1.849,9999.000,9999.000,9999.000,9999.000,9999.000,9999.000,9999.000
202604141242,   2.103,   1.781,9999.000,9999.000,9999.000,9999.000,9999.000,9999.000,9999.000
202604141248,   2.054,   1.728,9999.000,9999.000,9999.000,9999.000,9999.000,9999.000,9999.000
202604141254,   2.002,   1.699,9999.000,9999.000,9999.000,9999.000,9999.000,9999.000,9999.000
202604141300,   1.948,   1.659,  -0.300,   0.011,   1.659,  -0.400,   1.559,  -0.300,   1.659
202604141306,   1.892,   1.610,9999.000,9999.000,9999.000,9999.000,9999.000,9999.000,9999.000
202604141312,   1.834,   1.548,9999.000,9999.000,9999.000,9999.000,9999.000,9999.000,9999.000
202604141318,   1.774,   1.479,9999.000,9999.000,9999.000,9999.000,9999.000,9999.000,9999.000
202604141324,   1.713,   1.420,9999.000,9999.000,9999.000,9999.000,9999.000,9999.000,9999.000
202604141330,   1.650,   1.361,9999.000,9999.000,9999.000,9999.000,9999.000,9999.000,9999.000
202604141336,   1.586,   1.279,9999.000,9999.000,9999.000,9999.000,9999.000,9999.000,9999.000
202604141342,   1.521,   1.200,9999.000,9999.000,9999.000,9999.000,9999.000,9999.000,9999.000
202604141348,   1.455,   1.128,9999.000,9999.000,9999.000,9999.000,9999.000,9999.000,9999.000
202604141354,   1.389,   1.079,9999.000,9999.000,9999.000,9999.000,9999.000,9999.000,9999.000
202604141400,   1.321,   1.020,  -0.300,  -0.001,   1.020,  -0.400,   0.920,  -0.300,   1.020
202604141406,   1.254,   0.951,9999.000,9999.000,9999.000,9999.000,9999.000,9999.000,9999.000
202604141412,   1.187,   0.879,9999.000,9999.000,9999.000,9999.000,9999.000,9999.000,9999.000
202604141418,   1.120,   0.800,9999.000,9999.000,9999.000,9999.000,9999.000,9999.000,9999.000
202604141424,   1.054,   0.718,9999.000,9999.000,9999.000,9999.000,9999.000,9999.000,9999.000
202604141430,   0.988,   0.659,9999.000,9999.000,9999.000,9999.000,9999.000,9999.000,9999.000
202604141436,   0.923,   0.610,9999.000,9999.000,9999.000,9999.000,9999.000,9999.000,9999.000
202604141442,   0.860,   0.551,9999.000,9999.000,9999.000,9999.000,9999.000,9999.000,9999.000
202604141448,   0.798,   0.469,9999.000,9999.000,9999.000,9999.000,9999.000,9999.000,9999.000
202604141454,   0.738,   0.409,9999.000,9999.000,9999.000,9999.000,9999.000,9999.000,9999.000
202604141500,   0.680,   0.350,  -0.300,  -0.030,   0.350,  -0.400,   0.250,  -0.300,   0.350
202604141506,   0.623,   0.308,9999.000,9999.000,9999.000,9999.000,9999.000,9999.000,9999.000
202604141512,   0.569,   0.259,9999.000,9999.000,9999.000,9999.000,9999.000,9999.000,9999.000
202604141518,   0.518,   0.209,9999.000,9999.000,9999.000,9999.000,9999.000,9999.000,9999.000
202604141524,   0.469,   0.141,9999.000,9999.000,9999.000,9999.000,9999.000,9999.000,9999.000
202604141530,   0.422,   0.098,9999.000,9999.000,9999.000,9999.000,9999.000,9999.000,9999.000
202604141536,   0.379,   0.068,9999.000,9999.000,9999.000,9999.000,9999.000,9999.000,9999.000
202604141542,   0.338,   0.029,9999.000,9999.000,9999.000,9999.000,9999.000,9999.000,9999.000
202604141548,   0.300,  -0.009,9999.000,9999.000,9999.000,9999.000,9999.000,9999.000,9999.000
202604141554,   0.266,  -0.049,9999.000,9999.000,9999.000,9999.000,9999.000,9999.000,9999.000
202604141600,   0.234,  -0.088,  -0.300,  -0.022,  -0.088,  -0.400,  -0.188,  -0.300,  -0.088
202604141606,   0.205,  -0.121,9999.000,9999.000,9999.000,9999.000,9999.000,9999.000,9999.000
202604141612,   0.180,  -0.150,9999.000,9999.000,9999.000,9999.000,9999.000,9999.000,9999.000
202604141618,   0.158,  -0.180,9999.000,9999.000,9999.000,9999.000,9999.000,9999.000,9999.000
202604141624,   0.139,  -0.200,9999.000,9999.000,9999.000,9999.000,9999.000,9999.000,9999.000
202604141630,   0.123,  -0.219,9999.000,9999.000,9999.000,9999.000,9999.000,9999.000,9999.000
202604141636,   0.110,  -0.219,9999.000,9999.000,9999.000,9999.000,9999.000,9999.000,9999.000
202604141642,   0.101,  -0.229,9999.000,9999.000,9999.000,9999.000,9999.000,9999.000,9999.000
202604141648,   0.095,  -0.249,9999.000,9999.000,9999.000,9999.000,9999.000,9999.000,9999.000
202604141654,   0.092,  -0.259,9999.000,9999.000,9999.000,9999.000,9999.000,9999.000,9999.000
202604141700,   0.092,  -0.268,  -0.300,  -0.060,  -0.268,  -0.400,  -0.368,  -0.300,  -0.268
202604141706,   0.096,  -0.268,9999.000,9999.000,9999.000,9999.000,9999.000,9999.000,9999.000
202604141712,   0.102,  -0.259,9999.000,9999.000,9999.000,9999.000,9999.000,9999.000,9999.000
202604141718,   0.112,  -0.259,9999.000,9999.000,9999.000,9999.000,9999.000,9999.000,9999.000
202604141724,   0.125,  -0.249,9999.000,9999.000,9999.000,9999.000,9999.000,9999.000,9999.000
202604141730,   0.141,  -0.229,9999.000,9999.000,9999.000,9999.000,9999.000,9999.000,9999.000
202604141736,   0.160,  -0.229,9999.000,9999.000,9999.000,9999.000,9999.000,9999.000,9999.000
202604141742,   0.182,  -0.200,9999.000,9999.000,9999.000,9999.000,9999.000,9999.000,9999.000
202604141748,   0.207,  -0.160,9999.000,9999.000,9999.000,9999.000,9999.000,9999.000,9999.000
202604141754,   0.235,  -0.121,9999.000,9999.000,9999.000,9999.000,9999.000,9999.000,9999.000
202604141800,   0.266,  -0.098,  -0.300,  -0.064,  -0.098,  -0.400,  -0.198,  -0.300,  -0.098
202604141806,   0.299,  -0.078,9999.000,9999.000,9999.000,9999.000,9999.000,9999.000,9999.000
202604141812,   0.336,  -0.039,9999.000,9999.000,9999.000,9999.000,9999.000,9999.000,9999.000
202604141818,   0.375,   0.000,9999.000,9999.000,9999.000,9999.000,9999.000,9999.000,9999.000
202604141824,   0.417,   0.049,9999.000,9999.000,9999.000,9999.000,9999.000,9999.000,9999.000
202604141830,   0.461,   0.098,9999.000,9999.000,9999.000,9999.000,9999.000,9999.000,9999.000
202604141836,   0.508,   0.150,9999.000,9999.000,9999.000,9999.000,9999.000,9999.000,9999.000
202604141842,   0.558,   0.209,9999.000,9999.000,9999.000,9999.000,9999.000,9999.000,9999.000
202604141848,   0.609,   0.259,9999.000,9999.000,9999.000,9999.000,9999.000,9999.000,9999.000
202604141854,   0.663,   0.308,9999.000,9999.000,9999.000,9999.000,9999.000,9999.000,9999.000
202604141900,   0.719,   0.380,  -0.300,  -0.039,   0.380,  -0.400,   0.280,  -0.300,   0.380
202604141906,   0.777,   0.449,9999.000,9999.000,9999.000,9999.000,9999.000,9999.000,9999.000
202604141912,   0.836,   0.518,9999.000,9999.000,9999.000,9999.000,9999.000,9999.000,9999.000
202604141918,   0.897,   0.580,9999.000,9999.000,9999.000,9999.000,9999.000,9999.000,9999.000
202604141924,   0.960,   0.639,9999.000,9999.000,9999.000,9999.000,9999.000,9999.000,9999.000
202604141930,   1.024,   0.708,9999.000,9999.000,9999.000,9999.000,9999.000,9999.000,9999.000
202604141936,   1.089,   0.780,9999.000,9999.000,9999.000,9999.000,9999.000,9999.000,9999.000
202604141942,   1.156,   0.829,9999.000,9999.000,9999.000,9999.000,9999.000,9999.000,9999.000
202604141948,   1.223,   0.898,9999.000,9999.000,9999.000,9999.000,9999.000,9999.000,9999.000
202604141954,   1.291,   0.970,9999.000,9999.000,9999.000,9999.000,9999.000,9999.000,9999.000
202604142000,   1.359,   1.039,  -0.300,  -0.020,   1.039,  -0.400,   0.939,  -0.300,   1.039
202604142006,   1.428,   1.098,9999.000,9999.000,9999.000,9999.000,9999.000,9999.000,9999.000
202604142012,   1.497,   1.170,9999.000,9999.000,9999.000,9999.000,9999.000,9999.000,9999.000
202604142018,   1.566,   1.229,9999.000,9999.000,9999.000,9999.000,9999.000,9999.000,9999.000
202604142024,   1.635,   1.318,9999.000,9999.000,9999.000,9999.000,9999.000,9999.000,9999.000
202604142030,   1.703,   1.400,9999.000,9999.000,9999.000,9999.000,9999.000,9999.000,9999.000
202604142036,   1.771,   1.459,9999.000,9999.000,9999.000,9999.000,9999.000,9999.000,9999.000
202604142042,   1.837,   1.518,9999.000,9999.000,9999.000,9999.000,9999.000,9999.000,9999.000
202604142048,   1.903,   1.600,9999.000,9999.000,9999.000,9999.000,9999.000,9999.000,9999.000
202604142054,   1.967,   1.639,9999.000,9999.000,9999.000,9999.000,9999.000,9999.000,9999.000
202604142100,   2.030,   1.699,  -0.300,  -0.031,   1.699,  -0.300,   1.699,  -0.200,   1.799
202604142106,   2.092,   1.758,9999.000,9999.000,9999.000,9999.000,9999.000,9999.000,9999.000
202604142112,   2.151,   1.810,9999.000,9999.000,9999.000,9999.000,9999.000,9999.000,9999.000
202604142118,   2.209,   1.879,9999.000,9999.000,9999.000,9999.000,9999.000,9999.000,9999.000
202604142124,   2.264,   1.928,9999.000,9999.000,9999.000,9999.000,9999.000,9999.000,9999.000
202604142130,   2.317,   1.981,9999.000,9999.000,9999.000,9999.000,9999.000,9999.000,9999.000
202604142136,   2.368,   2.020,9999.000,9999.000,9999.000,9999.000,9999.000,9999.000,9999.000
202604142142,   2.416,   2.069,9999.000,9999.000,9999.000,9999.000,9999.000,9999.000,9999.000
202604142148,   2.461,   2.109,9999.000,9999.000,9999.000,9999.000,9999.000,9999.000,9999.000
202604142154,   2.503,   2.168,9999.000,9999.000,9999.000,9999.000,9999.000,9999.000,9999.000
202604142200,   2.542,   2.191,  -0.300,  -0.051,   2.191,  -0.300,   2.191,  -0.200,   2.291
202604142206,   2.578,   2.230,9999.000,9999.000,9999.000,9999.000,9999.000,9999.000,9999.000
202604142212,   2.611,   2.279,9999.000,9999.000,9999.000,9999.000,9999.000,9999.000,9999.000
202604142218,   2.640,   2.328,9999.000,9999.000,9999.000,9999.000,9999.000,9999.000,9999.000
202604142224,   2.666,   2.358,9999.000,9999.000,9999.000,9999.000,9999.000,9999.000,9999.000
202604142230,   2.690,   2.387,9999.000,9999.000,9999.000,9999.000,9999.000,9999.000,9999.000
202604142236,   2.709,   2.420,9999.000,9999.000,9999.000,9999.000,9999.000,9999.000,9999.000
202604142242,   2.726,   2.450,9999.000,9999.000,9999.000,9999.000,9999.000,9999.000,9999.000
202604142248,   2.739,   2.479,9999.000,9999.000,9999.000,9999.000,9999.000,9999.000,9999.000
202604142254,   2.749,   2.499,9999.000,9999.000,9999.000,9999.000,9999.000,9999.000,9999.000
202604142300,   2.756,   2.489,  -0.300,   0.033,   2.489,  -0.300,   2.489,  -0.200,   2.589
202604142306,   2.760,   2.499,9999.000,9999.000,9999.000,9999.000,9999.000,9999.000,9999.000
202604142312,   2.760,   2.499,9999.000,9999.000,9999.000,9999.000,9999.000,9999.000,9999.000
202604142318,   2.758,   2.509,9999.000,9999.000,9999.000,9999.000,9999.000,9999.000,9999.000
202604142324,   2.752,   2.499,9999.000,9999.000,9999.000,9999.000,9999.000,9999.000,9999.000
202604142330,   2.744,   2.499,9999.000,9999.000,9999.000,9999.000,9999.000,9999.000,9999.000
202604142336,   2.732,   2.479,9999.000,9999.000,9999.000,9999.000,9999.000,9999.000,9999.000
202604142342,   2.718,   2.459,9999.000,9999.000,9999.000,9999.000,9999.000,9999.000,9999.000
202604142348,   2.701,   2.430,9999.000,9999.000,9999.000,9999.000,9999.000,9999.000,9999.000
202604142354,   2.681,   2.400,9999.000,9999.000,9999.000,9999.000,9999.000,9999.000,9999.000
202604150000,   2.659,   2.387,  -0.300,   0.028,   2.387,  -0.400,   2.287,  -0.300,   2.387
202604150006,   2.634,   2.368,9999.000,9999.000,9999.000,9999.000,9999.000,9999.000,9999.000
202604150012,   2.606,   2.348,9999.000,9999.000,9999.000,9999.000,9999.000,9999.000,9999.000
202604150018,   2.576,   2.318,9999.000,9999.000,9999.000,9999.000,9999.000,9999.000,9999.000
202604150024,   2.543,   2.279,9999.000,9999.000,9999.000,9999.000,9999.000,9999.000,9999.000
202604150030,   2.507,   2.250,9999.000,9999.000,9999.000,9999.000,9999.000,9999.000,9999.000
202604150036,   2.469,   2.230,9999.000,9999.000,9999.000,9999.000,9999.000,9999.000,9999.000
202604150042,   2.428,   2.191,9999.000,9999.000,9999.000,9999.000,9999.000,9999.000,9999.000
202604150048,   2.385,   2.138,9999.000,9999.000,9999.000,9999.000,9999.000,9999.000,9999.000
202604150054,   2.339,   2.089,9999.000,9999.000,9999.000,9999.000,9999.000,9999.000,9999.000
202604150100,   2.291,   2.040,  -0.300,   0.049,   2.040,  -0.400,   1.940,  -0.300,   2.040
202604150106,   2.241,   2.000,9999.000,9999.000,9999.000,9999.000,9999.000,9999.000,9999.000
202604150112,   2.188,   1.948,9999.000,9999.000,9999.000,9999.000,9999.000,9999.000,9999.000
202604150118,   2.132,   1.899,9999.000,9999.000,9999.000,9999.000,9999.000,9999.000,9999.000
202604150124,   2.075,   1.869,9999.000,9999.000,9999.000,9999.000,9999.000,9999.000,9999.000
202604150130,   2.015,   1.810,9999.000,9999.000,9999.000,9999.000,9999.000,9999.000,9999.000
202604150136,   1.954,   1.748,9999.000,9999.000,9999.000,9999.000,9999.000,9999.000,9999.000
202604150142,   1.891,   1.679,9999.000,9999.000,9999.000,9999.000,9999.000,9999.000,9999.000
202604150148,   1.825,   1.610,9999.000,9999.000,9999.000,9999.000,9999.000,9999.000,9999.000
202604150154,   1.759,   1.548,9999.000,9999.000,9999.000,9999.000,9999.000,9999.000,9999.000
202604150200,   1.691,   1.489,  -0.300,   0.098,   1.489,  -0.400,   1.389,  -0.300,   1.489
202604150206,   1.621,   1.420,9999.000,9999.000,9999.000,9999.000,9999.000,9999.000,9999.000
202604150212,   1.551,   1.361,9999.000,9999.000,9999.000,9999.000,9999.000,9999.000,9999.000
202604150218,   1.480,   1.289,9999.000,9999.000,9999.000,9999.000,9999.000,9999.000,9999.000
202604150224,   1.409,   1.220,9999.000,9999.000,9999.000,9999.000,9999.000,9999.000,9999.000
202604150230,   1.337,   1.170,9999.000,9999.000,9999.000,9999.000,9999.000,9999.000,9999.000
202604150236,   1.265,   1.098,9999.000,9999.000,9999.000,9999.000,9999.000,9999.000,9999.000
202604150242,   1.194,   1.020,9999.000,9999.000,9999.000,9999.000,9999.000,9999.000,9999.000
202604150248,   1.123,   0.941,9999.000,9999.000,9999.000,9999.000,9999.000,9999.000,9999.000
202604150254,   1.052,   0.859,9999.000,9999.000,9999.000,9999.000,9999.000,9999.000,9999.000
202604150300,   0.983,   0.780,  -0.300,   0.097,   0.780,  -0.400,   0.680,  -0.300,   0.780
202604150306,   0.915,   0.731,9999.000,9999.000,9999.000,9999.000,9999.000,9999.000,9999.000
202604150312,   0.848,   0.688,9999.000,9999.000,9999.000,9999.000,9999.000,9999.000,9999.000
202604150318,   0.783,   0.639,9999.000,9999.000,9999.000,9999.000,9999.000,9999.000,9999.000
202604150324,   0.720,   0.580,9999.000,9999.000,9999.000,9999.000,9999.000,9999.000,9999.000
202604150330,   0.659,   0.518,9999.000,9999.000,9999.000,9999.000,9999.000,9999.000,9999.000
202604150336,   0.600,   0.469,9999.000,9999.000,9999.000,9999.000,9999.000,9999.000,9999.000
202604150342,   0.543,   0.439,9999.000,9999.000,9999.000,9999.000,9999.000,9999.000,9999.000
202604150348,   0.489,   0.390,9999.000,9999.000,9999.000,9999.000,9999.000,9999.000,9999.000
202604150354,   0.437,   0.308,9999.000,9999.000,9999.000,9999.000,9999.000,9999.000,9999.000
202604150400,   0.389,   0.259,  -0.300,   0.170,   0.259,  -0.400,   0.159,  -0.300,   0.259
202604150406,   0.343,   0.219,9999.000,9999.000,9999.000,9999.000,9999.000,9999.000,9999.000
202604150412,   0.300,   0.180,9999.000,9999.000,9999.000,9999.000,9999.000,9999.000,9999.000
202604150418,   0.260,   0.150,9999.000,9999.000,9999.000,9999.000,9999.000,9999.000,9999.000
202604150424,   0.223,   0.131,9999.000,9999.000,9999.000,9999.000,9999.000,9999.000,9999.000
202604150430,   0.189,   0.098,9999.000,9999.000,9999.000,9999.000,9999.000,9999.000,9999.000
202604150436,   0.158,   0.078,9999.000,9999.000,9999.000,9999.000,9999.000,9999.000,9999.000
202604150442,   0.131,   0.059,9999.000,9999.000,9999.000,9999.000,9999.000,9999.000,9999.000
202604150448,   0.106,   0.039,9999.000,9999.000,9999.000,9999.000,9999.000,9999.000,9999.000
202604150454,   0.085,   0.019,9999.000,9999.000,9999.000,9999.000,9999.000,9999.000,9999.000
202604150500,   0.067,   0.019,  -0.400,   0.352,   0.019,  -0.400,   0.019,  -0.300,   0.119
202604150506,   0.052,   0.000,9999.000,9999.000,9999.000,9999.000,9999.000,9999.000,9999.000
202604150512,   0.041,  -0.009,9999.000,9999.000,9999.000,9999.000,9999.000,9999.000,9999.000
202604150518,   0.032,  -0.029,9999.000,9999.000,9999.000,9999.000,9999.000,9999.000,9999.000
202604150524,   0.027,  -0.039,9999.000,9999.000,9999.000,9999.000,9999.000,9999.000,9999.000
202604150530,   0.025,  -0.029,9999.000,9999.000,9999.000,9999.000,9999.000,9999.000,9999.000
202604150536,   0.026,  -0.019,9999.000,9999.000,9999.000,9999.000,9999.000,9999.000,9999.000
202604150542,   0.031,   0.000,9999.000,9999.000,9999.000,9999.000,9999.000,9999.000,9999.000
202604150548,   0.038,   0.009,9999.000,9999.000,9999.000,9999.000,9999.000,9999.000,9999.000
202604150554,   0.049,   0.000,9999.000,9999.000,9999.000,9999.000,9999.000,9999.000,9999.000
202604150600,   0.063,  -0.009,  -0.300,   0.228,  -0.009,  -0.400,  -0.109,  -0.200,   0.091
202604150606,   0.080,   0.009,9999.000,9999.000,9999.000,9999.000,9999.000,9999.000,9999.000
202604150612,   0.100,   0.049,9999.000,9999.000,9999.000,9999.000,9999.000,9999.000,9999.000
202604150618,   0.124,   0.068,9999.000,9999.000,9999.000,9999.000,9999.000,9999.000,9999.000
202604150624,   0.150,   0.078,9999.000,9999.000,9999.000,9999.000,9999.000,9999.000,9999.000
202604150630,   0.180,   0.098,9999.000,9999.000,9999.000,9999.000,9999.000,9999.000,9999.000
202604150636,   0.212,   0.150,9999.000,9999.000,9999.000,9999.000,9999.000,9999.000,9999.000
202604150642,   0.248,   0.180,9999.000,9999.000,9999.000,9999.000,9999.000,9999.000,9999.000
202604150648,   0.286,   0.209,9999.000,9999.000,9999.000,9999.000,9999.000,9999.000,9999.000
202604150654,   0.327,   0.239,9999.000,9999.000,9999.000,9999.000,9999.000,9999.000,9999.000
202604150700,   0.371,   0.268,  -0.200,   0.097,   0.268,  -0.400,   0.068,  -0.100,   0.368
202604150706,   0.418,   0.308,9999.000,9999.000,9999.000,9999.000,9999.000,9999.000,9999.000
202604150712,   0.467,   0.331,9999.000,9999.000,9999.000,9999.000,9999.000,9999.000,9999.000
202604150718,   0.519,   0.370,9999.000,9999.000,9999.000,9999.000,9999.000,9999.000,9999.000
202604150724,   0.573,   0.419,9999.000,9999.000,9999.000,9999.000,9999.000,9999.000,9999.000
202604150730,   0.629,   0.469,9999.000,9999.000,9999.000,9999.000,9999.000,9999.000,9999.000
202604150736,   0.687,   0.531,9999.000,9999.000,9999.000,9999.000,9999.000,9999.000,9999.000
202604150742,   0.748,   0.580,9999.000,9999.000,9999.000,9999.000,9999.000,9999.000,9999.000
202604150748,   0.810,   0.649,9999.000,9999.000,9999.000,9999.000,9999.000,9999.000,9999.000
202604150754,   0.874,   0.751,9999.000,9999.000,9999.000,9999.000,9999.000,9999.000,9999.000
202604150800,   0.939,   0.829,  -0.200,   0.090,   0.829,  -0.300,   0.729,  -0.100,   0.929
202604150806,   1.006,   0.898,9999.000,9999.000,9999.000,9999.000,9999.000,9999.000,9999.000
202604150812,   1.073,   0.951,9999.000,9999.000,9999.000,9999.000,9999.000,9999.000,9999.000
202604150818,   1.142,   0.990,9999.000,9999.000,9999.000,9999.000,9999.000,9999.000,9999.000
202604150824,   1.212,   1.029,9999.000,9999.000,9999.000,9999.000,9999.000,9999.000,9999.000
202604150830,   1.282,   1.118,9999.000,9999.000,9999.000,9999.000,9999.000,9999.000,9999.000
202604150836,   1.352,   1.170,9999.000,9999.000,9999.000,9999.000,9999.000,9999.000,9999.000
202604150842,   1.422,   1.259,9999.000,9999.000,9999.000,9999.000,9999.000,9999.000,9999.000
202604150848,   1.493,   1.348,9999.000,9999.000,9999.000,9999.000,9999.000,9999.000,9999.000
202604150854,   1.563,   1.400,9999.000,9999.000,9999.000,9999.000,9999.000,9999.000,9999.000
202604150900,   1.632,   1.489,  -0.200,   0.057,   1.489,  -0.300,   1.389,  -0.100,   1.589
202604150906,   1.701,   1.557,9999.000,9999.000,9999.000,9999.000,9999.000,9999.000,9999.000
202604150912,   1.769,   1.630,9999.000,9999.000,9999.000,9999.000,9999.000,9999.000,9999.000
202604150918,   1.836,   1.669,9999.000,9999.000,9999.000,9999.000,9999.000,9999.000,9999.000
202604150924,   1.901,   1.758,9999.000,9999.000,9999.000,9999.000,9999.000,9999.000,9999.000
202604150930,   1.965,   1.800,9999.000,9999.000,9999.000,9999.000,9999.000,9999.000,9999.000
202604150936,   2.027,   1.859,9999.000,9999.000,9999.000,9999.000,9999.000,9999.000,9999.000
202604150942,   2.086,   1.938,9999.000,9999.000,9999.000,9999.000,9999.000,9999.000,9999.000
202604150948,   2.144,   1.981,9999.000,9999.000,9999.000,9999.000,9999.000,9999.000,9999.000
202604150954,   2.199,   2.049,9999.000,9999.000,9999.000,9999.000,9999.000,9999.000,9999.000
202604151000,   2.252,   2.109,  -0.200,   0.057,   2.109,  -0.300,   2.009,  -0.100,   2.209
202604151006,   2.302,   2.168,9999.000,9999.000,9999.000,9999.000,9999.000,9999.000,9999.000
202604151012,   2.349,   2.200,9999.000,9999.000,9999.000,9999.000,9999.000,9999.000,9999.000
202604151018,   2.393,   2.250,9999.000,9999.000,9999.000,9999.000,9999.000,9999.000,9999.000
202604151024,   2.434,   2.318,9999.000,9999.000,9999.000,9999.000,9999.000,9999.000,9999.000
202604151030,   2.472,   2.368,9999.000,9999.000,9999.000,9999.000,9999.000,9999.000,9999.000
202604151036,   2.506,   2.400,9999.000,9999.000,9999.000,9999.000,9999.000,9999.000,9999.000
202604151042,   2.537,   2.410,9999.000,9999.000,9999.000,9999.000,9999.000,9999.000,9999.000
202604151048,   2.565,   2.440,9999.000,9999.000,9999.000,9999.000,9999.000,9999.000,9999.000
202604151054,   2.589,   2.469,9999.000,9999.000,9999.000,9999.000,9999.000,9999.000,9999.000
202604151100,   2.610,   2.469,  -0.200,   0.059,   2.469,  -0.300,   2.369,  -0.200,   2.469
202604151106,   2.628,   2.469,9999.000,9999.000,9999.000,9999.000,9999.000,9999.000,9999.000
202604151112,   2.642,   2.489,9999.000,9999.000,9999.000,9999.000,9999.000,9999.000,9999.000
202604151118,   2.652,   2.499,9999.000,9999.000,9999.000,9999.000,9999.000,9999.000,9999.000
202604151124,   2.660,   2.528,9999.000,9999.000,9999.000,9999.000,9999.000,9999.000,9999.000
202604151130,   2.664,   2.528,9999.000,9999.000,9999.000,9999.000,9999.000,9999.000,9999.000
202604151136,   2.665,   2.538,9999.000,9999.000,9999.000,9999.000,9999.000,9999.000,9999.000
202604151142,   2.662,   2.548,9999.000,9999.000,9999.000,9999.000,9999.000,9999.000,9999.000
202604151148,   2.656,   2.568,9999.000,9999.000,9999.000,9999.000,9999.000,9999.000,9999.000
202604151154,   2.648,   2.568,9999.000,9999.000,9999.000,9999.000,9999.000,9999.000,9999.000
202604151200,   2.636,   2.538,   0.000,  -0.098,   2.538,  -0.100,   2.438,   0.000,   2.538
202604151206,   2.621,   2.519,9999.000,9999.000,9999.000,9999.000,9999.000,9999.000,9999.000
202604151212,   2.603,   2.479,9999.000,9999.000,9999.000,9999.000,9999.000,9999.000,9999.000
202604151218,   2.582,   2.469,9999.000,9999.000,9999.000,9999.000,9999.000,9999.000,9999.000
202604151224,   2.559,   2.450,9999.000,9999.000,9999.000,9999.000,9999.000,9999.000,9999.000
202604151230,   2.532,   2.450,9999.000,9999.000,9999.000,9999.000,9999.000,9999.000,9999.000
202604151236,   2.503,   2.430,9999.000,9999.000,9999.000,9999.000,9999.000,9999.000,9999.000
202604151242,   2.471,   2.410,9999.000,9999.000,9999.000,9999.000,9999.000,9999.000,9999.000
202604151248,   2.436,   2.387,9999.000,9999.000,9999.000,9999.000,9999.000,9999.000,9999.000
202604151254,   2.398,   2.368,9999.000,9999.000,9999.000,9999.000,9999.000,9999.000,9999.000
202604151300,   2.357,   2.338,   0.000,  -0.019,   2.338,  -0.100,   2.238,   0.000,   2.338
202604151306,   2.314,   2.299,9999.000,9999.000,9999.000,9999.000,9999.000,9999.000,9999.000
202604151312,   2.269,   2.250,9999.000,9999.000,9999.000,9999.000,9999.000,9999.000,9999.000
202604151318,   2.220,   2.210,9999.000,9999.000,9999.000,9999.000,9999.000,9999.000,9999.000
202604151324,   2.169,   2.158,9999.000,9999.000,9999.000,9999.000,9999.000,9999.000,9999.000
202604151330,   2.115,   2.099,9999.000,9999.000,9999.000,9999.000,9999.000,9999.000,9999.000
202604151336,   2.059,   2.040,9999.000,9999.000,9999.000,9999.000,9999.000,9999.000,9999.000
202604151342,   2.001,   1.981,9999.000,9999.000,9999.000,9999.000,9999.000,9999.000,9999.000
202604151348,   1.940,   1.928,9999.000,9999.000,9999.000,9999.000,9999.000,9999.000,9999.000
202604151354,   1.877,   1.859,9999.000,9999.000,9999.000,9999.000,9999.000,9999.000,9999.000
202604151400,   1.813,   1.790,   0.000,  -0.023,   1.790,  -0.100,   1.690,   0.000,   1.790
202604151406,   1.746,   1.708,9999.000,9999.000,9999.000,9999.000,9999.000,9999.000,9999.000
202604151412,   1.677,   1.639,9999.000,9999.000,9999.000,9999.000,9999.000,9999.000,9999.000
202604151418,   1.607,   1.571,9999.000,9999.000,9999.000,9999.000,9999.000,9999.000,9999.000
202604151424,   1.536,   1.508,9999.000,9999.000,9999.000,9999.000,9999.000,9999.000,9999.000
202604151430,   1.464,   1.420,9999.000,9999.000,9999.000,9999.000,9999.000,9999.000,9999.000
202604151436,   1.391,   1.328,9999.000,9999.000,9999.000,9999.000,9999.000,9999.000,9999.000
202604151442,   1.317,   1.259,9999.000,9999.000,9999.000,9999.000,9999.000,9999.000,9999.000
202604151448,   1.242,   1.200,9999.000,9999.000,9999.000,9999.000,9999.000,9999.000,9999.000
202604151454,   1.168,   1.118,9999.000,9999.000,9999.000,9999.000,9999.000,9999.000,9999.000
202604151500,   1.094,   1.049,   0.000,  -0.045,   1.049,   0.000,   1.049,   0.000,   1.049
202604151506,   1.020,   0.970,9999.000,9999.000,9999.000,9999.000,9999.000,9999.000,9999.000
202604151512,   0.947,   0.898,9999.000,9999.000,9999.000,9999.000,9999.000,9999.000,9999.000
202604151518,   0.875,   0.819,9999.000,9999.000,9999.000,9999.000,9999.000,9999.000,9999.000
202604151524,   0.805,   0.741,9999.000,9999.000,9999.000,9999.000,9999.000,9999.000,9999.000
202604151530,   0.735,   0.669,9999.000,9999.000,9999.000,9999.000,9999.000,9999.000,9999.000
202604151536,   0.668,   0.610,9999.000,9999.000,9999.000,9999.000,9999.000,9999.000,9999.000
202604151542,   0.602,   0.560,9999.000,9999.000,9999.000,9999.000,9999.000,9999.000,9999.000
202604151548,   0.539,   0.478,9999.000,9999.000,9999.000,9999.000,9999.000,9999.000,9999.000
202604151554,   0.478,   0.429,9999.000,9999.000,9999.000,9999.000,9999.000,9999.000,9999.000
202604151600,   0.420,   0.380,   0.000,  -0.040,   0.380,   0.000,   0.380,   0.000,   0.380
202604151606,   0.364,   0.308,9999.000,9999.000,9999.000,9999.000,9999.000,9999.000,9999.000
202604151612,   0.312,   0.278,9999.000,9999.000,9999.000,9999.000,9999.000,9999.000,9999.000
202604151618,   0.262,   0.229,9999.000,9999.000,9999.000,9999.000,9999.000,9999.000,9999.000
202604151624,   0.216,   0.180,9999.000,9999.000,9999.000,9999.000,9999.000,9999.000,9999.000
202604151630,   0.172,   0.150,9999.000,9999.000,9999.000,9999.000,9999.000,9999.000,9999.000
202604151636,   0.133,   0.111,9999.000,9999.000,9999.000,9999.000,9999.000,9999.000,9999.000
202604151642,   0.096,   0.098,9999.000,9999.000,9999.000,9999.000,9999.000,9999.000,9999.000
202604151648,   0.063,   0.078,9999.000,9999.000,9999.000,9999.000,9999.000,9999.000,9999.000
202604151654,   0.034,   0.059,9999.000,9999.000,9999.000,9999.000,9999.000,9999.000,9999.000
202604151700,   0.008,   0.029,   0.000,   0.021,   0.029,   0.000,   0.029,   0.000,   0.029
202604151706,  -0.014,   0.009,9999.000,9999.000,9999.000,9999.000,9999.000,9999.000,9999.000
202604151712,  -0.033,   0.009,9999.000,9999.000,9999.000,9999.000,9999.000,9999.000,9999.000
202604151718,  -0.048,   0.009,9999.000,9999.000,9999.000,9999.000,9999.000,9999.000,9999.000
202604151724,  -0.060,   0.000,9999.000,9999.000,9999.000,9999.000,9999.000,9999.000,9999.000
202604151730,  -0.068,  -0.009,9999.000,9999.000,9999.000,9999.000,9999.000,9999.000,9999.000
202604151736,  -0.072,  -0.009,9999.000,9999.000,9999.000,9999.000,9999.000,9999.000,9999.000
202604151742,  -0.073,   0.000,9999.000,9999.000,9999.000,9999.000,9999.000,9999.000,9999.000
202604151748,  -0.070,   0.009,9999.000,9999.000,9999.000,9999.000,9999.000,9999.000,9999.000
202604151754,  -0.064,9999.000,9999.000,9999.000,9999.000,9999.000,9999.000,9999.000,9999.000
202604151800,  -0.054,9999.000,   0.000,   0.009,  -0.045,   0.000,  -0.045,   0.000,  -0.045
202604151806,  -0.041,9999.000,9999.000,9999.000,9999.000,9999.000,9999.000,9999.000,9999.000
202604151812,  -0.024,9999.000,9999.000,9999.000,9999.000,9999.000,9999.000,9999.000,9999.000
202604151818,  -0.004,9999.000,9999.000,9999.000,9999.000,9999.000,9999.000,9999.000,9999.000
202604151824,   0.019,9999.000,9999.000,9999.000,9999.000,9999.000,9999.000,9999.000,9999.000
202604151830,   0.047,9999.000,9999.000,9999.000,9999.000,9999.000,9999.000,9999.000,9999.000
202604151836,   0.078,9999.000,9999.000,9999.000,9999.000,9999.000,9999.000,9999.000,9999.000
202604151842,   0.112,9999.000,9999.000,9999.000,9999.000,9999.000,9999.000,9999.000,9999.000
202604151848,   0.149,9999.000,9999.000,9999.000,9999.000,9999.000,9999.000,9999.000,9999.000
202604151854,   0.190,9999.000,9999.000,9999.000,9999.000,9999.000,9999.000,9999.000,9999.000
202604151900,   0.234,9999.000,   0.000,  -0.003,   0.231,   0.000,   0.231,   0.000,   0.231
202604151906,   0.282,9999.000,9999.000,9999.000,9999.000,9999.000,9999.000,9999.000,9999.000
202604151912,   0.332,9999.000,9999.000,9999.000,9999.000,9999.000,9999.000,9999.000,9999.000
202604151918,   0.385,9999.000,9999.000,9999.000,9999.000,9999.000,9999.000,9999.000,9999.000
202604151924,   0.441,9999.000,9999.000,9999.000,9999.000,9999.000,9999.000,9999.000,9999.000
202604151930,   0.500,9999.000,9999.000,9999.000,9999.000,9999.000,9999.000,9999.000,9999.000
202604151936,   0.562,9999.000,9999.000,9999.000,9999.000,9999.000,9999.000,9999.000,9999.000
202604151942,   0.626,9999.000,9999.000,9999.000,9999.000,9999.000,9999.000,9999.000,9999.000
202604151948,   0.692,9999.000,9999.000,9999.000,9999.000,9999.000,9999.000,9999.000,9999.000
202604151954,   0.761,9999.000,9999.000,9999.000,9999.000,9999.000,9999.000,9999.000,9999.000
202604152000,   0.832,9999.000,   0.000,  -0.015,   0.817,   0.000,   0.817,   0.000,   0.817
202604152006,   0.904,9999.000,9999.000,9999.000,9999.000,9999.000,9999.000,9999.000,9999.000
202604152012,   0.979,9999.000,9999.000,9999.000,9999.000,9999.000,9999.000,9999.000,9999.000
202604152018,   1.054,9999.000,9999.000,9999.000,9999.000,9999.000,9999.000,9999.000,9999.000
202604152024,   1.131,9999.000,9999.000,9999.000,9999.000,9999.000,9999.000,9999.000,9999.000
202604152030,   1.210,9999.000,9999.000,9999.000,9999.000,9999.000,9999.000,9999.000,9999.000
202604152036,   1.289,9999.000,9999.000,9999.000,9999.000,9999.000,9999.000,9999.000,9999.000
202604152042,   1.368,9999.000,9999.000,9999.000,9999.000,9999.000,9999.000,9999.000,9999.000
202604152048,   1.448,9999.000,9999.000,9999.000,9999.000,9999.000,9999.000,9999.000,9999.000
202604152054,   1.529,9999.000,9999.000,9999.000,9999.000,9999.000,9999.000,9999.000,9999.000
202604152100,   1.609,9999.000,   0.000,  -0.028,   1.581,   0.000,   1.581,   0.100,   1.681
202604152106,   1.689,9999.000,9999.000,9999.000,9999.000,9999.000,9999.000,9999.000,9999.000
202604152112,   1.768,9999.000,9999.000,9999.000,9999.000,9999.000,9999.000,9999.000,9999.000
202604152118,   1.847,9999.000,9999.000,9999.000,9999.000,9999.000,9999.000,9999.000,9999.000
202604152124,   1.925,9999.000,9999.000,9999.000,9999.000,9999.000,9999.000,9999.000,9999.000
202604152130,   2.002,9999.000,9999.000,9999.000,9999.000,9999.000,9999.000,9999.000,9999.000
202604152136,   2.077,9999.000,9999.000,9999.000,9999.000,9999.000,9999.000,9999.000,9999.000
202604152142,   2.150,9999.000,9999.000,9999.000,9999.000,9999.000,9999.000,9999.000,9999.000
202604152148,   2.222,9999.000,9999.000,9999.000,9999.000,9999.000,9999.000,9999.000,9999.000
202604152154,   2.291,9999.000,9999.000,9999.000,9999.000,9999.000,9999.000,9999.000,9999.000
202604152200,   2.358,9999.000,   0.000,  -0.040,   2.318,   0.000,   2.318,   0.100,   2.418
202604152206,   2.423,9999.000,9999.000,9999.000,9999.000,9999.000,9999.000,9999.000,9999.000
202604152212,   2.485,9999.000,9999.000,9999.000,9999.000,9999.000,9999.000,9999.000,9999.000
202604152218,   2.544,9999.000,9999.000,9999.000,9999.000,9999.000,9999.000,9999.000,9999.000
202604152224,   2.600,9999.000,9999.000,9999.000,9999.000,9999.000,9999.000,9999.000,9999.000
202604152230,   2.653,9999.000,9999.000,9999.000,9999.000,9999.000,9999.000,9999.000,9999.000
202604152236,   2.703,9999.000,9999.000,9999.000,9999.000,9999.000,9999.000,9999.000,9999.000
202604152242,   2.749,9999.000,9999.000,9999.000,9999.000,9999.000,9999.000,9999.000,9999.000
202604152248,   2.791,9999.000,9999.000,9999.000,9999.000,9999.000,9999.000,9999.000,9999.000
202604152254,   2.831,9999.000,9999.000,9999.000,9999.000,9999.000,9999.000,9999.000,9999.000
202604152300,   2.866,9999.000,   0.000,  -0.052,   2.814,   0.000,   2.814,   0.100,   2.914
202604152306,   2.898,9999.000,9999.000,9999.000,9999.000,9999.000,9999.000,9999.000,9999.000
202604152312,   2.926,9999.000,9999.000,9999.000,9999.000,9999.000,9999.000,9999.000,9999.000
202604152318,   2.950,9999.000,9999.000,9999.000,9999.000,9999.000,9999.000,9999.000,9999.000
202604152324,   2.970,9999.000,9999.000,9999.000,9999.000,9999.000,9999.000,9999.000,9999.000
202604152330,   2.987,9999.000,9999.000,9999.000,9999.000,9999.000,9999.000,9999.000,9999.000
202604152336,   3.000,9999.000,9999.000,9999.000,9999.000,9999.000,9999.000,9999.000,9999.000
202604152342,   3.009,9999.000,9999.000,9999.000,9999.000,9999.000,9999.000,9999.000,9999.000
202604152348,   3.015,9999.000,9999.000,9999.000,9999.000,9999.000,9999.000,9999.000,9999.000
202604152354,   3.017,9999.000,9999.000,9999.000,9999.000,9999.000,9999.000,9999.000,9999.000
202604160000,   3.016,9999.000,   0.000,  -0.064,   2.952,   0.000,   2.952,   0.100,   3.052
202604160006,   3.011,9999.000,9999.000,9999.000,9999.000,9999.000,9999.000,9999.000,9999.000
202604160012,   3.003,9999.000,9999.000,9999.000,9999.000,9999.000,9999.000,9999.000,9999.000
202604160018,   2.992,9999.000,9999.000,9999.000,9999.000,9999.000,9999.000,9999.000,9999.000
202604160024,   2.977,9999.000,9999.000,9999.000,9999.000,9999.000,9999.000,9999.000,9999.000
202604160030,   2.959,9999.000,9999.000,9999.000,9999.000,9999.000,9999.000,9999.000,9999.000
202604160036,   2.938,9999.000,9999.000,9999.000,9999.000,9999.000,9999.000,9999.000,9999.000
202604160042,   2.914,9999.000,9999.000,9999.000,9999.000,9999.000,9999.000,9999.000,9999.000
202604160048,   2.886,9999.000,9999.000,9999.000,9999.000,9999.000,9999.000,9999.000,9999.000
202604160054,   2.856,9999.000,9999.000,9999.000,9999.000,9999.000,9999.000,9999.000,9999.000
202604160100,   2.823,9999.000,   0.000,  -0.076,   2.747,   0.000,   2.747,   0.100,   2.847
202604160106,   2.787,9999.000,9999.000,9999.000,9999.000,9999.000,9999.000,9999.000,9999.000
202604160112,   2.748,9999.000,9999.000,9999.000,9999.000,9999.000,9999.000,9999.000,9999.000
202604160118,   2.706,9999.000,9999.000,9999.000,9999.000,9999.000,9999.000,9999.000,9999.000
202604160124,   2.661,9999.000,9999.000,9999.000,9999.000,9999.000,9999.000,9999.000,9999.000
202604160130,   2.613,9999.000,9999.000,9999.000,9999.000,9999.000,9999.000,9999.000,9999.000
202604160136,   2.563,9999.000,9999.000,9999.000,9999.000,9999.000,9999.000,9999.000,9999.000
202604160142,   2.510,9999.000,9999.000,9999.000,9999.000,9999.000,9999.000,9999.000,9999.000
202604160148,   2.454,9999.000,9999.000,9999.000,9999.000,9999.000,9999.000,9999.000,9999.000
202604160154,   2.395,9999.000,9999.000,9999.000,9999.000,9999.000,9999.000,9999.000,9999.000
202604160200,   2.334,9999.000,   0.000,  -0.088,   2.246,   0.000,   2.246,   0.000,   2.246
202604160206,   2.271,9999.000,9999.000,9999.000,9999.000,9999.000,9999.000,9999.000,9999.000
202604160212,   2.205,9999.000,9999.000,9999.000,9999.000,9999.000,9999.000,9999.000,9999.000
202604160218,   2.137,9999.000,9999.000,9999.000,9999.000,9999.000,9999.000,9999.000,9999.000
202604160224,   2.067,9999.000,9999.000,9999.000,9999.000,9999.000,9999.000,9999.000,9999.000
202604160230,   1.994,9999.000,9999.000,9999.000,9999.000,9999.000,9999.000,9999.000,9999.000
202604160236,   1.920,9999.000,9999.000,9999.000,9999.000,9999.000,9999.000,9999.000,9999.000
202604160242,   1.845,9999.000,9999.000,9999.000,9999.000,9999.000,9999.000,9999.000,9999.000
202604160248,   1.768,9999.000,9999.000,9999.000,9999.000,9999.000,9999.000,9999.000,9999.000
202604160254,   1.690,9999.000,9999.000,9999.000,9999.000,9999.000,9999.000,9999.000,9999.000
202604160300,   1.610,9999.000,   0.000,  -0.100,   1.510,   0.000,   1.510,   0.000,   1.510
202604160306,   1.530,9999.000,9999.000,9999.000,9999.000,9999.000,9999.000,9999.000,9999.000
202604160312,   1.450,9999.000,9999.000,9999.000,9999.000,9999.000,9999.000,9999.000,9999.000
202604160318,   1.369,9999.000,9999.000,9999.000,9999.000,9999.000,9999.000,9999.000,9999.000
202604160324,   1.289,9999.000,9999.000,9999.000,9999.000,9999.000,9999.000,9999.000,9999.000
202604160330,   1.209,9999.000,9999.000,9999.000,9999.000,9999.000,9999.000,9999.000,9999.000
202604160336,   1.129,9999.000,9999.000,9999.000,9999.000,9999.000,9999.000,9999.000,9999.000
202604160342,   1.050,9999.000,9999.000,9999.000,9999.000,9999.000,9999.000,9999.000,9999.000
202604160348,   0.972,9999.000,9999.000,9999.000,9999.000,9999.000,9999.000,9999.000,9999.000
202604160354,   0.896,9999.000,9999.000,9999.000,9999.000,9999.000,9999.000,9999.000,9999.000
202604160400,   0.821,9999.000,   0.000,  -0.112,   0.709,   0.000,   0.709,   0.000,   0.709
202604160406,   0.748,9999.000,9999.000,9999.000,9999.000,9999.000,9999.000,9999.000,9999.000
202604160412,   0.677,9999.000,9999.000,9999.000,9999.000,9999.000,9999.000,9999.000,9999.000
202604160418,   0.608,9999.000,9999.000,9999.000,9999.000,9999.000,9999.000,9999.000,9999.000
202604160424,   0.541,9999.000,9999.000,9999.000,9999.000,9999.000,9999.000,9999.000,9999.000
202604160430,   0.478,9999.000,9999.000,9999.000,9999.000,9999.000,9999.000,9999.000,9999.000
202604160436,   0.416,9999.000,9999.000,9999.000,9999.000,9999.000,9999.000,9999.000,9999.000
202604160442,   0.358,9999.000,9999.000,9999.000,9999.000,9999.000,9999.000,9999.000,9999.000
202604160448,   0.303,9999.000,9999.000,9999.000,9999.000,9999.000,9999.000,9999.000,9999.000
202604160454,   0.250,9999.000,9999.000,9999.000,9999.000,9999.000,9999.000,9999.000,9999.000
202604160500,   0.201,9999.000,   0.000,  -0.125,   0.076,   0.000,   0.076,   0.000,   0.076
202604160506,   0.155,9999.000,9999.000,9999.000,9999.000,9999.000,9999.000,9999.000,9999.000
202604160512,   0.112,9999.000,9999.000,9999.000,9999.000,9999.000,9999.000,9999.000,9999.000
202604160518,   0.073,9999.000,9999.000,9999.000,9999.000,9999.000,9999.000,9999.000,9999.000
202604160524,   0.036,9999.000,9999.000,9999.000,9999.000,9999.000,9999.000,9999.000,9999.000
202604160530,   0.004,9999.000,9999.000,9999.000,9999.000,9999.000,9999.000,9999.000,9999.000
202604160536,  -0.024,9999.000,9999.000,9999.000,9999.000,9999.000,9999.000,9999.000,9999.000
202604160542,  -0.050,9999.000,9999.000,9999.000,9999.000,9999.000,9999.000,9999.000,9999.000
202604160548,  -0.072,9999.000,9999.000,9999.000,9999.000,9999.000,9999.000,9999.000,9999.000
202604160554,  -0.091,9999.000,9999.000,9999.000,9999.000,9999.000,9999.000,9999.000,9999.000
202604160600,  -0.107,9999.000,   0.000,  -0.125,  -0.232,   0.000,  -0.232,   0.000,  -0.232
202604160606,  -0.118,9999.000,9999.000,9999.000,9999.000,9999.000,9999.000,9999.000,9999.000
202604160612,  -0.126,9999.000,9999.000,9999.000,9999.000,9999.000,9999.000,9999.000,9999.000
202604160618,  -0.131,9999.000,9999.000,9999.000,9999.000,9999.000,9999.000,9999.000,9999.000
202604160624,  -0.132,9999.000,9999.000,9999.000,9999.000,9999.000,9999.000,9999.000,9999.000
202604160630,  -0.129,9999.000,9999.000,9999.000,9999.000,9999.000,9999.000,9999.000,9999.000
202604160636,  -0.123,9999.000,9999.000,9999.000,9999.000,9999.000,9999.000,9999.000,9999.000
202604160642,  -0.113,9999.000,9999.000,9999.000,9999.000,9999.000,9999.000,9999.000,9999.000
202604160648,  -0.100,9999.000,9999.000,9999.000,9999.000,9999.000,9999.000,9999.000,9999.000
202604160654,  -0.082,9999.000,9999.000,9999.000,9999.000,9999.000,9999.000,9999.000,9999.000
202604160700,  -0.062,9999.000,   0.000,  -0.125,  -0.187,   0.000,  -0.187,   0.000,  -0.187
202604160706,  -0.037,9999.000,9999.000,9999.000,9999.000,9999.000,9999.000,9999.000,9999.000
202604160712,  -0.010,9999.000,9999.000,9999.000,9999.000,9999.000,9999.000,9999.000,9999.000
202604160718,   0.021,9999.000,9999.000,9999.000,9999.000,9999.000,9999.000,9999.000,9999.000
202604160724,   0.056,9999.000,9999.000,9999.000,9999.000,9999.000,9999.000,9999.000,9999.000
202604160730,   0.094,9999.000,9999.000,9999.000,9999.000,9999.000,9999.000,9999.000,9999.000
202604160736,   0.136,9999.000,9999.000,9999.000,9999.000,9999.000,9999.000,9999.000,9999.000
202604160742,   0.180,9999.000,9999.000,9999.000,9999.000,9999.000,9999.000,9999.000,9999.000
202604160748,   0.229,9999.000,9999.000,9999.000,9999.000,9999.000,9999.000,9999.000,9999.000
202604160754,   0.280,9999.000,9999.000,9999.000,9999.000,9999.000,9999.000,9999.000,9999.000
202604160800,   0.334,9999.000,   0.000,  -0.125,   0.209,   0.000,   0.209,   0.000,   0.209
202604160806,   0.391,9999.000,9999.000,9999.000,9999.000,9999.000,9999.000,9999.000,9999.000
202604160812,   0.451,9999.000,9999.000,9999.000,9999.000,9999.000,9999.000,9999.000,9999.000
202604160818,   0.513,9999.000,9999.000,9999.000,9999.000,9999.000,9999.000,9999.000,9999.000
202604160824,   0.577,9999.000,9999.000,9999.000,9999.000,9999.000,9999.000,9999.000,9999.000
202604160830,   0.644,9999.000,9999.000,9999.000,9999.000,9999.000,9999.000,9999.000,9999.000
202604160836,   0.713,9999.000,9999.000,9999.000,9999.000,9999.000,9999.000,9999.000,9999.000
202604160842,   0.783,9999.000,9999.000,9999.000,9999.000,9999.000,9999.000,9999.000,9999.000
202604160848,   0.856,9999.000,9999.000,9999.000,9999.000,9999.000,9999.000,9999.000,9999.000
202604160854,   0.929,9999.000,9999.000,9999.000,9999.000,9999.000,9999.000,9999.000,9999.000
202604160900,   1.004,9999.000,   0.000,  -0.125,   0.879,   0.000,   0.879,   0.000,   0.879
202604160906,   1.080,9999.000,9999.000,9999.000,9999.000,9999.000,9999.000,9999.000,9999.000
202604160912,   1.156,9999.000,9999.000,9999.000,9999.000,9999.000,9999.000,9999.000,9999.000
202604160918,   1.233,9999.000,9999.000,9999.000,9999.000,9999.000,9999.000,9999.000,9999.000
202604160924,   1.310,9999.000,9999.000,9999.000,9999.000,9999.000,9999.000,9999.000,9999.000
202604160930,   1.387,9999.000,9999.000,9999.000,9999.000,9999.000,9999.000,9999.000,9999.000
202604160936,   1.464,9999.000,9999.000,9999.000,9999.000,9999.000,9999.000,9999.000,9999.000
202604160942,   1.541,9999.000,9999.000,9999.000,9999.000,9999.000,9999.000,9999.000,9999.000
202604160948,   1.616,9999.000,9999.000,9999.000,9999.000,9999.000,9999.000,9999.000,9999.000
202604160954,   1.691,9999.000,9999.000,9999.000,9999.000,9999.000,9999.000,9999.000,9999.000
202604161000,   1.765,9999.000,   0.000,  -0.125,   1.640,   0.000,   1.640,   0.000,   1.640
202604161006,   1.837,9999.000,9999.000,9999.000,9999.000,9999.000,9999.000,9999.000,9999.000
202604161012,   1.907,9999.000,9999.000,9999.000,9999.000,9999.000,9999.000,9999.000,9999.000
202604161018,   1.976,9999.000,9999.000,9999.000,9999.000,9999.000,9999.000,9999.000,9999.000
202604161024,   2.042,9999.000,9999.000,9999.000,9999.000,9999.000,9999.000,9999.000,9999.000
202604161030,   2.106,9999.000,9999.000,9999.000,9999.000,9999.000,9999.000,9999.000,9999.000
202604161036,   2.168,9999.000,9999.000,9999.000,9999.000,9999.000,9999.000,9999.000,9999.000
202604161042,   2.227,9999.000,9999.000,9999.000,9999.000,9999.000,9999.000,9999.000,9999.000
202604161048,   2.283,9999.000,9999.000,9999.000,9999.000,9999.000,9999.000,9999.000,9999.000
202604161054,   2.336,9999.000,9999.000,9999.000,9999.000,9999.000,9999.000,9999.000,9999.000
202604161100,   2.386,9999.000,   0.000,  -0.125,   2.261,   0.000,   2.261,   0.000,   2.261
202604161106,   2.432,9999.000,9999.000,9999.000,9999.000,9999.000,9999.000,9999.000,9999.000
202604161112,   2.476,9999.000,9999.000,9999.000,9999.000,9999.000,9999.000,9999.000,9999.000
202604161118,   2.516,9999.000,9999.000,9999.000,9999.000,9999.000,9999.000,9999.000,9999.000
202604161124,   2.552,9999.000,9999.000,9999.000,9999.000,9999.000,9999.000,9999.000,9999.000
202604161130,   2.584,9999.000,9999.000,9999.000,9999.000,9999.000,9999.000,9999.000,9999.000
202604161136,   2.613,9999.000,9999.000,9999.000,9999.000,9999.000,9999.000,9999.000,9999.000
202604161142,   2.639,9999.000,9999.000,9999.000,9999.000,9999.000,9999.000,9999.000,9999.000
202604161148,   2.660,9999.000,9999.000,9999.000,9999.000,9999.000,9999.000,9999.000,9999.000
202604161154,   2.678,9999.000,9999.000,9999.000,9999.000,9999.000,9999.000,9999.000,9999.000
202604161200,   2.693,9999.000,   0.000,  -0.125,   2.568,   0.000,   2.568,   0.000,   2.568
202604161206,   2.703,9999.000,9999.000,9999.000,9999.000,9999.000,9999.000,9999.000,9999.000
202604161212,   2.710,9999.000,9999.000,9999.000,9999.000,9999.000,9999.000,9999.000,9999.000
202604161218,   2.713,9999.000,9999.000,9999.000,9999.000,9999.000,9999.000,9999.000,9999.000
202604161224,   2.713,9999.000,9999.000,9999.000,9999.000,9999.000,9999.000,9999.000,9999.000
202604161230,   2.709,9999.000,9999.000,9999.000,9999.000,9999.000,9999.000,9999.000,9999.000
202604161236,   2.702,9999.000,9999.000,9999.000,9999.000,9999.000,9999.000,9999.000,9999.000
202604161242,   2.691,9999.000,9999.000,9999.000,9999.000,9999.000,9999.000,9999.000,9999.000
202604161248,   2.677,9999.000,9999.000,9999.000,9999.000,9999.000,9999.000,9999.000,9999.000
202604161254,   2.660,9999.000,9999.000,9999.000,9999.000,9999.000,9999.000,9999.000,9999.000
202604161300,   2.640,9999.000,   0.000,  -0.125,   2.515,   0.000,   2.515,   0.000,   2.515
202604161306,   2.616,9999.000,9999.000,9999.000,9999.000,9999.000,9999.000,9999.000,9999.000
202604161312,   2.589,9999.000,9999.000,9999.000,9999.000,9999.000,9999.000,9999.000,9999.000
202604161318,   2.559,9999.000,9999.000,9999.000,9999.000,9999.000,9999.000,9999.000,9999.000
202604161324,   2.526,9999.000,9999.000,9999.000,9999.000,9999.000,9999.000,9999.000,9999.000
202604161330,   2.490,9999.000,9999.000,9999.000,9999.000,9999.000,9999.000,9999.000,9999.000
202604161336,   2.451,9999.000,9999.000,9999.000,9999.000,9999.000,9999.000,9999.000,9999.000
202604161342,   2.408,9999.000,9999.000,9999.000,9999.000,9999.000,9999.000,9999.000,9999.000
202604161348,   2.363,9999.000,9999.000,9999.000,9999.000,9999.000,9999.000,9999.000,9999.000
202604161354,   2.315,9999.000,9999.000,9999.000,9999.000,9999.000,9999.000,9999.000,9999.000
202604161400,   2.265,9999.000,   0.000,  -0.125,   2.140,   0.000,   2.140,   0.000,   2.140
202604161406,   2.211,9999.000,9999.000,9999.000,9999.000,9999.000,9999.000,9999.000,9999.000
202604161412,   2.155,9999.000,9999.000,9999.000,9999.000,9999.000,9999.000,9999.000,9999.000
202604161418,   2.096,9999.000,9999.000,9999.000,9999.000,9999.000,9999.000,9999.000,9999.000
202604161424,   2.035,9999.000,9999.000,9999.000,9999.000,9999.000,9999.000,9999.000,9999.000
202604161430,   1.971,9999.000,9999.000,9999.000,9999.000,9999.000,9999.000,9999.000,9999.000
202604161436,   1.905,9999.000,9999.000,9999.000,9999.000,9999.000,9999.000,9999.000,9999.000
202604161442,   1.836,9999.000,9999.000,9999.000,9999.000,9999.000,9999.000,9999.000,9999.000
202604161448,   1.766,9999.000,9999.000,9999.000,9999.000,9999.000,9999.000,9999.000,9999.000
202604161454,   1.694,9999.000,9999.000,9999.000,9999.000,9999.000,9999.000,9999.000,9999.000
202604161500,   1.620,9999.000,   0.000,  -0.125,   1.495,   0.000,   1.495,   0.000,   1.495
202604161506,   1.545,9999.000,9999.000,9999.000,9999.000,9999.000,9999.000,9999.000,9999.000
202604161512,   1.468,9999.000,9999.000,9999.000,9999.000,9999.000,9999.000,9999.000,9999.000
202604161518,   1.390,9999.000,9999.000,9999.000,9999.000,9999.000,9999.000,9999.000,9999.000
202604161524,   1.312,9999.000,9999.000,9999.000,9999.000,9999.000,9999.000,9999.000,9999.000
202604161530,   1.233,9999.000,9999.000,9999.000,9999.000,9999.000,9999.000,9999.000,9999.000
202604161536,   1.154,9999.000,9999.000,9999.000,9999.000,9999.000,9999.000,9999.000,9999.000
202604161542,   1.075,9999.000,9999.000,9999.000,9999.000,9999.000,9999.000,9999.000,9999.000
202604161548,   0.997,9999.000,9999.000,9999.000,9999.000,9999.000,9999.000,9999.000,9999.000
202604161554,   0.919,9999.000,9999.000,9999.000,9999.000,9999.000,9999.000,9999.000,9999.000
202604161600,   0.841,9999.000,   0.000,  -0.125,   0.716,   0.000,   0.716,   0.000,   0.716
202604161606,   0.765,9999.000,9999.000,9999.000,9999.000,9999.000,9999.000,9999.000,9999.000
202604161612,   0.691,9999.000,9999.000,9999.000,9999.000,9999.000,9999.000,9999.000,9999.000
202604161618,   0.618,9999.000,9999.000,9999.000,9999.000,9999.000,9999.000,9999.000,9999.000
202604161624,   0.547,9999.000,9999.000,9999.000,9999.000,9999.000,9999.000,9999.000,9999.000
202604161630,   0.478,9999.000,9999.000,9999.000,9999.000,9999.000,9999.000,9999.000,9999.000
202604161636,   0.412,9999.000,9999.000,9999.000,9999.000,9999.000,9999.000,9999.000,9999.000
202604161642,   0.348,9999.000,9999.000,9999.000,9999.000,9999.000,9999.000,9999.000,9999.000
202604161648,   0.287,9999.000,9999.000,9999.000,9999.000,9999.000,9999.000,9999.000,9999.000
202604161654,   0.229,9999.000,9999.000,9999.000,9999.000,9999.000,9999.000,9999.000,9999.000
202604161700,   0.175,9999.000,   0.000,  -0.125,   0.050,   0.000,   0.050,   0.000,   0.050
202604161706,   0.123,9999.000,9999.000,9999.000,9999.000,9999.000,9999.000,9999.000,9999.000
202604161712,   0.075,9999.000,9999.000,9999.000,9999.000,9999.000,9999.000,9999.000,9999.000
202604161718,   0.030,9999.000,9999.000,9999.000,9999.000,9999.000,9999.000,9999.000,9999.000
202604161724,  -0.010,9999.000,9999.000,9999.000,9999.000,9999.000,9999.000,9999.000,9999.000
202604161730,  -0.047,9999.000,9999.000,9999.000,9999.000,9999.000,9999.000,9999.000,9999.000
202604161736,  -0.081,9999.000,9999.000,9999.000,9999.000,9999.000,9999.000,9999.000,9999.000
202604161742,  -0.110,9999.000,9999.000,9999.000,9999.000,9999.000,9999.000,9999.000,9999.000
202604161748,  -0.136,9999.000,9999.000,9999.000,9999.000,9999.000,9999.000,9999.000,9999.000
202604161754,  -0.158,9999.000,9999.000,9999.000,9999.000,9999.000,9999.000,9999.000,9999.000
202604161800,  -0.177,9999.000,   0.000,  -0.125,  -0.302,   0.000,  -0.302,   0.100,  -0.202
202604161806,  -0.191,9999.000,9999.000,9999.000,9999.000,9999.000,9999.000,9999.000,9999.000
202604161812,  -0.201,9999.000,9999.000,9999.000,9999.000,9999.000,9999.000,9999.000,9999.000
202604161818,  -0.207,9999.000,9999.000,9999.000,9999.000,9999.000,9999.000,9999.000,9999.000
202604161824,  -0.210,9999.000,9999.000,9999.000,9999.000,9999.000,9999.000,9999.000,9999.000
202604161830,  -0.208,9999.000,9999.000,9999.000,9999.000,9999.000,9999.000,9999.000,9999.000
202604161836,  -0.202,9999.000,9999.000,9999.000,9999.000,9999.000,9999.000,9999.000,9999.000
202604161842,  -0.192,9999.000,9999.000,9999.000,9999.000,9999.000,9999.000,9999.000,9999.000
202604161848,  -0.179,9999.000,9999.000,9999.000,9999.000,9999.000,9999.000,9999.000,9999.000
202604161854,  -0.161,9999.000,9999.000,9999.000,9999.000,9999.000,9999.000,9999.000,9999.000
202604161900,  -0.139,9999.000,   0.000,  -0.125,  -0.264,   0.000,  -0.264,   0.100,  -0.164
202604161906,  -0.114,9999.000,9999.000,9999.000,9999.000,9999.000,9999.000,9999.000,9999.000
202604161912,  -0.084,9999.000,9999.000,9999.000,9999.000,9999.000,9999.000,9999.000,9999.000
202604161918,  -0.051,9999.000,9999.000,9999.000,9999.000,9999.000,9999.000,9999.000,9999.000
202604161924,  -0.013,9999.000,9999.000,9999.000,9999.000,9999.000,9999.000,9999.000,9999.000
202604161930,   0.027,9999.000,9999.000,9999.000,9999.000,9999.000,9999.000,9999.000,9999.000
202604161936,   0.072,9999.000,9999.000,9999.000,9999.000,9999.000,9999.000,9999.000,9999.000
202604161942,   0.120,9999.000,9999.000,9999.000,9999.000,9999.000,9999.000,9999.000,9999.000
202604161948,   0.172,9999.000,9999.000,9999.000,9999.000,9999.000,9999.000,9999.000,9999.000
202604161954,   0.228,9999.000,9999.000,9999.000,9999.000,9999.000,9999.000,9999.000,9999.000
202604162000,   0.287,9999.000,   0.100,  -0.125,   0.262,   0.000,   0.162,   0.100,   0.262
202604162006,   0.349,9999.000,9999.000,9999.000,9999.000,9999.000,9999.000,9999.000,9999.000
202604162012,   0.415,9999.000,9999.000,9999.000,9999.000,9999.000,9999.000,9999.000,9999.000
202604162018,   0.483,9999.000,9999.000,9999.000,9999.000,9999.000,9999.000,9999.000,9999.000
202604162024,   0.555,9999.000,9999.000,9999.000,9999.000,9999.000,9999.000,9999.000,9999.000
202604162030,   0.629,9999.000,9999.000,9999.000,9999.000,9999.000,9999.000,9999.000,9999.000
202604162036,   0.705,9999.000,9999.000,9999.000,9999.000,9999.000,9999.000,9999.000,9999.000
202604162042,   0.784,9999.000,9999.000,9999.000,9999.000,9999.000,9999.000,9999.000,9999.000
202604162048,   0.864,9999.000,9999.000,9999.000,9999.000,9999.000,9999.000,9999.000,9999.000
202604162054,   0.947,9999.000,9999.000,9999.000,9999.000,9999.000,9999.000,9999.000,9999.000
202604162100,   1.031,9999.000,   0.100,  -0.125,   1.006,   0.000,   0.906,   0.100,   1.006
202604162106,   1.117,9999.000,9999.000,9999.000,9999.000,9999.000,9999.000,9999.000,9999.000
202604162112,   1.203,9999.000,9999.000,9999.000,9999.000,9999.000,9999.000,9999.000,9999.000
202604162118,   1.291,9999.000,9999.000,9999.000,9999.000,9999.000,9999.000,9999.000,9999.000
202604162124,   1.379,9999.000,9999.000,9999.000,9999.000,9999.000,9999.000,9999.000,9999.000
202604162130,   1.468,9999.000,9999.000,9999.000,9999.000,9999.000,9999.000,9999.000,9999.000
202604162136,   1.557,9999.000,9999.000,9999.000,9999.000,9999.000,9999.000,9999.000,9999.000
202604162142,   1.646,9999.000,9999.000,9999.000,9999.000,9999.000,9999.000,9999.000,9999.000
202604162148,   1.735,9999.000,9999.000,9999.000,9999.000,9999.000,9999.000,9999.000,9999.000
202604162154,   1.823,9999.000,9999.000,9999.000,9999.000,9999.000,9999.000,9999.000,9999.000
202604162200,   1.910,9999.000,   0.100,  -0.125,   1.885,   0.000,   1.785,   0.100,   1.885
202604162206,   1.996,9999.000,9999.000,9999.000,9999.000,9999.000,9999.000,9999.000,9999.000
202604162212,   2.080,9999.000,9999.000,9999.000,9999.000,9999.000,9999.000,9999.000,9999.000
202604162218,   2.164,9999.000,9999.000,9999.000,9999.000,9999.000,9999.000,9999.000,9999.000
202604162224,   2.245,9999.000,9999.000,9999.000,9999.000,9999.000,9999.000,9999.000,9999.000
202604162230,   2.324,9999.000,9999.000,9999.000,9999.000,9999.000,9999.000,9999.000,9999.000
202604162236,   2.401,9999.000,9999.000,9999.000,9999.000,9999.000,9999.000,9999.000,9999.000
202604162242,   2.476,9999.000,9999.000,9999.000,9999.000,9999.000,9999.000,9999.000,9999.000
202604162248,   2.548,9999.000,9999.000,9999.000,9999.000,9999.000,9999.000,9999.000,9999.000
202604162254,   2.617,9999.000,9999.000,9999.000,9999.000,9999.000,9999.000,9999.000,9999.000
202604162300,   2.682,9999.000,   0.100,  -0.125,   2.657,   0.000,   2.557,   0.200,   2.757
202604162306,   2.745,9999.000,9999.000,9999.000,9999.000,9999.000,9999.000,9999.000,9999.000
202604162312,   2.805,9999.000,9999.000,9999.000,9999.000,9999.000,9999.000,9999.000,9999.000
202604162318,   2.860,9999.000,9999.000,9999.000,9999.000,9999.000,9999.000,9999.000,9999.000
202604162324,   2.913,9999.000,9999.000,9999.000,9999.000,9999.000,9999.000,9999.000,9999.000
202604162330,   2.961,9999.000,9999.000,9999.000,9999.000,9999.000,9999.000,9999.000,9999.000
202604162336,   3.006,9999.000,9999.000,9999.000,9999.000,9999.000,9999.000,9999.000,9999.000
202604162342,   3.047,9999.000,9999.000,9999.000,9999.000,9999.000,9999.000,9999.000,9999.000
202604162348,   3.083,9999.000,9999.000,9999.000,9999.000,9999.000,9999.000,9999.000,9999.000
202604162354,   3.116,9999.000,9999.000,9999.000,9999.000,9999.000,9999.000,9999.000,9999.000
202604170000,   3.145,9999.000,   0.100,  -0.125,   3.120,   0.000,   3.020,   0.100,   3.120
202604170006,   3.169,9999.000,9999.000,9999.000,9999.000,9999.000,9999.000,9999.000,9999.000
202604170012,   3.190,9999.000,9999.000,9999.000,9999.000,9999.000,9999.000,9999.000,9999.000
202604170018,   3.206,9999.000,9999.000,9999.000,9999.000,9999.000,9999.000,9999.000,9999.000
202604170024,   3.219,9999.000,9999.000,9999.000,9999.000,9999.000,9999.000,9999.000,9999.000
202604170030,   3.227,9999.000,9999.000,9999.000,9999.000,9999.000,9999.000,9999.000,9999.000
202604170036,   3.232,9999.000,9999.000,9999.000,9999.000,9999.000,9999.000,9999.000,9999.000
202604170042,   3.232,9999.000,9999.000,9999.000,9999.000,9999.000,9999.000,9999.000,9999.000
202604170048,   3.229,9999.000,9999.000,9999.000,9999.000,9999.000,9999.000,9999.000,9999.000
202604170054,   3.222,9999.000,9999.000,9999.000,9999.000,9999.000,9999.000,9999.000,9999.000
202604170100,   3.211,9999.000,   0.100,  -0.125,   3.186,   0.000,   3.086,   0.100,   3.186
202604170106,   3.196,9999.000,9999.000,9999.000,9999.000,9999.000,9999.000,9999.000,9999.000
202604170112,   3.178,9999.000,9999.000,9999.000,9999.000,9999.000,9999.000,9999.000,9999.000
202604170118,   3.157,9999.000,9999.000,9999.000,9999.000,9999.000,9999.000,9999.000,9999.000
202604170124,   3.132,9999.000,9999.000,9999.000,9999.000,9999.000,9999.000,9999.000,9999.000
202604170130,   3.103,9999.000,9999.000,9999.000,9999.000,9999.000,9999.000,9999.000,9999.000
202604170136,   3.072,9999.000,9999.000,9999.000,9999.000,9999.000,9999.000,9999.000,9999.000
202604170142,   3.037,9999.000,9999.000,9999.000,9999.000,9999.000,9999.000,9999.000,9999.000
202604170148,   2.998,9999.000,9999.000,9999.000,9999.000,9999.000,9999.000,9999.000,9999.000
202604170154,   2.957,9999.000,9999.000,9999.000,9999.000,9999.000,9999.000,9999.000,9999.000
202604170200,   2.912,9999.000,   0.000,  -0.125,   2.787,   0.000,   2.787,   0.100,   2.887
202604170206,   2.864,9999.000,9999.000,9999.000,9999.000,9999.000,9999.000,9999.000,9999.000
202604170212,   2.814,9999.000,9999.000,9999.000,9999.000,9999.000,9999.000,9999.000,9999.000
202604170218,   2.760,9999.000,9999.000,9999.000,9999.000,9999.000,9999.000,9999.000,9999.000
202604170224,   2.704,9999.000,9999.000,9999.000,9999.000,9999.000,9999.000,9999.000,9999.000
202604170230,   2.644,9999.000,9999.000,9999.000,9999.000,9999.000,9999.000,9999.000,9999.000
202604170236,   2.582,9999.000,9999.000,9999.000,9999.000,9999.000,9999.000,9999.000,9999.000
202604170242,   2.517,9999.000,9999.000,9999.000,9999.000,9999.000,9999.000,9999.000,9999.000
202604170248,   2.449,9999.000,9999.000,9999.000,9999.000,9999.000,9999.000,9999.000,9999.000
202604170254,   2.379,9999.000,9999.000,9999.000,9999.000,9999.000,9999.000,9999.000,9999.000
202604170300,   2.307,9999.000,   0.000,  -0.125,   2.182,   0.000,   2.182,   0.000,   2.182
202604170306,   2.232,9999.000,9999.000,9999.000,9999.000,9999.000,9999.000,9999.000,9999.000
202604170312,   2.155,9999.000,9999.000,9999.000,9999.000,9999.000,9999.000,9999.000,9999.000
202604170318,   2.076,9999.000,9999.000,9999.000,9999.000,9999.000,9999.000,9999.000,9999.000
202604170324,   1.996,9999.000,9999.000,9999.000,9999.000,9999.000,9999.000,9999.000,9999.000
202604170330,   1.914,9999.000,9999.000,9999.000,9999.000,9999.000,9999.000,9999.000,9999.000
202604170336,   1.830,9999.000,9999.000,9999.000,9999.000,9999.000,9999.000,9999.000,9999.000
202604170342,   1.745,9999.000,9999.000,9999.000,9999.000,9999.000,9999.000,9999.000,9999.000
202604170348,   1.660,9999.000,9999.000,9999.000,9999.000,9999.000,9999.000,9999.000,9999.000
202604170354,   1.573,9999.000,9999.000,9999.000,9999.000,9999.000,9999.000,9999.000,9999.000
202604170400,   1.487,9999.000,   0.000,  -0.125,   1.362,   0.000,   1.362,   0.000,   1.362
202604170406,   1.400,9999.000,9999.000,9999.000,9999.000,9999.000,9999.000,9999.000,9999.000
202604170412,   1.313,9999.000,9999.000,9999.000,9999.000,9999.000,9999.000,9999.000,9999.000
202604170418,   1.226,9999.000,9999.000,9999.000,9999.000,9999.000,9999.000,9999.000,9999.000
202604170424,   1.140,9999.000,9999.000,9999.000,9999.000,9999.000,9999.000,9999.000,9999.000
202604170430,   1.055,9999.000,9999.000,9999.000,9999.000,9999.000,9999.000,9999.000,9999.000
202604170436,   0.971,9999.000,9999.000,9999.000,9999.000,9999.000,9999.000,9999.000,9999.000
202604170442,   0.889,9999.000,9999.000,9999.000,9999.000,9999.000,9999.000,9999.000,9999.000
202604170448,   0.808,9999.000,9999.000,9999.000,9999.000,9999.000,9999.000,9999.000,9999.000
202604170454,   0.729,9999.000,9999.000,9999.000,9999.000,9999.000,9999.000,9999.000,9999.000
202604170500,   0.652,9999.000,   0.000,  -0.125,   0.527,  -0.100,   0.427,   0.000,   0.527
202604170506,   0.577,9999.000,9999.000,9999.000,9999.000,9999.000,9999.000,9999.000,9999.000
202604170512,   0.505,9999.000,9999.000,9999.000,9999.000,9999.000,9999.000,9999.000,9999.000
202604170518,   0.435,9999.000,9999.000,9999.000,9999.000,9999.000,9999.000,9999.000,9999.000
202604170524,   0.368,9999.000,9999.000,9999.000,9999.000,9999.000,9999.000,9999.000,9999.000
202604170530,   0.304,9999.000,9999.000,9999.000,9999.000,9999.000,9999.000,9999.000,9999.000
202604170536,   0.243,9999.000,9999.000,9999.000,9999.000,9999.000,9999.000,9999.000,9999.000
202604170542,   0.185,9999.000,9999.000,9999.000,9999.000,9999.000,9999.000,9999.000,9999.000
202604170548,   0.131,9999.000,9999.000,9999.000,9999.000,9999.000,9999.000,9999.000,9999.000
202604170554,   0.080,9999.000,9999.000,9999.000,9999.000,9999.000,9999.000,9999.000,9999.000
202604170600,   0.032,9999.000,   0.000,  -0.125,  -0.093,  -0.100,  -0.193,   0.000,  -0.093
202604170606,  -0.011,9999.000,9999.000,9999.000,9999.000,9999.000,9999.000,9999.000,9999.000
202604170612,  -0.052,9999.000,9999.000,9999.000,9999.000,9999.000,9999.000,9999.000,9999.000
202604170618,  -0.088,9999.000,9999.000,9999.000,9999.000,9999.000,9999.000,9999.000,9999.000
202604170624,  -0.122,9999.000,9999.000,9999.000,9999.000,9999.000,9999.000,9999.000,9999.000
202604170630,  -0.151,9999.000,9999.000,9999.000,9999.000,9999.000,9999.000,9999.000,9999.000
202604170636,  -0.177,9999.000,9999.000,9999.000,9999.000,9999.000,9999.000,9999.000,9999.000
202604170642,  -0.199,9999.000,9999.000,9999.000,9999.000,9999.000,9999.000,9999.000,9999.000
202604170648,  -0.216,9999.000,9999.000,9999.000,9999.000,9999.000,9999.000,9999.000,9999.000
202604170654,  -0.230,9999.000,9999.000,9999.000,9999.000,9999.000,9999.000,9999.000,9999.000
202604170700,  -0.241,9999.000,   0.000,  -0.125,  -0.366,  -0.100,  -0.466,   0.000,  -0.366
202604170706,  -0.247,9999.000,9999.000,9999.000,9999.000,9999.000,9999.000,9999.000,9999.000
202604170712,  -0.249,9999.000,9999.000,9999.000,9999.000,9999.000,9999.000,9999.000,9999.000
202604170718,  -0.247,9999.000,9999.000,9999.000,9999.000,9999.000,9999.000,9999.000,9999.000
202604170724,  -0.241,9999.000,9999.000,9999.000,9999.000,9999.000,9999.000,9999.000,9999.000
202604170730,  -0.231,9999.000,9999.000,9999.000,9999.000,9999.000,9999.000,9999.000,9999.000
202604170736,  -0.217,9999.000,9999.000,9999.000,9999.000,9999.000,9999.000,9999.000,9999.000
202604170742,  -0.200,9999.000,9999.000,9999.000,9999.000,9999.000,9999.000,9999.000,9999.000
202604170748,  -0.178,9999.000,9999.000,9999.000,9999.000,9999.000,9999.000,9999.000,9999.000
202604170754,  -0.152,9999.000,9999.000,9999.000,9999.000,9999.000,9999.000,9999.000,9999.000
202604170800,  -0.122,9999.000,   0.000,  -0.125,  -0.247,  -0.100,  -0.347,   0.000,  -0.247
202604170806,  -0.089,9999.000,9999.000,9999.000,9999.000,9999.000,9999.000,9999.000,9999.000
202604170812,  -0.051,9999.000,9999.000,9999.000,9999.000,9999.000,9999.000,9999.000,9999.000
202604170818,  -0.010,9999.000,9999.000,9999.000,9999.000,9999.000,9999.000,9999.000,9999.000
202604170824,   0.033,9999.000,9999.000,9999.000,9999.000,9999.000,9999.000,9999.000,9999.000
202604170830,   0.081,9999.000,9999.000,9999.000,9999.000,9999.000,9999.000,9999.000,9999.000
202604170836,   0.133,9999.000,9999.000,9999.000,9999.000,9999.000,9999.000,9999.000,9999.000
202604170842,   0.188,9999.000,9999.000,9999.000,9999.000,9999.000,9999.000,9999.000,9999.000
202604170848,   0.245,9999.000,9999.000,9999.000,9999.000,9999.000,9999.000,9999.000,9999.000
202604170854,   0.306,9999.000,9999.000,9999.000,9999.000,9999.000,9999.000,9999.000,9999.000
202604170900,   0.370,9999.000,   0.000,  -0.125,   0.245,  -0.100,   0.145,   0.000,   0.245
202604170906,   0.436,9999.000,9999.000,9999.000,9999.000,9999.000,9999.000,9999.000,9999.000
202604170912,   0.504,9999.000,9999.000,9999.000,9999.000,9999.000,9999.000,9999.000,9999.000
202604170918,   0.575,9999.000,9999.000,9999.000,9999.000,9999.000,9999.000,9999.000,9999.000
202604170924,   0.648,9999.000,9999.000,9999.000,9999.000,9999.000,9999.000,9999.000,9999.000
202604170930,   0.722,9999.000,9999.000,9999.000,9999.000,9999.000,9999.000,9999.000,9999.000
202604170936,   0.798,9999.000,9999.000,9999.000,9999.000,9999.000,9999.000,9999.000,9999.000
202604170942,   0.876,9999.000,9999.000,9999.000,9999.000,9999.000,9999.000,9999.000,9999.000
202604170948,   0.954,9999.000,9999.000,9999.000,9999.000,9999.000,9999.000,9999.000,9999.000
202604170954,   1.033,9999.000,9999.000,9999.000,9999.000,9999.000,9999.000,9999.000,9999.000
202604171000,   1.113,9999.000,   0.000,  -0.125,   0.988,  -0.100,   0.888,   0.000,   0.988
202604171006,   1.194,9999.000,9999.000,9999.000,9999.000,9999.000,9999.000,9999.000,9999.000
202604171012,   1.274,9999.000,9999.000,9999.000,9999.000,9999.000,9999.000,9999.000,9999.000
202604171018,   1.354,9999.000,9999.000,9999.000,9999.000,9999.000,9999.000,9999.000,9999.000
202604171024,   1.434,9999.000,9999.000,9999.000,9999.000,9999.000,9999.000,9999.000,9999.000
202604171030,   1.513,9999.000,9999.000,9999.000,9999.000,9999.000,9999.000,9999.000,9999.000
202604171036,   1.592,9999.000,9999.000,9999.000,9999.000,9999.000,9999.000,9999.000,9999.000
202604171042,   1.669,9999.000,9999.000,9999.000,9999.000,9999.000,9999.000,9999.000,9999.000
202604171048,   1.745,9999.000,9999.000,9999.000,9999.000,9999.000,9999.000,9999.000,9999.000
202604171054,   1.819,9999.000,9999.000,9999.000,9999.000,9999.000,9999.000,9999.000,9999.000
202604171100,   1.892,9999.000,   0.000,  -0.125,   1.767,  -0.100,   1.667,   0.000,   1.767
202604171106,   1.963,9999.000,9999.000,9999.000,9999.000,9999.000,9999.000,9999.000,9999.000
202604171112,   2.031,9999.000,9999.000,9999.000,9999.000,9999.000,9999.000,9999.000,9999.000
202604171118,   2.097,9999.000,9999.000,9999.000,9999.000,9999.000,9999.000,9999.000,9999.000
202604171124,   2.161,9999.000,9999.000,9999.000,9999.000,9999.000,9999.000,9999.000,9999.000
202604171130,   2.222,9999.000,9999.000,9999.000,9999.000,9999.000,9999.000,9999.000,9999.000
202604171136,   2.279,9999.000,9999.000,9999.000,9999.000,9999.000,9999.000,9999.000,9999.000
202604171142,   2.334,9999.000,9999.000,9999.000,9999.000,9999.000,9999.000,9999.000,9999.000
202604171148,   2.386,9999.000,9999.000,9999.000,9999.000,9999.000,9999.000,9999.000,9999.000
202604171154,   2.434,9999.000,9999.000,9999.000,9999.000,9999.000,9999.000,9999.000,9999.000
202604171200,   2.478,9999.000,   0.000,  -0.125,   2.353,   0.000,   2.353,   0.100,   2.453
202604171206,   2.519,9999.000,9999.000,9999.000,9999.000,9999.000,9999.000,9999.000,9999.000
202604171212,   2.557,9999.000,9999.000,9999.000,9999.000,9999.000,9999.000,9999.000,9999.000
202604171218,   2.590,9999.000,9999.000,9999.000,9999.000,9999.000,9999.000,9999.000,9999.000
202604171224,   2.620,9999.000,9999.000,9999.000,9999.000,9999.000,9999.000,9999.000,9999.000
202604171230,   2.646,9999.000,9999.000,9999.000,9999.000,9999.000,9999.000,9999.000,9999.000
202604171236,   2.668,9999.000,9999.000,9999.000,9999.000,9999.000,9999.000,9999.000,9999.000
202604171242,   2.686,9999.000,9999.000,9999.000,9999.000,9999.000,9999.000,9999.000,9999.000
202604171248,   2.700,9999.000,9999.000,9999.000,9999.000,9999.000,9999.000,9999.000,9999.000
202604171254,   2.711,9999.000,9999.000,9999.000,9999.000,9999.000,9999.000,9999.000,9999.000
202604171300,   2.717,9999.000,   0.000,  -0.125,   2.592,   0.000,   2.592,   0.100,   2.692
202604171306,   2.720,9999.000,9999.000,9999.000,9999.000,9999.000,9999.000,9999.000,9999.000
202604171312,   2.719,9999.000,9999.000,9999.000,9999.000,9999.000,9999.000,9999.000,9999.000
202604171318,   2.714,9999.000,9999.000,9999.000,9999.000,9999.000,9999.000,9999.000,9999.000
202604171324,   2.706,9999.000,9999.000,9999.000,9999.000,9999.000,9999.000,9999.000,9999.000
202604171330,   2.694,9999.000,9999.000,9999.000,9999.000,9999.000,9999.000,9999.000,9999.000
202604171336,   2.678,9999.000,9999.000,9999.000,9999.000,9999.000,9999.000,9999.000,9999.000
202604171342,   2.659,9999.000,9999.000,9999.000,9999.000,9999.000,9999.000,9999.000,9999.000
202604171348,   2.636,9999.000,9999.000,9999.000,9999.000,9999.000,9999.000,9999.000,9999.000
202604171354,   2.610,9999.000,9999.000,9999.000,9999.000,9999.000,9999.000,9999.000,9999.000
202604171400,   2.581,9999.000,   0.000,  -0.125,   2.456,   0.000,   2.456,   0.100,   2.556
202604171406,   2.548,9999.000,9999.000,9999.000,9999.000,9999.000,9999.000,9999.000,9999.000
202604171412,   2.512,9999.000,9999.000,9999.000,9999.000,9999.000,9999.000,9999.000,9999.000
202604171418,   2.473,9999.000,9999.000,9999.000,9999.000,9999.000,9999.000,9999.000,9999.000
202604171424,   2.431,9999.000,9999.000,9999.000,9999.000,9999.000,9999.000,9999.000,9999.000
202604171430,   2.386,9999.000,9999.000,9999.000,9999.000,9999.000,9999.000,9999.000,9999.000
202604171436,   2.338,9999.000,9999.000,9999.000,9999.000,9999.000,9999.000,9999.000,9999.000
202604171442,   2.287,9999.000,9999.000,9999.000,9999.000,9999.000,9999.000,9999.000,9999.000
202604171448,   2.233,9999.000,9999.000,9999.000,9999.000,9999.000,9999.000,9999.000,9999.000
202604171454,   2.176,9999.000,9999.000,9999.000,9999.000,9999.000,9999.000,9999.000,9999.000
202604171500,   2.117,9999.000,   0.000,  -0.125,   1.992,   0.000,   1.992,   0.100,   2.092
202604171506,   2.055,9999.000,9999.000,9999.000,9999.000,9999.000,9999.000,9999.000,9999.000
202604171512,   1.991,9999.000,9999.000,9999.000,9999.000,9999.000,9999.000,9999.000,9999.000
202604171518,   1.924,9999.000,9999.000,9999.000,9999.000,9999.000,9999.000,9999.000,9999.000
202604171524,   1.855,9999.000,9999.000,9999.000,9999.000,9999.000,9999.000,9999.000,9999.000
202604171530,   1.784,9999.000,9999.000,9999.000,9999.000,9999.000,9999.000,9999.000,9999.000
202604171536,   1.711,9999.000,9999.000,9999.000,9999.000,9999.000,9999.000,9999.000,9999.000
202604171542,   1.636,9999.000,9999.000,9999.000,9999.000,9999.000,9999.000,9999.000,9999.000
202604171548,   1.559,9999.000,9999.000,9999.000,9999.000,9999.000,9999.000,9999.000,9999.000
202604171554,   1.482,9999.000,9999.000,9999.000,9999.000,9999.000,9999.000,9999.000,9999.000
202604171600,   1.403,9999.000,   0.000,  -0.125,   1.278,   0.000,   1.278,   0.100,   1.378
202604171606,   1.323,9999.000,9999.000,9999.000,9999.000,9999.000,9999.000,9999.000,9999.000
202604171612,   1.242,9999.000,9999.000,9999.000,9999.000,9999.000,9999.000,9999.000,9999.000
202604171618,   1.161,9999.000,9999.000,9999.000,9999.000,9999.000,9999.000,9999.000,9999.000
202604171624,   1.080,9999.000,9999.000,9999.000,9999.000,9999.000,9999.000,9999.000,9999.000
202604171630,   0.999,9999.000,9999.000,9999.000,9999.000,9999.000,9999.000,9999.000,9999.000
202604171636,   0.918,9999.000,9999.000,9999.000,9999.000,9999.000,9999.000,9999.000,9999.000
202604171642,   0.838,9999.000,9999.000,9999.000,9999.000,9999.000,9999.000,9999.000,9999.000
202604171648,   0.759,9999.000,9999.000,9999.000,9999.000,9999.000,9999.000,9999.000,9999.000
202604171654,   0.681,9999.000,9999.000,9999.000,9999.000,9999.000,9999.000,9999.000,9999.000
202604171700,   0.605,9999.000,   0.100,  -0.125,   0.580,   0.000,   0.480,   0.200,   0.680
202604171706,   0.530,9999.000,9999.000,9999.000,9999.000,9999.000,9999.000,9999.000,9999.000
202604171712,   0.458,9999.000,9999.000,9999.000,9999.000,9999.000,9999.000,9999.000,9999.000
202604171718,   0.387,9999.000,9999.000,9999.000,9999.000,9999.000,9999.000,9999.000,9999.000
202604171724,   0.319,9999.000,9999.000,9999.000,9999.000,9999.000,9999.000,9999.000,9999.000
202604171730,   0.254,9999.000,9999.000,9999.000,9999.000,9999.000,9999.000,9999.000,9999.000
202604171736,   0.192,9999.000,9999.000,9999.000,9999.000,9999.000,9999.000,9999.000,9999.000
202604171742,   0.133,9999.000,9999.000,9999.000,9999.000,9999.000,9999.000,9999.000,9999.000
202604171748,   0.077,9999.000,9999.000,9999.000,9999.000,9999.000,9999.000,9999.000,9999.000
202604171754,   0.024,9999.000,9999.000,9999.000,9999.000,9999.000,9999.000,9999.000,9999.000
202604171800,  -0.023,9999.000,   0.100,  -0.125,  -0.048,   0.000,  -0.148,   0.200,   0.052
202604171806,  -0.069,9999.000,9999.000,9999.000,9999.000,9999.000,9999.000,9999.000,9999.000
202604171812,  -0.110,9999.000,9999.000,9999.000,9999.000,9999.000,9999.000,9999.000,9999.000
202604171818,  -0.148,9999.000,9999.000,9999.000,9999.000,9999.000,9999.000,9999.000,9999.000
202604171824,  -0.181,9999.000,9999.000,9999.000,9999.000,9999.000,9999.000,9999.000,9999.000
202604171830,  -0.210,9999.000,9999.000,9999.000,9999.000,9999.000,9999.000,9999.000,9999.000
202604171836,  -0.236,9999.000,9999.000,9999.000,9999.000,9999.000,9999.000,9999.000,9999.000
202604171842,  -0.257,9999.000,9999.000,9999.000,9999.000,9999.000,9999.000,9999.000,9999.000
202604171848,  -0.273,9999.000,9999.000,9999.000,9999.000,9999.000,9999.000,9999.000,9999.000
202604171854,  -0.286,9999.000,9999.000,9999.000,9999.000,9999.000,9999.000,9999.000,9999.000
202604171900,  -0.294,9999.000,   0.100,  -0.125,  -0.319,   0.100,  -0.319,   0.200,  -0.219
202604171906,  -0.298,9999.000,9999.000,9999.000,9999.000,9999.000,9999.000,9999.000,9999.000
202604171912,  -0.298,9999.000,9999.000,9999.000,9999.000,9999.000,9999.000,9999.000,9999.000
202604171918,  -0.293,9999.000,9999.000,9999.000,9999.000,9999.000,9999.000,9999.000,9999.000
202604171924,  -0.284,9999.000,9999.000,9999.000,9999.000,9999.000,9999.000,9999.000,9999.000
202604171930,  -0.270,9999.000,9999.000,9999.000,9999.000,9999.000,9999.000,9999.000,9999.000
202604171936,  -0.252,9999.000,9999.000,9999.000,9999.000,9999.000,9999.000,9999.000,9999.000
202604171942,  -0.230,9999.000,9999.000,9999.000,9999.000,9999.000,9999.000,9999.000,9999.000
202604171948,  -0.203,9999.000,9999.000,9999.000,9999.000,9999.000,9999.000,9999.000,9999.000
202604171954,  -0.173,9999.000,9999.000,9999.000,9999.000,9999.000,9999.000,9999.000,9999.000
202604172000,  -0.138,9999.000,   0.200,  -0.125,  -0.063,   0.100,  -0.163,   0.300,   0.037
202604172006,  -0.098,9999.000,9999.000,9999.000,9999.000,9999.000,9999.000,9999.000,9999.000
202604172012,  -0.055,9999.000,9999.000,9999.000,9999.000,9999.000,9999.000,9999.000,9999.000
202604172018,  -0.008,9999.000,9999.000,9999.000,9999.000,9999.000,9999.000,9999.000,9999.000
202604172024,   0.042,9999.000,9999.000,9999.000,9999.000,9999.000,9999.000,9999.000,9999.000
202604172030,   0.097,9999.000,9999.000,9999.000,9999.000,9999.000,9999.000,9999.000,9999.000
202604172036,   0.156,9999.000,9999.000,9999.000,9999.000,9999.000,9999.000,9999.000,9999.000
202604172042,   0.218,9999.000,9999.000,9999.000,9999.000,9999.000,9999.000,9999.000,9999.000
202604172048,   0.284,9999.000,9999.000,9999.000,9999.000,9999.000,9999.000,9999.000,9999.000
202604172054,   0.353,9999.000,9999.000,9999.000,9999.000,9999.000,9999.000,9999.000,9999.000
202604172100,   0.425,9999.000,   0.200,  -0.125,   0.500,   0.100,   0.400,   0.300,   0.600
202604172106,   0.500,9999.000,9999.000,9999.000,9999.000,9999.000,9999.000,9999.000,9999.000
202604172112,   0.578,9999.000,9999.000,9999.000,9999.000,9999.000,9999.000,9999.000,9999.000
202604172118,   0.658,9999.000,9999.000,9999.000,9999.000,9999.000,9999.000,9999.000,9999.000
202604172124,   0.741,9999.000,9999.000,9999.000,9999.000,9999.000,9999.000,9999.000,9999.000
202604172130,   0.826,9999.000,9999.000,9999.000,9999.000,9999.000,9999.000,9999.000,9999.000
202604172136,   0.913,9999.000,9999.000,9999.000,9999.000,9999.000,9999.000,9999.000,9999.000
202604172142,   1.001,9999.000,9999.000,9999.000,9999.000,9999.000,9999.000,9999.000,9999.000
202604172148,   1.091,9999.000,9999.000,9999.000,9999.000,9999.000,9999.000,9999.000,9999.000
202604172154,   1.182,9999.000,9999.000,9999.000,9999.000,9999.000,9999.000,9999.000,9999.000
202604172200,   1.275,9999.000,   0.200,  -0.125,   1.350,   0.200,   1.350,   0.300,   1.450
202604172206,   1.367,9999.000,9999.000,9999.000,9999.000,9999.000,9999.000,9999.000,9999.000
202604172212,   1.461,9999.000,9999.000,9999.000,9999.000,9999.000,9999.000,9999.000,9999.000
202604172218,   1.554,9999.000,9999.000,9999.000,9999.000,9999.000,9999.000,9999.000,9999.000
202604172224,   1.647,9999.000,9999.000,9999.000,9999.000,9999.000,9999.000,9999.000,9999.000
202604172230,   1.741,9999.000,9999.000,9999.000,9999.000,9999.000,9999.000,9999.000,9999.000
202604172236,   1.833,9999.000,9999.000,9999.000,9999.000,9999.000,9999.000,9999.000,9999.000
202604172242,   1.925,9999.000,9999.000,9999.000,9999.000,9999.000,9999.000,9999.000,9999.000
202604172248,   2.016,9999.000,9999.000,9999.000,9999.000,9999.000,9999.000,9999.000,9999.000
202604172254,   2.105,9999.000,9999.000,9999.000,9999.000,9999.000,9999.000,9999.000,9999.000
202604172300,   2.193,9999.000,   0.300,  -0.125,   2.368,   0.200,   2.268,   0.400,   2.468
202604172306,   2.280,9999.000,9999.000,9999.000,9999.000,9999.000,9999.000,9999.000,9999.000
202604172312,   2.364,9999.000,9999.000,9999.000,9999.000,9999.000,9999.000,9999.000,9999.000
202604172318,   2.446,9999.000,9999.000,9999.000,9999.000,9999.000,9999.000,9999.000,9999.000
202604172324,   2.526,9999.000,9999.000,9999.000,9999.000,9999.000,9999.000,9999.000,9999.000
202604172330,   2.603,9999.000,9999.000,9999.000,9999.000,9999.000,9999.000,9999.000,9999.000
202604172336,   2.677,9999.000,9999.000,9999.000,9999.000,9999.000,9999.000,9999.000,9999.000
202604172342,   2.748,9999.000,9999.000,9999.000,9999.000,9999.000,9999.000,9999.000,9999.000
202604172348,   2.816,9999.000,9999.000,9999.000,9999.000,9999.000,9999.000,9999.000,9999.000
202604172354,   2.881,9999.000,9999.000,9999.000,9999.000,9999.000,9999.000,9999.000,9999.000
202604180000,   2.942,9999.000,   0.300,  -0.125,   3.117,   0.200,   3.017,   0.400,   3.217
202604180006,   3.000,9999.000,9999.000,9999.000,9999.000,9999.000,9999.000,9999.000,9999.000
202604180012,   3.054,9999.000,9999.000,9999.000,9999.000,9999.000,9999.000,9999.000,9999.000
202604180018,   3.104,9999.000,9999.000,9999.000,9999.000,9999.000,9999.000,9999.000,9999.000
202604180024,   3.150,9999.000,9999.000,9999.000,9999.000,9999.000,9999.000,9999.000,9999.000
202604180030,   3.191,9999.000,9999.000,9999.000,9999.000,9999.000,9999.000,9999.000,9999.000
202604180036,   3.229,9999.000,9999.000,9999.000,9999.000,9999.000,9999.000,9999.000,9999.000
202604180042,   3.262,9999.000,9999.000,9999.000,9999.000,9999.000,9999.000,9999.000,9999.000
202604180048,   3.291,9999.000,9999.000,9999.000,9999.000,9999.000,9999.000,9999.000,9999.000
202604180054,   3.316,9999.000,9999.000,9999.000,9999.000,9999.000,9999.000,9999.000,9999.000
202604180100,   3.337,9999.000,   0.300,  -0.125,   3.512,   0.200,   3.412,   0.400,   3.612
202604180106,   3.353,9999.000,9999.000,9999.000,9999.000,9999.000,9999.000,9999.000,9999.000
202604180112,   3.365,9999.000,9999.000,9999.000,9999.000,9999.000,9999.000,9999.000,9999.000
202604180118,   3.372,9999.000,9999.000,9999.000,9999.000,9999.000,9999.000,9999.000,9999.000
202604180124,   3.376,9999.000,9999.000,9999.000,9999.000,9999.000,9999.000,9999.000,9999.000
202604180130,   3.375,9999.000,9999.000,9999.000,9999.000,9999.000,9999.000,9999.000,9999.000
202604180136,   3.370,9999.000,9999.000,9999.000,9999.000,9999.000,9999.000,9999.000,9999.000
202604180142,   3.361,9999.000,9999.000,9999.000,9999.000,9999.000,9999.000,9999.000,9999.000
202604180148,   3.349,9999.000,9999.000,9999.000,9999.000,9999.000,9999.000,9999.000,9999.000
202604180154,   3.332,9999.000,9999.000,9999.000,9999.000,9999.000,9999.000,9999.000,9999.000
202604180200,   3.312,9999.000,   0.300,  -0.125,   3.487,   0.200,   3.387,   0.400,   3.587
202604180206,   3.287,9999.000,9999.000,9999.000,9999.000,9999.000,9999.000,9999.000,9999.000
202604180212,   3.260,9999.000,9999.000,9999.000,9999.000,9999.000,9999.000,9999.000,9999.000
202604180218,   3.228,9999.000,9999.000,9999.000,9999.000,9999.000,9999.000,9999.000,9999.000
202604180224,   3.193,9999.000,9999.000,9999.000,9999.000,9999.000,9999.000,9999.000,9999.000
202604180230,   3.155,9999.000,9999.000,9999.000,9999.000,9999.000,9999.000,9999.000,9999.000
202604180236,   3.114,9999.000,9999.000,9999.000,9999.000,9999.000,9999.000,9999.000,9999.000
202604180242,   3.069,9999.000,9999.000,9999.000,9999.000,9999.000,9999.000,9999.000,9999.000
202604180248,   3.021,9999.000,9999.000,9999.000,9999.000,9999.000,9999.000,9999.000,9999.000
202604180254,   2.970,9999.000,9999.000,9999.000,9999.000,9999.000,9999.000,9999.000,9999.000
202604180300,   2.915,9999.000,   0.300,  -0.125,   3.090,   0.200,   2.990,   0.400,   3.190
202604180306,   2.858,9999.000,9999.000,9999.000,9999.000,9999.000,9999.000,9999.000,9999.000
202604180312,   2.798,9999.000,9999.000,9999.000,9999.000,9999.000,9999.000,9999.000,9999.000
202604180318,   2.735,9999.000,9999.000,9999.000,9999.000,9999.000,9999.000,9999.000,9999.000
202604180324,   2.670,9999.000,9999.000,9999.000,9999.000,9999.000,9999.000,9999.000,9999.000
202604180330,   2.602,9999.000,9999.000,9999.000,9999.000,9999.000,9999.000,9999.000,9999.000
202604180336,   2.531,9999.000,9999.000,9999.000,9999.000,9999.000,9999.000,9999.000,9999.000
202604180342,   2.457,9999.000,9999.000,9999.000,9999.000,9999.000,9999.000,9999.000,9999.000
202604180348,   2.382,9999.000,9999.000,9999.000,9999.000,9999.000,9999.000,9999.000,9999.000
202604180354,   2.304,9999.000,9999.000,9999.000,9999.000,9999.000,9999.000,9999.000,9999.000
202604180400,   2.224,9999.000,   0.300,  -0.125,   2.399,   0.200,   2.299,   0.400,   2.499
202604180406,   2.142,9999.000,9999.000,9999.000,9999.000,9999.000,9999.000,9999.000,9999.000
202604180412,   2.058,9999.000,9999.000,9999.000,9999.000,9999.000,9999.000,9999.000,9999.000
202604180418,   1.973,9999.000,9999.000,9999.000,9999.000,9999.000,9999.000,9999.000,9999.000
202604180424,   1.887,9999.000,9999.000,9999.000,9999.000,9999.000,9999.000,9999.000,9999.000
202604180430,   1.799,9999.000,9999.000,9999.000,9999.000,9999.000,9999.000,9999.000,9999.000
202604180436,   1.710,9999.000,9999.000,9999.000,9999.000,9999.000,9999.000,9999.000,9999.000
202604180442,   1.620,9999.000,9999.000,9999.000,9999.000,9999.000,9999.000,9999.000,9999.000
202604180448,   1.530,9999.000,9999.000,9999.000,9999.000,9999.000,9999.000,9999.000,9999.000
202604180454,   1.440,9999.000,9999.000,9999.000,9999.000,9999.000,9999.000,9999.000,9999.000
202604180500,   1.350,9999.000,   0.300,  -0.125,   1.525,   0.200,   1.425,   0.400,   1.625
202604180506,   1.260,9999.000,9999.000,9999.000,9999.000,9999.000,9999.000,9999.000,9999.000
202604180512,   1.171,9999.000,9999.000,9999.000,9999.000,9999.000,9999.000,9999.000,9999.000
202604180518,   1.082,9999.000,9999.000,9999.000,9999.000,9999.000,9999.000,9999.000,9999.000
202604180524,   0.995,9999.000,9999.000,9999.000,9999.000,9999.000,9999.000,9999.000,9999.000
202604180530,   0.908,9999.000,9999.000,9999.000,9999.000,9999.000,9999.000,9999.000,9999.000
202604180536,   0.824,9999.000,9999.000,9999.000,9999.000,9999.000,9999.000,9999.000,9999.000
202604180542,   0.741,9999.000,9999.000,9999.000,9999.000,9999.000,9999.000,9999.000,9999.000
202604180548,   0.660,9999.000,9999.000,9999.000,9999.000,9999.000,9999.000,9999.000,9999.000
202604180554,   0.581,9999.000,9999.000,9999.000,9999.000,9999.000,9999.000,9999.000,9999.000
202604180600,   0.505,9999.000,   0.300,  -0.125,   0.680,   0.200,   0.580,   0.400,   0.780
202604180606,   0.432,9999.000,9999.000,9999.000,9999.000,9999.000,9999.000,9999.000,9999.000
202604180612,   0.361,9999.000,9999.000,9999.000,9999.000,9999.000,9999.000,9999.000,9999.000
202604180618,   0.294,9999.000,9999.000,9999.000,9999.000,9999.000,9999.000,9999.000,9999.000
202604180624,   0.229,9999.000,9999.000,9999.000,9999.000,9999.000,9999.000,9999.000,9999.000
202604180630,   0.168,9999.000,9999.000,9999.000,9999.000,9999.000,9999.000,9999.000,9999.000
202604180636,   0.110,9999.000,9999.000,9999.000,9999.000,9999.000,9999.000,9999.000,9999.000
202604180642,   0.056,9999.000,9999.000,9999.000,9999.000,9999.000,9999.000,9999.000,9999.000
202604180648,   0.005,9999.000,9999.000,9999.000,9999.000,9999.000,9999.000,9999.000,9999.000
202604180654,  -0.041,9999.000,9999.000,9999.000,9999.000,9999.000,9999.000,9999.000,9999.000
202604180700,  -0.084,9999.000,   0.300,  -0.125,   0.091,   0.200,  -0.009,   0.400,   0.191
202604180706,  -0.123,9999.000,9999.000,9999.000,9999.000,9999.000,9999.000,9999.000,9999.000
202604180712,  -0.158,9999.000,9999.000,9999.000,9999.000,9999.000,9999.000,9999.000,9999.000
202604180718,  -0.190,9999.000,9999.000,9999.000,9999.000,9999.000,9999.000,9999.000,9999.000
202604180724,  -0.217,9999.000,9999.000,9999.000,9999.000,9999.000,9999.000,9999.000,9999.000
202604180730,  -0.240,9999.000,9999.000,9999.000,9999.000,9999.000,9999.000,9999.000,9999.000
202604180736,  -0.259,9999.000,9999.000,9999.000,9999.000,9999.000,9999.000,9999.000,9999.000
202604180742,  -0.274,9999.000,9999.000,9999.000,9999.000,9999.000,9999.000,9999.000,9999.000
202604180748,  -0.285,9999.000,9999.000,9999.000,9999.000,9999.000,9999.000,9999.000,9999.000
202604180754,  -0.292,9999.000,9999.000,9999.000,9999.000,9999.000,9999.000,9999.000,9999.000
202604180800,  -0.294,9999.000,   0.300,  -0.125,  -0.119,   0.300,  -0.119,   0.400,  -0.019
202604180806,  -0.293,9999.000,9999.000,9999.000,9999.000,9999.000,9999.000,9999.000,9999.000
202604180812,  -0.287,9999.000,9999.000,9999.000,9999.000,9999.000,9999.000,9999.000,9999.000
202604180818,  -0.277,9999.000,9999.000,9999.000,9999.000,9999.000,9999.000,9999.000,9999.000
202604180824,  -0.262,9999.000,9999.000,9999.000,9999.000,9999.000,9999.000,9999.000,9999.000
202604180830,  -0.244,9999.000,9999.000,9999.000,9999.000,9999.000,9999.000,9999.000,9999.000
202604180836,  -0.222,9999.000,9999.000,9999.000,9999.000,9999.000,9999.000,9999.000,9999.000
202604180842,  -0.196,9999.000,9999.000,9999.000,9999.000,9999.000,9999.000,9999.000,9999.000
202604180848,  -0.165,9999.000,9999.000,9999.000,9999.000,9999.000,9999.000,9999.000,9999.000
202604180854,  -0.131,9999.000,9999.000,9999.000,9999.000,9999.000,9999.000,9999.000,9999.000
202604180900,  -0.093,9999.000,   0.400,  -0.125,   0.182,   0.300,   0.082,   0.400,   0.182
202604180906,  -0.052,9999.000,9999.000,9999.000,9999.000,9999.000,9999.000,9999.000,9999.000
202604180912,  -0.006,9999.000,9999.000,9999.000,9999.000,9999.000,9999.000,9999.000,9999.000
202604180918,   0.041,9999.000,9999.000,9999.000,9999.000,9999.000,9999.000,9999.000,9999.000
202604180924,   0.093,9999.000,9999.000,9999.000,9999.000,9999.000,9999.000,9999.000,9999.000
202604180930,   0.148,9999.000,9999.000,9999.000,9999.000,9999.000,9999.000,9999.000,9999.000
202604180936,   0.206,9999.000,9999.000,9999.000,9999.000,9999.000,9999.000,9999.000,9999.000
202604180942,   0.267,9999.000,9999.000,9999.000,9999.000,9999.000,9999.000,9999.000,9999.000
202604180948,   0.331,9999.000,9999.000,9999.000,9999.000,9999.000,9999.000,9999.000,9999.000
202604180954,   0.397,9999.000,9999.000,9999.000,9999.000,9999.000,9999.000,9999.000,9999.000
202604181000,   0.466,9999.000,   0.400,  -0.125,   0.741,   0.300,   0.641,   0.400,   0.741
202604181006,   0.536,9999.000,9999.000,9999.000,9999.000,9999.000,9999.000,9999.000,9999.000
202604181012,   0.609,9999.000,9999.000,9999.000,9999.000,9999.000,9999.000,9999.000,9999.000
202604181018,   0.683,9999.000,9999.000,9999.000,9999.000,9999.000,9999.000,9999.000,9999.000
202604181024,   0.759,9999.000,9999.000,9999.000,9999.000,9999.000,9999.000,9999.000,9999.000
202604181030,   0.836,9999.000,9999.000,9999.000,9999.000,9999.000,9999.000,9999.000,9999.000
202604181036,   0.914,9999.000,9999.000,9999.000,9999.000,9999.000,9999.000,9999.000,9999.000
202604181042,   0.993,9999.000,9999.000,9999.000,9999.000,9999.000,9999.000,9999.000,9999.000
202604181048,   1.072,9999.000,9999.000,9999.000,9999.000,9999.000,9999.000,9999.000,9999.000
202604181054,   1.152,9999.000,9999.000,9999.000,9999.000,9999.000,9999.000,9999.000,9999.000
202604181100,   1.232,9999.000,   0.400,  -0.125,   1.507,   0.300,   1.407,   0.400,   1.507
202604181106,   1.312,9999.000,9999.000,9999.000,9999.000,9999.000,9999.000,9999.000,9999.000
202604181112,   1.392,9999.000,9999.000,9999.000,9999.000,9999.000,9999.000,9999.000,9999.000
202604181118,   1.471,9999.000,9999.000,9999.000,9999.000,9999.000,9999.000,9999.000,9999.000
202604181124,   1.549,9999.000,9999.000,9999.000,9999.000,9999.000,9999.000,9999.000,9999.000
202604181130,   1.626,9999.000,9999.000,9999.000,9999.000,9999.000,9999.000,9999.000,9999.000
202604181136,   1.702,9999.000,9999.000,9999.000,9999.000,9999.000,9999.000,9999.000,9999.000
202604181142,   1.777,9999.000,9999.000,9999.000,9999.000,9999.000,9999.000,9999.000,9999.000
202604181148,   1.849,9999.000,9999.000,9999.000,9999.000,9999.000,9999.000,9999.000,9999.000
202604181154,   1.920,9999.000,9999.000,9999.000,9999.000,9999.000,9999.000,9999.000,9999.000
202604181200,   1.989,9999.000,   0.400,  -0.125,   2.264,   0.300,   2.164,   0.500,   2.364
202604181206,   2.056,9999.000,9999.000,9999.000,9999.000,9999.000,9999.000,9999.000,9999.000
202604181212,   2.120,9999.000,9999.000,9999.000,9999.000,9999.000,9999.000,9999.000,9999.000
202604181218,   2.181,9999.000,9999.000,9999.000,9999.000,9999.000,9999.000,9999.000,9999.000
202604181224,   2.240,9999.000,9999.000,9999.000,9999.000,9999.000,9999.000,9999.000,9999.000
202604181230,   2.295,9999.000,9999.000,9999.000,9999.000,9999.000,9999.000,9999.000,9999.000
202604181236,   2.347,9999.000,9999.000,9999.000,9999.000,9999.000,9999.000,9999.000,9999.000
202604181242,   2.396,9999.000,9999.000,9999.000,9999.000,9999.000,9999.000,9999.000,9999.000
202604181248,   2.441,9999.000,9999.000,9999.000,9999.000,9999.000,9999.000,9999.000,9999.000
202604181254,   2.483,9999.000,9999.000,9999.000,9999.000,9999.000,9999.000,9999.000,9999.000
202604181300,   2.521,9999.000,   0.400,  -0.125,   2.796,   0.300,   2.696,   0.500,   2.896
202604181306,   2.555,9999.000,9999.000,9999.000,9999.000,9999.000,9999.000,9999.000,9999.000
202604181312,   2.585,9999.000,9999.000,9999.000,9999.000,9999.000,9999.000,9999.000,9999.000
202604181318,   2.611,9999.000,9999.000,9999.000,9999.000,9999.000,9999.000,9999.000,9999.000
202604181324,   2.633,9999.000,9999.000,9999.000,9999.000,9999.000,9999.000,9999.000,9999.000
202604181330,   2.652,9999.000,9999.000,9999.000,9999.000,9999.000,9999.000,9999.000,9999.000
202604181336,   2.666,9999.000,9999.000,9999.000,9999.000,9999.000,9999.000,9999.000,9999.000
202604181342,   2.677,9999.000,9999.000,9999.000,9999.000,9999.000,9999.000,9999.000,9999.000
202604181348,   2.683,9999.000,9999.000,9999.000,9999.000,9999.000,9999.000,9999.000,9999.000
202604181354,   2.685,9999.000,9999.000,9999.000,9999.000,9999.000,9999.000,9999.000,9999.000
202604181400,   2.684,9999.000,   0.400,  -0.125,   2.959,   0.300,   2.859,   0.500,   3.059
202604181406,   2.679,9999.000,9999.000,9999.000,9999.000,9999.000,9999.000,9999.000,9999.000
202604181412,   2.670,9999.000,9999.000,9999.000,9999.000,9999.000,9999.000,9999.000,9999.000
202604181418,   2.657,9999.000,9999.000,9999.000,9999.000,9999.000,9999.000,9999.000,9999.000
202604181424,   2.641,9999.000,9999.000,9999.000,9999.000,9999.000,9999.000,9999.000,9999.000
202604181430,   2.621,9999.000,9999.000,9999.000,9999.000,9999.000,9999.000,9999.000,9999.000
202604181436,   2.598,9999.000,9999.000,9999.000,9999.000,9999.000,9999.000,9999.000,9999.000
202604181442,   2.571,9999.000,9999.000,9999.000,9999.000,9999.000,9999.000,9999.000,9999.000
202604181448,   2.541,9999.000,9999.000,9999.000,9999.000,9999.000,9999.000,9999.000,9999.000
202604181454,   2.507,9999.000,9999.000,9999.000,9999.000,9999.000,9999.000,9999.000,9999.000
202604181500,   2.471,9999.000,   0.400,  -0.125,   2.746,   0.300,   2.646,   0.500,   2.846
202604181506,   2.431,9999.000,9999.000,9999.000,9999.000,9999.000,9999.000,9999.000,9999.000
202604181512,   2.388,9999.000,9999.000,9999.000,9999.000,9999.000,9999.000,9999.000,9999.000
202604181518,   2.343,9999.000,9999.000,9999.000,9999.000,9999.000,9999.000,9999.000,9999.000
202604181524,   2.294,9999.000,9999.000,9999.000,9999.000,9999.000,9999.000,9999.000,9999.000
202604181530,   2.243,9999.000,9999.000,9999.000,9999.000,9999.000,9999.000,9999.000,9999.000
202604181536,   2.188,9999.000,9999.000,9999.000,9999.000,9999.000,9999.000,9999.000,9999.000
202604181542,   2.132,9999.000,9999.000,9999.000,9999.000,9999.000,9999.000,9999.000,9999.000
202604181548,   2.072,9999.000,9999.000,9999.000,9999.000,9999.000,9999.000,9999.000,9999.000
202604181554,   2.010,9999.000,9999.000,9999.000,9999.000,9999.000,9999.000,9999.000,9999.000
202604181600,   1.946,9999.000,   0.400,  -0.125,   2.221,   0.300,   2.121,   0.500,   2.321
202604181606,   1.879,9999.000,9999.000,9999.000,9999.000,9999.000,9999.000,9999.000,9999.000
202604181612,   1.810,9999.000,9999.000,9999.000,9999.000,9999.000,9999.000,9999.000,9999.000
202604181618,   1.739,9999.000,9999.000,9999.000,9999.000,9999.000,9999.000,9999.000,9999.000
202604181624,   1.666,9999.000,9999.000,9999.000,9999.000,9999.000,9999.000,9999.000,9999.000
202604181630,   1.592,9999.000,9999.000,9999.000,9999.000,9999.000,9999.000,9999.000,9999.000
202604181636,   1.516,9999.000,9999.000,9999.000,9999.000,9999.000,9999.000,9999.000,9999.000
202604181642,   1.438,9999.000,9999.000,9999.000,9999.000,9999.000,9999.000,9999.000,9999.000
202604181648,   1.359,9999.000,9999.000,9999.000,9999.000,9999.000,9999.000,9999.000,9999.000
202604181654,   1.280,9999.000,9999.000,9999.000,9999.000,9999.000,9999.000,9999.000,9999.000
202604181700,   1.199,9999.000,   0.400,  -0.125,   1.474,   0.300,   1.374,   0.500,   1.574
202604181706,   1.118,9999.000,9999.000,9999.000,9999.000,9999.000,9999.000,9999.000,9999.000
202604181712,   1.037,9999.000,9999.000,9999.000,9999.000,9999.000,9999.000,9999.000,9999.000
202604181718,   0.956,9999.000,9999.000,9999.000,9999.000,9999.000,9999.000,9999.000,9999.000
202604181724,   0.876,9999.000,9999.000,9999.000,9999.000,9999.000,9999.000,9999.000,9999.000
202604181730,   0.796,9999.000,9999.000,9999.000,9999.000,9999.000,9999.000,9999.000,9999.000
202604181736,   0.717,9999.000,9999.000,9999.000,9999.000,9999.000,9999.000,9999.000,9999.000
202604181742,   0.639,9999.000,9999.000,9999.000,9999.000,9999.000,9999.000,9999.000,9999.000
202604181748,   0.562,9999.000,9999.000,9999.000,9999.000,9999.000,9999.000,9999.000,9999.000
202604181754,   0.487,9999.000,9999.000,9999.000,9999.000,9999.000,9999.000,9999.000,9999.000
202604181800,   0.414,9999.000,   0.400,  -0.125,   0.689,   0.300,   0.589,   0.500,   0.789
202604181806,   0.344,9999.000,9999.000,9999.000,9999.000,9999.000,9999.000,9999.000,9999.000
202604181812,   0.276,9999.000,9999.000,9999.000,9999.000,9999.000,9999.000,9999.000,9999.000
202604181818,   0.211,9999.000,9999.000,9999.000,9999.000,9999.000,9999.000,9999.000,9999.000
202604181824,   0.148,9999.000,9999.000,9999.000,9999.000,9999.000,9999.000,9999.000,9999.000
202604181830,   0.089,9999.000,9999.000,9999.000,9999.000,9999.000,9999.000,9999.000,9999.000
202604181836,   0.033,9999.000,9999.000,9999.000,9999.000,9999.000,9999.000,9999.000,9999.000
202604181842,  -0.018,9999.000,9999.000,9999.000,9999.000,9999.000,9999.000,9999.000,9999.000
202604181848,  -0.066,9999.000,9999.000,9999.000,9999.000,9999.000,9999.000,9999.000,9999.000
202604181854,  -0.111,9999.000,9999.000,9999.000,9999.000,9999.000,9999.000,9999.000,9999.000
202604181900,  -0.151,9999.000,   0.400,  -0.125,   0.124,   0.400,   0.124,   0.500,   0.224
202604181906,  -0.188,9999.000,9999.000,9999.000,9999.000,9999.000,9999.000,9999.000,9999.000
202604181912,  -0.220,9999.000,9999.000,9999.000,9999.000,9999.000,9999.000,9999.000,9999.000
202604181918,  -0.248,9999.000,9999.000,9999.000,9999.000,9999.000,9999.000,9999.000,9999.000
202604181924,  -0.272,9999.000,9999.000,9999.000,9999.000,9999.000,9999.000,9999.000,9999.000
202604181930,  -0.291,9999.000,9999.000,9999.000,9999.000,9999.000,9999.000,9999.000,9999.000
202604181936,  -0.306,9999.000,9999.000,9999.000,9999.000,9999.000,9999.000,9999.000,9999.000
202604181942,  -0.316,9999.000,9999.000,9999.000,9999.000,9999.000,9999.000,9999.000,9999.000
202604181948,  -0.322,9999.000,9999.000,9999.000,9999.000,9999.000,9999.000,9999.000,9999.000
202604181954,  -0.324,9999.000,9999.000,9999.000,9999.000,9999.000,9999.000,9999.000,9999.000
202604182000,  -0.321,9999.000,   0.500,  -0.125,   0.054,   0.400,  -0.046,   0.500,   0.054
202604182006,  -0.313,9999.000,9999.000,9999.000,9999.000,9999.000,9999.000,9999.000,9999.000
202604182012,  -0.301,9999.000,9999.000,9999.000,9999.000,9999.000,9999.000,9999.000,9999.000
202604182018,  -0.284,9999.000,9999.000,9999.000,9999.000,9999.000,9999.000,9999.000,9999.000
202604182024,  -0.263,9999.000,9999.000,9999.000,9999.000,9999.000,9999.000,9999.000,9999.000
202604182030,  -0.238,9999.000,9999.000,9999.000,9999.000,9999.000,9999.000,9999.000,9999.000
202604182036,  -0.209,9999.000,9999.000,9999.000,9999.000,9999.000,9999.000,9999.000,9999.000
202604182042,  -0.175,9999.000,9999.000,9999.000,9999.000,9999.000,9999.000,9999.000,9999.000
202604182048,  -0.137,9999.000,9999.000,9999.000,9999.000,9999.000,9999.000,9999.000,9999.000
202604182054,  -0.094,9999.000,9999.000,9999.000,9999.000,9999.000,9999.000,9999.000,9999.000
202604182100,  -0.048,9999.000,   0.500,  -0.125,   0.327,   0.400,   0.227,   0.600,   0.427
202604182106,   0.001,9999.000,9999.000,9999.000,9999.000,9999.000,9999.000,9999.000,9999.000
202604182112,   0.055,9999.000,9999.000,9999.000,9999.000,9999.000,9999.000,9999.000,9999.000
202604182118,   0.112,9999.000,9999.000,9999.000,9999.000,9999.000,9999.000,9999.000,9999.000
202604182124,   0.173,9999.000,9999.000,9999.000,9999.000,9999.000,9999.000,9999.000,9999.000
202604182130,   0.238,9999.000,9999.000,9999.000,9999.000,9999.000,9999.000,9999.000,9999.000
202604182136,   0.306,9999.000,9999.000,9999.000,9999.000,9999.000,9999.000,9999.000,9999.000
202604182142,   0.377,9999.000,9999.000,9999.000,9999.000,9999.000,9999.000,9999.000,9999.000
202604182148,   0.451,9999.000,9999.000,9999.000,9999.000,9999.000,9999.000,9999.000,9999.000
202604182154,   0.527,9999.000,9999.000,9999.000,9999.000,9999.000,9999.000,9999.000,9999.000
202604182200,   0.607,9999.000,   0.500,  -0.125,   0.982,   0.400,   0.882,   0.600,   1.082
202604182206,   0.688,9999.000,9999.000,9999.000,9999.000,9999.000,9999.000,9999.000,9999.000
202604182212,   0.772,9999.000,9999.000,9999.000,9999.000,9999.000,9999.000,9999.000,9999.000
202604182218,   0.858,9999.000,9999.000,9999.000,9999.000,9999.000,9999.000,9999.000,9999.000
202604182224,   0.945,9999.000,9999.000,9999.000,9999.000,9999.000,9999.000,9999.000,9999.000
202604182230,   1.035,9999.000,9999.000,9999.000,9999.000,9999.000,9999.000,9999.000,9999.000
202604182236,   1.125,9999.000,9999.000,9999.000,9999.000,9999.000,9999.000,9999.000,9999.000
202604182242,   1.217,9999.000,9999.000,9999.000,9999.000,9999.000,9999.000,9999.000,9999.000
202604182248,   1.309,9999.000,9999.000,9999.000,9999.000,9999.000,9999.000,9999.000,9999.000
202604182254,   1.402,9999.000,9999.000,9999.000,9999.000,9999.000,9999.000,9999.000,9999.000
202604182300,   1.496,9999.000,   0.600,  -0.125,   1.971,   0.500,   1.871,   0.700,   2.071
202604182306,   1.590,9999.000,9999.000,9999.000,9999.000,9999.000,9999.000,9999.000,9999.000
202604182312,   1.683,9999.000,9999.000,9999.000,9999.000,9999.000,9999.000,9999.000,9999.000
202604182318,   1.777,9999.000,9999.000,9999.000,9999.000,9999.000,9999.000,9999.000,9999.000
202604182324,   1.870,9999.000,9999.000,9999.000,9999.000,9999.000,9999.000,9999.000,9999.000
202604182330,   1.962,9999.000,9999.000,9999.000,9999.000,9999.000,9999.000,9999.000,9999.000
202604182336,   2.053,9999.000,9999.000,9999.000,9999.000,9999.000,9999.000,9999.000,9999.000
202604182342,   2.143,9999.000,9999.000,9999.000,9999.000,9999.000,9999.000,9999.000,9999.000
202604182348,   2.231,9999.000,9999.000,9999.000,9999.000,9999.000,9999.000,9999.000,9999.000
202604182354,   2.318,9999.000,9999.000,9999.000,9999.000,9999.000,9999.000,9999.000,9999.000
202604190000,   2.403,9999.000,   0.600,  -0.125,   2.878,   0.500,   2.778,   0.700,   2.978
202604190006,   2.486,9999.000,9999.000,9999.000,9999.000,9999.000,9999.000,9999.000,9999.000
202604190012,   2.566,9999.000,9999.000,9999.000,9999.000,9999.000,9999.000,9999.000,9999.000
202604190018,   2.644,9999.000,9999.000,9999.000,9999.000,9999.000,9999.000,9999.000,9999.000
202604190024,   2.719,9999.000,9999.000,9999.000,9999.000,9999.000,9999.000,9999.000,9999.000
202604190030,   2.791,9999.000,9999.000,9999.000,9999.000,9999.000,9999.000,9999.000,9999.000
202604190036,   2.860,9999.000,9999.000,9999.000,9999.000,9999.000,9999.000,9999.000,9999.000
202604190042,   2.926,9999.000,9999.000,9999.000,9999.000,9999.000,9999.000,9999.000,9999.000
202604190048,   2.988,9999.000,9999.000,9999.000,9999.000,9999.000,9999.000,9999.000,9999.000
202604190054,   3.046,9999.000,9999.000,9999.000,9999.000,9999.000,9999.000,9999.000,9999.000
202604190100,   3.101,9999.000,   0.600,  -0.125,   3.576,   0.400,   3.376,   0.700,   3.676
202604190106,   3.152,9999.000,9999.000,9999.000,9999.000,9999.000,9999.000,9999.000,9999.000
202604190112,   3.198,9999.000,9999.000,9999.000,9999.000,9999.000,9999.000,9999.000,9999.000
202604190118,   3.241,9999.000,9999.000,9999.000,9999.000,9999.000,9999.000,9999.000,9999.000
202604190124,   3.279,9999.000,9999.000,9999.000,9999.000,9999.000,9999.000,9999.000,9999.000
202604190130,   3.313,9999.000,9999.000,9999.000,9999.000,9999.000,9999.000,9999.000,9999.000
202604190136,   3.342,9999.000,9999.000,9999.000,9999.000,9999.000,9999.000,9999.000,9999.000
202604190142,   3.367,9999.000,9999.000,9999.000,9999.000,9999.000,9999.000,9999.000,9999.000
202604190148,   3.388,9999.000,9999.000,9999.000,9999.000,9999.000,9999.000,9999.000,9999.000
202604190154,   3.404,9999.000,9999.000,9999.000,9999.000,9999.000,9999.000,9999.000,9999.000
202604190200,   3.416,9999.000,   0.600,  -0.125,   3.891,   0.400,   3.691,   0.700,   3.991
202604190206,   3.424,9999.000,9999.000,9999.000,9999.000,9999.000,9999.000,9999.000,9999.000
202604190212,   3.427,9999.000,9999.000,9999.000,9999.000,9999.000,9999.000,9999.000,9999.000
202604190218,   3.426,9999.000,9999.000,9999.000,9999.000,9999.000,9999.000,9999.000,9999.000
202604190224,   3.421,9999.000,9999.000,9999.000,9999.000,9999.000,9999.000,9999.000,9999.000
202604190230,   3.412,9999.000,9999.000,9999.000,9999.000,9999.000,9999.000,9999.000,9999.000
202604190236,   3.399,9999.000,9999.000,9999.000,9999.000,9999.000,9999.000,9999.000,9999.000
202604190242,   3.382,9999.000,9999.000,9999.000,9999.000,9999.000,9999.000,9999.000,9999.000
202604190248,   3.361,9999.000,9999.000,9999.000,9999.000,9999.000,9999.000,9999.000,9999.000
202604190254,   3.337,9999.000,9999.000,9999.000,9999.000,9999.000,9999.000,9999.000,9999.000
202604190300,   3.308,9999.000,   0.500,  -0.125,   3.683,   0.400,   3.583,   0.700,   3.883
202604190306,   3.277,9999.000,9999.000,9999.000,9999.000,9999.000,9999.000,9999.000,9999.000
202604190312,   3.242,9999.000,9999.000,9999.000,9999.000,9999.000,9999.000,9999.000,9999.000
202604190318,   3.203,9999.000,9999.000,9999.000,9999.000,9999.000,9999.000,9999.000,9999.000
202604190324,   3.162,9999.000,9999.000,9999.000,9999.000,9999.000,9999.000,9999.000,9999.000
202604190330,   3.117,9999.000,9999.000,9999.000,9999.000,9999.000,9999.000,9999.000,9999.000
202604190336,   3.069,9999.000,9999.000,9999.000,9999.000,9999.000,9999.000,9999.000,9999.000
202604190342,   3.018,9999.000,9999.000,9999.000,9999.000,9999.000,9999.000,9999.000,9999.000
202604190348,   2.964,9999.000,9999.000,9999.000,9999.000,9999.000,9999.000,9999.000,9999.000
202604190354,   2.907,9999.000,9999.000,9999.000,9999.000,9999.000,9999.000,9999.000,9999.000
202604190400,   2.848,9999.000,   0.500,  -0.125,   3.223,   0.400,   3.123,   0.700,   3.423
202604190406,   2.785,9999.000,9999.000,9999.000,9999.000,9999.000,9999.000,9999.000,9999.000
202604190412,   2.720,9999.000,9999.000,9999.000,9999.000,9999.000,9999.000,9999.000,9999.000
202604190418,   2.653,9999.000,9999.000,9999.000,9999.000,9999.000,9999.000,9999.000,9999.000
202604190424,   2.583,9999.000,9999.000,9999.000,9999.000,9999.000,9999.000,9999.000,9999.000
202604190430,   2.510,9999.000,9999.000,9999.000,9999.000,9999.000,9999.000,9999.000,9999.000
202604190436,   2.435,9999.000,9999.000,9999.000,9999.000,9999.000,9999.000,9999.000,9999.000
202604190442,   2.358,9999.000,9999.000,9999.000,9999.000,9999.000,9999.000,9999.000,9999.000
202604190448,   2.278,9999.000,9999.000,9999.000,9999.000,9999.000,9999.000,9999.000,9999.000
202604190454,   2.197,9999.000,9999.000,9999.000,9999.000,9999.000,9999.000,9999.000,9999.000
202604190500,   2.114,9999.000,   0.500,  -0.125,   2.489,   0.300,   2.289,   0.600,   2.589
202604190506,   2.029,9999.000,9999.000,9999.000,9999.000,9999.000,9999.000,9999.000,9999.000
202604190512,   1.943,9999.000,9999.000,9999.000,9999.000,9999.000,9999.000,9999.000,9999.000
202604190518,   1.856,9999.000,9999.000,9999.000,9999.000,9999.000,9999.000,9999.000,9999.000
202604190524,   1.767,9999.000,9999.000,9999.000,9999.000,9999.000,9999.000,9999.000,9999.000
202604190530,   1.678,9999.000,9999.000,9999.000,9999.000,9999.000,9999.000,9999.000,9999.000
202604190536,   1.588,9999.000,9999.000,9999.000,9999.000,9999.000,9999.000,9999.000,9999.000
202604190542,   1.497,9999.000,9999.000,9999.000,9999.000,9999.000,9999.000,9999.000,9999.000
202604190548,   1.407,9999.000,9999.000,9999.000,9999.000,9999.000,9999.000,9999.000,9999.000
202604190554,   1.317,9999.000,9999.000,9999.000,9999.000,9999.000,9999.000,9999.000,9999.000
202604190600,   1.227,9999.000,   0.500,  -0.125,   1.602,   0.300,   1.402,   0.600,   1.702
202604190606,   1.138,9999.000,9999.000,9999.000,9999.000,9999.000,9999.000,9999.000,9999.000
202604190612,   1.050,9999.000,9999.000,9999.000,9999.000,9999.000,9999.000,9999.000,9999.000
202604190618,   0.963,9999.000,9999.000,9999.000,9999.000,9999.000,9999.000,9999.000,9999.000
202604190624,   0.878,9999.000,9999.000,9999.000,9999.000,9999.000,9999.000,9999.000,9999.000
202604190630,   0.794,9999.000,9999.000,9999.000,9999.000,9999.000,9999.000,9999.000,9999.000
202604190636,   0.712,9999.000,9999.000,9999.000,9999.000,9999.000,9999.000,9999.000,9999.000
202604190642,   0.633,9999.000,9999.000,9999.000,9999.000,9999.000,9999.000,9999.000,9999.000
202604190648,   0.556,9999.000,9999.000,9999.000,9999.000,9999.000,9999.000,9999.000,9999.000
202604190654,   0.482,9999.000,9999.000,9999.000,9999.000,9999.000,9999.000,9999.000,9999.000
202604190700,   0.411,9999.000,   0.500,  -0.125,   0.786,   0.300,   0.586,   0.600,   0.886
202604190706,   0.342,9999.000,9999.000,9999.000,9999.000,9999.000,9999.000,9999.000,9999.000
202604190712,   0.277,9999.000,9999.000,9999.000,9999.000,9999.000,9999.000,9999.000,9999.000
202604190718,   0.215,9999.000,9999.000,9999.000,9999.000,9999.000,9999.000,9999.000,9999.000
202604190724,   0.157,9999.000,9999.000,9999.000,9999.000,9999.000,9999.000,9999.000,9999.000
202604190730,   0.102,9999.000,9999.000,9999.000,9999.000,9999.000,9999.000,9999.000,9999.000
202604190736,   0.051,9999.000,9999.000,9999.000,9999.000,9999.000,9999.000,9999.000,9999.000
202604190742,   0.004,9999.000,9999.000,9999.000,9999.000,9999.000,9999.000,9999.000,9999.000
202604190748,  -0.039,9999.000,9999.000,9999.000,9999.000,9999.000,9999.000,9999.000,9999.000
202604190754,  -0.078,9999.000,9999.000,9999.000,9999.000,9999.000,9999.000,9999.000,9999.000
202604190800,  -0.114,9999.000,   0.500,  -0.125,   0.261,   0.300,   0.061,   0.600,   0.361
202604190806,  -0.145,9999.000,9999.000,9999.000,9999.000,9999.000,9999.000,9999.000,9999.000
202604190812,  -0.173,9999.000,9999.000,9999.000,9999.000,9999.000,9999.000,9999.000,9999.000
202604190818,  -0.197,9999.000,9999.000,9999.000,9999.000,9999.000,9999.000,9999.000,9999.000
202604190824,  -0.216,9999.000,9999.000,9999.000,9999.000,9999.000,9999.000,9999.000,9999.000
202604190830,  -0.231,9999.000,9999.000,9999.000,9999.000,9999.000,9999.000,9999.000,9999.000
202604190836,  -0.243,9999.000,9999.000,9999.000,9999.000,9999.000,9999.000,9999.000,9999.000
202604190842,  -0.250,9999.000,9999.000,9999.000,9999.000,9999.000,9999.000,9999.000,9999.000
202604190848,  -0.253,9999.000,9999.000,9999.000,9999.000,9999.000,9999.000,9999.000,9999.000
202604190854,  -0.253,9999.000,9999.000,9999.000,9999.000,9999.000,9999.000,9999.000,9999.000
202604190900,  -0.248,9999.000,   0.500,  -0.125,   0.127,   0.300,  -0.073,   0.600,   0.227
202604190906,  -0.239,9999.000,9999.000,9999.000,9999.000,9999.000,9999.000,9999.000,9999.000
202604190912,  -0.227,9999.000,9999.000,9999.000,9999.000,9999.000,9999.000,9999.000,9999.000
202604190918,  -0.210,9999.000,9999.000,9999.000,9999.000,9999.000,9999.000,9999.000,9999.000
202604190924,  -0.190,9999.000,9999.000,9999.000,9999.000,9999.000,9999.000,9999.000,9999.000
202604190930,  -0.166,9999.000,9999.000,9999.000,9999.000,9999.000,9999.000,9999.000,9999.000
202604190936,  -0.138,9999.000,9999.000,9999.000,9999.000,9999.000,9999.000,9999.000,9999.000
202604190942,  -0.106,9999.000,9999.000,9999.000,9999.000,9999.000,9999.000,9999.000,9999.000
202604190948,  -0.071,9999.000,9999.000,9999.000,9999.000,9999.000,9999.000,9999.000,9999.000
202604190954,  -0.033,9999.000,9999.000,9999.000,9999.000,9999.000,9999.000,9999.000,9999.000
202604191000,   0.008,9999.000,   0.500,  -0.125,   0.383,   0.400,   0.283,   0.600,   0.483
202604191006,   0.053,9999.000,9999.000,9999.000,9999.000,9999.000,9999.000,9999.000,9999.000
202604191012,   0.102,9999.000,9999.000,9999.000,9999.000,9999.000,9999.000,9999.000,9999.000
202604191018,   0.153,9999.000,9999.000,9999.000,9999.000,9999.000,9999.000,9999.000,9999.000
202604191024,   0.207,9999.000,9999.000,9999.000,9999.000,9999.000,9999.000,9999.000,9999.000
202604191030,   0.265,9999.000,9999.000,9999.000,9999.000,9999.000,9999.000,9999.000,9999.000
202604191036,   0.324,9999.000,9999.000,9999.000,9999.000,9999.000,9999.000,9999.000,9999.000
202604191042,   0.386,9999.000,9999.000,9999.000,9999.000,9999.000,9999.000,9999.000,9999.000
202604191048,   0.451,9999.000,9999.000,9999.000,9999.000,9999.000,9999.000,9999.000,9999.000
202604191054,   0.517,9999.000,9999.000,9999.000,9999.000,9999.000,9999.000,9999.000,9999.000
202604191100,   0.586,9999.000,   0.500,  -0.125,   0.961,   0.300,   0.761,   0.700,   1.161
202604191106,   0.656,9999.000,9999.000,9999.000,9999.000,9999.000,9999.000,9999.000,9999.000
202604191112,   0.728,9999.000,9999.000,9999.000,9999.000,9999.000,9999.000,9999.000,9999.000
202604191118,   0.801,9999.000,9999.000,9999.000,9999.000,9999.000,9999.000,9999.000,9999.000
202604191124,   0.876,9999.000,9999.000,9999.000,9999.000,9999.000,9999.000,9999.000,9999.000
202604191130,   0.951,9999.000,9999.000,9999.000,9999.000,9999.000,9999.000,9999.000,9999.000
202604191136,   1.027,9999.000,9999.000,9999.000,9999.000,9999.000,9999.000,9999.000,9999.000
202604191142,   1.104,9999.000,9999.000,9999.000,9999.000,9999.000,9999.000,9999.000,9999.000
202604191148,   1.181,9999.000,9999.000,9999.000,9999.000,9999.000,9999.000,9999.000,9999.000
202604191154,   1.258,9999.000,9999.000,9999.000,9999.000,9999.000,9999.000,9999.000,9999.000
202604191200,   1.335,9999.000,   0.500,  -0.125,   1.710,   0.400,   1.610,   0.700,   1.910
202604191206,   1.412,9999.000,9999.000,9999.000,9999.000,9999.000,9999.000,9999.000,9999.000
202604191212,   1.488,9999.000,9999.000,9999.000,9999.000,9999.000,9999.000,9999.000,9999.000
202604191218,   1.563,9999.000,9999.000,9999.000,9999.000,9999.000,9999.000,9999.000,9999.000
202604191224,   1.637,9999.000,9999.000,9999.000,9999.000,9999.000,9999.000,9999.000,9999.000
202604191230,   1.710,9999.000,9999.000,9999.000,9999.000,9999.000,9999.000,9999.000,9999.000
202604191236,   1.782,9999.000,9999.000,9999.000,9999.000,9999.000,9999.000,9999.000,9999.000
202604191242,   1.852,9999.000,9999.000,9999.000,9999.000,9999.000,9999.000,9999.000,9999.000
202604191248,   1.920,9999.000,9999.000,9999.000,9999.000,9999.000,9999.000,9999.000,9999.000
202604191254,   1.985,9999.000,9999.000,9999.000,9999.000,9999.000,9999.000,9999.000,9999.000
202604191300,   2.049,9999.000,   0.500,  -0.125,   2.424,   0.400,   2.324,   0.700,   2.624
202604191306,   2.109,9999.000,9999.000,9999.000,9999.000,9999.000,9999.000,9999.000,9999.000
202604191312,   2.167,9999.000,9999.000,9999.000,9999.000,9999.000,9999.000,9999.000,9999.000
202604191318,   2.222,9999.000,9999.000,9999.000,9999.000,9999.000,9999.000,9999.000,9999.000
202604191324,   2.274,9999.000,9999.000,9999.000,9999.000,9999.000,9999.000,9999.000,9999.000
202604191330,   2.323,9999.000,9999.000,9999.000,9999.000,9999.000,9999.000,9999.000,9999.000
202604191336,   2.368,9999.000,9999.000,9999.000,9999.000,9999.000,9999.000,9999.000,9999.000
202604191342,   2.410,9999.000,9999.000,9999.000,9999.000,9999.000,9999.000,9999.000,9999.000
202604191348,   2.448,9999.000,9999.000,9999.000,9999.000,9999.000,9999.000,9999.000,9999.000
202604191354,   2.482,9999.000,9999.000,9999.000,9999.000,9999.000,9999.000,9999.000,9999.000
202604191400,   2.513,9999.000,   0.500,  -0.125,   2.888,   0.300,   2.688,   0.700,   3.088
202604191406,   2.539,9999.000,9999.000,9999.000,9999.000,9999.000,9999.000,9999.000,9999.000
202604191412,   2.562,9999.000,9999.000,9999.000,9999.000,9999.000,9999.000,9999.000,9999.000
202604191418,   2.581,9999.000,9999.000,9999.000,9999.000,9999.000,9999.000,9999.000,9999.000
202604191424,   2.596,9999.000,9999.000,9999.000,9999.000,9999.000,9999.000,9999.000,9999.000
202604191430,   2.607,9999.000,9999.000,9999.000,9999.000,9999.000,9999.000,9999.000,9999.000
202604191436,   2.614,9999.000,9999.000,9999.000,9999.000,9999.000,9999.000,9999.000,9999.000
202604191442,   2.617,9999.000,9999.000,9999.000,9999.000,9999.000,9999.000,9999.000,9999.000
202604191448,   2.616,9999.000,9999.000,9999.000,9999.000,9999.000,9999.000,9999.000,9999.000
202604191454,   2.612,9999.000,9999.000,9999.000,9999.000,9999.000,9999.000,9999.000,9999.000
202604191500,   2.604,9999.000,   0.500,  -0.125,   2.979,   0.300,   2.779,   0.700,   3.179
202604191506,   2.592,9999.000,9999.000,9999.000,9999.000,9999.000,9999.000,9999.000,9999.000
202604191512,   2.577,9999.000,9999.000,9999.000,9999.000,9999.000,9999.000,9999.000,9999.000
202604191518,   2.559,9999.000,9999.000,9999.000,9999.000,9999.000,9999.000,9999.000,9999.000
202604191524,   2.537,9999.000,9999.000,9999.000,9999.000,9999.000,9999.000,9999.000,9999.000
202604191530,   2.512,9999.000,9999.000,9999.000,9999.000,9999.000,9999.000,9999.000,9999.000
202604191536,   2.483,9999.000,9999.000,9999.000,9999.000,9999.000,9999.000,9999.000,9999.000
202604191542,   2.452,9999.000,9999.000,9999.000,9999.000,9999.000,9999.000,9999.000,9999.000
202604191548,   2.417,9999.000,9999.000,9999.000,9999.000,9999.000,9999.000,9999.000,9999.000
202604191554,   2.379,9999.000,9999.000,9999.000,9999.000,9999.000,9999.000,9999.000,9999.000
202604191600,   2.339,9999.000,   0.500,  -0.125,   2.714,   0.300,   2.514,   0.700,   2.914
202604191606,   2.296,9999.000,9999.000,9999.000,9999.000,9999.000,9999.000,9999.000,9999.000
202604191612,   2.249,9999.000,9999.000,9999.000,9999.000,9999.000,9999.000,9999.000,9999.000
202604191618,   2.200,9999.000,9999.000,9999.000,9999.000,9999.000,9999.000,9999.000,9999.000
202604191624,   2.149,9999.000,9999.000,9999.000,9999.000,9999.000,9999.000,9999.000,9999.000
202604191630,   2.094,9999.000,9999.000,9999.000,9999.000,9999.000,9999.000,9999.000,9999.000
202604191636,   2.038,9999.000,9999.000,9999.000,9999.000,9999.000,9999.000,9999.000,9999.000
202604191642,   1.978,9999.000,9999.000,9999.000,9999.000,9999.000,9999.000,9999.000,9999.000
202604191648,   1.917,9999.000,9999.000,9999.000,9999.000,9999.000,9999.000,9999.000,9999.000
202604191654,   1.853,9999.000,9999.000,9999.000,9999.000,9999.000,9999.000,9999.000,9999.000
202604191700,   1.786,9999.000,   0.500,  -0.125,   2.161,   0.300,   1.961,   0.700,   2.361
202604191706,   1.718,9999.000,9999.000,9999.000,9999.000,9999.000,9999.000,9999.000,9999.000
202604191712,   1.648,9999.000,9999.000,9999.000,9999.000,9999.000,9999.000,9999.000,9999.000
202604191718,   1.576,9999.000,9999.000,9999.000,9999.000,9999.000,9999.000,9999.000,9999.000
202604191724,   1.502,9999.000,9999.000,9999.000,9999.000,9999.000,9999.000,9999.000,9999.000
202604191730,   1.427,9999.000,9999.000,9999.000,9999.000,9999.000,9999.000,9999.000,9999.000
202604191736,   1.351,9999.000,9999.000,9999.000,9999.000,9999.000,9999.000,9999.000,9999.000
202604191742,   1.274,9999.000,9999.000,9999.000,9999.000,9999.000,9999.000,9999.000,9999.000
202604191748,   1.196,9999.000,9999.000,9999.000,9999.000,9999.000,9999.000,9999.000,9999.000
202604191754,   1.117,9999.000,9999.000,9999.000,9999.000,9999.000,9999.000,9999.000,9999.000
202604191800,   1.038,9999.000,   0.500,  -0.125,   1.413,   0.300,   1.213,   0.700,   1.613
