        TIME,    TIDE,      OB,   SURGE,    BIAS,     TWL,SURGE90p,  TWL90p,SURGE10p,   TWL10p
202606111800,   0.631,   1.489,   0.700,   0.158,   1.489,   0.700,   1.489,   0.700,   1.489
202606111806,   0.602,9999.000,9999.000,9999.000,9999.000,9999.000,9999.000,9999.000,9999.000
202606111812,   0.574,   1.430,9999.000,9999.000,9999.000,9999.000,9999.000,9999.000,9999.000
202606111818,   0.547,9999.000,9999.000,9999.000,9999.000,9999.000,9999.000,9999.000,9999.000
202606111824,   0.519,   1.380,9999.000,9999.000,9999.000,9999.000,9999.000,9999.000,9999.000
202606111830,   0.493,9999.000,9999.000,9999.000,9999.000,9999.000,9999.000,9999.000,9999.000
202606111836,   0.466,   1.348,9999.000,9999.000,9999.000,9999.000,9999.000,9999.000,9999.000
202606111842,   0.441,9999.000,9999.000,9999.000,9999.000,9999.000,9999.000,9999.000,9999.000
202606111848,   0.416,   1.318,9999.000,9999.000,9999.000,9999.000,9999.000,9999.000,9999.000
202606111854,   0.392,9999.000,9999.000,9999.000,9999.000,9999.000,9999.000,9999.000,9999.000
202606111900,   0.368,   1.269,   0.700,   0.201,   1.269,   0.700,   1.269,   0.700,   1.269
202606111906,   0.345,   1.249,9999.000,9999.000,9999.000,9999.000,9999.000,9999.000,9999.000
202606111912,   0.323,   1.229,9999.000,9999.000,9999.000,9999.000,9999.000,9999.000,9999.000
202606111918,   0.302,   1.180,9999.000,9999.000,9999.000,9999.000,9999.000,9999.000,9999.000
202606111924,   0.282,   1.161,9999.000,9999.000,9999.000,9999.000,9999.000,9999.000,9999.000
202606111930,   0.262,   1.118,9999.000,9999.000,9999.000,9999.000,9999.000,9999.000,9999.000
202606111936,   0.244,   1.098,9999.000,9999.000,9999.000,9999.000,9999.000,9999.000,9999.000
202606111942,   0.226,   1.069,9999.000,9999.000,9999.000,9999.000,9999.000,9999.000,9999.000
202606111948,   0.209,   1.049,9999.000,9999.000,9999.000,9999.000,9999.000,9999.000,9999.000
202606111954,   0.193,   1.039,9999.000,9999.000,9999.000,9999.000,9999.000,9999.000,9999.000
202606112000,   0.178,   1.029,   0.700,   0.151,   1.029,   0.700,   1.029,   0.700,   1.029
202606112006,   0.163,   1.020,9999.000,9999.000,9999.000,9999.000,9999.000,9999.000,9999.000
202606112012,   0.150,   1.020,9999.000,9999.000,9999.000,9999.000,9999.000,9999.000,9999.000
202606112018,   0.137,   1.000,9999.000,9999.000,9999.000,9999.000,9999.000,9999.000,9999.000
202606112024,   0.125,   0.990,9999.000,9999.000,9999.000,9999.000,9999.000,9999.000,9999.000
202606112030,   0.114,   0.980,9999.000,9999.000,9999.000,9999.000,9999.000,9999.000,9999.000
202606112036,   0.104,   0.961,9999.000,9999.000,9999.000,9999.000,9999.000,9999.000,9999.000
202606112042,   0.095,   0.941,9999.000,9999.000,9999.000,9999.000,9999.000,9999.000,9999.000
202606112048,   0.087,   0.918,9999.000,9999.000,9999.000,9999.000,9999.000,9999.000,9999.000
202606112054,   0.079,   0.898,9999.000,9999.000,9999.000,9999.000,9999.000,9999.000,9999.000
202606112100,   0.072,   0.879,   0.700,   0.107,   0.879,   0.700,   0.879,   0.700,   0.879
202606112106,   0.065,   0.849,9999.000,9999.000,9999.000,9999.000,9999.000,9999.000,9999.000
202606112112,   0.060,   0.829,9999.000,9999.000,9999.000,9999.000,9999.000,9999.000,9999.000
202606112118,   0.055,   0.829,9999.000,9999.000,9999.000,9999.000,9999.000,9999.000,9999.000
202606112124,   0.051,   0.819,9999.000,9999.000,9999.000,9999.000,9999.000,9999.000,9999.000
202606112130,   0.047,   0.810,9999.000,9999.000,9999.000,9999.000,9999.000,9999.000,9999.000
202606112136,   0.044,   0.790,9999.000,9999.000,9999.000,9999.000,9999.000,9999.000,9999.000
202606112142,   0.042,   0.800,9999.000,9999.000,9999.000,9999.000,9999.000,9999.000,9999.000
202606112148,   0.040,   0.790,9999.000,9999.000,9999.000,9999.000,9999.000,9999.000,9999.000
202606112154,   0.038,   0.790,9999.000,9999.000,9999.000,9999.000,9999.000,9999.000,9999.000
202606112200,   0.037,   0.790,   0.700,   0.053,   0.790,   0.700,   0.790,   0.700,   0.790
202606112206,   0.037,   0.790,9999.000,9999.000,9999.000,9999.000,9999.000,9999.000,9999.000
202606112212,   0.036,   0.790,9999.000,9999.000,9999.000,9999.000,9999.000,9999.000,9999.000
202606112218,   0.037,   0.780,9999.000,9999.000,9999.000,9999.000,9999.000,9999.000,9999.000
202606112224,   0.037,   0.770,9999.000,9999.000,9999.000,9999.000,9999.000,9999.000,9999.000
202606112230,   0.038,   0.741,9999.000,9999.000,9999.000,9999.000,9999.000,9999.000,9999.000
202606112236,   0.040,   0.731,9999.000,9999.000,9999.000,9999.000,9999.000,9999.000,9999.000
202606112242,   0.041,   0.718,9999.000,9999.000,9999.000,9999.000,9999.000,9999.000,9999.000
202606112248,   0.043,   0.731,9999.000,9999.000,9999.000,9999.000,9999.000,9999.000,9999.000
202606112254,   0.045,   0.741,9999.000,9999.000,9999.000,9999.000,9999.000,9999.000,9999.000
202606112300,   0.048,   0.760,   0.700,   0.012,   0.760,   0.700,   0.760,   0.700,   0.760
202606112306,   0.051,   0.770,9999.000,9999.000,9999.000,9999.000,9999.000,9999.000,9999.000
202606112312,   0.054,   0.790,9999.000,9999.000,9999.000,9999.000,9999.000,9999.000,9999.000
202606112318,   0.057,   0.790,9999.000,9999.000,9999.000,9999.000,9999.000,9999.000,9999.000
202606112324,   0.061,   0.800,9999.000,9999.000,9999.000,9999.000,9999.000,9999.000,9999.000
202606112330,   0.065,   0.790,9999.000,9999.000,9999.000,9999.000,9999.000,9999.000,9999.000
202606112336,   0.069,   0.780,9999.000,9999.000,9999.000,9999.000,9999.000,9999.000,9999.000
202606112342,   0.073,   0.770,9999.000,9999.000,9999.000,9999.000,9999.000,9999.000,9999.000
202606112348,   0.078,   0.770,9999.000,9999.000,9999.000,9999.000,9999.000,9999.000,9999.000
202606112354,   0.083,   0.760,9999.000,9999.000,9999.000,9999.000,9999.000,9999.000,9999.000
202606120000,   0.089,   0.770,   0.700,  -0.019,   0.770,   0.700,   0.770,   0.700,   0.770
202606120006,   0.094,   0.780,9999.000,9999.000,9999.000,9999.000,9999.000,9999.000,9999.000
202606120012,   0.101,   0.800,9999.000,9999.000,9999.000,9999.000,9999.000,9999.000,9999.000
202606120018,   0.107,   0.829,9999.000,9999.000,9999.000,9999.000,9999.000,9999.000,9999.000
202606120024,   0.114,   0.839,9999.000,9999.000,9999.000,9999.000,9999.000,9999.000,9999.000
202606120030,   0.122,   0.859,9999.000,9999.000,9999.000,9999.000,9999.000,9999.000,9999.000
202606120036,   0.130,   0.888,9999.000,9999.000,9999.000,9999.000,9999.000,9999.000,9999.000
202606120042,   0.139,   0.908,9999.000,9999.000,9999.000,9999.000,9999.000,9999.000,9999.000
202606120048,   0.148,   0.908,9999.000,9999.000,9999.000,9999.000,9999.000,9999.000,9999.000
202606120054,   0.157,   0.908,9999.000,9999.000,9999.000,9999.000,9999.000,9999.000,9999.000
202606120100,   0.168,   0.918,   0.700,   0.050,   0.918,   0.700,   0.918,   0.700,   0.918
202606120106,   0.179,   0.928,9999.000,9999.000,9999.000,9999.000,9999.000,9999.000,9999.000
202606120112,   0.190,   0.941,9999.000,9999.000,9999.000,9999.000,9999.000,9999.000,9999.000
202606120118,   0.202,   0.951,9999.000,9999.000,9999.000,9999.000,9999.000,9999.000,9999.000
202606120124,   0.215,   0.980,9999.000,9999.000,9999.000,9999.000,9999.000,9999.000,9999.000
202606120130,   0.228,   1.020,9999.000,9999.000,9999.000,9999.000,9999.000,9999.000,9999.000
202606120136,   0.242,   1.069,9999.000,9999.000,9999.000,9999.000,9999.000,9999.000,9999.000
202606120142,   0.257,   1.118,9999.000,9999.000,9999.000,9999.000,9999.000,9999.000,9999.000
202606120148,   0.272,   1.151,9999.000,9999.000,9999.000,9999.000,9999.000,9999.000,9999.000
202606120154,   0.288,   1.190,9999.000,9999.000,9999.000,9999.000,9999.000,9999.000,9999.000
202606120200,   0.304,   1.220,   0.700,   0.216,   1.220,   0.700,   1.220,   0.700,   1.220
202606120206,   0.321,   1.229,9999.000,9999.000,9999.000,9999.000,9999.000,9999.000,9999.000
202606120212,   0.338,   1.229,9999.000,9999.000,9999.000,9999.000,9999.000,9999.000,9999.000
202606120218,   0.356,   1.249,9999.000,9999.000,9999.000,9999.000,9999.000,9999.000,9999.000
202606120224,   0.375,   1.269,9999.000,9999.000,9999.000,9999.000,9999.000,9999.000,9999.000
202606120230,   0.394,   1.298,9999.000,9999.000,9999.000,9999.000,9999.000,9999.000,9999.000
202606120236,   0.413,   1.328,9999.000,9999.000,9999.000,9999.000,9999.000,9999.000,9999.000
202606120242,   0.432,   1.371,9999.000,9999.000,9999.000,9999.000,9999.000,9999.000,9999.000
202606120248,   0.452,   1.410,9999.000,9999.000,9999.000,9999.000,9999.000,9999.000,9999.000
202606120254,   0.472,   1.439,9999.000,9999.000,9999.000,9999.000,9999.000,9999.000,9999.000
202606120300,   0.493,   1.459,   0.700,   0.266,   1.459,   0.700,   1.459,   0.700,   1.459
202606120306,   0.513,   1.469,9999.000,9999.000,9999.000,9999.000,9999.000,9999.000,9999.000
202606120312,   0.533,   1.489,9999.000,9999.000,9999.000,9999.000,9999.000,9999.000,9999.000
202606120318,   0.554,   1.518,9999.000,9999.000,9999.000,9999.000,9999.000,9999.000,9999.000
202606120324,   0.574,   1.528,9999.000,9999.000,9999.000,9999.000,9999.000,9999.000,9999.000
202606120330,   0.595,   1.548,9999.000,9999.000,9999.000,9999.000,9999.000,9999.000,9999.000
202606120336,   0.615,   1.571,9999.000,9999.000,9999.000,9999.000,9999.000,9999.000,9999.000
202606120342,   0.635,   1.590,9999.000,9999.000,9999.000,9999.000,9999.000,9999.000,9999.000
202606120348,   0.655,   1.600,9999.000,9999.000,9999.000,9999.000,9999.000,9999.000,9999.000
202606120354,   0.674,   1.610,9999.000,9999.000,9999.000,9999.000,9999.000,9999.000,9999.000
202606120400,   0.694,   1.630,   0.700,   0.236,   1.630,   0.700,   1.630,   0.800,   1.730
202606120406,   0.713,   1.659,9999.000,9999.000,9999.000,9999.000,9999.000,9999.000,9999.000
202606120412,   0.732,   1.669,9999.000,9999.000,9999.000,9999.000,9999.000,9999.000,9999.000
202606120418,   0.750,   1.679,9999.000,9999.000,9999.000,9999.000,9999.000,9999.000,9999.000
202606120424,   0.768,   1.689,9999.000,9999.000,9999.000,9999.000,9999.000,9999.000,9999.000
202606120430,   0.786,   1.699,9999.000,9999.000,9999.000,9999.000,9999.000,9999.000,9999.000
202606120436,   0.803,   1.718,9999.000,9999.000,9999.000,9999.000,9999.000,9999.000,9999.000
202606120442,   0.820,   1.738,9999.000,9999.000,9999.000,9999.000,9999.000,9999.000,9999.000
202606120448,   0.837,   1.748,9999.000,9999.000,9999.000,9999.000,9999.000,9999.000,9999.000
202606120454,   0.853,   1.767,9999.000,9999.000,9999.000,9999.000,9999.000,9999.000,9999.000
202606120500,   0.869,   1.781,   0.700,   0.212,   1.781,   0.700,   1.781,   0.800,   1.881
202606120506,   0.885,   1.800,9999.000,9999.000,9999.000,9999.000,9999.000,9999.000,9999.000
202606120512,   0.901,   1.810,9999.000,9999.000,9999.000,9999.000,9999.000,9999.000,9999.000
202606120518,   0.916,   1.820,9999.000,9999.000,9999.000,9999.000,9999.000,9999.000,9999.000
202606120524,   0.931,   1.830,9999.000,9999.000,9999.000,9999.000,9999.000,9999.000,9999.000
202606120530,   0.946,   1.830,9999.000,9999.000,9999.000,9999.000,9999.000,9999.000,9999.000
202606120536,   0.960,   1.830,9999.000,9999.000,9999.000,9999.000,9999.000,9999.000,9999.000
202606120542,   0.975,   1.830,9999.000,9999.000,9999.000,9999.000,9999.000,9999.000,9999.000
202606120548,   0.989,   1.849,9999.000,9999.000,9999.000,9999.000,9999.000,9999.000,9999.000
202606120554,   1.004,   1.869,9999.000,9999.000,9999.000,9999.000,9999.000,9999.000,9999.000
202606120600,   1.018,   1.889,   0.700,   0.171,   1.889,   0.700,   1.889,   0.700,   1.889
202606120606,   1.032,   1.928,9999.000,9999.000,9999.000,9999.000,9999.000,9999.000,9999.000
202606120612,   1.047,   1.958,9999.000,9999.000,9999.000,9999.000,9999.000,9999.000,9999.000
202606120618,   1.062,   1.981,9999.000,9999.000,9999.000,9999.000,9999.000,9999.000,9999.000
202606120624,   1.076,   2.000,9999.000,9999.000,9999.000,9999.000,9999.000,9999.000,9999.000
202606120630,   1.091,   2.010,9999.000,9999.000,9999.000,9999.000,9999.000,9999.000,9999.000
202606120636,   1.106,   2.010,9999.000,9999.000,9999.000,9999.000,9999.000,9999.000,9999.000
202606120642,   1.122,   2.020,9999.000,9999.000,9999.000,9999.000,9999.000,9999.000,9999.000
202606120648,   1.137,   2.030,9999.000,9999.000,9999.000,9999.000,9999.000,9999.000,9999.000
202606120654,   1.153,   2.030,9999.000,9999.000,9999.000,9999.000,9999.000,9999.000,9999.000
202606120700,   1.169,   2.030,   0.700,   0.161,   2.030,   0.700,   2.030,   0.700,   2.030
202606120706,   1.186,   2.049,9999.000,9999.000,9999.000,9999.000,9999.000,9999.000,9999.000
202606120712,   1.203,   2.059,9999.000,9999.000,9999.000,9999.000,9999.000,9999.000,9999.000
202606120718,   1.220,   2.069,9999.000,9999.000,9999.000,9999.000,9999.000,9999.000,9999.000
202606120724,   1.238,   2.089,9999.000,9999.000,9999.000,9999.000,9999.000,9999.000,9999.000
202606120730,   1.255,   2.118,9999.000,9999.000,9999.000,9999.000,9999.000,9999.000,9999.000
202606120736,   1.274,   2.138,9999.000,9999.000,9999.000,9999.000,9999.000,9999.000,9999.000
202606120742,   1.292,   2.168,9999.000,9999.000,9999.000,9999.000,9999.000,9999.000,9999.000
202606120748,   1.311,   2.168,9999.000,9999.000,9999.000,9999.000,9999.000,9999.000,9999.000
202606120754,   1.330,   2.177,9999.000,9999.000,9999.000,9999.000,9999.000,9999.000,9999.000
202606120800,   1.349,   2.191,   0.700,   0.142,   2.191,   0.700,   2.191,   0.700,   2.191
202606120806,   1.369,   2.191,9999.000,9999.000,9999.000,9999.000,9999.000,9999.000,9999.000
202606120812,   1.389,   2.191,9999.000,9999.000,9999.000,9999.000,9999.000,9999.000,9999.000
202606120818,   1.409,   2.210,9999.000,9999.000,9999.000,9999.000,9999.000,9999.000,9999.000
202606120824,   1.429,   2.220,9999.000,9999.000,9999.000,9999.000,9999.000,9999.000,9999.000
202606120830,   1.450,   2.230,9999.000,9999.000,9999.000,9999.000,9999.000,9999.000,9999.000
202606120836,   1.470,   2.250,9999.000,9999.000,9999.000,9999.000,9999.000,9999.000,9999.000
202606120842,   1.491,   2.259,9999.000,9999.000,9999.000,9999.000,9999.000,9999.000,9999.000
202606120848,   1.512,   2.279,9999.000,9999.000,9999.000,9999.000,9999.000,9999.000,9999.000
202606120854,   1.533,   2.289,9999.000,9999.000,9999.000,9999.000,9999.000,9999.000,9999.000
202606120900,   1.553,   2.289,   0.700,   0.036,   2.289,   0.700,   2.289,   0.700,   2.289
202606120906,   1.574,   2.299,9999.000,9999.000,9999.000,9999.000,9999.000,9999.000,9999.000
202606120912,   1.594,   2.299,9999.000,9999.000,9999.000,9999.000,9999.000,9999.000,9999.000
202606120918,   1.615,   2.299,9999.000,9999.000,9999.000,9999.000,9999.000,9999.000,9999.000
202606120924,   1.635,   2.318,9999.000,9999.000,9999.000,9999.000,9999.000,9999.000,9999.000
202606120930,   1.655,   2.348,9999.000,9999.000,9999.000,9999.000,9999.000,9999.000,9999.000
202606120936,   1.675,   2.358,9999.000,9999.000,9999.000,9999.000,9999.000,9999.000,9999.000
202606120942,   1.694,   2.368,9999.000,9999.000,9999.000,9999.000,9999.000,9999.000,9999.000
202606120948,   1.713,   2.400,9999.000,9999.000,9999.000,9999.000,9999.000,9999.000,9999.000
202606120954,   1.731,   2.420,9999.000,9999.000,9999.000,9999.000,9999.000,9999.000,9999.000
202606121000,   1.749,   2.450,   0.700,   0.001,   2.450,   0.700,   2.450,   0.700,   2.450
202606121006,   1.767,   2.459,9999.000,9999.000,9999.000,9999.000,9999.000,9999.000,9999.000
202606121012,   1.783,   2.469,9999.000,9999.000,9999.000,9999.000,9999.000,9999.000,9999.000
202606121018,   1.800,   2.499,9999.000,9999.000,9999.000,9999.000,9999.000,9999.000,9999.000
202606121024,   1.815,   2.509,9999.000,9999.000,9999.000,9999.000,9999.000,9999.000,9999.000
202606121030,   1.830,   2.509,9999.000,9999.000,9999.000,9999.000,9999.000,9999.000,9999.000
202606121036,   1.844,   2.528,9999.000,9999.000,9999.000,9999.000,9999.000,9999.000,9999.000
202606121042,   1.857,   2.538,9999.000,9999.000,9999.000,9999.000,9999.000,9999.000,9999.000
202606121048,   1.870,   2.558,9999.000,9999.000,9999.000,9999.000,9999.000,9999.000,9999.000
202606121054,   1.882,   2.568,9999.000,9999.000,9999.000,9999.000,9999.000,9999.000,9999.000
202606121100,   1.892,   2.578,   0.700,  -0.014,   2.578,   0.700,   2.578,   0.700,   2.578
202606121106,   1.902,   2.597,9999.000,9999.000,9999.000,9999.000,9999.000,9999.000,9999.000
202606121112,   1.911,   2.620,9999.000,9999.000,9999.000,9999.000,9999.000,9999.000,9999.000
202606121118,   1.919,   2.620,9999.000,9999.000,9999.000,9999.000,9999.000,9999.000,9999.000
202606121124,   1.926,   2.620,9999.000,9999.000,9999.000,9999.000,9999.000,9999.000,9999.000
202606121130,   1.932,   2.620,9999.000,9999.000,9999.000,9999.000,9999.000,9999.000,9999.000
202606121136,   1.937,   2.630,9999.000,9999.000,9999.000,9999.000,9999.000,9999.000,9999.000
202606121142,   1.942,   2.630,9999.000,9999.000,9999.000,9999.000,9999.000,9999.000,9999.000
202606121148,   1.945,   2.630,9999.000,9999.000,9999.000,9999.000,9999.000,9999.000,9999.000
202606121154,   1.947,   2.620,9999.000,9999.000,9999.000,9999.000,9999.000,9999.000,9999.000
202606121200,   1.948,   2.597,   0.700,  -0.051,   2.597,   0.700,   2.597,   0.700,   2.597
202606121206,   1.949,   2.597,9999.000,9999.000,9999.000,9999.000,9999.000,9999.000,9999.000
202606121212,   1.948,   2.610,9999.000,9999.000,9999.000,9999.000,9999.000,9999.000,9999.000
202606121218,   1.947,   2.597,9999.000,9999.000,9999.000,9999.000,9999.000,9999.000,9999.000
202606121224,   1.944,   2.587,9999.000,9999.000,9999.000,9999.000,9999.000,9999.000,9999.000
202606121230,   1.941,   2.578,9999.000,9999.000,9999.000,9999.000,9999.000,9999.000,9999.000
202606121236,   1.937,   2.578,9999.000,9999.000,9999.000,9999.000,9999.000,9999.000,9999.000
202606121242,   1.933,   2.558,9999.000,9999.000,9999.000,9999.000,9999.000,9999.000,9999.000
202606121248,   1.927,   2.538,9999.000,9999.000,9999.000,9999.000,9999.000,9999.000,9999.000
202606121254,   1.921,   2.519,9999.000,9999.000,9999.000,9999.000,9999.000,9999.000,9999.000
202606121300,   1.914,   2.499,   0.700,  -0.115,   2.499,   0.600,   2.399,   0.700,   2.499
202606121306,   1.907,   2.450,9999.000,9999.000,9999.000,9999.000,9999.000,9999.000,9999.000
202606121312,   1.899,   2.430,9999.000,9999.000,9999.000,9999.000,9999.000,9999.000,9999.000
202606121318,   1.890,   2.430,9999.000,9999.000,9999.000,9999.000,9999.000,9999.000,9999.000
202606121324,   1.881,   2.420,9999.000,9999.000,9999.000,9999.000,9999.000,9999.000,9999.000
202606121330,   1.871,   2.400,9999.000,9999.000,9999.000,9999.000,9999.000,9999.000,9999.000
202606121336,   1.861,   2.377,9999.000,9999.000,9999.000,9999.000,9999.000,9999.000,9999.000
202606121342,   1.851,   2.368,9999.000,9999.000,9999.000,9999.000,9999.000,9999.000,9999.000
202606121348,   1.840,   2.358,9999.000,9999.000,9999.000,9999.000,9999.000,9999.000,9999.000
202606121354,   1.828,   2.348,9999.000,9999.000,9999.000,9999.000,9999.000,9999.000,9999.000
202606121400,   1.817,   2.318,   0.700,  -0.199,   2.318,   0.600,   2.218,   0.700,   2.318
202606121406,   1.804,   2.279,9999.000,9999.000,9999.000,9999.000,9999.000,9999.000,9999.000
202606121412,   1.792,   2.259,9999.000,9999.000,9999.000,9999.000,9999.000,9999.000,9999.000
202606121418,   1.779,   2.240,9999.000,9999.000,9999.000,9999.000,9999.000,9999.000,9999.000
202606121424,   1.766,   2.230,9999.000,9999.000,9999.000,9999.000,9999.000,9999.000,9999.000
202606121430,   1.752,   2.220,9999.000,9999.000,9999.000,9999.000,9999.000,9999.000,9999.000
202606121436,   1.738,   2.220,9999.000,9999.000,9999.000,9999.000,9999.000,9999.000,9999.000
202606121442,   1.724,   2.220,9999.000,9999.000,9999.000,9999.000,9999.000,9999.000,9999.000
202606121448,   1.709,   2.210,9999.000,9999.000,9999.000,9999.000,9999.000,9999.000,9999.000
202606121454,   1.694,   2.191,9999.000,9999.000,9999.000,9999.000,9999.000,9999.000,9999.000
202606121500,   1.678,   2.191,   0.600,  -0.087,   2.191,   0.600,   2.191,   0.700,   2.291
202606121506,   1.662,   2.191,9999.000,9999.000,9999.000,9999.000,9999.000,9999.000,9999.000
202606121512,   1.645,   2.138,9999.000,9999.000,9999.000,9999.000,9999.000,9999.000,9999.000
202606121518,   1.628,   2.118,9999.000,9999.000,9999.000,9999.000,9999.000,9999.000,9999.000
202606121524,   1.610,   2.109,9999.000,9999.000,9999.000,9999.000,9999.000,9999.000,9999.000
202606121530,   1.592,   2.099,9999.000,9999.000,9999.000,9999.000,9999.000,9999.000,9999.000
202606121536,   1.573,   2.079,9999.000,9999.000,9999.000,9999.000,9999.000,9999.000,9999.000
202606121542,   1.553,   2.079,9999.000,9999.000,9999.000,9999.000,9999.000,9999.000,9999.000
202606121548,   1.532,   2.069,9999.000,9999.000,9999.000,9999.000,9999.000,9999.000,9999.000
202606121554,   1.511,   2.059,9999.000,9999.000,9999.000,9999.000,9999.000,9999.000,9999.000
202606121600,   1.489,   2.049,   0.600,  -0.040,   2.049,   0.600,   2.049,   0.700,   2.149
202606121606,   1.466,   2.049,9999.000,9999.000,9999.000,9999.000,9999.000,9999.000,9999.000
202606121612,   1.442,   2.020,9999.000,9999.000,9999.000,9999.000,9999.000,9999.000,9999.000
202606121618,   1.418,   2.000,9999.000,9999.000,9999.000,9999.000,9999.000,9999.000,9999.000
202606121624,   1.393,   1.981,9999.000,9999.000,9999.000,9999.000,9999.000,9999.000,9999.000
202606121630,   1.366,   1.958,9999.000,9999.000,9999.000,9999.000,9999.000,9999.000,9999.000
202606121636,   1.339,   1.928,9999.000,9999.000,9999.000,9999.000,9999.000,9999.000,9999.000
202606121642,   1.312,   1.908,9999.000,9999.000,9999.000,9999.000,9999.000,9999.000,9999.000
202606121648,   1.283,   1.889,9999.000,9999.000,9999.000,9999.000,9999.000,9999.000,9999.000
202606121654,   1.253,   1.859,9999.000,9999.000,9999.000,9999.000,9999.000,9999.000,9999.000
202606121700,   1.223,   1.849,   0.600,   0.026,   1.849,   0.600,   1.849,   0.600,   1.849
202606121706,   1.192,   1.840,9999.000,9999.000,9999.000,9999.000,9999.000,9999.000,9999.000
202606121712,   1.160,   1.810,9999.000,9999.000,9999.000,9999.000,9999.000,9999.000,9999.000
202606121718,   1.127,   1.767,9999.000,9999.000,9999.000,9999.000,9999.000,9999.000,9999.000
202606121724,   1.094,   1.748,9999.000,9999.000,9999.000,9999.000,9999.000,9999.000,9999.000
202606121730,   1.060,   1.718,9999.000,9999.000,9999.000,9999.000,9999.000,9999.000,9999.000
202606121736,   1.025,   1.689,9999.000,9999.000,9999.000,9999.000,9999.000,9999.000,9999.000
202606121742,   0.990,   1.669,9999.000,9999.000,9999.000,9999.000,9999.000,9999.000,9999.000
202606121748,   0.954,   1.630,9999.000,9999.000,9999.000,9999.000,9999.000,9999.000,9999.000
202606121754,   0.918,   1.580,9999.000,9999.000,9999.000,9999.000,9999.000,9999.000,9999.000
202606121800,   0.882,   1.548,   0.600,   0.066,   1.548,   0.600,   1.548,   0.600,   1.548
202606121806,   0.845,   1.528,9999.000,9999.000,9999.000,9999.000,9999.000,9999.000,9999.000
202606121812,   0.809,   1.508,9999.000,9999.000,9999.000,9999.000,9999.000,9999.000,9999.000
202606121818,   0.772,   1.489,9999.000,9999.000,9999.000,9999.000,9999.000,9999.000,9999.000
202606121824,   0.734,   1.449,9999.000,9999.000,9999.000,9999.000,9999.000,9999.000,9999.000
202606121830,   0.697,   1.439,9999.000,9999.000,9999.000,9999.000,9999.000,9999.000,9999.000
202606121836,   0.660,   1.400,9999.000,9999.000,9999.000,9999.000,9999.000,9999.000,9999.000
202606121842,   0.623,   1.338,9999.000,9999.000,9999.000,9999.000,9999.000,9999.000,9999.000
202606121848,   0.587,   1.298,9999.000,9999.000,9999.000,9999.000,9999.000,9999.000,9999.000
202606121854,   0.550,   1.269,9999.000,9999.000,9999.000,9999.000,9999.000,9999.000,9999.000
202606121900,   0.514,   1.239,   0.600,   0.125,   1.239,   0.600,   1.239,   0.600,   1.239
202606121906,   0.478,   1.200,9999.000,9999.000,9999.000,9999.000,9999.000,9999.000,9999.000
202606121912,   0.443,   1.180,9999.000,9999.000,9999.000,9999.000,9999.000,9999.000,9999.000
202606121918,   0.408,   1.161,9999.000,9999.000,9999.000,9999.000,9999.000,9999.000,9999.000
202606121924,   0.374,   1.128,9999.000,9999.000,9999.000,9999.000,9999.000,9999.000,9999.000
202606121930,   0.341,   1.088,9999.000,9999.000,9999.000,9999.000,9999.000,9999.000,9999.000
202606121936,   0.308,   1.049,9999.000,9999.000,9999.000,9999.000,9999.000,9999.000,9999.000
202606121942,   0.276,   1.000,9999.000,9999.000,9999.000,9999.000,9999.000,9999.000,9999.000
202606121948,   0.244,   0.961,9999.000,9999.000,9999.000,9999.000,9999.000,9999.000,9999.000
202606121954,   0.214,   0.918,9999.000,9999.000,9999.000,9999.000,9999.000,9999.000,9999.000
202606122000,   0.184,   0.869,   0.600,   0.085,   0.869,   0.600,   0.869,   0.600,   0.869
202606122006,   0.155,   0.839,9999.000,9999.000,9999.000,9999.000,9999.000,9999.000,9999.000
202606122012,   0.127,   0.810,9999.000,9999.000,9999.000,9999.000,9999.000,9999.000,9999.000
202606122018,   0.101,   0.790,9999.000,9999.000,9999.000,9999.000,9999.000,9999.000,9999.000
202606122024,   0.075,   0.770,9999.000,9999.000,9999.000,9999.000,9999.000,9999.000,9999.000
202606122030,   0.050,   0.760,9999.000,9999.000,9999.000,9999.000,9999.000,9999.000,9999.000
202606122036,   0.026,   0.731,9999.000,9999.000,9999.000,9999.000,9999.000,9999.000,9999.000
202606122042,   0.003,   0.698,9999.000,9999.000,9999.000,9999.000,9999.000,9999.000,9999.000
202606122048,  -0.018,   0.659,9999.000,9999.000,9999.000,9999.000,9999.000,9999.000,9999.000
202606122054,  -0.039,   0.639,9999.000,9999.000,9999.000,9999.000,9999.000,9999.000,9999.000
202606122100,  -0.059,   0.610,   0.600,   0.069,   0.610,   0.600,   0.610,   0.700,   0.710
202606122106,  -0.077,   0.580,9999.000,9999.000,9999.000,9999.000,9999.000,9999.000,9999.000
202606122112,  -0.095,   0.570,9999.000,9999.000,9999.000,9999.000,9999.000,9999.000,9999.000
202606122118,  -0.112,   0.551,9999.000,9999.000,9999.000,9999.000,9999.000,9999.000,9999.000
202606122124,  -0.127,   0.541,9999.000,9999.000,9999.000,9999.000,9999.000,9999.000,9999.000
202606122130,  -0.142,   0.508,9999.000,9999.000,9999.000,9999.000,9999.000,9999.000,9999.000
202606122136,  -0.155,   0.488,9999.000,9999.000,9999.000,9999.000,9999.000,9999.000,9999.000
202606122142,  -0.168,   0.459,9999.000,9999.000,9999.000,9999.000,9999.000,9999.000,9999.000
202606122148,  -0.180,   0.439,9999.000,9999.000,9999.000,9999.000,9999.000,9999.000,9999.000
202606122154,  -0.190,   0.429,9999.000,9999.000,9999.000,9999.000,9999.000,9999.000,9999.000
202606122200,  -0.200,   0.409,   0.600,   0.009,   0.409,   0.600,   0.409,   0.700,   0.509
202606122206,  -0.209,   0.400,9999.000,9999.000,9999.000,9999.000,9999.000,9999.000,9999.000
202606122212,  -0.217,   0.380,9999.000,9999.000,9999.000,9999.000,9999.000,9999.000,9999.000
202606122218,  -0.224,   0.370,9999.000,9999.000,9999.000,9999.000,9999.000,9999.000,9999.000
202606122224,  -0.230,   0.350,9999.000,9999.000,9999.000,9999.000,9999.000,9999.000,9999.000
202606122230,  -0.235,   0.341,9999.000,9999.000,9999.000,9999.000,9999.000,9999.000,9999.000
202606122236,  -0.240,   0.331,9999.000,9999.000,9999.000,9999.000,9999.000,9999.000,9999.000
202606122242,  -0.244,   0.321,9999.000,9999.000,9999.000,9999.000,9999.000,9999.000,9999.000
202606122248,  -0.247,   0.308,9999.000,9999.000,9999.000,9999.000,9999.000,9999.000,9999.000
202606122254,  -0.249,   0.298,9999.000,9999.000,9999.000,9999.000,9999.000,9999.000,9999.000
202606122300,  -0.251,   0.298,   0.700,  -0.151,   0.298,   0.600,   0.198,   0.700,   0.298
202606122306,  -0.252,   0.308,9999.000,9999.000,9999.000,9999.000,9999.000,9999.000,9999.000
202606122312,  -0.253,   0.288,9999.000,9999.000,9999.000,9999.000,9999.000,9999.000,9999.000
202606122318,  -0.252,   0.288,9999.000,9999.000,9999.000,9999.000,9999.000,9999.000,9999.000
202606122324,  -0.252,   0.288,9999.000,9999.000,9999.000,9999.000,9999.000,9999.000,9999.000
202606122330,  -0.250,   0.288,9999.000,9999.000,9999.000,9999.000,9999.000,9999.000,9999.000
202606122336,  -0.249,   0.278,9999.000,9999.000,9999.000,9999.000,9999.000,9999.000,9999.000
202606122342,  -0.246,   0.278,9999.000,9999.000,9999.000,9999.000,9999.000,9999.000,9999.000
202606122348,  -0.244,   0.278,9999.000,9999.000,9999.000,9999.000,9999.000,9999.000,9999.000
202606122354,  -0.240,   0.288,9999.000,9999.000,9999.000,9999.000,9999.000,9999.000,9999.000
202606130000,  -0.237,   0.298,   0.600,  -0.065,   0.298,   0.600,   0.298,   0.600,   0.298
202606130006,  -0.232,   0.308,9999.000,9999.000,9999.000,9999.000,9999.000,9999.000,9999.000
202606130012,  -0.228,   0.321,9999.000,9999.000,9999.000,9999.000,9999.000,9999.000,9999.000
202606130018,  -0.223,   0.331,9999.000,9999.000,9999.000,9999.000,9999.000,9999.000,9999.000
202606130024,  -0.217,   0.341,9999.000,9999.000,9999.000,9999.000,9999.000,9999.000,9999.000
202606130030,  -0.211,   0.360,9999.000,9999.000,9999.000,9999.000,9999.000,9999.000,9999.000
202606130036,  -0.204,   0.380,9999.000,9999.000,9999.000,9999.000,9999.000,9999.000,9999.000
202606130042,  -0.197,   0.409,9999.000,9999.000,9999.000,9999.000,9999.000,9999.000,9999.000
202606130048,  -0.190,   0.409,9999.000,9999.000,9999.000,9999.000,9999.000,9999.000,9999.000
202606130054,  -0.182,   0.409,9999.000,9999.000,9999.000,9999.000,9999.000,9999.000,9999.000
202606130100,  -0.173,   0.419,   0.600,  -0.008,   0.419,   0.600,   0.419,   0.600,   0.419
202606130106,  -0.164,   0.439,9999.000,9999.000,9999.000,9999.000,9999.000,9999.000,9999.000
202606130112,  -0.154,   0.449,9999.000,9999.000,9999.000,9999.000,9999.000,9999.000,9999.000
202606130118,  -0.143,   0.449,9999.000,9999.000,9999.000,9999.000,9999.000,9999.000,9999.000
202606130124,  -0.132,   0.459,9999.000,9999.000,9999.000,9999.000,9999.000,9999.000,9999.000
202606130130,  -0.121,   0.469,9999.000,9999.000,9999.000,9999.000,9999.000,9999.000,9999.000
202606130136,  -0.108,   0.488,9999.000,9999.000,9999.000,9999.000,9999.000,9999.000,9999.000
202606130142,  -0.095,   0.531,9999.000,9999.000,9999.000,9999.000,9999.000,9999.000,9999.000
202606130148,  -0.081,   0.551,9999.000,9999.000,9999.000,9999.000,9999.000,9999.000,9999.000
202606130154,  -0.067,   0.580,9999.000,9999.000,9999.000,9999.000,9999.000,9999.000,9999.000
202606130200,  -0.052,   0.600,   0.600,   0.052,   0.600,   0.600,   0.600,   0.700,   0.700
202606130206,  -0.036,   0.629,9999.000,9999.000,9999.000,9999.000,9999.000,9999.000,9999.000
202606130212,  -0.019,   0.629,9999.000,9999.000,9999.000,9999.000,9999.000,9999.000,9999.000
202606130218,  -0.001,   0.629,9999.000,9999.000,9999.000,9999.000,9999.000,9999.000,9999.000
202606130224,   0.016,   0.639,9999.000,9999.000,9999.000,9999.000,9999.000,9999.000,9999.000
202606130230,   0.035,   0.659,9999.000,9999.000,9999.000,9999.000,9999.000,9999.000,9999.000
202606130236,   0.055,   0.669,9999.000,9999.000,9999.000,9999.000,9999.000,9999.000,9999.000
202606130242,   0.075,   0.688,9999.000,9999.000,9999.000,9999.000,9999.000,9999.000,9999.000
202606130248,   0.096,   0.718,9999.000,9999.000,9999.000,9999.000,9999.000,9999.000,9999.000
202606130254,   0.118,   0.741,9999.000,9999.000,9999.000,9999.000,9999.000,9999.000,9999.000
202606130300,   0.140,   0.770,   0.600,   0.030,   0.770,   0.600,   0.770,   0.700,   0.870
202606130306,   0.163,   0.770,9999.000,9999.000,9999.000,9999.000,9999.000,9999.000,9999.000
202606130312,   0.187,   0.800,9999.000,9999.000,9999.000,9999.000,9999.000,9999.000,9999.000
202606130318,   0.211,   0.829,9999.000,9999.000,9999.000,9999.000,9999.000,9999.000,9999.000
202606130324,   0.236,   0.869,9999.000,9999.000,9999.000,9999.000,9999.000,9999.000,9999.000
202606130330,   0.261,   0.898,9999.000,9999.000,9999.000,9999.000,9999.000,9999.000,9999.000
202606130336,   0.286,   0.941,9999.000,9999.000,9999.000,9999.000,9999.000,9999.000,9999.000
202606130342,   0.312,   0.970,9999.000,9999.000,9999.000,9999.000,9999.000,9999.000,9999.000
202606130348,   0.338,   1.000,9999.000,9999.000,9999.000,9999.000,9999.000,9999.000,9999.000
202606130354,   0.364,   1.039,9999.000,9999.000,9999.000,9999.000,9999.000,9999.000,9999.000
202606130400,   0.391,   1.069,   0.600,   0.078,   1.069,   0.600,   1.069,   0.700,   1.169
202606130406,   0.417,   1.118,9999.000,9999.000,9999.000,9999.000,9999.000,9999.000,9999.000
202606130412,   0.444,   1.161,9999.000,9999.000,9999.000,9999.000,9999.000,9999.000,9999.000
202606130418,   0.470,   1.200,9999.000,9999.000,9999.000,9999.000,9999.000,9999.000,9999.000
202606130424,   0.497,   1.249,9999.000,9999.000,9999.000,9999.000,9999.000,9999.000,9999.000
202606130430,   0.523,   1.298,9999.000,9999.000,9999.000,9999.000,9999.000,9999.000,9999.000
202606130436,   0.549,   1.328,9999.000,9999.000,9999.000,9999.000,9999.000,9999.000,9999.000
202606130442,   0.576,   1.371,9999.000,9999.000,9999.000,9999.000,9999.000,9999.000,9999.000
202606130448,   0.601,   1.390,9999.000,9999.000,9999.000,9999.000,9999.000,9999.000,9999.000
202606130454,   0.627,   1.410,9999.000,9999.000,9999.000,9999.000,9999.000,9999.000,9999.000
202606130500,   0.652,   1.430,   0.600,   0.178,   1.430,   0.600,   1.430,   0.700,   1.530
202606130506,   0.677,   1.449,9999.000,9999.000,9999.000,9999.000,9999.000,9999.000,9999.000
202606130512,   0.702,   1.459,9999.000,9999.000,9999.000,9999.000,9999.000,9999.000,9999.000
202606130518,   0.726,   1.469,9999.000,9999.000,9999.000,9999.000,9999.000,9999.000,9999.000
202606130524,   0.750,   1.469,9999.000,9999.000,9999.000,9999.000,9999.000,9999.000,9999.000
202606130530,   0.773,   1.489,9999.000,9999.000,9999.000,9999.000,9999.000,9999.000,9999.000
202606130536,   0.796,   1.508,9999.000,9999.000,9999.000,9999.000,9999.000,9999.000,9999.000
202606130542,   0.820,   1.528,9999.000,9999.000,9999.000,9999.000,9999.000,9999.000,9999.000
202606130548,   0.841,   1.548,9999.000,9999.000,9999.000,9999.000,9999.000,9999.000,9999.000
202606130554,   0.863,   1.580,9999.000,9999.000,9999.000,9999.000,9999.000,9999.000,9999.000
202606130600,   0.885,   1.610,   0.600,   0.125,   1.610,   0.600,   1.610,   0.600,   1.610
202606130606,   0.906,   1.639,9999.000,9999.000,9999.000,9999.000,9999.000,9999.000,9999.000
202606130612,   0.927,   1.669,9999.000,9999.000,9999.000,9999.000,9999.000,9999.000,9999.000
202606130618,   0.947,   1.699,9999.000,9999.000,9999.000,9999.000,9999.000,9999.000,9999.000
202606130624,   0.968,   1.708,9999.000,9999.000,9999.000,9999.000,9999.000,9999.000,9999.000
202606130630,   0.988,   1.708,9999.000,9999.000,9999.000,9999.000,9999.000,9999.000,9999.000
202606130636,   1.008,   1.708,9999.000,9999.000,9999.000,9999.000,9999.000,9999.000,9999.000
202606130642,   1.028,   1.708,9999.000,9999.000,9999.000,9999.000,9999.000,9999.000,9999.000
202606130648,   1.048,   1.699,9999.000,9999.000,9999.000,9999.000,9999.000,9999.000,9999.000
202606130654,   1.067,   1.708,9999.000,9999.000,9999.000,9999.000,9999.000,9999.000,9999.000
202606130700,   1.087,   1.718,   0.600,   0.031,   1.718,   0.600,   1.718,   0.600,   1.718
202606130706,   1.107,   1.728,9999.000,9999.000,9999.000,9999.000,9999.000,9999.000,9999.000
202606130712,   1.126,   1.738,9999.000,9999.000,9999.000,9999.000,9999.000,9999.000,9999.000
202606130718,   1.146,   1.748,9999.000,9999.000,9999.000,9999.000,9999.000,9999.000,9999.000
202606130724,   1.166,   1.781,9999.000,9999.000,9999.000,9999.000,9999.000,9999.000,9999.000
202606130730,   1.186,   1.800,9999.000,9999.000,9999.000,9999.000,9999.000,9999.000,9999.000
202606130736,   1.206,   1.830,9999.000,9999.000,9999.000,9999.000,9999.000,9999.000,9999.000
202606130742,   1.227,   1.859,9999.000,9999.000,9999.000,9999.000,9999.000,9999.000,9999.000
202606130748,   1.247,   1.899,9999.000,9999.000,9999.000,9999.000,9999.000,9999.000,9999.000
202606130754,   1.268,   1.918,9999.000,9999.000,9999.000,9999.000,9999.000,9999.000,9999.000
202606130800,   1.289,   1.948,   0.600,   0.059,   1.948,   0.600,   1.948,   0.600,   1.948
202606130806,   1.310,   1.958,9999.000,9999.000,9999.000,9999.000,9999.000,9999.000,9999.000
202606130812,   1.331,   1.967,9999.000,9999.000,9999.000,9999.000,9999.000,9999.000,9999.000
202606130818,   1.353,   1.981,9999.000,9999.000,9999.000,9999.000,9999.000,9999.000,9999.000
202606130824,   1.375,   1.990,9999.000,9999.000,9999.000,9999.000,9999.000,9999.000,9999.000
202606130830,   1.397,   2.000,9999.000,9999.000,9999.000,9999.000,9999.000,9999.000,9999.000
202606130836,   1.420,   2.010,9999.000,9999.000,9999.000,9999.000,9999.000,9999.000,9999.000
202606130842,   1.443,   2.030,9999.000,9999.000,9999.000,9999.000,9999.000,9999.000,9999.000
202606130848,   1.466,   2.049,9999.000,9999.000,9999.000,9999.000,9999.000,9999.000,9999.000
202606130854,   1.489,   2.079,9999.000,9999.000,9999.000,9999.000,9999.000,9999.000,9999.000
202606130900,   1.512,   2.109,   0.600,  -0.003,   2.109,   0.600,   2.109,   0.600,   2.109
202606130906,   1.536,   2.138,9999.000,9999.000,9999.000,9999.000,9999.000,9999.000,9999.000
202606130912,   1.560,   2.191,9999.000,9999.000,9999.000,9999.000,9999.000,9999.000,9999.000
202606130918,   1.584,   2.240,9999.000,9999.000,9999.000,9999.000,9999.000,9999.000,9999.000
202606130924,   1.608,   2.289,9999.000,9999.000,9999.000,9999.000,9999.000,9999.000,9999.000
202606130930,   1.632,   2.318,9999.000,9999.000,9999.000,9999.000,9999.000,9999.000,9999.000
202606130936,   1.656,   2.348,9999.000,9999.000,9999.000,9999.000,9999.000,9999.000,9999.000
202606130942,   1.680,   2.358,9999.000,9999.000,9999.000,9999.000,9999.000,9999.000,9999.000
202606130948,   1.704,   2.358,9999.000,9999.000,9999.000,9999.000,9999.000,9999.000,9999.000
202606130954,   1.728,   2.368,9999.000,9999.000,9999.000,9999.000,9999.000,9999.000,9999.000
202606131000,   1.752,   2.387,   0.600,   0.035,   2.387,   0.500,   2.287,   0.600,   2.387
202606131006,   1.775,   2.400,9999.000,9999.000,9999.000,9999.000,9999.000,9999.000,9999.000
202606131012,   1.799,   2.430,9999.000,9999.000,9999.000,9999.000,9999.000,9999.000,9999.000
202606131018,   1.822,   2.440,9999.000,9999.000,9999.000,9999.000,9999.000,9999.000,9999.000
202606131024,   1.845,   2.450,9999.000,9999.000,9999.000,9999.000,9999.000,9999.000,9999.000
202606131030,   1.867,   2.479,9999.000,9999.000,9999.000,9999.000,9999.000,9999.000,9999.000
202606131036,   1.889,   2.519,9999.000,9999.000,9999.000,9999.000,9999.000,9999.000,9999.000
202606131042,   1.911,   2.548,9999.000,9999.000,9999.000,9999.000,9999.000,9999.000,9999.000
202606131048,   1.932,   2.568,9999.000,9999.000,9999.000,9999.000,9999.000,9999.000,9999.000
202606131054,   1.953,   2.578,9999.000,9999.000,9999.000,9999.000,9999.000,9999.000,9999.000
202606131100,   1.972,   2.597,   0.600,   0.025,   2.597,   0.500,   2.497,   0.600,   2.597
202606131106,   1.992,   2.630,9999.000,9999.000,9999.000,9999.000,9999.000,9999.000,9999.000
202606131112,   2.010,   2.650,9999.000,9999.000,9999.000,9999.000,9999.000,9999.000,9999.000
202606131118,   2.028,   2.650,9999.000,9999.000,9999.000,9999.000,9999.000,9999.000,9999.000
202606131124,   2.045,   2.660,9999.000,9999.000,9999.000,9999.000,9999.000,9999.000,9999.000
202606131130,   2.061,   2.650,9999.000,9999.000,9999.000,9999.000,9999.000,9999.000,9999.000
202606131136,   2.076,   2.650,9999.000,9999.000,9999.000,9999.000,9999.000,9999.000,9999.000
202606131142,   2.090,   2.640,9999.000,9999.000,9999.000,9999.000,9999.000,9999.000,9999.000
202606131148,   2.103,   2.630,9999.000,9999.000,9999.000,9999.000,9999.000,9999.000,9999.000
202606131154,   2.115,   2.620,9999.000,9999.000,9999.000,9999.000,9999.000,9999.000,9999.000
202606131200,   2.127,   2.610,   0.600,  -0.117,   2.610,   0.500,   2.510,   0.600,   2.610
202606131206,   2.137,   2.610,9999.000,9999.000,9999.000,9999.000,9999.000,9999.000,9999.000
202606131212,   2.146,   2.620,9999.000,9999.000,9999.000,9999.000,9999.000,9999.000,9999.000
202606131218,   2.154,   2.610,9999.000,9999.000,9999.000,9999.000,9999.000,9999.000,9999.000
202606131224,   2.160,   2.610,9999.000,9999.000,9999.000,9999.000,9999.000,9999.000,9999.000
202606131230,   2.166,   2.620,9999.000,9999.000,9999.000,9999.000,9999.000,9999.000,9999.000
202606131236,   2.171,   2.610,9999.000,9999.000,9999.000,9999.000,9999.000,9999.000,9999.000
202606131242,   2.174,   2.610,9999.000,9999.000,9999.000,9999.000,9999.000,9999.000,9999.000
202606131248,   2.177,   2.620,9999.000,9999.000,9999.000,9999.000,9999.000,9999.000,9999.000
202606131254,   2.178,   2.620,9999.000,9999.000,9999.000,9999.000,9999.000,9999.000,9999.000
202606131300,   2.178,   2.597,   0.600,  -0.181,   2.597,   0.500,   2.497,   0.600,   2.597
202606131306,   2.177,   2.578,9999.000,9999.000,9999.000,9999.000,9999.000,9999.000,9999.000
202606131312,   2.175,   2.578,9999.000,9999.000,9999.000,9999.000,9999.000,9999.000,9999.000
202606131318,   2.172,   2.568,9999.000,9999.000,9999.000,9999.000,9999.000,9999.000,9999.000
202606131324,   2.168,   2.558,9999.000,9999.000,9999.000,9999.000,9999.000,9999.000,9999.000
202606131330,   2.163,   2.558,9999.000,9999.000,9999.000,9999.000,9999.000,9999.000,9999.000
202606131336,   2.158,   2.538,9999.000,9999.000,9999.000,9999.000,9999.000,9999.000,9999.000
202606131342,   2.151,   2.538,9999.000,9999.000,9999.000,9999.000,9999.000,9999.000,9999.000
202606131348,   2.143,   2.538,9999.000,9999.000,9999.000,9999.000,9999.000,9999.000,9999.000
202606131354,   2.135,   2.528,9999.000,9999.000,9999.000,9999.000,9999.000,9999.000,9999.000
202606131400,   2.126,   2.499,   0.500,  -0.127,   2.499,   0.500,   2.499,   0.500,   2.499
202606131406,   2.116,   2.489,9999.000,9999.000,9999.000,9999.000,9999.000,9999.000,9999.000
202606131412,   2.106,   2.469,9999.000,9999.000,9999.000,9999.000,9999.000,9999.000,9999.000
202606131418,   2.095,   2.469,9999.000,9999.000,9999.000,9999.000,9999.000,9999.000,9999.000
202606131424,   2.083,   2.469,9999.000,9999.000,9999.000,9999.000,9999.000,9999.000,9999.000
202606131430,   2.070,   2.469,9999.000,9999.000,9999.000,9999.000,9999.000,9999.000,9999.000
202606131436,   2.058,   2.459,9999.000,9999.000,9999.000,9999.000,9999.000,9999.000,9999.000
202606131442,   2.044,   2.440,9999.000,9999.000,9999.000,9999.000,9999.000,9999.000,9999.000
202606131448,   2.030,   2.440,9999.000,9999.000,9999.000,9999.000,9999.000,9999.000,9999.000
202606131454,   2.016,   2.440,9999.000,9999.000,9999.000,9999.000,9999.000,9999.000,9999.000
202606131500,   2.001,   2.440,   0.500,  -0.061,   2.440,   0.500,   2.440,   0.500,   2.440
202606131506,   1.986,   2.420,9999.000,9999.000,9999.000,9999.000,9999.000,9999.000,9999.000
202606131512,   1.970,   2.400,9999.000,9999.000,9999.000,9999.000,9999.000,9999.000,9999.000
202606131518,   1.954,   2.377,9999.000,9999.000,9999.000,9999.000,9999.000,9999.000,9999.000
202606131524,   1.937,   2.348,9999.000,9999.000,9999.000,9999.000,9999.000,9999.000,9999.000
202606131530,   1.920,   2.348,9999.000,9999.000,9999.000,9999.000,9999.000,9999.000,9999.000
202606131536,   1.903,   2.328,9999.000,9999.000,9999.000,9999.000,9999.000,9999.000,9999.000
202606131542,   1.884,   2.309,9999.000,9999.000,9999.000,9999.000,9999.000,9999.000,9999.000
202606131548,   1.866,   2.279,9999.000,9999.000,9999.000,9999.000,9999.000,9999.000,9999.000
202606131554,   1.847,   2.269,9999.000,9999.000,9999.000,9999.000,9999.000,9999.000,9999.000
202606131600,   1.827,   2.269,   0.500,  -0.058,   2.269,   0.500,   2.269,   0.500,   2.269
202606131606,   1.807,   2.259,9999.000,9999.000,9999.000,9999.000,9999.000,9999.000,9999.000
202606131612,   1.786,   2.220,9999.000,9999.000,9999.000,9999.000,9999.000,9999.000,9999.000
202606131618,   1.764,   2.191,9999.000,9999.000,9999.000,9999.000,9999.000,9999.000,9999.000
202606131624,   1.742,   2.168,9999.000,9999.000,9999.000,9999.000,9999.000,9999.000,9999.000
202606131630,   1.719,   2.158,9999.000,9999.000,9999.000,9999.000,9999.000,9999.000,9999.000
202606131636,   1.695,   2.128,9999.000,9999.000,9999.000,9999.000,9999.000,9999.000,9999.000
202606131642,   1.671,   2.109,9999.000,9999.000,9999.000,9999.000,9999.000,9999.000,9999.000
202606131648,   1.645,   2.109,9999.000,9999.000,9999.000,9999.000,9999.000,9999.000,9999.000
202606131654,   1.619,   2.099,9999.000,9999.000,9999.000,9999.000,9999.000,9999.000,9999.000
202606131700,   1.592,   2.089,   0.500,  -0.003,   2.089,   0.500,   2.089,   0.500,   2.089
202606131706,   1.564,   2.099,9999.000,9999.000,9999.000,9999.000,9999.000,9999.000,9999.000
202606131712,   1.535,   2.089,9999.000,9999.000,9999.000,9999.000,9999.000,9999.000,9999.000
202606131718,   1.506,   2.079,9999.000,9999.000,9999.000,9999.000,9999.000,9999.000,9999.000
202606131724,   1.475,   2.069,9999.000,9999.000,9999.000,9999.000,9999.000,9999.000,9999.000
202606131730,   1.443,   2.030,9999.000,9999.000,9999.000,9999.000,9999.000,9999.000,9999.000
202606131736,   1.410,   2.000,9999.000,9999.000,9999.000,9999.000,9999.000,9999.000,9999.000
202606131742,   1.377,   1.958,9999.000,9999.000,9999.000,9999.000,9999.000,9999.000,9999.000
202606131748,   1.342,   1.918,9999.000,9999.000,9999.000,9999.000,9999.000,9999.000,9999.000
202606131754,   1.307,   1.879,9999.000,9999.000,9999.000,9999.000,9999.000,9999.000,9999.000
202606131800,   1.271,   1.849,   0.500,   0.078,   1.849,   0.500,   1.849,   0.500,   1.849
202606131806,   1.234,   1.820,9999.000,9999.000,9999.000,9999.000,9999.000,9999.000,9999.000
202606131812,   1.196,   1.800,9999.000,9999.000,9999.000,9999.000,9999.000,9999.000,9999.000
202606131818,   1.157,   1.790,9999.000,9999.000,9999.000,9999.000,9999.000,9999.000,9999.000
202606131824,   1.117,   1.767,9999.000,9999.000,9999.000,9999.000,9999.000,9999.000,9999.000
202606131830,   1.077,   1.748,9999.000,9999.000,9999.000,9999.000,9999.000,9999.000,9999.000
202606131836,   1.037,   1.728,9999.000,9999.000,9999.000,9999.000,9999.000,9999.000,9999.000
202606131842,   0.995,   1.708,9999.000,9999.000,9999.000,9999.000,9999.000,9999.000,9999.000
202606131848,   0.953,   1.669,9999.000,9999.000,9999.000,9999.000,9999.000,9999.000,9999.000
202606131854,   0.911,   1.649,9999.000,9999.000,9999.000,9999.000,9999.000,9999.000,9999.000
202606131900,   0.868,   1.620,   0.500,   0.252,   1.620,   0.500,   1.620,   0.600,   1.720
202606131906,   0.825,   1.610,9999.000,9999.000,9999.000,9999.000,9999.000,9999.000,9999.000
202606131912,   0.782,   1.580,9999.000,9999.000,9999.000,9999.000,9999.000,9999.000,9999.000
202606131918,   0.739,   1.528,9999.000,9999.000,9999.000,9999.000,9999.000,9999.000,9999.000
202606131924,   0.695,   1.469,9999.000,9999.000,9999.000,9999.000,9999.000,9999.000,9999.000
202606131930,   0.652,   1.420,9999.000,9999.000,9999.000,9999.000,9999.000,9999.000,9999.000
202606131936,   0.609,   1.380,9999.000,9999.000,9999.000,9999.000,9999.000,9999.000,9999.000
202606131942,   0.565,   1.338,9999.000,9999.000,9999.000,9999.000,9999.000,9999.000,9999.000
202606131948,   0.523,   1.308,9999.000,9999.000,9999.000,9999.000,9999.000,9999.000,9999.000
202606131954,   0.480,   1.279,9999.000,9999.000,9999.000,9999.000,9999.000,9999.000,9999.000
202606132000,   0.438,   1.239,   0.500,   0.301,   1.239,   0.500,   1.239,   0.600,   1.339
202606132006,   0.396,   1.200,9999.000,9999.000,9999.000,9999.000,9999.000,9999.000,9999.000
202606132012,   0.355,   1.151,9999.000,9999.000,9999.000,9999.000,9999.000,9999.000,9999.000
202606132018,   0.314,   1.088,9999.000,9999.000,9999.000,9999.000,9999.000,9999.000,9999.000
202606132024,   0.274,   1.059,9999.000,9999.000,9999.000,9999.000,9999.000,9999.000,9999.000
202606132030,   0.234,   1.000,9999.000,9999.000,9999.000,9999.000,9999.000,9999.000,9999.000
202606132036,   0.196,   0.951,9999.000,9999.000,9999.000,9999.000,9999.000,9999.000,9999.000
202606132042,   0.158,   0.898,9999.000,9999.000,9999.000,9999.000,9999.000,9999.000,9999.000
202606132048,   0.121,   0.849,9999.000,9999.000,9999.000,9999.000,9999.000,9999.000,9999.000
202606132054,   0.086,   0.810,9999.000,9999.000,9999.000,9999.000,9999.000,9999.000,9999.000
202606132100,   0.051,   0.780,   0.600,   0.129,   0.780,   0.500,   0.680,   0.600,   0.780
202606132106,   0.017,   0.760,9999.000,9999.000,9999.000,9999.000,9999.000,9999.000,9999.000
202606132112,  -0.015,   0.741,9999.000,9999.000,9999.000,9999.000,9999.000,9999.000,9999.000
202606132118,  -0.047,   0.718,9999.000,9999.000,9999.000,9999.000,9999.000,9999.000,9999.000
202606132124,  -0.077,   0.698,9999.000,9999.000,9999.000,9999.000,9999.000,9999.000,9999.000
202606132130,  -0.107,   0.678,9999.000,9999.000,9999.000,9999.000,9999.000,9999.000,9999.000
202606132136,  -0.135,   0.639,9999.000,9999.000,9999.000,9999.000,9999.000,9999.000,9999.000
202606132142,  -0.162,   0.610,9999.000,9999.000,9999.000,9999.000,9999.000,9999.000,9999.000
202606132148,  -0.188,   0.580,9999.000,9999.000,9999.000,9999.000,9999.000,9999.000,9999.000
202606132154,  -0.212,   0.560,9999.000,9999.000,9999.000,9999.000,9999.000,9999.000,9999.000
202606132200,  -0.236,   0.531,   0.600,   0.167,   0.531,   0.500,   0.431,   0.600,   0.531
202606132206,  -0.258,   0.508,9999.000,9999.000,9999.000,9999.000,9999.000,9999.000,9999.000
202606132212,  -0.279,   0.469,9999.000,9999.000,9999.000,9999.000,9999.000,9999.000,9999.000
202606132218,  -0.298,   0.439,9999.000,9999.000,9999.000,9999.000,9999.000,9999.000,9999.000
202606132224,  -0.317,   0.419,9999.000,9999.000,9999.000,9999.000,9999.000,9999.000,9999.000
202606132230,  -0.334,   0.419,9999.000,9999.000,9999.000,9999.000,9999.000,9999.000,9999.000
202606132236,  -0.350,   0.380,9999.000,9999.000,9999.000,9999.000,9999.000,9999.000,9999.000
202606132242,  -0.365,   0.360,9999.000,9999.000,9999.000,9999.000,9999.000,9999.000,9999.000
202606132248,  -0.378,   0.341,9999.000,9999.000,9999.000,9999.000,9999.000,9999.000,9999.000
202606132254,  -0.391,   0.350,9999.000,9999.000,9999.000,9999.000,9999.000,9999.000,9999.000
202606132300,  -0.402,   0.350,   0.600,   0.152,   0.350,   0.600,   0.350,   0.600,   0.350
202606132306,  -0.412,   0.341,9999.000,9999.000,9999.000,9999.000,9999.000,9999.000,9999.000
202606132312,  -0.421,   0.341,9999.000,9999.000,9999.000,9999.000,9999.000,9999.000,9999.000
202606132318,  -0.429,   0.331,9999.000,9999.000,9999.000,9999.000,9999.000,9999.000,9999.000
202606132324,  -0.437,   0.331,9999.000,9999.000,9999.000,9999.000,9999.000,9999.000,9999.000
202606132330,  -0.443,   0.321,9999.000,9999.000,9999.000,9999.000,9999.000,9999.000,9999.000
202606132336,  -0.448,   0.278,9999.000,9999.000,9999.000,9999.000,9999.000,9999.000,9999.000
202606132342,  -0.452,   0.268,9999.000,9999.000,9999.000,9999.000,9999.000,9999.000,9999.000
202606132348,  -0.456,   0.259,9999.000,9999.000,9999.000,9999.000,9999.000,9999.000,9999.000
202606132354,  -0.458,   0.229,9999.000,9999.000,9999.000,9999.000,9999.000,9999.000,9999.000
202606140000,  -0.460,   0.219,   0.600,   0.079,   0.219,   0.500,   0.119,   0.600,   0.219
202606140006,  -0.461,   0.229,9999.000,9999.000,9999.000,9999.000,9999.000,9999.000,9999.000
202606140012,  -0.462,   0.229,9999.000,9999.000,9999.000,9999.000,9999.000,9999.000,9999.000
202606140018,  -0.461,   0.239,9999.000,9999.000,9999.000,9999.000,9999.000,9999.000,9999.000
202606140024,  -0.460,   0.229,9999.000,9999.000,9999.000,9999.000,9999.000,9999.000,9999.000
202606140030,  -0.458,   0.249,9999.000,9999.000,9999.000,9999.000,9999.000,9999.000,9999.000
202606140036,  -0.456,   0.249,9999.000,9999.000,9999.000,9999.000,9999.000,9999.000,9999.000
202606140042,  -0.453,   0.259,9999.000,9999.000,9999.000,9999.000,9999.000,9999.000,9999.000
202606140048,  -0.450,   0.259,9999.000,9999.000,9999.000,9999.000,9999.000,9999.000,9999.000
202606140054,  -0.446,   0.239,9999.000,9999.000,9999.000,9999.000,9999.000,9999.000,9999.000
202606140100,  -0.441,   0.229,   0.600,   0.070,   0.229,   0.500,   0.129,   0.600,   0.229
202606140106,  -0.436,   0.209,9999.000,9999.000,9999.000,9999.000,9999.000,9999.000,9999.000
202606140112,  -0.430,   0.190,9999.000,9999.000,9999.000,9999.000,9999.000,9999.000,9999.000
202606140118,  -0.424,   0.170,9999.000,9999.000,9999.000,9999.000,9999.000,9999.000,9999.000
202606140124,  -0.417,   0.170,9999.000,9999.000,9999.000,9999.000,9999.000,9999.000,9999.000
202606140130,  -0.410,   0.160,9999.000,9999.000,9999.000,9999.000,9999.000,9999.000,9999.000
202606140136,  -0.402,   0.141,9999.000,9999.000,9999.000,9999.000,9999.000,9999.000,9999.000
202606140142,  -0.393,   0.141,9999.000,9999.000,9999.000,9999.000,9999.000,9999.000,9999.000
202606140148,  -0.384,   0.160,9999.000,9999.000,9999.000,9999.000,9999.000,9999.000,9999.000
202606140154,  -0.374,   0.200,9999.000,9999.000,9999.000,9999.000,9999.000,9999.000,9999.000
202606140200,  -0.363,   0.219,   0.600,  -0.018,   0.219,   0.600,   0.219,   0.600,   0.219
202606140206,  -0.352,   0.249,9999.000,9999.000,9999.000,9999.000,9999.000,9999.000,9999.000
202606140212,  -0.340,   0.278,9999.000,9999.000,9999.000,9999.000,9999.000,9999.000,9999.000
202606140218,  -0.328,   0.298,9999.000,9999.000,9999.000,9999.000,9999.000,9999.000,9999.000
202606140224,  -0.314,   0.288,9999.000,9999.000,9999.000,9999.000,9999.000,9999.000,9999.000
202606140230,  -0.300,   0.288,9999.000,9999.000,9999.000,9999.000,9999.000,9999.000,9999.000
202606140236,  -0.285,   0.278,9999.000,9999.000,9999.000,9999.000,9999.000,9999.000,9999.000
202606140242,  -0.270,   0.268,9999.000,9999.000,9999.000,9999.000,9999.000,9999.000,9999.000
202606140248,  -0.253,   0.259,9999.000,9999.000,9999.000,9999.000,9999.000,9999.000,9999.000
202606140254,  -0.236,   0.268,9999.000,9999.000,9999.000,9999.000,9999.000,9999.000,9999.000
202606140300,  -0.217,   0.298,   0.600,  -0.085,   0.298,   0.600,   0.298,   0.600,   0.298
202606140306,  -0.198,   0.350,9999.000,9999.000,9999.000,9999.000,9999.000,9999.000,9999.000
202606140312,  -0.178,   0.409,9999.000,9999.000,9999.000,9999.000,9999.000,9999.000,9999.000
202606140318,  -0.158,   0.459,9999.000,9999.000,9999.000,9999.000,9999.000,9999.000,9999.000
202606140324,  -0.136,   0.478,9999.000,9999.000,9999.000,9999.000,9999.000,9999.000,9999.000
202606140330,  -0.113,   0.498,9999.000,9999.000,9999.000,9999.000,9999.000,9999.000,9999.000
202606140336,  -0.090,   0.518,9999.000,9999.000,9999.000,9999.000,9999.000,9999.000,9999.000
202606140342,  -0.066,   0.531,9999.000,9999.000,9999.000,9999.000,9999.000,9999.000,9999.000
202606140348,  -0.041,   0.541,9999.000,9999.000,9999.000,9999.000,9999.000,9999.000,9999.000
202606140354,  -0.015,   0.551,9999.000,9999.000,9999.000,9999.000,9999.000,9999.000,9999.000
202606140400,   0.010,   0.580,   0.600,  -0.030,   0.580,   0.600,   0.580,   0.700,   0.680
202606140406,   0.037,   0.629,9999.000,9999.000,9999.000,9999.000,9999.000,9999.000,9999.000
202606140412,   0.065,   0.678,9999.000,9999.000,9999.000,9999.000,9999.000,9999.000,9999.000
202606140418,   0.094,   0.751,9999.000,9999.000,9999.000,9999.000,9999.000,9999.000,9999.000
202606140424,   0.122,   0.829,9999.000,9999.000,9999.000,9999.000,9999.000,9999.000,9999.000
202606140430,   0.152,   0.898,9999.000,9999.000,9999.000,9999.000,9999.000,9999.000,9999.000
202606140436,   0.182,   0.941,9999.000,9999.000,9999.000,9999.000,9999.000,9999.000,9999.000
202606140442,   0.212,   0.980,9999.000,9999.000,9999.000,9999.000,9999.000,9999.000,9999.000
202606140448,   0.242,   1.010,9999.000,9999.000,9999.000,9999.000,9999.000,9999.000,9999.000
202606140454,   0.273,   1.020,9999.000,9999.000,9999.000,9999.000,9999.000,9999.000,9999.000
202606140500,   0.304,   1.020,   0.600,   0.116,   1.020,   0.600,   1.020,   0.700,   1.120
202606140506,   0.335,   1.049,9999.000,9999.000,9999.000,9999.000,9999.000,9999.000,9999.000
202606140512,   0.366,   1.079,9999.000,9999.000,9999.000,9999.000,9999.000,9999.000,9999.000
202606140518,   0.397,   1.118,9999.000,9999.000,9999.000,9999.000,9999.000,9999.000,9999.000
202606140524,   0.428,   1.180,9999.000,9999.000,9999.000,9999.000,9999.000,9999.000,9999.000
202606140530,   0.458,   1.239,9999.000,9999.000,9999.000,9999.000,9999.000,9999.000,9999.000
202606140536,   0.489,   1.289,9999.000,9999.000,9999.000,9999.000,9999.000,9999.000,9999.000
202606140542,   0.519,   1.348,9999.000,9999.000,9999.000,9999.000,9999.000,9999.000,9999.000
202606140548,   0.549,   1.400,9999.000,9999.000,9999.000,9999.000,9999.000,9999.000,9999.000
202606140554,   0.579,   1.439,9999.000,9999.000,9999.000,9999.000,9999.000,9999.000,9999.000
202606140600,   0.609,   1.459,   0.600,   0.250,   1.459,   0.600,   1.459,   0.700,   1.559
202606140606,   0.638,   1.469,9999.000,9999.000,9999.000,9999.000,9999.000,9999.000,9999.000
202606140612,   0.667,   1.469,9999.000,9999.000,9999.000,9999.000,9999.000,9999.000,9999.000
202606140618,   0.695,   1.469,9999.000,9999.000,9999.000,9999.000,9999.000,9999.000,9999.000
202606140624,   0.723,   1.459,9999.000,9999.000,9999.000,9999.000,9999.000,9999.000,9999.000
202606140630,   0.750,   1.459,9999.000,9999.000,9999.000,9999.000,9999.000,9999.000,9999.000
202606140636,   0.777,   1.479,9999.000,9999.000,9999.000,9999.000,9999.000,9999.000,9999.000
202606140642,   0.803,   1.508,9999.000,9999.000,9999.000,9999.000,9999.000,9999.000,9999.000
202606140648,   0.829,   1.538,9999.000,9999.000,9999.000,9999.000,9999.000,9999.000,9999.000
202606140654,   0.855,   1.580,9999.000,9999.000,9999.000,9999.000,9999.000,9999.000,9999.000
202606140700,   0.880,   1.610,   0.600,   0.130,   1.610,   0.600,   1.610,   0.700,   1.710
202606140706,   0.905,   1.630,9999.000,9999.000,9999.000,9999.000,9999.000,9999.000,9999.000
202606140712,   0.930,   1.649,9999.000,9999.000,9999.000,9999.000,9999.000,9999.000,9999.000
202606140718,   0.954,   1.669,9999.000,9999.000,9999.000,9999.000,9999.000,9999.000,9999.000
202606140724,   0.978,   1.679,9999.000,9999.000,9999.000,9999.000,9999.000,9999.000,9999.000
202606140730,   1.001,   1.679,9999.000,9999.000,9999.000,9999.000,9999.000,9999.000,9999.000
202606140736,   1.025,   1.689,9999.000,9999.000,9999.000,9999.000,9999.000,9999.000,9999.000
202606140742,   1.048,   1.699,9999.000,9999.000,9999.000,9999.000,9999.000,9999.000,9999.000
202606140748,   1.071,   1.708,9999.000,9999.000,9999.000,9999.000,9999.000,9999.000,9999.000
202606140754,   1.094,   1.718,9999.000,9999.000,9999.000,9999.000,9999.000,9999.000,9999.000
202606140800,   1.116,   1.728,   0.600,   0.012,   1.728,   0.600,   1.728,   0.700,   1.828
202606140806,   1.139,   1.738,9999.000,9999.000,9999.000,9999.000,9999.000,9999.000,9999.000
202606140812,   1.162,   1.767,9999.000,9999.000,9999.000,9999.000,9999.000,9999.000,9999.000
202606140818,   1.184,   1.800,9999.000,9999.000,9999.000,9999.000,9999.000,9999.000,9999.000
202606140824,   1.207,   1.820,9999.000,9999.000,9999.000,9999.000,9999.000,9999.000,9999.000
202606140830,   1.230,   1.849,9999.000,9999.000,9999.000,9999.000,9999.000,9999.000,9999.000
202606140836,   1.253,   1.869,9999.000,9999.000,9999.000,9999.000,9999.000,9999.000,9999.000
202606140842,   1.276,   1.879,9999.000,9999.000,9999.000,9999.000,9999.000,9999.000,9999.000
202606140848,   1.300,   1.889,9999.000,9999.000,9999.000,9999.000,9999.000,9999.000,9999.000
202606140854,   1.323,   1.899,9999.000,9999.000,9999.000,9999.000,9999.000,9999.000,9999.000
202606140900,   1.347,   1.908,   0.600,  -0.039,   1.908,   0.600,   1.908,   0.600,   1.908
202606140906,   1.371,   1.918,9999.000,9999.000,9999.000,9999.000,9999.000,9999.000,9999.000
202606140912,   1.396,   1.948,9999.000,9999.000,9999.000,9999.000,9999.000,9999.000,9999.000
202606140918,   1.420,   1.967,9999.000,9999.000,9999.000,9999.000,9999.000,9999.000,9999.000
202606140924,   1.445,   1.990,9999.000,9999.000,9999.000,9999.000,9999.000,9999.000,9999.000
202606140930,   1.470,   2.010,9999.000,9999.000,9999.000,9999.000,9999.000,9999.000,9999.000
202606140936,   1.495,   2.040,9999.000,9999.000,9999.000,9999.000,9999.000,9999.000,9999.000
202606140942,   1.521,   2.059,9999.000,9999.000,9999.000,9999.000,9999.000,9999.000,9999.000
202606140948,   1.547,   2.079,9999.000,9999.000,9999.000,9999.000,9999.000,9999.000,9999.000
202606140954,   1.573,   2.109,9999.000,9999.000,9999.000,9999.000,9999.000,9999.000,9999.000
202606141000,   1.599,   2.138,   0.600,  -0.061,   2.138,   0.600,   2.138,   0.600,   2.138
202606141006,   1.626,   2.168,9999.000,9999.000,9999.000,9999.000,9999.000,9999.000,9999.000
202606141012,   1.653,   2.191,9999.000,9999.000,9999.000,9999.000,9999.000,9999.000,9999.000
202606141018,   1.679,   2.210,9999.000,9999.000,9999.000,9999.000,9999.000,9999.000,9999.000
202606141024,   1.706,   2.210,9999.000,9999.000,9999.000,9999.000,9999.000,9999.000,9999.000
202606141030,   1.733,   2.220,9999.000,9999.000,9999.000,9999.000,9999.000,9999.000,9999.000
202606141036,   1.761,   2.240,9999.000,9999.000,9999.000,9999.000,9999.000,9999.000,9999.000
202606141042,   1.788,   2.269,9999.000,9999.000,9999.000,9999.000,9999.000,9999.000,9999.000
202606141048,   1.815,   2.299,9999.000,9999.000,9999.000,9999.000,9999.000,9999.000,9999.000
202606141054,   1.842,   2.318,9999.000,9999.000,9999.000,9999.000,9999.000,9999.000,9999.000
202606141100,   1.868,   2.348,   0.600,  -0.120,   2.348,   0.600,   2.348,   0.600,   2.348
202606141106,   1.895,   2.358,9999.000,9999.000,9999.000,9999.000,9999.000,9999.000,9999.000
202606141112,   1.921,   2.368,9999.000,9999.000,9999.000,9999.000,9999.000,9999.000,9999.000
202606141118,   1.947,   2.368,9999.000,9999.000,9999.000,9999.000,9999.000,9999.000,9999.000
202606141124,   1.973,   2.387,9999.000,9999.000,9999.000,9999.000,9999.000,9999.000,9999.000
202606141130,   1.998,   2.420,9999.000,9999.000,9999.000,9999.000,9999.000,9999.000,9999.000
202606141136,   2.023,   2.450,9999.000,9999.000,9999.000,9999.000,9999.000,9999.000,9999.000
202606141142,   2.047,   2.489,9999.000,9999.000,9999.000,9999.000,9999.000,9999.000,9999.000
202606141148,   2.071,   2.499,9999.000,9999.000,9999.000,9999.000,9999.000,9999.000,9999.000
202606141154,   2.093,   2.499,9999.000,9999.000,9999.000,9999.000,9999.000,9999.000,9999.000
202606141200,   2.116,   2.519,   0.600,  -0.197,   2.519,   0.500,   2.419,   0.600,   2.519
202606141206,   2.137,   2.548,9999.000,9999.000,9999.000,9999.000,9999.000,9999.000,9999.000
202606141212,   2.157,   2.568,9999.000,9999.000,9999.000,9999.000,9999.000,9999.000,9999.000
202606141218,   2.177,   2.597,9999.000,9999.000,9999.000,9999.000,9999.000,9999.000,9999.000
202606141224,   2.195,   2.640,9999.000,9999.000,9999.000,9999.000,9999.000,9999.000,9999.000
202606141230,   2.213,   2.669,9999.000,9999.000,9999.000,9999.000,9999.000,9999.000,9999.000
202606141236,   2.229,   2.689,9999.000,9999.000,9999.000,9999.000,9999.000,9999.000,9999.000
202606141242,   2.245,   2.699,9999.000,9999.000,9999.000,9999.000,9999.000,9999.000,9999.000
202606141248,   2.259,   2.719,9999.000,9999.000,9999.000,9999.000,9999.000,9999.000,9999.000
202606141254,   2.272,   2.719,9999.000,9999.000,9999.000,9999.000,9999.000,9999.000,9999.000
202606141300,   2.284,   2.738,   0.600,  -0.146,   2.738,   0.500,   2.638,   0.600,   2.738
202606141306,   2.295,   2.758,9999.000,9999.000,9999.000,9999.000,9999.000,9999.000,9999.000
202606141312,   2.304,   2.778,9999.000,9999.000,9999.000,9999.000,9999.000,9999.000,9999.000
202606141318,   2.312,   2.787,9999.000,9999.000,9999.000,9999.000,9999.000,9999.000,9999.000
202606141324,   2.319,   2.797,9999.000,9999.000,9999.000,9999.000,9999.000,9999.000,9999.000
202606141330,   2.324,   2.807,9999.000,9999.000,9999.000,9999.000,9999.000,9999.000,9999.000
202606141336,   2.329,   2.807,9999.000,9999.000,9999.000,9999.000,9999.000,9999.000,9999.000
202606141342,   2.332,   2.797,9999.000,9999.000,9999.000,9999.000,9999.000,9999.000,9999.000
202606141348,   2.333,   2.797,9999.000,9999.000,9999.000,9999.000,9999.000,9999.000,9999.000
202606141354,   2.334,   2.807,9999.000,9999.000,9999.000,9999.000,9999.000,9999.000,9999.000
202606141400,   2.333,   2.820,   0.500,  -0.013,   2.820,   0.500,   2.820,   0.600,   2.920
202606141406,   2.331,   2.830,9999.000,9999.000,9999.000,9999.000,9999.000,9999.000,9999.000
202606141412,   2.328,   2.840,9999.000,9999.000,9999.000,9999.000,9999.000,9999.000,9999.000
202606141418,   2.324,   2.840,9999.000,9999.000,9999.000,9999.000,9999.000,9999.000,9999.000
202606141424,   2.318,   2.830,9999.000,9999.000,9999.000,9999.000,9999.000,9999.000,9999.000
202606141430,   2.312,   2.840,9999.000,9999.000,9999.000,9999.000,9999.000,9999.000,9999.000
202606141436,   2.305,   2.840,9999.000,9999.000,9999.000,9999.000,9999.000,9999.000,9999.000
202606141442,   2.297,   2.830,9999.000,9999.000,9999.000,9999.000,9999.000,9999.000,9999.000
202606141448,   2.287,   2.820,9999.000,9999.000,9999.000,9999.000,9999.000,9999.000,9999.000
202606141454,   2.277,   2.797,9999.000,9999.000,9999.000,9999.000,9999.000,9999.000,9999.000
202606141500,   2.267,   2.778,   0.500,   0.011,   2.778,   0.500,   2.778,   0.600,   2.878
202606141506,   2.255,   2.738,9999.000,9999.000,9999.000,9999.000,9999.000,9999.000,9999.000
202606141512,   2.243,   2.709,9999.000,9999.000,9999.000,9999.000,9999.000,9999.000,9999.000
202606141518,   2.230,   2.679,9999.000,9999.000,9999.000,9999.000,9999.000,9999.000,9999.000
202606141524,   2.217,   2.650,9999.000,9999.000,9999.000,9999.000,9999.000,9999.000,9999.000
202606141530,   2.203,   2.630,9999.000,9999.000,9999.000,9999.000,9999.000,9999.000,9999.000
202606141536,   2.188,   2.630,9999.000,9999.000,9999.000,9999.000,9999.000,9999.000,9999.000
202606141542,   2.173,   2.620,9999.000,9999.000,9999.000,9999.000,9999.000,9999.000,9999.000
202606141548,   2.157,   2.610,9999.000,9999.000,9999.000,9999.000,9999.000,9999.000,9999.000
202606141554,   2.141,   2.597,9999.000,9999.000,9999.000,9999.000,9999.000,9999.000,9999.000
202606141600,   2.125,   2.578,   0.500,  -0.047,   2.578,   0.500,   2.578,   0.500,   2.578
202606141606,   2.108,   2.558,9999.000,9999.000,9999.000,9999.000,9999.000,9999.000,9999.000
202606141612,   2.090,   2.528,9999.000,9999.000,9999.000,9999.000,9999.000,9999.000,9999.000
202606141618,   2.072,   2.499,9999.000,9999.000,9999.000,9999.000,9999.000,9999.000,9999.000
202606141624,   2.054,   2.479,9999.000,9999.000,9999.000,9999.000,9999.000,9999.000,9999.000
202606141630,   2.035,   2.440,9999.000,9999.000,9999.000,9999.000,9999.000,9999.000,9999.000
202606141636,   2.016,   2.410,9999.000,9999.000,9999.000,9999.000,9999.000,9999.000,9999.000
202606141642,   1.996,   2.387,9999.000,9999.000,9999.000,9999.000,9999.000,9999.000,9999.000
202606141648,   1.976,   2.377,9999.000,9999.000,9999.000,9999.000,9999.000,9999.000,9999.000
202606141654,   1.955,   2.368,9999.000,9999.000,9999.000,9999.000,9999.000,9999.000,9999.000
202606141700,   1.933,   2.358,   0.500,  -0.075,   2.358,   0.500,   2.358,   0.500,   2.358
202606141706,   1.911,   2.348,9999.000,9999.000,9999.000,9999.000,9999.000,9999.000,9999.000
202606141712,   1.888,   2.338,9999.000,9999.000,9999.000,9999.000,9999.000,9999.000,9999.000
202606141718,   1.864,   2.309,9999.000,9999.000,9999.000,9999.000,9999.000,9999.000,9999.000
202606141724,   1.840,   2.279,9999.000,9999.000,9999.000,9999.000,9999.000,9999.000,9999.000
202606141730,   1.815,   2.279,9999.000,9999.000,9999.000,9999.000,9999.000,9999.000,9999.000
202606141736,   1.789,   2.259,9999.000,9999.000,9999.000,9999.000,9999.000,9999.000,9999.000
202606141742,   1.762,   2.250,9999.000,9999.000,9999.000,9999.000,9999.000,9999.000,9999.000
202606141748,   1.734,   2.220,9999.000,9999.000,9999.000,9999.000,9999.000,9999.000,9999.000
202606141754,   1.705,   2.191,9999.000,9999.000,9999.000,9999.000,9999.000,9999.000,9999.000
202606141800,   1.675,   2.158,   0.500,  -0.017,   2.158,   0.400,   2.058,   0.500,   2.158
202606141806,   1.645,   2.138,9999.000,9999.000,9999.000,9999.000,9999.000,9999.000,9999.000
202606141812,   1.613,   2.138,9999.000,9999.000,9999.000,9999.000,9999.000,9999.000,9999.000
202606141818,   1.580,   2.118,9999.000,9999.000,9999.000,9999.000,9999.000,9999.000,9999.000
202606141824,   1.546,   2.089,9999.000,9999.000,9999.000,9999.000,9999.000,9999.000,9999.000
202606141830,   1.511,   2.059,9999.000,9999.000,9999.000,9999.000,9999.000,9999.000,9999.000
202606141836,   1.475,   2.030,9999.000,9999.000,9999.000,9999.000,9999.000,9999.000,9999.000
202606141842,   1.438,   2.000,9999.000,9999.000,9999.000,9999.000,9999.000,9999.000,9999.000
202606141848,   1.400,   1.990,9999.000,9999.000,9999.000,9999.000,9999.000,9999.000,9999.000
202606141854,   1.360,   1.958,9999.000,9999.000,9999.000,9999.000,9999.000,9999.000,9999.000
202606141900,   1.320,   1.918,   0.500,   0.098,   1.918,   0.400,   1.818,   0.500,   1.918
202606141906,   1.279,   1.889,9999.000,9999.000,9999.000,9999.000,9999.000,9999.000,9999.000
202606141912,   1.237,   1.869,9999.000,9999.000,9999.000,9999.000,9999.000,9999.000,9999.000
202606141918,   1.194,   1.820,9999.000,9999.000,9999.000,9999.000,9999.000,9999.000,9999.000
202606141924,   1.150,   1.781,9999.000,9999.000,9999.000,9999.000,9999.000,9999.000,9999.000
202606141930,   1.106,   1.748,9999.000,9999.000,9999.000,9999.000,9999.000,9999.000,9999.000
202606141936,   1.060,   1.689,9999.000,9999.000,9999.000,9999.000,9999.000,9999.000,9999.000
202606141942,   1.014,   1.659,9999.000,9999.000,9999.000,9999.000,9999.000,9999.000,9999.000
202606141948,   0.968,   1.620,9999.000,9999.000,9999.000,9999.000,9999.000,9999.000,9999.000
202606141954,   0.921,   1.557,9999.000,9999.000,9999.000,9999.000,9999.000,9999.000,9999.000
202606142000,   0.873,   1.489,   0.500,   0.116,   1.489,   0.400,   1.389,   0.500,   1.489
202606142006,   0.825,   1.449,9999.000,9999.000,9999.000,9999.000,9999.000,9999.000,9999.000
202606142012,   0.777,   1.410,9999.000,9999.000,9999.000,9999.000,9999.000,9999.000,9999.000
202606142018,   0.729,   1.380,9999.000,9999.000,9999.000,9999.000,9999.000,9999.000,9999.000
202606142024,   0.681,   1.338,9999.000,9999.000,9999.000,9999.000,9999.000,9999.000,9999.000
202606142030,   0.633,   1.298,9999.000,9999.000,9999.000,9999.000,9999.000,9999.000,9999.000
202606142036,   0.585,   1.259,9999.000,9999.000,9999.000,9999.000,9999.000,9999.000,9999.000
202606142042,   0.537,   1.220,9999.000,9999.000,9999.000,9999.000,9999.000,9999.000,9999.000
202606142048,   0.489,   1.170,9999.000,9999.000,9999.000,9999.000,9999.000,9999.000,9999.000
202606142054,   0.442,   1.118,9999.000,9999.000,9999.000,9999.000,9999.000,9999.000,9999.000
202606142100,   0.395,   1.088,   0.500,   0.193,   1.088,   0.400,   0.988,   0.500,   1.088
202606142106,   0.348,   1.049,9999.000,9999.000,9999.000,9999.000,9999.000,9999.000,9999.000
202606142112,   0.303,   1.020,9999.000,9999.000,9999.000,9999.000,9999.000,9999.000,9999.000
202606142118,   0.258,   0.970,9999.000,9999.000,9999.000,9999.000,9999.000,9999.000,9999.000
202606142124,   0.213,   0.928,9999.000,9999.000,9999.000,9999.000,9999.000,9999.000,9999.000
202606142130,   0.170,   0.888,9999.000,9999.000,9999.000,9999.000,9999.000,9999.000,9999.000
202606142136,   0.128,   0.859,9999.000,9999.000,9999.000,9999.000,9999.000,9999.000,9999.000
202606142142,   0.086,   0.839,9999.000,9999.000,9999.000,9999.000,9999.000,9999.000,9999.000
202606142148,   0.046,   0.819,9999.000,9999.000,9999.000,9999.000,9999.000,9999.000,9999.000
202606142154,   0.006,   0.810,9999.000,9999.000,9999.000,9999.000,9999.000,9999.000,9999.000
202606142200,  -0.031,   0.780,   0.500,   0.311,   0.780,   0.400,   0.680,   0.500,   0.780
202606142206,  -0.068,   0.731,9999.000,9999.000,9999.000,9999.000,9999.000,9999.000,9999.000
202606142212,  -0.104,   0.698,9999.000,9999.000,9999.000,9999.000,9999.000,9999.000,9999.000
202606142218,  -0.138,   0.659,9999.000,9999.000,9999.000,9999.000,9999.000,9999.000,9999.000
202606142224,  -0.171,   0.600,9999.000,9999.000,9999.000,9999.000,9999.000,9999.000,9999.000
202606142230,  -0.203,   0.541,9999.000,9999.000,9999.000,9999.000,9999.000,9999.000,9999.000
202606142236,  -0.233,   0.498,9999.000,9999.000,9999.000,9999.000,9999.000,9999.000,9999.000
202606142242,  -0.262,   0.469,9999.000,9999.000,9999.000,9999.000,9999.000,9999.000,9999.000
202606142248,  -0.290,   0.469,9999.000,9999.000,9999.000,9999.000,9999.000,9999.000,9999.000
202606142254,  -0.316,   0.459,9999.000,9999.000,9999.000,9999.000,9999.000,9999.000,9999.000
202606142300,  -0.341,   0.439,   0.500,   0.280,   0.439,   0.500,   0.439,   0.600,   0.539
202606142306,  -0.364,   0.439,9999.000,9999.000,9999.000,9999.000,9999.000,9999.000,9999.000
202606142312,  -0.386,   0.419,9999.000,9999.000,9999.000,9999.000,9999.000,9999.000,9999.000
202606142318,  -0.406,   0.390,9999.000,9999.000,9999.000,9999.000,9999.000,9999.000,9999.000
202606142324,  -0.425,   0.360,9999.000,9999.000,9999.000,9999.000,9999.000,9999.000,9999.000
202606142330,  -0.443,   0.331,9999.000,9999.000,9999.000,9999.000,9999.000,9999.000,9999.000
202606142336,  -0.460,   0.298,9999.000,9999.000,9999.000,9999.000,9999.000,9999.000,9999.000
202606142342,  -0.475,   0.268,9999.000,9999.000,9999.000,9999.000,9999.000,9999.000,9999.000
202606142348,  -0.489,   0.229,9999.000,9999.000,9999.000,9999.000,9999.000,9999.000,9999.000
202606142354,  -0.501,   0.200,9999.000,9999.000,9999.000,9999.000,9999.000,9999.000,9999.000
202606150000,  -0.513,   0.170,   0.500,   0.183,   0.170,   0.500,   0.170,   0.600,   0.270
202606150006,  -0.523,   0.160,9999.000,9999.000,9999.000,9999.000,9999.000,9999.000,9999.000
202606150012,  -0.532,   0.160,9999.000,9999.000,9999.000,9999.000,9999.000,9999.000,9999.000
202606150018,  -0.540,   0.160,9999.000,9999.000,9999.000,9999.000,9999.000,9999.000,9999.000
202606150024,  -0.547,   0.170,9999.000,9999.000,9999.000,9999.000,9999.000,9999.000,9999.000
202606150030,  -0.553,   0.180,9999.000,9999.000,9999.000,9999.000,9999.000,9999.000,9999.000
202606150036,  -0.558,   0.180,9999.000,9999.000,9999.000,9999.000,9999.000,9999.000,9999.000
202606150042,  -0.562,   0.150,9999.000,9999.000,9999.000,9999.000,9999.000,9999.000,9999.000
202606150048,  -0.565,   0.141,9999.000,9999.000,9999.000,9999.000,9999.000,9999.000,9999.000
202606150054,  -0.568,   0.098,9999.000,9999.000,9999.000,9999.000,9999.000,9999.000,9999.000
202606150100,  -0.569,   0.078,   0.600,   0.047,   0.078,   0.500,  -0.022,   0.600,   0.078
202606150106,  -0.570,   0.059,9999.000,9999.000,9999.000,9999.000,9999.000,9999.000,9999.000
202606150112,  -0.571,   0.049,9999.000,9999.000,9999.000,9999.000,9999.000,9999.000,9999.000
202606150118,  -0.570,   0.049,9999.000,9999.000,9999.000,9999.000,9999.000,9999.000,9999.000
202606150124,  -0.569,   0.059,9999.000,9999.000,9999.000,9999.000,9999.000,9999.000,9999.000
202606150130,  -0.568,   0.068,9999.000,9999.000,9999.000,9999.000,9999.000,9999.000,9999.000
202606150136,  -0.565,   0.078,9999.000,9999.000,9999.000,9999.000,9999.000,9999.000,9999.000
202606150142,  -0.563,   0.078,9999.000,9999.000,9999.000,9999.000,9999.000,9999.000,9999.000
202606150148,  -0.559,   0.078,9999.000,9999.000,9999.000,9999.000,9999.000,9999.000,9999.000
202606150154,  -0.555,   0.068,9999.000,9999.000,9999.000,9999.000,9999.000,9999.000,9999.000
202606150200,  -0.551,   0.059,   0.600,   0.010,   0.059,   0.600,   0.059,   0.600,   0.059
202606150206,  -0.546,   0.049,9999.000,9999.000,9999.000,9999.000,9999.000,9999.000,9999.000
202606150212,  -0.540,   0.039,9999.000,9999.000,9999.000,9999.000,9999.000,9999.000,9999.000
202606150218,  -0.534,   0.039,9999.000,9999.000,9999.000,9999.000,9999.000,9999.000,9999.000
202606150224,  -0.528,   0.039,9999.000,9999.000,9999.000,9999.000,9999.000,9999.000,9999.000
202606150230,  -0.520,   0.039,9999.000,9999.000,9999.000,9999.000,9999.000,9999.000,9999.000
202606150236,  -0.513,   0.049,9999.000,9999.000,9999.000,9999.000,9999.000,9999.000,9999.000
202606150242,  -0.504,   0.059,9999.000,9999.000,9999.000,9999.000,9999.000,9999.000,9999.000
202606150248,  -0.495,   0.068,9999.000,9999.000,9999.000,9999.000,9999.000,9999.000,9999.000
202606150254,  -0.485,   0.088,9999.000,9999.000,9999.000,9999.000,9999.000,9999.000,9999.000
202606150300,  -0.474,   0.121,   0.600,  -0.005,   0.121,   0.600,   0.121,   0.700,   0.221
202606150306,  -0.463,   0.150,9999.000,9999.000,9999.000,9999.000,9999.000,9999.000,9999.000
202606150312,  -0.451,   0.170,9999.000,9999.000,9999.000,9999.000,9999.000,9999.000,9999.000
202606150318,  -0.438,   0.190,9999.000,9999.000,9999.000,9999.000,9999.000,9999.000,9999.000
202606150324,  -0.424,   0.219,9999.000,9999.000,9999.000,9999.000,9999.000,9999.000,9999.000
202606150330,  -0.409,   0.249,9999.000,9999.000,9999.000,9999.000,9999.000,9999.000,9999.000
202606150336,  -0.393,   0.268,9999.000,9999.000,9999.000,9999.000,9999.000,9999.000,9999.000
202606150342,  -0.377,   0.278,9999.000,9999.000,9999.000,9999.000,9999.000,9999.000,9999.000
202606150348,  -0.359,   0.298,9999.000,9999.000,9999.000,9999.000,9999.000,9999.000,9999.000
202606150354,  -0.341,   0.341,9999.000,9999.000,9999.000,9999.000,9999.000,9999.000,9999.000
202606150400,  -0.321,   0.370,   0.600,   0.091,   0.370,   0.600,   0.370,   0.700,   0.470
202606150406,  -0.300,   0.390,9999.000,9999.000,9999.000,9999.000,9999.000,9999.000,9999.000
202606150412,  -0.279,   0.429,9999.000,9999.000,9999.000,9999.000,9999.000,9999.000,9999.000
202606150418,  -0.256,   0.469,9999.000,9999.000,9999.000,9999.000,9999.000,9999.000,9999.000
202606150424,  -0.232,   0.508,9999.000,9999.000,9999.000,9999.000,9999.000,9999.000,9999.000
202606150430,  -0.208,   0.551,9999.000,9999.000,9999.000,9999.000,9999.000,9999.000,9999.000
202606150436,  -0.182,   0.580,9999.000,9999.000,9999.000,9999.000,9999.000,9999.000,9999.000
202606150442,  -0.156,   0.629,9999.000,9999.000,9999.000,9999.000,9999.000,9999.000,9999.000
202606150448,  -0.128,   0.669,9999.000,9999.000,9999.000,9999.000,9999.000,9999.000,9999.000
202606150454,  -0.100,   0.698,9999.000,9999.000,9999.000,9999.000,9999.000,9999.000,9999.000
202606150500,  -0.071,   0.718,   0.700,   0.089,   0.718,   0.600,   0.618,   0.700,   0.718
202606150506,  -0.041,   0.751,9999.000,9999.000,9999.000,9999.000,9999.000,9999.000,9999.000
202606150512,  -0.011,   0.780,9999.000,9999.000,9999.000,9999.000,9999.000,9999.000,9999.000
202606150518,   0.019,   0.810,9999.000,9999.000,9999.000,9999.000,9999.000,9999.000,9999.000
202606150524,   0.051,   0.839,9999.000,9999.000,9999.000,9999.000,9999.000,9999.000,9999.000
202606150530,   0.083,   0.869,9999.000,9999.000,9999.000,9999.000,9999.000,9999.000,9999.000
202606150536,   0.116,   0.898,9999.000,9999.000,9999.000,9999.000,9999.000,9999.000,9999.000
202606150542,   0.149,   0.928,9999.000,9999.000,9999.000,9999.000,9999.000,9999.000,9999.000
202606150548,   0.182,   0.941,9999.000,9999.000,9999.000,9999.000,9999.000,9999.000,9999.000
202606150554,   0.216,   0.970,9999.000,9999.000,9999.000,9999.000,9999.000,9999.000,9999.000
202606150600,   0.249,   0.990,   0.700,   0.041,   0.990,   0.700,   0.990,   0.800,   1.090
202606150606,   0.283,   1.000,9999.000,9999.000,9999.000,9999.000,9999.000,9999.000,9999.000
202606150612,   0.317,   1.000,9999.000,9999.000,9999.000,9999.000,9999.000,9999.000,9999.000
202606150618,   0.350,   0.990,9999.000,9999.000,9999.000,9999.000,9999.000,9999.000,9999.000
202606150624,   0.384,   0.990,9999.000,9999.000,9999.000,9999.000,9999.000,9999.000,9999.000
202606150630,   0.417,   0.990,9999.000,9999.000,9999.000,9999.000,9999.000,9999.000,9999.000
202606150636,   0.450,   1.010,9999.000,9999.000,9999.000,9999.000,9999.000,9999.000,9999.000
202606150642,   0.482,   1.039,9999.000,9999.000,9999.000,9999.000,9999.000,9999.000,9999.000
202606150648,   0.515,   1.069,9999.000,9999.000,9999.000,9999.000,9999.000,9999.000,9999.000
202606150654,   0.546,   1.108,9999.000,9999.000,9999.000,9999.000,9999.000,9999.000,9999.000
202606150700,   0.578,   1.151,   0.700,  -0.127,   1.151,   0.700,   1.151,   0.800,   1.251
202606150706,   0.609,   1.190,9999.000,9999.000,9999.000,9999.000,9999.000,9999.000,9999.000
202606150712,   0.639,   1.220,9999.000,9999.000,9999.000,9999.000,9999.000,9999.000,9999.000
202606150718,   0.669,   1.239,9999.000,9999.000,9999.000,9999.000,9999.000,9999.000,9999.000
202606150724,   0.698,   1.259,9999.000,9999.000,9999.000,9999.000,9999.000,9999.000,9999.000
202606150730,   0.727,   1.259,9999.000,9999.000,9999.000,9999.000,9999.000,9999.000,9999.000
202606150736,   0.755,   1.259,9999.000,9999.000,9999.000,9999.000,9999.000,9999.000,9999.000
202606150742,   0.783,   1.269,9999.000,9999.000,9999.000,9999.000,9999.000,9999.000,9999.000
202606150748,   0.810,   1.289,9999.000,9999.000,9999.000,9999.000,9999.000,9999.000,9999.000
202606150754,   0.836,   1.308,9999.000,9999.000,9999.000,9999.000,9999.000,9999.000,9999.000
202606150800,   0.862,   1.328,   0.700,  -0.234,   1.328,   0.700,   1.328,   0.800,   1.428
202606150806,   0.888,   1.361,9999.000,9999.000,9999.000,9999.000,9999.000,9999.000,9999.000
202606150812,   0.913,   1.410,9999.000,9999.000,9999.000,9999.000,9999.000,9999.000,9999.000
202606150818,   0.938,   1.528,9999.000,9999.000,9999.000,9999.000,9999.000,9999.000,9999.000
202606150824,   0.963,   1.600,9999.000,9999.000,9999.000,9999.000,9999.000,9999.000,9999.000
202606150830,   0.987,   1.571,9999.000,9999.000,9999.000,9999.000,9999.000,9999.000,9999.000
202606150836,   1.011,   1.580,9999.000,9999.000,9999.000,9999.000,9999.000,9999.000,9999.000
202606150842,   1.035,   1.538,9999.000,9999.000,9999.000,9999.000,9999.000,9999.000,9999.000
202606150848,   1.058,   1.449,9999.000,9999.000,9999.000,9999.000,9999.000,9999.000,9999.000
202606150854,   1.082,   1.469,9999.000,9999.000,9999.000,9999.000,9999.000,9999.000,9999.000
202606150900,   1.105,   1.580,   0.700,  -0.225,   1.580,   0.700,   1.580,   0.700,   1.580
202606150906,   1.128,   1.659,9999.000,9999.000,9999.000,9999.000,9999.000,9999.000,9999.000
202606150912,   1.152,   1.699,9999.000,9999.000,9999.000,9999.000,9999.000,9999.000,9999.000
202606150918,   1.175,   1.748,9999.000,9999.000,9999.000,9999.000,9999.000,9999.000,9999.000
202606150924,   1.199,   1.767,9999.000,9999.000,9999.000,9999.000,9999.000,9999.000,9999.000
202606150930,   1.222,   1.790,9999.000,9999.000,9999.000,9999.000,9999.000,9999.000,9999.000
202606150936,   1.246,   1.810,9999.000,9999.000,9999.000,9999.000,9999.000,9999.000,9999.000
202606150942,   1.271,   1.879,9999.000,9999.000,9999.000,9999.000,9999.000,9999.000,9999.000
202606150948,   1.295,   1.938,9999.000,9999.000,9999.000,9999.000,9999.000,9999.000,9999.000
202606150954,   1.320,   2.010,9999.000,9999.000,9999.000,9999.000,9999.000,9999.000,9999.000
202606151000,   1.345,   2.128,   0.700,   0.083,   2.128,   0.700,   2.128,   0.700,   2.128
202606151006,   1.371,   2.168,9999.000,9999.000,9999.000,9999.000,9999.000,9999.000,9999.000
202606151012,   1.396,   2.079,9999.000,9999.000,9999.000,9999.000,9999.000,9999.000,9999.000
202606151018,   1.423,   1.990,9999.000,9999.000,9999.000,9999.000,9999.000,9999.000,9999.000
202606151024,   1.449,   1.889,9999.000,9999.000,9999.000,9999.000,9999.000,9999.000,9999.000
202606151030,   1.476,   1.820,9999.000,9999.000,9999.000,9999.000,9999.000,9999.000,9999.000
202606151036,   1.503,   1.810,9999.000,9999.000,9999.000,9999.000,9999.000,9999.000,9999.000
202606151042,   1.531,   1.908,9999.000,9999.000,9999.000,9999.000,9999.000,9999.000,9999.000
202606151048,   1.559,   2.059,9999.000,9999.000,9999.000,9999.000,9999.000,9999.000,9999.000
202606151054,   1.588,   2.230,9999.000,9999.000,9999.000,9999.000,9999.000,9999.000,9999.000
202606151100,   1.616,   2.328,   0.700,   0.012,   2.328,   0.700,   2.328,   0.700,   2.328
202606151106,   1.645,   2.348,9999.000,9999.000,9999.000,9999.000,9999.000,9999.000,9999.000
202606151112,   1.675,   2.328,9999.000,9999.000,9999.000,9999.000,9999.000,9999.000,9999.000
202606151118,   1.704,   2.299,9999.000,9999.000,9999.000,9999.000,9999.000,9999.000,9999.000
202606151124,   1.734,   2.259,9999.000,9999.000,9999.000,9999.000,9999.000,9999.000,9999.000
202606151130,   1.763,   2.230,9999.000,9999.000,9999.000,9999.000,9999.000,9999.000,9999.000
202606151136,   1.793,   2.220,9999.000,9999.000,9999.000,9999.000,9999.000,9999.000,9999.000
202606151142,   1.823,   2.210,9999.000,9999.000,9999.000,9999.000,9999.000,9999.000,9999.000
202606151148,   1.853,   2.200,9999.000,9999.000,9999.000,9999.000,9999.000,9999.000,9999.000
202606151154,   1.883,   2.148,9999.000,9999.000,9999.000,9999.000,9999.000,9999.000,9999.000
202606151200,   1.912,   2.148,   0.600,  -0.364,   2.148,   0.600,   2.148,   0.700,   2.248
202606151206,   1.941,   2.168,9999.000,9999.000,9999.000,9999.000,9999.000,9999.000,9999.000
202606151212,   1.970,   2.191,9999.000,9999.000,9999.000,9999.000,9999.000,9999.000,9999.000
202606151218,   1.999,   2.230,9999.000,9999.000,9999.000,9999.000,9999.000,9999.000,9999.000
202606151224,   2.027,   2.269,9999.000,9999.000,9999.000,9999.000,9999.000,9999.000,9999.000
202606151230,   2.054,   2.289,9999.000,9999.000,9999.000,9999.000,9999.000,9999.000,9999.000
202606151236,   2.081,   2.289,9999.000,9999.000,9999.000,9999.000,9999.000,9999.000,9999.000
202606151242,   2.107,   2.299,9999.000,9999.000,9999.000,9999.000,9999.000,9999.000,9999.000
202606151248,   2.133,   2.289,9999.000,9999.000,9999.000,9999.000,9999.000,9999.000,9999.000
202606151254,   2.157,   2.289,9999.000,9999.000,9999.000,9999.000,9999.000,9999.000,9999.000
202606151300,   2.181,   2.299,   0.600,  -0.482,   2.299,   0.600,   2.299,   0.700,   2.399
202606151306,   2.204,   2.328,9999.000,9999.000,9999.000,9999.000,9999.000,9999.000,9999.000
202606151312,   2.226,   2.348,9999.000,9999.000,9999.000,9999.000,9999.000,9999.000,9999.000
202606151318,   2.246,   2.348,9999.000,9999.000,9999.000,9999.000,9999.000,9999.000,9999.000
202606151324,   2.266,   2.328,9999.000,9999.000,9999.000,9999.000,9999.000,9999.000,9999.000
202606151330,   2.284,   2.338,9999.000,9999.000,9999.000,9999.000,9999.000,9999.000,9999.000
202606151336,   2.301,   2.348,9999.000,9999.000,9999.000,9999.000,9999.000,9999.000,9999.000
202606151342,   2.316,   2.348,9999.000,9999.000,9999.000,9999.000,9999.000,9999.000,9999.000
202606151348,   2.331,   2.328,9999.000,9999.000,9999.000,9999.000,9999.000,9999.000,9999.000
202606151354,   2.344,   2.328,9999.000,9999.000,9999.000,9999.000,9999.000,9999.000,9999.000
202606151400,   2.355,   2.368,   0.600,  -0.587,   2.368,   0.600,   2.368,   0.600,   2.368
202606151406,   2.365,   2.430,9999.000,9999.000,9999.000,9999.000,9999.000,9999.000,9999.000
202606151412,   2.374,   2.499,9999.000,9999.000,9999.000,9999.000,9999.000,9999.000,9999.000
202606151418,   2.382,   2.558,9999.000,9999.000,9999.000,9999.000,9999.000,9999.000,9999.000
202606151424,   2.387,   2.578,9999.000,9999.000,9999.000,9999.000,9999.000,9999.000,9999.000
202606151430,   2.392,   2.568,9999.000,9999.000,9999.000,9999.000,9999.000,9999.000,9999.000
202606151436,   2.395,   2.558,9999.000,9999.000,9999.000,9999.000,9999.000,9999.000,9999.000
202606151442,   2.397,   2.578,9999.000,9999.000,9999.000,9999.000,9999.000,9999.000,9999.000
202606151448,   2.397,   2.620,9999.000,9999.000,9999.000,9999.000,9999.000,9999.000,9999.000
202606151454,   2.396,   2.669,9999.000,9999.000,9999.000,9999.000,9999.000,9999.000,9999.000
202606151500,   2.394,   2.699,   0.600,  -0.295,   2.699,   0.500,   2.599,   0.600,   2.699
202606151506,   2.391,   2.719,9999.000,9999.000,9999.000,9999.000,9999.000,9999.000,9999.000
202606151512,   2.387,   2.728,9999.000,9999.000,9999.000,9999.000,9999.000,9999.000,9999.000
202606151518,   2.381,   2.719,9999.000,9999.000,9999.000,9999.000,9999.000,9999.000,9999.000
202606151524,   2.375,   2.728,9999.000,9999.000,9999.000,9999.000,9999.000,9999.000,9999.000
202606151530,   2.367,   2.728,9999.000,9999.000,9999.000,9999.000,9999.000,9999.000,9999.000
202606151536,   2.358,   2.709,9999.000,9999.000,9999.000,9999.000,9999.000,9999.000,9999.000
202606151542,   2.349,   2.699,9999.000,9999.000,9999.000,9999.000,9999.000,9999.000,9999.000
202606151548,   2.339,   2.679,9999.000,9999.000,9999.000,9999.000,9999.000,9999.000,9999.000
202606151554,   2.328,   2.660,9999.000,9999.000,9999.000,9999.000,9999.000,9999.000,9999.000
202606151600,   2.316,   2.650,   0.600,  -0.266,   2.650,   0.500,   2.550,   0.600,   2.650
202606151606,   2.304,   2.650,9999.000,9999.000,9999.000,9999.000,9999.000,9999.000,9999.000
202606151612,   2.291,   2.630,9999.000,9999.000,9999.000,9999.000,9999.000,9999.000,9999.000
202606151618,   2.278,   2.630,9999.000,9999.000,9999.000,9999.000,9999.000,9999.000,9999.000
202606151624,   2.264,   2.630,9999.000,9999.000,9999.000,9999.000,9999.000,9999.000,9999.000
202606151630,   2.250,   2.610,9999.000,9999.000,9999.000,9999.000,9999.000,9999.000,9999.000
202606151636,   2.235,   2.568,9999.000,9999.000,9999.000,9999.000,9999.000,9999.000,9999.000
202606151642,   2.220,   2.519,9999.000,9999.000,9999.000,9999.000,9999.000,9999.000,9999.000
202606151648,   2.204,   2.469,9999.000,9999.000,9999.000,9999.000,9999.000,9999.000,9999.000
202606151654,   2.188,   2.420,9999.000,9999.000,9999.000,9999.000,9999.000,9999.000,9999.000
202606151700,   2.172,   2.377,   0.600,  -0.395,   2.377,   0.500,   2.277,   0.600,   2.377
202606151706,   2.155,   2.318,9999.000,9999.000,9999.000,9999.000,9999.000,9999.000,9999.000
202606151712,   2.138,   2.279,9999.000,9999.000,9999.000,9999.000,9999.000,9999.000,9999.000
202606151718,   2.120,   2.240,9999.000,9999.000,9999.000,9999.000,9999.000,9999.000,9999.000
202606151724,   2.102,   2.210,9999.000,9999.000,9999.000,9999.000,9999.000,9999.000,9999.000
202606151730,   2.084,   2.200,9999.000,9999.000,9999.000,9999.000,9999.000,9999.000,9999.000
202606151736,   2.065,   2.168,9999.000,9999.000,9999.000,9999.000,9999.000,9999.000,9999.000
202606151742,   2.046,   2.158,9999.000,9999.000,9999.000,9999.000,9999.000,9999.000,9999.000
202606151748,   2.026,   2.158,9999.000,9999.000,9999.000,9999.000,9999.000,9999.000,9999.000
202606151754,   2.005,   2.158,9999.000,9999.000,9999.000,9999.000,9999.000,9999.000,9999.000
202606151800,   1.984,   2.138,   0.400,  -0.246,   2.138,   0.300,   2.038,   0.400,   2.138
202606151806,   1.962,   2.099,9999.000,9999.000,9999.000,9999.000,9999.000,9999.000,9999.000
202606151812,   1.939,   2.059,9999.000,9999.000,9999.000,9999.000,9999.000,9999.000,9999.000
202606151818,   1.915,   2.030,9999.000,9999.000,9999.000,9999.000,9999.000,9999.000,9999.000
202606151824,   1.891,   2.000,9999.000,9999.000,9999.000,9999.000,9999.000,9999.000,9999.000
202606151830,   1.865,   1.967,9999.000,9999.000,9999.000,9999.000,9999.000,9999.000,9999.000
202606151836,   1.839,   1.958,9999.000,9999.000,9999.000,9999.000,9999.000,9999.000,9999.000
202606151842,   1.812,   1.948,9999.000,9999.000,9999.000,9999.000,9999.000,9999.000,9999.000
202606151848,   1.783,   1.928,9999.000,9999.000,9999.000,9999.000,9999.000,9999.000,9999.000
202606151854,   1.753,   1.908,9999.000,9999.000,9999.000,9999.000,9999.000,9999.000,9999.000
202606151900,   1.723,   1.908,   0.300,  -0.115,   1.908,   0.300,   1.908,   0.400,   2.008
202606151906,   1.691,   1.899,9999.000,9999.000,9999.000,9999.000,9999.000,9999.000,9999.000
202606151912,   1.658,   1.899,9999.000,9999.000,9999.000,9999.000,9999.000,9999.000,9999.000
202606151918,   1.623,   1.899,9999.000,9999.000,9999.000,9999.000,9999.000,9999.000,9999.000
202606151924,   1.588,   1.908,9999.000,9999.000,9999.000,9999.000,9999.000,9999.000,9999.000
202606151930,   1.551,   1.899,9999.000,9999.000,9999.000,9999.000,9999.000,9999.000,9999.000
202606151936,   1.513,   1.879,9999.000,9999.000,9999.000,9999.000,9999.000,9999.000,9999.000
202606151942,   1.473,   1.830,9999.000,9999.000,9999.000,9999.000,9999.000,9999.000,9999.000
202606151948,   1.433,   1.758,9999.000,9999.000,9999.000,9999.000,9999.000,9999.000,9999.000
202606151954,   1.391,   1.699,9999.000,9999.000,9999.000,9999.000,9999.000,9999.000,9999.000
202606152000,   1.349,   1.659,   0.300,   0.010,   1.659,   0.300,   1.659,   0.400,   1.759
202606152006,   1.305,   1.630,9999.000,9999.000,9999.000,9999.000,9999.000,9999.000,9999.000
202606152012,   1.260,   1.600,9999.000,9999.000,9999.000,9999.000,9999.000,9999.000,9999.000
202606152018,   1.214,   1.590,9999.000,9999.000,9999.000,9999.000,9999.000,9999.000,9999.000
202606152024,   1.167,   1.571,9999.000,9999.000,9999.000,9999.000,9999.000,9999.000,9999.000
202606152030,   1.120,   1.548,9999.000,9999.000,9999.000,9999.000,9999.000,9999.000,9999.000
202606152036,   1.072,   1.498,9999.000,9999.000,9999.000,9999.000,9999.000,9999.000,9999.000
202606152042,   1.023,   1.439,9999.000,9999.000,9999.000,9999.000,9999.000,9999.000,9999.000
202606152048,   0.973,   1.420,9999.000,9999.000,9999.000,9999.000,9999.000,9999.000,9999.000
202606152054,   0.923,   1.390,9999.000,9999.000,9999.000,9999.000,9999.000,9999.000,9999.000
202606152100,   0.873,   1.338,   0.300,   0.165,   1.338,   0.300,   1.338,   0.400,   1.438
202606152106,   0.822,   1.289,9999.000,9999.000,9999.000,9999.000,9999.000,9999.000,9999.000
202606152112,   0.771,   1.239,9999.000,9999.000,9999.000,9999.000,9999.000,9999.000,9999.000
202606152118,   0.720,   1.180,9999.000,9999.000,9999.000,9999.000,9999.000,9999.000,9999.000
202606152124,   0.669,   1.108,9999.000,9999.000,9999.000,9999.000,9999.000,9999.000,9999.000
202606152130,   0.618,   1.049,9999.000,9999.000,9999.000,9999.000,9999.000,9999.000,9999.000
202606152136,   0.567,   0.970,9999.000,9999.000,9999.000,9999.000,9999.000,9999.000,9999.000
202606152142,   0.517,   0.908,9999.000,9999.000,9999.000,9999.000,9999.000,9999.000,9999.000
202606152148,   0.467,   0.859,9999.000,9999.000,9999.000,9999.000,9999.000,9999.000,9999.000
202606152154,   0.418,   0.810,9999.000,9999.000,9999.000,9999.000,9999.000,9999.000,9999.000
202606152200,   0.369,   0.770,   0.300,   0.101,   0.770,   0.300,   0.770,   0.400,   0.870
202606152206,   0.321,   0.731,9999.000,9999.000,9999.000,9999.000,9999.000,9999.000,9999.000
202606152212,   0.273,   0.688,9999.000,9999.000,9999.000,9999.000,9999.000,9999.000,9999.000
202606152218,   0.227,   0.639,9999.000,9999.000,9999.000,9999.000,9999.000,9999.000,9999.000
202606152224,   0.182,   0.600,9999.000,9999.000,9999.000,9999.000,9999.000,9999.000,9999.000
202606152230,   0.137,   0.551,9999.000,9999.000,9999.000,9999.000,9999.000,9999.000,9999.000
202606152236,   0.094,   0.498,9999.000,9999.000,9999.000,9999.000,9999.000,9999.000,9999.000
202606152242,   0.052,   0.469,9999.000,9999.000,9999.000,9999.000,9999.000,9999.000,9999.000
202606152248,   0.011,   0.439,9999.000,9999.000,9999.000,9999.000,9999.000,9999.000,9999.000
202606152254,  -0.027,   0.400,9999.000,9999.000,9999.000,9999.000,9999.000,9999.000,9999.000
202606152300,  -0.065,   0.360,   0.300,   0.125,   0.360,   0.300,   0.360,   0.400,   0.460
202606152306,  -0.102,   0.308,9999.000,9999.000,9999.000,9999.000,9999.000,9999.000,9999.000
202606152312,  -0.137,   0.259,9999.000,9999.000,9999.000,9999.000,9999.000,9999.000,9999.000
202606152318,  -0.171,   0.219,9999.000,9999.000,9999.000,9999.000,9999.000,9999.000,9999.000
202606152324,  -0.203,   0.170,9999.000,9999.000,9999.000,9999.000,9999.000,9999.000,9999.000
202606152330,  -0.234,   0.098,9999.000,9999.000,9999.000,9999.000,9999.000,9999.000,9999.000
202606152336,  -0.264,   0.039,9999.000,9999.000,9999.000,9999.000,9999.000,9999.000,9999.000
202606152342,  -0.291,   0.019,9999.000,9999.000,9999.000,9999.000,9999.000,9999.000,9999.000
202606152348,  -0.318,   0.039,9999.000,9999.000,9999.000,9999.000,9999.000,9999.000,9999.000
202606152354,  -0.342,   0.098,9999.000,9999.000,9999.000,9999.000,9999.000,9999.000,9999.000
202606160000,  -0.366,   0.308,   0.200,   0.474,   0.308,   0.200,   0.308,   0.300,   0.408
202606160006,  -0.388,   0.341,9999.000,9999.000,9999.000,9999.000,9999.000,9999.000,9999.000
202606160012,  -0.408,   0.341,9999.000,9999.000,9999.000,9999.000,9999.000,9999.000,9999.000
202606160018,  -0.427,   0.229,9999.000,9999.000,9999.000,9999.000,9999.000,9999.000,9999.000
202606160024,  -0.444,   0.141,9999.000,9999.000,9999.000,9999.000,9999.000,9999.000,9999.000
202606160030,  -0.461,   0.098,9999.000,9999.000,9999.000,9999.000,9999.000,9999.000,9999.000
202606160036,  -0.475,   0.121,9999.000,9999.000,9999.000,9999.000,9999.000,9999.000,9999.000
202606160042,  -0.489,   0.200,9999.000,9999.000,9999.000,9999.000,9999.000,9999.000,9999.000
202606160048,  -0.501,   0.141,9999.000,9999.000,9999.000,9999.000,9999.000,9999.000,9999.000
202606160054,  -0.513,  -0.009,9999.000,9999.000,9999.000,9999.000,9999.000,9999.000,9999.000
202606160100,  -0.523,  -0.180,   0.200,   0.143,  -0.180,   0.200,  -0.180,   0.300,  -0.080
202606160106,  -0.532,  -0.298,9999.000,9999.000,9999.000,9999.000,9999.000,9999.000,9999.000
202606160112,  -0.540,  -0.400,9999.000,9999.000,9999.000,9999.000,9999.000,9999.000,9999.000
202606160118,  -0.547,  -0.439,9999.000,9999.000,9999.000,9999.000,9999.000,9999.000,9999.000
202606160124,  -0.553,  -0.390,9999.000,9999.000,9999.000,9999.000,9999.000,9999.000,9999.000
202606160130,  -0.559,  -0.321,9999.000,9999.000,9999.000,9999.000,9999.000,9999.000,9999.000
202606160136,  -0.563,  -0.219,9999.000,9999.000,9999.000,9999.000,9999.000,9999.000,9999.000
202606160142,  -0.567,  -0.150,9999.000,9999.000,9999.000,9999.000,9999.000,9999.000,9999.000
202606160148,  -0.570,  -0.068,9999.000,9999.000,9999.000,9999.000,9999.000,9999.000,9999.000
202606160154,  -0.573,  -0.068,9999.000,9999.000,9999.000,9999.000,9999.000,9999.000,9999.000
202606160200,  -0.574,  -0.190,   0.200,   0.184,  -0.190,   0.200,  -0.190,   0.200,  -0.190
202606160206,  -0.576,  -0.341,9999.000,9999.000,9999.000,9999.000,9999.000,9999.000,9999.000
202606160212,  -0.577,  -0.498,9999.000,9999.000,9999.000,9999.000,9999.000,9999.000,9999.000
202606160218,  -0.577,  -0.619,9999.000,9999.000,9999.000,9999.000,9999.000,9999.000,9999.000
202606160224,  -0.576,  -0.698,9999.000,9999.000,9999.000,9999.000,9999.000,9999.000,9999.000
202606160230,  -0.576,  -0.659,9999.000,9999.000,9999.000,9999.000,9999.000,9999.000,9999.000
202606160236,  -0.574,  -0.551,9999.000,9999.000,9999.000,9999.000,9999.000,9999.000,9999.000
202606160242,  -0.573,  -0.449,9999.000,9999.000,9999.000,9999.000,9999.000,9999.000,9999.000
202606160248,  -0.571,  -0.380,9999.000,9999.000,9999.000,9999.000,9999.000,9999.000,9999.000
202606160254,  -0.568,  -0.370,9999.000,9999.000,9999.000,9999.000,9999.000,9999.000,9999.000
202606160300,  -0.565,  -0.360,   0.200,   0.005,  -0.360,   0.200,  -0.360,   0.300,  -0.260
202606160306,  -0.561,  -0.390,9999.000,9999.000,9999.000,9999.000,9999.000,9999.000,9999.000
202606160312,  -0.557,  -0.459,9999.000,9999.000,9999.000,9999.000,9999.000,9999.000,9999.000
202606160318,  -0.552,  -0.518,9999.000,9999.000,9999.000,9999.000,9999.000,9999.000,9999.000
202606160324,  -0.546,  -0.560,9999.000,9999.000,9999.000,9999.000,9999.000,9999.000,9999.000
202606160330,  -0.540,  -0.570,9999.000,9999.000,9999.000,9999.000,9999.000,9999.000,9999.000
202606160336,  -0.534,  -0.560,9999.000,9999.000,9999.000,9999.000,9999.000,9999.000,9999.000
202606160342,  -0.526,  -0.541,9999.000,9999.000,9999.000,9999.000,9999.000,9999.000,9999.000
202606160348,  -0.518,  -0.498,9999.000,9999.000,9999.000,9999.000,9999.000,9999.000,9999.000
202606160354,  -0.509,  -0.449,9999.000,9999.000,9999.000,9999.000,9999.000,9999.000,9999.000
202606160400,  -0.499,  -0.419,   0.200,  -0.120,  -0.419,   0.200,  -0.419,   0.200,  -0.419
202606160406,  -0.488,  -0.400,9999.000,9999.000,9999.000,9999.000,9999.000,9999.000,9999.000
202606160412,  -0.476,  -0.370,9999.000,9999.000,9999.000,9999.000,9999.000,9999.000,9999.000
202606160418,  -0.464,  -0.341,9999.000,9999.000,9999.000,9999.000,9999.000,9999.000,9999.000
202606160424,  -0.450,  -0.331,9999.000,9999.000,9999.000,9999.000,9999.000,9999.000,9999.000
202606160430,  -0.435,  -0.331,9999.000,9999.000,9999.000,9999.000,9999.000,9999.000,9999.000
202606160436,  -0.419,  -0.331,9999.000,9999.000,9999.000,9999.000,9999.000,9999.000,9999.000
202606160442,  -0.402,  -0.331,9999.000,9999.000,9999.000,9999.000,9999.000,9999.000,9999.000
202606160448,  -0.384,  -0.321,9999.000,9999.000,9999.000,9999.000,9999.000,9999.000,9999.000
202606160454,  -0.365,  -0.288,9999.000,9999.000,9999.000,9999.000,9999.000,9999.000,9999.000
202606160500,  -0.344,  -0.239,   0.200,  -0.095,  -0.239,   0.200,  -0.239,   0.200,  -0.239
202606160506,  -0.323,  -0.190,9999.000,9999.000,9999.000,9999.000,9999.000,9999.000,9999.000
202606160512,  -0.300,  -0.150,9999.000,9999.000,9999.000,9999.000,9999.000,9999.000,9999.000
202606160518,  -0.276,  -0.098,9999.000,9999.000,9999.000,9999.000,9999.000,9999.000,9999.000
202606160524,  -0.252,  -0.039,9999.000,9999.000,9999.000,9999.000,9999.000,9999.000,9999.000
202606160530,  -0.226,   0.000,9999.000,9999.000,9999.000,9999.000,9999.000,9999.000,9999.000
202606160536,  -0.199,   0.049,9999.000,9999.000,9999.000,9999.000,9999.000,9999.000,9999.000
202606160542,  -0.171,   0.088,9999.000,9999.000,9999.000,9999.000,9999.000,9999.000,9999.000
202606160548,  -0.142,   0.131,9999.000,9999.000,9999.000,9999.000,9999.000,9999.000,9999.000
202606160554,  -0.112,   0.160,9999.000,9999.000,9999.000,9999.000,9999.000,9999.000,9999.000
202606160600,  -0.082,   0.209,   0.300,  -0.009,   0.209,   0.300,   0.209,   0.300,   0.209
202606160606,  -0.050,   0.249,9999.000,9999.000,9999.000,9999.000,9999.000,9999.000,9999.000
202606160612,  -0.018,   0.308,9999.000,9999.000,9999.000,9999.000,9999.000,9999.000,9999.000
202606160618,   0.013,   0.380,9999.000,9999.000,9999.000,9999.000,9999.000,9999.000,9999.000
202606160624,   0.046,   0.449,9999.000,9999.000,9999.000,9999.000,9999.000,9999.000,9999.000
202606160630,   0.079,   0.531,9999.000,9999.000,9999.000,9999.000,9999.000,9999.000,9999.000
202606160636,   0.113,   0.600,9999.000,9999.000,9999.000,9999.000,9999.000,9999.000,9999.000
202606160642,   0.147,   0.669,9999.000,9999.000,9999.000,9999.000,9999.000,9999.000,9999.000
202606160648,   0.181,   0.741,9999.000,9999.000,9999.000,9999.000,9999.000,9999.000,9999.000
202606160654,   0.215,   0.780,9999.000,9999.000,9999.000,9999.000,9999.000,9999.000,9999.000
202606160700,   0.250,   0.819,   0.300,   0.269,   0.819,   0.300,   0.819,   0.300,   0.819
202606160706,   0.284,   0.859,9999.000,9999.000,9999.000,9999.000,9999.000,9999.000,9999.000
202606160712,   0.317,   0.908,9999.000,9999.000,9999.000,9999.000,9999.000,9999.000,9999.000
202606160718,   0.351,   0.951,9999.000,9999.000,9999.000,9999.000,9999.000,9999.000,9999.000
202606160724,   0.384,   1.000,9999.000,9999.000,9999.000,9999.000,9999.000,9999.000,9999.000
202606160730,   0.417,   1.039,9999.000,9999.000,9999.000,9999.000,9999.000,9999.000,9999.000
202606160736,   0.449,   1.098,9999.000,9999.000,9999.000,9999.000,9999.000,9999.000,9999.000
202606160742,   0.481,   1.170,9999.000,9999.000,9999.000,9999.000,9999.000,9999.000,9999.000
202606160748,   0.513,   1.220,9999.000,9999.000,9999.000,9999.000,9999.000,9999.000,9999.000
202606160754,   0.543,   1.269,9999.000,9999.000,9999.000,9999.000,9999.000,9999.000,9999.000
202606160800,   0.574,   1.298,   0.300,   0.424,   1.298,   0.300,   1.298,   0.400,   1.398
202606160806,   0.603,   1.308,9999.000,9999.000,9999.000,9999.000,9999.000,9999.000,9999.000
202606160812,   0.632,   1.289,9999.000,9999.000,9999.000,9999.000,9999.000,9999.000,9999.000
202606160818,   0.660,   1.289,9999.000,9999.000,9999.000,9999.000,9999.000,9999.000,9999.000
202606160824,   0.688,   1.289,9999.000,9999.000,9999.000,9999.000,9999.000,9999.000,9999.000
202606160830,   0.714,   1.298,9999.000,9999.000,9999.000,9999.000,9999.000,9999.000,9999.000
202606160836,   0.741,   1.318,9999.000,9999.000,9999.000,9999.000,9999.000,9999.000,9999.000
202606160842,   0.766,   1.371,9999.000,9999.000,9999.000,9999.000,9999.000,9999.000,9999.000
202606160848,   0.791,   1.420,9999.000,9999.000,9999.000,9999.000,9999.000,9999.000,9999.000
202606160854,   0.816,   1.469,9999.000,9999.000,9999.000,9999.000,9999.000,9999.000,9999.000
202606160900,   0.840,   1.498,   0.300,   0.358,   1.498,   0.300,   1.498,   0.400,   1.598
202606160906,   0.864,   1.528,9999.000,9999.000,9999.000,9999.000,9999.000,9999.000,9999.000
202606160912,   0.887,   1.557,9999.000,9999.000,9999.000,9999.000,9999.000,9999.000,9999.000
202606160918,   0.910,   1.580,9999.000,9999.000,9999.000,9999.000,9999.000,9999.000,9999.000
202606160924,   0.932,   1.600,9999.000,9999.000,9999.000,9999.000,9999.000,9999.000,9999.000
202606160930,   0.954,   1.620,9999.000,9999.000,9999.000,9999.000,9999.000,9999.000,9999.000
202606160936,   0.977,   1.649,9999.000,9999.000,9999.000,9999.000,9999.000,9999.000,9999.000
202606160942,   0.999,   1.669,9999.000,9999.000,9999.000,9999.000,9999.000,9999.000,9999.000
202606160948,   1.021,   1.689,9999.000,9999.000,9999.000,9999.000,9999.000,9999.000,9999.000
202606160954,   1.043,   1.718,9999.000,9999.000,9999.000,9999.000,9999.000,9999.000,9999.000
202606161000,   1.065,   1.738,   0.400,   0.273,   1.738,   0.300,   1.638,   0.400,   1.738
202606161006,   1.087,   1.767,9999.000,9999.000,9999.000,9999.000,9999.000,9999.000,9999.000
202606161012,   1.109,   1.810,9999.000,9999.000,9999.000,9999.000,9999.000,9999.000,9999.000
202606161018,   1.132,   1.958,9999.000,9999.000,9999.000,9999.000,9999.000,9999.000,9999.000
202606161024,   1.155,   2.089,9999.000,9999.000,9999.000,9999.000,9999.000,9999.000,9999.000
202606161030,   1.178,   2.230,9999.000,9999.000,9999.000,9999.000,9999.000,9999.000,9999.000
202606161036,   1.202,   2.289,9999.000,9999.000,9999.000,9999.000,9999.000,9999.000,9999.000
202606161042,   1.226,   2.259,9999.000,9999.000,9999.000,9999.000,9999.000,9999.000,9999.000
202606161048,   1.251,   2.230,9999.000,9999.000,9999.000,9999.000,9999.000,9999.000,9999.000
202606161054,   1.276,   2.191,9999.000,9999.000,9999.000,9999.000,9999.000,9999.000,9999.000
202606161100,   1.301,   2.191,   0.400,   0.490,   2.191,   0.300,   2.091,   0.500,   2.291
202606161106,   1.327,   2.279,9999.000,9999.000,9999.000,9999.000,9999.000,9999.000,9999.000
202606161112,   1.354,   2.348,9999.000,9999.000,9999.000,9999.000,9999.000,9999.000,9999.000
202606161118,   1.381,   2.420,9999.000,9999.000,9999.000,9999.000,9999.000,9999.000,9999.000
202606161124,   1.409,   2.459,9999.000,9999.000,9999.000,9999.000,9999.000,9999.000,9999.000
202606161130,   1.437,   2.430,9999.000,9999.000,9999.000,9999.000,9999.000,9999.000,9999.000
202606161136,   1.466,   2.377,9999.000,9999.000,9999.000,9999.000,9999.000,9999.000,9999.000
202606161142,   1.495,   2.348,9999.000,9999.000,9999.000,9999.000,9999.000,9999.000,9999.000
202606161148,   1.524,   2.348,9999.000,9999.000,9999.000,9999.000,9999.000,9999.000,9999.000
202606161154,   1.554,   2.368,9999.000,9999.000,9999.000,9999.000,9999.000,9999.000,9999.000
202606161200,   1.585,   2.400,   0.500,   0.315,   2.400,   0.500,   2.400,   0.600,   2.500
202606161206,   1.615,   2.440,9999.000,9999.000,9999.000,9999.000,9999.000,9999.000,9999.000
202606161212,   1.646,   2.479,9999.000,9999.000,9999.000,9999.000,9999.000,9999.000,9999.000
202606161218,   1.678,   2.519,9999.000,9999.000,9999.000,9999.000,9999.000,9999.000,9999.000
202606161224,   1.709,   2.519,9999.000,9999.000,9999.000,9999.000,9999.000,9999.000,9999.000
202606161230,   1.740,   2.519,9999.000,9999.000,9999.000,9999.000,9999.000,9999.000,9999.000
202606161236,   1.772,   2.558,9999.000,9999.000,9999.000,9999.000,9999.000,9999.000,9999.000
202606161242,   1.803,   2.610,9999.000,9999.000,9999.000,9999.000,9999.000,9999.000,9999.000
202606161248,   1.834,   2.660,9999.000,9999.000,9999.000,9999.000,9999.000,9999.000,9999.000
202606161254,   1.865,   2.699,9999.000,9999.000,9999.000,9999.000,9999.000,9999.000,9999.000
202606161300,   1.896,   2.728,   0.600,   0.232,   2.728,   0.500,   2.628,   0.600,   2.728
202606161306,   1.926,   2.728,9999.000,9999.000,9999.000,9999.000,9999.000,9999.000,9999.000
202606161312,   1.956,   2.738,9999.000,9999.000,9999.000,9999.000,9999.000,9999.000,9999.000
202606161318,   1.985,   2.758,9999.000,9999.000,9999.000,9999.000,9999.000,9999.000,9999.000
202606161324,   2.014,   2.807,9999.000,9999.000,9999.000,9999.000,9999.000,9999.000,9999.000
202606161330,   2.042,   2.919,9999.000,9999.000,9999.000,9999.000,9999.000,9999.000,9999.000
202606161336,   2.069,   2.968,9999.000,9999.000,9999.000,9999.000,9999.000,9999.000,9999.000
202606161342,   2.095,   3.060,9999.000,9999.000,9999.000,9999.000,9999.000,9999.000,9999.000
202606161348,   2.121,   3.230,9999.000,9999.000,9999.000,9999.000,9999.000,9999.000,9999.000
202606161354,   2.145,   3.260,9999.000,9999.000,9999.000,9999.000,9999.000,9999.000,9999.000
202606161400,   2.168,   3.207,   0.600,   0.439,   3.207,   0.500,   3.107,   0.600,   3.207
202606161406,   2.190,   3.119,9999.000,9999.000,9999.000,9999.000,9999.000,9999.000,9999.000
202606161412,   2.211,   3.060,9999.000,9999.000,9999.000,9999.000,9999.000,9999.000,9999.000
202606161418,   2.230,   2.948,9999.000,9999.000,9999.000,9999.000,9999.000,9999.000,9999.000
202606161424,   2.248,   2.787,9999.000,9999.000,9999.000,9999.000,9999.000,9999.000,9999.000
202606161430,   2.265,   2.660,9999.000,9999.000,9999.000,9999.000,9999.000,9999.000,9999.000
202606161436,   2.280,   2.699,9999.000,9999.000,9999.000,9999.000,9999.000,9999.000,9999.000
202606161442,   2.294,   2.807,9999.000,9999.000,9999.000,9999.000,9999.000,9999.000,9999.000
202606161448,   2.307,   2.929,9999.000,9999.000,9999.000,9999.000,9999.000,9999.000,9999.000
202606161454,   2.318,   3.079,9999.000,9999.000,9999.000,9999.000,9999.000,9999.000,9999.000
202606161500,   2.327,   3.207,   0.600,   0.280,   3.207,   0.500,   3.107,   0.700,   3.307
202606161506,   2.335,   3.319,9999.000,9999.000,9999.000,9999.000,9999.000,9999.000,9999.000
202606161512,   2.342,   3.348,9999.000,9999.000,9999.000,9999.000,9999.000,9999.000,9999.000
202606161518,   2.347,   3.299,9999.000,9999.000,9999.000,9999.000,9999.000,9999.000,9999.000
202606161524,   2.351,   3.207,9999.000,9999.000,9999.000,9999.000,9999.000,9999.000,9999.000
202606161530,   2.354,   3.119,9999.000,9999.000,9999.000,9999.000,9999.000,9999.000,9999.000
202606161536,   2.355,   3.099,9999.000,9999.000,9999.000,9999.000,9999.000,9999.000,9999.000
202606161542,   2.355,   3.070,9999.000,9999.000,9999.000,9999.000,9999.000,9999.000,9999.000
202606161548,   2.353,   3.060,9999.000,9999.000,9999.000,9999.000,9999.000,9999.000,9999.000
202606161554,   2.351,   3.070,9999.000,9999.000,9999.000,9999.000,9999.000,9999.000,9999.000
202606161600,   2.347,   3.070,   0.600,   0.123,   3.070,   0.600,   3.070,   0.700,   3.170
202606161606,   2.342,   3.079,9999.000,9999.000,9999.000,9999.000,9999.000,9999.000,9999.000
202606161612,   2.337,   3.109,9999.000,9999.000,9999.000,9999.000,9999.000,9999.000,9999.000
202606161618,   2.330,   3.158,9999.000,9999.000,9999.000,9999.000,9999.000,9999.000,9999.000
202606161624,   2.323,   3.240,9999.000,9999.000,9999.000,9999.000,9999.000,9999.000,9999.000
202606161630,   2.314,   3.329,9999.000,9999.000,9999.000,9999.000,9999.000,9999.000,9999.000
202606161636,   2.305,   3.368,9999.000,9999.000,9999.000,9999.000,9999.000,9999.000,9999.000
202606161642,   2.296,   3.339,9999.000,9999.000,9999.000,9999.000,9999.000,9999.000,9999.000
202606161648,   2.286,   3.279,9999.000,9999.000,9999.000,9999.000,9999.000,9999.000,9999.000
202606161654,   2.275,   3.197,9999.000,9999.000,9999.000,9999.000,9999.000,9999.000,9999.000
202606161700,   2.264,   3.099,   0.700,   0.135,   3.099,   0.600,   2.999,   0.700,   3.099
202606161706,   2.252,   3.050,9999.000,9999.000,9999.000,9999.000,9999.000,9999.000,9999.000
202606161712,   2.240,   3.060,9999.000,9999.000,9999.000,9999.000,9999.000,9999.000,9999.000
202606161718,   2.227,   3.050,9999.000,9999.000,9999.000,9999.000,9999.000,9999.000,9999.000
202606161724,   2.215,   3.070,9999.000,9999.000,9999.000,9999.000,9999.000,9999.000,9999.000
202606161730,   2.202,   3.079,9999.000,9999.000,9999.000,9999.000,9999.000,9999.000,9999.000
202606161736,   2.188,   3.079,9999.000,9999.000,9999.000,9999.000,9999.000,9999.000,9999.000
202606161742,   2.175,   3.079,9999.000,9999.000,9999.000,9999.000,9999.000,9999.000,9999.000
202606161748,   2.161,   3.089,9999.000,9999.000,9999.000,9999.000,9999.000,9999.000,9999.000
202606161754,   2.147,   3.109,9999.000,9999.000,9999.000,9999.000,9999.000,9999.000,9999.000
202606161800,   2.132,   3.119,   0.700,   0.287,   3.119,   0.700,   3.119,   0.800,   3.219
202606161806,   2.117,   3.099,9999.000,9999.000,9999.000,9999.000,9999.000,9999.000,9999.000
202606161812,   2.102,   3.040,9999.000,9999.000,9999.000,9999.000,9999.000,9999.000,9999.000
202606161818,   2.087,   2.958,9999.000,9999.000,9999.000,9999.000,9999.000,9999.000,9999.000
202606161824,   2.071,   2.919,9999.000,9999.000,9999.000,9999.000,9999.000,9999.000,9999.000
202606161830,   2.054,   2.899,9999.000,9999.000,9999.000,9999.000,9999.000,9999.000,9999.000
202606161836,   2.037,   2.869,9999.000,9999.000,9999.000,9999.000,9999.000,9999.000,9999.000
202606161842,   2.020,   2.830,9999.000,9999.000,9999.000,9999.000,9999.000,9999.000,9999.000
202606161848,   2.001,   2.758,9999.000,9999.000,9999.000,9999.000,9999.000,9999.000,9999.000
202606161854,   1.982,   2.850,9999.000,9999.000,9999.000,9999.000,9999.000,9999.000,9999.000
202606161900,   1.962,   3.089,   0.700,   0.427,   3.089,   0.700,   3.089,   0.800,   3.189
202606161906,   1.942,   3.230,9999.000,9999.000,9999.000,9999.000,9999.000,9999.000,9999.000
202606161912,   1.920,   3.270,9999.000,9999.000,9999.000,9999.000,9999.000,9999.000,9999.000
202606161918,   1.898,   3.289,9999.000,9999.000,9999.000,9999.000,9999.000,9999.000,9999.000
202606161924,   1.874,   3.217,9999.000,9999.000,9999.000,9999.000,9999.000,9999.000,9999.000
202606161930,   1.849,   3.070,9999.000,9999.000,9999.000,9999.000,9999.000,9999.000,9999.000
202606161936,   1.823,   3.040,9999.000,9999.000,9999.000,9999.000,9999.000,9999.000,9999.000
202606161942,   1.796,   2.968,9999.000,9999.000,9999.000,9999.000,9999.000,9999.000,9999.000
202606161948,   1.768,   2.768,9999.000,9999.000,9999.000,9999.000,9999.000,9999.000,9999.000
202606161954,   1.738,   2.597,9999.000,9999.000,9999.000,9999.000,9999.000,9999.000,9999.000
202606162000,   1.708,   2.558,   0.700,   0.150,   2.558,   0.700,   2.558,   0.800,   2.658
202606162006,   1.675,   2.509,9999.000,9999.000,9999.000,9999.000,9999.000,9999.000,9999.000
202606162012,   1.642,   2.459,9999.000,9999.000,9999.000,9999.000,9999.000,9999.000,9999.000
202606162018,   1.607,   2.387,9999.000,9999.000,9999.000,9999.000,9999.000,9999.000,9999.000
202606162024,   1.570,   2.309,9999.000,9999.000,9999.000,9999.000,9999.000,9999.000,9999.000
202606162030,   1.533,   2.309,9999.000,9999.000,9999.000,9999.000,9999.000,9999.000,9999.000
202606162036,   1.494,   2.348,9999.000,9999.000,9999.000,9999.000,9999.000,9999.000,9999.000
202606162042,   1.454,   2.269,9999.000,9999.000,9999.000,9999.000,9999.000,9999.000,9999.000
202606162048,   1.412,   2.128,9999.000,9999.000,9999.000,9999.000,9999.000,9999.000,9999.000
202606162054,   1.369,   2.030,9999.000,9999.000,9999.000,9999.000,9999.000,9999.000,9999.000
202606162100,   1.326,   1.981,   0.700,  -0.045,   1.981,   0.700,   1.981,   0.800,   2.081
202606162106,   1.281,   1.938,9999.000,9999.000,9999.000,9999.000,9999.000,9999.000,9999.000
202606162112,   1.235,   1.928,9999.000,9999.000,9999.000,9999.000,9999.000,9999.000,9999.000
202606162118,   1.188,   1.879,9999.000,9999.000,9999.000,9999.000,9999.000,9999.000,9999.000
202606162124,   1.140,   1.810,9999.000,9999.000,9999.000,9999.000,9999.000,9999.000,9999.000
202606162130,   1.092,   1.781,9999.000,9999.000,9999.000,9999.000,9999.000,9999.000,9999.000
202606162136,   1.043,   1.689,9999.000,9999.000,9999.000,9999.000,9999.000,9999.000,9999.000
202606162142,   0.993,   1.620,9999.000,9999.000,9999.000,9999.000,9999.000,9999.000,9999.000
202606162148,   0.943,   1.580,9999.000,9999.000,9999.000,9999.000,9999.000,9999.000,9999.000
202606162154,   0.893,   1.518,9999.000,9999.000,9999.000,9999.000,9999.000,9999.000,9999.000
202606162200,   0.843,   1.528,   0.700,  -0.015,   1.528,   0.700,   1.528,   0.800,   1.628
202606162206,   0.792,   1.590,9999.000,9999.000,9999.000,9999.000,9999.000,9999.000,9999.000
202606162212,   0.741,   1.620,9999.000,9999.000,9999.000,9999.000,9999.000,9999.000,9999.000
202606162218,   0.691,   1.620,9999.000,9999.000,9999.000,9999.000,9999.000,9999.000,9999.000
202606162224,   0.641,   1.590,9999.000,9999.000,9999.000,9999.000,9999.000,9999.000,9999.000
202606162230,   0.591,   1.518,9999.000,9999.000,9999.000,9999.000,9999.000,9999.000,9999.000
202606162236,   0.541,   1.390,9999.000,9999.000,9999.000,9999.000,9999.000,9999.000,9999.000
202606162242,   0.492,   1.220,9999.000,9999.000,9999.000,9999.000,9999.000,9999.000,9999.000
202606162248,   0.444,   1.049,9999.000,9999.000,9999.000,9999.000,9999.000,9999.000,9999.000
202606162254,   0.397,   0.970,9999.000,9999.000,9999.000,9999.000,9999.000,9999.000,9999.000
202606162300,   0.350,   0.928,   0.700,  -0.122,   0.928,   0.600,   0.828,   0.800,   1.028
202606162306,   0.304,   0.941,9999.000,9999.000,9999.000,9999.000,9999.000,9999.000,9999.000
202606162312,   0.260,   1.039,9999.000,9999.000,9999.000,9999.000,9999.000,9999.000,9999.000
202606162318,   0.216,   1.118,9999.000,9999.000,9999.000,9999.000,9999.000,9999.000,9999.000
202606162324,   0.174,   1.138,9999.000,9999.000,9999.000,9999.000,9999.000,9999.000,9999.000
202606162330,   0.133,   1.098,9999.000,9999.000,9999.000,9999.000,9999.000,9999.000,9999.000
202606162336,   0.093,   1.000,9999.000,9999.000,9999.000,9999.000,9999.000,9999.000,9999.000
202606162342,   0.055,   0.869,9999.000,9999.000,9999.000,9999.000,9999.000,9999.000,9999.000
202606162348,   0.018,   0.760,9999.000,9999.000,9999.000,9999.000,9999.000,9999.000,9999.000
202606162354,  -0.017,   0.688,9999.000,9999.000,9999.000,9999.000,9999.000,9999.000,9999.000
202606170000,  -0.051,   0.688,   0.700,   0.039,   0.688,   0.600,   0.588,   0.800,   0.788
202606170006,  -0.083,9999.000,9999.000,9999.000,9999.000,9999.000,9999.000,9999.000,9999.000
202606170012,  -0.114,9999.000,9999.000,9999.000,9999.000,9999.000,9999.000,9999.000,9999.000
202606170018,  -0.144,9999.000,9999.000,9999.000,9999.000,9999.000,9999.000,9999.000,9999.000
202606170024,  -0.172,9999.000,9999.000,9999.000,9999.000,9999.000,9999.000,9999.000,9999.000
202606170030,  -0.199,9999.000,9999.000,9999.000,9999.000,9999.000,9999.000,9999.000,9999.000
202606170036,  -0.224,9999.000,9999.000,9999.000,9999.000,9999.000,9999.000,9999.000,9999.000
202606170042,  -0.247,9999.000,9999.000,9999.000,9999.000,9999.000,9999.000,9999.000,9999.000
202606170048,  -0.270,9999.000,9999.000,9999.000,9999.000,9999.000,9999.000,9999.000,9999.000
202606170054,  -0.290,9999.000,9999.000,9999.000,9999.000,9999.000,9999.000,9999.000,9999.000
202606170100,  -0.310,9999.000,   0.700,   0.040,   0.430,   0.600,   0.330,   0.800,   0.530
202606170106,  -0.328,9999.000,9999.000,9999.000,9999.000,9999.000,9999.000,9999.000,9999.000
202606170112,  -0.344,9999.000,9999.000,9999.000,9999.000,9999.000,9999.000,9999.000,9999.000
202606170118,  -0.360,9999.000,9999.000,9999.000,9999.000,9999.000,9999.000,9999.000,9999.000
202606170124,  -0.374,9999.000,9999.000,9999.000,9999.000,9999.000,9999.000,9999.000,9999.000
202606170130,  -0.387,9999.000,9999.000,9999.000,9999.000,9999.000,9999.000,9999.000,9999.000
202606170136,  -0.399,9999.000,9999.000,9999.000,9999.000,9999.000,9999.000,9999.000,9999.000
202606170142,  -0.410,9999.000,9999.000,9999.000,9999.000,9999.000,9999.000,9999.000,9999.000
202606170148,  -0.420,9999.000,9999.000,9999.000,9999.000,9999.000,9999.000,9999.000,9999.000
202606170154,  -0.429,9999.000,9999.000,9999.000,9999.000,9999.000,9999.000,9999.000,9999.000
202606170200,  -0.438,9999.000,   0.700,   0.040,   0.302,   0.600,   0.202,   0.800,   0.402
202606170206,  -0.445,9999.000,9999.000,9999.000,9999.000,9999.000,9999.000,9999.000,9999.000
202606170212,  -0.452,9999.000,9999.000,9999.000,9999.000,9999.000,9999.000,9999.000,9999.000
202606170218,  -0.458,9999.000,9999.000,9999.000,9999.000,9999.000,9999.000,9999.000,9999.000
202606170224,  -0.463,9999.000,9999.000,9999.000,9999.000,9999.000,9999.000,9999.000,9999.000
202606170230,  -0.468,9999.000,9999.000,9999.000,9999.000,9999.000,9999.000,9999.000,9999.000
202606170236,  -0.472,9999.000,9999.000,9999.000,9999.000,9999.000,9999.000,9999.000,9999.000
202606170242,  -0.475,9999.000,9999.000,9999.000,9999.000,9999.000,9999.000,9999.000,9999.000
202606170248,  -0.478,9999.000,9999.000,9999.000,9999.000,9999.000,9999.000,9999.000,9999.000
202606170254,  -0.481,9999.000,9999.000,9999.000,9999.000,9999.000,9999.000,9999.000,9999.000
202606170300,  -0.483,9999.000,   0.700,   0.041,   0.258,   0.600,   0.158,   0.700,   0.258
202606170306,  -0.485,9999.000,9999.000,9999.000,9999.000,9999.000,9999.000,9999.000,9999.000
202606170312,  -0.487,9999.000,9999.000,9999.000,9999.000,9999.000,9999.000,9999.000,9999.000
202606170318,  -0.488,9999.000,9999.000,9999.000,9999.000,9999.000,9999.000,9999.000,9999.000
202606170324,  -0.488,9999.000,9999.000,9999.000,9999.000,9999.000,9999.000,9999.000,9999.000
202606170330,  -0.489,9999.000,9999.000,9999.000,9999.000,9999.000,9999.000,9999.000,9999.000
202606170336,  -0.489,9999.000,9999.000,9999.000,9999.000,9999.000,9999.000,9999.000,9999.000
202606170342,  -0.488,9999.000,9999.000,9999.000,9999.000,9999.000,9999.000,9999.000,9999.000
202606170348,  -0.487,9999.000,9999.000,9999.000,9999.000,9999.000,9999.000,9999.000,9999.000
202606170354,  -0.485,9999.000,9999.000,9999.000,9999.000,9999.000,9999.000,9999.000,9999.000
202606170400,  -0.483,9999.000,   0.600,   0.042,   0.159,   0.600,   0.159,   0.700,   0.259
202606170406,  -0.481,9999.000,9999.000,9999.000,9999.000,9999.000,9999.000,9999.000,9999.000
202606170412,  -0.478,9999.000,9999.000,9999.000,9999.000,9999.000,9999.000,9999.000,9999.000
202606170418,  -0.474,9999.000,9999.000,9999.000,9999.000,9999.000,9999.000,9999.000,9999.000
202606170424,  -0.469,9999.000,9999.000,9999.000,9999.000,9999.000,9999.000,9999.000,9999.000
202606170430,  -0.464,9999.000,9999.000,9999.000,9999.000,9999.000,9999.000,9999.000,9999.000
202606170436,  -0.458,9999.000,9999.000,9999.000,9999.000,9999.000,9999.000,9999.000,9999.000
202606170442,  -0.451,9999.000,9999.000,9999.000,9999.000,9999.000,9999.000,9999.000,9999.000
202606170448,  -0.443,9999.000,9999.000,9999.000,9999.000,9999.000,9999.000,9999.000,9999.000
202606170454,  -0.435,9999.000,9999.000,9999.000,9999.000,9999.000,9999.000,9999.000,9999.000
202606170500,  -0.425,9999.000,   0.600,   0.043,   0.218,   0.600,   0.218,   0.700,   0.318
202606170506,  -0.414,9999.000,9999.000,9999.000,9999.000,9999.000,9999.000,9999.000,9999.000
202606170512,  -0.403,9999.000,9999.000,9999.000,9999.000,9999.000,9999.000,9999.000,9999.000
202606170518,  -0.390,9999.000,9999.000,9999.000,9999.000,9999.000,9999.000,9999.000,9999.000
202606170524,  -0.376,9999.000,9999.000,9999.000,9999.000,9999.000,9999.000,9999.000,9999.000
202606170530,  -0.361,9999.000,9999.000,9999.000,9999.000,9999.000,9999.000,9999.000,9999.000
202606170536,  -0.344,9999.000,9999.000,9999.000,9999.000,9999.000,9999.000,9999.000,9999.000
202606170542,  -0.327,9999.000,9999.000,9999.000,9999.000,9999.000,9999.000,9999.000,9999.000
202606170548,  -0.308,9999.000,9999.000,9999.000,9999.000,9999.000,9999.000,9999.000,9999.000
202606170554,  -0.288,9999.000,9999.000,9999.000,9999.000,9999.000,9999.000,9999.000,9999.000
202606170600,  -0.267,9999.000,   0.600,   0.043,   0.376,   0.600,   0.376,   0.700,   0.476
202606170606,  -0.245,9999.000,9999.000,9999.000,9999.000,9999.000,9999.000,9999.000,9999.000
202606170612,  -0.222,9999.000,9999.000,9999.000,9999.000,9999.000,9999.000,9999.000,9999.000
202606170618,  -0.197,9999.000,9999.000,9999.000,9999.000,9999.000,9999.000,9999.000,9999.000
202606170624,  -0.172,9999.000,9999.000,9999.000,9999.000,9999.000,9999.000,9999.000,9999.000
202606170630,  -0.145,9999.000,9999.000,9999.000,9999.000,9999.000,9999.000,9999.000,9999.000
202606170636,  -0.118,9999.000,9999.000,9999.000,9999.000,9999.000,9999.000,9999.000,9999.000
202606170642,  -0.090,9999.000,9999.000,9999.000,9999.000,9999.000,9999.000,9999.000,9999.000
202606170648,  -0.061,9999.000,9999.000,9999.000,9999.000,9999.000,9999.000,9999.000,9999.000
202606170654,  -0.031,9999.000,9999.000,9999.000,9999.000,9999.000,9999.000,9999.000,9999.000
202606170700,  -0.001,9999.000,   0.700,   0.044,   0.743,   0.600,   0.643,   0.800,   0.843
202606170706,   0.029,9999.000,9999.000,9999.000,9999.000,9999.000,9999.000,9999.000,9999.000
202606170712,   0.061,9999.000,9999.000,9999.000,9999.000,9999.000,9999.000,9999.000,9999.000
202606170718,   0.092,9999.000,9999.000,9999.000,9999.000,9999.000,9999.000,9999.000,9999.000
202606170724,   0.124,9999.000,9999.000,9999.000,9999.000,9999.000,9999.000,9999.000,9999.000
202606170730,   0.156,9999.000,9999.000,9999.000,9999.000,9999.000,9999.000,9999.000,9999.000
202606170736,   0.189,9999.000,9999.000,9999.000,9999.000,9999.000,9999.000,9999.000,9999.000
202606170742,   0.221,9999.000,9999.000,9999.000,9999.000,9999.000,9999.000,9999.000,9999.000
202606170748,   0.253,9999.000,9999.000,9999.000,9999.000,9999.000,9999.000,9999.000,9999.000
202606170754,   0.285,9999.000,9999.000,9999.000,9999.000,9999.000,9999.000,9999.000,9999.000
202606170800,   0.316,9999.000,   0.700,   0.045,   1.061,   0.600,   0.961,   0.800,   1.161
202606170806,   0.347,9999.000,9999.000,9999.000,9999.000,9999.000,9999.000,9999.000,9999.000
202606170812,   0.378,9999.000,9999.000,9999.000,9999.000,9999.000,9999.000,9999.000,9999.000
202606170818,   0.408,9999.000,9999.000,9999.000,9999.000,9999.000,9999.000,9999.000,9999.000
202606170824,   0.438,9999.000,9999.000,9999.000,9999.000,9999.000,9999.000,9999.000,9999.000
202606170830,   0.467,9999.000,9999.000,9999.000,9999.000,9999.000,9999.000,9999.000,9999.000
202606170836,   0.496,9999.000,9999.000,9999.000,9999.000,9999.000,9999.000,9999.000,9999.000
202606170842,   0.524,9999.000,9999.000,9999.000,9999.000,9999.000,9999.000,9999.000,9999.000
202606170848,   0.551,9999.000,9999.000,9999.000,9999.000,9999.000,9999.000,9999.000,9999.000
202606170854,   0.577,9999.000,9999.000,9999.000,9999.000,9999.000,9999.000,9999.000,9999.000
202606170900,   0.603,9999.000,   0.700,   0.045,   1.348,   0.700,   1.348,   0.900,   1.548
202606170906,   0.628,9999.000,9999.000,9999.000,9999.000,9999.000,9999.000,9999.000,9999.000
202606170912,   0.652,9999.000,9999.000,9999.000,9999.000,9999.000,9999.000,9999.000,9999.000
202606170918,   0.676,9999.000,9999.000,9999.000,9999.000,9999.000,9999.000,9999.000,9999.000
202606170924,   0.699,9999.000,9999.000,9999.000,9999.000,9999.000,9999.000,9999.000,9999.000
202606170930,   0.721,9999.000,9999.000,9999.000,9999.000,9999.000,9999.000,9999.000,9999.000
202606170936,   0.743,9999.000,9999.000,9999.000,9999.000,9999.000,9999.000,9999.000,9999.000
202606170942,   0.764,9999.000,9999.000,9999.000,9999.000,9999.000,9999.000,9999.000,9999.000
202606170948,   0.784,9999.000,9999.000,9999.000,9999.000,9999.000,9999.000,9999.000,9999.000
202606170954,   0.805,9999.000,9999.000,9999.000,9999.000,9999.000,9999.000,9999.000,9999.000
202606171000,   0.824,9999.000,   0.800,   0.046,   1.670,   0.700,   1.570,   0.900,   1.770
202606171006,   0.844,9999.000,9999.000,9999.000,9999.000,9999.000,9999.000,9999.000,9999.000
202606171012,   0.863,9999.000,9999.000,9999.000,9999.000,9999.000,9999.000,9999.000,9999.000
202606171018,   0.882,9999.000,9999.000,9999.000,9999.000,9999.000,9999.000,9999.000,9999.000
202606171024,   0.901,9999.000,9999.000,9999.000,9999.000,9999.000,9999.000,9999.000,9999.000
202606171030,   0.920,9999.000,9999.000,9999.000,9999.000,9999.000,9999.000,9999.000,9999.000
202606171036,   0.939,9999.000,9999.000,9999.000,9999.000,9999.000,9999.000,9999.000,9999.000
202606171042,   0.958,9999.000,9999.000,9999.000,9999.000,9999.000,9999.000,9999.000,9999.000
202606171048,   0.978,9999.000,9999.000,9999.000,9999.000,9999.000,9999.000,9999.000,9999.000
202606171054,   0.997,9999.000,9999.000,9999.000,9999.000,9999.000,9999.000,9999.000,9999.000
202606171100,   1.017,9999.000,   0.900,   0.047,   1.964,   0.700,   1.764,   1.000,   2.064
202606171106,   1.037,9999.000,9999.000,9999.000,9999.000,9999.000,9999.000,9999.000,9999.000
202606171112,   1.058,9999.000,9999.000,9999.000,9999.000,9999.000,9999.000,9999.000,9999.000
202606171118,   1.079,9999.000,9999.000,9999.000,9999.000,9999.000,9999.000,9999.000,9999.000
202606171124,   1.100,9999.000,9999.000,9999.000,9999.000,9999.000,9999.000,9999.000,9999.000
202606171130,   1.122,9999.000,9999.000,9999.000,9999.000,9999.000,9999.000,9999.000,9999.000
202606171136,   1.145,9999.000,9999.000,9999.000,9999.000,9999.000,9999.000,9999.000,9999.000
202606171142,   1.168,9999.000,9999.000,9999.000,9999.000,9999.000,9999.000,9999.000,9999.000
202606171148,   1.192,9999.000,9999.000,9999.000,9999.000,9999.000,9999.000,9999.000,9999.000
202606171154,   1.217,9999.000,9999.000,9999.000,9999.000,9999.000,9999.000,9999.000,9999.000
202606171200,   1.242,9999.000,   0.900,   0.047,   2.189,   0.800,   2.089,   1.100,   2.389
202606171206,   1.268,9999.000,9999.000,9999.000,9999.000,9999.000,9999.000,9999.000,9999.000
202606171212,   1.294,9999.000,9999.000,9999.000,9999.000,9999.000,9999.000,9999.000,9999.000
202606171218,   1.321,9999.000,9999.000,9999.000,9999.000,9999.000,9999.000,9999.000,9999.000
202606171224,   1.348,9999.000,9999.000,9999.000,9999.000,9999.000,9999.000,9999.000,9999.000
202606171230,   1.376,9999.000,9999.000,9999.000,9999.000,9999.000,9999.000,9999.000,9999.000
202606171236,   1.405,9999.000,9999.000,9999.000,9999.000,9999.000,9999.000,9999.000,9999.000
202606171242,   1.434,9999.000,9999.000,9999.000,9999.000,9999.000,9999.000,9999.000,9999.000
202606171248,   1.463,9999.000,9999.000,9999.000,9999.000,9999.000,9999.000,9999.000,9999.000
202606171254,   1.493,9999.000,9999.000,9999.000,9999.000,9999.000,9999.000,9999.000,9999.000
202606171300,   1.523,9999.000,   0.900,   0.047,   2.470,   0.800,   2.370,   1.100,   2.670
202606171306,   1.554,9999.000,9999.000,9999.000,9999.000,9999.000,9999.000,9999.000,9999.000
202606171312,   1.584,9999.000,9999.000,9999.000,9999.000,9999.000,9999.000,9999.000,9999.000
202606171318,   1.615,9999.000,9999.000,9999.000,9999.000,9999.000,9999.000,9999.000,9999.000
202606171324,   1.645,9999.000,9999.000,9999.000,9999.000,9999.000,9999.000,9999.000,9999.000
202606171330,   1.676,9999.000,9999.000,9999.000,9999.000,9999.000,9999.000,9999.000,9999.000
202606171336,   1.706,9999.000,9999.000,9999.000,9999.000,9999.000,9999.000,9999.000,9999.000
202606171342,   1.736,9999.000,9999.000,9999.000,9999.000,9999.000,9999.000,9999.000,9999.000
202606171348,   1.766,9999.000,9999.000,9999.000,9999.000,9999.000,9999.000,9999.000,9999.000
202606171354,   1.795,9999.000,9999.000,9999.000,9999.000,9999.000,9999.000,9999.000,9999.000
202606171400,   1.824,9999.000,   1.000,   0.047,   2.871,   0.800,   2.671,   1.100,   2.971
202606171406,   1.852,9999.000,9999.000,9999.000,9999.000,9999.000,9999.000,9999.000,9999.000
202606171412,   1.880,9999.000,9999.000,9999.000,9999.000,9999.000,9999.000,9999.000,9999.000
202606171418,   1.907,9999.000,9999.000,9999.000,9999.000,9999.000,9999.000,9999.000,9999.000
202606171424,   1.933,9999.000,9999.000,9999.000,9999.000,9999.000,9999.000,9999.000,9999.000
202606171430,   1.958,9999.000,9999.000,9999.000,9999.000,9999.000,9999.000,9999.000,9999.000
202606171436,   1.982,9999.000,9999.000,9999.000,9999.000,9999.000,9999.000,9999.000,9999.000
202606171442,   2.005,9999.000,9999.000,9999.000,9999.000,9999.000,9999.000,9999.000,9999.000
202606171448,   2.028,9999.000,9999.000,9999.000,9999.000,9999.000,9999.000,9999.000,9999.000
202606171454,   2.048,9999.000,9999.000,9999.000,9999.000,9999.000,9999.000,9999.000,9999.000
202606171500,   2.068,9999.000,   1.000,   0.047,   3.115,   0.700,   2.815,   1.200,   3.315
202606171506,   2.087,9999.000,9999.000,9999.000,9999.000,9999.000,9999.000,9999.000,9999.000
202606171512,   2.104,9999.000,9999.000,9999.000,9999.000,9999.000,9999.000,9999.000,9999.000
202606171518,   2.119,9999.000,9999.000,9999.000,9999.000,9999.000,9999.000,9999.000,9999.000
202606171524,   2.134,9999.000,9999.000,9999.000,9999.000,9999.000,9999.000,9999.000,9999.000
202606171530,   2.147,9999.000,9999.000,9999.000,9999.000,9999.000,9999.000,9999.000,9999.000
202606171536,   2.159,9999.000,9999.000,9999.000,9999.000,9999.000,9999.000,9999.000,9999.000
202606171542,   2.169,9999.000,9999.000,9999.000,9999.000,9999.000,9999.000,9999.000,9999.000
202606171548,   2.178,9999.000,9999.000,9999.000,9999.000,9999.000,9999.000,9999.000,9999.000
202606171554,   2.185,9999.000,9999.000,9999.000,9999.000,9999.000,9999.000,9999.000,9999.000
202606171600,   2.192,9999.000,   1.000,   0.047,   3.239,   0.700,   2.939,   1.200,   3.439
202606171606,   2.196,9999.000,9999.000,9999.000,9999.000,9999.000,9999.000,9999.000,9999.000
202606171612,   2.200,9999.000,9999.000,9999.000,9999.000,9999.000,9999.000,9999.000,9999.000
202606171618,   2.202,9999.000,9999.000,9999.000,9999.000,9999.000,9999.000,9999.000,9999.000
202606171624,   2.204,9999.000,9999.000,9999.000,9999.000,9999.000,9999.000,9999.000,9999.000
202606171630,   2.204,9999.000,9999.000,9999.000,9999.000,9999.000,9999.000,9999.000,9999.000
202606171636,   2.203,9999.000,9999.000,9999.000,9999.000,9999.000,9999.000,9999.000,9999.000
202606171642,   2.201,9999.000,9999.000,9999.000,9999.000,9999.000,9999.000,9999.000,9999.000
202606171648,   2.197,9999.000,9999.000,9999.000,9999.000,9999.000,9999.000,9999.000,9999.000
202606171654,   2.194,9999.000,9999.000,9999.000,9999.000,9999.000,9999.000,9999.000,9999.000
202606171700,   2.189,9999.000,   1.000,   0.047,   3.236,   0.700,   2.936,   1.100,   3.336
202606171706,   2.183,9999.000,9999.000,9999.000,9999.000,9999.000,9999.000,9999.000,9999.000
202606171712,   2.177,9999.000,9999.000,9999.000,9999.000,9999.000,9999.000,9999.000,9999.000
202606171718,   2.170,9999.000,9999.000,9999.000,9999.000,9999.000,9999.000,9999.000,9999.000
202606171724,   2.163,9999.000,9999.000,9999.000,9999.000,9999.000,9999.000,9999.000,9999.000
202606171730,   2.155,9999.000,9999.000,9999.000,9999.000,9999.000,9999.000,9999.000,9999.000
202606171736,   2.146,9999.000,9999.000,9999.000,9999.000,9999.000,9999.000,9999.000,9999.000
202606171742,   2.138,9999.000,9999.000,9999.000,9999.000,9999.000,9999.000,9999.000,9999.000
202606171748,   2.129,9999.000,9999.000,9999.000,9999.000,9999.000,9999.000,9999.000,9999.000
202606171754,   2.119,9999.000,9999.000,9999.000,9999.000,9999.000,9999.000,9999.000,9999.000
202606171800,   2.110,9999.000,   1.000,   0.047,   3.157,   0.700,   2.857,   1.100,   3.257
202606171806,   2.100,9999.000,9999.000,9999.000,9999.000,9999.000,9999.000,9999.000,9999.000
202606171812,   2.090,9999.000,9999.000,9999.000,9999.000,9999.000,9999.000,9999.000,9999.000
202606171818,   2.079,9999.000,9999.000,9999.000,9999.000,9999.000,9999.000,9999.000,9999.000
202606171824,   2.069,9999.000,9999.000,9999.000,9999.000,9999.000,9999.000,9999.000,9999.000
202606171830,   2.058,9999.000,9999.000,9999.000,9999.000,9999.000,9999.000,9999.000,9999.000
202606171836,   2.047,9999.000,9999.000,9999.000,9999.000,9999.000,9999.000,9999.000,9999.000
202606171842,   2.036,9999.000,9999.000,9999.000,9999.000,9999.000,9999.000,9999.000,9999.000
202606171848,   2.025,9999.000,9999.000,9999.000,9999.000,9999.000,9999.000,9999.000,9999.000
202606171854,   2.013,9999.000,9999.000,9999.000,9999.000,9999.000,9999.000,9999.000,9999.000
202606171900,   2.001,9999.000,   1.000,   0.047,   3.048,   0.800,   2.848,   1.100,   3.148
202606171906,   1.989,9999.000,9999.000,9999.000,9999.000,9999.000,9999.000,9999.000,9999.000
202606171912,   1.976,9999.000,9999.000,9999.000,9999.000,9999.000,9999.000,9999.000,9999.000
202606171918,   1.963,9999.000,9999.000,9999.000,9999.000,9999.000,9999.000,9999.000,9999.000
202606171924,   1.950,9999.000,9999.000,9999.000,9999.000,9999.000,9999.000,9999.000,9999.000
202606171930,   1.935,9999.000,9999.000,9999.000,9999.000,9999.000,9999.000,9999.000,9999.000
202606171936,   1.920,9999.000,9999.000,9999.000,9999.000,9999.000,9999.000,9999.000,9999.000
202606171942,   1.905,9999.000,9999.000,9999.000,9999.000,9999.000,9999.000,9999.000,9999.000
202606171948,   1.888,9999.000,9999.000,9999.000,9999.000,9999.000,9999.000,9999.000,9999.000
202606171954,   1.871,9999.000,9999.000,9999.000,9999.000,9999.000,9999.000,9999.000,9999.000
202606172000,   1.853,9999.000,   1.000,   0.047,   2.900,   0.800,   2.700,   1.100,   3.000
202606172006,   1.833,9999.000,9999.000,9999.000,9999.000,9999.000,9999.000,9999.000,9999.000
202606172012,   1.813,9999.000,9999.000,9999.000,9999.000,9999.000,9999.000,9999.000,9999.000
202606172018,   1.792,9999.000,9999.000,9999.000,9999.000,9999.000,9999.000,9999.000,9999.000
202606172024,   1.769,9999.000,9999.000,9999.000,9999.000,9999.000,9999.000,9999.000,9999.000
202606172030,   1.745,9999.000,9999.000,9999.000,9999.000,9999.000,9999.000,9999.000,9999.000
202606172036,   1.720,9999.000,9999.000,9999.000,9999.000,9999.000,9999.000,9999.000,9999.000
202606172042,   1.694,9999.000,9999.000,9999.000,9999.000,9999.000,9999.000,9999.000,9999.000
202606172048,   1.666,9999.000,9999.000,9999.000,9999.000,9999.000,9999.000,9999.000,9999.000
202606172054,   1.637,9999.000,9999.000,9999.000,9999.000,9999.000,9999.000,9999.000,9999.000
202606172100,   1.607,9999.000,   1.000,   0.047,   2.654,   0.800,   2.454,   1.200,   2.854
202606172106,   1.575,9999.000,9999.000,9999.000,9999.000,9999.000,9999.000,9999.000,9999.000
202606172112,   1.542,9999.000,9999.000,9999.000,9999.000,9999.000,9999.000,9999.000,9999.000
202606172118,   1.507,9999.000,9999.000,9999.000,9999.000,9999.000,9999.000,9999.000,9999.000
202606172124,   1.472,9999.000,9999.000,9999.000,9999.000,9999.000,9999.000,9999.000,9999.000
202606172130,   1.435,9999.000,9999.000,9999.000,9999.000,9999.000,9999.000,9999.000,9999.000
202606172136,   1.396,9999.000,9999.000,9999.000,9999.000,9999.000,9999.000,9999.000,9999.000
202606172142,   1.357,9999.000,9999.000,9999.000,9999.000,9999.000,9999.000,9999.000,9999.000
202606172148,   1.317,9999.000,9999.000,9999.000,9999.000,9999.000,9999.000,9999.000,9999.000
202606172154,   1.275,9999.000,9999.000,9999.000,9999.000,9999.000,9999.000,9999.000,9999.000
202606172200,   1.233,9999.000,   1.000,   0.047,   2.280,   0.800,   2.080,   1.200,   2.480
202606172206,   1.189,9999.000,9999.000,9999.000,9999.000,9999.000,9999.000,9999.000,9999.000
202606172212,   1.145,9999.000,9999.000,9999.000,9999.000,9999.000,9999.000,9999.000,9999.000
202606172218,   1.101,9999.000,9999.000,9999.000,9999.000,9999.000,9999.000,9999.000,9999.000
202606172224,   1.055,9999.000,9999.000,9999.000,9999.000,9999.000,9999.000,9999.000,9999.000
202606172230,   1.010,9999.000,9999.000,9999.000,9999.000,9999.000,9999.000,9999.000,9999.000
202606172236,   0.964,9999.000,9999.000,9999.000,9999.000,9999.000,9999.000,9999.000,9999.000
202606172242,   0.917,9999.000,9999.000,9999.000,9999.000,9999.000,9999.000,9999.000,9999.000
202606172248,   0.871,9999.000,9999.000,9999.000,9999.000,9999.000,9999.000,9999.000,9999.000
202606172254,   0.824,9999.000,9999.000,9999.000,9999.000,9999.000,9999.000,9999.000,9999.000
202606172300,   0.778,9999.000,   1.000,   0.047,   1.825,   0.800,   1.625,   1.200,   2.025
202606172306,   0.732,9999.000,9999.000,9999.000,9999.000,9999.000,9999.000,9999.000,9999.000
202606172312,   0.686,9999.000,9999.000,9999.000,9999.000,9999.000,9999.000,9999.000,9999.000
202606172318,   0.641,9999.000,9999.000,9999.000,9999.000,9999.000,9999.000,9999.000,9999.000
202606172324,   0.596,9999.000,9999.000,9999.000,9999.000,9999.000,9999.000,9999.000,9999.000
202606172330,   0.551,9999.000,9999.000,9999.000,9999.000,9999.000,9999.000,9999.000,9999.000
202606172336,   0.508,9999.000,9999.000,9999.000,9999.000,9999.000,9999.000,9999.000,9999.000
202606172342,   0.465,9999.000,9999.000,9999.000,9999.000,9999.000,9999.000,9999.000,9999.000
202606172348,   0.423,9999.000,9999.000,9999.000,9999.000,9999.000,9999.000,9999.000,9999.000
202606172354,   0.383,9999.000,9999.000,9999.000,9999.000,9999.000,9999.000,9999.000,9999.000
202606180000,   0.343,9999.000,   1.000,   0.047,   1.390,   0.800,   1.190,   1.200,   1.590
202606180006,   0.304,9999.000,9999.000,9999.000,9999.000,9999.000,9999.000,9999.000,9999.000
202606180012,   0.267,9999.000,9999.000,9999.000,9999.000,9999.000,9999.000,9999.000,9999.000
202606180018,   0.230,9999.000,9999.000,9999.000,9999.000,9999.000,9999.000,9999.000,9999.000
202606180024,   0.195,9999.000,9999.000,9999.000,9999.000,9999.000,9999.000,9999.000,9999.000
202606180030,   0.162,9999.000,9999.000,9999.000,9999.000,9999.000,9999.000,9999.000,9999.000
202606180036,   0.129,9999.000,9999.000,9999.000,9999.000,9999.000,9999.000,9999.000,9999.000
202606180042,   0.098,9999.000,9999.000,9999.000,9999.000,9999.000,9999.000,9999.000,9999.000
202606180048,   0.069,9999.000,9999.000,9999.000,9999.000,9999.000,9999.000,9999.000,9999.000
202606180054,   0.040,9999.000,9999.000,9999.000,9999.000,9999.000,9999.000,9999.000,9999.000
202606180100,   0.014,9999.000,   1.000,   0.047,   1.061,   0.900,   0.961,   1.200,   1.261
202606180106,  -0.011,9999.000,9999.000,9999.000,9999.000,9999.000,9999.000,9999.000,9999.000
202606180112,  -0.035,9999.000,9999.000,9999.000,9999.000,9999.000,9999.000,9999.000,9999.000
202606180118,  -0.058,9999.000,9999.000,9999.000,9999.000,9999.000,9999.000,9999.000,9999.000
202606180124,  -0.079,9999.000,9999.000,9999.000,9999.000,9999.000,9999.000,9999.000,9999.000
202606180130,  -0.099,9999.000,9999.000,9999.000,9999.000,9999.000,9999.000,9999.000,9999.000
202606180136,  -0.118,9999.000,9999.000,9999.000,9999.000,9999.000,9999.000,9999.000,9999.000
202606180142,  -0.135,9999.000,9999.000,9999.000,9999.000,9999.000,9999.000,9999.000,9999.000
202606180148,  -0.152,9999.000,9999.000,9999.000,9999.000,9999.000,9999.000,9999.000,9999.000
202606180154,  -0.167,9999.000,9999.000,9999.000,9999.000,9999.000,9999.000,9999.000,9999.000
202606180200,  -0.181,9999.000,   1.000,   0.047,   0.866,   0.900,   0.766,   1.200,   1.066
202606180206,  -0.194,9999.000,9999.000,9999.000,9999.000,9999.000,9999.000,9999.000,9999.000
202606180212,  -0.206,9999.000,9999.000,9999.000,9999.000,9999.000,9999.000,9999.000,9999.000
202606180218,  -0.217,9999.000,9999.000,9999.000,9999.000,9999.000,9999.000,9999.000,9999.000
202606180224,  -0.227,9999.000,9999.000,9999.000,9999.000,9999.000,9999.000,9999.000,9999.000
202606180230,  -0.236,9999.000,9999.000,9999.000,9999.000,9999.000,9999.000,9999.000,9999.000
202606180236,  -0.245,9999.000,9999.000,9999.000,9999.000,9999.000,9999.000,9999.000,9999.000
202606180242,  -0.253,9999.000,9999.000,9999.000,9999.000,9999.000,9999.000,9999.000,9999.000
202606180248,  -0.260,9999.000,9999.000,9999.000,9999.000,9999.000,9999.000,9999.000,9999.000
202606180254,  -0.266,9999.000,9999.000,9999.000,9999.000,9999.000,9999.000,9999.000,9999.000
202606180300,  -0.272,9999.000,   1.000,   0.047,   0.775,   0.900,   0.675,   1.300,   1.075
202606180306,  -0.277,9999.000,9999.000,9999.000,9999.000,9999.000,9999.000,9999.000,9999.000
202606180312,  -0.282,9999.000,9999.000,9999.000,9999.000,9999.000,9999.000,9999.000,9999.000
202606180318,  -0.287,9999.000,9999.000,9999.000,9999.000,9999.000,9999.000,9999.000,9999.000
202606180324,  -0.291,9999.000,9999.000,9999.000,9999.000,9999.000,9999.000,9999.000,9999.000
202606180330,  -0.294,9999.000,9999.000,9999.000,9999.000,9999.000,9999.000,9999.000,9999.000
202606180336,  -0.298,9999.000,9999.000,9999.000,9999.000,9999.000,9999.000,9999.000,9999.000
202606180342,  -0.300,9999.000,9999.000,9999.000,9999.000,9999.000,9999.000,9999.000,9999.000
202606180348,  -0.303,9999.000,9999.000,9999.000,9999.000,9999.000,9999.000,9999.000,9999.000
202606180354,  -0.305,9999.000,9999.000,9999.000,9999.000,9999.000,9999.000,9999.000,9999.000
202606180400,  -0.307,9999.000,   1.100,   0.047,   0.840,   0.900,   0.640,   1.300,   1.040
202606180406,  -0.309,9999.000,9999.000,9999.000,9999.000,9999.000,9999.000,9999.000,9999.000
202606180412,  -0.310,9999.000,9999.000,9999.000,9999.000,9999.000,9999.000,9999.000,9999.000
202606180418,  -0.311,9999.000,9999.000,9999.000,9999.000,9999.000,9999.000,9999.000,9999.000
202606180424,  -0.312,9999.000,9999.000,9999.000,9999.000,9999.000,9999.000,9999.000,9999.000
202606180430,  -0.312,9999.000,9999.000,9999.000,9999.000,9999.000,9999.000,9999.000,9999.000
202606180436,  -0.312,9999.000,9999.000,9999.000,9999.000,9999.000,9999.000,9999.000,9999.000
202606180442,  -0.311,9999.000,9999.000,9999.000,9999.000,9999.000,9999.000,9999.000,9999.000
202606180448,  -0.310,9999.000,9999.000,9999.000,9999.000,9999.000,9999.000,9999.000,9999.000
202606180454,  -0.308,9999.000,9999.000,9999.000,9999.000,9999.000,9999.000,9999.000,9999.000
202606180500,  -0.306,9999.000,   1.100,   0.047,   0.841,   0.900,   0.641,   1.400,   1.141
202606180506,  -0.303,9999.000,9999.000,9999.000,9999.000,9999.000,9999.000,9999.000,9999.000
202606180512,  -0.300,9999.000,9999.000,9999.000,9999.000,9999.000,9999.000,9999.000,9999.000
202606180518,  -0.296,9999.000,9999.000,9999.000,9999.000,9999.000,9999.000,9999.000,9999.000
202606180524,  -0.291,9999.000,9999.000,9999.000,9999.000,9999.000,9999.000,9999.000,9999.000
202606180530,  -0.285,9999.000,9999.000,9999.000,9999.000,9999.000,9999.000,9999.000,9999.000
202606180536,  -0.279,9999.000,9999.000,9999.000,9999.000,9999.000,9999.000,9999.000,9999.000
202606180542,  -0.271,9999.000,9999.000,9999.000,9999.000,9999.000,9999.000,9999.000,9999.000
202606180548,  -0.263,9999.000,9999.000,9999.000,9999.000,9999.000,9999.000,9999.000,9999.000
202606180554,  -0.254,9999.000,9999.000,9999.000,9999.000,9999.000,9999.000,9999.000,9999.000
202606180600,  -0.243,9999.000,   1.100,   0.047,   0.904,   0.800,   0.604,   1.400,   1.204
202606180606,  -0.232,9999.000,9999.000,9999.000,9999.000,9999.000,9999.000,9999.000,9999.000
202606180612,  -0.219,9999.000,9999.000,9999.000,9999.000,9999.000,9999.000,9999.000,9999.000
202606180618,  -0.206,9999.000,9999.000,9999.000,9999.000,9999.000,9999.000,9999.000,9999.000
202606180624,  -0.191,9999.000,9999.000,9999.000,9999.000,9999.000,9999.000,9999.000,9999.000
202606180630,  -0.175,9999.000,9999.000,9999.000,9999.000,9999.000,9999.000,9999.000,9999.000
202606180636,  -0.159,9999.000,9999.000,9999.000,9999.000,9999.000,9999.000,9999.000,9999.000
202606180642,  -0.141,9999.000,9999.000,9999.000,9999.000,9999.000,9999.000,9999.000,9999.000
202606180648,  -0.122,9999.000,9999.000,9999.000,9999.000,9999.000,9999.000,9999.000,9999.000
202606180654,  -0.102,9999.000,9999.000,9999.000,9999.000,9999.000,9999.000,9999.000,9999.000
202606180700,  -0.081,9999.000,   1.100,   0.047,   1.066,   0.800,   0.766,   1.400,   1.366
202606180706,  -0.059,9999.000,9999.000,9999.000,9999.000,9999.000,9999.000,9999.000,9999.000
202606180712,  -0.036,9999.000,9999.000,9999.000,9999.000,9999.000,9999.000,9999.000,9999.000
202606180718,  -0.012,9999.000,9999.000,9999.000,9999.000,9999.000,9999.000,9999.000,9999.000
202606180724,   0.011,9999.000,9999.000,9999.000,9999.000,9999.000,9999.000,9999.000,9999.000
202606180730,   0.036,9999.000,9999.000,9999.000,9999.000,9999.000,9999.000,9999.000,9999.000
202606180736,   0.062,9999.000,9999.000,9999.000,9999.000,9999.000,9999.000,9999.000,9999.000
202606180742,   0.088,9999.000,9999.000,9999.000,9999.000,9999.000,9999.000,9999.000,9999.000
202606180748,   0.115,9999.000,9999.000,9999.000,9999.000,9999.000,9999.000,9999.000,9999.000
202606180754,   0.142,9999.000,9999.000,9999.000,9999.000,9999.000,9999.000,9999.000,9999.000
202606180800,   0.170,9999.000,   1.200,   0.047,   1.417,   0.900,   1.117,   1.500,   1.717
202606180806,   0.198,9999.000,9999.000,9999.000,9999.000,9999.000,9999.000,9999.000,9999.000
202606180812,   0.226,9999.000,9999.000,9999.000,9999.000,9999.000,9999.000,9999.000,9999.000
202606180818,   0.253,9999.000,9999.000,9999.000,9999.000,9999.000,9999.000,9999.000,9999.000
202606180824,   0.281,9999.000,9999.000,9999.000,9999.000,9999.000,9999.000,9999.000,9999.000
202606180830,   0.309,9999.000,9999.000,9999.000,9999.000,9999.000,9999.000,9999.000,9999.000
202606180836,   0.336,9999.000,9999.000,9999.000,9999.000,9999.000,9999.000,9999.000,9999.000
202606180842,   0.364,9999.000,9999.000,9999.000,9999.000,9999.000,9999.000,9999.000,9999.000
202606180848,   0.390,9999.000,9999.000,9999.000,9999.000,9999.000,9999.000,9999.000,9999.000
202606180854,   0.417,9999.000,9999.000,9999.000,9999.000,9999.000,9999.000,9999.000,9999.000
202606180900,   0.443,9999.000,   1.300,   0.047,   1.790,   0.900,   1.390,   1.600,   2.090
202606180906,   0.468,9999.000,9999.000,9999.000,9999.000,9999.000,9999.000,9999.000,9999.000
202606180912,   0.492,9999.000,9999.000,9999.000,9999.000,9999.000,9999.000,9999.000,9999.000
202606180918,   0.516,9999.000,9999.000,9999.000,9999.000,9999.000,9999.000,9999.000,9999.000
202606180924,   0.540,9999.000,9999.000,9999.000,9999.000,9999.000,9999.000,9999.000,9999.000
202606180930,   0.562,9999.000,9999.000,9999.000,9999.000,9999.000,9999.000,9999.000,9999.000
202606180936,   0.584,9999.000,9999.000,9999.000,9999.000,9999.000,9999.000,9999.000,9999.000
202606180942,   0.606,9999.000,9999.000,9999.000,9999.000,9999.000,9999.000,9999.000,9999.000
202606180948,   0.626,9999.000,9999.000,9999.000,9999.000,9999.000,9999.000,9999.000,9999.000
202606180954,   0.646,9999.000,9999.000,9999.000,9999.000,9999.000,9999.000,9999.000,9999.000
202606181000,   0.665,9999.000,   1.300,   0.047,   2.012,   1.000,   1.712,   1.700,   2.412
202606181006,   0.683,9999.000,9999.000,9999.000,9999.000,9999.000,9999.000,9999.000,9999.000
202606181012,   0.701,9999.000,9999.000,9999.000,9999.000,9999.000,9999.000,9999.000,9999.000
202606181018,   0.718,9999.000,9999.000,9999.000,9999.000,9999.000,9999.000,9999.000,9999.000
202606181024,   0.735,9999.000,9999.000,9999.000,9999.000,9999.000,9999.000,9999.000,9999.000
202606181030,   0.751,9999.000,9999.000,9999.000,9999.000,9999.000,9999.000,9999.000,9999.000
202606181036,   0.767,9999.000,9999.000,9999.000,9999.000,9999.000,9999.000,9999.000,9999.000
202606181042,   0.782,9999.000,9999.000,9999.000,9999.000,9999.000,9999.000,9999.000,9999.000
202606181048,   0.798,9999.000,9999.000,9999.000,9999.000,9999.000,9999.000,9999.000,9999.000
202606181054,   0.812,9999.000,9999.000,9999.000,9999.000,9999.000,9999.000,9999.000,9999.000
202606181100,   0.827,9999.000,   1.400,   0.047,   2.274,   1.100,   1.974,   1.700,   2.574
202606181106,   0.842,9999.000,9999.000,9999.000,9999.000,9999.000,9999.000,9999.000,9999.000
202606181112,   0.857,9999.000,9999.000,9999.000,9999.000,9999.000,9999.000,9999.000,9999.000
202606181118,   0.871,9999.000,9999.000,9999.000,9999.000,9999.000,9999.000,9999.000,9999.000
202606181124,   0.886,9999.000,9999.000,9999.000,9999.000,9999.000,9999.000,9999.000,9999.000
202606181130,   0.901,9999.000,9999.000,9999.000,9999.000,9999.000,9999.000,9999.000,9999.000
202606181136,   0.916,9999.000,9999.000,9999.000,9999.000,9999.000,9999.000,9999.000,9999.000
202606181142,   0.932,9999.000,9999.000,9999.000,9999.000,9999.000,9999.000,9999.000,9999.000
202606181148,   0.948,9999.000,9999.000,9999.000,9999.000,9999.000,9999.000,9999.000,9999.000
202606181154,   0.964,9999.000,9999.000,9999.000,9999.000,9999.000,9999.000,9999.000,9999.000
202606181200,   0.981,9999.000,   1.400,   0.047,   2.428,   1.100,   2.128,   1.800,   2.828
202606181206,   0.999,9999.000,9999.000,9999.000,9999.000,9999.000,9999.000,9999.000,9999.000
202606181212,   1.017,9999.000,9999.000,9999.000,9999.000,9999.000,9999.000,9999.000,9999.000
202606181218,   1.035,9999.000,9999.000,9999.000,9999.000,9999.000,9999.000,9999.000,9999.000
202606181224,   1.054,9999.000,9999.000,9999.000,9999.000,9999.000,9999.000,9999.000,9999.000
202606181230,   1.074,9999.000,9999.000,9999.000,9999.000,9999.000,9999.000,9999.000,9999.000
202606181236,   1.095,9999.000,9999.000,9999.000,9999.000,9999.000,9999.000,9999.000,9999.000
202606181242,   1.116,9999.000,9999.000,9999.000,9999.000,9999.000,9999.000,9999.000,9999.000
202606181248,   1.137,9999.000,9999.000,9999.000,9999.000,9999.000,9999.000,9999.000,9999.000
202606181254,   1.159,9999.000,9999.000,9999.000,9999.000,9999.000,9999.000,9999.000,9999.000
202606181300,   1.182,9999.000,   1.500,   0.047,   2.729,   1.100,   2.329,   1.800,   3.029
202606181306,   1.206,9999.000,9999.000,9999.000,9999.000,9999.000,9999.000,9999.000,9999.000
202606181312,   1.230,9999.000,9999.000,9999.000,9999.000,9999.000,9999.000,9999.000,9999.000
202606181318,   1.254,9999.000,9999.000,9999.000,9999.000,9999.000,9999.000,9999.000,9999.000
202606181324,   1.279,9999.000,9999.000,9999.000,9999.000,9999.000,9999.000,9999.000,9999.000
202606181330,   1.304,9999.000,9999.000,9999.000,9999.000,9999.000,9999.000,9999.000,9999.000
202606181336,   1.330,9999.000,9999.000,9999.000,9999.000,9999.000,9999.000,9999.000,9999.000
202606181342,   1.356,9999.000,9999.000,9999.000,9999.000,9999.000,9999.000,9999.000,9999.000
202606181348,   1.382,9999.000,9999.000,9999.000,9999.000,9999.000,9999.000,9999.000,9999.000
202606181354,   1.408,9999.000,9999.000,9999.000,9999.000,9999.000,9999.000,9999.000,9999.000
202606181400,   1.435,9999.000,   1.500,   0.047,   2.982,   1.100,   2.582,   1.800,   3.282
202606181406,   1.461,9999.000,9999.000,9999.000,9999.000,9999.000,9999.000,9999.000,9999.000
202606181412,   1.488,9999.000,9999.000,9999.000,9999.000,9999.000,9999.000,9999.000,9999.000
202606181418,   1.514,9999.000,9999.000,9999.000,9999.000,9999.000,9999.000,9999.000,9999.000
202606181424,   1.541,9999.000,9999.000,9999.000,9999.000,9999.000,9999.000,9999.000,9999.000
202606181430,   1.567,9999.000,9999.000,9999.000,9999.000,9999.000,9999.000,9999.000,9999.000
202606181436,   1.592,9999.000,9999.000,9999.000,9999.000,9999.000,9999.000,9999.000,9999.000
202606181442,   1.617,9999.000,9999.000,9999.000,9999.000,9999.000,9999.000,9999.000,9999.000
202606181448,   1.642,9999.000,9999.000,9999.000,9999.000,9999.000,9999.000,9999.000,9999.000
202606181454,   1.666,9999.000,9999.000,9999.000,9999.000,9999.000,9999.000,9999.000,9999.000
202606181500,   1.690,9999.000,   1.400,   0.047,   3.137,   1.100,   2.837,   1.700,   3.437
202606181506,   1.713,9999.000,9999.000,9999.000,9999.000,9999.000,9999.000,9999.000,9999.000
202606181512,   1.735,9999.000,9999.000,9999.000,9999.000,9999.000,9999.000,9999.000,9999.000
202606181518,   1.756,9999.000,9999.000,9999.000,9999.000,9999.000,9999.000,9999.000,9999.000
202606181524,   1.777,9999.000,9999.000,9999.000,9999.000,9999.000,9999.000,9999.000,9999.000
202606181530,   1.796,9999.000,9999.000,9999.000,9999.000,9999.000,9999.000,9999.000,9999.000
202606181536,   1.814,9999.000,9999.000,9999.000,9999.000,9999.000,9999.000,9999.000,9999.000
202606181542,   1.832,9999.000,9999.000,9999.000,9999.000,9999.000,9999.000,9999.000,9999.000
202606181548,   1.848,9999.000,9999.000,9999.000,9999.000,9999.000,9999.000,9999.000,9999.000
202606181554,   1.863,9999.000,9999.000,9999.000,9999.000,9999.000,9999.000,9999.000,9999.000
202606181600,   1.878,9999.000,   1.400,   0.047,   3.325,   1.100,   3.025,   1.700,   3.625
202606181606,   1.890,9999.000,9999.000,9999.000,9999.000,9999.000,9999.000,9999.000,9999.000
202606181612,   1.902,9999.000,9999.000,9999.000,9999.000,9999.000,9999.000,9999.000,9999.000
202606181618,   1.913,9999.000,9999.000,9999.000,9999.000,9999.000,9999.000,9999.000,9999.000
202606181624,   1.922,9999.000,9999.000,9999.000,9999.000,9999.000,9999.000,9999.000,9999.000
202606181630,   1.931,9999.000,9999.000,9999.000,9999.000,9999.000,9999.000,9999.000,9999.000
202606181636,   1.938,9999.000,9999.000,9999.000,9999.000,9999.000,9999.000,9999.000,9999.000
202606181642,   1.944,9999.000,9999.000,9999.000,9999.000,9999.000,9999.000,9999.000,9999.000
202606181648,   1.948,9999.000,9999.000,9999.000,9999.000,9999.000,9999.000,9999.000,9999.000
202606181654,   1.952,9999.000,9999.000,9999.000,9999.000,9999.000,9999.000,9999.000,9999.000
202606181700,   1.955,9999.000,   1.400,   0.047,   3.402,   1.100,   3.102,   1.700,   3.702
202606181706,   1.957,9999.000,9999.000,9999.000,9999.000,9999.000,9999.000,9999.000,9999.000
202606181712,   1.957,9999.000,9999.000,9999.000,9999.000,9999.000,9999.000,9999.000,9999.000
202606181718,   1.957,9999.000,9999.000,9999.000,9999.000,9999.000,9999.000,9999.000,9999.000
202606181724,   1.956,9999.000,9999.000,9999.000,9999.000,9999.000,9999.000,9999.000,9999.000
202606181730,   1.954,9999.000,9999.000,9999.000,9999.000,9999.000,9999.000,9999.000,9999.000
202606181736,   1.951,9999.000,9999.000,9999.000,9999.000,9999.000,9999.000,9999.000,9999.000
202606181742,   1.948,9999.000,9999.000,9999.000,9999.000,9999.000,9999.000,9999.000,9999.000
202606181748,   1.944,9999.000,9999.000,9999.000,9999.000,9999.000,9999.000,9999.000,9999.000
202606181754,   1.940,9999.000,9999.000,9999.000,9999.000,9999.000,9999.000,9999.000,9999.000
202606181800,   1.935,9999.000,   1.300,   0.047,   3.282,   1.000,   2.982,   1.700,   3.682
202606181806,   1.929,9999.000,9999.000,9999.000,9999.000,9999.000,9999.000,9999.000,9999.000
202606181812,   1.923,9999.000,9999.000,9999.000,9999.000,9999.000,9999.000,9999.000,9999.000
202606181818,   1.917,9999.000,9999.000,9999.000,9999.000,9999.000,9999.000,9999.000,9999.000
202606181824,   1.910,9999.000,9999.000,9999.000,9999.000,9999.000,9999.000,9999.000,9999.000
202606181830,   1.903,9999.000,9999.000,9999.000,9999.000,9999.000,9999.000,9999.000,9999.000
202606181836,   1.896,9999.000,9999.000,9999.000,9999.000,9999.000,9999.000,9999.000,9999.000
202606181842,   1.889,9999.000,9999.000,9999.000,9999.000,9999.000,9999.000,9999.000,9999.000
202606181848,   1.882,9999.000,9999.000,9999.000,9999.000,9999.000,9999.000,9999.000,9999.000
202606181854,   1.874,9999.000,9999.000,9999.000,9999.000,9999.000,9999.000,9999.000,9999.000
202606181900,   1.866,9999.000,   1.300,   0.047,   3.213,   1.000,   2.913,   1.600,   3.513
202606181906,   1.859,9999.000,9999.000,9999.000,9999.000,9999.000,9999.000,9999.000,9999.000
202606181912,   1.851,9999.000,9999.000,9999.000,9999.000,9999.000,9999.000,9999.000,9999.000
202606181918,   1.842,9999.000,9999.000,9999.000,9999.000,9999.000,9999.000,9999.000,9999.000
202606181924,   1.834,9999.000,9999.000,9999.000,9999.000,9999.000,9999.000,9999.000,9999.000
202606181930,   1.826,9999.000,9999.000,9999.000,9999.000,9999.000,9999.000,9999.000,9999.000
202606181936,   1.817,9999.000,9999.000,9999.000,9999.000,9999.000,9999.000,9999.000,9999.000
202606181942,   1.808,9999.000,9999.000,9999.000,9999.000,9999.000,9999.000,9999.000,9999.000
202606181948,   1.799,9999.000,9999.000,9999.000,9999.000,9999.000,9999.000,9999.000,9999.000
202606181954,   1.790,9999.000,9999.000,9999.000,9999.000,9999.000,9999.000,9999.000,9999.000
202606182000,   1.780,9999.000,   1.300,   0.047,   3.127,   1.000,   2.827,   1.600,   3.427
202606182006,   1.770,9999.000,9999.000,9999.000,9999.000,9999.000,9999.000,9999.000,9999.000
202606182012,   1.759,9999.000,9999.000,9999.000,9999.000,9999.000,9999.000,9999.000,9999.000
202606182018,   1.748,9999.000,9999.000,9999.000,9999.000,9999.000,9999.000,9999.000,9999.000
202606182024,   1.736,9999.000,9999.000,9999.000,9999.000,9999.000,9999.000,9999.000,9999.000
202606182030,   1.723,9999.000,9999.000,9999.000,9999.000,9999.000,9999.000,9999.000,9999.000
202606182036,   1.710,9999.000,9999.000,9999.000,9999.000,9999.000,9999.000,9999.000,9999.000
202606182042,   1.696,9999.000,9999.000,9999.000,9999.000,9999.000,9999.000,9999.000,9999.000
202606182048,   1.681,9999.000,9999.000,9999.000,9999.000,9999.000,9999.000,9999.000,9999.000
202606182054,   1.665,9999.000,9999.000,9999.000,9999.000,9999.000,9999.000,9999.000,9999.000
202606182100,   1.648,9999.000,   1.300,   0.047,   2.995,   1.000,   2.695,   1.600,   3.295
202606182106,   1.630,9999.000,9999.000,9999.000,9999.000,9999.000,9999.000,9999.000,9999.000
202606182112,   1.611,9999.000,9999.000,9999.000,9999.000,9999.000,9999.000,9999.000,9999.000
202606182118,   1.591,9999.000,9999.000,9999.000,9999.000,9999.000,9999.000,9999.000,9999.000
202606182124,   1.570,9999.000,9999.000,9999.000,9999.000,9999.000,9999.000,9999.000,9999.000
202606182130,   1.547,9999.000,9999.000,9999.000,9999.000,9999.000,9999.000,9999.000,9999.000
202606182136,   1.524,9999.000,9999.000,9999.000,9999.000,9999.000,9999.000,9999.000,9999.000
202606182142,   1.499,9999.000,9999.000,9999.000,9999.000,9999.000,9999.000,9999.000,9999.000
202606182148,   1.473,9999.000,9999.000,9999.000,9999.000,9999.000,9999.000,9999.000,9999.000
202606182154,   1.446,9999.000,9999.000,9999.000,9999.000,9999.000,9999.000,9999.000,9999.000
202606182200,   1.418,9999.000,   1.200,   0.047,   2.665,   1.000,   2.465,   1.600,   3.065
202606182206,   1.388,9999.000,9999.000,9999.000,9999.000,9999.000,9999.000,9999.000,9999.000
202606182212,   1.358,9999.000,9999.000,9999.000,9999.000,9999.000,9999.000,9999.000,9999.000
202606182218,   1.326,9999.000,9999.000,9999.000,9999.000,9999.000,9999.000,9999.000,9999.000
202606182224,   1.294,9999.000,9999.000,9999.000,9999.000,9999.000,9999.000,9999.000,9999.000
202606182230,   1.260,9999.000,9999.000,9999.000,9999.000,9999.000,9999.000,9999.000,9999.000
202606182236,   1.225,9999.000,9999.000,9999.000,9999.000,9999.000,9999.000,9999.000,9999.000
202606182242,   1.190,9999.000,9999.000,9999.000,9999.000,9999.000,9999.000,9999.000,9999.000
202606182248,   1.154,9999.000,9999.000,9999.000,9999.000,9999.000,9999.000,9999.000,9999.000
202606182254,   1.117,9999.000,9999.000,9999.000,9999.000,9999.000,9999.000,9999.000,9999.000
202606182300,   1.080,9999.000,   1.200,   0.047,   2.327,   1.000,   2.127,   1.600,   2.727
202606182306,   1.042,9999.000,9999.000,9999.000,9999.000,9999.000,9999.000,9999.000,9999.000
202606182312,   1.004,9999.000,9999.000,9999.000,9999.000,9999.000,9999.000,9999.000,9999.000
202606182318,   0.966,9999.000,9999.000,9999.000,9999.000,9999.000,9999.000,9999.000,9999.000
202606182324,   0.927,9999.000,9999.000,9999.000,9999.000,9999.000,9999.000,9999.000,9999.000
202606182330,   0.889,9999.000,9999.000,9999.000,9999.000,9999.000,9999.000,9999.000,9999.000
202606182336,   0.850,9999.000,9999.000,9999.000,9999.000,9999.000,9999.000,9999.000,9999.000
202606182342,   0.811,9999.000,9999.000,9999.000,9999.000,9999.000,9999.000,9999.000,9999.000
202606182348,   0.773,9999.000,9999.000,9999.000,9999.000,9999.000,9999.000,9999.000,9999.000
202606182354,   0.735,9999.000,9999.000,9999.000,9999.000,9999.000,9999.000,9999.000,9999.000
202606190000,   0.697,9999.000,   1.200,   0.047,   1.944,   0.900,   1.644,   1.500,   2.244
202606190006,   0.660,9999.000,9999.000,9999.000,9999.000,9999.000,9999.000,9999.000,9999.000
202606190012,   0.623,9999.000,9999.000,9999.000,9999.000,9999.000,9999.000,9999.000,9999.000
202606190018,   0.587,9999.000,9999.000,9999.000,9999.000,9999.000,9999.000,9999.000,9999.000
202606190024,   0.552,9999.000,9999.000,9999.000,9999.000,9999.000,9999.000,9999.000,9999.000
202606190030,   0.518,9999.000,9999.000,9999.000,9999.000,9999.000,9999.000,9999.000,9999.000
202606190036,   0.484,9999.000,9999.000,9999.000,9999.000,9999.000,9999.000,9999.000,9999.000
202606190042,   0.451,9999.000,9999.000,9999.000,9999.000,9999.000,9999.000,9999.000,9999.000
202606190048,   0.420,9999.000,9999.000,9999.000,9999.000,9999.000,9999.000,9999.000,9999.000
202606190054,   0.389,9999.000,9999.000,9999.000,9999.000,9999.000,9999.000,9999.000,9999.000
202606190100,   0.360,9999.000,   1.200,   0.047,   1.607,   0.900,   1.307,   1.500,   1.907
202606190106,   0.331,9999.000,9999.000,9999.000,9999.000,9999.000,9999.000,9999.000,9999.000
202606190112,   0.304,9999.000,9999.000,9999.000,9999.000,9999.000,9999.000,9999.000,9999.000
202606190118,   0.278,9999.000,9999.000,9999.000,9999.000,9999.000,9999.000,9999.000,9999.000
202606190124,   0.253,9999.000,9999.000,9999.000,9999.000,9999.000,9999.000,9999.000,9999.000
202606190130,   0.229,9999.000,9999.000,9999.000,9999.000,9999.000,9999.000,9999.000,9999.000
202606190136,   0.206,9999.000,9999.000,9999.000,9999.000,9999.000,9999.000,9999.000,9999.000
202606190142,   0.185,9999.000,9999.000,9999.000,9999.000,9999.000,9999.000,9999.000,9999.000
202606190148,   0.164,9999.000,9999.000,9999.000,9999.000,9999.000,9999.000,9999.000,9999.000
202606190154,   0.145,9999.000,9999.000,9999.000,9999.000,9999.000,9999.000,9999.000,9999.000
202606190200,   0.127,9999.000,   1.200,   0.047,   1.374,   0.900,   1.074,   1.400,   1.574
202606190206,   0.110,9999.000,9999.000,9999.000,9999.000,9999.000,9999.000,9999.000,9999.000
202606190212,   0.095,9999.000,9999.000,9999.000,9999.000,9999.000,9999.000,9999.000,9999.000
202606190218,   0.080,9999.000,9999.000,9999.000,9999.000,9999.000,9999.000,9999.000,9999.000
202606190224,   0.066,9999.000,9999.000,9999.000,9999.000,9999.000,9999.000,9999.000,9999.000
202606190230,   0.054,9999.000,9999.000,9999.000,9999.000,9999.000,9999.000,9999.000,9999.000
202606190236,   0.042,9999.000,9999.000,9999.000,9999.000,9999.000,9999.000,9999.000,9999.000
202606190242,   0.031,9999.000,9999.000,9999.000,9999.000,9999.000,9999.000,9999.000,9999.000
202606190248,   0.021,9999.000,9999.000,9999.000,9999.000,9999.000,9999.000,9999.000,9999.000
202606190254,   0.012,9999.000,9999.000,9999.000,9999.000,9999.000,9999.000,9999.000,9999.000
202606190300,   0.004,9999.000,   1.100,   0.047,   1.151,   0.900,   0.951,   1.300,   1.351
202606190306,  -0.002,9999.000,9999.000,9999.000,9999.000,9999.000,9999.000,9999.000,9999.000
202606190312,  -0.009,9999.000,9999.000,9999.000,9999.000,9999.000,9999.000,9999.000,9999.000
202606190318,  -0.015,9999.000,9999.000,9999.000,9999.000,9999.000,9999.000,9999.000,9999.000
202606190324,  -0.021,9999.000,9999.000,9999.000,9999.000,9999.000,9999.000,9999.000,9999.000
202606190330,  -0.026,9999.000,9999.000,9999.000,9999.000,9999.000,9999.000,9999.000,9999.000
202606190336,  -0.030,9999.000,9999.000,9999.000,9999.000,9999.000,9999.000,9999.000,9999.000
202606190342,  -0.034,9999.000,9999.000,9999.000,9999.000,9999.000,9999.000,9999.000,9999.000
202606190348,  -0.038,9999.000,9999.000,9999.000,9999.000,9999.000,9999.000,9999.000,9999.000
202606190354,  -0.041,9999.000,9999.000,9999.000,9999.000,9999.000,9999.000,9999.000,9999.000
202606190400,  -0.044,9999.000,   1.100,   0.047,   1.103,   0.900,   0.903,   1.300,   1.303
202606190406,  -0.046,9999.000,9999.000,9999.000,9999.000,9999.000,9999.000,9999.000,9999.000
202606190412,  -0.048,9999.000,9999.000,9999.000,9999.000,9999.000,9999.000,9999.000,9999.000
202606190418,  -0.050,9999.000,9999.000,9999.000,9999.000,9999.000,9999.000,9999.000,9999.000
202606190424,  -0.051,9999.000,9999.000,9999.000,9999.000,9999.000,9999.000,9999.000,9999.000
202606190430,  -0.052,9999.000,9999.000,9999.000,9999.000,9999.000,9999.000,9999.000,9999.000
202606190436,  -0.053,9999.000,9999.000,9999.000,9999.000,9999.000,9999.000,9999.000,9999.000
202606190442,  -0.054,9999.000,9999.000,9999.000,9999.000,9999.000,9999.000,9999.000,9999.000
202606190448,  -0.055,9999.000,9999.000,9999.000,9999.000,9999.000,9999.000,9999.000,9999.000
202606190454,  -0.055,9999.000,9999.000,9999.000,9999.000,9999.000,9999.000,9999.000,9999.000
202606190500,  -0.055,9999.000,   1.100,   0.047,   1.092,   0.900,   0.892,   1.200,   1.192
202606190506,  -0.055,9999.000,9999.000,9999.000,9999.000,9999.000,9999.000,9999.000,9999.000
202606190512,  -0.054,9999.000,9999.000,9999.000,9999.000,9999.000,9999.000,9999.000,9999.000
202606190518,  -0.053,9999.000,9999.000,9999.000,9999.000,9999.000,9999.000,9999.000,9999.000
202606190524,  -0.052,9999.000,9999.000,9999.000,9999.000,9999.000,9999.000,9999.000,9999.000
202606190530,  -0.050,9999.000,9999.000,9999.000,9999.000,9999.000,9999.000,9999.000,9999.000
202606190536,  -0.048,9999.000,9999.000,9999.000,9999.000,9999.000,9999.000,9999.000,9999.000
202606190542,  -0.046,9999.000,9999.000,9999.000,9999.000,9999.000,9999.000,9999.000,9999.000
202606190548,  -0.043,9999.000,9999.000,9999.000,9999.000,9999.000,9999.000,9999.000,9999.000
202606190554,  -0.040,9999.000,9999.000,9999.000,9999.000,9999.000,9999.000,9999.000,9999.000
202606190600,  -0.036,9999.000,   1.100,   0.047,   1.111,   0.900,   0.911,   1.200,   1.211
202606190606,  -0.031,9999.000,9999.000,9999.000,9999.000,9999.000,9999.000,9999.000,9999.000
202606190612,  -0.026,9999.000,9999.000,9999.000,9999.000,9999.000,9999.000,9999.000,9999.000
202606190618,  -0.020,9999.000,9999.000,9999.000,9999.000,9999.000,9999.000,9999.000,9999.000
202606190624,  -0.014,9999.000,9999.000,9999.000,9999.000,9999.000,9999.000,9999.000,9999.000
202606190630,  -0.007,9999.000,9999.000,9999.000,9999.000,9999.000,9999.000,9999.000,9999.000
202606190636,   0.000,9999.000,9999.000,9999.000,9999.000,9999.000,9999.000,9999.000,9999.000
202606190642,   0.009,9999.000,9999.000,9999.000,9999.000,9999.000,9999.000,9999.000,9999.000
202606190648,   0.018,9999.000,9999.000,9999.000,9999.000,9999.000,9999.000,9999.000,9999.000
202606190654,   0.028,9999.000,9999.000,9999.000,9999.000,9999.000,9999.000,9999.000,9999.000
202606190700,   0.039,9999.000,   1.000,   0.047,   1.086,   0.900,   0.986,   1.200,   1.286
202606190706,   0.051,9999.000,9999.000,9999.000,9999.000,9999.000,9999.000,9999.000,9999.000
202606190712,   0.064,9999.000,9999.000,9999.000,9999.000,9999.000,9999.000,9999.000,9999.000
202606190718,   0.078,9999.000,9999.000,9999.000,9999.000,9999.000,9999.000,9999.000,9999.000
202606190724,   0.092,9999.000,9999.000,9999.000,9999.000,9999.000,9999.000,9999.000,9999.000
202606190730,   0.107,9999.000,9999.000,9999.000,9999.000,9999.000,9999.000,9999.000,9999.000
202606190736,   0.123,9999.000,9999.000,9999.000,9999.000,9999.000,9999.000,9999.000,9999.000
202606190742,   0.140,9999.000,9999.000,9999.000,9999.000,9999.000,9999.000,9999.000,9999.000
202606190748,   0.158,9999.000,9999.000,9999.000,9999.000,9999.000,9999.000,9999.000,9999.000
202606190754,   0.176,9999.000,9999.000,9999.000,9999.000,9999.000,9999.000,9999.000,9999.000
202606190800,   0.195,9999.000,   1.000,   0.047,   1.242,   0.900,   1.142,   1.100,   1.342
202606190806,   0.214,9999.000,9999.000,9999.000,9999.000,9999.000,9999.000,9999.000,9999.000
202606190812,   0.234,9999.000,9999.000,9999.000,9999.000,9999.000,9999.000,9999.000,9999.000
202606190818,   0.255,9999.000,9999.000,9999.000,9999.000,9999.000,9999.000,9999.000,9999.000
202606190824,   0.276,9999.000,9999.000,9999.000,9999.000,9999.000,9999.000,9999.000,9999.000
202606190830,   0.297,9999.000,9999.000,9999.000,9999.000,9999.000,9999.000,9999.000,9999.000
202606190836,   0.318,9999.000,9999.000,9999.000,9999.000,9999.000,9999.000,9999.000,9999.000
202606190842,   0.340,9999.000,9999.000,9999.000,9999.000,9999.000,9999.000,9999.000,9999.000
202606190848,   0.362,9999.000,9999.000,9999.000,9999.000,9999.000,9999.000,9999.000,9999.000
202606190854,   0.384,9999.000,9999.000,9999.000,9999.000,9999.000,9999.000,9999.000,9999.000
202606190900,   0.406,9999.000,   1.000,   0.047,   1.453,   0.900,   1.353,   1.200,   1.653
202606190906,   0.427,9999.000,9999.000,9999.000,9999.000,9999.000,9999.000,9999.000,9999.000
202606190912,   0.449,9999.000,9999.000,9999.000,9999.000,9999.000,9999.000,9999.000,9999.000
202606190918,   0.470,9999.000,9999.000,9999.000,9999.000,9999.000,9999.000,9999.000,9999.000
202606190924,   0.491,9999.000,9999.000,9999.000,9999.000,9999.000,9999.000,9999.000,9999.000
202606190930,   0.512,9999.000,9999.000,9999.000,9999.000,9999.000,9999.000,9999.000,9999.000
202606190936,   0.532,9999.000,9999.000,9999.000,9999.000,9999.000,9999.000,9999.000,9999.000
202606190942,   0.552,9999.000,9999.000,9999.000,9999.000,9999.000,9999.000,9999.000,9999.000
202606190948,   0.571,9999.000,9999.000,9999.000,9999.000,9999.000,9999.000,9999.000,9999.000
202606190954,   0.589,9999.000,9999.000,9999.000,9999.000,9999.000,9999.000,9999.000,9999.000
202606191000,   0.607,9999.000,   1.000,   0.047,   1.654,   0.900,   1.554,   1.100,   1.754
202606191006,   0.625,9999.000,9999.000,9999.000,9999.000,9999.000,9999.000,9999.000,9999.000
202606191012,   0.642,9999.000,9999.000,9999.000,9999.000,9999.000,9999.000,9999.000,9999.000
202606191018,   0.658,9999.000,9999.000,9999.000,9999.000,9999.000,9999.000,9999.000,9999.000
202606191024,   0.673,9999.000,9999.000,9999.000,9999.000,9999.000,9999.000,9999.000,9999.000
202606191030,   0.688,9999.000,9999.000,9999.000,9999.000,9999.000,9999.000,9999.000,9999.000
202606191036,   0.702,9999.000,9999.000,9999.000,9999.000,9999.000,9999.000,9999.000,9999.000
202606191042,   0.716,9999.000,9999.000,9999.000,9999.000,9999.000,9999.000,9999.000,9999.000
202606191048,   0.728,9999.000,9999.000,9999.000,9999.000,9999.000,9999.000,9999.000,9999.000
202606191054,   0.741,9999.000,9999.000,9999.000,9999.000,9999.000,9999.000,9999.000,9999.000
202606191100,   0.753,9999.000,   1.000,   0.047,   1.800,   0.900,   1.700,   1.100,   1.900
202606191106,   0.764,9999.000,9999.000,9999.000,9999.000,9999.000,9999.000,9999.000,9999.000
202606191112,   0.775,9999.000,9999.000,9999.000,9999.000,9999.000,9999.000,9999.000,9999.000
202606191118,   0.786,9999.000,9999.000,9999.000,9999.000,9999.000,9999.000,9999.000,9999.000
202606191124,   0.796,9999.000,9999.000,9999.000,9999.000,9999.000,9999.000,9999.000,9999.000
202606191130,   0.806,9999.000,9999.000,9999.000,9999.000,9999.000,9999.000,9999.000,9999.000
202606191136,   0.816,9999.000,9999.000,9999.000,9999.000,9999.000,9999.000,9999.000,9999.000
202606191142,   0.825,9999.000,9999.000,9999.000,9999.000,9999.000,9999.000,9999.000,9999.000
202606191148,   0.835,9999.000,9999.000,9999.000,9999.000,9999.000,9999.000,9999.000,9999.000
202606191154,   0.844,9999.000,9999.000,9999.000,9999.000,9999.000,9999.000,9999.000,9999.000
202606191200,   0.854,9999.000,   0.900,   0.047,   1.801,   0.800,   1.701,   1.100,   2.001
202606191206,   0.863,9999.000,9999.000,9999.000,9999.000,9999.000,9999.000,9999.000,9999.000
202606191212,   0.873,9999.000,9999.000,9999.000,9999.000,9999.000,9999.000,9999.000,9999.000
202606191218,   0.883,9999.000,9999.000,9999.000,9999.000,9999.000,9999.000,9999.000,9999.000
202606191224,   0.893,9999.000,9999.000,9999.000,9999.000,9999.000,9999.000,9999.000,9999.000
202606191230,   0.904,9999.000,9999.000,9999.000,9999.000,9999.000,9999.000,9999.000,9999.000
202606191236,   0.915,9999.000,9999.000,9999.000,9999.000,9999.000,9999.000,9999.000,9999.000
202606191242,   0.926,9999.000,9999.000,9999.000,9999.000,9999.000,9999.000,9999.000,9999.000
202606191248,   0.938,9999.000,9999.000,9999.000,9999.000,9999.000,9999.000,9999.000,9999.000
202606191254,   0.950,9999.000,9999.000,9999.000,9999.000,9999.000,9999.000,9999.000,9999.000
202606191300,   0.963,9999.000,   0.900,   0.047,   1.910,   0.800,   1.810,   1.100,   2.110
202606191306,   0.976,9999.000,9999.000,9999.000,9999.000,9999.000,9999.000,9999.000,9999.000
202606191312,   0.990,9999.000,9999.000,9999.000,9999.000,9999.000,9999.000,9999.000,9999.000
202606191318,   1.004,9999.000,9999.000,9999.000,9999.000,9999.000,9999.000,9999.000,9999.000
202606191324,   1.019,9999.000,9999.000,9999.000,9999.000,9999.000,9999.000,9999.000,9999.000
202606191330,   1.034,9999.000,9999.000,9999.000,9999.000,9999.000,9999.000,9999.000,9999.000
202606191336,   1.050,9999.000,9999.000,9999.000,9999.000,9999.000,9999.000,9999.000,9999.000
202606191342,   1.066,9999.000,9999.000,9999.000,9999.000,9999.000,9999.000,9999.000,9999.000
202606191348,   1.083,9999.000,9999.000,9999.000,9999.000,9999.000,9999.000,9999.000,9999.000
202606191354,   1.100,9999.000,9999.000,9999.000,9999.000,9999.000,9999.000,9999.000,9999.000
202606191400,   1.118,9999.000,   0.900,   0.047,   2.065,   0.800,   1.965,   1.100,   2.265
202606191406,   1.136,9999.000,9999.000,9999.000,9999.000,9999.000,9999.000,9999.000,9999.000
202606191412,   1.154,9999.000,9999.000,9999.000,9999.000,9999.000,9999.000,9999.000,9999.000
202606191418,   1.173,9999.000,9999.000,9999.000,9999.000,9999.000,9999.000,9999.000,9999.000
202606191424,   1.192,9999.000,9999.000,9999.000,9999.000,9999.000,9999.000,9999.000,9999.000
202606191430,   1.211,9999.000,9999.000,9999.000,9999.000,9999.000,9999.000,9999.000,9999.000
202606191436,   1.230,9999.000,9999.000,9999.000,9999.000,9999.000,9999.000,9999.000,9999.000
202606191442,   1.250,9999.000,9999.000,9999.000,9999.000,9999.000,9999.000,9999.000,9999.000
202606191448,   1.269,9999.000,9999.000,9999.000,9999.000,9999.000,9999.000,9999.000,9999.000
202606191454,   1.289,9999.000,9999.000,9999.000,9999.000,9999.000,9999.000,9999.000,9999.000
202606191500,   1.308,9999.000,   0.900,   0.047,   2.255,   0.800,   2.155,   1.000,   2.355
202606191506,   1.328,9999.000,9999.000,9999.000,9999.000,9999.000,9999.000,9999.000,9999.000
202606191512,   1.347,9999.000,9999.000,9999.000,9999.000,9999.000,9999.000,9999.000,9999.000
202606191518,   1.366,9999.000,9999.000,9999.000,9999.000,9999.000,9999.000,9999.000,9999.000
202606191524,   1.385,9999.000,9999.000,9999.000,9999.000,9999.000,9999.000,9999.000,9999.000
202606191530,   1.403,9999.000,9999.000,9999.000,9999.000,9999.000,9999.000,9999.000,9999.000
202606191536,   1.421,9999.000,9999.000,9999.000,9999.000,9999.000,9999.000,9999.000,9999.000
202606191542,   1.439,9999.000,9999.000,9999.000,9999.000,9999.000,9999.000,9999.000,9999.000
202606191548,   1.456,9999.000,9999.000,9999.000,9999.000,9999.000,9999.000,9999.000,9999.000
202606191554,   1.472,9999.000,9999.000,9999.000,9999.000,9999.000,9999.000,9999.000,9999.000
202606191600,   1.488,9999.000,   0.900,   0.047,   2.435,   0.800,   2.335,   1.000,   2.535
202606191606,   1.504,9999.000,9999.000,9999.000,9999.000,9999.000,9999.000,9999.000,9999.000
202606191612,   1.518,9999.000,9999.000,9999.000,9999.000,9999.000,9999.000,9999.000,9999.000
202606191618,   1.532,9999.000,9999.000,9999.000,9999.000,9999.000,9999.000,9999.000,9999.000
202606191624,   1.545,9999.000,9999.000,9999.000,9999.000,9999.000,9999.000,9999.000,9999.000
202606191630,   1.558,9999.000,9999.000,9999.000,9999.000,9999.000,9999.000,9999.000,9999.000
202606191636,   1.569,9999.000,9999.000,9999.000,9999.000,9999.000,9999.000,9999.000,9999.000
202606191642,   1.580,9999.000,9999.000,9999.000,9999.000,9999.000,9999.000,9999.000,9999.000
202606191648,   1.590,9999.000,9999.000,9999.000,9999.000,9999.000,9999.000,9999.000,9999.000
202606191654,   1.599,9999.000,9999.000,9999.000,9999.000,9999.000,9999.000,9999.000,9999.000
202606191700,   1.607,9999.000,   0.800,   0.047,   2.454,   0.700,   2.354,   0.900,   2.554
202606191706,   1.614,9999.000,9999.000,9999.000,9999.000,9999.000,9999.000,9999.000,9999.000
202606191712,   1.621,9999.000,9999.000,9999.000,9999.000,9999.000,9999.000,9999.000,9999.000
202606191718,   1.626,9999.000,9999.000,9999.000,9999.000,9999.000,9999.000,9999.000,9999.000
202606191724,   1.631,9999.000,9999.000,9999.000,9999.000,9999.000,9999.000,9999.000,9999.000
202606191730,   1.635,9999.000,9999.000,9999.000,9999.000,9999.000,9999.000,9999.000,9999.000
202606191736,   1.638,9999.000,9999.000,9999.000,9999.000,9999.000,9999.000,9999.000,9999.000
202606191742,   1.640,9999.000,9999.000,9999.000,9999.000,9999.000,9999.000,9999.000,9999.000
202606191748,   1.641,9999.000,9999.000,9999.000,9999.000,9999.000,9999.000,9999.000,9999.000
202606191754,   1.642,9999.000,9999.000,9999.000,9999.000,9999.000,9999.000,9999.000,9999.000
202606191800,   1.642,9999.000,   0.800,   0.047,   2.489,   0.700,   2.389,   0.900,   2.589
202606191806,   1.641,9999.000,9999.000,9999.000,9999.000,9999.000,9999.000,9999.000,9999.000
202606191812,   1.640,9999.000,9999.000,9999.000,9999.000,9999.000,9999.000,9999.000,9999.000
202606191818,   1.638,9999.000,9999.000,9999.000,9999.000,9999.000,9999.000,9999.000,9999.000
202606191824,   1.636,9999.000,9999.000,9999.000,9999.000,9999.000,9999.000,9999.000,9999.000
202606191830,   1.633,9999.000,9999.000,9999.000,9999.000,9999.000,9999.000,9999.000,9999.000
202606191836,   1.629,9999.000,9999.000,9999.000,9999.000,9999.000,9999.000,9999.000,9999.000
202606191842,   1.625,9999.000,9999.000,9999.000,9999.000,9999.000,9999.000,9999.000,9999.000
202606191848,   1.621,9999.000,9999.000,9999.000,9999.000,9999.000,9999.000,9999.000,9999.000
202606191854,   1.616,9999.000,9999.000,9999.000,9999.000,9999.000,9999.000,9999.000,9999.000
202606191900,   1.612,9999.000,   0.800,   0.047,   2.459,   0.700,   2.359,   0.900,   2.559
202606191906,   1.606,9999.000,9999.000,9999.000,9999.000,9999.000,9999.000,9999.000,9999.000
202606191912,   1.601,9999.000,9999.000,9999.000,9999.000,9999.000,9999.000,9999.000,9999.000
202606191918,   1.596,9999.000,9999.000,9999.000,9999.000,9999.000,9999.000,9999.000,9999.000
202606191924,   1.590,9999.000,9999.000,9999.000,9999.000,9999.000,9999.000,9999.000,9999.000
202606191930,   1.584,9999.000,9999.000,9999.000,9999.000,9999.000,9999.000,9999.000,9999.000
202606191936,   1.578,9999.000,9999.000,9999.000,9999.000,9999.000,9999.000,9999.000,9999.000
202606191942,   1.572,9999.000,9999.000,9999.000,9999.000,9999.000,9999.000,9999.000,9999.000
202606191948,   1.566,9999.000,9999.000,9999.000,9999.000,9999.000,9999.000,9999.000,9999.000
202606191954,   1.560,9999.000,9999.000,9999.000,9999.000,9999.000,9999.000,9999.000,9999.000
202606192000,   1.553,9999.000,   0.800,   0.047,   2.400,   0.700,   2.300,   0.800,   2.400
202606192006,   1.547,9999.000,9999.000,9999.000,9999.000,9999.000,9999.000,9999.000,9999.000
202606192012,   1.540,9999.000,9999.000,9999.000,9999.000,9999.000,9999.000,9999.000,9999.000
202606192018,   1.534,9999.000,9999.000,9999.000,9999.000,9999.000,9999.000,9999.000,9999.000
202606192024,   1.527,9999.000,9999.000,9999.000,9999.000,9999.000,9999.000,9999.000,9999.000
202606192030,   1.520,9999.000,9999.000,9999.000,9999.000,9999.000,9999.000,9999.000,9999.000
202606192036,   1.513,9999.000,9999.000,9999.000,9999.000,9999.000,9999.000,9999.000,9999.000
202606192042,   1.505,9999.000,9999.000,9999.000,9999.000,9999.000,9999.000,9999.000,9999.000
202606192048,   1.498,9999.000,9999.000,9999.000,9999.000,9999.000,9999.000,9999.000,9999.000
202606192054,   1.489,9999.000,9999.000,9999.000,9999.000,9999.000,9999.000,9999.000,9999.000
202606192100,   1.481,9999.000,   0.700,   0.047,   2.228,   0.700,   2.228,   0.800,   2.328
202606192106,   1.472,9999.000,9999.000,9999.000,9999.000,9999.000,9999.000,9999.000,9999.000
202606192112,   1.463,9999.000,9999.000,9999.000,9999.000,9999.000,9999.000,9999.000,9999.000
202606192118,   1.453,9999.000,9999.000,9999.000,9999.000,9999.000,9999.000,9999.000,9999.000
202606192124,   1.442,9999.000,9999.000,9999.000,9999.000,9999.000,9999.000,9999.000,9999.000
202606192130,   1.431,9999.000,9999.000,9999.000,9999.000,9999.000,9999.000,9999.000,9999.000
202606192136,   1.420,9999.000,9999.000,9999.000,9999.000,9999.000,9999.000,9999.000,9999.000
202606192142,   1.407,9999.000,9999.000,9999.000,9999.000,9999.000,9999.000,9999.000,9999.000
202606192148,   1.394,9999.000,9999.000,9999.000,9999.000,9999.000,9999.000,9999.000,9999.000
202606192154,   1.380,9999.000,9999.000,9999.000,9999.000,9999.000,9999.000,9999.000,9999.000
202606192200,   1.365,9999.000,   0.700,   0.047,   2.112,   0.600,   2.012,   0.800,   2.212
202606192206,   1.350,9999.000,9999.000,9999.000,9999.000,9999.000,9999.000,9999.000,9999.000
202606192212,   1.333,9999.000,9999.000,9999.000,9999.000,9999.000,9999.000,9999.000,9999.000
202606192218,   1.316,9999.000,9999.000,9999.000,9999.000,9999.000,9999.000,9999.000,9999.000
202606192224,   1.298,9999.000,9999.000,9999.000,9999.000,9999.000,9999.000,9999.000,9999.000
202606192230,   1.279,9999.000,9999.000,9999.000,9999.000,9999.000,9999.000,9999.000,9999.000
202606192236,   1.259,9999.000,9999.000,9999.000,9999.000,9999.000,9999.000,9999.000,9999.000
202606192242,   1.238,9999.000,9999.000,9999.000,9999.000,9999.000,9999.000,9999.000,9999.000
202606192248,   1.216,9999.000,9999.000,9999.000,9999.000,9999.000,9999.000,9999.000,9999.000
202606192254,   1.194,9999.000,9999.000,9999.000,9999.000,9999.000,9999.000,9999.000,9999.000
202606192300,   1.170,9999.000,   0.700,   0.047,   1.917,   0.600,   1.817,   0.800,   2.017
202606192306,   1.146,9999.000,9999.000,9999.000,9999.000,9999.000,9999.000,9999.000,9999.000
202606192312,   1.122,9999.000,9999.000,9999.000,9999.000,9999.000,9999.000,9999.000,9999.000
202606192318,   1.096,9999.000,9999.000,9999.000,9999.000,9999.000,9999.000,9999.000,9999.000
202606192324,   1.070,9999.000,9999.000,9999.000,9999.000,9999.000,9999.000,9999.000,9999.000
202606192330,   1.044,9999.000,9999.000,9999.000,9999.000,9999.000,9999.000,9999.000,9999.000
202606192336,   1.017,9999.000,9999.000,9999.000,9999.000,9999.000,9999.000,9999.000,9999.000
202606192342,   0.989,9999.000,9999.000,9999.000,9999.000,9999.000,9999.000,9999.000,9999.000
202606192348,   0.961,9999.000,9999.000,9999.000,9999.000,9999.000,9999.000,9999.000,9999.000
202606192354,   0.933,9999.000,9999.000,9999.000,9999.000,9999.000,9999.000,9999.000,9999.000
202606200000,   0.905,9999.000,   0.700,   0.047,   1.652,   0.600,   1.552,   0.800,   1.752
202606200006,   0.877,9999.000,9999.000,9999.000,9999.000,9999.000,9999.000,9999.000,9999.000
202606200012,   0.849,9999.000,9999.000,9999.000,9999.000,9999.000,9999.000,9999.000,9999.000
202606200018,   0.820,9999.000,9999.000,9999.000,9999.000,9999.000,9999.000,9999.000,9999.000
202606200024,   0.792,9999.000,9999.000,9999.000,9999.000,9999.000,9999.000,9999.000,9999.000
202606200030,   0.764,9999.000,9999.000,9999.000,9999.000,9999.000,9999.000,9999.000,9999.000
202606200036,   0.737,9999.000,9999.000,9999.000,9999.000,9999.000,9999.000,9999.000,9999.000
202606200042,   0.709,9999.000,9999.000,9999.000,9999.000,9999.000,9999.000,9999.000,9999.000
202606200048,   0.682,9999.000,9999.000,9999.000,9999.000,9999.000,9999.000,9999.000,9999.000
202606200054,   0.656,9999.000,9999.000,9999.000,9999.000,9999.000,9999.000,9999.000,9999.000
202606200100,   0.630,9999.000,   0.700,   0.047,   1.377,   0.600,   1.277,   0.800,   1.477
202606200106,   0.605,9999.000,9999.000,9999.000,9999.000,9999.000,9999.000,9999.000,9999.000
202606200112,   0.580,9999.000,9999.000,9999.000,9999.000,9999.000,9999.000,9999.000,9999.000
202606200118,   0.556,9999.000,9999.000,9999.000,9999.000,9999.000,9999.000,9999.000,9999.000
202606200124,   0.533,9999.000,9999.000,9999.000,9999.000,9999.000,9999.000,9999.000,9999.000
202606200130,   0.510,9999.000,9999.000,9999.000,9999.000,9999.000,9999.000,9999.000,9999.000
202606200136,   0.489,9999.000,9999.000,9999.000,9999.000,9999.000,9999.000,9999.000,9999.000
202606200142,   0.468,9999.000,9999.000,9999.000,9999.000,9999.000,9999.000,9999.000,9999.000
202606200148,   0.448,9999.000,9999.000,9999.000,9999.000,9999.000,9999.000,9999.000,9999.000
202606200154,   0.429,9999.000,9999.000,9999.000,9999.000,9999.000,9999.000,9999.000,9999.000
202606200200,   0.411,9999.000,   0.700,   0.047,   1.158,   0.600,   1.058,   0.800,   1.258
202606200206,   0.394,9999.000,9999.000,9999.000,9999.000,9999.000,9999.000,9999.000,9999.000
202606200212,   0.377,9999.000,9999.000,9999.000,9999.000,9999.000,9999.000,9999.000,9999.000
202606200218,   0.362,9999.000,9999.000,9999.000,9999.000,9999.000,9999.000,9999.000,9999.000
202606200224,   0.348,9999.000,9999.000,9999.000,9999.000,9999.000,9999.000,9999.000,9999.000
202606200230,   0.334,9999.000,9999.000,9999.000,9999.000,9999.000,9999.000,9999.000,9999.000
202606200236,   0.322,9999.000,9999.000,9999.000,9999.000,9999.000,9999.000,9999.000,9999.000
202606200242,   0.310,9999.000,9999.000,9999.000,9999.000,9999.000,9999.000,9999.000,9999.000
202606200248,   0.299,9999.000,9999.000,9999.000,9999.000,9999.000,9999.000,9999.000,9999.000
202606200254,   0.289,9999.000,9999.000,9999.000,9999.000,9999.000,9999.000,9999.000,9999.000
202606200300,   0.280,9999.000,   0.700,   0.047,   1.027,   0.600,   0.927,   0.800,   1.127
202606200306,   0.272,9999.000,9999.000,9999.000,9999.000,9999.000,9999.000,9999.000,9999.000
202606200312,   0.265,9999.000,9999.000,9999.000,9999.000,9999.000,9999.000,9999.000,9999.000
202606200318,   0.258,9999.000,9999.000,9999.000,9999.000,9999.000,9999.000,9999.000,9999.000
202606200324,   0.252,9999.000,9999.000,9999.000,9999.000,9999.000,9999.000,9999.000,9999.000
202606200330,   0.247,9999.000,9999.000,9999.000,9999.000,9999.000,9999.000,9999.000,9999.000
202606200336,   0.243,9999.000,9999.000,9999.000,9999.000,9999.000,9999.000,9999.000,9999.000
202606200342,   0.239,9999.000,9999.000,9999.000,9999.000,9999.000,9999.000,9999.000,9999.000
202606200348,   0.236,9999.000,9999.000,9999.000,9999.000,9999.000,9999.000,9999.000,9999.000
202606200354,   0.233,9999.000,9999.000,9999.000,9999.000,9999.000,9999.000,9999.000,9999.000
202606200400,   0.231,9999.000,   0.700,   0.047,   0.978,   0.600,   0.878,   0.800,   1.078
202606200406,   0.229,9999.000,9999.000,9999.000,9999.000,9999.000,9999.000,9999.000,9999.000
202606200412,   0.228,9999.000,9999.000,9999.000,9999.000,9999.000,9999.000,9999.000,9999.000
202606200418,   0.228,9999.000,9999.000,9999.000,9999.000,9999.000,9999.000,9999.000,9999.000
202606200424,   0.227,9999.000,9999.000,9999.000,9999.000,9999.000,9999.000,9999.000,9999.000
202606200430,   0.228,9999.000,9999.000,9999.000,9999.000,9999.000,9999.000,9999.000,9999.000
202606200436,   0.228,9999.000,9999.000,9999.000,9999.000,9999.000,9999.000,9999.000,9999.000
202606200442,   0.229,9999.000,9999.000,9999.000,9999.000,9999.000,9999.000,9999.000,9999.000
202606200448,   0.230,9999.000,9999.000,9999.000,9999.000,9999.000,9999.000,9999.000,9999.000
202606200454,   0.232,9999.000,9999.000,9999.000,9999.000,9999.000,9999.000,9999.000,9999.000
202606200500,   0.234,9999.000,   0.700,   0.047,   0.981,   0.600,   0.881,   0.800,   1.081
202606200506,   0.236,9999.000,9999.000,9999.000,9999.000,9999.000,9999.000,9999.000,9999.000
202606200512,   0.238,9999.000,9999.000,9999.000,9999.000,9999.000,9999.000,9999.000,9999.000
202606200518,   0.240,9999.000,9999.000,9999.000,9999.000,9999.000,9999.000,9999.000,9999.000
202606200524,   0.243,9999.000,9999.000,9999.000,9999.000,9999.000,9999.000,9999.000,9999.000
202606200530,   0.245,9999.000,9999.000,9999.000,9999.000,9999.000,9999.000,9999.000,9999.000
202606200536,   0.248,9999.000,9999.000,9999.000,9999.000,9999.000,9999.000,9999.000,9999.000
202606200542,   0.251,9999.000,9999.000,9999.000,9999.000,9999.000,9999.000,9999.000,9999.000
202606200548,   0.255,9999.000,9999.000,9999.000,9999.000,9999.000,9999.000,9999.000,9999.000
202606200554,   0.258,9999.000,9999.000,9999.000,9999.000,9999.000,9999.000,9999.000,9999.000
202606200600,   0.262,9999.000,   0.700,   0.047,   1.009,   0.600,   0.909,   0.800,   1.109
202606200606,   0.265,9999.000,9999.000,9999.000,9999.000,9999.000,9999.000,9999.000,9999.000
202606200612,   0.269,9999.000,9999.000,9999.000,9999.000,9999.000,9999.000,9999.000,9999.000
202606200618,   0.274,9999.000,9999.000,9999.000,9999.000,9999.000,9999.000,9999.000,9999.000
202606200624,   0.278,9999.000,9999.000,9999.000,9999.000,9999.000,9999.000,9999.000,9999.000
202606200630,   0.282,9999.000,9999.000,9999.000,9999.000,9999.000,9999.000,9999.000,9999.000
202606200636,   0.287,9999.000,9999.000,9999.000,9999.000,9999.000,9999.000,9999.000,9999.000
202606200642,   0.292,9999.000,9999.000,9999.000,9999.000,9999.000,9999.000,9999.000,9999.000
202606200648,   0.298,9999.000,9999.000,9999.000,9999.000,9999.000,9999.000,9999.000,9999.000
202606200654,   0.303,9999.000,9999.000,9999.000,9999.000,9999.000,9999.000,9999.000,9999.000
202606200700,   0.309,9999.000,   0.700,   0.047,   1.056,   0.500,   0.856,   0.800,   1.156
202606200706,   0.316,9999.000,9999.000,9999.000,9999.000,9999.000,9999.000,9999.000,9999.000
202606200712,   0.322,9999.000,9999.000,9999.000,9999.000,9999.000,9999.000,9999.000,9999.000
202606200718,   0.330,9999.000,9999.000,9999.000,9999.000,9999.000,9999.000,9999.000,9999.000
202606200724,   0.337,9999.000,9999.000,9999.000,9999.000,9999.000,9999.000,9999.000,9999.000
202606200730,   0.345,9999.000,9999.000,9999.000,9999.000,9999.000,9999.000,9999.000,9999.000
202606200736,   0.353,9999.000,9999.000,9999.000,9999.000,9999.000,9999.000,9999.000,9999.000
202606200742,   0.362,9999.000,9999.000,9999.000,9999.000,9999.000,9999.000,9999.000,9999.000
202606200748,   0.372,9999.000,9999.000,9999.000,9999.000,9999.000,9999.000,9999.000,9999.000
202606200754,   0.381,9999.000,9999.000,9999.000,9999.000,9999.000,9999.000,9999.000,9999.000
202606200800,   0.392,9999.000,   0.700,   0.047,   1.139,   0.500,   0.939,   0.800,   1.239
202606200806,   0.402,9999.000,9999.000,9999.000,9999.000,9999.000,9999.000,9999.000,9999.000
202606200812,   0.414,9999.000,9999.000,9999.000,9999.000,9999.000,9999.000,9999.000,9999.000
202606200818,   0.425,9999.000,9999.000,9999.000,9999.000,9999.000,9999.000,9999.000,9999.000
202606200824,   0.437,9999.000,9999.000,9999.000,9999.000,9999.000,9999.000,9999.000,9999.000
202606200830,   0.450,9999.000,9999.000,9999.000,9999.000,9999.000,9999.000,9999.000,9999.000
202606200836,   0.463,9999.000,9999.000,9999.000,9999.000,9999.000,9999.000,9999.000,9999.000
202606200842,   0.476,9999.000,9999.000,9999.000,9999.000,9999.000,9999.000,9999.000,9999.000
202606200848,   0.490,9999.000,9999.000,9999.000,9999.000,9999.000,9999.000,9999.000,9999.000
202606200854,   0.504,9999.000,9999.000,9999.000,9999.000,9999.000,9999.000,9999.000,9999.000
202606200900,   0.518,9999.000,   0.700,   0.047,   1.265,   0.500,   1.065,   0.800,   1.365
202606200906,   0.532,9999.000,9999.000,9999.000,9999.000,9999.000,9999.000,9999.000,9999.000
202606200912,   0.547,9999.000,9999.000,9999.000,9999.000,9999.000,9999.000,9999.000,9999.000
202606200918,   0.562,9999.000,9999.000,9999.000,9999.000,9999.000,9999.000,9999.000,9999.000
202606200924,   0.577,9999.000,9999.000,9999.000,9999.000,9999.000,9999.000,9999.000,9999.000
202606200930,   0.591,9999.000,9999.000,9999.000,9999.000,9999.000,9999.000,9999.000,9999.000
202606200936,   0.606,9999.000,9999.000,9999.000,9999.000,9999.000,9999.000,9999.000,9999.000
202606200942,   0.621,9999.000,9999.000,9999.000,9999.000,9999.000,9999.000,9999.000,9999.000
202606200948,   0.636,9999.000,9999.000,9999.000,9999.000,9999.000,9999.000,9999.000,9999.000
202606200954,   0.650,9999.000,9999.000,9999.000,9999.000,9999.000,9999.000,9999.000,9999.000
202606201000,   0.664,9999.000,   0.700,   0.047,   1.411,   0.500,   1.211,   0.800,   1.511
202606201006,   0.678,9999.000,9999.000,9999.000,9999.000,9999.000,9999.000,9999.000,9999.000
202606201012,   0.692,9999.000,9999.000,9999.000,9999.000,9999.000,9999.000,9999.000,9999.000
202606201018,   0.705,9999.000,9999.000,9999.000,9999.000,9999.000,9999.000,9999.000,9999.000
202606201024,   0.718,9999.000,9999.000,9999.000,9999.000,9999.000,9999.000,9999.000,9999.000
202606201030,   0.730,9999.000,9999.000,9999.000,9999.000,9999.000,9999.000,9999.000,9999.000
202606201036,   0.742,9999.000,9999.000,9999.000,9999.000,9999.000,9999.000,9999.000,9999.000
202606201042,   0.754,9999.000,9999.000,9999.000,9999.000,9999.000,9999.000,9999.000,9999.000
202606201048,   0.765,9999.000,9999.000,9999.000,9999.000,9999.000,9999.000,9999.000,9999.000
202606201054,   0.775,9999.000,9999.000,9999.000,9999.000,9999.000,9999.000,9999.000,9999.000
202606201100,   0.785,9999.000,   0.700,   0.047,   1.532,   0.500,   1.332,   0.800,   1.632
202606201106,   0.794,9999.000,9999.000,9999.000,9999.000,9999.000,9999.000,9999.000,9999.000
202606201112,   0.803,9999.000,9999.000,9999.000,9999.000,9999.000,9999.000,9999.000,9999.000
202606201118,   0.811,9999.000,9999.000,9999.000,9999.000,9999.000,9999.000,9999.000,9999.000
202606201124,   0.820,9999.000,9999.000,9999.000,9999.000,9999.000,9999.000,9999.000,9999.000
202606201130,   0.826,9999.000,9999.000,9999.000,9999.000,9999.000,9999.000,9999.000,9999.000
202606201136,   0.833,9999.000,9999.000,9999.000,9999.000,9999.000,9999.000,9999.000,9999.000
202606201142,   0.839,9999.000,9999.000,9999.000,9999.000,9999.000,9999.000,9999.000,9999.000
202606201148,   0.845,9999.000,9999.000,9999.000,9999.000,9999.000,9999.000,9999.000,9999.000
202606201154,   0.850,9999.000,9999.000,9999.000,9999.000,9999.000,9999.000,9999.000,9999.000
202606201200,   0.855,9999.000,   0.700,   0.047,   1.602,   0.600,   1.502,   0.800,   1.702
202606201206,   0.860,9999.000,9999.000,9999.000,9999.000,9999.000,9999.000,9999.000,9999.000
202606201212,   0.864,9999.000,9999.000,9999.000,9999.000,9999.000,9999.000,9999.000,9999.000
202606201218,   0.869,9999.000,9999.000,9999.000,9999.000,9999.000,9999.000,9999.000,9999.000
202606201224,   0.873,9999.000,9999.000,9999.000,9999.000,9999.000,9999.000,9999.000,9999.000
202606201230,   0.877,9999.000,9999.000,9999.000,9999.000,9999.000,9999.000,9999.000,9999.000
202606201236,   0.880,9999.000,9999.000,9999.000,9999.000,9999.000,9999.000,9999.000,9999.000
202606201242,   0.884,9999.000,9999.000,9999.000,9999.000,9999.000,9999.000,9999.000,9999.000
202606201248,   0.888,9999.000,9999.000,9999.000,9999.000,9999.000,9999.000,9999.000,9999.000
202606201254,   0.892,9999.000,9999.000,9999.000,9999.000,9999.000,9999.000,9999.000,9999.000
202606201300,   0.896,9999.000,   0.600,   0.047,   1.543,   0.600,   1.543,   0.800,   1.743
202606201306,   0.900,9999.000,9999.000,9999.000,9999.000,9999.000,9999.000,9999.000,9999.000
202606201312,   0.904,9999.000,9999.000,9999.000,9999.000,9999.000,9999.000,9999.000,9999.000
202606201318,   0.909,9999.000,9999.000,9999.000,9999.000,9999.000,9999.000,9999.000,9999.000
202606201324,   0.913,9999.000,9999.000,9999.000,9999.000,9999.000,9999.000,9999.000,9999.000
202606201330,   0.918,9999.000,9999.000,9999.000,9999.000,9999.000,9999.000,9999.000,9999.000
202606201336,   0.923,9999.000,9999.000,9999.000,9999.000,9999.000,9999.000,9999.000,9999.000
202606201342,   0.929,9999.000,9999.000,9999.000,9999.000,9999.000,9999.000,9999.000,9999.000
202606201348,   0.935,9999.000,9999.000,9999.000,9999.000,9999.000,9999.000,9999.000,9999.000
202606201354,   0.941,9999.000,9999.000,9999.000,9999.000,9999.000,9999.000,9999.000,9999.000
202606201400,   0.947,9999.000,   0.600,   0.047,   1.594,   0.600,   1.594,   0.700,   1.694
202606201406,   0.954,9999.000,9999.000,9999.000,9999.000,9999.000,9999.000,9999.000,9999.000
202606201412,   0.961,9999.000,9999.000,9999.000,9999.000,9999.000,9999.000,9999.000,9999.000
202606201418,   0.969,9999.000,9999.000,9999.000,9999.000,9999.000,9999.000,9999.000,9999.000
202606201424,   0.976,9999.000,9999.000,9999.000,9999.000,9999.000,9999.000,9999.000,9999.000
202606201430,   0.985,9999.000,9999.000,9999.000,9999.000,9999.000,9999.000,9999.000,9999.000
202606201436,   0.993,9999.000,9999.000,9999.000,9999.000,9999.000,9999.000,9999.000,9999.000
202606201442,   1.002,9999.000,9999.000,9999.000,9999.000,9999.000,9999.000,9999.000,9999.000
202606201448,   1.011,9999.000,9999.000,9999.000,9999.000,9999.000,9999.000,9999.000,9999.000
202606201454,   1.020,9999.000,9999.000,9999.000,9999.000,9999.000,9999.000,9999.000,9999.000
202606201500,   1.030,9999.000,   0.600,   0.047,   1.677,   0.500,   1.577,   0.700,   1.777
202606201506,   1.040,9999.000,9999.000,9999.000,9999.000,9999.000,9999.000,9999.000,9999.000
202606201512,   1.050,9999.000,9999.000,9999.000,9999.000,9999.000,9999.000,9999.000,9999.000
202606201518,   1.060,9999.000,9999.000,9999.000,9999.000,9999.000,9999.000,9999.000,9999.000
202606201524,   1.070,9999.000,9999.000,9999.000,9999.000,9999.000,9999.000,9999.000,9999.000
202606201530,   1.081,9999.000,9999.000,9999.000,9999.000,9999.000,9999.000,9999.000,9999.000
202606201536,   1.091,9999.000,9999.000,9999.000,9999.000,9999.000,9999.000,9999.000,9999.000
202606201542,   1.102,9999.000,9999.000,9999.000,9999.000,9999.000,9999.000,9999.000,9999.000
202606201548,   1.112,9999.000,9999.000,9999.000,9999.000,9999.000,9999.000,9999.000,9999.000
202606201554,   1.123,9999.000,9999.000,9999.000,9999.000,9999.000,9999.000,9999.000,9999.000
202606201600,   1.133,9999.000,   0.600,   0.047,   1.780,   0.500,   1.680,   0.700,   1.880
202606201606,   1.144,9999.000,9999.000,9999.000,9999.000,9999.000,9999.000,9999.000,9999.000
202606201612,   1.154,9999.000,9999.000,9999.000,9999.000,9999.000,9999.000,9999.000,9999.000
202606201618,   1.164,9999.000,9999.000,9999.000,9999.000,9999.000,9999.000,9999.000,9999.000
202606201624,   1.174,9999.000,9999.000,9999.000,9999.000,9999.000,9999.000,9999.000,9999.000
202606201630,   1.184,9999.000,9999.000,9999.000,9999.000,9999.000,9999.000,9999.000,9999.000
202606201636,   1.193,9999.000,9999.000,9999.000,9999.000,9999.000,9999.000,9999.000,9999.000
202606201642,   1.203,9999.000,9999.000,9999.000,9999.000,9999.000,9999.000,9999.000,9999.000
202606201648,   1.212,9999.000,9999.000,9999.000,9999.000,9999.000,9999.000,9999.000,9999.000
202606201654,   1.220,9999.000,9999.000,9999.000,9999.000,9999.000,9999.000,9999.000,9999.000
202606201700,   1.228,9999.000,   0.600,   0.047,   1.875,   0.500,   1.775,   0.700,   1.975
202606201706,   1.236,9999.000,9999.000,9999.000,9999.000,9999.000,9999.000,9999.000,9999.000
202606201712,   1.244,9999.000,9999.000,9999.000,9999.000,9999.000,9999.000,9999.000,9999.000
202606201718,   1.251,9999.000,9999.000,9999.000,9999.000,9999.000,9999.000,9999.000,9999.000
202606201724,   1.257,9999.000,9999.000,9999.000,9999.000,9999.000,9999.000,9999.000,9999.000
202606201730,   1.263,9999.000,9999.000,9999.000,9999.000,9999.000,9999.000,9999.000,9999.000
202606201736,   1.269,9999.000,9999.000,9999.000,9999.000,9999.000,9999.000,9999.000,9999.000
202606201742,   1.274,9999.000,9999.000,9999.000,9999.000,9999.000,9999.000,9999.000,9999.000
202606201748,   1.278,9999.000,9999.000,9999.000,9999.000,9999.000,9999.000,9999.000,9999.000
202606201754,   1.282,9999.000,9999.000,9999.000,9999.000,9999.000,9999.000,9999.000,9999.000
202606201800,   1.285,9999.000,   0.600,   0.047,   1.932,   0.500,   1.832,   0.700,   2.032
202606201806,   1.288,9999.000,9999.000,9999.000,9999.000,9999.000,9999.000,9999.000,9999.000
202606201812,   1.291,9999.000,9999.000,9999.000,9999.000,9999.000,9999.000,9999.000,9999.000
202606201818,   1.292,9999.000,9999.000,9999.000,9999.000,9999.000,9999.000,9999.000,9999.000
202606201824,   1.293,9999.000,9999.000,9999.000,9999.000,9999.000,9999.000,9999.000,9999.000
202606201830,   1.294,9999.000,9999.000,9999.000,9999.000,9999.000,9999.000,9999.000,9999.000
202606201836,   1.294,9999.000,9999.000,9999.000,9999.000,9999.000,9999.000,9999.000,9999.000
202606201842,   1.294,9999.000,9999.000,9999.000,9999.000,9999.000,9999.000,9999.000,9999.000
202606201848,   1.293,9999.000,9999.000,9999.000,9999.000,9999.000,9999.000,9999.000,9999.000
202606201854,   1.292,9999.000,9999.000,9999.000,9999.000,9999.000,9999.000,9999.000,9999.000
202606201900,   1.290,9999.000,   0.600,   0.047,   1.937,   0.500,   1.837,   0.700,   2.037
202606201906,   1.287,9999.000,9999.000,9999.000,9999.000,9999.000,9999.000,9999.000,9999.000
202606201912,   1.285,9999.000,9999.000,9999.000,9999.000,9999.000,9999.000,9999.000,9999.000
202606201918,   1.282,9999.000,9999.000,9999.000,9999.000,9999.000,9999.000,9999.000,9999.000
202606201924,   1.278,9999.000,9999.000,9999.000,9999.000,9999.000,9999.000,9999.000,9999.000
202606201930,   1.275,9999.000,9999.000,9999.000,9999.000,9999.000,9999.000,9999.000,9999.000
202606201936,   1.271,9999.000,9999.000,9999.000,9999.000,9999.000,9999.000,9999.000,9999.000
202606201942,   1.266,9999.000,9999.000,9999.000,9999.000,9999.000,9999.000,9999.000,9999.000
202606201948,   1.262,9999.000,9999.000,9999.000,9999.000,9999.000,9999.000,9999.000,9999.000
202606201954,   1.257,9999.000,9999.000,9999.000,9999.000,9999.000,9999.000,9999.000,9999.000
202606202000,   1.252,9999.000,   0.600,   0.047,   1.899,   0.500,   1.799,   0.700,   1.999
202606202006,   1.247,9999.000,9999.000,9999.000,9999.000,9999.000,9999.000,9999.000,9999.000
202606202012,   1.242,9999.000,9999.000,9999.000,9999.000,9999.000,9999.000,9999.000,9999.000
202606202018,   1.237,9999.000,9999.000,9999.000,9999.000,9999.000,9999.000,9999.000,9999.000
202606202024,   1.231,9999.000,9999.000,9999.000,9999.000,9999.000,9999.000,9999.000,9999.000
202606202030,   1.226,9999.000,9999.000,9999.000,9999.000,9999.000,9999.000,9999.000,9999.000
202606202036,   1.220,9999.000,9999.000,9999.000,9999.000,9999.000,9999.000,9999.000,9999.000
202606202042,   1.215,9999.000,9999.000,9999.000,9999.000,9999.000,9999.000,9999.000,9999.000
202606202048,   1.209,9999.000,9999.000,9999.000,9999.000,9999.000,9999.000,9999.000,9999.000
202606202054,   1.204,9999.000,9999.000,9999.000,9999.000,9999.000,9999.000,9999.000,9999.000
202606202100,   1.198,9999.000,   0.600,   0.047,   1.845,   0.500,   1.745,   0.700,   1.945
202606202106,   1.192,9999.000,9999.000,9999.000,9999.000,9999.000,9999.000,9999.000,9999.000
202606202112,   1.186,9999.000,9999.000,9999.000,9999.000,9999.000,9999.000,9999.000,9999.000
202606202118,   1.181,9999.000,9999.000,9999.000,9999.000,9999.000,9999.000,9999.000,9999.000
202606202124,   1.175,9999.000,9999.000,9999.000,9999.000,9999.000,9999.000,9999.000,9999.000
202606202130,   1.169,9999.000,9999.000,9999.000,9999.000,9999.000,9999.000,9999.000,9999.000
202606202136,   1.163,9999.000,9999.000,9999.000,9999.000,9999.000,9999.000,9999.000,9999.000
202606202142,   1.156,9999.000,9999.000,9999.000,9999.000,9999.000,9999.000,9999.000,9999.000
202606202148,   1.150,9999.000,9999.000,9999.000,9999.000,9999.000,9999.000,9999.000,9999.000
202606202154,   1.143,9999.000,9999.000,9999.000,9999.000,9999.000,9999.000,9999.000,9999.000
202606202200,   1.136,9999.000,   0.600,   0.047,   1.783,   0.500,   1.683,   0.700,   1.883
202606202206,   1.129,9999.000,9999.000,9999.000,9999.000,9999.000,9999.000,9999.000,9999.000
202606202212,   1.122,9999.000,9999.000,9999.000,9999.000,9999.000,9999.000,9999.000,9999.000
202606202218,   1.114,9999.000,9999.000,9999.000,9999.000,9999.000,9999.000,9999.000,9999.000
202606202224,   1.106,9999.000,9999.000,9999.000,9999.000,9999.000,9999.000,9999.000,9999.000
202606202230,   1.098,9999.000,9999.000,9999.000,9999.000,9999.000,9999.000,9999.000,9999.000
202606202236,   1.089,9999.000,9999.000,9999.000,9999.000,9999.000,9999.000,9999.000,9999.000
202606202242,   1.080,9999.000,9999.000,9999.000,9999.000,9999.000,9999.000,9999.000,9999.000
202606202248,   1.070,9999.000,9999.000,9999.000,9999.000,9999.000,9999.000,9999.000,9999.000
202606202254,   1.060,9999.000,9999.000,9999.000,9999.000,9999.000,9999.000,9999.000,9999.000
202606202300,   1.049,9999.000,   0.600,   0.047,   1.696,   0.500,   1.596,   0.700,   1.796
202606202306,   1.038,9999.000,9999.000,9999.000,9999.000,9999.000,9999.000,9999.000,9999.000
202606202312,   1.027,9999.000,9999.000,9999.000,9999.000,9999.000,9999.000,9999.000,9999.000
202606202318,   1.014,9999.000,9999.000,9999.000,9999.000,9999.000,9999.000,9999.000,9999.000
202606202324,   1.002,9999.000,9999.000,9999.000,9999.000,9999.000,9999.000,9999.000,9999.000
202606202330,   0.989,9999.000,9999.000,9999.000,9999.000,9999.000,9999.000,9999.000,9999.000
202606202336,   0.975,9999.000,9999.000,9999.000,9999.000,9999.000,9999.000,9999.000,9999.000
202606202342,   0.962,9999.000,9999.000,9999.000,9999.000,9999.000,9999.000,9999.000,9999.000
202606202348,   0.947,9999.000,9999.000,9999.000,9999.000,9999.000,9999.000,9999.000,9999.000
202606202354,   0.932,9999.000,9999.000,9999.000,9999.000,9999.000,9999.000,9999.000,9999.000
202606210000,   0.917,9999.000,   0.600,   0.047,   1.564,   0.500,   1.464,   0.700,   1.664
