        TIME,    TIDE,      OB,   SURGE,    BIAS,     TWL,SURGE90p,  TWL90p,SURGE10p,   TWL10p
202608060600,   1.249,9999.000,   0.500,9999.000,   1.749,   0.500,   1.749,   0.500,   1.749
202608060606,   1.263,9999.000,9999.000,9999.000,9999.000,9999.000,9999.000,9999.000,9999.000
202608060612,   1.279,9999.000,9999.000,9999.000,9999.000,9999.000,9999.000,9999.000,9999.000
202608060618,   1.298,9999.000,9999.000,9999.000,9999.000,9999.000,9999.000,9999.000,9999.000
202608060624,   1.318,9999.000,9999.000,9999.000,9999.000,9999.000,9999.000,9999.000,9999.000
202608060630,   1.341,9999.000,9999.000,9999.000,9999.000,9999.000,9999.000,9999.000,9999.000
202608060636,   1.365,9999.000,9999.000,9999.000,9999.000,9999.000,9999.000,9999.000,9999.000
202608060642,   1.391,9999.000,9999.000,9999.000,9999.000,9999.000,9999.000,9999.000,9999.000
202608060648,   1.418,9999.000,9999.000,9999.000,9999.000,9999.000,9999.000,9999.000,9999.000
202608060654,   1.447,9999.000,9999.000,9999.000,9999.000,9999.000,9999.000,9999.000,9999.000
202608060700,   1.478,   1.840,   0.500,  -0.138,   1.840,   0.400,   1.740,   0.500,   1.840
202608060706,   1.510,   1.908,9999.000,9999.000,9999.000,9999.000,9999.000,9999.000,9999.000
202608060712,   1.543,   2.020,9999.000,9999.000,9999.000,9999.000,9999.000,9999.000,9999.000
202608060718,   1.577,   2.128,9999.000,9999.000,9999.000,9999.000,9999.000,9999.000,9999.000
202608060724,   1.612,   2.191,9999.000,9999.000,9999.000,9999.000,9999.000,9999.000,9999.000
202608060730,   1.648,   2.220,9999.000,9999.000,9999.000,9999.000,9999.000,9999.000,9999.000
202608060736,   1.685,   2.230,9999.000,9999.000,9999.000,9999.000,9999.000,9999.000,9999.000
202608060742,   1.722,   2.220,9999.000,9999.000,9999.000,9999.000,9999.000,9999.000,9999.000
202608060748,   1.760,   2.210,9999.000,9999.000,9999.000,9999.000,9999.000,9999.000,9999.000
202608060754,   1.799,   2.230,9999.000,9999.000,9999.000,9999.000,9999.000,9999.000,9999.000
202608060800,   1.838,   2.230,   0.500,  -0.108,   2.230,   0.400,   2.130,   0.500,   2.230
202608060806,   1.877,   2.250,9999.000,9999.000,9999.000,9999.000,9999.000,9999.000,9999.000
202608060812,   1.916,   2.368,9999.000,9999.000,9999.000,9999.000,9999.000,9999.000,9999.000
202608060818,   1.956,   2.459,9999.000,9999.000,9999.000,9999.000,9999.000,9999.000,9999.000
202608060824,   1.995,   2.548,9999.000,9999.000,9999.000,9999.000,9999.000,9999.000,9999.000
202608060830,   2.034,   2.620,9999.000,9999.000,9999.000,9999.000,9999.000,9999.000,9999.000
202608060836,   2.073,   2.699,9999.000,9999.000,9999.000,9999.000,9999.000,9999.000,9999.000
202608060842,   2.111,   2.709,9999.000,9999.000,9999.000,9999.000,9999.000,9999.000,9999.000
202608060848,   2.149,   2.709,9999.000,9999.000,9999.000,9999.000,9999.000,9999.000,9999.000
202608060854,   2.186,   2.669,9999.000,9999.000,9999.000,9999.000,9999.000,9999.000,9999.000
202608060900,   2.223,   2.610,   0.500,  -0.113,   2.610,   0.500,   2.610,   0.500,   2.610
202608060906,   2.259,   2.568,9999.000,9999.000,9999.000,9999.000,9999.000,9999.000,9999.000
202608060912,   2.294,   2.640,9999.000,9999.000,9999.000,9999.000,9999.000,9999.000,9999.000
202608060918,   2.328,   2.689,9999.000,9999.000,9999.000,9999.000,9999.000,9999.000,9999.000
202608060924,   2.362,   2.748,9999.000,9999.000,9999.000,9999.000,9999.000,9999.000,9999.000
202608060930,   2.394,   2.840,9999.000,9999.000,9999.000,9999.000,9999.000,9999.000,9999.000
202608060936,   2.425,   2.919,9999.000,9999.000,9999.000,9999.000,9999.000,9999.000,9999.000
202608060942,   2.455,   2.929,9999.000,9999.000,9999.000,9999.000,9999.000,9999.000,9999.000
202608060948,   2.484,   2.968,9999.000,9999.000,9999.000,9999.000,9999.000,9999.000,9999.000
202608060954,   2.511,   3.171,9999.000,9999.000,9999.000,9999.000,9999.000,9999.000,9999.000
202608061000,   2.537,   2.978,   0.500,  -0.059,   2.978,   0.400,   2.878,   0.500,   2.978
202608061006,   2.562,   2.978,9999.000,9999.000,9999.000,9999.000,9999.000,9999.000,9999.000
202608061012,   2.585,   3.040,9999.000,9999.000,9999.000,9999.000,9999.000,9999.000,9999.000
202608061018,   2.607,   3.089,9999.000,9999.000,9999.000,9999.000,9999.000,9999.000,9999.000
202608061024,   2.627,   3.148,9999.000,9999.000,9999.000,9999.000,9999.000,9999.000,9999.000
202608061030,   2.646,   3.168,9999.000,9999.000,9999.000,9999.000,9999.000,9999.000,9999.000
202608061036,   2.663,   3.197,9999.000,9999.000,9999.000,9999.000,9999.000,9999.000,9999.000
202608061042,   2.679,   3.197,9999.000,9999.000,9999.000,9999.000,9999.000,9999.000,9999.000
202608061048,   2.693,   3.289,9999.000,9999.000,9999.000,9999.000,9999.000,9999.000,9999.000
202608061054,   2.706,   3.299,9999.000,9999.000,9999.000,9999.000,9999.000,9999.000,9999.000
202608061100,   2.717,   3.299,   0.500,   0.082,   3.299,   0.400,   3.199,   0.500,   3.299
202608061106,   2.726,   3.299,9999.000,9999.000,9999.000,9999.000,9999.000,9999.000,9999.000
202608061112,   2.734,   3.289,9999.000,9999.000,9999.000,9999.000,9999.000,9999.000,9999.000
202608061118,   2.741,   3.260,9999.000,9999.000,9999.000,9999.000,9999.000,9999.000,9999.000
202608061124,   2.746,   3.240,9999.000,9999.000,9999.000,9999.000,9999.000,9999.000,9999.000
202608061130,   2.749,   3.240,9999.000,9999.000,9999.000,9999.000,9999.000,9999.000,9999.000
202608061136,   2.751,   3.188,9999.000,9999.000,9999.000,9999.000,9999.000,9999.000,9999.000
202608061142,   2.752,   3.197,9999.000,9999.000,9999.000,9999.000,9999.000,9999.000,9999.000
202608061148,   2.751,   3.230,9999.000,9999.000,9999.000,9999.000,9999.000,9999.000,9999.000
202608061154,   2.749,   3.289,9999.000,9999.000,9999.000,9999.000,9999.000,9999.000,9999.000
202608061200,   2.745,   3.289,   0.400,   0.144,   3.289,   0.400,   3.289,   0.400,   3.289
202608061206,   2.741,   3.289,9999.000,9999.000,9999.000,9999.000,9999.000,9999.000,9999.000
202608061212,   2.735,   3.260,9999.000,9999.000,9999.000,9999.000,9999.000,9999.000,9999.000
202608061218,   2.728,9999.000,9999.000,9999.000,9999.000,9999.000,9999.000,9999.000,9999.000
202608061224,   2.720,   3.197,9999.000,9999.000,9999.000,9999.000,9999.000,9999.000,9999.000
202608061230,   2.711,   3.197,9999.000,9999.000,9999.000,9999.000,9999.000,9999.000,9999.000
202608061236,   2.701,   3.207,9999.000,9999.000,9999.000,9999.000,9999.000,9999.000,9999.000
202608061242,   2.690,   3.230,9999.000,9999.000,9999.000,9999.000,9999.000,9999.000,9999.000
202608061248,   2.679,   3.230,9999.000,9999.000,9999.000,9999.000,9999.000,9999.000,9999.000
202608061254,   2.667,   3.250,9999.000,9999.000,9999.000,9999.000,9999.000,9999.000,9999.000
202608061300,   2.654,   3.260,   0.400,   0.206,   3.260,   0.400,   3.260,   0.400,   3.260
202608061306,   2.641,   3.230,9999.000,9999.000,9999.000,9999.000,9999.000,9999.000,9999.000
202608061312,   2.627,   3.168,9999.000,9999.000,9999.000,9999.000,9999.000,9999.000,9999.000
202608061318,   2.613,   3.119,9999.000,9999.000,9999.000,9999.000,9999.000,9999.000,9999.000
202608061324,   2.599,   3.060,9999.000,9999.000,9999.000,9999.000,9999.000,9999.000,9999.000
202608061330,   2.585,   3.060,9999.000,9999.000,9999.000,9999.000,9999.000,9999.000,9999.000
202608061336,   2.570,   3.060,9999.000,9999.000,9999.000,9999.000,9999.000,9999.000,9999.000
202608061342,   2.556,   3.119,9999.000,9999.000,9999.000,9999.000,9999.000,9999.000,9999.000
202608061348,   2.542,   3.089,9999.000,9999.000,9999.000,9999.000,9999.000,9999.000,9999.000
202608061354,   2.528,   3.040,9999.000,9999.000,9999.000,9999.000,9999.000,9999.000,9999.000
202608061400,   2.514,   2.968,   0.400,   0.054,   2.968,   0.400,   2.968,   0.400,   2.968
202608061406,   2.501,   2.997,9999.000,9999.000,9999.000,9999.000,9999.000,9999.000,9999.000
202608061412,   2.489,   2.968,9999.000,9999.000,9999.000,9999.000,9999.000,9999.000,9999.000
202608061418,   2.477,9999.000,9999.000,9999.000,9999.000,9999.000,9999.000,9999.000,9999.000
202608061424,   2.466,   2.968,9999.000,9999.000,9999.000,9999.000,9999.000,9999.000,9999.000
202608061430,   2.455,   2.988,9999.000,9999.000,9999.000,9999.000,9999.000,9999.000,9999.000
202608061436,   2.446,   2.978,9999.000,9999.000,9999.000,9999.000,9999.000,9999.000,9999.000
202608061442,   2.438,   3.007,9999.000,9999.000,9999.000,9999.000,9999.000,9999.000,9999.000
202608061448,   2.430,   2.988,9999.000,9999.000,9999.000,9999.000,9999.000,9999.000,9999.000
202608061454,   2.424,   2.958,9999.000,9999.000,9999.000,9999.000,9999.000,9999.000,9999.000
202608061500,   2.419,   2.929,   0.300,   0.210,   2.929,   0.300,   2.929,   0.400,   3.029
202608061506,   2.416,   2.958,9999.000,9999.000,9999.000,9999.000,9999.000,9999.000,9999.000
202608061512,   2.414,   3.007,9999.000,9999.000,9999.000,9999.000,9999.000,9999.000,9999.000
202608061518,   2.413,   3.050,9999.000,9999.000,9999.000,9999.000,9999.000,9999.000,9999.000
202608061524,   2.414,   3.050,9999.000,9999.000,9999.000,9999.000,9999.000,9999.000,9999.000
202608061530,   2.417,   3.007,9999.000,9999.000,9999.000,9999.000,9999.000,9999.000,9999.000
202608061536,   2.421,   2.988,9999.000,9999.000,9999.000,9999.000,9999.000,9999.000,9999.000
202608061542,   2.427,   2.997,9999.000,9999.000,9999.000,9999.000,9999.000,9999.000,9999.000
202608061548,   2.435,9999.000,9999.000,9999.000,9999.000,9999.000,9999.000,9999.000,9999.000
202608061554,   2.445,   3.096,9999.000,9999.000,9999.000,9999.000,9999.000,9999.000,9999.000
202608061600,   2.457,   2.997,   0.400,   0.140,   2.997,   0.300,   2.897,   0.400,   2.997
202608061606,   2.471,   3.050,9999.000,9999.000,9999.000,9999.000,9999.000,9999.000,9999.000
202608061612,   2.486,   3.099,9999.000,9999.000,9999.000,9999.000,9999.000,9999.000,9999.000
202608061618,   2.504,   3.138,9999.000,9999.000,9999.000,9999.000,9999.000,9999.000,9999.000
202608061624,   2.524,   3.148,9999.000,9999.000,9999.000,9999.000,9999.000,9999.000,9999.000
202608061630,   2.546,   3.099,9999.000,9999.000,9999.000,9999.000,9999.000,9999.000,9999.000
202608061636,   2.570,   3.070,9999.000,9999.000,9999.000,9999.000,9999.000,9999.000,9999.000
202608061642,   2.596,   3.089,9999.000,9999.000,9999.000,9999.000,9999.000,9999.000,9999.000
202608061648,   2.624,   3.079,9999.000,9999.000,9999.000,9999.000,9999.000,9999.000,9999.000
202608061654,   2.655,   3.279,9999.000,9999.000,9999.000,9999.000,9999.000,9999.000,9999.000
202608061700,   2.687,   3.138,   0.400,   0.051,   3.138,   0.400,   3.138,   0.400,   3.138
202608061706,   2.722,   3.207,9999.000,9999.000,9999.000,9999.000,9999.000,9999.000,9999.000
202608061712,   2.758,   3.279,9999.000,9999.000,9999.000,9999.000,9999.000,9999.000,9999.000
202608061718,   2.797,9999.000,9999.000,9999.000,9999.000,9999.000,9999.000,9999.000,9999.000
202608061724,   2.838,   3.361,9999.000,9999.000,9999.000,9999.000,9999.000,9999.000,9999.000
202608061730,   2.881,   3.358,9999.000,9999.000,9999.000,9999.000,9999.000,9999.000,9999.000
202608061736,   2.925,9999.000,9999.000,9999.000,9999.000,9999.000,9999.000,9999.000,9999.000
202608061742,   2.972,   3.388,9999.000,9999.000,9999.000,9999.000,9999.000,9999.000,9999.000
202608061748,   3.020,9999.000,9999.000,9999.000,9999.000,9999.000,9999.000,9999.000,9999.000
202608061754,   3.070,   3.827,9999.000,9999.000,9999.000,9999.000,9999.000,9999.000,9999.000
202608061800,   3.122,   3.827,   0.300,   0.405,   3.827,   0.300,   3.827,   0.400,   3.927
202608061806,   3.175,9999.000,9999.000,9999.000,9999.000,9999.000,9999.000,9999.000,9999.000
202608061812,   3.230,   3.699,9999.000,9999.000,9999.000,9999.000,9999.000,9999.000,9999.000
202608061818,   3.287,   3.788,9999.000,9999.000,9999.000,9999.000,9999.000,9999.000,9999.000
202608061824,   3.345,   3.817,9999.000,9999.000,9999.000,9999.000,9999.000,9999.000,9999.000
202608061830,   3.404,   3.827,9999.000,9999.000,9999.000,9999.000,9999.000,9999.000,9999.000
202608061836,   3.465,   3.870,9999.000,9999.000,9999.000,9999.000,9999.000,9999.000,9999.000
202608061842,   3.526,   3.909,9999.000,9999.000,9999.000,9999.000,9999.000,9999.000,9999.000
202608061848,   3.589,9999.000,9999.000,9999.000,9999.000,9999.000,9999.000,9999.000,9999.000
202608061854,   3.652,   3.988,9999.000,9999.000,9999.000,9999.000,9999.000,9999.000,9999.000
202608061900,   3.716,   4.027,   0.300,   0.011,   4.027,   0.300,   4.027,   0.300,   4.027
202608061906,   3.781,   4.099,9999.000,9999.000,9999.000,9999.000,9999.000,9999.000,9999.000
202608061912,   3.847,   4.208,9999.000,9999.000,9999.000,9999.000,9999.000,9999.000,9999.000
202608061918,   3.913,   4.300,9999.000,9999.000,9999.000,9999.000,9999.000,9999.000,9999.000
202608061924,   3.979,   4.378,9999.000,9999.000,9999.000,9999.000,9999.000,9999.000,9999.000
202608061930,   4.045,   4.437,9999.000,9999.000,9999.000,9999.000,9999.000,9999.000,9999.000
202608061936,   4.112,9999.000,9999.000,9999.000,9999.000,9999.000,9999.000,9999.000,9999.000
202608061942,   4.178,   4.618,9999.000,9999.000,9999.000,9999.000,9999.000,9999.000,9999.000
202608061948,   4.244,   4.667,9999.000,9999.000,9999.000,9999.000,9999.000,9999.000,9999.000
202608061954,   4.310,   5.051,9999.000,9999.000,9999.000,9999.000,9999.000,9999.000,9999.000
202608062000,   4.375,   5.051,   0.400,   0.276,   5.051,   0.300,   4.951,   0.400,   5.051
202608062006,   4.440,9999.000,9999.000,9999.000,9999.000,9999.000,9999.000,9999.000,9999.000
202608062012,   4.504,   4.857,9999.000,9999.000,9999.000,9999.000,9999.000,9999.000,9999.000
202608062018,   4.567,9999.000,9999.000,9999.000,9999.000,9999.000,9999.000,9999.000,9999.000
202608062024,   4.629,   4.988,9999.000,9999.000,9999.000,9999.000,9999.000,9999.000,9999.000
202608062030,   4.689,   5.047,9999.000,9999.000,9999.000,9999.000,9999.000,9999.000,9999.000
202608062036,   4.749,   5.139,9999.000,9999.000,9999.000,9999.000,9999.000,9999.000,9999.000
202608062042,   4.807,   5.179,9999.000,9999.000,9999.000,9999.000,9999.000,9999.000,9999.000
202608062048,   4.864,   5.228,9999.000,9999.000,9999.000,9999.000,9999.000,9999.000,9999.000
202608062054,   4.918,   5.238,9999.000,9999.000,9999.000,9999.000,9999.000,9999.000,9999.000
202608062100,   4.971,   5.287,   0.400,  -0.084,   5.287,   0.400,   5.287,   0.400,   5.287
202608062106,   5.022,   5.329,9999.000,9999.000,9999.000,9999.000,9999.000,9999.000,9999.000
202608062112,   5.071,   5.389,9999.000,9999.000,9999.000,9999.000,9999.000,9999.000,9999.000
202608062118,   5.118,   5.389,9999.000,9999.000,9999.000,9999.000,9999.000,9999.000,9999.000
202608062124,   5.162,   5.457,9999.000,9999.000,9999.000,9999.000,9999.000,9999.000,9999.000
202608062130,   5.204,   5.569,9999.000,9999.000,9999.000,9999.000,9999.000,9999.000,9999.000
202608062136,   5.244,   5.638,9999.000,9999.000,9999.000,9999.000,9999.000,9999.000,9999.000
202608062142,   5.280,   5.648,9999.000,9999.000,9999.000,9999.000,9999.000,9999.000,9999.000
202608062148,   5.315,   5.667,9999.000,9999.000,9999.000,9999.000,9999.000,9999.000,9999.000
202608062154,   5.346,   5.677,9999.000,9999.000,9999.000,9999.000,9999.000,9999.000,9999.000
202608062200,   5.374,   5.677,   0.400,  -0.097,   5.677,   0.400,   5.677,   0.400,   5.677
202608062206,   5.399,   5.749,9999.000,9999.000,9999.000,9999.000,9999.000,9999.000,9999.000
202608062212,   5.422,   5.739,9999.000,9999.000,9999.000,9999.000,9999.000,9999.000,9999.000
202608062218,   5.441,   5.749,9999.000,9999.000,9999.000,9999.000,9999.000,9999.000,9999.000
202608062224,   5.456,   5.936,9999.000,9999.000,9999.000,9999.000,9999.000,9999.000,9999.000
202608062230,   5.469,   5.838,9999.000,9999.000,9999.000,9999.000,9999.000,9999.000,9999.000
202608062236,   5.478,9999.000,9999.000,9999.000,9999.000,9999.000,9999.000,9999.000,9999.000
202608062242,   5.484,   5.848,9999.000,9999.000,9999.000,9999.000,9999.000,9999.000,9999.000
202608062248,   5.486,   5.828,9999.000,9999.000,9999.000,9999.000,9999.000,9999.000,9999.000
202608062254,   5.485,   5.867,9999.000,9999.000,9999.000,9999.000,9999.000,9999.000,9999.000
202608062300,   5.480,   5.940,   0.400,   0.060,   5.940,   0.300,   5.840,   0.400,   5.940
202608062306,   5.472,9999.000,9999.000,9999.000,9999.000,9999.000,9999.000,9999.000,9999.000
202608062312,   5.460,   5.838,9999.000,9999.000,9999.000,9999.000,9999.000,9999.000,9999.000
202608062318,   5.445,9999.000,9999.000,9999.000,9999.000,9999.000,9999.000,9999.000,9999.000
202608062324,   5.426,9999.000,9999.000,9999.000,9999.000,9999.000,9999.000,9999.000,9999.000
202608062330,   5.403,9999.000,9999.000,9999.000,9999.000,9999.000,9999.000,9999.000,9999.000
202608062336,   5.377,9999.000,9999.000,9999.000,9999.000,9999.000,9999.000,9999.000,9999.000
202608062342,   5.348,   5.667,9999.000,9999.000,9999.000,9999.000,9999.000,9999.000,9999.000
202608062348,   5.315,9999.000,9999.000,9999.000,9999.000,9999.000,9999.000,9999.000,9999.000
202608062354,   5.278,9999.000,9999.000,9999.000,9999.000,9999.000,9999.000,9999.000,9999.000
202608070000,   5.238,9999.000,   0.500,9999.000,   5.738,   0.500,   5.738,   0.500,   5.738
202608070006,   5.195,9999.000,9999.000,9999.000,9999.000,9999.000,9999.000,9999.000,9999.000
202608070012,   5.148,   5.569,9999.000,9999.000,9999.000,9999.000,9999.000,9999.000,9999.000
202608070018,   5.099,9999.000,9999.000,9999.000,9999.000,9999.000,9999.000,9999.000,9999.000
202608070024,   5.045,   5.080,9999.000,9999.000,9999.000,9999.000,9999.000,9999.000,9999.000
202608070030,   4.989,   5.297,9999.000,9999.000,9999.000,9999.000,9999.000,9999.000,9999.000
202608070036,   4.930,9999.000,9999.000,9999.000,9999.000,9999.000,9999.000,9999.000,9999.000
202608070042,   4.868,9999.000,9999.000,9999.000,9999.000,9999.000,9999.000,9999.000,9999.000
202608070048,   4.803,   5.120,9999.000,9999.000,9999.000,9999.000,9999.000,9999.000,9999.000
202608070054,   4.735,   5.129,9999.000,9999.000,9999.000,9999.000,9999.000,9999.000,9999.000
202608070100,   4.664,   5.077,   0.600,  -0.187,   5.077,   0.500,   4.977,   0.600,   5.077
202608070106,   4.591,   5.008,9999.000,9999.000,9999.000,9999.000,9999.000,9999.000,9999.000
202608070112,   4.515,   4.919,9999.000,9999.000,9999.000,9999.000,9999.000,9999.000,9999.000
202608070118,   4.438,   4.837,9999.000,9999.000,9999.000,9999.000,9999.000,9999.000,9999.000
202608070124,   4.357,   4.710,9999.000,9999.000,9999.000,9999.000,9999.000,9999.000,9999.000
202608070130,   4.275,9999.000,9999.000,9999.000,9999.000,9999.000,9999.000,9999.000,9999.000
202608070136,   4.191,9999.000,9999.000,9999.000,9999.000,9999.000,9999.000,9999.000,9999.000
202608070142,   4.105,9999.000,9999.000,9999.000,9999.000,9999.000,9999.000,9999.000,9999.000
202608070148,   4.017,9999.000,9999.000,9999.000,9999.000,9999.000,9999.000,9999.000,9999.000
202608070154,   3.928,   4.319,9999.000,9999.000,9999.000,9999.000,9999.000,9999.000,9999.000
202608070200,   3.838,   4.319,   0.500,  -0.019,   4.319,   0.500,   4.319,   0.500,   4.319
202608070206,   3.746,9999.000,9999.000,9999.000,9999.000,9999.000,9999.000,9999.000,9999.000
202608070212,   3.653,   4.149,9999.000,9999.000,9999.000,9999.000,9999.000,9999.000,9999.000
202608070218,   3.559,   4.047,9999.000,9999.000,9999.000,9999.000,9999.000,9999.000,9999.000
202608070224,   3.464,   3.958,9999.000,9999.000,9999.000,9999.000,9999.000,9999.000,9999.000
202608070230,   3.369,   3.870,9999.000,9999.000,9999.000,9999.000,9999.000,9999.000,9999.000
202608070236,   3.273,9999.000,9999.000,9999.000,9999.000,9999.000,9999.000,9999.000,9999.000
202608070242,   3.177,9999.000,9999.000,9999.000,9999.000,9999.000,9999.000,9999.000,9999.000
202608070248,   3.080,9999.000,9999.000,9999.000,9999.000,9999.000,9999.000,9999.000,9999.000
202608070254,   2.984,   2.984,9999.000,9999.000,9999.000,9999.000,9999.000,9999.000,9999.000
202608070300,   2.888,   2.984,   0.500,  -0.404,   2.984,   0.400,   2.884,   0.500,   2.984
202608070306,   2.792,9999.000,9999.000,9999.000,9999.000,9999.000,9999.000,9999.000,9999.000
202608070312,   2.696,   3.178,9999.000,9999.000,9999.000,9999.000,9999.000,9999.000,9999.000
202608070318,   2.601,   3.050,9999.000,9999.000,9999.000,9999.000,9999.000,9999.000,9999.000
202608070324,   2.507,   2.978,9999.000,9999.000,9999.000,9999.000,9999.000,9999.000,9999.000
202608070330,   2.414,9999.000,9999.000,9999.000,9999.000,9999.000,9999.000,9999.000,9999.000
202608070336,   2.321,   2.879,9999.000,9999.000,9999.000,9999.000,9999.000,9999.000,9999.000
202608070342,   2.230,9999.000,9999.000,9999.000,9999.000,9999.000,9999.000,9999.000,9999.000
202608070348,   2.140,   2.669,9999.000,9999.000,9999.000,9999.000,9999.000,9999.000,9999.000
202608070354,   2.052,   2.528,9999.000,9999.000,9999.000,9999.000,9999.000,9999.000,9999.000
202608070400,   1.965,   2.410,   0.500,  -0.055,   2.410,   0.500,   2.410,   0.500,   2.410
202608070406,   1.880,   2.309,9999.000,9999.000,9999.000,9999.000,9999.000,9999.000,9999.000
202608070412,   1.797,   2.230,9999.000,9999.000,9999.000,9999.000,9999.000,9999.000,9999.000
202608070418,   1.716,   2.138,9999.000,9999.000,9999.000,9999.000,9999.000,9999.000,9999.000
202608070424,   1.637,   2.069,9999.000,9999.000,9999.000,9999.000,9999.000,9999.000,9999.000
202608070430,   1.560,   2.049,9999.000,9999.000,9999.000,9999.000,9999.000,9999.000,9999.000
202608070436,   1.486,   2.010,9999.000,9999.000,9999.000,9999.000,9999.000,9999.000,9999.000
202608070442,   1.414,   1.948,9999.000,9999.000,9999.000,9999.000,9999.000,9999.000,9999.000
202608070448,   1.344,   1.849,9999.000,9999.000,9999.000,9999.000,9999.000,9999.000,9999.000
202608070454,   1.277,   1.790,9999.000,9999.000,9999.000,9999.000,9999.000,9999.000,9999.000
202608070500,   1.213,   1.738,   0.500,   0.025,   1.738,   0.500,   1.738,   0.500,   1.738
202608070506,   1.152,   1.738,9999.000,9999.000,9999.000,9999.000,9999.000,9999.000,9999.000
202608070512,   1.093,   1.669,9999.000,9999.000,9999.000,9999.000,9999.000,9999.000,9999.000
202608070518,   1.038,   1.590,9999.000,9999.000,9999.000,9999.000,9999.000,9999.000,9999.000
202608070524,   0.985,   1.489,9999.000,9999.000,9999.000,9999.000,9999.000,9999.000,9999.000
202608070530,   0.936,   1.449,9999.000,9999.000,9999.000,9999.000,9999.000,9999.000,9999.000
202608070536,   0.889,   1.371,9999.000,9999.000,9999.000,9999.000,9999.000,9999.000,9999.000
202608070542,   0.846,   1.279,9999.000,9999.000,9999.000,9999.000,9999.000,9999.000,9999.000
202608070548,   0.806,   1.229,9999.000,9999.000,9999.000,9999.000,9999.000,9999.000,9999.000
202608070554,   0.769,   1.239,9999.000,9999.000,9999.000,9999.000,9999.000,9999.000,9999.000
202608070600,   0.736,   1.249,   0.500,   0.013,   1.249,   0.500,   1.249,   0.500,   1.249
202608070606,   0.706,   1.279,9999.000,9999.000,9999.000,9999.000,9999.000,9999.000,9999.000
202608070612,   0.679,   1.279,9999.000,9999.000,9999.000,9999.000,9999.000,9999.000,9999.000
202608070618,   0.655,   1.220,9999.000,9999.000,9999.000,9999.000,9999.000,9999.000,9999.000
202608070624,   0.635,   1.128,9999.000,9999.000,9999.000,9999.000,9999.000,9999.000,9999.000
202608070630,   0.618,   1.088,9999.000,9999.000,9999.000,9999.000,9999.000,9999.000,9999.000
202608070636,   0.605,   1.029,9999.000,9999.000,9999.000,9999.000,9999.000,9999.000,9999.000
202608070642,   0.595,   0.990,9999.000,9999.000,9999.000,9999.000,9999.000,9999.000,9999.000
202608070648,   0.587,   0.970,9999.000,9999.000,9999.000,9999.000,9999.000,9999.000,9999.000
202608070654,   0.584,   1.020,9999.000,9999.000,9999.000,9999.000,9999.000,9999.000,9999.000
202608070700,   0.583,   1.088,   0.500,   0.005,   1.088,   0.500,   1.088,   0.500,   1.088
202608070706,   0.586,   1.170,9999.000,9999.000,9999.000,9999.000,9999.000,9999.000,9999.000
202608070712,   0.591,   1.170,9999.000,9999.000,9999.000,9999.000,9999.000,9999.000,9999.000
202608070718,   0.600,   1.161,9999.000,9999.000,9999.000,9999.000,9999.000,9999.000,9999.000
202608070724,   0.612,   1.151,9999.000,9999.000,9999.000,9999.000,9999.000,9999.000,9999.000
202608070730,   0.626,   1.128,9999.000,9999.000,9999.000,9999.000,9999.000,9999.000,9999.000
202608070736,   0.643,   1.098,9999.000,9999.000,9999.000,9999.000,9999.000,9999.000,9999.000
202608070742,   0.664,   1.049,9999.000,9999.000,9999.000,9999.000,9999.000,9999.000,9999.000
202608070748,   0.687,   1.049,9999.000,9999.000,9999.000,9999.000,9999.000,9999.000,9999.000
202608070754,   0.712,   1.049,9999.000,9999.000,9999.000,9999.000,9999.000,9999.000,9999.000
202608070800,   0.740,   1.088,   0.500,  -0.152,   1.088,   0.500,   1.088,   0.500,   1.088
202608070806,   0.770,   1.161,9999.000,9999.000,9999.000,9999.000,9999.000,9999.000,9999.000
202608070812,   0.803,   1.249,9999.000,9999.000,9999.000,9999.000,9999.000,9999.000,9999.000
202608070818,   0.838,   1.289,9999.000,9999.000,9999.000,9999.000,9999.000,9999.000,9999.000
202608070824,   0.875,   1.380,9999.000,9999.000,9999.000,9999.000,9999.000,9999.000,9999.000
202608070830,   0.914,   1.420,9999.000,9999.000,9999.000,9999.000,9999.000,9999.000,9999.000
202608070836,   0.955,   1.459,9999.000,9999.000,9999.000,9999.000,9999.000,9999.000,9999.000
202608070842,   0.998,   1.439,9999.000,9999.000,9999.000,9999.000,9999.000,9999.000,9999.000
202608070848,   1.042,   1.439,9999.000,9999.000,9999.000,9999.000,9999.000,9999.000,9999.000
202608070854,   1.088,   1.449,9999.000,9999.000,9999.000,9999.000,9999.000,9999.000,9999.000
202608070900,   1.136,   1.508,   0.500,  -0.128,   1.508,   0.500,   1.508,   0.600,   1.608
202608070906,   1.185,   1.580,9999.000,9999.000,9999.000,9999.000,9999.000,9999.000,9999.000
202608070912,   1.234,   1.630,9999.000,9999.000,9999.000,9999.000,9999.000,9999.000,9999.000
202608070918,   1.285,   1.738,9999.000,9999.000,9999.000,9999.000,9999.000,9999.000,9999.000
202608070924,   1.337,   1.849,9999.000,9999.000,9999.000,9999.000,9999.000,9999.000,9999.000
202608070930,   1.390,   1.938,9999.000,9999.000,9999.000,9999.000,9999.000,9999.000,9999.000
202608070936,   1.443,   1.918,9999.000,9999.000,9999.000,9999.000,9999.000,9999.000,9999.000
202608070942,   1.497,   1.938,9999.000,9999.000,9999.000,9999.000,9999.000,9999.000,9999.000
202608070948,   1.551,   1.948,9999.000,9999.000,9999.000,9999.000,9999.000,9999.000,9999.000
202608070954,   1.606,   1.990,9999.000,9999.000,9999.000,9999.000,9999.000,9999.000,9999.000
202608071000,   1.661,   2.069,   0.500,  -0.092,   2.069,   0.500,   2.069,   0.500,   2.069
202608071006,   1.716,   2.158,9999.000,9999.000,9999.000,9999.000,9999.000,9999.000,9999.000
202608071012,   1.771,   2.230,9999.000,9999.000,9999.000,9999.000,9999.000,9999.000,9999.000
202608071018,   1.825,   2.309,9999.000,9999.000,9999.000,9999.000,9999.000,9999.000,9999.000
202608071024,   1.880,   2.410,9999.000,9999.000,9999.000,9999.000,9999.000,9999.000,9999.000
202608071030,   1.934,   2.450,9999.000,9999.000,9999.000,9999.000,9999.000,9999.000,9999.000
202608071036,   1.987,   2.450,9999.000,9999.000,9999.000,9999.000,9999.000,9999.000,9999.000
202608071042,   2.040,   2.420,9999.000,9999.000,9999.000,9999.000,9999.000,9999.000,9999.000
202608071048,   2.092,   2.479,9999.000,9999.000,9999.000,9999.000,9999.000,9999.000,9999.000
202608071054,   2.143,   2.548,9999.000,9999.000,9999.000,9999.000,9999.000,9999.000,9999.000
202608071100,   2.193,   2.630,   0.500,  -0.063,   2.630,   0.500,   2.630,   0.500,   2.630
202608071106,   2.242,   2.699,9999.000,9999.000,9999.000,9999.000,9999.000,9999.000,9999.000
202608071112,   2.291,   2.820,9999.000,9999.000,9999.000,9999.000,9999.000,9999.000,9999.000
202608071118,   2.337,   2.869,9999.000,9999.000,9999.000,9999.000,9999.000,9999.000,9999.000
202608071124,   2.383,   2.889,9999.000,9999.000,9999.000,9999.000,9999.000,9999.000,9999.000
202608071130,   2.427,   2.919,9999.000,9999.000,9999.000,9999.000,9999.000,9999.000,9999.000
202608071136,   2.470,   2.948,9999.000,9999.000,9999.000,9999.000,9999.000,9999.000,9999.000
202608071142,   2.511,   2.938,9999.000,9999.000,9999.000,9999.000,9999.000,9999.000,9999.000
202608071148,   2.551,   3.017,9999.000,9999.000,9999.000,9999.000,9999.000,9999.000,9999.000
202608071154,   2.589,   3.070,9999.000,9999.000,9999.000,9999.000,9999.000,9999.000,9999.000
202608071200,   2.626,   3.099,   0.400,   0.073,   3.099,   0.400,   3.099,   0.400,   3.099
202608071206,   2.661,   3.138,9999.000,9999.000,9999.000,9999.000,9999.000,9999.000,9999.000
202608071212,   2.694,   3.230,9999.000,9999.000,9999.000,9999.000,9999.000,9999.000,9999.000
202608071218,   2.725,   3.250,9999.000,9999.000,9999.000,9999.000,9999.000,9999.000,9999.000
202608071224,   2.754,   3.240,9999.000,9999.000,9999.000,9999.000,9999.000,9999.000,9999.000
202608071230,   2.782,   3.270,9999.000,9999.000,9999.000,9999.000,9999.000,9999.000,9999.000
202608071236,   2.808,   3.270,9999.000,9999.000,9999.000,9999.000,9999.000,9999.000,9999.000
202608071242,   2.832,   3.250,9999.000,9999.000,9999.000,9999.000,9999.000,9999.000,9999.000
202608071248,   2.854,   3.289,9999.000,9999.000,9999.000,9999.000,9999.000,9999.000,9999.000
202608071254,   2.874,   3.270,9999.000,9999.000,9999.000,9999.000,9999.000,9999.000,9999.000
202608071300,   2.892,   3.299,   0.400,   0.007,   3.299,   0.400,   3.299,   0.400,   3.299
202608071306,   2.909,   3.339,9999.000,9999.000,9999.000,9999.000,9999.000,9999.000,9999.000
202608071312,   2.923,   3.460,9999.000,9999.000,9999.000,9999.000,9999.000,9999.000,9999.000
202608071318,   2.936,   3.480,9999.000,9999.000,9999.000,9999.000,9999.000,9999.000,9999.000
202608071324,   2.947,   3.499,9999.000,9999.000,9999.000,9999.000,9999.000,9999.000,9999.000
202608071330,   2.957,   3.470,9999.000,9999.000,9999.000,9999.000,9999.000,9999.000,9999.000
202608071336,   2.965,   3.499,9999.000,9999.000,9999.000,9999.000,9999.000,9999.000,9999.000
202608071342,   2.971,   3.460,9999.000,9999.000,9999.000,9999.000,9999.000,9999.000,9999.000
202608071348,   2.975,   3.460,9999.000,9999.000,9999.000,9999.000,9999.000,9999.000,9999.000
202608071354,   2.978,   3.558,9999.000,9999.000,9999.000,9999.000,9999.000,9999.000,9999.000
202608071400,   2.980,   3.450,   0.400,   0.070,   3.450,   0.400,   3.450,   0.400,   3.450
202608071406,   2.980,   3.480,9999.000,9999.000,9999.000,9999.000,9999.000,9999.000,9999.000
202608071412,   2.979,   3.548,9999.000,9999.000,9999.000,9999.000,9999.000,9999.000,9999.000
202608071418,   2.977,   3.548,9999.000,9999.000,9999.000,9999.000,9999.000,9999.000,9999.000
202608071424,   2.973,   3.578,9999.000,9999.000,9999.000,9999.000,9999.000,9999.000,9999.000
202608071430,   2.969,   3.558,9999.000,9999.000,9999.000,9999.000,9999.000,9999.000,9999.000
202608071436,   2.963,   3.529,9999.000,9999.000,9999.000,9999.000,9999.000,9999.000,9999.000
202608071442,   2.957,   3.480,9999.000,9999.000,9999.000,9999.000,9999.000,9999.000,9999.000
202608071448,   2.950,   3.470,9999.000,9999.000,9999.000,9999.000,9999.000,9999.000,9999.000
202608071454,   2.942,   3.450,9999.000,9999.000,9999.000,9999.000,9999.000,9999.000,9999.000
202608071500,   2.933,   3.427,   0.300,   0.194,   3.427,   0.300,   3.427,   0.400,   3.527
202608071506,   2.925,   3.427,9999.000,9999.000,9999.000,9999.000,9999.000,9999.000,9999.000
202608071512,   2.915,   3.440,9999.000,9999.000,9999.000,9999.000,9999.000,9999.000,9999.000
202608071518,   2.906,9999.000,9999.000,9999.000,9999.000,9999.000,9999.000,9999.000,9999.000
202608071524,   2.896,   3.417,9999.000,9999.000,9999.000,9999.000,9999.000,9999.000,9999.000
202608071530,   2.886,9999.000,9999.000,9999.000,9999.000,9999.000,9999.000,9999.000,9999.000
202608071536,   2.877,9999.000,9999.000,9999.000,9999.000,9999.000,9999.000,9999.000,9999.000
202608071542,   2.867,   3.398,9999.000,9999.000,9999.000,9999.000,9999.000,9999.000,9999.000
202608071548,   2.858,   3.450,9999.000,9999.000,9999.000,9999.000,9999.000,9999.000,9999.000
202608071554,   2.849,   3.460,9999.000,9999.000,9999.000,9999.000,9999.000,9999.000,9999.000
202608071600,   2.841,   3.417,   0.400,   0.176,   3.417,   0.300,   3.317,   0.400,   3.417
202608071606,   2.833,   3.378,9999.000,9999.000,9999.000,9999.000,9999.000,9999.000,9999.000
202608071612,   2.826,   3.329,9999.000,9999.000,9999.000,9999.000,9999.000,9999.000,9999.000
202608071618,   2.820,9999.000,9999.000,9999.000,9999.000,9999.000,9999.000,9999.000,9999.000
202608071624,   2.815,   3.286,9999.000,9999.000,9999.000,9999.000,9999.000,9999.000,9999.000
202608071630,   2.810,9999.000,9999.000,9999.000,9999.000,9999.000,9999.000,9999.000,9999.000
202608071636,   2.807,9999.000,9999.000,9999.000,9999.000,9999.000,9999.000,9999.000,9999.000
202608071642,   2.806,   3.250,9999.000,9999.000,9999.000,9999.000,9999.000,9999.000,9999.000
202608071648,   2.805,   3.270,9999.000,9999.000,9999.000,9999.000,9999.000,9999.000,9999.000
202608071654,   2.806,   3.289,9999.000,9999.000,9999.000,9999.000,9999.000,9999.000,9999.000
202608071700,   2.808,   3.289,   0.400,   0.081,   3.289,   0.400,   3.289,   0.400,   3.289
202608071706,   2.813,9999.000,9999.000,9999.000,9999.000,9999.000,9999.000,9999.000,9999.000
202608071712,   2.818,   3.319,9999.000,9999.000,9999.000,9999.000,9999.000,9999.000,9999.000
202608071718,   2.826,   3.309,9999.000,9999.000,9999.000,9999.000,9999.000,9999.000,9999.000
202608071724,   2.835,   3.329,9999.000,9999.000,9999.000,9999.000,9999.000,9999.000,9999.000
202608071730,   2.846,   3.279,9999.000,9999.000,9999.000,9999.000,9999.000,9999.000,9999.000
202608071736,   2.859,   3.230,9999.000,9999.000,9999.000,9999.000,9999.000,9999.000,9999.000
202608071742,   2.874,   3.217,9999.000,9999.000,9999.000,9999.000,9999.000,9999.000,9999.000
202608071748,   2.891,   3.250,9999.000,9999.000,9999.000,9999.000,9999.000,9999.000,9999.000
202608071754,   2.911,   3.279,9999.000,9999.000,9999.000,9999.000,9999.000,9999.000,9999.000
202608071800,   2.932,   3.378,   0.300,   0.146,   3.378,   0.300,   3.378,   0.400,   3.478
202608071806,   2.955,   3.450,9999.000,9999.000,9999.000,9999.000,9999.000,9999.000,9999.000
202608071812,   2.981,   3.499,9999.000,9999.000,9999.000,9999.000,9999.000,9999.000,9999.000
202608071818,   3.009,   3.539,9999.000,9999.000,9999.000,9999.000,9999.000,9999.000,9999.000
202608071824,   3.039,9999.000,9999.000,9999.000,9999.000,9999.000,9999.000,9999.000,9999.000
202608071830,   3.071,9999.000,9999.000,9999.000,9999.000,9999.000,9999.000,9999.000,9999.000
202608071836,   3.105,9999.000,9999.000,9999.000,9999.000,9999.000,9999.000,9999.000,9999.000
202608071842,   3.142,9999.000,9999.000,9999.000,9999.000,9999.000,9999.000,9999.000,9999.000
202608071848,   3.180,9999.000,9999.000,9999.000,9999.000,9999.000,9999.000,9999.000,9999.000
202608071854,   3.221,9999.000,9999.000,9999.000,9999.000,9999.000,9999.000,9999.000,9999.000
202608071900,   3.264,9999.000,   0.300,9999.000,   3.564,   0.300,   3.564,   0.300,   3.564
202608071906,   3.309,9999.000,9999.000,9999.000,9999.000,9999.000,9999.000,9999.000,9999.000
202608071912,   3.356,9999.000,9999.000,9999.000,9999.000,9999.000,9999.000,9999.000,9999.000
202608071918,   3.405,9999.000,9999.000,9999.000,9999.000,9999.000,9999.000,9999.000,9999.000
202608071924,   3.456,9999.000,9999.000,9999.000,9999.000,9999.000,9999.000,9999.000,9999.000
202608071930,   3.508,9999.000,9999.000,9999.000,9999.000,9999.000,9999.000,9999.000,9999.000
202608071936,   3.563,9999.000,9999.000,9999.000,9999.000,9999.000,9999.000,9999.000,9999.000
202608071942,   3.619,9999.000,9999.000,9999.000,9999.000,9999.000,9999.000,9999.000,9999.000
202608071948,   3.676,9999.000,9999.000,9999.000,9999.000,9999.000,9999.000,9999.000,9999.000
202608071954,   3.735,   4.480,9999.000,9999.000,9999.000,9999.000,9999.000,9999.000,9999.000
202608072000,   3.796,   4.480,   0.400,   0.284,   4.480,   0.300,   4.380,   0.400,   4.480
202608072006,   3.858,   4.247,9999.000,9999.000,9999.000,9999.000,9999.000,9999.000,9999.000
202608072012,   3.921,9999.000,9999.000,9999.000,9999.000,9999.000,9999.000,9999.000,9999.000
202608072018,   3.985,9999.000,9999.000,9999.000,9999.000,9999.000,9999.000,9999.000,9999.000
202608072024,   4.050,   4.457,9999.000,9999.000,9999.000,9999.000,9999.000,9999.000,9999.000
202608072030,   4.116,   4.480,9999.000,9999.000,9999.000,9999.000,9999.000,9999.000,9999.000
202608072036,   4.182,   4.519,9999.000,9999.000,9999.000,9999.000,9999.000,9999.000,9999.000
202608072042,   4.249,   4.529,9999.000,9999.000,9999.000,9999.000,9999.000,9999.000,9999.000
202608072048,   4.317,   4.559,9999.000,9999.000,9999.000,9999.000,9999.000,9999.000,9999.000
202608072054,   4.385,9999.000,9999.000,9999.000,9999.000,9999.000,9999.000,9999.000,9999.000
202608072100,   4.452,9999.000,   0.400,9999.000,   4.852,   0.400,   4.852,   0.400,   4.852
202608072106,   4.520,9999.000,9999.000,9999.000,9999.000,9999.000,9999.000,9999.000,9999.000
202608072112,   4.588,9999.000,9999.000,9999.000,9999.000,9999.000,9999.000,9999.000,9999.000
202608072118,   4.655,9999.000,9999.000,9999.000,9999.000,9999.000,9999.000,9999.000,9999.000
202608072124,   4.722,   5.120,9999.000,9999.000,9999.000,9999.000,9999.000,9999.000,9999.000
202608072130,   4.789,9999.000,9999.000,9999.000,9999.000,9999.000,9999.000,9999.000,9999.000
202608072136,   4.854,9999.000,9999.000,9999.000,9999.000,9999.000,9999.000,9999.000,9999.000
202608072142,   4.919,   5.179,9999.000,9999.000,9999.000,9999.000,9999.000,9999.000,9999.000
202608072148,   4.982,   5.208,9999.000,9999.000,9999.000,9999.000,9999.000,9999.000,9999.000
202608072154,   5.044,   5.562,9999.000,9999.000,9999.000,9999.000,9999.000,9999.000,9999.000
202608072200,   5.105,   5.562,   0.300,   0.157,   5.562,   0.300,   5.562,   0.400,   5.662
202608072206,   5.164,   5.497,9999.000,9999.000,9999.000,9999.000,9999.000,9999.000,9999.000
202608072212,   5.222,   5.559,9999.000,9999.000,9999.000,9999.000,9999.000,9999.000,9999.000
202608072218,   5.277,9999.000,9999.000,9999.000,9999.000,9999.000,9999.000,9999.000,9999.000
202608072224,   5.331,   5.730,9999.000,9999.000,9999.000,9999.000,9999.000,9999.000,9999.000
202608072230,   5.382,9999.000,9999.000,9999.000,9999.000,9999.000,9999.000,9999.000,9999.000
202608072236,   5.431,   5.779,9999.000,9999.000,9999.000,9999.000,9999.000,9999.000,9999.000
202608072242,   5.478,   5.799,9999.000,9999.000,9999.000,9999.000,9999.000,9999.000,9999.000
202608072248,   5.522,9999.000,9999.000,9999.000,9999.000,9999.000,9999.000,9999.000,9999.000
202608072254,   5.563,   5.897,9999.000,9999.000,9999.000,9999.000,9999.000,9999.000,9999.000
202608072300,   5.601,   5.989,   0.300,   0.088,   5.989,   0.300,   5.989,   0.400,   6.089
202608072306,   5.637,   6.038,9999.000,9999.000,9999.000,9999.000,9999.000,9999.000,9999.000
202608072312,   5.669,   6.028,9999.000,9999.000,9999.000,9999.000,9999.000,9999.000,9999.000
202608072318,   5.698,   6.067,9999.000,9999.000,9999.000,9999.000,9999.000,9999.000,9999.000
202608072324,   5.723,   6.077,9999.000,9999.000,9999.000,9999.000,9999.000,9999.000,9999.000
202608072330,   5.746,   6.097,9999.000,9999.000,9999.000,9999.000,9999.000,9999.000,9999.000
202608072336,   5.764,   6.087,9999.000,9999.000,9999.000,9999.000,9999.000,9999.000,9999.000
202608072342,   5.779,   6.097,9999.000,9999.000,9999.000,9999.000,9999.000,9999.000,9999.000
202608072348,   5.790,9999.000,9999.000,9999.000,9999.000,9999.000,9999.000,9999.000,9999.000
202608072354,   5.797,   6.156,9999.000,9999.000,9999.000,9999.000,9999.000,9999.000,9999.000
202608080000,   5.801,   6.097,   0.500,  -0.204,   6.097,   0.500,   6.097,   0.600,   6.197
202608080006,   5.800,   6.087,9999.000,9999.000,9999.000,9999.000,9999.000,9999.000,9999.000
202608080012,   5.796,   6.127,9999.000,9999.000,9999.000,9999.000,9999.000,9999.000,9999.000
202608080018,   5.787,   6.149,9999.000,9999.000,9999.000,9999.000,9999.000,9999.000,9999.000
202608080024,   5.775,   6.159,9999.000,9999.000,9999.000,9999.000,9999.000,9999.000,9999.000
202608080030,   5.758,9999.000,9999.000,9999.000,9999.000,9999.000,9999.000,9999.000,9999.000
202608080036,   5.737,9999.000,9999.000,9999.000,9999.000,9999.000,9999.000,9999.000,9999.000
202608080042,   5.712,   6.067,9999.000,9999.000,9999.000,9999.000,9999.000,9999.000,9999.000
202608080048,   5.683,   6.067,9999.000,9999.000,9999.000,9999.000,9999.000,9999.000,9999.000
202608080054,   5.650,   6.028,9999.000,9999.000,9999.000,9999.000,9999.000,9999.000,9999.000
202608080100,   5.612,   6.028,   0.600,  -0.184,   6.028,   0.500,   5.928,   0.600,   6.028
202608080106,   5.571,9999.000,9999.000,9999.000,9999.000,9999.000,9999.000,9999.000,9999.000
202608080112,   5.525,   5.926,9999.000,9999.000,9999.000,9999.000,9999.000,9999.000,9999.000
202608080118,   5.475,9999.000,9999.000,9999.000,9999.000,9999.000,9999.000,9999.000,9999.000
202608080124,   5.421,   5.756,9999.000,9999.000,9999.000,9999.000,9999.000,9999.000,9999.000
202608080130,   5.363,   5.759,9999.000,9999.000,9999.000,9999.000,9999.000,9999.000,9999.000
202608080136,   5.302,9999.000,9999.000,9999.000,9999.000,9999.000,9999.000,9999.000,9999.000
202608080142,   5.236,9999.000,9999.000,9999.000,9999.000,9999.000,9999.000,9999.000,9999.000
202608080148,   5.167,   5.638,9999.000,9999.000,9999.000,9999.000,9999.000,9999.000,9999.000
202608080154,   5.094,   5.343,9999.000,9999.000,9999.000,9999.000,9999.000,9999.000,9999.000
202608080200,   5.018,   5.428,   0.500,  -0.090,   5.428,   0.500,   5.428,   0.600,   5.528
202608080206,   4.938,   5.339,9999.000,9999.000,9999.000,9999.000,9999.000,9999.000,9999.000
202608080212,   4.854,9999.000,9999.000,9999.000,9999.000,9999.000,9999.000,9999.000,9999.000
202608080218,   4.768,   5.188,9999.000,9999.000,9999.000,9999.000,9999.000,9999.000,9999.000
202608080224,   4.678,   4.798,9999.000,9999.000,9999.000,9999.000,9999.000,9999.000,9999.000
202608080230,   4.586,9999.000,9999.000,9999.000,9999.000,9999.000,9999.000,9999.000,9999.000
202608080236,   4.490,   4.949,9999.000,9999.000,9999.000,9999.000,9999.000,9999.000,9999.000
202608080242,   4.392,   4.887,9999.000,9999.000,9999.000,9999.000,9999.000,9999.000,9999.000
202608080248,   4.291,   4.798,9999.000,9999.000,9999.000,9999.000,9999.000,9999.000,9999.000
202608080254,   4.188,9999.000,9999.000,9999.000,9999.000,9999.000,9999.000,9999.000,9999.000
202608080300,   4.083,9999.000,   0.500,9999.000,   4.583,   0.500,   4.583,   0.500,   4.583
202608080306,   3.975,9999.000,9999.000,9999.000,9999.000,9999.000,9999.000,9999.000,9999.000
202608080312,   3.866,9999.000,9999.000,9999.000,9999.000,9999.000,9999.000,9999.000,9999.000
202608080318,   3.755,9999.000,9999.000,9999.000,9999.000,9999.000,9999.000,9999.000,9999.000
202608080324,   3.643,   3.496,9999.000,9999.000,9999.000,9999.000,9999.000,9999.000,9999.000
202608080330,   3.529,9999.000,9999.000,9999.000,9999.000,9999.000,9999.000,9999.000,9999.000
202608080336,   3.414,9999.000,9999.000,9999.000,9999.000,9999.000,9999.000,9999.000,9999.000
202608080342,   3.298,9999.000,9999.000,9999.000,9999.000,9999.000,9999.000,9999.000,9999.000
202608080348,   3.181,   3.768,9999.000,9999.000,9999.000,9999.000,9999.000,9999.000,9999.000
202608080354,   3.063,   3.627,9999.000,9999.000,9999.000,9999.000,9999.000,9999.000,9999.000
202608080400,   2.946,   3.499,   0.500,   0.053,   3.499,   0.500,   3.499,   0.600,   3.599
202608080406,   2.828,   3.378,9999.000,9999.000,9999.000,9999.000,9999.000,9999.000,9999.000
202608080412,   2.709,   3.230,9999.000,9999.000,9999.000,9999.000,9999.000,9999.000,9999.000
202608080418,   2.592,   3.079,9999.000,9999.000,9999.000,9999.000,9999.000,9999.000,9999.000
202608080424,   2.474,   2.397,9999.000,9999.000,9999.000,9999.000,9999.000,9999.000,9999.000
202608080430,   2.357,9999.000,9999.000,9999.000,9999.000,9999.000,9999.000,9999.000,9999.000
202608080436,   2.241,9999.000,9999.000,9999.000,9999.000,9999.000,9999.000,9999.000,9999.000
202608080442,   2.126,9999.000,9999.000,9999.000,9999.000,9999.000,9999.000,9999.000,9999.000
202608080448,   2.012,   2.597,9999.000,9999.000,9999.000,9999.000,9999.000,9999.000,9999.000
202608080454,   1.900,   2.499,9999.000,9999.000,9999.000,9999.000,9999.000,9999.000,9999.000
202608080500,   1.788,   2.400,   0.500,   0.112,   2.400,   0.500,   2.400,   0.600,   2.500
202608080506,   1.679,   2.279,9999.000,9999.000,9999.000,9999.000,9999.000,9999.000,9999.000
202608080512,   1.572,   2.109,9999.000,9999.000,9999.000,9999.000,9999.000,9999.000,9999.000
202608080518,   1.466,   1.948,9999.000,9999.000,9999.000,9999.000,9999.000,9999.000,9999.000
202608080524,   1.363,   1.820,9999.000,9999.000,9999.000,9999.000,9999.000,9999.000,9999.000
202608080530,   1.263,   1.689,9999.000,9999.000,9999.000,9999.000,9999.000,9999.000,9999.000
202608080536,   1.165,   1.610,9999.000,9999.000,9999.000,9999.000,9999.000,9999.000,9999.000
202608080542,   1.069,   1.538,9999.000,9999.000,9999.000,9999.000,9999.000,9999.000,9999.000
202608080548,   0.977,   1.469,9999.000,9999.000,9999.000,9999.000,9999.000,9999.000,9999.000
202608080554,   0.887,   1.390,9999.000,9999.000,9999.000,9999.000,9999.000,9999.000,9999.000
202608080600,   0.801,   1.338,   0.500,   0.037,   1.338,   0.500,   1.338,   0.600,   1.438
202608080606,   0.718,   1.269,9999.000,9999.000,9999.000,9999.000,9999.000,9999.000,9999.000
202608080612,   0.639,   1.180,9999.000,9999.000,9999.000,9999.000,9999.000,9999.000,9999.000
202608080618,   0.563,   1.079,9999.000,9999.000,9999.000,9999.000,9999.000,9999.000,9999.000
202608080624,   0.491,   0.587,9999.000,9999.000,9999.000,9999.000,9999.000,9999.000,9999.000
202608080630,   0.423,   0.888,9999.000,9999.000,9999.000,9999.000,9999.000,9999.000,9999.000
202608080636,   0.358,   0.800,9999.000,9999.000,9999.000,9999.000,9999.000,9999.000,9999.000
202608080642,   0.298,   0.718,9999.000,9999.000,9999.000,9999.000,9999.000,9999.000,9999.000
202608080648,   0.241,   0.649,9999.000,9999.000,9999.000,9999.000,9999.000,9999.000,9999.000
202608080654,   0.189,   0.590,9999.000,9999.000,9999.000,9999.000,9999.000,9999.000,9999.000
202608080700,   0.141,   0.590,   0.500,  -0.051,   0.590,   0.500,   0.590,   0.600,   0.690
202608080706,   0.097,   0.600,9999.000,9999.000,9999.000,9999.000,9999.000,9999.000,9999.000
202608080712,   0.057,   0.590,9999.000,9999.000,9999.000,9999.000,9999.000,9999.000,9999.000
202608080718,   0.022,   0.531,9999.000,9999.000,9999.000,9999.000,9999.000,9999.000,9999.000
202608080724,  -0.008,   0.478,9999.000,9999.000,9999.000,9999.000,9999.000,9999.000,9999.000
202608080730,  -0.034,   0.459,9999.000,9999.000,9999.000,9999.000,9999.000,9999.000,9999.000
202608080736,  -0.057,   0.409,9999.000,9999.000,9999.000,9999.000,9999.000,9999.000,9999.000
202608080742,  -0.074,   0.350,9999.000,9999.000,9999.000,9999.000,9999.000,9999.000,9999.000
202608080748,  -0.087,   0.341,9999.000,9999.000,9999.000,9999.000,9999.000,9999.000,9999.000
202608080754,  -0.096,   0.341,9999.000,9999.000,9999.000,9999.000,9999.000,9999.000,9999.000
202608080800,  -0.101,   0.331,   0.600,  -0.168,   0.331,   0.500,   0.231,   0.600,   0.331
202608080806,  -0.101,   0.331,9999.000,9999.000,9999.000,9999.000,9999.000,9999.000,9999.000
202608080812,  -0.097,   0.380,9999.000,9999.000,9999.000,9999.000,9999.000,9999.000,9999.000
202608080818,  -0.089,   0.409,9999.000,9999.000,9999.000,9999.000,9999.000,9999.000,9999.000
202608080824,  -0.076,   0.419,9999.000,9999.000,9999.000,9999.000,9999.000,9999.000,9999.000
202608080830,  -0.060,   0.409,9999.000,9999.000,9999.000,9999.000,9999.000,9999.000,9999.000
202608080836,  -0.039,   0.429,9999.000,9999.000,9999.000,9999.000,9999.000,9999.000,9999.000
202608080842,  -0.014,   0.449,9999.000,9999.000,9999.000,9999.000,9999.000,9999.000,9999.000
202608080848,   0.013,   0.498,9999.000,9999.000,9999.000,9999.000,9999.000,9999.000,9999.000
202608080854,   0.046,   0.478,9999.000,9999.000,9999.000,9999.000,9999.000,9999.000,9999.000
202608080900,   0.081,   0.498,   0.600,  -0.183,   0.498,   0.600,   0.498,   0.600,   0.498
202608080906,   0.121,   0.518,9999.000,9999.000,9999.000,9999.000,9999.000,9999.000,9999.000
202608080912,   0.164,   0.570,9999.000,9999.000,9999.000,9999.000,9999.000,9999.000,9999.000
202608080918,   0.210,   0.619,9999.000,9999.000,9999.000,9999.000,9999.000,9999.000,9999.000
202608080924,   0.260,   0.698,9999.000,9999.000,9999.000,9999.000,9999.000,9999.000,9999.000
202608080930,   0.312,   0.810,9999.000,9999.000,9999.000,9999.000,9999.000,9999.000,9999.000
202608080936,   0.368,   0.879,9999.000,9999.000,9999.000,9999.000,9999.000,9999.000,9999.000
202608080942,   0.426,   0.918,9999.000,9999.000,9999.000,9999.000,9999.000,9999.000,9999.000
202608080948,   0.487,   0.970,9999.000,9999.000,9999.000,9999.000,9999.000,9999.000,9999.000
202608080954,   0.550,   1.020,9999.000,9999.000,9999.000,9999.000,9999.000,9999.000,9999.000
202608081000,   0.615,   0.990,   0.500,  -0.125,   0.990,   0.500,   0.990,   0.600,   1.090
202608081006,   0.683,   0.990,9999.000,9999.000,9999.000,9999.000,9999.000,9999.000,9999.000
202608081012,   0.753,   1.049,9999.000,9999.000,9999.000,9999.000,9999.000,9999.000,9999.000
202608081018,   0.824,   1.180,9999.000,9999.000,9999.000,9999.000,9999.000,9999.000,9999.000
202608081024,   0.897,   1.279,9999.000,9999.000,9999.000,9999.000,9999.000,9999.000,9999.000
202608081030,   0.972,   1.400,9999.000,9999.000,9999.000,9999.000,9999.000,9999.000,9999.000
202608081036,   1.048,   1.498,9999.000,9999.000,9999.000,9999.000,9999.000,9999.000,9999.000
202608081042,   1.125,   1.639,9999.000,9999.000,9999.000,9999.000,9999.000,9999.000,9999.000
202608081048,   1.202,   1.738,9999.000,9999.000,9999.000,9999.000,9999.000,9999.000,9999.000
202608081054,   1.281,   1.748,9999.000,9999.000,9999.000,9999.000,9999.000,9999.000,9999.000
202608081100,   1.360,   1.738,   0.500,  -0.122,   1.738,   0.500,   1.738,   0.600,   1.838
202608081106,   1.440,   1.790,9999.000,9999.000,9999.000,9999.000,9999.000,9999.000,9999.000
202608081112,   1.519,   1.889,9999.000,9999.000,9999.000,9999.000,9999.000,9999.000,9999.000
202608081118,   1.599,   1.990,9999.000,9999.000,9999.000,9999.000,9999.000,9999.000,9999.000
202608081124,   1.679,   2.099,9999.000,9999.000,9999.000,9999.000,9999.000,9999.000,9999.000
202608081130,   1.758,   2.177,9999.000,9999.000,9999.000,9999.000,9999.000,9999.000,9999.000
202608081136,   1.837,   2.289,9999.000,9999.000,9999.000,9999.000,9999.000,9999.000,9999.000
202608081142,   1.915,   2.400,9999.000,9999.000,9999.000,9999.000,9999.000,9999.000,9999.000
202608081148,   1.992,   2.548,9999.000,9999.000,9999.000,9999.000,9999.000,9999.000,9999.000
202608081154,   2.069,   2.650,9999.000,9999.000,9999.000,9999.000,9999.000,9999.000,9999.000
202608081200,   2.144,   2.679,   0.500,   0.035,   2.679,   0.500,   2.679,   0.500,   2.679
202608081206,   2.218,   2.679,9999.000,9999.000,9999.000,9999.000,9999.000,9999.000,9999.000
202608081212,   2.291,   2.748,9999.000,9999.000,9999.000,9999.000,9999.000,9999.000,9999.000
202608081218,   2.362,   2.840,9999.000,9999.000,9999.000,9999.000,9999.000,9999.000,9999.000
202608081224,   2.431,   2.879,9999.000,9999.000,9999.000,9999.000,9999.000,9999.000,9999.000
202608081230,   2.499,   2.919,9999.000,9999.000,9999.000,9999.000,9999.000,9999.000,9999.000
202608081236,   2.565,   2.968,9999.000,9999.000,9999.000,9999.000,9999.000,9999.000,9999.000
202608081242,   2.628,   3.070,9999.000,9999.000,9999.000,9999.000,9999.000,9999.000,9999.000
202608081248,   2.690,   3.207,9999.000,9999.000,9999.000,9999.000,9999.000,9999.000,9999.000
202608081254,   2.749,   3.299,9999.000,9999.000,9999.000,9999.000,9999.000,9999.000,9999.000
202608081300,   2.806,   3.348,   0.500,   0.042,   3.348,   0.500,   3.348,   0.500,   3.348
202608081306,   2.860,   3.378,9999.000,9999.000,9999.000,9999.000,9999.000,9999.000,9999.000
202608081312,   2.912,   3.440,9999.000,9999.000,9999.000,9999.000,9999.000,9999.000,9999.000
202608081318,   2.962,   3.480,9999.000,9999.000,9999.000,9999.000,9999.000,9999.000,9999.000
202608081324,   3.008,   3.470,9999.000,9999.000,9999.000,9999.000,9999.000,9999.000,9999.000
202608081330,   3.052,   3.440,9999.000,9999.000,9999.000,9999.000,9999.000,9999.000,9999.000
202608081336,   3.093,   3.499,9999.000,9999.000,9999.000,9999.000,9999.000,9999.000,9999.000
202608081342,   3.132,   3.607,9999.000,9999.000,9999.000,9999.000,9999.000,9999.000,9999.000
202608081348,   3.168,   3.680,9999.000,9999.000,9999.000,9999.000,9999.000,9999.000,9999.000
202608081354,   3.200,   3.749,9999.000,9999.000,9999.000,9999.000,9999.000,9999.000,9999.000
202608081400,   3.230,   3.758,   0.400,   0.128,   3.758,   0.400,   3.758,   0.500,   3.858
202608081406,   3.257,   3.817,9999.000,9999.000,9999.000,9999.000,9999.000,9999.000,9999.000
202608081412,   3.282,   3.817,9999.000,9999.000,9999.000,9999.000,9999.000,9999.000,9999.000
202608081418,   3.303,   3.827,9999.000,9999.000,9999.000,9999.000,9999.000,9999.000,9999.000
202608081424,   3.322,   3.768,9999.000,9999.000,9999.000,9999.000,9999.000,9999.000,9999.000
202608081430,   3.338,   3.778,9999.000,9999.000,9999.000,9999.000,9999.000,9999.000,9999.000
202608081436,   3.351,   3.817,9999.000,9999.000,9999.000,9999.000,9999.000,9999.000,9999.000
202608081442,   3.362,   3.899,9999.000,9999.000,9999.000,9999.000,9999.000,9999.000,9999.000
202608081448,   3.369,   3.929,9999.000,9999.000,9999.000,9999.000,9999.000,9999.000,9999.000
202608081454,   3.375,   3.939,9999.000,9999.000,9999.000,9999.000,9999.000,9999.000,9999.000
202608081500,   3.378,   3.929,   0.400,   0.151,   3.929,   0.400,   3.929,   0.500,   4.029
202608081506,   3.378,   3.949,9999.000,9999.000,9999.000,9999.000,9999.000,9999.000,9999.000
202608081512,   3.376,9999.000,9999.000,9999.000,9999.000,9999.000,9999.000,9999.000,9999.000
202608081518,   3.372,   3.929,9999.000,9999.000,9999.000,9999.000,9999.000,9999.000,9999.000
202608081524,   3.366,   3.899,9999.000,9999.000,9999.000,9999.000,9999.000,9999.000,9999.000
202608081530,   3.358,   3.909,9999.000,9999.000,9999.000,9999.000,9999.000,9999.000,9999.000
202608081536,   3.348,   3.929,9999.000,9999.000,9999.000,9999.000,9999.000,9999.000,9999.000
202608081542,   3.336,   3.899,9999.000,9999.000,9999.000,9999.000,9999.000,9999.000,9999.000
202608081548,   3.322,   3.899,9999.000,9999.000,9999.000,9999.000,9999.000,9999.000,9999.000
202608081554,   3.307,   3.811,9999.000,9999.000,9999.000,9999.000,9999.000,9999.000,9999.000
202608081600,   3.291,   3.870,   0.500,   0.079,   3.870,   0.400,   3.770,   0.500,   3.870
202608081606,   3.273,   3.808,9999.000,9999.000,9999.000,9999.000,9999.000,9999.000,9999.000
202608081612,   3.254,   3.778,9999.000,9999.000,9999.000,9999.000,9999.000,9999.000,9999.000
202608081618,   3.234,   3.778,9999.000,9999.000,9999.000,9999.000,9999.000,9999.000,9999.000
202608081624,   3.214,   3.798,9999.000,9999.000,9999.000,9999.000,9999.000,9999.000,9999.000
202608081630,   3.192,   3.808,9999.000,9999.000,9999.000,9999.000,9999.000,9999.000,9999.000
202608081636,   3.171,   3.798,9999.000,9999.000,9999.000,9999.000,9999.000,9999.000,9999.000
202608081642,   3.149,9999.000,9999.000,9999.000,9999.000,9999.000,9999.000,9999.000,9999.000
202608081648,   3.126,   3.689,9999.000,9999.000,9999.000,9999.000,9999.000,9999.000,9999.000
202608081654,   3.104,9999.000,9999.000,9999.000,9999.000,9999.000,9999.000,9999.000,9999.000
202608081700,   3.082,9999.000,   0.500,9999.000,   3.582,   0.500,   3.582,   0.500,   3.582
202608081706,   3.060,9999.000,9999.000,9999.000,9999.000,9999.000,9999.000,9999.000,9999.000
202608081712,   3.038,9999.000,9999.000,9999.000,9999.000,9999.000,9999.000,9999.000,9999.000
202608081718,   3.018,   3.539,9999.000,9999.000,9999.000,9999.000,9999.000,9999.000,9999.000
202608081724,   2.998,   3.506,9999.000,9999.000,9999.000,9999.000,9999.000,9999.000,9999.000
202608081730,   2.978,   3.568,9999.000,9999.000,9999.000,9999.000,9999.000,9999.000,9999.000
202608081736,   2.960,   3.568,9999.000,9999.000,9999.000,9999.000,9999.000,9999.000,9999.000
202608081742,   2.943,9999.000,9999.000,9999.000,9999.000,9999.000,9999.000,9999.000,9999.000
202608081748,   2.928,   3.539,9999.000,9999.000,9999.000,9999.000,9999.000,9999.000,9999.000
202608081754,   2.914,   3.509,9999.000,9999.000,9999.000,9999.000,9999.000,9999.000,9999.000
202608081800,   2.902,   3.509,   0.400,   0.207,   3.509,   0.400,   3.509,   0.400,   3.509
202608081806,   2.891,9999.000,9999.000,9999.000,9999.000,9999.000,9999.000,9999.000,9999.000
202608081812,   2.882,9999.000,9999.000,9999.000,9999.000,9999.000,9999.000,9999.000,9999.000
202608081818,   2.876,   3.348,9999.000,9999.000,9999.000,9999.000,9999.000,9999.000,9999.000
202608081824,   2.871,   3.378,9999.000,9999.000,9999.000,9999.000,9999.000,9999.000,9999.000
202608081830,   2.869,   3.407,9999.000,9999.000,9999.000,9999.000,9999.000,9999.000,9999.000
202608081836,   2.869,9999.000,9999.000,9999.000,9999.000,9999.000,9999.000,9999.000,9999.000
202608081842,   2.872,   3.427,9999.000,9999.000,9999.000,9999.000,9999.000,9999.000,9999.000
202608081848,   2.877,   3.440,9999.000,9999.000,9999.000,9999.000,9999.000,9999.000,9999.000
202608081854,   2.884,   3.427,9999.000,9999.000,9999.000,9999.000,9999.000,9999.000,9999.000
202608081900,   2.895,   3.407,   0.400,   0.112,   3.407,   0.400,   3.407,   0.400,   3.407
202608081906,   2.908,   3.427,9999.000,9999.000,9999.000,9999.000,9999.000,9999.000,9999.000
202608081912,   2.924,9999.000,9999.000,9999.000,9999.000,9999.000,9999.000,9999.000,9999.000
202608081918,   2.943,   3.378,9999.000,9999.000,9999.000,9999.000,9999.000,9999.000,9999.000
202608081924,   2.964,   3.378,9999.000,9999.000,9999.000,9999.000,9999.000,9999.000,9999.000
202608081930,   2.989,9999.000,9999.000,9999.000,9999.000,9999.000,9999.000,9999.000,9999.000
202608081936,   3.016,9999.000,9999.000,9999.000,9999.000,9999.000,9999.000,9999.000,9999.000
202608081942,   3.047,9999.000,9999.000,9999.000,9999.000,9999.000,9999.000,9999.000,9999.000
202608081948,   3.080,   3.660,9999.000,9999.000,9999.000,9999.000,9999.000,9999.000,9999.000
202608081954,   3.117,   3.768,9999.000,9999.000,9999.000,9999.000,9999.000,9999.000,9999.000
202608082000,   3.156,   3.768,   0.400,   0.212,   3.768,   0.400,   3.768,   0.400,   3.768
202608082006,   3.199,9999.000,9999.000,9999.000,9999.000,9999.000,9999.000,9999.000,9999.000
202608082012,   3.244,9999.000,9999.000,9999.000,9999.000,9999.000,9999.000,9999.000,9999.000
202608082018,   3.292,   3.778,9999.000,9999.000,9999.000,9999.000,9999.000,9999.000,9999.000
202608082024,   3.342,   3.768,9999.000,9999.000,9999.000,9999.000,9999.000,9999.000,9999.000
202608082030,   3.396,9999.000,9999.000,9999.000,9999.000,9999.000,9999.000,9999.000,9999.000
202608082036,   3.452,9999.000,9999.000,9999.000,9999.000,9999.000,9999.000,9999.000,9999.000
202608082042,   3.510,   3.978,9999.000,9999.000,9999.000,9999.000,9999.000,9999.000,9999.000
202608082048,   3.571,9999.000,9999.000,9999.000,9999.000,9999.000,9999.000,9999.000,9999.000
202608082054,   3.635,   4.149,9999.000,9999.000,9999.000,9999.000,9999.000,9999.000,9999.000
202608082100,   3.700,   4.149,   0.500,  -0.051,   4.149,   0.400,   4.049,   0.500,   4.149
202608082106,   3.768,9999.000,9999.000,9999.000,9999.000,9999.000,9999.000,9999.000,9999.000
202608082112,   3.838,   4.319,9999.000,9999.000,9999.000,9999.000,9999.000,9999.000,9999.000
202608082118,   3.909,   4.280,9999.000,9999.000,9999.000,9999.000,9999.000,9999.000,9999.000
202608082124,   3.983,9999.000,9999.000,9999.000,9999.000,9999.000,9999.000,9999.000,9999.000
202608082130,   4.057,9999.000,9999.000,9999.000,9999.000,9999.000,9999.000,9999.000,9999.000
202608082136,   4.134,9999.000,9999.000,9999.000,9999.000,9999.000,9999.000,9999.000,9999.000
202608082142,   4.211,9999.000,9999.000,9999.000,9999.000,9999.000,9999.000,9999.000,9999.000
202608082148,   4.290,9999.000,9999.000,9999.000,9999.000,9999.000,9999.000,9999.000,9999.000
202608082154,   4.369,9999.000,9999.000,9999.000,9999.000,9999.000,9999.000,9999.000,9999.000
202608082200,   4.449,9999.000,   0.400,9999.000,   4.849,   0.400,   4.849,   0.500,   4.949
202608082206,   4.530,9999.000,9999.000,9999.000,9999.000,9999.000,9999.000,9999.000,9999.000
202608082212,   4.611,9999.000,9999.000,9999.000,9999.000,9999.000,9999.000,9999.000,9999.000
202608082218,   4.692,9999.000,9999.000,9999.000,9999.000,9999.000,9999.000,9999.000,9999.000
202608082224,   4.773,9999.000,9999.000,9999.000,9999.000,9999.000,9999.000,9999.000,9999.000
202608082230,   4.853,9999.000,9999.000,9999.000,9999.000,9999.000,9999.000,9999.000,9999.000
202608082236,   4.934,   5.329,9999.000,9999.000,9999.000,9999.000,9999.000,9999.000,9999.000
202608082242,   5.013,9999.000,9999.000,9999.000,9999.000,9999.000,9999.000,9999.000,9999.000
202608082248,   5.092,   5.457,9999.000,9999.000,9999.000,9999.000,9999.000,9999.000,9999.000
202608082254,   5.170,   5.930,9999.000,9999.000,9999.000,9999.000,9999.000,9999.000,9999.000
202608082300,   5.246,   5.930,   0.400,   0.284,   5.930,   0.400,   5.930,   0.500,   6.030
202608082306,   5.321,9999.000,9999.000,9999.000,9999.000,9999.000,9999.000,9999.000,9999.000
202608082312,   5.394,9999.000,9999.000,9999.000,9999.000,9999.000,9999.000,9999.000,9999.000
202608082318,   5.466,9999.000,9999.000,9999.000,9999.000,9999.000,9999.000,9999.000,9999.000
202608082324,   5.535,   5.887,9999.000,9999.000,9999.000,9999.000,9999.000,9999.000,9999.000
202608082330,   5.602,   5.926,9999.000,9999.000,9999.000,9999.000,9999.000,9999.000,9999.000
202608082336,   5.666,   5.989,9999.000,9999.000,9999.000,9999.000,9999.000,9999.000,9999.000
202608082342,   5.728,   6.018,9999.000,9999.000,9999.000,9999.000,9999.000,9999.000,9999.000
202608082348,   5.786,   6.127,9999.000,9999.000,9999.000,9999.000,9999.000,9999.000,9999.000
202608082354,   5.842,   6.199,9999.000,9999.000,9999.000,9999.000,9999.000,9999.000,9999.000
202608090000,   5.894,   6.297,   0.600,  -0.197,   6.297,   0.600,   6.297,   0.600,   6.297
202608090006,   5.943,9999.000,9999.000,9999.000,9999.000,9999.000,9999.000,9999.000,9999.000
202608090012,   5.989,9999.000,9999.000,9999.000,9999.000,9999.000,9999.000,9999.000,9999.000
202608090018,   6.030,   6.428,9999.000,9999.000,9999.000,9999.000,9999.000,9999.000,9999.000
202608090024,   6.068,9999.000,9999.000,9999.000,9999.000,9999.000,9999.000,9999.000,9999.000
202608090030,   6.101,9999.000,9999.000,9999.000,9999.000,9999.000,9999.000,9999.000,9999.000
202608090036,   6.131,   6.517,9999.000,9999.000,9999.000,9999.000,9999.000,9999.000,9999.000
202608090042,   6.156,9999.000,9999.000,9999.000,9999.000,9999.000,9999.000,9999.000,9999.000
202608090048,   6.176,9999.000,9999.000,9999.000,9999.000,9999.000,9999.000,9999.000,9999.000
202608090054,   6.192,   6.563,9999.000,9999.000,9999.000,9999.000,9999.000,9999.000,9999.000
202608090100,   6.203,   6.563,   0.600,  -0.240,   6.563,   0.600,   6.563,   0.700,   6.663
202608090106,   6.210,   6.546,9999.000,9999.000,9999.000,9999.000,9999.000,9999.000,9999.000
202608090112,   6.211,   6.527,9999.000,9999.000,9999.000,9999.000,9999.000,9999.000,9999.000
202608090118,   6.208,   6.556,9999.000,9999.000,9999.000,9999.000,9999.000,9999.000,9999.000
202608090124,   6.200,   6.445,9999.000,9999.000,9999.000,9999.000,9999.000,9999.000,9999.000
202608090130,   6.186,9999.000,9999.000,9999.000,9999.000,9999.000,9999.000,9999.000,9999.000
202608090136,   6.167,   6.556,9999.000,9999.000,9999.000,9999.000,9999.000,9999.000,9999.000
202608090142,   6.144,   6.579,9999.000,9999.000,9999.000,9999.000,9999.000,9999.000,9999.000
202608090148,   6.115,   6.507,9999.000,9999.000,9999.000,9999.000,9999.000,9999.000,9999.000
202608090154,   6.081,   6.468,9999.000,9999.000,9999.000,9999.000,9999.000,9999.000,9999.000
202608090200,   6.041,   6.448,   0.600,  -0.193,   6.448,   0.600,   6.448,   0.600,   6.448
202608090206,   5.997,   6.409,9999.000,9999.000,9999.000,9999.000,9999.000,9999.000,9999.000
202608090212,   5.947,   6.359,9999.000,9999.000,9999.000,9999.000,9999.000,9999.000,9999.000
202608090218,   5.892,   6.307,9999.000,9999.000,9999.000,9999.000,9999.000,9999.000,9999.000
202608090224,   5.832,   5.841,9999.000,9999.000,9999.000,9999.000,9999.000,9999.000,9999.000
202608090230,   5.767,   6.218,9999.000,9999.000,9999.000,9999.000,9999.000,9999.000,9999.000
202608090236,   5.698,   6.169,9999.000,9999.000,9999.000,9999.000,9999.000,9999.000,9999.000
202608090242,   5.623,   6.107,9999.000,9999.000,9999.000,9999.000,9999.000,9999.000,9999.000
202608090248,   5.543,   5.999,9999.000,9999.000,9999.000,9999.000,9999.000,9999.000,9999.000
202608090254,   5.459,   5.838,9999.000,9999.000,9999.000,9999.000,9999.000,9999.000,9999.000
202608090300,   5.370,   5.838,   0.600,  -0.132,   5.838,   0.600,   5.838,   0.600,   5.838
202608090306,   5.277,   5.667,9999.000,9999.000,9999.000,9999.000,9999.000,9999.000,9999.000
202608090312,   5.180,   5.628,9999.000,9999.000,9999.000,9999.000,9999.000,9999.000,9999.000
202608090318,   5.078,   5.477,9999.000,9999.000,9999.000,9999.000,9999.000,9999.000,9999.000
202608090324,   4.972,   5.359,9999.000,9999.000,9999.000,9999.000,9999.000,9999.000,9999.000
202608090330,   4.863,   5.247,9999.000,9999.000,9999.000,9999.000,9999.000,9999.000,9999.000
202608090336,   4.749,   5.228,9999.000,9999.000,9999.000,9999.000,9999.000,9999.000,9999.000
202608090342,   4.633,   5.120,9999.000,9999.000,9999.000,9999.000,9999.000,9999.000,9999.000
202608090348,   4.513,   5.028,9999.000,9999.000,9999.000,9999.000,9999.000,9999.000,9999.000
202608090354,   4.389,   4.887,9999.000,9999.000,9999.000,9999.000,9999.000,9999.000,9999.000
202608090400,   4.263,   4.778,   0.600,  -0.085,   4.778,   0.600,   4.778,   0.600,   4.778
202608090406,   4.135,   4.578,9999.000,9999.000,9999.000,9999.000,9999.000,9999.000,9999.000
202608090412,   4.003,   4.437,9999.000,9999.000,9999.000,9999.000,9999.000,9999.000,9999.000
202608090418,   3.870,   4.237,9999.000,9999.000,9999.000,9999.000,9999.000,9999.000,9999.000
202608090424,   3.734,   4.109,9999.000,9999.000,9999.000,9999.000,9999.000,9999.000,9999.000
202608090430,   3.597,   3.998,9999.000,9999.000,9999.000,9999.000,9999.000,9999.000,9999.000
202608090436,   3.458,   3.978,9999.000,9999.000,9999.000,9999.000,9999.000,9999.000,9999.000
202608090442,   3.318,   3.870,9999.000,9999.000,9999.000,9999.000,9999.000,9999.000,9999.000
202608090448,   3.176,   3.778,9999.000,9999.000,9999.000,9999.000,9999.000,9999.000,9999.000
202608090454,   3.034,   3.650,9999.000,9999.000,9999.000,9999.000,9999.000,9999.000,9999.000
202608090500,   2.891,   3.519,   0.600,   0.028,   3.519,   0.600,   3.519,   0.700,   3.619
202608090506,   2.748,   3.299,9999.000,9999.000,9999.000,9999.000,9999.000,9999.000,9999.000
202608090512,   2.605,   3.089,9999.000,9999.000,9999.000,9999.000,9999.000,9999.000,9999.000
202608090518,   2.462,   2.889,9999.000,9999.000,9999.000,9999.000,9999.000,9999.000,9999.000
202608090524,   2.320,   2.758,9999.000,9999.000,9999.000,9999.000,9999.000,9999.000,9999.000
202608090530,   2.178,   2.640,9999.000,9999.000,9999.000,9999.000,9999.000,9999.000,9999.000
202608090536,   2.037,   2.538,9999.000,9999.000,9999.000,9999.000,9999.000,9999.000,9999.000
202608090542,   1.898,   2.430,9999.000,9999.000,9999.000,9999.000,9999.000,9999.000,9999.000
202608090548,   1.759,   2.309,9999.000,9999.000,9999.000,9999.000,9999.000,9999.000,9999.000
202608090554,   1.623,   2.200,9999.000,9999.000,9999.000,9999.000,9999.000,9999.000,9999.000
202608090600,   1.489,   2.030,   0.700,  -0.159,   2.030,   0.600,   1.930,   0.700,   2.030
202608090606,   1.356,   1.869,9999.000,9999.000,9999.000,9999.000,9999.000,9999.000,9999.000
202608090612,   1.226,   1.708,9999.000,9999.000,9999.000,9999.000,9999.000,9999.000,9999.000
202608090618,   1.099,   1.557,9999.000,9999.000,9999.000,9999.000,9999.000,9999.000,9999.000
202608090624,   0.975,   1.430,9999.000,9999.000,9999.000,9999.000,9999.000,9999.000,9999.000
202608090630,   0.854,   1.318,9999.000,9999.000,9999.000,9999.000,9999.000,9999.000,9999.000
202608090636,   0.736,   1.200,9999.000,9999.000,9999.000,9999.000,9999.000,9999.000,9999.000
202608090642,   0.622,   1.069,9999.000,9999.000,9999.000,9999.000,9999.000,9999.000,9999.000
202608090648,   0.511,9999.000,9999.000,9999.000,9999.000,9999.000,9999.000,9999.000,9999.000
202608090654,   0.405,   0.941,9999.000,9999.000,9999.000,9999.000,9999.000,9999.000,9999.000
202608090700,   0.302,   0.898,   0.700,  -0.104,   0.898,   0.600,   0.798,   0.700,   0.898
202608090706,   0.204,   0.810,9999.000,9999.000,9999.000,9999.000,9999.000,9999.000,9999.000
202608090712,   0.110,   0.708,9999.000,9999.000,9999.000,9999.000,9999.000,9999.000,9999.000
202608090718,   0.021,   0.610,9999.000,9999.000,9999.000,9999.000,9999.000,9999.000,9999.000
202608090724,  -0.063,   0.541,9999.000,9999.000,9999.000,9999.000,9999.000,9999.000,9999.000
202608090730,  -0.142,   0.409,9999.000,9999.000,9999.000,9999.000,9999.000,9999.000,9999.000
202608090736,  -0.217,   0.259,9999.000,9999.000,9999.000,9999.000,9999.000,9999.000,9999.000
202608090742,  -0.286,   0.150,9999.000,9999.000,9999.000,9999.000,9999.000,9999.000,9999.000
202608090748,  -0.350,   0.098,9999.000,9999.000,9999.000,9999.000,9999.000,9999.000,9999.000
202608090754,  -0.409,   0.059,9999.000,9999.000,9999.000,9999.000,9999.000,9999.000,9999.000
202608090800,  -0.463,   0.019,   0.700,  -0.218,   0.019,   0.700,   0.019,   0.700,   0.019
202608090806,  -0.511,9999.000,9999.000,9999.000,9999.000,9999.000,9999.000,9999.000,9999.000
202608090812,  -0.553,9999.000,9999.000,9999.000,9999.000,9999.000,9999.000,9999.000,9999.000
202608090818,  -0.590,9999.000,9999.000,9999.000,9999.000,9999.000,9999.000,9999.000,9999.000
202608090824,  -0.621,  -0.239,9999.000,9999.000,9999.000,9999.000,9999.000,9999.000,9999.000
202608090830,  -0.647,  -0.131,9999.000,9999.000,9999.000,9999.000,9999.000,9999.000,9999.000
202608090836,  -0.667,  -0.209,9999.000,9999.000,9999.000,9999.000,9999.000,9999.000,9999.000
202608090842,  -0.681,  -0.308,9999.000,9999.000,9999.000,9999.000,9999.000,9999.000,9999.000
202608090848,  -0.690,  -0.350,9999.000,9999.000,9999.000,9999.000,9999.000,9999.000,9999.000
202608090854,  -0.693,  -0.308,9999.000,9999.000,9999.000,9999.000,9999.000,9999.000,9999.000
202608090900,  -0.690,  -0.239,   0.700,  -0.249,  -0.239,   0.700,  -0.239,   0.700,  -0.239
202608090906,  -0.682,  -0.209,9999.000,9999.000,9999.000,9999.000,9999.000,9999.000,9999.000
202608090912,  -0.668,  -0.150,9999.000,9999.000,9999.000,9999.000,9999.000,9999.000,9999.000
202608090918,  -0.649,  -0.068,9999.000,9999.000,9999.000,9999.000,9999.000,9999.000,9999.000
202608090924,  -0.625,  -0.019,9999.000,9999.000,9999.000,9999.000,9999.000,9999.000,9999.000
202608090930,  -0.595,  -0.019,9999.000,9999.000,9999.000,9999.000,9999.000,9999.000,9999.000
202608090936,  -0.561,  -0.019,9999.000,9999.000,9999.000,9999.000,9999.000,9999.000,9999.000
202608090942,  -0.521,  -0.039,9999.000,9999.000,9999.000,9999.000,9999.000,9999.000,9999.000
202608090948,  -0.477,  -0.068,9999.000,9999.000,9999.000,9999.000,9999.000,9999.000,9999.000
202608090954,  -0.427,  -0.088,9999.000,9999.000,9999.000,9999.000,9999.000,9999.000,9999.000
202608091000,  -0.373,  -0.068,   0.700,  -0.395,  -0.068,   0.600,  -0.168,   0.700,  -0.068
202608091006,  -0.315,  -0.009,9999.000,9999.000,9999.000,9999.000,9999.000,9999.000,9999.000
202608091012,  -0.252,   0.098,9999.000,9999.000,9999.000,9999.000,9999.000,9999.000,9999.000
202608091018,  -0.186,   0.190,9999.000,9999.000,9999.000,9999.000,9999.000,9999.000,9999.000
202608091024,  -0.115,   0.341,9999.000,9999.000,9999.000,9999.000,9999.000,9999.000,9999.000
202608091030,  -0.041,   0.469,9999.000,9999.000,9999.000,9999.000,9999.000,9999.000,9999.000
202608091036,   0.036,   0.629,9999.000,9999.000,9999.000,9999.000,9999.000,9999.000,9999.000
202608091042,   0.117,   0.718,9999.000,9999.000,9999.000,9999.000,9999.000,9999.000,9999.000
202608091048,   0.202,   0.810,9999.000,9999.000,9999.000,9999.000,9999.000,9999.000,9999.000
202608091054,   0.289,   0.810,9999.000,9999.000,9999.000,9999.000,9999.000,9999.000,9999.000
202608091100,   0.379,   0.810,   0.700,  -0.269,   0.810,   0.700,   0.810,   0.700,   0.810
202608091106,   0.471,   0.819,9999.000,9999.000,9999.000,9999.000,9999.000,9999.000,9999.000
202608091112,   0.566,   0.918,9999.000,9999.000,9999.000,9999.000,9999.000,9999.000,9999.000
202608091118,   0.663,   1.059,9999.000,9999.000,9999.000,9999.000,9999.000,9999.000,9999.000
202608091124,   0.761,   1.210,9999.000,9999.000,9999.000,9999.000,9999.000,9999.000,9999.000
202608091130,   0.862,   1.380,9999.000,9999.000,9999.000,9999.000,9999.000,9999.000,9999.000
202608091136,   0.963,   1.580,9999.000,9999.000,9999.000,9999.000,9999.000,9999.000,9999.000
202608091142,   1.065,   1.738,9999.000,9999.000,9999.000,9999.000,9999.000,9999.000,9999.000
202608091148,   1.169,   1.840,9999.000,9999.000,9999.000,9999.000,9999.000,9999.000,9999.000
202608091154,   1.273,   1.840,9999.000,9999.000,9999.000,9999.000,9999.000,9999.000,9999.000
202608091200,   1.377,   1.830,   0.600,  -0.147,   1.830,   0.500,   1.730,   0.600,   1.830
202608091206,   1.481,   1.810,9999.000,9999.000,9999.000,9999.000,9999.000,9999.000,9999.000
202608091212,   1.585,   1.869,9999.000,9999.000,9999.000,9999.000,9999.000,9999.000,9999.000
202608091218,   1.689,   1.990,9999.000,9999.000,9999.000,9999.000,9999.000,9999.000,9999.000
202608091224,   1.793,   2.118,9999.000,9999.000,9999.000,9999.000,9999.000,9999.000,9999.000
202608091230,   1.895,   2.269,9999.000,9999.000,9999.000,9999.000,9999.000,9999.000,9999.000
202608091236,   1.997,   2.450,9999.000,9999.000,9999.000,9999.000,9999.000,9999.000,9999.000
202608091242,   2.097,   2.610,9999.000,9999.000,9999.000,9999.000,9999.000,9999.000,9999.000
202608091248,   2.196,   2.728,9999.000,9999.000,9999.000,9999.000,9999.000,9999.000,9999.000
202608091254,   2.293,   2.807,9999.000,9999.000,9999.000,9999.000,9999.000,9999.000,9999.000
202608091300,   2.388,   2.889,   0.500,   0.001,   2.889,   0.500,   2.889,   0.600,   2.989
202608091306,   2.481,   2.948,9999.000,9999.000,9999.000,9999.000,9999.000,9999.000,9999.000
202608091312,   2.572,   3.007,9999.000,9999.000,9999.000,9999.000,9999.000,9999.000,9999.000
202608091318,   2.660,   3.119,9999.000,9999.000,9999.000,9999.000,9999.000,9999.000,9999.000
202608091324,   2.746,   3.712,9999.000,9999.000,9999.000,9999.000,9999.000,9999.000,9999.000
202608091330,   2.829,   3.319,9999.000,9999.000,9999.000,9999.000,9999.000,9999.000,9999.000
202608091336,   2.909,   3.427,9999.000,9999.000,9999.000,9999.000,9999.000,9999.000,9999.000
202608091342,   2.986,   3.509,9999.000,9999.000,9999.000,9999.000,9999.000,9999.000,9999.000
202608091348,   3.060,   3.578,9999.000,9999.000,9999.000,9999.000,9999.000,9999.000,9999.000
202608091354,   3.131,   3.650,9999.000,9999.000,9999.000,9999.000,9999.000,9999.000,9999.000
202608091400,   3.198,   3.709,   0.500,   0.011,   3.709,   0.500,   3.709,   0.600,   3.809
202608091406,   3.261,   3.739,9999.000,9999.000,9999.000,9999.000,9999.000,9999.000,9999.000
202608091412,   3.321,   3.788,9999.000,9999.000,9999.000,9999.000,9999.000,9999.000,9999.000
202608091418,   3.377,   3.847,9999.000,9999.000,9999.000,9999.000,9999.000,9999.000,9999.000
202608091424,   3.429,   3.899,9999.000,9999.000,9999.000,9999.000,9999.000,9999.000,9999.000
202608091430,   3.478,   3.949,9999.000,9999.000,9999.000,9999.000,9999.000,9999.000,9999.000
202608091436,   3.522,   4.037,9999.000,9999.000,9999.000,9999.000,9999.000,9999.000,9999.000
202608091442,   3.563,   4.090,9999.000,9999.000,9999.000,9999.000,9999.000,9999.000,9999.000
202608091448,   3.599,9999.000,9999.000,9999.000,9999.000,9999.000,9999.000,9999.000,9999.000
202608091454,   3.632,   4.129,9999.000,9999.000,9999.000,9999.000,9999.000,9999.000,9999.000
202608091500,   3.661,   4.129,   0.500,  -0.032,   4.129,   0.500,   4.129,   0.500,   4.129
202608091506,   3.685,   4.119,9999.000,9999.000,9999.000,9999.000,9999.000,9999.000,9999.000
202608091512,   3.706,   4.149,9999.000,9999.000,9999.000,9999.000,9999.000,9999.000,9999.000
202608091518,   3.723,   4.227,9999.000,9999.000,9999.000,9999.000,9999.000,9999.000,9999.000
202608091524,   3.735,   4.247,9999.000,9999.000,9999.000,9999.000,9999.000,9999.000,9999.000
202608091530,   3.744,   4.290,9999.000,9999.000,9999.000,9999.000,9999.000,9999.000,9999.000
202608091536,   3.750,   4.329,9999.000,9999.000,9999.000,9999.000,9999.000,9999.000,9999.000
202608091542,   3.751,   4.388,9999.000,9999.000,9999.000,9999.000,9999.000,9999.000,9999.000
202608091548,   3.749,   4.359,9999.000,9999.000,9999.000,9999.000,9999.000,9999.000,9999.000
202608091554,   3.744,   4.339,9999.000,9999.000,9999.000,9999.000,9999.000,9999.000,9999.000
202608091600,   3.735,   4.247,   0.500,   0.012,   4.247,   0.500,   4.247,   0.500,   4.247
202608091606,   3.723,   4.208,9999.000,9999.000,9999.000,9999.000,9999.000,9999.000,9999.000
202608091612,   3.707,   4.218,9999.000,9999.000,9999.000,9999.000,9999.000,9999.000,9999.000
202608091618,   3.689,   4.280,9999.000,9999.000,9999.000,9999.000,9999.000,9999.000,9999.000
202608091624,   3.668,   4.050,9999.000,9999.000,9999.000,9999.000,9999.000,9999.000,9999.000
202608091630,   3.644,9999.000,9999.000,9999.000,9999.000,9999.000,9999.000,9999.000,9999.000
202608091636,   3.618,   4.149,9999.000,9999.000,9999.000,9999.000,9999.000,9999.000,9999.000
202608091642,   3.589,   4.149,9999.000,9999.000,9999.000,9999.000,9999.000,9999.000,9999.000
202608091648,   3.558,   4.129,9999.000,9999.000,9999.000,9999.000,9999.000,9999.000,9999.000
202608091654,   3.525,   4.119,9999.000,9999.000,9999.000,9999.000,9999.000,9999.000,9999.000
202608091700,   3.490,   4.047,   0.500,   0.057,   4.047,   0.500,   4.047,   0.600,   4.147
202608091706,   3.454,   3.988,9999.000,9999.000,9999.000,9999.000,9999.000,9999.000,9999.000
202608091712,   3.416,   3.978,9999.000,9999.000,9999.000,9999.000,9999.000,9999.000,9999.000
202608091718,   3.377,   3.958,9999.000,9999.000,9999.000,9999.000,9999.000,9999.000,9999.000
202608091724,   3.338,   3.890,9999.000,9999.000,9999.000,9999.000,9999.000,9999.000,9999.000
202608091730,   3.297,   3.798,9999.000,9999.000,9999.000,9999.000,9999.000,9999.000,9999.000
202608091736,   3.256,   3.768,9999.000,9999.000,9999.000,9999.000,9999.000,9999.000,9999.000
202608091742,   3.214,9999.000,9999.000,9999.000,9999.000,9999.000,9999.000,9999.000,9999.000
202608091748,   3.172,9999.000,9999.000,9999.000,9999.000,9999.000,9999.000,9999.000,9999.000
202608091754,   3.130,   3.437,9999.000,9999.000,9999.000,9999.000,9999.000,9999.000,9999.000
202608091800,   3.089,   3.699,   0.300,   0.310,   3.699,   0.300,   3.699,   0.400,   3.799
202608091806,   3.048,   3.660,9999.000,9999.000,9999.000,9999.000,9999.000,9999.000,9999.000
202608091812,   3.008,   3.617,9999.000,9999.000,9999.000,9999.000,9999.000,9999.000,9999.000
202608091818,   2.969,   3.558,9999.000,9999.000,9999.000,9999.000,9999.000,9999.000,9999.000
202608091824,   2.931,   3.499,9999.000,9999.000,9999.000,9999.000,9999.000,9999.000,9999.000
202608091830,   2.894,   3.440,9999.000,9999.000,9999.000,9999.000,9999.000,9999.000,9999.000
202608091836,   2.859,   3.398,9999.000,9999.000,9999.000,9999.000,9999.000,9999.000,9999.000
202608091842,   2.825,   3.378,9999.000,9999.000,9999.000,9999.000,9999.000,9999.000,9999.000
202608091848,   2.794,   3.378,9999.000,9999.000,9999.000,9999.000,9999.000,9999.000,9999.000
202608091854,   2.765,   3.358,9999.000,9999.000,9999.000,9999.000,9999.000,9999.000,9999.000
202608091900,   2.738,   3.358,   0.300,   0.320,   3.358,   0.300,   3.358,   0.300,   3.358
202608091906,   2.713,   3.299,9999.000,9999.000,9999.000,9999.000,9999.000,9999.000,9999.000
202608091912,   2.691,   3.260,9999.000,9999.000,9999.000,9999.000,9999.000,9999.000,9999.000
202608091918,   2.672,   3.207,9999.000,9999.000,9999.000,9999.000,9999.000,9999.000,9999.000
202608091924,   2.656,   3.197,9999.000,9999.000,9999.000,9999.000,9999.000,9999.000,9999.000
202608091930,   2.644,   3.168,9999.000,9999.000,9999.000,9999.000,9999.000,9999.000,9999.000
202608091936,   2.634,   3.197,9999.000,9999.000,9999.000,9999.000,9999.000,9999.000,9999.000
202608091942,   2.628,   3.178,9999.000,9999.000,9999.000,9999.000,9999.000,9999.000,9999.000
202608091948,   2.625,   3.178,9999.000,9999.000,9999.000,9999.000,9999.000,9999.000,9999.000
202608091954,   2.626,   3.138,9999.000,9999.000,9999.000,9999.000,9999.000,9999.000,9999.000
202608092000,   2.630,   3.158,   0.400,   0.128,   3.158,   0.300,   3.058,   0.400,   3.158
202608092006,   2.639,   3.099,9999.000,9999.000,9999.000,9999.000,9999.000,9999.000,9999.000
202608092012,   2.651,   3.070,9999.000,9999.000,9999.000,9999.000,9999.000,9999.000,9999.000
202608092018,   2.667,   3.060,9999.000,9999.000,9999.000,9999.000,9999.000,9999.000,9999.000
202608092024,   2.687,   3.148,9999.000,9999.000,9999.000,9999.000,9999.000,9999.000,9999.000
202608092030,   2.711,   3.197,9999.000,9999.000,9999.000,9999.000,9999.000,9999.000,9999.000
202608092036,   2.739,   3.270,9999.000,9999.000,9999.000,9999.000,9999.000,9999.000,9999.000
202608092042,   2.771,   3.289,9999.000,9999.000,9999.000,9999.000,9999.000,9999.000,9999.000
202608092048,   2.807,   3.329,9999.000,9999.000,9999.000,9999.000,9999.000,9999.000,9999.000
202608092054,   2.847,9999.000,9999.000,9999.000,9999.000,9999.000,9999.000,9999.000,9999.000
202608092100,   2.891,9999.000,   0.400,9999.000,   3.291,   0.400,   3.291,   0.400,   3.291
202608092106,   2.938,9999.000,9999.000,9999.000,9999.000,9999.000,9999.000,9999.000,9999.000
202608092112,   2.990,9999.000,9999.000,9999.000,9999.000,9999.000,9999.000,9999.000,9999.000
202608092118,   3.046,9999.000,9999.000,9999.000,9999.000,9999.000,9999.000,9999.000,9999.000
202608092124,   3.105,   3.952,9999.000,9999.000,9999.000,9999.000,9999.000,9999.000,9999.000
202608092130,   3.168,9999.000,9999.000,9999.000,9999.000,9999.000,9999.000,9999.000,9999.000
202608092136,   3.234,9999.000,9999.000,9999.000,9999.000,9999.000,9999.000,9999.000,9999.000
202608092142,   3.304,9999.000,9999.000,9999.000,9999.000,9999.000,9999.000,9999.000,9999.000
202608092148,   3.377,   3.827,9999.000,9999.000,9999.000,9999.000,9999.000,9999.000,9999.000
202608092154,   3.453,   3.949,9999.000,9999.000,9999.000,9999.000,9999.000,9999.000,9999.000
202608092200,   3.532,   3.949,   0.400,   0.017,   3.949,   0.400,   3.949,   0.400,   3.949
202608092206,   3.614,9999.000,9999.000,9999.000,9999.000,9999.000,9999.000,9999.000,9999.000
202608092212,   3.699,9999.000,9999.000,9999.000,9999.000,9999.000,9999.000,9999.000,9999.000
202608092218,   3.786,9999.000,9999.000,9999.000,9999.000,9999.000,9999.000,9999.000,9999.000
202608092224,   3.876,9999.000,9999.000,9999.000,9999.000,9999.000,9999.000,9999.000,9999.000
202608092230,   3.967,9999.000,9999.000,9999.000,9999.000,9999.000,9999.000,9999.000,9999.000
202608092236,   4.061,   4.480,9999.000,9999.000,9999.000,9999.000,9999.000,9999.000,9999.000
202608092242,   4.156,9999.000,9999.000,9999.000,9999.000,9999.000,9999.000,9999.000,9999.000
202608092248,   4.252,9999.000,9999.000,9999.000,9999.000,9999.000,9999.000,9999.000,9999.000
202608092254,   4.350,9999.000,9999.000,9999.000,9999.000,9999.000,9999.000,9999.000,9999.000
202608092300,   4.449,9999.000,   0.400,9999.000,   4.849,   0.400,   4.849,   0.400,   4.849
202608092306,   4.548,9999.000,9999.000,9999.000,9999.000,9999.000,9999.000,9999.000,9999.000
202608092312,   4.648,9999.000,9999.000,9999.000,9999.000,9999.000,9999.000,9999.000,9999.000
202608092318,   4.748,9999.000,9999.000,9999.000,9999.000,9999.000,9999.000,9999.000,9999.000
202608092324,   4.849,9999.000,9999.000,9999.000,9999.000,9999.000,9999.000,9999.000,9999.000
202608092330,   4.948,9999.000,9999.000,9999.000,9999.000,9999.000,9999.000,9999.000,9999.000
202608092336,   5.048,9999.000,9999.000,9999.000,9999.000,9999.000,9999.000,9999.000,9999.000
202608092342,   5.146,9999.000,9999.000,9999.000,9999.000,9999.000,9999.000,9999.000,9999.000
202608092348,   5.244,9999.000,9999.000,9999.000,9999.000,9999.000,9999.000,9999.000,9999.000
202608092354,   5.340,9999.000,9999.000,9999.000,9999.000,9999.000,9999.000,9999.000,9999.000
202608100000,   5.435,9999.000,   0.500,9999.000,   5.935,   0.500,   5.935,   0.500,   5.935
202608100006,   5.528,   5.917,9999.000,9999.000,9999.000,9999.000,9999.000,9999.000,9999.000
202608100012,   5.618,9999.000,9999.000,9999.000,9999.000,9999.000,9999.000,9999.000,9999.000
202608100018,   5.706,9999.000,9999.000,9999.000,9999.000,9999.000,9999.000,9999.000,9999.000
202608100024,   5.792,9999.000,9999.000,9999.000,9999.000,9999.000,9999.000,9999.000,9999.000
202608100030,   5.875,9999.000,9999.000,9999.000,9999.000,9999.000,9999.000,9999.000,9999.000
202608100036,   5.955,9999.000,9999.000,9999.000,9999.000,9999.000,9999.000,9999.000,9999.000
202608100042,   6.031,9999.000,9999.000,9999.000,9999.000,9999.000,9999.000,9999.000,9999.000
202608100048,   6.103,   6.497,9999.000,9999.000,9999.000,9999.000,9999.000,9999.000,9999.000
202608100054,   6.172,   6.930,9999.000,9999.000,9999.000,9999.000,9999.000,9999.000,9999.000
202608100100,   6.237,   6.579,   0.500,  -0.158,   6.579,   0.500,   6.579,   0.600,   6.679
202608100106,   6.297,9999.000,9999.000,9999.000,9999.000,9999.000,9999.000,9999.000,9999.000
202608100112,   6.353,9999.000,9999.000,9999.000,9999.000,9999.000,9999.000,9999.000,9999.000
202608100118,   6.405,   6.819,9999.000,9999.000,9999.000,9999.000,9999.000,9999.000,9999.000
202608100124,   6.451,   6.878,9999.000,9999.000,9999.000,9999.000,9999.000,9999.000,9999.000
202608100130,   6.492,   6.927,9999.000,9999.000,9999.000,9999.000,9999.000,9999.000,9999.000
202608100136,   6.529,   6.999,9999.000,9999.000,9999.000,9999.000,9999.000,9999.000,9999.000
202608100142,   6.559,   7.038,9999.000,9999.000,9999.000,9999.000,9999.000,9999.000,9999.000
202608100148,   6.585,   7.058,9999.000,9999.000,9999.000,9999.000,9999.000,9999.000,9999.000
202608100154,   6.604,   7.048,9999.000,9999.000,9999.000,9999.000,9999.000,9999.000,9999.000
202608100200,   6.618,   7.048,   0.500,  -0.070,   7.048,   0.500,   7.048,   0.500,   7.048
202608100206,   6.626,9999.000,9999.000,9999.000,9999.000,9999.000,9999.000,9999.000,9999.000
202608100212,   6.627,9999.000,9999.000,9999.000,9999.000,9999.000,9999.000,9999.000,9999.000
202608100218,   6.623,   7.107,9999.000,9999.000,9999.000,9999.000,9999.000,9999.000,9999.000
202608100224,   6.613,   7.088,9999.000,9999.000,9999.000,9999.000,9999.000,9999.000,9999.000
202608100230,   6.596,   7.097,9999.000,9999.000,9999.000,9999.000,9999.000,9999.000,9999.000
202608100236,   6.573,   7.137,9999.000,9999.000,9999.000,9999.000,9999.000,9999.000,9999.000
202608100242,   6.544,9999.000,9999.000,9999.000,9999.000,9999.000,9999.000,9999.000,9999.000
202608100248,   6.509,   7.078,9999.000,9999.000,9999.000,9999.000,9999.000,9999.000,9999.000
202608100254,   6.467,   6.989,9999.000,9999.000,9999.000,9999.000,9999.000,9999.000,9999.000
202608100300,   6.419,   6.887,   0.400,   0.068,   6.887,   0.400,   6.887,   0.500,   6.987
202608100306,   6.364,   6.828,9999.000,9999.000,9999.000,9999.000,9999.000,9999.000,9999.000
202608100312,   6.304,   6.819,9999.000,9999.000,9999.000,9999.000,9999.000,9999.000,9999.000
202608100318,   6.237,   6.717,9999.000,9999.000,9999.000,9999.000,9999.000,9999.000,9999.000
202608100324,   6.164,   6.599,9999.000,9999.000,9999.000,9999.000,9999.000,9999.000,9999.000
202608100330,   6.086,   6.477,9999.000,9999.000,9999.000,9999.000,9999.000,9999.000,9999.000
202608100336,   6.001,   6.409,9999.000,9999.000,9999.000,9999.000,9999.000,9999.000,9999.000
202608100342,   5.910,   6.336,9999.000,9999.000,9999.000,9999.000,9999.000,9999.000,9999.000
202608100348,   5.814,   6.258,9999.000,9999.000,9999.000,9999.000,9999.000,9999.000,9999.000
202608100354,   5.713,   6.136,9999.000,9999.000,9999.000,9999.000,9999.000,9999.000,9999.000
202608100400,   5.605,   6.028,   0.500,  -0.077,   6.028,   0.500,   6.028,   0.500,   6.028
202608100406,   5.493,   5.959,9999.000,9999.000,9999.000,9999.000,9999.000,9999.000,9999.000
202608100412,   5.376,   5.877,9999.000,9999.000,9999.000,9999.000,9999.000,9999.000,9999.000
202608100418,   5.254,   5.759,9999.000,9999.000,9999.000,9999.000,9999.000,9999.000,9999.000
202608100424,   5.127,   5.618,9999.000,9999.000,9999.000,9999.000,9999.000,9999.000,9999.000
202608100430,   4.996,   5.467,9999.000,9999.000,9999.000,9999.000,9999.000,9999.000,9999.000
202608100436,   4.861,   5.379,9999.000,9999.000,9999.000,9999.000,9999.000,9999.000,9999.000
202608100442,   4.721,   5.267,9999.000,9999.000,9999.000,9999.000,9999.000,9999.000,9999.000
202608100448,   4.578,   5.139,9999.000,9999.000,9999.000,9999.000,9999.000,9999.000,9999.000
202608100454,   4.432,   4.998,9999.000,9999.000,9999.000,9999.000,9999.000,9999.000,9999.000
202608100500,   4.282,   4.837,   0.500,   0.055,   4.837,   0.500,   4.837,   0.500,   4.837
202608100506,   4.130,   4.690,9999.000,9999.000,9999.000,9999.000,9999.000,9999.000,9999.000
202608100512,   3.975,   4.519,9999.000,9999.000,9999.000,9999.000,9999.000,9999.000,9999.000
202608100518,   3.817,   4.339,9999.000,9999.000,9999.000,9999.000,9999.000,9999.000,9999.000
202608100524,   3.657,   4.159,9999.000,9999.000,9999.000,9999.000,9999.000,9999.000,9999.000
202608100530,   3.496,   3.988,9999.000,9999.000,9999.000,9999.000,9999.000,9999.000,9999.000
202608100536,   3.333,   3.827,9999.000,9999.000,9999.000,9999.000,9999.000,9999.000,9999.000
202608100542,   3.169,   3.670,9999.000,9999.000,9999.000,9999.000,9999.000,9999.000,9999.000
202608100548,   3.004,   3.499,9999.000,9999.000,9999.000,9999.000,9999.000,9999.000,9999.000
202608100554,   2.839,   3.329,9999.000,9999.000,9999.000,9999.000,9999.000,9999.000,9999.000
202608100600,   2.673,   3.168,   0.500,  -0.005,   3.168,   0.500,   3.168,   0.500,   3.168
202608100606,   2.507,   3.017,9999.000,9999.000,9999.000,9999.000,9999.000,9999.000,9999.000
202608100612,   2.342,   2.869,9999.000,9999.000,9999.000,9999.000,9999.000,9999.000,9999.000
202608100618,   2.178,   2.709,9999.000,9999.000,9999.000,9999.000,9999.000,9999.000,9999.000
202608100624,   2.014,   2.548,9999.000,9999.000,9999.000,9999.000,9999.000,9999.000,9999.000
202608100630,   1.852,   2.368,9999.000,9999.000,9999.000,9999.000,9999.000,9999.000,9999.000
202608100636,   1.692,   2.250,9999.000,9999.000,9999.000,9999.000,9999.000,9999.000,9999.000
202608100642,   1.533,   2.089,9999.000,9999.000,9999.000,9999.000,9999.000,9999.000,9999.000
202608100648,   1.377,   1.899,9999.000,9999.000,9999.000,9999.000,9999.000,9999.000,9999.000
202608100654,   1.223,   1.699,9999.000,9999.000,9999.000,9999.000,9999.000,9999.000,9999.000
202608100700,   1.072,   1.528,   0.500,  -0.044,   1.528,   0.500,   1.528,   0.500,   1.528
202608100706,   0.924,   1.371,9999.000,9999.000,9999.000,9999.000,9999.000,9999.000,9999.000
202608100712,   0.780,   1.239,9999.000,9999.000,9999.000,9999.000,9999.000,9999.000,9999.000
202608100718,   0.639,   1.128,9999.000,9999.000,9999.000,9999.000,9999.000,9999.000,9999.000
202608100724,   0.502,   1.069,9999.000,9999.000,9999.000,9999.000,9999.000,9999.000,9999.000
202608100730,   0.370,9999.000,9999.000,9999.000,9999.000,9999.000,9999.000,9999.000,9999.000
202608100736,   0.242,   0.810,9999.000,9999.000,9999.000,9999.000,9999.000,9999.000,9999.000
202608100742,   0.118,   0.659,9999.000,9999.000,9999.000,9999.000,9999.000,9999.000,9999.000
202608100748,   0.000,   0.508,9999.000,9999.000,9999.000,9999.000,9999.000,9999.000,9999.000
202608100754,  -0.113,  -0.124,9999.000,9999.000,9999.000,9999.000,9999.000,9999.000,9999.000
202608100800,  -0.221,   0.219,   0.500,  -0.060,   0.219,   0.500,   0.219,   0.600,   0.319
202608100806,  -0.324,9999.000,9999.000,9999.000,9999.000,9999.000,9999.000,9999.000,9999.000
202608100812,  -0.421,9999.000,9999.000,9999.000,9999.000,9999.000,9999.000,9999.000,9999.000
202608100818,  -0.512,9999.000,9999.000,9999.000,9999.000,9999.000,9999.000,9999.000,9999.000
202608100824,  -0.597,  -0.078,9999.000,9999.000,9999.000,9999.000,9999.000,9999.000,9999.000
202608100830,  -0.676,  -0.121,9999.000,9999.000,9999.000,9999.000,9999.000,9999.000,9999.000
202608100836,  -0.748,  -0.190,9999.000,9999.000,9999.000,9999.000,9999.000,9999.000,9999.000
202608100842,  -0.814,  -0.268,9999.000,9999.000,9999.000,9999.000,9999.000,9999.000,9999.000
202608100848,  -0.874,  -0.360,9999.000,9999.000,9999.000,9999.000,9999.000,9999.000,9999.000
202608100854,  -0.927,  -0.419,9999.000,9999.000,9999.000,9999.000,9999.000,9999.000,9999.000
202608100900,  -0.974,  -0.459,   0.600,  -0.085,  -0.459,   0.600,  -0.459,   0.600,  -0.459
202608100906,  -1.014,  -0.508,9999.000,9999.000,9999.000,9999.000,9999.000,9999.000,9999.000
202608100912,  -1.047,  -0.560,9999.000,9999.000,9999.000,9999.000,9999.000,9999.000,9999.000
202608100918,  -1.073,  -0.610,9999.000,9999.000,9999.000,9999.000,9999.000,9999.000,9999.000
202608100924,  -1.092,  -0.649,9999.000,9999.000,9999.000,9999.000,9999.000,9999.000,9999.000
202608100930,  -1.105,  -0.678,9999.000,9999.000,9999.000,9999.000,9999.000,9999.000,9999.000
202608100936,  -1.111,  -0.659,9999.000,9999.000,9999.000,9999.000,9999.000,9999.000,9999.000
202608100942,  -1.110,  -0.649,9999.000,9999.000,9999.000,9999.000,9999.000,9999.000,9999.000
202608100948,  -1.102,  -0.639,9999.000,9999.000,9999.000,9999.000,9999.000,9999.000,9999.000
202608100954,  -1.088,  -0.580,9999.000,9999.000,9999.000,9999.000,9999.000,9999.000,9999.000
202608101000,  -1.068,  -0.541,   0.500,   0.027,  -0.541,   0.500,  -0.541,   0.500,  -0.541
202608101006,  -1.041,  -0.518,9999.000,9999.000,9999.000,9999.000,9999.000,9999.000,9999.000
202608101012,  -1.007,  -0.498,9999.000,9999.000,9999.000,9999.000,9999.000,9999.000,9999.000
202608101018,  -0.968,  -0.469,9999.000,9999.000,9999.000,9999.000,9999.000,9999.000,9999.000
202608101024,  -0.922,  -0.498,9999.000,9999.000,9999.000,9999.000,9999.000,9999.000,9999.000
202608101030,  -0.870,  -0.518,9999.000,9999.000,9999.000,9999.000,9999.000,9999.000,9999.000
202608101036,  -0.813,  -0.478,9999.000,9999.000,9999.000,9999.000,9999.000,9999.000,9999.000
202608101042,  -0.750,  -0.370,9999.000,9999.000,9999.000,9999.000,9999.000,9999.000,9999.000
202608101048,  -0.681,  -0.268,9999.000,9999.000,9999.000,9999.000,9999.000,9999.000,9999.000
202608101054,  -0.607,  -0.209,9999.000,9999.000,9999.000,9999.000,9999.000,9999.000,9999.000
202608101100,  -0.529,  -0.111,   0.500,  -0.082,  -0.111,   0.500,  -0.111,   0.500,  -0.111
202608101106,  -0.445,  -0.009,9999.000,9999.000,9999.000,9999.000,9999.000,9999.000,9999.000
202608101112,  -0.357,   0.068,9999.000,9999.000,9999.000,9999.000,9999.000,9999.000,9999.000
202608101118,  -0.265,   0.121,9999.000,9999.000,9999.000,9999.000,9999.000,9999.000,9999.000
202608101124,  -0.168,   0.170,9999.000,9999.000,9999.000,9999.000,9999.000,9999.000,9999.000
202608101130,  -0.068,   0.249,9999.000,9999.000,9999.000,9999.000,9999.000,9999.000,9999.000
202608101136,   0.035,   0.390,9999.000,9999.000,9999.000,9999.000,9999.000,9999.000,9999.000
202608101142,   0.143,   0.488,9999.000,9999.000,9999.000,9999.000,9999.000,9999.000,9999.000
202608101148,   0.253,   0.669,9999.000,9999.000,9999.000,9999.000,9999.000,9999.000,9999.000
202608101154,   0.366,   0.839,9999.000,9999.000,9999.000,9999.000,9999.000,9999.000,9999.000
202608101200,   0.482,   0.970,   0.500,  -0.012,   0.970,   0.500,   0.970,   0.500,   0.970
202608101206,   0.600,   1.049,9999.000,9999.000,9999.000,9999.000,9999.000,9999.000,9999.000
202608101212,   0.719,   1.151,9999.000,9999.000,9999.000,9999.000,9999.000,9999.000,9999.000
202608101218,   0.841,   1.289,9999.000,9999.000,9999.000,9999.000,9999.000,9999.000,9999.000
202608101224,   0.963,   1.371,9999.000,9999.000,9999.000,9999.000,9999.000,9999.000,9999.000
202608101230,   1.087,   1.508,9999.000,9999.000,9999.000,9999.000,9999.000,9999.000,9999.000
202608101236,   1.211,   1.600,9999.000,9999.000,9999.000,9999.000,9999.000,9999.000,9999.000
202608101242,   1.336,   1.748,9999.000,9999.000,9999.000,9999.000,9999.000,9999.000,9999.000
202608101248,   1.461,   1.790,9999.000,9999.000,9999.000,9999.000,9999.000,9999.000,9999.000
202608101254,   1.586,   1.928,9999.000,9999.000,9999.000,9999.000,9999.000,9999.000,9999.000
202608101300,   1.710,   2.069,   0.500,  -0.141,   2.069,   0.500,   2.069,   0.500,   2.069
202608101306,   1.834,   2.250,9999.000,9999.000,9999.000,9999.000,9999.000,9999.000,9999.000
202608101312,   1.957,   2.338,9999.000,9999.000,9999.000,9999.000,9999.000,9999.000,9999.000
202608101318,   2.078,   2.440,9999.000,9999.000,9999.000,9999.000,9999.000,9999.000,9999.000
202608101324,   2.198,   2.578,9999.000,9999.000,9999.000,9999.000,9999.000,9999.000,9999.000
202608101330,   2.315,   2.719,9999.000,9999.000,9999.000,9999.000,9999.000,9999.000,9999.000
202608101336,   2.431,   2.768,9999.000,9999.000,9999.000,9999.000,9999.000,9999.000,9999.000
202608101342,   2.545,   2.830,9999.000,9999.000,9999.000,9999.000,9999.000,9999.000,9999.000
202608101348,   2.656,   2.958,9999.000,9999.000,9999.000,9999.000,9999.000,9999.000,9999.000
202608101354,   2.764,   3.060,9999.000,9999.000,9999.000,9999.000,9999.000,9999.000,9999.000
202608101400,   2.869,   3.158,   0.500,  -0.211,   3.158,   0.500,   3.158,   0.500,   3.158
202608101406,   2.970,   3.270,9999.000,9999.000,9999.000,9999.000,9999.000,9999.000,9999.000
202608101412,   3.068,   3.440,9999.000,9999.000,9999.000,9999.000,9999.000,9999.000,9999.000
202608101418,   3.163,   3.548,9999.000,9999.000,9999.000,9999.000,9999.000,9999.000,9999.000
202608101424,   3.254,   3.670,9999.000,9999.000,9999.000,9999.000,9999.000,9999.000,9999.000
202608101430,   3.340,   3.749,9999.000,9999.000,9999.000,9999.000,9999.000,9999.000,9999.000
202608101436,   3.423,9999.000,9999.000,9999.000,9999.000,9999.000,9999.000,9999.000,9999.000
202608101442,   3.501,   3.899,9999.000,9999.000,9999.000,9999.000,9999.000,9999.000,9999.000
202608101448,   3.575,   3.988,9999.000,9999.000,9999.000,9999.000,9999.000,9999.000,9999.000
202608101454,   3.644,   4.047,9999.000,9999.000,9999.000,9999.000,9999.000,9999.000,9999.000
202608101500,   3.708,   4.119,   0.400,   0.011,   4.119,   0.400,   4.119,   0.500,   4.219
202608101506,   3.767,   4.149,9999.000,9999.000,9999.000,9999.000,9999.000,9999.000,9999.000
202608101512,   3.822,   4.178,9999.000,9999.000,9999.000,9999.000,9999.000,9999.000,9999.000
202608101518,   3.872,   4.218,9999.000,9999.000,9999.000,9999.000,9999.000,9999.000,9999.000
202608101524,   3.916,   4.280,9999.000,9999.000,9999.000,9999.000,9999.000,9999.000,9999.000
202608101530,   3.956,   4.280,9999.000,9999.000,9999.000,9999.000,9999.000,9999.000,9999.000
202608101536,   3.991,9999.000,9999.000,9999.000,9999.000,9999.000,9999.000,9999.000,9999.000
202608101542,   4.020,   4.388,9999.000,9999.000,9999.000,9999.000,9999.000,9999.000,9999.000
202608101548,   4.045,   4.467,9999.000,9999.000,9999.000,9999.000,9999.000,9999.000,9999.000
202608101554,   4.064,   4.490,9999.000,9999.000,9999.000,9999.000,9999.000,9999.000,9999.000
202608101600,   4.079,   4.509,   0.500,  -0.070,   4.509,   0.500,   4.509,   0.500,   4.509
202608101606,   4.088,   4.500,9999.000,9999.000,9999.000,9999.000,9999.000,9999.000,9999.000
202608101612,   4.093,   4.500,9999.000,9999.000,9999.000,9999.000,9999.000,9999.000,9999.000
202608101618,   4.092,   4.480,9999.000,9999.000,9999.000,9999.000,9999.000,9999.000,9999.000
202608101624,   4.088,   4.509,9999.000,9999.000,9999.000,9999.000,9999.000,9999.000,9999.000
202608101630,   4.078,   4.467,9999.000,9999.000,9999.000,9999.000,9999.000,9999.000,9999.000
202608101636,   4.064,   4.437,9999.000,9999.000,9999.000,9999.000,9999.000,9999.000,9999.000
202608101642,   4.046,   4.418,9999.000,9999.000,9999.000,9999.000,9999.000,9999.000,9999.000
202608101648,   4.023,   4.427,9999.000,9999.000,9999.000,9999.000,9999.000,9999.000,9999.000
202608101654,   3.996,   4.378,9999.000,9999.000,9999.000,9999.000,9999.000,9999.000,9999.000
202608101700,   3.966,   4.368,   0.500,  -0.098,   4.368,   0.500,   4.368,   0.500,   4.368
202608101706,   3.932,   4.329,9999.000,9999.000,9999.000,9999.000,9999.000,9999.000,9999.000
202608101712,   3.894,   4.290,9999.000,9999.000,9999.000,9999.000,9999.000,9999.000,9999.000
202608101718,   3.853,   4.237,9999.000,9999.000,9999.000,9999.000,9999.000,9999.000,9999.000
202608101724,   3.809,   4.218,9999.000,9999.000,9999.000,9999.000,9999.000,9999.000,9999.000
202608101730,   3.762,   4.178,9999.000,9999.000,9999.000,9999.000,9999.000,9999.000,9999.000
202608101736,   3.712,   4.129,9999.000,9999.000,9999.000,9999.000,9999.000,9999.000,9999.000
202608101742,   3.660,   4.090,9999.000,9999.000,9999.000,9999.000,9999.000,9999.000,9999.000
202608101748,   3.606,   4.070,9999.000,9999.000,9999.000,9999.000,9999.000,9999.000,9999.000
202608101754,   3.549,   4.047,9999.000,9999.000,9999.000,9999.000,9999.000,9999.000,9999.000
202608101800,   3.491,   4.017,   0.300,   0.226,   4.017,   0.300,   4.017,   0.400,   4.117
202608101806,   3.432,   3.949,9999.000,9999.000,9999.000,9999.000,9999.000,9999.000,9999.000
202608101812,   3.371,   3.870,9999.000,9999.000,9999.000,9999.000,9999.000,9999.000,9999.000
202608101818,   3.310,9999.000,9999.000,9999.000,9999.000,9999.000,9999.000,9999.000,9999.000
202608101824,   3.248,   3.739,9999.000,9999.000,9999.000,9999.000,9999.000,9999.000,9999.000
202608101830,   3.186,9999.000,9999.000,9999.000,9999.000,9999.000,9999.000,9999.000,9999.000
202608101836,   3.123,9999.000,9999.000,9999.000,9999.000,9999.000,9999.000,9999.000,9999.000
202608101842,   3.061,9999.000,9999.000,9999.000,9999.000,9999.000,9999.000,9999.000,9999.000
202608101848,   2.999,9999.000,9999.000,9999.000,9999.000,9999.000,9999.000,9999.000,9999.000
202608101854,   2.938,   3.499,9999.000,9999.000,9999.000,9999.000,9999.000,9999.000,9999.000
202608101900,   2.877,   3.450,   0.300,   0.273,   3.450,   0.300,   3.450,   0.300,   3.450
202608101906,   2.820,   3.378,9999.000,9999.000,9999.000,9999.000,9999.000,9999.000,9999.000
202608101912,   2.761,   3.279,9999.000,9999.000,9999.000,9999.000,9999.000,9999.000,9999.000
202608101918,   2.705,9999.000,9999.000,9999.000,9999.000,9999.000,9999.000,9999.000,9999.000
202608101924,   2.652,9999.000,9999.000,9999.000,9999.000,9999.000,9999.000,9999.000,9999.000
202608101930,   2.601,9999.000,9999.000,9999.000,9999.000,9999.000,9999.000,9999.000,9999.000
202608101936,   2.552,9999.000,9999.000,9999.000,9999.000,9999.000,9999.000,9999.000,9999.000
202608101942,   2.506,9999.000,9999.000,9999.000,9999.000,9999.000,9999.000,9999.000,9999.000
202608101948,   2.463,9999.000,9999.000,9999.000,9999.000,9999.000,9999.000,9999.000,9999.000
202608101954,   2.423,   2.761,9999.000,9999.000,9999.000,9999.000,9999.000,9999.000,9999.000
202608102000,   2.386,   3.017,   0.300,   0.331,   3.017,   0.300,   3.017,   0.400,   3.117
202608102006,   2.353,   3.007,9999.000,9999.000,9999.000,9999.000,9999.000,9999.000,9999.000
202608102012,   2.324,   2.958,9999.000,9999.000,9999.000,9999.000,9999.000,9999.000,9999.000
202608102018,   2.299,   2.909,9999.000,9999.000,9999.000,9999.000,9999.000,9999.000,9999.000
202608102024,   2.278,   2.840,9999.000,9999.000,9999.000,9999.000,9999.000,9999.000,9999.000
202608102030,   2.261,   2.758,9999.000,9999.000,9999.000,9999.000,9999.000,9999.000,9999.000
202608102036,   2.249,   2.709,9999.000,9999.000,9999.000,9999.000,9999.000,9999.000,9999.000
202608102042,   2.241,   2.699,9999.000,9999.000,9999.000,9999.000,9999.000,9999.000,9999.000
202608102048,   2.238,   2.728,9999.000,9999.000,9999.000,9999.000,9999.000,9999.000,9999.000
202608102054,   2.239,   2.728,9999.000,9999.000,9999.000,9999.000,9999.000,9999.000,9999.000
202608102100,   2.246,   2.748,   0.400,   0.102,   2.748,   0.400,   2.748,   0.400,   2.748
202608102106,   2.257,   2.728,9999.000,9999.000,9999.000,9999.000,9999.000,9999.000,9999.000
202608102112,   2.273,   2.778,9999.000,9999.000,9999.000,9999.000,9999.000,9999.000,9999.000
202608102118,   2.294,   2.778,9999.000,9999.000,9999.000,9999.000,9999.000,9999.000,9999.000
202608102124,   2.321,   2.709,9999.000,9999.000,9999.000,9999.000,9999.000,9999.000,9999.000
202608102130,   2.352,   2.738,9999.000,9999.000,9999.000,9999.000,9999.000,9999.000,9999.000
202608102136,   2.388,   2.840,9999.000,9999.000,9999.000,9999.000,9999.000,9999.000,9999.000
202608102142,   2.430,   2.860,9999.000,9999.000,9999.000,9999.000,9999.000,9999.000,9999.000
202608102148,   2.476,   2.909,9999.000,9999.000,9999.000,9999.000,9999.000,9999.000,9999.000
202608102154,   2.527,   2.938,9999.000,9999.000,9999.000,9999.000,9999.000,9999.000,9999.000
202608102200,   2.583,   3.050,   0.300,   0.167,   3.050,   0.300,   3.050,   0.400,   3.150
202608102206,   2.644,   3.129,9999.000,9999.000,9999.000,9999.000,9999.000,9999.000,9999.000
202608102212,   2.710,   3.250,9999.000,9999.000,9999.000,9999.000,9999.000,9999.000,9999.000
202608102218,   2.780,   3.309,9999.000,9999.000,9999.000,9999.000,9999.000,9999.000,9999.000
202608102224,   2.854,   3.407,9999.000,9999.000,9999.000,9999.000,9999.000,9999.000,9999.000
202608102230,   2.933,   3.460,9999.000,9999.000,9999.000,9999.000,9999.000,9999.000,9999.000
202608102236,   3.016,   3.509,9999.000,9999.000,9999.000,9999.000,9999.000,9999.000,9999.000
202608102242,   3.103,   3.539,9999.000,9999.000,9999.000,9999.000,9999.000,9999.000,9999.000
202608102248,   3.194,   3.627,9999.000,9999.000,9999.000,9999.000,9999.000,9999.000,9999.000
202608102254,   3.289,   3.689,9999.000,9999.000,9999.000,9999.000,9999.000,9999.000,9999.000
202608102300,   3.387,   3.808,   0.300,   0.121,   3.808,   0.300,   3.808,   0.300,   3.808
202608102306,   3.488,   3.929,9999.000,9999.000,9999.000,9999.000,9999.000,9999.000,9999.000
202608102312,   3.592,   4.099,9999.000,9999.000,9999.000,9999.000,9999.000,9999.000,9999.000
202608102318,   3.698,   4.188,9999.000,9999.000,9999.000,9999.000,9999.000,9999.000,9999.000
202608102324,   3.808,   4.267,9999.000,9999.000,9999.000,9999.000,9999.000,9999.000,9999.000
202608102330,   3.919,   4.339,9999.000,9999.000,9999.000,9999.000,9999.000,9999.000,9999.000
202608102336,   4.032,   4.378,9999.000,9999.000,9999.000,9999.000,9999.000,9999.000,9999.000
202608102342,   4.147,   4.549,9999.000,9999.000,9999.000,9999.000,9999.000,9999.000,9999.000
202608102348,   4.264,   4.637,9999.000,9999.000,9999.000,9999.000,9999.000,9999.000,9999.000
202608102354,   4.381,   4.778,9999.000,9999.000,9999.000,9999.000,9999.000,9999.000,9999.000
202608110000,   4.500,   4.808,   0.400,  -0.092,   4.808,   0.400,   4.808,   0.400,   4.808
202608110006,   4.619,   4.929,9999.000,9999.000,9999.000,9999.000,9999.000,9999.000,9999.000
202608110012,   4.738,   5.077,9999.000,9999.000,9999.000,9999.000,9999.000,9999.000,9999.000
202608110018,   4.856,   5.257,9999.000,9999.000,9999.000,9999.000,9999.000,9999.000,9999.000
202608110024,   4.975,   5.369,9999.000,9999.000,9999.000,9999.000,9999.000,9999.000,9999.000
202608110030,   5.093,   5.457,9999.000,9999.000,9999.000,9999.000,9999.000,9999.000,9999.000
202608110036,   5.209,   5.539,9999.000,9999.000,9999.000,9999.000,9999.000,9999.000,9999.000
202608110042,   5.325,   5.657,9999.000,9999.000,9999.000,9999.000,9999.000,9999.000,9999.000
202608110048,   5.438,   5.749,9999.000,9999.000,9999.000,9999.000,9999.000,9999.000,9999.000
202608110054,   5.550,   5.887,9999.000,9999.000,9999.000,9999.000,9999.000,9999.000,9999.000
202608110100,   5.659,   6.018,   0.400,  -0.041,   6.018,   0.400,   6.018,   0.400,   6.018
202608110106,   5.766,   6.179,9999.000,9999.000,9999.000,9999.000,9999.000,9999.000,9999.000
202608110112,   5.870,   6.307,9999.000,9999.000,9999.000,9999.000,9999.000,9999.000,9999.000
202608110118,   5.970,   6.438,9999.000,9999.000,9999.000,9999.000,9999.000,9999.000,9999.000
202608110124,   6.067,   6.497,9999.000,9999.000,9999.000,9999.000,9999.000,9999.000,9999.000
202608110130,   6.160,   6.537,9999.000,9999.000,9999.000,9999.000,9999.000,9999.000,9999.000
202608110136,   6.249,   6.579,9999.000,9999.000,9999.000,9999.000,9999.000,9999.000,9999.000
202608110142,   6.334,   6.678,9999.000,9999.000,9999.000,9999.000,9999.000,9999.000,9999.000
202608110148,   6.414,   6.717,9999.000,9999.000,9999.000,9999.000,9999.000,9999.000,9999.000
202608110154,   6.490,   6.828,9999.000,9999.000,9999.000,9999.000,9999.000,9999.000,9999.000
202608110200,   6.560,   6.947,   0.400,  -0.013,   6.947,   0.300,   6.847,   0.400,   6.947
202608110206,   6.624,   7.078,9999.000,9999.000,9999.000,9999.000,9999.000,9999.000,9999.000
202608110212,   6.684,   7.147,9999.000,9999.000,9999.000,9999.000,9999.000,9999.000,9999.000
202608110218,   6.737,   7.238,9999.000,9999.000,9999.000,9999.000,9999.000,9999.000,9999.000
202608110224,   6.784,   7.258,9999.000,9999.000,9999.000,9999.000,9999.000,9999.000,9999.000
202608110230,   6.826,   7.258,9999.000,9999.000,9999.000,9999.000,9999.000,9999.000,9999.000
202608110236,   6.860,   7.288,9999.000,9999.000,9999.000,9999.000,9999.000,9999.000,9999.000
202608110242,   6.889,   7.317,9999.000,9999.000,9999.000,9999.000,9999.000,9999.000,9999.000
202608110248,   6.910,   7.347,9999.000,9999.000,9999.000,9999.000,9999.000,9999.000,9999.000
202608110254,   6.925,   7.347,9999.000,9999.000,9999.000,9999.000,9999.000,9999.000,9999.000
202608110300,   6.933,   7.327,   0.300,   0.094,   7.327,   0.300,   7.327,   0.300,   7.327
202608110306,   6.934,   7.297,9999.000,9999.000,9999.000,9999.000,9999.000,9999.000,9999.000
202608110312,   6.928,   7.317,9999.000,9999.000,9999.000,9999.000,9999.000,9999.000,9999.000
202608110318,   6.915,   7.288,9999.000,9999.000,9999.000,9999.000,9999.000,9999.000,9999.000
202608110324,   6.895,   7.278,9999.000,9999.000,9999.000,9999.000,9999.000,9999.000,9999.000
202608110330,   6.867,   7.258,9999.000,9999.000,9999.000,9999.000,9999.000,9999.000,9999.000
202608110336,   6.832,   7.258,9999.000,9999.000,9999.000,9999.000,9999.000,9999.000,9999.000
202608110342,   6.790,   7.278,9999.000,9999.000,9999.000,9999.000,9999.000,9999.000,9999.000
202608110348,   6.741,   7.229,9999.000,9999.000,9999.000,9999.000,9999.000,9999.000,9999.000
202608110354,   6.684,   7.107,9999.000,9999.000,9999.000,9999.000,9999.000,9999.000,9999.000
202608110400,   6.621,   6.966,   0.400,  -0.055,   6.966,   0.300,   6.866,   0.400,   6.966
202608110406,   6.550,   6.917,9999.000,9999.000,9999.000,9999.000,9999.000,9999.000,9999.000
202608110412,   6.472,   6.887,9999.000,9999.000,9999.000,9999.000,9999.000,9999.000,9999.000
202608110418,   6.388,   6.868,9999.000,9999.000,9999.000,9999.000,9999.000,9999.000,9999.000
202608110424,   6.297,   6.809,9999.000,9999.000,9999.000,9999.000,9999.000,9999.000,9999.000
202608110430,   6.199,   6.687,9999.000,9999.000,9999.000,9999.000,9999.000,9999.000,9999.000
202608110436,   6.095,   6.628,9999.000,9999.000,9999.000,9999.000,9999.000,9999.000,9999.000
202608110442,   5.984,   6.546,9999.000,9999.000,9999.000,9999.000,9999.000,9999.000,9999.000
202608110448,   5.867,   6.418,9999.000,9999.000,9999.000,9999.000,9999.000,9999.000,9999.000
202608110454,   5.745,   6.268,9999.000,9999.000,9999.000,9999.000,9999.000,9999.000,9999.000
202608110500,   5.617,   6.117,   0.400,   0.100,   6.117,   0.300,   6.017,   0.400,   6.117
202608110506,   5.483,   6.008,9999.000,9999.000,9999.000,9999.000,9999.000,9999.000,9999.000
202608110512,   5.344,   5.828,9999.000,9999.000,9999.000,9999.000,9999.000,9999.000,9999.000
202608110518,   5.200,   5.687,9999.000,9999.000,9999.000,9999.000,9999.000,9999.000,9999.000
202608110524,   5.052,   5.559,9999.000,9999.000,9999.000,9999.000,9999.000,9999.000,9999.000
202608110530,   4.899,   5.408,9999.000,9999.000,9999.000,9999.000,9999.000,9999.000,9999.000
202608110536,   4.741,   5.247,9999.000,9999.000,9999.000,9999.000,9999.000,9999.000,9999.000
202608110542,   4.580,   5.120,9999.000,9999.000,9999.000,9999.000,9999.000,9999.000,9999.000
202608110548,   4.416,   4.929,9999.000,9999.000,9999.000,9999.000,9999.000,9999.000,9999.000
202608110554,   4.248,   4.729,9999.000,9999.000,9999.000,9999.000,9999.000,9999.000,9999.000
202608110600,   4.077,   4.549,   0.300,   0.172,   4.549,   0.300,   4.549,   0.400,   4.649
202608110606,   3.904,   4.349,9999.000,9999.000,9999.000,9999.000,9999.000,9999.000,9999.000
202608110612,   3.729,   4.129,9999.000,9999.000,9999.000,9999.000,9999.000,9999.000,9999.000
202608110618,   3.551,   3.939,9999.000,9999.000,9999.000,9999.000,9999.000,9999.000,9999.000
202608110624,   3.372,   3.768,9999.000,9999.000,9999.000,9999.000,9999.000,9999.000,9999.000
202608110630,   3.192,9999.000,9999.000,9999.000,9999.000,9999.000,9999.000,9999.000,9999.000
202608110636,   3.011,9999.000,9999.000,9999.000,9999.000,9999.000,9999.000,9999.000,9999.000
202608110642,   2.830,9999.000,9999.000,9999.000,9999.000,9999.000,9999.000,9999.000,9999.000
202608110648,   2.649,9999.000,9999.000,9999.000,9999.000,9999.000,9999.000,9999.000,9999.000
202608110654,   2.467,9999.000,9999.000,9999.000,9999.000,9999.000,9999.000,9999.000,9999.000
202608110700,   2.287,9999.000,   0.300,   0.158,   2.745,   0.300,   2.745,   0.400,   2.845
202608110706,   2.107,9999.000,9999.000,9999.000,9999.000,9999.000,9999.000,9999.000,9999.000
202608110712,   1.929,9999.000,9999.000,9999.000,9999.000,9999.000,9999.000,9999.000,9999.000
202608110718,   1.752,9999.000,9999.000,9999.000,9999.000,9999.000,9999.000,9999.000,9999.000
202608110724,   1.578,9999.000,9999.000,9999.000,9999.000,9999.000,9999.000,9999.000,9999.000
202608110730,   1.406,9999.000,9999.000,9999.000,9999.000,9999.000,9999.000,9999.000,9999.000
202608110736,   1.236,9999.000,9999.000,9999.000,9999.000,9999.000,9999.000,9999.000,9999.000
202608110742,   1.070,9999.000,9999.000,9999.000,9999.000,9999.000,9999.000,9999.000,9999.000
202608110748,   0.907,9999.000,9999.000,9999.000,9999.000,9999.000,9999.000,9999.000,9999.000
202608110754,   0.748,9999.000,9999.000,9999.000,9999.000,9999.000,9999.000,9999.000,9999.000
202608110800,   0.592,9999.000,   0.400,   0.144,   1.136,   0.400,   1.136,   0.400,   1.136
202608110806,   0.441,9999.000,9999.000,9999.000,9999.000,9999.000,9999.000,9999.000,9999.000
202608110812,   0.295,9999.000,9999.000,9999.000,9999.000,9999.000,9999.000,9999.000,9999.000
202608110818,   0.154,9999.000,9999.000,9999.000,9999.000,9999.000,9999.000,9999.000,9999.000
202608110824,   0.018,9999.000,9999.000,9999.000,9999.000,9999.000,9999.000,9999.000,9999.000
202608110830,  -0.112,9999.000,9999.000,9999.000,9999.000,9999.000,9999.000,9999.000,9999.000
202608110836,  -0.237,9999.000,9999.000,9999.000,9999.000,9999.000,9999.000,9999.000,9999.000
202608110842,  -0.356,9999.000,9999.000,9999.000,9999.000,9999.000,9999.000,9999.000,9999.000
202608110848,  -0.469,9999.000,9999.000,9999.000,9999.000,9999.000,9999.000,9999.000,9999.000
202608110854,  -0.575,9999.000,9999.000,9999.000,9999.000,9999.000,9999.000,9999.000,9999.000
202608110900,  -0.675,9999.000,   0.400,   0.130,  -0.145,   0.400,  -0.145,   0.400,  -0.145
202608110906,  -0.768,9999.000,9999.000,9999.000,9999.000,9999.000,9999.000,9999.000,9999.000
202608110912,  -0.855,9999.000,9999.000,9999.000,9999.000,9999.000,9999.000,9999.000,9999.000
202608110918,  -0.934,9999.000,9999.000,9999.000,9999.000,9999.000,9999.000,9999.000,9999.000
202608110924,  -1.006,9999.000,9999.000,9999.000,9999.000,9999.000,9999.000,9999.000,9999.000
202608110930,  -1.071,9999.000,9999.000,9999.000,9999.000,9999.000,9999.000,9999.000,9999.000
202608110936,  -1.128,9999.000,9999.000,9999.000,9999.000,9999.000,9999.000,9999.000,9999.000
202608110942,  -1.178,9999.000,9999.000,9999.000,9999.000,9999.000,9999.000,9999.000,9999.000
202608110948,  -1.220,9999.000,9999.000,9999.000,9999.000,9999.000,9999.000,9999.000,9999.000
202608110954,  -1.255,  -0.974,9999.000,9999.000,9999.000,9999.000,9999.000,9999.000,9999.000
202608111000,  -1.282,  -0.974,   0.300,   0.008,  -0.974,   0.300,  -0.974,   0.400,  -0.874
202608111006,  -1.302,9999.000,9999.000,9999.000,9999.000,9999.000,9999.000,9999.000,9999.000
202608111012,  -1.314,  -0.879,9999.000,9999.000,9999.000,9999.000,9999.000,9999.000,9999.000
202608111018,  -1.318,  -0.918,9999.000,9999.000,9999.000,9999.000,9999.000,9999.000,9999.000
202608111024,  -1.315,  -0.951,9999.000,9999.000,9999.000,9999.000,9999.000,9999.000,9999.000
202608111030,  -1.304,  -0.970,9999.000,9999.000,9999.000,9999.000,9999.000,9999.000,9999.000
202608111036,  -1.286,  -0.990,9999.000,9999.000,9999.000,9999.000,9999.000,9999.000,9999.000
202608111042,  -1.261,  -0.951,9999.000,9999.000,9999.000,9999.000,9999.000,9999.000,9999.000
202608111048,  -1.228,  -0.898,9999.000,9999.000,9999.000,9999.000,9999.000,9999.000,9999.000
202608111054,  -1.188,  -0.839,9999.000,9999.000,9999.000,9999.000,9999.000,9999.000,9999.000
202608111100,  -1.141,  -0.810,   0.400,  -0.069,  -0.810,   0.300,  -0.910,   0.400,  -0.810
202608111106,  -1.088,  -0.760,9999.000,9999.000,9999.000,9999.000,9999.000,9999.000,9999.000
202608111112,  -1.027,  -0.678,9999.000,9999.000,9999.000,9999.000,9999.000,9999.000,9999.000
202608111118,  -0.961,  -0.659,9999.000,9999.000,9999.000,9999.000,9999.000,9999.000,9999.000
202608111124,  -0.888,  -0.619,9999.000,9999.000,9999.000,9999.000,9999.000,9999.000,9999.000
202608111130,  -0.809,  -0.560,9999.000,9999.000,9999.000,9999.000,9999.000,9999.000,9999.000
202608111136,  -0.724,  -0.409,9999.000,9999.000,9999.000,9999.000,9999.000,9999.000,9999.000
202608111142,  -0.634,  -0.308,9999.000,9999.000,9999.000,9999.000,9999.000,9999.000,9999.000
202608111148,  -0.538,  -0.229,9999.000,9999.000,9999.000,9999.000,9999.000,9999.000,9999.000
202608111154,  -0.437,  -0.141,9999.000,9999.000,9999.000,9999.000,9999.000,9999.000,9999.000
202608111200,  -0.332,  -0.141,   0.400,  -0.209,  -0.141,   0.400,  -0.141,   0.400,  -0.141
202608111206,  -0.222,9999.000,9999.000,9999.000,9999.000,9999.000,9999.000,9999.000,9999.000
202608111212,  -0.107,9999.000,9999.000,9999.000,9999.000,9999.000,9999.000,9999.000,9999.000
202608111218,   0.010,9999.000,9999.000,9999.000,9999.000,9999.000,9999.000,9999.000,9999.000
202608111224,   0.132,9999.000,9999.000,9999.000,9999.000,9999.000,9999.000,9999.000,9999.000
202608111230,   0.257,9999.000,9999.000,9999.000,9999.000,9999.000,9999.000,9999.000,9999.000
202608111236,   0.385,9999.000,9999.000,9999.000,9999.000,9999.000,9999.000,9999.000,9999.000
202608111242,   0.515,9999.000,9999.000,9999.000,9999.000,9999.000,9999.000,9999.000,9999.000
202608111248,   0.648,9999.000,9999.000,9999.000,9999.000,9999.000,9999.000,9999.000,9999.000
202608111254,   0.783,9999.000,9999.000,9999.000,9999.000,9999.000,9999.000,9999.000,9999.000
202608111300,   0.920,9999.000,   0.400,   0.116,   1.436,   0.400,   1.436,   0.400,   1.436
202608111306,   1.058,9999.000,9999.000,9999.000,9999.000,9999.000,9999.000,9999.000,9999.000
202608111312,   1.197,9999.000,9999.000,9999.000,9999.000,9999.000,9999.000,9999.000,9999.000
202608111318,   1.337,9999.000,9999.000,9999.000,9999.000,9999.000,9999.000,9999.000,9999.000
202608111324,   1.476,9999.000,9999.000,9999.000,9999.000,9999.000,9999.000,9999.000,9999.000
202608111330,   1.616,9999.000,9999.000,9999.000,9999.000,9999.000,9999.000,9999.000,9999.000
202608111336,   1.756,9999.000,9999.000,9999.000,9999.000,9999.000,9999.000,9999.000,9999.000
202608111342,   1.894,9999.000,9999.000,9999.000,9999.000,9999.000,9999.000,9999.000,9999.000
202608111348,   2.032,9999.000,9999.000,9999.000,9999.000,9999.000,9999.000,9999.000,9999.000
202608111354,   2.168,9999.000,9999.000,9999.000,9999.000,9999.000,9999.000,9999.000,9999.000
202608111400,   2.303,9999.000,   0.400,   0.102,   2.805,   0.300,   2.705,   0.400,   2.805
202608111406,   2.435,9999.000,9999.000,9999.000,9999.000,9999.000,9999.000,9999.000,9999.000
202608111412,   2.566,9999.000,9999.000,9999.000,9999.000,9999.000,9999.000,9999.000,9999.000
202608111418,   2.693,9999.000,9999.000,9999.000,9999.000,9999.000,9999.000,9999.000,9999.000
202608111424,   2.818,9999.000,9999.000,9999.000,9999.000,9999.000,9999.000,9999.000,9999.000
202608111430,   2.940,9999.000,9999.000,9999.000,9999.000,9999.000,9999.000,9999.000,9999.000
202608111436,   3.058,9999.000,9999.000,9999.000,9999.000,9999.000,9999.000,9999.000,9999.000
202608111442,   3.172,9999.000,9999.000,9999.000,9999.000,9999.000,9999.000,9999.000,9999.000
202608111448,   3.283,9999.000,9999.000,9999.000,9999.000,9999.000,9999.000,9999.000,9999.000
202608111454,   3.389,9999.000,9999.000,9999.000,9999.000,9999.000,9999.000,9999.000,9999.000
202608111500,   3.491,9999.000,   0.300,   0.088,   3.879,   0.300,   3.879,   0.400,   3.979
202608111506,   3.589,9999.000,9999.000,9999.000,9999.000,9999.000,9999.000,9999.000,9999.000
202608111512,   3.681,9999.000,9999.000,9999.000,9999.000,9999.000,9999.000,9999.000,9999.000
202608111518,   3.769,9999.000,9999.000,9999.000,9999.000,9999.000,9999.000,9999.000,9999.000
202608111524,   3.851,9999.000,9999.000,9999.000,9999.000,9999.000,9999.000,9999.000,9999.000
202608111530,   3.928,9999.000,9999.000,9999.000,9999.000,9999.000,9999.000,9999.000,9999.000
202608111536,   4.000,9999.000,9999.000,9999.000,9999.000,9999.000,9999.000,9999.000,9999.000
202608111542,   4.066,9999.000,9999.000,9999.000,9999.000,9999.000,9999.000,9999.000,9999.000
202608111548,   4.127,9999.000,9999.000,9999.000,9999.000,9999.000,9999.000,9999.000,9999.000
202608111554,   4.181,9999.000,9999.000,9999.000,9999.000,9999.000,9999.000,9999.000,9999.000
202608111600,   4.230,9999.000,   0.400,   0.074,   4.704,   0.300,   4.604,   0.400,   4.704
202608111606,   4.274,9999.000,9999.000,9999.000,9999.000,9999.000,9999.000,9999.000,9999.000
202608111612,   4.311,9999.000,9999.000,9999.000,9999.000,9999.000,9999.000,9999.000,9999.000
202608111618,   4.342,9999.000,9999.000,9999.000,9999.000,9999.000,9999.000,9999.000,9999.000
202608111624,   4.367,9999.000,9999.000,9999.000,9999.000,9999.000,9999.000,9999.000,9999.000
202608111630,   4.387,9999.000,9999.000,9999.000,9999.000,9999.000,9999.000,9999.000,9999.000
202608111636,   4.400,9999.000,9999.000,9999.000,9999.000,9999.000,9999.000,9999.000,9999.000
202608111642,   4.408,9999.000,9999.000,9999.000,9999.000,9999.000,9999.000,9999.000,9999.000
202608111648,   4.410,9999.000,9999.000,9999.000,9999.000,9999.000,9999.000,9999.000,9999.000
202608111654,   4.406,9999.000,9999.000,9999.000,9999.000,9999.000,9999.000,9999.000,9999.000
202608111700,   4.397,9999.000,   0.400,   0.060,   4.857,   0.300,   4.757,   0.400,   4.857
202608111706,   4.382,9999.000,9999.000,9999.000,9999.000,9999.000,9999.000,9999.000,9999.000
202608111712,   4.362,9999.000,9999.000,9999.000,9999.000,9999.000,9999.000,9999.000,9999.000
202608111718,   4.337,9999.000,9999.000,9999.000,9999.000,9999.000,9999.000,9999.000,9999.000
202608111724,   4.306,9999.000,9999.000,9999.000,9999.000,9999.000,9999.000,9999.000,9999.000
202608111730,   4.271,9999.000,9999.000,9999.000,9999.000,9999.000,9999.000,9999.000,9999.000
202608111736,   4.231,9999.000,9999.000,9999.000,9999.000,9999.000,9999.000,9999.000,9999.000
202608111742,   4.186,9999.000,9999.000,9999.000,9999.000,9999.000,9999.000,9999.000,9999.000
202608111748,   4.138,9999.000,9999.000,9999.000,9999.000,9999.000,9999.000,9999.000,9999.000
202608111754,   4.085,9999.000,9999.000,9999.000,9999.000,9999.000,9999.000,9999.000,9999.000
202608111800,   4.028,9999.000,   0.300,   0.046,   4.374,   0.300,   4.374,   0.400,   4.474
202608111806,   3.968,9999.000,9999.000,9999.000,9999.000,9999.000,9999.000,9999.000,9999.000
202608111812,   3.904,9999.000,9999.000,9999.000,9999.000,9999.000,9999.000,9999.000,9999.000
202608111818,   3.837,9999.000,9999.000,9999.000,9999.000,9999.000,9999.000,9999.000,9999.000
202608111824,   3.768,9999.000,9999.000,9999.000,9999.000,9999.000,9999.000,9999.000,9999.000
202608111830,   3.696,9999.000,9999.000,9999.000,9999.000,9999.000,9999.000,9999.000,9999.000
202608111836,   3.621,9999.000,9999.000,9999.000,9999.000,9999.000,9999.000,9999.000,9999.000
202608111842,   3.545,9999.000,9999.000,9999.000,9999.000,9999.000,9999.000,9999.000,9999.000
202608111848,   3.467,9999.000,9999.000,9999.000,9999.000,9999.000,9999.000,9999.000,9999.000
202608111854,   3.388,9999.000,9999.000,9999.000,9999.000,9999.000,9999.000,9999.000,9999.000
202608111900,   3.308,9999.000,   0.300,   0.004,   3.612,   0.300,   3.612,   0.400,   3.712
202608111906,   3.227,9999.000,9999.000,9999.000,9999.000,9999.000,9999.000,9999.000,9999.000
202608111912,   3.145,9999.000,9999.000,9999.000,9999.000,9999.000,9999.000,9999.000,9999.000
202608111918,   3.064,9999.000,9999.000,9999.000,9999.000,9999.000,9999.000,9999.000,9999.000
202608111924,   2.983,9999.000,9999.000,9999.000,9999.000,9999.000,9999.000,9999.000,9999.000
202608111930,   2.902,9999.000,9999.000,9999.000,9999.000,9999.000,9999.000,9999.000,9999.000
202608111936,   2.822,9999.000,9999.000,9999.000,9999.000,9999.000,9999.000,9999.000,9999.000
202608111942,   2.743,9999.000,9999.000,9999.000,9999.000,9999.000,9999.000,9999.000,9999.000
202608111948,   2.666,9999.000,9999.000,9999.000,9999.000,9999.000,9999.000,9999.000,9999.000
202608111954,   2.590,9999.000,9999.000,9999.000,9999.000,9999.000,9999.000,9999.000,9999.000
202608112000,   2.517,9999.000,   0.400,   0.004,   2.921,   0.300,   2.821,   0.400,   2.921
202608112006,   2.446,9999.000,9999.000,9999.000,9999.000,9999.000,9999.000,9999.000,9999.000
202608112012,   2.377,9999.000,9999.000,9999.000,9999.000,9999.000,9999.000,9999.000,9999.000
202608112018,   2.312,9999.000,9999.000,9999.000,9999.000,9999.000,9999.000,9999.000,9999.000
202608112024,   2.249,9999.000,9999.000,9999.000,9999.000,9999.000,9999.000,9999.000,9999.000
202608112030,   2.190,9999.000,9999.000,9999.000,9999.000,9999.000,9999.000,9999.000,9999.000
202608112036,   2.135,9999.000,9999.000,9999.000,9999.000,9999.000,9999.000,9999.000,9999.000
202608112042,   2.084,9999.000,9999.000,9999.000,9999.000,9999.000,9999.000,9999.000,9999.000
202608112048,   2.037,9999.000,9999.000,9999.000,9999.000,9999.000,9999.000,9999.000,9999.000
202608112054,   1.994,9999.000,9999.000,9999.000,9999.000,9999.000,9999.000,9999.000,9999.000
202608112100,   1.956,9999.000,   0.400,   0.004,   2.360,   0.400,   2.360,   0.400,   2.360
202608112106,   1.922,9999.000,9999.000,9999.000,9999.000,9999.000,9999.000,9999.000,9999.000
202608112112,   1.894,9999.000,9999.000,9999.000,9999.000,9999.000,9999.000,9999.000,9999.000
202608112118,   1.870,9999.000,9999.000,9999.000,9999.000,9999.000,9999.000,9999.000,9999.000
202608112124,   1.852,9999.000,9999.000,9999.000,9999.000,9999.000,9999.000,9999.000,9999.000
202608112130,   1.839,9999.000,9999.000,9999.000,9999.000,9999.000,9999.000,9999.000,9999.000
202608112136,   1.832,9999.000,9999.000,9999.000,9999.000,9999.000,9999.000,9999.000,9999.000
202608112142,   1.831,9999.000,9999.000,9999.000,9999.000,9999.000,9999.000,9999.000,9999.000
202608112148,   1.835,9999.000,9999.000,9999.000,9999.000,9999.000,9999.000,9999.000,9999.000
202608112154,   1.844,9999.000,9999.000,9999.000,9999.000,9999.000,9999.000,9999.000,9999.000
202608112200,   1.860,9999.000,   0.400,   0.004,   2.264,   0.300,   2.164,   0.400,   2.264
202608112206,   1.881,9999.000,9999.000,9999.000,9999.000,9999.000,9999.000,9999.000,9999.000
202608112212,   1.909,9999.000,9999.000,9999.000,9999.000,9999.000,9999.000,9999.000,9999.000
202608112218,   1.942,9999.000,9999.000,9999.000,9999.000,9999.000,9999.000,9999.000,9999.000
202608112224,   1.981,9999.000,9999.000,9999.000,9999.000,9999.000,9999.000,9999.000,9999.000
202608112230,   2.026,9999.000,9999.000,9999.000,9999.000,9999.000,9999.000,9999.000,9999.000
202608112236,   2.076,9999.000,9999.000,9999.000,9999.000,9999.000,9999.000,9999.000,9999.000
202608112242,   2.132,9999.000,9999.000,9999.000,9999.000,9999.000,9999.000,9999.000,9999.000
202608112248,   2.194,9999.000,9999.000,9999.000,9999.000,9999.000,9999.000,9999.000,9999.000
202608112254,   2.262,9999.000,9999.000,9999.000,9999.000,9999.000,9999.000,9999.000,9999.000
202608112300,   2.334,9999.000,   0.400,   0.004,   2.738,   0.300,   2.638,   0.400,   2.738
202608112306,   2.412,9999.000,9999.000,9999.000,9999.000,9999.000,9999.000,9999.000,9999.000
202608112312,   2.495,9999.000,9999.000,9999.000,9999.000,9999.000,9999.000,9999.000,9999.000
202608112318,   2.583,9999.000,9999.000,9999.000,9999.000,9999.000,9999.000,9999.000,9999.000
202608112324,   2.676,9999.000,9999.000,9999.000,9999.000,9999.000,9999.000,9999.000,9999.000
202608112330,   2.773,9999.000,9999.000,9999.000,9999.000,9999.000,9999.000,9999.000,9999.000
202608112336,   2.874,9999.000,9999.000,9999.000,9999.000,9999.000,9999.000,9999.000,9999.000
202608112342,   2.980,9999.000,9999.000,9999.000,9999.000,9999.000,9999.000,9999.000,9999.000
202608112348,   3.089,9999.000,9999.000,9999.000,9999.000,9999.000,9999.000,9999.000,9999.000
202608112354,   3.202,9999.000,9999.000,9999.000,9999.000,9999.000,9999.000,9999.000,9999.000
202608120000,   3.318,9999.000,   0.400,   0.004,   3.722,   0.400,   3.722,   0.400,   3.722
202608120006,   3.438,9999.000,9999.000,9999.000,9999.000,9999.000,9999.000,9999.000,9999.000
202608120012,   3.560,9999.000,9999.000,9999.000,9999.000,9999.000,9999.000,9999.000,9999.000
202608120018,   3.684,9999.000,9999.000,9999.000,9999.000,9999.000,9999.000,9999.000,9999.000
202608120024,   3.811,9999.000,9999.000,9999.000,9999.000,9999.000,9999.000,9999.000,9999.000
202608120030,   3.939,9999.000,9999.000,9999.000,9999.000,9999.000,9999.000,9999.000,9999.000
202608120036,   4.069,9999.000,9999.000,9999.000,9999.000,9999.000,9999.000,9999.000,9999.000
202608120042,   4.201,9999.000,9999.000,9999.000,9999.000,9999.000,9999.000,9999.000,9999.000
202608120048,   4.333,9999.000,9999.000,9999.000,9999.000,9999.000,9999.000,9999.000,9999.000
202608120054,   4.465,9999.000,9999.000,9999.000,9999.000,9999.000,9999.000,9999.000,9999.000
202608120100,   4.598,9999.000,   0.400,   0.004,   5.002,   0.400,   5.002,   0.500,   5.102
202608120106,   4.731,9999.000,9999.000,9999.000,9999.000,9999.000,9999.000,9999.000,9999.000
202608120112,   4.863,9999.000,9999.000,9999.000,9999.000,9999.000,9999.000,9999.000,9999.000
202608120118,   4.994,9999.000,9999.000,9999.000,9999.000,9999.000,9999.000,9999.000,9999.000
202608120124,   5.124,9999.000,9999.000,9999.000,9999.000,9999.000,9999.000,9999.000,9999.000
202608120130,   5.252,9999.000,9999.000,9999.000,9999.000,9999.000,9999.000,9999.000,9999.000
202608120136,   5.378,9999.000,9999.000,9999.000,9999.000,9999.000,9999.000,9999.000,9999.000
202608120142,   5.502,9999.000,9999.000,9999.000,9999.000,9999.000,9999.000,9999.000,9999.000
202608120148,   5.624,9999.000,9999.000,9999.000,9999.000,9999.000,9999.000,9999.000,9999.000
202608120154,   5.742,9999.000,9999.000,9999.000,9999.000,9999.000,9999.000,9999.000,9999.000
202608120200,   5.858,9999.000,   0.400,   0.004,   6.262,   0.400,   6.262,   0.400,   6.262
202608120206,   5.969,9999.000,9999.000,9999.000,9999.000,9999.000,9999.000,9999.000,9999.000
202608120212,   6.077,9999.000,9999.000,9999.000,9999.000,9999.000,9999.000,9999.000,9999.000
202608120218,   6.180,9999.000,9999.000,9999.000,9999.000,9999.000,9999.000,9999.000,9999.000
202608120224,   6.279,9999.000,9999.000,9999.000,9999.000,9999.000,9999.000,9999.000,9999.000
202608120230,   6.373,9999.000,9999.000,9999.000,9999.000,9999.000,9999.000,9999.000,9999.000
202608120236,   6.461,9999.000,9999.000,9999.000,9999.000,9999.000,9999.000,9999.000,9999.000
202608120242,   6.545,9999.000,9999.000,9999.000,9999.000,9999.000,9999.000,9999.000,9999.000
202608120248,   6.622,9999.000,9999.000,9999.000,9999.000,9999.000,9999.000,9999.000,9999.000
202608120254,   6.694,9999.000,9999.000,9999.000,9999.000,9999.000,9999.000,9999.000,9999.000
202608120300,   6.759,9999.000,   0.400,   0.004,   7.163,   0.400,   7.163,   0.400,   7.163
202608120306,   6.818,9999.000,9999.000,9999.000,9999.000,9999.000,9999.000,9999.000,9999.000
202608120312,   6.871,9999.000,9999.000,9999.000,9999.000,9999.000,9999.000,9999.000,9999.000
202608120318,   6.917,9999.000,9999.000,9999.000,9999.000,9999.000,9999.000,9999.000,9999.000
202608120324,   6.955,9999.000,9999.000,9999.000,9999.000,9999.000,9999.000,9999.000,9999.000
202608120330,   6.987,9999.000,9999.000,9999.000,9999.000,9999.000,9999.000,9999.000,9999.000
202608120336,   7.011,9999.000,9999.000,9999.000,9999.000,9999.000,9999.000,9999.000,9999.000
202608120342,   7.028,9999.000,9999.000,9999.000,9999.000,9999.000,9999.000,9999.000,9999.000
202608120348,   7.037,9999.000,9999.000,9999.000,9999.000,9999.000,9999.000,9999.000,9999.000
202608120354,   7.039,9999.000,9999.000,9999.000,9999.000,9999.000,9999.000,9999.000,9999.000
202608120400,   7.033,9999.000,   0.400,   0.004,   7.437,   0.400,   7.437,   0.500,   7.537
202608120406,   7.019,9999.000,9999.000,9999.000,9999.000,9999.000,9999.000,9999.000,9999.000
202608120412,   6.998,9999.000,9999.000,9999.000,9999.000,9999.000,9999.000,9999.000,9999.000
202608120418,   6.969,9999.000,9999.000,9999.000,9999.000,9999.000,9999.000,9999.000,9999.000
202608120424,   6.931,9999.000,9999.000,9999.000,9999.000,9999.000,9999.000,9999.000,9999.000
202608120430,   6.887,9999.000,9999.000,9999.000,9999.000,9999.000,9999.000,9999.000,9999.000
202608120436,   6.834,9999.000,9999.000,9999.000,9999.000,9999.000,9999.000,9999.000,9999.000
202608120442,   6.774,9999.000,9999.000,9999.000,9999.000,9999.000,9999.000,9999.000,9999.000
202608120448,   6.706,9999.000,9999.000,9999.000,9999.000,9999.000,9999.000,9999.000,9999.000
202608120454,   6.630,9999.000,9999.000,9999.000,9999.000,9999.000,9999.000,9999.000,9999.000
202608120500,   6.547,9999.000,   0.400,   0.004,   6.951,   0.400,   6.951,   0.500,   7.051
202608120506,   6.457,9999.000,9999.000,9999.000,9999.000,9999.000,9999.000,9999.000,9999.000
202608120512,   6.360,9999.000,9999.000,9999.000,9999.000,9999.000,9999.000,9999.000,9999.000
202608120518,   6.255,9999.000,9999.000,9999.000,9999.000,9999.000,9999.000,9999.000,9999.000
202608120524,   6.144,9999.000,9999.000,9999.000,9999.000,9999.000,9999.000,9999.000,9999.000
202608120530,   6.027,9999.000,9999.000,9999.000,9999.000,9999.000,9999.000,9999.000,9999.000
202608120536,   5.903,9999.000,9999.000,9999.000,9999.000,9999.000,9999.000,9999.000,9999.000
202608120542,   5.772,9999.000,9999.000,9999.000,9999.000,9999.000,9999.000,9999.000,9999.000
202608120548,   5.636,9999.000,9999.000,9999.000,9999.000,9999.000,9999.000,9999.000,9999.000
202608120554,   5.494,9999.000,9999.000,9999.000,9999.000,9999.000,9999.000,9999.000,9999.000
202608120600,   5.347,9999.000,   0.300,   0.004,   5.651,   0.300,   5.651,   0.400,   5.751
202608120606,   5.195,9999.000,9999.000,9999.000,9999.000,9999.000,9999.000,9999.000,9999.000
202608120612,   5.038,9999.000,9999.000,9999.000,9999.000,9999.000,9999.000,9999.000,9999.000
202608120618,   4.876,9999.000,9999.000,9999.000,9999.000,9999.000,9999.000,9999.000,9999.000
202608120624,   4.711,9999.000,9999.000,9999.000,9999.000,9999.000,9999.000,9999.000,9999.000
202608120630,   4.541,9999.000,9999.000,9999.000,9999.000,9999.000,9999.000,9999.000,9999.000
202608120636,   4.368,9999.000,9999.000,9999.000,9999.000,9999.000,9999.000,9999.000,9999.000
202608120642,   4.192,9999.000,9999.000,9999.000,9999.000,9999.000,9999.000,9999.000,9999.000
202608120648,   4.013,9999.000,9999.000,9999.000,9999.000,9999.000,9999.000,9999.000,9999.000
202608120654,   3.832,9999.000,9999.000,9999.000,9999.000,9999.000,9999.000,9999.000,9999.000
202608120700,   3.649,9999.000,   0.400,   0.004,   4.053,   0.300,   3.953,   0.400,   4.053
202608120706,   3.464,9999.000,9999.000,9999.000,9999.000,9999.000,9999.000,9999.000,9999.000
202608120712,   3.278,9999.000,9999.000,9999.000,9999.000,9999.000,9999.000,9999.000,9999.000
202608120718,   3.091,9999.000,9999.000,9999.000,9999.000,9999.000,9999.000,9999.000,9999.000
202608120724,   2.903,9999.000,9999.000,9999.000,9999.000,9999.000,9999.000,9999.000,9999.000
202608120730,   2.716,9999.000,9999.000,9999.000,9999.000,9999.000,9999.000,9999.000,9999.000
202608120736,   2.528,9999.000,9999.000,9999.000,9999.000,9999.000,9999.000,9999.000,9999.000
202608120742,   2.341,9999.000,9999.000,9999.000,9999.000,9999.000,9999.000,9999.000,9999.000
202608120748,   2.156,9999.000,9999.000,9999.000,9999.000,9999.000,9999.000,9999.000,9999.000
202608120754,   1.971,9999.000,9999.000,9999.000,9999.000,9999.000,9999.000,9999.000,9999.000
202608120800,   1.789,9999.000,   0.400,   0.004,   2.193,   0.400,   2.193,   0.400,   2.193
202608120806,   1.609,9999.000,9999.000,9999.000,9999.000,9999.000,9999.000,9999.000,9999.000
202608120812,   1.431,9999.000,9999.000,9999.000,9999.000,9999.000,9999.000,9999.000,9999.000
202608120818,   1.257,9999.000,9999.000,9999.000,9999.000,9999.000,9999.000,9999.000,9999.000
202608120824,   1.085,9999.000,9999.000,9999.000,9999.000,9999.000,9999.000,9999.000,9999.000
202608120830,   0.918,9999.000,9999.000,9999.000,9999.000,9999.000,9999.000,9999.000,9999.000
202608120836,   0.754,9999.000,9999.000,9999.000,9999.000,9999.000,9999.000,9999.000,9999.000
202608120842,   0.595,9999.000,9999.000,9999.000,9999.000,9999.000,9999.000,9999.000,9999.000
202608120848,   0.440,9999.000,9999.000,9999.000,9999.000,9999.000,9999.000,9999.000,9999.000
202608120854,   0.290,9999.000,9999.000,9999.000,9999.000,9999.000,9999.000,9999.000,9999.000
202608120900,   0.146,9999.000,   0.400,   0.004,   0.550,   0.400,   0.550,   0.500,   0.650
202608120906,   0.007,9999.000,9999.000,9999.000,9999.000,9999.000,9999.000,9999.000,9999.000
202608120912,  -0.125,9999.000,9999.000,9999.000,9999.000,9999.000,9999.000,9999.000,9999.000
202608120918,  -0.252,9999.000,9999.000,9999.000,9999.000,9999.000,9999.000,9999.000,9999.000
202608120924,  -0.373,9999.000,9999.000,9999.000,9999.000,9999.000,9999.000,9999.000,9999.000
202608120930,  -0.486,9999.000,9999.000,9999.000,9999.000,9999.000,9999.000,9999.000,9999.000
202608120936,  -0.594,9999.000,9999.000,9999.000,9999.000,9999.000,9999.000,9999.000,9999.000
202608120942,  -0.694,9999.000,9999.000,9999.000,9999.000,9999.000,9999.000,9999.000,9999.000
202608120948,  -0.787,9999.000,9999.000,9999.000,9999.000,9999.000,9999.000,9999.000,9999.000
202608120954,  -0.872,9999.000,9999.000,9999.000,9999.000,9999.000,9999.000,9999.000,9999.000
202608121000,  -0.950,9999.000,   0.400,   0.004,  -0.546,   0.400,  -0.546,   0.400,  -0.546
202608121006,  -1.021,9999.000,9999.000,9999.000,9999.000,9999.000,9999.000,9999.000,9999.000
202608121012,  -1.083,9999.000,9999.000,9999.000,9999.000,9999.000,9999.000,9999.000,9999.000
202608121018,  -1.138,9999.000,9999.000,9999.000,9999.000,9999.000,9999.000,9999.000,9999.000
202608121024,  -1.185,9999.000,9999.000,9999.000,9999.000,9999.000,9999.000,9999.000,9999.000
202608121030,  -1.224,9999.000,9999.000,9999.000,9999.000,9999.000,9999.000,9999.000,9999.000
202608121036,  -1.254,9999.000,9999.000,9999.000,9999.000,9999.000,9999.000,9999.000,9999.000
202608121042,  -1.277,9999.000,9999.000,9999.000,9999.000,9999.000,9999.000,9999.000,9999.000
202608121048,  -1.292,9999.000,9999.000,9999.000,9999.000,9999.000,9999.000,9999.000,9999.000
202608121054,  -1.298,9999.000,9999.000,9999.000,9999.000,9999.000,9999.000,9999.000,9999.000
202608121100,  -1.297,9999.000,   0.400,   0.004,  -0.893,   0.400,  -0.893,   0.400,  -0.893
202608121106,  -1.287,9999.000,9999.000,9999.000,9999.000,9999.000,9999.000,9999.000,9999.000
202608121112,  -1.270,9999.000,9999.000,9999.000,9999.000,9999.000,9999.000,9999.000,9999.000
202608121118,  -1.245,9999.000,9999.000,9999.000,9999.000,9999.000,9999.000,9999.000,9999.000
202608121124,  -1.212,9999.000,9999.000,9999.000,9999.000,9999.000,9999.000,9999.000,9999.000
202608121130,  -1.172,9999.000,9999.000,9999.000,9999.000,9999.000,9999.000,9999.000,9999.000
202608121136,  -1.124,9999.000,9999.000,9999.000,9999.000,9999.000,9999.000,9999.000,9999.000
202608121142,  -1.069,9999.000,9999.000,9999.000,9999.000,9999.000,9999.000,9999.000,9999.000
202608121148,  -1.006,9999.000,9999.000,9999.000,9999.000,9999.000,9999.000,9999.000,9999.000
202608121154,  -0.937,9999.000,9999.000,9999.000,9999.000,9999.000,9999.000,9999.000,9999.000
202608121200,  -0.862,9999.000,   0.400,   0.004,  -0.458,   0.400,  -0.458,   0.500,  -0.358
202608121206,  -0.779,9999.000,9999.000,9999.000,9999.000,9999.000,9999.000,9999.000,9999.000
202608121212,  -0.691,9999.000,9999.000,9999.000,9999.000,9999.000,9999.000,9999.000,9999.000
202608121218,  -0.596,9999.000,9999.000,9999.000,9999.000,9999.000,9999.000,9999.000,9999.000
202608121224,  -0.496,9999.000,9999.000,9999.000,9999.000,9999.000,9999.000,9999.000,9999.000
202608121230,  -0.390,9999.000,9999.000,9999.000,9999.000,9999.000,9999.000,9999.000,9999.000
202608121236,  -0.280,9999.000,9999.000,9999.000,9999.000,9999.000,9999.000,9999.000,9999.000
202608121242,  -0.164,9999.000,9999.000,9999.000,9999.000,9999.000,9999.000,9999.000,9999.000
202608121248,  -0.044,9999.000,9999.000,9999.000,9999.000,9999.000,9999.000,9999.000,9999.000
202608121254,   0.080,9999.000,9999.000,9999.000,9999.000,9999.000,9999.000,9999.000,9999.000
202608121300,   0.208,9999.000,   0.400,   0.004,   0.612,   0.400,   0.612,   0.400,   0.612
202608121306,   0.340,9999.000,9999.000,9999.000,9999.000,9999.000,9999.000,9999.000,9999.000
202608121312,   0.475,9999.000,9999.000,9999.000,9999.000,9999.000,9999.000,9999.000,9999.000
202608121318,   0.613,9999.000,9999.000,9999.000,9999.000,9999.000,9999.000,9999.000,9999.000
202608121324,   0.754,9999.000,9999.000,9999.000,9999.000,9999.000,9999.000,9999.000,9999.000
202608121330,   0.897,9999.000,9999.000,9999.000,9999.000,9999.000,9999.000,9999.000,9999.000
202608121336,   1.041,9999.000,9999.000,9999.000,9999.000,9999.000,9999.000,9999.000,9999.000
202608121342,   1.187,9999.000,9999.000,9999.000,9999.000,9999.000,9999.000,9999.000,9999.000
202608121348,   1.334,9999.000,9999.000,9999.000,9999.000,9999.000,9999.000,9999.000,9999.000
202608121354,   1.482,9999.000,9999.000,9999.000,9999.000,9999.000,9999.000,9999.000,9999.000
202608121400,   1.630,9999.000,   0.400,   0.004,   2.034,   0.400,   2.034,   0.400,   2.034
202608121406,   1.778,9999.000,9999.000,9999.000,9999.000,9999.000,9999.000,9999.000,9999.000
202608121412,   1.925,9999.000,9999.000,9999.000,9999.000,9999.000,9999.000,9999.000,9999.000
202608121418,   2.072,9999.000,9999.000,9999.000,9999.000,9999.000,9999.000,9999.000,9999.000
202608121424,   2.218,9999.000,9999.000,9999.000,9999.000,9999.000,9999.000,9999.000,9999.000
202608121430,   2.363,9999.000,9999.000,9999.000,9999.000,9999.000,9999.000,9999.000,9999.000
202608121436,   2.505,9999.000,9999.000,9999.000,9999.000,9999.000,9999.000,9999.000,9999.000
202608121442,   2.645,9999.000,9999.000,9999.000,9999.000,9999.000,9999.000,9999.000,9999.000
202608121448,   2.783,9999.000,9999.000,9999.000,9999.000,9999.000,9999.000,9999.000,9999.000
202608121454,   2.919,9999.000,9999.000,9999.000,9999.000,9999.000,9999.000,9999.000,9999.000
202608121500,   3.051,9999.000,   0.400,   0.004,   3.455,   0.400,   3.455,   0.400,   3.455
202608121506,   3.179,9999.000,9999.000,9999.000,9999.000,9999.000,9999.000,9999.000,9999.000
202608121512,   3.304,9999.000,9999.000,9999.000,9999.000,9999.000,9999.000,9999.000,9999.000
202608121518,   3.425,9999.000,9999.000,9999.000,9999.000,9999.000,9999.000,9999.000,9999.000
202608121524,   3.542,9999.000,9999.000,9999.000,9999.000,9999.000,9999.000,9999.000,9999.000
202608121530,   3.654,9999.000,9999.000,9999.000,9999.000,9999.000,9999.000,9999.000,9999.000
202608121536,   3.761,9999.000,9999.000,9999.000,9999.000,9999.000,9999.000,9999.000,9999.000
202608121542,   3.864,9999.000,9999.000,9999.000,9999.000,9999.000,9999.000,9999.000,9999.000
202608121548,   3.961,9999.000,9999.000,9999.000,9999.000,9999.000,9999.000,9999.000,9999.000
202608121554,   4.053,9999.000,9999.000,9999.000,9999.000,9999.000,9999.000,9999.000,9999.000
202608121600,   4.139,9999.000,   0.400,   0.004,   4.543,   0.400,   4.543,   0.400,   4.543
202608121606,   4.220,9999.000,9999.000,9999.000,9999.000,9999.000,9999.000,9999.000,9999.000
202608121612,   4.294,9999.000,9999.000,9999.000,9999.000,9999.000,9999.000,9999.000,9999.000
202608121618,   4.363,9999.000,9999.000,9999.000,9999.000,9999.000,9999.000,9999.000,9999.000
202608121624,   4.425,9999.000,9999.000,9999.000,9999.000,9999.000,9999.000,9999.000,9999.000
202608121630,   4.481,9999.000,9999.000,9999.000,9999.000,9999.000,9999.000,9999.000,9999.000
202608121636,   4.531,9999.000,9999.000,9999.000,9999.000,9999.000,9999.000,9999.000,9999.000
202608121642,   4.575,9999.000,9999.000,9999.000,9999.000,9999.000,9999.000,9999.000,9999.000
202608121648,   4.612,9999.000,9999.000,9999.000,9999.000,9999.000,9999.000,9999.000,9999.000
202608121654,   4.642,9999.000,9999.000,9999.000,9999.000,9999.000,9999.000,9999.000,9999.000
202608121700,   4.666,9999.000,   0.400,   0.004,   5.070,   0.400,   5.070,   0.400,   5.070
202608121706,   4.684,9999.000,9999.000,9999.000,9999.000,9999.000,9999.000,9999.000,9999.000
202608121712,   4.695,9999.000,9999.000,9999.000,9999.000,9999.000,9999.000,9999.000,9999.000
202608121718,   4.700,9999.000,9999.000,9999.000,9999.000,9999.000,9999.000,9999.000,9999.000
202608121724,   4.698,9999.000,9999.000,9999.000,9999.000,9999.000,9999.000,9999.000,9999.000
202608121730,   4.690,9999.000,9999.000,9999.000,9999.000,9999.000,9999.000,9999.000,9999.000
202608121736,   4.676,9999.000,9999.000,9999.000,9999.000,9999.000,9999.000,9999.000,9999.000
202608121742,   4.656,9999.000,9999.000,9999.000,9999.000,9999.000,9999.000,9999.000,9999.000
202608121748,   4.630,9999.000,9999.000,9999.000,9999.000,9999.000,9999.000,9999.000,9999.000
202608121754,   4.598,9999.000,9999.000,9999.000,9999.000,9999.000,9999.000,9999.000,9999.000
202608121800,   4.560,9999.000,   0.400,   0.004,   4.964,   0.400,   4.964,   0.400,   4.964
202608121806,   4.517,9999.000,9999.000,9999.000,9999.000,9999.000,9999.000,9999.000,9999.000
202608121812,   4.469,9999.000,9999.000,9999.000,9999.000,9999.000,9999.000,9999.000,9999.000
202608121818,   4.416,9999.000,9999.000,9999.000,9999.000,9999.000,9999.000,9999.000,9999.000
202608121824,   4.358,9999.000,9999.000,9999.000,9999.000,9999.000,9999.000,9999.000,9999.000
202608121830,   4.295,9999.000,9999.000,9999.000,9999.000,9999.000,9999.000,9999.000,9999.000
202608121836,   4.228,9999.000,9999.000,9999.000,9999.000,9999.000,9999.000,9999.000,9999.000
202608121842,   4.157,9999.000,9999.000,9999.000,9999.000,9999.000,9999.000,9999.000,9999.000
202608121848,   4.083,9999.000,9999.000,9999.000,9999.000,9999.000,9999.000,9999.000,9999.000
202608121854,   4.004,9999.000,9999.000,9999.000,9999.000,9999.000,9999.000,9999.000,9999.000
202608121900,   3.923,9999.000,   0.400,   0.004,   4.327,   0.400,   4.327,   0.400,   4.327
202608121906,   3.838,9999.000,9999.000,9999.000,9999.000,9999.000,9999.000,9999.000,9999.000
202608121912,   3.751,9999.000,9999.000,9999.000,9999.000,9999.000,9999.000,9999.000,9999.000
202608121918,   3.661,9999.000,9999.000,9999.000,9999.000,9999.000,9999.000,9999.000,9999.000
202608121924,   3.570,9999.000,9999.000,9999.000,9999.000,9999.000,9999.000,9999.000,9999.000
202608121930,   3.477,9999.000,9999.000,9999.000,9999.000,9999.000,9999.000,9999.000,9999.000
202608121936,   3.382,9999.000,9999.000,9999.000,9999.000,9999.000,9999.000,9999.000,9999.000
202608121942,   3.287,9999.000,9999.000,9999.000,9999.000,9999.000,9999.000,9999.000,9999.000
202608121948,   3.190,9999.000,9999.000,9999.000,9999.000,9999.000,9999.000,9999.000,9999.000
202608121954,   3.094,9999.000,9999.000,9999.000,9999.000,9999.000,9999.000,9999.000,9999.000
202608122000,   2.997,9999.000,   0.400,   0.004,   3.401,   0.400,   3.401,   0.400,   3.401
202608122006,   2.901,9999.000,9999.000,9999.000,9999.000,9999.000,9999.000,9999.000,9999.000
202608122012,   2.806,9999.000,9999.000,9999.000,9999.000,9999.000,9999.000,9999.000,9999.000
202608122018,   2.711,9999.000,9999.000,9999.000,9999.000,9999.000,9999.000,9999.000,9999.000
202608122024,   2.618,9999.000,9999.000,9999.000,9999.000,9999.000,9999.000,9999.000,9999.000
202608122030,   2.527,9999.000,9999.000,9999.000,9999.000,9999.000,9999.000,9999.000,9999.000
202608122036,   2.437,9999.000,9999.000,9999.000,9999.000,9999.000,9999.000,9999.000,9999.000
202608122042,   2.350,9999.000,9999.000,9999.000,9999.000,9999.000,9999.000,9999.000,9999.000
202608122048,   2.266,9999.000,9999.000,9999.000,9999.000,9999.000,9999.000,9999.000,9999.000
202608122054,   2.184,9999.000,9999.000,9999.000,9999.000,9999.000,9999.000,9999.000,9999.000
202608122100,   2.106,9999.000,   0.500,   0.004,   2.610,   0.400,   2.510,   0.500,   2.610
202608122106,   2.031,9999.000,9999.000,9999.000,9999.000,9999.000,9999.000,9999.000,9999.000
202608122112,   1.960,9999.000,9999.000,9999.000,9999.000,9999.000,9999.000,9999.000,9999.000
202608122118,   1.893,9999.000,9999.000,9999.000,9999.000,9999.000,9999.000,9999.000,9999.000
202608122124,   1.830,9999.000,9999.000,9999.000,9999.000,9999.000,9999.000,9999.000,9999.000
202608122130,   1.772,9999.000,9999.000,9999.000,9999.000,9999.000,9999.000,9999.000,9999.000
202608122136,   1.719,9999.000,9999.000,9999.000,9999.000,9999.000,9999.000,9999.000,9999.000
202608122142,   1.671,9999.000,9999.000,9999.000,9999.000,9999.000,9999.000,9999.000,9999.000
202608122148,   1.628,9999.000,9999.000,9999.000,9999.000,9999.000,9999.000,9999.000,9999.000
202608122154,   1.590,9999.000,9999.000,9999.000,9999.000,9999.000,9999.000,9999.000,9999.000
202608122200,   1.558,9999.000,   0.400,   0.004,   1.962,   0.400,   1.962,   0.500,   2.062
202608122206,   1.532,9999.000,9999.000,9999.000,9999.000,9999.000,9999.000,9999.000,9999.000
202608122212,   1.511,9999.000,9999.000,9999.000,9999.000,9999.000,9999.000,9999.000,9999.000
202608122218,   1.497,9999.000,9999.000,9999.000,9999.000,9999.000,9999.000,9999.000,9999.000
202608122224,   1.489,9999.000,9999.000,9999.000,9999.000,9999.000,9999.000,9999.000,9999.000
202608122230,   1.486,9999.000,9999.000,9999.000,9999.000,9999.000,9999.000,9999.000,9999.000
202608122236,   1.490,9999.000,9999.000,9999.000,9999.000,9999.000,9999.000,9999.000,9999.000
202608122242,   1.501,9999.000,9999.000,9999.000,9999.000,9999.000,9999.000,9999.000,9999.000
202608122248,   1.517,9999.000,9999.000,9999.000,9999.000,9999.000,9999.000,9999.000,9999.000
202608122254,   1.540,9999.000,9999.000,9999.000,9999.000,9999.000,9999.000,9999.000,9999.000
202608122300,   1.570,9999.000,   0.400,   0.004,   1.974,   0.400,   1.974,   0.500,   2.074
202608122306,   1.606,9999.000,9999.000,9999.000,9999.000,9999.000,9999.000,9999.000,9999.000
202608122312,   1.648,9999.000,9999.000,9999.000,9999.000,9999.000,9999.000,9999.000,9999.000
202608122318,   1.696,9999.000,9999.000,9999.000,9999.000,9999.000,9999.000,9999.000,9999.000
202608122324,   1.750,9999.000,9999.000,9999.000,9999.000,9999.000,9999.000,9999.000,9999.000
202608122330,   1.811,9999.000,9999.000,9999.000,9999.000,9999.000,9999.000,9999.000,9999.000
202608122336,   1.877,9999.000,9999.000,9999.000,9999.000,9999.000,9999.000,9999.000,9999.000
202608122342,   1.949,9999.000,9999.000,9999.000,9999.000,9999.000,9999.000,9999.000,9999.000
202608122348,   2.027,9999.000,9999.000,9999.000,9999.000,9999.000,9999.000,9999.000,9999.000
202608122354,   2.110,9999.000,9999.000,9999.000,9999.000,9999.000,9999.000,9999.000,9999.000
202608130000,   2.199,9999.000,   0.500,   0.004,   2.703,   0.500,   2.703,   0.500,   2.703
202608130006,   2.293,9999.000,9999.000,9999.000,9999.000,9999.000,9999.000,9999.000,9999.000
202608130012,   2.392,9999.000,9999.000,9999.000,9999.000,9999.000,9999.000,9999.000,9999.000
202608130018,   2.495,9999.000,9999.000,9999.000,9999.000,9999.000,9999.000,9999.000,9999.000
202608130024,   2.603,9999.000,9999.000,9999.000,9999.000,9999.000,9999.000,9999.000,9999.000
202608130030,   2.715,9999.000,9999.000,9999.000,9999.000,9999.000,9999.000,9999.000,9999.000
202608130036,   2.831,9999.000,9999.000,9999.000,9999.000,9999.000,9999.000,9999.000,9999.000
202608130042,   2.950,9999.000,9999.000,9999.000,9999.000,9999.000,9999.000,9999.000,9999.000
202608130048,   3.073,9999.000,9999.000,9999.000,9999.000,9999.000,9999.000,9999.000,9999.000
202608130054,   3.199,9999.000,9999.000,9999.000,9999.000,9999.000,9999.000,9999.000,9999.000
202608130100,   3.328,9999.000,   0.500,   0.004,   3.832,   0.500,   3.832,   0.500,   3.832
202608130106,   3.459,9999.000,9999.000,9999.000,9999.000,9999.000,9999.000,9999.000,9999.000
202608130112,   3.593,9999.000,9999.000,9999.000,9999.000,9999.000,9999.000,9999.000,9999.000
202608130118,   3.728,9999.000,9999.000,9999.000,9999.000,9999.000,9999.000,9999.000,9999.000
202608130124,   3.864,9999.000,9999.000,9999.000,9999.000,9999.000,9999.000,9999.000,9999.000
202608130130,   4.001,9999.000,9999.000,9999.000,9999.000,9999.000,9999.000,9999.000,9999.000
202608130136,   4.139,9999.000,9999.000,9999.000,9999.000,9999.000,9999.000,9999.000,9999.000
202608130142,   4.278,9999.000,9999.000,9999.000,9999.000,9999.000,9999.000,9999.000,9999.000
202608130148,   4.416,9999.000,9999.000,9999.000,9999.000,9999.000,9999.000,9999.000,9999.000
202608130154,   4.554,9999.000,9999.000,9999.000,9999.000,9999.000,9999.000,9999.000,9999.000
202608130200,   4.691,9999.000,   0.500,   0.004,   5.195,   0.400,   5.095,   0.500,   5.195
202608130206,   4.827,9999.000,9999.000,9999.000,9999.000,9999.000,9999.000,9999.000,9999.000
202608130212,   4.962,9999.000,9999.000,9999.000,9999.000,9999.000,9999.000,9999.000,9999.000
202608130218,   5.094,9999.000,9999.000,9999.000,9999.000,9999.000,9999.000,9999.000,9999.000
202608130224,   5.225,9999.000,9999.000,9999.000,9999.000,9999.000,9999.000,9999.000,9999.000
202608130230,   5.353,9999.000,9999.000,9999.000,9999.000,9999.000,9999.000,9999.000,9999.000
202608130236,   5.477,9999.000,9999.000,9999.000,9999.000,9999.000,9999.000,9999.000,9999.000
202608130242,   5.599,9999.000,9999.000,9999.000,9999.000,9999.000,9999.000,9999.000,9999.000
202608130248,   5.717,9999.000,9999.000,9999.000,9999.000,9999.000,9999.000,9999.000,9999.000
202608130254,   5.831,9999.000,9999.000,9999.000,9999.000,9999.000,9999.000,9999.000,9999.000
202608130300,   5.940,9999.000,   0.400,   0.004,   6.344,   0.400,   6.344,   0.500,   6.444
202608130306,   6.045,9999.000,9999.000,9999.000,9999.000,9999.000,9999.000,9999.000,9999.000
202608130312,   6.145,9999.000,9999.000,9999.000,9999.000,9999.000,9999.000,9999.000,9999.000
202608130318,   6.240,9999.000,9999.000,9999.000,9999.000,9999.000,9999.000,9999.000,9999.000
202608130324,   6.330,9999.000,9999.000,9999.000,9999.000,9999.000,9999.000,9999.000,9999.000
202608130330,   6.413,9999.000,9999.000,9999.000,9999.000,9999.000,9999.000,9999.000,9999.000
202608130336,   6.491,9999.000,9999.000,9999.000,9999.000,9999.000,9999.000,9999.000,9999.000
202608130342,   6.562,9999.000,9999.000,9999.000,9999.000,9999.000,9999.000,9999.000,9999.000
202608130348,   6.627,9999.000,9999.000,9999.000,9999.000,9999.000,9999.000,9999.000,9999.000
202608130354,   6.685,9999.000,9999.000,9999.000,9999.000,9999.000,9999.000,9999.000,9999.000
202608130400,   6.736,9999.000,   0.500,   0.004,   7.240,   0.500,   7.240,   0.500,   7.240
202608130406,   6.780,9999.000,9999.000,9999.000,9999.000,9999.000,9999.000,9999.000,9999.000
202608130412,   6.817,9999.000,9999.000,9999.000,9999.000,9999.000,9999.000,9999.000,9999.000
202608130418,   6.846,9999.000,9999.000,9999.000,9999.000,9999.000,9999.000,9999.000,9999.000
202608130424,   6.868,9999.000,9999.000,9999.000,9999.000,9999.000,9999.000,9999.000,9999.000
202608130430,   6.882,9999.000,9999.000,9999.000,9999.000,9999.000,9999.000,9999.000,9999.000
202608130436,   6.889,9999.000,9999.000,9999.000,9999.000,9999.000,9999.000,9999.000,9999.000
202608130442,   6.888,9999.000,9999.000,9999.000,9999.000,9999.000,9999.000,9999.000,9999.000
202608130448,   6.878,9999.000,9999.000,9999.000,9999.000,9999.000,9999.000,9999.000,9999.000
202608130454,   6.861,9999.000,9999.000,9999.000,9999.000,9999.000,9999.000,9999.000,9999.000
202608130500,   6.836,9999.000,   0.500,   0.004,   7.340,   0.500,   7.340,   0.500,   7.340
202608130506,   6.803,9999.000,9999.000,9999.000,9999.000,9999.000,9999.000,9999.000,9999.000
202608130512,   6.762,9999.000,9999.000,9999.000,9999.000,9999.000,9999.000,9999.000,9999.000
202608130518,   6.714,9999.000,9999.000,9999.000,9999.000,9999.000,9999.000,9999.000,9999.000
202608130524,   6.657,9999.000,9999.000,9999.000,9999.000,9999.000,9999.000,9999.000,9999.000
202608130530,   6.593,9999.000,9999.000,9999.000,9999.000,9999.000,9999.000,9999.000,9999.000
202608130536,   6.521,9999.000,9999.000,9999.000,9999.000,9999.000,9999.000,9999.000,9999.000
202608130542,   6.442,9999.000,9999.000,9999.000,9999.000,9999.000,9999.000,9999.000,9999.000
202608130548,   6.355,9999.000,9999.000,9999.000,9999.000,9999.000,9999.000,9999.000,9999.000
202608130554,   6.262,9999.000,9999.000,9999.000,9999.000,9999.000,9999.000,9999.000,9999.000
202608130600,   6.161,9999.000,   0.400,   0.004,   6.565,   0.400,   6.565,   0.500,   6.665
202608130606,   6.053,9999.000,9999.000,9999.000,9999.000,9999.000,9999.000,9999.000,9999.000
202608130612,   5.939,9999.000,9999.000,9999.000,9999.000,9999.000,9999.000,9999.000,9999.000
202608130618,   5.818,9999.000,9999.000,9999.000,9999.000,9999.000,9999.000,9999.000,9999.000
202608130624,   5.691,9999.000,9999.000,9999.000,9999.000,9999.000,9999.000,9999.000,9999.000
202608130630,   5.558,9999.000,9999.000,9999.000,9999.000,9999.000,9999.000,9999.000,9999.000
202608130636,   5.420,9999.000,9999.000,9999.000,9999.000,9999.000,9999.000,9999.000,9999.000
202608130642,   5.276,9999.000,9999.000,9999.000,9999.000,9999.000,9999.000,9999.000,9999.000
202608130648,   5.127,9999.000,9999.000,9999.000,9999.000,9999.000,9999.000,9999.000,9999.000
202608130654,   4.974,9999.000,9999.000,9999.000,9999.000,9999.000,9999.000,9999.000,9999.000
202608130700,   4.816,9999.000,   0.400,   0.004,   5.220,   0.400,   5.220,   0.500,   5.320
202608130706,   4.654,9999.000,9999.000,9999.000,9999.000,9999.000,9999.000,9999.000,9999.000
202608130712,   4.488,9999.000,9999.000,9999.000,9999.000,9999.000,9999.000,9999.000,9999.000
202608130718,   4.318,9999.000,9999.000,9999.000,9999.000,9999.000,9999.000,9999.000,9999.000
202608130724,   4.146,9999.000,9999.000,9999.000,9999.000,9999.000,9999.000,9999.000,9999.000
202608130730,   3.971,9999.000,9999.000,9999.000,9999.000,9999.000,9999.000,9999.000,9999.000
202608130736,   3.794,9999.000,9999.000,9999.000,9999.000,9999.000,9999.000,9999.000,9999.000
202608130742,   3.615,9999.000,9999.000,9999.000,9999.000,9999.000,9999.000,9999.000,9999.000
202608130748,   3.434,9999.000,9999.000,9999.000,9999.000,9999.000,9999.000,9999.000,9999.000
202608130754,   3.252,9999.000,9999.000,9999.000,9999.000,9999.000,9999.000,9999.000,9999.000
202608130800,   3.069,9999.000,   0.500,   0.004,   3.573,   0.400,   3.473,   0.500,   3.573
202608130806,   2.886,9999.000,9999.000,9999.000,9999.000,9999.000,9999.000,9999.000,9999.000
202608130812,   2.703,9999.000,9999.000,9999.000,9999.000,9999.000,9999.000,9999.000,9999.000
202608130818,   2.521,9999.000,9999.000,9999.000,9999.000,9999.000,9999.000,9999.000,9999.000
202608130824,   2.339,9999.000,9999.000,9999.000,9999.000,9999.000,9999.000,9999.000,9999.000
202608130830,   2.159,9999.000,9999.000,9999.000,9999.000,9999.000,9999.000,9999.000,9999.000
202608130836,   1.980,9999.000,9999.000,9999.000,9999.000,9999.000,9999.000,9999.000,9999.000
202608130842,   1.803,9999.000,9999.000,9999.000,9999.000,9999.000,9999.000,9999.000,9999.000
202608130848,   1.629,9999.000,9999.000,9999.000,9999.000,9999.000,9999.000,9999.000,9999.000
202608130854,   1.457,9999.000,9999.000,9999.000,9999.000,9999.000,9999.000,9999.000,9999.000
202608130900,   1.289,9999.000,   0.500,   0.004,   1.793,   0.500,   1.793,   0.500,   1.793
202608130906,   1.124,9999.000,9999.000,9999.000,9999.000,9999.000,9999.000,9999.000,9999.000
202608130912,   0.962,9999.000,9999.000,9999.000,9999.000,9999.000,9999.000,9999.000,9999.000
202608130918,   0.805,9999.000,9999.000,9999.000,9999.000,9999.000,9999.000,9999.000,9999.000
202608130924,   0.653,9999.000,9999.000,9999.000,9999.000,9999.000,9999.000,9999.000,9999.000
202608130930,   0.505,9999.000,9999.000,9999.000,9999.000,9999.000,9999.000,9999.000,9999.000
202608130936,   0.363,9999.000,9999.000,9999.000,9999.000,9999.000,9999.000,9999.000,9999.000
202608130942,   0.225,9999.000,9999.000,9999.000,9999.000,9999.000,9999.000,9999.000,9999.000
202608130948,   0.094,9999.000,9999.000,9999.000,9999.000,9999.000,9999.000,9999.000,9999.000
202608130954,  -0.030,9999.000,9999.000,9999.000,9999.000,9999.000,9999.000,9999.000,9999.000
202608131000,  -0.149,9999.000,   0.400,   0.004,   0.255,   0.400,   0.255,   0.500,   0.355
202608131006,  -0.262,9999.000,9999.000,9999.000,9999.000,9999.000,9999.000,9999.000,9999.000
202608131012,  -0.368,9999.000,9999.000,9999.000,9999.000,9999.000,9999.000,9999.000,9999.000
202608131018,  -0.466,9999.000,9999.000,9999.000,9999.000,9999.000,9999.000,9999.000,9999.000
202608131024,  -0.558,9999.000,9999.000,9999.000,9999.000,9999.000,9999.000,9999.000,9999.000
202608131030,  -0.643,9999.000,9999.000,9999.000,9999.000,9999.000,9999.000,9999.000,9999.000
202608131036,  -0.720,9999.000,9999.000,9999.000,9999.000,9999.000,9999.000,9999.000,9999.000
202608131042,  -0.789,9999.000,9999.000,9999.000,9999.000,9999.000,9999.000,9999.000,9999.000
202608131048,  -0.851,9999.000,9999.000,9999.000,9999.000,9999.000,9999.000,9999.000,9999.000
202608131054,  -0.904,9999.000,9999.000,9999.000,9999.000,9999.000,9999.000,9999.000,9999.000
202608131100,  -0.950,9999.000,   0.400,   0.004,  -0.546,   0.400,  -0.546,   0.500,  -0.446
202608131106,  -0.988,9999.000,9999.000,9999.000,9999.000,9999.000,9999.000,9999.000,9999.000
202608131112,  -1.018,9999.000,9999.000,9999.000,9999.000,9999.000,9999.000,9999.000,9999.000
202608131118,  -1.040,9999.000,9999.000,9999.000,9999.000,9999.000,9999.000,9999.000,9999.000
202608131124,  -1.054,9999.000,9999.000,9999.000,9999.000,9999.000,9999.000,9999.000,9999.000
202608131130,  -1.059,9999.000,9999.000,9999.000,9999.000,9999.000,9999.000,9999.000,9999.000
202608131136,  -1.057,9999.000,9999.000,9999.000,9999.000,9999.000,9999.000,9999.000,9999.000
202608131142,  -1.047,9999.000,9999.000,9999.000,9999.000,9999.000,9999.000,9999.000,9999.000
202608131148,  -1.028,9999.000,9999.000,9999.000,9999.000,9999.000,9999.000,9999.000,9999.000
202608131154,  -1.002,9999.000,9999.000,9999.000,9999.000,9999.000,9999.000,9999.000,9999.000
202608131200,  -0.969,9999.000,   0.500,   0.004,  -0.465,   0.400,  -0.565,   0.500,  -0.465
202608131206,  -0.927,9999.000,9999.000,9999.000,9999.000,9999.000,9999.000,9999.000,9999.000
202608131212,  -0.878,9999.000,9999.000,9999.000,9999.000,9999.000,9999.000,9999.000,9999.000
202608131218,  -0.822,9999.000,9999.000,9999.000,9999.000,9999.000,9999.000,9999.000,9999.000
202608131224,  -0.759,9999.000,9999.000,9999.000,9999.000,9999.000,9999.000,9999.000,9999.000
202608131230,  -0.689,9999.000,9999.000,9999.000,9999.000,9999.000,9999.000,9999.000,9999.000
202608131236,  -0.612,9999.000,9999.000,9999.000,9999.000,9999.000,9999.000,9999.000,9999.000
202608131242,  -0.529,9999.000,9999.000,9999.000,9999.000,9999.000,9999.000,9999.000,9999.000
202608131248,  -0.439,9999.000,9999.000,9999.000,9999.000,9999.000,9999.000,9999.000,9999.000
202608131254,  -0.343,9999.000,9999.000,9999.000,9999.000,9999.000,9999.000,9999.000,9999.000
202608131300,  -0.242,9999.000,   0.500,   0.004,   0.262,   0.400,   0.162,   0.500,   0.262
202608131306,  -0.135,9999.000,9999.000,9999.000,9999.000,9999.000,9999.000,9999.000,9999.000
202608131312,  -0.023,9999.000,9999.000,9999.000,9999.000,9999.000,9999.000,9999.000,9999.000
202608131318,   0.093,9999.000,9999.000,9999.000,9999.000,9999.000,9999.000,9999.000,9999.000
202608131324,   0.214,9999.000,9999.000,9999.000,9999.000,9999.000,9999.000,9999.000,9999.000
202608131330,   0.340,9999.000,9999.000,9999.000,9999.000,9999.000,9999.000,9999.000,9999.000
202608131336,   0.470,9999.000,9999.000,9999.000,9999.000,9999.000,9999.000,9999.000,9999.000
202608131342,   0.603,9999.000,9999.000,9999.000,9999.000,9999.000,9999.000,9999.000,9999.000
202608131348,   0.739,9999.000,9999.000,9999.000,9999.000,9999.000,9999.000,9999.000,9999.000
202608131354,   0.879,9999.000,9999.000,9999.000,9999.000,9999.000,9999.000,9999.000,9999.000
202608131400,   1.020,9999.000,   0.400,   0.004,   1.424,   0.400,   1.424,   0.500,   1.524
202608131406,   1.164,9999.000,9999.000,9999.000,9999.000,9999.000,9999.000,9999.000,9999.000
202608131412,   1.310,9999.000,9999.000,9999.000,9999.000,9999.000,9999.000,9999.000,9999.000
202608131418,   1.457,9999.000,9999.000,9999.000,9999.000,9999.000,9999.000,9999.000,9999.000
202608131424,   1.605,9999.000,9999.000,9999.000,9999.000,9999.000,9999.000,9999.000,9999.000
202608131430,   1.754,9999.000,9999.000,9999.000,9999.000,9999.000,9999.000,9999.000,9999.000
202608131436,   1.903,9999.000,9999.000,9999.000,9999.000,9999.000,9999.000,9999.000,9999.000
202608131442,   2.052,9999.000,9999.000,9999.000,9999.000,9999.000,9999.000,9999.000,9999.000
202608131448,   2.201,9999.000,9999.000,9999.000,9999.000,9999.000,9999.000,9999.000,9999.000
202608131454,   2.349,9999.000,9999.000,9999.000,9999.000,9999.000,9999.000,9999.000,9999.000
202608131500,   2.496,9999.000,   0.400,   0.004,   2.900,   0.400,   2.900,   0.400,   2.900
202608131506,   2.641,9999.000,9999.000,9999.000,9999.000,9999.000,9999.000,9999.000,9999.000
202608131512,   2.784,9999.000,9999.000,9999.000,9999.000,9999.000,9999.000,9999.000,9999.000
202608131518,   2.925,9999.000,9999.000,9999.000,9999.000,9999.000,9999.000,9999.000,9999.000
202608131524,   3.063,9999.000,9999.000,9999.000,9999.000,9999.000,9999.000,9999.000,9999.000
202608131530,   3.199,9999.000,9999.000,9999.000,9999.000,9999.000,9999.000,9999.000,9999.000
202608131536,   3.331,9999.000,9999.000,9999.000,9999.000,9999.000,9999.000,9999.000,9999.000
202608131542,   3.460,9999.000,9999.000,9999.000,9999.000,9999.000,9999.000,9999.000,9999.000
202608131548,   3.585,9999.000,9999.000,9999.000,9999.000,9999.000,9999.000,9999.000,9999.000
202608131554,   3.706,9999.000,9999.000,9999.000,9999.000,9999.000,9999.000,9999.000,9999.000
202608131600,   3.823,9999.000,   0.400,   0.004,   4.227,   0.400,   4.227,   0.500,   4.327
202608131606,   3.935,9999.000,9999.000,9999.000,9999.000,9999.000,9999.000,9999.000,9999.000
202608131612,   4.042,9999.000,9999.000,9999.000,9999.000,9999.000,9999.000,9999.000,9999.000
202608131618,   4.144,9999.000,9999.000,9999.000,9999.000,9999.000,9999.000,9999.000,9999.000
202608131624,   4.240,9999.000,9999.000,9999.000,9999.000,9999.000,9999.000,9999.000,9999.000
202608131630,   4.331,9999.000,9999.000,9999.000,9999.000,9999.000,9999.000,9999.000,9999.000
202608131636,   4.416,9999.000,9999.000,9999.000,9999.000,9999.000,9999.000,9999.000,9999.000
202608131642,   4.496,9999.000,9999.000,9999.000,9999.000,9999.000,9999.000,9999.000,9999.000
202608131648,   4.569,9999.000,9999.000,9999.000,9999.000,9999.000,9999.000,9999.000,9999.000
202608131654,   4.636,9999.000,9999.000,9999.000,9999.000,9999.000,9999.000,9999.000,9999.000
202608131700,   4.697,9999.000,   0.400,   0.004,   5.101,   0.400,   5.101,   0.500,   5.201
202608131706,   4.751,9999.000,9999.000,9999.000,9999.000,9999.000,9999.000,9999.000,9999.000
202608131712,   4.799,9999.000,9999.000,9999.000,9999.000,9999.000,9999.000,9999.000,9999.000
202608131718,   4.840,9999.000,9999.000,9999.000,9999.000,9999.000,9999.000,9999.000,9999.000
202608131724,   4.875,9999.000,9999.000,9999.000,9999.000,9999.000,9999.000,9999.000,9999.000
202608131730,   4.902,9999.000,9999.000,9999.000,9999.000,9999.000,9999.000,9999.000,9999.000
202608131736,   4.924,9999.000,9999.000,9999.000,9999.000,9999.000,9999.000,9999.000,9999.000
202608131742,   4.938,9999.000,9999.000,9999.000,9999.000,9999.000,9999.000,9999.000,9999.000
202608131748,   4.946,9999.000,9999.000,9999.000,9999.000,9999.000,9999.000,9999.000,9999.000
202608131754,   4.947,9999.000,9999.000,9999.000,9999.000,9999.000,9999.000,9999.000,9999.000
202608131800,   4.941,9999.000,   0.400,   0.004,   5.345,   0.400,   5.345,   0.400,   5.345
202608131806,   4.930,9999.000,9999.000,9999.000,9999.000,9999.000,9999.000,9999.000,9999.000
202608131812,   4.911,9999.000,9999.000,9999.000,9999.000,9999.000,9999.000,9999.000,9999.000
202608131818,   4.887,9999.000,9999.000,9999.000,9999.000,9999.000,9999.000,9999.000,9999.000
202608131824,   4.856,9999.000,9999.000,9999.000,9999.000,9999.000,9999.000,9999.000,9999.000
202608131830,   4.819,9999.000,9999.000,9999.000,9999.000,9999.000,9999.000,9999.000,9999.000
202608131836,   4.776,9999.000,9999.000,9999.000,9999.000,9999.000,9999.000,9999.000,9999.000
202608131842,   4.728,9999.000,9999.000,9999.000,9999.000,9999.000,9999.000,9999.000,9999.000
202608131848,   4.674,9999.000,9999.000,9999.000,9999.000,9999.000,9999.000,9999.000,9999.000
202608131854,   4.615,9999.000,9999.000,9999.000,9999.000,9999.000,9999.000,9999.000,9999.000
202608131900,   4.551,9999.000,   0.400,   0.004,   4.955,   0.400,   4.955,   0.400,   4.955
202608131906,   4.482,9999.000,9999.000,9999.000,9999.000,9999.000,9999.000,9999.000,9999.000
202608131912,   4.408,9999.000,9999.000,9999.000,9999.000,9999.000,9999.000,9999.000,9999.000
202608131918,   4.331,9999.000,9999.000,9999.000,9999.000,9999.000,9999.000,9999.000,9999.000
202608131924,   4.249,9999.000,9999.000,9999.000,9999.000,9999.000,9999.000,9999.000,9999.000
202608131930,   4.163,9999.000,9999.000,9999.000,9999.000,9999.000,9999.000,9999.000,9999.000
202608131936,   4.074,9999.000,9999.000,9999.000,9999.000,9999.000,9999.000,9999.000,9999.000
202608131942,   3.981,9999.000,9999.000,9999.000,9999.000,9999.000,9999.000,9999.000,9999.000
202608131948,   3.886,9999.000,9999.000,9999.000,9999.000,9999.000,9999.000,9999.000,9999.000
202608131954,   3.788,9999.000,9999.000,9999.000,9999.000,9999.000,9999.000,9999.000,9999.000
202608132000,   3.688,9999.000,   0.400,   0.004,   4.092,   0.400,   4.092,   0.400,   4.092
202608132006,   3.587,9999.000,9999.000,9999.000,9999.000,9999.000,9999.000,9999.000,9999.000
202608132012,   3.483,9999.000,9999.000,9999.000,9999.000,9999.000,9999.000,9999.000,9999.000
202608132018,   3.378,9999.000,9999.000,9999.000,9999.000,9999.000,9999.000,9999.000,9999.000
202608132024,   3.273,9999.000,9999.000,9999.000,9999.000,9999.000,9999.000,9999.000,9999.000
202608132030,   3.167,9999.000,9999.000,9999.000,9999.000,9999.000,9999.000,9999.000,9999.000
202608132036,   3.061,9999.000,9999.000,9999.000,9999.000,9999.000,9999.000,9999.000,9999.000
202608132042,   2.954,9999.000,9999.000,9999.000,9999.000,9999.000,9999.000,9999.000,9999.000
202608132048,   2.849,9999.000,9999.000,9999.000,9999.000,9999.000,9999.000,9999.000,9999.000
202608132054,   2.744,9999.000,9999.000,9999.000,9999.000,9999.000,9999.000,9999.000,9999.000
202608132100,   2.640,9999.000,   0.500,   0.004,   3.144,   0.400,   3.044,   0.500,   3.144
202608132106,   2.538,9999.000,9999.000,9999.000,9999.000,9999.000,9999.000,9999.000,9999.000
202608132112,   2.438,9999.000,9999.000,9999.000,9999.000,9999.000,9999.000,9999.000,9999.000
202608132118,   2.340,9999.000,9999.000,9999.000,9999.000,9999.000,9999.000,9999.000,9999.000
202608132124,   2.244,9999.000,9999.000,9999.000,9999.000,9999.000,9999.000,9999.000,9999.000
202608132130,   2.152,9999.000,9999.000,9999.000,9999.000,9999.000,9999.000,9999.000,9999.000
202608132136,   2.062,9999.000,9999.000,9999.000,9999.000,9999.000,9999.000,9999.000,9999.000
202608132142,   1.976,9999.000,9999.000,9999.000,9999.000,9999.000,9999.000,9999.000,9999.000
202608132148,   1.893,9999.000,9999.000,9999.000,9999.000,9999.000,9999.000,9999.000,9999.000
202608132154,   1.815,9999.000,9999.000,9999.000,9999.000,9999.000,9999.000,9999.000,9999.000
202608132200,   1.740,9999.000,   0.400,   0.004,   2.144,   0.400,   2.144,   0.500,   2.244
202608132206,   1.670,9999.000,9999.000,9999.000,9999.000,9999.000,9999.000,9999.000,9999.000
202608132212,   1.605,9999.000,9999.000,9999.000,9999.000,9999.000,9999.000,9999.000,9999.000
202608132218,   1.545,9999.000,9999.000,9999.000,9999.000,9999.000,9999.000,9999.000,9999.000
202608132224,   1.490,9999.000,9999.000,9999.000,9999.000,9999.000,9999.000,9999.000,9999.000
202608132230,   1.440,9999.000,9999.000,9999.000,9999.000,9999.000,9999.000,9999.000,9999.000
202608132236,   1.396,9999.000,9999.000,9999.000,9999.000,9999.000,9999.000,9999.000,9999.000
202608132242,   1.358,9999.000,9999.000,9999.000,9999.000,9999.000,9999.000,9999.000,9999.000
202608132248,   1.325,9999.000,9999.000,9999.000,9999.000,9999.000,9999.000,9999.000,9999.000
202608132254,   1.299,9999.000,9999.000,9999.000,9999.000,9999.000,9999.000,9999.000,9999.000
202608132300,   1.278,9999.000,   0.400,   0.004,   1.682,   0.400,   1.682,   0.500,   1.782
202608132306,   1.264,9999.000,9999.000,9999.000,9999.000,9999.000,9999.000,9999.000,9999.000
202608132312,   1.256,9999.000,9999.000,9999.000,9999.000,9999.000,9999.000,9999.000,9999.000
202608132318,   1.254,9999.000,9999.000,9999.000,9999.000,9999.000,9999.000,9999.000,9999.000
202608132324,   1.259,9999.000,9999.000,9999.000,9999.000,9999.000,9999.000,9999.000,9999.000
202608132330,   1.271,9999.000,9999.000,9999.000,9999.000,9999.000,9999.000,9999.000,9999.000
202608132336,   1.288,9999.000,9999.000,9999.000,9999.000,9999.000,9999.000,9999.000,9999.000
202608132342,   1.313,9999.000,9999.000,9999.000,9999.000,9999.000,9999.000,9999.000,9999.000
202608132348,   1.343,9999.000,9999.000,9999.000,9999.000,9999.000,9999.000,9999.000,9999.000
202608132354,   1.380,9999.000,9999.000,9999.000,9999.000,9999.000,9999.000,9999.000,9999.000
202608140000,   1.423,9999.000,   0.500,   0.004,   1.927,   0.500,   1.927,   0.500,   1.927
202608140006,   1.473,9999.000,9999.000,9999.000,9999.000,9999.000,9999.000,9999.000,9999.000
202608140012,   1.529,9999.000,9999.000,9999.000,9999.000,9999.000,9999.000,9999.000,9999.000
202608140018,   1.590,9999.000,9999.000,9999.000,9999.000,9999.000,9999.000,9999.000,9999.000
202608140024,   1.658,9999.000,9999.000,9999.000,9999.000,9999.000,9999.000,9999.000,9999.000
202608140030,   1.731,9999.000,9999.000,9999.000,9999.000,9999.000,9999.000,9999.000,9999.000
202608140036,   1.810,9999.000,9999.000,9999.000,9999.000,9999.000,9999.000,9999.000,9999.000
202608140042,   1.894,9999.000,9999.000,9999.000,9999.000,9999.000,9999.000,9999.000,9999.000
202608140048,   1.984,9999.000,9999.000,9999.000,9999.000,9999.000,9999.000,9999.000,9999.000
202608140054,   2.078,9999.000,9999.000,9999.000,9999.000,9999.000,9999.000,9999.000,9999.000
202608140100,   2.177,9999.000,   0.500,   0.004,   2.681,   0.500,   2.681,   0.500,   2.681
202608140106,   2.281,9999.000,9999.000,9999.000,9999.000,9999.000,9999.000,9999.000,9999.000
202608140112,   2.389,9999.000,9999.000,9999.000,9999.000,9999.000,9999.000,9999.000,9999.000
202608140118,   2.500,9999.000,9999.000,9999.000,9999.000,9999.000,9999.000,9999.000,9999.000
202608140124,   2.616,9999.000,9999.000,9999.000,9999.000,9999.000,9999.000,9999.000,9999.000
202608140130,   2.735,9999.000,9999.000,9999.000,9999.000,9999.000,9999.000,9999.000,9999.000
202608140136,   2.857,9999.000,9999.000,9999.000,9999.000,9999.000,9999.000,9999.000,9999.000
202608140142,   2.982,9999.000,9999.000,9999.000,9999.000,9999.000,9999.000,9999.000,9999.000
202608140148,   3.109,9999.000,9999.000,9999.000,9999.000,9999.000,9999.000,9999.000,9999.000
202608140154,   3.238,9999.000,9999.000,9999.000,9999.000,9999.000,9999.000,9999.000,9999.000
202608140200,   3.369,9999.000,   0.400,   0.004,   3.773,   0.400,   3.773,   0.500,   3.873
202608140206,   3.502,9999.000,9999.000,9999.000,9999.000,9999.000,9999.000,9999.000,9999.000
202608140212,   3.636,9999.000,9999.000,9999.000,9999.000,9999.000,9999.000,9999.000,9999.000
202608140218,   3.770,9999.000,9999.000,9999.000,9999.000,9999.000,9999.000,9999.000,9999.000
202608140224,   3.905,9999.000,9999.000,9999.000,9999.000,9999.000,9999.000,9999.000,9999.000
202608140230,   4.040,9999.000,9999.000,9999.000,9999.000,9999.000,9999.000,9999.000,9999.000
202608140236,   4.174,9999.000,9999.000,9999.000,9999.000,9999.000,9999.000,9999.000,9999.000
202608140242,   4.308,9999.000,9999.000,9999.000,9999.000,9999.000,9999.000,9999.000,9999.000
202608140248,   4.441,9999.000,9999.000,9999.000,9999.000,9999.000,9999.000,9999.000,9999.000
202608140254,   4.572,9999.000,9999.000,9999.000,9999.000,9999.000,9999.000,9999.000,9999.000
202608140300,   4.702,9999.000,   0.400,   0.004,   5.106,   0.400,   5.106,   0.500,   5.206
202608140306,   4.829,9999.000,9999.000,9999.000,9999.000,9999.000,9999.000,9999.000,9999.000
202608140312,   4.954,9999.000,9999.000,9999.000,9999.000,9999.000,9999.000,9999.000,9999.000
202608140318,   5.077,9999.000,9999.000,9999.000,9999.000,9999.000,9999.000,9999.000,9999.000
202608140324,   5.196,9999.000,9999.000,9999.000,9999.000,9999.000,9999.000,9999.000,9999.000
202608140330,   5.311,9999.000,9999.000,9999.000,9999.000,9999.000,9999.000,9999.000,9999.000
202608140336,   5.423,9999.000,9999.000,9999.000,9999.000,9999.000,9999.000,9999.000,9999.000
202608140342,   5.531,9999.000,9999.000,9999.000,9999.000,9999.000,9999.000,9999.000,9999.000
202608140348,   5.634,9999.000,9999.000,9999.000,9999.000,9999.000,9999.000,9999.000,9999.000
202608140354,   5.732,9999.000,9999.000,9999.000,9999.000,9999.000,9999.000,9999.000,9999.000
202608140400,   5.826,9999.000,   0.500,   0.004,   6.330,   0.400,   6.230,   0.500,   6.330
202608140406,   5.914,9999.000,9999.000,9999.000,9999.000,9999.000,9999.000,9999.000,9999.000
202608140412,   5.996,9999.000,9999.000,9999.000,9999.000,9999.000,9999.000,9999.000,9999.000
202608140418,   6.073,9999.000,9999.000,9999.000,9999.000,9999.000,9999.000,9999.000,9999.000
202608140424,   6.144,9999.000,9999.000,9999.000,9999.000,9999.000,9999.000,9999.000,9999.000
202608140430,   6.208,9999.000,9999.000,9999.000,9999.000,9999.000,9999.000,9999.000,9999.000
202608140436,   6.267,9999.000,9999.000,9999.000,9999.000,9999.000,9999.000,9999.000,9999.000
202608140442,   6.318,9999.000,9999.000,9999.000,9999.000,9999.000,9999.000,9999.000,9999.000
202608140448,   6.363,9999.000,9999.000,9999.000,9999.000,9999.000,9999.000,9999.000,9999.000
202608140454,   6.400,9999.000,9999.000,9999.000,9999.000,9999.000,9999.000,9999.000,9999.000
202608140500,   6.431,9999.000,   0.500,   0.004,   6.935,   0.400,   6.835,   0.500,   6.935
202608140506,   6.454,9999.000,9999.000,9999.000,9999.000,9999.000,9999.000,9999.000,9999.000
202608140512,   6.470,9999.000,9999.000,9999.000,9999.000,9999.000,9999.000,9999.000,9999.000
202608140518,   6.479,9999.000,9999.000,9999.000,9999.000,9999.000,9999.000,9999.000,9999.000
202608140524,   6.480,9999.000,9999.000,9999.000,9999.000,9999.000,9999.000,9999.000,9999.000
202608140530,   6.474,9999.000,9999.000,9999.000,9999.000,9999.000,9999.000,9999.000,9999.000
202608140536,   6.460,9999.000,9999.000,9999.000,9999.000,9999.000,9999.000,9999.000,9999.000
202608140542,   6.439,9999.000,9999.000,9999.000,9999.000,9999.000,9999.000,9999.000,9999.000
202608140548,   6.410,9999.000,9999.000,9999.000,9999.000,9999.000,9999.000,9999.000,9999.000
202608140554,   6.374,9999.000,9999.000,9999.000,9999.000,9999.000,9999.000,9999.000,9999.000
202608140600,   6.330,9999.000,   0.400,   0.004,   6.734,   0.300,   6.634,   0.400,   6.734
202608140606,   6.278,9999.000,9999.000,9999.000,9999.000,9999.000,9999.000,9999.000,9999.000
202608140612,   6.220,9999.000,9999.000,9999.000,9999.000,9999.000,9999.000,9999.000,9999.000
202608140618,   6.154,9999.000,9999.000,9999.000,9999.000,9999.000,9999.000,9999.000,9999.000
202608140624,   6.081,9999.000,9999.000,9999.000,9999.000,9999.000,9999.000,9999.000,9999.000
202608140630,   6.002,9999.000,9999.000,9999.000,9999.000,9999.000,9999.000,9999.000,9999.000
202608140636,   5.915,9999.000,9999.000,9999.000,9999.000,9999.000,9999.000,9999.000,9999.000
202608140642,   5.822,9999.000,9999.000,9999.000,9999.000,9999.000,9999.000,9999.000,9999.000
202608140648,   5.722,9999.000,9999.000,9999.000,9999.000,9999.000,9999.000,9999.000,9999.000
202608140654,   5.617,9999.000,9999.000,9999.000,9999.000,9999.000,9999.000,9999.000,9999.000
202608140700,   5.505,9999.000,   0.400,   0.004,   5.909,   0.300,   5.809,   0.400,   5.909
202608140706,   5.387,9999.000,9999.000,9999.000,9999.000,9999.000,9999.000,9999.000,9999.000
202608140712,   5.264,9999.000,9999.000,9999.000,9999.000,9999.000,9999.000,9999.000,9999.000
202608140718,   5.136,9999.000,9999.000,9999.000,9999.000,9999.000,9999.000,9999.000,9999.000
202608140724,   5.003,9999.000,9999.000,9999.000,9999.000,9999.000,9999.000,9999.000,9999.000
202608140730,   4.865,9999.000,9999.000,9999.000,9999.000,9999.000,9999.000,9999.000,9999.000
202608140736,   4.723,9999.000,9999.000,9999.000,9999.000,9999.000,9999.000,9999.000,9999.000
202608140742,   4.577,9999.000,9999.000,9999.000,9999.000,9999.000,9999.000,9999.000,9999.000
202608140748,   4.427,9999.000,9999.000,9999.000,9999.000,9999.000,9999.000,9999.000,9999.000
202608140754,   4.274,9999.000,9999.000,9999.000,9999.000,9999.000,9999.000,9999.000,9999.000
202608140800,   4.117,9999.000,   0.400,   0.004,   4.521,   0.400,   4.521,   0.500,   4.621
202608140806,   3.958,9999.000,9999.000,9999.000,9999.000,9999.000,9999.000,9999.000,9999.000
202608140812,   3.797,9999.000,9999.000,9999.000,9999.000,9999.000,9999.000,9999.000,9999.000
202608140818,   3.634,9999.000,9999.000,9999.000,9999.000,9999.000,9999.000,9999.000,9999.000
202608140824,   3.469,9999.000,9999.000,9999.000,9999.000,9999.000,9999.000,9999.000,9999.000
202608140830,   3.303,9999.000,9999.000,9999.000,9999.000,9999.000,9999.000,9999.000,9999.000
202608140836,   3.136,9999.000,9999.000,9999.000,9999.000,9999.000,9999.000,9999.000,9999.000
202608140842,   2.968,9999.000,9999.000,9999.000,9999.000,9999.000,9999.000,9999.000,9999.000
202608140848,   2.801,9999.000,9999.000,9999.000,9999.000,9999.000,9999.000,9999.000,9999.000
202608140854,   2.633,9999.000,9999.000,9999.000,9999.000,9999.000,9999.000,9999.000,9999.000
202608140900,   2.467,9999.000,   0.400,   0.004,   2.871,   0.400,   2.871,   0.500,   2.971
202608140906,   2.301,9999.000,9999.000,9999.000,9999.000,9999.000,9999.000,9999.000,9999.000
202608140912,   2.137,9999.000,9999.000,9999.000,9999.000,9999.000,9999.000,9999.000,9999.000
202608140918,   1.974,9999.000,9999.000,9999.000,9999.000,9999.000,9999.000,9999.000,9999.000
202608140924,   1.814,9999.000,9999.000,9999.000,9999.000,9999.000,9999.000,9999.000,9999.000
202608140930,   1.656,9999.000,9999.000,9999.000,9999.000,9999.000,9999.000,9999.000,9999.000
202608140936,   1.501,9999.000,9999.000,9999.000,9999.000,9999.000,9999.000,9999.000,9999.000
202608140942,   1.350,9999.000,9999.000,9999.000,9999.000,9999.000,9999.000,9999.000,9999.000
202608140948,   1.201,9999.000,9999.000,9999.000,9999.000,9999.000,9999.000,9999.000,9999.000
202608140954,   1.057,9999.000,9999.000,9999.000,9999.000,9999.000,9999.000,9999.000,9999.000
202608141000,   0.917,9999.000,   0.400,   0.004,   1.321,   0.400,   1.321,   0.400,   1.321
202608141006,   0.781,9999.000,9999.000,9999.000,9999.000,9999.000,9999.000,9999.000,9999.000
202608141012,   0.651,9999.000,9999.000,9999.000,9999.000,9999.000,9999.000,9999.000,9999.000
202608141018,   0.525,9999.000,9999.000,9999.000,9999.000,9999.000,9999.000,9999.000,9999.000
202608141024,   0.404,9999.000,9999.000,9999.000,9999.000,9999.000,9999.000,9999.000,9999.000
202608141030,   0.290,9999.000,9999.000,9999.000,9999.000,9999.000,9999.000,9999.000,9999.000
202608141036,   0.181,9999.000,9999.000,9999.000,9999.000,9999.000,9999.000,9999.000,9999.000
202608141042,   0.078,9999.000,9999.000,9999.000,9999.000,9999.000,9999.000,9999.000,9999.000
202608141048,  -0.017,9999.000,9999.000,9999.000,9999.000,9999.000,9999.000,9999.000,9999.000
202608141054,  -0.107,9999.000,9999.000,9999.000,9999.000,9999.000,9999.000,9999.000,9999.000
202608141100,  -0.191,9999.000,   0.400,   0.004,   0.213,   0.300,   0.113,   0.400,   0.213
202608141106,  -0.267,9999.000,9999.000,9999.000,9999.000,9999.000,9999.000,9999.000,9999.000
202608141112,  -0.336,9999.000,9999.000,9999.000,9999.000,9999.000,9999.000,9999.000,9999.000
202608141118,  -0.398,9999.000,9999.000,9999.000,9999.000,9999.000,9999.000,9999.000,9999.000
202608141124,  -0.453,9999.000,9999.000,9999.000,9999.000,9999.000,9999.000,9999.000,9999.000
202608141130,  -0.501,9999.000,9999.000,9999.000,9999.000,9999.000,9999.000,9999.000,9999.000
202608141136,  -0.541,9999.000,9999.000,9999.000,9999.000,9999.000,9999.000,9999.000,9999.000
202608141142,  -0.573,9999.000,9999.000,9999.000,9999.000,9999.000,9999.000,9999.000,9999.000
202608141148,  -0.598,9999.000,9999.000,9999.000,9999.000,9999.000,9999.000,9999.000,9999.000
202608141154,  -0.615,9999.000,9999.000,9999.000,9999.000,9999.000,9999.000,9999.000,9999.000
202608141200,  -0.625,9999.000,   0.400,   0.004,  -0.221,   0.400,  -0.221,   0.400,  -0.221
202608141206,  -0.627,9999.000,9999.000,9999.000,9999.000,9999.000,9999.000,9999.000,9999.000
202608141212,  -0.622,9999.000,9999.000,9999.000,9999.000,9999.000,9999.000,9999.000,9999.000
202608141218,  -0.609,9999.000,9999.000,9999.000,9999.000,9999.000,9999.000,9999.000,9999.000
202608141224,  -0.588,9999.000,9999.000,9999.000,9999.000,9999.000,9999.000,9999.000,9999.000
202608141230,  -0.560,9999.000,9999.000,9999.000,9999.000,9999.000,9999.000,9999.000,9999.000
202608141236,  -0.525,9999.000,9999.000,9999.000,9999.000,9999.000,9999.000,9999.000,9999.000
202608141242,  -0.483,9999.000,9999.000,9999.000,9999.000,9999.000,9999.000,9999.000,9999.000
202608141248,  -0.433,9999.000,9999.000,9999.000,9999.000,9999.000,9999.000,9999.000,9999.000
202608141254,  -0.377,9999.000,9999.000,9999.000,9999.000,9999.000,9999.000,9999.000,9999.000
202608141300,  -0.314,9999.000,   0.400,   0.004,   0.090,   0.400,   0.090,   0.400,   0.090
202608141306,  -0.244,9999.000,9999.000,9999.000,9999.000,9999.000,9999.000,9999.000,9999.000
202608141312,  -0.169,9999.000,9999.000,9999.000,9999.000,9999.000,9999.000,9999.000,9999.000
202608141318,  -0.087,9999.000,9999.000,9999.000,9999.000,9999.000,9999.000,9999.000,9999.000
202608141324,   0.000,9999.000,9999.000,9999.000,9999.000,9999.000,9999.000,9999.000,9999.000
202608141330,   0.094,9999.000,9999.000,9999.000,9999.000,9999.000,9999.000,9999.000,9999.000
202608141336,   0.193,9999.000,9999.000,9999.000,9999.000,9999.000,9999.000,9999.000,9999.000
202608141342,   0.297,9999.000,9999.000,9999.000,9999.000,9999.000,9999.000,9999.000,9999.000
202608141348,   0.406,9999.000,9999.000,9999.000,9999.000,9999.000,9999.000,9999.000,9999.000
202608141354,   0.519,9999.000,9999.000,9999.000,9999.000,9999.000,9999.000,9999.000,9999.000
202608141400,   0.637,9999.000,   0.400,   0.004,   1.041,   0.300,   0.941,   0.400,   1.041
202608141406,   0.759,9999.000,9999.000,9999.000,9999.000,9999.000,9999.000,9999.000,9999.000
202608141412,   0.884,9999.000,9999.000,9999.000,9999.000,9999.000,9999.000,9999.000,9999.000
202608141418,   1.013,9999.000,9999.000,9999.000,9999.000,9999.000,9999.000,9999.000,9999.000
202608141424,   1.144,9999.000,9999.000,9999.000,9999.000,9999.000,9999.000,9999.000,9999.000
202608141430,   1.278,9999.000,9999.000,9999.000,9999.000,9999.000,9999.000,9999.000,9999.000
202608141436,   1.415,9999.000,9999.000,9999.000,9999.000,9999.000,9999.000,9999.000,9999.000
202608141442,   1.554,9999.000,9999.000,9999.000,9999.000,9999.000,9999.000,9999.000,9999.000
202608141448,   1.694,9999.000,9999.000,9999.000,9999.000,9999.000,9999.000,9999.000,9999.000
202608141454,   1.835,9999.000,9999.000,9999.000,9999.000,9999.000,9999.000,9999.000,9999.000
202608141500,   1.978,9999.000,   0.300,   0.004,   2.282,   0.300,   2.282,   0.400,   2.382
202608141506,   2.120,9999.000,9999.000,9999.000,9999.000,9999.000,9999.000,9999.000,9999.000
202608141512,   2.264,9999.000,9999.000,9999.000,9999.000,9999.000,9999.000,9999.000,9999.000
202608141518,   2.406,9999.000,9999.000,9999.000,9999.000,9999.000,9999.000,9999.000,9999.000
202608141524,   2.549,9999.000,9999.000,9999.000,9999.000,9999.000,9999.000,9999.000,9999.000
202608141530,   2.690,9999.000,9999.000,9999.000,9999.000,9999.000,9999.000,9999.000,9999.000
202608141536,   2.831,9999.000,9999.000,9999.000,9999.000,9999.000,9999.000,9999.000,9999.000
202608141542,   2.969,9999.000,9999.000,9999.000,9999.000,9999.000,9999.000,9999.000,9999.000
202608141548,   3.106,9999.000,9999.000,9999.000,9999.000,9999.000,9999.000,9999.000,9999.000
202608141554,   3.241,9999.000,9999.000,9999.000,9999.000,9999.000,9999.000,9999.000,9999.000
202608141600,   3.373,9999.000,   0.400,   0.004,   3.777,   0.300,   3.677,   0.400,   3.777
202608141606,   3.502,9999.000,9999.000,9999.000,9999.000,9999.000,9999.000,9999.000,9999.000
202608141612,   3.628,9999.000,9999.000,9999.000,9999.000,9999.000,9999.000,9999.000,9999.000
202608141618,   3.751,9999.000,9999.000,9999.000,9999.000,9999.000,9999.000,9999.000,9999.000
202608141624,   3.869,9999.000,9999.000,9999.000,9999.000,9999.000,9999.000,9999.000,9999.000
202608141630,   3.984,9999.000,9999.000,9999.000,9999.000,9999.000,9999.000,9999.000,9999.000
202608141636,   4.095,9999.000,9999.000,9999.000,9999.000,9999.000,9999.000,9999.000,9999.000
202608141642,   4.201,9999.000,9999.000,9999.000,9999.000,9999.000,9999.000,9999.000,9999.000
202608141648,   4.302,9999.000,9999.000,9999.000,9999.000,9999.000,9999.000,9999.000,9999.000
202608141654,   4.398,9999.000,9999.000,9999.000,9999.000,9999.000,9999.000,9999.000,9999.000
202608141700,   4.489,9999.000,   0.400,   0.004,   4.893,   0.300,   4.793,   0.400,   4.893
202608141706,   4.574,9999.000,9999.000,9999.000,9999.000,9999.000,9999.000,9999.000,9999.000
202608141712,   4.654,9999.000,9999.000,9999.000,9999.000,9999.000,9999.000,9999.000,9999.000
202608141718,   4.728,9999.000,9999.000,9999.000,9999.000,9999.000,9999.000,9999.000,9999.000
202608141724,   4.796,9999.000,9999.000,9999.000,9999.000,9999.000,9999.000,9999.000,9999.000
202608141730,   4.858,9999.000,9999.000,9999.000,9999.000,9999.000,9999.000,9999.000,9999.000
202608141736,   4.914,9999.000,9999.000,9999.000,9999.000,9999.000,9999.000,9999.000,9999.000
202608141742,   4.964,9999.000,9999.000,9999.000,9999.000,9999.000,9999.000,9999.000,9999.000
202608141748,   5.007,9999.000,9999.000,9999.000,9999.000,9999.000,9999.000,9999.000,9999.000
202608141754,   5.044,9999.000,9999.000,9999.000,9999.000,9999.000,9999.000,9999.000,9999.000
202608141800,   5.074,9999.000,   0.400,   0.004,   5.478,   0.300,   5.378,   0.400,   5.478
202608141806,   5.098,9999.000,9999.000,9999.000,9999.000,9999.000,9999.000,9999.000,9999.000
202608141812,   5.115,9999.000,9999.000,9999.000,9999.000,9999.000,9999.000,9999.000,9999.000
202608141818,   5.126,9999.000,9999.000,9999.000,9999.000,9999.000,9999.000,9999.000,9999.000
202608141824,   5.130,9999.000,9999.000,9999.000,9999.000,9999.000,9999.000,9999.000,9999.000
202608141830,   5.128,9999.000,9999.000,9999.000,9999.000,9999.000,9999.000,9999.000,9999.000
202608141836,   5.119,9999.000,9999.000,9999.000,9999.000,9999.000,9999.000,9999.000,9999.000
202608141842,   5.104,9999.000,9999.000,9999.000,9999.000,9999.000,9999.000,9999.000,9999.000
202608141848,   5.083,9999.000,9999.000,9999.000,9999.000,9999.000,9999.000,9999.000,9999.000
202608141854,   5.055,9999.000,9999.000,9999.000,9999.000,9999.000,9999.000,9999.000,9999.000
202608141900,   5.022,9999.000,   0.300,   0.004,   5.326,   0.300,   5.326,   0.400,   5.426
202608141906,   4.982,9999.000,9999.000,9999.000,9999.000,9999.000,9999.000,9999.000,9999.000
202608141912,   4.937,9999.000,9999.000,9999.000,9999.000,9999.000,9999.000,9999.000,9999.000
202608141918,   4.886,9999.000,9999.000,9999.000,9999.000,9999.000,9999.000,9999.000,9999.000
202608141924,   4.830,9999.000,9999.000,9999.000,9999.000,9999.000,9999.000,9999.000,9999.000
202608141930,   4.769,9999.000,9999.000,9999.000,9999.000,9999.000,9999.000,9999.000,9999.000
202608141936,   4.702,9999.000,9999.000,9999.000,9999.000,9999.000,9999.000,9999.000,9999.000
202608141942,   4.631,9999.000,9999.000,9999.000,9999.000,9999.000,9999.000,9999.000,9999.000
202608141948,   4.555,9999.000,9999.000,9999.000,9999.000,9999.000,9999.000,9999.000,9999.000
202608141954,   4.475,9999.000,9999.000,9999.000,9999.000,9999.000,9999.000,9999.000,9999.000
202608142000,   4.391,9999.000,   0.400,   0.004,   4.795,   0.300,   4.695,   0.400,   4.795
202608142006,   4.303,9999.000,9999.000,9999.000,9999.000,9999.000,9999.000,9999.000,9999.000
202608142012,   4.211,9999.000,9999.000,9999.000,9999.000,9999.000,9999.000,9999.000,9999.000
202608142018,   4.117,9999.000,9999.000,9999.000,9999.000,9999.000,9999.000,9999.000,9999.000
202608142024,   4.019,9999.000,9999.000,9999.000,9999.000,9999.000,9999.000,9999.000,9999.000
202608142030,   3.919,9999.000,9999.000,9999.000,9999.000,9999.000,9999.000,9999.000,9999.000
202608142036,   3.816,9999.000,9999.000,9999.000,9999.000,9999.000,9999.000,9999.000,9999.000
202608142042,   3.712,9999.000,9999.000,9999.000,9999.000,9999.000,9999.000,9999.000,9999.000
202608142048,   3.605,9999.000,9999.000,9999.000,9999.000,9999.000,9999.000,9999.000,9999.000
202608142054,   3.498,9999.000,9999.000,9999.000,9999.000,9999.000,9999.000,9999.000,9999.000
202608142100,   3.389,9999.000,   0.400,   0.004,   3.793,   0.400,   3.793,   0.400,   3.793
202608142106,   3.280,9999.000,9999.000,9999.000,9999.000,9999.000,9999.000,9999.000,9999.000
202608142112,   3.170,9999.000,9999.000,9999.000,9999.000,9999.000,9999.000,9999.000,9999.000
202608142118,   3.060,9999.000,9999.000,9999.000,9999.000,9999.000,9999.000,9999.000,9999.000
202608142124,   2.951,9999.000,9999.000,9999.000,9999.000,9999.000,9999.000,9999.000,9999.000
202608142130,   2.842,9999.000,9999.000,9999.000,9999.000,9999.000,9999.000,9999.000,9999.000
202608142136,   2.734,9999.000,9999.000,9999.000,9999.000,9999.000,9999.000,9999.000,9999.000
202608142142,   2.627,9999.000,9999.000,9999.000,9999.000,9999.000,9999.000,9999.000,9999.000
202608142148,   2.522,9999.000,9999.000,9999.000,9999.000,9999.000,9999.000,9999.000,9999.000
202608142154,   2.419,9999.000,9999.000,9999.000,9999.000,9999.000,9999.000,9999.000,9999.000
202608142200,   2.318,9999.000,   0.400,   0.004,   2.722,   0.300,   2.622,   0.400,   2.722
202608142206,   2.219,9999.000,9999.000,9999.000,9999.000,9999.000,9999.000,9999.000,9999.000
202608142212,   2.124,9999.000,9999.000,9999.000,9999.000,9999.000,9999.000,9999.000,9999.000
202608142218,   2.031,9999.000,9999.000,9999.000,9999.000,9999.000,9999.000,9999.000,9999.000
202608142224,   1.942,9999.000,9999.000,9999.000,9999.000,9999.000,9999.000,9999.000,9999.000
202608142230,   1.856,9999.000,9999.000,9999.000,9999.000,9999.000,9999.000,9999.000,9999.000
202608142236,   1.775,9999.000,9999.000,9999.000,9999.000,9999.000,9999.000,9999.000,9999.000
202608142242,   1.697,9999.000,9999.000,9999.000,9999.000,9999.000,9999.000,9999.000,9999.000
202608142248,   1.624,9999.000,9999.000,9999.000,9999.000,9999.000,9999.000,9999.000,9999.000
202608142254,   1.555,9999.000,9999.000,9999.000,9999.000,9999.000,9999.000,9999.000,9999.000
202608142300,   1.491,9999.000,   0.400,   0.004,   1.895,   0.300,   1.795,   0.400,   1.895
202608142306,   1.432,9999.000,9999.000,9999.000,9999.000,9999.000,9999.000,9999.000,9999.000
202608142312,   1.379,9999.000,9999.000,9999.000,9999.000,9999.000,9999.000,9999.000,9999.000
202608142318,   1.331,9999.000,9999.000,9999.000,9999.000,9999.000,9999.000,9999.000,9999.000
202608142324,   1.288,9999.000,9999.000,9999.000,9999.000,9999.000,9999.000,9999.000,9999.000
202608142330,   1.251,9999.000,9999.000,9999.000,9999.000,9999.000,9999.000,9999.000,9999.000
202608142336,   1.219,9999.000,9999.000,9999.000,9999.000,9999.000,9999.000,9999.000,9999.000
202608142342,   1.194,9999.000,9999.000,9999.000,9999.000,9999.000,9999.000,9999.000,9999.000
202608142348,   1.174,9999.000,9999.000,9999.000,9999.000,9999.000,9999.000,9999.000,9999.000
202608142354,   1.161,9999.000,9999.000,9999.000,9999.000,9999.000,9999.000,9999.000,9999.000
202608150000,   1.153,9999.000,   0.400,   0.004,   1.557,   0.400,   1.557,   0.500,   1.657
202608150006,   1.152,9999.000,9999.000,9999.000,9999.000,9999.000,9999.000,9999.000,9999.000
202608150012,   1.157,9999.000,9999.000,9999.000,9999.000,9999.000,9999.000,9999.000,9999.000
202608150018,   1.168,9999.000,9999.000,9999.000,9999.000,9999.000,9999.000,9999.000,9999.000
202608150024,   1.185,9999.000,9999.000,9999.000,9999.000,9999.000,9999.000,9999.000,9999.000
202608150030,   1.209,9999.000,9999.000,9999.000,9999.000,9999.000,9999.000,9999.000,9999.000
202608150036,   1.238,9999.000,9999.000,9999.000,9999.000,9999.000,9999.000,9999.000,9999.000
202608150042,   1.273,9999.000,9999.000,9999.000,9999.000,9999.000,9999.000,9999.000,9999.000
202608150048,   1.315,9999.000,9999.000,9999.000,9999.000,9999.000,9999.000,9999.000,9999.000
202608150054,   1.362,9999.000,9999.000,9999.000,9999.000,9999.000,9999.000,9999.000,9999.000
202608150100,   1.415,9999.000,   0.400,   0.004,   1.819,   0.400,   1.819,   0.500,   1.919
202608150106,   1.473,9999.000,9999.000,9999.000,9999.000,9999.000,9999.000,9999.000,9999.000
202608150112,   1.537,9999.000,9999.000,9999.000,9999.000,9999.000,9999.000,9999.000,9999.000
202608150118,   1.606,9999.000,9999.000,9999.000,9999.000,9999.000,9999.000,9999.000,9999.000
202608150124,   1.680,9999.000,9999.000,9999.000,9999.000,9999.000,9999.000,9999.000,9999.000
202608150130,   1.759,9999.000,9999.000,9999.000,9999.000,9999.000,9999.000,9999.000,9999.000
202608150136,   1.843,9999.000,9999.000,9999.000,9999.000,9999.000,9999.000,9999.000,9999.000
202608150142,   1.932,9999.000,9999.000,9999.000,9999.000,9999.000,9999.000,9999.000,9999.000
202608150148,   2.024,9999.000,9999.000,9999.000,9999.000,9999.000,9999.000,9999.000,9999.000
202608150154,   2.121,9999.000,9999.000,9999.000,9999.000,9999.000,9999.000,9999.000,9999.000
202608150200,   2.221,9999.000,   0.400,   0.004,   2.625,   0.300,   2.525,   0.400,   2.625
202608150206,   2.325,9999.000,9999.000,9999.000,9999.000,9999.000,9999.000,9999.000,9999.000
202608150212,   2.432,9999.000,9999.000,9999.000,9999.000,9999.000,9999.000,9999.000,9999.000
202608150218,   2.542,9999.000,9999.000,9999.000,9999.000,9999.000,9999.000,9999.000,9999.000
202608150224,   2.655,9999.000,9999.000,9999.000,9999.000,9999.000,9999.000,9999.000,9999.000
202608150230,   2.770,9999.000,9999.000,9999.000,9999.000,9999.000,9999.000,9999.000,9999.000
202608150236,   2.887,9999.000,9999.000,9999.000,9999.000,9999.000,9999.000,9999.000,9999.000
202608150242,   3.006,9999.000,9999.000,9999.000,9999.000,9999.000,9999.000,9999.000,9999.000
202608150248,   3.126,9999.000,9999.000,9999.000,9999.000,9999.000,9999.000,9999.000,9999.000
202608150254,   3.248,9999.000,9999.000,9999.000,9999.000,9999.000,9999.000,9999.000,9999.000
202608150300,   3.370,9999.000,   0.300,   0.004,   3.674,   0.300,   3.674,   0.400,   3.774
202608150306,   3.492,9999.000,9999.000,9999.000,9999.000,9999.000,9999.000,9999.000,9999.000
202608150312,   3.615,9999.000,9999.000,9999.000,9999.000,9999.000,9999.000,9999.000,9999.000
202608150318,   3.737,9999.000,9999.000,9999.000,9999.000,9999.000,9999.000,9999.000,9999.000
202608150324,   3.859,9999.000,9999.000,9999.000,9999.000,9999.000,9999.000,9999.000,9999.000
202608150330,   3.980,9999.000,9999.000,9999.000,9999.000,9999.000,9999.000,9999.000,9999.000
202608150336,   4.100,9999.000,9999.000,9999.000,9999.000,9999.000,9999.000,9999.000,9999.000
202608150342,   4.218,9999.000,9999.000,9999.000,9999.000,9999.000,9999.000,9999.000,9999.000
202608150348,   4.334,9999.000,9999.000,9999.000,9999.000,9999.000,9999.000,9999.000,9999.000
202608150354,   4.448,9999.000,9999.000,9999.000,9999.000,9999.000,9999.000,9999.000,9999.000
202608150400,   4.559,9999.000,   0.400,   0.004,   4.963,   0.400,   4.963,   0.400,   4.963
202608150406,   4.668,9999.000,9999.000,9999.000,9999.000,9999.000,9999.000,9999.000,9999.000
202608150412,   4.773,9999.000,9999.000,9999.000,9999.000,9999.000,9999.000,9999.000,9999.000
202608150418,   4.876,9999.000,9999.000,9999.000,9999.000,9999.000,9999.000,9999.000,9999.000
202608150424,   4.974,9999.000,9999.000,9999.000,9999.000,9999.000,9999.000,9999.000,9999.000
202608150430,   5.068,9999.000,9999.000,9999.000,9999.000,9999.000,9999.000,9999.000,9999.000
202608150436,   5.158,9999.000,9999.000,9999.000,9999.000,9999.000,9999.000,9999.000,9999.000
202608150442,   5.244,9999.000,9999.000,9999.000,9999.000,9999.000,9999.000,9999.000,9999.000
202608150448,   5.325,9999.000,9999.000,9999.000,9999.000,9999.000,9999.000,9999.000,9999.000
202608150454,   5.400,9999.000,9999.000,9999.000,9999.000,9999.000,9999.000,9999.000,9999.000
202608150500,   5.471,9999.000,   0.400,   0.004,   5.875,   0.400,   5.875,   0.400,   5.875
202608150506,   5.536,9999.000,9999.000,9999.000,9999.000,9999.000,9999.000,9999.000,9999.000
202608150512,   5.596,9999.000,9999.000,9999.000,9999.000,9999.000,9999.000,9999.000,9999.000
202608150518,   5.650,9999.000,9999.000,9999.000,9999.000,9999.000,9999.000,9999.000,9999.000
202608150524,   5.697,9999.000,9999.000,9999.000,9999.000,9999.000,9999.000,9999.000,9999.000
202608150530,   5.739,9999.000,9999.000,9999.000,9999.000,9999.000,9999.000,9999.000,9999.000
202608150536,   5.774,9999.000,9999.000,9999.000,9999.000,9999.000,9999.000,9999.000,9999.000
202608150542,   5.803,9999.000,9999.000,9999.000,9999.000,9999.000,9999.000,9999.000,9999.000
202608150548,   5.826,9999.000,9999.000,9999.000,9999.000,9999.000,9999.000,9999.000,9999.000
202608150554,   5.842,9999.000,9999.000,9999.000,9999.000,9999.000,9999.000,9999.000,9999.000
202608150600,   5.852,9999.000,   0.300,   0.004,   6.156,   0.300,   6.156,   0.400,   6.256
202608150606,   5.854,9999.000,9999.000,9999.000,9999.000,9999.000,9999.000,9999.000,9999.000
202608150612,   5.850,9999.000,9999.000,9999.000,9999.000,9999.000,9999.000,9999.000,9999.000
202608150618,   5.840,9999.000,9999.000,9999.000,9999.000,9999.000,9999.000,9999.000,9999.000
202608150624,   5.822,9999.000,9999.000,9999.000,9999.000,9999.000,9999.000,9999.000,9999.000
202608150630,   5.798,9999.000,9999.000,9999.000,9999.000,9999.000,9999.000,9999.000,9999.000
202608150636,   5.768,9999.000,9999.000,9999.000,9999.000,9999.000,9999.000,9999.000,9999.000
202608150642,   5.730,9999.000,9999.000,9999.000,9999.000,9999.000,9999.000,9999.000,9999.000
202608150648,   5.686,9999.000,9999.000,9999.000,9999.000,9999.000,9999.000,9999.000,9999.000
202608150654,   5.636,9999.000,9999.000,9999.000,9999.000,9999.000,9999.000,9999.000,9999.000
202608150700,   5.579,9999.000,   0.300,   0.004,   5.883,   0.300,   5.883,   0.400,   5.983
202608150706,   5.516,9999.000,9999.000,9999.000,9999.000,9999.000,9999.000,9999.000,9999.000
202608150712,   5.447,9999.000,9999.000,9999.000,9999.000,9999.000,9999.000,9999.000,9999.000
202608150718,   5.372,9999.000,9999.000,9999.000,9999.000,9999.000,9999.000,9999.000,9999.000
202608150724,   5.292,9999.000,9999.000,9999.000,9999.000,9999.000,9999.000,9999.000,9999.000
202608150730,   5.205,9999.000,9999.000,9999.000,9999.000,9999.000,9999.000,9999.000,9999.000
202608150736,   5.113,9999.000,9999.000,9999.000,9999.000,9999.000,9999.000,9999.000,9999.000
202608150742,   5.016,9999.000,9999.000,9999.000,9999.000,9999.000,9999.000,9999.000,9999.000
202608150748,   4.914,9999.000,9999.000,9999.000,9999.000,9999.000,9999.000,9999.000,9999.000
202608150754,   4.808,9999.000,9999.000,9999.000,9999.000,9999.000,9999.000,9999.000,9999.000
202608150800,   4.697,9999.000,   0.400,   0.004,   5.101,   0.300,   5.001,   0.400,   5.101
202608150806,   4.581,9999.000,9999.000,9999.000,9999.000,9999.000,9999.000,9999.000,9999.000
202608150812,   4.462,9999.000,9999.000,9999.000,9999.000,9999.000,9999.000,9999.000,9999.000
202608150818,   4.339,9999.000,9999.000,9999.000,9999.000,9999.000,9999.000,9999.000,9999.000
202608150824,   4.212,9999.000,9999.000,9999.000,9999.000,9999.000,9999.000,9999.000,9999.000
202608150830,   4.083,9999.000,9999.000,9999.000,9999.000,9999.000,9999.000,9999.000,9999.000
202608150836,   3.950,9999.000,9999.000,9999.000,9999.000,9999.000,9999.000,9999.000,9999.000
202608150842,   3.815,9999.000,9999.000,9999.000,9999.000,9999.000,9999.000,9999.000,9999.000
202608150848,   3.678,9999.000,9999.000,9999.000,9999.000,9999.000,9999.000,9999.000,9999.000
202608150854,   3.540,9999.000,9999.000,9999.000,9999.000,9999.000,9999.000,9999.000,9999.000
202608150900,   3.399,9999.000,   0.400,   0.004,   3.803,   0.400,   3.803,   0.400,   3.803
202608150906,   3.258,9999.000,9999.000,9999.000,9999.000,9999.000,9999.000,9999.000,9999.000
202608150912,   3.115,9999.000,9999.000,9999.000,9999.000,9999.000,9999.000,9999.000,9999.000
202608150918,   2.972,9999.000,9999.000,9999.000,9999.000,9999.000,9999.000,9999.000,9999.000
202608150924,   2.829,9999.000,9999.000,9999.000,9999.000,9999.000,9999.000,9999.000,9999.000
202608150930,   2.687,9999.000,9999.000,9999.000,9999.000,9999.000,9999.000,9999.000,9999.000
202608150936,   2.544,9999.000,9999.000,9999.000,9999.000,9999.000,9999.000,9999.000,9999.000
202608150942,   2.403,9999.000,9999.000,9999.000,9999.000,9999.000,9999.000,9999.000,9999.000
202608150948,   2.263,9999.000,9999.000,9999.000,9999.000,9999.000,9999.000,9999.000,9999.000
202608150954,   2.124,9999.000,9999.000,9999.000,9999.000,9999.000,9999.000,9999.000,9999.000
202608151000,   1.987,9999.000,   0.300,   0.004,   2.291,   0.300,   2.291,   0.400,   2.391
202608151006,   1.852,9999.000,9999.000,9999.000,9999.000,9999.000,9999.000,9999.000,9999.000
202608151012,   1.720,9999.000,9999.000,9999.000,9999.000,9999.000,9999.000,9999.000,9999.000
202608151018,   1.590,9999.000,9999.000,9999.000,9999.000,9999.000,9999.000,9999.000,9999.000
202608151024,   1.464,9999.000,9999.000,9999.000,9999.000,9999.000,9999.000,9999.000,9999.000
202608151030,   1.341,9999.000,9999.000,9999.000,9999.000,9999.000,9999.000,9999.000,9999.000
202608151036,   1.222,9999.000,9999.000,9999.000,9999.000,9999.000,9999.000,9999.000,9999.000
202608151042,   1.107,9999.000,9999.000,9999.000,9999.000,9999.000,9999.000,9999.000,9999.000
202608151048,   0.996,9999.000,9999.000,9999.000,9999.000,9999.000,9999.000,9999.000,9999.000
202608151054,   0.889,9999.000,9999.000,9999.000,9999.000,9999.000,9999.000,9999.000,9999.000
202608151100,   0.787,9999.000,   0.300,   0.004,   1.091,   0.300,   1.091,   0.400,   1.191
202608151106,   0.691,9999.000,9999.000,9999.000,9999.000,9999.000,9999.000,9999.000,9999.000
202608151112,   0.599,9999.000,9999.000,9999.000,9999.000,9999.000,9999.000,9999.000,9999.000
202608151118,   0.513,9999.000,9999.000,9999.000,9999.000,9999.000,9999.000,9999.000,9999.000
202608151124,   0.432,9999.000,9999.000,9999.000,9999.000,9999.000,9999.000,9999.000,9999.000
202608151130,   0.357,9999.000,9999.000,9999.000,9999.000,9999.000,9999.000,9999.000,9999.000
202608151136,   0.289,9999.000,9999.000,9999.000,9999.000,9999.000,9999.000,9999.000,9999.000
202608151142,   0.226,9999.000,9999.000,9999.000,9999.000,9999.000,9999.000,9999.000,9999.000
202608151148,   0.169,9999.000,9999.000,9999.000,9999.000,9999.000,9999.000,9999.000,9999.000
202608151154,   0.119,9999.000,9999.000,9999.000,9999.000,9999.000,9999.000,9999.000,9999.000
202608151200,   0.076,9999.000,   0.400,   0.004,   0.480,   0.300,   0.380,   0.400,   0.480
