        TIME,    TIDE,      OB,   SURGE,    BIAS,     TWL,SURGE90p,  TWL90p,SURGE10p,   TWL10p
202607220000,   0.235,9999.000,   0.800,9999.000,   1.035,   0.700,   0.935,   0.800,   1.035
202607220006,   0.242,9999.000,9999.000,9999.000,9999.000,9999.000,9999.000,9999.000,9999.000
202607220012,   0.250,9999.000,9999.000,9999.000,9999.000,9999.000,9999.000,9999.000,9999.000
202607220018,   0.258,9999.000,9999.000,9999.000,9999.000,9999.000,9999.000,9999.000,9999.000
202607220024,   0.266,9999.000,9999.000,9999.000,9999.000,9999.000,9999.000,9999.000,9999.000
202607220030,   0.274,9999.000,9999.000,9999.000,9999.000,9999.000,9999.000,9999.000,9999.000
202607220036,   0.283,9999.000,9999.000,9999.000,9999.000,9999.000,9999.000,9999.000,9999.000
202607220042,   0.291,9999.000,9999.000,9999.000,9999.000,9999.000,9999.000,9999.000,9999.000
202607220048,   0.300,9999.000,9999.000,9999.000,9999.000,9999.000,9999.000,9999.000,9999.000
202607220054,   0.309,9999.000,9999.000,9999.000,9999.000,9999.000,9999.000,9999.000,9999.000
202607220100,   0.319,   0.869,   0.800,  -0.250,   0.869,   0.700,   0.769,   0.800,   0.869
202607220106,   0.328,   0.839,9999.000,9999.000,9999.000,9999.000,9999.000,9999.000,9999.000
202607220112,   0.338,   0.849,9999.000,9999.000,9999.000,9999.000,9999.000,9999.000,9999.000
202607220118,   0.347,   0.859,9999.000,9999.000,9999.000,9999.000,9999.000,9999.000,9999.000
202607220124,   0.357,   0.819,9999.000,9999.000,9999.000,9999.000,9999.000,9999.000,9999.000
202607220130,   0.367,   0.829,9999.000,9999.000,9999.000,9999.000,9999.000,9999.000,9999.000
202607220136,   0.378,   0.849,9999.000,9999.000,9999.000,9999.000,9999.000,9999.000,9999.000
202607220142,   0.388,   0.859,9999.000,9999.000,9999.000,9999.000,9999.000,9999.000,9999.000
202607220148,   0.399,   0.888,9999.000,9999.000,9999.000,9999.000,9999.000,9999.000,9999.000
202607220154,   0.409,   0.888,9999.000,9999.000,9999.000,9999.000,9999.000,9999.000,9999.000
202607220200,   0.420,   0.898,   0.800,  -0.322,   0.898,   0.700,   0.798,   0.800,   0.898
202607220206,   0.431,   0.941,9999.000,9999.000,9999.000,9999.000,9999.000,9999.000,9999.000
202607220212,   0.442,   0.941,9999.000,9999.000,9999.000,9999.000,9999.000,9999.000,9999.000
202607220218,   0.453,   0.898,9999.000,9999.000,9999.000,9999.000,9999.000,9999.000,9999.000
202607220224,   0.464,   0.869,9999.000,9999.000,9999.000,9999.000,9999.000,9999.000,9999.000
202607220230,   0.476,   0.839,9999.000,9999.000,9999.000,9999.000,9999.000,9999.000,9999.000
202607220236,   0.487,   0.888,9999.000,9999.000,9999.000,9999.000,9999.000,9999.000,9999.000
202607220242,   0.499,   0.918,9999.000,9999.000,9999.000,9999.000,9999.000,9999.000,9999.000
202607220248,   0.510,   0.990,9999.000,9999.000,9999.000,9999.000,9999.000,9999.000,9999.000
202607220254,   0.522,   0.990,9999.000,9999.000,9999.000,9999.000,9999.000,9999.000,9999.000
202607220300,   0.534,   0.970,   0.700,  -0.264,   0.970,   0.700,   0.970,   0.800,   1.070
202607220306,   0.546,   0.961,9999.000,9999.000,9999.000,9999.000,9999.000,9999.000,9999.000
202607220312,   0.557,   0.980,9999.000,9999.000,9999.000,9999.000,9999.000,9999.000,9999.000
202607220318,   0.569,   0.961,9999.000,9999.000,9999.000,9999.000,9999.000,9999.000,9999.000
202607220324,   0.581,   0.980,9999.000,9999.000,9999.000,9999.000,9999.000,9999.000,9999.000
202607220330,   0.593,   1.010,9999.000,9999.000,9999.000,9999.000,9999.000,9999.000,9999.000
202607220336,   0.605,   1.039,9999.000,9999.000,9999.000,9999.000,9999.000,9999.000,9999.000
202607220342,   0.617,   1.088,9999.000,9999.000,9999.000,9999.000,9999.000,9999.000,9999.000
202607220348,   0.629,   1.161,9999.000,9999.000,9999.000,9999.000,9999.000,9999.000,9999.000
202607220354,   0.641,   1.220,9999.000,9999.000,9999.000,9999.000,9999.000,9999.000,9999.000
202607220400,   0.653,   1.229,   0.700,  -0.124,   1.229,   0.600,   1.129,   0.700,   1.229
202607220406,   0.665,   1.200,9999.000,9999.000,9999.000,9999.000,9999.000,9999.000,9999.000
202607220412,   0.677,   1.200,9999.000,9999.000,9999.000,9999.000,9999.000,9999.000,9999.000
202607220418,   0.690,   1.220,9999.000,9999.000,9999.000,9999.000,9999.000,9999.000,9999.000
202607220424,   0.701,   1.239,9999.000,9999.000,9999.000,9999.000,9999.000,9999.000,9999.000
202607220430,   0.713,   1.269,9999.000,9999.000,9999.000,9999.000,9999.000,9999.000,9999.000
202607220436,   0.725,   1.239,9999.000,9999.000,9999.000,9999.000,9999.000,9999.000,9999.000
202607220442,   0.737,   1.229,9999.000,9999.000,9999.000,9999.000,9999.000,9999.000,9999.000
202607220448,   0.749,   1.229,9999.000,9999.000,9999.000,9999.000,9999.000,9999.000,9999.000
202607220454,   0.761,   1.269,9999.000,9999.000,9999.000,9999.000,9999.000,9999.000,9999.000
202607220500,   0.772,   1.289,   0.700,  -0.183,   1.289,   0.600,   1.189,   0.700,   1.289
202607220506,   0.784,   1.328,9999.000,9999.000,9999.000,9999.000,9999.000,9999.000,9999.000
202607220512,   0.796,   1.328,9999.000,9999.000,9999.000,9999.000,9999.000,9999.000,9999.000
202607220518,   0.807,   1.348,9999.000,9999.000,9999.000,9999.000,9999.000,9999.000,9999.000
202607220524,   0.818,   1.348,9999.000,9999.000,9999.000,9999.000,9999.000,9999.000,9999.000
202607220530,   0.830,   1.371,9999.000,9999.000,9999.000,9999.000,9999.000,9999.000,9999.000
202607220536,   0.841,   1.390,9999.000,9999.000,9999.000,9999.000,9999.000,9999.000,9999.000
202607220542,   0.852,   1.390,9999.000,9999.000,9999.000,9999.000,9999.000,9999.000,9999.000
202607220548,   0.863,   1.420,9999.000,9999.000,9999.000,9999.000,9999.000,9999.000,9999.000
202607220554,   0.873,   1.400,9999.000,9999.000,9999.000,9999.000,9999.000,9999.000,9999.000
202607220600,   0.884,   1.420,   0.700,  -0.164,   1.420,   0.600,   1.320,   0.800,   1.520
202607220606,   0.895,   1.410,9999.000,9999.000,9999.000,9999.000,9999.000,9999.000,9999.000
202607220612,   0.905,   1.410,9999.000,9999.000,9999.000,9999.000,9999.000,9999.000,9999.000
202607220618,   0.915,   1.410,9999.000,9999.000,9999.000,9999.000,9999.000,9999.000,9999.000
202607220624,   0.925,   1.430,9999.000,9999.000,9999.000,9999.000,9999.000,9999.000,9999.000
202607220630,   0.935,   1.469,9999.000,9999.000,9999.000,9999.000,9999.000,9999.000,9999.000
202607220636,   0.945,   1.479,9999.000,9999.000,9999.000,9999.000,9999.000,9999.000,9999.000
202607220642,   0.954,   1.489,9999.000,9999.000,9999.000,9999.000,9999.000,9999.000,9999.000
202607220648,   0.963,   1.518,9999.000,9999.000,9999.000,9999.000,9999.000,9999.000,9999.000
202607220654,   0.972,   1.528,9999.000,9999.000,9999.000,9999.000,9999.000,9999.000,9999.000
202607220700,   0.981,   1.610,   0.700,  -0.071,   1.610,   0.600,   1.510,   0.700,   1.610
202607220706,   0.990,   1.649,9999.000,9999.000,9999.000,9999.000,9999.000,9999.000,9999.000
202607220712,   0.998,   1.679,9999.000,9999.000,9999.000,9999.000,9999.000,9999.000,9999.000
202607220718,   1.007,   1.689,9999.000,9999.000,9999.000,9999.000,9999.000,9999.000,9999.000
202607220724,   1.015,   1.699,9999.000,9999.000,9999.000,9999.000,9999.000,9999.000,9999.000
202607220730,   1.023,   1.718,9999.000,9999.000,9999.000,9999.000,9999.000,9999.000,9999.000
202607220736,   1.030,   1.738,9999.000,9999.000,9999.000,9999.000,9999.000,9999.000,9999.000
202607220742,   1.037,   1.748,9999.000,9999.000,9999.000,9999.000,9999.000,9999.000,9999.000
202607220748,   1.044,   1.728,9999.000,9999.000,9999.000,9999.000,9999.000,9999.000,9999.000
202607220754,   1.051,   1.718,9999.000,9999.000,9999.000,9999.000,9999.000,9999.000,9999.000
202607220800,   1.058,   1.699,   0.700,  -0.059,   1.699,   0.600,   1.599,   0.700,   1.699
202607220806,   1.064,   1.708,9999.000,9999.000,9999.000,9999.000,9999.000,9999.000,9999.000
202607220812,   1.070,   1.728,9999.000,9999.000,9999.000,9999.000,9999.000,9999.000,9999.000
202607220818,   1.076,   1.738,9999.000,9999.000,9999.000,9999.000,9999.000,9999.000,9999.000
202607220824,   1.081,   1.758,9999.000,9999.000,9999.000,9999.000,9999.000,9999.000,9999.000
202607220830,   1.086,   1.767,9999.000,9999.000,9999.000,9999.000,9999.000,9999.000,9999.000
202607220836,   1.091,   1.748,9999.000,9999.000,9999.000,9999.000,9999.000,9999.000,9999.000
202607220842,   1.095,   1.718,9999.000,9999.000,9999.000,9999.000,9999.000,9999.000,9999.000
202607220848,   1.100,   1.708,9999.000,9999.000,9999.000,9999.000,9999.000,9999.000,9999.000
202607220854,   1.104,   1.728,9999.000,9999.000,9999.000,9999.000,9999.000,9999.000,9999.000
202607220900,   1.107,   1.748,   0.700,  -0.059,   1.748,   0.600,   1.648,   0.700,   1.748
202607220906,   1.110,   1.748,9999.000,9999.000,9999.000,9999.000,9999.000,9999.000,9999.000
202607220912,   1.113,   1.767,9999.000,9999.000,9999.000,9999.000,9999.000,9999.000,9999.000
202607220918,   1.116,   1.767,9999.000,9999.000,9999.000,9999.000,9999.000,9999.000,9999.000
202607220924,   1.118,   1.790,9999.000,9999.000,9999.000,9999.000,9999.000,9999.000,9999.000
202607220930,   1.120,   1.810,9999.000,9999.000,9999.000,9999.000,9999.000,9999.000,9999.000
202607220936,   1.122,   1.810,9999.000,9999.000,9999.000,9999.000,9999.000,9999.000,9999.000
202607220942,   1.123,   1.849,9999.000,9999.000,9999.000,9999.000,9999.000,9999.000,9999.000
202607220948,   1.124,   1.820,9999.000,9999.000,9999.000,9999.000,9999.000,9999.000,9999.000
202607220954,   1.125,   1.830,9999.000,9999.000,9999.000,9999.000,9999.000,9999.000,9999.000
202607221000,   1.125,   1.800,   0.700,  -0.025,   1.800,   0.600,   1.700,   0.700,   1.800
202607221006,   1.125,   1.859,9999.000,9999.000,9999.000,9999.000,9999.000,9999.000,9999.000
202607221012,   1.124,   1.899,9999.000,9999.000,9999.000,9999.000,9999.000,9999.000,9999.000
202607221018,   1.124,   1.908,9999.000,9999.000,9999.000,9999.000,9999.000,9999.000,9999.000
202607221024,   1.123,   1.918,9999.000,9999.000,9999.000,9999.000,9999.000,9999.000,9999.000
202607221030,   1.121,   1.879,9999.000,9999.000,9999.000,9999.000,9999.000,9999.000,9999.000
202607221036,   1.119,   1.879,9999.000,9999.000,9999.000,9999.000,9999.000,9999.000,9999.000
202607221042,   1.117,   1.928,9999.000,9999.000,9999.000,9999.000,9999.000,9999.000,9999.000
202607221048,   1.114,   1.908,9999.000,9999.000,9999.000,9999.000,9999.000,9999.000,9999.000
202607221054,   1.111,   1.889,9999.000,9999.000,9999.000,9999.000,9999.000,9999.000,9999.000
202607221100,   1.108,   1.859,   0.700,   0.051,   1.859,   0.600,   1.759,   0.700,   1.859
202607221106,   1.105,   1.830,9999.000,9999.000,9999.000,9999.000,9999.000,9999.000,9999.000
202607221112,   1.101,   1.820,9999.000,9999.000,9999.000,9999.000,9999.000,9999.000,9999.000
202607221118,   1.096,   1.859,9999.000,9999.000,9999.000,9999.000,9999.000,9999.000,9999.000
202607221124,   1.092,   1.859,9999.000,9999.000,9999.000,9999.000,9999.000,9999.000,9999.000
202607221130,   1.086,   1.840,9999.000,9999.000,9999.000,9999.000,9999.000,9999.000,9999.000
202607221136,   1.081,   1.830,9999.000,9999.000,9999.000,9999.000,9999.000,9999.000,9999.000
202607221142,   1.075,   1.781,9999.000,9999.000,9999.000,9999.000,9999.000,9999.000,9999.000
202607221148,   1.069,   1.767,9999.000,9999.000,9999.000,9999.000,9999.000,9999.000,9999.000
202607221154,   1.063,   1.820,9999.000,9999.000,9999.000,9999.000,9999.000,9999.000,9999.000
202607221200,   1.056,   1.849,   0.600,   0.193,   1.849,   0.500,   1.749,   0.600,   1.849
202607221206,   1.049,   1.849,9999.000,9999.000,9999.000,9999.000,9999.000,9999.000,9999.000
202607221212,   1.041,   1.830,9999.000,9999.000,9999.000,9999.000,9999.000,9999.000,9999.000
202607221218,   1.034,   1.810,9999.000,9999.000,9999.000,9999.000,9999.000,9999.000,9999.000
202607221224,   1.026,   1.820,9999.000,9999.000,9999.000,9999.000,9999.000,9999.000,9999.000
202607221230,   1.017,   1.849,9999.000,9999.000,9999.000,9999.000,9999.000,9999.000,9999.000
202607221236,   1.008,   1.879,9999.000,9999.000,9999.000,9999.000,9999.000,9999.000,9999.000
202607221242,   0.999,   1.879,9999.000,9999.000,9999.000,9999.000,9999.000,9999.000,9999.000
202607221248,   0.990,   1.879,9999.000,9999.000,9999.000,9999.000,9999.000,9999.000,9999.000
202607221254,   0.980,   1.849,9999.000,9999.000,9999.000,9999.000,9999.000,9999.000,9999.000
202607221300,   0.970,   1.859,   0.600,   0.289,   1.859,   0.500,   1.759,   0.600,   1.859
202607221306,   0.960,   1.840,9999.000,9999.000,9999.000,9999.000,9999.000,9999.000,9999.000
202607221312,   0.949,   1.849,9999.000,9999.000,9999.000,9999.000,9999.000,9999.000,9999.000
202607221318,   0.939,   1.830,9999.000,9999.000,9999.000,9999.000,9999.000,9999.000,9999.000
202607221324,   0.928,   1.830,9999.000,9999.000,9999.000,9999.000,9999.000,9999.000,9999.000
202607221330,   0.916,   1.810,9999.000,9999.000,9999.000,9999.000,9999.000,9999.000,9999.000
202607221336,   0.905,   1.800,9999.000,9999.000,9999.000,9999.000,9999.000,9999.000,9999.000
202607221342,   0.893,   1.767,9999.000,9999.000,9999.000,9999.000,9999.000,9999.000,9999.000
202607221348,   0.881,   1.748,9999.000,9999.000,9999.000,9999.000,9999.000,9999.000,9999.000
202607221354,   0.868,   1.748,9999.000,9999.000,9999.000,9999.000,9999.000,9999.000,9999.000
202607221400,   0.856,   1.748,   0.600,   0.292,   1.748,   0.500,   1.648,   0.600,   1.748
202607221406,   0.843,   1.728,9999.000,9999.000,9999.000,9999.000,9999.000,9999.000,9999.000
202607221412,   0.830,   1.689,9999.000,9999.000,9999.000,9999.000,9999.000,9999.000,9999.000
202607221418,   0.817,   1.669,9999.000,9999.000,9999.000,9999.000,9999.000,9999.000,9999.000
202607221424,   0.803,   1.679,9999.000,9999.000,9999.000,9999.000,9999.000,9999.000,9999.000
202607221430,   0.790,   1.649,9999.000,9999.000,9999.000,9999.000,9999.000,9999.000,9999.000
202607221436,   0.776,   1.610,9999.000,9999.000,9999.000,9999.000,9999.000,9999.000,9999.000
202607221442,   0.762,   1.600,9999.000,9999.000,9999.000,9999.000,9999.000,9999.000,9999.000
202607221448,   0.748,   1.571,9999.000,9999.000,9999.000,9999.000,9999.000,9999.000,9999.000
202607221454,   0.734,   1.548,9999.000,9999.000,9999.000,9999.000,9999.000,9999.000,9999.000
202607221500,   0.720,   1.557,   0.600,   0.237,   1.557,   0.500,   1.457,   0.700,   1.657
202607221506,   0.705,   1.557,9999.000,9999.000,9999.000,9999.000,9999.000,9999.000,9999.000
202607221512,   0.691,   1.528,9999.000,9999.000,9999.000,9999.000,9999.000,9999.000,9999.000
202607221518,   0.676,   1.528,9999.000,9999.000,9999.000,9999.000,9999.000,9999.000,9999.000
202607221524,   0.661,   1.538,9999.000,9999.000,9999.000,9999.000,9999.000,9999.000,9999.000
202607221530,   0.646,   1.508,9999.000,9999.000,9999.000,9999.000,9999.000,9999.000,9999.000
202607221536,   0.632,   1.538,9999.000,9999.000,9999.000,9999.000,9999.000,9999.000,9999.000
202607221542,   0.617,   1.528,9999.000,9999.000,9999.000,9999.000,9999.000,9999.000,9999.000
202607221548,   0.602,   1.528,9999.000,9999.000,9999.000,9999.000,9999.000,9999.000,9999.000
202607221554,   0.587,   1.528,9999.000,9999.000,9999.000,9999.000,9999.000,9999.000,9999.000
202607221600,   0.571,   1.508,   0.600,   0.337,   1.508,   0.500,   1.408,   0.700,   1.608
202607221606,   0.556,   1.469,9999.000,9999.000,9999.000,9999.000,9999.000,9999.000,9999.000
202607221612,   0.541,   1.459,9999.000,9999.000,9999.000,9999.000,9999.000,9999.000,9999.000
202607221618,   0.526,   1.439,9999.000,9999.000,9999.000,9999.000,9999.000,9999.000,9999.000
202607221624,   0.511,   1.400,9999.000,9999.000,9999.000,9999.000,9999.000,9999.000,9999.000
202607221630,   0.496,   1.361,9999.000,9999.000,9999.000,9999.000,9999.000,9999.000,9999.000
202607221636,   0.481,   1.318,9999.000,9999.000,9999.000,9999.000,9999.000,9999.000,9999.000
202607221642,   0.466,   1.318,9999.000,9999.000,9999.000,9999.000,9999.000,9999.000,9999.000
202607221648,   0.451,   1.328,9999.000,9999.000,9999.000,9999.000,9999.000,9999.000,9999.000
202607221654,   0.437,   1.338,9999.000,9999.000,9999.000,9999.000,9999.000,9999.000,9999.000
202607221700,   0.422,   1.338,   0.600,   0.316,   1.338,   0.500,   1.238,   0.700,   1.438
202607221706,   0.407,   1.338,9999.000,9999.000,9999.000,9999.000,9999.000,9999.000,9999.000
202607221712,   0.393,   1.328,9999.000,9999.000,9999.000,9999.000,9999.000,9999.000,9999.000
202607221718,   0.379,   1.338,9999.000,9999.000,9999.000,9999.000,9999.000,9999.000,9999.000
202607221724,   0.364,   1.361,9999.000,9999.000,9999.000,9999.000,9999.000,9999.000,9999.000
202607221730,   0.350,   1.361,9999.000,9999.000,9999.000,9999.000,9999.000,9999.000,9999.000
202607221736,   0.336,   1.348,9999.000,9999.000,9999.000,9999.000,9999.000,9999.000,9999.000
202607221742,   0.323,   1.318,9999.000,9999.000,9999.000,9999.000,9999.000,9999.000,9999.000
202607221748,   0.309,   1.289,9999.000,9999.000,9999.000,9999.000,9999.000,9999.000,9999.000
202607221754,   0.296,   1.279,9999.000,9999.000,9999.000,9999.000,9999.000,9999.000,9999.000
202607221800,   0.282,   1.259,   0.700,   0.277,   1.259,   0.600,   1.159,   0.700,   1.259
202607221806,   0.269,   1.220,9999.000,9999.000,9999.000,9999.000,9999.000,9999.000,9999.000
202607221812,   0.257,   1.200,9999.000,9999.000,9999.000,9999.000,9999.000,9999.000,9999.000
202607221818,   0.244,   1.180,9999.000,9999.000,9999.000,9999.000,9999.000,9999.000,9999.000
202607221824,   0.232,   1.138,9999.000,9999.000,9999.000,9999.000,9999.000,9999.000,9999.000
202607221830,   0.220,   1.180,9999.000,9999.000,9999.000,9999.000,9999.000,9999.000,9999.000
202607221836,   0.208,   1.138,9999.000,9999.000,9999.000,9999.000,9999.000,9999.000,9999.000
202607221842,   0.196,   1.118,9999.000,9999.000,9999.000,9999.000,9999.000,9999.000,9999.000
202607221848,   0.185,   1.098,9999.000,9999.000,9999.000,9999.000,9999.000,9999.000,9999.000
202607221854,   0.174,   1.108,9999.000,9999.000,9999.000,9999.000,9999.000,9999.000,9999.000
202607221900,   0.163,   1.108,   0.700,   0.245,   1.108,   0.600,   1.008,   0.800,   1.208
202607221906,   0.153,   1.151,9999.000,9999.000,9999.000,9999.000,9999.000,9999.000,9999.000
202607221912,   0.143,   1.128,9999.000,9999.000,9999.000,9999.000,9999.000,9999.000,9999.000
202607221918,   0.133,   1.128,9999.000,9999.000,9999.000,9999.000,9999.000,9999.000,9999.000
202607221924,   0.123,   1.108,9999.000,9999.000,9999.000,9999.000,9999.000,9999.000,9999.000
202607221930,   0.114,   1.088,9999.000,9999.000,9999.000,9999.000,9999.000,9999.000,9999.000
202607221936,   0.105,   1.069,9999.000,9999.000,9999.000,9999.000,9999.000,9999.000,9999.000
202607221942,   0.097,   1.079,9999.000,9999.000,9999.000,9999.000,9999.000,9999.000,9999.000
202607221948,   0.089,   1.069,9999.000,9999.000,9999.000,9999.000,9999.000,9999.000,9999.000
202607221954,   0.081,   1.069,9999.000,9999.000,9999.000,9999.000,9999.000,9999.000,9999.000
202607222000,   0.073,   1.098,   0.800,   0.225,   1.098,   0.700,   0.998,   0.900,   1.198
202607222006,   0.066,   1.098,9999.000,9999.000,9999.000,9999.000,9999.000,9999.000,9999.000
202607222012,   0.059,   1.098,9999.000,9999.000,9999.000,9999.000,9999.000,9999.000,9999.000
202607222018,   0.053,   1.079,9999.000,9999.000,9999.000,9999.000,9999.000,9999.000,9999.000
202607222024,   0.047,   1.069,9999.000,9999.000,9999.000,9999.000,9999.000,9999.000,9999.000
202607222030,   0.041,   1.079,9999.000,9999.000,9999.000,9999.000,9999.000,9999.000,9999.000
202607222036,   0.036,   1.079,9999.000,9999.000,9999.000,9999.000,9999.000,9999.000,9999.000
202607222042,   0.031,   1.069,9999.000,9999.000,9999.000,9999.000,9999.000,9999.000,9999.000
202607222048,   0.027,   1.108,9999.000,9999.000,9999.000,9999.000,9999.000,9999.000,9999.000
202607222054,   0.023,   1.151,9999.000,9999.000,9999.000,9999.000,9999.000,9999.000,9999.000
202607222100,   0.019,   1.180,   0.800,   0.361,   1.180,   0.700,   1.080,   0.800,   1.180
202607222106,   0.016,   1.190,9999.000,9999.000,9999.000,9999.000,9999.000,9999.000,9999.000
202607222112,   0.013,   1.220,9999.000,9999.000,9999.000,9999.000,9999.000,9999.000,9999.000
202607222118,   0.010,   1.200,9999.000,9999.000,9999.000,9999.000,9999.000,9999.000,9999.000
202607222124,   0.008,   1.180,9999.000,9999.000,9999.000,9999.000,9999.000,9999.000,9999.000
202607222130,   0.006,   1.138,9999.000,9999.000,9999.000,9999.000,9999.000,9999.000,9999.000
202607222136,   0.005,   1.128,9999.000,9999.000,9999.000,9999.000,9999.000,9999.000,9999.000
202607222142,   0.004,   1.108,9999.000,9999.000,9999.000,9999.000,9999.000,9999.000,9999.000
202607222148,   0.003,   1.098,9999.000,9999.000,9999.000,9999.000,9999.000,9999.000,9999.000
202607222154,   0.003,   1.118,9999.000,9999.000,9999.000,9999.000,9999.000,9999.000,9999.000
202607222200,   0.004,   1.098,   0.900,   0.194,   1.098,   0.800,   0.998,   1.000,   1.198
202607222206,   0.004,   1.108,9999.000,9999.000,9999.000,9999.000,9999.000,9999.000,9999.000
202607222212,   0.005,   1.098,9999.000,9999.000,9999.000,9999.000,9999.000,9999.000,9999.000
202607222218,   0.007,   1.108,9999.000,9999.000,9999.000,9999.000,9999.000,9999.000,9999.000
202607222224,   0.009,   1.098,9999.000,9999.000,9999.000,9999.000,9999.000,9999.000,9999.000
202607222230,   0.011,   1.118,9999.000,9999.000,9999.000,9999.000,9999.000,9999.000,9999.000
202607222236,   0.013,   1.108,9999.000,9999.000,9999.000,9999.000,9999.000,9999.000,9999.000
202607222242,   0.016,   1.108,9999.000,9999.000,9999.000,9999.000,9999.000,9999.000,9999.000
202607222248,   0.020,   1.138,9999.000,9999.000,9999.000,9999.000,9999.000,9999.000,9999.000
202607222254,   0.024,   1.108,9999.000,9999.000,9999.000,9999.000,9999.000,9999.000,9999.000
202607222300,   0.028,   1.138,   0.900,   0.210,   1.138,   0.900,   1.138,   1.100,   1.338
202607222306,   0.032,   1.108,9999.000,9999.000,9999.000,9999.000,9999.000,9999.000,9999.000
202607222312,   0.037,   1.138,9999.000,9999.000,9999.000,9999.000,9999.000,9999.000,9999.000
202607222318,   0.042,   1.108,9999.000,9999.000,9999.000,9999.000,9999.000,9999.000,9999.000
202607222324,   0.048,   1.118,9999.000,9999.000,9999.000,9999.000,9999.000,9999.000,9999.000
202607222330,   0.054,   1.151,9999.000,9999.000,9999.000,9999.000,9999.000,9999.000,9999.000
202607222336,   0.060,   1.161,9999.000,9999.000,9999.000,9999.000,9999.000,9999.000,9999.000
202607222342,   0.067,   1.180,9999.000,9999.000,9999.000,9999.000,9999.000,9999.000,9999.000
202607222348,   0.074,   1.220,9999.000,9999.000,9999.000,9999.000,9999.000,9999.000,9999.000
202607222354,   0.081,   1.249,9999.000,9999.000,9999.000,9999.000,9999.000,9999.000,9999.000
202607230000,   0.089,   1.259,   0.900,   0.270,   1.259,   0.800,   1.159,   1.000,   1.359
202607230006,   0.097,   1.269,9999.000,9999.000,9999.000,9999.000,9999.000,9999.000,9999.000
202607230012,   0.105,   1.279,9999.000,9999.000,9999.000,9999.000,9999.000,9999.000,9999.000
202607230018,   0.113,   1.289,9999.000,9999.000,9999.000,9999.000,9999.000,9999.000,9999.000
202607230024,   0.122,   1.298,9999.000,9999.000,9999.000,9999.000,9999.000,9999.000,9999.000
202607230030,   0.131,   1.318,9999.000,9999.000,9999.000,9999.000,9999.000,9999.000,9999.000
202607230036,   0.141,   1.328,9999.000,9999.000,9999.000,9999.000,9999.000,9999.000,9999.000
202607230042,   0.151,   1.338,9999.000,9999.000,9999.000,9999.000,9999.000,9999.000,9999.000
202607230048,   0.161,   1.390,9999.000,9999.000,9999.000,9999.000,9999.000,9999.000,9999.000
202607230054,   0.171,   1.410,9999.000,9999.000,9999.000,9999.000,9999.000,9999.000,9999.000
202607230100,   0.181,   1.449,   1.000,   0.268,   1.449,   0.900,   1.349,   1.100,   1.549
202607230106,   0.192,   1.449,9999.000,9999.000,9999.000,9999.000,9999.000,9999.000,9999.000
202607230112,   0.203,   1.459,9999.000,9999.000,9999.000,9999.000,9999.000,9999.000,9999.000
202607230118,   0.215,   1.479,9999.000,9999.000,9999.000,9999.000,9999.000,9999.000,9999.000
202607230124,   0.226,   1.508,9999.000,9999.000,9999.000,9999.000,9999.000,9999.000,9999.000
202607230130,   0.238,   1.518,9999.000,9999.000,9999.000,9999.000,9999.000,9999.000,9999.000
202607230136,   0.250,   1.557,9999.000,9999.000,9999.000,9999.000,9999.000,9999.000,9999.000
202607230142,   0.262,   1.580,9999.000,9999.000,9999.000,9999.000,9999.000,9999.000,9999.000
202607230148,   0.274,   1.600,9999.000,9999.000,9999.000,9999.000,9999.000,9999.000,9999.000
202607230154,   0.287,   1.620,9999.000,9999.000,9999.000,9999.000,9999.000,9999.000,9999.000
202607230200,   0.299,   1.620,   1.000,   0.321,   1.620,   0.900,   1.520,   1.200,   1.820
202607230206,   0.312,   1.600,9999.000,9999.000,9999.000,9999.000,9999.000,9999.000,9999.000
202607230212,   0.325,   1.610,9999.000,9999.000,9999.000,9999.000,9999.000,9999.000,9999.000
202607230218,   0.339,   1.600,9999.000,9999.000,9999.000,9999.000,9999.000,9999.000,9999.000
202607230224,   0.352,   1.600,9999.000,9999.000,9999.000,9999.000,9999.000,9999.000,9999.000
202607230230,   0.366,   1.557,9999.000,9999.000,9999.000,9999.000,9999.000,9999.000,9999.000
202607230236,   0.379,   1.557,9999.000,9999.000,9999.000,9999.000,9999.000,9999.000,9999.000
202607230242,   0.393,   1.528,9999.000,9999.000,9999.000,9999.000,9999.000,9999.000,9999.000
202607230248,   0.407,   1.557,9999.000,9999.000,9999.000,9999.000,9999.000,9999.000,9999.000
202607230254,   0.421,   1.548,9999.000,9999.000,9999.000,9999.000,9999.000,9999.000,9999.000
202607230300,   0.435,   1.548,   1.100,   0.013,   1.548,   0.900,   1.348,   1.200,   1.648
202607230306,   0.449,   1.571,9999.000,9999.000,9999.000,9999.000,9999.000,9999.000,9999.000
202607230312,   0.464,   1.580,9999.000,9999.000,9999.000,9999.000,9999.000,9999.000,9999.000
202607230318,   0.478,   1.580,9999.000,9999.000,9999.000,9999.000,9999.000,9999.000,9999.000
202607230324,   0.492,   1.610,9999.000,9999.000,9999.000,9999.000,9999.000,9999.000,9999.000
202607230330,   0.507,   1.630,9999.000,9999.000,9999.000,9999.000,9999.000,9999.000,9999.000
202607230336,   0.521,   1.649,9999.000,9999.000,9999.000,9999.000,9999.000,9999.000,9999.000
202607230342,   0.536,   1.649,9999.000,9999.000,9999.000,9999.000,9999.000,9999.000,9999.000
202607230348,   0.551,   1.639,9999.000,9999.000,9999.000,9999.000,9999.000,9999.000,9999.000
202607230354,   0.565,   1.649,9999.000,9999.000,9999.000,9999.000,9999.000,9999.000,9999.000
202607230400,   0.580,   1.649,   1.100,  -0.031,   1.649,   0.900,   1.449,   1.300,   1.849
202607230406,   0.595,   1.630,9999.000,9999.000,9999.000,9999.000,9999.000,9999.000,9999.000
202607230412,   0.609,   1.699,9999.000,9999.000,9999.000,9999.000,9999.000,9999.000,9999.000
202607230418,   0.624,   1.728,9999.000,9999.000,9999.000,9999.000,9999.000,9999.000,9999.000
202607230424,   0.639,   1.738,9999.000,9999.000,9999.000,9999.000,9999.000,9999.000,9999.000
202607230430,   0.653,   1.748,9999.000,9999.000,9999.000,9999.000,9999.000,9999.000,9999.000
202607230436,   0.668,   1.748,9999.000,9999.000,9999.000,9999.000,9999.000,9999.000,9999.000
202607230442,   0.682,   1.748,9999.000,9999.000,9999.000,9999.000,9999.000,9999.000,9999.000
202607230448,   0.697,   1.781,9999.000,9999.000,9999.000,9999.000,9999.000,9999.000,9999.000
202607230454,   0.711,   1.810,9999.000,9999.000,9999.000,9999.000,9999.000,9999.000,9999.000
202607230500,   0.726,   1.800,   1.100,  -0.026,   1.800,   0.900,   1.600,   1.400,   2.100
202607230506,   0.740,   1.830,9999.000,9999.000,9999.000,9999.000,9999.000,9999.000,9999.000
202607230512,   0.754,   1.830,9999.000,9999.000,9999.000,9999.000,9999.000,9999.000,9999.000
202607230518,   0.769,   1.908,9999.000,9999.000,9999.000,9999.000,9999.000,9999.000,9999.000
202607230524,   0.783,   1.948,9999.000,9999.000,9999.000,9999.000,9999.000,9999.000,9999.000
202607230530,   0.797,   1.938,9999.000,9999.000,9999.000,9999.000,9999.000,9999.000,9999.000
202607230536,   0.811,   1.967,9999.000,9999.000,9999.000,9999.000,9999.000,9999.000,9999.000
202607230542,   0.824,   1.948,9999.000,9999.000,9999.000,9999.000,9999.000,9999.000,9999.000
202607230548,   0.838,   1.958,9999.000,9999.000,9999.000,9999.000,9999.000,9999.000,9999.000
202607230554,   0.852,   1.967,9999.000,9999.000,9999.000,9999.000,9999.000,9999.000,9999.000
202607230600,   0.865,   1.981,   1.100,   0.016,   1.981,   1.000,   1.881,   1.300,   2.181
202607230606,   0.878,   2.030,9999.000,9999.000,9999.000,9999.000,9999.000,9999.000,9999.000
202607230612,   0.891,   2.069,9999.000,9999.000,9999.000,9999.000,9999.000,9999.000,9999.000
202607230618,   0.904,   2.049,9999.000,9999.000,9999.000,9999.000,9999.000,9999.000,9999.000
202607230624,   0.917,   2.030,9999.000,9999.000,9999.000,9999.000,9999.000,9999.000,9999.000
202607230630,   0.930,   2.069,9999.000,9999.000,9999.000,9999.000,9999.000,9999.000,9999.000
202607230636,   0.942,   2.049,9999.000,9999.000,9999.000,9999.000,9999.000,9999.000,9999.000
202607230642,   0.954,   2.059,9999.000,9999.000,9999.000,9999.000,9999.000,9999.000,9999.000
202607230648,   0.967,   2.109,9999.000,9999.000,9999.000,9999.000,9999.000,9999.000,9999.000
202607230654,   0.978,   2.079,9999.000,9999.000,9999.000,9999.000,9999.000,9999.000,9999.000
202607230700,   0.990,   2.079,   1.200,  -0.111,   2.079,   1.000,   1.879,   1.400,   2.279
202607230706,   1.001,   2.059,9999.000,9999.000,9999.000,9999.000,9999.000,9999.000,9999.000
202607230712,   1.013,   2.069,9999.000,9999.000,9999.000,9999.000,9999.000,9999.000,9999.000
202607230718,   1.024,   2.030,9999.000,9999.000,9999.000,9999.000,9999.000,9999.000,9999.000
202607230724,   1.034,   2.040,9999.000,9999.000,9999.000,9999.000,9999.000,9999.000,9999.000
202607230730,   1.045,   2.040,9999.000,9999.000,9999.000,9999.000,9999.000,9999.000,9999.000
202607230736,   1.055,   2.059,9999.000,9999.000,9999.000,9999.000,9999.000,9999.000,9999.000
202607230742,   1.065,   2.040,9999.000,9999.000,9999.000,9999.000,9999.000,9999.000,9999.000
202607230748,   1.075,   2.040,9999.000,9999.000,9999.000,9999.000,9999.000,9999.000,9999.000
202607230754,   1.085,   2.069,9999.000,9999.000,9999.000,9999.000,9999.000,9999.000,9999.000
202607230800,   1.094,   2.118,   1.200,  -0.176,   2.118,   1.000,   1.918,   1.300,   2.218
202607230806,   1.103,   2.158,9999.000,9999.000,9999.000,9999.000,9999.000,9999.000,9999.000
202607230812,   1.112,   2.177,9999.000,9999.000,9999.000,9999.000,9999.000,9999.000,9999.000
202607230818,   1.120,   2.168,9999.000,9999.000,9999.000,9999.000,9999.000,9999.000,9999.000
202607230824,   1.128,   2.158,9999.000,9999.000,9999.000,9999.000,9999.000,9999.000,9999.000
202607230830,   1.136,   2.168,9999.000,9999.000,9999.000,9999.000,9999.000,9999.000,9999.000
202607230836,   1.143,   2.191,9999.000,9999.000,9999.000,9999.000,9999.000,9999.000,9999.000
202607230842,   1.151,   2.200,9999.000,9999.000,9999.000,9999.000,9999.000,9999.000,9999.000
202607230848,   1.157,   2.158,9999.000,9999.000,9999.000,9999.000,9999.000,9999.000,9999.000
202607230854,   1.164,   2.191,9999.000,9999.000,9999.000,9999.000,9999.000,9999.000,9999.000
202607230900,   1.170,   2.177,   1.100,  -0.093,   2.177,   1.000,   2.077,   1.300,   2.377
202607230906,   1.176,   2.191,9999.000,9999.000,9999.000,9999.000,9999.000,9999.000,9999.000
202607230912,   1.182,   2.191,9999.000,9999.000,9999.000,9999.000,9999.000,9999.000,9999.000
202607230918,   1.187,   2.191,9999.000,9999.000,9999.000,9999.000,9999.000,9999.000,9999.000
202607230924,   1.192,   2.158,9999.000,9999.000,9999.000,9999.000,9999.000,9999.000,9999.000
202607230930,   1.196,   2.148,9999.000,9999.000,9999.000,9999.000,9999.000,9999.000,9999.000
202607230936,   1.201,   2.118,9999.000,9999.000,9999.000,9999.000,9999.000,9999.000,9999.000
202607230942,   1.204,   2.118,9999.000,9999.000,9999.000,9999.000,9999.000,9999.000,9999.000
202607230948,   1.208,   2.148,9999.000,9999.000,9999.000,9999.000,9999.000,9999.000,9999.000
202607230954,   1.211,   2.128,9999.000,9999.000,9999.000,9999.000,9999.000,9999.000,9999.000
202607231000,   1.214,   2.128,   1.200,  -0.286,   2.128,   1.000,   1.928,   1.300,   2.228
202607231006,   1.216,   2.089,9999.000,9999.000,9999.000,9999.000,9999.000,9999.000,9999.000
202607231012,   1.218,   2.099,9999.000,9999.000,9999.000,9999.000,9999.000,9999.000,9999.000
202607231018,   1.220,   2.089,9999.000,9999.000,9999.000,9999.000,9999.000,9999.000,9999.000
202607231024,   1.221,   2.069,9999.000,9999.000,9999.000,9999.000,9999.000,9999.000,9999.000
202607231030,   1.222,   2.069,9999.000,9999.000,9999.000,9999.000,9999.000,9999.000,9999.000
202607231036,   1.222,   2.059,9999.000,9999.000,9999.000,9999.000,9999.000,9999.000,9999.000
202607231042,   1.222,   2.089,9999.000,9999.000,9999.000,9999.000,9999.000,9999.000,9999.000
202607231048,   1.222,   2.069,9999.000,9999.000,9999.000,9999.000,9999.000,9999.000,9999.000
202607231054,   1.221,   2.079,9999.000,9999.000,9999.000,9999.000,9999.000,9999.000,9999.000
202607231100,   1.220,   2.069,   1.100,  -0.251,   2.069,   0.900,   1.869,   1.200,   2.169
202607231106,   1.219,   2.079,9999.000,9999.000,9999.000,9999.000,9999.000,9999.000,9999.000
202607231112,   1.217,   2.089,9999.000,9999.000,9999.000,9999.000,9999.000,9999.000,9999.000
202607231118,   1.214,   2.099,9999.000,9999.000,9999.000,9999.000,9999.000,9999.000,9999.000
202607231124,   1.212,   2.079,9999.000,9999.000,9999.000,9999.000,9999.000,9999.000,9999.000
202607231130,   1.208,   2.069,9999.000,9999.000,9999.000,9999.000,9999.000,9999.000,9999.000
202607231136,   1.205,   2.089,9999.000,9999.000,9999.000,9999.000,9999.000,9999.000,9999.000
202607231142,   1.201,   2.089,9999.000,9999.000,9999.000,9999.000,9999.000,9999.000,9999.000
202607231148,   1.197,   2.069,9999.000,9999.000,9999.000,9999.000,9999.000,9999.000,9999.000
202607231154,   1.192,   2.040,9999.000,9999.000,9999.000,9999.000,9999.000,9999.000,9999.000
202607231200,   1.187,   2.040,   0.900,  -0.047,   2.040,   0.800,   1.940,   1.000,   2.140
202607231206,   1.181,   2.059,9999.000,9999.000,9999.000,9999.000,9999.000,9999.000,9999.000
202607231212,   1.175,   2.049,9999.000,9999.000,9999.000,9999.000,9999.000,9999.000,9999.000
202607231218,   1.169,   2.079,9999.000,9999.000,9999.000,9999.000,9999.000,9999.000,9999.000
202607231224,   1.162,   2.049,9999.000,9999.000,9999.000,9999.000,9999.000,9999.000,9999.000
202607231230,   1.155,   2.010,9999.000,9999.000,9999.000,9999.000,9999.000,9999.000,9999.000
202607231236,   1.148,   1.981,9999.000,9999.000,9999.000,9999.000,9999.000,9999.000,9999.000
202607231242,   1.140,   1.958,9999.000,9999.000,9999.000,9999.000,9999.000,9999.000,9999.000
202607231248,   1.132,   1.908,9999.000,9999.000,9999.000,9999.000,9999.000,9999.000,9999.000
202607231254,   1.123,   1.879,9999.000,9999.000,9999.000,9999.000,9999.000,9999.000,9999.000
202607231300,   1.114,   1.859,   0.900,  -0.155,   1.859,   0.800,   1.759,   1.000,   1.959
202607231306,   1.105,   1.840,9999.000,9999.000,9999.000,9999.000,9999.000,9999.000,9999.000
202607231312,   1.095,   1.859,9999.000,9999.000,9999.000,9999.000,9999.000,9999.000,9999.000
202607231318,   1.085,   1.869,9999.000,9999.000,9999.000,9999.000,9999.000,9999.000,9999.000
202607231324,   1.074,   1.820,9999.000,9999.000,9999.000,9999.000,9999.000,9999.000,9999.000
202607231330,   1.064,   1.758,9999.000,9999.000,9999.000,9999.000,9999.000,9999.000,9999.000
202607231336,   1.053,   1.758,9999.000,9999.000,9999.000,9999.000,9999.000,9999.000,9999.000
202607231342,   1.041,   1.767,9999.000,9999.000,9999.000,9999.000,9999.000,9999.000,9999.000
202607231348,   1.029,   1.781,9999.000,9999.000,9999.000,9999.000,9999.000,9999.000,9999.000
202607231354,   1.017,   1.781,9999.000,9999.000,9999.000,9999.000,9999.000,9999.000,9999.000
202607231400,   1.005,   1.738,   0.900,  -0.167,   1.738,   0.800,   1.638,   1.000,   1.838
202607231406,   0.992,   1.708,9999.000,9999.000,9999.000,9999.000,9999.000,9999.000,9999.000
202607231412,   0.979,   1.699,9999.000,9999.000,9999.000,9999.000,9999.000,9999.000,9999.000
202607231418,   0.965,   1.728,9999.000,9999.000,9999.000,9999.000,9999.000,9999.000,9999.000
202607231424,   0.952,   1.728,9999.000,9999.000,9999.000,9999.000,9999.000,9999.000,9999.000
202607231430,   0.938,   1.708,9999.000,9999.000,9999.000,9999.000,9999.000,9999.000,9999.000
202607231436,   0.923,   1.708,9999.000,9999.000,9999.000,9999.000,9999.000,9999.000,9999.000
202607231442,   0.909,   1.699,9999.000,9999.000,9999.000,9999.000,9999.000,9999.000,9999.000
202607231448,   0.894,   1.689,9999.000,9999.000,9999.000,9999.000,9999.000,9999.000,9999.000
202607231454,   0.879,   1.659,9999.000,9999.000,9999.000,9999.000,9999.000,9999.000,9999.000
202607231500,   0.864,   1.659,   0.900,  -0.105,   1.659,   0.800,   1.559,   1.000,   1.759
202607231506,   0.849,   1.639,9999.000,9999.000,9999.000,9999.000,9999.000,9999.000,9999.000
202607231512,   0.833,   1.620,9999.000,9999.000,9999.000,9999.000,9999.000,9999.000,9999.000
202607231518,   0.817,   1.590,9999.000,9999.000,9999.000,9999.000,9999.000,9999.000,9999.000
202607231524,   0.801,   1.580,9999.000,9999.000,9999.000,9999.000,9999.000,9999.000,9999.000
202607231530,   0.785,   1.548,9999.000,9999.000,9999.000,9999.000,9999.000,9999.000,9999.000
202607231536,   0.768,   1.557,9999.000,9999.000,9999.000,9999.000,9999.000,9999.000,9999.000
202607231542,   0.752,   1.528,9999.000,9999.000,9999.000,9999.000,9999.000,9999.000,9999.000
202607231548,   0.735,   1.489,9999.000,9999.000,9999.000,9999.000,9999.000,9999.000,9999.000
202607231554,   0.718,   1.479,9999.000,9999.000,9999.000,9999.000,9999.000,9999.000,9999.000
202607231600,   0.701,   1.538,   0.800,   0.037,   1.538,   0.700,   1.438,   0.900,   1.638
202607231606,   0.684,   1.528,9999.000,9999.000,9999.000,9999.000,9999.000,9999.000,9999.000
202607231612,   0.667,   1.459,9999.000,9999.000,9999.000,9999.000,9999.000,9999.000,9999.000
202607231618,   0.650,   1.439,9999.000,9999.000,9999.000,9999.000,9999.000,9999.000,9999.000
202607231624,   0.632,   1.410,9999.000,9999.000,9999.000,9999.000,9999.000,9999.000,9999.000
202607231630,   0.615,   1.400,9999.000,9999.000,9999.000,9999.000,9999.000,9999.000,9999.000
202607231636,   0.598,   1.361,9999.000,9999.000,9999.000,9999.000,9999.000,9999.000,9999.000
202607231642,   0.580,   1.328,9999.000,9999.000,9999.000,9999.000,9999.000,9999.000,9999.000
202607231648,   0.563,   1.289,9999.000,9999.000,9999.000,9999.000,9999.000,9999.000,9999.000
202607231654,   0.545,   1.279,9999.000,9999.000,9999.000,9999.000,9999.000,9999.000,9999.000
202607231700,   0.528,   1.269,   0.800,  -0.059,   1.269,   0.700,   1.169,   0.900,   1.369
202607231706,   0.510,   1.229,9999.000,9999.000,9999.000,9999.000,9999.000,9999.000,9999.000
202607231712,   0.493,   1.229,9999.000,9999.000,9999.000,9999.000,9999.000,9999.000,9999.000
202607231718,   0.475,   1.190,9999.000,9999.000,9999.000,9999.000,9999.000,9999.000,9999.000
202607231724,   0.458,   1.210,9999.000,9999.000,9999.000,9999.000,9999.000,9999.000,9999.000
202607231730,   0.441,   1.138,9999.000,9999.000,9999.000,9999.000,9999.000,9999.000,9999.000
202607231736,   0.423,   1.118,9999.000,9999.000,9999.000,9999.000,9999.000,9999.000,9999.000
202607231742,   0.406,   1.098,9999.000,9999.000,9999.000,9999.000,9999.000,9999.000,9999.000
202607231748,   0.389,   1.088,9999.000,9999.000,9999.000,9999.000,9999.000,9999.000,9999.000
202607231754,   0.372,   1.029,9999.000,9999.000,9999.000,9999.000,9999.000,9999.000,9999.000
202607231800,   0.356,   1.010,   0.700,  -0.046,   1.010,   0.700,   1.010,   0.800,   1.110
202607231806,   0.339,   1.010,9999.000,9999.000,9999.000,9999.000,9999.000,9999.000,9999.000
202607231812,   0.323,   1.000,9999.000,9999.000,9999.000,9999.000,9999.000,9999.000,9999.000
202607231818,   0.307,   1.000,9999.000,9999.000,9999.000,9999.000,9999.000,9999.000,9999.000
202607231824,   0.290,   1.000,9999.000,9999.000,9999.000,9999.000,9999.000,9999.000,9999.000
202607231830,   0.275,   0.980,9999.000,9999.000,9999.000,9999.000,9999.000,9999.000,9999.000
202607231836,   0.259,   1.010,9999.000,9999.000,9999.000,9999.000,9999.000,9999.000,9999.000
202607231842,   0.244,   1.010,9999.000,9999.000,9999.000,9999.000,9999.000,9999.000,9999.000
202607231848,   0.228,   0.980,9999.000,9999.000,9999.000,9999.000,9999.000,9999.000,9999.000
202607231854,   0.214,   0.951,9999.000,9999.000,9999.000,9999.000,9999.000,9999.000,9999.000
202607231900,   0.199,   0.941,   0.700,   0.042,   0.941,   0.700,   0.941,   0.800,   1.041
202607231906,   0.185,   0.961,9999.000,9999.000,9999.000,9999.000,9999.000,9999.000,9999.000
202607231912,   0.170,   0.928,9999.000,9999.000,9999.000,9999.000,9999.000,9999.000,9999.000
202607231918,   0.157,   0.928,9999.000,9999.000,9999.000,9999.000,9999.000,9999.000,9999.000
202607231924,   0.143,   0.908,9999.000,9999.000,9999.000,9999.000,9999.000,9999.000,9999.000
202607231930,   0.130,   0.869,9999.000,9999.000,9999.000,9999.000,9999.000,9999.000,9999.000
202607231936,   0.117,   0.859,9999.000,9999.000,9999.000,9999.000,9999.000,9999.000,9999.000
202607231942,   0.105,   0.849,9999.000,9999.000,9999.000,9999.000,9999.000,9999.000,9999.000
202607231948,   0.093,   0.839,9999.000,9999.000,9999.000,9999.000,9999.000,9999.000,9999.000
202607231954,   0.081,   0.810,9999.000,9999.000,9999.000,9999.000,9999.000,9999.000,9999.000
202607232000,   0.069,   0.790,   0.700,   0.021,   0.790,   0.700,   0.790,   0.900,   0.990
202607232006,   0.058,   0.800,9999.000,9999.000,9999.000,9999.000,9999.000,9999.000,9999.000
202607232012,   0.048,   0.790,9999.000,9999.000,9999.000,9999.000,9999.000,9999.000,9999.000
202607232018,   0.037,   0.790,9999.000,9999.000,9999.000,9999.000,9999.000,9999.000,9999.000
202607232024,   0.027,   0.770,9999.000,9999.000,9999.000,9999.000,9999.000,9999.000,9999.000
202607232030,   0.018,   0.751,9999.000,9999.000,9999.000,9999.000,9999.000,9999.000,9999.000
202607232036,   0.009,   0.731,9999.000,9999.000,9999.000,9999.000,9999.000,9999.000,9999.000
202607232042,   0.000,   0.741,9999.000,9999.000,9999.000,9999.000,9999.000,9999.000,9999.000
202607232048,  -0.007,   0.718,9999.000,9999.000,9999.000,9999.000,9999.000,9999.000,9999.000
202607232054,  -0.015,   0.698,9999.000,9999.000,9999.000,9999.000,9999.000,9999.000,9999.000
202607232100,  -0.022,   0.708,   0.700,   0.030,   0.708,   0.700,   0.708,   0.800,   0.808
202607232106,  -0.029,   0.708,9999.000,9999.000,9999.000,9999.000,9999.000,9999.000,9999.000
202607232112,  -0.036,   0.731,9999.000,9999.000,9999.000,9999.000,9999.000,9999.000,9999.000
202607232118,  -0.042,   0.688,9999.000,9999.000,9999.000,9999.000,9999.000,9999.000,9999.000
202607232124,  -0.047,   0.708,9999.000,9999.000,9999.000,9999.000,9999.000,9999.000,9999.000
202607232130,  -0.052,   0.678,9999.000,9999.000,9999.000,9999.000,9999.000,9999.000,9999.000
202607232136,  -0.057,   0.678,9999.000,9999.000,9999.000,9999.000,9999.000,9999.000,9999.000
202607232142,  -0.061,   0.639,9999.000,9999.000,9999.000,9999.000,9999.000,9999.000,9999.000
202607232148,  -0.065,   0.669,9999.000,9999.000,9999.000,9999.000,9999.000,9999.000,9999.000
202607232154,  -0.068,   0.669,9999.000,9999.000,9999.000,9999.000,9999.000,9999.000,9999.000
202607232200,  -0.071,   0.669,   0.700,   0.040,   0.669,   0.700,   0.669,   0.800,   0.769
202607232206,  -0.074,   0.649,9999.000,9999.000,9999.000,9999.000,9999.000,9999.000,9999.000
202607232212,  -0.075,   0.649,9999.000,9999.000,9999.000,9999.000,9999.000,9999.000,9999.000
202607232218,  -0.077,   0.659,9999.000,9999.000,9999.000,9999.000,9999.000,9999.000,9999.000
202607232224,  -0.078,   0.669,9999.000,9999.000,9999.000,9999.000,9999.000,9999.000,9999.000
202607232230,  -0.078,   0.678,9999.000,9999.000,9999.000,9999.000,9999.000,9999.000,9999.000
202607232236,  -0.078,   0.708,9999.000,9999.000,9999.000,9999.000,9999.000,9999.000,9999.000
202607232242,  -0.078,   0.698,9999.000,9999.000,9999.000,9999.000,9999.000,9999.000,9999.000
202607232248,  -0.077,   0.669,9999.000,9999.000,9999.000,9999.000,9999.000,9999.000,9999.000
202607232254,  -0.076,   0.639,9999.000,9999.000,9999.000,9999.000,9999.000,9999.000,9999.000
202607232300,  -0.074,   0.649,   0.700,   0.023,   0.649,   0.700,   0.649,   0.800,   0.749
202607232306,  -0.072,   0.629,9999.000,9999.000,9999.000,9999.000,9999.000,9999.000,9999.000
202607232312,  -0.069,   0.629,9999.000,9999.000,9999.000,9999.000,9999.000,9999.000,9999.000
202607232318,  -0.066,   0.639,9999.000,9999.000,9999.000,9999.000,9999.000,9999.000,9999.000
202607232324,  -0.062,   0.639,9999.000,9999.000,9999.000,9999.000,9999.000,9999.000,9999.000
202607232330,  -0.058,   0.610,9999.000,9999.000,9999.000,9999.000,9999.000,9999.000,9999.000
202607232336,  -0.054,   0.639,9999.000,9999.000,9999.000,9999.000,9999.000,9999.000,9999.000
202607232342,  -0.049,   0.669,9999.000,9999.000,9999.000,9999.000,9999.000,9999.000,9999.000
202607232348,  -0.043,   0.669,9999.000,9999.000,9999.000,9999.000,9999.000,9999.000,9999.000
202607232354,  -0.038,   0.659,9999.000,9999.000,9999.000,9999.000,9999.000,9999.000,9999.000
202607240000,  -0.031,   0.659,   0.600,   0.090,   0.659,   0.600,   0.659,   0.700,   0.759
202607240006,  -0.025,   0.669,9999.000,9999.000,9999.000,9999.000,9999.000,9999.000,9999.000
202607240012,  -0.018,   0.678,9999.000,9999.000,9999.000,9999.000,9999.000,9999.000,9999.000
202607240018,  -0.011,   0.688,9999.000,9999.000,9999.000,9999.000,9999.000,9999.000,9999.000
202607240024,  -0.003,   0.678,9999.000,9999.000,9999.000,9999.000,9999.000,9999.000,9999.000
202607240030,   0.004,   0.678,9999.000,9999.000,9999.000,9999.000,9999.000,9999.000,9999.000
202607240036,   0.013,   0.718,9999.000,9999.000,9999.000,9999.000,9999.000,9999.000,9999.000
202607240042,   0.022,   0.770,9999.000,9999.000,9999.000,9999.000,9999.000,9999.000,9999.000
202607240048,   0.031,   0.780,9999.000,9999.000,9999.000,9999.000,9999.000,9999.000,9999.000
202607240054,   0.041,   0.780,9999.000,9999.000,9999.000,9999.000,9999.000,9999.000,9999.000
202607240100,   0.051,   0.800,   0.600,   0.149,   0.800,   0.600,   0.800,   0.700,   0.900
202607240106,   0.061,   0.810,9999.000,9999.000,9999.000,9999.000,9999.000,9999.000,9999.000
202607240112,   0.071,   0.810,9999.000,9999.000,9999.000,9999.000,9999.000,9999.000,9999.000
202607240118,   0.082,   0.829,9999.000,9999.000,9999.000,9999.000,9999.000,9999.000,9999.000
202607240124,   0.094,   0.810,9999.000,9999.000,9999.000,9999.000,9999.000,9999.000,9999.000
202607240130,   0.105,   0.829,9999.000,9999.000,9999.000,9999.000,9999.000,9999.000,9999.000
202607240136,   0.117,   0.839,9999.000,9999.000,9999.000,9999.000,9999.000,9999.000,9999.000
202607240142,   0.129,   0.849,9999.000,9999.000,9999.000,9999.000,9999.000,9999.000,9999.000
202607240148,   0.141,   0.849,9999.000,9999.000,9999.000,9999.000,9999.000,9999.000,9999.000
202607240154,   0.154,   0.869,9999.000,9999.000,9999.000,9999.000,9999.000,9999.000,9999.000
202607240200,   0.167,   0.869,   0.600,   0.102,   0.869,   0.600,   0.869,   0.600,   0.869
202607240206,   0.180,   0.879,9999.000,9999.000,9999.000,9999.000,9999.000,9999.000,9999.000
202607240212,   0.193,   0.898,9999.000,9999.000,9999.000,9999.000,9999.000,9999.000,9999.000
202607240218,   0.207,   0.898,9999.000,9999.000,9999.000,9999.000,9999.000,9999.000,9999.000
202607240224,   0.221,   0.908,9999.000,9999.000,9999.000,9999.000,9999.000,9999.000,9999.000
202607240230,   0.235,   0.941,9999.000,9999.000,9999.000,9999.000,9999.000,9999.000,9999.000
202607240236,   0.249,   0.941,9999.000,9999.000,9999.000,9999.000,9999.000,9999.000,9999.000
202607240242,   0.264,   0.961,9999.000,9999.000,9999.000,9999.000,9999.000,9999.000,9999.000
202607240248,   0.278,   0.970,9999.000,9999.000,9999.000,9999.000,9999.000,9999.000,9999.000
202607240254,   0.293,   1.010,9999.000,9999.000,9999.000,9999.000,9999.000,9999.000,9999.000
202607240300,   0.308,   1.049,   0.600,   0.141,   1.049,   0.600,   1.049,   0.700,   1.149
202607240306,   0.323,   1.079,9999.000,9999.000,9999.000,9999.000,9999.000,9999.000,9999.000
202607240312,   0.338,   1.079,9999.000,9999.000,9999.000,9999.000,9999.000,9999.000,9999.000
202607240318,   0.354,   1.069,9999.000,9999.000,9999.000,9999.000,9999.000,9999.000,9999.000
202607240324,   0.369,   1.098,9999.000,9999.000,9999.000,9999.000,9999.000,9999.000,9999.000
202607240330,   0.385,   1.088,9999.000,9999.000,9999.000,9999.000,9999.000,9999.000,9999.000
202607240336,   0.400,   1.108,9999.000,9999.000,9999.000,9999.000,9999.000,9999.000,9999.000
202607240342,   0.416,   1.128,9999.000,9999.000,9999.000,9999.000,9999.000,9999.000,9999.000
202607240348,   0.432,   1.138,9999.000,9999.000,9999.000,9999.000,9999.000,9999.000,9999.000
202607240354,   0.448,   1.151,9999.000,9999.000,9999.000,9999.000,9999.000,9999.000,9999.000
202607240400,   0.464,   1.170,   0.600,   0.106,   1.170,   0.600,   1.170,   0.600,   1.170
202607240406,   0.480,   1.180,9999.000,9999.000,9999.000,9999.000,9999.000,9999.000,9999.000
202607240412,   0.496,   1.190,9999.000,9999.000,9999.000,9999.000,9999.000,9999.000,9999.000
202607240418,   0.512,   1.229,9999.000,9999.000,9999.000,9999.000,9999.000,9999.000,9999.000
202607240424,   0.529,   1.239,9999.000,9999.000,9999.000,9999.000,9999.000,9999.000,9999.000
202607240430,   0.545,   1.249,9999.000,9999.000,9999.000,9999.000,9999.000,9999.000,9999.000
202607240436,   0.561,   1.239,9999.000,9999.000,9999.000,9999.000,9999.000,9999.000,9999.000
202607240442,   0.577,   1.269,9999.000,9999.000,9999.000,9999.000,9999.000,9999.000,9999.000
202607240448,   0.594,   1.289,9999.000,9999.000,9999.000,9999.000,9999.000,9999.000,9999.000
202607240454,   0.610,   1.328,9999.000,9999.000,9999.000,9999.000,9999.000,9999.000,9999.000
202607240500,   0.626,   1.338,   0.600,   0.112,   1.338,   0.600,   1.338,   0.600,   1.338
202607240506,   0.642,   1.338,9999.000,9999.000,9999.000,9999.000,9999.000,9999.000,9999.000
202607240512,   0.658,   1.361,9999.000,9999.000,9999.000,9999.000,9999.000,9999.000,9999.000
202607240518,   0.674,   1.361,9999.000,9999.000,9999.000,9999.000,9999.000,9999.000,9999.000
202607240524,   0.690,   1.371,9999.000,9999.000,9999.000,9999.000,9999.000,9999.000,9999.000
202607240530,   0.706,   1.371,9999.000,9999.000,9999.000,9999.000,9999.000,9999.000,9999.000
202607240536,   0.722,   1.400,9999.000,9999.000,9999.000,9999.000,9999.000,9999.000,9999.000
202607240542,   0.738,   1.400,9999.000,9999.000,9999.000,9999.000,9999.000,9999.000,9999.000
202607240548,   0.754,   1.400,9999.000,9999.000,9999.000,9999.000,9999.000,9999.000,9999.000
202607240554,   0.770,   1.420,9999.000,9999.000,9999.000,9999.000,9999.000,9999.000,9999.000
202607240600,   0.785,   1.420,   0.600,   0.035,   1.420,   0.600,   1.420,   0.600,   1.420
202607240606,   0.801,   1.420,9999.000,9999.000,9999.000,9999.000,9999.000,9999.000,9999.000
202607240612,   0.816,   1.430,9999.000,9999.000,9999.000,9999.000,9999.000,9999.000,9999.000
202607240618,   0.831,   1.439,9999.000,9999.000,9999.000,9999.000,9999.000,9999.000,9999.000
202607240624,   0.846,   1.449,9999.000,9999.000,9999.000,9999.000,9999.000,9999.000,9999.000
202607240630,   0.861,   1.449,9999.000,9999.000,9999.000,9999.000,9999.000,9999.000,9999.000
202607240636,   0.876,   1.469,9999.000,9999.000,9999.000,9999.000,9999.000,9999.000,9999.000
202607240642,   0.891,   1.489,9999.000,9999.000,9999.000,9999.000,9999.000,9999.000,9999.000
202607240648,   0.905,   1.498,9999.000,9999.000,9999.000,9999.000,9999.000,9999.000,9999.000
202607240654,   0.919,   1.528,9999.000,9999.000,9999.000,9999.000,9999.000,9999.000,9999.000
202607240700,   0.933,   1.538,   0.600,   0.005,   1.538,   0.600,   1.538,   0.600,   1.538
202607240706,   0.947,   1.548,9999.000,9999.000,9999.000,9999.000,9999.000,9999.000,9999.000
202607240712,   0.961,   1.571,9999.000,9999.000,9999.000,9999.000,9999.000,9999.000,9999.000
202607240718,   0.975,   1.571,9999.000,9999.000,9999.000,9999.000,9999.000,9999.000,9999.000
202607240724,   0.988,   1.580,9999.000,9999.000,9999.000,9999.000,9999.000,9999.000,9999.000
202607240730,   1.001,   1.610,9999.000,9999.000,9999.000,9999.000,9999.000,9999.000,9999.000
202607240736,   1.014,   1.620,9999.000,9999.000,9999.000,9999.000,9999.000,9999.000,9999.000
202607240742,   1.027,   1.639,9999.000,9999.000,9999.000,9999.000,9999.000,9999.000,9999.000
202607240748,   1.039,   1.639,9999.000,9999.000,9999.000,9999.000,9999.000,9999.000,9999.000
202607240754,   1.052,   1.659,9999.000,9999.000,9999.000,9999.000,9999.000,9999.000,9999.000
202607240800,   1.064,   1.649,   0.600,  -0.015,   1.649,   0.600,   1.649,   0.600,   1.649
202607240806,   1.076,   1.649,9999.000,9999.000,9999.000,9999.000,9999.000,9999.000,9999.000
202607240812,   1.087,   1.679,9999.000,9999.000,9999.000,9999.000,9999.000,9999.000,9999.000
202607240818,   1.098,   1.689,9999.000,9999.000,9999.000,9999.000,9999.000,9999.000,9999.000
202607240824,   1.109,   1.699,9999.000,9999.000,9999.000,9999.000,9999.000,9999.000,9999.000
202607240830,   1.120,   1.699,9999.000,9999.000,9999.000,9999.000,9999.000,9999.000,9999.000
202607240836,   1.130,   1.708,9999.000,9999.000,9999.000,9999.000,9999.000,9999.000,9999.000
202607240842,   1.141,   1.748,9999.000,9999.000,9999.000,9999.000,9999.000,9999.000,9999.000
202607240848,   1.150,   1.748,9999.000,9999.000,9999.000,9999.000,9999.000,9999.000,9999.000
202607240854,   1.160,   1.781,9999.000,9999.000,9999.000,9999.000,9999.000,9999.000,9999.000
202607240900,   1.169,   1.781,   0.600,   0.012,   1.781,   0.500,   1.681,   0.600,   1.781
202607240906,   1.178,   1.781,9999.000,9999.000,9999.000,9999.000,9999.000,9999.000,9999.000
202607240912,   1.187,   1.781,9999.000,9999.000,9999.000,9999.000,9999.000,9999.000,9999.000
202607240918,   1.195,   1.790,9999.000,9999.000,9999.000,9999.000,9999.000,9999.000,9999.000
202607240924,   1.203,   1.810,9999.000,9999.000,9999.000,9999.000,9999.000,9999.000,9999.000
202607240930,   1.211,   1.810,9999.000,9999.000,9999.000,9999.000,9999.000,9999.000,9999.000
202607240936,   1.218,   1.810,9999.000,9999.000,9999.000,9999.000,9999.000,9999.000,9999.000
202607240942,   1.225,   1.820,9999.000,9999.000,9999.000,9999.000,9999.000,9999.000,9999.000
202607240948,   1.232,   1.820,9999.000,9999.000,9999.000,9999.000,9999.000,9999.000,9999.000
202607240954,   1.238,   1.830,9999.000,9999.000,9999.000,9999.000,9999.000,9999.000,9999.000
202607241000,   1.244,   1.820,   0.600,  -0.024,   1.820,   0.600,   1.820,   0.600,   1.820
202607241006,   1.250,   1.830,9999.000,9999.000,9999.000,9999.000,9999.000,9999.000,9999.000
202607241012,   1.255,   1.840,9999.000,9999.000,9999.000,9999.000,9999.000,9999.000,9999.000
202607241018,   1.260,   1.820,9999.000,9999.000,9999.000,9999.000,9999.000,9999.000,9999.000
202607241024,   1.264,   1.840,9999.000,9999.000,9999.000,9999.000,9999.000,9999.000,9999.000
202607241030,   1.268,   1.840,9999.000,9999.000,9999.000,9999.000,9999.000,9999.000,9999.000
202607241036,   1.272,   1.840,9999.000,9999.000,9999.000,9999.000,9999.000,9999.000,9999.000
202607241042,   1.275,   1.840,9999.000,9999.000,9999.000,9999.000,9999.000,9999.000,9999.000
202607241048,   1.278,   1.849,9999.000,9999.000,9999.000,9999.000,9999.000,9999.000,9999.000
202607241054,   1.280,   1.840,9999.000,9999.000,9999.000,9999.000,9999.000,9999.000,9999.000
202607241100,   1.282,   1.830,   0.600,  -0.052,   1.830,   0.600,   1.830,   0.600,   1.830
202607241106,   1.284,   1.830,9999.000,9999.000,9999.000,9999.000,9999.000,9999.000,9999.000
202607241112,   1.285,   1.820,9999.000,9999.000,9999.000,9999.000,9999.000,9999.000,9999.000
202607241118,   1.286,   1.830,9999.000,9999.000,9999.000,9999.000,9999.000,9999.000,9999.000
202607241124,   1.287,   1.820,9999.000,9999.000,9999.000,9999.000,9999.000,9999.000,9999.000
202607241130,   1.287,   1.830,9999.000,9999.000,9999.000,9999.000,9999.000,9999.000,9999.000
202607241136,   1.286,   1.830,9999.000,9999.000,9999.000,9999.000,9999.000,9999.000,9999.000
202607241142,   1.285,   1.820,9999.000,9999.000,9999.000,9999.000,9999.000,9999.000,9999.000
202607241148,   1.284,   1.820,9999.000,9999.000,9999.000,9999.000,9999.000,9999.000,9999.000
202607241154,   1.282,   1.820,9999.000,9999.000,9999.000,9999.000,9999.000,9999.000,9999.000
202607241200,   1.280,   1.840,   0.500,   0.060,   1.840,   0.500,   1.840,   0.600,   1.940
202607241206,   1.278,   1.790,9999.000,9999.000,9999.000,9999.000,9999.000,9999.000,9999.000
202607241212,   1.275,   1.800,9999.000,9999.000,9999.000,9999.000,9999.000,9999.000,9999.000
202607241218,   1.271,   1.810,9999.000,9999.000,9999.000,9999.000,9999.000,9999.000,9999.000
202607241224,   1.267,   1.820,9999.000,9999.000,9999.000,9999.000,9999.000,9999.000,9999.000
202607241230,   1.263,   1.800,9999.000,9999.000,9999.000,9999.000,9999.000,9999.000,9999.000
202607241236,   1.258,   1.800,9999.000,9999.000,9999.000,9999.000,9999.000,9999.000,9999.000
202607241242,   1.253,   1.830,9999.000,9999.000,9999.000,9999.000,9999.000,9999.000,9999.000
202607241248,   1.248,   1.800,9999.000,9999.000,9999.000,9999.000,9999.000,9999.000,9999.000
202607241254,   1.242,   1.781,9999.000,9999.000,9999.000,9999.000,9999.000,9999.000,9999.000
202607241300,   1.235,   1.781,   0.500,   0.046,   1.781,   0.500,   1.781,   0.600,   1.881
202607241306,   1.228,   1.748,9999.000,9999.000,9999.000,9999.000,9999.000,9999.000,9999.000
202607241312,   1.221,   1.758,9999.000,9999.000,9999.000,9999.000,9999.000,9999.000,9999.000
202607241318,   1.213,   1.738,9999.000,9999.000,9999.000,9999.000,9999.000,9999.000,9999.000
202607241324,   1.205,   1.718,9999.000,9999.000,9999.000,9999.000,9999.000,9999.000,9999.000
202607241330,   1.196,   1.718,9999.000,9999.000,9999.000,9999.000,9999.000,9999.000,9999.000
202607241336,   1.187,   1.699,9999.000,9999.000,9999.000,9999.000,9999.000,9999.000,9999.000
202607241342,   1.178,   1.689,9999.000,9999.000,9999.000,9999.000,9999.000,9999.000,9999.000
202607241348,   1.168,   1.659,9999.000,9999.000,9999.000,9999.000,9999.000,9999.000,9999.000
202607241354,   1.158,   1.659,9999.000,9999.000,9999.000,9999.000,9999.000,9999.000,9999.000
202607241400,   1.147,   1.639,   0.500,  -0.008,   1.639,   0.500,   1.639,   0.600,   1.739
202607241406,   1.136,   1.630,9999.000,9999.000,9999.000,9999.000,9999.000,9999.000,9999.000
202607241412,   1.124,   1.630,9999.000,9999.000,9999.000,9999.000,9999.000,9999.000,9999.000
202607241418,   1.113,   1.610,9999.000,9999.000,9999.000,9999.000,9999.000,9999.000,9999.000
202607241424,   1.100,   1.600,9999.000,9999.000,9999.000,9999.000,9999.000,9999.000,9999.000
202607241430,   1.088,   1.580,9999.000,9999.000,9999.000,9999.000,9999.000,9999.000,9999.000
202607241436,   1.075,   1.557,9999.000,9999.000,9999.000,9999.000,9999.000,9999.000,9999.000
202607241442,   1.061,   1.571,9999.000,9999.000,9999.000,9999.000,9999.000,9999.000,9999.000
202607241448,   1.048,   1.538,9999.000,9999.000,9999.000,9999.000,9999.000,9999.000,9999.000
202607241454,   1.034,   1.528,9999.000,9999.000,9999.000,9999.000,9999.000,9999.000,9999.000
202607241500,   1.019,   1.508,   0.500,  -0.011,   1.508,   0.500,   1.508,   0.600,   1.608
202607241506,   1.005,   1.479,9999.000,9999.000,9999.000,9999.000,9999.000,9999.000,9999.000
202607241512,   0.989,   1.459,9999.000,9999.000,9999.000,9999.000,9999.000,9999.000,9999.000
202607241518,   0.974,   1.459,9999.000,9999.000,9999.000,9999.000,9999.000,9999.000,9999.000
202607241524,   0.958,   1.439,9999.000,9999.000,9999.000,9999.000,9999.000,9999.000,9999.000
202607241530,   0.943,   1.410,9999.000,9999.000,9999.000,9999.000,9999.000,9999.000,9999.000
202607241536,   0.926,   1.390,9999.000,9999.000,9999.000,9999.000,9999.000,9999.000,9999.000
202607241542,   0.910,   1.371,9999.000,9999.000,9999.000,9999.000,9999.000,9999.000,9999.000
202607241548,   0.893,   1.348,9999.000,9999.000,9999.000,9999.000,9999.000,9999.000,9999.000
202607241554,   0.876,   1.328,9999.000,9999.000,9999.000,9999.000,9999.000,9999.000,9999.000
202607241600,   0.859,   1.308,   0.500,  -0.051,   1.308,   0.500,   1.308,   0.500,   1.308
202607241606,   0.841,   1.249,9999.000,9999.000,9999.000,9999.000,9999.000,9999.000,9999.000
202607241612,   0.824,   1.259,9999.000,9999.000,9999.000,9999.000,9999.000,9999.000,9999.000
202607241618,   0.806,   1.259,9999.000,9999.000,9999.000,9999.000,9999.000,9999.000,9999.000
202607241624,   0.788,   1.239,9999.000,9999.000,9999.000,9999.000,9999.000,9999.000,9999.000
202607241630,   0.770,   1.210,9999.000,9999.000,9999.000,9999.000,9999.000,9999.000,9999.000
202607241636,   0.751,   1.190,9999.000,9999.000,9999.000,9999.000,9999.000,9999.000,9999.000
202607241642,   0.733,   1.200,9999.000,9999.000,9999.000,9999.000,9999.000,9999.000,9999.000
202607241648,   0.714,   1.180,9999.000,9999.000,9999.000,9999.000,9999.000,9999.000,9999.000
202607241654,   0.695,   1.151,9999.000,9999.000,9999.000,9999.000,9999.000,9999.000,9999.000
202607241700,   0.676,   1.138,   0.500,  -0.038,   1.138,   0.500,   1.138,   0.600,   1.238
202607241706,   0.657,   1.118,9999.000,9999.000,9999.000,9999.000,9999.000,9999.000,9999.000
202607241712,   0.638,   1.088,9999.000,9999.000,9999.000,9999.000,9999.000,9999.000,9999.000
202607241718,   0.619,   1.049,9999.000,9999.000,9999.000,9999.000,9999.000,9999.000,9999.000
202607241724,   0.600,   1.029,9999.000,9999.000,9999.000,9999.000,9999.000,9999.000,9999.000
202607241730,   0.581,   1.000,9999.000,9999.000,9999.000,9999.000,9999.000,9999.000,9999.000
202607241736,   0.561,   0.980,9999.000,9999.000,9999.000,9999.000,9999.000,9999.000,9999.000
202607241742,   0.542,   0.951,9999.000,9999.000,9999.000,9999.000,9999.000,9999.000,9999.000
202607241748,   0.523,   0.908,9999.000,9999.000,9999.000,9999.000,9999.000,9999.000,9999.000
202607241754,   0.504,   0.888,9999.000,9999.000,9999.000,9999.000,9999.000,9999.000,9999.000
202607241800,   0.485,   0.859,   0.500,  -0.126,   0.859,   0.500,   0.859,   0.600,   0.959
202607241806,   0.465,   0.829,9999.000,9999.000,9999.000,9999.000,9999.000,9999.000,9999.000
202607241812,   0.446,   0.829,9999.000,9999.000,9999.000,9999.000,9999.000,9999.000,9999.000
202607241818,   0.428,   0.810,9999.000,9999.000,9999.000,9999.000,9999.000,9999.000,9999.000
202607241824,   0.409,   0.790,9999.000,9999.000,9999.000,9999.000,9999.000,9999.000,9999.000
202607241830,   0.390,   0.760,9999.000,9999.000,9999.000,9999.000,9999.000,9999.000,9999.000
202607241836,   0.371,   0.741,9999.000,9999.000,9999.000,9999.000,9999.000,9999.000,9999.000
202607241842,   0.353,   0.741,9999.000,9999.000,9999.000,9999.000,9999.000,9999.000,9999.000
202607241848,   0.335,   0.718,9999.000,9999.000,9999.000,9999.000,9999.000,9999.000,9999.000
202607241854,   0.317,   0.698,9999.000,9999.000,9999.000,9999.000,9999.000,9999.000,9999.000
202607241900,   0.299,   0.698,   0.600,  -0.201,   0.698,   0.500,   0.598,   0.600,   0.698
202607241906,   0.281,   0.688,9999.000,9999.000,9999.000,9999.000,9999.000,9999.000,9999.000
202607241912,   0.263,   0.678,9999.000,9999.000,9999.000,9999.000,9999.000,9999.000,9999.000
202607241918,   0.246,   0.669,9999.000,9999.000,9999.000,9999.000,9999.000,9999.000,9999.000
202607241924,   0.229,   0.590,9999.000,9999.000,9999.000,9999.000,9999.000,9999.000,9999.000
202607241930,   0.212,   0.570,9999.000,9999.000,9999.000,9999.000,9999.000,9999.000,9999.000
202607241936,   0.196,   0.551,9999.000,9999.000,9999.000,9999.000,9999.000,9999.000,9999.000
202607241942,   0.180,   0.541,9999.000,9999.000,9999.000,9999.000,9999.000,9999.000,9999.000
202607241948,   0.164,   0.531,9999.000,9999.000,9999.000,9999.000,9999.000,9999.000,9999.000
202607241954,   0.148,   0.488,9999.000,9999.000,9999.000,9999.000,9999.000,9999.000,9999.000
202607242000,   0.133,   0.488,   0.600,  -0.245,   0.488,   0.500,   0.388,   0.600,   0.488
202607242006,   0.118,   0.469,9999.000,9999.000,9999.000,9999.000,9999.000,9999.000,9999.000
202607242012,   0.104,   0.449,9999.000,9999.000,9999.000,9999.000,9999.000,9999.000,9999.000
202607242018,   0.090,   0.429,9999.000,9999.000,9999.000,9999.000,9999.000,9999.000,9999.000
202607242024,   0.076,   0.429,9999.000,9999.000,9999.000,9999.000,9999.000,9999.000,9999.000
202607242030,   0.062,   0.419,9999.000,9999.000,9999.000,9999.000,9999.000,9999.000,9999.000
202607242036,   0.049,   0.419,9999.000,9999.000,9999.000,9999.000,9999.000,9999.000,9999.000
202607242042,   0.037,   0.400,9999.000,9999.000,9999.000,9999.000,9999.000,9999.000,9999.000
202607242048,   0.024,   0.380,9999.000,9999.000,9999.000,9999.000,9999.000,9999.000,9999.000
202607242054,   0.013,   0.350,9999.000,9999.000,9999.000,9999.000,9999.000,9999.000,9999.000
202607242100,   0.001,   0.341,   0.600,  -0.260,   0.341,   0.500,   0.241,   0.600,   0.341
202607242106,  -0.009,   0.341,9999.000,9999.000,9999.000,9999.000,9999.000,9999.000,9999.000
202607242112,  -0.019,   0.321,9999.000,9999.000,9999.000,9999.000,9999.000,9999.000,9999.000
202607242118,  -0.029,   0.331,9999.000,9999.000,9999.000,9999.000,9999.000,9999.000,9999.000
202607242124,  -0.039,   0.321,9999.000,9999.000,9999.000,9999.000,9999.000,9999.000,9999.000
202607242130,  -0.048,   0.288,9999.000,9999.000,9999.000,9999.000,9999.000,9999.000,9999.000
202607242136,  -0.057,   0.298,9999.000,9999.000,9999.000,9999.000,9999.000,9999.000,9999.000
202607242142,  -0.065,   0.278,9999.000,9999.000,9999.000,9999.000,9999.000,9999.000,9999.000
202607242148,  -0.072,   0.278,9999.000,9999.000,9999.000,9999.000,9999.000,9999.000,9999.000
202607242154,  -0.080,   0.268,9999.000,9999.000,9999.000,9999.000,9999.000,9999.000,9999.000
202607242200,  -0.086,   0.268,   0.600,  -0.246,   0.268,   0.600,   0.268,   0.600,   0.268
202607242206,  -0.093,   0.268,9999.000,9999.000,9999.000,9999.000,9999.000,9999.000,9999.000
202607242212,  -0.098,   0.239,9999.000,9999.000,9999.000,9999.000,9999.000,9999.000,9999.000
202607242218,  -0.103,   0.249,9999.000,9999.000,9999.000,9999.000,9999.000,9999.000,9999.000
202607242224,  -0.108,   0.249,9999.000,9999.000,9999.000,9999.000,9999.000,9999.000,9999.000
202607242230,  -0.112,   0.239,9999.000,9999.000,9999.000,9999.000,9999.000,9999.000,9999.000
202607242236,  -0.116,   0.229,9999.000,9999.000,9999.000,9999.000,9999.000,9999.000,9999.000
202607242242,  -0.119,   0.229,9999.000,9999.000,9999.000,9999.000,9999.000,9999.000,9999.000
202607242248,  -0.122,   0.219,9999.000,9999.000,9999.000,9999.000,9999.000,9999.000,9999.000
202607242254,  -0.124,   0.209,9999.000,9999.000,9999.000,9999.000,9999.000,9999.000,9999.000
202607242300,  -0.126,   0.200,   0.600,  -0.274,   0.200,   0.600,   0.200,   0.700,   0.300
202607242306,  -0.127,   0.190,9999.000,9999.000,9999.000,9999.000,9999.000,9999.000,9999.000
202607242312,  -0.127,   0.170,9999.000,9999.000,9999.000,9999.000,9999.000,9999.000,9999.000
202607242318,  -0.127,   0.170,9999.000,9999.000,9999.000,9999.000,9999.000,9999.000,9999.000
202607242324,  -0.127,   0.190,9999.000,9999.000,9999.000,9999.000,9999.000,9999.000,9999.000
202607242330,  -0.126,   0.200,9999.000,9999.000,9999.000,9999.000,9999.000,9999.000,9999.000
202607242336,  -0.125,   0.219,9999.000,9999.000,9999.000,9999.000,9999.000,9999.000,9999.000
202607242342,  -0.123,   0.200,9999.000,9999.000,9999.000,9999.000,9999.000,9999.000,9999.000
202607242348,  -0.121,   0.200,9999.000,9999.000,9999.000,9999.000,9999.000,9999.000,9999.000
202607242354,  -0.118,   0.200,9999.000,9999.000,9999.000,9999.000,9999.000,9999.000,9999.000
202607250000,  -0.114,   0.219,   0.500,  -0.167,   0.219,   0.500,   0.219,   0.500,   0.219
202607250006,  -0.110,   0.229,9999.000,9999.000,9999.000,9999.000,9999.000,9999.000,9999.000
202607250012,  -0.106,   0.229,9999.000,9999.000,9999.000,9999.000,9999.000,9999.000,9999.000
202607250018,  -0.101,   0.209,9999.000,9999.000,9999.000,9999.000,9999.000,9999.000,9999.000
202607250024,  -0.096,   0.209,9999.000,9999.000,9999.000,9999.000,9999.000,9999.000,9999.000
202607250030,  -0.091,   0.239,9999.000,9999.000,9999.000,9999.000,9999.000,9999.000,9999.000
202607250036,  -0.084,   0.249,9999.000,9999.000,9999.000,9999.000,9999.000,9999.000,9999.000
202607250042,  -0.078,   0.249,9999.000,9999.000,9999.000,9999.000,9999.000,9999.000,9999.000
202607250048,  -0.071,   0.259,9999.000,9999.000,9999.000,9999.000,9999.000,9999.000,9999.000
202607250054,  -0.063,   0.268,9999.000,9999.000,9999.000,9999.000,9999.000,9999.000,9999.000
202607250100,  -0.056,   0.321,   0.500,  -0.123,   0.321,   0.500,   0.321,   0.500,   0.321
202607250106,  -0.047,   0.331,9999.000,9999.000,9999.000,9999.000,9999.000,9999.000,9999.000
202607250112,  -0.039,   0.341,9999.000,9999.000,9999.000,9999.000,9999.000,9999.000,9999.000
202607250118,  -0.030,   0.350,9999.000,9999.000,9999.000,9999.000,9999.000,9999.000,9999.000
202607250124,  -0.020,   0.350,9999.000,9999.000,9999.000,9999.000,9999.000,9999.000,9999.000
202607250130,  -0.010,   0.350,9999.000,9999.000,9999.000,9999.000,9999.000,9999.000,9999.000
202607250136,   0.000,   0.380,9999.000,9999.000,9999.000,9999.000,9999.000,9999.000,9999.000
202607250142,   0.009,   0.400,9999.000,9999.000,9999.000,9999.000,9999.000,9999.000,9999.000
202607250148,   0.020,   0.409,9999.000,9999.000,9999.000,9999.000,9999.000,9999.000,9999.000
202607250154,   0.032,   0.409,9999.000,9999.000,9999.000,9999.000,9999.000,9999.000,9999.000
202607250200,   0.043,   0.429,   0.500,  -0.114,   0.429,   0.500,   0.429,   0.500,   0.429
202607250206,   0.055,   0.439,9999.000,9999.000,9999.000,9999.000,9999.000,9999.000,9999.000
202607250212,   0.067,   0.459,9999.000,9999.000,9999.000,9999.000,9999.000,9999.000,9999.000
202607250218,   0.080,   0.449,9999.000,9999.000,9999.000,9999.000,9999.000,9999.000,9999.000
202607250224,   0.093,   0.469,9999.000,9999.000,9999.000,9999.000,9999.000,9999.000,9999.000
202607250230,   0.106,   0.498,9999.000,9999.000,9999.000,9999.000,9999.000,9999.000,9999.000
202607250236,   0.119,   0.518,9999.000,9999.000,9999.000,9999.000,9999.000,9999.000,9999.000
202607250242,   0.133,   0.551,9999.000,9999.000,9999.000,9999.000,9999.000,9999.000,9999.000
202607250248,   0.147,   0.541,9999.000,9999.000,9999.000,9999.000,9999.000,9999.000,9999.000
202607250254,   0.161,   0.580,9999.000,9999.000,9999.000,9999.000,9999.000,9999.000,9999.000
202607250300,   0.175,   0.590,   0.500,  -0.085,   0.590,   0.500,   0.590,   0.500,   0.590
202607250306,   0.190,   0.619,9999.000,9999.000,9999.000,9999.000,9999.000,9999.000,9999.000
202607250312,   0.204,   0.629,9999.000,9999.000,9999.000,9999.000,9999.000,9999.000,9999.000
202607250318,   0.219,   0.649,9999.000,9999.000,9999.000,9999.000,9999.000,9999.000,9999.000
202607250324,   0.235,   0.659,9999.000,9999.000,9999.000,9999.000,9999.000,9999.000,9999.000
202607250330,   0.250,   0.669,9999.000,9999.000,9999.000,9999.000,9999.000,9999.000,9999.000
202607250336,   0.266,   0.698,9999.000,9999.000,9999.000,9999.000,9999.000,9999.000,9999.000
202607250342,   0.281,   0.698,9999.000,9999.000,9999.000,9999.000,9999.000,9999.000,9999.000
202607250348,   0.297,   0.708,9999.000,9999.000,9999.000,9999.000,9999.000,9999.000,9999.000
202607250354,   0.313,   0.708,9999.000,9999.000,9999.000,9999.000,9999.000,9999.000,9999.000
202607250400,   0.329,   0.741,   0.500,  -0.088,   0.741,   0.500,   0.741,   0.500,   0.741
202607250406,   0.345,   0.760,9999.000,9999.000,9999.000,9999.000,9999.000,9999.000,9999.000
202607250412,   0.362,   0.770,9999.000,9999.000,9999.000,9999.000,9999.000,9999.000,9999.000
202607250418,   0.378,   0.780,9999.000,9999.000,9999.000,9999.000,9999.000,9999.000,9999.000
202607250424,   0.395,   0.819,9999.000,9999.000,9999.000,9999.000,9999.000,9999.000,9999.000
202607250430,   0.412,   0.839,9999.000,9999.000,9999.000,9999.000,9999.000,9999.000,9999.000
202607250436,   0.428,   0.859,9999.000,9999.000,9999.000,9999.000,9999.000,9999.000,9999.000
202607250442,   0.445,   0.888,9999.000,9999.000,9999.000,9999.000,9999.000,9999.000,9999.000
202607250448,   0.462,   0.888,9999.000,9999.000,9999.000,9999.000,9999.000,9999.000,9999.000
202607250454,   0.479,   0.908,9999.000,9999.000,9999.000,9999.000,9999.000,9999.000,9999.000
202607250500,   0.496,   0.918,   0.500,  -0.078,   0.918,   0.500,   0.918,   0.500,   0.918
202607250506,   0.513,   0.961,9999.000,9999.000,9999.000,9999.000,9999.000,9999.000,9999.000
202607250512,   0.530,   0.970,9999.000,9999.000,9999.000,9999.000,9999.000,9999.000,9999.000
202607250518,   0.547,   0.990,9999.000,9999.000,9999.000,9999.000,9999.000,9999.000,9999.000
202607250524,   0.564,   1.010,9999.000,9999.000,9999.000,9999.000,9999.000,9999.000,9999.000
202607250530,   0.581,   1.029,9999.000,9999.000,9999.000,9999.000,9999.000,9999.000,9999.000
202607250536,   0.598,   1.039,9999.000,9999.000,9999.000,9999.000,9999.000,9999.000,9999.000
202607250542,   0.615,   1.049,9999.000,9999.000,9999.000,9999.000,9999.000,9999.000,9999.000
202607250548,   0.632,   1.059,9999.000,9999.000,9999.000,9999.000,9999.000,9999.000,9999.000
202607250554,   0.648,   1.059,9999.000,9999.000,9999.000,9999.000,9999.000,9999.000,9999.000
202607250600,   0.665,   1.079,   0.400,   0.014,   1.079,   0.400,   1.079,   0.500,   1.179
202607250606,   0.682,   1.108,9999.000,9999.000,9999.000,9999.000,9999.000,9999.000,9999.000
202607250612,   0.699,   1.118,9999.000,9999.000,9999.000,9999.000,9999.000,9999.000,9999.000
202607250618,   0.716,   1.128,9999.000,9999.000,9999.000,9999.000,9999.000,9999.000,9999.000
202607250624,   0.732,   1.151,9999.000,9999.000,9999.000,9999.000,9999.000,9999.000,9999.000
202607250630,   0.749,   1.170,9999.000,9999.000,9999.000,9999.000,9999.000,9999.000,9999.000
202607250636,   0.765,   1.190,9999.000,9999.000,9999.000,9999.000,9999.000,9999.000,9999.000
202607250642,   0.781,   1.210,9999.000,9999.000,9999.000,9999.000,9999.000,9999.000,9999.000
202607250648,   0.798,   1.220,9999.000,9999.000,9999.000,9999.000,9999.000,9999.000,9999.000
202607250654,   0.814,   1.249,9999.000,9999.000,9999.000,9999.000,9999.000,9999.000,9999.000
202607250700,   0.830,   1.249,   0.500,  -0.081,   1.249,   0.400,   1.149,   0.500,   1.249
202607250706,   0.846,   1.259,9999.000,9999.000,9999.000,9999.000,9999.000,9999.000,9999.000
202607250712,   0.861,   1.279,9999.000,9999.000,9999.000,9999.000,9999.000,9999.000,9999.000
202607250718,   0.877,   1.298,9999.000,9999.000,9999.000,9999.000,9999.000,9999.000,9999.000
202607250724,   0.893,   1.308,9999.000,9999.000,9999.000,9999.000,9999.000,9999.000,9999.000
202607250730,   0.908,   1.318,9999.000,9999.000,9999.000,9999.000,9999.000,9999.000,9999.000
202607250736,   0.923,   1.348,9999.000,9999.000,9999.000,9999.000,9999.000,9999.000,9999.000
202607250742,   0.938,   1.361,9999.000,9999.000,9999.000,9999.000,9999.000,9999.000,9999.000
202607250748,   0.953,   1.371,9999.000,9999.000,9999.000,9999.000,9999.000,9999.000,9999.000
202607250754,   0.967,   1.380,9999.000,9999.000,9999.000,9999.000,9999.000,9999.000,9999.000
202607250800,   0.982,   1.400,   0.400,   0.018,   1.400,   0.400,   1.400,   0.500,   1.500
202607250806,   0.996,   1.410,9999.000,9999.000,9999.000,9999.000,9999.000,9999.000,9999.000
202607250812,   1.010,   1.439,9999.000,9999.000,9999.000,9999.000,9999.000,9999.000,9999.000
202607250818,   1.024,   1.459,9999.000,9999.000,9999.000,9999.000,9999.000,9999.000,9999.000
202607250824,   1.038,   1.469,9999.000,9999.000,9999.000,9999.000,9999.000,9999.000,9999.000
202607250830,   1.051,   1.498,9999.000,9999.000,9999.000,9999.000,9999.000,9999.000,9999.000
202607250836,   1.064,   1.518,9999.000,9999.000,9999.000,9999.000,9999.000,9999.000,9999.000
202607250842,   1.077,   1.528,9999.000,9999.000,9999.000,9999.000,9999.000,9999.000,9999.000
202607250848,   1.090,   1.528,9999.000,9999.000,9999.000,9999.000,9999.000,9999.000,9999.000
202607250854,   1.102,   1.557,9999.000,9999.000,9999.000,9999.000,9999.000,9999.000,9999.000
202607250900,   1.114,   1.580,   0.400,   0.066,   1.580,   0.400,   1.580,   0.500,   1.680
202607250906,   1.126,   1.590,9999.000,9999.000,9999.000,9999.000,9999.000,9999.000,9999.000
202607250912,   1.138,   1.600,9999.000,9999.000,9999.000,9999.000,9999.000,9999.000,9999.000
202607250918,   1.149,   1.620,9999.000,9999.000,9999.000,9999.000,9999.000,9999.000,9999.000
202607250924,   1.160,   1.620,9999.000,9999.000,9999.000,9999.000,9999.000,9999.000,9999.000
202607250930,   1.171,   1.659,9999.000,9999.000,9999.000,9999.000,9999.000,9999.000,9999.000
202607250936,   1.182,   1.649,9999.000,9999.000,9999.000,9999.000,9999.000,9999.000,9999.000
202607250942,   1.192,   1.669,9999.000,9999.000,9999.000,9999.000,9999.000,9999.000,9999.000
202607250948,   1.202,   1.669,9999.000,9999.000,9999.000,9999.000,9999.000,9999.000,9999.000
202607250954,   1.211,   1.689,9999.000,9999.000,9999.000,9999.000,9999.000,9999.000,9999.000
202607251000,   1.221,   1.699,   0.500,  -0.022,   1.699,   0.400,   1.599,   0.500,   1.699
202607251006,   1.230,   1.708,9999.000,9999.000,9999.000,9999.000,9999.000,9999.000,9999.000
202607251012,   1.238,   1.718,9999.000,9999.000,9999.000,9999.000,9999.000,9999.000,9999.000
202607251018,   1.247,   1.728,9999.000,9999.000,9999.000,9999.000,9999.000,9999.000,9999.000
202607251024,   1.254,   1.738,9999.000,9999.000,9999.000,9999.000,9999.000,9999.000,9999.000
202607251030,   1.262,   1.738,9999.000,9999.000,9999.000,9999.000,9999.000,9999.000,9999.000
202607251036,   1.269,   1.738,9999.000,9999.000,9999.000,9999.000,9999.000,9999.000,9999.000
202607251042,   1.276,   1.748,9999.000,9999.000,9999.000,9999.000,9999.000,9999.000,9999.000
202607251048,   1.283,   1.738,9999.000,9999.000,9999.000,9999.000,9999.000,9999.000,9999.000
202607251054,   1.289,   1.758,9999.000,9999.000,9999.000,9999.000,9999.000,9999.000,9999.000
202607251100,   1.294,   1.758,   0.500,  -0.036,   1.758,   0.400,   1.658,   0.500,   1.758
202607251106,   1.300,   1.767,9999.000,9999.000,9999.000,9999.000,9999.000,9999.000,9999.000
202607251112,   1.305,   1.767,9999.000,9999.000,9999.000,9999.000,9999.000,9999.000,9999.000
202607251118,   1.309,   1.781,9999.000,9999.000,9999.000,9999.000,9999.000,9999.000,9999.000
202607251124,   1.313,   1.781,9999.000,9999.000,9999.000,9999.000,9999.000,9999.000,9999.000
202607251130,   1.317,   1.790,9999.000,9999.000,9999.000,9999.000,9999.000,9999.000,9999.000
202607251136,   1.320,   1.810,9999.000,9999.000,9999.000,9999.000,9999.000,9999.000,9999.000
202607251142,   1.323,   1.810,9999.000,9999.000,9999.000,9999.000,9999.000,9999.000,9999.000
202607251148,   1.326,   1.810,9999.000,9999.000,9999.000,9999.000,9999.000,9999.000,9999.000
202607251154,   1.328,   1.800,9999.000,9999.000,9999.000,9999.000,9999.000,9999.000,9999.000
202607251200,   1.329,   1.830,   0.500,   0.001,   1.830,   0.400,   1.730,   0.500,   1.830
202607251206,   1.331,   1.830,9999.000,9999.000,9999.000,9999.000,9999.000,9999.000,9999.000
202607251212,   1.331,   1.830,9999.000,9999.000,9999.000,9999.000,9999.000,9999.000,9999.000
202607251218,   1.332,   1.820,9999.000,9999.000,9999.000,9999.000,9999.000,9999.000,9999.000
202607251224,   1.331,   1.840,9999.000,9999.000,9999.000,9999.000,9999.000,9999.000,9999.000
202607251230,   1.331,   1.830,9999.000,9999.000,9999.000,9999.000,9999.000,9999.000,9999.000
202607251236,   1.330,   1.840,9999.000,9999.000,9999.000,9999.000,9999.000,9999.000,9999.000
202607251242,   1.328,   1.830,9999.000,9999.000,9999.000,9999.000,9999.000,9999.000,9999.000
202607251248,   1.326,   1.830,9999.000,9999.000,9999.000,9999.000,9999.000,9999.000,9999.000
202607251254,   1.324,   1.820,9999.000,9999.000,9999.000,9999.000,9999.000,9999.000,9999.000
202607251300,   1.321,   1.840,   0.400,   0.119,   1.840,   0.400,   1.840,   0.500,   1.940
202607251306,   1.317,   1.820,9999.000,9999.000,9999.000,9999.000,9999.000,9999.000,9999.000
202607251312,   1.313,   1.800,9999.000,9999.000,9999.000,9999.000,9999.000,9999.000,9999.000
202607251318,   1.309,   1.790,9999.000,9999.000,9999.000,9999.000,9999.000,9999.000,9999.000
202607251324,   1.304,   1.810,9999.000,9999.000,9999.000,9999.000,9999.000,9999.000,9999.000
202607251330,   1.299,   1.800,9999.000,9999.000,9999.000,9999.000,9999.000,9999.000,9999.000
202607251336,   1.293,   1.800,9999.000,9999.000,9999.000,9999.000,9999.000,9999.000,9999.000
202607251342,   1.287,   1.781,9999.000,9999.000,9999.000,9999.000,9999.000,9999.000,9999.000
202607251348,   1.280,   1.767,9999.000,9999.000,9999.000,9999.000,9999.000,9999.000,9999.000
202607251354,   1.273,   1.781,9999.000,9999.000,9999.000,9999.000,9999.000,9999.000,9999.000
202607251400,   1.265,   1.767,   0.400,   0.102,   1.767,   0.400,   1.767,   0.500,   1.867
202607251406,   1.257,   1.758,9999.000,9999.000,9999.000,9999.000,9999.000,9999.000,9999.000
202607251412,   1.249,   1.748,9999.000,9999.000,9999.000,9999.000,9999.000,9999.000,9999.000
202607251418,   1.240,   1.748,9999.000,9999.000,9999.000,9999.000,9999.000,9999.000,9999.000
202607251424,   1.230,   1.738,9999.000,9999.000,9999.000,9999.000,9999.000,9999.000,9999.000
202607251430,   1.220,   1.728,9999.000,9999.000,9999.000,9999.000,9999.000,9999.000,9999.000
202607251436,   1.210,   1.718,9999.000,9999.000,9999.000,9999.000,9999.000,9999.000,9999.000
202607251442,   1.199,   1.718,9999.000,9999.000,9999.000,9999.000,9999.000,9999.000,9999.000
202607251448,   1.188,   1.689,9999.000,9999.000,9999.000,9999.000,9999.000,9999.000,9999.000
202607251454,   1.176,   1.669,9999.000,9999.000,9999.000,9999.000,9999.000,9999.000,9999.000
202607251500,   1.164,   1.679,   0.400,   0.115,   1.679,   0.400,   1.679,   0.500,   1.779
202607251506,   1.151,   1.659,9999.000,9999.000,9999.000,9999.000,9999.000,9999.000,9999.000
202607251512,   1.138,   1.630,9999.000,9999.000,9999.000,9999.000,9999.000,9999.000,9999.000
202607251518,   1.125,   1.630,9999.000,9999.000,9999.000,9999.000,9999.000,9999.000,9999.000
202607251524,   1.111,   1.580,9999.000,9999.000,9999.000,9999.000,9999.000,9999.000,9999.000
202607251530,   1.097,   1.580,9999.000,9999.000,9999.000,9999.000,9999.000,9999.000,9999.000
202607251536,   1.082,   1.557,9999.000,9999.000,9999.000,9999.000,9999.000,9999.000,9999.000
202607251542,   1.067,   1.538,9999.000,9999.000,9999.000,9999.000,9999.000,9999.000,9999.000
202607251548,   1.052,   1.518,9999.000,9999.000,9999.000,9999.000,9999.000,9999.000,9999.000
202607251554,   1.036,   1.518,9999.000,9999.000,9999.000,9999.000,9999.000,9999.000,9999.000
202607251600,   1.020,   1.498,   0.400,   0.078,   1.498,   0.400,   1.498,   0.400,   1.498
202607251606,   1.004,   1.459,9999.000,9999.000,9999.000,9999.000,9999.000,9999.000,9999.000
202607251612,   0.987,   1.449,9999.000,9999.000,9999.000,9999.000,9999.000,9999.000,9999.000
202607251618,   0.970,   1.420,9999.000,9999.000,9999.000,9999.000,9999.000,9999.000,9999.000
202607251624,   0.953,   1.410,9999.000,9999.000,9999.000,9999.000,9999.000,9999.000,9999.000
202607251630,   0.935,   1.380,9999.000,9999.000,9999.000,9999.000,9999.000,9999.000,9999.000
202607251636,   0.917,   1.371,9999.000,9999.000,9999.000,9999.000,9999.000,9999.000,9999.000
202607251642,   0.899,   1.328,9999.000,9999.000,9999.000,9999.000,9999.000,9999.000,9999.000
202607251648,   0.881,   1.318,9999.000,9999.000,9999.000,9999.000,9999.000,9999.000,9999.000
202607251654,   0.862,   1.298,9999.000,9999.000,9999.000,9999.000,9999.000,9999.000,9999.000
202607251700,   0.843,   1.269,   0.400,   0.026,   1.269,   0.400,   1.269,   0.400,   1.269
202607251706,   0.824,   1.249,9999.000,9999.000,9999.000,9999.000,9999.000,9999.000,9999.000
202607251712,   0.805,   1.220,9999.000,9999.000,9999.000,9999.000,9999.000,9999.000,9999.000
202607251718,   0.785,   1.190,9999.000,9999.000,9999.000,9999.000,9999.000,9999.000,9999.000
202607251724,   0.765,   1.170,9999.000,9999.000,9999.000,9999.000,9999.000,9999.000,9999.000
202607251730,   0.746,   1.151,9999.000,9999.000,9999.000,9999.000,9999.000,9999.000,9999.000
202607251736,   0.726,   1.108,9999.000,9999.000,9999.000,9999.000,9999.000,9999.000,9999.000
202607251742,   0.705,   1.088,9999.000,9999.000,9999.000,9999.000,9999.000,9999.000,9999.000
202607251748,   0.685,   1.069,9999.000,9999.000,9999.000,9999.000,9999.000,9999.000,9999.000
202607251754,   0.665,   1.029,9999.000,9999.000,9999.000,9999.000,9999.000,9999.000,9999.000
202607251800,   0.645,   1.010,   0.500,  -0.135,   1.010,   0.500,   1.010,   0.500,   1.010
202607251806,   0.624,   0.980,9999.000,9999.000,9999.000,9999.000,9999.000,9999.000,9999.000
202607251812,   0.604,   0.951,9999.000,9999.000,9999.000,9999.000,9999.000,9999.000,9999.000
202607251818,   0.583,   0.928,9999.000,9999.000,9999.000,9999.000,9999.000,9999.000,9999.000
202607251824,   0.563,   0.898,9999.000,9999.000,9999.000,9999.000,9999.000,9999.000,9999.000
202607251830,   0.542,   0.888,9999.000,9999.000,9999.000,9999.000,9999.000,9999.000,9999.000
202607251836,   0.522,   0.869,9999.000,9999.000,9999.000,9999.000,9999.000,9999.000,9999.000
202607251842,   0.501,   0.849,9999.000,9999.000,9999.000,9999.000,9999.000,9999.000,9999.000
202607251848,   0.481,   0.819,9999.000,9999.000,9999.000,9999.000,9999.000,9999.000,9999.000
202607251854,   0.461,   0.780,9999.000,9999.000,9999.000,9999.000,9999.000,9999.000,9999.000
202607251900,   0.440,   0.770,   0.500,  -0.170,   0.770,   0.500,   0.770,   0.500,   0.770
202607251906,   0.420,   0.760,9999.000,9999.000,9999.000,9999.000,9999.000,9999.000,9999.000
202607251912,   0.400,   0.718,9999.000,9999.000,9999.000,9999.000,9999.000,9999.000,9999.000
202607251918,   0.380,   0.708,9999.000,9999.000,9999.000,9999.000,9999.000,9999.000,9999.000
202607251924,   0.361,   0.708,9999.000,9999.000,9999.000,9999.000,9999.000,9999.000,9999.000
202607251930,   0.341,   0.708,9999.000,9999.000,9999.000,9999.000,9999.000,9999.000,9999.000
202607251936,   0.322,   0.629,9999.000,9999.000,9999.000,9999.000,9999.000,9999.000,9999.000
202607251942,   0.303,   0.619,9999.000,9999.000,9999.000,9999.000,9999.000,9999.000,9999.000
202607251948,   0.284,   0.629,9999.000,9999.000,9999.000,9999.000,9999.000,9999.000,9999.000
202607251954,   0.265,   0.610,9999.000,9999.000,9999.000,9999.000,9999.000,9999.000,9999.000
202607252000,   0.247,   0.570,   0.500,  -0.177,   0.570,   0.500,   0.570,   0.500,   0.570
202607252006,   0.229,   0.560,9999.000,9999.000,9999.000,9999.000,9999.000,9999.000,9999.000
202607252012,   0.211,   0.551,9999.000,9999.000,9999.000,9999.000,9999.000,9999.000,9999.000
202607252018,   0.193,   0.531,9999.000,9999.000,9999.000,9999.000,9999.000,9999.000,9999.000
202607252024,   0.176,   0.518,9999.000,9999.000,9999.000,9999.000,9999.000,9999.000,9999.000
202607252030,   0.159,   0.518,9999.000,9999.000,9999.000,9999.000,9999.000,9999.000,9999.000
202607252036,   0.142,   0.478,9999.000,9999.000,9999.000,9999.000,9999.000,9999.000,9999.000
202607252042,   0.126,   0.429,9999.000,9999.000,9999.000,9999.000,9999.000,9999.000,9999.000
202607252048,   0.110,   0.419,9999.000,9999.000,9999.000,9999.000,9999.000,9999.000,9999.000
202607252054,   0.094,   0.400,9999.000,9999.000,9999.000,9999.000,9999.000,9999.000,9999.000
202607252100,   0.079,   0.400,   0.500,  -0.179,   0.400,   0.500,   0.400,   0.500,   0.400
202607252106,   0.065,   0.380,9999.000,9999.000,9999.000,9999.000,9999.000,9999.000,9999.000
202607252112,   0.050,   0.360,9999.000,9999.000,9999.000,9999.000,9999.000,9999.000,9999.000
202607252118,   0.036,   0.341,9999.000,9999.000,9999.000,9999.000,9999.000,9999.000,9999.000
202607252124,   0.023,   0.321,9999.000,9999.000,9999.000,9999.000,9999.000,9999.000,9999.000
202607252130,   0.010,   0.288,9999.000,9999.000,9999.000,9999.000,9999.000,9999.000,9999.000
202607252136,  -0.002,   0.268,9999.000,9999.000,9999.000,9999.000,9999.000,9999.000,9999.000
202607252142,  -0.014,   0.249,9999.000,9999.000,9999.000,9999.000,9999.000,9999.000,9999.000
202607252148,  -0.026,   0.229,9999.000,9999.000,9999.000,9999.000,9999.000,9999.000,9999.000
202607252154,  -0.037,   0.239,9999.000,9999.000,9999.000,9999.000,9999.000,9999.000,9999.000
202607252200,  -0.048,   0.219,   0.600,  -0.333,   0.219,   0.500,   0.119,   0.600,   0.219
202607252206,  -0.058,   0.200,9999.000,9999.000,9999.000,9999.000,9999.000,9999.000,9999.000
202607252212,  -0.068,   0.180,9999.000,9999.000,9999.000,9999.000,9999.000,9999.000,9999.000
202607252218,  -0.077,   0.160,9999.000,9999.000,9999.000,9999.000,9999.000,9999.000,9999.000
202607252224,  -0.085,   0.150,9999.000,9999.000,9999.000,9999.000,9999.000,9999.000,9999.000
202607252230,  -0.094,   0.131,9999.000,9999.000,9999.000,9999.000,9999.000,9999.000,9999.000
202607252236,  -0.101,   0.141,9999.000,9999.000,9999.000,9999.000,9999.000,9999.000,9999.000
202607252242,  -0.109,   0.098,9999.000,9999.000,9999.000,9999.000,9999.000,9999.000,9999.000
202607252248,  -0.115,   0.098,9999.000,9999.000,9999.000,9999.000,9999.000,9999.000,9999.000
202607252254,  -0.121,   0.088,9999.000,9999.000,9999.000,9999.000,9999.000,9999.000,9999.000
202607252300,  -0.127,   0.088,   0.600,  -0.385,   0.088,   0.500,  -0.012,   0.600,   0.088
202607252306,  -0.132,   0.088,9999.000,9999.000,9999.000,9999.000,9999.000,9999.000,9999.000
202607252312,  -0.136,   0.088,9999.000,9999.000,9999.000,9999.000,9999.000,9999.000,9999.000
202607252318,  -0.140,   0.078,9999.000,9999.000,9999.000,9999.000,9999.000,9999.000,9999.000
202607252324,  -0.144,   0.088,9999.000,9999.000,9999.000,9999.000,9999.000,9999.000,9999.000
202607252330,  -0.147,   0.088,9999.000,9999.000,9999.000,9999.000,9999.000,9999.000,9999.000
202607252336,  -0.149,   0.078,9999.000,9999.000,9999.000,9999.000,9999.000,9999.000,9999.000
202607252342,  -0.151,   0.088,9999.000,9999.000,9999.000,9999.000,9999.000,9999.000,9999.000
202607252348,  -0.152,   0.068,9999.000,9999.000,9999.000,9999.000,9999.000,9999.000,9999.000
202607252354,  -0.153,   0.078,9999.000,9999.000,9999.000,9999.000,9999.000,9999.000,9999.000
202607260000,  -0.153,   0.059,   0.500,  -0.288,   0.059,   0.500,   0.059,   0.500,   0.059
202607260006,  -0.153,   0.068,9999.000,9999.000,9999.000,9999.000,9999.000,9999.000,9999.000
202607260012,  -0.152,   0.068,9999.000,9999.000,9999.000,9999.000,9999.000,9999.000,9999.000
202607260018,  -0.151,   0.059,9999.000,9999.000,9999.000,9999.000,9999.000,9999.000,9999.000
202607260024,  -0.149,   0.049,9999.000,9999.000,9999.000,9999.000,9999.000,9999.000,9999.000
202607260030,  -0.147,   0.039,9999.000,9999.000,9999.000,9999.000,9999.000,9999.000,9999.000
202607260036,  -0.144,   0.049,9999.000,9999.000,9999.000,9999.000,9999.000,9999.000,9999.000
202607260042,  -0.140,   0.059,9999.000,9999.000,9999.000,9999.000,9999.000,9999.000,9999.000
202607260048,  -0.137,   0.049,9999.000,9999.000,9999.000,9999.000,9999.000,9999.000,9999.000
202607260054,  -0.132,   0.039,9999.000,9999.000,9999.000,9999.000,9999.000,9999.000,9999.000
202607260100,  -0.128,   0.039,   0.500,  -0.333,   0.039,   0.500,   0.039,   0.500,   0.039
202607260106,  -0.122,   0.049,9999.000,9999.000,9999.000,9999.000,9999.000,9999.000,9999.000
202607260112,  -0.117,   0.039,9999.000,9999.000,9999.000,9999.000,9999.000,9999.000,9999.000
202607260118,  -0.110,   0.049,9999.000,9999.000,9999.000,9999.000,9999.000,9999.000,9999.000
202607260124,  -0.104,   0.049,9999.000,9999.000,9999.000,9999.000,9999.000,9999.000,9999.000
202607260130,  -0.097,   0.049,9999.000,9999.000,9999.000,9999.000,9999.000,9999.000,9999.000
202607260136,  -0.089,   0.049,9999.000,9999.000,9999.000,9999.000,9999.000,9999.000,9999.000
202607260142,  -0.081,   0.059,9999.000,9999.000,9999.000,9999.000,9999.000,9999.000,9999.000
202607260148,  -0.073,   0.059,9999.000,9999.000,9999.000,9999.000,9999.000,9999.000,9999.000
202607260154,  -0.064,   0.068,9999.000,9999.000,9999.000,9999.000,9999.000,9999.000,9999.000
202607260200,  -0.055,   0.068,   0.500,  -0.377,   0.068,   0.500,   0.068,   0.500,   0.068
202607260206,  -0.045,   0.098,9999.000,9999.000,9999.000,9999.000,9999.000,9999.000,9999.000
202607260212,  -0.035,   0.098,9999.000,9999.000,9999.000,9999.000,9999.000,9999.000,9999.000
202607260218,  -0.025,   0.121,9999.000,9999.000,9999.000,9999.000,9999.000,9999.000,9999.000
202607260224,  -0.014,   0.098,9999.000,9999.000,9999.000,9999.000,9999.000,9999.000,9999.000
202607260230,  -0.003,   0.121,9999.000,9999.000,9999.000,9999.000,9999.000,9999.000,9999.000
202607260236,   0.007,   0.111,9999.000,9999.000,9999.000,9999.000,9999.000,9999.000,9999.000
202607260242,   0.019,   0.121,9999.000,9999.000,9999.000,9999.000,9999.000,9999.000,9999.000
202607260248,   0.031,   0.160,9999.000,9999.000,9999.000,9999.000,9999.000,9999.000,9999.000
202607260254,   0.043,   0.180,9999.000,9999.000,9999.000,9999.000,9999.000,9999.000,9999.000
202607260300,   0.056,   0.200,   0.500,  -0.356,   0.200,   0.500,   0.200,   0.500,   0.200
202607260306,   0.069,   0.209,9999.000,9999.000,9999.000,9999.000,9999.000,9999.000,9999.000
202607260312,   0.082,   0.229,9999.000,9999.000,9999.000,9999.000,9999.000,9999.000,9999.000
202607260318,   0.096,   0.239,9999.000,9999.000,9999.000,9999.000,9999.000,9999.000,9999.000
202607260324,   0.110,   0.239,9999.000,9999.000,9999.000,9999.000,9999.000,9999.000,9999.000
202607260330,   0.124,   0.249,9999.000,9999.000,9999.000,9999.000,9999.000,9999.000,9999.000
202607260336,   0.138,   0.268,9999.000,9999.000,9999.000,9999.000,9999.000,9999.000,9999.000
202607260342,   0.152,   0.268,9999.000,9999.000,9999.000,9999.000,9999.000,9999.000,9999.000
202607260348,   0.167,   0.308,9999.000,9999.000,9999.000,9999.000,9999.000,9999.000,9999.000
202607260354,   0.182,   0.321,9999.000,9999.000,9999.000,9999.000,9999.000,9999.000,9999.000
202607260400,   0.197,   0.341,   0.500,  -0.356,   0.341,   0.400,   0.241,   0.500,   0.341
202607260406,   0.213,   0.341,9999.000,9999.000,9999.000,9999.000,9999.000,9999.000,9999.000
202607260412,   0.228,   0.350,9999.000,9999.000,9999.000,9999.000,9999.000,9999.000,9999.000
202607260418,   0.244,   0.360,9999.000,9999.000,9999.000,9999.000,9999.000,9999.000,9999.000
202607260424,   0.260,   0.409,9999.000,9999.000,9999.000,9999.000,9999.000,9999.000,9999.000
202607260430,   0.276,   0.419,9999.000,9999.000,9999.000,9999.000,9999.000,9999.000,9999.000
202607260436,   0.292,   0.429,9999.000,9999.000,9999.000,9999.000,9999.000,9999.000,9999.000
202607260442,   0.308,   0.419,9999.000,9999.000,9999.000,9999.000,9999.000,9999.000,9999.000
202607260448,   0.325,   0.449,9999.000,9999.000,9999.000,9999.000,9999.000,9999.000,9999.000
202607260454,   0.341,   0.478,9999.000,9999.000,9999.000,9999.000,9999.000,9999.000,9999.000
202607260500,   0.358,   0.498,   0.500,  -0.360,   0.498,   0.400,   0.398,   0.500,   0.498
202607260506,   0.375,   0.508,9999.000,9999.000,9999.000,9999.000,9999.000,9999.000,9999.000
202607260512,   0.391,   0.518,9999.000,9999.000,9999.000,9999.000,9999.000,9999.000,9999.000
202607260518,   0.408,   0.551,9999.000,9999.000,9999.000,9999.000,9999.000,9999.000,9999.000
202607260524,   0.425,   0.570,9999.000,9999.000,9999.000,9999.000,9999.000,9999.000,9999.000
202607260530,   0.442,   0.590,9999.000,9999.000,9999.000,9999.000,9999.000,9999.000,9999.000
202607260536,   0.459,   0.610,9999.000,9999.000,9999.000,9999.000,9999.000,9999.000,9999.000
202607260542,   0.477,   0.610,9999.000,9999.000,9999.000,9999.000,9999.000,9999.000,9999.000
202607260548,   0.494,   0.619,9999.000,9999.000,9999.000,9999.000,9999.000,9999.000,9999.000
202607260554,   0.511,   0.649,9999.000,9999.000,9999.000,9999.000,9999.000,9999.000,9999.000
202607260600,   0.528,   0.659,   0.400,  -0.269,   0.659,   0.300,   0.559,   0.400,   0.659
202607260606,   0.546,   0.659,9999.000,9999.000,9999.000,9999.000,9999.000,9999.000,9999.000
202607260612,   0.563,   0.688,9999.000,9999.000,9999.000,9999.000,9999.000,9999.000,9999.000
202607260618,   0.580,   0.708,9999.000,9999.000,9999.000,9999.000,9999.000,9999.000,9999.000
202607260624,   0.597,   0.718,9999.000,9999.000,9999.000,9999.000,9999.000,9999.000,9999.000
202607260630,   0.615,   0.741,9999.000,9999.000,9999.000,9999.000,9999.000,9999.000,9999.000
202607260636,   0.632,   0.760,9999.000,9999.000,9999.000,9999.000,9999.000,9999.000,9999.000
202607260642,   0.649,   0.780,9999.000,9999.000,9999.000,9999.000,9999.000,9999.000,9999.000
202607260648,   0.666,   0.790,9999.000,9999.000,9999.000,9999.000,9999.000,9999.000,9999.000
202607260654,   0.683,   0.819,9999.000,9999.000,9999.000,9999.000,9999.000,9999.000,9999.000
202607260700,   0.700,   0.829,   0.400,  -0.271,   0.829,   0.300,   0.729,   0.400,   0.829
202607260706,   0.717,   0.859,9999.000,9999.000,9999.000,9999.000,9999.000,9999.000,9999.000
202607260712,   0.734,   0.879,9999.000,9999.000,9999.000,9999.000,9999.000,9999.000,9999.000
202607260718,   0.751,   0.898,9999.000,9999.000,9999.000,9999.000,9999.000,9999.000,9999.000
202607260724,   0.768,   0.908,9999.000,9999.000,9999.000,9999.000,9999.000,9999.000,9999.000
202607260730,   0.785,   0.918,9999.000,9999.000,9999.000,9999.000,9999.000,9999.000,9999.000
202607260736,   0.801,   0.928,9999.000,9999.000,9999.000,9999.000,9999.000,9999.000,9999.000
202607260742,   0.818,   0.928,9999.000,9999.000,9999.000,9999.000,9999.000,9999.000,9999.000
202607260748,   0.834,   0.961,9999.000,9999.000,9999.000,9999.000,9999.000,9999.000,9999.000
202607260754,   0.851,   0.980,9999.000,9999.000,9999.000,9999.000,9999.000,9999.000,9999.000
202607260800,   0.867,   0.990,   0.400,  -0.277,   0.990,   0.300,   0.890,   0.400,   0.990
202607260806,   0.883,   1.000,9999.000,9999.000,9999.000,9999.000,9999.000,9999.000,9999.000
202607260812,   0.899,   1.010,9999.000,9999.000,9999.000,9999.000,9999.000,9999.000,9999.000
202607260818,   0.914,   1.029,9999.000,9999.000,9999.000,9999.000,9999.000,9999.000,9999.000
202607260824,   0.930,   1.049,9999.000,9999.000,9999.000,9999.000,9999.000,9999.000,9999.000
202607260830,   0.945,   1.088,9999.000,9999.000,9999.000,9999.000,9999.000,9999.000,9999.000
202607260836,   0.961,   1.098,9999.000,9999.000,9999.000,9999.000,9999.000,9999.000,9999.000
202607260842,   0.976,   1.108,9999.000,9999.000,9999.000,9999.000,9999.000,9999.000,9999.000
202607260848,   0.991,   1.108,9999.000,9999.000,9999.000,9999.000,9999.000,9999.000,9999.000
202607260854,   1.006,   1.128,9999.000,9999.000,9999.000,9999.000,9999.000,9999.000,9999.000
202607260900,   1.020,   1.151,   0.300,  -0.169,   1.151,   0.300,   1.151,   0.400,   1.251
202607260906,   1.035,   1.161,9999.000,9999.000,9999.000,9999.000,9999.000,9999.000,9999.000
202607260912,   1.049,   1.170,9999.000,9999.000,9999.000,9999.000,9999.000,9999.000,9999.000
202607260918,   1.063,   1.170,9999.000,9999.000,9999.000,9999.000,9999.000,9999.000,9999.000
202607260924,   1.077,   1.180,9999.000,9999.000,9999.000,9999.000,9999.000,9999.000,9999.000
202607260930,   1.090,   1.180,9999.000,9999.000,9999.000,9999.000,9999.000,9999.000,9999.000
202607260936,   1.103,   1.180,9999.000,9999.000,9999.000,9999.000,9999.000,9999.000,9999.000
202607260942,   1.116,   1.190,9999.000,9999.000,9999.000,9999.000,9999.000,9999.000,9999.000
202607260948,   1.129,   1.190,9999.000,9999.000,9999.000,9999.000,9999.000,9999.000,9999.000
202607260954,   1.142,   1.220,9999.000,9999.000,9999.000,9999.000,9999.000,9999.000,9999.000
202607261000,   1.154,   1.220,   0.400,  -0.334,   1.220,   0.400,   1.220,   0.400,   1.220
202607261006,   1.166,   1.229,9999.000,9999.000,9999.000,9999.000,9999.000,9999.000,9999.000
202607261012,   1.178,   1.239,9999.000,9999.000,9999.000,9999.000,9999.000,9999.000,9999.000
202607261018,   1.189,   1.259,9999.000,9999.000,9999.000,9999.000,9999.000,9999.000,9999.000
202607261024,   1.201,   1.279,9999.000,9999.000,9999.000,9999.000,9999.000,9999.000,9999.000
202607261030,   1.211,   1.298,9999.000,9999.000,9999.000,9999.000,9999.000,9999.000,9999.000
202607261036,   1.222,   1.298,9999.000,9999.000,9999.000,9999.000,9999.000,9999.000,9999.000
202607261042,   1.232,   1.308,9999.000,9999.000,9999.000,9999.000,9999.000,9999.000,9999.000
202607261048,   1.242,   1.308,9999.000,9999.000,9999.000,9999.000,9999.000,9999.000,9999.000
202607261054,   1.252,   1.328,9999.000,9999.000,9999.000,9999.000,9999.000,9999.000,9999.000
202607261100,   1.261,   1.318,   0.400,  -0.343,   1.318,   0.400,   1.318,   0.400,   1.318
202607261106,   1.270,   1.338,9999.000,9999.000,9999.000,9999.000,9999.000,9999.000,9999.000
202607261112,   1.279,   1.348,9999.000,9999.000,9999.000,9999.000,9999.000,9999.000,9999.000
202607261118,   1.287,   1.380,9999.000,9999.000,9999.000,9999.000,9999.000,9999.000,9999.000
202607261124,   1.295,   1.371,9999.000,9999.000,9999.000,9999.000,9999.000,9999.000,9999.000
202607261130,   1.302,   1.400,9999.000,9999.000,9999.000,9999.000,9999.000,9999.000,9999.000
202607261136,   1.309,   1.410,9999.000,9999.000,9999.000,9999.000,9999.000,9999.000,9999.000
202607261142,   1.316,   1.420,9999.000,9999.000,9999.000,9999.000,9999.000,9999.000,9999.000
202607261148,   1.322,   1.420,9999.000,9999.000,9999.000,9999.000,9999.000,9999.000,9999.000
202607261154,   1.328,   1.449,9999.000,9999.000,9999.000,9999.000,9999.000,9999.000,9999.000
202607261200,   1.334,   1.449,   0.200,  -0.085,   1.449,   0.200,   1.449,   0.200,   1.449
202607261206,   1.339,   1.459,9999.000,9999.000,9999.000,9999.000,9999.000,9999.000,9999.000
202607261212,   1.343,   1.459,9999.000,9999.000,9999.000,9999.000,9999.000,9999.000,9999.000
202607261218,   1.347,   1.479,9999.000,9999.000,9999.000,9999.000,9999.000,9999.000,9999.000
202607261224,   1.351,   1.489,9999.000,9999.000,9999.000,9999.000,9999.000,9999.000,9999.000
202607261230,   1.354,   1.489,9999.000,9999.000,9999.000,9999.000,9999.000,9999.000,9999.000
202607261236,   1.357,   1.479,9999.000,9999.000,9999.000,9999.000,9999.000,9999.000,9999.000
202607261242,   1.360,   1.479,9999.000,9999.000,9999.000,9999.000,9999.000,9999.000,9999.000
202607261248,   1.362,   1.489,9999.000,9999.000,9999.000,9999.000,9999.000,9999.000,9999.000
202607261254,   1.363,   1.489,9999.000,9999.000,9999.000,9999.000,9999.000,9999.000,9999.000
202607261300,   1.364,   1.489,   0.200,  -0.075,   1.489,   0.200,   1.489,   0.200,   1.489
202607261306,   1.365,   1.479,9999.000,9999.000,9999.000,9999.000,9999.000,9999.000,9999.000
202607261312,   1.365,   1.469,9999.000,9999.000,9999.000,9999.000,9999.000,9999.000,9999.000
202607261318,   1.364,   1.469,9999.000,9999.000,9999.000,9999.000,9999.000,9999.000,9999.000
202607261324,   1.363,   1.469,9999.000,9999.000,9999.000,9999.000,9999.000,9999.000,9999.000
202607261330,   1.362,   1.479,9999.000,9999.000,9999.000,9999.000,9999.000,9999.000,9999.000
202607261336,   1.360,   1.449,9999.000,9999.000,9999.000,9999.000,9999.000,9999.000,9999.000
202607261342,   1.358,   1.449,9999.000,9999.000,9999.000,9999.000,9999.000,9999.000,9999.000
202607261348,   1.355,   1.449,9999.000,9999.000,9999.000,9999.000,9999.000,9999.000,9999.000
202607261354,   1.351,   1.459,9999.000,9999.000,9999.000,9999.000,9999.000,9999.000,9999.000
202607261400,   1.347,   1.449,   0.200,  -0.098,   1.449,   0.200,   1.449,   0.200,   1.449
202607261406,   1.343,   1.449,9999.000,9999.000,9999.000,9999.000,9999.000,9999.000,9999.000
202607261412,   1.338,   1.449,9999.000,9999.000,9999.000,9999.000,9999.000,9999.000,9999.000
202607261418,   1.333,   1.449,9999.000,9999.000,9999.000,9999.000,9999.000,9999.000,9999.000
202607261424,   1.327,   1.449,9999.000,9999.000,9999.000,9999.000,9999.000,9999.000,9999.000
202607261430,   1.320,   1.449,9999.000,9999.000,9999.000,9999.000,9999.000,9999.000,9999.000
202607261436,   1.313,   1.449,9999.000,9999.000,9999.000,9999.000,9999.000,9999.000,9999.000
202607261442,   1.306,   1.449,9999.000,9999.000,9999.000,9999.000,9999.000,9999.000,9999.000
202607261448,   1.298,   1.439,9999.000,9999.000,9999.000,9999.000,9999.000,9999.000,9999.000
202607261454,   1.289,   1.420,9999.000,9999.000,9999.000,9999.000,9999.000,9999.000,9999.000
202607261500,   1.280,   1.430,   0.200,  -0.050,   1.430,   0.200,   1.430,   0.200,   1.430
202607261506,   1.271,   1.410,9999.000,9999.000,9999.000,9999.000,9999.000,9999.000,9999.000
202607261512,   1.261,   1.390,9999.000,9999.000,9999.000,9999.000,9999.000,9999.000,9999.000
202607261518,   1.250,   1.380,9999.000,9999.000,9999.000,9999.000,9999.000,9999.000,9999.000
202607261524,   1.239,   1.380,9999.000,9999.000,9999.000,9999.000,9999.000,9999.000,9999.000
202607261530,   1.228,   1.348,9999.000,9999.000,9999.000,9999.000,9999.000,9999.000,9999.000
202607261536,   1.216,   1.328,9999.000,9999.000,9999.000,9999.000,9999.000,9999.000,9999.000
202607261542,   1.204,   1.318,9999.000,9999.000,9999.000,9999.000,9999.000,9999.000,9999.000
202607261548,   1.191,   1.308,9999.000,9999.000,9999.000,9999.000,9999.000,9999.000,9999.000
202607261554,   1.178,   1.269,9999.000,9999.000,9999.000,9999.000,9999.000,9999.000,9999.000
202607261600,   1.164,   1.279,   0.200,  -0.085,   1.279,   0.100,   1.179,   0.200,   1.279
202607261606,   1.150,   1.239,9999.000,9999.000,9999.000,9999.000,9999.000,9999.000,9999.000
202607261612,   1.135,   1.229,9999.000,9999.000,9999.000,9999.000,9999.000,9999.000,9999.000
202607261618,   1.120,   1.200,9999.000,9999.000,9999.000,9999.000,9999.000,9999.000,9999.000
202607261624,   1.105,   1.200,9999.000,9999.000,9999.000,9999.000,9999.000,9999.000,9999.000
202607261630,   1.089,   1.190,9999.000,9999.000,9999.000,9999.000,9999.000,9999.000,9999.000
202607261636,   1.073,   1.180,9999.000,9999.000,9999.000,9999.000,9999.000,9999.000,9999.000
202607261642,   1.056,   1.151,9999.000,9999.000,9999.000,9999.000,9999.000,9999.000,9999.000
202607261648,   1.039,   1.118,9999.000,9999.000,9999.000,9999.000,9999.000,9999.000,9999.000
202607261654,   1.022,   1.098,9999.000,9999.000,9999.000,9999.000,9999.000,9999.000,9999.000
202607261700,   1.004,   1.098,   0.200,  -0.106,   1.098,   0.100,   0.998,   0.200,   1.098
202607261706,   0.986,   1.069,9999.000,9999.000,9999.000,9999.000,9999.000,9999.000,9999.000
202607261712,   0.968,   1.059,9999.000,9999.000,9999.000,9999.000,9999.000,9999.000,9999.000
202607261718,   0.949,   1.039,9999.000,9999.000,9999.000,9999.000,9999.000,9999.000,9999.000
202607261724,   0.930,   1.029,9999.000,9999.000,9999.000,9999.000,9999.000,9999.000,9999.000
202607261730,   0.911,   1.020,9999.000,9999.000,9999.000,9999.000,9999.000,9999.000,9999.000
202607261736,   0.891,   1.000,9999.000,9999.000,9999.000,9999.000,9999.000,9999.000,9999.000
202607261742,   0.872,   0.970,9999.000,9999.000,9999.000,9999.000,9999.000,9999.000,9999.000
202607261748,   0.852,   0.941,9999.000,9999.000,9999.000,9999.000,9999.000,9999.000,9999.000
202607261754,   0.832,   0.908,9999.000,9999.000,9999.000,9999.000,9999.000,9999.000,9999.000
202607261800,   0.811,   0.879,   0.100,  -0.032,   0.879,   0.000,   0.779,   0.100,   0.879
202607261806,   0.791,   0.849,9999.000,9999.000,9999.000,9999.000,9999.000,9999.000,9999.000
202607261812,   0.770,   0.829,9999.000,9999.000,9999.000,9999.000,9999.000,9999.000,9999.000
202607261818,   0.749,   0.810,9999.000,9999.000,9999.000,9999.000,9999.000,9999.000,9999.000
202607261824,   0.728,   0.780,9999.000,9999.000,9999.000,9999.000,9999.000,9999.000,9999.000
202607261830,   0.707,   0.760,9999.000,9999.000,9999.000,9999.000,9999.000,9999.000,9999.000
202607261836,   0.686,   0.718,9999.000,9999.000,9999.000,9999.000,9999.000,9999.000,9999.000
202607261842,   0.665,   0.688,9999.000,9999.000,9999.000,9999.000,9999.000,9999.000,9999.000
202607261848,   0.643,   0.659,9999.000,9999.000,9999.000,9999.000,9999.000,9999.000,9999.000
202607261854,   0.622,   0.639,9999.000,9999.000,9999.000,9999.000,9999.000,9999.000,9999.000
202607261900,   0.601,   0.610,   0.100,  -0.091,   0.610,   0.100,   0.610,   0.100,   0.610
202607261906,   0.579,   0.580,9999.000,9999.000,9999.000,9999.000,9999.000,9999.000,9999.000
202607261912,   0.558,   0.551,9999.000,9999.000,9999.000,9999.000,9999.000,9999.000,9999.000
202607261918,   0.536,   0.518,9999.000,9999.000,9999.000,9999.000,9999.000,9999.000,9999.000
202607261924,   0.515,   0.488,9999.000,9999.000,9999.000,9999.000,9999.000,9999.000,9999.000
202607261930,   0.494,   0.459,9999.000,9999.000,9999.000,9999.000,9999.000,9999.000,9999.000
202607261936,   0.473,   0.449,9999.000,9999.000,9999.000,9999.000,9999.000,9999.000,9999.000
202607261942,   0.451,   0.409,9999.000,9999.000,9999.000,9999.000,9999.000,9999.000,9999.000
202607261948,   0.430,   0.380,9999.000,9999.000,9999.000,9999.000,9999.000,9999.000,9999.000
202607261954,   0.410,   0.350,9999.000,9999.000,9999.000,9999.000,9999.000,9999.000,9999.000
202607262000,   0.389,   0.341,   0.100,  -0.148,   0.341,   0.100,   0.341,   0.100,   0.341
202607262006,   0.368,   0.321,9999.000,9999.000,9999.000,9999.000,9999.000,9999.000,9999.000
202607262012,   0.348,   0.298,9999.000,9999.000,9999.000,9999.000,9999.000,9999.000,9999.000
202607262018,   0.328,   0.278,9999.000,9999.000,9999.000,9999.000,9999.000,9999.000,9999.000
202607262024,   0.308,   0.259,9999.000,9999.000,9999.000,9999.000,9999.000,9999.000,9999.000
202607262030,   0.288,   0.249,9999.000,9999.000,9999.000,9999.000,9999.000,9999.000,9999.000
202607262036,   0.269,   0.249,9999.000,9999.000,9999.000,9999.000,9999.000,9999.000,9999.000
202607262042,   0.250,   0.229,9999.000,9999.000,9999.000,9999.000,9999.000,9999.000,9999.000
202607262048,   0.231,   0.229,9999.000,9999.000,9999.000,9999.000,9999.000,9999.000,9999.000
202607262054,   0.212,   0.209,9999.000,9999.000,9999.000,9999.000,9999.000,9999.000,9999.000
202607262100,   0.194,   0.200,   0.100,  -0.094,   0.200,   0.100,   0.200,   0.100,   0.200
202607262106,   0.176,   0.170,9999.000,9999.000,9999.000,9999.000,9999.000,9999.000,9999.000
202607262112,   0.159,   0.170,9999.000,9999.000,9999.000,9999.000,9999.000,9999.000,9999.000
202607262118,   0.142,   0.141,9999.000,9999.000,9999.000,9999.000,9999.000,9999.000,9999.000
202607262124,   0.125,   0.121,9999.000,9999.000,9999.000,9999.000,9999.000,9999.000,9999.000
202607262130,   0.108,   0.098,9999.000,9999.000,9999.000,9999.000,9999.000,9999.000,9999.000
202607262136,   0.092,   0.098,9999.000,9999.000,9999.000,9999.000,9999.000,9999.000,9999.000
202607262142,   0.077,   0.088,9999.000,9999.000,9999.000,9999.000,9999.000,9999.000,9999.000
202607262148,   0.061,   0.059,9999.000,9999.000,9999.000,9999.000,9999.000,9999.000,9999.000
202607262154,   0.047,   0.039,9999.000,9999.000,9999.000,9999.000,9999.000,9999.000,9999.000
202607262200,   0.032,   0.019,   0.200,  -0.213,   0.019,   0.100,  -0.081,   0.200,   0.019
202607262206,   0.018,   0.009,9999.000,9999.000,9999.000,9999.000,9999.000,9999.000,9999.000
202607262212,   0.005,   0.000,9999.000,9999.000,9999.000,9999.000,9999.000,9999.000,9999.000
202607262218,  -0.007,  -0.019,9999.000,9999.000,9999.000,9999.000,9999.000,9999.000,9999.000
202607262224,  -0.019,  -0.019,9999.000,9999.000,9999.000,9999.000,9999.000,9999.000,9999.000
202607262230,  -0.031,  -0.039,9999.000,9999.000,9999.000,9999.000,9999.000,9999.000,9999.000
202607262236,  -0.043,  -0.039,9999.000,9999.000,9999.000,9999.000,9999.000,9999.000,9999.000
202607262242,  -0.054,  -0.059,9999.000,9999.000,9999.000,9999.000,9999.000,9999.000,9999.000
202607262248,  -0.064,  -0.059,9999.000,9999.000,9999.000,9999.000,9999.000,9999.000,9999.000
202607262254,  -0.074,  -0.078,9999.000,9999.000,9999.000,9999.000,9999.000,9999.000,9999.000
202607262300,  -0.084,  -0.078,   0.200,  -0.194,  -0.078,   0.100,  -0.178,   0.200,  -0.078
202607262306,  -0.092,  -0.088,9999.000,9999.000,9999.000,9999.000,9999.000,9999.000,9999.000
202607262312,  -0.101,  -0.098,9999.000,9999.000,9999.000,9999.000,9999.000,9999.000,9999.000
202607262318,  -0.109,  -0.111,9999.000,9999.000,9999.000,9999.000,9999.000,9999.000,9999.000
202607262324,  -0.116,  -0.121,9999.000,9999.000,9999.000,9999.000,9999.000,9999.000,9999.000
202607262330,  -0.123,  -0.141,9999.000,9999.000,9999.000,9999.000,9999.000,9999.000,9999.000
202607262336,  -0.129,  -0.150,9999.000,9999.000,9999.000,9999.000,9999.000,9999.000,9999.000
202607262342,  -0.134,  -0.160,9999.000,9999.000,9999.000,9999.000,9999.000,9999.000,9999.000
202607262348,  -0.140,  -0.180,9999.000,9999.000,9999.000,9999.000,9999.000,9999.000,9999.000
202607262354,  -0.144,  -0.170,9999.000,9999.000,9999.000,9999.000,9999.000,9999.000,9999.000
202607270000,  -0.148,  -0.170,   0.000,  -0.022,  -0.170,   0.000,  -0.170,   0.100,  -0.070
202607270006,  -0.152,  -0.180,9999.000,9999.000,9999.000,9999.000,9999.000,9999.000,9999.000
202607270012,  -0.155,  -0.180,9999.000,9999.000,9999.000,9999.000,9999.000,9999.000,9999.000
202607270018,  -0.157,  -0.180,9999.000,9999.000,9999.000,9999.000,9999.000,9999.000,9999.000
202607270024,  -0.159,  -0.190,9999.000,9999.000,9999.000,9999.000,9999.000,9999.000,9999.000
202607270030,  -0.160,  -0.180,9999.000,9999.000,9999.000,9999.000,9999.000,9999.000,9999.000
202607270036,  -0.161,  -0.160,9999.000,9999.000,9999.000,9999.000,9999.000,9999.000,9999.000
202607270042,  -0.161,  -0.170,9999.000,9999.000,9999.000,9999.000,9999.000,9999.000,9999.000
202607270048,  -0.161,  -0.170,9999.000,9999.000,9999.000,9999.000,9999.000,9999.000,9999.000
202607270054,  -0.160,  -0.160,9999.000,9999.000,9999.000,9999.000,9999.000,9999.000,9999.000
202607270100,  -0.158,  -0.160,   0.100,  -0.102,  -0.160,   0.000,  -0.260,   0.100,  -0.160
202607270106,  -0.157,  -0.160,9999.000,9999.000,9999.000,9999.000,9999.000,9999.000,9999.000
202607270112,  -0.154,  -0.180,9999.000,9999.000,9999.000,9999.000,9999.000,9999.000,9999.000
202607270118,  -0.151,  -0.170,9999.000,9999.000,9999.000,9999.000,9999.000,9999.000,9999.000
202607270124,  -0.148,  -0.160,9999.000,9999.000,9999.000,9999.000,9999.000,9999.000,9999.000
202607270130,  -0.144,  -0.141,9999.000,9999.000,9999.000,9999.000,9999.000,9999.000,9999.000
202607270136,  -0.140,  -0.121,9999.000,9999.000,9999.000,9999.000,9999.000,9999.000,9999.000
202607270142,  -0.135,  -0.121,9999.000,9999.000,9999.000,9999.000,9999.000,9999.000,9999.000
202607270148,  -0.130,  -0.111,9999.000,9999.000,9999.000,9999.000,9999.000,9999.000,9999.000
202607270154,  -0.124,  -0.098,9999.000,9999.000,9999.000,9999.000,9999.000,9999.000,9999.000
202607270200,  -0.118,  -0.068,   0.100,  -0.050,  -0.068,   0.000,  -0.168,   0.100,  -0.068
202607270206,  -0.111,  -0.068,9999.000,9999.000,9999.000,9999.000,9999.000,9999.000,9999.000
202607270212,  -0.104,  -0.059,9999.000,9999.000,9999.000,9999.000,9999.000,9999.000,9999.000
202607270218,  -0.096,  -0.039,9999.000,9999.000,9999.000,9999.000,9999.000,9999.000,9999.000
202607270224,  -0.088,  -0.029,9999.000,9999.000,9999.000,9999.000,9999.000,9999.000,9999.000
202607270230,  -0.080,   0.000,9999.000,9999.000,9999.000,9999.000,9999.000,9999.000,9999.000
202607270236,  -0.071,   0.000,9999.000,9999.000,9999.000,9999.000,9999.000,9999.000,9999.000
202607270242,  -0.062,   0.019,9999.000,9999.000,9999.000,9999.000,9999.000,9999.000,9999.000
202607270248,  -0.053,   0.019,9999.000,9999.000,9999.000,9999.000,9999.000,9999.000,9999.000
202607270254,  -0.043,   0.019,9999.000,9999.000,9999.000,9999.000,9999.000,9999.000,9999.000
202607270300,  -0.032,   0.068,   0.000,   0.100,   0.068,   0.000,   0.068,   0.100,   0.168
202607270306,  -0.022,   0.059,9999.000,9999.000,9999.000,9999.000,9999.000,9999.000,9999.000
202607270312,  -0.011,   0.078,9999.000,9999.000,9999.000,9999.000,9999.000,9999.000,9999.000
202607270318,   0.000,   0.059,9999.000,9999.000,9999.000,9999.000,9999.000,9999.000,9999.000
202607270324,   0.011,   0.059,9999.000,9999.000,9999.000,9999.000,9999.000,9999.000,9999.000
202607270330,   0.023,   0.068,9999.000,9999.000,9999.000,9999.000,9999.000,9999.000,9999.000
202607270336,   0.035,   0.049,9999.000,9999.000,9999.000,9999.000,9999.000,9999.000,9999.000
202607270342,   0.048,   0.078,9999.000,9999.000,9999.000,9999.000,9999.000,9999.000,9999.000
202607270348,   0.061,   0.098,9999.000,9999.000,9999.000,9999.000,9999.000,9999.000,9999.000
202607270354,   0.074,   0.121,9999.000,9999.000,9999.000,9999.000,9999.000,9999.000,9999.000
202607270400,   0.087,   0.121,   0.000,   0.034,   0.121,   0.000,   0.121,   0.000,   0.121
202607270406,   0.101,   0.131,9999.000,9999.000,9999.000,9999.000,9999.000,9999.000,9999.000
202607270412,   0.115,   0.160,9999.000,9999.000,9999.000,9999.000,9999.000,9999.000,9999.000
202607270418,   0.129,   0.180,9999.000,9999.000,9999.000,9999.000,9999.000,9999.000,9999.000
202607270424,   0.143,   0.209,9999.000,9999.000,9999.000,9999.000,9999.000,9999.000,9999.000
202607270430,   0.158,   0.229,9999.000,9999.000,9999.000,9999.000,9999.000,9999.000,9999.000
202607270436,   0.173,   0.229,9999.000,9999.000,9999.000,9999.000,9999.000,9999.000,9999.000
202607270442,   0.188,   0.229,9999.000,9999.000,9999.000,9999.000,9999.000,9999.000,9999.000
202607270448,   0.203,   0.239,9999.000,9999.000,9999.000,9999.000,9999.000,9999.000,9999.000
202607270454,   0.218,   0.278,9999.000,9999.000,9999.000,9999.000,9999.000,9999.000,9999.000
202607270500,   0.234,   0.308,   0.000,   0.074,   0.308,   0.000,   0.308,   0.000,   0.308
202607270506,   0.249,   0.321,9999.000,9999.000,9999.000,9999.000,9999.000,9999.000,9999.000
202607270512,   0.265,   0.321,9999.000,9999.000,9999.000,9999.000,9999.000,9999.000,9999.000
202607270518,   0.281,   0.341,9999.000,9999.000,9999.000,9999.000,9999.000,9999.000,9999.000
202607270524,   0.297,   0.360,9999.000,9999.000,9999.000,9999.000,9999.000,9999.000,9999.000
202607270530,   0.313,   0.380,9999.000,9999.000,9999.000,9999.000,9999.000,9999.000,9999.000
202607270536,   0.330,   0.400,9999.000,9999.000,9999.000,9999.000,9999.000,9999.000,9999.000
202607270542,   0.346,   0.429,9999.000,9999.000,9999.000,9999.000,9999.000,9999.000,9999.000
202607270548,   0.363,   0.449,9999.000,9999.000,9999.000,9999.000,9999.000,9999.000,9999.000
202607270554,   0.379,   0.478,9999.000,9999.000,9999.000,9999.000,9999.000,9999.000,9999.000
202607270600,   0.396,   0.488,   0.000,   0.092,   0.488,   0.000,   0.488,   0.000,   0.488
202607270606,   0.413,9999.000,9999.000,9999.000,9999.000,9999.000,9999.000,9999.000,9999.000
202607270612,   0.430,9999.000,9999.000,9999.000,9999.000,9999.000,9999.000,9999.000,9999.000
202607270618,   0.447,9999.000,9999.000,9999.000,9999.000,9999.000,9999.000,9999.000,9999.000
202607270624,   0.464,9999.000,9999.000,9999.000,9999.000,9999.000,9999.000,9999.000,9999.000
202607270630,   0.481,9999.000,9999.000,9999.000,9999.000,9999.000,9999.000,9999.000,9999.000
202607270636,   0.498,9999.000,9999.000,9999.000,9999.000,9999.000,9999.000,9999.000,9999.000
202607270642,   0.515,9999.000,9999.000,9999.000,9999.000,9999.000,9999.000,9999.000,9999.000
202607270648,   0.532,9999.000,9999.000,9999.000,9999.000,9999.000,9999.000,9999.000,9999.000
202607270654,   0.550,9999.000,9999.000,9999.000,9999.000,9999.000,9999.000,9999.000,9999.000
202607270700,   0.567,9999.000,   0.000,   0.080,   0.647,   0.000,   0.647,   0.100,   0.747
202607270706,   0.584,9999.000,9999.000,9999.000,9999.000,9999.000,9999.000,9999.000,9999.000
202607270712,   0.601,9999.000,9999.000,9999.000,9999.000,9999.000,9999.000,9999.000,9999.000
202607270718,   0.618,9999.000,9999.000,9999.000,9999.000,9999.000,9999.000,9999.000,9999.000
202607270724,   0.636,9999.000,9999.000,9999.000,9999.000,9999.000,9999.000,9999.000,9999.000
202607270730,   0.653,9999.000,9999.000,9999.000,9999.000,9999.000,9999.000,9999.000,9999.000
202607270736,   0.670,9999.000,9999.000,9999.000,9999.000,9999.000,9999.000,9999.000,9999.000
202607270742,   0.687,9999.000,9999.000,9999.000,9999.000,9999.000,9999.000,9999.000,9999.000
202607270748,   0.704,9999.000,9999.000,9999.000,9999.000,9999.000,9999.000,9999.000,9999.000
202607270754,   0.721,9999.000,9999.000,9999.000,9999.000,9999.000,9999.000,9999.000,9999.000
202607270800,   0.738,9999.000,   0.000,   0.069,   0.807,   0.000,   0.807,   0.000,   0.807
202607270806,   0.755,9999.000,9999.000,9999.000,9999.000,9999.000,9999.000,9999.000,9999.000
202607270812,   0.772,9999.000,9999.000,9999.000,9999.000,9999.000,9999.000,9999.000,9999.000
202607270818,   0.789,9999.000,9999.000,9999.000,9999.000,9999.000,9999.000,9999.000,9999.000
202607270824,   0.806,9999.000,9999.000,9999.000,9999.000,9999.000,9999.000,9999.000,9999.000
202607270830,   0.822,9999.000,9999.000,9999.000,9999.000,9999.000,9999.000,9999.000,9999.000
202607270836,   0.839,9999.000,9999.000,9999.000,9999.000,9999.000,9999.000,9999.000,9999.000
202607270842,   0.856,9999.000,9999.000,9999.000,9999.000,9999.000,9999.000,9999.000,9999.000
202607270848,   0.872,9999.000,9999.000,9999.000,9999.000,9999.000,9999.000,9999.000,9999.000
202607270854,   0.888,9999.000,9999.000,9999.000,9999.000,9999.000,9999.000,9999.000,9999.000
202607270900,   0.904,9999.000,   0.000,   0.057,   0.961,   0.000,   0.961,   0.000,   0.961
202607270906,   0.920,9999.000,9999.000,9999.000,9999.000,9999.000,9999.000,9999.000,9999.000
202607270912,   0.936,9999.000,9999.000,9999.000,9999.000,9999.000,9999.000,9999.000,9999.000
202607270918,   0.952,9999.000,9999.000,9999.000,9999.000,9999.000,9999.000,9999.000,9999.000
202607270924,   0.968,9999.000,9999.000,9999.000,9999.000,9999.000,9999.000,9999.000,9999.000
202607270930,   0.983,9999.000,9999.000,9999.000,9999.000,9999.000,9999.000,9999.000,9999.000
202607270936,   0.998,9999.000,9999.000,9999.000,9999.000,9999.000,9999.000,9999.000,9999.000
202607270942,   1.013,9999.000,9999.000,9999.000,9999.000,9999.000,9999.000,9999.000,9999.000
202607270948,   1.028,9999.000,9999.000,9999.000,9999.000,9999.000,9999.000,9999.000,9999.000
202607270954,   1.043,9999.000,9999.000,9999.000,9999.000,9999.000,9999.000,9999.000,9999.000
202607271000,   1.058,9999.000,   0.000,   0.046,   1.104,   0.000,   1.104,   0.000,   1.104
202607271006,   1.072,9999.000,9999.000,9999.000,9999.000,9999.000,9999.000,9999.000,9999.000
202607271012,   1.086,9999.000,9999.000,9999.000,9999.000,9999.000,9999.000,9999.000,9999.000
202607271018,   1.100,9999.000,9999.000,9999.000,9999.000,9999.000,9999.000,9999.000,9999.000
202607271024,   1.114,9999.000,9999.000,9999.000,9999.000,9999.000,9999.000,9999.000,9999.000
202607271030,   1.127,9999.000,9999.000,9999.000,9999.000,9999.000,9999.000,9999.000,9999.000
202607271036,   1.141,9999.000,9999.000,9999.000,9999.000,9999.000,9999.000,9999.000,9999.000
202607271042,   1.154,9999.000,9999.000,9999.000,9999.000,9999.000,9999.000,9999.000,9999.000
202607271048,   1.166,9999.000,9999.000,9999.000,9999.000,9999.000,9999.000,9999.000,9999.000
202607271054,   1.179,9999.000,9999.000,9999.000,9999.000,9999.000,9999.000,9999.000,9999.000
202607271100,   1.191,9999.000,   0.000,   0.034,   1.225,   0.000,   1.225,   0.000,   1.225
202607271106,   1.203,9999.000,9999.000,9999.000,9999.000,9999.000,9999.000,9999.000,9999.000
202607271112,   1.215,9999.000,9999.000,9999.000,9999.000,9999.000,9999.000,9999.000,9999.000
202607271118,   1.226,9999.000,9999.000,9999.000,9999.000,9999.000,9999.000,9999.000,9999.000
202607271124,   1.237,9999.000,9999.000,9999.000,9999.000,9999.000,9999.000,9999.000,9999.000
202607271130,   1.248,9999.000,9999.000,9999.000,9999.000,9999.000,9999.000,9999.000,9999.000
202607271136,   1.258,9999.000,9999.000,9999.000,9999.000,9999.000,9999.000,9999.000,9999.000
202607271142,   1.268,9999.000,9999.000,9999.000,9999.000,9999.000,9999.000,9999.000,9999.000
202607271148,   1.278,9999.000,9999.000,9999.000,9999.000,9999.000,9999.000,9999.000,9999.000
202607271154,   1.287,9999.000,9999.000,9999.000,9999.000,9999.000,9999.000,9999.000,9999.000
202607271200,   1.296,9999.000,   0.000,   0.022,   1.318,   0.000,   1.318,   0.000,   1.318
202607271206,   1.305,9999.000,9999.000,9999.000,9999.000,9999.000,9999.000,9999.000,9999.000
202607271212,   1.313,9999.000,9999.000,9999.000,9999.000,9999.000,9999.000,9999.000,9999.000
202607271218,   1.321,9999.000,9999.000,9999.000,9999.000,9999.000,9999.000,9999.000,9999.000
202607271224,   1.328,9999.000,9999.000,9999.000,9999.000,9999.000,9999.000,9999.000,9999.000
202607271230,   1.335,9999.000,9999.000,9999.000,9999.000,9999.000,9999.000,9999.000,9999.000
202607271236,   1.342,9999.000,9999.000,9999.000,9999.000,9999.000,9999.000,9999.000,9999.000
202607271242,   1.348,9999.000,9999.000,9999.000,9999.000,9999.000,9999.000,9999.000,9999.000
202607271248,   1.353,9999.000,9999.000,9999.000,9999.000,9999.000,9999.000,9999.000,9999.000
202607271254,   1.359,9999.000,9999.000,9999.000,9999.000,9999.000,9999.000,9999.000,9999.000
202607271300,   1.363,9999.000,   0.000,   0.011,   1.374,   0.000,   1.374,   0.000,   1.374
202607271306,   1.368,9999.000,9999.000,9999.000,9999.000,9999.000,9999.000,9999.000,9999.000
202607271312,   1.372,9999.000,9999.000,9999.000,9999.000,9999.000,9999.000,9999.000,9999.000
202607271318,   1.375,9999.000,9999.000,9999.000,9999.000,9999.000,9999.000,9999.000,9999.000
202607271324,   1.378,9999.000,9999.000,9999.000,9999.000,9999.000,9999.000,9999.000,9999.000
202607271330,   1.381,9999.000,9999.000,9999.000,9999.000,9999.000,9999.000,9999.000,9999.000
202607271336,   1.383,9999.000,9999.000,9999.000,9999.000,9999.000,9999.000,9999.000,9999.000
202607271342,   1.384,9999.000,9999.000,9999.000,9999.000,9999.000,9999.000,9999.000,9999.000
202607271348,   1.385,9999.000,9999.000,9999.000,9999.000,9999.000,9999.000,9999.000,9999.000
202607271354,   1.385,9999.000,9999.000,9999.000,9999.000,9999.000,9999.000,9999.000,9999.000
202607271400,   1.385,9999.000,   0.000,  -0.001,   1.384,   0.000,   1.384,   0.000,   1.384
202607271406,   1.385,9999.000,9999.000,9999.000,9999.000,9999.000,9999.000,9999.000,9999.000
202607271412,   1.384,9999.000,9999.000,9999.000,9999.000,9999.000,9999.000,9999.000,9999.000
202607271418,   1.382,9999.000,9999.000,9999.000,9999.000,9999.000,9999.000,9999.000,9999.000
202607271424,   1.380,9999.000,9999.000,9999.000,9999.000,9999.000,9999.000,9999.000,9999.000
202607271430,   1.377,9999.000,9999.000,9999.000,9999.000,9999.000,9999.000,9999.000,9999.000
202607271436,   1.374,9999.000,9999.000,9999.000,9999.000,9999.000,9999.000,9999.000,9999.000
202607271442,   1.370,9999.000,9999.000,9999.000,9999.000,9999.000,9999.000,9999.000,9999.000
202607271448,   1.366,9999.000,9999.000,9999.000,9999.000,9999.000,9999.000,9999.000,9999.000
202607271454,   1.361,9999.000,9999.000,9999.000,9999.000,9999.000,9999.000,9999.000,9999.000
202607271500,   1.356,9999.000,   0.000,  -0.012,   1.344,   0.000,   1.344,   0.000,   1.344
202607271506,   1.350,9999.000,9999.000,9999.000,9999.000,9999.000,9999.000,9999.000,9999.000
202607271512,   1.344,9999.000,9999.000,9999.000,9999.000,9999.000,9999.000,9999.000,9999.000
202607271518,   1.337,9999.000,9999.000,9999.000,9999.000,9999.000,9999.000,9999.000,9999.000
202607271524,   1.329,9999.000,9999.000,9999.000,9999.000,9999.000,9999.000,9999.000,9999.000
202607271530,   1.321,9999.000,9999.000,9999.000,9999.000,9999.000,9999.000,9999.000,9999.000
202607271536,   1.312,9999.000,9999.000,9999.000,9999.000,9999.000,9999.000,9999.000,9999.000
202607271542,   1.303,9999.000,9999.000,9999.000,9999.000,9999.000,9999.000,9999.000,9999.000
202607271548,   1.294,9999.000,9999.000,9999.000,9999.000,9999.000,9999.000,9999.000,9999.000
202607271554,   1.284,9999.000,9999.000,9999.000,9999.000,9999.000,9999.000,9999.000,9999.000
202607271600,   1.273,9999.000,   0.000,  -0.024,   1.249,   0.000,   1.249,   0.000,   1.249
202607271606,   1.262,9999.000,9999.000,9999.000,9999.000,9999.000,9999.000,9999.000,9999.000
202607271612,   1.250,9999.000,9999.000,9999.000,9999.000,9999.000,9999.000,9999.000,9999.000
202607271618,   1.238,9999.000,9999.000,9999.000,9999.000,9999.000,9999.000,9999.000,9999.000
202607271624,   1.225,9999.000,9999.000,9999.000,9999.000,9999.000,9999.000,9999.000,9999.000
202607271630,   1.212,9999.000,9999.000,9999.000,9999.000,9999.000,9999.000,9999.000,9999.000
202607271636,   1.198,9999.000,9999.000,9999.000,9999.000,9999.000,9999.000,9999.000,9999.000
202607271642,   1.184,9999.000,9999.000,9999.000,9999.000,9999.000,9999.000,9999.000,9999.000
202607271648,   1.169,9999.000,9999.000,9999.000,9999.000,9999.000,9999.000,9999.000,9999.000
202607271654,   1.154,9999.000,9999.000,9999.000,9999.000,9999.000,9999.000,9999.000,9999.000
202607271700,   1.139,9999.000,   0.000,  -0.035,   1.104,   0.000,   1.104,   0.000,   1.104
202607271706,   1.123,9999.000,9999.000,9999.000,9999.000,9999.000,9999.000,9999.000,9999.000
202607271712,   1.107,9999.000,9999.000,9999.000,9999.000,9999.000,9999.000,9999.000,9999.000
202607271718,   1.090,9999.000,9999.000,9999.000,9999.000,9999.000,9999.000,9999.000,9999.000
202607271724,   1.073,9999.000,9999.000,9999.000,9999.000,9999.000,9999.000,9999.000,9999.000
202607271730,   1.055,9999.000,9999.000,9999.000,9999.000,9999.000,9999.000,9999.000,9999.000
202607271736,   1.037,9999.000,9999.000,9999.000,9999.000,9999.000,9999.000,9999.000,9999.000
202607271742,   1.019,9999.000,9999.000,9999.000,9999.000,9999.000,9999.000,9999.000,9999.000
202607271748,   1.001,9999.000,9999.000,9999.000,9999.000,9999.000,9999.000,9999.000,9999.000
202607271754,   0.982,9999.000,9999.000,9999.000,9999.000,9999.000,9999.000,9999.000,9999.000
202607271800,   0.962,9999.000,   0.000,  -0.047,   0.915,   0.000,   0.915,   0.000,   0.915
202607271806,   0.943,9999.000,9999.000,9999.000,9999.000,9999.000,9999.000,9999.000,9999.000
202607271812,   0.923,9999.000,9999.000,9999.000,9999.000,9999.000,9999.000,9999.000,9999.000
202607271818,   0.903,9999.000,9999.000,9999.000,9999.000,9999.000,9999.000,9999.000,9999.000
202607271824,   0.883,9999.000,9999.000,9999.000,9999.000,9999.000,9999.000,9999.000,9999.000
202607271830,   0.862,9999.000,9999.000,9999.000,9999.000,9999.000,9999.000,9999.000,9999.000
202607271836,   0.841,9999.000,9999.000,9999.000,9999.000,9999.000,9999.000,9999.000,9999.000
202607271842,   0.821,9999.000,9999.000,9999.000,9999.000,9999.000,9999.000,9999.000,9999.000
202607271848,   0.799,9999.000,9999.000,9999.000,9999.000,9999.000,9999.000,9999.000,9999.000
202607271854,   0.778,9999.000,9999.000,9999.000,9999.000,9999.000,9999.000,9999.000,9999.000
202607271900,   0.757,9999.000,   0.000,  -0.047,   0.710,   0.000,   0.710,   0.100,   0.810
202607271906,   0.735,9999.000,9999.000,9999.000,9999.000,9999.000,9999.000,9999.000,9999.000
202607271912,   0.714,9999.000,9999.000,9999.000,9999.000,9999.000,9999.000,9999.000,9999.000
202607271918,   0.692,9999.000,9999.000,9999.000,9999.000,9999.000,9999.000,9999.000,9999.000
202607271924,   0.670,9999.000,9999.000,9999.000,9999.000,9999.000,9999.000,9999.000,9999.000
202607271930,   0.648,9999.000,9999.000,9999.000,9999.000,9999.000,9999.000,9999.000,9999.000
202607271936,   0.626,9999.000,9999.000,9999.000,9999.000,9999.000,9999.000,9999.000,9999.000
202607271942,   0.604,9999.000,9999.000,9999.000,9999.000,9999.000,9999.000,9999.000,9999.000
202607271948,   0.583,9999.000,9999.000,9999.000,9999.000,9999.000,9999.000,9999.000,9999.000
202607271954,   0.561,9999.000,9999.000,9999.000,9999.000,9999.000,9999.000,9999.000,9999.000
202607272000,   0.540,9999.000,   0.100,  -0.047,   0.593,   0.000,   0.493,   0.100,   0.593
202607272006,   0.517,9999.000,9999.000,9999.000,9999.000,9999.000,9999.000,9999.000,9999.000
202607272012,   0.496,9999.000,9999.000,9999.000,9999.000,9999.000,9999.000,9999.000,9999.000
202607272018,   0.474,9999.000,9999.000,9999.000,9999.000,9999.000,9999.000,9999.000,9999.000
202607272024,   0.453,9999.000,9999.000,9999.000,9999.000,9999.000,9999.000,9999.000,9999.000
202607272030,   0.431,9999.000,9999.000,9999.000,9999.000,9999.000,9999.000,9999.000,9999.000
202607272036,   0.410,9999.000,9999.000,9999.000,9999.000,9999.000,9999.000,9999.000,9999.000
202607272042,   0.389,9999.000,9999.000,9999.000,9999.000,9999.000,9999.000,9999.000,9999.000
202607272048,   0.369,9999.000,9999.000,9999.000,9999.000,9999.000,9999.000,9999.000,9999.000
202607272054,   0.348,9999.000,9999.000,9999.000,9999.000,9999.000,9999.000,9999.000,9999.000
202607272100,   0.328,9999.000,   0.100,  -0.047,   0.381,   0.000,   0.281,   0.100,   0.381
202607272106,   0.308,9999.000,9999.000,9999.000,9999.000,9999.000,9999.000,9999.000,9999.000
202607272112,   0.288,9999.000,9999.000,9999.000,9999.000,9999.000,9999.000,9999.000,9999.000
202607272118,   0.268,9999.000,9999.000,9999.000,9999.000,9999.000,9999.000,9999.000,9999.000
202607272124,   0.249,9999.000,9999.000,9999.000,9999.000,9999.000,9999.000,9999.000,9999.000
202607272130,   0.230,9999.000,9999.000,9999.000,9999.000,9999.000,9999.000,9999.000,9999.000
202607272136,   0.212,9999.000,9999.000,9999.000,9999.000,9999.000,9999.000,9999.000,9999.000
202607272142,   0.194,9999.000,9999.000,9999.000,9999.000,9999.000,9999.000,9999.000,9999.000
202607272148,   0.176,9999.000,9999.000,9999.000,9999.000,9999.000,9999.000,9999.000,9999.000
202607272154,   0.158,9999.000,9999.000,9999.000,9999.000,9999.000,9999.000,9999.000,9999.000
202607272200,   0.141,9999.000,   0.100,  -0.047,   0.194,   0.100,   0.194,   0.100,   0.194
202607272206,   0.124,9999.000,9999.000,9999.000,9999.000,9999.000,9999.000,9999.000,9999.000
202607272212,   0.108,9999.000,9999.000,9999.000,9999.000,9999.000,9999.000,9999.000,9999.000
202607272218,   0.092,9999.000,9999.000,9999.000,9999.000,9999.000,9999.000,9999.000,9999.000
202607272224,   0.077,9999.000,9999.000,9999.000,9999.000,9999.000,9999.000,9999.000,9999.000
202607272230,   0.062,9999.000,9999.000,9999.000,9999.000,9999.000,9999.000,9999.000,9999.000
202607272236,   0.047,9999.000,9999.000,9999.000,9999.000,9999.000,9999.000,9999.000,9999.000
202607272242,   0.033,9999.000,9999.000,9999.000,9999.000,9999.000,9999.000,9999.000,9999.000
202607272248,   0.020,9999.000,9999.000,9999.000,9999.000,9999.000,9999.000,9999.000,9999.000
202607272254,   0.006,9999.000,9999.000,9999.000,9999.000,9999.000,9999.000,9999.000,9999.000
202607272300,  -0.005,9999.000,   0.100,  -0.047,   0.048,   0.100,   0.048,   0.200,   0.148
202607272306,  -0.017,9999.000,9999.000,9999.000,9999.000,9999.000,9999.000,9999.000,9999.000
202607272312,  -0.029,9999.000,9999.000,9999.000,9999.000,9999.000,9999.000,9999.000,9999.000
202607272318,  -0.040,9999.000,9999.000,9999.000,9999.000,9999.000,9999.000,9999.000,9999.000
202607272324,  -0.051,9999.000,9999.000,9999.000,9999.000,9999.000,9999.000,9999.000,9999.000
202607272330,  -0.061,9999.000,9999.000,9999.000,9999.000,9999.000,9999.000,9999.000,9999.000
202607272336,  -0.070,9999.000,9999.000,9999.000,9999.000,9999.000,9999.000,9999.000,9999.000
202607272342,  -0.079,9999.000,9999.000,9999.000,9999.000,9999.000,9999.000,9999.000,9999.000
202607272348,  -0.088,9999.000,9999.000,9999.000,9999.000,9999.000,9999.000,9999.000,9999.000
202607272354,  -0.096,9999.000,9999.000,9999.000,9999.000,9999.000,9999.000,9999.000,9999.000
202607280000,  -0.103,9999.000,   0.100,  -0.047,  -0.050,   0.100,  -0.050,   0.100,  -0.050
202607280006,  -0.110,9999.000,9999.000,9999.000,9999.000,9999.000,9999.000,9999.000,9999.000
202607280012,  -0.116,9999.000,9999.000,9999.000,9999.000,9999.000,9999.000,9999.000,9999.000
202607280018,  -0.122,9999.000,9999.000,9999.000,9999.000,9999.000,9999.000,9999.000,9999.000
202607280024,  -0.127,9999.000,9999.000,9999.000,9999.000,9999.000,9999.000,9999.000,9999.000
202607280030,  -0.132,9999.000,9999.000,9999.000,9999.000,9999.000,9999.000,9999.000,9999.000
202607280036,  -0.136,9999.000,9999.000,9999.000,9999.000,9999.000,9999.000,9999.000,9999.000
202607280042,  -0.139,9999.000,9999.000,9999.000,9999.000,9999.000,9999.000,9999.000,9999.000
202607280048,  -0.142,9999.000,9999.000,9999.000,9999.000,9999.000,9999.000,9999.000,9999.000
202607280054,  -0.145,9999.000,9999.000,9999.000,9999.000,9999.000,9999.000,9999.000,9999.000
202607280100,  -0.147,9999.000,   0.100,  -0.047,  -0.094,   0.100,  -0.094,   0.100,  -0.094
202607280106,  -0.148,9999.000,9999.000,9999.000,9999.000,9999.000,9999.000,9999.000,9999.000
202607280112,  -0.149,9999.000,9999.000,9999.000,9999.000,9999.000,9999.000,9999.000,9999.000
202607280118,  -0.149,9999.000,9999.000,9999.000,9999.000,9999.000,9999.000,9999.000,9999.000
202607280124,  -0.149,9999.000,9999.000,9999.000,9999.000,9999.000,9999.000,9999.000,9999.000
202607280130,  -0.149,9999.000,9999.000,9999.000,9999.000,9999.000,9999.000,9999.000,9999.000
202607280136,  -0.147,9999.000,9999.000,9999.000,9999.000,9999.000,9999.000,9999.000,9999.000
202607280142,  -0.146,9999.000,9999.000,9999.000,9999.000,9999.000,9999.000,9999.000,9999.000
202607280148,  -0.143,9999.000,9999.000,9999.000,9999.000,9999.000,9999.000,9999.000,9999.000
202607280154,  -0.141,9999.000,9999.000,9999.000,9999.000,9999.000,9999.000,9999.000,9999.000
202607280200,  -0.138,9999.000,   0.100,  -0.047,  -0.085,   0.100,  -0.085,   0.100,  -0.085
202607280206,  -0.134,9999.000,9999.000,9999.000,9999.000,9999.000,9999.000,9999.000,9999.000
202607280212,  -0.130,9999.000,9999.000,9999.000,9999.000,9999.000,9999.000,9999.000,9999.000
202607280218,  -0.125,9999.000,9999.000,9999.000,9999.000,9999.000,9999.000,9999.000,9999.000
202607280224,  -0.120,9999.000,9999.000,9999.000,9999.000,9999.000,9999.000,9999.000,9999.000
202607280230,  -0.115,9999.000,9999.000,9999.000,9999.000,9999.000,9999.000,9999.000,9999.000
202607280236,  -0.109,9999.000,9999.000,9999.000,9999.000,9999.000,9999.000,9999.000,9999.000
202607280242,  -0.102,9999.000,9999.000,9999.000,9999.000,9999.000,9999.000,9999.000,9999.000
202607280248,  -0.096,9999.000,9999.000,9999.000,9999.000,9999.000,9999.000,9999.000,9999.000
202607280254,  -0.088,9999.000,9999.000,9999.000,9999.000,9999.000,9999.000,9999.000,9999.000
202607280300,  -0.081,9999.000,   0.100,  -0.047,  -0.028,   0.100,  -0.028,   0.100,  -0.028
202607280306,  -0.073,9999.000,9999.000,9999.000,9999.000,9999.000,9999.000,9999.000,9999.000
202607280312,  -0.064,9999.000,9999.000,9999.000,9999.000,9999.000,9999.000,9999.000,9999.000
202607280318,  -0.056,9999.000,9999.000,9999.000,9999.000,9999.000,9999.000,9999.000,9999.000
202607280324,  -0.047,9999.000,9999.000,9999.000,9999.000,9999.000,9999.000,9999.000,9999.000
202607280330,  -0.037,9999.000,9999.000,9999.000,9999.000,9999.000,9999.000,9999.000,9999.000
202607280336,  -0.027,9999.000,9999.000,9999.000,9999.000,9999.000,9999.000,9999.000,9999.000
202607280342,  -0.017,9999.000,9999.000,9999.000,9999.000,9999.000,9999.000,9999.000,9999.000
202607280348,  -0.006,9999.000,9999.000,9999.000,9999.000,9999.000,9999.000,9999.000,9999.000
202607280354,   0.003,9999.000,9999.000,9999.000,9999.000,9999.000,9999.000,9999.000,9999.000
202607280400,   0.014,9999.000,   0.000,  -0.047,  -0.033,   0.000,  -0.033,   0.100,   0.067
202607280406,   0.026,9999.000,9999.000,9999.000,9999.000,9999.000,9999.000,9999.000,9999.000
202607280412,   0.038,9999.000,9999.000,9999.000,9999.000,9999.000,9999.000,9999.000,9999.000
202607280418,   0.050,9999.000,9999.000,9999.000,9999.000,9999.000,9999.000,9999.000,9999.000
202607280424,   0.062,9999.000,9999.000,9999.000,9999.000,9999.000,9999.000,9999.000,9999.000
202607280430,   0.074,9999.000,9999.000,9999.000,9999.000,9999.000,9999.000,9999.000,9999.000
202607280436,   0.087,9999.000,9999.000,9999.000,9999.000,9999.000,9999.000,9999.000,9999.000
202607280442,   0.100,9999.000,9999.000,9999.000,9999.000,9999.000,9999.000,9999.000,9999.000
202607280448,   0.114,9999.000,9999.000,9999.000,9999.000,9999.000,9999.000,9999.000,9999.000
202607280454,   0.127,9999.000,9999.000,9999.000,9999.000,9999.000,9999.000,9999.000,9999.000
202607280500,   0.141,9999.000,   0.000,  -0.047,   0.094,   0.000,   0.094,   0.100,   0.194
202607280506,   0.155,9999.000,9999.000,9999.000,9999.000,9999.000,9999.000,9999.000,9999.000
202607280512,   0.169,9999.000,9999.000,9999.000,9999.000,9999.000,9999.000,9999.000,9999.000
202607280518,   0.183,9999.000,9999.000,9999.000,9999.000,9999.000,9999.000,9999.000,9999.000
202607280524,   0.198,9999.000,9999.000,9999.000,9999.000,9999.000,9999.000,9999.000,9999.000
202607280530,   0.213,9999.000,9999.000,9999.000,9999.000,9999.000,9999.000,9999.000,9999.000
202607280536,   0.227,9999.000,9999.000,9999.000,9999.000,9999.000,9999.000,9999.000,9999.000
202607280542,   0.242,9999.000,9999.000,9999.000,9999.000,9999.000,9999.000,9999.000,9999.000
202607280548,   0.258,9999.000,9999.000,9999.000,9999.000,9999.000,9999.000,9999.000,9999.000
202607280554,   0.273,9999.000,9999.000,9999.000,9999.000,9999.000,9999.000,9999.000,9999.000
202607280600,   0.288,9999.000,   0.100,  -0.047,   0.341,   0.000,   0.241,   0.100,   0.341
202607280606,   0.304,9999.000,9999.000,9999.000,9999.000,9999.000,9999.000,9999.000,9999.000
202607280612,   0.320,9999.000,9999.000,9999.000,9999.000,9999.000,9999.000,9999.000,9999.000
202607280618,   0.336,9999.000,9999.000,9999.000,9999.000,9999.000,9999.000,9999.000,9999.000
202607280624,   0.351,9999.000,9999.000,9999.000,9999.000,9999.000,9999.000,9999.000,9999.000
202607280630,   0.367,9999.000,9999.000,9999.000,9999.000,9999.000,9999.000,9999.000,9999.000
202607280636,   0.384,9999.000,9999.000,9999.000,9999.000,9999.000,9999.000,9999.000,9999.000
202607280642,   0.400,9999.000,9999.000,9999.000,9999.000,9999.000,9999.000,9999.000,9999.000
202607280648,   0.416,9999.000,9999.000,9999.000,9999.000,9999.000,9999.000,9999.000,9999.000
202607280654,   0.433,9999.000,9999.000,9999.000,9999.000,9999.000,9999.000,9999.000,9999.000
202607280700,   0.449,9999.000,   0.100,  -0.047,   0.502,   0.000,   0.402,   0.100,   0.502
202607280706,   0.466,9999.000,9999.000,9999.000,9999.000,9999.000,9999.000,9999.000,9999.000
202607280712,   0.482,9999.000,9999.000,9999.000,9999.000,9999.000,9999.000,9999.000,9999.000
202607280718,   0.499,9999.000,9999.000,9999.000,9999.000,9999.000,9999.000,9999.000,9999.000
202607280724,   0.515,9999.000,9999.000,9999.000,9999.000,9999.000,9999.000,9999.000,9999.000
202607280730,   0.532,9999.000,9999.000,9999.000,9999.000,9999.000,9999.000,9999.000,9999.000
202607280736,   0.549,9999.000,9999.000,9999.000,9999.000,9999.000,9999.000,9999.000,9999.000
202607280742,   0.566,9999.000,9999.000,9999.000,9999.000,9999.000,9999.000,9999.000,9999.000
202607280748,   0.583,9999.000,9999.000,9999.000,9999.000,9999.000,9999.000,9999.000,9999.000
202607280754,   0.599,9999.000,9999.000,9999.000,9999.000,9999.000,9999.000,9999.000,9999.000
202607280800,   0.616,9999.000,   0.100,  -0.047,   0.669,   0.000,   0.569,   0.100,   0.669
202607280806,   0.633,9999.000,9999.000,9999.000,9999.000,9999.000,9999.000,9999.000,9999.000
202607280812,   0.650,9999.000,9999.000,9999.000,9999.000,9999.000,9999.000,9999.000,9999.000
202607280818,   0.667,9999.000,9999.000,9999.000,9999.000,9999.000,9999.000,9999.000,9999.000
202607280824,   0.683,9999.000,9999.000,9999.000,9999.000,9999.000,9999.000,9999.000,9999.000
202607280830,   0.700,9999.000,9999.000,9999.000,9999.000,9999.000,9999.000,9999.000,9999.000
202607280836,   0.717,9999.000,9999.000,9999.000,9999.000,9999.000,9999.000,9999.000,9999.000
202607280842,   0.734,9999.000,9999.000,9999.000,9999.000,9999.000,9999.000,9999.000,9999.000
202607280848,   0.751,9999.000,9999.000,9999.000,9999.000,9999.000,9999.000,9999.000,9999.000
202607280854,   0.767,9999.000,9999.000,9999.000,9999.000,9999.000,9999.000,9999.000,9999.000
202607280900,   0.784,9999.000,   0.100,  -0.047,   0.837,   0.000,   0.737,   0.100,   0.837
202607280906,   0.800,9999.000,9999.000,9999.000,9999.000,9999.000,9999.000,9999.000,9999.000
202607280912,   0.817,9999.000,9999.000,9999.000,9999.000,9999.000,9999.000,9999.000,9999.000
202607280918,   0.833,9999.000,9999.000,9999.000,9999.000,9999.000,9999.000,9999.000,9999.000
202607280924,   0.850,9999.000,9999.000,9999.000,9999.000,9999.000,9999.000,9999.000,9999.000
202607280930,   0.866,9999.000,9999.000,9999.000,9999.000,9999.000,9999.000,9999.000,9999.000
202607280936,   0.882,9999.000,9999.000,9999.000,9999.000,9999.000,9999.000,9999.000,9999.000
202607280942,   0.898,9999.000,9999.000,9999.000,9999.000,9999.000,9999.000,9999.000,9999.000
202607280948,   0.914,9999.000,9999.000,9999.000,9999.000,9999.000,9999.000,9999.000,9999.000
202607280954,   0.930,9999.000,9999.000,9999.000,9999.000,9999.000,9999.000,9999.000,9999.000
202607281000,   0.946,9999.000,   0.100,  -0.047,   0.999,   0.000,   0.899,   0.100,   0.999
202607281006,   0.961,9999.000,9999.000,9999.000,9999.000,9999.000,9999.000,9999.000,9999.000
202607281012,   0.977,9999.000,9999.000,9999.000,9999.000,9999.000,9999.000,9999.000,9999.000
202607281018,   0.992,9999.000,9999.000,9999.000,9999.000,9999.000,9999.000,9999.000,9999.000
202607281024,   1.007,9999.000,9999.000,9999.000,9999.000,9999.000,9999.000,9999.000,9999.000
202607281030,   1.022,9999.000,9999.000,9999.000,9999.000,9999.000,9999.000,9999.000,9999.000
202607281036,   1.037,9999.000,9999.000,9999.000,9999.000,9999.000,9999.000,9999.000,9999.000
202607281042,   1.052,9999.000,9999.000,9999.000,9999.000,9999.000,9999.000,9999.000,9999.000
202607281048,   1.066,9999.000,9999.000,9999.000,9999.000,9999.000,9999.000,9999.000,9999.000
202607281054,   1.081,9999.000,9999.000,9999.000,9999.000,9999.000,9999.000,9999.000,9999.000
202607281100,   1.095,9999.000,   0.100,  -0.047,   1.148,   0.000,   1.048,   0.100,   1.148
202607281106,   1.109,9999.000,9999.000,9999.000,9999.000,9999.000,9999.000,9999.000,9999.000
202607281112,   1.122,9999.000,9999.000,9999.000,9999.000,9999.000,9999.000,9999.000,9999.000
202607281118,   1.136,9999.000,9999.000,9999.000,9999.000,9999.000,9999.000,9999.000,9999.000
202607281124,   1.149,9999.000,9999.000,9999.000,9999.000,9999.000,9999.000,9999.000,9999.000
202607281130,   1.162,9999.000,9999.000,9999.000,9999.000,9999.000,9999.000,9999.000,9999.000
202607281136,   1.175,9999.000,9999.000,9999.000,9999.000,9999.000,9999.000,9999.000,9999.000
202607281142,   1.187,9999.000,9999.000,9999.000,9999.000,9999.000,9999.000,9999.000,9999.000
202607281148,   1.199,9999.000,9999.000,9999.000,9999.000,9999.000,9999.000,9999.000,9999.000
202607281154,   1.211,9999.000,9999.000,9999.000,9999.000,9999.000,9999.000,9999.000,9999.000
202607281200,   1.223,9999.000,   0.100,  -0.047,   1.276,   0.000,   1.176,   0.100,   1.276
202607281206,   1.234,9999.000,9999.000,9999.000,9999.000,9999.000,9999.000,9999.000,9999.000
202607281212,   1.245,9999.000,9999.000,9999.000,9999.000,9999.000,9999.000,9999.000,9999.000
202607281218,   1.255,9999.000,9999.000,9999.000,9999.000,9999.000,9999.000,9999.000,9999.000
202607281224,   1.266,9999.000,9999.000,9999.000,9999.000,9999.000,9999.000,9999.000,9999.000
202607281230,   1.276,9999.000,9999.000,9999.000,9999.000,9999.000,9999.000,9999.000,9999.000
202607281236,   1.285,9999.000,9999.000,9999.000,9999.000,9999.000,9999.000,9999.000,9999.000
202607281242,   1.294,9999.000,9999.000,9999.000,9999.000,9999.000,9999.000,9999.000,9999.000
202607281248,   1.303,9999.000,9999.000,9999.000,9999.000,9999.000,9999.000,9999.000,9999.000
202607281254,   1.312,9999.000,9999.000,9999.000,9999.000,9999.000,9999.000,9999.000,9999.000
202607281300,   1.320,9999.000,   0.000,  -0.047,   1.273,   0.000,   1.273,   0.100,   1.373
202607281306,   1.327,9999.000,9999.000,9999.000,9999.000,9999.000,9999.000,9999.000,9999.000
202607281312,   1.334,9999.000,9999.000,9999.000,9999.000,9999.000,9999.000,9999.000,9999.000
202607281318,   1.341,9999.000,9999.000,9999.000,9999.000,9999.000,9999.000,9999.000,9999.000
202607281324,   1.347,9999.000,9999.000,9999.000,9999.000,9999.000,9999.000,9999.000,9999.000
202607281330,   1.353,9999.000,9999.000,9999.000,9999.000,9999.000,9999.000,9999.000,9999.000
202607281336,   1.359,9999.000,9999.000,9999.000,9999.000,9999.000,9999.000,9999.000,9999.000
202607281342,   1.363,9999.000,9999.000,9999.000,9999.000,9999.000,9999.000,9999.000,9999.000
202607281348,   1.368,9999.000,9999.000,9999.000,9999.000,9999.000,9999.000,9999.000,9999.000
202607281354,   1.372,9999.000,9999.000,9999.000,9999.000,9999.000,9999.000,9999.000,9999.000
202607281400,   1.375,9999.000,   0.000,  -0.047,   1.328,   0.000,   1.328,   0.100,   1.428
202607281406,   1.378,9999.000,9999.000,9999.000,9999.000,9999.000,9999.000,9999.000,9999.000
202607281412,   1.381,9999.000,9999.000,9999.000,9999.000,9999.000,9999.000,9999.000,9999.000
202607281418,   1.383,9999.000,9999.000,9999.000,9999.000,9999.000,9999.000,9999.000,9999.000
202607281424,   1.384,9999.000,9999.000,9999.000,9999.000,9999.000,9999.000,9999.000,9999.000
202607281430,   1.385,9999.000,9999.000,9999.000,9999.000,9999.000,9999.000,9999.000,9999.000
202607281436,   1.386,9999.000,9999.000,9999.000,9999.000,9999.000,9999.000,9999.000,9999.000
202607281442,   1.386,9999.000,9999.000,9999.000,9999.000,9999.000,9999.000,9999.000,9999.000
202607281448,   1.385,9999.000,9999.000,9999.000,9999.000,9999.000,9999.000,9999.000,9999.000
202607281454,   1.384,9999.000,9999.000,9999.000,9999.000,9999.000,9999.000,9999.000,9999.000
202607281500,   1.382,9999.000,   0.100,  -0.047,   1.435,   0.000,   1.335,   0.100,   1.435
202607281506,   1.380,9999.000,9999.000,9999.000,9999.000,9999.000,9999.000,9999.000,9999.000
202607281512,   1.377,9999.000,9999.000,9999.000,9999.000,9999.000,9999.000,9999.000,9999.000
202607281518,   1.374,9999.000,9999.000,9999.000,9999.000,9999.000,9999.000,9999.000,9999.000
202607281524,   1.370,9999.000,9999.000,9999.000,9999.000,9999.000,9999.000,9999.000,9999.000
202607281530,   1.365,9999.000,9999.000,9999.000,9999.000,9999.000,9999.000,9999.000,9999.000
202607281536,   1.360,9999.000,9999.000,9999.000,9999.000,9999.000,9999.000,9999.000,9999.000
202607281542,   1.355,9999.000,9999.000,9999.000,9999.000,9999.000,9999.000,9999.000,9999.000
202607281548,   1.348,9999.000,9999.000,9999.000,9999.000,9999.000,9999.000,9999.000,9999.000
202607281554,   1.342,9999.000,9999.000,9999.000,9999.000,9999.000,9999.000,9999.000,9999.000
202607281600,   1.334,9999.000,   0.100,  -0.047,   1.387,   0.000,   1.287,   0.100,   1.387
202607281606,   1.327,9999.000,9999.000,9999.000,9999.000,9999.000,9999.000,9999.000,9999.000
202607281612,   1.318,9999.000,9999.000,9999.000,9999.000,9999.000,9999.000,9999.000,9999.000
202607281618,   1.309,9999.000,9999.000,9999.000,9999.000,9999.000,9999.000,9999.000,9999.000
202607281624,   1.300,9999.000,9999.000,9999.000,9999.000,9999.000,9999.000,9999.000,9999.000
202607281630,   1.290,9999.000,9999.000,9999.000,9999.000,9999.000,9999.000,9999.000,9999.000
202607281636,   1.279,9999.000,9999.000,9999.000,9999.000,9999.000,9999.000,9999.000,9999.000
202607281642,   1.268,9999.000,9999.000,9999.000,9999.000,9999.000,9999.000,9999.000,9999.000
202607281648,   1.257,9999.000,9999.000,9999.000,9999.000,9999.000,9999.000,9999.000,9999.000
202607281654,   1.244,9999.000,9999.000,9999.000,9999.000,9999.000,9999.000,9999.000,9999.000
202607281700,   1.232,9999.000,   0.100,  -0.047,   1.285,   0.000,   1.185,   0.100,   1.285
202607281706,   1.219,9999.000,9999.000,9999.000,9999.000,9999.000,9999.000,9999.000,9999.000
202607281712,   1.205,9999.000,9999.000,9999.000,9999.000,9999.000,9999.000,9999.000,9999.000
202607281718,   1.191,9999.000,9999.000,9999.000,9999.000,9999.000,9999.000,9999.000,9999.000
202607281724,   1.176,9999.000,9999.000,9999.000,9999.000,9999.000,9999.000,9999.000,9999.000
202607281730,   1.161,9999.000,9999.000,9999.000,9999.000,9999.000,9999.000,9999.000,9999.000
202607281736,   1.146,9999.000,9999.000,9999.000,9999.000,9999.000,9999.000,9999.000,9999.000
202607281742,   1.130,9999.000,9999.000,9999.000,9999.000,9999.000,9999.000,9999.000,9999.000
202607281748,   1.114,9999.000,9999.000,9999.000,9999.000,9999.000,9999.000,9999.000,9999.000
202607281754,   1.097,9999.000,9999.000,9999.000,9999.000,9999.000,9999.000,9999.000,9999.000
202607281800,   1.080,9999.000,   0.100,  -0.047,   1.133,   0.000,   1.033,   0.100,   1.133
202607281806,   1.062,9999.000,9999.000,9999.000,9999.000,9999.000,9999.000,9999.000,9999.000
202607281812,   1.045,9999.000,9999.000,9999.000,9999.000,9999.000,9999.000,9999.000,9999.000
202607281818,   1.026,9999.000,9999.000,9999.000,9999.000,9999.000,9999.000,9999.000,9999.000
202607281824,   1.008,9999.000,9999.000,9999.000,9999.000,9999.000,9999.000,9999.000,9999.000
202607281830,   0.989,9999.000,9999.000,9999.000,9999.000,9999.000,9999.000,9999.000,9999.000
202607281836,   0.970,9999.000,9999.000,9999.000,9999.000,9999.000,9999.000,9999.000,9999.000
202607281842,   0.950,9999.000,9999.000,9999.000,9999.000,9999.000,9999.000,9999.000,9999.000
202607281848,   0.930,9999.000,9999.000,9999.000,9999.000,9999.000,9999.000,9999.000,9999.000
202607281854,   0.910,9999.000,9999.000,9999.000,9999.000,9999.000,9999.000,9999.000,9999.000
202607281900,   0.890,9999.000,   0.100,  -0.047,   0.943,   0.100,   0.943,   0.200,   1.043
202607281906,   0.870,9999.000,9999.000,9999.000,9999.000,9999.000,9999.000,9999.000,9999.000
202607281912,   0.849,9999.000,9999.000,9999.000,9999.000,9999.000,9999.000,9999.000,9999.000
202607281918,   0.828,9999.000,9999.000,9999.000,9999.000,9999.000,9999.000,9999.000,9999.000
202607281924,   0.807,9999.000,9999.000,9999.000,9999.000,9999.000,9999.000,9999.000,9999.000
202607281930,   0.786,9999.000,9999.000,9999.000,9999.000,9999.000,9999.000,9999.000,9999.000
202607281936,   0.764,9999.000,9999.000,9999.000,9999.000,9999.000,9999.000,9999.000,9999.000
202607281942,   0.743,9999.000,9999.000,9999.000,9999.000,9999.000,9999.000,9999.000,9999.000
202607281948,   0.721,9999.000,9999.000,9999.000,9999.000,9999.000,9999.000,9999.000,9999.000
202607281954,   0.700,9999.000,9999.000,9999.000,9999.000,9999.000,9999.000,9999.000,9999.000
202607282000,   0.678,9999.000,   0.100,  -0.047,   0.731,   0.100,   0.731,   0.200,   0.831
202607282006,   0.656,9999.000,9999.000,9999.000,9999.000,9999.000,9999.000,9999.000,9999.000
202607282012,   0.635,9999.000,9999.000,9999.000,9999.000,9999.000,9999.000,9999.000,9999.000
202607282018,   0.613,9999.000,9999.000,9999.000,9999.000,9999.000,9999.000,9999.000,9999.000
202607282024,   0.591,9999.000,9999.000,9999.000,9999.000,9999.000,9999.000,9999.000,9999.000
202607282030,   0.570,9999.000,9999.000,9999.000,9999.000,9999.000,9999.000,9999.000,9999.000
202607282036,   0.548,9999.000,9999.000,9999.000,9999.000,9999.000,9999.000,9999.000,9999.000
202607282042,   0.527,9999.000,9999.000,9999.000,9999.000,9999.000,9999.000,9999.000,9999.000
202607282048,   0.505,9999.000,9999.000,9999.000,9999.000,9999.000,9999.000,9999.000,9999.000
202607282054,   0.484,9999.000,9999.000,9999.000,9999.000,9999.000,9999.000,9999.000,9999.000
202607282100,   0.463,9999.000,   0.100,  -0.047,   0.516,   0.100,   0.516,   0.200,   0.616
202607282106,   0.442,9999.000,9999.000,9999.000,9999.000,9999.000,9999.000,9999.000,9999.000
202607282112,   0.421,9999.000,9999.000,9999.000,9999.000,9999.000,9999.000,9999.000,9999.000
202607282118,   0.401,9999.000,9999.000,9999.000,9999.000,9999.000,9999.000,9999.000,9999.000
202607282124,   0.380,9999.000,9999.000,9999.000,9999.000,9999.000,9999.000,9999.000,9999.000
202607282130,   0.360,9999.000,9999.000,9999.000,9999.000,9999.000,9999.000,9999.000,9999.000
202607282136,   0.340,9999.000,9999.000,9999.000,9999.000,9999.000,9999.000,9999.000,9999.000
202607282142,   0.321,9999.000,9999.000,9999.000,9999.000,9999.000,9999.000,9999.000,9999.000
202607282148,   0.301,9999.000,9999.000,9999.000,9999.000,9999.000,9999.000,9999.000,9999.000
202607282154,   0.282,9999.000,9999.000,9999.000,9999.000,9999.000,9999.000,9999.000,9999.000
202607282200,   0.264,9999.000,   0.200,  -0.047,   0.417,   0.100,   0.317,   0.200,   0.417
202607282206,   0.245,9999.000,9999.000,9999.000,9999.000,9999.000,9999.000,9999.000,9999.000
202607282212,   0.227,9999.000,9999.000,9999.000,9999.000,9999.000,9999.000,9999.000,9999.000
202607282218,   0.209,9999.000,9999.000,9999.000,9999.000,9999.000,9999.000,9999.000,9999.000
202607282224,   0.192,9999.000,9999.000,9999.000,9999.000,9999.000,9999.000,9999.000,9999.000
202607282230,   0.175,9999.000,9999.000,9999.000,9999.000,9999.000,9999.000,9999.000,9999.000
202607282236,   0.159,9999.000,9999.000,9999.000,9999.000,9999.000,9999.000,9999.000,9999.000
202607282242,   0.142,9999.000,9999.000,9999.000,9999.000,9999.000,9999.000,9999.000,9999.000
202607282248,   0.127,9999.000,9999.000,9999.000,9999.000,9999.000,9999.000,9999.000,9999.000
202607282254,   0.112,9999.000,9999.000,9999.000,9999.000,9999.000,9999.000,9999.000,9999.000
202607282300,   0.097,9999.000,   0.200,  -0.047,   0.250,   0.200,   0.250,   0.200,   0.250
202607282306,   0.082,9999.000,9999.000,9999.000,9999.000,9999.000,9999.000,9999.000,9999.000
202607282312,   0.068,9999.000,9999.000,9999.000,9999.000,9999.000,9999.000,9999.000,9999.000
202607282318,   0.055,9999.000,9999.000,9999.000,9999.000,9999.000,9999.000,9999.000,9999.000
202607282324,   0.042,9999.000,9999.000,9999.000,9999.000,9999.000,9999.000,9999.000,9999.000
202607282330,   0.030,9999.000,9999.000,9999.000,9999.000,9999.000,9999.000,9999.000,9999.000
202607282336,   0.018,9999.000,9999.000,9999.000,9999.000,9999.000,9999.000,9999.000,9999.000
202607282342,   0.006,9999.000,9999.000,9999.000,9999.000,9999.000,9999.000,9999.000,9999.000
202607282348,  -0.004,9999.000,9999.000,9999.000,9999.000,9999.000,9999.000,9999.000,9999.000
202607282354,  -0.014,9999.000,9999.000,9999.000,9999.000,9999.000,9999.000,9999.000,9999.000
202607290000,  -0.024,9999.000,   0.200,  -0.047,   0.129,   0.100,   0.029,   0.200,   0.129
202607290006,  -0.034,9999.000,9999.000,9999.000,9999.000,9999.000,9999.000,9999.000,9999.000
202607290012,  -0.043,9999.000,9999.000,9999.000,9999.000,9999.000,9999.000,9999.000,9999.000
202607290018,  -0.051,9999.000,9999.000,9999.000,9999.000,9999.000,9999.000,9999.000,9999.000
202607290024,  -0.059,9999.000,9999.000,9999.000,9999.000,9999.000,9999.000,9999.000,9999.000
202607290030,  -0.066,9999.000,9999.000,9999.000,9999.000,9999.000,9999.000,9999.000,9999.000
202607290036,  -0.073,9999.000,9999.000,9999.000,9999.000,9999.000,9999.000,9999.000,9999.000
202607290042,  -0.079,9999.000,9999.000,9999.000,9999.000,9999.000,9999.000,9999.000,9999.000
202607290048,  -0.085,9999.000,9999.000,9999.000,9999.000,9999.000,9999.000,9999.000,9999.000
202607290054,  -0.090,9999.000,9999.000,9999.000,9999.000,9999.000,9999.000,9999.000,9999.000
202607290100,  -0.095,9999.000,   0.200,  -0.047,   0.058,   0.100,  -0.042,   0.200,   0.058
202607290106,  -0.099,9999.000,9999.000,9999.000,9999.000,9999.000,9999.000,9999.000,9999.000
202607290112,  -0.102,9999.000,9999.000,9999.000,9999.000,9999.000,9999.000,9999.000,9999.000
202607290118,  -0.105,9999.000,9999.000,9999.000,9999.000,9999.000,9999.000,9999.000,9999.000
202607290124,  -0.108,9999.000,9999.000,9999.000,9999.000,9999.000,9999.000,9999.000,9999.000
202607290130,  -0.110,9999.000,9999.000,9999.000,9999.000,9999.000,9999.000,9999.000,9999.000
202607290136,  -0.111,9999.000,9999.000,9999.000,9999.000,9999.000,9999.000,9999.000,9999.000
202607290142,  -0.112,9999.000,9999.000,9999.000,9999.000,9999.000,9999.000,9999.000,9999.000
202607290148,  -0.113,9999.000,9999.000,9999.000,9999.000,9999.000,9999.000,9999.000,9999.000
202607290154,  -0.113,9999.000,9999.000,9999.000,9999.000,9999.000,9999.000,9999.000,9999.000
202607290200,  -0.112,9999.000,   0.200,  -0.047,   0.041,   0.100,  -0.059,   0.200,   0.041
202607290206,  -0.111,9999.000,9999.000,9999.000,9999.000,9999.000,9999.000,9999.000,9999.000
202607290212,  -0.110,9999.000,9999.000,9999.000,9999.000,9999.000,9999.000,9999.000,9999.000
202607290218,  -0.108,9999.000,9999.000,9999.000,9999.000,9999.000,9999.000,9999.000,9999.000
202607290224,  -0.106,9999.000,9999.000,9999.000,9999.000,9999.000,9999.000,9999.000,9999.000
202607290230,  -0.103,9999.000,9999.000,9999.000,9999.000,9999.000,9999.000,9999.000,9999.000
202607290236,  -0.099,9999.000,9999.000,9999.000,9999.000,9999.000,9999.000,9999.000,9999.000
202607290242,  -0.096,9999.000,9999.000,9999.000,9999.000,9999.000,9999.000,9999.000,9999.000
202607290248,  -0.091,9999.000,9999.000,9999.000,9999.000,9999.000,9999.000,9999.000,9999.000
202607290254,  -0.087,9999.000,9999.000,9999.000,9999.000,9999.000,9999.000,9999.000,9999.000
202607290300,  -0.082,9999.000,   0.200,  -0.047,   0.071,   0.100,  -0.029,   0.200,   0.071
202607290306,  -0.076,9999.000,9999.000,9999.000,9999.000,9999.000,9999.000,9999.000,9999.000
202607290312,  -0.070,9999.000,9999.000,9999.000,9999.000,9999.000,9999.000,9999.000,9999.000
202607290318,  -0.064,9999.000,9999.000,9999.000,9999.000,9999.000,9999.000,9999.000,9999.000
202607290324,  -0.057,9999.000,9999.000,9999.000,9999.000,9999.000,9999.000,9999.000,9999.000
202607290330,  -0.050,9999.000,9999.000,9999.000,9999.000,9999.000,9999.000,9999.000,9999.000
202607290336,  -0.043,9999.000,9999.000,9999.000,9999.000,9999.000,9999.000,9999.000,9999.000
202607290342,  -0.035,9999.000,9999.000,9999.000,9999.000,9999.000,9999.000,9999.000,9999.000
202607290348,  -0.027,9999.000,9999.000,9999.000,9999.000,9999.000,9999.000,9999.000,9999.000
202607290354,  -0.019,9999.000,9999.000,9999.000,9999.000,9999.000,9999.000,9999.000,9999.000
202607290400,  -0.010,9999.000,   0.100,  -0.047,   0.043,   0.100,   0.043,   0.200,   0.143
202607290406,  -0.001,9999.000,9999.000,9999.000,9999.000,9999.000,9999.000,9999.000,9999.000
202607290412,   0.008,9999.000,9999.000,9999.000,9999.000,9999.000,9999.000,9999.000,9999.000
202607290418,   0.017,9999.000,9999.000,9999.000,9999.000,9999.000,9999.000,9999.000,9999.000
202607290424,   0.027,9999.000,9999.000,9999.000,9999.000,9999.000,9999.000,9999.000,9999.000
202607290430,   0.038,9999.000,9999.000,9999.000,9999.000,9999.000,9999.000,9999.000,9999.000
202607290436,   0.048,9999.000,9999.000,9999.000,9999.000,9999.000,9999.000,9999.000,9999.000
202607290442,   0.059,9999.000,9999.000,9999.000,9999.000,9999.000,9999.000,9999.000,9999.000
202607290448,   0.070,9999.000,9999.000,9999.000,9999.000,9999.000,9999.000,9999.000,9999.000
202607290454,   0.082,9999.000,9999.000,9999.000,9999.000,9999.000,9999.000,9999.000,9999.000
202607290500,   0.093,9999.000,   0.100,  -0.047,   0.146,   0.100,   0.146,   0.200,   0.246
202607290506,   0.105,9999.000,9999.000,9999.000,9999.000,9999.000,9999.000,9999.000,9999.000
202607290512,   0.117,9999.000,9999.000,9999.000,9999.000,9999.000,9999.000,9999.000,9999.000
202607290518,   0.129,9999.000,9999.000,9999.000,9999.000,9999.000,9999.000,9999.000,9999.000
202607290524,   0.142,9999.000,9999.000,9999.000,9999.000,9999.000,9999.000,9999.000,9999.000
202607290530,   0.154,9999.000,9999.000,9999.000,9999.000,9999.000,9999.000,9999.000,9999.000
202607290536,   0.167,9999.000,9999.000,9999.000,9999.000,9999.000,9999.000,9999.000,9999.000
202607290542,   0.180,9999.000,9999.000,9999.000,9999.000,9999.000,9999.000,9999.000,9999.000
202607290548,   0.194,9999.000,9999.000,9999.000,9999.000,9999.000,9999.000,9999.000,9999.000
202607290554,   0.207,9999.000,9999.000,9999.000,9999.000,9999.000,9999.000,9999.000,9999.000
202607290600,   0.221,9999.000,   0.100,  -0.047,   0.274,   0.100,   0.274,   0.200,   0.374
202607290606,   0.234,9999.000,9999.000,9999.000,9999.000,9999.000,9999.000,9999.000,9999.000
202607290612,   0.248,9999.000,9999.000,9999.000,9999.000,9999.000,9999.000,9999.000,9999.000
202607290618,   0.262,9999.000,9999.000,9999.000,9999.000,9999.000,9999.000,9999.000,9999.000
202607290624,   0.276,9999.000,9999.000,9999.000,9999.000,9999.000,9999.000,9999.000,9999.000
202607290630,   0.291,9999.000,9999.000,9999.000,9999.000,9999.000,9999.000,9999.000,9999.000
202607290636,   0.305,9999.000,9999.000,9999.000,9999.000,9999.000,9999.000,9999.000,9999.000
202607290642,   0.320,9999.000,9999.000,9999.000,9999.000,9999.000,9999.000,9999.000,9999.000
202607290648,   0.334,9999.000,9999.000,9999.000,9999.000,9999.000,9999.000,9999.000,9999.000
202607290654,   0.349,9999.000,9999.000,9999.000,9999.000,9999.000,9999.000,9999.000,9999.000
202607290700,   0.364,9999.000,   0.200,  -0.047,   0.517,   0.100,   0.417,   0.200,   0.517
202607290706,   0.379,9999.000,9999.000,9999.000,9999.000,9999.000,9999.000,9999.000,9999.000
202607290712,   0.394,9999.000,9999.000,9999.000,9999.000,9999.000,9999.000,9999.000,9999.000
202607290718,   0.409,9999.000,9999.000,9999.000,9999.000,9999.000,9999.000,9999.000,9999.000
202607290724,   0.424,9999.000,9999.000,9999.000,9999.000,9999.000,9999.000,9999.000,9999.000
202607290730,   0.439,9999.000,9999.000,9999.000,9999.000,9999.000,9999.000,9999.000,9999.000
202607290736,   0.455,9999.000,9999.000,9999.000,9999.000,9999.000,9999.000,9999.000,9999.000
202607290742,   0.470,9999.000,9999.000,9999.000,9999.000,9999.000,9999.000,9999.000,9999.000
202607290748,   0.486,9999.000,9999.000,9999.000,9999.000,9999.000,9999.000,9999.000,9999.000
202607290754,   0.501,9999.000,9999.000,9999.000,9999.000,9999.000,9999.000,9999.000,9999.000
202607290800,   0.517,9999.000,   0.100,  -0.047,   0.570,   0.100,   0.570,   0.200,   0.670
202607290806,   0.533,9999.000,9999.000,9999.000,9999.000,9999.000,9999.000,9999.000,9999.000
202607290812,   0.548,9999.000,9999.000,9999.000,9999.000,9999.000,9999.000,9999.000,9999.000
202607290818,   0.564,9999.000,9999.000,9999.000,9999.000,9999.000,9999.000,9999.000,9999.000
202607290824,   0.580,9999.000,9999.000,9999.000,9999.000,9999.000,9999.000,9999.000,9999.000
202607290830,   0.595,9999.000,9999.000,9999.000,9999.000,9999.000,9999.000,9999.000,9999.000
202607290836,   0.611,9999.000,9999.000,9999.000,9999.000,9999.000,9999.000,9999.000,9999.000
202607290842,   0.627,9999.000,9999.000,9999.000,9999.000,9999.000,9999.000,9999.000,9999.000
202607290848,   0.643,9999.000,9999.000,9999.000,9999.000,9999.000,9999.000,9999.000,9999.000
202607290854,   0.659,9999.000,9999.000,9999.000,9999.000,9999.000,9999.000,9999.000,9999.000
202607290900,   0.675,9999.000,   0.100,  -0.047,   0.728,   0.100,   0.728,   0.200,   0.828
202607290906,   0.690,9999.000,9999.000,9999.000,9999.000,9999.000,9999.000,9999.000,9999.000
202607290912,   0.706,9999.000,9999.000,9999.000,9999.000,9999.000,9999.000,9999.000,9999.000
202607290918,   0.722,9999.000,9999.000,9999.000,9999.000,9999.000,9999.000,9999.000,9999.000
202607290924,   0.738,9999.000,9999.000,9999.000,9999.000,9999.000,9999.000,9999.000,9999.000
202607290930,   0.754,9999.000,9999.000,9999.000,9999.000,9999.000,9999.000,9999.000,9999.000
202607290936,   0.769,9999.000,9999.000,9999.000,9999.000,9999.000,9999.000,9999.000,9999.000
202607290942,   0.785,9999.000,9999.000,9999.000,9999.000,9999.000,9999.000,9999.000,9999.000
202607290948,   0.801,9999.000,9999.000,9999.000,9999.000,9999.000,9999.000,9999.000,9999.000
202607290954,   0.817,9999.000,9999.000,9999.000,9999.000,9999.000,9999.000,9999.000,9999.000
202607291000,   0.832,9999.000,   0.100,  -0.047,   0.885,   0.100,   0.885,   0.200,   0.985
202607291006,   0.848,9999.000,9999.000,9999.000,9999.000,9999.000,9999.000,9999.000,9999.000
202607291012,   0.863,9999.000,9999.000,9999.000,9999.000,9999.000,9999.000,9999.000,9999.000
202607291018,   0.878,9999.000,9999.000,9999.000,9999.000,9999.000,9999.000,9999.000,9999.000
202607291024,   0.894,9999.000,9999.000,9999.000,9999.000,9999.000,9999.000,9999.000,9999.000
202607291030,   0.909,9999.000,9999.000,9999.000,9999.000,9999.000,9999.000,9999.000,9999.000
202607291036,   0.924,9999.000,9999.000,9999.000,9999.000,9999.000,9999.000,9999.000,9999.000
202607291042,   0.939,9999.000,9999.000,9999.000,9999.000,9999.000,9999.000,9999.000,9999.000
202607291048,   0.954,9999.000,9999.000,9999.000,9999.000,9999.000,9999.000,9999.000,9999.000
202607291054,   0.969,9999.000,9999.000,9999.000,9999.000,9999.000,9999.000,9999.000,9999.000
202607291100,   0.984,9999.000,   0.100,  -0.047,   1.037,   0.100,   1.037,   0.200,   1.137
202607291106,   0.998,9999.000,9999.000,9999.000,9999.000,9999.000,9999.000,9999.000,9999.000
202607291112,   1.012,9999.000,9999.000,9999.000,9999.000,9999.000,9999.000,9999.000,9999.000
202607291118,   1.027,9999.000,9999.000,9999.000,9999.000,9999.000,9999.000,9999.000,9999.000
202607291124,   1.041,9999.000,9999.000,9999.000,9999.000,9999.000,9999.000,9999.000,9999.000
202607291130,   1.055,9999.000,9999.000,9999.000,9999.000,9999.000,9999.000,9999.000,9999.000
202607291136,   1.068,9999.000,9999.000,9999.000,9999.000,9999.000,9999.000,9999.000,9999.000
202607291142,   1.082,9999.000,9999.000,9999.000,9999.000,9999.000,9999.000,9999.000,9999.000
202607291148,   1.095,9999.000,9999.000,9999.000,9999.000,9999.000,9999.000,9999.000,9999.000
202607291154,   1.108,9999.000,9999.000,9999.000,9999.000,9999.000,9999.000,9999.000,9999.000
202607291200,   1.121,9999.000,   0.100,  -0.047,   1.174,   0.100,   1.174,   0.200,   1.274
202607291206,   1.134,9999.000,9999.000,9999.000,9999.000,9999.000,9999.000,9999.000,9999.000
202607291212,   1.146,9999.000,9999.000,9999.000,9999.000,9999.000,9999.000,9999.000,9999.000
202607291218,   1.159,9999.000,9999.000,9999.000,9999.000,9999.000,9999.000,9999.000,9999.000
202607291224,   1.170,9999.000,9999.000,9999.000,9999.000,9999.000,9999.000,9999.000,9999.000
202607291230,   1.182,9999.000,9999.000,9999.000,9999.000,9999.000,9999.000,9999.000,9999.000
202607291236,   1.193,9999.000,9999.000,9999.000,9999.000,9999.000,9999.000,9999.000,9999.000
202607291242,   1.205,9999.000,9999.000,9999.000,9999.000,9999.000,9999.000,9999.000,9999.000
202607291248,   1.215,9999.000,9999.000,9999.000,9999.000,9999.000,9999.000,9999.000,9999.000
202607291254,   1.226,9999.000,9999.000,9999.000,9999.000,9999.000,9999.000,9999.000,9999.000
202607291300,   1.236,9999.000,   0.100,  -0.047,   1.289,   0.000,   1.189,   0.100,   1.289
202607291306,   1.246,9999.000,9999.000,9999.000,9999.000,9999.000,9999.000,9999.000,9999.000
202607291312,   1.255,9999.000,9999.000,9999.000,9999.000,9999.000,9999.000,9999.000,9999.000
202607291318,   1.264,9999.000,9999.000,9999.000,9999.000,9999.000,9999.000,9999.000,9999.000
202607291324,   1.273,9999.000,9999.000,9999.000,9999.000,9999.000,9999.000,9999.000,9999.000
202607291330,   1.281,9999.000,9999.000,9999.000,9999.000,9999.000,9999.000,9999.000,9999.000
202607291336,   1.289,9999.000,9999.000,9999.000,9999.000,9999.000,9999.000,9999.000,9999.000
202607291342,   1.297,9999.000,9999.000,9999.000,9999.000,9999.000,9999.000,9999.000,9999.000
202607291348,   1.304,9999.000,9999.000,9999.000,9999.000,9999.000,9999.000,9999.000,9999.000
202607291354,   1.311,9999.000,9999.000,9999.000,9999.000,9999.000,9999.000,9999.000,9999.000
202607291400,   1.317,9999.000,   0.000,  -0.047,   1.270,   0.000,   1.270,   0.100,   1.370
202607291406,   1.323,9999.000,9999.000,9999.000,9999.000,9999.000,9999.000,9999.000,9999.000
202607291412,   1.328,9999.000,9999.000,9999.000,9999.000,9999.000,9999.000,9999.000,9999.000
202607291418,   1.333,9999.000,9999.000,9999.000,9999.000,9999.000,9999.000,9999.000,9999.000
202607291424,   1.337,9999.000,9999.000,9999.000,9999.000,9999.000,9999.000,9999.000,9999.000
202607291430,   1.341,9999.000,9999.000,9999.000,9999.000,9999.000,9999.000,9999.000,9999.000
202607291436,   1.345,9999.000,9999.000,9999.000,9999.000,9999.000,9999.000,9999.000,9999.000
202607291442,   1.348,9999.000,9999.000,9999.000,9999.000,9999.000,9999.000,9999.000,9999.000
202607291448,   1.351,9999.000,9999.000,9999.000,9999.000,9999.000,9999.000,9999.000,9999.000
202607291454,   1.353,9999.000,9999.000,9999.000,9999.000,9999.000,9999.000,9999.000,9999.000
202607291500,   1.354,9999.000,   0.100,  -0.047,   1.407,   0.000,   1.307,   0.100,   1.407
202607291506,   1.355,9999.000,9999.000,9999.000,9999.000,9999.000,9999.000,9999.000,9999.000
202607291512,   1.356,9999.000,9999.000,9999.000,9999.000,9999.000,9999.000,9999.000,9999.000
202607291518,   1.356,9999.000,9999.000,9999.000,9999.000,9999.000,9999.000,9999.000,9999.000
202607291524,   1.355,9999.000,9999.000,9999.000,9999.000,9999.000,9999.000,9999.000,9999.000
202607291530,   1.354,9999.000,9999.000,9999.000,9999.000,9999.000,9999.000,9999.000,9999.000
202607291536,   1.352,9999.000,9999.000,9999.000,9999.000,9999.000,9999.000,9999.000,9999.000
202607291542,   1.350,9999.000,9999.000,9999.000,9999.000,9999.000,9999.000,9999.000,9999.000
202607291548,   1.347,9999.000,9999.000,9999.000,9999.000,9999.000,9999.000,9999.000,9999.000
202607291554,   1.344,9999.000,9999.000,9999.000,9999.000,9999.000,9999.000,9999.000,9999.000
202607291600,   1.340,9999.000,   0.000,  -0.047,   1.293,   0.000,   1.293,   0.100,   1.393
202607291606,   1.336,9999.000,9999.000,9999.000,9999.000,9999.000,9999.000,9999.000,9999.000
202607291612,   1.331,9999.000,9999.000,9999.000,9999.000,9999.000,9999.000,9999.000,9999.000
202607291618,   1.325,9999.000,9999.000,9999.000,9999.000,9999.000,9999.000,9999.000,9999.000
202607291624,   1.319,9999.000,9999.000,9999.000,9999.000,9999.000,9999.000,9999.000,9999.000
202607291630,   1.313,9999.000,9999.000,9999.000,9999.000,9999.000,9999.000,9999.000,9999.000
202607291636,   1.305,9999.000,9999.000,9999.000,9999.000,9999.000,9999.000,9999.000,9999.000
202607291642,   1.298,9999.000,9999.000,9999.000,9999.000,9999.000,9999.000,9999.000,9999.000
202607291648,   1.290,9999.000,9999.000,9999.000,9999.000,9999.000,9999.000,9999.000,9999.000
202607291654,   1.281,9999.000,9999.000,9999.000,9999.000,9999.000,9999.000,9999.000,9999.000
202607291700,   1.271,9999.000,   0.000,  -0.047,   1.224,   0.000,   1.224,   0.100,   1.324
202607291706,   1.262,9999.000,9999.000,9999.000,9999.000,9999.000,9999.000,9999.000,9999.000
202607291712,   1.251,9999.000,9999.000,9999.000,9999.000,9999.000,9999.000,9999.000,9999.000
202607291718,   1.240,9999.000,9999.000,9999.000,9999.000,9999.000,9999.000,9999.000,9999.000
202607291724,   1.229,9999.000,9999.000,9999.000,9999.000,9999.000,9999.000,9999.000,9999.000
202607291730,   1.217,9999.000,9999.000,9999.000,9999.000,9999.000,9999.000,9999.000,9999.000
202607291736,   1.205,9999.000,9999.000,9999.000,9999.000,9999.000,9999.000,9999.000,9999.000
202607291742,   1.192,9999.000,9999.000,9999.000,9999.000,9999.000,9999.000,9999.000,9999.000
202607291748,   1.179,9999.000,9999.000,9999.000,9999.000,9999.000,9999.000,9999.000,9999.000
202607291754,   1.165,9999.000,9999.000,9999.000,9999.000,9999.000,9999.000,9999.000,9999.000
202607291800,   1.151,9999.000,   0.100,  -0.047,   1.204,   0.000,   1.104,   0.100,   1.204
202607291806,   1.136,9999.000,9999.000,9999.000,9999.000,9999.000,9999.000,9999.000,9999.000
202607291812,   1.121,9999.000,9999.000,9999.000,9999.000,9999.000,9999.000,9999.000,9999.000
202607291818,   1.105,9999.000,9999.000,9999.000,9999.000,9999.000,9999.000,9999.000,9999.000
202607291824,   1.089,9999.000,9999.000,9999.000,9999.000,9999.000,9999.000,9999.000,9999.000
202607291830,   1.073,9999.000,9999.000,9999.000,9999.000,9999.000,9999.000,9999.000,9999.000
202607291836,   1.056,9999.000,9999.000,9999.000,9999.000,9999.000,9999.000,9999.000,9999.000
202607291842,   1.039,9999.000,9999.000,9999.000,9999.000,9999.000,9999.000,9999.000,9999.000
202607291848,   1.022,9999.000,9999.000,9999.000,9999.000,9999.000,9999.000,9999.000,9999.000
202607291854,   1.004,9999.000,9999.000,9999.000,9999.000,9999.000,9999.000,9999.000,9999.000
202607291900,   0.986,9999.000,   0.100,  -0.047,   1.039,   0.100,   1.039,   0.100,   1.039
202607291906,   0.968,9999.000,9999.000,9999.000,9999.000,9999.000,9999.000,9999.000,9999.000
202607291912,   0.949,9999.000,9999.000,9999.000,9999.000,9999.000,9999.000,9999.000,9999.000
202607291918,   0.930,9999.000,9999.000,9999.000,9999.000,9999.000,9999.000,9999.000,9999.000
202607291924,   0.911,9999.000,9999.000,9999.000,9999.000,9999.000,9999.000,9999.000,9999.000
202607291930,   0.892,9999.000,9999.000,9999.000,9999.000,9999.000,9999.000,9999.000,9999.000
202607291936,   0.872,9999.000,9999.000,9999.000,9999.000,9999.000,9999.000,9999.000,9999.000
202607291942,   0.852,9999.000,9999.000,9999.000,9999.000,9999.000,9999.000,9999.000,9999.000
202607291948,   0.832,9999.000,9999.000,9999.000,9999.000,9999.000,9999.000,9999.000,9999.000
202607291954,   0.812,9999.000,9999.000,9999.000,9999.000,9999.000,9999.000,9999.000,9999.000
202607292000,   0.792,9999.000,   0.100,  -0.047,   0.845,   0.100,   0.845,   0.100,   0.845
202607292006,   0.771,9999.000,9999.000,9999.000,9999.000,9999.000,9999.000,9999.000,9999.000
202607292012,   0.751,9999.000,9999.000,9999.000,9999.000,9999.000,9999.000,9999.000,9999.000
202607292018,   0.730,9999.000,9999.000,9999.000,9999.000,9999.000,9999.000,9999.000,9999.000
202607292024,   0.710,9999.000,9999.000,9999.000,9999.000,9999.000,9999.000,9999.000,9999.000
202607292030,   0.689,9999.000,9999.000,9999.000,9999.000,9999.000,9999.000,9999.000,9999.000
202607292036,   0.668,9999.000,9999.000,9999.000,9999.000,9999.000,9999.000,9999.000,9999.000
202607292042,   0.648,9999.000,9999.000,9999.000,9999.000,9999.000,9999.000,9999.000,9999.000
202607292048,   0.627,9999.000,9999.000,9999.000,9999.000,9999.000,9999.000,9999.000,9999.000
202607292054,   0.606,9999.000,9999.000,9999.000,9999.000,9999.000,9999.000,9999.000,9999.000
202607292100,   0.586,9999.000,   0.100,  -0.047,   0.639,   0.100,   0.639,   0.100,   0.639
202607292106,   0.565,9999.000,9999.000,9999.000,9999.000,9999.000,9999.000,9999.000,9999.000
202607292112,   0.545,9999.000,9999.000,9999.000,9999.000,9999.000,9999.000,9999.000,9999.000
202607292118,   0.525,9999.000,9999.000,9999.000,9999.000,9999.000,9999.000,9999.000,9999.000
202607292124,   0.504,9999.000,9999.000,9999.000,9999.000,9999.000,9999.000,9999.000,9999.000
202607292130,   0.484,9999.000,9999.000,9999.000,9999.000,9999.000,9999.000,9999.000,9999.000
202607292136,   0.464,9999.000,9999.000,9999.000,9999.000,9999.000,9999.000,9999.000,9999.000
202607292142,   0.445,9999.000,9999.000,9999.000,9999.000,9999.000,9999.000,9999.000,9999.000
202607292148,   0.425,9999.000,9999.000,9999.000,9999.000,9999.000,9999.000,9999.000,9999.000
202607292154,   0.406,9999.000,9999.000,9999.000,9999.000,9999.000,9999.000,9999.000,9999.000
202607292200,   0.387,9999.000,   0.100,  -0.047,   0.440,   0.100,   0.440,   0.200,   0.540
202607292206,   0.368,9999.000,9999.000,9999.000,9999.000,9999.000,9999.000,9999.000,9999.000
202607292212,   0.350,9999.000,9999.000,9999.000,9999.000,9999.000,9999.000,9999.000,9999.000
202607292218,   0.332,9999.000,9999.000,9999.000,9999.000,9999.000,9999.000,9999.000,9999.000
202607292224,   0.314,9999.000,9999.000,9999.000,9999.000,9999.000,9999.000,9999.000,9999.000
202607292230,   0.296,9999.000,9999.000,9999.000,9999.000,9999.000,9999.000,9999.000,9999.000
202607292236,   0.279,9999.000,9999.000,9999.000,9999.000,9999.000,9999.000,9999.000,9999.000
202607292242,   0.262,9999.000,9999.000,9999.000,9999.000,9999.000,9999.000,9999.000,9999.000
202607292248,   0.246,9999.000,9999.000,9999.000,9999.000,9999.000,9999.000,9999.000,9999.000
202607292254,   0.229,9999.000,9999.000,9999.000,9999.000,9999.000,9999.000,9999.000,9999.000
202607292300,   0.214,9999.000,   0.200,  -0.047,   0.367,   0.100,   0.267,   0.200,   0.367
202607292306,   0.198,9999.000,9999.000,9999.000,9999.000,9999.000,9999.000,9999.000,9999.000
202607292312,   0.183,9999.000,9999.000,9999.000,9999.000,9999.000,9999.000,9999.000,9999.000
202607292318,   0.169,9999.000,9999.000,9999.000,9999.000,9999.000,9999.000,9999.000,9999.000
202607292324,   0.154,9999.000,9999.000,9999.000,9999.000,9999.000,9999.000,9999.000,9999.000
202607292330,   0.141,9999.000,9999.000,9999.000,9999.000,9999.000,9999.000,9999.000,9999.000
202607292336,   0.128,9999.000,9999.000,9999.000,9999.000,9999.000,9999.000,9999.000,9999.000
202607292342,   0.115,9999.000,9999.000,9999.000,9999.000,9999.000,9999.000,9999.000,9999.000
202607292348,   0.102,9999.000,9999.000,9999.000,9999.000,9999.000,9999.000,9999.000,9999.000
202607292354,   0.091,9999.000,9999.000,9999.000,9999.000,9999.000,9999.000,9999.000,9999.000
202607300000,   0.079,9999.000,   0.100,  -0.047,   0.132,   0.100,   0.132,   0.200,   0.232
202607300006,   0.068,9999.000,9999.000,9999.000,9999.000,9999.000,9999.000,9999.000,9999.000
202607300012,   0.058,9999.000,9999.000,9999.000,9999.000,9999.000,9999.000,9999.000,9999.000
202607300018,   0.048,9999.000,9999.000,9999.000,9999.000,9999.000,9999.000,9999.000,9999.000
202607300024,   0.038,9999.000,9999.000,9999.000,9999.000,9999.000,9999.000,9999.000,9999.000
202607300030,   0.029,9999.000,9999.000,9999.000,9999.000,9999.000,9999.000,9999.000,9999.000
202607300036,   0.021,9999.000,9999.000,9999.000,9999.000,9999.000,9999.000,9999.000,9999.000
202607300042,   0.013,9999.000,9999.000,9999.000,9999.000,9999.000,9999.000,9999.000,9999.000
202607300048,   0.006,9999.000,9999.000,9999.000,9999.000,9999.000,9999.000,9999.000,9999.000
202607300054,   0.000,9999.000,9999.000,9999.000,9999.000,9999.000,9999.000,9999.000,9999.000
202607300100,  -0.007,9999.000,   0.100,  -0.047,   0.046,   0.100,   0.046,   0.200,   0.146
202607300106,  -0.013,9999.000,9999.000,9999.000,9999.000,9999.000,9999.000,9999.000,9999.000
202607300112,  -0.018,9999.000,9999.000,9999.000,9999.000,9999.000,9999.000,9999.000,9999.000
202607300118,  -0.023,9999.000,9999.000,9999.000,9999.000,9999.000,9999.000,9999.000,9999.000
202607300124,  -0.028,9999.000,9999.000,9999.000,9999.000,9999.000,9999.000,9999.000,9999.000
202607300130,  -0.031,9999.000,9999.000,9999.000,9999.000,9999.000,9999.000,9999.000,9999.000
202607300136,  -0.035,9999.000,9999.000,9999.000,9999.000,9999.000,9999.000,9999.000,9999.000
202607300142,  -0.038,9999.000,9999.000,9999.000,9999.000,9999.000,9999.000,9999.000,9999.000
202607300148,  -0.040,9999.000,9999.000,9999.000,9999.000,9999.000,9999.000,9999.000,9999.000
202607300154,  -0.042,9999.000,9999.000,9999.000,9999.000,9999.000,9999.000,9999.000,9999.000
202607300200,  -0.044,9999.000,   0.100,  -0.047,   0.009,   0.100,   0.009,   0.200,   0.109
202607300206,  -0.045,9999.000,9999.000,9999.000,9999.000,9999.000,9999.000,9999.000,9999.000
202607300212,  -0.045,9999.000,9999.000,9999.000,9999.000,9999.000,9999.000,9999.000,9999.000
202607300218,  -0.045,9999.000,9999.000,9999.000,9999.000,9999.000,9999.000,9999.000,9999.000
202607300224,  -0.045,9999.000,9999.000,9999.000,9999.000,9999.000,9999.000,9999.000,9999.000
202607300230,  -0.044,9999.000,9999.000,9999.000,9999.000,9999.000,9999.000,9999.000,9999.000
202607300236,  -0.043,9999.000,9999.000,9999.000,9999.000,9999.000,9999.000,9999.000,9999.000
202607300242,  -0.041,9999.000,9999.000,9999.000,9999.000,9999.000,9999.000,9999.000,9999.000
202607300248,  -0.039,9999.000,9999.000,9999.000,9999.000,9999.000,9999.000,9999.000,9999.000
202607300254,  -0.036,9999.000,9999.000,9999.000,9999.000,9999.000,9999.000,9999.000,9999.000
202607300300,  -0.033,9999.000,   0.100,  -0.047,   0.020,   0.100,   0.020,   0.200,   0.120
202607300306,  -0.030,9999.000,9999.000,9999.000,9999.000,9999.000,9999.000,9999.000,9999.000
202607300312,  -0.026,9999.000,9999.000,9999.000,9999.000,9999.000,9999.000,9999.000,9999.000
202607300318,  -0.022,9999.000,9999.000,9999.000,9999.000,9999.000,9999.000,9999.000,9999.000
202607300324,  -0.018,9999.000,9999.000,9999.000,9999.000,9999.000,9999.000,9999.000,9999.000
202607300330,  -0.013,9999.000,9999.000,9999.000,9999.000,9999.000,9999.000,9999.000,9999.000
202607300336,  -0.007,9999.000,9999.000,9999.000,9999.000,9999.000,9999.000,9999.000,9999.000
202607300342,  -0.002,9999.000,9999.000,9999.000,9999.000,9999.000,9999.000,9999.000,9999.000
202607300348,   0.003,9999.000,9999.000,9999.000,9999.000,9999.000,9999.000,9999.000,9999.000
202607300354,   0.009,9999.000,9999.000,9999.000,9999.000,9999.000,9999.000,9999.000,9999.000
202607300400,   0.016,9999.000,   0.100,  -0.047,   0.069,   0.000,  -0.031,   0.100,   0.069
202607300406,   0.023,9999.000,9999.000,9999.000,9999.000,9999.000,9999.000,9999.000,9999.000
202607300412,   0.030,9999.000,9999.000,9999.000,9999.000,9999.000,9999.000,9999.000,9999.000
202607300418,   0.038,9999.000,9999.000,9999.000,9999.000,9999.000,9999.000,9999.000,9999.000
202607300424,   0.046,9999.000,9999.000,9999.000,9999.000,9999.000,9999.000,9999.000,9999.000
202607300430,   0.054,9999.000,9999.000,9999.000,9999.000,9999.000,9999.000,9999.000,9999.000
202607300436,   0.062,9999.000,9999.000,9999.000,9999.000,9999.000,9999.000,9999.000,9999.000
202607300442,   0.071,9999.000,9999.000,9999.000,9999.000,9999.000,9999.000,9999.000,9999.000
202607300448,   0.080,9999.000,9999.000,9999.000,9999.000,9999.000,9999.000,9999.000,9999.000
202607300454,   0.089,9999.000,9999.000,9999.000,9999.000,9999.000,9999.000,9999.000,9999.000
202607300500,   0.098,9999.000,   0.100,  -0.047,   0.151,   0.000,   0.051,   0.100,   0.151
202607300506,   0.108,9999.000,9999.000,9999.000,9999.000,9999.000,9999.000,9999.000,9999.000
202607300512,   0.118,9999.000,9999.000,9999.000,9999.000,9999.000,9999.000,9999.000,9999.000
202607300518,   0.128,9999.000,9999.000,9999.000,9999.000,9999.000,9999.000,9999.000,9999.000
202607300524,   0.138,9999.000,9999.000,9999.000,9999.000,9999.000,9999.000,9999.000,9999.000
202607300530,   0.148,9999.000,9999.000,9999.000,9999.000,9999.000,9999.000,9999.000,9999.000
202607300536,   0.159,9999.000,9999.000,9999.000,9999.000,9999.000,9999.000,9999.000,9999.000
202607300542,   0.170,9999.000,9999.000,9999.000,9999.000,9999.000,9999.000,9999.000,9999.000
202607300548,   0.181,9999.000,9999.000,9999.000,9999.000,9999.000,9999.000,9999.000,9999.000
202607300554,   0.192,9999.000,9999.000,9999.000,9999.000,9999.000,9999.000,9999.000,9999.000
202607300600,   0.203,9999.000,   0.100,  -0.047,   0.256,   0.000,   0.156,   0.100,   0.256
202607300606,   0.215,9999.000,9999.000,9999.000,9999.000,9999.000,9999.000,9999.000,9999.000
202607300612,   0.226,9999.000,9999.000,9999.000,9999.000,9999.000,9999.000,9999.000,9999.000
202607300618,   0.238,9999.000,9999.000,9999.000,9999.000,9999.000,9999.000,9999.000,9999.000
202607300624,   0.250,9999.000,9999.000,9999.000,9999.000,9999.000,9999.000,9999.000,9999.000
202607300630,   0.262,9999.000,9999.000,9999.000,9999.000,9999.000,9999.000,9999.000,9999.000
202607300636,   0.274,9999.000,9999.000,9999.000,9999.000,9999.000,9999.000,9999.000,9999.000
202607300642,   0.286,9999.000,9999.000,9999.000,9999.000,9999.000,9999.000,9999.000,9999.000
202607300648,   0.299,9999.000,9999.000,9999.000,9999.000,9999.000,9999.000,9999.000,9999.000
202607300654,   0.311,9999.000,9999.000,9999.000,9999.000,9999.000,9999.000,9999.000,9999.000
202607300700,   0.324,9999.000,   0.100,  -0.047,   0.377,   0.000,   0.277,   0.200,   0.477
202607300706,   0.336,9999.000,9999.000,9999.000,9999.000,9999.000,9999.000,9999.000,9999.000
202607300712,   0.349,9999.000,9999.000,9999.000,9999.000,9999.000,9999.000,9999.000,9999.000
202607300718,   0.362,9999.000,9999.000,9999.000,9999.000,9999.000,9999.000,9999.000,9999.000
202607300724,   0.375,9999.000,9999.000,9999.000,9999.000,9999.000,9999.000,9999.000,9999.000
202607300730,   0.388,9999.000,9999.000,9999.000,9999.000,9999.000,9999.000,9999.000,9999.000
202607300736,   0.401,9999.000,9999.000,9999.000,9999.000,9999.000,9999.000,9999.000,9999.000
202607300742,   0.414,9999.000,9999.000,9999.000,9999.000,9999.000,9999.000,9999.000,9999.000
202607300748,   0.427,9999.000,9999.000,9999.000,9999.000,9999.000,9999.000,9999.000,9999.000
202607300754,   0.441,9999.000,9999.000,9999.000,9999.000,9999.000,9999.000,9999.000,9999.000
202607300800,   0.454,9999.000,   0.100,  -0.047,   0.507,   0.000,   0.407,   0.200,   0.607
202607300806,   0.468,9999.000,9999.000,9999.000,9999.000,9999.000,9999.000,9999.000,9999.000
202607300812,   0.481,9999.000,9999.000,9999.000,9999.000,9999.000,9999.000,9999.000,9999.000
202607300818,   0.495,9999.000,9999.000,9999.000,9999.000,9999.000,9999.000,9999.000,9999.000
202607300824,   0.508,9999.000,9999.000,9999.000,9999.000,9999.000,9999.000,9999.000,9999.000
202607300830,   0.522,9999.000,9999.000,9999.000,9999.000,9999.000,9999.000,9999.000,9999.000
202607300836,   0.536,9999.000,9999.000,9999.000,9999.000,9999.000,9999.000,9999.000,9999.000
202607300842,   0.549,9999.000,9999.000,9999.000,9999.000,9999.000,9999.000,9999.000,9999.000
202607300848,   0.563,9999.000,9999.000,9999.000,9999.000,9999.000,9999.000,9999.000,9999.000
202607300854,   0.577,9999.000,9999.000,9999.000,9999.000,9999.000,9999.000,9999.000,9999.000
202607300900,   0.591,9999.000,   0.100,  -0.047,   0.644,   0.000,   0.544,   0.100,   0.644
202607300906,   0.605,9999.000,9999.000,9999.000,9999.000,9999.000,9999.000,9999.000,9999.000
202607300912,   0.618,9999.000,9999.000,9999.000,9999.000,9999.000,9999.000,9999.000,9999.000
202607300918,   0.632,9999.000,9999.000,9999.000,9999.000,9999.000,9999.000,9999.000,9999.000
202607300924,   0.646,9999.000,9999.000,9999.000,9999.000,9999.000,9999.000,9999.000,9999.000
202607300930,   0.660,9999.000,9999.000,9999.000,9999.000,9999.000,9999.000,9999.000,9999.000
202607300936,   0.674,9999.000,9999.000,9999.000,9999.000,9999.000,9999.000,9999.000,9999.000
202607300942,   0.688,9999.000,9999.000,9999.000,9999.000,9999.000,9999.000,9999.000,9999.000
202607300948,   0.702,9999.000,9999.000,9999.000,9999.000,9999.000,9999.000,9999.000,9999.000
202607300954,   0.716,9999.000,9999.000,9999.000,9999.000,9999.000,9999.000,9999.000,9999.000
202607301000,   0.730,9999.000,   0.100,  -0.047,   0.783,   0.000,   0.683,   0.100,   0.783
202607301006,   0.744,9999.000,9999.000,9999.000,9999.000,9999.000,9999.000,9999.000,9999.000
202607301012,   0.758,9999.000,9999.000,9999.000,9999.000,9999.000,9999.000,9999.000,9999.000
202607301018,   0.772,9999.000,9999.000,9999.000,9999.000,9999.000,9999.000,9999.000,9999.000
202607301024,   0.786,9999.000,9999.000,9999.000,9999.000,9999.000,9999.000,9999.000,9999.000
202607301030,   0.800,9999.000,9999.000,9999.000,9999.000,9999.000,9999.000,9999.000,9999.000
202607301036,   0.814,9999.000,9999.000,9999.000,9999.000,9999.000,9999.000,9999.000,9999.000
202607301042,   0.828,9999.000,9999.000,9999.000,9999.000,9999.000,9999.000,9999.000,9999.000
202607301048,   0.841,9999.000,9999.000,9999.000,9999.000,9999.000,9999.000,9999.000,9999.000
202607301054,   0.855,9999.000,9999.000,9999.000,9999.000,9999.000,9999.000,9999.000,9999.000
202607301100,   0.869,9999.000,   0.100,  -0.047,   0.922,   0.000,   0.822,   0.100,   0.922
202607301106,   0.883,9999.000,9999.000,9999.000,9999.000,9999.000,9999.000,9999.000,9999.000
202607301112,   0.896,9999.000,9999.000,9999.000,9999.000,9999.000,9999.000,9999.000,9999.000
202607301118,   0.910,9999.000,9999.000,9999.000,9999.000,9999.000,9999.000,9999.000,9999.000
202607301124,   0.923,9999.000,9999.000,9999.000,9999.000,9999.000,9999.000,9999.000,9999.000
202607301130,   0.936,9999.000,9999.000,9999.000,9999.000,9999.000,9999.000,9999.000,9999.000
202607301136,   0.949,9999.000,9999.000,9999.000,9999.000,9999.000,9999.000,9999.000,9999.000
202607301142,   0.962,9999.000,9999.000,9999.000,9999.000,9999.000,9999.000,9999.000,9999.000
202607301148,   0.975,9999.000,9999.000,9999.000,9999.000,9999.000,9999.000,9999.000,9999.000
202607301154,   0.988,9999.000,9999.000,9999.000,9999.000,9999.000,9999.000,9999.000,9999.000
202607301200,   1.001,9999.000,   0.000,  -0.047,   0.954,   0.000,   0.954,   0.100,   1.054
202607301206,   1.014,9999.000,9999.000,9999.000,9999.000,9999.000,9999.000,9999.000,9999.000
202607301212,   1.026,9999.000,9999.000,9999.000,9999.000,9999.000,9999.000,9999.000,9999.000
202607301218,   1.038,9999.000,9999.000,9999.000,9999.000,9999.000,9999.000,9999.000,9999.000
202607301224,   1.050,9999.000,9999.000,9999.000,9999.000,9999.000,9999.000,9999.000,9999.000
202607301230,   1.062,9999.000,9999.000,9999.000,9999.000,9999.000,9999.000,9999.000,9999.000
202607301236,   1.074,9999.000,9999.000,9999.000,9999.000,9999.000,9999.000,9999.000,9999.000
202607301242,   1.085,9999.000,9999.000,9999.000,9999.000,9999.000,9999.000,9999.000,9999.000
202607301248,   1.097,9999.000,9999.000,9999.000,9999.000,9999.000,9999.000,9999.000,9999.000
202607301254,   1.108,9999.000,9999.000,9999.000,9999.000,9999.000,9999.000,9999.000,9999.000
202607301300,   1.119,9999.000,   0.000,  -0.047,   1.072,   0.000,   1.072,   0.100,   1.172
202607301306,   1.129,9999.000,9999.000,9999.000,9999.000,9999.000,9999.000,9999.000,9999.000
202607301312,   1.140,9999.000,9999.000,9999.000,9999.000,9999.000,9999.000,9999.000,9999.000
202607301318,   1.150,9999.000,9999.000,9999.000,9999.000,9999.000,9999.000,9999.000,9999.000
202607301324,   1.160,9999.000,9999.000,9999.000,9999.000,9999.000,9999.000,9999.000,9999.000
202607301330,   1.169,9999.000,9999.000,9999.000,9999.000,9999.000,9999.000,9999.000,9999.000
202607301336,   1.178,9999.000,9999.000,9999.000,9999.000,9999.000,9999.000,9999.000,9999.000
202607301342,   1.187,9999.000,9999.000,9999.000,9999.000,9999.000,9999.000,9999.000,9999.000
202607301348,   1.196,9999.000,9999.000,9999.000,9999.000,9999.000,9999.000,9999.000,9999.000
202607301354,   1.204,9999.000,9999.000,9999.000,9999.000,9999.000,9999.000,9999.000,9999.000
202607301400,   1.212,9999.000,   0.000,  -0.047,   1.165,   0.000,   1.165,   0.100,   1.265
202607301406,   1.220,9999.000,9999.000,9999.000,9999.000,9999.000,9999.000,9999.000,9999.000
202607301412,   1.227,9999.000,9999.000,9999.000,9999.000,9999.000,9999.000,9999.000,9999.000
202607301418,   1.234,9999.000,9999.000,9999.000,9999.000,9999.000,9999.000,9999.000,9999.000
202607301424,   1.240,9999.000,9999.000,9999.000,9999.000,9999.000,9999.000,9999.000,9999.000
202607301430,   1.246,9999.000,9999.000,9999.000,9999.000,9999.000,9999.000,9999.000,9999.000
202607301436,   1.252,9999.000,9999.000,9999.000,9999.000,9999.000,9999.000,9999.000,9999.000
202607301442,   1.257,9999.000,9999.000,9999.000,9999.000,9999.000,9999.000,9999.000,9999.000
202607301448,   1.262,9999.000,9999.000,9999.000,9999.000,9999.000,9999.000,9999.000,9999.000
202607301454,   1.267,9999.000,9999.000,9999.000,9999.000,9999.000,9999.000,9999.000,9999.000
202607301500,   1.271,9999.000,   0.000,  -0.047,   1.224,   0.000,   1.224,   0.100,   1.324
202607301506,   1.274,9999.000,9999.000,9999.000,9999.000,9999.000,9999.000,9999.000,9999.000
202607301512,   1.277,9999.000,9999.000,9999.000,9999.000,9999.000,9999.000,9999.000,9999.000
202607301518,   1.280,9999.000,9999.000,9999.000,9999.000,9999.000,9999.000,9999.000,9999.000
202607301524,   1.282,9999.000,9999.000,9999.000,9999.000,9999.000,9999.000,9999.000,9999.000
202607301530,   1.284,9999.000,9999.000,9999.000,9999.000,9999.000,9999.000,9999.000,9999.000
202607301536,   1.285,9999.000,9999.000,9999.000,9999.000,9999.000,9999.000,9999.000,9999.000
202607301542,   1.286,9999.000,9999.000,9999.000,9999.000,9999.000,9999.000,9999.000,9999.000
202607301548,   1.286,9999.000,9999.000,9999.000,9999.000,9999.000,9999.000,9999.000,9999.000
202607301554,   1.286,9999.000,9999.000,9999.000,9999.000,9999.000,9999.000,9999.000,9999.000
202607301600,   1.285,9999.000,   0.000,  -0.047,   1.238,   0.000,   1.238,   0.100,   1.338
202607301606,   1.284,9999.000,9999.000,9999.000,9999.000,9999.000,9999.000,9999.000,9999.000
202607301612,   1.282,9999.000,9999.000,9999.000,9999.000,9999.000,9999.000,9999.000,9999.000
202607301618,   1.280,9999.000,9999.000,9999.000,9999.000,9999.000,9999.000,9999.000,9999.000
202607301624,   1.277,9999.000,9999.000,9999.000,9999.000,9999.000,9999.000,9999.000,9999.000
202607301630,   1.274,9999.000,9999.000,9999.000,9999.000,9999.000,9999.000,9999.000,9999.000
202607301636,   1.270,9999.000,9999.000,9999.000,9999.000,9999.000,9999.000,9999.000,9999.000
202607301642,   1.266,9999.000,9999.000,9999.000,9999.000,9999.000,9999.000,9999.000,9999.000
202607301648,   1.261,9999.000,9999.000,9999.000,9999.000,9999.000,9999.000,9999.000,9999.000
202607301654,   1.256,9999.000,9999.000,9999.000,9999.000,9999.000,9999.000,9999.000,9999.000
202607301700,   1.250,9999.000,   0.000,  -0.047,   1.203,   0.000,   1.203,   0.000,   1.203
202607301706,   1.244,9999.000,9999.000,9999.000,9999.000,9999.000,9999.000,9999.000,9999.000
202607301712,   1.237,9999.000,9999.000,9999.000,9999.000,9999.000,9999.000,9999.000,9999.000
202607301718,   1.230,9999.000,9999.000,9999.000,9999.000,9999.000,9999.000,9999.000,9999.000
202607301724,   1.222,9999.000,9999.000,9999.000,9999.000,9999.000,9999.000,9999.000,9999.000
202607301730,   1.213,9999.000,9999.000,9999.000,9999.000,9999.000,9999.000,9999.000,9999.000
202607301736,   1.205,9999.000,9999.000,9999.000,9999.000,9999.000,9999.000,9999.000,9999.000
202607301742,   1.195,9999.000,9999.000,9999.000,9999.000,9999.000,9999.000,9999.000,9999.000
202607301748,   1.185,9999.000,9999.000,9999.000,9999.000,9999.000,9999.000,9999.000,9999.000
202607301754,   1.175,9999.000,9999.000,9999.000,9999.000,9999.000,9999.000,9999.000,9999.000
202607301800,   1.164,9999.000,   0.000,  -0.047,   1.117,   0.000,   1.117,   0.100,   1.217
202607301806,   1.153,9999.000,9999.000,9999.000,9999.000,9999.000,9999.000,9999.000,9999.000
202607301812,   1.142,9999.000,9999.000,9999.000,9999.000,9999.000,9999.000,9999.000,9999.000
202607301818,   1.129,9999.000,9999.000,9999.000,9999.000,9999.000,9999.000,9999.000,9999.000
202607301824,   1.117,9999.000,9999.000,9999.000,9999.000,9999.000,9999.000,9999.000,9999.000
202607301830,   1.104,9999.000,9999.000,9999.000,9999.000,9999.000,9999.000,9999.000,9999.000
202607301836,   1.091,9999.000,9999.000,9999.000,9999.000,9999.000,9999.000,9999.000,9999.000
202607301842,   1.077,9999.000,9999.000,9999.000,9999.000,9999.000,9999.000,9999.000,9999.000
202607301848,   1.063,9999.000,9999.000,9999.000,9999.000,9999.000,9999.000,9999.000,9999.000
202607301854,   1.048,9999.000,9999.000,9999.000,9999.000,9999.000,9999.000,9999.000,9999.000
202607301900,   1.033,9999.000,   0.000,  -0.047,   0.986,   0.000,   0.986,   0.100,   1.086
202607301906,   1.018,9999.000,9999.000,9999.000,9999.000,9999.000,9999.000,9999.000,9999.000
202607301912,   1.003,9999.000,9999.000,9999.000,9999.000,9999.000,9999.000,9999.000,9999.000
202607301918,   0.987,9999.000,9999.000,9999.000,9999.000,9999.000,9999.000,9999.000,9999.000
202607301924,   0.970,9999.000,9999.000,9999.000,9999.000,9999.000,9999.000,9999.000,9999.000
202607301930,   0.954,9999.000,9999.000,9999.000,9999.000,9999.000,9999.000,9999.000,9999.000
202607301936,   0.937,9999.000,9999.000,9999.000,9999.000,9999.000,9999.000,9999.000,9999.000
202607301942,   0.920,9999.000,9999.000,9999.000,9999.000,9999.000,9999.000,9999.000,9999.000
202607301948,   0.903,9999.000,9999.000,9999.000,9999.000,9999.000,9999.000,9999.000,9999.000
202607301954,   0.886,9999.000,9999.000,9999.000,9999.000,9999.000,9999.000,9999.000,9999.000
202607302000,   0.868,9999.000,   0.000,  -0.047,   0.821,   0.000,   0.821,   0.100,   0.921
202607302006,   0.850,9999.000,9999.000,9999.000,9999.000,9999.000,9999.000,9999.000,9999.000
202607302012,   0.832,9999.000,9999.000,9999.000,9999.000,9999.000,9999.000,9999.000,9999.000
202607302018,   0.814,9999.000,9999.000,9999.000,9999.000,9999.000,9999.000,9999.000,9999.000
202607302024,   0.796,9999.000,9999.000,9999.000,9999.000,9999.000,9999.000,9999.000,9999.000
202607302030,   0.778,9999.000,9999.000,9999.000,9999.000,9999.000,9999.000,9999.000,9999.000
202607302036,   0.759,9999.000,9999.000,9999.000,9999.000,9999.000,9999.000,9999.000,9999.000
202607302042,   0.740,9999.000,9999.000,9999.000,9999.000,9999.000,9999.000,9999.000,9999.000
202607302048,   0.722,9999.000,9999.000,9999.000,9999.000,9999.000,9999.000,9999.000,9999.000
202607302054,   0.703,9999.000,9999.000,9999.000,9999.000,9999.000,9999.000,9999.000,9999.000
202607302100,   0.685,9999.000,   0.000,  -0.047,   0.638,   0.000,   0.638,   0.100,   0.738
202607302106,   0.666,9999.000,9999.000,9999.000,9999.000,9999.000,9999.000,9999.000,9999.000
202607302112,   0.647,9999.000,9999.000,9999.000,9999.000,9999.000,9999.000,9999.000,9999.000
202607302118,   0.629,9999.000,9999.000,9999.000,9999.000,9999.000,9999.000,9999.000,9999.000
202607302124,   0.610,9999.000,9999.000,9999.000,9999.000,9999.000,9999.000,9999.000,9999.000
202607302130,   0.592,9999.000,9999.000,9999.000,9999.000,9999.000,9999.000,9999.000,9999.000
202607302136,   0.573,9999.000,9999.000,9999.000,9999.000,9999.000,9999.000,9999.000,9999.000
202607302142,   0.555,9999.000,9999.000,9999.000,9999.000,9999.000,9999.000,9999.000,9999.000
202607302148,   0.537,9999.000,9999.000,9999.000,9999.000,9999.000,9999.000,9999.000,9999.000
202607302154,   0.519,9999.000,9999.000,9999.000,9999.000,9999.000,9999.000,9999.000,9999.000
202607302200,   0.501,9999.000,   0.100,  -0.047,   0.554,   0.000,   0.454,   0.200,   0.654
202607302206,   0.483,9999.000,9999.000,9999.000,9999.000,9999.000,9999.000,9999.000,9999.000
202607302212,   0.466,9999.000,9999.000,9999.000,9999.000,9999.000,9999.000,9999.000,9999.000
202607302218,   0.449,9999.000,9999.000,9999.000,9999.000,9999.000,9999.000,9999.000,9999.000
202607302224,   0.432,9999.000,9999.000,9999.000,9999.000,9999.000,9999.000,9999.000,9999.000
202607302230,   0.415,9999.000,9999.000,9999.000,9999.000,9999.000,9999.000,9999.000,9999.000
202607302236,   0.398,9999.000,9999.000,9999.000,9999.000,9999.000,9999.000,9999.000,9999.000
202607302242,   0.382,9999.000,9999.000,9999.000,9999.000,9999.000,9999.000,9999.000,9999.000
202607302248,   0.366,9999.000,9999.000,9999.000,9999.000,9999.000,9999.000,9999.000,9999.000
202607302254,   0.350,9999.000,9999.000,9999.000,9999.000,9999.000,9999.000,9999.000,9999.000
202607302300,   0.335,9999.000,   0.100,  -0.047,   0.388,   0.000,   0.288,   0.200,   0.488
202607302306,   0.320,9999.000,9999.000,9999.000,9999.000,9999.000,9999.000,9999.000,9999.000
202607302312,   0.305,9999.000,9999.000,9999.000,9999.000,9999.000,9999.000,9999.000,9999.000
202607302318,   0.291,9999.000,9999.000,9999.000,9999.000,9999.000,9999.000,9999.000,9999.000
202607302324,   0.277,9999.000,9999.000,9999.000,9999.000,9999.000,9999.000,9999.000,9999.000
202607302330,   0.263,9999.000,9999.000,9999.000,9999.000,9999.000,9999.000,9999.000,9999.000
202607302336,   0.250,9999.000,9999.000,9999.000,9999.000,9999.000,9999.000,9999.000,9999.000
202607302342,   0.237,9999.000,9999.000,9999.000,9999.000,9999.000,9999.000,9999.000,9999.000
202607302348,   0.225,9999.000,9999.000,9999.000,9999.000,9999.000,9999.000,9999.000,9999.000
202607302354,   0.213,9999.000,9999.000,9999.000,9999.000,9999.000,9999.000,9999.000,9999.000
202607310000,   0.201,9999.000,   0.100,  -0.047,   0.254,   0.000,   0.154,   0.100,   0.254
202607310006,   0.190,9999.000,9999.000,9999.000,9999.000,9999.000,9999.000,9999.000,9999.000
202607310012,   0.179,9999.000,9999.000,9999.000,9999.000,9999.000,9999.000,9999.000,9999.000
202607310018,   0.169,9999.000,9999.000,9999.000,9999.000,9999.000,9999.000,9999.000,9999.000
202607310024,   0.159,9999.000,9999.000,9999.000,9999.000,9999.000,9999.000,9999.000,9999.000
202607310030,   0.150,9999.000,9999.000,9999.000,9999.000,9999.000,9999.000,9999.000,9999.000
202607310036,   0.141,9999.000,9999.000,9999.000,9999.000,9999.000,9999.000,9999.000,9999.000
202607310042,   0.132,9999.000,9999.000,9999.000,9999.000,9999.000,9999.000,9999.000,9999.000
202607310048,   0.124,9999.000,9999.000,9999.000,9999.000,9999.000,9999.000,9999.000,9999.000
202607310054,   0.116,9999.000,9999.000,9999.000,9999.000,9999.000,9999.000,9999.000,9999.000
202607310100,   0.109,9999.000,   0.100,  -0.047,   0.162,   0.000,   0.062,   0.100,   0.162
202607310106,   0.103,9999.000,9999.000,9999.000,9999.000,9999.000,9999.000,9999.000,9999.000
202607310112,   0.096,9999.000,9999.000,9999.000,9999.000,9999.000,9999.000,9999.000,9999.000
202607310118,   0.091,9999.000,9999.000,9999.000,9999.000,9999.000,9999.000,9999.000,9999.000
202607310124,   0.085,9999.000,9999.000,9999.000,9999.000,9999.000,9999.000,9999.000,9999.000
202607310130,   0.081,9999.000,9999.000,9999.000,9999.000,9999.000,9999.000,9999.000,9999.000
202607310136,   0.076,9999.000,9999.000,9999.000,9999.000,9999.000,9999.000,9999.000,9999.000
202607310142,   0.072,9999.000,9999.000,9999.000,9999.000,9999.000,9999.000,9999.000,9999.000
202607310148,   0.069,9999.000,9999.000,9999.000,9999.000,9999.000,9999.000,9999.000,9999.000
202607310154,   0.066,9999.000,9999.000,9999.000,9999.000,9999.000,9999.000,9999.000,9999.000
202607310200,   0.063,9999.000,   0.100,  -0.047,   0.116,   0.000,   0.016,   0.100,   0.116
202607310206,   0.061,9999.000,9999.000,9999.000,9999.000,9999.000,9999.000,9999.000,9999.000
202607310212,   0.059,9999.000,9999.000,9999.000,9999.000,9999.000,9999.000,9999.000,9999.000
202607310218,   0.058,9999.000,9999.000,9999.000,9999.000,9999.000,9999.000,9999.000,9999.000
202607310224,   0.057,9999.000,9999.000,9999.000,9999.000,9999.000,9999.000,9999.000,9999.000
202607310230,   0.057,9999.000,9999.000,9999.000,9999.000,9999.000,9999.000,9999.000,9999.000
202607310236,   0.057,9999.000,9999.000,9999.000,9999.000,9999.000,9999.000,9999.000,9999.000
202607310242,   0.057,9999.000,9999.000,9999.000,9999.000,9999.000,9999.000,9999.000,9999.000
202607310248,   0.058,9999.000,9999.000,9999.000,9999.000,9999.000,9999.000,9999.000,9999.000
202607310254,   0.059,9999.000,9999.000,9999.000,9999.000,9999.000,9999.000,9999.000,9999.000
202607310300,   0.061,9999.000,   0.100,  -0.047,   0.114,   0.000,   0.014,   0.100,   0.114
202607310306,   0.062,9999.000,9999.000,9999.000,9999.000,9999.000,9999.000,9999.000,9999.000
202607310312,   0.065,9999.000,9999.000,9999.000,9999.000,9999.000,9999.000,9999.000,9999.000
202607310318,   0.067,9999.000,9999.000,9999.000,9999.000,9999.000,9999.000,9999.000,9999.000
202607310324,   0.070,9999.000,9999.000,9999.000,9999.000,9999.000,9999.000,9999.000,9999.000
202607310330,   0.074,9999.000,9999.000,9999.000,9999.000,9999.000,9999.000,9999.000,9999.000
202607310336,   0.077,9999.000,9999.000,9999.000,9999.000,9999.000,9999.000,9999.000,9999.000
202607310342,   0.081,9999.000,9999.000,9999.000,9999.000,9999.000,9999.000,9999.000,9999.000
202607310348,   0.086,9999.000,9999.000,9999.000,9999.000,9999.000,9999.000,9999.000,9999.000
202607310354,   0.090,9999.000,9999.000,9999.000,9999.000,9999.000,9999.000,9999.000,9999.000
202607310400,   0.095,9999.000,   0.000,  -0.047,   0.048,   0.000,   0.048,   0.100,   0.148
202607310406,   0.100,9999.000,9999.000,9999.000,9999.000,9999.000,9999.000,9999.000,9999.000
202607310412,   0.106,9999.000,9999.000,9999.000,9999.000,9999.000,9999.000,9999.000,9999.000
202607310418,   0.112,9999.000,9999.000,9999.000,9999.000,9999.000,9999.000,9999.000,9999.000
202607310424,   0.118,9999.000,9999.000,9999.000,9999.000,9999.000,9999.000,9999.000,9999.000
202607310430,   0.124,9999.000,9999.000,9999.000,9999.000,9999.000,9999.000,9999.000,9999.000
202607310436,   0.130,9999.000,9999.000,9999.000,9999.000,9999.000,9999.000,9999.000,9999.000
202607310442,   0.137,9999.000,9999.000,9999.000,9999.000,9999.000,9999.000,9999.000,9999.000
202607310448,   0.144,9999.000,9999.000,9999.000,9999.000,9999.000,9999.000,9999.000,9999.000
202607310454,   0.151,9999.000,9999.000,9999.000,9999.000,9999.000,9999.000,9999.000,9999.000
202607310500,   0.158,9999.000,   0.000,  -0.047,   0.111,   0.000,   0.111,   0.100,   0.211
202607310506,   0.166,9999.000,9999.000,9999.000,9999.000,9999.000,9999.000,9999.000,9999.000
202607310512,   0.174,9999.000,9999.000,9999.000,9999.000,9999.000,9999.000,9999.000,9999.000
202607310518,   0.182,9999.000,9999.000,9999.000,9999.000,9999.000,9999.000,9999.000,9999.000
202607310524,   0.190,9999.000,9999.000,9999.000,9999.000,9999.000,9999.000,9999.000,9999.000
202607310530,   0.198,9999.000,9999.000,9999.000,9999.000,9999.000,9999.000,9999.000,9999.000
202607310536,   0.206,9999.000,9999.000,9999.000,9999.000,9999.000,9999.000,9999.000,9999.000
202607310542,   0.215,9999.000,9999.000,9999.000,9999.000,9999.000,9999.000,9999.000,9999.000
202607310548,   0.224,9999.000,9999.000,9999.000,9999.000,9999.000,9999.000,9999.000,9999.000
202607310554,   0.232,9999.000,9999.000,9999.000,9999.000,9999.000,9999.000,9999.000,9999.000
202607310600,   0.241,9999.000,   0.000,  -0.047,   0.194,   0.000,   0.194,   0.100,   0.294
