        TIME,    TIDE,      OB,   SURGE,    BIAS,     TWL,SURGE90p,  TWL90p,SURGE10p,   TWL10p
202608021800,   2.154,9999.000,   0.600,9999.000,   2.754,   0.600,   2.754,   0.600,   2.754
202608021806,   2.115,9999.000,9999.000,9999.000,9999.000,9999.000,9999.000,9999.000,9999.000
202608021812,   2.074,9999.000,9999.000,9999.000,9999.000,9999.000,9999.000,9999.000,9999.000
202608021818,   2.032,9999.000,9999.000,9999.000,9999.000,9999.000,9999.000,9999.000,9999.000
202608021824,   1.988,9999.000,9999.000,9999.000,9999.000,9999.000,9999.000,9999.000,9999.000
202608021830,   1.943,9999.000,9999.000,9999.000,9999.000,9999.000,9999.000,9999.000,9999.000
202608021836,   1.897,9999.000,9999.000,9999.000,9999.000,9999.000,9999.000,9999.000,9999.000
202608021842,   1.850,9999.000,9999.000,9999.000,9999.000,9999.000,9999.000,9999.000,9999.000
202608021848,   1.801,9999.000,9999.000,9999.000,9999.000,9999.000,9999.000,9999.000,9999.000
202608021854,   1.752,9999.000,9999.000,9999.000,9999.000,9999.000,9999.000,9999.000,9999.000
202608021900,   1.703,   2.699,   0.600,   0.396,   2.699,   0.600,   2.699,   0.600,   2.699
202608021906,   1.652,   2.660,9999.000,9999.000,9999.000,9999.000,9999.000,9999.000,9999.000
202608021912,   1.601,   2.620,9999.000,9999.000,9999.000,9999.000,9999.000,9999.000,9999.000
202608021918,   1.550,   2.587,9999.000,9999.000,9999.000,9999.000,9999.000,9999.000,9999.000
202608021924,   1.498,   2.509,9999.000,9999.000,9999.000,9999.000,9999.000,9999.000,9999.000
202608021930,   1.447,   2.410,9999.000,9999.000,9999.000,9999.000,9999.000,9999.000,9999.000
202608021936,   1.395,   2.358,9999.000,9999.000,9999.000,9999.000,9999.000,9999.000,9999.000
202608021942,   1.343,   2.279,9999.000,9999.000,9999.000,9999.000,9999.000,9999.000,9999.000
202608021948,   1.291,   2.210,9999.000,9999.000,9999.000,9999.000,9999.000,9999.000,9999.000
202608021954,   1.240,   2.168,9999.000,9999.000,9999.000,9999.000,9999.000,9999.000,9999.000
202608022000,   1.188,   2.118,   0.600,   0.330,   2.118,   0.600,   2.118,   0.700,   2.218
202608022006,   1.138,   2.069,9999.000,9999.000,9999.000,9999.000,9999.000,9999.000,9999.000
202608022012,   1.087,   2.030,9999.000,9999.000,9999.000,9999.000,9999.000,9999.000,9999.000
202608022018,   1.038,   1.981,9999.000,9999.000,9999.000,9999.000,9999.000,9999.000,9999.000
202608022024,   0.989,   1.918,9999.000,9999.000,9999.000,9999.000,9999.000,9999.000,9999.000
202608022030,   0.941,   1.869,9999.000,9999.000,9999.000,9999.000,9999.000,9999.000,9999.000
202608022036,   0.894,   1.800,9999.000,9999.000,9999.000,9999.000,9999.000,9999.000,9999.000
202608022042,   0.848,   1.738,9999.000,9999.000,9999.000,9999.000,9999.000,9999.000,9999.000
202608022048,   0.804,   1.679,9999.000,9999.000,9999.000,9999.000,9999.000,9999.000,9999.000
202608022054,   0.761,   1.620,9999.000,9999.000,9999.000,9999.000,9999.000,9999.000,9999.000
202608022100,   0.719,   1.548,   0.600,   0.229,   1.548,   0.600,   1.548,   0.700,   1.648
202608022106,   0.679,   1.489,9999.000,9999.000,9999.000,9999.000,9999.000,9999.000,9999.000
202608022112,   0.641,   1.439,9999.000,9999.000,9999.000,9999.000,9999.000,9999.000,9999.000
202608022118,   0.605,   1.420,9999.000,9999.000,9999.000,9999.000,9999.000,9999.000,9999.000
202608022124,   0.571,   1.380,9999.000,9999.000,9999.000,9999.000,9999.000,9999.000,9999.000
202608022130,   0.538,   1.338,9999.000,9999.000,9999.000,9999.000,9999.000,9999.000,9999.000
202608022136,   0.508,   1.318,9999.000,9999.000,9999.000,9999.000,9999.000,9999.000,9999.000
202608022142,   0.481,   1.308,9999.000,9999.000,9999.000,9999.000,9999.000,9999.000,9999.000
202608022148,   0.455,   1.279,9999.000,9999.000,9999.000,9999.000,9999.000,9999.000,9999.000
202608022154,   0.433,   1.239,9999.000,9999.000,9999.000,9999.000,9999.000,9999.000,9999.000
202608022200,   0.412,   1.190,   0.600,   0.178,   1.190,   0.500,   1.090,   0.700,   1.290
202608022206,   0.394,   1.151,9999.000,9999.000,9999.000,9999.000,9999.000,9999.000,9999.000
202608022212,   0.379,   1.108,9999.000,9999.000,9999.000,9999.000,9999.000,9999.000,9999.000
202608022218,   0.367,   1.069,9999.000,9999.000,9999.000,9999.000,9999.000,9999.000,9999.000
202608022224,   0.357,   1.020,9999.000,9999.000,9999.000,9999.000,9999.000,9999.000,9999.000
202608022230,   0.350,   1.020,9999.000,9999.000,9999.000,9999.000,9999.000,9999.000,9999.000
202608022236,   0.345,   1.020,9999.000,9999.000,9999.000,9999.000,9999.000,9999.000,9999.000
202608022242,   0.344,   1.049,9999.000,9999.000,9999.000,9999.000,9999.000,9999.000,9999.000
202608022248,   0.345,   1.069,9999.000,9999.000,9999.000,9999.000,9999.000,9999.000,9999.000
202608022254,   0.348,   1.088,9999.000,9999.000,9999.000,9999.000,9999.000,9999.000,9999.000
202608022300,   0.355,   1.088,   0.600,   0.133,   1.088,   0.500,   0.988,   0.700,   1.188
202608022306,   0.364,   1.079,9999.000,9999.000,9999.000,9999.000,9999.000,9999.000,9999.000
202608022312,   0.375,   1.088,9999.000,9999.000,9999.000,9999.000,9999.000,9999.000,9999.000
202608022318,   0.389,   1.108,9999.000,9999.000,9999.000,9999.000,9999.000,9999.000,9999.000
202608022324,   0.405,   1.128,9999.000,9999.000,9999.000,9999.000,9999.000,9999.000,9999.000
202608022330,   0.424,   1.138,9999.000,9999.000,9999.000,9999.000,9999.000,9999.000,9999.000
202608022336,   0.445,   1.151,9999.000,9999.000,9999.000,9999.000,9999.000,9999.000,9999.000
202608022342,   0.468,   1.151,9999.000,9999.000,9999.000,9999.000,9999.000,9999.000,9999.000
202608022348,   0.493,   1.180,9999.000,9999.000,9999.000,9999.000,9999.000,9999.000,9999.000
202608022354,   0.520,   1.220,9999.000,9999.000,9999.000,9999.000,9999.000,9999.000,9999.000
202608030000,   0.549,   1.259,   0.600,   0.110,   1.259,   0.500,   1.159,   0.600,   1.259
202608030006,   0.580,   1.308,9999.000,9999.000,9999.000,9999.000,9999.000,9999.000,9999.000
202608030012,   0.612,   1.348,9999.000,9999.000,9999.000,9999.000,9999.000,9999.000,9999.000
202608030018,   0.646,   1.390,9999.000,9999.000,9999.000,9999.000,9999.000,9999.000,9999.000
202608030024,   0.682,   1.420,9999.000,9999.000,9999.000,9999.000,9999.000,9999.000,9999.000
202608030030,   0.720,   1.469,9999.000,9999.000,9999.000,9999.000,9999.000,9999.000,9999.000
202608030036,   0.758,   1.518,9999.000,9999.000,9999.000,9999.000,9999.000,9999.000,9999.000
202608030042,   0.798,   1.538,9999.000,9999.000,9999.000,9999.000,9999.000,9999.000,9999.000
202608030048,   0.840,   1.548,9999.000,9999.000,9999.000,9999.000,9999.000,9999.000,9999.000
202608030054,   0.882,   1.580,9999.000,9999.000,9999.000,9999.000,9999.000,9999.000,9999.000
202608030100,   0.926,   1.620,   0.500,   0.194,   1.620,   0.500,   1.620,   0.600,   1.720
202608030106,   0.971,   1.669,9999.000,9999.000,9999.000,9999.000,9999.000,9999.000,9999.000
202608030112,   1.016,   1.718,9999.000,9999.000,9999.000,9999.000,9999.000,9999.000,9999.000
202608030118,   1.063,   1.767,9999.000,9999.000,9999.000,9999.000,9999.000,9999.000,9999.000
202608030124,   1.110,   1.810,9999.000,9999.000,9999.000,9999.000,9999.000,9999.000,9999.000
202608030130,   1.158,   1.849,9999.000,9999.000,9999.000,9999.000,9999.000,9999.000,9999.000
202608030136,   1.207,   1.918,9999.000,9999.000,9999.000,9999.000,9999.000,9999.000,9999.000
202608030142,   1.256,   1.990,9999.000,9999.000,9999.000,9999.000,9999.000,9999.000,9999.000
202608030148,   1.306,   2.049,9999.000,9999.000,9999.000,9999.000,9999.000,9999.000,9999.000
202608030154,   1.356,   2.079,9999.000,9999.000,9999.000,9999.000,9999.000,9999.000,9999.000
202608030200,   1.406,   2.109,   0.500,   0.203,   2.109,   0.400,   2.009,   0.600,   2.209
202608030206,   1.456,   2.158,9999.000,9999.000,9999.000,9999.000,9999.000,9999.000,9999.000
202608030212,   1.506,   2.200,9999.000,9999.000,9999.000,9999.000,9999.000,9999.000,9999.000
202608030218,   1.556,   2.240,9999.000,9999.000,9999.000,9999.000,9999.000,9999.000,9999.000
202608030224,   1.606,   2.299,9999.000,9999.000,9999.000,9999.000,9999.000,9999.000,9999.000
202608030230,   1.656,   2.348,9999.000,9999.000,9999.000,9999.000,9999.000,9999.000,9999.000
202608030236,   1.705,   2.410,9999.000,9999.000,9999.000,9999.000,9999.000,9999.000,9999.000
202608030242,   1.753,   2.469,9999.000,9999.000,9999.000,9999.000,9999.000,9999.000,9999.000
202608030248,   1.800,   2.538,9999.000,9999.000,9999.000,9999.000,9999.000,9999.000,9999.000
202608030254,   1.847,   2.610,9999.000,9999.000,9999.000,9999.000,9999.000,9999.000,9999.000
202608030300,   1.892,   2.669,   0.500,   0.277,   2.669,   0.400,   2.569,   0.500,   2.669
202608030306,   1.936,   2.728,9999.000,9999.000,9999.000,9999.000,9999.000,9999.000,9999.000
202608030312,   1.979,   2.768,9999.000,9999.000,9999.000,9999.000,9999.000,9999.000,9999.000
202608030318,   2.019,   2.797,9999.000,9999.000,9999.000,9999.000,9999.000,9999.000,9999.000
202608030324,   2.059,   2.830,9999.000,9999.000,9999.000,9999.000,9999.000,9999.000,9999.000
202608030330,   2.096,   2.850,9999.000,9999.000,9999.000,9999.000,9999.000,9999.000,9999.000
202608030336,   2.131,   2.879,9999.000,9999.000,9999.000,9999.000,9999.000,9999.000,9999.000
202608030342,   2.163,   2.899,9999.000,9999.000,9999.000,9999.000,9999.000,9999.000,9999.000
202608030348,   2.194,   2.909,9999.000,9999.000,9999.000,9999.000,9999.000,9999.000,9999.000
202608030354,   2.222,   2.929,9999.000,9999.000,9999.000,9999.000,9999.000,9999.000,9999.000
202608030400,   2.247,   2.958,   0.400,   0.311,   2.958,   0.400,   2.958,   0.500,   3.058
202608030406,   2.269,   2.988,9999.000,9999.000,9999.000,9999.000,9999.000,9999.000,9999.000
202608030412,   2.289,   3.007,9999.000,9999.000,9999.000,9999.000,9999.000,9999.000,9999.000
202608030418,   2.305,   3.030,9999.000,9999.000,9999.000,9999.000,9999.000,9999.000,9999.000
202608030424,   2.319,   3.040,9999.000,9999.000,9999.000,9999.000,9999.000,9999.000,9999.000
202608030430,   2.329,   3.030,9999.000,9999.000,9999.000,9999.000,9999.000,9999.000,9999.000
202608030436,   2.337,   3.017,9999.000,9999.000,9999.000,9999.000,9999.000,9999.000,9999.000
202608030442,   2.341,   3.017,9999.000,9999.000,9999.000,9999.000,9999.000,9999.000,9999.000
202608030448,   2.342,   2.997,9999.000,9999.000,9999.000,9999.000,9999.000,9999.000,9999.000
202608030454,   2.340,   2.978,9999.000,9999.000,9999.000,9999.000,9999.000,9999.000,9999.000
202608030500,   2.334,   2.968,   0.400,   0.234,   2.968,   0.300,   2.868,   0.400,   2.968
202608030506,   2.326,   2.958,9999.000,9999.000,9999.000,9999.000,9999.000,9999.000,9999.000
202608030512,   2.314,   2.948,9999.000,9999.000,9999.000,9999.000,9999.000,9999.000,9999.000
202608030518,   2.299,   2.938,9999.000,9999.000,9999.000,9999.000,9999.000,9999.000,9999.000
202608030524,   2.282,   2.919,9999.000,9999.000,9999.000,9999.000,9999.000,9999.000,9999.000
202608030530,   2.261,   2.899,9999.000,9999.000,9999.000,9999.000,9999.000,9999.000,9999.000
202608030536,   2.238,   2.860,9999.000,9999.000,9999.000,9999.000,9999.000,9999.000,9999.000
202608030542,   2.212,   2.830,9999.000,9999.000,9999.000,9999.000,9999.000,9999.000,9999.000
202608030548,   2.183,   2.787,9999.000,9999.000,9999.000,9999.000,9999.000,9999.000,9999.000
202608030554,   2.151,   2.748,9999.000,9999.000,9999.000,9999.000,9999.000,9999.000,9999.000
202608030600,   2.118,   2.709,   0.300,   0.291,   2.709,   0.300,   2.709,   0.400,   2.809
202608030606,   2.082,   2.660,9999.000,9999.000,9999.000,9999.000,9999.000,9999.000,9999.000
202608030612,   2.043,   2.620,9999.000,9999.000,9999.000,9999.000,9999.000,9999.000,9999.000
202608030618,   2.003,   2.568,9999.000,9999.000,9999.000,9999.000,9999.000,9999.000,9999.000
202608030624,   1.961,   2.519,9999.000,9999.000,9999.000,9999.000,9999.000,9999.000,9999.000
202608030630,   1.917,   2.469,9999.000,9999.000,9999.000,9999.000,9999.000,9999.000,9999.000
202608030636,   1.872,   2.430,9999.000,9999.000,9999.000,9999.000,9999.000,9999.000,9999.000
202608030642,   1.824,   2.387,9999.000,9999.000,9999.000,9999.000,9999.000,9999.000,9999.000
202608030648,   1.776,   2.358,9999.000,9999.000,9999.000,9999.000,9999.000,9999.000,9999.000
202608030654,   1.726,   2.328,9999.000,9999.000,9999.000,9999.000,9999.000,9999.000,9999.000
202608030700,   1.675,   2.289,   0.300,   0.314,   2.289,   0.200,   2.189,   0.400,   2.389
202608030706,   1.623,   2.250,9999.000,9999.000,9999.000,9999.000,9999.000,9999.000,9999.000
202608030712,   1.570,   2.210,9999.000,9999.000,9999.000,9999.000,9999.000,9999.000,9999.000
202608030718,   1.517,   2.158,9999.000,9999.000,9999.000,9999.000,9999.000,9999.000,9999.000
202608030724,   1.463,   2.089,9999.000,9999.000,9999.000,9999.000,9999.000,9999.000,9999.000
202608030730,   1.408,   2.020,9999.000,9999.000,9999.000,9999.000,9999.000,9999.000,9999.000
202608030736,   1.353,   1.958,9999.000,9999.000,9999.000,9999.000,9999.000,9999.000,9999.000
202608030742,   1.298,   1.899,9999.000,9999.000,9999.000,9999.000,9999.000,9999.000,9999.000
202608030748,   1.242,   1.840,9999.000,9999.000,9999.000,9999.000,9999.000,9999.000,9999.000
202608030754,   1.187,   1.767,9999.000,9999.000,9999.000,9999.000,9999.000,9999.000,9999.000
202608030800,   1.131,   1.718,   0.300,   0.287,   1.718,   0.200,   1.618,   0.300,   1.718
202608030806,   1.076,   1.659,9999.000,9999.000,9999.000,9999.000,9999.000,9999.000,9999.000
202608030812,   1.021,   1.590,9999.000,9999.000,9999.000,9999.000,9999.000,9999.000,9999.000
202608030818,   0.966,   1.528,9999.000,9999.000,9999.000,9999.000,9999.000,9999.000,9999.000
202608030824,   0.913,   1.479,9999.000,9999.000,9999.000,9999.000,9999.000,9999.000,9999.000
202608030830,   0.859,   1.430,9999.000,9999.000,9999.000,9999.000,9999.000,9999.000,9999.000
202608030836,   0.807,   1.380,9999.000,9999.000,9999.000,9999.000,9999.000,9999.000,9999.000
202608030842,   0.756,   1.308,9999.000,9999.000,9999.000,9999.000,9999.000,9999.000,9999.000
202608030848,   0.706,   1.249,9999.000,9999.000,9999.000,9999.000,9999.000,9999.000,9999.000
202608030854,   0.657,   1.170,9999.000,9999.000,9999.000,9999.000,9999.000,9999.000,9999.000
202608030900,   0.609,   1.118,   0.200,   0.309,   1.118,   0.200,   1.118,   0.300,   1.218
202608030906,   0.563,   1.069,9999.000,9999.000,9999.000,9999.000,9999.000,9999.000,9999.000
202608030912,   0.518,   1.010,9999.000,9999.000,9999.000,9999.000,9999.000,9999.000,9999.000
202608030918,   0.475,   0.961,9999.000,9999.000,9999.000,9999.000,9999.000,9999.000,9999.000
202608030924,   0.434,   0.941,9999.000,9999.000,9999.000,9999.000,9999.000,9999.000,9999.000
202608030930,   0.395,   0.928,9999.000,9999.000,9999.000,9999.000,9999.000,9999.000,9999.000
202608030936,   0.358,   0.888,9999.000,9999.000,9999.000,9999.000,9999.000,9999.000,9999.000
202608030942,   0.324,   0.869,9999.000,9999.000,9999.000,9999.000,9999.000,9999.000,9999.000
202608030948,   0.291,   0.819,9999.000,9999.000,9999.000,9999.000,9999.000,9999.000,9999.000
202608030954,   0.261,   0.790,9999.000,9999.000,9999.000,9999.000,9999.000,9999.000,9999.000
202608031000,   0.234,   0.760,   0.200,   0.326,   0.760,   0.200,   0.760,   0.300,   0.860
202608031006,   0.209,   0.718,9999.000,9999.000,9999.000,9999.000,9999.000,9999.000,9999.000
202608031012,   0.187,   0.698,9999.000,9999.000,9999.000,9999.000,9999.000,9999.000,9999.000
202608031018,   0.168,   0.678,9999.000,9999.000,9999.000,9999.000,9999.000,9999.000,9999.000
202608031024,   0.151,   0.639,9999.000,9999.000,9999.000,9999.000,9999.000,9999.000,9999.000
202608031030,   0.138,   0.619,9999.000,9999.000,9999.000,9999.000,9999.000,9999.000,9999.000
202608031036,   0.127,   0.610,9999.000,9999.000,9999.000,9999.000,9999.000,9999.000,9999.000
202608031042,   0.119,   0.590,9999.000,9999.000,9999.000,9999.000,9999.000,9999.000,9999.000
202608031048,   0.114,   0.570,9999.000,9999.000,9999.000,9999.000,9999.000,9999.000,9999.000
202608031054,   0.113,   0.590,9999.000,9999.000,9999.000,9999.000,9999.000,9999.000,9999.000
202608031100,   0.114,   0.600,   0.200,   0.286,   0.600,   0.100,   0.500,   0.300,   0.700
202608031106,   0.118,   0.590,9999.000,9999.000,9999.000,9999.000,9999.000,9999.000,9999.000
202608031112,   0.125,   0.600,9999.000,9999.000,9999.000,9999.000,9999.000,9999.000,9999.000
202608031118,   0.135,   0.610,9999.000,9999.000,9999.000,9999.000,9999.000,9999.000,9999.000
202608031124,   0.147,   0.619,9999.000,9999.000,9999.000,9999.000,9999.000,9999.000,9999.000
202608031130,   0.163,   0.639,9999.000,9999.000,9999.000,9999.000,9999.000,9999.000,9999.000
202608031136,   0.181,   0.649,9999.000,9999.000,9999.000,9999.000,9999.000,9999.000,9999.000
202608031142,   0.202,   0.669,9999.000,9999.000,9999.000,9999.000,9999.000,9999.000,9999.000
202608031148,   0.225,   0.698,9999.000,9999.000,9999.000,9999.000,9999.000,9999.000,9999.000
202608031154,   0.251,   0.731,9999.000,9999.000,9999.000,9999.000,9999.000,9999.000,9999.000
202608031200,   0.280,   0.760,   0.200,   0.280,   0.760,   0.200,   0.760,   0.300,   0.860
202608031206,   0.311,   0.800,9999.000,9999.000,9999.000,9999.000,9999.000,9999.000,9999.000
202608031212,   0.344,   0.829,9999.000,9999.000,9999.000,9999.000,9999.000,9999.000,9999.000
202608031218,   0.379,   0.839,9999.000,9999.000,9999.000,9999.000,9999.000,9999.000,9999.000
202608031224,   0.417,   0.879,9999.000,9999.000,9999.000,9999.000,9999.000,9999.000,9999.000
202608031230,   0.456,   0.908,9999.000,9999.000,9999.000,9999.000,9999.000,9999.000,9999.000
202608031236,   0.498,   0.941,9999.000,9999.000,9999.000,9999.000,9999.000,9999.000,9999.000
202608031242,   0.541,   0.970,9999.000,9999.000,9999.000,9999.000,9999.000,9999.000,9999.000
202608031248,   0.586,   1.010,9999.000,9999.000,9999.000,9999.000,9999.000,9999.000,9999.000
202608031254,   0.632,   1.039,9999.000,9999.000,9999.000,9999.000,9999.000,9999.000,9999.000
202608031300,   0.681,   1.088,   0.200,   0.207,   1.088,   0.200,   1.088,   0.300,   1.188
202608031306,   0.730,   1.118,9999.000,9999.000,9999.000,9999.000,9999.000,9999.000,9999.000
202608031312,   0.781,   1.151,9999.000,9999.000,9999.000,9999.000,9999.000,9999.000,9999.000
202608031318,   0.833,   1.220,9999.000,9999.000,9999.000,9999.000,9999.000,9999.000,9999.000
202608031324,   0.887,   1.259,9999.000,9999.000,9999.000,9999.000,9999.000,9999.000,9999.000
202608031330,   0.941,   1.318,9999.000,9999.000,9999.000,9999.000,9999.000,9999.000,9999.000
202608031336,   0.996,   1.380,9999.000,9999.000,9999.000,9999.000,9999.000,9999.000,9999.000
202608031342,   1.053,   1.410,9999.000,9999.000,9999.000,9999.000,9999.000,9999.000,9999.000
202608031348,   1.110,   1.469,9999.000,9999.000,9999.000,9999.000,9999.000,9999.000,9999.000
202608031354,   1.167,   1.528,9999.000,9999.000,9999.000,9999.000,9999.000,9999.000,9999.000
202608031400,   1.226,   1.557,   0.200,   0.131,   1.557,   0.100,   1.457,   0.300,   1.657
202608031406,   1.284,   1.600,9999.000,9999.000,9999.000,9999.000,9999.000,9999.000,9999.000
202608031412,   1.343,   1.669,9999.000,9999.000,9999.000,9999.000,9999.000,9999.000,9999.000
202608031418,   1.402,   1.708,9999.000,9999.000,9999.000,9999.000,9999.000,9999.000,9999.000
202608031424,   1.461,   1.781,9999.000,9999.000,9999.000,9999.000,9999.000,9999.000,9999.000
202608031430,   1.521,   1.840,9999.000,9999.000,9999.000,9999.000,9999.000,9999.000,9999.000
202608031436,   1.579,   1.928,9999.000,9999.000,9999.000,9999.000,9999.000,9999.000,9999.000
202608031442,   1.638,   2.020,9999.000,9999.000,9999.000,9999.000,9999.000,9999.000,9999.000
202608031448,   1.696,   2.099,9999.000,9999.000,9999.000,9999.000,9999.000,9999.000,9999.000
202608031454,   1.753,   2.168,9999.000,9999.000,9999.000,9999.000,9999.000,9999.000,9999.000
202608031500,   1.810,   2.230,   0.200,   0.220,   2.230,   0.100,   2.130,   0.300,   2.330
202608031506,   1.865,   2.279,9999.000,9999.000,9999.000,9999.000,9999.000,9999.000,9999.000
202608031512,   1.920,   2.318,9999.000,9999.000,9999.000,9999.000,9999.000,9999.000,9999.000
202608031518,   1.973,   2.348,9999.000,9999.000,9999.000,9999.000,9999.000,9999.000,9999.000
202608031524,   2.024,   2.387,9999.000,9999.000,9999.000,9999.000,9999.000,9999.000,9999.000
202608031530,   2.074,   2.420,9999.000,9999.000,9999.000,9999.000,9999.000,9999.000,9999.000
202608031536,   2.122,   2.459,9999.000,9999.000,9999.000,9999.000,9999.000,9999.000,9999.000
202608031542,   2.169,   2.528,9999.000,9999.000,9999.000,9999.000,9999.000,9999.000,9999.000
202608031548,   2.213,   2.597,9999.000,9999.000,9999.000,9999.000,9999.000,9999.000,9999.000
202608031554,   2.255,   2.679,9999.000,9999.000,9999.000,9999.000,9999.000,9999.000,9999.000
202608031600,   2.294,   2.728,   0.200,   0.234,   2.728,   0.100,   2.628,   0.300,   2.828
202608031606,   2.331,   2.768,9999.000,9999.000,9999.000,9999.000,9999.000,9999.000,9999.000
202608031612,   2.365,   2.840,9999.000,9999.000,9999.000,9999.000,9999.000,9999.000,9999.000
202608031618,   2.397,   2.889,9999.000,9999.000,9999.000,9999.000,9999.000,9999.000,9999.000
202608031624,   2.425,   2.899,9999.000,9999.000,9999.000,9999.000,9999.000,9999.000,9999.000
202608031630,   2.451,   2.909,9999.000,9999.000,9999.000,9999.000,9999.000,9999.000,9999.000
202608031636,   2.474,   2.929,9999.000,9999.000,9999.000,9999.000,9999.000,9999.000,9999.000
202608031642,   2.493,   2.948,9999.000,9999.000,9999.000,9999.000,9999.000,9999.000,9999.000
202608031648,   2.509,   2.978,9999.000,9999.000,9999.000,9999.000,9999.000,9999.000,9999.000
202608031654,   2.522,   2.997,9999.000,9999.000,9999.000,9999.000,9999.000,9999.000,9999.000
202608031700,   2.532,   3.017,   0.200,   0.285,   3.017,   0.100,   2.917,   0.300,   3.117
202608031706,   2.538,   3.040,9999.000,9999.000,9999.000,9999.000,9999.000,9999.000,9999.000
202608031712,   2.541,   3.050,9999.000,9999.000,9999.000,9999.000,9999.000,9999.000,9999.000
202608031718,   2.541,   3.050,9999.000,9999.000,9999.000,9999.000,9999.000,9999.000,9999.000
202608031724,   2.537,   3.050,9999.000,9999.000,9999.000,9999.000,9999.000,9999.000,9999.000
202608031730,   2.531,   3.040,9999.000,9999.000,9999.000,9999.000,9999.000,9999.000,9999.000
202608031736,   2.521,   3.017,9999.000,9999.000,9999.000,9999.000,9999.000,9999.000,9999.000
202608031742,   2.508,   2.997,9999.000,9999.000,9999.000,9999.000,9999.000,9999.000,9999.000
202608031748,   2.492,   2.997,9999.000,9999.000,9999.000,9999.000,9999.000,9999.000,9999.000
202608031754,   2.473,   2.968,9999.000,9999.000,9999.000,9999.000,9999.000,9999.000,9999.000
202608031800,   2.452,   2.938,   0.200,   0.286,   2.938,   0.100,   2.838,   0.300,   3.038
202608031806,   2.427,   2.938,9999.000,9999.000,9999.000,9999.000,9999.000,9999.000,9999.000
202608031812,   2.400,   2.909,9999.000,9999.000,9999.000,9999.000,9999.000,9999.000,9999.000
202608031818,   2.371,   2.889,9999.000,9999.000,9999.000,9999.000,9999.000,9999.000,9999.000
202608031824,   2.339,   2.860,9999.000,9999.000,9999.000,9999.000,9999.000,9999.000,9999.000
202608031830,   2.305,   2.850,9999.000,9999.000,9999.000,9999.000,9999.000,9999.000,9999.000
202608031836,   2.269,   2.830,9999.000,9999.000,9999.000,9999.000,9999.000,9999.000,9999.000
202608031842,   2.230,   2.797,9999.000,9999.000,9999.000,9999.000,9999.000,9999.000,9999.000
202608031848,   2.190,   2.787,9999.000,9999.000,9999.000,9999.000,9999.000,9999.000,9999.000
202608031854,   2.149,   2.758,9999.000,9999.000,9999.000,9999.000,9999.000,9999.000,9999.000
202608031900,   2.106,   2.728,   0.200,   0.422,   2.728,   0.100,   2.628,   0.300,   2.828
202608031906,   2.061,   2.699,9999.000,9999.000,9999.000,9999.000,9999.000,9999.000,9999.000
202608031912,   2.015,   2.650,9999.000,9999.000,9999.000,9999.000,9999.000,9999.000,9999.000
202608031918,   1.968,   2.610,9999.000,9999.000,9999.000,9999.000,9999.000,9999.000,9999.000
202608031924,   1.920,   2.568,9999.000,9999.000,9999.000,9999.000,9999.000,9999.000,9999.000
202608031930,   1.871,   2.499,9999.000,9999.000,9999.000,9999.000,9999.000,9999.000,9999.000
202608031936,   1.821,   2.450,9999.000,9999.000,9999.000,9999.000,9999.000,9999.000,9999.000
202608031942,   1.771,   2.400,9999.000,9999.000,9999.000,9999.000,9999.000,9999.000,9999.000
202608031948,   1.720,   2.318,9999.000,9999.000,9999.000,9999.000,9999.000,9999.000,9999.000
202608031954,   1.669,   2.259,9999.000,9999.000,9999.000,9999.000,9999.000,9999.000,9999.000
202608032000,   1.617,   2.210,   0.200,   0.393,   2.210,   0.100,   2.110,   0.300,   2.310
202608032006,   1.566,   2.177,9999.000,9999.000,9999.000,9999.000,9999.000,9999.000,9999.000
202608032012,   1.514,   2.128,9999.000,9999.000,9999.000,9999.000,9999.000,9999.000,9999.000
202608032018,   1.462,   2.079,9999.000,9999.000,9999.000,9999.000,9999.000,9999.000,9999.000
202608032024,   1.411,   2.040,9999.000,9999.000,9999.000,9999.000,9999.000,9999.000,9999.000
202608032030,   1.360,   1.990,9999.000,9999.000,9999.000,9999.000,9999.000,9999.000,9999.000
202608032036,   1.309,   1.928,9999.000,9999.000,9999.000,9999.000,9999.000,9999.000,9999.000
202608032042,   1.258,   1.869,9999.000,9999.000,9999.000,9999.000,9999.000,9999.000,9999.000
202608032048,   1.209,   1.810,9999.000,9999.000,9999.000,9999.000,9999.000,9999.000,9999.000
202608032054,   1.160,   1.758,9999.000,9999.000,9999.000,9999.000,9999.000,9999.000,9999.000
202608032100,   1.111,   1.708,   0.300,   0.297,   1.708,   0.200,   1.608,   0.300,   1.708
202608032106,   1.064,   1.649,9999.000,9999.000,9999.000,9999.000,9999.000,9999.000,9999.000
202608032112,   1.017,   1.600,9999.000,9999.000,9999.000,9999.000,9999.000,9999.000,9999.000
202608032118,   0.972,   1.548,9999.000,9999.000,9999.000,9999.000,9999.000,9999.000,9999.000
202608032124,   0.928,   1.489,9999.000,9999.000,9999.000,9999.000,9999.000,9999.000,9999.000
202608032130,   0.885,   1.449,9999.000,9999.000,9999.000,9999.000,9999.000,9999.000,9999.000
202608032136,   0.843,   1.380,9999.000,9999.000,9999.000,9999.000,9999.000,9999.000,9999.000
202608032142,   0.803,   1.328,9999.000,9999.000,9999.000,9999.000,9999.000,9999.000,9999.000
202608032148,   0.765,   1.279,9999.000,9999.000,9999.000,9999.000,9999.000,9999.000,9999.000
202608032154,   0.728,   1.229,9999.000,9999.000,9999.000,9999.000,9999.000,9999.000,9999.000
202608032200,   0.693,   1.170,   0.300,   0.177,   1.170,   0.200,   1.070,   0.300,   1.170
202608032206,   0.659,   1.118,9999.000,9999.000,9999.000,9999.000,9999.000,9999.000,9999.000
202608032212,   0.628,   1.069,9999.000,9999.000,9999.000,9999.000,9999.000,9999.000,9999.000
202608032218,   0.598,   1.010,9999.000,9999.000,9999.000,9999.000,9999.000,9999.000,9999.000
202608032224,   0.571,   0.961,9999.000,9999.000,9999.000,9999.000,9999.000,9999.000,9999.000
202608032230,   0.545,   0.941,9999.000,9999.000,9999.000,9999.000,9999.000,9999.000,9999.000
202608032236,   0.522,   0.918,9999.000,9999.000,9999.000,9999.000,9999.000,9999.000,9999.000
202608032242,   0.501,   0.879,9999.000,9999.000,9999.000,9999.000,9999.000,9999.000,9999.000
202608032248,   0.482,   0.849,9999.000,9999.000,9999.000,9999.000,9999.000,9999.000,9999.000
202608032254,   0.466,   0.829,9999.000,9999.000,9999.000,9999.000,9999.000,9999.000,9999.000
202608032300,   0.452,   0.810,   0.300,   0.058,   0.810,   0.200,   0.710,   0.300,   0.810
202608032306,   0.440,   0.819,9999.000,9999.000,9999.000,9999.000,9999.000,9999.000,9999.000
202608032312,   0.430,   0.810,9999.000,9999.000,9999.000,9999.000,9999.000,9999.000,9999.000
202608032318,   0.423,   0.790,9999.000,9999.000,9999.000,9999.000,9999.000,9999.000,9999.000
202608032324,   0.418,   0.780,9999.000,9999.000,9999.000,9999.000,9999.000,9999.000,9999.000
202608032330,   0.416,   0.790,9999.000,9999.000,9999.000,9999.000,9999.000,9999.000,9999.000
202608032336,   0.415,   0.790,9999.000,9999.000,9999.000,9999.000,9999.000,9999.000,9999.000
202608032342,   0.418,   0.800,9999.000,9999.000,9999.000,9999.000,9999.000,9999.000,9999.000
202608032348,   0.422,   0.810,9999.000,9999.000,9999.000,9999.000,9999.000,9999.000,9999.000
202608032354,   0.429,   0.810,9999.000,9999.000,9999.000,9999.000,9999.000,9999.000,9999.000
202608040000,   0.438,   0.810,   0.300,   0.072,   0.810,   0.200,   0.710,   0.300,   0.810
202608040006,   0.449,   0.810,9999.000,9999.000,9999.000,9999.000,9999.000,9999.000,9999.000
202608040012,   0.463,   0.829,9999.000,9999.000,9999.000,9999.000,9999.000,9999.000,9999.000
202608040018,   0.478,   0.849,9999.000,9999.000,9999.000,9999.000,9999.000,9999.000,9999.000
202608040024,   0.496,   0.908,9999.000,9999.000,9999.000,9999.000,9999.000,9999.000,9999.000
202608040030,   0.516,   0.961,9999.000,9999.000,9999.000,9999.000,9999.000,9999.000,9999.000
202608040036,   0.537,   1.020,9999.000,9999.000,9999.000,9999.000,9999.000,9999.000,9999.000
202608040042,   0.561,   1.098,9999.000,9999.000,9999.000,9999.000,9999.000,9999.000,9999.000
202608040048,   0.586,   1.151,9999.000,9999.000,9999.000,9999.000,9999.000,9999.000,9999.000
202608040054,   0.614,   1.180,9999.000,9999.000,9999.000,9999.000,9999.000,9999.000,9999.000
202608040100,   0.643,   1.190,   0.300,   0.247,   1.190,   0.200,   1.090,   0.300,   1.190
202608040106,   0.674,   1.190,9999.000,9999.000,9999.000,9999.000,9999.000,9999.000,9999.000
202608040112,   0.706,   1.200,9999.000,9999.000,9999.000,9999.000,9999.000,9999.000,9999.000
202608040118,   0.740,   1.220,9999.000,9999.000,9999.000,9999.000,9999.000,9999.000,9999.000
202608040124,   0.775,   1.229,9999.000,9999.000,9999.000,9999.000,9999.000,9999.000,9999.000
202608040130,   0.812,   1.259,9999.000,9999.000,9999.000,9999.000,9999.000,9999.000,9999.000
202608040136,   0.851,   1.298,9999.000,9999.000,9999.000,9999.000,9999.000,9999.000,9999.000
202608040142,   0.890,   1.348,9999.000,9999.000,9999.000,9999.000,9999.000,9999.000,9999.000
202608040148,   0.931,   1.400,9999.000,9999.000,9999.000,9999.000,9999.000,9999.000,9999.000
202608040154,   0.973,   1.449,9999.000,9999.000,9999.000,9999.000,9999.000,9999.000,9999.000
202608040200,   1.016,   1.498,   0.200,   0.282,   1.498,   0.200,   1.498,   0.300,   1.598
202608040206,   1.060,   1.528,9999.000,9999.000,9999.000,9999.000,9999.000,9999.000,9999.000
202608040212,   1.105,   1.557,9999.000,9999.000,9999.000,9999.000,9999.000,9999.000,9999.000
202608040218,   1.151,   1.580,9999.000,9999.000,9999.000,9999.000,9999.000,9999.000,9999.000
202608040224,   1.197,   1.610,9999.000,9999.000,9999.000,9999.000,9999.000,9999.000,9999.000
202608040230,   1.244,   1.639,9999.000,9999.000,9999.000,9999.000,9999.000,9999.000,9999.000
202608040236,   1.292,   1.679,9999.000,9999.000,9999.000,9999.000,9999.000,9999.000,9999.000
202608040242,   1.340,   1.728,9999.000,9999.000,9999.000,9999.000,9999.000,9999.000,9999.000
202608040248,   1.388,   1.781,9999.000,9999.000,9999.000,9999.000,9999.000,9999.000,9999.000
202608040254,   1.436,   1.830,9999.000,9999.000,9999.000,9999.000,9999.000,9999.000,9999.000
202608040300,   1.485,   1.879,   0.200,   0.194,   1.879,   0.200,   1.879,   0.300,   1.979
202608040306,   1.533,   1.928,9999.000,9999.000,9999.000,9999.000,9999.000,9999.000,9999.000
202608040312,   1.581,   1.990,9999.000,9999.000,9999.000,9999.000,9999.000,9999.000,9999.000
202608040318,   1.628,   2.040,9999.000,9999.000,9999.000,9999.000,9999.000,9999.000,9999.000
202608040324,   1.675,   2.099,9999.000,9999.000,9999.000,9999.000,9999.000,9999.000,9999.000
202608040330,   1.722,   2.158,9999.000,9999.000,9999.000,9999.000,9999.000,9999.000,9999.000
202608040336,   1.767,   2.210,9999.000,9999.000,9999.000,9999.000,9999.000,9999.000,9999.000
202608040342,   1.812,   2.259,9999.000,9999.000,9999.000,9999.000,9999.000,9999.000,9999.000
202608040348,   1.855,   2.318,9999.000,9999.000,9999.000,9999.000,9999.000,9999.000,9999.000
202608040354,   1.897,   2.377,9999.000,9999.000,9999.000,9999.000,9999.000,9999.000,9999.000
202608040400,   1.937,   2.420,   0.200,   0.283,   2.420,   0.200,   2.420,   0.300,   2.520
202608040406,   1.976,   2.459,9999.000,9999.000,9999.000,9999.000,9999.000,9999.000,9999.000
202608040412,   2.013,   2.489,9999.000,9999.000,9999.000,9999.000,9999.000,9999.000,9999.000
202608040418,   2.048,   2.509,9999.000,9999.000,9999.000,9999.000,9999.000,9999.000,9999.000
202608040424,   2.081,   2.548,9999.000,9999.000,9999.000,9999.000,9999.000,9999.000,9999.000
202608040430,   2.112,   2.568,9999.000,9999.000,9999.000,9999.000,9999.000,9999.000,9999.000
202608040436,   2.140,   2.597,9999.000,9999.000,9999.000,9999.000,9999.000,9999.000,9999.000
202608040442,   2.166,   2.630,9999.000,9999.000,9999.000,9999.000,9999.000,9999.000,9999.000
202608040448,   2.189,   2.660,9999.000,9999.000,9999.000,9999.000,9999.000,9999.000,9999.000
202608040454,   2.209,   2.689,9999.000,9999.000,9999.000,9999.000,9999.000,9999.000,9999.000
202608040500,   2.227,   2.719,   0.200,   0.292,   2.719,   0.200,   2.719,   0.300,   2.819
202608040506,   2.241,   2.728,9999.000,9999.000,9999.000,9999.000,9999.000,9999.000,9999.000
202608040512,   2.253,   2.758,9999.000,9999.000,9999.000,9999.000,9999.000,9999.000,9999.000
202608040518,   2.262,   2.778,9999.000,9999.000,9999.000,9999.000,9999.000,9999.000,9999.000
202608040524,   2.267,   2.787,9999.000,9999.000,9999.000,9999.000,9999.000,9999.000,9999.000
202608040530,   2.270,   2.787,9999.000,9999.000,9999.000,9999.000,9999.000,9999.000,9999.000
202608040536,   2.269,   2.778,9999.000,9999.000,9999.000,9999.000,9999.000,9999.000,9999.000
202608040542,   2.266,   2.778,9999.000,9999.000,9999.000,9999.000,9999.000,9999.000,9999.000
202608040548,   2.259,   2.768,9999.000,9999.000,9999.000,9999.000,9999.000,9999.000,9999.000
202608040554,   2.249,   2.748,9999.000,9999.000,9999.000,9999.000,9999.000,9999.000,9999.000
202608040600,   2.236,   2.728,   0.200,   0.292,   2.728,   0.200,   2.728,   0.300,   2.828
202608040606,   2.220,   2.719,9999.000,9999.000,9999.000,9999.000,9999.000,9999.000,9999.000
202608040612,   2.201,   2.699,9999.000,9999.000,9999.000,9999.000,9999.000,9999.000,9999.000
202608040618,   2.179,   2.689,9999.000,9999.000,9999.000,9999.000,9999.000,9999.000,9999.000
202608040624,   2.155,   2.679,9999.000,9999.000,9999.000,9999.000,9999.000,9999.000,9999.000
202608040630,   2.127,   2.660,9999.000,9999.000,9999.000,9999.000,9999.000,9999.000,9999.000
202608040636,   2.098,   2.640,9999.000,9999.000,9999.000,9999.000,9999.000,9999.000,9999.000
202608040642,   2.066,   2.610,9999.000,9999.000,9999.000,9999.000,9999.000,9999.000,9999.000
202608040648,   2.031,   2.568,9999.000,9999.000,9999.000,9999.000,9999.000,9999.000,9999.000
202608040654,   1.994,   2.519,9999.000,9999.000,9999.000,9999.000,9999.000,9999.000,9999.000
202608040700,   1.955,   2.450,   0.200,   0.295,   2.450,   0.200,   2.450,   0.300,   2.550
202608040706,   1.915,   2.420,9999.000,9999.000,9999.000,9999.000,9999.000,9999.000,9999.000
202608040712,   1.872,   2.377,9999.000,9999.000,9999.000,9999.000,9999.000,9999.000,9999.000
202608040718,   1.828,   2.338,9999.000,9999.000,9999.000,9999.000,9999.000,9999.000,9999.000
202608040724,   1.782,   2.289,9999.000,9999.000,9999.000,9999.000,9999.000,9999.000,9999.000
202608040730,   1.735,   2.250,9999.000,9999.000,9999.000,9999.000,9999.000,9999.000,9999.000
202608040736,   1.686,   2.210,9999.000,9999.000,9999.000,9999.000,9999.000,9999.000,9999.000
202608040742,   1.637,   2.158,9999.000,9999.000,9999.000,9999.000,9999.000,9999.000,9999.000
202608040748,   1.586,   2.109,9999.000,9999.000,9999.000,9999.000,9999.000,9999.000,9999.000
202608040754,   1.535,   2.059,9999.000,9999.000,9999.000,9999.000,9999.000,9999.000,9999.000
202608040800,   1.483,   2.000,   0.200,   0.317,   2.000,   0.200,   2.000,   0.300,   2.100
202608040806,   1.431,   1.938,9999.000,9999.000,9999.000,9999.000,9999.000,9999.000,9999.000
202608040812,   1.378,   1.879,9999.000,9999.000,9999.000,9999.000,9999.000,9999.000,9999.000
202608040818,   1.325,   1.830,9999.000,9999.000,9999.000,9999.000,9999.000,9999.000,9999.000
202608040824,   1.272,   1.767,9999.000,9999.000,9999.000,9999.000,9999.000,9999.000,9999.000
202608040830,   1.218,   1.718,9999.000,9999.000,9999.000,9999.000,9999.000,9999.000,9999.000
202608040836,   1.165,   1.639,9999.000,9999.000,9999.000,9999.000,9999.000,9999.000,9999.000
202608040842,   1.113,   1.557,9999.000,9999.000,9999.000,9999.000,9999.000,9999.000,9999.000
202608040848,   1.060,   1.489,9999.000,9999.000,9999.000,9999.000,9999.000,9999.000,9999.000
202608040854,   1.008,   1.420,9999.000,9999.000,9999.000,9999.000,9999.000,9999.000,9999.000
202608040900,   0.957,   1.361,   0.200,   0.204,   1.361,   0.200,   1.361,   0.300,   1.461
202608040906,   0.906,   1.318,9999.000,9999.000,9999.000,9999.000,9999.000,9999.000,9999.000
202608040912,   0.856,   1.269,9999.000,9999.000,9999.000,9999.000,9999.000,9999.000,9999.000
202608040918,   0.807,   1.220,9999.000,9999.000,9999.000,9999.000,9999.000,9999.000,9999.000
202608040924,   0.759,   1.180,9999.000,9999.000,9999.000,9999.000,9999.000,9999.000,9999.000
202608040930,   0.713,   1.098,9999.000,9999.000,9999.000,9999.000,9999.000,9999.000,9999.000
202608040936,   0.667,   1.049,9999.000,9999.000,9999.000,9999.000,9999.000,9999.000,9999.000
202608040942,   0.623,   1.000,9999.000,9999.000,9999.000,9999.000,9999.000,9999.000,9999.000
202608040948,   0.581,   0.970,9999.000,9999.000,9999.000,9999.000,9999.000,9999.000,9999.000
202608040954,   0.540,   0.928,9999.000,9999.000,9999.000,9999.000,9999.000,9999.000,9999.000
202608041000,   0.500,   0.888,   0.200,   0.188,   0.888,   0.200,   0.888,   0.300,   0.988
202608041006,   0.462,   0.849,9999.000,9999.000,9999.000,9999.000,9999.000,9999.000,9999.000
202608041012,   0.427,   0.810,9999.000,9999.000,9999.000,9999.000,9999.000,9999.000,9999.000
202608041018,   0.393,   0.780,9999.000,9999.000,9999.000,9999.000,9999.000,9999.000,9999.000
202608041024,   0.361,   0.760,9999.000,9999.000,9999.000,9999.000,9999.000,9999.000,9999.000
202608041030,   0.331,   0.731,9999.000,9999.000,9999.000,9999.000,9999.000,9999.000,9999.000
202608041036,   0.303,   0.698,9999.000,9999.000,9999.000,9999.000,9999.000,9999.000,9999.000
202608041042,   0.278,   0.678,9999.000,9999.000,9999.000,9999.000,9999.000,9999.000,9999.000
202608041048,   0.255,   0.669,9999.000,9999.000,9999.000,9999.000,9999.000,9999.000,9999.000
202608041054,   0.234,   0.659,9999.000,9999.000,9999.000,9999.000,9999.000,9999.000,9999.000
202608041100,   0.215,   0.639,   0.300,   0.124,   0.639,   0.200,   0.539,   0.400,   0.739
202608041106,   0.200,   0.629,9999.000,9999.000,9999.000,9999.000,9999.000,9999.000,9999.000
202608041112,   0.186,   0.629,9999.000,9999.000,9999.000,9999.000,9999.000,9999.000,9999.000
202608041118,   0.176,   0.619,9999.000,9999.000,9999.000,9999.000,9999.000,9999.000,9999.000
202608041124,   0.167,   0.600,9999.000,9999.000,9999.000,9999.000,9999.000,9999.000,9999.000
202608041130,   0.162,   0.619,9999.000,9999.000,9999.000,9999.000,9999.000,9999.000,9999.000
202608041136,   0.159,   0.590,9999.000,9999.000,9999.000,9999.000,9999.000,9999.000,9999.000
202608041142,   0.159,   0.600,9999.000,9999.000,9999.000,9999.000,9999.000,9999.000,9999.000
202608041148,   0.162,   0.600,9999.000,9999.000,9999.000,9999.000,9999.000,9999.000,9999.000
202608041154,   0.167,   0.629,9999.000,9999.000,9999.000,9999.000,9999.000,9999.000,9999.000
202608041200,   0.175,   0.678,   0.300,   0.203,   0.678,   0.200,   0.578,   0.400,   0.778
202608041206,   0.186,   0.708,9999.000,9999.000,9999.000,9999.000,9999.000,9999.000,9999.000
202608041212,   0.199,   0.741,9999.000,9999.000,9999.000,9999.000,9999.000,9999.000,9999.000
202608041218,   0.215,   0.780,9999.000,9999.000,9999.000,9999.000,9999.000,9999.000,9999.000
202608041224,   0.234,   0.819,9999.000,9999.000,9999.000,9999.000,9999.000,9999.000,9999.000
202608041230,   0.255,   0.849,9999.000,9999.000,9999.000,9999.000,9999.000,9999.000,9999.000
202608041236,   0.279,   0.888,9999.000,9999.000,9999.000,9999.000,9999.000,9999.000,9999.000
202608041242,   0.305,   0.928,9999.000,9999.000,9999.000,9999.000,9999.000,9999.000,9999.000
202608041248,   0.334,   0.951,9999.000,9999.000,9999.000,9999.000,9999.000,9999.000,9999.000
202608041254,   0.365,   0.990,9999.000,9999.000,9999.000,9999.000,9999.000,9999.000,9999.000
202608041300,   0.398,   1.039,   0.300,   0.341,   1.039,   0.200,   0.939,   0.400,   1.139
202608041306,   0.434,   1.098,9999.000,9999.000,9999.000,9999.000,9999.000,9999.000,9999.000
202608041312,   0.471,   1.128,9999.000,9999.000,9999.000,9999.000,9999.000,9999.000,9999.000
202608041318,   0.511,   1.161,9999.000,9999.000,9999.000,9999.000,9999.000,9999.000,9999.000
202608041324,   0.553,   1.210,9999.000,9999.000,9999.000,9999.000,9999.000,9999.000,9999.000
202608041330,   0.597,   1.259,9999.000,9999.000,9999.000,9999.000,9999.000,9999.000,9999.000
202608041336,   0.642,   1.289,9999.000,9999.000,9999.000,9999.000,9999.000,9999.000,9999.000
202608041342,   0.690,   1.318,9999.000,9999.000,9999.000,9999.000,9999.000,9999.000,9999.000
202608041348,   0.739,   1.361,9999.000,9999.000,9999.000,9999.000,9999.000,9999.000,9999.000
202608041354,   0.789,   1.390,9999.000,9999.000,9999.000,9999.000,9999.000,9999.000,9999.000
202608041400,   0.841,   1.430,   0.300,   0.289,   1.430,   0.300,   1.430,   0.400,   1.530
202608041406,   0.895,   1.469,9999.000,9999.000,9999.000,9999.000,9999.000,9999.000,9999.000
202608041412,   0.949,   1.508,9999.000,9999.000,9999.000,9999.000,9999.000,9999.000,9999.000
202608041418,   1.005,   1.548,9999.000,9999.000,9999.000,9999.000,9999.000,9999.000,9999.000
202608041424,   1.062,   1.600,9999.000,9999.000,9999.000,9999.000,9999.000,9999.000,9999.000
202608041430,   1.119,   1.649,9999.000,9999.000,9999.000,9999.000,9999.000,9999.000,9999.000
202608041436,   1.178,   1.708,9999.000,9999.000,9999.000,9999.000,9999.000,9999.000,9999.000
202608041442,   1.237,   1.738,9999.000,9999.000,9999.000,9999.000,9999.000,9999.000,9999.000
202608041448,   1.296,   1.790,9999.000,9999.000,9999.000,9999.000,9999.000,9999.000,9999.000
202608041454,   1.356,   1.840,9999.000,9999.000,9999.000,9999.000,9999.000,9999.000,9999.000
202608041500,   1.416,   1.899,   0.300,   0.183,   1.899,   0.300,   1.899,   0.400,   1.999
202608041506,   1.477,   1.958,9999.000,9999.000,9999.000,9999.000,9999.000,9999.000,9999.000
202608041512,   1.537,   2.000,9999.000,9999.000,9999.000,9999.000,9999.000,9999.000,9999.000
202608041518,   1.597,   2.059,9999.000,9999.000,9999.000,9999.000,9999.000,9999.000,9999.000
202608041524,   1.657,   2.118,9999.000,9999.000,9999.000,9999.000,9999.000,9999.000,9999.000
202608041530,   1.716,   2.168,9999.000,9999.000,9999.000,9999.000,9999.000,9999.000,9999.000
202608041536,   1.775,   2.220,9999.000,9999.000,9999.000,9999.000,9999.000,9999.000,9999.000
202608041542,   1.833,   2.269,9999.000,9999.000,9999.000,9999.000,9999.000,9999.000,9999.000
202608041548,   1.890,   2.318,9999.000,9999.000,9999.000,9999.000,9999.000,9999.000,9999.000
202608041554,   1.945,   2.377,9999.000,9999.000,9999.000,9999.000,9999.000,9999.000,9999.000
202608041600,   2.000,   2.440,   0.400,   0.040,   2.440,   0.300,   2.340,   0.400,   2.440
202608041606,   2.053,   2.489,9999.000,9999.000,9999.000,9999.000,9999.000,9999.000,9999.000
202608041612,   2.105,   2.528,9999.000,9999.000,9999.000,9999.000,9999.000,9999.000,9999.000
202608041618,   2.155,   2.568,9999.000,9999.000,9999.000,9999.000,9999.000,9999.000,9999.000
202608041624,   2.203,   2.610,9999.000,9999.000,9999.000,9999.000,9999.000,9999.000,9999.000
202608041630,   2.248,   2.669,9999.000,9999.000,9999.000,9999.000,9999.000,9999.000,9999.000
202608041636,   2.292,   2.709,9999.000,9999.000,9999.000,9999.000,9999.000,9999.000,9999.000
202608041642,   2.334,   2.758,9999.000,9999.000,9999.000,9999.000,9999.000,9999.000,9999.000
202608041648,   2.372,   2.787,9999.000,9999.000,9999.000,9999.000,9999.000,9999.000,9999.000
202608041654,   2.409,   2.830,9999.000,9999.000,9999.000,9999.000,9999.000,9999.000,9999.000
202608041700,   2.442,   2.869,   0.400,   0.027,   2.869,   0.300,   2.769,   0.400,   2.869
202608041706,   2.473,   2.909,9999.000,9999.000,9999.000,9999.000,9999.000,9999.000,9999.000
202608041712,   2.501,   2.948,9999.000,9999.000,9999.000,9999.000,9999.000,9999.000,9999.000
202608041718,   2.526,   2.968,9999.000,9999.000,9999.000,9999.000,9999.000,9999.000,9999.000
202608041724,   2.547,   2.988,9999.000,9999.000,9999.000,9999.000,9999.000,9999.000,9999.000
202608041730,   2.566,   2.997,9999.000,9999.000,9999.000,9999.000,9999.000,9999.000,9999.000
202608041736,   2.581,   2.997,9999.000,9999.000,9999.000,9999.000,9999.000,9999.000,9999.000
202608041742,   2.593,   3.007,9999.000,9999.000,9999.000,9999.000,9999.000,9999.000,9999.000
202608041748,   2.602,   2.997,9999.000,9999.000,9999.000,9999.000,9999.000,9999.000,9999.000
202608041754,   2.607,   3.007,9999.000,9999.000,9999.000,9999.000,9999.000,9999.000,9999.000
202608041800,   2.609,   3.007,   0.400,  -0.002,   3.007,   0.300,   2.907,   0.400,   3.007
202608041806,   2.608,   3.007,9999.000,9999.000,9999.000,9999.000,9999.000,9999.000,9999.000
202608041812,   2.603,   2.997,9999.000,9999.000,9999.000,9999.000,9999.000,9999.000,9999.000
202608041818,   2.596,   2.968,9999.000,9999.000,9999.000,9999.000,9999.000,9999.000,9999.000
202608041824,   2.585,   2.978,9999.000,9999.000,9999.000,9999.000,9999.000,9999.000,9999.000
202608041830,   2.571,   2.948,9999.000,9999.000,9999.000,9999.000,9999.000,9999.000,9999.000
202608041836,   2.554,   2.948,9999.000,9999.000,9999.000,9999.000,9999.000,9999.000,9999.000
202608041842,   2.534,   2.929,9999.000,9999.000,9999.000,9999.000,9999.000,9999.000,9999.000
202608041848,   2.511,   2.899,9999.000,9999.000,9999.000,9999.000,9999.000,9999.000,9999.000
202608041854,   2.485,   2.869,9999.000,9999.000,9999.000,9999.000,9999.000,9999.000,9999.000
202608041900,   2.457,   2.840,   0.400,  -0.017,   2.840,   0.300,   2.740,   0.400,   2.840
202608041906,   2.427,   2.820,9999.000,9999.000,9999.000,9999.000,9999.000,9999.000,9999.000
202608041912,   2.394,   2.778,9999.000,9999.000,9999.000,9999.000,9999.000,9999.000,9999.000
202608041918,   2.359,   2.738,9999.000,9999.000,9999.000,9999.000,9999.000,9999.000,9999.000
202608041924,   2.321,   2.709,9999.000,9999.000,9999.000,9999.000,9999.000,9999.000,9999.000
202608041930,   2.282,   2.679,9999.000,9999.000,9999.000,9999.000,9999.000,9999.000,9999.000
202608041936,   2.241,   2.650,9999.000,9999.000,9999.000,9999.000,9999.000,9999.000,9999.000
202608041942,   2.199,   2.610,9999.000,9999.000,9999.000,9999.000,9999.000,9999.000,9999.000
202608041948,   2.155,   2.568,9999.000,9999.000,9999.000,9999.000,9999.000,9999.000,9999.000
202608041954,   2.110,   2.538,9999.000,9999.000,9999.000,9999.000,9999.000,9999.000,9999.000
202608042000,   2.064,   2.509,   0.400,   0.045,   2.509,   0.300,   2.409,   0.400,   2.509
202608042006,   2.016,   2.459,9999.000,9999.000,9999.000,9999.000,9999.000,9999.000,9999.000
202608042012,   1.968,   2.420,9999.000,9999.000,9999.000,9999.000,9999.000,9999.000,9999.000
202608042018,   1.920,   2.368,9999.000,9999.000,9999.000,9999.000,9999.000,9999.000,9999.000
202608042024,   1.870,   2.328,9999.000,9999.000,9999.000,9999.000,9999.000,9999.000,9999.000
202608042030,   1.820,   2.309,9999.000,9999.000,9999.000,9999.000,9999.000,9999.000,9999.000
202608042036,   1.770,   2.279,9999.000,9999.000,9999.000,9999.000,9999.000,9999.000,9999.000
202608042042,   1.720,   2.250,9999.000,9999.000,9999.000,9999.000,9999.000,9999.000,9999.000
202608042048,   1.670,   2.210,9999.000,9999.000,9999.000,9999.000,9999.000,9999.000,9999.000
202608042054,   1.619,   2.168,9999.000,9999.000,9999.000,9999.000,9999.000,9999.000,9999.000
202608042100,   1.569,   2.118,   0.400,   0.149,   2.118,   0.300,   2.018,   0.400,   2.118
202608042106,   1.519,   2.069,9999.000,9999.000,9999.000,9999.000,9999.000,9999.000,9999.000
202608042112,   1.470,   2.020,9999.000,9999.000,9999.000,9999.000,9999.000,9999.000,9999.000
202608042118,   1.421,   1.990,9999.000,9999.000,9999.000,9999.000,9999.000,9999.000,9999.000
202608042124,   1.372,   1.938,9999.000,9999.000,9999.000,9999.000,9999.000,9999.000,9999.000
202608042130,   1.324,   1.879,9999.000,9999.000,9999.000,9999.000,9999.000,9999.000,9999.000
202608042136,   1.277,   1.830,9999.000,9999.000,9999.000,9999.000,9999.000,9999.000,9999.000
202608042142,   1.231,   1.767,9999.000,9999.000,9999.000,9999.000,9999.000,9999.000,9999.000
202608042148,   1.185,   1.728,9999.000,9999.000,9999.000,9999.000,9999.000,9999.000,9999.000
202608042154,   1.140,   1.689,9999.000,9999.000,9999.000,9999.000,9999.000,9999.000,9999.000
202608042200,   1.096,   1.630,   0.400,   0.134,   1.630,   0.300,   1.530,   0.400,   1.630
202608042206,   1.053,   1.580,9999.000,9999.000,9999.000,9999.000,9999.000,9999.000,9999.000
202608042212,   1.012,   1.528,9999.000,9999.000,9999.000,9999.000,9999.000,9999.000,9999.000
202608042218,   0.971,   1.489,9999.000,9999.000,9999.000,9999.000,9999.000,9999.000,9999.000
202608042224,   0.931,   1.439,9999.000,9999.000,9999.000,9999.000,9999.000,9999.000,9999.000
202608042230,   0.893,   1.400,9999.000,9999.000,9999.000,9999.000,9999.000,9999.000,9999.000
202608042236,   0.856,   1.361,9999.000,9999.000,9999.000,9999.000,9999.000,9999.000,9999.000
202608042242,   0.821,   1.308,9999.000,9999.000,9999.000,9999.000,9999.000,9999.000,9999.000
202608042248,   0.787,   1.269,9999.000,9999.000,9999.000,9999.000,9999.000,9999.000,9999.000
202608042254,   0.754,   1.220,9999.000,9999.000,9999.000,9999.000,9999.000,9999.000,9999.000
202608042300,   0.723,   1.180,   0.400,   0.057,   1.180,   0.300,   1.080,   0.400,   1.180
202608042306,   0.694,   1.138,9999.000,9999.000,9999.000,9999.000,9999.000,9999.000,9999.000
202608042312,   0.666,   1.098,9999.000,9999.000,9999.000,9999.000,9999.000,9999.000,9999.000
202608042318,   0.640,   1.059,9999.000,9999.000,9999.000,9999.000,9999.000,9999.000,9999.000
202608042324,   0.615,   1.029,9999.000,9999.000,9999.000,9999.000,9999.000,9999.000,9999.000
202608042330,   0.593,   1.000,9999.000,9999.000,9999.000,9999.000,9999.000,9999.000,9999.000
202608042336,   0.572,   0.951,9999.000,9999.000,9999.000,9999.000,9999.000,9999.000,9999.000
202608042342,   0.553,   0.908,9999.000,9999.000,9999.000,9999.000,9999.000,9999.000,9999.000
202608042348,   0.536,   0.888,9999.000,9999.000,9999.000,9999.000,9999.000,9999.000,9999.000
202608042354,   0.521,   0.869,9999.000,9999.000,9999.000,9999.000,9999.000,9999.000,9999.000
202608050000,   0.509,   0.849,   0.400,  -0.060,   0.849,   0.300,   0.749,   0.400,   0.849
202608050006,   0.498,   0.829,9999.000,9999.000,9999.000,9999.000,9999.000,9999.000,9999.000
202608050012,   0.489,   0.829,9999.000,9999.000,9999.000,9999.000,9999.000,9999.000,9999.000
202608050018,   0.482,   0.829,9999.000,9999.000,9999.000,9999.000,9999.000,9999.000,9999.000
202608050024,   0.478,   0.839,9999.000,9999.000,9999.000,9999.000,9999.000,9999.000,9999.000
202608050030,   0.476,   0.839,9999.000,9999.000,9999.000,9999.000,9999.000,9999.000,9999.000
202608050036,   0.476,   0.829,9999.000,9999.000,9999.000,9999.000,9999.000,9999.000,9999.000
202608050042,   0.478,   0.829,9999.000,9999.000,9999.000,9999.000,9999.000,9999.000,9999.000
202608050048,   0.482,   0.839,9999.000,9999.000,9999.000,9999.000,9999.000,9999.000,9999.000
202608050054,   0.488,   0.849,9999.000,9999.000,9999.000,9999.000,9999.000,9999.000,9999.000
202608050100,   0.497,   0.869,   0.400,  -0.028,   0.869,   0.300,   0.769,   0.400,   0.869
202608050106,   0.508,   0.879,9999.000,9999.000,9999.000,9999.000,9999.000,9999.000,9999.000
202608050112,   0.521,   0.898,9999.000,9999.000,9999.000,9999.000,9999.000,9999.000,9999.000
202608050118,   0.536,   0.908,9999.000,9999.000,9999.000,9999.000,9999.000,9999.000,9999.000
202608050124,   0.553,   0.928,9999.000,9999.000,9999.000,9999.000,9999.000,9999.000,9999.000
202608050130,   0.572,   0.951,9999.000,9999.000,9999.000,9999.000,9999.000,9999.000,9999.000
202608050136,   0.593,   0.970,9999.000,9999.000,9999.000,9999.000,9999.000,9999.000,9999.000
202608050142,   0.616,   0.980,9999.000,9999.000,9999.000,9999.000,9999.000,9999.000,9999.000
202608050148,   0.641,   1.010,9999.000,9999.000,9999.000,9999.000,9999.000,9999.000,9999.000
202608050154,   0.667,   1.029,9999.000,9999.000,9999.000,9999.000,9999.000,9999.000,9999.000
202608050200,   0.696,   1.069,   0.400,  -0.027,   1.069,   0.300,   0.969,   0.400,   1.069
202608050206,   0.726,   1.108,9999.000,9999.000,9999.000,9999.000,9999.000,9999.000,9999.000
202608050212,   0.758,   1.161,9999.000,9999.000,9999.000,9999.000,9999.000,9999.000,9999.000
202608050218,   0.792,   1.220,9999.000,9999.000,9999.000,9999.000,9999.000,9999.000,9999.000
202608050224,   0.827,   1.259,9999.000,9999.000,9999.000,9999.000,9999.000,9999.000,9999.000
202608050230,   0.863,   1.308,9999.000,9999.000,9999.000,9999.000,9999.000,9999.000,9999.000
202608050236,   0.901,   1.338,9999.000,9999.000,9999.000,9999.000,9999.000,9999.000,9999.000
202608050242,   0.940,   1.380,9999.000,9999.000,9999.000,9999.000,9999.000,9999.000,9999.000
202608050248,   0.980,   1.420,9999.000,9999.000,9999.000,9999.000,9999.000,9999.000,9999.000
202608050254,   1.022,   1.469,9999.000,9999.000,9999.000,9999.000,9999.000,9999.000,9999.000
202608050300,   1.064,   1.508,   0.400,   0.044,   1.508,   0.300,   1.408,   0.400,   1.508
202608050306,   1.107,   1.548,9999.000,9999.000,9999.000,9999.000,9999.000,9999.000,9999.000
202608050312,   1.151,   1.600,9999.000,9999.000,9999.000,9999.000,9999.000,9999.000,9999.000
202608050318,   1.196,   1.659,9999.000,9999.000,9999.000,9999.000,9999.000,9999.000,9999.000
202608050324,   1.241,   1.699,9999.000,9999.000,9999.000,9999.000,9999.000,9999.000,9999.000
202608050330,   1.287,   1.738,9999.000,9999.000,9999.000,9999.000,9999.000,9999.000,9999.000
202608050336,   1.333,   1.790,9999.000,9999.000,9999.000,9999.000,9999.000,9999.000,9999.000
202608050342,   1.379,   1.840,9999.000,9999.000,9999.000,9999.000,9999.000,9999.000,9999.000
202608050348,   1.425,   1.879,9999.000,9999.000,9999.000,9999.000,9999.000,9999.000,9999.000
202608050354,   1.472,   1.928,9999.000,9999.000,9999.000,9999.000,9999.000,9999.000,9999.000
202608050400,   1.518,   1.967,   0.400,   0.049,   1.967,   0.300,   1.867,   0.400,   1.967
202608050406,   1.563,   2.010,9999.000,9999.000,9999.000,9999.000,9999.000,9999.000,9999.000
202608050412,   1.609,   2.040,9999.000,9999.000,9999.000,9999.000,9999.000,9999.000,9999.000
202608050418,   1.653,   2.089,9999.000,9999.000,9999.000,9999.000,9999.000,9999.000,9999.000
202608050424,   1.697,   2.430,9999.000,9999.000,9999.000,9999.000,9999.000,9999.000,9999.000
202608050430,   1.740,9999.000,9999.000,9999.000,9999.000,9999.000,9999.000,9999.000,9999.000
202608050436,   1.782,9999.000,9999.000,9999.000,9999.000,9999.000,9999.000,9999.000,9999.000
202608050442,   1.823,9999.000,9999.000,9999.000,9999.000,9999.000,9999.000,9999.000,9999.000
202608050448,   1.862,9999.000,9999.000,9999.000,9999.000,9999.000,9999.000,9999.000,9999.000
202608050454,   1.900,   2.377,9999.000,9999.000,9999.000,9999.000,9999.000,9999.000,9999.000
202608050500,   1.936,   2.430,   0.400,   0.094,   2.430,   0.300,   2.330,   0.400,   2.430
202608050506,   1.970,   2.479,9999.000,9999.000,9999.000,9999.000,9999.000,9999.000,9999.000
202608050512,   2.002,   2.509,9999.000,9999.000,9999.000,9999.000,9999.000,9999.000,9999.000
202608050518,   2.032,   2.538,9999.000,9999.000,9999.000,9999.000,9999.000,9999.000,9999.000
202608050524,   2.060,   2.558,9999.000,9999.000,9999.000,9999.000,9999.000,9999.000,9999.000
202608050530,   2.085,   2.587,9999.000,9999.000,9999.000,9999.000,9999.000,9999.000,9999.000
202608050536,   2.108,   2.620,9999.000,9999.000,9999.000,9999.000,9999.000,9999.000,9999.000
202608050542,   2.129,   2.640,9999.000,9999.000,9999.000,9999.000,9999.000,9999.000,9999.000
202608050548,   2.146,   2.660,9999.000,9999.000,9999.000,9999.000,9999.000,9999.000,9999.000
202608050554,   2.161,   2.679,9999.000,9999.000,9999.000,9999.000,9999.000,9999.000,9999.000
202608050600,   2.173,   2.689,   0.400,   0.116,   2.689,   0.300,   2.589,   0.400,   2.689
202608050606,   2.182,   2.699,9999.000,9999.000,9999.000,9999.000,9999.000,9999.000,9999.000
202608050612,   2.189,9999.000,9999.000,9999.000,9999.000,9999.000,9999.000,9999.000,9999.000
202608050618,   2.192,9999.000,9999.000,9999.000,9999.000,9999.000,9999.000,9999.000,9999.000
202608050624,   2.192,   2.617,9999.000,9999.000,9999.000,9999.000,9999.000,9999.000,9999.000
202608050630,   2.189,9999.000,9999.000,9999.000,9999.000,9999.000,9999.000,9999.000,9999.000
202608050636,   2.183,9999.000,9999.000,9999.000,9999.000,9999.000,9999.000,9999.000,9999.000
202608050642,   2.174,9999.000,9999.000,9999.000,9999.000,9999.000,9999.000,9999.000,9999.000
202608050648,   2.162,9999.000,9999.000,9999.000,9999.000,9999.000,9999.000,9999.000,9999.000
202608050654,   2.147,   2.630,9999.000,9999.000,9999.000,9999.000,9999.000,9999.000,9999.000
202608050700,   2.129,   2.620,   0.400,   0.091,   2.620,   0.300,   2.520,   0.400,   2.620
202608050706,   2.108,   2.587,9999.000,9999.000,9999.000,9999.000,9999.000,9999.000,9999.000
202608050712,   2.085,   2.568,9999.000,9999.000,9999.000,9999.000,9999.000,9999.000,9999.000
202608050718,   2.059,   2.538,9999.000,9999.000,9999.000,9999.000,9999.000,9999.000,9999.000
202608050724,   2.031,   2.509,9999.000,9999.000,9999.000,9999.000,9999.000,9999.000,9999.000
202608050730,   2.000,   2.479,9999.000,9999.000,9999.000,9999.000,9999.000,9999.000,9999.000
202608050736,   1.967,   2.450,9999.000,9999.000,9999.000,9999.000,9999.000,9999.000,9999.000
202608050742,   1.931,   2.420,9999.000,9999.000,9999.000,9999.000,9999.000,9999.000,9999.000
202608050748,   1.894,   2.377,9999.000,9999.000,9999.000,9999.000,9999.000,9999.000,9999.000
202608050754,   1.855,   2.338,9999.000,9999.000,9999.000,9999.000,9999.000,9999.000,9999.000
202608050800,   1.815,   2.299,   0.400,   0.084,   2.299,   0.300,   2.199,   0.400,   2.299
202608050806,   1.772,   2.259,9999.000,9999.000,9999.000,9999.000,9999.000,9999.000,9999.000
202608050812,   1.729,   2.191,9999.000,9999.000,9999.000,9999.000,9999.000,9999.000,9999.000
202608050818,   1.684,   2.138,9999.000,9999.000,9999.000,9999.000,9999.000,9999.000,9999.000
202608050824,   1.638,   2.099,9999.000,9999.000,9999.000,9999.000,9999.000,9999.000,9999.000
202608050830,   1.591,   2.040,9999.000,9999.000,9999.000,9999.000,9999.000,9999.000,9999.000
202608050836,   1.544,   1.990,9999.000,9999.000,9999.000,9999.000,9999.000,9999.000,9999.000
202608050842,   1.496,   1.938,9999.000,9999.000,9999.000,9999.000,9999.000,9999.000,9999.000
202608050848,   1.447,   1.889,9999.000,9999.000,9999.000,9999.000,9999.000,9999.000,9999.000
202608050854,   1.398,   1.849,9999.000,9999.000,9999.000,9999.000,9999.000,9999.000,9999.000
202608050900,   1.349,   1.790,   0.400,   0.041,   1.790,   0.300,   1.690,   0.400,   1.790
202608050906,   1.300,   1.738,9999.000,9999.000,9999.000,9999.000,9999.000,9999.000,9999.000
202608050912,   1.250,   1.689,9999.000,9999.000,9999.000,9999.000,9999.000,9999.000,9999.000
202608050918,   1.201,   1.630,9999.000,9999.000,9999.000,9999.000,9999.000,9999.000,9999.000
202608050924,   1.153,   1.571,9999.000,9999.000,9999.000,9999.000,9999.000,9999.000,9999.000
202608050930,   1.104,   1.528,9999.000,9999.000,9999.000,9999.000,9999.000,9999.000,9999.000
202608050936,   1.056,   1.469,9999.000,9999.000,9999.000,9999.000,9999.000,9999.000,9999.000
202608050942,   1.009,   1.420,9999.000,9999.000,9999.000,9999.000,9999.000,9999.000,9999.000
202608050948,   0.962,   1.361,9999.000,9999.000,9999.000,9999.000,9999.000,9999.000,9999.000
202608050954,   0.916,   1.298,9999.000,9999.000,9999.000,9999.000,9999.000,9999.000,9999.000
202608051000,   0.871,   1.249,   0.400,  -0.022,   1.249,   0.300,   1.149,   0.400,   1.249
202608051006,   0.826,   1.200,9999.000,9999.000,9999.000,9999.000,9999.000,9999.000,9999.000
202608051012,   0.783,   1.161,9999.000,9999.000,9999.000,9999.000,9999.000,9999.000,9999.000
202608051018,   0.741,   1.118,9999.000,9999.000,9999.000,9999.000,9999.000,9999.000,9999.000
202608051024,   0.699,   1.079,9999.000,9999.000,9999.000,9999.000,9999.000,9999.000,9999.000
202608051030,   0.659,   1.039,9999.000,9999.000,9999.000,9999.000,9999.000,9999.000,9999.000
202608051036,   0.621,   0.990,9999.000,9999.000,9999.000,9999.000,9999.000,9999.000,9999.000
202608051042,   0.583,   0.951,9999.000,9999.000,9999.000,9999.000,9999.000,9999.000,9999.000
202608051048,   0.547,   0.918,9999.000,9999.000,9999.000,9999.000,9999.000,9999.000,9999.000
202608051054,   0.512,   0.879,9999.000,9999.000,9999.000,9999.000,9999.000,9999.000,9999.000
202608051100,   0.479,   0.829,   0.400,  -0.050,   0.829,   0.300,   0.729,   0.400,   0.829
202608051106,   0.447,   0.790,9999.000,9999.000,9999.000,9999.000,9999.000,9999.000,9999.000
202608051112,   0.417,   0.780,9999.000,9999.000,9999.000,9999.000,9999.000,9999.000,9999.000
202608051118,   0.389,   0.760,9999.000,9999.000,9999.000,9999.000,9999.000,9999.000,9999.000
202608051124,   0.363,   0.741,9999.000,9999.000,9999.000,9999.000,9999.000,9999.000,9999.000
202608051130,   0.338,   0.718,9999.000,9999.000,9999.000,9999.000,9999.000,9999.000,9999.000
202608051136,   0.316,   0.698,9999.000,9999.000,9999.000,9999.000,9999.000,9999.000,9999.000
202608051142,   0.295,   0.678,9999.000,9999.000,9999.000,9999.000,9999.000,9999.000,9999.000
202608051148,   0.277,   0.669,9999.000,9999.000,9999.000,9999.000,9999.000,9999.000,9999.000
202608051154,   0.261,   0.659,9999.000,9999.000,9999.000,9999.000,9999.000,9999.000,9999.000
202608051200,   0.247,   0.619,   0.400,  -0.028,   0.619,   0.300,   0.519,   0.400,   0.619
202608051206,   0.235,   0.629,9999.000,9999.000,9999.000,9999.000,9999.000,9999.000,9999.000
202608051212,   0.226,   0.619,9999.000,9999.000,9999.000,9999.000,9999.000,9999.000,9999.000
202608051218,   0.219,   0.610,9999.000,9999.000,9999.000,9999.000,9999.000,9999.000,9999.000
202608051224,   0.215,   0.600,9999.000,9999.000,9999.000,9999.000,9999.000,9999.000,9999.000
202608051230,   0.213,   0.600,9999.000,9999.000,9999.000,9999.000,9999.000,9999.000,9999.000
202608051236,   0.214,   0.619,9999.000,9999.000,9999.000,9999.000,9999.000,9999.000,9999.000
202608051242,   0.217,   0.639,9999.000,9999.000,9999.000,9999.000,9999.000,9999.000,9999.000
202608051248,   0.223,   0.629,9999.000,9999.000,9999.000,9999.000,9999.000,9999.000,9999.000
202608051254,   0.232,   0.659,9999.000,9999.000,9999.000,9999.000,9999.000,9999.000,9999.000
202608051300,   0.243,   0.678,   0.400,   0.035,   0.678,   0.300,   0.578,   0.400,   0.678
202608051306,   0.257,   0.698,9999.000,9999.000,9999.000,9999.000,9999.000,9999.000,9999.000
202608051312,   0.274,   0.731,9999.000,9999.000,9999.000,9999.000,9999.000,9999.000,9999.000
202608051318,   0.293,   0.741,9999.000,9999.000,9999.000,9999.000,9999.000,9999.000,9999.000
202608051324,   0.315,   0.770,9999.000,9999.000,9999.000,9999.000,9999.000,9999.000,9999.000
202608051330,   0.340,   0.770,9999.000,9999.000,9999.000,9999.000,9999.000,9999.000,9999.000
202608051336,   0.367,   0.800,9999.000,9999.000,9999.000,9999.000,9999.000,9999.000,9999.000
202608051342,   0.397,   0.819,9999.000,9999.000,9999.000,9999.000,9999.000,9999.000,9999.000
202608051348,   0.429,   0.859,9999.000,9999.000,9999.000,9999.000,9999.000,9999.000,9999.000
202608051354,   0.463,   0.888,9999.000,9999.000,9999.000,9999.000,9999.000,9999.000,9999.000
202608051400,   0.500,   0.928,   0.300,   0.128,   0.928,   0.300,   0.928,   0.400,   1.028
202608051406,   0.539,   0.970,9999.000,9999.000,9999.000,9999.000,9999.000,9999.000,9999.000
202608051412,   0.580,   1.000,9999.000,9999.000,9999.000,9999.000,9999.000,9999.000,9999.000
202608051418,   0.624,   1.039,9999.000,9999.000,9999.000,9999.000,9999.000,9999.000,9999.000
202608051424,   0.669,   1.088,9999.000,9999.000,9999.000,9999.000,9999.000,9999.000,9999.000
202608051430,   0.716,   1.118,9999.000,9999.000,9999.000,9999.000,9999.000,9999.000,9999.000
202608051436,   0.765,   1.170,9999.000,9999.000,9999.000,9999.000,9999.000,9999.000,9999.000
202608051442,   0.815,   1.210,9999.000,9999.000,9999.000,9999.000,9999.000,9999.000,9999.000
202608051448,   0.867,   1.259,9999.000,9999.000,9999.000,9999.000,9999.000,9999.000,9999.000
202608051454,   0.921,   1.298,9999.000,9999.000,9999.000,9999.000,9999.000,9999.000,9999.000
202608051500,   0.975,   1.338,   0.300,   0.063,   1.338,   0.300,   1.338,   0.400,   1.438
202608051506,   1.031,   1.390,9999.000,9999.000,9999.000,9999.000,9999.000,9999.000,9999.000
202608051512,   1.088,   1.449,9999.000,9999.000,9999.000,9999.000,9999.000,9999.000,9999.000
202608051518,   1.146,   1.498,9999.000,9999.000,9999.000,9999.000,9999.000,9999.000,9999.000
202608051524,   1.205,   1.548,9999.000,9999.000,9999.000,9999.000,9999.000,9999.000,9999.000
202608051530,   1.264,   1.620,9999.000,9999.000,9999.000,9999.000,9999.000,9999.000,9999.000
202608051536,   1.324,   1.679,9999.000,9999.000,9999.000,9999.000,9999.000,9999.000,9999.000
202608051542,   1.384,   1.738,9999.000,9999.000,9999.000,9999.000,9999.000,9999.000,9999.000
202608051548,   1.445,   1.800,9999.000,9999.000,9999.000,9999.000,9999.000,9999.000,9999.000
202608051554,   1.505,   1.859,9999.000,9999.000,9999.000,9999.000,9999.000,9999.000,9999.000
202608051600,   1.566,   1.908,   0.300,   0.042,   1.908,   0.300,   1.908,   0.300,   1.908
202608051606,   1.626,   1.967,9999.000,9999.000,9999.000,9999.000,9999.000,9999.000,9999.000
202608051612,   1.686,   2.030,9999.000,9999.000,9999.000,9999.000,9999.000,9999.000,9999.000
202608051618,   1.746,   2.109,9999.000,9999.000,9999.000,9999.000,9999.000,9999.000,9999.000
202608051624,   1.805,   2.168,9999.000,9999.000,9999.000,9999.000,9999.000,9999.000,9999.000
202608051630,   1.863,   2.230,9999.000,9999.000,9999.000,9999.000,9999.000,9999.000,9999.000
202608051636,   1.921,   2.299,9999.000,9999.000,9999.000,9999.000,9999.000,9999.000,9999.000
202608051642,   1.977,   2.348,9999.000,9999.000,9999.000,9999.000,9999.000,9999.000,9999.000
202608051648,   2.032,   2.410,9999.000,9999.000,9999.000,9999.000,9999.000,9999.000,9999.000
202608051654,   2.086,   2.469,9999.000,9999.000,9999.000,9999.000,9999.000,9999.000,9999.000
202608051700,   2.138,   2.519,   0.300,   0.081,   2.519,   0.300,   2.519,   0.300,   2.519
202608051706,   2.188,   2.568,9999.000,9999.000,9999.000,9999.000,9999.000,9999.000,9999.000
202608051712,   2.237,   2.620,9999.000,9999.000,9999.000,9999.000,9999.000,9999.000,9999.000
202608051718,   2.284,   2.660,9999.000,9999.000,9999.000,9999.000,9999.000,9999.000,9999.000
202608051724,   2.328,   2.709,9999.000,9999.000,9999.000,9999.000,9999.000,9999.000,9999.000
202608051730,   2.370,   2.758,9999.000,9999.000,9999.000,9999.000,9999.000,9999.000,9999.000
202608051736,   2.410,   2.787,9999.000,9999.000,9999.000,9999.000,9999.000,9999.000,9999.000
202608051742,   2.448,   2.840,9999.000,9999.000,9999.000,9999.000,9999.000,9999.000,9999.000
202608051748,   2.482,   2.860,9999.000,9999.000,9999.000,9999.000,9999.000,9999.000,9999.000
202608051754,   2.514,   2.909,9999.000,9999.000,9999.000,9999.000,9999.000,9999.000,9999.000
202608051800,   2.543,   2.948,   0.300,   0.105,   2.948,   0.300,   2.948,   0.400,   3.048
202608051806,   2.569,   2.978,9999.000,9999.000,9999.000,9999.000,9999.000,9999.000,9999.000
202608051812,   2.592,   3.007,9999.000,9999.000,9999.000,9999.000,9999.000,9999.000,9999.000
202608051818,   2.612,   3.030,9999.000,9999.000,9999.000,9999.000,9999.000,9999.000,9999.000
202608051824,   2.628,   3.040,9999.000,9999.000,9999.000,9999.000,9999.000,9999.000,9999.000
202608051830,   2.641,   3.050,9999.000,9999.000,9999.000,9999.000,9999.000,9999.000,9999.000
202608051836,   2.651,   3.060,9999.000,9999.000,9999.000,9999.000,9999.000,9999.000,9999.000
202608051842,   2.658,   3.070,9999.000,9999.000,9999.000,9999.000,9999.000,9999.000,9999.000
202608051848,   2.661,   3.050,9999.000,9999.000,9999.000,9999.000,9999.000,9999.000,9999.000
202608051854,   2.661,   3.060,9999.000,9999.000,9999.000,9999.000,9999.000,9999.000,9999.000
202608051900,   2.658,   3.050,   0.300,   0.092,   3.050,   0.300,   3.050,   0.300,   3.050
202608051906,   2.652,   3.050,9999.000,9999.000,9999.000,9999.000,9999.000,9999.000,9999.000
202608051912,   2.642,   3.030,9999.000,9999.000,9999.000,9999.000,9999.000,9999.000,9999.000
202608051918,   2.629,   3.030,9999.000,9999.000,9999.000,9999.000,9999.000,9999.000,9999.000
202608051924,   2.613,   2.997,9999.000,9999.000,9999.000,9999.000,9999.000,9999.000,9999.000
202608051930,   2.595,   2.978,9999.000,9999.000,9999.000,9999.000,9999.000,9999.000,9999.000
202608051936,   2.573,   2.968,9999.000,9999.000,9999.000,9999.000,9999.000,9999.000,9999.000
202608051942,   2.549,   2.938,9999.000,9999.000,9999.000,9999.000,9999.000,9999.000,9999.000
202608051948,   2.522,   2.899,9999.000,9999.000,9999.000,9999.000,9999.000,9999.000,9999.000
202608051954,   2.493,   2.869,9999.000,9999.000,9999.000,9999.000,9999.000,9999.000,9999.000
202608052000,   2.462,   2.840,   0.300,   0.078,   2.840,   0.300,   2.840,   0.300,   2.840
202608052006,   2.428,   2.807,9999.000,9999.000,9999.000,9999.000,9999.000,9999.000,9999.000
202608052012,   2.392,   2.758,9999.000,9999.000,9999.000,9999.000,9999.000,9999.000,9999.000
202608052018,   2.355,   2.748,9999.000,9999.000,9999.000,9999.000,9999.000,9999.000,9999.000
202608052024,   2.316,   2.719,9999.000,9999.000,9999.000,9999.000,9999.000,9999.000,9999.000
202608052030,   2.276,   2.669,9999.000,9999.000,9999.000,9999.000,9999.000,9999.000,9999.000
202608052036,   2.234,   2.610,9999.000,9999.000,9999.000,9999.000,9999.000,9999.000,9999.000
202608052042,   2.191,   2.568,9999.000,9999.000,9999.000,9999.000,9999.000,9999.000,9999.000
202608052048,   2.147,   2.519,9999.000,9999.000,9999.000,9999.000,9999.000,9999.000,9999.000
202608052054,   2.102,   2.459,9999.000,9999.000,9999.000,9999.000,9999.000,9999.000,9999.000
202608052100,   2.056,   2.420,   0.300,   0.064,   2.420,   0.300,   2.420,   0.300,   2.420
202608052106,   2.010,   2.368,9999.000,9999.000,9999.000,9999.000,9999.000,9999.000,9999.000
202608052112,   1.964,   2.338,9999.000,9999.000,9999.000,9999.000,9999.000,9999.000,9999.000
202608052118,   1.917,   2.289,9999.000,9999.000,9999.000,9999.000,9999.000,9999.000,9999.000
202608052124,   1.870,   2.250,9999.000,9999.000,9999.000,9999.000,9999.000,9999.000,9999.000
202608052130,   1.822,   2.210,9999.000,9999.000,9999.000,9999.000,9999.000,9999.000,9999.000
202608052136,   1.775,   2.168,9999.000,9999.000,9999.000,9999.000,9999.000,9999.000,9999.000
202608052142,   1.728,   2.128,9999.000,9999.000,9999.000,9999.000,9999.000,9999.000,9999.000
202608052148,   1.681,   2.079,9999.000,9999.000,9999.000,9999.000,9999.000,9999.000,9999.000
202608052154,   1.634,   2.040,9999.000,9999.000,9999.000,9999.000,9999.000,9999.000,9999.000
202608052200,   1.587,   2.000,   0.300,   0.113,   2.000,   0.300,   2.000,   0.300,   2.000
202608052206,   1.541,   1.958,9999.000,9999.000,9999.000,9999.000,9999.000,9999.000,9999.000
202608052212,   1.495,   1.889,9999.000,9999.000,9999.000,9999.000,9999.000,9999.000,9999.000
202608052218,   1.449,   1.840,9999.000,9999.000,9999.000,9999.000,9999.000,9999.000,9999.000
202608052224,   1.404,   1.790,9999.000,9999.000,9999.000,9999.000,9999.000,9999.000,9999.000
202608052230,   1.359,   1.728,9999.000,9999.000,9999.000,9999.000,9999.000,9999.000,9999.000
202608052236,   1.315,   1.669,9999.000,9999.000,9999.000,9999.000,9999.000,9999.000,9999.000
202608052242,   1.272,   1.620,9999.000,9999.000,9999.000,9999.000,9999.000,9999.000,9999.000
202608052248,   1.229,   1.557,9999.000,9999.000,9999.000,9999.000,9999.000,9999.000,9999.000
202608052254,   1.187,   1.518,9999.000,9999.000,9999.000,9999.000,9999.000,9999.000,9999.000
202608052300,   1.145,   1.479,   0.300,   0.034,   1.479,   0.300,   1.479,   0.300,   1.479
202608052306,   1.104,   1.430,9999.000,9999.000,9999.000,9999.000,9999.000,9999.000,9999.000
202608052312,   1.064,   1.380,9999.000,9999.000,9999.000,9999.000,9999.000,9999.000,9999.000
202608052318,   1.025,   1.318,9999.000,9999.000,9999.000,9999.000,9999.000,9999.000,9999.000
202608052324,   0.987,   1.279,9999.000,9999.000,9999.000,9999.000,9999.000,9999.000,9999.000
202608052330,   0.950,   1.239,9999.000,9999.000,9999.000,9999.000,9999.000,9999.000,9999.000
202608052336,   0.913,   1.200,9999.000,9999.000,9999.000,9999.000,9999.000,9999.000,9999.000
202608052342,   0.878,   1.161,9999.000,9999.000,9999.000,9999.000,9999.000,9999.000,9999.000
202608052348,   0.844,   1.118,9999.000,9999.000,9999.000,9999.000,9999.000,9999.000,9999.000
202608052354,   0.811,   1.079,9999.000,9999.000,9999.000,9999.000,9999.000,9999.000,9999.000
202608060000,   0.779,   1.049,   0.300,  -0.030,   1.049,   0.300,   1.049,   0.400,   1.149
202608060006,   0.749,   1.020,9999.000,9999.000,9999.000,9999.000,9999.000,9999.000,9999.000
202608060012,   0.720,   1.000,9999.000,9999.000,9999.000,9999.000,9999.000,9999.000,9999.000
202608060018,   0.692,   1.000,9999.000,9999.000,9999.000,9999.000,9999.000,9999.000,9999.000
202608060024,   0.666,   0.970,9999.000,9999.000,9999.000,9999.000,9999.000,9999.000,9999.000
202608060030,   0.642,   0.941,9999.000,9999.000,9999.000,9999.000,9999.000,9999.000,9999.000
202608060036,   0.620,   0.928,9999.000,9999.000,9999.000,9999.000,9999.000,9999.000,9999.000
202608060042,   0.599,   0.898,9999.000,9999.000,9999.000,9999.000,9999.000,9999.000,9999.000
202608060048,   0.580,   0.879,9999.000,9999.000,9999.000,9999.000,9999.000,9999.000,9999.000
202608060054,   0.564,   0.849,9999.000,9999.000,9999.000,9999.000,9999.000,9999.000,9999.000
202608060100,   0.549,   0.839,   0.300,  -0.010,   0.839,   0.300,   0.839,   0.400,   0.939
202608060106,   0.536,   0.819,9999.000,9999.000,9999.000,9999.000,9999.000,9999.000,9999.000
202608060112,   0.525,   0.819,9999.000,9999.000,9999.000,9999.000,9999.000,9999.000,9999.000
202608060118,   0.517,   0.810,9999.000,9999.000,9999.000,9999.000,9999.000,9999.000,9999.000
202608060124,   0.511,   0.800,9999.000,9999.000,9999.000,9999.000,9999.000,9999.000,9999.000
202608060130,   0.507,   0.790,9999.000,9999.000,9999.000,9999.000,9999.000,9999.000,9999.000
202608060136,   0.505,   0.790,9999.000,9999.000,9999.000,9999.000,9999.000,9999.000,9999.000
202608060142,   0.505,   0.780,9999.000,9999.000,9999.000,9999.000,9999.000,9999.000,9999.000
202608060148,   0.508,   0.770,9999.000,9999.000,9999.000,9999.000,9999.000,9999.000,9999.000
202608060154,   0.513,   0.770,9999.000,9999.000,9999.000,9999.000,9999.000,9999.000,9999.000
202608060200,   0.520,   0.770,   0.300,  -0.050,   0.770,   0.300,   0.770,   0.400,   0.870
202608060206,   0.530,   0.770,9999.000,9999.000,9999.000,9999.000,9999.000,9999.000,9999.000
202608060212,   0.542,   0.790,9999.000,9999.000,9999.000,9999.000,9999.000,9999.000,9999.000
202608060218,   0.556,   0.800,9999.000,9999.000,9999.000,9999.000,9999.000,9999.000,9999.000
202608060224,   0.572,   0.810,9999.000,9999.000,9999.000,9999.000,9999.000,9999.000,9999.000
202608060230,   0.590,   0.819,9999.000,9999.000,9999.000,9999.000,9999.000,9999.000,9999.000
202608060236,   0.610,   0.829,9999.000,9999.000,9999.000,9999.000,9999.000,9999.000,9999.000
202608060242,   0.632,   0.839,9999.000,9999.000,9999.000,9999.000,9999.000,9999.000,9999.000
202608060248,   0.656,   0.859,9999.000,9999.000,9999.000,9999.000,9999.000,9999.000,9999.000
202608060254,   0.682,   0.869,9999.000,9999.000,9999.000,9999.000,9999.000,9999.000,9999.000
202608060300,   0.709,   0.898,   0.300,  -0.111,   0.898,   0.200,   0.798,   0.300,   0.898
202608060306,   0.739,   0.928,9999.000,9999.000,9999.000,9999.000,9999.000,9999.000,9999.000
202608060312,   0.770,   0.961,9999.000,9999.000,9999.000,9999.000,9999.000,9999.000,9999.000
202608060318,   0.802,   1.000,9999.000,9999.000,9999.000,9999.000,9999.000,9999.000,9999.000
202608060324,   0.836,   1.029,9999.000,9999.000,9999.000,9999.000,9999.000,9999.000,9999.000
202608060330,   0.872,   1.059,9999.000,9999.000,9999.000,9999.000,9999.000,9999.000,9999.000
202608060336,   0.909,   1.088,9999.000,9999.000,9999.000,9999.000,9999.000,9999.000,9999.000
202608060342,   0.946,   1.118,9999.000,9999.000,9999.000,9999.000,9999.000,9999.000,9999.000
202608060348,   0.985,   1.151,9999.000,9999.000,9999.000,9999.000,9999.000,9999.000,9999.000
202608060354,   1.026,   1.180,9999.000,9999.000,9999.000,9999.000,9999.000,9999.000,9999.000
202608060400,   1.066,   1.210,   0.300,  -0.156,   1.210,   0.200,   1.110,   0.300,   1.210
202608060406,   1.108,   1.239,9999.000,9999.000,9999.000,9999.000,9999.000,9999.000,9999.000
202608060412,   1.151,   1.259,9999.000,9999.000,9999.000,9999.000,9999.000,9999.000,9999.000
202608060418,   1.194,   1.289,9999.000,9999.000,9999.000,9999.000,9999.000,9999.000,9999.000
202608060424,   1.238,   1.328,9999.000,9999.000,9999.000,9999.000,9999.000,9999.000,9999.000
202608060430,   1.282,   1.390,9999.000,9999.000,9999.000,9999.000,9999.000,9999.000,9999.000
202608060436,   1.326,   1.439,9999.000,9999.000,9999.000,9999.000,9999.000,9999.000,9999.000
202608060442,   1.371,   1.508,9999.000,9999.000,9999.000,9999.000,9999.000,9999.000,9999.000
202608060448,   1.415,   1.557,9999.000,9999.000,9999.000,9999.000,9999.000,9999.000,9999.000
202608060454,   1.459,   1.600,9999.000,9999.000,9999.000,9999.000,9999.000,9999.000,9999.000
202608060500,   1.504,   1.659,   0.200,  -0.045,   1.659,   0.200,   1.659,   0.300,   1.759
202608060506,   1.547,   1.708,9999.000,9999.000,9999.000,9999.000,9999.000,9999.000,9999.000
202608060512,   1.590,   1.758,9999.000,9999.000,9999.000,9999.000,9999.000,9999.000,9999.000
202608060518,   1.633,   1.800,9999.000,9999.000,9999.000,9999.000,9999.000,9999.000,9999.000
202608060524,   1.675,   1.859,9999.000,9999.000,9999.000,9999.000,9999.000,9999.000,9999.000
202608060530,   1.715,   1.899,9999.000,9999.000,9999.000,9999.000,9999.000,9999.000,9999.000
202608060536,   1.755,   1.938,9999.000,9999.000,9999.000,9999.000,9999.000,9999.000,9999.000
202608060542,   1.793,   1.981,9999.000,9999.000,9999.000,9999.000,9999.000,9999.000,9999.000
202608060548,   1.830,   2.010,9999.000,9999.000,9999.000,9999.000,9999.000,9999.000,9999.000
202608060554,   1.865,   2.049,9999.000,9999.000,9999.000,9999.000,9999.000,9999.000,9999.000
202608060600,   1.899,   2.089,   0.200,  -0.010,   2.089,   0.200,   2.089,   0.300,   2.189
202608060606,   1.930,   2.118,9999.000,9999.000,9999.000,9999.000,9999.000,9999.000,9999.000
202608060612,   1.960,   2.148,9999.000,9999.000,9999.000,9999.000,9999.000,9999.000,9999.000
202608060618,   1.987,   2.191,9999.000,9999.000,9999.000,9999.000,9999.000,9999.000,9999.000
202608060624,   2.012,   2.210,9999.000,9999.000,9999.000,9999.000,9999.000,9999.000,9999.000
202608060630,   2.035,   2.230,9999.000,9999.000,9999.000,9999.000,9999.000,9999.000,9999.000
202608060636,   2.055,   2.259,9999.000,9999.000,9999.000,9999.000,9999.000,9999.000,9999.000
202608060642,   2.072,   2.279,9999.000,9999.000,9999.000,9999.000,9999.000,9999.000,9999.000
202608060648,   2.087,   2.299,9999.000,9999.000,9999.000,9999.000,9999.000,9999.000,9999.000
202608060654,   2.099,   2.309,9999.000,9999.000,9999.000,9999.000,9999.000,9999.000,9999.000
202608060700,   2.108,   2.328,   0.200,   0.020,   2.328,   0.200,   2.328,   0.200,   2.328
202608060706,   2.114,   2.338,9999.000,9999.000,9999.000,9999.000,9999.000,9999.000,9999.000
202608060712,   2.117,   2.328,9999.000,9999.000,9999.000,9999.000,9999.000,9999.000,9999.000
202608060718,   2.117,   2.328,9999.000,9999.000,9999.000,9999.000,9999.000,9999.000,9999.000
202608060724,   2.115,   2.318,9999.000,9999.000,9999.000,9999.000,9999.000,9999.000,9999.000
202608060730,   2.109,   2.309,9999.000,9999.000,9999.000,9999.000,9999.000,9999.000,9999.000
202608060736,   2.101,   2.289,9999.000,9999.000,9999.000,9999.000,9999.000,9999.000,9999.000
202608060742,   2.089,   2.269,9999.000,9999.000,9999.000,9999.000,9999.000,9999.000,9999.000
202608060748,   2.075,   2.250,9999.000,9999.000,9999.000,9999.000,9999.000,9999.000,9999.000
202608060754,   2.058,   2.220,9999.000,9999.000,9999.000,9999.000,9999.000,9999.000,9999.000
202608060800,   2.039,   2.200,   0.200,  -0.039,   2.200,   0.100,   2.100,   0.200,   2.200
202608060806,   2.017,   2.168,9999.000,9999.000,9999.000,9999.000,9999.000,9999.000,9999.000
202608060812,   1.993,   2.148,9999.000,9999.000,9999.000,9999.000,9999.000,9999.000,9999.000
202608060818,   1.966,   2.128,9999.000,9999.000,9999.000,9999.000,9999.000,9999.000,9999.000
202608060824,   1.938,   2.099,9999.000,9999.000,9999.000,9999.000,9999.000,9999.000,9999.000
202608060830,   1.907,   2.059,9999.000,9999.000,9999.000,9999.000,9999.000,9999.000,9999.000
202608060836,   1.875,   2.020,9999.000,9999.000,9999.000,9999.000,9999.000,9999.000,9999.000
202608060842,   1.841,   1.981,9999.000,9999.000,9999.000,9999.000,9999.000,9999.000,9999.000
202608060848,   1.805,   1.928,9999.000,9999.000,9999.000,9999.000,9999.000,9999.000,9999.000
202608060854,   1.768,   1.889,9999.000,9999.000,9999.000,9999.000,9999.000,9999.000,9999.000
202608060900,   1.729,   1.849,   0.200,  -0.080,   1.849,   0.100,   1.749,   0.200,   1.849
202608060906,   1.690,   1.800,9999.000,9999.000,9999.000,9999.000,9999.000,9999.000,9999.000
202608060912,   1.649,   1.767,9999.000,9999.000,9999.000,9999.000,9999.000,9999.000,9999.000
202608060918,   1.608,   1.718,9999.000,9999.000,9999.000,9999.000,9999.000,9999.000,9999.000
202608060924,   1.566,   1.679,9999.000,9999.000,9999.000,9999.000,9999.000,9999.000,9999.000
202608060930,   1.523,   1.630,9999.000,9999.000,9999.000,9999.000,9999.000,9999.000,9999.000
202608060936,   1.480,   1.590,9999.000,9999.000,9999.000,9999.000,9999.000,9999.000,9999.000
202608060942,   1.436,   1.538,9999.000,9999.000,9999.000,9999.000,9999.000,9999.000,9999.000
202608060948,   1.392,   1.498,9999.000,9999.000,9999.000,9999.000,9999.000,9999.000,9999.000
202608060954,   1.348,   1.459,9999.000,9999.000,9999.000,9999.000,9999.000,9999.000,9999.000
202608061000,   1.304,   1.420,   0.200,  -0.084,   1.420,   0.100,   1.320,   0.200,   1.420
202608061006,   1.260,   1.371,9999.000,9999.000,9999.000,9999.000,9999.000,9999.000,9999.000
202608061012,   1.216,   1.328,9999.000,9999.000,9999.000,9999.000,9999.000,9999.000,9999.000
202608061018,   1.173,   1.289,9999.000,9999.000,9999.000,9999.000,9999.000,9999.000,9999.000
202608061024,   1.129,   1.249,9999.000,9999.000,9999.000,9999.000,9999.000,9999.000,9999.000
202608061030,   1.086,   1.190,9999.000,9999.000,9999.000,9999.000,9999.000,9999.000,9999.000
202608061036,   1.043,   1.138,9999.000,9999.000,9999.000,9999.000,9999.000,9999.000,9999.000
202608061042,   1.000,   1.088,9999.000,9999.000,9999.000,9999.000,9999.000,9999.000,9999.000
202608061048,   0.958,   1.049,9999.000,9999.000,9999.000,9999.000,9999.000,9999.000,9999.000
202608061054,   0.917,   1.000,9999.000,9999.000,9999.000,9999.000,9999.000,9999.000,9999.000
202608061100,   0.876,   0.970,   0.200,  -0.106,   0.970,   0.100,   0.870,   0.200,   0.970
202608061106,   0.835,   0.928,9999.000,9999.000,9999.000,9999.000,9999.000,9999.000,9999.000
202608061112,   0.796,   0.859,9999.000,9999.000,9999.000,9999.000,9999.000,9999.000,9999.000
202608061118,   0.757,   0.829,9999.000,9999.000,9999.000,9999.000,9999.000,9999.000,9999.000
202608061124,   0.719,   0.790,9999.000,9999.000,9999.000,9999.000,9999.000,9999.000,9999.000
202608061130,   0.681,   0.760,9999.000,9999.000,9999.000,9999.000,9999.000,9999.000,9999.000
202608061136,   0.645,   0.708,9999.000,9999.000,9999.000,9999.000,9999.000,9999.000,9999.000
202608061142,   0.610,   0.678,9999.000,9999.000,9999.000,9999.000,9999.000,9999.000,9999.000
202608061148,   0.576,   0.659,9999.000,9999.000,9999.000,9999.000,9999.000,9999.000,9999.000
202608061154,   0.543,   0.629,9999.000,9999.000,9999.000,9999.000,9999.000,9999.000,9999.000
202608061200,   0.511,   0.590,   0.200,  -0.121,   0.590,   0.200,   0.590,   0.200,   0.590
202608061206,   0.481,   0.560,9999.000,9999.000,9999.000,9999.000,9999.000,9999.000,9999.000
202608061212,   0.452,   0.531,9999.000,9999.000,9999.000,9999.000,9999.000,9999.000,9999.000
202608061218,   0.425,   0.518,9999.000,9999.000,9999.000,9999.000,9999.000,9999.000,9999.000
202608061224,   0.399,   0.488,9999.000,9999.000,9999.000,9999.000,9999.000,9999.000,9999.000
202608061230,   0.375,   0.469,9999.000,9999.000,9999.000,9999.000,9999.000,9999.000,9999.000
202608061236,   0.354,   0.449,9999.000,9999.000,9999.000,9999.000,9999.000,9999.000,9999.000
202608061242,   0.334,   0.439,9999.000,9999.000,9999.000,9999.000,9999.000,9999.000,9999.000
202608061248,   0.316,   0.419,9999.000,9999.000,9999.000,9999.000,9999.000,9999.000,9999.000
202608061254,   0.301,   0.400,9999.000,9999.000,9999.000,9999.000,9999.000,9999.000,9999.000
202608061300,   0.287,   0.400,   0.200,  -0.087,   0.400,   0.200,   0.400,   0.200,   0.400
202608061306,   0.276,   0.400,9999.000,9999.000,9999.000,9999.000,9999.000,9999.000,9999.000
202608061312,   0.268,   0.400,9999.000,9999.000,9999.000,9999.000,9999.000,9999.000,9999.000
202608061318,   0.262,   0.380,9999.000,9999.000,9999.000,9999.000,9999.000,9999.000,9999.000
202608061324,   0.259,   0.390,9999.000,9999.000,9999.000,9999.000,9999.000,9999.000,9999.000
202608061330,   0.258,   0.390,9999.000,9999.000,9999.000,9999.000,9999.000,9999.000,9999.000
202608061336,   0.261,   0.360,9999.000,9999.000,9999.000,9999.000,9999.000,9999.000,9999.000
202608061342,   0.265,   0.370,9999.000,9999.000,9999.000,9999.000,9999.000,9999.000,9999.000
202608061348,   0.273,   0.360,9999.000,9999.000,9999.000,9999.000,9999.000,9999.000,9999.000
202608061354,   0.283,   0.360,9999.000,9999.000,9999.000,9999.000,9999.000,9999.000,9999.000
202608061400,   0.297,   0.370,   0.200,  -0.127,   0.370,   0.200,   0.370,   0.200,   0.370
202608061406,   0.313,   0.380,9999.000,9999.000,9999.000,9999.000,9999.000,9999.000,9999.000
202608061412,   0.331,   0.419,9999.000,9999.000,9999.000,9999.000,9999.000,9999.000,9999.000
202608061418,   0.353,   0.439,9999.000,9999.000,9999.000,9999.000,9999.000,9999.000,9999.000
202608061424,   0.377,   0.478,9999.000,9999.000,9999.000,9999.000,9999.000,9999.000,9999.000
202608061430,   0.404,   0.498,9999.000,9999.000,9999.000,9999.000,9999.000,9999.000,9999.000
202608061436,   0.433,   0.551,9999.000,9999.000,9999.000,9999.000,9999.000,9999.000,9999.000
202608061442,   0.465,   0.600,9999.000,9999.000,9999.000,9999.000,9999.000,9999.000,9999.000
202608061448,   0.499,   0.619,9999.000,9999.000,9999.000,9999.000,9999.000,9999.000,9999.000
202608061454,   0.535,   0.649,9999.000,9999.000,9999.000,9999.000,9999.000,9999.000,9999.000
202608061500,   0.574,   0.669,   0.200,  -0.105,   0.669,   0.100,   0.569,   0.200,   0.669
202608061506,   0.615,   0.698,9999.000,9999.000,9999.000,9999.000,9999.000,9999.000,9999.000
202608061512,   0.658,   0.718,9999.000,9999.000,9999.000,9999.000,9999.000,9999.000,9999.000
202608061518,   0.703,   0.760,9999.000,9999.000,9999.000,9999.000,9999.000,9999.000,9999.000
202608061524,   0.750,   0.780,9999.000,9999.000,9999.000,9999.000,9999.000,9999.000,9999.000
202608061530,   0.799,   0.819,9999.000,9999.000,9999.000,9999.000,9999.000,9999.000,9999.000
202608061536,   0.849,   0.869,9999.000,9999.000,9999.000,9999.000,9999.000,9999.000,9999.000
202608061542,   0.901,   0.941,9999.000,9999.000,9999.000,9999.000,9999.000,9999.000,9999.000
202608061548,   0.954,   0.990,9999.000,9999.000,9999.000,9999.000,9999.000,9999.000,9999.000
202608061554,   1.009,   1.049,9999.000,9999.000,9999.000,9999.000,9999.000,9999.000,9999.000
202608061600,   1.064,   1.108,   0.200,  -0.156,   1.108,   0.100,   1.008,   0.200,   1.108
202608061606,   1.121,   1.151,9999.000,9999.000,9999.000,9999.000,9999.000,9999.000,9999.000
202608061612,   1.178,   1.210,9999.000,9999.000,9999.000,9999.000,9999.000,9999.000,9999.000
202608061618,   1.237,   1.289,9999.000,9999.000,9999.000,9999.000,9999.000,9999.000,9999.000
202608061624,   1.296,   1.348,9999.000,9999.000,9999.000,9999.000,9999.000,9999.000,9999.000
202608061630,   1.355,   1.410,9999.000,9999.000,9999.000,9999.000,9999.000,9999.000,9999.000
202608061636,   1.415,   1.469,9999.000,9999.000,9999.000,9999.000,9999.000,9999.000,9999.000
202608061642,   1.476,   1.528,9999.000,9999.000,9999.000,9999.000,9999.000,9999.000,9999.000
202608061648,   1.536,   1.600,9999.000,9999.000,9999.000,9999.000,9999.000,9999.000,9999.000
202608061654,   1.596,   1.669,9999.000,9999.000,9999.000,9999.000,9999.000,9999.000,9999.000
202608061700,   1.657,   1.728,   0.200,  -0.129,   1.728,   0.100,   1.628,   0.200,   1.728
202608061706,   1.717,   1.800,9999.000,9999.000,9999.000,9999.000,9999.000,9999.000,9999.000
202608061712,   1.776,   1.869,9999.000,9999.000,9999.000,9999.000,9999.000,9999.000,9999.000
202608061718,   1.835,   1.918,9999.000,9999.000,9999.000,9999.000,9999.000,9999.000,9999.000
202608061724,   1.894,   1.967,9999.000,9999.000,9999.000,9999.000,9999.000,9999.000,9999.000
202608061730,   1.951,   2.030,9999.000,9999.000,9999.000,9999.000,9999.000,9999.000,9999.000
202608061736,   2.008,   2.089,9999.000,9999.000,9999.000,9999.000,9999.000,9999.000,9999.000
202608061742,   2.063,   2.158,9999.000,9999.000,9999.000,9999.000,9999.000,9999.000,9999.000
202608061748,   2.117,   2.220,9999.000,9999.000,9999.000,9999.000,9999.000,9999.000,9999.000
202608061754,   2.169,   2.279,9999.000,9999.000,9999.000,9999.000,9999.000,9999.000,9999.000
202608061800,   2.220,   2.318,   0.100,  -0.002,   2.318,   0.100,   2.318,   0.100,   2.318
202608061806,   2.269,   2.377,9999.000,9999.000,9999.000,9999.000,9999.000,9999.000,9999.000
202608061812,   2.316,   2.450,9999.000,9999.000,9999.000,9999.000,9999.000,9999.000,9999.000
202608061818,   2.361,   2.499,9999.000,9999.000,9999.000,9999.000,9999.000,9999.000,9999.000
202608061824,   2.403,   2.558,9999.000,9999.000,9999.000,9999.000,9999.000,9999.000,9999.000
202608061830,   2.443,   2.587,9999.000,9999.000,9999.000,9999.000,9999.000,9999.000,9999.000
202608061836,   2.481,   2.620,9999.000,9999.000,9999.000,9999.000,9999.000,9999.000,9999.000
202608061842,   2.516,   2.650,9999.000,9999.000,9999.000,9999.000,9999.000,9999.000,9999.000
202608061848,   2.548,   2.679,9999.000,9999.000,9999.000,9999.000,9999.000,9999.000,9999.000
202608061854,   2.578,   2.689,9999.000,9999.000,9999.000,9999.000,9999.000,9999.000,9999.000
202608061900,   2.604,   2.709,   0.100,   0.005,   2.709,   0.100,   2.709,   0.200,   2.809
202608061906,   2.627,   2.728,9999.000,9999.000,9999.000,9999.000,9999.000,9999.000,9999.000
202608061912,   2.647,   2.748,9999.000,9999.000,9999.000,9999.000,9999.000,9999.000,9999.000
202608061918,   2.664,   2.758,9999.000,9999.000,9999.000,9999.000,9999.000,9999.000,9999.000
202608061924,   2.678,   2.768,9999.000,9999.000,9999.000,9999.000,9999.000,9999.000,9999.000
202608061930,   2.689,   2.768,9999.000,9999.000,9999.000,9999.000,9999.000,9999.000,9999.000
202608061936,   2.696,   2.758,9999.000,9999.000,9999.000,9999.000,9999.000,9999.000,9999.000
202608061942,   2.700,   2.748,9999.000,9999.000,9999.000,9999.000,9999.000,9999.000,9999.000
202608061948,   2.701,   2.728,9999.000,9999.000,9999.000,9999.000,9999.000,9999.000,9999.000
202608061954,   2.698,   2.728,9999.000,9999.000,9999.000,9999.000,9999.000,9999.000,9999.000
202608062000,   2.693,   2.719,   0.100,  -0.074,   2.719,   0.100,   2.719,   0.100,   2.719
202608062006,   2.685,   2.689,9999.000,9999.000,9999.000,9999.000,9999.000,9999.000,9999.000
202608062012,   2.673,   2.669,9999.000,9999.000,9999.000,9999.000,9999.000,9999.000,9999.000
202608062018,   2.659,   2.660,9999.000,9999.000,9999.000,9999.000,9999.000,9999.000,9999.000
202608062024,   2.642,   2.640,9999.000,9999.000,9999.000,9999.000,9999.000,9999.000,9999.000
202608062030,   2.623,   2.620,9999.000,9999.000,9999.000,9999.000,9999.000,9999.000,9999.000
202608062036,   2.601,   2.587,9999.000,9999.000,9999.000,9999.000,9999.000,9999.000,9999.000
202608062042,   2.576,   2.568,9999.000,9999.000,9999.000,9999.000,9999.000,9999.000,9999.000
202608062048,   2.550,   2.538,9999.000,9999.000,9999.000,9999.000,9999.000,9999.000,9999.000
202608062054,   2.521,   2.519,9999.000,9999.000,9999.000,9999.000,9999.000,9999.000,9999.000
202608062100,   2.491,   2.499,   0.100,  -0.092,   2.499,   0.100,   2.499,   0.100,   2.499
202608062106,   2.458,   2.479,9999.000,9999.000,9999.000,9999.000,9999.000,9999.000,9999.000
202608062112,   2.424,   2.450,9999.000,9999.000,9999.000,9999.000,9999.000,9999.000,9999.000
202608062118,   2.389,   2.420,9999.000,9999.000,9999.000,9999.000,9999.000,9999.000,9999.000
202608062124,   2.352,   2.387,9999.000,9999.000,9999.000,9999.000,9999.000,9999.000,9999.000
202608062130,   2.314,   2.368,9999.000,9999.000,9999.000,9999.000,9999.000,9999.000,9999.000
202608062136,   2.276,   2.318,9999.000,9999.000,9999.000,9999.000,9999.000,9999.000,9999.000
202608062142,   2.236,   2.269,9999.000,9999.000,9999.000,9999.000,9999.000,9999.000,9999.000
202608062148,   2.195,   2.230,9999.000,9999.000,9999.000,9999.000,9999.000,9999.000,9999.000
202608062154,   2.153,   2.191,9999.000,9999.000,9999.000,9999.000,9999.000,9999.000,9999.000
202608062200,   2.111,   2.148,   0.100,  -0.063,   2.148,   0.100,   2.148,   0.100,   2.148
202608062206,   2.069,   2.118,9999.000,9999.000,9999.000,9999.000,9999.000,9999.000,9999.000
202608062212,   2.026,   2.079,9999.000,9999.000,9999.000,9999.000,9999.000,9999.000,9999.000
202608062218,   1.982,   2.040,9999.000,9999.000,9999.000,9999.000,9999.000,9999.000,9999.000
202608062224,   1.938,   2.000,9999.000,9999.000,9999.000,9999.000,9999.000,9999.000,9999.000
202608062230,   1.894,   1.967,9999.000,9999.000,9999.000,9999.000,9999.000,9999.000,9999.000
202608062236,   1.850,   1.938,9999.000,9999.000,9999.000,9999.000,9999.000,9999.000,9999.000
202608062242,   1.805,   1.908,9999.000,9999.000,9999.000,9999.000,9999.000,9999.000,9999.000
202608062248,   1.761,   1.869,9999.000,9999.000,9999.000,9999.000,9999.000,9999.000,9999.000
202608062254,   1.716,   1.830,9999.000,9999.000,9999.000,9999.000,9999.000,9999.000,9999.000
202608062300,   1.671,   1.781,   0.100,   0.010,   1.781,   0.100,   1.781,   0.100,   1.781
202608062306,   1.626,   1.738,9999.000,9999.000,9999.000,9999.000,9999.000,9999.000,9999.000
202608062312,   1.581,   1.689,9999.000,9999.000,9999.000,9999.000,9999.000,9999.000,9999.000
202608062318,   1.536,   1.649,9999.000,9999.000,9999.000,9999.000,9999.000,9999.000,9999.000
202608062324,   1.491,   1.590,9999.000,9999.000,9999.000,9999.000,9999.000,9999.000,9999.000
202608062330,   1.446,   1.528,9999.000,9999.000,9999.000,9999.000,9999.000,9999.000,9999.000
202608062336,   1.402,   1.479,9999.000,9999.000,9999.000,9999.000,9999.000,9999.000,9999.000
202608062342,   1.357,   1.430,9999.000,9999.000,9999.000,9999.000,9999.000,9999.000,9999.000
202608062348,   1.313,   1.371,9999.000,9999.000,9999.000,9999.000,9999.000,9999.000,9999.000
202608062354,   1.269,   1.318,9999.000,9999.000,9999.000,9999.000,9999.000,9999.000,9999.000
202608070000,   1.225,   1.279,   0.100,  -0.046,   1.279,   0.000,   1.179,   0.100,   1.279
202608070006,   1.182,   1.220,9999.000,9999.000,9999.000,9999.000,9999.000,9999.000,9999.000
202608070012,   1.139,   1.170,9999.000,9999.000,9999.000,9999.000,9999.000,9999.000,9999.000
202608070018,   1.097,   1.108,9999.000,9999.000,9999.000,9999.000,9999.000,9999.000,9999.000
202608070024,   1.055,   1.059,9999.000,9999.000,9999.000,9999.000,9999.000,9999.000,9999.000
202608070030,   1.014,   1.029,9999.000,9999.000,9999.000,9999.000,9999.000,9999.000,9999.000
202608070036,   0.974,   0.980,9999.000,9999.000,9999.000,9999.000,9999.000,9999.000,9999.000
202608070042,   0.935,   0.941,9999.000,9999.000,9999.000,9999.000,9999.000,9999.000,9999.000
202608070048,   0.897,   0.898,9999.000,9999.000,9999.000,9999.000,9999.000,9999.000,9999.000
202608070054,   0.860,   0.849,9999.000,9999.000,9999.000,9999.000,9999.000,9999.000,9999.000
202608070100,   0.825,   0.810,   0.100,  -0.115,   0.810,   0.000,   0.710,   0.100,   0.810
202608070106,   0.790,   0.780,9999.000,9999.000,9999.000,9999.000,9999.000,9999.000,9999.000
202608070112,   0.758,   0.741,9999.000,9999.000,9999.000,9999.000,9999.000,9999.000,9999.000
202608070118,   0.726,   0.698,9999.000,9999.000,9999.000,9999.000,9999.000,9999.000,9999.000
202608070124,   0.697,   0.659,9999.000,9999.000,9999.000,9999.000,9999.000,9999.000,9999.000
202608070130,   0.669,   0.629,9999.000,9999.000,9999.000,9999.000,9999.000,9999.000,9999.000
202608070136,   0.643,   0.590,9999.000,9999.000,9999.000,9999.000,9999.000,9999.000,9999.000
202608070142,   0.619,   0.560,9999.000,9999.000,9999.000,9999.000,9999.000,9999.000,9999.000
202608070148,   0.597,   0.541,9999.000,9999.000,9999.000,9999.000,9999.000,9999.000,9999.000
202608070154,   0.578,   0.518,9999.000,9999.000,9999.000,9999.000,9999.000,9999.000,9999.000
202608070200,   0.560,   0.488,   0.100,  -0.172,   0.488,   0.000,   0.388,   0.100,   0.488
202608070206,   0.545,   0.478,9999.000,9999.000,9999.000,9999.000,9999.000,9999.000,9999.000
202608070212,   0.531,   0.469,9999.000,9999.000,9999.000,9999.000,9999.000,9999.000,9999.000
202608070218,   0.521,   0.449,9999.000,9999.000,9999.000,9999.000,9999.000,9999.000,9999.000
202608070224,   0.512,   0.449,9999.000,9999.000,9999.000,9999.000,9999.000,9999.000,9999.000
202608070230,   0.506,   0.429,9999.000,9999.000,9999.000,9999.000,9999.000,9999.000,9999.000
202608070236,   0.502,   0.400,9999.000,9999.000,9999.000,9999.000,9999.000,9999.000,9999.000
202608070242,   0.500,   0.400,9999.000,9999.000,9999.000,9999.000,9999.000,9999.000,9999.000
202608070248,   0.501,   0.409,9999.000,9999.000,9999.000,9999.000,9999.000,9999.000,9999.000
202608070254,   0.504,   0.400,9999.000,9999.000,9999.000,9999.000,9999.000,9999.000,9999.000
202608070300,   0.510,   0.419,   0.100,  -0.191,   0.419,   0.000,   0.319,   0.100,   0.419
202608070306,   0.518,   0.419,9999.000,9999.000,9999.000,9999.000,9999.000,9999.000,9999.000
202608070312,   0.528,   0.429,9999.000,9999.000,9999.000,9999.000,9999.000,9999.000,9999.000
202608070318,   0.540,   0.449,9999.000,9999.000,9999.000,9999.000,9999.000,9999.000,9999.000
202608070324,   0.554,   0.459,9999.000,9999.000,9999.000,9999.000,9999.000,9999.000,9999.000
202608070330,   0.570,   0.459,9999.000,9999.000,9999.000,9999.000,9999.000,9999.000,9999.000
202608070336,   0.589,   0.478,9999.000,9999.000,9999.000,9999.000,9999.000,9999.000,9999.000
202608070342,   0.609,   0.478,9999.000,9999.000,9999.000,9999.000,9999.000,9999.000,9999.000
202608070348,   0.632,   0.488,9999.000,9999.000,9999.000,9999.000,9999.000,9999.000,9999.000
202608070354,   0.656,   0.518,9999.000,9999.000,9999.000,9999.000,9999.000,9999.000,9999.000
202608070400,   0.682,   0.541,   0.000,  -0.141,   0.541,   0.000,   0.541,   0.000,   0.541
202608070406,   0.709,   0.570,9999.000,9999.000,9999.000,9999.000,9999.000,9999.000,9999.000
202608070412,   0.739,   0.610,9999.000,9999.000,9999.000,9999.000,9999.000,9999.000,9999.000
202608070418,   0.770,   0.639,9999.000,9999.000,9999.000,9999.000,9999.000,9999.000,9999.000
202608070424,   0.802,   0.669,9999.000,9999.000,9999.000,9999.000,9999.000,9999.000,9999.000
202608070430,   0.836,   0.698,9999.000,9999.000,9999.000,9999.000,9999.000,9999.000,9999.000
202608070436,   0.872,   0.731,9999.000,9999.000,9999.000,9999.000,9999.000,9999.000,9999.000
202608070442,   0.908,   0.770,9999.000,9999.000,9999.000,9999.000,9999.000,9999.000,9999.000
202608070448,   0.946,   0.819,9999.000,9999.000,9999.000,9999.000,9999.000,9999.000,9999.000
202608070454,   0.985,   0.859,9999.000,9999.000,9999.000,9999.000,9999.000,9999.000,9999.000
202608070500,   1.025,   0.898,   0.000,  -0.127,   0.898,   0.000,   0.898,   0.000,   0.898
202608070506,   1.066,   0.941,9999.000,9999.000,9999.000,9999.000,9999.000,9999.000,9999.000
202608070512,   1.107,   0.980,9999.000,9999.000,9999.000,9999.000,9999.000,9999.000,9999.000
202608070518,   1.150,   1.020,9999.000,9999.000,9999.000,9999.000,9999.000,9999.000,9999.000
202608070524,   1.193,   1.069,9999.000,9999.000,9999.000,9999.000,9999.000,9999.000,9999.000
202608070530,   1.236,   1.108,9999.000,9999.000,9999.000,9999.000,9999.000,9999.000,9999.000
202608070536,   1.280,   1.151,9999.000,9999.000,9999.000,9999.000,9999.000,9999.000,9999.000
202608070542,   1.324,   1.200,9999.000,9999.000,9999.000,9999.000,9999.000,9999.000,9999.000
202608070548,   1.368,   1.249,9999.000,9999.000,9999.000,9999.000,9999.000,9999.000,9999.000
202608070554,   1.412,   1.298,9999.000,9999.000,9999.000,9999.000,9999.000,9999.000,9999.000
202608070600,   1.456,   1.348,   0.000,  -0.108,   1.348,   0.000,   1.348,   0.000,   1.348
202608070606,   1.500,   1.400,9999.000,9999.000,9999.000,9999.000,9999.000,9999.000,9999.000
202608070612,   1.543,   1.449,9999.000,9999.000,9999.000,9999.000,9999.000,9999.000,9999.000
202608070618,   1.585,   1.489,9999.000,9999.000,9999.000,9999.000,9999.000,9999.000,9999.000
202608070624,   1.627,   1.518,9999.000,9999.000,9999.000,9999.000,9999.000,9999.000,9999.000
202608070630,   1.667,   1.557,9999.000,9999.000,9999.000,9999.000,9999.000,9999.000,9999.000
202608070636,   1.707,   1.610,9999.000,9999.000,9999.000,9999.000,9999.000,9999.000,9999.000
202608070642,   1.745,   1.649,9999.000,9999.000,9999.000,9999.000,9999.000,9999.000,9999.000
202608070648,   1.781,   1.689,9999.000,9999.000,9999.000,9999.000,9999.000,9999.000,9999.000
202608070654,   1.816,   1.728,9999.000,9999.000,9999.000,9999.000,9999.000,9999.000,9999.000
202608070700,   1.849,   1.767,   0.000,  -0.082,   1.767,   0.000,   1.767,   0.000,   1.767
202608070706,   1.880,   1.820,9999.000,9999.000,9999.000,9999.000,9999.000,9999.000,9999.000
202608070712,   1.909,   1.849,9999.000,9999.000,9999.000,9999.000,9999.000,9999.000,9999.000
202608070718,   1.936,   1.889,9999.000,9999.000,9999.000,9999.000,9999.000,9999.000,9999.000
202608070724,   1.961,   1.908,9999.000,9999.000,9999.000,9999.000,9999.000,9999.000,9999.000
202608070730,   1.983,   1.938,9999.000,9999.000,9999.000,9999.000,9999.000,9999.000,9999.000
202608070736,   2.003,   1.967,9999.000,9999.000,9999.000,9999.000,9999.000,9999.000,9999.000
202608070742,   2.020,   1.981,9999.000,9999.000,9999.000,9999.000,9999.000,9999.000,9999.000
202608070748,   2.035,   2.010,9999.000,9999.000,9999.000,9999.000,9999.000,9999.000,9999.000
202608070754,   2.046,   2.010,9999.000,9999.000,9999.000,9999.000,9999.000,9999.000,9999.000
202608070800,   2.056,   2.010,   0.000,  -0.046,   2.010,  -0.100,   1.910,   0.000,   2.010
202608070806,   2.062,   2.010,9999.000,9999.000,9999.000,9999.000,9999.000,9999.000,9999.000
202608070812,   2.065,   2.020,9999.000,9999.000,9999.000,9999.000,9999.000,9999.000,9999.000
202608070818,   2.066,   2.020,9999.000,9999.000,9999.000,9999.000,9999.000,9999.000,9999.000
202608070824,   2.065,   2.020,9999.000,9999.000,9999.000,9999.000,9999.000,9999.000,9999.000
202608070830,   2.060,   2.020,9999.000,9999.000,9999.000,9999.000,9999.000,9999.000,9999.000
202608070836,   2.053,   2.010,9999.000,9999.000,9999.000,9999.000,9999.000,9999.000,9999.000
202608070842,   2.043,   1.990,9999.000,9999.000,9999.000,9999.000,9999.000,9999.000,9999.000
202608070848,   2.031,   1.981,9999.000,9999.000,9999.000,9999.000,9999.000,9999.000,9999.000
202608070854,   2.017,   1.967,9999.000,9999.000,9999.000,9999.000,9999.000,9999.000,9999.000
202608070900,   2.000,   1.958,   0.000,  -0.042,   1.958,  -0.100,   1.858,   0.000,   1.958
202608070906,   1.981,   1.938,9999.000,9999.000,9999.000,9999.000,9999.000,9999.000,9999.000
202608070912,   1.960,   1.928,9999.000,9999.000,9999.000,9999.000,9999.000,9999.000,9999.000
202608070918,   1.937,   1.899,9999.000,9999.000,9999.000,9999.000,9999.000,9999.000,9999.000
202608070924,   1.912,   1.889,9999.000,9999.000,9999.000,9999.000,9999.000,9999.000,9999.000
202608070930,   1.886,   1.879,9999.000,9999.000,9999.000,9999.000,9999.000,9999.000,9999.000
202608070936,   1.858,   1.859,9999.000,9999.000,9999.000,9999.000,9999.000,9999.000,9999.000
202608070942,   1.828,   1.820,9999.000,9999.000,9999.000,9999.000,9999.000,9999.000,9999.000
202608070948,   1.797,   1.800,9999.000,9999.000,9999.000,9999.000,9999.000,9999.000,9999.000
202608070954,   1.765,   1.758,9999.000,9999.000,9999.000,9999.000,9999.000,9999.000,9999.000
202608071000,   1.731,   1.728,   0.000,  -0.003,   1.728,   0.000,   1.728,   0.000,   1.728
202608071006,   1.697,   1.689,9999.000,9999.000,9999.000,9999.000,9999.000,9999.000,9999.000
202608071012,   1.661,   1.659,9999.000,9999.000,9999.000,9999.000,9999.000,9999.000,9999.000
202608071018,   1.625,   1.620,9999.000,9999.000,9999.000,9999.000,9999.000,9999.000,9999.000
202608071024,   1.588,   1.571,9999.000,9999.000,9999.000,9999.000,9999.000,9999.000,9999.000
202608071030,   1.550,   1.548,9999.000,9999.000,9999.000,9999.000,9999.000,9999.000,9999.000
202608071036,   1.511,   1.508,9999.000,9999.000,9999.000,9999.000,9999.000,9999.000,9999.000
202608071042,   1.472,   1.489,9999.000,9999.000,9999.000,9999.000,9999.000,9999.000,9999.000
202608071048,   1.432,   1.449,9999.000,9999.000,9999.000,9999.000,9999.000,9999.000,9999.000
202608071054,   1.392,   1.410,9999.000,9999.000,9999.000,9999.000,9999.000,9999.000,9999.000
202608071100,   1.352,   1.361,   0.000,   0.009,   1.361,   0.000,   1.361,   0.000,   1.361
202608071106,   1.311,   1.318,9999.000,9999.000,9999.000,9999.000,9999.000,9999.000,9999.000
202608071112,   1.270,   1.259,9999.000,9999.000,9999.000,9999.000,9999.000,9999.000,9999.000
202608071118,   1.228,   1.200,9999.000,9999.000,9999.000,9999.000,9999.000,9999.000,9999.000
202608071124,   1.187,   1.161,9999.000,9999.000,9999.000,9999.000,9999.000,9999.000,9999.000
202608071130,   1.145,   1.108,9999.000,9999.000,9999.000,9999.000,9999.000,9999.000,9999.000
202608071136,   1.103,   1.059,9999.000,9999.000,9999.000,9999.000,9999.000,9999.000,9999.000
202608071142,   1.061,   1.010,9999.000,9999.000,9999.000,9999.000,9999.000,9999.000,9999.000
202608071148,   1.019,   0.951,9999.000,9999.000,9999.000,9999.000,9999.000,9999.000,9999.000
202608071154,   0.978,   0.908,9999.000,9999.000,9999.000,9999.000,9999.000,9999.000,9999.000
202608071200,   0.936,   0.839,   0.000,  -0.097,   0.839,   0.000,   0.839,   0.000,   0.839
202608071206,   0.895,   0.790,9999.000,9999.000,9999.000,9999.000,9999.000,9999.000,9999.000
202608071212,   0.854,   0.741,9999.000,9999.000,9999.000,9999.000,9999.000,9999.000,9999.000
202608071218,   0.814,   0.688,9999.000,9999.000,9999.000,9999.000,9999.000,9999.000,9999.000
202608071224,   0.775,   0.639,9999.000,9999.000,9999.000,9999.000,9999.000,9999.000,9999.000
202608071230,   0.736,   0.590,9999.000,9999.000,9999.000,9999.000,9999.000,9999.000,9999.000
202608071236,   0.697,   0.551,9999.000,9999.000,9999.000,9999.000,9999.000,9999.000,9999.000
202608071242,   0.660,   0.508,9999.000,9999.000,9999.000,9999.000,9999.000,9999.000,9999.000
202608071248,   0.624,   0.469,9999.000,9999.000,9999.000,9999.000,9999.000,9999.000,9999.000
202608071254,   0.589,   0.439,9999.000,9999.000,9999.000,9999.000,9999.000,9999.000,9999.000
202608071300,   0.555,   0.400,   0.000,  -0.155,   0.400,   0.000,   0.400,   0.000,   0.400
202608071306,   0.522,   0.370,9999.000,9999.000,9999.000,9999.000,9999.000,9999.000,9999.000
202608071312,   0.492,   0.341,9999.000,9999.000,9999.000,9999.000,9999.000,9999.000,9999.000
202608071318,   0.463,   0.308,9999.000,9999.000,9999.000,9999.000,9999.000,9999.000,9999.000
202608071324,   0.435,   0.278,9999.000,9999.000,9999.000,9999.000,9999.000,9999.000,9999.000
202608071330,   0.410,   0.259,9999.000,9999.000,9999.000,9999.000,9999.000,9999.000,9999.000
202608071336,   0.386,   0.239,9999.000,9999.000,9999.000,9999.000,9999.000,9999.000,9999.000
202608071342,   0.365,   0.219,9999.000,9999.000,9999.000,9999.000,9999.000,9999.000,9999.000
202608071348,   0.346,   0.200,9999.000,9999.000,9999.000,9999.000,9999.000,9999.000,9999.000
202608071354,   0.330,   0.200,9999.000,9999.000,9999.000,9999.000,9999.000,9999.000,9999.000
202608071400,   0.316,   0.190,   0.000,  -0.126,   0.190,   0.000,   0.190,   0.000,   0.190
202608071406,   0.305,   0.180,9999.000,9999.000,9999.000,9999.000,9999.000,9999.000,9999.000
202608071412,   0.296,   0.170,9999.000,9999.000,9999.000,9999.000,9999.000,9999.000,9999.000
202608071418,   0.290,   0.180,9999.000,9999.000,9999.000,9999.000,9999.000,9999.000,9999.000
202608071424,   0.286,   0.180,9999.000,9999.000,9999.000,9999.000,9999.000,9999.000,9999.000
202608071430,   0.286,   0.150,9999.000,9999.000,9999.000,9999.000,9999.000,9999.000,9999.000
202608071436,   0.288,   0.150,9999.000,9999.000,9999.000,9999.000,9999.000,9999.000,9999.000
202608071442,   0.293,   0.160,9999.000,9999.000,9999.000,9999.000,9999.000,9999.000,9999.000
202608071448,   0.301,   0.160,9999.000,9999.000,9999.000,9999.000,9999.000,9999.000,9999.000
202608071454,   0.312,   0.170,9999.000,9999.000,9999.000,9999.000,9999.000,9999.000,9999.000
202608071500,   0.325,   0.170,   0.000,  -0.155,   0.170,   0.000,   0.170,   0.000,   0.170
202608071506,   0.341,   0.200,9999.000,9999.000,9999.000,9999.000,9999.000,9999.000,9999.000
202608071512,   0.361,   0.229,9999.000,9999.000,9999.000,9999.000,9999.000,9999.000,9999.000
202608071518,   0.382,   0.268,9999.000,9999.000,9999.000,9999.000,9999.000,9999.000,9999.000
202608071524,   0.407,   0.288,9999.000,9999.000,9999.000,9999.000,9999.000,9999.000,9999.000
202608071530,   0.434,   0.308,9999.000,9999.000,9999.000,9999.000,9999.000,9999.000,9999.000
202608071536,   0.463,   0.341,9999.000,9999.000,9999.000,9999.000,9999.000,9999.000,9999.000
202608071542,   0.495,   0.370,9999.000,9999.000,9999.000,9999.000,9999.000,9999.000,9999.000
202608071548,   0.530,   0.390,9999.000,9999.000,9999.000,9999.000,9999.000,9999.000,9999.000
202608071554,   0.567,   0.409,9999.000,9999.000,9999.000,9999.000,9999.000,9999.000,9999.000
202608071600,   0.605,   0.429,   0.000,  -0.176,   0.429,   0.000,   0.429,   0.000,   0.429
202608071606,   0.646,   0.469,9999.000,9999.000,9999.000,9999.000,9999.000,9999.000,9999.000
202608071612,   0.689,   0.508,9999.000,9999.000,9999.000,9999.000,9999.000,9999.000,9999.000
202608071618,   0.734,   0.551,9999.000,9999.000,9999.000,9999.000,9999.000,9999.000,9999.000
202608071624,   0.781,   0.600,9999.000,9999.000,9999.000,9999.000,9999.000,9999.000,9999.000
202608071630,   0.830,   0.659,9999.000,9999.000,9999.000,9999.000,9999.000,9999.000,9999.000
202608071636,   0.880,   0.708,9999.000,9999.000,9999.000,9999.000,9999.000,9999.000,9999.000
202608071642,   0.931,   0.770,9999.000,9999.000,9999.000,9999.000,9999.000,9999.000,9999.000
202608071648,   0.984,   0.839,9999.000,9999.000,9999.000,9999.000,9999.000,9999.000,9999.000
202608071654,   1.039,   0.898,9999.000,9999.000,9999.000,9999.000,9999.000,9999.000,9999.000
202608071700,   1.094,   0.941,   0.000,  -0.153,   0.941,   0.000,   0.941,   0.000,   0.941
202608071706,   1.151,   1.000,9999.000,9999.000,9999.000,9999.000,9999.000,9999.000,9999.000
202608071712,   1.208,   1.059,9999.000,9999.000,9999.000,9999.000,9999.000,9999.000,9999.000
202608071718,   1.267,   1.118,9999.000,9999.000,9999.000,9999.000,9999.000,9999.000,9999.000
202608071724,   1.326,   1.180,9999.000,9999.000,9999.000,9999.000,9999.000,9999.000,9999.000
202608071730,   1.386,   1.239,9999.000,9999.000,9999.000,9999.000,9999.000,9999.000,9999.000
202608071736,   1.446,   1.298,9999.000,9999.000,9999.000,9999.000,9999.000,9999.000,9999.000
202608071742,   1.506,   1.361,9999.000,9999.000,9999.000,9999.000,9999.000,9999.000,9999.000
202608071748,   1.567,   1.430,9999.000,9999.000,9999.000,9999.000,9999.000,9999.000,9999.000
202608071754,   1.628,   1.498,9999.000,9999.000,9999.000,9999.000,9999.000,9999.000,9999.000
202608071800,   1.688,   1.557,   0.000,  -0.131,   1.557,  -0.100,   1.457,   0.000,   1.557
202608071806,   1.749,   1.630,9999.000,9999.000,9999.000,9999.000,9999.000,9999.000,9999.000
202608071812,   1.809,   1.708,9999.000,9999.000,9999.000,9999.000,9999.000,9999.000,9999.000
202608071818,   1.868,   1.781,9999.000,9999.000,9999.000,9999.000,9999.000,9999.000,9999.000
202608071824,   1.927,   1.849,9999.000,9999.000,9999.000,9999.000,9999.000,9999.000,9999.000
202608071830,   1.985,   1.908,9999.000,9999.000,9999.000,9999.000,9999.000,9999.000,9999.000
202608071836,   2.042,   1.958,9999.000,9999.000,9999.000,9999.000,9999.000,9999.000,9999.000
202608071842,   2.097,   2.020,9999.000,9999.000,9999.000,9999.000,9999.000,9999.000,9999.000
202608071848,   2.151,   2.049,9999.000,9999.000,9999.000,9999.000,9999.000,9999.000,9999.000
202608071854,   2.204,   2.099,9999.000,9999.000,9999.000,9999.000,9999.000,9999.000,9999.000
202608071900,   2.255,   2.148,   0.000,  -0.107,   2.148,  -0.100,   2.048,   0.000,   2.148
202608071906,   2.304,   2.210,9999.000,9999.000,9999.000,9999.000,9999.000,9999.000,9999.000
202608071912,   2.351,   2.259,9999.000,9999.000,9999.000,9999.000,9999.000,9999.000,9999.000
202608071918,   2.396,   2.309,9999.000,9999.000,9999.000,9999.000,9999.000,9999.000,9999.000
202608071924,   2.438,   2.368,9999.000,9999.000,9999.000,9999.000,9999.000,9999.000,9999.000
202608071930,   2.478,   2.377,9999.000,9999.000,9999.000,9999.000,9999.000,9999.000,9999.000
202608071936,   2.516,   2.420,9999.000,9999.000,9999.000,9999.000,9999.000,9999.000,9999.000
202608071942,   2.551,   2.450,9999.000,9999.000,9999.000,9999.000,9999.000,9999.000,9999.000
202608071948,   2.583,   2.499,9999.000,9999.000,9999.000,9999.000,9999.000,9999.000,9999.000
202608071954,   2.612,   2.528,9999.000,9999.000,9999.000,9999.000,9999.000,9999.000,9999.000
202608072000,   2.639,   2.548,   0.000,  -0.091,   2.548,  -0.100,   2.448,   0.000,   2.548
202608072006,   2.662,   2.568,9999.000,9999.000,9999.000,9999.000,9999.000,9999.000,9999.000
202608072012,   2.683,   2.578,9999.000,9999.000,9999.000,9999.000,9999.000,9999.000,9999.000
202608072018,   2.700,   2.578,9999.000,9999.000,9999.000,9999.000,9999.000,9999.000,9999.000
202608072024,   2.715,   2.620,9999.000,9999.000,9999.000,9999.000,9999.000,9999.000,9999.000
202608072030,   2.726,   2.630,9999.000,9999.000,9999.000,9999.000,9999.000,9999.000,9999.000
202608072036,   2.734,   2.630,9999.000,9999.000,9999.000,9999.000,9999.000,9999.000,9999.000
202608072042,   2.740,   2.630,9999.000,9999.000,9999.000,9999.000,9999.000,9999.000,9999.000
202608072048,   2.742,   2.630,9999.000,9999.000,9999.000,9999.000,9999.000,9999.000,9999.000
202608072054,   2.742,   2.630,9999.000,9999.000,9999.000,9999.000,9999.000,9999.000,9999.000
202608072100,   2.738,   2.620,   0.000,  -0.118,   2.620,  -0.100,   2.520,   0.000,   2.620
202608072106,   2.732,   2.597,9999.000,9999.000,9999.000,9999.000,9999.000,9999.000,9999.000
202608072112,   2.723,   2.587,9999.000,9999.000,9999.000,9999.000,9999.000,9999.000,9999.000
202608072118,   2.712,   2.558,9999.000,9999.000,9999.000,9999.000,9999.000,9999.000,9999.000
202608072124,   2.698,   2.538,9999.000,9999.000,9999.000,9999.000,9999.000,9999.000,9999.000
202608072130,   2.682,   2.509,9999.000,9999.000,9999.000,9999.000,9999.000,9999.000,9999.000
202608072136,   2.664,   2.479,9999.000,9999.000,9999.000,9999.000,9999.000,9999.000,9999.000
202608072142,   2.643,   2.459,9999.000,9999.000,9999.000,9999.000,9999.000,9999.000,9999.000
202608072148,   2.620,   2.420,9999.000,9999.000,9999.000,9999.000,9999.000,9999.000,9999.000
202608072154,   2.596,   2.387,9999.000,9999.000,9999.000,9999.000,9999.000,9999.000,9999.000
202608072200,   2.569,   2.368,   0.000,  -0.201,   2.368,  -0.100,   2.268,   0.000,   2.368
202608072206,   2.541,   2.338,9999.000,9999.000,9999.000,9999.000,9999.000,9999.000,9999.000
202608072212,   2.511,   2.318,9999.000,9999.000,9999.000,9999.000,9999.000,9999.000,9999.000
202608072218,   2.480,   2.279,9999.000,9999.000,9999.000,9999.000,9999.000,9999.000,9999.000
202608072224,   2.447,   2.259,9999.000,9999.000,9999.000,9999.000,9999.000,9999.000,9999.000
202608072230,   2.413,   2.210,9999.000,9999.000,9999.000,9999.000,9999.000,9999.000,9999.000
202608072236,   2.378,   2.168,9999.000,9999.000,9999.000,9999.000,9999.000,9999.000,9999.000
202608072242,   2.341,   2.138,9999.000,9999.000,9999.000,9999.000,9999.000,9999.000,9999.000
202608072248,   2.304,   2.099,9999.000,9999.000,9999.000,9999.000,9999.000,9999.000,9999.000
202608072254,   2.265,   2.069,9999.000,9999.000,9999.000,9999.000,9999.000,9999.000,9999.000
202608072300,   2.225,   2.030,   0.000,  -0.195,   2.030,  -0.100,   1.930,   0.000,   2.030
202608072306,   2.184,   2.000,9999.000,9999.000,9999.000,9999.000,9999.000,9999.000,9999.000
202608072312,   2.143,   1.948,9999.000,9999.000,9999.000,9999.000,9999.000,9999.000,9999.000
202608072318,   2.100,   1.908,9999.000,9999.000,9999.000,9999.000,9999.000,9999.000,9999.000
202608072324,   2.057,   1.879,9999.000,9999.000,9999.000,9999.000,9999.000,9999.000,9999.000
202608072330,   2.013,   1.840,9999.000,9999.000,9999.000,9999.000,9999.000,9999.000,9999.000
202608072336,   1.968,   1.800,9999.000,9999.000,9999.000,9999.000,9999.000,9999.000,9999.000
202608072342,   1.923,   1.758,9999.000,9999.000,9999.000,9999.000,9999.000,9999.000,9999.000
202608072348,   1.877,   1.718,9999.000,9999.000,9999.000,9999.000,9999.000,9999.000,9999.000
202608072354,   1.830,   1.679,9999.000,9999.000,9999.000,9999.000,9999.000,9999.000,9999.000
202608080000,   1.783,   1.679,   0.000,  -0.104,   1.679,   0.000,   1.679,   0.000,   1.679
202608080006,   1.735,9999.000,9999.000,9999.000,9999.000,9999.000,9999.000,9999.000,9999.000
202608080012,   1.687,9999.000,9999.000,9999.000,9999.000,9999.000,9999.000,9999.000,9999.000
202608080018,   1.638,9999.000,9999.000,9999.000,9999.000,9999.000,9999.000,9999.000,9999.000
202608080024,   1.590,9999.000,9999.000,9999.000,9999.000,9999.000,9999.000,9999.000,9999.000
202608080030,   1.541,9999.000,9999.000,9999.000,9999.000,9999.000,9999.000,9999.000,9999.000
202608080036,   1.491,9999.000,9999.000,9999.000,9999.000,9999.000,9999.000,9999.000,9999.000
202608080042,   1.442,9999.000,9999.000,9999.000,9999.000,9999.000,9999.000,9999.000,9999.000
202608080048,   1.393,9999.000,9999.000,9999.000,9999.000,9999.000,9999.000,9999.000,9999.000
202608080054,   1.344,9999.000,9999.000,9999.000,9999.000,9999.000,9999.000,9999.000,9999.000
202608080100,   1.295,9999.000,   0.000,  -0.090,   1.205,   0.000,   1.205,   0.000,   1.205
202608080106,   1.246,9999.000,9999.000,9999.000,9999.000,9999.000,9999.000,9999.000,9999.000
202608080112,   1.198,9999.000,9999.000,9999.000,9999.000,9999.000,9999.000,9999.000,9999.000
202608080118,   1.150,9999.000,9999.000,9999.000,9999.000,9999.000,9999.000,9999.000,9999.000
202608080124,   1.103,9999.000,9999.000,9999.000,9999.000,9999.000,9999.000,9999.000,9999.000
202608080130,   1.057,9999.000,9999.000,9999.000,9999.000,9999.000,9999.000,9999.000,9999.000
202608080136,   1.012,9999.000,9999.000,9999.000,9999.000,9999.000,9999.000,9999.000,9999.000
202608080142,   0.968,9999.000,9999.000,9999.000,9999.000,9999.000,9999.000,9999.000,9999.000
202608080148,   0.925,9999.000,9999.000,9999.000,9999.000,9999.000,9999.000,9999.000,9999.000
202608080154,   0.884,9999.000,9999.000,9999.000,9999.000,9999.000,9999.000,9999.000,9999.000
202608080200,   0.843,9999.000,   0.000,  -0.076,   0.767,  -0.100,   0.667,   0.000,   0.767
202608080206,   0.805,9999.000,9999.000,9999.000,9999.000,9999.000,9999.000,9999.000,9999.000
202608080212,   0.768,9999.000,9999.000,9999.000,9999.000,9999.000,9999.000,9999.000,9999.000
202608080218,   0.732,9999.000,9999.000,9999.000,9999.000,9999.000,9999.000,9999.000,9999.000
202608080224,   0.699,9999.000,9999.000,9999.000,9999.000,9999.000,9999.000,9999.000,9999.000
202608080230,   0.667,9999.000,9999.000,9999.000,9999.000,9999.000,9999.000,9999.000,9999.000
202608080236,   0.638,9999.000,9999.000,9999.000,9999.000,9999.000,9999.000,9999.000,9999.000
202608080242,   0.611,9999.000,9999.000,9999.000,9999.000,9999.000,9999.000,9999.000,9999.000
202608080248,   0.585,9999.000,9999.000,9999.000,9999.000,9999.000,9999.000,9999.000,9999.000
202608080254,   0.562,9999.000,9999.000,9999.000,9999.000,9999.000,9999.000,9999.000,9999.000
202608080300,   0.542,9999.000,   0.000,  -0.062,   0.480,  -0.100,   0.380,   0.000,   0.480
202608080306,   0.523,9999.000,9999.000,9999.000,9999.000,9999.000,9999.000,9999.000,9999.000
202608080312,   0.507,9999.000,9999.000,9999.000,9999.000,9999.000,9999.000,9999.000,9999.000
202608080318,   0.493,9999.000,9999.000,9999.000,9999.000,9999.000,9999.000,9999.000,9999.000
202608080324,   0.482,9999.000,9999.000,9999.000,9999.000,9999.000,9999.000,9999.000,9999.000
202608080330,   0.473,9999.000,9999.000,9999.000,9999.000,9999.000,9999.000,9999.000,9999.000
202608080336,   0.466,9999.000,9999.000,9999.000,9999.000,9999.000,9999.000,9999.000,9999.000
202608080342,   0.462,9999.000,9999.000,9999.000,9999.000,9999.000,9999.000,9999.000,9999.000
202608080348,   0.460,9999.000,9999.000,9999.000,9999.000,9999.000,9999.000,9999.000,9999.000
202608080354,   0.461,9999.000,9999.000,9999.000,9999.000,9999.000,9999.000,9999.000,9999.000
202608080400,   0.464,9999.000,  -0.100,  -0.048,   0.316,  -0.100,   0.316,   0.000,   0.416
202608080406,   0.469,9999.000,9999.000,9999.000,9999.000,9999.000,9999.000,9999.000,9999.000
202608080412,   0.477,9999.000,9999.000,9999.000,9999.000,9999.000,9999.000,9999.000,9999.000
202608080418,   0.486,9999.000,9999.000,9999.000,9999.000,9999.000,9999.000,9999.000,9999.000
202608080424,   0.498,9999.000,9999.000,9999.000,9999.000,9999.000,9999.000,9999.000,9999.000
202608080430,   0.513,9999.000,9999.000,9999.000,9999.000,9999.000,9999.000,9999.000,9999.000
202608080436,   0.529,9999.000,9999.000,9999.000,9999.000,9999.000,9999.000,9999.000,9999.000
202608080442,   0.548,9999.000,9999.000,9999.000,9999.000,9999.000,9999.000,9999.000,9999.000
202608080448,   0.568,9999.000,9999.000,9999.000,9999.000,9999.000,9999.000,9999.000,9999.000
202608080454,   0.591,9999.000,9999.000,9999.000,9999.000,9999.000,9999.000,9999.000,9999.000
202608080500,   0.615,9999.000,  -0.100,  -0.034,   0.481,  -0.200,   0.381,   0.000,   0.581
202608080506,   0.642,9999.000,9999.000,9999.000,9999.000,9999.000,9999.000,9999.000,9999.000
202608080512,   0.670,9999.000,9999.000,9999.000,9999.000,9999.000,9999.000,9999.000,9999.000
202608080518,   0.700,9999.000,9999.000,9999.000,9999.000,9999.000,9999.000,9999.000,9999.000
202608080524,   0.732,9999.000,9999.000,9999.000,9999.000,9999.000,9999.000,9999.000,9999.000
202608080530,   0.765,9999.000,9999.000,9999.000,9999.000,9999.000,9999.000,9999.000,9999.000
202608080536,   0.801,9999.000,9999.000,9999.000,9999.000,9999.000,9999.000,9999.000,9999.000
202608080542,   0.837,9999.000,9999.000,9999.000,9999.000,9999.000,9999.000,9999.000,9999.000
202608080548,   0.875,9999.000,9999.000,9999.000,9999.000,9999.000,9999.000,9999.000,9999.000
202608080554,   0.914,9999.000,9999.000,9999.000,9999.000,9999.000,9999.000,9999.000,9999.000
202608080600,   0.955,9999.000,  -0.100,  -0.019,   0.836,  -0.200,   0.736,   0.000,   0.936
202608080606,   0.996,9999.000,9999.000,9999.000,9999.000,9999.000,9999.000,9999.000,9999.000
202608080612,   1.039,9999.000,9999.000,9999.000,9999.000,9999.000,9999.000,9999.000,9999.000
202608080618,   1.082,9999.000,9999.000,9999.000,9999.000,9999.000,9999.000,9999.000,9999.000
202608080624,   1.127,9999.000,9999.000,9999.000,9999.000,9999.000,9999.000,9999.000,9999.000
202608080630,   1.171,9999.000,9999.000,9999.000,9999.000,9999.000,9999.000,9999.000,9999.000
202608080636,   1.217,9999.000,9999.000,9999.000,9999.000,9999.000,9999.000,9999.000,9999.000
202608080642,   1.262,9999.000,9999.000,9999.000,9999.000,9999.000,9999.000,9999.000,9999.000
202608080648,   1.308,9999.000,9999.000,9999.000,9999.000,9999.000,9999.000,9999.000,9999.000
202608080654,   1.354,9999.000,9999.000,9999.000,9999.000,9999.000,9999.000,9999.000,9999.000
202608080700,   1.400,9999.000,  -0.100,  -0.005,   1.295,  -0.200,   1.195,   0.000,   1.395
202608080706,   1.445,9999.000,9999.000,9999.000,9999.000,9999.000,9999.000,9999.000,9999.000
202608080712,   1.490,9999.000,9999.000,9999.000,9999.000,9999.000,9999.000,9999.000,9999.000
202608080718,   1.534,9999.000,9999.000,9999.000,9999.000,9999.000,9999.000,9999.000,9999.000
202608080724,   1.578,9999.000,9999.000,9999.000,9999.000,9999.000,9999.000,9999.000,9999.000
202608080730,   1.620,9999.000,9999.000,9999.000,9999.000,9999.000,9999.000,9999.000,9999.000
202608080736,   1.662,9999.000,9999.000,9999.000,9999.000,9999.000,9999.000,9999.000,9999.000
202608080742,   1.702,9999.000,9999.000,9999.000,9999.000,9999.000,9999.000,9999.000,9999.000
202608080748,   1.741,9999.000,9999.000,9999.000,9999.000,9999.000,9999.000,9999.000,9999.000
202608080754,   1.778,9999.000,9999.000,9999.000,9999.000,9999.000,9999.000,9999.000,9999.000
202608080800,   1.813,9999.000,  -0.100,   0.009,   1.722,  -0.200,   1.622,   0.000,   1.822
202608080806,   1.847,9999.000,9999.000,9999.000,9999.000,9999.000,9999.000,9999.000,9999.000
202608080812,   1.879,9999.000,9999.000,9999.000,9999.000,9999.000,9999.000,9999.000,9999.000
202608080818,   1.908,9999.000,9999.000,9999.000,9999.000,9999.000,9999.000,9999.000,9999.000
202608080824,   1.936,9999.000,9999.000,9999.000,9999.000,9999.000,9999.000,9999.000,9999.000
202608080830,   1.961,9999.000,9999.000,9999.000,9999.000,9999.000,9999.000,9999.000,9999.000
202608080836,   1.984,9999.000,9999.000,9999.000,9999.000,9999.000,9999.000,9999.000,9999.000
202608080842,   2.004,9999.000,9999.000,9999.000,9999.000,9999.000,9999.000,9999.000,9999.000
202608080848,   2.022,9999.000,9999.000,9999.000,9999.000,9999.000,9999.000,9999.000,9999.000
202608080854,   2.038,9999.000,9999.000,9999.000,9999.000,9999.000,9999.000,9999.000,9999.000
202608080900,   2.051,9999.000,  -0.200,   0.023,   1.874,  -0.200,   1.874,   0.000,   2.074
202608080906,   2.061,9999.000,9999.000,9999.000,9999.000,9999.000,9999.000,9999.000,9999.000
202608080912,   2.069,9999.000,9999.000,9999.000,9999.000,9999.000,9999.000,9999.000,9999.000
202608080918,   2.074,9999.000,9999.000,9999.000,9999.000,9999.000,9999.000,9999.000,9999.000
202608080924,   2.077,9999.000,9999.000,9999.000,9999.000,9999.000,9999.000,9999.000,9999.000
202608080930,   2.078,9999.000,9999.000,9999.000,9999.000,9999.000,9999.000,9999.000,9999.000
202608080936,   2.076,9999.000,9999.000,9999.000,9999.000,9999.000,9999.000,9999.000,9999.000
202608080942,   2.071,9999.000,9999.000,9999.000,9999.000,9999.000,9999.000,9999.000,9999.000
202608080948,   2.064,9999.000,9999.000,9999.000,9999.000,9999.000,9999.000,9999.000,9999.000
202608080954,   2.055,9999.000,9999.000,9999.000,9999.000,9999.000,9999.000,9999.000,9999.000
202608081000,   2.044,9999.000,  -0.200,   0.037,   1.881,  -0.200,   1.881,   0.000,   2.081
202608081006,   2.030,9999.000,9999.000,9999.000,9999.000,9999.000,9999.000,9999.000,9999.000
202608081012,   2.015,9999.000,9999.000,9999.000,9999.000,9999.000,9999.000,9999.000,9999.000
202608081018,   1.997,9999.000,9999.000,9999.000,9999.000,9999.000,9999.000,9999.000,9999.000
202608081024,   1.977,9999.000,9999.000,9999.000,9999.000,9999.000,9999.000,9999.000,9999.000
202608081030,   1.956,9999.000,9999.000,9999.000,9999.000,9999.000,9999.000,9999.000,9999.000
202608081036,   1.932,9999.000,9999.000,9999.000,9999.000,9999.000,9999.000,9999.000,9999.000
202608081042,   1.907,9999.000,9999.000,9999.000,9999.000,9999.000,9999.000,9999.000,9999.000
202608081048,   1.881,9999.000,9999.000,9999.000,9999.000,9999.000,9999.000,9999.000,9999.000
202608081054,   1.852,9999.000,9999.000,9999.000,9999.000,9999.000,9999.000,9999.000,9999.000
202608081100,   1.822,9999.000,  -0.200,   0.051,   1.673,  -0.200,   1.673,   0.000,   1.873
202608081106,   1.791,9999.000,9999.000,9999.000,9999.000,9999.000,9999.000,9999.000,9999.000
202608081112,   1.758,9999.000,9999.000,9999.000,9999.000,9999.000,9999.000,9999.000,9999.000
202608081118,   1.724,9999.000,9999.000,9999.000,9999.000,9999.000,9999.000,9999.000,9999.000
202608081124,   1.689,9999.000,9999.000,9999.000,9999.000,9999.000,9999.000,9999.000,9999.000
202608081130,   1.652,9999.000,9999.000,9999.000,9999.000,9999.000,9999.000,9999.000,9999.000
202608081136,   1.615,9999.000,9999.000,9999.000,9999.000,9999.000,9999.000,9999.000,9999.000
202608081142,   1.576,9999.000,9999.000,9999.000,9999.000,9999.000,9999.000,9999.000,9999.000
202608081148,   1.536,9999.000,9999.000,9999.000,9999.000,9999.000,9999.000,9999.000,9999.000
202608081154,   1.495,9999.000,9999.000,9999.000,9999.000,9999.000,9999.000,9999.000,9999.000
202608081200,   1.454,9999.000,  -0.200,   0.065,   1.319,  -0.200,   1.319,  -0.100,   1.419
202608081206,   1.412,9999.000,9999.000,9999.000,9999.000,9999.000,9999.000,9999.000,9999.000
202608081212,   1.369,9999.000,9999.000,9999.000,9999.000,9999.000,9999.000,9999.000,9999.000
202608081218,   1.325,9999.000,9999.000,9999.000,9999.000,9999.000,9999.000,9999.000,9999.000
202608081224,   1.281,9999.000,9999.000,9999.000,9999.000,9999.000,9999.000,9999.000,9999.000
202608081230,   1.236,9999.000,9999.000,9999.000,9999.000,9999.000,9999.000,9999.000,9999.000
202608081236,   1.191,9999.000,9999.000,9999.000,9999.000,9999.000,9999.000,9999.000,9999.000
202608081242,   1.146,9999.000,9999.000,9999.000,9999.000,9999.000,9999.000,9999.000,9999.000
202608081248,   1.101,9999.000,9999.000,9999.000,9999.000,9999.000,9999.000,9999.000,9999.000
202608081254,   1.055,9999.000,9999.000,9999.000,9999.000,9999.000,9999.000,9999.000,9999.000
202608081300,   1.010,9999.000,  -0.200,   0.065,   0.875,  -0.200,   0.875,  -0.100,   0.975
202608081306,   0.965,9999.000,9999.000,9999.000,9999.000,9999.000,9999.000,9999.000,9999.000
202608081312,   0.920,9999.000,9999.000,9999.000,9999.000,9999.000,9999.000,9999.000,9999.000
202608081318,   0.876,9999.000,9999.000,9999.000,9999.000,9999.000,9999.000,9999.000,9999.000
202608081324,   0.832,9999.000,9999.000,9999.000,9999.000,9999.000,9999.000,9999.000,9999.000
202608081330,   0.789,9999.000,9999.000,9999.000,9999.000,9999.000,9999.000,9999.000,9999.000
202608081336,   0.747,9999.000,9999.000,9999.000,9999.000,9999.000,9999.000,9999.000,9999.000
202608081342,   0.706,9999.000,9999.000,9999.000,9999.000,9999.000,9999.000,9999.000,9999.000
202608081348,   0.666,9999.000,9999.000,9999.000,9999.000,9999.000,9999.000,9999.000,9999.000
202608081354,   0.627,9999.000,9999.000,9999.000,9999.000,9999.000,9999.000,9999.000,9999.000
202608081400,   0.590,9999.000,  -0.200,   0.065,   0.455,  -0.200,   0.455,  -0.100,   0.555
202608081406,   0.554,9999.000,9999.000,9999.000,9999.000,9999.000,9999.000,9999.000,9999.000
202608081412,   0.520,9999.000,9999.000,9999.000,9999.000,9999.000,9999.000,9999.000,9999.000
202608081418,   0.488,9999.000,9999.000,9999.000,9999.000,9999.000,9999.000,9999.000,9999.000
202608081424,   0.458,9999.000,9999.000,9999.000,9999.000,9999.000,9999.000,9999.000,9999.000
202608081430,   0.430,9999.000,9999.000,9999.000,9999.000,9999.000,9999.000,9999.000,9999.000
202608081436,   0.405,9999.000,9999.000,9999.000,9999.000,9999.000,9999.000,9999.000,9999.000
202608081442,   0.381,9999.000,9999.000,9999.000,9999.000,9999.000,9999.000,9999.000,9999.000
202608081448,   0.360,9999.000,9999.000,9999.000,9999.000,9999.000,9999.000,9999.000,9999.000
202608081454,   0.342,9999.000,9999.000,9999.000,9999.000,9999.000,9999.000,9999.000,9999.000
202608081500,   0.326,9999.000,  -0.200,   0.065,   0.191,  -0.200,   0.191,  -0.100,   0.291
202608081506,   0.313,9999.000,9999.000,9999.000,9999.000,9999.000,9999.000,9999.000,9999.000
202608081512,   0.302,9999.000,9999.000,9999.000,9999.000,9999.000,9999.000,9999.000,9999.000
202608081518,   0.294,9999.000,9999.000,9999.000,9999.000,9999.000,9999.000,9999.000,9999.000
202608081524,   0.289,9999.000,9999.000,9999.000,9999.000,9999.000,9999.000,9999.000,9999.000
202608081530,   0.287,9999.000,9999.000,9999.000,9999.000,9999.000,9999.000,9999.000,9999.000
202608081536,   0.288,9999.000,9999.000,9999.000,9999.000,9999.000,9999.000,9999.000,9999.000
202608081542,   0.291,9999.000,9999.000,9999.000,9999.000,9999.000,9999.000,9999.000,9999.000
202608081548,   0.298,9999.000,9999.000,9999.000,9999.000,9999.000,9999.000,9999.000,9999.000
202608081554,   0.307,9999.000,9999.000,9999.000,9999.000,9999.000,9999.000,9999.000,9999.000
202608081600,   0.319,9999.000,  -0.200,   0.065,   0.184,  -0.300,   0.084,  -0.100,   0.284
202608081606,   0.334,9999.000,9999.000,9999.000,9999.000,9999.000,9999.000,9999.000,9999.000
202608081612,   0.351,9999.000,9999.000,9999.000,9999.000,9999.000,9999.000,9999.000,9999.000
202608081618,   0.372,9999.000,9999.000,9999.000,9999.000,9999.000,9999.000,9999.000,9999.000
202608081624,   0.395,9999.000,9999.000,9999.000,9999.000,9999.000,9999.000,9999.000,9999.000
202608081630,   0.420,9999.000,9999.000,9999.000,9999.000,9999.000,9999.000,9999.000,9999.000
202608081636,   0.448,9999.000,9999.000,9999.000,9999.000,9999.000,9999.000,9999.000,9999.000
202608081642,   0.479,9999.000,9999.000,9999.000,9999.000,9999.000,9999.000,9999.000,9999.000
202608081648,   0.512,9999.000,9999.000,9999.000,9999.000,9999.000,9999.000,9999.000,9999.000
202608081654,   0.548,9999.000,9999.000,9999.000,9999.000,9999.000,9999.000,9999.000,9999.000
202608081700,   0.586,9999.000,  -0.100,   0.065,   0.551,  -0.200,   0.451,  -0.100,   0.551
202608081706,   0.626,9999.000,9999.000,9999.000,9999.000,9999.000,9999.000,9999.000,9999.000
202608081712,   0.668,9999.000,9999.000,9999.000,9999.000,9999.000,9999.000,9999.000,9999.000
202608081718,   0.712,9999.000,9999.000,9999.000,9999.000,9999.000,9999.000,9999.000,9999.000
202608081724,   0.758,9999.000,9999.000,9999.000,9999.000,9999.000,9999.000,9999.000,9999.000
202608081730,   0.806,9999.000,9999.000,9999.000,9999.000,9999.000,9999.000,9999.000,9999.000
202608081736,   0.856,9999.000,9999.000,9999.000,9999.000,9999.000,9999.000,9999.000,9999.000
202608081742,   0.908,9999.000,9999.000,9999.000,9999.000,9999.000,9999.000,9999.000,9999.000
202608081748,   0.961,9999.000,9999.000,9999.000,9999.000,9999.000,9999.000,9999.000,9999.000
202608081754,   1.015,9999.000,9999.000,9999.000,9999.000,9999.000,9999.000,9999.000,9999.000
202608081800,   1.071,9999.000,  -0.100,   0.065,   1.036,  -0.200,   0.936,   0.000,   1.136
202608081806,   1.128,9999.000,9999.000,9999.000,9999.000,9999.000,9999.000,9999.000,9999.000
202608081812,   1.186,9999.000,9999.000,9999.000,9999.000,9999.000,9999.000,9999.000,9999.000
202608081818,   1.245,9999.000,9999.000,9999.000,9999.000,9999.000,9999.000,9999.000,9999.000
202608081824,   1.305,9999.000,9999.000,9999.000,9999.000,9999.000,9999.000,9999.000,9999.000
202608081830,   1.366,9999.000,9999.000,9999.000,9999.000,9999.000,9999.000,9999.000,9999.000
202608081836,   1.427,9999.000,9999.000,9999.000,9999.000,9999.000,9999.000,9999.000,9999.000
202608081842,   1.489,9999.000,9999.000,9999.000,9999.000,9999.000,9999.000,9999.000,9999.000
202608081848,   1.550,9999.000,9999.000,9999.000,9999.000,9999.000,9999.000,9999.000,9999.000
202608081854,   1.613,9999.000,9999.000,9999.000,9999.000,9999.000,9999.000,9999.000,9999.000
202608081900,   1.675,9999.000,  -0.100,   0.065,   1.640,  -0.200,   1.540,   0.000,   1.740
202608081906,   1.736,9999.000,9999.000,9999.000,9999.000,9999.000,9999.000,9999.000,9999.000
202608081912,   1.798,9999.000,9999.000,9999.000,9999.000,9999.000,9999.000,9999.000,9999.000
202608081918,   1.859,9999.000,9999.000,9999.000,9999.000,9999.000,9999.000,9999.000,9999.000
202608081924,   1.919,9999.000,9999.000,9999.000,9999.000,9999.000,9999.000,9999.000,9999.000
202608081930,   1.979,9999.000,9999.000,9999.000,9999.000,9999.000,9999.000,9999.000,9999.000
202608081936,   2.038,9999.000,9999.000,9999.000,9999.000,9999.000,9999.000,9999.000,9999.000
202608081942,   2.095,9999.000,9999.000,9999.000,9999.000,9999.000,9999.000,9999.000,9999.000
202608081948,   2.151,9999.000,9999.000,9999.000,9999.000,9999.000,9999.000,9999.000,9999.000
202608081954,   2.206,9999.000,9999.000,9999.000,9999.000,9999.000,9999.000,9999.000,9999.000
202608082000,   2.259,9999.000,  -0.100,   0.065,   2.224,  -0.200,   2.124,   0.000,   2.324
202608082006,   2.310,9999.000,9999.000,9999.000,9999.000,9999.000,9999.000,9999.000,9999.000
202608082012,   2.360,9999.000,9999.000,9999.000,9999.000,9999.000,9999.000,9999.000,9999.000
202608082018,   2.407,9999.000,9999.000,9999.000,9999.000,9999.000,9999.000,9999.000,9999.000
202608082024,   2.452,9999.000,9999.000,9999.000,9999.000,9999.000,9999.000,9999.000,9999.000
202608082030,   2.495,9999.000,9999.000,9999.000,9999.000,9999.000,9999.000,9999.000,9999.000
202608082036,   2.536,9999.000,9999.000,9999.000,9999.000,9999.000,9999.000,9999.000,9999.000
202608082042,   2.574,9999.000,9999.000,9999.000,9999.000,9999.000,9999.000,9999.000,9999.000
202608082048,   2.610,9999.000,9999.000,9999.000,9999.000,9999.000,9999.000,9999.000,9999.000
202608082054,   2.642,9999.000,9999.000,9999.000,9999.000,9999.000,9999.000,9999.000,9999.000
202608082100,   2.673,9999.000,  -0.100,   0.065,   2.638,  -0.200,   2.538,   0.000,   2.738
202608082106,   2.700,9999.000,9999.000,9999.000,9999.000,9999.000,9999.000,9999.000,9999.000
202608082112,   2.725,9999.000,9999.000,9999.000,9999.000,9999.000,9999.000,9999.000,9999.000
202608082118,   2.746,9999.000,9999.000,9999.000,9999.000,9999.000,9999.000,9999.000,9999.000
202608082124,   2.765,9999.000,9999.000,9999.000,9999.000,9999.000,9999.000,9999.000,9999.000
202608082130,   2.781,9999.000,9999.000,9999.000,9999.000,9999.000,9999.000,9999.000,9999.000
202608082136,   2.794,9999.000,9999.000,9999.000,9999.000,9999.000,9999.000,9999.000,9999.000
202608082142,   2.804,9999.000,9999.000,9999.000,9999.000,9999.000,9999.000,9999.000,9999.000
202608082148,   2.812,9999.000,9999.000,9999.000,9999.000,9999.000,9999.000,9999.000,9999.000
202608082154,   2.816,9999.000,9999.000,9999.000,9999.000,9999.000,9999.000,9999.000,9999.000
202608082200,   2.818,9999.000,  -0.100,   0.065,   2.783,  -0.100,   2.783,   0.000,   2.883
202608082206,   2.817,9999.000,9999.000,9999.000,9999.000,9999.000,9999.000,9999.000,9999.000
202608082212,   2.813,9999.000,9999.000,9999.000,9999.000,9999.000,9999.000,9999.000,9999.000
202608082218,   2.807,9999.000,9999.000,9999.000,9999.000,9999.000,9999.000,9999.000,9999.000
202608082224,   2.798,9999.000,9999.000,9999.000,9999.000,9999.000,9999.000,9999.000,9999.000
202608082230,   2.786,9999.000,9999.000,9999.000,9999.000,9999.000,9999.000,9999.000,9999.000
202608082236,   2.772,9999.000,9999.000,9999.000,9999.000,9999.000,9999.000,9999.000,9999.000
202608082242,   2.756,9999.000,9999.000,9999.000,9999.000,9999.000,9999.000,9999.000,9999.000
202608082248,   2.737,9999.000,9999.000,9999.000,9999.000,9999.000,9999.000,9999.000,9999.000
202608082254,   2.716,9999.000,9999.000,9999.000,9999.000,9999.000,9999.000,9999.000,9999.000
202608082300,   2.693,9999.000,  -0.100,   0.065,   2.658,  -0.200,   2.558,   0.000,   2.758
202608082306,   2.667,9999.000,9999.000,9999.000,9999.000,9999.000,9999.000,9999.000,9999.000
202608082312,   2.640,9999.000,9999.000,9999.000,9999.000,9999.000,9999.000,9999.000,9999.000
202608082318,   2.610,9999.000,9999.000,9999.000,9999.000,9999.000,9999.000,9999.000,9999.000
202608082324,   2.579,9999.000,9999.000,9999.000,9999.000,9999.000,9999.000,9999.000,9999.000
202608082330,   2.546,9999.000,9999.000,9999.000,9999.000,9999.000,9999.000,9999.000,9999.000
202608082336,   2.511,9999.000,9999.000,9999.000,9999.000,9999.000,9999.000,9999.000,9999.000
202608082342,   2.475,9999.000,9999.000,9999.000,9999.000,9999.000,9999.000,9999.000,9999.000
202608082348,   2.437,9999.000,9999.000,9999.000,9999.000,9999.000,9999.000,9999.000,9999.000
202608082354,   2.397,9999.000,9999.000,9999.000,9999.000,9999.000,9999.000,9999.000,9999.000
202608090000,   2.356,9999.000,  -0.100,   0.065,   2.321,  -0.100,   2.321,   0.000,   2.421
202608090006,   2.313,9999.000,9999.000,9999.000,9999.000,9999.000,9999.000,9999.000,9999.000
202608090012,   2.269,9999.000,9999.000,9999.000,9999.000,9999.000,9999.000,9999.000,9999.000
202608090018,   2.224,9999.000,9999.000,9999.000,9999.000,9999.000,9999.000,9999.000,9999.000
202608090024,   2.177,9999.000,9999.000,9999.000,9999.000,9999.000,9999.000,9999.000,9999.000
202608090030,   2.129,9999.000,9999.000,9999.000,9999.000,9999.000,9999.000,9999.000,9999.000
202608090036,   2.080,9999.000,9999.000,9999.000,9999.000,9999.000,9999.000,9999.000,9999.000
202608090042,   2.031,9999.000,9999.000,9999.000,9999.000,9999.000,9999.000,9999.000,9999.000
202608090048,   1.980,9999.000,9999.000,9999.000,9999.000,9999.000,9999.000,9999.000,9999.000
202608090054,   1.928,9999.000,9999.000,9999.000,9999.000,9999.000,9999.000,9999.000,9999.000
202608090100,   1.876,9999.000,  -0.100,   0.065,   1.841,  -0.200,   1.741,   0.000,   1.941
202608090106,   1.823,9999.000,9999.000,9999.000,9999.000,9999.000,9999.000,9999.000,9999.000
202608090112,   1.769,9999.000,9999.000,9999.000,9999.000,9999.000,9999.000,9999.000,9999.000
202608090118,   1.715,9999.000,9999.000,9999.000,9999.000,9999.000,9999.000,9999.000,9999.000
202608090124,   1.660,9999.000,9999.000,9999.000,9999.000,9999.000,9999.000,9999.000,9999.000
202608090130,   1.605,9999.000,9999.000,9999.000,9999.000,9999.000,9999.000,9999.000,9999.000
202608090136,   1.550,9999.000,9999.000,9999.000,9999.000,9999.000,9999.000,9999.000,9999.000
202608090142,   1.495,9999.000,9999.000,9999.000,9999.000,9999.000,9999.000,9999.000,9999.000
202608090148,   1.440,9999.000,9999.000,9999.000,9999.000,9999.000,9999.000,9999.000,9999.000
202608090154,   1.385,9999.000,9999.000,9999.000,9999.000,9999.000,9999.000,9999.000,9999.000
202608090200,   1.331,9999.000,  -0.100,   0.065,   1.296,  -0.200,   1.196,   0.000,   1.396
202608090206,   1.277,9999.000,9999.000,9999.000,9999.000,9999.000,9999.000,9999.000,9999.000
202608090212,   1.223,9999.000,9999.000,9999.000,9999.000,9999.000,9999.000,9999.000,9999.000
202608090218,   1.170,9999.000,9999.000,9999.000,9999.000,9999.000,9999.000,9999.000,9999.000
202608090224,   1.118,9999.000,9999.000,9999.000,9999.000,9999.000,9999.000,9999.000,9999.000
202608090230,   1.067,9999.000,9999.000,9999.000,9999.000,9999.000,9999.000,9999.000,9999.000
202608090236,   1.017,9999.000,9999.000,9999.000,9999.000,9999.000,9999.000,9999.000,9999.000
202608090242,   0.968,9999.000,9999.000,9999.000,9999.000,9999.000,9999.000,9999.000,9999.000
202608090248,   0.921,9999.000,9999.000,9999.000,9999.000,9999.000,9999.000,9999.000,9999.000
202608090254,   0.874,9999.000,9999.000,9999.000,9999.000,9999.000,9999.000,9999.000,9999.000
202608090300,   0.830,9999.000,  -0.100,   0.065,   0.795,  -0.200,   0.695,   0.000,   0.895
202608090306,   0.787,9999.000,9999.000,9999.000,9999.000,9999.000,9999.000,9999.000,9999.000
202608090312,   0.745,9999.000,9999.000,9999.000,9999.000,9999.000,9999.000,9999.000,9999.000
202608090318,   0.706,9999.000,9999.000,9999.000,9999.000,9999.000,9999.000,9999.000,9999.000
202608090324,   0.669,9999.000,9999.000,9999.000,9999.000,9999.000,9999.000,9999.000,9999.000
202608090330,   0.633,9999.000,9999.000,9999.000,9999.000,9999.000,9999.000,9999.000,9999.000
202608090336,   0.600,9999.000,9999.000,9999.000,9999.000,9999.000,9999.000,9999.000,9999.000
202608090342,   0.569,9999.000,9999.000,9999.000,9999.000,9999.000,9999.000,9999.000,9999.000
202608090348,   0.540,9999.000,9999.000,9999.000,9999.000,9999.000,9999.000,9999.000,9999.000
202608090354,   0.513,9999.000,9999.000,9999.000,9999.000,9999.000,9999.000,9999.000,9999.000
202608090400,   0.489,9999.000,  -0.100,   0.065,   0.454,  -0.200,   0.354,   0.000,   0.554
202608090406,   0.467,9999.000,9999.000,9999.000,9999.000,9999.000,9999.000,9999.000,9999.000
202608090412,   0.448,9999.000,9999.000,9999.000,9999.000,9999.000,9999.000,9999.000,9999.000
202608090418,   0.431,9999.000,9999.000,9999.000,9999.000,9999.000,9999.000,9999.000,9999.000
202608090424,   0.417,9999.000,9999.000,9999.000,9999.000,9999.000,9999.000,9999.000,9999.000
202608090430,   0.405,9999.000,9999.000,9999.000,9999.000,9999.000,9999.000,9999.000,9999.000
202608090436,   0.395,9999.000,9999.000,9999.000,9999.000,9999.000,9999.000,9999.000,9999.000
202608090442,   0.389,9999.000,9999.000,9999.000,9999.000,9999.000,9999.000,9999.000,9999.000
202608090448,   0.384,9999.000,9999.000,9999.000,9999.000,9999.000,9999.000,9999.000,9999.000
202608090454,   0.383,9999.000,9999.000,9999.000,9999.000,9999.000,9999.000,9999.000,9999.000
202608090500,   0.383,9999.000,  -0.200,   0.065,   0.248,  -0.300,   0.148,   0.000,   0.448
202608090506,   0.387,9999.000,9999.000,9999.000,9999.000,9999.000,9999.000,9999.000,9999.000
202608090512,   0.393,9999.000,9999.000,9999.000,9999.000,9999.000,9999.000,9999.000,9999.000
202608090518,   0.401,9999.000,9999.000,9999.000,9999.000,9999.000,9999.000,9999.000,9999.000
202608090524,   0.412,9999.000,9999.000,9999.000,9999.000,9999.000,9999.000,9999.000,9999.000
202608090530,   0.425,9999.000,9999.000,9999.000,9999.000,9999.000,9999.000,9999.000,9999.000
202608090536,   0.441,9999.000,9999.000,9999.000,9999.000,9999.000,9999.000,9999.000,9999.000
202608090542,   0.459,9999.000,9999.000,9999.000,9999.000,9999.000,9999.000,9999.000,9999.000
202608090548,   0.479,9999.000,9999.000,9999.000,9999.000,9999.000,9999.000,9999.000,9999.000
202608090554,   0.502,9999.000,9999.000,9999.000,9999.000,9999.000,9999.000,9999.000,9999.000
202608090600,   0.527,9999.000,  -0.200,   0.065,   0.392,  -0.300,   0.292,   0.000,   0.592
202608090606,   0.554,9999.000,9999.000,9999.000,9999.000,9999.000,9999.000,9999.000,9999.000
202608090612,   0.583,9999.000,9999.000,9999.000,9999.000,9999.000,9999.000,9999.000,9999.000
202608090618,   0.614,9999.000,9999.000,9999.000,9999.000,9999.000,9999.000,9999.000,9999.000
202608090624,   0.647,9999.000,9999.000,9999.000,9999.000,9999.000,9999.000,9999.000,9999.000
202608090630,   0.682,9999.000,9999.000,9999.000,9999.000,9999.000,9999.000,9999.000,9999.000
202608090636,   0.719,9999.000,9999.000,9999.000,9999.000,9999.000,9999.000,9999.000,9999.000
202608090642,   0.757,9999.000,9999.000,9999.000,9999.000,9999.000,9999.000,9999.000,9999.000
202608090648,   0.797,9999.000,9999.000,9999.000,9999.000,9999.000,9999.000,9999.000,9999.000
202608090654,   0.839,9999.000,9999.000,9999.000,9999.000,9999.000,9999.000,9999.000,9999.000
202608090700,   0.882,9999.000,  -0.200,   0.065,   0.747,  -0.400,   0.547,   0.000,   0.947
202608090706,   0.926,9999.000,9999.000,9999.000,9999.000,9999.000,9999.000,9999.000,9999.000
202608090712,   0.971,9999.000,9999.000,9999.000,9999.000,9999.000,9999.000,9999.000,9999.000
202608090718,   1.018,9999.000,9999.000,9999.000,9999.000,9999.000,9999.000,9999.000,9999.000
202608090724,   1.065,9999.000,9999.000,9999.000,9999.000,9999.000,9999.000,9999.000,9999.000
202608090730,   1.113,9999.000,9999.000,9999.000,9999.000,9999.000,9999.000,9999.000,9999.000
202608090736,   1.162,9999.000,9999.000,9999.000,9999.000,9999.000,9999.000,9999.000,9999.000
202608090742,   1.211,9999.000,9999.000,9999.000,9999.000,9999.000,9999.000,9999.000,9999.000
202608090748,   1.261,9999.000,9999.000,9999.000,9999.000,9999.000,9999.000,9999.000,9999.000
202608090754,   1.311,9999.000,9999.000,9999.000,9999.000,9999.000,9999.000,9999.000,9999.000
202608090800,   1.361,9999.000,  -0.200,   0.065,   1.226,  -0.400,   1.026,   0.000,   1.426
202608090806,   1.410,9999.000,9999.000,9999.000,9999.000,9999.000,9999.000,9999.000,9999.000
202608090812,   1.460,9999.000,9999.000,9999.000,9999.000,9999.000,9999.000,9999.000,9999.000
202608090818,   1.509,9999.000,9999.000,9999.000,9999.000,9999.000,9999.000,9999.000,9999.000
202608090824,   1.557,9999.000,9999.000,9999.000,9999.000,9999.000,9999.000,9999.000,9999.000
202608090830,   1.604,9999.000,9999.000,9999.000,9999.000,9999.000,9999.000,9999.000,9999.000
202608090836,   1.651,9999.000,9999.000,9999.000,9999.000,9999.000,9999.000,9999.000,9999.000
202608090842,   1.696,9999.000,9999.000,9999.000,9999.000,9999.000,9999.000,9999.000,9999.000
202608090848,   1.741,9999.000,9999.000,9999.000,9999.000,9999.000,9999.000,9999.000,9999.000
202608090854,   1.783,9999.000,9999.000,9999.000,9999.000,9999.000,9999.000,9999.000,9999.000
202608090900,   1.825,9999.000,  -0.200,   0.065,   1.690,  -0.400,   1.490,   0.000,   1.890
202608090906,   1.864,9999.000,9999.000,9999.000,9999.000,9999.000,9999.000,9999.000,9999.000
202608090912,   1.902,9999.000,9999.000,9999.000,9999.000,9999.000,9999.000,9999.000,9999.000
202608090918,   1.937,9999.000,9999.000,9999.000,9999.000,9999.000,9999.000,9999.000,9999.000
202608090924,   1.971,9999.000,9999.000,9999.000,9999.000,9999.000,9999.000,9999.000,9999.000
202608090930,   2.002,9999.000,9999.000,9999.000,9999.000,9999.000,9999.000,9999.000,9999.000
202608090936,   2.032,9999.000,9999.000,9999.000,9999.000,9999.000,9999.000,9999.000,9999.000
202608090942,   2.058,9999.000,9999.000,9999.000,9999.000,9999.000,9999.000,9999.000,9999.000
202608090948,   2.083,9999.000,9999.000,9999.000,9999.000,9999.000,9999.000,9999.000,9999.000
202608090954,   2.105,9999.000,9999.000,9999.000,9999.000,9999.000,9999.000,9999.000,9999.000
202608091000,   2.124,9999.000,  -0.200,   0.065,   1.989,  -0.400,   1.789,   0.000,   2.189
202608091006,   2.141,9999.000,9999.000,9999.000,9999.000,9999.000,9999.000,9999.000,9999.000
202608091012,   2.155,9999.000,9999.000,9999.000,9999.000,9999.000,9999.000,9999.000,9999.000
202608091018,   2.166,9999.000,9999.000,9999.000,9999.000,9999.000,9999.000,9999.000,9999.000
202608091024,   2.175,9999.000,9999.000,9999.000,9999.000,9999.000,9999.000,9999.000,9999.000
202608091030,   2.181,9999.000,9999.000,9999.000,9999.000,9999.000,9999.000,9999.000,9999.000
202608091036,   2.184,9999.000,9999.000,9999.000,9999.000,9999.000,9999.000,9999.000,9999.000
202608091042,   2.185,9999.000,9999.000,9999.000,9999.000,9999.000,9999.000,9999.000,9999.000
202608091048,   2.182,9999.000,9999.000,9999.000,9999.000,9999.000,9999.000,9999.000,9999.000
202608091054,   2.178,9999.000,9999.000,9999.000,9999.000,9999.000,9999.000,9999.000,9999.000
202608091100,   2.170,9999.000,  -0.200,   0.065,   2.035,  -0.300,   1.935,   0.000,   2.235
202608091106,   2.160,9999.000,9999.000,9999.000,9999.000,9999.000,9999.000,9999.000,9999.000
202608091112,   2.148,9999.000,9999.000,9999.000,9999.000,9999.000,9999.000,9999.000,9999.000
202608091118,   2.133,9999.000,9999.000,9999.000,9999.000,9999.000,9999.000,9999.000,9999.000
202608091124,   2.115,9999.000,9999.000,9999.000,9999.000,9999.000,9999.000,9999.000,9999.000
202608091130,   2.096,9999.000,9999.000,9999.000,9999.000,9999.000,9999.000,9999.000,9999.000
202608091136,   2.074,9999.000,9999.000,9999.000,9999.000,9999.000,9999.000,9999.000,9999.000
202608091142,   2.049,9999.000,9999.000,9999.000,9999.000,9999.000,9999.000,9999.000,9999.000
202608091148,   2.023,9999.000,9999.000,9999.000,9999.000,9999.000,9999.000,9999.000,9999.000
202608091154,   1.994,9999.000,9999.000,9999.000,9999.000,9999.000,9999.000,9999.000,9999.000
202608091200,   1.964,9999.000,  -0.200,   0.065,   1.829,  -0.300,   1.729,   0.000,   2.029
202608091206,   1.931,9999.000,9999.000,9999.000,9999.000,9999.000,9999.000,9999.000,9999.000
202608091212,   1.897,9999.000,9999.000,9999.000,9999.000,9999.000,9999.000,9999.000,9999.000
202608091218,   1.861,9999.000,9999.000,9999.000,9999.000,9999.000,9999.000,9999.000,9999.000
202608091224,   1.823,9999.000,9999.000,9999.000,9999.000,9999.000,9999.000,9999.000,9999.000
202608091230,   1.784,9999.000,9999.000,9999.000,9999.000,9999.000,9999.000,9999.000,9999.000
202608091236,   1.743,9999.000,9999.000,9999.000,9999.000,9999.000,9999.000,9999.000,9999.000
202608091242,   1.701,9999.000,9999.000,9999.000,9999.000,9999.000,9999.000,9999.000,9999.000
202608091248,   1.657,9999.000,9999.000,9999.000,9999.000,9999.000,9999.000,9999.000,9999.000
202608091254,   1.613,9999.000,9999.000,9999.000,9999.000,9999.000,9999.000,9999.000,9999.000
202608091300,   1.567,9999.000,  -0.200,   0.065,   1.432,  -0.300,   1.332,   0.000,   1.632
202608091306,   1.520,9999.000,9999.000,9999.000,9999.000,9999.000,9999.000,9999.000,9999.000
202608091312,   1.473,9999.000,9999.000,9999.000,9999.000,9999.000,9999.000,9999.000,9999.000
202608091318,   1.424,9999.000,9999.000,9999.000,9999.000,9999.000,9999.000,9999.000,9999.000
202608091324,   1.375,9999.000,9999.000,9999.000,9999.000,9999.000,9999.000,9999.000,9999.000
202608091330,   1.326,9999.000,9999.000,9999.000,9999.000,9999.000,9999.000,9999.000,9999.000
202608091336,   1.276,9999.000,9999.000,9999.000,9999.000,9999.000,9999.000,9999.000,9999.000
202608091342,   1.225,9999.000,9999.000,9999.000,9999.000,9999.000,9999.000,9999.000,9999.000
202608091348,   1.175,9999.000,9999.000,9999.000,9999.000,9999.000,9999.000,9999.000,9999.000
202608091354,   1.125,9999.000,9999.000,9999.000,9999.000,9999.000,9999.000,9999.000,9999.000
202608091400,   1.074,9999.000,  -0.100,   0.065,   1.039,  -0.300,   0.839,   0.000,   1.139
202608091406,   1.025,9999.000,9999.000,9999.000,9999.000,9999.000,9999.000,9999.000,9999.000
202608091412,   0.975,9999.000,9999.000,9999.000,9999.000,9999.000,9999.000,9999.000,9999.000
202608091418,   0.926,9999.000,9999.000,9999.000,9999.000,9999.000,9999.000,9999.000,9999.000
202608091424,   0.878,9999.000,9999.000,9999.000,9999.000,9999.000,9999.000,9999.000,9999.000
202608091430,   0.830,9999.000,9999.000,9999.000,9999.000,9999.000,9999.000,9999.000,9999.000
202608091436,   0.783,9999.000,9999.000,9999.000,9999.000,9999.000,9999.000,9999.000,9999.000
202608091442,   0.738,9999.000,9999.000,9999.000,9999.000,9999.000,9999.000,9999.000,9999.000
202608091448,   0.694,9999.000,9999.000,9999.000,9999.000,9999.000,9999.000,9999.000,9999.000
202608091454,   0.651,9999.000,9999.000,9999.000,9999.000,9999.000,9999.000,9999.000,9999.000
202608091500,   0.610,9999.000,  -0.100,   0.065,   0.575,  -0.200,   0.475,   0.000,   0.675
202608091506,   0.570,9999.000,9999.000,9999.000,9999.000,9999.000,9999.000,9999.000,9999.000
202608091512,   0.533,9999.000,9999.000,9999.000,9999.000,9999.000,9999.000,9999.000,9999.000
202608091518,   0.497,9999.000,9999.000,9999.000,9999.000,9999.000,9999.000,9999.000,9999.000
202608091524,   0.463,9999.000,9999.000,9999.000,9999.000,9999.000,9999.000,9999.000,9999.000
202608091530,   0.432,9999.000,9999.000,9999.000,9999.000,9999.000,9999.000,9999.000,9999.000
202608091536,   0.402,9999.000,9999.000,9999.000,9999.000,9999.000,9999.000,9999.000,9999.000
202608091542,   0.375,9999.000,9999.000,9999.000,9999.000,9999.000,9999.000,9999.000,9999.000
202608091548,   0.351,9999.000,9999.000,9999.000,9999.000,9999.000,9999.000,9999.000,9999.000
202608091554,   0.329,9999.000,9999.000,9999.000,9999.000,9999.000,9999.000,9999.000,9999.000
202608091600,   0.310,9999.000,  -0.100,   0.065,   0.275,  -0.200,   0.175,   0.000,   0.375
202608091606,   0.294,9999.000,9999.000,9999.000,9999.000,9999.000,9999.000,9999.000,9999.000
202608091612,   0.280,9999.000,9999.000,9999.000,9999.000,9999.000,9999.000,9999.000,9999.000
202608091618,   0.269,9999.000,9999.000,9999.000,9999.000,9999.000,9999.000,9999.000,9999.000
202608091624,   0.261,9999.000,9999.000,9999.000,9999.000,9999.000,9999.000,9999.000,9999.000
202608091630,   0.256,9999.000,9999.000,9999.000,9999.000,9999.000,9999.000,9999.000,9999.000
202608091636,   0.254,9999.000,9999.000,9999.000,9999.000,9999.000,9999.000,9999.000,9999.000
202608091642,   0.255,9999.000,9999.000,9999.000,9999.000,9999.000,9999.000,9999.000,9999.000
202608091648,   0.259,9999.000,9999.000,9999.000,9999.000,9999.000,9999.000,9999.000,9999.000
202608091654,   0.266,9999.000,9999.000,9999.000,9999.000,9999.000,9999.000,9999.000,9999.000
202608091700,   0.275,9999.000,  -0.100,   0.065,   0.240,  -0.100,   0.240,   0.000,   0.340
202608091706,   0.288,9999.000,9999.000,9999.000,9999.000,9999.000,9999.000,9999.000,9999.000
202608091712,   0.304,9999.000,9999.000,9999.000,9999.000,9999.000,9999.000,9999.000,9999.000
202608091718,   0.322,9999.000,9999.000,9999.000,9999.000,9999.000,9999.000,9999.000,9999.000
202608091724,   0.343,9999.000,9999.000,9999.000,9999.000,9999.000,9999.000,9999.000,9999.000
202608091730,   0.367,9999.000,9999.000,9999.000,9999.000,9999.000,9999.000,9999.000,9999.000
202608091736,   0.394,9999.000,9999.000,9999.000,9999.000,9999.000,9999.000,9999.000,9999.000
202608091742,   0.423,9999.000,9999.000,9999.000,9999.000,9999.000,9999.000,9999.000,9999.000
202608091748,   0.455,9999.000,9999.000,9999.000,9999.000,9999.000,9999.000,9999.000,9999.000
202608091754,   0.490,9999.000,9999.000,9999.000,9999.000,9999.000,9999.000,9999.000,9999.000
202608091800,   0.527,9999.000,   0.000,   0.065,   0.592,  -0.100,   0.492,   0.000,   0.592
202608091806,   0.567,9999.000,9999.000,9999.000,9999.000,9999.000,9999.000,9999.000,9999.000
202608091812,   0.608,9999.000,9999.000,9999.000,9999.000,9999.000,9999.000,9999.000,9999.000
202608091818,   0.652,9999.000,9999.000,9999.000,9999.000,9999.000,9999.000,9999.000,9999.000
202608091824,   0.698,9999.000,9999.000,9999.000,9999.000,9999.000,9999.000,9999.000,9999.000
202608091830,   0.746,9999.000,9999.000,9999.000,9999.000,9999.000,9999.000,9999.000,9999.000
202608091836,   0.796,9999.000,9999.000,9999.000,9999.000,9999.000,9999.000,9999.000,9999.000
202608091842,   0.848,9999.000,9999.000,9999.000,9999.000,9999.000,9999.000,9999.000,9999.000
202608091848,   0.902,9999.000,9999.000,9999.000,9999.000,9999.000,9999.000,9999.000,9999.000
202608091854,   0.957,9999.000,9999.000,9999.000,9999.000,9999.000,9999.000,9999.000,9999.000
202608091900,   1.014,9999.000,   0.000,   0.065,   1.079,  -0.100,   0.979,   0.000,   1.079
202608091906,   1.072,9999.000,9999.000,9999.000,9999.000,9999.000,9999.000,9999.000,9999.000
202608091912,   1.131,9999.000,9999.000,9999.000,9999.000,9999.000,9999.000,9999.000,9999.000
202608091918,   1.192,9999.000,9999.000,9999.000,9999.000,9999.000,9999.000,9999.000,9999.000
202608091924,   1.253,9999.000,9999.000,9999.000,9999.000,9999.000,9999.000,9999.000,9999.000
202608091930,   1.316,9999.000,9999.000,9999.000,9999.000,9999.000,9999.000,9999.000,9999.000
202608091936,   1.379,9999.000,9999.000,9999.000,9999.000,9999.000,9999.000,9999.000,9999.000
202608091942,   1.443,9999.000,9999.000,9999.000,9999.000,9999.000,9999.000,9999.000,9999.000
202608091948,   1.507,9999.000,9999.000,9999.000,9999.000,9999.000,9999.000,9999.000,9999.000
202608091954,   1.572,9999.000,9999.000,9999.000,9999.000,9999.000,9999.000,9999.000,9999.000
202608092000,   1.637,9999.000,   0.000,   0.065,   1.702,  -0.100,   1.602,   0.000,   1.702
202608092006,   1.702,9999.000,9999.000,9999.000,9999.000,9999.000,9999.000,9999.000,9999.000
202608092012,   1.767,9999.000,9999.000,9999.000,9999.000,9999.000,9999.000,9999.000,9999.000
202608092018,   1.831,9999.000,9999.000,9999.000,9999.000,9999.000,9999.000,9999.000,9999.000
202608092024,   1.895,9999.000,9999.000,9999.000,9999.000,9999.000,9999.000,9999.000,9999.000
202608092030,   1.959,9999.000,9999.000,9999.000,9999.000,9999.000,9999.000,9999.000,9999.000
202608092036,   2.021,9999.000,9999.000,9999.000,9999.000,9999.000,9999.000,9999.000,9999.000
202608092042,   2.083,9999.000,9999.000,9999.000,9999.000,9999.000,9999.000,9999.000,9999.000
202608092048,   2.144,9999.000,9999.000,9999.000,9999.000,9999.000,9999.000,9999.000,9999.000
202608092054,   2.203,9999.000,9999.000,9999.000,9999.000,9999.000,9999.000,9999.000,9999.000
202608092100,   2.261,9999.000,   0.000,   0.065,   2.326,   0.000,   2.326,   0.100,   2.426
202608092106,   2.318,9999.000,9999.000,9999.000,9999.000,9999.000,9999.000,9999.000,9999.000
202608092112,   2.373,9999.000,9999.000,9999.000,9999.000,9999.000,9999.000,9999.000,9999.000
202608092118,   2.425,9999.000,9999.000,9999.000,9999.000,9999.000,9999.000,9999.000,9999.000
202608092124,   2.476,9999.000,9999.000,9999.000,9999.000,9999.000,9999.000,9999.000,9999.000
202608092130,   2.525,9999.000,9999.000,9999.000,9999.000,9999.000,9999.000,9999.000,9999.000
202608092136,   2.571,9999.000,9999.000,9999.000,9999.000,9999.000,9999.000,9999.000,9999.000
202608092142,   2.615,9999.000,9999.000,9999.000,9999.000,9999.000,9999.000,9999.000,9999.000
202608092148,   2.657,9999.000,9999.000,9999.000,9999.000,9999.000,9999.000,9999.000,9999.000
202608092154,   2.696,9999.000,9999.000,9999.000,9999.000,9999.000,9999.000,9999.000,9999.000
202608092200,   2.732,9999.000,   0.000,   0.065,   2.797,   0.000,   2.797,   0.100,   2.897
202608092206,   2.765,9999.000,9999.000,9999.000,9999.000,9999.000,9999.000,9999.000,9999.000
202608092212,   2.795,9999.000,9999.000,9999.000,9999.000,9999.000,9999.000,9999.000,9999.000
202608092218,   2.823,9999.000,9999.000,9999.000,9999.000,9999.000,9999.000,9999.000,9999.000
202608092224,   2.847,9999.000,9999.000,9999.000,9999.000,9999.000,9999.000,9999.000,9999.000
202608092230,   2.868,9999.000,9999.000,9999.000,9999.000,9999.000,9999.000,9999.000,9999.000
202608092236,   2.886,9999.000,9999.000,9999.000,9999.000,9999.000,9999.000,9999.000,9999.000
202608092242,   2.901,9999.000,9999.000,9999.000,9999.000,9999.000,9999.000,9999.000,9999.000
202608092248,   2.913,9999.000,9999.000,9999.000,9999.000,9999.000,9999.000,9999.000,9999.000
202608092254,   2.922,9999.000,9999.000,9999.000,9999.000,9999.000,9999.000,9999.000,9999.000
202608092300,   2.927,9999.000,   0.000,   0.065,   2.992,   0.000,   2.992,   0.100,   3.092
202608092306,   2.930,9999.000,9999.000,9999.000,9999.000,9999.000,9999.000,9999.000,9999.000
202608092312,   2.929,9999.000,9999.000,9999.000,9999.000,9999.000,9999.000,9999.000,9999.000
202608092318,   2.925,9999.000,9999.000,9999.000,9999.000,9999.000,9999.000,9999.000,9999.000
202608092324,   2.918,9999.000,9999.000,9999.000,9999.000,9999.000,9999.000,9999.000,9999.000
202608092330,   2.908,9999.000,9999.000,9999.000,9999.000,9999.000,9999.000,9999.000,9999.000
202608092336,   2.895,9999.000,9999.000,9999.000,9999.000,9999.000,9999.000,9999.000,9999.000
202608092342,   2.880,9999.000,9999.000,9999.000,9999.000,9999.000,9999.000,9999.000,9999.000
202608092348,   2.861,9999.000,9999.000,9999.000,9999.000,9999.000,9999.000,9999.000,9999.000
202608092354,   2.840,9999.000,9999.000,9999.000,9999.000,9999.000,9999.000,9999.000,9999.000
202608100000,   2.816,9999.000,   0.000,   0.065,   2.881,   0.000,   2.881,   0.100,   2.981
202608100006,   2.790,9999.000,9999.000,9999.000,9999.000,9999.000,9999.000,9999.000,9999.000
202608100012,   2.761,9999.000,9999.000,9999.000,9999.000,9999.000,9999.000,9999.000,9999.000
202608100018,   2.730,9999.000,9999.000,9999.000,9999.000,9999.000,9999.000,9999.000,9999.000
202608100024,   2.696,9999.000,9999.000,9999.000,9999.000,9999.000,9999.000,9999.000,9999.000
202608100030,   2.661,9999.000,9999.000,9999.000,9999.000,9999.000,9999.000,9999.000,9999.000
202608100036,   2.623,9999.000,9999.000,9999.000,9999.000,9999.000,9999.000,9999.000,9999.000
202608100042,   2.583,9999.000,9999.000,9999.000,9999.000,9999.000,9999.000,9999.000,9999.000
202608100048,   2.541,9999.000,9999.000,9999.000,9999.000,9999.000,9999.000,9999.000,9999.000
202608100054,   2.497,9999.000,9999.000,9999.000,9999.000,9999.000,9999.000,9999.000,9999.000
202608100100,   2.452,9999.000,   0.000,   0.065,   2.517,   0.000,   2.517,   0.100,   2.617
202608100106,   2.405,9999.000,9999.000,9999.000,9999.000,9999.000,9999.000,9999.000,9999.000
202608100112,   2.356,9999.000,9999.000,9999.000,9999.000,9999.000,9999.000,9999.000,9999.000
202608100118,   2.306,9999.000,9999.000,9999.000,9999.000,9999.000,9999.000,9999.000,9999.000
202608100124,   2.255,9999.000,9999.000,9999.000,9999.000,9999.000,9999.000,9999.000,9999.000
202608100130,   2.202,9999.000,9999.000,9999.000,9999.000,9999.000,9999.000,9999.000,9999.000
202608100136,   2.148,9999.000,9999.000,9999.000,9999.000,9999.000,9999.000,9999.000,9999.000
202608100142,   2.093,9999.000,9999.000,9999.000,9999.000,9999.000,9999.000,9999.000,9999.000
202608100148,   2.037,9999.000,9999.000,9999.000,9999.000,9999.000,9999.000,9999.000,9999.000
202608100154,   1.980,9999.000,9999.000,9999.000,9999.000,9999.000,9999.000,9999.000,9999.000
202608100200,   1.922,9999.000,   0.000,   0.065,   1.987,   0.000,   1.987,   0.100,   2.087
202608100206,   1.863,9999.000,9999.000,9999.000,9999.000,9999.000,9999.000,9999.000,9999.000
202608100212,   1.804,9999.000,9999.000,9999.000,9999.000,9999.000,9999.000,9999.000,9999.000
202608100218,   1.745,9999.000,9999.000,9999.000,9999.000,9999.000,9999.000,9999.000,9999.000
202608100224,   1.685,9999.000,9999.000,9999.000,9999.000,9999.000,9999.000,9999.000,9999.000
202608100230,   1.624,9999.000,9999.000,9999.000,9999.000,9999.000,9999.000,9999.000,9999.000
202608100236,   1.564,9999.000,9999.000,9999.000,9999.000,9999.000,9999.000,9999.000,9999.000
202608100242,   1.504,9999.000,9999.000,9999.000,9999.000,9999.000,9999.000,9999.000,9999.000
202608100248,   1.443,9999.000,9999.000,9999.000,9999.000,9999.000,9999.000,9999.000,9999.000
202608100254,   1.383,9999.000,9999.000,9999.000,9999.000,9999.000,9999.000,9999.000,9999.000
202608100300,   1.323,9999.000,   0.000,   0.065,   1.388,   0.000,   1.388,   0.100,   1.488
202608100306,   1.264,9999.000,9999.000,9999.000,9999.000,9999.000,9999.000,9999.000,9999.000
202608100312,   1.206,9999.000,9999.000,9999.000,9999.000,9999.000,9999.000,9999.000,9999.000
202608100318,   1.148,9999.000,9999.000,9999.000,9999.000,9999.000,9999.000,9999.000,9999.000
202608100324,   1.091,9999.000,9999.000,9999.000,9999.000,9999.000,9999.000,9999.000,9999.000
202608100330,   1.035,9999.000,9999.000,9999.000,9999.000,9999.000,9999.000,9999.000,9999.000
202608100336,   0.980,9999.000,9999.000,9999.000,9999.000,9999.000,9999.000,9999.000,9999.000
202608100342,   0.927,9999.000,9999.000,9999.000,9999.000,9999.000,9999.000,9999.000,9999.000
202608100348,   0.875,9999.000,9999.000,9999.000,9999.000,9999.000,9999.000,9999.000,9999.000
202608100354,   0.824,9999.000,9999.000,9999.000,9999.000,9999.000,9999.000,9999.000,9999.000
202608100400,   0.775,9999.000,   0.000,   0.065,   0.840,  -0.100,   0.740,   0.100,   0.940
202608100406,   0.728,9999.000,9999.000,9999.000,9999.000,9999.000,9999.000,9999.000,9999.000
202608100412,   0.683,9999.000,9999.000,9999.000,9999.000,9999.000,9999.000,9999.000,9999.000
202608100418,   0.640,9999.000,9999.000,9999.000,9999.000,9999.000,9999.000,9999.000,9999.000
202608100424,   0.599,9999.000,9999.000,9999.000,9999.000,9999.000,9999.000,9999.000,9999.000
202608100430,   0.560,9999.000,9999.000,9999.000,9999.000,9999.000,9999.000,9999.000,9999.000
202608100436,   0.523,9999.000,9999.000,9999.000,9999.000,9999.000,9999.000,9999.000,9999.000
202608100442,   0.489,9999.000,9999.000,9999.000,9999.000,9999.000,9999.000,9999.000,9999.000
202608100448,   0.457,9999.000,9999.000,9999.000,9999.000,9999.000,9999.000,9999.000,9999.000
202608100454,   0.428,9999.000,9999.000,9999.000,9999.000,9999.000,9999.000,9999.000,9999.000
202608100500,   0.401,9999.000,   0.000,   0.065,   0.466,  -0.100,   0.366,   0.100,   0.566
202608100506,   0.377,9999.000,9999.000,9999.000,9999.000,9999.000,9999.000,9999.000,9999.000
202608100512,   0.356,9999.000,9999.000,9999.000,9999.000,9999.000,9999.000,9999.000,9999.000
202608100518,   0.337,9999.000,9999.000,9999.000,9999.000,9999.000,9999.000,9999.000,9999.000
202608100524,   0.321,9999.000,9999.000,9999.000,9999.000,9999.000,9999.000,9999.000,9999.000
202608100530,   0.308,9999.000,9999.000,9999.000,9999.000,9999.000,9999.000,9999.000,9999.000
202608100536,   0.298,9999.000,9999.000,9999.000,9999.000,9999.000,9999.000,9999.000,9999.000
202608100542,   0.290,9999.000,9999.000,9999.000,9999.000,9999.000,9999.000,9999.000,9999.000
202608100548,   0.285,9999.000,9999.000,9999.000,9999.000,9999.000,9999.000,9999.000,9999.000
202608100554,   0.283,9999.000,9999.000,9999.000,9999.000,9999.000,9999.000,9999.000,9999.000
202608100600,   0.284,9999.000,   0.000,   0.065,   0.349,  -0.100,   0.249,   0.100,   0.449
202608100606,   0.288,9999.000,9999.000,9999.000,9999.000,9999.000,9999.000,9999.000,9999.000
202608100612,   0.294,9999.000,9999.000,9999.000,9999.000,9999.000,9999.000,9999.000,9999.000
202608100618,   0.303,9999.000,9999.000,9999.000,9999.000,9999.000,9999.000,9999.000,9999.000
202608100624,   0.315,9999.000,9999.000,9999.000,9999.000,9999.000,9999.000,9999.000,9999.000
202608100630,   0.329,9999.000,9999.000,9999.000,9999.000,9999.000,9999.000,9999.000,9999.000
202608100636,   0.346,9999.000,9999.000,9999.000,9999.000,9999.000,9999.000,9999.000,9999.000
202608100642,   0.366,9999.000,9999.000,9999.000,9999.000,9999.000,9999.000,9999.000,9999.000
202608100648,   0.388,9999.000,9999.000,9999.000,9999.000,9999.000,9999.000,9999.000,9999.000
202608100654,   0.413,9999.000,9999.000,9999.000,9999.000,9999.000,9999.000,9999.000,9999.000
202608100700,   0.440,9999.000,   0.000,   0.065,   0.505,  -0.100,   0.405,   0.100,   0.605
202608100706,   0.469,9999.000,9999.000,9999.000,9999.000,9999.000,9999.000,9999.000,9999.000
202608100712,   0.501,9999.000,9999.000,9999.000,9999.000,9999.000,9999.000,9999.000,9999.000
202608100718,   0.535,9999.000,9999.000,9999.000,9999.000,9999.000,9999.000,9999.000,9999.000
202608100724,   0.572,9999.000,9999.000,9999.000,9999.000,9999.000,9999.000,9999.000,9999.000
202608100730,   0.610,9999.000,9999.000,9999.000,9999.000,9999.000,9999.000,9999.000,9999.000
202608100736,   0.651,9999.000,9999.000,9999.000,9999.000,9999.000,9999.000,9999.000,9999.000
202608100742,   0.693,9999.000,9999.000,9999.000,9999.000,9999.000,9999.000,9999.000,9999.000
202608100748,   0.737,9999.000,9999.000,9999.000,9999.000,9999.000,9999.000,9999.000,9999.000
202608100754,   0.784,9999.000,9999.000,9999.000,9999.000,9999.000,9999.000,9999.000,9999.000
202608100800,   0.831,9999.000,   0.000,   0.065,   0.896,  -0.100,   0.796,   0.100,   0.996
202608100806,   0.881,9999.000,9999.000,9999.000,9999.000,9999.000,9999.000,9999.000,9999.000
202608100812,   0.931,9999.000,9999.000,9999.000,9999.000,9999.000,9999.000,9999.000,9999.000
202608100818,   0.983,9999.000,9999.000,9999.000,9999.000,9999.000,9999.000,9999.000,9999.000
202608100824,   1.037,9999.000,9999.000,9999.000,9999.000,9999.000,9999.000,9999.000,9999.000
202608100830,   1.091,9999.000,9999.000,9999.000,9999.000,9999.000,9999.000,9999.000,9999.000
202608100836,   1.146,9999.000,9999.000,9999.000,9999.000,9999.000,9999.000,9999.000,9999.000
202608100842,   1.202,9999.000,9999.000,9999.000,9999.000,9999.000,9999.000,9999.000,9999.000
202608100848,   1.258,9999.000,9999.000,9999.000,9999.000,9999.000,9999.000,9999.000,9999.000
202608100854,   1.315,9999.000,9999.000,9999.000,9999.000,9999.000,9999.000,9999.000,9999.000
202608100900,   1.372,9999.000,   0.000,   0.065,   1.437,  -0.100,   1.337,   0.100,   1.537
202608100906,   1.429,9999.000,9999.000,9999.000,9999.000,9999.000,9999.000,9999.000,9999.000
202608100912,   1.486,9999.000,9999.000,9999.000,9999.000,9999.000,9999.000,9999.000,9999.000
202608100918,   1.543,9999.000,9999.000,9999.000,9999.000,9999.000,9999.000,9999.000,9999.000
202608100924,   1.599,9999.000,9999.000,9999.000,9999.000,9999.000,9999.000,9999.000,9999.000
202608100930,   1.654,9999.000,9999.000,9999.000,9999.000,9999.000,9999.000,9999.000,9999.000
202608100936,   1.708,9999.000,9999.000,9999.000,9999.000,9999.000,9999.000,9999.000,9999.000
202608100942,   1.762,9999.000,9999.000,9999.000,9999.000,9999.000,9999.000,9999.000,9999.000
202608100948,   1.814,9999.000,9999.000,9999.000,9999.000,9999.000,9999.000,9999.000,9999.000
202608100954,   1.864,9999.000,9999.000,9999.000,9999.000,9999.000,9999.000,9999.000,9999.000
202608101000,   1.913,9999.000,   0.000,   0.065,   1.978,  -0.100,   1.878,   0.100,   2.078
202608101006,   1.960,9999.000,9999.000,9999.000,9999.000,9999.000,9999.000,9999.000,9999.000
202608101012,   2.005,9999.000,9999.000,9999.000,9999.000,9999.000,9999.000,9999.000,9999.000
202608101018,   2.048,9999.000,9999.000,9999.000,9999.000,9999.000,9999.000,9999.000,9999.000
202608101024,   2.088,9999.000,9999.000,9999.000,9999.000,9999.000,9999.000,9999.000,9999.000
202608101030,   2.126,9999.000,9999.000,9999.000,9999.000,9999.000,9999.000,9999.000,9999.000
202608101036,   2.162,9999.000,9999.000,9999.000,9999.000,9999.000,9999.000,9999.000,9999.000
202608101042,   2.194,9999.000,9999.000,9999.000,9999.000,9999.000,9999.000,9999.000,9999.000
202608101048,   2.224,9999.000,9999.000,9999.000,9999.000,9999.000,9999.000,9999.000,9999.000
202608101054,   2.251,9999.000,9999.000,9999.000,9999.000,9999.000,9999.000,9999.000,9999.000
202608101100,   2.275,9999.000,   0.000,   0.065,   2.340,  -0.100,   2.240,   0.100,   2.440
202608101106,   2.296,9999.000,9999.000,9999.000,9999.000,9999.000,9999.000,9999.000,9999.000
202608101112,   2.313,9999.000,9999.000,9999.000,9999.000,9999.000,9999.000,9999.000,9999.000
202608101118,   2.328,9999.000,9999.000,9999.000,9999.000,9999.000,9999.000,9999.000,9999.000
202608101124,   2.339,9999.000,9999.000,9999.000,9999.000,9999.000,9999.000,9999.000,9999.000
202608101130,   2.347,9999.000,9999.000,9999.000,9999.000,9999.000,9999.000,9999.000,9999.000
202608101136,   2.352,9999.000,9999.000,9999.000,9999.000,9999.000,9999.000,9999.000,9999.000
202608101142,   2.354,9999.000,9999.000,9999.000,9999.000,9999.000,9999.000,9999.000,9999.000
202608101148,   2.352,9999.000,9999.000,9999.000,9999.000,9999.000,9999.000,9999.000,9999.000
202608101154,   2.348,9999.000,9999.000,9999.000,9999.000,9999.000,9999.000,9999.000,9999.000
202608101200,   2.340,9999.000,   0.000,   0.065,   2.405,  -0.100,   2.305,   0.100,   2.505
202608101206,   2.329,9999.000,9999.000,9999.000,9999.000,9999.000,9999.000,9999.000,9999.000
202608101212,   2.316,9999.000,9999.000,9999.000,9999.000,9999.000,9999.000,9999.000,9999.000
202608101218,   2.299,9999.000,9999.000,9999.000,9999.000,9999.000,9999.000,9999.000,9999.000
202608101224,   2.280,9999.000,9999.000,9999.000,9999.000,9999.000,9999.000,9999.000,9999.000
202608101230,   2.258,9999.000,9999.000,9999.000,9999.000,9999.000,9999.000,9999.000,9999.000
202608101236,   2.233,9999.000,9999.000,9999.000,9999.000,9999.000,9999.000,9999.000,9999.000
202608101242,   2.206,9999.000,9999.000,9999.000,9999.000,9999.000,9999.000,9999.000,9999.000
202608101248,   2.176,9999.000,9999.000,9999.000,9999.000,9999.000,9999.000,9999.000,9999.000
202608101254,   2.144,9999.000,9999.000,9999.000,9999.000,9999.000,9999.000,9999.000,9999.000
202608101300,   2.109,9999.000,   0.000,   0.065,   2.174,  -0.100,   2.074,   0.100,   2.274
202608101306,   2.073,9999.000,9999.000,9999.000,9999.000,9999.000,9999.000,9999.000,9999.000
202608101312,   2.034,9999.000,9999.000,9999.000,9999.000,9999.000,9999.000,9999.000,9999.000
202608101318,   1.994,9999.000,9999.000,9999.000,9999.000,9999.000,9999.000,9999.000,9999.000
202608101324,   1.952,9999.000,9999.000,9999.000,9999.000,9999.000,9999.000,9999.000,9999.000
202608101330,   1.908,9999.000,9999.000,9999.000,9999.000,9999.000,9999.000,9999.000,9999.000
202608101336,   1.862,9999.000,9999.000,9999.000,9999.000,9999.000,9999.000,9999.000,9999.000
202608101342,   1.815,9999.000,9999.000,9999.000,9999.000,9999.000,9999.000,9999.000,9999.000
202608101348,   1.767,9999.000,9999.000,9999.000,9999.000,9999.000,9999.000,9999.000,9999.000
202608101354,   1.717,9999.000,9999.000,9999.000,9999.000,9999.000,9999.000,9999.000,9999.000
202608101400,   1.667,9999.000,   0.000,   0.065,   1.732,   0.000,   1.732,   0.100,   1.832
202608101406,   1.615,9999.000,9999.000,9999.000,9999.000,9999.000,9999.000,9999.000,9999.000
202608101412,   1.562,9999.000,9999.000,9999.000,9999.000,9999.000,9999.000,9999.000,9999.000
202608101418,   1.509,9999.000,9999.000,9999.000,9999.000,9999.000,9999.000,9999.000,9999.000
202608101424,   1.455,9999.000,9999.000,9999.000,9999.000,9999.000,9999.000,9999.000,9999.000
202608101430,   1.400,9999.000,9999.000,9999.000,9999.000,9999.000,9999.000,9999.000,9999.000
202608101436,   1.345,9999.000,9999.000,9999.000,9999.000,9999.000,9999.000,9999.000,9999.000
202608101442,   1.289,9999.000,9999.000,9999.000,9999.000,9999.000,9999.000,9999.000,9999.000
202608101448,   1.234,9999.000,9999.000,9999.000,9999.000,9999.000,9999.000,9999.000,9999.000
202608101454,   1.178,9999.000,9999.000,9999.000,9999.000,9999.000,9999.000,9999.000,9999.000
202608101500,   1.123,9999.000,   0.000,   0.065,   1.188,   0.000,   1.188,   0.100,   1.288
202608101506,   1.068,9999.000,9999.000,9999.000,9999.000,9999.000,9999.000,9999.000,9999.000
202608101512,   1.013,9999.000,9999.000,9999.000,9999.000,9999.000,9999.000,9999.000,9999.000
202608101518,   0.959,9999.000,9999.000,9999.000,9999.000,9999.000,9999.000,9999.000,9999.000
202608101524,   0.906,9999.000,9999.000,9999.000,9999.000,9999.000,9999.000,9999.000,9999.000
202608101530,   0.853,9999.000,9999.000,9999.000,9999.000,9999.000,9999.000,9999.000,9999.000
202608101536,   0.802,9999.000,9999.000,9999.000,9999.000,9999.000,9999.000,9999.000,9999.000
202608101542,   0.751,9999.000,9999.000,9999.000,9999.000,9999.000,9999.000,9999.000,9999.000
202608101548,   0.702,9999.000,9999.000,9999.000,9999.000,9999.000,9999.000,9999.000,9999.000
202608101554,   0.655,9999.000,9999.000,9999.000,9999.000,9999.000,9999.000,9999.000,9999.000
202608101600,   0.609,9999.000,   0.000,   0.065,   0.674,   0.000,   0.674,   0.100,   0.774
202608101606,   0.565,9999.000,9999.000,9999.000,9999.000,9999.000,9999.000,9999.000,9999.000
202608101612,   0.523,9999.000,9999.000,9999.000,9999.000,9999.000,9999.000,9999.000,9999.000
202608101618,   0.483,9999.000,9999.000,9999.000,9999.000,9999.000,9999.000,9999.000,9999.000
202608101624,   0.445,9999.000,9999.000,9999.000,9999.000,9999.000,9999.000,9999.000,9999.000
202608101630,   0.409,9999.000,9999.000,9999.000,9999.000,9999.000,9999.000,9999.000,9999.000
202608101636,   0.376,9999.000,9999.000,9999.000,9999.000,9999.000,9999.000,9999.000,9999.000
202608101642,   0.345,9999.000,9999.000,9999.000,9999.000,9999.000,9999.000,9999.000,9999.000
202608101648,   0.317,9999.000,9999.000,9999.000,9999.000,9999.000,9999.000,9999.000,9999.000
202608101654,   0.292,9999.000,9999.000,9999.000,9999.000,9999.000,9999.000,9999.000,9999.000
202608101700,   0.269,9999.000,   0.000,   0.065,   0.334,   0.000,   0.334,   0.100,   0.434
202608101706,   0.250,9999.000,9999.000,9999.000,9999.000,9999.000,9999.000,9999.000,9999.000
202608101712,   0.233,9999.000,9999.000,9999.000,9999.000,9999.000,9999.000,9999.000,9999.000
202608101718,   0.219,9999.000,9999.000,9999.000,9999.000,9999.000,9999.000,9999.000,9999.000
202608101724,   0.209,9999.000,9999.000,9999.000,9999.000,9999.000,9999.000,9999.000,9999.000
202608101730,   0.201,9999.000,9999.000,9999.000,9999.000,9999.000,9999.000,9999.000,9999.000
202608101736,   0.197,9999.000,9999.000,9999.000,9999.000,9999.000,9999.000,9999.000,9999.000
202608101742,   0.195,9999.000,9999.000,9999.000,9999.000,9999.000,9999.000,9999.000,9999.000
202608101748,   0.197,9999.000,9999.000,9999.000,9999.000,9999.000,9999.000,9999.000,9999.000
202608101754,   0.202,9999.000,9999.000,9999.000,9999.000,9999.000,9999.000,9999.000,9999.000
202608101800,   0.210,9999.000,   0.100,   0.065,   0.375,   0.000,   0.275,   0.200,   0.475
202608101806,   0.221,9999.000,9999.000,9999.000,9999.000,9999.000,9999.000,9999.000,9999.000
202608101812,   0.236,9999.000,9999.000,9999.000,9999.000,9999.000,9999.000,9999.000,9999.000
202608101818,   0.253,9999.000,9999.000,9999.000,9999.000,9999.000,9999.000,9999.000,9999.000
202608101824,   0.273,9999.000,9999.000,9999.000,9999.000,9999.000,9999.000,9999.000,9999.000
202608101830,   0.296,9999.000,9999.000,9999.000,9999.000,9999.000,9999.000,9999.000,9999.000
202608101836,   0.322,9999.000,9999.000,9999.000,9999.000,9999.000,9999.000,9999.000,9999.000
202608101842,   0.351,9999.000,9999.000,9999.000,9999.000,9999.000,9999.000,9999.000,9999.000
202608101848,   0.382,9999.000,9999.000,9999.000,9999.000,9999.000,9999.000,9999.000,9999.000
202608101854,   0.417,9999.000,9999.000,9999.000,9999.000,9999.000,9999.000,9999.000,9999.000
202608101900,   0.453,9999.000,   0.100,   0.065,   0.618,   0.000,   0.518,   0.200,   0.718
202608101906,   0.493,9999.000,9999.000,9999.000,9999.000,9999.000,9999.000,9999.000,9999.000
202608101912,   0.535,9999.000,9999.000,9999.000,9999.000,9999.000,9999.000,9999.000,9999.000
202608101918,   0.579,9999.000,9999.000,9999.000,9999.000,9999.000,9999.000,9999.000,9999.000
202608101924,   0.625,9999.000,9999.000,9999.000,9999.000,9999.000,9999.000,9999.000,9999.000
202608101930,   0.674,9999.000,9999.000,9999.000,9999.000,9999.000,9999.000,9999.000,9999.000
202608101936,   0.725,9999.000,9999.000,9999.000,9999.000,9999.000,9999.000,9999.000,9999.000
202608101942,   0.778,9999.000,9999.000,9999.000,9999.000,9999.000,9999.000,9999.000,9999.000
202608101948,   0.833,9999.000,9999.000,9999.000,9999.000,9999.000,9999.000,9999.000,9999.000
202608101954,   0.890,9999.000,9999.000,9999.000,9999.000,9999.000,9999.000,9999.000,9999.000
202608102000,   0.949,9999.000,   0.100,   0.065,   1.114,   0.000,   1.014,   0.200,   1.214
202608102006,   1.009,9999.000,9999.000,9999.000,9999.000,9999.000,9999.000,9999.000,9999.000
202608102012,   1.071,9999.000,9999.000,9999.000,9999.000,9999.000,9999.000,9999.000,9999.000
202608102018,   1.135,9999.000,9999.000,9999.000,9999.000,9999.000,9999.000,9999.000,9999.000
202608102024,   1.199,9999.000,9999.000,9999.000,9999.000,9999.000,9999.000,9999.000,9999.000
202608102030,   1.265,9999.000,9999.000,9999.000,9999.000,9999.000,9999.000,9999.000,9999.000
202608102036,   1.332,9999.000,9999.000,9999.000,9999.000,9999.000,9999.000,9999.000,9999.000
202608102042,   1.400,9999.000,9999.000,9999.000,9999.000,9999.000,9999.000,9999.000,9999.000
202608102048,   1.469,9999.000,9999.000,9999.000,9999.000,9999.000,9999.000,9999.000,9999.000
202608102054,   1.538,9999.000,9999.000,9999.000,9999.000,9999.000,9999.000,9999.000,9999.000
202608102100,   1.608,9999.000,   0.100,   0.065,   1.773,   0.000,   1.673,   0.200,   1.873
202608102106,   1.678,9999.000,9999.000,9999.000,9999.000,9999.000,9999.000,9999.000,9999.000
202608102112,   1.748,9999.000,9999.000,9999.000,9999.000,9999.000,9999.000,9999.000,9999.000
202608102118,   1.819,9999.000,9999.000,9999.000,9999.000,9999.000,9999.000,9999.000,9999.000
202608102124,   1.889,9999.000,9999.000,9999.000,9999.000,9999.000,9999.000,9999.000,9999.000
202608102130,   1.958,9999.000,9999.000,9999.000,9999.000,9999.000,9999.000,9999.000,9999.000
202608102136,   2.027,9999.000,9999.000,9999.000,9999.000,9999.000,9999.000,9999.000,9999.000
202608102142,   2.095,9999.000,9999.000,9999.000,9999.000,9999.000,9999.000,9999.000,9999.000
202608102148,   2.162,9999.000,9999.000,9999.000,9999.000,9999.000,9999.000,9999.000,9999.000
202608102154,   2.228,9999.000,9999.000,9999.000,9999.000,9999.000,9999.000,9999.000,9999.000
202608102200,   2.292,9999.000,   0.100,   0.065,   2.457,   0.000,   2.357,   0.200,   2.557
202608102206,   2.355,9999.000,9999.000,9999.000,9999.000,9999.000,9999.000,9999.000,9999.000
202608102212,   2.416,9999.000,9999.000,9999.000,9999.000,9999.000,9999.000,9999.000,9999.000
202608102218,   2.475,9999.000,9999.000,9999.000,9999.000,9999.000,9999.000,9999.000,9999.000
202608102224,   2.531,9999.000,9999.000,9999.000,9999.000,9999.000,9999.000,9999.000,9999.000
202608102230,   2.586,9999.000,9999.000,9999.000,9999.000,9999.000,9999.000,9999.000,9999.000
202608102236,   2.637,9999.000,9999.000,9999.000,9999.000,9999.000,9999.000,9999.000,9999.000
202608102242,   2.686,9999.000,9999.000,9999.000,9999.000,9999.000,9999.000,9999.000,9999.000
202608102248,   2.732,9999.000,9999.000,9999.000,9999.000,9999.000,9999.000,9999.000,9999.000
202608102254,   2.775,9999.000,9999.000,9999.000,9999.000,9999.000,9999.000,9999.000,9999.000
202608102300,   2.815,9999.000,   0.100,   0.065,   2.980,   0.000,   2.880,   0.200,   3.080
202608102306,   2.852,9999.000,9999.000,9999.000,9999.000,9999.000,9999.000,9999.000,9999.000
202608102312,   2.886,9999.000,9999.000,9999.000,9999.000,9999.000,9999.000,9999.000,9999.000
202608102318,   2.915,9999.000,9999.000,9999.000,9999.000,9999.000,9999.000,9999.000,9999.000
202608102324,   2.942,9999.000,9999.000,9999.000,9999.000,9999.000,9999.000,9999.000,9999.000
202608102330,   2.965,9999.000,9999.000,9999.000,9999.000,9999.000,9999.000,9999.000,9999.000
202608102336,   2.984,9999.000,9999.000,9999.000,9999.000,9999.000,9999.000,9999.000,9999.000
202608102342,   3.000,9999.000,9999.000,9999.000,9999.000,9999.000,9999.000,9999.000,9999.000
202608102348,   3.012,9999.000,9999.000,9999.000,9999.000,9999.000,9999.000,9999.000,9999.000
202608102354,   3.021,9999.000,9999.000,9999.000,9999.000,9999.000,9999.000,9999.000,9999.000
202608110000,   3.026,9999.000,   0.100,   0.065,   3.191,   0.000,   3.091,   0.200,   3.291
202608110006,   3.027,9999.000,9999.000,9999.000,9999.000,9999.000,9999.000,9999.000,9999.000
202608110012,   3.025,9999.000,9999.000,9999.000,9999.000,9999.000,9999.000,9999.000,9999.000
202608110018,   3.020,9999.000,9999.000,9999.000,9999.000,9999.000,9999.000,9999.000,9999.000
202608110024,   3.011,9999.000,9999.000,9999.000,9999.000,9999.000,9999.000,9999.000,9999.000
202608110030,   2.999,9999.000,9999.000,9999.000,9999.000,9999.000,9999.000,9999.000,9999.000
202608110036,   2.983,9999.000,9999.000,9999.000,9999.000,9999.000,9999.000,9999.000,9999.000
202608110042,   2.965,9999.000,9999.000,9999.000,9999.000,9999.000,9999.000,9999.000,9999.000
202608110048,   2.943,9999.000,9999.000,9999.000,9999.000,9999.000,9999.000,9999.000,9999.000
202608110054,   2.919,9999.000,9999.000,9999.000,9999.000,9999.000,9999.000,9999.000,9999.000
202608110100,   2.892,9999.000,   0.100,   0.065,   3.057,   0.000,   2.957,   0.200,   3.157
202608110106,   2.862,9999.000,9999.000,9999.000,9999.000,9999.000,9999.000,9999.000,9999.000
202608110112,   2.829,9999.000,9999.000,9999.000,9999.000,9999.000,9999.000,9999.000,9999.000
202608110118,   2.794,9999.000,9999.000,9999.000,9999.000,9999.000,9999.000,9999.000,9999.000
202608110124,   2.756,9999.000,9999.000,9999.000,9999.000,9999.000,9999.000,9999.000,9999.000
202608110130,   2.717,9999.000,9999.000,9999.000,9999.000,9999.000,9999.000,9999.000,9999.000
202608110136,   2.675,9999.000,9999.000,9999.000,9999.000,9999.000,9999.000,9999.000,9999.000
202608110142,   2.630,9999.000,9999.000,9999.000,9999.000,9999.000,9999.000,9999.000,9999.000
202608110148,   2.584,9999.000,9999.000,9999.000,9999.000,9999.000,9999.000,9999.000,9999.000
202608110154,   2.536,9999.000,9999.000,9999.000,9999.000,9999.000,9999.000,9999.000,9999.000
202608110200,   2.486,9999.000,   0.100,   0.065,   2.651,   0.000,   2.551,   0.200,   2.751
202608110206,   2.435,9999.000,9999.000,9999.000,9999.000,9999.000,9999.000,9999.000,9999.000
202608110212,   2.381,9999.000,9999.000,9999.000,9999.000,9999.000,9999.000,9999.000,9999.000
202608110218,   2.327,9999.000,9999.000,9999.000,9999.000,9999.000,9999.000,9999.000,9999.000
202608110224,   2.270,9999.000,9999.000,9999.000,9999.000,9999.000,9999.000,9999.000,9999.000
202608110230,   2.213,9999.000,9999.000,9999.000,9999.000,9999.000,9999.000,9999.000,9999.000
202608110236,   2.154,9999.000,9999.000,9999.000,9999.000,9999.000,9999.000,9999.000,9999.000
202608110242,   2.094,9999.000,9999.000,9999.000,9999.000,9999.000,9999.000,9999.000,9999.000
202608110248,   2.033,9999.000,9999.000,9999.000,9999.000,9999.000,9999.000,9999.000,9999.000
202608110254,   1.971,9999.000,9999.000,9999.000,9999.000,9999.000,9999.000,9999.000,9999.000
202608110300,   1.908,9999.000,   0.100,   0.065,   2.073,   0.000,   1.973,   0.200,   2.173
202608110306,   1.845,9999.000,9999.000,9999.000,9999.000,9999.000,9999.000,9999.000,9999.000
202608110312,   1.781,9999.000,9999.000,9999.000,9999.000,9999.000,9999.000,9999.000,9999.000
202608110318,   1.716,9999.000,9999.000,9999.000,9999.000,9999.000,9999.000,9999.000,9999.000
202608110324,   1.651,9999.000,9999.000,9999.000,9999.000,9999.000,9999.000,9999.000,9999.000
202608110330,   1.586,9999.000,9999.000,9999.000,9999.000,9999.000,9999.000,9999.000,9999.000
202608110336,   1.521,9999.000,9999.000,9999.000,9999.000,9999.000,9999.000,9999.000,9999.000
202608110342,   1.456,9999.000,9999.000,9999.000,9999.000,9999.000,9999.000,9999.000,9999.000
202608110348,   1.390,9999.000,9999.000,9999.000,9999.000,9999.000,9999.000,9999.000,9999.000
202608110354,   1.326,9999.000,9999.000,9999.000,9999.000,9999.000,9999.000,9999.000,9999.000
202608110400,   1.261,9999.000,   0.100,   0.065,   1.426,   0.000,   1.326,   0.200,   1.526
202608110406,   1.198,9999.000,9999.000,9999.000,9999.000,9999.000,9999.000,9999.000,9999.000
202608110412,   1.135,9999.000,9999.000,9999.000,9999.000,9999.000,9999.000,9999.000,9999.000
202608110418,   1.073,9999.000,9999.000,9999.000,9999.000,9999.000,9999.000,9999.000,9999.000
202608110424,   1.012,9999.000,9999.000,9999.000,9999.000,9999.000,9999.000,9999.000,9999.000
202608110430,   0.952,9999.000,9999.000,9999.000,9999.000,9999.000,9999.000,9999.000,9999.000
202608110436,   0.894,9999.000,9999.000,9999.000,9999.000,9999.000,9999.000,9999.000,9999.000
202608110442,   0.837,9999.000,9999.000,9999.000,9999.000,9999.000,9999.000,9999.000,9999.000
202608110448,   0.782,9999.000,9999.000,9999.000,9999.000,9999.000,9999.000,9999.000,9999.000
202608110454,   0.728,9999.000,9999.000,9999.000,9999.000,9999.000,9999.000,9999.000,9999.000
202608110500,   0.677,9999.000,   0.100,   0.065,   0.842,   0.000,   0.742,   0.200,   0.942
202608110506,   0.627,9999.000,9999.000,9999.000,9999.000,9999.000,9999.000,9999.000,9999.000
202608110512,   0.580,9999.000,9999.000,9999.000,9999.000,9999.000,9999.000,9999.000,9999.000
202608110518,   0.535,9999.000,9999.000,9999.000,9999.000,9999.000,9999.000,9999.000,9999.000
202608110524,   0.492,9999.000,9999.000,9999.000,9999.000,9999.000,9999.000,9999.000,9999.000
202608110530,   0.452,9999.000,9999.000,9999.000,9999.000,9999.000,9999.000,9999.000,9999.000
202608110536,   0.415,9999.000,9999.000,9999.000,9999.000,9999.000,9999.000,9999.000,9999.000
202608110542,   0.380,9999.000,9999.000,9999.000,9999.000,9999.000,9999.000,9999.000,9999.000
202608110548,   0.348,9999.000,9999.000,9999.000,9999.000,9999.000,9999.000,9999.000,9999.000
202608110554,   0.318,9999.000,9999.000,9999.000,9999.000,9999.000,9999.000,9999.000,9999.000
202608110600,   0.292,9999.000,   0.100,   0.065,   0.457,   0.000,   0.357,   0.200,   0.557
202608110606,   0.268,9999.000,9999.000,9999.000,9999.000,9999.000,9999.000,9999.000,9999.000
202608110612,   0.247,9999.000,9999.000,9999.000,9999.000,9999.000,9999.000,9999.000,9999.000
202608110618,   0.229,9999.000,9999.000,9999.000,9999.000,9999.000,9999.000,9999.000,9999.000
202608110624,   0.215,9999.000,9999.000,9999.000,9999.000,9999.000,9999.000,9999.000,9999.000
202608110630,   0.203,9999.000,9999.000,9999.000,9999.000,9999.000,9999.000,9999.000,9999.000
202608110636,   0.194,9999.000,9999.000,9999.000,9999.000,9999.000,9999.000,9999.000,9999.000
202608110642,   0.188,9999.000,9999.000,9999.000,9999.000,9999.000,9999.000,9999.000,9999.000
202608110648,   0.185,9999.000,9999.000,9999.000,9999.000,9999.000,9999.000,9999.000,9999.000
202608110654,   0.185,9999.000,9999.000,9999.000,9999.000,9999.000,9999.000,9999.000,9999.000
202608110700,   0.188,9999.000,   0.000,   0.065,   0.253,   0.000,   0.253,   0.200,   0.453
202608110706,   0.194,9999.000,9999.000,9999.000,9999.000,9999.000,9999.000,9999.000,9999.000
202608110712,   0.203,9999.000,9999.000,9999.000,9999.000,9999.000,9999.000,9999.000,9999.000
202608110718,   0.215,9999.000,9999.000,9999.000,9999.000,9999.000,9999.000,9999.000,9999.000
202608110724,   0.230,9999.000,9999.000,9999.000,9999.000,9999.000,9999.000,9999.000,9999.000
202608110730,   0.248,9999.000,9999.000,9999.000,9999.000,9999.000,9999.000,9999.000,9999.000
202608110736,   0.268,9999.000,9999.000,9999.000,9999.000,9999.000,9999.000,9999.000,9999.000
202608110742,   0.292,9999.000,9999.000,9999.000,9999.000,9999.000,9999.000,9999.000,9999.000
202608110748,   0.318,9999.000,9999.000,9999.000,9999.000,9999.000,9999.000,9999.000,9999.000
202608110754,   0.347,9999.000,9999.000,9999.000,9999.000,9999.000,9999.000,9999.000,9999.000
202608110800,   0.379,9999.000,   0.000,   0.065,   0.444,   0.000,   0.444,   0.200,   0.644
202608110806,   0.414,9999.000,9999.000,9999.000,9999.000,9999.000,9999.000,9999.000,9999.000
202608110812,   0.451,9999.000,9999.000,9999.000,9999.000,9999.000,9999.000,9999.000,9999.000
202608110818,   0.491,9999.000,9999.000,9999.000,9999.000,9999.000,9999.000,9999.000,9999.000
202608110824,   0.533,9999.000,9999.000,9999.000,9999.000,9999.000,9999.000,9999.000,9999.000
202608110830,   0.578,9999.000,9999.000,9999.000,9999.000,9999.000,9999.000,9999.000,9999.000
202608110836,   0.625,9999.000,9999.000,9999.000,9999.000,9999.000,9999.000,9999.000,9999.000
202608110842,   0.674,9999.000,9999.000,9999.000,9999.000,9999.000,9999.000,9999.000,9999.000
202608110848,   0.726,9999.000,9999.000,9999.000,9999.000,9999.000,9999.000,9999.000,9999.000
202608110854,   0.779,9999.000,9999.000,9999.000,9999.000,9999.000,9999.000,9999.000,9999.000
202608110900,   0.835,9999.000,   0.100,   0.065,   1.000,   0.000,   0.900,   0.200,   1.100
202608110906,   0.892,9999.000,9999.000,9999.000,9999.000,9999.000,9999.000,9999.000,9999.000
202608110912,   0.951,9999.000,9999.000,9999.000,9999.000,9999.000,9999.000,9999.000,9999.000
202608110918,   1.012,9999.000,9999.000,9999.000,9999.000,9999.000,9999.000,9999.000,9999.000
202608110924,   1.074,9999.000,9999.000,9999.000,9999.000,9999.000,9999.000,9999.000,9999.000
202608110930,   1.137,9999.000,9999.000,9999.000,9999.000,9999.000,9999.000,9999.000,9999.000
202608110936,   1.201,9999.000,9999.000,9999.000,9999.000,9999.000,9999.000,9999.000,9999.000
202608110942,   1.266,9999.000,9999.000,9999.000,9999.000,9999.000,9999.000,9999.000,9999.000
202608110948,   1.331,9999.000,9999.000,9999.000,9999.000,9999.000,9999.000,9999.000,9999.000
202608110954,   1.397,9999.000,9999.000,9999.000,9999.000,9999.000,9999.000,9999.000,9999.000
202608111000,   1.463,9999.000,   0.100,   0.065,   1.628,   0.000,   1.528,   0.200,   1.728
202608111006,   1.528,9999.000,9999.000,9999.000,9999.000,9999.000,9999.000,9999.000,9999.000
202608111012,   1.594,9999.000,9999.000,9999.000,9999.000,9999.000,9999.000,9999.000,9999.000
202608111018,   1.659,9999.000,9999.000,9999.000,9999.000,9999.000,9999.000,9999.000,9999.000
202608111024,   1.723,9999.000,9999.000,9999.000,9999.000,9999.000,9999.000,9999.000,9999.000
202608111030,   1.786,9999.000,9999.000,9999.000,9999.000,9999.000,9999.000,9999.000,9999.000
202608111036,   1.847,9999.000,9999.000,9999.000,9999.000,9999.000,9999.000,9999.000,9999.000
202608111042,   1.907,9999.000,9999.000,9999.000,9999.000,9999.000,9999.000,9999.000,9999.000
202608111048,   1.966,9999.000,9999.000,9999.000,9999.000,9999.000,9999.000,9999.000,9999.000
202608111054,   2.022,9999.000,9999.000,9999.000,9999.000,9999.000,9999.000,9999.000,9999.000
202608111100,   2.076,9999.000,   0.100,   0.065,   2.241,   0.000,   2.141,   0.200,   2.341
202608111106,   2.128,9999.000,9999.000,9999.000,9999.000,9999.000,9999.000,9999.000,9999.000
202608111112,   2.178,9999.000,9999.000,9999.000,9999.000,9999.000,9999.000,9999.000,9999.000
202608111118,   2.224,9999.000,9999.000,9999.000,9999.000,9999.000,9999.000,9999.000,9999.000
202608111124,   2.268,9999.000,9999.000,9999.000,9999.000,9999.000,9999.000,9999.000,9999.000
202608111130,   2.308,9999.000,9999.000,9999.000,9999.000,9999.000,9999.000,9999.000,9999.000
202608111136,   2.346,9999.000,9999.000,9999.000,9999.000,9999.000,9999.000,9999.000,9999.000
202608111142,   2.380,9999.000,9999.000,9999.000,9999.000,9999.000,9999.000,9999.000,9999.000
202608111148,   2.411,9999.000,9999.000,9999.000,9999.000,9999.000,9999.000,9999.000,9999.000
202608111154,   2.438,9999.000,9999.000,9999.000,9999.000,9999.000,9999.000,9999.000,9999.000
202608111200,   2.462,9999.000,   0.100,   0.065,   2.627,   0.000,   2.527,   0.200,   2.727
202608111206,   2.482,9999.000,9999.000,9999.000,9999.000,9999.000,9999.000,9999.000,9999.000
202608111212,   2.499,9999.000,9999.000,9999.000,9999.000,9999.000,9999.000,9999.000,9999.000
202608111218,   2.512,9999.000,9999.000,9999.000,9999.000,9999.000,9999.000,9999.000,9999.000
202608111224,   2.522,9999.000,9999.000,9999.000,9999.000,9999.000,9999.000,9999.000,9999.000
202608111230,   2.528,9999.000,9999.000,9999.000,9999.000,9999.000,9999.000,9999.000,9999.000
202608111236,   2.530,9999.000,9999.000,9999.000,9999.000,9999.000,9999.000,9999.000,9999.000
202608111242,   2.529,9999.000,9999.000,9999.000,9999.000,9999.000,9999.000,9999.000,9999.000
202608111248,   2.524,9999.000,9999.000,9999.000,9999.000,9999.000,9999.000,9999.000,9999.000
202608111254,   2.516,9999.000,9999.000,9999.000,9999.000,9999.000,9999.000,9999.000,9999.000
202608111300,   2.505,9999.000,   0.100,   0.065,   2.670,   0.000,   2.570,   0.200,   2.770
202608111306,   2.491,9999.000,9999.000,9999.000,9999.000,9999.000,9999.000,9999.000,9999.000
202608111312,   2.473,9999.000,9999.000,9999.000,9999.000,9999.000,9999.000,9999.000,9999.000
202608111318,   2.453,9999.000,9999.000,9999.000,9999.000,9999.000,9999.000,9999.000,9999.000
202608111324,   2.429,9999.000,9999.000,9999.000,9999.000,9999.000,9999.000,9999.000,9999.000
202608111330,   2.403,9999.000,9999.000,9999.000,9999.000,9999.000,9999.000,9999.000,9999.000
202608111336,   2.374,9999.000,9999.000,9999.000,9999.000,9999.000,9999.000,9999.000,9999.000
202608111342,   2.343,9999.000,9999.000,9999.000,9999.000,9999.000,9999.000,9999.000,9999.000
202608111348,   2.309,9999.000,9999.000,9999.000,9999.000,9999.000,9999.000,9999.000,9999.000
202608111354,   2.272,9999.000,9999.000,9999.000,9999.000,9999.000,9999.000,9999.000,9999.000
202608111400,   2.233,9999.000,   0.100,   0.065,   2.398,   0.000,   2.298,   0.200,   2.498
202608111406,   2.192,9999.000,9999.000,9999.000,9999.000,9999.000,9999.000,9999.000,9999.000
202608111412,   2.149,9999.000,9999.000,9999.000,9999.000,9999.000,9999.000,9999.000,9999.000
202608111418,   2.104,9999.000,9999.000,9999.000,9999.000,9999.000,9999.000,9999.000,9999.000
202608111424,   2.057,9999.000,9999.000,9999.000,9999.000,9999.000,9999.000,9999.000,9999.000
202608111430,   2.009,9999.000,9999.000,9999.000,9999.000,9999.000,9999.000,9999.000,9999.000
202608111436,   1.958,9999.000,9999.000,9999.000,9999.000,9999.000,9999.000,9999.000,9999.000
202608111442,   1.907,9999.000,9999.000,9999.000,9999.000,9999.000,9999.000,9999.000,9999.000
202608111448,   1.853,9999.000,9999.000,9999.000,9999.000,9999.000,9999.000,9999.000,9999.000
202608111454,   1.799,9999.000,9999.000,9999.000,9999.000,9999.000,9999.000,9999.000,9999.000
202608111500,   1.743,9999.000,   0.100,   0.065,   1.908,   0.000,   1.808,   0.200,   2.008
202608111506,   1.686,9999.000,9999.000,9999.000,9999.000,9999.000,9999.000,9999.000,9999.000
202608111512,   1.628,9999.000,9999.000,9999.000,9999.000,9999.000,9999.000,9999.000,9999.000
202608111518,   1.570,9999.000,9999.000,9999.000,9999.000,9999.000,9999.000,9999.000,9999.000
202608111524,   1.510,9999.000,9999.000,9999.000,9999.000,9999.000,9999.000,9999.000,9999.000
202608111530,   1.450,9999.000,9999.000,9999.000,9999.000,9999.000,9999.000,9999.000,9999.000
202608111536,   1.390,9999.000,9999.000,9999.000,9999.000,9999.000,9999.000,9999.000,9999.000
202608111542,   1.329,9999.000,9999.000,9999.000,9999.000,9999.000,9999.000,9999.000,9999.000
202608111548,   1.269,9999.000,9999.000,9999.000,9999.000,9999.000,9999.000,9999.000,9999.000
202608111554,   1.208,9999.000,9999.000,9999.000,9999.000,9999.000,9999.000,9999.000,9999.000
202608111600,   1.147,9999.000,   0.100,   0.065,   1.312,   0.000,   1.212,   0.200,   1.412
202608111606,   1.087,9999.000,9999.000,9999.000,9999.000,9999.000,9999.000,9999.000,9999.000
202608111612,   1.027,9999.000,9999.000,9999.000,9999.000,9999.000,9999.000,9999.000,9999.000
202608111618,   0.968,9999.000,9999.000,9999.000,9999.000,9999.000,9999.000,9999.000,9999.000
202608111624,   0.910,9999.000,9999.000,9999.000,9999.000,9999.000,9999.000,9999.000,9999.000
202608111630,   0.852,9999.000,9999.000,9999.000,9999.000,9999.000,9999.000,9999.000,9999.000
202608111636,   0.796,9999.000,9999.000,9999.000,9999.000,9999.000,9999.000,9999.000,9999.000
202608111642,   0.741,9999.000,9999.000,9999.000,9999.000,9999.000,9999.000,9999.000,9999.000
202608111648,   0.688,9999.000,9999.000,9999.000,9999.000,9999.000,9999.000,9999.000,9999.000
202608111654,   0.636,9999.000,9999.000,9999.000,9999.000,9999.000,9999.000,9999.000,9999.000
202608111700,   0.586,9999.000,   0.100,   0.065,   0.751,   0.000,   0.651,   0.200,   0.851
202608111706,   0.539,9999.000,9999.000,9999.000,9999.000,9999.000,9999.000,9999.000,9999.000
202608111712,   0.493,9999.000,9999.000,9999.000,9999.000,9999.000,9999.000,9999.000,9999.000
202608111718,   0.449,9999.000,9999.000,9999.000,9999.000,9999.000,9999.000,9999.000,9999.000
202608111724,   0.408,9999.000,9999.000,9999.000,9999.000,9999.000,9999.000,9999.000,9999.000
202608111730,   0.370,9999.000,9999.000,9999.000,9999.000,9999.000,9999.000,9999.000,9999.000
202608111736,   0.334,9999.000,9999.000,9999.000,9999.000,9999.000,9999.000,9999.000,9999.000
202608111742,   0.301,9999.000,9999.000,9999.000,9999.000,9999.000,9999.000,9999.000,9999.000
202608111748,   0.270,9999.000,9999.000,9999.000,9999.000,9999.000,9999.000,9999.000,9999.000
202608111754,   0.243,9999.000,9999.000,9999.000,9999.000,9999.000,9999.000,9999.000,9999.000
202608111800,   0.219,9999.000,   0.100,   0.065,   0.384,   0.000,   0.284,   0.300,   0.584
202608111806,   0.197,9999.000,9999.000,9999.000,9999.000,9999.000,9999.000,9999.000,9999.000
202608111812,   0.179,9999.000,9999.000,9999.000,9999.000,9999.000,9999.000,9999.000,9999.000
202608111818,   0.164,9999.000,9999.000,9999.000,9999.000,9999.000,9999.000,9999.000,9999.000
202608111824,   0.152,9999.000,9999.000,9999.000,9999.000,9999.000,9999.000,9999.000,9999.000
202608111830,   0.143,9999.000,9999.000,9999.000,9999.000,9999.000,9999.000,9999.000,9999.000
202608111836,   0.138,9999.000,9999.000,9999.000,9999.000,9999.000,9999.000,9999.000,9999.000
202608111842,   0.135,9999.000,9999.000,9999.000,9999.000,9999.000,9999.000,9999.000,9999.000
202608111848,   0.136,9999.000,9999.000,9999.000,9999.000,9999.000,9999.000,9999.000,9999.000
202608111854,   0.141,9999.000,9999.000,9999.000,9999.000,9999.000,9999.000,9999.000,9999.000
202608111900,   0.148,9999.000,   0.200,   0.065,   0.413,   0.000,   0.213,   0.300,   0.513
202608111906,   0.158,9999.000,9999.000,9999.000,9999.000,9999.000,9999.000,9999.000,9999.000
202608111912,   0.172,9999.000,9999.000,9999.000,9999.000,9999.000,9999.000,9999.000,9999.000
202608111918,   0.189,9999.000,9999.000,9999.000,9999.000,9999.000,9999.000,9999.000,9999.000
202608111924,   0.209,9999.000,9999.000,9999.000,9999.000,9999.000,9999.000,9999.000,9999.000
202608111930,   0.232,9999.000,9999.000,9999.000,9999.000,9999.000,9999.000,9999.000,9999.000
202608111936,   0.258,9999.000,9999.000,9999.000,9999.000,9999.000,9999.000,9999.000,9999.000
202608111942,   0.287,9999.000,9999.000,9999.000,9999.000,9999.000,9999.000,9999.000,9999.000
202608111948,   0.319,9999.000,9999.000,9999.000,9999.000,9999.000,9999.000,9999.000,9999.000
202608111954,   0.354,9999.000,9999.000,9999.000,9999.000,9999.000,9999.000,9999.000,9999.000
202608112000,   0.391,9999.000,   0.200,   0.065,   0.656,   0.000,   0.456,   0.300,   0.756
202608112006,   0.432,9999.000,9999.000,9999.000,9999.000,9999.000,9999.000,9999.000,9999.000
202608112012,   0.475,9999.000,9999.000,9999.000,9999.000,9999.000,9999.000,9999.000,9999.000
202608112018,   0.521,9999.000,9999.000,9999.000,9999.000,9999.000,9999.000,9999.000,9999.000
202608112024,   0.569,9999.000,9999.000,9999.000,9999.000,9999.000,9999.000,9999.000,9999.000
202608112030,   0.620,9999.000,9999.000,9999.000,9999.000,9999.000,9999.000,9999.000,9999.000
202608112036,   0.674,9999.000,9999.000,9999.000,9999.000,9999.000,9999.000,9999.000,9999.000
202608112042,   0.730,9999.000,9999.000,9999.000,9999.000,9999.000,9999.000,9999.000,9999.000
202608112048,   0.788,9999.000,9999.000,9999.000,9999.000,9999.000,9999.000,9999.000,9999.000
202608112054,   0.848,9999.000,9999.000,9999.000,9999.000,9999.000,9999.000,9999.000,9999.000
202608112100,   0.911,9999.000,   0.200,   0.065,   1.176,   0.100,   1.076,   0.300,   1.276
202608112106,   0.975,9999.000,9999.000,9999.000,9999.000,9999.000,9999.000,9999.000,9999.000
202608112112,   1.042,9999.000,9999.000,9999.000,9999.000,9999.000,9999.000,9999.000,9999.000
202608112118,   1.110,9999.000,9999.000,9999.000,9999.000,9999.000,9999.000,9999.000,9999.000
202608112124,   1.179,9999.000,9999.000,9999.000,9999.000,9999.000,9999.000,9999.000,9999.000
202608112130,   1.251,9999.000,9999.000,9999.000,9999.000,9999.000,9999.000,9999.000,9999.000
202608112136,   1.323,9999.000,9999.000,9999.000,9999.000,9999.000,9999.000,9999.000,9999.000
202608112142,   1.396,9999.000,9999.000,9999.000,9999.000,9999.000,9999.000,9999.000,9999.000
202608112148,   1.471,9999.000,9999.000,9999.000,9999.000,9999.000,9999.000,9999.000,9999.000
202608112154,   1.546,9999.000,9999.000,9999.000,9999.000,9999.000,9999.000,9999.000,9999.000
202608112200,   1.622,9999.000,   0.200,   0.065,   1.887,   0.100,   1.787,   0.300,   1.987
202608112206,   1.697,9999.000,9999.000,9999.000,9999.000,9999.000,9999.000,9999.000,9999.000
202608112212,   1.773,9999.000,9999.000,9999.000,9999.000,9999.000,9999.000,9999.000,9999.000
202608112218,   1.849,9999.000,9999.000,9999.000,9999.000,9999.000,9999.000,9999.000,9999.000
202608112224,   1.925,9999.000,9999.000,9999.000,9999.000,9999.000,9999.000,9999.000,9999.000
202608112230,   1.999,9999.000,9999.000,9999.000,9999.000,9999.000,9999.000,9999.000,9999.000
202608112236,   2.073,9999.000,9999.000,9999.000,9999.000,9999.000,9999.000,9999.000,9999.000
202608112242,   2.146,9999.000,9999.000,9999.000,9999.000,9999.000,9999.000,9999.000,9999.000
202608112248,   2.217,9999.000,9999.000,9999.000,9999.000,9999.000,9999.000,9999.000,9999.000
202608112254,   2.287,9999.000,9999.000,9999.000,9999.000,9999.000,9999.000,9999.000,9999.000
202608112300,   2.355,9999.000,   0.200,   0.065,   2.620,   0.100,   2.520,   0.300,   2.720
202608112306,   2.421,9999.000,9999.000,9999.000,9999.000,9999.000,9999.000,9999.000,9999.000
202608112312,   2.484,9999.000,9999.000,9999.000,9999.000,9999.000,9999.000,9999.000,9999.000
202608112318,   2.545,9999.000,9999.000,9999.000,9999.000,9999.000,9999.000,9999.000,9999.000
202608112324,   2.604,9999.000,9999.000,9999.000,9999.000,9999.000,9999.000,9999.000,9999.000
202608112330,   2.659,9999.000,9999.000,9999.000,9999.000,9999.000,9999.000,9999.000,9999.000
202608112336,   2.712,9999.000,9999.000,9999.000,9999.000,9999.000,9999.000,9999.000,9999.000
202608112342,   2.761,9999.000,9999.000,9999.000,9999.000,9999.000,9999.000,9999.000,9999.000
202608112348,   2.807,9999.000,9999.000,9999.000,9999.000,9999.000,9999.000,9999.000,9999.000
202608112354,   2.849,9999.000,9999.000,9999.000,9999.000,9999.000,9999.000,9999.000,9999.000
202608120000,   2.888,9999.000,   0.200,   0.065,   3.153,   0.100,   3.053,   0.300,   3.253
