        TIME,    TIDE,      OB,   SURGE,    BIAS,     TWL,SURGE90p,  TWL90p,SURGE10p,   TWL10p
202605261200,   1.970,   2.768,   0.300,   0.498,   2.768,   0.300,   2.768,   0.300,   2.768
202605261206,   1.892,9999.000,9999.000,9999.000,9999.000,9999.000,9999.000,9999.000,9999.000
202605261212,   1.813,   2.630,9999.000,9999.000,9999.000,9999.000,9999.000,9999.000,9999.000
202605261218,   1.735,9999.000,9999.000,9999.000,9999.000,9999.000,9999.000,9999.000,9999.000
202605261224,   1.656,   2.469,9999.000,9999.000,9999.000,9999.000,9999.000,9999.000,9999.000
202605261230,   1.577,9999.000,9999.000,9999.000,9999.000,9999.000,9999.000,9999.000,9999.000
202605261236,   1.498,   2.299,9999.000,9999.000,9999.000,9999.000,9999.000,9999.000,9999.000
202605261242,   1.420,9999.000,9999.000,9999.000,9999.000,9999.000,9999.000,9999.000,9999.000
202605261248,   1.342,   2.148,9999.000,9999.000,9999.000,9999.000,9999.000,9999.000,9999.000
202605261254,   1.265,9999.000,9999.000,9999.000,9999.000,9999.000,9999.000,9999.000,9999.000
202605261300,   1.190,   2.000,   0.300,   0.510,   2.000,   0.300,   2.000,   0.300,   2.000
202605261306,   1.115,   1.948,9999.000,9999.000,9999.000,9999.000,9999.000,9999.000,9999.000
202605261312,   1.042,   1.879,9999.000,9999.000,9999.000,9999.000,9999.000,9999.000,9999.000
202605261318,   0.970,   1.800,9999.000,9999.000,9999.000,9999.000,9999.000,9999.000,9999.000
202605261324,   0.901,   1.738,9999.000,9999.000,9999.000,9999.000,9999.000,9999.000,9999.000
202605261330,   0.834,   1.659,9999.000,9999.000,9999.000,9999.000,9999.000,9999.000,9999.000
202605261336,   0.769,   1.600,9999.000,9999.000,9999.000,9999.000,9999.000,9999.000,9999.000
202605261342,   0.706,   1.518,9999.000,9999.000,9999.000,9999.000,9999.000,9999.000,9999.000
202605261348,   0.647,   1.449,9999.000,9999.000,9999.000,9999.000,9999.000,9999.000,9999.000
202605261354,   0.590,   1.400,9999.000,9999.000,9999.000,9999.000,9999.000,9999.000,9999.000
202605261400,   0.537,   1.318,   0.300,   0.481,   1.318,   0.300,   1.318,   0.300,   1.318
202605261406,   0.488,   1.259,9999.000,9999.000,9999.000,9999.000,9999.000,9999.000,9999.000
202605261412,   0.442,   1.200,9999.000,9999.000,9999.000,9999.000,9999.000,9999.000,9999.000
202605261418,   0.400,   1.151,9999.000,9999.000,9999.000,9999.000,9999.000,9999.000,9999.000
202605261424,   0.361,   1.108,9999.000,9999.000,9999.000,9999.000,9999.000,9999.000,9999.000
202605261430,   0.327,   1.049,9999.000,9999.000,9999.000,9999.000,9999.000,9999.000,9999.000
202605261436,   0.298,   0.990,9999.000,9999.000,9999.000,9999.000,9999.000,9999.000,9999.000
202605261442,   0.272,   0.961,9999.000,9999.000,9999.000,9999.000,9999.000,9999.000,9999.000
202605261448,   0.252,   0.918,9999.000,9999.000,9999.000,9999.000,9999.000,9999.000,9999.000
202605261454,   0.236,   0.879,9999.000,9999.000,9999.000,9999.000,9999.000,9999.000,9999.000
202605261500,   0.224,   0.839,   0.300,   0.315,   0.839,   0.300,   0.839,   0.300,   0.839
202605261506,   0.218,   0.829,9999.000,9999.000,9999.000,9999.000,9999.000,9999.000,9999.000
202605261512,   0.216,   0.800,9999.000,9999.000,9999.000,9999.000,9999.000,9999.000,9999.000
202605261518,   0.219,   0.760,9999.000,9999.000,9999.000,9999.000,9999.000,9999.000,9999.000
202605261524,   0.227,   0.741,9999.000,9999.000,9999.000,9999.000,9999.000,9999.000,9999.000
202605261530,   0.240,   0.731,9999.000,9999.000,9999.000,9999.000,9999.000,9999.000,9999.000
202605261536,   0.257,   0.698,9999.000,9999.000,9999.000,9999.000,9999.000,9999.000,9999.000
202605261542,   0.280,   0.688,9999.000,9999.000,9999.000,9999.000,9999.000,9999.000,9999.000
202605261548,   0.307,   0.688,9999.000,9999.000,9999.000,9999.000,9999.000,9999.000,9999.000
202605261554,   0.338,   0.698,9999.000,9999.000,9999.000,9999.000,9999.000,9999.000,9999.000
202605261600,   0.374,   0.669,   0.300,  -0.005,   0.669,   0.300,   0.669,   0.400,   0.769
202605261606,   0.415,   0.708,9999.000,9999.000,9999.000,9999.000,9999.000,9999.000,9999.000
202605261612,   0.459,   0.751,9999.000,9999.000,9999.000,9999.000,9999.000,9999.000,9999.000
202605261618,   0.508,   0.800,9999.000,9999.000,9999.000,9999.000,9999.000,9999.000,9999.000
202605261624,   0.561,   0.839,9999.000,9999.000,9999.000,9999.000,9999.000,9999.000,9999.000
202605261630,   0.617,   0.879,9999.000,9999.000,9999.000,9999.000,9999.000,9999.000,9999.000
202605261636,   0.676,   0.941,9999.000,9999.000,9999.000,9999.000,9999.000,9999.000,9999.000
202605261642,   0.739,   1.000,9999.000,9999.000,9999.000,9999.000,9999.000,9999.000,9999.000
202605261648,   0.805,   1.059,9999.000,9999.000,9999.000,9999.000,9999.000,9999.000,9999.000
202605261654,   0.874,   1.118,9999.000,9999.000,9999.000,9999.000,9999.000,9999.000,9999.000
202605261700,   0.946,   1.200,   0.300,  -0.046,   1.200,   0.300,   1.200,   0.400,   1.300
202605261706,   1.020,   1.269,9999.000,9999.000,9999.000,9999.000,9999.000,9999.000,9999.000
202605261712,   1.096,   1.338,9999.000,9999.000,9999.000,9999.000,9999.000,9999.000,9999.000
202605261718,   1.174,   1.449,9999.000,9999.000,9999.000,9999.000,9999.000,9999.000,9999.000
202605261724,   1.254,   1.528,9999.000,9999.000,9999.000,9999.000,9999.000,9999.000,9999.000
202605261730,   1.335,   1.580,9999.000,9999.000,9999.000,9999.000,9999.000,9999.000,9999.000
202605261736,   1.418,   1.649,9999.000,9999.000,9999.000,9999.000,9999.000,9999.000,9999.000
202605261742,   1.502,   1.748,9999.000,9999.000,9999.000,9999.000,9999.000,9999.000,9999.000
202605261748,   1.587,   1.840,9999.000,9999.000,9999.000,9999.000,9999.000,9999.000,9999.000
202605261754,   1.673,   1.908,9999.000,9999.000,9999.000,9999.000,9999.000,9999.000,9999.000
202605261800,   1.760,   2.010,   0.300,  -0.050,   2.010,   0.300,   2.010,   0.400,   2.110
202605261806,   1.848,   2.089,9999.000,9999.000,9999.000,9999.000,9999.000,9999.000,9999.000
202605261812,   1.936,   2.177,9999.000,9999.000,9999.000,9999.000,9999.000,9999.000,9999.000
202605261818,   2.024,   2.279,9999.000,9999.000,9999.000,9999.000,9999.000,9999.000,9999.000
202605261824,   2.112,   2.368,9999.000,9999.000,9999.000,9999.000,9999.000,9999.000,9999.000
202605261830,   2.201,   2.459,9999.000,9999.000,9999.000,9999.000,9999.000,9999.000,9999.000
202605261836,   2.289,   2.558,9999.000,9999.000,9999.000,9999.000,9999.000,9999.000,9999.000
202605261842,   2.378,   2.660,9999.000,9999.000,9999.000,9999.000,9999.000,9999.000,9999.000
202605261848,   2.466,   2.738,9999.000,9999.000,9999.000,9999.000,9999.000,9999.000,9999.000
202605261854,   2.554,   2.830,9999.000,9999.000,9999.000,9999.000,9999.000,9999.000,9999.000
202605261900,   2.641,   2.929,   0.300,  -0.012,   2.929,   0.300,   2.929,   0.300,   2.929
202605261906,   2.727,   3.040,9999.000,9999.000,9999.000,9999.000,9999.000,9999.000,9999.000
202605261912,   2.812,   3.129,9999.000,9999.000,9999.000,9999.000,9999.000,9999.000,9999.000
202605261918,   2.897,   3.217,9999.000,9999.000,9999.000,9999.000,9999.000,9999.000,9999.000
202605261924,   2.979,   3.309,9999.000,9999.000,9999.000,9999.000,9999.000,9999.000,9999.000
202605261930,   3.061,   3.407,9999.000,9999.000,9999.000,9999.000,9999.000,9999.000,9999.000
202605261936,   3.140,   3.499,9999.000,9999.000,9999.000,9999.000,9999.000,9999.000,9999.000
202605261942,   3.218,   3.578,9999.000,9999.000,9999.000,9999.000,9999.000,9999.000,9999.000
202605261948,   3.293,   3.689,9999.000,9999.000,9999.000,9999.000,9999.000,9999.000,9999.000
202605261954,   3.365,   3.778,9999.000,9999.000,9999.000,9999.000,9999.000,9999.000,9999.000
202605262000,   3.435,   3.860,   0.300,   0.125,   3.860,   0.300,   3.860,   0.300,   3.860
202605262006,   3.502,   3.939,9999.000,9999.000,9999.000,9999.000,9999.000,9999.000,9999.000
202605262012,   3.565,   4.017,9999.000,9999.000,9999.000,9999.000,9999.000,9999.000,9999.000
202605262018,   3.625,   4.109,9999.000,9999.000,9999.000,9999.000,9999.000,9999.000,9999.000
202605262024,   3.681,   4.188,9999.000,9999.000,9999.000,9999.000,9999.000,9999.000,9999.000
202605262030,   3.733,   4.267,9999.000,9999.000,9999.000,9999.000,9999.000,9999.000,9999.000
202605262036,   3.780,   4.339,9999.000,9999.000,9999.000,9999.000,9999.000,9999.000,9999.000
202605262042,   3.823,   4.418,9999.000,9999.000,9999.000,9999.000,9999.000,9999.000,9999.000
202605262048,   3.862,   4.457,9999.000,9999.000,9999.000,9999.000,9999.000,9999.000,9999.000
202605262054,   3.896,   4.509,9999.000,9999.000,9999.000,9999.000,9999.000,9999.000,9999.000
202605262100,   3.924,   4.559,   0.300,   0.335,   4.559,   0.300,   4.559,   0.300,   4.559
202605262106,   3.948,   4.618,9999.000,9999.000,9999.000,9999.000,9999.000,9999.000,9999.000
202605262112,   3.967,   4.647,9999.000,9999.000,9999.000,9999.000,9999.000,9999.000,9999.000
202605262118,   3.981,   4.690,9999.000,9999.000,9999.000,9999.000,9999.000,9999.000,9999.000
202605262124,   3.990,   4.729,9999.000,9999.000,9999.000,9999.000,9999.000,9999.000,9999.000
202605262130,   3.994,   4.759,9999.000,9999.000,9999.000,9999.000,9999.000,9999.000,9999.000
202605262136,   3.993,   4.788,9999.000,9999.000,9999.000,9999.000,9999.000,9999.000,9999.000
202605262142,   3.987,   4.808,9999.000,9999.000,9999.000,9999.000,9999.000,9999.000,9999.000
202605262148,   3.977,   4.818,9999.000,9999.000,9999.000,9999.000,9999.000,9999.000,9999.000
202605262154,   3.962,   4.837,9999.000,9999.000,9999.000,9999.000,9999.000,9999.000,9999.000
202605262200,   3.942,   4.837,   0.400,   0.495,   4.837,   0.300,   4.737,   0.400,   4.837
202605262206,   3.919,   4.837,9999.000,9999.000,9999.000,9999.000,9999.000,9999.000,9999.000
202605262212,   3.891,   4.837,9999.000,9999.000,9999.000,9999.000,9999.000,9999.000,9999.000
202605262218,   3.859,   4.828,9999.000,9999.000,9999.000,9999.000,9999.000,9999.000,9999.000
202605262224,   3.824,   4.828,9999.000,9999.000,9999.000,9999.000,9999.000,9999.000,9999.000
202605262230,   3.786,   4.808,9999.000,9999.000,9999.000,9999.000,9999.000,9999.000,9999.000
202605262236,   3.744,   4.788,9999.000,9999.000,9999.000,9999.000,9999.000,9999.000,9999.000
202605262242,   3.699,   4.739,9999.000,9999.000,9999.000,9999.000,9999.000,9999.000,9999.000
202605262248,   3.651,   4.710,9999.000,9999.000,9999.000,9999.000,9999.000,9999.000,9999.000
202605262254,   3.600,   4.647,9999.000,9999.000,9999.000,9999.000,9999.000,9999.000,9999.000
202605262300,   3.546,   4.598,   0.400,   0.652,   4.598,   0.300,   4.498,   0.400,   4.598
202605262306,   3.490,   4.529,9999.000,9999.000,9999.000,9999.000,9999.000,9999.000,9999.000
202605262312,   3.432,   4.467,9999.000,9999.000,9999.000,9999.000,9999.000,9999.000,9999.000
202605262318,   3.372,   4.408,9999.000,9999.000,9999.000,9999.000,9999.000,9999.000,9999.000
202605262324,   3.309,   4.349,9999.000,9999.000,9999.000,9999.000,9999.000,9999.000,9999.000
202605262330,   3.245,   4.280,9999.000,9999.000,9999.000,9999.000,9999.000,9999.000,9999.000
202605262336,   3.178,   4.208,9999.000,9999.000,9999.000,9999.000,9999.000,9999.000,9999.000
202605262342,   3.110,   4.129,9999.000,9999.000,9999.000,9999.000,9999.000,9999.000,9999.000
202605262348,   3.040,   4.057,9999.000,9999.000,9999.000,9999.000,9999.000,9999.000,9999.000
202605262354,   2.968,   3.968,9999.000,9999.000,9999.000,9999.000,9999.000,9999.000,9999.000
202605270000,   2.895,   3.880,   0.300,   0.685,   3.880,   0.300,   3.880,   0.300,   3.880
202605270006,   2.820,   3.798,9999.000,9999.000,9999.000,9999.000,9999.000,9999.000,9999.000
202605270012,   2.744,   3.699,9999.000,9999.000,9999.000,9999.000,9999.000,9999.000,9999.000
202605270018,   2.666,   3.627,9999.000,9999.000,9999.000,9999.000,9999.000,9999.000,9999.000
202605270024,   2.587,   3.539,9999.000,9999.000,9999.000,9999.000,9999.000,9999.000,9999.000
202605270030,   2.508,   3.450,9999.000,9999.000,9999.000,9999.000,9999.000,9999.000,9999.000
202605270036,   2.427,   3.368,9999.000,9999.000,9999.000,9999.000,9999.000,9999.000,9999.000
202605270042,   2.346,   3.279,9999.000,9999.000,9999.000,9999.000,9999.000,9999.000,9999.000
202605270048,   2.264,   3.188,9999.000,9999.000,9999.000,9999.000,9999.000,9999.000,9999.000
202605270054,   2.181,   3.099,9999.000,9999.000,9999.000,9999.000,9999.000,9999.000,9999.000
202605270100,   2.098,   2.997,   0.300,   0.599,   2.997,   0.300,   2.997,   0.300,   2.997
202605270106,   2.016,   2.919,9999.000,9999.000,9999.000,9999.000,9999.000,9999.000,9999.000
202605270112,   1.933,   2.830,9999.000,9999.000,9999.000,9999.000,9999.000,9999.000,9999.000
202605270118,   1.851,   2.738,9999.000,9999.000,9999.000,9999.000,9999.000,9999.000,9999.000
202605270124,   1.769,   2.640,9999.000,9999.000,9999.000,9999.000,9999.000,9999.000,9999.000
202605270130,   1.688,   2.568,9999.000,9999.000,9999.000,9999.000,9999.000,9999.000,9999.000
202605270136,   1.608,   2.489,9999.000,9999.000,9999.000,9999.000,9999.000,9999.000,9999.000
202605270142,   1.530,   2.420,9999.000,9999.000,9999.000,9999.000,9999.000,9999.000,9999.000
202605270148,   1.453,   2.348,9999.000,9999.000,9999.000,9999.000,9999.000,9999.000,9999.000
202605270154,   1.377,   2.279,9999.000,9999.000,9999.000,9999.000,9999.000,9999.000,9999.000
202605270200,   1.304,   2.210,   0.300,   0.606,   2.210,   0.300,   2.210,   0.300,   2.210
202605270206,   1.233,   2.118,9999.000,9999.000,9999.000,9999.000,9999.000,9999.000,9999.000
202605270212,   1.164,   2.040,9999.000,9999.000,9999.000,9999.000,9999.000,9999.000,9999.000
202605270218,   1.098,   1.958,9999.000,9999.000,9999.000,9999.000,9999.000,9999.000,9999.000
202605270224,   1.035,   1.889,9999.000,9999.000,9999.000,9999.000,9999.000,9999.000,9999.000
202605270230,   0.975,   1.810,9999.000,9999.000,9999.000,9999.000,9999.000,9999.000,9999.000
202605270236,   0.919,   1.738,9999.000,9999.000,9999.000,9999.000,9999.000,9999.000,9999.000
202605270242,   0.865,   1.659,9999.000,9999.000,9999.000,9999.000,9999.000,9999.000,9999.000
202605270248,   0.816,   1.610,9999.000,9999.000,9999.000,9999.000,9999.000,9999.000,9999.000
202605270254,   0.770,   1.548,9999.000,9999.000,9999.000,9999.000,9999.000,9999.000,9999.000
202605270300,   0.728,   1.489,   0.300,   0.461,   1.489,   0.300,   1.489,   0.300,   1.489
202605270306,   0.691,   1.430,9999.000,9999.000,9999.000,9999.000,9999.000,9999.000,9999.000
202605270312,   0.657,   1.348,9999.000,9999.000,9999.000,9999.000,9999.000,9999.000,9999.000
202605270318,   0.628,   1.308,9999.000,9999.000,9999.000,9999.000,9999.000,9999.000,9999.000
202605270324,   0.603,   1.249,9999.000,9999.000,9999.000,9999.000,9999.000,9999.000,9999.000
202605270330,   0.582,   1.190,9999.000,9999.000,9999.000,9999.000,9999.000,9999.000,9999.000
202605270336,   0.566,   1.128,9999.000,9999.000,9999.000,9999.000,9999.000,9999.000,9999.000
202605270342,   0.554,   1.108,9999.000,9999.000,9999.000,9999.000,9999.000,9999.000,9999.000
202605270348,   0.547,   1.069,9999.000,9999.000,9999.000,9999.000,9999.000,9999.000,9999.000
202605270354,   0.545,   1.020,9999.000,9999.000,9999.000,9999.000,9999.000,9999.000,9999.000
202605270400,   0.547,   1.010,   0.300,   0.163,   1.010,   0.300,   1.010,   0.300,   1.010
202605270406,   0.553,   0.980,9999.000,9999.000,9999.000,9999.000,9999.000,9999.000,9999.000
202605270412,   0.564,   0.970,9999.000,9999.000,9999.000,9999.000,9999.000,9999.000,9999.000
202605270418,   0.580,   0.961,9999.000,9999.000,9999.000,9999.000,9999.000,9999.000,9999.000
202605270424,   0.599,   0.941,9999.000,9999.000,9999.000,9999.000,9999.000,9999.000,9999.000
202605270430,   0.623,   0.928,9999.000,9999.000,9999.000,9999.000,9999.000,9999.000,9999.000
202605270436,   0.650,   0.918,9999.000,9999.000,9999.000,9999.000,9999.000,9999.000,9999.000
202605270442,   0.682,   0.980,9999.000,9999.000,9999.000,9999.000,9999.000,9999.000,9999.000
202605270448,   0.717,   1.039,9999.000,9999.000,9999.000,9999.000,9999.000,9999.000,9999.000
202605270454,   0.756,   1.049,9999.000,9999.000,9999.000,9999.000,9999.000,9999.000,9999.000
202605270500,   0.798,   1.059,   0.300,  -0.039,   1.059,   0.300,   1.059,   0.300,   1.059
202605270506,   0.843,   1.088,9999.000,9999.000,9999.000,9999.000,9999.000,9999.000,9999.000
202605270512,   0.892,   1.138,9999.000,9999.000,9999.000,9999.000,9999.000,9999.000,9999.000
202605270518,   0.943,   1.210,9999.000,9999.000,9999.000,9999.000,9999.000,9999.000,9999.000
202605270524,   0.996,   1.229,9999.000,9999.000,9999.000,9999.000,9999.000,9999.000,9999.000
202605270530,   1.053,   1.249,9999.000,9999.000,9999.000,9999.000,9999.000,9999.000,9999.000
202605270536,   1.111,   1.318,9999.000,9999.000,9999.000,9999.000,9999.000,9999.000,9999.000
202605270542,   1.172,   1.420,9999.000,9999.000,9999.000,9999.000,9999.000,9999.000,9999.000
202605270548,   1.234,   1.498,9999.000,9999.000,9999.000,9999.000,9999.000,9999.000,9999.000
202605270554,   1.298,   1.548,9999.000,9999.000,9999.000,9999.000,9999.000,9999.000,9999.000
202605270600,   1.363,   1.630,   0.300,  -0.033,   1.630,   0.200,   1.530,   0.300,   1.630
202605270606,   1.430,   1.708,9999.000,9999.000,9999.000,9999.000,9999.000,9999.000,9999.000
202605270612,   1.498,   1.781,9999.000,9999.000,9999.000,9999.000,9999.000,9999.000,9999.000
202605270618,   1.567,   1.869,9999.000,9999.000,9999.000,9999.000,9999.000,9999.000,9999.000
202605270624,   1.637,   1.928,9999.000,9999.000,9999.000,9999.000,9999.000,9999.000,9999.000
202605270630,   1.708,   2.000,9999.000,9999.000,9999.000,9999.000,9999.000,9999.000,9999.000
202605270636,   1.779,   2.059,9999.000,9999.000,9999.000,9999.000,9999.000,9999.000,9999.000
202605270642,   1.851,   2.148,9999.000,9999.000,9999.000,9999.000,9999.000,9999.000,9999.000
202605270648,   1.923,   2.240,9999.000,9999.000,9999.000,9999.000,9999.000,9999.000,9999.000
202605270654,   1.995,9999.000,9999.000,9999.000,9999.000,9999.000,9999.000,9999.000,9999.000
202605270700,   2.068,   2.410,   0.300,   0.042,   2.410,   0.300,   2.410,   0.300,   2.410
202605270706,   2.140,   2.489,9999.000,9999.000,9999.000,9999.000,9999.000,9999.000,9999.000
202605270712,   2.212,   2.548,9999.000,9999.000,9999.000,9999.000,9999.000,9999.000,9999.000
202605270718,   2.284,   2.630,9999.000,9999.000,9999.000,9999.000,9999.000,9999.000,9999.000
202605270724,   2.356,   2.719,9999.000,9999.000,9999.000,9999.000,9999.000,9999.000,9999.000
202605270730,   2.427,   2.778,9999.000,9999.000,9999.000,9999.000,9999.000,9999.000,9999.000
202605270736,   2.497,   2.850,9999.000,9999.000,9999.000,9999.000,9999.000,9999.000,9999.000
202605270742,   2.566,   2.938,9999.000,9999.000,9999.000,9999.000,9999.000,9999.000,9999.000
202605270748,   2.634,   3.007,9999.000,9999.000,9999.000,9999.000,9999.000,9999.000,9999.000
202605270754,   2.701,   3.079,9999.000,9999.000,9999.000,9999.000,9999.000,9999.000,9999.000
202605270800,   2.766,   3.168,   0.300,   0.102,   3.168,   0.300,   3.168,   0.400,   3.268
202605270806,   2.829,   3.240,9999.000,9999.000,9999.000,9999.000,9999.000,9999.000,9999.000
202605270812,   2.890,   3.309,9999.000,9999.000,9999.000,9999.000,9999.000,9999.000,9999.000
202605270818,   2.948,   3.368,9999.000,9999.000,9999.000,9999.000,9999.000,9999.000,9999.000
202605270824,   3.005,   3.417,9999.000,9999.000,9999.000,9999.000,9999.000,9999.000,9999.000
202605270830,   3.058,   3.470,9999.000,9999.000,9999.000,9999.000,9999.000,9999.000,9999.000
202605270836,   3.108,   3.548,9999.000,9999.000,9999.000,9999.000,9999.000,9999.000,9999.000
202605270842,   3.155,   3.598,9999.000,9999.000,9999.000,9999.000,9999.000,9999.000,9999.000
202605270848,   3.198,   3.650,9999.000,9999.000,9999.000,9999.000,9999.000,9999.000,9999.000
202605270854,   3.238,   3.709,9999.000,9999.000,9999.000,9999.000,9999.000,9999.000,9999.000
202605270900,   3.274,   3.768,   0.300,   0.194,   3.768,   0.300,   3.768,   0.400,   3.868
202605270906,   3.305,   3.798,9999.000,9999.000,9999.000,9999.000,9999.000,9999.000,9999.000
202605270912,   3.332,   3.847,9999.000,9999.000,9999.000,9999.000,9999.000,9999.000,9999.000
202605270918,   3.355,   3.890,9999.000,9999.000,9999.000,9999.000,9999.000,9999.000,9999.000
202605270924,   3.373,   3.919,9999.000,9999.000,9999.000,9999.000,9999.000,9999.000,9999.000
202605270930,   3.387,   3.968,9999.000,9999.000,9999.000,9999.000,9999.000,9999.000,9999.000
202605270936,   3.396,   3.988,9999.000,9999.000,9999.000,9999.000,9999.000,9999.000,9999.000
202605270942,   3.400,   4.017,9999.000,9999.000,9999.000,9999.000,9999.000,9999.000,9999.000
202605270948,   3.400,   4.037,9999.000,9999.000,9999.000,9999.000,9999.000,9999.000,9999.000
202605270954,   3.395,   4.057,9999.000,9999.000,9999.000,9999.000,9999.000,9999.000,9999.000
202605271000,   3.386,   4.070,   0.300,   0.384,   4.070,   0.300,   4.070,   0.400,   4.170
202605271006,   3.372,   4.080,9999.000,9999.000,9999.000,9999.000,9999.000,9999.000,9999.000
202605271012,   3.354,   4.070,9999.000,9999.000,9999.000,9999.000,9999.000,9999.000,9999.000
202605271018,   3.331,   4.057,9999.000,9999.000,9999.000,9999.000,9999.000,9999.000,9999.000
202605271024,   3.305,   4.057,9999.000,9999.000,9999.000,9999.000,9999.000,9999.000,9999.000
202605271030,   3.275,   4.037,9999.000,9999.000,9999.000,9999.000,9999.000,9999.000,9999.000
202605271036,   3.241,   4.008,9999.000,9999.000,9999.000,9999.000,9999.000,9999.000,9999.000
202605271042,   3.204,   3.998,9999.000,9999.000,9999.000,9999.000,9999.000,9999.000,9999.000
202605271048,   3.164,   3.958,9999.000,9999.000,9999.000,9999.000,9999.000,9999.000,9999.000
202605271054,   3.120,   3.909,9999.000,9999.000,9999.000,9999.000,9999.000,9999.000,9999.000
202605271100,   3.074,   3.880,   0.300,   0.506,   3.880,   0.300,   3.880,   0.400,   3.980
202605271106,   3.025,   3.837,9999.000,9999.000,9999.000,9999.000,9999.000,9999.000,9999.000
202605271112,   2.974,   3.758,9999.000,9999.000,9999.000,9999.000,9999.000,9999.000,9999.000
202605271118,   2.920,   3.699,9999.000,9999.000,9999.000,9999.000,9999.000,9999.000,9999.000
202605271124,   2.864,   3.660,9999.000,9999.000,9999.000,9999.000,9999.000,9999.000,9999.000
202605271130,   2.806,   3.607,9999.000,9999.000,9999.000,9999.000,9999.000,9999.000,9999.000
202605271136,   2.746,   3.519,9999.000,9999.000,9999.000,9999.000,9999.000,9999.000,9999.000
202605271142,   2.684,   3.460,9999.000,9999.000,9999.000,9999.000,9999.000,9999.000,9999.000
202605271148,   2.621,   3.388,9999.000,9999.000,9999.000,9999.000,9999.000,9999.000,9999.000
202605271154,   2.556,   3.348,9999.000,9999.000,9999.000,9999.000,9999.000,9999.000,9999.000
202605271200,   2.489,   3.270,   0.300,   0.481,   3.270,   0.300,   3.270,   0.400,   3.370
202605271206,   2.421,   3.197,9999.000,9999.000,9999.000,9999.000,9999.000,9999.000,9999.000
202605271212,   2.352,   3.129,9999.000,9999.000,9999.000,9999.000,9999.000,9999.000,9999.000
202605271218,   2.282,   3.079,9999.000,9999.000,9999.000,9999.000,9999.000,9999.000,9999.000
202605271224,   2.211,   3.007,9999.000,9999.000,9999.000,9999.000,9999.000,9999.000,9999.000
202605271230,   2.138,   2.958,9999.000,9999.000,9999.000,9999.000,9999.000,9999.000,9999.000
202605271236,   2.065,   2.899,9999.000,9999.000,9999.000,9999.000,9999.000,9999.000,9999.000
202605271242,   1.991,   2.840,9999.000,9999.000,9999.000,9999.000,9999.000,9999.000,9999.000
202605271248,   1.916,   2.738,9999.000,9999.000,9999.000,9999.000,9999.000,9999.000,9999.000
202605271254,   1.841,   2.669,9999.000,9999.000,9999.000,9999.000,9999.000,9999.000,9999.000
202605271300,   1.765,   2.597,   0.300,   0.532,   2.597,   0.300,   2.597,   0.400,   2.697
202605271306,   1.689,   2.509,9999.000,9999.000,9999.000,9999.000,9999.000,9999.000,9999.000
202605271312,   1.613,   2.450,9999.000,9999.000,9999.000,9999.000,9999.000,9999.000,9999.000
202605271318,   1.537,   2.377,9999.000,9999.000,9999.000,9999.000,9999.000,9999.000,9999.000
202605271324,   1.461,   2.299,9999.000,9999.000,9999.000,9999.000,9999.000,9999.000,9999.000
202605271330,   1.385,   2.220,9999.000,9999.000,9999.000,9999.000,9999.000,9999.000,9999.000
202605271336,   1.311,   2.148,9999.000,9999.000,9999.000,9999.000,9999.000,9999.000,9999.000
202605271342,   1.237,   2.059,9999.000,9999.000,9999.000,9999.000,9999.000,9999.000,9999.000
202605271348,   1.164,   1.967,9999.000,9999.000,9999.000,9999.000,9999.000,9999.000,9999.000
202605271354,   1.092,   1.899,9999.000,9999.000,9999.000,9999.000,9999.000,9999.000,9999.000
202605271400,   1.022,   1.830,   0.300,   0.508,   1.830,   0.300,   1.830,   0.400,   1.930
202605271406,   0.954,   1.758,9999.000,9999.000,9999.000,9999.000,9999.000,9999.000,9999.000
202605271412,   0.888,   1.689,9999.000,9999.000,9999.000,9999.000,9999.000,9999.000,9999.000
202605271418,   0.824,   1.630,9999.000,9999.000,9999.000,9999.000,9999.000,9999.000,9999.000
202605271424,   0.762,   1.557,9999.000,9999.000,9999.000,9999.000,9999.000,9999.000,9999.000
202605271430,   0.703,   1.489,9999.000,9999.000,9999.000,9999.000,9999.000,9999.000,9999.000
202605271436,   0.647,   1.420,9999.000,9999.000,9999.000,9999.000,9999.000,9999.000,9999.000
202605271442,   0.594,   1.361,9999.000,9999.000,9999.000,9999.000,9999.000,9999.000,9999.000
202605271448,   0.545,   1.279,9999.000,9999.000,9999.000,9999.000,9999.000,9999.000,9999.000
202605271454,   0.498,   1.210,9999.000,9999.000,9999.000,9999.000,9999.000,9999.000,9999.000
202605271500,   0.456,   1.151,   0.300,   0.395,   1.151,   0.300,   1.151,   0.400,   1.251
202605271506,   0.417,   1.088,9999.000,9999.000,9999.000,9999.000,9999.000,9999.000,9999.000
202605271512,   0.382,   1.020,9999.000,9999.000,9999.000,9999.000,9999.000,9999.000,9999.000
202605271518,   0.351,   0.980,9999.000,9999.000,9999.000,9999.000,9999.000,9999.000,9999.000
202605271524,   0.324,   0.918,9999.000,9999.000,9999.000,9999.000,9999.000,9999.000,9999.000
202605271530,   0.302,   0.859,9999.000,9999.000,9999.000,9999.000,9999.000,9999.000,9999.000
202605271536,   0.284,   0.829,9999.000,9999.000,9999.000,9999.000,9999.000,9999.000,9999.000
202605271542,   0.271,   0.790,9999.000,9999.000,9999.000,9999.000,9999.000,9999.000,9999.000
202605271548,   0.262,   0.741,9999.000,9999.000,9999.000,9999.000,9999.000,9999.000,9999.000
202605271554,   0.258,   0.678,9999.000,9999.000,9999.000,9999.000,9999.000,9999.000,9999.000
202605271600,   0.259,   0.629,   0.300,   0.070,   0.629,   0.300,   0.629,   0.400,   0.729
202605271606,   0.264,   0.619,9999.000,9999.000,9999.000,9999.000,9999.000,9999.000,9999.000
202605271612,   0.274,   0.629,9999.000,9999.000,9999.000,9999.000,9999.000,9999.000,9999.000
202605271618,   0.289,   0.590,9999.000,9999.000,9999.000,9999.000,9999.000,9999.000,9999.000
202605271624,   0.308,   0.541,9999.000,9999.000,9999.000,9999.000,9999.000,9999.000,9999.000
202605271630,   0.332,   0.551,9999.000,9999.000,9999.000,9999.000,9999.000,9999.000,9999.000
202605271636,   0.361,   0.590,9999.000,9999.000,9999.000,9999.000,9999.000,9999.000,9999.000
202605271642,   0.394,   0.619,9999.000,9999.000,9999.000,9999.000,9999.000,9999.000,9999.000
202605271648,   0.432,   0.619,9999.000,9999.000,9999.000,9999.000,9999.000,9999.000,9999.000
202605271654,   0.474,   0.659,9999.000,9999.000,9999.000,9999.000,9999.000,9999.000,9999.000
202605271700,   0.520,   0.718,   0.300,  -0.102,   0.718,   0.300,   0.718,   0.400,   0.818
202605271706,   0.570,   0.760,9999.000,9999.000,9999.000,9999.000,9999.000,9999.000,9999.000
202605271712,   0.624,   0.790,9999.000,9999.000,9999.000,9999.000,9999.000,9999.000,9999.000
202605271718,   0.681,   0.879,9999.000,9999.000,9999.000,9999.000,9999.000,9999.000,9999.000
202605271724,   0.743,   1.020,9999.000,9999.000,9999.000,9999.000,9999.000,9999.000,9999.000
202605271730,   0.807,   1.151,9999.000,9999.000,9999.000,9999.000,9999.000,9999.000,9999.000
202605271736,   0.875,   1.229,9999.000,9999.000,9999.000,9999.000,9999.000,9999.000,9999.000
202605271742,   0.946,   1.338,9999.000,9999.000,9999.000,9999.000,9999.000,9999.000,9999.000
202605271748,   1.019,   1.420,9999.000,9999.000,9999.000,9999.000,9999.000,9999.000,9999.000
202605271754,   1.095,   1.459,9999.000,9999.000,9999.000,9999.000,9999.000,9999.000,9999.000
202605271800,   1.173,   1.479,   0.300,   0.006,   1.479,   0.300,   1.479,   0.400,   1.579
202605271806,   1.254,   1.528,9999.000,9999.000,9999.000,9999.000,9999.000,9999.000,9999.000
202605271812,   1.336,   1.590,9999.000,9999.000,9999.000,9999.000,9999.000,9999.000,9999.000
202605271818,   1.420,   1.699,9999.000,9999.000,9999.000,9999.000,9999.000,9999.000,9999.000
202605271824,   1.505,   1.767,9999.000,9999.000,9999.000,9999.000,9999.000,9999.000,9999.000
202605271830,   1.592,   1.820,9999.000,9999.000,9999.000,9999.000,9999.000,9999.000,9999.000
202605271836,   1.680,   1.899,9999.000,9999.000,9999.000,9999.000,9999.000,9999.000,9999.000
202605271842,   1.769,   2.020,9999.000,9999.000,9999.000,9999.000,9999.000,9999.000,9999.000
202605271848,   1.859,   2.099,9999.000,9999.000,9999.000,9999.000,9999.000,9999.000,9999.000
202605271854,   1.949,   2.177,9999.000,9999.000,9999.000,9999.000,9999.000,9999.000,9999.000
202605271900,   2.040,   2.289,   0.300,  -0.051,   2.289,   0.300,   2.289,   0.400,   2.389
202605271906,   2.131,   2.377,9999.000,9999.000,9999.000,9999.000,9999.000,9999.000,9999.000
202605271912,   2.223,   2.450,9999.000,9999.000,9999.000,9999.000,9999.000,9999.000,9999.000
202605271918,   2.314,   2.538,9999.000,9999.000,9999.000,9999.000,9999.000,9999.000,9999.000
202605271924,   2.406,   2.640,9999.000,9999.000,9999.000,9999.000,9999.000,9999.000,9999.000
202605271930,   2.497,   2.728,9999.000,9999.000,9999.000,9999.000,9999.000,9999.000,9999.000
202605271936,   2.588,   2.840,9999.000,9999.000,9999.000,9999.000,9999.000,9999.000,9999.000
202605271942,   2.678,   2.919,9999.000,9999.000,9999.000,9999.000,9999.000,9999.000,9999.000
202605271948,   2.767,   3.017,9999.000,9999.000,9999.000,9999.000,9999.000,9999.000,9999.000
202605271954,   2.856,   3.129,9999.000,9999.000,9999.000,9999.000,9999.000,9999.000,9999.000
202605272000,   2.943,   3.217,   0.300,  -0.026,   3.217,   0.300,   3.217,   0.400,   3.317
202605272006,   3.029,   3.299,9999.000,9999.000,9999.000,9999.000,9999.000,9999.000,9999.000
202605272012,   3.114,   3.407,9999.000,9999.000,9999.000,9999.000,9999.000,9999.000,9999.000
202605272018,   3.196,   3.519,9999.000,9999.000,9999.000,9999.000,9999.000,9999.000,9999.000
202605272024,   3.277,   3.607,9999.000,9999.000,9999.000,9999.000,9999.000,9999.000,9999.000
202605272030,   3.356,   3.689,9999.000,9999.000,9999.000,9999.000,9999.000,9999.000,9999.000
202605272036,   3.432,   3.778,9999.000,9999.000,9999.000,9999.000,9999.000,9999.000,9999.000
202605272042,   3.505,   3.860,9999.000,9999.000,9999.000,9999.000,9999.000,9999.000,9999.000
202605272048,   3.576,   3.968,9999.000,9999.000,9999.000,9999.000,9999.000,9999.000,9999.000
202605272054,   3.643,   4.047,9999.000,9999.000,9999.000,9999.000,9999.000,9999.000,9999.000
202605272100,   3.707,   4.139,   0.300,   0.132,   4.139,   0.200,   4.039,   0.400,   4.239
202605272106,   3.767,   4.198,9999.000,9999.000,9999.000,9999.000,9999.000,9999.000,9999.000
202605272112,   3.823,   4.290,9999.000,9999.000,9999.000,9999.000,9999.000,9999.000,9999.000
202605272118,   3.874,   4.359,9999.000,9999.000,9999.000,9999.000,9999.000,9999.000,9999.000
202605272124,   3.922,   4.457,9999.000,9999.000,9999.000,9999.000,9999.000,9999.000,9999.000
202605272130,   3.965,   4.509,9999.000,9999.000,9999.000,9999.000,9999.000,9999.000,9999.000
202605272136,   4.003,   4.559,9999.000,9999.000,9999.000,9999.000,9999.000,9999.000,9999.000
202605272142,   4.036,   4.608,9999.000,9999.000,9999.000,9999.000,9999.000,9999.000,9999.000
202605272148,   4.064,   4.677,9999.000,9999.000,9999.000,9999.000,9999.000,9999.000,9999.000
202605272154,   4.087,   4.700,9999.000,9999.000,9999.000,9999.000,9999.000,9999.000,9999.000
202605272200,   4.105,   4.759,   0.400,   0.254,   4.759,   0.200,   4.559,   0.400,   4.759
202605272206,   4.118,   4.788,9999.000,9999.000,9999.000,9999.000,9999.000,9999.000,9999.000
202605272212,   4.126,   4.818,9999.000,9999.000,9999.000,9999.000,9999.000,9999.000,9999.000
202605272218,   4.129,   4.847,9999.000,9999.000,9999.000,9999.000,9999.000,9999.000,9999.000
202605272224,   4.127,   4.887,9999.000,9999.000,9999.000,9999.000,9999.000,9999.000,9999.000
202605272230,   4.120,   4.910,9999.000,9999.000,9999.000,9999.000,9999.000,9999.000,9999.000
202605272236,   4.108,   4.939,9999.000,9999.000,9999.000,9999.000,9999.000,9999.000,9999.000
202605272242,   4.091,   4.949,9999.000,9999.000,9999.000,9999.000,9999.000,9999.000,9999.000
202605272248,   4.070,   4.959,9999.000,9999.000,9999.000,9999.000,9999.000,9999.000,9999.000
202605272254,   4.044,   4.969,9999.000,9999.000,9999.000,9999.000,9999.000,9999.000,9999.000
202605272300,   4.015,   4.969,   0.400,   0.554,   4.969,   0.200,   4.769,   0.500,   5.069
202605272306,   3.981,   4.959,9999.000,9999.000,9999.000,9999.000,9999.000,9999.000,9999.000
202605272312,   3.944,   4.939,9999.000,9999.000,9999.000,9999.000,9999.000,9999.000,9999.000
202605272318,   3.902,   4.939,9999.000,9999.000,9999.000,9999.000,9999.000,9999.000,9999.000
202605272324,   3.858,   4.910,9999.000,9999.000,9999.000,9999.000,9999.000,9999.000,9999.000
202605272330,   3.810,   4.867,9999.000,9999.000,9999.000,9999.000,9999.000,9999.000,9999.000
202605272336,   3.759,   4.828,9999.000,9999.000,9999.000,9999.000,9999.000,9999.000,9999.000
202605272342,   3.705,   4.798,9999.000,9999.000,9999.000,9999.000,9999.000,9999.000,9999.000
202605272348,   3.649,   4.729,9999.000,9999.000,9999.000,9999.000,9999.000,9999.000,9999.000
202605272354,   3.590,   4.690,9999.000,9999.000,9999.000,9999.000,9999.000,9999.000,9999.000
202605280000,   3.528,   4.637,   0.400,   0.709,   4.637,   0.300,   4.537,   0.500,   4.737
202605280006,   3.464,   4.569,9999.000,9999.000,9999.000,9999.000,9999.000,9999.000,9999.000
202605280012,   3.398,   4.500,9999.000,9999.000,9999.000,9999.000,9999.000,9999.000,9999.000
202605280018,   3.330,   4.437,9999.000,9999.000,9999.000,9999.000,9999.000,9999.000,9999.000
202605280024,   3.260,   4.368,9999.000,9999.000,9999.000,9999.000,9999.000,9999.000,9999.000
202605280030,   3.187,   4.267,9999.000,9999.000,9999.000,9999.000,9999.000,9999.000,9999.000
202605280036,   3.114,   4.188,9999.000,9999.000,9999.000,9999.000,9999.000,9999.000,9999.000
202605280042,   3.038,   4.090,9999.000,9999.000,9999.000,9999.000,9999.000,9999.000,9999.000
202605280048,   2.961,   4.008,9999.000,9999.000,9999.000,9999.000,9999.000,9999.000,9999.000
202605280054,   2.882,   3.929,9999.000,9999.000,9999.000,9999.000,9999.000,9999.000,9999.000
202605280100,   2.802,   3.837,   0.400,   0.635,   3.837,   0.300,   3.737,   0.500,   3.937
202605280106,   2.721,   3.749,9999.000,9999.000,9999.000,9999.000,9999.000,9999.000,9999.000
202605280112,   2.639,   3.670,9999.000,9999.000,9999.000,9999.000,9999.000,9999.000,9999.000
202605280118,   2.555,   3.578,9999.000,9999.000,9999.000,9999.000,9999.000,9999.000,9999.000
202605280124,   2.471,   3.499,9999.000,9999.000,9999.000,9999.000,9999.000,9999.000,9999.000
202605280130,   2.386,   3.407,9999.000,9999.000,9999.000,9999.000,9999.000,9999.000,9999.000
202605280136,   2.301,   3.329,9999.000,9999.000,9999.000,9999.000,9999.000,9999.000,9999.000
202605280142,   2.215,   3.230,9999.000,9999.000,9999.000,9999.000,9999.000,9999.000,9999.000
202605280148,   2.129,   3.129,9999.000,9999.000,9999.000,9999.000,9999.000,9999.000,9999.000
202605280154,   2.043,   3.030,9999.000,9999.000,9999.000,9999.000,9999.000,9999.000,9999.000
202605280200,   1.957,   2.938,   0.400,   0.581,   2.938,   0.300,   2.838,   0.500,   3.038
202605280206,   1.872,   2.850,9999.000,9999.000,9999.000,9999.000,9999.000,9999.000,9999.000
202605280212,   1.788,   2.748,9999.000,9999.000,9999.000,9999.000,9999.000,9999.000,9999.000
202605280218,   1.704,   2.660,9999.000,9999.000,9999.000,9999.000,9999.000,9999.000,9999.000
202605280224,   1.622,   2.568,9999.000,9999.000,9999.000,9999.000,9999.000,9999.000,9999.000
202605280230,   1.541,   2.499,9999.000,9999.000,9999.000,9999.000,9999.000,9999.000,9999.000
202605280236,   1.461,   2.420,9999.000,9999.000,9999.000,9999.000,9999.000,9999.000,9999.000
202605280242,   1.384,   2.328,9999.000,9999.000,9999.000,9999.000,9999.000,9999.000,9999.000
202605280248,   1.308,   2.250,9999.000,9999.000,9999.000,9999.000,9999.000,9999.000,9999.000
202605280254,   1.235,   2.177,9999.000,9999.000,9999.000,9999.000,9999.000,9999.000,9999.000
202605280300,   1.164,   2.128,   0.400,   0.564,   2.128,   0.400,   2.128,   0.500,   2.228
202605280306,   1.096,   2.030,9999.000,9999.000,9999.000,9999.000,9999.000,9999.000,9999.000
202605280312,   1.030,   1.938,9999.000,9999.000,9999.000,9999.000,9999.000,9999.000,9999.000
202605280318,   0.968,   1.869,9999.000,9999.000,9999.000,9999.000,9999.000,9999.000,9999.000
202605280324,   0.909,   1.810,9999.000,9999.000,9999.000,9999.000,9999.000,9999.000,9999.000
202605280330,   0.854,   1.728,9999.000,9999.000,9999.000,9999.000,9999.000,9999.000,9999.000
202605280336,   0.802,   1.659,9999.000,9999.000,9999.000,9999.000,9999.000,9999.000,9999.000
202605280342,   0.753,   1.590,9999.000,9999.000,9999.000,9999.000,9999.000,9999.000,9999.000
202605280348,   0.709,   1.518,9999.000,9999.000,9999.000,9999.000,9999.000,9999.000,9999.000
202605280354,   0.669,   1.449,9999.000,9999.000,9999.000,9999.000,9999.000,9999.000,9999.000
202605280400,   0.632,   1.400,   0.400,   0.368,   1.400,   0.300,   1.300,   0.400,   1.400
202605280406,   0.600,   1.338,9999.000,9999.000,9999.000,9999.000,9999.000,9999.000,9999.000
202605280412,   0.572,   1.298,9999.000,9999.000,9999.000,9999.000,9999.000,9999.000,9999.000
202605280418,   0.549,   1.249,9999.000,9999.000,9999.000,9999.000,9999.000,9999.000,9999.000
202605280424,   0.530,   1.200,9999.000,9999.000,9999.000,9999.000,9999.000,9999.000,9999.000
202605280430,   0.515,   1.170,9999.000,9999.000,9999.000,9999.000,9999.000,9999.000,9999.000
202605280436,   0.505,   1.128,9999.000,9999.000,9999.000,9999.000,9999.000,9999.000,9999.000
202605280442,   0.499,   1.079,9999.000,9999.000,9999.000,9999.000,9999.000,9999.000,9999.000
202605280448,   0.498,   1.069,9999.000,9999.000,9999.000,9999.000,9999.000,9999.000,9999.000
202605280454,   0.501,   1.029,9999.000,9999.000,9999.000,9999.000,9999.000,9999.000,9999.000
202605280500,   0.509,   0.990,   0.400,   0.081,   0.990,   0.300,   0.890,   0.400,   0.990
202605280506,   0.521,   0.961,9999.000,9999.000,9999.000,9999.000,9999.000,9999.000,9999.000
202605280512,   0.538,   0.961,9999.000,9999.000,9999.000,9999.000,9999.000,9999.000,9999.000
202605280518,   0.558,   0.951,9999.000,9999.000,9999.000,9999.000,9999.000,9999.000,9999.000
202605280524,   0.583,   0.918,9999.000,9999.000,9999.000,9999.000,9999.000,9999.000,9999.000
202605280530,   0.612,   0.951,9999.000,9999.000,9999.000,9999.000,9999.000,9999.000,9999.000
202605280536,   0.645,   0.980,9999.000,9999.000,9999.000,9999.000,9999.000,9999.000,9999.000
202605280542,   0.681,   0.961,9999.000,9999.000,9999.000,9999.000,9999.000,9999.000,9999.000
202605280548,   0.721,   0.951,9999.000,9999.000,9999.000,9999.000,9999.000,9999.000,9999.000
202605280554,   0.764,   1.010,9999.000,9999.000,9999.000,9999.000,9999.000,9999.000,9999.000
202605280600,   0.811,   1.088,   0.400,  -0.123,   1.088,   0.300,   0.988,   0.500,   1.188
202605280606,   0.860,   1.118,9999.000,9999.000,9999.000,9999.000,9999.000,9999.000,9999.000
202605280612,   0.913,   1.161,9999.000,9999.000,9999.000,9999.000,9999.000,9999.000,9999.000
202605280618,   0.968,   1.249,9999.000,9999.000,9999.000,9999.000,9999.000,9999.000,9999.000
202605280624,   1.025,   1.318,9999.000,9999.000,9999.000,9999.000,9999.000,9999.000,9999.000
202605280630,   1.085,   1.348,9999.000,9999.000,9999.000,9999.000,9999.000,9999.000,9999.000
202605280636,   1.146,   1.420,9999.000,9999.000,9999.000,9999.000,9999.000,9999.000,9999.000
202605280642,   1.210,   1.508,9999.000,9999.000,9999.000,9999.000,9999.000,9999.000,9999.000
202605280648,   1.275,   1.620,9999.000,9999.000,9999.000,9999.000,9999.000,9999.000,9999.000
202605280654,   1.341,   1.689,9999.000,9999.000,9999.000,9999.000,9999.000,9999.000,9999.000
202605280700,   1.409,   1.810,   0.500,  -0.099,   1.810,   0.400,   1.710,   0.500,   1.810
202605280706,   1.478,   1.908,9999.000,9999.000,9999.000,9999.000,9999.000,9999.000,9999.000
202605280712,   1.548,   1.981,9999.000,9999.000,9999.000,9999.000,9999.000,9999.000,9999.000
202605280718,   1.619,   2.040,9999.000,9999.000,9999.000,9999.000,9999.000,9999.000,9999.000
202605280724,   1.690,   2.118,9999.000,9999.000,9999.000,9999.000,9999.000,9999.000,9999.000
202605280730,   1.762,   2.191,9999.000,9999.000,9999.000,9999.000,9999.000,9999.000,9999.000
202605280736,   1.834,   2.279,9999.000,9999.000,9999.000,9999.000,9999.000,9999.000,9999.000
202605280742,   1.906,   2.368,9999.000,9999.000,9999.000,9999.000,9999.000,9999.000,9999.000
202605280748,   1.978,   2.459,9999.000,9999.000,9999.000,9999.000,9999.000,9999.000,9999.000
202605280754,   2.050,   2.519,9999.000,9999.000,9999.000,9999.000,9999.000,9999.000,9999.000
202605280800,   2.122,   2.597,   0.500,  -0.025,   2.597,   0.400,   2.497,   0.600,   2.697
202605280806,   2.194,   2.689,9999.000,9999.000,9999.000,9999.000,9999.000,9999.000,9999.000
202605280812,   2.265,   2.738,9999.000,9999.000,9999.000,9999.000,9999.000,9999.000,9999.000
202605280818,   2.335,   2.820,9999.000,9999.000,9999.000,9999.000,9999.000,9999.000,9999.000
202605280824,   2.405,   2.909,9999.000,9999.000,9999.000,9999.000,9999.000,9999.000,9999.000
202605280830,   2.473,   3.007,9999.000,9999.000,9999.000,9999.000,9999.000,9999.000,9999.000
202605280836,   2.540,   3.109,9999.000,9999.000,9999.000,9999.000,9999.000,9999.000,9999.000
202605280842,   2.606,   3.178,9999.000,9999.000,9999.000,9999.000,9999.000,9999.000,9999.000
202605280848,   2.670,   3.250,9999.000,9999.000,9999.000,9999.000,9999.000,9999.000,9999.000
202605280854,   2.732,   3.339,9999.000,9999.000,9999.000,9999.000,9999.000,9999.000,9999.000
202605280900,   2.791,   3.398,   0.500,   0.107,   3.398,   0.400,   3.298,   0.600,   3.498
202605280906,   2.849,   3.460,9999.000,9999.000,9999.000,9999.000,9999.000,9999.000,9999.000
202605280912,   2.904,   3.539,9999.000,9999.000,9999.000,9999.000,9999.000,9999.000,9999.000
202605280918,   2.956,   3.607,9999.000,9999.000,9999.000,9999.000,9999.000,9999.000,9999.000
202605280924,   3.005,   3.680,9999.000,9999.000,9999.000,9999.000,9999.000,9999.000,9999.000
202605280930,   3.051,   3.758,9999.000,9999.000,9999.000,9999.000,9999.000,9999.000,9999.000
202605280936,   3.093,   3.808,9999.000,9999.000,9999.000,9999.000,9999.000,9999.000,9999.000
202605280942,   3.132,   3.880,9999.000,9999.000,9999.000,9999.000,9999.000,9999.000,9999.000
202605280948,   3.166,   3.909,9999.000,9999.000,9999.000,9999.000,9999.000,9999.000,9999.000
202605280954,   3.197,   3.968,9999.000,9999.000,9999.000,9999.000,9999.000,9999.000,9999.000
202605281000,   3.223,   3.988,   0.600,   0.165,   3.988,   0.500,   3.888,   0.600,   3.988
202605281006,   3.245,   4.057,9999.000,9999.000,9999.000,9999.000,9999.000,9999.000,9999.000
202605281012,   3.262,   4.099,9999.000,9999.000,9999.000,9999.000,9999.000,9999.000,9999.000
202605281018,   3.275,   4.119,9999.000,9999.000,9999.000,9999.000,9999.000,9999.000,9999.000
202605281024,   3.284,   4.149,9999.000,9999.000,9999.000,9999.000,9999.000,9999.000,9999.000
202605281030,   3.288,   4.178,9999.000,9999.000,9999.000,9999.000,9999.000,9999.000,9999.000
202605281036,   3.287,   4.227,9999.000,9999.000,9999.000,9999.000,9999.000,9999.000,9999.000
202605281042,   3.282,   4.237,9999.000,9999.000,9999.000,9999.000,9999.000,9999.000,9999.000
202605281048,   3.272,   4.267,9999.000,9999.000,9999.000,9999.000,9999.000,9999.000,9999.000
202605281054,   3.258,   4.267,9999.000,9999.000,9999.000,9999.000,9999.000,9999.000,9999.000
202605281100,   3.239,   4.290,   0.600,   0.451,   4.290,   0.500,   4.190,   0.700,   4.390
202605281106,   3.217,   4.309,9999.000,9999.000,9999.000,9999.000,9999.000,9999.000,9999.000
202605281112,   3.191,   4.300,9999.000,9999.000,9999.000,9999.000,9999.000,9999.000,9999.000
202605281118,   3.160,   4.267,9999.000,9999.000,9999.000,9999.000,9999.000,9999.000,9999.000
202605281124,   3.127,   4.257,9999.000,9999.000,9999.000,9999.000,9999.000,9999.000,9999.000
202605281130,   3.089,   4.247,9999.000,9999.000,9999.000,9999.000,9999.000,9999.000,9999.000
202605281136,   3.049,   4.218,9999.000,9999.000,9999.000,9999.000,9999.000,9999.000,9999.000
202605281142,   3.005,   4.188,9999.000,9999.000,9999.000,9999.000,9999.000,9999.000,9999.000
202605281148,   2.959,   4.168,9999.000,9999.000,9999.000,9999.000,9999.000,9999.000,9999.000
202605281154,   2.910,   4.129,9999.000,9999.000,9999.000,9999.000,9999.000,9999.000,9999.000
202605281200,   2.858,   4.080,   0.700,   0.522,   4.080,   0.600,   3.980,   0.700,   4.080
202605281206,   2.805,   4.027,9999.000,9999.000,9999.000,9999.000,9999.000,9999.000,9999.000
202605281212,   2.749,   3.988,9999.000,9999.000,9999.000,9999.000,9999.000,9999.000,9999.000
202605281218,   2.691,   3.909,9999.000,9999.000,9999.000,9999.000,9999.000,9999.000,9999.000
202605281224,   2.631,   3.847,9999.000,9999.000,9999.000,9999.000,9999.000,9999.000,9999.000
202605281230,   2.570,   3.808,9999.000,9999.000,9999.000,9999.000,9999.000,9999.000,9999.000
202605281236,   2.507,   3.749,9999.000,9999.000,9999.000,9999.000,9999.000,9999.000,9999.000
202605281242,   2.442,   3.680,9999.000,9999.000,9999.000,9999.000,9999.000,9999.000,9999.000
202605281248,   2.377,   3.598,9999.000,9999.000,9999.000,9999.000,9999.000,9999.000,9999.000
202605281254,   2.310,   3.558,9999.000,9999.000,9999.000,9999.000,9999.000,9999.000,9999.000
202605281300,   2.242,   3.480,   0.700,   0.538,   3.480,   0.600,   3.380,   0.700,   3.480
202605281306,   2.173,   3.378,9999.000,9999.000,9999.000,9999.000,9999.000,9999.000,9999.000
202605281312,   2.103,   3.309,9999.000,9999.000,9999.000,9999.000,9999.000,9999.000,9999.000
202605281318,   2.032,   3.207,9999.000,9999.000,9999.000,9999.000,9999.000,9999.000,9999.000
202605281324,   1.961,   3.158,9999.000,9999.000,9999.000,9999.000,9999.000,9999.000,9999.000
202605281330,   1.889,   3.070,9999.000,9999.000,9999.000,9999.000,9999.000,9999.000,9999.000
202605281336,   1.817,   2.988,9999.000,9999.000,9999.000,9999.000,9999.000,9999.000,9999.000
202605281342,   1.744,   2.909,9999.000,9999.000,9999.000,9999.000,9999.000,9999.000,9999.000
202605281348,   1.672,   2.820,9999.000,9999.000,9999.000,9999.000,9999.000,9999.000,9999.000
202605281354,   1.599,   2.738,9999.000,9999.000,9999.000,9999.000,9999.000,9999.000,9999.000
202605281400,   1.526,   2.660,   0.700,   0.434,   2.660,   0.700,   2.660,   0.800,   2.760
202605281406,   1.454,   2.578,9999.000,9999.000,9999.000,9999.000,9999.000,9999.000,9999.000
202605281412,   1.382,   2.489,9999.000,9999.000,9999.000,9999.000,9999.000,9999.000,9999.000
202605281418,   1.311,   2.440,9999.000,9999.000,9999.000,9999.000,9999.000,9999.000,9999.000
202605281424,   1.241,   2.358,9999.000,9999.000,9999.000,9999.000,9999.000,9999.000,9999.000
202605281430,   1.172,   2.279,9999.000,9999.000,9999.000,9999.000,9999.000,9999.000,9999.000
202605281436,   1.104,   2.200,9999.000,9999.000,9999.000,9999.000,9999.000,9999.000,9999.000
202605281442,   1.037,   2.128,9999.000,9999.000,9999.000,9999.000,9999.000,9999.000,9999.000
202605281448,   0.973,   2.059,9999.000,9999.000,9999.000,9999.000,9999.000,9999.000,9999.000
202605281454,   0.910,   1.981,9999.000,9999.000,9999.000,9999.000,9999.000,9999.000,9999.000
202605281500,   0.849,   1.928,   0.700,   0.379,   1.928,   0.700,   1.928,   0.800,   2.028
202605281506,   0.790,   1.879,9999.000,9999.000,9999.000,9999.000,9999.000,9999.000,9999.000
202605281512,   0.734,   1.800,9999.000,9999.000,9999.000,9999.000,9999.000,9999.000,9999.000
202605281518,   0.681,   1.738,9999.000,9999.000,9999.000,9999.000,9999.000,9999.000,9999.000
202605281524,   0.630,   1.669,9999.000,9999.000,9999.000,9999.000,9999.000,9999.000,9999.000
202605281530,   0.583,   1.580,9999.000,9999.000,9999.000,9999.000,9999.000,9999.000,9999.000
202605281536,   0.539,   1.528,9999.000,9999.000,9999.000,9999.000,9999.000,9999.000,9999.000
202605281542,   0.498,   1.479,9999.000,9999.000,9999.000,9999.000,9999.000,9999.000,9999.000
202605281548,   0.461,   1.410,9999.000,9999.000,9999.000,9999.000,9999.000,9999.000,9999.000
202605281554,   0.427,   1.371,9999.000,9999.000,9999.000,9999.000,9999.000,9999.000,9999.000
202605281600,   0.398,   1.318,   0.800,   0.120,   1.318,   0.700,   1.218,   0.800,   1.318
202605281606,   0.372,   1.259,9999.000,9999.000,9999.000,9999.000,9999.000,9999.000,9999.000
202605281612,   0.351,   1.220,9999.000,9999.000,9999.000,9999.000,9999.000,9999.000,9999.000
202605281618,   0.333,   1.190,9999.000,9999.000,9999.000,9999.000,9999.000,9999.000,9999.000
202605281624,   0.320,   1.151,9999.000,9999.000,9999.000,9999.000,9999.000,9999.000,9999.000
202605281630,   0.312,   1.108,9999.000,9999.000,9999.000,9999.000,9999.000,9999.000,9999.000
202605281636,   0.307,   1.098,9999.000,9999.000,9999.000,9999.000,9999.000,9999.000,9999.000
202605281642,   0.308,   1.059,9999.000,9999.000,9999.000,9999.000,9999.000,9999.000,9999.000
202605281648,   0.313,   1.039,9999.000,9999.000,9999.000,9999.000,9999.000,9999.000,9999.000
202605281654,   0.323,   1.000,9999.000,9999.000,9999.000,9999.000,9999.000,9999.000,9999.000
202605281700,   0.337,   0.961,   0.800,  -0.176,   0.961,   0.800,   0.961,   0.800,   0.961
202605281706,   0.356,   0.928,9999.000,9999.000,9999.000,9999.000,9999.000,9999.000,9999.000
202605281712,   0.379,   0.951,9999.000,9999.000,9999.000,9999.000,9999.000,9999.000,9999.000
202605281718,   0.407,   0.961,9999.000,9999.000,9999.000,9999.000,9999.000,9999.000,9999.000
202605281724,   0.440,   0.980,9999.000,9999.000,9999.000,9999.000,9999.000,9999.000,9999.000
202605281730,   0.477,   1.020,9999.000,9999.000,9999.000,9999.000,9999.000,9999.000,9999.000
202605281736,   0.519,   1.069,9999.000,9999.000,9999.000,9999.000,9999.000,9999.000,9999.000
202605281742,   0.565,   1.108,9999.000,9999.000,9999.000,9999.000,9999.000,9999.000,9999.000
202605281748,   0.615,   1.128,9999.000,9999.000,9999.000,9999.000,9999.000,9999.000,9999.000
202605281754,   0.669,   1.190,9999.000,9999.000,9999.000,9999.000,9999.000,9999.000,9999.000
202605281800,   0.727,   1.220,   0.800,  -0.307,   1.220,   0.800,   1.220,   0.800,   1.220
202605281806,   0.789,   1.308,9999.000,9999.000,9999.000,9999.000,9999.000,9999.000,9999.000
202605281812,   0.855,   1.380,9999.000,9999.000,9999.000,9999.000,9999.000,9999.000,9999.000
202605281818,   0.923,   1.430,9999.000,9999.000,9999.000,9999.000,9999.000,9999.000,9999.000
202605281824,   0.995,   1.518,9999.000,9999.000,9999.000,9999.000,9999.000,9999.000,9999.000
202605281830,   1.070,   1.590,9999.000,9999.000,9999.000,9999.000,9999.000,9999.000,9999.000
202605281836,   1.148,   1.630,9999.000,9999.000,9999.000,9999.000,9999.000,9999.000,9999.000
202605281842,   1.228,   1.718,9999.000,9999.000,9999.000,9999.000,9999.000,9999.000,9999.000
202605281848,   1.310,   1.810,9999.000,9999.000,9999.000,9999.000,9999.000,9999.000,9999.000
202605281854,   1.395,   1.889,9999.000,9999.000,9999.000,9999.000,9999.000,9999.000,9999.000
202605281900,   1.481,   1.928,   0.800,  -0.353,   1.928,   0.800,   1.928,   0.900,   2.028
202605281906,   1.569,   2.030,9999.000,9999.000,9999.000,9999.000,9999.000,9999.000,9999.000
202605281912,   1.658,   2.109,9999.000,9999.000,9999.000,9999.000,9999.000,9999.000,9999.000
202605281918,   1.749,   2.177,9999.000,9999.000,9999.000,9999.000,9999.000,9999.000,9999.000
202605281924,   1.840,   2.289,9999.000,9999.000,9999.000,9999.000,9999.000,9999.000,9999.000
202605281930,   1.932,   2.400,9999.000,9999.000,9999.000,9999.000,9999.000,9999.000,9999.000
202605281936,   2.025,   2.479,9999.000,9999.000,9999.000,9999.000,9999.000,9999.000,9999.000
202605281942,   2.118,   2.568,9999.000,9999.000,9999.000,9999.000,9999.000,9999.000,9999.000
202605281948,   2.211,   2.689,9999.000,9999.000,9999.000,9999.000,9999.000,9999.000,9999.000
202605281954,   2.304,   2.787,9999.000,9999.000,9999.000,9999.000,9999.000,9999.000,9999.000
202605282000,   2.398,   2.879,   0.800,  -0.319,   2.879,   0.800,   2.879,   0.800,   2.879
202605282006,   2.490,   2.958,9999.000,9999.000,9999.000,9999.000,9999.000,9999.000,9999.000
202605282012,   2.583,   3.079,9999.000,9999.000,9999.000,9999.000,9999.000,9999.000,9999.000
202605282018,   2.674,   3.178,9999.000,9999.000,9999.000,9999.000,9999.000,9999.000,9999.000
202605282024,   2.765,   3.299,9999.000,9999.000,9999.000,9999.000,9999.000,9999.000,9999.000
202605282030,   2.855,   3.388,9999.000,9999.000,9999.000,9999.000,9999.000,9999.000,9999.000
202605282036,   2.944,   3.499,9999.000,9999.000,9999.000,9999.000,9999.000,9999.000,9999.000
202605282042,   3.032,   3.598,9999.000,9999.000,9999.000,9999.000,9999.000,9999.000,9999.000
202605282048,   3.118,   3.719,9999.000,9999.000,9999.000,9999.000,9999.000,9999.000,9999.000
202605282054,   3.203,   3.827,9999.000,9999.000,9999.000,9999.000,9999.000,9999.000,9999.000
202605282100,   3.285,   3.929,   0.800,  -0.156,   3.929,   0.800,   3.929,   0.800,   3.929
202605282106,   3.366,   4.008,9999.000,9999.000,9999.000,9999.000,9999.000,9999.000,9999.000
202605282112,   3.445,   4.080,9999.000,9999.000,9999.000,9999.000,9999.000,9999.000,9999.000
202605282118,   3.521,   4.159,9999.000,9999.000,9999.000,9999.000,9999.000,9999.000,9999.000
202605282124,   3.594,   4.247,9999.000,9999.000,9999.000,9999.000,9999.000,9999.000,9999.000
202605282130,   3.664,   4.339,9999.000,9999.000,9999.000,9999.000,9999.000,9999.000,9999.000
202605282136,   3.731,   4.418,9999.000,9999.000,9999.000,9999.000,9999.000,9999.000,9999.000
202605282142,   3.795,   4.509,9999.000,9999.000,9999.000,9999.000,9999.000,9999.000,9999.000
202605282148,   3.855,   4.559,9999.000,9999.000,9999.000,9999.000,9999.000,9999.000,9999.000
202605282154,   3.911,   4.628,9999.000,9999.000,9999.000,9999.000,9999.000,9999.000,9999.000
202605282200,   3.963,   4.677,   0.800,  -0.086,   4.677,   0.800,   4.677,   0.800,   4.677
202605282206,   4.011,   4.739,9999.000,9999.000,9999.000,9999.000,9999.000,9999.000,9999.000
202605282212,   4.055,   4.788,9999.000,9999.000,9999.000,9999.000,9999.000,9999.000,9999.000
202605282218,   4.093,   4.857,9999.000,9999.000,9999.000,9999.000,9999.000,9999.000,9999.000
202605282224,   4.127,   4.910,9999.000,9999.000,9999.000,9999.000,9999.000,9999.000,9999.000
202605282230,   4.156,   4.969,9999.000,9999.000,9999.000,9999.000,9999.000,9999.000,9999.000
202605282236,   4.180,   5.008,9999.000,9999.000,9999.000,9999.000,9999.000,9999.000,9999.000
202605282242,   4.199,   5.047,9999.000,9999.000,9999.000,9999.000,9999.000,9999.000,9999.000
202605282248,   4.213,   5.097,9999.000,9999.000,9999.000,9999.000,9999.000,9999.000,9999.000
202605282254,   4.221,   5.139,9999.000,9999.000,9999.000,9999.000,9999.000,9999.000,9999.000
202605282300,   4.224,   5.159,   0.800,   0.135,   5.159,   0.800,   5.159,   0.800,   5.159
202605282306,   4.222,   5.179,9999.000,9999.000,9999.000,9999.000,9999.000,9999.000,9999.000
202605282312,   4.215,   5.218,9999.000,9999.000,9999.000,9999.000,9999.000,9999.000,9999.000
202605282318,   4.203,   5.218,9999.000,9999.000,9999.000,9999.000,9999.000,9999.000,9999.000
202605282324,   4.186,   5.228,9999.000,9999.000,9999.000,9999.000,9999.000,9999.000,9999.000
202605282330,   4.164,   5.238,9999.000,9999.000,9999.000,9999.000,9999.000,9999.000,9999.000
202605282336,   4.138,   5.238,9999.000,9999.000,9999.000,9999.000,9999.000,9999.000,9999.000
202605282342,   4.107,   5.218,9999.000,9999.000,9999.000,9999.000,9999.000,9999.000,9999.000
202605282348,   4.072,   5.218,9999.000,9999.000,9999.000,9999.000,9999.000,9999.000,9999.000
202605282354,   4.032,   5.218,9999.000,9999.000,9999.000,9999.000,9999.000,9999.000,9999.000
202605290000,   3.989,   5.228,   0.700,   0.539,   5.228,   0.700,   5.228,   0.700,   5.228
202605290006,   3.942,   5.208,9999.000,9999.000,9999.000,9999.000,9999.000,9999.000,9999.000
202605290012,   3.892,   5.169,9999.000,9999.000,9999.000,9999.000,9999.000,9999.000,9999.000
202605290018,   3.838,   5.129,9999.000,9999.000,9999.000,9999.000,9999.000,9999.000,9999.000
202605290024,   3.782,   5.057,9999.000,9999.000,9999.000,9999.000,9999.000,9999.000,9999.000
202605290030,   3.722,   5.008,9999.000,9999.000,9999.000,9999.000,9999.000,9999.000,9999.000
202605290036,   3.660,   4.959,9999.000,9999.000,9999.000,9999.000,9999.000,9999.000,9999.000
202605290042,   3.595,   4.887,9999.000,9999.000,9999.000,9999.000,9999.000,9999.000,9999.000
202605290048,   3.528,   4.818,9999.000,9999.000,9999.000,9999.000,9999.000,9999.000,9999.000
202605290054,   3.459,   4.749,9999.000,9999.000,9999.000,9999.000,9999.000,9999.000,9999.000
202605290100,   3.387,   4.677,   0.700,   0.590,   4.677,   0.700,   4.677,   0.700,   4.677
202605290106,   3.314,   4.588,9999.000,9999.000,9999.000,9999.000,9999.000,9999.000,9999.000
202605290112,   3.239,   4.509,9999.000,9999.000,9999.000,9999.000,9999.000,9999.000,9999.000
202605290118,   3.162,   4.418,9999.000,9999.000,9999.000,9999.000,9999.000,9999.000,9999.000
202605290124,   3.084,   4.349,9999.000,9999.000,9999.000,9999.000,9999.000,9999.000,9999.000
202605290130,   3.004,   4.247,9999.000,9999.000,9999.000,9999.000,9999.000,9999.000,9999.000
202605290136,   2.923,   4.159,9999.000,9999.000,9999.000,9999.000,9999.000,9999.000,9999.000
202605290142,   2.841,   4.090,9999.000,9999.000,9999.000,9999.000,9999.000,9999.000,9999.000
202605290148,   2.758,   3.998,9999.000,9999.000,9999.000,9999.000,9999.000,9999.000,9999.000
202605290154,   2.673,   3.899,9999.000,9999.000,9999.000,9999.000,9999.000,9999.000,9999.000
202605290200,   2.588,   3.817,   0.700,   0.529,   3.817,   0.600,   3.717,   0.700,   3.817
202605290206,   2.502,   3.719,9999.000,9999.000,9999.000,9999.000,9999.000,9999.000,9999.000
202605290212,   2.416,   3.627,9999.000,9999.000,9999.000,9999.000,9999.000,9999.000,9999.000
202605290218,   2.330,   3.519,9999.000,9999.000,9999.000,9999.000,9999.000,9999.000,9999.000
202605290224,   2.243,   3.407,9999.000,9999.000,9999.000,9999.000,9999.000,9999.000,9999.000
202605290230,   2.156,   3.319,9999.000,9999.000,9999.000,9999.000,9999.000,9999.000,9999.000
202605290236,   2.069,   3.230,9999.000,9999.000,9999.000,9999.000,9999.000,9999.000,9999.000
202605290242,   1.982,   3.138,9999.000,9999.000,9999.000,9999.000,9999.000,9999.000,9999.000
202605290248,   1.896,   3.040,9999.000,9999.000,9999.000,9999.000,9999.000,9999.000,9999.000
202605290254,   1.811,   2.938,9999.000,9999.000,9999.000,9999.000,9999.000,9999.000,9999.000
202605290300,   1.726,   2.840,   0.700,   0.414,   2.840,   0.600,   2.740,   0.700,   2.840
202605290306,   1.643,   2.768,9999.000,9999.000,9999.000,9999.000,9999.000,9999.000,9999.000
202605290312,   1.561,   2.689,9999.000,9999.000,9999.000,9999.000,9999.000,9999.000,9999.000
202605290318,   1.480,   2.597,9999.000,9999.000,9999.000,9999.000,9999.000,9999.000,9999.000
202605290324,   1.401,   2.499,9999.000,9999.000,9999.000,9999.000,9999.000,9999.000,9999.000
202605290330,   1.324,   2.420,9999.000,9999.000,9999.000,9999.000,9999.000,9999.000,9999.000
202605290336,   1.249,   2.328,9999.000,9999.000,9999.000,9999.000,9999.000,9999.000,9999.000
202605290342,   1.177,   2.250,9999.000,9999.000,9999.000,9999.000,9999.000,9999.000,9999.000
202605290348,   1.107,   2.168,9999.000,9999.000,9999.000,9999.000,9999.000,9999.000,9999.000
202605290354,   1.039,   2.099,9999.000,9999.000,9999.000,9999.000,9999.000,9999.000,9999.000
202605290400,   0.975,   2.020,   0.600,   0.445,   2.020,   0.600,   2.020,   0.700,   2.120
202605290406,   0.913,   1.948,9999.000,9999.000,9999.000,9999.000,9999.000,9999.000,9999.000
202605290412,   0.855,   1.879,9999.000,9999.000,9999.000,9999.000,9999.000,9999.000,9999.000
202605290418,   0.800,   1.800,9999.000,9999.000,9999.000,9999.000,9999.000,9999.000,9999.000
202605290424,   0.749,   1.728,9999.000,9999.000,9999.000,9999.000,9999.000,9999.000,9999.000
202605290430,   0.702,   1.659,9999.000,9999.000,9999.000,9999.000,9999.000,9999.000,9999.000
202605290436,   0.658,   1.590,9999.000,9999.000,9999.000,9999.000,9999.000,9999.000,9999.000
202605290442,   0.618,   1.518,9999.000,9999.000,9999.000,9999.000,9999.000,9999.000,9999.000
202605290448,   0.583,   1.439,9999.000,9999.000,9999.000,9999.000,9999.000,9999.000,9999.000
202605290454,   0.551,   1.371,9999.000,9999.000,9999.000,9999.000,9999.000,9999.000,9999.000
202605290500,   0.524,   1.318,   0.600,   0.194,   1.318,   0.600,   1.318,   0.700,   1.418
202605290506,   0.502,   1.279,9999.000,9999.000,9999.000,9999.000,9999.000,9999.000,9999.000
202605290512,   0.483,   1.210,9999.000,9999.000,9999.000,9999.000,9999.000,9999.000,9999.000
202605290518,   0.470,   1.151,9999.000,9999.000,9999.000,9999.000,9999.000,9999.000,9999.000
202605290524,   0.460,   1.108,9999.000,9999.000,9999.000,9999.000,9999.000,9999.000,9999.000
202605290530,   0.456,   1.059,9999.000,9999.000,9999.000,9999.000,9999.000,9999.000,9999.000
202605290536,   0.456,   1.010,9999.000,9999.000,9999.000,9999.000,9999.000,9999.000,9999.000
202605290542,   0.460,   0.970,9999.000,9999.000,9999.000,9999.000,9999.000,9999.000,9999.000
202605290548,   0.469,   0.951,9999.000,9999.000,9999.000,9999.000,9999.000,9999.000,9999.000
202605290554,   0.483,   0.941,9999.000,9999.000,9999.000,9999.000,9999.000,9999.000,9999.000
202605290600,   0.501,   0.918,   0.500,  -0.083,   0.918,   0.500,   0.918,   0.600,   1.018
202605290606,   0.523,   0.918,9999.000,9999.000,9999.000,9999.000,9999.000,9999.000,9999.000
202605290612,   0.549,   0.918,9999.000,9999.000,9999.000,9999.000,9999.000,9999.000,9999.000
202605290618,   0.580,   0.928,9999.000,9999.000,9999.000,9999.000,9999.000,9999.000,9999.000
202605290624,   0.614,   0.961,9999.000,9999.000,9999.000,9999.000,9999.000,9999.000,9999.000
202605290630,   0.653,   1.010,9999.000,9999.000,9999.000,9999.000,9999.000,9999.000,9999.000
202605290636,   0.695,   1.039,9999.000,9999.000,9999.000,9999.000,9999.000,9999.000,9999.000
202605290642,   0.740,   1.069,9999.000,9999.000,9999.000,9999.000,9999.000,9999.000,9999.000
202605290648,   0.789,   1.118,9999.000,9999.000,9999.000,9999.000,9999.000,9999.000,9999.000
202605290654,   0.841,   1.190,9999.000,9999.000,9999.000,9999.000,9999.000,9999.000,9999.000
202605290700,   0.895,   1.269,   0.500,  -0.126,   1.269,   0.500,   1.269,   0.600,   1.369
202605290706,   0.953,   1.328,9999.000,9999.000,9999.000,9999.000,9999.000,9999.000,9999.000
202605290712,   1.012,   1.400,9999.000,9999.000,9999.000,9999.000,9999.000,9999.000,9999.000
202605290718,   1.074,   1.479,9999.000,9999.000,9999.000,9999.000,9999.000,9999.000,9999.000
202605290724,   1.137,   1.538,9999.000,9999.000,9999.000,9999.000,9999.000,9999.000,9999.000
202605290730,   1.203,   1.620,9999.000,9999.000,9999.000,9999.000,9999.000,9999.000,9999.000
202605290736,   1.270,   1.699,9999.000,9999.000,9999.000,9999.000,9999.000,9999.000,9999.000
202605290742,   1.338,   1.767,9999.000,9999.000,9999.000,9999.000,9999.000,9999.000,9999.000
202605290748,   1.407,   1.820,9999.000,9999.000,9999.000,9999.000,9999.000,9999.000,9999.000
202605290754,   1.477,   1.899,9999.000,9999.000,9999.000,9999.000,9999.000,9999.000,9999.000
202605290800,   1.547,   1.967,   0.500,  -0.080,   1.967,   0.500,   1.967,   0.600,   2.067
202605290806,   1.619,   2.040,9999.000,9999.000,9999.000,9999.000,9999.000,9999.000,9999.000
202605290812,   1.690,   2.138,9999.000,9999.000,9999.000,9999.000,9999.000,9999.000,9999.000
202605290818,   1.762,   2.220,9999.000,9999.000,9999.000,9999.000,9999.000,9999.000,9999.000
202605290824,   1.834,   2.279,9999.000,9999.000,9999.000,9999.000,9999.000,9999.000,9999.000
202605290830,   1.905,   2.358,9999.000,9999.000,9999.000,9999.000,9999.000,9999.000,9999.000
202605290836,   1.977,   2.459,9999.000,9999.000,9999.000,9999.000,9999.000,9999.000,9999.000
202605290842,   2.048,   2.548,9999.000,9999.000,9999.000,9999.000,9999.000,9999.000,9999.000
202605290848,   2.118,   2.620,9999.000,9999.000,9999.000,9999.000,9999.000,9999.000,9999.000
202605290854,   2.188,   2.719,9999.000,9999.000,9999.000,9999.000,9999.000,9999.000,9999.000
202605290900,   2.257,   2.807,   0.600,  -0.050,   2.807,   0.500,   2.707,   0.600,   2.807
202605290906,   2.325,   2.899,9999.000,9999.000,9999.000,9999.000,9999.000,9999.000,9999.000
202605290912,   2.392,   2.978,9999.000,9999.000,9999.000,9999.000,9999.000,9999.000,9999.000
202605290918,   2.457,   3.060,9999.000,9999.000,9999.000,9999.000,9999.000,9999.000,9999.000
202605290924,   2.521,   3.138,9999.000,9999.000,9999.000,9999.000,9999.000,9999.000,9999.000
202605290930,   2.584,   3.240,9999.000,9999.000,9999.000,9999.000,9999.000,9999.000,9999.000
202605290936,   2.645,   3.309,9999.000,9999.000,9999.000,9999.000,9999.000,9999.000,9999.000
202605290942,   2.703,   3.378,9999.000,9999.000,9999.000,9999.000,9999.000,9999.000,9999.000
202605290948,   2.760,   3.450,9999.000,9999.000,9999.000,9999.000,9999.000,9999.000,9999.000
202605290954,   2.814,   3.519,9999.000,9999.000,9999.000,9999.000,9999.000,9999.000,9999.000
202605291000,   2.865,   3.598,   0.600,   0.133,   3.598,   0.600,   3.598,   0.600,   3.598
202605291006,   2.913,   3.680,9999.000,9999.000,9999.000,9999.000,9999.000,9999.000,9999.000
202605291012,   2.959,   3.739,9999.000,9999.000,9999.000,9999.000,9999.000,9999.000,9999.000
202605291018,   3.001,   3.798,9999.000,9999.000,9999.000,9999.000,9999.000,9999.000,9999.000
202605291024,   3.040,   3.870,9999.000,9999.000,9999.000,9999.000,9999.000,9999.000,9999.000
202605291030,   3.074,   3.919,9999.000,9999.000,9999.000,9999.000,9999.000,9999.000,9999.000
202605291036,   3.105,   3.968,9999.000,9999.000,9999.000,9999.000,9999.000,9999.000,9999.000
202605291042,   3.132,   4.017,9999.000,9999.000,9999.000,9999.000,9999.000,9999.000,9999.000
202605291048,   3.155,   4.057,9999.000,9999.000,9999.000,9999.000,9999.000,9999.000,9999.000
202605291054,   3.174,   4.099,9999.000,9999.000,9999.000,9999.000,9999.000,9999.000,9999.000
202605291100,   3.188,   4.139,   0.600,   0.351,   4.139,   0.600,   4.139,   0.700,   4.239
202605291106,   3.197,   4.178,9999.000,9999.000,9999.000,9999.000,9999.000,9999.000,9999.000
202605291112,   3.202,   4.208,9999.000,9999.000,9999.000,9999.000,9999.000,9999.000,9999.000
202605291118,   3.203,   4.227,9999.000,9999.000,9999.000,9999.000,9999.000,9999.000,9999.000
202605291124,   3.199,   4.257,9999.000,9999.000,9999.000,9999.000,9999.000,9999.000,9999.000
202605291130,   3.190,   4.280,9999.000,9999.000,9999.000,9999.000,9999.000,9999.000,9999.000
202605291136,   3.177,   4.300,9999.000,9999.000,9999.000,9999.000,9999.000,9999.000,9999.000
202605291142,   3.159,   4.300,9999.000,9999.000,9999.000,9999.000,9999.000,9999.000,9999.000
202605291148,   3.138,   4.300,9999.000,9999.000,9999.000,9999.000,9999.000,9999.000,9999.000
202605291154,   3.112,   4.309,9999.000,9999.000,9999.000,9999.000,9999.000,9999.000,9999.000
202605291200,   3.082,   4.280,   0.500,   0.698,   4.280,   0.500,   4.280,   0.600,   4.380
202605291206,   3.049,   4.267,9999.000,9999.000,9999.000,9999.000,9999.000,9999.000,9999.000
202605291212,   3.012,   4.257,9999.000,9999.000,9999.000,9999.000,9999.000,9999.000,9999.000
202605291218,   2.971,   4.227,9999.000,9999.000,9999.000,9999.000,9999.000,9999.000,9999.000
202605291224,   2.928,   4.208,9999.000,9999.000,9999.000,9999.000,9999.000,9999.000,9999.000
202605291230,   2.881,   4.178,9999.000,9999.000,9999.000,9999.000,9999.000,9999.000,9999.000
202605291236,   2.832,   4.129,9999.000,9999.000,9999.000,9999.000,9999.000,9999.000,9999.000
202605291242,   2.780,   4.099,9999.000,9999.000,9999.000,9999.000,9999.000,9999.000,9999.000
202605291248,   2.726,   4.037,9999.000,9999.000,9999.000,9999.000,9999.000,9999.000,9999.000
202605291254,   2.670,   3.998,9999.000,9999.000,9999.000,9999.000,9999.000,9999.000,9999.000
202605291300,   2.612,   3.939,   0.500,   0.827,   3.939,   0.500,   3.939,   0.600,   4.039
202605291306,   2.552,   3.860,9999.000,9999.000,9999.000,9999.000,9999.000,9999.000,9999.000
202605291312,   2.491,   3.808,9999.000,9999.000,9999.000,9999.000,9999.000,9999.000,9999.000
202605291318,   2.428,   3.739,9999.000,9999.000,9999.000,9999.000,9999.000,9999.000,9999.000
202605291324,   2.364,   3.680,9999.000,9999.000,9999.000,9999.000,9999.000,9999.000,9999.000
202605291330,   2.299,   3.598,9999.000,9999.000,9999.000,9999.000,9999.000,9999.000,9999.000
202605291336,   2.233,   3.519,9999.000,9999.000,9999.000,9999.000,9999.000,9999.000,9999.000
202605291342,   2.167,   3.440,9999.000,9999.000,9999.000,9999.000,9999.000,9999.000,9999.000
202605291348,   2.099,   3.368,9999.000,9999.000,9999.000,9999.000,9999.000,9999.000,9999.000
202605291354,   2.031,   3.289,9999.000,9999.000,9999.000,9999.000,9999.000,9999.000,9999.000
202605291400,   1.963,   3.207,   0.600,   0.644,   3.207,   0.500,   3.107,   0.600,   3.207
202605291406,   1.894,   3.138,9999.000,9999.000,9999.000,9999.000,9999.000,9999.000,9999.000
202605291412,   1.825,   3.060,9999.000,9999.000,9999.000,9999.000,9999.000,9999.000,9999.000
202605291418,   1.756,   2.978,9999.000,9999.000,9999.000,9999.000,9999.000,9999.000,9999.000
202605291424,   1.686,   2.919,9999.000,9999.000,9999.000,9999.000,9999.000,9999.000,9999.000
202605291430,   1.617,   2.850,9999.000,9999.000,9999.000,9999.000,9999.000,9999.000,9999.000
202605291436,   1.548,   2.768,9999.000,9999.000,9999.000,9999.000,9999.000,9999.000,9999.000
202605291442,   1.480,   2.719,9999.000,9999.000,9999.000,9999.000,9999.000,9999.000,9999.000
202605291448,   1.412,   2.640,9999.000,9999.000,9999.000,9999.000,9999.000,9999.000,9999.000
202605291454,   1.344,   2.568,9999.000,9999.000,9999.000,9999.000,9999.000,9999.000,9999.000
202605291500,   1.277,   2.479,   0.600,   0.602,   2.479,   0.500,   2.379,   0.600,   2.479
202605291506,   1.212,   2.410,9999.000,9999.000,9999.000,9999.000,9999.000,9999.000,9999.000
202605291512,   1.147,   2.328,9999.000,9999.000,9999.000,9999.000,9999.000,9999.000,9999.000
202605291518,   1.084,   2.259,9999.000,9999.000,9999.000,9999.000,9999.000,9999.000,9999.000
202605291524,   1.022,   2.220,9999.000,9999.000,9999.000,9999.000,9999.000,9999.000,9999.000
202605291530,   0.961,   2.128,9999.000,9999.000,9999.000,9999.000,9999.000,9999.000,9999.000
202605291536,   0.903,   2.059,9999.000,9999.000,9999.000,9999.000,9999.000,9999.000,9999.000
202605291542,   0.846,   2.000,9999.000,9999.000,9999.000,9999.000,9999.000,9999.000,9999.000
202605291548,   0.792,   1.938,9999.000,9999.000,9999.000,9999.000,9999.000,9999.000,9999.000
202605291554,   0.740,   1.849,9999.000,9999.000,9999.000,9999.000,9999.000,9999.000,9999.000
202605291600,   0.690,   1.781,   0.600,   0.491,   1.781,   0.600,   1.781,   0.600,   1.781
202605291606,   0.644,   1.728,9999.000,9999.000,9999.000,9999.000,9999.000,9999.000,9999.000
202605291612,   0.600,   1.659,9999.000,9999.000,9999.000,9999.000,9999.000,9999.000,9999.000
202605291618,   0.559,   1.600,9999.000,9999.000,9999.000,9999.000,9999.000,9999.000,9999.000
202605291624,   0.522,   1.508,9999.000,9999.000,9999.000,9999.000,9999.000,9999.000,9999.000
202605291630,   0.487,   1.449,9999.000,9999.000,9999.000,9999.000,9999.000,9999.000,9999.000
202605291636,   0.457,   1.400,9999.000,9999.000,9999.000,9999.000,9999.000,9999.000,9999.000
202605291642,   0.430,   1.348,9999.000,9999.000,9999.000,9999.000,9999.000,9999.000,9999.000
202605291648,   0.407,   1.298,9999.000,9999.000,9999.000,9999.000,9999.000,9999.000,9999.000
202605291654,   0.388,   1.229,9999.000,9999.000,9999.000,9999.000,9999.000,9999.000,9999.000
202605291700,   0.373,   1.229,   0.600,   0.256,   1.229,   0.600,   1.229,   0.600,   1.229
202605291706,   0.362,   1.161,9999.000,9999.000,9999.000,9999.000,9999.000,9999.000,9999.000
202605291712,   0.356,   1.138,9999.000,9999.000,9999.000,9999.000,9999.000,9999.000,9999.000
202605291718,   0.354,   1.118,9999.000,9999.000,9999.000,9999.000,9999.000,9999.000,9999.000
202605291724,   0.356,   1.079,9999.000,9999.000,9999.000,9999.000,9999.000,9999.000,9999.000
202605291730,   0.364,   1.039,9999.000,9999.000,9999.000,9999.000,9999.000,9999.000,9999.000
202605291736,   0.375,   1.000,9999.000,9999.000,9999.000,9999.000,9999.000,9999.000,9999.000
202605291742,   0.392,   1.020,9999.000,9999.000,9999.000,9999.000,9999.000,9999.000,9999.000
202605291748,   0.413,   1.020,9999.000,9999.000,9999.000,9999.000,9999.000,9999.000,9999.000
202605291754,   0.438,   1.000,9999.000,9999.000,9999.000,9999.000,9999.000,9999.000,9999.000
202605291800,   0.468,   1.029,   0.600,  -0.039,   1.029,   0.600,   1.029,   0.700,   1.129
202605291806,   0.503,   1.049,9999.000,9999.000,9999.000,9999.000,9999.000,9999.000,9999.000
202605291812,   0.543,   1.079,9999.000,9999.000,9999.000,9999.000,9999.000,9999.000,9999.000
202605291818,   0.587,   1.108,9999.000,9999.000,9999.000,9999.000,9999.000,9999.000,9999.000
202605291824,   0.635,   1.151,9999.000,9999.000,9999.000,9999.000,9999.000,9999.000,9999.000
202605291830,   0.688,   1.200,9999.000,9999.000,9999.000,9999.000,9999.000,9999.000,9999.000
202605291836,   0.745,   1.239,9999.000,9999.000,9999.000,9999.000,9999.000,9999.000,9999.000
202605291842,   0.805,   1.298,9999.000,9999.000,9999.000,9999.000,9999.000,9999.000,9999.000
202605291848,   0.870,   1.361,9999.000,9999.000,9999.000,9999.000,9999.000,9999.000,9999.000
202605291854,   0.938,   1.449,9999.000,9999.000,9999.000,9999.000,9999.000,9999.000,9999.000
202605291900,   1.010,   1.528,   0.700,  -0.182,   1.528,   0.600,   1.428,   0.700,   1.528
202605291906,   1.085,   1.600,9999.000,9999.000,9999.000,9999.000,9999.000,9999.000,9999.000
202605291912,   1.163,   1.689,9999.000,9999.000,9999.000,9999.000,9999.000,9999.000,9999.000
202605291918,   1.243,   1.790,9999.000,9999.000,9999.000,9999.000,9999.000,9999.000,9999.000
202605291924,   1.326,   1.840,9999.000,9999.000,9999.000,9999.000,9999.000,9999.000,9999.000
202605291930,   1.412,   1.928,9999.000,9999.000,9999.000,9999.000,9999.000,9999.000,9999.000
202605291936,   1.499,   2.020,9999.000,9999.000,9999.000,9999.000,9999.000,9999.000,9999.000
202605291942,   1.588,   2.089,9999.000,9999.000,9999.000,9999.000,9999.000,9999.000,9999.000
202605291948,   1.678,   2.191,9999.000,9999.000,9999.000,9999.000,9999.000,9999.000,9999.000
202605291954,   1.770,   2.259,9999.000,9999.000,9999.000,9999.000,9999.000,9999.000,9999.000
202605292000,   1.863,   2.358,   0.700,  -0.205,   2.358,   0.600,   2.258,   0.700,   2.358
202605292006,   1.956,   2.440,9999.000,9999.000,9999.000,9999.000,9999.000,9999.000,9999.000
202605292012,   2.050,   2.538,9999.000,9999.000,9999.000,9999.000,9999.000,9999.000,9999.000
202605292018,   2.144,   2.630,9999.000,9999.000,9999.000,9999.000,9999.000,9999.000,9999.000
202605292024,   2.238,   2.709,9999.000,9999.000,9999.000,9999.000,9999.000,9999.000,9999.000
202605292030,   2.332,   2.820,9999.000,9999.000,9999.000,9999.000,9999.000,9999.000,9999.000
202605292036,   2.426,   2.919,9999.000,9999.000,9999.000,9999.000,9999.000,9999.000,9999.000
202605292042,   2.520,   3.040,9999.000,9999.000,9999.000,9999.000,9999.000,9999.000,9999.000
202605292048,   2.612,   3.158,9999.000,9999.000,9999.000,9999.000,9999.000,9999.000,9999.000
202605292054,   2.704,   3.250,9999.000,9999.000,9999.000,9999.000,9999.000,9999.000,9999.000
202605292100,   2.795,   3.368,   0.600,  -0.027,   3.368,   0.600,   3.368,   0.700,   3.468
202605292106,   2.885,   3.480,9999.000,9999.000,9999.000,9999.000,9999.000,9999.000,9999.000
202605292112,   2.974,   3.588,9999.000,9999.000,9999.000,9999.000,9999.000,9999.000,9999.000
202605292118,   3.061,   3.719,9999.000,9999.000,9999.000,9999.000,9999.000,9999.000,9999.000
202605292124,   3.147,   3.778,9999.000,9999.000,9999.000,9999.000,9999.000,9999.000,9999.000
202605292130,   3.231,   3.870,9999.000,9999.000,9999.000,9999.000,9999.000,9999.000,9999.000
202605292136,   3.313,   3.949,9999.000,9999.000,9999.000,9999.000,9999.000,9999.000,9999.000
202605292142,   3.393,   4.037,9999.000,9999.000,9999.000,9999.000,9999.000,9999.000,9999.000
202605292148,   3.471,   4.109,9999.000,9999.000,9999.000,9999.000,9999.000,9999.000,9999.000
202605292154,   3.547,   4.188,9999.000,9999.000,9999.000,9999.000,9999.000,9999.000,9999.000
202605292200,   3.620,   4.257,   0.600,   0.037,   4.257,   0.600,   4.257,   0.700,   4.357
202605292206,   3.691,   4.329,9999.000,9999.000,9999.000,9999.000,9999.000,9999.000,9999.000
202605292212,   3.758,   4.398,9999.000,9999.000,9999.000,9999.000,9999.000,9999.000,9999.000
202605292218,   3.823,   4.480,9999.000,9999.000,9999.000,9999.000,9999.000,9999.000,9999.000
202605292224,   3.884,   4.549,9999.000,9999.000,9999.000,9999.000,9999.000,9999.000,9999.000
202605292230,   3.941,   4.628,9999.000,9999.000,9999.000,9999.000,9999.000,9999.000,9999.000
202605292236,   3.995,   4.690,9999.000,9999.000,9999.000,9999.000,9999.000,9999.000,9999.000
202605292242,   4.045,   4.759,9999.000,9999.000,9999.000,9999.000,9999.000,9999.000,9999.000
202605292248,   4.090,   4.828,9999.000,9999.000,9999.000,9999.000,9999.000,9999.000,9999.000
202605292254,   4.131,   4.857,9999.000,9999.000,9999.000,9999.000,9999.000,9999.000,9999.000
202605292300,   4.168,   4.919,   0.600,   0.151,   4.919,   0.500,   4.819,   0.600,   4.919
202605292306,   4.199,   4.959,9999.000,9999.000,9999.000,9999.000,9999.000,9999.000,9999.000
202605292312,   4.226,   4.998,9999.000,9999.000,9999.000,9999.000,9999.000,9999.000,9999.000
202605292318,   4.248,   5.028,9999.000,9999.000,9999.000,9999.000,9999.000,9999.000,9999.000
202605292324,   4.264,   5.077,9999.000,9999.000,9999.000,9999.000,9999.000,9999.000,9999.000
202605292330,   4.276,   5.110,9999.000,9999.000,9999.000,9999.000,9999.000,9999.000,9999.000
202605292336,   4.282,   5.129,9999.000,9999.000,9999.000,9999.000,9999.000,9999.000,9999.000
202605292342,   4.282,   5.159,9999.000,9999.000,9999.000,9999.000,9999.000,9999.000,9999.000
202605292348,   4.278,   5.169,9999.000,9999.000,9999.000,9999.000,9999.000,9999.000,9999.000
202605292354,   4.268,   5.179,9999.000,9999.000,9999.000,9999.000,9999.000,9999.000,9999.000
202605300000,   4.253,   5.198,   0.600,   0.345,   5.198,   0.600,   5.198,   0.600,   5.198
202605300006,   4.233,   5.198,9999.000,9999.000,9999.000,9999.000,9999.000,9999.000,9999.000
202605300012,   4.208,   5.218,9999.000,9999.000,9999.000,9999.000,9999.000,9999.000,9999.000
202605300018,   4.178,   5.228,9999.000,9999.000,9999.000,9999.000,9999.000,9999.000,9999.000
202605300024,   4.143,   5.238,9999.000,9999.000,9999.000,9999.000,9999.000,9999.000,9999.000
202605300030,   4.104,   5.228,9999.000,9999.000,9999.000,9999.000,9999.000,9999.000,9999.000
202605300036,   4.061,   5.218,9999.000,9999.000,9999.000,9999.000,9999.000,9999.000,9999.000
202605300042,   4.014,   5.208,9999.000,9999.000,9999.000,9999.000,9999.000,9999.000,9999.000
202605300048,   3.963,   5.188,9999.000,9999.000,9999.000,9999.000,9999.000,9999.000,9999.000
202605300054,   3.908,   5.159,9999.000,9999.000,9999.000,9999.000,9999.000,9999.000,9999.000
202605300100,   3.850,   5.120,   0.600,   0.670,   5.120,   0.500,   5.020,   0.600,   5.120
202605300106,   3.789,   5.097,9999.000,9999.000,9999.000,9999.000,9999.000,9999.000,9999.000
202605300112,   3.725,   5.038,9999.000,9999.000,9999.000,9999.000,9999.000,9999.000,9999.000
202605300118,   3.659,   4.988,9999.000,9999.000,9999.000,9999.000,9999.000,9999.000,9999.000
202605300124,   3.590,   4.939,9999.000,9999.000,9999.000,9999.000,9999.000,9999.000,9999.000
202605300130,   3.518,   4.877,9999.000,9999.000,9999.000,9999.000,9999.000,9999.000,9999.000
202605300136,   3.445,   4.808,9999.000,9999.000,9999.000,9999.000,9999.000,9999.000,9999.000
202605300142,   3.370,   4.739,9999.000,9999.000,9999.000,9999.000,9999.000,9999.000,9999.000
202605300148,   3.293,   4.667,9999.000,9999.000,9999.000,9999.000,9999.000,9999.000,9999.000
202605300154,   3.215,   4.588,9999.000,9999.000,9999.000,9999.000,9999.000,9999.000,9999.000
202605300200,   3.135,   4.490,   0.500,   0.855,   4.490,   0.500,   4.490,   0.600,   4.590
202605300206,   3.054,   4.398,9999.000,9999.000,9999.000,9999.000,9999.000,9999.000,9999.000
202605300212,   2.972,   4.309,9999.000,9999.000,9999.000,9999.000,9999.000,9999.000,9999.000
202605300218,   2.889,   4.208,9999.000,9999.000,9999.000,9999.000,9999.000,9999.000,9999.000
202605300224,   2.805,   4.129,9999.000,9999.000,9999.000,9999.000,9999.000,9999.000,9999.000
202605300230,   2.720,   4.027,9999.000,9999.000,9999.000,9999.000,9999.000,9999.000,9999.000
202605300236,   2.635,   3.939,9999.000,9999.000,9999.000,9999.000,9999.000,9999.000,9999.000
202605300242,   2.549,   3.837,9999.000,9999.000,9999.000,9999.000,9999.000,9999.000,9999.000
202605300248,   2.463,   3.758,9999.000,9999.000,9999.000,9999.000,9999.000,9999.000,9999.000
202605300254,   2.377,   3.650,9999.000,9999.000,9999.000,9999.000,9999.000,9999.000,9999.000
202605300300,   2.290,   3.548,   0.500,   0.758,   3.548,   0.500,   3.548,   0.600,   3.648
202605300306,   2.203,   3.460,9999.000,9999.000,9999.000,9999.000,9999.000,9999.000,9999.000
202605300312,   2.117,   3.368,9999.000,9999.000,9999.000,9999.000,9999.000,9999.000,9999.000
202605300318,   2.030,   3.270,9999.000,9999.000,9999.000,9999.000,9999.000,9999.000,9999.000
202605300324,   1.944,   3.158,9999.000,9999.000,9999.000,9999.000,9999.000,9999.000,9999.000
202605300330,   1.859,   3.060,9999.000,9999.000,9999.000,9999.000,9999.000,9999.000,9999.000
202605300336,   1.774,   2.968,9999.000,9999.000,9999.000,9999.000,9999.000,9999.000,9999.000
202605300342,   1.691,   2.869,9999.000,9999.000,9999.000,9999.000,9999.000,9999.000,9999.000
202605300348,   1.608,   2.748,9999.000,9999.000,9999.000,9999.000,9999.000,9999.000,9999.000
202605300354,   1.527,   2.650,9999.000,9999.000,9999.000,9999.000,9999.000,9999.000,9999.000
202605300400,   1.447,   2.538,   0.500,   0.591,   2.538,   0.400,   2.438,   0.500,   2.538
202605300406,   1.369,   2.440,9999.000,9999.000,9999.000,9999.000,9999.000,9999.000,9999.000
202605300412,   1.292,   2.338,9999.000,9999.000,9999.000,9999.000,9999.000,9999.000,9999.000
202605300418,   1.218,   2.259,9999.000,9999.000,9999.000,9999.000,9999.000,9999.000,9999.000
202605300424,   1.146,   2.158,9999.000,9999.000,9999.000,9999.000,9999.000,9999.000,9999.000
202605300430,   1.076,   2.069,9999.000,9999.000,9999.000,9999.000,9999.000,9999.000,9999.000
202605300436,   1.009,   2.000,9999.000,9999.000,9999.000,9999.000,9999.000,9999.000,9999.000
202605300442,   0.945,   1.918,9999.000,9999.000,9999.000,9999.000,9999.000,9999.000,9999.000
202605300448,   0.883,   1.840,9999.000,9999.000,9999.000,9999.000,9999.000,9999.000,9999.000
202605300454,   0.825,   1.758,9999.000,9999.000,9999.000,9999.000,9999.000,9999.000,9999.000
202605300500,   0.771,   1.679,   0.400,   0.508,   1.679,   0.300,   1.579,   0.400,   1.679
202605300506,   0.720,   1.610,9999.000,9999.000,9999.000,9999.000,9999.000,9999.000,9999.000
202605300512,   0.672,   1.528,9999.000,9999.000,9999.000,9999.000,9999.000,9999.000,9999.000
202605300518,   0.629,   1.439,9999.000,9999.000,9999.000,9999.000,9999.000,9999.000,9999.000
202605300524,   0.589,   1.371,9999.000,9999.000,9999.000,9999.000,9999.000,9999.000,9999.000
202605300530,   0.553,   1.298,9999.000,9999.000,9999.000,9999.000,9999.000,9999.000,9999.000
202605300536,   0.522,   1.239,9999.000,9999.000,9999.000,9999.000,9999.000,9999.000,9999.000
202605300542,   0.495,   1.180,9999.000,9999.000,9999.000,9999.000,9999.000,9999.000,9999.000
202605300548,   0.473,   1.118,9999.000,9999.000,9999.000,9999.000,9999.000,9999.000,9999.000
202605300554,   0.455,   1.069,9999.000,9999.000,9999.000,9999.000,9999.000,9999.000,9999.000
202605300600,   0.441,   1.010,   0.400,   0.169,   1.010,   0.300,   0.910,   0.500,   1.110
202605300606,   0.432,   0.961,9999.000,9999.000,9999.000,9999.000,9999.000,9999.000,9999.000
202605300612,   0.428,   0.928,9999.000,9999.000,9999.000,9999.000,9999.000,9999.000,9999.000
202605300618,   0.429,   0.888,9999.000,9999.000,9999.000,9999.000,9999.000,9999.000,9999.000
202605300624,   0.434,   0.879,9999.000,9999.000,9999.000,9999.000,9999.000,9999.000,9999.000
202605300630,   0.444,   0.859,9999.000,9999.000,9999.000,9999.000,9999.000,9999.000,9999.000
202605300636,   0.458,   0.829,9999.000,9999.000,9999.000,9999.000,9999.000,9999.000,9999.000
202605300642,   0.477,   0.819,9999.000,9999.000,9999.000,9999.000,9999.000,9999.000,9999.000
202605300648,   0.500,   0.819,9999.000,9999.000,9999.000,9999.000,9999.000,9999.000,9999.000
202605300654,   0.528,   0.819,9999.000,9999.000,9999.000,9999.000,9999.000,9999.000,9999.000
202605300700,   0.560,   0.819,   0.400,  -0.141,   0.819,   0.300,   0.719,   0.400,   0.819
202605300706,   0.596,   0.829,9999.000,9999.000,9999.000,9999.000,9999.000,9999.000,9999.000
202605300712,   0.636,   0.849,9999.000,9999.000,9999.000,9999.000,9999.000,9999.000,9999.000
202605300718,   0.679,   0.879,9999.000,9999.000,9999.000,9999.000,9999.000,9999.000,9999.000
202605300724,   0.726,   0.898,9999.000,9999.000,9999.000,9999.000,9999.000,9999.000,9999.000
202605300730,   0.777,   0.961,9999.000,9999.000,9999.000,9999.000,9999.000,9999.000,9999.000
202605300736,   0.830,   1.010,9999.000,9999.000,9999.000,9999.000,9999.000,9999.000,9999.000
202605300742,   0.886,   1.079,9999.000,9999.000,9999.000,9999.000,9999.000,9999.000,9999.000
202605300748,   0.945,   1.138,9999.000,9999.000,9999.000,9999.000,9999.000,9999.000,9999.000
202605300754,   1.006,   1.210,9999.000,9999.000,9999.000,9999.000,9999.000,9999.000,9999.000
202605300800,   1.069,   1.298,   0.300,  -0.071,   1.298,   0.200,   1.198,   0.400,   1.398
202605300806,   1.134,   1.380,9999.000,9999.000,9999.000,9999.000,9999.000,9999.000,9999.000
202605300812,   1.200,   1.459,9999.000,9999.000,9999.000,9999.000,9999.000,9999.000,9999.000
202605300818,   1.268,   1.528,9999.000,9999.000,9999.000,9999.000,9999.000,9999.000,9999.000
202605300824,   1.337,   1.610,9999.000,9999.000,9999.000,9999.000,9999.000,9999.000,9999.000
202605300830,   1.407,   1.669,9999.000,9999.000,9999.000,9999.000,9999.000,9999.000,9999.000
202605300836,   1.477,   1.758,9999.000,9999.000,9999.000,9999.000,9999.000,9999.000,9999.000
202605300842,   1.548,   1.830,9999.000,9999.000,9999.000,9999.000,9999.000,9999.000,9999.000
202605300848,   1.619,   1.889,9999.000,9999.000,9999.000,9999.000,9999.000,9999.000,9999.000
202605300854,   1.690,   1.958,9999.000,9999.000,9999.000,9999.000,9999.000,9999.000,9999.000
202605300900,   1.761,   2.049,   0.300,  -0.012,   2.049,   0.200,   1.949,   0.400,   2.149
202605300906,   1.832,   2.128,9999.000,9999.000,9999.000,9999.000,9999.000,9999.000,9999.000
202605300912,   1.903,   2.220,9999.000,9999.000,9999.000,9999.000,9999.000,9999.000,9999.000
202605300918,   1.973,   2.318,9999.000,9999.000,9999.000,9999.000,9999.000,9999.000,9999.000
202605300924,   2.042,   2.387,9999.000,9999.000,9999.000,9999.000,9999.000,9999.000,9999.000
202605300930,   2.111,   2.459,9999.000,9999.000,9999.000,9999.000,9999.000,9999.000,9999.000
202605300936,   2.178,   2.538,9999.000,9999.000,9999.000,9999.000,9999.000,9999.000,9999.000
202605300942,   2.245,   2.630,9999.000,9999.000,9999.000,9999.000,9999.000,9999.000,9999.000
202605300948,   2.311,   2.699,9999.000,9999.000,9999.000,9999.000,9999.000,9999.000,9999.000
202605300954,   2.375,   2.758,9999.000,9999.000,9999.000,9999.000,9999.000,9999.000,9999.000
202605301000,   2.438,   2.850,   0.300,   0.112,   2.850,   0.300,   2.850,   0.400,   2.950
202605301006,   2.500,   2.938,9999.000,9999.000,9999.000,9999.000,9999.000,9999.000,9999.000
202605301012,   2.559,   3.017,9999.000,9999.000,9999.000,9999.000,9999.000,9999.000,9999.000
202605301018,   2.617,   3.109,9999.000,9999.000,9999.000,9999.000,9999.000,9999.000,9999.000
202605301024,   2.673,   3.207,9999.000,9999.000,9999.000,9999.000,9999.000,9999.000,9999.000
202605301030,   2.727,   3.279,9999.000,9999.000,9999.000,9999.000,9999.000,9999.000,9999.000
202605301036,   2.778,   3.329,9999.000,9999.000,9999.000,9999.000,9999.000,9999.000,9999.000
202605301042,   2.827,   3.388,9999.000,9999.000,9999.000,9999.000,9999.000,9999.000,9999.000
202605301048,   2.873,   3.460,9999.000,9999.000,9999.000,9999.000,9999.000,9999.000,9999.000
202605301054,   2.916,   3.519,9999.000,9999.000,9999.000,9999.000,9999.000,9999.000,9999.000
202605301100,   2.956,   3.568,   0.400,   0.212,   3.568,   0.300,   3.468,   0.400,   3.568
202605301106,   2.993,   3.637,9999.000,9999.000,9999.000,9999.000,9999.000,9999.000,9999.000
202605301112,   3.025,   3.689,9999.000,9999.000,9999.000,9999.000,9999.000,9999.000,9999.000
202605301118,   3.055,   3.758,9999.000,9999.000,9999.000,9999.000,9999.000,9999.000,9999.000
202605301124,   3.080,   3.817,9999.000,9999.000,9999.000,9999.000,9999.000,9999.000,9999.000
202605301130,   3.101,   3.870,9999.000,9999.000,9999.000,9999.000,9999.000,9999.000,9999.000
202605301136,   3.118,   3.909,9999.000,9999.000,9999.000,9999.000,9999.000,9999.000,9999.000
202605301142,   3.130,   3.958,9999.000,9999.000,9999.000,9999.000,9999.000,9999.000,9999.000
202605301148,   3.138,   3.988,9999.000,9999.000,9999.000,9999.000,9999.000,9999.000,9999.000
202605301154,   3.142,   4.017,9999.000,9999.000,9999.000,9999.000,9999.000,9999.000,9999.000
202605301200,   3.141,   4.070,   0.600,   0.329,   4.070,   0.500,   3.970,   0.700,   4.170
202605301206,   3.135,   4.080,9999.000,9999.000,9999.000,9999.000,9999.000,9999.000,9999.000
202605301212,   3.125,   4.099,9999.000,9999.000,9999.000,9999.000,9999.000,9999.000,9999.000
202605301218,   3.111,   4.119,9999.000,9999.000,9999.000,9999.000,9999.000,9999.000,9999.000
202605301224,   3.092,   4.109,9999.000,9999.000,9999.000,9999.000,9999.000,9999.000,9999.000
202605301230,   3.068,   4.129,9999.000,9999.000,9999.000,9999.000,9999.000,9999.000,9999.000
202605301236,   3.041,   4.109,9999.000,9999.000,9999.000,9999.000,9999.000,9999.000,9999.000
202605301242,   3.009,   4.057,9999.000,9999.000,9999.000,9999.000,9999.000,9999.000,9999.000
202605301248,   2.974,   4.027,9999.000,9999.000,9999.000,9999.000,9999.000,9999.000,9999.000
202605301254,   2.935,   3.978,9999.000,9999.000,9999.000,9999.000,9999.000,9999.000,9999.000
202605301300,   2.893,   3.929,   0.600,   0.436,   3.929,   0.500,   3.829,   0.700,   4.029
202605301306,   2.847,   3.899,9999.000,9999.000,9999.000,9999.000,9999.000,9999.000,9999.000
202605301312,   2.799,   3.847,9999.000,9999.000,9999.000,9999.000,9999.000,9999.000,9999.000
202605301318,   2.747,   3.798,9999.000,9999.000,9999.000,9999.000,9999.000,9999.000,9999.000
202605301324,   2.694,   3.768,9999.000,9999.000,9999.000,9999.000,9999.000,9999.000,9999.000
202605301330,   2.638,   3.729,9999.000,9999.000,9999.000,9999.000,9999.000,9999.000,9999.000
202605301336,   2.580,   3.670,9999.000,9999.000,9999.000,9999.000,9999.000,9999.000,9999.000
202605301342,   2.521,   3.598,9999.000,9999.000,9999.000,9999.000,9999.000,9999.000,9999.000
202605301348,   2.460,   3.499,9999.000,9999.000,9999.000,9999.000,9999.000,9999.000,9999.000
202605301354,   2.397,   3.417,9999.000,9999.000,9999.000,9999.000,9999.000,9999.000,9999.000
202605301400,   2.334,   3.368,   0.600,   0.434,   3.368,   0.500,   3.268,   0.700,   3.468
202605301406,   2.269,   3.279,9999.000,9999.000,9999.000,9999.000,9999.000,9999.000,9999.000
202605301412,   2.204,   3.230,9999.000,9999.000,9999.000,9999.000,9999.000,9999.000,9999.000
202605301418,   2.138,   3.178,9999.000,9999.000,9999.000,9999.000,9999.000,9999.000,9999.000
202605301424,   2.072,   3.099,9999.000,9999.000,9999.000,9999.000,9999.000,9999.000,9999.000
202605301430,   2.006,   3.040,9999.000,9999.000,9999.000,9999.000,9999.000,9999.000,9999.000
202605301436,   1.939,   2.958,9999.000,9999.000,9999.000,9999.000,9999.000,9999.000,9999.000
202605301442,   1.872,   2.889,9999.000,9999.000,9999.000,9999.000,9999.000,9999.000,9999.000
202605301448,   1.805,   2.797,9999.000,9999.000,9999.000,9999.000,9999.000,9999.000,9999.000
202605301454,   1.738,   2.748,9999.000,9999.000,9999.000,9999.000,9999.000,9999.000,9999.000
202605301500,   1.672,   2.669,   0.700,   0.297,   2.669,   0.600,   2.569,   0.700,   2.669
202605301506,   1.605,   2.597,9999.000,9999.000,9999.000,9999.000,9999.000,9999.000,9999.000
202605301512,   1.539,   2.528,9999.000,9999.000,9999.000,9999.000,9999.000,9999.000,9999.000
202605301518,   1.474,   2.469,9999.000,9999.000,9999.000,9999.000,9999.000,9999.000,9999.000
202605301524,   1.409,   2.410,9999.000,9999.000,9999.000,9999.000,9999.000,9999.000,9999.000
202605301530,   1.345,   2.338,9999.000,9999.000,9999.000,9999.000,9999.000,9999.000,9999.000
202605301536,   1.281,   2.289,9999.000,9999.000,9999.000,9999.000,9999.000,9999.000,9999.000
202605301542,   1.219,   2.220,9999.000,9999.000,9999.000,9999.000,9999.000,9999.000,9999.000
202605301548,   1.157,   2.118,9999.000,9999.000,9999.000,9999.000,9999.000,9999.000,9999.000
202605301554,   1.097,   2.089,9999.000,9999.000,9999.000,9999.000,9999.000,9999.000,9999.000
202605301600,   1.038,   2.030,   0.600,   0.392,   2.030,   0.500,   1.930,   0.700,   2.130
202605301606,   0.980,   1.958,9999.000,9999.000,9999.000,9999.000,9999.000,9999.000,9999.000
202605301612,   0.924,   1.869,9999.000,9999.000,9999.000,9999.000,9999.000,9999.000,9999.000
202605301618,   0.870,   1.840,9999.000,9999.000,9999.000,9999.000,9999.000,9999.000,9999.000
202605301624,   0.818,   1.748,9999.000,9999.000,9999.000,9999.000,9999.000,9999.000,9999.000
202605301630,   0.768,   1.669,9999.000,9999.000,9999.000,9999.000,9999.000,9999.000,9999.000
202605301636,   0.721,   1.659,9999.000,9999.000,9999.000,9999.000,9999.000,9999.000,9999.000
202605301642,   0.676,   1.590,9999.000,9999.000,9999.000,9999.000,9999.000,9999.000,9999.000
202605301648,   0.633,   1.557,9999.000,9999.000,9999.000,9999.000,9999.000,9999.000,9999.000
202605301654,   0.594,   1.548,9999.000,9999.000,9999.000,9999.000,9999.000,9999.000,9999.000
202605301700,   0.557,   1.498,   0.700,   0.241,   1.498,   0.600,   1.398,   0.700,   1.498
202605301706,   0.524,   1.449,9999.000,9999.000,9999.000,9999.000,9999.000,9999.000,9999.000
202605301712,   0.494,   1.400,9999.000,9999.000,9999.000,9999.000,9999.000,9999.000,9999.000
202605301718,   0.468,   1.380,9999.000,9999.000,9999.000,9999.000,9999.000,9999.000,9999.000
202605301724,   0.445,   1.328,9999.000,9999.000,9999.000,9999.000,9999.000,9999.000,9999.000
202605301730,   0.426,   1.279,9999.000,9999.000,9999.000,9999.000,9999.000,9999.000,9999.000
202605301736,   0.411,   1.259,9999.000,9999.000,9999.000,9999.000,9999.000,9999.000,9999.000
202605301742,   0.401,   1.259,9999.000,9999.000,9999.000,9999.000,9999.000,9999.000,9999.000
202605301748,   0.394,   1.259,9999.000,9999.000,9999.000,9999.000,9999.000,9999.000,9999.000
202605301754,   0.392,   1.229,9999.000,9999.000,9999.000,9999.000,9999.000,9999.000,9999.000
202605301800,   0.394,   1.200,   0.900,  -0.094,   1.200,   0.800,   1.100,   1.000,   1.300
202605301806,   0.401,   1.220,9999.000,9999.000,9999.000,9999.000,9999.000,9999.000,9999.000
202605301812,   0.412,   1.229,9999.000,9999.000,9999.000,9999.000,9999.000,9999.000,9999.000
202605301818,   0.428,   1.210,9999.000,9999.000,9999.000,9999.000,9999.000,9999.000,9999.000
202605301824,   0.449,   1.220,9999.000,9999.000,9999.000,9999.000,9999.000,9999.000,9999.000
202605301830,   0.474,   1.239,9999.000,9999.000,9999.000,9999.000,9999.000,9999.000,9999.000
202605301836,   0.504,   1.298,9999.000,9999.000,9999.000,9999.000,9999.000,9999.000,9999.000
202605301842,   0.538,   1.298,9999.000,9999.000,9999.000,9999.000,9999.000,9999.000,9999.000
202605301848,   0.578,   1.371,9999.000,9999.000,9999.000,9999.000,9999.000,9999.000,9999.000
202605301854,   0.621,   1.420,9999.000,9999.000,9999.000,9999.000,9999.000,9999.000,9999.000
202605301900,   0.669,   1.459,   1.000,  -0.210,   1.459,   0.900,   1.359,   1.100,   1.559
202605301906,   0.722,   1.498,9999.000,9999.000,9999.000,9999.000,9999.000,9999.000,9999.000
202605301912,   0.779,   1.580,9999.000,9999.000,9999.000,9999.000,9999.000,9999.000,9999.000
202605301918,   0.840,   1.649,9999.000,9999.000,9999.000,9999.000,9999.000,9999.000,9999.000
202605301924,   0.904,   1.699,9999.000,9999.000,9999.000,9999.000,9999.000,9999.000,9999.000
202605301930,   0.973,   1.790,9999.000,9999.000,9999.000,9999.000,9999.000,9999.000,9999.000
202605301936,   1.045,   1.849,9999.000,9999.000,9999.000,9999.000,9999.000,9999.000,9999.000
202605301942,   1.120,   1.918,9999.000,9999.000,9999.000,9999.000,9999.000,9999.000,9999.000
202605301948,   1.198,   2.000,9999.000,9999.000,9999.000,9999.000,9999.000,9999.000,9999.000
202605301954,   1.280,   2.089,9999.000,9999.000,9999.000,9999.000,9999.000,9999.000,9999.000
202605302000,   1.363,   2.158,   1.100,  -0.305,   2.158,   1.000,   2.058,   1.200,   2.258
202605302006,   1.449,   2.259,9999.000,9999.000,9999.000,9999.000,9999.000,9999.000,9999.000
202605302012,   1.537,   2.358,9999.000,9999.000,9999.000,9999.000,9999.000,9999.000,9999.000
202605302018,   1.627,   2.420,9999.000,9999.000,9999.000,9999.000,9999.000,9999.000,9999.000
202605302024,   1.719,   2.509,9999.000,9999.000,9999.000,9999.000,9999.000,9999.000,9999.000
202605302030,   1.811,   2.620,9999.000,9999.000,9999.000,9999.000,9999.000,9999.000,9999.000
202605302036,   1.905,   2.728,9999.000,9999.000,9999.000,9999.000,9999.000,9999.000,9999.000
202605302042,   1.999,   2.797,9999.000,9999.000,9999.000,9999.000,9999.000,9999.000,9999.000
202605302048,   2.093,   2.879,9999.000,9999.000,9999.000,9999.000,9999.000,9999.000,9999.000
202605302054,   2.188,   2.968,9999.000,9999.000,9999.000,9999.000,9999.000,9999.000,9999.000
202605302100,   2.283,   3.089,   1.100,  -0.294,   3.089,   1.000,   2.989,   1.200,   3.189
202605302106,   2.377,   3.168,9999.000,9999.000,9999.000,9999.000,9999.000,9999.000,9999.000
202605302112,   2.472,   3.240,9999.000,9999.000,9999.000,9999.000,9999.000,9999.000,9999.000
202605302118,   2.565,   3.339,9999.000,9999.000,9999.000,9999.000,9999.000,9999.000,9999.000
202605302124,   2.657,   3.440,9999.000,9999.000,9999.000,9999.000,9999.000,9999.000,9999.000
202605302130,   2.749,   3.539,9999.000,9999.000,9999.000,9999.000,9999.000,9999.000,9999.000
202605302136,   2.840,   3.660,9999.000,9999.000,9999.000,9999.000,9999.000,9999.000,9999.000
202605302142,   2.929,   3.729,9999.000,9999.000,9999.000,9999.000,9999.000,9999.000,9999.000
202605302148,   3.017,   3.808,9999.000,9999.000,9999.000,9999.000,9999.000,9999.000,9999.000
202605302154,   3.103,   3.919,9999.000,9999.000,9999.000,9999.000,9999.000,9999.000,9999.000
202605302200,   3.187,   4.008,   1.200,  -0.379,   4.008,   1.000,   3.808,   1.300,   4.108
202605302206,   3.270,   4.070,9999.000,9999.000,9999.000,9999.000,9999.000,9999.000,9999.000
202605302212,   3.351,   4.178,9999.000,9999.000,9999.000,9999.000,9999.000,9999.000,9999.000
202605302218,   3.430,   4.280,9999.000,9999.000,9999.000,9999.000,9999.000,9999.000,9999.000
202605302224,   3.506,   4.368,9999.000,9999.000,9999.000,9999.000,9999.000,9999.000,9999.000
202605302230,   3.580,   4.467,9999.000,9999.000,9999.000,9999.000,9999.000,9999.000,9999.000
202605302236,   3.652,   4.549,9999.000,9999.000,9999.000,9999.000,9999.000,9999.000,9999.000
202605302242,   3.721,   4.637,9999.000,9999.000,9999.000,9999.000,9999.000,9999.000,9999.000
202605302248,   3.787,   4.719,9999.000,9999.000,9999.000,9999.000,9999.000,9999.000,9999.000
202605302254,   3.851,   4.798,9999.000,9999.000,9999.000,9999.000,9999.000,9999.000,9999.000
202605302300,   3.911,   4.877,   1.300,  -0.334,   4.877,   1.100,   4.677,   1.500,   5.077
202605302306,   3.967,   4.949,9999.000,9999.000,9999.000,9999.000,9999.000,9999.000,9999.000
202605302312,   4.020,   5.018,9999.000,9999.000,9999.000,9999.000,9999.000,9999.000,9999.000
202605302318,   4.070,   5.110,9999.000,9999.000,9999.000,9999.000,9999.000,9999.000,9999.000
202605302324,   4.115,   5.188,9999.000,9999.000,9999.000,9999.000,9999.000,9999.000,9999.000
202605302330,   4.156,   5.247,9999.000,9999.000,9999.000,9999.000,9999.000,9999.000,9999.000
202605302336,   4.192,   5.307,9999.000,9999.000,9999.000,9999.000,9999.000,9999.000,9999.000
202605302342,   4.224,   5.369,9999.000,9999.000,9999.000,9999.000,9999.000,9999.000,9999.000
202605302348,   4.252,   5.438,9999.000,9999.000,9999.000,9999.000,9999.000,9999.000,9999.000
202605302354,   4.274,   5.487,9999.000,9999.000,9999.000,9999.000,9999.000,9999.000,9999.000
202605310000,   4.292,   5.549,   1.100,   0.157,   5.549,   0.900,   5.349,   1.300,   5.749
202605310006,   4.304,   5.608,9999.000,9999.000,9999.000,9999.000,9999.000,9999.000,9999.000
202605310012,   4.311,   5.648,9999.000,9999.000,9999.000,9999.000,9999.000,9999.000,9999.000
202605310018,   4.312,   5.687,9999.000,9999.000,9999.000,9999.000,9999.000,9999.000,9999.000
202605310024,   4.309,   5.730,9999.000,9999.000,9999.000,9999.000,9999.000,9999.000,9999.000
202605310030,   4.299,   5.779,9999.000,9999.000,9999.000,9999.000,9999.000,9999.000,9999.000
202605310036,   4.285,   5.818,9999.000,9999.000,9999.000,9999.000,9999.000,9999.000,9999.000
202605310042,   4.266,   5.858,9999.000,9999.000,9999.000,9999.000,9999.000,9999.000,9999.000
202605310048,   4.241,   5.887,9999.000,9999.000,9999.000,9999.000,9999.000,9999.000,9999.000
202605310054,   4.211,   5.907,9999.000,9999.000,9999.000,9999.000,9999.000,9999.000,9999.000
202605310100,   4.176,   5.926,   1.200,   0.550,   5.926,   1.000,   5.726,   1.400,   6.126
202605310106,   4.137,   5.949,9999.000,9999.000,9999.000,9999.000,9999.000,9999.000,9999.000
202605310112,   4.093,   5.959,9999.000,9999.000,9999.000,9999.000,9999.000,9999.000,9999.000
202605310118,   4.045,   5.959,9999.000,9999.000,9999.000,9999.000,9999.000,9999.000,9999.000
202605310124,   3.993,   5.969,9999.000,9999.000,9999.000,9999.000,9999.000,9999.000,9999.000
202605310130,   3.937,   5.969,9999.000,9999.000,9999.000,9999.000,9999.000,9999.000,9999.000
202605310136,   3.878,   5.949,9999.000,9999.000,9999.000,9999.000,9999.000,9999.000,9999.000
202605310142,   3.815,   5.926,9999.000,9999.000,9999.000,9999.000,9999.000,9999.000,9999.000
202605310148,   3.749,   5.897,9999.000,9999.000,9999.000,9999.000,9999.000,9999.000,9999.000
202605310154,   3.681,   5.858,9999.000,9999.000,9999.000,9999.000,9999.000,9999.000,9999.000
202605310200,   3.610,   5.818,   1.300,   0.908,   5.818,   1.000,   5.518,   1.400,   5.918
202605310206,   3.536,9999.000,9999.000,9999.000,9999.000,9999.000,9999.000,9999.000,9999.000
202605310212,   3.461,   5.697,9999.000,9999.000,9999.000,9999.000,9999.000,9999.000,9999.000
202605310218,   3.384,   5.638,9999.000,9999.000,9999.000,9999.000,9999.000,9999.000,9999.000
202605310224,   3.305,   5.569,9999.000,9999.000,9999.000,9999.000,9999.000,9999.000,9999.000
202605310230,   3.225,   5.487,9999.000,9999.000,9999.000,9999.000,9999.000,9999.000,9999.000
202605310236,   3.144,   5.408,9999.000,9999.000,9999.000,9999.000,9999.000,9999.000,9999.000
202605310242,   3.061,   5.339,9999.000,9999.000,9999.000,9999.000,9999.000,9999.000,9999.000
202605310248,   2.978,   5.267,9999.000,9999.000,9999.000,9999.000,9999.000,9999.000,9999.000
202605310254,   2.894,   5.188,9999.000,9999.000,9999.000,9999.000,9999.000,9999.000,9999.000
202605310300,   2.809,   5.110,   1.300,   1.001,   5.110,   1.100,   4.910,   1.500,   5.310
202605310306,   2.724,   5.028,9999.000,9999.000,9999.000,9999.000,9999.000,9999.000,9999.000
202605310312,   2.638,   4.959,9999.000,9999.000,9999.000,9999.000,9999.000,9999.000,9999.000
202605310318,   2.552,   4.877,9999.000,9999.000,9999.000,9999.000,9999.000,9999.000,9999.000
202605310324,   2.466,   4.798,9999.000,9999.000,9999.000,9999.000,9999.000,9999.000,9999.000
202605310330,   2.380,   4.710,9999.000,9999.000,9999.000,9999.000,9999.000,9999.000,9999.000
202605310336,   2.293,   4.637,9999.000,9999.000,9999.000,9999.000,9999.000,9999.000,9999.000
202605310342,   2.207,   4.549,9999.000,9999.000,9999.000,9999.000,9999.000,9999.000,9999.000
202605310348,   2.121,   4.467,9999.000,9999.000,9999.000,9999.000,9999.000,9999.000,9999.000
202605310354,   2.035,   4.378,9999.000,9999.000,9999.000,9999.000,9999.000,9999.000,9999.000
202605310400,   1.950,   4.300,   1.300,   1.050,   4.300,   1.100,   4.100,   1.400,   4.400
202605310406,   1.865,   4.218,9999.000,9999.000,9999.000,9999.000,9999.000,9999.000,9999.000
202605310412,   1.781,   4.129,9999.000,9999.000,9999.000,9999.000,9999.000,9999.000,9999.000
202605310418,   1.698,   4.027,9999.000,9999.000,9999.000,9999.000,9999.000,9999.000,9999.000
202605310424,   1.616,   3.929,9999.000,9999.000,9999.000,9999.000,9999.000,9999.000,9999.000
202605310430,   1.535,   3.827,9999.000,9999.000,9999.000,9999.000,9999.000,9999.000,9999.000
202605310436,   1.455,   3.729,9999.000,9999.000,9999.000,9999.000,9999.000,9999.000,9999.000
202605310442,   1.377,   3.627,9999.000,9999.000,9999.000,9999.000,9999.000,9999.000,9999.000
202605310448,   1.301,   3.529,9999.000,9999.000,9999.000,9999.000,9999.000,9999.000,9999.000
202605310454,   1.227,   3.417,9999.000,9999.000,9999.000,9999.000,9999.000,9999.000,9999.000
202605310500,   1.154,   3.319,   1.200,   0.965,   3.319,   1.000,   3.119,   1.400,   3.519
202605310506,   1.084,   3.207,9999.000,9999.000,9999.000,9999.000,9999.000,9999.000,9999.000
202605310512,   1.017,   3.109,9999.000,9999.000,9999.000,9999.000,9999.000,9999.000,9999.000
202605310518,   0.952,   2.997,9999.000,9999.000,9999.000,9999.000,9999.000,9999.000,9999.000
202605310524,   0.890,   2.899,9999.000,9999.000,9999.000,9999.000,9999.000,9999.000,9999.000
202605310530,   0.832,   2.797,9999.000,9999.000,9999.000,9999.000,9999.000,9999.000,9999.000
202605310536,   0.776,   2.709,9999.000,9999.000,9999.000,9999.000,9999.000,9999.000,9999.000
202605310542,   0.724,   2.610,9999.000,9999.000,9999.000,9999.000,9999.000,9999.000,9999.000
202605310548,   0.676,   2.519,9999.000,9999.000,9999.000,9999.000,9999.000,9999.000,9999.000
202605310554,   0.631,   2.430,9999.000,9999.000,9999.000,9999.000,9999.000,9999.000,9999.000
202605310600,   0.590,   2.338,   1.000,   0.748,   2.338,   0.900,   2.238,   1.200,   2.538
202605310606,   0.554,   2.259,9999.000,9999.000,9999.000,9999.000,9999.000,9999.000,9999.000
202605310612,   0.521,   2.177,9999.000,9999.000,9999.000,9999.000,9999.000,9999.000,9999.000
202605310618,   0.493,   2.099,9999.000,9999.000,9999.000,9999.000,9999.000,9999.000,9999.000
202605310624,   0.470,   2.040,9999.000,9999.000,9999.000,9999.000,9999.000,9999.000,9999.000
202605310630,   0.451,   1.981,9999.000,9999.000,9999.000,9999.000,9999.000,9999.000,9999.000
202605310636,   0.436,   1.899,9999.000,9999.000,9999.000,9999.000,9999.000,9999.000,9999.000
202605310642,   0.426,   1.840,9999.000,9999.000,9999.000,9999.000,9999.000,9999.000,9999.000
202605310648,   0.421,   1.781,9999.000,9999.000,9999.000,9999.000,9999.000,9999.000,9999.000
202605310654,   0.420,   1.738,9999.000,9999.000,9999.000,9999.000,9999.000,9999.000,9999.000
202605310700,   0.424,   1.699,   1.100,   0.175,   1.699,   0.900,   1.499,   1.200,   1.799
202605310706,   0.432,   1.659,9999.000,9999.000,9999.000,9999.000,9999.000,9999.000,9999.000
202605310712,   0.446,   1.620,9999.000,9999.000,9999.000,9999.000,9999.000,9999.000,9999.000
202605310718,   0.463,   1.580,9999.000,9999.000,9999.000,9999.000,9999.000,9999.000,9999.000
202605310724,   0.486,   1.548,9999.000,9999.000,9999.000,9999.000,9999.000,9999.000,9999.000
202605310730,   0.512,   1.538,9999.000,9999.000,9999.000,9999.000,9999.000,9999.000,9999.000
202605310736,   0.543,   1.528,9999.000,9999.000,9999.000,9999.000,9999.000,9999.000,9999.000
202605310742,   0.578,   1.518,9999.000,9999.000,9999.000,9999.000,9999.000,9999.000,9999.000
202605310748,   0.617,   1.508,9999.000,9999.000,9999.000,9999.000,9999.000,9999.000,9999.000
202605310754,   0.660,   1.508,9999.000,9999.000,9999.000,9999.000,9999.000,9999.000,9999.000
202605310800,   0.706,   1.518,   1.100,  -0.288,   1.518,   0.900,   1.318,   1.200,   1.618
202605310806,   0.755,   1.538,9999.000,9999.000,9999.000,9999.000,9999.000,9999.000,9999.000
202605310812,   0.808,   1.580,9999.000,9999.000,9999.000,9999.000,9999.000,9999.000,9999.000
202605310818,   0.864,   1.620,9999.000,9999.000,9999.000,9999.000,9999.000,9999.000,9999.000
202605310824,   0.922,   1.659,9999.000,9999.000,9999.000,9999.000,9999.000,9999.000,9999.000
202605310830,   0.983,   1.699,9999.000,9999.000,9999.000,9999.000,9999.000,9999.000,9999.000
202605310836,   1.045,   1.748,9999.000,9999.000,9999.000,9999.000,9999.000,9999.000,9999.000
202605310842,   1.110,   1.840,9999.000,9999.000,9999.000,9999.000,9999.000,9999.000,9999.000
202605310848,   1.177,   1.908,9999.000,9999.000,9999.000,9999.000,9999.000,9999.000,9999.000
202605310854,   1.244,   1.967,9999.000,9999.000,9999.000,9999.000,9999.000,9999.000,9999.000
202605310900,   1.313,   2.059,   1.000,  -0.254,   2.059,   0.900,   1.959,   1.100,   2.159
202605310906,   1.383,   2.148,9999.000,9999.000,9999.000,9999.000,9999.000,9999.000,9999.000
202605310912,   1.453,   2.210,9999.000,9999.000,9999.000,9999.000,9999.000,9999.000,9999.000
202605310918,   1.524,   2.279,9999.000,9999.000,9999.000,9999.000,9999.000,9999.000,9999.000
202605310924,   1.595,   2.377,9999.000,9999.000,9999.000,9999.000,9999.000,9999.000,9999.000
202605310930,   1.666,   2.450,9999.000,9999.000,9999.000,9999.000,9999.000,9999.000,9999.000
202605310936,   1.737,   2.509,9999.000,9999.000,9999.000,9999.000,9999.000,9999.000,9999.000
202605310942,   1.807,   2.597,9999.000,9999.000,9999.000,9999.000,9999.000,9999.000,9999.000
202605310948,   1.877,   2.689,9999.000,9999.000,9999.000,9999.000,9999.000,9999.000,9999.000
202605310954,   1.947,   2.768,9999.000,9999.000,9999.000,9999.000,9999.000,9999.000,9999.000
202605311000,   2.015,   2.860,   0.900,  -0.055,   2.860,   0.800,   2.760,   1.000,   2.960
202605311006,   2.083,   2.929,9999.000,9999.000,9999.000,9999.000,9999.000,9999.000,9999.000
202605311012,   2.150,   3.017,9999.000,9999.000,9999.000,9999.000,9999.000,9999.000,9999.000
202605311018,   2.215,   3.119,9999.000,9999.000,9999.000,9999.000,9999.000,9999.000,9999.000
202605311024,   2.280,   3.197,9999.000,9999.000,9999.000,9999.000,9999.000,9999.000,9999.000
202605311030,   2.343,   3.270,9999.000,9999.000,9999.000,9999.000,9999.000,9999.000,9999.000
202605311036,   2.404,   3.348,9999.000,9999.000,9999.000,9999.000,9999.000,9999.000,9999.000
202605311042,   2.464,   3.427,9999.000,9999.000,9999.000,9999.000,9999.000,9999.000,9999.000
202605311048,   2.522,   3.489,9999.000,9999.000,9999.000,9999.000,9999.000,9999.000,9999.000
202605311054,   2.579,   3.578,9999.000,9999.000,9999.000,9999.000,9999.000,9999.000,9999.000
202605311100,   2.633,   3.650,   0.900,   0.117,   3.650,   0.800,   3.550,   0.900,   3.650
202605311106,   2.685,   3.699,9999.000,9999.000,9999.000,9999.000,9999.000,9999.000,9999.000
202605311112,   2.735,   3.778,9999.000,9999.000,9999.000,9999.000,9999.000,9999.000,9999.000
202605311118,   2.783,   3.837,9999.000,9999.000,9999.000,9999.000,9999.000,9999.000,9999.000
202605311124,   2.828,   3.899,9999.000,9999.000,9999.000,9999.000,9999.000,9999.000,9999.000
202605311130,   2.870,   3.958,9999.000,9999.000,9999.000,9999.000,9999.000,9999.000,9999.000
202605311136,   2.909,   4.008,9999.000,9999.000,9999.000,9999.000,9999.000,9999.000,9999.000
202605311142,   2.946,   4.047,9999.000,9999.000,9999.000,9999.000,9999.000,9999.000,9999.000
202605311148,   2.978,   4.090,9999.000,9999.000,9999.000,9999.000,9999.000,9999.000,9999.000
202605311154,   3.008,   4.139,9999.000,9999.000,9999.000,9999.000,9999.000,9999.000,9999.000
202605311200,   3.033,   4.178,   0.900,   0.085,   4.018,   0.900,   4.018,   1.100,   4.218
202605311206,   3.055,   4.218,9999.000,9999.000,9999.000,9999.000,9999.000,9999.000,9999.000
202605311212,   3.072,   4.247,9999.000,9999.000,9999.000,9999.000,9999.000,9999.000,9999.000
202605311218,   3.086,   4.280,9999.000,9999.000,9999.000,9999.000,9999.000,9999.000,9999.000
202605311224,   3.095,   4.300,9999.000,9999.000,9999.000,9999.000,9999.000,9999.000,9999.000
202605311230,   3.100,   4.300,9999.000,9999.000,9999.000,9999.000,9999.000,9999.000,9999.000
202605311236,   3.100,   4.300,9999.000,9999.000,9999.000,9999.000,9999.000,9999.000,9999.000
202605311242,   3.096,   4.329,9999.000,9999.000,9999.000,9999.000,9999.000,9999.000,9999.000
202605311248,   3.087,   4.329,9999.000,9999.000,9999.000,9999.000,9999.000,9999.000,9999.000
202605311254,   3.074,   4.349,9999.000,9999.000,9999.000,9999.000,9999.000,9999.000,9999.000
202605311300,   3.057,   4.359,   0.900,   0.362,   4.319,   0.800,   4.219,   1.000,   4.419
202605311306,   3.035,   4.359,9999.000,9999.000,9999.000,9999.000,9999.000,9999.000,9999.000
202605311312,   3.008,   4.359,9999.000,9999.000,9999.000,9999.000,9999.000,9999.000,9999.000
202605311318,   2.978,   4.359,9999.000,9999.000,9999.000,9999.000,9999.000,9999.000,9999.000
202605311324,   2.944,   4.329,9999.000,9999.000,9999.000,9999.000,9999.000,9999.000,9999.000
202605311330,   2.906,   4.309,9999.000,9999.000,9999.000,9999.000,9999.000,9999.000,9999.000
202605311336,   2.864,   4.257,9999.000,9999.000,9999.000,9999.000,9999.000,9999.000,9999.000
202605311342,   2.819,   4.218,9999.000,9999.000,9999.000,9999.000,9999.000,9999.000,9999.000
202605311348,   2.771,   4.178,9999.000,9999.000,9999.000,9999.000,9999.000,9999.000,9999.000
202605311354,   2.720,   4.159,9999.000,9999.000,9999.000,9999.000,9999.000,9999.000,9999.000
202605311400,   2.666,   4.090,   0.800,   0.592,   4.058,   0.700,   3.958,   1.000,   4.258
202605311406,   2.610,   4.047,9999.000,9999.000,9999.000,9999.000,9999.000,9999.000,9999.000
202605311412,   2.552,   4.008,9999.000,9999.000,9999.000,9999.000,9999.000,9999.000,9999.000
202605311418,   2.492,   3.939,9999.000,9999.000,9999.000,9999.000,9999.000,9999.000,9999.000
202605311424,   2.431,   3.860,9999.000,9999.000,9999.000,9999.000,9999.000,9999.000,9999.000
202605311430,   2.368,   3.808,9999.000,9999.000,9999.000,9999.000,9999.000,9999.000,9999.000
202605311436,   2.304,   3.739,9999.000,9999.000,9999.000,9999.000,9999.000,9999.000,9999.000
202605311442,   2.239,   3.670,9999.000,9999.000,9999.000,9999.000,9999.000,9999.000,9999.000
202605311448,   2.174,   3.607,9999.000,9999.000,9999.000,9999.000,9999.000,9999.000,9999.000
202605311454,   2.108,   3.539,9999.000,9999.000,9999.000,9999.000,9999.000,9999.000,9999.000
202605311500,   2.041,   3.470,   0.800,   0.732,   3.573,   0.700,   3.473,   0.900,   3.673
202605311506,   1.975,   3.398,9999.000,9999.000,9999.000,9999.000,9999.000,9999.000,9999.000
202605311512,   1.909,   3.329,9999.000,9999.000,9999.000,9999.000,9999.000,9999.000,9999.000
202605311518,   1.842,   3.270,9999.000,9999.000,9999.000,9999.000,9999.000,9999.000,9999.000
202605311524,   1.776,   3.188,9999.000,9999.000,9999.000,9999.000,9999.000,9999.000,9999.000
202605311530,   1.710,   3.129,9999.000,9999.000,9999.000,9999.000,9999.000,9999.000,9999.000
202605311536,   1.644,   3.040,9999.000,9999.000,9999.000,9999.000,9999.000,9999.000,9999.000
202605311542,   1.579,   2.968,9999.000,9999.000,9999.000,9999.000,9999.000,9999.000,9999.000
202605311548,   1.515,   2.899,9999.000,9999.000,9999.000,9999.000,9999.000,9999.000,9999.000
202605311554,   1.451,   2.850,9999.000,9999.000,9999.000,9999.000,9999.000,9999.000,9999.000
202605311600,   1.388,   2.778,   0.800,   0.754,   2.942,   0.700,   2.842,   0.900,   3.042
202605311606,   1.326,   2.689,9999.000,9999.000,9999.000,9999.000,9999.000,9999.000,9999.000
202605311612,   1.264,   2.660,9999.000,9999.000,9999.000,9999.000,9999.000,9999.000,9999.000
202605311618,   1.204,   2.597,9999.000,9999.000,9999.000,9999.000,9999.000,9999.000,9999.000
202605311624,   1.144,   2.509,9999.000,9999.000,9999.000,9999.000,9999.000,9999.000,9999.000
202605311630,   1.086,   2.430,9999.000,9999.000,9999.000,9999.000,9999.000,9999.000,9999.000
202605311636,   1.030,   2.368,9999.000,9999.000,9999.000,9999.000,9999.000,9999.000,9999.000
202605311642,   0.975,   2.309,9999.000,9999.000,9999.000,9999.000,9999.000,9999.000,9999.000
202605311648,   0.921,   2.220,9999.000,9999.000,9999.000,9999.000,9999.000,9999.000,9999.000
202605311654,   0.869,   2.158,9999.000,9999.000,9999.000,9999.000,9999.000,9999.000,9999.000
202605311700,   0.819,   2.089,   0.700,   0.629,   2.148,   0.600,   2.048,   0.800,   2.248
202605311706,   0.772,   2.020,9999.000,9999.000,9999.000,9999.000,9999.000,9999.000,9999.000
202605311712,   0.726,   1.967,9999.000,9999.000,9999.000,9999.000,9999.000,9999.000,9999.000
202605311718,   0.683,   1.899,9999.000,9999.000,9999.000,9999.000,9999.000,9999.000,9999.000
202605311724,   0.643,   1.840,9999.000,9999.000,9999.000,9999.000,9999.000,9999.000,9999.000
202605311730,   0.605,   1.781,9999.000,9999.000,9999.000,9999.000,9999.000,9999.000,9999.000
202605311736,   0.571,   1.728,9999.000,9999.000,9999.000,9999.000,9999.000,9999.000,9999.000
202605311742,   0.539,   1.679,9999.000,9999.000,9999.000,9999.000,9999.000,9999.000,9999.000
202605311748,   0.511,   1.600,9999.000,9999.000,9999.000,9999.000,9999.000,9999.000,9999.000
202605311754,   0.486,9999.000,9999.000,9999.000,9999.000,9999.000,9999.000,9999.000,9999.000
202605311800,   0.465,9999.000,   0.700,   0.380,   1.545,   0.600,   1.445,   0.800,   1.645
202605311806,   0.448,9999.000,9999.000,9999.000,9999.000,9999.000,9999.000,9999.000,9999.000
202605311812,   0.435,9999.000,9999.000,9999.000,9999.000,9999.000,9999.000,9999.000,9999.000
202605311818,   0.425,9999.000,9999.000,9999.000,9999.000,9999.000,9999.000,9999.000,9999.000
202605311824,   0.420,9999.000,9999.000,9999.000,9999.000,9999.000,9999.000,9999.000,9999.000
202605311830,   0.419,9999.000,9999.000,9999.000,9999.000,9999.000,9999.000,9999.000,9999.000
202605311836,   0.423,9999.000,9999.000,9999.000,9999.000,9999.000,9999.000,9999.000,9999.000
202605311842,   0.431,9999.000,9999.000,9999.000,9999.000,9999.000,9999.000,9999.000,9999.000
202605311848,   0.443,9999.000,9999.000,9999.000,9999.000,9999.000,9999.000,9999.000,9999.000
202605311854,   0.460,9999.000,9999.000,9999.000,9999.000,9999.000,9999.000,9999.000,9999.000
202605311900,   0.482,9999.000,   0.700,   0.083,   1.265,   0.600,   1.165,   0.800,   1.365
202605311906,   0.508,9999.000,9999.000,9999.000,9999.000,9999.000,9999.000,9999.000,9999.000
202605311912,   0.538,9999.000,9999.000,9999.000,9999.000,9999.000,9999.000,9999.000,9999.000
202605311918,   0.574,9999.000,9999.000,9999.000,9999.000,9999.000,9999.000,9999.000,9999.000
202605311924,   0.613,9999.000,9999.000,9999.000,9999.000,9999.000,9999.000,9999.000,9999.000
202605311930,   0.657,9999.000,9999.000,9999.000,9999.000,9999.000,9999.000,9999.000,9999.000
202605311936,   0.706,9999.000,9999.000,9999.000,9999.000,9999.000,9999.000,9999.000,9999.000
202605311942,   0.759,9999.000,9999.000,9999.000,9999.000,9999.000,9999.000,9999.000,9999.000
202605311948,   0.816,9999.000,9999.000,9999.000,9999.000,9999.000,9999.000,9999.000,9999.000
202605311954,   0.877,9999.000,9999.000,9999.000,9999.000,9999.000,9999.000,9999.000,9999.000
202605312000,   0.942,9999.000,   0.600,  -0.190,   1.352,   0.600,   1.352,   0.700,   1.452
202605312006,   1.010,9999.000,9999.000,9999.000,9999.000,9999.000,9999.000,9999.000,9999.000
202605312012,   1.082,9999.000,9999.000,9999.000,9999.000,9999.000,9999.000,9999.000,9999.000
202605312018,   1.157,9999.000,9999.000,9999.000,9999.000,9999.000,9999.000,9999.000,9999.000
202605312024,   1.236,9999.000,9999.000,9999.000,9999.000,9999.000,9999.000,9999.000,9999.000
202605312030,   1.317,9999.000,9999.000,9999.000,9999.000,9999.000,9999.000,9999.000,9999.000
202605312036,   1.401,9999.000,9999.000,9999.000,9999.000,9999.000,9999.000,9999.000,9999.000
202605312042,   1.487,9999.000,9999.000,9999.000,9999.000,9999.000,9999.000,9999.000,9999.000
202605312048,   1.576,9999.000,9999.000,9999.000,9999.000,9999.000,9999.000,9999.000,9999.000
202605312054,   1.666,9999.000,9999.000,9999.000,9999.000,9999.000,9999.000,9999.000,9999.000
202605312100,   1.757,9999.000,   0.600,  -0.395,   1.962,   0.500,   1.862,   0.600,   1.962
202605312106,   1.850,9999.000,9999.000,9999.000,9999.000,9999.000,9999.000,9999.000,9999.000
202605312112,   1.944,9999.000,9999.000,9999.000,9999.000,9999.000,9999.000,9999.000,9999.000
202605312118,   2.039,9999.000,9999.000,9999.000,9999.000,9999.000,9999.000,9999.000,9999.000
202605312124,   2.134,9999.000,9999.000,9999.000,9999.000,9999.000,9999.000,9999.000,9999.000
202605312130,   2.229,9999.000,9999.000,9999.000,9999.000,9999.000,9999.000,9999.000,9999.000
202605312136,   2.324,9999.000,9999.000,9999.000,9999.000,9999.000,9999.000,9999.000,9999.000
202605312142,   2.419,9999.000,9999.000,9999.000,9999.000,9999.000,9999.000,9999.000,9999.000
202605312148,   2.513,9999.000,9999.000,9999.000,9999.000,9999.000,9999.000,9999.000,9999.000
202605312154,   2.607,9999.000,9999.000,9999.000,9999.000,9999.000,9999.000,9999.000,9999.000
202605312200,   2.700,9999.000,   0.500,  -0.478,   2.722,   0.500,   2.722,   0.600,   2.822
202605312206,   2.791,9999.000,9999.000,9999.000,9999.000,9999.000,9999.000,9999.000,9999.000
202605312212,   2.881,9999.000,9999.000,9999.000,9999.000,9999.000,9999.000,9999.000,9999.000
202605312218,   2.970,9999.000,9999.000,9999.000,9999.000,9999.000,9999.000,9999.000,9999.000
202605312224,   3.057,9999.000,9999.000,9999.000,9999.000,9999.000,9999.000,9999.000,9999.000
202605312230,   3.143,9999.000,9999.000,9999.000,9999.000,9999.000,9999.000,9999.000,9999.000
202605312236,   3.226,9999.000,9999.000,9999.000,9999.000,9999.000,9999.000,9999.000,9999.000
202605312242,   3.308,9999.000,9999.000,9999.000,9999.000,9999.000,9999.000,9999.000,9999.000
202605312248,   3.387,9999.000,9999.000,9999.000,9999.000,9999.000,9999.000,9999.000,9999.000
202605312254,   3.464,9999.000,9999.000,9999.000,9999.000,9999.000,9999.000,9999.000,9999.000
202605312300,   3.539,9999.000,   0.500,  -0.376,   3.663,   0.400,   3.563,   0.500,   3.663
202605312306,   3.612,9999.000,9999.000,9999.000,9999.000,9999.000,9999.000,9999.000,9999.000
202605312312,   3.682,9999.000,9999.000,9999.000,9999.000,9999.000,9999.000,9999.000,9999.000
202605312318,   3.749,9999.000,9999.000,9999.000,9999.000,9999.000,9999.000,9999.000,9999.000
202605312324,   3.813,9999.000,9999.000,9999.000,9999.000,9999.000,9999.000,9999.000,9999.000
202605312330,   3.874,9999.000,9999.000,9999.000,9999.000,9999.000,9999.000,9999.000,9999.000
202605312336,   3.932,9999.000,9999.000,9999.000,9999.000,9999.000,9999.000,9999.000,9999.000
202605312342,   3.986,9999.000,9999.000,9999.000,9999.000,9999.000,9999.000,9999.000,9999.000
202605312348,   4.038,9999.000,9999.000,9999.000,9999.000,9999.000,9999.000,9999.000,9999.000
202605312354,   4.085,9999.000,9999.000,9999.000,9999.000,9999.000,9999.000,9999.000,9999.000
202606010000,   4.129,9999.000,   0.400,  -0.099,   4.430,   0.400,   4.430,   0.500,   4.530
202606010006,   4.168,9999.000,9999.000,9999.000,9999.000,9999.000,9999.000,9999.000,9999.000
202606010012,   4.204,9999.000,9999.000,9999.000,9999.000,9999.000,9999.000,9999.000,9999.000
202606010018,   4.235,9999.000,9999.000,9999.000,9999.000,9999.000,9999.000,9999.000,9999.000
202606010024,   4.261,9999.000,9999.000,9999.000,9999.000,9999.000,9999.000,9999.000,9999.000
202606010030,   4.283,9999.000,9999.000,9999.000,9999.000,9999.000,9999.000,9999.000,9999.000
202606010036,   4.300,9999.000,9999.000,9999.000,9999.000,9999.000,9999.000,9999.000,9999.000
202606010042,   4.312,9999.000,9999.000,9999.000,9999.000,9999.000,9999.000,9999.000,9999.000
202606010048,   4.319,9999.000,9999.000,9999.000,9999.000,9999.000,9999.000,9999.000,9999.000
202606010054,   4.320,9999.000,9999.000,9999.000,9999.000,9999.000,9999.000,9999.000,9999.000
202606010100,   4.317,9999.000,   0.400,   0.255,   4.972,   0.300,   4.872,   0.400,   4.972
202606010106,   4.308,9999.000,9999.000,9999.000,9999.000,9999.000,9999.000,9999.000,9999.000
202606010112,   4.294,9999.000,9999.000,9999.000,9999.000,9999.000,9999.000,9999.000,9999.000
202606010118,   4.275,9999.000,9999.000,9999.000,9999.000,9999.000,9999.000,9999.000,9999.000
202606010124,   4.251,9999.000,9999.000,9999.000,9999.000,9999.000,9999.000,9999.000,9999.000
202606010130,   4.221,9999.000,9999.000,9999.000,9999.000,9999.000,9999.000,9999.000,9999.000
202606010136,   4.187,9999.000,9999.000,9999.000,9999.000,9999.000,9999.000,9999.000,9999.000
202606010142,   4.147,9999.000,9999.000,9999.000,9999.000,9999.000,9999.000,9999.000,9999.000
202606010148,   4.104,9999.000,9999.000,9999.000,9999.000,9999.000,9999.000,9999.000,9999.000
202606010154,   4.055,9999.000,9999.000,9999.000,9999.000,9999.000,9999.000,9999.000,9999.000
202606010200,   4.003,9999.000,   0.300,   0.579,   4.882,   0.300,   4.882,   0.400,   4.982
202606010206,   3.946,9999.000,9999.000,9999.000,9999.000,9999.000,9999.000,9999.000,9999.000
202606010212,   3.886,9999.000,9999.000,9999.000,9999.000,9999.000,9999.000,9999.000,9999.000
202606010218,   3.822,9999.000,9999.000,9999.000,9999.000,9999.000,9999.000,9999.000,9999.000
202606010224,   3.755,9999.000,9999.000,9999.000,9999.000,9999.000,9999.000,9999.000,9999.000
202606010230,   3.686,9999.000,9999.000,9999.000,9999.000,9999.000,9999.000,9999.000,9999.000
202606010236,   3.613,9999.000,9999.000,9999.000,9999.000,9999.000,9999.000,9999.000,9999.000
202606010242,   3.538,9999.000,9999.000,9999.000,9999.000,9999.000,9999.000,9999.000,9999.000
202606010248,   3.461,9999.000,9999.000,9999.000,9999.000,9999.000,9999.000,9999.000,9999.000
202606010254,   3.382,9999.000,9999.000,9999.000,9999.000,9999.000,9999.000,9999.000,9999.000
202606010300,   3.302,9999.000,   0.300,   0.807,   4.409,   0.200,   4.309,   0.400,   4.509
202606010306,   3.220,9999.000,9999.000,9999.000,9999.000,9999.000,9999.000,9999.000,9999.000
202606010312,   3.137,9999.000,9999.000,9999.000,9999.000,9999.000,9999.000,9999.000,9999.000
202606010318,   3.053,9999.000,9999.000,9999.000,9999.000,9999.000,9999.000,9999.000,9999.000
202606010324,   2.968,9999.000,9999.000,9999.000,9999.000,9999.000,9999.000,9999.000,9999.000
202606010330,   2.882,9999.000,9999.000,9999.000,9999.000,9999.000,9999.000,9999.000,9999.000
202606010336,   2.796,9999.000,9999.000,9999.000,9999.000,9999.000,9999.000,9999.000,9999.000
202606010342,   2.709,9999.000,9999.000,9999.000,9999.000,9999.000,9999.000,9999.000,9999.000
202606010348,   2.622,9999.000,9999.000,9999.000,9999.000,9999.000,9999.000,9999.000,9999.000
202606010354,   2.535,9999.000,9999.000,9999.000,9999.000,9999.000,9999.000,9999.000,9999.000
202606010400,   2.448,9999.000,   0.200,   0.894,   3.542,   0.200,   3.542,   0.300,   3.642
202606010406,   2.362,9999.000,9999.000,9999.000,9999.000,9999.000,9999.000,9999.000,9999.000
202606010412,   2.275,9999.000,9999.000,9999.000,9999.000,9999.000,9999.000,9999.000,9999.000
202606010418,   2.188,9999.000,9999.000,9999.000,9999.000,9999.000,9999.000,9999.000,9999.000
202606010424,   2.102,9999.000,9999.000,9999.000,9999.000,9999.000,9999.000,9999.000,9999.000
202606010430,   2.017,9999.000,9999.000,9999.000,9999.000,9999.000,9999.000,9999.000,9999.000
202606010436,   1.932,9999.000,9999.000,9999.000,9999.000,9999.000,9999.000,9999.000,9999.000
202606010442,   1.847,9999.000,9999.000,9999.000,9999.000,9999.000,9999.000,9999.000,9999.000
202606010448,   1.764,9999.000,9999.000,9999.000,9999.000,9999.000,9999.000,9999.000,9999.000
202606010454,   1.682,9999.000,9999.000,9999.000,9999.000,9999.000,9999.000,9999.000,9999.000
202606010500,   1.600,9999.000,   0.200,   0.816,   2.616,   0.100,   2.516,   0.300,   2.716
202606010506,   1.520,9999.000,9999.000,9999.000,9999.000,9999.000,9999.000,9999.000,9999.000
202606010512,   1.442,9999.000,9999.000,9999.000,9999.000,9999.000,9999.000,9999.000,9999.000
202606010518,   1.365,9999.000,9999.000,9999.000,9999.000,9999.000,9999.000,9999.000,9999.000
202606010524,   1.289,9999.000,9999.000,9999.000,9999.000,9999.000,9999.000,9999.000,9999.000
202606010530,   1.216,9999.000,9999.000,9999.000,9999.000,9999.000,9999.000,9999.000,9999.000
202606010536,   1.145,9999.000,9999.000,9999.000,9999.000,9999.000,9999.000,9999.000,9999.000
202606010542,   1.076,9999.000,9999.000,9999.000,9999.000,9999.000,9999.000,9999.000,9999.000
202606010548,   1.010,9999.000,9999.000,9999.000,9999.000,9999.000,9999.000,9999.000,9999.000
202606010554,   0.946,9999.000,9999.000,9999.000,9999.000,9999.000,9999.000,9999.000,9999.000
202606010600,   0.886,9999.000,   0.200,   0.622,   1.708,   0.100,   1.608,   0.300,   1.808
202606010606,   0.828,9999.000,9999.000,9999.000,9999.000,9999.000,9999.000,9999.000,9999.000
202606010612,   0.774,9999.000,9999.000,9999.000,9999.000,9999.000,9999.000,9999.000,9999.000
202606010618,   0.723,9999.000,9999.000,9999.000,9999.000,9999.000,9999.000,9999.000,9999.000
202606010624,   0.675,9999.000,9999.000,9999.000,9999.000,9999.000,9999.000,9999.000,9999.000
202606010630,   0.632,9999.000,9999.000,9999.000,9999.000,9999.000,9999.000,9999.000,9999.000
202606010636,   0.592,9999.000,9999.000,9999.000,9999.000,9999.000,9999.000,9999.000,9999.000
202606010642,   0.556,9999.000,9999.000,9999.000,9999.000,9999.000,9999.000,9999.000,9999.000
202606010648,   0.525,9999.000,9999.000,9999.000,9999.000,9999.000,9999.000,9999.000,9999.000
202606010654,   0.497,9999.000,9999.000,9999.000,9999.000,9999.000,9999.000,9999.000,9999.000
202606010700,   0.474,9999.000,   0.200,   0.400,   1.074,   0.100,   0.974,   0.300,   1.174
202606010706,   0.456,9999.000,9999.000,9999.000,9999.000,9999.000,9999.000,9999.000,9999.000
202606010712,   0.442,9999.000,9999.000,9999.000,9999.000,9999.000,9999.000,9999.000,9999.000
202606010718,   0.432,9999.000,9999.000,9999.000,9999.000,9999.000,9999.000,9999.000,9999.000
202606010724,   0.427,9999.000,9999.000,9999.000,9999.000,9999.000,9999.000,9999.000,9999.000
202606010730,   0.426,9999.000,9999.000,9999.000,9999.000,9999.000,9999.000,9999.000,9999.000
202606010736,   0.430,9999.000,9999.000,9999.000,9999.000,9999.000,9999.000,9999.000,9999.000
202606010742,   0.438,9999.000,9999.000,9999.000,9999.000,9999.000,9999.000,9999.000,9999.000
202606010748,   0.451,9999.000,9999.000,9999.000,9999.000,9999.000,9999.000,9999.000,9999.000
202606010754,   0.469,9999.000,9999.000,9999.000,9999.000,9999.000,9999.000,9999.000,9999.000
202606010800,   0.491,9999.000,   0.200,   0.189,   0.880,   0.100,   0.780,   0.300,   0.980
202606010806,   0.517,9999.000,9999.000,9999.000,9999.000,9999.000,9999.000,9999.000,9999.000
202606010812,   0.547,9999.000,9999.000,9999.000,9999.000,9999.000,9999.000,9999.000,9999.000
202606010818,   0.581,9999.000,9999.000,9999.000,9999.000,9999.000,9999.000,9999.000,9999.000
202606010824,   0.619,9999.000,9999.000,9999.000,9999.000,9999.000,9999.000,9999.000,9999.000
202606010830,   0.661,9999.000,9999.000,9999.000,9999.000,9999.000,9999.000,9999.000,9999.000
202606010836,   0.706,9999.000,9999.000,9999.000,9999.000,9999.000,9999.000,9999.000,9999.000
202606010842,   0.755,9999.000,9999.000,9999.000,9999.000,9999.000,9999.000,9999.000,9999.000
202606010848,   0.807,9999.000,9999.000,9999.000,9999.000,9999.000,9999.000,9999.000,9999.000
202606010854,   0.862,9999.000,9999.000,9999.000,9999.000,9999.000,9999.000,9999.000,9999.000
202606010900,   0.920,9999.000,   0.300,  -0.021,   1.199,   0.200,   1.099,   0.300,   1.199
202606010906,   0.980,9999.000,9999.000,9999.000,9999.000,9999.000,9999.000,9999.000,9999.000
202606010912,   1.042,9999.000,9999.000,9999.000,9999.000,9999.000,9999.000,9999.000,9999.000
202606010918,   1.107,9999.000,9999.000,9999.000,9999.000,9999.000,9999.000,9999.000,9999.000
202606010924,   1.173,9999.000,9999.000,9999.000,9999.000,9999.000,9999.000,9999.000,9999.000
202606010930,   1.241,9999.000,9999.000,9999.000,9999.000,9999.000,9999.000,9999.000,9999.000
202606010936,   1.310,9999.000,9999.000,9999.000,9999.000,9999.000,9999.000,9999.000,9999.000
202606010942,   1.379,9999.000,9999.000,9999.000,9999.000,9999.000,9999.000,9999.000,9999.000
202606010948,   1.450,9999.000,9999.000,9999.000,9999.000,9999.000,9999.000,9999.000,9999.000
202606010954,   1.521,9999.000,9999.000,9999.000,9999.000,9999.000,9999.000,9999.000,9999.000
202606011000,   1.592,9999.000,   0.300,  -0.185,   1.707,   0.200,   1.607,   0.400,   1.807
202606011006,   1.664,9999.000,9999.000,9999.000,9999.000,9999.000,9999.000,9999.000,9999.000
202606011012,   1.735,9999.000,9999.000,9999.000,9999.000,9999.000,9999.000,9999.000,9999.000
202606011018,   1.806,9999.000,9999.000,9999.000,9999.000,9999.000,9999.000,9999.000,9999.000
202606011024,   1.876,9999.000,9999.000,9999.000,9999.000,9999.000,9999.000,9999.000,9999.000
202606011030,   1.945,9999.000,9999.000,9999.000,9999.000,9999.000,9999.000,9999.000,9999.000
202606011036,   2.014,9999.000,9999.000,9999.000,9999.000,9999.000,9999.000,9999.000,9999.000
202606011042,   2.081,9999.000,9999.000,9999.000,9999.000,9999.000,9999.000,9999.000,9999.000
202606011048,   2.148,9999.000,9999.000,9999.000,9999.000,9999.000,9999.000,9999.000,9999.000
202606011054,   2.213,9999.000,9999.000,9999.000,9999.000,9999.000,9999.000,9999.000,9999.000
202606011100,   2.276,9999.000,   0.400,  -0.203,   2.473,   0.300,   2.373,   0.500,   2.573
202606011106,   2.338,9999.000,9999.000,9999.000,9999.000,9999.000,9999.000,9999.000,9999.000
202606011112,   2.399,9999.000,9999.000,9999.000,9999.000,9999.000,9999.000,9999.000,9999.000
202606011118,   2.457,9999.000,9999.000,9999.000,9999.000,9999.000,9999.000,9999.000,9999.000
202606011124,   2.514,9999.000,9999.000,9999.000,9999.000,9999.000,9999.000,9999.000,9999.000
202606011130,   2.569,9999.000,9999.000,9999.000,9999.000,9999.000,9999.000,9999.000,9999.000
202606011136,   2.622,9999.000,9999.000,9999.000,9999.000,9999.000,9999.000,9999.000,9999.000
202606011142,   2.672,9999.000,9999.000,9999.000,9999.000,9999.000,9999.000,9999.000,9999.000
202606011148,   2.720,9999.000,9999.000,9999.000,9999.000,9999.000,9999.000,9999.000,9999.000
202606011154,   2.766,9999.000,9999.000,9999.000,9999.000,9999.000,9999.000,9999.000,9999.000
202606011200,   2.809,9999.000,   0.400,  -0.046,   3.163,   0.300,   3.063,   0.500,   3.263
202606011206,   2.850,9999.000,9999.000,9999.000,9999.000,9999.000,9999.000,9999.000,9999.000
202606011212,   2.888,9999.000,9999.000,9999.000,9999.000,9999.000,9999.000,9999.000,9999.000
202606011218,   2.922,9999.000,9999.000,9999.000,9999.000,9999.000,9999.000,9999.000,9999.000
202606011224,   2.954,9999.000,9999.000,9999.000,9999.000,9999.000,9999.000,9999.000,9999.000
202606011230,   2.982,9999.000,9999.000,9999.000,9999.000,9999.000,9999.000,9999.000,9999.000
202606011236,   3.007,9999.000,9999.000,9999.000,9999.000,9999.000,9999.000,9999.000,9999.000
202606011242,   3.028,9999.000,9999.000,9999.000,9999.000,9999.000,9999.000,9999.000,9999.000
202606011248,   3.045,9999.000,9999.000,9999.000,9999.000,9999.000,9999.000,9999.000,9999.000
202606011254,   3.058,9999.000,9999.000,9999.000,9999.000,9999.000,9999.000,9999.000,9999.000
202606011300,   3.068,9999.000,   0.400,   0.197,   3.665,   0.400,   3.665,   0.500,   3.765
202606011306,   3.073,9999.000,9999.000,9999.000,9999.000,9999.000,9999.000,9999.000,9999.000
202606011312,   3.074,9999.000,9999.000,9999.000,9999.000,9999.000,9999.000,9999.000,9999.000
202606011318,   3.071,9999.000,9999.000,9999.000,9999.000,9999.000,9999.000,9999.000,9999.000
202606011324,   3.063,9999.000,9999.000,9999.000,9999.000,9999.000,9999.000,9999.000,9999.000
202606011330,   3.051,9999.000,9999.000,9999.000,9999.000,9999.000,9999.000,9999.000,9999.000
202606011336,   3.035,9999.000,9999.000,9999.000,9999.000,9999.000,9999.000,9999.000,9999.000
202606011342,   3.015,9999.000,9999.000,9999.000,9999.000,9999.000,9999.000,9999.000,9999.000
202606011348,   2.990,9999.000,9999.000,9999.000,9999.000,9999.000,9999.000,9999.000,9999.000
202606011354,   2.961,9999.000,9999.000,9999.000,9999.000,9999.000,9999.000,9999.000,9999.000
202606011400,   2.928,9999.000,   0.500,   0.428,   3.856,   0.400,   3.756,   0.600,   3.956
202606011406,   2.891,9999.000,9999.000,9999.000,9999.000,9999.000,9999.000,9999.000,9999.000
202606011412,   2.850,9999.000,9999.000,9999.000,9999.000,9999.000,9999.000,9999.000,9999.000
202606011418,   2.806,9999.000,9999.000,9999.000,9999.000,9999.000,9999.000,9999.000,9999.000
202606011424,   2.759,9999.000,9999.000,9999.000,9999.000,9999.000,9999.000,9999.000,9999.000
202606011430,   2.709,9999.000,9999.000,9999.000,9999.000,9999.000,9999.000,9999.000,9999.000
202606011436,   2.655,9999.000,9999.000,9999.000,9999.000,9999.000,9999.000,9999.000,9999.000
202606011442,   2.600,9999.000,9999.000,9999.000,9999.000,9999.000,9999.000,9999.000,9999.000
202606011448,   2.541,9999.000,9999.000,9999.000,9999.000,9999.000,9999.000,9999.000,9999.000
202606011454,   2.481,9999.000,9999.000,9999.000,9999.000,9999.000,9999.000,9999.000,9999.000
202606011500,   2.419,9999.000,   0.500,   0.615,   3.534,   0.500,   3.534,   0.600,   3.634
202606011506,   2.356,9999.000,9999.000,9999.000,9999.000,9999.000,9999.000,9999.000,9999.000
202606011512,   2.291,9999.000,9999.000,9999.000,9999.000,9999.000,9999.000,9999.000,9999.000
202606011518,   2.226,9999.000,9999.000,9999.000,9999.000,9999.000,9999.000,9999.000,9999.000
202606011524,   2.159,9999.000,9999.000,9999.000,9999.000,9999.000,9999.000,9999.000,9999.000
202606011530,   2.092,9999.000,9999.000,9999.000,9999.000,9999.000,9999.000,9999.000,9999.000
202606011536,   2.025,9999.000,9999.000,9999.000,9999.000,9999.000,9999.000,9999.000,9999.000
202606011542,   1.957,9999.000,9999.000,9999.000,9999.000,9999.000,9999.000,9999.000,9999.000
202606011548,   1.890,9999.000,9999.000,9999.000,9999.000,9999.000,9999.000,9999.000,9999.000
202606011554,   1.822,9999.000,9999.000,9999.000,9999.000,9999.000,9999.000,9999.000,9999.000
202606011600,   1.755,9999.000,   0.600,   0.733,   3.088,   0.500,   2.988,   0.600,   3.088
202606011606,   1.689,9999.000,9999.000,9999.000,9999.000,9999.000,9999.000,9999.000,9999.000
202606011612,   1.622,9999.000,9999.000,9999.000,9999.000,9999.000,9999.000,9999.000,9999.000
202606011618,   1.557,9999.000,9999.000,9999.000,9999.000,9999.000,9999.000,9999.000,9999.000
202606011624,   1.492,9999.000,9999.000,9999.000,9999.000,9999.000,9999.000,9999.000,9999.000
202606011630,   1.428,9999.000,9999.000,9999.000,9999.000,9999.000,9999.000,9999.000,9999.000
202606011636,   1.365,9999.000,9999.000,9999.000,9999.000,9999.000,9999.000,9999.000,9999.000
202606011642,   1.303,9999.000,9999.000,9999.000,9999.000,9999.000,9999.000,9999.000,9999.000
202606011648,   1.243,9999.000,9999.000,9999.000,9999.000,9999.000,9999.000,9999.000,9999.000
202606011654,   1.183,9999.000,9999.000,9999.000,9999.000,9999.000,9999.000,9999.000,9999.000
202606011700,   1.125,9999.000,   0.600,   0.716,   2.441,   0.500,   2.341,   0.700,   2.541
202606011706,   1.068,9999.000,9999.000,9999.000,9999.000,9999.000,9999.000,9999.000,9999.000
202606011712,   1.013,9999.000,9999.000,9999.000,9999.000,9999.000,9999.000,9999.000,9999.000
202606011718,   0.959,9999.000,9999.000,9999.000,9999.000,9999.000,9999.000,9999.000,9999.000
202606011724,   0.907,9999.000,9999.000,9999.000,9999.000,9999.000,9999.000,9999.000,9999.000
202606011730,   0.857,9999.000,9999.000,9999.000,9999.000,9999.000,9999.000,9999.000,9999.000
202606011736,   0.809,9999.000,9999.000,9999.000,9999.000,9999.000,9999.000,9999.000,9999.000
202606011742,   0.764,9999.000,9999.000,9999.000,9999.000,9999.000,9999.000,9999.000,9999.000
202606011748,   0.721,9999.000,9999.000,9999.000,9999.000,9999.000,9999.000,9999.000,9999.000
202606011754,   0.680,9999.000,9999.000,9999.000,9999.000,9999.000,9999.000,9999.000,9999.000
202606011800,   0.642,9999.000,   0.600,   0.536,   1.778,   0.600,   1.778,   0.700,   1.878
202606011806,   0.606,9999.000,9999.000,9999.000,9999.000,9999.000,9999.000,9999.000,9999.000
202606011812,   0.574,9999.000,9999.000,9999.000,9999.000,9999.000,9999.000,9999.000,9999.000
202606011818,   0.545,9999.000,9999.000,9999.000,9999.000,9999.000,9999.000,9999.000,9999.000
202606011824,   0.519,9999.000,9999.000,9999.000,9999.000,9999.000,9999.000,9999.000,9999.000
202606011830,   0.497,9999.000,9999.000,9999.000,9999.000,9999.000,9999.000,9999.000,9999.000
202606011836,   0.478,9999.000,9999.000,9999.000,9999.000,9999.000,9999.000,9999.000,9999.000
202606011842,   0.463,9999.000,9999.000,9999.000,9999.000,9999.000,9999.000,9999.000,9999.000
202606011848,   0.451,9999.000,9999.000,9999.000,9999.000,9999.000,9999.000,9999.000,9999.000
202606011854,   0.444,9999.000,9999.000,9999.000,9999.000,9999.000,9999.000,9999.000,9999.000
202606011900,   0.441,9999.000,   0.700,   0.260,   1.401,   0.600,   1.301,   0.800,   1.501
202606011906,   0.441,9999.000,9999.000,9999.000,9999.000,9999.000,9999.000,9999.000,9999.000
202606011912,   0.447,9999.000,9999.000,9999.000,9999.000,9999.000,9999.000,9999.000,9999.000
202606011918,   0.456,9999.000,9999.000,9999.000,9999.000,9999.000,9999.000,9999.000,9999.000
202606011924,   0.470,9999.000,9999.000,9999.000,9999.000,9999.000,9999.000,9999.000,9999.000
202606011930,   0.488,9999.000,9999.000,9999.000,9999.000,9999.000,9999.000,9999.000,9999.000
202606011936,   0.510,9999.000,9999.000,9999.000,9999.000,9999.000,9999.000,9999.000,9999.000
202606011942,   0.537,9999.000,9999.000,9999.000,9999.000,9999.000,9999.000,9999.000,9999.000
202606011948,   0.568,9999.000,9999.000,9999.000,9999.000,9999.000,9999.000,9999.000,9999.000
202606011954,   0.604,9999.000,9999.000,9999.000,9999.000,9999.000,9999.000,9999.000,9999.000
202606012000,   0.643,9999.000,   0.700,  -0.025,   1.318,   0.600,   1.218,   0.800,   1.418
202606012006,   0.688,9999.000,9999.000,9999.000,9999.000,9999.000,9999.000,9999.000,9999.000
202606012012,   0.736,9999.000,9999.000,9999.000,9999.000,9999.000,9999.000,9999.000,9999.000
202606012018,   0.788,9999.000,9999.000,9999.000,9999.000,9999.000,9999.000,9999.000,9999.000
202606012024,   0.845,9999.000,9999.000,9999.000,9999.000,9999.000,9999.000,9999.000,9999.000
202606012030,   0.905,9999.000,9999.000,9999.000,9999.000,9999.000,9999.000,9999.000,9999.000
202606012036,   0.969,9999.000,9999.000,9999.000,9999.000,9999.000,9999.000,9999.000,9999.000
202606012042,   1.037,9999.000,9999.000,9999.000,9999.000,9999.000,9999.000,9999.000,9999.000
202606012048,   1.108,9999.000,9999.000,9999.000,9999.000,9999.000,9999.000,9999.000,9999.000
202606012054,   1.183,9999.000,9999.000,9999.000,9999.000,9999.000,9999.000,9999.000,9999.000
202606012100,   1.260,9999.000,   0.700,  -0.276,   1.684,   0.600,   1.584,   0.800,   1.784
202606012106,   1.341,9999.000,9999.000,9999.000,9999.000,9999.000,9999.000,9999.000,9999.000
202606012112,   1.424,9999.000,9999.000,9999.000,9999.000,9999.000,9999.000,9999.000,9999.000
202606012118,   1.509,9999.000,9999.000,9999.000,9999.000,9999.000,9999.000,9999.000,9999.000
202606012124,   1.597,9999.000,9999.000,9999.000,9999.000,9999.000,9999.000,9999.000,9999.000
202606012130,   1.687,9999.000,9999.000,9999.000,9999.000,9999.000,9999.000,9999.000,9999.000
202606012136,   1.778,9999.000,9999.000,9999.000,9999.000,9999.000,9999.000,9999.000,9999.000
202606012142,   1.871,9999.000,9999.000,9999.000,9999.000,9999.000,9999.000,9999.000,9999.000
202606012148,   1.964,9999.000,9999.000,9999.000,9999.000,9999.000,9999.000,9999.000,9999.000
202606012154,   2.059,9999.000,9999.000,9999.000,9999.000,9999.000,9999.000,9999.000,9999.000
202606012200,   2.154,9999.000,   0.800,  -0.445,   2.509,   0.600,   2.309,   0.900,   2.609
202606012206,   2.250,9999.000,9999.000,9999.000,9999.000,9999.000,9999.000,9999.000,9999.000
202606012212,   2.345,9999.000,9999.000,9999.000,9999.000,9999.000,9999.000,9999.000,9999.000
202606012218,   2.440,9999.000,9999.000,9999.000,9999.000,9999.000,9999.000,9999.000,9999.000
202606012224,   2.535,9999.000,9999.000,9999.000,9999.000,9999.000,9999.000,9999.000,9999.000
202606012230,   2.629,9999.000,9999.000,9999.000,9999.000,9999.000,9999.000,9999.000,9999.000
202606012236,   2.722,9999.000,9999.000,9999.000,9999.000,9999.000,9999.000,9999.000,9999.000
202606012242,   2.814,9999.000,9999.000,9999.000,9999.000,9999.000,9999.000,9999.000,9999.000
202606012248,   2.904,9999.000,9999.000,9999.000,9999.000,9999.000,9999.000,9999.000,9999.000
202606012254,   2.993,9999.000,9999.000,9999.000,9999.000,9999.000,9999.000,9999.000,9999.000
202606012300,   3.080,9999.000,   0.800,  -0.458,   3.422,   0.700,   3.322,   0.900,   3.522
202606012306,   3.166,9999.000,9999.000,9999.000,9999.000,9999.000,9999.000,9999.000,9999.000
202606012312,   3.249,9999.000,9999.000,9999.000,9999.000,9999.000,9999.000,9999.000,9999.000
202606012318,   3.330,9999.000,9999.000,9999.000,9999.000,9999.000,9999.000,9999.000,9999.000
202606012324,   3.408,9999.000,9999.000,9999.000,9999.000,9999.000,9999.000,9999.000,9999.000
202606012330,   3.484,9999.000,9999.000,9999.000,9999.000,9999.000,9999.000,9999.000,9999.000
202606012336,   3.558,9999.000,9999.000,9999.000,9999.000,9999.000,9999.000,9999.000,9999.000
202606012342,   3.629,9999.000,9999.000,9999.000,9999.000,9999.000,9999.000,9999.000,9999.000
202606012348,   3.697,9999.000,9999.000,9999.000,9999.000,9999.000,9999.000,9999.000,9999.000
202606012354,   3.762,9999.000,9999.000,9999.000,9999.000,9999.000,9999.000,9999.000,9999.000
202606020000,   3.824,9999.000,   0.800,  -0.286,   4.338,   0.700,   4.238,   1.000,   4.538
202606020006,   3.883,9999.000,9999.000,9999.000,9999.000,9999.000,9999.000,9999.000,9999.000
202606020012,   3.939,9999.000,9999.000,9999.000,9999.000,9999.000,9999.000,9999.000,9999.000
202606020018,   3.992,9999.000,9999.000,9999.000,9999.000,9999.000,9999.000,9999.000,9999.000
202606020024,   4.041,9999.000,9999.000,9999.000,9999.000,9999.000,9999.000,9999.000,9999.000
202606020030,   4.086,9999.000,9999.000,9999.000,9999.000,9999.000,9999.000,9999.000,9999.000
202606020036,   4.128,9999.000,9999.000,9999.000,9999.000,9999.000,9999.000,9999.000,9999.000
202606020042,   4.166,9999.000,9999.000,9999.000,9999.000,9999.000,9999.000,9999.000,9999.000
202606020048,   4.199,9999.000,9999.000,9999.000,9999.000,9999.000,9999.000,9999.000,9999.000
202606020054,   4.229,9999.000,9999.000,9999.000,9999.000,9999.000,9999.000,9999.000,9999.000
202606020100,   4.255,9999.000,   0.900,   0.013,   5.168,   0.700,   4.968,   1.000,   5.268
202606020106,   4.275,9999.000,9999.000,9999.000,9999.000,9999.000,9999.000,9999.000,9999.000
202606020112,   4.292,9999.000,9999.000,9999.000,9999.000,9999.000,9999.000,9999.000,9999.000
202606020118,   4.304,9999.000,9999.000,9999.000,9999.000,9999.000,9999.000,9999.000,9999.000
202606020124,   4.310,9999.000,9999.000,9999.000,9999.000,9999.000,9999.000,9999.000,9999.000
202606020130,   4.312,9999.000,9999.000,9999.000,9999.000,9999.000,9999.000,9999.000,9999.000
202606020136,   4.310,9999.000,9999.000,9999.000,9999.000,9999.000,9999.000,9999.000,9999.000
202606020142,   4.302,9999.000,9999.000,9999.000,9999.000,9999.000,9999.000,9999.000,9999.000
202606020148,   4.289,9999.000,9999.000,9999.000,9999.000,9999.000,9999.000,9999.000,9999.000
202606020154,   4.270,9999.000,9999.000,9999.000,9999.000,9999.000,9999.000,9999.000,9999.000
202606020200,   4.247,9999.000,   0.900,   0.345,   5.492,   0.800,   5.392,   1.000,   5.592
202606020206,   4.219,9999.000,9999.000,9999.000,9999.000,9999.000,9999.000,9999.000,9999.000
202606020212,   4.186,9999.000,9999.000,9999.000,9999.000,9999.000,9999.000,9999.000,9999.000
202606020218,   4.148,9999.000,9999.000,9999.000,9999.000,9999.000,9999.000,9999.000,9999.000
202606020224,   4.106,9999.000,9999.000,9999.000,9999.000,9999.000,9999.000,9999.000,9999.000
202606020230,   4.058,9999.000,9999.000,9999.000,9999.000,9999.000,9999.000,9999.000,9999.000
202606020236,   4.007,9999.000,9999.000,9999.000,9999.000,9999.000,9999.000,9999.000,9999.000
202606020242,   3.951,9999.000,9999.000,9999.000,9999.000,9999.000,9999.000,9999.000,9999.000
202606020248,   3.892,9999.000,9999.000,9999.000,9999.000,9999.000,9999.000,9999.000,9999.000
202606020254,   3.828,9999.000,9999.000,9999.000,9999.000,9999.000,9999.000,9999.000,9999.000
202606020300,   3.761,9999.000,   0.900,   0.638,   5.299,   0.700,   5.099,   1.000,   5.399
202606020306,   3.691,9999.000,9999.000,9999.000,9999.000,9999.000,9999.000,9999.000,9999.000
202606020312,   3.618,9999.000,9999.000,9999.000,9999.000,9999.000,9999.000,9999.000,9999.000
202606020318,   3.542,9999.000,9999.000,9999.000,9999.000,9999.000,9999.000,9999.000,9999.000
202606020324,   3.464,9999.000,9999.000,9999.000,9999.000,9999.000,9999.000,9999.000,9999.000
202606020330,   3.384,9999.000,9999.000,9999.000,9999.000,9999.000,9999.000,9999.000,9999.000
202606020336,   3.302,9999.000,9999.000,9999.000,9999.000,9999.000,9999.000,9999.000,9999.000
202606020342,   3.219,9999.000,9999.000,9999.000,9999.000,9999.000,9999.000,9999.000,9999.000
202606020348,   3.133,9999.000,9999.000,9999.000,9999.000,9999.000,9999.000,9999.000,9999.000
202606020354,   3.047,9999.000,9999.000,9999.000,9999.000,9999.000,9999.000,9999.000,9999.000
202606020400,   2.960,9999.000,   0.800,   0.822,   4.582,   0.700,   4.482,   1.000,   4.782
202606020406,   2.873,9999.000,9999.000,9999.000,9999.000,9999.000,9999.000,9999.000,9999.000
202606020412,   2.784,9999.000,9999.000,9999.000,9999.000,9999.000,9999.000,9999.000,9999.000
202606020418,   2.696,9999.000,9999.000,9999.000,9999.000,9999.000,9999.000,9999.000,9999.000
202606020424,   2.607,9999.000,9999.000,9999.000,9999.000,9999.000,9999.000,9999.000,9999.000
202606020430,   2.518,9999.000,9999.000,9999.000,9999.000,9999.000,9999.000,9999.000,9999.000
202606020436,   2.430,9999.000,9999.000,9999.000,9999.000,9999.000,9999.000,9999.000,9999.000
202606020442,   2.341,9999.000,9999.000,9999.000,9999.000,9999.000,9999.000,9999.000,9999.000
202606020448,   2.254,9999.000,9999.000,9999.000,9999.000,9999.000,9999.000,9999.000,9999.000
202606020454,   2.166,9999.000,9999.000,9999.000,9999.000,9999.000,9999.000,9999.000,9999.000
202606020500,   2.079,9999.000,   0.800,   0.849,   3.728,   0.700,   3.628,   1.000,   3.928
202606020506,   1.993,9999.000,9999.000,9999.000,9999.000,9999.000,9999.000,9999.000,9999.000
202606020512,   1.908,9999.000,9999.000,9999.000,9999.000,9999.000,9999.000,9999.000,9999.000
202606020518,   1.824,9999.000,9999.000,9999.000,9999.000,9999.000,9999.000,9999.000,9999.000
202606020524,   1.741,9999.000,9999.000,9999.000,9999.000,9999.000,9999.000,9999.000,9999.000
202606020530,   1.659,9999.000,9999.000,9999.000,9999.000,9999.000,9999.000,9999.000,9999.000
202606020536,   1.579,9999.000,9999.000,9999.000,9999.000,9999.000,9999.000,9999.000,9999.000
202606020542,   1.500,9999.000,9999.000,9999.000,9999.000,9999.000,9999.000,9999.000,9999.000
202606020548,   1.422,9999.000,9999.000,9999.000,9999.000,9999.000,9999.000,9999.000,9999.000
202606020554,   1.347,9999.000,9999.000,9999.000,9999.000,9999.000,9999.000,9999.000,9999.000
202606020600,   1.273,9999.000,   0.800,   0.746,   2.819,   0.700,   2.719,   1.000,   3.019
202606020606,   1.202,9999.000,9999.000,9999.000,9999.000,9999.000,9999.000,9999.000,9999.000
202606020612,   1.132,9999.000,9999.000,9999.000,9999.000,9999.000,9999.000,9999.000,9999.000
202606020618,   1.065,9999.000,9999.000,9999.000,9999.000,9999.000,9999.000,9999.000,9999.000
202606020624,   1.001,9999.000,9999.000,9999.000,9999.000,9999.000,9999.000,9999.000,9999.000
202606020630,   0.940,9999.000,9999.000,9999.000,9999.000,9999.000,9999.000,9999.000,9999.000
202606020636,   0.881,9999.000,9999.000,9999.000,9999.000,9999.000,9999.000,9999.000,9999.000
202606020642,   0.825,9999.000,9999.000,9999.000,9999.000,9999.000,9999.000,9999.000,9999.000
202606020648,   0.773,9999.000,9999.000,9999.000,9999.000,9999.000,9999.000,9999.000,9999.000
202606020654,   0.724,9999.000,9999.000,9999.000,9999.000,9999.000,9999.000,9999.000,9999.000
202606020700,   0.678,9999.000,   0.800,   0.592,   2.070,   0.600,   1.870,   1.000,   2.270
202606020706,   0.636,9999.000,9999.000,9999.000,9999.000,9999.000,9999.000,9999.000,9999.000
202606020712,   0.598,9999.000,9999.000,9999.000,9999.000,9999.000,9999.000,9999.000,9999.000
202606020718,   0.564,9999.000,9999.000,9999.000,9999.000,9999.000,9999.000,9999.000,9999.000
202606020724,   0.534,9999.000,9999.000,9999.000,9999.000,9999.000,9999.000,9999.000,9999.000
202606020730,   0.507,9999.000,9999.000,9999.000,9999.000,9999.000,9999.000,9999.000,9999.000
202606020736,   0.485,9999.000,9999.000,9999.000,9999.000,9999.000,9999.000,9999.000,9999.000
202606020742,   0.467,9999.000,9999.000,9999.000,9999.000,9999.000,9999.000,9999.000,9999.000
202606020748,   0.454,9999.000,9999.000,9999.000,9999.000,9999.000,9999.000,9999.000,9999.000
202606020754,   0.444,9999.000,9999.000,9999.000,9999.000,9999.000,9999.000,9999.000,9999.000
202606020800,   0.439,9999.000,   0.800,   0.413,   1.652,   0.600,   1.452,   1.000,   1.852
202606020806,   0.439,9999.000,9999.000,9999.000,9999.000,9999.000,9999.000,9999.000,9999.000
202606020812,   0.442,9999.000,9999.000,9999.000,9999.000,9999.000,9999.000,9999.000,9999.000
202606020818,   0.450,9999.000,9999.000,9999.000,9999.000,9999.000,9999.000,9999.000,9999.000
202606020824,   0.463,9999.000,9999.000,9999.000,9999.000,9999.000,9999.000,9999.000,9999.000
202606020830,   0.479,9999.000,9999.000,9999.000,9999.000,9999.000,9999.000,9999.000,9999.000
202606020836,   0.500,9999.000,9999.000,9999.000,9999.000,9999.000,9999.000,9999.000,9999.000
202606020842,   0.525,9999.000,9999.000,9999.000,9999.000,9999.000,9999.000,9999.000,9999.000
202606020848,   0.554,9999.000,9999.000,9999.000,9999.000,9999.000,9999.000,9999.000,9999.000
202606020854,   0.587,9999.000,9999.000,9999.000,9999.000,9999.000,9999.000,9999.000,9999.000
202606020900,   0.624,9999.000,   0.800,   0.182,   1.606,   0.600,   1.406,   1.000,   1.806
202606020906,   0.664,9999.000,9999.000,9999.000,9999.000,9999.000,9999.000,9999.000,9999.000
202606020912,   0.708,9999.000,9999.000,9999.000,9999.000,9999.000,9999.000,9999.000,9999.000
202606020918,   0.756,9999.000,9999.000,9999.000,9999.000,9999.000,9999.000,9999.000,9999.000
202606020924,   0.807,9999.000,9999.000,9999.000,9999.000,9999.000,9999.000,9999.000,9999.000
202606020930,   0.860,9999.000,9999.000,9999.000,9999.000,9999.000,9999.000,9999.000,9999.000
202606020936,   0.917,9999.000,9999.000,9999.000,9999.000,9999.000,9999.000,9999.000,9999.000
202606020942,   0.976,9999.000,9999.000,9999.000,9999.000,9999.000,9999.000,9999.000,9999.000
202606020948,   1.038,9999.000,9999.000,9999.000,9999.000,9999.000,9999.000,9999.000,9999.000
202606020954,   1.102,9999.000,9999.000,9999.000,9999.000,9999.000,9999.000,9999.000,9999.000
202606021000,   1.167,9999.000,   0.700,  -0.056,   1.811,   0.500,   1.611,   0.900,   2.011
202606021006,   1.235,9999.000,9999.000,9999.000,9999.000,9999.000,9999.000,9999.000,9999.000
202606021012,   1.304,9999.000,9999.000,9999.000,9999.000,9999.000,9999.000,9999.000,9999.000
202606021018,   1.374,9999.000,9999.000,9999.000,9999.000,9999.000,9999.000,9999.000,9999.000
202606021024,   1.445,9999.000,9999.000,9999.000,9999.000,9999.000,9999.000,9999.000,9999.000
202606021030,   1.516,9999.000,9999.000,9999.000,9999.000,9999.000,9999.000,9999.000,9999.000
202606021036,   1.588,9999.000,9999.000,9999.000,9999.000,9999.000,9999.000,9999.000,9999.000
202606021042,   1.660,9999.000,9999.000,9999.000,9999.000,9999.000,9999.000,9999.000,9999.000
202606021048,   1.732,9999.000,9999.000,9999.000,9999.000,9999.000,9999.000,9999.000,9999.000
202606021054,   1.803,9999.000,9999.000,9999.000,9999.000,9999.000,9999.000,9999.000,9999.000
202606021100,   1.874,9999.000,   0.700,  -0.173,   2.401,   0.500,   2.201,   0.900,   2.601
202606021106,   1.945,9999.000,9999.000,9999.000,9999.000,9999.000,9999.000,9999.000,9999.000
202606021112,   2.014,9999.000,9999.000,9999.000,9999.000,9999.000,9999.000,9999.000,9999.000
202606021118,   2.082,9999.000,9999.000,9999.000,9999.000,9999.000,9999.000,9999.000,9999.000
202606021124,   2.148,9999.000,9999.000,9999.000,9999.000,9999.000,9999.000,9999.000,9999.000
202606021130,   2.214,9999.000,9999.000,9999.000,9999.000,9999.000,9999.000,9999.000,9999.000
202606021136,   2.277,9999.000,9999.000,9999.000,9999.000,9999.000,9999.000,9999.000,9999.000
202606021142,   2.339,9999.000,9999.000,9999.000,9999.000,9999.000,9999.000,9999.000,9999.000
202606021148,   2.399,9999.000,9999.000,9999.000,9999.000,9999.000,9999.000,9999.000,9999.000
202606021154,   2.457,9999.000,9999.000,9999.000,9999.000,9999.000,9999.000,9999.000,9999.000
202606021200,   2.513,9999.000,   0.700,  -0.113,   3.100,   0.500,   2.900,   0.900,   3.300
202606021206,   2.567,9999.000,9999.000,9999.000,9999.000,9999.000,9999.000,9999.000,9999.000
202606021212,   2.619,9999.000,9999.000,9999.000,9999.000,9999.000,9999.000,9999.000,9999.000
202606021218,   2.668,9999.000,9999.000,9999.000,9999.000,9999.000,9999.000,9999.000,9999.000
202606021224,   2.715,9999.000,9999.000,9999.000,9999.000,9999.000,9999.000,9999.000,9999.000
202606021230,   2.759,9999.000,9999.000,9999.000,9999.000,9999.000,9999.000,9999.000,9999.000
202606021236,   2.801,9999.000,9999.000,9999.000,9999.000,9999.000,9999.000,9999.000,9999.000
202606021242,   2.840,9999.000,9999.000,9999.000,9999.000,9999.000,9999.000,9999.000,9999.000
202606021248,   2.876,9999.000,9999.000,9999.000,9999.000,9999.000,9999.000,9999.000,9999.000
202606021254,   2.910,9999.000,9999.000,9999.000,9999.000,9999.000,9999.000,9999.000,9999.000
202606021300,   2.940,9999.000,   0.600,   0.047,   3.587,   0.400,   3.387,   0.900,   3.887
202606021306,   2.967,9999.000,9999.000,9999.000,9999.000,9999.000,9999.000,9999.000,9999.000
202606021312,   2.992,9999.000,9999.000,9999.000,9999.000,9999.000,9999.000,9999.000,9999.000
202606021318,   3.012,9999.000,9999.000,9999.000,9999.000,9999.000,9999.000,9999.000,9999.000
202606021324,   3.029,9999.000,9999.000,9999.000,9999.000,9999.000,9999.000,9999.000,9999.000
202606021330,   3.043,9999.000,9999.000,9999.000,9999.000,9999.000,9999.000,9999.000,9999.000
202606021336,   3.053,9999.000,9999.000,9999.000,9999.000,9999.000,9999.000,9999.000,9999.000
202606021342,   3.059,9999.000,9999.000,9999.000,9999.000,9999.000,9999.000,9999.000,9999.000
202606021348,   3.062,9999.000,9999.000,9999.000,9999.000,9999.000,9999.000,9999.000,9999.000
202606021354,   3.060,9999.000,9999.000,9999.000,9999.000,9999.000,9999.000,9999.000,9999.000
202606021400,   3.054,9999.000,   0.600,   0.227,   3.881,   0.400,   3.681,   0.800,   4.081
202606021406,   3.044,9999.000,9999.000,9999.000,9999.000,9999.000,9999.000,9999.000,9999.000
202606021412,   3.030,9999.000,9999.000,9999.000,9999.000,9999.000,9999.000,9999.000,9999.000
202606021418,   3.012,9999.000,9999.000,9999.000,9999.000,9999.000,9999.000,9999.000,9999.000
202606021424,   2.989,9999.000,9999.000,9999.000,9999.000,9999.000,9999.000,9999.000,9999.000
202606021430,   2.963,9999.000,9999.000,9999.000,9999.000,9999.000,9999.000,9999.000,9999.000
202606021436,   2.932,9999.000,9999.000,9999.000,9999.000,9999.000,9999.000,9999.000,9999.000
202606021442,   2.898,9999.000,9999.000,9999.000,9999.000,9999.000,9999.000,9999.000,9999.000
202606021448,   2.860,9999.000,9999.000,9999.000,9999.000,9999.000,9999.000,9999.000,9999.000
202606021454,   2.818,9999.000,9999.000,9999.000,9999.000,9999.000,9999.000,9999.000,9999.000
202606021500,   2.772,9999.000,   0.600,   0.422,   3.794,   0.300,   3.494,   0.800,   3.994
202606021506,   2.724,9999.000,9999.000,9999.000,9999.000,9999.000,9999.000,9999.000,9999.000
202606021512,   2.672,9999.000,9999.000,9999.000,9999.000,9999.000,9999.000,9999.000,9999.000
202606021518,   2.617,9999.000,9999.000,9999.000,9999.000,9999.000,9999.000,9999.000,9999.000
202606021524,   2.560,9999.000,9999.000,9999.000,9999.000,9999.000,9999.000,9999.000,9999.000
202606021530,   2.500,9999.000,9999.000,9999.000,9999.000,9999.000,9999.000,9999.000,9999.000
202606021536,   2.438,9999.000,9999.000,9999.000,9999.000,9999.000,9999.000,9999.000,9999.000
202606021542,   2.375,9999.000,9999.000,9999.000,9999.000,9999.000,9999.000,9999.000,9999.000
202606021548,   2.309,9999.000,9999.000,9999.000,9999.000,9999.000,9999.000,9999.000,9999.000
202606021554,   2.243,9999.000,9999.000,9999.000,9999.000,9999.000,9999.000,9999.000,9999.000
202606021600,   2.175,9999.000,   0.500,   0.614,   3.289,   0.300,   3.089,   0.800,   3.589
202606021606,   2.107,9999.000,9999.000,9999.000,9999.000,9999.000,9999.000,9999.000,9999.000
202606021612,   2.038,9999.000,9999.000,9999.000,9999.000,9999.000,9999.000,9999.000,9999.000
202606021618,   1.968,9999.000,9999.000,9999.000,9999.000,9999.000,9999.000,9999.000,9999.000
202606021624,   1.899,9999.000,9999.000,9999.000,9999.000,9999.000,9999.000,9999.000,9999.000
202606021630,   1.829,9999.000,9999.000,9999.000,9999.000,9999.000,9999.000,9999.000,9999.000
202606021636,   1.760,9999.000,9999.000,9999.000,9999.000,9999.000,9999.000,9999.000,9999.000
202606021642,   1.692,9999.000,9999.000,9999.000,9999.000,9999.000,9999.000,9999.000,9999.000
202606021648,   1.624,9999.000,9999.000,9999.000,9999.000,9999.000,9999.000,9999.000,9999.000
202606021654,   1.557,9999.000,9999.000,9999.000,9999.000,9999.000,9999.000,9999.000,9999.000
202606021700,   1.491,9999.000,   0.500,   0.702,   2.693,   0.300,   2.493,   0.700,   2.893
202606021706,   1.425,9999.000,9999.000,9999.000,9999.000,9999.000,9999.000,9999.000,9999.000
202606021712,   1.361,9999.000,9999.000,9999.000,9999.000,9999.000,9999.000,9999.000,9999.000
202606021718,   1.299,9999.000,9999.000,9999.000,9999.000,9999.000,9999.000,9999.000,9999.000
202606021724,   1.237,9999.000,9999.000,9999.000,9999.000,9999.000,9999.000,9999.000,9999.000
202606021730,   1.178,9999.000,9999.000,9999.000,9999.000,9999.000,9999.000,9999.000,9999.000
202606021736,   1.119,9999.000,9999.000,9999.000,9999.000,9999.000,9999.000,9999.000,9999.000
202606021742,   1.063,9999.000,9999.000,9999.000,9999.000,9999.000,9999.000,9999.000,9999.000
202606021748,   1.008,9999.000,9999.000,9999.000,9999.000,9999.000,9999.000,9999.000,9999.000
202606021754,   0.955,9999.000,9999.000,9999.000,9999.000,9999.000,9999.000,9999.000,9999.000
202606021800,   0.905,9999.000,   0.500,   0.618,   2.023,   0.300,   1.823,   0.700,   2.223
202606021806,   0.856,9999.000,9999.000,9999.000,9999.000,9999.000,9999.000,9999.000,9999.000
202606021812,   0.810,9999.000,9999.000,9999.000,9999.000,9999.000,9999.000,9999.000,9999.000
202606021818,   0.766,9999.000,9999.000,9999.000,9999.000,9999.000,9999.000,9999.000,9999.000
202606021824,   0.724,9999.000,9999.000,9999.000,9999.000,9999.000,9999.000,9999.000,9999.000
202606021830,   0.685,9999.000,9999.000,9999.000,9999.000,9999.000,9999.000,9999.000,9999.000
202606021836,   0.649,9999.000,9999.000,9999.000,9999.000,9999.000,9999.000,9999.000,9999.000
202606021842,   0.616,9999.000,9999.000,9999.000,9999.000,9999.000,9999.000,9999.000,9999.000
202606021848,   0.586,9999.000,9999.000,9999.000,9999.000,9999.000,9999.000,9999.000,9999.000
202606021854,   0.558,9999.000,9999.000,9999.000,9999.000,9999.000,9999.000,9999.000,9999.000
202606021900,   0.534,9999.000,   0.500,   0.409,   1.443,   0.300,   1.243,   0.700,   1.643
202606021906,   0.514,9999.000,9999.000,9999.000,9999.000,9999.000,9999.000,9999.000,9999.000
202606021912,   0.497,9999.000,9999.000,9999.000,9999.000,9999.000,9999.000,9999.000,9999.000
202606021918,   0.483,9999.000,9999.000,9999.000,9999.000,9999.000,9999.000,9999.000,9999.000
202606021924,   0.473,9999.000,9999.000,9999.000,9999.000,9999.000,9999.000,9999.000,9999.000
202606021930,   0.467,9999.000,9999.000,9999.000,9999.000,9999.000,9999.000,9999.000,9999.000
202606021936,   0.465,9999.000,9999.000,9999.000,9999.000,9999.000,9999.000,9999.000,9999.000
202606021942,   0.467,9999.000,9999.000,9999.000,9999.000,9999.000,9999.000,9999.000,9999.000
202606021948,   0.472,9999.000,9999.000,9999.000,9999.000,9999.000,9999.000,9999.000,9999.000
202606021954,   0.482,9999.000,9999.000,9999.000,9999.000,9999.000,9999.000,9999.000,9999.000
202606022000,   0.496,9999.000,   0.400,   0.167,   1.063,   0.200,   0.863,   0.600,   1.263
202606022006,   0.514,9999.000,9999.000,9999.000,9999.000,9999.000,9999.000,9999.000,9999.000
202606022012,   0.536,9999.000,9999.000,9999.000,9999.000,9999.000,9999.000,9999.000,9999.000
202606022018,   0.562,9999.000,9999.000,9999.000,9999.000,9999.000,9999.000,9999.000,9999.000
202606022024,   0.592,9999.000,9999.000,9999.000,9999.000,9999.000,9999.000,9999.000,9999.000
202606022030,   0.627,9999.000,9999.000,9999.000,9999.000,9999.000,9999.000,9999.000,9999.000
202606022036,   0.666,9999.000,9999.000,9999.000,9999.000,9999.000,9999.000,9999.000,9999.000
202606022042,   0.708,9999.000,9999.000,9999.000,9999.000,9999.000,9999.000,9999.000,9999.000
202606022048,   0.755,9999.000,9999.000,9999.000,9999.000,9999.000,9999.000,9999.000,9999.000
202606022054,   0.806,9999.000,9999.000,9999.000,9999.000,9999.000,9999.000,9999.000,9999.000
202606022100,   0.860,9999.000,   0.400,  -0.075,   1.185,   0.200,   0.985,   0.600,   1.385
202606022106,   0.919,9999.000,9999.000,9999.000,9999.000,9999.000,9999.000,9999.000,9999.000
202606022112,   0.981,9999.000,9999.000,9999.000,9999.000,9999.000,9999.000,9999.000,9999.000
202606022118,   1.046,9999.000,9999.000,9999.000,9999.000,9999.000,9999.000,9999.000,9999.000
202606022124,   1.115,9999.000,9999.000,9999.000,9999.000,9999.000,9999.000,9999.000,9999.000
202606022130,   1.187,9999.000,9999.000,9999.000,9999.000,9999.000,9999.000,9999.000,9999.000
202606022136,   1.263,9999.000,9999.000,9999.000,9999.000,9999.000,9999.000,9999.000,9999.000
202606022142,   1.341,9999.000,9999.000,9999.000,9999.000,9999.000,9999.000,9999.000,9999.000
202606022148,   1.422,9999.000,9999.000,9999.000,9999.000,9999.000,9999.000,9999.000,9999.000
202606022154,   1.506,9999.000,9999.000,9999.000,9999.000,9999.000,9999.000,9999.000,9999.000
202606022200,   1.592,9999.000,   0.400,  -0.294,   1.698,   0.200,   1.498,   0.500,   1.798
202606022206,   1.680,9999.000,9999.000,9999.000,9999.000,9999.000,9999.000,9999.000,9999.000
202606022212,   1.770,9999.000,9999.000,9999.000,9999.000,9999.000,9999.000,9999.000,9999.000
202606022218,   1.861,9999.000,9999.000,9999.000,9999.000,9999.000,9999.000,9999.000,9999.000
202606022224,   1.954,9999.000,9999.000,9999.000,9999.000,9999.000,9999.000,9999.000,9999.000
202606022230,   2.048,9999.000,9999.000,9999.000,9999.000,9999.000,9999.000,9999.000,9999.000
202606022236,   2.143,9999.000,9999.000,9999.000,9999.000,9999.000,9999.000,9999.000,9999.000
202606022242,   2.238,9999.000,9999.000,9999.000,9999.000,9999.000,9999.000,9999.000,9999.000
202606022248,   2.333,9999.000,9999.000,9999.000,9999.000,9999.000,9999.000,9999.000,9999.000
202606022254,   2.428,9999.000,9999.000,9999.000,9999.000,9999.000,9999.000,9999.000,9999.000
202606022300,   2.523,9999.000,   0.300,  -0.416,   2.407,   0.200,   2.307,   0.500,   2.607
202606022306,   2.618,9999.000,9999.000,9999.000,9999.000,9999.000,9999.000,9999.000,9999.000
202606022312,   2.711,9999.000,9999.000,9999.000,9999.000,9999.000,9999.000,9999.000,9999.000
202606022318,   2.803,9999.000,9999.000,9999.000,9999.000,9999.000,9999.000,9999.000,9999.000
202606022324,   2.894,9999.000,9999.000,9999.000,9999.000,9999.000,9999.000,9999.000,9999.000
202606022330,   2.983,9999.000,9999.000,9999.000,9999.000,9999.000,9999.000,9999.000,9999.000
202606022336,   3.071,9999.000,9999.000,9999.000,9999.000,9999.000,9999.000,9999.000,9999.000
202606022342,   3.156,9999.000,9999.000,9999.000,9999.000,9999.000,9999.000,9999.000,9999.000
202606022348,   3.239,9999.000,9999.000,9999.000,9999.000,9999.000,9999.000,9999.000,9999.000
202606022354,   3.320,9999.000,9999.000,9999.000,9999.000,9999.000,9999.000,9999.000,9999.000
202606030000,   3.398,9999.000,   0.300,  -0.374,   3.324,   0.100,   3.124,   0.500,   3.524
202606030006,   3.474,9999.000,9999.000,9999.000,9999.000,9999.000,9999.000,9999.000,9999.000
202606030012,   3.547,9999.000,9999.000,9999.000,9999.000,9999.000,9999.000,9999.000,9999.000
202606030018,   3.617,9999.000,9999.000,9999.000,9999.000,9999.000,9999.000,9999.000,9999.000
202606030024,   3.684,9999.000,9999.000,9999.000,9999.000,9999.000,9999.000,9999.000,9999.000
202606030030,   3.749,9999.000,9999.000,9999.000,9999.000,9999.000,9999.000,9999.000,9999.000
202606030036,   3.809,9999.000,9999.000,9999.000,9999.000,9999.000,9999.000,9999.000,9999.000
202606030042,   3.867,9999.000,9999.000,9999.000,9999.000,9999.000,9999.000,9999.000,9999.000
202606030048,   3.922,9999.000,9999.000,9999.000,9999.000,9999.000,9999.000,9999.000,9999.000
202606030054,   3.973,9999.000,9999.000,9999.000,9999.000,9999.000,9999.000,9999.000,9999.000
202606030100,   4.020,9999.000,   0.300,  -0.179,   4.141,   0.100,   3.941,   0.400,   4.241
202606030106,   4.065,9999.000,9999.000,9999.000,9999.000,9999.000,9999.000,9999.000,9999.000
202606030112,   4.105,9999.000,9999.000,9999.000,9999.000,9999.000,9999.000,9999.000,9999.000
202606030118,   4.142,9999.000,9999.000,9999.000,9999.000,9999.000,9999.000,9999.000,9999.000
202606030124,   4.175,9999.000,9999.000,9999.000,9999.000,9999.000,9999.000,9999.000,9999.000
202606030130,   4.204,9999.000,9999.000,9999.000,9999.000,9999.000,9999.000,9999.000,9999.000
202606030136,   4.229,9999.000,9999.000,9999.000,9999.000,9999.000,9999.000,9999.000,9999.000
202606030142,   4.250,9999.000,9999.000,9999.000,9999.000,9999.000,9999.000,9999.000,9999.000
202606030148,   4.267,9999.000,9999.000,9999.000,9999.000,9999.000,9999.000,9999.000,9999.000
202606030154,   4.279,9999.000,9999.000,9999.000,9999.000,9999.000,9999.000,9999.000,9999.000
202606030200,   4.287,9999.000,   0.200,   0.108,   4.595,   0.100,   4.495,   0.400,   4.795
202606030206,   4.290,9999.000,9999.000,9999.000,9999.000,9999.000,9999.000,9999.000,9999.000
202606030212,   4.289,9999.000,9999.000,9999.000,9999.000,9999.000,9999.000,9999.000,9999.000
202606030218,   4.283,9999.000,9999.000,9999.000,9999.000,9999.000,9999.000,9999.000,9999.000
202606030224,   4.272,9999.000,9999.000,9999.000,9999.000,9999.000,9999.000,9999.000,9999.000
202606030230,   4.257,9999.000,9999.000,9999.000,9999.000,9999.000,9999.000,9999.000,9999.000
202606030236,   4.236,9999.000,9999.000,9999.000,9999.000,9999.000,9999.000,9999.000,9999.000
202606030242,   4.211,9999.000,9999.000,9999.000,9999.000,9999.000,9999.000,9999.000,9999.000
202606030248,   4.180,9999.000,9999.000,9999.000,9999.000,9999.000,9999.000,9999.000,9999.000
202606030254,   4.145,9999.000,9999.000,9999.000,9999.000,9999.000,9999.000,9999.000,9999.000
202606030300,   4.106,9999.000,   0.200,   0.415,   4.721,   0.100,   4.621,   0.400,   4.921
202606030306,   4.061,9999.000,9999.000,9999.000,9999.000,9999.000,9999.000,9999.000,9999.000
202606030312,   4.012,9999.000,9999.000,9999.000,9999.000,9999.000,9999.000,9999.000,9999.000
202606030318,   3.959,9999.000,9999.000,9999.000,9999.000,9999.000,9999.000,9999.000,9999.000
202606030324,   3.901,9999.000,9999.000,9999.000,9999.000,9999.000,9999.000,9999.000,9999.000
202606030330,   3.839,9999.000,9999.000,9999.000,9999.000,9999.000,9999.000,9999.000,9999.000
202606030336,   3.774,9999.000,9999.000,9999.000,9999.000,9999.000,9999.000,9999.000,9999.000
202606030342,   3.705,9999.000,9999.000,9999.000,9999.000,9999.000,9999.000,9999.000,9999.000
202606030348,   3.633,9999.000,9999.000,9999.000,9999.000,9999.000,9999.000,9999.000,9999.000
202606030354,   3.557,9999.000,9999.000,9999.000,9999.000,9999.000,9999.000,9999.000,9999.000
202606030400,   3.479,9999.000,   0.200,   0.662,   4.341,   0.000,   4.141,   0.300,   4.441
202606030406,   3.398,9999.000,9999.000,9999.000,9999.000,9999.000,9999.000,9999.000,9999.000
202606030412,   3.315,9999.000,9999.000,9999.000,9999.000,9999.000,9999.000,9999.000,9999.000
202606030418,   3.231,9999.000,9999.000,9999.000,9999.000,9999.000,9999.000,9999.000,9999.000
202606030424,   3.144,9999.000,9999.000,9999.000,9999.000,9999.000,9999.000,9999.000,9999.000
202606030430,   3.056,9999.000,9999.000,9999.000,9999.000,9999.000,9999.000,9999.000,9999.000
202606030436,   2.967,9999.000,9999.000,9999.000,9999.000,9999.000,9999.000,9999.000,9999.000
202606030442,   2.878,9999.000,9999.000,9999.000,9999.000,9999.000,9999.000,9999.000,9999.000
202606030448,   2.787,9999.000,9999.000,9999.000,9999.000,9999.000,9999.000,9999.000,9999.000
202606030454,   2.696,9999.000,9999.000,9999.000,9999.000,9999.000,9999.000,9999.000,9999.000
202606030500,   2.606,9999.000,   0.200,   0.784,   3.590,   0.000,   3.390,   0.300,   3.690
202606030506,   2.515,9999.000,9999.000,9999.000,9999.000,9999.000,9999.000,9999.000,9999.000
202606030512,   2.424,9999.000,9999.000,9999.000,9999.000,9999.000,9999.000,9999.000,9999.000
202606030518,   2.334,9999.000,9999.000,9999.000,9999.000,9999.000,9999.000,9999.000,9999.000
202606030524,   2.245,9999.000,9999.000,9999.000,9999.000,9999.000,9999.000,9999.000,9999.000
202606030530,   2.156,9999.000,9999.000,9999.000,9999.000,9999.000,9999.000,9999.000,9999.000
202606030536,   2.068,9999.000,9999.000,9999.000,9999.000,9999.000,9999.000,9999.000,9999.000
202606030542,   1.981,9999.000,9999.000,9999.000,9999.000,9999.000,9999.000,9999.000,9999.000
202606030548,   1.896,9999.000,9999.000,9999.000,9999.000,9999.000,9999.000,9999.000,9999.000
202606030554,   1.811,9999.000,9999.000,9999.000,9999.000,9999.000,9999.000,9999.000,9999.000
202606030600,   1.729,9999.000,   0.200,   0.788,   2.717,   0.000,   2.517,   0.300,   2.817
202606030606,   1.647,9999.000,9999.000,9999.000,9999.000,9999.000,9999.000,9999.000,9999.000
202606030612,   1.567,9999.000,9999.000,9999.000,9999.000,9999.000,9999.000,9999.000,9999.000
202606030618,   1.489,9999.000,9999.000,9999.000,9999.000,9999.000,9999.000,9999.000,9999.000
202606030624,   1.413,9999.000,9999.000,9999.000,9999.000,9999.000,9999.000,9999.000,9999.000
202606030630,   1.339,9999.000,9999.000,9999.000,9999.000,9999.000,9999.000,9999.000,9999.000
202606030636,   1.267,9999.000,9999.000,9999.000,9999.000,9999.000,9999.000,9999.000,9999.000
202606030642,   1.197,9999.000,9999.000,9999.000,9999.000,9999.000,9999.000,9999.000,9999.000
202606030648,   1.129,9999.000,9999.000,9999.000,9999.000,9999.000,9999.000,9999.000,9999.000
202606030654,   1.064,9999.000,9999.000,9999.000,9999.000,9999.000,9999.000,9999.000,9999.000
202606030700,   1.002,9999.000,   0.200,   0.731,   1.933,   0.000,   1.733,   0.300,   2.033
202606030706,   0.942,9999.000,9999.000,9999.000,9999.000,9999.000,9999.000,9999.000,9999.000
202606030712,   0.885,9999.000,9999.000,9999.000,9999.000,9999.000,9999.000,9999.000,9999.000
202606030718,   0.831,9999.000,9999.000,9999.000,9999.000,9999.000,9999.000,9999.000,9999.000
202606030724,   0.781,9999.000,9999.000,9999.000,9999.000,9999.000,9999.000,9999.000,9999.000
202606030730,   0.733,9999.000,9999.000,9999.000,9999.000,9999.000,9999.000,9999.000,9999.000
202606030736,   0.689,9999.000,9999.000,9999.000,9999.000,9999.000,9999.000,9999.000,9999.000
202606030742,   0.648,9999.000,9999.000,9999.000,9999.000,9999.000,9999.000,9999.000,9999.000
202606030748,   0.611,9999.000,9999.000,9999.000,9999.000,9999.000,9999.000,9999.000,9999.000
202606030754,   0.577,9999.000,9999.000,9999.000,9999.000,9999.000,9999.000,9999.000,9999.000
202606030800,   0.547,9999.000,   0.200,   0.614,   1.361,   0.000,   1.161,   0.300,   1.461
202606030806,   0.521,9999.000,9999.000,9999.000,9999.000,9999.000,9999.000,9999.000,9999.000
202606030812,   0.499,9999.000,9999.000,9999.000,9999.000,9999.000,9999.000,9999.000,9999.000
202606030818,   0.481,9999.000,9999.000,9999.000,9999.000,9999.000,9999.000,9999.000,9999.000
202606030824,   0.467,9999.000,9999.000,9999.000,9999.000,9999.000,9999.000,9999.000,9999.000
202606030830,   0.457,9999.000,9999.000,9999.000,9999.000,9999.000,9999.000,9999.000,9999.000
202606030836,   0.451,9999.000,9999.000,9999.000,9999.000,9999.000,9999.000,9999.000,9999.000
202606030842,   0.449,9999.000,9999.000,9999.000,9999.000,9999.000,9999.000,9999.000,9999.000
202606030848,   0.452,9999.000,9999.000,9999.000,9999.000,9999.000,9999.000,9999.000,9999.000
202606030854,   0.458,9999.000,9999.000,9999.000,9999.000,9999.000,9999.000,9999.000,9999.000
202606030900,   0.469,9999.000,   0.200,   0.398,   1.067,   0.000,   0.867,   0.300,   1.167
202606030906,   0.483,9999.000,9999.000,9999.000,9999.000,9999.000,9999.000,9999.000,9999.000
202606030912,   0.502,9999.000,9999.000,9999.000,9999.000,9999.000,9999.000,9999.000,9999.000
202606030918,   0.525,9999.000,9999.000,9999.000,9999.000,9999.000,9999.000,9999.000,9999.000
202606030924,   0.552,9999.000,9999.000,9999.000,9999.000,9999.000,9999.000,9999.000,9999.000
202606030930,   0.582,9999.000,9999.000,9999.000,9999.000,9999.000,9999.000,9999.000,9999.000
202606030936,   0.617,9999.000,9999.000,9999.000,9999.000,9999.000,9999.000,9999.000,9999.000
202606030942,   0.655,9999.000,9999.000,9999.000,9999.000,9999.000,9999.000,9999.000,9999.000
202606030948,   0.697,9999.000,9999.000,9999.000,9999.000,9999.000,9999.000,9999.000,9999.000
202606030954,   0.742,9999.000,9999.000,9999.000,9999.000,9999.000,9999.000,9999.000,9999.000
202606031000,   0.791,9999.000,   0.200,   0.129,   1.120,   0.000,   0.920,   0.300,   1.220
202606031006,   0.843,9999.000,9999.000,9999.000,9999.000,9999.000,9999.000,9999.000,9999.000
202606031012,   0.898,9999.000,9999.000,9999.000,9999.000,9999.000,9999.000,9999.000,9999.000
202606031018,   0.956,9999.000,9999.000,9999.000,9999.000,9999.000,9999.000,9999.000,9999.000
202606031024,   1.016,9999.000,9999.000,9999.000,9999.000,9999.000,9999.000,9999.000,9999.000
202606031030,   1.078,9999.000,9999.000,9999.000,9999.000,9999.000,9999.000,9999.000,9999.000
202606031036,   1.143,9999.000,9999.000,9999.000,9999.000,9999.000,9999.000,9999.000,9999.000
202606031042,   1.210,9999.000,9999.000,9999.000,9999.000,9999.000,9999.000,9999.000,9999.000
202606031048,   1.278,9999.000,9999.000,9999.000,9999.000,9999.000,9999.000,9999.000,9999.000
202606031054,   1.348,9999.000,9999.000,9999.000,9999.000,9999.000,9999.000,9999.000,9999.000
202606031100,   1.419,9999.000,   0.200,  -0.061,   1.558,   0.000,   1.358,   0.400,   1.758
202606031106,   1.491,9999.000,9999.000,9999.000,9999.000,9999.000,9999.000,9999.000,9999.000
202606031112,   1.563,9999.000,9999.000,9999.000,9999.000,9999.000,9999.000,9999.000,9999.000
202606031118,   1.636,9999.000,9999.000,9999.000,9999.000,9999.000,9999.000,9999.000,9999.000
202606031124,   1.708,9999.000,9999.000,9999.000,9999.000,9999.000,9999.000,9999.000,9999.000
202606031130,   1.781,9999.000,9999.000,9999.000,9999.000,9999.000,9999.000,9999.000,9999.000
202606031136,   1.853,9999.000,9999.000,9999.000,9999.000,9999.000,9999.000,9999.000,9999.000
202606031142,   1.924,9999.000,9999.000,9999.000,9999.000,9999.000,9999.000,9999.000,9999.000
202606031148,   1.994,9999.000,9999.000,9999.000,9999.000,9999.000,9999.000,9999.000,9999.000
202606031154,   2.063,9999.000,9999.000,9999.000,9999.000,9999.000,9999.000,9999.000,9999.000
202606031200,   2.131,9999.000,   0.200,  -0.105,   2.226,   0.000,   2.026,   0.400,   2.426
202606031206,   2.197,9999.000,9999.000,9999.000,9999.000,9999.000,9999.000,9999.000,9999.000
202606031212,   2.262,9999.000,9999.000,9999.000,9999.000,9999.000,9999.000,9999.000,9999.000
202606031218,   2.325,9999.000,9999.000,9999.000,9999.000,9999.000,9999.000,9999.000,9999.000
202606031224,   2.386,9999.000,9999.000,9999.000,9999.000,9999.000,9999.000,9999.000,9999.000
202606031230,   2.444,9999.000,9999.000,9999.000,9999.000,9999.000,9999.000,9999.000,9999.000
202606031236,   2.501,9999.000,9999.000,9999.000,9999.000,9999.000,9999.000,9999.000,9999.000
202606031242,   2.555,9999.000,9999.000,9999.000,9999.000,9999.000,9999.000,9999.000,9999.000
202606031248,   2.607,9999.000,9999.000,9999.000,9999.000,9999.000,9999.000,9999.000,9999.000
202606031254,   2.656,9999.000,9999.000,9999.000,9999.000,9999.000,9999.000,9999.000,9999.000
202606031300,   2.703,9999.000,   0.200,  -0.058,   2.845,   0.000,   2.645,   0.400,   3.045
202606031306,   2.748,9999.000,9999.000,9999.000,9999.000,9999.000,9999.000,9999.000,9999.000
202606031312,   2.789,9999.000,9999.000,9999.000,9999.000,9999.000,9999.000,9999.000,9999.000
202606031318,   2.828,9999.000,9999.000,9999.000,9999.000,9999.000,9999.000,9999.000,9999.000
202606031324,   2.865,9999.000,9999.000,9999.000,9999.000,9999.000,9999.000,9999.000,9999.000
202606031330,   2.898,9999.000,9999.000,9999.000,9999.000,9999.000,9999.000,9999.000,9999.000
202606031336,   2.929,9999.000,9999.000,9999.000,9999.000,9999.000,9999.000,9999.000,9999.000
202606031342,   2.957,9999.000,9999.000,9999.000,9999.000,9999.000,9999.000,9999.000,9999.000
202606031348,   2.982,9999.000,9999.000,9999.000,9999.000,9999.000,9999.000,9999.000,9999.000
202606031354,   3.004,9999.000,9999.000,9999.000,9999.000,9999.000,9999.000,9999.000,9999.000
202606031400,   3.022,9999.000,   0.200,   0.030,   3.252,   0.000,   3.052,   0.500,   3.552
202606031406,   3.038,9999.000,9999.000,9999.000,9999.000,9999.000,9999.000,9999.000,9999.000
202606031412,   3.049,9999.000,9999.000,9999.000,9999.000,9999.000,9999.000,9999.000,9999.000
202606031418,   3.058,9999.000,9999.000,9999.000,9999.000,9999.000,9999.000,9999.000,9999.000
202606031424,   3.063,9999.000,9999.000,9999.000,9999.000,9999.000,9999.000,9999.000,9999.000
202606031430,   3.064,9999.000,9999.000,9999.000,9999.000,9999.000,9999.000,9999.000,9999.000
202606031436,   3.061,9999.000,9999.000,9999.000,9999.000,9999.000,9999.000,9999.000,9999.000
202606031442,   3.055,9999.000,9999.000,9999.000,9999.000,9999.000,9999.000,9999.000,9999.000
202606031448,   3.044,9999.000,9999.000,9999.000,9999.000,9999.000,9999.000,9999.000,9999.000
202606031454,   3.030,9999.000,9999.000,9999.000,9999.000,9999.000,9999.000,9999.000,9999.000
202606031500,   3.011,9999.000,   0.200,   0.192,   3.403,   0.000,   3.203,   0.500,   3.703
202606031506,   2.989,9999.000,9999.000,9999.000,9999.000,9999.000,9999.000,9999.000,9999.000
202606031512,   2.962,9999.000,9999.000,9999.000,9999.000,9999.000,9999.000,9999.000,9999.000
202606031518,   2.932,9999.000,9999.000,9999.000,9999.000,9999.000,9999.000,9999.000,9999.000
202606031524,   2.897,9999.000,9999.000,9999.000,9999.000,9999.000,9999.000,9999.000,9999.000
202606031530,   2.859,9999.000,9999.000,9999.000,9999.000,9999.000,9999.000,9999.000,9999.000
202606031536,   2.817,9999.000,9999.000,9999.000,9999.000,9999.000,9999.000,9999.000,9999.000
202606031542,   2.771,9999.000,9999.000,9999.000,9999.000,9999.000,9999.000,9999.000,9999.000
202606031548,   2.722,9999.000,9999.000,9999.000,9999.000,9999.000,9999.000,9999.000,9999.000
202606031554,   2.670,9999.000,9999.000,9999.000,9999.000,9999.000,9999.000,9999.000,9999.000
202606031600,   2.615,9999.000,   0.200,   0.419,   3.234,   0.000,   3.034,   0.500,   3.534
202606031606,   2.556,9999.000,9999.000,9999.000,9999.000,9999.000,9999.000,9999.000,9999.000
202606031612,   2.496,9999.000,9999.000,9999.000,9999.000,9999.000,9999.000,9999.000,9999.000
202606031618,   2.433,9999.000,9999.000,9999.000,9999.000,9999.000,9999.000,9999.000,9999.000
202606031624,   2.368,9999.000,9999.000,9999.000,9999.000,9999.000,9999.000,9999.000,9999.000
202606031630,   2.301,9999.000,9999.000,9999.000,9999.000,9999.000,9999.000,9999.000,9999.000
202606031636,   2.233,9999.000,9999.000,9999.000,9999.000,9999.000,9999.000,9999.000,9999.000
202606031642,   2.163,9999.000,9999.000,9999.000,9999.000,9999.000,9999.000,9999.000,9999.000
202606031648,   2.093,9999.000,9999.000,9999.000,9999.000,9999.000,9999.000,9999.000,9999.000
202606031654,   2.022,9999.000,9999.000,9999.000,9999.000,9999.000,9999.000,9999.000,9999.000
202606031700,   1.951,9999.000,   0.200,   0.593,   2.744,   0.000,   2.544,   0.500,   3.044
202606031706,   1.880,9999.000,9999.000,9999.000,9999.000,9999.000,9999.000,9999.000,9999.000
202606031712,   1.809,9999.000,9999.000,9999.000,9999.000,9999.000,9999.000,9999.000,9999.000
202606031718,   1.738,9999.000,9999.000,9999.000,9999.000,9999.000,9999.000,9999.000,9999.000
202606031724,   1.668,9999.000,9999.000,9999.000,9999.000,9999.000,9999.000,9999.000,9999.000
202606031730,   1.599,9999.000,9999.000,9999.000,9999.000,9999.000,9999.000,9999.000,9999.000
202606031736,   1.531,9999.000,9999.000,9999.000,9999.000,9999.000,9999.000,9999.000,9999.000
202606031742,   1.464,9999.000,9999.000,9999.000,9999.000,9999.000,9999.000,9999.000,9999.000
202606031748,   1.398,9999.000,9999.000,9999.000,9999.000,9999.000,9999.000,9999.000,9999.000
202606031754,   1.334,9999.000,9999.000,9999.000,9999.000,9999.000,9999.000,9999.000,9999.000
202606031800,   1.272,9999.000,   0.200,   0.609,   2.081,   0.000,   1.881,   0.500,   2.381
202606031806,   1.211,9999.000,9999.000,9999.000,9999.000,9999.000,9999.000,9999.000,9999.000
202606031812,   1.152,9999.000,9999.000,9999.000,9999.000,9999.000,9999.000,9999.000,9999.000
202606031818,   1.095,9999.000,9999.000,9999.000,9999.000,9999.000,9999.000,9999.000,9999.000
202606031824,   1.040,9999.000,9999.000,9999.000,9999.000,9999.000,9999.000,9999.000,9999.000
202606031830,   0.988,9999.000,9999.000,9999.000,9999.000,9999.000,9999.000,9999.000,9999.000
202606031836,   0.937,9999.000,9999.000,9999.000,9999.000,9999.000,9999.000,9999.000,9999.000
202606031842,   0.889,9999.000,9999.000,9999.000,9999.000,9999.000,9999.000,9999.000,9999.000
202606031848,   0.843,9999.000,9999.000,9999.000,9999.000,9999.000,9999.000,9999.000,9999.000
202606031854,   0.800,9999.000,9999.000,9999.000,9999.000,9999.000,9999.000,9999.000,9999.000
202606031900,   0.759,9999.000,   0.300,   0.500,   1.559,   0.000,   1.259,   0.500,   1.759
202606031906,   0.721,9999.000,9999.000,9999.000,9999.000,9999.000,9999.000,9999.000,9999.000
202606031912,   0.686,9999.000,9999.000,9999.000,9999.000,9999.000,9999.000,9999.000,9999.000
202606031918,   0.653,9999.000,9999.000,9999.000,9999.000,9999.000,9999.000,9999.000,9999.000
202606031924,   0.624,9999.000,9999.000,9999.000,9999.000,9999.000,9999.000,9999.000,9999.000
202606031930,   0.597,9999.000,9999.000,9999.000,9999.000,9999.000,9999.000,9999.000,9999.000
202606031936,   0.574,9999.000,9999.000,9999.000,9999.000,9999.000,9999.000,9999.000,9999.000
202606031942,   0.553,9999.000,9999.000,9999.000,9999.000,9999.000,9999.000,9999.000,9999.000
202606031948,   0.536,9999.000,9999.000,9999.000,9999.000,9999.000,9999.000,9999.000,9999.000
202606031954,   0.522,9999.000,9999.000,9999.000,9999.000,9999.000,9999.000,9999.000,9999.000
202606032000,   0.512,9999.000,   0.200,   0.349,   1.061,   0.000,   0.861,   0.500,   1.361
202606032006,   0.505,9999.000,9999.000,9999.000,9999.000,9999.000,9999.000,9999.000,9999.000
202606032012,   0.502,9999.000,9999.000,9999.000,9999.000,9999.000,9999.000,9999.000,9999.000
202606032018,   0.503,9999.000,9999.000,9999.000,9999.000,9999.000,9999.000,9999.000,9999.000
202606032024,   0.507,9999.000,9999.000,9999.000,9999.000,9999.000,9999.000,9999.000,9999.000
202606032030,   0.515,9999.000,9999.000,9999.000,9999.000,9999.000,9999.000,9999.000,9999.000
202606032036,   0.527,9999.000,9999.000,9999.000,9999.000,9999.000,9999.000,9999.000,9999.000
202606032042,   0.542,9999.000,9999.000,9999.000,9999.000,9999.000,9999.000,9999.000,9999.000
202606032048,   0.562,9999.000,9999.000,9999.000,9999.000,9999.000,9999.000,9999.000,9999.000
202606032054,   0.586,9999.000,9999.000,9999.000,9999.000,9999.000,9999.000,9999.000,9999.000
202606032100,   0.613,9999.000,   0.200,   0.167,   0.980,   0.000,   0.780,   0.500,   1.280
202606032106,   0.644,9999.000,9999.000,9999.000,9999.000,9999.000,9999.000,9999.000,9999.000
202606032112,   0.680,9999.000,9999.000,9999.000,9999.000,9999.000,9999.000,9999.000,9999.000
202606032118,   0.719,9999.000,9999.000,9999.000,9999.000,9999.000,9999.000,9999.000,9999.000
202606032124,   0.762,9999.000,9999.000,9999.000,9999.000,9999.000,9999.000,9999.000,9999.000
202606032130,   0.809,9999.000,9999.000,9999.000,9999.000,9999.000,9999.000,9999.000,9999.000
202606032136,   0.860,9999.000,9999.000,9999.000,9999.000,9999.000,9999.000,9999.000,9999.000
202606032142,   0.914,9999.000,9999.000,9999.000,9999.000,9999.000,9999.000,9999.000,9999.000
202606032148,   0.972,9999.000,9999.000,9999.000,9999.000,9999.000,9999.000,9999.000,9999.000
202606032154,   1.034,9999.000,9999.000,9999.000,9999.000,9999.000,9999.000,9999.000,9999.000
202606032200,   1.099,9999.000,   0.300,  -0.055,   1.344,   0.000,   1.044,   0.600,   1.644
202606032206,   1.168,9999.000,9999.000,9999.000,9999.000,9999.000,9999.000,9999.000,9999.000
202606032212,   1.239,9999.000,9999.000,9999.000,9999.000,9999.000,9999.000,9999.000,9999.000
202606032218,   1.314,9999.000,9999.000,9999.000,9999.000,9999.000,9999.000,9999.000,9999.000
202606032224,   1.391,9999.000,9999.000,9999.000,9999.000,9999.000,9999.000,9999.000,9999.000
202606032230,   1.472,9999.000,9999.000,9999.000,9999.000,9999.000,9999.000,9999.000,9999.000
202606032236,   1.554,9999.000,9999.000,9999.000,9999.000,9999.000,9999.000,9999.000,9999.000
202606032242,   1.640,9999.000,9999.000,9999.000,9999.000,9999.000,9999.000,9999.000,9999.000
202606032248,   1.727,9999.000,9999.000,9999.000,9999.000,9999.000,9999.000,9999.000,9999.000
202606032254,   1.816,9999.000,9999.000,9999.000,9999.000,9999.000,9999.000,9999.000,9999.000
202606032300,   1.906,9999.000,   0.200,  -0.258,   1.848,   0.000,   1.648,   0.500,   2.148
202606032306,   1.998,9999.000,9999.000,9999.000,9999.000,9999.000,9999.000,9999.000,9999.000
202606032312,   2.091,9999.000,9999.000,9999.000,9999.000,9999.000,9999.000,9999.000,9999.000
202606032318,   2.184,9999.000,9999.000,9999.000,9999.000,9999.000,9999.000,9999.000,9999.000
202606032324,   2.279,9999.000,9999.000,9999.000,9999.000,9999.000,9999.000,9999.000,9999.000
202606032330,   2.373,9999.000,9999.000,9999.000,9999.000,9999.000,9999.000,9999.000,9999.000
202606032336,   2.467,9999.000,9999.000,9999.000,9999.000,9999.000,9999.000,9999.000,9999.000
202606032342,   2.561,9999.000,9999.000,9999.000,9999.000,9999.000,9999.000,9999.000,9999.000
202606032348,   2.654,9999.000,9999.000,9999.000,9999.000,9999.000,9999.000,9999.000,9999.000
202606032354,   2.746,9999.000,9999.000,9999.000,9999.000,9999.000,9999.000,9999.000,9999.000
202606040000,   2.836,9999.000,   0.200,  -0.346,   2.690,   0.000,   2.490,   0.500,   2.990
202606040006,   2.926,9999.000,9999.000,9999.000,9999.000,9999.000,9999.000,9999.000,9999.000
202606040012,   3.013,9999.000,9999.000,9999.000,9999.000,9999.000,9999.000,9999.000,9999.000
202606040018,   3.099,9999.000,9999.000,9999.000,9999.000,9999.000,9999.000,9999.000,9999.000
202606040024,   3.183,9999.000,9999.000,9999.000,9999.000,9999.000,9999.000,9999.000,9999.000
202606040030,   3.264,9999.000,9999.000,9999.000,9999.000,9999.000,9999.000,9999.000,9999.000
202606040036,   3.342,9999.000,9999.000,9999.000,9999.000,9999.000,9999.000,9999.000,9999.000
202606040042,   3.418,9999.000,9999.000,9999.000,9999.000,9999.000,9999.000,9999.000,9999.000
202606040048,   3.492,9999.000,9999.000,9999.000,9999.000,9999.000,9999.000,9999.000,9999.000
202606040054,   3.562,9999.000,9999.000,9999.000,9999.000,9999.000,9999.000,9999.000,9999.000
202606040100,   3.629,9999.000,   0.200,  -0.280,   3.549,   0.000,   3.349,   0.500,   3.849
202606040106,   3.694,9999.000,9999.000,9999.000,9999.000,9999.000,9999.000,9999.000,9999.000
202606040112,   3.755,9999.000,9999.000,9999.000,9999.000,9999.000,9999.000,9999.000,9999.000
202606040118,   3.813,9999.000,9999.000,9999.000,9999.000,9999.000,9999.000,9999.000,9999.000
202606040124,   3.867,9999.000,9999.000,9999.000,9999.000,9999.000,9999.000,9999.000,9999.000
202606040130,   3.918,9999.000,9999.000,9999.000,9999.000,9999.000,9999.000,9999.000,9999.000
202606040136,   3.966,9999.000,9999.000,9999.000,9999.000,9999.000,9999.000,9999.000,9999.000
202606040142,   4.011,9999.000,9999.000,9999.000,9999.000,9999.000,9999.000,9999.000,9999.000
202606040148,   4.052,9999.000,9999.000,9999.000,9999.000,9999.000,9999.000,9999.000,9999.000
202606040154,   4.089,9999.000,9999.000,9999.000,9999.000,9999.000,9999.000,9999.000,9999.000
202606040200,   4.123,9999.000,   0.200,  -0.085,   4.238,   0.000,   4.038,   0.500,   4.538
202606040206,   4.153,9999.000,9999.000,9999.000,9999.000,9999.000,9999.000,9999.000,9999.000
202606040212,   4.179,9999.000,9999.000,9999.000,9999.000,9999.000,9999.000,9999.000,9999.000
202606040218,   4.202,9999.000,9999.000,9999.000,9999.000,9999.000,9999.000,9999.000,9999.000
202606040224,   4.220,9999.000,9999.000,9999.000,9999.000,9999.000,9999.000,9999.000,9999.000
202606040230,   4.235,9999.000,9999.000,9999.000,9999.000,9999.000,9999.000,9999.000,9999.000
202606040236,   4.245,9999.000,9999.000,9999.000,9999.000,9999.000,9999.000,9999.000,9999.000
202606040242,   4.251,9999.000,9999.000,9999.000,9999.000,9999.000,9999.000,9999.000,9999.000
202606040248,   4.253,9999.000,9999.000,9999.000,9999.000,9999.000,9999.000,9999.000,9999.000
202606040254,   4.250,9999.000,9999.000,9999.000,9999.000,9999.000,9999.000,9999.000,9999.000
202606040300,   4.243,9999.000,   0.200,   0.183,   4.626,   0.000,   4.426,   0.400,   4.826
202606040306,   4.231,9999.000,9999.000,9999.000,9999.000,9999.000,9999.000,9999.000,9999.000
202606040312,   4.215,9999.000,9999.000,9999.000,9999.000,9999.000,9999.000,9999.000,9999.000
202606040318,   4.194,9999.000,9999.000,9999.000,9999.000,9999.000,9999.000,9999.000,9999.000
202606040324,   4.168,9999.000,9999.000,9999.000,9999.000,9999.000,9999.000,9999.000,9999.000
202606040330,   4.137,9999.000,9999.000,9999.000,9999.000,9999.000,9999.000,9999.000,9999.000
202606040336,   4.101,9999.000,9999.000,9999.000,9999.000,9999.000,9999.000,9999.000,9999.000
202606040342,   4.061,9999.000,9999.000,9999.000,9999.000,9999.000,9999.000,9999.000,9999.000
202606040348,   4.016,9999.000,9999.000,9999.000,9999.000,9999.000,9999.000,9999.000,9999.000
202606040354,   3.967,9999.000,9999.000,9999.000,9999.000,9999.000,9999.000,9999.000,9999.000
202606040400,   3.912,9999.000,   0.200,   0.446,   4.558,   0.000,   4.358,   0.400,   4.758
202606040406,   3.854,9999.000,9999.000,9999.000,9999.000,9999.000,9999.000,9999.000,9999.000
202606040412,   3.792,9999.000,9999.000,9999.000,9999.000,9999.000,9999.000,9999.000,9999.000
202606040418,   3.725,9999.000,9999.000,9999.000,9999.000,9999.000,9999.000,9999.000,9999.000
202606040424,   3.655,9999.000,9999.000,9999.000,9999.000,9999.000,9999.000,9999.000,9999.000
202606040430,   3.582,9999.000,9999.000,9999.000,9999.000,9999.000,9999.000,9999.000,9999.000
202606040436,   3.505,9999.000,9999.000,9999.000,9999.000,9999.000,9999.000,9999.000,9999.000
202606040442,   3.425,9999.000,9999.000,9999.000,9999.000,9999.000,9999.000,9999.000,9999.000
202606040448,   3.343,9999.000,9999.000,9999.000,9999.000,9999.000,9999.000,9999.000,9999.000
202606040454,   3.258,9999.000,9999.000,9999.000,9999.000,9999.000,9999.000,9999.000,9999.000
202606040500,   3.171,9999.000,   0.200,   0.636,   4.007,   0.000,   3.807,   0.400,   4.207
202606040506,   3.083,9999.000,9999.000,9999.000,9999.000,9999.000,9999.000,9999.000,9999.000
202606040512,   2.993,9999.000,9999.000,9999.000,9999.000,9999.000,9999.000,9999.000,9999.000
202606040518,   2.902,9999.000,9999.000,9999.000,9999.000,9999.000,9999.000,9999.000,9999.000
202606040524,   2.811,9999.000,9999.000,9999.000,9999.000,9999.000,9999.000,9999.000,9999.000
202606040530,   2.719,9999.000,9999.000,9999.000,9999.000,9999.000,9999.000,9999.000,9999.000
202606040536,   2.626,9999.000,9999.000,9999.000,9999.000,9999.000,9999.000,9999.000,9999.000
202606040542,   2.534,9999.000,9999.000,9999.000,9999.000,9999.000,9999.000,9999.000,9999.000
202606040548,   2.442,9999.000,9999.000,9999.000,9999.000,9999.000,9999.000,9999.000,9999.000
202606040554,   2.351,9999.000,9999.000,9999.000,9999.000,9999.000,9999.000,9999.000,9999.000
202606040600,   2.260,9999.000,   0.200,   0.741,   3.201,   0.000,   3.001,   0.400,   3.401
202606040606,   2.170,9999.000,9999.000,9999.000,9999.000,9999.000,9999.000,9999.000,9999.000
202606040612,   2.081,9999.000,9999.000,9999.000,9999.000,9999.000,9999.000,9999.000,9999.000
202606040618,   1.994,9999.000,9999.000,9999.000,9999.000,9999.000,9999.000,9999.000,9999.000
202606040624,   1.908,9999.000,9999.000,9999.000,9999.000,9999.000,9999.000,9999.000,9999.000
202606040630,   1.823,9999.000,9999.000,9999.000,9999.000,9999.000,9999.000,9999.000,9999.000
202606040636,   1.740,9999.000,9999.000,9999.000,9999.000,9999.000,9999.000,9999.000,9999.000
202606040642,   1.658,9999.000,9999.000,9999.000,9999.000,9999.000,9999.000,9999.000,9999.000
202606040648,   1.579,9999.000,9999.000,9999.000,9999.000,9999.000,9999.000,9999.000,9999.000
202606040654,   1.501,9999.000,9999.000,9999.000,9999.000,9999.000,9999.000,9999.000,9999.000
202606040700,   1.426,9999.000,   0.200,   0.787,   2.413,   0.000,   2.213,   0.400,   2.613
202606040706,   1.352,9999.000,9999.000,9999.000,9999.000,9999.000,9999.000,9999.000,9999.000
202606040712,   1.281,9999.000,9999.000,9999.000,9999.000,9999.000,9999.000,9999.000,9999.000
202606040718,   1.212,9999.000,9999.000,9999.000,9999.000,9999.000,9999.000,9999.000,9999.000
202606040724,   1.146,9999.000,9999.000,9999.000,9999.000,9999.000,9999.000,9999.000,9999.000
202606040730,   1.081,9999.000,9999.000,9999.000,9999.000,9999.000,9999.000,9999.000,9999.000
202606040736,   1.020,9999.000,9999.000,9999.000,9999.000,9999.000,9999.000,9999.000,9999.000
202606040742,   0.961,9999.000,9999.000,9999.000,9999.000,9999.000,9999.000,9999.000,9999.000
202606040748,   0.904,9999.000,9999.000,9999.000,9999.000,9999.000,9999.000,9999.000,9999.000
202606040754,   0.851,9999.000,9999.000,9999.000,9999.000,9999.000,9999.000,9999.000,9999.000
202606040800,   0.800,9999.000,   0.200,   0.750,   1.750,   0.000,   1.550,   0.400,   1.950
202606040806,   0.753,9999.000,9999.000,9999.000,9999.000,9999.000,9999.000,9999.000,9999.000
202606040812,   0.709,9999.000,9999.000,9999.000,9999.000,9999.000,9999.000,9999.000,9999.000
202606040818,   0.667,9999.000,9999.000,9999.000,9999.000,9999.000,9999.000,9999.000,9999.000
202606040824,   0.630,9999.000,9999.000,9999.000,9999.000,9999.000,9999.000,9999.000,9999.000
202606040830,   0.595,9999.000,9999.000,9999.000,9999.000,9999.000,9999.000,9999.000,9999.000
202606040836,   0.564,9999.000,9999.000,9999.000,9999.000,9999.000,9999.000,9999.000,9999.000
202606040842,   0.537,9999.000,9999.000,9999.000,9999.000,9999.000,9999.000,9999.000,9999.000
202606040848,   0.513,9999.000,9999.000,9999.000,9999.000,9999.000,9999.000,9999.000,9999.000
202606040854,   0.493,9999.000,9999.000,9999.000,9999.000,9999.000,9999.000,9999.000,9999.000
202606040900,   0.477,9999.000,   0.200,   0.586,   1.263,   0.000,   1.063,   0.400,   1.463
202606040906,   0.464,9999.000,9999.000,9999.000,9999.000,9999.000,9999.000,9999.000,9999.000
202606040912,   0.456,9999.000,9999.000,9999.000,9999.000,9999.000,9999.000,9999.000,9999.000
202606040918,   0.451,9999.000,9999.000,9999.000,9999.000,9999.000,9999.000,9999.000,9999.000
202606040924,   0.451,9999.000,9999.000,9999.000,9999.000,9999.000,9999.000,9999.000,9999.000
202606040930,   0.454,9999.000,9999.000,9999.000,9999.000,9999.000,9999.000,9999.000,9999.000
202606040936,   0.462,9999.000,9999.000,9999.000,9999.000,9999.000,9999.000,9999.000,9999.000
202606040942,   0.473,9999.000,9999.000,9999.000,9999.000,9999.000,9999.000,9999.000,9999.000
202606040948,   0.489,9999.000,9999.000,9999.000,9999.000,9999.000,9999.000,9999.000,9999.000
202606040954,   0.509,9999.000,9999.000,9999.000,9999.000,9999.000,9999.000,9999.000,9999.000
202606041000,   0.532,9999.000,   0.200,   0.333,   1.065,  -0.100,   0.765,   0.400,   1.265
202606041006,   0.559,9999.000,9999.000,9999.000,9999.000,9999.000,9999.000,9999.000,9999.000
202606041012,   0.591,9999.000,9999.000,9999.000,9999.000,9999.000,9999.000,9999.000,9999.000
202606041018,   0.626,9999.000,9999.000,9999.000,9999.000,9999.000,9999.000,9999.000,9999.000
202606041024,   0.664,9999.000,9999.000,9999.000,9999.000,9999.000,9999.000,9999.000,9999.000
202606041030,   0.707,9999.000,9999.000,9999.000,9999.000,9999.000,9999.000,9999.000,9999.000
202606041036,   0.752,9999.000,9999.000,9999.000,9999.000,9999.000,9999.000,9999.000,9999.000
202606041042,   0.801,9999.000,9999.000,9999.000,9999.000,9999.000,9999.000,9999.000,9999.000
202606041048,   0.853,9999.000,9999.000,9999.000,9999.000,9999.000,9999.000,9999.000,9999.000
202606041054,   0.909,9999.000,9999.000,9999.000,9999.000,9999.000,9999.000,9999.000,9999.000
202606041100,   0.967,9999.000,   0.200,   0.111,   1.278,  -0.100,   0.978,   0.400,   1.478
202606041106,   1.027,9999.000,9999.000,9999.000,9999.000,9999.000,9999.000,9999.000,9999.000
202606041112,   1.090,9999.000,9999.000,9999.000,9999.000,9999.000,9999.000,9999.000,9999.000
202606041118,   1.155,9999.000,9999.000,9999.000,9999.000,9999.000,9999.000,9999.000,9999.000
202606041124,   1.222,9999.000,9999.000,9999.000,9999.000,9999.000,9999.000,9999.000,9999.000
202606041130,   1.291,9999.000,9999.000,9999.000,9999.000,9999.000,9999.000,9999.000,9999.000
202606041136,   1.361,9999.000,9999.000,9999.000,9999.000,9999.000,9999.000,9999.000,9999.000
202606041142,   1.433,9999.000,9999.000,9999.000,9999.000,9999.000,9999.000,9999.000,9999.000
202606041148,   1.505,9999.000,9999.000,9999.000,9999.000,9999.000,9999.000,9999.000,9999.000
202606041154,   1.578,9999.000,9999.000,9999.000,9999.000,9999.000,9999.000,9999.000,9999.000
202606041200,   1.651,9999.000,   0.200,  -0.021,   1.830,   0.000,   1.630,   0.500,   2.130
202606041206,   1.724,9999.000,9999.000,9999.000,9999.000,9999.000,9999.000,9999.000,9999.000
202606041212,   1.797,9999.000,9999.000,9999.000,9999.000,9999.000,9999.000,9999.000,9999.000
202606041218,   1.869,9999.000,9999.000,9999.000,9999.000,9999.000,9999.000,9999.000,9999.000
202606041224,   1.941,9999.000,9999.000,9999.000,9999.000,9999.000,9999.000,9999.000,9999.000
202606041230,   2.012,9999.000,9999.000,9999.000,9999.000,9999.000,9999.000,9999.000,9999.000
202606041236,   2.081,9999.000,9999.000,9999.000,9999.000,9999.000,9999.000,9999.000,9999.000
202606041242,   2.150,9999.000,9999.000,9999.000,9999.000,9999.000,9999.000,9999.000,9999.000
202606041248,   2.216,9999.000,9999.000,9999.000,9999.000,9999.000,9999.000,9999.000,9999.000
202606041254,   2.281,9999.000,9999.000,9999.000,9999.000,9999.000,9999.000,9999.000,9999.000
202606041300,   2.344,9999.000,   0.200,  -0.099,   2.445,  -0.100,   2.145,   0.400,   2.645
202606041306,   2.405,9999.000,9999.000,9999.000,9999.000,9999.000,9999.000,9999.000,9999.000
202606041312,   2.464,9999.000,9999.000,9999.000,9999.000,9999.000,9999.000,9999.000,9999.000
202606041318,   2.520,9999.000,9999.000,9999.000,9999.000,9999.000,9999.000,9999.000,9999.000
202606041324,   2.575,9999.000,9999.000,9999.000,9999.000,9999.000,9999.000,9999.000,9999.000
202606041330,   2.626,9999.000,9999.000,9999.000,9999.000,9999.000,9999.000,9999.000,9999.000
202606041336,   2.676,9999.000,9999.000,9999.000,9999.000,9999.000,9999.000,9999.000,9999.000
202606041342,   2.723,9999.000,9999.000,9999.000,9999.000,9999.000,9999.000,9999.000,9999.000
202606041348,   2.767,9999.000,9999.000,9999.000,9999.000,9999.000,9999.000,9999.000,9999.000
202606041354,   2.808,9999.000,9999.000,9999.000,9999.000,9999.000,9999.000,9999.000,9999.000
202606041400,   2.847,9999.000,   0.200,  -0.125,   2.922,  -0.100,   2.622,   0.500,   3.222
202606041406,   2.884,9999.000,9999.000,9999.000,9999.000,9999.000,9999.000,9999.000,9999.000
202606041412,   2.917,9999.000,9999.000,9999.000,9999.000,9999.000,9999.000,9999.000,9999.000
202606041418,   2.948,9999.000,9999.000,9999.000,9999.000,9999.000,9999.000,9999.000,9999.000
202606041424,   2.976,9999.000,9999.000,9999.000,9999.000,9999.000,9999.000,9999.000,9999.000
202606041430,   3.001,9999.000,9999.000,9999.000,9999.000,9999.000,9999.000,9999.000,9999.000
202606041436,   3.023,9999.000,9999.000,9999.000,9999.000,9999.000,9999.000,9999.000,9999.000
202606041442,   3.042,9999.000,9999.000,9999.000,9999.000,9999.000,9999.000,9999.000,9999.000
202606041448,   3.058,9999.000,9999.000,9999.000,9999.000,9999.000,9999.000,9999.000,9999.000
202606041454,   3.070,9999.000,9999.000,9999.000,9999.000,9999.000,9999.000,9999.000,9999.000
202606041500,   3.080,9999.000,   0.200,  -0.030,   3.250,   0.000,   3.050,   0.500,   3.550
202606041506,   3.085,9999.000,9999.000,9999.000,9999.000,9999.000,9999.000,9999.000,9999.000
202606041512,   3.087,9999.000,9999.000,9999.000,9999.000,9999.000,9999.000,9999.000,9999.000
202606041518,   3.086,9999.000,9999.000,9999.000,9999.000,9999.000,9999.000,9999.000,9999.000
202606041524,   3.081,9999.000,9999.000,9999.000,9999.000,9999.000,9999.000,9999.000,9999.000
202606041530,   3.072,9999.000,9999.000,9999.000,9999.000,9999.000,9999.000,9999.000,9999.000
202606041536,   3.059,9999.000,9999.000,9999.000,9999.000,9999.000,9999.000,9999.000,9999.000
202606041542,   3.042,9999.000,9999.000,9999.000,9999.000,9999.000,9999.000,9999.000,9999.000
202606041548,   3.021,9999.000,9999.000,9999.000,9999.000,9999.000,9999.000,9999.000,9999.000
202606041554,   2.996,9999.000,9999.000,9999.000,9999.000,9999.000,9999.000,9999.000,9999.000
202606041600,   2.967,9999.000,   0.200,   0.189,   3.356,   0.000,   3.156,   0.500,   3.656
202606041606,   2.933,9999.000,9999.000,9999.000,9999.000,9999.000,9999.000,9999.000,9999.000
202606041612,   2.896,9999.000,9999.000,9999.000,9999.000,9999.000,9999.000,9999.000,9999.000
202606041618,   2.856,9999.000,9999.000,9999.000,9999.000,9999.000,9999.000,9999.000,9999.000
202606041624,   2.811,9999.000,9999.000,9999.000,9999.000,9999.000,9999.000,9999.000,9999.000
202606041630,   2.763,9999.000,9999.000,9999.000,9999.000,9999.000,9999.000,9999.000,9999.000
202606041636,   2.711,9999.000,9999.000,9999.000,9999.000,9999.000,9999.000,9999.000,9999.000
202606041642,   2.656,9999.000,9999.000,9999.000,9999.000,9999.000,9999.000,9999.000,9999.000
202606041648,   2.598,9999.000,9999.000,9999.000,9999.000,9999.000,9999.000,9999.000,9999.000
202606041654,   2.538,9999.000,9999.000,9999.000,9999.000,9999.000,9999.000,9999.000,9999.000
202606041700,   2.475,9999.000,   0.200,   0.259,   2.934,   0.000,   2.734,   0.500,   3.234
202606041706,   2.409,9999.000,9999.000,9999.000,9999.000,9999.000,9999.000,9999.000,9999.000
202606041712,   2.342,9999.000,9999.000,9999.000,9999.000,9999.000,9999.000,9999.000,9999.000
202606041718,   2.274,9999.000,9999.000,9999.000,9999.000,9999.000,9999.000,9999.000,9999.000
202606041724,   2.204,9999.000,9999.000,9999.000,9999.000,9999.000,9999.000,9999.000,9999.000
202606041730,   2.133,9999.000,9999.000,9999.000,9999.000,9999.000,9999.000,9999.000,9999.000
202606041736,   2.061,9999.000,9999.000,9999.000,9999.000,9999.000,9999.000,9999.000,9999.000
202606041742,   1.989,9999.000,9999.000,9999.000,9999.000,9999.000,9999.000,9999.000,9999.000
202606041748,   1.917,9999.000,9999.000,9999.000,9999.000,9999.000,9999.000,9999.000,9999.000
202606041754,   1.845,9999.000,9999.000,9999.000,9999.000,9999.000,9999.000,9999.000,9999.000
202606041800,   1.774,9999.000,   0.200,   0.259,   2.233,   0.000,   2.033,   0.500,   2.533
