        TIME,    TIDE,      OB,   SURGE,    BIAS,     TWL,SURGE90p,  TWL90p,SURGE10p,   TWL10p
202603261800,  -0.121,   0.370,   0.500,  -0.009,   0.370,   0.500,   0.370,   0.500,   0.370
202603261806,  -0.130,9999.000,9999.000,9999.000,9999.000,9999.000,9999.000,9999.000,9999.000
202603261812,  -0.139,   0.350,9999.000,9999.000,9999.000,9999.000,9999.000,9999.000,9999.000
202603261818,  -0.148,9999.000,9999.000,9999.000,9999.000,9999.000,9999.000,9999.000,9999.000
202603261824,  -0.156,   0.370,9999.000,9999.000,9999.000,9999.000,9999.000,9999.000,9999.000
202603261830,  -0.164,9999.000,9999.000,9999.000,9999.000,9999.000,9999.000,9999.000,9999.000
202603261836,  -0.172,   0.350,9999.000,9999.000,9999.000,9999.000,9999.000,9999.000,9999.000
202603261842,  -0.180,9999.000,9999.000,9999.000,9999.000,9999.000,9999.000,9999.000,9999.000
202603261848,  -0.187,   0.288,9999.000,9999.000,9999.000,9999.000,9999.000,9999.000,9999.000
202603261854,  -0.194,9999.000,9999.000,9999.000,9999.000,9999.000,9999.000,9999.000,9999.000
202603261900,  -0.200,   0.278,   0.500,  -0.022,   0.278,   0.500,   0.278,   0.500,   0.278
202603261906,  -0.207,   0.288,9999.000,9999.000,9999.000,9999.000,9999.000,9999.000,9999.000
202603261912,  -0.212,   0.298,9999.000,9999.000,9999.000,9999.000,9999.000,9999.000,9999.000
202603261918,  -0.218,   0.321,9999.000,9999.000,9999.000,9999.000,9999.000,9999.000,9999.000
202603261924,  -0.223,   0.308,9999.000,9999.000,9999.000,9999.000,9999.000,9999.000,9999.000
202603261930,  -0.228,   0.308,9999.000,9999.000,9999.000,9999.000,9999.000,9999.000,9999.000
202603261936,  -0.233,   0.288,9999.000,9999.000,9999.000,9999.000,9999.000,9999.000,9999.000
202603261942,  -0.237,   0.268,9999.000,9999.000,9999.000,9999.000,9999.000,9999.000,9999.000
202603261948,  -0.241,   0.249,9999.000,9999.000,9999.000,9999.000,9999.000,9999.000,9999.000
202603261954,  -0.244,   0.268,9999.000,9999.000,9999.000,9999.000,9999.000,9999.000,9999.000
202603262000,  -0.248,   0.278,   0.500,   0.026,   0.278,   0.500,   0.278,   0.500,   0.278
202603262006,  -0.251,   0.278,9999.000,9999.000,9999.000,9999.000,9999.000,9999.000,9999.000
202603262012,  -0.253,   0.298,9999.000,9999.000,9999.000,9999.000,9999.000,9999.000,9999.000
202603262018,  -0.255,   0.298,9999.000,9999.000,9999.000,9999.000,9999.000,9999.000,9999.000
202603262024,  -0.257,   0.288,9999.000,9999.000,9999.000,9999.000,9999.000,9999.000,9999.000
202603262030,  -0.259,   0.239,9999.000,9999.000,9999.000,9999.000,9999.000,9999.000,9999.000
202603262036,  -0.260,   0.229,9999.000,9999.000,9999.000,9999.000,9999.000,9999.000,9999.000
202603262042,  -0.261,   0.229,9999.000,9999.000,9999.000,9999.000,9999.000,9999.000,9999.000
202603262048,  -0.262,   0.239,9999.000,9999.000,9999.000,9999.000,9999.000,9999.000,9999.000
202603262054,  -0.263,   0.278,9999.000,9999.000,9999.000,9999.000,9999.000,9999.000,9999.000
202603262100,  -0.263,   0.298,   0.500,   0.061,   0.298,   0.500,   0.298,   0.500,   0.298
202603262106,  -0.263,   0.288,9999.000,9999.000,9999.000,9999.000,9999.000,9999.000,9999.000
202603262112,  -0.263,   0.268,9999.000,9999.000,9999.000,9999.000,9999.000,9999.000,9999.000
202603262118,  -0.262,   0.239,9999.000,9999.000,9999.000,9999.000,9999.000,9999.000,9999.000
202603262124,  -0.261,   0.209,9999.000,9999.000,9999.000,9999.000,9999.000,9999.000,9999.000
202603262130,  -0.261,   0.200,9999.000,9999.000,9999.000,9999.000,9999.000,9999.000,9999.000
202603262136,  -0.260,   0.219,9999.000,9999.000,9999.000,9999.000,9999.000,9999.000,9999.000
202603262142,  -0.258,   0.239,9999.000,9999.000,9999.000,9999.000,9999.000,9999.000,9999.000
202603262148,  -0.257,   0.259,9999.000,9999.000,9999.000,9999.000,9999.000,9999.000,9999.000
202603262154,  -0.256,   0.268,9999.000,9999.000,9999.000,9999.000,9999.000,9999.000,9999.000
202603262200,  -0.254,   0.249,   0.500,   0.003,   0.249,   0.500,   0.249,   0.500,   0.249
202603262206,  -0.252,   0.209,9999.000,9999.000,9999.000,9999.000,9999.000,9999.000,9999.000
202603262212,  -0.250,   0.180,9999.000,9999.000,9999.000,9999.000,9999.000,9999.000,9999.000
202603262218,  -0.249,   0.170,9999.000,9999.000,9999.000,9999.000,9999.000,9999.000,9999.000
202603262224,  -0.247,   0.180,9999.000,9999.000,9999.000,9999.000,9999.000,9999.000,9999.000
202603262230,  -0.244,   0.190,9999.000,9999.000,9999.000,9999.000,9999.000,9999.000,9999.000
202603262236,  -0.242,   0.209,9999.000,9999.000,9999.000,9999.000,9999.000,9999.000,9999.000
202603262242,  -0.240,   0.249,9999.000,9999.000,9999.000,9999.000,9999.000,9999.000,9999.000
202603262248,  -0.238,   0.239,9999.000,9999.000,9999.000,9999.000,9999.000,9999.000,9999.000
202603262254,  -0.235,   0.219,9999.000,9999.000,9999.000,9999.000,9999.000,9999.000,9999.000
202603262300,  -0.233,   0.190,   0.500,  -0.077,   0.190,   0.500,   0.190,   0.500,   0.190
202603262306,  -0.230,   0.170,9999.000,9999.000,9999.000,9999.000,9999.000,9999.000,9999.000
202603262312,  -0.228,   0.170,9999.000,9999.000,9999.000,9999.000,9999.000,9999.000,9999.000
202603262318,  -0.225,   0.180,9999.000,9999.000,9999.000,9999.000,9999.000,9999.000,9999.000
202603262324,  -0.223,   0.200,9999.000,9999.000,9999.000,9999.000,9999.000,9999.000,9999.000
202603262330,  -0.220,   0.209,9999.000,9999.000,9999.000,9999.000,9999.000,9999.000,9999.000
202603262336,  -0.217,   0.209,9999.000,9999.000,9999.000,9999.000,9999.000,9999.000,9999.000
202603262342,  -0.215,   0.229,9999.000,9999.000,9999.000,9999.000,9999.000,9999.000,9999.000
202603262348,  -0.212,   0.190,9999.000,9999.000,9999.000,9999.000,9999.000,9999.000,9999.000
202603262354,  -0.209,   0.170,9999.000,9999.000,9999.000,9999.000,9999.000,9999.000,9999.000
202603270000,  -0.206,   0.160,   0.400,  -0.034,   0.160,   0.400,   0.160,   0.400,   0.160
202603270006,  -0.203,   0.190,9999.000,9999.000,9999.000,9999.000,9999.000,9999.000,9999.000
202603270012,  -0.200,   0.190,9999.000,9999.000,9999.000,9999.000,9999.000,9999.000,9999.000
202603270018,  -0.196,   0.219,9999.000,9999.000,9999.000,9999.000,9999.000,9999.000,9999.000
202603270024,  -0.193,   0.209,9999.000,9999.000,9999.000,9999.000,9999.000,9999.000,9999.000
202603270030,  -0.190,   0.219,9999.000,9999.000,9999.000,9999.000,9999.000,9999.000,9999.000
202603270036,  -0.186,   0.219,9999.000,9999.000,9999.000,9999.000,9999.000,9999.000,9999.000
202603270042,  -0.183,   0.200,9999.000,9999.000,9999.000,9999.000,9999.000,9999.000,9999.000
202603270048,  -0.179,   0.200,9999.000,9999.000,9999.000,9999.000,9999.000,9999.000,9999.000
202603270054,  -0.175,   0.209,9999.000,9999.000,9999.000,9999.000,9999.000,9999.000,9999.000
202603270100,  -0.171,   0.190,   0.400,  -0.039,   0.190,   0.400,   0.190,   0.400,   0.190
202603270106,  -0.167,   0.190,9999.000,9999.000,9999.000,9999.000,9999.000,9999.000,9999.000
202603270112,  -0.162,   0.229,9999.000,9999.000,9999.000,9999.000,9999.000,9999.000,9999.000
202603270118,  -0.158,   0.239,9999.000,9999.000,9999.000,9999.000,9999.000,9999.000,9999.000
202603270124,  -0.153,   0.268,9999.000,9999.000,9999.000,9999.000,9999.000,9999.000,9999.000
202603270130,  -0.148,   0.239,9999.000,9999.000,9999.000,9999.000,9999.000,9999.000,9999.000
202603270136,  -0.143,   0.229,9999.000,9999.000,9999.000,9999.000,9999.000,9999.000,9999.000
202603270142,  -0.137,   0.239,9999.000,9999.000,9999.000,9999.000,9999.000,9999.000,9999.000
202603270148,  -0.132,   0.219,9999.000,9999.000,9999.000,9999.000,9999.000,9999.000,9999.000
202603270154,  -0.126,   0.229,9999.000,9999.000,9999.000,9999.000,9999.000,9999.000,9999.000
202603270200,  -0.120,   0.229,   0.400,  -0.051,   0.229,   0.400,   0.229,   0.400,   0.229
202603270206,  -0.114,   0.249,9999.000,9999.000,9999.000,9999.000,9999.000,9999.000,9999.000
202603270212,  -0.108,   0.288,9999.000,9999.000,9999.000,9999.000,9999.000,9999.000,9999.000
202603270218,  -0.101,   0.331,9999.000,9999.000,9999.000,9999.000,9999.000,9999.000,9999.000
202603270224,  -0.094,   0.331,9999.000,9999.000,9999.000,9999.000,9999.000,9999.000,9999.000
202603270230,  -0.087,   0.331,9999.000,9999.000,9999.000,9999.000,9999.000,9999.000,9999.000
202603270236,  -0.080,   0.321,9999.000,9999.000,9999.000,9999.000,9999.000,9999.000,9999.000
202603270242,  -0.073,   0.288,9999.000,9999.000,9999.000,9999.000,9999.000,9999.000,9999.000
202603270248,  -0.065,   0.278,9999.000,9999.000,9999.000,9999.000,9999.000,9999.000,9999.000
202603270254,  -0.057,   0.288,9999.000,9999.000,9999.000,9999.000,9999.000,9999.000,9999.000
202603270300,  -0.049,   0.308,   0.400,  -0.043,   0.308,   0.400,   0.308,   0.400,   0.308
202603270306,  -0.041,   0.331,9999.000,9999.000,9999.000,9999.000,9999.000,9999.000,9999.000
202603270312,  -0.033,   0.370,9999.000,9999.000,9999.000,9999.000,9999.000,9999.000,9999.000
202603270318,  -0.024,   0.380,9999.000,9999.000,9999.000,9999.000,9999.000,9999.000,9999.000
202603270324,  -0.016,   0.380,9999.000,9999.000,9999.000,9999.000,9999.000,9999.000,9999.000
202603270330,  -0.007,   0.350,9999.000,9999.000,9999.000,9999.000,9999.000,9999.000,9999.000
202603270336,   0.001,   0.360,9999.000,9999.000,9999.000,9999.000,9999.000,9999.000,9999.000
202603270342,   0.010,   0.350,9999.000,9999.000,9999.000,9999.000,9999.000,9999.000,9999.000
202603270348,   0.019,   0.331,9999.000,9999.000,9999.000,9999.000,9999.000,9999.000,9999.000
202603270354,   0.029,   0.341,9999.000,9999.000,9999.000,9999.000,9999.000,9999.000,9999.000
202603270400,   0.038,   0.360,   0.400,  -0.078,   0.360,   0.400,   0.360,   0.400,   0.360
202603270406,   0.047,   0.400,9999.000,9999.000,9999.000,9999.000,9999.000,9999.000,9999.000
202603270412,   0.057,   0.419,9999.000,9999.000,9999.000,9999.000,9999.000,9999.000,9999.000
202603270418,   0.067,   0.439,9999.000,9999.000,9999.000,9999.000,9999.000,9999.000,9999.000
202603270424,   0.076,   0.429,9999.000,9999.000,9999.000,9999.000,9999.000,9999.000,9999.000
202603270430,   0.086,   0.419,9999.000,9999.000,9999.000,9999.000,9999.000,9999.000,9999.000
202603270436,   0.096,   0.419,9999.000,9999.000,9999.000,9999.000,9999.000,9999.000,9999.000
202603270442,   0.105,   0.419,9999.000,9999.000,9999.000,9999.000,9999.000,9999.000,9999.000
202603270448,   0.115,   0.419,9999.000,9999.000,9999.000,9999.000,9999.000,9999.000,9999.000
202603270454,   0.125,   0.419,9999.000,9999.000,9999.000,9999.000,9999.000,9999.000,9999.000
202603270500,   0.135,   0.439,   0.400,  -0.096,   0.439,   0.400,   0.439,   0.400,   0.439
202603270506,   0.144,   0.459,9999.000,9999.000,9999.000,9999.000,9999.000,9999.000,9999.000
202603270512,   0.154,   0.478,9999.000,9999.000,9999.000,9999.000,9999.000,9999.000,9999.000
202603270518,   0.164,   0.478,9999.000,9999.000,9999.000,9999.000,9999.000,9999.000,9999.000
202603270524,   0.173,   0.478,9999.000,9999.000,9999.000,9999.000,9999.000,9999.000,9999.000
202603270530,   0.183,   0.469,9999.000,9999.000,9999.000,9999.000,9999.000,9999.000,9999.000
202603270536,   0.192,   0.488,9999.000,9999.000,9999.000,9999.000,9999.000,9999.000,9999.000
202603270542,   0.202,   0.508,9999.000,9999.000,9999.000,9999.000,9999.000,9999.000,9999.000
202603270548,   0.211,   0.498,9999.000,9999.000,9999.000,9999.000,9999.000,9999.000,9999.000
202603270554,   0.220,   0.508,9999.000,9999.000,9999.000,9999.000,9999.000,9999.000,9999.000
202603270600,   0.230,   0.508,   0.300,  -0.022,   0.508,   0.300,   0.508,   0.300,   0.508
202603270606,   0.239,   0.508,9999.000,9999.000,9999.000,9999.000,9999.000,9999.000,9999.000
202603270612,   0.248,   0.518,9999.000,9999.000,9999.000,9999.000,9999.000,9999.000,9999.000
202603270618,   0.257,   0.541,9999.000,9999.000,9999.000,9999.000,9999.000,9999.000,9999.000
202603270624,   0.266,   0.541,9999.000,9999.000,9999.000,9999.000,9999.000,9999.000,9999.000
202603270630,   0.275,   0.541,9999.000,9999.000,9999.000,9999.000,9999.000,9999.000,9999.000
202603270636,   0.284,   0.551,9999.000,9999.000,9999.000,9999.000,9999.000,9999.000,9999.000
202603270642,   0.292,   0.570,9999.000,9999.000,9999.000,9999.000,9999.000,9999.000,9999.000
202603270648,   0.301,   0.570,9999.000,9999.000,9999.000,9999.000,9999.000,9999.000,9999.000
202603270654,   0.310,   0.570,9999.000,9999.000,9999.000,9999.000,9999.000,9999.000,9999.000
202603270700,   0.318,   0.590,   0.300,  -0.028,   0.590,   0.300,   0.590,   0.400,   0.690
202603270706,   0.327,   0.560,9999.000,9999.000,9999.000,9999.000,9999.000,9999.000,9999.000
202603270712,   0.335,   0.590,9999.000,9999.000,9999.000,9999.000,9999.000,9999.000,9999.000
202603270718,   0.343,   0.629,9999.000,9999.000,9999.000,9999.000,9999.000,9999.000,9999.000
202603270724,   0.352,   0.659,9999.000,9999.000,9999.000,9999.000,9999.000,9999.000,9999.000
202603270730,   0.360,   0.659,9999.000,9999.000,9999.000,9999.000,9999.000,9999.000,9999.000
202603270736,   0.368,   0.678,9999.000,9999.000,9999.000,9999.000,9999.000,9999.000,9999.000
202603270742,   0.376,   0.678,9999.000,9999.000,9999.000,9999.000,9999.000,9999.000,9999.000
202603270748,   0.383,   0.678,9999.000,9999.000,9999.000,9999.000,9999.000,9999.000,9999.000
202603270754,   0.391,   0.688,9999.000,9999.000,9999.000,9999.000,9999.000,9999.000,9999.000
202603270800,   0.399,   0.698,   0.300,  -0.001,   0.698,   0.300,   0.698,   0.400,   0.798
202603270806,   0.406,   0.731,9999.000,9999.000,9999.000,9999.000,9999.000,9999.000,9999.000
202603270812,   0.414,   0.731,9999.000,9999.000,9999.000,9999.000,9999.000,9999.000,9999.000
202603270818,   0.421,   0.770,9999.000,9999.000,9999.000,9999.000,9999.000,9999.000,9999.000
202603270824,   0.428,   0.770,9999.000,9999.000,9999.000,9999.000,9999.000,9999.000,9999.000
202603270830,   0.436,   0.770,9999.000,9999.000,9999.000,9999.000,9999.000,9999.000,9999.000
202603270836,   0.443,   0.780,9999.000,9999.000,9999.000,9999.000,9999.000,9999.000,9999.000
202603270842,   0.449,   0.780,9999.000,9999.000,9999.000,9999.000,9999.000,9999.000,9999.000
202603270848,   0.456,   0.780,9999.000,9999.000,9999.000,9999.000,9999.000,9999.000,9999.000
202603270854,   0.463,   0.800,9999.000,9999.000,9999.000,9999.000,9999.000,9999.000,9999.000
202603270900,   0.469,   0.800,   0.400,  -0.069,   0.800,   0.300,   0.700,   0.400,   0.800
202603270906,   0.475,   0.839,9999.000,9999.000,9999.000,9999.000,9999.000,9999.000,9999.000
202603270912,   0.481,   0.829,9999.000,9999.000,9999.000,9999.000,9999.000,9999.000,9999.000
202603270918,   0.487,   0.839,9999.000,9999.000,9999.000,9999.000,9999.000,9999.000,9999.000
202603270924,   0.493,   0.810,9999.000,9999.000,9999.000,9999.000,9999.000,9999.000,9999.000
202603270930,   0.498,   0.829,9999.000,9999.000,9999.000,9999.000,9999.000,9999.000,9999.000
202603270936,   0.503,   0.859,9999.000,9999.000,9999.000,9999.000,9999.000,9999.000,9999.000
202603270942,   0.508,   0.879,9999.000,9999.000,9999.000,9999.000,9999.000,9999.000,9999.000
202603270948,   0.513,   0.888,9999.000,9999.000,9999.000,9999.000,9999.000,9999.000,9999.000
202603270954,   0.517,   0.888,9999.000,9999.000,9999.000,9999.000,9999.000,9999.000,9999.000
202603271000,   0.521,   0.908,   0.400,  -0.013,   0.908,   0.300,   0.808,   0.400,   0.908
202603271006,   0.525,   0.888,9999.000,9999.000,9999.000,9999.000,9999.000,9999.000,9999.000
202603271012,   0.529,   0.869,9999.000,9999.000,9999.000,9999.000,9999.000,9999.000,9999.000
202603271018,   0.532,   0.849,9999.000,9999.000,9999.000,9999.000,9999.000,9999.000,9999.000
202603271024,   0.535,   0.839,9999.000,9999.000,9999.000,9999.000,9999.000,9999.000,9999.000
202603271030,   0.537,   0.859,9999.000,9999.000,9999.000,9999.000,9999.000,9999.000,9999.000
202603271036,   0.539,   0.879,9999.000,9999.000,9999.000,9999.000,9999.000,9999.000,9999.000
202603271042,   0.541,   0.888,9999.000,9999.000,9999.000,9999.000,9999.000,9999.000,9999.000
202603271048,   0.542,   0.879,9999.000,9999.000,9999.000,9999.000,9999.000,9999.000,9999.000
202603271054,   0.544,   0.888,9999.000,9999.000,9999.000,9999.000,9999.000,9999.000,9999.000
202603271100,   0.544,   0.888,   0.400,  -0.056,   0.888,   0.300,   0.788,   0.400,   0.888
202603271106,   0.544,   0.859,9999.000,9999.000,9999.000,9999.000,9999.000,9999.000,9999.000
202603271112,   0.544,   0.859,9999.000,9999.000,9999.000,9999.000,9999.000,9999.000,9999.000
202603271118,   0.544,   0.859,9999.000,9999.000,9999.000,9999.000,9999.000,9999.000,9999.000
202603271124,   0.543,   0.859,9999.000,9999.000,9999.000,9999.000,9999.000,9999.000,9999.000
202603271130,   0.542,   0.859,9999.000,9999.000,9999.000,9999.000,9999.000,9999.000,9999.000
202603271136,   0.540,   0.859,9999.000,9999.000,9999.000,9999.000,9999.000,9999.000,9999.000
202603271142,   0.538,   0.849,9999.000,9999.000,9999.000,9999.000,9999.000,9999.000,9999.000
202603271148,   0.535,   0.859,9999.000,9999.000,9999.000,9999.000,9999.000,9999.000,9999.000
202603271154,   0.533,   0.869,9999.000,9999.000,9999.000,9999.000,9999.000,9999.000,9999.000
202603271200,   0.529,   0.869,   0.300,   0.040,   0.869,   0.300,   0.869,   0.300,   0.869
202603271206,   0.526,   0.849,9999.000,9999.000,9999.000,9999.000,9999.000,9999.000,9999.000
202603271212,   0.521,   0.849,9999.000,9999.000,9999.000,9999.000,9999.000,9999.000,9999.000
202603271218,   0.517,   0.829,9999.000,9999.000,9999.000,9999.000,9999.000,9999.000,9999.000
202603271224,   0.512,   0.810,9999.000,9999.000,9999.000,9999.000,9999.000,9999.000,9999.000
202603271230,   0.507,   0.810,9999.000,9999.000,9999.000,9999.000,9999.000,9999.000,9999.000
202603271236,   0.502,   0.810,9999.000,9999.000,9999.000,9999.000,9999.000,9999.000,9999.000
202603271242,   0.496,   0.829,9999.000,9999.000,9999.000,9999.000,9999.000,9999.000,9999.000
202603271248,   0.489,   0.810,9999.000,9999.000,9999.000,9999.000,9999.000,9999.000,9999.000
202603271254,   0.483,   0.810,9999.000,9999.000,9999.000,9999.000,9999.000,9999.000,9999.000
202603271300,   0.476,   0.780,   0.300,   0.004,   0.780,   0.300,   0.780,   0.300,   0.780
202603271306,   0.469,   0.790,9999.000,9999.000,9999.000,9999.000,9999.000,9999.000,9999.000
202603271312,   0.462,   0.780,9999.000,9999.000,9999.000,9999.000,9999.000,9999.000,9999.000
202603271318,   0.454,   0.800,9999.000,9999.000,9999.000,9999.000,9999.000,9999.000,9999.000
202603271324,   0.446,   0.770,9999.000,9999.000,9999.000,9999.000,9999.000,9999.000,9999.000
202603271330,   0.438,   0.760,9999.000,9999.000,9999.000,9999.000,9999.000,9999.000,9999.000
202603271336,   0.429,   0.760,9999.000,9999.000,9999.000,9999.000,9999.000,9999.000,9999.000
202603271342,   0.421,   0.770,9999.000,9999.000,9999.000,9999.000,9999.000,9999.000,9999.000
202603271348,   0.412,   0.751,9999.000,9999.000,9999.000,9999.000,9999.000,9999.000,9999.000
202603271354,   0.403,   0.731,9999.000,9999.000,9999.000,9999.000,9999.000,9999.000,9999.000
202603271400,   0.394,   0.698,   0.300,   0.004,   0.698,   0.300,   0.698,   0.300,   0.698
202603271406,   0.384,   0.708,9999.000,9999.000,9999.000,9999.000,9999.000,9999.000,9999.000
202603271412,   0.375,   0.698,9999.000,9999.000,9999.000,9999.000,9999.000,9999.000,9999.000
202603271418,   0.365,   0.698,9999.000,9999.000,9999.000,9999.000,9999.000,9999.000,9999.000
202603271424,   0.356,   0.698,9999.000,9999.000,9999.000,9999.000,9999.000,9999.000,9999.000
202603271430,   0.346,   0.688,9999.000,9999.000,9999.000,9999.000,9999.000,9999.000,9999.000
202603271436,   0.336,   0.678,9999.000,9999.000,9999.000,9999.000,9999.000,9999.000,9999.000
202603271442,   0.326,   0.688,9999.000,9999.000,9999.000,9999.000,9999.000,9999.000,9999.000
202603271448,   0.316,   0.688,9999.000,9999.000,9999.000,9999.000,9999.000,9999.000,9999.000
202603271454,   0.306,   0.669,9999.000,9999.000,9999.000,9999.000,9999.000,9999.000,9999.000
202603271500,   0.296,   0.659,   0.300,   0.063,   0.659,   0.300,   0.659,   0.400,   0.759
202603271506,   0.285,   0.610,9999.000,9999.000,9999.000,9999.000,9999.000,9999.000,9999.000
202603271512,   0.275,   0.629,9999.000,9999.000,9999.000,9999.000,9999.000,9999.000,9999.000
202603271518,   0.265,   0.629,9999.000,9999.000,9999.000,9999.000,9999.000,9999.000,9999.000
202603271524,   0.255,   0.629,9999.000,9999.000,9999.000,9999.000,9999.000,9999.000,9999.000
202603271530,   0.244,   0.619,9999.000,9999.000,9999.000,9999.000,9999.000,9999.000,9999.000
202603271536,   0.234,   0.619,9999.000,9999.000,9999.000,9999.000,9999.000,9999.000,9999.000
202603271542,   0.224,   0.610,9999.000,9999.000,9999.000,9999.000,9999.000,9999.000,9999.000
202603271548,   0.214,   0.560,9999.000,9999.000,9999.000,9999.000,9999.000,9999.000,9999.000
202603271554,   0.204,   0.541,9999.000,9999.000,9999.000,9999.000,9999.000,9999.000,9999.000
202603271600,   0.193,   0.551,   0.300,   0.058,   0.551,   0.300,   0.551,   0.300,   0.551
202603271606,   0.183,   0.570,9999.000,9999.000,9999.000,9999.000,9999.000,9999.000,9999.000
202603271612,   0.173,   0.551,9999.000,9999.000,9999.000,9999.000,9999.000,9999.000,9999.000
202603271618,   0.163,   0.551,9999.000,9999.000,9999.000,9999.000,9999.000,9999.000,9999.000
202603271624,   0.153,   0.541,9999.000,9999.000,9999.000,9999.000,9999.000,9999.000,9999.000
202603271630,   0.143,   0.531,9999.000,9999.000,9999.000,9999.000,9999.000,9999.000,9999.000
202603271636,   0.133,   0.498,9999.000,9999.000,9999.000,9999.000,9999.000,9999.000,9999.000
202603271642,   0.124,   0.498,9999.000,9999.000,9999.000,9999.000,9999.000,9999.000,9999.000
202603271648,   0.114,   0.498,9999.000,9999.000,9999.000,9999.000,9999.000,9999.000,9999.000
202603271654,   0.104,   0.498,9999.000,9999.000,9999.000,9999.000,9999.000,9999.000,9999.000
202603271700,   0.095,   0.498,   0.300,   0.103,   0.498,   0.300,   0.498,   0.300,   0.498
202603271706,   0.085,   0.478,9999.000,9999.000,9999.000,9999.000,9999.000,9999.000,9999.000
202603271712,   0.076,   0.459,9999.000,9999.000,9999.000,9999.000,9999.000,9999.000,9999.000
202603271718,   0.066,   0.449,9999.000,9999.000,9999.000,9999.000,9999.000,9999.000,9999.000
202603271724,   0.057,   0.449,9999.000,9999.000,9999.000,9999.000,9999.000,9999.000,9999.000
202603271730,   0.048,   0.449,9999.000,9999.000,9999.000,9999.000,9999.000,9999.000,9999.000
202603271736,   0.039,   0.459,9999.000,9999.000,9999.000,9999.000,9999.000,9999.000,9999.000
202603271742,   0.030,   0.459,9999.000,9999.000,9999.000,9999.000,9999.000,9999.000,9999.000
202603271748,   0.022,   0.439,9999.000,9999.000,9999.000,9999.000,9999.000,9999.000,9999.000
202603271754,   0.013,   0.439,9999.000,9999.000,9999.000,9999.000,9999.000,9999.000,9999.000
202603271800,   0.004,   0.429,   0.300,   0.125,   0.429,   0.300,   0.429,   0.400,   0.529
202603271806,  -0.003,   0.439,9999.000,9999.000,9999.000,9999.000,9999.000,9999.000,9999.000
202603271812,  -0.011,   0.419,9999.000,9999.000,9999.000,9999.000,9999.000,9999.000,9999.000
202603271818,  -0.019,   0.429,9999.000,9999.000,9999.000,9999.000,9999.000,9999.000,9999.000
202603271824,  -0.027,   0.409,9999.000,9999.000,9999.000,9999.000,9999.000,9999.000,9999.000
202603271830,  -0.035,   0.390,9999.000,9999.000,9999.000,9999.000,9999.000,9999.000,9999.000
202603271836,  -0.042,   0.380,9999.000,9999.000,9999.000,9999.000,9999.000,9999.000,9999.000
202603271842,  -0.050,   0.350,9999.000,9999.000,9999.000,9999.000,9999.000,9999.000,9999.000
202603271848,  -0.057,   0.350,9999.000,9999.000,9999.000,9999.000,9999.000,9999.000,9999.000
202603271854,  -0.064,   0.360,9999.000,9999.000,9999.000,9999.000,9999.000,9999.000,9999.000
202603271900,  -0.070,   0.380,   0.300,   0.150,   0.380,   0.300,   0.380,   0.400,   0.480
202603271906,  -0.077,   0.350,9999.000,9999.000,9999.000,9999.000,9999.000,9999.000,9999.000
202603271912,  -0.083,   0.350,9999.000,9999.000,9999.000,9999.000,9999.000,9999.000,9999.000
202603271918,  -0.089,   0.350,9999.000,9999.000,9999.000,9999.000,9999.000,9999.000,9999.000
202603271924,  -0.095,   0.360,9999.000,9999.000,9999.000,9999.000,9999.000,9999.000,9999.000
202603271930,  -0.101,   0.350,9999.000,9999.000,9999.000,9999.000,9999.000,9999.000,9999.000
202603271936,  -0.106,   0.360,9999.000,9999.000,9999.000,9999.000,9999.000,9999.000,9999.000
202603271942,  -0.111,   0.350,9999.000,9999.000,9999.000,9999.000,9999.000,9999.000,9999.000
202603271948,  -0.116,   0.360,9999.000,9999.000,9999.000,9999.000,9999.000,9999.000,9999.000
202603271954,  -0.121,   0.350,9999.000,9999.000,9999.000,9999.000,9999.000,9999.000,9999.000
202603272000,  -0.125,   0.350,   0.300,   0.175,   0.350,   0.300,   0.350,   0.400,   0.450
202603272006,  -0.129,   0.341,9999.000,9999.000,9999.000,9999.000,9999.000,9999.000,9999.000
202603272012,  -0.133,   0.350,9999.000,9999.000,9999.000,9999.000,9999.000,9999.000,9999.000
202603272018,  -0.137,   0.350,9999.000,9999.000,9999.000,9999.000,9999.000,9999.000,9999.000
202603272024,  -0.140,   0.341,9999.000,9999.000,9999.000,9999.000,9999.000,9999.000,9999.000
202603272030,  -0.143,   0.331,9999.000,9999.000,9999.000,9999.000,9999.000,9999.000,9999.000
202603272036,  -0.146,   0.331,9999.000,9999.000,9999.000,9999.000,9999.000,9999.000,9999.000
202603272042,  -0.148,   0.308,9999.000,9999.000,9999.000,9999.000,9999.000,9999.000,9999.000
202603272048,  -0.151,   0.308,9999.000,9999.000,9999.000,9999.000,9999.000,9999.000,9999.000
202603272054,  -0.153,   0.321,9999.000,9999.000,9999.000,9999.000,9999.000,9999.000,9999.000
202603272100,  -0.154,   0.298,   0.300,   0.152,   0.298,   0.300,   0.298,   0.400,   0.398
202603272106,  -0.156,   0.341,9999.000,9999.000,9999.000,9999.000,9999.000,9999.000,9999.000
202603272112,  -0.157,   0.321,9999.000,9999.000,9999.000,9999.000,9999.000,9999.000,9999.000
202603272118,  -0.159,   0.308,9999.000,9999.000,9999.000,9999.000,9999.000,9999.000,9999.000
202603272124,  -0.160,   0.308,9999.000,9999.000,9999.000,9999.000,9999.000,9999.000,9999.000
202603272130,  -0.160,   0.298,9999.000,9999.000,9999.000,9999.000,9999.000,9999.000,9999.000
202603272136,  -0.161,   0.278,9999.000,9999.000,9999.000,9999.000,9999.000,9999.000,9999.000
202603272142,  -0.161,   0.308,9999.000,9999.000,9999.000,9999.000,9999.000,9999.000,9999.000
202603272148,  -0.161,   0.278,9999.000,9999.000,9999.000,9999.000,9999.000,9999.000,9999.000
202603272154,  -0.161,   0.268,9999.000,9999.000,9999.000,9999.000,9999.000,9999.000,9999.000
202603272200,  -0.161,   0.288,   0.300,   0.149,   0.288,   0.300,   0.288,   0.400,   0.388
202603272206,  -0.161,   0.288,9999.000,9999.000,9999.000,9999.000,9999.000,9999.000,9999.000
202603272212,  -0.161,   0.249,9999.000,9999.000,9999.000,9999.000,9999.000,9999.000,9999.000
202603272218,  -0.160,   0.268,9999.000,9999.000,9999.000,9999.000,9999.000,9999.000,9999.000
202603272224,  -0.160,   0.288,9999.000,9999.000,9999.000,9999.000,9999.000,9999.000,9999.000
202603272230,  -0.159,   0.268,9999.000,9999.000,9999.000,9999.000,9999.000,9999.000,9999.000
202603272236,  -0.158,   0.249,9999.000,9999.000,9999.000,9999.000,9999.000,9999.000,9999.000
202603272242,  -0.157,   0.239,9999.000,9999.000,9999.000,9999.000,9999.000,9999.000,9999.000
202603272248,  -0.156,   0.239,9999.000,9999.000,9999.000,9999.000,9999.000,9999.000,9999.000
202603272254,  -0.155,   0.249,9999.000,9999.000,9999.000,9999.000,9999.000,9999.000,9999.000
202603272300,  -0.154,   0.259,   0.300,   0.113,   0.259,   0.300,   0.259,   0.300,   0.259
202603272306,  -0.153,   0.239,9999.000,9999.000,9999.000,9999.000,9999.000,9999.000,9999.000
202603272312,  -0.152,   0.259,9999.000,9999.000,9999.000,9999.000,9999.000,9999.000,9999.000
202603272318,  -0.151,   0.249,9999.000,9999.000,9999.000,9999.000,9999.000,9999.000,9999.000
202603272324,  -0.150,   0.268,9999.000,9999.000,9999.000,9999.000,9999.000,9999.000,9999.000
202603272330,  -0.149,   0.239,9999.000,9999.000,9999.000,9999.000,9999.000,9999.000,9999.000
202603272336,  -0.148,   0.288,9999.000,9999.000,9999.000,9999.000,9999.000,9999.000,9999.000
202603272342,  -0.146,   0.278,9999.000,9999.000,9999.000,9999.000,9999.000,9999.000,9999.000
202603272348,  -0.145,   0.278,9999.000,9999.000,9999.000,9999.000,9999.000,9999.000,9999.000
202603272354,  -0.144,   0.259,9999.000,9999.000,9999.000,9999.000,9999.000,9999.000,9999.000
202603280000,  -0.143,   0.249,   0.400,  -0.008,   0.249,   0.300,   0.149,   0.400,   0.249
202603280006,  -0.142,   0.239,9999.000,9999.000,9999.000,9999.000,9999.000,9999.000,9999.000
202603280012,  -0.140,   0.239,9999.000,9999.000,9999.000,9999.000,9999.000,9999.000,9999.000
202603280018,  -0.139,   0.249,9999.000,9999.000,9999.000,9999.000,9999.000,9999.000,9999.000
202603280024,  -0.138,   0.298,9999.000,9999.000,9999.000,9999.000,9999.000,9999.000,9999.000
202603280030,  -0.137,   0.298,9999.000,9999.000,9999.000,9999.000,9999.000,9999.000,9999.000
202603280036,  -0.135,   0.288,9999.000,9999.000,9999.000,9999.000,9999.000,9999.000,9999.000
202603280042,  -0.134,   0.288,9999.000,9999.000,9999.000,9999.000,9999.000,9999.000,9999.000
202603280048,  -0.133,   0.259,9999.000,9999.000,9999.000,9999.000,9999.000,9999.000,9999.000
202603280054,  -0.131,   0.268,9999.000,9999.000,9999.000,9999.000,9999.000,9999.000,9999.000
202603280100,  -0.130,   0.259,   0.400,  -0.011,   0.259,   0.400,   0.259,   0.400,   0.259
202603280106,  -0.128,   0.268,9999.000,9999.000,9999.000,9999.000,9999.000,9999.000,9999.000
202603280112,  -0.127,   0.249,9999.000,9999.000,9999.000,9999.000,9999.000,9999.000,9999.000
202603280118,  -0.125,   0.288,9999.000,9999.000,9999.000,9999.000,9999.000,9999.000,9999.000
202603280124,  -0.123,   0.278,9999.000,9999.000,9999.000,9999.000,9999.000,9999.000,9999.000
202603280130,  -0.121,   0.298,9999.000,9999.000,9999.000,9999.000,9999.000,9999.000,9999.000
202603280136,  -0.119,   0.278,9999.000,9999.000,9999.000,9999.000,9999.000,9999.000,9999.000
202603280142,  -0.117,   0.288,9999.000,9999.000,9999.000,9999.000,9999.000,9999.000,9999.000
202603280148,  -0.115,   0.278,9999.000,9999.000,9999.000,9999.000,9999.000,9999.000,9999.000
202603280154,  -0.113,   0.268,9999.000,9999.000,9999.000,9999.000,9999.000,9999.000,9999.000
202603280200,  -0.110,   0.268,   0.400,  -0.022,   0.268,   0.400,   0.268,   0.400,   0.268
202603280206,  -0.107,   0.278,9999.000,9999.000,9999.000,9999.000,9999.000,9999.000,9999.000
202603280212,  -0.105,   0.268,9999.000,9999.000,9999.000,9999.000,9999.000,9999.000,9999.000
202603280218,  -0.102,   0.278,9999.000,9999.000,9999.000,9999.000,9999.000,9999.000,9999.000
202603280224,  -0.098,   0.321,9999.000,9999.000,9999.000,9999.000,9999.000,9999.000,9999.000
202603280230,  -0.095,   0.308,9999.000,9999.000,9999.000,9999.000,9999.000,9999.000,9999.000
202603280236,  -0.091,   0.308,9999.000,9999.000,9999.000,9999.000,9999.000,9999.000,9999.000
202603280242,  -0.087,   0.308,9999.000,9999.000,9999.000,9999.000,9999.000,9999.000,9999.000
202603280248,  -0.083,   0.321,9999.000,9999.000,9999.000,9999.000,9999.000,9999.000,9999.000
202603280254,  -0.079,   0.288,9999.000,9999.000,9999.000,9999.000,9999.000,9999.000,9999.000
202603280300,  -0.075,   0.308,   0.400,  -0.017,   0.308,   0.400,   0.308,   0.400,   0.308
202603280306,  -0.070,   0.321,9999.000,9999.000,9999.000,9999.000,9999.000,9999.000,9999.000
202603280312,  -0.065,   0.298,9999.000,9999.000,9999.000,9999.000,9999.000,9999.000,9999.000
202603280318,  -0.060,   0.298,9999.000,9999.000,9999.000,9999.000,9999.000,9999.000,9999.000
202603280324,  -0.054,   0.350,9999.000,9999.000,9999.000,9999.000,9999.000,9999.000,9999.000
202603280330,  -0.049,   0.350,9999.000,9999.000,9999.000,9999.000,9999.000,9999.000,9999.000
202603280336,  -0.043,   0.360,9999.000,9999.000,9999.000,9999.000,9999.000,9999.000,9999.000
202603280342,  -0.037,   0.360,9999.000,9999.000,9999.000,9999.000,9999.000,9999.000,9999.000
202603280348,  -0.030,   0.380,9999.000,9999.000,9999.000,9999.000,9999.000,9999.000,9999.000
202603280354,  -0.024,   0.380,9999.000,9999.000,9999.000,9999.000,9999.000,9999.000,9999.000
202603280400,  -0.017,   0.380,   0.400,  -0.003,   0.380,   0.300,   0.280,   0.400,   0.380
202603280406,  -0.010,   0.390,9999.000,9999.000,9999.000,9999.000,9999.000,9999.000,9999.000
202603280412,  -0.003,   0.380,9999.000,9999.000,9999.000,9999.000,9999.000,9999.000,9999.000
202603280418,   0.004,   0.400,9999.000,9999.000,9999.000,9999.000,9999.000,9999.000,9999.000
202603280424,   0.011,   0.419,9999.000,9999.000,9999.000,9999.000,9999.000,9999.000,9999.000
202603280430,   0.019,   0.429,9999.000,9999.000,9999.000,9999.000,9999.000,9999.000,9999.000
202603280436,   0.027,   0.449,9999.000,9999.000,9999.000,9999.000,9999.000,9999.000,9999.000
202603280442,   0.035,   0.478,9999.000,9999.000,9999.000,9999.000,9999.000,9999.000,9999.000
202603280448,   0.043,   0.488,9999.000,9999.000,9999.000,9999.000,9999.000,9999.000,9999.000
202603280454,   0.051,   0.439,9999.000,9999.000,9999.000,9999.000,9999.000,9999.000,9999.000
202603280500,   0.060,   0.439,   0.400,  -0.021,   0.439,   0.300,   0.339,   0.400,   0.439
202603280506,   0.069,   0.449,9999.000,9999.000,9999.000,9999.000,9999.000,9999.000,9999.000
202603280512,   0.077,   0.478,9999.000,9999.000,9999.000,9999.000,9999.000,9999.000,9999.000
202603280518,   0.086,   0.478,9999.000,9999.000,9999.000,9999.000,9999.000,9999.000,9999.000
202603280524,   0.095,   0.518,9999.000,9999.000,9999.000,9999.000,9999.000,9999.000,9999.000
202603280530,   0.104,   0.551,9999.000,9999.000,9999.000,9999.000,9999.000,9999.000,9999.000
202603280536,   0.113,   0.551,9999.000,9999.000,9999.000,9999.000,9999.000,9999.000,9999.000
202603280542,   0.122,   0.570,9999.000,9999.000,9999.000,9999.000,9999.000,9999.000,9999.000
202603280548,   0.131,   0.570,9999.000,9999.000,9999.000,9999.000,9999.000,9999.000,9999.000
202603280554,   0.140,   0.551,9999.000,9999.000,9999.000,9999.000,9999.000,9999.000,9999.000
202603280600,   0.149,   0.560,   0.400,   0.011,   0.560,   0.400,   0.560,   0.400,   0.560
202603280606,   0.158,   0.580,9999.000,9999.000,9999.000,9999.000,9999.000,9999.000,9999.000
202603280612,   0.168,   0.590,9999.000,9999.000,9999.000,9999.000,9999.000,9999.000,9999.000
202603280618,   0.177,   0.600,9999.000,9999.000,9999.000,9999.000,9999.000,9999.000,9999.000
202603280624,   0.186,   0.619,9999.000,9999.000,9999.000,9999.000,9999.000,9999.000,9999.000
202603280630,   0.195,   0.629,9999.000,9999.000,9999.000,9999.000,9999.000,9999.000,9999.000
202603280636,   0.204,   0.639,9999.000,9999.000,9999.000,9999.000,9999.000,9999.000,9999.000
202603280642,   0.213,   0.659,9999.000,9999.000,9999.000,9999.000,9999.000,9999.000,9999.000
202603280648,   0.222,   0.659,9999.000,9999.000,9999.000,9999.000,9999.000,9999.000,9999.000
202603280654,   0.231,   0.669,9999.000,9999.000,9999.000,9999.000,9999.000,9999.000,9999.000
202603280700,   0.240,   0.659,   0.400,   0.019,   0.659,   0.400,   0.659,   0.400,   0.659
202603280706,   0.249,   0.669,9999.000,9999.000,9999.000,9999.000,9999.000,9999.000,9999.000
202603280712,   0.257,   0.669,9999.000,9999.000,9999.000,9999.000,9999.000,9999.000,9999.000
202603280718,   0.266,   0.698,9999.000,9999.000,9999.000,9999.000,9999.000,9999.000,9999.000
202603280724,   0.275,   0.708,9999.000,9999.000,9999.000,9999.000,9999.000,9999.000,9999.000
202603280730,   0.283,   0.708,9999.000,9999.000,9999.000,9999.000,9999.000,9999.000,9999.000
202603280736,   0.292,   0.741,9999.000,9999.000,9999.000,9999.000,9999.000,9999.000,9999.000
202603280742,   0.300,   0.731,9999.000,9999.000,9999.000,9999.000,9999.000,9999.000,9999.000
202603280748,   0.308,   0.731,9999.000,9999.000,9999.000,9999.000,9999.000,9999.000,9999.000
202603280754,   0.316,   0.731,9999.000,9999.000,9999.000,9999.000,9999.000,9999.000,9999.000
202603280800,   0.324,   0.751,   0.400,   0.027,   0.751,   0.400,   0.751,   0.400,   0.751
202603280806,   0.332,   0.760,9999.000,9999.000,9999.000,9999.000,9999.000,9999.000,9999.000
202603280812,   0.340,   0.780,9999.000,9999.000,9999.000,9999.000,9999.000,9999.000,9999.000
202603280818,   0.348,   0.790,9999.000,9999.000,9999.000,9999.000,9999.000,9999.000,9999.000
202603280824,   0.356,   0.800,9999.000,9999.000,9999.000,9999.000,9999.000,9999.000,9999.000
202603280830,   0.363,   0.800,9999.000,9999.000,9999.000,9999.000,9999.000,9999.000,9999.000
202603280836,   0.371,   0.810,9999.000,9999.000,9999.000,9999.000,9999.000,9999.000,9999.000
202603280842,   0.378,   0.790,9999.000,9999.000,9999.000,9999.000,9999.000,9999.000,9999.000
202603280848,   0.385,   0.800,9999.000,9999.000,9999.000,9999.000,9999.000,9999.000,9999.000
202603280854,   0.392,   0.800,9999.000,9999.000,9999.000,9999.000,9999.000,9999.000,9999.000
202603280900,   0.399,   0.810,   0.400,   0.011,   0.810,   0.400,   0.810,   0.400,   0.810
202603280906,   0.406,   0.849,9999.000,9999.000,9999.000,9999.000,9999.000,9999.000,9999.000
202603280912,   0.413,   0.849,9999.000,9999.000,9999.000,9999.000,9999.000,9999.000,9999.000
202603280918,   0.419,   0.849,9999.000,9999.000,9999.000,9999.000,9999.000,9999.000,9999.000
202603280924,   0.426,   0.839,9999.000,9999.000,9999.000,9999.000,9999.000,9999.000,9999.000
202603280930,   0.432,   0.839,9999.000,9999.000,9999.000,9999.000,9999.000,9999.000,9999.000
202603280936,   0.438,   0.849,9999.000,9999.000,9999.000,9999.000,9999.000,9999.000,9999.000
202603280942,   0.444,   0.859,9999.000,9999.000,9999.000,9999.000,9999.000,9999.000,9999.000
202603280948,   0.450,   0.879,9999.000,9999.000,9999.000,9999.000,9999.000,9999.000,9999.000
202603280954,   0.455,   0.898,9999.000,9999.000,9999.000,9999.000,9999.000,9999.000,9999.000
202603281000,   0.460,   0.869,   0.400,   0.009,   0.869,   0.400,   0.869,   0.400,   0.869
202603281006,   0.465,   0.869,9999.000,9999.000,9999.000,9999.000,9999.000,9999.000,9999.000
202603281012,   0.470,   0.879,9999.000,9999.000,9999.000,9999.000,9999.000,9999.000,9999.000
202603281018,   0.475,   0.888,9999.000,9999.000,9999.000,9999.000,9999.000,9999.000,9999.000
202603281024,   0.479,   0.888,9999.000,9999.000,9999.000,9999.000,9999.000,9999.000,9999.000
202603281030,   0.483,   0.888,9999.000,9999.000,9999.000,9999.000,9999.000,9999.000,9999.000
202603281036,   0.487,   0.888,9999.000,9999.000,9999.000,9999.000,9999.000,9999.000,9999.000
202603281042,   0.491,   0.888,9999.000,9999.000,9999.000,9999.000,9999.000,9999.000,9999.000
202603281048,   0.494,   0.888,9999.000,9999.000,9999.000,9999.000,9999.000,9999.000,9999.000
202603281054,   0.497,   0.908,9999.000,9999.000,9999.000,9999.000,9999.000,9999.000,9999.000
202603281100,   0.500,   0.918,   0.400,   0.018,   0.918,   0.400,   0.918,   0.400,   0.918
202603281106,   0.503,   0.918,9999.000,9999.000,9999.000,9999.000,9999.000,9999.000,9999.000
202603281112,   0.505,   0.908,9999.000,9999.000,9999.000,9999.000,9999.000,9999.000,9999.000
202603281118,   0.506,   0.898,9999.000,9999.000,9999.000,9999.000,9999.000,9999.000,9999.000
202603281124,   0.508,   0.898,9999.000,9999.000,9999.000,9999.000,9999.000,9999.000,9999.000
202603281130,   0.509,   0.908,9999.000,9999.000,9999.000,9999.000,9999.000,9999.000,9999.000
202603281136,   0.510,   0.918,9999.000,9999.000,9999.000,9999.000,9999.000,9999.000,9999.000
202603281142,   0.510,   0.928,9999.000,9999.000,9999.000,9999.000,9999.000,9999.000,9999.000
202603281148,   0.510,   0.928,9999.000,9999.000,9999.000,9999.000,9999.000,9999.000,9999.000
202603281154,   0.510,   0.908,9999.000,9999.000,9999.000,9999.000,9999.000,9999.000,9999.000
202603281200,   0.509,   0.898,   0.400,  -0.011,   0.898,   0.400,   0.898,   0.400,   0.898
202603281206,   0.508,   0.898,9999.000,9999.000,9999.000,9999.000,9999.000,9999.000,9999.000
202603281212,   0.507,   0.908,9999.000,9999.000,9999.000,9999.000,9999.000,9999.000,9999.000
202603281218,   0.505,   0.898,9999.000,9999.000,9999.000,9999.000,9999.000,9999.000,9999.000
202603281224,   0.503,   0.918,9999.000,9999.000,9999.000,9999.000,9999.000,9999.000,9999.000
202603281230,   0.501,   0.918,9999.000,9999.000,9999.000,9999.000,9999.000,9999.000,9999.000
202603281236,   0.498,   0.908,9999.000,9999.000,9999.000,9999.000,9999.000,9999.000,9999.000
202603281242,   0.495,   0.908,9999.000,9999.000,9999.000,9999.000,9999.000,9999.000,9999.000
202603281248,   0.491,   0.908,9999.000,9999.000,9999.000,9999.000,9999.000,9999.000,9999.000
202603281254,   0.487,   0.898,9999.000,9999.000,9999.000,9999.000,9999.000,9999.000,9999.000
202603281300,   0.483,   0.879,   0.400,  -0.004,   0.879,   0.400,   0.879,   0.400,   0.879
202603281306,   0.479,   0.888,9999.000,9999.000,9999.000,9999.000,9999.000,9999.000,9999.000
202603281312,   0.474,   0.888,9999.000,9999.000,9999.000,9999.000,9999.000,9999.000,9999.000
202603281318,   0.468,   0.879,9999.000,9999.000,9999.000,9999.000,9999.000,9999.000,9999.000
202603281324,   0.463,   0.888,9999.000,9999.000,9999.000,9999.000,9999.000,9999.000,9999.000
202603281330,   0.457,   0.869,9999.000,9999.000,9999.000,9999.000,9999.000,9999.000,9999.000
202603281336,   0.451,   0.849,9999.000,9999.000,9999.000,9999.000,9999.000,9999.000,9999.000
202603281342,   0.445,   0.829,9999.000,9999.000,9999.000,9999.000,9999.000,9999.000,9999.000
202603281348,   0.438,   0.810,9999.000,9999.000,9999.000,9999.000,9999.000,9999.000,9999.000
202603281354,   0.431,   0.829,9999.000,9999.000,9999.000,9999.000,9999.000,9999.000,9999.000
202603281400,   0.424,   0.810,   0.400,  -0.014,   0.810,   0.400,   0.810,   0.400,   0.810
202603281406,   0.417,   0.819,9999.000,9999.000,9999.000,9999.000,9999.000,9999.000,9999.000
202603281412,   0.409,   0.800,9999.000,9999.000,9999.000,9999.000,9999.000,9999.000,9999.000
202603281418,   0.401,   0.810,9999.000,9999.000,9999.000,9999.000,9999.000,9999.000,9999.000
202603281424,   0.393,   0.800,9999.000,9999.000,9999.000,9999.000,9999.000,9999.000,9999.000
202603281430,   0.385,   0.760,9999.000,9999.000,9999.000,9999.000,9999.000,9999.000,9999.000
202603281436,   0.377,   0.751,9999.000,9999.000,9999.000,9999.000,9999.000,9999.000,9999.000
202603281442,   0.369,   0.770,9999.000,9999.000,9999.000,9999.000,9999.000,9999.000,9999.000
202603281448,   0.360,   0.731,9999.000,9999.000,9999.000,9999.000,9999.000,9999.000,9999.000
202603281454,   0.352,   0.731,9999.000,9999.000,9999.000,9999.000,9999.000,9999.000,9999.000
202603281500,   0.343,   0.731,   0.400,  -0.012,   0.731,   0.400,   0.731,   0.400,   0.731
202603281506,   0.335,   0.731,9999.000,9999.000,9999.000,9999.000,9999.000,9999.000,9999.000
202603281512,   0.326,   0.731,9999.000,9999.000,9999.000,9999.000,9999.000,9999.000,9999.000
202603281518,   0.317,   0.698,9999.000,9999.000,9999.000,9999.000,9999.000,9999.000,9999.000
202603281524,   0.309,   0.688,9999.000,9999.000,9999.000,9999.000,9999.000,9999.000,9999.000
202603281530,   0.300,   0.678,9999.000,9999.000,9999.000,9999.000,9999.000,9999.000,9999.000
202603281536,   0.291,   0.669,9999.000,9999.000,9999.000,9999.000,9999.000,9999.000,9999.000
202603281542,   0.282,   0.669,9999.000,9999.000,9999.000,9999.000,9999.000,9999.000,9999.000
202603281548,   0.273,   0.669,9999.000,9999.000,9999.000,9999.000,9999.000,9999.000,9999.000
202603281554,   0.265,   0.669,9999.000,9999.000,9999.000,9999.000,9999.000,9999.000,9999.000
202603281600,   0.256,   0.659,   0.400,   0.003,   0.659,   0.400,   0.659,   0.400,   0.659
202603281606,   0.248,   0.639,9999.000,9999.000,9999.000,9999.000,9999.000,9999.000,9999.000
202603281612,   0.239,   0.619,9999.000,9999.000,9999.000,9999.000,9999.000,9999.000,9999.000
202603281618,   0.231,   0.619,9999.000,9999.000,9999.000,9999.000,9999.000,9999.000,9999.000
202603281624,   0.222,   0.610,9999.000,9999.000,9999.000,9999.000,9999.000,9999.000,9999.000
202603281630,   0.214,   0.590,9999.000,9999.000,9999.000,9999.000,9999.000,9999.000,9999.000
202603281636,   0.206,   0.600,9999.000,9999.000,9999.000,9999.000,9999.000,9999.000,9999.000
202603281642,   0.198,   0.600,9999.000,9999.000,9999.000,9999.000,9999.000,9999.000,9999.000
202603281648,   0.190,   0.590,9999.000,9999.000,9999.000,9999.000,9999.000,9999.000,9999.000
202603281654,   0.182,   0.590,9999.000,9999.000,9999.000,9999.000,9999.000,9999.000,9999.000
202603281700,   0.174,   0.570,   0.400,  -0.004,   0.570,   0.400,   0.570,   0.400,   0.570
202603281706,   0.167,   0.570,9999.000,9999.000,9999.000,9999.000,9999.000,9999.000,9999.000
202603281712,   0.159,   0.551,9999.000,9999.000,9999.000,9999.000,9999.000,9999.000,9999.000
202603281718,   0.152,   0.541,9999.000,9999.000,9999.000,9999.000,9999.000,9999.000,9999.000
202603281724,   0.144,   0.518,9999.000,9999.000,9999.000,9999.000,9999.000,9999.000,9999.000
202603281730,   0.137,   0.478,9999.000,9999.000,9999.000,9999.000,9999.000,9999.000,9999.000
202603281736,   0.130,   0.488,9999.000,9999.000,9999.000,9999.000,9999.000,9999.000,9999.000
202603281742,   0.123,   0.508,9999.000,9999.000,9999.000,9999.000,9999.000,9999.000,9999.000
202603281748,   0.117,   0.531,9999.000,9999.000,9999.000,9999.000,9999.000,9999.000,9999.000
202603281754,   0.110,   0.518,9999.000,9999.000,9999.000,9999.000,9999.000,9999.000,9999.000
202603281800,   0.104,   0.508,   0.400,   0.004,   0.508,   0.400,   0.508,   0.400,   0.508
202603281806,   0.097,   0.488,9999.000,9999.000,9999.000,9999.000,9999.000,9999.000,9999.000
202603281812,   0.091,   0.469,9999.000,9999.000,9999.000,9999.000,9999.000,9999.000,9999.000
202603281818,   0.085,   0.459,9999.000,9999.000,9999.000,9999.000,9999.000,9999.000,9999.000
202603281824,   0.079,   0.449,9999.000,9999.000,9999.000,9999.000,9999.000,9999.000,9999.000
202603281830,   0.073,   0.478,9999.000,9999.000,9999.000,9999.000,9999.000,9999.000,9999.000
202603281836,   0.067,   0.469,9999.000,9999.000,9999.000,9999.000,9999.000,9999.000,9999.000
202603281842,   0.062,   0.488,9999.000,9999.000,9999.000,9999.000,9999.000,9999.000,9999.000
202603281848,   0.056,   0.508,9999.000,9999.000,9999.000,9999.000,9999.000,9999.000,9999.000
202603281854,   0.051,   0.478,9999.000,9999.000,9999.000,9999.000,9999.000,9999.000,9999.000
202603281900,   0.046,   0.459,   0.400,   0.013,   0.459,   0.400,   0.459,   0.500,   0.559
202603281906,   0.041,   0.439,9999.000,9999.000,9999.000,9999.000,9999.000,9999.000,9999.000
202603281912,   0.036,   0.439,9999.000,9999.000,9999.000,9999.000,9999.000,9999.000,9999.000
202603281918,   0.031,   0.439,9999.000,9999.000,9999.000,9999.000,9999.000,9999.000,9999.000
202603281924,   0.027,   0.449,9999.000,9999.000,9999.000,9999.000,9999.000,9999.000,9999.000
202603281930,   0.022,   0.459,9999.000,9999.000,9999.000,9999.000,9999.000,9999.000,9999.000
202603281936,   0.018,   0.459,9999.000,9999.000,9999.000,9999.000,9999.000,9999.000,9999.000
202603281942,   0.014,   0.429,9999.000,9999.000,9999.000,9999.000,9999.000,9999.000,9999.000
202603281948,   0.010,   0.400,9999.000,9999.000,9999.000,9999.000,9999.000,9999.000,9999.000
202603281954,   0.006,   0.400,9999.000,9999.000,9999.000,9999.000,9999.000,9999.000,9999.000
202603282000,   0.002,   0.380,   0.400,  -0.022,   0.380,   0.400,   0.380,   0.500,   0.480
202603282006,   0.000,   0.390,9999.000,9999.000,9999.000,9999.000,9999.000,9999.000,9999.000
202603282012,  -0.004,   0.380,9999.000,9999.000,9999.000,9999.000,9999.000,9999.000,9999.000
202603282018,  -0.007,   0.380,9999.000,9999.000,9999.000,9999.000,9999.000,9999.000,9999.000
202603282024,  -0.010,   0.380,9999.000,9999.000,9999.000,9999.000,9999.000,9999.000,9999.000
202603282030,  -0.013,   0.380,9999.000,9999.000,9999.000,9999.000,9999.000,9999.000,9999.000
202603282036,  -0.016,   0.400,9999.000,9999.000,9999.000,9999.000,9999.000,9999.000,9999.000
202603282042,  -0.019,   0.390,9999.000,9999.000,9999.000,9999.000,9999.000,9999.000,9999.000
202603282048,  -0.021,   0.400,9999.000,9999.000,9999.000,9999.000,9999.000,9999.000,9999.000
202603282054,  -0.023,   0.380,9999.000,9999.000,9999.000,9999.000,9999.000,9999.000,9999.000
202603282100,  -0.026,   0.400,   0.400,   0.026,   0.400,   0.400,   0.400,   0.500,   0.500
202603282106,  -0.028,   0.380,9999.000,9999.000,9999.000,9999.000,9999.000,9999.000,9999.000
202603282112,  -0.029,   0.390,9999.000,9999.000,9999.000,9999.000,9999.000,9999.000,9999.000
202603282118,  -0.031,   0.350,9999.000,9999.000,9999.000,9999.000,9999.000,9999.000,9999.000
202603282124,  -0.033,   0.350,9999.000,9999.000,9999.000,9999.000,9999.000,9999.000,9999.000
202603282130,  -0.034,   0.341,9999.000,9999.000,9999.000,9999.000,9999.000,9999.000,9999.000
202603282136,  -0.036,   0.350,9999.000,9999.000,9999.000,9999.000,9999.000,9999.000,9999.000
202603282142,  -0.037,   0.350,9999.000,9999.000,9999.000,9999.000,9999.000,9999.000,9999.000
202603282148,  -0.038,   0.380,9999.000,9999.000,9999.000,9999.000,9999.000,9999.000,9999.000
202603282154,  -0.039,   0.370,9999.000,9999.000,9999.000,9999.000,9999.000,9999.000,9999.000
202603282200,  -0.039,   0.341,   0.400,  -0.020,   0.341,   0.400,   0.341,   0.500,   0.441
202603282206,  -0.040,   0.331,9999.000,9999.000,9999.000,9999.000,9999.000,9999.000,9999.000
202603282212,  -0.041,   0.308,9999.000,9999.000,9999.000,9999.000,9999.000,9999.000,9999.000
202603282218,  -0.041,   0.308,9999.000,9999.000,9999.000,9999.000,9999.000,9999.000,9999.000
202603282224,  -0.041,   0.308,9999.000,9999.000,9999.000,9999.000,9999.000,9999.000,9999.000
202603282230,  -0.042,   0.331,9999.000,9999.000,9999.000,9999.000,9999.000,9999.000,9999.000
202603282236,  -0.042,   0.341,9999.000,9999.000,9999.000,9999.000,9999.000,9999.000,9999.000
202603282242,  -0.042,   0.350,9999.000,9999.000,9999.000,9999.000,9999.000,9999.000,9999.000
202603282248,  -0.042,   0.341,9999.000,9999.000,9999.000,9999.000,9999.000,9999.000,9999.000
202603282254,  -0.042,   0.331,9999.000,9999.000,9999.000,9999.000,9999.000,9999.000,9999.000
202603282300,  -0.042,   0.298,   0.400,  -0.060,   0.298,   0.400,   0.298,   0.400,   0.298
202603282306,  -0.042,   0.298,9999.000,9999.000,9999.000,9999.000,9999.000,9999.000,9999.000
202603282312,  -0.041,   0.308,9999.000,9999.000,9999.000,9999.000,9999.000,9999.000,9999.000
202603282318,  -0.041,   0.331,9999.000,9999.000,9999.000,9999.000,9999.000,9999.000,9999.000
202603282324,  -0.041,   0.341,9999.000,9999.000,9999.000,9999.000,9999.000,9999.000,9999.000
202603282330,  -0.041,   0.321,9999.000,9999.000,9999.000,9999.000,9999.000,9999.000,9999.000
202603282336,  -0.040,   0.321,9999.000,9999.000,9999.000,9999.000,9999.000,9999.000,9999.000
202603282342,  -0.040,   0.321,9999.000,9999.000,9999.000,9999.000,9999.000,9999.000,9999.000
202603282348,  -0.040,   0.308,9999.000,9999.000,9999.000,9999.000,9999.000,9999.000,9999.000
202603282354,  -0.040,   0.308,9999.000,9999.000,9999.000,9999.000,9999.000,9999.000,9999.000
202603290000,  -0.040,   0.308,   0.400,  -0.052,   0.308,   0.400,   0.308,   0.400,   0.308
202603290006,  -0.039,   0.331,9999.000,9999.000,9999.000,9999.000,9999.000,9999.000,9999.000
202603290012,  -0.039,   0.331,9999.000,9999.000,9999.000,9999.000,9999.000,9999.000,9999.000
202603290018,  -0.039,   0.341,9999.000,9999.000,9999.000,9999.000,9999.000,9999.000,9999.000
202603290024,  -0.039,   0.331,9999.000,9999.000,9999.000,9999.000,9999.000,9999.000,9999.000
202603290030,  -0.039,   0.341,9999.000,9999.000,9999.000,9999.000,9999.000,9999.000,9999.000
202603290036,  -0.039,   0.331,9999.000,9999.000,9999.000,9999.000,9999.000,9999.000,9999.000
202603290042,  -0.039,   0.321,9999.000,9999.000,9999.000,9999.000,9999.000,9999.000,9999.000
202603290048,  -0.039,   0.308,9999.000,9999.000,9999.000,9999.000,9999.000,9999.000,9999.000
202603290054,  -0.039,   0.321,9999.000,9999.000,9999.000,9999.000,9999.000,9999.000,9999.000
202603290100,  -0.039,   0.308,   0.400,  -0.053,   0.308,   0.400,   0.308,   0.400,   0.308
202603290106,  -0.039,   0.341,9999.000,9999.000,9999.000,9999.000,9999.000,9999.000,9999.000
202603290112,  -0.039,   0.350,9999.000,9999.000,9999.000,9999.000,9999.000,9999.000,9999.000
202603290118,  -0.039,   0.341,9999.000,9999.000,9999.000,9999.000,9999.000,9999.000,9999.000
202603290124,  -0.039,   0.341,9999.000,9999.000,9999.000,9999.000,9999.000,9999.000,9999.000
202603290130,  -0.039,   0.360,9999.000,9999.000,9999.000,9999.000,9999.000,9999.000,9999.000
202603290136,  -0.039,   0.370,9999.000,9999.000,9999.000,9999.000,9999.000,9999.000,9999.000
202603290142,  -0.039,   0.360,9999.000,9999.000,9999.000,9999.000,9999.000,9999.000,9999.000
202603290148,  -0.039,   0.350,9999.000,9999.000,9999.000,9999.000,9999.000,9999.000,9999.000
202603290154,  -0.039,   0.350,9999.000,9999.000,9999.000,9999.000,9999.000,9999.000,9999.000
202603290200,  -0.039,   0.360,   0.400,  -0.001,   0.360,   0.400,   0.360,   0.400,   0.360
202603290206,  -0.039,   0.350,9999.000,9999.000,9999.000,9999.000,9999.000,9999.000,9999.000
202603290212,  -0.039,   0.350,9999.000,9999.000,9999.000,9999.000,9999.000,9999.000,9999.000
202603290218,  -0.039,   0.341,9999.000,9999.000,9999.000,9999.000,9999.000,9999.000,9999.000
202603290224,  -0.038,   0.350,9999.000,9999.000,9999.000,9999.000,9999.000,9999.000,9999.000
202603290230,  -0.038,   0.380,9999.000,9999.000,9999.000,9999.000,9999.000,9999.000,9999.000
202603290236,  -0.037,   0.400,9999.000,9999.000,9999.000,9999.000,9999.000,9999.000,9999.000
202603290242,  -0.037,   0.390,9999.000,9999.000,9999.000,9999.000,9999.000,9999.000,9999.000
202603290248,  -0.036,   0.409,9999.000,9999.000,9999.000,9999.000,9999.000,9999.000,9999.000
202603290254,  -0.035,   0.390,9999.000,9999.000,9999.000,9999.000,9999.000,9999.000,9999.000
202603290300,  -0.034,   0.380,   0.400,   0.014,   0.380,   0.400,   0.380,   0.400,   0.380
202603290306,  -0.032,   0.380,9999.000,9999.000,9999.000,9999.000,9999.000,9999.000,9999.000
202603290312,  -0.031,   0.380,9999.000,9999.000,9999.000,9999.000,9999.000,9999.000,9999.000
202603290318,  -0.029,   0.380,9999.000,9999.000,9999.000,9999.000,9999.000,9999.000,9999.000
202603290324,  -0.027,   0.390,9999.000,9999.000,9999.000,9999.000,9999.000,9999.000,9999.000
202603290330,  -0.025,   0.429,9999.000,9999.000,9999.000,9999.000,9999.000,9999.000,9999.000
202603290336,  -0.023,   0.429,9999.000,9999.000,9999.000,9999.000,9999.000,9999.000,9999.000
202603290342,  -0.020,   0.409,9999.000,9999.000,9999.000,9999.000,9999.000,9999.000,9999.000
202603290348,  -0.018,   0.390,9999.000,9999.000,9999.000,9999.000,9999.000,9999.000,9999.000
202603290354,  -0.014,   0.419,9999.000,9999.000,9999.000,9999.000,9999.000,9999.000,9999.000
202603290400,  -0.011,   0.419,   0.400,   0.030,   0.419,   0.400,   0.419,   0.400,   0.419
202603290406,  -0.008,   0.439,9999.000,9999.000,9999.000,9999.000,9999.000,9999.000,9999.000
202603290412,  -0.004,   0.459,9999.000,9999.000,9999.000,9999.000,9999.000,9999.000,9999.000
202603290418,   0.000,   0.459,9999.000,9999.000,9999.000,9999.000,9999.000,9999.000,9999.000
202603290424,   0.003,   0.449,9999.000,9999.000,9999.000,9999.000,9999.000,9999.000,9999.000
202603290430,   0.008,   0.449,9999.000,9999.000,9999.000,9999.000,9999.000,9999.000,9999.000
202603290436,   0.012,   0.459,9999.000,9999.000,9999.000,9999.000,9999.000,9999.000,9999.000
202603290442,   0.017,   0.449,9999.000,9999.000,9999.000,9999.000,9999.000,9999.000,9999.000
202603290448,   0.023,   0.478,9999.000,9999.000,9999.000,9999.000,9999.000,9999.000,9999.000
202603290454,   0.028,   0.469,9999.000,9999.000,9999.000,9999.000,9999.000,9999.000,9999.000
202603290500,   0.034,   0.478,   0.400,   0.044,   0.478,   0.400,   0.478,   0.400,   0.478
202603290506,   0.040,   0.459,9999.000,9999.000,9999.000,9999.000,9999.000,9999.000,9999.000
202603290512,   0.046,   0.469,9999.000,9999.000,9999.000,9999.000,9999.000,9999.000,9999.000
202603290518,   0.052,   0.469,9999.000,9999.000,9999.000,9999.000,9999.000,9999.000,9999.000
202603290524,   0.059,   0.488,9999.000,9999.000,9999.000,9999.000,9999.000,9999.000,9999.000
202603290530,   0.066,   0.488,9999.000,9999.000,9999.000,9999.000,9999.000,9999.000,9999.000
202603290536,   0.073,   0.508,9999.000,9999.000,9999.000,9999.000,9999.000,9999.000,9999.000
202603290542,   0.080,   0.498,9999.000,9999.000,9999.000,9999.000,9999.000,9999.000,9999.000
202603290548,   0.087,   0.508,9999.000,9999.000,9999.000,9999.000,9999.000,9999.000,9999.000
202603290554,   0.094,   0.498,9999.000,9999.000,9999.000,9999.000,9999.000,9999.000,9999.000
202603290600,   0.102,   0.478,   0.400,  -0.024,   0.478,   0.400,   0.478,   0.400,   0.478
202603290606,   0.110,   0.498,9999.000,9999.000,9999.000,9999.000,9999.000,9999.000,9999.000
202603290612,   0.117,   0.531,9999.000,9999.000,9999.000,9999.000,9999.000,9999.000,9999.000
202603290618,   0.125,   0.551,9999.000,9999.000,9999.000,9999.000,9999.000,9999.000,9999.000
202603290624,   0.133,   0.570,9999.000,9999.000,9999.000,9999.000,9999.000,9999.000,9999.000
202603290630,   0.141,   0.570,9999.000,9999.000,9999.000,9999.000,9999.000,9999.000,9999.000
202603290636,   0.149,   0.560,9999.000,9999.000,9999.000,9999.000,9999.000,9999.000,9999.000
202603290642,   0.158,   0.560,9999.000,9999.000,9999.000,9999.000,9999.000,9999.000,9999.000
202603290648,   0.166,   0.570,9999.000,9999.000,9999.000,9999.000,9999.000,9999.000,9999.000
202603290654,   0.174,   0.580,9999.000,9999.000,9999.000,9999.000,9999.000,9999.000,9999.000
202603290700,   0.182,   0.600,   0.400,   0.018,   0.600,   0.400,   0.600,   0.400,   0.600
202603290706,   0.190,   0.600,9999.000,9999.000,9999.000,9999.000,9999.000,9999.000,9999.000
202603290712,   0.199,   0.649,9999.000,9999.000,9999.000,9999.000,9999.000,9999.000,9999.000
202603290718,   0.207,   0.639,9999.000,9999.000,9999.000,9999.000,9999.000,9999.000,9999.000
202603290724,   0.215,   0.649,9999.000,9999.000,9999.000,9999.000,9999.000,9999.000,9999.000
202603290730,   0.223,   0.649,9999.000,9999.000,9999.000,9999.000,9999.000,9999.000,9999.000
202603290736,   0.231,   0.619,9999.000,9999.000,9999.000,9999.000,9999.000,9999.000,9999.000
202603290742,   0.239,   0.629,9999.000,9999.000,9999.000,9999.000,9999.000,9999.000,9999.000
202603290748,   0.247,   0.649,9999.000,9999.000,9999.000,9999.000,9999.000,9999.000,9999.000
202603290754,   0.255,   0.669,9999.000,9999.000,9999.000,9999.000,9999.000,9999.000,9999.000
202603290800,   0.263,   0.688,   0.400,   0.025,   0.688,   0.400,   0.688,   0.400,   0.688
202603290806,   0.270,   0.698,9999.000,9999.000,9999.000,9999.000,9999.000,9999.000,9999.000
202603290812,   0.278,   0.708,9999.000,9999.000,9999.000,9999.000,9999.000,9999.000,9999.000
202603290818,   0.285,   0.708,9999.000,9999.000,9999.000,9999.000,9999.000,9999.000,9999.000
202603290824,   0.293,   0.718,9999.000,9999.000,9999.000,9999.000,9999.000,9999.000,9999.000
202603290830,   0.300,   0.718,9999.000,9999.000,9999.000,9999.000,9999.000,9999.000,9999.000
202603290836,   0.307,   0.731,9999.000,9999.000,9999.000,9999.000,9999.000,9999.000,9999.000
202603290842,   0.314,   0.741,9999.000,9999.000,9999.000,9999.000,9999.000,9999.000,9999.000
202603290848,   0.321,   0.741,9999.000,9999.000,9999.000,9999.000,9999.000,9999.000,9999.000
202603290854,   0.328,   0.760,9999.000,9999.000,9999.000,9999.000,9999.000,9999.000,9999.000
202603290900,   0.334,   0.751,   0.400,   0.017,   0.751,   0.400,   0.751,   0.400,   0.751
202603290906,   0.341,   0.760,9999.000,9999.000,9999.000,9999.000,9999.000,9999.000,9999.000
202603290912,   0.347,   0.770,9999.000,9999.000,9999.000,9999.000,9999.000,9999.000,9999.000
202603290918,   0.353,   0.770,9999.000,9999.000,9999.000,9999.000,9999.000,9999.000,9999.000
202603290924,   0.359,   0.790,9999.000,9999.000,9999.000,9999.000,9999.000,9999.000,9999.000
202603290930,   0.365,   0.780,9999.000,9999.000,9999.000,9999.000,9999.000,9999.000,9999.000
202603290936,   0.371,   0.780,9999.000,9999.000,9999.000,9999.000,9999.000,9999.000,9999.000
202603290942,   0.376,   0.780,9999.000,9999.000,9999.000,9999.000,9999.000,9999.000,9999.000
202603290948,   0.382,   0.780,9999.000,9999.000,9999.000,9999.000,9999.000,9999.000,9999.000
202603290954,   0.387,   0.790,9999.000,9999.000,9999.000,9999.000,9999.000,9999.000,9999.000
202603291000,   0.392,   0.800,   0.400,   0.008,   0.800,   0.400,   0.800,   0.400,   0.800
202603291006,   0.397,   0.790,9999.000,9999.000,9999.000,9999.000,9999.000,9999.000,9999.000
202603291012,   0.402,   0.800,9999.000,9999.000,9999.000,9999.000,9999.000,9999.000,9999.000
202603291018,   0.406,   0.790,9999.000,9999.000,9999.000,9999.000,9999.000,9999.000,9999.000
202603291024,   0.410,   0.780,9999.000,9999.000,9999.000,9999.000,9999.000,9999.000,9999.000
202603291030,   0.415,   0.760,9999.000,9999.000,9999.000,9999.000,9999.000,9999.000,9999.000
202603291036,   0.419,   0.770,9999.000,9999.000,9999.000,9999.000,9999.000,9999.000,9999.000
202603291042,   0.422,   0.810,9999.000,9999.000,9999.000,9999.000,9999.000,9999.000,9999.000
202603291048,   0.426,   0.810,9999.000,9999.000,9999.000,9999.000,9999.000,9999.000,9999.000
202603291054,   0.429,   0.819,9999.000,9999.000,9999.000,9999.000,9999.000,9999.000,9999.000
202603291100,   0.432,   0.829,   0.400,  -0.003,   0.829,   0.400,   0.829,   0.400,   0.829
202603291106,   0.435,   0.819,9999.000,9999.000,9999.000,9999.000,9999.000,9999.000,9999.000
202603291112,   0.438,   0.790,9999.000,9999.000,9999.000,9999.000,9999.000,9999.000,9999.000
202603291118,   0.440,   0.800,9999.000,9999.000,9999.000,9999.000,9999.000,9999.000,9999.000
202603291124,   0.443,   0.800,9999.000,9999.000,9999.000,9999.000,9999.000,9999.000,9999.000
202603291130,   0.445,   0.790,9999.000,9999.000,9999.000,9999.000,9999.000,9999.000,9999.000
202603291136,   0.446,   0.810,9999.000,9999.000,9999.000,9999.000,9999.000,9999.000,9999.000
202603291142,   0.448,   0.829,9999.000,9999.000,9999.000,9999.000,9999.000,9999.000,9999.000
202603291148,   0.449,   0.829,9999.000,9999.000,9999.000,9999.000,9999.000,9999.000,9999.000
202603291154,   0.450,   0.810,9999.000,9999.000,9999.000,9999.000,9999.000,9999.000,9999.000
202603291200,   0.451,   0.800,   0.400,  -0.051,   0.800,   0.400,   0.800,   0.400,   0.800
202603291206,   0.451,   0.800,9999.000,9999.000,9999.000,9999.000,9999.000,9999.000,9999.000
202603291212,   0.451,   0.810,9999.000,9999.000,9999.000,9999.000,9999.000,9999.000,9999.000
202603291218,   0.451,   0.810,9999.000,9999.000,9999.000,9999.000,9999.000,9999.000,9999.000
202603291224,   0.451,   0.790,9999.000,9999.000,9999.000,9999.000,9999.000,9999.000,9999.000
202603291230,   0.450,   0.800,9999.000,9999.000,9999.000,9999.000,9999.000,9999.000,9999.000
202603291236,   0.449,   0.780,9999.000,9999.000,9999.000,9999.000,9999.000,9999.000,9999.000
202603291242,   0.448,   0.780,9999.000,9999.000,9999.000,9999.000,9999.000,9999.000,9999.000
202603291248,   0.446,   0.780,9999.000,9999.000,9999.000,9999.000,9999.000,9999.000,9999.000
202603291254,   0.444,   0.780,9999.000,9999.000,9999.000,9999.000,9999.000,9999.000,9999.000
202603291300,   0.442,   0.800,   0.400,  -0.042,   0.800,   0.400,   0.800,   0.400,   0.800
202603291306,   0.439,   0.790,9999.000,9999.000,9999.000,9999.000,9999.000,9999.000,9999.000
202603291312,   0.437,   0.790,9999.000,9999.000,9999.000,9999.000,9999.000,9999.000,9999.000
202603291318,   0.434,   0.760,9999.000,9999.000,9999.000,9999.000,9999.000,9999.000,9999.000
202603291324,   0.430,   0.770,9999.000,9999.000,9999.000,9999.000,9999.000,9999.000,9999.000
202603291330,   0.427,   0.770,9999.000,9999.000,9999.000,9999.000,9999.000,9999.000,9999.000
202603291336,   0.423,   0.770,9999.000,9999.000,9999.000,9999.000,9999.000,9999.000,9999.000
202603291342,   0.418,   0.780,9999.000,9999.000,9999.000,9999.000,9999.000,9999.000,9999.000
202603291348,   0.414,   0.770,9999.000,9999.000,9999.000,9999.000,9999.000,9999.000,9999.000
202603291354,   0.409,   0.780,9999.000,9999.000,9999.000,9999.000,9999.000,9999.000,9999.000
202603291400,   0.404,   0.760,   0.400,  -0.044,   0.760,   0.400,   0.760,   0.400,   0.760
202603291406,   0.399,   0.741,9999.000,9999.000,9999.000,9999.000,9999.000,9999.000,9999.000
202603291412,   0.393,   0.751,9999.000,9999.000,9999.000,9999.000,9999.000,9999.000,9999.000
202603291418,   0.388,   0.731,9999.000,9999.000,9999.000,9999.000,9999.000,9999.000,9999.000
202603291424,   0.382,   0.741,9999.000,9999.000,9999.000,9999.000,9999.000,9999.000,9999.000
202603291430,   0.376,   0.751,9999.000,9999.000,9999.000,9999.000,9999.000,9999.000,9999.000
202603291436,   0.370,   0.751,9999.000,9999.000,9999.000,9999.000,9999.000,9999.000,9999.000
202603291442,   0.363,   0.741,9999.000,9999.000,9999.000,9999.000,9999.000,9999.000,9999.000
202603291448,   0.357,   0.731,9999.000,9999.000,9999.000,9999.000,9999.000,9999.000,9999.000
202603291454,   0.350,   0.731,9999.000,9999.000,9999.000,9999.000,9999.000,9999.000,9999.000
202603291500,   0.343,   0.731,   0.400,  -0.012,   0.731,   0.400,   0.731,   0.400,   0.731
202603291506,   0.336,   0.731,9999.000,9999.000,9999.000,9999.000,9999.000,9999.000,9999.000
202603291512,   0.330,   0.731,9999.000,9999.000,9999.000,9999.000,9999.000,9999.000,9999.000
202603291518,   0.322,   0.731,9999.000,9999.000,9999.000,9999.000,9999.000,9999.000,9999.000
202603291524,   0.315,   0.731,9999.000,9999.000,9999.000,9999.000,9999.000,9999.000,9999.000
202603291530,   0.308,   0.708,9999.000,9999.000,9999.000,9999.000,9999.000,9999.000,9999.000
202603291536,   0.300,   0.708,9999.000,9999.000,9999.000,9999.000,9999.000,9999.000,9999.000
202603291542,   0.293,   0.698,9999.000,9999.000,9999.000,9999.000,9999.000,9999.000,9999.000
202603291548,   0.286,   0.708,9999.000,9999.000,9999.000,9999.000,9999.000,9999.000,9999.000
202603291554,   0.279,   0.698,9999.000,9999.000,9999.000,9999.000,9999.000,9999.000,9999.000
202603291600,   0.272,   0.698,   0.400,   0.026,   0.698,   0.400,   0.698,   0.400,   0.698
202603291606,   0.264,   0.669,9999.000,9999.000,9999.000,9999.000,9999.000,9999.000,9999.000
202603291612,   0.257,   0.669,9999.000,9999.000,9999.000,9999.000,9999.000,9999.000,9999.000
202603291618,   0.250,   0.659,9999.000,9999.000,9999.000,9999.000,9999.000,9999.000,9999.000
202603291624,   0.244,   0.659,9999.000,9999.000,9999.000,9999.000,9999.000,9999.000,9999.000
202603291630,   0.237,   0.669,9999.000,9999.000,9999.000,9999.000,9999.000,9999.000,9999.000
202603291636,   0.230,   0.678,9999.000,9999.000,9999.000,9999.000,9999.000,9999.000,9999.000
202603291642,   0.224,   0.678,9999.000,9999.000,9999.000,9999.000,9999.000,9999.000,9999.000
202603291648,   0.217,   0.649,9999.000,9999.000,9999.000,9999.000,9999.000,9999.000,9999.000
202603291654,   0.211,   0.639,9999.000,9999.000,9999.000,9999.000,9999.000,9999.000,9999.000
202603291700,   0.205,   0.619,   0.400,   0.014,   0.619,   0.400,   0.619,   0.400,   0.619
202603291706,   0.199,   0.619,9999.000,9999.000,9999.000,9999.000,9999.000,9999.000,9999.000
202603291712,   0.193,   0.600,9999.000,9999.000,9999.000,9999.000,9999.000,9999.000,9999.000
202603291718,   0.188,   0.639,9999.000,9999.000,9999.000,9999.000,9999.000,9999.000,9999.000
202603291724,   0.182,   0.629,9999.000,9999.000,9999.000,9999.000,9999.000,9999.000,9999.000
202603291730,   0.177,   0.619,9999.000,9999.000,9999.000,9999.000,9999.000,9999.000,9999.000
202603291736,   0.172,   0.600,9999.000,9999.000,9999.000,9999.000,9999.000,9999.000,9999.000
202603291742,   0.167,   0.600,9999.000,9999.000,9999.000,9999.000,9999.000,9999.000,9999.000
202603291748,   0.163,   0.551,9999.000,9999.000,9999.000,9999.000,9999.000,9999.000,9999.000
202603291754,   0.158,   0.551,9999.000,9999.000,9999.000,9999.000,9999.000,9999.000,9999.000
202603291800,   0.154,   0.560,   0.400,   0.006,   0.560,   0.400,   0.560,   0.500,   0.660
202603291806,   0.150,   0.570,9999.000,9999.000,9999.000,9999.000,9999.000,9999.000,9999.000
202603291812,   0.146,   0.580,9999.000,9999.000,9999.000,9999.000,9999.000,9999.000,9999.000
202603291818,   0.142,   0.580,9999.000,9999.000,9999.000,9999.000,9999.000,9999.000,9999.000
202603291824,   0.139,   0.560,9999.000,9999.000,9999.000,9999.000,9999.000,9999.000,9999.000
202603291830,   0.136,   0.570,9999.000,9999.000,9999.000,9999.000,9999.000,9999.000,9999.000
202603291836,   0.132,   0.541,9999.000,9999.000,9999.000,9999.000,9999.000,9999.000,9999.000
202603291842,   0.129,   0.518,9999.000,9999.000,9999.000,9999.000,9999.000,9999.000,9999.000
202603291848,   0.126,   0.531,9999.000,9999.000,9999.000,9999.000,9999.000,9999.000,9999.000
202603291854,   0.124,   0.541,9999.000,9999.000,9999.000,9999.000,9999.000,9999.000,9999.000
202603291900,   0.121,   0.541,   0.500,  -0.080,   0.541,   0.400,   0.441,   0.500,   0.541
202603291906,   0.119,   0.551,9999.000,9999.000,9999.000,9999.000,9999.000,9999.000,9999.000
202603291912,   0.116,   0.551,9999.000,9999.000,9999.000,9999.000,9999.000,9999.000,9999.000
202603291918,   0.114,   0.541,9999.000,9999.000,9999.000,9999.000,9999.000,9999.000,9999.000
202603291924,   0.112,   0.531,9999.000,9999.000,9999.000,9999.000,9999.000,9999.000,9999.000
202603291930,   0.110,   0.531,9999.000,9999.000,9999.000,9999.000,9999.000,9999.000,9999.000
202603291936,   0.109,   0.518,9999.000,9999.000,9999.000,9999.000,9999.000,9999.000,9999.000
202603291942,   0.107,   0.531,9999.000,9999.000,9999.000,9999.000,9999.000,9999.000,9999.000
202603291948,   0.105,   0.541,9999.000,9999.000,9999.000,9999.000,9999.000,9999.000,9999.000
202603291954,   0.104,   0.551,9999.000,9999.000,9999.000,9999.000,9999.000,9999.000,9999.000
202603292000,   0.102,   0.551,   0.500,  -0.051,   0.551,   0.500,   0.551,   0.500,   0.551
202603292006,   0.101,   0.531,9999.000,9999.000,9999.000,9999.000,9999.000,9999.000,9999.000
202603292012,   0.100,   0.531,9999.000,9999.000,9999.000,9999.000,9999.000,9999.000,9999.000
202603292018,   0.098,   0.518,9999.000,9999.000,9999.000,9999.000,9999.000,9999.000,9999.000
202603292024,   0.097,   0.531,9999.000,9999.000,9999.000,9999.000,9999.000,9999.000,9999.000
202603292030,   0.096,   0.560,9999.000,9999.000,9999.000,9999.000,9999.000,9999.000,9999.000
202603292036,   0.095,   0.570,9999.000,9999.000,9999.000,9999.000,9999.000,9999.000,9999.000
202603292042,   0.094,   0.570,9999.000,9999.000,9999.000,9999.000,9999.000,9999.000,9999.000
202603292048,   0.093,   0.570,9999.000,9999.000,9999.000,9999.000,9999.000,9999.000,9999.000
202603292054,   0.092,   0.541,9999.000,9999.000,9999.000,9999.000,9999.000,9999.000,9999.000
202603292100,   0.092,   0.508,   0.500,  -0.084,   0.508,   0.500,   0.508,   0.500,   0.508
202603292106,   0.091,   0.498,9999.000,9999.000,9999.000,9999.000,9999.000,9999.000,9999.000
202603292112,   0.090,   0.508,9999.000,9999.000,9999.000,9999.000,9999.000,9999.000,9999.000
202603292118,   0.090,   0.508,9999.000,9999.000,9999.000,9999.000,9999.000,9999.000,9999.000
202603292124,   0.089,   0.551,9999.000,9999.000,9999.000,9999.000,9999.000,9999.000,9999.000
202603292130,   0.088,   0.570,9999.000,9999.000,9999.000,9999.000,9999.000,9999.000,9999.000
202603292136,   0.088,   0.590,9999.000,9999.000,9999.000,9999.000,9999.000,9999.000,9999.000
202603292142,   0.087,   0.541,9999.000,9999.000,9999.000,9999.000,9999.000,9999.000,9999.000
202603292148,   0.087,   0.508,9999.000,9999.000,9999.000,9999.000,9999.000,9999.000,9999.000
202603292154,   0.086,   0.488,9999.000,9999.000,9999.000,9999.000,9999.000,9999.000,9999.000
202603292200,   0.086,   0.488,   0.500,  -0.098,   0.488,   0.500,   0.488,   0.500,   0.488
202603292206,   0.085,   0.488,9999.000,9999.000,9999.000,9999.000,9999.000,9999.000,9999.000
202603292212,   0.085,   0.508,9999.000,9999.000,9999.000,9999.000,9999.000,9999.000,9999.000
202603292218,   0.085,   0.531,9999.000,9999.000,9999.000,9999.000,9999.000,9999.000,9999.000
202603292224,   0.084,   0.531,9999.000,9999.000,9999.000,9999.000,9999.000,9999.000,9999.000
202603292230,   0.084,   0.531,9999.000,9999.000,9999.000,9999.000,9999.000,9999.000,9999.000
202603292236,   0.084,   0.508,9999.000,9999.000,9999.000,9999.000,9999.000,9999.000,9999.000
202603292242,   0.084,   0.488,9999.000,9999.000,9999.000,9999.000,9999.000,9999.000,9999.000
202603292248,   0.083,   0.488,9999.000,9999.000,9999.000,9999.000,9999.000,9999.000,9999.000
202603292254,   0.083,   0.478,9999.000,9999.000,9999.000,9999.000,9999.000,9999.000,9999.000
202603292300,   0.083,   0.508,   0.500,  -0.075,   0.508,   0.500,   0.508,   0.500,   0.508
202603292306,   0.083,   0.498,9999.000,9999.000,9999.000,9999.000,9999.000,9999.000,9999.000
202603292312,   0.083,   0.508,9999.000,9999.000,9999.000,9999.000,9999.000,9999.000,9999.000
202603292318,   0.083,   0.488,9999.000,9999.000,9999.000,9999.000,9999.000,9999.000,9999.000
202603292324,   0.082,   0.478,9999.000,9999.000,9999.000,9999.000,9999.000,9999.000,9999.000
202603292330,   0.082,   0.459,9999.000,9999.000,9999.000,9999.000,9999.000,9999.000,9999.000
202603292336,   0.082,   0.469,9999.000,9999.000,9999.000,9999.000,9999.000,9999.000,9999.000
202603292342,   0.082,   0.469,9999.000,9999.000,9999.000,9999.000,9999.000,9999.000,9999.000
202603292348,   0.082,   0.488,9999.000,9999.000,9999.000,9999.000,9999.000,9999.000,9999.000
202603292354,   0.081,   0.498,9999.000,9999.000,9999.000,9999.000,9999.000,9999.000,9999.000
202603300000,   0.081,   0.488,   0.400,   0.007,   0.488,   0.400,   0.488,   0.400,   0.488
202603300006,   0.081,   0.478,9999.000,9999.000,9999.000,9999.000,9999.000,9999.000,9999.000
202603300012,   0.081,   0.439,9999.000,9999.000,9999.000,9999.000,9999.000,9999.000,9999.000
202603300018,   0.080,   0.429,9999.000,9999.000,9999.000,9999.000,9999.000,9999.000,9999.000
202603300024,   0.080,   0.439,9999.000,9999.000,9999.000,9999.000,9999.000,9999.000,9999.000
202603300030,   0.079,   0.449,9999.000,9999.000,9999.000,9999.000,9999.000,9999.000,9999.000
202603300036,   0.079,   0.439,9999.000,9999.000,9999.000,9999.000,9999.000,9999.000,9999.000
202603300042,   0.079,   0.459,9999.000,9999.000,9999.000,9999.000,9999.000,9999.000,9999.000
202603300048,   0.078,   0.469,9999.000,9999.000,9999.000,9999.000,9999.000,9999.000,9999.000
202603300054,   0.077,   0.459,9999.000,9999.000,9999.000,9999.000,9999.000,9999.000,9999.000
202603300100,   0.077,   0.439,   0.400,  -0.038,   0.439,   0.400,   0.439,   0.400,   0.439
202603300106,   0.076,   0.429,9999.000,9999.000,9999.000,9999.000,9999.000,9999.000,9999.000
202603300112,   0.075,   0.429,9999.000,9999.000,9999.000,9999.000,9999.000,9999.000,9999.000
202603300118,   0.074,   0.449,9999.000,9999.000,9999.000,9999.000,9999.000,9999.000,9999.000
202603300124,   0.074,   0.439,9999.000,9999.000,9999.000,9999.000,9999.000,9999.000,9999.000
202603300130,   0.073,   0.439,9999.000,9999.000,9999.000,9999.000,9999.000,9999.000,9999.000
202603300136,   0.072,   0.449,9999.000,9999.000,9999.000,9999.000,9999.000,9999.000,9999.000
202603300142,   0.071,   0.449,9999.000,9999.000,9999.000,9999.000,9999.000,9999.000,9999.000
202603300148,   0.070,   0.439,9999.000,9999.000,9999.000,9999.000,9999.000,9999.000,9999.000
202603300154,   0.068,   0.439,9999.000,9999.000,9999.000,9999.000,9999.000,9999.000,9999.000
202603300200,   0.067,   0.429,   0.400,  -0.038,   0.429,   0.400,   0.429,   0.400,   0.429
202603300206,   0.066,   0.419,9999.000,9999.000,9999.000,9999.000,9999.000,9999.000,9999.000
202603300212,   0.065,   0.419,9999.000,9999.000,9999.000,9999.000,9999.000,9999.000,9999.000
202603300218,   0.064,   0.429,9999.000,9999.000,9999.000,9999.000,9999.000,9999.000,9999.000
202603300224,   0.063,   0.439,9999.000,9999.000,9999.000,9999.000,9999.000,9999.000,9999.000
202603300230,   0.061,   0.439,9999.000,9999.000,9999.000,9999.000,9999.000,9999.000,9999.000
202603300236,   0.060,   0.439,9999.000,9999.000,9999.000,9999.000,9999.000,9999.000,9999.000
202603300242,   0.059,   0.429,9999.000,9999.000,9999.000,9999.000,9999.000,9999.000,9999.000
202603300248,   0.058,   0.439,9999.000,9999.000,9999.000,9999.000,9999.000,9999.000,9999.000
202603300254,   0.057,   0.429,9999.000,9999.000,9999.000,9999.000,9999.000,9999.000,9999.000
202603300300,   0.055,   0.409,   0.400,  -0.046,   0.409,   0.400,   0.409,   0.400,   0.409
202603300306,   0.054,   0.409,9999.000,9999.000,9999.000,9999.000,9999.000,9999.000,9999.000
202603300312,   0.053,   0.429,9999.000,9999.000,9999.000,9999.000,9999.000,9999.000,9999.000
202603300318,   0.053,   0.449,9999.000,9999.000,9999.000,9999.000,9999.000,9999.000,9999.000
202603300324,   0.052,   0.459,9999.000,9999.000,9999.000,9999.000,9999.000,9999.000,9999.000
202603300330,   0.051,   0.459,9999.000,9999.000,9999.000,9999.000,9999.000,9999.000,9999.000
202603300336,   0.051,   0.478,9999.000,9999.000,9999.000,9999.000,9999.000,9999.000,9999.000
202603300342,   0.050,   0.439,9999.000,9999.000,9999.000,9999.000,9999.000,9999.000,9999.000
202603300348,   0.050,   0.429,9999.000,9999.000,9999.000,9999.000,9999.000,9999.000,9999.000
202603300354,   0.050,   0.419,9999.000,9999.000,9999.000,9999.000,9999.000,9999.000,9999.000
202603300400,   0.050,   0.429,   0.400,  -0.021,   0.429,   0.400,   0.429,   0.400,   0.429
202603300406,   0.050,   0.449,9999.000,9999.000,9999.000,9999.000,9999.000,9999.000,9999.000
202603300412,   0.051,   0.439,9999.000,9999.000,9999.000,9999.000,9999.000,9999.000,9999.000
202603300418,   0.051,   0.449,9999.000,9999.000,9999.000,9999.000,9999.000,9999.000,9999.000
202603300424,   0.052,   0.449,9999.000,9999.000,9999.000,9999.000,9999.000,9999.000,9999.000
202603300430,   0.053,   0.439,9999.000,9999.000,9999.000,9999.000,9999.000,9999.000,9999.000
202603300436,   0.054,   0.439,9999.000,9999.000,9999.000,9999.000,9999.000,9999.000,9999.000
202603300442,   0.056,   0.429,9999.000,9999.000,9999.000,9999.000,9999.000,9999.000,9999.000
202603300448,   0.058,   0.429,9999.000,9999.000,9999.000,9999.000,9999.000,9999.000,9999.000
202603300454,   0.059,   0.429,9999.000,9999.000,9999.000,9999.000,9999.000,9999.000,9999.000
202603300500,   0.062,   0.439,   0.400,  -0.023,   0.439,   0.400,   0.439,   0.400,   0.439
202603300506,   0.064,   0.439,9999.000,9999.000,9999.000,9999.000,9999.000,9999.000,9999.000
202603300512,   0.067,   0.459,9999.000,9999.000,9999.000,9999.000,9999.000,9999.000,9999.000
202603300518,   0.070,   0.469,9999.000,9999.000,9999.000,9999.000,9999.000,9999.000,9999.000
202603300524,   0.073,   0.459,9999.000,9999.000,9999.000,9999.000,9999.000,9999.000,9999.000
202603300530,   0.077,   0.478,9999.000,9999.000,9999.000,9999.000,9999.000,9999.000,9999.000
202603300536,   0.080,   0.478,9999.000,9999.000,9999.000,9999.000,9999.000,9999.000,9999.000
202603300542,   0.084,   0.488,9999.000,9999.000,9999.000,9999.000,9999.000,9999.000,9999.000
202603300548,   0.088,   0.478,9999.000,9999.000,9999.000,9999.000,9999.000,9999.000,9999.000
202603300554,   0.093,   0.478,9999.000,9999.000,9999.000,9999.000,9999.000,9999.000,9999.000
202603300600,   0.098,   0.488,   0.400,  -0.010,   0.488,   0.400,   0.488,   0.400,   0.488
202603300606,   0.103,   0.498,9999.000,9999.000,9999.000,9999.000,9999.000,9999.000,9999.000
202603300612,   0.108,   0.508,9999.000,9999.000,9999.000,9999.000,9999.000,9999.000,9999.000
202603300618,   0.113,   0.518,9999.000,9999.000,9999.000,9999.000,9999.000,9999.000,9999.000
202603300624,   0.118,   0.518,9999.000,9999.000,9999.000,9999.000,9999.000,9999.000,9999.000
202603300630,   0.124,   0.518,9999.000,9999.000,9999.000,9999.000,9999.000,9999.000,9999.000
202603300636,   0.130,   0.518,9999.000,9999.000,9999.000,9999.000,9999.000,9999.000,9999.000
202603300642,   0.136,   0.518,9999.000,9999.000,9999.000,9999.000,9999.000,9999.000,9999.000
202603300648,   0.142,   0.518,9999.000,9999.000,9999.000,9999.000,9999.000,9999.000,9999.000
202603300654,   0.148,   0.531,9999.000,9999.000,9999.000,9999.000,9999.000,9999.000,9999.000
202603300700,   0.155,   0.541,   0.400,  -0.014,   0.541,   0.400,   0.541,   0.400,   0.541
202603300706,   0.161,   0.541,9999.000,9999.000,9999.000,9999.000,9999.000,9999.000,9999.000
202603300712,   0.168,   0.541,9999.000,9999.000,9999.000,9999.000,9999.000,9999.000,9999.000
202603300718,   0.174,   0.541,9999.000,9999.000,9999.000,9999.000,9999.000,9999.000,9999.000
202603300724,   0.181,   0.570,9999.000,9999.000,9999.000,9999.000,9999.000,9999.000,9999.000
202603300730,   0.188,   0.580,9999.000,9999.000,9999.000,9999.000,9999.000,9999.000,9999.000
202603300736,   0.194,   0.580,9999.000,9999.000,9999.000,9999.000,9999.000,9999.000,9999.000
202603300742,   0.201,   0.570,9999.000,9999.000,9999.000,9999.000,9999.000,9999.000,9999.000
202603300748,   0.208,   0.570,9999.000,9999.000,9999.000,9999.000,9999.000,9999.000,9999.000
202603300754,   0.215,   0.590,9999.000,9999.000,9999.000,9999.000,9999.000,9999.000,9999.000
202603300800,   0.221,   0.580,   0.400,  -0.041,   0.580,   0.400,   0.580,   0.500,   0.680
202603300806,   0.228,   0.580,9999.000,9999.000,9999.000,9999.000,9999.000,9999.000,9999.000
202603300812,   0.235,   0.600,9999.000,9999.000,9999.000,9999.000,9999.000,9999.000,9999.000
202603300818,   0.241,   0.610,9999.000,9999.000,9999.000,9999.000,9999.000,9999.000,9999.000
202603300824,   0.247,   0.619,9999.000,9999.000,9999.000,9999.000,9999.000,9999.000,9999.000
202603300830,   0.254,   0.590,9999.000,9999.000,9999.000,9999.000,9999.000,9999.000,9999.000
202603300836,   0.260,   0.570,9999.000,9999.000,9999.000,9999.000,9999.000,9999.000,9999.000
202603300842,   0.266,   0.590,9999.000,9999.000,9999.000,9999.000,9999.000,9999.000,9999.000
202603300848,   0.272,   0.610,9999.000,9999.000,9999.000,9999.000,9999.000,9999.000,9999.000
202603300854,   0.278,   0.639,9999.000,9999.000,9999.000,9999.000,9999.000,9999.000,9999.000
202603300900,   0.283,   0.649,   0.400,  -0.034,   0.649,   0.400,   0.649,   0.500,   0.749
202603300906,   0.289,   0.639,9999.000,9999.000,9999.000,9999.000,9999.000,9999.000,9999.000
202603300912,   0.294,   0.649,9999.000,9999.000,9999.000,9999.000,9999.000,9999.000,9999.000
202603300918,   0.300,   0.649,9999.000,9999.000,9999.000,9999.000,9999.000,9999.000,9999.000
202603300924,   0.305,   0.629,9999.000,9999.000,9999.000,9999.000,9999.000,9999.000,9999.000
202603300930,   0.309,   0.649,9999.000,9999.000,9999.000,9999.000,9999.000,9999.000,9999.000
202603300936,   0.314,   0.649,9999.000,9999.000,9999.000,9999.000,9999.000,9999.000,9999.000
202603300942,   0.319,   0.688,9999.000,9999.000,9999.000,9999.000,9999.000,9999.000,9999.000
202603300948,   0.323,   0.698,9999.000,9999.000,9999.000,9999.000,9999.000,9999.000,9999.000
202603300954,   0.327,   0.708,9999.000,9999.000,9999.000,9999.000,9999.000,9999.000,9999.000
202603301000,   0.331,   0.678,   0.400,  -0.053,   0.678,   0.400,   0.678,   0.400,   0.678
202603301006,   0.335,   0.669,9999.000,9999.000,9999.000,9999.000,9999.000,9999.000,9999.000
202603301012,   0.338,   0.669,9999.000,9999.000,9999.000,9999.000,9999.000,9999.000,9999.000
202603301018,   0.342,   0.698,9999.000,9999.000,9999.000,9999.000,9999.000,9999.000,9999.000
202603301024,   0.345,   0.731,9999.000,9999.000,9999.000,9999.000,9999.000,9999.000,9999.000
202603301030,   0.348,   0.751,9999.000,9999.000,9999.000,9999.000,9999.000,9999.000,9999.000
202603301036,   0.351,   0.760,9999.000,9999.000,9999.000,9999.000,9999.000,9999.000,9999.000
202603301042,   0.353,   0.751,9999.000,9999.000,9999.000,9999.000,9999.000,9999.000,9999.000
202603301048,   0.356,   0.731,9999.000,9999.000,9999.000,9999.000,9999.000,9999.000,9999.000
202603301054,   0.358,   0.698,9999.000,9999.000,9999.000,9999.000,9999.000,9999.000,9999.000
202603301100,   0.360,   0.698,   0.400,  -0.062,   0.698,   0.400,   0.698,   0.500,   0.798
202603301106,   0.362,   0.718,9999.000,9999.000,9999.000,9999.000,9999.000,9999.000,9999.000
202603301112,   0.364,   0.760,9999.000,9999.000,9999.000,9999.000,9999.000,9999.000,9999.000
202603301118,   0.366,   0.790,9999.000,9999.000,9999.000,9999.000,9999.000,9999.000,9999.000
202603301124,   0.367,   0.790,9999.000,9999.000,9999.000,9999.000,9999.000,9999.000,9999.000
202603301130,   0.368,   0.780,9999.000,9999.000,9999.000,9999.000,9999.000,9999.000,9999.000
202603301136,   0.369,   0.760,9999.000,9999.000,9999.000,9999.000,9999.000,9999.000,9999.000
202603301142,   0.370,   0.731,9999.000,9999.000,9999.000,9999.000,9999.000,9999.000,9999.000
202603301148,   0.371,   0.698,9999.000,9999.000,9999.000,9999.000,9999.000,9999.000,9999.000
202603301154,   0.371,   0.731,9999.000,9999.000,9999.000,9999.000,9999.000,9999.000,9999.000
202603301200,   0.372,   0.770,   0.400,  -0.002,   0.770,   0.400,   0.770,   0.500,   0.870
202603301206,   0.372,   0.810,9999.000,9999.000,9999.000,9999.000,9999.000,9999.000,9999.000
202603301212,   0.372,   0.839,9999.000,9999.000,9999.000,9999.000,9999.000,9999.000,9999.000
202603301218,   0.372,   0.810,9999.000,9999.000,9999.000,9999.000,9999.000,9999.000,9999.000
202603301224,   0.371,   0.790,9999.000,9999.000,9999.000,9999.000,9999.000,9999.000,9999.000
202603301230,   0.371,   0.751,9999.000,9999.000,9999.000,9999.000,9999.000,9999.000,9999.000
202603301236,   0.370,   0.741,9999.000,9999.000,9999.000,9999.000,9999.000,9999.000,9999.000
202603301242,   0.369,   0.731,9999.000,9999.000,9999.000,9999.000,9999.000,9999.000,9999.000
202603301248,   0.368,   0.780,9999.000,9999.000,9999.000,9999.000,9999.000,9999.000,9999.000
202603301254,   0.366,   0.810,9999.000,9999.000,9999.000,9999.000,9999.000,9999.000,9999.000
202603301300,   0.365,   0.829,   0.500,  -0.036,   0.829,   0.400,   0.729,   0.500,   0.829
202603301306,   0.363,   0.819,9999.000,9999.000,9999.000,9999.000,9999.000,9999.000,9999.000
202603301312,   0.361,   0.800,9999.000,9999.000,9999.000,9999.000,9999.000,9999.000,9999.000
202603301318,   0.359,   0.760,9999.000,9999.000,9999.000,9999.000,9999.000,9999.000,9999.000
202603301324,   0.357,   0.741,9999.000,9999.000,9999.000,9999.000,9999.000,9999.000,9999.000
202603301330,   0.354,   0.741,9999.000,9999.000,9999.000,9999.000,9999.000,9999.000,9999.000
202603301336,   0.352,   0.760,9999.000,9999.000,9999.000,9999.000,9999.000,9999.000,9999.000
202603301342,   0.349,   0.770,9999.000,9999.000,9999.000,9999.000,9999.000,9999.000,9999.000
202603301348,   0.346,   0.780,9999.000,9999.000,9999.000,9999.000,9999.000,9999.000,9999.000
202603301354,   0.342,   0.790,9999.000,9999.000,9999.000,9999.000,9999.000,9999.000,9999.000
202603301400,   0.339,   0.760,   0.500,  -0.079,   0.760,   0.500,   0.760,   0.500,   0.760
202603301406,   0.335,   0.760,9999.000,9999.000,9999.000,9999.000,9999.000,9999.000,9999.000
202603301412,   0.331,   0.741,9999.000,9999.000,9999.000,9999.000,9999.000,9999.000,9999.000
202603301418,   0.327,   0.731,9999.000,9999.000,9999.000,9999.000,9999.000,9999.000,9999.000
202603301424,   0.323,   0.741,9999.000,9999.000,9999.000,9999.000,9999.000,9999.000,9999.000
202603301430,   0.319,   0.751,9999.000,9999.000,9999.000,9999.000,9999.000,9999.000,9999.000
202603301436,   0.314,   0.751,9999.000,9999.000,9999.000,9999.000,9999.000,9999.000,9999.000
202603301442,   0.310,   0.751,9999.000,9999.000,9999.000,9999.000,9999.000,9999.000,9999.000
202603301448,   0.305,   0.760,9999.000,9999.000,9999.000,9999.000,9999.000,9999.000,9999.000
202603301454,   0.300,   0.731,9999.000,9999.000,9999.000,9999.000,9999.000,9999.000,9999.000
202603301500,   0.295,   0.708,   0.500,  -0.087,   0.708,   0.500,   0.708,   0.500,   0.708
202603301506,   0.290,   0.688,9999.000,9999.000,9999.000,9999.000,9999.000,9999.000,9999.000
202603301512,   0.284,   0.708,9999.000,9999.000,9999.000,9999.000,9999.000,9999.000,9999.000
202603301518,   0.279,   0.718,9999.000,9999.000,9999.000,9999.000,9999.000,9999.000,9999.000
202603301524,   0.273,   0.741,9999.000,9999.000,9999.000,9999.000,9999.000,9999.000,9999.000
202603301530,   0.268,   0.751,9999.000,9999.000,9999.000,9999.000,9999.000,9999.000,9999.000
202603301536,   0.262,   0.751,9999.000,9999.000,9999.000,9999.000,9999.000,9999.000,9999.000
202603301542,   0.257,   0.731,9999.000,9999.000,9999.000,9999.000,9999.000,9999.000,9999.000
202603301548,   0.251,   0.731,9999.000,9999.000,9999.000,9999.000,9999.000,9999.000,9999.000
202603301554,   0.245,   0.708,9999.000,9999.000,9999.000,9999.000,9999.000,9999.000,9999.000
202603301600,   0.240,   0.698,   0.500,  -0.042,   0.698,   0.400,   0.598,   0.500,   0.698
202603301606,   0.234,   0.688,9999.000,9999.000,9999.000,9999.000,9999.000,9999.000,9999.000
202603301612,   0.229,   0.718,9999.000,9999.000,9999.000,9999.000,9999.000,9999.000,9999.000
202603301618,   0.223,   0.731,9999.000,9999.000,9999.000,9999.000,9999.000,9999.000,9999.000
202603301624,   0.218,   0.741,9999.000,9999.000,9999.000,9999.000,9999.000,9999.000,9999.000
202603301630,   0.212,   0.741,9999.000,9999.000,9999.000,9999.000,9999.000,9999.000,9999.000
202603301636,   0.207,   0.708,9999.000,9999.000,9999.000,9999.000,9999.000,9999.000,9999.000
202603301642,   0.202,   0.698,9999.000,9999.000,9999.000,9999.000,9999.000,9999.000,9999.000
202603301648,   0.197,   0.698,9999.000,9999.000,9999.000,9999.000,9999.000,9999.000,9999.000
202603301654,   0.192,   0.698,9999.000,9999.000,9999.000,9999.000,9999.000,9999.000,9999.000
202603301700,   0.188,   0.708,   0.500,   0.020,   0.708,   0.400,   0.608,   0.500,   0.708
202603301706,   0.183,   0.718,9999.000,9999.000,9999.000,9999.000,9999.000,9999.000,9999.000
202603301712,   0.179,   0.731,9999.000,9999.000,9999.000,9999.000,9999.000,9999.000,9999.000
202603301718,   0.175,   0.718,9999.000,9999.000,9999.000,9999.000,9999.000,9999.000,9999.000
202603301724,   0.171,   0.731,9999.000,9999.000,9999.000,9999.000,9999.000,9999.000,9999.000
202603301730,   0.167,   0.718,9999.000,9999.000,9999.000,9999.000,9999.000,9999.000,9999.000
202603301736,   0.164,   0.698,9999.000,9999.000,9999.000,9999.000,9999.000,9999.000,9999.000
202603301742,   0.160,   0.688,9999.000,9999.000,9999.000,9999.000,9999.000,9999.000,9999.000
202603301748,   0.158,   0.688,9999.000,9999.000,9999.000,9999.000,9999.000,9999.000,9999.000
202603301754,   0.155,   0.708,9999.000,9999.000,9999.000,9999.000,9999.000,9999.000,9999.000
202603301800,   0.152,   0.688,   0.500,   0.036,   0.688,   0.500,   0.688,   0.500,   0.688
202603301806,   0.150,   0.659,9999.000,9999.000,9999.000,9999.000,9999.000,9999.000,9999.000
202603301812,   0.148,   0.678,9999.000,9999.000,9999.000,9999.000,9999.000,9999.000,9999.000
202603301818,   0.146,   0.649,9999.000,9999.000,9999.000,9999.000,9999.000,9999.000,9999.000
202603301824,   0.145,   0.649,9999.000,9999.000,9999.000,9999.000,9999.000,9999.000,9999.000
202603301830,   0.144,   0.649,9999.000,9999.000,9999.000,9999.000,9999.000,9999.000,9999.000
202603301836,   0.143,   0.669,9999.000,9999.000,9999.000,9999.000,9999.000,9999.000,9999.000
202603301842,   0.142,   0.688,9999.000,9999.000,9999.000,9999.000,9999.000,9999.000,9999.000
202603301848,   0.141,   0.669,9999.000,9999.000,9999.000,9999.000,9999.000,9999.000,9999.000
202603301854,   0.141,   0.669,9999.000,9999.000,9999.000,9999.000,9999.000,9999.000,9999.000
202603301900,   0.141,   0.649,   0.500,   0.008,   0.649,   0.500,   0.649,   0.600,   0.749
202603301906,   0.141,   0.629,9999.000,9999.000,9999.000,9999.000,9999.000,9999.000,9999.000
202603301912,   0.142,   0.649,9999.000,9999.000,9999.000,9999.000,9999.000,9999.000,9999.000
202603301918,   0.142,   0.649,9999.000,9999.000,9999.000,9999.000,9999.000,9999.000,9999.000
202603301924,   0.143,   0.669,9999.000,9999.000,9999.000,9999.000,9999.000,9999.000,9999.000
202603301930,   0.144,   0.669,9999.000,9999.000,9999.000,9999.000,9999.000,9999.000,9999.000
202603301936,   0.145,   0.678,9999.000,9999.000,9999.000,9999.000,9999.000,9999.000,9999.000
202603301942,   0.146,   0.678,9999.000,9999.000,9999.000,9999.000,9999.000,9999.000,9999.000
202603301948,   0.148,   0.678,9999.000,9999.000,9999.000,9999.000,9999.000,9999.000,9999.000
202603301954,   0.149,   0.669,9999.000,9999.000,9999.000,9999.000,9999.000,9999.000,9999.000
202603302000,   0.151,   0.659,   0.500,   0.008,   0.659,   0.500,   0.659,   0.600,   0.759
202603302006,   0.153,   0.678,9999.000,9999.000,9999.000,9999.000,9999.000,9999.000,9999.000
202603302012,   0.154,   0.678,9999.000,9999.000,9999.000,9999.000,9999.000,9999.000,9999.000
202603302018,   0.156,   0.678,9999.000,9999.000,9999.000,9999.000,9999.000,9999.000,9999.000
202603302024,   0.158,   0.649,9999.000,9999.000,9999.000,9999.000,9999.000,9999.000,9999.000
202603302030,   0.160,   0.629,9999.000,9999.000,9999.000,9999.000,9999.000,9999.000,9999.000
202603302036,   0.162,   0.669,9999.000,9999.000,9999.000,9999.000,9999.000,9999.000,9999.000
202603302042,   0.164,   0.649,9999.000,9999.000,9999.000,9999.000,9999.000,9999.000,9999.000
202603302048,   0.166,   0.669,9999.000,9999.000,9999.000,9999.000,9999.000,9999.000,9999.000
202603302054,   0.168,   0.678,9999.000,9999.000,9999.000,9999.000,9999.000,9999.000,9999.000
202603302100,   0.171,   0.708,   0.500,   0.037,   0.708,   0.500,   0.708,   0.500,   0.708
202603302106,   0.173,   0.698,9999.000,9999.000,9999.000,9999.000,9999.000,9999.000,9999.000
202603302112,   0.175,   0.731,9999.000,9999.000,9999.000,9999.000,9999.000,9999.000,9999.000
202603302118,   0.177,   0.678,9999.000,9999.000,9999.000,9999.000,9999.000,9999.000,9999.000
202603302124,   0.178,   0.669,9999.000,9999.000,9999.000,9999.000,9999.000,9999.000,9999.000
202603302130,   0.180,   0.731,9999.000,9999.000,9999.000,9999.000,9999.000,9999.000,9999.000
202603302136,   0.182,   0.731,9999.000,9999.000,9999.000,9999.000,9999.000,9999.000,9999.000
202603302142,   0.184,   0.669,9999.000,9999.000,9999.000,9999.000,9999.000,9999.000,9999.000
202603302148,   0.186,   0.688,9999.000,9999.000,9999.000,9999.000,9999.000,9999.000,9999.000
202603302154,   0.187,   0.718,9999.000,9999.000,9999.000,9999.000,9999.000,9999.000,9999.000
202603302200,   0.189,   0.741,   0.500,   0.052,   0.741,   0.500,   0.741,   0.500,   0.741
202603302206,   0.190,   0.731,9999.000,9999.000,9999.000,9999.000,9999.000,9999.000,9999.000
202603302212,   0.191,   0.718,9999.000,9999.000,9999.000,9999.000,9999.000,9999.000,9999.000
202603302218,   0.193,   0.731,9999.000,9999.000,9999.000,9999.000,9999.000,9999.000,9999.000
202603302224,   0.194,   0.708,9999.000,9999.000,9999.000,9999.000,9999.000,9999.000,9999.000
202603302230,   0.195,   0.731,9999.000,9999.000,9999.000,9999.000,9999.000,9999.000,9999.000
202603302236,   0.196,   0.688,9999.000,9999.000,9999.000,9999.000,9999.000,9999.000,9999.000
202603302242,   0.197,   0.688,9999.000,9999.000,9999.000,9999.000,9999.000,9999.000,9999.000
202603302248,   0.198,   0.698,9999.000,9999.000,9999.000,9999.000,9999.000,9999.000,9999.000
202603302254,   0.198,   0.760,9999.000,9999.000,9999.000,9999.000,9999.000,9999.000,9999.000
202603302300,   0.199,   0.760,   0.500,   0.061,   0.760,   0.500,   0.760,   0.500,   0.760
202603302306,   0.199,   0.698,9999.000,9999.000,9999.000,9999.000,9999.000,9999.000,9999.000
202603302312,   0.200,   0.688,9999.000,9999.000,9999.000,9999.000,9999.000,9999.000,9999.000
202603302318,   0.200,   0.698,9999.000,9999.000,9999.000,9999.000,9999.000,9999.000,9999.000
202603302324,   0.200,   0.688,9999.000,9999.000,9999.000,9999.000,9999.000,9999.000,9999.000
202603302330,   0.201,   0.718,9999.000,9999.000,9999.000,9999.000,9999.000,9999.000,9999.000
202603302336,   0.201,   0.731,9999.000,9999.000,9999.000,9999.000,9999.000,9999.000,9999.000
202603302342,   0.201,   0.731,9999.000,9999.000,9999.000,9999.000,9999.000,9999.000,9999.000
202603302348,   0.201,   0.718,9999.000,9999.000,9999.000,9999.000,9999.000,9999.000,9999.000
202603302354,   0.201,   0.698,9999.000,9999.000,9999.000,9999.000,9999.000,9999.000,9999.000
202603310000,   0.201,   0.688,   0.500,  -0.013,   0.688,   0.500,   0.688,   0.500,   0.688
202603310006,   0.200,   0.718,9999.000,9999.000,9999.000,9999.000,9999.000,9999.000,9999.000
202603310012,   0.200,   0.708,9999.000,9999.000,9999.000,9999.000,9999.000,9999.000,9999.000
202603310018,   0.200,   0.731,9999.000,9999.000,9999.000,9999.000,9999.000,9999.000,9999.000
202603310024,   0.199,   0.708,9999.000,9999.000,9999.000,9999.000,9999.000,9999.000,9999.000
202603310030,   0.199,   0.698,9999.000,9999.000,9999.000,9999.000,9999.000,9999.000,9999.000
202603310036,   0.198,   0.708,9999.000,9999.000,9999.000,9999.000,9999.000,9999.000,9999.000
202603310042,   0.198,   0.718,9999.000,9999.000,9999.000,9999.000,9999.000,9999.000,9999.000
202603310048,   0.197,   0.708,9999.000,9999.000,9999.000,9999.000,9999.000,9999.000,9999.000
202603310054,   0.196,   0.698,9999.000,9999.000,9999.000,9999.000,9999.000,9999.000,9999.000
202603310100,   0.196,   0.708,   0.500,   0.012,   0.708,   0.500,   0.708,   0.500,   0.708
202603310106,   0.195,   0.731,9999.000,9999.000,9999.000,9999.000,9999.000,9999.000,9999.000
202603310112,   0.194,   0.718,9999.000,9999.000,9999.000,9999.000,9999.000,9999.000,9999.000
202603310118,   0.193,   0.688,9999.000,9999.000,9999.000,9999.000,9999.000,9999.000,9999.000
202603310124,   0.192,   0.649,9999.000,9999.000,9999.000,9999.000,9999.000,9999.000,9999.000
202603310130,   0.191,   0.649,9999.000,9999.000,9999.000,9999.000,9999.000,9999.000,9999.000
202603310136,   0.189,   0.669,9999.000,9999.000,9999.000,9999.000,9999.000,9999.000,9999.000
202603310142,   0.188,   0.688,9999.000,9999.000,9999.000,9999.000,9999.000,9999.000,9999.000
202603310148,   0.187,   0.678,9999.000,9999.000,9999.000,9999.000,9999.000,9999.000,9999.000
202603310154,   0.185,   0.669,9999.000,9999.000,9999.000,9999.000,9999.000,9999.000,9999.000
202603310200,   0.184,   0.659,   0.500,  -0.025,   0.659,   0.500,   0.659,   0.500,   0.659
202603310206,   0.182,   0.659,9999.000,9999.000,9999.000,9999.000,9999.000,9999.000,9999.000
202603310212,   0.181,   0.649,9999.000,9999.000,9999.000,9999.000,9999.000,9999.000,9999.000
202603310218,   0.179,   0.649,9999.000,9999.000,9999.000,9999.000,9999.000,9999.000,9999.000
202603310224,   0.177,   0.649,9999.000,9999.000,9999.000,9999.000,9999.000,9999.000,9999.000
202603310230,   0.176,   0.649,9999.000,9999.000,9999.000,9999.000,9999.000,9999.000,9999.000
202603310236,   0.174,   0.639,9999.000,9999.000,9999.000,9999.000,9999.000,9999.000,9999.000
202603310242,   0.172,   0.619,9999.000,9999.000,9999.000,9999.000,9999.000,9999.000,9999.000
202603310248,   0.170,   0.600,9999.000,9999.000,9999.000,9999.000,9999.000,9999.000,9999.000
202603310254,   0.168,   0.610,9999.000,9999.000,9999.000,9999.000,9999.000,9999.000,9999.000
202603310300,   0.166,   0.610,   0.500,  -0.056,   0.610,   0.500,   0.610,   0.500,   0.610
202603310306,   0.164,   0.629,9999.000,9999.000,9999.000,9999.000,9999.000,9999.000,9999.000
202603310312,   0.162,   0.629,9999.000,9999.000,9999.000,9999.000,9999.000,9999.000,9999.000
202603310318,   0.160,   0.659,9999.000,9999.000,9999.000,9999.000,9999.000,9999.000,9999.000
202603310324,   0.158,   0.629,9999.000,9999.000,9999.000,9999.000,9999.000,9999.000,9999.000
202603310330,   0.156,   0.600,9999.000,9999.000,9999.000,9999.000,9999.000,9999.000,9999.000
202603310336,   0.154,   0.570,9999.000,9999.000,9999.000,9999.000,9999.000,9999.000,9999.000
202603310342,   0.152,   0.580,9999.000,9999.000,9999.000,9999.000,9999.000,9999.000,9999.000
202603310348,   0.150,   0.590,9999.000,9999.000,9999.000,9999.000,9999.000,9999.000,9999.000
202603310354,   0.148,   0.610,9999.000,9999.000,9999.000,9999.000,9999.000,9999.000,9999.000
202603310400,   0.146,   0.610,   0.500,  -0.036,   0.610,   0.400,   0.510,   0.500,   0.610
202603310406,   0.144,   0.590,9999.000,9999.000,9999.000,9999.000,9999.000,9999.000,9999.000
202603310412,   0.142,   0.590,9999.000,9999.000,9999.000,9999.000,9999.000,9999.000,9999.000
202603310418,   0.141,   0.600,9999.000,9999.000,9999.000,9999.000,9999.000,9999.000,9999.000
202603310424,   0.139,   0.590,9999.000,9999.000,9999.000,9999.000,9999.000,9999.000,9999.000
202603310430,   0.137,   0.590,9999.000,9999.000,9999.000,9999.000,9999.000,9999.000,9999.000
202603310436,   0.136,   0.590,9999.000,9999.000,9999.000,9999.000,9999.000,9999.000,9999.000
202603310442,   0.135,   0.590,9999.000,9999.000,9999.000,9999.000,9999.000,9999.000,9999.000
202603310448,   0.134,   0.570,9999.000,9999.000,9999.000,9999.000,9999.000,9999.000,9999.000
202603310454,   0.133,   0.600,9999.000,9999.000,9999.000,9999.000,9999.000,9999.000,9999.000
202603310500,   0.132,   0.590,   0.400,   0.058,   0.590,   0.400,   0.590,   0.500,   0.690
202603310506,   0.131,   0.610,9999.000,9999.000,9999.000,9999.000,9999.000,9999.000,9999.000
202603310512,   0.131,   0.610,9999.000,9999.000,9999.000,9999.000,9999.000,9999.000,9999.000
202603310518,   0.131,   0.610,9999.000,9999.000,9999.000,9999.000,9999.000,9999.000,9999.000
202603310524,   0.131,   0.580,9999.000,9999.000,9999.000,9999.000,9999.000,9999.000,9999.000
202603310530,   0.131,   0.580,9999.000,9999.000,9999.000,9999.000,9999.000,9999.000,9999.000
202603310536,   0.131,   0.580,9999.000,9999.000,9999.000,9999.000,9999.000,9999.000,9999.000
202603310542,   0.132,   0.570,9999.000,9999.000,9999.000,9999.000,9999.000,9999.000,9999.000
202603310548,   0.133,   0.551,9999.000,9999.000,9999.000,9999.000,9999.000,9999.000,9999.000
202603310554,   0.134,   0.590,9999.000,9999.000,9999.000,9999.000,9999.000,9999.000,9999.000
202603310600,   0.135,   0.600,   0.400,   0.065,   0.600,   0.400,   0.600,   0.500,   0.700
202603310606,   0.136,   0.619,9999.000,9999.000,9999.000,9999.000,9999.000,9999.000,9999.000
202603310612,   0.138,   0.600,9999.000,9999.000,9999.000,9999.000,9999.000,9999.000,9999.000
202603310618,   0.140,   0.590,9999.000,9999.000,9999.000,9999.000,9999.000,9999.000,9999.000
202603310624,   0.142,   0.570,9999.000,9999.000,9999.000,9999.000,9999.000,9999.000,9999.000
202603310630,   0.145,   0.560,9999.000,9999.000,9999.000,9999.000,9999.000,9999.000,9999.000
202603310636,   0.147,   0.570,9999.000,9999.000,9999.000,9999.000,9999.000,9999.000,9999.000
202603310642,   0.150,   0.580,9999.000,9999.000,9999.000,9999.000,9999.000,9999.000,9999.000
202603310648,   0.153,   0.610,9999.000,9999.000,9999.000,9999.000,9999.000,9999.000,9999.000
202603310654,   0.157,   0.619,9999.000,9999.000,9999.000,9999.000,9999.000,9999.000,9999.000
202603310700,   0.160,   0.619,   0.500,  -0.041,   0.619,   0.400,   0.519,   0.500,   0.619
202603310706,   0.164,   0.600,9999.000,9999.000,9999.000,9999.000,9999.000,9999.000,9999.000
202603310712,   0.168,   0.610,9999.000,9999.000,9999.000,9999.000,9999.000,9999.000,9999.000
202603310718,   0.172,   0.600,9999.000,9999.000,9999.000,9999.000,9999.000,9999.000,9999.000
202603310724,   0.176,   0.590,9999.000,9999.000,9999.000,9999.000,9999.000,9999.000,9999.000
202603310730,   0.180,   0.619,9999.000,9999.000,9999.000,9999.000,9999.000,9999.000,9999.000
202603310736,   0.184,   0.639,9999.000,9999.000,9999.000,9999.000,9999.000,9999.000,9999.000
202603310742,   0.189,   0.629,9999.000,9999.000,9999.000,9999.000,9999.000,9999.000,9999.000
202603310748,   0.193,   0.619,9999.000,9999.000,9999.000,9999.000,9999.000,9999.000,9999.000
202603310754,   0.198,   0.619,9999.000,9999.000,9999.000,9999.000,9999.000,9999.000,9999.000
202603310800,   0.203,   0.629,   0.500,  -0.074,   0.629,   0.500,   0.629,   0.500,   0.629
202603310806,   0.207,   0.639,9999.000,9999.000,9999.000,9999.000,9999.000,9999.000,9999.000
202603310812,   0.212,   0.649,9999.000,9999.000,9999.000,9999.000,9999.000,9999.000,9999.000
202603310818,   0.217,   0.649,9999.000,9999.000,9999.000,9999.000,9999.000,9999.000,9999.000
202603310824,   0.222,   0.659,9999.000,9999.000,9999.000,9999.000,9999.000,9999.000,9999.000
202603310830,   0.226,   0.649,9999.000,9999.000,9999.000,9999.000,9999.000,9999.000,9999.000
202603310836,   0.231,   0.659,9999.000,9999.000,9999.000,9999.000,9999.000,9999.000,9999.000
202603310842,   0.235,   0.669,9999.000,9999.000,9999.000,9999.000,9999.000,9999.000,9999.000
202603310848,   0.240,   0.669,9999.000,9999.000,9999.000,9999.000,9999.000,9999.000,9999.000
202603310854,   0.244,   0.678,9999.000,9999.000,9999.000,9999.000,9999.000,9999.000,9999.000
202603310900,   0.249,   0.688,   0.500,  -0.061,   0.688,   0.400,   0.588,   0.500,   0.688
202603310906,   0.253,   0.718,9999.000,9999.000,9999.000,9999.000,9999.000,9999.000,9999.000
202603310912,   0.257,   0.698,9999.000,9999.000,9999.000,9999.000,9999.000,9999.000,9999.000
202603310918,   0.261,   0.698,9999.000,9999.000,9999.000,9999.000,9999.000,9999.000,9999.000
202603310924,   0.264,   0.688,9999.000,9999.000,9999.000,9999.000,9999.000,9999.000,9999.000
202603310930,   0.268,   0.698,9999.000,9999.000,9999.000,9999.000,9999.000,9999.000,9999.000
202603310936,   0.271,   0.708,9999.000,9999.000,9999.000,9999.000,9999.000,9999.000,9999.000
202603310942,   0.275,   0.731,9999.000,9999.000,9999.000,9999.000,9999.000,9999.000,9999.000
202603310948,   0.277,   0.731,9999.000,9999.000,9999.000,9999.000,9999.000,9999.000,9999.000
202603310954,   0.280,   0.731,9999.000,9999.000,9999.000,9999.000,9999.000,9999.000,9999.000
202603311000,   0.283,   0.731,   0.500,  -0.052,   0.731,   0.400,   0.631,   0.500,   0.731
202603311006,   0.285,   0.731,9999.000,9999.000,9999.000,9999.000,9999.000,9999.000,9999.000
202603311012,   0.287,   0.731,9999.000,9999.000,9999.000,9999.000,9999.000,9999.000,9999.000
202603311018,   0.289,   0.741,9999.000,9999.000,9999.000,9999.000,9999.000,9999.000,9999.000
202603311024,   0.291,   0.760,9999.000,9999.000,9999.000,9999.000,9999.000,9999.000,9999.000
202603311030,   0.293,   0.770,9999.000,9999.000,9999.000,9999.000,9999.000,9999.000,9999.000
202603311036,   0.294,   0.741,9999.000,9999.000,9999.000,9999.000,9999.000,9999.000,9999.000
202603311042,   0.295,   0.751,9999.000,9999.000,9999.000,9999.000,9999.000,9999.000,9999.000
202603311048,   0.296,   0.751,9999.000,9999.000,9999.000,9999.000,9999.000,9999.000,9999.000
202603311054,   0.296,   0.731,9999.000,9999.000,9999.000,9999.000,9999.000,9999.000,9999.000
202603311100,   0.297,   0.731,   0.500,  -0.066,   0.731,   0.400,   0.631,   0.500,   0.731
202603311106,   0.297,   0.751,9999.000,9999.000,9999.000,9999.000,9999.000,9999.000,9999.000
202603311112,   0.297,   0.760,9999.000,9999.000,9999.000,9999.000,9999.000,9999.000,9999.000
202603311118,   0.297,   0.751,9999.000,9999.000,9999.000,9999.000,9999.000,9999.000,9999.000
202603311124,   0.297,   0.770,9999.000,9999.000,9999.000,9999.000,9999.000,9999.000,9999.000
202603311130,   0.296,   0.770,9999.000,9999.000,9999.000,9999.000,9999.000,9999.000,9999.000
202603311136,   0.296,   0.741,9999.000,9999.000,9999.000,9999.000,9999.000,9999.000,9999.000
202603311142,   0.295,   0.731,9999.000,9999.000,9999.000,9999.000,9999.000,9999.000,9999.000
202603311148,   0.294,   0.751,9999.000,9999.000,9999.000,9999.000,9999.000,9999.000,9999.000
202603311154,   0.293,   0.731,9999.000,9999.000,9999.000,9999.000,9999.000,9999.000,9999.000
202603311200,   0.291,   0.741,   0.400,   0.050,   0.741,   0.400,   0.741,   0.400,   0.741
202603311206,   0.290,   0.751,9999.000,9999.000,9999.000,9999.000,9999.000,9999.000,9999.000
202603311212,   0.288,   0.741,9999.000,9999.000,9999.000,9999.000,9999.000,9999.000,9999.000
202603311218,   0.287,   0.731,9999.000,9999.000,9999.000,9999.000,9999.000,9999.000,9999.000
202603311224,   0.285,   0.760,9999.000,9999.000,9999.000,9999.000,9999.000,9999.000,9999.000
202603311230,   0.283,   0.751,9999.000,9999.000,9999.000,9999.000,9999.000,9999.000,9999.000
202603311236,   0.281,   0.731,9999.000,9999.000,9999.000,9999.000,9999.000,9999.000,9999.000
202603311242,   0.279,   0.698,9999.000,9999.000,9999.000,9999.000,9999.000,9999.000,9999.000
202603311248,   0.277,   0.731,9999.000,9999.000,9999.000,9999.000,9999.000,9999.000,9999.000
202603311254,   0.274,   0.708,9999.000,9999.000,9999.000,9999.000,9999.000,9999.000,9999.000
202603311300,   0.272,   0.731,   0.400,   0.059,   0.731,   0.400,   0.731,   0.400,   0.731
202603311306,   0.269,   0.731,9999.000,9999.000,9999.000,9999.000,9999.000,9999.000,9999.000
202603311312,   0.267,   0.751,9999.000,9999.000,9999.000,9999.000,9999.000,9999.000,9999.000
202603311318,   0.264,   0.731,9999.000,9999.000,9999.000,9999.000,9999.000,9999.000,9999.000
202603311324,   0.262,   0.708,9999.000,9999.000,9999.000,9999.000,9999.000,9999.000,9999.000
202603311330,   0.259,   0.688,9999.000,9999.000,9999.000,9999.000,9999.000,9999.000,9999.000
202603311336,   0.256,   0.678,9999.000,9999.000,9999.000,9999.000,9999.000,9999.000,9999.000
202603311342,   0.253,   0.698,9999.000,9999.000,9999.000,9999.000,9999.000,9999.000,9999.000
202603311348,   0.250,   0.698,9999.000,9999.000,9999.000,9999.000,9999.000,9999.000,9999.000
202603311354,   0.247,   0.718,9999.000,9999.000,9999.000,9999.000,9999.000,9999.000,9999.000
202603311400,   0.244,   0.698,   0.400,   0.054,   0.698,   0.400,   0.698,   0.500,   0.798
202603311406,   0.240,   0.708,9999.000,9999.000,9999.000,9999.000,9999.000,9999.000,9999.000
202603311412,   0.237,   0.698,9999.000,9999.000,9999.000,9999.000,9999.000,9999.000,9999.000
202603311418,   0.234,   0.669,9999.000,9999.000,9999.000,9999.000,9999.000,9999.000,9999.000
202603311424,   0.230,   0.688,9999.000,9999.000,9999.000,9999.000,9999.000,9999.000,9999.000
202603311430,   0.227,   0.669,9999.000,9999.000,9999.000,9999.000,9999.000,9999.000,9999.000
202603311436,   0.223,   0.688,9999.000,9999.000,9999.000,9999.000,9999.000,9999.000,9999.000
202603311442,   0.220,   0.678,9999.000,9999.000,9999.000,9999.000,9999.000,9999.000,9999.000
202603311448,   0.216,   0.688,9999.000,9999.000,9999.000,9999.000,9999.000,9999.000,9999.000
202603311454,   0.212,   0.669,9999.000,9999.000,9999.000,9999.000,9999.000,9999.000,9999.000
202603311500,   0.208,   0.669,   0.400,   0.061,   0.669,   0.400,   0.669,   0.500,   0.769
202603311506,   0.204,   0.659,9999.000,9999.000,9999.000,9999.000,9999.000,9999.000,9999.000
202603311512,   0.200,   0.659,9999.000,9999.000,9999.000,9999.000,9999.000,9999.000,9999.000
202603311518,   0.196,   0.649,9999.000,9999.000,9999.000,9999.000,9999.000,9999.000,9999.000
202603311524,   0.192,   0.639,9999.000,9999.000,9999.000,9999.000,9999.000,9999.000,9999.000
202603311530,   0.188,   0.639,9999.000,9999.000,9999.000,9999.000,9999.000,9999.000,9999.000
202603311536,   0.184,   0.659,9999.000,9999.000,9999.000,9999.000,9999.000,9999.000,9999.000
202603311542,   0.180,   0.629,9999.000,9999.000,9999.000,9999.000,9999.000,9999.000,9999.000
202603311548,   0.176,   0.649,9999.000,9999.000,9999.000,9999.000,9999.000,9999.000,9999.000
202603311554,   0.172,   0.629,9999.000,9999.000,9999.000,9999.000,9999.000,9999.000,9999.000
202603311600,   0.168,   0.619,   0.400,   0.051,   0.619,   0.400,   0.619,   0.500,   0.719
202603311606,   0.164,   0.629,9999.000,9999.000,9999.000,9999.000,9999.000,9999.000,9999.000
202603311612,   0.160,   0.629,9999.000,9999.000,9999.000,9999.000,9999.000,9999.000,9999.000
202603311618,   0.156,   0.619,9999.000,9999.000,9999.000,9999.000,9999.000,9999.000,9999.000
202603311624,   0.152,   0.629,9999.000,9999.000,9999.000,9999.000,9999.000,9999.000,9999.000
202603311630,   0.148,   0.610,9999.000,9999.000,9999.000,9999.000,9999.000,9999.000,9999.000
202603311636,   0.144,   0.610,9999.000,9999.000,9999.000,9999.000,9999.000,9999.000,9999.000
202603311642,   0.141,   0.590,9999.000,9999.000,9999.000,9999.000,9999.000,9999.000,9999.000
202603311648,   0.137,   0.600,9999.000,9999.000,9999.000,9999.000,9999.000,9999.000,9999.000
202603311654,   0.134,   0.580,9999.000,9999.000,9999.000,9999.000,9999.000,9999.000,9999.000
202603311700,   0.130,   0.580,   0.400,   0.050,   0.580,   0.400,   0.580,   0.500,   0.680
202603311706,   0.127,   0.580,9999.000,9999.000,9999.000,9999.000,9999.000,9999.000,9999.000
202603311712,   0.124,   0.580,9999.000,9999.000,9999.000,9999.000,9999.000,9999.000,9999.000
202603311718,   0.121,   0.580,9999.000,9999.000,9999.000,9999.000,9999.000,9999.000,9999.000
202603311724,   0.119,   0.590,9999.000,9999.000,9999.000,9999.000,9999.000,9999.000,9999.000
202603311730,   0.116,   0.590,9999.000,9999.000,9999.000,9999.000,9999.000,9999.000,9999.000
202603311736,   0.114,   0.580,9999.000,9999.000,9999.000,9999.000,9999.000,9999.000,9999.000
202603311742,   0.112,   0.580,9999.000,9999.000,9999.000,9999.000,9999.000,9999.000,9999.000
202603311748,   0.110,   0.570,9999.000,9999.000,9999.000,9999.000,9999.000,9999.000,9999.000
202603311754,   0.109,   0.570,9999.000,9999.000,9999.000,9999.000,9999.000,9999.000,9999.000
202603311800,   0.108,   0.570,   0.500,  -0.038,   0.570,   0.400,   0.470,   0.500,   0.570
202603311806,   0.107,   0.570,9999.000,9999.000,9999.000,9999.000,9999.000,9999.000,9999.000
202603311812,   0.106,   0.570,9999.000,9999.000,9999.000,9999.000,9999.000,9999.000,9999.000
202603311818,   0.105,   0.590,9999.000,9999.000,9999.000,9999.000,9999.000,9999.000,9999.000
202603311824,   0.105,   0.570,9999.000,9999.000,9999.000,9999.000,9999.000,9999.000,9999.000
202603311830,   0.106,   0.551,9999.000,9999.000,9999.000,9999.000,9999.000,9999.000,9999.000
202603311836,   0.106,   0.580,9999.000,9999.000,9999.000,9999.000,9999.000,9999.000,9999.000
202603311842,   0.107,   0.570,9999.000,9999.000,9999.000,9999.000,9999.000,9999.000,9999.000
202603311848,   0.108,   0.570,9999.000,9999.000,9999.000,9999.000,9999.000,9999.000,9999.000
202603311854,   0.109,   0.570,9999.000,9999.000,9999.000,9999.000,9999.000,9999.000,9999.000
202603311900,   0.111,   0.570,   0.500,  -0.041,   0.570,   0.400,   0.470,   0.500,   0.570
202603311906,   0.113,   0.570,9999.000,9999.000,9999.000,9999.000,9999.000,9999.000,9999.000
202603311912,   0.115,   0.580,9999.000,9999.000,9999.000,9999.000,9999.000,9999.000,9999.000
202603311918,   0.118,   0.570,9999.000,9999.000,9999.000,9999.000,9999.000,9999.000,9999.000
202603311924,   0.121,   0.580,9999.000,9999.000,9999.000,9999.000,9999.000,9999.000,9999.000
202603311930,   0.124,   0.580,9999.000,9999.000,9999.000,9999.000,9999.000,9999.000,9999.000
202603311936,   0.127,   0.590,9999.000,9999.000,9999.000,9999.000,9999.000,9999.000,9999.000
202603311942,   0.131,   0.590,9999.000,9999.000,9999.000,9999.000,9999.000,9999.000,9999.000
202603311948,   0.135,   0.590,9999.000,9999.000,9999.000,9999.000,9999.000,9999.000,9999.000
202603311954,   0.139,   0.580,9999.000,9999.000,9999.000,9999.000,9999.000,9999.000,9999.000
202603312000,   0.143,   0.610,   0.500,  -0.033,   0.610,   0.500,   0.610,   0.500,   0.610
202603312006,   0.148,   0.610,9999.000,9999.000,9999.000,9999.000,9999.000,9999.000,9999.000
202603312012,   0.152,   0.590,9999.000,9999.000,9999.000,9999.000,9999.000,9999.000,9999.000
202603312018,   0.157,   0.570,9999.000,9999.000,9999.000,9999.000,9999.000,9999.000,9999.000
202603312024,   0.162,   0.590,9999.000,9999.000,9999.000,9999.000,9999.000,9999.000,9999.000
202603312030,   0.167,   0.610,9999.000,9999.000,9999.000,9999.000,9999.000,9999.000,9999.000
202603312036,   0.172,   0.659,9999.000,9999.000,9999.000,9999.000,9999.000,9999.000,9999.000
202603312042,   0.178,   0.669,9999.000,9999.000,9999.000,9999.000,9999.000,9999.000,9999.000
202603312048,   0.183,   0.659,9999.000,9999.000,9999.000,9999.000,9999.000,9999.000,9999.000
202603312054,   0.188,   0.639,9999.000,9999.000,9999.000,9999.000,9999.000,9999.000,9999.000
202603312100,   0.194,   0.649,   0.500,  -0.045,   0.649,   0.500,   0.649,   0.500,   0.649
202603312106,   0.199,   0.629,9999.000,9999.000,9999.000,9999.000,9999.000,9999.000,9999.000
202603312112,   0.205,   0.659,9999.000,9999.000,9999.000,9999.000,9999.000,9999.000,9999.000
202603312118,   0.210,   0.659,9999.000,9999.000,9999.000,9999.000,9999.000,9999.000,9999.000
202603312124,   0.215,   0.669,9999.000,9999.000,9999.000,9999.000,9999.000,9999.000,9999.000
202603312130,   0.221,   0.688,9999.000,9999.000,9999.000,9999.000,9999.000,9999.000,9999.000
202603312136,   0.226,   0.678,9999.000,9999.000,9999.000,9999.000,9999.000,9999.000,9999.000
202603312142,   0.231,   0.678,9999.000,9999.000,9999.000,9999.000,9999.000,9999.000,9999.000
202603312148,   0.236,   0.688,9999.000,9999.000,9999.000,9999.000,9999.000,9999.000,9999.000
202603312154,   0.241,   0.688,9999.000,9999.000,9999.000,9999.000,9999.000,9999.000,9999.000
202603312200,   0.245,   0.698,   0.500,  -0.047,   0.698,   0.400,   0.598,   0.500,   0.698
202603312206,   0.250,   0.688,9999.000,9999.000,9999.000,9999.000,9999.000,9999.000,9999.000
202603312212,   0.254,   0.698,9999.000,9999.000,9999.000,9999.000,9999.000,9999.000,9999.000
202603312218,   0.258,   0.698,9999.000,9999.000,9999.000,9999.000,9999.000,9999.000,9999.000
202603312224,   0.262,   0.708,9999.000,9999.000,9999.000,9999.000,9999.000,9999.000,9999.000
202603312230,   0.266,   0.698,9999.000,9999.000,9999.000,9999.000,9999.000,9999.000,9999.000
202603312236,   0.270,   0.718,9999.000,9999.000,9999.000,9999.000,9999.000,9999.000,9999.000
202603312242,   0.273,   0.718,9999.000,9999.000,9999.000,9999.000,9999.000,9999.000,9999.000
202603312248,   0.276,   0.731,9999.000,9999.000,9999.000,9999.000,9999.000,9999.000,9999.000
202603312254,   0.280,   0.698,9999.000,9999.000,9999.000,9999.000,9999.000,9999.000,9999.000
202603312300,   0.282,   0.698,   0.500,  -0.084,   0.698,   0.400,   0.598,   0.500,   0.698
202603312306,   0.285,   0.708,9999.000,9999.000,9999.000,9999.000,9999.000,9999.000,9999.000
202603312312,   0.287,   0.708,9999.000,9999.000,9999.000,9999.000,9999.000,9999.000,9999.000
202603312318,   0.290,   0.678,9999.000,9999.000,9999.000,9999.000,9999.000,9999.000,9999.000
202603312324,   0.292,   0.718,9999.000,9999.000,9999.000,9999.000,9999.000,9999.000,9999.000
202603312330,   0.293,   0.741,9999.000,9999.000,9999.000,9999.000,9999.000,9999.000,9999.000
202603312336,   0.295,   0.751,9999.000,9999.000,9999.000,9999.000,9999.000,9999.000,9999.000
202603312342,   0.296,   0.718,9999.000,9999.000,9999.000,9999.000,9999.000,9999.000,9999.000
202603312348,   0.298,   0.731,9999.000,9999.000,9999.000,9999.000,9999.000,9999.000,9999.000
202603312354,   0.299,   0.741,9999.000,9999.000,9999.000,9999.000,9999.000,9999.000,9999.000
202604010000,   0.299,   0.741,   0.400,   0.042,   0.741,   0.400,   0.741,   0.500,   0.841
202604010006,   0.300,9999.000,9999.000,9999.000,9999.000,9999.000,9999.000,9999.000,9999.000
202604010012,   0.301,9999.000,9999.000,9999.000,9999.000,9999.000,9999.000,9999.000,9999.000
202604010018,   0.301,9999.000,9999.000,9999.000,9999.000,9999.000,9999.000,9999.000,9999.000
202604010024,   0.301,9999.000,9999.000,9999.000,9999.000,9999.000,9999.000,9999.000,9999.000
202604010030,   0.301,9999.000,9999.000,9999.000,9999.000,9999.000,9999.000,9999.000,9999.000
202604010036,   0.301,9999.000,9999.000,9999.000,9999.000,9999.000,9999.000,9999.000,9999.000
202604010042,   0.301,9999.000,9999.000,9999.000,9999.000,9999.000,9999.000,9999.000,9999.000
202604010048,   0.301,9999.000,9999.000,9999.000,9999.000,9999.000,9999.000,9999.000,9999.000
202604010054,   0.300,9999.000,9999.000,9999.000,9999.000,9999.000,9999.000,9999.000,9999.000
202604010100,   0.300,9999.000,   0.400,   0.038,   0.738,   0.400,   0.738,   0.500,   0.838
202604010106,   0.299,9999.000,9999.000,9999.000,9999.000,9999.000,9999.000,9999.000,9999.000
202604010112,   0.298,9999.000,9999.000,9999.000,9999.000,9999.000,9999.000,9999.000,9999.000
202604010118,   0.297,9999.000,9999.000,9999.000,9999.000,9999.000,9999.000,9999.000,9999.000
202604010124,   0.296,9999.000,9999.000,9999.000,9999.000,9999.000,9999.000,9999.000,9999.000
202604010130,   0.295,9999.000,9999.000,9999.000,9999.000,9999.000,9999.000,9999.000,9999.000
202604010136,   0.294,9999.000,9999.000,9999.000,9999.000,9999.000,9999.000,9999.000,9999.000
202604010142,   0.293,9999.000,9999.000,9999.000,9999.000,9999.000,9999.000,9999.000,9999.000
202604010148,   0.292,9999.000,9999.000,9999.000,9999.000,9999.000,9999.000,9999.000,9999.000
202604010154,   0.290,9999.000,9999.000,9999.000,9999.000,9999.000,9999.000,9999.000,9999.000
202604010200,   0.289,9999.000,   0.400,   0.034,   0.723,   0.400,   0.723,   0.500,   0.823
202604010206,   0.287,9999.000,9999.000,9999.000,9999.000,9999.000,9999.000,9999.000,9999.000
202604010212,   0.286,9999.000,9999.000,9999.000,9999.000,9999.000,9999.000,9999.000,9999.000
202604010218,   0.284,9999.000,9999.000,9999.000,9999.000,9999.000,9999.000,9999.000,9999.000
202604010224,   0.282,9999.000,9999.000,9999.000,9999.000,9999.000,9999.000,9999.000,9999.000
202604010230,   0.281,9999.000,9999.000,9999.000,9999.000,9999.000,9999.000,9999.000,9999.000
202604010236,   0.279,9999.000,9999.000,9999.000,9999.000,9999.000,9999.000,9999.000,9999.000
202604010242,   0.277,9999.000,9999.000,9999.000,9999.000,9999.000,9999.000,9999.000,9999.000
202604010248,   0.275,9999.000,9999.000,9999.000,9999.000,9999.000,9999.000,9999.000,9999.000
202604010254,   0.273,9999.000,9999.000,9999.000,9999.000,9999.000,9999.000,9999.000,9999.000
202604010300,   0.271,9999.000,   0.400,   0.030,   0.701,   0.400,   0.701,   0.400,   0.701
202604010306,   0.269,9999.000,9999.000,9999.000,9999.000,9999.000,9999.000,9999.000,9999.000
202604010312,   0.266,9999.000,9999.000,9999.000,9999.000,9999.000,9999.000,9999.000,9999.000
202604010318,   0.264,9999.000,9999.000,9999.000,9999.000,9999.000,9999.000,9999.000,9999.000
202604010324,   0.262,9999.000,9999.000,9999.000,9999.000,9999.000,9999.000,9999.000,9999.000
202604010330,   0.260,9999.000,9999.000,9999.000,9999.000,9999.000,9999.000,9999.000,9999.000
202604010336,   0.257,9999.000,9999.000,9999.000,9999.000,9999.000,9999.000,9999.000,9999.000
202604010342,   0.255,9999.000,9999.000,9999.000,9999.000,9999.000,9999.000,9999.000,9999.000
202604010348,   0.252,9999.000,9999.000,9999.000,9999.000,9999.000,9999.000,9999.000,9999.000
202604010354,   0.250,9999.000,9999.000,9999.000,9999.000,9999.000,9999.000,9999.000,9999.000
202604010400,   0.247,9999.000,   0.400,   0.026,   0.673,   0.400,   0.673,   0.400,   0.673
202604010406,   0.244,9999.000,9999.000,9999.000,9999.000,9999.000,9999.000,9999.000,9999.000
202604010412,   0.242,9999.000,9999.000,9999.000,9999.000,9999.000,9999.000,9999.000,9999.000
202604010418,   0.239,9999.000,9999.000,9999.000,9999.000,9999.000,9999.000,9999.000,9999.000
202604010424,   0.236,9999.000,9999.000,9999.000,9999.000,9999.000,9999.000,9999.000,9999.000
202604010430,   0.234,9999.000,9999.000,9999.000,9999.000,9999.000,9999.000,9999.000,9999.000
202604010436,   0.231,9999.000,9999.000,9999.000,9999.000,9999.000,9999.000,9999.000,9999.000
202604010442,   0.229,9999.000,9999.000,9999.000,9999.000,9999.000,9999.000,9999.000,9999.000
202604010448,   0.226,9999.000,9999.000,9999.000,9999.000,9999.000,9999.000,9999.000,9999.000
202604010454,   0.223,9999.000,9999.000,9999.000,9999.000,9999.000,9999.000,9999.000,9999.000
202604010500,   0.221,9999.000,   0.400,   0.023,   0.644,   0.400,   0.644,   0.400,   0.644
202604010506,   0.218,9999.000,9999.000,9999.000,9999.000,9999.000,9999.000,9999.000,9999.000
202604010512,   0.216,9999.000,9999.000,9999.000,9999.000,9999.000,9999.000,9999.000,9999.000
202604010518,   0.213,9999.000,9999.000,9999.000,9999.000,9999.000,9999.000,9999.000,9999.000
202604010524,   0.211,9999.000,9999.000,9999.000,9999.000,9999.000,9999.000,9999.000,9999.000
202604010530,   0.209,9999.000,9999.000,9999.000,9999.000,9999.000,9999.000,9999.000,9999.000
202604010536,   0.207,9999.000,9999.000,9999.000,9999.000,9999.000,9999.000,9999.000,9999.000
202604010542,   0.205,9999.000,9999.000,9999.000,9999.000,9999.000,9999.000,9999.000,9999.000
202604010548,   0.203,9999.000,9999.000,9999.000,9999.000,9999.000,9999.000,9999.000,9999.000
202604010554,   0.201,9999.000,9999.000,9999.000,9999.000,9999.000,9999.000,9999.000,9999.000
202604010600,   0.200,9999.000,   0.400,   0.019,   0.619,   0.400,   0.619,   0.500,   0.719
202604010606,   0.199,9999.000,9999.000,9999.000,9999.000,9999.000,9999.000,9999.000,9999.000
202604010612,   0.197,9999.000,9999.000,9999.000,9999.000,9999.000,9999.000,9999.000,9999.000
202604010618,   0.196,9999.000,9999.000,9999.000,9999.000,9999.000,9999.000,9999.000,9999.000
202604010624,   0.195,9999.000,9999.000,9999.000,9999.000,9999.000,9999.000,9999.000,9999.000
202604010630,   0.195,9999.000,9999.000,9999.000,9999.000,9999.000,9999.000,9999.000,9999.000
202604010636,   0.194,9999.000,9999.000,9999.000,9999.000,9999.000,9999.000,9999.000,9999.000
202604010642,   0.194,9999.000,9999.000,9999.000,9999.000,9999.000,9999.000,9999.000,9999.000
202604010648,   0.194,9999.000,9999.000,9999.000,9999.000,9999.000,9999.000,9999.000,9999.000
202604010654,   0.194,9999.000,9999.000,9999.000,9999.000,9999.000,9999.000,9999.000,9999.000
202604010700,   0.194,9999.000,   0.400,   0.015,   0.609,   0.400,   0.609,   0.500,   0.709
202604010706,   0.194,9999.000,9999.000,9999.000,9999.000,9999.000,9999.000,9999.000,9999.000
202604010712,   0.195,9999.000,9999.000,9999.000,9999.000,9999.000,9999.000,9999.000,9999.000
202604010718,   0.196,9999.000,9999.000,9999.000,9999.000,9999.000,9999.000,9999.000,9999.000
202604010724,   0.197,9999.000,9999.000,9999.000,9999.000,9999.000,9999.000,9999.000,9999.000
202604010730,   0.198,9999.000,9999.000,9999.000,9999.000,9999.000,9999.000,9999.000,9999.000
202604010736,   0.199,9999.000,9999.000,9999.000,9999.000,9999.000,9999.000,9999.000,9999.000
202604010742,   0.200,9999.000,9999.000,9999.000,9999.000,9999.000,9999.000,9999.000,9999.000
202604010748,   0.202,9999.000,9999.000,9999.000,9999.000,9999.000,9999.000,9999.000,9999.000
202604010754,   0.204,9999.000,9999.000,9999.000,9999.000,9999.000,9999.000,9999.000,9999.000
202604010800,   0.206,9999.000,   0.500,   0.011,   0.717,   0.400,   0.617,   0.500,   0.717
202604010806,   0.208,9999.000,9999.000,9999.000,9999.000,9999.000,9999.000,9999.000,9999.000
202604010812,   0.210,9999.000,9999.000,9999.000,9999.000,9999.000,9999.000,9999.000,9999.000
202604010818,   0.212,9999.000,9999.000,9999.000,9999.000,9999.000,9999.000,9999.000,9999.000
202604010824,   0.214,9999.000,9999.000,9999.000,9999.000,9999.000,9999.000,9999.000,9999.000
202604010830,   0.217,9999.000,9999.000,9999.000,9999.000,9999.000,9999.000,9999.000,9999.000
202604010836,   0.219,9999.000,9999.000,9999.000,9999.000,9999.000,9999.000,9999.000,9999.000
202604010842,   0.221,9999.000,9999.000,9999.000,9999.000,9999.000,9999.000,9999.000,9999.000
202604010848,   0.224,9999.000,9999.000,9999.000,9999.000,9999.000,9999.000,9999.000,9999.000
202604010854,   0.226,9999.000,9999.000,9999.000,9999.000,9999.000,9999.000,9999.000,9999.000
202604010900,   0.228,9999.000,   0.500,   0.007,   0.735,   0.400,   0.635,   0.500,   0.735
202604010906,   0.231,9999.000,9999.000,9999.000,9999.000,9999.000,9999.000,9999.000,9999.000
202604010912,   0.233,9999.000,9999.000,9999.000,9999.000,9999.000,9999.000,9999.000,9999.000
202604010918,   0.235,9999.000,9999.000,9999.000,9999.000,9999.000,9999.000,9999.000,9999.000
202604010924,   0.237,9999.000,9999.000,9999.000,9999.000,9999.000,9999.000,9999.000,9999.000
202604010930,   0.239,9999.000,9999.000,9999.000,9999.000,9999.000,9999.000,9999.000,9999.000
202604010936,   0.241,9999.000,9999.000,9999.000,9999.000,9999.000,9999.000,9999.000,9999.000
202604010942,   0.242,9999.000,9999.000,9999.000,9999.000,9999.000,9999.000,9999.000,9999.000
202604010948,   0.244,9999.000,9999.000,9999.000,9999.000,9999.000,9999.000,9999.000,9999.000
202604010954,   0.245,9999.000,9999.000,9999.000,9999.000,9999.000,9999.000,9999.000,9999.000
202604011000,   0.246,9999.000,   0.400,   0.003,   0.649,   0.400,   0.649,   0.500,   0.749
202604011006,   0.247,9999.000,9999.000,9999.000,9999.000,9999.000,9999.000,9999.000,9999.000
202604011012,   0.248,9999.000,9999.000,9999.000,9999.000,9999.000,9999.000,9999.000,9999.000
202604011018,   0.248,9999.000,9999.000,9999.000,9999.000,9999.000,9999.000,9999.000,9999.000
202604011024,   0.249,9999.000,9999.000,9999.000,9999.000,9999.000,9999.000,9999.000,9999.000
202604011030,   0.249,9999.000,9999.000,9999.000,9999.000,9999.000,9999.000,9999.000,9999.000
202604011036,   0.249,9999.000,9999.000,9999.000,9999.000,9999.000,9999.000,9999.000,9999.000
202604011042,   0.248,9999.000,9999.000,9999.000,9999.000,9999.000,9999.000,9999.000,9999.000
202604011048,   0.248,9999.000,9999.000,9999.000,9999.000,9999.000,9999.000,9999.000,9999.000
202604011054,   0.247,9999.000,9999.000,9999.000,9999.000,9999.000,9999.000,9999.000,9999.000
202604011100,   0.246,9999.000,   0.400,  -0.001,   0.645,   0.400,   0.645,   0.500,   0.745
202604011106,   0.244,9999.000,9999.000,9999.000,9999.000,9999.000,9999.000,9999.000,9999.000
202604011112,   0.243,9999.000,9999.000,9999.000,9999.000,9999.000,9999.000,9999.000,9999.000
202604011118,   0.241,9999.000,9999.000,9999.000,9999.000,9999.000,9999.000,9999.000,9999.000
202604011124,   0.239,9999.000,9999.000,9999.000,9999.000,9999.000,9999.000,9999.000,9999.000
202604011130,   0.237,9999.000,9999.000,9999.000,9999.000,9999.000,9999.000,9999.000,9999.000
202604011136,   0.234,9999.000,9999.000,9999.000,9999.000,9999.000,9999.000,9999.000,9999.000
202604011142,   0.231,9999.000,9999.000,9999.000,9999.000,9999.000,9999.000,9999.000,9999.000
202604011148,   0.229,9999.000,9999.000,9999.000,9999.000,9999.000,9999.000,9999.000,9999.000
202604011154,   0.225,9999.000,9999.000,9999.000,9999.000,9999.000,9999.000,9999.000,9999.000
202604011200,   0.222,9999.000,   0.400,  -0.005,   0.617,   0.400,   0.617,   0.500,   0.717
202604011206,   0.219,9999.000,9999.000,9999.000,9999.000,9999.000,9999.000,9999.000,9999.000
202604011212,   0.215,9999.000,9999.000,9999.000,9999.000,9999.000,9999.000,9999.000,9999.000
202604011218,   0.212,9999.000,9999.000,9999.000,9999.000,9999.000,9999.000,9999.000,9999.000
202604011224,   0.208,9999.000,9999.000,9999.000,9999.000,9999.000,9999.000,9999.000,9999.000
202604011230,   0.204,9999.000,9999.000,9999.000,9999.000,9999.000,9999.000,9999.000,9999.000
202604011236,   0.200,9999.000,9999.000,9999.000,9999.000,9999.000,9999.000,9999.000,9999.000
202604011242,   0.196,9999.000,9999.000,9999.000,9999.000,9999.000,9999.000,9999.000,9999.000
202604011248,   0.192,9999.000,9999.000,9999.000,9999.000,9999.000,9999.000,9999.000,9999.000
202604011254,   0.187,9999.000,9999.000,9999.000,9999.000,9999.000,9999.000,9999.000,9999.000
202604011300,   0.183,9999.000,   0.400,  -0.005,   0.578,   0.400,   0.578,   0.500,   0.678
202604011306,   0.179,9999.000,9999.000,9999.000,9999.000,9999.000,9999.000,9999.000,9999.000
202604011312,   0.174,9999.000,9999.000,9999.000,9999.000,9999.000,9999.000,9999.000,9999.000
202604011318,   0.170,9999.000,9999.000,9999.000,9999.000,9999.000,9999.000,9999.000,9999.000
202604011324,   0.166,9999.000,9999.000,9999.000,9999.000,9999.000,9999.000,9999.000,9999.000
202604011330,   0.161,9999.000,9999.000,9999.000,9999.000,9999.000,9999.000,9999.000,9999.000
202604011336,   0.157,9999.000,9999.000,9999.000,9999.000,9999.000,9999.000,9999.000,9999.000
202604011342,   0.153,9999.000,9999.000,9999.000,9999.000,9999.000,9999.000,9999.000,9999.000
202604011348,   0.148,9999.000,9999.000,9999.000,9999.000,9999.000,9999.000,9999.000,9999.000
202604011354,   0.144,9999.000,9999.000,9999.000,9999.000,9999.000,9999.000,9999.000,9999.000
202604011400,   0.140,9999.000,   0.400,  -0.005,   0.535,   0.400,   0.535,   0.500,   0.635
202604011406,   0.136,9999.000,9999.000,9999.000,9999.000,9999.000,9999.000,9999.000,9999.000
202604011412,   0.132,9999.000,9999.000,9999.000,9999.000,9999.000,9999.000,9999.000,9999.000
202604011418,   0.127,9999.000,9999.000,9999.000,9999.000,9999.000,9999.000,9999.000,9999.000
202604011424,   0.123,9999.000,9999.000,9999.000,9999.000,9999.000,9999.000,9999.000,9999.000
202604011430,   0.119,9999.000,9999.000,9999.000,9999.000,9999.000,9999.000,9999.000,9999.000
202604011436,   0.116,9999.000,9999.000,9999.000,9999.000,9999.000,9999.000,9999.000,9999.000
202604011442,   0.112,9999.000,9999.000,9999.000,9999.000,9999.000,9999.000,9999.000,9999.000
202604011448,   0.108,9999.000,9999.000,9999.000,9999.000,9999.000,9999.000,9999.000,9999.000
202604011454,   0.104,9999.000,9999.000,9999.000,9999.000,9999.000,9999.000,9999.000,9999.000
202604011500,   0.101,9999.000,   0.500,  -0.005,   0.596,   0.400,   0.496,   0.500,   0.596
202604011506,   0.097,9999.000,9999.000,9999.000,9999.000,9999.000,9999.000,9999.000,9999.000
202604011512,   0.094,9999.000,9999.000,9999.000,9999.000,9999.000,9999.000,9999.000,9999.000
202604011518,   0.090,9999.000,9999.000,9999.000,9999.000,9999.000,9999.000,9999.000,9999.000
202604011524,   0.087,9999.000,9999.000,9999.000,9999.000,9999.000,9999.000,9999.000,9999.000
202604011530,   0.084,9999.000,9999.000,9999.000,9999.000,9999.000,9999.000,9999.000,9999.000
202604011536,   0.080,9999.000,9999.000,9999.000,9999.000,9999.000,9999.000,9999.000,9999.000
202604011542,   0.077,9999.000,9999.000,9999.000,9999.000,9999.000,9999.000,9999.000,9999.000
202604011548,   0.074,9999.000,9999.000,9999.000,9999.000,9999.000,9999.000,9999.000,9999.000
202604011554,   0.071,9999.000,9999.000,9999.000,9999.000,9999.000,9999.000,9999.000,9999.000
202604011600,   0.068,9999.000,   0.500,  -0.005,   0.563,   0.400,   0.463,   0.500,   0.563
202604011606,   0.065,9999.000,9999.000,9999.000,9999.000,9999.000,9999.000,9999.000,9999.000
202604011612,   0.063,9999.000,9999.000,9999.000,9999.000,9999.000,9999.000,9999.000,9999.000
202604011618,   0.060,9999.000,9999.000,9999.000,9999.000,9999.000,9999.000,9999.000,9999.000
202604011624,   0.057,9999.000,9999.000,9999.000,9999.000,9999.000,9999.000,9999.000,9999.000
202604011630,   0.055,9999.000,9999.000,9999.000,9999.000,9999.000,9999.000,9999.000,9999.000
202604011636,   0.053,9999.000,9999.000,9999.000,9999.000,9999.000,9999.000,9999.000,9999.000
202604011642,   0.050,9999.000,9999.000,9999.000,9999.000,9999.000,9999.000,9999.000,9999.000
202604011648,   0.048,9999.000,9999.000,9999.000,9999.000,9999.000,9999.000,9999.000,9999.000
202604011654,   0.046,9999.000,9999.000,9999.000,9999.000,9999.000,9999.000,9999.000,9999.000
202604011700,   0.044,9999.000,   0.500,  -0.005,   0.539,   0.400,   0.439,   0.500,   0.539
202604011706,   0.042,9999.000,9999.000,9999.000,9999.000,9999.000,9999.000,9999.000,9999.000
202604011712,   0.040,9999.000,9999.000,9999.000,9999.000,9999.000,9999.000,9999.000,9999.000
202604011718,   0.039,9999.000,9999.000,9999.000,9999.000,9999.000,9999.000,9999.000,9999.000
202604011724,   0.038,9999.000,9999.000,9999.000,9999.000,9999.000,9999.000,9999.000,9999.000
202604011730,   0.036,9999.000,9999.000,9999.000,9999.000,9999.000,9999.000,9999.000,9999.000
202604011736,   0.035,9999.000,9999.000,9999.000,9999.000,9999.000,9999.000,9999.000,9999.000
202604011742,   0.035,9999.000,9999.000,9999.000,9999.000,9999.000,9999.000,9999.000,9999.000
202604011748,   0.034,9999.000,9999.000,9999.000,9999.000,9999.000,9999.000,9999.000,9999.000
202604011754,   0.034,9999.000,9999.000,9999.000,9999.000,9999.000,9999.000,9999.000,9999.000
202604011800,   0.033,9999.000,   0.500,  -0.005,   0.528,   0.500,   0.528,   0.500,   0.528
202604011806,   0.033,9999.000,9999.000,9999.000,9999.000,9999.000,9999.000,9999.000,9999.000
202604011812,   0.034,9999.000,9999.000,9999.000,9999.000,9999.000,9999.000,9999.000,9999.000
202604011818,   0.034,9999.000,9999.000,9999.000,9999.000,9999.000,9999.000,9999.000,9999.000
202604011824,   0.035,9999.000,9999.000,9999.000,9999.000,9999.000,9999.000,9999.000,9999.000
202604011830,   0.036,9999.000,9999.000,9999.000,9999.000,9999.000,9999.000,9999.000,9999.000
202604011836,   0.038,9999.000,9999.000,9999.000,9999.000,9999.000,9999.000,9999.000,9999.000
202604011842,   0.040,9999.000,9999.000,9999.000,9999.000,9999.000,9999.000,9999.000,9999.000
202604011848,   0.042,9999.000,9999.000,9999.000,9999.000,9999.000,9999.000,9999.000,9999.000
202604011854,   0.044,9999.000,9999.000,9999.000,9999.000,9999.000,9999.000,9999.000,9999.000
202604011900,   0.047,9999.000,   0.500,  -0.005,   0.542,   0.500,   0.542,   0.500,   0.542
202604011906,   0.050,9999.000,9999.000,9999.000,9999.000,9999.000,9999.000,9999.000,9999.000
202604011912,   0.053,9999.000,9999.000,9999.000,9999.000,9999.000,9999.000,9999.000,9999.000
202604011918,   0.057,9999.000,9999.000,9999.000,9999.000,9999.000,9999.000,9999.000,9999.000
202604011924,   0.061,9999.000,9999.000,9999.000,9999.000,9999.000,9999.000,9999.000,9999.000
202604011930,   0.065,9999.000,9999.000,9999.000,9999.000,9999.000,9999.000,9999.000,9999.000
202604011936,   0.070,9999.000,9999.000,9999.000,9999.000,9999.000,9999.000,9999.000,9999.000
202604011942,   0.074,9999.000,9999.000,9999.000,9999.000,9999.000,9999.000,9999.000,9999.000
202604011948,   0.080,9999.000,9999.000,9999.000,9999.000,9999.000,9999.000,9999.000,9999.000
202604011954,   0.085,9999.000,9999.000,9999.000,9999.000,9999.000,9999.000,9999.000,9999.000
202604012000,   0.091,9999.000,   0.500,  -0.005,   0.586,   0.500,   0.586,   0.500,   0.586
202604012006,   0.097,9999.000,9999.000,9999.000,9999.000,9999.000,9999.000,9999.000,9999.000
202604012012,   0.104,9999.000,9999.000,9999.000,9999.000,9999.000,9999.000,9999.000,9999.000
202604012018,   0.110,9999.000,9999.000,9999.000,9999.000,9999.000,9999.000,9999.000,9999.000
202604012024,   0.117,9999.000,9999.000,9999.000,9999.000,9999.000,9999.000,9999.000,9999.000
202604012030,   0.124,9999.000,9999.000,9999.000,9999.000,9999.000,9999.000,9999.000,9999.000
202604012036,   0.132,9999.000,9999.000,9999.000,9999.000,9999.000,9999.000,9999.000,9999.000
202604012042,   0.139,9999.000,9999.000,9999.000,9999.000,9999.000,9999.000,9999.000,9999.000
202604012048,   0.147,9999.000,9999.000,9999.000,9999.000,9999.000,9999.000,9999.000,9999.000
202604012054,   0.155,9999.000,9999.000,9999.000,9999.000,9999.000,9999.000,9999.000,9999.000
202604012100,   0.163,9999.000,   0.500,  -0.005,   0.658,   0.500,   0.658,   0.500,   0.658
202604012106,   0.171,9999.000,9999.000,9999.000,9999.000,9999.000,9999.000,9999.000,9999.000
202604012112,   0.179,9999.000,9999.000,9999.000,9999.000,9999.000,9999.000,9999.000,9999.000
202604012118,   0.188,9999.000,9999.000,9999.000,9999.000,9999.000,9999.000,9999.000,9999.000
202604012124,   0.196,9999.000,9999.000,9999.000,9999.000,9999.000,9999.000,9999.000,9999.000
202604012130,   0.204,9999.000,9999.000,9999.000,9999.000,9999.000,9999.000,9999.000,9999.000
202604012136,   0.213,9999.000,9999.000,9999.000,9999.000,9999.000,9999.000,9999.000,9999.000
202604012142,   0.221,9999.000,9999.000,9999.000,9999.000,9999.000,9999.000,9999.000,9999.000
202604012148,   0.229,9999.000,9999.000,9999.000,9999.000,9999.000,9999.000,9999.000,9999.000
202604012154,   0.237,9999.000,9999.000,9999.000,9999.000,9999.000,9999.000,9999.000,9999.000
202604012200,   0.245,9999.000,   0.500,  -0.005,   0.740,   0.500,   0.740,   0.500,   0.740
202604012206,   0.253,9999.000,9999.000,9999.000,9999.000,9999.000,9999.000,9999.000,9999.000
202604012212,   0.261,9999.000,9999.000,9999.000,9999.000,9999.000,9999.000,9999.000,9999.000
202604012218,   0.269,9999.000,9999.000,9999.000,9999.000,9999.000,9999.000,9999.000,9999.000
202604012224,   0.276,9999.000,9999.000,9999.000,9999.000,9999.000,9999.000,9999.000,9999.000
202604012230,   0.284,9999.000,9999.000,9999.000,9999.000,9999.000,9999.000,9999.000,9999.000
202604012236,   0.291,9999.000,9999.000,9999.000,9999.000,9999.000,9999.000,9999.000,9999.000
202604012242,   0.298,9999.000,9999.000,9999.000,9999.000,9999.000,9999.000,9999.000,9999.000
202604012248,   0.304,9999.000,9999.000,9999.000,9999.000,9999.000,9999.000,9999.000,9999.000
202604012254,   0.310,9999.000,9999.000,9999.000,9999.000,9999.000,9999.000,9999.000,9999.000
202604012300,   0.317,9999.000,   0.500,  -0.005,   0.812,   0.400,   0.712,   0.500,   0.812
202604012306,   0.322,9999.000,9999.000,9999.000,9999.000,9999.000,9999.000,9999.000,9999.000
202604012312,   0.328,9999.000,9999.000,9999.000,9999.000,9999.000,9999.000,9999.000,9999.000
202604012318,   0.333,9999.000,9999.000,9999.000,9999.000,9999.000,9999.000,9999.000,9999.000
202604012324,   0.338,9999.000,9999.000,9999.000,9999.000,9999.000,9999.000,9999.000,9999.000
202604012330,   0.343,9999.000,9999.000,9999.000,9999.000,9999.000,9999.000,9999.000,9999.000
202604012336,   0.347,9999.000,9999.000,9999.000,9999.000,9999.000,9999.000,9999.000,9999.000
202604012342,   0.351,9999.000,9999.000,9999.000,9999.000,9999.000,9999.000,9999.000,9999.000
202604012348,   0.354,9999.000,9999.000,9999.000,9999.000,9999.000,9999.000,9999.000,9999.000
202604012354,   0.358,9999.000,9999.000,9999.000,9999.000,9999.000,9999.000,9999.000,9999.000
202604020000,   0.361,9999.000,   0.500,  -0.005,   0.856,   0.400,   0.756,   0.500,   0.856
202604020006,   0.364,9999.000,9999.000,9999.000,9999.000,9999.000,9999.000,9999.000,9999.000
202604020012,   0.366,9999.000,9999.000,9999.000,9999.000,9999.000,9999.000,9999.000,9999.000
202604020018,   0.368,9999.000,9999.000,9999.000,9999.000,9999.000,9999.000,9999.000,9999.000
202604020024,   0.370,9999.000,9999.000,9999.000,9999.000,9999.000,9999.000,9999.000,9999.000
202604020030,   0.372,9999.000,9999.000,9999.000,9999.000,9999.000,9999.000,9999.000,9999.000
202604020036,   0.373,9999.000,9999.000,9999.000,9999.000,9999.000,9999.000,9999.000,9999.000
202604020042,   0.374,9999.000,9999.000,9999.000,9999.000,9999.000,9999.000,9999.000,9999.000
202604020048,   0.375,9999.000,9999.000,9999.000,9999.000,9999.000,9999.000,9999.000,9999.000
202604020054,   0.376,9999.000,9999.000,9999.000,9999.000,9999.000,9999.000,9999.000,9999.000
202604020100,   0.376,9999.000,   0.500,  -0.005,   0.871,   0.400,   0.771,   0.500,   0.871
202604020106,   0.376,9999.000,9999.000,9999.000,9999.000,9999.000,9999.000,9999.000,9999.000
202604020112,   0.376,9999.000,9999.000,9999.000,9999.000,9999.000,9999.000,9999.000,9999.000
202604020118,   0.376,9999.000,9999.000,9999.000,9999.000,9999.000,9999.000,9999.000,9999.000
202604020124,   0.376,9999.000,9999.000,9999.000,9999.000,9999.000,9999.000,9999.000,9999.000
202604020130,   0.375,9999.000,9999.000,9999.000,9999.000,9999.000,9999.000,9999.000,9999.000
202604020136,   0.374,9999.000,9999.000,9999.000,9999.000,9999.000,9999.000,9999.000,9999.000
202604020142,   0.374,9999.000,9999.000,9999.000,9999.000,9999.000,9999.000,9999.000,9999.000
202604020148,   0.373,9999.000,9999.000,9999.000,9999.000,9999.000,9999.000,9999.000,9999.000
202604020154,   0.371,9999.000,9999.000,9999.000,9999.000,9999.000,9999.000,9999.000,9999.000
202604020200,   0.370,9999.000,   0.400,  -0.005,   0.765,   0.400,   0.765,   0.500,   0.865
202604020206,   0.369,9999.000,9999.000,9999.000,9999.000,9999.000,9999.000,9999.000,9999.000
202604020212,   0.368,9999.000,9999.000,9999.000,9999.000,9999.000,9999.000,9999.000,9999.000
202604020218,   0.366,9999.000,9999.000,9999.000,9999.000,9999.000,9999.000,9999.000,9999.000
202604020224,   0.364,9999.000,9999.000,9999.000,9999.000,9999.000,9999.000,9999.000,9999.000
202604020230,   0.363,9999.000,9999.000,9999.000,9999.000,9999.000,9999.000,9999.000,9999.000
202604020236,   0.361,9999.000,9999.000,9999.000,9999.000,9999.000,9999.000,9999.000,9999.000
202604020242,   0.359,9999.000,9999.000,9999.000,9999.000,9999.000,9999.000,9999.000,9999.000
202604020248,   0.357,9999.000,9999.000,9999.000,9999.000,9999.000,9999.000,9999.000,9999.000
202604020254,   0.355,9999.000,9999.000,9999.000,9999.000,9999.000,9999.000,9999.000,9999.000
202604020300,   0.353,9999.000,   0.400,  -0.005,   0.748,   0.400,   0.748,   0.500,   0.848
202604020306,   0.351,9999.000,9999.000,9999.000,9999.000,9999.000,9999.000,9999.000,9999.000
202604020312,   0.349,9999.000,9999.000,9999.000,9999.000,9999.000,9999.000,9999.000,9999.000
202604020318,   0.347,9999.000,9999.000,9999.000,9999.000,9999.000,9999.000,9999.000,9999.000
202604020324,   0.345,9999.000,9999.000,9999.000,9999.000,9999.000,9999.000,9999.000,9999.000
202604020330,   0.343,9999.000,9999.000,9999.000,9999.000,9999.000,9999.000,9999.000,9999.000
202604020336,   0.341,9999.000,9999.000,9999.000,9999.000,9999.000,9999.000,9999.000,9999.000
202604020342,   0.338,9999.000,9999.000,9999.000,9999.000,9999.000,9999.000,9999.000,9999.000
202604020348,   0.336,9999.000,9999.000,9999.000,9999.000,9999.000,9999.000,9999.000,9999.000
202604020354,   0.333,9999.000,9999.000,9999.000,9999.000,9999.000,9999.000,9999.000,9999.000
202604020400,   0.331,9999.000,   0.400,  -0.005,   0.726,   0.400,   0.726,   0.500,   0.826
202604020406,   0.328,9999.000,9999.000,9999.000,9999.000,9999.000,9999.000,9999.000,9999.000
202604020412,   0.326,9999.000,9999.000,9999.000,9999.000,9999.000,9999.000,9999.000,9999.000
202604020418,   0.323,9999.000,9999.000,9999.000,9999.000,9999.000,9999.000,9999.000,9999.000
202604020424,   0.320,9999.000,9999.000,9999.000,9999.000,9999.000,9999.000,9999.000,9999.000
202604020430,   0.318,9999.000,9999.000,9999.000,9999.000,9999.000,9999.000,9999.000,9999.000
202604020436,   0.315,9999.000,9999.000,9999.000,9999.000,9999.000,9999.000,9999.000,9999.000
202604020442,   0.312,9999.000,9999.000,9999.000,9999.000,9999.000,9999.000,9999.000,9999.000
202604020448,   0.309,9999.000,9999.000,9999.000,9999.000,9999.000,9999.000,9999.000,9999.000
202604020454,   0.306,9999.000,9999.000,9999.000,9999.000,9999.000,9999.000,9999.000,9999.000
202604020500,   0.303,9999.000,   0.400,  -0.005,   0.698,   0.400,   0.698,   0.500,   0.798
202604020506,   0.300,9999.000,9999.000,9999.000,9999.000,9999.000,9999.000,9999.000,9999.000
202604020512,   0.297,9999.000,9999.000,9999.000,9999.000,9999.000,9999.000,9999.000,9999.000
202604020518,   0.294,9999.000,9999.000,9999.000,9999.000,9999.000,9999.000,9999.000,9999.000
202604020524,   0.291,9999.000,9999.000,9999.000,9999.000,9999.000,9999.000,9999.000,9999.000
202604020530,   0.288,9999.000,9999.000,9999.000,9999.000,9999.000,9999.000,9999.000,9999.000
202604020536,   0.284,9999.000,9999.000,9999.000,9999.000,9999.000,9999.000,9999.000,9999.000
202604020542,   0.281,9999.000,9999.000,9999.000,9999.000,9999.000,9999.000,9999.000,9999.000
202604020548,   0.278,9999.000,9999.000,9999.000,9999.000,9999.000,9999.000,9999.000,9999.000
202604020554,   0.275,9999.000,9999.000,9999.000,9999.000,9999.000,9999.000,9999.000,9999.000
202604020600,   0.272,9999.000,   0.500,  -0.005,   0.767,   0.400,   0.667,   0.500,   0.767
202604020606,   0.269,9999.000,9999.000,9999.000,9999.000,9999.000,9999.000,9999.000,9999.000
202604020612,   0.266,9999.000,9999.000,9999.000,9999.000,9999.000,9999.000,9999.000,9999.000
202604020618,   0.263,9999.000,9999.000,9999.000,9999.000,9999.000,9999.000,9999.000,9999.000
202604020624,   0.260,9999.000,9999.000,9999.000,9999.000,9999.000,9999.000,9999.000,9999.000
202604020630,   0.257,9999.000,9999.000,9999.000,9999.000,9999.000,9999.000,9999.000,9999.000
202604020636,   0.254,9999.000,9999.000,9999.000,9999.000,9999.000,9999.000,9999.000,9999.000
202604020642,   0.251,9999.000,9999.000,9999.000,9999.000,9999.000,9999.000,9999.000,9999.000
202604020648,   0.249,9999.000,9999.000,9999.000,9999.000,9999.000,9999.000,9999.000,9999.000
202604020654,   0.246,9999.000,9999.000,9999.000,9999.000,9999.000,9999.000,9999.000,9999.000
202604020700,   0.244,9999.000,   0.500,  -0.005,   0.739,   0.400,   0.639,   0.500,   0.739
202604020706,   0.242,9999.000,9999.000,9999.000,9999.000,9999.000,9999.000,9999.000,9999.000
202604020712,   0.239,9999.000,9999.000,9999.000,9999.000,9999.000,9999.000,9999.000,9999.000
202604020718,   0.237,9999.000,9999.000,9999.000,9999.000,9999.000,9999.000,9999.000,9999.000
202604020724,   0.236,9999.000,9999.000,9999.000,9999.000,9999.000,9999.000,9999.000,9999.000
202604020730,   0.234,9999.000,9999.000,9999.000,9999.000,9999.000,9999.000,9999.000,9999.000
202604020736,   0.232,9999.000,9999.000,9999.000,9999.000,9999.000,9999.000,9999.000,9999.000
202604020742,   0.231,9999.000,9999.000,9999.000,9999.000,9999.000,9999.000,9999.000,9999.000
202604020748,   0.229,9999.000,9999.000,9999.000,9999.000,9999.000,9999.000,9999.000,9999.000
202604020754,   0.228,9999.000,9999.000,9999.000,9999.000,9999.000,9999.000,9999.000,9999.000
202604020800,   0.227,9999.000,   0.500,  -0.005,   0.722,   0.400,   0.622,   0.500,   0.722
202604020806,   0.226,9999.000,9999.000,9999.000,9999.000,9999.000,9999.000,9999.000,9999.000
202604020812,   0.225,9999.000,9999.000,9999.000,9999.000,9999.000,9999.000,9999.000,9999.000
202604020818,   0.224,9999.000,9999.000,9999.000,9999.000,9999.000,9999.000,9999.000,9999.000
202604020824,   0.224,9999.000,9999.000,9999.000,9999.000,9999.000,9999.000,9999.000,9999.000
202604020830,   0.223,9999.000,9999.000,9999.000,9999.000,9999.000,9999.000,9999.000,9999.000
202604020836,   0.223,9999.000,9999.000,9999.000,9999.000,9999.000,9999.000,9999.000,9999.000
202604020842,   0.222,9999.000,9999.000,9999.000,9999.000,9999.000,9999.000,9999.000,9999.000
202604020848,   0.222,9999.000,9999.000,9999.000,9999.000,9999.000,9999.000,9999.000,9999.000
202604020854,   0.222,9999.000,9999.000,9999.000,9999.000,9999.000,9999.000,9999.000,9999.000
202604020900,   0.222,9999.000,   0.500,  -0.005,   0.717,   0.400,   0.617,   0.500,   0.717
202604020906,   0.221,9999.000,9999.000,9999.000,9999.000,9999.000,9999.000,9999.000,9999.000
202604020912,   0.221,9999.000,9999.000,9999.000,9999.000,9999.000,9999.000,9999.000,9999.000
202604020918,   0.221,9999.000,9999.000,9999.000,9999.000,9999.000,9999.000,9999.000,9999.000
202604020924,   0.221,9999.000,9999.000,9999.000,9999.000,9999.000,9999.000,9999.000,9999.000
202604020930,   0.221,9999.000,9999.000,9999.000,9999.000,9999.000,9999.000,9999.000,9999.000
202604020936,   0.221,9999.000,9999.000,9999.000,9999.000,9999.000,9999.000,9999.000,9999.000
202604020942,   0.220,9999.000,9999.000,9999.000,9999.000,9999.000,9999.000,9999.000,9999.000
202604020948,   0.220,9999.000,9999.000,9999.000,9999.000,9999.000,9999.000,9999.000,9999.000
202604020954,   0.220,9999.000,9999.000,9999.000,9999.000,9999.000,9999.000,9999.000,9999.000
202604021000,   0.219,9999.000,   0.500,  -0.005,   0.714,   0.400,   0.614,   0.500,   0.714
202604021006,   0.219,9999.000,9999.000,9999.000,9999.000,9999.000,9999.000,9999.000,9999.000
202604021012,   0.218,9999.000,9999.000,9999.000,9999.000,9999.000,9999.000,9999.000,9999.000
202604021018,   0.217,9999.000,9999.000,9999.000,9999.000,9999.000,9999.000,9999.000,9999.000
202604021024,   0.216,9999.000,9999.000,9999.000,9999.000,9999.000,9999.000,9999.000,9999.000
202604021030,   0.214,9999.000,9999.000,9999.000,9999.000,9999.000,9999.000,9999.000,9999.000
202604021036,   0.213,9999.000,9999.000,9999.000,9999.000,9999.000,9999.000,9999.000,9999.000
202604021042,   0.211,9999.000,9999.000,9999.000,9999.000,9999.000,9999.000,9999.000,9999.000
202604021048,   0.209,9999.000,9999.000,9999.000,9999.000,9999.000,9999.000,9999.000,9999.000
202604021054,   0.207,9999.000,9999.000,9999.000,9999.000,9999.000,9999.000,9999.000,9999.000
202604021100,   0.205,9999.000,   0.500,  -0.005,   0.700,   0.400,   0.600,   0.500,   0.700
202604021106,   0.202,9999.000,9999.000,9999.000,9999.000,9999.000,9999.000,9999.000,9999.000
202604021112,   0.199,9999.000,9999.000,9999.000,9999.000,9999.000,9999.000,9999.000,9999.000
202604021118,   0.196,9999.000,9999.000,9999.000,9999.000,9999.000,9999.000,9999.000,9999.000
202604021124,   0.193,9999.000,9999.000,9999.000,9999.000,9999.000,9999.000,9999.000,9999.000
202604021130,   0.189,9999.000,9999.000,9999.000,9999.000,9999.000,9999.000,9999.000,9999.000
202604021136,   0.185,9999.000,9999.000,9999.000,9999.000,9999.000,9999.000,9999.000,9999.000
202604021142,   0.181,9999.000,9999.000,9999.000,9999.000,9999.000,9999.000,9999.000,9999.000
202604021148,   0.177,9999.000,9999.000,9999.000,9999.000,9999.000,9999.000,9999.000,9999.000
202604021154,   0.173,9999.000,9999.000,9999.000,9999.000,9999.000,9999.000,9999.000,9999.000
202604021200,   0.168,9999.000,   0.400,  -0.005,   0.563,   0.400,   0.563,   0.500,   0.663
202604021206,   0.163,9999.000,9999.000,9999.000,9999.000,9999.000,9999.000,9999.000,9999.000
202604021212,   0.158,9999.000,9999.000,9999.000,9999.000,9999.000,9999.000,9999.000,9999.000
202604021218,   0.152,9999.000,9999.000,9999.000,9999.000,9999.000,9999.000,9999.000,9999.000
202604021224,   0.147,9999.000,9999.000,9999.000,9999.000,9999.000,9999.000,9999.000,9999.000
202604021230,   0.141,9999.000,9999.000,9999.000,9999.000,9999.000,9999.000,9999.000,9999.000
202604021236,   0.135,9999.000,9999.000,9999.000,9999.000,9999.000,9999.000,9999.000,9999.000
202604021242,   0.130,9999.000,9999.000,9999.000,9999.000,9999.000,9999.000,9999.000,9999.000
202604021248,   0.123,9999.000,9999.000,9999.000,9999.000,9999.000,9999.000,9999.000,9999.000
202604021254,   0.117,9999.000,9999.000,9999.000,9999.000,9999.000,9999.000,9999.000,9999.000
202604021300,   0.111,9999.000,   0.400,  -0.005,   0.506,   0.400,   0.506,   0.500,   0.606
202604021306,   0.105,9999.000,9999.000,9999.000,9999.000,9999.000,9999.000,9999.000,9999.000
202604021312,   0.098,9999.000,9999.000,9999.000,9999.000,9999.000,9999.000,9999.000,9999.000
202604021318,   0.092,9999.000,9999.000,9999.000,9999.000,9999.000,9999.000,9999.000,9999.000
202604021324,   0.086,9999.000,9999.000,9999.000,9999.000,9999.000,9999.000,9999.000,9999.000
202604021330,   0.079,9999.000,9999.000,9999.000,9999.000,9999.000,9999.000,9999.000,9999.000
202604021336,   0.073,9999.000,9999.000,9999.000,9999.000,9999.000,9999.000,9999.000,9999.000
202604021342,   0.066,9999.000,9999.000,9999.000,9999.000,9999.000,9999.000,9999.000,9999.000
202604021348,   0.060,9999.000,9999.000,9999.000,9999.000,9999.000,9999.000,9999.000,9999.000
202604021354,   0.054,9999.000,9999.000,9999.000,9999.000,9999.000,9999.000,9999.000,9999.000
202604021400,   0.048,9999.000,   0.400,  -0.005,   0.443,   0.400,   0.443,   0.500,   0.543
202604021406,   0.042,9999.000,9999.000,9999.000,9999.000,9999.000,9999.000,9999.000,9999.000
202604021412,   0.036,9999.000,9999.000,9999.000,9999.000,9999.000,9999.000,9999.000,9999.000
202604021418,   0.030,9999.000,9999.000,9999.000,9999.000,9999.000,9999.000,9999.000,9999.000
202604021424,   0.024,9999.000,9999.000,9999.000,9999.000,9999.000,9999.000,9999.000,9999.000
202604021430,   0.019,9999.000,9999.000,9999.000,9999.000,9999.000,9999.000,9999.000,9999.000
202604021436,   0.014,9999.000,9999.000,9999.000,9999.000,9999.000,9999.000,9999.000,9999.000
202604021442,   0.008,9999.000,9999.000,9999.000,9999.000,9999.000,9999.000,9999.000,9999.000
202604021448,   0.003,9999.000,9999.000,9999.000,9999.000,9999.000,9999.000,9999.000,9999.000
202604021454,   0.000,9999.000,9999.000,9999.000,9999.000,9999.000,9999.000,9999.000,9999.000
202604021500,  -0.005,9999.000,   0.500,  -0.005,   0.490,   0.400,   0.390,   0.500,   0.490
202604021506,  -0.010,9999.000,9999.000,9999.000,9999.000,9999.000,9999.000,9999.000,9999.000
202604021512,  -0.014,9999.000,9999.000,9999.000,9999.000,9999.000,9999.000,9999.000,9999.000
202604021518,  -0.018,9999.000,9999.000,9999.000,9999.000,9999.000,9999.000,9999.000,9999.000
202604021524,  -0.022,9999.000,9999.000,9999.000,9999.000,9999.000,9999.000,9999.000,9999.000
202604021530,  -0.025,9999.000,9999.000,9999.000,9999.000,9999.000,9999.000,9999.000,9999.000
202604021536,  -0.029,9999.000,9999.000,9999.000,9999.000,9999.000,9999.000,9999.000,9999.000
202604021542,  -0.032,9999.000,9999.000,9999.000,9999.000,9999.000,9999.000,9999.000,9999.000
202604021548,  -0.035,9999.000,9999.000,9999.000,9999.000,9999.000,9999.000,9999.000,9999.000
202604021554,  -0.038,9999.000,9999.000,9999.000,9999.000,9999.000,9999.000,9999.000,9999.000
202604021600,  -0.041,9999.000,   0.500,  -0.005,   0.454,   0.400,   0.354,   0.500,   0.454
202604021606,  -0.043,9999.000,9999.000,9999.000,9999.000,9999.000,9999.000,9999.000,9999.000
202604021612,  -0.045,9999.000,9999.000,9999.000,9999.000,9999.000,9999.000,9999.000,9999.000
202604021618,  -0.048,9999.000,9999.000,9999.000,9999.000,9999.000,9999.000,9999.000,9999.000
202604021624,  -0.050,9999.000,9999.000,9999.000,9999.000,9999.000,9999.000,9999.000,9999.000
202604021630,  -0.051,9999.000,9999.000,9999.000,9999.000,9999.000,9999.000,9999.000,9999.000
202604021636,  -0.053,9999.000,9999.000,9999.000,9999.000,9999.000,9999.000,9999.000,9999.000
202604021642,  -0.054,9999.000,9999.000,9999.000,9999.000,9999.000,9999.000,9999.000,9999.000
202604021648,  -0.055,9999.000,9999.000,9999.000,9999.000,9999.000,9999.000,9999.000,9999.000
202604021654,  -0.057,9999.000,9999.000,9999.000,9999.000,9999.000,9999.000,9999.000,9999.000
202604021700,  -0.057,9999.000,   0.500,  -0.005,   0.438,   0.400,   0.338,   0.500,   0.438
202604021706,  -0.058,9999.000,9999.000,9999.000,9999.000,9999.000,9999.000,9999.000,9999.000
202604021712,  -0.059,9999.000,9999.000,9999.000,9999.000,9999.000,9999.000,9999.000,9999.000
202604021718,  -0.059,9999.000,9999.000,9999.000,9999.000,9999.000,9999.000,9999.000,9999.000
202604021724,  -0.059,9999.000,9999.000,9999.000,9999.000,9999.000,9999.000,9999.000,9999.000
202604021730,  -0.059,9999.000,9999.000,9999.000,9999.000,9999.000,9999.000,9999.000,9999.000
202604021736,  -0.059,9999.000,9999.000,9999.000,9999.000,9999.000,9999.000,9999.000,9999.000
202604021742,  -0.059,9999.000,9999.000,9999.000,9999.000,9999.000,9999.000,9999.000,9999.000
202604021748,  -0.058,9999.000,9999.000,9999.000,9999.000,9999.000,9999.000,9999.000,9999.000
202604021754,  -0.057,9999.000,9999.000,9999.000,9999.000,9999.000,9999.000,9999.000,9999.000
202604021800,  -0.057,9999.000,   0.500,  -0.005,   0.438,   0.400,   0.338,   0.500,   0.438
202604021806,  -0.055,9999.000,9999.000,9999.000,9999.000,9999.000,9999.000,9999.000,9999.000
202604021812,  -0.054,9999.000,9999.000,9999.000,9999.000,9999.000,9999.000,9999.000,9999.000
202604021818,  -0.053,9999.000,9999.000,9999.000,9999.000,9999.000,9999.000,9999.000,9999.000
202604021824,  -0.051,9999.000,9999.000,9999.000,9999.000,9999.000,9999.000,9999.000,9999.000
202604021830,  -0.049,9999.000,9999.000,9999.000,9999.000,9999.000,9999.000,9999.000,9999.000
202604021836,  -0.046,9999.000,9999.000,9999.000,9999.000,9999.000,9999.000,9999.000,9999.000
202604021842,  -0.044,9999.000,9999.000,9999.000,9999.000,9999.000,9999.000,9999.000,9999.000
202604021848,  -0.041,9999.000,9999.000,9999.000,9999.000,9999.000,9999.000,9999.000,9999.000
202604021854,  -0.038,9999.000,9999.000,9999.000,9999.000,9999.000,9999.000,9999.000,9999.000
202604021900,  -0.035,9999.000,   0.500,  -0.005,   0.460,   0.500,   0.460,   0.500,   0.460
202604021906,  -0.031,9999.000,9999.000,9999.000,9999.000,9999.000,9999.000,9999.000,9999.000
202604021912,  -0.027,9999.000,9999.000,9999.000,9999.000,9999.000,9999.000,9999.000,9999.000
202604021918,  -0.023,9999.000,9999.000,9999.000,9999.000,9999.000,9999.000,9999.000,9999.000
202604021924,  -0.019,9999.000,9999.000,9999.000,9999.000,9999.000,9999.000,9999.000,9999.000
202604021930,  -0.014,9999.000,9999.000,9999.000,9999.000,9999.000,9999.000,9999.000,9999.000
202604021936,  -0.009,9999.000,9999.000,9999.000,9999.000,9999.000,9999.000,9999.000,9999.000
202604021942,  -0.004,9999.000,9999.000,9999.000,9999.000,9999.000,9999.000,9999.000,9999.000
202604021948,   0.001,9999.000,9999.000,9999.000,9999.000,9999.000,9999.000,9999.000,9999.000
202604021954,   0.007,9999.000,9999.000,9999.000,9999.000,9999.000,9999.000,9999.000,9999.000
202604022000,   0.013,9999.000,   0.500,  -0.005,   0.508,   0.400,   0.408,   0.500,   0.508
202604022006,   0.020,9999.000,9999.000,9999.000,9999.000,9999.000,9999.000,9999.000,9999.000
202604022012,   0.027,9999.000,9999.000,9999.000,9999.000,9999.000,9999.000,9999.000,9999.000
202604022018,   0.034,9999.000,9999.000,9999.000,9999.000,9999.000,9999.000,9999.000,9999.000
202604022024,   0.042,9999.000,9999.000,9999.000,9999.000,9999.000,9999.000,9999.000,9999.000
202604022030,   0.050,9999.000,9999.000,9999.000,9999.000,9999.000,9999.000,9999.000,9999.000
202604022036,   0.058,9999.000,9999.000,9999.000,9999.000,9999.000,9999.000,9999.000,9999.000
202604022042,   0.067,9999.000,9999.000,9999.000,9999.000,9999.000,9999.000,9999.000,9999.000
202604022048,   0.075,9999.000,9999.000,9999.000,9999.000,9999.000,9999.000,9999.000,9999.000
202604022054,   0.084,9999.000,9999.000,9999.000,9999.000,9999.000,9999.000,9999.000,9999.000
202604022100,   0.094,9999.000,   0.500,  -0.005,   0.589,   0.400,   0.489,   0.500,   0.589
202604022106,   0.103,9999.000,9999.000,9999.000,9999.000,9999.000,9999.000,9999.000,9999.000
202604022112,   0.113,9999.000,9999.000,9999.000,9999.000,9999.000,9999.000,9999.000,9999.000
202604022118,   0.122,9999.000,9999.000,9999.000,9999.000,9999.000,9999.000,9999.000,9999.000
202604022124,   0.132,9999.000,9999.000,9999.000,9999.000,9999.000,9999.000,9999.000,9999.000
202604022130,   0.143,9999.000,9999.000,9999.000,9999.000,9999.000,9999.000,9999.000,9999.000
202604022136,   0.153,9999.000,9999.000,9999.000,9999.000,9999.000,9999.000,9999.000,9999.000
202604022142,   0.163,9999.000,9999.000,9999.000,9999.000,9999.000,9999.000,9999.000,9999.000
202604022148,   0.174,9999.000,9999.000,9999.000,9999.000,9999.000,9999.000,9999.000,9999.000
202604022154,   0.184,9999.000,9999.000,9999.000,9999.000,9999.000,9999.000,9999.000,9999.000
202604022200,   0.195,9999.000,   0.500,  -0.005,   0.690,   0.400,   0.590,   0.500,   0.690
202604022206,   0.205,9999.000,9999.000,9999.000,9999.000,9999.000,9999.000,9999.000,9999.000
202604022212,   0.216,9999.000,9999.000,9999.000,9999.000,9999.000,9999.000,9999.000,9999.000
202604022218,   0.226,9999.000,9999.000,9999.000,9999.000,9999.000,9999.000,9999.000,9999.000
202604022224,   0.237,9999.000,9999.000,9999.000,9999.000,9999.000,9999.000,9999.000,9999.000
202604022230,   0.247,9999.000,9999.000,9999.000,9999.000,9999.000,9999.000,9999.000,9999.000
202604022236,   0.257,9999.000,9999.000,9999.000,9999.000,9999.000,9999.000,9999.000,9999.000
202604022242,   0.267,9999.000,9999.000,9999.000,9999.000,9999.000,9999.000,9999.000,9999.000
202604022248,   0.277,9999.000,9999.000,9999.000,9999.000,9999.000,9999.000,9999.000,9999.000
202604022254,   0.286,9999.000,9999.000,9999.000,9999.000,9999.000,9999.000,9999.000,9999.000
202604022300,   0.296,9999.000,   0.500,  -0.005,   0.791,   0.400,   0.691,   0.500,   0.791
202604022306,   0.305,9999.000,9999.000,9999.000,9999.000,9999.000,9999.000,9999.000,9999.000
202604022312,   0.314,9999.000,9999.000,9999.000,9999.000,9999.000,9999.000,9999.000,9999.000
202604022318,   0.322,9999.000,9999.000,9999.000,9999.000,9999.000,9999.000,9999.000,9999.000
202604022324,   0.331,9999.000,9999.000,9999.000,9999.000,9999.000,9999.000,9999.000,9999.000
202604022330,   0.339,9999.000,9999.000,9999.000,9999.000,9999.000,9999.000,9999.000,9999.000
202604022336,   0.346,9999.000,9999.000,9999.000,9999.000,9999.000,9999.000,9999.000,9999.000
202604022342,   0.354,9999.000,9999.000,9999.000,9999.000,9999.000,9999.000,9999.000,9999.000
202604022348,   0.360,9999.000,9999.000,9999.000,9999.000,9999.000,9999.000,9999.000,9999.000
202604022354,   0.367,9999.000,9999.000,9999.000,9999.000,9999.000,9999.000,9999.000,9999.000
202604030000,   0.373,9999.000,   0.400,  -0.005,   0.768,   0.400,   0.768,   0.500,   0.868
202604030006,   0.379,9999.000,9999.000,9999.000,9999.000,9999.000,9999.000,9999.000,9999.000
202604030012,   0.384,9999.000,9999.000,9999.000,9999.000,9999.000,9999.000,9999.000,9999.000
202604030018,   0.390,9999.000,9999.000,9999.000,9999.000,9999.000,9999.000,9999.000,9999.000
202604030024,   0.394,9999.000,9999.000,9999.000,9999.000,9999.000,9999.000,9999.000,9999.000
202604030030,   0.398,9999.000,9999.000,9999.000,9999.000,9999.000,9999.000,9999.000,9999.000
202604030036,   0.402,9999.000,9999.000,9999.000,9999.000,9999.000,9999.000,9999.000,9999.000
202604030042,   0.406,9999.000,9999.000,9999.000,9999.000,9999.000,9999.000,9999.000,9999.000
202604030048,   0.409,9999.000,9999.000,9999.000,9999.000,9999.000,9999.000,9999.000,9999.000
202604030054,   0.412,9999.000,9999.000,9999.000,9999.000,9999.000,9999.000,9999.000,9999.000
202604030100,   0.414,9999.000,   0.400,  -0.005,   0.809,   0.400,   0.809,   0.500,   0.909
202604030106,   0.416,9999.000,9999.000,9999.000,9999.000,9999.000,9999.000,9999.000,9999.000
202604030112,   0.418,9999.000,9999.000,9999.000,9999.000,9999.000,9999.000,9999.000,9999.000
202604030118,   0.420,9999.000,9999.000,9999.000,9999.000,9999.000,9999.000,9999.000,9999.000
202604030124,   0.421,9999.000,9999.000,9999.000,9999.000,9999.000,9999.000,9999.000,9999.000
202604030130,   0.422,9999.000,9999.000,9999.000,9999.000,9999.000,9999.000,9999.000,9999.000
202604030136,   0.422,9999.000,9999.000,9999.000,9999.000,9999.000,9999.000,9999.000,9999.000
202604030142,   0.422,9999.000,9999.000,9999.000,9999.000,9999.000,9999.000,9999.000,9999.000
202604030148,   0.423,9999.000,9999.000,9999.000,9999.000,9999.000,9999.000,9999.000,9999.000
202604030154,   0.422,9999.000,9999.000,9999.000,9999.000,9999.000,9999.000,9999.000,9999.000
202604030200,   0.422,9999.000,   0.400,  -0.005,   0.817,   0.400,   0.817,   0.500,   0.917
202604030206,   0.421,9999.000,9999.000,9999.000,9999.000,9999.000,9999.000,9999.000,9999.000
202604030212,   0.421,9999.000,9999.000,9999.000,9999.000,9999.000,9999.000,9999.000,9999.000
202604030218,   0.420,9999.000,9999.000,9999.000,9999.000,9999.000,9999.000,9999.000,9999.000
202604030224,   0.419,9999.000,9999.000,9999.000,9999.000,9999.000,9999.000,9999.000,9999.000
202604030230,   0.417,9999.000,9999.000,9999.000,9999.000,9999.000,9999.000,9999.000,9999.000
202604030236,   0.416,9999.000,9999.000,9999.000,9999.000,9999.000,9999.000,9999.000,9999.000
202604030242,   0.414,9999.000,9999.000,9999.000,9999.000,9999.000,9999.000,9999.000,9999.000
202604030248,   0.413,9999.000,9999.000,9999.000,9999.000,9999.000,9999.000,9999.000,9999.000
202604030254,   0.411,9999.000,9999.000,9999.000,9999.000,9999.000,9999.000,9999.000,9999.000
202604030300,   0.409,9999.000,   0.400,  -0.005,   0.804,   0.400,   0.804,   0.500,   0.904
202604030306,   0.407,9999.000,9999.000,9999.000,9999.000,9999.000,9999.000,9999.000,9999.000
202604030312,   0.405,9999.000,9999.000,9999.000,9999.000,9999.000,9999.000,9999.000,9999.000
202604030318,   0.403,9999.000,9999.000,9999.000,9999.000,9999.000,9999.000,9999.000,9999.000
202604030324,   0.401,9999.000,9999.000,9999.000,9999.000,9999.000,9999.000,9999.000,9999.000
202604030330,   0.399,9999.000,9999.000,9999.000,9999.000,9999.000,9999.000,9999.000,9999.000
202604030336,   0.397,9999.000,9999.000,9999.000,9999.000,9999.000,9999.000,9999.000,9999.000
202604030342,   0.395,9999.000,9999.000,9999.000,9999.000,9999.000,9999.000,9999.000,9999.000
202604030348,   0.393,9999.000,9999.000,9999.000,9999.000,9999.000,9999.000,9999.000,9999.000
202604030354,   0.390,9999.000,9999.000,9999.000,9999.000,9999.000,9999.000,9999.000,9999.000
202604030400,   0.388,9999.000,   0.400,  -0.005,   0.783,   0.400,   0.783,   0.500,   0.883
202604030406,   0.386,9999.000,9999.000,9999.000,9999.000,9999.000,9999.000,9999.000,9999.000
202604030412,   0.383,9999.000,9999.000,9999.000,9999.000,9999.000,9999.000,9999.000,9999.000
202604030418,   0.381,9999.000,9999.000,9999.000,9999.000,9999.000,9999.000,9999.000,9999.000
202604030424,   0.378,9999.000,9999.000,9999.000,9999.000,9999.000,9999.000,9999.000,9999.000
202604030430,   0.376,9999.000,9999.000,9999.000,9999.000,9999.000,9999.000,9999.000,9999.000
202604030436,   0.373,9999.000,9999.000,9999.000,9999.000,9999.000,9999.000,9999.000,9999.000
202604030442,   0.371,9999.000,9999.000,9999.000,9999.000,9999.000,9999.000,9999.000,9999.000
202604030448,   0.368,9999.000,9999.000,9999.000,9999.000,9999.000,9999.000,9999.000,9999.000
202604030454,   0.365,9999.000,9999.000,9999.000,9999.000,9999.000,9999.000,9999.000,9999.000
202604030500,   0.363,9999.000,   0.400,  -0.005,   0.758,   0.400,   0.758,   0.500,   0.858
202604030506,   0.360,9999.000,9999.000,9999.000,9999.000,9999.000,9999.000,9999.000,9999.000
202604030512,   0.357,9999.000,9999.000,9999.000,9999.000,9999.000,9999.000,9999.000,9999.000
202604030518,   0.354,9999.000,9999.000,9999.000,9999.000,9999.000,9999.000,9999.000,9999.000
202604030524,   0.351,9999.000,9999.000,9999.000,9999.000,9999.000,9999.000,9999.000,9999.000
202604030530,   0.348,9999.000,9999.000,9999.000,9999.000,9999.000,9999.000,9999.000,9999.000
202604030536,   0.345,9999.000,9999.000,9999.000,9999.000,9999.000,9999.000,9999.000,9999.000
202604030542,   0.342,9999.000,9999.000,9999.000,9999.000,9999.000,9999.000,9999.000,9999.000
202604030548,   0.338,9999.000,9999.000,9999.000,9999.000,9999.000,9999.000,9999.000,9999.000
202604030554,   0.335,9999.000,9999.000,9999.000,9999.000,9999.000,9999.000,9999.000,9999.000
202604030600,   0.332,9999.000,   0.400,  -0.005,   0.727,   0.400,   0.727,   0.500,   0.827
202604030606,   0.328,9999.000,9999.000,9999.000,9999.000,9999.000,9999.000,9999.000,9999.000
202604030612,   0.325,9999.000,9999.000,9999.000,9999.000,9999.000,9999.000,9999.000,9999.000
202604030618,   0.321,9999.000,9999.000,9999.000,9999.000,9999.000,9999.000,9999.000,9999.000
202604030624,   0.318,9999.000,9999.000,9999.000,9999.000,9999.000,9999.000,9999.000,9999.000
202604030630,   0.314,9999.000,9999.000,9999.000,9999.000,9999.000,9999.000,9999.000,9999.000
202604030636,   0.310,9999.000,9999.000,9999.000,9999.000,9999.000,9999.000,9999.000,9999.000
202604030642,   0.307,9999.000,9999.000,9999.000,9999.000,9999.000,9999.000,9999.000,9999.000
202604030648,   0.303,9999.000,9999.000,9999.000,9999.000,9999.000,9999.000,9999.000,9999.000
202604030654,   0.299,9999.000,9999.000,9999.000,9999.000,9999.000,9999.000,9999.000,9999.000
202604030700,   0.296,9999.000,   0.500,  -0.005,   0.791,   0.400,   0.691,   0.500,   0.791
202604030706,   0.292,9999.000,9999.000,9999.000,9999.000,9999.000,9999.000,9999.000,9999.000
202604030712,   0.288,9999.000,9999.000,9999.000,9999.000,9999.000,9999.000,9999.000,9999.000
202604030718,   0.284,9999.000,9999.000,9999.000,9999.000,9999.000,9999.000,9999.000,9999.000
202604030724,   0.281,9999.000,9999.000,9999.000,9999.000,9999.000,9999.000,9999.000,9999.000
202604030730,   0.277,9999.000,9999.000,9999.000,9999.000,9999.000,9999.000,9999.000,9999.000
202604030736,   0.273,9999.000,9999.000,9999.000,9999.000,9999.000,9999.000,9999.000,9999.000
202604030742,   0.270,9999.000,9999.000,9999.000,9999.000,9999.000,9999.000,9999.000,9999.000
202604030748,   0.266,9999.000,9999.000,9999.000,9999.000,9999.000,9999.000,9999.000,9999.000
202604030754,   0.263,9999.000,9999.000,9999.000,9999.000,9999.000,9999.000,9999.000,9999.000
202604030800,   0.259,9999.000,   0.500,  -0.005,   0.754,   0.400,   0.654,   0.500,   0.754
202604030806,   0.256,9999.000,9999.000,9999.000,9999.000,9999.000,9999.000,9999.000,9999.000
202604030812,   0.252,9999.000,9999.000,9999.000,9999.000,9999.000,9999.000,9999.000,9999.000
202604030818,   0.249,9999.000,9999.000,9999.000,9999.000,9999.000,9999.000,9999.000,9999.000
202604030824,   0.246,9999.000,9999.000,9999.000,9999.000,9999.000,9999.000,9999.000,9999.000
202604030830,   0.243,9999.000,9999.000,9999.000,9999.000,9999.000,9999.000,9999.000,9999.000
202604030836,   0.240,9999.000,9999.000,9999.000,9999.000,9999.000,9999.000,9999.000,9999.000
202604030842,   0.237,9999.000,9999.000,9999.000,9999.000,9999.000,9999.000,9999.000,9999.000
202604030848,   0.234,9999.000,9999.000,9999.000,9999.000,9999.000,9999.000,9999.000,9999.000
202604030854,   0.231,9999.000,9999.000,9999.000,9999.000,9999.000,9999.000,9999.000,9999.000
202604030900,   0.229,9999.000,   0.500,  -0.005,   0.724,   0.400,   0.624,   0.500,   0.724
202604030906,   0.226,9999.000,9999.000,9999.000,9999.000,9999.000,9999.000,9999.000,9999.000
202604030912,   0.223,9999.000,9999.000,9999.000,9999.000,9999.000,9999.000,9999.000,9999.000
202604030918,   0.221,9999.000,9999.000,9999.000,9999.000,9999.000,9999.000,9999.000,9999.000
202604030924,   0.218,9999.000,9999.000,9999.000,9999.000,9999.000,9999.000,9999.000,9999.000
202604030930,   0.216,9999.000,9999.000,9999.000,9999.000,9999.000,9999.000,9999.000,9999.000
202604030936,   0.213,9999.000,9999.000,9999.000,9999.000,9999.000,9999.000,9999.000,9999.000
202604030942,   0.211,9999.000,9999.000,9999.000,9999.000,9999.000,9999.000,9999.000,9999.000
202604030948,   0.208,9999.000,9999.000,9999.000,9999.000,9999.000,9999.000,9999.000,9999.000
202604030954,   0.206,9999.000,9999.000,9999.000,9999.000,9999.000,9999.000,9999.000,9999.000
202604031000,   0.203,9999.000,   0.500,  -0.005,   0.698,   0.400,   0.598,   0.500,   0.698
202604031006,   0.201,9999.000,9999.000,9999.000,9999.000,9999.000,9999.000,9999.000,9999.000
202604031012,   0.198,9999.000,9999.000,9999.000,9999.000,9999.000,9999.000,9999.000,9999.000
202604031018,   0.195,9999.000,9999.000,9999.000,9999.000,9999.000,9999.000,9999.000,9999.000
202604031024,   0.193,9999.000,9999.000,9999.000,9999.000,9999.000,9999.000,9999.000,9999.000
202604031030,   0.190,9999.000,9999.000,9999.000,9999.000,9999.000,9999.000,9999.000,9999.000
202604031036,   0.187,9999.000,9999.000,9999.000,9999.000,9999.000,9999.000,9999.000,9999.000
202604031042,   0.184,9999.000,9999.000,9999.000,9999.000,9999.000,9999.000,9999.000,9999.000
202604031048,   0.181,9999.000,9999.000,9999.000,9999.000,9999.000,9999.000,9999.000,9999.000
202604031054,   0.177,9999.000,9999.000,9999.000,9999.000,9999.000,9999.000,9999.000,9999.000
202604031100,   0.174,9999.000,   0.500,  -0.005,   0.669,   0.400,   0.569,   0.500,   0.669
202604031106,   0.170,9999.000,9999.000,9999.000,9999.000,9999.000,9999.000,9999.000,9999.000
202604031112,   0.166,9999.000,9999.000,9999.000,9999.000,9999.000,9999.000,9999.000,9999.000
202604031118,   0.162,9999.000,9999.000,9999.000,9999.000,9999.000,9999.000,9999.000,9999.000
202604031124,   0.158,9999.000,9999.000,9999.000,9999.000,9999.000,9999.000,9999.000,9999.000
202604031130,   0.153,9999.000,9999.000,9999.000,9999.000,9999.000,9999.000,9999.000,9999.000
202604031136,   0.149,9999.000,9999.000,9999.000,9999.000,9999.000,9999.000,9999.000,9999.000
202604031142,   0.144,9999.000,9999.000,9999.000,9999.000,9999.000,9999.000,9999.000,9999.000
202604031148,   0.139,9999.000,9999.000,9999.000,9999.000,9999.000,9999.000,9999.000,9999.000
202604031154,   0.133,9999.000,9999.000,9999.000,9999.000,9999.000,9999.000,9999.000,9999.000
202604031200,   0.128,9999.000,   0.500,  -0.005,   0.623,   0.400,   0.523,   0.500,   0.623
202604031206,   0.122,9999.000,9999.000,9999.000,9999.000,9999.000,9999.000,9999.000,9999.000
202604031212,   0.116,9999.000,9999.000,9999.000,9999.000,9999.000,9999.000,9999.000,9999.000
202604031218,   0.109,9999.000,9999.000,9999.000,9999.000,9999.000,9999.000,9999.000,9999.000
202604031224,   0.103,9999.000,9999.000,9999.000,9999.000,9999.000,9999.000,9999.000,9999.000
202604031230,   0.096,9999.000,9999.000,9999.000,9999.000,9999.000,9999.000,9999.000,9999.000
202604031236,   0.089,9999.000,9999.000,9999.000,9999.000,9999.000,9999.000,9999.000,9999.000
202604031242,   0.082,9999.000,9999.000,9999.000,9999.000,9999.000,9999.000,9999.000,9999.000
202604031248,   0.075,9999.000,9999.000,9999.000,9999.000,9999.000,9999.000,9999.000,9999.000
202604031254,   0.068,9999.000,9999.000,9999.000,9999.000,9999.000,9999.000,9999.000,9999.000
202604031300,   0.060,9999.000,   0.500,  -0.005,   0.555,   0.400,   0.455,   0.500,   0.555
202604031306,   0.052,9999.000,9999.000,9999.000,9999.000,9999.000,9999.000,9999.000,9999.000
202604031312,   0.045,9999.000,9999.000,9999.000,9999.000,9999.000,9999.000,9999.000,9999.000
202604031318,   0.037,9999.000,9999.000,9999.000,9999.000,9999.000,9999.000,9999.000,9999.000
202604031324,   0.029,9999.000,9999.000,9999.000,9999.000,9999.000,9999.000,9999.000,9999.000
202604031330,   0.021,9999.000,9999.000,9999.000,9999.000,9999.000,9999.000,9999.000,9999.000
202604031336,   0.013,9999.000,9999.000,9999.000,9999.000,9999.000,9999.000,9999.000,9999.000
202604031342,   0.005,9999.000,9999.000,9999.000,9999.000,9999.000,9999.000,9999.000,9999.000
202604031348,  -0.002,9999.000,9999.000,9999.000,9999.000,9999.000,9999.000,9999.000,9999.000
202604031354,  -0.010,9999.000,9999.000,9999.000,9999.000,9999.000,9999.000,9999.000,9999.000
202604031400,  -0.018,9999.000,   0.400,  -0.005,   0.377,   0.400,   0.377,   0.500,   0.477
202604031406,  -0.026,9999.000,9999.000,9999.000,9999.000,9999.000,9999.000,9999.000,9999.000
202604031412,  -0.034,9999.000,9999.000,9999.000,9999.000,9999.000,9999.000,9999.000,9999.000
202604031418,  -0.042,9999.000,9999.000,9999.000,9999.000,9999.000,9999.000,9999.000,9999.000
202604031424,  -0.049,9999.000,9999.000,9999.000,9999.000,9999.000,9999.000,9999.000,9999.000
202604031430,  -0.057,9999.000,9999.000,9999.000,9999.000,9999.000,9999.000,9999.000,9999.000
202604031436,  -0.064,9999.000,9999.000,9999.000,9999.000,9999.000,9999.000,9999.000,9999.000
202604031442,  -0.071,9999.000,9999.000,9999.000,9999.000,9999.000,9999.000,9999.000,9999.000
202604031448,  -0.078,9999.000,9999.000,9999.000,9999.000,9999.000,9999.000,9999.000,9999.000
202604031454,  -0.085,9999.000,9999.000,9999.000,9999.000,9999.000,9999.000,9999.000,9999.000
202604031500,  -0.091,9999.000,   0.500,  -0.005,   0.404,   0.400,   0.304,   0.500,   0.404
202604031506,  -0.097,9999.000,9999.000,9999.000,9999.000,9999.000,9999.000,9999.000,9999.000
202604031512,  -0.103,9999.000,9999.000,9999.000,9999.000,9999.000,9999.000,9999.000,9999.000
202604031518,  -0.109,9999.000,9999.000,9999.000,9999.000,9999.000,9999.000,9999.000,9999.000
202604031524,  -0.114,9999.000,9999.000,9999.000,9999.000,9999.000,9999.000,9999.000,9999.000
202604031530,  -0.119,9999.000,9999.000,9999.000,9999.000,9999.000,9999.000,9999.000,9999.000
202604031536,  -0.124,9999.000,9999.000,9999.000,9999.000,9999.000,9999.000,9999.000,9999.000
202604031542,  -0.129,9999.000,9999.000,9999.000,9999.000,9999.000,9999.000,9999.000,9999.000
202604031548,  -0.133,9999.000,9999.000,9999.000,9999.000,9999.000,9999.000,9999.000,9999.000
202604031554,  -0.137,9999.000,9999.000,9999.000,9999.000,9999.000,9999.000,9999.000,9999.000
202604031600,  -0.141,9999.000,   0.500,  -0.005,   0.354,   0.400,   0.254,   0.500,   0.354
202604031606,  -0.144,9999.000,9999.000,9999.000,9999.000,9999.000,9999.000,9999.000,9999.000
202604031612,  -0.147,9999.000,9999.000,9999.000,9999.000,9999.000,9999.000,9999.000,9999.000
202604031618,  -0.149,9999.000,9999.000,9999.000,9999.000,9999.000,9999.000,9999.000,9999.000
202604031624,  -0.152,9999.000,9999.000,9999.000,9999.000,9999.000,9999.000,9999.000,9999.000
202604031630,  -0.154,9999.000,9999.000,9999.000,9999.000,9999.000,9999.000,9999.000,9999.000
202604031636,  -0.156,9999.000,9999.000,9999.000,9999.000,9999.000,9999.000,9999.000,9999.000
202604031642,  -0.157,9999.000,9999.000,9999.000,9999.000,9999.000,9999.000,9999.000,9999.000
202604031648,  -0.158,9999.000,9999.000,9999.000,9999.000,9999.000,9999.000,9999.000,9999.000
202604031654,  -0.159,9999.000,9999.000,9999.000,9999.000,9999.000,9999.000,9999.000,9999.000
202604031700,  -0.160,9999.000,   0.500,  -0.005,   0.335,   0.400,   0.235,   0.500,   0.335
202604031706,  -0.160,9999.000,9999.000,9999.000,9999.000,9999.000,9999.000,9999.000,9999.000
202604031712,  -0.160,9999.000,9999.000,9999.000,9999.000,9999.000,9999.000,9999.000,9999.000
202604031718,  -0.160,9999.000,9999.000,9999.000,9999.000,9999.000,9999.000,9999.000,9999.000
202604031724,  -0.160,9999.000,9999.000,9999.000,9999.000,9999.000,9999.000,9999.000,9999.000
202604031730,  -0.159,9999.000,9999.000,9999.000,9999.000,9999.000,9999.000,9999.000,9999.000
202604031736,  -0.158,9999.000,9999.000,9999.000,9999.000,9999.000,9999.000,9999.000,9999.000
202604031742,  -0.157,9999.000,9999.000,9999.000,9999.000,9999.000,9999.000,9999.000,9999.000
202604031748,  -0.156,9999.000,9999.000,9999.000,9999.000,9999.000,9999.000,9999.000,9999.000
202604031754,  -0.155,9999.000,9999.000,9999.000,9999.000,9999.000,9999.000,9999.000,9999.000
202604031800,  -0.153,9999.000,   0.500,  -0.005,   0.342,   0.500,   0.342,   0.600,   0.442
202604031806,  -0.151,9999.000,9999.000,9999.000,9999.000,9999.000,9999.000,9999.000,9999.000
202604031812,  -0.149,9999.000,9999.000,9999.000,9999.000,9999.000,9999.000,9999.000,9999.000
202604031818,  -0.146,9999.000,9999.000,9999.000,9999.000,9999.000,9999.000,9999.000,9999.000
202604031824,  -0.144,9999.000,9999.000,9999.000,9999.000,9999.000,9999.000,9999.000,9999.000
202604031830,  -0.141,9999.000,9999.000,9999.000,9999.000,9999.000,9999.000,9999.000,9999.000
202604031836,  -0.138,9999.000,9999.000,9999.000,9999.000,9999.000,9999.000,9999.000,9999.000
202604031842,  -0.135,9999.000,9999.000,9999.000,9999.000,9999.000,9999.000,9999.000,9999.000
202604031848,  -0.131,9999.000,9999.000,9999.000,9999.000,9999.000,9999.000,9999.000,9999.000
202604031854,  -0.127,9999.000,9999.000,9999.000,9999.000,9999.000,9999.000,9999.000,9999.000
202604031900,  -0.124,9999.000,   0.500,  -0.005,   0.371,   0.500,   0.371,   0.600,   0.471
202604031906,  -0.119,9999.000,9999.000,9999.000,9999.000,9999.000,9999.000,9999.000,9999.000
202604031912,  -0.115,9999.000,9999.000,9999.000,9999.000,9999.000,9999.000,9999.000,9999.000
202604031918,  -0.111,9999.000,9999.000,9999.000,9999.000,9999.000,9999.000,9999.000,9999.000
202604031924,  -0.106,9999.000,9999.000,9999.000,9999.000,9999.000,9999.000,9999.000,9999.000
202604031930,  -0.101,9999.000,9999.000,9999.000,9999.000,9999.000,9999.000,9999.000,9999.000
202604031936,  -0.095,9999.000,9999.000,9999.000,9999.000,9999.000,9999.000,9999.000,9999.000
202604031942,  -0.090,9999.000,9999.000,9999.000,9999.000,9999.000,9999.000,9999.000,9999.000
202604031948,  -0.084,9999.000,9999.000,9999.000,9999.000,9999.000,9999.000,9999.000,9999.000
202604031954,  -0.078,9999.000,9999.000,9999.000,9999.000,9999.000,9999.000,9999.000,9999.000
202604032000,  -0.072,9999.000,   0.500,  -0.005,   0.423,   0.500,   0.423,   0.600,   0.523
202604032006,  -0.065,9999.000,9999.000,9999.000,9999.000,9999.000,9999.000,9999.000,9999.000
202604032012,  -0.058,9999.000,9999.000,9999.000,9999.000,9999.000,9999.000,9999.000,9999.000
202604032018,  -0.051,9999.000,9999.000,9999.000,9999.000,9999.000,9999.000,9999.000,9999.000
202604032024,  -0.043,9999.000,9999.000,9999.000,9999.000,9999.000,9999.000,9999.000,9999.000
202604032030,  -0.036,9999.000,9999.000,9999.000,9999.000,9999.000,9999.000,9999.000,9999.000
202604032036,  -0.028,9999.000,9999.000,9999.000,9999.000,9999.000,9999.000,9999.000,9999.000
202604032042,  -0.019,9999.000,9999.000,9999.000,9999.000,9999.000,9999.000,9999.000,9999.000
202604032048,  -0.011,9999.000,9999.000,9999.000,9999.000,9999.000,9999.000,9999.000,9999.000
202604032054,  -0.002,9999.000,9999.000,9999.000,9999.000,9999.000,9999.000,9999.000,9999.000
202604032100,   0.006,9999.000,   0.500,  -0.005,   0.501,   0.400,   0.401,   0.600,   0.601
202604032106,   0.016,9999.000,9999.000,9999.000,9999.000,9999.000,9999.000,9999.000,9999.000
202604032112,   0.025,9999.000,9999.000,9999.000,9999.000,9999.000,9999.000,9999.000,9999.000
202604032118,   0.035,9999.000,9999.000,9999.000,9999.000,9999.000,9999.000,9999.000,9999.000
202604032124,   0.046,9999.000,9999.000,9999.000,9999.000,9999.000,9999.000,9999.000,9999.000
202604032130,   0.056,9999.000,9999.000,9999.000,9999.000,9999.000,9999.000,9999.000,9999.000
202604032136,   0.067,9999.000,9999.000,9999.000,9999.000,9999.000,9999.000,9999.000,9999.000
202604032142,   0.078,9999.000,9999.000,9999.000,9999.000,9999.000,9999.000,9999.000,9999.000
202604032148,   0.089,9999.000,9999.000,9999.000,9999.000,9999.000,9999.000,9999.000,9999.000
202604032154,   0.100,9999.000,9999.000,9999.000,9999.000,9999.000,9999.000,9999.000,9999.000
202604032200,   0.111,9999.000,   0.500,  -0.005,   0.606,   0.400,   0.506,   0.600,   0.706
202604032206,   0.123,9999.000,9999.000,9999.000,9999.000,9999.000,9999.000,9999.000,9999.000
202604032212,   0.134,9999.000,9999.000,9999.000,9999.000,9999.000,9999.000,9999.000,9999.000
202604032218,   0.146,9999.000,9999.000,9999.000,9999.000,9999.000,9999.000,9999.000,9999.000
202604032224,   0.158,9999.000,9999.000,9999.000,9999.000,9999.000,9999.000,9999.000,9999.000
202604032230,   0.170,9999.000,9999.000,9999.000,9999.000,9999.000,9999.000,9999.000,9999.000
202604032236,   0.181,9999.000,9999.000,9999.000,9999.000,9999.000,9999.000,9999.000,9999.000
202604032242,   0.193,9999.000,9999.000,9999.000,9999.000,9999.000,9999.000,9999.000,9999.000
202604032248,   0.205,9999.000,9999.000,9999.000,9999.000,9999.000,9999.000,9999.000,9999.000
202604032254,   0.217,9999.000,9999.000,9999.000,9999.000,9999.000,9999.000,9999.000,9999.000
202604032300,   0.228,9999.000,   0.500,  -0.005,   0.723,   0.400,   0.623,   0.600,   0.823
202604032306,   0.240,9999.000,9999.000,9999.000,9999.000,9999.000,9999.000,9999.000,9999.000
202604032312,   0.251,9999.000,9999.000,9999.000,9999.000,9999.000,9999.000,9999.000,9999.000
202604032318,   0.262,9999.000,9999.000,9999.000,9999.000,9999.000,9999.000,9999.000,9999.000
202604032324,   0.273,9999.000,9999.000,9999.000,9999.000,9999.000,9999.000,9999.000,9999.000
202604032330,   0.284,9999.000,9999.000,9999.000,9999.000,9999.000,9999.000,9999.000,9999.000
202604032336,   0.295,9999.000,9999.000,9999.000,9999.000,9999.000,9999.000,9999.000,9999.000
202604032342,   0.305,9999.000,9999.000,9999.000,9999.000,9999.000,9999.000,9999.000,9999.000
202604032348,   0.315,9999.000,9999.000,9999.000,9999.000,9999.000,9999.000,9999.000,9999.000
202604032354,   0.325,9999.000,9999.000,9999.000,9999.000,9999.000,9999.000,9999.000,9999.000
202604040000,   0.334,9999.000,   0.500,  -0.005,   0.829,   0.400,   0.729,   0.500,   0.829
202604040006,   0.343,9999.000,9999.000,9999.000,9999.000,9999.000,9999.000,9999.000,9999.000
202604040012,   0.352,9999.000,9999.000,9999.000,9999.000,9999.000,9999.000,9999.000,9999.000
202604040018,   0.360,9999.000,9999.000,9999.000,9999.000,9999.000,9999.000,9999.000,9999.000
202604040024,   0.368,9999.000,9999.000,9999.000,9999.000,9999.000,9999.000,9999.000,9999.000
202604040030,   0.375,9999.000,9999.000,9999.000,9999.000,9999.000,9999.000,9999.000,9999.000
202604040036,   0.382,9999.000,9999.000,9999.000,9999.000,9999.000,9999.000,9999.000,9999.000
202604040042,   0.389,9999.000,9999.000,9999.000,9999.000,9999.000,9999.000,9999.000,9999.000
202604040048,   0.395,9999.000,9999.000,9999.000,9999.000,9999.000,9999.000,9999.000,9999.000
202604040054,   0.401,9999.000,9999.000,9999.000,9999.000,9999.000,9999.000,9999.000,9999.000
202604040100,   0.407,9999.000,   0.500,  -0.005,   0.902,   0.400,   0.802,   0.500,   0.902
202604040106,   0.412,9999.000,9999.000,9999.000,9999.000,9999.000,9999.000,9999.000,9999.000
202604040112,   0.416,9999.000,9999.000,9999.000,9999.000,9999.000,9999.000,9999.000,9999.000
202604040118,   0.420,9999.000,9999.000,9999.000,9999.000,9999.000,9999.000,9999.000,9999.000
202604040124,   0.424,9999.000,9999.000,9999.000,9999.000,9999.000,9999.000,9999.000,9999.000
202604040130,   0.427,9999.000,9999.000,9999.000,9999.000,9999.000,9999.000,9999.000,9999.000
202604040136,   0.430,9999.000,9999.000,9999.000,9999.000,9999.000,9999.000,9999.000,9999.000
202604040142,   0.433,9999.000,9999.000,9999.000,9999.000,9999.000,9999.000,9999.000,9999.000
202604040148,   0.435,9999.000,9999.000,9999.000,9999.000,9999.000,9999.000,9999.000,9999.000
202604040154,   0.437,9999.000,9999.000,9999.000,9999.000,9999.000,9999.000,9999.000,9999.000
202604040200,   0.438,9999.000,   0.500,  -0.005,   0.933,   0.400,   0.833,   0.500,   0.933
202604040206,   0.439,9999.000,9999.000,9999.000,9999.000,9999.000,9999.000,9999.000,9999.000
202604040212,   0.440,9999.000,9999.000,9999.000,9999.000,9999.000,9999.000,9999.000,9999.000
202604040218,   0.441,9999.000,9999.000,9999.000,9999.000,9999.000,9999.000,9999.000,9999.000
202604040224,   0.441,9999.000,9999.000,9999.000,9999.000,9999.000,9999.000,9999.000,9999.000
202604040230,   0.441,9999.000,9999.000,9999.000,9999.000,9999.000,9999.000,9999.000,9999.000
202604040236,   0.441,9999.000,9999.000,9999.000,9999.000,9999.000,9999.000,9999.000,9999.000
202604040242,   0.440,9999.000,9999.000,9999.000,9999.000,9999.000,9999.000,9999.000,9999.000
202604040248,   0.440,9999.000,9999.000,9999.000,9999.000,9999.000,9999.000,9999.000,9999.000
202604040254,   0.439,9999.000,9999.000,9999.000,9999.000,9999.000,9999.000,9999.000,9999.000
202604040300,   0.437,9999.000,   0.500,  -0.005,   0.932,   0.400,   0.832,   0.500,   0.932
202604040306,   0.436,9999.000,9999.000,9999.000,9999.000,9999.000,9999.000,9999.000,9999.000
202604040312,   0.435,9999.000,9999.000,9999.000,9999.000,9999.000,9999.000,9999.000,9999.000
202604040318,   0.433,9999.000,9999.000,9999.000,9999.000,9999.000,9999.000,9999.000,9999.000
202604040324,   0.432,9999.000,9999.000,9999.000,9999.000,9999.000,9999.000,9999.000,9999.000
202604040330,   0.430,9999.000,9999.000,9999.000,9999.000,9999.000,9999.000,9999.000,9999.000
202604040336,   0.428,9999.000,9999.000,9999.000,9999.000,9999.000,9999.000,9999.000,9999.000
202604040342,   0.426,9999.000,9999.000,9999.000,9999.000,9999.000,9999.000,9999.000,9999.000
202604040348,   0.424,9999.000,9999.000,9999.000,9999.000,9999.000,9999.000,9999.000,9999.000
202604040354,   0.422,9999.000,9999.000,9999.000,9999.000,9999.000,9999.000,9999.000,9999.000
202604040400,   0.420,9999.000,   0.500,  -0.005,   0.915,   0.400,   0.815,   0.500,   0.915
202604040406,   0.418,9999.000,9999.000,9999.000,9999.000,9999.000,9999.000,9999.000,9999.000
202604040412,   0.415,9999.000,9999.000,9999.000,9999.000,9999.000,9999.000,9999.000,9999.000
202604040418,   0.413,9999.000,9999.000,9999.000,9999.000,9999.000,9999.000,9999.000,9999.000
202604040424,   0.411,9999.000,9999.000,9999.000,9999.000,9999.000,9999.000,9999.000,9999.000
202604040430,   0.409,9999.000,9999.000,9999.000,9999.000,9999.000,9999.000,9999.000,9999.000
202604040436,   0.406,9999.000,9999.000,9999.000,9999.000,9999.000,9999.000,9999.000,9999.000
202604040442,   0.404,9999.000,9999.000,9999.000,9999.000,9999.000,9999.000,9999.000,9999.000
202604040448,   0.402,9999.000,9999.000,9999.000,9999.000,9999.000,9999.000,9999.000,9999.000
202604040454,   0.399,9999.000,9999.000,9999.000,9999.000,9999.000,9999.000,9999.000,9999.000
202604040500,   0.397,9999.000,   0.500,  -0.005,   0.892,   0.400,   0.792,   0.500,   0.892
202604040506,   0.394,9999.000,9999.000,9999.000,9999.000,9999.000,9999.000,9999.000,9999.000
202604040512,   0.392,9999.000,9999.000,9999.000,9999.000,9999.000,9999.000,9999.000,9999.000
202604040518,   0.389,9999.000,9999.000,9999.000,9999.000,9999.000,9999.000,9999.000,9999.000
202604040524,   0.387,9999.000,9999.000,9999.000,9999.000,9999.000,9999.000,9999.000,9999.000
202604040530,   0.384,9999.000,9999.000,9999.000,9999.000,9999.000,9999.000,9999.000,9999.000
202604040536,   0.381,9999.000,9999.000,9999.000,9999.000,9999.000,9999.000,9999.000,9999.000
202604040542,   0.379,9999.000,9999.000,9999.000,9999.000,9999.000,9999.000,9999.000,9999.000
202604040548,   0.376,9999.000,9999.000,9999.000,9999.000,9999.000,9999.000,9999.000,9999.000
202604040554,   0.373,9999.000,9999.000,9999.000,9999.000,9999.000,9999.000,9999.000,9999.000
202604040600,   0.370,9999.000,   0.500,  -0.005,   0.865,   0.400,   0.765,   0.500,   0.865
202604040606,   0.367,9999.000,9999.000,9999.000,9999.000,9999.000,9999.000,9999.000,9999.000
202604040612,   0.364,9999.000,9999.000,9999.000,9999.000,9999.000,9999.000,9999.000,9999.000
202604040618,   0.361,9999.000,9999.000,9999.000,9999.000,9999.000,9999.000,9999.000,9999.000
202604040624,   0.358,9999.000,9999.000,9999.000,9999.000,9999.000,9999.000,9999.000,9999.000
202604040630,   0.354,9999.000,9999.000,9999.000,9999.000,9999.000,9999.000,9999.000,9999.000
202604040636,   0.351,9999.000,9999.000,9999.000,9999.000,9999.000,9999.000,9999.000,9999.000
202604040642,   0.347,9999.000,9999.000,9999.000,9999.000,9999.000,9999.000,9999.000,9999.000
202604040648,   0.344,9999.000,9999.000,9999.000,9999.000,9999.000,9999.000,9999.000,9999.000
202604040654,   0.340,9999.000,9999.000,9999.000,9999.000,9999.000,9999.000,9999.000,9999.000
202604040700,   0.336,9999.000,   0.500,  -0.005,   0.831,   0.400,   0.731,   0.500,   0.831
202604040706,   0.333,9999.000,9999.000,9999.000,9999.000,9999.000,9999.000,9999.000,9999.000
202604040712,   0.330,9999.000,9999.000,9999.000,9999.000,9999.000,9999.000,9999.000,9999.000
202604040718,   0.325,9999.000,9999.000,9999.000,9999.000,9999.000,9999.000,9999.000,9999.000
202604040724,   0.320,9999.000,9999.000,9999.000,9999.000,9999.000,9999.000,9999.000,9999.000
202604040730,   0.316,9999.000,9999.000,9999.000,9999.000,9999.000,9999.000,9999.000,9999.000
202604040736,   0.312,9999.000,9999.000,9999.000,9999.000,9999.000,9999.000,9999.000,9999.000
202604040742,   0.308,9999.000,9999.000,9999.000,9999.000,9999.000,9999.000,9999.000,9999.000
202604040748,   0.303,9999.000,9999.000,9999.000,9999.000,9999.000,9999.000,9999.000,9999.000
202604040754,   0.299,9999.000,9999.000,9999.000,9999.000,9999.000,9999.000,9999.000,9999.000
202604040800,   0.294,9999.000,   0.500,  -0.005,   0.789,   0.400,   0.689,   0.500,   0.789
202604040806,   0.290,9999.000,9999.000,9999.000,9999.000,9999.000,9999.000,9999.000,9999.000
202604040812,   0.285,9999.000,9999.000,9999.000,9999.000,9999.000,9999.000,9999.000,9999.000
202604040818,   0.281,9999.000,9999.000,9999.000,9999.000,9999.000,9999.000,9999.000,9999.000
202604040824,   0.276,9999.000,9999.000,9999.000,9999.000,9999.000,9999.000,9999.000,9999.000
202604040830,   0.271,9999.000,9999.000,9999.000,9999.000,9999.000,9999.000,9999.000,9999.000
202604040836,   0.267,9999.000,9999.000,9999.000,9999.000,9999.000,9999.000,9999.000,9999.000
202604040842,   0.262,9999.000,9999.000,9999.000,9999.000,9999.000,9999.000,9999.000,9999.000
202604040848,   0.257,9999.000,9999.000,9999.000,9999.000,9999.000,9999.000,9999.000,9999.000
202604040854,   0.253,9999.000,9999.000,9999.000,9999.000,9999.000,9999.000,9999.000,9999.000
202604040900,   0.248,9999.000,   0.500,  -0.005,   0.743,   0.400,   0.643,   0.600,   0.843
202604040906,   0.244,9999.000,9999.000,9999.000,9999.000,9999.000,9999.000,9999.000,9999.000
202604040912,   0.239,9999.000,9999.000,9999.000,9999.000,9999.000,9999.000,9999.000,9999.000
202604040918,   0.234,9999.000,9999.000,9999.000,9999.000,9999.000,9999.000,9999.000,9999.000
202604040924,   0.230,9999.000,9999.000,9999.000,9999.000,9999.000,9999.000,9999.000,9999.000
202604040930,   0.225,9999.000,9999.000,9999.000,9999.000,9999.000,9999.000,9999.000,9999.000
202604040936,   0.221,9999.000,9999.000,9999.000,9999.000,9999.000,9999.000,9999.000,9999.000
202604040942,   0.216,9999.000,9999.000,9999.000,9999.000,9999.000,9999.000,9999.000,9999.000
202604040948,   0.212,9999.000,9999.000,9999.000,9999.000,9999.000,9999.000,9999.000,9999.000
202604040954,   0.207,9999.000,9999.000,9999.000,9999.000,9999.000,9999.000,9999.000,9999.000
202604041000,   0.203,9999.000,   0.500,  -0.005,   0.698,   0.400,   0.598,   0.600,   0.798
202604041006,   0.198,9999.000,9999.000,9999.000,9999.000,9999.000,9999.000,9999.000,9999.000
202604041012,   0.194,9999.000,9999.000,9999.000,9999.000,9999.000,9999.000,9999.000,9999.000
202604041018,   0.189,9999.000,9999.000,9999.000,9999.000,9999.000,9999.000,9999.000,9999.000
202604041024,   0.185,9999.000,9999.000,9999.000,9999.000,9999.000,9999.000,9999.000,9999.000
202604041030,   0.180,9999.000,9999.000,9999.000,9999.000,9999.000,9999.000,9999.000,9999.000
202604041036,   0.176,9999.000,9999.000,9999.000,9999.000,9999.000,9999.000,9999.000,9999.000
202604041042,   0.171,9999.000,9999.000,9999.000,9999.000,9999.000,9999.000,9999.000,9999.000
202604041048,   0.167,9999.000,9999.000,9999.000,9999.000,9999.000,9999.000,9999.000,9999.000
202604041054,   0.162,9999.000,9999.000,9999.000,9999.000,9999.000,9999.000,9999.000,9999.000
202604041100,   0.157,9999.000,   0.500,  -0.005,   0.652,   0.400,   0.552,   0.600,   0.752
202604041106,   0.152,9999.000,9999.000,9999.000,9999.000,9999.000,9999.000,9999.000,9999.000
202604041112,   0.147,9999.000,9999.000,9999.000,9999.000,9999.000,9999.000,9999.000,9999.000
202604041118,   0.142,9999.000,9999.000,9999.000,9999.000,9999.000,9999.000,9999.000,9999.000
202604041124,   0.137,9999.000,9999.000,9999.000,9999.000,9999.000,9999.000,9999.000,9999.000
202604041130,   0.132,9999.000,9999.000,9999.000,9999.000,9999.000,9999.000,9999.000,9999.000
202604041136,   0.126,9999.000,9999.000,9999.000,9999.000,9999.000,9999.000,9999.000,9999.000
202604041142,   0.121,9999.000,9999.000,9999.000,9999.000,9999.000,9999.000,9999.000,9999.000
202604041148,   0.115,9999.000,9999.000,9999.000,9999.000,9999.000,9999.000,9999.000,9999.000
202604041154,   0.109,9999.000,9999.000,9999.000,9999.000,9999.000,9999.000,9999.000,9999.000
202604041200,   0.103,9999.000,   0.500,  -0.005,   0.598,   0.400,   0.498,   0.500,   0.598
202604041206,   0.096,9999.000,9999.000,9999.000,9999.000,9999.000,9999.000,9999.000,9999.000
202604041212,   0.090,9999.000,9999.000,9999.000,9999.000,9999.000,9999.000,9999.000,9999.000
202604041218,   0.083,9999.000,9999.000,9999.000,9999.000,9999.000,9999.000,9999.000,9999.000
202604041224,   0.076,9999.000,9999.000,9999.000,9999.000,9999.000,9999.000,9999.000,9999.000
202604041230,   0.069,9999.000,9999.000,9999.000,9999.000,9999.000,9999.000,9999.000,9999.000
202604041236,   0.062,9999.000,9999.000,9999.000,9999.000,9999.000,9999.000,9999.000,9999.000
202604041242,   0.054,9999.000,9999.000,9999.000,9999.000,9999.000,9999.000,9999.000,9999.000
202604041248,   0.047,9999.000,9999.000,9999.000,9999.000,9999.000,9999.000,9999.000,9999.000
202604041254,   0.039,9999.000,9999.000,9999.000,9999.000,9999.000,9999.000,9999.000,9999.000
202604041300,   0.031,9999.000,   0.500,  -0.005,   0.526,   0.400,   0.426,   0.500,   0.526
202604041306,   0.023,9999.000,9999.000,9999.000,9999.000,9999.000,9999.000,9999.000,9999.000
202604041312,   0.014,9999.000,9999.000,9999.000,9999.000,9999.000,9999.000,9999.000,9999.000
202604041318,   0.006,9999.000,9999.000,9999.000,9999.000,9999.000,9999.000,9999.000,9999.000
202604041324,  -0.002,9999.000,9999.000,9999.000,9999.000,9999.000,9999.000,9999.000,9999.000
202604041330,  -0.011,9999.000,9999.000,9999.000,9999.000,9999.000,9999.000,9999.000,9999.000
202604041336,  -0.020,9999.000,9999.000,9999.000,9999.000,9999.000,9999.000,9999.000,9999.000
202604041342,  -0.028,9999.000,9999.000,9999.000,9999.000,9999.000,9999.000,9999.000,9999.000
202604041348,  -0.037,9999.000,9999.000,9999.000,9999.000,9999.000,9999.000,9999.000,9999.000
202604041354,  -0.047,9999.000,9999.000,9999.000,9999.000,9999.000,9999.000,9999.000,9999.000
202604041400,  -0.056,9999.000,   0.500,  -0.005,   0.439,   0.400,   0.339,   0.500,   0.439
202604041406,  -0.065,9999.000,9999.000,9999.000,9999.000,9999.000,9999.000,9999.000,9999.000
202604041412,  -0.074,9999.000,9999.000,9999.000,9999.000,9999.000,9999.000,9999.000,9999.000
202604041418,  -0.083,9999.000,9999.000,9999.000,9999.000,9999.000,9999.000,9999.000,9999.000
202604041424,  -0.092,9999.000,9999.000,9999.000,9999.000,9999.000,9999.000,9999.000,9999.000
202604041430,  -0.101,9999.000,9999.000,9999.000,9999.000,9999.000,9999.000,9999.000,9999.000
202604041436,  -0.110,9999.000,9999.000,9999.000,9999.000,9999.000,9999.000,9999.000,9999.000
202604041442,  -0.118,9999.000,9999.000,9999.000,9999.000,9999.000,9999.000,9999.000,9999.000
202604041448,  -0.127,9999.000,9999.000,9999.000,9999.000,9999.000,9999.000,9999.000,9999.000
202604041454,  -0.135,9999.000,9999.000,9999.000,9999.000,9999.000,9999.000,9999.000,9999.000
202604041500,  -0.144,9999.000,   0.500,  -0.005,   0.351,   0.400,   0.251,   0.600,   0.451
202604041506,  -0.152,9999.000,9999.000,9999.000,9999.000,9999.000,9999.000,9999.000,9999.000
202604041512,  -0.159,9999.000,9999.000,9999.000,9999.000,9999.000,9999.000,9999.000,9999.000
202604041518,  -0.167,9999.000,9999.000,9999.000,9999.000,9999.000,9999.000,9999.000,9999.000
202604041524,  -0.174,9999.000,9999.000,9999.000,9999.000,9999.000,9999.000,9999.000,9999.000
202604041530,  -0.181,9999.000,9999.000,9999.000,9999.000,9999.000,9999.000,9999.000,9999.000
202604041536,  -0.188,9999.000,9999.000,9999.000,9999.000,9999.000,9999.000,9999.000,9999.000
202604041542,  -0.194,9999.000,9999.000,9999.000,9999.000,9999.000,9999.000,9999.000,9999.000
202604041548,  -0.200,9999.000,9999.000,9999.000,9999.000,9999.000,9999.000,9999.000,9999.000
202604041554,  -0.206,9999.000,9999.000,9999.000,9999.000,9999.000,9999.000,9999.000,9999.000
202604041600,  -0.211,9999.000,   0.500,  -0.005,   0.284,   0.400,   0.184,   0.600,   0.384
202604041606,  -0.216,9999.000,9999.000,9999.000,9999.000,9999.000,9999.000,9999.000,9999.000
202604041612,  -0.221,9999.000,9999.000,9999.000,9999.000,9999.000,9999.000,9999.000,9999.000
202604041618,  -0.225,9999.000,9999.000,9999.000,9999.000,9999.000,9999.000,9999.000,9999.000
202604041624,  -0.229,9999.000,9999.000,9999.000,9999.000,9999.000,9999.000,9999.000,9999.000
202604041630,  -0.233,9999.000,9999.000,9999.000,9999.000,9999.000,9999.000,9999.000,9999.000
202604041636,  -0.236,9999.000,9999.000,9999.000,9999.000,9999.000,9999.000,9999.000,9999.000
202604041642,  -0.239,9999.000,9999.000,9999.000,9999.000,9999.000,9999.000,9999.000,9999.000
202604041648,  -0.241,9999.000,9999.000,9999.000,9999.000,9999.000,9999.000,9999.000,9999.000
202604041654,  -0.243,9999.000,9999.000,9999.000,9999.000,9999.000,9999.000,9999.000,9999.000
202604041700,  -0.244,9999.000,   0.500,  -0.005,   0.251,   0.400,   0.151,   0.600,   0.351
202604041706,  -0.246,9999.000,9999.000,9999.000,9999.000,9999.000,9999.000,9999.000,9999.000
202604041712,  -0.247,9999.000,9999.000,9999.000,9999.000,9999.000,9999.000,9999.000,9999.000
202604041718,  -0.247,9999.000,9999.000,9999.000,9999.000,9999.000,9999.000,9999.000,9999.000
202604041724,  -0.247,9999.000,9999.000,9999.000,9999.000,9999.000,9999.000,9999.000,9999.000
202604041730,  -0.247,9999.000,9999.000,9999.000,9999.000,9999.000,9999.000,9999.000,9999.000
202604041736,  -0.246,9999.000,9999.000,9999.000,9999.000,9999.000,9999.000,9999.000,9999.000
202604041742,  -0.246,9999.000,9999.000,9999.000,9999.000,9999.000,9999.000,9999.000,9999.000
202604041748,  -0.244,9999.000,9999.000,9999.000,9999.000,9999.000,9999.000,9999.000,9999.000
202604041754,  -0.243,9999.000,9999.000,9999.000,9999.000,9999.000,9999.000,9999.000,9999.000
202604041800,  -0.241,9999.000,   0.500,  -0.005,   0.254,   0.500,   0.254,   0.600,   0.354
202604041806,  -0.239,9999.000,9999.000,9999.000,9999.000,9999.000,9999.000,9999.000,9999.000
202604041812,  -0.237,9999.000,9999.000,9999.000,9999.000,9999.000,9999.000,9999.000,9999.000
202604041818,  -0.234,9999.000,9999.000,9999.000,9999.000,9999.000,9999.000,9999.000,9999.000
202604041824,  -0.231,9999.000,9999.000,9999.000,9999.000,9999.000,9999.000,9999.000,9999.000
202604041830,  -0.228,9999.000,9999.000,9999.000,9999.000,9999.000,9999.000,9999.000,9999.000
202604041836,  -0.225,9999.000,9999.000,9999.000,9999.000,9999.000,9999.000,9999.000,9999.000
202604041842,  -0.221,9999.000,9999.000,9999.000,9999.000,9999.000,9999.000,9999.000,9999.000
202604041848,  -0.217,9999.000,9999.000,9999.000,9999.000,9999.000,9999.000,9999.000,9999.000
202604041854,  -0.213,9999.000,9999.000,9999.000,9999.000,9999.000,9999.000,9999.000,9999.000
202604041900,  -0.209,9999.000,   0.500,  -0.005,   0.286,   0.500,   0.286,   0.600,   0.386
202604041906,  -0.204,9999.000,9999.000,9999.000,9999.000,9999.000,9999.000,9999.000,9999.000
202604041912,  -0.200,9999.000,9999.000,9999.000,9999.000,9999.000,9999.000,9999.000,9999.000
202604041918,  -0.195,9999.000,9999.000,9999.000,9999.000,9999.000,9999.000,9999.000,9999.000
202604041924,  -0.190,9999.000,9999.000,9999.000,9999.000,9999.000,9999.000,9999.000,9999.000
202604041930,  -0.185,9999.000,9999.000,9999.000,9999.000,9999.000,9999.000,9999.000,9999.000
202604041936,  -0.179,9999.000,9999.000,9999.000,9999.000,9999.000,9999.000,9999.000,9999.000
202604041942,  -0.173,9999.000,9999.000,9999.000,9999.000,9999.000,9999.000,9999.000,9999.000
202604041948,  -0.168,9999.000,9999.000,9999.000,9999.000,9999.000,9999.000,9999.000,9999.000
202604041954,  -0.161,9999.000,9999.000,9999.000,9999.000,9999.000,9999.000,9999.000,9999.000
202604042000,  -0.155,9999.000,   0.500,  -0.005,   0.340,   0.500,   0.340,   0.600,   0.440
202604042006,  -0.149,9999.000,9999.000,9999.000,9999.000,9999.000,9999.000,9999.000,9999.000
202604042012,  -0.142,9999.000,9999.000,9999.000,9999.000,9999.000,9999.000,9999.000,9999.000
202604042018,  -0.135,9999.000,9999.000,9999.000,9999.000,9999.000,9999.000,9999.000,9999.000
202604042024,  -0.128,9999.000,9999.000,9999.000,9999.000,9999.000,9999.000,9999.000,9999.000
202604042030,  -0.121,9999.000,9999.000,9999.000,9999.000,9999.000,9999.000,9999.000,9999.000
202604042036,  -0.113,9999.000,9999.000,9999.000,9999.000,9999.000,9999.000,9999.000,9999.000
202604042042,  -0.105,9999.000,9999.000,9999.000,9999.000,9999.000,9999.000,9999.000,9999.000
202604042048,  -0.097,9999.000,9999.000,9999.000,9999.000,9999.000,9999.000,9999.000,9999.000
202604042054,  -0.089,9999.000,9999.000,9999.000,9999.000,9999.000,9999.000,9999.000,9999.000
202604042100,  -0.081,9999.000,   0.500,  -0.005,   0.414,   0.400,   0.314,   0.600,   0.514
202604042106,  -0.072,9999.000,9999.000,9999.000,9999.000,9999.000,9999.000,9999.000,9999.000
202604042112,  -0.063,9999.000,9999.000,9999.000,9999.000,9999.000,9999.000,9999.000,9999.000
202604042118,  -0.054,9999.000,9999.000,9999.000,9999.000,9999.000,9999.000,9999.000,9999.000
202604042124,  -0.044,9999.000,9999.000,9999.000,9999.000,9999.000,9999.000,9999.000,9999.000
202604042130,  -0.035,9999.000,9999.000,9999.000,9999.000,9999.000,9999.000,9999.000,9999.000
202604042136,  -0.025,9999.000,9999.000,9999.000,9999.000,9999.000,9999.000,9999.000,9999.000
202604042142,  -0.015,9999.000,9999.000,9999.000,9999.000,9999.000,9999.000,9999.000,9999.000
202604042148,  -0.004,9999.000,9999.000,9999.000,9999.000,9999.000,9999.000,9999.000,9999.000
202604042154,   0.005,9999.000,9999.000,9999.000,9999.000,9999.000,9999.000,9999.000,9999.000
202604042200,   0.016,9999.000,   0.500,  -0.005,   0.511,   0.400,   0.411,   0.600,   0.611
202604042206,   0.027,9999.000,9999.000,9999.000,9999.000,9999.000,9999.000,9999.000,9999.000
202604042212,   0.038,9999.000,9999.000,9999.000,9999.000,9999.000,9999.000,9999.000,9999.000
202604042218,   0.050,9999.000,9999.000,9999.000,9999.000,9999.000,9999.000,9999.000,9999.000
202604042224,   0.061,9999.000,9999.000,9999.000,9999.000,9999.000,9999.000,9999.000,9999.000
202604042230,   0.073,9999.000,9999.000,9999.000,9999.000,9999.000,9999.000,9999.000,9999.000
202604042236,   0.085,9999.000,9999.000,9999.000,9999.000,9999.000,9999.000,9999.000,9999.000
202604042242,   0.097,9999.000,9999.000,9999.000,9999.000,9999.000,9999.000,9999.000,9999.000
202604042248,   0.109,9999.000,9999.000,9999.000,9999.000,9999.000,9999.000,9999.000,9999.000
202604042254,   0.121,9999.000,9999.000,9999.000,9999.000,9999.000,9999.000,9999.000,9999.000
202604042300,   0.133,9999.000,   0.500,  -0.005,   0.628,   0.400,   0.528,   0.600,   0.728
202604042306,   0.145,9999.000,9999.000,9999.000,9999.000,9999.000,9999.000,9999.000,9999.000
202604042312,   0.157,9999.000,9999.000,9999.000,9999.000,9999.000,9999.000,9999.000,9999.000
202604042318,   0.170,9999.000,9999.000,9999.000,9999.000,9999.000,9999.000,9999.000,9999.000
202604042324,   0.182,9999.000,9999.000,9999.000,9999.000,9999.000,9999.000,9999.000,9999.000
202604042330,   0.194,9999.000,9999.000,9999.000,9999.000,9999.000,9999.000,9999.000,9999.000
202604042336,   0.206,9999.000,9999.000,9999.000,9999.000,9999.000,9999.000,9999.000,9999.000
202604042342,   0.218,9999.000,9999.000,9999.000,9999.000,9999.000,9999.000,9999.000,9999.000
202604042348,   0.230,9999.000,9999.000,9999.000,9999.000,9999.000,9999.000,9999.000,9999.000
202604042354,   0.241,9999.000,9999.000,9999.000,9999.000,9999.000,9999.000,9999.000,9999.000
202604050000,   0.253,9999.000,   0.500,  -0.005,   0.748,   0.400,   0.648,   0.500,   0.748
