        TIME,    TIDE,      OB,   SURGE,    BIAS,     TWL,SURGE90p,  TWL90p,SURGE10p,   TWL10p
202606160000,   4.368,   5.257,   0.800,   0.089,   5.257,   0.700,   5.157,   0.800,   5.257
202606160006,   4.395,9999.000,9999.000,9999.000,9999.000,9999.000,9999.000,9999.000,9999.000
202606160012,   4.416,   5.320,9999.000,9999.000,9999.000,9999.000,9999.000,9999.000,9999.000
202606160018,   4.431,9999.000,9999.000,9999.000,9999.000,9999.000,9999.000,9999.000,9999.000
202606160024,   4.441,   5.247,9999.000,9999.000,9999.000,9999.000,9999.000,9999.000,9999.000
202606160030,   4.445,9999.000,9999.000,9999.000,9999.000,9999.000,9999.000,9999.000,9999.000
202606160036,   4.444,   5.257,9999.000,9999.000,9999.000,9999.000,9999.000,9999.000,9999.000
202606160042,   4.438,9999.000,9999.000,9999.000,9999.000,9999.000,9999.000,9999.000,9999.000
202606160048,   4.426,   5.218,9999.000,9999.000,9999.000,9999.000,9999.000,9999.000,9999.000
202606160054,   4.409,9999.000,9999.000,9999.000,9999.000,9999.000,9999.000,9999.000,9999.000
202606160100,   4.387,   5.208,   0.800,   0.021,   5.208,   0.700,   5.108,   0.800,   5.208
202606160106,   4.360,   5.218,9999.000,9999.000,9999.000,9999.000,9999.000,9999.000,9999.000
202606160112,   4.328,   5.238,9999.000,9999.000,9999.000,9999.000,9999.000,9999.000,9999.000
202606160118,   4.291,   5.179,9999.000,9999.000,9999.000,9999.000,9999.000,9999.000,9999.000
202606160124,   4.249,   5.067,9999.000,9999.000,9999.000,9999.000,9999.000,9999.000,9999.000
202606160130,   4.203,   5.057,9999.000,9999.000,9999.000,9999.000,9999.000,9999.000,9999.000
202606160136,   4.152,   5.008,9999.000,9999.000,9999.000,9999.000,9999.000,9999.000,9999.000
202606160142,   4.097,   4.939,9999.000,9999.000,9999.000,9999.000,9999.000,9999.000,9999.000
202606160148,   4.037,   4.919,9999.000,9999.000,9999.000,9999.000,9999.000,9999.000,9999.000
202606160154,   3.973,   4.857,9999.000,9999.000,9999.000,9999.000,9999.000,9999.000,9999.000
202606160200,   3.905,   4.818,   0.800,   0.113,   4.818,   0.700,   4.718,   0.800,   4.818
202606160206,   3.833,   4.788,9999.000,9999.000,9999.000,9999.000,9999.000,9999.000,9999.000
202606160212,   3.757,   4.667,9999.000,9999.000,9999.000,9999.000,9999.000,9999.000,9999.000
202606160218,   3.677,   4.598,9999.000,9999.000,9999.000,9999.000,9999.000,9999.000,9999.000
202606160224,   3.593,   4.490,9999.000,9999.000,9999.000,9999.000,9999.000,9999.000,9999.000
202606160230,   3.505,   4.368,9999.000,9999.000,9999.000,9999.000,9999.000,9999.000,9999.000
202606160236,   3.414,   4.290,9999.000,9999.000,9999.000,9999.000,9999.000,9999.000,9999.000
202606160242,   3.319,   4.168,9999.000,9999.000,9999.000,9999.000,9999.000,9999.000,9999.000
202606160248,   3.222,   4.057,9999.000,9999.000,9999.000,9999.000,9999.000,9999.000,9999.000
202606160254,   3.120,   3.949,9999.000,9999.000,9999.000,9999.000,9999.000,9999.000,9999.000
202606160300,   3.016,   3.837,   0.700,   0.121,   3.837,   0.700,   3.837,   0.700,   3.837
202606160306,   2.909,   3.749,9999.000,9999.000,9999.000,9999.000,9999.000,9999.000,9999.000
202606160312,   2.800,   3.627,9999.000,9999.000,9999.000,9999.000,9999.000,9999.000,9999.000
202606160318,   2.688,   3.509,9999.000,9999.000,9999.000,9999.000,9999.000,9999.000,9999.000
202606160324,   2.573,   3.417,9999.000,9999.000,9999.000,9999.000,9999.000,9999.000,9999.000
202606160330,   2.457,   3.289,9999.000,9999.000,9999.000,9999.000,9999.000,9999.000,9999.000
202606160336,   2.339,   3.168,9999.000,9999.000,9999.000,9999.000,9999.000,9999.000,9999.000
202606160342,   2.219,   3.030,9999.000,9999.000,9999.000,9999.000,9999.000,9999.000,9999.000
202606160348,   2.099,   2.889,9999.000,9999.000,9999.000,9999.000,9999.000,9999.000,9999.000
202606160354,   1.977,   2.787,9999.000,9999.000,9999.000,9999.000,9999.000,9999.000,9999.000
202606160400,   1.854,   2.689,   0.700,   0.135,   2.689,   0.600,   2.589,   0.700,   2.689
202606160406,   1.732,   2.558,9999.000,9999.000,9999.000,9999.000,9999.000,9999.000,9999.000
202606160412,   1.609,   2.368,9999.000,9999.000,9999.000,9999.000,9999.000,9999.000,9999.000
202606160418,   1.487,   2.210,9999.000,9999.000,9999.000,9999.000,9999.000,9999.000,9999.000
202606160424,   1.365,   2.089,9999.000,9999.000,9999.000,9999.000,9999.000,9999.000,9999.000
202606160430,   1.245,   1.958,9999.000,9999.000,9999.000,9999.000,9999.000,9999.000,9999.000
202606160436,   1.126,   1.840,9999.000,9999.000,9999.000,9999.000,9999.000,9999.000,9999.000
202606160442,   1.009,   1.708,9999.000,9999.000,9999.000,9999.000,9999.000,9999.000,9999.000
202606160448,   0.894,   1.548,9999.000,9999.000,9999.000,9999.000,9999.000,9999.000,9999.000
202606160454,   0.782,   1.469,9999.000,9999.000,9999.000,9999.000,9999.000,9999.000,9999.000
202606160500,   0.672,   1.380,   0.700,   0.008,   1.380,   0.600,   1.280,   0.700,   1.380
202606160506,   0.566,   1.289,9999.000,9999.000,9999.000,9999.000,9999.000,9999.000,9999.000
202606160512,   0.464,   1.269,9999.000,9999.000,9999.000,9999.000,9999.000,9999.000,9999.000
202606160518,   0.366,   1.180,9999.000,9999.000,9999.000,9999.000,9999.000,9999.000,9999.000
202606160524,   0.272,   1.098,9999.000,9999.000,9999.000,9999.000,9999.000,9999.000,9999.000
202606160530,   0.182,   1.010,9999.000,9999.000,9999.000,9999.000,9999.000,9999.000,9999.000
202606160536,   0.098,   0.941,9999.000,9999.000,9999.000,9999.000,9999.000,9999.000,9999.000
202606160542,   0.018,   0.879,9999.000,9999.000,9999.000,9999.000,9999.000,9999.000,9999.000
202606160548,  -0.055,   0.819,9999.000,9999.000,9999.000,9999.000,9999.000,9999.000,9999.000
202606160554,  -0.124,   0.741,9999.000,9999.000,9999.000,9999.000,9999.000,9999.000,9999.000
202606160600,  -0.187,   0.659,   0.700,   0.146,   0.659,   0.600,   0.559,   0.700,   0.659
202606160606,  -0.245,   0.600,9999.000,9999.000,9999.000,9999.000,9999.000,9999.000,9999.000
202606160612,  -0.297,   0.518,9999.000,9999.000,9999.000,9999.000,9999.000,9999.000,9999.000
202606160618,  -0.343,   0.498,9999.000,9999.000,9999.000,9999.000,9999.000,9999.000,9999.000
202606160624,  -0.383,   0.459,9999.000,9999.000,9999.000,9999.000,9999.000,9999.000,9999.000
202606160630,  -0.418,   0.498,9999.000,9999.000,9999.000,9999.000,9999.000,9999.000,9999.000
202606160636,  -0.447,   0.498,9999.000,9999.000,9999.000,9999.000,9999.000,9999.000,9999.000
202606160642,  -0.470,   0.488,9999.000,9999.000,9999.000,9999.000,9999.000,9999.000,9999.000
202606160648,  -0.488,   0.409,9999.000,9999.000,9999.000,9999.000,9999.000,9999.000,9999.000
202606160654,  -0.500,   0.370,9999.000,9999.000,9999.000,9999.000,9999.000,9999.000,9999.000
202606160700,  -0.507,   0.400,   0.700,   0.207,   0.400,   0.600,   0.300,   0.700,   0.400
202606160706,  -0.508,   0.400,9999.000,9999.000,9999.000,9999.000,9999.000,9999.000,9999.000
202606160712,  -0.505,   0.409,9999.000,9999.000,9999.000,9999.000,9999.000,9999.000,9999.000
202606160718,  -0.496,   0.449,9999.000,9999.000,9999.000,9999.000,9999.000,9999.000,9999.000
202606160724,  -0.482,   0.419,9999.000,9999.000,9999.000,9999.000,9999.000,9999.000,9999.000
202606160730,  -0.464,   0.419,9999.000,9999.000,9999.000,9999.000,9999.000,9999.000,9999.000
202606160736,  -0.441,   0.459,9999.000,9999.000,9999.000,9999.000,9999.000,9999.000,9999.000
202606160742,  -0.414,   0.469,9999.000,9999.000,9999.000,9999.000,9999.000,9999.000,9999.000
202606160748,  -0.382,   0.508,9999.000,9999.000,9999.000,9999.000,9999.000,9999.000,9999.000
202606160754,  -0.346,   0.541,9999.000,9999.000,9999.000,9999.000,9999.000,9999.000,9999.000
202606160800,  -0.306,   0.541,   0.700,   0.147,   0.541,   0.600,   0.441,   0.700,   0.541
202606160806,  -0.262,   0.580,9999.000,9999.000,9999.000,9999.000,9999.000,9999.000,9999.000
202606160812,  -0.213,   0.619,9999.000,9999.000,9999.000,9999.000,9999.000,9999.000,9999.000
202606160818,  -0.161,   0.649,9999.000,9999.000,9999.000,9999.000,9999.000,9999.000,9999.000
202606160824,  -0.105,   0.688,9999.000,9999.000,9999.000,9999.000,9999.000,9999.000,9999.000
202606160830,  -0.045,   0.780,9999.000,9999.000,9999.000,9999.000,9999.000,9999.000,9999.000
202606160836,   0.017,   0.829,9999.000,9999.000,9999.000,9999.000,9999.000,9999.000,9999.000
202606160842,   0.084,   0.928,9999.000,9999.000,9999.000,9999.000,9999.000,9999.000,9999.000
202606160848,   0.154,   0.990,9999.000,9999.000,9999.000,9999.000,9999.000,9999.000,9999.000
202606160854,   0.228,   1.069,9999.000,9999.000,9999.000,9999.000,9999.000,9999.000,9999.000
202606160900,   0.306,   1.151,   0.700,   0.145,   1.151,   0.600,   1.051,   0.700,   1.151
202606160906,   0.386,   1.190,9999.000,9999.000,9999.000,9999.000,9999.000,9999.000,9999.000
202606160912,   0.469,   1.318,9999.000,9999.000,9999.000,9999.000,9999.000,9999.000,9999.000
202606160918,   0.556,   1.410,9999.000,9999.000,9999.000,9999.000,9999.000,9999.000,9999.000
202606160924,   0.645,   1.469,9999.000,9999.000,9999.000,9999.000,9999.000,9999.000,9999.000
202606160930,   0.736,   1.548,9999.000,9999.000,9999.000,9999.000,9999.000,9999.000,9999.000
202606160936,   0.830,   1.649,9999.000,9999.000,9999.000,9999.000,9999.000,9999.000,9999.000
202606160942,   0.926,   1.728,9999.000,9999.000,9999.000,9999.000,9999.000,9999.000,9999.000
202606160948,   1.024,   1.781,9999.000,9999.000,9999.000,9999.000,9999.000,9999.000,9999.000
202606160954,   1.123,   1.928,9999.000,9999.000,9999.000,9999.000,9999.000,9999.000,9999.000
202606161000,   1.223,   2.049,   0.700,   0.126,   2.049,   0.600,   1.949,   0.700,   2.049
202606161006,   1.324,   2.138,9999.000,9999.000,9999.000,9999.000,9999.000,9999.000,9999.000
202606161012,   1.426,   2.250,9999.000,9999.000,9999.000,9999.000,9999.000,9999.000,9999.000
202606161018,   1.528,   2.387,9999.000,9999.000,9999.000,9999.000,9999.000,9999.000,9999.000
202606161024,   1.629,   2.479,9999.000,9999.000,9999.000,9999.000,9999.000,9999.000,9999.000
202606161030,   1.730,   2.548,9999.000,9999.000,9999.000,9999.000,9999.000,9999.000,9999.000
202606161036,   1.830,   2.679,9999.000,9999.000,9999.000,9999.000,9999.000,9999.000,9999.000
202606161042,   1.929,   2.768,9999.000,9999.000,9999.000,9999.000,9999.000,9999.000,9999.000
202606161048,   2.026,   2.830,9999.000,9999.000,9999.000,9999.000,9999.000,9999.000,9999.000
202606161054,   2.120,   2.929,9999.000,9999.000,9999.000,9999.000,9999.000,9999.000,9999.000
202606161100,   2.213,   3.007,   0.700,   0.094,   3.007,   0.600,   2.907,   0.800,   3.107
202606161106,   2.302,   3.129,9999.000,9999.000,9999.000,9999.000,9999.000,9999.000,9999.000
202606161112,   2.389,   3.197,9999.000,9999.000,9999.000,9999.000,9999.000,9999.000,9999.000
202606161118,   2.472,   3.299,9999.000,9999.000,9999.000,9999.000,9999.000,9999.000,9999.000
202606161124,   2.551,   3.358,9999.000,9999.000,9999.000,9999.000,9999.000,9999.000,9999.000
202606161130,   2.627,   3.450,9999.000,9999.000,9999.000,9999.000,9999.000,9999.000,9999.000
202606161136,   2.698,   3.519,9999.000,9999.000,9999.000,9999.000,9999.000,9999.000,9999.000
202606161142,   2.765,   3.607,9999.000,9999.000,9999.000,9999.000,9999.000,9999.000,9999.000
202606161148,   2.827,   3.660,9999.000,9999.000,9999.000,9999.000,9999.000,9999.000,9999.000
202606161154,   2.885,   3.709,9999.000,9999.000,9999.000,9999.000,9999.000,9999.000,9999.000
202606161200,   2.938,   3.749,   0.700,   0.111,   3.749,   0.700,   3.749,   0.700,   3.749
202606161206,   2.986,   3.788,9999.000,9999.000,9999.000,9999.000,9999.000,9999.000,9999.000
202606161212,   3.030,   3.847,9999.000,9999.000,9999.000,9999.000,9999.000,9999.000,9999.000
202606161218,   3.068,   3.890,9999.000,9999.000,9999.000,9999.000,9999.000,9999.000,9999.000
202606161224,   3.102,   3.929,9999.000,9999.000,9999.000,9999.000,9999.000,9999.000,9999.000
202606161230,   3.130,   3.929,9999.000,9999.000,9999.000,9999.000,9999.000,9999.000,9999.000
202606161236,   3.154,   3.998,9999.000,9999.000,9999.000,9999.000,9999.000,9999.000,9999.000
202606161242,   3.172,   4.027,9999.000,9999.000,9999.000,9999.000,9999.000,9999.000,9999.000
202606161248,   3.186,   4.017,9999.000,9999.000,9999.000,9999.000,9999.000,9999.000,9999.000
202606161254,   3.195,   4.070,9999.000,9999.000,9999.000,9999.000,9999.000,9999.000,9999.000
202606161300,   3.200,   4.047,   0.700,   0.147,   4.047,   0.700,   4.047,   0.700,   4.047
202606161306,   3.200,   4.037,9999.000,9999.000,9999.000,9999.000,9999.000,9999.000,9999.000
202606161312,   3.195,   4.017,9999.000,9999.000,9999.000,9999.000,9999.000,9999.000,9999.000
202606161318,   3.186,   3.998,9999.000,9999.000,9999.000,9999.000,9999.000,9999.000,9999.000
202606161324,   3.172,   3.978,9999.000,9999.000,9999.000,9999.000,9999.000,9999.000,9999.000
202606161330,   3.154,   3.978,9999.000,9999.000,9999.000,9999.000,9999.000,9999.000,9999.000
202606161336,   3.132,   3.958,9999.000,9999.000,9999.000,9999.000,9999.000,9999.000,9999.000
202606161342,   3.106,   3.949,9999.000,9999.000,9999.000,9999.000,9999.000,9999.000,9999.000
202606161348,   3.076,   3.958,9999.000,9999.000,9999.000,9999.000,9999.000,9999.000,9999.000
202606161354,   3.042,   3.880,9999.000,9999.000,9999.000,9999.000,9999.000,9999.000,9999.000
202606161400,   3.004,   3.817,   0.700,   0.113,   3.817,   0.700,   3.817,   0.800,   3.917
202606161406,   2.962,   3.808,9999.000,9999.000,9999.000,9999.000,9999.000,9999.000,9999.000
202606161412,   2.916,   3.749,9999.000,9999.000,9999.000,9999.000,9999.000,9999.000,9999.000
202606161418,   2.867,   3.739,9999.000,9999.000,9999.000,9999.000,9999.000,9999.000,9999.000
202606161424,   2.814,   3.650,9999.000,9999.000,9999.000,9999.000,9999.000,9999.000,9999.000
202606161430,   2.758,   3.578,9999.000,9999.000,9999.000,9999.000,9999.000,9999.000,9999.000
202606161436,   2.698,   3.499,9999.000,9999.000,9999.000,9999.000,9999.000,9999.000,9999.000
202606161442,   2.635,   3.480,9999.000,9999.000,9999.000,9999.000,9999.000,9999.000,9999.000
202606161448,   2.568,   3.398,9999.000,9999.000,9999.000,9999.000,9999.000,9999.000,9999.000
202606161454,   2.498,   3.309,9999.000,9999.000,9999.000,9999.000,9999.000,9999.000,9999.000
202606161500,   2.425,   3.207,   0.700,   0.082,   3.207,   0.700,   3.207,   0.800,   3.307
202606161506,   2.349,   3.129,9999.000,9999.000,9999.000,9999.000,9999.000,9999.000,9999.000
202606161512,   2.271,   3.109,9999.000,9999.000,9999.000,9999.000,9999.000,9999.000,9999.000
202606161518,   2.189,   3.050,9999.000,9999.000,9999.000,9999.000,9999.000,9999.000,9999.000
202606161524,   2.105,   2.909,9999.000,9999.000,9999.000,9999.000,9999.000,9999.000,9999.000
202606161530,   2.018,   2.797,9999.000,9999.000,9999.000,9999.000,9999.000,9999.000,9999.000
202606161536,   1.929,   2.660,9999.000,9999.000,9999.000,9999.000,9999.000,9999.000,9999.000
202606161542,   1.837,   2.587,9999.000,9999.000,9999.000,9999.000,9999.000,9999.000,9999.000
202606161548,   1.744,   2.519,9999.000,9999.000,9999.000,9999.000,9999.000,9999.000,9999.000
202606161554,   1.650,   2.368,9999.000,9999.000,9999.000,9999.000,9999.000,9999.000,9999.000
202606161600,   1.553,   2.289,   0.800,  -0.064,   2.289,   0.700,   2.189,   0.800,   2.289
202606161606,   1.456,   2.240,9999.000,9999.000,9999.000,9999.000,9999.000,9999.000,9999.000
202606161612,   1.357,   2.200,9999.000,9999.000,9999.000,9999.000,9999.000,9999.000,9999.000
202606161618,   1.258,   2.020,9999.000,9999.000,9999.000,9999.000,9999.000,9999.000,9999.000
202606161624,   1.159,   1.948,9999.000,9999.000,9999.000,9999.000,9999.000,9999.000,9999.000
202606161630,   1.060,   1.859,9999.000,9999.000,9999.000,9999.000,9999.000,9999.000,9999.000
202606161636,   0.961,   1.820,9999.000,9999.000,9999.000,9999.000,9999.000,9999.000,9999.000
202606161642,   0.863,   1.679,9999.000,9999.000,9999.000,9999.000,9999.000,9999.000,9999.000
202606161648,   0.766,   1.590,9999.000,9999.000,9999.000,9999.000,9999.000,9999.000,9999.000
202606161654,   0.670,   1.479,9999.000,9999.000,9999.000,9999.000,9999.000,9999.000,9999.000
202606161700,   0.577,   1.371,   0.800,  -0.006,   1.371,   0.700,   1.271,   0.800,   1.371
202606161706,   0.485,   1.318,9999.000,9999.000,9999.000,9999.000,9999.000,9999.000,9999.000
202606161712,   0.397,   1.269,9999.000,9999.000,9999.000,9999.000,9999.000,9999.000,9999.000
202606161718,   0.311,   1.138,9999.000,9999.000,9999.000,9999.000,9999.000,9999.000,9999.000
202606161724,   0.228,   1.108,9999.000,9999.000,9999.000,9999.000,9999.000,9999.000,9999.000
202606161730,   0.149,   1.039,9999.000,9999.000,9999.000,9999.000,9999.000,9999.000,9999.000
202606161736,   0.075,   0.928,9999.000,9999.000,9999.000,9999.000,9999.000,9999.000,9999.000
202606161742,   0.004,   0.879,9999.000,9999.000,9999.000,9999.000,9999.000,9999.000,9999.000
202606161748,  -0.061,   0.731,9999.000,9999.000,9999.000,9999.000,9999.000,9999.000,9999.000
202606161754,  -0.122,   0.678,9999.000,9999.000,9999.000,9999.000,9999.000,9999.000,9999.000
202606161800,  -0.178,   0.629,   0.800,   0.007,   0.629,   0.800,   0.629,   0.800,   0.629
202606161806,  -0.228,   0.580,9999.000,9999.000,9999.000,9999.000,9999.000,9999.000,9999.000
202606161812,  -0.274,   0.560,9999.000,9999.000,9999.000,9999.000,9999.000,9999.000,9999.000
202606161818,  -0.313,   0.518,9999.000,9999.000,9999.000,9999.000,9999.000,9999.000,9999.000
202606161824,  -0.347,   0.449,9999.000,9999.000,9999.000,9999.000,9999.000,9999.000,9999.000
202606161830,  -0.375,   0.439,9999.000,9999.000,9999.000,9999.000,9999.000,9999.000,9999.000
202606161836,  -0.398,   0.370,9999.000,9999.000,9999.000,9999.000,9999.000,9999.000,9999.000
202606161842,  -0.414,   0.331,9999.000,9999.000,9999.000,9999.000,9999.000,9999.000,9999.000
202606161848,  -0.425,   0.331,9999.000,9999.000,9999.000,9999.000,9999.000,9999.000,9999.000
202606161854,  -0.430,   0.400,9999.000,9999.000,9999.000,9999.000,9999.000,9999.000,9999.000
202606161900,  -0.429,   0.360,   0.800,  -0.011,   0.360,   0.800,   0.360,   0.800,   0.360
202606161906,  -0.423,   0.370,9999.000,9999.000,9999.000,9999.000,9999.000,9999.000,9999.000
202606161912,  -0.411,   0.360,9999.000,9999.000,9999.000,9999.000,9999.000,9999.000,9999.000
202606161918,  -0.394,   0.380,9999.000,9999.000,9999.000,9999.000,9999.000,9999.000,9999.000
202606161924,  -0.372,   0.419,9999.000,9999.000,9999.000,9999.000,9999.000,9999.000,9999.000
202606161930,  -0.345,   0.469,9999.000,9999.000,9999.000,9999.000,9999.000,9999.000,9999.000
202606161936,  -0.312,   0.439,9999.000,9999.000,9999.000,9999.000,9999.000,9999.000,9999.000
202606161942,  -0.275,   0.469,9999.000,9999.000,9999.000,9999.000,9999.000,9999.000,9999.000
202606161948,  -0.234,   0.560,9999.000,9999.000,9999.000,9999.000,9999.000,9999.000,9999.000
202606161954,  -0.188,   0.600,9999.000,9999.000,9999.000,9999.000,9999.000,9999.000,9999.000
202606162000,  -0.138,   0.629,   0.800,  -0.033,   0.629,   0.800,   0.629,   0.800,   0.629
202606162006,  -0.083,   0.669,9999.000,9999.000,9999.000,9999.000,9999.000,9999.000,9999.000
202606162012,  -0.025,   0.770,9999.000,9999.000,9999.000,9999.000,9999.000,9999.000,9999.000
202606162018,   0.037,   0.810,9999.000,9999.000,9999.000,9999.000,9999.000,9999.000,9999.000
202606162024,   0.103,   0.849,9999.000,9999.000,9999.000,9999.000,9999.000,9999.000,9999.000
202606162030,   0.173,   0.990,9999.000,9999.000,9999.000,9999.000,9999.000,9999.000,9999.000
202606162036,   0.247,   1.020,9999.000,9999.000,9999.000,9999.000,9999.000,9999.000,9999.000
202606162042,   0.324,   1.069,9999.000,9999.000,9999.000,9999.000,9999.000,9999.000,9999.000
202606162048,   0.404,   1.190,9999.000,9999.000,9999.000,9999.000,9999.000,9999.000,9999.000
202606162054,   0.488,   1.279,9999.000,9999.000,9999.000,9999.000,9999.000,9999.000,9999.000
202606162100,   0.576,   1.348,   0.800,  -0.028,   1.348,   0.800,   1.348,   0.800,   1.348
202606162106,   0.666,   1.439,9999.000,9999.000,9999.000,9999.000,9999.000,9999.000,9999.000
202606162112,   0.760,   1.538,9999.000,9999.000,9999.000,9999.000,9999.000,9999.000,9999.000
202606162118,   0.857,   1.571,9999.000,9999.000,9999.000,9999.000,9999.000,9999.000,9999.000
202606162124,   0.957,   1.699,9999.000,9999.000,9999.000,9999.000,9999.000,9999.000,9999.000
202606162130,   1.059,   1.830,9999.000,9999.000,9999.000,9999.000,9999.000,9999.000,9999.000
202606162136,   1.164,   1.918,9999.000,9999.000,9999.000,9999.000,9999.000,9999.000,9999.000
202606162142,   1.272,   1.958,9999.000,9999.000,9999.000,9999.000,9999.000,9999.000,9999.000
202606162148,   1.382,   2.089,9999.000,9999.000,9999.000,9999.000,9999.000,9999.000,9999.000
202606162154,   1.495,   2.289,9999.000,9999.000,9999.000,9999.000,9999.000,9999.000,9999.000
202606162200,   1.609,   2.469,   0.800,   0.060,   2.469,   0.800,   2.469,   0.900,   2.569
202606162206,   1.725,   2.587,9999.000,9999.000,9999.000,9999.000,9999.000,9999.000,9999.000
202606162212,   1.842,   2.620,9999.000,9999.000,9999.000,9999.000,9999.000,9999.000,9999.000
202606162218,   1.960,   2.807,9999.000,9999.000,9999.000,9999.000,9999.000,9999.000,9999.000
202606162224,   2.079,   2.968,9999.000,9999.000,9999.000,9999.000,9999.000,9999.000,9999.000
202606162230,   2.198,   3.079,9999.000,9999.000,9999.000,9999.000,9999.000,9999.000,9999.000
202606162236,   2.318,   3.217,9999.000,9999.000,9999.000,9999.000,9999.000,9999.000,9999.000
202606162242,   2.436,   3.348,9999.000,9999.000,9999.000,9999.000,9999.000,9999.000,9999.000
202606162248,   2.555,   3.539,9999.000,9999.000,9999.000,9999.000,9999.000,9999.000,9999.000
202606162254,   2.672,   3.627,9999.000,9999.000,9999.000,9999.000,9999.000,9999.000,9999.000
202606162300,   2.787,   3.768,   0.800,   0.181,   3.768,   0.800,   3.768,   0.900,   3.868
202606162306,   2.901,   3.860,9999.000,9999.000,9999.000,9999.000,9999.000,9999.000,9999.000
202606162312,   3.012,   3.958,9999.000,9999.000,9999.000,9999.000,9999.000,9999.000,9999.000
202606162318,   3.120,   4.119,9999.000,9999.000,9999.000,9999.000,9999.000,9999.000,9999.000
202606162324,   3.225,   4.208,9999.000,9999.000,9999.000,9999.000,9999.000,9999.000,9999.000
202606162330,   3.327,   4.319,9999.000,9999.000,9999.000,9999.000,9999.000,9999.000,9999.000
202606162336,   3.425,   4.427,9999.000,9999.000,9999.000,9999.000,9999.000,9999.000,9999.000
202606162342,   3.519,   4.529,9999.000,9999.000,9999.000,9999.000,9999.000,9999.000,9999.000
202606162348,   3.609,   4.628,9999.000,9999.000,9999.000,9999.000,9999.000,9999.000,9999.000
202606162354,   3.694,   4.719,9999.000,9999.000,9999.000,9999.000,9999.000,9999.000,9999.000
202606170000,   3.774,   4.798,   0.800,   0.224,   4.798,   0.800,   4.798,   0.900,   4.898
202606170006,   3.849,   4.837,9999.000,9999.000,9999.000,9999.000,9999.000,9999.000,9999.000
202606170012,   3.919,   4.919,9999.000,9999.000,9999.000,9999.000,9999.000,9999.000,9999.000
202606170018,   3.984,   4.949,9999.000,9999.000,9999.000,9999.000,9999.000,9999.000,9999.000
202606170024,   4.043,   4.969,9999.000,9999.000,9999.000,9999.000,9999.000,9999.000,9999.000
202606170030,   4.096,   4.998,9999.000,9999.000,9999.000,9999.000,9999.000,9999.000,9999.000
202606170036,   4.144,   5.038,9999.000,9999.000,9999.000,9999.000,9999.000,9999.000,9999.000
202606170042,   4.187,   5.067,9999.000,9999.000,9999.000,9999.000,9999.000,9999.000,9999.000
202606170048,   4.224,   5.067,9999.000,9999.000,9999.000,9999.000,9999.000,9999.000,9999.000
202606170054,   4.255,   5.139,9999.000,9999.000,9999.000,9999.000,9999.000,9999.000,9999.000
202606170100,   4.281,   5.149,   0.800,   0.068,   5.149,   0.800,   5.149,   0.900,   5.249
202606170106,   4.301,   5.149,9999.000,9999.000,9999.000,9999.000,9999.000,9999.000,9999.000
202606170112,   4.316,   5.139,9999.000,9999.000,9999.000,9999.000,9999.000,9999.000,9999.000
202606170118,   4.325,   5.120,9999.000,9999.000,9999.000,9999.000,9999.000,9999.000,9999.000
202606170124,   4.330,   5.097,9999.000,9999.000,9999.000,9999.000,9999.000,9999.000,9999.000
202606170130,   4.329,   5.120,9999.000,9999.000,9999.000,9999.000,9999.000,9999.000,9999.000
202606170136,   4.323,   5.129,9999.000,9999.000,9999.000,9999.000,9999.000,9999.000,9999.000
202606170142,   4.312,   5.110,9999.000,9999.000,9999.000,9999.000,9999.000,9999.000,9999.000
202606170148,   4.296,   5.129,9999.000,9999.000,9999.000,9999.000,9999.000,9999.000,9999.000
202606170154,   4.275,   5.129,9999.000,9999.000,9999.000,9999.000,9999.000,9999.000,9999.000
202606170200,   4.249,   5.077,   0.800,   0.028,   5.077,   0.800,   5.077,   0.900,   5.177
202606170206,   4.219,   5.129,9999.000,9999.000,9999.000,9999.000,9999.000,9999.000,9999.000
202606170212,   4.184,   4.998,9999.000,9999.000,9999.000,9999.000,9999.000,9999.000,9999.000
202606170218,   4.145,   4.969,9999.000,9999.000,9999.000,9999.000,9999.000,9999.000,9999.000
202606170224,   4.101,   4.837,9999.000,9999.000,9999.000,9999.000,9999.000,9999.000,9999.000
202606170230,   4.052,   4.828,9999.000,9999.000,9999.000,9999.000,9999.000,9999.000,9999.000
202606170236,   4.000,   4.867,9999.000,9999.000,9999.000,9999.000,9999.000,9999.000,9999.000
202606170242,   3.943,   4.818,9999.000,9999.000,9999.000,9999.000,9999.000,9999.000,9999.000
202606170248,   3.881,   4.759,9999.000,9999.000,9999.000,9999.000,9999.000,9999.000,9999.000
202606170254,   3.816,   4.739,9999.000,9999.000,9999.000,9999.000,9999.000,9999.000,9999.000
202606170300,   3.746,   4.677,   0.800,   0.131,   4.677,   0.700,   4.577,   0.800,   4.677
202606170306,   3.673,   4.710,9999.000,9999.000,9999.000,9999.000,9999.000,9999.000,9999.000
202606170312,   3.595,   4.647,9999.000,9999.000,9999.000,9999.000,9999.000,9999.000,9999.000
202606170318,   3.514,   4.529,9999.000,9999.000,9999.000,9999.000,9999.000,9999.000,9999.000
202606170324,   3.428,   4.480,9999.000,9999.000,9999.000,9999.000,9999.000,9999.000,9999.000
202606170330,   3.339,   4.319,9999.000,9999.000,9999.000,9999.000,9999.000,9999.000,9999.000
202606170336,   3.247,   4.178,9999.000,9999.000,9999.000,9999.000,9999.000,9999.000,9999.000
202606170342,   3.150,   4.139,9999.000,9999.000,9999.000,9999.000,9999.000,9999.000,9999.000
202606170348,   3.051,   3.968,9999.000,9999.000,9999.000,9999.000,9999.000,9999.000,9999.000
202606170354,   2.948,   3.919,9999.000,9999.000,9999.000,9999.000,9999.000,9999.000,9999.000
202606170400,   2.843,   3.837,   0.800,   0.194,   3.837,   0.700,   3.737,   0.900,   3.937
202606170406,   2.734,   3.729,9999.000,9999.000,9999.000,9999.000,9999.000,9999.000,9999.000
202606170412,   2.623,   3.558,9999.000,9999.000,9999.000,9999.000,9999.000,9999.000,9999.000
202606170418,   2.510,   3.427,9999.000,9999.000,9999.000,9999.000,9999.000,9999.000,9999.000
202606170424,   2.394,   3.309,9999.000,9999.000,9999.000,9999.000,9999.000,9999.000,9999.000
202606170430,   2.277,   3.260,9999.000,9999.000,9999.000,9999.000,9999.000,9999.000,9999.000
202606170436,   2.159,   3.109,9999.000,9999.000,9999.000,9999.000,9999.000,9999.000,9999.000
202606170442,   2.039,   2.978,9999.000,9999.000,9999.000,9999.000,9999.000,9999.000,9999.000
202606170448,   1.918,   2.899,9999.000,9999.000,9999.000,9999.000,9999.000,9999.000,9999.000
202606170454,   1.797,   2.758,9999.000,9999.000,9999.000,9999.000,9999.000,9999.000,9999.000
202606170500,   1.676,   2.610,   0.800,   0.134,   2.610,   0.700,   2.510,   0.800,   2.610
202606170506,   1.555,   2.548,9999.000,9999.000,9999.000,9999.000,9999.000,9999.000,9999.000
202606170512,   1.434,   2.410,9999.000,9999.000,9999.000,9999.000,9999.000,9999.000,9999.000
202606170518,   1.315,   2.250,9999.000,9999.000,9999.000,9999.000,9999.000,9999.000,9999.000
202606170524,   1.197,   2.128,9999.000,9999.000,9999.000,9999.000,9999.000,9999.000,9999.000
202606170530,   1.081,   1.948,9999.000,9999.000,9999.000,9999.000,9999.000,9999.000,9999.000
202606170536,   0.967,   1.859,9999.000,9999.000,9999.000,9999.000,9999.000,9999.000,9999.000
202606170542,   0.855,   1.790,9999.000,9999.000,9999.000,9999.000,9999.000,9999.000,9999.000
202606170548,   0.747,   1.679,9999.000,9999.000,9999.000,9999.000,9999.000,9999.000,9999.000
202606170554,   0.642,   1.557,9999.000,9999.000,9999.000,9999.000,9999.000,9999.000,9999.000
202606170600,   0.540,   1.449,   0.800,   0.109,   1.449,   0.700,   1.349,   0.800,   1.449
202606170606,   0.442,   1.361,9999.000,9999.000,9999.000,9999.000,9999.000,9999.000,9999.000
202606170612,   0.349,   1.249,9999.000,9999.000,9999.000,9999.000,9999.000,9999.000,9999.000
202606170618,   0.260,   1.239,9999.000,9999.000,9999.000,9999.000,9999.000,9999.000,9999.000
202606170624,   0.175,   1.128,9999.000,9999.000,9999.000,9999.000,9999.000,9999.000,9999.000
202606170630,   0.096,   1.029,9999.000,9999.000,9999.000,9999.000,9999.000,9999.000,9999.000
202606170636,   0.022,   0.961,9999.000,9999.000,9999.000,9999.000,9999.000,9999.000,9999.000
202606170642,  -0.047,   0.888,9999.000,9999.000,9999.000,9999.000,9999.000,9999.000,9999.000
202606170648,  -0.110,   0.790,9999.000,9999.000,9999.000,9999.000,9999.000,9999.000,9999.000
202606170654,  -0.169,   0.751,9999.000,9999.000,9999.000,9999.000,9999.000,9999.000,9999.000
202606170700,  -0.222,   0.669,   0.800,   0.091,   0.669,   0.700,   0.569,   0.800,   0.669
202606170706,  -0.269,   0.610,9999.000,9999.000,9999.000,9999.000,9999.000,9999.000,9999.000
202606170712,  -0.311,   0.590,9999.000,9999.000,9999.000,9999.000,9999.000,9999.000,9999.000
202606170718,  -0.348,   0.610,9999.000,9999.000,9999.000,9999.000,9999.000,9999.000,9999.000
202606170724,  -0.379,   0.570,9999.000,9999.000,9999.000,9999.000,9999.000,9999.000,9999.000
202606170730,  -0.405,   0.551,9999.000,9999.000,9999.000,9999.000,9999.000,9999.000,9999.000
202606170736,  -0.426,   0.508,9999.000,9999.000,9999.000,9999.000,9999.000,9999.000,9999.000
202606170742,  -0.442,   0.531,9999.000,9999.000,9999.000,9999.000,9999.000,9999.000,9999.000
202606170748,  -0.452,   0.498,9999.000,9999.000,9999.000,9999.000,9999.000,9999.000,9999.000
202606170754,  -0.458,   0.531,9999.000,9999.000,9999.000,9999.000,9999.000,9999.000,9999.000
202606170800,  -0.459,   0.498,   0.800,   0.157,   0.498,   0.700,   0.398,   0.800,   0.498
202606170806,  -0.455,   0.508,9999.000,9999.000,9999.000,9999.000,9999.000,9999.000,9999.000
202606170812,  -0.447,   0.531,9999.000,9999.000,9999.000,9999.000,9999.000,9999.000,9999.000
202606170818,  -0.434,   0.518,9999.000,9999.000,9999.000,9999.000,9999.000,9999.000,9999.000
202606170824,  -0.416,   0.560,9999.000,9999.000,9999.000,9999.000,9999.000,9999.000,9999.000
202606170830,  -0.395,   0.551,9999.000,9999.000,9999.000,9999.000,9999.000,9999.000,9999.000
202606170836,  -0.369,   0.551,9999.000,9999.000,9999.000,9999.000,9999.000,9999.000,9999.000
202606170842,  -0.339,   0.639,9999.000,9999.000,9999.000,9999.000,9999.000,9999.000,9999.000
202606170848,  -0.305,   0.678,9999.000,9999.000,9999.000,9999.000,9999.000,9999.000,9999.000
202606170854,  -0.267,   0.639,9999.000,9999.000,9999.000,9999.000,9999.000,9999.000,9999.000
202606170900,  -0.225,   0.698,   0.800,   0.123,   0.698,   0.700,   0.598,   0.800,   0.698
202606170906,  -0.179,   0.708,9999.000,9999.000,9999.000,9999.000,9999.000,9999.000,9999.000
202606170912,  -0.129,   0.751,9999.000,9999.000,9999.000,9999.000,9999.000,9999.000,9999.000
202606170918,  -0.076,   0.819,9999.000,9999.000,9999.000,9999.000,9999.000,9999.000,9999.000
202606170924,  -0.018,   0.819,9999.000,9999.000,9999.000,9999.000,9999.000,9999.000,9999.000
202606170930,   0.043,   0.859,9999.000,9999.000,9999.000,9999.000,9999.000,9999.000,9999.000
202606170936,   0.108,   0.918,9999.000,9999.000,9999.000,9999.000,9999.000,9999.000,9999.000
202606170942,   0.178,   1.020,9999.000,9999.000,9999.000,9999.000,9999.000,9999.000,9999.000
202606170948,   0.250,   1.088,9999.000,9999.000,9999.000,9999.000,9999.000,9999.000,9999.000
202606170954,   0.327,   1.151,9999.000,9999.000,9999.000,9999.000,9999.000,9999.000,9999.000
202606171000,   0.407,   1.200,   0.800,  -0.007,   1.200,   0.700,   1.100,   0.800,   1.200
202606171006,   0.490,   1.308,9999.000,9999.000,9999.000,9999.000,9999.000,9999.000,9999.000
202606171012,   0.576,   1.439,9999.000,9999.000,9999.000,9999.000,9999.000,9999.000,9999.000
202606171018,   0.666,   1.449,9999.000,9999.000,9999.000,9999.000,9999.000,9999.000,9999.000
202606171024,   0.758,   1.518,9999.000,9999.000,9999.000,9999.000,9999.000,9999.000,9999.000
202606171030,   0.852,   1.689,9999.000,9999.000,9999.000,9999.000,9999.000,9999.000,9999.000
202606171036,   0.949,   1.728,9999.000,9999.000,9999.000,9999.000,9999.000,9999.000,9999.000
202606171042,   1.048,   1.879,9999.000,9999.000,9999.000,9999.000,9999.000,9999.000,9999.000
202606171048,   1.148,   1.990,9999.000,9999.000,9999.000,9999.000,9999.000,9999.000,9999.000
202606171054,   1.250,   2.118,9999.000,9999.000,9999.000,9999.000,9999.000,9999.000,9999.000
202606171100,   1.352,   2.158,   0.700,   0.106,   2.158,   0.700,   2.158,   0.800,   2.258
202606171106,   1.455,   2.309,9999.000,9999.000,9999.000,9999.000,9999.000,9999.000,9999.000
202606171112,   1.558,   2.459,9999.000,9999.000,9999.000,9999.000,9999.000,9999.000,9999.000
202606171118,   1.661,   2.587,9999.000,9999.000,9999.000,9999.000,9999.000,9999.000,9999.000
202606171124,   1.763,   2.689,9999.000,9999.000,9999.000,9999.000,9999.000,9999.000,9999.000
202606171130,   1.864,   2.787,9999.000,9999.000,9999.000,9999.000,9999.000,9999.000,9999.000
202606171136,   1.963,   2.938,9999.000,9999.000,9999.000,9999.000,9999.000,9999.000,9999.000
202606171142,   2.061,   2.997,9999.000,9999.000,9999.000,9999.000,9999.000,9999.000,9999.000
202606171148,   2.156,   3.040,9999.000,9999.000,9999.000,9999.000,9999.000,9999.000,9999.000
202606171154,   2.249,   3.148,9999.000,9999.000,9999.000,9999.000,9999.000,9999.000,9999.000
202606171200,   2.338,   3.279,   0.700,   0.241,   3.279,   0.700,   3.279,   0.700,   3.279
202606171206,   2.425,   3.339,9999.000,9999.000,9999.000,9999.000,9999.000,9999.000,9999.000
202606171212,   2.508,   3.368,9999.000,9999.000,9999.000,9999.000,9999.000,9999.000,9999.000
202606171218,   2.587,   3.470,9999.000,9999.000,9999.000,9999.000,9999.000,9999.000,9999.000
202606171224,   2.663,   3.499,9999.000,9999.000,9999.000,9999.000,9999.000,9999.000,9999.000
202606171230,   2.734,   3.509,9999.000,9999.000,9999.000,9999.000,9999.000,9999.000,9999.000
202606171236,   2.800,   3.617,9999.000,9999.000,9999.000,9999.000,9999.000,9999.000,9999.000
202606171242,   2.863,   3.680,9999.000,9999.000,9999.000,9999.000,9999.000,9999.000,9999.000
202606171248,   2.920,   3.749,9999.000,9999.000,9999.000,9999.000,9999.000,9999.000,9999.000
202606171254,   2.973,   3.739,9999.000,9999.000,9999.000,9999.000,9999.000,9999.000,9999.000
202606171300,   3.021,   3.798,   0.700,   0.077,   3.798,   0.700,   3.798,   0.700,   3.798
202606171306,   3.065,   3.798,9999.000,9999.000,9999.000,9999.000,9999.000,9999.000,9999.000
202606171312,   3.104,   3.808,9999.000,9999.000,9999.000,9999.000,9999.000,9999.000,9999.000
202606171318,   3.138,   3.899,9999.000,9999.000,9999.000,9999.000,9999.000,9999.000,9999.000
202606171324,   3.167,   3.890,9999.000,9999.000,9999.000,9999.000,9999.000,9999.000,9999.000
202606171330,   3.191,   3.899,9999.000,9999.000,9999.000,9999.000,9999.000,9999.000,9999.000
202606171336,   3.211,   3.939,9999.000,9999.000,9999.000,9999.000,9999.000,9999.000,9999.000
202606171342,   3.227,   3.939,9999.000,9999.000,9999.000,9999.000,9999.000,9999.000,9999.000
202606171348,   3.238,   3.978,9999.000,9999.000,9999.000,9999.000,9999.000,9999.000,9999.000
202606171354,   3.244,   4.027,9999.000,9999.000,9999.000,9999.000,9999.000,9999.000,9999.000
202606171400,   3.246,   4.057,   0.700,   0.111,   4.057,   0.600,   3.957,   0.700,   4.057
202606171406,   3.244,   4.027,9999.000,9999.000,9999.000,9999.000,9999.000,9999.000,9999.000
202606171412,   3.237,   4.027,9999.000,9999.000,9999.000,9999.000,9999.000,9999.000,9999.000
202606171418,   3.226,   4.099,9999.000,9999.000,9999.000,9999.000,9999.000,9999.000,9999.000
202606171424,   3.212,   4.070,9999.000,9999.000,9999.000,9999.000,9999.000,9999.000,9999.000
202606171430,   3.193,   4.027,9999.000,9999.000,9999.000,9999.000,9999.000,9999.000,9999.000
202606171436,   3.170,   3.909,9999.000,9999.000,9999.000,9999.000,9999.000,9999.000,9999.000
202606171442,   3.143,   3.939,9999.000,9999.000,9999.000,9999.000,9999.000,9999.000,9999.000
202606171448,   3.112,   3.998,9999.000,9999.000,9999.000,9999.000,9999.000,9999.000,9999.000
202606171454,   3.077,   3.968,9999.000,9999.000,9999.000,9999.000,9999.000,9999.000,9999.000
202606171500,   3.038,   3.949,   0.700,   0.211,   3.949,   0.700,   3.949,   0.700,   3.949
202606171506,   2.995,   3.847,9999.000,9999.000,9999.000,9999.000,9999.000,9999.000,9999.000
202606171512,   2.949,   3.788,9999.000,9999.000,9999.000,9999.000,9999.000,9999.000,9999.000
202606171518,   2.899,   3.778,9999.000,9999.000,9999.000,9999.000,9999.000,9999.000,9999.000
202606171524,   2.845,   3.689,9999.000,9999.000,9999.000,9999.000,9999.000,9999.000,9999.000
202606171530,   2.787,   3.650,9999.000,9999.000,9999.000,9999.000,9999.000,9999.000,9999.000
202606171536,   2.726,   3.598,9999.000,9999.000,9999.000,9999.000,9999.000,9999.000,9999.000
202606171542,   2.661,   3.519,9999.000,9999.000,9999.000,9999.000,9999.000,9999.000,9999.000
202606171548,   2.593,   3.440,9999.000,9999.000,9999.000,9999.000,9999.000,9999.000,9999.000
202606171554,   2.522,   3.299,9999.000,9999.000,9999.000,9999.000,9999.000,9999.000,9999.000
202606171600,   2.447,   3.230,   0.700,   0.083,   3.230,   0.700,   3.230,   0.700,   3.230
202606171606,   2.369,   3.148,9999.000,9999.000,9999.000,9999.000,9999.000,9999.000,9999.000
202606171612,   2.288,   3.060,9999.000,9999.000,9999.000,9999.000,9999.000,9999.000,9999.000
202606171618,   2.204,   3.017,9999.000,9999.000,9999.000,9999.000,9999.000,9999.000,9999.000
202606171624,   2.118,   2.997,9999.000,9999.000,9999.000,9999.000,9999.000,9999.000,9999.000
202606171630,   2.029,   2.899,9999.000,9999.000,9999.000,9999.000,9999.000,9999.000,9999.000
202606171636,   1.938,   2.768,9999.000,9999.000,9999.000,9999.000,9999.000,9999.000,9999.000
202606171642,   1.845,   2.679,9999.000,9999.000,9999.000,9999.000,9999.000,9999.000,9999.000
202606171648,   1.751,   2.538,9999.000,9999.000,9999.000,9999.000,9999.000,9999.000,9999.000
202606171654,   1.655,   2.410,9999.000,9999.000,9999.000,9999.000,9999.000,9999.000,9999.000
202606171700,   1.558,   2.309,   0.700,   0.051,   2.309,   0.600,   2.209,   0.700,   2.309
202606171706,   1.460,   2.250,9999.000,9999.000,9999.000,9999.000,9999.000,9999.000,9999.000
202606171712,   1.361,   2.118,9999.000,9999.000,9999.000,9999.000,9999.000,9999.000,9999.000
202606171718,   1.263,   1.990,9999.000,9999.000,9999.000,9999.000,9999.000,9999.000,9999.000
202606171724,   1.165,   1.899,9999.000,9999.000,9999.000,9999.000,9999.000,9999.000,9999.000
202606171730,   1.067,   1.790,9999.000,9999.000,9999.000,9999.000,9999.000,9999.000,9999.000
202606171736,   0.970,   1.728,9999.000,9999.000,9999.000,9999.000,9999.000,9999.000,9999.000
202606171742,   0.875,   1.620,9999.000,9999.000,9999.000,9999.000,9999.000,9999.000,9999.000
202606171748,   0.781,   1.508,9999.000,9999.000,9999.000,9999.000,9999.000,9999.000,9999.000
202606171754,   0.690,   1.469,9999.000,9999.000,9999.000,9999.000,9999.000,9999.000,9999.000
202606171800,   0.600,   1.298,   0.700,  -0.002,   1.298,   0.700,   1.298,   0.700,   1.298
202606171806,   0.514,   1.220,9999.000,9999.000,9999.000,9999.000,9999.000,9999.000,9999.000
202606171812,   0.431,   1.128,9999.000,9999.000,9999.000,9999.000,9999.000,9999.000,9999.000
202606171818,   0.351,   1.069,9999.000,9999.000,9999.000,9999.000,9999.000,9999.000,9999.000
202606171824,   0.275,   1.020,9999.000,9999.000,9999.000,9999.000,9999.000,9999.000,9999.000
202606171830,   0.203,   0.928,9999.000,9999.000,9999.000,9999.000,9999.000,9999.000,9999.000
202606171836,   0.135,   0.918,9999.000,9999.000,9999.000,9999.000,9999.000,9999.000,9999.000
202606171842,   0.071,   0.869,9999.000,9999.000,9999.000,9999.000,9999.000,9999.000,9999.000
202606171848,   0.012,   0.819,9999.000,9999.000,9999.000,9999.000,9999.000,9999.000,9999.000
202606171854,  -0.041,   0.770,9999.000,9999.000,9999.000,9999.000,9999.000,9999.000,9999.000
202606171900,  -0.089,   0.678,   0.700,   0.067,   0.678,   0.600,   0.578,   0.700,   0.678
202606171906,  -0.133,   0.619,9999.000,9999.000,9999.000,9999.000,9999.000,9999.000,9999.000
202606171912,  -0.172,   0.580,9999.000,9999.000,9999.000,9999.000,9999.000,9999.000,9999.000
202606171918,  -0.205,   0.551,9999.000,9999.000,9999.000,9999.000,9999.000,9999.000,9999.000
202606171924,  -0.234,   0.551,9999.000,9999.000,9999.000,9999.000,9999.000,9999.000,9999.000
202606171930,  -0.256,   0.541,9999.000,9999.000,9999.000,9999.000,9999.000,9999.000,9999.000
202606171936,  -0.274,   0.580,9999.000,9999.000,9999.000,9999.000,9999.000,9999.000,9999.000
202606171942,  -0.287,   0.590,9999.000,9999.000,9999.000,9999.000,9999.000,9999.000,9999.000
202606171948,  -0.294,   0.570,9999.000,9999.000,9999.000,9999.000,9999.000,9999.000,9999.000
202606171954,  -0.296,   0.541,9999.000,9999.000,9999.000,9999.000,9999.000,9999.000,9999.000
202606172000,  -0.294,   0.488,   0.700,   0.082,   0.488,   0.600,   0.388,   0.700,   0.488
202606172006,  -0.286,   0.429,9999.000,9999.000,9999.000,9999.000,9999.000,9999.000,9999.000
202606172012,  -0.274,   0.469,9999.000,9999.000,9999.000,9999.000,9999.000,9999.000,9999.000
202606172018,  -0.257,   0.449,9999.000,9999.000,9999.000,9999.000,9999.000,9999.000,9999.000
202606172024,  -0.236,   0.488,9999.000,9999.000,9999.000,9999.000,9999.000,9999.000,9999.000
202606172030,  -0.210,   0.551,9999.000,9999.000,9999.000,9999.000,9999.000,9999.000,9999.000
202606172036,  -0.180,   0.560,9999.000,9999.000,9999.000,9999.000,9999.000,9999.000,9999.000
202606172042,  -0.146,   0.590,9999.000,9999.000,9999.000,9999.000,9999.000,9999.000,9999.000
202606172048,  -0.108,   0.688,9999.000,9999.000,9999.000,9999.000,9999.000,9999.000,9999.000
202606172054,  -0.066,   0.731,9999.000,9999.000,9999.000,9999.000,9999.000,9999.000,9999.000
202606172100,  -0.019,   0.669,   0.700,  -0.012,   0.669,   0.600,   0.569,   0.700,   0.669
202606172106,   0.030,   0.731,9999.000,9999.000,9999.000,9999.000,9999.000,9999.000,9999.000
202606172112,   0.084,   0.780,9999.000,9999.000,9999.000,9999.000,9999.000,9999.000,9999.000
202606172118,   0.141,   0.760,9999.000,9999.000,9999.000,9999.000,9999.000,9999.000,9999.000
202606172124,   0.203,   0.839,9999.000,9999.000,9999.000,9999.000,9999.000,9999.000,9999.000
202606172130,   0.268,   0.970,9999.000,9999.000,9999.000,9999.000,9999.000,9999.000,9999.000
202606172136,   0.337,   1.020,9999.000,9999.000,9999.000,9999.000,9999.000,9999.000,9999.000
202606172142,   0.409,   1.059,9999.000,9999.000,9999.000,9999.000,9999.000,9999.000,9999.000
202606172148,   0.485,   1.161,9999.000,9999.000,9999.000,9999.000,9999.000,9999.000,9999.000
202606172154,   0.565,   1.259,9999.000,9999.000,9999.000,9999.000,9999.000,9999.000,9999.000
202606172200,   0.648,   1.390,   0.700,   0.042,   1.390,   0.600,   1.290,   0.700,   1.390
202606172206,   0.734,   1.498,9999.000,9999.000,9999.000,9999.000,9999.000,9999.000,9999.000
202606172212,   0.824,   1.571,9999.000,9999.000,9999.000,9999.000,9999.000,9999.000,9999.000
202606172218,   0.917,   1.639,9999.000,9999.000,9999.000,9999.000,9999.000,9999.000,9999.000
202606172224,   1.013,   1.781,9999.000,9999.000,9999.000,9999.000,9999.000,9999.000,9999.000
202606172230,   1.112,   1.820,9999.000,9999.000,9999.000,9999.000,9999.000,9999.000,9999.000
202606172236,   1.214,   1.869,9999.000,9999.000,9999.000,9999.000,9999.000,9999.000,9999.000
202606172242,   1.319,   2.010,9999.000,9999.000,9999.000,9999.000,9999.000,9999.000,9999.000
202606172248,   1.425,   2.177,9999.000,9999.000,9999.000,9999.000,9999.000,9999.000,9999.000
202606172254,   1.534,   2.328,9999.000,9999.000,9999.000,9999.000,9999.000,9999.000,9999.000
202606172300,   1.644,   2.469,   0.700,   0.125,   2.469,   0.600,   2.369,   0.700,   2.469
202606172306,   1.756,   2.538,9999.000,9999.000,9999.000,9999.000,9999.000,9999.000,9999.000
202606172312,   1.869,   2.630,9999.000,9999.000,9999.000,9999.000,9999.000,9999.000,9999.000
202606172318,   1.983,   2.689,9999.000,9999.000,9999.000,9999.000,9999.000,9999.000,9999.000
202606172324,   2.097,   2.840,9999.000,9999.000,9999.000,9999.000,9999.000,9999.000,9999.000
202606172330,   2.211,   3.017,9999.000,9999.000,9999.000,9999.000,9999.000,9999.000,9999.000
202606172336,   2.325,   3.197,9999.000,9999.000,9999.000,9999.000,9999.000,9999.000,9999.000
202606172342,   2.438,   3.299,9999.000,9999.000,9999.000,9999.000,9999.000,9999.000,9999.000
202606172348,   2.549,   3.388,9999.000,9999.000,9999.000,9999.000,9999.000,9999.000,9999.000
202606172354,   2.659,   3.519,9999.000,9999.000,9999.000,9999.000,9999.000,9999.000,9999.000
202606180000,   2.767,   3.637,   0.700,   0.170,   3.637,   0.600,   3.537,   0.700,   3.637
202606180006,   2.873,   3.709,9999.000,9999.000,9999.000,9999.000,9999.000,9999.000,9999.000
202606180012,   2.975,   3.798,9999.000,9999.000,9999.000,9999.000,9999.000,9999.000,9999.000
202606180018,   3.075,   3.958,9999.000,9999.000,9999.000,9999.000,9999.000,9999.000,9999.000
202606180024,   3.171,   4.017,9999.000,9999.000,9999.000,9999.000,9999.000,9999.000,9999.000
202606180030,   3.264,   4.139,9999.000,9999.000,9999.000,9999.000,9999.000,9999.000,9999.000
202606180036,   3.353,   4.257,9999.000,9999.000,9999.000,9999.000,9999.000,9999.000,9999.000
202606180042,   3.437,   4.319,9999.000,9999.000,9999.000,9999.000,9999.000,9999.000,9999.000
202606180048,   3.517,   4.408,9999.000,9999.000,9999.000,9999.000,9999.000,9999.000,9999.000
202606180054,   3.592,   4.490,9999.000,9999.000,9999.000,9999.000,9999.000,9999.000,9999.000
202606180100,   3.663,   4.549,   0.700,   0.186,   4.549,   0.600,   4.449,   0.700,   4.549
202606180106,   3.728,   4.588,9999.000,9999.000,9999.000,9999.000,9999.000,9999.000,9999.000
202606180112,   3.789,   4.677,9999.000,9999.000,9999.000,9999.000,9999.000,9999.000,9999.000
202606180118,   3.844,   4.710,9999.000,9999.000,9999.000,9999.000,9999.000,9999.000,9999.000
202606180124,   3.895,   4.710,9999.000,9999.000,9999.000,9999.000,9999.000,9999.000,9999.000
202606180130,   3.940,   4.719,9999.000,9999.000,9999.000,9999.000,9999.000,9999.000,9999.000
202606180136,   3.980,   4.778,9999.000,9999.000,9999.000,9999.000,9999.000,9999.000,9999.000
202606180142,   4.015,   4.828,9999.000,9999.000,9999.000,9999.000,9999.000,9999.000,9999.000
202606180148,   4.045,   4.798,9999.000,9999.000,9999.000,9999.000,9999.000,9999.000,9999.000
202606180154,   4.070,   4.828,9999.000,9999.000,9999.000,9999.000,9999.000,9999.000,9999.000
202606180200,   4.090,   4.818,   0.600,   0.128,   4.818,   0.600,   4.818,   0.600,   4.818
202606180206,   4.104,   4.847,9999.000,9999.000,9999.000,9999.000,9999.000,9999.000,9999.000
202606180212,   4.114,   4.857,9999.000,9999.000,9999.000,9999.000,9999.000,9999.000,9999.000
202606180218,   4.119,   4.919,9999.000,9999.000,9999.000,9999.000,9999.000,9999.000,9999.000
202606180224,   4.120,   4.887,9999.000,9999.000,9999.000,9999.000,9999.000,9999.000,9999.000
202606180230,   4.115,   4.887,9999.000,9999.000,9999.000,9999.000,9999.000,9999.000,9999.000
202606180236,   4.106,   4.837,9999.000,9999.000,9999.000,9999.000,9999.000,9999.000,9999.000
202606180242,   4.092,   4.857,9999.000,9999.000,9999.000,9999.000,9999.000,9999.000,9999.000
202606180248,   4.074,   4.798,9999.000,9999.000,9999.000,9999.000,9999.000,9999.000,9999.000
202606180254,   4.051,   4.798,9999.000,9999.000,9999.000,9999.000,9999.000,9999.000,9999.000
202606180300,   4.023,   4.828,   0.600,   0.205,   4.828,   0.600,   4.828,   0.600,   4.828
202606180306,   3.991,   4.788,9999.000,9999.000,9999.000,9999.000,9999.000,9999.000,9999.000
202606180312,   3.955,   4.739,9999.000,9999.000,9999.000,9999.000,9999.000,9999.000,9999.000
202606180318,   3.914,   4.769,9999.000,9999.000,9999.000,9999.000,9999.000,9999.000,9999.000
202606180324,   3.869,   4.719,9999.000,9999.000,9999.000,9999.000,9999.000,9999.000,9999.000
202606180330,   3.820,   4.628,9999.000,9999.000,9999.000,9999.000,9999.000,9999.000,9999.000
202606180336,   3.766,   4.608,9999.000,9999.000,9999.000,9999.000,9999.000,9999.000,9999.000
202606180342,   3.708,   4.569,9999.000,9999.000,9999.000,9999.000,9999.000,9999.000,9999.000
202606180348,   3.646,   4.509,9999.000,9999.000,9999.000,9999.000,9999.000,9999.000,9999.000
202606180354,   3.579,   4.408,9999.000,9999.000,9999.000,9999.000,9999.000,9999.000,9999.000
202606180400,   3.509,   4.319,   0.600,   0.210,   4.319,   0.500,   4.219,   0.600,   4.319
202606180406,   3.434,   4.267,9999.000,9999.000,9999.000,9999.000,9999.000,9999.000,9999.000
202606180412,   3.356,   4.218,9999.000,9999.000,9999.000,9999.000,9999.000,9999.000,9999.000
202606180418,   3.274,   4.159,9999.000,9999.000,9999.000,9999.000,9999.000,9999.000,9999.000
202606180424,   3.188,   4.119,9999.000,9999.000,9999.000,9999.000,9999.000,9999.000,9999.000
202606180430,   3.099,   3.998,9999.000,9999.000,9999.000,9999.000,9999.000,9999.000,9999.000
202606180436,   3.006,   3.899,9999.000,9999.000,9999.000,9999.000,9999.000,9999.000,9999.000
202606180442,   2.911,   3.778,9999.000,9999.000,9999.000,9999.000,9999.000,9999.000,9999.000
202606180448,   2.812,   3.680,9999.000,9999.000,9999.000,9999.000,9999.000,9999.000,9999.000
202606180454,   2.710,   3.558,9999.000,9999.000,9999.000,9999.000,9999.000,9999.000,9999.000
202606180500,   2.606,   3.470,   0.600,   0.264,   3.470,   0.500,   3.370,   0.600,   3.470
202606180506,   2.500,   3.378,9999.000,9999.000,9999.000,9999.000,9999.000,9999.000,9999.000
202606180512,   2.391,   3.240,9999.000,9999.000,9999.000,9999.000,9999.000,9999.000,9999.000
202606180518,   2.281,   3.119,9999.000,9999.000,9999.000,9999.000,9999.000,9999.000,9999.000
202606180524,   2.170,   3.007,9999.000,9999.000,9999.000,9999.000,9999.000,9999.000,9999.000
202606180530,   2.057,   2.879,9999.000,9999.000,9999.000,9999.000,9999.000,9999.000,9999.000
202606180536,   1.943,   2.797,9999.000,9999.000,9999.000,9999.000,9999.000,9999.000,9999.000
202606180542,   1.829,   2.689,9999.000,9999.000,9999.000,9999.000,9999.000,9999.000,9999.000
202606180548,   1.715,   2.568,9999.000,9999.000,9999.000,9999.000,9999.000,9999.000,9999.000
202606180554,   1.601,   2.459,9999.000,9999.000,9999.000,9999.000,9999.000,9999.000,9999.000
202606180600,   1.488,   2.309,   0.600,   0.221,   2.309,   0.500,   2.209,   0.600,   2.309
202606180606,   1.376,   2.158,9999.000,9999.000,9999.000,9999.000,9999.000,9999.000,9999.000
202606180612,   1.265,   2.069,9999.000,9999.000,9999.000,9999.000,9999.000,9999.000,9999.000
202606180618,   1.155,   2.010,9999.000,9999.000,9999.000,9999.000,9999.000,9999.000,9999.000
202606180624,   1.048,   1.840,9999.000,9999.000,9999.000,9999.000,9999.000,9999.000,9999.000
202606180630,   0.943,   1.679,9999.000,9999.000,9999.000,9999.000,9999.000,9999.000,9999.000
202606180636,   0.840,   1.548,9999.000,9999.000,9999.000,9999.000,9999.000,9999.000,9999.000
202606180642,   0.740,   1.498,9999.000,9999.000,9999.000,9999.000,9999.000,9999.000,9999.000
202606180648,   0.644,   1.410,9999.000,9999.000,9999.000,9999.000,9999.000,9999.000,9999.000
202606180654,   0.551,   1.279,9999.000,9999.000,9999.000,9999.000,9999.000,9999.000,9999.000
202606180700,   0.462,   1.239,   0.600,   0.177,   1.239,   0.500,   1.139,   0.600,   1.239
202606180706,   0.377,   1.151,9999.000,9999.000,9999.000,9999.000,9999.000,9999.000,9999.000
202606180712,   0.295,   0.990,9999.000,9999.000,9999.000,9999.000,9999.000,9999.000,9999.000
202606180718,   0.219,   0.888,9999.000,9999.000,9999.000,9999.000,9999.000,9999.000,9999.000
202606180724,   0.146,   0.849,9999.000,9999.000,9999.000,9999.000,9999.000,9999.000,9999.000
202606180730,   0.079,   0.731,9999.000,9999.000,9999.000,9999.000,9999.000,9999.000,9999.000
202606180736,   0.015,   0.678,9999.000,9999.000,9999.000,9999.000,9999.000,9999.000,9999.000
202606180742,  -0.042,   0.669,9999.000,9999.000,9999.000,9999.000,9999.000,9999.000,9999.000
202606180748,  -0.095,   0.580,9999.000,9999.000,9999.000,9999.000,9999.000,9999.000,9999.000
202606180754,  -0.144,   0.518,9999.000,9999.000,9999.000,9999.000,9999.000,9999.000,9999.000
202606180800,  -0.188,   0.459,   0.500,   0.147,   0.459,   0.500,   0.459,   0.600,   0.559
202606180806,  -0.227,   0.409,9999.000,9999.000,9999.000,9999.000,9999.000,9999.000,9999.000
202606180812,  -0.261,   0.370,9999.000,9999.000,9999.000,9999.000,9999.000,9999.000,9999.000
202606180818,  -0.291,   0.350,9999.000,9999.000,9999.000,9999.000,9999.000,9999.000,9999.000
202606180824,  -0.315,   0.380,9999.000,9999.000,9999.000,9999.000,9999.000,9999.000,9999.000
202606180830,  -0.335,   0.409,9999.000,9999.000,9999.000,9999.000,9999.000,9999.000,9999.000
202606180836,  -0.351,   0.370,9999.000,9999.000,9999.000,9999.000,9999.000,9999.000,9999.000
202606180842,  -0.362,   0.321,9999.000,9999.000,9999.000,9999.000,9999.000,9999.000,9999.000
202606180848,  -0.368,   0.341,9999.000,9999.000,9999.000,9999.000,9999.000,9999.000,9999.000
202606180854,  -0.370,   0.370,9999.000,9999.000,9999.000,9999.000,9999.000,9999.000,9999.000
202606180900,  -0.368,   0.370,   0.500,   0.238,   0.370,   0.500,   0.370,   0.600,   0.470
202606180906,  -0.362,   0.331,9999.000,9999.000,9999.000,9999.000,9999.000,9999.000,9999.000
202606180912,  -0.351,   0.341,9999.000,9999.000,9999.000,9999.000,9999.000,9999.000,9999.000
202606180918,  -0.336,   0.400,9999.000,9999.000,9999.000,9999.000,9999.000,9999.000,9999.000
202606180924,  -0.317,   0.400,9999.000,9999.000,9999.000,9999.000,9999.000,9999.000,9999.000
202606180930,  -0.294,   0.409,9999.000,9999.000,9999.000,9999.000,9999.000,9999.000,9999.000
202606180936,  -0.266,   0.449,9999.000,9999.000,9999.000,9999.000,9999.000,9999.000,9999.000
202606180942,  -0.234,   0.508,9999.000,9999.000,9999.000,9999.000,9999.000,9999.000,9999.000
202606180948,  -0.199,   0.488,9999.000,9999.000,9999.000,9999.000,9999.000,9999.000,9999.000
202606180954,  -0.159,   0.541,9999.000,9999.000,9999.000,9999.000,9999.000,9999.000,9999.000
202606181000,  -0.115,   0.590,   0.500,   0.205,   0.590,   0.500,   0.590,   0.600,   0.690
202606181006,  -0.067,   0.639,9999.000,9999.000,9999.000,9999.000,9999.000,9999.000,9999.000
202606181012,  -0.015,   0.698,9999.000,9999.000,9999.000,9999.000,9999.000,9999.000,9999.000
202606181018,   0.040,   0.708,9999.000,9999.000,9999.000,9999.000,9999.000,9999.000,9999.000
202606181024,   0.100,   0.718,9999.000,9999.000,9999.000,9999.000,9999.000,9999.000,9999.000
202606181030,   0.165,   0.780,9999.000,9999.000,9999.000,9999.000,9999.000,9999.000,9999.000
202606181036,   0.233,   0.839,9999.000,9999.000,9999.000,9999.000,9999.000,9999.000,9999.000
202606181042,   0.305,   0.941,9999.000,9999.000,9999.000,9999.000,9999.000,9999.000,9999.000
202606181048,   0.380,   1.010,9999.000,9999.000,9999.000,9999.000,9999.000,9999.000,9999.000
202606181054,   0.459,   1.059,9999.000,9999.000,9999.000,9999.000,9999.000,9999.000,9999.000
202606181100,   0.542,   1.151,   0.500,   0.109,   1.151,   0.400,   1.051,   0.500,   1.151
202606181106,   0.627,   1.298,9999.000,9999.000,9999.000,9999.000,9999.000,9999.000,9999.000
202606181112,   0.716,   1.400,9999.000,9999.000,9999.000,9999.000,9999.000,9999.000,9999.000
202606181118,   0.807,   1.459,9999.000,9999.000,9999.000,9999.000,9999.000,9999.000,9999.000
202606181124,   0.901,   1.557,9999.000,9999.000,9999.000,9999.000,9999.000,9999.000,9999.000
202606181130,   0.997,   1.649,9999.000,9999.000,9999.000,9999.000,9999.000,9999.000,9999.000
202606181136,   1.094,   1.728,9999.000,9999.000,9999.000,9999.000,9999.000,9999.000,9999.000
202606181142,   1.193,   1.800,9999.000,9999.000,9999.000,9999.000,9999.000,9999.000,9999.000
202606181148,   1.293,   1.928,9999.000,9999.000,9999.000,9999.000,9999.000,9999.000,9999.000
202606181154,   1.394,   2.030,9999.000,9999.000,9999.000,9999.000,9999.000,9999.000,9999.000
202606181200,   1.496,   2.158,   0.400,   0.262,   2.158,   0.400,   2.158,   0.500,   2.258
202606181206,   1.597,   2.230,9999.000,9999.000,9999.000,9999.000,9999.000,9999.000,9999.000
202606181212,   1.698,   2.348,9999.000,9999.000,9999.000,9999.000,9999.000,9999.000,9999.000
202606181218,   1.797,   2.420,9999.000,9999.000,9999.000,9999.000,9999.000,9999.000,9999.000
202606181224,   1.896,   2.538,9999.000,9999.000,9999.000,9999.000,9999.000,9999.000,9999.000
202606181230,   1.993,   2.650,9999.000,9999.000,9999.000,9999.000,9999.000,9999.000,9999.000
202606181236,   2.089,   2.689,9999.000,9999.000,9999.000,9999.000,9999.000,9999.000,9999.000
202606181242,   2.182,   2.797,9999.000,9999.000,9999.000,9999.000,9999.000,9999.000,9999.000
202606181248,   2.272,   2.869,9999.000,9999.000,9999.000,9999.000,9999.000,9999.000,9999.000
202606181254,   2.360,   2.988,9999.000,9999.000,9999.000,9999.000,9999.000,9999.000,9999.000
202606181300,   2.444,   3.109,   0.400,   0.265,   3.109,   0.300,   3.009,   0.500,   3.209
202606181306,   2.525,   3.197,9999.000,9999.000,9999.000,9999.000,9999.000,9999.000,9999.000
202606181312,   2.603,   3.289,9999.000,9999.000,9999.000,9999.000,9999.000,9999.000,9999.000
202606181318,   2.677,   3.398,9999.000,9999.000,9999.000,9999.000,9999.000,9999.000,9999.000
202606181324,   2.746,   3.489,9999.000,9999.000,9999.000,9999.000,9999.000,9999.000,9999.000
202606181330,   2.812,   3.578,9999.000,9999.000,9999.000,9999.000,9999.000,9999.000,9999.000
202606181336,   2.874,   3.598,9999.000,9999.000,9999.000,9999.000,9999.000,9999.000,9999.000
202606181342,   2.931,   3.558,9999.000,9999.000,9999.000,9999.000,9999.000,9999.000,9999.000
202606181348,   2.984,   3.607,9999.000,9999.000,9999.000,9999.000,9999.000,9999.000,9999.000
202606181354,   3.032,   3.739,9999.000,9999.000,9999.000,9999.000,9999.000,9999.000,9999.000
202606181400,   3.077,   3.808,   0.400,   0.331,   3.808,   0.300,   3.708,   0.400,   3.808
202606181406,   3.116,   3.798,9999.000,9999.000,9999.000,9999.000,9999.000,9999.000,9999.000
202606181412,   3.152,   3.768,9999.000,9999.000,9999.000,9999.000,9999.000,9999.000,9999.000
202606181418,   3.183,   3.768,9999.000,9999.000,9999.000,9999.000,9999.000,9999.000,9999.000
202606181424,   3.209,   3.778,9999.000,9999.000,9999.000,9999.000,9999.000,9999.000,9999.000
202606181430,   3.232,   3.749,9999.000,9999.000,9999.000,9999.000,9999.000,9999.000,9999.000
202606181436,   3.250,   3.749,9999.000,9999.000,9999.000,9999.000,9999.000,9999.000,9999.000
202606181442,   3.263,   3.808,9999.000,9999.000,9999.000,9999.000,9999.000,9999.000,9999.000
202606181448,   3.272,   3.817,9999.000,9999.000,9999.000,9999.000,9999.000,9999.000,9999.000
202606181454,   3.278,   3.798,9999.000,9999.000,9999.000,9999.000,9999.000,9999.000,9999.000
202606181500,   3.278,   3.817,   0.300,   0.239,   3.817,   0.300,   3.817,   0.400,   3.917
202606181506,   3.275,   3.749,9999.000,9999.000,9999.000,9999.000,9999.000,9999.000,9999.000
202606181512,   3.268,   3.778,9999.000,9999.000,9999.000,9999.000,9999.000,9999.000,9999.000
202606181518,   3.256,   3.729,9999.000,9999.000,9999.000,9999.000,9999.000,9999.000,9999.000
202606181524,   3.241,   3.699,9999.000,9999.000,9999.000,9999.000,9999.000,9999.000,9999.000
202606181530,   3.221,   3.699,9999.000,9999.000,9999.000,9999.000,9999.000,9999.000,9999.000
202606181536,   3.197,   3.617,9999.000,9999.000,9999.000,9999.000,9999.000,9999.000,9999.000
202606181542,   3.169,   3.598,9999.000,9999.000,9999.000,9999.000,9999.000,9999.000,9999.000
202606181548,   3.137,   3.637,9999.000,9999.000,9999.000,9999.000,9999.000,9999.000,9999.000
202606181554,   3.102,   3.670,9999.000,9999.000,9999.000,9999.000,9999.000,9999.000,9999.000
202606181600,   3.062,   3.607,   0.300,   0.245,   3.607,   0.200,   3.507,   0.400,   3.707
202606181606,   3.018,   3.529,9999.000,9999.000,9999.000,9999.000,9999.000,9999.000,9999.000
202606181612,   2.971,   3.499,9999.000,9999.000,9999.000,9999.000,9999.000,9999.000,9999.000
202606181618,   2.919,   3.440,9999.000,9999.000,9999.000,9999.000,9999.000,9999.000,9999.000
202606181624,   2.864,   3.388,9999.000,9999.000,9999.000,9999.000,9999.000,9999.000,9999.000
202606181630,   2.806,   3.319,9999.000,9999.000,9999.000,9999.000,9999.000,9999.000,9999.000
202606181636,   2.744,   3.240,9999.000,9999.000,9999.000,9999.000,9999.000,9999.000,9999.000
202606181642,   2.678,   3.240,9999.000,9999.000,9999.000,9999.000,9999.000,9999.000,9999.000
202606181648,   2.610,   3.240,9999.000,9999.000,9999.000,9999.000,9999.000,9999.000,9999.000
202606181654,   2.538,   3.197,9999.000,9999.000,9999.000,9999.000,9999.000,9999.000,9999.000
202606181700,   2.463,   3.158,   0.300,   0.395,   3.158,   0.200,   3.058,   0.300,   3.158
202606181706,   2.385,   3.050,9999.000,9999.000,9999.000,9999.000,9999.000,9999.000,9999.000
202606181712,   2.305,   2.938,9999.000,9999.000,9999.000,9999.000,9999.000,9999.000,9999.000
202606181718,   2.222,   2.797,9999.000,9999.000,9999.000,9999.000,9999.000,9999.000,9999.000
202606181724,   2.137,   2.689,9999.000,9999.000,9999.000,9999.000,9999.000,9999.000,9999.000
202606181730,   2.051,   2.610,9999.000,9999.000,9999.000,9999.000,9999.000,9999.000,9999.000
202606181736,   1.962,   2.568,9999.000,9999.000,9999.000,9999.000,9999.000,9999.000,9999.000
202606181742,   1.872,   2.479,9999.000,9999.000,9999.000,9999.000,9999.000,9999.000,9999.000
202606181748,   1.781,   2.338,9999.000,9999.000,9999.000,9999.000,9999.000,9999.000,9999.000
202606181754,   1.689,   2.269,9999.000,9999.000,9999.000,9999.000,9999.000,9999.000,9999.000
202606181800,   1.597,   2.128,   0.300,   0.231,   2.128,   0.300,   2.128,   0.400,   2.228
202606181806,   1.504,   2.010,9999.000,9999.000,9999.000,9999.000,9999.000,9999.000,9999.000
202606181812,   1.411,   1.948,9999.000,9999.000,9999.000,9999.000,9999.000,9999.000,9999.000
202606181818,   1.319,   1.728,9999.000,9999.000,9999.000,9999.000,9999.000,9999.000,9999.000
202606181824,   1.227,   1.659,9999.000,9999.000,9999.000,9999.000,9999.000,9999.000,9999.000
202606181830,   1.136,   1.528,9999.000,9999.000,9999.000,9999.000,9999.000,9999.000,9999.000
202606181836,   1.047,   1.518,9999.000,9999.000,9999.000,9999.000,9999.000,9999.000,9999.000
202606181842,   0.959,   1.439,9999.000,9999.000,9999.000,9999.000,9999.000,9999.000,9999.000
202606181848,   0.873,   1.361,9999.000,9999.000,9999.000,9999.000,9999.000,9999.000,9999.000
202606181854,   0.789,   1.239,9999.000,9999.000,9999.000,9999.000,9999.000,9999.000,9999.000
202606181900,   0.708,   1.200,   0.300,   0.192,   1.200,   0.200,   1.100,   0.400,   1.300
202606181906,   0.630,   1.059,9999.000,9999.000,9999.000,9999.000,9999.000,9999.000,9999.000
202606181912,   0.554,   0.961,9999.000,9999.000,9999.000,9999.000,9999.000,9999.000,9999.000
202606181918,   0.482,   0.879,9999.000,9999.000,9999.000,9999.000,9999.000,9999.000,9999.000
202606181924,   0.413,   0.849,9999.000,9999.000,9999.000,9999.000,9999.000,9999.000,9999.000
202606181930,   0.348,   0.770,9999.000,9999.000,9999.000,9999.000,9999.000,9999.000,9999.000
202606181936,   0.287,   0.708,9999.000,9999.000,9999.000,9999.000,9999.000,9999.000,9999.000
202606181942,   0.230,   0.610,9999.000,9999.000,9999.000,9999.000,9999.000,9999.000,9999.000
202606181948,   0.177,   0.551,9999.000,9999.000,9999.000,9999.000,9999.000,9999.000,9999.000
202606181954,   0.128,   0.469,9999.000,9999.000,9999.000,9999.000,9999.000,9999.000,9999.000
202606182000,   0.084,   0.518,   0.300,   0.134,   0.518,   0.100,   0.318,   0.300,   0.518
202606182006,   0.044,   0.488,9999.000,9999.000,9999.000,9999.000,9999.000,9999.000,9999.000
202606182012,   0.009,   0.488,9999.000,9999.000,9999.000,9999.000,9999.000,9999.000,9999.000
202606182018,  -0.021,   0.409,9999.000,9999.000,9999.000,9999.000,9999.000,9999.000,9999.000
202606182024,  -0.047,   0.350,9999.000,9999.000,9999.000,9999.000,9999.000,9999.000,9999.000
202606182030,  -0.069,   0.370,9999.000,9999.000,9999.000,9999.000,9999.000,9999.000,9999.000
202606182036,  -0.086,   0.429,9999.000,9999.000,9999.000,9999.000,9999.000,9999.000,9999.000
202606182042,  -0.099,   0.449,9999.000,9999.000,9999.000,9999.000,9999.000,9999.000,9999.000
202606182048,  -0.107,   0.400,9999.000,9999.000,9999.000,9999.000,9999.000,9999.000,9999.000
202606182054,  -0.111,   0.321,9999.000,9999.000,9999.000,9999.000,9999.000,9999.000,9999.000
202606182100,  -0.111,   0.298,   0.200,   0.209,   0.298,   0.100,   0.198,   0.300,   0.398
202606182106,  -0.106,   0.341,9999.000,9999.000,9999.000,9999.000,9999.000,9999.000,9999.000
202606182112,  -0.097,   0.350,9999.000,9999.000,9999.000,9999.000,9999.000,9999.000,9999.000
202606182118,  -0.084,   0.331,9999.000,9999.000,9999.000,9999.000,9999.000,9999.000,9999.000
202606182124,  -0.067,   0.341,9999.000,9999.000,9999.000,9999.000,9999.000,9999.000,9999.000
202606182130,  -0.046,   0.360,9999.000,9999.000,9999.000,9999.000,9999.000,9999.000,9999.000
202606182136,  -0.021,   0.400,9999.000,9999.000,9999.000,9999.000,9999.000,9999.000,9999.000
202606182142,   0.007,   0.370,9999.000,9999.000,9999.000,9999.000,9999.000,9999.000,9999.000
202606182148,   0.040,   0.419,9999.000,9999.000,9999.000,9999.000,9999.000,9999.000,9999.000
202606182154,   0.077,   0.439,9999.000,9999.000,9999.000,9999.000,9999.000,9999.000,9999.000
202606182200,   0.118,   0.409,   0.200,   0.091,   0.409,   0.100,   0.309,   0.300,   0.509
202606182206,   0.163,   0.469,9999.000,9999.000,9999.000,9999.000,9999.000,9999.000,9999.000
202606182212,   0.211,   0.488,9999.000,9999.000,9999.000,9999.000,9999.000,9999.000,9999.000
202606182218,   0.264,   0.541,9999.000,9999.000,9999.000,9999.000,9999.000,9999.000,9999.000
202606182224,   0.320,   0.518,9999.000,9999.000,9999.000,9999.000,9999.000,9999.000,9999.000
202606182230,   0.379,   0.639,9999.000,9999.000,9999.000,9999.000,9999.000,9999.000,9999.000
202606182236,   0.443,   0.708,9999.000,9999.000,9999.000,9999.000,9999.000,9999.000,9999.000
202606182242,   0.510,   0.790,9999.000,9999.000,9999.000,9999.000,9999.000,9999.000,9999.000
202606182248,   0.581,   0.859,9999.000,9999.000,9999.000,9999.000,9999.000,9999.000,9999.000
202606182254,   0.655,   1.029,9999.000,9999.000,9999.000,9999.000,9999.000,9999.000,9999.000
202606182300,   0.733,   1.079,   0.200,   0.146,   1.079,   0.000,   0.879,   0.300,   1.179
202606182306,   0.814,   1.098,9999.000,9999.000,9999.000,9999.000,9999.000,9999.000,9999.000
202606182312,   0.898,   1.200,9999.000,9999.000,9999.000,9999.000,9999.000,9999.000,9999.000
202606182318,   0.985,   1.289,9999.000,9999.000,9999.000,9999.000,9999.000,9999.000,9999.000
202606182324,   1.076,   1.469,9999.000,9999.000,9999.000,9999.000,9999.000,9999.000,9999.000
202606182330,   1.169,   1.580,9999.000,9999.000,9999.000,9999.000,9999.000,9999.000,9999.000
202606182336,   1.264,   1.669,9999.000,9999.000,9999.000,9999.000,9999.000,9999.000,9999.000
202606182342,   1.362,   1.800,9999.000,9999.000,9999.000,9999.000,9999.000,9999.000,9999.000
202606182348,   1.461,   1.840,9999.000,9999.000,9999.000,9999.000,9999.000,9999.000,9999.000
202606182354,   1.563,   1.889,9999.000,9999.000,9999.000,9999.000,9999.000,9999.000,9999.000
202606190000,   1.665,   2.030,   0.300,   0.065,   2.030,   0.200,   1.930,   0.300,   2.030
202606190006,   1.770,   2.191,9999.000,9999.000,9999.000,9999.000,9999.000,9999.000,9999.000
202606190012,   1.873,   2.279,9999.000,9999.000,9999.000,9999.000,9999.000,9999.000,9999.000
202606190018,   1.978,   2.440,9999.000,9999.000,9999.000,9999.000,9999.000,9999.000,9999.000
202606190024,   2.082,   2.519,9999.000,9999.000,9999.000,9999.000,9999.000,9999.000,9999.000
202606190030,   2.187,   2.610,9999.000,9999.000,9999.000,9999.000,9999.000,9999.000,9999.000
202606190036,   2.290,   2.679,9999.000,9999.000,9999.000,9999.000,9999.000,9999.000,9999.000
202606190042,   2.392,   2.787,9999.000,9999.000,9999.000,9999.000,9999.000,9999.000,9999.000
202606190048,   2.493,   2.840,9999.000,9999.000,9999.000,9999.000,9999.000,9999.000,9999.000
202606190054,   2.592,   2.948,9999.000,9999.000,9999.000,9999.000,9999.000,9999.000,9999.000
202606190100,   2.689,   3.119,   0.300,   0.130,   3.119,   0.200,   3.019,   0.300,   3.119
202606190106,   2.783,   3.217,9999.000,9999.000,9999.000,9999.000,9999.000,9999.000,9999.000
202606190112,   2.874,   3.279,9999.000,9999.000,9999.000,9999.000,9999.000,9999.000,9999.000
202606190118,   2.962,   3.427,9999.000,9999.000,9999.000,9999.000,9999.000,9999.000,9999.000
202606190124,   3.047,   3.480,9999.000,9999.000,9999.000,9999.000,9999.000,9999.000,9999.000
202606190130,   3.129,   3.499,9999.000,9999.000,9999.000,9999.000,9999.000,9999.000,9999.000
202606190136,   3.206,   3.627,9999.000,9999.000,9999.000,9999.000,9999.000,9999.000,9999.000
202606190142,   3.279,   3.699,9999.000,9999.000,9999.000,9999.000,9999.000,9999.000,9999.000
202606190148,   3.349,   3.808,9999.000,9999.000,9999.000,9999.000,9999.000,9999.000,9999.000
202606190154,   3.414,   3.778,9999.000,9999.000,9999.000,9999.000,9999.000,9999.000,9999.000
202606190200,   3.474,   3.860,   0.200,   0.186,   3.860,   0.200,   3.860,   0.300,   3.960
202606190206,   3.531,   3.958,9999.000,9999.000,9999.000,9999.000,9999.000,9999.000,9999.000
202606190212,   3.582,   3.958,9999.000,9999.000,9999.000,9999.000,9999.000,9999.000,9999.000
202606190218,   3.629,   3.939,9999.000,9999.000,9999.000,9999.000,9999.000,9999.000,9999.000
202606190224,   3.671,   3.998,9999.000,9999.000,9999.000,9999.000,9999.000,9999.000,9999.000
202606190230,   3.709,   4.047,9999.000,9999.000,9999.000,9999.000,9999.000,9999.000,9999.000
202606190236,   3.742,   4.017,9999.000,9999.000,9999.000,9999.000,9999.000,9999.000,9999.000
202606190242,   3.770,   4.119,9999.000,9999.000,9999.000,9999.000,9999.000,9999.000,9999.000
202606190248,   3.794,   4.090,9999.000,9999.000,9999.000,9999.000,9999.000,9999.000,9999.000
202606190254,   3.813,   4.080,9999.000,9999.000,9999.000,9999.000,9999.000,9999.000,9999.000
202606190300,   3.827,   4.090,   0.100,   0.163,   4.090,   0.000,   3.990,   0.200,   4.190
202606190306,   3.837,   4.139,9999.000,9999.000,9999.000,9999.000,9999.000,9999.000,9999.000
202606190312,   3.842,   4.129,9999.000,9999.000,9999.000,9999.000,9999.000,9999.000,9999.000
202606190318,   3.843,   4.159,9999.000,9999.000,9999.000,9999.000,9999.000,9999.000,9999.000
202606190324,   3.839,   4.119,9999.000,9999.000,9999.000,9999.000,9999.000,9999.000,9999.000
202606190330,   3.831,   4.149,9999.000,9999.000,9999.000,9999.000,9999.000,9999.000,9999.000
202606190336,   3.818,   4.149,9999.000,9999.000,9999.000,9999.000,9999.000,9999.000,9999.000
202606190342,   3.801,   4.070,9999.000,9999.000,9999.000,9999.000,9999.000,9999.000,9999.000
202606190348,   3.780,   4.139,9999.000,9999.000,9999.000,9999.000,9999.000,9999.000,9999.000
202606190354,   3.754,   4.090,9999.000,9999.000,9999.000,9999.000,9999.000,9999.000,9999.000
202606190400,   3.724,   3.988,   0.100,   0.164,   3.988,   0.000,   3.888,   0.200,   4.088
202606190406,   3.690,   3.939,9999.000,9999.000,9999.000,9999.000,9999.000,9999.000,9999.000
202606190412,   3.652,   3.880,9999.000,9999.000,9999.000,9999.000,9999.000,9999.000,9999.000
202606190418,   3.609,   3.880,9999.000,9999.000,9999.000,9999.000,9999.000,9999.000,9999.000
202606190424,   3.563,   3.860,9999.000,9999.000,9999.000,9999.000,9999.000,9999.000,9999.000
202606190430,   3.512,   3.847,9999.000,9999.000,9999.000,9999.000,9999.000,9999.000,9999.000
202606190436,   3.457,   3.778,9999.000,9999.000,9999.000,9999.000,9999.000,9999.000,9999.000
202606190442,   3.399,   3.719,9999.000,9999.000,9999.000,9999.000,9999.000,9999.000,9999.000
202606190448,   3.337,   3.617,9999.000,9999.000,9999.000,9999.000,9999.000,9999.000,9999.000
202606190454,   3.271,   3.548,9999.000,9999.000,9999.000,9999.000,9999.000,9999.000,9999.000
202606190500,   3.201,   3.480,   0.100,   0.179,   3.480,   0.000,   3.380,   0.200,   3.580
202606190506,   3.128,   3.470,9999.000,9999.000,9999.000,9999.000,9999.000,9999.000,9999.000
202606190512,   3.052,   3.358,9999.000,9999.000,9999.000,9999.000,9999.000,9999.000,9999.000
202606190518,   2.973,   3.289,9999.000,9999.000,9999.000,9999.000,9999.000,9999.000,9999.000
202606190524,   2.890,   3.207,9999.000,9999.000,9999.000,9999.000,9999.000,9999.000,9999.000
202606190530,   2.805,   3.148,9999.000,9999.000,9999.000,9999.000,9999.000,9999.000,9999.000
202606190536,   2.717,   3.060,9999.000,9999.000,9999.000,9999.000,9999.000,9999.000,9999.000
202606190542,   2.626,   2.929,9999.000,9999.000,9999.000,9999.000,9999.000,9999.000,9999.000
202606190548,   2.533,   2.919,9999.000,9999.000,9999.000,9999.000,9999.000,9999.000,9999.000
202606190554,   2.439,   2.820,9999.000,9999.000,9999.000,9999.000,9999.000,9999.000,9999.000
202606190600,   2.342,   2.748,   0.200,   0.206,   2.748,   0.100,   2.648,   0.300,   2.848
202606190606,   2.243,   2.660,9999.000,9999.000,9999.000,9999.000,9999.000,9999.000,9999.000
202606190612,   2.144,   2.568,9999.000,9999.000,9999.000,9999.000,9999.000,9999.000,9999.000
202606190618,   2.043,   2.410,9999.000,9999.000,9999.000,9999.000,9999.000,9999.000,9999.000
202606190624,   1.941,   2.259,9999.000,9999.000,9999.000,9999.000,9999.000,9999.000,9999.000
202606190630,   1.839,   2.168,9999.000,9999.000,9999.000,9999.000,9999.000,9999.000,9999.000
202606190636,   1.737,   2.099,9999.000,9999.000,9999.000,9999.000,9999.000,9999.000,9999.000
202606190642,   1.634,   2.049,9999.000,9999.000,9999.000,9999.000,9999.000,9999.000,9999.000
202606190648,   1.532,   1.889,9999.000,9999.000,9999.000,9999.000,9999.000,9999.000,9999.000
202606190654,   1.431,   1.728,9999.000,9999.000,9999.000,9999.000,9999.000,9999.000,9999.000
202606190700,   1.330,   1.590,   0.200,   0.060,   1.590,   0.100,   1.490,   0.300,   1.690
202606190706,   1.230,   1.410,9999.000,9999.000,9999.000,9999.000,9999.000,9999.000,9999.000
202606190712,   1.132,   1.308,9999.000,9999.000,9999.000,9999.000,9999.000,9999.000,9999.000
202606190718,   1.036,   1.220,9999.000,9999.000,9999.000,9999.000,9999.000,9999.000,9999.000
202606190724,   0.941,   1.161,9999.000,9999.000,9999.000,9999.000,9999.000,9999.000,9999.000
202606190730,   0.849,   1.098,9999.000,9999.000,9999.000,9999.000,9999.000,9999.000,9999.000
202606190736,   0.759,   1.020,9999.000,9999.000,9999.000,9999.000,9999.000,9999.000,9999.000
202606190742,   0.672,   0.928,9999.000,9999.000,9999.000,9999.000,9999.000,9999.000,9999.000
202606190748,   0.588,   0.819,9999.000,9999.000,9999.000,9999.000,9999.000,9999.000,9999.000
202606190754,   0.507,   0.800,9999.000,9999.000,9999.000,9999.000,9999.000,9999.000,9999.000
202606190800,   0.430,   0.708,   0.200,   0.078,   0.708,   0.100,   0.608,   0.300,   0.808
202606190806,   0.356,   0.649,9999.000,9999.000,9999.000,9999.000,9999.000,9999.000,9999.000
202606190812,   0.286,   0.669,9999.000,9999.000,9999.000,9999.000,9999.000,9999.000,9999.000
202606190818,   0.219,   0.560,9999.000,9999.000,9999.000,9999.000,9999.000,9999.000,9999.000
202606190824,   0.157,   0.531,9999.000,9999.000,9999.000,9999.000,9999.000,9999.000,9999.000
202606190830,   0.099,   0.429,9999.000,9999.000,9999.000,9999.000,9999.000,9999.000,9999.000
202606190836,   0.045,   0.390,9999.000,9999.000,9999.000,9999.000,9999.000,9999.000,9999.000
202606190842,  -0.004,   0.341,9999.000,9999.000,9999.000,9999.000,9999.000,9999.000,9999.000
202606190848,  -0.050,   0.298,9999.000,9999.000,9999.000,9999.000,9999.000,9999.000,9999.000
202606190854,  -0.091,   0.239,9999.000,9999.000,9999.000,9999.000,9999.000,9999.000,9999.000
202606190900,  -0.128,   0.200,   0.200,   0.128,   0.200,   0.100,   0.100,   0.300,   0.300
202606190906,  -0.161,   0.219,9999.000,9999.000,9999.000,9999.000,9999.000,9999.000,9999.000
202606190912,  -0.189,   0.180,9999.000,9999.000,9999.000,9999.000,9999.000,9999.000,9999.000
202606190918,  -0.212,   0.190,9999.000,9999.000,9999.000,9999.000,9999.000,9999.000,9999.000
202606190924,  -0.232,   0.160,9999.000,9999.000,9999.000,9999.000,9999.000,9999.000,9999.000
202606190930,  -0.247,   0.098,9999.000,9999.000,9999.000,9999.000,9999.000,9999.000,9999.000
202606190936,  -0.258,   0.111,9999.000,9999.000,9999.000,9999.000,9999.000,9999.000,9999.000
202606190942,  -0.265,   0.088,9999.000,9999.000,9999.000,9999.000,9999.000,9999.000,9999.000
202606190948,  -0.267,   0.078,9999.000,9999.000,9999.000,9999.000,9999.000,9999.000,9999.000
202606190954,  -0.265,   0.049,9999.000,9999.000,9999.000,9999.000,9999.000,9999.000,9999.000
202606191000,  -0.259,   0.111,   0.200,   0.170,   0.111,   0.100,   0.011,   0.300,   0.211
202606191006,  -0.249,   0.121,9999.000,9999.000,9999.000,9999.000,9999.000,9999.000,9999.000
202606191012,  -0.235,   0.121,9999.000,9999.000,9999.000,9999.000,9999.000,9999.000,9999.000
202606191018,  -0.217,   0.150,9999.000,9999.000,9999.000,9999.000,9999.000,9999.000,9999.000
202606191024,  -0.194,   0.160,9999.000,9999.000,9999.000,9999.000,9999.000,9999.000,9999.000
202606191030,  -0.168,   0.209,9999.000,9999.000,9999.000,9999.000,9999.000,9999.000,9999.000
202606191036,  -0.137,   0.180,9999.000,9999.000,9999.000,9999.000,9999.000,9999.000,9999.000
202606191042,  -0.102,   0.219,9999.000,9999.000,9999.000,9999.000,9999.000,9999.000,9999.000
202606191048,  -0.064,   0.180,9999.000,9999.000,9999.000,9999.000,9999.000,9999.000,9999.000
202606191054,  -0.021,   0.239,9999.000,9999.000,9999.000,9999.000,9999.000,9999.000,9999.000
202606191100,   0.025,   0.259,   0.200,   0.034,   0.259,   0.100,   0.159,   0.300,   0.359
202606191106,   0.076,   0.298,9999.000,9999.000,9999.000,9999.000,9999.000,9999.000,9999.000
202606191112,   0.130,   0.341,9999.000,9999.000,9999.000,9999.000,9999.000,9999.000,9999.000
202606191118,   0.189,   0.370,9999.000,9999.000,9999.000,9999.000,9999.000,9999.000,9999.000
202606191124,   0.252,   0.459,9999.000,9999.000,9999.000,9999.000,9999.000,9999.000,9999.000
202606191130,   0.318,   0.541,9999.000,9999.000,9999.000,9999.000,9999.000,9999.000,9999.000
202606191136,   0.388,   0.610,9999.000,9999.000,9999.000,9999.000,9999.000,9999.000,9999.000
202606191142,   0.461,   0.718,9999.000,9999.000,9999.000,9999.000,9999.000,9999.000,9999.000
202606191148,   0.538,   0.839,9999.000,9999.000,9999.000,9999.000,9999.000,9999.000,9999.000
202606191154,   0.618,   0.918,9999.000,9999.000,9999.000,9999.000,9999.000,9999.000,9999.000
202606191200,   0.701,   0.990,   0.300,  -0.011,   0.990,   0.200,   0.890,   0.300,   0.990
202606191206,   0.786,   1.059,9999.000,9999.000,9999.000,9999.000,9999.000,9999.000,9999.000
202606191212,   0.875,   1.170,9999.000,9999.000,9999.000,9999.000,9999.000,9999.000,9999.000
202606191218,   0.965,   1.220,9999.000,9999.000,9999.000,9999.000,9999.000,9999.000,9999.000
202606191224,   1.058,   1.279,9999.000,9999.000,9999.000,9999.000,9999.000,9999.000,9999.000
202606191230,   1.152,   1.420,9999.000,9999.000,9999.000,9999.000,9999.000,9999.000,9999.000
202606191236,   1.247,   1.548,9999.000,9999.000,9999.000,9999.000,9999.000,9999.000,9999.000
202606191242,   1.344,   1.639,9999.000,9999.000,9999.000,9999.000,9999.000,9999.000,9999.000
202606191248,   1.441,   1.699,9999.000,9999.000,9999.000,9999.000,9999.000,9999.000,9999.000
202606191254,   1.539,   1.849,9999.000,9999.000,9999.000,9999.000,9999.000,9999.000,9999.000
202606191300,   1.636,   1.958,   0.300,   0.022,   1.958,   0.200,   1.858,   0.400,   2.058
202606191306,   1.734,   2.040,9999.000,9999.000,9999.000,9999.000,9999.000,9999.000,9999.000
202606191312,   1.830,   2.158,9999.000,9999.000,9999.000,9999.000,9999.000,9999.000,9999.000
202606191318,   1.926,   2.269,9999.000,9999.000,9999.000,9999.000,9999.000,9999.000,9999.000
202606191324,   2.020,   2.410,9999.000,9999.000,9999.000,9999.000,9999.000,9999.000,9999.000
202606191330,   2.112,   2.538,9999.000,9999.000,9999.000,9999.000,9999.000,9999.000,9999.000
202606191336,   2.202,   2.587,9999.000,9999.000,9999.000,9999.000,9999.000,9999.000,9999.000
202606191342,   2.290,   2.679,9999.000,9999.000,9999.000,9999.000,9999.000,9999.000,9999.000
202606191348,   2.375,   2.768,9999.000,9999.000,9999.000,9999.000,9999.000,9999.000,9999.000
202606191354,   2.458,   2.879,9999.000,9999.000,9999.000,9999.000,9999.000,9999.000,9999.000
202606191400,   2.537,   2.978,   0.300,   0.141,   2.978,   0.200,   2.878,   0.400,   3.078
202606191406,   2.613,   3.007,9999.000,9999.000,9999.000,9999.000,9999.000,9999.000,9999.000
202606191412,   2.686,   3.079,9999.000,9999.000,9999.000,9999.000,9999.000,9999.000,9999.000
202606191418,   2.755,   3.148,9999.000,9999.000,9999.000,9999.000,9999.000,9999.000,9999.000
202606191424,   2.820,   3.197,9999.000,9999.000,9999.000,9999.000,9999.000,9999.000,9999.000
202606191430,   2.881,   3.260,9999.000,9999.000,9999.000,9999.000,9999.000,9999.000,9999.000
202606191436,   2.939,   3.339,9999.000,9999.000,9999.000,9999.000,9999.000,9999.000,9999.000
202606191442,   2.992,   3.378,9999.000,9999.000,9999.000,9999.000,9999.000,9999.000,9999.000
202606191448,   3.041,   3.348,9999.000,9999.000,9999.000,9999.000,9999.000,9999.000,9999.000
202606191454,   3.086,   3.398,9999.000,9999.000,9999.000,9999.000,9999.000,9999.000,9999.000
202606191500,   3.126,   3.407,   0.300,  -0.019,   3.407,   0.200,   3.307,   0.400,   3.507
202606191506,   3.163,   3.460,9999.000,9999.000,9999.000,9999.000,9999.000,9999.000,9999.000
202606191512,   3.195,   3.427,9999.000,9999.000,9999.000,9999.000,9999.000,9999.000,9999.000
202606191518,   3.223,   3.539,9999.000,9999.000,9999.000,9999.000,9999.000,9999.000,9999.000
202606191524,   3.246,   3.637,9999.000,9999.000,9999.000,9999.000,9999.000,9999.000,9999.000
202606191530,   3.266,   3.689,9999.000,9999.000,9999.000,9999.000,9999.000,9999.000,9999.000
202606191536,   3.281,   3.670,9999.000,9999.000,9999.000,9999.000,9999.000,9999.000,9999.000
202606191542,   3.292,   3.729,9999.000,9999.000,9999.000,9999.000,9999.000,9999.000,9999.000
202606191548,   3.299,   3.709,9999.000,9999.000,9999.000,9999.000,9999.000,9999.000,9999.000
202606191554,   3.302,   3.729,9999.000,9999.000,9999.000,9999.000,9999.000,9999.000,9999.000
202606191600,   3.300,   3.689,   0.300,   0.089,   3.689,   0.200,   3.589,   0.400,   3.789
202606191606,   3.295,   3.660,9999.000,9999.000,9999.000,9999.000,9999.000,9999.000,9999.000
202606191612,   3.285,   3.607,9999.000,9999.000,9999.000,9999.000,9999.000,9999.000,9999.000
202606191618,   3.272,   3.607,9999.000,9999.000,9999.000,9999.000,9999.000,9999.000,9999.000
202606191624,   3.255,   3.568,9999.000,9999.000,9999.000,9999.000,9999.000,9999.000,9999.000
202606191630,   3.233,   3.598,9999.000,9999.000,9999.000,9999.000,9999.000,9999.000,9999.000
202606191636,   3.208,   3.607,9999.000,9999.000,9999.000,9999.000,9999.000,9999.000,9999.000
202606191642,   3.179,   3.598,9999.000,9999.000,9999.000,9999.000,9999.000,9999.000,9999.000
202606191648,   3.146,   3.489,9999.000,9999.000,9999.000,9999.000,9999.000,9999.000,9999.000
202606191654,   3.110,   3.427,9999.000,9999.000,9999.000,9999.000,9999.000,9999.000,9999.000
202606191700,   3.070,   3.299,   0.300,  -0.071,   3.299,   0.300,   3.299,   0.400,   3.399
202606191706,   3.027,   3.309,9999.000,9999.000,9999.000,9999.000,9999.000,9999.000,9999.000
202606191712,   2.980,   3.329,9999.000,9999.000,9999.000,9999.000,9999.000,9999.000,9999.000
202606191718,   2.930,   3.329,9999.000,9999.000,9999.000,9999.000,9999.000,9999.000,9999.000
202606191724,   2.876,   3.417,9999.000,9999.000,9999.000,9999.000,9999.000,9999.000,9999.000
202606191730,   2.819,   3.230,9999.000,9999.000,9999.000,9999.000,9999.000,9999.000,9999.000
202606191736,   2.760,   3.119,9999.000,9999.000,9999.000,9999.000,9999.000,9999.000,9999.000
202606191742,   2.697,   3.030,9999.000,9999.000,9999.000,9999.000,9999.000,9999.000,9999.000
202606191748,   2.632,   3.109,9999.000,9999.000,9999.000,9999.000,9999.000,9999.000,9999.000
202606191754,   2.564,   3.070,9999.000,9999.000,9999.000,9999.000,9999.000,9999.000,9999.000
202606191800,   2.494,   3.007,   0.400,   0.113,   3.007,   0.300,   2.907,   0.500,   3.107
202606191806,   2.421,   2.948,9999.000,9999.000,9999.000,9999.000,9999.000,9999.000,9999.000
202606191812,   2.346,   2.929,9999.000,9999.000,9999.000,9999.000,9999.000,9999.000,9999.000
202606191818,   2.269,   2.840,9999.000,9999.000,9999.000,9999.000,9999.000,9999.000,9999.000
202606191824,   2.190,   2.748,9999.000,9999.000,9999.000,9999.000,9999.000,9999.000,9999.000
202606191830,   2.110,   2.689,9999.000,9999.000,9999.000,9999.000,9999.000,9999.000,9999.000
202606191836,   2.029,   2.538,9999.000,9999.000,9999.000,9999.000,9999.000,9999.000,9999.000
202606191842,   1.946,   2.538,9999.000,9999.000,9999.000,9999.000,9999.000,9999.000,9999.000
202606191848,   1.862,   2.430,9999.000,9999.000,9999.000,9999.000,9999.000,9999.000,9999.000
202606191854,   1.778,   2.328,9999.000,9999.000,9999.000,9999.000,9999.000,9999.000,9999.000
202606191900,   1.693,   2.230,   0.500,   0.037,   2.230,   0.300,   2.030,   0.500,   2.230
202606191906,   1.608,   2.191,9999.000,9999.000,9999.000,9999.000,9999.000,9999.000,9999.000
202606191912,   1.523,   2.040,9999.000,9999.000,9999.000,9999.000,9999.000,9999.000,9999.000
202606191918,   1.439,   2.030,9999.000,9999.000,9999.000,9999.000,9999.000,9999.000,9999.000
202606191924,   1.355,   1.981,9999.000,9999.000,9999.000,9999.000,9999.000,9999.000,9999.000
202606191930,   1.272,   1.928,9999.000,9999.000,9999.000,9999.000,9999.000,9999.000,9999.000
202606191936,   1.189,   1.810,9999.000,9999.000,9999.000,9999.000,9999.000,9999.000,9999.000
202606191942,   1.109,   1.420,9999.000,9999.000,9999.000,9999.000,9999.000,9999.000,9999.000
202606191948,   1.030,   1.210,9999.000,9999.000,9999.000,9999.000,9999.000,9999.000,9999.000
202606191954,   0.952,   1.269,9999.000,9999.000,9999.000,9999.000,9999.000,9999.000,9999.000
202606192000,   0.877,   1.269,   0.500,  -0.108,   1.269,   0.300,   1.069,   0.600,   1.369
202606192006,   0.804,   1.138,9999.000,9999.000,9999.000,9999.000,9999.000,9999.000,9999.000
202606192012,   0.734,   1.108,9999.000,9999.000,9999.000,9999.000,9999.000,9999.000,9999.000
202606192018,   0.667,   1.170,9999.000,9999.000,9999.000,9999.000,9999.000,9999.000,9999.000
202606192024,   0.602,   1.210,9999.000,9999.000,9999.000,9999.000,9999.000,9999.000,9999.000
202606192030,   0.541,   1.049,9999.000,9999.000,9999.000,9999.000,9999.000,9999.000,9999.000
202606192036,   0.483,   0.869,9999.000,9999.000,9999.000,9999.000,9999.000,9999.000,9999.000
202606192042,   0.429,   1.079,9999.000,9999.000,9999.000,9999.000,9999.000,9999.000,9999.000
202606192048,   0.378,   1.079,9999.000,9999.000,9999.000,9999.000,9999.000,9999.000,9999.000
202606192054,   0.332,   1.128,9999.000,9999.000,9999.000,9999.000,9999.000,9999.000,9999.000
202606192100,   0.289,   0.908,   0.500,   0.119,   0.908,   0.400,   0.808,   0.500,   0.908
202606192106,   0.250,   1.108,9999.000,9999.000,9999.000,9999.000,9999.000,9999.000,9999.000
202606192112,   0.215,   0.918,9999.000,9999.000,9999.000,9999.000,9999.000,9999.000,9999.000
202606192118,   0.184,   0.678,9999.000,9999.000,9999.000,9999.000,9999.000,9999.000,9999.000
202606192124,   0.157,   0.669,9999.000,9999.000,9999.000,9999.000,9999.000,9999.000,9999.000
202606192130,   0.134,   0.698,9999.000,9999.000,9999.000,9999.000,9999.000,9999.000,9999.000
202606192136,   0.116,   0.718,9999.000,9999.000,9999.000,9999.000,9999.000,9999.000,9999.000
202606192142,   0.101,   0.570,9999.000,9999.000,9999.000,9999.000,9999.000,9999.000,9999.000
202606192148,   0.091,   0.688,9999.000,9999.000,9999.000,9999.000,9999.000,9999.000,9999.000
202606192154,   0.084,   0.600,9999.000,9999.000,9999.000,9999.000,9999.000,9999.000,9999.000
202606192200,   0.082,   0.610,   0.600,  -0.072,   0.610,   0.500,   0.510,   0.600,   0.610
202606192206,   0.083,   0.619,9999.000,9999.000,9999.000,9999.000,9999.000,9999.000,9999.000
202606192212,   0.089,   0.610,9999.000,9999.000,9999.000,9999.000,9999.000,9999.000,9999.000
202606192218,   0.098,   0.718,9999.000,9999.000,9999.000,9999.000,9999.000,9999.000,9999.000
202606192224,   0.111,   0.760,9999.000,9999.000,9999.000,9999.000,9999.000,9999.000,9999.000
202606192230,   0.128,   0.678,9999.000,9999.000,9999.000,9999.000,9999.000,9999.000,9999.000
202606192236,   0.149,   0.698,9999.000,9999.000,9999.000,9999.000,9999.000,9999.000,9999.000
202606192242,   0.174,   0.800,9999.000,9999.000,9999.000,9999.000,9999.000,9999.000,9999.000
202606192248,   0.202,   0.961,9999.000,9999.000,9999.000,9999.000,9999.000,9999.000,9999.000
202606192254,   0.234,   0.839,9999.000,9999.000,9999.000,9999.000,9999.000,9999.000,9999.000
202606192300,   0.269,   0.849,   0.600,  -0.020,   0.849,   0.600,   0.849,   0.700,   0.949
202606192306,   0.308,   0.898,9999.000,9999.000,9999.000,9999.000,9999.000,9999.000,9999.000
202606192312,   0.351,   0.829,9999.000,9999.000,9999.000,9999.000,9999.000,9999.000,9999.000
202606192318,   0.397,   0.918,9999.000,9999.000,9999.000,9999.000,9999.000,9999.000,9999.000
202606192324,   0.447,   0.990,9999.000,9999.000,9999.000,9999.000,9999.000,9999.000,9999.000
202606192330,   0.500,   1.010,9999.000,9999.000,9999.000,9999.000,9999.000,9999.000,9999.000
202606192336,   0.557,   1.069,9999.000,9999.000,9999.000,9999.000,9999.000,9999.000,9999.000
202606192342,   0.617,   1.118,9999.000,9999.000,9999.000,9999.000,9999.000,9999.000,9999.000
202606192348,   0.680,   1.138,9999.000,9999.000,9999.000,9999.000,9999.000,9999.000,9999.000
202606192354,   0.747,   1.190,9999.000,9999.000,9999.000,9999.000,9999.000,9999.000,9999.000
202606200000,   0.817,   1.269,   0.600,  -0.148,   1.269,   0.500,   1.169,   0.600,   1.269
202606200006,   0.890,   1.439,9999.000,9999.000,9999.000,9999.000,9999.000,9999.000,9999.000
202606200012,   0.966,   1.580,9999.000,9999.000,9999.000,9999.000,9999.000,9999.000,9999.000
202606200018,   1.045,   1.590,9999.000,9999.000,9999.000,9999.000,9999.000,9999.000,9999.000
202606200024,   1.126,   1.699,9999.000,9999.000,9999.000,9999.000,9999.000,9999.000,9999.000
202606200030,   1.210,   1.728,9999.000,9999.000,9999.000,9999.000,9999.000,9999.000,9999.000
202606200036,   1.295,   1.830,9999.000,9999.000,9999.000,9999.000,9999.000,9999.000,9999.000
202606200042,   1.383,   1.899,9999.000,9999.000,9999.000,9999.000,9999.000,9999.000,9999.000
202606200048,   1.473,   2.079,9999.000,9999.000,9999.000,9999.000,9999.000,9999.000,9999.000
202606200054,   1.564,   2.220,9999.000,9999.000,9999.000,9999.000,9999.000,9999.000,9999.000
202606200100,   1.656,   2.259,   0.600,   0.003,   2.259,   0.500,   2.159,   0.600,   2.259
202606200106,   1.748,   2.450,9999.000,9999.000,9999.000,9999.000,9999.000,9999.000,9999.000
202606200112,   1.842,   2.568,9999.000,9999.000,9999.000,9999.000,9999.000,9999.000,9999.000
202606200118,   1.935,   2.709,9999.000,9999.000,9999.000,9999.000,9999.000,9999.000,9999.000
202606200124,   2.028,   2.758,9999.000,9999.000,9999.000,9999.000,9999.000,9999.000,9999.000
202606200130,   2.121,   2.840,9999.000,9999.000,9999.000,9999.000,9999.000,9999.000,9999.000
202606200136,   2.213,   2.958,9999.000,9999.000,9999.000,9999.000,9999.000,9999.000,9999.000
202606200142,   2.304,   3.017,9999.000,9999.000,9999.000,9999.000,9999.000,9999.000,9999.000
202606200148,   2.393,   3.089,9999.000,9999.000,9999.000,9999.000,9999.000,9999.000,9999.000
202606200154,   2.480,   3.197,9999.000,9999.000,9999.000,9999.000,9999.000,9999.000,9999.000
202606200200,   2.565,   3.289,   0.600,   0.124,   3.289,   0.600,   3.289,   0.600,   3.289
202606200206,   2.648,   3.309,9999.000,9999.000,9999.000,9999.000,9999.000,9999.000,9999.000
202606200212,   2.728,   3.240,9999.000,9999.000,9999.000,9999.000,9999.000,9999.000,9999.000
202606200218,   2.805,   3.309,9999.000,9999.000,9999.000,9999.000,9999.000,9999.000,9999.000
202606200224,   2.878,   3.460,9999.000,9999.000,9999.000,9999.000,9999.000,9999.000,9999.000
202606200230,   2.949,   3.548,9999.000,9999.000,9999.000,9999.000,9999.000,9999.000,9999.000
202606200236,   3.015,   3.578,9999.000,9999.000,9999.000,9999.000,9999.000,9999.000,9999.000
202606200242,   3.078,   3.699,9999.000,9999.000,9999.000,9999.000,9999.000,9999.000,9999.000
202606200248,   3.137,   3.860,9999.000,9999.000,9999.000,9999.000,9999.000,9999.000,9999.000
202606200254,   3.192,   3.817,9999.000,9999.000,9999.000,9999.000,9999.000,9999.000,9999.000
202606200300,   3.243,   3.870,   0.600,   0.027,   3.870,   0.500,   3.770,   0.600,   3.870
202606200306,   3.289,   3.919,9999.000,9999.000,9999.000,9999.000,9999.000,9999.000,9999.000
202606200312,   3.332,   4.057,9999.000,9999.000,9999.000,9999.000,9999.000,9999.000,9999.000
202606200318,   3.369,   4.047,9999.000,9999.000,9999.000,9999.000,9999.000,9999.000,9999.000
202606200324,   3.403,   4.090,9999.000,9999.000,9999.000,9999.000,9999.000,9999.000,9999.000
202606200330,   3.432,   4.037,9999.000,9999.000,9999.000,9999.000,9999.000,9999.000,9999.000
202606200336,   3.457,   3.998,9999.000,9999.000,9999.000,9999.000,9999.000,9999.000,9999.000
202606200342,   3.478,   3.978,9999.000,9999.000,9999.000,9999.000,9999.000,9999.000,9999.000
202606200348,   3.494,   4.037,9999.000,9999.000,9999.000,9999.000,9999.000,9999.000,9999.000
202606200354,   3.506,   4.027,9999.000,9999.000,9999.000,9999.000,9999.000,9999.000,9999.000
202606200400,   3.513,   4.119,   0.600,   0.006,   4.119,   0.500,   4.019,   0.600,   4.119
202606200406,   3.517,   4.099,9999.000,9999.000,9999.000,9999.000,9999.000,9999.000,9999.000
202606200412,   3.516,   4.119,9999.000,9999.000,9999.000,9999.000,9999.000,9999.000,9999.000
202606200418,   3.511,   4.047,9999.000,9999.000,9999.000,9999.000,9999.000,9999.000,9999.000
202606200424,   3.502,   4.070,9999.000,9999.000,9999.000,9999.000,9999.000,9999.000,9999.000
202606200430,   3.490,   4.070,9999.000,9999.000,9999.000,9999.000,9999.000,9999.000,9999.000
202606200436,   3.473,   4.057,9999.000,9999.000,9999.000,9999.000,9999.000,9999.000,9999.000
202606200442,   3.452,   3.998,9999.000,9999.000,9999.000,9999.000,9999.000,9999.000,9999.000
202606200448,   3.428,   4.037,9999.000,9999.000,9999.000,9999.000,9999.000,9999.000,9999.000
202606200454,   3.400,   4.070,9999.000,9999.000,9999.000,9999.000,9999.000,9999.000,9999.000
202606200500,   3.368,   4.008,   0.600,   0.040,   4.008,   0.500,   3.908,   0.600,   4.008
202606200506,   3.333,   3.978,9999.000,9999.000,9999.000,9999.000,9999.000,9999.000,9999.000
202606200512,   3.295,   3.949,9999.000,9999.000,9999.000,9999.000,9999.000,9999.000,9999.000
202606200518,   3.252,   3.919,9999.000,9999.000,9999.000,9999.000,9999.000,9999.000,9999.000
202606200524,   3.207,   3.827,9999.000,9999.000,9999.000,9999.000,9999.000,9999.000,9999.000
202606200530,   3.158,   3.739,9999.000,9999.000,9999.000,9999.000,9999.000,9999.000,9999.000
202606200536,   3.106,   3.670,9999.000,9999.000,9999.000,9999.000,9999.000,9999.000,9999.000
202606200542,   3.051,   3.558,9999.000,9999.000,9999.000,9999.000,9999.000,9999.000,9999.000
202606200548,   2.993,   3.539,9999.000,9999.000,9999.000,9999.000,9999.000,9999.000,9999.000
202606200554,   2.932,   3.558,9999.000,9999.000,9999.000,9999.000,9999.000,9999.000,9999.000
202606200600,   2.868,   3.407,   0.600,  -0.061,   3.407,   0.500,   3.307,   0.600,   3.407
202606200606,   2.802,   3.329,9999.000,9999.000,9999.000,9999.000,9999.000,9999.000,9999.000
202606200612,   2.732,   3.279,9999.000,9999.000,9999.000,9999.000,9999.000,9999.000,9999.000
202606200618,   2.661,   3.207,9999.000,9999.000,9999.000,9999.000,9999.000,9999.000,9999.000
202606200624,   2.586,   3.060,9999.000,9999.000,9999.000,9999.000,9999.000,9999.000,9999.000
202606200630,   2.510,   3.007,9999.000,9999.000,9999.000,9999.000,9999.000,9999.000,9999.000
202606200636,   2.431,   2.938,9999.000,9999.000,9999.000,9999.000,9999.000,9999.000,9999.000
202606200642,   2.351,   2.938,9999.000,9999.000,9999.000,9999.000,9999.000,9999.000,9999.000
202606200648,   2.268,   2.879,9999.000,9999.000,9999.000,9999.000,9999.000,9999.000,9999.000
202606200654,   2.184,   2.699,9999.000,9999.000,9999.000,9999.000,9999.000,9999.000,9999.000
202606200700,   2.098,   2.640,   0.600,  -0.058,   2.640,   0.500,   2.540,   0.600,   2.640
202606200706,   2.011,   2.519,9999.000,9999.000,9999.000,9999.000,9999.000,9999.000,9999.000
202606200712,   1.923,   2.479,9999.000,9999.000,9999.000,9999.000,9999.000,9999.000,9999.000
202606200718,   1.834,   2.400,9999.000,9999.000,9999.000,9999.000,9999.000,9999.000,9999.000
202606200724,   1.744,   2.309,9999.000,9999.000,9999.000,9999.000,9999.000,9999.000,9999.000
202606200730,   1.654,   2.240,9999.000,9999.000,9999.000,9999.000,9999.000,9999.000,9999.000
202606200736,   1.564,   2.128,9999.000,9999.000,9999.000,9999.000,9999.000,9999.000,9999.000
202606200742,   1.473,   2.069,9999.000,9999.000,9999.000,9999.000,9999.000,9999.000,9999.000
202606200748,   1.383,   1.981,9999.000,9999.000,9999.000,9999.000,9999.000,9999.000,9999.000
202606200754,   1.293,   1.908,9999.000,9999.000,9999.000,9999.000,9999.000,9999.000,9999.000
202606200800,   1.204,   1.781,   0.500,   0.077,   1.781,   0.500,   1.781,   0.600,   1.881
202606200806,   1.115,   1.699,9999.000,9999.000,9999.000,9999.000,9999.000,9999.000,9999.000
202606200812,   1.029,   1.639,9999.000,9999.000,9999.000,9999.000,9999.000,9999.000,9999.000
202606200818,   0.943,   1.498,9999.000,9999.000,9999.000,9999.000,9999.000,9999.000,9999.000
202606200824,   0.860,   1.380,9999.000,9999.000,9999.000,9999.000,9999.000,9999.000,9999.000
202606200830,   0.778,   1.328,9999.000,9999.000,9999.000,9999.000,9999.000,9999.000,9999.000
202606200836,   0.699,   1.249,9999.000,9999.000,9999.000,9999.000,9999.000,9999.000,9999.000
202606200842,   0.623,   1.088,9999.000,9999.000,9999.000,9999.000,9999.000,9999.000,9999.000
202606200848,   0.549,   1.000,9999.000,9999.000,9999.000,9999.000,9999.000,9999.000,9999.000
202606200854,   0.478,   0.951,9999.000,9999.000,9999.000,9999.000,9999.000,9999.000,9999.000
202606200900,   0.410,   0.918,   0.500,   0.008,   0.918,   0.500,   0.918,   0.600,   1.018
202606200906,   0.346,   0.849,9999.000,9999.000,9999.000,9999.000,9999.000,9999.000,9999.000
202606200912,   0.285,   0.770,9999.000,9999.000,9999.000,9999.000,9999.000,9999.000,9999.000
202606200918,   0.228,   0.760,9999.000,9999.000,9999.000,9999.000,9999.000,9999.000,9999.000
202606200924,   0.175,   0.688,9999.000,9999.000,9999.000,9999.000,9999.000,9999.000,9999.000
202606200930,   0.125,   0.659,9999.000,9999.000,9999.000,9999.000,9999.000,9999.000,9999.000
202606200936,   0.080,   0.551,9999.000,9999.000,9999.000,9999.000,9999.000,9999.000,9999.000
202606200942,   0.038,   0.488,9999.000,9999.000,9999.000,9999.000,9999.000,9999.000,9999.000
202606200948,   0.001,   0.508,9999.000,9999.000,9999.000,9999.000,9999.000,9999.000,9999.000
202606200954,  -0.031,   0.469,9999.000,9999.000,9999.000,9999.000,9999.000,9999.000,9999.000
202606201000,  -0.060,   0.409,   0.500,  -0.031,   0.409,   0.500,   0.409,   0.600,   0.509
202606201006,  -0.085,   0.400,9999.000,9999.000,9999.000,9999.000,9999.000,9999.000,9999.000
202606201012,  -0.106,   0.419,9999.000,9999.000,9999.000,9999.000,9999.000,9999.000,9999.000
202606201018,  -0.123,   0.409,9999.000,9999.000,9999.000,9999.000,9999.000,9999.000,9999.000
202606201024,  -0.135,   0.390,9999.000,9999.000,9999.000,9999.000,9999.000,9999.000,9999.000
202606201030,  -0.144,   0.350,9999.000,9999.000,9999.000,9999.000,9999.000,9999.000,9999.000
202606201036,  -0.148,   0.370,9999.000,9999.000,9999.000,9999.000,9999.000,9999.000,9999.000
202606201042,  -0.149,   0.370,9999.000,9999.000,9999.000,9999.000,9999.000,9999.000,9999.000
202606201048,  -0.146,   0.390,9999.000,9999.000,9999.000,9999.000,9999.000,9999.000,9999.000
202606201054,  -0.139,   0.370,9999.000,9999.000,9999.000,9999.000,9999.000,9999.000,9999.000
202606201100,  -0.128,   0.370,   0.500,  -0.002,   0.370,   0.500,   0.370,   0.600,   0.470
202606201106,  -0.113,   0.360,9999.000,9999.000,9999.000,9999.000,9999.000,9999.000,9999.000
202606201112,  -0.094,   0.390,9999.000,9999.000,9999.000,9999.000,9999.000,9999.000,9999.000
202606201118,  -0.072,   0.449,9999.000,9999.000,9999.000,9999.000,9999.000,9999.000,9999.000
202606201124,  -0.045,   0.469,9999.000,9999.000,9999.000,9999.000,9999.000,9999.000,9999.000
202606201130,  -0.015,   0.498,9999.000,9999.000,9999.000,9999.000,9999.000,9999.000,9999.000
202606201136,   0.017,   0.478,9999.000,9999.000,9999.000,9999.000,9999.000,9999.000,9999.000
202606201142,   0.055,   0.488,9999.000,9999.000,9999.000,9999.000,9999.000,9999.000,9999.000
202606201148,   0.096,   0.478,9999.000,9999.000,9999.000,9999.000,9999.000,9999.000,9999.000
202606201154,   0.141,   0.488,9999.000,9999.000,9999.000,9999.000,9999.000,9999.000,9999.000
202606201200,   0.190,   0.560,   0.500,  -0.130,   0.560,   0.500,   0.560,   0.500,   0.560
202606201206,   0.242,   0.639,9999.000,9999.000,9999.000,9999.000,9999.000,9999.000,9999.000
202606201212,   0.298,   0.678,9999.000,9999.000,9999.000,9999.000,9999.000,9999.000,9999.000
202606201218,   0.358,   0.731,9999.000,9999.000,9999.000,9999.000,9999.000,9999.000,9999.000
202606201224,   0.421,   0.751,9999.000,9999.000,9999.000,9999.000,9999.000,9999.000,9999.000
202606201230,   0.488,   0.819,9999.000,9999.000,9999.000,9999.000,9999.000,9999.000,9999.000
202606201236,   0.558,   0.888,9999.000,9999.000,9999.000,9999.000,9999.000,9999.000,9999.000
202606201242,   0.631,   0.970,9999.000,9999.000,9999.000,9999.000,9999.000,9999.000,9999.000
202606201248,   0.708,   1.079,9999.000,9999.000,9999.000,9999.000,9999.000,9999.000,9999.000
202606201254,   0.787,   1.138,9999.000,9999.000,9999.000,9999.000,9999.000,9999.000,9999.000
202606201300,   0.869,   1.170,   0.500,  -0.199,   1.170,   0.500,   1.170,   0.500,   1.170
202606201306,   0.953,   1.259,9999.000,9999.000,9999.000,9999.000,9999.000,9999.000,9999.000
202606201312,   1.040,   1.318,9999.000,9999.000,9999.000,9999.000,9999.000,9999.000,9999.000
202606201318,   1.129,   1.380,9999.000,9999.000,9999.000,9999.000,9999.000,9999.000,9999.000
202606201324,   1.220,   1.479,9999.000,9999.000,9999.000,9999.000,9999.000,9999.000,9999.000
202606201330,   1.312,   1.571,9999.000,9999.000,9999.000,9999.000,9999.000,9999.000,9999.000
202606201336,   1.405,   1.699,9999.000,9999.000,9999.000,9999.000,9999.000,9999.000,9999.000
202606201342,   1.499,   1.800,9999.000,9999.000,9999.000,9999.000,9999.000,9999.000,9999.000
202606201348,   1.593,   1.879,9999.000,9999.000,9999.000,9999.000,9999.000,9999.000,9999.000
202606201354,   1.687,   1.967,9999.000,9999.000,9999.000,9999.000,9999.000,9999.000,9999.000
202606201400,   1.781,   2.040,   0.500,  -0.241,   2.040,   0.500,   2.040,   0.500,   2.040
202606201406,   1.875,   2.138,9999.000,9999.000,9999.000,9999.000,9999.000,9999.000,9999.000
202606201412,   1.968,   2.250,9999.000,9999.000,9999.000,9999.000,9999.000,9999.000,9999.000
202606201418,   2.059,   2.328,9999.000,9999.000,9999.000,9999.000,9999.000,9999.000,9999.000
202606201424,   2.149,   2.469,9999.000,9999.000,9999.000,9999.000,9999.000,9999.000,9999.000
202606201430,   2.237,   2.509,9999.000,9999.000,9999.000,9999.000,9999.000,9999.000,9999.000
202606201436,   2.322,   2.597,9999.000,9999.000,9999.000,9999.000,9999.000,9999.000,9999.000
202606201442,   2.405,   2.689,9999.000,9999.000,9999.000,9999.000,9999.000,9999.000,9999.000
202606201448,   2.486,   2.807,9999.000,9999.000,9999.000,9999.000,9999.000,9999.000,9999.000
202606201454,   2.563,   2.929,9999.000,9999.000,9999.000,9999.000,9999.000,9999.000,9999.000
202606201500,   2.637,   2.968,   0.500,  -0.169,   2.968,   0.500,   2.968,   0.500,   2.968
202606201506,   2.708,   3.040,9999.000,9999.000,9999.000,9999.000,9999.000,9999.000,9999.000
202606201512,   2.775,   3.099,9999.000,9999.000,9999.000,9999.000,9999.000,9999.000,9999.000
202606201518,   2.838,   3.197,9999.000,9999.000,9999.000,9999.000,9999.000,9999.000,9999.000
202606201524,   2.898,   3.230,9999.000,9999.000,9999.000,9999.000,9999.000,9999.000,9999.000
202606201530,   2.953,   3.250,9999.000,9999.000,9999.000,9999.000,9999.000,9999.000,9999.000
202606201536,   3.005,   3.319,9999.000,9999.000,9999.000,9999.000,9999.000,9999.000,9999.000
202606201542,   3.053,   3.427,9999.000,9999.000,9999.000,9999.000,9999.000,9999.000,9999.000
202606201548,   3.096,   3.480,9999.000,9999.000,9999.000,9999.000,9999.000,9999.000,9999.000
202606201554,   3.135,   3.450,9999.000,9999.000,9999.000,9999.000,9999.000,9999.000,9999.000
202606201600,   3.171,   3.460,   0.500,  -0.211,   3.460,   0.400,   3.360,   0.500,   3.460
202606201606,   3.202,   3.529,9999.000,9999.000,9999.000,9999.000,9999.000,9999.000,9999.000
202606201612,   3.229,   3.519,9999.000,9999.000,9999.000,9999.000,9999.000,9999.000,9999.000
202606201618,   3.252,   3.539,9999.000,9999.000,9999.000,9999.000,9999.000,9999.000,9999.000
202606201624,   3.271,   3.598,9999.000,9999.000,9999.000,9999.000,9999.000,9999.000,9999.000
202606201630,   3.286,   3.598,9999.000,9999.000,9999.000,9999.000,9999.000,9999.000,9999.000
202606201636,   3.297,   3.607,9999.000,9999.000,9999.000,9999.000,9999.000,9999.000,9999.000
202606201642,   3.305,   3.607,9999.000,9999.000,9999.000,9999.000,9999.000,9999.000,9999.000
202606201648,   3.308,   3.617,9999.000,9999.000,9999.000,9999.000,9999.000,9999.000,9999.000
202606201654,   3.308,   3.558,9999.000,9999.000,9999.000,9999.000,9999.000,9999.000,9999.000
202606201700,   3.305,   3.578,   0.500,  -0.227,   3.578,   0.400,   3.478,   0.500,   3.578
202606201706,   3.297,   3.588,9999.000,9999.000,9999.000,9999.000,9999.000,9999.000,9999.000
202606201712,   3.287,   3.539,9999.000,9999.000,9999.000,9999.000,9999.000,9999.000,9999.000
202606201718,   3.272,   3.519,9999.000,9999.000,9999.000,9999.000,9999.000,9999.000,9999.000
202606201724,   3.255,   3.519,9999.000,9999.000,9999.000,9999.000,9999.000,9999.000,9999.000
202606201730,   3.234,   3.480,9999.000,9999.000,9999.000,9999.000,9999.000,9999.000,9999.000
202606201736,   3.210,   3.427,9999.000,9999.000,9999.000,9999.000,9999.000,9999.000,9999.000
202606201742,   3.183,   3.388,9999.000,9999.000,9999.000,9999.000,9999.000,9999.000,9999.000
202606201748,   3.152,   3.417,9999.000,9999.000,9999.000,9999.000,9999.000,9999.000,9999.000
202606201754,   3.118,   3.407,9999.000,9999.000,9999.000,9999.000,9999.000,9999.000,9999.000
202606201800,   3.082,   3.329,   0.500,  -0.253,   3.329,   0.400,   3.229,   0.500,   3.329
202606201806,   3.042,   3.309,9999.000,9999.000,9999.000,9999.000,9999.000,9999.000,9999.000
202606201812,   3.000,   3.270,9999.000,9999.000,9999.000,9999.000,9999.000,9999.000,9999.000
202606201818,   2.954,   3.240,9999.000,9999.000,9999.000,9999.000,9999.000,9999.000,9999.000
202606201824,   2.906,   3.207,9999.000,9999.000,9999.000,9999.000,9999.000,9999.000,9999.000
202606201830,   2.855,   3.178,9999.000,9999.000,9999.000,9999.000,9999.000,9999.000,9999.000
202606201836,   2.801,   3.109,9999.000,9999.000,9999.000,9999.000,9999.000,9999.000,9999.000
202606201842,   2.744,   3.060,9999.000,9999.000,9999.000,9999.000,9999.000,9999.000,9999.000
202606201848,   2.685,   3.040,9999.000,9999.000,9999.000,9999.000,9999.000,9999.000,9999.000
202606201854,   2.624,   2.958,9999.000,9999.000,9999.000,9999.000,9999.000,9999.000,9999.000
202606201900,   2.560,   2.899,   0.500,  -0.161,   2.899,   0.400,   2.799,   0.500,   2.899
202606201906,   2.494,   2.869,9999.000,9999.000,9999.000,9999.000,9999.000,9999.000,9999.000
202606201912,   2.426,   2.797,9999.000,9999.000,9999.000,9999.000,9999.000,9999.000,9999.000
202606201918,   2.356,   2.699,9999.000,9999.000,9999.000,9999.000,9999.000,9999.000,9999.000
202606201924,   2.284,   2.597,9999.000,9999.000,9999.000,9999.000,9999.000,9999.000,9999.000
202606201930,   2.210,   2.538,9999.000,9999.000,9999.000,9999.000,9999.000,9999.000,9999.000
202606201936,   2.135,   2.469,9999.000,9999.000,9999.000,9999.000,9999.000,9999.000,9999.000
202606201942,   2.058,   2.348,9999.000,9999.000,9999.000,9999.000,9999.000,9999.000,9999.000
202606201948,   1.980,   2.250,9999.000,9999.000,9999.000,9999.000,9999.000,9999.000,9999.000
202606201954,   1.902,   2.177,9999.000,9999.000,9999.000,9999.000,9999.000,9999.000,9999.000
202606202000,   1.822,   2.148,   0.500,  -0.174,   2.148,   0.400,   2.048,   0.500,   2.148
202606202006,   1.742,   2.059,9999.000,9999.000,9999.000,9999.000,9999.000,9999.000,9999.000
202606202012,   1.662,   1.958,9999.000,9999.000,9999.000,9999.000,9999.000,9999.000,9999.000
202606202018,   1.582,   1.889,9999.000,9999.000,9999.000,9999.000,9999.000,9999.000,9999.000
202606202024,   1.503,   1.718,9999.000,9999.000,9999.000,9999.000,9999.000,9999.000,9999.000
202606202030,   1.424,   1.630,9999.000,9999.000,9999.000,9999.000,9999.000,9999.000,9999.000
202606202036,   1.345,   1.580,9999.000,9999.000,9999.000,9999.000,9999.000,9999.000,9999.000
202606202042,   1.268,   1.548,9999.000,9999.000,9999.000,9999.000,9999.000,9999.000,9999.000
202606202048,   1.193,   1.439,9999.000,9999.000,9999.000,9999.000,9999.000,9999.000,9999.000
202606202054,   1.119,   1.361,9999.000,9999.000,9999.000,9999.000,9999.000,9999.000,9999.000
202606202100,   1.047,   1.259,   0.500,  -0.288,   1.259,   0.400,   1.159,   0.500,   1.259
202606202106,   0.977,   1.210,9999.000,9999.000,9999.000,9999.000,9999.000,9999.000,9999.000
202606202112,   0.909,   1.151,9999.000,9999.000,9999.000,9999.000,9999.000,9999.000,9999.000
202606202118,   0.844,   1.128,9999.000,9999.000,9999.000,9999.000,9999.000,9999.000,9999.000
202606202124,   0.782,   1.079,9999.000,9999.000,9999.000,9999.000,9999.000,9999.000,9999.000
202606202130,   0.723,   1.020,9999.000,9999.000,9999.000,9999.000,9999.000,9999.000,9999.000
202606202136,   0.668,   0.941,9999.000,9999.000,9999.000,9999.000,9999.000,9999.000,9999.000
202606202142,   0.615,   0.928,9999.000,9999.000,9999.000,9999.000,9999.000,9999.000,9999.000
202606202148,   0.566,   0.918,9999.000,9999.000,9999.000,9999.000,9999.000,9999.000,9999.000
202606202154,   0.521,   0.859,9999.000,9999.000,9999.000,9999.000,9999.000,9999.000,9999.000
202606202200,   0.480,   0.819,   0.500,  -0.161,   0.819,   0.400,   0.719,   0.500,   0.819
202606202206,   0.442,   0.741,9999.000,9999.000,9999.000,9999.000,9999.000,9999.000,9999.000
202606202212,   0.407,   0.718,9999.000,9999.000,9999.000,9999.000,9999.000,9999.000,9999.000
202606202218,   0.377,   0.678,9999.000,9999.000,9999.000,9999.000,9999.000,9999.000,9999.000
202606202224,   0.351,   0.659,9999.000,9999.000,9999.000,9999.000,9999.000,9999.000,9999.000
202606202230,   0.328,   0.698,9999.000,9999.000,9999.000,9999.000,9999.000,9999.000,9999.000
202606202236,   0.309,   0.639,9999.000,9999.000,9999.000,9999.000,9999.000,9999.000,9999.000
202606202242,   0.293,   0.629,9999.000,9999.000,9999.000,9999.000,9999.000,9999.000,9999.000
202606202248,   0.282,   0.629,9999.000,9999.000,9999.000,9999.000,9999.000,9999.000,9999.000
202606202254,   0.273,   0.610,9999.000,9999.000,9999.000,9999.000,9999.000,9999.000,9999.000
202606202300,   0.269,   0.649,   0.500,  -0.120,   0.649,   0.400,   0.549,   0.500,   0.649
202606202306,   0.268,   0.688,9999.000,9999.000,9999.000,9999.000,9999.000,9999.000,9999.000
202606202312,   0.270,   0.659,9999.000,9999.000,9999.000,9999.000,9999.000,9999.000,9999.000
202606202318,   0.276,   0.678,9999.000,9999.000,9999.000,9999.000,9999.000,9999.000,9999.000
202606202324,   0.285,   0.639,9999.000,9999.000,9999.000,9999.000,9999.000,9999.000,9999.000
202606202330,   0.298,   0.659,9999.000,9999.000,9999.000,9999.000,9999.000,9999.000,9999.000
202606202336,   0.314,   0.678,9999.000,9999.000,9999.000,9999.000,9999.000,9999.000,9999.000
202606202342,   0.333,   0.708,9999.000,9999.000,9999.000,9999.000,9999.000,9999.000,9999.000
202606202348,   0.355,   0.731,9999.000,9999.000,9999.000,9999.000,9999.000,9999.000,9999.000
202606202354,   0.381,   0.708,9999.000,9999.000,9999.000,9999.000,9999.000,9999.000,9999.000
202606210000,   0.410,   0.751,   0.500,  -0.159,   0.751,   0.400,   0.651,   0.500,   0.751
202606210006,   0.442,   0.810,9999.000,9999.000,9999.000,9999.000,9999.000,9999.000,9999.000
202606210012,   0.477,   0.829,9999.000,9999.000,9999.000,9999.000,9999.000,9999.000,9999.000
202606210018,   0.516,   0.879,9999.000,9999.000,9999.000,9999.000,9999.000,9999.000,9999.000
202606210024,   0.558,   0.951,9999.000,9999.000,9999.000,9999.000,9999.000,9999.000,9999.000
202606210030,   0.603,   0.970,9999.000,9999.000,9999.000,9999.000,9999.000,9999.000,9999.000
202606210036,   0.652,   1.020,9999.000,9999.000,9999.000,9999.000,9999.000,9999.000,9999.000
202606210042,   0.703,   1.049,9999.000,9999.000,9999.000,9999.000,9999.000,9999.000,9999.000
202606210048,   0.758,   1.170,9999.000,9999.000,9999.000,9999.000,9999.000,9999.000,9999.000
202606210054,   0.816,   1.200,9999.000,9999.000,9999.000,9999.000,9999.000,9999.000,9999.000
202606210100,   0.877,   1.239,   0.400,  -0.038,   1.239,   0.400,   1.239,   0.500,   1.339
202606210106,   0.941,   1.318,9999.000,9999.000,9999.000,9999.000,9999.000,9999.000,9999.000
202606210112,   1.008,   1.380,9999.000,9999.000,9999.000,9999.000,9999.000,9999.000,9999.000
202606210118,   1.078,   1.410,9999.000,9999.000,9999.000,9999.000,9999.000,9999.000,9999.000
202606210124,   1.150,   1.548,9999.000,9999.000,9999.000,9999.000,9999.000,9999.000,9999.000
202606210130,   1.224,   1.590,9999.000,9999.000,9999.000,9999.000,9999.000,9999.000,9999.000
202606210136,   1.301,   1.630,9999.000,9999.000,9999.000,9999.000,9999.000,9999.000,9999.000
202606210142,   1.379,   1.699,9999.000,9999.000,9999.000,9999.000,9999.000,9999.000,9999.000
202606210148,   1.459,   1.820,9999.000,9999.000,9999.000,9999.000,9999.000,9999.000,9999.000
202606210154,   1.540,   1.889,9999.000,9999.000,9999.000,9999.000,9999.000,9999.000,9999.000
202606210200,   1.622,   1.958,   0.400,  -0.064,   1.958,   0.400,   1.958,   0.400,   1.958
202606210206,   1.705,   2.079,9999.000,9999.000,9999.000,9999.000,9999.000,9999.000,9999.000
202606210212,   1.788,   2.128,9999.000,9999.000,9999.000,9999.000,9999.000,9999.000,9999.000
202606210218,   1.871,   2.191,9999.000,9999.000,9999.000,9999.000,9999.000,9999.000,9999.000
202606210224,   1.954,   2.279,9999.000,9999.000,9999.000,9999.000,9999.000,9999.000,9999.000
202606210230,   2.036,   2.328,9999.000,9999.000,9999.000,9999.000,9999.000,9999.000,9999.000
202606210236,   2.117,   2.400,9999.000,9999.000,9999.000,9999.000,9999.000,9999.000,9999.000
202606210242,   2.197,   2.469,9999.000,9999.000,9999.000,9999.000,9999.000,9999.000,9999.000
202606210248,   2.274,   2.558,9999.000,9999.000,9999.000,9999.000,9999.000,9999.000,9999.000
202606210254,   2.350,   2.630,9999.000,9999.000,9999.000,9999.000,9999.000,9999.000,9999.000
202606210300,   2.424,   2.728,   0.300,   0.004,   2.728,   0.300,   2.728,   0.400,   2.828
202606210306,   2.495,   2.807,9999.000,9999.000,9999.000,9999.000,9999.000,9999.000,9999.000
202606210312,   2.563,   2.899,9999.000,9999.000,9999.000,9999.000,9999.000,9999.000,9999.000
202606210318,   2.628,   2.958,9999.000,9999.000,9999.000,9999.000,9999.000,9999.000,9999.000
202606210324,   2.690,   2.958,9999.000,9999.000,9999.000,9999.000,9999.000,9999.000,9999.000
202606210330,   2.748,   3.040,9999.000,9999.000,9999.000,9999.000,9999.000,9999.000,9999.000
202606210336,   2.803,   3.119,9999.000,9999.000,9999.000,9999.000,9999.000,9999.000,9999.000
202606210342,   2.854,   3.129,9999.000,9999.000,9999.000,9999.000,9999.000,9999.000,9999.000
202606210348,   2.902,   3.178,9999.000,9999.000,9999.000,9999.000,9999.000,9999.000,9999.000
202606210354,   2.945,   3.188,9999.000,9999.000,9999.000,9999.000,9999.000,9999.000,9999.000
202606210400,   2.984,   3.230,   0.300,  -0.054,   3.230,   0.300,   3.230,   0.300,   3.230
202606210406,   3.020,   3.250,9999.000,9999.000,9999.000,9999.000,9999.000,9999.000,9999.000
202606210412,   3.051,   3.279,9999.000,9999.000,9999.000,9999.000,9999.000,9999.000,9999.000
202606210418,   3.079,   3.240,9999.000,9999.000,9999.000,9999.000,9999.000,9999.000,9999.000
202606210424,   3.103,   3.270,9999.000,9999.000,9999.000,9999.000,9999.000,9999.000,9999.000
202606210430,   3.122,   3.299,9999.000,9999.000,9999.000,9999.000,9999.000,9999.000,9999.000
202606210436,   3.138,   3.309,9999.000,9999.000,9999.000,9999.000,9999.000,9999.000,9999.000
202606210442,   3.151,   3.260,9999.000,9999.000,9999.000,9999.000,9999.000,9999.000,9999.000
202606210448,   3.159,   3.279,9999.000,9999.000,9999.000,9999.000,9999.000,9999.000,9999.000
202606210454,   3.164,   3.260,9999.000,9999.000,9999.000,9999.000,9999.000,9999.000,9999.000
202606210500,   3.166,   3.270,   0.300,  -0.196,   3.270,   0.200,   3.170,   0.300,   3.270
202606210506,   3.164,   3.329,9999.000,9999.000,9999.000,9999.000,9999.000,9999.000,9999.000
202606210512,   3.159,   3.329,9999.000,9999.000,9999.000,9999.000,9999.000,9999.000,9999.000
202606210518,   3.150,   3.309,9999.000,9999.000,9999.000,9999.000,9999.000,9999.000,9999.000
202606210524,   3.139,   3.339,9999.000,9999.000,9999.000,9999.000,9999.000,9999.000,9999.000
202606210530,   3.124,   3.299,9999.000,9999.000,9999.000,9999.000,9999.000,9999.000,9999.000
202606210536,   3.107,   3.279,9999.000,9999.000,9999.000,9999.000,9999.000,9999.000,9999.000
202606210542,   3.086,   3.289,9999.000,9999.000,9999.000,9999.000,9999.000,9999.000,9999.000
202606210548,   3.062,   3.260,9999.000,9999.000,9999.000,9999.000,9999.000,9999.000,9999.000
202606210554,   3.036,   3.230,9999.000,9999.000,9999.000,9999.000,9999.000,9999.000,9999.000
202606210600,   3.007,   3.230,   0.300,  -0.077,   3.230,   0.200,   3.130,   0.300,   3.230
202606210606,   2.975,9999.000,9999.000,9999.000,9999.000,9999.000,9999.000,9999.000,9999.000
202606210612,   2.940,9999.000,9999.000,9999.000,9999.000,9999.000,9999.000,9999.000,9999.000
202606210618,   2.903,9999.000,9999.000,9999.000,9999.000,9999.000,9999.000,9999.000,9999.000
202606210624,   2.863,9999.000,9999.000,9999.000,9999.000,9999.000,9999.000,9999.000,9999.000
202606210630,   2.821,9999.000,9999.000,9999.000,9999.000,9999.000,9999.000,9999.000,9999.000
202606210636,   2.775,9999.000,9999.000,9999.000,9999.000,9999.000,9999.000,9999.000,9999.000
202606210642,   2.728,9999.000,9999.000,9999.000,9999.000,9999.000,9999.000,9999.000,9999.000
202606210648,   2.677,9999.000,9999.000,9999.000,9999.000,9999.000,9999.000,9999.000,9999.000
202606210654,   2.624,9999.000,9999.000,9999.000,9999.000,9999.000,9999.000,9999.000,9999.000
202606210700,   2.569,9999.000,   0.300,  -0.065,   2.804,   0.200,   2.704,   0.300,   2.804
202606210706,   2.511,9999.000,9999.000,9999.000,9999.000,9999.000,9999.000,9999.000,9999.000
202606210712,   2.451,9999.000,9999.000,9999.000,9999.000,9999.000,9999.000,9999.000,9999.000
202606210718,   2.388,9999.000,9999.000,9999.000,9999.000,9999.000,9999.000,9999.000,9999.000
202606210724,   2.323,9999.000,9999.000,9999.000,9999.000,9999.000,9999.000,9999.000,9999.000
202606210730,   2.256,9999.000,9999.000,9999.000,9999.000,9999.000,9999.000,9999.000,9999.000
202606210736,   2.187,9999.000,9999.000,9999.000,9999.000,9999.000,9999.000,9999.000,9999.000
202606210742,   2.115,9999.000,9999.000,9999.000,9999.000,9999.000,9999.000,9999.000,9999.000
202606210748,   2.042,9999.000,9999.000,9999.000,9999.000,9999.000,9999.000,9999.000,9999.000
202606210754,   1.967,9999.000,9999.000,9999.000,9999.000,9999.000,9999.000,9999.000,9999.000
202606210800,   1.891,9999.000,   0.200,  -0.053,   2.038,   0.200,   2.038,   0.300,   2.138
202606210806,   1.813,9999.000,9999.000,9999.000,9999.000,9999.000,9999.000,9999.000,9999.000
202606210812,   1.734,9999.000,9999.000,9999.000,9999.000,9999.000,9999.000,9999.000,9999.000
202606210818,   1.654,9999.000,9999.000,9999.000,9999.000,9999.000,9999.000,9999.000,9999.000
202606210824,   1.573,9999.000,9999.000,9999.000,9999.000,9999.000,9999.000,9999.000,9999.000
202606210830,   1.492,9999.000,9999.000,9999.000,9999.000,9999.000,9999.000,9999.000,9999.000
202606210836,   1.411,9999.000,9999.000,9999.000,9999.000,9999.000,9999.000,9999.000,9999.000
202606210842,   1.329,9999.000,9999.000,9999.000,9999.000,9999.000,9999.000,9999.000,9999.000
202606210848,   1.248,9999.000,9999.000,9999.000,9999.000,9999.000,9999.000,9999.000,9999.000
202606210854,   1.167,9999.000,9999.000,9999.000,9999.000,9999.000,9999.000,9999.000,9999.000
202606210900,   1.087,9999.000,   0.300,  -0.042,   1.345,   0.200,   1.245,   0.300,   1.345
202606210906,   1.009,9999.000,9999.000,9999.000,9999.000,9999.000,9999.000,9999.000,9999.000
202606210912,   0.931,9999.000,9999.000,9999.000,9999.000,9999.000,9999.000,9999.000,9999.000
202606210918,   0.856,9999.000,9999.000,9999.000,9999.000,9999.000,9999.000,9999.000,9999.000
202606210924,   0.782,9999.000,9999.000,9999.000,9999.000,9999.000,9999.000,9999.000,9999.000
202606210930,   0.711,9999.000,9999.000,9999.000,9999.000,9999.000,9999.000,9999.000,9999.000
202606210936,   0.642,9999.000,9999.000,9999.000,9999.000,9999.000,9999.000,9999.000,9999.000
202606210942,   0.575,9999.000,9999.000,9999.000,9999.000,9999.000,9999.000,9999.000,9999.000
202606210948,   0.512,9999.000,9999.000,9999.000,9999.000,9999.000,9999.000,9999.000,9999.000
202606210954,   0.452,9999.000,9999.000,9999.000,9999.000,9999.000,9999.000,9999.000,9999.000
202606211000,   0.395,9999.000,   0.300,  -0.030,   0.665,   0.200,   0.565,   0.300,   0.665
202606211006,   0.341,9999.000,9999.000,9999.000,9999.000,9999.000,9999.000,9999.000,9999.000
202606211012,   0.291,9999.000,9999.000,9999.000,9999.000,9999.000,9999.000,9999.000,9999.000
202606211018,   0.244,9999.000,9999.000,9999.000,9999.000,9999.000,9999.000,9999.000,9999.000
202606211024,   0.202,9999.000,9999.000,9999.000,9999.000,9999.000,9999.000,9999.000,9999.000
202606211030,   0.163,9999.000,9999.000,9999.000,9999.000,9999.000,9999.000,9999.000,9999.000
202606211036,   0.127,9999.000,9999.000,9999.000,9999.000,9999.000,9999.000,9999.000,9999.000
202606211042,   0.096,9999.000,9999.000,9999.000,9999.000,9999.000,9999.000,9999.000,9999.000
202606211048,   0.068,9999.000,9999.000,9999.000,9999.000,9999.000,9999.000,9999.000,9999.000
202606211054,   0.045,9999.000,9999.000,9999.000,9999.000,9999.000,9999.000,9999.000,9999.000
202606211100,   0.025,9999.000,   0.300,  -0.018,   0.307,   0.200,   0.207,   0.300,   0.307
202606211106,   0.008,9999.000,9999.000,9999.000,9999.000,9999.000,9999.000,9999.000,9999.000
202606211112,  -0.003,9999.000,9999.000,9999.000,9999.000,9999.000,9999.000,9999.000,9999.000
202606211118,  -0.012,9999.000,9999.000,9999.000,9999.000,9999.000,9999.000,9999.000,9999.000
202606211124,  -0.018,9999.000,9999.000,9999.000,9999.000,9999.000,9999.000,9999.000,9999.000
202606211130,  -0.019,9999.000,9999.000,9999.000,9999.000,9999.000,9999.000,9999.000,9999.000
202606211136,  -0.018,9999.000,9999.000,9999.000,9999.000,9999.000,9999.000,9999.000,9999.000
202606211142,  -0.013,9999.000,9999.000,9999.000,9999.000,9999.000,9999.000,9999.000,9999.000
202606211148,  -0.004,9999.000,9999.000,9999.000,9999.000,9999.000,9999.000,9999.000,9999.000
202606211154,   0.007,9999.000,9999.000,9999.000,9999.000,9999.000,9999.000,9999.000,9999.000
202606211200,   0.022,9999.000,   0.200,  -0.006,   0.216,   0.200,   0.216,   0.300,   0.316
202606211206,   0.041,9999.000,9999.000,9999.000,9999.000,9999.000,9999.000,9999.000,9999.000
202606211212,   0.063,9999.000,9999.000,9999.000,9999.000,9999.000,9999.000,9999.000,9999.000
202606211218,   0.088,9999.000,9999.000,9999.000,9999.000,9999.000,9999.000,9999.000,9999.000
202606211224,   0.117,9999.000,9999.000,9999.000,9999.000,9999.000,9999.000,9999.000,9999.000
202606211230,   0.150,9999.000,9999.000,9999.000,9999.000,9999.000,9999.000,9999.000,9999.000
202606211236,   0.186,9999.000,9999.000,9999.000,9999.000,9999.000,9999.000,9999.000,9999.000
202606211242,   0.225,9999.000,9999.000,9999.000,9999.000,9999.000,9999.000,9999.000,9999.000
202606211248,   0.268,9999.000,9999.000,9999.000,9999.000,9999.000,9999.000,9999.000,9999.000
202606211254,   0.314,9999.000,9999.000,9999.000,9999.000,9999.000,9999.000,9999.000,9999.000
202606211300,   0.364,9999.000,   0.300,   0.006,   0.670,   0.200,   0.570,   0.300,   0.670
202606211306,   0.418,9999.000,9999.000,9999.000,9999.000,9999.000,9999.000,9999.000,9999.000
202606211312,   0.475,9999.000,9999.000,9999.000,9999.000,9999.000,9999.000,9999.000,9999.000
202606211318,   0.536,9999.000,9999.000,9999.000,9999.000,9999.000,9999.000,9999.000,9999.000
202606211324,   0.600,9999.000,9999.000,9999.000,9999.000,9999.000,9999.000,9999.000,9999.000
202606211330,   0.668,9999.000,9999.000,9999.000,9999.000,9999.000,9999.000,9999.000,9999.000
202606211336,   0.738,9999.000,9999.000,9999.000,9999.000,9999.000,9999.000,9999.000,9999.000
202606211342,   0.812,9999.000,9999.000,9999.000,9999.000,9999.000,9999.000,9999.000,9999.000
202606211348,   0.889,9999.000,9999.000,9999.000,9999.000,9999.000,9999.000,9999.000,9999.000
202606211354,   0.969,9999.000,9999.000,9999.000,9999.000,9999.000,9999.000,9999.000,9999.000
202606211400,   1.051,9999.000,   0.300,   0.017,   1.368,   0.300,   1.368,   0.300,   1.368
202606211406,   1.135,9999.000,9999.000,9999.000,9999.000,9999.000,9999.000,9999.000,9999.000
202606211412,   1.221,9999.000,9999.000,9999.000,9999.000,9999.000,9999.000,9999.000,9999.000
202606211418,   1.309,9999.000,9999.000,9999.000,9999.000,9999.000,9999.000,9999.000,9999.000
202606211424,   1.399,9999.000,9999.000,9999.000,9999.000,9999.000,9999.000,9999.000,9999.000
202606211430,   1.489,9999.000,9999.000,9999.000,9999.000,9999.000,9999.000,9999.000,9999.000
202606211436,   1.580,9999.000,9999.000,9999.000,9999.000,9999.000,9999.000,9999.000,9999.000
202606211442,   1.672,9999.000,9999.000,9999.000,9999.000,9999.000,9999.000,9999.000,9999.000
202606211448,   1.763,9999.000,9999.000,9999.000,9999.000,9999.000,9999.000,9999.000,9999.000
202606211454,   1.855,9999.000,9999.000,9999.000,9999.000,9999.000,9999.000,9999.000,9999.000
202606211500,   1.945,9999.000,   0.300,   0.029,   2.274,   0.300,   2.274,   0.400,   2.374
202606211506,   2.034,9999.000,9999.000,9999.000,9999.000,9999.000,9999.000,9999.000,9999.000
202606211512,   2.122,9999.000,9999.000,9999.000,9999.000,9999.000,9999.000,9999.000,9999.000
202606211518,   2.208,9999.000,9999.000,9999.000,9999.000,9999.000,9999.000,9999.000,9999.000
202606211524,   2.292,9999.000,9999.000,9999.000,9999.000,9999.000,9999.000,9999.000,9999.000
202606211530,   2.374,9999.000,9999.000,9999.000,9999.000,9999.000,9999.000,9999.000,9999.000
202606211536,   2.453,9999.000,9999.000,9999.000,9999.000,9999.000,9999.000,9999.000,9999.000
202606211542,   2.529,9999.000,9999.000,9999.000,9999.000,9999.000,9999.000,9999.000,9999.000
202606211548,   2.602,9999.000,9999.000,9999.000,9999.000,9999.000,9999.000,9999.000,9999.000
202606211554,   2.672,9999.000,9999.000,9999.000,9999.000,9999.000,9999.000,9999.000,9999.000
202606211600,   2.738,9999.000,   0.300,   0.041,   3.079,   0.300,   3.079,   0.400,   3.179
202606211606,   2.801,9999.000,9999.000,9999.000,9999.000,9999.000,9999.000,9999.000,9999.000
202606211612,   2.860,9999.000,9999.000,9999.000,9999.000,9999.000,9999.000,9999.000,9999.000
202606211618,   2.916,9999.000,9999.000,9999.000,9999.000,9999.000,9999.000,9999.000,9999.000
202606211624,   2.967,9999.000,9999.000,9999.000,9999.000,9999.000,9999.000,9999.000,9999.000
202606211630,   3.015,9999.000,9999.000,9999.000,9999.000,9999.000,9999.000,9999.000,9999.000
202606211636,   3.060,9999.000,9999.000,9999.000,9999.000,9999.000,9999.000,9999.000,9999.000
202606211642,   3.100,9999.000,9999.000,9999.000,9999.000,9999.000,9999.000,9999.000,9999.000
202606211648,   3.137,9999.000,9999.000,9999.000,9999.000,9999.000,9999.000,9999.000,9999.000
202606211654,   3.170,9999.000,9999.000,9999.000,9999.000,9999.000,9999.000,9999.000,9999.000
202606211700,   3.199,9999.000,   0.300,   0.053,   3.552,   0.300,   3.552,   0.400,   3.652
202606211706,   3.225,9999.000,9999.000,9999.000,9999.000,9999.000,9999.000,9999.000,9999.000
202606211712,   3.247,9999.000,9999.000,9999.000,9999.000,9999.000,9999.000,9999.000,9999.000
202606211718,   3.266,9999.000,9999.000,9999.000,9999.000,9999.000,9999.000,9999.000,9999.000
202606211724,   3.282,9999.000,9999.000,9999.000,9999.000,9999.000,9999.000,9999.000,9999.000
202606211730,   3.294,9999.000,9999.000,9999.000,9999.000,9999.000,9999.000,9999.000,9999.000
202606211736,   3.303,9999.000,9999.000,9999.000,9999.000,9999.000,9999.000,9999.000,9999.000
202606211742,   3.309,9999.000,9999.000,9999.000,9999.000,9999.000,9999.000,9999.000,9999.000
202606211748,   3.312,9999.000,9999.000,9999.000,9999.000,9999.000,9999.000,9999.000,9999.000
202606211754,   3.312,9999.000,9999.000,9999.000,9999.000,9999.000,9999.000,9999.000,9999.000
202606211800,   3.309,9999.000,   0.400,   0.065,   3.774,   0.300,   3.674,   0.400,   3.774
202606211806,   3.303,9999.000,9999.000,9999.000,9999.000,9999.000,9999.000,9999.000,9999.000
202606211812,   3.294,9999.000,9999.000,9999.000,9999.000,9999.000,9999.000,9999.000,9999.000
202606211818,   3.282,9999.000,9999.000,9999.000,9999.000,9999.000,9999.000,9999.000,9999.000
202606211824,   3.268,9999.000,9999.000,9999.000,9999.000,9999.000,9999.000,9999.000,9999.000
202606211830,   3.250,9999.000,9999.000,9999.000,9999.000,9999.000,9999.000,9999.000,9999.000
202606211836,   3.230,9999.000,9999.000,9999.000,9999.000,9999.000,9999.000,9999.000,9999.000
202606211842,   3.206,9999.000,9999.000,9999.000,9999.000,9999.000,9999.000,9999.000,9999.000
202606211848,   3.180,9999.000,9999.000,9999.000,9999.000,9999.000,9999.000,9999.000,9999.000
202606211854,   3.151,9999.000,9999.000,9999.000,9999.000,9999.000,9999.000,9999.000,9999.000
202606211900,   3.119,9999.000,   0.400,   0.065,   3.584,   0.400,   3.584,   0.500,   3.684
202606211906,   3.084,9999.000,9999.000,9999.000,9999.000,9999.000,9999.000,9999.000,9999.000
202606211912,   3.046,9999.000,9999.000,9999.000,9999.000,9999.000,9999.000,9999.000,9999.000
202606211918,   3.006,9999.000,9999.000,9999.000,9999.000,9999.000,9999.000,9999.000,9999.000
202606211924,   2.962,9999.000,9999.000,9999.000,9999.000,9999.000,9999.000,9999.000,9999.000
202606211930,   2.915,9999.000,9999.000,9999.000,9999.000,9999.000,9999.000,9999.000,9999.000
202606211936,   2.866,9999.000,9999.000,9999.000,9999.000,9999.000,9999.000,9999.000,9999.000
202606211942,   2.814,9999.000,9999.000,9999.000,9999.000,9999.000,9999.000,9999.000,9999.000
202606211948,   2.758,9999.000,9999.000,9999.000,9999.000,9999.000,9999.000,9999.000,9999.000
202606211954,   2.701,9999.000,9999.000,9999.000,9999.000,9999.000,9999.000,9999.000,9999.000
202606212000,   2.640,9999.000,   0.400,   0.065,   3.105,   0.400,   3.105,   0.500,   3.205
202606212006,   2.577,9999.000,9999.000,9999.000,9999.000,9999.000,9999.000,9999.000,9999.000
202606212012,   2.512,9999.000,9999.000,9999.000,9999.000,9999.000,9999.000,9999.000,9999.000
202606212018,   2.445,9999.000,9999.000,9999.000,9999.000,9999.000,9999.000,9999.000,9999.000
202606212024,   2.375,9999.000,9999.000,9999.000,9999.000,9999.000,9999.000,9999.000,9999.000
202606212030,   2.303,9999.000,9999.000,9999.000,9999.000,9999.000,9999.000,9999.000,9999.000
202606212036,   2.230,9999.000,9999.000,9999.000,9999.000,9999.000,9999.000,9999.000,9999.000
202606212042,   2.156,9999.000,9999.000,9999.000,9999.000,9999.000,9999.000,9999.000,9999.000
202606212048,   2.080,9999.000,9999.000,9999.000,9999.000,9999.000,9999.000,9999.000,9999.000
202606212054,   2.003,9999.000,9999.000,9999.000,9999.000,9999.000,9999.000,9999.000,9999.000
202606212100,   1.926,9999.000,   0.400,   0.065,   2.391,   0.300,   2.291,   0.500,   2.491
202606212106,   1.848,9999.000,9999.000,9999.000,9999.000,9999.000,9999.000,9999.000,9999.000
202606212112,   1.770,9999.000,9999.000,9999.000,9999.000,9999.000,9999.000,9999.000,9999.000
202606212118,   1.692,9999.000,9999.000,9999.000,9999.000,9999.000,9999.000,9999.000,9999.000
202606212124,   1.614,9999.000,9999.000,9999.000,9999.000,9999.000,9999.000,9999.000,9999.000
202606212130,   1.537,9999.000,9999.000,9999.000,9999.000,9999.000,9999.000,9999.000,9999.000
202606212136,   1.462,9999.000,9999.000,9999.000,9999.000,9999.000,9999.000,9999.000,9999.000
202606212142,   1.387,9999.000,9999.000,9999.000,9999.000,9999.000,9999.000,9999.000,9999.000
202606212148,   1.314,9999.000,9999.000,9999.000,9999.000,9999.000,9999.000,9999.000,9999.000
202606212154,   1.243,9999.000,9999.000,9999.000,9999.000,9999.000,9999.000,9999.000,9999.000
202606212200,   1.174,9999.000,   0.400,   0.065,   1.639,   0.400,   1.639,   0.500,   1.739
202606212206,   1.108,9999.000,9999.000,9999.000,9999.000,9999.000,9999.000,9999.000,9999.000
202606212212,   1.044,9999.000,9999.000,9999.000,9999.000,9999.000,9999.000,9999.000,9999.000
202606212218,   0.982,9999.000,9999.000,9999.000,9999.000,9999.000,9999.000,9999.000,9999.000
202606212224,   0.924,9999.000,9999.000,9999.000,9999.000,9999.000,9999.000,9999.000,9999.000
202606212230,   0.868,9999.000,9999.000,9999.000,9999.000,9999.000,9999.000,9999.000,9999.000
202606212236,   0.815,9999.000,9999.000,9999.000,9999.000,9999.000,9999.000,9999.000,9999.000
202606212242,   0.766,9999.000,9999.000,9999.000,9999.000,9999.000,9999.000,9999.000,9999.000
202606212248,   0.720,9999.000,9999.000,9999.000,9999.000,9999.000,9999.000,9999.000,9999.000
202606212254,   0.677,9999.000,9999.000,9999.000,9999.000,9999.000,9999.000,9999.000,9999.000
202606212300,   0.638,9999.000,   0.400,   0.065,   1.103,   0.400,   1.103,   0.500,   1.203
202606212306,   0.602,9999.000,9999.000,9999.000,9999.000,9999.000,9999.000,9999.000,9999.000
202606212312,   0.569,9999.000,9999.000,9999.000,9999.000,9999.000,9999.000,9999.000,9999.000
202606212318,   0.540,9999.000,9999.000,9999.000,9999.000,9999.000,9999.000,9999.000,9999.000
202606212324,   0.514,9999.000,9999.000,9999.000,9999.000,9999.000,9999.000,9999.000,9999.000
202606212330,   0.491,9999.000,9999.000,9999.000,9999.000,9999.000,9999.000,9999.000,9999.000
202606212336,   0.471,9999.000,9999.000,9999.000,9999.000,9999.000,9999.000,9999.000,9999.000
202606212342,   0.454,9999.000,9999.000,9999.000,9999.000,9999.000,9999.000,9999.000,9999.000
202606212348,   0.441,9999.000,9999.000,9999.000,9999.000,9999.000,9999.000,9999.000,9999.000
202606212354,   0.430,9999.000,9999.000,9999.000,9999.000,9999.000,9999.000,9999.000,9999.000
202606220000,   0.423,9999.000,   0.400,   0.065,   0.888,   0.300,   0.788,   0.400,   0.888
202606220006,   0.418,9999.000,9999.000,9999.000,9999.000,9999.000,9999.000,9999.000,9999.000
202606220012,   0.417,9999.000,9999.000,9999.000,9999.000,9999.000,9999.000,9999.000,9999.000
202606220018,   0.418,9999.000,9999.000,9999.000,9999.000,9999.000,9999.000,9999.000,9999.000
202606220024,   0.422,9999.000,9999.000,9999.000,9999.000,9999.000,9999.000,9999.000,9999.000
202606220030,   0.429,9999.000,9999.000,9999.000,9999.000,9999.000,9999.000,9999.000,9999.000
202606220036,   0.440,9999.000,9999.000,9999.000,9999.000,9999.000,9999.000,9999.000,9999.000
202606220042,   0.453,9999.000,9999.000,9999.000,9999.000,9999.000,9999.000,9999.000,9999.000
202606220048,   0.469,9999.000,9999.000,9999.000,9999.000,9999.000,9999.000,9999.000,9999.000
202606220054,   0.488,9999.000,9999.000,9999.000,9999.000,9999.000,9999.000,9999.000,9999.000
202606220100,   0.511,9999.000,   0.400,   0.065,   0.976,   0.300,   0.876,   0.400,   0.976
202606220106,   0.537,9999.000,9999.000,9999.000,9999.000,9999.000,9999.000,9999.000,9999.000
202606220112,   0.565,9999.000,9999.000,9999.000,9999.000,9999.000,9999.000,9999.000,9999.000
202606220118,   0.597,9999.000,9999.000,9999.000,9999.000,9999.000,9999.000,9999.000,9999.000
202606220124,   0.633,9999.000,9999.000,9999.000,9999.000,9999.000,9999.000,9999.000,9999.000
202606220130,   0.671,9999.000,9999.000,9999.000,9999.000,9999.000,9999.000,9999.000,9999.000
202606220136,   0.713,9999.000,9999.000,9999.000,9999.000,9999.000,9999.000,9999.000,9999.000
202606220142,   0.759,9999.000,9999.000,9999.000,9999.000,9999.000,9999.000,9999.000,9999.000
202606220148,   0.807,9999.000,9999.000,9999.000,9999.000,9999.000,9999.000,9999.000,9999.000
202606220154,   0.859,9999.000,9999.000,9999.000,9999.000,9999.000,9999.000,9999.000,9999.000
202606220200,   0.913,9999.000,   0.400,   0.065,   1.378,   0.300,   1.278,   0.400,   1.378
202606220206,   0.971,9999.000,9999.000,9999.000,9999.000,9999.000,9999.000,9999.000,9999.000
202606220212,   1.031,9999.000,9999.000,9999.000,9999.000,9999.000,9999.000,9999.000,9999.000
202606220218,   1.094,9999.000,9999.000,9999.000,9999.000,9999.000,9999.000,9999.000,9999.000
202606220224,   1.159,9999.000,9999.000,9999.000,9999.000,9999.000,9999.000,9999.000,9999.000
202606220230,   1.226,9999.000,9999.000,9999.000,9999.000,9999.000,9999.000,9999.000,9999.000
202606220236,   1.295,9999.000,9999.000,9999.000,9999.000,9999.000,9999.000,9999.000,9999.000
202606220242,   1.366,9999.000,9999.000,9999.000,9999.000,9999.000,9999.000,9999.000,9999.000
202606220248,   1.437,9999.000,9999.000,9999.000,9999.000,9999.000,9999.000,9999.000,9999.000
202606220254,   1.510,9999.000,9999.000,9999.000,9999.000,9999.000,9999.000,9999.000,9999.000
202606220300,   1.583,9999.000,   0.300,   0.065,   1.948,   0.300,   1.948,   0.400,   2.048
202606220306,   1.657,9999.000,9999.000,9999.000,9999.000,9999.000,9999.000,9999.000,9999.000
202606220312,   1.730,9999.000,9999.000,9999.000,9999.000,9999.000,9999.000,9999.000,9999.000
202606220318,   1.803,9999.000,9999.000,9999.000,9999.000,9999.000,9999.000,9999.000,9999.000
202606220324,   1.876,9999.000,9999.000,9999.000,9999.000,9999.000,9999.000,9999.000,9999.000
202606220330,   1.947,9999.000,9999.000,9999.000,9999.000,9999.000,9999.000,9999.000,9999.000
202606220336,   2.016,9999.000,9999.000,9999.000,9999.000,9999.000,9999.000,9999.000,9999.000
202606220342,   2.084,9999.000,9999.000,9999.000,9999.000,9999.000,9999.000,9999.000,9999.000
202606220348,   2.150,9999.000,9999.000,9999.000,9999.000,9999.000,9999.000,9999.000,9999.000
202606220354,   2.213,9999.000,9999.000,9999.000,9999.000,9999.000,9999.000,9999.000,9999.000
202606220400,   2.274,9999.000,   0.300,   0.065,   2.639,   0.200,   2.539,   0.400,   2.739
202606220406,   2.332,9999.000,9999.000,9999.000,9999.000,9999.000,9999.000,9999.000,9999.000
202606220412,   2.388,9999.000,9999.000,9999.000,9999.000,9999.000,9999.000,9999.000,9999.000
202606220418,   2.440,9999.000,9999.000,9999.000,9999.000,9999.000,9999.000,9999.000,9999.000
202606220424,   2.489,9999.000,9999.000,9999.000,9999.000,9999.000,9999.000,9999.000,9999.000
202606220430,   2.535,9999.000,9999.000,9999.000,9999.000,9999.000,9999.000,9999.000,9999.000
202606220436,   2.577,9999.000,9999.000,9999.000,9999.000,9999.000,9999.000,9999.000,9999.000
202606220442,   2.616,9999.000,9999.000,9999.000,9999.000,9999.000,9999.000,9999.000,9999.000
202606220448,   2.652,9999.000,9999.000,9999.000,9999.000,9999.000,9999.000,9999.000,9999.000
202606220454,   2.685,9999.000,9999.000,9999.000,9999.000,9999.000,9999.000,9999.000,9999.000
202606220500,   2.714,9999.000,   0.300,   0.065,   3.079,   0.200,   2.979,   0.400,   3.179
202606220506,   2.739,9999.000,9999.000,9999.000,9999.000,9999.000,9999.000,9999.000,9999.000
202606220512,   2.762,9999.000,9999.000,9999.000,9999.000,9999.000,9999.000,9999.000,9999.000
202606220518,   2.782,9999.000,9999.000,9999.000,9999.000,9999.000,9999.000,9999.000,9999.000
202606220524,   2.798,9999.000,9999.000,9999.000,9999.000,9999.000,9999.000,9999.000,9999.000
202606220530,   2.811,9999.000,9999.000,9999.000,9999.000,9999.000,9999.000,9999.000,9999.000
202606220536,   2.822,9999.000,9999.000,9999.000,9999.000,9999.000,9999.000,9999.000,9999.000
202606220542,   2.830,9999.000,9999.000,9999.000,9999.000,9999.000,9999.000,9999.000,9999.000
202606220548,   2.835,9999.000,9999.000,9999.000,9999.000,9999.000,9999.000,9999.000,9999.000
202606220554,   2.837,9999.000,9999.000,9999.000,9999.000,9999.000,9999.000,9999.000,9999.000
202606220600,   2.837,9999.000,   0.300,   0.065,   3.202,   0.300,   3.202,   0.400,   3.302
202606220606,   2.835,9999.000,9999.000,9999.000,9999.000,9999.000,9999.000,9999.000,9999.000
202606220612,   2.830,9999.000,9999.000,9999.000,9999.000,9999.000,9999.000,9999.000,9999.000
202606220618,   2.822,9999.000,9999.000,9999.000,9999.000,9999.000,9999.000,9999.000,9999.000
202606220624,   2.813,9999.000,9999.000,9999.000,9999.000,9999.000,9999.000,9999.000,9999.000
202606220630,   2.801,9999.000,9999.000,9999.000,9999.000,9999.000,9999.000,9999.000,9999.000
202606220636,   2.786,9999.000,9999.000,9999.000,9999.000,9999.000,9999.000,9999.000,9999.000
202606220642,   2.769,9999.000,9999.000,9999.000,9999.000,9999.000,9999.000,9999.000,9999.000
202606220648,   2.750,9999.000,9999.000,9999.000,9999.000,9999.000,9999.000,9999.000,9999.000
202606220654,   2.728,9999.000,9999.000,9999.000,9999.000,9999.000,9999.000,9999.000,9999.000
202606220700,   2.704,9999.000,   0.300,   0.065,   3.069,   0.200,   2.969,   0.400,   3.169
202606220706,   2.678,9999.000,9999.000,9999.000,9999.000,9999.000,9999.000,9999.000,9999.000
202606220712,   2.649,9999.000,9999.000,9999.000,9999.000,9999.000,9999.000,9999.000,9999.000
202606220718,   2.618,9999.000,9999.000,9999.000,9999.000,9999.000,9999.000,9999.000,9999.000
202606220724,   2.584,9999.000,9999.000,9999.000,9999.000,9999.000,9999.000,9999.000,9999.000
202606220730,   2.547,9999.000,9999.000,9999.000,9999.000,9999.000,9999.000,9999.000,9999.000
202606220736,   2.508,9999.000,9999.000,9999.000,9999.000,9999.000,9999.000,9999.000,9999.000
202606220742,   2.467,9999.000,9999.000,9999.000,9999.000,9999.000,9999.000,9999.000,9999.000
202606220748,   2.422,9999.000,9999.000,9999.000,9999.000,9999.000,9999.000,9999.000,9999.000
202606220754,   2.376,9999.000,9999.000,9999.000,9999.000,9999.000,9999.000,9999.000,9999.000
202606220800,   2.326,9999.000,   0.300,   0.065,   2.691,   0.200,   2.591,   0.300,   2.691
202606220806,   2.274,9999.000,9999.000,9999.000,9999.000,9999.000,9999.000,9999.000,9999.000
202606220812,   2.220,9999.000,9999.000,9999.000,9999.000,9999.000,9999.000,9999.000,9999.000
202606220818,   2.163,9999.000,9999.000,9999.000,9999.000,9999.000,9999.000,9999.000,9999.000
202606220824,   2.104,9999.000,9999.000,9999.000,9999.000,9999.000,9999.000,9999.000,9999.000
202606220830,   2.042,9999.000,9999.000,9999.000,9999.000,9999.000,9999.000,9999.000,9999.000
202606220836,   1.979,9999.000,9999.000,9999.000,9999.000,9999.000,9999.000,9999.000,9999.000
202606220842,   1.913,9999.000,9999.000,9999.000,9999.000,9999.000,9999.000,9999.000,9999.000
202606220848,   1.846,9999.000,9999.000,9999.000,9999.000,9999.000,9999.000,9999.000,9999.000
202606220854,   1.777,9999.000,9999.000,9999.000,9999.000,9999.000,9999.000,9999.000,9999.000
202606220900,   1.707,9999.000,   0.300,   0.065,   2.072,   0.200,   1.972,   0.300,   2.072
202606220906,   1.635,9999.000,9999.000,9999.000,9999.000,9999.000,9999.000,9999.000,9999.000
202606220912,   1.563,9999.000,9999.000,9999.000,9999.000,9999.000,9999.000,9999.000,9999.000
202606220918,   1.490,9999.000,9999.000,9999.000,9999.000,9999.000,9999.000,9999.000,9999.000
202606220924,   1.416,9999.000,9999.000,9999.000,9999.000,9999.000,9999.000,9999.000,9999.000
202606220930,   1.342,9999.000,9999.000,9999.000,9999.000,9999.000,9999.000,9999.000,9999.000
202606220936,   1.269,9999.000,9999.000,9999.000,9999.000,9999.000,9999.000,9999.000,9999.000
202606220942,   1.196,9999.000,9999.000,9999.000,9999.000,9999.000,9999.000,9999.000,9999.000
202606220948,   1.123,9999.000,9999.000,9999.000,9999.000,9999.000,9999.000,9999.000,9999.000
202606220954,   1.052,9999.000,9999.000,9999.000,9999.000,9999.000,9999.000,9999.000,9999.000
202606221000,   0.982,9999.000,   0.300,   0.065,   1.347,   0.200,   1.247,   0.300,   1.347
202606221006,   0.913,9999.000,9999.000,9999.000,9999.000,9999.000,9999.000,9999.000,9999.000
202606221012,   0.846,9999.000,9999.000,9999.000,9999.000,9999.000,9999.000,9999.000,9999.000
202606221018,   0.781,9999.000,9999.000,9999.000,9999.000,9999.000,9999.000,9999.000,9999.000
202606221024,   0.718,9999.000,9999.000,9999.000,9999.000,9999.000,9999.000,9999.000,9999.000
202606221030,   0.658,9999.000,9999.000,9999.000,9999.000,9999.000,9999.000,9999.000,9999.000
202606221036,   0.600,9999.000,9999.000,9999.000,9999.000,9999.000,9999.000,9999.000,9999.000
202606221042,   0.545,9999.000,9999.000,9999.000,9999.000,9999.000,9999.000,9999.000,9999.000
202606221048,   0.494,9999.000,9999.000,9999.000,9999.000,9999.000,9999.000,9999.000,9999.000
202606221054,   0.445,9999.000,9999.000,9999.000,9999.000,9999.000,9999.000,9999.000,9999.000
202606221100,   0.399,9999.000,   0.300,   0.065,   0.764,   0.200,   0.664,   0.300,   0.764
202606221106,   0.357,9999.000,9999.000,9999.000,9999.000,9999.000,9999.000,9999.000,9999.000
202606221112,   0.318,9999.000,9999.000,9999.000,9999.000,9999.000,9999.000,9999.000,9999.000
202606221118,   0.282,9999.000,9999.000,9999.000,9999.000,9999.000,9999.000,9999.000,9999.000
202606221124,   0.250,9999.000,9999.000,9999.000,9999.000,9999.000,9999.000,9999.000,9999.000
202606221130,   0.221,9999.000,9999.000,9999.000,9999.000,9999.000,9999.000,9999.000,9999.000
202606221136,   0.196,9999.000,9999.000,9999.000,9999.000,9999.000,9999.000,9999.000,9999.000
202606221142,   0.173,9999.000,9999.000,9999.000,9999.000,9999.000,9999.000,9999.000,9999.000
202606221148,   0.155,9999.000,9999.000,9999.000,9999.000,9999.000,9999.000,9999.000,9999.000
202606221154,   0.139,9999.000,9999.000,9999.000,9999.000,9999.000,9999.000,9999.000,9999.000
202606221200,   0.127,9999.000,   0.200,   0.065,   0.392,   0.100,   0.292,   0.300,   0.492
202606221206,   0.118,9999.000,9999.000,9999.000,9999.000,9999.000,9999.000,9999.000,9999.000
202606221212,   0.112,9999.000,9999.000,9999.000,9999.000,9999.000,9999.000,9999.000,9999.000
202606221218,   0.109,9999.000,9999.000,9999.000,9999.000,9999.000,9999.000,9999.000,9999.000
202606221224,   0.109,9999.000,9999.000,9999.000,9999.000,9999.000,9999.000,9999.000,9999.000
202606221230,   0.112,9999.000,9999.000,9999.000,9999.000,9999.000,9999.000,9999.000,9999.000
202606221236,   0.119,9999.000,9999.000,9999.000,9999.000,9999.000,9999.000,9999.000,9999.000
202606221242,   0.128,9999.000,9999.000,9999.000,9999.000,9999.000,9999.000,9999.000,9999.000
202606221248,   0.141,9999.000,9999.000,9999.000,9999.000,9999.000,9999.000,9999.000,9999.000
202606221254,   0.157,9999.000,9999.000,9999.000,9999.000,9999.000,9999.000,9999.000,9999.000
202606221300,   0.176,9999.000,   0.200,   0.065,   0.441,   0.100,   0.341,   0.300,   0.541
202606221306,   0.198,9999.000,9999.000,9999.000,9999.000,9999.000,9999.000,9999.000,9999.000
202606221312,   0.223,9999.000,9999.000,9999.000,9999.000,9999.000,9999.000,9999.000,9999.000
202606221318,   0.252,9999.000,9999.000,9999.000,9999.000,9999.000,9999.000,9999.000,9999.000
202606221324,   0.284,9999.000,9999.000,9999.000,9999.000,9999.000,9999.000,9999.000,9999.000
202606221330,   0.320,9999.000,9999.000,9999.000,9999.000,9999.000,9999.000,9999.000,9999.000
202606221336,   0.359,9999.000,9999.000,9999.000,9999.000,9999.000,9999.000,9999.000,9999.000
202606221342,   0.401,9999.000,9999.000,9999.000,9999.000,9999.000,9999.000,9999.000,9999.000
202606221348,   0.447,9999.000,9999.000,9999.000,9999.000,9999.000,9999.000,9999.000,9999.000
202606221354,   0.497,9999.000,9999.000,9999.000,9999.000,9999.000,9999.000,9999.000,9999.000
202606221400,   0.550,9999.000,   0.200,   0.065,   0.815,   0.100,   0.715,   0.300,   0.915
202606221406,   0.606,9999.000,9999.000,9999.000,9999.000,9999.000,9999.000,9999.000,9999.000
202606221412,   0.666,9999.000,9999.000,9999.000,9999.000,9999.000,9999.000,9999.000,9999.000
202606221418,   0.729,9999.000,9999.000,9999.000,9999.000,9999.000,9999.000,9999.000,9999.000
202606221424,   0.796,9999.000,9999.000,9999.000,9999.000,9999.000,9999.000,9999.000,9999.000
202606221430,   0.866,9999.000,9999.000,9999.000,9999.000,9999.000,9999.000,9999.000,9999.000
202606221436,   0.938,9999.000,9999.000,9999.000,9999.000,9999.000,9999.000,9999.000,9999.000
202606221442,   1.014,9999.000,9999.000,9999.000,9999.000,9999.000,9999.000,9999.000,9999.000
202606221448,   1.092,9999.000,9999.000,9999.000,9999.000,9999.000,9999.000,9999.000,9999.000
202606221454,   1.172,9999.000,9999.000,9999.000,9999.000,9999.000,9999.000,9999.000,9999.000
202606221500,   1.254,9999.000,   0.200,   0.065,   1.519,   0.100,   1.419,   0.300,   1.619
202606221506,   1.338,9999.000,9999.000,9999.000,9999.000,9999.000,9999.000,9999.000,9999.000
202606221512,   1.423,9999.000,9999.000,9999.000,9999.000,9999.000,9999.000,9999.000,9999.000
202606221518,   1.510,9999.000,9999.000,9999.000,9999.000,9999.000,9999.000,9999.000,9999.000
202606221524,   1.597,9999.000,9999.000,9999.000,9999.000,9999.000,9999.000,9999.000,9999.000
202606221530,   1.684,9999.000,9999.000,9999.000,9999.000,9999.000,9999.000,9999.000,9999.000
202606221536,   1.771,9999.000,9999.000,9999.000,9999.000,9999.000,9999.000,9999.000,9999.000
202606221542,   1.858,9999.000,9999.000,9999.000,9999.000,9999.000,9999.000,9999.000,9999.000
202606221548,   1.944,9999.000,9999.000,9999.000,9999.000,9999.000,9999.000,9999.000,9999.000
202606221554,   2.030,9999.000,9999.000,9999.000,9999.000,9999.000,9999.000,9999.000,9999.000
202606221600,   2.114,9999.000,   0.200,   0.065,   2.379,   0.100,   2.279,   0.300,   2.479
202606221606,   2.196,9999.000,9999.000,9999.000,9999.000,9999.000,9999.000,9999.000,9999.000
202606221612,   2.276,9999.000,9999.000,9999.000,9999.000,9999.000,9999.000,9999.000,9999.000
202606221618,   2.354,9999.000,9999.000,9999.000,9999.000,9999.000,9999.000,9999.000,9999.000
202606221624,   2.430,9999.000,9999.000,9999.000,9999.000,9999.000,9999.000,9999.000,9999.000
202606221630,   2.503,9999.000,9999.000,9999.000,9999.000,9999.000,9999.000,9999.000,9999.000
202606221636,   2.573,9999.000,9999.000,9999.000,9999.000,9999.000,9999.000,9999.000,9999.000
202606221642,   2.641,9999.000,9999.000,9999.000,9999.000,9999.000,9999.000,9999.000,9999.000
202606221648,   2.705,9999.000,9999.000,9999.000,9999.000,9999.000,9999.000,9999.000,9999.000
202606221654,   2.766,9999.000,9999.000,9999.000,9999.000,9999.000,9999.000,9999.000,9999.000
202606221700,   2.824,9999.000,   0.200,   0.065,   3.089,   0.100,   2.989,   0.300,   3.189
202606221706,   2.879,9999.000,9999.000,9999.000,9999.000,9999.000,9999.000,9999.000,9999.000
202606221712,   2.930,9999.000,9999.000,9999.000,9999.000,9999.000,9999.000,9999.000,9999.000
202606221718,   2.978,9999.000,9999.000,9999.000,9999.000,9999.000,9999.000,9999.000,9999.000
202606221724,   3.023,9999.000,9999.000,9999.000,9999.000,9999.000,9999.000,9999.000,9999.000
202606221730,   3.065,9999.000,9999.000,9999.000,9999.000,9999.000,9999.000,9999.000,9999.000
202606221736,   3.103,9999.000,9999.000,9999.000,9999.000,9999.000,9999.000,9999.000,9999.000
202606221742,   3.139,9999.000,9999.000,9999.000,9999.000,9999.000,9999.000,9999.000,9999.000
202606221748,   3.171,9999.000,9999.000,9999.000,9999.000,9999.000,9999.000,9999.000,9999.000
202606221754,   3.200,9999.000,9999.000,9999.000,9999.000,9999.000,9999.000,9999.000,9999.000
202606221800,   3.227,9999.000,   0.200,   0.065,   3.492,   0.100,   3.392,   0.300,   3.592
202606221806,   3.250,9999.000,9999.000,9999.000,9999.000,9999.000,9999.000,9999.000,9999.000
202606221812,   3.271,9999.000,9999.000,9999.000,9999.000,9999.000,9999.000,9999.000,9999.000
202606221818,   3.289,9999.000,9999.000,9999.000,9999.000,9999.000,9999.000,9999.000,9999.000
202606221824,   3.304,9999.000,9999.000,9999.000,9999.000,9999.000,9999.000,9999.000,9999.000
202606221830,   3.317,9999.000,9999.000,9999.000,9999.000,9999.000,9999.000,9999.000,9999.000
202606221836,   3.327,9999.000,9999.000,9999.000,9999.000,9999.000,9999.000,9999.000,9999.000
202606221842,   3.334,9999.000,9999.000,9999.000,9999.000,9999.000,9999.000,9999.000,9999.000
202606221848,   3.338,9999.000,9999.000,9999.000,9999.000,9999.000,9999.000,9999.000,9999.000
202606221854,   3.340,9999.000,9999.000,9999.000,9999.000,9999.000,9999.000,9999.000,9999.000
202606221900,   3.338,9999.000,   0.200,   0.065,   3.603,   0.100,   3.503,   0.300,   3.703
202606221906,   3.335,9999.000,9999.000,9999.000,9999.000,9999.000,9999.000,9999.000,9999.000
202606221912,   3.328,9999.000,9999.000,9999.000,9999.000,9999.000,9999.000,9999.000,9999.000
202606221918,   3.318,9999.000,9999.000,9999.000,9999.000,9999.000,9999.000,9999.000,9999.000
202606221924,   3.306,9999.000,9999.000,9999.000,9999.000,9999.000,9999.000,9999.000,9999.000
202606221930,   3.290,9999.000,9999.000,9999.000,9999.000,9999.000,9999.000,9999.000,9999.000
202606221936,   3.272,9999.000,9999.000,9999.000,9999.000,9999.000,9999.000,9999.000,9999.000
202606221942,   3.250,9999.000,9999.000,9999.000,9999.000,9999.000,9999.000,9999.000,9999.000
202606221948,   3.225,9999.000,9999.000,9999.000,9999.000,9999.000,9999.000,9999.000,9999.000
202606221954,   3.197,9999.000,9999.000,9999.000,9999.000,9999.000,9999.000,9999.000,9999.000
202606222000,   3.166,9999.000,   0.100,   0.065,   3.331,   0.000,   3.231,   0.200,   3.431
202606222006,   3.132,9999.000,9999.000,9999.000,9999.000,9999.000,9999.000,9999.000,9999.000
202606222012,   3.094,9999.000,9999.000,9999.000,9999.000,9999.000,9999.000,9999.000,9999.000
202606222018,   3.054,9999.000,9999.000,9999.000,9999.000,9999.000,9999.000,9999.000,9999.000
202606222024,   3.010,9999.000,9999.000,9999.000,9999.000,9999.000,9999.000,9999.000,9999.000
202606222030,   2.963,9999.000,9999.000,9999.000,9999.000,9999.000,9999.000,9999.000,9999.000
202606222036,   2.912,9999.000,9999.000,9999.000,9999.000,9999.000,9999.000,9999.000,9999.000
202606222042,   2.859,9999.000,9999.000,9999.000,9999.000,9999.000,9999.000,9999.000,9999.000
202606222048,   2.803,9999.000,9999.000,9999.000,9999.000,9999.000,9999.000,9999.000,9999.000
202606222054,   2.745,9999.000,9999.000,9999.000,9999.000,9999.000,9999.000,9999.000,9999.000
202606222100,   2.683,9999.000,   0.100,   0.065,   2.848,   0.000,   2.748,   0.200,   2.948
202606222106,   2.619,9999.000,9999.000,9999.000,9999.000,9999.000,9999.000,9999.000,9999.000
202606222112,   2.553,9999.000,9999.000,9999.000,9999.000,9999.000,9999.000,9999.000,9999.000
202606222118,   2.485,9999.000,9999.000,9999.000,9999.000,9999.000,9999.000,9999.000,9999.000
202606222124,   2.415,9999.000,9999.000,9999.000,9999.000,9999.000,9999.000,9999.000,9999.000
202606222130,   2.343,9999.000,9999.000,9999.000,9999.000,9999.000,9999.000,9999.000,9999.000
202606222136,   2.270,9999.000,9999.000,9999.000,9999.000,9999.000,9999.000,9999.000,9999.000
202606222142,   2.196,9999.000,9999.000,9999.000,9999.000,9999.000,9999.000,9999.000,9999.000
202606222148,   2.121,9999.000,9999.000,9999.000,9999.000,9999.000,9999.000,9999.000,9999.000
202606222154,   2.045,9999.000,9999.000,9999.000,9999.000,9999.000,9999.000,9999.000,9999.000
202606222200,   1.969,9999.000,   0.100,   0.065,   2.134,   0.000,   2.034,   0.200,   2.234
202606222206,   1.893,9999.000,9999.000,9999.000,9999.000,9999.000,9999.000,9999.000,9999.000
202606222212,   1.817,9999.000,9999.000,9999.000,9999.000,9999.000,9999.000,9999.000,9999.000
202606222218,   1.741,9999.000,9999.000,9999.000,9999.000,9999.000,9999.000,9999.000,9999.000
202606222224,   1.666,9999.000,9999.000,9999.000,9999.000,9999.000,9999.000,9999.000,9999.000
202606222230,   1.593,9999.000,9999.000,9999.000,9999.000,9999.000,9999.000,9999.000,9999.000
202606222236,   1.520,9999.000,9999.000,9999.000,9999.000,9999.000,9999.000,9999.000,9999.000
202606222242,   1.449,9999.000,9999.000,9999.000,9999.000,9999.000,9999.000,9999.000,9999.000
202606222248,   1.380,9999.000,9999.000,9999.000,9999.000,9999.000,9999.000,9999.000,9999.000
202606222254,   1.313,9999.000,9999.000,9999.000,9999.000,9999.000,9999.000,9999.000,9999.000
202606222300,   1.248,9999.000,   0.100,   0.065,   1.413,   0.000,   1.313,   0.200,   1.513
202606222306,   1.185,9999.000,9999.000,9999.000,9999.000,9999.000,9999.000,9999.000,9999.000
202606222312,   1.125,9999.000,9999.000,9999.000,9999.000,9999.000,9999.000,9999.000,9999.000
202606222318,   1.067,9999.000,9999.000,9999.000,9999.000,9999.000,9999.000,9999.000,9999.000
202606222324,   1.012,9999.000,9999.000,9999.000,9999.000,9999.000,9999.000,9999.000,9999.000
202606222330,   0.959,9999.000,9999.000,9999.000,9999.000,9999.000,9999.000,9999.000,9999.000
202606222336,   0.910,9999.000,9999.000,9999.000,9999.000,9999.000,9999.000,9999.000,9999.000
202606222342,   0.863,9999.000,9999.000,9999.000,9999.000,9999.000,9999.000,9999.000,9999.000
202606222348,   0.819,9999.000,9999.000,9999.000,9999.000,9999.000,9999.000,9999.000,9999.000
202606222354,   0.778,9999.000,9999.000,9999.000,9999.000,9999.000,9999.000,9999.000,9999.000
202606230000,   0.740,9999.000,   0.100,   0.065,   0.905,  -0.100,   0.705,   0.200,   1.005
202606230006,   0.705,9999.000,9999.000,9999.000,9999.000,9999.000,9999.000,9999.000,9999.000
202606230012,   0.672,9999.000,9999.000,9999.000,9999.000,9999.000,9999.000,9999.000,9999.000
202606230018,   0.643,9999.000,9999.000,9999.000,9999.000,9999.000,9999.000,9999.000,9999.000
202606230024,   0.616,9999.000,9999.000,9999.000,9999.000,9999.000,9999.000,9999.000,9999.000
202606230030,   0.592,9999.000,9999.000,9999.000,9999.000,9999.000,9999.000,9999.000,9999.000
202606230036,   0.571,9999.000,9999.000,9999.000,9999.000,9999.000,9999.000,9999.000,9999.000
202606230042,   0.553,9999.000,9999.000,9999.000,9999.000,9999.000,9999.000,9999.000,9999.000
202606230048,   0.537,9999.000,9999.000,9999.000,9999.000,9999.000,9999.000,9999.000,9999.000
202606230054,   0.524,9999.000,9999.000,9999.000,9999.000,9999.000,9999.000,9999.000,9999.000
202606230100,   0.514,9999.000,   0.100,   0.065,   0.679,  -0.100,   0.479,   0.200,   0.779
202606230106,   0.506,9999.000,9999.000,9999.000,9999.000,9999.000,9999.000,9999.000,9999.000
202606230112,   0.501,9999.000,9999.000,9999.000,9999.000,9999.000,9999.000,9999.000,9999.000
202606230118,   0.500,9999.000,9999.000,9999.000,9999.000,9999.000,9999.000,9999.000,9999.000
202606230124,   0.500,9999.000,9999.000,9999.000,9999.000,9999.000,9999.000,9999.000,9999.000
202606230130,   0.504,9999.000,9999.000,9999.000,9999.000,9999.000,9999.000,9999.000,9999.000
202606230136,   0.511,9999.000,9999.000,9999.000,9999.000,9999.000,9999.000,9999.000,9999.000
202606230142,   0.521,9999.000,9999.000,9999.000,9999.000,9999.000,9999.000,9999.000,9999.000
202606230148,   0.534,9999.000,9999.000,9999.000,9999.000,9999.000,9999.000,9999.000,9999.000
202606230154,   0.550,9999.000,9999.000,9999.000,9999.000,9999.000,9999.000,9999.000,9999.000
202606230200,   0.570,9999.000,   0.000,   0.065,   0.635,  -0.100,   0.535,   0.200,   0.835
202606230206,   0.592,9999.000,9999.000,9999.000,9999.000,9999.000,9999.000,9999.000,9999.000
202606230212,   0.618,9999.000,9999.000,9999.000,9999.000,9999.000,9999.000,9999.000,9999.000
202606230218,   0.647,9999.000,9999.000,9999.000,9999.000,9999.000,9999.000,9999.000,9999.000
202606230224,   0.679,9999.000,9999.000,9999.000,9999.000,9999.000,9999.000,9999.000,9999.000
202606230230,   0.715,9999.000,9999.000,9999.000,9999.000,9999.000,9999.000,9999.000,9999.000
202606230236,   0.753,9999.000,9999.000,9999.000,9999.000,9999.000,9999.000,9999.000,9999.000
202606230242,   0.795,9999.000,9999.000,9999.000,9999.000,9999.000,9999.000,9999.000,9999.000
202606230248,   0.840,9999.000,9999.000,9999.000,9999.000,9999.000,9999.000,9999.000,9999.000
202606230254,   0.888,9999.000,9999.000,9999.000,9999.000,9999.000,9999.000,9999.000,9999.000
202606230300,   0.938,9999.000,   0.000,   0.065,   1.003,  -0.100,   0.903,   0.100,   1.103
202606230306,   0.991,9999.000,9999.000,9999.000,9999.000,9999.000,9999.000,9999.000,9999.000
202606230312,   1.046,9999.000,9999.000,9999.000,9999.000,9999.000,9999.000,9999.000,9999.000
202606230318,   1.104,9999.000,9999.000,9999.000,9999.000,9999.000,9999.000,9999.000,9999.000
202606230324,   1.163,9999.000,9999.000,9999.000,9999.000,9999.000,9999.000,9999.000,9999.000
202606230330,   1.224,9999.000,9999.000,9999.000,9999.000,9999.000,9999.000,9999.000,9999.000
202606230336,   1.286,9999.000,9999.000,9999.000,9999.000,9999.000,9999.000,9999.000,9999.000
202606230342,   1.349,9999.000,9999.000,9999.000,9999.000,9999.000,9999.000,9999.000,9999.000
202606230348,   1.413,9999.000,9999.000,9999.000,9999.000,9999.000,9999.000,9999.000,9999.000
202606230354,   1.477,9999.000,9999.000,9999.000,9999.000,9999.000,9999.000,9999.000,9999.000
202606230400,   1.541,9999.000,   0.000,   0.065,   1.606,  -0.200,   1.406,   0.100,   1.706
202606230406,   1.605,9999.000,9999.000,9999.000,9999.000,9999.000,9999.000,9999.000,9999.000
202606230412,   1.668,9999.000,9999.000,9999.000,9999.000,9999.000,9999.000,9999.000,9999.000
202606230418,   1.730,9999.000,9999.000,9999.000,9999.000,9999.000,9999.000,9999.000,9999.000
202606230424,   1.791,9999.000,9999.000,9999.000,9999.000,9999.000,9999.000,9999.000,9999.000
202606230430,   1.851,9999.000,9999.000,9999.000,9999.000,9999.000,9999.000,9999.000,9999.000
202606230436,   1.909,9999.000,9999.000,9999.000,9999.000,9999.000,9999.000,9999.000,9999.000
202606230442,   1.966,9999.000,9999.000,9999.000,9999.000,9999.000,9999.000,9999.000,9999.000
202606230448,   2.020,9999.000,9999.000,9999.000,9999.000,9999.000,9999.000,9999.000,9999.000
202606230454,   2.072,9999.000,9999.000,9999.000,9999.000,9999.000,9999.000,9999.000,9999.000
202606230500,   2.122,9999.000,   0.000,   0.065,   2.187,  -0.200,   1.987,   0.100,   2.287
202606230506,   2.169,9999.000,9999.000,9999.000,9999.000,9999.000,9999.000,9999.000,9999.000
202606230512,   2.214,9999.000,9999.000,9999.000,9999.000,9999.000,9999.000,9999.000,9999.000
202606230518,   2.256,9999.000,9999.000,9999.000,9999.000,9999.000,9999.000,9999.000,9999.000
202606230524,   2.295,9999.000,9999.000,9999.000,9999.000,9999.000,9999.000,9999.000,9999.000
202606230530,   2.332,9999.000,9999.000,9999.000,9999.000,9999.000,9999.000,9999.000,9999.000
202606230536,   2.366,9999.000,9999.000,9999.000,9999.000,9999.000,9999.000,9999.000,9999.000
202606230542,   2.398,9999.000,9999.000,9999.000,9999.000,9999.000,9999.000,9999.000,9999.000
202606230548,   2.427,9999.000,9999.000,9999.000,9999.000,9999.000,9999.000,9999.000,9999.000
202606230554,   2.453,9999.000,9999.000,9999.000,9999.000,9999.000,9999.000,9999.000,9999.000
202606230600,   2.477,9999.000,   0.000,   0.065,   2.542,  -0.100,   2.442,   0.200,   2.742
202606230606,   2.499,9999.000,9999.000,9999.000,9999.000,9999.000,9999.000,9999.000,9999.000
202606230612,   2.518,9999.000,9999.000,9999.000,9999.000,9999.000,9999.000,9999.000,9999.000
202606230618,   2.535,9999.000,9999.000,9999.000,9999.000,9999.000,9999.000,9999.000,9999.000
202606230624,   2.549,9999.000,9999.000,9999.000,9999.000,9999.000,9999.000,9999.000,9999.000
202606230630,   2.562,9999.000,9999.000,9999.000,9999.000,9999.000,9999.000,9999.000,9999.000
202606230636,   2.572,9999.000,9999.000,9999.000,9999.000,9999.000,9999.000,9999.000,9999.000
202606230642,   2.580,9999.000,9999.000,9999.000,9999.000,9999.000,9999.000,9999.000,9999.000
202606230648,   2.586,9999.000,9999.000,9999.000,9999.000,9999.000,9999.000,9999.000,9999.000
202606230654,   2.589,9999.000,9999.000,9999.000,9999.000,9999.000,9999.000,9999.000,9999.000
202606230700,   2.591,9999.000,   0.000,   0.065,   2.656,  -0.100,   2.556,   0.200,   2.856
202606230706,   2.591,9999.000,9999.000,9999.000,9999.000,9999.000,9999.000,9999.000,9999.000
202606230712,   2.588,9999.000,9999.000,9999.000,9999.000,9999.000,9999.000,9999.000,9999.000
202606230718,   2.583,9999.000,9999.000,9999.000,9999.000,9999.000,9999.000,9999.000,9999.000
202606230724,   2.576,9999.000,9999.000,9999.000,9999.000,9999.000,9999.000,9999.000,9999.000
202606230730,   2.567,9999.000,9999.000,9999.000,9999.000,9999.000,9999.000,9999.000,9999.000
202606230736,   2.556,9999.000,9999.000,9999.000,9999.000,9999.000,9999.000,9999.000,9999.000
202606230742,   2.542,9999.000,9999.000,9999.000,9999.000,9999.000,9999.000,9999.000,9999.000
202606230748,   2.525,9999.000,9999.000,9999.000,9999.000,9999.000,9999.000,9999.000,9999.000
202606230754,   2.507,9999.000,9999.000,9999.000,9999.000,9999.000,9999.000,9999.000,9999.000
202606230800,   2.486,9999.000,   0.000,   0.065,   2.551,  -0.100,   2.451,   0.200,   2.751
202606230806,   2.462,9999.000,9999.000,9999.000,9999.000,9999.000,9999.000,9999.000,9999.000
202606230812,   2.436,9999.000,9999.000,9999.000,9999.000,9999.000,9999.000,9999.000,9999.000
202606230818,   2.407,9999.000,9999.000,9999.000,9999.000,9999.000,9999.000,9999.000,9999.000
202606230824,   2.375,9999.000,9999.000,9999.000,9999.000,9999.000,9999.000,9999.000,9999.000
202606230830,   2.341,9999.000,9999.000,9999.000,9999.000,9999.000,9999.000,9999.000,9999.000
202606230836,   2.304,9999.000,9999.000,9999.000,9999.000,9999.000,9999.000,9999.000,9999.000
202606230842,   2.265,9999.000,9999.000,9999.000,9999.000,9999.000,9999.000,9999.000,9999.000
202606230848,   2.222,9999.000,9999.000,9999.000,9999.000,9999.000,9999.000,9999.000,9999.000
202606230854,   2.178,9999.000,9999.000,9999.000,9999.000,9999.000,9999.000,9999.000,9999.000
202606230900,   2.131,9999.000,   0.100,   0.065,   2.296,  -0.100,   2.096,   0.200,   2.396
202606230906,   2.081,9999.000,9999.000,9999.000,9999.000,9999.000,9999.000,9999.000,9999.000
202606230912,   2.029,9999.000,9999.000,9999.000,9999.000,9999.000,9999.000,9999.000,9999.000
202606230918,   1.975,9999.000,9999.000,9999.000,9999.000,9999.000,9999.000,9999.000,9999.000
202606230924,   1.919,9999.000,9999.000,9999.000,9999.000,9999.000,9999.000,9999.000,9999.000
202606230930,   1.861,9999.000,9999.000,9999.000,9999.000,9999.000,9999.000,9999.000,9999.000
202606230936,   1.801,9999.000,9999.000,9999.000,9999.000,9999.000,9999.000,9999.000,9999.000
202606230942,   1.740,9999.000,9999.000,9999.000,9999.000,9999.000,9999.000,9999.000,9999.000
202606230948,   1.677,9999.000,9999.000,9999.000,9999.000,9999.000,9999.000,9999.000,9999.000
202606230954,   1.613,9999.000,9999.000,9999.000,9999.000,9999.000,9999.000,9999.000,9999.000
202606231000,   1.549,9999.000,   0.100,   0.065,   1.714,   0.000,   1.614,   0.200,   1.814
202606231006,   1.483,9999.000,9999.000,9999.000,9999.000,9999.000,9999.000,9999.000,9999.000
202606231012,   1.417,9999.000,9999.000,9999.000,9999.000,9999.000,9999.000,9999.000,9999.000
202606231018,   1.351,9999.000,9999.000,9999.000,9999.000,9999.000,9999.000,9999.000,9999.000
202606231024,   1.285,9999.000,9999.000,9999.000,9999.000,9999.000,9999.000,9999.000,9999.000
202606231030,   1.220,9999.000,9999.000,9999.000,9999.000,9999.000,9999.000,9999.000,9999.000
202606231036,   1.154,9999.000,9999.000,9999.000,9999.000,9999.000,9999.000,9999.000,9999.000
202606231042,   1.090,9999.000,9999.000,9999.000,9999.000,9999.000,9999.000,9999.000,9999.000
202606231048,   1.027,9999.000,9999.000,9999.000,9999.000,9999.000,9999.000,9999.000,9999.000
202606231054,   0.965,9999.000,9999.000,9999.000,9999.000,9999.000,9999.000,9999.000,9999.000
202606231100,   0.904,9999.000,   0.100,   0.065,   1.069,   0.000,   0.969,   0.300,   1.269
202606231106,   0.845,9999.000,9999.000,9999.000,9999.000,9999.000,9999.000,9999.000,9999.000
202606231112,   0.789,9999.000,9999.000,9999.000,9999.000,9999.000,9999.000,9999.000,9999.000
202606231118,   0.734,9999.000,9999.000,9999.000,9999.000,9999.000,9999.000,9999.000,9999.000
202606231124,   0.681,9999.000,9999.000,9999.000,9999.000,9999.000,9999.000,9999.000,9999.000
202606231130,   0.632,9999.000,9999.000,9999.000,9999.000,9999.000,9999.000,9999.000,9999.000
202606231136,   0.584,9999.000,9999.000,9999.000,9999.000,9999.000,9999.000,9999.000,9999.000
202606231142,   0.539,9999.000,9999.000,9999.000,9999.000,9999.000,9999.000,9999.000,9999.000
202606231148,   0.497,9999.000,9999.000,9999.000,9999.000,9999.000,9999.000,9999.000,9999.000
202606231154,   0.458,9999.000,9999.000,9999.000,9999.000,9999.000,9999.000,9999.000,9999.000
202606231200,   0.422,9999.000,   0.100,   0.065,   0.587,   0.000,   0.487,   0.300,   0.787
202606231206,   0.389,9999.000,9999.000,9999.000,9999.000,9999.000,9999.000,9999.000,9999.000
202606231212,   0.359,9999.000,9999.000,9999.000,9999.000,9999.000,9999.000,9999.000,9999.000
202606231218,   0.332,9999.000,9999.000,9999.000,9999.000,9999.000,9999.000,9999.000,9999.000
202606231224,   0.308,9999.000,9999.000,9999.000,9999.000,9999.000,9999.000,9999.000,9999.000
202606231230,   0.287,9999.000,9999.000,9999.000,9999.000,9999.000,9999.000,9999.000,9999.000
202606231236,   0.269,9999.000,9999.000,9999.000,9999.000,9999.000,9999.000,9999.000,9999.000
202606231242,   0.254,9999.000,9999.000,9999.000,9999.000,9999.000,9999.000,9999.000,9999.000
202606231248,   0.242,9999.000,9999.000,9999.000,9999.000,9999.000,9999.000,9999.000,9999.000
202606231254,   0.233,9999.000,9999.000,9999.000,9999.000,9999.000,9999.000,9999.000,9999.000
202606231300,   0.227,9999.000,   0.200,   0.065,   0.492,   0.000,   0.292,   0.300,   0.592
202606231306,   0.224,9999.000,9999.000,9999.000,9999.000,9999.000,9999.000,9999.000,9999.000
202606231312,   0.224,9999.000,9999.000,9999.000,9999.000,9999.000,9999.000,9999.000,9999.000
202606231318,   0.227,9999.000,9999.000,9999.000,9999.000,9999.000,9999.000,9999.000,9999.000
202606231324,   0.232,9999.000,9999.000,9999.000,9999.000,9999.000,9999.000,9999.000,9999.000
202606231330,   0.241,9999.000,9999.000,9999.000,9999.000,9999.000,9999.000,9999.000,9999.000
202606231336,   0.253,9999.000,9999.000,9999.000,9999.000,9999.000,9999.000,9999.000,9999.000
202606231342,   0.268,9999.000,9999.000,9999.000,9999.000,9999.000,9999.000,9999.000,9999.000
202606231348,   0.285,9999.000,9999.000,9999.000,9999.000,9999.000,9999.000,9999.000,9999.000
202606231354,   0.306,9999.000,9999.000,9999.000,9999.000,9999.000,9999.000,9999.000,9999.000
202606231400,   0.330,9999.000,   0.200,   0.065,   0.595,   0.000,   0.395,   0.300,   0.695
202606231406,   0.357,9999.000,9999.000,9999.000,9999.000,9999.000,9999.000,9999.000,9999.000
202606231412,   0.388,9999.000,9999.000,9999.000,9999.000,9999.000,9999.000,9999.000,9999.000
202606231418,   0.421,9999.000,9999.000,9999.000,9999.000,9999.000,9999.000,9999.000,9999.000
202606231424,   0.458,9999.000,9999.000,9999.000,9999.000,9999.000,9999.000,9999.000,9999.000
202606231430,   0.498,9999.000,9999.000,9999.000,9999.000,9999.000,9999.000,9999.000,9999.000
202606231436,   0.542,9999.000,9999.000,9999.000,9999.000,9999.000,9999.000,9999.000,9999.000
202606231442,   0.589,9999.000,9999.000,9999.000,9999.000,9999.000,9999.000,9999.000,9999.000
202606231448,   0.639,9999.000,9999.000,9999.000,9999.000,9999.000,9999.000,9999.000,9999.000
202606231454,   0.693,9999.000,9999.000,9999.000,9999.000,9999.000,9999.000,9999.000,9999.000
202606231500,   0.749,9999.000,   0.200,   0.065,   1.014,   0.000,   0.814,   0.400,   1.214
202606231506,   0.809,9999.000,9999.000,9999.000,9999.000,9999.000,9999.000,9999.000,9999.000
202606231512,   0.872,9999.000,9999.000,9999.000,9999.000,9999.000,9999.000,9999.000,9999.000
202606231518,   0.937,9999.000,9999.000,9999.000,9999.000,9999.000,9999.000,9999.000,9999.000
202606231524,   1.006,9999.000,9999.000,9999.000,9999.000,9999.000,9999.000,9999.000,9999.000
202606231530,   1.076,9999.000,9999.000,9999.000,9999.000,9999.000,9999.000,9999.000,9999.000
202606231536,   1.149,9999.000,9999.000,9999.000,9999.000,9999.000,9999.000,9999.000,9999.000
202606231542,   1.225,9999.000,9999.000,9999.000,9999.000,9999.000,9999.000,9999.000,9999.000
202606231548,   1.302,9999.000,9999.000,9999.000,9999.000,9999.000,9999.000,9999.000,9999.000
202606231554,   1.380,9999.000,9999.000,9999.000,9999.000,9999.000,9999.000,9999.000,9999.000
202606231600,   1.460,9999.000,   0.200,   0.065,   1.725,   0.000,   1.525,   0.400,   1.925
202606231606,   1.541,9999.000,9999.000,9999.000,9999.000,9999.000,9999.000,9999.000,9999.000
202606231612,   1.623,9999.000,9999.000,9999.000,9999.000,9999.000,9999.000,9999.000,9999.000
202606231618,   1.705,9999.000,9999.000,9999.000,9999.000,9999.000,9999.000,9999.000,9999.000
202606231624,   1.787,9999.000,9999.000,9999.000,9999.000,9999.000,9999.000,9999.000,9999.000
202606231630,   1.869,9999.000,9999.000,9999.000,9999.000,9999.000,9999.000,9999.000,9999.000
202606231636,   1.950,9999.000,9999.000,9999.000,9999.000,9999.000,9999.000,9999.000,9999.000
202606231642,   2.031,9999.000,9999.000,9999.000,9999.000,9999.000,9999.000,9999.000,9999.000
202606231648,   2.110,9999.000,9999.000,9999.000,9999.000,9999.000,9999.000,9999.000,9999.000
202606231654,   2.188,9999.000,9999.000,9999.000,9999.000,9999.000,9999.000,9999.000,9999.000
202606231700,   2.265,9999.000,   0.300,   0.065,   2.630,   0.100,   2.430,   0.400,   2.730
202606231706,   2.339,9999.000,9999.000,9999.000,9999.000,9999.000,9999.000,9999.000,9999.000
202606231712,   2.412,9999.000,9999.000,9999.000,9999.000,9999.000,9999.000,9999.000,9999.000
202606231718,   2.483,9999.000,9999.000,9999.000,9999.000,9999.000,9999.000,9999.000,9999.000
202606231724,   2.551,9999.000,9999.000,9999.000,9999.000,9999.000,9999.000,9999.000,9999.000
202606231730,   2.617,9999.000,9999.000,9999.000,9999.000,9999.000,9999.000,9999.000,9999.000
202606231736,   2.681,9999.000,9999.000,9999.000,9999.000,9999.000,9999.000,9999.000,9999.000
202606231742,   2.741,9999.000,9999.000,9999.000,9999.000,9999.000,9999.000,9999.000,9999.000
202606231748,   2.799,9999.000,9999.000,9999.000,9999.000,9999.000,9999.000,9999.000,9999.000
202606231754,   2.855,9999.000,9999.000,9999.000,9999.000,9999.000,9999.000,9999.000,9999.000
202606231800,   2.907,9999.000,   0.300,   0.065,   3.272,   0.100,   3.072,   0.500,   3.472
202606231806,   2.957,9999.000,9999.000,9999.000,9999.000,9999.000,9999.000,9999.000,9999.000
202606231812,   3.004,9999.000,9999.000,9999.000,9999.000,9999.000,9999.000,9999.000,9999.000
202606231818,   3.049,9999.000,9999.000,9999.000,9999.000,9999.000,9999.000,9999.000,9999.000
202606231824,   3.090,9999.000,9999.000,9999.000,9999.000,9999.000,9999.000,9999.000,9999.000
202606231830,   3.129,9999.000,9999.000,9999.000,9999.000,9999.000,9999.000,9999.000,9999.000
202606231836,   3.165,9999.000,9999.000,9999.000,9999.000,9999.000,9999.000,9999.000,9999.000
202606231842,   3.198,9999.000,9999.000,9999.000,9999.000,9999.000,9999.000,9999.000,9999.000
202606231848,   3.229,9999.000,9999.000,9999.000,9999.000,9999.000,9999.000,9999.000,9999.000
202606231854,   3.257,9999.000,9999.000,9999.000,9999.000,9999.000,9999.000,9999.000,9999.000
202606231900,   3.282,9999.000,   0.400,   0.065,   3.747,   0.100,   3.447,   0.500,   3.847
202606231906,   3.305,9999.000,9999.000,9999.000,9999.000,9999.000,9999.000,9999.000,9999.000
202606231912,   3.325,9999.000,9999.000,9999.000,9999.000,9999.000,9999.000,9999.000,9999.000
202606231918,   3.342,9999.000,9999.000,9999.000,9999.000,9999.000,9999.000,9999.000,9999.000
202606231924,   3.356,9999.000,9999.000,9999.000,9999.000,9999.000,9999.000,9999.000,9999.000
202606231930,   3.368,9999.000,9999.000,9999.000,9999.000,9999.000,9999.000,9999.000,9999.000
202606231936,   3.377,9999.000,9999.000,9999.000,9999.000,9999.000,9999.000,9999.000,9999.000
202606231942,   3.383,9999.000,9999.000,9999.000,9999.000,9999.000,9999.000,9999.000,9999.000
202606231948,   3.386,9999.000,9999.000,9999.000,9999.000,9999.000,9999.000,9999.000,9999.000
202606231954,   3.387,9999.000,9999.000,9999.000,9999.000,9999.000,9999.000,9999.000,9999.000
202606232000,   3.384,9999.000,   0.400,   0.065,   3.849,   0.200,   3.649,   0.500,   3.949
202606232006,   3.378,9999.000,9999.000,9999.000,9999.000,9999.000,9999.000,9999.000,9999.000
202606232012,   3.369,9999.000,9999.000,9999.000,9999.000,9999.000,9999.000,9999.000,9999.000
202606232018,   3.357,9999.000,9999.000,9999.000,9999.000,9999.000,9999.000,9999.000,9999.000
202606232024,   3.342,9999.000,9999.000,9999.000,9999.000,9999.000,9999.000,9999.000,9999.000
202606232030,   3.323,9999.000,9999.000,9999.000,9999.000,9999.000,9999.000,9999.000,9999.000
202606232036,   3.301,9999.000,9999.000,9999.000,9999.000,9999.000,9999.000,9999.000,9999.000
202606232042,   3.276,9999.000,9999.000,9999.000,9999.000,9999.000,9999.000,9999.000,9999.000
202606232048,   3.248,9999.000,9999.000,9999.000,9999.000,9999.000,9999.000,9999.000,9999.000
202606232054,   3.216,9999.000,9999.000,9999.000,9999.000,9999.000,9999.000,9999.000,9999.000
202606232100,   3.181,9999.000,   0.400,   0.065,   3.646,   0.200,   3.446,   0.500,   3.746
202606232106,   3.143,9999.000,9999.000,9999.000,9999.000,9999.000,9999.000,9999.000,9999.000
202606232112,   3.101,9999.000,9999.000,9999.000,9999.000,9999.000,9999.000,9999.000,9999.000
202606232118,   3.057,9999.000,9999.000,9999.000,9999.000,9999.000,9999.000,9999.000,9999.000
202606232124,   3.009,9999.000,9999.000,9999.000,9999.000,9999.000,9999.000,9999.000,9999.000
202606232130,   2.959,9999.000,9999.000,9999.000,9999.000,9999.000,9999.000,9999.000,9999.000
202606232136,   2.905,9999.000,9999.000,9999.000,9999.000,9999.000,9999.000,9999.000,9999.000
202606232142,   2.849,9999.000,9999.000,9999.000,9999.000,9999.000,9999.000,9999.000,9999.000
202606232148,   2.790,9999.000,9999.000,9999.000,9999.000,9999.000,9999.000,9999.000,9999.000
202606232154,   2.729,9999.000,9999.000,9999.000,9999.000,9999.000,9999.000,9999.000,9999.000
202606232200,   2.665,9999.000,   0.400,   0.065,   3.130,   0.200,   2.930,   0.500,   3.230
202606232206,   2.599,9999.000,9999.000,9999.000,9999.000,9999.000,9999.000,9999.000,9999.000
202606232212,   2.532,9999.000,9999.000,9999.000,9999.000,9999.000,9999.000,9999.000,9999.000
202606232218,   2.462,9999.000,9999.000,9999.000,9999.000,9999.000,9999.000,9999.000,9999.000
202606232224,   2.392,9999.000,9999.000,9999.000,9999.000,9999.000,9999.000,9999.000,9999.000
202606232230,   2.320,9999.000,9999.000,9999.000,9999.000,9999.000,9999.000,9999.000,9999.000
202606232236,   2.247,9999.000,9999.000,9999.000,9999.000,9999.000,9999.000,9999.000,9999.000
202606232242,   2.173,9999.000,9999.000,9999.000,9999.000,9999.000,9999.000,9999.000,9999.000
202606232248,   2.098,9999.000,9999.000,9999.000,9999.000,9999.000,9999.000,9999.000,9999.000
202606232254,   2.024,9999.000,9999.000,9999.000,9999.000,9999.000,9999.000,9999.000,9999.000
202606232300,   1.949,9999.000,   0.400,   0.065,   2.414,   0.200,   2.214,   0.600,   2.614
202606232306,   1.875,9999.000,9999.000,9999.000,9999.000,9999.000,9999.000,9999.000,9999.000
202606232312,   1.801,9999.000,9999.000,9999.000,9999.000,9999.000,9999.000,9999.000,9999.000
202606232318,   1.727,9999.000,9999.000,9999.000,9999.000,9999.000,9999.000,9999.000,9999.000
202606232324,   1.655,9999.000,9999.000,9999.000,9999.000,9999.000,9999.000,9999.000,9999.000
202606232330,   1.584,9999.000,9999.000,9999.000,9999.000,9999.000,9999.000,9999.000,9999.000
202606232336,   1.514,9999.000,9999.000,9999.000,9999.000,9999.000,9999.000,9999.000,9999.000
202606232342,   1.446,9999.000,9999.000,9999.000,9999.000,9999.000,9999.000,9999.000,9999.000
202606232348,   1.379,9999.000,9999.000,9999.000,9999.000,9999.000,9999.000,9999.000,9999.000
202606232354,   1.315,9999.000,9999.000,9999.000,9999.000,9999.000,9999.000,9999.000,9999.000
202606240000,   1.252,9999.000,   0.400,   0.065,   1.717,   0.200,   1.517,   0.500,   1.817
202606240006,   1.192,9999.000,9999.000,9999.000,9999.000,9999.000,9999.000,9999.000,9999.000
202606240012,   1.134,9999.000,9999.000,9999.000,9999.000,9999.000,9999.000,9999.000,9999.000
202606240018,   1.078,9999.000,9999.000,9999.000,9999.000,9999.000,9999.000,9999.000,9999.000
202606240024,   1.025,9999.000,9999.000,9999.000,9999.000,9999.000,9999.000,9999.000,9999.000
202606240030,   0.975,9999.000,9999.000,9999.000,9999.000,9999.000,9999.000,9999.000,9999.000
202606240036,   0.927,9999.000,9999.000,9999.000,9999.000,9999.000,9999.000,9999.000,9999.000
202606240042,   0.882,9999.000,9999.000,9999.000,9999.000,9999.000,9999.000,9999.000,9999.000
202606240048,   0.839,9999.000,9999.000,9999.000,9999.000,9999.000,9999.000,9999.000,9999.000
202606240054,   0.799,9999.000,9999.000,9999.000,9999.000,9999.000,9999.000,9999.000,9999.000
202606240100,   0.762,9999.000,   0.400,   0.065,   1.227,   0.200,   1.027,   0.600,   1.427
202606240106,   0.728,9999.000,9999.000,9999.000,9999.000,9999.000,9999.000,9999.000,9999.000
202606240112,   0.696,9999.000,9999.000,9999.000,9999.000,9999.000,9999.000,9999.000,9999.000
202606240118,   0.667,9999.000,9999.000,9999.000,9999.000,9999.000,9999.000,9999.000,9999.000
202606240124,   0.641,9999.000,9999.000,9999.000,9999.000,9999.000,9999.000,9999.000,9999.000
202606240130,   0.618,9999.000,9999.000,9999.000,9999.000,9999.000,9999.000,9999.000,9999.000
202606240136,   0.597,9999.000,9999.000,9999.000,9999.000,9999.000,9999.000,9999.000,9999.000
202606240142,   0.579,9999.000,9999.000,9999.000,9999.000,9999.000,9999.000,9999.000,9999.000
202606240148,   0.564,9999.000,9999.000,9999.000,9999.000,9999.000,9999.000,9999.000,9999.000
202606240154,   0.551,9999.000,9999.000,9999.000,9999.000,9999.000,9999.000,9999.000,9999.000
202606240200,   0.541,9999.000,   0.500,   0.065,   1.106,   0.300,   0.906,   0.600,   1.206
202606240206,   0.534,9999.000,9999.000,9999.000,9999.000,9999.000,9999.000,9999.000,9999.000
202606240212,   0.530,9999.000,9999.000,9999.000,9999.000,9999.000,9999.000,9999.000,9999.000
202606240218,   0.528,9999.000,9999.000,9999.000,9999.000,9999.000,9999.000,9999.000,9999.000
202606240224,   0.530,9999.000,9999.000,9999.000,9999.000,9999.000,9999.000,9999.000,9999.000
202606240230,   0.534,9999.000,9999.000,9999.000,9999.000,9999.000,9999.000,9999.000,9999.000
202606240236,   0.541,9999.000,9999.000,9999.000,9999.000,9999.000,9999.000,9999.000,9999.000
202606240242,   0.551,9999.000,9999.000,9999.000,9999.000,9999.000,9999.000,9999.000,9999.000
202606240248,   0.564,9999.000,9999.000,9999.000,9999.000,9999.000,9999.000,9999.000,9999.000
202606240254,   0.580,9999.000,9999.000,9999.000,9999.000,9999.000,9999.000,9999.000,9999.000
202606240300,   0.600,9999.000,   0.500,   0.065,   1.165,   0.300,   0.965,   0.600,   1.265
202606240306,   0.622,9999.000,9999.000,9999.000,9999.000,9999.000,9999.000,9999.000,9999.000
202606240312,   0.647,9999.000,9999.000,9999.000,9999.000,9999.000,9999.000,9999.000,9999.000
202606240318,   0.675,9999.000,9999.000,9999.000,9999.000,9999.000,9999.000,9999.000,9999.000
202606240324,   0.707,9999.000,9999.000,9999.000,9999.000,9999.000,9999.000,9999.000,9999.000
202606240330,   0.741,9999.000,9999.000,9999.000,9999.000,9999.000,9999.000,9999.000,9999.000
202606240336,   0.777,9999.000,9999.000,9999.000,9999.000,9999.000,9999.000,9999.000,9999.000
202606240342,   0.817,9999.000,9999.000,9999.000,9999.000,9999.000,9999.000,9999.000,9999.000
202606240348,   0.859,9999.000,9999.000,9999.000,9999.000,9999.000,9999.000,9999.000,9999.000
202606240354,   0.904,9999.000,9999.000,9999.000,9999.000,9999.000,9999.000,9999.000,9999.000
202606240400,   0.951,9999.000,   0.500,   0.065,   1.516,   0.300,   1.316,   0.600,   1.616
202606240406,   0.999,9999.000,9999.000,9999.000,9999.000,9999.000,9999.000,9999.000,9999.000
202606240412,   1.050,9999.000,9999.000,9999.000,9999.000,9999.000,9999.000,9999.000,9999.000
202606240418,   1.102,9999.000,9999.000,9999.000,9999.000,9999.000,9999.000,9999.000,9999.000
202606240424,   1.156,9999.000,9999.000,9999.000,9999.000,9999.000,9999.000,9999.000,9999.000
202606240430,   1.211,9999.000,9999.000,9999.000,9999.000,9999.000,9999.000,9999.000,9999.000
202606240436,   1.267,9999.000,9999.000,9999.000,9999.000,9999.000,9999.000,9999.000,9999.000
202606240442,   1.323,9999.000,9999.000,9999.000,9999.000,9999.000,9999.000,9999.000,9999.000
202606240448,   1.380,9999.000,9999.000,9999.000,9999.000,9999.000,9999.000,9999.000,9999.000
202606240454,   1.437,9999.000,9999.000,9999.000,9999.000,9999.000,9999.000,9999.000,9999.000
202606240500,   1.494,9999.000,   0.500,   0.065,   2.059,   0.400,   1.959,   0.600,   2.159
202606240506,   1.550,9999.000,9999.000,9999.000,9999.000,9999.000,9999.000,9999.000,9999.000
202606240512,   1.606,9999.000,9999.000,9999.000,9999.000,9999.000,9999.000,9999.000,9999.000
202606240518,   1.660,9999.000,9999.000,9999.000,9999.000,9999.000,9999.000,9999.000,9999.000
202606240524,   1.714,9999.000,9999.000,9999.000,9999.000,9999.000,9999.000,9999.000,9999.000
202606240530,   1.767,9999.000,9999.000,9999.000,9999.000,9999.000,9999.000,9999.000,9999.000
202606240536,   1.818,9999.000,9999.000,9999.000,9999.000,9999.000,9999.000,9999.000,9999.000
202606240542,   1.868,9999.000,9999.000,9999.000,9999.000,9999.000,9999.000,9999.000,9999.000
202606240548,   1.916,9999.000,9999.000,9999.000,9999.000,9999.000,9999.000,9999.000,9999.000
202606240554,   1.962,9999.000,9999.000,9999.000,9999.000,9999.000,9999.000,9999.000,9999.000
202606240600,   2.006,9999.000,   0.500,   0.065,   2.571,   0.400,   2.471,   0.700,   2.771
202606240606,   2.048,9999.000,9999.000,9999.000,9999.000,9999.000,9999.000,9999.000,9999.000
202606240612,   2.088,9999.000,9999.000,9999.000,9999.000,9999.000,9999.000,9999.000,9999.000
202606240618,   2.126,9999.000,9999.000,9999.000,9999.000,9999.000,9999.000,9999.000,9999.000
202606240624,   2.162,9999.000,9999.000,9999.000,9999.000,9999.000,9999.000,9999.000,9999.000
202606240630,   2.196,9999.000,9999.000,9999.000,9999.000,9999.000,9999.000,9999.000,9999.000
202606240636,   2.228,9999.000,9999.000,9999.000,9999.000,9999.000,9999.000,9999.000,9999.000
202606240642,   2.257,9999.000,9999.000,9999.000,9999.000,9999.000,9999.000,9999.000,9999.000
202606240648,   2.284,9999.000,9999.000,9999.000,9999.000,9999.000,9999.000,9999.000,9999.000
202606240654,   2.310,9999.000,9999.000,9999.000,9999.000,9999.000,9999.000,9999.000,9999.000
202606240700,   2.333,9999.000,   0.500,   0.065,   2.898,   0.400,   2.798,   0.700,   3.098
202606240706,   2.353,9999.000,9999.000,9999.000,9999.000,9999.000,9999.000,9999.000,9999.000
202606240712,   2.372,9999.000,9999.000,9999.000,9999.000,9999.000,9999.000,9999.000,9999.000
202606240718,   2.389,9999.000,9999.000,9999.000,9999.000,9999.000,9999.000,9999.000,9999.000
202606240724,   2.404,9999.000,9999.000,9999.000,9999.000,9999.000,9999.000,9999.000,9999.000
202606240730,   2.416,9999.000,9999.000,9999.000,9999.000,9999.000,9999.000,9999.000,9999.000
202606240736,   2.427,9999.000,9999.000,9999.000,9999.000,9999.000,9999.000,9999.000,9999.000
202606240742,   2.435,9999.000,9999.000,9999.000,9999.000,9999.000,9999.000,9999.000,9999.000
202606240748,   2.441,9999.000,9999.000,9999.000,9999.000,9999.000,9999.000,9999.000,9999.000
202606240754,   2.445,9999.000,9999.000,9999.000,9999.000,9999.000,9999.000,9999.000,9999.000
202606240800,   2.447,9999.000,   0.500,   0.065,   3.012,   0.400,   2.912,   0.700,   3.212
202606240806,   2.446,9999.000,9999.000,9999.000,9999.000,9999.000,9999.000,9999.000,9999.000
202606240812,   2.444,9999.000,9999.000,9999.000,9999.000,9999.000,9999.000,9999.000,9999.000
202606240818,   2.439,9999.000,9999.000,9999.000,9999.000,9999.000,9999.000,9999.000,9999.000
202606240824,   2.431,9999.000,9999.000,9999.000,9999.000,9999.000,9999.000,9999.000,9999.000
202606240830,   2.422,9999.000,9999.000,9999.000,9999.000,9999.000,9999.000,9999.000,9999.000
202606240836,   2.410,9999.000,9999.000,9999.000,9999.000,9999.000,9999.000,9999.000,9999.000
202606240842,   2.395,9999.000,9999.000,9999.000,9999.000,9999.000,9999.000,9999.000,9999.000
202606240848,   2.378,9999.000,9999.000,9999.000,9999.000,9999.000,9999.000,9999.000,9999.000
202606240854,   2.359,9999.000,9999.000,9999.000,9999.000,9999.000,9999.000,9999.000,9999.000
202606240900,   2.337,9999.000,   0.600,   0.065,   3.002,   0.400,   2.802,   0.700,   3.102
202606240906,   2.312,9999.000,9999.000,9999.000,9999.000,9999.000,9999.000,9999.000,9999.000
202606240912,   2.285,9999.000,9999.000,9999.000,9999.000,9999.000,9999.000,9999.000,9999.000
202606240918,   2.256,9999.000,9999.000,9999.000,9999.000,9999.000,9999.000,9999.000,9999.000
202606240924,   2.224,9999.000,9999.000,9999.000,9999.000,9999.000,9999.000,9999.000,9999.000
202606240930,   2.189,9999.000,9999.000,9999.000,9999.000,9999.000,9999.000,9999.000,9999.000
202606240936,   2.152,9999.000,9999.000,9999.000,9999.000,9999.000,9999.000,9999.000,9999.000
202606240942,   2.113,9999.000,9999.000,9999.000,9999.000,9999.000,9999.000,9999.000,9999.000
202606240948,   2.071,9999.000,9999.000,9999.000,9999.000,9999.000,9999.000,9999.000,9999.000
202606240954,   2.027,9999.000,9999.000,9999.000,9999.000,9999.000,9999.000,9999.000,9999.000
202606241000,   1.981,9999.000,   0.600,   0.065,   2.646,   0.500,   2.546,   0.700,   2.746
202606241006,   1.933,9999.000,9999.000,9999.000,9999.000,9999.000,9999.000,9999.000,9999.000
202606241012,   1.883,9999.000,9999.000,9999.000,9999.000,9999.000,9999.000,9999.000,9999.000
202606241018,   1.831,9999.000,9999.000,9999.000,9999.000,9999.000,9999.000,9999.000,9999.000
202606241024,   1.778,9999.000,9999.000,9999.000,9999.000,9999.000,9999.000,9999.000,9999.000
202606241030,   1.723,9999.000,9999.000,9999.000,9999.000,9999.000,9999.000,9999.000,9999.000
202606241036,   1.667,9999.000,9999.000,9999.000,9999.000,9999.000,9999.000,9999.000,9999.000
202606241042,   1.609,9999.000,9999.000,9999.000,9999.000,9999.000,9999.000,9999.000,9999.000
202606241048,   1.551,9999.000,9999.000,9999.000,9999.000,9999.000,9999.000,9999.000,9999.000
202606241054,   1.491,9999.000,9999.000,9999.000,9999.000,9999.000,9999.000,9999.000,9999.000
202606241100,   1.431,9999.000,   0.600,   0.065,   2.096,   0.500,   1.996,   0.700,   2.196
202606241106,   1.371,9999.000,9999.000,9999.000,9999.000,9999.000,9999.000,9999.000,9999.000
202606241112,   1.311,9999.000,9999.000,9999.000,9999.000,9999.000,9999.000,9999.000,9999.000
202606241118,   1.251,9999.000,9999.000,9999.000,9999.000,9999.000,9999.000,9999.000,9999.000
202606241124,   1.191,9999.000,9999.000,9999.000,9999.000,9999.000,9999.000,9999.000,9999.000
202606241130,   1.131,9999.000,9999.000,9999.000,9999.000,9999.000,9999.000,9999.000,9999.000
202606241136,   1.073,9999.000,9999.000,9999.000,9999.000,9999.000,9999.000,9999.000,9999.000
202606241142,   1.015,9999.000,9999.000,9999.000,9999.000,9999.000,9999.000,9999.000,9999.000
202606241148,   0.959,9999.000,9999.000,9999.000,9999.000,9999.000,9999.000,9999.000,9999.000
202606241154,   0.904,9999.000,9999.000,9999.000,9999.000,9999.000,9999.000,9999.000,9999.000
202606241200,   0.851,9999.000,   0.600,   0.065,   1.516,   0.400,   1.316,   0.700,   1.616
202606241206,   0.799,9999.000,9999.000,9999.000,9999.000,9999.000,9999.000,9999.000,9999.000
202606241212,   0.750,9999.000,9999.000,9999.000,9999.000,9999.000,9999.000,9999.000,9999.000
202606241218,   0.702,9999.000,9999.000,9999.000,9999.000,9999.000,9999.000,9999.000,9999.000
202606241224,   0.657,9999.000,9999.000,9999.000,9999.000,9999.000,9999.000,9999.000,9999.000
202606241230,   0.615,9999.000,9999.000,9999.000,9999.000,9999.000,9999.000,9999.000,9999.000
202606241236,   0.575,9999.000,9999.000,9999.000,9999.000,9999.000,9999.000,9999.000,9999.000
202606241242,   0.538,9999.000,9999.000,9999.000,9999.000,9999.000,9999.000,9999.000,9999.000
202606241248,   0.503,9999.000,9999.000,9999.000,9999.000,9999.000,9999.000,9999.000,9999.000
202606241254,   0.472,9999.000,9999.000,9999.000,9999.000,9999.000,9999.000,9999.000,9999.000
202606241300,   0.443,9999.000,   0.600,   0.065,   1.108,   0.400,   0.908,   0.700,   1.208
202606241306,   0.417,9999.000,9999.000,9999.000,9999.000,9999.000,9999.000,9999.000,9999.000
202606241312,   0.394,9999.000,9999.000,9999.000,9999.000,9999.000,9999.000,9999.000,9999.000
202606241318,   0.375,9999.000,9999.000,9999.000,9999.000,9999.000,9999.000,9999.000,9999.000
202606241324,   0.358,9999.000,9999.000,9999.000,9999.000,9999.000,9999.000,9999.000,9999.000
202606241330,   0.344,9999.000,9999.000,9999.000,9999.000,9999.000,9999.000,9999.000,9999.000
202606241336,   0.333,9999.000,9999.000,9999.000,9999.000,9999.000,9999.000,9999.000,9999.000
202606241342,   0.326,9999.000,9999.000,9999.000,9999.000,9999.000,9999.000,9999.000,9999.000
202606241348,   0.321,9999.000,9999.000,9999.000,9999.000,9999.000,9999.000,9999.000,9999.000
202606241354,   0.319,9999.000,9999.000,9999.000,9999.000,9999.000,9999.000,9999.000,9999.000
202606241400,   0.320,9999.000,   0.600,   0.065,   0.985,   0.500,   0.885,   0.700,   1.085
202606241406,   0.324,9999.000,9999.000,9999.000,9999.000,9999.000,9999.000,9999.000,9999.000
202606241412,   0.330,9999.000,9999.000,9999.000,9999.000,9999.000,9999.000,9999.000,9999.000
202606241418,   0.340,9999.000,9999.000,9999.000,9999.000,9999.000,9999.000,9999.000,9999.000
202606241424,   0.352,9999.000,9999.000,9999.000,9999.000,9999.000,9999.000,9999.000,9999.000
202606241430,   0.368,9999.000,9999.000,9999.000,9999.000,9999.000,9999.000,9999.000,9999.000
202606241436,   0.386,9999.000,9999.000,9999.000,9999.000,9999.000,9999.000,9999.000,9999.000
202606241442,   0.407,9999.000,9999.000,9999.000,9999.000,9999.000,9999.000,9999.000,9999.000
202606241448,   0.430,9999.000,9999.000,9999.000,9999.000,9999.000,9999.000,9999.000,9999.000
202606241454,   0.457,9999.000,9999.000,9999.000,9999.000,9999.000,9999.000,9999.000,9999.000
202606241500,   0.487,9999.000,   0.600,   0.065,   1.152,   0.500,   1.052,   0.700,   1.252
202606241506,   0.519,9999.000,9999.000,9999.000,9999.000,9999.000,9999.000,9999.000,9999.000
202606241512,   0.554,9999.000,9999.000,9999.000,9999.000,9999.000,9999.000,9999.000,9999.000
202606241518,   0.593,9999.000,9999.000,9999.000,9999.000,9999.000,9999.000,9999.000,9999.000
202606241524,   0.634,9999.000,9999.000,9999.000,9999.000,9999.000,9999.000,9999.000,9999.000
202606241530,   0.678,9999.000,9999.000,9999.000,9999.000,9999.000,9999.000,9999.000,9999.000
202606241536,   0.725,9999.000,9999.000,9999.000,9999.000,9999.000,9999.000,9999.000,9999.000
202606241542,   0.775,9999.000,9999.000,9999.000,9999.000,9999.000,9999.000,9999.000,9999.000
202606241548,   0.828,9999.000,9999.000,9999.000,9999.000,9999.000,9999.000,9999.000,9999.000
202606241554,   0.884,9999.000,9999.000,9999.000,9999.000,9999.000,9999.000,9999.000,9999.000
202606241600,   0.942,9999.000,   0.600,   0.065,   1.607,   0.500,   1.507,   0.700,   1.707
202606241606,   1.003,9999.000,9999.000,9999.000,9999.000,9999.000,9999.000,9999.000,9999.000
202606241612,   1.067,9999.000,9999.000,9999.000,9999.000,9999.000,9999.000,9999.000,9999.000
202606241618,   1.132,9999.000,9999.000,9999.000,9999.000,9999.000,9999.000,9999.000,9999.000
202606241624,   1.200,9999.000,9999.000,9999.000,9999.000,9999.000,9999.000,9999.000,9999.000
202606241630,   1.271,9999.000,9999.000,9999.000,9999.000,9999.000,9999.000,9999.000,9999.000
202606241636,   1.342,9999.000,9999.000,9999.000,9999.000,9999.000,9999.000,9999.000,9999.000
202606241642,   1.416,9999.000,9999.000,9999.000,9999.000,9999.000,9999.000,9999.000,9999.000
202606241648,   1.491,9999.000,9999.000,9999.000,9999.000,9999.000,9999.000,9999.000,9999.000
202606241654,   1.567,9999.000,9999.000,9999.000,9999.000,9999.000,9999.000,9999.000,9999.000
202606241700,   1.644,9999.000,   0.600,   0.065,   2.309,   0.500,   2.209,   0.700,   2.409
202606241706,   1.722,9999.000,9999.000,9999.000,9999.000,9999.000,9999.000,9999.000,9999.000
202606241712,   1.800,9999.000,9999.000,9999.000,9999.000,9999.000,9999.000,9999.000,9999.000
202606241718,   1.879,9999.000,9999.000,9999.000,9999.000,9999.000,9999.000,9999.000,9999.000
202606241724,   1.957,9999.000,9999.000,9999.000,9999.000,9999.000,9999.000,9999.000,9999.000
202606241730,   2.035,9999.000,9999.000,9999.000,9999.000,9999.000,9999.000,9999.000,9999.000
202606241736,   2.112,9999.000,9999.000,9999.000,9999.000,9999.000,9999.000,9999.000,9999.000
202606241742,   2.188,9999.000,9999.000,9999.000,9999.000,9999.000,9999.000,9999.000,9999.000
202606241748,   2.264,9999.000,9999.000,9999.000,9999.000,9999.000,9999.000,9999.000,9999.000
202606241754,   2.338,9999.000,9999.000,9999.000,9999.000,9999.000,9999.000,9999.000,9999.000
202606241800,   2.410,9999.000,   0.600,   0.065,   3.075,   0.500,   2.975,   0.700,   3.175
202606241806,   2.481,9999.000,9999.000,9999.000,9999.000,9999.000,9999.000,9999.000,9999.000
202606241812,   2.550,9999.000,9999.000,9999.000,9999.000,9999.000,9999.000,9999.000,9999.000
202606241818,   2.617,9999.000,9999.000,9999.000,9999.000,9999.000,9999.000,9999.000,9999.000
202606241824,   2.681,9999.000,9999.000,9999.000,9999.000,9999.000,9999.000,9999.000,9999.000
202606241830,   2.744,9999.000,9999.000,9999.000,9999.000,9999.000,9999.000,9999.000,9999.000
202606241836,   2.804,9999.000,9999.000,9999.000,9999.000,9999.000,9999.000,9999.000,9999.000
202606241842,   2.861,9999.000,9999.000,9999.000,9999.000,9999.000,9999.000,9999.000,9999.000
202606241848,   2.916,9999.000,9999.000,9999.000,9999.000,9999.000,9999.000,9999.000,9999.000
202606241854,   2.968,9999.000,9999.000,9999.000,9999.000,9999.000,9999.000,9999.000,9999.000
202606241900,   3.018,9999.000,   0.600,   0.065,   3.683,   0.500,   3.583,   0.700,   3.783
202606241906,   3.065,9999.000,9999.000,9999.000,9999.000,9999.000,9999.000,9999.000,9999.000
202606241912,   3.109,9999.000,9999.000,9999.000,9999.000,9999.000,9999.000,9999.000,9999.000
202606241918,   3.150,9999.000,9999.000,9999.000,9999.000,9999.000,9999.000,9999.000,9999.000
202606241924,   3.189,9999.000,9999.000,9999.000,9999.000,9999.000,9999.000,9999.000,9999.000
202606241930,   3.225,9999.000,9999.000,9999.000,9999.000,9999.000,9999.000,9999.000,9999.000
202606241936,   3.258,9999.000,9999.000,9999.000,9999.000,9999.000,9999.000,9999.000,9999.000
202606241942,   3.288,9999.000,9999.000,9999.000,9999.000,9999.000,9999.000,9999.000,9999.000
202606241948,   3.315,9999.000,9999.000,9999.000,9999.000,9999.000,9999.000,9999.000,9999.000
202606241954,   3.339,9999.000,9999.000,9999.000,9999.000,9999.000,9999.000,9999.000,9999.000
202606242000,   3.361,9999.000,   0.600,   0.065,   4.026,   0.500,   3.926,   0.700,   4.126
202606242006,   3.379,9999.000,9999.000,9999.000,9999.000,9999.000,9999.000,9999.000,9999.000
202606242012,   3.395,9999.000,9999.000,9999.000,9999.000,9999.000,9999.000,9999.000,9999.000
202606242018,   3.407,9999.000,9999.000,9999.000,9999.000,9999.000,9999.000,9999.000,9999.000
202606242024,   3.417,9999.000,9999.000,9999.000,9999.000,9999.000,9999.000,9999.000,9999.000
202606242030,   3.423,9999.000,9999.000,9999.000,9999.000,9999.000,9999.000,9999.000,9999.000
202606242036,   3.427,9999.000,9999.000,9999.000,9999.000,9999.000,9999.000,9999.000,9999.000
202606242042,   3.427,9999.000,9999.000,9999.000,9999.000,9999.000,9999.000,9999.000,9999.000
202606242048,   3.425,9999.000,9999.000,9999.000,9999.000,9999.000,9999.000,9999.000,9999.000
202606242054,   3.419,9999.000,9999.000,9999.000,9999.000,9999.000,9999.000,9999.000,9999.000
202606242100,   3.410,9999.000,   0.600,   0.065,   4.075,   0.500,   3.975,   0.700,   4.175
202606242106,   3.398,9999.000,9999.000,9999.000,9999.000,9999.000,9999.000,9999.000,9999.000
202606242112,   3.383,9999.000,9999.000,9999.000,9999.000,9999.000,9999.000,9999.000,9999.000
202606242118,   3.365,9999.000,9999.000,9999.000,9999.000,9999.000,9999.000,9999.000,9999.000
202606242124,   3.343,9999.000,9999.000,9999.000,9999.000,9999.000,9999.000,9999.000,9999.000
202606242130,   3.319,9999.000,9999.000,9999.000,9999.000,9999.000,9999.000,9999.000,9999.000
202606242136,   3.291,9999.000,9999.000,9999.000,9999.000,9999.000,9999.000,9999.000,9999.000
202606242142,   3.260,9999.000,9999.000,9999.000,9999.000,9999.000,9999.000,9999.000,9999.000
202606242148,   3.225,9999.000,9999.000,9999.000,9999.000,9999.000,9999.000,9999.000,9999.000
202606242154,   3.188,9999.000,9999.000,9999.000,9999.000,9999.000,9999.000,9999.000,9999.000
202606242200,   3.148,9999.000,   0.600,   0.065,   3.813,   0.500,   3.713,   0.700,   3.913
202606242206,   3.104,9999.000,9999.000,9999.000,9999.000,9999.000,9999.000,9999.000,9999.000
202606242212,   3.058,9999.000,9999.000,9999.000,9999.000,9999.000,9999.000,9999.000,9999.000
202606242218,   3.008,9999.000,9999.000,9999.000,9999.000,9999.000,9999.000,9999.000,9999.000
202606242224,   2.956,9999.000,9999.000,9999.000,9999.000,9999.000,9999.000,9999.000,9999.000
202606242230,   2.901,9999.000,9999.000,9999.000,9999.000,9999.000,9999.000,9999.000,9999.000
202606242236,   2.844,9999.000,9999.000,9999.000,9999.000,9999.000,9999.000,9999.000,9999.000
202606242242,   2.784,9999.000,9999.000,9999.000,9999.000,9999.000,9999.000,9999.000,9999.000
202606242248,   2.722,9999.000,9999.000,9999.000,9999.000,9999.000,9999.000,9999.000,9999.000
202606242254,   2.657,9999.000,9999.000,9999.000,9999.000,9999.000,9999.000,9999.000,9999.000
202606242300,   2.591,9999.000,   0.600,   0.065,   3.256,   0.500,   3.156,   0.700,   3.356
202606242306,   2.522,9999.000,9999.000,9999.000,9999.000,9999.000,9999.000,9999.000,9999.000
202606242312,   2.452,9999.000,9999.000,9999.000,9999.000,9999.000,9999.000,9999.000,9999.000
202606242318,   2.381,9999.000,9999.000,9999.000,9999.000,9999.000,9999.000,9999.000,9999.000
202606242324,   2.308,9999.000,9999.000,9999.000,9999.000,9999.000,9999.000,9999.000,9999.000
202606242330,   2.235,9999.000,9999.000,9999.000,9999.000,9999.000,9999.000,9999.000,9999.000
202606242336,   2.160,9999.000,9999.000,9999.000,9999.000,9999.000,9999.000,9999.000,9999.000
202606242342,   2.085,9999.000,9999.000,9999.000,9999.000,9999.000,9999.000,9999.000,9999.000
202606242348,   2.010,9999.000,9999.000,9999.000,9999.000,9999.000,9999.000,9999.000,9999.000
202606242354,   1.935,9999.000,9999.000,9999.000,9999.000,9999.000,9999.000,9999.000,9999.000
202606250000,   1.860,9999.000,   0.600,   0.065,   2.525,   0.500,   2.425,   0.700,   2.625
202606250006,   1.785,9999.000,9999.000,9999.000,9999.000,9999.000,9999.000,9999.000,9999.000
202606250012,   1.711,9999.000,9999.000,9999.000,9999.000,9999.000,9999.000,9999.000,9999.000
202606250018,   1.638,9999.000,9999.000,9999.000,9999.000,9999.000,9999.000,9999.000,9999.000
202606250024,   1.567,9999.000,9999.000,9999.000,9999.000,9999.000,9999.000,9999.000,9999.000
202606250030,   1.496,9999.000,9999.000,9999.000,9999.000,9999.000,9999.000,9999.000,9999.000
202606250036,   1.427,9999.000,9999.000,9999.000,9999.000,9999.000,9999.000,9999.000,9999.000
202606250042,   1.360,9999.000,9999.000,9999.000,9999.000,9999.000,9999.000,9999.000,9999.000
202606250048,   1.295,9999.000,9999.000,9999.000,9999.000,9999.000,9999.000,9999.000,9999.000
202606250054,   1.232,9999.000,9999.000,9999.000,9999.000,9999.000,9999.000,9999.000,9999.000
202606250100,   1.172,9999.000,   0.600,   0.065,   1.837,   0.400,   1.637,   0.700,   1.937
202606250106,   1.114,9999.000,9999.000,9999.000,9999.000,9999.000,9999.000,9999.000,9999.000
202606250112,   1.058,9999.000,9999.000,9999.000,9999.000,9999.000,9999.000,9999.000,9999.000
202606250118,   1.005,9999.000,9999.000,9999.000,9999.000,9999.000,9999.000,9999.000,9999.000
202606250124,   0.955,9999.000,9999.000,9999.000,9999.000,9999.000,9999.000,9999.000,9999.000
202606250130,   0.907,9999.000,9999.000,9999.000,9999.000,9999.000,9999.000,9999.000,9999.000
202606250136,   0.862,9999.000,9999.000,9999.000,9999.000,9999.000,9999.000,9999.000,9999.000
202606250142,   0.820,9999.000,9999.000,9999.000,9999.000,9999.000,9999.000,9999.000,9999.000
202606250148,   0.781,9999.000,9999.000,9999.000,9999.000,9999.000,9999.000,9999.000,9999.000
202606250154,   0.745,9999.000,9999.000,9999.000,9999.000,9999.000,9999.000,9999.000,9999.000
202606250200,   0.712,9999.000,   0.600,   0.065,   1.377,   0.400,   1.177,   0.700,   1.477
202606250206,   0.681,9999.000,9999.000,9999.000,9999.000,9999.000,9999.000,9999.000,9999.000
202606250212,   0.653,9999.000,9999.000,9999.000,9999.000,9999.000,9999.000,9999.000,9999.000
202606250218,   0.628,9999.000,9999.000,9999.000,9999.000,9999.000,9999.000,9999.000,9999.000
202606250224,   0.605,9999.000,9999.000,9999.000,9999.000,9999.000,9999.000,9999.000,9999.000
202606250230,   0.585,9999.000,9999.000,9999.000,9999.000,9999.000,9999.000,9999.000,9999.000
202606250236,   0.568,9999.000,9999.000,9999.000,9999.000,9999.000,9999.000,9999.000,9999.000
202606250242,   0.554,9999.000,9999.000,9999.000,9999.000,9999.000,9999.000,9999.000,9999.000
202606250248,   0.542,9999.000,9999.000,9999.000,9999.000,9999.000,9999.000,9999.000,9999.000
202606250254,   0.532,9999.000,9999.000,9999.000,9999.000,9999.000,9999.000,9999.000,9999.000
202606250300,   0.525,9999.000,   0.500,   0.065,   1.090,   0.400,   0.990,   0.700,   1.290
202606250306,   0.521,9999.000,9999.000,9999.000,9999.000,9999.000,9999.000,9999.000,9999.000
202606250312,   0.519,9999.000,9999.000,9999.000,9999.000,9999.000,9999.000,9999.000,9999.000
202606250318,   0.520,9999.000,9999.000,9999.000,9999.000,9999.000,9999.000,9999.000,9999.000
202606250324,   0.524,9999.000,9999.000,9999.000,9999.000,9999.000,9999.000,9999.000,9999.000
202606250330,   0.530,9999.000,9999.000,9999.000,9999.000,9999.000,9999.000,9999.000,9999.000
202606250336,   0.539,9999.000,9999.000,9999.000,9999.000,9999.000,9999.000,9999.000,9999.000
202606250342,   0.551,9999.000,9999.000,9999.000,9999.000,9999.000,9999.000,9999.000,9999.000
202606250348,   0.565,9999.000,9999.000,9999.000,9999.000,9999.000,9999.000,9999.000,9999.000
202606250354,   0.583,9999.000,9999.000,9999.000,9999.000,9999.000,9999.000,9999.000,9999.000
202606250400,   0.603,9999.000,   0.500,   0.065,   1.168,   0.400,   1.068,   0.600,   1.268
202606250406,   0.625,9999.000,9999.000,9999.000,9999.000,9999.000,9999.000,9999.000,9999.000
202606250412,   0.651,9999.000,9999.000,9999.000,9999.000,9999.000,9999.000,9999.000,9999.000
202606250418,   0.679,9999.000,9999.000,9999.000,9999.000,9999.000,9999.000,9999.000,9999.000
202606250424,   0.710,9999.000,9999.000,9999.000,9999.000,9999.000,9999.000,9999.000,9999.000
202606250430,   0.744,9999.000,9999.000,9999.000,9999.000,9999.000,9999.000,9999.000,9999.000
202606250436,   0.780,9999.000,9999.000,9999.000,9999.000,9999.000,9999.000,9999.000,9999.000
202606250442,   0.819,9999.000,9999.000,9999.000,9999.000,9999.000,9999.000,9999.000,9999.000
202606250448,   0.860,9999.000,9999.000,9999.000,9999.000,9999.000,9999.000,9999.000,9999.000
202606250454,   0.903,9999.000,9999.000,9999.000,9999.000,9999.000,9999.000,9999.000,9999.000
202606250500,   0.949,9999.000,   0.500,   0.065,   1.514,   0.400,   1.414,   0.600,   1.614
202606250506,   0.996,9999.000,9999.000,9999.000,9999.000,9999.000,9999.000,9999.000,9999.000
202606250512,   1.046,9999.000,9999.000,9999.000,9999.000,9999.000,9999.000,9999.000,9999.000
202606250518,   1.096,9999.000,9999.000,9999.000,9999.000,9999.000,9999.000,9999.000,9999.000
202606250524,   1.149,9999.000,9999.000,9999.000,9999.000,9999.000,9999.000,9999.000,9999.000
202606250530,   1.202,9999.000,9999.000,9999.000,9999.000,9999.000,9999.000,9999.000,9999.000
202606250536,   1.256,9999.000,9999.000,9999.000,9999.000,9999.000,9999.000,9999.000,9999.000
202606250542,   1.311,9999.000,9999.000,9999.000,9999.000,9999.000,9999.000,9999.000,9999.000
202606250548,   1.366,9999.000,9999.000,9999.000,9999.000,9999.000,9999.000,9999.000,9999.000
202606250554,   1.421,9999.000,9999.000,9999.000,9999.000,9999.000,9999.000,9999.000,9999.000
202606250600,   1.476,9999.000,   0.500,   0.065,   2.041,   0.400,   1.941,   0.600,   2.141
