        TIME,    TIDE,      OB,   SURGE,    BIAS,     TWL,SURGE90p,  TWL90p,SURGE10p,   TWL10p
202603301800,   0.152,   0.688,   0.500,   0.036,   0.688,   0.500,   0.688,   0.500,   0.688
202603301806,   0.150,9999.000,9999.000,9999.000,9999.000,9999.000,9999.000,9999.000,9999.000
202603301812,   0.148,   0.678,9999.000,9999.000,9999.000,9999.000,9999.000,9999.000,9999.000
202603301818,   0.146,9999.000,9999.000,9999.000,9999.000,9999.000,9999.000,9999.000,9999.000
202603301824,   0.145,   0.649,9999.000,9999.000,9999.000,9999.000,9999.000,9999.000,9999.000
202603301830,   0.144,9999.000,9999.000,9999.000,9999.000,9999.000,9999.000,9999.000,9999.000
202603301836,   0.143,   0.669,9999.000,9999.000,9999.000,9999.000,9999.000,9999.000,9999.000
202603301842,   0.142,9999.000,9999.000,9999.000,9999.000,9999.000,9999.000,9999.000,9999.000
202603301848,   0.141,   0.669,9999.000,9999.000,9999.000,9999.000,9999.000,9999.000,9999.000
202603301854,   0.141,9999.000,9999.000,9999.000,9999.000,9999.000,9999.000,9999.000,9999.000
202603301900,   0.141,9999.000,   0.500,9999.000,   0.641,   0.500,   0.641,   0.600,   0.741
202603301906,   0.141,9999.000,9999.000,9999.000,9999.000,9999.000,9999.000,9999.000,9999.000
202603301912,   0.142,9999.000,9999.000,9999.000,9999.000,9999.000,9999.000,9999.000,9999.000
202603301918,   0.142,9999.000,9999.000,9999.000,9999.000,9999.000,9999.000,9999.000,9999.000
202603301924,   0.143,9999.000,9999.000,9999.000,9999.000,9999.000,9999.000,9999.000,9999.000
202603301930,   0.144,9999.000,9999.000,9999.000,9999.000,9999.000,9999.000,9999.000,9999.000
202603301936,   0.145,9999.000,9999.000,9999.000,9999.000,9999.000,9999.000,9999.000,9999.000
202603301942,   0.146,9999.000,9999.000,9999.000,9999.000,9999.000,9999.000,9999.000,9999.000
202603301948,   0.148,9999.000,9999.000,9999.000,9999.000,9999.000,9999.000,9999.000,9999.000
202603301954,   0.149,9999.000,9999.000,9999.000,9999.000,9999.000,9999.000,9999.000,9999.000
202603302000,   0.151,9999.000,   0.500,9999.000,   0.651,   0.500,   0.651,   0.600,   0.751
202603302006,   0.153,   0.678,9999.000,9999.000,9999.000,9999.000,9999.000,9999.000,9999.000
202603302012,   0.154,   0.678,9999.000,9999.000,9999.000,9999.000,9999.000,9999.000,9999.000
202603302018,   0.156,   0.678,9999.000,9999.000,9999.000,9999.000,9999.000,9999.000,9999.000
202603302024,   0.158,   0.649,9999.000,9999.000,9999.000,9999.000,9999.000,9999.000,9999.000
202603302030,   0.160,   0.629,9999.000,9999.000,9999.000,9999.000,9999.000,9999.000,9999.000
202603302036,   0.162,   0.669,9999.000,9999.000,9999.000,9999.000,9999.000,9999.000,9999.000
202603302042,   0.164,   0.649,9999.000,9999.000,9999.000,9999.000,9999.000,9999.000,9999.000
202603302048,   0.166,   0.669,9999.000,9999.000,9999.000,9999.000,9999.000,9999.000,9999.000
202603302054,   0.168,   0.678,9999.000,9999.000,9999.000,9999.000,9999.000,9999.000,9999.000
202603302100,   0.171,   0.708,   0.500,   0.037,   0.708,   0.500,   0.708,   0.500,   0.708
202603302106,   0.173,   0.698,9999.000,9999.000,9999.000,9999.000,9999.000,9999.000,9999.000
202603302112,   0.175,   0.731,9999.000,9999.000,9999.000,9999.000,9999.000,9999.000,9999.000
202603302118,   0.177,   0.678,9999.000,9999.000,9999.000,9999.000,9999.000,9999.000,9999.000
202603302124,   0.178,   0.669,9999.000,9999.000,9999.000,9999.000,9999.000,9999.000,9999.000
202603302130,   0.180,   0.731,9999.000,9999.000,9999.000,9999.000,9999.000,9999.000,9999.000
202603302136,   0.182,   0.731,9999.000,9999.000,9999.000,9999.000,9999.000,9999.000,9999.000
202603302142,   0.184,   0.669,9999.000,9999.000,9999.000,9999.000,9999.000,9999.000,9999.000
202603302148,   0.186,   0.688,9999.000,9999.000,9999.000,9999.000,9999.000,9999.000,9999.000
202603302154,   0.187,   0.718,9999.000,9999.000,9999.000,9999.000,9999.000,9999.000,9999.000
202603302200,   0.189,   0.741,   0.500,   0.052,   0.741,   0.500,   0.741,   0.500,   0.741
202603302206,   0.190,   0.731,9999.000,9999.000,9999.000,9999.000,9999.000,9999.000,9999.000
202603302212,   0.191,   0.718,9999.000,9999.000,9999.000,9999.000,9999.000,9999.000,9999.000
202603302218,   0.193,   0.731,9999.000,9999.000,9999.000,9999.000,9999.000,9999.000,9999.000
202603302224,   0.194,   0.708,9999.000,9999.000,9999.000,9999.000,9999.000,9999.000,9999.000
202603302230,   0.195,   0.731,9999.000,9999.000,9999.000,9999.000,9999.000,9999.000,9999.000
202603302236,   0.196,   0.688,9999.000,9999.000,9999.000,9999.000,9999.000,9999.000,9999.000
202603302242,   0.197,   0.688,9999.000,9999.000,9999.000,9999.000,9999.000,9999.000,9999.000
202603302248,   0.198,   0.698,9999.000,9999.000,9999.000,9999.000,9999.000,9999.000,9999.000
202603302254,   0.198,   0.760,9999.000,9999.000,9999.000,9999.000,9999.000,9999.000,9999.000
202603302300,   0.199,   0.760,   0.500,   0.061,   0.760,   0.500,   0.760,   0.500,   0.760
202603302306,   0.199,   0.698,9999.000,9999.000,9999.000,9999.000,9999.000,9999.000,9999.000
202603302312,   0.200,   0.688,9999.000,9999.000,9999.000,9999.000,9999.000,9999.000,9999.000
202603302318,   0.200,   0.698,9999.000,9999.000,9999.000,9999.000,9999.000,9999.000,9999.000
202603302324,   0.200,   0.688,9999.000,9999.000,9999.000,9999.000,9999.000,9999.000,9999.000
202603302330,   0.201,   0.718,9999.000,9999.000,9999.000,9999.000,9999.000,9999.000,9999.000
202603302336,   0.201,   0.731,9999.000,9999.000,9999.000,9999.000,9999.000,9999.000,9999.000
202603302342,   0.201,   0.731,9999.000,9999.000,9999.000,9999.000,9999.000,9999.000,9999.000
202603302348,   0.201,   0.718,9999.000,9999.000,9999.000,9999.000,9999.000,9999.000,9999.000
202603302354,   0.201,   0.698,9999.000,9999.000,9999.000,9999.000,9999.000,9999.000,9999.000
202603310000,   0.201,   0.688,   0.500,  -0.013,   0.688,   0.500,   0.688,   0.500,   0.688
202603310006,   0.200,   0.718,9999.000,9999.000,9999.000,9999.000,9999.000,9999.000,9999.000
202603310012,   0.200,   0.708,9999.000,9999.000,9999.000,9999.000,9999.000,9999.000,9999.000
202603310018,   0.200,   0.731,9999.000,9999.000,9999.000,9999.000,9999.000,9999.000,9999.000
202603310024,   0.199,   0.708,9999.000,9999.000,9999.000,9999.000,9999.000,9999.000,9999.000
202603310030,   0.199,   0.698,9999.000,9999.000,9999.000,9999.000,9999.000,9999.000,9999.000
202603310036,   0.198,   0.708,9999.000,9999.000,9999.000,9999.000,9999.000,9999.000,9999.000
202603310042,   0.198,   0.718,9999.000,9999.000,9999.000,9999.000,9999.000,9999.000,9999.000
202603310048,   0.197,   0.708,9999.000,9999.000,9999.000,9999.000,9999.000,9999.000,9999.000
202603310054,   0.196,   0.698,9999.000,9999.000,9999.000,9999.000,9999.000,9999.000,9999.000
202603310100,   0.196,   0.708,   0.500,   0.012,   0.708,   0.500,   0.708,   0.500,   0.708
202603310106,   0.195,   0.731,9999.000,9999.000,9999.000,9999.000,9999.000,9999.000,9999.000
202603310112,   0.194,   0.718,9999.000,9999.000,9999.000,9999.000,9999.000,9999.000,9999.000
202603310118,   0.193,   0.688,9999.000,9999.000,9999.000,9999.000,9999.000,9999.000,9999.000
202603310124,   0.192,   0.649,9999.000,9999.000,9999.000,9999.000,9999.000,9999.000,9999.000
202603310130,   0.191,   0.649,9999.000,9999.000,9999.000,9999.000,9999.000,9999.000,9999.000
202603310136,   0.189,   0.669,9999.000,9999.000,9999.000,9999.000,9999.000,9999.000,9999.000
202603310142,   0.188,   0.688,9999.000,9999.000,9999.000,9999.000,9999.000,9999.000,9999.000
202603310148,   0.187,   0.678,9999.000,9999.000,9999.000,9999.000,9999.000,9999.000,9999.000
202603310154,   0.185,   0.669,9999.000,9999.000,9999.000,9999.000,9999.000,9999.000,9999.000
202603310200,   0.184,   0.659,   0.500,  -0.025,   0.659,   0.500,   0.659,   0.500,   0.659
202603310206,   0.182,   0.659,9999.000,9999.000,9999.000,9999.000,9999.000,9999.000,9999.000
202603310212,   0.181,   0.649,9999.000,9999.000,9999.000,9999.000,9999.000,9999.000,9999.000
202603310218,   0.179,   0.649,9999.000,9999.000,9999.000,9999.000,9999.000,9999.000,9999.000
202603310224,   0.177,   0.649,9999.000,9999.000,9999.000,9999.000,9999.000,9999.000,9999.000
202603310230,   0.176,   0.649,9999.000,9999.000,9999.000,9999.000,9999.000,9999.000,9999.000
202603310236,   0.174,   0.639,9999.000,9999.000,9999.000,9999.000,9999.000,9999.000,9999.000
202603310242,   0.172,   0.619,9999.000,9999.000,9999.000,9999.000,9999.000,9999.000,9999.000
202603310248,   0.170,   0.600,9999.000,9999.000,9999.000,9999.000,9999.000,9999.000,9999.000
202603310254,   0.168,   0.610,9999.000,9999.000,9999.000,9999.000,9999.000,9999.000,9999.000
202603310300,   0.166,   0.610,   0.500,  -0.056,   0.610,   0.500,   0.610,   0.500,   0.610
202603310306,   0.164,   0.629,9999.000,9999.000,9999.000,9999.000,9999.000,9999.000,9999.000
202603310312,   0.162,   0.629,9999.000,9999.000,9999.000,9999.000,9999.000,9999.000,9999.000
202603310318,   0.160,   0.659,9999.000,9999.000,9999.000,9999.000,9999.000,9999.000,9999.000
202603310324,   0.158,   0.629,9999.000,9999.000,9999.000,9999.000,9999.000,9999.000,9999.000
202603310330,   0.156,   0.600,9999.000,9999.000,9999.000,9999.000,9999.000,9999.000,9999.000
202603310336,   0.154,   0.570,9999.000,9999.000,9999.000,9999.000,9999.000,9999.000,9999.000
202603310342,   0.152,   0.580,9999.000,9999.000,9999.000,9999.000,9999.000,9999.000,9999.000
202603310348,   0.150,   0.590,9999.000,9999.000,9999.000,9999.000,9999.000,9999.000,9999.000
202603310354,   0.148,   0.610,9999.000,9999.000,9999.000,9999.000,9999.000,9999.000,9999.000
202603310400,   0.146,   0.610,   0.500,  -0.036,   0.610,   0.400,   0.510,   0.500,   0.610
202603310406,   0.144,   0.590,9999.000,9999.000,9999.000,9999.000,9999.000,9999.000,9999.000
202603310412,   0.142,   0.590,9999.000,9999.000,9999.000,9999.000,9999.000,9999.000,9999.000
202603310418,   0.141,   0.600,9999.000,9999.000,9999.000,9999.000,9999.000,9999.000,9999.000
202603310424,   0.139,   0.590,9999.000,9999.000,9999.000,9999.000,9999.000,9999.000,9999.000
202603310430,   0.137,   0.590,9999.000,9999.000,9999.000,9999.000,9999.000,9999.000,9999.000
202603310436,   0.136,   0.590,9999.000,9999.000,9999.000,9999.000,9999.000,9999.000,9999.000
202603310442,   0.135,   0.590,9999.000,9999.000,9999.000,9999.000,9999.000,9999.000,9999.000
202603310448,   0.134,   0.570,9999.000,9999.000,9999.000,9999.000,9999.000,9999.000,9999.000
202603310454,   0.133,   0.600,9999.000,9999.000,9999.000,9999.000,9999.000,9999.000,9999.000
202603310500,   0.132,   0.590,   0.400,   0.058,   0.590,   0.400,   0.590,   0.500,   0.690
202603310506,   0.131,   0.610,9999.000,9999.000,9999.000,9999.000,9999.000,9999.000,9999.000
202603310512,   0.131,   0.610,9999.000,9999.000,9999.000,9999.000,9999.000,9999.000,9999.000
202603310518,   0.131,   0.610,9999.000,9999.000,9999.000,9999.000,9999.000,9999.000,9999.000
202603310524,   0.131,   0.580,9999.000,9999.000,9999.000,9999.000,9999.000,9999.000,9999.000
202603310530,   0.131,   0.580,9999.000,9999.000,9999.000,9999.000,9999.000,9999.000,9999.000
202603310536,   0.131,   0.580,9999.000,9999.000,9999.000,9999.000,9999.000,9999.000,9999.000
202603310542,   0.132,   0.570,9999.000,9999.000,9999.000,9999.000,9999.000,9999.000,9999.000
202603310548,   0.133,   0.551,9999.000,9999.000,9999.000,9999.000,9999.000,9999.000,9999.000
202603310554,   0.134,   0.590,9999.000,9999.000,9999.000,9999.000,9999.000,9999.000,9999.000
202603310600,   0.135,   0.600,   0.400,   0.065,   0.600,   0.400,   0.600,   0.500,   0.700
202603310606,   0.136,   0.619,9999.000,9999.000,9999.000,9999.000,9999.000,9999.000,9999.000
202603310612,   0.138,   0.600,9999.000,9999.000,9999.000,9999.000,9999.000,9999.000,9999.000
202603310618,   0.140,   0.590,9999.000,9999.000,9999.000,9999.000,9999.000,9999.000,9999.000
202603310624,   0.142,   0.570,9999.000,9999.000,9999.000,9999.000,9999.000,9999.000,9999.000
202603310630,   0.145,   0.560,9999.000,9999.000,9999.000,9999.000,9999.000,9999.000,9999.000
202603310636,   0.147,   0.570,9999.000,9999.000,9999.000,9999.000,9999.000,9999.000,9999.000
202603310642,   0.150,   0.580,9999.000,9999.000,9999.000,9999.000,9999.000,9999.000,9999.000
202603310648,   0.153,   0.610,9999.000,9999.000,9999.000,9999.000,9999.000,9999.000,9999.000
202603310654,   0.157,   0.619,9999.000,9999.000,9999.000,9999.000,9999.000,9999.000,9999.000
202603310700,   0.160,   0.619,   0.500,  -0.041,   0.619,   0.400,   0.519,   0.500,   0.619
202603310706,   0.164,   0.600,9999.000,9999.000,9999.000,9999.000,9999.000,9999.000,9999.000
202603310712,   0.168,   0.610,9999.000,9999.000,9999.000,9999.000,9999.000,9999.000,9999.000
202603310718,   0.172,   0.600,9999.000,9999.000,9999.000,9999.000,9999.000,9999.000,9999.000
202603310724,   0.176,   0.590,9999.000,9999.000,9999.000,9999.000,9999.000,9999.000,9999.000
202603310730,   0.180,   0.619,9999.000,9999.000,9999.000,9999.000,9999.000,9999.000,9999.000
202603310736,   0.184,   0.639,9999.000,9999.000,9999.000,9999.000,9999.000,9999.000,9999.000
202603310742,   0.189,   0.629,9999.000,9999.000,9999.000,9999.000,9999.000,9999.000,9999.000
202603310748,   0.193,   0.619,9999.000,9999.000,9999.000,9999.000,9999.000,9999.000,9999.000
202603310754,   0.198,   0.619,9999.000,9999.000,9999.000,9999.000,9999.000,9999.000,9999.000
202603310800,   0.203,   0.629,   0.500,  -0.074,   0.629,   0.500,   0.629,   0.500,   0.629
202603310806,   0.207,   0.639,9999.000,9999.000,9999.000,9999.000,9999.000,9999.000,9999.000
202603310812,   0.212,   0.649,9999.000,9999.000,9999.000,9999.000,9999.000,9999.000,9999.000
202603310818,   0.217,   0.649,9999.000,9999.000,9999.000,9999.000,9999.000,9999.000,9999.000
202603310824,   0.222,   0.659,9999.000,9999.000,9999.000,9999.000,9999.000,9999.000,9999.000
202603310830,   0.226,   0.649,9999.000,9999.000,9999.000,9999.000,9999.000,9999.000,9999.000
202603310836,   0.231,   0.659,9999.000,9999.000,9999.000,9999.000,9999.000,9999.000,9999.000
202603310842,   0.235,   0.669,9999.000,9999.000,9999.000,9999.000,9999.000,9999.000,9999.000
202603310848,   0.240,   0.669,9999.000,9999.000,9999.000,9999.000,9999.000,9999.000,9999.000
202603310854,   0.244,   0.678,9999.000,9999.000,9999.000,9999.000,9999.000,9999.000,9999.000
202603310900,   0.249,   0.688,   0.500,  -0.061,   0.688,   0.400,   0.588,   0.500,   0.688
202603310906,   0.253,   0.718,9999.000,9999.000,9999.000,9999.000,9999.000,9999.000,9999.000
202603310912,   0.257,   0.698,9999.000,9999.000,9999.000,9999.000,9999.000,9999.000,9999.000
202603310918,   0.261,   0.698,9999.000,9999.000,9999.000,9999.000,9999.000,9999.000,9999.000
202603310924,   0.264,   0.688,9999.000,9999.000,9999.000,9999.000,9999.000,9999.000,9999.000
202603310930,   0.268,   0.698,9999.000,9999.000,9999.000,9999.000,9999.000,9999.000,9999.000
202603310936,   0.271,   0.708,9999.000,9999.000,9999.000,9999.000,9999.000,9999.000,9999.000
202603310942,   0.275,   0.731,9999.000,9999.000,9999.000,9999.000,9999.000,9999.000,9999.000
202603310948,   0.277,   0.731,9999.000,9999.000,9999.000,9999.000,9999.000,9999.000,9999.000
202603310954,   0.280,   0.731,9999.000,9999.000,9999.000,9999.000,9999.000,9999.000,9999.000
202603311000,   0.283,   0.731,   0.500,  -0.052,   0.731,   0.400,   0.631,   0.500,   0.731
202603311006,   0.285,   0.731,9999.000,9999.000,9999.000,9999.000,9999.000,9999.000,9999.000
202603311012,   0.287,   0.731,9999.000,9999.000,9999.000,9999.000,9999.000,9999.000,9999.000
202603311018,   0.289,   0.741,9999.000,9999.000,9999.000,9999.000,9999.000,9999.000,9999.000
202603311024,   0.291,   0.760,9999.000,9999.000,9999.000,9999.000,9999.000,9999.000,9999.000
202603311030,   0.293,   0.770,9999.000,9999.000,9999.000,9999.000,9999.000,9999.000,9999.000
202603311036,   0.294,   0.741,9999.000,9999.000,9999.000,9999.000,9999.000,9999.000,9999.000
202603311042,   0.295,   0.751,9999.000,9999.000,9999.000,9999.000,9999.000,9999.000,9999.000
202603311048,   0.296,   0.751,9999.000,9999.000,9999.000,9999.000,9999.000,9999.000,9999.000
202603311054,   0.296,   0.731,9999.000,9999.000,9999.000,9999.000,9999.000,9999.000,9999.000
202603311100,   0.297,   0.731,   0.500,  -0.066,   0.731,   0.400,   0.631,   0.500,   0.731
202603311106,   0.297,   0.751,9999.000,9999.000,9999.000,9999.000,9999.000,9999.000,9999.000
202603311112,   0.297,   0.760,9999.000,9999.000,9999.000,9999.000,9999.000,9999.000,9999.000
202603311118,   0.297,   0.751,9999.000,9999.000,9999.000,9999.000,9999.000,9999.000,9999.000
202603311124,   0.297,   0.770,9999.000,9999.000,9999.000,9999.000,9999.000,9999.000,9999.000
202603311130,   0.296,   0.770,9999.000,9999.000,9999.000,9999.000,9999.000,9999.000,9999.000
202603311136,   0.296,   0.741,9999.000,9999.000,9999.000,9999.000,9999.000,9999.000,9999.000
202603311142,   0.295,   0.731,9999.000,9999.000,9999.000,9999.000,9999.000,9999.000,9999.000
202603311148,   0.294,   0.751,9999.000,9999.000,9999.000,9999.000,9999.000,9999.000,9999.000
202603311154,   0.293,   0.731,9999.000,9999.000,9999.000,9999.000,9999.000,9999.000,9999.000
202603311200,   0.291,   0.741,   0.400,   0.050,   0.741,   0.400,   0.741,   0.400,   0.741
202603311206,   0.290,   0.751,9999.000,9999.000,9999.000,9999.000,9999.000,9999.000,9999.000
202603311212,   0.288,   0.741,9999.000,9999.000,9999.000,9999.000,9999.000,9999.000,9999.000
202603311218,   0.287,   0.731,9999.000,9999.000,9999.000,9999.000,9999.000,9999.000,9999.000
202603311224,   0.285,   0.760,9999.000,9999.000,9999.000,9999.000,9999.000,9999.000,9999.000
202603311230,   0.283,   0.751,9999.000,9999.000,9999.000,9999.000,9999.000,9999.000,9999.000
202603311236,   0.281,   0.731,9999.000,9999.000,9999.000,9999.000,9999.000,9999.000,9999.000
202603311242,   0.279,   0.698,9999.000,9999.000,9999.000,9999.000,9999.000,9999.000,9999.000
202603311248,   0.277,   0.731,9999.000,9999.000,9999.000,9999.000,9999.000,9999.000,9999.000
202603311254,   0.274,   0.708,9999.000,9999.000,9999.000,9999.000,9999.000,9999.000,9999.000
202603311300,   0.272,   0.731,   0.400,   0.059,   0.731,   0.400,   0.731,   0.400,   0.731
202603311306,   0.269,   0.731,9999.000,9999.000,9999.000,9999.000,9999.000,9999.000,9999.000
202603311312,   0.267,   0.751,9999.000,9999.000,9999.000,9999.000,9999.000,9999.000,9999.000
202603311318,   0.264,   0.731,9999.000,9999.000,9999.000,9999.000,9999.000,9999.000,9999.000
202603311324,   0.262,   0.708,9999.000,9999.000,9999.000,9999.000,9999.000,9999.000,9999.000
202603311330,   0.259,   0.688,9999.000,9999.000,9999.000,9999.000,9999.000,9999.000,9999.000
202603311336,   0.256,   0.678,9999.000,9999.000,9999.000,9999.000,9999.000,9999.000,9999.000
202603311342,   0.253,   0.698,9999.000,9999.000,9999.000,9999.000,9999.000,9999.000,9999.000
202603311348,   0.250,   0.698,9999.000,9999.000,9999.000,9999.000,9999.000,9999.000,9999.000
202603311354,   0.247,   0.718,9999.000,9999.000,9999.000,9999.000,9999.000,9999.000,9999.000
202603311400,   0.244,   0.698,   0.400,   0.054,   0.698,   0.400,   0.698,   0.500,   0.798
202603311406,   0.240,   0.708,9999.000,9999.000,9999.000,9999.000,9999.000,9999.000,9999.000
202603311412,   0.237,   0.698,9999.000,9999.000,9999.000,9999.000,9999.000,9999.000,9999.000
202603311418,   0.234,   0.669,9999.000,9999.000,9999.000,9999.000,9999.000,9999.000,9999.000
202603311424,   0.230,   0.688,9999.000,9999.000,9999.000,9999.000,9999.000,9999.000,9999.000
202603311430,   0.227,   0.669,9999.000,9999.000,9999.000,9999.000,9999.000,9999.000,9999.000
202603311436,   0.223,   0.688,9999.000,9999.000,9999.000,9999.000,9999.000,9999.000,9999.000
202603311442,   0.220,   0.678,9999.000,9999.000,9999.000,9999.000,9999.000,9999.000,9999.000
202603311448,   0.216,   0.688,9999.000,9999.000,9999.000,9999.000,9999.000,9999.000,9999.000
202603311454,   0.212,   0.669,9999.000,9999.000,9999.000,9999.000,9999.000,9999.000,9999.000
202603311500,   0.208,   0.669,   0.400,   0.061,   0.669,   0.400,   0.669,   0.500,   0.769
202603311506,   0.204,   0.659,9999.000,9999.000,9999.000,9999.000,9999.000,9999.000,9999.000
202603311512,   0.200,   0.659,9999.000,9999.000,9999.000,9999.000,9999.000,9999.000,9999.000
202603311518,   0.196,   0.649,9999.000,9999.000,9999.000,9999.000,9999.000,9999.000,9999.000
202603311524,   0.192,   0.639,9999.000,9999.000,9999.000,9999.000,9999.000,9999.000,9999.000
202603311530,   0.188,   0.639,9999.000,9999.000,9999.000,9999.000,9999.000,9999.000,9999.000
202603311536,   0.184,   0.659,9999.000,9999.000,9999.000,9999.000,9999.000,9999.000,9999.000
202603311542,   0.180,   0.629,9999.000,9999.000,9999.000,9999.000,9999.000,9999.000,9999.000
202603311548,   0.176,   0.649,9999.000,9999.000,9999.000,9999.000,9999.000,9999.000,9999.000
202603311554,   0.172,   0.629,9999.000,9999.000,9999.000,9999.000,9999.000,9999.000,9999.000
202603311600,   0.168,   0.619,   0.400,   0.051,   0.619,   0.400,   0.619,   0.500,   0.719
202603311606,   0.164,   0.629,9999.000,9999.000,9999.000,9999.000,9999.000,9999.000,9999.000
202603311612,   0.160,   0.629,9999.000,9999.000,9999.000,9999.000,9999.000,9999.000,9999.000
202603311618,   0.156,   0.619,9999.000,9999.000,9999.000,9999.000,9999.000,9999.000,9999.000
202603311624,   0.152,   0.629,9999.000,9999.000,9999.000,9999.000,9999.000,9999.000,9999.000
202603311630,   0.148,   0.610,9999.000,9999.000,9999.000,9999.000,9999.000,9999.000,9999.000
202603311636,   0.144,   0.610,9999.000,9999.000,9999.000,9999.000,9999.000,9999.000,9999.000
202603311642,   0.141,   0.590,9999.000,9999.000,9999.000,9999.000,9999.000,9999.000,9999.000
202603311648,   0.137,   0.600,9999.000,9999.000,9999.000,9999.000,9999.000,9999.000,9999.000
202603311654,   0.134,   0.580,9999.000,9999.000,9999.000,9999.000,9999.000,9999.000,9999.000
202603311700,   0.130,   0.580,   0.400,   0.050,   0.580,   0.400,   0.580,   0.500,   0.680
202603311706,   0.127,   0.580,9999.000,9999.000,9999.000,9999.000,9999.000,9999.000,9999.000
202603311712,   0.124,   0.580,9999.000,9999.000,9999.000,9999.000,9999.000,9999.000,9999.000
202603311718,   0.121,   0.580,9999.000,9999.000,9999.000,9999.000,9999.000,9999.000,9999.000
202603311724,   0.119,   0.590,9999.000,9999.000,9999.000,9999.000,9999.000,9999.000,9999.000
202603311730,   0.116,   0.590,9999.000,9999.000,9999.000,9999.000,9999.000,9999.000,9999.000
202603311736,   0.114,   0.580,9999.000,9999.000,9999.000,9999.000,9999.000,9999.000,9999.000
202603311742,   0.112,   0.580,9999.000,9999.000,9999.000,9999.000,9999.000,9999.000,9999.000
202603311748,   0.110,   0.570,9999.000,9999.000,9999.000,9999.000,9999.000,9999.000,9999.000
202603311754,   0.109,   0.570,9999.000,9999.000,9999.000,9999.000,9999.000,9999.000,9999.000
202603311800,   0.108,   0.570,   0.500,  -0.038,   0.570,   0.400,   0.470,   0.500,   0.570
202603311806,   0.107,   0.570,9999.000,9999.000,9999.000,9999.000,9999.000,9999.000,9999.000
202603311812,   0.106,   0.570,9999.000,9999.000,9999.000,9999.000,9999.000,9999.000,9999.000
202603311818,   0.105,   0.590,9999.000,9999.000,9999.000,9999.000,9999.000,9999.000,9999.000
202603311824,   0.105,   0.570,9999.000,9999.000,9999.000,9999.000,9999.000,9999.000,9999.000
202603311830,   0.106,   0.551,9999.000,9999.000,9999.000,9999.000,9999.000,9999.000,9999.000
202603311836,   0.106,   0.580,9999.000,9999.000,9999.000,9999.000,9999.000,9999.000,9999.000
202603311842,   0.107,   0.570,9999.000,9999.000,9999.000,9999.000,9999.000,9999.000,9999.000
202603311848,   0.108,   0.570,9999.000,9999.000,9999.000,9999.000,9999.000,9999.000,9999.000
202603311854,   0.109,   0.570,9999.000,9999.000,9999.000,9999.000,9999.000,9999.000,9999.000
202603311900,   0.111,   0.570,   0.500,  -0.041,   0.570,   0.400,   0.470,   0.500,   0.570
202603311906,   0.113,   0.570,9999.000,9999.000,9999.000,9999.000,9999.000,9999.000,9999.000
202603311912,   0.115,   0.580,9999.000,9999.000,9999.000,9999.000,9999.000,9999.000,9999.000
202603311918,   0.118,   0.570,9999.000,9999.000,9999.000,9999.000,9999.000,9999.000,9999.000
202603311924,   0.121,   0.580,9999.000,9999.000,9999.000,9999.000,9999.000,9999.000,9999.000
202603311930,   0.124,   0.580,9999.000,9999.000,9999.000,9999.000,9999.000,9999.000,9999.000
202603311936,   0.127,   0.590,9999.000,9999.000,9999.000,9999.000,9999.000,9999.000,9999.000
202603311942,   0.131,   0.590,9999.000,9999.000,9999.000,9999.000,9999.000,9999.000,9999.000
202603311948,   0.135,   0.590,9999.000,9999.000,9999.000,9999.000,9999.000,9999.000,9999.000
202603311954,   0.139,   0.580,9999.000,9999.000,9999.000,9999.000,9999.000,9999.000,9999.000
202603312000,   0.143,   0.610,   0.500,  -0.033,   0.610,   0.500,   0.610,   0.500,   0.610
202603312006,   0.148,   0.610,9999.000,9999.000,9999.000,9999.000,9999.000,9999.000,9999.000
202603312012,   0.152,   0.590,9999.000,9999.000,9999.000,9999.000,9999.000,9999.000,9999.000
202603312018,   0.157,   0.570,9999.000,9999.000,9999.000,9999.000,9999.000,9999.000,9999.000
202603312024,   0.162,   0.590,9999.000,9999.000,9999.000,9999.000,9999.000,9999.000,9999.000
202603312030,   0.167,   0.610,9999.000,9999.000,9999.000,9999.000,9999.000,9999.000,9999.000
202603312036,   0.172,   0.659,9999.000,9999.000,9999.000,9999.000,9999.000,9999.000,9999.000
202603312042,   0.178,   0.669,9999.000,9999.000,9999.000,9999.000,9999.000,9999.000,9999.000
202603312048,   0.183,   0.659,9999.000,9999.000,9999.000,9999.000,9999.000,9999.000,9999.000
202603312054,   0.188,   0.639,9999.000,9999.000,9999.000,9999.000,9999.000,9999.000,9999.000
202603312100,   0.194,   0.649,   0.500,  -0.045,   0.649,   0.500,   0.649,   0.500,   0.649
202603312106,   0.199,   0.629,9999.000,9999.000,9999.000,9999.000,9999.000,9999.000,9999.000
202603312112,   0.205,   0.659,9999.000,9999.000,9999.000,9999.000,9999.000,9999.000,9999.000
202603312118,   0.210,   0.659,9999.000,9999.000,9999.000,9999.000,9999.000,9999.000,9999.000
202603312124,   0.215,   0.669,9999.000,9999.000,9999.000,9999.000,9999.000,9999.000,9999.000
202603312130,   0.221,   0.688,9999.000,9999.000,9999.000,9999.000,9999.000,9999.000,9999.000
202603312136,   0.226,   0.678,9999.000,9999.000,9999.000,9999.000,9999.000,9999.000,9999.000
202603312142,   0.231,   0.678,9999.000,9999.000,9999.000,9999.000,9999.000,9999.000,9999.000
202603312148,   0.236,   0.688,9999.000,9999.000,9999.000,9999.000,9999.000,9999.000,9999.000
202603312154,   0.241,   0.688,9999.000,9999.000,9999.000,9999.000,9999.000,9999.000,9999.000
202603312200,   0.245,   0.698,   0.500,  -0.047,   0.698,   0.400,   0.598,   0.500,   0.698
202603312206,   0.250,   0.688,9999.000,9999.000,9999.000,9999.000,9999.000,9999.000,9999.000
202603312212,   0.254,   0.698,9999.000,9999.000,9999.000,9999.000,9999.000,9999.000,9999.000
202603312218,   0.258,   0.698,9999.000,9999.000,9999.000,9999.000,9999.000,9999.000,9999.000
202603312224,   0.262,   0.708,9999.000,9999.000,9999.000,9999.000,9999.000,9999.000,9999.000
202603312230,   0.266,   0.698,9999.000,9999.000,9999.000,9999.000,9999.000,9999.000,9999.000
202603312236,   0.270,   0.718,9999.000,9999.000,9999.000,9999.000,9999.000,9999.000,9999.000
202603312242,   0.273,   0.718,9999.000,9999.000,9999.000,9999.000,9999.000,9999.000,9999.000
202603312248,   0.276,   0.731,9999.000,9999.000,9999.000,9999.000,9999.000,9999.000,9999.000
202603312254,   0.280,   0.698,9999.000,9999.000,9999.000,9999.000,9999.000,9999.000,9999.000
202603312300,   0.282,   0.698,   0.500,  -0.084,   0.698,   0.400,   0.598,   0.500,   0.698
202603312306,   0.285,   0.708,9999.000,9999.000,9999.000,9999.000,9999.000,9999.000,9999.000
202603312312,   0.287,   0.708,9999.000,9999.000,9999.000,9999.000,9999.000,9999.000,9999.000
202603312318,   0.290,   0.678,9999.000,9999.000,9999.000,9999.000,9999.000,9999.000,9999.000
202603312324,   0.292,   0.718,9999.000,9999.000,9999.000,9999.000,9999.000,9999.000,9999.000
202603312330,   0.293,   0.741,9999.000,9999.000,9999.000,9999.000,9999.000,9999.000,9999.000
202603312336,   0.295,   0.751,9999.000,9999.000,9999.000,9999.000,9999.000,9999.000,9999.000
202603312342,   0.296,   0.718,9999.000,9999.000,9999.000,9999.000,9999.000,9999.000,9999.000
202603312348,   0.298,   0.731,9999.000,9999.000,9999.000,9999.000,9999.000,9999.000,9999.000
202603312354,   0.299,   0.741,9999.000,9999.000,9999.000,9999.000,9999.000,9999.000,9999.000
202604010000,   0.299,   0.741,   0.400,   0.042,   0.741,   0.400,   0.741,   0.400,   0.741
202604010006,   0.300,9999.000,9999.000,9999.000,9999.000,9999.000,9999.000,9999.000,9999.000
202604010012,   0.301,9999.000,9999.000,9999.000,9999.000,9999.000,9999.000,9999.000,9999.000
202604010018,   0.301,9999.000,9999.000,9999.000,9999.000,9999.000,9999.000,9999.000,9999.000
202604010024,   0.301,9999.000,9999.000,9999.000,9999.000,9999.000,9999.000,9999.000,9999.000
202604010030,   0.301,9999.000,9999.000,9999.000,9999.000,9999.000,9999.000,9999.000,9999.000
202604010036,   0.301,9999.000,9999.000,9999.000,9999.000,9999.000,9999.000,9999.000,9999.000
202604010042,   0.301,9999.000,9999.000,9999.000,9999.000,9999.000,9999.000,9999.000,9999.000
202604010048,   0.301,9999.000,9999.000,9999.000,9999.000,9999.000,9999.000,9999.000,9999.000
202604010054,   0.300,   0.678,9999.000,9999.000,9999.000,9999.000,9999.000,9999.000,9999.000
202604010100,   0.300,   0.678,   0.400,  -0.022,   0.678,   0.400,   0.678,   0.500,   0.778
202604010106,   0.299,   0.659,9999.000,9999.000,9999.000,9999.000,9999.000,9999.000,9999.000
202604010112,   0.298,   0.669,9999.000,9999.000,9999.000,9999.000,9999.000,9999.000,9999.000
202604010118,   0.297,   0.708,9999.000,9999.000,9999.000,9999.000,9999.000,9999.000,9999.000
202604010124,   0.296,   0.708,9999.000,9999.000,9999.000,9999.000,9999.000,9999.000,9999.000
202604010130,   0.295,   0.718,9999.000,9999.000,9999.000,9999.000,9999.000,9999.000,9999.000
202604010136,   0.294,   0.688,9999.000,9999.000,9999.000,9999.000,9999.000,9999.000,9999.000
202604010142,   0.293,   0.669,9999.000,9999.000,9999.000,9999.000,9999.000,9999.000,9999.000
202604010148,   0.292,   0.659,9999.000,9999.000,9999.000,9999.000,9999.000,9999.000,9999.000
202604010154,   0.290,   0.669,9999.000,9999.000,9999.000,9999.000,9999.000,9999.000,9999.000
202604010200,   0.289,   0.669,   0.400,  -0.020,   0.669,   0.400,   0.669,   0.500,   0.769
202604010206,   0.287,   0.688,9999.000,9999.000,9999.000,9999.000,9999.000,9999.000,9999.000
202604010212,   0.286,   0.698,9999.000,9999.000,9999.000,9999.000,9999.000,9999.000,9999.000
202604010218,   0.284,   0.678,9999.000,9999.000,9999.000,9999.000,9999.000,9999.000,9999.000
202604010224,   0.282,   0.649,9999.000,9999.000,9999.000,9999.000,9999.000,9999.000,9999.000
202604010230,   0.281,   0.639,9999.000,9999.000,9999.000,9999.000,9999.000,9999.000,9999.000
202604010236,   0.279,   0.629,9999.000,9999.000,9999.000,9999.000,9999.000,9999.000,9999.000
202604010242,   0.277,   0.649,9999.000,9999.000,9999.000,9999.000,9999.000,9999.000,9999.000
202604010248,   0.275,   0.649,9999.000,9999.000,9999.000,9999.000,9999.000,9999.000,9999.000
202604010254,   0.273,   0.659,9999.000,9999.000,9999.000,9999.000,9999.000,9999.000,9999.000
202604010300,   0.271,   0.649,   0.400,  -0.022,   0.649,   0.400,   0.649,   0.500,   0.749
202604010306,   0.269,   0.649,9999.000,9999.000,9999.000,9999.000,9999.000,9999.000,9999.000
202604010312,   0.266,   0.629,9999.000,9999.000,9999.000,9999.000,9999.000,9999.000,9999.000
202604010318,   0.264,   0.610,9999.000,9999.000,9999.000,9999.000,9999.000,9999.000,9999.000
202604010324,   0.262,   0.619,9999.000,9999.000,9999.000,9999.000,9999.000,9999.000,9999.000
202604010330,   0.260,   0.619,9999.000,9999.000,9999.000,9999.000,9999.000,9999.000,9999.000
202604010336,   0.257,   0.629,9999.000,9999.000,9999.000,9999.000,9999.000,9999.000,9999.000
202604010342,   0.255,   0.639,9999.000,9999.000,9999.000,9999.000,9999.000,9999.000,9999.000
202604010348,   0.252,   0.629,9999.000,9999.000,9999.000,9999.000,9999.000,9999.000,9999.000
202604010354,   0.250,   0.619,9999.000,9999.000,9999.000,9999.000,9999.000,9999.000,9999.000
202604010400,   0.247,   0.610,   0.400,  -0.037,   0.610,   0.400,   0.610,   0.400,   0.610
202604010406,   0.244,   0.600,9999.000,9999.000,9999.000,9999.000,9999.000,9999.000,9999.000
202604010412,   0.242,   0.590,9999.000,9999.000,9999.000,9999.000,9999.000,9999.000,9999.000
202604010418,   0.239,   0.590,9999.000,9999.000,9999.000,9999.000,9999.000,9999.000,9999.000
202604010424,   0.236,   0.600,9999.000,9999.000,9999.000,9999.000,9999.000,9999.000,9999.000
202604010430,   0.234,   0.600,9999.000,9999.000,9999.000,9999.000,9999.000,9999.000,9999.000
202604010436,   0.231,   0.610,9999.000,9999.000,9999.000,9999.000,9999.000,9999.000,9999.000
202604010442,   0.229,   0.600,9999.000,9999.000,9999.000,9999.000,9999.000,9999.000,9999.000
202604010448,   0.226,   0.580,9999.000,9999.000,9999.000,9999.000,9999.000,9999.000,9999.000
202604010454,   0.223,   0.570,9999.000,9999.000,9999.000,9999.000,9999.000,9999.000,9999.000
202604010500,   0.221,   0.570,   0.400,  -0.051,   0.570,   0.400,   0.570,   0.400,   0.570
202604010506,   0.218,   0.570,9999.000,9999.000,9999.000,9999.000,9999.000,9999.000,9999.000
202604010512,   0.216,   0.570,9999.000,9999.000,9999.000,9999.000,9999.000,9999.000,9999.000
202604010518,   0.213,   0.580,9999.000,9999.000,9999.000,9999.000,9999.000,9999.000,9999.000
202604010524,   0.211,   0.570,9999.000,9999.000,9999.000,9999.000,9999.000,9999.000,9999.000
202604010530,   0.209,   0.560,9999.000,9999.000,9999.000,9999.000,9999.000,9999.000,9999.000
202604010536,   0.207,   0.560,9999.000,9999.000,9999.000,9999.000,9999.000,9999.000,9999.000
202604010542,   0.205,   0.560,9999.000,9999.000,9999.000,9999.000,9999.000,9999.000,9999.000
202604010548,   0.203,   0.541,9999.000,9999.000,9999.000,9999.000,9999.000,9999.000,9999.000
202604010554,   0.201,   0.541,9999.000,9999.000,9999.000,9999.000,9999.000,9999.000,9999.000
202604010600,   0.200,   0.560,   0.400,  -0.040,   0.560,   0.400,   0.560,   0.400,   0.560
202604010606,   0.199,   0.570,9999.000,9999.000,9999.000,9999.000,9999.000,9999.000,9999.000
202604010612,   0.197,   0.570,9999.000,9999.000,9999.000,9999.000,9999.000,9999.000,9999.000
202604010618,   0.196,   0.570,9999.000,9999.000,9999.000,9999.000,9999.000,9999.000,9999.000
202604010624,   0.195,   0.560,9999.000,9999.000,9999.000,9999.000,9999.000,9999.000,9999.000
202604010630,   0.195,   0.570,9999.000,9999.000,9999.000,9999.000,9999.000,9999.000,9999.000
202604010636,   0.194,   0.541,9999.000,9999.000,9999.000,9999.000,9999.000,9999.000,9999.000
202604010642,   0.194,   0.551,9999.000,9999.000,9999.000,9999.000,9999.000,9999.000,9999.000
202604010648,   0.194,   0.531,9999.000,9999.000,9999.000,9999.000,9999.000,9999.000,9999.000
202604010654,   0.194,   0.570,9999.000,9999.000,9999.000,9999.000,9999.000,9999.000,9999.000
202604010700,   0.194,   0.560,   0.400,  -0.034,   0.560,   0.400,   0.560,   0.400,   0.560
202604010706,   0.194,   0.570,9999.000,9999.000,9999.000,9999.000,9999.000,9999.000,9999.000
202604010712,   0.195,   0.570,9999.000,9999.000,9999.000,9999.000,9999.000,9999.000,9999.000
202604010718,   0.196,   0.580,9999.000,9999.000,9999.000,9999.000,9999.000,9999.000,9999.000
202604010724,   0.197,   0.570,9999.000,9999.000,9999.000,9999.000,9999.000,9999.000,9999.000
202604010730,   0.198,   0.580,9999.000,9999.000,9999.000,9999.000,9999.000,9999.000,9999.000
202604010736,   0.199,   0.570,9999.000,9999.000,9999.000,9999.000,9999.000,9999.000,9999.000
202604010742,   0.200,   0.570,9999.000,9999.000,9999.000,9999.000,9999.000,9999.000,9999.000
202604010748,   0.202,   0.580,9999.000,9999.000,9999.000,9999.000,9999.000,9999.000,9999.000
202604010754,   0.204,   0.590,9999.000,9999.000,9999.000,9999.000,9999.000,9999.000,9999.000
202604010800,   0.206,   0.619,   0.400,   0.013,   0.619,   0.400,   0.619,   0.400,   0.619
202604010806,   0.208,   0.629,9999.000,9999.000,9999.000,9999.000,9999.000,9999.000,9999.000
202604010812,   0.210,   0.619,9999.000,9999.000,9999.000,9999.000,9999.000,9999.000,9999.000
202604010818,   0.212,   0.619,9999.000,9999.000,9999.000,9999.000,9999.000,9999.000,9999.000
202604010824,   0.214,   0.619,9999.000,9999.000,9999.000,9999.000,9999.000,9999.000,9999.000
202604010830,   0.217,   0.610,9999.000,9999.000,9999.000,9999.000,9999.000,9999.000,9999.000
202604010836,   0.219,   0.600,9999.000,9999.000,9999.000,9999.000,9999.000,9999.000,9999.000
202604010842,   0.221,   0.619,9999.000,9999.000,9999.000,9999.000,9999.000,9999.000,9999.000
202604010848,   0.224,   0.669,9999.000,9999.000,9999.000,9999.000,9999.000,9999.000,9999.000
202604010854,   0.226,   0.669,9999.000,9999.000,9999.000,9999.000,9999.000,9999.000,9999.000
202604010900,   0.228,   0.659,   0.400,   0.031,   0.659,   0.400,   0.659,   0.400,   0.659
202604010906,   0.231,   0.678,9999.000,9999.000,9999.000,9999.000,9999.000,9999.000,9999.000
202604010912,   0.233,   0.649,9999.000,9999.000,9999.000,9999.000,9999.000,9999.000,9999.000
202604010918,   0.235,   0.659,9999.000,9999.000,9999.000,9999.000,9999.000,9999.000,9999.000
202604010924,   0.237,   0.649,9999.000,9999.000,9999.000,9999.000,9999.000,9999.000,9999.000
202604010930,   0.239,   0.649,9999.000,9999.000,9999.000,9999.000,9999.000,9999.000,9999.000
202604010936,   0.241,   0.649,9999.000,9999.000,9999.000,9999.000,9999.000,9999.000,9999.000
202604010942,   0.242,   0.669,9999.000,9999.000,9999.000,9999.000,9999.000,9999.000,9999.000
202604010948,   0.244,   0.678,9999.000,9999.000,9999.000,9999.000,9999.000,9999.000,9999.000
202604010954,   0.245,   0.669,9999.000,9999.000,9999.000,9999.000,9999.000,9999.000,9999.000
202604011000,   0.246,   0.649,   0.400,   0.003,   0.649,   0.400,   0.649,   0.400,   0.649
202604011006,   0.247,   0.659,9999.000,9999.000,9999.000,9999.000,9999.000,9999.000,9999.000
202604011012,   0.248,   0.649,9999.000,9999.000,9999.000,9999.000,9999.000,9999.000,9999.000
202604011018,   0.248,   0.639,9999.000,9999.000,9999.000,9999.000,9999.000,9999.000,9999.000
202604011024,   0.249,   0.649,9999.000,9999.000,9999.000,9999.000,9999.000,9999.000,9999.000
202604011030,   0.249,   0.669,9999.000,9999.000,9999.000,9999.000,9999.000,9999.000,9999.000
202604011036,   0.249,   0.678,9999.000,9999.000,9999.000,9999.000,9999.000,9999.000,9999.000
202604011042,   0.248,   0.688,9999.000,9999.000,9999.000,9999.000,9999.000,9999.000,9999.000
202604011048,   0.248,   0.669,9999.000,9999.000,9999.000,9999.000,9999.000,9999.000,9999.000
202604011054,   0.247,   0.669,9999.000,9999.000,9999.000,9999.000,9999.000,9999.000,9999.000
202604011100,   0.246,   0.659,   0.400,   0.013,   0.659,   0.400,   0.659,   0.400,   0.659
202604011106,   0.244,   0.659,9999.000,9999.000,9999.000,9999.000,9999.000,9999.000,9999.000
202604011112,   0.243,   0.669,9999.000,9999.000,9999.000,9999.000,9999.000,9999.000,9999.000
202604011118,   0.241,   0.688,9999.000,9999.000,9999.000,9999.000,9999.000,9999.000,9999.000
202604011124,   0.239,   0.698,9999.000,9999.000,9999.000,9999.000,9999.000,9999.000,9999.000
202604011130,   0.237,   0.669,9999.000,9999.000,9999.000,9999.000,9999.000,9999.000,9999.000
202604011136,   0.234,   0.669,9999.000,9999.000,9999.000,9999.000,9999.000,9999.000,9999.000
202604011142,   0.231,   0.678,9999.000,9999.000,9999.000,9999.000,9999.000,9999.000,9999.000
202604011148,   0.229,   0.688,9999.000,9999.000,9999.000,9999.000,9999.000,9999.000,9999.000
202604011154,   0.225,   0.678,9999.000,9999.000,9999.000,9999.000,9999.000,9999.000,9999.000
202604011200,   0.222,   0.678,   0.300,   0.156,   0.678,   0.300,   0.678,   0.400,   0.778
202604011206,   0.219,   0.688,9999.000,9999.000,9999.000,9999.000,9999.000,9999.000,9999.000
202604011212,   0.215,   0.678,9999.000,9999.000,9999.000,9999.000,9999.000,9999.000,9999.000
202604011218,   0.212,   0.659,9999.000,9999.000,9999.000,9999.000,9999.000,9999.000,9999.000
202604011224,   0.208,   0.649,9999.000,9999.000,9999.000,9999.000,9999.000,9999.000,9999.000
202604011230,   0.204,   0.669,9999.000,9999.000,9999.000,9999.000,9999.000,9999.000,9999.000
202604011236,   0.200,   0.659,9999.000,9999.000,9999.000,9999.000,9999.000,9999.000,9999.000
202604011242,   0.196,   0.669,9999.000,9999.000,9999.000,9999.000,9999.000,9999.000,9999.000
202604011248,   0.192,   0.678,9999.000,9999.000,9999.000,9999.000,9999.000,9999.000,9999.000
202604011254,   0.187,   0.698,9999.000,9999.000,9999.000,9999.000,9999.000,9999.000,9999.000
202604011300,   0.183,   0.678,   0.300,   0.195,   0.678,   0.300,   0.678,   0.400,   0.778
202604011306,   0.179,   0.649,9999.000,9999.000,9999.000,9999.000,9999.000,9999.000,9999.000
202604011312,   0.174,   0.619,9999.000,9999.000,9999.000,9999.000,9999.000,9999.000,9999.000
202604011318,   0.170,   0.610,9999.000,9999.000,9999.000,9999.000,9999.000,9999.000,9999.000
202604011324,   0.166,   0.619,9999.000,9999.000,9999.000,9999.000,9999.000,9999.000,9999.000
202604011330,   0.161,   0.649,9999.000,9999.000,9999.000,9999.000,9999.000,9999.000,9999.000
202604011336,   0.157,   0.669,9999.000,9999.000,9999.000,9999.000,9999.000,9999.000,9999.000
202604011342,   0.153,   0.669,9999.000,9999.000,9999.000,9999.000,9999.000,9999.000,9999.000
202604011348,   0.148,   0.659,9999.000,9999.000,9999.000,9999.000,9999.000,9999.000,9999.000
202604011354,   0.144,   0.619,9999.000,9999.000,9999.000,9999.000,9999.000,9999.000,9999.000
202604011400,   0.140,   0.619,   0.400,   0.079,   0.619,   0.400,   0.619,   0.400,   0.619
202604011406,   0.136,   0.580,9999.000,9999.000,9999.000,9999.000,9999.000,9999.000,9999.000
202604011412,   0.132,   0.590,9999.000,9999.000,9999.000,9999.000,9999.000,9999.000,9999.000
202604011418,   0.127,   0.580,9999.000,9999.000,9999.000,9999.000,9999.000,9999.000,9999.000
202604011424,   0.123,   0.619,9999.000,9999.000,9999.000,9999.000,9999.000,9999.000,9999.000
202604011430,   0.119,   0.649,9999.000,9999.000,9999.000,9999.000,9999.000,9999.000,9999.000
202604011436,   0.116,   0.629,9999.000,9999.000,9999.000,9999.000,9999.000,9999.000,9999.000
202604011442,   0.112,   0.590,9999.000,9999.000,9999.000,9999.000,9999.000,9999.000,9999.000
202604011448,   0.108,   0.590,9999.000,9999.000,9999.000,9999.000,9999.000,9999.000,9999.000
202604011454,   0.104,   0.551,9999.000,9999.000,9999.000,9999.000,9999.000,9999.000,9999.000
202604011500,   0.101,   0.551,   0.400,   0.050,   0.551,   0.400,   0.551,   0.400,   0.551
202604011506,   0.097,   0.580,9999.000,9999.000,9999.000,9999.000,9999.000,9999.000,9999.000
202604011512,   0.094,   0.600,9999.000,9999.000,9999.000,9999.000,9999.000,9999.000,9999.000
202604011518,   0.090,   0.610,9999.000,9999.000,9999.000,9999.000,9999.000,9999.000,9999.000
202604011524,   0.087,   0.610,9999.000,9999.000,9999.000,9999.000,9999.000,9999.000,9999.000
202604011530,   0.084,   0.590,9999.000,9999.000,9999.000,9999.000,9999.000,9999.000,9999.000
202604011536,   0.080,   0.570,9999.000,9999.000,9999.000,9999.000,9999.000,9999.000,9999.000
202604011542,   0.077,   0.518,9999.000,9999.000,9999.000,9999.000,9999.000,9999.000,9999.000
202604011548,   0.074,   0.541,9999.000,9999.000,9999.000,9999.000,9999.000,9999.000,9999.000
202604011554,   0.071,   0.551,9999.000,9999.000,9999.000,9999.000,9999.000,9999.000,9999.000
202604011600,   0.068,   0.570,   0.300,   0.202,   0.570,   0.300,   0.570,   0.400,   0.670
202604011606,   0.065,   0.610,9999.000,9999.000,9999.000,9999.000,9999.000,9999.000,9999.000
202604011612,   0.063,   0.610,9999.000,9999.000,9999.000,9999.000,9999.000,9999.000,9999.000
202604011618,   0.060,   0.570,9999.000,9999.000,9999.000,9999.000,9999.000,9999.000,9999.000
202604011624,   0.057,   0.560,9999.000,9999.000,9999.000,9999.000,9999.000,9999.000,9999.000
202604011630,   0.055,   0.541,9999.000,9999.000,9999.000,9999.000,9999.000,9999.000,9999.000
202604011636,   0.053,   0.541,9999.000,9999.000,9999.000,9999.000,9999.000,9999.000,9999.000
202604011642,   0.050,   0.551,9999.000,9999.000,9999.000,9999.000,9999.000,9999.000,9999.000
202604011648,   0.048,   0.580,9999.000,9999.000,9999.000,9999.000,9999.000,9999.000,9999.000
202604011654,   0.046,   0.610,9999.000,9999.000,9999.000,9999.000,9999.000,9999.000,9999.000
202604011700,   0.044,   0.590,   0.300,   0.246,   0.590,   0.300,   0.590,   0.400,   0.690
202604011706,   0.042,   0.600,9999.000,9999.000,9999.000,9999.000,9999.000,9999.000,9999.000
202604011712,   0.040,   0.570,9999.000,9999.000,9999.000,9999.000,9999.000,9999.000,9999.000
202604011718,   0.039,   0.551,9999.000,9999.000,9999.000,9999.000,9999.000,9999.000,9999.000
202604011724,   0.038,   0.518,9999.000,9999.000,9999.000,9999.000,9999.000,9999.000,9999.000
202604011730,   0.036,   0.560,9999.000,9999.000,9999.000,9999.000,9999.000,9999.000,9999.000
202604011736,   0.035,   0.580,9999.000,9999.000,9999.000,9999.000,9999.000,9999.000,9999.000
202604011742,   0.035,   0.590,9999.000,9999.000,9999.000,9999.000,9999.000,9999.000,9999.000
202604011748,   0.034,   0.580,9999.000,9999.000,9999.000,9999.000,9999.000,9999.000,9999.000
202604011754,   0.034,   0.570,9999.000,9999.000,9999.000,9999.000,9999.000,9999.000,9999.000
202604011800,   0.033,   0.551,   0.400,   0.118,   0.551,   0.400,   0.551,   0.500,   0.651
202604011806,   0.033,   0.551,9999.000,9999.000,9999.000,9999.000,9999.000,9999.000,9999.000
202604011812,   0.034,   0.570,9999.000,9999.000,9999.000,9999.000,9999.000,9999.000,9999.000
202604011818,   0.034,   0.551,9999.000,9999.000,9999.000,9999.000,9999.000,9999.000,9999.000
202604011824,   0.035,   0.570,9999.000,9999.000,9999.000,9999.000,9999.000,9999.000,9999.000
202604011830,   0.036,   0.570,9999.000,9999.000,9999.000,9999.000,9999.000,9999.000,9999.000
202604011836,   0.038,   0.580,9999.000,9999.000,9999.000,9999.000,9999.000,9999.000,9999.000
202604011842,   0.040,   0.590,9999.000,9999.000,9999.000,9999.000,9999.000,9999.000,9999.000
202604011848,   0.042,   0.580,9999.000,9999.000,9999.000,9999.000,9999.000,9999.000,9999.000
202604011854,   0.044,   0.580,9999.000,9999.000,9999.000,9999.000,9999.000,9999.000,9999.000
202604011900,   0.047,   0.580,   0.400,   0.133,   0.580,   0.400,   0.580,   0.500,   0.680
202604011906,   0.050,   0.541,9999.000,9999.000,9999.000,9999.000,9999.000,9999.000,9999.000
202604011912,   0.053,   0.551,9999.000,9999.000,9999.000,9999.000,9999.000,9999.000,9999.000
202604011918,   0.057,   0.551,9999.000,9999.000,9999.000,9999.000,9999.000,9999.000,9999.000
202604011924,   0.061,   0.580,9999.000,9999.000,9999.000,9999.000,9999.000,9999.000,9999.000
202604011930,   0.065,   0.580,9999.000,9999.000,9999.000,9999.000,9999.000,9999.000,9999.000
202604011936,   0.070,   0.570,9999.000,9999.000,9999.000,9999.000,9999.000,9999.000,9999.000
202604011942,   0.074,   0.580,9999.000,9999.000,9999.000,9999.000,9999.000,9999.000,9999.000
202604011948,   0.080,   0.570,9999.000,9999.000,9999.000,9999.000,9999.000,9999.000,9999.000
202604011954,   0.085,   0.580,9999.000,9999.000,9999.000,9999.000,9999.000,9999.000,9999.000
202604012000,   0.091,   0.580,   0.500,  -0.011,   0.580,   0.400,   0.480,   0.500,   0.580
202604012006,   0.097,   0.600,9999.000,9999.000,9999.000,9999.000,9999.000,9999.000,9999.000
202604012012,   0.104,   0.600,9999.000,9999.000,9999.000,9999.000,9999.000,9999.000,9999.000
202604012018,   0.110,   0.639,9999.000,9999.000,9999.000,9999.000,9999.000,9999.000,9999.000
202604012024,   0.117,   0.649,9999.000,9999.000,9999.000,9999.000,9999.000,9999.000,9999.000
202604012030,   0.124,   0.649,9999.000,9999.000,9999.000,9999.000,9999.000,9999.000,9999.000
202604012036,   0.132,   0.629,9999.000,9999.000,9999.000,9999.000,9999.000,9999.000,9999.000
202604012042,   0.139,   0.610,9999.000,9999.000,9999.000,9999.000,9999.000,9999.000,9999.000
202604012048,   0.147,   0.619,9999.000,9999.000,9999.000,9999.000,9999.000,9999.000,9999.000
202604012054,   0.155,   0.649,9999.000,9999.000,9999.000,9999.000,9999.000,9999.000,9999.000
202604012100,   0.163,   0.669,   0.500,   0.006,   0.669,   0.400,   0.569,   0.500,   0.669
202604012106,   0.171,   0.688,9999.000,9999.000,9999.000,9999.000,9999.000,9999.000,9999.000
202604012112,   0.179,   0.688,9999.000,9999.000,9999.000,9999.000,9999.000,9999.000,9999.000
202604012118,   0.188,   0.678,9999.000,9999.000,9999.000,9999.000,9999.000,9999.000,9999.000
202604012124,   0.196,   0.649,9999.000,9999.000,9999.000,9999.000,9999.000,9999.000,9999.000
202604012130,   0.204,   0.649,9999.000,9999.000,9999.000,9999.000,9999.000,9999.000,9999.000
202604012136,   0.213,   0.659,9999.000,9999.000,9999.000,9999.000,9999.000,9999.000,9999.000
202604012142,   0.221,   0.718,9999.000,9999.000,9999.000,9999.000,9999.000,9999.000,9999.000
202604012148,   0.229,   0.678,9999.000,9999.000,9999.000,9999.000,9999.000,9999.000,9999.000
202604012154,   0.237,   0.698,9999.000,9999.000,9999.000,9999.000,9999.000,9999.000,9999.000
202604012200,   0.245,   0.629,   0.400,  -0.016,   0.629,   0.400,   0.629,   0.500,   0.729
202604012206,   0.253,   0.649,9999.000,9999.000,9999.000,9999.000,9999.000,9999.000,9999.000
202604012212,   0.261,   0.688,9999.000,9999.000,9999.000,9999.000,9999.000,9999.000,9999.000
202604012218,   0.269,   0.718,9999.000,9999.000,9999.000,9999.000,9999.000,9999.000,9999.000
202604012224,   0.276,   0.731,9999.000,9999.000,9999.000,9999.000,9999.000,9999.000,9999.000
202604012230,   0.284,   0.751,9999.000,9999.000,9999.000,9999.000,9999.000,9999.000,9999.000
202604012236,   0.291,   0.760,9999.000,9999.000,9999.000,9999.000,9999.000,9999.000,9999.000
202604012242,   0.298,   0.770,9999.000,9999.000,9999.000,9999.000,9999.000,9999.000,9999.000
202604012248,   0.304,   0.760,9999.000,9999.000,9999.000,9999.000,9999.000,9999.000,9999.000
202604012254,   0.310,   0.741,9999.000,9999.000,9999.000,9999.000,9999.000,9999.000,9999.000
202604012300,   0.317,   0.760,   0.400,   0.043,   0.760,   0.400,   0.760,   0.500,   0.860
202604012306,   0.322,   0.800,9999.000,9999.000,9999.000,9999.000,9999.000,9999.000,9999.000
202604012312,   0.328,   0.810,9999.000,9999.000,9999.000,9999.000,9999.000,9999.000,9999.000
202604012318,   0.333,   0.819,9999.000,9999.000,9999.000,9999.000,9999.000,9999.000,9999.000
202604012324,   0.338,   0.829,9999.000,9999.000,9999.000,9999.000,9999.000,9999.000,9999.000
202604012330,   0.343,   0.829,9999.000,9999.000,9999.000,9999.000,9999.000,9999.000,9999.000
202604012336,   0.347,   0.810,9999.000,9999.000,9999.000,9999.000,9999.000,9999.000,9999.000
202604012342,   0.351,   0.790,9999.000,9999.000,9999.000,9999.000,9999.000,9999.000,9999.000
202604012348,   0.354,   0.780,9999.000,9999.000,9999.000,9999.000,9999.000,9999.000,9999.000
202604012354,   0.358,   0.810,9999.000,9999.000,9999.000,9999.000,9999.000,9999.000,9999.000
202604020000,   0.361,   0.819,   0.500,  -0.042,   0.819,   0.500,   0.819,   0.600,   0.919
202604020006,   0.364,   0.849,9999.000,9999.000,9999.000,9999.000,9999.000,9999.000,9999.000
202604020012,   0.366,   0.849,9999.000,9999.000,9999.000,9999.000,9999.000,9999.000,9999.000
202604020018,   0.368,   0.859,9999.000,9999.000,9999.000,9999.000,9999.000,9999.000,9999.000
202604020024,   0.370,   0.849,9999.000,9999.000,9999.000,9999.000,9999.000,9999.000,9999.000
202604020030,   0.372,   0.839,9999.000,9999.000,9999.000,9999.000,9999.000,9999.000,9999.000
202604020036,   0.373,   0.819,9999.000,9999.000,9999.000,9999.000,9999.000,9999.000,9999.000
202604020042,   0.374,   0.829,9999.000,9999.000,9999.000,9999.000,9999.000,9999.000,9999.000
202604020048,   0.375,   0.810,9999.000,9999.000,9999.000,9999.000,9999.000,9999.000,9999.000
202604020054,   0.376,   0.849,9999.000,9999.000,9999.000,9999.000,9999.000,9999.000,9999.000
202604020100,   0.376,   0.859,   0.500,  -0.017,   0.859,   0.500,   0.859,   0.600,   0.959
202604020106,   0.376,   0.888,9999.000,9999.000,9999.000,9999.000,9999.000,9999.000,9999.000
202604020112,   0.376,   0.869,9999.000,9999.000,9999.000,9999.000,9999.000,9999.000,9999.000
202604020118,   0.376,   0.859,9999.000,9999.000,9999.000,9999.000,9999.000,9999.000,9999.000
202604020124,   0.376,   0.810,9999.000,9999.000,9999.000,9999.000,9999.000,9999.000,9999.000
202604020130,   0.375,   0.780,9999.000,9999.000,9999.000,9999.000,9999.000,9999.000,9999.000
202604020136,   0.374,   0.770,9999.000,9999.000,9999.000,9999.000,9999.000,9999.000,9999.000
202604020142,   0.374,   0.800,9999.000,9999.000,9999.000,9999.000,9999.000,9999.000,9999.000
202604020148,   0.373,   0.839,9999.000,9999.000,9999.000,9999.000,9999.000,9999.000,9999.000
202604020154,   0.371,   0.859,9999.000,9999.000,9999.000,9999.000,9999.000,9999.000,9999.000
202604020200,   0.370,   0.849,   0.600,  -0.121,   0.849,   0.500,   0.749,   0.600,   0.849
202604020206,   0.369,   0.810,9999.000,9999.000,9999.000,9999.000,9999.000,9999.000,9999.000
202604020212,   0.368,   0.800,9999.000,9999.000,9999.000,9999.000,9999.000,9999.000,9999.000
202604020218,   0.366,   0.751,9999.000,9999.000,9999.000,9999.000,9999.000,9999.000,9999.000
202604020224,   0.364,   0.760,9999.000,9999.000,9999.000,9999.000,9999.000,9999.000,9999.000
202604020230,   0.363,   0.751,9999.000,9999.000,9999.000,9999.000,9999.000,9999.000,9999.000
202604020236,   0.361,   0.770,9999.000,9999.000,9999.000,9999.000,9999.000,9999.000,9999.000
202604020242,   0.359,   0.810,9999.000,9999.000,9999.000,9999.000,9999.000,9999.000,9999.000
202604020248,   0.357,   0.790,9999.000,9999.000,9999.000,9999.000,9999.000,9999.000,9999.000
202604020254,   0.355,   0.760,9999.000,9999.000,9999.000,9999.000,9999.000,9999.000,9999.000
202604020300,   0.353,   0.718,   0.600,  -0.235,   0.718,   0.600,   0.718,   0.600,   0.718
202604020306,   0.351,   0.688,9999.000,9999.000,9999.000,9999.000,9999.000,9999.000,9999.000
202604020312,   0.349,   0.669,9999.000,9999.000,9999.000,9999.000,9999.000,9999.000,9999.000
202604020318,   0.347,   0.678,9999.000,9999.000,9999.000,9999.000,9999.000,9999.000,9999.000
202604020324,   0.345,   0.708,9999.000,9999.000,9999.000,9999.000,9999.000,9999.000,9999.000
202604020330,   0.343,   0.751,9999.000,9999.000,9999.000,9999.000,9999.000,9999.000,9999.000
202604020336,   0.341,   0.741,9999.000,9999.000,9999.000,9999.000,9999.000,9999.000,9999.000
202604020342,   0.338,   0.718,9999.000,9999.000,9999.000,9999.000,9999.000,9999.000,9999.000
202604020348,   0.336,   0.698,9999.000,9999.000,9999.000,9999.000,9999.000,9999.000,9999.000
202604020354,   0.333,   0.659,9999.000,9999.000,9999.000,9999.000,9999.000,9999.000,9999.000
202604020400,   0.331,   0.659,   0.600,  -0.272,   0.659,   0.500,   0.559,   0.600,   0.659
202604020406,   0.328,   0.659,9999.000,9999.000,9999.000,9999.000,9999.000,9999.000,9999.000
202604020412,   0.326,   0.659,9999.000,9999.000,9999.000,9999.000,9999.000,9999.000,9999.000
202604020418,   0.323,   0.669,9999.000,9999.000,9999.000,9999.000,9999.000,9999.000,9999.000
202604020424,   0.320,   0.669,9999.000,9999.000,9999.000,9999.000,9999.000,9999.000,9999.000
202604020430,   0.318,   0.678,9999.000,9999.000,9999.000,9999.000,9999.000,9999.000,9999.000
202604020436,   0.315,   0.678,9999.000,9999.000,9999.000,9999.000,9999.000,9999.000,9999.000
202604020442,   0.312,   0.629,9999.000,9999.000,9999.000,9999.000,9999.000,9999.000,9999.000
202604020448,   0.309,   0.629,9999.000,9999.000,9999.000,9999.000,9999.000,9999.000,9999.000
202604020454,   0.306,   0.610,9999.000,9999.000,9999.000,9999.000,9999.000,9999.000,9999.000
202604020500,   0.303,   0.629,   0.500,  -0.174,   0.629,   0.500,   0.629,   0.600,   0.729
202604020506,   0.300,   0.629,9999.000,9999.000,9999.000,9999.000,9999.000,9999.000,9999.000
202604020512,   0.297,   0.649,9999.000,9999.000,9999.000,9999.000,9999.000,9999.000,9999.000
202604020518,   0.294,   0.619,9999.000,9999.000,9999.000,9999.000,9999.000,9999.000,9999.000
202604020524,   0.291,   0.639,9999.000,9999.000,9999.000,9999.000,9999.000,9999.000,9999.000
202604020530,   0.288,   0.639,9999.000,9999.000,9999.000,9999.000,9999.000,9999.000,9999.000
202604020536,   0.284,   0.619,9999.000,9999.000,9999.000,9999.000,9999.000,9999.000,9999.000
202604020542,   0.281,   0.610,9999.000,9999.000,9999.000,9999.000,9999.000,9999.000,9999.000
202604020548,   0.278,   0.600,9999.000,9999.000,9999.000,9999.000,9999.000,9999.000,9999.000
202604020554,   0.275,   0.590,9999.000,9999.000,9999.000,9999.000,9999.000,9999.000,9999.000
202604020600,   0.272,   0.600,   0.500,  -0.172,   0.600,   0.500,   0.600,   0.600,   0.700
202604020606,   0.269,   0.590,9999.000,9999.000,9999.000,9999.000,9999.000,9999.000,9999.000
202604020612,   0.266,   0.580,9999.000,9999.000,9999.000,9999.000,9999.000,9999.000,9999.000
202604020618,   0.263,   0.570,9999.000,9999.000,9999.000,9999.000,9999.000,9999.000,9999.000
202604020624,   0.260,   0.580,9999.000,9999.000,9999.000,9999.000,9999.000,9999.000,9999.000
202604020630,   0.257,   0.590,9999.000,9999.000,9999.000,9999.000,9999.000,9999.000,9999.000
202604020636,   0.254,   0.590,9999.000,9999.000,9999.000,9999.000,9999.000,9999.000,9999.000
202604020642,   0.251,   0.580,9999.000,9999.000,9999.000,9999.000,9999.000,9999.000,9999.000
202604020648,   0.249,   0.580,9999.000,9999.000,9999.000,9999.000,9999.000,9999.000,9999.000
202604020654,   0.246,   0.570,9999.000,9999.000,9999.000,9999.000,9999.000,9999.000,9999.000
202604020700,   0.244,   0.570,   0.500,  -0.174,   0.570,   0.500,   0.570,   0.600,   0.670
202604020706,   0.242,   0.560,9999.000,9999.000,9999.000,9999.000,9999.000,9999.000,9999.000
202604020712,   0.239,   0.570,9999.000,9999.000,9999.000,9999.000,9999.000,9999.000,9999.000
202604020718,   0.237,   0.570,9999.000,9999.000,9999.000,9999.000,9999.000,9999.000,9999.000
202604020724,   0.236,   0.570,9999.000,9999.000,9999.000,9999.000,9999.000,9999.000,9999.000
202604020730,   0.234,   0.580,9999.000,9999.000,9999.000,9999.000,9999.000,9999.000,9999.000
202604020736,   0.232,   0.570,9999.000,9999.000,9999.000,9999.000,9999.000,9999.000,9999.000
202604020742,   0.231,   0.580,9999.000,9999.000,9999.000,9999.000,9999.000,9999.000,9999.000
202604020748,   0.229,   0.560,9999.000,9999.000,9999.000,9999.000,9999.000,9999.000,9999.000
202604020754,   0.228,   0.560,9999.000,9999.000,9999.000,9999.000,9999.000,9999.000,9999.000
202604020800,   0.227,   0.560,   0.600,  -0.267,   0.560,   0.600,   0.560,   0.600,   0.560
202604020806,   0.226,   0.580,9999.000,9999.000,9999.000,9999.000,9999.000,9999.000,9999.000
202604020812,   0.225,   0.590,9999.000,9999.000,9999.000,9999.000,9999.000,9999.000,9999.000
202604020818,   0.224,   0.590,9999.000,9999.000,9999.000,9999.000,9999.000,9999.000,9999.000
202604020824,   0.224,   0.600,9999.000,9999.000,9999.000,9999.000,9999.000,9999.000,9999.000
202604020830,   0.223,   0.600,9999.000,9999.000,9999.000,9999.000,9999.000,9999.000,9999.000
202604020836,   0.223,   0.590,9999.000,9999.000,9999.000,9999.000,9999.000,9999.000,9999.000
202604020842,   0.222,   0.580,9999.000,9999.000,9999.000,9999.000,9999.000,9999.000,9999.000
202604020848,   0.222,   0.590,9999.000,9999.000,9999.000,9999.000,9999.000,9999.000,9999.000
202604020854,   0.222,   0.590,9999.000,9999.000,9999.000,9999.000,9999.000,9999.000,9999.000
202604020900,   0.222,   0.600,   0.600,  -0.222,   0.600,   0.600,   0.600,   0.600,   0.600
202604020906,   0.221,   0.619,9999.000,9999.000,9999.000,9999.000,9999.000,9999.000,9999.000
202604020912,   0.221,   0.629,9999.000,9999.000,9999.000,9999.000,9999.000,9999.000,9999.000
202604020918,   0.221,   0.639,9999.000,9999.000,9999.000,9999.000,9999.000,9999.000,9999.000
202604020924,   0.221,   0.600,9999.000,9999.000,9999.000,9999.000,9999.000,9999.000,9999.000
202604020930,   0.221,   0.590,9999.000,9999.000,9999.000,9999.000,9999.000,9999.000,9999.000
202604020936,   0.221,   0.590,9999.000,9999.000,9999.000,9999.000,9999.000,9999.000,9999.000
202604020942,   0.220,   0.580,9999.000,9999.000,9999.000,9999.000,9999.000,9999.000,9999.000
202604020948,   0.220,   0.590,9999.000,9999.000,9999.000,9999.000,9999.000,9999.000,9999.000
202604020954,   0.220,   0.629,9999.000,9999.000,9999.000,9999.000,9999.000,9999.000,9999.000
202604021000,   0.219,   0.649,   0.600,  -0.170,   0.649,   0.600,   0.649,   0.600,   0.649
202604021006,   0.219,   0.649,9999.000,9999.000,9999.000,9999.000,9999.000,9999.000,9999.000
202604021012,   0.218,   0.639,9999.000,9999.000,9999.000,9999.000,9999.000,9999.000,9999.000
202604021018,   0.217,   0.619,9999.000,9999.000,9999.000,9999.000,9999.000,9999.000,9999.000
202604021024,   0.216,   0.590,9999.000,9999.000,9999.000,9999.000,9999.000,9999.000,9999.000
202604021030,   0.214,   0.590,9999.000,9999.000,9999.000,9999.000,9999.000,9999.000,9999.000
202604021036,   0.213,   0.619,9999.000,9999.000,9999.000,9999.000,9999.000,9999.000,9999.000
202604021042,   0.211,   0.639,9999.000,9999.000,9999.000,9999.000,9999.000,9999.000,9999.000
202604021048,   0.209,   0.669,9999.000,9999.000,9999.000,9999.000,9999.000,9999.000,9999.000
202604021054,   0.207,   0.649,9999.000,9999.000,9999.000,9999.000,9999.000,9999.000,9999.000
202604021100,   0.205,   0.639,   0.600,  -0.166,   0.639,   0.500,   0.539,   0.600,   0.639
202604021106,   0.202,   0.619,9999.000,9999.000,9999.000,9999.000,9999.000,9999.000,9999.000
202604021112,   0.199,   0.590,9999.000,9999.000,9999.000,9999.000,9999.000,9999.000,9999.000
202604021118,   0.196,   0.590,9999.000,9999.000,9999.000,9999.000,9999.000,9999.000,9999.000
202604021124,   0.193,   0.610,9999.000,9999.000,9999.000,9999.000,9999.000,9999.000,9999.000
202604021130,   0.189,   0.639,9999.000,9999.000,9999.000,9999.000,9999.000,9999.000,9999.000
202604021136,   0.185,   0.669,9999.000,9999.000,9999.000,9999.000,9999.000,9999.000,9999.000
202604021142,   0.181,   0.669,9999.000,9999.000,9999.000,9999.000,9999.000,9999.000,9999.000
202604021148,   0.177,   0.649,9999.000,9999.000,9999.000,9999.000,9999.000,9999.000,9999.000
202604021154,   0.173,   0.639,9999.000,9999.000,9999.000,9999.000,9999.000,9999.000,9999.000
202604021200,   0.168,   0.590,   0.400,   0.022,   0.590,   0.400,   0.590,   0.400,   0.590
202604021206,   0.163,   0.600,9999.000,9999.000,9999.000,9999.000,9999.000,9999.000,9999.000
202604021212,   0.158,   0.610,9999.000,9999.000,9999.000,9999.000,9999.000,9999.000,9999.000
202604021218,   0.152,   0.619,9999.000,9999.000,9999.000,9999.000,9999.000,9999.000,9999.000
202604021224,   0.147,   0.659,9999.000,9999.000,9999.000,9999.000,9999.000,9999.000,9999.000
202604021230,   0.141,   0.659,9999.000,9999.000,9999.000,9999.000,9999.000,9999.000,9999.000
202604021236,   0.135,   0.659,9999.000,9999.000,9999.000,9999.000,9999.000,9999.000,9999.000
202604021242,   0.130,   0.610,9999.000,9999.000,9999.000,9999.000,9999.000,9999.000,9999.000
202604021248,   0.123,   0.590,9999.000,9999.000,9999.000,9999.000,9999.000,9999.000,9999.000
202604021254,   0.117,   0.560,9999.000,9999.000,9999.000,9999.000,9999.000,9999.000,9999.000
202604021300,   0.111,   0.570,   0.400,   0.059,   0.570,   0.400,   0.570,   0.400,   0.570
202604021306,   0.105,   0.570,9999.000,9999.000,9999.000,9999.000,9999.000,9999.000,9999.000
202604021312,   0.098,   0.590,9999.000,9999.000,9999.000,9999.000,9999.000,9999.000,9999.000
202604021318,   0.092,   0.600,9999.000,9999.000,9999.000,9999.000,9999.000,9999.000,9999.000
202604021324,   0.086,   0.590,9999.000,9999.000,9999.000,9999.000,9999.000,9999.000,9999.000
202604021330,   0.079,   0.590,9999.000,9999.000,9999.000,9999.000,9999.000,9999.000,9999.000
202604021336,   0.073,   0.560,9999.000,9999.000,9999.000,9999.000,9999.000,9999.000,9999.000
202604021342,   0.066,   0.531,9999.000,9999.000,9999.000,9999.000,9999.000,9999.000,9999.000
202604021348,   0.060,   0.518,9999.000,9999.000,9999.000,9999.000,9999.000,9999.000,9999.000
202604021354,   0.054,   0.518,9999.000,9999.000,9999.000,9999.000,9999.000,9999.000,9999.000
202604021400,   0.048,   0.531,   0.500,  -0.017,   0.531,   0.400,   0.431,   0.500,   0.531
202604021406,   0.042,   0.541,9999.000,9999.000,9999.000,9999.000,9999.000,9999.000,9999.000
202604021412,   0.036,   0.508,9999.000,9999.000,9999.000,9999.000,9999.000,9999.000,9999.000
202604021418,   0.030,   0.531,9999.000,9999.000,9999.000,9999.000,9999.000,9999.000,9999.000
202604021424,   0.024,   0.508,9999.000,9999.000,9999.000,9999.000,9999.000,9999.000,9999.000
202604021430,   0.019,   0.488,9999.000,9999.000,9999.000,9999.000,9999.000,9999.000,9999.000
202604021436,   0.014,   0.478,9999.000,9999.000,9999.000,9999.000,9999.000,9999.000,9999.000
202604021442,   0.008,   0.469,9999.000,9999.000,9999.000,9999.000,9999.000,9999.000,9999.000
202604021448,   0.003,   0.469,9999.000,9999.000,9999.000,9999.000,9999.000,9999.000,9999.000
202604021454,   0.000,   0.469,9999.000,9999.000,9999.000,9999.000,9999.000,9999.000,9999.000
202604021500,  -0.005,   0.449,   0.500,  -0.046,   0.449,   0.400,   0.349,   0.500,   0.449
202604021506,  -0.010,   0.429,9999.000,9999.000,9999.000,9999.000,9999.000,9999.000,9999.000
202604021512,  -0.014,   0.439,9999.000,9999.000,9999.000,9999.000,9999.000,9999.000,9999.000
202604021518,  -0.018,   0.400,9999.000,9999.000,9999.000,9999.000,9999.000,9999.000,9999.000
202604021524,  -0.022,   0.400,9999.000,9999.000,9999.000,9999.000,9999.000,9999.000,9999.000
202604021530,  -0.025,   0.419,9999.000,9999.000,9999.000,9999.000,9999.000,9999.000,9999.000
202604021536,  -0.029,   0.419,9999.000,9999.000,9999.000,9999.000,9999.000,9999.000,9999.000
202604021542,  -0.032,   0.429,9999.000,9999.000,9999.000,9999.000,9999.000,9999.000,9999.000
202604021548,  -0.035,   0.400,9999.000,9999.000,9999.000,9999.000,9999.000,9999.000,9999.000
202604021554,  -0.038,   0.400,9999.000,9999.000,9999.000,9999.000,9999.000,9999.000,9999.000
202604021600,  -0.041,   0.390,   0.400,   0.031,   0.390,   0.400,   0.390,   0.500,   0.490
202604021606,  -0.043,   0.380,9999.000,9999.000,9999.000,9999.000,9999.000,9999.000,9999.000
202604021612,  -0.045,   0.360,9999.000,9999.000,9999.000,9999.000,9999.000,9999.000,9999.000
202604021618,  -0.048,   0.380,9999.000,9999.000,9999.000,9999.000,9999.000,9999.000,9999.000
202604021624,  -0.050,   0.350,9999.000,9999.000,9999.000,9999.000,9999.000,9999.000,9999.000
202604021630,  -0.051,   0.380,9999.000,9999.000,9999.000,9999.000,9999.000,9999.000,9999.000
202604021636,  -0.053,   0.370,9999.000,9999.000,9999.000,9999.000,9999.000,9999.000,9999.000
202604021642,  -0.054,   0.380,9999.000,9999.000,9999.000,9999.000,9999.000,9999.000,9999.000
202604021648,  -0.055,   0.390,9999.000,9999.000,9999.000,9999.000,9999.000,9999.000,9999.000
202604021654,  -0.057,   0.360,9999.000,9999.000,9999.000,9999.000,9999.000,9999.000,9999.000
202604021700,  -0.057,   0.341,   0.400,  -0.002,   0.341,   0.400,   0.341,   0.500,   0.441
202604021706,  -0.058,   0.350,9999.000,9999.000,9999.000,9999.000,9999.000,9999.000,9999.000
202604021712,  -0.059,   0.350,9999.000,9999.000,9999.000,9999.000,9999.000,9999.000,9999.000
202604021718,  -0.059,   0.370,9999.000,9999.000,9999.000,9999.000,9999.000,9999.000,9999.000
202604021724,  -0.059,   0.360,9999.000,9999.000,9999.000,9999.000,9999.000,9999.000,9999.000
202604021730,  -0.059,   0.331,9999.000,9999.000,9999.000,9999.000,9999.000,9999.000,9999.000
202604021736,  -0.059,   0.298,9999.000,9999.000,9999.000,9999.000,9999.000,9999.000,9999.000
202604021742,  -0.059,   0.268,9999.000,9999.000,9999.000,9999.000,9999.000,9999.000,9999.000
202604021748,  -0.058,   0.268,9999.000,9999.000,9999.000,9999.000,9999.000,9999.000,9999.000
202604021754,  -0.057,   0.308,9999.000,9999.000,9999.000,9999.000,9999.000,9999.000,9999.000
202604021800,  -0.057,   0.331,   0.400,  -0.012,   0.331,   0.400,   0.331,   0.400,   0.331
202604021806,  -0.055,   0.331,9999.000,9999.000,9999.000,9999.000,9999.000,9999.000,9999.000
202604021812,  -0.054,   0.380,9999.000,9999.000,9999.000,9999.000,9999.000,9999.000,9999.000
202604021818,  -0.053,   0.380,9999.000,9999.000,9999.000,9999.000,9999.000,9999.000,9999.000
202604021824,  -0.051,   0.350,9999.000,9999.000,9999.000,9999.000,9999.000,9999.000,9999.000
202604021830,  -0.049,   0.341,9999.000,9999.000,9999.000,9999.000,9999.000,9999.000,9999.000
202604021836,  -0.046,   0.331,9999.000,9999.000,9999.000,9999.000,9999.000,9999.000,9999.000
202604021842,  -0.044,   0.341,9999.000,9999.000,9999.000,9999.000,9999.000,9999.000,9999.000
202604021848,  -0.041,   0.341,9999.000,9999.000,9999.000,9999.000,9999.000,9999.000,9999.000
202604021854,  -0.038,   0.350,9999.000,9999.000,9999.000,9999.000,9999.000,9999.000,9999.000
202604021900,  -0.035,   0.360,   0.400,  -0.005,   0.360,   0.400,   0.360,   0.500,   0.460
202604021906,  -0.031,   0.370,9999.000,9999.000,9999.000,9999.000,9999.000,9999.000,9999.000
202604021912,  -0.027,   0.380,9999.000,9999.000,9999.000,9999.000,9999.000,9999.000,9999.000
202604021918,  -0.023,   0.370,9999.000,9999.000,9999.000,9999.000,9999.000,9999.000,9999.000
202604021924,  -0.019,   0.380,9999.000,9999.000,9999.000,9999.000,9999.000,9999.000,9999.000
202604021930,  -0.014,   0.380,9999.000,9999.000,9999.000,9999.000,9999.000,9999.000,9999.000
202604021936,  -0.009,   0.350,9999.000,9999.000,9999.000,9999.000,9999.000,9999.000,9999.000
202604021942,  -0.004,   0.360,9999.000,9999.000,9999.000,9999.000,9999.000,9999.000,9999.000
202604021948,   0.001,   0.341,9999.000,9999.000,9999.000,9999.000,9999.000,9999.000,9999.000
202604021954,   0.007,   0.360,9999.000,9999.000,9999.000,9999.000,9999.000,9999.000,9999.000
202604022000,   0.013,   0.400,   0.400,  -0.013,   0.400,   0.400,   0.400,   0.500,   0.500
202604022006,   0.020,   0.429,9999.000,9999.000,9999.000,9999.000,9999.000,9999.000,9999.000
202604022012,   0.027,   0.439,9999.000,9999.000,9999.000,9999.000,9999.000,9999.000,9999.000
202604022018,   0.034,   0.429,9999.000,9999.000,9999.000,9999.000,9999.000,9999.000,9999.000
202604022024,   0.042,   0.439,9999.000,9999.000,9999.000,9999.000,9999.000,9999.000,9999.000
202604022030,   0.050,   0.429,9999.000,9999.000,9999.000,9999.000,9999.000,9999.000,9999.000
202604022036,   0.058,   0.419,9999.000,9999.000,9999.000,9999.000,9999.000,9999.000,9999.000
202604022042,   0.067,   0.439,9999.000,9999.000,9999.000,9999.000,9999.000,9999.000,9999.000
202604022048,   0.075,   0.439,9999.000,9999.000,9999.000,9999.000,9999.000,9999.000,9999.000
202604022054,   0.084,   0.478,9999.000,9999.000,9999.000,9999.000,9999.000,9999.000,9999.000
202604022100,   0.094,   0.469,   0.400,  -0.025,   0.469,   0.400,   0.469,   0.400,   0.469
202604022106,   0.103,   0.478,9999.000,9999.000,9999.000,9999.000,9999.000,9999.000,9999.000
202604022112,   0.113,   0.478,9999.000,9999.000,9999.000,9999.000,9999.000,9999.000,9999.000
202604022118,   0.122,   0.488,9999.000,9999.000,9999.000,9999.000,9999.000,9999.000,9999.000
202604022124,   0.132,   0.478,9999.000,9999.000,9999.000,9999.000,9999.000,9999.000,9999.000
202604022130,   0.143,   0.498,9999.000,9999.000,9999.000,9999.000,9999.000,9999.000,9999.000
202604022136,   0.153,   0.518,9999.000,9999.000,9999.000,9999.000,9999.000,9999.000,9999.000
202604022142,   0.163,   0.541,9999.000,9999.000,9999.000,9999.000,9999.000,9999.000,9999.000
202604022148,   0.174,   0.541,9999.000,9999.000,9999.000,9999.000,9999.000,9999.000,9999.000
202604022154,   0.184,   0.560,9999.000,9999.000,9999.000,9999.000,9999.000,9999.000,9999.000
202604022200,   0.195,   0.560,   0.400,  -0.035,   0.560,   0.400,   0.560,   0.400,   0.560
202604022206,   0.205,   0.570,9999.000,9999.000,9999.000,9999.000,9999.000,9999.000,9999.000
202604022212,   0.216,   0.590,9999.000,9999.000,9999.000,9999.000,9999.000,9999.000,9999.000
202604022218,   0.226,   0.610,9999.000,9999.000,9999.000,9999.000,9999.000,9999.000,9999.000
202604022224,   0.237,   0.590,9999.000,9999.000,9999.000,9999.000,9999.000,9999.000,9999.000
202604022230,   0.247,   0.590,9999.000,9999.000,9999.000,9999.000,9999.000,9999.000,9999.000
202604022236,   0.257,   0.590,9999.000,9999.000,9999.000,9999.000,9999.000,9999.000,9999.000
202604022242,   0.267,   0.619,9999.000,9999.000,9999.000,9999.000,9999.000,9999.000,9999.000
202604022248,   0.277,   0.639,9999.000,9999.000,9999.000,9999.000,9999.000,9999.000,9999.000
202604022254,   0.286,   0.688,9999.000,9999.000,9999.000,9999.000,9999.000,9999.000,9999.000
202604022300,   0.296,   0.678,   0.400,  -0.018,   0.678,   0.400,   0.678,   0.400,   0.678
202604022306,   0.305,   0.698,9999.000,9999.000,9999.000,9999.000,9999.000,9999.000,9999.000
202604022312,   0.314,9999.000,9999.000,9999.000,9999.000,9999.000,9999.000,9999.000,9999.000
202604022318,   0.322,   0.718,9999.000,9999.000,9999.000,9999.000,9999.000,9999.000,9999.000
202604022324,   0.331,   0.698,9999.000,9999.000,9999.000,9999.000,9999.000,9999.000,9999.000
202604022330,   0.339,   0.718,9999.000,9999.000,9999.000,9999.000,9999.000,9999.000,9999.000
202604022336,   0.346,   0.731,9999.000,9999.000,9999.000,9999.000,9999.000,9999.000,9999.000
202604022342,   0.354,   0.751,9999.000,9999.000,9999.000,9999.000,9999.000,9999.000,9999.000
202604022348,   0.360,   0.760,9999.000,9999.000,9999.000,9999.000,9999.000,9999.000,9999.000
202604022354,   0.367,   0.780,9999.000,9999.000,9999.000,9999.000,9999.000,9999.000,9999.000
202604030000,   0.373,   0.800,   0.400,   0.027,   0.800,   0.400,   0.800,   0.400,   0.800
202604030006,   0.379,   0.800,9999.000,9999.000,9999.000,9999.000,9999.000,9999.000,9999.000
202604030012,   0.384,   0.800,9999.000,9999.000,9999.000,9999.000,9999.000,9999.000,9999.000
202604030018,   0.390,   0.800,9999.000,9999.000,9999.000,9999.000,9999.000,9999.000,9999.000
202604030024,   0.394,   0.800,9999.000,9999.000,9999.000,9999.000,9999.000,9999.000,9999.000
202604030030,   0.398,   0.810,9999.000,9999.000,9999.000,9999.000,9999.000,9999.000,9999.000
202604030036,   0.402,   0.819,9999.000,9999.000,9999.000,9999.000,9999.000,9999.000,9999.000
202604030042,   0.406,   0.839,9999.000,9999.000,9999.000,9999.000,9999.000,9999.000,9999.000
202604030048,   0.409,   0.839,9999.000,9999.000,9999.000,9999.000,9999.000,9999.000,9999.000
202604030054,   0.412,   0.849,9999.000,9999.000,9999.000,9999.000,9999.000,9999.000,9999.000
202604030100,   0.414,   0.869,   0.400,   0.055,   0.869,   0.400,   0.869,   0.400,   0.869
202604030106,   0.416,   0.869,9999.000,9999.000,9999.000,9999.000,9999.000,9999.000,9999.000
202604030112,   0.418,   0.859,9999.000,9999.000,9999.000,9999.000,9999.000,9999.000,9999.000
202604030118,   0.420,   0.869,9999.000,9999.000,9999.000,9999.000,9999.000,9999.000,9999.000
202604030124,   0.421,   0.859,9999.000,9999.000,9999.000,9999.000,9999.000,9999.000,9999.000
202604030130,   0.422,   0.869,9999.000,9999.000,9999.000,9999.000,9999.000,9999.000,9999.000
202604030136,   0.422,   0.869,9999.000,9999.000,9999.000,9999.000,9999.000,9999.000,9999.000
202604030142,   0.422,   0.859,9999.000,9999.000,9999.000,9999.000,9999.000,9999.000,9999.000
202604030148,   0.423,   0.888,9999.000,9999.000,9999.000,9999.000,9999.000,9999.000,9999.000
202604030154,   0.422,   0.888,9999.000,9999.000,9999.000,9999.000,9999.000,9999.000,9999.000
202604030200,   0.422,   0.888,   0.400,   0.066,   0.888,   0.400,   0.888,   0.400,   0.888
202604030206,   0.421,   0.869,9999.000,9999.000,9999.000,9999.000,9999.000,9999.000,9999.000
202604030212,   0.421,   0.839,9999.000,9999.000,9999.000,9999.000,9999.000,9999.000,9999.000
202604030218,   0.420,   0.849,9999.000,9999.000,9999.000,9999.000,9999.000,9999.000,9999.000
202604030224,   0.419,   0.829,9999.000,9999.000,9999.000,9999.000,9999.000,9999.000,9999.000
202604030230,   0.417,   0.869,9999.000,9999.000,9999.000,9999.000,9999.000,9999.000,9999.000
202604030236,   0.416,   0.859,9999.000,9999.000,9999.000,9999.000,9999.000,9999.000,9999.000
202604030242,   0.414,   0.859,9999.000,9999.000,9999.000,9999.000,9999.000,9999.000,9999.000
202604030248,   0.413,   0.829,9999.000,9999.000,9999.000,9999.000,9999.000,9999.000,9999.000
202604030254,   0.411,   0.810,9999.000,9999.000,9999.000,9999.000,9999.000,9999.000,9999.000
202604030300,   0.409,   0.780,   0.400,  -0.029,   0.780,   0.400,   0.780,   0.400,   0.780
202604030306,   0.407,   0.780,9999.000,9999.000,9999.000,9999.000,9999.000,9999.000,9999.000
202604030312,   0.405,   0.800,9999.000,9999.000,9999.000,9999.000,9999.000,9999.000,9999.000
202604030318,   0.403,   0.800,9999.000,9999.000,9999.000,9999.000,9999.000,9999.000,9999.000
202604030324,   0.401,   0.810,9999.000,9999.000,9999.000,9999.000,9999.000,9999.000,9999.000
202604030330,   0.399,   0.800,9999.000,9999.000,9999.000,9999.000,9999.000,9999.000,9999.000
202604030336,   0.397,   0.790,9999.000,9999.000,9999.000,9999.000,9999.000,9999.000,9999.000
202604030342,   0.395,   0.760,9999.000,9999.000,9999.000,9999.000,9999.000,9999.000,9999.000
202604030348,   0.393,   0.731,9999.000,9999.000,9999.000,9999.000,9999.000,9999.000,9999.000
202604030354,   0.390,   0.731,9999.000,9999.000,9999.000,9999.000,9999.000,9999.000,9999.000
202604030400,   0.388,   0.741,   0.400,  -0.047,   0.741,   0.400,   0.741,   0.400,   0.741
202604030406,   0.386,   0.751,9999.000,9999.000,9999.000,9999.000,9999.000,9999.000,9999.000
202604030412,   0.383,   0.751,9999.000,9999.000,9999.000,9999.000,9999.000,9999.000,9999.000
202604030418,   0.381,   0.760,9999.000,9999.000,9999.000,9999.000,9999.000,9999.000,9999.000
202604030424,   0.378,   0.731,9999.000,9999.000,9999.000,9999.000,9999.000,9999.000,9999.000
202604030430,   0.376,   0.718,9999.000,9999.000,9999.000,9999.000,9999.000,9999.000,9999.000
202604030436,   0.373,   0.688,9999.000,9999.000,9999.000,9999.000,9999.000,9999.000,9999.000
202604030442,   0.371,   0.688,9999.000,9999.000,9999.000,9999.000,9999.000,9999.000,9999.000
202604030448,   0.368,   0.678,9999.000,9999.000,9999.000,9999.000,9999.000,9999.000,9999.000
202604030454,   0.365,   0.688,9999.000,9999.000,9999.000,9999.000,9999.000,9999.000,9999.000
202604030500,   0.363,   0.708,   0.400,  -0.055,   0.708,   0.300,   0.608,   0.400,   0.708
202604030506,   0.360,   0.698,9999.000,9999.000,9999.000,9999.000,9999.000,9999.000,9999.000
202604030512,   0.357,   0.698,9999.000,9999.000,9999.000,9999.000,9999.000,9999.000,9999.000
202604030518,   0.354,   0.688,9999.000,9999.000,9999.000,9999.000,9999.000,9999.000,9999.000
202604030524,   0.351,   0.688,9999.000,9999.000,9999.000,9999.000,9999.000,9999.000,9999.000
202604030530,   0.348,   0.678,9999.000,9999.000,9999.000,9999.000,9999.000,9999.000,9999.000
202604030536,   0.345,   0.649,9999.000,9999.000,9999.000,9999.000,9999.000,9999.000,9999.000
202604030542,   0.342,   0.659,9999.000,9999.000,9999.000,9999.000,9999.000,9999.000,9999.000
202604030548,   0.338,   0.659,9999.000,9999.000,9999.000,9999.000,9999.000,9999.000,9999.000
202604030554,   0.335,   0.669,9999.000,9999.000,9999.000,9999.000,9999.000,9999.000,9999.000
202604030600,   0.332,   0.678,   0.400,  -0.054,   0.678,   0.400,   0.678,   0.400,   0.678
202604030606,   0.328,   0.698,9999.000,9999.000,9999.000,9999.000,9999.000,9999.000,9999.000
202604030612,   0.325,   0.669,9999.000,9999.000,9999.000,9999.000,9999.000,9999.000,9999.000
202604030618,   0.321,   0.649,9999.000,9999.000,9999.000,9999.000,9999.000,9999.000,9999.000
202604030624,   0.318,   0.649,9999.000,9999.000,9999.000,9999.000,9999.000,9999.000,9999.000
202604030630,   0.314,   0.619,9999.000,9999.000,9999.000,9999.000,9999.000,9999.000,9999.000
202604030636,   0.310,   0.649,9999.000,9999.000,9999.000,9999.000,9999.000,9999.000,9999.000
202604030642,   0.307,   0.639,9999.000,9999.000,9999.000,9999.000,9999.000,9999.000,9999.000
202604030648,   0.303,   0.669,9999.000,9999.000,9999.000,9999.000,9999.000,9999.000,9999.000
202604030654,   0.299,   0.669,9999.000,9999.000,9999.000,9999.000,9999.000,9999.000,9999.000
202604030700,   0.296,   0.659,   0.400,  -0.037,   0.659,   0.400,   0.659,   0.500,   0.759
202604030706,   0.292,   0.619,9999.000,9999.000,9999.000,9999.000,9999.000,9999.000,9999.000
202604030712,   0.288,   0.619,9999.000,9999.000,9999.000,9999.000,9999.000,9999.000,9999.000
202604030718,   0.284,   0.619,9999.000,9999.000,9999.000,9999.000,9999.000,9999.000,9999.000
202604030724,   0.281,   0.600,9999.000,9999.000,9999.000,9999.000,9999.000,9999.000,9999.000
202604030730,   0.277,   0.600,9999.000,9999.000,9999.000,9999.000,9999.000,9999.000,9999.000
202604030736,   0.273,   0.639,9999.000,9999.000,9999.000,9999.000,9999.000,9999.000,9999.000
202604030742,   0.270,   0.639,9999.000,9999.000,9999.000,9999.000,9999.000,9999.000,9999.000
202604030748,   0.266,   0.619,9999.000,9999.000,9999.000,9999.000,9999.000,9999.000,9999.000
202604030754,   0.263,   0.590,9999.000,9999.000,9999.000,9999.000,9999.000,9999.000,9999.000
202604030800,   0.259,   0.560,   0.400,  -0.099,   0.560,   0.400,   0.560,   0.500,   0.660
202604030806,   0.256,   0.560,9999.000,9999.000,9999.000,9999.000,9999.000,9999.000,9999.000
202604030812,   0.252,   0.570,9999.000,9999.000,9999.000,9999.000,9999.000,9999.000,9999.000
202604030818,   0.249,   0.590,9999.000,9999.000,9999.000,9999.000,9999.000,9999.000,9999.000
202604030824,   0.246,   0.590,9999.000,9999.000,9999.000,9999.000,9999.000,9999.000,9999.000
202604030830,   0.243,   0.580,9999.000,9999.000,9999.000,9999.000,9999.000,9999.000,9999.000
202604030836,   0.240,   0.570,9999.000,9999.000,9999.000,9999.000,9999.000,9999.000,9999.000
202604030842,   0.237,   0.570,9999.000,9999.000,9999.000,9999.000,9999.000,9999.000,9999.000
202604030848,   0.234,   0.560,9999.000,9999.000,9999.000,9999.000,9999.000,9999.000,9999.000
202604030854,   0.231,   0.541,9999.000,9999.000,9999.000,9999.000,9999.000,9999.000,9999.000
202604030900,   0.229,   0.531,   0.400,  -0.098,   0.531,   0.400,   0.531,   0.500,   0.631
202604030906,   0.226,   0.551,9999.000,9999.000,9999.000,9999.000,9999.000,9999.000,9999.000
202604030912,   0.223,   0.570,9999.000,9999.000,9999.000,9999.000,9999.000,9999.000,9999.000
202604030918,   0.221,   0.570,9999.000,9999.000,9999.000,9999.000,9999.000,9999.000,9999.000
202604030924,   0.218,   0.570,9999.000,9999.000,9999.000,9999.000,9999.000,9999.000,9999.000
202604030930,   0.216,   0.570,9999.000,9999.000,9999.000,9999.000,9999.000,9999.000,9999.000
202604030936,   0.213,   0.580,9999.000,9999.000,9999.000,9999.000,9999.000,9999.000,9999.000
202604030942,   0.211,   0.551,9999.000,9999.000,9999.000,9999.000,9999.000,9999.000,9999.000
202604030948,   0.208,   0.541,9999.000,9999.000,9999.000,9999.000,9999.000,9999.000,9999.000
202604030954,   0.206,   0.551,9999.000,9999.000,9999.000,9999.000,9999.000,9999.000,9999.000
202604031000,   0.203,   0.541,   0.400,  -0.062,   0.541,   0.400,   0.541,   0.400,   0.541
202604031006,   0.201,   0.541,9999.000,9999.000,9999.000,9999.000,9999.000,9999.000,9999.000
202604031012,   0.198,   0.560,9999.000,9999.000,9999.000,9999.000,9999.000,9999.000,9999.000
202604031018,   0.195,   0.570,9999.000,9999.000,9999.000,9999.000,9999.000,9999.000,9999.000
202604031024,   0.193,   0.541,9999.000,9999.000,9999.000,9999.000,9999.000,9999.000,9999.000
202604031030,   0.190,   0.541,9999.000,9999.000,9999.000,9999.000,9999.000,9999.000,9999.000
202604031036,   0.187,   0.518,9999.000,9999.000,9999.000,9999.000,9999.000,9999.000,9999.000
202604031042,   0.184,   0.541,9999.000,9999.000,9999.000,9999.000,9999.000,9999.000,9999.000
202604031048,   0.181,   0.531,9999.000,9999.000,9999.000,9999.000,9999.000,9999.000,9999.000
202604031054,   0.177,   0.541,9999.000,9999.000,9999.000,9999.000,9999.000,9999.000,9999.000
202604031100,   0.174,   0.560,   0.400,  -0.014,   0.560,   0.400,   0.560,   0.400,   0.560
202604031106,   0.170,   0.570,9999.000,9999.000,9999.000,9999.000,9999.000,9999.000,9999.000
202604031112,   0.166,   0.551,9999.000,9999.000,9999.000,9999.000,9999.000,9999.000,9999.000
202604031118,   0.162,   0.551,9999.000,9999.000,9999.000,9999.000,9999.000,9999.000,9999.000
202604031124,   0.158,   0.551,9999.000,9999.000,9999.000,9999.000,9999.000,9999.000,9999.000
202604031130,   0.153,   0.551,9999.000,9999.000,9999.000,9999.000,9999.000,9999.000,9999.000
202604031136,   0.149,   0.541,9999.000,9999.000,9999.000,9999.000,9999.000,9999.000,9999.000
202604031142,   0.144,   0.560,9999.000,9999.000,9999.000,9999.000,9999.000,9999.000,9999.000
202604031148,   0.139,   0.570,9999.000,9999.000,9999.000,9999.000,9999.000,9999.000,9999.000
202604031154,   0.133,   0.570,9999.000,9999.000,9999.000,9999.000,9999.000,9999.000,9999.000
202604031200,   0.128,   0.551,   0.400,   0.023,   0.551,   0.400,   0.551,   0.400,   0.551
202604031206,   0.122,   0.560,9999.000,9999.000,9999.000,9999.000,9999.000,9999.000,9999.000
202604031212,   0.116,   0.560,9999.000,9999.000,9999.000,9999.000,9999.000,9999.000,9999.000
202604031218,   0.109,   0.590,9999.000,9999.000,9999.000,9999.000,9999.000,9999.000,9999.000
202604031224,   0.103,   0.570,9999.000,9999.000,9999.000,9999.000,9999.000,9999.000,9999.000
202604031230,   0.096,   0.560,9999.000,9999.000,9999.000,9999.000,9999.000,9999.000,9999.000
202604031236,   0.089,   0.560,9999.000,9999.000,9999.000,9999.000,9999.000,9999.000,9999.000
202604031242,   0.082,   0.560,9999.000,9999.000,9999.000,9999.000,9999.000,9999.000,9999.000
202604031248,   0.075,   0.560,9999.000,9999.000,9999.000,9999.000,9999.000,9999.000,9999.000
202604031254,   0.068,   0.560,9999.000,9999.000,9999.000,9999.000,9999.000,9999.000,9999.000
202604031300,   0.060,   0.551,   0.400,   0.091,   0.551,   0.400,   0.551,   0.400,   0.551
202604031306,   0.052,   0.551,9999.000,9999.000,9999.000,9999.000,9999.000,9999.000,9999.000
202604031312,   0.045,   0.531,9999.000,9999.000,9999.000,9999.000,9999.000,9999.000,9999.000
202604031318,   0.037,   0.518,9999.000,9999.000,9999.000,9999.000,9999.000,9999.000,9999.000
202604031324,   0.029,   0.498,9999.000,9999.000,9999.000,9999.000,9999.000,9999.000,9999.000
202604031330,   0.021,   0.488,9999.000,9999.000,9999.000,9999.000,9999.000,9999.000,9999.000
202604031336,   0.013,   0.488,9999.000,9999.000,9999.000,9999.000,9999.000,9999.000,9999.000
202604031342,   0.005,   0.488,9999.000,9999.000,9999.000,9999.000,9999.000,9999.000,9999.000
202604031348,  -0.002,   0.508,9999.000,9999.000,9999.000,9999.000,9999.000,9999.000,9999.000
202604031354,  -0.010,   0.498,9999.000,9999.000,9999.000,9999.000,9999.000,9999.000,9999.000
202604031400,  -0.018,   0.469,   0.400,   0.087,   0.469,   0.400,   0.469,   0.500,   0.569
202604031406,  -0.026,   0.439,9999.000,9999.000,9999.000,9999.000,9999.000,9999.000,9999.000
202604031412,  -0.034,   0.429,9999.000,9999.000,9999.000,9999.000,9999.000,9999.000,9999.000
202604031418,  -0.042,   0.409,9999.000,9999.000,9999.000,9999.000,9999.000,9999.000,9999.000
202604031424,  -0.049,   0.390,9999.000,9999.000,9999.000,9999.000,9999.000,9999.000,9999.000
202604031430,  -0.057,   0.400,9999.000,9999.000,9999.000,9999.000,9999.000,9999.000,9999.000
202604031436,  -0.064,   0.400,9999.000,9999.000,9999.000,9999.000,9999.000,9999.000,9999.000
202604031442,  -0.071,   0.400,9999.000,9999.000,9999.000,9999.000,9999.000,9999.000,9999.000
202604031448,  -0.078,   0.400,9999.000,9999.000,9999.000,9999.000,9999.000,9999.000,9999.000
202604031454,  -0.085,   0.370,9999.000,9999.000,9999.000,9999.000,9999.000,9999.000,9999.000
202604031500,  -0.091,   0.350,   0.400,   0.041,   0.350,   0.400,   0.350,   0.500,   0.450
202604031506,  -0.097,   0.350,9999.000,9999.000,9999.000,9999.000,9999.000,9999.000,9999.000
202604031512,  -0.103,   0.350,9999.000,9999.000,9999.000,9999.000,9999.000,9999.000,9999.000
202604031518,  -0.109,   0.350,9999.000,9999.000,9999.000,9999.000,9999.000,9999.000,9999.000
202604031524,  -0.114,   0.341,9999.000,9999.000,9999.000,9999.000,9999.000,9999.000,9999.000
202604031530,  -0.119,   0.331,9999.000,9999.000,9999.000,9999.000,9999.000,9999.000,9999.000
202604031536,  -0.124,   0.331,9999.000,9999.000,9999.000,9999.000,9999.000,9999.000,9999.000
202604031542,  -0.129,   0.321,9999.000,9999.000,9999.000,9999.000,9999.000,9999.000,9999.000
202604031548,  -0.133,   0.288,9999.000,9999.000,9999.000,9999.000,9999.000,9999.000,9999.000
202604031554,  -0.137,   0.288,9999.000,9999.000,9999.000,9999.000,9999.000,9999.000,9999.000
202604031600,  -0.141,   0.298,   0.400,   0.039,   0.298,   0.400,   0.298,   0.500,   0.398
202604031606,  -0.144,   0.298,9999.000,9999.000,9999.000,9999.000,9999.000,9999.000,9999.000
202604031612,  -0.147,   0.308,9999.000,9999.000,9999.000,9999.000,9999.000,9999.000,9999.000
202604031618,  -0.149,   0.278,9999.000,9999.000,9999.000,9999.000,9999.000,9999.000,9999.000
202604031624,  -0.152,   0.288,9999.000,9999.000,9999.000,9999.000,9999.000,9999.000,9999.000
202604031630,  -0.154,   0.288,9999.000,9999.000,9999.000,9999.000,9999.000,9999.000,9999.000
202604031636,  -0.156,   0.288,9999.000,9999.000,9999.000,9999.000,9999.000,9999.000,9999.000
202604031642,  -0.157,   0.288,9999.000,9999.000,9999.000,9999.000,9999.000,9999.000,9999.000
202604031648,  -0.158,   0.288,9999.000,9999.000,9999.000,9999.000,9999.000,9999.000,9999.000
202604031654,  -0.159,   0.268,9999.000,9999.000,9999.000,9999.000,9999.000,9999.000,9999.000
202604031700,  -0.160,   0.278,   0.400,   0.038,   0.278,   0.400,   0.278,   0.500,   0.378
202604031706,  -0.160,   0.268,9999.000,9999.000,9999.000,9999.000,9999.000,9999.000,9999.000
202604031712,  -0.160,   0.268,9999.000,9999.000,9999.000,9999.000,9999.000,9999.000,9999.000
202604031718,  -0.160,   0.268,9999.000,9999.000,9999.000,9999.000,9999.000,9999.000,9999.000
202604031724,  -0.160,   0.278,9999.000,9999.000,9999.000,9999.000,9999.000,9999.000,9999.000
202604031730,  -0.159,   0.268,9999.000,9999.000,9999.000,9999.000,9999.000,9999.000,9999.000
202604031736,  -0.158,   0.278,9999.000,9999.000,9999.000,9999.000,9999.000,9999.000,9999.000
202604031742,  -0.157,   0.259,9999.000,9999.000,9999.000,9999.000,9999.000,9999.000,9999.000
202604031748,  -0.156,   0.268,9999.000,9999.000,9999.000,9999.000,9999.000,9999.000,9999.000
202604031754,  -0.155,   0.298,9999.000,9999.000,9999.000,9999.000,9999.000,9999.000,9999.000
202604031800,  -0.153,   0.278,   0.400,   0.031,   0.278,   0.400,   0.278,   0.500,   0.378
202604031806,  -0.151,   0.278,9999.000,9999.000,9999.000,9999.000,9999.000,9999.000,9999.000
202604031812,  -0.149,   0.288,9999.000,9999.000,9999.000,9999.000,9999.000,9999.000,9999.000
202604031818,  -0.146,   0.288,9999.000,9999.000,9999.000,9999.000,9999.000,9999.000,9999.000
202604031824,  -0.144,   0.288,9999.000,9999.000,9999.000,9999.000,9999.000,9999.000,9999.000
202604031830,  -0.141,   0.288,9999.000,9999.000,9999.000,9999.000,9999.000,9999.000,9999.000
202604031836,  -0.138,   0.298,9999.000,9999.000,9999.000,9999.000,9999.000,9999.000,9999.000
202604031842,  -0.135,   0.298,9999.000,9999.000,9999.000,9999.000,9999.000,9999.000,9999.000
202604031848,  -0.131,   0.298,9999.000,9999.000,9999.000,9999.000,9999.000,9999.000,9999.000
202604031854,  -0.127,   0.298,9999.000,9999.000,9999.000,9999.000,9999.000,9999.000,9999.000
202604031900,  -0.124,   0.288,   0.400,   0.012,   0.288,   0.400,   0.288,   0.500,   0.388
202604031906,  -0.119,   0.278,9999.000,9999.000,9999.000,9999.000,9999.000,9999.000,9999.000
202604031912,  -0.115,   0.268,9999.000,9999.000,9999.000,9999.000,9999.000,9999.000,9999.000
202604031918,  -0.111,   0.298,9999.000,9999.000,9999.000,9999.000,9999.000,9999.000,9999.000
202604031924,  -0.106,   0.288,9999.000,9999.000,9999.000,9999.000,9999.000,9999.000,9999.000
202604031930,  -0.101,   0.308,9999.000,9999.000,9999.000,9999.000,9999.000,9999.000,9999.000
202604031936,  -0.095,   0.331,9999.000,9999.000,9999.000,9999.000,9999.000,9999.000,9999.000
202604031942,  -0.090,   0.341,9999.000,9999.000,9999.000,9999.000,9999.000,9999.000,9999.000
202604031948,  -0.084,   0.331,9999.000,9999.000,9999.000,9999.000,9999.000,9999.000,9999.000
202604031954,  -0.078,   0.331,9999.000,9999.000,9999.000,9999.000,9999.000,9999.000,9999.000
202604032000,  -0.072,   0.331,   0.400,   0.003,   0.331,   0.400,   0.331,   0.500,   0.431
202604032006,  -0.065,   0.331,9999.000,9999.000,9999.000,9999.000,9999.000,9999.000,9999.000
202604032012,  -0.058,   0.360,9999.000,9999.000,9999.000,9999.000,9999.000,9999.000,9999.000
202604032018,  -0.051,   0.380,9999.000,9999.000,9999.000,9999.000,9999.000,9999.000,9999.000
202604032024,  -0.043,   0.380,9999.000,9999.000,9999.000,9999.000,9999.000,9999.000,9999.000
202604032030,  -0.036,   0.380,9999.000,9999.000,9999.000,9999.000,9999.000,9999.000,9999.000
202604032036,  -0.028,   0.400,9999.000,9999.000,9999.000,9999.000,9999.000,9999.000,9999.000
202604032042,  -0.019,   0.409,9999.000,9999.000,9999.000,9999.000,9999.000,9999.000,9999.000
202604032048,  -0.011,   0.400,9999.000,9999.000,9999.000,9999.000,9999.000,9999.000,9999.000
202604032054,  -0.002,   0.400,9999.000,9999.000,9999.000,9999.000,9999.000,9999.000,9999.000
202604032100,   0.006,   0.400,   0.400,  -0.006,   0.400,   0.400,   0.400,   0.500,   0.500
202604032106,   0.016,   0.419,9999.000,9999.000,9999.000,9999.000,9999.000,9999.000,9999.000
202604032112,   0.025,   0.419,9999.000,9999.000,9999.000,9999.000,9999.000,9999.000,9999.000
202604032118,   0.035,   0.429,9999.000,9999.000,9999.000,9999.000,9999.000,9999.000,9999.000
202604032124,   0.046,   0.429,9999.000,9999.000,9999.000,9999.000,9999.000,9999.000,9999.000
202604032130,   0.056,   0.459,9999.000,9999.000,9999.000,9999.000,9999.000,9999.000,9999.000
202604032136,   0.067,   0.488,9999.000,9999.000,9999.000,9999.000,9999.000,9999.000,9999.000
202604032142,   0.078,   0.508,9999.000,9999.000,9999.000,9999.000,9999.000,9999.000,9999.000
202604032148,   0.089,   0.508,9999.000,9999.000,9999.000,9999.000,9999.000,9999.000,9999.000
202604032154,   0.100,   0.508,9999.000,9999.000,9999.000,9999.000,9999.000,9999.000,9999.000
202604032200,   0.111,   0.531,   0.400,   0.020,   0.531,   0.400,   0.531,   0.400,   0.531
202604032206,   0.123,   0.531,9999.000,9999.000,9999.000,9999.000,9999.000,9999.000,9999.000
202604032212,   0.134,   0.531,9999.000,9999.000,9999.000,9999.000,9999.000,9999.000,9999.000
202604032218,   0.146,   0.551,9999.000,9999.000,9999.000,9999.000,9999.000,9999.000,9999.000
202604032224,   0.158,   0.551,9999.000,9999.000,9999.000,9999.000,9999.000,9999.000,9999.000
202604032230,   0.170,   0.590,9999.000,9999.000,9999.000,9999.000,9999.000,9999.000,9999.000
202604032236,   0.181,   0.580,9999.000,9999.000,9999.000,9999.000,9999.000,9999.000,9999.000
202604032242,   0.193,   0.629,9999.000,9999.000,9999.000,9999.000,9999.000,9999.000,9999.000
202604032248,   0.205,   0.629,9999.000,9999.000,9999.000,9999.000,9999.000,9999.000,9999.000
202604032254,   0.217,   0.649,9999.000,9999.000,9999.000,9999.000,9999.000,9999.000,9999.000
202604032300,   0.228,   0.669,   0.400,   0.041,   0.669,   0.400,   0.669,   0.400,   0.669
202604032306,   0.240,   0.659,9999.000,9999.000,9999.000,9999.000,9999.000,9999.000,9999.000
202604032312,   0.251,   0.649,9999.000,9999.000,9999.000,9999.000,9999.000,9999.000,9999.000
202604032318,   0.262,   0.649,9999.000,9999.000,9999.000,9999.000,9999.000,9999.000,9999.000
202604032324,   0.273,   0.678,9999.000,9999.000,9999.000,9999.000,9999.000,9999.000,9999.000
202604032330,   0.284,   0.708,9999.000,9999.000,9999.000,9999.000,9999.000,9999.000,9999.000
202604032336,   0.295,   0.731,9999.000,9999.000,9999.000,9999.000,9999.000,9999.000,9999.000
202604032342,   0.305,   0.751,9999.000,9999.000,9999.000,9999.000,9999.000,9999.000,9999.000
202604032348,   0.315,   0.770,9999.000,9999.000,9999.000,9999.000,9999.000,9999.000,9999.000
202604032354,   0.325,   0.751,9999.000,9999.000,9999.000,9999.000,9999.000,9999.000,9999.000
202604040000,   0.334,   0.731,   0.400,  -0.003,   0.731,   0.400,   0.731,   0.400,   0.731
202604040006,   0.343,   0.751,9999.000,9999.000,9999.000,9999.000,9999.000,9999.000,9999.000
202604040012,   0.352,   0.790,9999.000,9999.000,9999.000,9999.000,9999.000,9999.000,9999.000
202604040018,   0.360,   0.800,9999.000,9999.000,9999.000,9999.000,9999.000,9999.000,9999.000
202604040024,   0.368,   0.839,9999.000,9999.000,9999.000,9999.000,9999.000,9999.000,9999.000
202604040030,   0.375,   0.819,9999.000,9999.000,9999.000,9999.000,9999.000,9999.000,9999.000
202604040036,   0.382,   0.810,9999.000,9999.000,9999.000,9999.000,9999.000,9999.000,9999.000
202604040042,   0.389,   0.810,9999.000,9999.000,9999.000,9999.000,9999.000,9999.000,9999.000
202604040048,   0.395,   0.849,9999.000,9999.000,9999.000,9999.000,9999.000,9999.000,9999.000
202604040054,   0.401,   0.819,9999.000,9999.000,9999.000,9999.000,9999.000,9999.000,9999.000
202604040100,   0.407,   0.849,   0.400,   0.042,   0.849,   0.400,   0.849,   0.400,   0.849
202604040106,   0.412,   0.879,9999.000,9999.000,9999.000,9999.000,9999.000,9999.000,9999.000
202604040112,   0.416,   0.908,9999.000,9999.000,9999.000,9999.000,9999.000,9999.000,9999.000
202604040118,   0.420,   0.908,9999.000,9999.000,9999.000,9999.000,9999.000,9999.000,9999.000
202604040124,   0.424,   0.888,9999.000,9999.000,9999.000,9999.000,9999.000,9999.000,9999.000
202604040130,   0.427,   0.918,9999.000,9999.000,9999.000,9999.000,9999.000,9999.000,9999.000
202604040136,   0.430,   0.908,9999.000,9999.000,9999.000,9999.000,9999.000,9999.000,9999.000
202604040142,   0.433,   0.918,9999.000,9999.000,9999.000,9999.000,9999.000,9999.000,9999.000
202604040148,   0.435,   0.908,9999.000,9999.000,9999.000,9999.000,9999.000,9999.000,9999.000
202604040154,   0.437,   0.941,9999.000,9999.000,9999.000,9999.000,9999.000,9999.000,9999.000
202604040200,   0.438,   0.928,   0.400,   0.090,   0.928,   0.400,   0.928,   0.400,   0.928
202604040206,   0.439,   0.951,9999.000,9999.000,9999.000,9999.000,9999.000,9999.000,9999.000
202604040212,   0.440,   0.928,9999.000,9999.000,9999.000,9999.000,9999.000,9999.000,9999.000
202604040218,   0.441,   0.918,9999.000,9999.000,9999.000,9999.000,9999.000,9999.000,9999.000
202604040224,   0.441,   0.908,9999.000,9999.000,9999.000,9999.000,9999.000,9999.000,9999.000
202604040230,   0.441,   0.898,9999.000,9999.000,9999.000,9999.000,9999.000,9999.000,9999.000
202604040236,   0.441,   0.898,9999.000,9999.000,9999.000,9999.000,9999.000,9999.000,9999.000
202604040242,   0.440,   0.928,9999.000,9999.000,9999.000,9999.000,9999.000,9999.000,9999.000
202604040248,   0.440,   0.918,9999.000,9999.000,9999.000,9999.000,9999.000,9999.000,9999.000
202604040254,   0.439,   0.888,9999.000,9999.000,9999.000,9999.000,9999.000,9999.000,9999.000
202604040300,   0.437,   0.898,   0.400,   0.061,   0.898,   0.400,   0.898,   0.400,   0.898
202604040306,   0.436,   0.898,9999.000,9999.000,9999.000,9999.000,9999.000,9999.000,9999.000
202604040312,   0.435,   0.839,9999.000,9999.000,9999.000,9999.000,9999.000,9999.000,9999.000
202604040318,   0.433,   0.849,9999.000,9999.000,9999.000,9999.000,9999.000,9999.000,9999.000
202604040324,   0.432,   0.839,9999.000,9999.000,9999.000,9999.000,9999.000,9999.000,9999.000
202604040330,   0.430,   0.859,9999.000,9999.000,9999.000,9999.000,9999.000,9999.000,9999.000
202604040336,   0.428,   0.859,9999.000,9999.000,9999.000,9999.000,9999.000,9999.000,9999.000
202604040342,   0.426,   0.869,9999.000,9999.000,9999.000,9999.000,9999.000,9999.000,9999.000
202604040348,   0.424,   0.859,9999.000,9999.000,9999.000,9999.000,9999.000,9999.000,9999.000
202604040354,   0.422,   0.819,9999.000,9999.000,9999.000,9999.000,9999.000,9999.000,9999.000
202604040400,   0.420,   0.780,   0.400,  -0.040,   0.780,   0.400,   0.780,   0.400,   0.780
202604040406,   0.418,   0.770,9999.000,9999.000,9999.000,9999.000,9999.000,9999.000,9999.000
202604040412,   0.415,   0.760,9999.000,9999.000,9999.000,9999.000,9999.000,9999.000,9999.000
202604040418,   0.413,   0.780,9999.000,9999.000,9999.000,9999.000,9999.000,9999.000,9999.000
202604040424,   0.411,   0.790,9999.000,9999.000,9999.000,9999.000,9999.000,9999.000,9999.000
202604040430,   0.409,   0.780,9999.000,9999.000,9999.000,9999.000,9999.000,9999.000,9999.000
202604040436,   0.406,   0.770,9999.000,9999.000,9999.000,9999.000,9999.000,9999.000,9999.000
202604040442,   0.404,   0.770,9999.000,9999.000,9999.000,9999.000,9999.000,9999.000,9999.000
202604040448,   0.402,   0.741,9999.000,9999.000,9999.000,9999.000,9999.000,9999.000,9999.000
202604040454,   0.399,   0.731,9999.000,9999.000,9999.000,9999.000,9999.000,9999.000,9999.000
202604040500,   0.397,   0.731,   0.400,  -0.066,   0.731,   0.300,   0.631,   0.400,   0.731
202604040506,   0.394,   0.741,9999.000,9999.000,9999.000,9999.000,9999.000,9999.000,9999.000
202604040512,   0.392,   0.741,9999.000,9999.000,9999.000,9999.000,9999.000,9999.000,9999.000
202604040518,   0.389,   0.718,9999.000,9999.000,9999.000,9999.000,9999.000,9999.000,9999.000
202604040524,   0.387,   0.718,9999.000,9999.000,9999.000,9999.000,9999.000,9999.000,9999.000
202604040530,   0.384,   0.698,9999.000,9999.000,9999.000,9999.000,9999.000,9999.000,9999.000
202604040536,   0.381,   0.708,9999.000,9999.000,9999.000,9999.000,9999.000,9999.000,9999.000
202604040542,   0.379,   0.708,9999.000,9999.000,9999.000,9999.000,9999.000,9999.000,9999.000
202604040548,   0.376,   0.731,9999.000,9999.000,9999.000,9999.000,9999.000,9999.000,9999.000
202604040554,   0.373,   0.708,9999.000,9999.000,9999.000,9999.000,9999.000,9999.000,9999.000
202604040600,   0.370,   0.718,   0.400,  -0.052,   0.718,   0.400,   0.718,   0.400,   0.718
202604040606,   0.367,   0.698,9999.000,9999.000,9999.000,9999.000,9999.000,9999.000,9999.000
202604040612,   0.364,   0.669,9999.000,9999.000,9999.000,9999.000,9999.000,9999.000,9999.000
202604040618,   0.361,   0.659,9999.000,9999.000,9999.000,9999.000,9999.000,9999.000,9999.000
202604040624,   0.358,   0.649,9999.000,9999.000,9999.000,9999.000,9999.000,9999.000,9999.000
202604040630,   0.354,   0.659,9999.000,9999.000,9999.000,9999.000,9999.000,9999.000,9999.000
202604040636,   0.351,   0.678,9999.000,9999.000,9999.000,9999.000,9999.000,9999.000,9999.000
202604040642,   0.347,   0.688,9999.000,9999.000,9999.000,9999.000,9999.000,9999.000,9999.000
202604040648,   0.344,   0.678,9999.000,9999.000,9999.000,9999.000,9999.000,9999.000,9999.000
202604040654,   0.340,   0.678,9999.000,9999.000,9999.000,9999.000,9999.000,9999.000,9999.000
202604040700,   0.336,   0.659,   0.400,  -0.077,   0.659,   0.400,   0.659,   0.400,   0.659
202604040706,   0.333,   0.639,9999.000,9999.000,9999.000,9999.000,9999.000,9999.000,9999.000
202604040712,   0.330,   0.619,9999.000,9999.000,9999.000,9999.000,9999.000,9999.000,9999.000
202604040718,   0.325,   0.590,9999.000,9999.000,9999.000,9999.000,9999.000,9999.000,9999.000
202604040724,   0.320,   0.610,9999.000,9999.000,9999.000,9999.000,9999.000,9999.000,9999.000
202604040730,   0.316,   0.629,9999.000,9999.000,9999.000,9999.000,9999.000,9999.000,9999.000
202604040736,   0.312,   0.649,9999.000,9999.000,9999.000,9999.000,9999.000,9999.000,9999.000
202604040742,   0.308,   0.649,9999.000,9999.000,9999.000,9999.000,9999.000,9999.000,9999.000
202604040748,   0.303,   0.619,9999.000,9999.000,9999.000,9999.000,9999.000,9999.000,9999.000
202604040754,   0.299,   0.610,9999.000,9999.000,9999.000,9999.000,9999.000,9999.000,9999.000
202604040800,   0.294,   0.590,   0.400,  -0.104,   0.590,   0.400,   0.590,   0.400,   0.590
202604040806,   0.290,   0.590,9999.000,9999.000,9999.000,9999.000,9999.000,9999.000,9999.000
202604040812,   0.285,   0.590,9999.000,9999.000,9999.000,9999.000,9999.000,9999.000,9999.000
202604040818,   0.281,   0.600,9999.000,9999.000,9999.000,9999.000,9999.000,9999.000,9999.000
202604040824,   0.276,   0.600,9999.000,9999.000,9999.000,9999.000,9999.000,9999.000,9999.000
202604040830,   0.271,   0.590,9999.000,9999.000,9999.000,9999.000,9999.000,9999.000,9999.000
202604040836,   0.267,   0.580,9999.000,9999.000,9999.000,9999.000,9999.000,9999.000,9999.000
202604040842,   0.262,   0.560,9999.000,9999.000,9999.000,9999.000,9999.000,9999.000,9999.000
202604040848,   0.257,   0.541,9999.000,9999.000,9999.000,9999.000,9999.000,9999.000,9999.000
202604040854,   0.253,   0.541,9999.000,9999.000,9999.000,9999.000,9999.000,9999.000,9999.000
202604040900,   0.248,   0.541,   0.400,  -0.107,   0.541,   0.400,   0.541,   0.400,   0.541
202604040906,   0.244,   0.531,9999.000,9999.000,9999.000,9999.000,9999.000,9999.000,9999.000
202604040912,   0.239,   0.518,9999.000,9999.000,9999.000,9999.000,9999.000,9999.000,9999.000
202604040918,   0.234,   0.508,9999.000,9999.000,9999.000,9999.000,9999.000,9999.000,9999.000
202604040924,   0.230,   0.498,9999.000,9999.000,9999.000,9999.000,9999.000,9999.000,9999.000
202604040930,   0.225,   0.488,9999.000,9999.000,9999.000,9999.000,9999.000,9999.000,9999.000
202604040936,   0.221,   0.498,9999.000,9999.000,9999.000,9999.000,9999.000,9999.000,9999.000
202604040942,   0.216,   0.498,9999.000,9999.000,9999.000,9999.000,9999.000,9999.000,9999.000
202604040948,   0.212,   0.498,9999.000,9999.000,9999.000,9999.000,9999.000,9999.000,9999.000
202604040954,   0.207,   0.488,9999.000,9999.000,9999.000,9999.000,9999.000,9999.000,9999.000
202604041000,   0.203,   0.478,   0.400,  -0.125,   0.478,   0.400,   0.478,   0.400,   0.478
202604041006,   0.198,   0.478,9999.000,9999.000,9999.000,9999.000,9999.000,9999.000,9999.000
202604041012,   0.194,   0.488,9999.000,9999.000,9999.000,9999.000,9999.000,9999.000,9999.000
202604041018,   0.189,   0.478,9999.000,9999.000,9999.000,9999.000,9999.000,9999.000,9999.000
202604041024,   0.185,   0.498,9999.000,9999.000,9999.000,9999.000,9999.000,9999.000,9999.000
202604041030,   0.180,   0.478,9999.000,9999.000,9999.000,9999.000,9999.000,9999.000,9999.000
202604041036,   0.176,   0.488,9999.000,9999.000,9999.000,9999.000,9999.000,9999.000,9999.000
202604041042,   0.171,   0.498,9999.000,9999.000,9999.000,9999.000,9999.000,9999.000,9999.000
202604041048,   0.167,   0.478,9999.000,9999.000,9999.000,9999.000,9999.000,9999.000,9999.000
202604041054,   0.162,   0.459,9999.000,9999.000,9999.000,9999.000,9999.000,9999.000,9999.000
202604041100,   0.157,   0.459,   0.400,  -0.098,   0.459,   0.400,   0.459,   0.400,   0.459
202604041106,   0.152,   0.469,9999.000,9999.000,9999.000,9999.000,9999.000,9999.000,9999.000
202604041112,   0.147,   0.478,9999.000,9999.000,9999.000,9999.000,9999.000,9999.000,9999.000
202604041118,   0.142,   0.488,9999.000,9999.000,9999.000,9999.000,9999.000,9999.000,9999.000
202604041124,   0.137,   0.469,9999.000,9999.000,9999.000,9999.000,9999.000,9999.000,9999.000
202604041130,   0.132,   0.459,9999.000,9999.000,9999.000,9999.000,9999.000,9999.000,9999.000
202604041136,   0.126,   0.469,9999.000,9999.000,9999.000,9999.000,9999.000,9999.000,9999.000
202604041142,   0.121,   0.449,9999.000,9999.000,9999.000,9999.000,9999.000,9999.000,9999.000
202604041148,   0.115,   0.469,9999.000,9999.000,9999.000,9999.000,9999.000,9999.000,9999.000
202604041154,   0.109,   0.478,9999.000,9999.000,9999.000,9999.000,9999.000,9999.000,9999.000
202604041200,   0.103,   0.498,   0.400,  -0.005,   0.498,   0.300,   0.398,   0.400,   0.498
202604041206,   0.096,   0.508,9999.000,9999.000,9999.000,9999.000,9999.000,9999.000,9999.000
202604041212,   0.090,   0.508,9999.000,9999.000,9999.000,9999.000,9999.000,9999.000,9999.000
202604041218,   0.083,   0.508,9999.000,9999.000,9999.000,9999.000,9999.000,9999.000,9999.000
202604041224,   0.076,   0.488,9999.000,9999.000,9999.000,9999.000,9999.000,9999.000,9999.000
202604041230,   0.069,   0.478,9999.000,9999.000,9999.000,9999.000,9999.000,9999.000,9999.000
202604041236,   0.062,   0.478,9999.000,9999.000,9999.000,9999.000,9999.000,9999.000,9999.000
202604041242,   0.054,   0.488,9999.000,9999.000,9999.000,9999.000,9999.000,9999.000,9999.000
202604041248,   0.047,   0.498,9999.000,9999.000,9999.000,9999.000,9999.000,9999.000,9999.000
202604041254,   0.039,   0.478,9999.000,9999.000,9999.000,9999.000,9999.000,9999.000,9999.000
202604041300,   0.031,   0.488,   0.400,   0.057,   0.488,   0.400,   0.488,   0.400,   0.488
202604041306,   0.023,   0.488,9999.000,9999.000,9999.000,9999.000,9999.000,9999.000,9999.000
202604041312,   0.014,   0.488,9999.000,9999.000,9999.000,9999.000,9999.000,9999.000,9999.000
202604041318,   0.006,   0.478,9999.000,9999.000,9999.000,9999.000,9999.000,9999.000,9999.000
202604041324,  -0.002,   0.478,9999.000,9999.000,9999.000,9999.000,9999.000,9999.000,9999.000
202604041330,  -0.011,   0.488,9999.000,9999.000,9999.000,9999.000,9999.000,9999.000,9999.000
202604041336,  -0.020,   0.478,9999.000,9999.000,9999.000,9999.000,9999.000,9999.000,9999.000
202604041342,  -0.028,   0.488,9999.000,9999.000,9999.000,9999.000,9999.000,9999.000,9999.000
202604041348,  -0.037,   0.478,9999.000,9999.000,9999.000,9999.000,9999.000,9999.000,9999.000
202604041354,  -0.047,   0.478,9999.000,9999.000,9999.000,9999.000,9999.000,9999.000,9999.000
202604041400,  -0.056,   0.469,   0.400,   0.125,   0.469,   0.400,   0.469,   0.400,   0.469
202604041406,  -0.065,   0.449,9999.000,9999.000,9999.000,9999.000,9999.000,9999.000,9999.000
202604041412,  -0.074,   0.459,9999.000,9999.000,9999.000,9999.000,9999.000,9999.000,9999.000
202604041418,  -0.083,   0.449,9999.000,9999.000,9999.000,9999.000,9999.000,9999.000,9999.000
202604041424,  -0.092,   0.459,9999.000,9999.000,9999.000,9999.000,9999.000,9999.000,9999.000
202604041430,  -0.101,   0.449,9999.000,9999.000,9999.000,9999.000,9999.000,9999.000,9999.000
202604041436,  -0.110,   0.459,9999.000,9999.000,9999.000,9999.000,9999.000,9999.000,9999.000
202604041442,  -0.118,   0.439,9999.000,9999.000,9999.000,9999.000,9999.000,9999.000,9999.000
202604041448,  -0.127,   0.439,9999.000,9999.000,9999.000,9999.000,9999.000,9999.000,9999.000
202604041454,  -0.135,   0.439,9999.000,9999.000,9999.000,9999.000,9999.000,9999.000,9999.000
202604041500,  -0.144,   0.429,   0.400,   0.173,   0.429,   0.400,   0.429,   0.400,   0.429
202604041506,  -0.152,   0.419,9999.000,9999.000,9999.000,9999.000,9999.000,9999.000,9999.000
202604041512,  -0.159,   0.429,9999.000,9999.000,9999.000,9999.000,9999.000,9999.000,9999.000
202604041518,  -0.167,   0.400,9999.000,9999.000,9999.000,9999.000,9999.000,9999.000,9999.000
202604041524,  -0.174,   0.390,9999.000,9999.000,9999.000,9999.000,9999.000,9999.000,9999.000
202604041530,  -0.181,   0.400,9999.000,9999.000,9999.000,9999.000,9999.000,9999.000,9999.000
202604041536,  -0.188,   0.390,9999.000,9999.000,9999.000,9999.000,9999.000,9999.000,9999.000
202604041542,  -0.194,   0.390,9999.000,9999.000,9999.000,9999.000,9999.000,9999.000,9999.000
202604041548,  -0.200,   0.370,9999.000,9999.000,9999.000,9999.000,9999.000,9999.000,9999.000
202604041554,  -0.206,   0.360,9999.000,9999.000,9999.000,9999.000,9999.000,9999.000,9999.000
202604041600,  -0.211,   0.331,   0.400,   0.142,   0.331,   0.400,   0.331,   0.400,   0.331
202604041606,  -0.216,   0.321,9999.000,9999.000,9999.000,9999.000,9999.000,9999.000,9999.000
202604041612,  -0.221,   0.308,9999.000,9999.000,9999.000,9999.000,9999.000,9999.000,9999.000
202604041618,  -0.225,   0.321,9999.000,9999.000,9999.000,9999.000,9999.000,9999.000,9999.000
202604041624,  -0.229,   0.308,9999.000,9999.000,9999.000,9999.000,9999.000,9999.000,9999.000
202604041630,  -0.233,   0.308,9999.000,9999.000,9999.000,9999.000,9999.000,9999.000,9999.000
202604041636,  -0.236,   0.298,9999.000,9999.000,9999.000,9999.000,9999.000,9999.000,9999.000
202604041642,  -0.239,   0.288,9999.000,9999.000,9999.000,9999.000,9999.000,9999.000,9999.000
202604041648,  -0.241,   0.278,9999.000,9999.000,9999.000,9999.000,9999.000,9999.000,9999.000
202604041654,  -0.243,   0.259,9999.000,9999.000,9999.000,9999.000,9999.000,9999.000,9999.000
202604041700,  -0.244,   0.259,   0.400,   0.103,   0.259,   0.400,   0.259,   0.400,   0.259
202604041706,  -0.246,   0.268,9999.000,9999.000,9999.000,9999.000,9999.000,9999.000,9999.000
202604041712,  -0.247,   0.278,9999.000,9999.000,9999.000,9999.000,9999.000,9999.000,9999.000
202604041718,  -0.247,   0.259,9999.000,9999.000,9999.000,9999.000,9999.000,9999.000,9999.000
202604041724,  -0.247,   0.259,9999.000,9999.000,9999.000,9999.000,9999.000,9999.000,9999.000
202604041730,  -0.247,   0.239,9999.000,9999.000,9999.000,9999.000,9999.000,9999.000,9999.000
202604041736,  -0.246,   0.239,9999.000,9999.000,9999.000,9999.000,9999.000,9999.000,9999.000
202604041742,  -0.246,   0.239,9999.000,9999.000,9999.000,9999.000,9999.000,9999.000,9999.000
202604041748,  -0.244,   0.239,9999.000,9999.000,9999.000,9999.000,9999.000,9999.000,9999.000
202604041754,  -0.243,   0.249,9999.000,9999.000,9999.000,9999.000,9999.000,9999.000,9999.000
202604041800,  -0.241,   0.288,   0.400,   0.129,   0.288,   0.400,   0.288,   0.400,   0.288
202604041806,  -0.239,   0.308,9999.000,9999.000,9999.000,9999.000,9999.000,9999.000,9999.000
202604041812,  -0.237,   0.308,9999.000,9999.000,9999.000,9999.000,9999.000,9999.000,9999.000
202604041818,  -0.234,   0.288,9999.000,9999.000,9999.000,9999.000,9999.000,9999.000,9999.000
202604041824,  -0.231,   0.268,9999.000,9999.000,9999.000,9999.000,9999.000,9999.000,9999.000
202604041830,  -0.228,   0.268,9999.000,9999.000,9999.000,9999.000,9999.000,9999.000,9999.000
202604041836,  -0.225,   0.268,9999.000,9999.000,9999.000,9999.000,9999.000,9999.000,9999.000
202604041842,  -0.221,   0.288,9999.000,9999.000,9999.000,9999.000,9999.000,9999.000,9999.000
202604041848,  -0.217,   0.321,9999.000,9999.000,9999.000,9999.000,9999.000,9999.000,9999.000
202604041854,  -0.213,   0.321,9999.000,9999.000,9999.000,9999.000,9999.000,9999.000,9999.000
202604041900,  -0.209,   0.321,   0.400,   0.130,   0.321,   0.400,   0.321,   0.400,   0.321
202604041906,  -0.204,   0.341,9999.000,9999.000,9999.000,9999.000,9999.000,9999.000,9999.000
202604041912,  -0.200,   0.331,9999.000,9999.000,9999.000,9999.000,9999.000,9999.000,9999.000
202604041918,  -0.195,   0.308,9999.000,9999.000,9999.000,9999.000,9999.000,9999.000,9999.000
202604041924,  -0.190,   0.298,9999.000,9999.000,9999.000,9999.000,9999.000,9999.000,9999.000
202604041930,  -0.185,   0.298,9999.000,9999.000,9999.000,9999.000,9999.000,9999.000,9999.000
202604041936,  -0.179,   0.308,9999.000,9999.000,9999.000,9999.000,9999.000,9999.000,9999.000
202604041942,  -0.173,   0.341,9999.000,9999.000,9999.000,9999.000,9999.000,9999.000,9999.000
202604041948,  -0.168,   0.350,9999.000,9999.000,9999.000,9999.000,9999.000,9999.000,9999.000
202604041954,  -0.161,   0.360,9999.000,9999.000,9999.000,9999.000,9999.000,9999.000,9999.000
202604042000,  -0.155,   0.370,   0.400,   0.125,   0.370,   0.400,   0.370,   0.400,   0.370
202604042006,  -0.149,   0.360,9999.000,9999.000,9999.000,9999.000,9999.000,9999.000,9999.000
202604042012,  -0.142,   0.350,9999.000,9999.000,9999.000,9999.000,9999.000,9999.000,9999.000
202604042018,  -0.135,   0.350,9999.000,9999.000,9999.000,9999.000,9999.000,9999.000,9999.000
202604042024,  -0.128,   0.370,9999.000,9999.000,9999.000,9999.000,9999.000,9999.000,9999.000
202604042030,  -0.121,   0.360,9999.000,9999.000,9999.000,9999.000,9999.000,9999.000,9999.000
202604042036,  -0.113,   0.380,9999.000,9999.000,9999.000,9999.000,9999.000,9999.000,9999.000
202604042042,  -0.105,   0.409,9999.000,9999.000,9999.000,9999.000,9999.000,9999.000,9999.000
202604042048,  -0.097,   0.419,9999.000,9999.000,9999.000,9999.000,9999.000,9999.000,9999.000
202604042054,  -0.089,   0.400,9999.000,9999.000,9999.000,9999.000,9999.000,9999.000,9999.000
202604042100,  -0.081,   0.409,   0.400,   0.090,   0.409,   0.400,   0.409,   0.400,   0.409
202604042106,  -0.072,   0.409,9999.000,9999.000,9999.000,9999.000,9999.000,9999.000,9999.000
202604042112,  -0.063,   0.400,9999.000,9999.000,9999.000,9999.000,9999.000,9999.000,9999.000
202604042118,  -0.054,   0.409,9999.000,9999.000,9999.000,9999.000,9999.000,9999.000,9999.000
202604042124,  -0.044,   0.429,9999.000,9999.000,9999.000,9999.000,9999.000,9999.000,9999.000
202604042130,  -0.035,   0.439,9999.000,9999.000,9999.000,9999.000,9999.000,9999.000,9999.000
202604042136,  -0.025,   0.439,9999.000,9999.000,9999.000,9999.000,9999.000,9999.000,9999.000
202604042142,  -0.015,   0.449,9999.000,9999.000,9999.000,9999.000,9999.000,9999.000,9999.000
202604042148,  -0.004,   0.429,9999.000,9999.000,9999.000,9999.000,9999.000,9999.000,9999.000
202604042154,   0.005,   0.409,9999.000,9999.000,9999.000,9999.000,9999.000,9999.000,9999.000
202604042200,   0.016,   0.429,   0.400,   0.013,   0.429,   0.400,   0.429,   0.400,   0.429
202604042206,   0.027,   0.449,9999.000,9999.000,9999.000,9999.000,9999.000,9999.000,9999.000
202604042212,   0.038,   0.459,9999.000,9999.000,9999.000,9999.000,9999.000,9999.000,9999.000
202604042218,   0.050,   0.469,9999.000,9999.000,9999.000,9999.000,9999.000,9999.000,9999.000
202604042224,   0.061,   0.508,9999.000,9999.000,9999.000,9999.000,9999.000,9999.000,9999.000
202604042230,   0.073,   0.488,9999.000,9999.000,9999.000,9999.000,9999.000,9999.000,9999.000
202604042236,   0.085,   0.488,9999.000,9999.000,9999.000,9999.000,9999.000,9999.000,9999.000
202604042242,   0.097,   0.498,9999.000,9999.000,9999.000,9999.000,9999.000,9999.000,9999.000
202604042248,   0.109,   0.531,9999.000,9999.000,9999.000,9999.000,9999.000,9999.000,9999.000
202604042254,   0.121,   0.508,9999.000,9999.000,9999.000,9999.000,9999.000,9999.000,9999.000
202604042300,   0.133,   0.541,   0.400,   0.008,   0.541,   0.400,   0.541,   0.400,   0.541
202604042306,   0.145,   0.551,9999.000,9999.000,9999.000,9999.000,9999.000,9999.000,9999.000
202604042312,   0.157,   0.541,9999.000,9999.000,9999.000,9999.000,9999.000,9999.000,9999.000
202604042318,   0.170,   0.541,9999.000,9999.000,9999.000,9999.000,9999.000,9999.000,9999.000
202604042324,   0.182,   0.541,9999.000,9999.000,9999.000,9999.000,9999.000,9999.000,9999.000
202604042330,   0.194,   0.531,9999.000,9999.000,9999.000,9999.000,9999.000,9999.000,9999.000
202604042336,   0.206,   0.570,9999.000,9999.000,9999.000,9999.000,9999.000,9999.000,9999.000
202604042342,   0.218,   0.590,9999.000,9999.000,9999.000,9999.000,9999.000,9999.000,9999.000
202604042348,   0.230,   0.619,9999.000,9999.000,9999.000,9999.000,9999.000,9999.000,9999.000
202604042354,   0.241,   0.639,9999.000,9999.000,9999.000,9999.000,9999.000,9999.000,9999.000
202604050000,   0.253,   0.639,   0.400,  -0.014,   0.639,   0.400,   0.639,   0.400,   0.639
202604050006,   0.264,9999.000,9999.000,9999.000,9999.000,9999.000,9999.000,9999.000,9999.000
202604050012,   0.275,9999.000,9999.000,9999.000,9999.000,9999.000,9999.000,9999.000,9999.000
202604050018,   0.286,9999.000,9999.000,9999.000,9999.000,9999.000,9999.000,9999.000,9999.000
202604050024,   0.297,9999.000,9999.000,9999.000,9999.000,9999.000,9999.000,9999.000,9999.000
202604050030,   0.307,9999.000,9999.000,9999.000,9999.000,9999.000,9999.000,9999.000,9999.000
202604050036,   0.317,9999.000,9999.000,9999.000,9999.000,9999.000,9999.000,9999.000,9999.000
202604050042,   0.326,9999.000,9999.000,9999.000,9999.000,9999.000,9999.000,9999.000,9999.000
202604050048,   0.335,9999.000,9999.000,9999.000,9999.000,9999.000,9999.000,9999.000,9999.000
202604050054,   0.344,9999.000,9999.000,9999.000,9999.000,9999.000,9999.000,9999.000,9999.000
202604050100,   0.353,9999.000,   0.400,  -0.013,   0.740,   0.400,   0.740,   0.400,   0.740
202604050106,   0.361,9999.000,9999.000,9999.000,9999.000,9999.000,9999.000,9999.000,9999.000
202604050112,   0.369,9999.000,9999.000,9999.000,9999.000,9999.000,9999.000,9999.000,9999.000
202604050118,   0.376,9999.000,9999.000,9999.000,9999.000,9999.000,9999.000,9999.000,9999.000
202604050124,   0.383,9999.000,9999.000,9999.000,9999.000,9999.000,9999.000,9999.000,9999.000
202604050130,   0.389,9999.000,9999.000,9999.000,9999.000,9999.000,9999.000,9999.000,9999.000
202604050136,   0.395,9999.000,9999.000,9999.000,9999.000,9999.000,9999.000,9999.000,9999.000
202604050142,   0.401,9999.000,9999.000,9999.000,9999.000,9999.000,9999.000,9999.000,9999.000
202604050148,   0.406,9999.000,9999.000,9999.000,9999.000,9999.000,9999.000,9999.000,9999.000
202604050154,   0.411,9999.000,9999.000,9999.000,9999.000,9999.000,9999.000,9999.000,9999.000
202604050200,   0.415,9999.000,   0.400,  -0.012,   0.803,   0.300,   0.703,   0.400,   0.803
202604050206,   0.419,9999.000,9999.000,9999.000,9999.000,9999.000,9999.000,9999.000,9999.000
202604050212,   0.422,9999.000,9999.000,9999.000,9999.000,9999.000,9999.000,9999.000,9999.000
202604050218,   0.425,9999.000,9999.000,9999.000,9999.000,9999.000,9999.000,9999.000,9999.000
202604050224,   0.428,9999.000,9999.000,9999.000,9999.000,9999.000,9999.000,9999.000,9999.000
202604050230,   0.430,9999.000,9999.000,9999.000,9999.000,9999.000,9999.000,9999.000,9999.000
202604050236,   0.432,9999.000,9999.000,9999.000,9999.000,9999.000,9999.000,9999.000,9999.000
202604050242,   0.434,9999.000,9999.000,9999.000,9999.000,9999.000,9999.000,9999.000,9999.000
202604050248,   0.435,9999.000,9999.000,9999.000,9999.000,9999.000,9999.000,9999.000,9999.000
202604050254,   0.436,9999.000,9999.000,9999.000,9999.000,9999.000,9999.000,9999.000,9999.000
202604050300,   0.437,9999.000,   0.400,  -0.011,   0.826,   0.300,   0.726,   0.400,   0.826
202604050306,   0.437,9999.000,9999.000,9999.000,9999.000,9999.000,9999.000,9999.000,9999.000
202604050312,   0.437,9999.000,9999.000,9999.000,9999.000,9999.000,9999.000,9999.000,9999.000
202604050318,   0.437,9999.000,9999.000,9999.000,9999.000,9999.000,9999.000,9999.000,9999.000
202604050324,   0.436,9999.000,9999.000,9999.000,9999.000,9999.000,9999.000,9999.000,9999.000
202604050330,   0.436,9999.000,9999.000,9999.000,9999.000,9999.000,9999.000,9999.000,9999.000
202604050336,   0.435,9999.000,9999.000,9999.000,9999.000,9999.000,9999.000,9999.000,9999.000
202604050342,   0.434,9999.000,9999.000,9999.000,9999.000,9999.000,9999.000,9999.000,9999.000
202604050348,   0.433,9999.000,9999.000,9999.000,9999.000,9999.000,9999.000,9999.000,9999.000
202604050354,   0.432,9999.000,9999.000,9999.000,9999.000,9999.000,9999.000,9999.000,9999.000
202604050400,   0.430,9999.000,   0.400,  -0.010,   0.820,   0.300,   0.720,   0.400,   0.820
202604050406,   0.429,9999.000,9999.000,9999.000,9999.000,9999.000,9999.000,9999.000,9999.000
202604050412,   0.427,9999.000,9999.000,9999.000,9999.000,9999.000,9999.000,9999.000,9999.000
202604050418,   0.425,9999.000,9999.000,9999.000,9999.000,9999.000,9999.000,9999.000,9999.000
202604050424,   0.423,9999.000,9999.000,9999.000,9999.000,9999.000,9999.000,9999.000,9999.000
202604050430,   0.421,9999.000,9999.000,9999.000,9999.000,9999.000,9999.000,9999.000,9999.000
202604050436,   0.419,9999.000,9999.000,9999.000,9999.000,9999.000,9999.000,9999.000,9999.000
202604050442,   0.417,9999.000,9999.000,9999.000,9999.000,9999.000,9999.000,9999.000,9999.000
202604050448,   0.415,9999.000,9999.000,9999.000,9999.000,9999.000,9999.000,9999.000,9999.000
202604050454,   0.413,9999.000,9999.000,9999.000,9999.000,9999.000,9999.000,9999.000,9999.000
202604050500,   0.411,9999.000,   0.400,  -0.010,   0.801,   0.400,   0.801,   0.400,   0.801
202604050506,   0.409,9999.000,9999.000,9999.000,9999.000,9999.000,9999.000,9999.000,9999.000
202604050512,   0.407,9999.000,9999.000,9999.000,9999.000,9999.000,9999.000,9999.000,9999.000
202604050518,   0.405,9999.000,9999.000,9999.000,9999.000,9999.000,9999.000,9999.000,9999.000
202604050524,   0.403,9999.000,9999.000,9999.000,9999.000,9999.000,9999.000,9999.000,9999.000
202604050530,   0.400,9999.000,9999.000,9999.000,9999.000,9999.000,9999.000,9999.000,9999.000
202604050536,   0.398,9999.000,9999.000,9999.000,9999.000,9999.000,9999.000,9999.000,9999.000
202604050542,   0.396,9999.000,9999.000,9999.000,9999.000,9999.000,9999.000,9999.000,9999.000
202604050548,   0.394,9999.000,9999.000,9999.000,9999.000,9999.000,9999.000,9999.000,9999.000
202604050554,   0.391,9999.000,9999.000,9999.000,9999.000,9999.000,9999.000,9999.000,9999.000
202604050600,   0.389,9999.000,   0.400,  -0.009,   0.780,   0.400,   0.780,   0.400,   0.780
202604050606,   0.387,9999.000,9999.000,9999.000,9999.000,9999.000,9999.000,9999.000,9999.000
202604050612,   0.384,9999.000,9999.000,9999.000,9999.000,9999.000,9999.000,9999.000,9999.000
202604050618,   0.382,9999.000,9999.000,9999.000,9999.000,9999.000,9999.000,9999.000,9999.000
202604050624,   0.379,9999.000,9999.000,9999.000,9999.000,9999.000,9999.000,9999.000,9999.000
202604050630,   0.377,9999.000,9999.000,9999.000,9999.000,9999.000,9999.000,9999.000,9999.000
202604050636,   0.374,9999.000,9999.000,9999.000,9999.000,9999.000,9999.000,9999.000,9999.000
202604050642,   0.371,9999.000,9999.000,9999.000,9999.000,9999.000,9999.000,9999.000,9999.000
202604050648,   0.368,9999.000,9999.000,9999.000,9999.000,9999.000,9999.000,9999.000,9999.000
202604050654,   0.365,9999.000,9999.000,9999.000,9999.000,9999.000,9999.000,9999.000,9999.000
202604050700,   0.362,9999.000,   0.400,  -0.008,   0.754,   0.400,   0.754,   0.500,   0.854
202604050706,   0.359,9999.000,9999.000,9999.000,9999.000,9999.000,9999.000,9999.000,9999.000
202604050712,   0.356,9999.000,9999.000,9999.000,9999.000,9999.000,9999.000,9999.000,9999.000
202604050718,   0.352,9999.000,9999.000,9999.000,9999.000,9999.000,9999.000,9999.000,9999.000
202604050724,   0.349,9999.000,9999.000,9999.000,9999.000,9999.000,9999.000,9999.000,9999.000
202604050730,   0.345,9999.000,9999.000,9999.000,9999.000,9999.000,9999.000,9999.000,9999.000
202604050736,   0.341,9999.000,9999.000,9999.000,9999.000,9999.000,9999.000,9999.000,9999.000
202604050742,   0.338,9999.000,9999.000,9999.000,9999.000,9999.000,9999.000,9999.000,9999.000
202604050748,   0.334,9999.000,9999.000,9999.000,9999.000,9999.000,9999.000,9999.000,9999.000
202604050754,   0.330,9999.000,9999.000,9999.000,9999.000,9999.000,9999.000,9999.000,9999.000
202604050800,   0.325,9999.000,   0.400,  -0.007,   0.718,   0.400,   0.718,   0.500,   0.818
202604050806,   0.321,9999.000,9999.000,9999.000,9999.000,9999.000,9999.000,9999.000,9999.000
202604050812,   0.316,9999.000,9999.000,9999.000,9999.000,9999.000,9999.000,9999.000,9999.000
202604050818,   0.312,9999.000,9999.000,9999.000,9999.000,9999.000,9999.000,9999.000,9999.000
202604050824,   0.307,9999.000,9999.000,9999.000,9999.000,9999.000,9999.000,9999.000,9999.000
202604050830,   0.302,9999.000,9999.000,9999.000,9999.000,9999.000,9999.000,9999.000,9999.000
202604050836,   0.297,9999.000,9999.000,9999.000,9999.000,9999.000,9999.000,9999.000,9999.000
202604050842,   0.292,9999.000,9999.000,9999.000,9999.000,9999.000,9999.000,9999.000,9999.000
202604050848,   0.287,9999.000,9999.000,9999.000,9999.000,9999.000,9999.000,9999.000,9999.000
202604050854,   0.282,9999.000,9999.000,9999.000,9999.000,9999.000,9999.000,9999.000,9999.000
202604050900,   0.277,9999.000,   0.400,  -0.006,   0.671,   0.400,   0.671,   0.500,   0.771
202604050906,   0.271,9999.000,9999.000,9999.000,9999.000,9999.000,9999.000,9999.000,9999.000
202604050912,   0.266,9999.000,9999.000,9999.000,9999.000,9999.000,9999.000,9999.000,9999.000
202604050918,   0.260,9999.000,9999.000,9999.000,9999.000,9999.000,9999.000,9999.000,9999.000
202604050924,   0.255,9999.000,9999.000,9999.000,9999.000,9999.000,9999.000,9999.000,9999.000
202604050930,   0.249,9999.000,9999.000,9999.000,9999.000,9999.000,9999.000,9999.000,9999.000
202604050936,   0.244,9999.000,9999.000,9999.000,9999.000,9999.000,9999.000,9999.000,9999.000
202604050942,   0.238,9999.000,9999.000,9999.000,9999.000,9999.000,9999.000,9999.000,9999.000
202604050948,   0.232,9999.000,9999.000,9999.000,9999.000,9999.000,9999.000,9999.000,9999.000
202604050954,   0.226,9999.000,9999.000,9999.000,9999.000,9999.000,9999.000,9999.000,9999.000
202604051000,   0.221,9999.000,   0.400,  -0.005,   0.616,   0.400,   0.616,   0.500,   0.716
202604051006,   0.215,9999.000,9999.000,9999.000,9999.000,9999.000,9999.000,9999.000,9999.000
202604051012,   0.209,9999.000,9999.000,9999.000,9999.000,9999.000,9999.000,9999.000,9999.000
202604051018,   0.203,9999.000,9999.000,9999.000,9999.000,9999.000,9999.000,9999.000,9999.000
202604051024,   0.197,9999.000,9999.000,9999.000,9999.000,9999.000,9999.000,9999.000,9999.000
202604051030,   0.191,9999.000,9999.000,9999.000,9999.000,9999.000,9999.000,9999.000,9999.000
202604051036,   0.186,9999.000,9999.000,9999.000,9999.000,9999.000,9999.000,9999.000,9999.000
202604051042,   0.180,9999.000,9999.000,9999.000,9999.000,9999.000,9999.000,9999.000,9999.000
202604051048,   0.174,9999.000,9999.000,9999.000,9999.000,9999.000,9999.000,9999.000,9999.000
202604051054,   0.168,9999.000,9999.000,9999.000,9999.000,9999.000,9999.000,9999.000,9999.000
202604051100,   0.162,9999.000,   0.400,  -0.004,   0.558,   0.400,   0.558,   0.500,   0.658
202604051106,   0.156,9999.000,9999.000,9999.000,9999.000,9999.000,9999.000,9999.000,9999.000
202604051112,   0.149,9999.000,9999.000,9999.000,9999.000,9999.000,9999.000,9999.000,9999.000
202604051118,   0.143,9999.000,9999.000,9999.000,9999.000,9999.000,9999.000,9999.000,9999.000
202604051124,   0.137,9999.000,9999.000,9999.000,9999.000,9999.000,9999.000,9999.000,9999.000
202604051130,   0.131,9999.000,9999.000,9999.000,9999.000,9999.000,9999.000,9999.000,9999.000
202604051136,   0.124,9999.000,9999.000,9999.000,9999.000,9999.000,9999.000,9999.000,9999.000
202604051142,   0.118,9999.000,9999.000,9999.000,9999.000,9999.000,9999.000,9999.000,9999.000
202604051148,   0.111,9999.000,9999.000,9999.000,9999.000,9999.000,9999.000,9999.000,9999.000
202604051154,   0.105,9999.000,9999.000,9999.000,9999.000,9999.000,9999.000,9999.000,9999.000
202604051200,   0.098,9999.000,   0.400,  -0.003,   0.495,   0.400,   0.495,   0.500,   0.595
202604051206,   0.091,9999.000,9999.000,9999.000,9999.000,9999.000,9999.000,9999.000,9999.000
202604051212,   0.084,9999.000,9999.000,9999.000,9999.000,9999.000,9999.000,9999.000,9999.000
202604051218,   0.077,9999.000,9999.000,9999.000,9999.000,9999.000,9999.000,9999.000,9999.000
202604051224,   0.070,9999.000,9999.000,9999.000,9999.000,9999.000,9999.000,9999.000,9999.000
202604051230,   0.063,9999.000,9999.000,9999.000,9999.000,9999.000,9999.000,9999.000,9999.000
202604051236,   0.055,9999.000,9999.000,9999.000,9999.000,9999.000,9999.000,9999.000,9999.000
202604051242,   0.048,9999.000,9999.000,9999.000,9999.000,9999.000,9999.000,9999.000,9999.000
202604051248,   0.040,9999.000,9999.000,9999.000,9999.000,9999.000,9999.000,9999.000,9999.000
202604051254,   0.032,9999.000,9999.000,9999.000,9999.000,9999.000,9999.000,9999.000,9999.000
202604051300,   0.024,9999.000,   0.400,  -0.003,   0.421,   0.400,   0.421,   0.500,   0.521
202604051306,   0.016,9999.000,9999.000,9999.000,9999.000,9999.000,9999.000,9999.000,9999.000
202604051312,   0.007,9999.000,9999.000,9999.000,9999.000,9999.000,9999.000,9999.000,9999.000
202604051318,   0.000,9999.000,9999.000,9999.000,9999.000,9999.000,9999.000,9999.000,9999.000
202604051324,  -0.009,9999.000,9999.000,9999.000,9999.000,9999.000,9999.000,9999.000,9999.000
202604051330,  -0.018,9999.000,9999.000,9999.000,9999.000,9999.000,9999.000,9999.000,9999.000
202604051336,  -0.026,9999.000,9999.000,9999.000,9999.000,9999.000,9999.000,9999.000,9999.000
202604051342,  -0.035,9999.000,9999.000,9999.000,9999.000,9999.000,9999.000,9999.000,9999.000
202604051348,  -0.045,9999.000,9999.000,9999.000,9999.000,9999.000,9999.000,9999.000,9999.000
202604051354,  -0.054,9999.000,9999.000,9999.000,9999.000,9999.000,9999.000,9999.000,9999.000
202604051400,  -0.063,9999.000,   0.400,  -0.003,   0.334,   0.400,   0.334,   0.500,   0.434
202604051406,  -0.073,9999.000,9999.000,9999.000,9999.000,9999.000,9999.000,9999.000,9999.000
202604051412,  -0.082,9999.000,9999.000,9999.000,9999.000,9999.000,9999.000,9999.000,9999.000
202604051418,  -0.092,9999.000,9999.000,9999.000,9999.000,9999.000,9999.000,9999.000,9999.000
202604051424,  -0.101,9999.000,9999.000,9999.000,9999.000,9999.000,9999.000,9999.000,9999.000
202604051430,  -0.111,9999.000,9999.000,9999.000,9999.000,9999.000,9999.000,9999.000,9999.000
202604051436,  -0.120,9999.000,9999.000,9999.000,9999.000,9999.000,9999.000,9999.000,9999.000
202604051442,  -0.130,9999.000,9999.000,9999.000,9999.000,9999.000,9999.000,9999.000,9999.000
202604051448,  -0.139,9999.000,9999.000,9999.000,9999.000,9999.000,9999.000,9999.000,9999.000
202604051454,  -0.149,9999.000,9999.000,9999.000,9999.000,9999.000,9999.000,9999.000,9999.000
202604051500,  -0.158,9999.000,   0.400,  -0.003,   0.239,   0.400,   0.239,   0.500,   0.339
202604051506,  -0.167,9999.000,9999.000,9999.000,9999.000,9999.000,9999.000,9999.000,9999.000
202604051512,  -0.177,9999.000,9999.000,9999.000,9999.000,9999.000,9999.000,9999.000,9999.000
202604051518,  -0.185,9999.000,9999.000,9999.000,9999.000,9999.000,9999.000,9999.000,9999.000
202604051524,  -0.194,9999.000,9999.000,9999.000,9999.000,9999.000,9999.000,9999.000,9999.000
202604051530,  -0.203,9999.000,9999.000,9999.000,9999.000,9999.000,9999.000,9999.000,9999.000
202604051536,  -0.211,9999.000,9999.000,9999.000,9999.000,9999.000,9999.000,9999.000,9999.000
202604051542,  -0.219,9999.000,9999.000,9999.000,9999.000,9999.000,9999.000,9999.000,9999.000
202604051548,  -0.227,9999.000,9999.000,9999.000,9999.000,9999.000,9999.000,9999.000,9999.000
202604051554,  -0.234,9999.000,9999.000,9999.000,9999.000,9999.000,9999.000,9999.000,9999.000
202604051600,  -0.242,9999.000,   0.500,  -0.003,   0.255,   0.400,   0.155,   0.500,   0.255
202604051606,  -0.249,9999.000,9999.000,9999.000,9999.000,9999.000,9999.000,9999.000,9999.000
202604051612,  -0.255,9999.000,9999.000,9999.000,9999.000,9999.000,9999.000,9999.000,9999.000
202604051618,  -0.261,9999.000,9999.000,9999.000,9999.000,9999.000,9999.000,9999.000,9999.000
202604051624,  -0.267,9999.000,9999.000,9999.000,9999.000,9999.000,9999.000,9999.000,9999.000
202604051630,  -0.273,9999.000,9999.000,9999.000,9999.000,9999.000,9999.000,9999.000,9999.000
202604051636,  -0.278,9999.000,9999.000,9999.000,9999.000,9999.000,9999.000,9999.000,9999.000
202604051642,  -0.283,9999.000,9999.000,9999.000,9999.000,9999.000,9999.000,9999.000,9999.000
202604051648,  -0.287,9999.000,9999.000,9999.000,9999.000,9999.000,9999.000,9999.000,9999.000
202604051654,  -0.291,9999.000,9999.000,9999.000,9999.000,9999.000,9999.000,9999.000,9999.000
202604051700,  -0.294,9999.000,   0.500,  -0.003,   0.203,   0.400,   0.103,   0.500,   0.203
202604051706,  -0.297,9999.000,9999.000,9999.000,9999.000,9999.000,9999.000,9999.000,9999.000
202604051712,  -0.300,9999.000,9999.000,9999.000,9999.000,9999.000,9999.000,9999.000,9999.000
202604051718,  -0.302,9999.000,9999.000,9999.000,9999.000,9999.000,9999.000,9999.000,9999.000
202604051724,  -0.304,9999.000,9999.000,9999.000,9999.000,9999.000,9999.000,9999.000,9999.000
202604051730,  -0.305,9999.000,9999.000,9999.000,9999.000,9999.000,9999.000,9999.000,9999.000
202604051736,  -0.306,9999.000,9999.000,9999.000,9999.000,9999.000,9999.000,9999.000,9999.000
202604051742,  -0.307,9999.000,9999.000,9999.000,9999.000,9999.000,9999.000,9999.000,9999.000
202604051748,  -0.307,9999.000,9999.000,9999.000,9999.000,9999.000,9999.000,9999.000,9999.000
202604051754,  -0.307,9999.000,9999.000,9999.000,9999.000,9999.000,9999.000,9999.000,9999.000
202604051800,  -0.306,9999.000,   0.500,  -0.003,   0.191,   0.400,   0.091,   0.500,   0.191
202604051806,  -0.305,9999.000,9999.000,9999.000,9999.000,9999.000,9999.000,9999.000,9999.000
202604051812,  -0.303,9999.000,9999.000,9999.000,9999.000,9999.000,9999.000,9999.000,9999.000
202604051818,  -0.302,9999.000,9999.000,9999.000,9999.000,9999.000,9999.000,9999.000,9999.000
202604051824,  -0.300,9999.000,9999.000,9999.000,9999.000,9999.000,9999.000,9999.000,9999.000
202604051830,  -0.297,9999.000,9999.000,9999.000,9999.000,9999.000,9999.000,9999.000,9999.000
202604051836,  -0.294,9999.000,9999.000,9999.000,9999.000,9999.000,9999.000,9999.000,9999.000
202604051842,  -0.291,9999.000,9999.000,9999.000,9999.000,9999.000,9999.000,9999.000,9999.000
202604051848,  -0.288,9999.000,9999.000,9999.000,9999.000,9999.000,9999.000,9999.000,9999.000
202604051854,  -0.284,9999.000,9999.000,9999.000,9999.000,9999.000,9999.000,9999.000,9999.000
202604051900,  -0.280,9999.000,   0.500,  -0.003,   0.217,   0.400,   0.117,   0.500,   0.217
202604051906,  -0.276,9999.000,9999.000,9999.000,9999.000,9999.000,9999.000,9999.000,9999.000
202604051912,  -0.272,9999.000,9999.000,9999.000,9999.000,9999.000,9999.000,9999.000,9999.000
202604051918,  -0.267,9999.000,9999.000,9999.000,9999.000,9999.000,9999.000,9999.000,9999.000
202604051924,  -0.262,9999.000,9999.000,9999.000,9999.000,9999.000,9999.000,9999.000,9999.000
202604051930,  -0.257,9999.000,9999.000,9999.000,9999.000,9999.000,9999.000,9999.000,9999.000
202604051936,  -0.252,9999.000,9999.000,9999.000,9999.000,9999.000,9999.000,9999.000,9999.000
202604051942,  -0.246,9999.000,9999.000,9999.000,9999.000,9999.000,9999.000,9999.000,9999.000
202604051948,  -0.241,9999.000,9999.000,9999.000,9999.000,9999.000,9999.000,9999.000,9999.000
202604051954,  -0.235,9999.000,9999.000,9999.000,9999.000,9999.000,9999.000,9999.000,9999.000
202604052000,  -0.229,9999.000,   0.500,  -0.003,   0.268,   0.400,   0.168,   0.500,   0.268
202604052006,  -0.223,9999.000,9999.000,9999.000,9999.000,9999.000,9999.000,9999.000,9999.000
202604052012,  -0.216,9999.000,9999.000,9999.000,9999.000,9999.000,9999.000,9999.000,9999.000
202604052018,  -0.210,9999.000,9999.000,9999.000,9999.000,9999.000,9999.000,9999.000,9999.000
202604052024,  -0.203,9999.000,9999.000,9999.000,9999.000,9999.000,9999.000,9999.000,9999.000
202604052030,  -0.196,9999.000,9999.000,9999.000,9999.000,9999.000,9999.000,9999.000,9999.000
202604052036,  -0.189,9999.000,9999.000,9999.000,9999.000,9999.000,9999.000,9999.000,9999.000
202604052042,  -0.182,9999.000,9999.000,9999.000,9999.000,9999.000,9999.000,9999.000,9999.000
202604052048,  -0.174,9999.000,9999.000,9999.000,9999.000,9999.000,9999.000,9999.000,9999.000
202604052054,  -0.167,9999.000,9999.000,9999.000,9999.000,9999.000,9999.000,9999.000,9999.000
202604052100,  -0.159,9999.000,   0.400,  -0.003,   0.238,   0.400,   0.238,   0.500,   0.338
202604052106,  -0.151,9999.000,9999.000,9999.000,9999.000,9999.000,9999.000,9999.000,9999.000
202604052112,  -0.143,9999.000,9999.000,9999.000,9999.000,9999.000,9999.000,9999.000,9999.000
202604052118,  -0.135,9999.000,9999.000,9999.000,9999.000,9999.000,9999.000,9999.000,9999.000
202604052124,  -0.127,9999.000,9999.000,9999.000,9999.000,9999.000,9999.000,9999.000,9999.000
202604052130,  -0.118,9999.000,9999.000,9999.000,9999.000,9999.000,9999.000,9999.000,9999.000
202604052136,  -0.109,9999.000,9999.000,9999.000,9999.000,9999.000,9999.000,9999.000,9999.000
202604052142,  -0.100,9999.000,9999.000,9999.000,9999.000,9999.000,9999.000,9999.000,9999.000
202604052148,  -0.091,9999.000,9999.000,9999.000,9999.000,9999.000,9999.000,9999.000,9999.000
202604052154,  -0.082,9999.000,9999.000,9999.000,9999.000,9999.000,9999.000,9999.000,9999.000
202604052200,  -0.072,9999.000,   0.400,  -0.003,   0.325,   0.400,   0.325,   0.500,   0.425
202604052206,  -0.062,9999.000,9999.000,9999.000,9999.000,9999.000,9999.000,9999.000,9999.000
202604052212,  -0.053,9999.000,9999.000,9999.000,9999.000,9999.000,9999.000,9999.000,9999.000
202604052218,  -0.042,9999.000,9999.000,9999.000,9999.000,9999.000,9999.000,9999.000,9999.000
202604052224,  -0.032,9999.000,9999.000,9999.000,9999.000,9999.000,9999.000,9999.000,9999.000
202604052230,  -0.022,9999.000,9999.000,9999.000,9999.000,9999.000,9999.000,9999.000,9999.000
202604052236,  -0.011,9999.000,9999.000,9999.000,9999.000,9999.000,9999.000,9999.000,9999.000
202604052242,   0.000,9999.000,9999.000,9999.000,9999.000,9999.000,9999.000,9999.000,9999.000
202604052248,   0.010,9999.000,9999.000,9999.000,9999.000,9999.000,9999.000,9999.000,9999.000
202604052254,   0.021,9999.000,9999.000,9999.000,9999.000,9999.000,9999.000,9999.000,9999.000
202604052300,   0.032,9999.000,   0.400,  -0.003,   0.429,   0.400,   0.429,   0.500,   0.529
202604052306,   0.044,9999.000,9999.000,9999.000,9999.000,9999.000,9999.000,9999.000,9999.000
202604052312,   0.055,9999.000,9999.000,9999.000,9999.000,9999.000,9999.000,9999.000,9999.000
202604052318,   0.067,9999.000,9999.000,9999.000,9999.000,9999.000,9999.000,9999.000,9999.000
202604052324,   0.078,9999.000,9999.000,9999.000,9999.000,9999.000,9999.000,9999.000,9999.000
202604052330,   0.090,9999.000,9999.000,9999.000,9999.000,9999.000,9999.000,9999.000,9999.000
202604052336,   0.102,9999.000,9999.000,9999.000,9999.000,9999.000,9999.000,9999.000,9999.000
202604052342,   0.114,9999.000,9999.000,9999.000,9999.000,9999.000,9999.000,9999.000,9999.000
202604052348,   0.126,9999.000,9999.000,9999.000,9999.000,9999.000,9999.000,9999.000,9999.000
202604052354,   0.138,9999.000,9999.000,9999.000,9999.000,9999.000,9999.000,9999.000,9999.000
202604060000,   0.150,9999.000,   0.400,  -0.003,   0.547,   0.400,   0.547,   0.500,   0.647
202604060006,   0.162,9999.000,9999.000,9999.000,9999.000,9999.000,9999.000,9999.000,9999.000
202604060012,   0.174,9999.000,9999.000,9999.000,9999.000,9999.000,9999.000,9999.000,9999.000
202604060018,   0.185,9999.000,9999.000,9999.000,9999.000,9999.000,9999.000,9999.000,9999.000
202604060024,   0.197,9999.000,9999.000,9999.000,9999.000,9999.000,9999.000,9999.000,9999.000
202604060030,   0.209,9999.000,9999.000,9999.000,9999.000,9999.000,9999.000,9999.000,9999.000
202604060036,   0.220,9999.000,9999.000,9999.000,9999.000,9999.000,9999.000,9999.000,9999.000
202604060042,   0.231,9999.000,9999.000,9999.000,9999.000,9999.000,9999.000,9999.000,9999.000
202604060048,   0.242,9999.000,9999.000,9999.000,9999.000,9999.000,9999.000,9999.000,9999.000
202604060054,   0.253,9999.000,9999.000,9999.000,9999.000,9999.000,9999.000,9999.000,9999.000
202604060100,   0.264,9999.000,   0.400,  -0.003,   0.661,   0.400,   0.661,   0.400,   0.661
202604060106,   0.274,9999.000,9999.000,9999.000,9999.000,9999.000,9999.000,9999.000,9999.000
202604060112,   0.284,9999.000,9999.000,9999.000,9999.000,9999.000,9999.000,9999.000,9999.000
202604060118,   0.294,9999.000,9999.000,9999.000,9999.000,9999.000,9999.000,9999.000,9999.000
202604060124,   0.303,9999.000,9999.000,9999.000,9999.000,9999.000,9999.000,9999.000,9999.000
202604060130,   0.313,9999.000,9999.000,9999.000,9999.000,9999.000,9999.000,9999.000,9999.000
202604060136,   0.321,9999.000,9999.000,9999.000,9999.000,9999.000,9999.000,9999.000,9999.000
202604060142,   0.330,9999.000,9999.000,9999.000,9999.000,9999.000,9999.000,9999.000,9999.000
202604060148,   0.338,9999.000,9999.000,9999.000,9999.000,9999.000,9999.000,9999.000,9999.000
202604060154,   0.346,9999.000,9999.000,9999.000,9999.000,9999.000,9999.000,9999.000,9999.000
202604060200,   0.353,9999.000,   0.400,  -0.003,   0.750,   0.400,   0.750,   0.400,   0.750
202604060206,   0.360,9999.000,9999.000,9999.000,9999.000,9999.000,9999.000,9999.000,9999.000
202604060212,   0.366,9999.000,9999.000,9999.000,9999.000,9999.000,9999.000,9999.000,9999.000
202604060218,   0.372,9999.000,9999.000,9999.000,9999.000,9999.000,9999.000,9999.000,9999.000
202604060224,   0.378,9999.000,9999.000,9999.000,9999.000,9999.000,9999.000,9999.000,9999.000
202604060230,   0.384,9999.000,9999.000,9999.000,9999.000,9999.000,9999.000,9999.000,9999.000
202604060236,   0.388,9999.000,9999.000,9999.000,9999.000,9999.000,9999.000,9999.000,9999.000
202604060242,   0.393,9999.000,9999.000,9999.000,9999.000,9999.000,9999.000,9999.000,9999.000
202604060248,   0.397,9999.000,9999.000,9999.000,9999.000,9999.000,9999.000,9999.000,9999.000
202604060254,   0.401,9999.000,9999.000,9999.000,9999.000,9999.000,9999.000,9999.000,9999.000
202604060300,   0.404,9999.000,   0.400,  -0.003,   0.801,   0.400,   0.801,   0.400,   0.801
202604060306,   0.407,9999.000,9999.000,9999.000,9999.000,9999.000,9999.000,9999.000,9999.000
202604060312,   0.410,9999.000,9999.000,9999.000,9999.000,9999.000,9999.000,9999.000,9999.000
202604060318,   0.412,9999.000,9999.000,9999.000,9999.000,9999.000,9999.000,9999.000,9999.000
202604060324,   0.414,9999.000,9999.000,9999.000,9999.000,9999.000,9999.000,9999.000,9999.000
202604060330,   0.416,9999.000,9999.000,9999.000,9999.000,9999.000,9999.000,9999.000,9999.000
202604060336,   0.417,9999.000,9999.000,9999.000,9999.000,9999.000,9999.000,9999.000,9999.000
202604060342,   0.418,9999.000,9999.000,9999.000,9999.000,9999.000,9999.000,9999.000,9999.000
202604060348,   0.419,9999.000,9999.000,9999.000,9999.000,9999.000,9999.000,9999.000,9999.000
202604060354,   0.419,9999.000,9999.000,9999.000,9999.000,9999.000,9999.000,9999.000,9999.000
202604060400,   0.420,9999.000,   0.400,  -0.003,   0.817,   0.400,   0.817,   0.500,   0.917
202604060406,   0.420,9999.000,9999.000,9999.000,9999.000,9999.000,9999.000,9999.000,9999.000
202604060412,   0.420,9999.000,9999.000,9999.000,9999.000,9999.000,9999.000,9999.000,9999.000
202604060418,   0.419,9999.000,9999.000,9999.000,9999.000,9999.000,9999.000,9999.000,9999.000
202604060424,   0.419,9999.000,9999.000,9999.000,9999.000,9999.000,9999.000,9999.000,9999.000
202604060430,   0.418,9999.000,9999.000,9999.000,9999.000,9999.000,9999.000,9999.000,9999.000
202604060436,   0.417,9999.000,9999.000,9999.000,9999.000,9999.000,9999.000,9999.000,9999.000
202604060442,   0.416,9999.000,9999.000,9999.000,9999.000,9999.000,9999.000,9999.000,9999.000
202604060448,   0.415,9999.000,9999.000,9999.000,9999.000,9999.000,9999.000,9999.000,9999.000
202604060454,   0.414,9999.000,9999.000,9999.000,9999.000,9999.000,9999.000,9999.000,9999.000
202604060500,   0.413,9999.000,   0.400,  -0.003,   0.810,   0.400,   0.810,   0.500,   0.910
202604060506,   0.411,9999.000,9999.000,9999.000,9999.000,9999.000,9999.000,9999.000,9999.000
202604060512,   0.410,9999.000,9999.000,9999.000,9999.000,9999.000,9999.000,9999.000,9999.000
202604060518,   0.408,9999.000,9999.000,9999.000,9999.000,9999.000,9999.000,9999.000,9999.000
202604060524,   0.407,9999.000,9999.000,9999.000,9999.000,9999.000,9999.000,9999.000,9999.000
202604060530,   0.405,9999.000,9999.000,9999.000,9999.000,9999.000,9999.000,9999.000,9999.000
202604060536,   0.403,9999.000,9999.000,9999.000,9999.000,9999.000,9999.000,9999.000,9999.000
202604060542,   0.402,9999.000,9999.000,9999.000,9999.000,9999.000,9999.000,9999.000,9999.000
202604060548,   0.400,9999.000,9999.000,9999.000,9999.000,9999.000,9999.000,9999.000,9999.000
202604060554,   0.398,9999.000,9999.000,9999.000,9999.000,9999.000,9999.000,9999.000,9999.000
202604060600,   0.397,9999.000,   0.400,  -0.003,   0.794,   0.400,   0.794,   0.500,   0.894
202604060606,   0.395,9999.000,9999.000,9999.000,9999.000,9999.000,9999.000,9999.000,9999.000
202604060612,   0.393,9999.000,9999.000,9999.000,9999.000,9999.000,9999.000,9999.000,9999.000
202604060618,   0.391,9999.000,9999.000,9999.000,9999.000,9999.000,9999.000,9999.000,9999.000
202604060624,   0.389,9999.000,9999.000,9999.000,9999.000,9999.000,9999.000,9999.000,9999.000
202604060630,   0.387,9999.000,9999.000,9999.000,9999.000,9999.000,9999.000,9999.000,9999.000
202604060636,   0.385,9999.000,9999.000,9999.000,9999.000,9999.000,9999.000,9999.000,9999.000
202604060642,   0.383,9999.000,9999.000,9999.000,9999.000,9999.000,9999.000,9999.000,9999.000
202604060648,   0.381,9999.000,9999.000,9999.000,9999.000,9999.000,9999.000,9999.000,9999.000
202604060654,   0.379,9999.000,9999.000,9999.000,9999.000,9999.000,9999.000,9999.000,9999.000
202604060700,   0.377,9999.000,   0.400,  -0.003,   0.774,   0.400,   0.774,   0.500,   0.874
202604060706,   0.375,9999.000,9999.000,9999.000,9999.000,9999.000,9999.000,9999.000,9999.000
202604060712,   0.373,9999.000,9999.000,9999.000,9999.000,9999.000,9999.000,9999.000,9999.000
202604060718,   0.370,9999.000,9999.000,9999.000,9999.000,9999.000,9999.000,9999.000,9999.000
202604060724,   0.368,9999.000,9999.000,9999.000,9999.000,9999.000,9999.000,9999.000,9999.000
202604060730,   0.365,9999.000,9999.000,9999.000,9999.000,9999.000,9999.000,9999.000,9999.000
202604060736,   0.362,9999.000,9999.000,9999.000,9999.000,9999.000,9999.000,9999.000,9999.000
202604060742,   0.359,9999.000,9999.000,9999.000,9999.000,9999.000,9999.000,9999.000,9999.000
202604060748,   0.356,9999.000,9999.000,9999.000,9999.000,9999.000,9999.000,9999.000,9999.000
202604060754,   0.353,9999.000,9999.000,9999.000,9999.000,9999.000,9999.000,9999.000,9999.000
202604060800,   0.350,9999.000,   0.500,  -0.003,   0.847,   0.400,   0.747,   0.500,   0.847
202604060806,   0.347,9999.000,9999.000,9999.000,9999.000,9999.000,9999.000,9999.000,9999.000
202604060812,   0.343,9999.000,9999.000,9999.000,9999.000,9999.000,9999.000,9999.000,9999.000
202604060818,   0.340,9999.000,9999.000,9999.000,9999.000,9999.000,9999.000,9999.000,9999.000
202604060824,   0.336,9999.000,9999.000,9999.000,9999.000,9999.000,9999.000,9999.000,9999.000
202604060830,   0.332,9999.000,9999.000,9999.000,9999.000,9999.000,9999.000,9999.000,9999.000
202604060836,   0.328,9999.000,9999.000,9999.000,9999.000,9999.000,9999.000,9999.000,9999.000
202604060842,   0.323,9999.000,9999.000,9999.000,9999.000,9999.000,9999.000,9999.000,9999.000
202604060848,   0.319,9999.000,9999.000,9999.000,9999.000,9999.000,9999.000,9999.000,9999.000
202604060854,   0.314,9999.000,9999.000,9999.000,9999.000,9999.000,9999.000,9999.000,9999.000
202604060900,   0.310,9999.000,   0.400,  -0.003,   0.707,   0.400,   0.707,   0.500,   0.807
202604060906,   0.305,9999.000,9999.000,9999.000,9999.000,9999.000,9999.000,9999.000,9999.000
202604060912,   0.300,9999.000,9999.000,9999.000,9999.000,9999.000,9999.000,9999.000,9999.000
202604060918,   0.295,9999.000,9999.000,9999.000,9999.000,9999.000,9999.000,9999.000,9999.000
202604060924,   0.289,9999.000,9999.000,9999.000,9999.000,9999.000,9999.000,9999.000,9999.000
202604060930,   0.284,9999.000,9999.000,9999.000,9999.000,9999.000,9999.000,9999.000,9999.000
202604060936,   0.278,9999.000,9999.000,9999.000,9999.000,9999.000,9999.000,9999.000,9999.000
202604060942,   0.273,9999.000,9999.000,9999.000,9999.000,9999.000,9999.000,9999.000,9999.000
202604060948,   0.267,9999.000,9999.000,9999.000,9999.000,9999.000,9999.000,9999.000,9999.000
202604060954,   0.261,9999.000,9999.000,9999.000,9999.000,9999.000,9999.000,9999.000,9999.000
202604061000,   0.255,9999.000,   0.400,  -0.003,   0.652,   0.400,   0.652,   0.500,   0.752
202604061006,   0.249,9999.000,9999.000,9999.000,9999.000,9999.000,9999.000,9999.000,9999.000
202604061012,   0.243,9999.000,9999.000,9999.000,9999.000,9999.000,9999.000,9999.000,9999.000
202604061018,   0.236,9999.000,9999.000,9999.000,9999.000,9999.000,9999.000,9999.000,9999.000
202604061024,   0.230,9999.000,9999.000,9999.000,9999.000,9999.000,9999.000,9999.000,9999.000
202604061030,   0.224,9999.000,9999.000,9999.000,9999.000,9999.000,9999.000,9999.000,9999.000
202604061036,   0.217,9999.000,9999.000,9999.000,9999.000,9999.000,9999.000,9999.000,9999.000
202604061042,   0.211,9999.000,9999.000,9999.000,9999.000,9999.000,9999.000,9999.000,9999.000
202604061048,   0.204,9999.000,9999.000,9999.000,9999.000,9999.000,9999.000,9999.000,9999.000
202604061054,   0.197,9999.000,9999.000,9999.000,9999.000,9999.000,9999.000,9999.000,9999.000
202604061100,   0.190,9999.000,   0.400,  -0.003,   0.587,   0.400,   0.587,   0.500,   0.687
202604061106,   0.184,9999.000,9999.000,9999.000,9999.000,9999.000,9999.000,9999.000,9999.000
202604061112,   0.177,9999.000,9999.000,9999.000,9999.000,9999.000,9999.000,9999.000,9999.000
202604061118,   0.170,9999.000,9999.000,9999.000,9999.000,9999.000,9999.000,9999.000,9999.000
202604061124,   0.163,9999.000,9999.000,9999.000,9999.000,9999.000,9999.000,9999.000,9999.000
202604061130,   0.156,9999.000,9999.000,9999.000,9999.000,9999.000,9999.000,9999.000,9999.000
202604061136,   0.149,9999.000,9999.000,9999.000,9999.000,9999.000,9999.000,9999.000,9999.000
202604061142,   0.142,9999.000,9999.000,9999.000,9999.000,9999.000,9999.000,9999.000,9999.000
202604061148,   0.135,9999.000,9999.000,9999.000,9999.000,9999.000,9999.000,9999.000,9999.000
202604061154,   0.127,9999.000,9999.000,9999.000,9999.000,9999.000,9999.000,9999.000,9999.000
202604061200,   0.120,9999.000,   0.400,  -0.003,   0.517,   0.400,   0.517,   0.500,   0.617
202604061206,   0.113,9999.000,9999.000,9999.000,9999.000,9999.000,9999.000,9999.000,9999.000
202604061212,   0.105,9999.000,9999.000,9999.000,9999.000,9999.000,9999.000,9999.000,9999.000
202604061218,   0.098,9999.000,9999.000,9999.000,9999.000,9999.000,9999.000,9999.000,9999.000
202604061224,   0.090,9999.000,9999.000,9999.000,9999.000,9999.000,9999.000,9999.000,9999.000
202604061230,   0.083,9999.000,9999.000,9999.000,9999.000,9999.000,9999.000,9999.000,9999.000
202604061236,   0.075,9999.000,9999.000,9999.000,9999.000,9999.000,9999.000,9999.000,9999.000
202604061242,   0.067,9999.000,9999.000,9999.000,9999.000,9999.000,9999.000,9999.000,9999.000
202604061248,   0.059,9999.000,9999.000,9999.000,9999.000,9999.000,9999.000,9999.000,9999.000
202604061254,   0.051,9999.000,9999.000,9999.000,9999.000,9999.000,9999.000,9999.000,9999.000
202604061300,   0.043,9999.000,   0.400,  -0.003,   0.440,   0.400,   0.440,   0.500,   0.540
202604061306,   0.035,9999.000,9999.000,9999.000,9999.000,9999.000,9999.000,9999.000,9999.000
202604061312,   0.027,9999.000,9999.000,9999.000,9999.000,9999.000,9999.000,9999.000,9999.000
202604061318,   0.018,9999.000,9999.000,9999.000,9999.000,9999.000,9999.000,9999.000,9999.000
202604061324,   0.010,9999.000,9999.000,9999.000,9999.000,9999.000,9999.000,9999.000,9999.000
202604061330,   0.001,9999.000,9999.000,9999.000,9999.000,9999.000,9999.000,9999.000,9999.000
202604061336,  -0.006,9999.000,9999.000,9999.000,9999.000,9999.000,9999.000,9999.000,9999.000
202604061342,  -0.015,9999.000,9999.000,9999.000,9999.000,9999.000,9999.000,9999.000,9999.000
202604061348,  -0.024,9999.000,9999.000,9999.000,9999.000,9999.000,9999.000,9999.000,9999.000
202604061354,  -0.033,9999.000,9999.000,9999.000,9999.000,9999.000,9999.000,9999.000,9999.000
202604061400,  -0.042,9999.000,   0.400,  -0.003,   0.355,   0.400,   0.355,   0.500,   0.455
202604061406,  -0.052,9999.000,9999.000,9999.000,9999.000,9999.000,9999.000,9999.000,9999.000
202604061412,  -0.061,9999.000,9999.000,9999.000,9999.000,9999.000,9999.000,9999.000,9999.000
202604061418,  -0.070,9999.000,9999.000,9999.000,9999.000,9999.000,9999.000,9999.000,9999.000
202604061424,  -0.080,9999.000,9999.000,9999.000,9999.000,9999.000,9999.000,9999.000,9999.000
202604061430,  -0.089,9999.000,9999.000,9999.000,9999.000,9999.000,9999.000,9999.000,9999.000
202604061436,  -0.099,9999.000,9999.000,9999.000,9999.000,9999.000,9999.000,9999.000,9999.000
202604061442,  -0.108,9999.000,9999.000,9999.000,9999.000,9999.000,9999.000,9999.000,9999.000
202604061448,  -0.118,9999.000,9999.000,9999.000,9999.000,9999.000,9999.000,9999.000,9999.000
202604061454,  -0.128,9999.000,9999.000,9999.000,9999.000,9999.000,9999.000,9999.000,9999.000
202604061500,  -0.137,9999.000,   0.400,  -0.003,   0.260,   0.400,   0.260,   0.500,   0.360
202604061506,  -0.147,9999.000,9999.000,9999.000,9999.000,9999.000,9999.000,9999.000,9999.000
202604061512,  -0.157,9999.000,9999.000,9999.000,9999.000,9999.000,9999.000,9999.000,9999.000
202604061518,  -0.166,9999.000,9999.000,9999.000,9999.000,9999.000,9999.000,9999.000,9999.000
202604061524,  -0.175,9999.000,9999.000,9999.000,9999.000,9999.000,9999.000,9999.000,9999.000
202604061530,  -0.185,9999.000,9999.000,9999.000,9999.000,9999.000,9999.000,9999.000,9999.000
202604061536,  -0.194,9999.000,9999.000,9999.000,9999.000,9999.000,9999.000,9999.000,9999.000
202604061542,  -0.203,9999.000,9999.000,9999.000,9999.000,9999.000,9999.000,9999.000,9999.000
202604061548,  -0.212,9999.000,9999.000,9999.000,9999.000,9999.000,9999.000,9999.000,9999.000
202604061554,  -0.221,9999.000,9999.000,9999.000,9999.000,9999.000,9999.000,9999.000,9999.000
202604061600,  -0.229,9999.000,   0.400,  -0.003,   0.168,   0.400,   0.168,   0.500,   0.268
202604061606,  -0.238,9999.000,9999.000,9999.000,9999.000,9999.000,9999.000,9999.000,9999.000
202604061612,  -0.246,9999.000,9999.000,9999.000,9999.000,9999.000,9999.000,9999.000,9999.000
202604061618,  -0.254,9999.000,9999.000,9999.000,9999.000,9999.000,9999.000,9999.000,9999.000
202604061624,  -0.261,9999.000,9999.000,9999.000,9999.000,9999.000,9999.000,9999.000,9999.000
202604061630,  -0.268,9999.000,9999.000,9999.000,9999.000,9999.000,9999.000,9999.000,9999.000
202604061636,  -0.275,9999.000,9999.000,9999.000,9999.000,9999.000,9999.000,9999.000,9999.000
202604061642,  -0.282,9999.000,9999.000,9999.000,9999.000,9999.000,9999.000,9999.000,9999.000
202604061648,  -0.288,9999.000,9999.000,9999.000,9999.000,9999.000,9999.000,9999.000,9999.000
202604061654,  -0.294,9999.000,9999.000,9999.000,9999.000,9999.000,9999.000,9999.000,9999.000
202604061700,  -0.300,9999.000,   0.400,  -0.003,   0.097,   0.400,   0.097,   0.500,   0.197
202604061706,  -0.305,9999.000,9999.000,9999.000,9999.000,9999.000,9999.000,9999.000,9999.000
202604061712,  -0.310,9999.000,9999.000,9999.000,9999.000,9999.000,9999.000,9999.000,9999.000
202604061718,  -0.314,9999.000,9999.000,9999.000,9999.000,9999.000,9999.000,9999.000,9999.000
202604061724,  -0.318,9999.000,9999.000,9999.000,9999.000,9999.000,9999.000,9999.000,9999.000
202604061730,  -0.322,9999.000,9999.000,9999.000,9999.000,9999.000,9999.000,9999.000,9999.000
202604061736,  -0.325,9999.000,9999.000,9999.000,9999.000,9999.000,9999.000,9999.000,9999.000
202604061742,  -0.328,9999.000,9999.000,9999.000,9999.000,9999.000,9999.000,9999.000,9999.000
202604061748,  -0.330,9999.000,9999.000,9999.000,9999.000,9999.000,9999.000,9999.000,9999.000
202604061754,  -0.332,9999.000,9999.000,9999.000,9999.000,9999.000,9999.000,9999.000,9999.000
202604061800,  -0.333,9999.000,   0.400,  -0.003,   0.064,   0.400,   0.064,   0.500,   0.164
202604061806,  -0.334,9999.000,9999.000,9999.000,9999.000,9999.000,9999.000,9999.000,9999.000
202604061812,  -0.335,9999.000,9999.000,9999.000,9999.000,9999.000,9999.000,9999.000,9999.000
202604061818,  -0.335,9999.000,9999.000,9999.000,9999.000,9999.000,9999.000,9999.000,9999.000
202604061824,  -0.335,9999.000,9999.000,9999.000,9999.000,9999.000,9999.000,9999.000,9999.000
202604061830,  -0.334,9999.000,9999.000,9999.000,9999.000,9999.000,9999.000,9999.000,9999.000
202604061836,  -0.333,9999.000,9999.000,9999.000,9999.000,9999.000,9999.000,9999.000,9999.000
202604061842,  -0.332,9999.000,9999.000,9999.000,9999.000,9999.000,9999.000,9999.000,9999.000
202604061848,  -0.330,9999.000,9999.000,9999.000,9999.000,9999.000,9999.000,9999.000,9999.000
202604061854,  -0.328,9999.000,9999.000,9999.000,9999.000,9999.000,9999.000,9999.000,9999.000
202604061900,  -0.325,9999.000,   0.400,  -0.003,   0.072,   0.400,   0.072,   0.500,   0.172
202604061906,  -0.322,9999.000,9999.000,9999.000,9999.000,9999.000,9999.000,9999.000,9999.000
202604061912,  -0.319,9999.000,9999.000,9999.000,9999.000,9999.000,9999.000,9999.000,9999.000
202604061918,  -0.316,9999.000,9999.000,9999.000,9999.000,9999.000,9999.000,9999.000,9999.000
202604061924,  -0.312,9999.000,9999.000,9999.000,9999.000,9999.000,9999.000,9999.000,9999.000
202604061930,  -0.308,9999.000,9999.000,9999.000,9999.000,9999.000,9999.000,9999.000,9999.000
202604061936,  -0.304,9999.000,9999.000,9999.000,9999.000,9999.000,9999.000,9999.000,9999.000
202604061942,  -0.299,9999.000,9999.000,9999.000,9999.000,9999.000,9999.000,9999.000,9999.000
202604061948,  -0.294,9999.000,9999.000,9999.000,9999.000,9999.000,9999.000,9999.000,9999.000
202604061954,  -0.289,9999.000,9999.000,9999.000,9999.000,9999.000,9999.000,9999.000,9999.000
202604062000,  -0.284,9999.000,   0.400,  -0.003,   0.113,   0.400,   0.113,   0.500,   0.213
202604062006,  -0.278,9999.000,9999.000,9999.000,9999.000,9999.000,9999.000,9999.000,9999.000
202604062012,  -0.273,9999.000,9999.000,9999.000,9999.000,9999.000,9999.000,9999.000,9999.000
202604062018,  -0.267,9999.000,9999.000,9999.000,9999.000,9999.000,9999.000,9999.000,9999.000
202604062024,  -0.261,9999.000,9999.000,9999.000,9999.000,9999.000,9999.000,9999.000,9999.000
202604062030,  -0.255,9999.000,9999.000,9999.000,9999.000,9999.000,9999.000,9999.000,9999.000
202604062036,  -0.248,9999.000,9999.000,9999.000,9999.000,9999.000,9999.000,9999.000,9999.000
202604062042,  -0.242,9999.000,9999.000,9999.000,9999.000,9999.000,9999.000,9999.000,9999.000
202604062048,  -0.235,9999.000,9999.000,9999.000,9999.000,9999.000,9999.000,9999.000,9999.000
202604062054,  -0.228,9999.000,9999.000,9999.000,9999.000,9999.000,9999.000,9999.000,9999.000
202604062100,  -0.222,9999.000,   0.400,  -0.003,   0.175,   0.400,   0.175,   0.500,   0.275
202604062106,  -0.215,9999.000,9999.000,9999.000,9999.000,9999.000,9999.000,9999.000,9999.000
202604062112,  -0.207,9999.000,9999.000,9999.000,9999.000,9999.000,9999.000,9999.000,9999.000
202604062118,  -0.200,9999.000,9999.000,9999.000,9999.000,9999.000,9999.000,9999.000,9999.000
202604062124,  -0.193,9999.000,9999.000,9999.000,9999.000,9999.000,9999.000,9999.000,9999.000
202604062130,  -0.185,9999.000,9999.000,9999.000,9999.000,9999.000,9999.000,9999.000,9999.000
202604062136,  -0.177,9999.000,9999.000,9999.000,9999.000,9999.000,9999.000,9999.000,9999.000
202604062142,  -0.170,9999.000,9999.000,9999.000,9999.000,9999.000,9999.000,9999.000,9999.000
202604062148,  -0.162,9999.000,9999.000,9999.000,9999.000,9999.000,9999.000,9999.000,9999.000
202604062154,  -0.154,9999.000,9999.000,9999.000,9999.000,9999.000,9999.000,9999.000,9999.000
202604062200,  -0.145,9999.000,   0.400,  -0.003,   0.252,   0.400,   0.252,   0.500,   0.352
202604062206,  -0.137,9999.000,9999.000,9999.000,9999.000,9999.000,9999.000,9999.000,9999.000
202604062212,  -0.129,9999.000,9999.000,9999.000,9999.000,9999.000,9999.000,9999.000,9999.000
202604062218,  -0.120,9999.000,9999.000,9999.000,9999.000,9999.000,9999.000,9999.000,9999.000
202604062224,  -0.111,9999.000,9999.000,9999.000,9999.000,9999.000,9999.000,9999.000,9999.000
202604062230,  -0.102,9999.000,9999.000,9999.000,9999.000,9999.000,9999.000,9999.000,9999.000
202604062236,  -0.093,9999.000,9999.000,9999.000,9999.000,9999.000,9999.000,9999.000,9999.000
202604062242,  -0.084,9999.000,9999.000,9999.000,9999.000,9999.000,9999.000,9999.000,9999.000
202604062248,  -0.075,9999.000,9999.000,9999.000,9999.000,9999.000,9999.000,9999.000,9999.000
202604062254,  -0.065,9999.000,9999.000,9999.000,9999.000,9999.000,9999.000,9999.000,9999.000
202604062300,  -0.056,9999.000,   0.400,  -0.003,   0.341,   0.400,   0.341,   0.500,   0.441
202604062306,  -0.046,9999.000,9999.000,9999.000,9999.000,9999.000,9999.000,9999.000,9999.000
202604062312,  -0.036,9999.000,9999.000,9999.000,9999.000,9999.000,9999.000,9999.000,9999.000
202604062318,  -0.026,9999.000,9999.000,9999.000,9999.000,9999.000,9999.000,9999.000,9999.000
202604062324,  -0.016,9999.000,9999.000,9999.000,9999.000,9999.000,9999.000,9999.000,9999.000
202604062330,  -0.005,9999.000,9999.000,9999.000,9999.000,9999.000,9999.000,9999.000,9999.000
202604062336,   0.004,9999.000,9999.000,9999.000,9999.000,9999.000,9999.000,9999.000,9999.000
202604062342,   0.015,9999.000,9999.000,9999.000,9999.000,9999.000,9999.000,9999.000,9999.000
202604062348,   0.026,9999.000,9999.000,9999.000,9999.000,9999.000,9999.000,9999.000,9999.000
202604062354,   0.037,9999.000,9999.000,9999.000,9999.000,9999.000,9999.000,9999.000,9999.000
202604070000,   0.048,9999.000,   0.400,  -0.003,   0.445,   0.400,   0.445,   0.500,   0.545
202604070006,   0.059,9999.000,9999.000,9999.000,9999.000,9999.000,9999.000,9999.000,9999.000
202604070012,   0.070,9999.000,9999.000,9999.000,9999.000,9999.000,9999.000,9999.000,9999.000
202604070018,   0.081,9999.000,9999.000,9999.000,9999.000,9999.000,9999.000,9999.000,9999.000
202604070024,   0.092,9999.000,9999.000,9999.000,9999.000,9999.000,9999.000,9999.000,9999.000
202604070030,   0.103,9999.000,9999.000,9999.000,9999.000,9999.000,9999.000,9999.000,9999.000
202604070036,   0.115,9999.000,9999.000,9999.000,9999.000,9999.000,9999.000,9999.000,9999.000
202604070042,   0.126,9999.000,9999.000,9999.000,9999.000,9999.000,9999.000,9999.000,9999.000
202604070048,   0.137,9999.000,9999.000,9999.000,9999.000,9999.000,9999.000,9999.000,9999.000
202604070054,   0.148,9999.000,9999.000,9999.000,9999.000,9999.000,9999.000,9999.000,9999.000
202604070100,   0.159,9999.000,   0.400,  -0.003,   0.556,   0.400,   0.556,   0.500,   0.656
202604070106,   0.170,9999.000,9999.000,9999.000,9999.000,9999.000,9999.000,9999.000,9999.000
202604070112,   0.181,9999.000,9999.000,9999.000,9999.000,9999.000,9999.000,9999.000,9999.000
202604070118,   0.192,9999.000,9999.000,9999.000,9999.000,9999.000,9999.000,9999.000,9999.000
202604070124,   0.203,9999.000,9999.000,9999.000,9999.000,9999.000,9999.000,9999.000,9999.000
202604070130,   0.213,9999.000,9999.000,9999.000,9999.000,9999.000,9999.000,9999.000,9999.000
202604070136,   0.224,9999.000,9999.000,9999.000,9999.000,9999.000,9999.000,9999.000,9999.000
202604070142,   0.234,9999.000,9999.000,9999.000,9999.000,9999.000,9999.000,9999.000,9999.000
202604070148,   0.244,9999.000,9999.000,9999.000,9999.000,9999.000,9999.000,9999.000,9999.000
202604070154,   0.254,9999.000,9999.000,9999.000,9999.000,9999.000,9999.000,9999.000,9999.000
202604070200,   0.263,9999.000,   0.400,  -0.003,   0.660,   0.400,   0.660,   0.500,   0.760
202604070206,   0.273,9999.000,9999.000,9999.000,9999.000,9999.000,9999.000,9999.000,9999.000
202604070212,   0.281,9999.000,9999.000,9999.000,9999.000,9999.000,9999.000,9999.000,9999.000
202604070218,   0.290,9999.000,9999.000,9999.000,9999.000,9999.000,9999.000,9999.000,9999.000
202604070224,   0.299,9999.000,9999.000,9999.000,9999.000,9999.000,9999.000,9999.000,9999.000
202604070230,   0.307,9999.000,9999.000,9999.000,9999.000,9999.000,9999.000,9999.000,9999.000
202604070236,   0.314,9999.000,9999.000,9999.000,9999.000,9999.000,9999.000,9999.000,9999.000
202604070242,   0.322,9999.000,9999.000,9999.000,9999.000,9999.000,9999.000,9999.000,9999.000
202604070248,   0.330,9999.000,9999.000,9999.000,9999.000,9999.000,9999.000,9999.000,9999.000
202604070254,   0.336,9999.000,9999.000,9999.000,9999.000,9999.000,9999.000,9999.000,9999.000
202604070300,   0.342,9999.000,   0.400,  -0.003,   0.739,   0.400,   0.739,   0.500,   0.839
202604070306,   0.348,9999.000,9999.000,9999.000,9999.000,9999.000,9999.000,9999.000,9999.000
202604070312,   0.354,9999.000,9999.000,9999.000,9999.000,9999.000,9999.000,9999.000,9999.000
202604070318,   0.359,9999.000,9999.000,9999.000,9999.000,9999.000,9999.000,9999.000,9999.000
202604070324,   0.364,9999.000,9999.000,9999.000,9999.000,9999.000,9999.000,9999.000,9999.000
202604070330,   0.369,9999.000,9999.000,9999.000,9999.000,9999.000,9999.000,9999.000,9999.000
202604070336,   0.373,9999.000,9999.000,9999.000,9999.000,9999.000,9999.000,9999.000,9999.000
202604070342,   0.377,9999.000,9999.000,9999.000,9999.000,9999.000,9999.000,9999.000,9999.000
202604070348,   0.380,9999.000,9999.000,9999.000,9999.000,9999.000,9999.000,9999.000,9999.000
202604070354,   0.384,9999.000,9999.000,9999.000,9999.000,9999.000,9999.000,9999.000,9999.000
202604070400,   0.387,9999.000,   0.400,  -0.003,   0.784,   0.400,   0.784,   0.500,   0.884
202604070406,   0.389,9999.000,9999.000,9999.000,9999.000,9999.000,9999.000,9999.000,9999.000
202604070412,   0.392,9999.000,9999.000,9999.000,9999.000,9999.000,9999.000,9999.000,9999.000
202604070418,   0.394,9999.000,9999.000,9999.000,9999.000,9999.000,9999.000,9999.000,9999.000
202604070424,   0.396,9999.000,9999.000,9999.000,9999.000,9999.000,9999.000,9999.000,9999.000
202604070430,   0.397,9999.000,9999.000,9999.000,9999.000,9999.000,9999.000,9999.000,9999.000
202604070436,   0.398,9999.000,9999.000,9999.000,9999.000,9999.000,9999.000,9999.000,9999.000
202604070442,   0.400,9999.000,9999.000,9999.000,9999.000,9999.000,9999.000,9999.000,9999.000
202604070448,   0.400,9999.000,9999.000,9999.000,9999.000,9999.000,9999.000,9999.000,9999.000
202604070454,   0.401,9999.000,9999.000,9999.000,9999.000,9999.000,9999.000,9999.000,9999.000
202604070500,   0.402,9999.000,   0.400,  -0.003,   0.799,   0.400,   0.799,   0.500,   0.899
202604070506,   0.402,9999.000,9999.000,9999.000,9999.000,9999.000,9999.000,9999.000,9999.000
202604070512,   0.402,9999.000,9999.000,9999.000,9999.000,9999.000,9999.000,9999.000,9999.000
202604070518,   0.402,9999.000,9999.000,9999.000,9999.000,9999.000,9999.000,9999.000,9999.000
202604070524,   0.402,9999.000,9999.000,9999.000,9999.000,9999.000,9999.000,9999.000,9999.000
202604070530,   0.402,9999.000,9999.000,9999.000,9999.000,9999.000,9999.000,9999.000,9999.000
202604070536,   0.401,9999.000,9999.000,9999.000,9999.000,9999.000,9999.000,9999.000,9999.000
202604070542,   0.401,9999.000,9999.000,9999.000,9999.000,9999.000,9999.000,9999.000,9999.000
202604070548,   0.400,9999.000,9999.000,9999.000,9999.000,9999.000,9999.000,9999.000,9999.000
202604070554,   0.399,9999.000,9999.000,9999.000,9999.000,9999.000,9999.000,9999.000,9999.000
202604070600,   0.399,9999.000,   0.400,  -0.003,   0.796,   0.400,   0.796,   0.500,   0.896
202604070606,   0.398,9999.000,9999.000,9999.000,9999.000,9999.000,9999.000,9999.000,9999.000
202604070612,   0.397,9999.000,9999.000,9999.000,9999.000,9999.000,9999.000,9999.000,9999.000
202604070618,   0.396,9999.000,9999.000,9999.000,9999.000,9999.000,9999.000,9999.000,9999.000
202604070624,   0.395,9999.000,9999.000,9999.000,9999.000,9999.000,9999.000,9999.000,9999.000
202604070630,   0.394,9999.000,9999.000,9999.000,9999.000,9999.000,9999.000,9999.000,9999.000
202604070636,   0.393,9999.000,9999.000,9999.000,9999.000,9999.000,9999.000,9999.000,9999.000
202604070642,   0.392,9999.000,9999.000,9999.000,9999.000,9999.000,9999.000,9999.000,9999.000
202604070648,   0.391,9999.000,9999.000,9999.000,9999.000,9999.000,9999.000,9999.000,9999.000
202604070654,   0.390,9999.000,9999.000,9999.000,9999.000,9999.000,9999.000,9999.000,9999.000
202604070700,   0.388,9999.000,   0.400,  -0.003,   0.785,   0.400,   0.785,   0.500,   0.885
202604070706,   0.387,9999.000,9999.000,9999.000,9999.000,9999.000,9999.000,9999.000,9999.000
202604070712,   0.386,9999.000,9999.000,9999.000,9999.000,9999.000,9999.000,9999.000,9999.000
202604070718,   0.384,9999.000,9999.000,9999.000,9999.000,9999.000,9999.000,9999.000,9999.000
202604070724,   0.383,9999.000,9999.000,9999.000,9999.000,9999.000,9999.000,9999.000,9999.000
202604070730,   0.381,9999.000,9999.000,9999.000,9999.000,9999.000,9999.000,9999.000,9999.000
202604070736,   0.380,9999.000,9999.000,9999.000,9999.000,9999.000,9999.000,9999.000,9999.000
202604070742,   0.378,9999.000,9999.000,9999.000,9999.000,9999.000,9999.000,9999.000,9999.000
202604070748,   0.376,9999.000,9999.000,9999.000,9999.000,9999.000,9999.000,9999.000,9999.000
202604070754,   0.374,9999.000,9999.000,9999.000,9999.000,9999.000,9999.000,9999.000,9999.000
202604070800,   0.372,9999.000,   0.400,  -0.003,   0.769,   0.400,   0.769,   0.500,   0.869
202604070806,   0.370,9999.000,9999.000,9999.000,9999.000,9999.000,9999.000,9999.000,9999.000
202604070812,   0.368,9999.000,9999.000,9999.000,9999.000,9999.000,9999.000,9999.000,9999.000
202604070818,   0.365,9999.000,9999.000,9999.000,9999.000,9999.000,9999.000,9999.000,9999.000
202604070824,   0.363,9999.000,9999.000,9999.000,9999.000,9999.000,9999.000,9999.000,9999.000
202604070830,   0.360,9999.000,9999.000,9999.000,9999.000,9999.000,9999.000,9999.000,9999.000
202604070836,   0.357,9999.000,9999.000,9999.000,9999.000,9999.000,9999.000,9999.000,9999.000
202604070842,   0.354,9999.000,9999.000,9999.000,9999.000,9999.000,9999.000,9999.000,9999.000
202604070848,   0.351,9999.000,9999.000,9999.000,9999.000,9999.000,9999.000,9999.000,9999.000
202604070854,   0.348,9999.000,9999.000,9999.000,9999.000,9999.000,9999.000,9999.000,9999.000
202604070900,   0.344,9999.000,   0.400,  -0.003,   0.741,   0.400,   0.741,   0.500,   0.841
202604070906,   0.341,9999.000,9999.000,9999.000,9999.000,9999.000,9999.000,9999.000,9999.000
202604070912,   0.337,9999.000,9999.000,9999.000,9999.000,9999.000,9999.000,9999.000,9999.000
202604070918,   0.333,9999.000,9999.000,9999.000,9999.000,9999.000,9999.000,9999.000,9999.000
202604070924,   0.330,9999.000,9999.000,9999.000,9999.000,9999.000,9999.000,9999.000,9999.000
202604070930,   0.325,9999.000,9999.000,9999.000,9999.000,9999.000,9999.000,9999.000,9999.000
202604070936,   0.320,9999.000,9999.000,9999.000,9999.000,9999.000,9999.000,9999.000,9999.000
202604070942,   0.316,9999.000,9999.000,9999.000,9999.000,9999.000,9999.000,9999.000,9999.000
202604070948,   0.311,9999.000,9999.000,9999.000,9999.000,9999.000,9999.000,9999.000,9999.000
202604070954,   0.306,9999.000,9999.000,9999.000,9999.000,9999.000,9999.000,9999.000,9999.000
202604071000,   0.300,9999.000,   0.400,  -0.003,   0.697,   0.400,   0.697,   0.500,   0.797
202604071006,   0.295,9999.000,9999.000,9999.000,9999.000,9999.000,9999.000,9999.000,9999.000
202604071012,   0.290,9999.000,9999.000,9999.000,9999.000,9999.000,9999.000,9999.000,9999.000
202604071018,   0.284,9999.000,9999.000,9999.000,9999.000,9999.000,9999.000,9999.000,9999.000
202604071024,   0.278,9999.000,9999.000,9999.000,9999.000,9999.000,9999.000,9999.000,9999.000
202604071030,   0.272,9999.000,9999.000,9999.000,9999.000,9999.000,9999.000,9999.000,9999.000
202604071036,   0.266,9999.000,9999.000,9999.000,9999.000,9999.000,9999.000,9999.000,9999.000
202604071042,   0.260,9999.000,9999.000,9999.000,9999.000,9999.000,9999.000,9999.000,9999.000
202604071048,   0.253,9999.000,9999.000,9999.000,9999.000,9999.000,9999.000,9999.000,9999.000
202604071054,   0.247,9999.000,9999.000,9999.000,9999.000,9999.000,9999.000,9999.000,9999.000
202604071100,   0.240,9999.000,   0.500,  -0.003,   0.737,   0.400,   0.637,   0.500,   0.737
202604071106,   0.234,9999.000,9999.000,9999.000,9999.000,9999.000,9999.000,9999.000,9999.000
202604071112,   0.227,9999.000,9999.000,9999.000,9999.000,9999.000,9999.000,9999.000,9999.000
202604071118,   0.220,9999.000,9999.000,9999.000,9999.000,9999.000,9999.000,9999.000,9999.000
202604071124,   0.213,9999.000,9999.000,9999.000,9999.000,9999.000,9999.000,9999.000,9999.000
202604071130,   0.206,9999.000,9999.000,9999.000,9999.000,9999.000,9999.000,9999.000,9999.000
202604071136,   0.199,9999.000,9999.000,9999.000,9999.000,9999.000,9999.000,9999.000,9999.000
202604071142,   0.191,9999.000,9999.000,9999.000,9999.000,9999.000,9999.000,9999.000,9999.000
202604071148,   0.184,9999.000,9999.000,9999.000,9999.000,9999.000,9999.000,9999.000,9999.000
202604071154,   0.176,9999.000,9999.000,9999.000,9999.000,9999.000,9999.000,9999.000,9999.000
202604071200,   0.169,9999.000,   0.400,  -0.003,   0.566,   0.400,   0.566,   0.500,   0.666
202604071206,   0.161,9999.000,9999.000,9999.000,9999.000,9999.000,9999.000,9999.000,9999.000
202604071212,   0.154,9999.000,9999.000,9999.000,9999.000,9999.000,9999.000,9999.000,9999.000
202604071218,   0.146,9999.000,9999.000,9999.000,9999.000,9999.000,9999.000,9999.000,9999.000
202604071224,   0.138,9999.000,9999.000,9999.000,9999.000,9999.000,9999.000,9999.000,9999.000
202604071230,   0.130,9999.000,9999.000,9999.000,9999.000,9999.000,9999.000,9999.000,9999.000
202604071236,   0.122,9999.000,9999.000,9999.000,9999.000,9999.000,9999.000,9999.000,9999.000
202604071242,   0.114,9999.000,9999.000,9999.000,9999.000,9999.000,9999.000,9999.000,9999.000
202604071248,   0.106,9999.000,9999.000,9999.000,9999.000,9999.000,9999.000,9999.000,9999.000
202604071254,   0.098,9999.000,9999.000,9999.000,9999.000,9999.000,9999.000,9999.000,9999.000
202604071300,   0.090,9999.000,   0.400,  -0.003,   0.487,   0.400,   0.487,   0.500,   0.587
202604071306,   0.082,9999.000,9999.000,9999.000,9999.000,9999.000,9999.000,9999.000,9999.000
202604071312,   0.074,9999.000,9999.000,9999.000,9999.000,9999.000,9999.000,9999.000,9999.000
202604071318,   0.065,9999.000,9999.000,9999.000,9999.000,9999.000,9999.000,9999.000,9999.000
202604071324,   0.057,9999.000,9999.000,9999.000,9999.000,9999.000,9999.000,9999.000,9999.000
202604071330,   0.048,9999.000,9999.000,9999.000,9999.000,9999.000,9999.000,9999.000,9999.000
202604071336,   0.040,9999.000,9999.000,9999.000,9999.000,9999.000,9999.000,9999.000,9999.000
202604071342,   0.031,9999.000,9999.000,9999.000,9999.000,9999.000,9999.000,9999.000,9999.000
202604071348,   0.022,9999.000,9999.000,9999.000,9999.000,9999.000,9999.000,9999.000,9999.000
202604071354,   0.014,9999.000,9999.000,9999.000,9999.000,9999.000,9999.000,9999.000,9999.000
202604071400,   0.005,9999.000,   0.400,  -0.003,   0.402,   0.400,   0.402,   0.500,   0.502
202604071406,  -0.003,9999.000,9999.000,9999.000,9999.000,9999.000,9999.000,9999.000,9999.000
202604071412,  -0.012,9999.000,9999.000,9999.000,9999.000,9999.000,9999.000,9999.000,9999.000
202604071418,  -0.021,9999.000,9999.000,9999.000,9999.000,9999.000,9999.000,9999.000,9999.000
202604071424,  -0.030,9999.000,9999.000,9999.000,9999.000,9999.000,9999.000,9999.000,9999.000
202604071430,  -0.040,9999.000,9999.000,9999.000,9999.000,9999.000,9999.000,9999.000,9999.000
202604071436,  -0.049,9999.000,9999.000,9999.000,9999.000,9999.000,9999.000,9999.000,9999.000
202604071442,  -0.058,9999.000,9999.000,9999.000,9999.000,9999.000,9999.000,9999.000,9999.000
202604071448,  -0.068,9999.000,9999.000,9999.000,9999.000,9999.000,9999.000,9999.000,9999.000
202604071454,  -0.077,9999.000,9999.000,9999.000,9999.000,9999.000,9999.000,9999.000,9999.000
202604071500,  -0.086,9999.000,   0.500,  -0.003,   0.411,   0.400,   0.311,   0.500,   0.411
202604071506,  -0.096,9999.000,9999.000,9999.000,9999.000,9999.000,9999.000,9999.000,9999.000
202604071512,  -0.105,9999.000,9999.000,9999.000,9999.000,9999.000,9999.000,9999.000,9999.000
202604071518,  -0.115,9999.000,9999.000,9999.000,9999.000,9999.000,9999.000,9999.000,9999.000
202604071524,  -0.124,9999.000,9999.000,9999.000,9999.000,9999.000,9999.000,9999.000,9999.000
202604071530,  -0.134,9999.000,9999.000,9999.000,9999.000,9999.000,9999.000,9999.000,9999.000
202604071536,  -0.143,9999.000,9999.000,9999.000,9999.000,9999.000,9999.000,9999.000,9999.000
202604071542,  -0.152,9999.000,9999.000,9999.000,9999.000,9999.000,9999.000,9999.000,9999.000
202604071548,  -0.162,9999.000,9999.000,9999.000,9999.000,9999.000,9999.000,9999.000,9999.000
202604071554,  -0.171,9999.000,9999.000,9999.000,9999.000,9999.000,9999.000,9999.000,9999.000
202604071600,  -0.180,9999.000,   0.500,  -0.003,   0.317,   0.400,   0.217,   0.500,   0.317
202604071606,  -0.189,9999.000,9999.000,9999.000,9999.000,9999.000,9999.000,9999.000,9999.000
202604071612,  -0.198,9999.000,9999.000,9999.000,9999.000,9999.000,9999.000,9999.000,9999.000
202604071618,  -0.207,9999.000,9999.000,9999.000,9999.000,9999.000,9999.000,9999.000,9999.000
202604071624,  -0.215,9999.000,9999.000,9999.000,9999.000,9999.000,9999.000,9999.000,9999.000
202604071630,  -0.224,9999.000,9999.000,9999.000,9999.000,9999.000,9999.000,9999.000,9999.000
202604071636,  -0.232,9999.000,9999.000,9999.000,9999.000,9999.000,9999.000,9999.000,9999.000
202604071642,  -0.240,9999.000,9999.000,9999.000,9999.000,9999.000,9999.000,9999.000,9999.000
202604071648,  -0.247,9999.000,9999.000,9999.000,9999.000,9999.000,9999.000,9999.000,9999.000
202604071654,  -0.255,9999.000,9999.000,9999.000,9999.000,9999.000,9999.000,9999.000,9999.000
202604071700,  -0.262,9999.000,   0.500,  -0.003,   0.235,   0.400,   0.135,   0.500,   0.235
202604071706,  -0.269,9999.000,9999.000,9999.000,9999.000,9999.000,9999.000,9999.000,9999.000
202604071712,  -0.276,9999.000,9999.000,9999.000,9999.000,9999.000,9999.000,9999.000,9999.000
202604071718,  -0.282,9999.000,9999.000,9999.000,9999.000,9999.000,9999.000,9999.000,9999.000
202604071724,  -0.288,9999.000,9999.000,9999.000,9999.000,9999.000,9999.000,9999.000,9999.000
202604071730,  -0.294,9999.000,9999.000,9999.000,9999.000,9999.000,9999.000,9999.000,9999.000
202604071736,  -0.299,9999.000,9999.000,9999.000,9999.000,9999.000,9999.000,9999.000,9999.000
202604071742,  -0.304,9999.000,9999.000,9999.000,9999.000,9999.000,9999.000,9999.000,9999.000
202604071748,  -0.308,9999.000,9999.000,9999.000,9999.000,9999.000,9999.000,9999.000,9999.000
202604071754,  -0.312,9999.000,9999.000,9999.000,9999.000,9999.000,9999.000,9999.000,9999.000
202604071800,  -0.316,9999.000,   0.500,  -0.003,   0.181,   0.400,   0.081,   0.500,   0.181
202604071806,  -0.320,9999.000,9999.000,9999.000,9999.000,9999.000,9999.000,9999.000,9999.000
202604071812,  -0.323,9999.000,9999.000,9999.000,9999.000,9999.000,9999.000,9999.000,9999.000
202604071818,  -0.325,9999.000,9999.000,9999.000,9999.000,9999.000,9999.000,9999.000,9999.000
202604071824,  -0.327,9999.000,9999.000,9999.000,9999.000,9999.000,9999.000,9999.000,9999.000
202604071830,  -0.329,9999.000,9999.000,9999.000,9999.000,9999.000,9999.000,9999.000,9999.000
202604071836,  -0.330,9999.000,9999.000,9999.000,9999.000,9999.000,9999.000,9999.000,9999.000
202604071842,  -0.331,9999.000,9999.000,9999.000,9999.000,9999.000,9999.000,9999.000,9999.000
202604071848,  -0.332,9999.000,9999.000,9999.000,9999.000,9999.000,9999.000,9999.000,9999.000
202604071854,  -0.332,9999.000,9999.000,9999.000,9999.000,9999.000,9999.000,9999.000,9999.000
202604071900,  -0.332,9999.000,   0.500,  -0.003,   0.165,   0.400,   0.065,   0.500,   0.165
202604071906,  -0.331,9999.000,9999.000,9999.000,9999.000,9999.000,9999.000,9999.000,9999.000
202604071912,  -0.330,9999.000,9999.000,9999.000,9999.000,9999.000,9999.000,9999.000,9999.000
202604071918,  -0.329,9999.000,9999.000,9999.000,9999.000,9999.000,9999.000,9999.000,9999.000
202604071924,  -0.327,9999.000,9999.000,9999.000,9999.000,9999.000,9999.000,9999.000,9999.000
202604071930,  -0.325,9999.000,9999.000,9999.000,9999.000,9999.000,9999.000,9999.000,9999.000
202604071936,  -0.323,9999.000,9999.000,9999.000,9999.000,9999.000,9999.000,9999.000,9999.000
202604071942,  -0.320,9999.000,9999.000,9999.000,9999.000,9999.000,9999.000,9999.000,9999.000
202604071948,  -0.317,9999.000,9999.000,9999.000,9999.000,9999.000,9999.000,9999.000,9999.000
202604071954,  -0.314,9999.000,9999.000,9999.000,9999.000,9999.000,9999.000,9999.000,9999.000
202604072000,  -0.310,9999.000,   0.500,  -0.003,   0.187,   0.400,   0.087,   0.500,   0.187
202604072006,  -0.306,9999.000,9999.000,9999.000,9999.000,9999.000,9999.000,9999.000,9999.000
202604072012,  -0.302,9999.000,9999.000,9999.000,9999.000,9999.000,9999.000,9999.000,9999.000
202604072018,  -0.297,9999.000,9999.000,9999.000,9999.000,9999.000,9999.000,9999.000,9999.000
202604072024,  -0.293,9999.000,9999.000,9999.000,9999.000,9999.000,9999.000,9999.000,9999.000
202604072030,  -0.288,9999.000,9999.000,9999.000,9999.000,9999.000,9999.000,9999.000,9999.000
202604072036,  -0.283,9999.000,9999.000,9999.000,9999.000,9999.000,9999.000,9999.000,9999.000
202604072042,  -0.278,9999.000,9999.000,9999.000,9999.000,9999.000,9999.000,9999.000,9999.000
202604072048,  -0.272,9999.000,9999.000,9999.000,9999.000,9999.000,9999.000,9999.000,9999.000
202604072054,  -0.267,9999.000,9999.000,9999.000,9999.000,9999.000,9999.000,9999.000,9999.000
202604072100,  -0.261,9999.000,   0.500,  -0.003,   0.236,   0.400,   0.136,   0.500,   0.236
202604072106,  -0.255,9999.000,9999.000,9999.000,9999.000,9999.000,9999.000,9999.000,9999.000
202604072112,  -0.249,9999.000,9999.000,9999.000,9999.000,9999.000,9999.000,9999.000,9999.000
202604072118,  -0.243,9999.000,9999.000,9999.000,9999.000,9999.000,9999.000,9999.000,9999.000
202604072124,  -0.236,9999.000,9999.000,9999.000,9999.000,9999.000,9999.000,9999.000,9999.000
202604072130,  -0.230,9999.000,9999.000,9999.000,9999.000,9999.000,9999.000,9999.000,9999.000
202604072136,  -0.223,9999.000,9999.000,9999.000,9999.000,9999.000,9999.000,9999.000,9999.000
202604072142,  -0.217,9999.000,9999.000,9999.000,9999.000,9999.000,9999.000,9999.000,9999.000
202604072148,  -0.210,9999.000,9999.000,9999.000,9999.000,9999.000,9999.000,9999.000,9999.000
202604072154,  -0.203,9999.000,9999.000,9999.000,9999.000,9999.000,9999.000,9999.000,9999.000
202604072200,  -0.196,9999.000,   0.400,  -0.003,   0.201,   0.400,   0.201,   0.500,   0.301
202604072206,  -0.189,9999.000,9999.000,9999.000,9999.000,9999.000,9999.000,9999.000,9999.000
202604072212,  -0.182,9999.000,9999.000,9999.000,9999.000,9999.000,9999.000,9999.000,9999.000
202604072218,  -0.175,9999.000,9999.000,9999.000,9999.000,9999.000,9999.000,9999.000,9999.000
202604072224,  -0.167,9999.000,9999.000,9999.000,9999.000,9999.000,9999.000,9999.000,9999.000
202604072230,  -0.160,9999.000,9999.000,9999.000,9999.000,9999.000,9999.000,9999.000,9999.000
202604072236,  -0.152,9999.000,9999.000,9999.000,9999.000,9999.000,9999.000,9999.000,9999.000
202604072242,  -0.145,9999.000,9999.000,9999.000,9999.000,9999.000,9999.000,9999.000,9999.000
202604072248,  -0.137,9999.000,9999.000,9999.000,9999.000,9999.000,9999.000,9999.000,9999.000
202604072254,  -0.129,9999.000,9999.000,9999.000,9999.000,9999.000,9999.000,9999.000,9999.000
202604072300,  -0.121,9999.000,   0.400,  -0.003,   0.276,   0.400,   0.276,   0.500,   0.376
202604072306,  -0.113,9999.000,9999.000,9999.000,9999.000,9999.000,9999.000,9999.000,9999.000
202604072312,  -0.105,9999.000,9999.000,9999.000,9999.000,9999.000,9999.000,9999.000,9999.000
202604072318,  -0.097,9999.000,9999.000,9999.000,9999.000,9999.000,9999.000,9999.000,9999.000
202604072324,  -0.088,9999.000,9999.000,9999.000,9999.000,9999.000,9999.000,9999.000,9999.000
202604072330,  -0.080,9999.000,9999.000,9999.000,9999.000,9999.000,9999.000,9999.000,9999.000
202604072336,  -0.071,9999.000,9999.000,9999.000,9999.000,9999.000,9999.000,9999.000,9999.000
202604072342,  -0.062,9999.000,9999.000,9999.000,9999.000,9999.000,9999.000,9999.000,9999.000
202604072348,  -0.053,9999.000,9999.000,9999.000,9999.000,9999.000,9999.000,9999.000,9999.000
202604072354,  -0.044,9999.000,9999.000,9999.000,9999.000,9999.000,9999.000,9999.000,9999.000
202604080000,  -0.035,9999.000,   0.400,  -0.003,   0.362,   0.400,   0.362,   0.500,   0.462
202604080006,  -0.025,9999.000,9999.000,9999.000,9999.000,9999.000,9999.000,9999.000,9999.000
202604080012,  -0.016,9999.000,9999.000,9999.000,9999.000,9999.000,9999.000,9999.000,9999.000
202604080018,  -0.006,9999.000,9999.000,9999.000,9999.000,9999.000,9999.000,9999.000,9999.000
202604080024,   0.002,9999.000,9999.000,9999.000,9999.000,9999.000,9999.000,9999.000,9999.000
202604080030,   0.012,9999.000,9999.000,9999.000,9999.000,9999.000,9999.000,9999.000,9999.000
202604080036,   0.022,9999.000,9999.000,9999.000,9999.000,9999.000,9999.000,9999.000,9999.000
202604080042,   0.032,9999.000,9999.000,9999.000,9999.000,9999.000,9999.000,9999.000,9999.000
202604080048,   0.042,9999.000,9999.000,9999.000,9999.000,9999.000,9999.000,9999.000,9999.000
202604080054,   0.052,9999.000,9999.000,9999.000,9999.000,9999.000,9999.000,9999.000,9999.000
202604080100,   0.062,9999.000,   0.400,  -0.003,   0.459,   0.400,   0.459,   0.400,   0.459
202604080106,   0.073,9999.000,9999.000,9999.000,9999.000,9999.000,9999.000,9999.000,9999.000
202604080112,   0.083,9999.000,9999.000,9999.000,9999.000,9999.000,9999.000,9999.000,9999.000
202604080118,   0.093,9999.000,9999.000,9999.000,9999.000,9999.000,9999.000,9999.000,9999.000
202604080124,   0.104,9999.000,9999.000,9999.000,9999.000,9999.000,9999.000,9999.000,9999.000
202604080130,   0.114,9999.000,9999.000,9999.000,9999.000,9999.000,9999.000,9999.000,9999.000
202604080136,   0.124,9999.000,9999.000,9999.000,9999.000,9999.000,9999.000,9999.000,9999.000
202604080142,   0.135,9999.000,9999.000,9999.000,9999.000,9999.000,9999.000,9999.000,9999.000
202604080148,   0.145,9999.000,9999.000,9999.000,9999.000,9999.000,9999.000,9999.000,9999.000
202604080154,   0.155,9999.000,9999.000,9999.000,9999.000,9999.000,9999.000,9999.000,9999.000
202604080200,   0.166,9999.000,   0.400,  -0.003,   0.563,   0.400,   0.563,   0.400,   0.563
202604080206,   0.176,9999.000,9999.000,9999.000,9999.000,9999.000,9999.000,9999.000,9999.000
202604080212,   0.186,9999.000,9999.000,9999.000,9999.000,9999.000,9999.000,9999.000,9999.000
202604080218,   0.196,9999.000,9999.000,9999.000,9999.000,9999.000,9999.000,9999.000,9999.000
202604080224,   0.205,9999.000,9999.000,9999.000,9999.000,9999.000,9999.000,9999.000,9999.000
202604080230,   0.215,9999.000,9999.000,9999.000,9999.000,9999.000,9999.000,9999.000,9999.000
202604080236,   0.224,9999.000,9999.000,9999.000,9999.000,9999.000,9999.000,9999.000,9999.000
202604080242,   0.234,9999.000,9999.000,9999.000,9999.000,9999.000,9999.000,9999.000,9999.000
202604080248,   0.243,9999.000,9999.000,9999.000,9999.000,9999.000,9999.000,9999.000,9999.000
202604080254,   0.251,9999.000,9999.000,9999.000,9999.000,9999.000,9999.000,9999.000,9999.000
202604080300,   0.260,9999.000,   0.400,  -0.003,   0.657,   0.400,   0.657,   0.400,   0.657
202604080306,   0.268,9999.000,9999.000,9999.000,9999.000,9999.000,9999.000,9999.000,9999.000
202604080312,   0.277,9999.000,9999.000,9999.000,9999.000,9999.000,9999.000,9999.000,9999.000
202604080318,   0.284,9999.000,9999.000,9999.000,9999.000,9999.000,9999.000,9999.000,9999.000
202604080324,   0.292,9999.000,9999.000,9999.000,9999.000,9999.000,9999.000,9999.000,9999.000
202604080330,   0.299,9999.000,9999.000,9999.000,9999.000,9999.000,9999.000,9999.000,9999.000
202604080336,   0.307,9999.000,9999.000,9999.000,9999.000,9999.000,9999.000,9999.000,9999.000
202604080342,   0.313,9999.000,9999.000,9999.000,9999.000,9999.000,9999.000,9999.000,9999.000
202604080348,   0.320,9999.000,9999.000,9999.000,9999.000,9999.000,9999.000,9999.000,9999.000
202604080354,   0.326,9999.000,9999.000,9999.000,9999.000,9999.000,9999.000,9999.000,9999.000
202604080400,   0.332,9999.000,   0.400,  -0.003,   0.729,   0.400,   0.729,   0.500,   0.829
202604080406,   0.338,9999.000,9999.000,9999.000,9999.000,9999.000,9999.000,9999.000,9999.000
202604080412,   0.343,9999.000,9999.000,9999.000,9999.000,9999.000,9999.000,9999.000,9999.000
202604080418,   0.348,9999.000,9999.000,9999.000,9999.000,9999.000,9999.000,9999.000,9999.000
202604080424,   0.353,9999.000,9999.000,9999.000,9999.000,9999.000,9999.000,9999.000,9999.000
202604080430,   0.357,9999.000,9999.000,9999.000,9999.000,9999.000,9999.000,9999.000,9999.000
202604080436,   0.361,9999.000,9999.000,9999.000,9999.000,9999.000,9999.000,9999.000,9999.000
202604080442,   0.365,9999.000,9999.000,9999.000,9999.000,9999.000,9999.000,9999.000,9999.000
202604080448,   0.369,9999.000,9999.000,9999.000,9999.000,9999.000,9999.000,9999.000,9999.000
202604080454,   0.372,9999.000,9999.000,9999.000,9999.000,9999.000,9999.000,9999.000,9999.000
202604080500,   0.375,9999.000,   0.400,  -0.003,   0.772,   0.400,   0.772,   0.500,   0.872
202604080506,   0.378,9999.000,9999.000,9999.000,9999.000,9999.000,9999.000,9999.000,9999.000
202604080512,   0.381,9999.000,9999.000,9999.000,9999.000,9999.000,9999.000,9999.000,9999.000
202604080518,   0.383,9999.000,9999.000,9999.000,9999.000,9999.000,9999.000,9999.000,9999.000
202604080524,   0.386,9999.000,9999.000,9999.000,9999.000,9999.000,9999.000,9999.000,9999.000
202604080530,   0.388,9999.000,9999.000,9999.000,9999.000,9999.000,9999.000,9999.000,9999.000
202604080536,   0.389,9999.000,9999.000,9999.000,9999.000,9999.000,9999.000,9999.000,9999.000
202604080542,   0.391,9999.000,9999.000,9999.000,9999.000,9999.000,9999.000,9999.000,9999.000
202604080548,   0.393,9999.000,9999.000,9999.000,9999.000,9999.000,9999.000,9999.000,9999.000
202604080554,   0.394,9999.000,9999.000,9999.000,9999.000,9999.000,9999.000,9999.000,9999.000
202604080600,   0.395,9999.000,   0.400,  -0.003,   0.792,   0.400,   0.792,   0.500,   0.892
202604080606,   0.396,9999.000,9999.000,9999.000,9999.000,9999.000,9999.000,9999.000,9999.000
202604080612,   0.397,9999.000,9999.000,9999.000,9999.000,9999.000,9999.000,9999.000,9999.000
202604080618,   0.397,9999.000,9999.000,9999.000,9999.000,9999.000,9999.000,9999.000,9999.000
202604080624,   0.398,9999.000,9999.000,9999.000,9999.000,9999.000,9999.000,9999.000,9999.000
202604080630,   0.399,9999.000,9999.000,9999.000,9999.000,9999.000,9999.000,9999.000,9999.000
202604080636,   0.399,9999.000,9999.000,9999.000,9999.000,9999.000,9999.000,9999.000,9999.000
202604080642,   0.399,9999.000,9999.000,9999.000,9999.000,9999.000,9999.000,9999.000,9999.000
202604080648,   0.399,9999.000,9999.000,9999.000,9999.000,9999.000,9999.000,9999.000,9999.000
202604080654,   0.399,9999.000,9999.000,9999.000,9999.000,9999.000,9999.000,9999.000,9999.000
202604080700,   0.399,9999.000,   0.400,  -0.003,   0.796,   0.400,   0.796,   0.500,   0.896
202604080706,   0.399,9999.000,9999.000,9999.000,9999.000,9999.000,9999.000,9999.000,9999.000
202604080712,   0.399,9999.000,9999.000,9999.000,9999.000,9999.000,9999.000,9999.000,9999.000
202604080718,   0.399,9999.000,9999.000,9999.000,9999.000,9999.000,9999.000,9999.000,9999.000
202604080724,   0.399,9999.000,9999.000,9999.000,9999.000,9999.000,9999.000,9999.000,9999.000
202604080730,   0.398,9999.000,9999.000,9999.000,9999.000,9999.000,9999.000,9999.000,9999.000
202604080736,   0.398,9999.000,9999.000,9999.000,9999.000,9999.000,9999.000,9999.000,9999.000
202604080742,   0.397,9999.000,9999.000,9999.000,9999.000,9999.000,9999.000,9999.000,9999.000
202604080748,   0.397,9999.000,9999.000,9999.000,9999.000,9999.000,9999.000,9999.000,9999.000
202604080754,   0.396,9999.000,9999.000,9999.000,9999.000,9999.000,9999.000,9999.000,9999.000
202604080800,   0.395,9999.000,   0.400,  -0.003,   0.792,   0.400,   0.792,   0.500,   0.892
202604080806,   0.394,9999.000,9999.000,9999.000,9999.000,9999.000,9999.000,9999.000,9999.000
202604080812,   0.393,9999.000,9999.000,9999.000,9999.000,9999.000,9999.000,9999.000,9999.000
202604080818,   0.392,9999.000,9999.000,9999.000,9999.000,9999.000,9999.000,9999.000,9999.000
202604080824,   0.391,9999.000,9999.000,9999.000,9999.000,9999.000,9999.000,9999.000,9999.000
202604080830,   0.389,9999.000,9999.000,9999.000,9999.000,9999.000,9999.000,9999.000,9999.000
202604080836,   0.388,9999.000,9999.000,9999.000,9999.000,9999.000,9999.000,9999.000,9999.000
202604080842,   0.386,9999.000,9999.000,9999.000,9999.000,9999.000,9999.000,9999.000,9999.000
202604080848,   0.384,9999.000,9999.000,9999.000,9999.000,9999.000,9999.000,9999.000,9999.000
202604080854,   0.382,9999.000,9999.000,9999.000,9999.000,9999.000,9999.000,9999.000,9999.000
202604080900,   0.380,9999.000,   0.400,  -0.003,   0.777,   0.400,   0.777,   0.500,   0.877
202604080906,   0.378,9999.000,9999.000,9999.000,9999.000,9999.000,9999.000,9999.000,9999.000
202604080912,   0.376,9999.000,9999.000,9999.000,9999.000,9999.000,9999.000,9999.000,9999.000
202604080918,   0.373,9999.000,9999.000,9999.000,9999.000,9999.000,9999.000,9999.000,9999.000
202604080924,   0.371,9999.000,9999.000,9999.000,9999.000,9999.000,9999.000,9999.000,9999.000
202604080930,   0.368,9999.000,9999.000,9999.000,9999.000,9999.000,9999.000,9999.000,9999.000
202604080936,   0.365,9999.000,9999.000,9999.000,9999.000,9999.000,9999.000,9999.000,9999.000
202604080942,   0.362,9999.000,9999.000,9999.000,9999.000,9999.000,9999.000,9999.000,9999.000
202604080948,   0.358,9999.000,9999.000,9999.000,9999.000,9999.000,9999.000,9999.000,9999.000
202604080954,   0.355,9999.000,9999.000,9999.000,9999.000,9999.000,9999.000,9999.000,9999.000
202604081000,   0.351,9999.000,   0.400,  -0.003,   0.748,   0.400,   0.748,   0.500,   0.848
202604081006,   0.347,9999.000,9999.000,9999.000,9999.000,9999.000,9999.000,9999.000,9999.000
202604081012,   0.343,9999.000,9999.000,9999.000,9999.000,9999.000,9999.000,9999.000,9999.000
202604081018,   0.338,9999.000,9999.000,9999.000,9999.000,9999.000,9999.000,9999.000,9999.000
202604081024,   0.334,9999.000,9999.000,9999.000,9999.000,9999.000,9999.000,9999.000,9999.000
202604081030,   0.330,9999.000,9999.000,9999.000,9999.000,9999.000,9999.000,9999.000,9999.000
202604081036,   0.324,9999.000,9999.000,9999.000,9999.000,9999.000,9999.000,9999.000,9999.000
202604081042,   0.319,9999.000,9999.000,9999.000,9999.000,9999.000,9999.000,9999.000,9999.000
202604081048,   0.314,9999.000,9999.000,9999.000,9999.000,9999.000,9999.000,9999.000,9999.000
202604081054,   0.308,9999.000,9999.000,9999.000,9999.000,9999.000,9999.000,9999.000,9999.000
202604081100,   0.303,9999.000,   0.400,  -0.003,   0.700,   0.400,   0.700,   0.500,   0.800
202604081106,   0.297,9999.000,9999.000,9999.000,9999.000,9999.000,9999.000,9999.000,9999.000
202604081112,   0.291,9999.000,9999.000,9999.000,9999.000,9999.000,9999.000,9999.000,9999.000
202604081118,   0.285,9999.000,9999.000,9999.000,9999.000,9999.000,9999.000,9999.000,9999.000
202604081124,   0.278,9999.000,9999.000,9999.000,9999.000,9999.000,9999.000,9999.000,9999.000
202604081130,   0.272,9999.000,9999.000,9999.000,9999.000,9999.000,9999.000,9999.000,9999.000
202604081136,   0.265,9999.000,9999.000,9999.000,9999.000,9999.000,9999.000,9999.000,9999.000
202604081142,   0.258,9999.000,9999.000,9999.000,9999.000,9999.000,9999.000,9999.000,9999.000
202604081148,   0.252,9999.000,9999.000,9999.000,9999.000,9999.000,9999.000,9999.000,9999.000
202604081154,   0.245,9999.000,9999.000,9999.000,9999.000,9999.000,9999.000,9999.000,9999.000
202604081200,   0.237,9999.000,   0.400,  -0.003,   0.634,   0.400,   0.634,   0.500,   0.734
202604081206,   0.230,9999.000,9999.000,9999.000,9999.000,9999.000,9999.000,9999.000,9999.000
202604081212,   0.223,9999.000,9999.000,9999.000,9999.000,9999.000,9999.000,9999.000,9999.000
202604081218,   0.215,9999.000,9999.000,9999.000,9999.000,9999.000,9999.000,9999.000,9999.000
202604081224,   0.208,9999.000,9999.000,9999.000,9999.000,9999.000,9999.000,9999.000,9999.000
202604081230,   0.200,9999.000,9999.000,9999.000,9999.000,9999.000,9999.000,9999.000,9999.000
202604081236,   0.192,9999.000,9999.000,9999.000,9999.000,9999.000,9999.000,9999.000,9999.000
202604081242,   0.185,9999.000,9999.000,9999.000,9999.000,9999.000,9999.000,9999.000,9999.000
202604081248,   0.177,9999.000,9999.000,9999.000,9999.000,9999.000,9999.000,9999.000,9999.000
202604081254,   0.169,9999.000,9999.000,9999.000,9999.000,9999.000,9999.000,9999.000,9999.000
202604081300,   0.161,9999.000,   0.400,  -0.003,   0.558,   0.400,   0.558,   0.500,   0.658
202604081306,   0.152,9999.000,9999.000,9999.000,9999.000,9999.000,9999.000,9999.000,9999.000
202604081312,   0.144,9999.000,9999.000,9999.000,9999.000,9999.000,9999.000,9999.000,9999.000
202604081318,   0.136,9999.000,9999.000,9999.000,9999.000,9999.000,9999.000,9999.000,9999.000
202604081324,   0.128,9999.000,9999.000,9999.000,9999.000,9999.000,9999.000,9999.000,9999.000
202604081330,   0.119,9999.000,9999.000,9999.000,9999.000,9999.000,9999.000,9999.000,9999.000
202604081336,   0.111,9999.000,9999.000,9999.000,9999.000,9999.000,9999.000,9999.000,9999.000
202604081342,   0.102,9999.000,9999.000,9999.000,9999.000,9999.000,9999.000,9999.000,9999.000
202604081348,   0.094,9999.000,9999.000,9999.000,9999.000,9999.000,9999.000,9999.000,9999.000
202604081354,   0.085,9999.000,9999.000,9999.000,9999.000,9999.000,9999.000,9999.000,9999.000
202604081400,   0.076,9999.000,   0.400,  -0.003,   0.473,   0.400,   0.473,   0.500,   0.573
202604081406,   0.068,9999.000,9999.000,9999.000,9999.000,9999.000,9999.000,9999.000,9999.000
202604081412,   0.059,9999.000,9999.000,9999.000,9999.000,9999.000,9999.000,9999.000,9999.000
202604081418,   0.050,9999.000,9999.000,9999.000,9999.000,9999.000,9999.000,9999.000,9999.000
202604081424,   0.041,9999.000,9999.000,9999.000,9999.000,9999.000,9999.000,9999.000,9999.000
202604081430,   0.032,9999.000,9999.000,9999.000,9999.000,9999.000,9999.000,9999.000,9999.000
202604081436,   0.023,9999.000,9999.000,9999.000,9999.000,9999.000,9999.000,9999.000,9999.000
202604081442,   0.014,9999.000,9999.000,9999.000,9999.000,9999.000,9999.000,9999.000,9999.000
202604081448,   0.005,9999.000,9999.000,9999.000,9999.000,9999.000,9999.000,9999.000,9999.000
202604081454,  -0.003,9999.000,9999.000,9999.000,9999.000,9999.000,9999.000,9999.000,9999.000
202604081500,  -0.012,9999.000,   0.400,  -0.003,   0.385,   0.400,   0.385,   0.500,   0.485
202604081506,  -0.021,9999.000,9999.000,9999.000,9999.000,9999.000,9999.000,9999.000,9999.000
202604081512,  -0.030,9999.000,9999.000,9999.000,9999.000,9999.000,9999.000,9999.000,9999.000
202604081518,  -0.040,9999.000,9999.000,9999.000,9999.000,9999.000,9999.000,9999.000,9999.000
202604081524,  -0.049,9999.000,9999.000,9999.000,9999.000,9999.000,9999.000,9999.000,9999.000
202604081530,  -0.058,9999.000,9999.000,9999.000,9999.000,9999.000,9999.000,9999.000,9999.000
202604081536,  -0.067,9999.000,9999.000,9999.000,9999.000,9999.000,9999.000,9999.000,9999.000
202604081542,  -0.076,9999.000,9999.000,9999.000,9999.000,9999.000,9999.000,9999.000,9999.000
202604081548,  -0.086,9999.000,9999.000,9999.000,9999.000,9999.000,9999.000,9999.000,9999.000
202604081554,  -0.095,9999.000,9999.000,9999.000,9999.000,9999.000,9999.000,9999.000,9999.000
202604081600,  -0.104,9999.000,   0.400,  -0.003,   0.293,   0.400,   0.293,   0.500,   0.393
202604081606,  -0.113,9999.000,9999.000,9999.000,9999.000,9999.000,9999.000,9999.000,9999.000
202604081612,  -0.122,9999.000,9999.000,9999.000,9999.000,9999.000,9999.000,9999.000,9999.000
202604081618,  -0.131,9999.000,9999.000,9999.000,9999.000,9999.000,9999.000,9999.000,9999.000
202604081624,  -0.140,9999.000,9999.000,9999.000,9999.000,9999.000,9999.000,9999.000,9999.000
202604081630,  -0.148,9999.000,9999.000,9999.000,9999.000,9999.000,9999.000,9999.000,9999.000
202604081636,  -0.157,9999.000,9999.000,9999.000,9999.000,9999.000,9999.000,9999.000,9999.000
202604081642,  -0.165,9999.000,9999.000,9999.000,9999.000,9999.000,9999.000,9999.000,9999.000
202604081648,  -0.174,9999.000,9999.000,9999.000,9999.000,9999.000,9999.000,9999.000,9999.000
202604081654,  -0.182,9999.000,9999.000,9999.000,9999.000,9999.000,9999.000,9999.000,9999.000
202604081700,  -0.190,9999.000,   0.400,  -0.003,   0.207,   0.400,   0.207,   0.500,   0.307
202604081706,  -0.198,9999.000,9999.000,9999.000,9999.000,9999.000,9999.000,9999.000,9999.000
202604081712,  -0.206,9999.000,9999.000,9999.000,9999.000,9999.000,9999.000,9999.000,9999.000
202604081718,  -0.213,9999.000,9999.000,9999.000,9999.000,9999.000,9999.000,9999.000,9999.000
202604081724,  -0.220,9999.000,9999.000,9999.000,9999.000,9999.000,9999.000,9999.000,9999.000
202604081730,  -0.227,9999.000,9999.000,9999.000,9999.000,9999.000,9999.000,9999.000,9999.000
202604081736,  -0.234,9999.000,9999.000,9999.000,9999.000,9999.000,9999.000,9999.000,9999.000
202604081742,  -0.240,9999.000,9999.000,9999.000,9999.000,9999.000,9999.000,9999.000,9999.000
202604081748,  -0.247,9999.000,9999.000,9999.000,9999.000,9999.000,9999.000,9999.000,9999.000
202604081754,  -0.253,9999.000,9999.000,9999.000,9999.000,9999.000,9999.000,9999.000,9999.000
202604081800,  -0.258,9999.000,   0.400,  -0.003,   0.139,   0.400,   0.139,   0.500,   0.239
202604081806,  -0.264,9999.000,9999.000,9999.000,9999.000,9999.000,9999.000,9999.000,9999.000
202604081812,  -0.269,9999.000,9999.000,9999.000,9999.000,9999.000,9999.000,9999.000,9999.000
202604081818,  -0.273,9999.000,9999.000,9999.000,9999.000,9999.000,9999.000,9999.000,9999.000
202604081824,  -0.278,9999.000,9999.000,9999.000,9999.000,9999.000,9999.000,9999.000,9999.000
202604081830,  -0.281,9999.000,9999.000,9999.000,9999.000,9999.000,9999.000,9999.000,9999.000
202604081836,  -0.285,9999.000,9999.000,9999.000,9999.000,9999.000,9999.000,9999.000,9999.000
202604081842,  -0.288,9999.000,9999.000,9999.000,9999.000,9999.000,9999.000,9999.000,9999.000
202604081848,  -0.291,9999.000,9999.000,9999.000,9999.000,9999.000,9999.000,9999.000,9999.000
202604081854,  -0.294,9999.000,9999.000,9999.000,9999.000,9999.000,9999.000,9999.000,9999.000
202604081900,  -0.296,9999.000,   0.400,  -0.003,   0.101,   0.400,   0.101,   0.500,   0.201
202604081906,  -0.298,9999.000,9999.000,9999.000,9999.000,9999.000,9999.000,9999.000,9999.000
202604081912,  -0.299,9999.000,9999.000,9999.000,9999.000,9999.000,9999.000,9999.000,9999.000
202604081918,  -0.300,9999.000,9999.000,9999.000,9999.000,9999.000,9999.000,9999.000,9999.000
202604081924,  -0.301,9999.000,9999.000,9999.000,9999.000,9999.000,9999.000,9999.000,9999.000
202604081930,  -0.301,9999.000,9999.000,9999.000,9999.000,9999.000,9999.000,9999.000,9999.000
202604081936,  -0.301,9999.000,9999.000,9999.000,9999.000,9999.000,9999.000,9999.000,9999.000
202604081942,  -0.301,9999.000,9999.000,9999.000,9999.000,9999.000,9999.000,9999.000,9999.000
202604081948,  -0.300,9999.000,9999.000,9999.000,9999.000,9999.000,9999.000,9999.000,9999.000
202604081954,  -0.299,9999.000,9999.000,9999.000,9999.000,9999.000,9999.000,9999.000,9999.000
202604082000,  -0.298,9999.000,   0.400,  -0.003,   0.099,   0.400,   0.099,   0.500,   0.199
202604082006,  -0.296,9999.000,9999.000,9999.000,9999.000,9999.000,9999.000,9999.000,9999.000
202604082012,  -0.294,9999.000,9999.000,9999.000,9999.000,9999.000,9999.000,9999.000,9999.000
202604082018,  -0.292,9999.000,9999.000,9999.000,9999.000,9999.000,9999.000,9999.000,9999.000
202604082024,  -0.289,9999.000,9999.000,9999.000,9999.000,9999.000,9999.000,9999.000,9999.000
202604082030,  -0.287,9999.000,9999.000,9999.000,9999.000,9999.000,9999.000,9999.000,9999.000
202604082036,  -0.283,9999.000,9999.000,9999.000,9999.000,9999.000,9999.000,9999.000,9999.000
202604082042,  -0.280,9999.000,9999.000,9999.000,9999.000,9999.000,9999.000,9999.000,9999.000
202604082048,  -0.277,9999.000,9999.000,9999.000,9999.000,9999.000,9999.000,9999.000,9999.000
202604082054,  -0.273,9999.000,9999.000,9999.000,9999.000,9999.000,9999.000,9999.000,9999.000
202604082100,  -0.269,9999.000,   0.400,  -0.003,   0.128,   0.400,   0.128,   0.500,   0.228
202604082106,  -0.264,9999.000,9999.000,9999.000,9999.000,9999.000,9999.000,9999.000,9999.000
202604082112,  -0.260,9999.000,9999.000,9999.000,9999.000,9999.000,9999.000,9999.000,9999.000
202604082118,  -0.255,9999.000,9999.000,9999.000,9999.000,9999.000,9999.000,9999.000,9999.000
202604082124,  -0.251,9999.000,9999.000,9999.000,9999.000,9999.000,9999.000,9999.000,9999.000
202604082130,  -0.246,9999.000,9999.000,9999.000,9999.000,9999.000,9999.000,9999.000,9999.000
202604082136,  -0.241,9999.000,9999.000,9999.000,9999.000,9999.000,9999.000,9999.000,9999.000
202604082142,  -0.235,9999.000,9999.000,9999.000,9999.000,9999.000,9999.000,9999.000,9999.000
202604082148,  -0.230,9999.000,9999.000,9999.000,9999.000,9999.000,9999.000,9999.000,9999.000
202604082154,  -0.224,9999.000,9999.000,9999.000,9999.000,9999.000,9999.000,9999.000,9999.000
202604082200,  -0.219,9999.000,   0.400,  -0.003,   0.178,   0.400,   0.178,   0.500,   0.278
202604082206,  -0.213,9999.000,9999.000,9999.000,9999.000,9999.000,9999.000,9999.000,9999.000
202604082212,  -0.207,9999.000,9999.000,9999.000,9999.000,9999.000,9999.000,9999.000,9999.000
202604082218,  -0.201,9999.000,9999.000,9999.000,9999.000,9999.000,9999.000,9999.000,9999.000
202604082224,  -0.195,9999.000,9999.000,9999.000,9999.000,9999.000,9999.000,9999.000,9999.000
202604082230,  -0.189,9999.000,9999.000,9999.000,9999.000,9999.000,9999.000,9999.000,9999.000
202604082236,  -0.183,9999.000,9999.000,9999.000,9999.000,9999.000,9999.000,9999.000,9999.000
202604082242,  -0.177,9999.000,9999.000,9999.000,9999.000,9999.000,9999.000,9999.000,9999.000
202604082248,  -0.171,9999.000,9999.000,9999.000,9999.000,9999.000,9999.000,9999.000,9999.000
202604082254,  -0.164,9999.000,9999.000,9999.000,9999.000,9999.000,9999.000,9999.000,9999.000
202604082300,  -0.158,9999.000,   0.400,  -0.003,   0.239,   0.400,   0.239,   0.500,   0.339
202604082306,  -0.151,9999.000,9999.000,9999.000,9999.000,9999.000,9999.000,9999.000,9999.000
202604082312,  -0.145,9999.000,9999.000,9999.000,9999.000,9999.000,9999.000,9999.000,9999.000
202604082318,  -0.138,9999.000,9999.000,9999.000,9999.000,9999.000,9999.000,9999.000,9999.000
202604082324,  -0.131,9999.000,9999.000,9999.000,9999.000,9999.000,9999.000,9999.000,9999.000
202604082330,  -0.124,9999.000,9999.000,9999.000,9999.000,9999.000,9999.000,9999.000,9999.000
202604082336,  -0.117,9999.000,9999.000,9999.000,9999.000,9999.000,9999.000,9999.000,9999.000
202604082342,  -0.110,9999.000,9999.000,9999.000,9999.000,9999.000,9999.000,9999.000,9999.000
202604082348,  -0.103,9999.000,9999.000,9999.000,9999.000,9999.000,9999.000,9999.000,9999.000
202604082354,  -0.096,9999.000,9999.000,9999.000,9999.000,9999.000,9999.000,9999.000,9999.000
202604090000,  -0.088,9999.000,   0.400,  -0.003,   0.309,   0.400,   0.309,   0.500,   0.409
