        TIME,    TIDE,      OB,   SURGE,    BIAS,     TWL,SURGE90p,  TWL90p,SURGE10p,   TWL10p
202603211800,   1.080,   1.518,   0.400,   0.038,   1.518,   0.300,   1.418,   0.400,   1.518
202603211806,   0.995,9999.000,9999.000,9999.000,9999.000,9999.000,9999.000,9999.000,9999.000
202603211812,   0.909,   1.439,9999.000,9999.000,9999.000,9999.000,9999.000,9999.000,9999.000
202603211818,   0.824,9999.000,9999.000,9999.000,9999.000,9999.000,9999.000,9999.000,9999.000
202603211824,   0.739,   1.249,9999.000,9999.000,9999.000,9999.000,9999.000,9999.000,9999.000
202603211830,   0.656,9999.000,9999.000,9999.000,9999.000,9999.000,9999.000,9999.000,9999.000
202603211836,   0.574,   1.088,9999.000,9999.000,9999.000,9999.000,9999.000,9999.000,9999.000
202603211842,   0.494,9999.000,9999.000,9999.000,9999.000,9999.000,9999.000,9999.000,9999.000
202603211848,   0.416,   0.961,9999.000,9999.000,9999.000,9999.000,9999.000,9999.000,9999.000
202603211854,   0.341,9999.000,9999.000,9999.000,9999.000,9999.000,9999.000,9999.000,9999.000
202603211900,   0.268,   0.829,   0.400,   0.161,   0.829,   0.300,   0.729,   0.500,   0.929
202603211906,   0.198,   0.639,9999.000,9999.000,9999.000,9999.000,9999.000,9999.000,9999.000
202603211912,   0.131,   0.619,9999.000,9999.000,9999.000,9999.000,9999.000,9999.000,9999.000
202603211918,   0.068,   0.590,9999.000,9999.000,9999.000,9999.000,9999.000,9999.000,9999.000
202603211924,   0.009,   0.531,9999.000,9999.000,9999.000,9999.000,9999.000,9999.000,9999.000
202603211930,  -0.045,   0.488,9999.000,9999.000,9999.000,9999.000,9999.000,9999.000,9999.000
202603211936,  -0.095,   0.390,9999.000,9999.000,9999.000,9999.000,9999.000,9999.000,9999.000
202603211942,  -0.142,   0.321,9999.000,9999.000,9999.000,9999.000,9999.000,9999.000,9999.000
202603211948,  -0.183,   0.321,9999.000,9999.000,9999.000,9999.000,9999.000,9999.000,9999.000
202603211954,  -0.220,   0.239,9999.000,9999.000,9999.000,9999.000,9999.000,9999.000,9999.000
202603212000,  -0.252,   0.219,   0.400,   0.071,   0.219,   0.400,   0.219,   0.500,   0.319
202603212006,  -0.278,   0.150,9999.000,9999.000,9999.000,9999.000,9999.000,9999.000,9999.000
202603212012,  -0.300,   0.121,9999.000,9999.000,9999.000,9999.000,9999.000,9999.000,9999.000
202603212018,  -0.317,   0.088,9999.000,9999.000,9999.000,9999.000,9999.000,9999.000,9999.000
202603212024,  -0.328,   0.068,9999.000,9999.000,9999.000,9999.000,9999.000,9999.000,9999.000
202603212030,  -0.334,   0.150,9999.000,9999.000,9999.000,9999.000,9999.000,9999.000,9999.000
202603212036,  -0.335,   0.088,9999.000,9999.000,9999.000,9999.000,9999.000,9999.000,9999.000
202603212042,  -0.331,   0.111,9999.000,9999.000,9999.000,9999.000,9999.000,9999.000,9999.000
202603212048,  -0.321,   0.059,9999.000,9999.000,9999.000,9999.000,9999.000,9999.000,9999.000
202603212054,  -0.307,   0.141,9999.000,9999.000,9999.000,9999.000,9999.000,9999.000,9999.000
202603212100,  -0.288,   0.190,   0.500,  -0.022,   0.190,   0.400,   0.090,   0.500,   0.190
202603212106,  -0.264,   0.370,9999.000,9999.000,9999.000,9999.000,9999.000,9999.000,9999.000
202603212112,  -0.235,   0.308,9999.000,9999.000,9999.000,9999.000,9999.000,9999.000,9999.000
202603212118,  -0.202,   0.350,9999.000,9999.000,9999.000,9999.000,9999.000,9999.000,9999.000
202603212124,  -0.165,   0.429,9999.000,9999.000,9999.000,9999.000,9999.000,9999.000,9999.000
202603212130,  -0.123,   0.419,9999.000,9999.000,9999.000,9999.000,9999.000,9999.000,9999.000
202603212136,  -0.078,   0.478,9999.000,9999.000,9999.000,9999.000,9999.000,9999.000,9999.000
202603212142,  -0.028,   0.619,9999.000,9999.000,9999.000,9999.000,9999.000,9999.000,9999.000
202603212148,   0.024,   0.570,9999.000,9999.000,9999.000,9999.000,9999.000,9999.000,9999.000
202603212154,   0.080,   0.541,9999.000,9999.000,9999.000,9999.000,9999.000,9999.000,9999.000
202603212200,   0.139,   0.551,   0.500,  -0.088,   0.551,   0.500,   0.551,   0.600,   0.651
202603212206,   0.202,   0.741,9999.000,9999.000,9999.000,9999.000,9999.000,9999.000,9999.000
202603212212,   0.267,   0.869,9999.000,9999.000,9999.000,9999.000,9999.000,9999.000,9999.000
202603212218,   0.335,   0.829,9999.000,9999.000,9999.000,9999.000,9999.000,9999.000,9999.000
202603212224,   0.405,   0.928,9999.000,9999.000,9999.000,9999.000,9999.000,9999.000,9999.000
202603212230,   0.477,   1.161,9999.000,9999.000,9999.000,9999.000,9999.000,9999.000,9999.000
202603212236,   0.551,   1.161,9999.000,9999.000,9999.000,9999.000,9999.000,9999.000,9999.000
202603212242,   0.627,   1.239,9999.000,9999.000,9999.000,9999.000,9999.000,9999.000,9999.000
202603212248,   0.704,   1.308,9999.000,9999.000,9999.000,9999.000,9999.000,9999.000,9999.000
202603212254,   0.782,   1.348,9999.000,9999.000,9999.000,9999.000,9999.000,9999.000,9999.000
202603212300,   0.862,   1.390,   0.600,  -0.072,   1.390,   0.500,   1.290,   0.600,   1.390
202603212306,   0.942,   1.590,9999.000,9999.000,9999.000,9999.000,9999.000,9999.000,9999.000
202603212312,   1.023,   1.610,9999.000,9999.000,9999.000,9999.000,9999.000,9999.000,9999.000
202603212318,   1.104,   1.748,9999.000,9999.000,9999.000,9999.000,9999.000,9999.000,9999.000
202603212324,   1.185,   1.830,9999.000,9999.000,9999.000,9999.000,9999.000,9999.000,9999.000
202603212330,   1.266,   1.869,9999.000,9999.000,9999.000,9999.000,9999.000,9999.000,9999.000
202603212336,   1.348,   1.810,9999.000,9999.000,9999.000,9999.000,9999.000,9999.000,9999.000
202603212342,   1.428,   1.899,9999.000,9999.000,9999.000,9999.000,9999.000,9999.000,9999.000
202603212348,   1.509,   2.010,9999.000,9999.000,9999.000,9999.000,9999.000,9999.000,9999.000
202603212354,   1.588,   2.089,9999.000,9999.000,9999.000,9999.000,9999.000,9999.000,9999.000
202603220000,   1.667,   2.200,   0.500,   0.033,   2.200,   0.400,   2.100,   0.600,   2.300
202603220006,   1.744,   2.299,9999.000,9999.000,9999.000,9999.000,9999.000,9999.000,9999.000
202603220012,   1.821,   2.328,9999.000,9999.000,9999.000,9999.000,9999.000,9999.000,9999.000
202603220018,   1.896,   2.420,9999.000,9999.000,9999.000,9999.000,9999.000,9999.000,9999.000
202603220024,   1.970,   2.440,9999.000,9999.000,9999.000,9999.000,9999.000,9999.000,9999.000
202603220030,   2.042,   2.568,9999.000,9999.000,9999.000,9999.000,9999.000,9999.000,9999.000
202603220036,   2.112,   2.538,9999.000,9999.000,9999.000,9999.000,9999.000,9999.000,9999.000
202603220042,   2.180,   2.630,9999.000,9999.000,9999.000,9999.000,9999.000,9999.000,9999.000
202603220048,   2.247,   2.738,9999.000,9999.000,9999.000,9999.000,9999.000,9999.000,9999.000
202603220054,   2.312,   2.807,9999.000,9999.000,9999.000,9999.000,9999.000,9999.000,9999.000
202603220100,   2.374,   2.899,   0.500,   0.025,   2.899,   0.500,   2.899,   0.600,   2.999
202603220106,   2.434,   2.958,9999.000,9999.000,9999.000,9999.000,9999.000,9999.000,9999.000
202603220112,   2.492,   3.099,9999.000,9999.000,9999.000,9999.000,9999.000,9999.000,9999.000
202603220118,   2.548,   3.168,9999.000,9999.000,9999.000,9999.000,9999.000,9999.000,9999.000
202603220124,   2.601,   3.188,9999.000,9999.000,9999.000,9999.000,9999.000,9999.000,9999.000
202603220130,   2.652,   3.188,9999.000,9999.000,9999.000,9999.000,9999.000,9999.000,9999.000
202603220136,   2.700,   3.309,9999.000,9999.000,9999.000,9999.000,9999.000,9999.000,9999.000
202603220142,   2.746,   3.378,9999.000,9999.000,9999.000,9999.000,9999.000,9999.000,9999.000
202603220148,   2.789,   3.368,9999.000,9999.000,9999.000,9999.000,9999.000,9999.000,9999.000
202603220154,   2.830,   3.348,9999.000,9999.000,9999.000,9999.000,9999.000,9999.000,9999.000
202603220200,   2.868,   3.460,   0.500,   0.092,   3.460,   0.500,   3.460,   0.600,   3.560
202603220206,   2.903,   3.598,9999.000,9999.000,9999.000,9999.000,9999.000,9999.000,9999.000
202603220212,   2.936,   3.607,9999.000,9999.000,9999.000,9999.000,9999.000,9999.000,9999.000
202603220218,   2.966,   3.548,9999.000,9999.000,9999.000,9999.000,9999.000,9999.000,9999.000
202603220224,   2.993,   3.689,9999.000,9999.000,9999.000,9999.000,9999.000,9999.000,9999.000
202603220230,   3.017,   3.680,9999.000,9999.000,9999.000,9999.000,9999.000,9999.000,9999.000
202603220236,   3.039,   3.637,9999.000,9999.000,9999.000,9999.000,9999.000,9999.000,9999.000
202603220242,   3.058,   3.637,9999.000,9999.000,9999.000,9999.000,9999.000,9999.000,9999.000
202603220248,   3.074,   3.719,9999.000,9999.000,9999.000,9999.000,9999.000,9999.000,9999.000
202603220254,   3.088,   3.729,9999.000,9999.000,9999.000,9999.000,9999.000,9999.000,9999.000
202603220300,   3.098,   3.709,   0.500,   0.111,   3.709,   0.500,   3.709,   0.600,   3.809
202603220306,   3.106,   3.680,9999.000,9999.000,9999.000,9999.000,9999.000,9999.000,9999.000
202603220312,   3.111,   3.768,9999.000,9999.000,9999.000,9999.000,9999.000,9999.000,9999.000
202603220318,   3.112,   3.719,9999.000,9999.000,9999.000,9999.000,9999.000,9999.000,9999.000
202603220324,   3.111,   3.768,9999.000,9999.000,9999.000,9999.000,9999.000,9999.000,9999.000
202603220330,   3.107,   3.870,9999.000,9999.000,9999.000,9999.000,9999.000,9999.000,9999.000
202603220336,   3.100,   3.817,9999.000,9999.000,9999.000,9999.000,9999.000,9999.000,9999.000
202603220342,   3.089,   3.808,9999.000,9999.000,9999.000,9999.000,9999.000,9999.000,9999.000
202603220348,   3.076,   3.729,9999.000,9999.000,9999.000,9999.000,9999.000,9999.000,9999.000
202603220354,   3.059,   3.798,9999.000,9999.000,9999.000,9999.000,9999.000,9999.000,9999.000
202603220400,   3.038,   3.837,   0.500,   0.299,   3.837,   0.500,   3.837,   0.600,   3.937
202603220406,   3.015,   3.798,9999.000,9999.000,9999.000,9999.000,9999.000,9999.000,9999.000
202603220412,   2.988,   3.660,9999.000,9999.000,9999.000,9999.000,9999.000,9999.000,9999.000
202603220418,   2.958,   3.729,9999.000,9999.000,9999.000,9999.000,9999.000,9999.000,9999.000
202603220424,   2.924,   3.729,9999.000,9999.000,9999.000,9999.000,9999.000,9999.000,9999.000
202603220430,   2.887,   3.627,9999.000,9999.000,9999.000,9999.000,9999.000,9999.000,9999.000
202603220436,   2.846,   3.637,9999.000,9999.000,9999.000,9999.000,9999.000,9999.000,9999.000
202603220442,   2.802,   3.480,9999.000,9999.000,9999.000,9999.000,9999.000,9999.000,9999.000
202603220448,   2.754,   3.378,9999.000,9999.000,9999.000,9999.000,9999.000,9999.000,9999.000
202603220454,   2.703,   3.309,9999.000,9999.000,9999.000,9999.000,9999.000,9999.000,9999.000
202603220500,   2.649,   3.329,   0.600,   0.080,   3.329,   0.500,   3.229,   0.600,   3.329
202603220506,   2.591,   3.207,9999.000,9999.000,9999.000,9999.000,9999.000,9999.000,9999.000
202603220512,   2.530,   3.030,9999.000,9999.000,9999.000,9999.000,9999.000,9999.000,9999.000
202603220518,   2.465,   3.007,9999.000,9999.000,9999.000,9999.000,9999.000,9999.000,9999.000
202603220524,   2.398,   3.030,9999.000,9999.000,9999.000,9999.000,9999.000,9999.000,9999.000
202603220530,   2.327,   2.869,9999.000,9999.000,9999.000,9999.000,9999.000,9999.000,9999.000
202603220536,   2.254,   2.797,9999.000,9999.000,9999.000,9999.000,9999.000,9999.000,9999.000
202603220542,   2.177,   2.787,9999.000,9999.000,9999.000,9999.000,9999.000,9999.000,9999.000
202603220548,   2.099,   2.679,9999.000,9999.000,9999.000,9999.000,9999.000,9999.000,9999.000
202603220554,   2.018,   2.597,9999.000,9999.000,9999.000,9999.000,9999.000,9999.000,9999.000
202603220600,   1.935,   2.519,   0.500,   0.084,   2.519,   0.500,   2.519,   0.600,   2.619
202603220606,   1.850,   2.450,9999.000,9999.000,9999.000,9999.000,9999.000,9999.000,9999.000
202603220612,   1.763,   2.377,9999.000,9999.000,9999.000,9999.000,9999.000,9999.000,9999.000
202603220618,   1.675,   2.259,9999.000,9999.000,9999.000,9999.000,9999.000,9999.000,9999.000
202603220624,   1.586,   2.240,9999.000,9999.000,9999.000,9999.000,9999.000,9999.000,9999.000
202603220630,   1.496,   2.200,9999.000,9999.000,9999.000,9999.000,9999.000,9999.000,9999.000
202603220636,   1.406,   2.148,9999.000,9999.000,9999.000,9999.000,9999.000,9999.000,9999.000
202603220642,   1.315,   2.030,9999.000,9999.000,9999.000,9999.000,9999.000,9999.000,9999.000
202603220648,   1.225,   1.830,9999.000,9999.000,9999.000,9999.000,9999.000,9999.000,9999.000
202603220654,   1.135,   1.800,9999.000,9999.000,9999.000,9999.000,9999.000,9999.000,9999.000
202603220700,   1.046,   1.699,   0.500,   0.153,   1.699,   0.500,   1.699,   0.600,   1.799
202603220706,   0.958,   1.580,9999.000,9999.000,9999.000,9999.000,9999.000,9999.000,9999.000
202603220712,   0.872,   1.571,9999.000,9999.000,9999.000,9999.000,9999.000,9999.000,9999.000
202603220718,   0.787,   1.469,9999.000,9999.000,9999.000,9999.000,9999.000,9999.000,9999.000
202603220724,   0.705,   1.459,9999.000,9999.000,9999.000,9999.000,9999.000,9999.000,9999.000
202603220730,   0.624,   1.259,9999.000,9999.000,9999.000,9999.000,9999.000,9999.000,9999.000
202603220736,   0.547,   1.239,9999.000,9999.000,9999.000,9999.000,9999.000,9999.000,9999.000
202603220742,   0.472,   1.279,9999.000,9999.000,9999.000,9999.000,9999.000,9999.000,9999.000
202603220748,   0.401,   1.098,9999.000,9999.000,9999.000,9999.000,9999.000,9999.000,9999.000
202603220754,   0.333,   1.039,9999.000,9999.000,9999.000,9999.000,9999.000,9999.000,9999.000
202603220800,   0.268,   0.961,   0.500,   0.193,   0.961,   0.500,   0.961,   0.600,   1.061
202603220806,   0.208,   0.951,9999.000,9999.000,9999.000,9999.000,9999.000,9999.000,9999.000
202603220812,   0.151,   0.869,9999.000,9999.000,9999.000,9999.000,9999.000,9999.000,9999.000
202603220818,   0.099,   0.810,9999.000,9999.000,9999.000,9999.000,9999.000,9999.000,9999.000
202603220824,   0.051,   0.770,9999.000,9999.000,9999.000,9999.000,9999.000,9999.000,9999.000
202603220830,   0.008,   0.708,9999.000,9999.000,9999.000,9999.000,9999.000,9999.000,9999.000
202603220836,  -0.030,   0.580,9999.000,9999.000,9999.000,9999.000,9999.000,9999.000,9999.000
202603220842,  -0.064,   0.678,9999.000,9999.000,9999.000,9999.000,9999.000,9999.000,9999.000
202603220848,  -0.093,   0.518,9999.000,9999.000,9999.000,9999.000,9999.000,9999.000,9999.000
202603220854,  -0.117,   0.560,9999.000,9999.000,9999.000,9999.000,9999.000,9999.000,9999.000
202603220900,  -0.137,   0.488,   0.600,   0.025,   0.488,   0.500,   0.388,   0.600,   0.488
202603220906,  -0.152,   0.508,9999.000,9999.000,9999.000,9999.000,9999.000,9999.000,9999.000
202603220912,  -0.162,   0.478,9999.000,9999.000,9999.000,9999.000,9999.000,9999.000,9999.000
202603220918,  -0.168,   0.449,9999.000,9999.000,9999.000,9999.000,9999.000,9999.000,9999.000
202603220924,  -0.169,   0.498,9999.000,9999.000,9999.000,9999.000,9999.000,9999.000,9999.000
202603220930,  -0.165,   0.469,9999.000,9999.000,9999.000,9999.000,9999.000,9999.000,9999.000
202603220936,  -0.157,   0.570,9999.000,9999.000,9999.000,9999.000,9999.000,9999.000,9999.000
202603220942,  -0.145,   0.698,9999.000,9999.000,9999.000,9999.000,9999.000,9999.000,9999.000
202603220948,  -0.128,   0.469,9999.000,9999.000,9999.000,9999.000,9999.000,9999.000,9999.000
202603220954,  -0.107,   0.570,9999.000,9999.000,9999.000,9999.000,9999.000,9999.000,9999.000
202603221000,  -0.083,   0.560,   0.600,   0.043,   0.560,   0.500,   0.460,   0.600,   0.560
202603221006,  -0.054,   0.459,9999.000,9999.000,9999.000,9999.000,9999.000,9999.000,9999.000
202603221012,  -0.022,   0.610,9999.000,9999.000,9999.000,9999.000,9999.000,9999.000,9999.000
202603221018,   0.013,   0.619,9999.000,9999.000,9999.000,9999.000,9999.000,9999.000,9999.000
202603221024,   0.052,   0.590,9999.000,9999.000,9999.000,9999.000,9999.000,9999.000,9999.000
202603221030,   0.094,   0.570,9999.000,9999.000,9999.000,9999.000,9999.000,9999.000,9999.000
202603221036,   0.139,   0.629,9999.000,9999.000,9999.000,9999.000,9999.000,9999.000,9999.000
202603221042,   0.187,   0.741,9999.000,9999.000,9999.000,9999.000,9999.000,9999.000,9999.000
202603221048,   0.237,   0.760,9999.000,9999.000,9999.000,9999.000,9999.000,9999.000,9999.000
202603221054,   0.290,   0.859,9999.000,9999.000,9999.000,9999.000,9999.000,9999.000,9999.000
202603221100,   0.345,   0.898,   0.600,  -0.047,   0.898,   0.500,   0.798,   0.600,   0.898
202603221106,   0.402,   1.151,9999.000,9999.000,9999.000,9999.000,9999.000,9999.000,9999.000
202603221112,   0.460,   1.170,9999.000,9999.000,9999.000,9999.000,9999.000,9999.000,9999.000
202603221118,   0.521,   1.108,9999.000,9999.000,9999.000,9999.000,9999.000,9999.000,9999.000
202603221124,   0.582,   1.059,9999.000,9999.000,9999.000,9999.000,9999.000,9999.000,9999.000
202603221130,   0.645,   1.128,9999.000,9999.000,9999.000,9999.000,9999.000,9999.000,9999.000
202603221136,   0.709,   1.318,9999.000,9999.000,9999.000,9999.000,9999.000,9999.000,9999.000
202603221142,   0.774,   1.439,9999.000,9999.000,9999.000,9999.000,9999.000,9999.000,9999.000
202603221148,   0.840,   1.390,9999.000,9999.000,9999.000,9999.000,9999.000,9999.000,9999.000
202603221154,   0.906,   1.508,9999.000,9999.000,9999.000,9999.000,9999.000,9999.000,9999.000
202603221200,   0.972,   1.610,   0.600,   0.038,   1.610,   0.600,   1.610,   0.600,   1.610
202603221206,   1.038,   1.679,9999.000,9999.000,9999.000,9999.000,9999.000,9999.000,9999.000
202603221212,   1.105,   1.830,9999.000,9999.000,9999.000,9999.000,9999.000,9999.000,9999.000
202603221218,   1.171,   1.849,9999.000,9999.000,9999.000,9999.000,9999.000,9999.000,9999.000
202603221224,   1.237,   1.908,9999.000,9999.000,9999.000,9999.000,9999.000,9999.000,9999.000
202603221230,   1.302,   1.958,9999.000,9999.000,9999.000,9999.000,9999.000,9999.000,9999.000
202603221236,   1.367,   1.990,9999.000,9999.000,9999.000,9999.000,9999.000,9999.000,9999.000
202603221242,   1.431,   1.981,9999.000,9999.000,9999.000,9999.000,9999.000,9999.000,9999.000
202603221248,   1.493,   2.128,9999.000,9999.000,9999.000,9999.000,9999.000,9999.000,9999.000
202603221254,   1.555,   2.328,9999.000,9999.000,9999.000,9999.000,9999.000,9999.000,9999.000
202603221300,   1.616,   2.279,   0.600,   0.063,   2.279,   0.600,   2.279,   0.600,   2.279
202603221306,   1.675,   2.328,9999.000,9999.000,9999.000,9999.000,9999.000,9999.000,9999.000
202603221312,   1.733,   2.318,9999.000,9999.000,9999.000,9999.000,9999.000,9999.000,9999.000
202603221318,   1.789,   2.440,9999.000,9999.000,9999.000,9999.000,9999.000,9999.000,9999.000
202603221324,   1.843,   2.528,9999.000,9999.000,9999.000,9999.000,9999.000,9999.000,9999.000
202603221330,   1.896,   2.587,9999.000,9999.000,9999.000,9999.000,9999.000,9999.000,9999.000
202603221336,   1.946,   2.640,9999.000,9999.000,9999.000,9999.000,9999.000,9999.000,9999.000
202603221342,   1.995,   2.719,9999.000,9999.000,9999.000,9999.000,9999.000,9999.000,9999.000
202603221348,   2.042,   2.840,9999.000,9999.000,9999.000,9999.000,9999.000,9999.000,9999.000
202603221354,   2.086,   2.899,9999.000,9999.000,9999.000,9999.000,9999.000,9999.000,9999.000
202603221400,   2.129,   2.797,   0.600,   0.068,   2.797,   0.600,   2.797,   0.600,   2.797
202603221406,   2.169,   2.938,9999.000,9999.000,9999.000,9999.000,9999.000,9999.000,9999.000
202603221412,   2.207,   3.030,9999.000,9999.000,9999.000,9999.000,9999.000,9999.000,9999.000
202603221418,   2.242,   3.060,9999.000,9999.000,9999.000,9999.000,9999.000,9999.000,9999.000
202603221424,   2.276,   3.079,9999.000,9999.000,9999.000,9999.000,9999.000,9999.000,9999.000
202603221430,   2.306,   3.138,9999.000,9999.000,9999.000,9999.000,9999.000,9999.000,9999.000
202603221436,   2.335,   3.197,9999.000,9999.000,9999.000,9999.000,9999.000,9999.000,9999.000
202603221442,   2.361,   3.279,9999.000,9999.000,9999.000,9999.000,9999.000,9999.000,9999.000
202603221448,   2.384,   3.230,9999.000,9999.000,9999.000,9999.000,9999.000,9999.000,9999.000
202603221454,   2.405,   3.240,9999.000,9999.000,9999.000,9999.000,9999.000,9999.000,9999.000
202603221500,   2.423,   3.319,   0.600,   0.296,   3.319,   0.600,   3.319,   0.600,   3.319
202603221506,   2.439,   3.339,9999.000,9999.000,9999.000,9999.000,9999.000,9999.000,9999.000
202603221512,   2.452,   3.329,9999.000,9999.000,9999.000,9999.000,9999.000,9999.000,9999.000
202603221518,   2.462,   3.348,9999.000,9999.000,9999.000,9999.000,9999.000,9999.000,9999.000
202603221524,   2.470,   3.319,9999.000,9999.000,9999.000,9999.000,9999.000,9999.000,9999.000
202603221530,   2.475,   3.319,9999.000,9999.000,9999.000,9999.000,9999.000,9999.000,9999.000
202603221536,   2.477,   3.440,9999.000,9999.000,9999.000,9999.000,9999.000,9999.000,9999.000
202603221542,   2.477,   3.329,9999.000,9999.000,9999.000,9999.000,9999.000,9999.000,9999.000
202603221548,   2.474,   3.407,9999.000,9999.000,9999.000,9999.000,9999.000,9999.000,9999.000
202603221554,   2.467,   3.270,9999.000,9999.000,9999.000,9999.000,9999.000,9999.000,9999.000
202603221600,   2.458,   3.388,   0.600,   0.330,   3.388,   0.600,   3.388,   0.600,   3.388
202603221606,   2.446,   3.388,9999.000,9999.000,9999.000,9999.000,9999.000,9999.000,9999.000
202603221612,   2.431,   3.299,9999.000,9999.000,9999.000,9999.000,9999.000,9999.000,9999.000
202603221618,   2.413,   3.299,9999.000,9999.000,9999.000,9999.000,9999.000,9999.000,9999.000
202603221624,   2.392,   3.440,9999.000,9999.000,9999.000,9999.000,9999.000,9999.000,9999.000
202603221630,   2.368,   3.440,9999.000,9999.000,9999.000,9999.000,9999.000,9999.000,9999.000
202603221636,   2.341,   3.358,9999.000,9999.000,9999.000,9999.000,9999.000,9999.000,9999.000
202603221642,   2.311,   3.260,9999.000,9999.000,9999.000,9999.000,9999.000,9999.000,9999.000
202603221648,   2.277,   3.299,9999.000,9999.000,9999.000,9999.000,9999.000,9999.000,9999.000
202603221654,   2.241,   3.129,9999.000,9999.000,9999.000,9999.000,9999.000,9999.000,9999.000
202603221700,   2.201,   3.030,   0.600,   0.229,   3.030,   0.600,   3.030,   0.600,   3.030
202603221706,   2.158,   3.099,9999.000,9999.000,9999.000,9999.000,9999.000,9999.000,9999.000
202603221712,   2.112,   3.007,9999.000,9999.000,9999.000,9999.000,9999.000,9999.000,9999.000
202603221718,   2.063,   2.978,9999.000,9999.000,9999.000,9999.000,9999.000,9999.000,9999.000
202603221724,   2.011,   2.879,9999.000,9999.000,9999.000,9999.000,9999.000,9999.000,9999.000
202603221730,   1.956,   2.719,9999.000,9999.000,9999.000,9999.000,9999.000,9999.000,9999.000
202603221736,   1.898,   2.669,9999.000,9999.000,9999.000,9999.000,9999.000,9999.000,9999.000
202603221742,   1.837,   2.640,9999.000,9999.000,9999.000,9999.000,9999.000,9999.000,9999.000
202603221748,   1.774,   2.519,9999.000,9999.000,9999.000,9999.000,9999.000,9999.000,9999.000
202603221754,   1.708,   2.499,9999.000,9999.000,9999.000,9999.000,9999.000,9999.000,9999.000
202603221800,   1.639,   2.430,   0.600,   0.191,   2.430,   0.600,   2.430,   0.700,   2.530
202603221806,   1.569,   2.499,9999.000,9999.000,9999.000,9999.000,9999.000,9999.000,9999.000
202603221812,   1.496,   2.387,9999.000,9999.000,9999.000,9999.000,9999.000,9999.000,9999.000
202603221818,   1.422,   2.420,9999.000,9999.000,9999.000,9999.000,9999.000,9999.000,9999.000
202603221824,   1.346,   2.279,9999.000,9999.000,9999.000,9999.000,9999.000,9999.000,9999.000
202603221830,   1.269,   2.210,9999.000,9999.000,9999.000,9999.000,9999.000,9999.000,9999.000
202603221836,   1.191,   2.089,9999.000,9999.000,9999.000,9999.000,9999.000,9999.000,9999.000
202603221842,   1.112,   2.040,9999.000,9999.000,9999.000,9999.000,9999.000,9999.000,9999.000
202603221848,   1.033,   2.049,9999.000,9999.000,9999.000,9999.000,9999.000,9999.000,9999.000
202603221854,   0.953,   1.840,9999.000,9999.000,9999.000,9999.000,9999.000,9999.000,9999.000
202603221900,   0.873,   1.781,   0.600,   0.308,   1.781,   0.600,   1.781,   0.700,   1.881
202603221906,   0.794,   1.718,9999.000,9999.000,9999.000,9999.000,9999.000,9999.000,9999.000
202603221912,   0.716,   1.557,9999.000,9999.000,9999.000,9999.000,9999.000,9999.000,9999.000
202603221918,   0.638,   1.449,9999.000,9999.000,9999.000,9999.000,9999.000,9999.000,9999.000
202603221924,   0.562,   1.420,9999.000,9999.000,9999.000,9999.000,9999.000,9999.000,9999.000
202603221930,   0.488,   1.338,9999.000,9999.000,9999.000,9999.000,9999.000,9999.000,9999.000
202603221936,   0.416,   1.338,9999.000,9999.000,9999.000,9999.000,9999.000,9999.000,9999.000
202603221942,   0.346,   1.200,9999.000,9999.000,9999.000,9999.000,9999.000,9999.000,9999.000
202603221948,   0.278,   1.170,9999.000,9999.000,9999.000,9999.000,9999.000,9999.000,9999.000
202603221954,   0.214,   1.108,9999.000,9999.000,9999.000,9999.000,9999.000,9999.000,9999.000
202603222000,   0.152,   1.020,   0.600,   0.268,   1.020,   0.600,   1.020,   0.700,   1.120
202603222006,   0.094,   0.990,9999.000,9999.000,9999.000,9999.000,9999.000,9999.000,9999.000
202603222012,   0.040,   0.980,9999.000,9999.000,9999.000,9999.000,9999.000,9999.000,9999.000
202603222018,  -0.010,   0.908,9999.000,9999.000,9999.000,9999.000,9999.000,9999.000,9999.000
202603222024,  -0.056,   0.951,9999.000,9999.000,9999.000,9999.000,9999.000,9999.000,9999.000
202603222030,  -0.098,   0.790,9999.000,9999.000,9999.000,9999.000,9999.000,9999.000,9999.000
202603222036,  -0.136,   0.688,9999.000,9999.000,9999.000,9999.000,9999.000,9999.000,9999.000
202603222042,  -0.169,   0.741,9999.000,9999.000,9999.000,9999.000,9999.000,9999.000,9999.000
202603222048,  -0.197,   0.780,9999.000,9999.000,9999.000,9999.000,9999.000,9999.000,9999.000
202603222054,  -0.220,   0.678,9999.000,9999.000,9999.000,9999.000,9999.000,9999.000,9999.000
202603222100,  -0.239,   0.751,   0.600,   0.390,   0.751,   0.600,   0.751,   0.600,   0.751
202603222106,  -0.253,   0.639,9999.000,9999.000,9999.000,9999.000,9999.000,9999.000,9999.000
202603222112,  -0.262,   0.708,9999.000,9999.000,9999.000,9999.000,9999.000,9999.000,9999.000
202603222118,  -0.266,   0.639,9999.000,9999.000,9999.000,9999.000,9999.000,9999.000,9999.000
202603222124,  -0.265,   0.570,9999.000,9999.000,9999.000,9999.000,9999.000,9999.000,9999.000
202603222130,  -0.259,   0.508,9999.000,9999.000,9999.000,9999.000,9999.000,9999.000,9999.000
202603222136,  -0.248,   0.619,9999.000,9999.000,9999.000,9999.000,9999.000,9999.000,9999.000
202603222142,  -0.232,   0.629,9999.000,9999.000,9999.000,9999.000,9999.000,9999.000,9999.000
202603222148,  -0.212,   0.708,9999.000,9999.000,9999.000,9999.000,9999.000,9999.000,9999.000
202603222154,  -0.188,   0.629,9999.000,9999.000,9999.000,9999.000,9999.000,9999.000,9999.000
202603222200,  -0.159,   0.649,   0.600,   0.208,   0.649,   0.500,   0.549,   0.600,   0.649
202603222206,  -0.125,   0.760,9999.000,9999.000,9999.000,9999.000,9999.000,9999.000,9999.000
202603222212,  -0.088,   0.760,9999.000,9999.000,9999.000,9999.000,9999.000,9999.000,9999.000
202603222218,  -0.046,   0.718,9999.000,9999.000,9999.000,9999.000,9999.000,9999.000,9999.000
202603222224,  -0.001,   0.839,9999.000,9999.000,9999.000,9999.000,9999.000,9999.000,9999.000
202603222230,   0.046,   0.829,9999.000,9999.000,9999.000,9999.000,9999.000,9999.000,9999.000
202603222236,   0.099,   0.918,9999.000,9999.000,9999.000,9999.000,9999.000,9999.000,9999.000
202603222242,   0.154,   1.010,9999.000,9999.000,9999.000,9999.000,9999.000,9999.000,9999.000
202603222248,   0.212,   1.098,9999.000,9999.000,9999.000,9999.000,9999.000,9999.000,9999.000
202603222254,   0.273,   1.190,9999.000,9999.000,9999.000,9999.000,9999.000,9999.000,9999.000
202603222300,   0.337,   1.239,   0.500,   0.402,   1.239,   0.500,   1.239,   0.600,   1.339
202603222306,   0.403,   1.210,9999.000,9999.000,9999.000,9999.000,9999.000,9999.000,9999.000
202603222312,   0.471,   1.318,9999.000,9999.000,9999.000,9999.000,9999.000,9999.000,9999.000
202603222318,   0.541,   1.371,9999.000,9999.000,9999.000,9999.000,9999.000,9999.000,9999.000
202603222324,   0.613,   1.348,9999.000,9999.000,9999.000,9999.000,9999.000,9999.000,9999.000
202603222330,   0.687,   1.479,9999.000,9999.000,9999.000,9999.000,9999.000,9999.000,9999.000
202603222336,   0.761,   1.600,9999.000,9999.000,9999.000,9999.000,9999.000,9999.000,9999.000
202603222342,   0.837,   1.679,9999.000,9999.000,9999.000,9999.000,9999.000,9999.000,9999.000
202603222348,   0.914,   1.748,9999.000,9999.000,9999.000,9999.000,9999.000,9999.000,9999.000
202603222354,   0.991,   1.758,9999.000,9999.000,9999.000,9999.000,9999.000,9999.000,9999.000
202603230000,   1.069,   1.810,   0.600,   0.141,   1.810,   0.600,   1.810,   0.600,   1.810
202603230006,   1.148,   1.908,9999.000,9999.000,9999.000,9999.000,9999.000,9999.000,9999.000
202603230012,   1.226,   1.928,9999.000,9999.000,9999.000,9999.000,9999.000,9999.000,9999.000
202603230018,   1.305,   1.958,9999.000,9999.000,9999.000,9999.000,9999.000,9999.000,9999.000
202603230024,   1.383,   2.079,9999.000,9999.000,9999.000,9999.000,9999.000,9999.000,9999.000
202603230030,   1.461,   2.128,9999.000,9999.000,9999.000,9999.000,9999.000,9999.000,9999.000
202603230036,   1.538,   2.168,9999.000,9999.000,9999.000,9999.000,9999.000,9999.000,9999.000
202603230042,   1.615,   2.168,9999.000,9999.000,9999.000,9999.000,9999.000,9999.000,9999.000
202603230048,   1.690,   2.279,9999.000,9999.000,9999.000,9999.000,9999.000,9999.000,9999.000
202603230054,   1.765,   2.368,9999.000,9999.000,9999.000,9999.000,9999.000,9999.000,9999.000
202603230100,   1.839,   2.489,   0.600,   0.050,   2.489,   0.600,   2.489,   0.600,   2.489
202603230106,   1.911,   2.620,9999.000,9999.000,9999.000,9999.000,9999.000,9999.000,9999.000
202603230112,   1.982,   2.597,9999.000,9999.000,9999.000,9999.000,9999.000,9999.000,9999.000
202603230118,   2.051,   2.689,9999.000,9999.000,9999.000,9999.000,9999.000,9999.000,9999.000
202603230124,   2.119,   2.738,9999.000,9999.000,9999.000,9999.000,9999.000,9999.000,9999.000
202603230130,   2.184,   2.869,9999.000,9999.000,9999.000,9999.000,9999.000,9999.000,9999.000
202603230136,   2.248,   2.899,9999.000,9999.000,9999.000,9999.000,9999.000,9999.000,9999.000
202603230142,   2.311,   2.929,9999.000,9999.000,9999.000,9999.000,9999.000,9999.000,9999.000
202603230148,   2.371,   3.089,9999.000,9999.000,9999.000,9999.000,9999.000,9999.000,9999.000
202603230154,   2.428,   3.148,9999.000,9999.000,9999.000,9999.000,9999.000,9999.000,9999.000
202603230200,   2.484,   3.148,   0.600,   0.064,   3.148,   0.500,   3.048,   0.600,   3.148
202603230206,   2.538,   3.188,9999.000,9999.000,9999.000,9999.000,9999.000,9999.000,9999.000
202603230212,   2.589,   3.348,9999.000,9999.000,9999.000,9999.000,9999.000,9999.000,9999.000
202603230218,   2.638,   3.368,9999.000,9999.000,9999.000,9999.000,9999.000,9999.000,9999.000
202603230224,   2.684,   3.319,9999.000,9999.000,9999.000,9999.000,9999.000,9999.000,9999.000
202603230230,   2.729,   3.440,9999.000,9999.000,9999.000,9999.000,9999.000,9999.000,9999.000
202603230236,   2.770,   3.499,9999.000,9999.000,9999.000,9999.000,9999.000,9999.000,9999.000
202603230242,   2.810,   3.548,9999.000,9999.000,9999.000,9999.000,9999.000,9999.000,9999.000
202603230248,   2.846,   3.617,9999.000,9999.000,9999.000,9999.000,9999.000,9999.000,9999.000
202603230254,   2.881,   3.617,9999.000,9999.000,9999.000,9999.000,9999.000,9999.000,9999.000
202603230300,   2.912,   3.670,   0.600,   0.158,   3.670,   0.500,   3.570,   0.600,   3.670
202603230306,   2.942,   3.689,9999.000,9999.000,9999.000,9999.000,9999.000,9999.000,9999.000
202603230312,   2.969,   3.758,9999.000,9999.000,9999.000,9999.000,9999.000,9999.000,9999.000
202603230318,   2.993,   3.758,9999.000,9999.000,9999.000,9999.000,9999.000,9999.000,9999.000
202603230324,   3.014,   3.768,9999.000,9999.000,9999.000,9999.000,9999.000,9999.000,9999.000
202603230330,   3.034,   3.847,9999.000,9999.000,9999.000,9999.000,9999.000,9999.000,9999.000
202603230336,   3.050,   3.899,9999.000,9999.000,9999.000,9999.000,9999.000,9999.000,9999.000
202603230342,   3.064,   3.817,9999.000,9999.000,9999.000,9999.000,9999.000,9999.000,9999.000
202603230348,   3.076,   3.890,9999.000,9999.000,9999.000,9999.000,9999.000,9999.000,9999.000
202603230354,   3.084,   3.909,9999.000,9999.000,9999.000,9999.000,9999.000,9999.000,9999.000
202603230400,   3.090,   3.958,   0.500,   0.368,   3.958,   0.500,   3.958,   0.600,   4.058
202603230406,   3.094,   3.968,9999.000,9999.000,9999.000,9999.000,9999.000,9999.000,9999.000
202603230412,   3.095,   3.958,9999.000,9999.000,9999.000,9999.000,9999.000,9999.000,9999.000
202603230418,   3.092,   3.998,9999.000,9999.000,9999.000,9999.000,9999.000,9999.000,9999.000
202603230424,   3.088,   3.939,9999.000,9999.000,9999.000,9999.000,9999.000,9999.000,9999.000
202603230430,   3.080,   3.919,9999.000,9999.000,9999.000,9999.000,9999.000,9999.000,9999.000
202603230436,   3.069,   4.027,9999.000,9999.000,9999.000,9999.000,9999.000,9999.000,9999.000
202603230442,   3.056,   3.939,9999.000,9999.000,9999.000,9999.000,9999.000,9999.000,9999.000
202603230448,   3.039,   3.988,9999.000,9999.000,9999.000,9999.000,9999.000,9999.000,9999.000
202603230454,   3.020,   4.057,9999.000,9999.000,9999.000,9999.000,9999.000,9999.000,9999.000
202603230500,   2.997,   3.978,   0.500,   0.481,   3.978,   0.500,   3.978,   0.600,   4.078
202603230506,   2.971,   3.880,9999.000,9999.000,9999.000,9999.000,9999.000,9999.000,9999.000
202603230512,   2.942,   3.929,9999.000,9999.000,9999.000,9999.000,9999.000,9999.000,9999.000
202603230518,   2.910,   3.909,9999.000,9999.000,9999.000,9999.000,9999.000,9999.000,9999.000
202603230524,   2.875,   3.798,9999.000,9999.000,9999.000,9999.000,9999.000,9999.000,9999.000
202603230530,   2.836,   3.660,9999.000,9999.000,9999.000,9999.000,9999.000,9999.000,9999.000
202603230536,   2.794,   3.480,9999.000,9999.000,9999.000,9999.000,9999.000,9999.000,9999.000
202603230542,   2.749,   3.148,9999.000,9999.000,9999.000,9999.000,9999.000,9999.000,9999.000
202603230548,   2.701,   3.450,9999.000,9999.000,9999.000,9999.000,9999.000,9999.000,9999.000
202603230554,   2.650,   3.480,9999.000,9999.000,9999.000,9999.000,9999.000,9999.000,9999.000
202603230600,   2.595,   3.339,   0.600,   0.144,   3.339,   0.500,   3.239,   0.700,   3.439
202603230606,   2.537,   3.279,9999.000,9999.000,9999.000,9999.000,9999.000,9999.000,9999.000
202603230612,   2.477,   3.289,9999.000,9999.000,9999.000,9999.000,9999.000,9999.000,9999.000
202603230618,   2.413,   3.158,9999.000,9999.000,9999.000,9999.000,9999.000,9999.000,9999.000
202603230624,   2.347,   3.109,9999.000,9999.000,9999.000,9999.000,9999.000,9999.000,9999.000
202603230630,   2.278,   2.948,9999.000,9999.000,9999.000,9999.000,9999.000,9999.000,9999.000
202603230636,   2.206,   2.968,9999.000,9999.000,9999.000,9999.000,9999.000,9999.000,9999.000
202603230642,   2.133,   2.840,9999.000,9999.000,9999.000,9999.000,9999.000,9999.000,9999.000
202603230648,   2.057,   2.879,9999.000,9999.000,9999.000,9999.000,9999.000,9999.000,9999.000
202603230654,   1.979,   2.860,9999.000,9999.000,9999.000,9999.000,9999.000,9999.000,9999.000
202603230700,   1.899,   2.699,   0.600,   0.200,   2.699,   0.500,   2.599,   0.700,   2.799
202603230706,   1.818,   2.748,9999.000,9999.000,9999.000,9999.000,9999.000,9999.000,9999.000
202603230712,   1.736,   2.548,9999.000,9999.000,9999.000,9999.000,9999.000,9999.000,9999.000
202603230718,   1.652,   2.489,9999.000,9999.000,9999.000,9999.000,9999.000,9999.000,9999.000
202603230724,   1.568,   2.368,9999.000,9999.000,9999.000,9999.000,9999.000,9999.000,9999.000
202603230730,   1.484,   2.259,9999.000,9999.000,9999.000,9999.000,9999.000,9999.000,9999.000
202603230736,   1.400,   2.210,9999.000,9999.000,9999.000,9999.000,9999.000,9999.000,9999.000
202603230742,   1.315,   2.089,9999.000,9999.000,9999.000,9999.000,9999.000,9999.000,9999.000
202603230748,   1.232,   2.079,9999.000,9999.000,9999.000,9999.000,9999.000,9999.000,9999.000
202603230754,   1.148,   1.918,9999.000,9999.000,9999.000,9999.000,9999.000,9999.000,9999.000
202603230800,   1.067,   1.859,   0.600,   0.192,   1.859,   0.500,   1.759,   0.700,   1.959
202603230806,   0.986,   1.859,9999.000,9999.000,9999.000,9999.000,9999.000,9999.000,9999.000
202603230812,   0.907,   1.840,9999.000,9999.000,9999.000,9999.000,9999.000,9999.000,9999.000
202603230818,   0.830,   1.849,9999.000,9999.000,9999.000,9999.000,9999.000,9999.000,9999.000
202603230824,   0.755,   1.758,9999.000,9999.000,9999.000,9999.000,9999.000,9999.000,9999.000
202603230830,   0.683,   1.610,9999.000,9999.000,9999.000,9999.000,9999.000,9999.000,9999.000
202603230836,   0.614,   1.518,9999.000,9999.000,9999.000,9999.000,9999.000,9999.000,9999.000
202603230842,   0.547,   1.528,9999.000,9999.000,9999.000,9999.000,9999.000,9999.000,9999.000
202603230848,   0.484,   1.518,9999.000,9999.000,9999.000,9999.000,9999.000,9999.000,9999.000
202603230854,   0.424,   1.439,9999.000,9999.000,9999.000,9999.000,9999.000,9999.000,9999.000
202603230900,   0.368,   1.361,   0.600,   0.393,   1.361,   0.500,   1.261,   0.700,   1.461
202603230906,   0.315,   1.190,9999.000,9999.000,9999.000,9999.000,9999.000,9999.000,9999.000
202603230912,   0.266,   1.138,9999.000,9999.000,9999.000,9999.000,9999.000,9999.000,9999.000
202603230918,   0.222,   1.180,9999.000,9999.000,9999.000,9999.000,9999.000,9999.000,9999.000
202603230924,   0.181,   1.079,9999.000,9999.000,9999.000,9999.000,9999.000,9999.000,9999.000
202603230930,   0.145,   1.069,9999.000,9999.000,9999.000,9999.000,9999.000,9999.000,9999.000
202603230936,   0.113,   1.039,9999.000,9999.000,9999.000,9999.000,9999.000,9999.000,9999.000
202603230942,   0.085,   1.029,9999.000,9999.000,9999.000,9999.000,9999.000,9999.000,9999.000
202603230948,   0.062,   1.108,9999.000,9999.000,9999.000,9999.000,9999.000,9999.000,9999.000
202603230954,   0.043,   1.098,9999.000,9999.000,9999.000,9999.000,9999.000,9999.000,9999.000
202603231000,   0.028,   1.029,   0.600,   0.401,   1.029,   0.500,   0.929,   0.700,   1.129
202603231006,   0.018,   1.059,9999.000,9999.000,9999.000,9999.000,9999.000,9999.000,9999.000
202603231012,   0.011,   1.020,9999.000,9999.000,9999.000,9999.000,9999.000,9999.000,9999.000
202603231018,   0.009,   1.020,9999.000,9999.000,9999.000,9999.000,9999.000,9999.000,9999.000
202603231024,   0.012,   0.918,9999.000,9999.000,9999.000,9999.000,9999.000,9999.000,9999.000
202603231030,   0.018,   0.951,9999.000,9999.000,9999.000,9999.000,9999.000,9999.000,9999.000
202603231036,   0.028,   0.928,9999.000,9999.000,9999.000,9999.000,9999.000,9999.000,9999.000
202603231042,   0.042,   0.970,9999.000,9999.000,9999.000,9999.000,9999.000,9999.000,9999.000
202603231048,   0.059,   0.819,9999.000,9999.000,9999.000,9999.000,9999.000,9999.000,9999.000
202603231054,   0.081,   0.898,9999.000,9999.000,9999.000,9999.000,9999.000,9999.000,9999.000
202603231100,   0.105,   0.879,   0.700,   0.074,   0.879,   0.600,   0.779,   0.700,   0.879
202603231106,   0.133,   0.918,9999.000,9999.000,9999.000,9999.000,9999.000,9999.000,9999.000
202603231112,   0.164,   0.928,9999.000,9999.000,9999.000,9999.000,9999.000,9999.000,9999.000
202603231118,   0.198,   1.049,9999.000,9999.000,9999.000,9999.000,9999.000,9999.000,9999.000
202603231124,   0.235,   0.980,9999.000,9999.000,9999.000,9999.000,9999.000,9999.000,9999.000
202603231130,   0.274,   0.970,9999.000,9999.000,9999.000,9999.000,9999.000,9999.000,9999.000
202603231136,   0.316,   1.020,9999.000,9999.000,9999.000,9999.000,9999.000,9999.000,9999.000
202603231142,   0.361,   0.941,9999.000,9999.000,9999.000,9999.000,9999.000,9999.000,9999.000
202603231148,   0.407,   1.010,9999.000,9999.000,9999.000,9999.000,9999.000,9999.000,9999.000
202603231154,   0.455,   1.079,9999.000,9999.000,9999.000,9999.000,9999.000,9999.000,9999.000
202603231200,   0.505,   1.118,   0.800,  -0.187,   1.118,   0.700,   1.018,   0.800,   1.118
202603231206,   0.557,   1.348,9999.000,9999.000,9999.000,9999.000,9999.000,9999.000,9999.000
202603231212,   0.611,   1.361,9999.000,9999.000,9999.000,9999.000,9999.000,9999.000,9999.000
202603231218,   0.665,   1.380,9999.000,9999.000,9999.000,9999.000,9999.000,9999.000,9999.000
202603231224,   0.721,   1.449,9999.000,9999.000,9999.000,9999.000,9999.000,9999.000,9999.000
202603231230,   0.777,   1.518,9999.000,9999.000,9999.000,9999.000,9999.000,9999.000,9999.000
202603231236,   0.835,   1.659,9999.000,9999.000,9999.000,9999.000,9999.000,9999.000,9999.000
202603231242,   0.893,   1.748,9999.000,9999.000,9999.000,9999.000,9999.000,9999.000,9999.000
202603231248,   0.951,   1.810,9999.000,9999.000,9999.000,9999.000,9999.000,9999.000,9999.000
202603231254,   1.010,   1.899,9999.000,9999.000,9999.000,9999.000,9999.000,9999.000,9999.000
202603231300,   1.069,   1.928,   0.800,   0.059,   1.928,   0.800,   1.928,   0.800,   1.928
202603231306,   1.128,   1.889,9999.000,9999.000,9999.000,9999.000,9999.000,9999.000,9999.000
202603231312,   1.186,   2.020,9999.000,9999.000,9999.000,9999.000,9999.000,9999.000,9999.000
202603231318,   1.245,   2.069,9999.000,9999.000,9999.000,9999.000,9999.000,9999.000,9999.000
202603231324,   1.303,   2.099,9999.000,9999.000,9999.000,9999.000,9999.000,9999.000,9999.000
202603231330,   1.360,   2.168,9999.000,9999.000,9999.000,9999.000,9999.000,9999.000,9999.000
202603231336,   1.416,   2.259,9999.000,9999.000,9999.000,9999.000,9999.000,9999.000,9999.000
202603231342,   1.472,   2.289,9999.000,9999.000,9999.000,9999.000,9999.000,9999.000,9999.000
202603231348,   1.527,   2.377,9999.000,9999.000,9999.000,9999.000,9999.000,9999.000,9999.000
202603231354,   1.580,   2.630,9999.000,9999.000,9999.000,9999.000,9999.000,9999.000,9999.000
202603231400,   1.632,   2.587,   0.900,   0.055,   2.587,   0.800,   2.487,   0.900,   2.587
202603231406,   1.683,   2.709,9999.000,9999.000,9999.000,9999.000,9999.000,9999.000,9999.000
202603231412,   1.732,   2.640,9999.000,9999.000,9999.000,9999.000,9999.000,9999.000,9999.000
202603231418,   1.780,   2.929,9999.000,9999.000,9999.000,9999.000,9999.000,9999.000,9999.000
202603231424,   1.826,   2.840,9999.000,9999.000,9999.000,9999.000,9999.000,9999.000,9999.000
202603231430,   1.871,   2.929,9999.000,9999.000,9999.000,9999.000,9999.000,9999.000,9999.000
202603231436,   1.913,   2.919,9999.000,9999.000,9999.000,9999.000,9999.000,9999.000,9999.000
202603231442,   1.954,   3.099,9999.000,9999.000,9999.000,9999.000,9999.000,9999.000,9999.000
202603231448,   1.993,   3.129,9999.000,9999.000,9999.000,9999.000,9999.000,9999.000,9999.000
202603231454,   2.030,   3.119,9999.000,9999.000,9999.000,9999.000,9999.000,9999.000,9999.000
202603231500,   2.065,   3.230,   0.900,   0.265,   3.230,   0.900,   3.230,   1.000,   3.330
202603231506,   2.098,   3.329,9999.000,9999.000,9999.000,9999.000,9999.000,9999.000,9999.000
202603231512,   2.128,   3.279,9999.000,9999.000,9999.000,9999.000,9999.000,9999.000,9999.000
202603231518,   2.157,   3.289,9999.000,9999.000,9999.000,9999.000,9999.000,9999.000,9999.000
202603231524,   2.183,   3.309,9999.000,9999.000,9999.000,9999.000,9999.000,9999.000,9999.000
202603231530,   2.207,   3.450,9999.000,9999.000,9999.000,9999.000,9999.000,9999.000,9999.000
202603231536,   2.229,   3.378,9999.000,9999.000,9999.000,9999.000,9999.000,9999.000,9999.000
202603231542,   2.249,   3.440,9999.000,9999.000,9999.000,9999.000,9999.000,9999.000,9999.000
202603231548,   2.266,   3.480,9999.000,9999.000,9999.000,9999.000,9999.000,9999.000,9999.000
202603231554,   2.281,   3.650,9999.000,9999.000,9999.000,9999.000,9999.000,9999.000,9999.000
202603231600,   2.294,   3.568,   1.000,   0.274,   3.568,   0.900,   3.468,   1.000,   3.568
202603231606,   2.304,   3.519,9999.000,9999.000,9999.000,9999.000,9999.000,9999.000,9999.000
202603231612,   2.312,   3.650,9999.000,9999.000,9999.000,9999.000,9999.000,9999.000,9999.000
202603231618,   2.318,   3.529,9999.000,9999.000,9999.000,9999.000,9999.000,9999.000,9999.000
202603231624,   2.321,   3.548,9999.000,9999.000,9999.000,9999.000,9999.000,9999.000,9999.000
202603231630,   2.321,   3.637,9999.000,9999.000,9999.000,9999.000,9999.000,9999.000,9999.000
202603231636,   2.320,   3.637,9999.000,9999.000,9999.000,9999.000,9999.000,9999.000,9999.000
202603231642,   2.315,   3.598,9999.000,9999.000,9999.000,9999.000,9999.000,9999.000,9999.000
202603231648,   2.308,   3.588,9999.000,9999.000,9999.000,9999.000,9999.000,9999.000,9999.000
202603231654,   2.299,   3.539,9999.000,9999.000,9999.000,9999.000,9999.000,9999.000,9999.000
202603231700,   2.287,   3.509,   1.000,   0.222,   3.509,   0.900,   3.409,   1.000,   3.509
202603231706,   2.272,   3.680,9999.000,9999.000,9999.000,9999.000,9999.000,9999.000,9999.000
202603231712,   2.255,   3.660,9999.000,9999.000,9999.000,9999.000,9999.000,9999.000,9999.000
202603231718,   2.235,   3.588,9999.000,9999.000,9999.000,9999.000,9999.000,9999.000,9999.000
202603231724,   2.212,   3.539,9999.000,9999.000,9999.000,9999.000,9999.000,9999.000,9999.000
202603231730,   2.186,   3.470,9999.000,9999.000,9999.000,9999.000,9999.000,9999.000,9999.000
202603231736,   2.157,   3.289,9999.000,9999.000,9999.000,9999.000,9999.000,9999.000,9999.000
202603231742,   2.126,   3.240,9999.000,9999.000,9999.000,9999.000,9999.000,9999.000,9999.000
202603231748,   2.092,   3.368,9999.000,9999.000,9999.000,9999.000,9999.000,9999.000,9999.000
202603231754,   2.055,   3.270,9999.000,9999.000,9999.000,9999.000,9999.000,9999.000,9999.000
202603231800,   2.015,   3.388,   1.000,   0.373,   3.388,   1.000,   3.388,   1.100,   3.488
202603231806,   1.973,   3.348,9999.000,9999.000,9999.000,9999.000,9999.000,9999.000,9999.000
202603231812,   1.927,   3.319,9999.000,9999.000,9999.000,9999.000,9999.000,9999.000,9999.000
202603231818,   1.879,   3.060,9999.000,9999.000,9999.000,9999.000,9999.000,9999.000,9999.000
202603231824,   1.829,   2.938,9999.000,9999.000,9999.000,9999.000,9999.000,9999.000,9999.000
202603231830,   1.775,   2.958,9999.000,9999.000,9999.000,9999.000,9999.000,9999.000,9999.000
202603231836,   1.720,   2.879,9999.000,9999.000,9999.000,9999.000,9999.000,9999.000,9999.000
202603231842,   1.661,   2.807,9999.000,9999.000,9999.000,9999.000,9999.000,9999.000,9999.000
202603231848,   1.601,   2.830,9999.000,9999.000,9999.000,9999.000,9999.000,9999.000,9999.000
202603231854,   1.539,   2.850,9999.000,9999.000,9999.000,9999.000,9999.000,9999.000,9999.000
202603231900,   1.474,   2.679,   1.000,   0.205,   2.679,   1.000,   2.679,   1.100,   2.779
202603231906,   1.408,   2.719,9999.000,9999.000,9999.000,9999.000,9999.000,9999.000,9999.000
202603231912,   1.341,   2.578,9999.000,9999.000,9999.000,9999.000,9999.000,9999.000,9999.000
202603231918,   1.272,   2.479,9999.000,9999.000,9999.000,9999.000,9999.000,9999.000,9999.000
202603231924,   1.202,   2.509,9999.000,9999.000,9999.000,9999.000,9999.000,9999.000,9999.000
202603231930,   1.131,   2.348,9999.000,9999.000,9999.000,9999.000,9999.000,9999.000,9999.000
202603231936,   1.059,   2.299,9999.000,9999.000,9999.000,9999.000,9999.000,9999.000,9999.000
202603231942,   0.987,   2.269,9999.000,9999.000,9999.000,9999.000,9999.000,9999.000,9999.000
202603231948,   0.915,   2.269,9999.000,9999.000,9999.000,9999.000,9999.000,9999.000,9999.000
202603231954,   0.844,   2.128,9999.000,9999.000,9999.000,9999.000,9999.000,9999.000,9999.000
202603232000,   0.772,   1.958,   1.100,   0.086,   1.958,   1.000,   1.858,   1.100,   1.958
202603232006,   0.702,   2.069,9999.000,9999.000,9999.000,9999.000,9999.000,9999.000,9999.000
202603232012,   0.633,   1.928,9999.000,9999.000,9999.000,9999.000,9999.000,9999.000,9999.000
202603232018,   0.565,   1.810,9999.000,9999.000,9999.000,9999.000,9999.000,9999.000,9999.000
202603232024,   0.498,   1.908,9999.000,9999.000,9999.000,9999.000,9999.000,9999.000,9999.000
202603232030,   0.434,   1.869,9999.000,9999.000,9999.000,9999.000,9999.000,9999.000,9999.000
202603232036,   0.372,   1.748,9999.000,9999.000,9999.000,9999.000,9999.000,9999.000,9999.000
202603232042,   0.312,   1.669,9999.000,9999.000,9999.000,9999.000,9999.000,9999.000,9999.000
202603232048,   0.255,   1.630,9999.000,9999.000,9999.000,9999.000,9999.000,9999.000,9999.000
202603232054,   0.201,   1.498,9999.000,9999.000,9999.000,9999.000,9999.000,9999.000,9999.000
202603232100,   0.150,   1.548,   1.100,   0.298,   1.548,   1.000,   1.448,   1.100,   1.548
202603232106,   0.103,   1.459,9999.000,9999.000,9999.000,9999.000,9999.000,9999.000,9999.000
202603232112,   0.059,   1.400,9999.000,9999.000,9999.000,9999.000,9999.000,9999.000,9999.000
202603232118,   0.020,   1.298,9999.000,9999.000,9999.000,9999.000,9999.000,9999.000,9999.000
202603232124,  -0.015,   1.361,9999.000,9999.000,9999.000,9999.000,9999.000,9999.000,9999.000
202603232130,  -0.047,   1.229,9999.000,9999.000,9999.000,9999.000,9999.000,9999.000,9999.000
202603232136,  -0.075,   1.210,9999.000,9999.000,9999.000,9999.000,9999.000,9999.000,9999.000
202603232142,  -0.098,   1.249,9999.000,9999.000,9999.000,9999.000,9999.000,9999.000,9999.000
202603232148,  -0.117,   1.249,9999.000,9999.000,9999.000,9999.000,9999.000,9999.000,9999.000
202603232154,  -0.131,   1.190,9999.000,9999.000,9999.000,9999.000,9999.000,9999.000,9999.000
202603232200,  -0.141,   1.069,   1.100,   0.110,   1.069,   1.000,   0.969,   1.100,   1.069
202603232206,  -0.147,   1.161,9999.000,9999.000,9999.000,9999.000,9999.000,9999.000,9999.000
202603232212,  -0.147,   1.059,9999.000,9999.000,9999.000,9999.000,9999.000,9999.000,9999.000
202603232218,  -0.144,   1.108,9999.000,9999.000,9999.000,9999.000,9999.000,9999.000,9999.000
202603232224,  -0.136,   1.069,9999.000,9999.000,9999.000,9999.000,9999.000,9999.000,9999.000
202603232230,  -0.124,   1.059,9999.000,9999.000,9999.000,9999.000,9999.000,9999.000,9999.000
202603232236,  -0.107,   1.210,9999.000,9999.000,9999.000,9999.000,9999.000,9999.000,9999.000
202603232242,  -0.086,   1.180,9999.000,9999.000,9999.000,9999.000,9999.000,9999.000,9999.000
202603232248,  -0.062,   1.210,9999.000,9999.000,9999.000,9999.000,9999.000,9999.000,9999.000
202603232254,  -0.033,   1.161,9999.000,9999.000,9999.000,9999.000,9999.000,9999.000,9999.000
202603232300,   0.000,   1.161,   1.100,   0.061,   1.161,   1.000,   1.061,   1.100,   1.161
202603232306,   0.035,   1.318,9999.000,9999.000,9999.000,9999.000,9999.000,9999.000,9999.000
202603232312,   0.075,   1.308,9999.000,9999.000,9999.000,9999.000,9999.000,9999.000,9999.000
202603232318,   0.118,   1.469,9999.000,9999.000,9999.000,9999.000,9999.000,9999.000,9999.000
202603232324,   0.164,   1.348,9999.000,9999.000,9999.000,9999.000,9999.000,9999.000,9999.000
202603232330,   0.213,   1.489,9999.000,9999.000,9999.000,9999.000,9999.000,9999.000,9999.000
202603232336,   0.266,   1.508,9999.000,9999.000,9999.000,9999.000,9999.000,9999.000,9999.000
202603232342,   0.320,   1.348,9999.000,9999.000,9999.000,9999.000,9999.000,9999.000,9999.000
202603232348,   0.378,   1.439,9999.000,9999.000,9999.000,9999.000,9999.000,9999.000,9999.000
202603232354,   0.437,   1.580,9999.000,9999.000,9999.000,9999.000,9999.000,9999.000,9999.000
202603240000,   0.499,   1.639,   1.000,   0.140,   1.639,   0.900,   1.539,   1.100,   1.739
202603240006,   0.562,   1.600,9999.000,9999.000,9999.000,9999.000,9999.000,9999.000,9999.000
202603240012,   0.628,   1.689,9999.000,9999.000,9999.000,9999.000,9999.000,9999.000,9999.000
202603240018,   0.694,   1.879,9999.000,9999.000,9999.000,9999.000,9999.000,9999.000,9999.000
202603240024,   0.763,   1.849,9999.000,9999.000,9999.000,9999.000,9999.000,9999.000,9999.000
202603240030,   0.832,   1.948,9999.000,9999.000,9999.000,9999.000,9999.000,9999.000,9999.000
202603240036,   0.902,   2.040,9999.000,9999.000,9999.000,9999.000,9999.000,9999.000,9999.000
202603240042,   0.973,   2.118,9999.000,9999.000,9999.000,9999.000,9999.000,9999.000,9999.000
202603240048,   1.045,   2.128,9999.000,9999.000,9999.000,9999.000,9999.000,9999.000,9999.000
202603240054,   1.117,   2.118,9999.000,9999.000,9999.000,9999.000,9999.000,9999.000,9999.000
202603240100,   1.190,   2.240,   1.000,   0.050,   2.240,   0.900,   2.140,   1.100,   2.340
202603240106,   1.262,   2.200,9999.000,9999.000,9999.000,9999.000,9999.000,9999.000,9999.000
202603240112,   1.335,   2.230,9999.000,9999.000,9999.000,9999.000,9999.000,9999.000,9999.000
202603240118,   1.407,   2.259,9999.000,9999.000,9999.000,9999.000,9999.000,9999.000,9999.000
202603240124,   1.480,   2.299,9999.000,9999.000,9999.000,9999.000,9999.000,9999.000,9999.000
202603240130,   1.550,   2.459,9999.000,9999.000,9999.000,9999.000,9999.000,9999.000,9999.000
202603240136,   1.621,   2.440,9999.000,9999.000,9999.000,9999.000,9999.000,9999.000,9999.000
202603240142,   1.691,   2.578,9999.000,9999.000,9999.000,9999.000,9999.000,9999.000,9999.000
202603240148,   1.760,   2.640,9999.000,9999.000,9999.000,9999.000,9999.000,9999.000,9999.000
202603240154,   1.828,   2.669,9999.000,9999.000,9999.000,9999.000,9999.000,9999.000,9999.000
202603240200,   1.895,   2.728,   1.000,  -0.167,   2.728,   0.900,   2.628,   1.100,   2.828
202603240206,   1.960,   2.699,9999.000,9999.000,9999.000,9999.000,9999.000,9999.000,9999.000
202603240212,   2.024,   2.797,9999.000,9999.000,9999.000,9999.000,9999.000,9999.000,9999.000
202603240218,   2.087,   2.787,9999.000,9999.000,9999.000,9999.000,9999.000,9999.000,9999.000
202603240224,   2.148,   2.899,9999.000,9999.000,9999.000,9999.000,9999.000,9999.000,9999.000
202603240230,   2.207,   2.978,9999.000,9999.000,9999.000,9999.000,9999.000,9999.000,9999.000
202603240236,   2.264,   3.040,9999.000,9999.000,9999.000,9999.000,9999.000,9999.000,9999.000
202603240242,   2.320,   3.217,9999.000,9999.000,9999.000,9999.000,9999.000,9999.000,9999.000
202603240248,   2.373,   3.217,9999.000,9999.000,9999.000,9999.000,9999.000,9999.000,9999.000
202603240254,   2.425,   3.299,9999.000,9999.000,9999.000,9999.000,9999.000,9999.000,9999.000
202603240300,   2.475,   3.299,   1.000,  -0.176,   3.299,   0.900,   3.199,   1.000,   3.299
202603240306,   2.523,   3.319,9999.000,9999.000,9999.000,9999.000,9999.000,9999.000,9999.000
202603240312,   2.568,   3.240,9999.000,9999.000,9999.000,9999.000,9999.000,9999.000,9999.000
202603240318,   2.612,   3.217,9999.000,9999.000,9999.000,9999.000,9999.000,9999.000,9999.000
202603240324,   2.653,   3.480,9999.000,9999.000,9999.000,9999.000,9999.000,9999.000,9999.000
202603240330,   2.692,   3.588,9999.000,9999.000,9999.000,9999.000,9999.000,9999.000,9999.000
202603240336,   2.729,   3.598,9999.000,9999.000,9999.000,9999.000,9999.000,9999.000,9999.000
202603240342,   2.764,   3.627,9999.000,9999.000,9999.000,9999.000,9999.000,9999.000,9999.000
202603240348,   2.796,   3.670,9999.000,9999.000,9999.000,9999.000,9999.000,9999.000,9999.000
202603240354,   2.826,   3.768,9999.000,9999.000,9999.000,9999.000,9999.000,9999.000,9999.000
202603240400,   2.854,   3.709,   0.900,  -0.045,   3.709,   0.900,   3.709,   1.000,   3.809
202603240406,   2.880,   3.670,9999.000,9999.000,9999.000,9999.000,9999.000,9999.000,9999.000
202603240412,   2.904,   3.827,9999.000,9999.000,9999.000,9999.000,9999.000,9999.000,9999.000
202603240418,   2.925,   3.890,9999.000,9999.000,9999.000,9999.000,9999.000,9999.000,9999.000
202603240424,   2.944,   3.909,9999.000,9999.000,9999.000,9999.000,9999.000,9999.000,9999.000
202603240430,   2.961,   3.939,9999.000,9999.000,9999.000,9999.000,9999.000,9999.000,9999.000
202603240436,   2.976,   3.939,9999.000,9999.000,9999.000,9999.000,9999.000,9999.000,9999.000
202603240442,   2.988,   4.008,9999.000,9999.000,9999.000,9999.000,9999.000,9999.000,9999.000
202603240448,   2.998,   3.998,9999.000,9999.000,9999.000,9999.000,9999.000,9999.000,9999.000
202603240454,   3.006,   4.027,9999.000,9999.000,9999.000,9999.000,9999.000,9999.000,9999.000
202603240500,   3.011,   4.008,   0.900,   0.097,   4.008,   0.800,   3.908,   1.000,   4.108
202603240506,   3.014,   4.008,9999.000,9999.000,9999.000,9999.000,9999.000,9999.000,9999.000
202603240512,   3.015,   4.109,9999.000,9999.000,9999.000,9999.000,9999.000,9999.000,9999.000
202603240518,   3.013,   4.037,9999.000,9999.000,9999.000,9999.000,9999.000,9999.000,9999.000
202603240524,   3.008,   3.890,9999.000,9999.000,9999.000,9999.000,9999.000,9999.000,9999.000
202603240530,   3.001,   3.978,9999.000,9999.000,9999.000,9999.000,9999.000,9999.000,9999.000
202603240536,   2.991,   3.998,9999.000,9999.000,9999.000,9999.000,9999.000,9999.000,9999.000
202603240542,   2.979,   4.057,9999.000,9999.000,9999.000,9999.000,9999.000,9999.000,9999.000
202603240548,   2.964,   3.978,9999.000,9999.000,9999.000,9999.000,9999.000,9999.000,9999.000
202603240554,   2.946,   4.070,9999.000,9999.000,9999.000,9999.000,9999.000,9999.000,9999.000
202603240600,   2.925,   3.909,   0.900,   0.084,   3.909,   0.800,   3.809,   1.000,   4.009
202603240606,   2.901,   4.027,9999.000,9999.000,9999.000,9999.000,9999.000,9999.000,9999.000
202603240612,   2.875,   4.027,9999.000,9999.000,9999.000,9999.000,9999.000,9999.000,9999.000
202603240618,   2.845,   3.929,9999.000,9999.000,9999.000,9999.000,9999.000,9999.000,9999.000
202603240624,   2.813,   4.047,9999.000,9999.000,9999.000,9999.000,9999.000,9999.000,9999.000
202603240630,   2.777,   3.890,9999.000,9999.000,9999.000,9999.000,9999.000,9999.000,9999.000
202603240636,   2.739,   3.870,9999.000,9999.000,9999.000,9999.000,9999.000,9999.000,9999.000
202603240642,   2.697,   3.827,9999.000,9999.000,9999.000,9999.000,9999.000,9999.000,9999.000
202603240648,   2.653,   3.670,9999.000,9999.000,9999.000,9999.000,9999.000,9999.000,9999.000
202603240654,   2.605,   3.617,9999.000,9999.000,9999.000,9999.000,9999.000,9999.000,9999.000
202603240700,   2.555,   3.568,   0.900,   0.113,   3.568,   0.800,   3.468,   1.000,   3.668
202603240706,   2.502,   3.529,9999.000,9999.000,9999.000,9999.000,9999.000,9999.000,9999.000
202603240712,   2.446,   3.509,9999.000,9999.000,9999.000,9999.000,9999.000,9999.000,9999.000
202603240718,   2.387,   3.499,9999.000,9999.000,9999.000,9999.000,9999.000,9999.000,9999.000
202603240724,   2.326,   3.289,9999.000,9999.000,9999.000,9999.000,9999.000,9999.000,9999.000
202603240730,   2.263,   3.329,9999.000,9999.000,9999.000,9999.000,9999.000,9999.000,9999.000
202603240736,   2.197,   3.240,9999.000,9999.000,9999.000,9999.000,9999.000,9999.000,9999.000
202603240742,   2.129,   3.279,9999.000,9999.000,9999.000,9999.000,9999.000,9999.000,9999.000
202603240748,   2.059,   3.158,9999.000,9999.000,9999.000,9999.000,9999.000,9999.000,9999.000
202603240754,   1.988,   3.129,9999.000,9999.000,9999.000,9999.000,9999.000,9999.000,9999.000
202603240800,   1.915,   3.050,   1.000,   0.135,   3.050,   0.900,   2.950,   1.000,   3.050
202603240806,   1.840,   2.860,9999.000,9999.000,9999.000,9999.000,9999.000,9999.000,9999.000
202603240812,   1.765,   2.869,9999.000,9999.000,9999.000,9999.000,9999.000,9999.000,9999.000
202603240818,   1.689,   2.830,9999.000,9999.000,9999.000,9999.000,9999.000,9999.000,9999.000
202603240824,   1.612,   2.850,9999.000,9999.000,9999.000,9999.000,9999.000,9999.000,9999.000
202603240830,   1.535,   2.820,9999.000,9999.000,9999.000,9999.000,9999.000,9999.000,9999.000
202603240836,   1.458,   2.610,9999.000,9999.000,9999.000,9999.000,9999.000,9999.000,9999.000
202603240842,   1.381,   2.519,9999.000,9999.000,9999.000,9999.000,9999.000,9999.000,9999.000
202603240848,   1.305,   2.459,9999.000,9999.000,9999.000,9999.000,9999.000,9999.000,9999.000
202603240854,   1.230,   2.440,9999.000,9999.000,9999.000,9999.000,9999.000,9999.000,9999.000
202603240900,   1.156,   2.328,   1.000,   0.172,   2.328,   0.900,   2.228,   1.100,   2.428
202603240906,   1.083,   2.309,9999.000,9999.000,9999.000,9999.000,9999.000,9999.000,9999.000
202603240912,   1.011,   2.259,9999.000,9999.000,9999.000,9999.000,9999.000,9999.000,9999.000
202603240918,   0.942,   2.220,9999.000,9999.000,9999.000,9999.000,9999.000,9999.000,9999.000
202603240924,   0.874,   2.118,9999.000,9999.000,9999.000,9999.000,9999.000,9999.000,9999.000
202603240930,   0.809,   1.967,9999.000,9999.000,9999.000,9999.000,9999.000,9999.000,9999.000
202603240936,   0.747,   1.981,9999.000,9999.000,9999.000,9999.000,9999.000,9999.000,9999.000
202603240942,   0.687,   1.899,9999.000,9999.000,9999.000,9999.000,9999.000,9999.000,9999.000
202603240948,   0.630,   1.820,9999.000,9999.000,9999.000,9999.000,9999.000,9999.000,9999.000
202603240954,   0.576,   1.800,9999.000,9999.000,9999.000,9999.000,9999.000,9999.000,9999.000
202603241000,   0.525,   1.781,   1.000,   0.256,   1.781,   0.900,   1.681,   1.100,   1.881
202603241006,   0.478,   1.800,9999.000,9999.000,9999.000,9999.000,9999.000,9999.000,9999.000
202603241012,   0.434,   1.810,9999.000,9999.000,9999.000,9999.000,9999.000,9999.000,9999.000
202603241018,   0.394,   1.669,9999.000,9999.000,9999.000,9999.000,9999.000,9999.000,9999.000
202603241024,   0.358,   1.590,9999.000,9999.000,9999.000,9999.000,9999.000,9999.000,9999.000
202603241030,   0.325,   1.580,9999.000,9999.000,9999.000,9999.000,9999.000,9999.000,9999.000
202603241036,   0.296,   1.557,9999.000,9999.000,9999.000,9999.000,9999.000,9999.000,9999.000
202603241042,   0.270,   1.469,9999.000,9999.000,9999.000,9999.000,9999.000,9999.000,9999.000
202603241048,   0.249,   1.420,9999.000,9999.000,9999.000,9999.000,9999.000,9999.000,9999.000
202603241054,   0.231,   1.439,9999.000,9999.000,9999.000,9999.000,9999.000,9999.000,9999.000
202603241100,   0.217,   1.518,   1.000,   0.301,   1.518,   1.000,   1.518,   1.100,   1.618
202603241106,   0.207,   1.420,9999.000,9999.000,9999.000,9999.000,9999.000,9999.000,9999.000
202603241112,   0.201,   1.420,9999.000,9999.000,9999.000,9999.000,9999.000,9999.000,9999.000
202603241118,   0.198,   1.338,9999.000,9999.000,9999.000,9999.000,9999.000,9999.000,9999.000
202603241124,   0.199,   1.361,9999.000,9999.000,9999.000,9999.000,9999.000,9999.000,9999.000
202603241130,   0.203,   1.420,9999.000,9999.000,9999.000,9999.000,9999.000,9999.000,9999.000
202603241136,   0.211,   1.390,9999.000,9999.000,9999.000,9999.000,9999.000,9999.000,9999.000
202603241142,   0.222,   1.430,9999.000,9999.000,9999.000,9999.000,9999.000,9999.000,9999.000
202603241148,   0.236,   1.430,9999.000,9999.000,9999.000,9999.000,9999.000,9999.000,9999.000
202603241154,   0.253,   1.371,9999.000,9999.000,9999.000,9999.000,9999.000,9999.000,9999.000
202603241200,   0.273,   1.318,   0.900,   0.145,   1.318,   0.800,   1.218,   1.000,   1.418
202603241206,   0.297,   1.371,9999.000,9999.000,9999.000,9999.000,9999.000,9999.000,9999.000
202603241212,   0.323,   1.430,9999.000,9999.000,9999.000,9999.000,9999.000,9999.000,9999.000
202603241218,   0.351,   1.420,9999.000,9999.000,9999.000,9999.000,9999.000,9999.000,9999.000
202603241224,   0.382,   1.420,9999.000,9999.000,9999.000,9999.000,9999.000,9999.000,9999.000
202603241230,   0.415,   1.469,9999.000,9999.000,9999.000,9999.000,9999.000,9999.000,9999.000
202603241236,   0.451,   1.580,9999.000,9999.000,9999.000,9999.000,9999.000,9999.000,9999.000
202603241242,   0.489,   1.620,9999.000,9999.000,9999.000,9999.000,9999.000,9999.000,9999.000
202603241248,   0.528,   1.557,9999.000,9999.000,9999.000,9999.000,9999.000,9999.000,9999.000
202603241254,   0.569,   1.630,9999.000,9999.000,9999.000,9999.000,9999.000,9999.000,9999.000
202603241300,   0.612,   1.639,   0.900,   0.127,   1.639,   0.800,   1.539,   1.000,   1.739
202603241306,   0.657,   1.630,9999.000,9999.000,9999.000,9999.000,9999.000,9999.000,9999.000
202603241312,   0.702,   1.610,9999.000,9999.000,9999.000,9999.000,9999.000,9999.000,9999.000
202603241318,   0.749,   1.738,9999.000,9999.000,9999.000,9999.000,9999.000,9999.000,9999.000
202603241324,   0.797,   1.849,9999.000,9999.000,9999.000,9999.000,9999.000,9999.000,9999.000
202603241330,   0.846,   1.840,9999.000,9999.000,9999.000,9999.000,9999.000,9999.000,9999.000
202603241336,   0.895,   1.958,9999.000,9999.000,9999.000,9999.000,9999.000,9999.000,9999.000
202603241342,   0.945,   2.010,9999.000,9999.000,9999.000,9999.000,9999.000,9999.000,9999.000
202603241348,   0.996,   1.990,9999.000,9999.000,9999.000,9999.000,9999.000,9999.000,9999.000
202603241354,   1.046,   2.069,9999.000,9999.000,9999.000,9999.000,9999.000,9999.000,9999.000
202603241400,   1.097,   2.030,   0.900,   0.033,   2.030,   0.800,   1.930,   1.000,   2.130
202603241406,   1.148,   2.138,9999.000,9999.000,9999.000,9999.000,9999.000,9999.000,9999.000
202603241412,   1.199,   2.128,9999.000,9999.000,9999.000,9999.000,9999.000,9999.000,9999.000
202603241418,   1.250,   2.309,9999.000,9999.000,9999.000,9999.000,9999.000,9999.000,9999.000
202603241424,   1.300,   2.200,9999.000,9999.000,9999.000,9999.000,9999.000,9999.000,9999.000
202603241430,   1.349,   2.318,9999.000,9999.000,9999.000,9999.000,9999.000,9999.000,9999.000
202603241436,   1.398,   2.450,9999.000,9999.000,9999.000,9999.000,9999.000,9999.000,9999.000
202603241442,   1.446,   2.499,9999.000,9999.000,9999.000,9999.000,9999.000,9999.000,9999.000
202603241448,   1.493,   2.538,9999.000,9999.000,9999.000,9999.000,9999.000,9999.000,9999.000
202603241454,   1.540,   2.610,9999.000,9999.000,9999.000,9999.000,9999.000,9999.000,9999.000
202603241500,   1.585,   2.620,   0.900,   0.135,   2.620,   0.800,   2.520,   1.000,   2.720
202603241506,   1.629,   2.620,9999.000,9999.000,9999.000,9999.000,9999.000,9999.000,9999.000
202603241512,   1.671,   2.689,9999.000,9999.000,9999.000,9999.000,9999.000,9999.000,9999.000
202603241518,   1.712,   2.640,9999.000,9999.000,9999.000,9999.000,9999.000,9999.000,9999.000
202603241524,   1.752,   2.679,9999.000,9999.000,9999.000,9999.000,9999.000,9999.000,9999.000
202603241530,   1.790,   2.830,9999.000,9999.000,9999.000,9999.000,9999.000,9999.000,9999.000
202603241536,   1.827,   2.938,9999.000,9999.000,9999.000,9999.000,9999.000,9999.000,9999.000
202603241542,   1.862,   2.850,9999.000,9999.000,9999.000,9999.000,9999.000,9999.000,9999.000
202603241548,   1.895,   2.988,9999.000,9999.000,9999.000,9999.000,9999.000,9999.000,9999.000
202603241554,   1.927,   2.919,9999.000,9999.000,9999.000,9999.000,9999.000,9999.000,9999.000
202603241600,   1.957,   3.007,   0.900,   0.150,   3.007,   0.800,   2.907,   1.000,   3.107
202603241606,   1.985,   3.060,9999.000,9999.000,9999.000,9999.000,9999.000,9999.000,9999.000
202603241612,   2.011,   3.070,9999.000,9999.000,9999.000,9999.000,9999.000,9999.000,9999.000
202603241618,   2.035,   3.089,9999.000,9999.000,9999.000,9999.000,9999.000,9999.000,9999.000
202603241624,   2.058,   3.250,9999.000,9999.000,9999.000,9999.000,9999.000,9999.000,9999.000
202603241630,   2.078,   3.148,9999.000,9999.000,9999.000,9999.000,9999.000,9999.000,9999.000
202603241636,   2.097,   3.178,9999.000,9999.000,9999.000,9999.000,9999.000,9999.000,9999.000
202603241642,   2.113,   3.109,9999.000,9999.000,9999.000,9999.000,9999.000,9999.000,9999.000
202603241648,   2.128,   3.168,9999.000,9999.000,9999.000,9999.000,9999.000,9999.000,9999.000
202603241654,   2.140,   3.217,9999.000,9999.000,9999.000,9999.000,9999.000,9999.000,9999.000
202603241700,   2.151,   3.188,   0.900,   0.137,   3.188,   0.800,   3.088,   0.900,   3.188
202603241706,   2.159,   3.207,9999.000,9999.000,9999.000,9999.000,9999.000,9999.000,9999.000
202603241712,   2.166,   3.260,9999.000,9999.000,9999.000,9999.000,9999.000,9999.000,9999.000
202603241718,   2.170,   3.289,9999.000,9999.000,9999.000,9999.000,9999.000,9999.000,9999.000
202603241724,   2.172,   3.230,9999.000,9999.000,9999.000,9999.000,9999.000,9999.000,9999.000
202603241730,   2.173,   3.309,9999.000,9999.000,9999.000,9999.000,9999.000,9999.000,9999.000
202603241736,   2.171,   3.289,9999.000,9999.000,9999.000,9999.000,9999.000,9999.000,9999.000
202603241742,   2.166,   3.188,9999.000,9999.000,9999.000,9999.000,9999.000,9999.000,9999.000
202603241748,   2.160,   3.309,9999.000,9999.000,9999.000,9999.000,9999.000,9999.000,9999.000
202603241754,   2.151,   3.217,9999.000,9999.000,9999.000,9999.000,9999.000,9999.000,9999.000
202603241800,   2.140,   3.250,   0.900,   0.210,   3.250,   0.800,   3.150,   0.900,   3.250
202603241806,   2.126,   3.178,9999.000,9999.000,9999.000,9999.000,9999.000,9999.000,9999.000
202603241812,   2.110,   3.178,9999.000,9999.000,9999.000,9999.000,9999.000,9999.000,9999.000
202603241818,   2.092,   3.260,9999.000,9999.000,9999.000,9999.000,9999.000,9999.000,9999.000
202603241824,   2.071,   3.138,9999.000,9999.000,9999.000,9999.000,9999.000,9999.000,9999.000
202603241830,   2.047,   3.148,9999.000,9999.000,9999.000,9999.000,9999.000,9999.000,9999.000
202603241836,   2.021,   3.060,9999.000,9999.000,9999.000,9999.000,9999.000,9999.000,9999.000
202603241842,   1.993,   3.017,9999.000,9999.000,9999.000,9999.000,9999.000,9999.000,9999.000
202603241848,   1.962,   3.040,9999.000,9999.000,9999.000,9999.000,9999.000,9999.000,9999.000
202603241854,   1.928,   2.889,9999.000,9999.000,9999.000,9999.000,9999.000,9999.000,9999.000
202603241900,   1.892,   2.889,   0.900,   0.097,   2.889,   0.800,   2.789,   0.900,   2.889
202603241906,   1.854,   2.919,9999.000,9999.000,9999.000,9999.000,9999.000,9999.000,9999.000
202603241912,   1.813,   2.820,9999.000,9999.000,9999.000,9999.000,9999.000,9999.000,9999.000
202603241918,   1.769,   2.728,9999.000,9999.000,9999.000,9999.000,9999.000,9999.000,9999.000
202603241924,   1.723,   2.748,9999.000,9999.000,9999.000,9999.000,9999.000,9999.000,9999.000
202603241930,   1.675,   2.679,9999.000,9999.000,9999.000,9999.000,9999.000,9999.000,9999.000
202603241936,   1.625,   2.578,9999.000,9999.000,9999.000,9999.000,9999.000,9999.000,9999.000
202603241942,   1.572,   2.640,9999.000,9999.000,9999.000,9999.000,9999.000,9999.000,9999.000
202603241948,   1.518,   2.578,9999.000,9999.000,9999.000,9999.000,9999.000,9999.000,9999.000
202603241954,   1.461,   2.499,9999.000,9999.000,9999.000,9999.000,9999.000,9999.000,9999.000
202603242000,   1.403,   2.440,   0.900,   0.137,   2.440,   0.800,   2.340,   0.900,   2.440
202603242006,   1.344,   2.338,9999.000,9999.000,9999.000,9999.000,9999.000,9999.000,9999.000
202603242012,   1.283,   2.318,9999.000,9999.000,9999.000,9999.000,9999.000,9999.000,9999.000
202603242018,   1.221,   2.269,9999.000,9999.000,9999.000,9999.000,9999.000,9999.000,9999.000
202603242024,   1.158,   2.168,9999.000,9999.000,9999.000,9999.000,9999.000,9999.000,9999.000
202603242030,   1.095,   2.118,9999.000,9999.000,9999.000,9999.000,9999.000,9999.000,9999.000
202603242036,   1.031,   2.079,9999.000,9999.000,9999.000,9999.000,9999.000,9999.000,9999.000
202603242042,   0.967,   2.030,9999.000,9999.000,9999.000,9999.000,9999.000,9999.000,9999.000
202603242048,   0.903,   2.000,9999.000,9999.000,9999.000,9999.000,9999.000,9999.000,9999.000
202603242054,   0.839,   1.938,9999.000,9999.000,9999.000,9999.000,9999.000,9999.000,9999.000
202603242100,   0.776,   1.899,   0.800,   0.323,   1.899,   0.800,   1.899,   0.900,   1.999
202603242106,   0.714,   1.840,9999.000,9999.000,9999.000,9999.000,9999.000,9999.000,9999.000
202603242112,   0.653,   1.748,9999.000,9999.000,9999.000,9999.000,9999.000,9999.000,9999.000
202603242118,   0.593,   1.679,9999.000,9999.000,9999.000,9999.000,9999.000,9999.000,9999.000
202603242124,   0.535,   1.699,9999.000,9999.000,9999.000,9999.000,9999.000,9999.000,9999.000
202603242130,   0.479,   1.580,9999.000,9999.000,9999.000,9999.000,9999.000,9999.000,9999.000
202603242136,   0.425,   1.557,9999.000,9999.000,9999.000,9999.000,9999.000,9999.000,9999.000
202603242142,   0.373,   1.508,9999.000,9999.000,9999.000,9999.000,9999.000,9999.000,9999.000
202603242148,   0.324,   1.420,9999.000,9999.000,9999.000,9999.000,9999.000,9999.000,9999.000
202603242154,   0.277,   1.380,9999.000,9999.000,9999.000,9999.000,9999.000,9999.000,9999.000
202603242200,   0.234,   1.371,   0.800,   0.337,   1.371,   0.800,   1.371,   0.900,   1.471
202603242206,   0.194,   1.308,9999.000,9999.000,9999.000,9999.000,9999.000,9999.000,9999.000
202603242212,   0.157,   1.279,9999.000,9999.000,9999.000,9999.000,9999.000,9999.000,9999.000
202603242218,   0.123,   1.239,9999.000,9999.000,9999.000,9999.000,9999.000,9999.000,9999.000
202603242224,   0.093,   1.190,9999.000,9999.000,9999.000,9999.000,9999.000,9999.000,9999.000
202603242230,   0.067,   1.138,9999.000,9999.000,9999.000,9999.000,9999.000,9999.000,9999.000
202603242236,   0.044,   1.108,9999.000,9999.000,9999.000,9999.000,9999.000,9999.000,9999.000
202603242242,   0.025,   1.138,9999.000,9999.000,9999.000,9999.000,9999.000,9999.000,9999.000
202603242248,   0.010,   1.010,9999.000,9999.000,9999.000,9999.000,9999.000,9999.000,9999.000
202603242254,   0.000,   1.079,9999.000,9999.000,9999.000,9999.000,9999.000,9999.000,9999.000
202603242300,  -0.006,   1.118,   0.800,   0.324,   1.118,   0.800,   1.118,   0.900,   1.218
202603242306,  -0.010,   1.020,9999.000,9999.000,9999.000,9999.000,9999.000,9999.000,9999.000
202603242312,  -0.009,   1.069,9999.000,9999.000,9999.000,9999.000,9999.000,9999.000,9999.000
202603242318,  -0.004,   1.020,9999.000,9999.000,9999.000,9999.000,9999.000,9999.000,9999.000
202603242324,   0.004,   1.039,9999.000,9999.000,9999.000,9999.000,9999.000,9999.000,9999.000
202603242330,   0.016,   1.069,9999.000,9999.000,9999.000,9999.000,9999.000,9999.000,9999.000
202603242336,   0.032,   1.069,9999.000,9999.000,9999.000,9999.000,9999.000,9999.000,9999.000
202603242342,   0.052,   1.059,9999.000,9999.000,9999.000,9999.000,9999.000,9999.000,9999.000
202603242348,   0.075,   1.138,9999.000,9999.000,9999.000,9999.000,9999.000,9999.000,9999.000
202603242354,   0.102,   1.088,9999.000,9999.000,9999.000,9999.000,9999.000,9999.000,9999.000
202603250000,   0.132,   1.170,   0.900,   0.138,   1.170,   0.800,   1.070,   0.900,   1.170
202603250006,   0.165,   1.088,9999.000,9999.000,9999.000,9999.000,9999.000,9999.000,9999.000
202603250012,   0.201,   1.118,9999.000,9999.000,9999.000,9999.000,9999.000,9999.000,9999.000
202603250018,   0.240,   1.161,9999.000,9999.000,9999.000,9999.000,9999.000,9999.000,9999.000
202603250024,   0.282,   1.239,9999.000,9999.000,9999.000,9999.000,9999.000,9999.000,9999.000
202603250030,   0.327,   1.289,9999.000,9999.000,9999.000,9999.000,9999.000,9999.000,9999.000
202603250036,   0.373,   1.289,9999.000,9999.000,9999.000,9999.000,9999.000,9999.000,9999.000
202603250042,   0.423,   1.410,9999.000,9999.000,9999.000,9999.000,9999.000,9999.000,9999.000
202603250048,   0.474,   1.439,9999.000,9999.000,9999.000,9999.000,9999.000,9999.000,9999.000
202603250054,   0.527,   1.518,9999.000,9999.000,9999.000,9999.000,9999.000,9999.000,9999.000
202603250100,   0.583,   1.518,   0.800,   0.135,   1.518,   0.800,   1.518,   0.900,   1.618
202603250106,   0.639,   1.518,9999.000,9999.000,9999.000,9999.000,9999.000,9999.000,9999.000
202603250112,   0.698,   1.590,9999.000,9999.000,9999.000,9999.000,9999.000,9999.000,9999.000
202603250118,   0.758,   1.649,9999.000,9999.000,9999.000,9999.000,9999.000,9999.000,9999.000
202603250124,   0.819,   1.748,9999.000,9999.000,9999.000,9999.000,9999.000,9999.000,9999.000
202603250130,   0.881,   1.781,9999.000,9999.000,9999.000,9999.000,9999.000,9999.000,9999.000
202603250136,   0.944,   1.859,9999.000,9999.000,9999.000,9999.000,9999.000,9999.000,9999.000
202603250142,   1.007,   1.899,9999.000,9999.000,9999.000,9999.000,9999.000,9999.000,9999.000
202603250148,   1.072,   2.020,9999.000,9999.000,9999.000,9999.000,9999.000,9999.000,9999.000
202603250154,   1.136,   1.948,9999.000,9999.000,9999.000,9999.000,9999.000,9999.000,9999.000
202603250200,   1.201,   2.020,   0.800,   0.019,   2.020,   0.800,   2.020,   0.900,   2.120
202603250206,   1.267,   2.109,9999.000,9999.000,9999.000,9999.000,9999.000,9999.000,9999.000
202603250212,   1.332,   2.200,9999.000,9999.000,9999.000,9999.000,9999.000,9999.000,9999.000
202603250218,   1.397,   2.168,9999.000,9999.000,9999.000,9999.000,9999.000,9999.000,9999.000
202603250224,   1.461,   2.220,9999.000,9999.000,9999.000,9999.000,9999.000,9999.000,9999.000
202603250230,   1.526,   2.289,9999.000,9999.000,9999.000,9999.000,9999.000,9999.000,9999.000
202603250236,   1.590,   2.368,9999.000,9999.000,9999.000,9999.000,9999.000,9999.000,9999.000
202603250242,   1.653,   2.430,9999.000,9999.000,9999.000,9999.000,9999.000,9999.000,9999.000
202603250248,   1.715,   2.489,9999.000,9999.000,9999.000,9999.000,9999.000,9999.000,9999.000
202603250254,   1.776,   2.568,9999.000,9999.000,9999.000,9999.000,9999.000,9999.000,9999.000
202603250300,   1.837,   2.620,   0.800,  -0.017,   2.620,   0.700,   2.520,   0.800,   2.620
202603250306,   1.896,   2.679,9999.000,9999.000,9999.000,9999.000,9999.000,9999.000,9999.000
202603250312,   1.954,   2.709,9999.000,9999.000,9999.000,9999.000,9999.000,9999.000,9999.000
202603250318,   2.011,   2.807,9999.000,9999.000,9999.000,9999.000,9999.000,9999.000,9999.000
202603250324,   2.067,   2.919,9999.000,9999.000,9999.000,9999.000,9999.000,9999.000,9999.000
202603250330,   2.121,   2.919,9999.000,9999.000,9999.000,9999.000,9999.000,9999.000,9999.000
202603250336,   2.173,   2.919,9999.000,9999.000,9999.000,9999.000,9999.000,9999.000,9999.000
202603250342,   2.224,   3.040,9999.000,9999.000,9999.000,9999.000,9999.000,9999.000,9999.000
202603250348,   2.273,   3.138,9999.000,9999.000,9999.000,9999.000,9999.000,9999.000,9999.000
202603250354,   2.321,   3.138,9999.000,9999.000,9999.000,9999.000,9999.000,9999.000,9999.000
202603250400,   2.367,   3.250,   0.700,   0.183,   3.250,   0.700,   3.250,   0.800,   3.350
202603250406,   2.411,   3.240,9999.000,9999.000,9999.000,9999.000,9999.000,9999.000,9999.000
202603250412,   2.453,   3.329,9999.000,9999.000,9999.000,9999.000,9999.000,9999.000,9999.000
202603250418,   2.494,   3.358,9999.000,9999.000,9999.000,9999.000,9999.000,9999.000,9999.000
202603250424,   2.533,   3.348,9999.000,9999.000,9999.000,9999.000,9999.000,9999.000,9999.000
202603250430,   2.570,   3.489,9999.000,9999.000,9999.000,9999.000,9999.000,9999.000,9999.000
202603250436,   2.605,   3.568,9999.000,9999.000,9999.000,9999.000,9999.000,9999.000,9999.000
202603250442,   2.638,   3.519,9999.000,9999.000,9999.000,9999.000,9999.000,9999.000,9999.000
202603250448,   2.669,   3.539,9999.000,9999.000,9999.000,9999.000,9999.000,9999.000,9999.000
202603250454,   2.699,   3.588,9999.000,9999.000,9999.000,9999.000,9999.000,9999.000,9999.000
202603250500,   2.726,   3.627,   0.700,   0.201,   3.627,   0.700,   3.627,   0.700,   3.627
202603250506,   2.752,   3.719,9999.000,9999.000,9999.000,9999.000,9999.000,9999.000,9999.000
202603250512,   2.776,   3.670,9999.000,9999.000,9999.000,9999.000,9999.000,9999.000,9999.000
202603250518,   2.798,   3.689,9999.000,9999.000,9999.000,9999.000,9999.000,9999.000,9999.000
202603250524,   2.818,   3.680,9999.000,9999.000,9999.000,9999.000,9999.000,9999.000,9999.000
202603250530,   2.836,   3.768,9999.000,9999.000,9999.000,9999.000,9999.000,9999.000,9999.000
202603250536,   2.853,   3.758,9999.000,9999.000,9999.000,9999.000,9999.000,9999.000,9999.000
202603250542,   2.867,   3.808,9999.000,9999.000,9999.000,9999.000,9999.000,9999.000,9999.000
202603250548,   2.879,   3.709,9999.000,9999.000,9999.000,9999.000,9999.000,9999.000,9999.000
202603250554,   2.890,   3.758,9999.000,9999.000,9999.000,9999.000,9999.000,9999.000,9999.000
202603250600,   2.898,   3.860,   0.700,   0.262,   3.860,   0.600,   3.760,   0.700,   3.860
202603250606,   2.904,   3.817,9999.000,9999.000,9999.000,9999.000,9999.000,9999.000,9999.000
202603250612,   2.908,   3.729,9999.000,9999.000,9999.000,9999.000,9999.000,9999.000,9999.000
202603250618,   2.910,   3.798,9999.000,9999.000,9999.000,9999.000,9999.000,9999.000,9999.000
202603250624,   2.909,   3.719,9999.000,9999.000,9999.000,9999.000,9999.000,9999.000,9999.000
202603250630,   2.906,   3.758,9999.000,9999.000,9999.000,9999.000,9999.000,9999.000,9999.000
202603250636,   2.901,   3.808,9999.000,9999.000,9999.000,9999.000,9999.000,9999.000,9999.000
202603250642,   2.894,   3.768,9999.000,9999.000,9999.000,9999.000,9999.000,9999.000,9999.000
202603250648,   2.883,   3.719,9999.000,9999.000,9999.000,9999.000,9999.000,9999.000,9999.000
202603250654,   2.871,   3.670,9999.000,9999.000,9999.000,9999.000,9999.000,9999.000,9999.000
202603250700,   2.855,   3.739,   0.700,   0.184,   3.739,   0.600,   3.639,   0.700,   3.739
202603250706,   2.837,   3.699,9999.000,9999.000,9999.000,9999.000,9999.000,9999.000,9999.000
202603250712,   2.816,   3.650,9999.000,9999.000,9999.000,9999.000,9999.000,9999.000,9999.000
202603250718,   2.792,   3.558,9999.000,9999.000,9999.000,9999.000,9999.000,9999.000,9999.000
202603250724,   2.766,   3.519,9999.000,9999.000,9999.000,9999.000,9999.000,9999.000,9999.000
202603250730,   2.737,   3.509,9999.000,9999.000,9999.000,9999.000,9999.000,9999.000,9999.000
202603250736,   2.704,   3.489,9999.000,9999.000,9999.000,9999.000,9999.000,9999.000,9999.000
202603250742,   2.669,   3.470,9999.000,9999.000,9999.000,9999.000,9999.000,9999.000,9999.000
202603250748,   2.631,   3.289,9999.000,9999.000,9999.000,9999.000,9999.000,9999.000,9999.000
202603250754,   2.590,   3.250,9999.000,9999.000,9999.000,9999.000,9999.000,9999.000,9999.000
202603250800,   2.547,   3.279,   0.600,   0.132,   3.279,   0.600,   3.279,   0.700,   3.379
202603250806,   2.500,   3.079,9999.000,9999.000,9999.000,9999.000,9999.000,9999.000,9999.000
202603250812,   2.451,   3.129,9999.000,9999.000,9999.000,9999.000,9999.000,9999.000,9999.000
202603250818,   2.400,   2.978,9999.000,9999.000,9999.000,9999.000,9999.000,9999.000,9999.000
202603250824,   2.346,   2.929,9999.000,9999.000,9999.000,9999.000,9999.000,9999.000,9999.000
202603250830,   2.289,   2.879,9999.000,9999.000,9999.000,9999.000,9999.000,9999.000,9999.000
202603250836,   2.230,   2.909,9999.000,9999.000,9999.000,9999.000,9999.000,9999.000,9999.000
202603250842,   2.170,   2.830,9999.000,9999.000,9999.000,9999.000,9999.000,9999.000,9999.000
202603250848,   2.107,   2.778,9999.000,9999.000,9999.000,9999.000,9999.000,9999.000,9999.000
202603250854,   2.043,   2.587,9999.000,9999.000,9999.000,9999.000,9999.000,9999.000,9999.000
202603250900,   1.977,   2.630,   0.600,   0.053,   2.630,   0.600,   2.630,   0.600,   2.630
202603250906,   1.909,   2.538,9999.000,9999.000,9999.000,9999.000,9999.000,9999.000,9999.000
202603250912,   1.841,   2.459,9999.000,9999.000,9999.000,9999.000,9999.000,9999.000,9999.000
202603250918,   1.772,   2.328,9999.000,9999.000,9999.000,9999.000,9999.000,9999.000,9999.000
202603250924,   1.702,   2.289,9999.000,9999.000,9999.000,9999.000,9999.000,9999.000,9999.000
202603250930,   1.632,   2.200,9999.000,9999.000,9999.000,9999.000,9999.000,9999.000,9999.000
202603250936,   1.562,   2.148,9999.000,9999.000,9999.000,9999.000,9999.000,9999.000,9999.000
202603250942,   1.491,   2.069,9999.000,9999.000,9999.000,9999.000,9999.000,9999.000,9999.000
202603250948,   1.421,   2.020,9999.000,9999.000,9999.000,9999.000,9999.000,9999.000,9999.000
202603250954,   1.352,   1.889,9999.000,9999.000,9999.000,9999.000,9999.000,9999.000,9999.000
202603251000,   1.284,   1.748,   0.500,  -0.036,   1.748,   0.500,   1.748,   0.600,   1.848
202603251006,   1.216,   1.708,9999.000,9999.000,9999.000,9999.000,9999.000,9999.000,9999.000
202603251012,   1.150,   1.748,9999.000,9999.000,9999.000,9999.000,9999.000,9999.000,9999.000
202603251018,   1.085,   1.679,9999.000,9999.000,9999.000,9999.000,9999.000,9999.000,9999.000
202603251024,   1.023,   1.449,9999.000,9999.000,9999.000,9999.000,9999.000,9999.000,9999.000
202603251030,   0.962,   1.469,9999.000,9999.000,9999.000,9999.000,9999.000,9999.000,9999.000
202603251036,   0.903,   1.439,9999.000,9999.000,9999.000,9999.000,9999.000,9999.000,9999.000
202603251042,   0.846,   1.400,9999.000,9999.000,9999.000,9999.000,9999.000,9999.000,9999.000
202603251048,   0.792,   1.430,9999.000,9999.000,9999.000,9999.000,9999.000,9999.000,9999.000
202603251054,   0.741,   1.259,9999.000,9999.000,9999.000,9999.000,9999.000,9999.000,9999.000
202603251100,   0.692,   1.190,   0.500,  -0.002,   1.190,   0.500,   1.190,   0.500,   1.190
202603251106,   0.646,   1.190,9999.000,9999.000,9999.000,9999.000,9999.000,9999.000,9999.000
202603251112,   0.603,   1.059,9999.000,9999.000,9999.000,9999.000,9999.000,9999.000,9999.000
202603251118,   0.563,   1.069,9999.000,9999.000,9999.000,9999.000,9999.000,9999.000,9999.000
202603251124,   0.527,   1.029,9999.000,9999.000,9999.000,9999.000,9999.000,9999.000,9999.000
202603251130,   0.493,   0.990,9999.000,9999.000,9999.000,9999.000,9999.000,9999.000,9999.000
202603251136,   0.463,   0.941,9999.000,9999.000,9999.000,9999.000,9999.000,9999.000,9999.000
202603251142,   0.436,   0.990,9999.000,9999.000,9999.000,9999.000,9999.000,9999.000,9999.000
202603251148,   0.412,   0.928,9999.000,9999.000,9999.000,9999.000,9999.000,9999.000,9999.000
202603251154,   0.392,   0.829,9999.000,9999.000,9999.000,9999.000,9999.000,9999.000,9999.000
202603251200,   0.375,   0.839,   0.500,  -0.036,   0.839,   0.500,   0.839,   0.500,   0.839
202603251206,   0.361,   0.810,9999.000,9999.000,9999.000,9999.000,9999.000,9999.000,9999.000
202603251212,   0.350,   0.770,9999.000,9999.000,9999.000,9999.000,9999.000,9999.000,9999.000
202603251218,   0.343,   0.760,9999.000,9999.000,9999.000,9999.000,9999.000,9999.000,9999.000
202603251224,   0.339,   0.741,9999.000,9999.000,9999.000,9999.000,9999.000,9999.000,9999.000
202603251230,   0.338,   0.688,9999.000,9999.000,9999.000,9999.000,9999.000,9999.000,9999.000
202603251236,   0.340,   0.708,9999.000,9999.000,9999.000,9999.000,9999.000,9999.000,9999.000
202603251242,   0.345,   0.708,9999.000,9999.000,9999.000,9999.000,9999.000,9999.000,9999.000
202603251248,   0.353,   0.751,9999.000,9999.000,9999.000,9999.000,9999.000,9999.000,9999.000
202603251254,   0.364,   0.731,9999.000,9999.000,9999.000,9999.000,9999.000,9999.000,9999.000
202603251300,   0.378,   0.760,   0.500,  -0.118,   0.760,   0.400,   0.660,   0.500,   0.760
202603251306,   0.394,   0.678,9999.000,9999.000,9999.000,9999.000,9999.000,9999.000,9999.000
202603251312,   0.413,   0.678,9999.000,9999.000,9999.000,9999.000,9999.000,9999.000,9999.000
202603251318,   0.434,   0.800,9999.000,9999.000,9999.000,9999.000,9999.000,9999.000,9999.000
202603251324,   0.457,   0.708,9999.000,9999.000,9999.000,9999.000,9999.000,9999.000,9999.000
202603251330,   0.483,   0.751,9999.000,9999.000,9999.000,9999.000,9999.000,9999.000,9999.000
202603251336,   0.511,   0.708,9999.000,9999.000,9999.000,9999.000,9999.000,9999.000,9999.000
202603251342,   0.541,   0.760,9999.000,9999.000,9999.000,9999.000,9999.000,9999.000,9999.000
202603251348,   0.573,   0.869,9999.000,9999.000,9999.000,9999.000,9999.000,9999.000,9999.000
202603251354,   0.607,   0.941,9999.000,9999.000,9999.000,9999.000,9999.000,9999.000,9999.000
202603251400,   0.642,   0.819,   0.400,  -0.223,   0.819,   0.400,   0.819,   0.500,   0.919
202603251406,   0.679,   0.859,9999.000,9999.000,9999.000,9999.000,9999.000,9999.000,9999.000
202603251412,   0.717,   0.980,9999.000,9999.000,9999.000,9999.000,9999.000,9999.000,9999.000
202603251418,   0.757,   1.000,9999.000,9999.000,9999.000,9999.000,9999.000,9999.000,9999.000
202603251424,   0.798,   1.029,9999.000,9999.000,9999.000,9999.000,9999.000,9999.000,9999.000
202603251430,   0.839,   0.908,9999.000,9999.000,9999.000,9999.000,9999.000,9999.000,9999.000
202603251436,   0.882,   1.098,9999.000,9999.000,9999.000,9999.000,9999.000,9999.000,9999.000
202603251442,   0.925,   1.190,9999.000,9999.000,9999.000,9999.000,9999.000,9999.000,9999.000
202603251448,   0.969,   1.289,9999.000,9999.000,9999.000,9999.000,9999.000,9999.000,9999.000
202603251454,   1.013,   1.249,9999.000,9999.000,9999.000,9999.000,9999.000,9999.000,9999.000
202603251500,   1.058,   1.239,   0.400,  -0.219,   1.239,   0.400,   1.239,   0.400,   1.239
202603251506,   1.103,   1.318,9999.000,9999.000,9999.000,9999.000,9999.000,9999.000,9999.000
202603251512,   1.147,   1.361,9999.000,9999.000,9999.000,9999.000,9999.000,9999.000,9999.000
202603251518,   1.192,   1.410,9999.000,9999.000,9999.000,9999.000,9999.000,9999.000,9999.000
202603251524,   1.237,   1.459,9999.000,9999.000,9999.000,9999.000,9999.000,9999.000,9999.000
202603251530,   1.281,   1.557,9999.000,9999.000,9999.000,9999.000,9999.000,9999.000,9999.000
202603251536,   1.324,   1.498,9999.000,9999.000,9999.000,9999.000,9999.000,9999.000,9999.000
202603251542,   1.368,   1.538,9999.000,9999.000,9999.000,9999.000,9999.000,9999.000,9999.000
202603251548,   1.410,   1.738,9999.000,9999.000,9999.000,9999.000,9999.000,9999.000,9999.000
202603251554,   1.452,   1.669,9999.000,9999.000,9999.000,9999.000,9999.000,9999.000,9999.000
202603251600,   1.493,   1.600,   0.400,  -0.293,   1.600,   0.400,   1.600,   0.400,   1.600
202603251606,   1.532,   1.689,9999.000,9999.000,9999.000,9999.000,9999.000,9999.000,9999.000
202603251612,   1.571,   1.800,9999.000,9999.000,9999.000,9999.000,9999.000,9999.000,9999.000
202603251618,   1.609,   1.790,9999.000,9999.000,9999.000,9999.000,9999.000,9999.000,9999.000
202603251624,   1.645,   1.879,9999.000,9999.000,9999.000,9999.000,9999.000,9999.000,9999.000
202603251630,   1.681,   1.840,9999.000,9999.000,9999.000,9999.000,9999.000,9999.000,9999.000
202603251636,   1.714,   1.899,9999.000,9999.000,9999.000,9999.000,9999.000,9999.000,9999.000
202603251642,   1.747,   1.869,9999.000,9999.000,9999.000,9999.000,9999.000,9999.000,9999.000
202603251648,   1.778,   1.981,9999.000,9999.000,9999.000,9999.000,9999.000,9999.000,9999.000
202603251654,   1.808,   1.938,9999.000,9999.000,9999.000,9999.000,9999.000,9999.000,9999.000
202603251700,   1.836,   1.990,   0.400,  -0.246,   1.990,   0.300,   1.890,   0.400,   1.990
202603251706,   1.863,   2.020,9999.000,9999.000,9999.000,9999.000,9999.000,9999.000,9999.000
202603251712,   1.888,   2.010,9999.000,9999.000,9999.000,9999.000,9999.000,9999.000,9999.000
202603251718,   1.911,   2.089,9999.000,9999.000,9999.000,9999.000,9999.000,9999.000,9999.000
202603251724,   1.933,   2.089,9999.000,9999.000,9999.000,9999.000,9999.000,9999.000,9999.000
202603251730,   1.954,   2.158,9999.000,9999.000,9999.000,9999.000,9999.000,9999.000,9999.000
202603251736,   1.972,   2.069,9999.000,9999.000,9999.000,9999.000,9999.000,9999.000,9999.000
202603251742,   1.990,   2.168,9999.000,9999.000,9999.000,9999.000,9999.000,9999.000,9999.000
202603251748,   2.005,   2.250,9999.000,9999.000,9999.000,9999.000,9999.000,9999.000,9999.000
202603251754,   2.019,   2.250,9999.000,9999.000,9999.000,9999.000,9999.000,9999.000,9999.000
202603251800,   2.031,   2.269,   0.300,  -0.062,   2.269,   0.300,   2.269,   0.400,   2.369
202603251806,   2.041,   2.230,9999.000,9999.000,9999.000,9999.000,9999.000,9999.000,9999.000
202603251812,   2.050,   2.240,9999.000,9999.000,9999.000,9999.000,9999.000,9999.000,9999.000
202603251818,   2.056,   2.230,9999.000,9999.000,9999.000,9999.000,9999.000,9999.000,9999.000
202603251824,   2.061,   2.259,9999.000,9999.000,9999.000,9999.000,9999.000,9999.000,9999.000
202603251830,   2.064,   2.158,9999.000,9999.000,9999.000,9999.000,9999.000,9999.000,9999.000
202603251836,   2.065,   2.220,9999.000,9999.000,9999.000,9999.000,9999.000,9999.000,9999.000
202603251842,   2.064,   2.250,9999.000,9999.000,9999.000,9999.000,9999.000,9999.000,9999.000
202603251848,   2.062,   2.118,9999.000,9999.000,9999.000,9999.000,9999.000,9999.000,9999.000
202603251854,   2.057,   2.128,9999.000,9999.000,9999.000,9999.000,9999.000,9999.000,9999.000
202603251900,   2.050,   2.168,   0.300,  -0.182,   2.168,   0.300,   2.168,   0.400,   2.268
202603251906,   2.040,   2.220,9999.000,9999.000,9999.000,9999.000,9999.000,9999.000,9999.000
202603251912,   2.029,   2.177,9999.000,9999.000,9999.000,9999.000,9999.000,9999.000,9999.000
202603251918,   2.015,   1.981,9999.000,9999.000,9999.000,9999.000,9999.000,9999.000,9999.000
202603251924,   1.999,   2.000,9999.000,9999.000,9999.000,9999.000,9999.000,9999.000,9999.000
202603251930,   1.981,   1.967,9999.000,9999.000,9999.000,9999.000,9999.000,9999.000,9999.000
202603251936,   1.960,   1.879,9999.000,9999.000,9999.000,9999.000,9999.000,9999.000,9999.000
202603251942,   1.937,   1.820,9999.000,9999.000,9999.000,9999.000,9999.000,9999.000,9999.000
202603251948,   1.912,   1.849,9999.000,9999.000,9999.000,9999.000,9999.000,9999.000,9999.000
202603251954,   1.884,   1.849,9999.000,9999.000,9999.000,9999.000,9999.000,9999.000,9999.000
202603252000,   1.853,   1.758,   0.300,  -0.395,   1.758,   0.300,   1.758,   0.300,   1.758
202603252006,   1.821,9999.000,9999.000,9999.000,9999.000,9999.000,9999.000,9999.000,9999.000
202603252012,   1.786,   1.758,9999.000,9999.000,9999.000,9999.000,9999.000,9999.000,9999.000
202603252018,   1.748,   1.758,9999.000,9999.000,9999.000,9999.000,9999.000,9999.000,9999.000
202603252024,   1.708,   1.679,9999.000,9999.000,9999.000,9999.000,9999.000,9999.000,9999.000
202603252030,   1.666,   1.557,9999.000,9999.000,9999.000,9999.000,9999.000,9999.000,9999.000
202603252036,   1.622,   1.590,9999.000,9999.000,9999.000,9999.000,9999.000,9999.000,9999.000
202603252042,   1.576,   1.610,9999.000,9999.000,9999.000,9999.000,9999.000,9999.000,9999.000
202603252048,   1.528,   1.508,9999.000,9999.000,9999.000,9999.000,9999.000,9999.000,9999.000
202603252054,   1.478,   1.449,9999.000,9999.000,9999.000,9999.000,9999.000,9999.000,9999.000
202603252100,   1.427,   1.469,   0.300,  -0.258,   1.469,   0.300,   1.469,   0.300,   1.469
202603252106,   1.373,   1.308,9999.000,9999.000,9999.000,9999.000,9999.000,9999.000,9999.000
202603252112,   1.319,   1.249,9999.000,9999.000,9999.000,9999.000,9999.000,9999.000,9999.000
202603252118,   1.264,   1.269,9999.000,9999.000,9999.000,9999.000,9999.000,9999.000,9999.000
202603252124,   1.207,   1.200,9999.000,9999.000,9999.000,9999.000,9999.000,9999.000,9999.000
202603252130,   1.150,   1.161,9999.000,9999.000,9999.000,9999.000,9999.000,9999.000,9999.000
202603252136,   1.092,   1.128,9999.000,9999.000,9999.000,9999.000,9999.000,9999.000,9999.000
202603252142,   1.034,   1.118,9999.000,9999.000,9999.000,9999.000,9999.000,9999.000,9999.000
202603252148,   0.976,   1.000,9999.000,9999.000,9999.000,9999.000,9999.000,9999.000,9999.000
202603252154,   0.918,   1.039,9999.000,9999.000,9999.000,9999.000,9999.000,9999.000,9999.000
202603252200,   0.861,   0.839,   0.300,  -0.322,   0.839,   0.300,   0.839,   0.300,   0.839
202603252206,   0.804,   0.908,9999.000,9999.000,9999.000,9999.000,9999.000,9999.000,9999.000
202603252212,   0.748,   1.000,9999.000,9999.000,9999.000,9999.000,9999.000,9999.000,9999.000
202603252218,   0.693,   0.898,9999.000,9999.000,9999.000,9999.000,9999.000,9999.000,9999.000
202603252224,   0.640,   0.928,9999.000,9999.000,9999.000,9999.000,9999.000,9999.000,9999.000
202603252230,   0.588,   0.829,9999.000,9999.000,9999.000,9999.000,9999.000,9999.000,9999.000
202603252236,   0.537,   0.790,9999.000,9999.000,9999.000,9999.000,9999.000,9999.000,9999.000
202603252242,   0.489,   0.800,9999.000,9999.000,9999.000,9999.000,9999.000,9999.000,9999.000
202603252248,   0.443,   0.698,9999.000,9999.000,9999.000,9999.000,9999.000,9999.000,9999.000
202603252254,   0.400,   0.570,9999.000,9999.000,9999.000,9999.000,9999.000,9999.000,9999.000
202603252300,   0.358,   0.551,   0.300,  -0.107,   0.551,   0.300,   0.551,   0.300,   0.551
202603252306,   0.320,   0.488,9999.000,9999.000,9999.000,9999.000,9999.000,9999.000,9999.000
202603252312,   0.284,9999.000,9999.000,9999.000,9999.000,9999.000,9999.000,9999.000,9999.000
202603252318,   0.252,   0.541,9999.000,9999.000,9999.000,9999.000,9999.000,9999.000,9999.000
202603252324,   0.222,   0.498,9999.000,9999.000,9999.000,9999.000,9999.000,9999.000,9999.000
202603252330,   0.196,   0.498,9999.000,9999.000,9999.000,9999.000,9999.000,9999.000,9999.000
202603252336,   0.172,   0.429,9999.000,9999.000,9999.000,9999.000,9999.000,9999.000,9999.000
202603252342,   0.153,   0.459,9999.000,9999.000,9999.000,9999.000,9999.000,9999.000,9999.000
202603252348,   0.136,   0.400,9999.000,9999.000,9999.000,9999.000,9999.000,9999.000,9999.000
202603252354,   0.123,   0.459,9999.000,9999.000,9999.000,9999.000,9999.000,9999.000,9999.000
202603260000,   0.113,   0.331,   0.300,  -0.082,   0.331,   0.200,   0.231,   0.300,   0.331
202603260006,   0.107,   0.341,9999.000,9999.000,9999.000,9999.000,9999.000,9999.000,9999.000
202603260012,   0.104,   0.360,9999.000,9999.000,9999.000,9999.000,9999.000,9999.000,9999.000
202603260018,   0.105,   0.341,9999.000,9999.000,9999.000,9999.000,9999.000,9999.000,9999.000
202603260024,   0.109,   0.278,9999.000,9999.000,9999.000,9999.000,9999.000,9999.000,9999.000
202603260030,   0.116,   0.439,9999.000,9999.000,9999.000,9999.000,9999.000,9999.000,9999.000
202603260036,   0.127,   0.498,9999.000,9999.000,9999.000,9999.000,9999.000,9999.000,9999.000
202603260042,   0.141,   0.498,9999.000,9999.000,9999.000,9999.000,9999.000,9999.000,9999.000
202603260048,   0.158,   0.478,9999.000,9999.000,9999.000,9999.000,9999.000,9999.000,9999.000
202603260054,   0.178,   0.390,9999.000,9999.000,9999.000,9999.000,9999.000,9999.000,9999.000
202603260100,   0.201,   0.439,   0.300,  -0.062,   0.439,   0.200,   0.339,   0.300,   0.439
202603260106,   0.227,   0.478,9999.000,9999.000,9999.000,9999.000,9999.000,9999.000,9999.000
202603260112,   0.255,   0.488,9999.000,9999.000,9999.000,9999.000,9999.000,9999.000,9999.000
202603260118,   0.287,   0.498,9999.000,9999.000,9999.000,9999.000,9999.000,9999.000,9999.000
202603260124,   0.321,   0.541,9999.000,9999.000,9999.000,9999.000,9999.000,9999.000,9999.000
202603260130,   0.357,   0.629,9999.000,9999.000,9999.000,9999.000,9999.000,9999.000,9999.000
202603260136,   0.396,   0.678,9999.000,9999.000,9999.000,9999.000,9999.000,9999.000,9999.000
202603260142,   0.437,   0.718,9999.000,9999.000,9999.000,9999.000,9999.000,9999.000,9999.000
202603260148,   0.480,   0.678,9999.000,9999.000,9999.000,9999.000,9999.000,9999.000,9999.000
202603260154,   0.525,   0.898,9999.000,9999.000,9999.000,9999.000,9999.000,9999.000,9999.000
202603260200,   0.572,   0.898,   0.300,   0.026,   0.898,   0.200,   0.798,   0.300,   0.898
202603260206,   0.621,   0.829,9999.000,9999.000,9999.000,9999.000,9999.000,9999.000,9999.000
202603260212,   0.671,   1.020,9999.000,9999.000,9999.000,9999.000,9999.000,9999.000,9999.000
202603260218,   0.723,   1.000,9999.000,9999.000,9999.000,9999.000,9999.000,9999.000,9999.000
202603260224,   0.776,   1.098,9999.000,9999.000,9999.000,9999.000,9999.000,9999.000,9999.000
202603260230,   0.830,   1.170,9999.000,9999.000,9999.000,9999.000,9999.000,9999.000,9999.000
202603260236,   0.886,   1.229,9999.000,9999.000,9999.000,9999.000,9999.000,9999.000,9999.000
202603260242,   0.942,   1.249,9999.000,9999.000,9999.000,9999.000,9999.000,9999.000,9999.000
202603260248,   0.999,   1.328,9999.000,9999.000,9999.000,9999.000,9999.000,9999.000,9999.000
202603260254,   1.057,   1.361,9999.000,9999.000,9999.000,9999.000,9999.000,9999.000,9999.000
202603260300,   1.115,   1.400,   0.300,  -0.015,   1.400,   0.200,   1.300,   0.300,   1.400
202603260306,   1.174,   1.361,9999.000,9999.000,9999.000,9999.000,9999.000,9999.000,9999.000
202603260312,   1.232,   1.469,9999.000,9999.000,9999.000,9999.000,9999.000,9999.000,9999.000
202603260318,   1.291,   1.479,9999.000,9999.000,9999.000,9999.000,9999.000,9999.000,9999.000
202603260324,   1.350,   1.590,9999.000,9999.000,9999.000,9999.000,9999.000,9999.000,9999.000
202603260330,   1.409,   1.620,9999.000,9999.000,9999.000,9999.000,9999.000,9999.000,9999.000
202603260336,   1.468,   1.758,9999.000,9999.000,9999.000,9999.000,9999.000,9999.000,9999.000
202603260342,   1.526,   1.790,9999.000,9999.000,9999.000,9999.000,9999.000,9999.000,9999.000
202603260348,   1.583,   1.849,9999.000,9999.000,9999.000,9999.000,9999.000,9999.000,9999.000
202603260354,   1.641,   1.948,9999.000,9999.000,9999.000,9999.000,9999.000,9999.000,9999.000
202603260400,   1.697,   2.010,   0.300,   0.013,   2.010,   0.200,   1.910,   0.300,   2.010
202603260406,   1.752,   2.089,9999.000,9999.000,9999.000,9999.000,9999.000,9999.000,9999.000
202603260412,   1.807,   2.148,9999.000,9999.000,9999.000,9999.000,9999.000,9999.000,9999.000
202603260418,   1.861,   2.200,9999.000,9999.000,9999.000,9999.000,9999.000,9999.000,9999.000
202603260424,   1.913,   2.309,9999.000,9999.000,9999.000,9999.000,9999.000,9999.000,9999.000
202603260430,   1.965,   2.309,9999.000,9999.000,9999.000,9999.000,9999.000,9999.000,9999.000
202603260436,   2.015,   2.309,9999.000,9999.000,9999.000,9999.000,9999.000,9999.000,9999.000
202603260442,   2.064,   2.420,9999.000,9999.000,9999.000,9999.000,9999.000,9999.000,9999.000
202603260448,   2.112,   2.410,9999.000,9999.000,9999.000,9999.000,9999.000,9999.000,9999.000
202603260454,   2.158,   2.528,9999.000,9999.000,9999.000,9999.000,9999.000,9999.000,9999.000
202603260500,   2.204,   2.578,   0.200,   0.174,   2.578,   0.200,   2.578,   0.300,   2.678
202603260506,   2.247,   2.669,9999.000,9999.000,9999.000,9999.000,9999.000,9999.000,9999.000
202603260512,   2.289,   2.709,9999.000,9999.000,9999.000,9999.000,9999.000,9999.000,9999.000
202603260518,   2.330,   2.709,9999.000,9999.000,9999.000,9999.000,9999.000,9999.000,9999.000
202603260524,   2.370,   2.748,9999.000,9999.000,9999.000,9999.000,9999.000,9999.000,9999.000
202603260530,   2.407,   2.758,9999.000,9999.000,9999.000,9999.000,9999.000,9999.000,9999.000
202603260536,   2.444,   2.879,9999.000,9999.000,9999.000,9999.000,9999.000,9999.000,9999.000
202603260542,   2.479,   2.909,9999.000,9999.000,9999.000,9999.000,9999.000,9999.000,9999.000
202603260548,   2.512,   2.879,9999.000,9999.000,9999.000,9999.000,9999.000,9999.000,9999.000
202603260554,   2.544,   2.958,9999.000,9999.000,9999.000,9999.000,9999.000,9999.000,9999.000
202603260600,   2.574,   3.007,   0.200,   0.233,   3.007,   0.200,   3.007,   0.200,   3.007
202603260606,   2.603,   2.978,9999.000,9999.000,9999.000,9999.000,9999.000,9999.000,9999.000
202603260612,   2.630,   2.997,9999.000,9999.000,9999.000,9999.000,9999.000,9999.000,9999.000
202603260618,   2.656,   3.070,9999.000,9999.000,9999.000,9999.000,9999.000,9999.000,9999.000
202603260624,   2.680,   3.070,9999.000,9999.000,9999.000,9999.000,9999.000,9999.000,9999.000
202603260630,   2.703,   3.148,9999.000,9999.000,9999.000,9999.000,9999.000,9999.000,9999.000
202603260636,   2.723,   3.168,9999.000,9999.000,9999.000,9999.000,9999.000,9999.000,9999.000
202603260642,   2.743,   3.158,9999.000,9999.000,9999.000,9999.000,9999.000,9999.000,9999.000
202603260648,   2.760,   3.178,9999.000,9999.000,9999.000,9999.000,9999.000,9999.000,9999.000
202603260654,   2.776,   3.188,9999.000,9999.000,9999.000,9999.000,9999.000,9999.000,9999.000
202603260700,   2.790,   3.230,   0.200,   0.240,   3.230,   0.100,   3.130,   0.200,   3.230
202603260706,   2.802,   3.217,9999.000,9999.000,9999.000,9999.000,9999.000,9999.000,9999.000
202603260712,   2.812,   3.230,9999.000,9999.000,9999.000,9999.000,9999.000,9999.000,9999.000
202603260718,   2.819,   3.207,9999.000,9999.000,9999.000,9999.000,9999.000,9999.000,9999.000
202603260724,   2.825,   3.168,9999.000,9999.000,9999.000,9999.000,9999.000,9999.000,9999.000
202603260730,   2.829,   3.250,9999.000,9999.000,9999.000,9999.000,9999.000,9999.000,9999.000
202603260736,   2.830,   3.217,9999.000,9999.000,9999.000,9999.000,9999.000,9999.000,9999.000
202603260742,   2.829,   3.217,9999.000,9999.000,9999.000,9999.000,9999.000,9999.000,9999.000
202603260748,   2.826,   3.230,9999.000,9999.000,9999.000,9999.000,9999.000,9999.000,9999.000
202603260754,   2.820,   3.178,9999.000,9999.000,9999.000,9999.000,9999.000,9999.000,9999.000
202603260800,   2.811,   3.148,   0.200,   0.137,   3.148,   0.100,   3.048,   0.200,   3.148
202603260806,   2.800,   3.079,9999.000,9999.000,9999.000,9999.000,9999.000,9999.000,9999.000
202603260812,   2.786,   3.079,9999.000,9999.000,9999.000,9999.000,9999.000,9999.000,9999.000
202603260818,   2.769,   3.148,9999.000,9999.000,9999.000,9999.000,9999.000,9999.000,9999.000
202603260824,   2.750,   3.070,9999.000,9999.000,9999.000,9999.000,9999.000,9999.000,9999.000
202603260830,   2.727,   2.988,9999.000,9999.000,9999.000,9999.000,9999.000,9999.000,9999.000
202603260836,   2.702,   2.899,9999.000,9999.000,9999.000,9999.000,9999.000,9999.000,9999.000
202603260842,   2.674,   2.889,9999.000,9999.000,9999.000,9999.000,9999.000,9999.000,9999.000
202603260848,   2.642,   2.919,9999.000,9999.000,9999.000,9999.000,9999.000,9999.000,9999.000
202603260854,   2.608,   2.830,9999.000,9999.000,9999.000,9999.000,9999.000,9999.000,9999.000
202603260900,   2.571,   2.748,   0.200,  -0.023,   2.748,   0.100,   2.648,   0.200,   2.748
202603260906,   2.531,   2.719,9999.000,9999.000,9999.000,9999.000,9999.000,9999.000,9999.000
202603260912,   2.489,   2.620,9999.000,9999.000,9999.000,9999.000,9999.000,9999.000,9999.000
202603260918,   2.443,   2.578,9999.000,9999.000,9999.000,9999.000,9999.000,9999.000,9999.000
202603260924,   2.395,   2.509,9999.000,9999.000,9999.000,9999.000,9999.000,9999.000,9999.000
202603260930,   2.345,   2.459,9999.000,9999.000,9999.000,9999.000,9999.000,9999.000,9999.000
202603260936,   2.292,   2.450,9999.000,9999.000,9999.000,9999.000,9999.000,9999.000,9999.000
202603260942,   2.237,   2.479,9999.000,9999.000,9999.000,9999.000,9999.000,9999.000,9999.000
202603260948,   2.180,   2.309,9999.000,9999.000,9999.000,9999.000,9999.000,9999.000,9999.000
202603260954,   2.121,   2.220,9999.000,9999.000,9999.000,9999.000,9999.000,9999.000,9999.000
202603261000,   2.060,   2.168,   0.100,   0.008,   2.168,   0.000,   2.068,   0.200,   2.268
202603261006,   1.998,   2.148,9999.000,9999.000,9999.000,9999.000,9999.000,9999.000,9999.000
202603261012,   1.934,   2.040,9999.000,9999.000,9999.000,9999.000,9999.000,9999.000,9999.000
202603261018,   1.869,   2.030,9999.000,9999.000,9999.000,9999.000,9999.000,9999.000,9999.000
202603261024,   1.803,   1.908,9999.000,9999.000,9999.000,9999.000,9999.000,9999.000,9999.000
202603261030,   1.737,   1.889,9999.000,9999.000,9999.000,9999.000,9999.000,9999.000,9999.000
202603261036,   1.670,   1.748,9999.000,9999.000,9999.000,9999.000,9999.000,9999.000,9999.000
202603261042,   1.603,   1.699,9999.000,9999.000,9999.000,9999.000,9999.000,9999.000,9999.000
202603261048,   1.536,   1.669,9999.000,9999.000,9999.000,9999.000,9999.000,9999.000,9999.000
202603261054,   1.469,   1.590,9999.000,9999.000,9999.000,9999.000,9999.000,9999.000,9999.000
202603261100,   1.403,   1.489,   0.100,  -0.014,   1.489,   0.000,   1.389,   0.100,   1.489
202603261106,   1.338,   1.459,9999.000,9999.000,9999.000,9999.000,9999.000,9999.000,9999.000
202603261112,   1.273,   1.410,9999.000,9999.000,9999.000,9999.000,9999.000,9999.000,9999.000
202603261118,   1.209,   1.318,9999.000,9999.000,9999.000,9999.000,9999.000,9999.000,9999.000
202603261124,   1.147,   1.259,9999.000,9999.000,9999.000,9999.000,9999.000,9999.000,9999.000
202603261130,   1.086,   1.220,9999.000,9999.000,9999.000,9999.000,9999.000,9999.000,9999.000
202603261136,   1.027,   1.161,9999.000,9999.000,9999.000,9999.000,9999.000,9999.000,9999.000
202603261142,   0.970,   1.108,9999.000,9999.000,9999.000,9999.000,9999.000,9999.000,9999.000
202603261148,   0.915,   1.039,9999.000,9999.000,9999.000,9999.000,9999.000,9999.000,9999.000
202603261154,   0.862,   0.951,9999.000,9999.000,9999.000,9999.000,9999.000,9999.000,9999.000
202603261200,   0.811,   0.918,   0.100,   0.007,   0.918,   0.000,   0.818,   0.100,   0.918
202603261206,   0.763,   0.898,9999.000,9999.000,9999.000,9999.000,9999.000,9999.000,9999.000
202603261212,   0.717,   0.859,9999.000,9999.000,9999.000,9999.000,9999.000,9999.000,9999.000
202603261218,   0.674,   0.800,9999.000,9999.000,9999.000,9999.000,9999.000,9999.000,9999.000
202603261224,   0.634,   0.678,9999.000,9999.000,9999.000,9999.000,9999.000,9999.000,9999.000
202603261230,   0.597,   0.688,9999.000,9999.000,9999.000,9999.000,9999.000,9999.000,9999.000
202603261236,   0.562,   0.688,9999.000,9999.000,9999.000,9999.000,9999.000,9999.000,9999.000
202603261242,   0.531,   0.600,9999.000,9999.000,9999.000,9999.000,9999.000,9999.000,9999.000
202603261248,   0.502,   0.649,9999.000,9999.000,9999.000,9999.000,9999.000,9999.000,9999.000
202603261254,   0.476,   0.610,9999.000,9999.000,9999.000,9999.000,9999.000,9999.000,9999.000
202603261300,   0.454,   0.551,   0.000,   0.097,   0.551,   0.000,   0.551,   0.100,   0.651
202603261306,   0.434,   0.488,9999.000,9999.000,9999.000,9999.000,9999.000,9999.000,9999.000
202603261312,   0.418,   0.419,9999.000,9999.000,9999.000,9999.000,9999.000,9999.000,9999.000
202603261318,   0.404,   0.429,9999.000,9999.000,9999.000,9999.000,9999.000,9999.000,9999.000
202603261324,   0.393,   0.390,9999.000,9999.000,9999.000,9999.000,9999.000,9999.000,9999.000
202603261330,   0.386,   0.370,9999.000,9999.000,9999.000,9999.000,9999.000,9999.000,9999.000
202603261336,   0.381,   0.469,9999.000,9999.000,9999.000,9999.000,9999.000,9999.000,9999.000
202603261342,   0.380,   0.439,9999.000,9999.000,9999.000,9999.000,9999.000,9999.000,9999.000
202603261348,   0.381,   0.429,9999.000,9999.000,9999.000,9999.000,9999.000,9999.000,9999.000
202603261354,   0.385,   0.429,9999.000,9999.000,9999.000,9999.000,9999.000,9999.000,9999.000
202603261400,   0.392,   0.400,   0.000,   0.008,   0.400,   0.000,   0.400,   0.000,   0.400
202603261406,   0.402,   0.419,9999.000,9999.000,9999.000,9999.000,9999.000,9999.000,9999.000
202603261412,   0.414,   0.439,9999.000,9999.000,9999.000,9999.000,9999.000,9999.000,9999.000
202603261418,   0.428,   0.478,9999.000,9999.000,9999.000,9999.000,9999.000,9999.000,9999.000
202603261424,   0.446,   0.498,9999.000,9999.000,9999.000,9999.000,9999.000,9999.000,9999.000
202603261430,   0.465,   0.459,9999.000,9999.000,9999.000,9999.000,9999.000,9999.000,9999.000
202603261436,   0.487,   0.449,9999.000,9999.000,9999.000,9999.000,9999.000,9999.000,9999.000
202603261442,   0.511,   0.508,9999.000,9999.000,9999.000,9999.000,9999.000,9999.000,9999.000
202603261448,   0.537,   0.478,9999.000,9999.000,9999.000,9999.000,9999.000,9999.000,9999.000
202603261454,   0.565,   0.570,9999.000,9999.000,9999.000,9999.000,9999.000,9999.000,9999.000
202603261500,   0.595,   0.669,   0.000,   0.074,   0.669,  -0.100,   0.569,   0.000,   0.669
202603261506,   0.627,   0.610,9999.000,9999.000,9999.000,9999.000,9999.000,9999.000,9999.000
202603261512,   0.661,   0.731,9999.000,9999.000,9999.000,9999.000,9999.000,9999.000,9999.000
202603261518,   0.695,   0.751,9999.000,9999.000,9999.000,9999.000,9999.000,9999.000,9999.000
202603261524,   0.732,   0.718,9999.000,9999.000,9999.000,9999.000,9999.000,9999.000,9999.000
202603261530,   0.769,   0.800,9999.000,9999.000,9999.000,9999.000,9999.000,9999.000,9999.000
202603261536,   0.808,   0.918,9999.000,9999.000,9999.000,9999.000,9999.000,9999.000,9999.000
202603261542,   0.847,   0.888,9999.000,9999.000,9999.000,9999.000,9999.000,9999.000,9999.000
202603261548,   0.887,   0.980,9999.000,9999.000,9999.000,9999.000,9999.000,9999.000,9999.000
202603261554,   0.928,   0.951,9999.000,9999.000,9999.000,9999.000,9999.000,9999.000,9999.000
202603261600,   0.970,   1.029,   0.000,   0.059,   1.029,  -0.100,   0.929,   0.000,   1.029
202603261606,   1.012,   1.039,9999.000,9999.000,9999.000,9999.000,9999.000,9999.000,9999.000
202603261612,   1.054,   1.088,9999.000,9999.000,9999.000,9999.000,9999.000,9999.000,9999.000
202603261618,   1.097,   1.190,9999.000,9999.000,9999.000,9999.000,9999.000,9999.000,9999.000
202603261624,   1.139,   1.170,9999.000,9999.000,9999.000,9999.000,9999.000,9999.000,9999.000
202603261630,   1.181,   1.229,9999.000,9999.000,9999.000,9999.000,9999.000,9999.000,9999.000
202603261636,   1.224,   1.249,9999.000,9999.000,9999.000,9999.000,9999.000,9999.000,9999.000
202603261642,   1.265,   1.289,9999.000,9999.000,9999.000,9999.000,9999.000,9999.000,9999.000
202603261648,   1.307,   1.328,9999.000,9999.000,9999.000,9999.000,9999.000,9999.000,9999.000
202603261654,   1.347,   1.298,9999.000,9999.000,9999.000,9999.000,9999.000,9999.000,9999.000
202603261700,   1.388,   1.390,  -0.100,   0.102,   1.390,  -0.100,   1.390,   0.000,   1.490
202603261706,   1.427,   1.479,9999.000,9999.000,9999.000,9999.000,9999.000,9999.000,9999.000
202603261712,   1.466,   1.518,9999.000,9999.000,9999.000,9999.000,9999.000,9999.000,9999.000
202603261718,   1.503,   1.557,9999.000,9999.000,9999.000,9999.000,9999.000,9999.000,9999.000
202603261724,   1.540,   1.590,9999.000,9999.000,9999.000,9999.000,9999.000,9999.000,9999.000
202603261730,   1.576,   1.590,9999.000,9999.000,9999.000,9999.000,9999.000,9999.000,9999.000
202603261736,   1.610,   1.639,9999.000,9999.000,9999.000,9999.000,9999.000,9999.000,9999.000
202603261742,   1.644,   1.659,9999.000,9999.000,9999.000,9999.000,9999.000,9999.000,9999.000
202603261748,   1.677,   1.679,9999.000,9999.000,9999.000,9999.000,9999.000,9999.000,9999.000
202603261754,   1.708,   1.758,9999.000,9999.000,9999.000,9999.000,9999.000,9999.000,9999.000
202603261800,   1.738,   1.869,  -0.100,   0.231,   1.869,  -0.200,   1.769,   0.000,   1.969
202603261806,   1.767,   1.879,9999.000,9999.000,9999.000,9999.000,9999.000,9999.000,9999.000
202603261812,   1.794,   1.859,9999.000,9999.000,9999.000,9999.000,9999.000,9999.000,9999.000
202603261818,   1.820,   1.830,9999.000,9999.000,9999.000,9999.000,9999.000,9999.000,9999.000
202603261824,   1.845,   1.869,9999.000,9999.000,9999.000,9999.000,9999.000,9999.000,9999.000
202603261830,   1.869,   1.879,9999.000,9999.000,9999.000,9999.000,9999.000,9999.000,9999.000
202603261836,   1.891,   1.879,9999.000,9999.000,9999.000,9999.000,9999.000,9999.000,9999.000
202603261842,   1.912,   2.000,9999.000,9999.000,9999.000,9999.000,9999.000,9999.000,9999.000
202603261848,   1.931,   2.030,9999.000,9999.000,9999.000,9999.000,9999.000,9999.000,9999.000
202603261854,   1.949,   2.020,9999.000,9999.000,9999.000,9999.000,9999.000,9999.000,9999.000
202603261900,   1.965,   2.020,  -0.100,   0.155,   2.020,  -0.200,   1.920,   0.000,   2.120
202603261906,   1.980,   1.981,9999.000,9999.000,9999.000,9999.000,9999.000,9999.000,9999.000
202603261912,   1.993,   1.990,9999.000,9999.000,9999.000,9999.000,9999.000,9999.000,9999.000
202603261918,   2.005,   2.000,9999.000,9999.000,9999.000,9999.000,9999.000,9999.000,9999.000
202603261924,   2.015,   2.000,9999.000,9999.000,9999.000,9999.000,9999.000,9999.000,9999.000
202603261930,   2.023,   2.020,9999.000,9999.000,9999.000,9999.000,9999.000,9999.000,9999.000
202603261936,   2.030,   2.079,9999.000,9999.000,9999.000,9999.000,9999.000,9999.000,9999.000
202603261942,   2.035,   2.059,9999.000,9999.000,9999.000,9999.000,9999.000,9999.000,9999.000
202603261948,   2.038,   1.990,9999.000,9999.000,9999.000,9999.000,9999.000,9999.000,9999.000
202603261954,   2.038,   2.010,9999.000,9999.000,9999.000,9999.000,9999.000,9999.000,9999.000
202603262000,   2.037,   2.030,  -0.100,   0.093,   2.030,  -0.200,   1.930,   0.000,   2.130
202603262006,   2.034,   1.990,9999.000,9999.000,9999.000,9999.000,9999.000,9999.000,9999.000
202603262012,   2.028,   2.010,9999.000,9999.000,9999.000,9999.000,9999.000,9999.000,9999.000
202603262018,   2.021,   1.889,9999.000,9999.000,9999.000,9999.000,9999.000,9999.000,9999.000
202603262024,   2.011,   1.981,9999.000,9999.000,9999.000,9999.000,9999.000,9999.000,9999.000
202603262030,   1.998,   1.990,9999.000,9999.000,9999.000,9999.000,9999.000,9999.000,9999.000
202603262036,   1.984,   1.908,9999.000,9999.000,9999.000,9999.000,9999.000,9999.000,9999.000
202603262042,   1.967,   1.849,9999.000,9999.000,9999.000,9999.000,9999.000,9999.000,9999.000
202603262048,   1.947,   1.879,9999.000,9999.000,9999.000,9999.000,9999.000,9999.000,9999.000
202603262054,   1.925,   1.820,9999.000,9999.000,9999.000,9999.000,9999.000,9999.000,9999.000
202603262100,   1.900,   1.790,  -0.100,  -0.010,   1.790,  -0.200,   1.690,   0.000,   1.890
202603262106,   1.873,   1.748,9999.000,9999.000,9999.000,9999.000,9999.000,9999.000,9999.000
202603262112,   1.843,   1.689,9999.000,9999.000,9999.000,9999.000,9999.000,9999.000,9999.000
202603262118,   1.811,   1.639,9999.000,9999.000,9999.000,9999.000,9999.000,9999.000,9999.000
202603262124,   1.777,   1.630,9999.000,9999.000,9999.000,9999.000,9999.000,9999.000,9999.000
202603262130,   1.740,   1.610,9999.000,9999.000,9999.000,9999.000,9999.000,9999.000,9999.000
202603262136,   1.701,   1.508,9999.000,9999.000,9999.000,9999.000,9999.000,9999.000,9999.000
202603262142,   1.659,   1.439,9999.000,9999.000,9999.000,9999.000,9999.000,9999.000,9999.000
202603262148,   1.616,   1.449,9999.000,9999.000,9999.000,9999.000,9999.000,9999.000,9999.000
202603262154,   1.571,   1.459,9999.000,9999.000,9999.000,9999.000,9999.000,9999.000,9999.000
202603262200,   1.523,   1.400,  -0.100,  -0.023,   1.400,  -0.200,   1.300,   0.000,   1.500
202603262206,   1.474,   1.380,9999.000,9999.000,9999.000,9999.000,9999.000,9999.000,9999.000
202603262212,   1.424,   1.298,9999.000,9999.000,9999.000,9999.000,9999.000,9999.000,9999.000
202603262218,   1.372,   1.328,9999.000,9999.000,9999.000,9999.000,9999.000,9999.000,9999.000
202603262224,   1.318,   1.210,9999.000,9999.000,9999.000,9999.000,9999.000,9999.000,9999.000
202603262230,   1.264,   1.200,9999.000,9999.000,9999.000,9999.000,9999.000,9999.000,9999.000
202603262236,   1.209,   1.170,9999.000,9999.000,9999.000,9999.000,9999.000,9999.000,9999.000
202603262242,   1.154,   1.138,9999.000,9999.000,9999.000,9999.000,9999.000,9999.000,9999.000
202603262248,   1.098,   1.098,9999.000,9999.000,9999.000,9999.000,9999.000,9999.000,9999.000
202603262254,   1.041,   1.059,9999.000,9999.000,9999.000,9999.000,9999.000,9999.000,9999.000
202603262300,   0.985,   0.941,  -0.100,   0.056,   0.941,  -0.200,   0.841,   0.000,   1.041
202603262306,   0.930,   0.849,9999.000,9999.000,9999.000,9999.000,9999.000,9999.000,9999.000
202603262312,   0.874,   0.780,9999.000,9999.000,9999.000,9999.000,9999.000,9999.000,9999.000
202603262318,   0.820,   0.731,9999.000,9999.000,9999.000,9999.000,9999.000,9999.000,9999.000
202603262324,   0.766,   0.718,9999.000,9999.000,9999.000,9999.000,9999.000,9999.000,9999.000
202603262330,   0.714,   0.619,9999.000,9999.000,9999.000,9999.000,9999.000,9999.000,9999.000
202603262336,   0.663,   0.498,9999.000,9999.000,9999.000,9999.000,9999.000,9999.000,9999.000
202603262342,   0.613,9999.000,9999.000,9999.000,9999.000,9999.000,9999.000,9999.000,9999.000
202603262348,   0.565,9999.000,9999.000,9999.000,9999.000,9999.000,9999.000,9999.000,9999.000
202603262354,   0.520,9999.000,9999.000,9999.000,9999.000,9999.000,9999.000,9999.000,9999.000
202603270000,   0.476,9999.000,  -0.200,   0.059,   0.335,  -0.300,   0.235,  -0.100,   0.435
202603270006,   0.434,9999.000,9999.000,9999.000,9999.000,9999.000,9999.000,9999.000,9999.000
202603270012,   0.395,9999.000,9999.000,9999.000,9999.000,9999.000,9999.000,9999.000,9999.000
202603270018,   0.359,9999.000,9999.000,9999.000,9999.000,9999.000,9999.000,9999.000,9999.000
202603270024,   0.325,9999.000,9999.000,9999.000,9999.000,9999.000,9999.000,9999.000,9999.000
202603270030,   0.294,9999.000,9999.000,9999.000,9999.000,9999.000,9999.000,9999.000,9999.000
202603270036,   0.265,9999.000,9999.000,9999.000,9999.000,9999.000,9999.000,9999.000,9999.000
202603270042,   0.240,9999.000,9999.000,9999.000,9999.000,9999.000,9999.000,9999.000,9999.000
202603270048,   0.218,9999.000,9999.000,9999.000,9999.000,9999.000,9999.000,9999.000,9999.000
202603270054,   0.198,9999.000,9999.000,9999.000,9999.000,9999.000,9999.000,9999.000,9999.000
202603270100,   0.182,9999.000,  -0.200,   0.062,   0.044,  -0.300,  -0.056,  -0.100,   0.144
202603270106,   0.169,9999.000,9999.000,9999.000,9999.000,9999.000,9999.000,9999.000,9999.000
202603270112,   0.159,9999.000,9999.000,9999.000,9999.000,9999.000,9999.000,9999.000,9999.000
202603270118,   0.152,9999.000,9999.000,9999.000,9999.000,9999.000,9999.000,9999.000,9999.000
202603270124,   0.148,9999.000,9999.000,9999.000,9999.000,9999.000,9999.000,9999.000,9999.000
202603270130,   0.148,9999.000,9999.000,9999.000,9999.000,9999.000,9999.000,9999.000,9999.000
202603270136,   0.150,9999.000,9999.000,9999.000,9999.000,9999.000,9999.000,9999.000,9999.000
202603270142,   0.156,9999.000,9999.000,9999.000,9999.000,9999.000,9999.000,9999.000,9999.000
202603270148,   0.164,9999.000,9999.000,9999.000,9999.000,9999.000,9999.000,9999.000,9999.000
202603270154,   0.176,9999.000,9999.000,9999.000,9999.000,9999.000,9999.000,9999.000,9999.000
202603270200,   0.191,9999.000,  -0.300,   0.066,  -0.043,  -0.400,  -0.143,  -0.200,   0.057
202603270206,   0.208,9999.000,9999.000,9999.000,9999.000,9999.000,9999.000,9999.000,9999.000
202603270212,   0.228,9999.000,9999.000,9999.000,9999.000,9999.000,9999.000,9999.000,9999.000
202603270218,   0.251,9999.000,9999.000,9999.000,9999.000,9999.000,9999.000,9999.000,9999.000
202603270224,   0.277,9999.000,9999.000,9999.000,9999.000,9999.000,9999.000,9999.000,9999.000
202603270230,   0.305,9999.000,9999.000,9999.000,9999.000,9999.000,9999.000,9999.000,9999.000
202603270236,   0.336,9999.000,9999.000,9999.000,9999.000,9999.000,9999.000,9999.000,9999.000
202603270242,   0.369,9999.000,9999.000,9999.000,9999.000,9999.000,9999.000,9999.000,9999.000
202603270248,   0.404,9999.000,9999.000,9999.000,9999.000,9999.000,9999.000,9999.000,9999.000
202603270254,   0.442,9999.000,9999.000,9999.000,9999.000,9999.000,9999.000,9999.000,9999.000
202603270300,   0.482,9999.000,  -0.300,   0.069,   0.251,  -0.500,   0.051,  -0.200,   0.351
202603270306,   0.524,9999.000,9999.000,9999.000,9999.000,9999.000,9999.000,9999.000,9999.000
202603270312,   0.567,9999.000,9999.000,9999.000,9999.000,9999.000,9999.000,9999.000,9999.000
202603270318,   0.612,9999.000,9999.000,9999.000,9999.000,9999.000,9999.000,9999.000,9999.000
202603270324,   0.659,9999.000,9999.000,9999.000,9999.000,9999.000,9999.000,9999.000,9999.000
202603270330,   0.708,9999.000,9999.000,9999.000,9999.000,9999.000,9999.000,9999.000,9999.000
202603270336,   0.758,9999.000,9999.000,9999.000,9999.000,9999.000,9999.000,9999.000,9999.000
202603270342,   0.809,9999.000,9999.000,9999.000,9999.000,9999.000,9999.000,9999.000,9999.000
202603270348,   0.861,9999.000,9999.000,9999.000,9999.000,9999.000,9999.000,9999.000,9999.000
202603270354,   0.914,9999.000,9999.000,9999.000,9999.000,9999.000,9999.000,9999.000,9999.000
202603270400,   0.968,9999.000,  -0.400,   0.072,   0.640,  -0.500,   0.540,  -0.300,   0.740
202603270406,   1.022,9999.000,9999.000,9999.000,9999.000,9999.000,9999.000,9999.000,9999.000
202603270412,   1.078,9999.000,9999.000,9999.000,9999.000,9999.000,9999.000,9999.000,9999.000
202603270418,   1.133,9999.000,9999.000,9999.000,9999.000,9999.000,9999.000,9999.000,9999.000
202603270424,   1.189,9999.000,9999.000,9999.000,9999.000,9999.000,9999.000,9999.000,9999.000
202603270430,   1.245,9999.000,9999.000,9999.000,9999.000,9999.000,9999.000,9999.000,9999.000
202603270436,   1.302,9999.000,9999.000,9999.000,9999.000,9999.000,9999.000,9999.000,9999.000
202603270442,   1.358,9999.000,9999.000,9999.000,9999.000,9999.000,9999.000,9999.000,9999.000
202603270448,   1.414,9999.000,9999.000,9999.000,9999.000,9999.000,9999.000,9999.000,9999.000
202603270454,   1.469,9999.000,9999.000,9999.000,9999.000,9999.000,9999.000,9999.000,9999.000
202603270500,   1.525,9999.000,  -0.500,   0.075,   1.100,  -0.600,   1.000,  -0.300,   1.300
202603270506,   1.579,9999.000,9999.000,9999.000,9999.000,9999.000,9999.000,9999.000,9999.000
202603270512,   1.634,9999.000,9999.000,9999.000,9999.000,9999.000,9999.000,9999.000,9999.000
202603270518,   1.687,9999.000,9999.000,9999.000,9999.000,9999.000,9999.000,9999.000,9999.000
202603270524,   1.740,9999.000,9999.000,9999.000,9999.000,9999.000,9999.000,9999.000,9999.000
202603270530,   1.792,9999.000,9999.000,9999.000,9999.000,9999.000,9999.000,9999.000,9999.000
202603270536,   1.843,9999.000,9999.000,9999.000,9999.000,9999.000,9999.000,9999.000,9999.000
202603270542,   1.893,9999.000,9999.000,9999.000,9999.000,9999.000,9999.000,9999.000,9999.000
202603270548,   1.942,9999.000,9999.000,9999.000,9999.000,9999.000,9999.000,9999.000,9999.000
202603270554,   1.990,9999.000,9999.000,9999.000,9999.000,9999.000,9999.000,9999.000,9999.000
202603270600,   2.037,9999.000,  -0.500,   0.078,   1.615,  -0.700,   1.415,  -0.400,   1.715
202603270606,   2.083,9999.000,9999.000,9999.000,9999.000,9999.000,9999.000,9999.000,9999.000
202603270612,   2.128,9999.000,9999.000,9999.000,9999.000,9999.000,9999.000,9999.000,9999.000
202603270618,   2.171,9999.000,9999.000,9999.000,9999.000,9999.000,9999.000,9999.000,9999.000
202603270624,   2.214,9999.000,9999.000,9999.000,9999.000,9999.000,9999.000,9999.000,9999.000
202603270630,   2.255,9999.000,9999.000,9999.000,9999.000,9999.000,9999.000,9999.000,9999.000
202603270636,   2.295,9999.000,9999.000,9999.000,9999.000,9999.000,9999.000,9999.000,9999.000
202603270642,   2.334,9999.000,9999.000,9999.000,9999.000,9999.000,9999.000,9999.000,9999.000
202603270648,   2.371,9999.000,9999.000,9999.000,9999.000,9999.000,9999.000,9999.000,9999.000
202603270654,   2.408,9999.000,9999.000,9999.000,9999.000,9999.000,9999.000,9999.000,9999.000
202603270700,   2.443,9999.000,  -0.600,   0.081,   1.924,  -0.800,   1.724,  -0.500,   2.024
202603270706,   2.477,9999.000,9999.000,9999.000,9999.000,9999.000,9999.000,9999.000,9999.000
202603270712,   2.509,9999.000,9999.000,9999.000,9999.000,9999.000,9999.000,9999.000,9999.000
202603270718,   2.540,9999.000,9999.000,9999.000,9999.000,9999.000,9999.000,9999.000,9999.000
202603270724,   2.570,9999.000,9999.000,9999.000,9999.000,9999.000,9999.000,9999.000,9999.000
202603270730,   2.598,9999.000,9999.000,9999.000,9999.000,9999.000,9999.000,9999.000,9999.000
202603270736,   2.625,9999.000,9999.000,9999.000,9999.000,9999.000,9999.000,9999.000,9999.000
202603270742,   2.650,9999.000,9999.000,9999.000,9999.000,9999.000,9999.000,9999.000,9999.000
202603270748,   2.674,9999.000,9999.000,9999.000,9999.000,9999.000,9999.000,9999.000,9999.000
202603270754,   2.696,9999.000,9999.000,9999.000,9999.000,9999.000,9999.000,9999.000,9999.000
202603270800,   2.716,9999.000,  -0.700,   0.085,   2.101,  -0.900,   1.901,  -0.500,   2.301
202603270806,   2.734,9999.000,9999.000,9999.000,9999.000,9999.000,9999.000,9999.000,9999.000
202603270812,   2.751,9999.000,9999.000,9999.000,9999.000,9999.000,9999.000,9999.000,9999.000
202603270818,   2.765,9999.000,9999.000,9999.000,9999.000,9999.000,9999.000,9999.000,9999.000
202603270824,   2.777,9999.000,9999.000,9999.000,9999.000,9999.000,9999.000,9999.000,9999.000
202603270830,   2.787,9999.000,9999.000,9999.000,9999.000,9999.000,9999.000,9999.000,9999.000
202603270836,   2.795,9999.000,9999.000,9999.000,9999.000,9999.000,9999.000,9999.000,9999.000
202603270842,   2.800,9999.000,9999.000,9999.000,9999.000,9999.000,9999.000,9999.000,9999.000
202603270848,   2.803,9999.000,9999.000,9999.000,9999.000,9999.000,9999.000,9999.000,9999.000
202603270854,   2.803,9999.000,9999.000,9999.000,9999.000,9999.000,9999.000,9999.000,9999.000
202603270900,   2.801,9999.000,  -0.700,   0.088,   2.189,  -0.900,   1.989,  -0.500,   2.389
202603270906,   2.795,9999.000,9999.000,9999.000,9999.000,9999.000,9999.000,9999.000,9999.000
202603270912,   2.787,9999.000,9999.000,9999.000,9999.000,9999.000,9999.000,9999.000,9999.000
202603270918,   2.776,9999.000,9999.000,9999.000,9999.000,9999.000,9999.000,9999.000,9999.000
202603270924,   2.761,9999.000,9999.000,9999.000,9999.000,9999.000,9999.000,9999.000,9999.000
202603270930,   2.744,9999.000,9999.000,9999.000,9999.000,9999.000,9999.000,9999.000,9999.000
202603270936,   2.724,9999.000,9999.000,9999.000,9999.000,9999.000,9999.000,9999.000,9999.000
202603270942,   2.700,9999.000,9999.000,9999.000,9999.000,9999.000,9999.000,9999.000,9999.000
202603270948,   2.673,9999.000,9999.000,9999.000,9999.000,9999.000,9999.000,9999.000,9999.000
202603270954,   2.643,9999.000,9999.000,9999.000,9999.000,9999.000,9999.000,9999.000,9999.000
202603271000,   2.610,9999.000,  -0.700,   0.091,   2.001,  -1.000,   1.701,  -0.600,   2.101
202603271006,   2.574,9999.000,9999.000,9999.000,9999.000,9999.000,9999.000,9999.000,9999.000
202603271012,   2.535,9999.000,9999.000,9999.000,9999.000,9999.000,9999.000,9999.000,9999.000
202603271018,   2.492,9999.000,9999.000,9999.000,9999.000,9999.000,9999.000,9999.000,9999.000
202603271024,   2.447,9999.000,9999.000,9999.000,9999.000,9999.000,9999.000,9999.000,9999.000
202603271030,   2.399,9999.000,9999.000,9999.000,9999.000,9999.000,9999.000,9999.000,9999.000
202603271036,   2.349,9999.000,9999.000,9999.000,9999.000,9999.000,9999.000,9999.000,9999.000
202603271042,   2.296,9999.000,9999.000,9999.000,9999.000,9999.000,9999.000,9999.000,9999.000
202603271048,   2.241,9999.000,9999.000,9999.000,9999.000,9999.000,9999.000,9999.000,9999.000
202603271054,   2.183,9999.000,9999.000,9999.000,9999.000,9999.000,9999.000,9999.000,9999.000
202603271100,   2.123,9999.000,  -0.700,   0.094,   1.517,  -1.000,   1.217,  -0.600,   1.617
202603271106,   2.062,9999.000,9999.000,9999.000,9999.000,9999.000,9999.000,9999.000,9999.000
202603271112,   1.999,9999.000,9999.000,9999.000,9999.000,9999.000,9999.000,9999.000,9999.000
202603271118,   1.935,9999.000,9999.000,9999.000,9999.000,9999.000,9999.000,9999.000,9999.000
202603271124,   1.869,9999.000,9999.000,9999.000,9999.000,9999.000,9999.000,9999.000,9999.000
202603271130,   1.803,9999.000,9999.000,9999.000,9999.000,9999.000,9999.000,9999.000,9999.000
202603271136,   1.735,9999.000,9999.000,9999.000,9999.000,9999.000,9999.000,9999.000,9999.000
202603271142,   1.667,9999.000,9999.000,9999.000,9999.000,9999.000,9999.000,9999.000,9999.000
202603271148,   1.599,9999.000,9999.000,9999.000,9999.000,9999.000,9999.000,9999.000,9999.000
202603271154,   1.531,9999.000,9999.000,9999.000,9999.000,9999.000,9999.000,9999.000,9999.000
202603271200,   1.463,9999.000,  -0.700,   0.094,   0.857,  -0.900,   0.657,  -0.600,   0.957
202603271206,   1.396,9999.000,9999.000,9999.000,9999.000,9999.000,9999.000,9999.000,9999.000
202603271212,   1.329,9999.000,9999.000,9999.000,9999.000,9999.000,9999.000,9999.000,9999.000
202603271218,   1.262,9999.000,9999.000,9999.000,9999.000,9999.000,9999.000,9999.000,9999.000
202603271224,   1.197,9999.000,9999.000,9999.000,9999.000,9999.000,9999.000,9999.000,9999.000
202603271230,   1.133,9999.000,9999.000,9999.000,9999.000,9999.000,9999.000,9999.000,9999.000
202603271236,   1.071,9999.000,9999.000,9999.000,9999.000,9999.000,9999.000,9999.000,9999.000
202603271242,   1.010,9999.000,9999.000,9999.000,9999.000,9999.000,9999.000,9999.000,9999.000
202603271248,   0.951,9999.000,9999.000,9999.000,9999.000,9999.000,9999.000,9999.000,9999.000
202603271254,   0.894,9999.000,9999.000,9999.000,9999.000,9999.000,9999.000,9999.000,9999.000
202603271300,   0.839,9999.000,  -0.700,   0.094,   0.233,  -0.900,   0.033,  -0.500,   0.433
202603271306,   0.786,9999.000,9999.000,9999.000,9999.000,9999.000,9999.000,9999.000,9999.000
202603271312,   0.736,9999.000,9999.000,9999.000,9999.000,9999.000,9999.000,9999.000,9999.000
202603271318,   0.688,9999.000,9999.000,9999.000,9999.000,9999.000,9999.000,9999.000,9999.000
202603271324,   0.642,9999.000,9999.000,9999.000,9999.000,9999.000,9999.000,9999.000,9999.000
202603271330,   0.600,9999.000,9999.000,9999.000,9999.000,9999.000,9999.000,9999.000,9999.000
202603271336,   0.560,9999.000,9999.000,9999.000,9999.000,9999.000,9999.000,9999.000,9999.000
202603271342,   0.523,9999.000,9999.000,9999.000,9999.000,9999.000,9999.000,9999.000,9999.000
202603271348,   0.489,9999.000,9999.000,9999.000,9999.000,9999.000,9999.000,9999.000,9999.000
202603271354,   0.458,9999.000,9999.000,9999.000,9999.000,9999.000,9999.000,9999.000,9999.000
202603271400,   0.429,9999.000,  -0.600,   0.094,  -0.077,  -0.800,  -0.277,  -0.500,   0.023
202603271406,   0.404,9999.000,9999.000,9999.000,9999.000,9999.000,9999.000,9999.000,9999.000
202603271412,   0.382,9999.000,9999.000,9999.000,9999.000,9999.000,9999.000,9999.000,9999.000
202603271418,   0.364,9999.000,9999.000,9999.000,9999.000,9999.000,9999.000,9999.000,9999.000
202603271424,   0.348,9999.000,9999.000,9999.000,9999.000,9999.000,9999.000,9999.000,9999.000
202603271430,   0.335,9999.000,9999.000,9999.000,9999.000,9999.000,9999.000,9999.000,9999.000
202603271436,   0.326,9999.000,9999.000,9999.000,9999.000,9999.000,9999.000,9999.000,9999.000
202603271442,   0.319,9999.000,9999.000,9999.000,9999.000,9999.000,9999.000,9999.000,9999.000
202603271448,   0.316,9999.000,9999.000,9999.000,9999.000,9999.000,9999.000,9999.000,9999.000
202603271454,   0.316,9999.000,9999.000,9999.000,9999.000,9999.000,9999.000,9999.000,9999.000
202603271500,   0.318,9999.000,  -0.600,   0.094,  -0.188,  -0.700,  -0.288,  -0.400,   0.012
202603271506,   0.324,9999.000,9999.000,9999.000,9999.000,9999.000,9999.000,9999.000,9999.000
202603271512,   0.333,9999.000,9999.000,9999.000,9999.000,9999.000,9999.000,9999.000,9999.000
202603271518,   0.344,9999.000,9999.000,9999.000,9999.000,9999.000,9999.000,9999.000,9999.000
202603271524,   0.358,9999.000,9999.000,9999.000,9999.000,9999.000,9999.000,9999.000,9999.000
202603271530,   0.375,9999.000,9999.000,9999.000,9999.000,9999.000,9999.000,9999.000,9999.000
202603271536,   0.394,9999.000,9999.000,9999.000,9999.000,9999.000,9999.000,9999.000,9999.000
202603271542,   0.416,9999.000,9999.000,9999.000,9999.000,9999.000,9999.000,9999.000,9999.000
202603271548,   0.440,9999.000,9999.000,9999.000,9999.000,9999.000,9999.000,9999.000,9999.000
202603271554,   0.467,9999.000,9999.000,9999.000,9999.000,9999.000,9999.000,9999.000,9999.000
202603271600,   0.496,9999.000,  -0.500,   0.094,   0.090,  -0.700,  -0.110,  -0.300,   0.290
202603271606,   0.526,9999.000,9999.000,9999.000,9999.000,9999.000,9999.000,9999.000,9999.000
202603271612,   0.559,9999.000,9999.000,9999.000,9999.000,9999.000,9999.000,9999.000,9999.000
202603271618,   0.593,9999.000,9999.000,9999.000,9999.000,9999.000,9999.000,9999.000,9999.000
202603271624,   0.629,9999.000,9999.000,9999.000,9999.000,9999.000,9999.000,9999.000,9999.000
202603271630,   0.666,9999.000,9999.000,9999.000,9999.000,9999.000,9999.000,9999.000,9999.000
202603271636,   0.705,9999.000,9999.000,9999.000,9999.000,9999.000,9999.000,9999.000,9999.000
202603271642,   0.745,9999.000,9999.000,9999.000,9999.000,9999.000,9999.000,9999.000,9999.000
202603271648,   0.786,9999.000,9999.000,9999.000,9999.000,9999.000,9999.000,9999.000,9999.000
202603271654,   0.828,9999.000,9999.000,9999.000,9999.000,9999.000,9999.000,9999.000,9999.000
202603271700,   0.871,9999.000,  -0.400,   0.094,   0.565,  -0.600,   0.365,  -0.300,   0.665
202603271706,   0.914,9999.000,9999.000,9999.000,9999.000,9999.000,9999.000,9999.000,9999.000
202603271712,   0.958,9999.000,9999.000,9999.000,9999.000,9999.000,9999.000,9999.000,9999.000
202603271718,   1.002,9999.000,9999.000,9999.000,9999.000,9999.000,9999.000,9999.000,9999.000
202603271724,   1.046,9999.000,9999.000,9999.000,9999.000,9999.000,9999.000,9999.000,9999.000
202603271730,   1.090,9999.000,9999.000,9999.000,9999.000,9999.000,9999.000,9999.000,9999.000
202603271736,   1.134,9999.000,9999.000,9999.000,9999.000,9999.000,9999.000,9999.000,9999.000
202603271742,   1.178,9999.000,9999.000,9999.000,9999.000,9999.000,9999.000,9999.000,9999.000
202603271748,   1.222,9999.000,9999.000,9999.000,9999.000,9999.000,9999.000,9999.000,9999.000
202603271754,   1.266,9999.000,9999.000,9999.000,9999.000,9999.000,9999.000,9999.000,9999.000
202603271800,   1.309,9999.000,  -0.400,   0.094,   1.003,  -0.600,   0.803,  -0.200,   1.203
202603271806,   1.351,9999.000,9999.000,9999.000,9999.000,9999.000,9999.000,9999.000,9999.000
202603271812,   1.393,9999.000,9999.000,9999.000,9999.000,9999.000,9999.000,9999.000,9999.000
202603271818,   1.434,9999.000,9999.000,9999.000,9999.000,9999.000,9999.000,9999.000,9999.000
202603271824,   1.474,9999.000,9999.000,9999.000,9999.000,9999.000,9999.000,9999.000,9999.000
202603271830,   1.513,9999.000,9999.000,9999.000,9999.000,9999.000,9999.000,9999.000,9999.000
202603271836,   1.552,9999.000,9999.000,9999.000,9999.000,9999.000,9999.000,9999.000,9999.000
202603271842,   1.589,9999.000,9999.000,9999.000,9999.000,9999.000,9999.000,9999.000,9999.000
202603271848,   1.626,9999.000,9999.000,9999.000,9999.000,9999.000,9999.000,9999.000,9999.000
202603271854,   1.661,9999.000,9999.000,9999.000,9999.000,9999.000,9999.000,9999.000,9999.000
202603271900,   1.696,9999.000,  -0.300,   0.094,   1.490,  -0.500,   1.290,  -0.200,   1.590
202603271906,   1.729,9999.000,9999.000,9999.000,9999.000,9999.000,9999.000,9999.000,9999.000
202603271912,   1.761,9999.000,9999.000,9999.000,9999.000,9999.000,9999.000,9999.000,9999.000
202603271918,   1.793,9999.000,9999.000,9999.000,9999.000,9999.000,9999.000,9999.000,9999.000
202603271924,   1.823,9999.000,9999.000,9999.000,9999.000,9999.000,9999.000,9999.000,9999.000
202603271930,   1.851,9999.000,9999.000,9999.000,9999.000,9999.000,9999.000,9999.000,9999.000
202603271936,   1.879,9999.000,9999.000,9999.000,9999.000,9999.000,9999.000,9999.000,9999.000
202603271942,   1.905,9999.000,9999.000,9999.000,9999.000,9999.000,9999.000,9999.000,9999.000
202603271948,   1.930,9999.000,9999.000,9999.000,9999.000,9999.000,9999.000,9999.000,9999.000
202603271954,   1.954,9999.000,9999.000,9999.000,9999.000,9999.000,9999.000,9999.000,9999.000
202603272000,   1.976,9999.000,  -0.200,   0.094,   1.870,  -0.400,   1.670,  -0.100,   1.970
202603272006,   1.997,9999.000,9999.000,9999.000,9999.000,9999.000,9999.000,9999.000,9999.000
202603272012,   2.016,9999.000,9999.000,9999.000,9999.000,9999.000,9999.000,9999.000,9999.000
202603272018,   2.033,9999.000,9999.000,9999.000,9999.000,9999.000,9999.000,9999.000,9999.000
202603272024,   2.049,9999.000,9999.000,9999.000,9999.000,9999.000,9999.000,9999.000,9999.000
202603272030,   2.064,9999.000,9999.000,9999.000,9999.000,9999.000,9999.000,9999.000,9999.000
202603272036,   2.076,9999.000,9999.000,9999.000,9999.000,9999.000,9999.000,9999.000,9999.000
202603272042,   2.087,9999.000,9999.000,9999.000,9999.000,9999.000,9999.000,9999.000,9999.000
202603272048,   2.095,9999.000,9999.000,9999.000,9999.000,9999.000,9999.000,9999.000,9999.000
202603272054,   2.102,9999.000,9999.000,9999.000,9999.000,9999.000,9999.000,9999.000,9999.000
202603272100,   2.106,9999.000,  -0.100,   0.094,   2.100,  -0.300,   1.900,   0.000,   2.200
202603272106,   2.108,9999.000,9999.000,9999.000,9999.000,9999.000,9999.000,9999.000,9999.000
202603272112,   2.108,9999.000,9999.000,9999.000,9999.000,9999.000,9999.000,9999.000,9999.000
202603272118,   2.106,9999.000,9999.000,9999.000,9999.000,9999.000,9999.000,9999.000,9999.000
202603272124,   2.101,9999.000,9999.000,9999.000,9999.000,9999.000,9999.000,9999.000,9999.000
202603272130,   2.093,9999.000,9999.000,9999.000,9999.000,9999.000,9999.000,9999.000,9999.000
202603272136,   2.083,9999.000,9999.000,9999.000,9999.000,9999.000,9999.000,9999.000,9999.000
202603272142,   2.070,9999.000,9999.000,9999.000,9999.000,9999.000,9999.000,9999.000,9999.000
202603272148,   2.054,9999.000,9999.000,9999.000,9999.000,9999.000,9999.000,9999.000,9999.000
202603272154,   2.036,9999.000,9999.000,9999.000,9999.000,9999.000,9999.000,9999.000,9999.000
202603272200,   2.015,9999.000,   0.000,   0.094,   2.109,  -0.200,   1.909,   0.100,   2.209
202603272206,   1.991,9999.000,9999.000,9999.000,9999.000,9999.000,9999.000,9999.000,9999.000
202603272212,   1.964,9999.000,9999.000,9999.000,9999.000,9999.000,9999.000,9999.000,9999.000
202603272218,   1.935,9999.000,9999.000,9999.000,9999.000,9999.000,9999.000,9999.000,9999.000
202603272224,   1.903,9999.000,9999.000,9999.000,9999.000,9999.000,9999.000,9999.000,9999.000
202603272230,   1.868,9999.000,9999.000,9999.000,9999.000,9999.000,9999.000,9999.000,9999.000
202603272236,   1.830,9999.000,9999.000,9999.000,9999.000,9999.000,9999.000,9999.000,9999.000
202603272242,   1.790,9999.000,9999.000,9999.000,9999.000,9999.000,9999.000,9999.000,9999.000
202603272248,   1.748,9999.000,9999.000,9999.000,9999.000,9999.000,9999.000,9999.000,9999.000
202603272254,   1.703,9999.000,9999.000,9999.000,9999.000,9999.000,9999.000,9999.000,9999.000
202603272300,   1.656,9999.000,   0.000,   0.094,   1.750,  -0.100,   1.650,   0.100,   1.850
202603272306,   1.607,9999.000,9999.000,9999.000,9999.000,9999.000,9999.000,9999.000,9999.000
202603272312,   1.556,9999.000,9999.000,9999.000,9999.000,9999.000,9999.000,9999.000,9999.000
202603272318,   1.504,9999.000,9999.000,9999.000,9999.000,9999.000,9999.000,9999.000,9999.000
202603272324,   1.450,9999.000,9999.000,9999.000,9999.000,9999.000,9999.000,9999.000,9999.000
202603272330,   1.394,9999.000,9999.000,9999.000,9999.000,9999.000,9999.000,9999.000,9999.000
202603272336,   1.338,9999.000,9999.000,9999.000,9999.000,9999.000,9999.000,9999.000,9999.000
202603272342,   1.280,9999.000,9999.000,9999.000,9999.000,9999.000,9999.000,9999.000,9999.000
202603272348,   1.222,9999.000,9999.000,9999.000,9999.000,9999.000,9999.000,9999.000,9999.000
202603272354,   1.163,9999.000,9999.000,9999.000,9999.000,9999.000,9999.000,9999.000,9999.000
202603280000,   1.104,9999.000,   0.100,   0.094,   1.298,   0.000,   1.198,   0.200,   1.398
202603280006,   1.045,9999.000,9999.000,9999.000,9999.000,9999.000,9999.000,9999.000,9999.000
202603280012,   0.986,9999.000,9999.000,9999.000,9999.000,9999.000,9999.000,9999.000,9999.000
202603280018,   0.927,9999.000,9999.000,9999.000,9999.000,9999.000,9999.000,9999.000,9999.000
202603280024,   0.870,9999.000,9999.000,9999.000,9999.000,9999.000,9999.000,9999.000,9999.000
202603280030,   0.813,9999.000,9999.000,9999.000,9999.000,9999.000,9999.000,9999.000,9999.000
202603280036,   0.757,9999.000,9999.000,9999.000,9999.000,9999.000,9999.000,9999.000,9999.000
202603280042,   0.702,9999.000,9999.000,9999.000,9999.000,9999.000,9999.000,9999.000,9999.000
202603280048,   0.649,9999.000,9999.000,9999.000,9999.000,9999.000,9999.000,9999.000,9999.000
202603280054,   0.597,9999.000,9999.000,9999.000,9999.000,9999.000,9999.000,9999.000,9999.000
202603280100,   0.547,9999.000,   0.100,   0.094,   0.741,   0.000,   0.641,   0.300,   0.941
202603280106,   0.499,9999.000,9999.000,9999.000,9999.000,9999.000,9999.000,9999.000,9999.000
202603280112,   0.454,9999.000,9999.000,9999.000,9999.000,9999.000,9999.000,9999.000,9999.000
202603280118,   0.410,9999.000,9999.000,9999.000,9999.000,9999.000,9999.000,9999.000,9999.000
202603280124,   0.369,9999.000,9999.000,9999.000,9999.000,9999.000,9999.000,9999.000,9999.000
202603280130,   0.331,9999.000,9999.000,9999.000,9999.000,9999.000,9999.000,9999.000,9999.000
202603280136,   0.295,9999.000,9999.000,9999.000,9999.000,9999.000,9999.000,9999.000,9999.000
202603280142,   0.262,9999.000,9999.000,9999.000,9999.000,9999.000,9999.000,9999.000,9999.000
202603280148,   0.232,9999.000,9999.000,9999.000,9999.000,9999.000,9999.000,9999.000,9999.000
202603280154,   0.205,9999.000,9999.000,9999.000,9999.000,9999.000,9999.000,9999.000,9999.000
202603280200,   0.181,9999.000,   0.100,   0.094,   0.375,   0.000,   0.275,   0.300,   0.575
202603280206,   0.160,9999.000,9999.000,9999.000,9999.000,9999.000,9999.000,9999.000,9999.000
202603280212,   0.142,9999.000,9999.000,9999.000,9999.000,9999.000,9999.000,9999.000,9999.000
202603280218,   0.127,9999.000,9999.000,9999.000,9999.000,9999.000,9999.000,9999.000,9999.000
202603280224,   0.115,9999.000,9999.000,9999.000,9999.000,9999.000,9999.000,9999.000,9999.000
202603280230,   0.107,9999.000,9999.000,9999.000,9999.000,9999.000,9999.000,9999.000,9999.000
202603280236,   0.101,9999.000,9999.000,9999.000,9999.000,9999.000,9999.000,9999.000,9999.000
202603280242,   0.099,9999.000,9999.000,9999.000,9999.000,9999.000,9999.000,9999.000,9999.000
202603280248,   0.100,9999.000,9999.000,9999.000,9999.000,9999.000,9999.000,9999.000,9999.000
202603280254,   0.105,9999.000,9999.000,9999.000,9999.000,9999.000,9999.000,9999.000,9999.000
202603280300,   0.112,9999.000,   0.200,   0.094,   0.406,   0.000,   0.206,   0.300,   0.506
202603280306,   0.123,9999.000,9999.000,9999.000,9999.000,9999.000,9999.000,9999.000,9999.000
202603280312,   0.136,9999.000,9999.000,9999.000,9999.000,9999.000,9999.000,9999.000,9999.000
202603280318,   0.153,9999.000,9999.000,9999.000,9999.000,9999.000,9999.000,9999.000,9999.000
202603280324,   0.172,9999.000,9999.000,9999.000,9999.000,9999.000,9999.000,9999.000,9999.000
202603280330,   0.195,9999.000,9999.000,9999.000,9999.000,9999.000,9999.000,9999.000,9999.000
202603280336,   0.220,9999.000,9999.000,9999.000,9999.000,9999.000,9999.000,9999.000,9999.000
202603280342,   0.248,9999.000,9999.000,9999.000,9999.000,9999.000,9999.000,9999.000,9999.000
202603280348,   0.279,9999.000,9999.000,9999.000,9999.000,9999.000,9999.000,9999.000,9999.000
202603280354,   0.312,9999.000,9999.000,9999.000,9999.000,9999.000,9999.000,9999.000,9999.000
202603280400,   0.347,9999.000,   0.200,   0.094,   0.641,   0.000,   0.441,   0.300,   0.741
202603280406,   0.385,9999.000,9999.000,9999.000,9999.000,9999.000,9999.000,9999.000,9999.000
202603280412,   0.425,9999.000,9999.000,9999.000,9999.000,9999.000,9999.000,9999.000,9999.000
202603280418,   0.468,9999.000,9999.000,9999.000,9999.000,9999.000,9999.000,9999.000,9999.000
202603280424,   0.512,9999.000,9999.000,9999.000,9999.000,9999.000,9999.000,9999.000,9999.000
202603280430,   0.558,9999.000,9999.000,9999.000,9999.000,9999.000,9999.000,9999.000,9999.000
202603280436,   0.606,9999.000,9999.000,9999.000,9999.000,9999.000,9999.000,9999.000,9999.000
202603280442,   0.655,9999.000,9999.000,9999.000,9999.000,9999.000,9999.000,9999.000,9999.000
202603280448,   0.706,9999.000,9999.000,9999.000,9999.000,9999.000,9999.000,9999.000,9999.000
202603280454,   0.758,9999.000,9999.000,9999.000,9999.000,9999.000,9999.000,9999.000,9999.000
202603280500,   0.811,9999.000,   0.200,   0.094,   1.105,   0.000,   0.905,   0.400,   1.305
202603280506,   0.865,9999.000,9999.000,9999.000,9999.000,9999.000,9999.000,9999.000,9999.000
202603280512,   0.920,9999.000,9999.000,9999.000,9999.000,9999.000,9999.000,9999.000,9999.000
202603280518,   0.976,9999.000,9999.000,9999.000,9999.000,9999.000,9999.000,9999.000,9999.000
202603280524,   1.032,9999.000,9999.000,9999.000,9999.000,9999.000,9999.000,9999.000,9999.000
202603280530,   1.089,9999.000,9999.000,9999.000,9999.000,9999.000,9999.000,9999.000,9999.000
202603280536,   1.146,9999.000,9999.000,9999.000,9999.000,9999.000,9999.000,9999.000,9999.000
202603280542,   1.203,9999.000,9999.000,9999.000,9999.000,9999.000,9999.000,9999.000,9999.000
202603280548,   1.260,9999.000,9999.000,9999.000,9999.000,9999.000,9999.000,9999.000,9999.000
202603280554,   1.317,9999.000,9999.000,9999.000,9999.000,9999.000,9999.000,9999.000,9999.000
202603280600,   1.374,9999.000,   0.200,   0.094,   1.668,   0.000,   1.468,   0.400,   1.868
202603280606,   1.431,9999.000,9999.000,9999.000,9999.000,9999.000,9999.000,9999.000,9999.000
202603280612,   1.487,9999.000,9999.000,9999.000,9999.000,9999.000,9999.000,9999.000,9999.000
202603280618,   1.543,9999.000,9999.000,9999.000,9999.000,9999.000,9999.000,9999.000,9999.000
202603280624,   1.598,9999.000,9999.000,9999.000,9999.000,9999.000,9999.000,9999.000,9999.000
202603280630,   1.652,9999.000,9999.000,9999.000,9999.000,9999.000,9999.000,9999.000,9999.000
202603280636,   1.706,9999.000,9999.000,9999.000,9999.000,9999.000,9999.000,9999.000,9999.000
202603280642,   1.760,9999.000,9999.000,9999.000,9999.000,9999.000,9999.000,9999.000,9999.000
202603280648,   1.812,9999.000,9999.000,9999.000,9999.000,9999.000,9999.000,9999.000,9999.000
202603280654,   1.863,9999.000,9999.000,9999.000,9999.000,9999.000,9999.000,9999.000,9999.000
202603280700,   1.914,9999.000,   0.200,   0.094,   2.208,   0.000,   2.008,   0.400,   2.408
202603280706,   1.963,9999.000,9999.000,9999.000,9999.000,9999.000,9999.000,9999.000,9999.000
202603280712,   2.012,9999.000,9999.000,9999.000,9999.000,9999.000,9999.000,9999.000,9999.000
202603280718,   2.060,9999.000,9999.000,9999.000,9999.000,9999.000,9999.000,9999.000,9999.000
202603280724,   2.106,9999.000,9999.000,9999.000,9999.000,9999.000,9999.000,9999.000,9999.000
202603280730,   2.152,9999.000,9999.000,9999.000,9999.000,9999.000,9999.000,9999.000,9999.000
202603280736,   2.197,9999.000,9999.000,9999.000,9999.000,9999.000,9999.000,9999.000,9999.000
202603280742,   2.240,9999.000,9999.000,9999.000,9999.000,9999.000,9999.000,9999.000,9999.000
202603280748,   2.282,9999.000,9999.000,9999.000,9999.000,9999.000,9999.000,9999.000,9999.000
202603280754,   2.324,9999.000,9999.000,9999.000,9999.000,9999.000,9999.000,9999.000,9999.000
202603280800,   2.364,9999.000,   0.200,   0.094,   2.658,   0.000,   2.458,   0.400,   2.858
202603280806,   2.403,9999.000,9999.000,9999.000,9999.000,9999.000,9999.000,9999.000,9999.000
202603280812,   2.440,9999.000,9999.000,9999.000,9999.000,9999.000,9999.000,9999.000,9999.000
202603280818,   2.476,9999.000,9999.000,9999.000,9999.000,9999.000,9999.000,9999.000,9999.000
202603280824,   2.511,9999.000,9999.000,9999.000,9999.000,9999.000,9999.000,9999.000,9999.000
202603280830,   2.545,9999.000,9999.000,9999.000,9999.000,9999.000,9999.000,9999.000,9999.000
202603280836,   2.577,9999.000,9999.000,9999.000,9999.000,9999.000,9999.000,9999.000,9999.000
202603280842,   2.607,9999.000,9999.000,9999.000,9999.000,9999.000,9999.000,9999.000,9999.000
202603280848,   2.636,9999.000,9999.000,9999.000,9999.000,9999.000,9999.000,9999.000,9999.000
202603280854,   2.663,9999.000,9999.000,9999.000,9999.000,9999.000,9999.000,9999.000,9999.000
202603280900,   2.688,9999.000,   0.200,   0.094,   2.982,   0.000,   2.782,   0.400,   3.182
202603280906,   2.711,9999.000,9999.000,9999.000,9999.000,9999.000,9999.000,9999.000,9999.000
202603280912,   2.732,9999.000,9999.000,9999.000,9999.000,9999.000,9999.000,9999.000,9999.000
202603280918,   2.751,9999.000,9999.000,9999.000,9999.000,9999.000,9999.000,9999.000,9999.000
202603280924,   2.767,9999.000,9999.000,9999.000,9999.000,9999.000,9999.000,9999.000,9999.000
202603280930,   2.781,9999.000,9999.000,9999.000,9999.000,9999.000,9999.000,9999.000,9999.000
202603280936,   2.793,9999.000,9999.000,9999.000,9999.000,9999.000,9999.000,9999.000,9999.000
202603280942,   2.802,9999.000,9999.000,9999.000,9999.000,9999.000,9999.000,9999.000,9999.000
202603280948,   2.808,9999.000,9999.000,9999.000,9999.000,9999.000,9999.000,9999.000,9999.000
202603280954,   2.811,9999.000,9999.000,9999.000,9999.000,9999.000,9999.000,9999.000,9999.000
202603281000,   2.811,9999.000,   0.200,   0.094,   3.105,   0.000,   2.905,   0.400,   3.305
202603281006,   2.808,9999.000,9999.000,9999.000,9999.000,9999.000,9999.000,9999.000,9999.000
202603281012,   2.802,9999.000,9999.000,9999.000,9999.000,9999.000,9999.000,9999.000,9999.000
202603281018,   2.792,9999.000,9999.000,9999.000,9999.000,9999.000,9999.000,9999.000,9999.000
202603281024,   2.779,9999.000,9999.000,9999.000,9999.000,9999.000,9999.000,9999.000,9999.000
202603281030,   2.763,9999.000,9999.000,9999.000,9999.000,9999.000,9999.000,9999.000,9999.000
202603281036,   2.744,9999.000,9999.000,9999.000,9999.000,9999.000,9999.000,9999.000,9999.000
202603281042,   2.720,9999.000,9999.000,9999.000,9999.000,9999.000,9999.000,9999.000,9999.000
202603281048,   2.694,9999.000,9999.000,9999.000,9999.000,9999.000,9999.000,9999.000,9999.000
202603281054,   2.664,9999.000,9999.000,9999.000,9999.000,9999.000,9999.000,9999.000,9999.000
202603281100,   2.630,9999.000,   0.200,   0.094,   2.924,   0.000,   2.724,   0.400,   3.124
202603281106,   2.593,9999.000,9999.000,9999.000,9999.000,9999.000,9999.000,9999.000,9999.000
202603281112,   2.553,9999.000,9999.000,9999.000,9999.000,9999.000,9999.000,9999.000,9999.000
202603281118,   2.509,9999.000,9999.000,9999.000,9999.000,9999.000,9999.000,9999.000,9999.000
202603281124,   2.463,9999.000,9999.000,9999.000,9999.000,9999.000,9999.000,9999.000,9999.000
202603281130,   2.413,9999.000,9999.000,9999.000,9999.000,9999.000,9999.000,9999.000,9999.000
202603281136,   2.360,9999.000,9999.000,9999.000,9999.000,9999.000,9999.000,9999.000,9999.000
202603281142,   2.305,9999.000,9999.000,9999.000,9999.000,9999.000,9999.000,9999.000,9999.000
202603281148,   2.247,9999.000,9999.000,9999.000,9999.000,9999.000,9999.000,9999.000,9999.000
202603281154,   2.187,9999.000,9999.000,9999.000,9999.000,9999.000,9999.000,9999.000,9999.000
202603281200,   2.124,9999.000,   0.200,   0.094,   2.418,   0.000,   2.218,   0.400,   2.618
202603281206,   2.060,9999.000,9999.000,9999.000,9999.000,9999.000,9999.000,9999.000,9999.000
202603281212,   1.993,9999.000,9999.000,9999.000,9999.000,9999.000,9999.000,9999.000,9999.000
202603281218,   1.925,9999.000,9999.000,9999.000,9999.000,9999.000,9999.000,9999.000,9999.000
202603281224,   1.856,9999.000,9999.000,9999.000,9999.000,9999.000,9999.000,9999.000,9999.000
202603281230,   1.785,9999.000,9999.000,9999.000,9999.000,9999.000,9999.000,9999.000,9999.000
202603281236,   1.714,9999.000,9999.000,9999.000,9999.000,9999.000,9999.000,9999.000,9999.000
202603281242,   1.642,9999.000,9999.000,9999.000,9999.000,9999.000,9999.000,9999.000,9999.000
202603281248,   1.570,9999.000,9999.000,9999.000,9999.000,9999.000,9999.000,9999.000,9999.000
202603281254,   1.497,9999.000,9999.000,9999.000,9999.000,9999.000,9999.000,9999.000,9999.000
202603281300,   1.425,9999.000,   0.200,   0.094,   1.719,   0.100,   1.619,   0.300,   1.819
202603281306,   1.353,9999.000,9999.000,9999.000,9999.000,9999.000,9999.000,9999.000,9999.000
202603281312,   1.281,9999.000,9999.000,9999.000,9999.000,9999.000,9999.000,9999.000,9999.000
202603281318,   1.211,9999.000,9999.000,9999.000,9999.000,9999.000,9999.000,9999.000,9999.000
202603281324,   1.141,9999.000,9999.000,9999.000,9999.000,9999.000,9999.000,9999.000,9999.000
202603281330,   1.072,9999.000,9999.000,9999.000,9999.000,9999.000,9999.000,9999.000,9999.000
202603281336,   1.005,9999.000,9999.000,9999.000,9999.000,9999.000,9999.000,9999.000,9999.000
202603281342,   0.940,9999.000,9999.000,9999.000,9999.000,9999.000,9999.000,9999.000,9999.000
202603281348,   0.876,9999.000,9999.000,9999.000,9999.000,9999.000,9999.000,9999.000,9999.000
202603281354,   0.815,9999.000,9999.000,9999.000,9999.000,9999.000,9999.000,9999.000,9999.000
202603281400,   0.755,9999.000,   0.200,   0.094,   1.049,   0.000,   0.849,   0.300,   1.149
202603281406,   0.698,9999.000,9999.000,9999.000,9999.000,9999.000,9999.000,9999.000,9999.000
202603281412,   0.643,9999.000,9999.000,9999.000,9999.000,9999.000,9999.000,9999.000,9999.000
202603281418,   0.591,9999.000,9999.000,9999.000,9999.000,9999.000,9999.000,9999.000,9999.000
202603281424,   0.542,9999.000,9999.000,9999.000,9999.000,9999.000,9999.000,9999.000,9999.000
202603281430,   0.495,9999.000,9999.000,9999.000,9999.000,9999.000,9999.000,9999.000,9999.000
202603281436,   0.452,9999.000,9999.000,9999.000,9999.000,9999.000,9999.000,9999.000,9999.000
202603281442,   0.411,9999.000,9999.000,9999.000,9999.000,9999.000,9999.000,9999.000,9999.000
202603281448,   0.374,9999.000,9999.000,9999.000,9999.000,9999.000,9999.000,9999.000,9999.000
202603281454,   0.340,9999.000,9999.000,9999.000,9999.000,9999.000,9999.000,9999.000,9999.000
202603281500,   0.309,9999.000,   0.200,   0.094,   0.603,   0.100,   0.503,   0.300,   0.703
202603281506,   0.282,9999.000,9999.000,9999.000,9999.000,9999.000,9999.000,9999.000,9999.000
202603281512,   0.258,9999.000,9999.000,9999.000,9999.000,9999.000,9999.000,9999.000,9999.000
202603281518,   0.237,9999.000,9999.000,9999.000,9999.000,9999.000,9999.000,9999.000,9999.000
202603281524,   0.220,9999.000,9999.000,9999.000,9999.000,9999.000,9999.000,9999.000,9999.000
202603281530,   0.206,9999.000,9999.000,9999.000,9999.000,9999.000,9999.000,9999.000,9999.000
202603281536,   0.196,9999.000,9999.000,9999.000,9999.000,9999.000,9999.000,9999.000,9999.000
202603281542,   0.189,9999.000,9999.000,9999.000,9999.000,9999.000,9999.000,9999.000,9999.000
202603281548,   0.185,9999.000,9999.000,9999.000,9999.000,9999.000,9999.000,9999.000,9999.000
202603281554,   0.185,9999.000,9999.000,9999.000,9999.000,9999.000,9999.000,9999.000,9999.000
202603281600,   0.188,9999.000,   0.200,   0.094,   0.482,   0.100,   0.382,   0.300,   0.582
202603281606,   0.194,9999.000,9999.000,9999.000,9999.000,9999.000,9999.000,9999.000,9999.000
202603281612,   0.204,9999.000,9999.000,9999.000,9999.000,9999.000,9999.000,9999.000,9999.000
202603281618,   0.217,9999.000,9999.000,9999.000,9999.000,9999.000,9999.000,9999.000,9999.000
202603281624,   0.233,9999.000,9999.000,9999.000,9999.000,9999.000,9999.000,9999.000,9999.000
202603281630,   0.252,9999.000,9999.000,9999.000,9999.000,9999.000,9999.000,9999.000,9999.000
202603281636,   0.273,9999.000,9999.000,9999.000,9999.000,9999.000,9999.000,9999.000,9999.000
202603281642,   0.298,9999.000,9999.000,9999.000,9999.000,9999.000,9999.000,9999.000,9999.000
202603281648,   0.325,9999.000,9999.000,9999.000,9999.000,9999.000,9999.000,9999.000,9999.000
202603281654,   0.354,9999.000,9999.000,9999.000,9999.000,9999.000,9999.000,9999.000,9999.000
202603281700,   0.386,9999.000,   0.300,   0.094,   0.780,   0.200,   0.680,   0.400,   0.880
202603281706,   0.421,9999.000,9999.000,9999.000,9999.000,9999.000,9999.000,9999.000,9999.000
202603281712,   0.457,9999.000,9999.000,9999.000,9999.000,9999.000,9999.000,9999.000,9999.000
202603281718,   0.495,9999.000,9999.000,9999.000,9999.000,9999.000,9999.000,9999.000,9999.000
202603281724,   0.535,9999.000,9999.000,9999.000,9999.000,9999.000,9999.000,9999.000,9999.000
202603281730,   0.577,9999.000,9999.000,9999.000,9999.000,9999.000,9999.000,9999.000,9999.000
202603281736,   0.620,9999.000,9999.000,9999.000,9999.000,9999.000,9999.000,9999.000,9999.000
202603281742,   0.665,9999.000,9999.000,9999.000,9999.000,9999.000,9999.000,9999.000,9999.000
202603281748,   0.710,9999.000,9999.000,9999.000,9999.000,9999.000,9999.000,9999.000,9999.000
202603281754,   0.757,9999.000,9999.000,9999.000,9999.000,9999.000,9999.000,9999.000,9999.000
202603281800,   0.804,9999.000,   0.300,   0.094,   1.198,   0.200,   1.098,   0.400,   1.298
202603281806,   0.852,9999.000,9999.000,9999.000,9999.000,9999.000,9999.000,9999.000,9999.000
202603281812,   0.901,9999.000,9999.000,9999.000,9999.000,9999.000,9999.000,9999.000,9999.000
202603281818,   0.950,9999.000,9999.000,9999.000,9999.000,9999.000,9999.000,9999.000,9999.000
202603281824,   0.999,9999.000,9999.000,9999.000,9999.000,9999.000,9999.000,9999.000,9999.000
202603281830,   1.049,9999.000,9999.000,9999.000,9999.000,9999.000,9999.000,9999.000,9999.000
202603281836,   1.098,9999.000,9999.000,9999.000,9999.000,9999.000,9999.000,9999.000,9999.000
202603281842,   1.147,9999.000,9999.000,9999.000,9999.000,9999.000,9999.000,9999.000,9999.000
202603281848,   1.196,9999.000,9999.000,9999.000,9999.000,9999.000,9999.000,9999.000,9999.000
202603281854,   1.245,9999.000,9999.000,9999.000,9999.000,9999.000,9999.000,9999.000,9999.000
202603281900,   1.293,9999.000,   0.300,   0.094,   1.687,   0.200,   1.587,   0.400,   1.787
202603281906,   1.340,9999.000,9999.000,9999.000,9999.000,9999.000,9999.000,9999.000,9999.000
202603281912,   1.387,9999.000,9999.000,9999.000,9999.000,9999.000,9999.000,9999.000,9999.000
202603281918,   1.433,9999.000,9999.000,9999.000,9999.000,9999.000,9999.000,9999.000,9999.000
202603281924,   1.480,9999.000,9999.000,9999.000,9999.000,9999.000,9999.000,9999.000,9999.000
202603281930,   1.524,9999.000,9999.000,9999.000,9999.000,9999.000,9999.000,9999.000,9999.000
202603281936,   1.568,9999.000,9999.000,9999.000,9999.000,9999.000,9999.000,9999.000,9999.000
202603281942,   1.611,9999.000,9999.000,9999.000,9999.000,9999.000,9999.000,9999.000,9999.000
202603281948,   1.653,9999.000,9999.000,9999.000,9999.000,9999.000,9999.000,9999.000,9999.000
202603281954,   1.694,9999.000,9999.000,9999.000,9999.000,9999.000,9999.000,9999.000,9999.000
202603282000,   1.734,9999.000,   0.400,   0.094,   2.228,   0.300,   2.128,   0.500,   2.328
202603282006,   1.773,9999.000,9999.000,9999.000,9999.000,9999.000,9999.000,9999.000,9999.000
202603282012,   1.810,9999.000,9999.000,9999.000,9999.000,9999.000,9999.000,9999.000,9999.000
202603282018,   1.847,9999.000,9999.000,9999.000,9999.000,9999.000,9999.000,9999.000,9999.000
202603282024,   1.883,9999.000,9999.000,9999.000,9999.000,9999.000,9999.000,9999.000,9999.000
202603282030,   1.917,9999.000,9999.000,9999.000,9999.000,9999.000,9999.000,9999.000,9999.000
202603282036,   1.950,9999.000,9999.000,9999.000,9999.000,9999.000,9999.000,9999.000,9999.000
202603282042,   1.982,9999.000,9999.000,9999.000,9999.000,9999.000,9999.000,9999.000,9999.000
202603282048,   2.012,9999.000,9999.000,9999.000,9999.000,9999.000,9999.000,9999.000,9999.000
202603282054,   2.041,9999.000,9999.000,9999.000,9999.000,9999.000,9999.000,9999.000,9999.000
202603282100,   2.068,9999.000,   0.400,   0.094,   2.562,   0.300,   2.462,   0.500,   2.662
202603282106,   2.094,9999.000,9999.000,9999.000,9999.000,9999.000,9999.000,9999.000,9999.000
202603282112,   2.118,9999.000,9999.000,9999.000,9999.000,9999.000,9999.000,9999.000,9999.000
202603282118,   2.141,9999.000,9999.000,9999.000,9999.000,9999.000,9999.000,9999.000,9999.000
202603282124,   2.162,9999.000,9999.000,9999.000,9999.000,9999.000,9999.000,9999.000,9999.000
202603282130,   2.180,9999.000,9999.000,9999.000,9999.000,9999.000,9999.000,9999.000,9999.000
202603282136,   2.197,9999.000,9999.000,9999.000,9999.000,9999.000,9999.000,9999.000,9999.000
202603282142,   2.212,9999.000,9999.000,9999.000,9999.000,9999.000,9999.000,9999.000,9999.000
202603282148,   2.224,9999.000,9999.000,9999.000,9999.000,9999.000,9999.000,9999.000,9999.000
202603282154,   2.234,9999.000,9999.000,9999.000,9999.000,9999.000,9999.000,9999.000,9999.000
202603282200,   2.242,9999.000,   0.400,   0.094,   2.736,   0.300,   2.636,   0.500,   2.836
202603282206,   2.247,9999.000,9999.000,9999.000,9999.000,9999.000,9999.000,9999.000,9999.000
202603282212,   2.249,9999.000,9999.000,9999.000,9999.000,9999.000,9999.000,9999.000,9999.000
202603282218,   2.249,9999.000,9999.000,9999.000,9999.000,9999.000,9999.000,9999.000,9999.000
202603282224,   2.246,9999.000,9999.000,9999.000,9999.000,9999.000,9999.000,9999.000,9999.000
202603282230,   2.240,9999.000,9999.000,9999.000,9999.000,9999.000,9999.000,9999.000,9999.000
202603282236,   2.231,9999.000,9999.000,9999.000,9999.000,9999.000,9999.000,9999.000,9999.000
202603282242,   2.219,9999.000,9999.000,9999.000,9999.000,9999.000,9999.000,9999.000,9999.000
202603282248,   2.204,9999.000,9999.000,9999.000,9999.000,9999.000,9999.000,9999.000,9999.000
202603282254,   2.185,9999.000,9999.000,9999.000,9999.000,9999.000,9999.000,9999.000,9999.000
202603282300,   2.164,9999.000,   0.500,   0.094,   2.758,   0.400,   2.658,   0.500,   2.758
202603282306,   2.139,9999.000,9999.000,9999.000,9999.000,9999.000,9999.000,9999.000,9999.000
202603282312,   2.112,9999.000,9999.000,9999.000,9999.000,9999.000,9999.000,9999.000,9999.000
202603282318,   2.081,9999.000,9999.000,9999.000,9999.000,9999.000,9999.000,9999.000,9999.000
202603282324,   2.047,9999.000,9999.000,9999.000,9999.000,9999.000,9999.000,9999.000,9999.000
202603282330,   2.010,9999.000,9999.000,9999.000,9999.000,9999.000,9999.000,9999.000,9999.000
202603282336,   1.970,9999.000,9999.000,9999.000,9999.000,9999.000,9999.000,9999.000,9999.000
202603282342,   1.927,9999.000,9999.000,9999.000,9999.000,9999.000,9999.000,9999.000,9999.000
202603282348,   1.881,9999.000,9999.000,9999.000,9999.000,9999.000,9999.000,9999.000,9999.000
202603282354,   1.833,9999.000,9999.000,9999.000,9999.000,9999.000,9999.000,9999.000,9999.000
202603290000,   1.782,9999.000,   0.500,   0.094,   2.376,   0.400,   2.276,   0.600,   2.476
202603290006,   1.728,9999.000,9999.000,9999.000,9999.000,9999.000,9999.000,9999.000,9999.000
202603290012,   1.673,9999.000,9999.000,9999.000,9999.000,9999.000,9999.000,9999.000,9999.000
202603290018,   1.616,9999.000,9999.000,9999.000,9999.000,9999.000,9999.000,9999.000,9999.000
202603290024,   1.556,9999.000,9999.000,9999.000,9999.000,9999.000,9999.000,9999.000,9999.000
202603290030,   1.496,9999.000,9999.000,9999.000,9999.000,9999.000,9999.000,9999.000,9999.000
202603290036,   1.434,9999.000,9999.000,9999.000,9999.000,9999.000,9999.000,9999.000,9999.000
202603290042,   1.370,9999.000,9999.000,9999.000,9999.000,9999.000,9999.000,9999.000,9999.000
202603290048,   1.306,9999.000,9999.000,9999.000,9999.000,9999.000,9999.000,9999.000,9999.000
202603290054,   1.241,9999.000,9999.000,9999.000,9999.000,9999.000,9999.000,9999.000,9999.000
202603290100,   1.176,9999.000,   0.500,   0.094,   1.770,   0.400,   1.670,   0.500,   1.770
202603290106,   1.110,9999.000,9999.000,9999.000,9999.000,9999.000,9999.000,9999.000,9999.000
202603290112,   1.045,9999.000,9999.000,9999.000,9999.000,9999.000,9999.000,9999.000,9999.000
202603290118,   0.979,9999.000,9999.000,9999.000,9999.000,9999.000,9999.000,9999.000,9999.000
202603290124,   0.915,9999.000,9999.000,9999.000,9999.000,9999.000,9999.000,9999.000,9999.000
202603290130,   0.851,9999.000,9999.000,9999.000,9999.000,9999.000,9999.000,9999.000,9999.000
202603290136,   0.788,9999.000,9999.000,9999.000,9999.000,9999.000,9999.000,9999.000,9999.000
202603290142,   0.726,9999.000,9999.000,9999.000,9999.000,9999.000,9999.000,9999.000,9999.000
202603290148,   0.665,9999.000,9999.000,9999.000,9999.000,9999.000,9999.000,9999.000,9999.000
202603290154,   0.606,9999.000,9999.000,9999.000,9999.000,9999.000,9999.000,9999.000,9999.000
202603290200,   0.549,9999.000,   0.400,   0.094,   1.043,   0.300,   0.943,   0.500,   1.143
202603290206,   0.494,9999.000,9999.000,9999.000,9999.000,9999.000,9999.000,9999.000,9999.000
202603290212,   0.441,9999.000,9999.000,9999.000,9999.000,9999.000,9999.000,9999.000,9999.000
202603290218,   0.391,9999.000,9999.000,9999.000,9999.000,9999.000,9999.000,9999.000,9999.000
202603290224,   0.343,9999.000,9999.000,9999.000,9999.000,9999.000,9999.000,9999.000,9999.000
202603290230,   0.297,9999.000,9999.000,9999.000,9999.000,9999.000,9999.000,9999.000,9999.000
202603290236,   0.255,9999.000,9999.000,9999.000,9999.000,9999.000,9999.000,9999.000,9999.000
202603290242,   0.215,9999.000,9999.000,9999.000,9999.000,9999.000,9999.000,9999.000,9999.000
202603290248,   0.178,9999.000,9999.000,9999.000,9999.000,9999.000,9999.000,9999.000,9999.000
202603290254,   0.145,9999.000,9999.000,9999.000,9999.000,9999.000,9999.000,9999.000,9999.000
202603290300,   0.114,9999.000,   0.400,   0.094,   0.608,   0.300,   0.508,   0.500,   0.708
202603290306,   0.087,9999.000,9999.000,9999.000,9999.000,9999.000,9999.000,9999.000,9999.000
202603290312,   0.063,9999.000,9999.000,9999.000,9999.000,9999.000,9999.000,9999.000,9999.000
202603290318,   0.043,9999.000,9999.000,9999.000,9999.000,9999.000,9999.000,9999.000,9999.000
202603290324,   0.026,9999.000,9999.000,9999.000,9999.000,9999.000,9999.000,9999.000,9999.000
202603290330,   0.012,9999.000,9999.000,9999.000,9999.000,9999.000,9999.000,9999.000,9999.000
202603290336,   0.002,9999.000,9999.000,9999.000,9999.000,9999.000,9999.000,9999.000,9999.000
202603290342,  -0.004,9999.000,9999.000,9999.000,9999.000,9999.000,9999.000,9999.000,9999.000
202603290348,  -0.007,9999.000,9999.000,9999.000,9999.000,9999.000,9999.000,9999.000,9999.000
202603290354,  -0.006,9999.000,9999.000,9999.000,9999.000,9999.000,9999.000,9999.000,9999.000
202603290400,  -0.002,9999.000,   0.400,   0.094,   0.492,   0.300,   0.392,   0.500,   0.592
202603290406,   0.004,9999.000,9999.000,9999.000,9999.000,9999.000,9999.000,9999.000,9999.000
202603290412,   0.015,9999.000,9999.000,9999.000,9999.000,9999.000,9999.000,9999.000,9999.000
202603290418,   0.029,9999.000,9999.000,9999.000,9999.000,9999.000,9999.000,9999.000,9999.000
202603290424,   0.047,9999.000,9999.000,9999.000,9999.000,9999.000,9999.000,9999.000,9999.000
202603290430,   0.067,9999.000,9999.000,9999.000,9999.000,9999.000,9999.000,9999.000,9999.000
202603290436,   0.091,9999.000,9999.000,9999.000,9999.000,9999.000,9999.000,9999.000,9999.000
202603290442,   0.118,9999.000,9999.000,9999.000,9999.000,9999.000,9999.000,9999.000,9999.000
202603290448,   0.148,9999.000,9999.000,9999.000,9999.000,9999.000,9999.000,9999.000,9999.000
202603290454,   0.181,9999.000,9999.000,9999.000,9999.000,9999.000,9999.000,9999.000,9999.000
202603290500,   0.216,9999.000,   0.400,   0.094,   0.710,   0.300,   0.610,   0.500,   0.810
202603290506,   0.255,9999.000,9999.000,9999.000,9999.000,9999.000,9999.000,9999.000,9999.000
202603290512,   0.295,9999.000,9999.000,9999.000,9999.000,9999.000,9999.000,9999.000,9999.000
202603290518,   0.338,9999.000,9999.000,9999.000,9999.000,9999.000,9999.000,9999.000,9999.000
202603290524,   0.384,9999.000,9999.000,9999.000,9999.000,9999.000,9999.000,9999.000,9999.000
202603290530,   0.431,9999.000,9999.000,9999.000,9999.000,9999.000,9999.000,9999.000,9999.000
202603290536,   0.480,9999.000,9999.000,9999.000,9999.000,9999.000,9999.000,9999.000,9999.000
202603290542,   0.531,9999.000,9999.000,9999.000,9999.000,9999.000,9999.000,9999.000,9999.000
202603290548,   0.584,9999.000,9999.000,9999.000,9999.000,9999.000,9999.000,9999.000,9999.000
202603290554,   0.638,9999.000,9999.000,9999.000,9999.000,9999.000,9999.000,9999.000,9999.000
202603290600,   0.694,9999.000,   0.400,   0.094,   1.188,   0.300,   1.088,   0.500,   1.288
202603290606,   0.751,9999.000,9999.000,9999.000,9999.000,9999.000,9999.000,9999.000,9999.000
202603290612,   0.808,9999.000,9999.000,9999.000,9999.000,9999.000,9999.000,9999.000,9999.000
202603290618,   0.867,9999.000,9999.000,9999.000,9999.000,9999.000,9999.000,9999.000,9999.000
202603290624,   0.926,9999.000,9999.000,9999.000,9999.000,9999.000,9999.000,9999.000,9999.000
202603290630,   0.986,9999.000,9999.000,9999.000,9999.000,9999.000,9999.000,9999.000,9999.000
202603290636,   1.046,9999.000,9999.000,9999.000,9999.000,9999.000,9999.000,9999.000,9999.000
202603290642,   1.106,9999.000,9999.000,9999.000,9999.000,9999.000,9999.000,9999.000,9999.000
202603290648,   1.166,9999.000,9999.000,9999.000,9999.000,9999.000,9999.000,9999.000,9999.000
202603290654,   1.227,9999.000,9999.000,9999.000,9999.000,9999.000,9999.000,9999.000,9999.000
202603290700,   1.287,9999.000,   0.400,   0.094,   1.781,   0.300,   1.681,   0.500,   1.881
202603290706,   1.347,9999.000,9999.000,9999.000,9999.000,9999.000,9999.000,9999.000,9999.000
202603290712,   1.407,9999.000,9999.000,9999.000,9999.000,9999.000,9999.000,9999.000,9999.000
202603290718,   1.466,9999.000,9999.000,9999.000,9999.000,9999.000,9999.000,9999.000,9999.000
202603290724,   1.525,9999.000,9999.000,9999.000,9999.000,9999.000,9999.000,9999.000,9999.000
202603290730,   1.583,9999.000,9999.000,9999.000,9999.000,9999.000,9999.000,9999.000,9999.000
202603290736,   1.640,9999.000,9999.000,9999.000,9999.000,9999.000,9999.000,9999.000,9999.000
202603290742,   1.697,9999.000,9999.000,9999.000,9999.000,9999.000,9999.000,9999.000,9999.000
202603290748,   1.753,9999.000,9999.000,9999.000,9999.000,9999.000,9999.000,9999.000,9999.000
202603290754,   1.808,9999.000,9999.000,9999.000,9999.000,9999.000,9999.000,9999.000,9999.000
202603290800,   1.862,9999.000,   0.400,   0.094,   2.356,   0.300,   2.256,   0.500,   2.456
202603290806,   1.915,9999.000,9999.000,9999.000,9999.000,9999.000,9999.000,9999.000,9999.000
202603290812,   1.967,9999.000,9999.000,9999.000,9999.000,9999.000,9999.000,9999.000,9999.000
202603290818,   2.019,9999.000,9999.000,9999.000,9999.000,9999.000,9999.000,9999.000,9999.000
202603290824,   2.069,9999.000,9999.000,9999.000,9999.000,9999.000,9999.000,9999.000,9999.000
202603290830,   2.118,9999.000,9999.000,9999.000,9999.000,9999.000,9999.000,9999.000,9999.000
202603290836,   2.166,9999.000,9999.000,9999.000,9999.000,9999.000,9999.000,9999.000,9999.000
202603290842,   2.213,9999.000,9999.000,9999.000,9999.000,9999.000,9999.000,9999.000,9999.000
202603290848,   2.259,9999.000,9999.000,9999.000,9999.000,9999.000,9999.000,9999.000,9999.000
202603290854,   2.304,9999.000,9999.000,9999.000,9999.000,9999.000,9999.000,9999.000,9999.000
202603290900,   2.347,9999.000,   0.300,   0.094,   2.741,   0.200,   2.641,   0.500,   2.941
202603290906,   2.389,9999.000,9999.000,9999.000,9999.000,9999.000,9999.000,9999.000,9999.000
202603290912,   2.430,9999.000,9999.000,9999.000,9999.000,9999.000,9999.000,9999.000,9999.000
202603290918,   2.469,9999.000,9999.000,9999.000,9999.000,9999.000,9999.000,9999.000,9999.000
202603290924,   2.507,9999.000,9999.000,9999.000,9999.000,9999.000,9999.000,9999.000,9999.000
202603290930,   2.543,9999.000,9999.000,9999.000,9999.000,9999.000,9999.000,9999.000,9999.000
202603290936,   2.577,9999.000,9999.000,9999.000,9999.000,9999.000,9999.000,9999.000,9999.000
202603290942,   2.610,9999.000,9999.000,9999.000,9999.000,9999.000,9999.000,9999.000,9999.000
202603290948,   2.641,9999.000,9999.000,9999.000,9999.000,9999.000,9999.000,9999.000,9999.000
202603290954,   2.669,9999.000,9999.000,9999.000,9999.000,9999.000,9999.000,9999.000,9999.000
202603291000,   2.696,9999.000,   0.300,   0.094,   3.090,   0.200,   2.990,   0.500,   3.290
202603291006,   2.720,9999.000,9999.000,9999.000,9999.000,9999.000,9999.000,9999.000,9999.000
202603291012,   2.742,9999.000,9999.000,9999.000,9999.000,9999.000,9999.000,9999.000,9999.000
202603291018,   2.761,9999.000,9999.000,9999.000,9999.000,9999.000,9999.000,9999.000,9999.000
202603291024,   2.778,9999.000,9999.000,9999.000,9999.000,9999.000,9999.000,9999.000,9999.000
202603291030,   2.792,9999.000,9999.000,9999.000,9999.000,9999.000,9999.000,9999.000,9999.000
202603291036,   2.803,9999.000,9999.000,9999.000,9999.000,9999.000,9999.000,9999.000,9999.000
202603291042,   2.811,9999.000,9999.000,9999.000,9999.000,9999.000,9999.000,9999.000,9999.000
202603291048,   2.816,9999.000,9999.000,9999.000,9999.000,9999.000,9999.000,9999.000,9999.000
202603291054,   2.817,9999.000,9999.000,9999.000,9999.000,9999.000,9999.000,9999.000,9999.000
202603291100,   2.815,9999.000,   0.300,   0.094,   3.209,   0.200,   3.109,   0.400,   3.309
202603291106,   2.810,9999.000,9999.000,9999.000,9999.000,9999.000,9999.000,9999.000,9999.000
202603291112,   2.801,9999.000,9999.000,9999.000,9999.000,9999.000,9999.000,9999.000,9999.000
202603291118,   2.788,9999.000,9999.000,9999.000,9999.000,9999.000,9999.000,9999.000,9999.000
202603291124,   2.772,9999.000,9999.000,9999.000,9999.000,9999.000,9999.000,9999.000,9999.000
202603291130,   2.752,9999.000,9999.000,9999.000,9999.000,9999.000,9999.000,9999.000,9999.000
202603291136,   2.728,9999.000,9999.000,9999.000,9999.000,9999.000,9999.000,9999.000,9999.000
202603291142,   2.701,9999.000,9999.000,9999.000,9999.000,9999.000,9999.000,9999.000,9999.000
202603291148,   2.669,9999.000,9999.000,9999.000,9999.000,9999.000,9999.000,9999.000,9999.000
202603291154,   2.634,9999.000,9999.000,9999.000,9999.000,9999.000,9999.000,9999.000,9999.000
202603291200,   2.596,9999.000,   0.300,   0.094,   2.990,   0.200,   2.890,   0.400,   3.090
202603291206,   2.553,9999.000,9999.000,9999.000,9999.000,9999.000,9999.000,9999.000,9999.000
202603291212,   2.507,9999.000,9999.000,9999.000,9999.000,9999.000,9999.000,9999.000,9999.000
202603291218,   2.458,9999.000,9999.000,9999.000,9999.000,9999.000,9999.000,9999.000,9999.000
202603291224,   2.406,9999.000,9999.000,9999.000,9999.000,9999.000,9999.000,9999.000,9999.000
202603291230,   2.350,9999.000,9999.000,9999.000,9999.000,9999.000,9999.000,9999.000,9999.000
202603291236,   2.291,9999.000,9999.000,9999.000,9999.000,9999.000,9999.000,9999.000,9999.000
202603291242,   2.230,9999.000,9999.000,9999.000,9999.000,9999.000,9999.000,9999.000,9999.000
202603291248,   2.166,9999.000,9999.000,9999.000,9999.000,9999.000,9999.000,9999.000,9999.000
202603291254,   2.099,9999.000,9999.000,9999.000,9999.000,9999.000,9999.000,9999.000,9999.000
202603291300,   2.030,9999.000,   0.300,   0.094,   2.424,   0.200,   2.324,   0.400,   2.524
202603291306,   1.960,9999.000,9999.000,9999.000,9999.000,9999.000,9999.000,9999.000,9999.000
202603291312,   1.887,9999.000,9999.000,9999.000,9999.000,9999.000,9999.000,9999.000,9999.000
202603291318,   1.813,9999.000,9999.000,9999.000,9999.000,9999.000,9999.000,9999.000,9999.000
202603291324,   1.738,9999.000,9999.000,9999.000,9999.000,9999.000,9999.000,9999.000,9999.000
202603291330,   1.662,9999.000,9999.000,9999.000,9999.000,9999.000,9999.000,9999.000,9999.000
202603291336,   1.585,9999.000,9999.000,9999.000,9999.000,9999.000,9999.000,9999.000,9999.000
202603291342,   1.508,9999.000,9999.000,9999.000,9999.000,9999.000,9999.000,9999.000,9999.000
202603291348,   1.430,9999.000,9999.000,9999.000,9999.000,9999.000,9999.000,9999.000,9999.000
202603291354,   1.352,9999.000,9999.000,9999.000,9999.000,9999.000,9999.000,9999.000,9999.000
202603291400,   1.275,9999.000,   0.200,   0.094,   1.569,   0.100,   1.469,   0.400,   1.769
202603291406,   1.199,9999.000,9999.000,9999.000,9999.000,9999.000,9999.000,9999.000,9999.000
202603291412,   1.123,9999.000,9999.000,9999.000,9999.000,9999.000,9999.000,9999.000,9999.000
202603291418,   1.048,9999.000,9999.000,9999.000,9999.000,9999.000,9999.000,9999.000,9999.000
202603291424,   0.975,9999.000,9999.000,9999.000,9999.000,9999.000,9999.000,9999.000,9999.000
202603291430,   0.903,9999.000,9999.000,9999.000,9999.000,9999.000,9999.000,9999.000,9999.000
202603291436,   0.833,9999.000,9999.000,9999.000,9999.000,9999.000,9999.000,9999.000,9999.000
202603291442,   0.764,9999.000,9999.000,9999.000,9999.000,9999.000,9999.000,9999.000,9999.000
202603291448,   0.698,9999.000,9999.000,9999.000,9999.000,9999.000,9999.000,9999.000,9999.000
202603291454,   0.635,9999.000,9999.000,9999.000,9999.000,9999.000,9999.000,9999.000,9999.000
202603291500,   0.573,9999.000,   0.200,   0.094,   0.867,   0.100,   0.767,   0.300,   0.967
202603291506,   0.515,9999.000,9999.000,9999.000,9999.000,9999.000,9999.000,9999.000,9999.000
202603291512,   0.459,9999.000,9999.000,9999.000,9999.000,9999.000,9999.000,9999.000,9999.000
202603291518,   0.406,9999.000,9999.000,9999.000,9999.000,9999.000,9999.000,9999.000,9999.000
202603291524,   0.357,9999.000,9999.000,9999.000,9999.000,9999.000,9999.000,9999.000,9999.000
202603291530,   0.311,9999.000,9999.000,9999.000,9999.000,9999.000,9999.000,9999.000,9999.000
202603291536,   0.268,9999.000,9999.000,9999.000,9999.000,9999.000,9999.000,9999.000,9999.000
202603291542,   0.228,9999.000,9999.000,9999.000,9999.000,9999.000,9999.000,9999.000,9999.000
202603291548,   0.192,9999.000,9999.000,9999.000,9999.000,9999.000,9999.000,9999.000,9999.000
202603291554,   0.160,9999.000,9999.000,9999.000,9999.000,9999.000,9999.000,9999.000,9999.000
202603291600,   0.131,9999.000,   0.200,   0.094,   0.425,   0.100,   0.325,   0.300,   0.525
202603291606,   0.107,9999.000,9999.000,9999.000,9999.000,9999.000,9999.000,9999.000,9999.000
202603291612,   0.085,9999.000,9999.000,9999.000,9999.000,9999.000,9999.000,9999.000,9999.000
202603291618,   0.068,9999.000,9999.000,9999.000,9999.000,9999.000,9999.000,9999.000,9999.000
202603291624,   0.055,9999.000,9999.000,9999.000,9999.000,9999.000,9999.000,9999.000,9999.000
202603291630,   0.045,9999.000,9999.000,9999.000,9999.000,9999.000,9999.000,9999.000,9999.000
202603291636,   0.039,9999.000,9999.000,9999.000,9999.000,9999.000,9999.000,9999.000,9999.000
202603291642,   0.037,9999.000,9999.000,9999.000,9999.000,9999.000,9999.000,9999.000,9999.000
202603291648,   0.039,9999.000,9999.000,9999.000,9999.000,9999.000,9999.000,9999.000,9999.000
202603291654,   0.044,9999.000,9999.000,9999.000,9999.000,9999.000,9999.000,9999.000,9999.000
202603291700,   0.053,9999.000,   0.100,   0.094,   0.247,   0.000,   0.147,   0.300,   0.447
202603291706,   0.065,9999.000,9999.000,9999.000,9999.000,9999.000,9999.000,9999.000,9999.000
202603291712,   0.081,9999.000,9999.000,9999.000,9999.000,9999.000,9999.000,9999.000,9999.000
202603291718,   0.101,9999.000,9999.000,9999.000,9999.000,9999.000,9999.000,9999.000,9999.000
202603291724,   0.123,9999.000,9999.000,9999.000,9999.000,9999.000,9999.000,9999.000,9999.000
202603291730,   0.149,9999.000,9999.000,9999.000,9999.000,9999.000,9999.000,9999.000,9999.000
202603291736,   0.178,9999.000,9999.000,9999.000,9999.000,9999.000,9999.000,9999.000,9999.000
202603291742,   0.210,9999.000,9999.000,9999.000,9999.000,9999.000,9999.000,9999.000,9999.000
202603291748,   0.244,9999.000,9999.000,9999.000,9999.000,9999.000,9999.000,9999.000,9999.000
202603291754,   0.281,9999.000,9999.000,9999.000,9999.000,9999.000,9999.000,9999.000,9999.000
202603291800,   0.321,9999.000,   0.100,   0.094,   0.515,   0.000,   0.415,   0.200,   0.615
202603291806,   0.363,9999.000,9999.000,9999.000,9999.000,9999.000,9999.000,9999.000,9999.000
202603291812,   0.407,9999.000,9999.000,9999.000,9999.000,9999.000,9999.000,9999.000,9999.000
202603291818,   0.453,9999.000,9999.000,9999.000,9999.000,9999.000,9999.000,9999.000,9999.000
202603291824,   0.500,9999.000,9999.000,9999.000,9999.000,9999.000,9999.000,9999.000,9999.000
202603291830,   0.550,9999.000,9999.000,9999.000,9999.000,9999.000,9999.000,9999.000,9999.000
202603291836,   0.600,9999.000,9999.000,9999.000,9999.000,9999.000,9999.000,9999.000,9999.000
202603291842,   0.652,9999.000,9999.000,9999.000,9999.000,9999.000,9999.000,9999.000,9999.000
202603291848,   0.705,9999.000,9999.000,9999.000,9999.000,9999.000,9999.000,9999.000,9999.000
202603291854,   0.759,9999.000,9999.000,9999.000,9999.000,9999.000,9999.000,9999.000,9999.000
202603291900,   0.813,9999.000,   0.100,   0.094,   1.007,   0.000,   0.907,   0.200,   1.107
202603291906,   0.868,9999.000,9999.000,9999.000,9999.000,9999.000,9999.000,9999.000,9999.000
202603291912,   0.924,9999.000,9999.000,9999.000,9999.000,9999.000,9999.000,9999.000,9999.000
202603291918,   0.980,9999.000,9999.000,9999.000,9999.000,9999.000,9999.000,9999.000,9999.000
202603291924,   1.036,9999.000,9999.000,9999.000,9999.000,9999.000,9999.000,9999.000,9999.000
202603291930,   1.091,9999.000,9999.000,9999.000,9999.000,9999.000,9999.000,9999.000,9999.000
202603291936,   1.147,9999.000,9999.000,9999.000,9999.000,9999.000,9999.000,9999.000,9999.000
202603291942,   1.202,9999.000,9999.000,9999.000,9999.000,9999.000,9999.000,9999.000,9999.000
202603291948,   1.257,9999.000,9999.000,9999.000,9999.000,9999.000,9999.000,9999.000,9999.000
202603291954,   1.312,9999.000,9999.000,9999.000,9999.000,9999.000,9999.000,9999.000,9999.000
202603292000,   1.366,9999.000,   0.000,   0.094,   1.460,  -0.100,   1.360,   0.200,   1.660
202603292006,   1.419,9999.000,9999.000,9999.000,9999.000,9999.000,9999.000,9999.000,9999.000
202603292012,   1.472,9999.000,9999.000,9999.000,9999.000,9999.000,9999.000,9999.000,9999.000
202603292018,   1.523,9999.000,9999.000,9999.000,9999.000,9999.000,9999.000,9999.000,9999.000
202603292024,   1.574,9999.000,9999.000,9999.000,9999.000,9999.000,9999.000,9999.000,9999.000
202603292030,   1.624,9999.000,9999.000,9999.000,9999.000,9999.000,9999.000,9999.000,9999.000
202603292036,   1.673,9999.000,9999.000,9999.000,9999.000,9999.000,9999.000,9999.000,9999.000
202603292042,   1.721,9999.000,9999.000,9999.000,9999.000,9999.000,9999.000,9999.000,9999.000
202603292048,   1.768,9999.000,9999.000,9999.000,9999.000,9999.000,9999.000,9999.000,9999.000
202603292054,   1.814,9999.000,9999.000,9999.000,9999.000,9999.000,9999.000,9999.000,9999.000
202603292100,   1.858,9999.000,   0.000,   0.094,   1.952,  -0.100,   1.852,   0.200,   2.152
202603292106,   1.902,9999.000,9999.000,9999.000,9999.000,9999.000,9999.000,9999.000,9999.000
202603292112,   1.944,9999.000,9999.000,9999.000,9999.000,9999.000,9999.000,9999.000,9999.000
202603292118,   1.985,9999.000,9999.000,9999.000,9999.000,9999.000,9999.000,9999.000,9999.000
202603292124,   2.025,9999.000,9999.000,9999.000,9999.000,9999.000,9999.000,9999.000,9999.000
202603292130,   2.063,9999.000,9999.000,9999.000,9999.000,9999.000,9999.000,9999.000,9999.000
202603292136,   2.099,9999.000,9999.000,9999.000,9999.000,9999.000,9999.000,9999.000,9999.000
202603292142,   2.135,9999.000,9999.000,9999.000,9999.000,9999.000,9999.000,9999.000,9999.000
202603292148,   2.168,9999.000,9999.000,9999.000,9999.000,9999.000,9999.000,9999.000,9999.000
202603292154,   2.200,9999.000,9999.000,9999.000,9999.000,9999.000,9999.000,9999.000,9999.000
202603292200,   2.230,9999.000,   0.000,   0.094,   2.324,  -0.100,   2.224,   0.100,   2.424
202603292206,   2.259,9999.000,9999.000,9999.000,9999.000,9999.000,9999.000,9999.000,9999.000
202603292212,   2.285,9999.000,9999.000,9999.000,9999.000,9999.000,9999.000,9999.000,9999.000
202603292218,   2.310,9999.000,9999.000,9999.000,9999.000,9999.000,9999.000,9999.000,9999.000
202603292224,   2.332,9999.000,9999.000,9999.000,9999.000,9999.000,9999.000,9999.000,9999.000
202603292230,   2.352,9999.000,9999.000,9999.000,9999.000,9999.000,9999.000,9999.000,9999.000
202603292236,   2.369,9999.000,9999.000,9999.000,9999.000,9999.000,9999.000,9999.000,9999.000
202603292242,   2.385,9999.000,9999.000,9999.000,9999.000,9999.000,9999.000,9999.000,9999.000
202603292248,   2.397,9999.000,9999.000,9999.000,9999.000,9999.000,9999.000,9999.000,9999.000
202603292254,   2.407,9999.000,9999.000,9999.000,9999.000,9999.000,9999.000,9999.000,9999.000
202603292300,   2.414,9999.000,   0.000,   0.094,   2.508,  -0.200,   2.308,   0.100,   2.608
202603292306,   2.418,9999.000,9999.000,9999.000,9999.000,9999.000,9999.000,9999.000,9999.000
202603292312,   2.418,9999.000,9999.000,9999.000,9999.000,9999.000,9999.000,9999.000,9999.000
202603292318,   2.416,9999.000,9999.000,9999.000,9999.000,9999.000,9999.000,9999.000,9999.000
202603292324,   2.411,9999.000,9999.000,9999.000,9999.000,9999.000,9999.000,9999.000,9999.000
202603292330,   2.402,9999.000,9999.000,9999.000,9999.000,9999.000,9999.000,9999.000,9999.000
202603292336,   2.389,9999.000,9999.000,9999.000,9999.000,9999.000,9999.000,9999.000,9999.000
202603292342,   2.374,9999.000,9999.000,9999.000,9999.000,9999.000,9999.000,9999.000,9999.000
202603292348,   2.355,9999.000,9999.000,9999.000,9999.000,9999.000,9999.000,9999.000,9999.000
202603292354,   2.332,9999.000,9999.000,9999.000,9999.000,9999.000,9999.000,9999.000,9999.000
202603300000,   2.305,9999.000,   0.000,   0.094,   2.399,  -0.200,   2.199,   0.100,   2.499
202603300006,   2.276,9999.000,9999.000,9999.000,9999.000,9999.000,9999.000,9999.000,9999.000
202603300012,   2.242,9999.000,9999.000,9999.000,9999.000,9999.000,9999.000,9999.000,9999.000
202603300018,   2.205,9999.000,9999.000,9999.000,9999.000,9999.000,9999.000,9999.000,9999.000
202603300024,   2.165,9999.000,9999.000,9999.000,9999.000,9999.000,9999.000,9999.000,9999.000
202603300030,   2.122,9999.000,9999.000,9999.000,9999.000,9999.000,9999.000,9999.000,9999.000
202603300036,   2.075,9999.000,9999.000,9999.000,9999.000,9999.000,9999.000,9999.000,9999.000
202603300042,   2.025,9999.000,9999.000,9999.000,9999.000,9999.000,9999.000,9999.000,9999.000
202603300048,   1.972,9999.000,9999.000,9999.000,9999.000,9999.000,9999.000,9999.000,9999.000
202603300054,   1.916,9999.000,9999.000,9999.000,9999.000,9999.000,9999.000,9999.000,9999.000
202603300100,   1.858,9999.000,  -0.100,   0.094,   1.852,  -0.200,   1.752,   0.100,   2.052
202603300106,   1.797,9999.000,9999.000,9999.000,9999.000,9999.000,9999.000,9999.000,9999.000
202603300112,   1.734,9999.000,9999.000,9999.000,9999.000,9999.000,9999.000,9999.000,9999.000
202603300118,   1.669,9999.000,9999.000,9999.000,9999.000,9999.000,9999.000,9999.000,9999.000
202603300124,   1.602,9999.000,9999.000,9999.000,9999.000,9999.000,9999.000,9999.000,9999.000
202603300130,   1.533,9999.000,9999.000,9999.000,9999.000,9999.000,9999.000,9999.000,9999.000
202603300136,   1.463,9999.000,9999.000,9999.000,9999.000,9999.000,9999.000,9999.000,9999.000
202603300142,   1.392,9999.000,9999.000,9999.000,9999.000,9999.000,9999.000,9999.000,9999.000
202603300148,   1.320,9999.000,9999.000,9999.000,9999.000,9999.000,9999.000,9999.000,9999.000
202603300154,   1.247,9999.000,9999.000,9999.000,9999.000,9999.000,9999.000,9999.000,9999.000
202603300200,   1.175,9999.000,  -0.100,   0.094,   1.169,  -0.300,   0.969,   0.000,   1.269
202603300206,   1.101,9999.000,9999.000,9999.000,9999.000,9999.000,9999.000,9999.000,9999.000
202603300212,   1.029,9999.000,9999.000,9999.000,9999.000,9999.000,9999.000,9999.000,9999.000
202603300218,   0.956,9999.000,9999.000,9999.000,9999.000,9999.000,9999.000,9999.000,9999.000
202603300224,   0.884,9999.000,9999.000,9999.000,9999.000,9999.000,9999.000,9999.000,9999.000
202603300230,   0.814,9999.000,9999.000,9999.000,9999.000,9999.000,9999.000,9999.000,9999.000
202603300236,   0.744,9999.000,9999.000,9999.000,9999.000,9999.000,9999.000,9999.000,9999.000
202603300242,   0.676,9999.000,9999.000,9999.000,9999.000,9999.000,9999.000,9999.000,9999.000
202603300248,   0.609,9999.000,9999.000,9999.000,9999.000,9999.000,9999.000,9999.000,9999.000
202603300254,   0.544,9999.000,9999.000,9999.000,9999.000,9999.000,9999.000,9999.000,9999.000
202603300300,   0.482,9999.000,  -0.100,   0.094,   0.476,  -0.300,   0.276,   0.000,   0.576
202603300306,   0.421,9999.000,9999.000,9999.000,9999.000,9999.000,9999.000,9999.000,9999.000
202603300312,   0.363,9999.000,9999.000,9999.000,9999.000,9999.000,9999.000,9999.000,9999.000
202603300318,   0.308,9999.000,9999.000,9999.000,9999.000,9999.000,9999.000,9999.000,9999.000
202603300324,   0.255,9999.000,9999.000,9999.000,9999.000,9999.000,9999.000,9999.000,9999.000
202603300330,   0.206,9999.000,9999.000,9999.000,9999.000,9999.000,9999.000,9999.000,9999.000
202603300336,   0.159,9999.000,9999.000,9999.000,9999.000,9999.000,9999.000,9999.000,9999.000
202603300342,   0.116,9999.000,9999.000,9999.000,9999.000,9999.000,9999.000,9999.000,9999.000
202603300348,   0.076,9999.000,9999.000,9999.000,9999.000,9999.000,9999.000,9999.000,9999.000
202603300354,   0.040,9999.000,9999.000,9999.000,9999.000,9999.000,9999.000,9999.000,9999.000
202603300400,   0.007,9999.000,  -0.200,   0.094,  -0.099,  -0.400,  -0.299,   0.000,   0.101
202603300406,  -0.021,9999.000,9999.000,9999.000,9999.000,9999.000,9999.000,9999.000,9999.000
202603300412,  -0.047,9999.000,9999.000,9999.000,9999.000,9999.000,9999.000,9999.000,9999.000
202603300418,  -0.069,9999.000,9999.000,9999.000,9999.000,9999.000,9999.000,9999.000,9999.000
202603300424,  -0.087,9999.000,9999.000,9999.000,9999.000,9999.000,9999.000,9999.000,9999.000
202603300430,  -0.101,9999.000,9999.000,9999.000,9999.000,9999.000,9999.000,9999.000,9999.000
202603300436,  -0.111,9999.000,9999.000,9999.000,9999.000,9999.000,9999.000,9999.000,9999.000
202603300442,  -0.117,9999.000,9999.000,9999.000,9999.000,9999.000,9999.000,9999.000,9999.000
202603300448,  -0.120,9999.000,9999.000,9999.000,9999.000,9999.000,9999.000,9999.000,9999.000
202603300454,  -0.118,9999.000,9999.000,9999.000,9999.000,9999.000,9999.000,9999.000,9999.000
202603300500,  -0.113,9999.000,  -0.200,   0.094,  -0.219,  -0.500,  -0.519,   0.000,  -0.019
202603300506,  -0.104,9999.000,9999.000,9999.000,9999.000,9999.000,9999.000,9999.000,9999.000
202603300512,  -0.092,9999.000,9999.000,9999.000,9999.000,9999.000,9999.000,9999.000,9999.000
202603300518,  -0.075,9999.000,9999.000,9999.000,9999.000,9999.000,9999.000,9999.000,9999.000
202603300524,  -0.055,9999.000,9999.000,9999.000,9999.000,9999.000,9999.000,9999.000,9999.000
202603300530,  -0.032,9999.000,9999.000,9999.000,9999.000,9999.000,9999.000,9999.000,9999.000
202603300536,  -0.005,9999.000,9999.000,9999.000,9999.000,9999.000,9999.000,9999.000,9999.000
202603300542,   0.024,9999.000,9999.000,9999.000,9999.000,9999.000,9999.000,9999.000,9999.000
202603300548,   0.058,9999.000,9999.000,9999.000,9999.000,9999.000,9999.000,9999.000,9999.000
202603300554,   0.094,9999.000,9999.000,9999.000,9999.000,9999.000,9999.000,9999.000,9999.000
202603300600,   0.133,9999.000,  -0.300,   0.094,  -0.073,  -0.500,  -0.273,   0.000,   0.227
202603300606,   0.176,9999.000,9999.000,9999.000,9999.000,9999.000,9999.000,9999.000,9999.000
202603300612,   0.220,9999.000,9999.000,9999.000,9999.000,9999.000,9999.000,9999.000,9999.000
202603300618,   0.268,9999.000,9999.000,9999.000,9999.000,9999.000,9999.000,9999.000,9999.000
202603300624,   0.317,9999.000,9999.000,9999.000,9999.000,9999.000,9999.000,9999.000,9999.000
202603300630,   0.369,9999.000,9999.000,9999.000,9999.000,9999.000,9999.000,9999.000,9999.000
202603300636,   0.423,9999.000,9999.000,9999.000,9999.000,9999.000,9999.000,9999.000,9999.000
202603300642,   0.478,9999.000,9999.000,9999.000,9999.000,9999.000,9999.000,9999.000,9999.000
202603300648,   0.535,9999.000,9999.000,9999.000,9999.000,9999.000,9999.000,9999.000,9999.000
202603300654,   0.594,9999.000,9999.000,9999.000,9999.000,9999.000,9999.000,9999.000,9999.000
202603300700,   0.654,9999.000,  -0.300,   0.094,   0.448,  -0.500,   0.248,  -0.100,   0.648
202603300706,   0.715,9999.000,9999.000,9999.000,9999.000,9999.000,9999.000,9999.000,9999.000
202603300712,   0.777,9999.000,9999.000,9999.000,9999.000,9999.000,9999.000,9999.000,9999.000
202603300718,   0.839,9999.000,9999.000,9999.000,9999.000,9999.000,9999.000,9999.000,9999.000
202603300724,   0.903,9999.000,9999.000,9999.000,9999.000,9999.000,9999.000,9999.000,9999.000
202603300730,   0.966,9999.000,9999.000,9999.000,9999.000,9999.000,9999.000,9999.000,9999.000
202603300736,   1.030,9999.000,9999.000,9999.000,9999.000,9999.000,9999.000,9999.000,9999.000
202603300742,   1.094,9999.000,9999.000,9999.000,9999.000,9999.000,9999.000,9999.000,9999.000
202603300748,   1.158,9999.000,9999.000,9999.000,9999.000,9999.000,9999.000,9999.000,9999.000
202603300754,   1.222,9999.000,9999.000,9999.000,9999.000,9999.000,9999.000,9999.000,9999.000
202603300800,   1.286,9999.000,  -0.300,   0.094,   1.080,  -0.600,   0.780,  -0.100,   1.280
202603300806,   1.349,9999.000,9999.000,9999.000,9999.000,9999.000,9999.000,9999.000,9999.000
202603300812,   1.412,9999.000,9999.000,9999.000,9999.000,9999.000,9999.000,9999.000,9999.000
202603300818,   1.474,9999.000,9999.000,9999.000,9999.000,9999.000,9999.000,9999.000,9999.000
202603300824,   1.535,9999.000,9999.000,9999.000,9999.000,9999.000,9999.000,9999.000,9999.000
202603300830,   1.596,9999.000,9999.000,9999.000,9999.000,9999.000,9999.000,9999.000,9999.000
202603300836,   1.656,9999.000,9999.000,9999.000,9999.000,9999.000,9999.000,9999.000,9999.000
202603300842,   1.715,9999.000,9999.000,9999.000,9999.000,9999.000,9999.000,9999.000,9999.000
202603300848,   1.773,9999.000,9999.000,9999.000,9999.000,9999.000,9999.000,9999.000,9999.000
202603300854,   1.831,9999.000,9999.000,9999.000,9999.000,9999.000,9999.000,9999.000,9999.000
202603300900,   1.887,9999.000,  -0.300,   0.094,   1.681,  -0.600,   1.381,  -0.100,   1.881
202603300906,   1.942,9999.000,9999.000,9999.000,9999.000,9999.000,9999.000,9999.000,9999.000
202603300912,   1.996,9999.000,9999.000,9999.000,9999.000,9999.000,9999.000,9999.000,9999.000
202603300918,   2.049,9999.000,9999.000,9999.000,9999.000,9999.000,9999.000,9999.000,9999.000
202603300924,   2.100,9999.000,9999.000,9999.000,9999.000,9999.000,9999.000,9999.000,9999.000
202603300930,   2.151,9999.000,9999.000,9999.000,9999.000,9999.000,9999.000,9999.000,9999.000
202603300936,   2.200,9999.000,9999.000,9999.000,9999.000,9999.000,9999.000,9999.000,9999.000
202603300942,   2.247,9999.000,9999.000,9999.000,9999.000,9999.000,9999.000,9999.000,9999.000
202603300948,   2.294,9999.000,9999.000,9999.000,9999.000,9999.000,9999.000,9999.000,9999.000
202603300954,   2.339,9999.000,9999.000,9999.000,9999.000,9999.000,9999.000,9999.000,9999.000
202603301000,   2.382,9999.000,  -0.400,   0.094,   2.076,  -0.600,   1.876,  -0.100,   2.376
202603301006,   2.424,9999.000,9999.000,9999.000,9999.000,9999.000,9999.000,9999.000,9999.000
202603301012,   2.464,9999.000,9999.000,9999.000,9999.000,9999.000,9999.000,9999.000,9999.000
202603301018,   2.503,9999.000,9999.000,9999.000,9999.000,9999.000,9999.000,9999.000,9999.000
202603301024,   2.540,9999.000,9999.000,9999.000,9999.000,9999.000,9999.000,9999.000,9999.000
202603301030,   2.574,9999.000,9999.000,9999.000,9999.000,9999.000,9999.000,9999.000,9999.000
202603301036,   2.607,9999.000,9999.000,9999.000,9999.000,9999.000,9999.000,9999.000,9999.000
202603301042,   2.638,9999.000,9999.000,9999.000,9999.000,9999.000,9999.000,9999.000,9999.000
202603301048,   2.666,9999.000,9999.000,9999.000,9999.000,9999.000,9999.000,9999.000,9999.000
202603301054,   2.692,9999.000,9999.000,9999.000,9999.000,9999.000,9999.000,9999.000,9999.000
202603301100,   2.715,9999.000,  -0.400,   0.094,   2.409,  -0.600,   2.209,  -0.100,   2.709
202603301106,   2.736,9999.000,9999.000,9999.000,9999.000,9999.000,9999.000,9999.000,9999.000
202603301112,   2.754,9999.000,9999.000,9999.000,9999.000,9999.000,9999.000,9999.000,9999.000
202603301118,   2.769,9999.000,9999.000,9999.000,9999.000,9999.000,9999.000,9999.000,9999.000
202603301124,   2.781,9999.000,9999.000,9999.000,9999.000,9999.000,9999.000,9999.000,9999.000
202603301130,   2.790,9999.000,9999.000,9999.000,9999.000,9999.000,9999.000,9999.000,9999.000
202603301136,   2.795,9999.000,9999.000,9999.000,9999.000,9999.000,9999.000,9999.000,9999.000
202603301142,   2.797,9999.000,9999.000,9999.000,9999.000,9999.000,9999.000,9999.000,9999.000
202603301148,   2.796,9999.000,9999.000,9999.000,9999.000,9999.000,9999.000,9999.000,9999.000
202603301154,   2.791,9999.000,9999.000,9999.000,9999.000,9999.000,9999.000,9999.000,9999.000
202603301200,   2.782,9999.000,  -0.400,   0.094,   2.476,  -0.600,   2.276,  -0.200,   2.676
202603301206,   2.769,9999.000,9999.000,9999.000,9999.000,9999.000,9999.000,9999.000,9999.000
202603301212,   2.753,9999.000,9999.000,9999.000,9999.000,9999.000,9999.000,9999.000,9999.000
202603301218,   2.732,9999.000,9999.000,9999.000,9999.000,9999.000,9999.000,9999.000,9999.000
202603301224,   2.708,9999.000,9999.000,9999.000,9999.000,9999.000,9999.000,9999.000,9999.000
202603301230,   2.680,9999.000,9999.000,9999.000,9999.000,9999.000,9999.000,9999.000,9999.000
202603301236,   2.647,9999.000,9999.000,9999.000,9999.000,9999.000,9999.000,9999.000,9999.000
202603301242,   2.611,9999.000,9999.000,9999.000,9999.000,9999.000,9999.000,9999.000,9999.000
202603301248,   2.571,9999.000,9999.000,9999.000,9999.000,9999.000,9999.000,9999.000,9999.000
202603301254,   2.528,9999.000,9999.000,9999.000,9999.000,9999.000,9999.000,9999.000,9999.000
202603301300,   2.480,9999.000,  -0.400,   0.094,   2.174,  -0.700,   1.874,  -0.200,   2.374
202603301306,   2.429,9999.000,9999.000,9999.000,9999.000,9999.000,9999.000,9999.000,9999.000
202603301312,   2.374,9999.000,9999.000,9999.000,9999.000,9999.000,9999.000,9999.000,9999.000
202603301318,   2.316,9999.000,9999.000,9999.000,9999.000,9999.000,9999.000,9999.000,9999.000
202603301324,   2.255,9999.000,9999.000,9999.000,9999.000,9999.000,9999.000,9999.000,9999.000
202603301330,   2.191,9999.000,9999.000,9999.000,9999.000,9999.000,9999.000,9999.000,9999.000
202603301336,   2.124,9999.000,9999.000,9999.000,9999.000,9999.000,9999.000,9999.000,9999.000
202603301342,   2.055,9999.000,9999.000,9999.000,9999.000,9999.000,9999.000,9999.000,9999.000
202603301348,   1.983,9999.000,9999.000,9999.000,9999.000,9999.000,9999.000,9999.000,9999.000
202603301354,   1.909,9999.000,9999.000,9999.000,9999.000,9999.000,9999.000,9999.000,9999.000
202603301400,   1.833,9999.000,  -0.400,   0.094,   1.527,  -0.700,   1.227,  -0.200,   1.727
202603301406,   1.756,9999.000,9999.000,9999.000,9999.000,9999.000,9999.000,9999.000,9999.000
202603301412,   1.677,9999.000,9999.000,9999.000,9999.000,9999.000,9999.000,9999.000,9999.000
202603301418,   1.598,9999.000,9999.000,9999.000,9999.000,9999.000,9999.000,9999.000,9999.000
202603301424,   1.517,9999.000,9999.000,9999.000,9999.000,9999.000,9999.000,9999.000,9999.000
202603301430,   1.436,9999.000,9999.000,9999.000,9999.000,9999.000,9999.000,9999.000,9999.000
202603301436,   1.355,9999.000,9999.000,9999.000,9999.000,9999.000,9999.000,9999.000,9999.000
202603301442,   1.273,9999.000,9999.000,9999.000,9999.000,9999.000,9999.000,9999.000,9999.000
202603301448,   1.192,9999.000,9999.000,9999.000,9999.000,9999.000,9999.000,9999.000,9999.000
202603301454,   1.112,9999.000,9999.000,9999.000,9999.000,9999.000,9999.000,9999.000,9999.000
202603301500,   1.032,9999.000,  -0.400,   0.094,   0.726,  -0.700,   0.426,  -0.200,   0.926
202603301506,   0.954,9999.000,9999.000,9999.000,9999.000,9999.000,9999.000,9999.000,9999.000
202603301512,   0.877,9999.000,9999.000,9999.000,9999.000,9999.000,9999.000,9999.000,9999.000
202603301518,   0.802,9999.000,9999.000,9999.000,9999.000,9999.000,9999.000,9999.000,9999.000
202603301524,   0.728,9999.000,9999.000,9999.000,9999.000,9999.000,9999.000,9999.000,9999.000
202603301530,   0.657,9999.000,9999.000,9999.000,9999.000,9999.000,9999.000,9999.000,9999.000
202603301536,   0.587,9999.000,9999.000,9999.000,9999.000,9999.000,9999.000,9999.000,9999.000
202603301542,   0.521,9999.000,9999.000,9999.000,9999.000,9999.000,9999.000,9999.000,9999.000
202603301548,   0.457,9999.000,9999.000,9999.000,9999.000,9999.000,9999.000,9999.000,9999.000
202603301554,   0.396,9999.000,9999.000,9999.000,9999.000,9999.000,9999.000,9999.000,9999.000
202603301600,   0.338,9999.000,  -0.400,   0.094,   0.032,  -0.700,  -0.268,  -0.200,   0.232
202603301606,   0.283,9999.000,9999.000,9999.000,9999.000,9999.000,9999.000,9999.000,9999.000
202603301612,   0.232,9999.000,9999.000,9999.000,9999.000,9999.000,9999.000,9999.000,9999.000
202603301618,   0.184,9999.000,9999.000,9999.000,9999.000,9999.000,9999.000,9999.000,9999.000
202603301624,   0.139,9999.000,9999.000,9999.000,9999.000,9999.000,9999.000,9999.000,9999.000
202603301630,   0.099,9999.000,9999.000,9999.000,9999.000,9999.000,9999.000,9999.000,9999.000
202603301636,   0.062,9999.000,9999.000,9999.000,9999.000,9999.000,9999.000,9999.000,9999.000
202603301642,   0.030,9999.000,9999.000,9999.000,9999.000,9999.000,9999.000,9999.000,9999.000
202603301648,   0.001,9999.000,9999.000,9999.000,9999.000,9999.000,9999.000,9999.000,9999.000
202603301654,  -0.023,9999.000,9999.000,9999.000,9999.000,9999.000,9999.000,9999.000,9999.000
202603301700,  -0.044,9999.000,  -0.400,   0.094,  -0.350,  -0.700,  -0.650,  -0.200,  -0.150
202603301706,  -0.060,9999.000,9999.000,9999.000,9999.000,9999.000,9999.000,9999.000,9999.000
202603301712,  -0.073,9999.000,9999.000,9999.000,9999.000,9999.000,9999.000,9999.000,9999.000
202603301718,  -0.081,9999.000,9999.000,9999.000,9999.000,9999.000,9999.000,9999.000,9999.000
202603301724,  -0.085,9999.000,9999.000,9999.000,9999.000,9999.000,9999.000,9999.000,9999.000
202603301730,  -0.085,9999.000,9999.000,9999.000,9999.000,9999.000,9999.000,9999.000,9999.000
202603301736,  -0.081,9999.000,9999.000,9999.000,9999.000,9999.000,9999.000,9999.000,9999.000
202603301742,  -0.073,9999.000,9999.000,9999.000,9999.000,9999.000,9999.000,9999.000,9999.000
202603301748,  -0.061,9999.000,9999.000,9999.000,9999.000,9999.000,9999.000,9999.000,9999.000
202603301754,  -0.046,9999.000,9999.000,9999.000,9999.000,9999.000,9999.000,9999.000,9999.000
202603301800,  -0.026,9999.000,  -0.500,   0.094,  -0.432,  -0.800,  -0.732,  -0.200,  -0.132
202603301806,  -0.003,9999.000,9999.000,9999.000,9999.000,9999.000,9999.000,9999.000,9999.000
202603301812,   0.022,9999.000,9999.000,9999.000,9999.000,9999.000,9999.000,9999.000,9999.000
202603301818,   0.052,9999.000,9999.000,9999.000,9999.000,9999.000,9999.000,9999.000,9999.000
202603301824,   0.086,9999.000,9999.000,9999.000,9999.000,9999.000,9999.000,9999.000,9999.000
202603301830,   0.122,9999.000,9999.000,9999.000,9999.000,9999.000,9999.000,9999.000,9999.000
202603301836,   0.162,9999.000,9999.000,9999.000,9999.000,9999.000,9999.000,9999.000,9999.000
202603301842,   0.204,9999.000,9999.000,9999.000,9999.000,9999.000,9999.000,9999.000,9999.000
202603301848,   0.249,9999.000,9999.000,9999.000,9999.000,9999.000,9999.000,9999.000,9999.000
202603301854,   0.296,9999.000,9999.000,9999.000,9999.000,9999.000,9999.000,9999.000,9999.000
202603301900,   0.346,9999.000,  -0.500,   0.094,  -0.060,  -0.700,  -0.260,  -0.200,   0.240
202603301906,   0.397,9999.000,9999.000,9999.000,9999.000,9999.000,9999.000,9999.000,9999.000
202603301912,   0.451,9999.000,9999.000,9999.000,9999.000,9999.000,9999.000,9999.000,9999.000
202603301918,   0.506,9999.000,9999.000,9999.000,9999.000,9999.000,9999.000,9999.000,9999.000
202603301924,   0.563,9999.000,9999.000,9999.000,9999.000,9999.000,9999.000,9999.000,9999.000
202603301930,   0.621,9999.000,9999.000,9999.000,9999.000,9999.000,9999.000,9999.000,9999.000
202603301936,   0.680,9999.000,9999.000,9999.000,9999.000,9999.000,9999.000,9999.000,9999.000
202603301942,   0.740,9999.000,9999.000,9999.000,9999.000,9999.000,9999.000,9999.000,9999.000
202603301948,   0.801,9999.000,9999.000,9999.000,9999.000,9999.000,9999.000,9999.000,9999.000
202603301954,   0.863,9999.000,9999.000,9999.000,9999.000,9999.000,9999.000,9999.000,9999.000
202603302000,   0.925,9999.000,  -0.400,   0.094,   0.619,  -0.800,   0.219,  -0.200,   0.819
202603302006,   0.987,9999.000,9999.000,9999.000,9999.000,9999.000,9999.000,9999.000,9999.000
202603302012,   1.049,9999.000,9999.000,9999.000,9999.000,9999.000,9999.000,9999.000,9999.000
202603302018,   1.111,9999.000,9999.000,9999.000,9999.000,9999.000,9999.000,9999.000,9999.000
202603302024,   1.173,9999.000,9999.000,9999.000,9999.000,9999.000,9999.000,9999.000,9999.000
202603302030,   1.235,9999.000,9999.000,9999.000,9999.000,9999.000,9999.000,9999.000,9999.000
202603302036,   1.296,9999.000,9999.000,9999.000,9999.000,9999.000,9999.000,9999.000,9999.000
202603302042,   1.357,9999.000,9999.000,9999.000,9999.000,9999.000,9999.000,9999.000,9999.000
202603302048,   1.417,9999.000,9999.000,9999.000,9999.000,9999.000,9999.000,9999.000,9999.000
202603302054,   1.476,9999.000,9999.000,9999.000,9999.000,9999.000,9999.000,9999.000,9999.000
202603302100,   1.535,9999.000,  -0.400,   0.094,   1.229,  -0.800,   0.829,  -0.200,   1.429
202603302106,   1.592,9999.000,9999.000,9999.000,9999.000,9999.000,9999.000,9999.000,9999.000
202603302112,   1.648,9999.000,9999.000,9999.000,9999.000,9999.000,9999.000,9999.000,9999.000
202603302118,   1.704,9999.000,9999.000,9999.000,9999.000,9999.000,9999.000,9999.000,9999.000
202603302124,   1.758,9999.000,9999.000,9999.000,9999.000,9999.000,9999.000,9999.000,9999.000
202603302130,   1.811,9999.000,9999.000,9999.000,9999.000,9999.000,9999.000,9999.000,9999.000
202603302136,   1.863,9999.000,9999.000,9999.000,9999.000,9999.000,9999.000,9999.000,9999.000
202603302142,   1.914,9999.000,9999.000,9999.000,9999.000,9999.000,9999.000,9999.000,9999.000
202603302148,   1.963,9999.000,9999.000,9999.000,9999.000,9999.000,9999.000,9999.000,9999.000
202603302154,   2.011,9999.000,9999.000,9999.000,9999.000,9999.000,9999.000,9999.000,9999.000
202603302200,   2.058,9999.000,  -0.400,   0.094,   1.752,  -0.700,   1.452,  -0.200,   1.952
202603302206,   2.103,9999.000,9999.000,9999.000,9999.000,9999.000,9999.000,9999.000,9999.000
202603302212,   2.146,9999.000,9999.000,9999.000,9999.000,9999.000,9999.000,9999.000,9999.000
202603302218,   2.188,9999.000,9999.000,9999.000,9999.000,9999.000,9999.000,9999.000,9999.000
202603302224,   2.229,9999.000,9999.000,9999.000,9999.000,9999.000,9999.000,9999.000,9999.000
202603302230,   2.268,9999.000,9999.000,9999.000,9999.000,9999.000,9999.000,9999.000,9999.000
202603302236,   2.304,9999.000,9999.000,9999.000,9999.000,9999.000,9999.000,9999.000,9999.000
202603302242,   2.340,9999.000,9999.000,9999.000,9999.000,9999.000,9999.000,9999.000,9999.000
202603302248,   2.373,9999.000,9999.000,9999.000,9999.000,9999.000,9999.000,9999.000,9999.000
202603302254,   2.404,9999.000,9999.000,9999.000,9999.000,9999.000,9999.000,9999.000,9999.000
202603302300,   2.433,9999.000,  -0.400,   0.094,   2.127,  -0.700,   1.827,  -0.100,   2.427
202603302306,   2.460,9999.000,9999.000,9999.000,9999.000,9999.000,9999.000,9999.000,9999.000
202603302312,   2.484,9999.000,9999.000,9999.000,9999.000,9999.000,9999.000,9999.000,9999.000
202603302318,   2.506,9999.000,9999.000,9999.000,9999.000,9999.000,9999.000,9999.000,9999.000
202603302324,   2.525,9999.000,9999.000,9999.000,9999.000,9999.000,9999.000,9999.000,9999.000
202603302330,   2.542,9999.000,9999.000,9999.000,9999.000,9999.000,9999.000,9999.000,9999.000
202603302336,   2.556,9999.000,9999.000,9999.000,9999.000,9999.000,9999.000,9999.000,9999.000
202603302342,   2.567,9999.000,9999.000,9999.000,9999.000,9999.000,9999.000,9999.000,9999.000
202603302348,   2.575,9999.000,9999.000,9999.000,9999.000,9999.000,9999.000,9999.000,9999.000
202603302354,   2.580,9999.000,9999.000,9999.000,9999.000,9999.000,9999.000,9999.000,9999.000
202603310000,   2.581,9999.000,  -0.400,   0.094,   2.275,  -0.700,   1.975,  -0.100,   2.575
