        TIME,    TIDE,      OB,   SURGE,    BIAS,     TWL,SURGE90p,  TWL90p,SURGE10p,   TWL10p
202606210600,   0.809,   1.548,   0.700,   0.039,   1.548,   0.700,   1.548,   0.800,   1.648
202606210606,   0.807,9999.000,9999.000,9999.000,9999.000,9999.000,9999.000,9999.000,9999.000
202606210612,   0.805,   1.659,9999.000,9999.000,9999.000,9999.000,9999.000,9999.000,9999.000
202606210618,   0.802,9999.000,9999.000,9999.000,9999.000,9999.000,9999.000,9999.000,9999.000
202606210624,   0.799,   1.738,9999.000,9999.000,9999.000,9999.000,9999.000,9999.000,9999.000
202606210630,   0.795,9999.000,9999.000,9999.000,9999.000,9999.000,9999.000,9999.000,9999.000
202606210636,   0.792,   1.800,9999.000,9999.000,9999.000,9999.000,9999.000,9999.000,9999.000
202606210642,   0.787,9999.000,9999.000,9999.000,9999.000,9999.000,9999.000,9999.000,9999.000
202606210648,   0.783,   1.810,9999.000,9999.000,9999.000,9999.000,9999.000,9999.000,9999.000
202606210654,   0.778,9999.000,9999.000,9999.000,9999.000,9999.000,9999.000,9999.000,9999.000
202606210700,   0.772,   1.879,   0.700,   0.407,   1.879,   0.700,   1.879,   0.800,   1.979
202606210706,   0.767,   1.908,9999.000,9999.000,9999.000,9999.000,9999.000,9999.000,9999.000
202606210712,   0.761,   1.899,9999.000,9999.000,9999.000,9999.000,9999.000,9999.000,9999.000
202606210718,   0.754,   1.869,9999.000,9999.000,9999.000,9999.000,9999.000,9999.000,9999.000
202606210724,   0.748,   1.908,9999.000,9999.000,9999.000,9999.000,9999.000,9999.000,9999.000
202606210730,   0.741,   1.879,9999.000,9999.000,9999.000,9999.000,9999.000,9999.000,9999.000
202606210736,   0.734,   1.859,9999.000,9999.000,9999.000,9999.000,9999.000,9999.000,9999.000
202606210742,   0.727,   1.928,9999.000,9999.000,9999.000,9999.000,9999.000,9999.000,9999.000
202606210748,   0.720,   1.967,9999.000,9999.000,9999.000,9999.000,9999.000,9999.000,9999.000
202606210754,   0.712,   2.000,9999.000,9999.000,9999.000,9999.000,9999.000,9999.000,9999.000
202606210800,   0.705,   1.908,   0.700,   0.503,   1.908,   0.700,   1.908,   0.800,   2.008
202606210806,   0.697,   1.948,9999.000,9999.000,9999.000,9999.000,9999.000,9999.000,9999.000
202606210812,   0.689,   1.958,9999.000,9999.000,9999.000,9999.000,9999.000,9999.000,9999.000
202606210818,   0.682,   1.958,9999.000,9999.000,9999.000,9999.000,9999.000,9999.000,9999.000
202606210824,   0.674,   1.938,9999.000,9999.000,9999.000,9999.000,9999.000,9999.000,9999.000
202606210830,   0.666,   1.899,9999.000,9999.000,9999.000,9999.000,9999.000,9999.000,9999.000
202606210836,   0.658,   1.859,9999.000,9999.000,9999.000,9999.000,9999.000,9999.000,9999.000
202606210842,   0.650,   1.840,9999.000,9999.000,9999.000,9999.000,9999.000,9999.000,9999.000
202606210848,   0.642,   1.849,9999.000,9999.000,9999.000,9999.000,9999.000,9999.000,9999.000
202606210854,   0.634,   1.840,9999.000,9999.000,9999.000,9999.000,9999.000,9999.000,9999.000
202606210900,   0.627,   1.781,   0.700,   0.454,   1.781,   0.700,   1.781,   0.800,   1.881
202606210906,   0.619,   1.790,9999.000,9999.000,9999.000,9999.000,9999.000,9999.000,9999.000
202606210912,   0.611,   1.767,9999.000,9999.000,9999.000,9999.000,9999.000,9999.000,9999.000
202606210918,   0.604,   1.748,9999.000,9999.000,9999.000,9999.000,9999.000,9999.000,9999.000
202606210924,   0.597,   1.748,9999.000,9999.000,9999.000,9999.000,9999.000,9999.000,9999.000
202606210930,   0.589,   1.738,9999.000,9999.000,9999.000,9999.000,9999.000,9999.000,9999.000
202606210936,   0.582,   1.689,9999.000,9999.000,9999.000,9999.000,9999.000,9999.000,9999.000
202606210942,   0.575,   1.728,9999.000,9999.000,9999.000,9999.000,9999.000,9999.000,9999.000
202606210948,   0.568,   1.689,9999.000,9999.000,9999.000,9999.000,9999.000,9999.000,9999.000
202606210954,   0.562,   1.689,9999.000,9999.000,9999.000,9999.000,9999.000,9999.000,9999.000
202606211000,   0.555,   1.679,   0.700,   0.424,   1.679,   0.700,   1.679,   0.800,   1.779
202606211006,   0.548,   1.758,9999.000,9999.000,9999.000,9999.000,9999.000,9999.000,9999.000
202606211012,   0.542,   1.699,9999.000,9999.000,9999.000,9999.000,9999.000,9999.000,9999.000
202606211018,   0.536,   1.728,9999.000,9999.000,9999.000,9999.000,9999.000,9999.000,9999.000
202606211024,   0.530,   1.738,9999.000,9999.000,9999.000,9999.000,9999.000,9999.000,9999.000
202606211030,   0.524,   1.679,9999.000,9999.000,9999.000,9999.000,9999.000,9999.000,9999.000
202606211036,   0.518,   1.790,9999.000,9999.000,9999.000,9999.000,9999.000,9999.000,9999.000
202606211042,   0.513,   1.781,9999.000,9999.000,9999.000,9999.000,9999.000,9999.000,9999.000
202606211048,   0.508,   1.748,9999.000,9999.000,9999.000,9999.000,9999.000,9999.000,9999.000
202606211054,   0.502,   1.699,9999.000,9999.000,9999.000,9999.000,9999.000,9999.000,9999.000
202606211100,   0.498,   1.758,   0.700,   0.560,   1.758,   0.700,   1.758,   0.700,   1.758
202606211106,   0.493,   1.430,9999.000,9999.000,9999.000,9999.000,9999.000,9999.000,9999.000
202606211112,   0.489,   1.758,9999.000,9999.000,9999.000,9999.000,9999.000,9999.000,9999.000
202606211118,   0.485,   1.630,9999.000,9999.000,9999.000,9999.000,9999.000,9999.000,9999.000
202606211124,   0.481,   1.767,9999.000,9999.000,9999.000,9999.000,9999.000,9999.000,9999.000
202606211130,   0.477,   1.879,9999.000,9999.000,9999.000,9999.000,9999.000,9999.000,9999.000
202606211136,   0.474,   1.758,9999.000,9999.000,9999.000,9999.000,9999.000,9999.000,9999.000
202606211142,   0.471,   1.738,9999.000,9999.000,9999.000,9999.000,9999.000,9999.000,9999.000
202606211148,   0.469,   1.748,9999.000,9999.000,9999.000,9999.000,9999.000,9999.000,9999.000
202606211154,   0.467,   1.728,9999.000,9999.000,9999.000,9999.000,9999.000,9999.000,9999.000
202606211200,   0.465,   1.767,   0.700,   0.602,   1.767,   0.700,   1.767,   0.800,   1.867
202606211206,   0.464,   1.830,9999.000,9999.000,9999.000,9999.000,9999.000,9999.000,9999.000
202606211212,   0.463,   1.928,9999.000,9999.000,9999.000,9999.000,9999.000,9999.000,9999.000
202606211218,   0.463,   2.020,9999.000,9999.000,9999.000,9999.000,9999.000,9999.000,9999.000
202606211224,   0.463,   2.059,9999.000,9999.000,9999.000,9999.000,9999.000,9999.000,9999.000
202606211230,   0.464,   2.030,9999.000,9999.000,9999.000,9999.000,9999.000,9999.000,9999.000
202606211236,   0.465,   1.958,9999.000,9999.000,9999.000,9999.000,9999.000,9999.000,9999.000
202606211242,   0.467,   1.990,9999.000,9999.000,9999.000,9999.000,9999.000,9999.000,9999.000
202606211248,   0.470,   1.889,9999.000,9999.000,9999.000,9999.000,9999.000,9999.000,9999.000
202606211254,   0.473,   1.849,9999.000,9999.000,9999.000,9999.000,9999.000,9999.000,9999.000
202606211300,   0.476,   1.830,   0.700,   0.654,   1.830,   0.700,   1.830,   0.800,   1.930
202606211306,   0.480,   1.840,9999.000,9999.000,9999.000,9999.000,9999.000,9999.000,9999.000
202606211312,   0.485,   1.967,9999.000,9999.000,9999.000,9999.000,9999.000,9999.000,9999.000
202606211318,   0.491,   2.040,9999.000,9999.000,9999.000,9999.000,9999.000,9999.000,9999.000
202606211324,   0.497,   2.040,9999.000,9999.000,9999.000,9999.000,9999.000,9999.000,9999.000
202606211330,   0.504,   2.030,9999.000,9999.000,9999.000,9999.000,9999.000,9999.000,9999.000
202606211336,   0.511,   2.020,9999.000,9999.000,9999.000,9999.000,9999.000,9999.000,9999.000
202606211342,   0.519,   1.918,9999.000,9999.000,9999.000,9999.000,9999.000,9999.000,9999.000
202606211348,   0.527,   1.849,9999.000,9999.000,9999.000,9999.000,9999.000,9999.000,9999.000
202606211354,   0.536,   1.800,9999.000,9999.000,9999.000,9999.000,9999.000,9999.000,9999.000
202606211400,   0.546,   1.800,   0.700,   0.554,   1.800,   0.700,   1.800,   0.800,   1.900
202606211406,   0.556,   1.840,9999.000,9999.000,9999.000,9999.000,9999.000,9999.000,9999.000
202606211412,   0.567,   1.899,9999.000,9999.000,9999.000,9999.000,9999.000,9999.000,9999.000
202606211418,   0.579,   1.990,9999.000,9999.000,9999.000,9999.000,9999.000,9999.000,9999.000
202606211424,   0.590,   2.128,9999.000,9999.000,9999.000,9999.000,9999.000,9999.000,9999.000
202606211430,   0.603,   2.109,9999.000,9999.000,9999.000,9999.000,9999.000,9999.000,9999.000
202606211436,   0.615,   2.128,9999.000,9999.000,9999.000,9999.000,9999.000,9999.000,9999.000
202606211442,   0.628,   2.230,9999.000,9999.000,9999.000,9999.000,9999.000,9999.000,9999.000
202606211448,   0.642,   2.309,9999.000,9999.000,9999.000,9999.000,9999.000,9999.000,9999.000
202606211454,   0.656,   2.400,9999.000,9999.000,9999.000,9999.000,9999.000,9999.000,9999.000
202606211500,   0.670,   2.519,   0.700,   1.149,   2.519,   0.700,   2.519,   0.800,   2.619
202606211506,   0.684,   2.597,9999.000,9999.000,9999.000,9999.000,9999.000,9999.000,9999.000
202606211512,   0.699,   2.640,9999.000,9999.000,9999.000,9999.000,9999.000,9999.000,9999.000
202606211518,   0.714,   2.528,9999.000,9999.000,9999.000,9999.000,9999.000,9999.000,9999.000
202606211524,   0.729,   2.709,9999.000,9999.000,9999.000,9999.000,9999.000,9999.000,9999.000
202606211530,   0.744,   2.807,9999.000,9999.000,9999.000,9999.000,9999.000,9999.000,9999.000
202606211536,   0.760,   2.830,9999.000,9999.000,9999.000,9999.000,9999.000,9999.000,9999.000
202606211542,   0.775,   2.850,9999.000,9999.000,9999.000,9999.000,9999.000,9999.000,9999.000
202606211548,   0.791,   2.850,9999.000,9999.000,9999.000,9999.000,9999.000,9999.000,9999.000
202606211554,   0.806,   2.938,9999.000,9999.000,9999.000,9999.000,9999.000,9999.000,9999.000
202606211600,   0.821,   2.978,   0.800,   1.357,   2.978,   0.700,   2.878,   0.800,   2.978
202606211606,   0.836,   2.929,9999.000,9999.000,9999.000,9999.000,9999.000,9999.000,9999.000
202606211612,   0.851,   2.997,9999.000,9999.000,9999.000,9999.000,9999.000,9999.000,9999.000
202606211618,   0.866,   2.978,9999.000,9999.000,9999.000,9999.000,9999.000,9999.000,9999.000
202606211624,   0.881,   2.929,9999.000,9999.000,9999.000,9999.000,9999.000,9999.000,9999.000
202606211630,   0.895,   2.879,9999.000,9999.000,9999.000,9999.000,9999.000,9999.000,9999.000
202606211636,   0.909,   2.807,9999.000,9999.000,9999.000,9999.000,9999.000,9999.000,9999.000
202606211642,   0.923,   2.699,9999.000,9999.000,9999.000,9999.000,9999.000,9999.000,9999.000
202606211648,   0.936,   2.558,9999.000,9999.000,9999.000,9999.000,9999.000,9999.000,9999.000
202606211654,   0.949,   2.459,9999.000,9999.000,9999.000,9999.000,9999.000,9999.000,9999.000
202606211700,   0.962,   2.479,   0.800,   0.717,   2.479,   0.700,   2.379,   0.800,   2.479
202606211706,   0.974,   2.309,9999.000,9999.000,9999.000,9999.000,9999.000,9999.000,9999.000
202606211712,   0.986,   2.377,9999.000,9999.000,9999.000,9999.000,9999.000,9999.000,9999.000
202606211718,   0.997,   2.368,9999.000,9999.000,9999.000,9999.000,9999.000,9999.000,9999.000
202606211724,   1.007,   2.279,9999.000,9999.000,9999.000,9999.000,9999.000,9999.000,9999.000
202606211730,   1.017,   2.168,9999.000,9999.000,9999.000,9999.000,9999.000,9999.000,9999.000
202606211736,   1.026,   2.299,9999.000,9999.000,9999.000,9999.000,9999.000,9999.000,9999.000
202606211742,   1.035,   2.338,9999.000,9999.000,9999.000,9999.000,9999.000,9999.000,9999.000
202606211748,   1.043,   2.348,9999.000,9999.000,9999.000,9999.000,9999.000,9999.000,9999.000
202606211754,   1.051,   2.368,9999.000,9999.000,9999.000,9999.000,9999.000,9999.000,9999.000
202606211800,   1.057,   2.400,   0.900,   0.443,   2.400,   0.800,   2.300,   0.900,   2.400
202606211806,   1.063,   2.410,9999.000,9999.000,9999.000,9999.000,9999.000,9999.000,9999.000
202606211812,   1.069,   2.368,9999.000,9999.000,9999.000,9999.000,9999.000,9999.000,9999.000
202606211818,   1.074,   2.358,9999.000,9999.000,9999.000,9999.000,9999.000,9999.000,9999.000
202606211824,   1.078,   2.450,9999.000,9999.000,9999.000,9999.000,9999.000,9999.000,9999.000
202606211830,   1.081,   2.250,9999.000,9999.000,9999.000,9999.000,9999.000,9999.000,9999.000
202606211836,   1.084,   2.420,9999.000,9999.000,9999.000,9999.000,9999.000,9999.000,9999.000
202606211842,   1.086,   2.459,9999.000,9999.000,9999.000,9999.000,9999.000,9999.000,9999.000
202606211848,   1.088,   2.489,9999.000,9999.000,9999.000,9999.000,9999.000,9999.000,9999.000
202606211854,   1.089,   2.548,9999.000,9999.000,9999.000,9999.000,9999.000,9999.000,9999.000
202606211900,   1.089,   2.587,   0.900,   0.598,   2.587,   0.800,   2.487,   0.900,   2.587
202606211906,   1.088,   2.610,9999.000,9999.000,9999.000,9999.000,9999.000,9999.000,9999.000
202606211912,   1.087,   2.660,9999.000,9999.000,9999.000,9999.000,9999.000,9999.000,9999.000
202606211918,   1.086,   2.699,9999.000,9999.000,9999.000,9999.000,9999.000,9999.000,9999.000
202606211924,   1.084,   2.699,9999.000,9999.000,9999.000,9999.000,9999.000,9999.000,9999.000
202606211930,   1.081,   2.728,9999.000,9999.000,9999.000,9999.000,9999.000,9999.000,9999.000
202606211936,   1.078,   2.689,9999.000,9999.000,9999.000,9999.000,9999.000,9999.000,9999.000
202606211942,   1.074,   2.650,9999.000,9999.000,9999.000,9999.000,9999.000,9999.000,9999.000
202606211948,   1.070,   2.597,9999.000,9999.000,9999.000,9999.000,9999.000,9999.000,9999.000
202606211954,   1.065,   2.578,9999.000,9999.000,9999.000,9999.000,9999.000,9999.000,9999.000
202606212000,   1.060,   2.440,   0.900,   0.480,   2.440,   0.800,   2.340,   0.900,   2.440
202606212006,   1.054,   2.450,9999.000,9999.000,9999.000,9999.000,9999.000,9999.000,9999.000
202606212012,   1.048,   2.338,9999.000,9999.000,9999.000,9999.000,9999.000,9999.000,9999.000
202606212018,   1.042,   2.289,9999.000,9999.000,9999.000,9999.000,9999.000,9999.000,9999.000
202606212024,   1.035,   2.210,9999.000,9999.000,9999.000,9999.000,9999.000,9999.000,9999.000
202606212030,   1.028,   2.220,9999.000,9999.000,9999.000,9999.000,9999.000,9999.000,9999.000
202606212036,   1.020,   2.168,9999.000,9999.000,9999.000,9999.000,9999.000,9999.000,9999.000
202606212042,   1.012,   1.918,9999.000,9999.000,9999.000,9999.000,9999.000,9999.000,9999.000
202606212048,   1.004,   2.109,9999.000,9999.000,9999.000,9999.000,9999.000,9999.000,9999.000
202606212054,   0.995,   2.158,9999.000,9999.000,9999.000,9999.000,9999.000,9999.000,9999.000
202606212100,   0.987,   2.148,   0.900,   0.261,   2.148,   0.800,   2.048,   0.900,   2.148
202606212106,   0.977,   2.200,9999.000,9999.000,9999.000,9999.000,9999.000,9999.000,9999.000
202606212112,   0.968,   2.220,9999.000,9999.000,9999.000,9999.000,9999.000,9999.000,9999.000
202606212118,   0.958,   2.220,9999.000,9999.000,9999.000,9999.000,9999.000,9999.000,9999.000
202606212124,   0.949,   1.830,9999.000,9999.000,9999.000,9999.000,9999.000,9999.000,9999.000
202606212130,   0.938,   2.230,9999.000,9999.000,9999.000,9999.000,9999.000,9999.000,9999.000
202606212136,   0.928,   2.289,9999.000,9999.000,9999.000,9999.000,9999.000,9999.000,9999.000
202606212142,   0.917,   2.259,9999.000,9999.000,9999.000,9999.000,9999.000,9999.000,9999.000
202606212148,   0.907,   2.240,9999.000,9999.000,9999.000,9999.000,9999.000,9999.000,9999.000
202606212154,   0.896,   2.210,9999.000,9999.000,9999.000,9999.000,9999.000,9999.000,9999.000
202606212200,   0.884,   2.191,   0.900,   0.407,   2.191,   0.800,   2.091,   0.900,   2.191
202606212206,   0.873,   2.177,9999.000,9999.000,9999.000,9999.000,9999.000,9999.000,9999.000
202606212212,   0.861,   2.158,9999.000,9999.000,9999.000,9999.000,9999.000,9999.000,9999.000
202606212218,   0.850,   2.138,9999.000,9999.000,9999.000,9999.000,9999.000,9999.000,9999.000
202606212224,   0.838,   2.109,9999.000,9999.000,9999.000,9999.000,9999.000,9999.000,9999.000
202606212230,   0.826,   2.089,9999.000,9999.000,9999.000,9999.000,9999.000,9999.000,9999.000
202606212236,   0.814,   2.099,9999.000,9999.000,9999.000,9999.000,9999.000,9999.000,9999.000
202606212242,   0.802,   2.069,9999.000,9999.000,9999.000,9999.000,9999.000,9999.000,9999.000
202606212248,   0.789,   2.089,9999.000,9999.000,9999.000,9999.000,9999.000,9999.000,9999.000
202606212254,   0.777,   2.059,9999.000,9999.000,9999.000,9999.000,9999.000,9999.000,9999.000
202606212300,   0.764,   2.079,   0.900,   0.415,   2.079,   0.800,   1.979,   0.900,   2.079
202606212306,   0.752,   2.069,9999.000,9999.000,9999.000,9999.000,9999.000,9999.000,9999.000
202606212312,   0.740,   2.079,9999.000,9999.000,9999.000,9999.000,9999.000,9999.000,9999.000
202606212318,   0.727,   2.089,9999.000,9999.000,9999.000,9999.000,9999.000,9999.000,9999.000
202606212324,   0.715,   2.118,9999.000,9999.000,9999.000,9999.000,9999.000,9999.000,9999.000
202606212330,   0.702,   2.109,9999.000,9999.000,9999.000,9999.000,9999.000,9999.000,9999.000
202606212336,   0.690,   2.079,9999.000,9999.000,9999.000,9999.000,9999.000,9999.000,9999.000
202606212342,   0.678,   2.059,9999.000,9999.000,9999.000,9999.000,9999.000,9999.000,9999.000
202606212348,   0.665,   2.049,9999.000,9999.000,9999.000,9999.000,9999.000,9999.000,9999.000
202606212354,   0.653,   2.040,9999.000,9999.000,9999.000,9999.000,9999.000,9999.000,9999.000
202606220000,   0.642,   2.040,   0.900,   0.498,   2.040,   0.800,   1.940,   0.900,   2.040
202606220006,   0.630,   1.849,9999.000,9999.000,9999.000,9999.000,9999.000,9999.000,9999.000
202606220012,   0.619,   1.958,9999.000,9999.000,9999.000,9999.000,9999.000,9999.000,9999.000
202606220018,   0.607,   1.990,9999.000,9999.000,9999.000,9999.000,9999.000,9999.000,9999.000
202606220024,   0.596,   1.948,9999.000,9999.000,9999.000,9999.000,9999.000,9999.000,9999.000
202606220030,   0.586,   1.938,9999.000,9999.000,9999.000,9999.000,9999.000,9999.000,9999.000
202606220036,   0.575,   1.758,9999.000,9999.000,9999.000,9999.000,9999.000,9999.000,9999.000
202606220042,   0.565,   1.938,9999.000,9999.000,9999.000,9999.000,9999.000,9999.000,9999.000
202606220048,   0.555,   1.899,9999.000,9999.000,9999.000,9999.000,9999.000,9999.000,9999.000
202606220054,   0.546,   1.889,9999.000,9999.000,9999.000,9999.000,9999.000,9999.000,9999.000
202606220100,   0.537,   1.840,   0.900,   0.403,   1.840,   0.800,   1.740,   0.900,   1.840
202606220106,   0.528,   1.859,9999.000,9999.000,9999.000,9999.000,9999.000,9999.000,9999.000
202606220112,   0.520,   1.840,9999.000,9999.000,9999.000,9999.000,9999.000,9999.000,9999.000
202606220118,   0.512,   1.859,9999.000,9999.000,9999.000,9999.000,9999.000,9999.000,9999.000
202606220124,   0.505,   1.738,9999.000,9999.000,9999.000,9999.000,9999.000,9999.000,9999.000
202606220130,   0.498,   1.830,9999.000,9999.000,9999.000,9999.000,9999.000,9999.000,9999.000
202606220136,   0.491,   1.830,9999.000,9999.000,9999.000,9999.000,9999.000,9999.000,9999.000
202606220142,   0.485,   1.840,9999.000,9999.000,9999.000,9999.000,9999.000,9999.000,9999.000
202606220148,   0.480,   1.790,9999.000,9999.000,9999.000,9999.000,9999.000,9999.000,9999.000
202606220154,   0.475,   1.820,9999.000,9999.000,9999.000,9999.000,9999.000,9999.000,9999.000
202606220200,   0.471,   1.718,   0.900,   0.347,   1.718,   0.800,   1.618,   0.900,   1.718
202606220206,   0.467,   1.800,9999.000,9999.000,9999.000,9999.000,9999.000,9999.000,9999.000
202606220212,   0.463,   1.790,9999.000,9999.000,9999.000,9999.000,9999.000,9999.000,9999.000
202606220218,   0.461,   1.790,9999.000,9999.000,9999.000,9999.000,9999.000,9999.000,9999.000
202606220224,   0.459,   1.810,9999.000,9999.000,9999.000,9999.000,9999.000,9999.000,9999.000
202606220230,   0.457,   1.790,9999.000,9999.000,9999.000,9999.000,9999.000,9999.000,9999.000
202606220236,   0.456,   1.800,9999.000,9999.000,9999.000,9999.000,9999.000,9999.000,9999.000
202606220242,   0.456,   1.820,9999.000,9999.000,9999.000,9999.000,9999.000,9999.000,9999.000
202606220248,   0.456,   1.820,9999.000,9999.000,9999.000,9999.000,9999.000,9999.000,9999.000
202606220254,   0.457,   1.820,9999.000,9999.000,9999.000,9999.000,9999.000,9999.000,9999.000
202606220300,   0.459,   1.820,   0.900,   0.461,   1.820,   0.800,   1.720,   0.900,   1.820
202606220306,   0.461,   1.830,9999.000,9999.000,9999.000,9999.000,9999.000,9999.000,9999.000
202606220312,   0.464,   1.840,9999.000,9999.000,9999.000,9999.000,9999.000,9999.000,9999.000
202606220318,   0.467,   1.879,9999.000,9999.000,9999.000,9999.000,9999.000,9999.000,9999.000
202606220324,   0.471,   1.830,9999.000,9999.000,9999.000,9999.000,9999.000,9999.000,9999.000
202606220330,   0.476,   1.830,9999.000,9999.000,9999.000,9999.000,9999.000,9999.000,9999.000
202606220336,   0.481,   1.830,9999.000,9999.000,9999.000,9999.000,9999.000,9999.000,9999.000
202606220342,   0.487,   1.781,9999.000,9999.000,9999.000,9999.000,9999.000,9999.000,9999.000
202606220348,   0.493,   1.600,9999.000,9999.000,9999.000,9999.000,9999.000,9999.000,9999.000
202606220354,   0.500,   1.738,9999.000,9999.000,9999.000,9999.000,9999.000,9999.000,9999.000
202606220400,   0.507,   1.718,   0.900,   0.311,   1.718,   0.800,   1.618,   0.900,   1.718
202606220406,   0.515,   1.728,9999.000,9999.000,9999.000,9999.000,9999.000,9999.000,9999.000
202606220412,   0.523,   1.718,9999.000,9999.000,9999.000,9999.000,9999.000,9999.000,9999.000
202606220418,   0.532,   1.649,9999.000,9999.000,9999.000,9999.000,9999.000,9999.000,9999.000
202606220424,   0.541,   1.748,9999.000,9999.000,9999.000,9999.000,9999.000,9999.000,9999.000
202606220430,   0.550,   1.718,9999.000,9999.000,9999.000,9999.000,9999.000,9999.000,9999.000
202606220436,   0.560,   1.767,9999.000,9999.000,9999.000,9999.000,9999.000,9999.000,9999.000
202606220442,   0.570,   1.748,9999.000,9999.000,9999.000,9999.000,9999.000,9999.000,9999.000
202606220448,   0.580,   1.810,9999.000,9999.000,9999.000,9999.000,9999.000,9999.000,9999.000
202606220454,   0.591,   1.800,9999.000,9999.000,9999.000,9999.000,9999.000,9999.000,9999.000
202606220500,   0.601,   1.830,   0.900,   0.329,   1.830,   0.800,   1.730,   0.900,   1.830
202606220506,   0.612,   1.918,9999.000,9999.000,9999.000,9999.000,9999.000,9999.000,9999.000
202606220512,   0.623,   1.738,9999.000,9999.000,9999.000,9999.000,9999.000,9999.000,9999.000
202606220518,   0.634,   1.928,9999.000,9999.000,9999.000,9999.000,9999.000,9999.000,9999.000
202606220524,   0.645,   2.010,9999.000,9999.000,9999.000,9999.000,9999.000,9999.000,9999.000
202606220530,   0.655,   1.990,9999.000,9999.000,9999.000,9999.000,9999.000,9999.000,9999.000
202606220536,   0.666,   2.010,9999.000,9999.000,9999.000,9999.000,9999.000,9999.000,9999.000
202606220542,   0.677,   1.967,9999.000,9999.000,9999.000,9999.000,9999.000,9999.000,9999.000
202606220548,   0.687,   2.079,9999.000,9999.000,9999.000,9999.000,9999.000,9999.000,9999.000
202606220554,   0.698,   2.099,9999.000,9999.000,9999.000,9999.000,9999.000,9999.000,9999.000
202606220600,   0.708,   2.089,   0.800,   0.581,   2.089,   0.800,   2.089,   0.900,   2.189
202606220606,   0.718,   2.128,9999.000,9999.000,9999.000,9999.000,9999.000,9999.000,9999.000
202606220612,   0.728,   2.168,9999.000,9999.000,9999.000,9999.000,9999.000,9999.000,9999.000
202606220618,   0.737,   2.128,9999.000,9999.000,9999.000,9999.000,9999.000,9999.000,9999.000
202606220624,   0.746,   2.177,9999.000,9999.000,9999.000,9999.000,9999.000,9999.000,9999.000
202606220630,   0.755,   2.191,9999.000,9999.000,9999.000,9999.000,9999.000,9999.000,9999.000
202606220636,   0.763,   2.191,9999.000,9999.000,9999.000,9999.000,9999.000,9999.000,9999.000
202606220642,   0.772,   2.200,9999.000,9999.000,9999.000,9999.000,9999.000,9999.000,9999.000
202606220648,   0.779,   2.230,9999.000,9999.000,9999.000,9999.000,9999.000,9999.000,9999.000
202606220654,   0.787,   2.158,9999.000,9999.000,9999.000,9999.000,9999.000,9999.000,9999.000
202606220700,   0.794,   2.210,   0.800,   0.616,   2.210,   0.800,   2.210,   0.900,   2.310
202606220706,   0.801,   2.240,9999.000,9999.000,9999.000,9999.000,9999.000,9999.000,9999.000
202606220712,   0.807,   2.191,9999.000,9999.000,9999.000,9999.000,9999.000,9999.000,9999.000
202606220718,   0.813,   2.269,9999.000,9999.000,9999.000,9999.000,9999.000,9999.000,9999.000
202606220724,   0.819,   2.210,9999.000,9999.000,9999.000,9999.000,9999.000,9999.000,9999.000
202606220730,   0.825,   2.230,9999.000,9999.000,9999.000,9999.000,9999.000,9999.000,9999.000
202606220736,   0.830,   2.269,9999.000,9999.000,9999.000,9999.000,9999.000,9999.000,9999.000
202606220742,   0.834,   2.250,9999.000,9999.000,9999.000,9999.000,9999.000,9999.000,9999.000
202606220748,   0.838,   2.049,9999.000,9999.000,9999.000,9999.000,9999.000,9999.000,9999.000
202606220754,   0.842,   2.259,9999.000,9999.000,9999.000,9999.000,9999.000,9999.000,9999.000
202606220800,   0.846,   2.269,   0.800,   0.623,   2.269,   0.800,   2.269,   0.900,   2.369
202606220806,   0.849,   2.299,9999.000,9999.000,9999.000,9999.000,9999.000,9999.000,9999.000
202606220812,   0.852,   2.309,9999.000,9999.000,9999.000,9999.000,9999.000,9999.000,9999.000
202606220818,   0.855,   2.338,9999.000,9999.000,9999.000,9999.000,9999.000,9999.000,9999.000
202606220824,   0.857,   2.348,9999.000,9999.000,9999.000,9999.000,9999.000,9999.000,9999.000
202606220830,   0.859,   2.358,9999.000,9999.000,9999.000,9999.000,9999.000,9999.000,9999.000
202606220836,   0.861,   2.377,9999.000,9999.000,9999.000,9999.000,9999.000,9999.000,9999.000
202606220842,   0.862,   2.191,9999.000,9999.000,9999.000,9999.000,9999.000,9999.000,9999.000
202606220848,   0.863,   2.377,9999.000,9999.000,9999.000,9999.000,9999.000,9999.000,9999.000
202606220854,   0.864,   2.338,9999.000,9999.000,9999.000,9999.000,9999.000,9999.000,9999.000
202606220900,   0.864,   2.348,   0.800,   0.684,   2.348,   0.800,   2.348,   0.900,   2.448
202606220906,   0.864,   2.328,9999.000,9999.000,9999.000,9999.000,9999.000,9999.000,9999.000
202606220912,   0.864,   2.358,9999.000,9999.000,9999.000,9999.000,9999.000,9999.000,9999.000
202606220918,   0.864,   2.318,9999.000,9999.000,9999.000,9999.000,9999.000,9999.000,9999.000
202606220924,   0.863,   2.358,9999.000,9999.000,9999.000,9999.000,9999.000,9999.000,9999.000
202606220930,   0.862,   2.191,9999.000,9999.000,9999.000,9999.000,9999.000,9999.000,9999.000
202606220936,   0.861,   2.358,9999.000,9999.000,9999.000,9999.000,9999.000,9999.000,9999.000
202606220942,   0.859,   2.377,9999.000,9999.000,9999.000,9999.000,9999.000,9999.000,9999.000
202606220948,   0.857,   2.377,9999.000,9999.000,9999.000,9999.000,9999.000,9999.000,9999.000
202606220954,   0.856,   2.377,9999.000,9999.000,9999.000,9999.000,9999.000,9999.000,9999.000
202606221000,   0.853,   2.420,   0.900,   0.667,   2.420,   0.800,   2.320,   0.900,   2.420
202606221006,   0.851,   2.368,9999.000,9999.000,9999.000,9999.000,9999.000,9999.000,9999.000
202606221012,   0.848,   2.400,9999.000,9999.000,9999.000,9999.000,9999.000,9999.000,9999.000
202606221018,   0.846,   2.400,9999.000,9999.000,9999.000,9999.000,9999.000,9999.000,9999.000
202606221024,   0.843,   2.338,9999.000,9999.000,9999.000,9999.000,9999.000,9999.000,9999.000
202606221030,   0.840,   2.069,9999.000,9999.000,9999.000,9999.000,9999.000,9999.000,9999.000
202606221036,   0.837,   2.368,9999.000,9999.000,9999.000,9999.000,9999.000,9999.000,9999.000
202606221042,   0.834,   2.318,9999.000,9999.000,9999.000,9999.000,9999.000,9999.000,9999.000
202606221048,   0.831,   2.338,9999.000,9999.000,9999.000,9999.000,9999.000,9999.000,9999.000
202606221054,   0.827,   2.368,9999.000,9999.000,9999.000,9999.000,9999.000,9999.000,9999.000
202606221100,   0.824,   2.328,   0.900,   0.604,   2.328,   0.800,   2.228,   0.900,   2.328
202606221106,   0.821,   2.299,9999.000,9999.000,9999.000,9999.000,9999.000,9999.000,9999.000
202606221112,   0.818,   2.299,9999.000,9999.000,9999.000,9999.000,9999.000,9999.000,9999.000
202606221118,   0.815,   2.299,9999.000,9999.000,9999.000,9999.000,9999.000,9999.000,9999.000
202606221124,   0.812,   2.318,9999.000,9999.000,9999.000,9999.000,9999.000,9999.000,9999.000
202606221130,   0.809,   2.318,9999.000,9999.000,9999.000,9999.000,9999.000,9999.000,9999.000
202606221136,   0.806,   2.309,9999.000,9999.000,9999.000,9999.000,9999.000,9999.000,9999.000
202606221142,   0.804,   2.348,9999.000,9999.000,9999.000,9999.000,9999.000,9999.000,9999.000
202606221148,   0.801,   2.128,9999.000,9999.000,9999.000,9999.000,9999.000,9999.000,9999.000
202606221154,   0.799,   2.269,9999.000,9999.000,9999.000,9999.000,9999.000,9999.000,9999.000
202606221200,   0.797,   2.250,   0.900,   0.553,   2.250,   0.800,   2.150,   0.900,   2.250
202606221206,   0.795,   2.279,9999.000,9999.000,9999.000,9999.000,9999.000,9999.000,9999.000
202606221212,   0.793,   2.250,9999.000,9999.000,9999.000,9999.000,9999.000,9999.000,9999.000
202606221218,   0.792,   2.230,9999.000,9999.000,9999.000,9999.000,9999.000,9999.000,9999.000
202606221224,   0.790,   2.220,9999.000,9999.000,9999.000,9999.000,9999.000,9999.000,9999.000
202606221230,   0.789,   2.240,9999.000,9999.000,9999.000,9999.000,9999.000,9999.000,9999.000
202606221236,   0.789,   2.230,9999.000,9999.000,9999.000,9999.000,9999.000,9999.000,9999.000
202606221242,   0.788,   2.200,9999.000,9999.000,9999.000,9999.000,9999.000,9999.000,9999.000
202606221248,   0.787,   2.200,9999.000,9999.000,9999.000,9999.000,9999.000,9999.000,9999.000
202606221254,   0.787,   2.191,9999.000,9999.000,9999.000,9999.000,9999.000,9999.000,9999.000
202606221300,   0.787,   2.168,   0.900,   0.481,   2.168,   0.800,   2.068,   0.900,   2.168
202606221306,   0.787,   2.158,9999.000,9999.000,9999.000,9999.000,9999.000,9999.000,9999.000
202606221312,   0.788,   2.191,9999.000,9999.000,9999.000,9999.000,9999.000,9999.000,9999.000
202606221318,   0.789,   2.168,9999.000,9999.000,9999.000,9999.000,9999.000,9999.000,9999.000
202606221324,   0.789,   2.210,9999.000,9999.000,9999.000,9999.000,9999.000,9999.000,9999.000
202606221330,   0.790,   2.200,9999.000,9999.000,9999.000,9999.000,9999.000,9999.000,9999.000
202606221336,   0.792,   2.230,9999.000,9999.000,9999.000,9999.000,9999.000,9999.000,9999.000
202606221342,   0.793,   2.230,9999.000,9999.000,9999.000,9999.000,9999.000,9999.000,9999.000
202606221348,   0.795,   2.200,9999.000,9999.000,9999.000,9999.000,9999.000,9999.000,9999.000
202606221354,   0.796,   2.230,9999.000,9999.000,9999.000,9999.000,9999.000,9999.000,9999.000
202606221400,   0.798,   2.289,   0.900,   0.591,   2.289,   0.800,   2.189,   0.900,   2.289
202606221406,   0.801,   2.309,9999.000,9999.000,9999.000,9999.000,9999.000,9999.000,9999.000
202606221412,   0.803,   2.328,9999.000,9999.000,9999.000,9999.000,9999.000,9999.000,9999.000
202606221418,   0.806,   2.328,9999.000,9999.000,9999.000,9999.000,9999.000,9999.000,9999.000
202606221424,   0.808,   2.318,9999.000,9999.000,9999.000,9999.000,9999.000,9999.000,9999.000
202606221430,   0.811,   2.318,9999.000,9999.000,9999.000,9999.000,9999.000,9999.000,9999.000
202606221436,   0.815,   2.338,9999.000,9999.000,9999.000,9999.000,9999.000,9999.000,9999.000
202606221442,   0.818,   2.318,9999.000,9999.000,9999.000,9999.000,9999.000,9999.000,9999.000
202606221448,   0.822,   2.348,9999.000,9999.000,9999.000,9999.000,9999.000,9999.000,9999.000
202606221454,   0.826,   2.338,9999.000,9999.000,9999.000,9999.000,9999.000,9999.000,9999.000
202606221500,   0.830,   2.338,   0.900,   0.608,   2.338,   0.800,   2.238,   0.900,   2.338
202606221506,   0.835,   2.328,9999.000,9999.000,9999.000,9999.000,9999.000,9999.000,9999.000
202606221512,   0.839,   2.309,9999.000,9999.000,9999.000,9999.000,9999.000,9999.000,9999.000
202606221518,   0.844,   2.328,9999.000,9999.000,9999.000,9999.000,9999.000,9999.000,9999.000
202606221524,   0.849,   2.309,9999.000,9999.000,9999.000,9999.000,9999.000,9999.000,9999.000
202606221530,   0.855,   2.289,9999.000,9999.000,9999.000,9999.000,9999.000,9999.000,9999.000
202606221536,   0.861,   2.348,9999.000,9999.000,9999.000,9999.000,9999.000,9999.000,9999.000
202606221542,   0.867,   2.309,9999.000,9999.000,9999.000,9999.000,9999.000,9999.000,9999.000
202606221548,   0.873,   2.299,9999.000,9999.000,9999.000,9999.000,9999.000,9999.000,9999.000
202606221554,   0.880,   2.138,9999.000,9999.000,9999.000,9999.000,9999.000,9999.000,9999.000
202606221600,   0.886,   2.279,   0.900,   0.493,   2.279,   0.800,   2.179,   0.900,   2.279
202606221606,   0.893,   2.269,9999.000,9999.000,9999.000,9999.000,9999.000,9999.000,9999.000
202606221612,   0.900,   2.279,9999.000,9999.000,9999.000,9999.000,9999.000,9999.000,9999.000
202606221618,   0.907,   2.328,9999.000,9999.000,9999.000,9999.000,9999.000,9999.000,9999.000
202606221624,   0.915,   2.289,9999.000,9999.000,9999.000,9999.000,9999.000,9999.000,9999.000
202606221630,   0.922,   2.279,9999.000,9999.000,9999.000,9999.000,9999.000,9999.000,9999.000
202606221636,   0.930,   2.289,9999.000,9999.000,9999.000,9999.000,9999.000,9999.000,9999.000
202606221642,   0.938,9999.000,9999.000,9999.000,9999.000,9999.000,9999.000,9999.000,9999.000
202606221648,   0.945,   2.250,9999.000,9999.000,9999.000,9999.000,9999.000,9999.000,9999.000
202606221654,   0.953,   2.220,9999.000,9999.000,9999.000,9999.000,9999.000,9999.000,9999.000
202606221700,   0.960,   2.250,   0.900,   0.390,   2.250,   0.800,   2.150,   0.900,   2.250
202606221706,   0.968,   2.200,9999.000,9999.000,9999.000,9999.000,9999.000,9999.000,9999.000
202606221712,   0.975,   2.220,9999.000,9999.000,9999.000,9999.000,9999.000,9999.000,9999.000
202606221718,   0.982,   2.210,9999.000,9999.000,9999.000,9999.000,9999.000,9999.000,9999.000
202606221724,   0.989,   2.220,9999.000,9999.000,9999.000,9999.000,9999.000,9999.000,9999.000
202606221730,   0.996,   2.191,9999.000,9999.000,9999.000,9999.000,9999.000,9999.000,9999.000
202606221736,   1.002,   2.000,9999.000,9999.000,9999.000,9999.000,9999.000,9999.000,9999.000
202606221742,   1.008,   2.128,9999.000,9999.000,9999.000,9999.000,9999.000,9999.000,9999.000
202606221748,   1.014,   2.168,9999.000,9999.000,9999.000,9999.000,9999.000,9999.000,9999.000
202606221754,   1.019,   2.148,9999.000,9999.000,9999.000,9999.000,9999.000,9999.000,9999.000
202606221800,   1.024,   2.049,   0.900,   0.125,   2.049,   0.900,   2.049,   0.900,   2.049
202606221806,   1.029,   2.168,9999.000,9999.000,9999.000,9999.000,9999.000,9999.000,9999.000
202606221812,   1.033,   2.158,9999.000,9999.000,9999.000,9999.000,9999.000,9999.000,9999.000
202606221818,   1.036,   2.020,9999.000,9999.000,9999.000,9999.000,9999.000,9999.000,9999.000
202606221824,   1.040,   2.168,9999.000,9999.000,9999.000,9999.000,9999.000,9999.000,9999.000
202606221830,   1.042,   2.177,9999.000,9999.000,9999.000,9999.000,9999.000,9999.000,9999.000
202606221836,   1.044,   2.168,9999.000,9999.000,9999.000,9999.000,9999.000,9999.000,9999.000
202606221842,   1.046,   2.177,9999.000,9999.000,9999.000,9999.000,9999.000,9999.000,9999.000
202606221848,   1.046,   2.158,9999.000,9999.000,9999.000,9999.000,9999.000,9999.000,9999.000
202606221854,   1.047,   2.168,9999.000,9999.000,9999.000,9999.000,9999.000,9999.000,9999.000
202606221900,   1.047,   2.177,   0.900,   0.230,   2.177,   0.900,   2.177,   0.900,   2.177
202606221906,   1.046,   2.168,9999.000,9999.000,9999.000,9999.000,9999.000,9999.000,9999.000
202606221912,   1.045,   2.191,9999.000,9999.000,9999.000,9999.000,9999.000,9999.000,9999.000
202606221918,   1.043,   2.168,9999.000,9999.000,9999.000,9999.000,9999.000,9999.000,9999.000
202606221924,   1.040,   2.158,9999.000,9999.000,9999.000,9999.000,9999.000,9999.000,9999.000
202606221930,   1.037,   2.138,9999.000,9999.000,9999.000,9999.000,9999.000,9999.000,9999.000
202606221936,   1.034,   2.138,9999.000,9999.000,9999.000,9999.000,9999.000,9999.000,9999.000
202606221942,   1.030,   2.128,9999.000,9999.000,9999.000,9999.000,9999.000,9999.000,9999.000
202606221948,   1.025,   2.099,9999.000,9999.000,9999.000,9999.000,9999.000,9999.000,9999.000
202606221954,   1.020,   2.109,9999.000,9999.000,9999.000,9999.000,9999.000,9999.000,9999.000
202606222000,   1.015,   2.128,   0.900,   0.213,   2.128,   0.900,   2.128,   0.900,   2.128
202606222006,   1.008,   2.138,9999.000,9999.000,9999.000,9999.000,9999.000,9999.000,9999.000
202606222012,   1.002,   2.089,9999.000,9999.000,9999.000,9999.000,9999.000,9999.000,9999.000
202606222018,   0.995,   2.118,9999.000,9999.000,9999.000,9999.000,9999.000,9999.000,9999.000
202606222024,   0.987,   2.059,9999.000,9999.000,9999.000,9999.000,9999.000,9999.000,9999.000
202606222030,   0.979,   2.079,9999.000,9999.000,9999.000,9999.000,9999.000,9999.000,9999.000
202606222036,   0.970,   2.069,9999.000,9999.000,9999.000,9999.000,9999.000,9999.000,9999.000
202606222042,   0.961,   2.020,9999.000,9999.000,9999.000,9999.000,9999.000,9999.000,9999.000
202606222048,   0.951,   2.020,9999.000,9999.000,9999.000,9999.000,9999.000,9999.000,9999.000
202606222054,   0.941,   2.020,9999.000,9999.000,9999.000,9999.000,9999.000,9999.000,9999.000
202606222100,   0.931,   2.000,   0.900,   0.169,   2.000,   0.900,   2.000,   0.900,   2.000
202606222106,   0.920,   1.967,9999.000,9999.000,9999.000,9999.000,9999.000,9999.000,9999.000
202606222112,   0.908,   1.899,9999.000,9999.000,9999.000,9999.000,9999.000,9999.000,9999.000
202606222118,   0.896,   1.967,9999.000,9999.000,9999.000,9999.000,9999.000,9999.000,9999.000
202606222124,   0.884,   1.889,9999.000,9999.000,9999.000,9999.000,9999.000,9999.000,9999.000
202606222130,   0.871,   1.869,9999.000,9999.000,9999.000,9999.000,9999.000,9999.000,9999.000
202606222136,   0.857,   1.859,9999.000,9999.000,9999.000,9999.000,9999.000,9999.000,9999.000
202606222142,   0.843,   1.840,9999.000,9999.000,9999.000,9999.000,9999.000,9999.000,9999.000
202606222148,   0.829,   1.849,9999.000,9999.000,9999.000,9999.000,9999.000,9999.000,9999.000
202606222154,   0.815,   1.810,9999.000,9999.000,9999.000,9999.000,9999.000,9999.000,9999.000
202606222200,   0.800,   1.790,   0.900,   0.090,   1.790,   0.900,   1.790,   0.900,   1.790
202606222206,   0.784,   1.781,9999.000,9999.000,9999.000,9999.000,9999.000,9999.000,9999.000
202606222212,   0.769,   1.708,9999.000,9999.000,9999.000,9999.000,9999.000,9999.000,9999.000
202606222218,   0.753,   1.728,9999.000,9999.000,9999.000,9999.000,9999.000,9999.000,9999.000
202606222224,   0.737,   1.679,9999.000,9999.000,9999.000,9999.000,9999.000,9999.000,9999.000
202606222230,   0.720,   1.718,9999.000,9999.000,9999.000,9999.000,9999.000,9999.000,9999.000
202606222236,   0.704,   1.679,9999.000,9999.000,9999.000,9999.000,9999.000,9999.000,9999.000
202606222242,   0.687,   1.669,9999.000,9999.000,9999.000,9999.000,9999.000,9999.000,9999.000
202606222248,   0.670,   1.639,9999.000,9999.000,9999.000,9999.000,9999.000,9999.000,9999.000
202606222254,   0.653,   1.580,9999.000,9999.000,9999.000,9999.000,9999.000,9999.000,9999.000
202606222300,   0.636,   1.669,   0.900,   0.133,   1.669,   0.800,   1.569,   0.900,   1.669
202606222306,   0.619,   1.610,9999.000,9999.000,9999.000,9999.000,9999.000,9999.000,9999.000
202606222312,   0.602,   1.489,9999.000,9999.000,9999.000,9999.000,9999.000,9999.000,9999.000
202606222318,   0.585,   1.600,9999.000,9999.000,9999.000,9999.000,9999.000,9999.000,9999.000
202606222324,   0.568,   1.571,9999.000,9999.000,9999.000,9999.000,9999.000,9999.000,9999.000
202606222330,   0.551,   1.538,9999.000,9999.000,9999.000,9999.000,9999.000,9999.000,9999.000
202606222336,   0.535,   1.390,9999.000,9999.000,9999.000,9999.000,9999.000,9999.000,9999.000
202606222342,   0.518,   1.548,9999.000,9999.000,9999.000,9999.000,9999.000,9999.000,9999.000
202606222348,   0.502,   1.538,9999.000,9999.000,9999.000,9999.000,9999.000,9999.000,9999.000
202606222354,   0.487,   1.528,9999.000,9999.000,9999.000,9999.000,9999.000,9999.000,9999.000
202606230000,   0.471,   1.518,   0.800,   0.247,   1.518,   0.800,   1.518,   0.900,   1.618
202606230006,   0.456,   1.469,9999.000,9999.000,9999.000,9999.000,9999.000,9999.000,9999.000
202606230012,   0.441,   1.449,9999.000,9999.000,9999.000,9999.000,9999.000,9999.000,9999.000
202606230018,   0.427,   1.449,9999.000,9999.000,9999.000,9999.000,9999.000,9999.000,9999.000
202606230024,   0.413,   1.439,9999.000,9999.000,9999.000,9999.000,9999.000,9999.000,9999.000
202606230030,   0.399,   1.410,9999.000,9999.000,9999.000,9999.000,9999.000,9999.000,9999.000
202606230036,   0.385,   1.420,9999.000,9999.000,9999.000,9999.000,9999.000,9999.000,9999.000
202606230042,   0.373,   1.371,9999.000,9999.000,9999.000,9999.000,9999.000,9999.000,9999.000
202606230048,   0.360,   1.361,9999.000,9999.000,9999.000,9999.000,9999.000,9999.000,9999.000
202606230054,   0.348,   1.328,9999.000,9999.000,9999.000,9999.000,9999.000,9999.000,9999.000
202606230100,   0.336,   1.098,   0.800,  -0.038,   1.098,   0.800,   1.098,   0.800,   1.098
202606230106,   0.325,   1.279,9999.000,9999.000,9999.000,9999.000,9999.000,9999.000,9999.000
202606230112,   0.314,   1.269,9999.000,9999.000,9999.000,9999.000,9999.000,9999.000,9999.000
202606230118,   0.304,   1.308,9999.000,9999.000,9999.000,9999.000,9999.000,9999.000,9999.000
202606230124,   0.294,   1.279,9999.000,9999.000,9999.000,9999.000,9999.000,9999.000,9999.000
202606230130,   0.284,   1.239,9999.000,9999.000,9999.000,9999.000,9999.000,9999.000,9999.000
202606230136,   0.275,   1.259,9999.000,9999.000,9999.000,9999.000,9999.000,9999.000,9999.000
202606230142,   0.267,   1.249,9999.000,9999.000,9999.000,9999.000,9999.000,9999.000,9999.000
202606230148,   0.258,   1.279,9999.000,9999.000,9999.000,9999.000,9999.000,9999.000,9999.000
202606230154,   0.251,   1.210,9999.000,9999.000,9999.000,9999.000,9999.000,9999.000,9999.000
202606230200,   0.243,   1.200,   0.800,   0.157,   1.200,   0.800,   1.200,   0.800,   1.200
202606230206,   0.236,   1.200,9999.000,9999.000,9999.000,9999.000,9999.000,9999.000,9999.000
202606230212,   0.230,   1.190,9999.000,9999.000,9999.000,9999.000,9999.000,9999.000,9999.000
202606230218,   0.224,   1.161,9999.000,9999.000,9999.000,9999.000,9999.000,9999.000,9999.000
202606230224,   0.219,   1.069,9999.000,9999.000,9999.000,9999.000,9999.000,9999.000,9999.000
202606230230,   0.214,   1.161,9999.000,9999.000,9999.000,9999.000,9999.000,9999.000,9999.000
202606230236,   0.210,   1.098,9999.000,9999.000,9999.000,9999.000,9999.000,9999.000,9999.000
202606230242,   0.206,   1.161,9999.000,9999.000,9999.000,9999.000,9999.000,9999.000,9999.000
202606230248,   0.203,   0.928,9999.000,9999.000,9999.000,9999.000,9999.000,9999.000,9999.000
202606230254,   0.201,   1.151,9999.000,9999.000,9999.000,9999.000,9999.000,9999.000,9999.000
202606230300,   0.199,   1.200,   0.800,   0.201,   1.200,   0.800,   1.200,   0.800,   1.200
202606230306,   0.198,   1.190,9999.000,9999.000,9999.000,9999.000,9999.000,9999.000,9999.000
202606230312,   0.198,   1.170,9999.000,9999.000,9999.000,9999.000,9999.000,9999.000,9999.000
202606230318,   0.198,   1.229,9999.000,9999.000,9999.000,9999.000,9999.000,9999.000,9999.000
202606230324,   0.199,   1.200,9999.000,9999.000,9999.000,9999.000,9999.000,9999.000,9999.000
202606230330,   0.201,   1.200,9999.000,9999.000,9999.000,9999.000,9999.000,9999.000,9999.000
202606230336,   0.204,   1.200,9999.000,9999.000,9999.000,9999.000,9999.000,9999.000,9999.000
202606230342,   0.208,   1.249,9999.000,9999.000,9999.000,9999.000,9999.000,9999.000,9999.000
202606230348,   0.212,   1.259,9999.000,9999.000,9999.000,9999.000,9999.000,9999.000,9999.000
202606230354,   0.218,   1.239,9999.000,9999.000,9999.000,9999.000,9999.000,9999.000,9999.000
202606230400,   0.224,   1.259,   0.800,   0.235,   1.259,   0.800,   1.259,   0.800,   1.259
202606230406,   0.231,   1.308,9999.000,9999.000,9999.000,9999.000,9999.000,9999.000,9999.000
202606230412,   0.239,   1.371,9999.000,9999.000,9999.000,9999.000,9999.000,9999.000,9999.000
202606230418,   0.247,   1.308,9999.000,9999.000,9999.000,9999.000,9999.000,9999.000,9999.000
202606230424,   0.257,   1.328,9999.000,9999.000,9999.000,9999.000,9999.000,9999.000,9999.000
202606230430,   0.267,   1.390,9999.000,9999.000,9999.000,9999.000,9999.000,9999.000,9999.000
202606230436,   0.278,   1.308,9999.000,9999.000,9999.000,9999.000,9999.000,9999.000,9999.000
202606230442,   0.290,   1.439,9999.000,9999.000,9999.000,9999.000,9999.000,9999.000,9999.000
202606230448,   0.303,   1.420,9999.000,9999.000,9999.000,9999.000,9999.000,9999.000,9999.000
202606230454,   0.316,   1.138,9999.000,9999.000,9999.000,9999.000,9999.000,9999.000,9999.000
202606230500,   0.330,   1.420,   0.800,   0.290,   1.420,   0.800,   1.420,   0.800,   1.420
202606230506,   0.345,   1.469,9999.000,9999.000,9999.000,9999.000,9999.000,9999.000,9999.000
202606230512,   0.360,   1.469,9999.000,9999.000,9999.000,9999.000,9999.000,9999.000,9999.000
202606230518,   0.376,   1.410,9999.000,9999.000,9999.000,9999.000,9999.000,9999.000,9999.000
202606230524,   0.392,   1.508,9999.000,9999.000,9999.000,9999.000,9999.000,9999.000,9999.000
202606230530,   0.409,   1.548,9999.000,9999.000,9999.000,9999.000,9999.000,9999.000,9999.000
202606230536,   0.426,   1.571,9999.000,9999.000,9999.000,9999.000,9999.000,9999.000,9999.000
202606230542,   0.443,   1.590,9999.000,9999.000,9999.000,9999.000,9999.000,9999.000,9999.000
202606230548,   0.461,   1.571,9999.000,9999.000,9999.000,9999.000,9999.000,9999.000,9999.000
202606230554,   0.479,   1.620,9999.000,9999.000,9999.000,9999.000,9999.000,9999.000,9999.000
202606230600,   0.497,   1.610,   0.600,   0.513,   1.610,   0.600,   1.610,   0.700,   1.710
202606230606,   0.515,   1.590,9999.000,9999.000,9999.000,9999.000,9999.000,9999.000,9999.000
202606230612,   0.534,   1.610,9999.000,9999.000,9999.000,9999.000,9999.000,9999.000,9999.000
202606230618,   0.552,   1.649,9999.000,9999.000,9999.000,9999.000,9999.000,9999.000,9999.000
202606230624,   0.571,   1.639,9999.000,9999.000,9999.000,9999.000,9999.000,9999.000,9999.000
202606230630,   0.589,   1.508,9999.000,9999.000,9999.000,9999.000,9999.000,9999.000,9999.000
202606230636,   0.608,   1.659,9999.000,9999.000,9999.000,9999.000,9999.000,9999.000,9999.000
202606230642,   0.626,   1.728,9999.000,9999.000,9999.000,9999.000,9999.000,9999.000,9999.000
202606230648,   0.644,   1.718,9999.000,9999.000,9999.000,9999.000,9999.000,9999.000,9999.000
202606230654,   0.662,   1.758,9999.000,9999.000,9999.000,9999.000,9999.000,9999.000,9999.000
202606230700,   0.680,   1.820,   0.600,   0.540,   1.820,   0.600,   1.820,   0.700,   1.920
202606230706,   0.698,   1.810,9999.000,9999.000,9999.000,9999.000,9999.000,9999.000,9999.000
202606230712,   0.716,   1.800,9999.000,9999.000,9999.000,9999.000,9999.000,9999.000,9999.000
202606230718,   0.733,   1.820,9999.000,9999.000,9999.000,9999.000,9999.000,9999.000,9999.000
202606230724,   0.750,   1.849,9999.000,9999.000,9999.000,9999.000,9999.000,9999.000,9999.000
202606230730,   0.767,   1.869,9999.000,9999.000,9999.000,9999.000,9999.000,9999.000,9999.000
202606230736,   0.783,   1.849,9999.000,9999.000,9999.000,9999.000,9999.000,9999.000,9999.000
202606230742,   0.800,   1.899,9999.000,9999.000,9999.000,9999.000,9999.000,9999.000,9999.000
202606230748,   0.815,   1.899,9999.000,9999.000,9999.000,9999.000,9999.000,9999.000,9999.000
202606230754,   0.831,   1.948,9999.000,9999.000,9999.000,9999.000,9999.000,9999.000,9999.000
202606230800,   0.846,   1.859,   0.600,   0.413,   1.859,   0.600,   1.859,   0.700,   1.959
202606230806,   0.861,   1.928,9999.000,9999.000,9999.000,9999.000,9999.000,9999.000,9999.000
202606230812,   0.875,   1.889,9999.000,9999.000,9999.000,9999.000,9999.000,9999.000,9999.000
202606230818,   0.889,   1.928,9999.000,9999.000,9999.000,9999.000,9999.000,9999.000,9999.000
202606230824,   0.903,   1.738,9999.000,9999.000,9999.000,9999.000,9999.000,9999.000,9999.000
202606230830,   0.916,   1.938,9999.000,9999.000,9999.000,9999.000,9999.000,9999.000,9999.000
202606230836,   0.929,   1.958,9999.000,9999.000,9999.000,9999.000,9999.000,9999.000,9999.000
202606230842,   0.941,   1.958,9999.000,9999.000,9999.000,9999.000,9999.000,9999.000,9999.000
202606230848,   0.953,   2.020,9999.000,9999.000,9999.000,9999.000,9999.000,9999.000,9999.000
202606230854,   0.964,   1.958,9999.000,9999.000,9999.000,9999.000,9999.000,9999.000,9999.000
202606230900,   0.975,   2.030,   0.600,   0.455,   2.030,   0.600,   2.030,   0.700,   2.130
202606230906,   0.985,   2.059,9999.000,9999.000,9999.000,9999.000,9999.000,9999.000,9999.000
202606230912,   0.995,   1.928,9999.000,9999.000,9999.000,9999.000,9999.000,9999.000,9999.000
202606230918,   1.004,   2.168,9999.000,9999.000,9999.000,9999.000,9999.000,9999.000,9999.000
202606230924,   1.013,   2.099,9999.000,9999.000,9999.000,9999.000,9999.000,9999.000,9999.000
202606230930,   1.021,   2.210,9999.000,9999.000,9999.000,9999.000,9999.000,9999.000,9999.000
202606230936,   1.028,   2.177,9999.000,9999.000,9999.000,9999.000,9999.000,9999.000,9999.000
202606230942,   1.035,   1.948,9999.000,9999.000,9999.000,9999.000,9999.000,9999.000,9999.000
202606230948,   1.041,   2.177,9999.000,9999.000,9999.000,9999.000,9999.000,9999.000,9999.000
202606230954,   1.047,   2.230,9999.000,9999.000,9999.000,9999.000,9999.000,9999.000,9999.000
202606231000,   1.052,   2.158,   0.600,   0.506,   2.158,   0.600,   2.158,   0.700,   2.258
202606231006,   1.057,   2.200,9999.000,9999.000,9999.000,9999.000,9999.000,9999.000,9999.000
202606231012,   1.061,   2.191,9999.000,9999.000,9999.000,9999.000,9999.000,9999.000,9999.000
202606231018,   1.064,   2.191,9999.000,9999.000,9999.000,9999.000,9999.000,9999.000,9999.000
202606231024,   1.068,   2.168,9999.000,9999.000,9999.000,9999.000,9999.000,9999.000,9999.000
202606231030,   1.070,   2.138,9999.000,9999.000,9999.000,9999.000,9999.000,9999.000,9999.000
202606231036,   1.072,   2.148,9999.000,9999.000,9999.000,9999.000,9999.000,9999.000,9999.000
202606231042,   1.074,   2.128,9999.000,9999.000,9999.000,9999.000,9999.000,9999.000,9999.000
202606231048,   1.076,   2.148,9999.000,9999.000,9999.000,9999.000,9999.000,9999.000,9999.000
202606231054,   1.077,   2.040,9999.000,9999.000,9999.000,9999.000,9999.000,9999.000,9999.000
202606231100,   1.077,   2.118,   0.600,   0.441,   2.118,   0.600,   2.118,   0.700,   2.218
202606231106,   1.078,   2.109,9999.000,9999.000,9999.000,9999.000,9999.000,9999.000,9999.000
202606231112,   1.078,   2.118,9999.000,9999.000,9999.000,9999.000,9999.000,9999.000,9999.000
202606231118,   1.078,   2.089,9999.000,9999.000,9999.000,9999.000,9999.000,9999.000,9999.000
202606231124,   1.078,   2.109,9999.000,9999.000,9999.000,9999.000,9999.000,9999.000,9999.000
202606231130,   1.078,   2.128,9999.000,9999.000,9999.000,9999.000,9999.000,9999.000,9999.000
202606231136,   1.078,   2.079,9999.000,9999.000,9999.000,9999.000,9999.000,9999.000,9999.000
202606231142,   1.078,   2.079,9999.000,9999.000,9999.000,9999.000,9999.000,9999.000,9999.000
202606231148,   1.078,   2.089,9999.000,9999.000,9999.000,9999.000,9999.000,9999.000,9999.000
202606231154,   1.077,   2.069,9999.000,9999.000,9999.000,9999.000,9999.000,9999.000,9999.000
202606231200,   1.077,   2.059,   0.600,   0.382,   2.059,   0.600,   2.059,   0.600,   2.059
202606231206,   1.077,   2.079,9999.000,9999.000,9999.000,9999.000,9999.000,9999.000,9999.000
202606231212,   1.077,   2.040,9999.000,9999.000,9999.000,9999.000,9999.000,9999.000,9999.000
202606231218,   1.077,   2.049,9999.000,9999.000,9999.000,9999.000,9999.000,9999.000,9999.000
202606231224,   1.077,   2.059,9999.000,9999.000,9999.000,9999.000,9999.000,9999.000,9999.000
202606231230,   1.077,   2.049,9999.000,9999.000,9999.000,9999.000,9999.000,9999.000,9999.000
202606231236,   1.077,   2.020,9999.000,9999.000,9999.000,9999.000,9999.000,9999.000,9999.000
202606231242,   1.077,   1.958,9999.000,9999.000,9999.000,9999.000,9999.000,9999.000,9999.000
202606231248,   1.078,   2.000,9999.000,9999.000,9999.000,9999.000,9999.000,9999.000,9999.000
202606231254,   1.078,   1.981,9999.000,9999.000,9999.000,9999.000,9999.000,9999.000,9999.000
202606231300,   1.078,   2.000,   0.600,   0.322,   2.000,   0.600,   2.000,   0.600,   2.000
202606231306,   1.079,   1.938,9999.000,9999.000,9999.000,9999.000,9999.000,9999.000,9999.000
202606231312,   1.079,   1.908,9999.000,9999.000,9999.000,9999.000,9999.000,9999.000,9999.000
202606231318,   1.079,   1.948,9999.000,9999.000,9999.000,9999.000,9999.000,9999.000,9999.000
202606231324,   1.080,   1.908,9999.000,9999.000,9999.000,9999.000,9999.000,9999.000,9999.000
202606231330,   1.080,   1.908,9999.000,9999.000,9999.000,9999.000,9999.000,9999.000,9999.000
202606231336,   1.080,   1.869,9999.000,9999.000,9999.000,9999.000,9999.000,9999.000,9999.000
202606231342,   1.080,   1.879,9999.000,9999.000,9999.000,9999.000,9999.000,9999.000,9999.000
202606231348,   1.080,   1.879,9999.000,9999.000,9999.000,9999.000,9999.000,9999.000,9999.000
202606231354,   1.080,   1.889,9999.000,9999.000,9999.000,9999.000,9999.000,9999.000,9999.000
202606231400,   1.079,   1.869,   0.600,   0.190,   1.869,   0.600,   1.869,   0.600,   1.869
202606231406,   1.079,   1.869,9999.000,9999.000,9999.000,9999.000,9999.000,9999.000,9999.000
202606231412,   1.078,   1.869,9999.000,9999.000,9999.000,9999.000,9999.000,9999.000,9999.000
202606231418,   1.077,   1.859,9999.000,9999.000,9999.000,9999.000,9999.000,9999.000,9999.000
202606231424,   1.076,   1.840,9999.000,9999.000,9999.000,9999.000,9999.000,9999.000,9999.000
202606231430,   1.074,   1.840,9999.000,9999.000,9999.000,9999.000,9999.000,9999.000,9999.000
202606231436,   1.073,   1.879,9999.000,9999.000,9999.000,9999.000,9999.000,9999.000,9999.000
202606231442,   1.071,   1.849,9999.000,9999.000,9999.000,9999.000,9999.000,9999.000,9999.000
202606231448,   1.069,   1.840,9999.000,9999.000,9999.000,9999.000,9999.000,9999.000,9999.000
202606231454,   1.067,   1.840,9999.000,9999.000,9999.000,9999.000,9999.000,9999.000,9999.000
202606231500,   1.065,   1.849,   0.600,   0.184,   1.849,   0.600,   1.849,   0.600,   1.849
202606231506,   1.063,   1.810,9999.000,9999.000,9999.000,9999.000,9999.000,9999.000,9999.000
202606231512,   1.061,   1.810,9999.000,9999.000,9999.000,9999.000,9999.000,9999.000,9999.000
202606231518,   1.058,   1.781,9999.000,9999.000,9999.000,9999.000,9999.000,9999.000,9999.000
202606231524,   1.056,   1.781,9999.000,9999.000,9999.000,9999.000,9999.000,9999.000,9999.000
202606231530,   1.054,   1.767,9999.000,9999.000,9999.000,9999.000,9999.000,9999.000,9999.000
202606231536,   1.051,   1.748,9999.000,9999.000,9999.000,9999.000,9999.000,9999.000,9999.000
202606231542,   1.049,   1.748,9999.000,9999.000,9999.000,9999.000,9999.000,9999.000,9999.000
202606231548,   1.047,   1.718,9999.000,9999.000,9999.000,9999.000,9999.000,9999.000,9999.000
202606231554,   1.045,   1.571,9999.000,9999.000,9999.000,9999.000,9999.000,9999.000,9999.000
202606231600,   1.043,   1.728,   0.600,   0.085,   1.728,   0.500,   1.628,   0.600,   1.728
202606231606,   1.041,   1.728,9999.000,9999.000,9999.000,9999.000,9999.000,9999.000,9999.000
202606231612,   1.040,   1.699,9999.000,9999.000,9999.000,9999.000,9999.000,9999.000,9999.000
202606231618,   1.038,   1.659,9999.000,9999.000,9999.000,9999.000,9999.000,9999.000,9999.000
202606231624,   1.037,   1.639,9999.000,9999.000,9999.000,9999.000,9999.000,9999.000,9999.000
202606231630,   1.036,   1.669,9999.000,9999.000,9999.000,9999.000,9999.000,9999.000,9999.000
202606231636,   1.035,   1.659,9999.000,9999.000,9999.000,9999.000,9999.000,9999.000,9999.000
202606231642,   1.035,   1.639,9999.000,9999.000,9999.000,9999.000,9999.000,9999.000,9999.000
202606231648,   1.034,   1.620,9999.000,9999.000,9999.000,9999.000,9999.000,9999.000,9999.000
202606231654,   1.034,   1.620,9999.000,9999.000,9999.000,9999.000,9999.000,9999.000,9999.000
202606231700,   1.034,   1.590,   0.600,  -0.044,   1.590,   0.500,   1.490,   0.600,   1.590
202606231706,   1.034,   1.600,9999.000,9999.000,9999.000,9999.000,9999.000,9999.000,9999.000
202606231712,   1.034,   1.538,9999.000,9999.000,9999.000,9999.000,9999.000,9999.000,9999.000
202606231718,   1.035,   1.538,9999.000,9999.000,9999.000,9999.000,9999.000,9999.000,9999.000
202606231724,   1.035,   1.528,9999.000,9999.000,9999.000,9999.000,9999.000,9999.000,9999.000
202606231730,   1.036,   1.580,9999.000,9999.000,9999.000,9999.000,9999.000,9999.000,9999.000
202606231736,   1.036,   1.518,9999.000,9999.000,9999.000,9999.000,9999.000,9999.000,9999.000
202606231742,   1.037,   1.518,9999.000,9999.000,9999.000,9999.000,9999.000,9999.000,9999.000
202606231748,   1.037,   1.548,9999.000,9999.000,9999.000,9999.000,9999.000,9999.000,9999.000
202606231754,   1.038,   1.518,9999.000,9999.000,9999.000,9999.000,9999.000,9999.000,9999.000
202606231800,   1.038,   1.508,   0.500,  -0.030,   1.508,   0.500,   1.508,   0.600,   1.608
202606231806,   1.038,   1.498,9999.000,9999.000,9999.000,9999.000,9999.000,9999.000,9999.000
202606231812,   1.038,   1.479,9999.000,9999.000,9999.000,9999.000,9999.000,9999.000,9999.000
202606231818,   1.038,   1.528,9999.000,9999.000,9999.000,9999.000,9999.000,9999.000,9999.000
202606231824,   1.038,   1.508,9999.000,9999.000,9999.000,9999.000,9999.000,9999.000,9999.000
202606231830,   1.037,   1.489,9999.000,9999.000,9999.000,9999.000,9999.000,9999.000,9999.000
202606231836,   1.036,   1.498,9999.000,9999.000,9999.000,9999.000,9999.000,9999.000,9999.000
202606231842,   1.035,   1.528,9999.000,9999.000,9999.000,9999.000,9999.000,9999.000,9999.000
202606231848,   1.034,   1.479,9999.000,9999.000,9999.000,9999.000,9999.000,9999.000,9999.000
202606231854,   1.032,   1.489,9999.000,9999.000,9999.000,9999.000,9999.000,9999.000,9999.000
202606231900,   1.030,   1.479,   0.500,  -0.051,   1.479,   0.500,   1.479,   0.600,   1.579
202606231906,   1.028,   1.469,9999.000,9999.000,9999.000,9999.000,9999.000,9999.000,9999.000
202606231912,   1.025,   1.479,9999.000,9999.000,9999.000,9999.000,9999.000,9999.000,9999.000
202606231918,   1.022,   1.459,9999.000,9999.000,9999.000,9999.000,9999.000,9999.000,9999.000
202606231924,   1.018,   1.498,9999.000,9999.000,9999.000,9999.000,9999.000,9999.000,9999.000
202606231930,   1.014,   1.479,9999.000,9999.000,9999.000,9999.000,9999.000,9999.000,9999.000
202606231936,   1.010,   1.498,9999.000,9999.000,9999.000,9999.000,9999.000,9999.000,9999.000
202606231942,   1.005,   1.518,9999.000,9999.000,9999.000,9999.000,9999.000,9999.000,9999.000
202606231948,   1.000,   1.528,9999.000,9999.000,9999.000,9999.000,9999.000,9999.000,9999.000
202606231954,   0.995,   1.528,9999.000,9999.000,9999.000,9999.000,9999.000,9999.000,9999.000
202606232000,   0.989,   1.571,   0.500,   0.082,   1.571,   0.500,   1.571,   0.500,   1.571
202606232006,   0.983,   1.580,9999.000,9999.000,9999.000,9999.000,9999.000,9999.000,9999.000
202606232012,   0.976,   1.620,9999.000,9999.000,9999.000,9999.000,9999.000,9999.000,9999.000
202606232018,   0.969,   1.630,9999.000,9999.000,9999.000,9999.000,9999.000,9999.000,9999.000
202606232024,   0.961,   1.630,9999.000,9999.000,9999.000,9999.000,9999.000,9999.000,9999.000
202606232030,   0.953,   1.639,9999.000,9999.000,9999.000,9999.000,9999.000,9999.000,9999.000
202606232036,   0.944,   1.669,9999.000,9999.000,9999.000,9999.000,9999.000,9999.000,9999.000
202606232042,   0.935,   1.669,9999.000,9999.000,9999.000,9999.000,9999.000,9999.000,9999.000
202606232048,   0.926,   1.630,9999.000,9999.000,9999.000,9999.000,9999.000,9999.000,9999.000
202606232054,   0.916,   1.630,9999.000,9999.000,9999.000,9999.000,9999.000,9999.000,9999.000
202606232100,   0.905,   1.610,   0.500,   0.205,   1.610,   0.500,   1.610,   0.500,   1.610
202606232106,   0.894,   1.610,9999.000,9999.000,9999.000,9999.000,9999.000,9999.000,9999.000
202606232112,   0.882,   1.600,9999.000,9999.000,9999.000,9999.000,9999.000,9999.000,9999.000
202606232118,   0.870,   1.580,9999.000,9999.000,9999.000,9999.000,9999.000,9999.000,9999.000
202606232124,   0.857,   1.528,9999.000,9999.000,9999.000,9999.000,9999.000,9999.000,9999.000
202606232130,   0.844,   1.538,9999.000,9999.000,9999.000,9999.000,9999.000,9999.000,9999.000
202606232136,   0.830,   1.518,9999.000,9999.000,9999.000,9999.000,9999.000,9999.000,9999.000
202606232142,   0.815,   1.479,9999.000,9999.000,9999.000,9999.000,9999.000,9999.000,9999.000
202606232148,   0.800,   1.459,9999.000,9999.000,9999.000,9999.000,9999.000,9999.000,9999.000
202606232154,   0.785,   1.469,9999.000,9999.000,9999.000,9999.000,9999.000,9999.000,9999.000
202606232200,   0.768,   1.498,   0.500,   0.230,   1.498,   0.500,   1.498,   0.500,   1.498
202606232206,   0.752,   1.348,9999.000,9999.000,9999.000,9999.000,9999.000,9999.000,9999.000
202606232212,   0.734,   1.400,9999.000,9999.000,9999.000,9999.000,9999.000,9999.000,9999.000
202606232218,   0.716,   1.371,9999.000,9999.000,9999.000,9999.000,9999.000,9999.000,9999.000
202606232224,   0.698,   1.380,9999.000,9999.000,9999.000,9999.000,9999.000,9999.000,9999.000
202606232230,   0.679,   1.371,9999.000,9999.000,9999.000,9999.000,9999.000,9999.000,9999.000
202606232236,   0.660,   0.941,9999.000,9999.000,9999.000,9999.000,9999.000,9999.000,9999.000
202606232242,   0.641,   1.259,9999.000,9999.000,9999.000,9999.000,9999.000,9999.000,9999.000
202606232248,   0.621,   1.279,9999.000,9999.000,9999.000,9999.000,9999.000,9999.000,9999.000
202606232254,   0.601,   1.200,9999.000,9999.000,9999.000,9999.000,9999.000,9999.000,9999.000
202606232300,   0.581,   1.200,   0.500,   0.119,   1.200,   0.500,   1.200,   0.500,   1.200
202606232306,   0.560,   1.200,9999.000,9999.000,9999.000,9999.000,9999.000,9999.000,9999.000
202606232312,   0.540,   1.170,9999.000,9999.000,9999.000,9999.000,9999.000,9999.000,9999.000
202606232318,   0.519,   1.180,9999.000,9999.000,9999.000,9999.000,9999.000,9999.000,9999.000
202606232324,   0.498,   1.088,9999.000,9999.000,9999.000,9999.000,9999.000,9999.000,9999.000
202606232330,   0.477,   1.128,9999.000,9999.000,9999.000,9999.000,9999.000,9999.000,9999.000
202606232336,   0.457,   1.151,9999.000,9999.000,9999.000,9999.000,9999.000,9999.000,9999.000
202606232342,   0.437,   1.049,9999.000,9999.000,9999.000,9999.000,9999.000,9999.000,9999.000
202606232348,   0.416,   1.108,9999.000,9999.000,9999.000,9999.000,9999.000,9999.000,9999.000
202606232354,   0.396,   1.079,9999.000,9999.000,9999.000,9999.000,9999.000,9999.000,9999.000
202606240000,   0.377,   1.098,   0.400,   0.321,   1.098,   0.400,   1.098,   0.400,   1.098
202606240006,   0.357,   1.059,9999.000,9999.000,9999.000,9999.000,9999.000,9999.000,9999.000
202606240012,   0.339,   1.039,9999.000,9999.000,9999.000,9999.000,9999.000,9999.000,9999.000
202606240018,   0.320,   1.039,9999.000,9999.000,9999.000,9999.000,9999.000,9999.000,9999.000
202606240024,   0.302,   0.879,9999.000,9999.000,9999.000,9999.000,9999.000,9999.000,9999.000
202606240030,   0.284,   1.010,9999.000,9999.000,9999.000,9999.000,9999.000,9999.000,9999.000
202606240036,   0.267,   1.039,9999.000,9999.000,9999.000,9999.000,9999.000,9999.000,9999.000
202606240042,   0.251,   0.961,9999.000,9999.000,9999.000,9999.000,9999.000,9999.000,9999.000
202606240048,   0.235,   0.970,9999.000,9999.000,9999.000,9999.000,9999.000,9999.000,9999.000
202606240054,   0.219,   0.980,9999.000,9999.000,9999.000,9999.000,9999.000,9999.000,9999.000
202606240100,   0.204,   0.928,   0.400,   0.324,   0.928,   0.400,   0.928,   0.400,   0.928
202606240106,   0.190,   0.918,9999.000,9999.000,9999.000,9999.000,9999.000,9999.000,9999.000
202606240112,   0.176,   0.918,9999.000,9999.000,9999.000,9999.000,9999.000,9999.000,9999.000
202606240118,   0.162,   0.790,9999.000,9999.000,9999.000,9999.000,9999.000,9999.000,9999.000
202606240124,   0.150,   0.869,9999.000,9999.000,9999.000,9999.000,9999.000,9999.000,9999.000
202606240130,   0.137,   0.859,9999.000,9999.000,9999.000,9999.000,9999.000,9999.000,9999.000
202606240136,   0.125,   0.829,9999.000,9999.000,9999.000,9999.000,9999.000,9999.000,9999.000
202606240142,   0.114,   0.839,9999.000,9999.000,9999.000,9999.000,9999.000,9999.000,9999.000
202606240148,   0.103,   0.810,9999.000,9999.000,9999.000,9999.000,9999.000,9999.000,9999.000
202606240154,   0.093,   0.819,9999.000,9999.000,9999.000,9999.000,9999.000,9999.000,9999.000
202606240200,   0.083,   0.770,   0.400,   0.287,   0.770,   0.400,   0.770,   0.400,   0.770
202606240206,   0.073,   0.780,9999.000,9999.000,9999.000,9999.000,9999.000,9999.000,9999.000
202606240212,   0.064,   0.790,9999.000,9999.000,9999.000,9999.000,9999.000,9999.000,9999.000
202606240218,   0.056,   0.741,9999.000,9999.000,9999.000,9999.000,9999.000,9999.000,9999.000
202606240224,   0.048,   0.741,9999.000,9999.000,9999.000,9999.000,9999.000,9999.000,9999.000
202606240230,   0.040,   0.800,9999.000,9999.000,9999.000,9999.000,9999.000,9999.000,9999.000
202606240236,   0.033,   0.669,9999.000,9999.000,9999.000,9999.000,9999.000,9999.000,9999.000
202606240242,   0.027,   0.770,9999.000,9999.000,9999.000,9999.000,9999.000,9999.000,9999.000
202606240248,   0.020,   0.741,9999.000,9999.000,9999.000,9999.000,9999.000,9999.000,9999.000
202606240254,   0.015,   0.770,9999.000,9999.000,9999.000,9999.000,9999.000,9999.000,9999.000
202606240300,   0.010,   0.760,   0.400,   0.350,   0.760,   0.400,   0.760,   0.400,   0.760
202606240306,   0.006,   0.741,9999.000,9999.000,9999.000,9999.000,9999.000,9999.000,9999.000
202606240312,   0.002,   0.741,9999.000,9999.000,9999.000,9999.000,9999.000,9999.000,9999.000
202606240318,   0.000,   0.610,9999.000,9999.000,9999.000,9999.000,9999.000,9999.000,9999.000
202606240324,  -0.003,   0.718,9999.000,9999.000,9999.000,9999.000,9999.000,9999.000,9999.000
202606240330,  -0.004,   0.760,9999.000,9999.000,9999.000,9999.000,9999.000,9999.000,9999.000
202606240336,  -0.005,   0.751,9999.000,9999.000,9999.000,9999.000,9999.000,9999.000,9999.000
202606240342,  -0.006,   0.770,9999.000,9999.000,9999.000,9999.000,9999.000,9999.000,9999.000
202606240348,  -0.005,   0.760,9999.000,9999.000,9999.000,9999.000,9999.000,9999.000,9999.000
202606240354,  -0.003,   0.718,9999.000,9999.000,9999.000,9999.000,9999.000,9999.000,9999.000
202606240400,  -0.001,   0.718,   0.400,   0.319,   0.718,   0.400,   0.718,   0.400,   0.718
202606240406,   0.002,   0.760,9999.000,9999.000,9999.000,9999.000,9999.000,9999.000,9999.000
202606240412,   0.006,   0.718,9999.000,9999.000,9999.000,9999.000,9999.000,9999.000,9999.000
202606240418,   0.011,   0.718,9999.000,9999.000,9999.000,9999.000,9999.000,9999.000,9999.000
202606240424,   0.017,   0.731,9999.000,9999.000,9999.000,9999.000,9999.000,9999.000,9999.000
202606240430,   0.025,   0.678,9999.000,9999.000,9999.000,9999.000,9999.000,9999.000,9999.000
202606240436,   0.033,   0.698,9999.000,9999.000,9999.000,9999.000,9999.000,9999.000,9999.000
202606240442,   0.042,   0.659,9999.000,9999.000,9999.000,9999.000,9999.000,9999.000,9999.000
202606240448,   0.053,   0.649,9999.000,9999.000,9999.000,9999.000,9999.000,9999.000,9999.000
202606240454,   0.064,   0.610,9999.000,9999.000,9999.000,9999.000,9999.000,9999.000,9999.000
202606240500,   0.076,   0.649,   0.400,   0.173,   0.649,   0.400,   0.649,   0.400,   0.649
202606240506,   0.090,   0.498,9999.000,9999.000,9999.000,9999.000,9999.000,9999.000,9999.000
202606240512,   0.104,   0.619,9999.000,9999.000,9999.000,9999.000,9999.000,9999.000,9999.000
202606240518,   0.119,   0.669,9999.000,9999.000,9999.000,9999.000,9999.000,9999.000,9999.000
202606240524,   0.136,   0.551,9999.000,9999.000,9999.000,9999.000,9999.000,9999.000,9999.000
202606240530,   0.153,   0.688,9999.000,9999.000,9999.000,9999.000,9999.000,9999.000,9999.000
202606240536,   0.170,   0.649,9999.000,9999.000,9999.000,9999.000,9999.000,9999.000,9999.000
202606240542,   0.189,   0.669,9999.000,9999.000,9999.000,9999.000,9999.000,9999.000,9999.000
202606240548,   0.209,   0.688,9999.000,9999.000,9999.000,9999.000,9999.000,9999.000,9999.000
202606240554,   0.229,   0.741,9999.000,9999.000,9999.000,9999.000,9999.000,9999.000,9999.000
202606240600,   0.249,   0.741,   0.300,   0.192,   0.741,   0.300,   0.741,   0.300,   0.741
202606240606,   0.271,   0.751,9999.000,9999.000,9999.000,9999.000,9999.000,9999.000,9999.000
202606240612,   0.293,   0.551,9999.000,9999.000,9999.000,9999.000,9999.000,9999.000,9999.000
202606240618,   0.315,   0.800,9999.000,9999.000,9999.000,9999.000,9999.000,9999.000,9999.000
202606240624,   0.338,   0.790,9999.000,9999.000,9999.000,9999.000,9999.000,9999.000,9999.000
202606240630,   0.361,   0.898,9999.000,9999.000,9999.000,9999.000,9999.000,9999.000,9999.000
202606240636,   0.385,   0.898,9999.000,9999.000,9999.000,9999.000,9999.000,9999.000,9999.000
202606240642,   0.409,   0.829,9999.000,9999.000,9999.000,9999.000,9999.000,9999.000,9999.000
202606240648,   0.433,   0.990,9999.000,9999.000,9999.000,9999.000,9999.000,9999.000,9999.000
202606240654,   0.458,   0.970,9999.000,9999.000,9999.000,9999.000,9999.000,9999.000,9999.000
202606240700,   0.483,   1.020,   0.300,   0.237,   1.020,   0.300,   1.020,   0.300,   1.020
202606240706,   0.507,   1.010,9999.000,9999.000,9999.000,9999.000,9999.000,9999.000,9999.000
202606240712,   0.532,   1.069,9999.000,9999.000,9999.000,9999.000,9999.000,9999.000,9999.000
202606240718,   0.557,   0.770,9999.000,9999.000,9999.000,9999.000,9999.000,9999.000,9999.000
202606240724,   0.582,   1.079,9999.000,9999.000,9999.000,9999.000,9999.000,9999.000,9999.000
202606240730,   0.607,   1.151,9999.000,9999.000,9999.000,9999.000,9999.000,9999.000,9999.000
202606240736,   0.632,   1.161,9999.000,9999.000,9999.000,9999.000,9999.000,9999.000,9999.000
202606240742,   0.657,   0.951,9999.000,9999.000,9999.000,9999.000,9999.000,9999.000,9999.000
202606240748,   0.682,   1.180,9999.000,9999.000,9999.000,9999.000,9999.000,9999.000,9999.000
202606240754,   0.706,   1.200,9999.000,9999.000,9999.000,9999.000,9999.000,9999.000,9999.000
202606240800,   0.731,   1.079,   0.300,   0.048,   1.079,   0.300,   1.079,   0.300,   1.079
202606240806,   0.755,   1.220,9999.000,9999.000,9999.000,9999.000,9999.000,9999.000,9999.000
202606240812,   0.779,   1.229,9999.000,9999.000,9999.000,9999.000,9999.000,9999.000,9999.000
202606240818,   0.803,   1.298,9999.000,9999.000,9999.000,9999.000,9999.000,9999.000,9999.000
202606240824,   0.826,   1.361,9999.000,9999.000,9999.000,9999.000,9999.000,9999.000,9999.000
202606240830,   0.849,   1.328,9999.000,9999.000,9999.000,9999.000,9999.000,9999.000,9999.000
202606240836,   0.872,   1.380,9999.000,9999.000,9999.000,9999.000,9999.000,9999.000,9999.000
202606240842,   0.894,   1.361,9999.000,9999.000,9999.000,9999.000,9999.000,9999.000,9999.000
202606240848,   0.915,   1.420,9999.000,9999.000,9999.000,9999.000,9999.000,9999.000,9999.000
202606240854,   0.937,   1.459,9999.000,9999.000,9999.000,9999.000,9999.000,9999.000,9999.000
202606240900,   0.957,   1.469,   0.300,   0.212,   1.469,   0.300,   1.469,   0.300,   1.469
202606240906,   0.977,   1.489,9999.000,9999.000,9999.000,9999.000,9999.000,9999.000,9999.000
202606240912,   0.997,   1.528,9999.000,9999.000,9999.000,9999.000,9999.000,9999.000,9999.000
202606240918,   1.016,   1.620,9999.000,9999.000,9999.000,9999.000,9999.000,9999.000,9999.000
202606240924,   1.034,   1.649,9999.000,9999.000,9999.000,9999.000,9999.000,9999.000,9999.000
202606240930,   1.052,   1.279,9999.000,9999.000,9999.000,9999.000,9999.000,9999.000,9999.000
202606240936,   1.068,   1.610,9999.000,9999.000,9999.000,9999.000,9999.000,9999.000,9999.000
202606240942,   1.084,   1.659,9999.000,9999.000,9999.000,9999.000,9999.000,9999.000,9999.000
202606240948,   1.100,   1.639,9999.000,9999.000,9999.000,9999.000,9999.000,9999.000,9999.000
202606240954,   1.114,   1.600,9999.000,9999.000,9999.000,9999.000,9999.000,9999.000,9999.000
202606241000,   1.128,   1.669,   0.300,   0.241,   1.669,   0.300,   1.669,   0.300,   1.669
202606241006,   1.141,   1.649,9999.000,9999.000,9999.000,9999.000,9999.000,9999.000,9999.000
202606241012,   1.154,   1.689,9999.000,9999.000,9999.000,9999.000,9999.000,9999.000,9999.000
202606241018,   1.165,   1.580,9999.000,9999.000,9999.000,9999.000,9999.000,9999.000,9999.000
202606241024,   1.176,   1.659,9999.000,9999.000,9999.000,9999.000,9999.000,9999.000,9999.000
202606241030,   1.186,   1.689,9999.000,9999.000,9999.000,9999.000,9999.000,9999.000,9999.000
202606241036,   1.195,   1.699,9999.000,9999.000,9999.000,9999.000,9999.000,9999.000,9999.000
202606241042,   1.203,   1.699,9999.000,9999.000,9999.000,9999.000,9999.000,9999.000,9999.000
202606241048,   1.211,   1.679,9999.000,9999.000,9999.000,9999.000,9999.000,9999.000,9999.000
202606241054,   1.218,   1.728,9999.000,9999.000,9999.000,9999.000,9999.000,9999.000,9999.000
202606241100,   1.225,   1.728,   0.300,   0.203,   1.728,   0.300,   1.728,   0.300,   1.728
202606241106,   1.231,   1.767,9999.000,9999.000,9999.000,9999.000,9999.000,9999.000,9999.000
202606241112,   1.236,   1.659,9999.000,9999.000,9999.000,9999.000,9999.000,9999.000,9999.000
202606241118,   1.241,   1.748,9999.000,9999.000,9999.000,9999.000,9999.000,9999.000,9999.000
202606241124,   1.246,   1.781,9999.000,9999.000,9999.000,9999.000,9999.000,9999.000,9999.000
202606241130,   1.250,   1.748,9999.000,9999.000,9999.000,9999.000,9999.000,9999.000,9999.000
202606241136,   1.254,   1.781,9999.000,9999.000,9999.000,9999.000,9999.000,9999.000,9999.000
202606241142,   1.257,   1.708,9999.000,9999.000,9999.000,9999.000,9999.000,9999.000,9999.000
202606241148,   1.260,   1.781,9999.000,9999.000,9999.000,9999.000,9999.000,9999.000,9999.000
202606241154,   1.263,   1.781,9999.000,9999.000,9999.000,9999.000,9999.000,9999.000,9999.000
202606241200,   1.266,   1.758,   0.200,   0.292,   1.758,   0.200,   1.758,   0.200,   1.758
202606241206,   1.268,   1.781,9999.000,9999.000,9999.000,9999.000,9999.000,9999.000,9999.000
202606241212,   1.271,   1.790,9999.000,9999.000,9999.000,9999.000,9999.000,9999.000,9999.000
202606241218,   1.273,   1.767,9999.000,9999.000,9999.000,9999.000,9999.000,9999.000,9999.000
202606241224,   1.276,   1.767,9999.000,9999.000,9999.000,9999.000,9999.000,9999.000,9999.000
202606241230,   1.278,   1.767,9999.000,9999.000,9999.000,9999.000,9999.000,9999.000,9999.000
202606241236,   1.280,   1.800,9999.000,9999.000,9999.000,9999.000,9999.000,9999.000,9999.000
202606241242,   1.282,   1.790,9999.000,9999.000,9999.000,9999.000,9999.000,9999.000,9999.000
202606241248,   1.284,   1.790,9999.000,9999.000,9999.000,9999.000,9999.000,9999.000,9999.000
202606241254,   1.287,   1.820,9999.000,9999.000,9999.000,9999.000,9999.000,9999.000,9999.000
202606241300,   1.289,   1.810,   0.200,   0.321,   1.810,   0.200,   1.810,   0.200,   1.810
202606241306,   1.291,   1.820,9999.000,9999.000,9999.000,9999.000,9999.000,9999.000,9999.000
202606241312,   1.293,   1.820,9999.000,9999.000,9999.000,9999.000,9999.000,9999.000,9999.000
202606241318,   1.295,   1.849,9999.000,9999.000,9999.000,9999.000,9999.000,9999.000,9999.000
202606241324,   1.297,   1.840,9999.000,9999.000,9999.000,9999.000,9999.000,9999.000,9999.000
202606241330,   1.299,   1.869,9999.000,9999.000,9999.000,9999.000,9999.000,9999.000,9999.000
202606241336,   1.300,   1.840,9999.000,9999.000,9999.000,9999.000,9999.000,9999.000,9999.000
202606241342,   1.302,   1.830,9999.000,9999.000,9999.000,9999.000,9999.000,9999.000,9999.000
202606241348,   1.303,   1.849,9999.000,9999.000,9999.000,9999.000,9999.000,9999.000,9999.000
202606241354,   1.304,   1.869,9999.000,9999.000,9999.000,9999.000,9999.000,9999.000,9999.000
202606241400,   1.304,   1.859,   0.200,   0.355,   1.859,   0.200,   1.859,   0.200,   1.859
202606241406,   1.305,   1.840,9999.000,9999.000,9999.000,9999.000,9999.000,9999.000,9999.000
202606241412,   1.305,   1.849,9999.000,9999.000,9999.000,9999.000,9999.000,9999.000,9999.000
202606241418,   1.304,   1.820,9999.000,9999.000,9999.000,9999.000,9999.000,9999.000,9999.000
202606241424,   1.304,   1.659,9999.000,9999.000,9999.000,9999.000,9999.000,9999.000,9999.000
202606241430,   1.302,   1.830,9999.000,9999.000,9999.000,9999.000,9999.000,9999.000,9999.000
202606241436,   1.301,   1.810,9999.000,9999.000,9999.000,9999.000,9999.000,9999.000,9999.000
202606241442,   1.299,   1.830,9999.000,9999.000,9999.000,9999.000,9999.000,9999.000,9999.000
202606241448,   1.296,   1.849,9999.000,9999.000,9999.000,9999.000,9999.000,9999.000,9999.000
202606241454,   1.293,   1.869,9999.000,9999.000,9999.000,9999.000,9999.000,9999.000,9999.000
202606241500,   1.290,   1.908,   0.200,   0.418,   1.908,   0.200,   1.908,   0.200,   1.908
202606241506,   1.286,   1.879,9999.000,9999.000,9999.000,9999.000,9999.000,9999.000,9999.000
202606241512,   1.282,   1.889,9999.000,9999.000,9999.000,9999.000,9999.000,9999.000,9999.000
202606241518,   1.277,   1.899,9999.000,9999.000,9999.000,9999.000,9999.000,9999.000,9999.000
202606241524,   1.272,   1.908,9999.000,9999.000,9999.000,9999.000,9999.000,9999.000,9999.000
202606241530,   1.267,   1.869,9999.000,9999.000,9999.000,9999.000,9999.000,9999.000,9999.000
202606241536,   1.261,   1.918,9999.000,9999.000,9999.000,9999.000,9999.000,9999.000,9999.000
202606241542,   1.255,   1.918,9999.000,9999.000,9999.000,9999.000,9999.000,9999.000,9999.000
202606241548,   1.249,   1.840,9999.000,9999.000,9999.000,9999.000,9999.000,9999.000,9999.000
202606241554,   1.243,   1.908,9999.000,9999.000,9999.000,9999.000,9999.000,9999.000,9999.000
202606241600,   1.236,   1.889,   0.200,   0.453,   1.889,   0.200,   1.889,   0.200,   1.889
202606241606,   1.229,   1.899,9999.000,9999.000,9999.000,9999.000,9999.000,9999.000,9999.000
202606241612,   1.222,   1.899,9999.000,9999.000,9999.000,9999.000,9999.000,9999.000,9999.000
202606241618,   1.215,   1.908,9999.000,9999.000,9999.000,9999.000,9999.000,9999.000,9999.000
202606241624,   1.208,   1.879,9999.000,9999.000,9999.000,9999.000,9999.000,9999.000,9999.000
202606241630,   1.201,   1.879,9999.000,9999.000,9999.000,9999.000,9999.000,9999.000,9999.000
202606241636,   1.193,   1.869,9999.000,9999.000,9999.000,9999.000,9999.000,9999.000,9999.000
202606241642,   1.186,   1.869,9999.000,9999.000,9999.000,9999.000,9999.000,9999.000,9999.000
202606241648,   1.179,   1.889,9999.000,9999.000,9999.000,9999.000,9999.000,9999.000,9999.000
202606241654,   1.172,   1.869,9999.000,9999.000,9999.000,9999.000,9999.000,9999.000,9999.000
202606241700,   1.165,   1.840,   0.200,   0.475,   1.840,   0.200,   1.840,   0.200,   1.840
202606241706,   1.159,   1.820,9999.000,9999.000,9999.000,9999.000,9999.000,9999.000,9999.000
202606241712,   1.152,   1.758,9999.000,9999.000,9999.000,9999.000,9999.000,9999.000,9999.000
202606241718,   1.145,   1.800,9999.000,9999.000,9999.000,9999.000,9999.000,9999.000,9999.000
202606241724,   1.139,   1.738,9999.000,9999.000,9999.000,9999.000,9999.000,9999.000,9999.000
202606241730,   1.133,   1.748,9999.000,9999.000,9999.000,9999.000,9999.000,9999.000,9999.000
202606241736,   1.127,   1.689,9999.000,9999.000,9999.000,9999.000,9999.000,9999.000,9999.000
202606241742,   1.121,   1.699,9999.000,9999.000,9999.000,9999.000,9999.000,9999.000,9999.000
202606241748,   1.115,   1.699,9999.000,9999.000,9999.000,9999.000,9999.000,9999.000,9999.000
202606241754,   1.109,   1.669,9999.000,9999.000,9999.000,9999.000,9999.000,9999.000,9999.000
202606241800,   1.103,   1.620,   0.200,   0.317,   1.620,   0.100,   1.520,   0.200,   1.620
202606241806,   1.098,   1.610,9999.000,9999.000,9999.000,9999.000,9999.000,9999.000,9999.000
202606241812,   1.092,   1.557,9999.000,9999.000,9999.000,9999.000,9999.000,9999.000,9999.000
202606241818,   1.087,   1.590,9999.000,9999.000,9999.000,9999.000,9999.000,9999.000,9999.000
202606241824,   1.081,   1.528,9999.000,9999.000,9999.000,9999.000,9999.000,9999.000,9999.000
202606241830,   1.076,   1.518,9999.000,9999.000,9999.000,9999.000,9999.000,9999.000,9999.000
202606241836,   1.071,   1.338,9999.000,9999.000,9999.000,9999.000,9999.000,9999.000,9999.000
202606241842,   1.065,   1.498,9999.000,9999.000,9999.000,9999.000,9999.000,9999.000,9999.000
202606241848,   1.060,   1.498,9999.000,9999.000,9999.000,9999.000,9999.000,9999.000,9999.000
202606241854,   1.054,   1.479,9999.000,9999.000,9999.000,9999.000,9999.000,9999.000,9999.000
202606241900,   1.049,   1.489,   0.200,   0.240,   1.489,   0.100,   1.389,   0.200,   1.489
202606241906,   1.043,   1.489,9999.000,9999.000,9999.000,9999.000,9999.000,9999.000,9999.000
202606241912,   1.037,   1.449,9999.000,9999.000,9999.000,9999.000,9999.000,9999.000,9999.000
202606241918,   1.031,   1.449,9999.000,9999.000,9999.000,9999.000,9999.000,9999.000,9999.000
202606241924,   1.026,   1.449,9999.000,9999.000,9999.000,9999.000,9999.000,9999.000,9999.000
202606241930,   1.019,   1.430,9999.000,9999.000,9999.000,9999.000,9999.000,9999.000,9999.000
202606241936,   1.013,   1.449,9999.000,9999.000,9999.000,9999.000,9999.000,9999.000,9999.000
202606241942,   1.007,   1.439,9999.000,9999.000,9999.000,9999.000,9999.000,9999.000,9999.000
202606241948,   1.000,   1.430,9999.000,9999.000,9999.000,9999.000,9999.000,9999.000,9999.000
202606241954,   0.994,   1.439,9999.000,9999.000,9999.000,9999.000,9999.000,9999.000,9999.000
202606242000,   0.987,   1.400,   0.200,   0.213,   1.400,   0.100,   1.300,   0.200,   1.400
202606242006,   0.979,   1.430,9999.000,9999.000,9999.000,9999.000,9999.000,9999.000,9999.000
202606242012,   0.972,   1.420,9999.000,9999.000,9999.000,9999.000,9999.000,9999.000,9999.000
202606242018,   0.964,   1.430,9999.000,9999.000,9999.000,9999.000,9999.000,9999.000,9999.000
202606242024,   0.956,   1.430,9999.000,9999.000,9999.000,9999.000,9999.000,9999.000,9999.000
202606242030,   0.948,   1.410,9999.000,9999.000,9999.000,9999.000,9999.000,9999.000,9999.000
202606242036,   0.939,   1.390,9999.000,9999.000,9999.000,9999.000,9999.000,9999.000,9999.000
202606242042,   0.931,   1.380,9999.000,9999.000,9999.000,9999.000,9999.000,9999.000,9999.000
202606242048,   0.921,   1.380,9999.000,9999.000,9999.000,9999.000,9999.000,9999.000,9999.000
202606242054,   0.912,   1.361,9999.000,9999.000,9999.000,9999.000,9999.000,9999.000,9999.000
202606242100,   0.902,   1.371,   0.200,   0.269,   1.371,   0.100,   1.271,   0.200,   1.371
202606242106,   0.891,   1.318,9999.000,9999.000,9999.000,9999.000,9999.000,9999.000,9999.000
202606242112,   0.880,   1.318,9999.000,9999.000,9999.000,9999.000,9999.000,9999.000,9999.000
202606242118,   0.869,   1.308,9999.000,9999.000,9999.000,9999.000,9999.000,9999.000,9999.000
202606242124,   0.857,   1.298,9999.000,9999.000,9999.000,9999.000,9999.000,9999.000,9999.000
202606242130,   0.844,   1.308,9999.000,9999.000,9999.000,9999.000,9999.000,9999.000,9999.000
202606242136,   0.831,   1.289,9999.000,9999.000,9999.000,9999.000,9999.000,9999.000,9999.000
202606242142,   0.818,   1.269,9999.000,9999.000,9999.000,9999.000,9999.000,9999.000,9999.000
202606242148,   0.804,   1.259,9999.000,9999.000,9999.000,9999.000,9999.000,9999.000,9999.000
202606242154,   0.789,   1.249,9999.000,9999.000,9999.000,9999.000,9999.000,9999.000,9999.000
202606242200,   0.774,   1.269,   0.200,   0.295,   1.269,   0.100,   1.169,   0.200,   1.269
202606242206,   0.758,   1.259,9999.000,9999.000,9999.000,9999.000,9999.000,9999.000,9999.000
202606242212,   0.741,   1.239,9999.000,9999.000,9999.000,9999.000,9999.000,9999.000,9999.000
202606242218,   0.724,   1.229,9999.000,9999.000,9999.000,9999.000,9999.000,9999.000,9999.000
202606242224,   0.706,   1.220,9999.000,9999.000,9999.000,9999.000,9999.000,9999.000,9999.000
202606242230,   0.688,   1.210,9999.000,9999.000,9999.000,9999.000,9999.000,9999.000,9999.000
202606242236,   0.669,   1.229,9999.000,9999.000,9999.000,9999.000,9999.000,9999.000,9999.000
202606242242,   0.650,   1.190,9999.000,9999.000,9999.000,9999.000,9999.000,9999.000,9999.000
202606242248,   0.630,   1.180,9999.000,9999.000,9999.000,9999.000,9999.000,9999.000,9999.000
202606242254,   0.609,   1.161,9999.000,9999.000,9999.000,9999.000,9999.000,9999.000,9999.000
202606242300,   0.589,   1.151,   0.200,   0.362,   1.151,   0.100,   1.051,   0.200,   1.151
202606242306,   0.567,   1.151,9999.000,9999.000,9999.000,9999.000,9999.000,9999.000,9999.000
202606242312,   0.546,   1.161,9999.000,9999.000,9999.000,9999.000,9999.000,9999.000,9999.000
202606242318,   0.524,   1.059,9999.000,9999.000,9999.000,9999.000,9999.000,9999.000,9999.000
202606242324,   0.502,   1.128,9999.000,9999.000,9999.000,9999.000,9999.000,9999.000,9999.000
202606242330,   0.480,   1.108,9999.000,9999.000,9999.000,9999.000,9999.000,9999.000,9999.000
202606242336,   0.457,   1.079,9999.000,9999.000,9999.000,9999.000,9999.000,9999.000,9999.000
202606242342,   0.435,   1.059,9999.000,9999.000,9999.000,9999.000,9999.000,9999.000,9999.000
202606242348,   0.412,   1.029,9999.000,9999.000,9999.000,9999.000,9999.000,9999.000,9999.000
202606242354,   0.390,   1.000,9999.000,9999.000,9999.000,9999.000,9999.000,9999.000,9999.000
202606250000,   0.367,   1.000,   0.200,   0.433,   1.000,   0.200,   1.000,   0.200,   1.000
202606250006,   0.345,   0.951,9999.000,9999.000,9999.000,9999.000,9999.000,9999.000,9999.000
202606250012,   0.323,   0.961,9999.000,9999.000,9999.000,9999.000,9999.000,9999.000,9999.000
202606250018,   0.301,   0.928,9999.000,9999.000,9999.000,9999.000,9999.000,9999.000,9999.000
202606250024,   0.280,   0.908,9999.000,9999.000,9999.000,9999.000,9999.000,9999.000,9999.000
202606250030,   0.259,   0.869,9999.000,9999.000,9999.000,9999.000,9999.000,9999.000,9999.000
202606250036,   0.238,   0.869,9999.000,9999.000,9999.000,9999.000,9999.000,9999.000,9999.000
202606250042,   0.218,   0.829,9999.000,9999.000,9999.000,9999.000,9999.000,9999.000,9999.000
202606250048,   0.198,   0.810,9999.000,9999.000,9999.000,9999.000,9999.000,9999.000,9999.000
202606250054,   0.179,   0.790,9999.000,9999.000,9999.000,9999.000,9999.000,9999.000,9999.000
202606250100,   0.160,   0.780,   0.200,   0.420,   0.780,   0.200,   0.780,   0.200,   0.780
202606250106,   0.142,   0.731,9999.000,9999.000,9999.000,9999.000,9999.000,9999.000,9999.000
202606250112,   0.125,   0.741,9999.000,9999.000,9999.000,9999.000,9999.000,9999.000,9999.000
202606250118,   0.108,   0.708,9999.000,9999.000,9999.000,9999.000,9999.000,9999.000,9999.000
202606250124,   0.091,   0.731,9999.000,9999.000,9999.000,9999.000,9999.000,9999.000,9999.000
202606250130,   0.075,   0.708,9999.000,9999.000,9999.000,9999.000,9999.000,9999.000,9999.000
202606250136,   0.060,   0.488,9999.000,9999.000,9999.000,9999.000,9999.000,9999.000,9999.000
202606250142,   0.045,   0.649,9999.000,9999.000,9999.000,9999.000,9999.000,9999.000,9999.000
202606250148,   0.031,   0.629,9999.000,9999.000,9999.000,9999.000,9999.000,9999.000,9999.000
202606250154,   0.018,   0.610,9999.000,9999.000,9999.000,9999.000,9999.000,9999.000,9999.000
202606250200,   0.005,   0.590,   0.200,   0.385,   0.590,   0.200,   0.590,   0.200,   0.590
202606250206,  -0.007,   0.570,9999.000,9999.000,9999.000,9999.000,9999.000,9999.000,9999.000
202606250212,  -0.019,   0.639,9999.000,9999.000,9999.000,9999.000,9999.000,9999.000,9999.000
202606250218,  -0.030,   0.551,9999.000,9999.000,9999.000,9999.000,9999.000,9999.000,9999.000
202606250224,  -0.041,   0.541,9999.000,9999.000,9999.000,9999.000,9999.000,9999.000,9999.000
202606250230,  -0.052,   0.469,9999.000,9999.000,9999.000,9999.000,9999.000,9999.000,9999.000
202606250236,  -0.062,   0.488,9999.000,9999.000,9999.000,9999.000,9999.000,9999.000,9999.000
202606250242,  -0.071,   0.478,9999.000,9999.000,9999.000,9999.000,9999.000,9999.000,9999.000
202606250248,  -0.080,   0.488,9999.000,9999.000,9999.000,9999.000,9999.000,9999.000,9999.000
202606250254,  -0.089,   0.459,9999.000,9999.000,9999.000,9999.000,9999.000,9999.000,9999.000
202606250300,  -0.096,   0.469,   0.200,   0.365,   0.469,   0.200,   0.469,   0.200,   0.469
202606250306,  -0.104,   0.459,9999.000,9999.000,9999.000,9999.000,9999.000,9999.000,9999.000
202606250312,  -0.111,   0.469,9999.000,9999.000,9999.000,9999.000,9999.000,9999.000,9999.000
202606250318,  -0.117,   0.469,9999.000,9999.000,9999.000,9999.000,9999.000,9999.000,9999.000
202606250324,  -0.122,   0.478,9999.000,9999.000,9999.000,9999.000,9999.000,9999.000,9999.000
202606250330,  -0.127,   0.459,9999.000,9999.000,9999.000,9999.000,9999.000,9999.000,9999.000
202606250336,  -0.132,   0.429,9999.000,9999.000,9999.000,9999.000,9999.000,9999.000,9999.000
202606250342,  -0.135,   0.449,9999.000,9999.000,9999.000,9999.000,9999.000,9999.000,9999.000
202606250348,  -0.138,   0.419,9999.000,9999.000,9999.000,9999.000,9999.000,9999.000,9999.000
202606250354,  -0.141,   0.449,9999.000,9999.000,9999.000,9999.000,9999.000,9999.000,9999.000
202606250400,  -0.142,   0.321,   0.200,   0.263,   0.321,   0.200,   0.321,   0.200,   0.321
202606250406,  -0.143,   0.419,9999.000,9999.000,9999.000,9999.000,9999.000,9999.000,9999.000
202606250412,  -0.143,   0.429,9999.000,9999.000,9999.000,9999.000,9999.000,9999.000,9999.000
202606250418,  -0.141,   0.409,9999.000,9999.000,9999.000,9999.000,9999.000,9999.000,9999.000
202606250424,  -0.139,   0.390,9999.000,9999.000,9999.000,9999.000,9999.000,9999.000,9999.000
202606250430,  -0.137,   0.360,9999.000,9999.000,9999.000,9999.000,9999.000,9999.000,9999.000
202606250436,  -0.133,   0.409,9999.000,9999.000,9999.000,9999.000,9999.000,9999.000,9999.000
202606250442,  -0.128,   0.400,9999.000,9999.000,9999.000,9999.000,9999.000,9999.000,9999.000
202606250448,  -0.122,   0.400,9999.000,9999.000,9999.000,9999.000,9999.000,9999.000,9999.000
202606250454,  -0.115,   0.439,9999.000,9999.000,9999.000,9999.000,9999.000,9999.000,9999.000
202606250500,  -0.107,   0.459,   0.200,   0.366,   0.459,   0.200,   0.459,   0.200,   0.459
202606250506,  -0.098,   0.449,9999.000,9999.000,9999.000,9999.000,9999.000,9999.000,9999.000
202606250512,  -0.088,   0.478,9999.000,9999.000,9999.000,9999.000,9999.000,9999.000,9999.000
202606250518,  -0.076,   0.439,9999.000,9999.000,9999.000,9999.000,9999.000,9999.000,9999.000
202606250524,  -0.064,   0.551,9999.000,9999.000,9999.000,9999.000,9999.000,9999.000,9999.000
202606250530,  -0.051,   0.488,9999.000,9999.000,9999.000,9999.000,9999.000,9999.000,9999.000
202606250536,  -0.036,   0.560,9999.000,9999.000,9999.000,9999.000,9999.000,9999.000,9999.000
202606250542,  -0.021,   0.551,9999.000,9999.000,9999.000,9999.000,9999.000,9999.000,9999.000
202606250548,  -0.004,   0.570,9999.000,9999.000,9999.000,9999.000,9999.000,9999.000,9999.000
202606250554,   0.012,   0.580,9999.000,9999.000,9999.000,9999.000,9999.000,9999.000,9999.000
202606250600,   0.031,   0.610,   0.300,   0.279,   0.610,   0.300,   0.610,   0.300,   0.610
202606250606,   0.050,   0.629,9999.000,9999.000,9999.000,9999.000,9999.000,9999.000,9999.000
202606250612,   0.071,   0.649,9999.000,9999.000,9999.000,9999.000,9999.000,9999.000,9999.000
202606250618,   0.092,   0.560,9999.000,9999.000,9999.000,9999.000,9999.000,9999.000,9999.000
202606250624,   0.114,   0.698,9999.000,9999.000,9999.000,9999.000,9999.000,9999.000,9999.000
202606250630,   0.137,   0.731,9999.000,9999.000,9999.000,9999.000,9999.000,9999.000,9999.000
202606250636,   0.161,   0.780,9999.000,9999.000,9999.000,9999.000,9999.000,9999.000,9999.000
202606250642,   0.185,   0.800,9999.000,9999.000,9999.000,9999.000,9999.000,9999.000,9999.000
202606250648,   0.210,   0.819,9999.000,9999.000,9999.000,9999.000,9999.000,9999.000,9999.000
202606250654,   0.236,   0.839,9999.000,9999.000,9999.000,9999.000,9999.000,9999.000,9999.000
202606250700,   0.263,   0.888,   0.300,   0.325,   0.888,   0.300,   0.888,   0.300,   0.888
202606250706,   0.289,   0.908,9999.000,9999.000,9999.000,9999.000,9999.000,9999.000,9999.000
202606250712,   0.317,   0.970,9999.000,9999.000,9999.000,9999.000,9999.000,9999.000,9999.000
202606250718,   0.345,   0.961,9999.000,9999.000,9999.000,9999.000,9999.000,9999.000,9999.000
202606250724,   0.373,   0.990,9999.000,9999.000,9999.000,9999.000,9999.000,9999.000,9999.000
202606250730,   0.402,   0.980,9999.000,9999.000,9999.000,9999.000,9999.000,9999.000,9999.000
202606250736,   0.430,   1.010,9999.000,9999.000,9999.000,9999.000,9999.000,9999.000,9999.000
202606250742,   0.460,   1.069,9999.000,9999.000,9999.000,9999.000,9999.000,9999.000,9999.000
202606250748,   0.489,   1.128,9999.000,9999.000,9999.000,9999.000,9999.000,9999.000,9999.000
202606250754,   0.519,   1.020,9999.000,9999.000,9999.000,9999.000,9999.000,9999.000,9999.000
202606250800,   0.548,   1.138,   0.300,   0.290,   1.138,   0.300,   1.138,   0.300,   1.138
202606250806,   0.578,   1.259,9999.000,9999.000,9999.000,9999.000,9999.000,9999.000,9999.000
202606250812,   0.608,   1.279,9999.000,9999.000,9999.000,9999.000,9999.000,9999.000,9999.000
202606250818,   0.638,   1.151,9999.000,9999.000,9999.000,9999.000,9999.000,9999.000,9999.000
202606250824,   0.667,   1.239,9999.000,9999.000,9999.000,9999.000,9999.000,9999.000,9999.000
202606250830,   0.697,   1.308,9999.000,9999.000,9999.000,9999.000,9999.000,9999.000,9999.000
202606250836,   0.726,   1.318,9999.000,9999.000,9999.000,9999.000,9999.000,9999.000,9999.000
202606250842,   0.755,   1.361,9999.000,9999.000,9999.000,9999.000,9999.000,9999.000,9999.000
202606250848,   0.784,   1.400,9999.000,9999.000,9999.000,9999.000,9999.000,9999.000,9999.000
202606250854,   0.812,   1.400,9999.000,9999.000,9999.000,9999.000,9999.000,9999.000,9999.000
202606250900,   0.840,   1.439,   0.300,   0.299,   1.439,   0.300,   1.439,   0.300,   1.439
202606250906,   0.868,   1.469,9999.000,9999.000,9999.000,9999.000,9999.000,9999.000,9999.000
202606250912,   0.895,   1.449,9999.000,9999.000,9999.000,9999.000,9999.000,9999.000,9999.000
202606250918,   0.922,   1.489,9999.000,9999.000,9999.000,9999.000,9999.000,9999.000,9999.000
202606250924,   0.948,   1.489,9999.000,9999.000,9999.000,9999.000,9999.000,9999.000,9999.000
202606250930,   0.973,   1.571,9999.000,9999.000,9999.000,9999.000,9999.000,9999.000,9999.000
202606250936,   0.998,   1.580,9999.000,9999.000,9999.000,9999.000,9999.000,9999.000,9999.000
202606250942,   1.022,   1.580,9999.000,9999.000,9999.000,9999.000,9999.000,9999.000,9999.000
202606250948,   1.045,   1.571,9999.000,9999.000,9999.000,9999.000,9999.000,9999.000,9999.000
202606250954,   1.068,   1.649,9999.000,9999.000,9999.000,9999.000,9999.000,9999.000,9999.000
202606251000,   1.090,   1.679,   0.300,   0.289,   1.679,   0.300,   1.679,   0.300,   1.679
202606251006,   1.110,   1.659,9999.000,9999.000,9999.000,9999.000,9999.000,9999.000,9999.000
202606251012,   1.130,   1.738,9999.000,9999.000,9999.000,9999.000,9999.000,9999.000,9999.000
202606251018,   1.150,   1.748,9999.000,9999.000,9999.000,9999.000,9999.000,9999.000,9999.000
202606251024,   1.168,   1.699,9999.000,9999.000,9999.000,9999.000,9999.000,9999.000,9999.000
202606251030,   1.185,   1.748,9999.000,9999.000,9999.000,9999.000,9999.000,9999.000,9999.000
202606251036,   1.202,   1.790,9999.000,9999.000,9999.000,9999.000,9999.000,9999.000,9999.000
202606251042,   1.218,   1.830,9999.000,9999.000,9999.000,9999.000,9999.000,9999.000,9999.000
202606251048,   1.232,   1.820,9999.000,9999.000,9999.000,9999.000,9999.000,9999.000,9999.000
202606251054,   1.246,   1.840,9999.000,9999.000,9999.000,9999.000,9999.000,9999.000,9999.000
202606251100,   1.260,   1.859,   0.300,   0.299,   1.859,   0.300,   1.859,   0.300,   1.859
202606251106,   1.272,   1.869,9999.000,9999.000,9999.000,9999.000,9999.000,9999.000,9999.000
202606251112,   1.283,   1.899,9999.000,9999.000,9999.000,9999.000,9999.000,9999.000,9999.000
202606251118,   1.294,   1.928,9999.000,9999.000,9999.000,9999.000,9999.000,9999.000,9999.000
202606251124,   1.304,   1.938,9999.000,9999.000,9999.000,9999.000,9999.000,9999.000,9999.000
202606251130,   1.314,   1.948,9999.000,9999.000,9999.000,9999.000,9999.000,9999.000,9999.000
202606251136,   1.322,   1.948,9999.000,9999.000,9999.000,9999.000,9999.000,9999.000,9999.000
202606251142,   1.331,   1.967,9999.000,9999.000,9999.000,9999.000,9999.000,9999.000,9999.000
202606251148,   1.338,   1.928,9999.000,9999.000,9999.000,9999.000,9999.000,9999.000,9999.000
202606251154,   1.345,   1.981,9999.000,9999.000,9999.000,9999.000,9999.000,9999.000,9999.000
202606251200,   1.352,   1.908,   0.300,   0.256,   1.908,   0.300,   1.908,   0.300,   1.908
202606251206,   1.358,   1.928,9999.000,9999.000,9999.000,9999.000,9999.000,9999.000,9999.000
202606251212,   1.364,   1.990,9999.000,9999.000,9999.000,9999.000,9999.000,9999.000,9999.000
202606251218,   1.370,   2.020,9999.000,9999.000,9999.000,9999.000,9999.000,9999.000,9999.000
202606251224,   1.375,   2.000,9999.000,9999.000,9999.000,9999.000,9999.000,9999.000,9999.000
202606251230,   1.380,   1.990,9999.000,9999.000,9999.000,9999.000,9999.000,9999.000,9999.000
202606251236,   1.385,   1.908,9999.000,9999.000,9999.000,9999.000,9999.000,9999.000,9999.000
202606251242,   1.389,   2.010,9999.000,9999.000,9999.000,9999.000,9999.000,9999.000,9999.000
202606251248,   1.394,   2.020,9999.000,9999.000,9999.000,9999.000,9999.000,9999.000,9999.000
202606251254,   1.398,   2.010,9999.000,9999.000,9999.000,9999.000,9999.000,9999.000,9999.000
202606251300,   1.402,   1.990,   0.300,   0.288,   1.990,   0.300,   1.990,   0.300,   1.990
202606251306,   1.406,   2.049,9999.000,9999.000,9999.000,9999.000,9999.000,9999.000,9999.000
202606251312,   1.410,   2.069,9999.000,9999.000,9999.000,9999.000,9999.000,9999.000,9999.000
202606251318,   1.414,   2.020,9999.000,9999.000,9999.000,9999.000,9999.000,9999.000,9999.000
202606251324,   1.417,   2.079,9999.000,9999.000,9999.000,9999.000,9999.000,9999.000,9999.000
202606251330,   1.421,   2.049,9999.000,9999.000,9999.000,9999.000,9999.000,9999.000,9999.000
202606251336,   1.424,   2.059,9999.000,9999.000,9999.000,9999.000,9999.000,9999.000,9999.000
202606251342,   1.427,   2.059,9999.000,9999.000,9999.000,9999.000,9999.000,9999.000,9999.000
202606251348,   1.430,   2.099,9999.000,9999.000,9999.000,9999.000,9999.000,9999.000,9999.000
202606251354,   1.433,   2.079,9999.000,9999.000,9999.000,9999.000,9999.000,9999.000,9999.000
202606251400,   1.435,   2.069,   0.300,   0.334,   2.069,   0.300,   2.069,   0.300,   2.069
202606251406,   1.437,   2.059,9999.000,9999.000,9999.000,9999.000,9999.000,9999.000,9999.000
202606251412,   1.439,   2.099,9999.000,9999.000,9999.000,9999.000,9999.000,9999.000,9999.000
202606251418,   1.441,   2.079,9999.000,9999.000,9999.000,9999.000,9999.000,9999.000,9999.000
202606251424,   1.442,   2.099,9999.000,9999.000,9999.000,9999.000,9999.000,9999.000,9999.000
202606251430,   1.442,   2.000,9999.000,9999.000,9999.000,9999.000,9999.000,9999.000,9999.000
202606251436,   1.443,   2.099,9999.000,9999.000,9999.000,9999.000,9999.000,9999.000,9999.000
202606251442,   1.443,   2.089,9999.000,9999.000,9999.000,9999.000,9999.000,9999.000,9999.000
202606251448,   1.442,   2.030,9999.000,9999.000,9999.000,9999.000,9999.000,9999.000,9999.000
202606251454,   1.441,   2.118,9999.000,9999.000,9999.000,9999.000,9999.000,9999.000,9999.000
202606251500,   1.440,   2.089,   0.300,   0.349,   2.089,   0.300,   2.089,   0.300,   2.089
202606251506,   1.438,   2.109,9999.000,9999.000,9999.000,9999.000,9999.000,9999.000,9999.000
202606251512,   1.435,   2.109,9999.000,9999.000,9999.000,9999.000,9999.000,9999.000,9999.000
202606251518,   1.432,   2.069,9999.000,9999.000,9999.000,9999.000,9999.000,9999.000,9999.000
202606251524,   1.429,   2.059,9999.000,9999.000,9999.000,9999.000,9999.000,9999.000,9999.000
202606251530,   1.424,   2.010,9999.000,9999.000,9999.000,9999.000,9999.000,9999.000,9999.000
202606251536,   1.420,   2.089,9999.000,9999.000,9999.000,9999.000,9999.000,9999.000,9999.000
202606251542,   1.415,   1.879,9999.000,9999.000,9999.000,9999.000,9999.000,9999.000,9999.000
202606251548,   1.409,   2.030,9999.000,9999.000,9999.000,9999.000,9999.000,9999.000,9999.000
202606251554,   1.403,   2.000,9999.000,9999.000,9999.000,9999.000,9999.000,9999.000,9999.000
202606251600,   1.396,   1.967,   0.300,   0.271,   1.967,   0.300,   1.967,   0.300,   1.967
202606251606,   1.389,   1.981,9999.000,9999.000,9999.000,9999.000,9999.000,9999.000,9999.000
202606251612,   1.382,   1.990,9999.000,9999.000,9999.000,9999.000,9999.000,9999.000,9999.000
202606251618,   1.374,   1.981,9999.000,9999.000,9999.000,9999.000,9999.000,9999.000,9999.000
202606251624,   1.365,   2.030,9999.000,9999.000,9999.000,9999.000,9999.000,9999.000,9999.000
202606251630,   1.357,   1.748,9999.000,9999.000,9999.000,9999.000,9999.000,9999.000,9999.000
202606251636,   1.348,   1.990,9999.000,9999.000,9999.000,9999.000,9999.000,9999.000,9999.000
202606251642,   1.338,   1.938,9999.000,9999.000,9999.000,9999.000,9999.000,9999.000,9999.000
202606251648,   1.329,   1.928,9999.000,9999.000,9999.000,9999.000,9999.000,9999.000,9999.000
202606251654,   1.319,   1.958,9999.000,9999.000,9999.000,9999.000,9999.000,9999.000,9999.000
202606251700,   1.309,   1.908,   0.300,   0.299,   1.908,   0.300,   1.908,   0.300,   1.908
202606251706,   1.299,   1.899,9999.000,9999.000,9999.000,9999.000,9999.000,9999.000,9999.000
202606251712,   1.289,   1.859,9999.000,9999.000,9999.000,9999.000,9999.000,9999.000,9999.000
202606251718,   1.278,   1.859,9999.000,9999.000,9999.000,9999.000,9999.000,9999.000,9999.000
202606251724,   1.268,   1.849,9999.000,9999.000,9999.000,9999.000,9999.000,9999.000,9999.000
202606251730,   1.258,   1.869,9999.000,9999.000,9999.000,9999.000,9999.000,9999.000,9999.000
202606251736,   1.247,   1.830,9999.000,9999.000,9999.000,9999.000,9999.000,9999.000,9999.000
202606251742,   1.237,   1.781,9999.000,9999.000,9999.000,9999.000,9999.000,9999.000,9999.000
202606251748,   1.226,   1.790,9999.000,9999.000,9999.000,9999.000,9999.000,9999.000,9999.000
202606251754,   1.216,   1.748,9999.000,9999.000,9999.000,9999.000,9999.000,9999.000,9999.000
202606251800,   1.205,   1.748,   0.300,   0.243,   1.748,   0.300,   1.748,   0.300,   1.748
202606251806,   1.195,   1.767,9999.000,9999.000,9999.000,9999.000,9999.000,9999.000,9999.000
202606251812,   1.185,   1.738,9999.000,9999.000,9999.000,9999.000,9999.000,9999.000,9999.000
202606251818,   1.174,   1.767,9999.000,9999.000,9999.000,9999.000,9999.000,9999.000,9999.000
202606251824,   1.164,   1.767,9999.000,9999.000,9999.000,9999.000,9999.000,9999.000,9999.000
202606251830,   1.154,   1.738,9999.000,9999.000,9999.000,9999.000,9999.000,9999.000,9999.000
202606251836,   1.144,   1.610,9999.000,9999.000,9999.000,9999.000,9999.000,9999.000,9999.000
202606251842,   1.135,   1.738,9999.000,9999.000,9999.000,9999.000,9999.000,9999.000,9999.000
202606251848,   1.125,   1.649,9999.000,9999.000,9999.000,9999.000,9999.000,9999.000,9999.000
202606251854,   1.115,   1.738,9999.000,9999.000,9999.000,9999.000,9999.000,9999.000,9999.000
202606251900,   1.106,   1.699,   0.300,   0.293,   1.699,   0.300,   1.699,   0.300,   1.699
202606251906,   1.097,   1.699,9999.000,9999.000,9999.000,9999.000,9999.000,9999.000,9999.000
202606251912,   1.087,   1.728,9999.000,9999.000,9999.000,9999.000,9999.000,9999.000,9999.000
202606251918,   1.078,   1.699,9999.000,9999.000,9999.000,9999.000,9999.000,9999.000,9999.000
202606251924,   1.069,   1.639,9999.000,9999.000,9999.000,9999.000,9999.000,9999.000,9999.000
202606251930,   1.060,   1.620,9999.000,9999.000,9999.000,9999.000,9999.000,9999.000,9999.000
202606251936,   1.051,   1.669,9999.000,9999.000,9999.000,9999.000,9999.000,9999.000,9999.000
202606251942,   1.042,   1.649,9999.000,9999.000,9999.000,9999.000,9999.000,9999.000,9999.000
202606251948,   1.033,   1.630,9999.000,9999.000,9999.000,9999.000,9999.000,9999.000,9999.000
202606251954,   1.025,   1.610,9999.000,9999.000,9999.000,9999.000,9999.000,9999.000,9999.000
202606252000,   1.016,   1.557,   0.300,   0.241,   1.557,   0.300,   1.557,   0.300,   1.557
202606252006,   1.007,   1.528,9999.000,9999.000,9999.000,9999.000,9999.000,9999.000,9999.000
202606252012,   0.998,   1.538,9999.000,9999.000,9999.000,9999.000,9999.000,9999.000,9999.000
202606252018,   0.989,   1.557,9999.000,9999.000,9999.000,9999.000,9999.000,9999.000,9999.000
202606252024,   0.980,   1.528,9999.000,9999.000,9999.000,9999.000,9999.000,9999.000,9999.000
202606252030,   0.971,   1.479,9999.000,9999.000,9999.000,9999.000,9999.000,9999.000,9999.000
202606252036,   0.962,   1.479,9999.000,9999.000,9999.000,9999.000,9999.000,9999.000,9999.000
202606252042,   0.953,   1.469,9999.000,9999.000,9999.000,9999.000,9999.000,9999.000,9999.000
202606252048,   0.943,   1.459,9999.000,9999.000,9999.000,9999.000,9999.000,9999.000,9999.000
202606252054,   0.934,   1.449,9999.000,9999.000,9999.000,9999.000,9999.000,9999.000,9999.000
202606252100,   0.924,   1.430,   0.300,   0.206,   1.430,   0.300,   1.430,   0.300,   1.430
202606252106,   0.914,   1.410,9999.000,9999.000,9999.000,9999.000,9999.000,9999.000,9999.000
202606252112,   0.903,   1.420,9999.000,9999.000,9999.000,9999.000,9999.000,9999.000,9999.000
202606252118,   0.892,   1.371,9999.000,9999.000,9999.000,9999.000,9999.000,9999.000,9999.000
202606252124,   0.881,   1.390,9999.000,9999.000,9999.000,9999.000,9999.000,9999.000,9999.000
202606252130,   0.870,   1.420,9999.000,9999.000,9999.000,9999.000,9999.000,9999.000,9999.000
202606252136,   0.858,   1.420,9999.000,9999.000,9999.000,9999.000,9999.000,9999.000,9999.000
202606252142,   0.845,   1.348,9999.000,9999.000,9999.000,9999.000,9999.000,9999.000,9999.000
202606252148,   0.833,   1.371,9999.000,9999.000,9999.000,9999.000,9999.000,9999.000,9999.000
202606252154,   0.819,   1.338,9999.000,9999.000,9999.000,9999.000,9999.000,9999.000,9999.000
202606252200,   0.806,   1.308,   0.300,   0.202,   1.308,   0.300,   1.308,   0.300,   1.308
202606252206,   0.791,   1.298,9999.000,9999.000,9999.000,9999.000,9999.000,9999.000,9999.000
202606252212,   0.776,   1.318,9999.000,9999.000,9999.000,9999.000,9999.000,9999.000,9999.000
202606252218,   0.761,   1.249,9999.000,9999.000,9999.000,9999.000,9999.000,9999.000,9999.000
202606252224,   0.745,   1.298,9999.000,9999.000,9999.000,9999.000,9999.000,9999.000,9999.000
202606252230,   0.729,   1.308,9999.000,9999.000,9999.000,9999.000,9999.000,9999.000,9999.000
202606252236,   0.712,   1.308,9999.000,9999.000,9999.000,9999.000,9999.000,9999.000,9999.000
202606252242,   0.694,   1.220,9999.000,9999.000,9999.000,9999.000,9999.000,9999.000,9999.000
202606252248,   0.676,   1.279,9999.000,9999.000,9999.000,9999.000,9999.000,9999.000,9999.000
202606252254,   0.657,   1.200,9999.000,9999.000,9999.000,9999.000,9999.000,9999.000,9999.000
202606252300,   0.638,   1.249,   0.300,   0.311,   1.249,   0.300,   1.249,   0.300,   1.249
202606252306,   0.619,   1.249,9999.000,9999.000,9999.000,9999.000,9999.000,9999.000,9999.000
202606252312,   0.598,   1.229,9999.000,9999.000,9999.000,9999.000,9999.000,9999.000,9999.000
202606252318,   0.578,   1.138,9999.000,9999.000,9999.000,9999.000,9999.000,9999.000,9999.000
202606252324,   0.557,   1.190,9999.000,9999.000,9999.000,9999.000,9999.000,9999.000,9999.000
202606252330,   0.536,   1.108,9999.000,9999.000,9999.000,9999.000,9999.000,9999.000,9999.000
202606252336,   0.514,   1.138,9999.000,9999.000,9999.000,9999.000,9999.000,9999.000,9999.000
202606252342,   0.492,   1.108,9999.000,9999.000,9999.000,9999.000,9999.000,9999.000,9999.000
202606252348,   0.470,   1.098,9999.000,9999.000,9999.000,9999.000,9999.000,9999.000,9999.000
202606252354,   0.448,   1.010,9999.000,9999.000,9999.000,9999.000,9999.000,9999.000,9999.000
202606260000,   0.425,   1.039,   0.400,   0.214,   1.039,   0.400,   1.039,   0.400,   1.039
202606260006,   0.403,   1.010,9999.000,9999.000,9999.000,9999.000,9999.000,9999.000,9999.000
202606260012,   0.380,   0.941,9999.000,9999.000,9999.000,9999.000,9999.000,9999.000,9999.000
202606260018,   0.358,   0.980,9999.000,9999.000,9999.000,9999.000,9999.000,9999.000,9999.000
202606260024,   0.335,   0.961,9999.000,9999.000,9999.000,9999.000,9999.000,9999.000,9999.000
202606260030,   0.313,   0.941,9999.000,9999.000,9999.000,9999.000,9999.000,9999.000,9999.000
202606260036,   0.291,   0.951,9999.000,9999.000,9999.000,9999.000,9999.000,9999.000,9999.000
202606260042,   0.269,   0.961,9999.000,9999.000,9999.000,9999.000,9999.000,9999.000,9999.000
202606260048,   0.247,   0.941,9999.000,9999.000,9999.000,9999.000,9999.000,9999.000,9999.000
202606260054,   0.225,   0.941,9999.000,9999.000,9999.000,9999.000,9999.000,9999.000,9999.000
202606260100,   0.204,   0.898,   0.400,   0.294,   0.898,   0.400,   0.898,   0.400,   0.898
202606260106,   0.183,   0.918,9999.000,9999.000,9999.000,9999.000,9999.000,9999.000,9999.000
202606260112,   0.163,   0.918,9999.000,9999.000,9999.000,9999.000,9999.000,9999.000,9999.000
202606260118,   0.142,   0.859,9999.000,9999.000,9999.000,9999.000,9999.000,9999.000,9999.000
202606260124,   0.123,   0.859,9999.000,9999.000,9999.000,9999.000,9999.000,9999.000,9999.000
202606260130,   0.104,   0.888,9999.000,9999.000,9999.000,9999.000,9999.000,9999.000,9999.000
202606260136,   0.085,   0.859,9999.000,9999.000,9999.000,9999.000,9999.000,9999.000,9999.000
202606260142,   0.066,   0.849,9999.000,9999.000,9999.000,9999.000,9999.000,9999.000,9999.000
202606260148,   0.049,   0.770,9999.000,9999.000,9999.000,9999.000,9999.000,9999.000,9999.000
202606260154,   0.031,   0.810,9999.000,9999.000,9999.000,9999.000,9999.000,9999.000,9999.000
202606260200,   0.015,   0.790,   0.400,   0.375,   0.790,   0.400,   0.790,   0.400,   0.790
202606260206,  -0.001,   0.800,9999.000,9999.000,9999.000,9999.000,9999.000,9999.000,9999.000
202606260212,  -0.016,   0.760,9999.000,9999.000,9999.000,9999.000,9999.000,9999.000,9999.000
202606260218,  -0.032,   0.629,9999.000,9999.000,9999.000,9999.000,9999.000,9999.000,9999.000
202606260224,  -0.046,   0.741,9999.000,9999.000,9999.000,9999.000,9999.000,9999.000,9999.000
202606260230,  -0.060,   0.741,9999.000,9999.000,9999.000,9999.000,9999.000,9999.000,9999.000
202606260236,  -0.074,   0.741,9999.000,9999.000,9999.000,9999.000,9999.000,9999.000,9999.000
202606260242,  -0.087,   0.688,9999.000,9999.000,9999.000,9999.000,9999.000,9999.000,9999.000
202606260248,  -0.099,   0.698,9999.000,9999.000,9999.000,9999.000,9999.000,9999.000,9999.000
202606260254,  -0.111,   0.678,9999.000,9999.000,9999.000,9999.000,9999.000,9999.000,9999.000
202606260300,  -0.123,   0.669,   0.400,   0.392,   0.669,   0.400,   0.669,   0.400,   0.669
202606260306,  -0.133,   0.678,9999.000,9999.000,9999.000,9999.000,9999.000,9999.000,9999.000
202606260312,  -0.144,   0.629,9999.000,9999.000,9999.000,9999.000,9999.000,9999.000,9999.000
202606260318,  -0.153,   0.590,9999.000,9999.000,9999.000,9999.000,9999.000,9999.000,9999.000
202606260324,  -0.162,   0.478,9999.000,9999.000,9999.000,9999.000,9999.000,9999.000,9999.000
202606260330,  -0.171,   0.560,9999.000,9999.000,9999.000,9999.000,9999.000,9999.000,9999.000
202606260336,  -0.178,   0.570,9999.000,9999.000,9999.000,9999.000,9999.000,9999.000,9999.000
202606260342,  -0.186,   0.590,9999.000,9999.000,9999.000,9999.000,9999.000,9999.000,9999.000
202606260348,  -0.192,   0.580,9999.000,9999.000,9999.000,9999.000,9999.000,9999.000,9999.000
202606260354,  -0.198,   0.570,9999.000,9999.000,9999.000,9999.000,9999.000,9999.000,9999.000
202606260400,  -0.203,   0.531,   0.400,   0.334,   0.531,   0.400,   0.531,   0.400,   0.531
202606260406,  -0.208,   0.518,9999.000,9999.000,9999.000,9999.000,9999.000,9999.000,9999.000
202606260412,  -0.211,   0.498,9999.000,9999.000,9999.000,9999.000,9999.000,9999.000,9999.000
202606260418,  -0.214,   0.488,9999.000,9999.000,9999.000,9999.000,9999.000,9999.000,9999.000
202606260424,  -0.216,   0.459,9999.000,9999.000,9999.000,9999.000,9999.000,9999.000,9999.000
202606260430,  -0.218,   0.508,9999.000,9999.000,9999.000,9999.000,9999.000,9999.000,9999.000
202606260436,  -0.218,   0.439,9999.000,9999.000,9999.000,9999.000,9999.000,9999.000,9999.000
202606260442,  -0.218,   0.449,9999.000,9999.000,9999.000,9999.000,9999.000,9999.000,9999.000
202606260448,  -0.216,   0.498,9999.000,9999.000,9999.000,9999.000,9999.000,9999.000,9999.000
202606260454,  -0.214,   0.488,9999.000,9999.000,9999.000,9999.000,9999.000,9999.000,9999.000
202606260500,  -0.211,   0.508,   0.400,   0.319,   0.508,   0.400,   0.508,   0.400,   0.508
202606260506,  -0.207,   0.498,9999.000,9999.000,9999.000,9999.000,9999.000,9999.000,9999.000
202606260512,  -0.202,   0.508,9999.000,9999.000,9999.000,9999.000,9999.000,9999.000,9999.000
202606260518,  -0.196,   0.518,9999.000,9999.000,9999.000,9999.000,9999.000,9999.000,9999.000
202606260524,  -0.189,   0.498,9999.000,9999.000,9999.000,9999.000,9999.000,9999.000,9999.000
202606260530,  -0.181,   0.518,9999.000,9999.000,9999.000,9999.000,9999.000,9999.000,9999.000
202606260536,  -0.171,   0.518,9999.000,9999.000,9999.000,9999.000,9999.000,9999.000,9999.000
202606260542,  -0.161,   0.419,9999.000,9999.000,9999.000,9999.000,9999.000,9999.000,9999.000
202606260548,  -0.150,   0.498,9999.000,9999.000,9999.000,9999.000,9999.000,9999.000,9999.000
202606260554,  -0.137,   0.551,9999.000,9999.000,9999.000,9999.000,9999.000,9999.000,9999.000
202606260600,  -0.124,   0.508,   0.400,   0.232,   0.508,   0.400,   0.508,   0.400,   0.508
202606260606,  -0.109,   0.488,9999.000,9999.000,9999.000,9999.000,9999.000,9999.000,9999.000
202606260612,  -0.094,   0.541,9999.000,9999.000,9999.000,9999.000,9999.000,9999.000,9999.000
202606260618,  -0.077,   0.560,9999.000,9999.000,9999.000,9999.000,9999.000,9999.000,9999.000
202606260624,  -0.060,   0.570,9999.000,9999.000,9999.000,9999.000,9999.000,9999.000,9999.000
202606260630,  -0.041,   0.639,9999.000,9999.000,9999.000,9999.000,9999.000,9999.000,9999.000
202606260636,  -0.021,   0.669,9999.000,9999.000,9999.000,9999.000,9999.000,9999.000,9999.000
202606260642,   0.000,   0.331,9999.000,9999.000,9999.000,9999.000,9999.000,9999.000,9999.000
202606260648,   0.020,   0.629,9999.000,9999.000,9999.000,9999.000,9999.000,9999.000,9999.000
202606260654,   0.043,   0.708,9999.000,9999.000,9999.000,9999.000,9999.000,9999.000,9999.000
202606260700,   0.067,   0.760,   0.400,   0.293,   0.760,   0.400,   0.760,   0.400,   0.760
202606260706,   0.091,   0.780,9999.000,9999.000,9999.000,9999.000,9999.000,9999.000,9999.000
202606260712,   0.117,   0.800,9999.000,9999.000,9999.000,9999.000,9999.000,9999.000,9999.000
202606260718,   0.143,   0.790,9999.000,9999.000,9999.000,9999.000,9999.000,9999.000,9999.000
202606260724,   0.170,   0.780,9999.000,9999.000,9999.000,9999.000,9999.000,9999.000,9999.000
202606260730,   0.197,   0.859,9999.000,9999.000,9999.000,9999.000,9999.000,9999.000,9999.000
202606260736,   0.226,   0.908,9999.000,9999.000,9999.000,9999.000,9999.000,9999.000,9999.000
202606260742,   0.255,   0.951,9999.000,9999.000,9999.000,9999.000,9999.000,9999.000,9999.000
202606260748,   0.284,   0.941,9999.000,9999.000,9999.000,9999.000,9999.000,9999.000,9999.000
202606260754,   0.315,   0.970,9999.000,9999.000,9999.000,9999.000,9999.000,9999.000,9999.000
202606260800,   0.345,   0.951,   0.400,   0.206,   0.951,   0.400,   0.951,   0.400,   0.951
202606260806,   0.376,   1.079,9999.000,9999.000,9999.000,9999.000,9999.000,9999.000,9999.000
202606260812,   0.408,   1.049,9999.000,9999.000,9999.000,9999.000,9999.000,9999.000,9999.000
202606260818,   0.439,   1.069,9999.000,9999.000,9999.000,9999.000,9999.000,9999.000,9999.000
202606260824,   0.471,   0.951,9999.000,9999.000,9999.000,9999.000,9999.000,9999.000,9999.000
202606260830,   0.504,   1.118,9999.000,9999.000,9999.000,9999.000,9999.000,9999.000,9999.000
202606260836,   0.536,   1.210,9999.000,9999.000,9999.000,9999.000,9999.000,9999.000,9999.000
202606260842,   0.568,   1.210,9999.000,9999.000,9999.000,9999.000,9999.000,9999.000,9999.000
202606260848,   0.601,   1.200,9999.000,9999.000,9999.000,9999.000,9999.000,9999.000,9999.000
202606260854,   0.633,   1.298,9999.000,9999.000,9999.000,9999.000,9999.000,9999.000,9999.000
202606260900,   0.665,   1.348,   0.400,   0.283,   1.348,   0.400,   1.348,   0.500,   1.448
202606260906,   0.697,   1.308,9999.000,9999.000,9999.000,9999.000,9999.000,9999.000,9999.000
202606260912,   0.729,   1.400,9999.000,9999.000,9999.000,9999.000,9999.000,9999.000,9999.000
202606260918,   0.760,   1.449,9999.000,9999.000,9999.000,9999.000,9999.000,9999.000,9999.000
202606260924,   0.791,   1.439,9999.000,9999.000,9999.000,9999.000,9999.000,9999.000,9999.000
202606260930,   0.821,   1.498,9999.000,9999.000,9999.000,9999.000,9999.000,9999.000,9999.000
202606260936,   0.851,   1.528,9999.000,9999.000,9999.000,9999.000,9999.000,9999.000,9999.000
202606260942,   0.881,   1.538,9999.000,9999.000,9999.000,9999.000,9999.000,9999.000,9999.000
202606260948,   0.910,   1.571,9999.000,9999.000,9999.000,9999.000,9999.000,9999.000,9999.000
202606260954,   0.938,   1.610,9999.000,9999.000,9999.000,9999.000,9999.000,9999.000,9999.000
202606261000,   0.965,   1.649,   0.400,   0.284,   1.649,   0.400,   1.649,   0.500,   1.749
202606261006,   0.992,   1.659,9999.000,9999.000,9999.000,9999.000,9999.000,9999.000,9999.000
202606261012,   1.018,   1.679,9999.000,9999.000,9999.000,9999.000,9999.000,9999.000,9999.000
202606261018,   1.043,   1.708,9999.000,9999.000,9999.000,9999.000,9999.000,9999.000,9999.000
202606261024,   1.068,   1.708,9999.000,9999.000,9999.000,9999.000,9999.000,9999.000,9999.000
202606261030,   1.091,   1.790,9999.000,9999.000,9999.000,9999.000,9999.000,9999.000,9999.000
202606261036,   1.114,   1.718,9999.000,9999.000,9999.000,9999.000,9999.000,9999.000,9999.000
202606261042,   1.136,   1.800,9999.000,9999.000,9999.000,9999.000,9999.000,9999.000,9999.000
202606261048,   1.157,   1.781,9999.000,9999.000,9999.000,9999.000,9999.000,9999.000,9999.000
202606261054,   1.177,   1.830,9999.000,9999.000,9999.000,9999.000,9999.000,9999.000,9999.000
202606261100,   1.196,   1.849,   0.400,   0.253,   1.849,   0.400,   1.849,   0.500,   1.949
202606261106,   1.214,   1.889,9999.000,9999.000,9999.000,9999.000,9999.000,9999.000,9999.000
202606261112,   1.232,   1.889,9999.000,9999.000,9999.000,9999.000,9999.000,9999.000,9999.000
202606261118,   1.249,   1.948,9999.000,9999.000,9999.000,9999.000,9999.000,9999.000,9999.000
202606261124,   1.264,   1.948,9999.000,9999.000,9999.000,9999.000,9999.000,9999.000,9999.000
202606261130,   1.279,   1.967,9999.000,9999.000,9999.000,9999.000,9999.000,9999.000,9999.000
202606261136,   1.294,   2.010,9999.000,9999.000,9999.000,9999.000,9999.000,9999.000,9999.000
202606261142,   1.307,   2.030,9999.000,9999.000,9999.000,9999.000,9999.000,9999.000,9999.000
202606261148,   1.320,   2.040,9999.000,9999.000,9999.000,9999.000,9999.000,9999.000,9999.000
202606261154,   1.332,   2.020,9999.000,9999.000,9999.000,9999.000,9999.000,9999.000,9999.000
202606261200,   1.343,   1.908,   0.400,   0.165,   1.908,   0.400,   1.908,   0.500,   2.008
202606261206,   1.354,9999.000,9999.000,9999.000,9999.000,9999.000,9999.000,9999.000,9999.000
202606261212,   1.364,9999.000,9999.000,9999.000,9999.000,9999.000,9999.000,9999.000,9999.000
202606261218,   1.374,9999.000,9999.000,9999.000,9999.000,9999.000,9999.000,9999.000,9999.000
202606261224,   1.383,9999.000,9999.000,9999.000,9999.000,9999.000,9999.000,9999.000,9999.000
202606261230,   1.391,9999.000,9999.000,9999.000,9999.000,9999.000,9999.000,9999.000,9999.000
202606261236,   1.399,9999.000,9999.000,9999.000,9999.000,9999.000,9999.000,9999.000,9999.000
202606261242,   1.407,9999.000,9999.000,9999.000,9999.000,9999.000,9999.000,9999.000,9999.000
202606261248,   1.414,9999.000,9999.000,9999.000,9999.000,9999.000,9999.000,9999.000,9999.000
202606261254,   1.421,9999.000,9999.000,9999.000,9999.000,9999.000,9999.000,9999.000,9999.000
202606261300,   1.428,9999.000,   0.500,   0.180,   2.108,   0.400,   2.008,   0.500,   2.108
202606261306,   1.434,9999.000,9999.000,9999.000,9999.000,9999.000,9999.000,9999.000,9999.000
202606261312,   1.440,9999.000,9999.000,9999.000,9999.000,9999.000,9999.000,9999.000,9999.000
202606261318,   1.445,9999.000,9999.000,9999.000,9999.000,9999.000,9999.000,9999.000,9999.000
202606261324,   1.451,9999.000,9999.000,9999.000,9999.000,9999.000,9999.000,9999.000,9999.000
202606261330,   1.456,9999.000,9999.000,9999.000,9999.000,9999.000,9999.000,9999.000,9999.000
202606261336,   1.460,9999.000,9999.000,9999.000,9999.000,9999.000,9999.000,9999.000,9999.000
202606261342,   1.465,9999.000,9999.000,9999.000,9999.000,9999.000,9999.000,9999.000,9999.000
202606261348,   1.469,9999.000,9999.000,9999.000,9999.000,9999.000,9999.000,9999.000,9999.000
202606261354,   1.473,9999.000,9999.000,9999.000,9999.000,9999.000,9999.000,9999.000,9999.000
202606261400,   1.477,9999.000,   0.500,   0.195,   2.172,   0.500,   2.172,   0.500,   2.172
202606261406,   1.480,9999.000,9999.000,9999.000,9999.000,9999.000,9999.000,9999.000,9999.000
202606261412,   1.484,9999.000,9999.000,9999.000,9999.000,9999.000,9999.000,9999.000,9999.000
202606261418,   1.486,9999.000,9999.000,9999.000,9999.000,9999.000,9999.000,9999.000,9999.000
202606261424,   1.489,9999.000,9999.000,9999.000,9999.000,9999.000,9999.000,9999.000,9999.000
202606261430,   1.491,9999.000,9999.000,9999.000,9999.000,9999.000,9999.000,9999.000,9999.000
202606261436,   1.493,9999.000,9999.000,9999.000,9999.000,9999.000,9999.000,9999.000,9999.000
202606261442,   1.495,9999.000,9999.000,9999.000,9999.000,9999.000,9999.000,9999.000,9999.000
202606261448,   1.496,9999.000,9999.000,9999.000,9999.000,9999.000,9999.000,9999.000,9999.000
202606261454,   1.497,9999.000,9999.000,9999.000,9999.000,9999.000,9999.000,9999.000,9999.000
202606261500,   1.498,9999.000,   0.500,   0.210,   2.208,   0.500,   2.208,   0.500,   2.208
202606261506,   1.498,9999.000,9999.000,9999.000,9999.000,9999.000,9999.000,9999.000,9999.000
202606261512,   1.498,9999.000,9999.000,9999.000,9999.000,9999.000,9999.000,9999.000,9999.000
202606261518,   1.497,9999.000,9999.000,9999.000,9999.000,9999.000,9999.000,9999.000,9999.000
202606261524,   1.496,9999.000,9999.000,9999.000,9999.000,9999.000,9999.000,9999.000,9999.000
202606261530,   1.494,9999.000,9999.000,9999.000,9999.000,9999.000,9999.000,9999.000,9999.000
202606261536,   1.492,9999.000,9999.000,9999.000,9999.000,9999.000,9999.000,9999.000,9999.000
202606261542,   1.490,9999.000,9999.000,9999.000,9999.000,9999.000,9999.000,9999.000,9999.000
202606261548,   1.487,9999.000,9999.000,9999.000,9999.000,9999.000,9999.000,9999.000,9999.000
202606261554,   1.484,9999.000,9999.000,9999.000,9999.000,9999.000,9999.000,9999.000,9999.000
202606261600,   1.480,9999.000,   0.500,   0.225,   2.205,   0.500,   2.205,   0.500,   2.205
202606261606,   1.475,9999.000,9999.000,9999.000,9999.000,9999.000,9999.000,9999.000,9999.000
202606261612,   1.471,9999.000,9999.000,9999.000,9999.000,9999.000,9999.000,9999.000,9999.000
202606261618,   1.465,9999.000,9999.000,9999.000,9999.000,9999.000,9999.000,9999.000,9999.000
202606261624,   1.459,9999.000,9999.000,9999.000,9999.000,9999.000,9999.000,9999.000,9999.000
202606261630,   1.453,9999.000,9999.000,9999.000,9999.000,9999.000,9999.000,9999.000,9999.000
202606261636,   1.446,9999.000,9999.000,9999.000,9999.000,9999.000,9999.000,9999.000,9999.000
202606261642,   1.439,9999.000,9999.000,9999.000,9999.000,9999.000,9999.000,9999.000,9999.000
202606261648,   1.431,9999.000,9999.000,9999.000,9999.000,9999.000,9999.000,9999.000,9999.000
202606261654,   1.423,9999.000,9999.000,9999.000,9999.000,9999.000,9999.000,9999.000,9999.000
202606261700,   1.415,9999.000,   0.500,   0.240,   2.155,   0.500,   2.155,   0.500,   2.155
202606261706,   1.406,9999.000,9999.000,9999.000,9999.000,9999.000,9999.000,9999.000,9999.000
202606261712,   1.396,9999.000,9999.000,9999.000,9999.000,9999.000,9999.000,9999.000,9999.000
202606261718,   1.387,9999.000,9999.000,9999.000,9999.000,9999.000,9999.000,9999.000,9999.000
202606261724,   1.377,9999.000,9999.000,9999.000,9999.000,9999.000,9999.000,9999.000,9999.000
202606261730,   1.366,9999.000,9999.000,9999.000,9999.000,9999.000,9999.000,9999.000,9999.000
202606261736,   1.356,9999.000,9999.000,9999.000,9999.000,9999.000,9999.000,9999.000,9999.000
202606261742,   1.345,9999.000,9999.000,9999.000,9999.000,9999.000,9999.000,9999.000,9999.000
202606261748,   1.333,9999.000,9999.000,9999.000,9999.000,9999.000,9999.000,9999.000,9999.000
202606261754,   1.322,9999.000,9999.000,9999.000,9999.000,9999.000,9999.000,9999.000,9999.000
202606261800,   1.310,9999.000,   0.500,   0.255,   2.065,   0.500,   2.065,   0.500,   2.065
202606261806,   1.299,9999.000,9999.000,9999.000,9999.000,9999.000,9999.000,9999.000,9999.000
202606261812,   1.287,9999.000,9999.000,9999.000,9999.000,9999.000,9999.000,9999.000,9999.000
202606261818,   1.275,9999.000,9999.000,9999.000,9999.000,9999.000,9999.000,9999.000,9999.000
202606261824,   1.263,9999.000,9999.000,9999.000,9999.000,9999.000,9999.000,9999.000,9999.000
202606261830,   1.251,9999.000,9999.000,9999.000,9999.000,9999.000,9999.000,9999.000,9999.000
202606261836,   1.239,9999.000,9999.000,9999.000,9999.000,9999.000,9999.000,9999.000,9999.000
202606261842,   1.226,9999.000,9999.000,9999.000,9999.000,9999.000,9999.000,9999.000,9999.000
202606261848,   1.214,9999.000,9999.000,9999.000,9999.000,9999.000,9999.000,9999.000,9999.000
202606261854,   1.202,9999.000,9999.000,9999.000,9999.000,9999.000,9999.000,9999.000,9999.000
202606261900,   1.190,9999.000,   0.500,   0.270,   1.960,   0.500,   1.960,   0.600,   2.060
202606261906,   1.179,9999.000,9999.000,9999.000,9999.000,9999.000,9999.000,9999.000,9999.000
202606261912,   1.167,9999.000,9999.000,9999.000,9999.000,9999.000,9999.000,9999.000,9999.000
202606261918,   1.155,9999.000,9999.000,9999.000,9999.000,9999.000,9999.000,9999.000,9999.000
202606261924,   1.144,9999.000,9999.000,9999.000,9999.000,9999.000,9999.000,9999.000,9999.000
202606261930,   1.133,9999.000,9999.000,9999.000,9999.000,9999.000,9999.000,9999.000,9999.000
202606261936,   1.122,9999.000,9999.000,9999.000,9999.000,9999.000,9999.000,9999.000,9999.000
202606261942,   1.111,9999.000,9999.000,9999.000,9999.000,9999.000,9999.000,9999.000,9999.000
202606261948,   1.100,9999.000,9999.000,9999.000,9999.000,9999.000,9999.000,9999.000,9999.000
202606261954,   1.089,9999.000,9999.000,9999.000,9999.000,9999.000,9999.000,9999.000,9999.000
202606262000,   1.079,9999.000,   0.500,   0.285,   1.864,   0.500,   1.864,   0.600,   1.964
202606262006,   1.068,9999.000,9999.000,9999.000,9999.000,9999.000,9999.000,9999.000,9999.000
202606262012,   1.058,9999.000,9999.000,9999.000,9999.000,9999.000,9999.000,9999.000,9999.000
202606262018,   1.048,9999.000,9999.000,9999.000,9999.000,9999.000,9999.000,9999.000,9999.000
202606262024,   1.038,9999.000,9999.000,9999.000,9999.000,9999.000,9999.000,9999.000,9999.000
202606262030,   1.028,9999.000,9999.000,9999.000,9999.000,9999.000,9999.000,9999.000,9999.000
202606262036,   1.018,9999.000,9999.000,9999.000,9999.000,9999.000,9999.000,9999.000,9999.000
202606262042,   1.008,9999.000,9999.000,9999.000,9999.000,9999.000,9999.000,9999.000,9999.000
202606262048,   0.998,9999.000,9999.000,9999.000,9999.000,9999.000,9999.000,9999.000,9999.000
202606262054,   0.988,9999.000,9999.000,9999.000,9999.000,9999.000,9999.000,9999.000,9999.000
202606262100,   0.978,9999.000,   0.500,   0.299,   1.777,   0.500,   1.777,   0.600,   1.877
202606262106,   0.968,9999.000,9999.000,9999.000,9999.000,9999.000,9999.000,9999.000,9999.000
202606262112,   0.957,9999.000,9999.000,9999.000,9999.000,9999.000,9999.000,9999.000,9999.000
202606262118,   0.947,9999.000,9999.000,9999.000,9999.000,9999.000,9999.000,9999.000,9999.000
202606262124,   0.936,9999.000,9999.000,9999.000,9999.000,9999.000,9999.000,9999.000,9999.000
202606262130,   0.925,9999.000,9999.000,9999.000,9999.000,9999.000,9999.000,9999.000,9999.000
202606262136,   0.914,9999.000,9999.000,9999.000,9999.000,9999.000,9999.000,9999.000,9999.000
202606262142,   0.903,9999.000,9999.000,9999.000,9999.000,9999.000,9999.000,9999.000,9999.000
202606262148,   0.891,9999.000,9999.000,9999.000,9999.000,9999.000,9999.000,9999.000,9999.000
202606262154,   0.879,9999.000,9999.000,9999.000,9999.000,9999.000,9999.000,9999.000,9999.000
202606262200,   0.866,9999.000,   0.500,   0.314,   1.680,   0.500,   1.680,   0.600,   1.780
202606262206,   0.853,9999.000,9999.000,9999.000,9999.000,9999.000,9999.000,9999.000,9999.000
202606262212,   0.840,9999.000,9999.000,9999.000,9999.000,9999.000,9999.000,9999.000,9999.000
202606262218,   0.826,9999.000,9999.000,9999.000,9999.000,9999.000,9999.000,9999.000,9999.000
202606262224,   0.812,9999.000,9999.000,9999.000,9999.000,9999.000,9999.000,9999.000,9999.000
202606262230,   0.797,9999.000,9999.000,9999.000,9999.000,9999.000,9999.000,9999.000,9999.000
202606262236,   0.782,9999.000,9999.000,9999.000,9999.000,9999.000,9999.000,9999.000,9999.000
202606262242,   0.766,9999.000,9999.000,9999.000,9999.000,9999.000,9999.000,9999.000,9999.000
202606262248,   0.750,9999.000,9999.000,9999.000,9999.000,9999.000,9999.000,9999.000,9999.000
202606262254,   0.733,9999.000,9999.000,9999.000,9999.000,9999.000,9999.000,9999.000,9999.000
202606262300,   0.716,9999.000,   0.500,   0.329,   1.545,   0.500,   1.545,   0.600,   1.645
202606262306,   0.699,9999.000,9999.000,9999.000,9999.000,9999.000,9999.000,9999.000,9999.000
202606262312,   0.681,9999.000,9999.000,9999.000,9999.000,9999.000,9999.000,9999.000,9999.000
202606262318,   0.663,9999.000,9999.000,9999.000,9999.000,9999.000,9999.000,9999.000,9999.000
202606262324,   0.644,9999.000,9999.000,9999.000,9999.000,9999.000,9999.000,9999.000,9999.000
202606262330,   0.625,9999.000,9999.000,9999.000,9999.000,9999.000,9999.000,9999.000,9999.000
202606262336,   0.606,9999.000,9999.000,9999.000,9999.000,9999.000,9999.000,9999.000,9999.000
202606262342,   0.586,9999.000,9999.000,9999.000,9999.000,9999.000,9999.000,9999.000,9999.000
202606262348,   0.566,9999.000,9999.000,9999.000,9999.000,9999.000,9999.000,9999.000,9999.000
202606262354,   0.546,9999.000,9999.000,9999.000,9999.000,9999.000,9999.000,9999.000,9999.000
202606270000,   0.525,9999.000,   0.500,   0.344,   1.369,   0.500,   1.369,   0.600,   1.469
202606270006,   0.504,9999.000,9999.000,9999.000,9999.000,9999.000,9999.000,9999.000,9999.000
202606270012,   0.483,9999.000,9999.000,9999.000,9999.000,9999.000,9999.000,9999.000,9999.000
202606270018,   0.462,9999.000,9999.000,9999.000,9999.000,9999.000,9999.000,9999.000,9999.000
202606270024,   0.441,9999.000,9999.000,9999.000,9999.000,9999.000,9999.000,9999.000,9999.000
202606270030,   0.419,9999.000,9999.000,9999.000,9999.000,9999.000,9999.000,9999.000,9999.000
202606270036,   0.398,9999.000,9999.000,9999.000,9999.000,9999.000,9999.000,9999.000,9999.000
202606270042,   0.376,9999.000,9999.000,9999.000,9999.000,9999.000,9999.000,9999.000,9999.000
202606270048,   0.355,9999.000,9999.000,9999.000,9999.000,9999.000,9999.000,9999.000,9999.000
202606270054,   0.333,9999.000,9999.000,9999.000,9999.000,9999.000,9999.000,9999.000,9999.000
202606270100,   0.312,9999.000,   0.500,   0.344,   1.156,   0.500,   1.156,   0.600,   1.256
202606270106,   0.290,9999.000,9999.000,9999.000,9999.000,9999.000,9999.000,9999.000,9999.000
202606270112,   0.269,9999.000,9999.000,9999.000,9999.000,9999.000,9999.000,9999.000,9999.000
202606270118,   0.248,9999.000,9999.000,9999.000,9999.000,9999.000,9999.000,9999.000,9999.000
202606270124,   0.226,9999.000,9999.000,9999.000,9999.000,9999.000,9999.000,9999.000,9999.000
202606270130,   0.206,9999.000,9999.000,9999.000,9999.000,9999.000,9999.000,9999.000,9999.000
202606270136,   0.185,9999.000,9999.000,9999.000,9999.000,9999.000,9999.000,9999.000,9999.000
202606270142,   0.164,9999.000,9999.000,9999.000,9999.000,9999.000,9999.000,9999.000,9999.000
202606270148,   0.144,9999.000,9999.000,9999.000,9999.000,9999.000,9999.000,9999.000,9999.000
202606270154,   0.124,9999.000,9999.000,9999.000,9999.000,9999.000,9999.000,9999.000,9999.000
202606270200,   0.104,9999.000,   0.500,   0.344,   0.948,   0.500,   0.948,   0.600,   1.048
202606270206,   0.085,9999.000,9999.000,9999.000,9999.000,9999.000,9999.000,9999.000,9999.000
202606270212,   0.066,9999.000,9999.000,9999.000,9999.000,9999.000,9999.000,9999.000,9999.000
202606270218,   0.047,9999.000,9999.000,9999.000,9999.000,9999.000,9999.000,9999.000,9999.000
202606270224,   0.029,9999.000,9999.000,9999.000,9999.000,9999.000,9999.000,9999.000,9999.000
202606270230,   0.011,9999.000,9999.000,9999.000,9999.000,9999.000,9999.000,9999.000,9999.000
202606270236,  -0.006,9999.000,9999.000,9999.000,9999.000,9999.000,9999.000,9999.000,9999.000
202606270242,  -0.023,9999.000,9999.000,9999.000,9999.000,9999.000,9999.000,9999.000,9999.000
202606270248,  -0.040,9999.000,9999.000,9999.000,9999.000,9999.000,9999.000,9999.000,9999.000
202606270254,  -0.056,9999.000,9999.000,9999.000,9999.000,9999.000,9999.000,9999.000,9999.000
202606270300,  -0.071,9999.000,   0.500,   0.344,   0.773,   0.500,   0.773,   0.600,   0.873
202606270306,  -0.086,9999.000,9999.000,9999.000,9999.000,9999.000,9999.000,9999.000,9999.000
202606270312,  -0.101,9999.000,9999.000,9999.000,9999.000,9999.000,9999.000,9999.000,9999.000
202606270318,  -0.115,9999.000,9999.000,9999.000,9999.000,9999.000,9999.000,9999.000,9999.000
202606270324,  -0.128,9999.000,9999.000,9999.000,9999.000,9999.000,9999.000,9999.000,9999.000
202606270330,  -0.141,9999.000,9999.000,9999.000,9999.000,9999.000,9999.000,9999.000,9999.000
202606270336,  -0.153,9999.000,9999.000,9999.000,9999.000,9999.000,9999.000,9999.000,9999.000
202606270342,  -0.165,9999.000,9999.000,9999.000,9999.000,9999.000,9999.000,9999.000,9999.000
202606270348,  -0.175,9999.000,9999.000,9999.000,9999.000,9999.000,9999.000,9999.000,9999.000
202606270354,  -0.186,9999.000,9999.000,9999.000,9999.000,9999.000,9999.000,9999.000,9999.000
202606270400,  -0.195,9999.000,   0.500,   0.344,   0.649,   0.500,   0.649,   0.600,   0.749
202606270406,  -0.204,9999.000,9999.000,9999.000,9999.000,9999.000,9999.000,9999.000,9999.000
202606270412,  -0.212,9999.000,9999.000,9999.000,9999.000,9999.000,9999.000,9999.000,9999.000
202606270418,  -0.219,9999.000,9999.000,9999.000,9999.000,9999.000,9999.000,9999.000,9999.000
202606270424,  -0.226,9999.000,9999.000,9999.000,9999.000,9999.000,9999.000,9999.000,9999.000
202606270430,  -0.232,9999.000,9999.000,9999.000,9999.000,9999.000,9999.000,9999.000,9999.000
202606270436,  -0.237,9999.000,9999.000,9999.000,9999.000,9999.000,9999.000,9999.000,9999.000
202606270442,  -0.241,9999.000,9999.000,9999.000,9999.000,9999.000,9999.000,9999.000,9999.000
202606270448,  -0.244,9999.000,9999.000,9999.000,9999.000,9999.000,9999.000,9999.000,9999.000
202606270454,  -0.247,9999.000,9999.000,9999.000,9999.000,9999.000,9999.000,9999.000,9999.000
202606270500,  -0.248,9999.000,   0.500,   0.344,   0.596,   0.500,   0.596,   0.600,   0.696
202606270506,  -0.249,9999.000,9999.000,9999.000,9999.000,9999.000,9999.000,9999.000,9999.000
202606270512,  -0.249,9999.000,9999.000,9999.000,9999.000,9999.000,9999.000,9999.000,9999.000
202606270518,  -0.248,9999.000,9999.000,9999.000,9999.000,9999.000,9999.000,9999.000,9999.000
202606270524,  -0.247,9999.000,9999.000,9999.000,9999.000,9999.000,9999.000,9999.000,9999.000
202606270530,  -0.244,9999.000,9999.000,9999.000,9999.000,9999.000,9999.000,9999.000,9999.000
202606270536,  -0.240,9999.000,9999.000,9999.000,9999.000,9999.000,9999.000,9999.000,9999.000
202606270542,  -0.236,9999.000,9999.000,9999.000,9999.000,9999.000,9999.000,9999.000,9999.000
202606270548,  -0.230,9999.000,9999.000,9999.000,9999.000,9999.000,9999.000,9999.000,9999.000
202606270554,  -0.224,9999.000,9999.000,9999.000,9999.000,9999.000,9999.000,9999.000,9999.000
202606270600,  -0.216,9999.000,   0.500,   0.344,   0.628,   0.500,   0.628,   0.600,   0.728
202606270606,  -0.207,9999.000,9999.000,9999.000,9999.000,9999.000,9999.000,9999.000,9999.000
202606270612,  -0.198,9999.000,9999.000,9999.000,9999.000,9999.000,9999.000,9999.000,9999.000
202606270618,  -0.187,9999.000,9999.000,9999.000,9999.000,9999.000,9999.000,9999.000,9999.000
202606270624,  -0.176,9999.000,9999.000,9999.000,9999.000,9999.000,9999.000,9999.000,9999.000
202606270630,  -0.163,9999.000,9999.000,9999.000,9999.000,9999.000,9999.000,9999.000,9999.000
202606270636,  -0.149,9999.000,9999.000,9999.000,9999.000,9999.000,9999.000,9999.000,9999.000
202606270642,  -0.134,9999.000,9999.000,9999.000,9999.000,9999.000,9999.000,9999.000,9999.000
202606270648,  -0.118,9999.000,9999.000,9999.000,9999.000,9999.000,9999.000,9999.000,9999.000
202606270654,  -0.101,9999.000,9999.000,9999.000,9999.000,9999.000,9999.000,9999.000,9999.000
202606270700,  -0.083,9999.000,   0.500,   0.344,   0.761,   0.500,   0.761,   0.600,   0.861
202606270706,  -0.064,9999.000,9999.000,9999.000,9999.000,9999.000,9999.000,9999.000,9999.000
202606270712,  -0.044,9999.000,9999.000,9999.000,9999.000,9999.000,9999.000,9999.000,9999.000
202606270718,  -0.023,9999.000,9999.000,9999.000,9999.000,9999.000,9999.000,9999.000,9999.000
202606270724,   0.000,9999.000,9999.000,9999.000,9999.000,9999.000,9999.000,9999.000,9999.000
202606270730,   0.022,9999.000,9999.000,9999.000,9999.000,9999.000,9999.000,9999.000,9999.000
202606270736,   0.046,9999.000,9999.000,9999.000,9999.000,9999.000,9999.000,9999.000,9999.000
202606270742,   0.071,9999.000,9999.000,9999.000,9999.000,9999.000,9999.000,9999.000,9999.000
202606270748,   0.098,9999.000,9999.000,9999.000,9999.000,9999.000,9999.000,9999.000,9999.000
202606270754,   0.125,9999.000,9999.000,9999.000,9999.000,9999.000,9999.000,9999.000,9999.000
202606270800,   0.153,9999.000,   0.500,   0.344,   0.997,   0.500,   0.997,   0.600,   1.097
202606270806,   0.181,9999.000,9999.000,9999.000,9999.000,9999.000,9999.000,9999.000,9999.000
202606270812,   0.211,9999.000,9999.000,9999.000,9999.000,9999.000,9999.000,9999.000,9999.000
202606270818,   0.241,9999.000,9999.000,9999.000,9999.000,9999.000,9999.000,9999.000,9999.000
202606270824,   0.271,9999.000,9999.000,9999.000,9999.000,9999.000,9999.000,9999.000,9999.000
202606270830,   0.303,9999.000,9999.000,9999.000,9999.000,9999.000,9999.000,9999.000,9999.000
202606270836,   0.334,9999.000,9999.000,9999.000,9999.000,9999.000,9999.000,9999.000,9999.000
202606270842,   0.367,9999.000,9999.000,9999.000,9999.000,9999.000,9999.000,9999.000,9999.000
202606270848,   0.399,9999.000,9999.000,9999.000,9999.000,9999.000,9999.000,9999.000,9999.000
202606270854,   0.432,9999.000,9999.000,9999.000,9999.000,9999.000,9999.000,9999.000,9999.000
202606270900,   0.465,9999.000,   0.500,   0.344,   1.309,   0.500,   1.309,   0.600,   1.409
202606270906,   0.498,9999.000,9999.000,9999.000,9999.000,9999.000,9999.000,9999.000,9999.000
202606270912,   0.531,9999.000,9999.000,9999.000,9999.000,9999.000,9999.000,9999.000,9999.000
202606270918,   0.564,9999.000,9999.000,9999.000,9999.000,9999.000,9999.000,9999.000,9999.000
202606270924,   0.597,9999.000,9999.000,9999.000,9999.000,9999.000,9999.000,9999.000,9999.000
202606270930,   0.630,9999.000,9999.000,9999.000,9999.000,9999.000,9999.000,9999.000,9999.000
202606270936,   0.663,9999.000,9999.000,9999.000,9999.000,9999.000,9999.000,9999.000,9999.000
202606270942,   0.695,9999.000,9999.000,9999.000,9999.000,9999.000,9999.000,9999.000,9999.000
202606270948,   0.727,9999.000,9999.000,9999.000,9999.000,9999.000,9999.000,9999.000,9999.000
202606270954,   0.758,9999.000,9999.000,9999.000,9999.000,9999.000,9999.000,9999.000,9999.000
202606271000,   0.789,9999.000,   0.600,   0.344,   1.733,   0.500,   1.633,   0.600,   1.733
202606271006,   0.819,9999.000,9999.000,9999.000,9999.000,9999.000,9999.000,9999.000,9999.000
202606271012,   0.849,9999.000,9999.000,9999.000,9999.000,9999.000,9999.000,9999.000,9999.000
202606271018,   0.878,9999.000,9999.000,9999.000,9999.000,9999.000,9999.000,9999.000,9999.000
202606271024,   0.907,9999.000,9999.000,9999.000,9999.000,9999.000,9999.000,9999.000,9999.000
202606271030,   0.935,9999.000,9999.000,9999.000,9999.000,9999.000,9999.000,9999.000,9999.000
202606271036,   0.962,9999.000,9999.000,9999.000,9999.000,9999.000,9999.000,9999.000,9999.000
202606271042,   0.988,9999.000,9999.000,9999.000,9999.000,9999.000,9999.000,9999.000,9999.000
202606271048,   1.013,9999.000,9999.000,9999.000,9999.000,9999.000,9999.000,9999.000,9999.000
202606271054,   1.038,9999.000,9999.000,9999.000,9999.000,9999.000,9999.000,9999.000,9999.000
202606271100,   1.062,9999.000,   0.600,   0.344,   2.006,   0.500,   1.906,   0.600,   2.006
202606271106,   1.085,9999.000,9999.000,9999.000,9999.000,9999.000,9999.000,9999.000,9999.000
202606271112,   1.107,9999.000,9999.000,9999.000,9999.000,9999.000,9999.000,9999.000,9999.000
202606271118,   1.129,9999.000,9999.000,9999.000,9999.000,9999.000,9999.000,9999.000,9999.000
202606271124,   1.149,9999.000,9999.000,9999.000,9999.000,9999.000,9999.000,9999.000,9999.000
202606271130,   1.169,9999.000,9999.000,9999.000,9999.000,9999.000,9999.000,9999.000,9999.000
202606271136,   1.188,9999.000,9999.000,9999.000,9999.000,9999.000,9999.000,9999.000,9999.000
202606271142,   1.206,9999.000,9999.000,9999.000,9999.000,9999.000,9999.000,9999.000,9999.000
202606271148,   1.224,9999.000,9999.000,9999.000,9999.000,9999.000,9999.000,9999.000,9999.000
202606271154,   1.241,9999.000,9999.000,9999.000,9999.000,9999.000,9999.000,9999.000,9999.000
202606271200,   1.257,9999.000,   0.600,   0.344,   2.201,   0.600,   2.201,   0.600,   2.201
202606271206,   1.272,9999.000,9999.000,9999.000,9999.000,9999.000,9999.000,9999.000,9999.000
202606271212,   1.287,9999.000,9999.000,9999.000,9999.000,9999.000,9999.000,9999.000,9999.000
202606271218,   1.301,9999.000,9999.000,9999.000,9999.000,9999.000,9999.000,9999.000,9999.000
202606271224,   1.314,9999.000,9999.000,9999.000,9999.000,9999.000,9999.000,9999.000,9999.000
202606271230,   1.327,9999.000,9999.000,9999.000,9999.000,9999.000,9999.000,9999.000,9999.000
202606271236,   1.339,9999.000,9999.000,9999.000,9999.000,9999.000,9999.000,9999.000,9999.000
202606271242,   1.351,9999.000,9999.000,9999.000,9999.000,9999.000,9999.000,9999.000,9999.000
202606271248,   1.362,9999.000,9999.000,9999.000,9999.000,9999.000,9999.000,9999.000,9999.000
202606271254,   1.372,9999.000,9999.000,9999.000,9999.000,9999.000,9999.000,9999.000,9999.000
202606271300,   1.382,9999.000,   0.600,   0.344,   2.326,   0.600,   2.326,   0.600,   2.326
202606271306,   1.391,9999.000,9999.000,9999.000,9999.000,9999.000,9999.000,9999.000,9999.000
202606271312,   1.400,9999.000,9999.000,9999.000,9999.000,9999.000,9999.000,9999.000,9999.000
202606271318,   1.409,9999.000,9999.000,9999.000,9999.000,9999.000,9999.000,9999.000,9999.000
202606271324,   1.417,9999.000,9999.000,9999.000,9999.000,9999.000,9999.000,9999.000,9999.000
202606271330,   1.424,9999.000,9999.000,9999.000,9999.000,9999.000,9999.000,9999.000,9999.000
202606271336,   1.431,9999.000,9999.000,9999.000,9999.000,9999.000,9999.000,9999.000,9999.000
202606271342,   1.437,9999.000,9999.000,9999.000,9999.000,9999.000,9999.000,9999.000,9999.000
202606271348,   1.443,9999.000,9999.000,9999.000,9999.000,9999.000,9999.000,9999.000,9999.000
202606271354,   1.449,9999.000,9999.000,9999.000,9999.000,9999.000,9999.000,9999.000,9999.000
202606271400,   1.454,9999.000,   0.600,   0.344,   2.398,   0.600,   2.398,   0.600,   2.398
202606271406,   1.459,9999.000,9999.000,9999.000,9999.000,9999.000,9999.000,9999.000,9999.000
202606271412,   1.464,9999.000,9999.000,9999.000,9999.000,9999.000,9999.000,9999.000,9999.000
202606271418,   1.468,9999.000,9999.000,9999.000,9999.000,9999.000,9999.000,9999.000,9999.000
202606271424,   1.471,9999.000,9999.000,9999.000,9999.000,9999.000,9999.000,9999.000,9999.000
202606271430,   1.475,9999.000,9999.000,9999.000,9999.000,9999.000,9999.000,9999.000,9999.000
202606271436,   1.478,9999.000,9999.000,9999.000,9999.000,9999.000,9999.000,9999.000,9999.000
202606271442,   1.480,9999.000,9999.000,9999.000,9999.000,9999.000,9999.000,9999.000,9999.000
202606271448,   1.483,9999.000,9999.000,9999.000,9999.000,9999.000,9999.000,9999.000,9999.000
202606271454,   1.485,9999.000,9999.000,9999.000,9999.000,9999.000,9999.000,9999.000,9999.000
202606271500,   1.486,9999.000,   0.600,   0.344,   2.430,   0.600,   2.430,   0.700,   2.530
202606271506,   1.488,9999.000,9999.000,9999.000,9999.000,9999.000,9999.000,9999.000,9999.000
202606271512,   1.489,9999.000,9999.000,9999.000,9999.000,9999.000,9999.000,9999.000,9999.000
202606271518,   1.490,9999.000,9999.000,9999.000,9999.000,9999.000,9999.000,9999.000,9999.000
202606271524,   1.490,9999.000,9999.000,9999.000,9999.000,9999.000,9999.000,9999.000,9999.000
202606271530,   1.490,9999.000,9999.000,9999.000,9999.000,9999.000,9999.000,9999.000,9999.000
202606271536,   1.490,9999.000,9999.000,9999.000,9999.000,9999.000,9999.000,9999.000,9999.000
202606271542,   1.490,9999.000,9999.000,9999.000,9999.000,9999.000,9999.000,9999.000,9999.000
202606271548,   1.489,9999.000,9999.000,9999.000,9999.000,9999.000,9999.000,9999.000,9999.000
202606271554,   1.488,9999.000,9999.000,9999.000,9999.000,9999.000,9999.000,9999.000,9999.000
202606271600,   1.487,9999.000,   0.600,   0.344,   2.431,   0.600,   2.431,   0.700,   2.531
202606271606,   1.485,9999.000,9999.000,9999.000,9999.000,9999.000,9999.000,9999.000,9999.000
202606271612,   1.483,9999.000,9999.000,9999.000,9999.000,9999.000,9999.000,9999.000,9999.000
202606271618,   1.481,9999.000,9999.000,9999.000,9999.000,9999.000,9999.000,9999.000,9999.000
202606271624,   1.478,9999.000,9999.000,9999.000,9999.000,9999.000,9999.000,9999.000,9999.000
202606271630,   1.475,9999.000,9999.000,9999.000,9999.000,9999.000,9999.000,9999.000,9999.000
202606271636,   1.472,9999.000,9999.000,9999.000,9999.000,9999.000,9999.000,9999.000,9999.000
202606271642,   1.468,9999.000,9999.000,9999.000,9999.000,9999.000,9999.000,9999.000,9999.000
202606271648,   1.464,9999.000,9999.000,9999.000,9999.000,9999.000,9999.000,9999.000,9999.000
202606271654,   1.460,9999.000,9999.000,9999.000,9999.000,9999.000,9999.000,9999.000,9999.000
202606271700,   1.455,9999.000,   0.600,   0.344,   2.399,   0.600,   2.399,   0.700,   2.499
202606271706,   1.450,9999.000,9999.000,9999.000,9999.000,9999.000,9999.000,9999.000,9999.000
202606271712,   1.444,9999.000,9999.000,9999.000,9999.000,9999.000,9999.000,9999.000,9999.000
202606271718,   1.438,9999.000,9999.000,9999.000,9999.000,9999.000,9999.000,9999.000,9999.000
202606271724,   1.431,9999.000,9999.000,9999.000,9999.000,9999.000,9999.000,9999.000,9999.000
202606271730,   1.424,9999.000,9999.000,9999.000,9999.000,9999.000,9999.000,9999.000,9999.000
202606271736,   1.416,9999.000,9999.000,9999.000,9999.000,9999.000,9999.000,9999.000,9999.000
202606271742,   1.409,9999.000,9999.000,9999.000,9999.000,9999.000,9999.000,9999.000,9999.000
202606271748,   1.400,9999.000,9999.000,9999.000,9999.000,9999.000,9999.000,9999.000,9999.000
202606271754,   1.392,9999.000,9999.000,9999.000,9999.000,9999.000,9999.000,9999.000,9999.000
202606271800,   1.382,9999.000,   0.600,   0.344,   2.326,   0.600,   2.326,   0.700,   2.426
202606271806,   1.373,9999.000,9999.000,9999.000,9999.000,9999.000,9999.000,9999.000,9999.000
202606271812,   1.363,9999.000,9999.000,9999.000,9999.000,9999.000,9999.000,9999.000,9999.000
202606271818,   1.353,9999.000,9999.000,9999.000,9999.000,9999.000,9999.000,9999.000,9999.000
202606271824,   1.343,9999.000,9999.000,9999.000,9999.000,9999.000,9999.000,9999.000,9999.000
202606271830,   1.332,9999.000,9999.000,9999.000,9999.000,9999.000,9999.000,9999.000,9999.000
202606271836,   1.321,9999.000,9999.000,9999.000,9999.000,9999.000,9999.000,9999.000,9999.000
202606271842,   1.310,9999.000,9999.000,9999.000,9999.000,9999.000,9999.000,9999.000,9999.000
202606271848,   1.299,9999.000,9999.000,9999.000,9999.000,9999.000,9999.000,9999.000,9999.000
202606271854,   1.288,9999.000,9999.000,9999.000,9999.000,9999.000,9999.000,9999.000,9999.000
202606271900,   1.276,9999.000,   0.600,   0.344,   2.220,   0.600,   2.220,   0.700,   2.320
202606271906,   1.265,9999.000,9999.000,9999.000,9999.000,9999.000,9999.000,9999.000,9999.000
202606271912,   1.253,9999.000,9999.000,9999.000,9999.000,9999.000,9999.000,9999.000,9999.000
202606271918,   1.242,9999.000,9999.000,9999.000,9999.000,9999.000,9999.000,9999.000,9999.000
202606271924,   1.230,9999.000,9999.000,9999.000,9999.000,9999.000,9999.000,9999.000,9999.000
202606271930,   1.219,9999.000,9999.000,9999.000,9999.000,9999.000,9999.000,9999.000,9999.000
202606271936,   1.207,9999.000,9999.000,9999.000,9999.000,9999.000,9999.000,9999.000,9999.000
202606271942,   1.196,9999.000,9999.000,9999.000,9999.000,9999.000,9999.000,9999.000,9999.000
202606271948,   1.185,9999.000,9999.000,9999.000,9999.000,9999.000,9999.000,9999.000,9999.000
202606271954,   1.174,9999.000,9999.000,9999.000,9999.000,9999.000,9999.000,9999.000,9999.000
202606272000,   1.163,9999.000,   0.600,   0.344,   2.107,   0.600,   2.107,   0.700,   2.207
202606272006,   1.152,9999.000,9999.000,9999.000,9999.000,9999.000,9999.000,9999.000,9999.000
202606272012,   1.142,9999.000,9999.000,9999.000,9999.000,9999.000,9999.000,9999.000,9999.000
202606272018,   1.131,9999.000,9999.000,9999.000,9999.000,9999.000,9999.000,9999.000,9999.000
202606272024,   1.121,9999.000,9999.000,9999.000,9999.000,9999.000,9999.000,9999.000,9999.000
202606272030,   1.111,9999.000,9999.000,9999.000,9999.000,9999.000,9999.000,9999.000,9999.000
202606272036,   1.101,9999.000,9999.000,9999.000,9999.000,9999.000,9999.000,9999.000,9999.000
202606272042,   1.091,9999.000,9999.000,9999.000,9999.000,9999.000,9999.000,9999.000,9999.000
202606272048,   1.081,9999.000,9999.000,9999.000,9999.000,9999.000,9999.000,9999.000,9999.000
202606272054,   1.071,9999.000,9999.000,9999.000,9999.000,9999.000,9999.000,9999.000,9999.000
202606272100,   1.061,9999.000,   0.600,   0.344,   2.005,   0.600,   2.005,   0.600,   2.005
202606272106,   1.051,9999.000,9999.000,9999.000,9999.000,9999.000,9999.000,9999.000,9999.000
202606272112,   1.041,9999.000,9999.000,9999.000,9999.000,9999.000,9999.000,9999.000,9999.000
202606272118,   1.031,9999.000,9999.000,9999.000,9999.000,9999.000,9999.000,9999.000,9999.000
202606272124,   1.021,9999.000,9999.000,9999.000,9999.000,9999.000,9999.000,9999.000,9999.000
202606272130,   1.011,9999.000,9999.000,9999.000,9999.000,9999.000,9999.000,9999.000,9999.000
202606272136,   1.001,9999.000,9999.000,9999.000,9999.000,9999.000,9999.000,9999.000,9999.000
202606272142,   0.990,9999.000,9999.000,9999.000,9999.000,9999.000,9999.000,9999.000,9999.000
202606272148,   0.979,9999.000,9999.000,9999.000,9999.000,9999.000,9999.000,9999.000,9999.000
202606272154,   0.968,9999.000,9999.000,9999.000,9999.000,9999.000,9999.000,9999.000,9999.000
202606272200,   0.956,9999.000,   0.600,   0.344,   1.900,   0.600,   1.900,   0.600,   1.900
202606272206,   0.945,9999.000,9999.000,9999.000,9999.000,9999.000,9999.000,9999.000,9999.000
202606272212,   0.933,9999.000,9999.000,9999.000,9999.000,9999.000,9999.000,9999.000,9999.000
202606272218,   0.920,9999.000,9999.000,9999.000,9999.000,9999.000,9999.000,9999.000,9999.000
202606272224,   0.907,9999.000,9999.000,9999.000,9999.000,9999.000,9999.000,9999.000,9999.000
202606272230,   0.894,9999.000,9999.000,9999.000,9999.000,9999.000,9999.000,9999.000,9999.000
202606272236,   0.880,9999.000,9999.000,9999.000,9999.000,9999.000,9999.000,9999.000,9999.000
202606272242,   0.866,9999.000,9999.000,9999.000,9999.000,9999.000,9999.000,9999.000,9999.000
202606272248,   0.852,9999.000,9999.000,9999.000,9999.000,9999.000,9999.000,9999.000,9999.000
202606272254,   0.837,9999.000,9999.000,9999.000,9999.000,9999.000,9999.000,9999.000,9999.000
202606272300,   0.821,9999.000,   0.600,   0.344,   1.765,   0.600,   1.765,   0.600,   1.765
202606272306,   0.806,9999.000,9999.000,9999.000,9999.000,9999.000,9999.000,9999.000,9999.000
202606272312,   0.790,9999.000,9999.000,9999.000,9999.000,9999.000,9999.000,9999.000,9999.000
202606272318,   0.773,9999.000,9999.000,9999.000,9999.000,9999.000,9999.000,9999.000,9999.000
202606272324,   0.757,9999.000,9999.000,9999.000,9999.000,9999.000,9999.000,9999.000,9999.000
202606272330,   0.740,9999.000,9999.000,9999.000,9999.000,9999.000,9999.000,9999.000,9999.000
202606272336,   0.722,9999.000,9999.000,9999.000,9999.000,9999.000,9999.000,9999.000,9999.000
202606272342,   0.704,9999.000,9999.000,9999.000,9999.000,9999.000,9999.000,9999.000,9999.000
202606272348,   0.686,9999.000,9999.000,9999.000,9999.000,9999.000,9999.000,9999.000,9999.000
202606272354,   0.668,9999.000,9999.000,9999.000,9999.000,9999.000,9999.000,9999.000,9999.000
202606280000,   0.650,9999.000,   0.600,   0.344,   1.594,   0.500,   1.494,   0.600,   1.594
202606280006,   0.631,9999.000,9999.000,9999.000,9999.000,9999.000,9999.000,9999.000,9999.000
202606280012,   0.612,9999.000,9999.000,9999.000,9999.000,9999.000,9999.000,9999.000,9999.000
202606280018,   0.593,9999.000,9999.000,9999.000,9999.000,9999.000,9999.000,9999.000,9999.000
202606280024,   0.573,9999.000,9999.000,9999.000,9999.000,9999.000,9999.000,9999.000,9999.000
202606280030,   0.554,9999.000,9999.000,9999.000,9999.000,9999.000,9999.000,9999.000,9999.000
202606280036,   0.534,9999.000,9999.000,9999.000,9999.000,9999.000,9999.000,9999.000,9999.000
202606280042,   0.515,9999.000,9999.000,9999.000,9999.000,9999.000,9999.000,9999.000,9999.000
202606280048,   0.495,9999.000,9999.000,9999.000,9999.000,9999.000,9999.000,9999.000,9999.000
202606280054,   0.475,9999.000,9999.000,9999.000,9999.000,9999.000,9999.000,9999.000,9999.000
202606280100,   0.454,9999.000,   0.600,   0.344,   1.398,   0.500,   1.298,   0.600,   1.398
202606280106,   0.434,9999.000,9999.000,9999.000,9999.000,9999.000,9999.000,9999.000,9999.000
202606280112,   0.414,9999.000,9999.000,9999.000,9999.000,9999.000,9999.000,9999.000,9999.000
202606280118,   0.393,9999.000,9999.000,9999.000,9999.000,9999.000,9999.000,9999.000,9999.000
202606280124,   0.373,9999.000,9999.000,9999.000,9999.000,9999.000,9999.000,9999.000,9999.000
202606280130,   0.352,9999.000,9999.000,9999.000,9999.000,9999.000,9999.000,9999.000,9999.000
202606280136,   0.331,9999.000,9999.000,9999.000,9999.000,9999.000,9999.000,9999.000,9999.000
202606280142,   0.310,9999.000,9999.000,9999.000,9999.000,9999.000,9999.000,9999.000,9999.000
202606280148,   0.290,9999.000,9999.000,9999.000,9999.000,9999.000,9999.000,9999.000,9999.000
202606280154,   0.269,9999.000,9999.000,9999.000,9999.000,9999.000,9999.000,9999.000,9999.000
202606280200,   0.248,9999.000,   0.600,   0.344,   1.192,   0.500,   1.092,   0.600,   1.192
202606280206,   0.227,9999.000,9999.000,9999.000,9999.000,9999.000,9999.000,9999.000,9999.000
202606280212,   0.206,9999.000,9999.000,9999.000,9999.000,9999.000,9999.000,9999.000,9999.000
202606280218,   0.186,9999.000,9999.000,9999.000,9999.000,9999.000,9999.000,9999.000,9999.000
202606280224,   0.165,9999.000,9999.000,9999.000,9999.000,9999.000,9999.000,9999.000,9999.000
202606280230,   0.144,9999.000,9999.000,9999.000,9999.000,9999.000,9999.000,9999.000,9999.000
202606280236,   0.124,9999.000,9999.000,9999.000,9999.000,9999.000,9999.000,9999.000,9999.000
202606280242,   0.104,9999.000,9999.000,9999.000,9999.000,9999.000,9999.000,9999.000,9999.000
202606280248,   0.084,9999.000,9999.000,9999.000,9999.000,9999.000,9999.000,9999.000,9999.000
202606280254,   0.064,9999.000,9999.000,9999.000,9999.000,9999.000,9999.000,9999.000,9999.000
202606280300,   0.045,9999.000,   0.600,   0.344,   0.989,   0.500,   0.889,   0.600,   0.989
202606280306,   0.026,9999.000,9999.000,9999.000,9999.000,9999.000,9999.000,9999.000,9999.000
202606280312,   0.007,9999.000,9999.000,9999.000,9999.000,9999.000,9999.000,9999.000,9999.000
202606280318,  -0.011,9999.000,9999.000,9999.000,9999.000,9999.000,9999.000,9999.000,9999.000
202606280324,  -0.029,9999.000,9999.000,9999.000,9999.000,9999.000,9999.000,9999.000,9999.000
202606280330,  -0.046,9999.000,9999.000,9999.000,9999.000,9999.000,9999.000,9999.000,9999.000
202606280336,  -0.063,9999.000,9999.000,9999.000,9999.000,9999.000,9999.000,9999.000,9999.000
202606280342,  -0.079,9999.000,9999.000,9999.000,9999.000,9999.000,9999.000,9999.000,9999.000
202606280348,  -0.095,9999.000,9999.000,9999.000,9999.000,9999.000,9999.000,9999.000,9999.000
202606280354,  -0.111,9999.000,9999.000,9999.000,9999.000,9999.000,9999.000,9999.000,9999.000
202606280400,  -0.125,9999.000,   0.600,   0.344,   0.819,   0.500,   0.719,   0.600,   0.819
202606280406,  -0.139,9999.000,9999.000,9999.000,9999.000,9999.000,9999.000,9999.000,9999.000
202606280412,  -0.153,9999.000,9999.000,9999.000,9999.000,9999.000,9999.000,9999.000,9999.000
202606280418,  -0.165,9999.000,9999.000,9999.000,9999.000,9999.000,9999.000,9999.000,9999.000
202606280424,  -0.177,9999.000,9999.000,9999.000,9999.000,9999.000,9999.000,9999.000,9999.000
202606280430,  -0.188,9999.000,9999.000,9999.000,9999.000,9999.000,9999.000,9999.000,9999.000
202606280436,  -0.198,9999.000,9999.000,9999.000,9999.000,9999.000,9999.000,9999.000,9999.000
202606280442,  -0.208,9999.000,9999.000,9999.000,9999.000,9999.000,9999.000,9999.000,9999.000
202606280448,  -0.217,9999.000,9999.000,9999.000,9999.000,9999.000,9999.000,9999.000,9999.000
202606280454,  -0.225,9999.000,9999.000,9999.000,9999.000,9999.000,9999.000,9999.000,9999.000
202606280500,  -0.232,9999.000,   0.600,   0.344,   0.712,   0.500,   0.612,   0.600,   0.712
202606280506,  -0.238,9999.000,9999.000,9999.000,9999.000,9999.000,9999.000,9999.000,9999.000
202606280512,  -0.244,9999.000,9999.000,9999.000,9999.000,9999.000,9999.000,9999.000,9999.000
202606280518,  -0.248,9999.000,9999.000,9999.000,9999.000,9999.000,9999.000,9999.000,9999.000
202606280524,  -0.252,9999.000,9999.000,9999.000,9999.000,9999.000,9999.000,9999.000,9999.000
202606280530,  -0.255,9999.000,9999.000,9999.000,9999.000,9999.000,9999.000,9999.000,9999.000
202606280536,  -0.257,9999.000,9999.000,9999.000,9999.000,9999.000,9999.000,9999.000,9999.000
202606280542,  -0.259,9999.000,9999.000,9999.000,9999.000,9999.000,9999.000,9999.000,9999.000
202606280548,  -0.259,9999.000,9999.000,9999.000,9999.000,9999.000,9999.000,9999.000,9999.000
202606280554,  -0.258,9999.000,9999.000,9999.000,9999.000,9999.000,9999.000,9999.000,9999.000
202606280600,  -0.257,9999.000,   0.600,   0.344,   0.687,   0.500,   0.587,   0.600,   0.687
202606280606,  -0.255,9999.000,9999.000,9999.000,9999.000,9999.000,9999.000,9999.000,9999.000
202606280612,  -0.251,9999.000,9999.000,9999.000,9999.000,9999.000,9999.000,9999.000,9999.000
202606280618,  -0.247,9999.000,9999.000,9999.000,9999.000,9999.000,9999.000,9999.000,9999.000
202606280624,  -0.242,9999.000,9999.000,9999.000,9999.000,9999.000,9999.000,9999.000,9999.000
202606280630,  -0.236,9999.000,9999.000,9999.000,9999.000,9999.000,9999.000,9999.000,9999.000
202606280636,  -0.228,9999.000,9999.000,9999.000,9999.000,9999.000,9999.000,9999.000,9999.000
202606280642,  -0.220,9999.000,9999.000,9999.000,9999.000,9999.000,9999.000,9999.000,9999.000
202606280648,  -0.211,9999.000,9999.000,9999.000,9999.000,9999.000,9999.000,9999.000,9999.000
202606280654,  -0.200,9999.000,9999.000,9999.000,9999.000,9999.000,9999.000,9999.000,9999.000
202606280700,  -0.189,9999.000,   0.600,   0.344,   0.755,   0.500,   0.655,   0.600,   0.755
202606280706,  -0.177,9999.000,9999.000,9999.000,9999.000,9999.000,9999.000,9999.000,9999.000
202606280712,  -0.163,9999.000,9999.000,9999.000,9999.000,9999.000,9999.000,9999.000,9999.000
202606280718,  -0.148,9999.000,9999.000,9999.000,9999.000,9999.000,9999.000,9999.000,9999.000
202606280724,  -0.132,9999.000,9999.000,9999.000,9999.000,9999.000,9999.000,9999.000,9999.000
202606280730,  -0.115,9999.000,9999.000,9999.000,9999.000,9999.000,9999.000,9999.000,9999.000
202606280736,  -0.097,9999.000,9999.000,9999.000,9999.000,9999.000,9999.000,9999.000,9999.000
202606280742,  -0.078,9999.000,9999.000,9999.000,9999.000,9999.000,9999.000,9999.000,9999.000
202606280748,  -0.058,9999.000,9999.000,9999.000,9999.000,9999.000,9999.000,9999.000,9999.000
202606280754,  -0.036,9999.000,9999.000,9999.000,9999.000,9999.000,9999.000,9999.000,9999.000
202606280800,  -0.014,9999.000,   0.600,   0.344,   0.930,   0.500,   0.830,   0.600,   0.930
202606280806,   0.009,9999.000,9999.000,9999.000,9999.000,9999.000,9999.000,9999.000,9999.000
202606280812,   0.033,9999.000,9999.000,9999.000,9999.000,9999.000,9999.000,9999.000,9999.000
202606280818,   0.059,9999.000,9999.000,9999.000,9999.000,9999.000,9999.000,9999.000,9999.000
202606280824,   0.085,9999.000,9999.000,9999.000,9999.000,9999.000,9999.000,9999.000,9999.000
202606280830,   0.113,9999.000,9999.000,9999.000,9999.000,9999.000,9999.000,9999.000,9999.000
202606280836,   0.141,9999.000,9999.000,9999.000,9999.000,9999.000,9999.000,9999.000,9999.000
202606280842,   0.170,9999.000,9999.000,9999.000,9999.000,9999.000,9999.000,9999.000,9999.000
202606280848,   0.200,9999.000,9999.000,9999.000,9999.000,9999.000,9999.000,9999.000,9999.000
202606280854,   0.230,9999.000,9999.000,9999.000,9999.000,9999.000,9999.000,9999.000,9999.000
202606280900,   0.261,9999.000,   0.600,   0.344,   1.205,   0.500,   1.105,   0.600,   1.205
202606280906,   0.292,9999.000,9999.000,9999.000,9999.000,9999.000,9999.000,9999.000,9999.000
202606280912,   0.324,9999.000,9999.000,9999.000,9999.000,9999.000,9999.000,9999.000,9999.000
202606280918,   0.356,9999.000,9999.000,9999.000,9999.000,9999.000,9999.000,9999.000,9999.000
202606280924,   0.389,9999.000,9999.000,9999.000,9999.000,9999.000,9999.000,9999.000,9999.000
202606280930,   0.421,9999.000,9999.000,9999.000,9999.000,9999.000,9999.000,9999.000,9999.000
202606280936,   0.454,9999.000,9999.000,9999.000,9999.000,9999.000,9999.000,9999.000,9999.000
202606280942,   0.487,9999.000,9999.000,9999.000,9999.000,9999.000,9999.000,9999.000,9999.000
202606280948,   0.519,9999.000,9999.000,9999.000,9999.000,9999.000,9999.000,9999.000,9999.000
202606280954,   0.552,9999.000,9999.000,9999.000,9999.000,9999.000,9999.000,9999.000,9999.000
202606281000,   0.584,9999.000,   0.600,   0.344,   1.528,   0.500,   1.428,   0.600,   1.528
202606281006,   0.616,9999.000,9999.000,9999.000,9999.000,9999.000,9999.000,9999.000,9999.000
202606281012,   0.648,9999.000,9999.000,9999.000,9999.000,9999.000,9999.000,9999.000,9999.000
202606281018,   0.679,9999.000,9999.000,9999.000,9999.000,9999.000,9999.000,9999.000,9999.000
202606281024,   0.710,9999.000,9999.000,9999.000,9999.000,9999.000,9999.000,9999.000,9999.000
202606281030,   0.740,9999.000,9999.000,9999.000,9999.000,9999.000,9999.000,9999.000,9999.000
202606281036,   0.770,9999.000,9999.000,9999.000,9999.000,9999.000,9999.000,9999.000,9999.000
202606281042,   0.799,9999.000,9999.000,9999.000,9999.000,9999.000,9999.000,9999.000,9999.000
202606281048,   0.828,9999.000,9999.000,9999.000,9999.000,9999.000,9999.000,9999.000,9999.000
202606281054,   0.856,9999.000,9999.000,9999.000,9999.000,9999.000,9999.000,9999.000,9999.000
202606281100,   0.883,9999.000,   0.600,   0.344,   1.827,   0.500,   1.727,   0.600,   1.827
202606281106,   0.909,9999.000,9999.000,9999.000,9999.000,9999.000,9999.000,9999.000,9999.000
202606281112,   0.935,9999.000,9999.000,9999.000,9999.000,9999.000,9999.000,9999.000,9999.000
202606281118,   0.960,9999.000,9999.000,9999.000,9999.000,9999.000,9999.000,9999.000,9999.000
202606281124,   0.985,9999.000,9999.000,9999.000,9999.000,9999.000,9999.000,9999.000,9999.000
202606281130,   1.008,9999.000,9999.000,9999.000,9999.000,9999.000,9999.000,9999.000,9999.000
202606281136,   1.031,9999.000,9999.000,9999.000,9999.000,9999.000,9999.000,9999.000,9999.000
202606281142,   1.054,9999.000,9999.000,9999.000,9999.000,9999.000,9999.000,9999.000,9999.000
202606281148,   1.075,9999.000,9999.000,9999.000,9999.000,9999.000,9999.000,9999.000,9999.000
202606281154,   1.096,9999.000,9999.000,9999.000,9999.000,9999.000,9999.000,9999.000,9999.000
202606281200,   1.117,9999.000,   0.600,   0.344,   2.061,   0.500,   1.961,   0.600,   2.061
202606281206,   1.136,9999.000,9999.000,9999.000,9999.000,9999.000,9999.000,9999.000,9999.000
202606281212,   1.155,9999.000,9999.000,9999.000,9999.000,9999.000,9999.000,9999.000,9999.000
202606281218,   1.173,9999.000,9999.000,9999.000,9999.000,9999.000,9999.000,9999.000,9999.000
202606281224,   1.191,9999.000,9999.000,9999.000,9999.000,9999.000,9999.000,9999.000,9999.000
202606281230,   1.208,9999.000,9999.000,9999.000,9999.000,9999.000,9999.000,9999.000,9999.000
202606281236,   1.224,9999.000,9999.000,9999.000,9999.000,9999.000,9999.000,9999.000,9999.000
202606281242,   1.240,9999.000,9999.000,9999.000,9999.000,9999.000,9999.000,9999.000,9999.000
202606281248,   1.255,9999.000,9999.000,9999.000,9999.000,9999.000,9999.000,9999.000,9999.000
202606281254,   1.269,9999.000,9999.000,9999.000,9999.000,9999.000,9999.000,9999.000,9999.000
202606281300,   1.283,9999.000,   0.600,   0.344,   2.227,   0.500,   2.127,   0.700,   2.327
202606281306,   1.296,9999.000,9999.000,9999.000,9999.000,9999.000,9999.000,9999.000,9999.000
202606281312,   1.309,9999.000,9999.000,9999.000,9999.000,9999.000,9999.000,9999.000,9999.000
202606281318,   1.321,9999.000,9999.000,9999.000,9999.000,9999.000,9999.000,9999.000,9999.000
202606281324,   1.332,9999.000,9999.000,9999.000,9999.000,9999.000,9999.000,9999.000,9999.000
202606281330,   1.343,9999.000,9999.000,9999.000,9999.000,9999.000,9999.000,9999.000,9999.000
202606281336,   1.353,9999.000,9999.000,9999.000,9999.000,9999.000,9999.000,9999.000,9999.000
202606281342,   1.363,9999.000,9999.000,9999.000,9999.000,9999.000,9999.000,9999.000,9999.000
202606281348,   1.372,9999.000,9999.000,9999.000,9999.000,9999.000,9999.000,9999.000,9999.000
202606281354,   1.380,9999.000,9999.000,9999.000,9999.000,9999.000,9999.000,9999.000,9999.000
202606281400,   1.388,9999.000,   0.600,   0.344,   2.332,   0.600,   2.332,   0.700,   2.432
202606281406,   1.395,9999.000,9999.000,9999.000,9999.000,9999.000,9999.000,9999.000,9999.000
202606281412,   1.402,9999.000,9999.000,9999.000,9999.000,9999.000,9999.000,9999.000,9999.000
202606281418,   1.408,9999.000,9999.000,9999.000,9999.000,9999.000,9999.000,9999.000,9999.000
202606281424,   1.413,9999.000,9999.000,9999.000,9999.000,9999.000,9999.000,9999.000,9999.000
202606281430,   1.419,9999.000,9999.000,9999.000,9999.000,9999.000,9999.000,9999.000,9999.000
202606281436,   1.423,9999.000,9999.000,9999.000,9999.000,9999.000,9999.000,9999.000,9999.000
202606281442,   1.427,9999.000,9999.000,9999.000,9999.000,9999.000,9999.000,9999.000,9999.000
202606281448,   1.431,9999.000,9999.000,9999.000,9999.000,9999.000,9999.000,9999.000,9999.000
202606281454,   1.434,9999.000,9999.000,9999.000,9999.000,9999.000,9999.000,9999.000,9999.000
202606281500,   1.437,9999.000,   0.600,   0.344,   2.381,   0.600,   2.381,   0.700,   2.481
202606281506,   1.440,9999.000,9999.000,9999.000,9999.000,9999.000,9999.000,9999.000,9999.000
202606281512,   1.442,9999.000,9999.000,9999.000,9999.000,9999.000,9999.000,9999.000,9999.000
202606281518,   1.444,9999.000,9999.000,9999.000,9999.000,9999.000,9999.000,9999.000,9999.000
202606281524,   1.445,9999.000,9999.000,9999.000,9999.000,9999.000,9999.000,9999.000,9999.000
202606281530,   1.446,9999.000,9999.000,9999.000,9999.000,9999.000,9999.000,9999.000,9999.000
202606281536,   1.447,9999.000,9999.000,9999.000,9999.000,9999.000,9999.000,9999.000,9999.000
202606281542,   1.448,9999.000,9999.000,9999.000,9999.000,9999.000,9999.000,9999.000,9999.000
202606281548,   1.448,9999.000,9999.000,9999.000,9999.000,9999.000,9999.000,9999.000,9999.000
202606281554,   1.448,9999.000,9999.000,9999.000,9999.000,9999.000,9999.000,9999.000,9999.000
202606281600,   1.448,9999.000,   0.600,   0.344,   2.392,   0.600,   2.392,   0.700,   2.492
202606281606,   1.448,9999.000,9999.000,9999.000,9999.000,9999.000,9999.000,9999.000,9999.000
202606281612,   1.448,9999.000,9999.000,9999.000,9999.000,9999.000,9999.000,9999.000,9999.000
202606281618,   1.447,9999.000,9999.000,9999.000,9999.000,9999.000,9999.000,9999.000,9999.000
202606281624,   1.447,9999.000,9999.000,9999.000,9999.000,9999.000,9999.000,9999.000,9999.000
202606281630,   1.446,9999.000,9999.000,9999.000,9999.000,9999.000,9999.000,9999.000,9999.000
202606281636,   1.445,9999.000,9999.000,9999.000,9999.000,9999.000,9999.000,9999.000,9999.000
202606281642,   1.444,9999.000,9999.000,9999.000,9999.000,9999.000,9999.000,9999.000,9999.000
202606281648,   1.442,9999.000,9999.000,9999.000,9999.000,9999.000,9999.000,9999.000,9999.000
202606281654,   1.441,9999.000,9999.000,9999.000,9999.000,9999.000,9999.000,9999.000,9999.000
202606281700,   1.439,9999.000,   0.600,   0.344,   2.383,   0.600,   2.383,   0.700,   2.483
202606281706,   1.437,9999.000,9999.000,9999.000,9999.000,9999.000,9999.000,9999.000,9999.000
202606281712,   1.434,9999.000,9999.000,9999.000,9999.000,9999.000,9999.000,9999.000,9999.000
202606281718,   1.432,9999.000,9999.000,9999.000,9999.000,9999.000,9999.000,9999.000,9999.000
202606281724,   1.429,9999.000,9999.000,9999.000,9999.000,9999.000,9999.000,9999.000,9999.000
202606281730,   1.425,9999.000,9999.000,9999.000,9999.000,9999.000,9999.000,9999.000,9999.000
202606281736,   1.422,9999.000,9999.000,9999.000,9999.000,9999.000,9999.000,9999.000,9999.000
202606281742,   1.418,9999.000,9999.000,9999.000,9999.000,9999.000,9999.000,9999.000,9999.000
202606281748,   1.414,9999.000,9999.000,9999.000,9999.000,9999.000,9999.000,9999.000,9999.000
202606281754,   1.409,9999.000,9999.000,9999.000,9999.000,9999.000,9999.000,9999.000,9999.000
202606281800,   1.404,9999.000,   0.600,   0.344,   2.348,   0.600,   2.348,   0.700,   2.448
202606281806,   1.399,9999.000,9999.000,9999.000,9999.000,9999.000,9999.000,9999.000,9999.000
202606281812,   1.393,9999.000,9999.000,9999.000,9999.000,9999.000,9999.000,9999.000,9999.000
202606281818,   1.387,9999.000,9999.000,9999.000,9999.000,9999.000,9999.000,9999.000,9999.000
202606281824,   1.380,9999.000,9999.000,9999.000,9999.000,9999.000,9999.000,9999.000,9999.000
202606281830,   1.374,9999.000,9999.000,9999.000,9999.000,9999.000,9999.000,9999.000,9999.000
202606281836,   1.367,9999.000,9999.000,9999.000,9999.000,9999.000,9999.000,9999.000,9999.000
202606281842,   1.359,9999.000,9999.000,9999.000,9999.000,9999.000,9999.000,9999.000,9999.000
202606281848,   1.351,9999.000,9999.000,9999.000,9999.000,9999.000,9999.000,9999.000,9999.000
202606281854,   1.343,9999.000,9999.000,9999.000,9999.000,9999.000,9999.000,9999.000,9999.000
202606281900,   1.335,9999.000,   0.600,   0.344,   2.279,   0.600,   2.279,   0.700,   2.379
202606281906,   1.326,9999.000,9999.000,9999.000,9999.000,9999.000,9999.000,9999.000,9999.000
202606281912,   1.318,9999.000,9999.000,9999.000,9999.000,9999.000,9999.000,9999.000,9999.000
202606281918,   1.309,9999.000,9999.000,9999.000,9999.000,9999.000,9999.000,9999.000,9999.000
202606281924,   1.300,9999.000,9999.000,9999.000,9999.000,9999.000,9999.000,9999.000,9999.000
202606281930,   1.291,9999.000,9999.000,9999.000,9999.000,9999.000,9999.000,9999.000,9999.000
202606281936,   1.281,9999.000,9999.000,9999.000,9999.000,9999.000,9999.000,9999.000,9999.000
202606281942,   1.272,9999.000,9999.000,9999.000,9999.000,9999.000,9999.000,9999.000,9999.000
202606281948,   1.263,9999.000,9999.000,9999.000,9999.000,9999.000,9999.000,9999.000,9999.000
202606281954,   1.254,9999.000,9999.000,9999.000,9999.000,9999.000,9999.000,9999.000,9999.000
202606282000,   1.245,9999.000,   0.600,   0.344,   2.189,   0.600,   2.189,   0.700,   2.289
202606282006,   1.235,9999.000,9999.000,9999.000,9999.000,9999.000,9999.000,9999.000,9999.000
202606282012,   1.226,9999.000,9999.000,9999.000,9999.000,9999.000,9999.000,9999.000,9999.000
202606282018,   1.217,9999.000,9999.000,9999.000,9999.000,9999.000,9999.000,9999.000,9999.000
202606282024,   1.208,9999.000,9999.000,9999.000,9999.000,9999.000,9999.000,9999.000,9999.000
202606282030,   1.199,9999.000,9999.000,9999.000,9999.000,9999.000,9999.000,9999.000,9999.000
202606282036,   1.191,9999.000,9999.000,9999.000,9999.000,9999.000,9999.000,9999.000,9999.000
202606282042,   1.182,9999.000,9999.000,9999.000,9999.000,9999.000,9999.000,9999.000,9999.000
202606282048,   1.173,9999.000,9999.000,9999.000,9999.000,9999.000,9999.000,9999.000,9999.000
202606282054,   1.165,9999.000,9999.000,9999.000,9999.000,9999.000,9999.000,9999.000,9999.000
202606282100,   1.156,9999.000,   0.600,   0.344,   2.100,   0.600,   2.100,   0.700,   2.200
202606282106,   1.147,9999.000,9999.000,9999.000,9999.000,9999.000,9999.000,9999.000,9999.000
202606282112,   1.139,9999.000,9999.000,9999.000,9999.000,9999.000,9999.000,9999.000,9999.000
202606282118,   1.130,9999.000,9999.000,9999.000,9999.000,9999.000,9999.000,9999.000,9999.000
202606282124,   1.121,9999.000,9999.000,9999.000,9999.000,9999.000,9999.000,9999.000,9999.000
202606282130,   1.113,9999.000,9999.000,9999.000,9999.000,9999.000,9999.000,9999.000,9999.000
202606282136,   1.104,9999.000,9999.000,9999.000,9999.000,9999.000,9999.000,9999.000,9999.000
202606282142,   1.094,9999.000,9999.000,9999.000,9999.000,9999.000,9999.000,9999.000,9999.000
202606282148,   1.085,9999.000,9999.000,9999.000,9999.000,9999.000,9999.000,9999.000,9999.000
202606282154,   1.075,9999.000,9999.000,9999.000,9999.000,9999.000,9999.000,9999.000,9999.000
202606282200,   1.066,9999.000,   0.600,   0.344,   2.010,   0.500,   1.910,   0.700,   2.110
202606282206,   1.055,9999.000,9999.000,9999.000,9999.000,9999.000,9999.000,9999.000,9999.000
202606282212,   1.045,9999.000,9999.000,9999.000,9999.000,9999.000,9999.000,9999.000,9999.000
202606282218,   1.034,9999.000,9999.000,9999.000,9999.000,9999.000,9999.000,9999.000,9999.000
202606282224,   1.023,9999.000,9999.000,9999.000,9999.000,9999.000,9999.000,9999.000,9999.000
202606282230,   1.011,9999.000,9999.000,9999.000,9999.000,9999.000,9999.000,9999.000,9999.000
202606282236,   0.999,9999.000,9999.000,9999.000,9999.000,9999.000,9999.000,9999.000,9999.000
202606282242,   0.987,9999.000,9999.000,9999.000,9999.000,9999.000,9999.000,9999.000,9999.000
202606282248,   0.974,9999.000,9999.000,9999.000,9999.000,9999.000,9999.000,9999.000,9999.000
202606282254,   0.961,9999.000,9999.000,9999.000,9999.000,9999.000,9999.000,9999.000,9999.000
202606282300,   0.948,9999.000,   0.600,   0.344,   1.892,   0.500,   1.792,   0.600,   1.892
202606282306,   0.934,9999.000,9999.000,9999.000,9999.000,9999.000,9999.000,9999.000,9999.000
202606282312,   0.919,9999.000,9999.000,9999.000,9999.000,9999.000,9999.000,9999.000,9999.000
202606282318,   0.905,9999.000,9999.000,9999.000,9999.000,9999.000,9999.000,9999.000,9999.000
202606282324,   0.889,9999.000,9999.000,9999.000,9999.000,9999.000,9999.000,9999.000,9999.000
202606282330,   0.874,9999.000,9999.000,9999.000,9999.000,9999.000,9999.000,9999.000,9999.000
202606282336,   0.858,9999.000,9999.000,9999.000,9999.000,9999.000,9999.000,9999.000,9999.000
202606282342,   0.842,9999.000,9999.000,9999.000,9999.000,9999.000,9999.000,9999.000,9999.000
202606282348,   0.826,9999.000,9999.000,9999.000,9999.000,9999.000,9999.000,9999.000,9999.000
202606282354,   0.809,9999.000,9999.000,9999.000,9999.000,9999.000,9999.000,9999.000,9999.000
202606290000,   0.792,9999.000,   0.600,   0.344,   1.736,   0.500,   1.636,   0.600,   1.736
202606290006,   0.775,9999.000,9999.000,9999.000,9999.000,9999.000,9999.000,9999.000,9999.000
202606290012,   0.758,9999.000,9999.000,9999.000,9999.000,9999.000,9999.000,9999.000,9999.000
202606290018,   0.740,9999.000,9999.000,9999.000,9999.000,9999.000,9999.000,9999.000,9999.000
202606290024,   0.722,9999.000,9999.000,9999.000,9999.000,9999.000,9999.000,9999.000,9999.000
202606290030,   0.705,9999.000,9999.000,9999.000,9999.000,9999.000,9999.000,9999.000,9999.000
202606290036,   0.686,9999.000,9999.000,9999.000,9999.000,9999.000,9999.000,9999.000,9999.000
202606290042,   0.668,9999.000,9999.000,9999.000,9999.000,9999.000,9999.000,9999.000,9999.000
202606290048,   0.650,9999.000,9999.000,9999.000,9999.000,9999.000,9999.000,9999.000,9999.000
202606290054,   0.631,9999.000,9999.000,9999.000,9999.000,9999.000,9999.000,9999.000,9999.000
202606290100,   0.612,9999.000,   0.600,   0.344,   1.556,   0.500,   1.456,   0.600,   1.556
202606290106,   0.594,9999.000,9999.000,9999.000,9999.000,9999.000,9999.000,9999.000,9999.000
202606290112,   0.574,9999.000,9999.000,9999.000,9999.000,9999.000,9999.000,9999.000,9999.000
202606290118,   0.555,9999.000,9999.000,9999.000,9999.000,9999.000,9999.000,9999.000,9999.000
202606290124,   0.536,9999.000,9999.000,9999.000,9999.000,9999.000,9999.000,9999.000,9999.000
202606290130,   0.516,9999.000,9999.000,9999.000,9999.000,9999.000,9999.000,9999.000,9999.000
202606290136,   0.497,9999.000,9999.000,9999.000,9999.000,9999.000,9999.000,9999.000,9999.000
202606290142,   0.477,9999.000,9999.000,9999.000,9999.000,9999.000,9999.000,9999.000,9999.000
202606290148,   0.457,9999.000,9999.000,9999.000,9999.000,9999.000,9999.000,9999.000,9999.000
202606290154,   0.436,9999.000,9999.000,9999.000,9999.000,9999.000,9999.000,9999.000,9999.000
202606290200,   0.416,9999.000,   0.600,   0.344,   1.360,   0.500,   1.260,   0.600,   1.360
202606290206,   0.395,9999.000,9999.000,9999.000,9999.000,9999.000,9999.000,9999.000,9999.000
202606290212,   0.375,9999.000,9999.000,9999.000,9999.000,9999.000,9999.000,9999.000,9999.000
202606290218,   0.354,9999.000,9999.000,9999.000,9999.000,9999.000,9999.000,9999.000,9999.000
202606290224,   0.333,9999.000,9999.000,9999.000,9999.000,9999.000,9999.000,9999.000,9999.000
202606290230,   0.311,9999.000,9999.000,9999.000,9999.000,9999.000,9999.000,9999.000,9999.000
202606290236,   0.290,9999.000,9999.000,9999.000,9999.000,9999.000,9999.000,9999.000,9999.000
202606290242,   0.269,9999.000,9999.000,9999.000,9999.000,9999.000,9999.000,9999.000,9999.000
202606290248,   0.247,9999.000,9999.000,9999.000,9999.000,9999.000,9999.000,9999.000,9999.000
202606290254,   0.225,9999.000,9999.000,9999.000,9999.000,9999.000,9999.000,9999.000,9999.000
202606290300,   0.204,9999.000,   0.600,   0.344,   1.148,   0.500,   1.048,   0.600,   1.148
202606290306,   0.182,9999.000,9999.000,9999.000,9999.000,9999.000,9999.000,9999.000,9999.000
202606290312,   0.161,9999.000,9999.000,9999.000,9999.000,9999.000,9999.000,9999.000,9999.000
202606290318,   0.140,9999.000,9999.000,9999.000,9999.000,9999.000,9999.000,9999.000,9999.000
202606290324,   0.118,9999.000,9999.000,9999.000,9999.000,9999.000,9999.000,9999.000,9999.000
202606290330,   0.097,9999.000,9999.000,9999.000,9999.000,9999.000,9999.000,9999.000,9999.000
202606290336,   0.076,9999.000,9999.000,9999.000,9999.000,9999.000,9999.000,9999.000,9999.000
202606290342,   0.056,9999.000,9999.000,9999.000,9999.000,9999.000,9999.000,9999.000,9999.000
202606290348,   0.036,9999.000,9999.000,9999.000,9999.000,9999.000,9999.000,9999.000,9999.000
202606290354,   0.016,9999.000,9999.000,9999.000,9999.000,9999.000,9999.000,9999.000,9999.000
202606290400,  -0.002,9999.000,   0.600,   0.344,   0.942,   0.500,   0.842,   0.600,   0.942
202606290406,  -0.021,9999.000,9999.000,9999.000,9999.000,9999.000,9999.000,9999.000,9999.000
202606290412,  -0.040,9999.000,9999.000,9999.000,9999.000,9999.000,9999.000,9999.000,9999.000
202606290418,  -0.058,9999.000,9999.000,9999.000,9999.000,9999.000,9999.000,9999.000,9999.000
202606290424,  -0.075,9999.000,9999.000,9999.000,9999.000,9999.000,9999.000,9999.000,9999.000
202606290430,  -0.092,9999.000,9999.000,9999.000,9999.000,9999.000,9999.000,9999.000,9999.000
202606290436,  -0.108,9999.000,9999.000,9999.000,9999.000,9999.000,9999.000,9999.000,9999.000
202606290442,  -0.123,9999.000,9999.000,9999.000,9999.000,9999.000,9999.000,9999.000,9999.000
202606290448,  -0.138,9999.000,9999.000,9999.000,9999.000,9999.000,9999.000,9999.000,9999.000
202606290454,  -0.152,9999.000,9999.000,9999.000,9999.000,9999.000,9999.000,9999.000,9999.000
202606290500,  -0.165,9999.000,   0.600,   0.344,   0.779,   0.500,   0.679,   0.600,   0.779
202606290506,  -0.178,9999.000,9999.000,9999.000,9999.000,9999.000,9999.000,9999.000,9999.000
202606290512,  -0.189,9999.000,9999.000,9999.000,9999.000,9999.000,9999.000,9999.000,9999.000
202606290518,  -0.200,9999.000,9999.000,9999.000,9999.000,9999.000,9999.000,9999.000,9999.000
202606290524,  -0.210,9999.000,9999.000,9999.000,9999.000,9999.000,9999.000,9999.000,9999.000
202606290530,  -0.219,9999.000,9999.000,9999.000,9999.000,9999.000,9999.000,9999.000,9999.000
202606290536,  -0.228,9999.000,9999.000,9999.000,9999.000,9999.000,9999.000,9999.000,9999.000
202606290542,  -0.235,9999.000,9999.000,9999.000,9999.000,9999.000,9999.000,9999.000,9999.000
202606290548,  -0.242,9999.000,9999.000,9999.000,9999.000,9999.000,9999.000,9999.000,9999.000
202606290554,  -0.248,9999.000,9999.000,9999.000,9999.000,9999.000,9999.000,9999.000,9999.000
202606290600,  -0.253,9999.000,   0.600,   0.344,   0.691,   0.500,   0.591,   0.600,   0.691
202606290606,  -0.257,9999.000,9999.000,9999.000,9999.000,9999.000,9999.000,9999.000,9999.000
202606290612,  -0.260,9999.000,9999.000,9999.000,9999.000,9999.000,9999.000,9999.000,9999.000
202606290618,  -0.263,9999.000,9999.000,9999.000,9999.000,9999.000,9999.000,9999.000,9999.000
202606290624,  -0.264,9999.000,9999.000,9999.000,9999.000,9999.000,9999.000,9999.000,9999.000
202606290630,  -0.265,9999.000,9999.000,9999.000,9999.000,9999.000,9999.000,9999.000,9999.000
202606290636,  -0.264,9999.000,9999.000,9999.000,9999.000,9999.000,9999.000,9999.000,9999.000
202606290642,  -0.263,9999.000,9999.000,9999.000,9999.000,9999.000,9999.000,9999.000,9999.000
202606290648,  -0.260,9999.000,9999.000,9999.000,9999.000,9999.000,9999.000,9999.000,9999.000
202606290654,  -0.257,9999.000,9999.000,9999.000,9999.000,9999.000,9999.000,9999.000,9999.000
202606290700,  -0.252,9999.000,   0.600,   0.344,   0.692,   0.500,   0.592,   0.600,   0.692
202606290706,  -0.247,9999.000,9999.000,9999.000,9999.000,9999.000,9999.000,9999.000,9999.000
202606290712,  -0.240,9999.000,9999.000,9999.000,9999.000,9999.000,9999.000,9999.000,9999.000
202606290718,  -0.233,9999.000,9999.000,9999.000,9999.000,9999.000,9999.000,9999.000,9999.000
202606290724,  -0.224,9999.000,9999.000,9999.000,9999.000,9999.000,9999.000,9999.000,9999.000
202606290730,  -0.214,9999.000,9999.000,9999.000,9999.000,9999.000,9999.000,9999.000,9999.000
202606290736,  -0.203,9999.000,9999.000,9999.000,9999.000,9999.000,9999.000,9999.000,9999.000
202606290742,  -0.191,9999.000,9999.000,9999.000,9999.000,9999.000,9999.000,9999.000,9999.000
202606290748,  -0.178,9999.000,9999.000,9999.000,9999.000,9999.000,9999.000,9999.000,9999.000
202606290754,  -0.163,9999.000,9999.000,9999.000,9999.000,9999.000,9999.000,9999.000,9999.000
202606290800,  -0.147,9999.000,   0.600,   0.344,   0.797,   0.500,   0.697,   0.600,   0.797
202606290806,  -0.131,9999.000,9999.000,9999.000,9999.000,9999.000,9999.000,9999.000,9999.000
202606290812,  -0.113,9999.000,9999.000,9999.000,9999.000,9999.000,9999.000,9999.000,9999.000
202606290818,  -0.093,9999.000,9999.000,9999.000,9999.000,9999.000,9999.000,9999.000,9999.000
202606290824,  -0.073,9999.000,9999.000,9999.000,9999.000,9999.000,9999.000,9999.000,9999.000
202606290830,  -0.052,9999.000,9999.000,9999.000,9999.000,9999.000,9999.000,9999.000,9999.000
202606290836,  -0.029,9999.000,9999.000,9999.000,9999.000,9999.000,9999.000,9999.000,9999.000
202606290842,  -0.006,9999.000,9999.000,9999.000,9999.000,9999.000,9999.000,9999.000,9999.000
202606290848,   0.018,9999.000,9999.000,9999.000,9999.000,9999.000,9999.000,9999.000,9999.000
202606290854,   0.043,9999.000,9999.000,9999.000,9999.000,9999.000,9999.000,9999.000,9999.000
202606290900,   0.070,9999.000,   0.600,   0.344,   1.014,   0.500,   0.914,   0.600,   1.014
202606290906,   0.097,9999.000,9999.000,9999.000,9999.000,9999.000,9999.000,9999.000,9999.000
202606290912,   0.125,9999.000,9999.000,9999.000,9999.000,9999.000,9999.000,9999.000,9999.000
202606290918,   0.154,9999.000,9999.000,9999.000,9999.000,9999.000,9999.000,9999.000,9999.000
202606290924,   0.183,9999.000,9999.000,9999.000,9999.000,9999.000,9999.000,9999.000,9999.000
202606290930,   0.213,9999.000,9999.000,9999.000,9999.000,9999.000,9999.000,9999.000,9999.000
202606290936,   0.243,9999.000,9999.000,9999.000,9999.000,9999.000,9999.000,9999.000,9999.000
202606290942,   0.274,9999.000,9999.000,9999.000,9999.000,9999.000,9999.000,9999.000,9999.000
202606290948,   0.305,9999.000,9999.000,9999.000,9999.000,9999.000,9999.000,9999.000,9999.000
202606290954,   0.336,9999.000,9999.000,9999.000,9999.000,9999.000,9999.000,9999.000,9999.000
202606291000,   0.368,9999.000,   0.600,   0.344,   1.312,   0.500,   1.212,   0.600,   1.312
202606291006,   0.399,9999.000,9999.000,9999.000,9999.000,9999.000,9999.000,9999.000,9999.000
202606291012,   0.431,9999.000,9999.000,9999.000,9999.000,9999.000,9999.000,9999.000,9999.000
202606291018,   0.463,9999.000,9999.000,9999.000,9999.000,9999.000,9999.000,9999.000,9999.000
202606291024,   0.494,9999.000,9999.000,9999.000,9999.000,9999.000,9999.000,9999.000,9999.000
202606291030,   0.525,9999.000,9999.000,9999.000,9999.000,9999.000,9999.000,9999.000,9999.000
202606291036,   0.557,9999.000,9999.000,9999.000,9999.000,9999.000,9999.000,9999.000,9999.000
202606291042,   0.587,9999.000,9999.000,9999.000,9999.000,9999.000,9999.000,9999.000,9999.000
202606291048,   0.618,9999.000,9999.000,9999.000,9999.000,9999.000,9999.000,9999.000,9999.000
202606291054,   0.648,9999.000,9999.000,9999.000,9999.000,9999.000,9999.000,9999.000,9999.000
202606291100,   0.677,9999.000,   0.600,   0.344,   1.621,   0.500,   1.521,   0.600,   1.621
202606291106,   0.706,9999.000,9999.000,9999.000,9999.000,9999.000,9999.000,9999.000,9999.000
202606291112,   0.735,9999.000,9999.000,9999.000,9999.000,9999.000,9999.000,9999.000,9999.000
202606291118,   0.763,9999.000,9999.000,9999.000,9999.000,9999.000,9999.000,9999.000,9999.000
202606291124,   0.790,9999.000,9999.000,9999.000,9999.000,9999.000,9999.000,9999.000,9999.000
202606291130,   0.817,9999.000,9999.000,9999.000,9999.000,9999.000,9999.000,9999.000,9999.000
202606291136,   0.844,9999.000,9999.000,9999.000,9999.000,9999.000,9999.000,9999.000,9999.000
202606291142,   0.869,9999.000,9999.000,9999.000,9999.000,9999.000,9999.000,9999.000,9999.000
202606291148,   0.895,9999.000,9999.000,9999.000,9999.000,9999.000,9999.000,9999.000,9999.000
202606291154,   0.919,9999.000,9999.000,9999.000,9999.000,9999.000,9999.000,9999.000,9999.000
202606291200,   0.943,9999.000,   0.600,   0.344,   1.887,   0.500,   1.787,   0.700,   1.987
202606291206,   0.966,9999.000,9999.000,9999.000,9999.000,9999.000,9999.000,9999.000,9999.000
202606291212,   0.989,9999.000,9999.000,9999.000,9999.000,9999.000,9999.000,9999.000,9999.000
202606291218,   1.011,9999.000,9999.000,9999.000,9999.000,9999.000,9999.000,9999.000,9999.000
202606291224,   1.032,9999.000,9999.000,9999.000,9999.000,9999.000,9999.000,9999.000,9999.000
202606291230,   1.053,9999.000,9999.000,9999.000,9999.000,9999.000,9999.000,9999.000,9999.000
202606291236,   1.074,9999.000,9999.000,9999.000,9999.000,9999.000,9999.000,9999.000,9999.000
202606291242,   1.093,9999.000,9999.000,9999.000,9999.000,9999.000,9999.000,9999.000,9999.000
202606291248,   1.112,9999.000,9999.000,9999.000,9999.000,9999.000,9999.000,9999.000,9999.000
202606291254,   1.131,9999.000,9999.000,9999.000,9999.000,9999.000,9999.000,9999.000,9999.000
202606291300,   1.148,9999.000,   0.600,   0.344,   2.092,   0.500,   1.992,   0.700,   2.192
202606291306,   1.165,9999.000,9999.000,9999.000,9999.000,9999.000,9999.000,9999.000,9999.000
202606291312,   1.182,9999.000,9999.000,9999.000,9999.000,9999.000,9999.000,9999.000,9999.000
202606291318,   1.198,9999.000,9999.000,9999.000,9999.000,9999.000,9999.000,9999.000,9999.000
202606291324,   1.213,9999.000,9999.000,9999.000,9999.000,9999.000,9999.000,9999.000,9999.000
202606291330,   1.228,9999.000,9999.000,9999.000,9999.000,9999.000,9999.000,9999.000,9999.000
202606291336,   1.242,9999.000,9999.000,9999.000,9999.000,9999.000,9999.000,9999.000,9999.000
202606291342,   1.255,9999.000,9999.000,9999.000,9999.000,9999.000,9999.000,9999.000,9999.000
202606291348,   1.268,9999.000,9999.000,9999.000,9999.000,9999.000,9999.000,9999.000,9999.000
202606291354,   1.280,9999.000,9999.000,9999.000,9999.000,9999.000,9999.000,9999.000,9999.000
202606291400,   1.291,9999.000,   0.600,   0.344,   2.235,   0.500,   2.135,   0.700,   2.335
202606291406,   1.302,9999.000,9999.000,9999.000,9999.000,9999.000,9999.000,9999.000,9999.000
202606291412,   1.312,9999.000,9999.000,9999.000,9999.000,9999.000,9999.000,9999.000,9999.000
202606291418,   1.321,9999.000,9999.000,9999.000,9999.000,9999.000,9999.000,9999.000,9999.000
202606291424,   1.330,9999.000,9999.000,9999.000,9999.000,9999.000,9999.000,9999.000,9999.000
202606291430,   1.338,9999.000,9999.000,9999.000,9999.000,9999.000,9999.000,9999.000,9999.000
202606291436,   1.345,9999.000,9999.000,9999.000,9999.000,9999.000,9999.000,9999.000,9999.000
202606291442,   1.352,9999.000,9999.000,9999.000,9999.000,9999.000,9999.000,9999.000,9999.000
202606291448,   1.358,9999.000,9999.000,9999.000,9999.000,9999.000,9999.000,9999.000,9999.000
202606291454,   1.364,9999.000,9999.000,9999.000,9999.000,9999.000,9999.000,9999.000,9999.000
202606291500,   1.369,9999.000,   0.600,   0.344,   2.313,   0.500,   2.213,   0.700,   2.413
202606291506,   1.374,9999.000,9999.000,9999.000,9999.000,9999.000,9999.000,9999.000,9999.000
202606291512,   1.378,9999.000,9999.000,9999.000,9999.000,9999.000,9999.000,9999.000,9999.000
202606291518,   1.381,9999.000,9999.000,9999.000,9999.000,9999.000,9999.000,9999.000,9999.000
202606291524,   1.384,9999.000,9999.000,9999.000,9999.000,9999.000,9999.000,9999.000,9999.000
202606291530,   1.387,9999.000,9999.000,9999.000,9999.000,9999.000,9999.000,9999.000,9999.000
202606291536,   1.389,9999.000,9999.000,9999.000,9999.000,9999.000,9999.000,9999.000,9999.000
202606291542,   1.391,9999.000,9999.000,9999.000,9999.000,9999.000,9999.000,9999.000,9999.000
202606291548,   1.393,9999.000,9999.000,9999.000,9999.000,9999.000,9999.000,9999.000,9999.000
202606291554,   1.394,9999.000,9999.000,9999.000,9999.000,9999.000,9999.000,9999.000,9999.000
202606291600,   1.395,9999.000,   0.600,   0.344,   2.339,   0.600,   2.339,   0.700,   2.439
202606291606,   1.396,9999.000,9999.000,9999.000,9999.000,9999.000,9999.000,9999.000,9999.000
202606291612,   1.397,9999.000,9999.000,9999.000,9999.000,9999.000,9999.000,9999.000,9999.000
202606291618,   1.397,9999.000,9999.000,9999.000,9999.000,9999.000,9999.000,9999.000,9999.000
202606291624,   1.398,9999.000,9999.000,9999.000,9999.000,9999.000,9999.000,9999.000,9999.000
202606291630,   1.398,9999.000,9999.000,9999.000,9999.000,9999.000,9999.000,9999.000,9999.000
202606291636,   1.398,9999.000,9999.000,9999.000,9999.000,9999.000,9999.000,9999.000,9999.000
202606291642,   1.398,9999.000,9999.000,9999.000,9999.000,9999.000,9999.000,9999.000,9999.000
202606291648,   1.397,9999.000,9999.000,9999.000,9999.000,9999.000,9999.000,9999.000,9999.000
202606291654,   1.397,9999.000,9999.000,9999.000,9999.000,9999.000,9999.000,9999.000,9999.000
202606291700,   1.397,9999.000,   0.600,   0.344,   2.341,   0.600,   2.341,   0.700,   2.441
202606291706,   1.396,9999.000,9999.000,9999.000,9999.000,9999.000,9999.000,9999.000,9999.000
202606291712,   1.396,9999.000,9999.000,9999.000,9999.000,9999.000,9999.000,9999.000,9999.000
202606291718,   1.395,9999.000,9999.000,9999.000,9999.000,9999.000,9999.000,9999.000,9999.000
202606291724,   1.394,9999.000,9999.000,9999.000,9999.000,9999.000,9999.000,9999.000,9999.000
202606291730,   1.393,9999.000,9999.000,9999.000,9999.000,9999.000,9999.000,9999.000,9999.000
202606291736,   1.392,9999.000,9999.000,9999.000,9999.000,9999.000,9999.000,9999.000,9999.000
202606291742,   1.390,9999.000,9999.000,9999.000,9999.000,9999.000,9999.000,9999.000,9999.000
202606291748,   1.389,9999.000,9999.000,9999.000,9999.000,9999.000,9999.000,9999.000,9999.000
202606291754,   1.387,9999.000,9999.000,9999.000,9999.000,9999.000,9999.000,9999.000,9999.000
202606291800,   1.385,9999.000,   0.600,   0.344,   2.329,   0.600,   2.329,   0.700,   2.429
202606291806,   1.383,9999.000,9999.000,9999.000,9999.000,9999.000,9999.000,9999.000,9999.000
202606291812,   1.381,9999.000,9999.000,9999.000,9999.000,9999.000,9999.000,9999.000,9999.000
202606291818,   1.378,9999.000,9999.000,9999.000,9999.000,9999.000,9999.000,9999.000,9999.000
202606291824,   1.376,9999.000,9999.000,9999.000,9999.000,9999.000,9999.000,9999.000,9999.000
202606291830,   1.373,9999.000,9999.000,9999.000,9999.000,9999.000,9999.000,9999.000,9999.000
202606291836,   1.369,9999.000,9999.000,9999.000,9999.000,9999.000,9999.000,9999.000,9999.000
202606291842,   1.366,9999.000,9999.000,9999.000,9999.000,9999.000,9999.000,9999.000,9999.000
202606291848,   1.362,9999.000,9999.000,9999.000,9999.000,9999.000,9999.000,9999.000,9999.000
202606291854,   1.358,9999.000,9999.000,9999.000,9999.000,9999.000,9999.000,9999.000,9999.000
202606291900,   1.353,9999.000,   0.600,   0.344,   2.297,   0.600,   2.297,   0.700,   2.397
202606291906,   1.349,9999.000,9999.000,9999.000,9999.000,9999.000,9999.000,9999.000,9999.000
202606291912,   1.344,9999.000,9999.000,9999.000,9999.000,9999.000,9999.000,9999.000,9999.000
202606291918,   1.339,9999.000,9999.000,9999.000,9999.000,9999.000,9999.000,9999.000,9999.000
202606291924,   1.333,9999.000,9999.000,9999.000,9999.000,9999.000,9999.000,9999.000,9999.000
202606291930,   1.328,9999.000,9999.000,9999.000,9999.000,9999.000,9999.000,9999.000,9999.000
202606291936,   1.322,9999.000,9999.000,9999.000,9999.000,9999.000,9999.000,9999.000,9999.000
202606291942,   1.316,9999.000,9999.000,9999.000,9999.000,9999.000,9999.000,9999.000,9999.000
202606291948,   1.311,9999.000,9999.000,9999.000,9999.000,9999.000,9999.000,9999.000,9999.000
202606291954,   1.305,9999.000,9999.000,9999.000,9999.000,9999.000,9999.000,9999.000,9999.000
202606292000,   1.298,9999.000,   0.600,   0.344,   2.242,   0.600,   2.242,   0.700,   2.342
202606292006,   1.292,9999.000,9999.000,9999.000,9999.000,9999.000,9999.000,9999.000,9999.000
202606292012,   1.286,9999.000,9999.000,9999.000,9999.000,9999.000,9999.000,9999.000,9999.000
202606292018,   1.280,9999.000,9999.000,9999.000,9999.000,9999.000,9999.000,9999.000,9999.000
202606292024,   1.274,9999.000,9999.000,9999.000,9999.000,9999.000,9999.000,9999.000,9999.000
202606292030,   1.267,9999.000,9999.000,9999.000,9999.000,9999.000,9999.000,9999.000,9999.000
202606292036,   1.261,9999.000,9999.000,9999.000,9999.000,9999.000,9999.000,9999.000,9999.000
202606292042,   1.255,9999.000,9999.000,9999.000,9999.000,9999.000,9999.000,9999.000,9999.000
202606292048,   1.248,9999.000,9999.000,9999.000,9999.000,9999.000,9999.000,9999.000,9999.000
202606292054,   1.242,9999.000,9999.000,9999.000,9999.000,9999.000,9999.000,9999.000,9999.000
202606292100,   1.236,9999.000,   0.600,   0.344,   2.180,   0.500,   2.080,   0.700,   2.280
202606292106,   1.229,9999.000,9999.000,9999.000,9999.000,9999.000,9999.000,9999.000,9999.000
202606292112,   1.223,9999.000,9999.000,9999.000,9999.000,9999.000,9999.000,9999.000,9999.000
202606292118,   1.216,9999.000,9999.000,9999.000,9999.000,9999.000,9999.000,9999.000,9999.000
202606292124,   1.210,9999.000,9999.000,9999.000,9999.000,9999.000,9999.000,9999.000,9999.000
202606292130,   1.203,9999.000,9999.000,9999.000,9999.000,9999.000,9999.000,9999.000,9999.000
202606292136,   1.196,9999.000,9999.000,9999.000,9999.000,9999.000,9999.000,9999.000,9999.000
202606292142,   1.189,9999.000,9999.000,9999.000,9999.000,9999.000,9999.000,9999.000,9999.000
202606292148,   1.182,9999.000,9999.000,9999.000,9999.000,9999.000,9999.000,9999.000,9999.000
202606292154,   1.175,9999.000,9999.000,9999.000,9999.000,9999.000,9999.000,9999.000,9999.000
202606292200,   1.167,9999.000,   0.600,   0.344,   2.111,   0.500,   2.011,   0.700,   2.211
202606292206,   1.160,9999.000,9999.000,9999.000,9999.000,9999.000,9999.000,9999.000,9999.000
202606292212,   1.152,9999.000,9999.000,9999.000,9999.000,9999.000,9999.000,9999.000,9999.000
202606292218,   1.143,9999.000,9999.000,9999.000,9999.000,9999.000,9999.000,9999.000,9999.000
202606292224,   1.134,9999.000,9999.000,9999.000,9999.000,9999.000,9999.000,9999.000,9999.000
202606292230,   1.125,9999.000,9999.000,9999.000,9999.000,9999.000,9999.000,9999.000,9999.000
202606292236,   1.116,9999.000,9999.000,9999.000,9999.000,9999.000,9999.000,9999.000,9999.000
202606292242,   1.106,9999.000,9999.000,9999.000,9999.000,9999.000,9999.000,9999.000,9999.000
202606292248,   1.096,9999.000,9999.000,9999.000,9999.000,9999.000,9999.000,9999.000,9999.000
202606292254,   1.085,9999.000,9999.000,9999.000,9999.000,9999.000,9999.000,9999.000,9999.000
202606292300,   1.074,9999.000,   0.600,   0.344,   2.018,   0.500,   1.918,   0.700,   2.118
202606292306,   1.062,9999.000,9999.000,9999.000,9999.000,9999.000,9999.000,9999.000,9999.000
202606292312,   1.050,9999.000,9999.000,9999.000,9999.000,9999.000,9999.000,9999.000,9999.000
202606292318,   1.038,9999.000,9999.000,9999.000,9999.000,9999.000,9999.000,9999.000,9999.000
202606292324,   1.025,9999.000,9999.000,9999.000,9999.000,9999.000,9999.000,9999.000,9999.000
202606292330,   1.012,9999.000,9999.000,9999.000,9999.000,9999.000,9999.000,9999.000,9999.000
202606292336,   0.998,9999.000,9999.000,9999.000,9999.000,9999.000,9999.000,9999.000,9999.000
202606292342,   0.984,9999.000,9999.000,9999.000,9999.000,9999.000,9999.000,9999.000,9999.000
202606292348,   0.970,9999.000,9999.000,9999.000,9999.000,9999.000,9999.000,9999.000,9999.000
202606292354,   0.955,9999.000,9999.000,9999.000,9999.000,9999.000,9999.000,9999.000,9999.000
202606300000,   0.940,9999.000,   0.600,   0.344,   1.884,   0.500,   1.784,   0.700,   1.984
202606300006,   0.925,9999.000,9999.000,9999.000,9999.000,9999.000,9999.000,9999.000,9999.000
202606300012,   0.909,9999.000,9999.000,9999.000,9999.000,9999.000,9999.000,9999.000,9999.000
202606300018,   0.893,9999.000,9999.000,9999.000,9999.000,9999.000,9999.000,9999.000,9999.000
202606300024,   0.877,9999.000,9999.000,9999.000,9999.000,9999.000,9999.000,9999.000,9999.000
202606300030,   0.861,9999.000,9999.000,9999.000,9999.000,9999.000,9999.000,9999.000,9999.000
202606300036,   0.844,9999.000,9999.000,9999.000,9999.000,9999.000,9999.000,9999.000,9999.000
202606300042,   0.827,9999.000,9999.000,9999.000,9999.000,9999.000,9999.000,9999.000,9999.000
202606300048,   0.810,9999.000,9999.000,9999.000,9999.000,9999.000,9999.000,9999.000,9999.000
202606300054,   0.792,9999.000,9999.000,9999.000,9999.000,9999.000,9999.000,9999.000,9999.000
202606300100,   0.775,9999.000,   0.600,   0.344,   1.719,   0.500,   1.619,   0.600,   1.719
202606300106,   0.757,9999.000,9999.000,9999.000,9999.000,9999.000,9999.000,9999.000,9999.000
202606300112,   0.740,9999.000,9999.000,9999.000,9999.000,9999.000,9999.000,9999.000,9999.000
202606300118,   0.721,9999.000,9999.000,9999.000,9999.000,9999.000,9999.000,9999.000,9999.000
202606300124,   0.703,9999.000,9999.000,9999.000,9999.000,9999.000,9999.000,9999.000,9999.000
202606300130,   0.684,9999.000,9999.000,9999.000,9999.000,9999.000,9999.000,9999.000,9999.000
202606300136,   0.665,9999.000,9999.000,9999.000,9999.000,9999.000,9999.000,9999.000,9999.000
202606300142,   0.646,9999.000,9999.000,9999.000,9999.000,9999.000,9999.000,9999.000,9999.000
202606300148,   0.627,9999.000,9999.000,9999.000,9999.000,9999.000,9999.000,9999.000,9999.000
202606300154,   0.607,9999.000,9999.000,9999.000,9999.000,9999.000,9999.000,9999.000,9999.000
202606300200,   0.588,9999.000,   0.600,   0.344,   1.532,   0.500,   1.432,   0.600,   1.532
202606300206,   0.568,9999.000,9999.000,9999.000,9999.000,9999.000,9999.000,9999.000,9999.000
202606300212,   0.548,9999.000,9999.000,9999.000,9999.000,9999.000,9999.000,9999.000,9999.000
202606300218,   0.527,9999.000,9999.000,9999.000,9999.000,9999.000,9999.000,9999.000,9999.000
202606300224,   0.506,9999.000,9999.000,9999.000,9999.000,9999.000,9999.000,9999.000,9999.000
202606300230,   0.486,9999.000,9999.000,9999.000,9999.000,9999.000,9999.000,9999.000,9999.000
202606300236,   0.464,9999.000,9999.000,9999.000,9999.000,9999.000,9999.000,9999.000,9999.000
202606300242,   0.443,9999.000,9999.000,9999.000,9999.000,9999.000,9999.000,9999.000,9999.000
202606300248,   0.421,9999.000,9999.000,9999.000,9999.000,9999.000,9999.000,9999.000,9999.000
202606300254,   0.400,9999.000,9999.000,9999.000,9999.000,9999.000,9999.000,9999.000,9999.000
202606300300,   0.378,9999.000,   0.600,   0.344,   1.322,   0.500,   1.222,   0.600,   1.322
202606300306,   0.356,9999.000,9999.000,9999.000,9999.000,9999.000,9999.000,9999.000,9999.000
202606300312,   0.333,9999.000,9999.000,9999.000,9999.000,9999.000,9999.000,9999.000,9999.000
202606300318,   0.311,9999.000,9999.000,9999.000,9999.000,9999.000,9999.000,9999.000,9999.000
202606300324,   0.288,9999.000,9999.000,9999.000,9999.000,9999.000,9999.000,9999.000,9999.000
202606300330,   0.266,9999.000,9999.000,9999.000,9999.000,9999.000,9999.000,9999.000,9999.000
202606300336,   0.243,9999.000,9999.000,9999.000,9999.000,9999.000,9999.000,9999.000,9999.000
202606300342,   0.221,9999.000,9999.000,9999.000,9999.000,9999.000,9999.000,9999.000,9999.000
202606300348,   0.198,9999.000,9999.000,9999.000,9999.000,9999.000,9999.000,9999.000,9999.000
202606300354,   0.176,9999.000,9999.000,9999.000,9999.000,9999.000,9999.000,9999.000,9999.000
202606300400,   0.154,9999.000,   0.600,   0.344,   1.098,   0.500,   0.998,   0.600,   1.098
202606300406,   0.132,9999.000,9999.000,9999.000,9999.000,9999.000,9999.000,9999.000,9999.000
202606300412,   0.110,9999.000,9999.000,9999.000,9999.000,9999.000,9999.000,9999.000,9999.000
202606300418,   0.088,9999.000,9999.000,9999.000,9999.000,9999.000,9999.000,9999.000,9999.000
202606300424,   0.067,9999.000,9999.000,9999.000,9999.000,9999.000,9999.000,9999.000,9999.000
202606300430,   0.046,9999.000,9999.000,9999.000,9999.000,9999.000,9999.000,9999.000,9999.000
202606300436,   0.026,9999.000,9999.000,9999.000,9999.000,9999.000,9999.000,9999.000,9999.000
202606300442,   0.005,9999.000,9999.000,9999.000,9999.000,9999.000,9999.000,9999.000,9999.000
202606300448,  -0.013,9999.000,9999.000,9999.000,9999.000,9999.000,9999.000,9999.000,9999.000
202606300454,  -0.032,9999.000,9999.000,9999.000,9999.000,9999.000,9999.000,9999.000,9999.000
202606300500,  -0.051,9999.000,   0.600,   0.344,   0.893,   0.500,   0.793,   0.600,   0.893
202606300506,  -0.069,9999.000,9999.000,9999.000,9999.000,9999.000,9999.000,9999.000,9999.000
202606300512,  -0.086,9999.000,9999.000,9999.000,9999.000,9999.000,9999.000,9999.000,9999.000
202606300518,  -0.103,9999.000,9999.000,9999.000,9999.000,9999.000,9999.000,9999.000,9999.000
202606300524,  -0.119,9999.000,9999.000,9999.000,9999.000,9999.000,9999.000,9999.000,9999.000
202606300530,  -0.134,9999.000,9999.000,9999.000,9999.000,9999.000,9999.000,9999.000,9999.000
202606300536,  -0.149,9999.000,9999.000,9999.000,9999.000,9999.000,9999.000,9999.000,9999.000
202606300542,  -0.162,9999.000,9999.000,9999.000,9999.000,9999.000,9999.000,9999.000,9999.000
202606300548,  -0.176,9999.000,9999.000,9999.000,9999.000,9999.000,9999.000,9999.000,9999.000
202606300554,  -0.188,9999.000,9999.000,9999.000,9999.000,9999.000,9999.000,9999.000,9999.000
202606300600,  -0.200,9999.000,   0.500,   0.344,   0.644,   0.500,   0.644,   0.600,   0.744
202606300606,  -0.210,9999.000,9999.000,9999.000,9999.000,9999.000,9999.000,9999.000,9999.000
202606300612,  -0.220,9999.000,9999.000,9999.000,9999.000,9999.000,9999.000,9999.000,9999.000
202606300618,  -0.229,9999.000,9999.000,9999.000,9999.000,9999.000,9999.000,9999.000,9999.000
202606300624,  -0.238,9999.000,9999.000,9999.000,9999.000,9999.000,9999.000,9999.000,9999.000
202606300630,  -0.245,9999.000,9999.000,9999.000,9999.000,9999.000,9999.000,9999.000,9999.000
202606300636,  -0.251,9999.000,9999.000,9999.000,9999.000,9999.000,9999.000,9999.000,9999.000
202606300642,  -0.257,9999.000,9999.000,9999.000,9999.000,9999.000,9999.000,9999.000,9999.000
202606300648,  -0.261,9999.000,9999.000,9999.000,9999.000,9999.000,9999.000,9999.000,9999.000
202606300654,  -0.265,9999.000,9999.000,9999.000,9999.000,9999.000,9999.000,9999.000,9999.000
202606300700,  -0.268,9999.000,   0.500,   0.344,   0.576,   0.500,   0.576,   0.600,   0.676
202606300706,  -0.269,9999.000,9999.000,9999.000,9999.000,9999.000,9999.000,9999.000,9999.000
202606300712,  -0.270,9999.000,9999.000,9999.000,9999.000,9999.000,9999.000,9999.000,9999.000
202606300718,  -0.269,9999.000,9999.000,9999.000,9999.000,9999.000,9999.000,9999.000,9999.000
202606300724,  -0.268,9999.000,9999.000,9999.000,9999.000,9999.000,9999.000,9999.000,9999.000
202606300730,  -0.265,9999.000,9999.000,9999.000,9999.000,9999.000,9999.000,9999.000,9999.000
202606300736,  -0.262,9999.000,9999.000,9999.000,9999.000,9999.000,9999.000,9999.000,9999.000
202606300742,  -0.257,9999.000,9999.000,9999.000,9999.000,9999.000,9999.000,9999.000,9999.000
202606300748,  -0.251,9999.000,9999.000,9999.000,9999.000,9999.000,9999.000,9999.000,9999.000
202606300754,  -0.244,9999.000,9999.000,9999.000,9999.000,9999.000,9999.000,9999.000,9999.000
202606300800,  -0.235,9999.000,   0.500,   0.344,   0.609,   0.500,   0.609,   0.600,   0.709
202606300806,  -0.226,9999.000,9999.000,9999.000,9999.000,9999.000,9999.000,9999.000,9999.000
202606300812,  -0.215,9999.000,9999.000,9999.000,9999.000,9999.000,9999.000,9999.000,9999.000
202606300818,  -0.203,9999.000,9999.000,9999.000,9999.000,9999.000,9999.000,9999.000,9999.000
202606300824,  -0.190,9999.000,9999.000,9999.000,9999.000,9999.000,9999.000,9999.000,9999.000
202606300830,  -0.176,9999.000,9999.000,9999.000,9999.000,9999.000,9999.000,9999.000,9999.000
202606300836,  -0.161,9999.000,9999.000,9999.000,9999.000,9999.000,9999.000,9999.000,9999.000
202606300842,  -0.144,9999.000,9999.000,9999.000,9999.000,9999.000,9999.000,9999.000,9999.000
202606300848,  -0.126,9999.000,9999.000,9999.000,9999.000,9999.000,9999.000,9999.000,9999.000
202606300854,  -0.108,9999.000,9999.000,9999.000,9999.000,9999.000,9999.000,9999.000,9999.000
202606300900,  -0.088,9999.000,   0.600,   0.344,   0.856,   0.500,   0.756,   0.600,   0.856
202606300906,  -0.067,9999.000,9999.000,9999.000,9999.000,9999.000,9999.000,9999.000,9999.000
202606300912,  -0.045,9999.000,9999.000,9999.000,9999.000,9999.000,9999.000,9999.000,9999.000
202606300918,  -0.022,9999.000,9999.000,9999.000,9999.000,9999.000,9999.000,9999.000,9999.000
202606300924,   0.001,9999.000,9999.000,9999.000,9999.000,9999.000,9999.000,9999.000,9999.000
202606300930,   0.026,9999.000,9999.000,9999.000,9999.000,9999.000,9999.000,9999.000,9999.000
202606300936,   0.052,9999.000,9999.000,9999.000,9999.000,9999.000,9999.000,9999.000,9999.000
202606300942,   0.078,9999.000,9999.000,9999.000,9999.000,9999.000,9999.000,9999.000,9999.000
202606300948,   0.105,9999.000,9999.000,9999.000,9999.000,9999.000,9999.000,9999.000,9999.000
202606300954,   0.133,9999.000,9999.000,9999.000,9999.000,9999.000,9999.000,9999.000,9999.000
202606301000,   0.161,9999.000,   0.600,   0.344,   1.105,   0.500,   1.005,   0.600,   1.105
202606301006,   0.190,9999.000,9999.000,9999.000,9999.000,9999.000,9999.000,9999.000,9999.000
202606301012,   0.219,9999.000,9999.000,9999.000,9999.000,9999.000,9999.000,9999.000,9999.000
202606301018,   0.249,9999.000,9999.000,9999.000,9999.000,9999.000,9999.000,9999.000,9999.000
202606301024,   0.279,9999.000,9999.000,9999.000,9999.000,9999.000,9999.000,9999.000,9999.000
202606301030,   0.309,9999.000,9999.000,9999.000,9999.000,9999.000,9999.000,9999.000,9999.000
202606301036,   0.339,9999.000,9999.000,9999.000,9999.000,9999.000,9999.000,9999.000,9999.000
202606301042,   0.370,9999.000,9999.000,9999.000,9999.000,9999.000,9999.000,9999.000,9999.000
202606301048,   0.400,9999.000,9999.000,9999.000,9999.000,9999.000,9999.000,9999.000,9999.000
202606301054,   0.431,9999.000,9999.000,9999.000,9999.000,9999.000,9999.000,9999.000,9999.000
202606301100,   0.461,9999.000,   0.600,   0.344,   1.405,   0.500,   1.305,   0.600,   1.405
202606301106,   0.491,9999.000,9999.000,9999.000,9999.000,9999.000,9999.000,9999.000,9999.000
202606301112,   0.522,9999.000,9999.000,9999.000,9999.000,9999.000,9999.000,9999.000,9999.000
202606301118,   0.551,9999.000,9999.000,9999.000,9999.000,9999.000,9999.000,9999.000,9999.000
202606301124,   0.581,9999.000,9999.000,9999.000,9999.000,9999.000,9999.000,9999.000,9999.000
202606301130,   0.610,9999.000,9999.000,9999.000,9999.000,9999.000,9999.000,9999.000,9999.000
202606301136,   0.639,9999.000,9999.000,9999.000,9999.000,9999.000,9999.000,9999.000,9999.000
202606301142,   0.668,9999.000,9999.000,9999.000,9999.000,9999.000,9999.000,9999.000,9999.000
202606301148,   0.696,9999.000,9999.000,9999.000,9999.000,9999.000,9999.000,9999.000,9999.000
202606301154,   0.724,9999.000,9999.000,9999.000,9999.000,9999.000,9999.000,9999.000,9999.000
202606301200,   0.751,9999.000,   0.600,   0.344,   1.695,   0.500,   1.595,   0.600,   1.695
