        TIME,    TIDE,      OB,   SURGE,    BIAS,     TWL,SURGE90p,  TWL90p,SURGE10p,   TWL10p
202607081800,   3.896,9999.000,   0.800,9999.000,   4.696,   0.800,   4.696,   0.800,   4.696
202607081806,   3.950,9999.000,9999.000,9999.000,9999.000,9999.000,9999.000,9999.000,9999.000
202607081812,   3.999,9999.000,9999.000,9999.000,9999.000,9999.000,9999.000,9999.000,9999.000
202607081818,   4.043,9999.000,9999.000,9999.000,9999.000,9999.000,9999.000,9999.000,9999.000
202607081824,   4.083,9999.000,9999.000,9999.000,9999.000,9999.000,9999.000,9999.000,9999.000
202607081830,   4.119,9999.000,9999.000,9999.000,9999.000,9999.000,9999.000,9999.000,9999.000
202607081836,   4.150,9999.000,9999.000,9999.000,9999.000,9999.000,9999.000,9999.000,9999.000
202607081842,   4.176,9999.000,9999.000,9999.000,9999.000,9999.000,9999.000,9999.000,9999.000
202607081848,   4.199,9999.000,9999.000,9999.000,9999.000,9999.000,9999.000,9999.000,9999.000
202607081854,   4.217,9999.000,9999.000,9999.000,9999.000,9999.000,9999.000,9999.000,9999.000
202607081900,   4.230,   5.129,   0.800,   0.099,   5.129,   0.800,   5.129,   0.900,   5.229
202607081906,   4.240,   5.129,9999.000,9999.000,9999.000,9999.000,9999.000,9999.000,9999.000
202607081912,   4.245,   5.038,9999.000,9999.000,9999.000,9999.000,9999.000,9999.000,9999.000
202607081918,   4.247,   5.047,9999.000,9999.000,9999.000,9999.000,9999.000,9999.000,9999.000
202607081924,   4.244,   5.047,9999.000,9999.000,9999.000,9999.000,9999.000,9999.000,9999.000
202607081930,   4.237,   5.038,9999.000,9999.000,9999.000,9999.000,9999.000,9999.000,9999.000
202607081936,   4.227,   5.028,9999.000,9999.000,9999.000,9999.000,9999.000,9999.000,9999.000
202607081942,   4.213,   5.028,9999.000,9999.000,9999.000,9999.000,9999.000,9999.000,9999.000
202607081948,   4.195,   5.038,9999.000,9999.000,9999.000,9999.000,9999.000,9999.000,9999.000
202607081954,   4.173,   5.018,9999.000,9999.000,9999.000,9999.000,9999.000,9999.000,9999.000
202607082000,   4.148,   5.057,   0.800,   0.109,   5.057,   0.800,   5.057,   0.900,   5.157
202607082006,   4.119,   5.028,9999.000,9999.000,9999.000,9999.000,9999.000,9999.000,9999.000
202607082012,   4.087,   4.939,9999.000,9999.000,9999.000,9999.000,9999.000,9999.000,9999.000
202607082018,   4.051,   4.919,9999.000,9999.000,9999.000,9999.000,9999.000,9999.000,9999.000
202607082024,   4.012,   4.877,9999.000,9999.000,9999.000,9999.000,9999.000,9999.000,9999.000
202607082030,   3.970,   4.847,9999.000,9999.000,9999.000,9999.000,9999.000,9999.000,9999.000
202607082036,   3.924,   4.818,9999.000,9999.000,9999.000,9999.000,9999.000,9999.000,9999.000
202607082042,   3.876,   4.778,9999.000,9999.000,9999.000,9999.000,9999.000,9999.000,9999.000
202607082048,   3.824,   4.710,9999.000,9999.000,9999.000,9999.000,9999.000,9999.000,9999.000
202607082054,   3.770,   4.667,9999.000,9999.000,9999.000,9999.000,9999.000,9999.000,9999.000
202607082100,   3.712,   4.710,   0.800,   0.198,   4.710,   0.800,   4.710,   0.900,   4.810
202607082106,   3.653,   4.628,9999.000,9999.000,9999.000,9999.000,9999.000,9999.000,9999.000
202607082112,   3.590,   4.549,9999.000,9999.000,9999.000,9999.000,9999.000,9999.000,9999.000
202607082118,   3.525,   4.467,9999.000,9999.000,9999.000,9999.000,9999.000,9999.000,9999.000
202607082124,   3.458,   4.388,9999.000,9999.000,9999.000,9999.000,9999.000,9999.000,9999.000
202607082130,   3.389,   4.349,9999.000,9999.000,9999.000,9999.000,9999.000,9999.000,9999.000
202607082136,   3.318,   4.280,9999.000,9999.000,9999.000,9999.000,9999.000,9999.000,9999.000
202607082142,   3.244,   4.208,9999.000,9999.000,9999.000,9999.000,9999.000,9999.000,9999.000
202607082148,   3.170,   4.139,9999.000,9999.000,9999.000,9999.000,9999.000,9999.000,9999.000
202607082154,   3.093,   4.057,9999.000,9999.000,9999.000,9999.000,9999.000,9999.000,9999.000
202607082200,   3.016,   4.008,   0.800,   0.192,   4.008,   0.800,   4.008,   0.900,   4.108
202607082206,   2.937,   3.919,9999.000,9999.000,9999.000,9999.000,9999.000,9999.000,9999.000
202607082212,   2.857,   3.827,9999.000,9999.000,9999.000,9999.000,9999.000,9999.000,9999.000
202607082218,   2.777,   3.758,9999.000,9999.000,9999.000,9999.000,9999.000,9999.000,9999.000
202607082224,   2.695,   3.680,9999.000,9999.000,9999.000,9999.000,9999.000,9999.000,9999.000
202607082230,   2.614,   3.598,9999.000,9999.000,9999.000,9999.000,9999.000,9999.000,9999.000
202607082236,   2.532,   3.519,9999.000,9999.000,9999.000,9999.000,9999.000,9999.000,9999.000
202607082242,   2.450,   3.450,9999.000,9999.000,9999.000,9999.000,9999.000,9999.000,9999.000
202607082248,   2.369,   3.348,9999.000,9999.000,9999.000,9999.000,9999.000,9999.000,9999.000
202607082254,   2.287,   3.250,9999.000,9999.000,9999.000,9999.000,9999.000,9999.000,9999.000
202607082300,   2.207,   3.168,   0.800,   0.161,   3.168,   0.800,   3.168,   0.900,   3.268
202607082306,   2.127,   3.079,9999.000,9999.000,9999.000,9999.000,9999.000,9999.000,9999.000
202607082312,   2.048,   2.988,9999.000,9999.000,9999.000,9999.000,9999.000,9999.000,9999.000
202607082318,   1.969,   2.889,9999.000,9999.000,9999.000,9999.000,9999.000,9999.000,9999.000
202607082324,   1.893,   2.797,9999.000,9999.000,9999.000,9999.000,9999.000,9999.000,9999.000
202607082330,   1.817,   2.699,9999.000,9999.000,9999.000,9999.000,9999.000,9999.000,9999.000
202607082336,   1.744,   2.620,9999.000,9999.000,9999.000,9999.000,9999.000,9999.000,9999.000
202607082342,   1.672,   2.538,9999.000,9999.000,9999.000,9999.000,9999.000,9999.000,9999.000
202607082348,   1.601,   2.459,9999.000,9999.000,9999.000,9999.000,9999.000,9999.000,9999.000
202607082354,   1.533,   2.377,9999.000,9999.000,9999.000,9999.000,9999.000,9999.000,9999.000
202607090000,   1.467,   2.318,   0.800,   0.051,   2.318,   0.800,   2.318,   0.800,   2.318
202607090006,   1.404,   2.250,9999.000,9999.000,9999.000,9999.000,9999.000,9999.000,9999.000
202607090012,   1.342,   2.158,9999.000,9999.000,9999.000,9999.000,9999.000,9999.000,9999.000
202607090018,   1.284,   2.069,9999.000,9999.000,9999.000,9999.000,9999.000,9999.000,9999.000
202607090024,   1.228,   2.000,9999.000,9999.000,9999.000,9999.000,9999.000,9999.000,9999.000
202607090030,   1.174,   1.928,9999.000,9999.000,9999.000,9999.000,9999.000,9999.000,9999.000
202607090036,   1.124,   1.859,9999.000,9999.000,9999.000,9999.000,9999.000,9999.000,9999.000
202607090042,   1.076,   1.800,9999.000,9999.000,9999.000,9999.000,9999.000,9999.000,9999.000
202607090048,   1.031,   1.748,9999.000,9999.000,9999.000,9999.000,9999.000,9999.000,9999.000
202607090054,   0.990,   1.689,9999.000,9999.000,9999.000,9999.000,9999.000,9999.000,9999.000
202607090100,   0.951,   1.649,   0.800,  -0.102,   1.649,   0.800,   1.649,   0.800,   1.649
202607090106,   0.916,   1.610,9999.000,9999.000,9999.000,9999.000,9999.000,9999.000,9999.000
202607090112,   0.884,   1.518,9999.000,9999.000,9999.000,9999.000,9999.000,9999.000,9999.000
202607090118,   0.855,   1.479,9999.000,9999.000,9999.000,9999.000,9999.000,9999.000,9999.000
202607090124,   0.830,   1.439,9999.000,9999.000,9999.000,9999.000,9999.000,9999.000,9999.000
202607090130,   0.808,   1.390,9999.000,9999.000,9999.000,9999.000,9999.000,9999.000,9999.000
202607090136,   0.790,   1.380,9999.000,9999.000,9999.000,9999.000,9999.000,9999.000,9999.000
202607090142,   0.776,   1.348,9999.000,9999.000,9999.000,9999.000,9999.000,9999.000,9999.000
202607090148,   0.764,   1.328,9999.000,9999.000,9999.000,9999.000,9999.000,9999.000,9999.000
202607090154,   0.757,   1.338,9999.000,9999.000,9999.000,9999.000,9999.000,9999.000,9999.000
202607090200,   0.754,   1.439,   0.800,  -0.115,   1.439,   0.800,   1.439,   0.800,   1.439
202607090206,   0.754,   1.449,9999.000,9999.000,9999.000,9999.000,9999.000,9999.000,9999.000
202607090212,   0.758,   1.361,9999.000,9999.000,9999.000,9999.000,9999.000,9999.000,9999.000
202607090218,   0.766,   1.361,9999.000,9999.000,9999.000,9999.000,9999.000,9999.000,9999.000
202607090224,   0.778,   1.371,9999.000,9999.000,9999.000,9999.000,9999.000,9999.000,9999.000
202607090230,   0.793,   1.459,9999.000,9999.000,9999.000,9999.000,9999.000,9999.000,9999.000
202607090236,   0.813,   1.528,9999.000,9999.000,9999.000,9999.000,9999.000,9999.000,9999.000
202607090242,   0.837,   1.548,9999.000,9999.000,9999.000,9999.000,9999.000,9999.000,9999.000
202607090248,   0.865,   1.620,9999.000,9999.000,9999.000,9999.000,9999.000,9999.000,9999.000
202607090254,   0.897,   1.830,9999.000,9999.000,9999.000,9999.000,9999.000,9999.000,9999.000
202607090300,   0.934,   1.899,   0.800,   0.165,   1.899,   0.800,   1.899,   0.800,   1.899
202607090306,   0.974,   1.981,9999.000,9999.000,9999.000,9999.000,9999.000,9999.000,9999.000
202607090312,   1.018,   1.889,9999.000,9999.000,9999.000,9999.000,9999.000,9999.000,9999.000
202607090318,   1.067,   1.958,9999.000,9999.000,9999.000,9999.000,9999.000,9999.000,9999.000
202607090324,   1.119,   2.030,9999.000,9999.000,9999.000,9999.000,9999.000,9999.000,9999.000
202607090330,   1.175,   2.089,9999.000,9999.000,9999.000,9999.000,9999.000,9999.000,9999.000
202607090336,   1.235,   2.168,9999.000,9999.000,9999.000,9999.000,9999.000,9999.000,9999.000
202607090342,   1.298,   2.250,9999.000,9999.000,9999.000,9999.000,9999.000,9999.000,9999.000
202607090348,   1.365,   2.328,9999.000,9999.000,9999.000,9999.000,9999.000,9999.000,9999.000
202607090354,   1.434,   2.400,9999.000,9999.000,9999.000,9999.000,9999.000,9999.000,9999.000
202607090400,   1.507,   2.640,   0.800,   0.333,   2.640,   0.800,   2.640,   0.800,   2.640
202607090406,   1.582,   2.728,9999.000,9999.000,9999.000,9999.000,9999.000,9999.000,9999.000
202607090412,   1.660,   2.640,9999.000,9999.000,9999.000,9999.000,9999.000,9999.000,9999.000
202607090418,   1.739,   2.719,9999.000,9999.000,9999.000,9999.000,9999.000,9999.000,9999.000
202607090424,   1.821,   2.758,9999.000,9999.000,9999.000,9999.000,9999.000,9999.000,9999.000
202607090430,   1.903,   2.840,9999.000,9999.000,9999.000,9999.000,9999.000,9999.000,9999.000
202607090436,   1.987,   2.929,9999.000,9999.000,9999.000,9999.000,9999.000,9999.000,9999.000
202607090442,   2.071,   2.997,9999.000,9999.000,9999.000,9999.000,9999.000,9999.000,9999.000
202607090448,   2.156,   3.079,9999.000,9999.000,9999.000,9999.000,9999.000,9999.000,9999.000
202607090454,   2.240,   3.309,9999.000,9999.000,9999.000,9999.000,9999.000,9999.000,9999.000
202607090500,   2.323,   3.407,   0.800,   0.284,   3.407,   0.800,   3.407,   0.800,   3.407
202607090506,   2.406,   3.480,9999.000,9999.000,9999.000,9999.000,9999.000,9999.000,9999.000
202607090512,   2.488,   3.548,9999.000,9999.000,9999.000,9999.000,9999.000,9999.000,9999.000
202607090518,   2.568,   3.617,9999.000,9999.000,9999.000,9999.000,9999.000,9999.000,9999.000
202607090524,   2.645,   3.689,9999.000,9999.000,9999.000,9999.000,9999.000,9999.000,9999.000
202607090530,   2.721,   3.749,9999.000,9999.000,9999.000,9999.000,9999.000,9999.000,9999.000
202607090536,   2.794,   3.817,9999.000,9999.000,9999.000,9999.000,9999.000,9999.000,9999.000
202607090542,   2.865,   3.880,9999.000,9999.000,9999.000,9999.000,9999.000,9999.000,9999.000
202607090548,   2.932,   3.929,9999.000,9999.000,9999.000,9999.000,9999.000,9999.000,9999.000
202607090554,   2.996,   3.978,9999.000,9999.000,9999.000,9999.000,9999.000,9999.000,9999.000
202607090600,   3.057,   4.027,   0.800,   0.170,   4.027,   0.700,   3.927,   0.800,   4.027
202607090606,   3.114,   4.090,9999.000,9999.000,9999.000,9999.000,9999.000,9999.000,9999.000
202607090612,   3.168,   3.998,9999.000,9999.000,9999.000,9999.000,9999.000,9999.000,9999.000
202607090618,   3.218,   4.047,9999.000,9999.000,9999.000,9999.000,9999.000,9999.000,9999.000
202607090624,   3.264,   4.080,9999.000,9999.000,9999.000,9999.000,9999.000,9999.000,9999.000
202607090630,   3.307,   4.109,9999.000,9999.000,9999.000,9999.000,9999.000,9999.000,9999.000
202607090636,   3.345,   4.149,9999.000,9999.000,9999.000,9999.000,9999.000,9999.000,9999.000
202607090642,   3.380,   4.159,9999.000,9999.000,9999.000,9999.000,9999.000,9999.000,9999.000
202607090648,   3.411,   4.168,9999.000,9999.000,9999.000,9999.000,9999.000,9999.000,9999.000
202607090654,   3.439,   4.198,9999.000,9999.000,9999.000,9999.000,9999.000,9999.000,9999.000
202607090700,   3.462,   4.359,   0.800,   0.097,   4.359,   0.700,   4.259,   0.800,   4.359
202607090706,   3.482,   4.368,9999.000,9999.000,9999.000,9999.000,9999.000,9999.000,9999.000
202607090712,   3.498,   4.280,9999.000,9999.000,9999.000,9999.000,9999.000,9999.000,9999.000
202607090718,   3.510,   4.300,9999.000,9999.000,9999.000,9999.000,9999.000,9999.000,9999.000
202607090724,   3.519,   4.329,9999.000,9999.000,9999.000,9999.000,9999.000,9999.000,9999.000
202607090730,   3.524,   4.339,9999.000,9999.000,9999.000,9999.000,9999.000,9999.000,9999.000
202607090736,   3.526,   4.339,9999.000,9999.000,9999.000,9999.000,9999.000,9999.000,9999.000
202607090742,   3.524,   4.359,9999.000,9999.000,9999.000,9999.000,9999.000,9999.000,9999.000
202607090748,   3.518,   4.368,9999.000,9999.000,9999.000,9999.000,9999.000,9999.000,9999.000
202607090754,   3.509,   4.437,9999.000,9999.000,9999.000,9999.000,9999.000,9999.000,9999.000
202607090800,   3.497,   4.418,   0.800,   0.121,   4.418,   0.700,   4.318,   0.800,   4.418
202607090806,   3.481,   4.398,9999.000,9999.000,9999.000,9999.000,9999.000,9999.000,9999.000
202607090812,   3.462,   4.309,9999.000,9999.000,9999.000,9999.000,9999.000,9999.000,9999.000
202607090818,   3.440,   4.267,9999.000,9999.000,9999.000,9999.000,9999.000,9999.000,9999.000
202607090824,   3.414,   4.247,9999.000,9999.000,9999.000,9999.000,9999.000,9999.000,9999.000
202607090830,   3.385,   4.237,9999.000,9999.000,9999.000,9999.000,9999.000,9999.000,9999.000
202607090836,   3.353,   4.198,9999.000,9999.000,9999.000,9999.000,9999.000,9999.000,9999.000
202607090842,   3.318,   4.139,9999.000,9999.000,9999.000,9999.000,9999.000,9999.000,9999.000
202607090848,   3.279,   4.070,9999.000,9999.000,9999.000,9999.000,9999.000,9999.000,9999.000
202607090854,   3.237,   3.998,9999.000,9999.000,9999.000,9999.000,9999.000,9999.000,9999.000
202607090900,   3.192,   4.027,   0.800,   0.035,   4.027,   0.700,   3.927,   0.800,   4.027
202607090906,   3.144,   3.958,9999.000,9999.000,9999.000,9999.000,9999.000,9999.000,9999.000
202607090912,   3.094,   3.870,9999.000,9999.000,9999.000,9999.000,9999.000,9999.000,9999.000
202607090918,   3.040,   3.788,9999.000,9999.000,9999.000,9999.000,9999.000,9999.000,9999.000
202607090924,   2.984,   3.699,9999.000,9999.000,9999.000,9999.000,9999.000,9999.000,9999.000
202607090930,   2.925,   3.637,9999.000,9999.000,9999.000,9999.000,9999.000,9999.000,9999.000
202607090936,   2.863,   3.578,9999.000,9999.000,9999.000,9999.000,9999.000,9999.000,9999.000
202607090942,   2.799,   3.509,9999.000,9999.000,9999.000,9999.000,9999.000,9999.000,9999.000
202607090948,   2.733,   3.427,9999.000,9999.000,9999.000,9999.000,9999.000,9999.000,9999.000
202607090954,   2.664,   3.348,9999.000,9999.000,9999.000,9999.000,9999.000,9999.000,9999.000
202607091000,   2.594,   3.270,   0.700,  -0.024,   3.270,   0.700,   3.270,   0.800,   3.370
202607091006,   2.522,   3.188,9999.000,9999.000,9999.000,9999.000,9999.000,9999.000,9999.000
202607091012,   2.448,   3.099,9999.000,9999.000,9999.000,9999.000,9999.000,9999.000,9999.000
202607091018,   2.372,   3.017,9999.000,9999.000,9999.000,9999.000,9999.000,9999.000,9999.000
202607091024,   2.296,   2.929,9999.000,9999.000,9999.000,9999.000,9999.000,9999.000,9999.000
202607091030,   2.218,   2.840,9999.000,9999.000,9999.000,9999.000,9999.000,9999.000,9999.000
202607091036,   2.140,   2.758,9999.000,9999.000,9999.000,9999.000,9999.000,9999.000,9999.000
202607091042,   2.061,   2.669,9999.000,9999.000,9999.000,9999.000,9999.000,9999.000,9999.000
202607091048,   1.981,   2.568,9999.000,9999.000,9999.000,9999.000,9999.000,9999.000,9999.000
202607091054,   1.901,   2.509,9999.000,9999.000,9999.000,9999.000,9999.000,9999.000,9999.000
202607091100,   1.821,   2.420,   0.700,  -0.101,   2.420,   0.700,   2.420,   0.800,   2.520
202607091106,   1.741,   2.338,9999.000,9999.000,9999.000,9999.000,9999.000,9999.000,9999.000
202607091112,   1.662,   2.250,9999.000,9999.000,9999.000,9999.000,9999.000,9999.000,9999.000
202607091118,   1.583,   2.177,9999.000,9999.000,9999.000,9999.000,9999.000,9999.000,9999.000
202607091124,   1.505,   2.109,9999.000,9999.000,9999.000,9999.000,9999.000,9999.000,9999.000
202607091130,   1.428,   2.040,9999.000,9999.000,9999.000,9999.000,9999.000,9999.000,9999.000
202607091136,   1.352,   1.958,9999.000,9999.000,9999.000,9999.000,9999.000,9999.000,9999.000
202607091142,   1.278,   1.869,9999.000,9999.000,9999.000,9999.000,9999.000,9999.000,9999.000
202607091148,   1.205,   1.800,9999.000,9999.000,9999.000,9999.000,9999.000,9999.000,9999.000
202607091154,   1.133,   1.728,9999.000,9999.000,9999.000,9999.000,9999.000,9999.000,9999.000
202607091200,   1.064,   1.669,   0.800,  -0.195,   1.669,   0.700,   1.569,   0.800,   1.669
202607091206,   0.997,   1.600,9999.000,9999.000,9999.000,9999.000,9999.000,9999.000,9999.000
202607091212,   0.932,   1.508,9999.000,9999.000,9999.000,9999.000,9999.000,9999.000,9999.000
202607091218,   0.869,   1.449,9999.000,9999.000,9999.000,9999.000,9999.000,9999.000,9999.000
202607091224,   0.809,   1.390,9999.000,9999.000,9999.000,9999.000,9999.000,9999.000,9999.000
202607091230,   0.752,   1.328,9999.000,9999.000,9999.000,9999.000,9999.000,9999.000,9999.000
202607091236,   0.697,   1.259,9999.000,9999.000,9999.000,9999.000,9999.000,9999.000,9999.000
202607091242,   0.646,   1.200,9999.000,9999.000,9999.000,9999.000,9999.000,9999.000,9999.000
202607091248,   0.597,   1.161,9999.000,9999.000,9999.000,9999.000,9999.000,9999.000,9999.000
202607091254,   0.552,   1.108,9999.000,9999.000,9999.000,9999.000,9999.000,9999.000,9999.000
202607091300,   0.510,   1.108,   0.800,  -0.202,   1.108,   0.700,   1.008,   0.800,   1.108
202607091306,   0.471,   1.079,9999.000,9999.000,9999.000,9999.000,9999.000,9999.000,9999.000
202607091312,   0.436,   0.990,9999.000,9999.000,9999.000,9999.000,9999.000,9999.000,9999.000
202607091318,   0.404,   0.961,9999.000,9999.000,9999.000,9999.000,9999.000,9999.000,9999.000
202607091324,   0.376,   0.918,9999.000,9999.000,9999.000,9999.000,9999.000,9999.000,9999.000
202607091330,   0.352,   0.869,9999.000,9999.000,9999.000,9999.000,9999.000,9999.000,9999.000
202607091336,   0.332,   0.859,9999.000,9999.000,9999.000,9999.000,9999.000,9999.000,9999.000
202607091342,   0.315,   0.869,9999.000,9999.000,9999.000,9999.000,9999.000,9999.000,9999.000
202607091348,   0.303,   0.869,9999.000,9999.000,9999.000,9999.000,9999.000,9999.000,9999.000
202607091354,   0.294,   0.879,9999.000,9999.000,9999.000,9999.000,9999.000,9999.000,9999.000
202607091400,   0.290,   0.951,   0.700,  -0.039,   0.951,   0.700,   0.951,   0.800,   1.051
202607091406,   0.290,   0.980,9999.000,9999.000,9999.000,9999.000,9999.000,9999.000,9999.000
202607091412,   0.295,   0.888,9999.000,9999.000,9999.000,9999.000,9999.000,9999.000,9999.000
202607091418,   0.303,   0.951,9999.000,9999.000,9999.000,9999.000,9999.000,9999.000,9999.000
202607091424,   0.317,   1.020,9999.000,9999.000,9999.000,9999.000,9999.000,9999.000,9999.000
202607091430,   0.335,   1.079,9999.000,9999.000,9999.000,9999.000,9999.000,9999.000,9999.000
202607091436,   0.357,   1.128,9999.000,9999.000,9999.000,9999.000,9999.000,9999.000,9999.000
202607091442,   0.384,   1.161,9999.000,9999.000,9999.000,9999.000,9999.000,9999.000,9999.000
202607091448,   0.416,   1.210,9999.000,9999.000,9999.000,9999.000,9999.000,9999.000,9999.000
202607091454,   0.453,   1.279,9999.000,9999.000,9999.000,9999.000,9999.000,9999.000,9999.000
202607091500,   0.494,   1.508,   0.700,   0.314,   1.508,   0.700,   1.508,   0.800,   1.608
202607091506,   0.541,   1.600,9999.000,9999.000,9999.000,9999.000,9999.000,9999.000,9999.000
202607091512,   0.592,   1.508,9999.000,9999.000,9999.000,9999.000,9999.000,9999.000,9999.000
202607091518,   0.648,   1.590,9999.000,9999.000,9999.000,9999.000,9999.000,9999.000,9999.000
202607091524,   0.709,   1.639,9999.000,9999.000,9999.000,9999.000,9999.000,9999.000,9999.000
202607091530,   0.775,   1.689,9999.000,9999.000,9999.000,9999.000,9999.000,9999.000,9999.000
202607091536,   0.845,   1.767,9999.000,9999.000,9999.000,9999.000,9999.000,9999.000,9999.000
202607091542,   0.920,   1.849,9999.000,9999.000,9999.000,9999.000,9999.000,9999.000,9999.000
202607091548,   1.000,   1.928,9999.000,9999.000,9999.000,9999.000,9999.000,9999.000,9999.000
202607091554,   1.084,   2.020,9999.000,9999.000,9999.000,9999.000,9999.000,9999.000,9999.000
202607091600,   1.172,   2.259,   0.700,   0.387,   2.259,   0.700,   2.259,   0.700,   2.259
202607091606,   1.264,   2.338,9999.000,9999.000,9999.000,9999.000,9999.000,9999.000,9999.000
202607091612,   1.360,   2.250,9999.000,9999.000,9999.000,9999.000,9999.000,9999.000,9999.000
202607091618,   1.459,   2.338,9999.000,9999.000,9999.000,9999.000,9999.000,9999.000,9999.000
202607091624,   1.562,   2.450,9999.000,9999.000,9999.000,9999.000,9999.000,9999.000,9999.000
202607091630,   1.667,   2.558,9999.000,9999.000,9999.000,9999.000,9999.000,9999.000,9999.000
202607091636,   1.775,   2.630,9999.000,9999.000,9999.000,9999.000,9999.000,9999.000,9999.000
202607091642,   1.885,   2.699,9999.000,9999.000,9999.000,9999.000,9999.000,9999.000,9999.000
202607091648,   1.996,   2.807,9999.000,9999.000,9999.000,9999.000,9999.000,9999.000,9999.000
202607091654,   2.109,   2.919,9999.000,9999.000,9999.000,9999.000,9999.000,9999.000,9999.000
202607091700,   2.223,   3.230,   0.700,   0.307,   3.230,   0.700,   3.230,   0.700,   3.230
202607091706,   2.337,   3.348,9999.000,9999.000,9999.000,9999.000,9999.000,9999.000,9999.000
202607091712,   2.452,   3.260,9999.000,9999.000,9999.000,9999.000,9999.000,9999.000,9999.000
202607091718,   2.566,   3.368,9999.000,9999.000,9999.000,9999.000,9999.000,9999.000,9999.000
202607091724,   2.679,   3.470,9999.000,9999.000,9999.000,9999.000,9999.000,9999.000,9999.000
202607091730,   2.790,   3.539,9999.000,9999.000,9999.000,9999.000,9999.000,9999.000,9999.000
202607091736,   2.900,   3.650,9999.000,9999.000,9999.000,9999.000,9999.000,9999.000,9999.000
202607091742,   3.009,   3.749,9999.000,9999.000,9999.000,9999.000,9999.000,9999.000,9999.000
202607091748,   3.114,   3.870,9999.000,9999.000,9999.000,9999.000,9999.000,9999.000,9999.000
202607091754,   3.217,   3.949,9999.000,9999.000,9999.000,9999.000,9999.000,9999.000,9999.000
202607091800,   3.317,   4.198,   0.700,   0.181,   4.198,   0.700,   4.198,   0.700,   4.198
202607091806,   3.414,   4.267,9999.000,9999.000,9999.000,9999.000,9999.000,9999.000,9999.000
202607091812,   3.507,   4.178,9999.000,9999.000,9999.000,9999.000,9999.000,9999.000,9999.000
202607091818,   3.597,   4.247,9999.000,9999.000,9999.000,9999.000,9999.000,9999.000,9999.000
202607091824,   3.683,   4.329,9999.000,9999.000,9999.000,9999.000,9999.000,9999.000,9999.000
202607091830,   3.764,   4.408,9999.000,9999.000,9999.000,9999.000,9999.000,9999.000,9999.000
202607091836,   3.842,   4.480,9999.000,9999.000,9999.000,9999.000,9999.000,9999.000,9999.000
202607091842,   3.916,   4.549,9999.000,9999.000,9999.000,9999.000,9999.000,9999.000,9999.000
202607091848,   3.985,   4.598,9999.000,9999.000,9999.000,9999.000,9999.000,9999.000,9999.000
202607091854,   4.049,   4.657,9999.000,9999.000,9999.000,9999.000,9999.000,9999.000,9999.000
202607091900,   4.110,   4.847,   0.700,   0.037,   4.847,   0.700,   4.847,   0.700,   4.847
202607091906,   4.166,   4.900,9999.000,9999.000,9999.000,9999.000,9999.000,9999.000,9999.000
202607091912,   4.218,   4.808,9999.000,9999.000,9999.000,9999.000,9999.000,9999.000,9999.000
202607091918,   4.265,   4.837,9999.000,9999.000,9999.000,9999.000,9999.000,9999.000,9999.000
202607091924,   4.308,   4.877,9999.000,9999.000,9999.000,9999.000,9999.000,9999.000,9999.000
202607091930,   4.347,   4.910,9999.000,9999.000,9999.000,9999.000,9999.000,9999.000,9999.000
202607091936,   4.381,   4.939,9999.000,9999.000,9999.000,9999.000,9999.000,9999.000,9999.000
202607091942,   4.411,   4.959,9999.000,9999.000,9999.000,9999.000,9999.000,9999.000,9999.000
202607091948,   4.436,   4.998,9999.000,9999.000,9999.000,9999.000,9999.000,9999.000,9999.000
202607091954,   4.458,   5.028,9999.000,9999.000,9999.000,9999.000,9999.000,9999.000,9999.000
202607092000,   4.475,   5.169,   0.700,  -0.006,   5.169,   0.700,   5.169,   0.700,   5.169
202607092006,   4.488,   5.188,9999.000,9999.000,9999.000,9999.000,9999.000,9999.000,9999.000
202607092012,   4.497,   5.097,9999.000,9999.000,9999.000,9999.000,9999.000,9999.000,9999.000
202607092018,   4.501,   5.110,9999.000,9999.000,9999.000,9999.000,9999.000,9999.000,9999.000
202607092024,   4.502,   5.129,9999.000,9999.000,9999.000,9999.000,9999.000,9999.000,9999.000
202607092030,   4.498,   5.139,9999.000,9999.000,9999.000,9999.000,9999.000,9999.000,9999.000
202607092036,   4.490,   5.139,9999.000,9999.000,9999.000,9999.000,9999.000,9999.000,9999.000
202607092042,   4.478,   5.120,9999.000,9999.000,9999.000,9999.000,9999.000,9999.000,9999.000
202607092048,   4.462,   5.110,9999.000,9999.000,9999.000,9999.000,9999.000,9999.000,9999.000
202607092054,   4.441,   5.077,9999.000,9999.000,9999.000,9999.000,9999.000,9999.000,9999.000
202607092100,   4.417,   5.139,   0.700,   0.022,   5.139,   0.700,   5.139,   0.700,   5.139
202607092106,   4.388,   5.097,9999.000,9999.000,9999.000,9999.000,9999.000,9999.000,9999.000
202607092112,   4.356,   5.008,9999.000,9999.000,9999.000,9999.000,9999.000,9999.000,9999.000
202607092118,   4.319,   4.969,9999.000,9999.000,9999.000,9999.000,9999.000,9999.000,9999.000
202607092124,   4.279,   4.929,9999.000,9999.000,9999.000,9999.000,9999.000,9999.000,9999.000
202607092130,   4.235,   4.887,9999.000,9999.000,9999.000,9999.000,9999.000,9999.000,9999.000
202607092136,   4.187,   4.847,9999.000,9999.000,9999.000,9999.000,9999.000,9999.000,9999.000
202607092142,   4.135,   4.798,9999.000,9999.000,9999.000,9999.000,9999.000,9999.000,9999.000
202607092148,   4.080,   4.739,9999.000,9999.000,9999.000,9999.000,9999.000,9999.000,9999.000
202607092154,   4.022,   4.700,9999.000,9999.000,9999.000,9999.000,9999.000,9999.000,9999.000
202607092200,   3.960,   4.690,   0.700,   0.030,   4.690,   0.700,   4.690,   0.700,   4.690
202607092206,   3.895,   4.628,9999.000,9999.000,9999.000,9999.000,9999.000,9999.000,9999.000
202607092212,   3.827,   4.539,9999.000,9999.000,9999.000,9999.000,9999.000,9999.000,9999.000
202607092218,   3.756,   4.467,9999.000,9999.000,9999.000,9999.000,9999.000,9999.000,9999.000
202607092224,   3.683,   4.408,9999.000,9999.000,9999.000,9999.000,9999.000,9999.000,9999.000
202607092230,   3.607,   4.349,9999.000,9999.000,9999.000,9999.000,9999.000,9999.000,9999.000
202607092236,   3.529,   4.290,9999.000,9999.000,9999.000,9999.000,9999.000,9999.000,9999.000
202607092242,   3.449,   4.237,9999.000,9999.000,9999.000,9999.000,9999.000,9999.000,9999.000
202607092248,   3.367,   4.149,9999.000,9999.000,9999.000,9999.000,9999.000,9999.000,9999.000
202607092254,   3.283,   4.070,9999.000,9999.000,9999.000,9999.000,9999.000,9999.000,9999.000
202607092300,   3.198,   4.008,   0.700,   0.110,   4.008,   0.700,   4.008,   0.700,   4.008
202607092306,   3.112,   3.929,9999.000,9999.000,9999.000,9999.000,9999.000,9999.000,9999.000
202607092312,   3.024,   3.837,9999.000,9999.000,9999.000,9999.000,9999.000,9999.000,9999.000
202607092318,   2.936,   3.749,9999.000,9999.000,9999.000,9999.000,9999.000,9999.000,9999.000
202607092324,   2.847,   3.670,9999.000,9999.000,9999.000,9999.000,9999.000,9999.000,9999.000
202607092330,   2.758,   3.588,9999.000,9999.000,9999.000,9999.000,9999.000,9999.000,9999.000
202607092336,   2.669,   3.499,9999.000,9999.000,9999.000,9999.000,9999.000,9999.000,9999.000
202607092342,   2.580,   3.417,9999.000,9999.000,9999.000,9999.000,9999.000,9999.000,9999.000
202607092348,   2.491,   3.319,9999.000,9999.000,9999.000,9999.000,9999.000,9999.000,9999.000
202607092354,   2.402,   3.207,9999.000,9999.000,9999.000,9999.000,9999.000,9999.000,9999.000
202607100000,   2.315,   3.099,   0.700,   0.084,   3.099,   0.700,   3.099,   0.700,   3.099
202607100006,   2.228,   2.997,9999.000,9999.000,9999.000,9999.000,9999.000,9999.000,9999.000
202607100012,   2.142,   2.909,9999.000,9999.000,9999.000,9999.000,9999.000,9999.000,9999.000
202607100018,   2.057,   2.797,9999.000,9999.000,9999.000,9999.000,9999.000,9999.000,9999.000
202607100024,   1.973,   2.709,9999.000,9999.000,9999.000,9999.000,9999.000,9999.000,9999.000
202607100030,   1.891,   2.610,9999.000,9999.000,9999.000,9999.000,9999.000,9999.000,9999.000
202607100036,   1.810,   2.519,9999.000,9999.000,9999.000,9999.000,9999.000,9999.000,9999.000
202607100042,   1.732,   2.469,9999.000,9999.000,9999.000,9999.000,9999.000,9999.000,9999.000
202607100048,   1.655,   2.420,9999.000,9999.000,9999.000,9999.000,9999.000,9999.000,9999.000
202607100054,   1.580,   2.348,9999.000,9999.000,9999.000,9999.000,9999.000,9999.000,9999.000
202607100100,   1.507,   2.250,   0.700,   0.043,   2.250,   0.700,   2.250,   0.700,   2.250
202607100106,   1.436,   2.177,9999.000,9999.000,9999.000,9999.000,9999.000,9999.000,9999.000
202607100112,   1.367,   2.089,9999.000,9999.000,9999.000,9999.000,9999.000,9999.000,9999.000
202607100118,   1.301,   2.020,9999.000,9999.000,9999.000,9999.000,9999.000,9999.000,9999.000
202607100124,   1.237,   2.010,9999.000,9999.000,9999.000,9999.000,9999.000,9999.000,9999.000
202607100130,   1.176,   1.958,9999.000,9999.000,9999.000,9999.000,9999.000,9999.000,9999.000
202607100136,   1.118,   1.869,9999.000,9999.000,9999.000,9999.000,9999.000,9999.000,9999.000
202607100142,   1.062,   1.800,9999.000,9999.000,9999.000,9999.000,9999.000,9999.000,9999.000
202607100148,   1.009,   1.738,9999.000,9999.000,9999.000,9999.000,9999.000,9999.000,9999.000
202607100154,   0.959,   1.708,9999.000,9999.000,9999.000,9999.000,9999.000,9999.000,9999.000
202607100200,   0.912,   1.649,   0.700,   0.037,   1.649,   0.700,   1.649,   0.700,   1.649
202607100206,   0.868,   1.600,9999.000,9999.000,9999.000,9999.000,9999.000,9999.000,9999.000
202607100212,   0.827,   1.508,9999.000,9999.000,9999.000,9999.000,9999.000,9999.000,9999.000
202607100218,   0.789,   1.469,9999.000,9999.000,9999.000,9999.000,9999.000,9999.000,9999.000
202607100224,   0.754,   1.400,9999.000,9999.000,9999.000,9999.000,9999.000,9999.000,9999.000
202607100230,   0.723,   1.308,9999.000,9999.000,9999.000,9999.000,9999.000,9999.000,9999.000
202607100236,   0.696,   1.269,9999.000,9999.000,9999.000,9999.000,9999.000,9999.000,9999.000
202607100242,   0.672,   1.229,9999.000,9999.000,9999.000,9999.000,9999.000,9999.000,9999.000
202607100248,   0.652,   1.180,9999.000,9999.000,9999.000,9999.000,9999.000,9999.000,9999.000
202607100254,   0.636,   1.200,9999.000,9999.000,9999.000,9999.000,9999.000,9999.000,9999.000
202607100300,   0.623,   1.229,   0.700,  -0.094,   1.229,   0.700,   1.229,   0.700,   1.229
202607100306,   0.615,   1.229,9999.000,9999.000,9999.000,9999.000,9999.000,9999.000,9999.000
202607100312,   0.611,   1.138,9999.000,9999.000,9999.000,9999.000,9999.000,9999.000,9999.000
202607100318,   0.610,   1.108,9999.000,9999.000,9999.000,9999.000,9999.000,9999.000,9999.000
202607100324,   0.615,   1.108,9999.000,9999.000,9999.000,9999.000,9999.000,9999.000,9999.000
202607100330,   0.623,   1.128,9999.000,9999.000,9999.000,9999.000,9999.000,9999.000,9999.000
202607100336,   0.636,   1.180,9999.000,9999.000,9999.000,9999.000,9999.000,9999.000,9999.000
202607100342,   0.654,   1.279,9999.000,9999.000,9999.000,9999.000,9999.000,9999.000,9999.000
202607100348,   0.676,   1.361,9999.000,9999.000,9999.000,9999.000,9999.000,9999.000,9999.000
202607100354,   0.703,   1.390,9999.000,9999.000,9999.000,9999.000,9999.000,9999.000,9999.000
202607100400,   0.735,   1.571,   0.700,   0.136,   1.571,   0.700,   1.571,   0.700,   1.571
202607100406,   0.771,   1.669,9999.000,9999.000,9999.000,9999.000,9999.000,9999.000,9999.000
202607100412,   0.811,   1.580,9999.000,9999.000,9999.000,9999.000,9999.000,9999.000,9999.000
202607100418,   0.857,   1.659,9999.000,9999.000,9999.000,9999.000,9999.000,9999.000,9999.000
202607100424,   0.906,   1.728,9999.000,9999.000,9999.000,9999.000,9999.000,9999.000,9999.000
202607100430,   0.960,   1.810,9999.000,9999.000,9999.000,9999.000,9999.000,9999.000,9999.000
202607100436,   1.019,   1.859,9999.000,9999.000,9999.000,9999.000,9999.000,9999.000,9999.000
202607100442,   1.081,   1.938,9999.000,9999.000,9999.000,9999.000,9999.000,9999.000,9999.000
202607100448,   1.147,   2.040,9999.000,9999.000,9999.000,9999.000,9999.000,9999.000,9999.000
202607100454,   1.216,   2.118,9999.000,9999.000,9999.000,9999.000,9999.000,9999.000,9999.000
202607100500,   1.289,   2.368,   0.700,   0.379,   2.368,   0.700,   2.368,   0.700,   2.368
202607100506,   1.364,   2.450,9999.000,9999.000,9999.000,9999.000,9999.000,9999.000,9999.000
202607100512,   1.442,   2.348,9999.000,9999.000,9999.000,9999.000,9999.000,9999.000,9999.000
202607100518,   1.522,   2.430,9999.000,9999.000,9999.000,9999.000,9999.000,9999.000,9999.000
202607100524,   1.604,   2.509,9999.000,9999.000,9999.000,9999.000,9999.000,9999.000,9999.000
202607100530,   1.688,   2.548,9999.000,9999.000,9999.000,9999.000,9999.000,9999.000,9999.000
202607100536,   1.773,   2.587,9999.000,9999.000,9999.000,9999.000,9999.000,9999.000,9999.000
202607100542,   1.858,   2.709,9999.000,9999.000,9999.000,9999.000,9999.000,9999.000,9999.000
202607100548,   1.943,   2.797,9999.000,9999.000,9999.000,9999.000,9999.000,9999.000,9999.000
202607100554,   2.029,   2.869,9999.000,9999.000,9999.000,9999.000,9999.000,9999.000,9999.000
202607100600,   2.114,   3.070,   0.700,   0.256,   3.070,   0.600,   2.970,   0.700,   3.070
202607100606,   2.198,   3.129,9999.000,9999.000,9999.000,9999.000,9999.000,9999.000,9999.000
202607100612,   2.281,   3.050,9999.000,9999.000,9999.000,9999.000,9999.000,9999.000,9999.000
202607100618,   2.362,   3.129,9999.000,9999.000,9999.000,9999.000,9999.000,9999.000,9999.000
202607100624,   2.442,   3.178,9999.000,9999.000,9999.000,9999.000,9999.000,9999.000,9999.000
202607100630,   2.519,   3.260,9999.000,9999.000,9999.000,9999.000,9999.000,9999.000,9999.000
202607100636,   2.594,   3.348,9999.000,9999.000,9999.000,9999.000,9999.000,9999.000,9999.000
202607100642,   2.667,   3.358,9999.000,9999.000,9999.000,9999.000,9999.000,9999.000,9999.000
202607100648,   2.737,   3.480,9999.000,9999.000,9999.000,9999.000,9999.000,9999.000,9999.000
202607100654,   2.805,   3.607,9999.000,9999.000,9999.000,9999.000,9999.000,9999.000,9999.000
202607100700,   2.869,   3.817,   0.700,   0.248,   3.817,   0.600,   3.717,   0.700,   3.817
202607100706,   2.930,   3.847,9999.000,9999.000,9999.000,9999.000,9999.000,9999.000,9999.000
202607100712,   2.989,   3.758,9999.000,9999.000,9999.000,9999.000,9999.000,9999.000,9999.000
202607100718,   3.044,   3.778,9999.000,9999.000,9999.000,9999.000,9999.000,9999.000,9999.000
202607100724,   3.095,   3.837,9999.000,9999.000,9999.000,9999.000,9999.000,9999.000,9999.000
202607100730,   3.144,   3.890,9999.000,9999.000,9999.000,9999.000,9999.000,9999.000,9999.000
202607100736,   3.188,   3.958,9999.000,9999.000,9999.000,9999.000,9999.000,9999.000,9999.000
202607100742,   3.230,   4.027,9999.000,9999.000,9999.000,9999.000,9999.000,9999.000,9999.000
202607100748,   3.268,   4.057,9999.000,9999.000,9999.000,9999.000,9999.000,9999.000,9999.000
202607100754,   3.303,   4.037,9999.000,9999.000,9999.000,9999.000,9999.000,9999.000,9999.000
202607100800,   3.334,   4.109,   0.700,   0.075,   4.109,   0.600,   4.009,   0.700,   4.109
202607100806,   3.361,   4.168,9999.000,9999.000,9999.000,9999.000,9999.000,9999.000,9999.000
202607100812,   3.385,   4.080,9999.000,9999.000,9999.000,9999.000,9999.000,9999.000,9999.000
202607100818,   3.405,   4.159,9999.000,9999.000,9999.000,9999.000,9999.000,9999.000,9999.000
202607100824,   3.422,   4.198,9999.000,9999.000,9999.000,9999.000,9999.000,9999.000,9999.000
202607100830,   3.435,   4.198,9999.000,9999.000,9999.000,9999.000,9999.000,9999.000,9999.000
202607100836,   3.445,   4.168,9999.000,9999.000,9999.000,9999.000,9999.000,9999.000,9999.000
202607100842,   3.450,   4.139,9999.000,9999.000,9999.000,9999.000,9999.000,9999.000,9999.000
202607100848,   3.452,   4.188,9999.000,9999.000,9999.000,9999.000,9999.000,9999.000,9999.000
202607100854,   3.450,   4.227,9999.000,9999.000,9999.000,9999.000,9999.000,9999.000,9999.000
202607100900,   3.444,   4.218,   0.600,   0.174,   4.218,   0.600,   4.218,   0.700,   4.318
202607100906,   3.435,   4.168,9999.000,9999.000,9999.000,9999.000,9999.000,9999.000,9999.000
202607100912,   3.421,   4.080,9999.000,9999.000,9999.000,9999.000,9999.000,9999.000,9999.000
202607100918,   3.404,   4.090,9999.000,9999.000,9999.000,9999.000,9999.000,9999.000,9999.000
202607100924,   3.383,   4.057,9999.000,9999.000,9999.000,9999.000,9999.000,9999.000,9999.000
202607100930,   3.358,   3.968,9999.000,9999.000,9999.000,9999.000,9999.000,9999.000,9999.000
202607100936,   3.329,   3.919,9999.000,9999.000,9999.000,9999.000,9999.000,9999.000,9999.000
202607100942,   3.297,   3.880,9999.000,9999.000,9999.000,9999.000,9999.000,9999.000,9999.000
202607100948,   3.260,   3.837,9999.000,9999.000,9999.000,9999.000,9999.000,9999.000,9999.000
202607100954,   3.220,   3.788,9999.000,9999.000,9999.000,9999.000,9999.000,9999.000,9999.000
202607101000,   3.177,   3.768,   0.600,  -0.009,   3.768,   0.600,   3.768,   0.700,   3.868
202607101006,   3.130,   3.719,9999.000,9999.000,9999.000,9999.000,9999.000,9999.000,9999.000
202607101012,   3.079,   3.627,9999.000,9999.000,9999.000,9999.000,9999.000,9999.000,9999.000
202607101018,   3.026,   3.539,9999.000,9999.000,9999.000,9999.000,9999.000,9999.000,9999.000
202607101024,   2.969,   3.470,9999.000,9999.000,9999.000,9999.000,9999.000,9999.000,9999.000
202607101030,   2.909,   3.388,9999.000,9999.000,9999.000,9999.000,9999.000,9999.000,9999.000
202607101036,   2.847,   3.309,9999.000,9999.000,9999.000,9999.000,9999.000,9999.000,9999.000
202607101042,   2.782,   3.230,9999.000,9999.000,9999.000,9999.000,9999.000,9999.000,9999.000
202607101048,   2.714,   3.158,9999.000,9999.000,9999.000,9999.000,9999.000,9999.000,9999.000
202607101054,   2.644,   3.119,9999.000,9999.000,9999.000,9999.000,9999.000,9999.000,9999.000
202607101100,   2.572,   3.040,   0.600,  -0.132,   3.040,   0.600,   3.040,   0.700,   3.140
202607101106,   2.499,   2.948,9999.000,9999.000,9999.000,9999.000,9999.000,9999.000,9999.000
202607101112,   2.423,   2.860,9999.000,9999.000,9999.000,9999.000,9999.000,9999.000,9999.000
202607101118,   2.346,   2.787,9999.000,9999.000,9999.000,9999.000,9999.000,9999.000,9999.000
202607101124,   2.268,   2.738,9999.000,9999.000,9999.000,9999.000,9999.000,9999.000,9999.000
202607101130,   2.189,   2.660,9999.000,9999.000,9999.000,9999.000,9999.000,9999.000,9999.000
202607101136,   2.110,   2.548,9999.000,9999.000,9999.000,9999.000,9999.000,9999.000,9999.000
202607101142,   2.029,   2.450,9999.000,9999.000,9999.000,9999.000,9999.000,9999.000,9999.000
202607101148,   1.948,   2.368,9999.000,9999.000,9999.000,9999.000,9999.000,9999.000,9999.000
202607101154,   1.868,   2.318,9999.000,9999.000,9999.000,9999.000,9999.000,9999.000,9999.000
202607101200,   1.787,   2.250,   0.600,  -0.137,   2.250,   0.600,   2.250,   0.600,   2.250
202607101206,   1.706,   2.148,9999.000,9999.000,9999.000,9999.000,9999.000,9999.000,9999.000
202607101212,   1.626,   2.059,9999.000,9999.000,9999.000,9999.000,9999.000,9999.000,9999.000
202607101218,   1.547,   1.967,9999.000,9999.000,9999.000,9999.000,9999.000,9999.000,9999.000
202607101224,   1.469,   1.889,9999.000,9999.000,9999.000,9999.000,9999.000,9999.000,9999.000
202607101230,   1.391,   1.820,9999.000,9999.000,9999.000,9999.000,9999.000,9999.000,9999.000
202607101236,   1.315,   1.718,9999.000,9999.000,9999.000,9999.000,9999.000,9999.000,9999.000
202607101242,   1.241,   1.639,9999.000,9999.000,9999.000,9999.000,9999.000,9999.000,9999.000
202607101248,   1.167,   1.571,9999.000,9999.000,9999.000,9999.000,9999.000,9999.000,9999.000
202607101254,   1.096,   1.498,9999.000,9999.000,9999.000,9999.000,9999.000,9999.000,9999.000
202607101300,   1.026,   1.430,   0.600,  -0.196,   1.430,   0.600,   1.430,   0.600,   1.430
202607101306,   0.959,   1.361,9999.000,9999.000,9999.000,9999.000,9999.000,9999.000,9999.000
202607101312,   0.893,   1.269,9999.000,9999.000,9999.000,9999.000,9999.000,9999.000,9999.000
202607101318,   0.830,   1.180,9999.000,9999.000,9999.000,9999.000,9999.000,9999.000,9999.000
202607101324,   0.769,   1.108,9999.000,9999.000,9999.000,9999.000,9999.000,9999.000,9999.000
202607101330,   0.711,   1.069,9999.000,9999.000,9999.000,9999.000,9999.000,9999.000,9999.000
202607101336,   0.655,   1.020,9999.000,9999.000,9999.000,9999.000,9999.000,9999.000,9999.000
202607101342,   0.603,   0.961,9999.000,9999.000,9999.000,9999.000,9999.000,9999.000,9999.000
202607101348,   0.553,   0.898,9999.000,9999.000,9999.000,9999.000,9999.000,9999.000,9999.000
202607101354,   0.505,   0.849,9999.000,9999.000,9999.000,9999.000,9999.000,9999.000,9999.000
202607101400,   0.461,   0.898,   0.600,  -0.163,   0.898,   0.600,   0.898,   0.600,   0.898
202607101406,   0.421,   0.869,9999.000,9999.000,9999.000,9999.000,9999.000,9999.000,9999.000
202607101412,   0.383,   0.780,9999.000,9999.000,9999.000,9999.000,9999.000,9999.000,9999.000
202607101418,   0.349,   0.760,9999.000,9999.000,9999.000,9999.000,9999.000,9999.000,9999.000
202607101424,   0.319,   0.698,9999.000,9999.000,9999.000,9999.000,9999.000,9999.000,9999.000
202607101430,   0.292,   0.669,9999.000,9999.000,9999.000,9999.000,9999.000,9999.000,9999.000
202607101436,   0.269,   0.629,9999.000,9999.000,9999.000,9999.000,9999.000,9999.000,9999.000
202607101442,   0.250,   0.639,9999.000,9999.000,9999.000,9999.000,9999.000,9999.000,9999.000
202607101448,   0.235,   0.629,9999.000,9999.000,9999.000,9999.000,9999.000,9999.000,9999.000
202607101454,   0.225,   0.590,9999.000,9999.000,9999.000,9999.000,9999.000,9999.000,9999.000
202607101500,   0.218,   0.718,   0.600,  -0.100,   0.718,   0.600,   0.718,   0.600,   0.718
202607101506,   0.217,   0.698,9999.000,9999.000,9999.000,9999.000,9999.000,9999.000,9999.000
202607101512,   0.219,   0.610,9999.000,9999.000,9999.000,9999.000,9999.000,9999.000,9999.000
202607101518,   0.227,   0.649,9999.000,9999.000,9999.000,9999.000,9999.000,9999.000,9999.000
202607101524,   0.240,   0.741,9999.000,9999.000,9999.000,9999.000,9999.000,9999.000,9999.000
202607101530,   0.257,   0.819,9999.000,9999.000,9999.000,9999.000,9999.000,9999.000,9999.000
202607101536,   0.280,   0.879,9999.000,9999.000,9999.000,9999.000,9999.000,9999.000,9999.000
202607101542,   0.308,   0.918,9999.000,9999.000,9999.000,9999.000,9999.000,9999.000,9999.000
202607101548,   0.341,   1.010,9999.000,9999.000,9999.000,9999.000,9999.000,9999.000,9999.000
202607101554,   0.380,   1.079,9999.000,9999.000,9999.000,9999.000,9999.000,9999.000,9999.000
202607101600,   0.424,   1.361,   0.600,   0.337,   1.361,   0.600,   1.361,   0.600,   1.361
202607101606,   0.473,   1.439,9999.000,9999.000,9999.000,9999.000,9999.000,9999.000,9999.000
202607101612,   0.528,   1.348,9999.000,9999.000,9999.000,9999.000,9999.000,9999.000,9999.000
202607101618,   0.588,   1.439,9999.000,9999.000,9999.000,9999.000,9999.000,9999.000,9999.000
202607101624,   0.654,   1.518,9999.000,9999.000,9999.000,9999.000,9999.000,9999.000,9999.000
202607101630,   0.725,   1.580,9999.000,9999.000,9999.000,9999.000,9999.000,9999.000,9999.000
202607101636,   0.801,   1.649,9999.000,9999.000,9999.000,9999.000,9999.000,9999.000,9999.000
202607101642,   0.883,   1.748,9999.000,9999.000,9999.000,9999.000,9999.000,9999.000,9999.000
202607101648,   0.969,   1.830,9999.000,9999.000,9999.000,9999.000,9999.000,9999.000,9999.000
202607101654,   1.060,   1.908,9999.000,9999.000,9999.000,9999.000,9999.000,9999.000,9999.000
202607101700,   1.155,   2.200,   0.600,   0.445,   2.200,   0.600,   2.200,   0.600,   2.200
202607101706,   1.255,   2.269,9999.000,9999.000,9999.000,9999.000,9999.000,9999.000,9999.000
202607101712,   1.358,   2.177,9999.000,9999.000,9999.000,9999.000,9999.000,9999.000,9999.000
202607101718,   1.465,   2.269,9999.000,9999.000,9999.000,9999.000,9999.000,9999.000,9999.000
202607101724,   1.576,   2.387,9999.000,9999.000,9999.000,9999.000,9999.000,9999.000,9999.000
202607101730,   1.689,   2.489,9999.000,9999.000,9999.000,9999.000,9999.000,9999.000,9999.000
202607101736,   1.804,   2.578,9999.000,9999.000,9999.000,9999.000,9999.000,9999.000,9999.000
202607101742,   1.921,   2.689,9999.000,9999.000,9999.000,9999.000,9999.000,9999.000,9999.000
202607101748,   2.040,   2.807,9999.000,9999.000,9999.000,9999.000,9999.000,9999.000,9999.000
202607101754,   2.161,   2.919,9999.000,9999.000,9999.000,9999.000,9999.000,9999.000,9999.000
202607101800,   2.281,   3.217,   0.600,   0.336,   3.217,   0.600,   3.217,   0.600,   3.217
202607101806,   2.402,   3.299,9999.000,9999.000,9999.000,9999.000,9999.000,9999.000,9999.000
202607101812,   2.523,   3.207,9999.000,9999.000,9999.000,9999.000,9999.000,9999.000,9999.000
202607101818,   2.644,   3.329,9999.000,9999.000,9999.000,9999.000,9999.000,9999.000,9999.000
202607101824,   2.763,   3.460,9999.000,9999.000,9999.000,9999.000,9999.000,9999.000,9999.000
202607101830,   2.881,   3.568,9999.000,9999.000,9999.000,9999.000,9999.000,9999.000,9999.000
202607101836,   2.998,   3.680,9999.000,9999.000,9999.000,9999.000,9999.000,9999.000,9999.000
202607101842,   3.112,   3.749,9999.000,9999.000,9999.000,9999.000,9999.000,9999.000,9999.000
202607101848,   3.224,   3.847,9999.000,9999.000,9999.000,9999.000,9999.000,9999.000,9999.000
202607101854,   3.333,   3.968,9999.000,9999.000,9999.000,9999.000,9999.000,9999.000,9999.000
202607101900,   3.440,   4.257,   0.600,   0.217,   4.257,   0.600,   4.257,   0.600,   4.257
202607101906,   3.543,   4.359,9999.000,9999.000,9999.000,9999.000,9999.000,9999.000,9999.000
202607101912,   3.643,   4.267,9999.000,9999.000,9999.000,9999.000,9999.000,9999.000,9999.000
202607101918,   3.740,   4.339,9999.000,9999.000,9999.000,9999.000,9999.000,9999.000,9999.000
202607101924,   3.833,   4.418,9999.000,9999.000,9999.000,9999.000,9999.000,9999.000,9999.000
202607101930,   3.922,   4.509,9999.000,9999.000,9999.000,9999.000,9999.000,9999.000,9999.000
202607101936,   4.008,   4.578,9999.000,9999.000,9999.000,9999.000,9999.000,9999.000,9999.000
202607101942,   4.089,   4.628,9999.000,9999.000,9999.000,9999.000,9999.000,9999.000,9999.000
202607101948,   4.167,   4.710,9999.000,9999.000,9999.000,9999.000,9999.000,9999.000,9999.000
202607101954,   4.240,   4.788,9999.000,9999.000,9999.000,9999.000,9999.000,9999.000,9999.000
202607102000,   4.309,   4.969,   0.600,   0.060,   4.969,   0.600,   4.969,   0.600,   4.969
202607102006,   4.373,   5.028,9999.000,9999.000,9999.000,9999.000,9999.000,9999.000,9999.000
202607102012,   4.433,   4.929,9999.000,9999.000,9999.000,9999.000,9999.000,9999.000,9999.000
202607102018,   4.489,   4.988,9999.000,9999.000,9999.000,9999.000,9999.000,9999.000,9999.000
202607102024,   4.541,   5.028,9999.000,9999.000,9999.000,9999.000,9999.000,9999.000,9999.000
202607102030,   4.587,   5.077,9999.000,9999.000,9999.000,9999.000,9999.000,9999.000,9999.000
202607102036,   4.630,   5.110,9999.000,9999.000,9999.000,9999.000,9999.000,9999.000,9999.000
202607102042,   4.667,   5.139,9999.000,9999.000,9999.000,9999.000,9999.000,9999.000,9999.000
202607102048,   4.700,   5.179,9999.000,9999.000,9999.000,9999.000,9999.000,9999.000,9999.000
202607102054,   4.728,   5.198,9999.000,9999.000,9999.000,9999.000,9999.000,9999.000,9999.000
202607102100,   4.752,   5.359,   0.600,   0.007,   5.359,   0.600,   5.359,   0.600,   5.359
202607102106,   4.771,   5.389,9999.000,9999.000,9999.000,9999.000,9999.000,9999.000,9999.000
202607102112,   4.784,   5.297,9999.000,9999.000,9999.000,9999.000,9999.000,9999.000,9999.000
202607102118,   4.793,   5.307,9999.000,9999.000,9999.000,9999.000,9999.000,9999.000,9999.000
202607102124,   4.797,   5.320,9999.000,9999.000,9999.000,9999.000,9999.000,9999.000,9999.000
202607102130,   4.796,   5.329,9999.000,9999.000,9999.000,9999.000,9999.000,9999.000,9999.000
202607102136,   4.791,   5.349,9999.000,9999.000,9999.000,9999.000,9999.000,9999.000,9999.000
202607102142,   4.780,   5.349,9999.000,9999.000,9999.000,9999.000,9999.000,9999.000,9999.000
202607102148,   4.764,   5.329,9999.000,9999.000,9999.000,9999.000,9999.000,9999.000,9999.000
202607102154,   4.744,   5.307,9999.000,9999.000,9999.000,9999.000,9999.000,9999.000,9999.000
202607102200,   4.719,   5.349,   0.600,   0.030,   5.349,   0.600,   5.349,   0.600,   5.349
202607102206,   4.689,   5.307,9999.000,9999.000,9999.000,9999.000,9999.000,9999.000,9999.000
202607102212,   4.654,   5.228,9999.000,9999.000,9999.000,9999.000,9999.000,9999.000,9999.000
202607102218,   4.615,   5.179,9999.000,9999.000,9999.000,9999.000,9999.000,9999.000,9999.000
202607102224,   4.571,   5.149,9999.000,9999.000,9999.000,9999.000,9999.000,9999.000,9999.000
202607102230,   4.522,   5.110,9999.000,9999.000,9999.000,9999.000,9999.000,9999.000,9999.000
202607102236,   4.470,   5.057,9999.000,9999.000,9999.000,9999.000,9999.000,9999.000,9999.000
202607102242,   4.413,   5.018,9999.000,9999.000,9999.000,9999.000,9999.000,9999.000,9999.000
202607102248,   4.353,   4.959,9999.000,9999.000,9999.000,9999.000,9999.000,9999.000,9999.000
202607102254,   4.289,   4.919,9999.000,9999.000,9999.000,9999.000,9999.000,9999.000,9999.000
202607102300,   4.221,   4.919,   0.600,   0.098,   4.919,   0.600,   4.919,   0.600,   4.919
202607102306,   4.149,   4.867,9999.000,9999.000,9999.000,9999.000,9999.000,9999.000,9999.000
202607102312,   4.075,   4.778,9999.000,9999.000,9999.000,9999.000,9999.000,9999.000,9999.000
202607102318,   3.997,   4.729,9999.000,9999.000,9999.000,9999.000,9999.000,9999.000,9999.000
202607102324,   3.917,   4.667,9999.000,9999.000,9999.000,9999.000,9999.000,9999.000,9999.000
202607102330,   3.834,   4.618,9999.000,9999.000,9999.000,9999.000,9999.000,9999.000,9999.000
202607102336,   3.749,   4.549,9999.000,9999.000,9999.000,9999.000,9999.000,9999.000,9999.000
202607102342,   3.662,   4.457,9999.000,9999.000,9999.000,9999.000,9999.000,9999.000,9999.000
202607102348,   3.572,   4.388,9999.000,9999.000,9999.000,9999.000,9999.000,9999.000,9999.000
202607102354,   3.481,   4.329,9999.000,9999.000,9999.000,9999.000,9999.000,9999.000,9999.000
202607110000,   3.389,   4.237,   0.600,   0.248,   4.237,   0.600,   4.237,   0.600,   4.237
202607110006,   3.295,   4.159,9999.000,9999.000,9999.000,9999.000,9999.000,9999.000,9999.000
202607110012,   3.200,   4.070,9999.000,9999.000,9999.000,9999.000,9999.000,9999.000,9999.000
202607110018,   3.104,   3.988,9999.000,9999.000,9999.000,9999.000,9999.000,9999.000,9999.000
202607110024,   3.008,   3.899,9999.000,9999.000,9999.000,9999.000,9999.000,9999.000,9999.000
202607110030,   2.911,   3.817,9999.000,9999.000,9999.000,9999.000,9999.000,9999.000,9999.000
202607110036,   2.814,   3.719,9999.000,9999.000,9999.000,9999.000,9999.000,9999.000,9999.000
202607110042,   2.717,   3.627,9999.000,9999.000,9999.000,9999.000,9999.000,9999.000,9999.000
202607110048,   2.620,   3.548,9999.000,9999.000,9999.000,9999.000,9999.000,9999.000,9999.000
202607110054,   2.523,   3.450,9999.000,9999.000,9999.000,9999.000,9999.000,9999.000,9999.000
202607110100,   2.427,   3.329,   0.600,   0.302,   3.329,   0.600,   3.329,   0.600,   3.329
202607110106,   2.332,   3.217,9999.000,9999.000,9999.000,9999.000,9999.000,9999.000,9999.000
202607110112,   2.237,   3.129,9999.000,9999.000,9999.000,9999.000,9999.000,9999.000,9999.000
202607110118,   2.143,   3.030,9999.000,9999.000,9999.000,9999.000,9999.000,9999.000,9999.000
202607110124,   2.050,   2.919,9999.000,9999.000,9999.000,9999.000,9999.000,9999.000,9999.000
202607110130,   1.958,   2.820,9999.000,9999.000,9999.000,9999.000,9999.000,9999.000,9999.000
202607110136,   1.867,   2.709,9999.000,9999.000,9999.000,9999.000,9999.000,9999.000,9999.000
202607110142,   1.778,   2.610,9999.000,9999.000,9999.000,9999.000,9999.000,9999.000,9999.000
202607110148,   1.691,   2.509,9999.000,9999.000,9999.000,9999.000,9999.000,9999.000,9999.000
202607110154,   1.605,   2.400,9999.000,9999.000,9999.000,9999.000,9999.000,9999.000,9999.000
202607110200,   1.521,   2.279,   0.600,   0.158,   2.279,   0.600,   2.279,   0.600,   2.279
202607110206,   1.439,   2.177,9999.000,9999.000,9999.000,9999.000,9999.000,9999.000,9999.000
202607110212,   1.359,   2.089,9999.000,9999.000,9999.000,9999.000,9999.000,9999.000,9999.000
202607110218,   1.281,   2.000,9999.000,9999.000,9999.000,9999.000,9999.000,9999.000,9999.000
202607110224,   1.205,   1.908,9999.000,9999.000,9999.000,9999.000,9999.000,9999.000,9999.000
202607110230,   1.132,   1.820,9999.000,9999.000,9999.000,9999.000,9999.000,9999.000,9999.000
202607110236,   1.061,   1.728,9999.000,9999.000,9999.000,9999.000,9999.000,9999.000,9999.000
202607110242,   0.993,   1.630,9999.000,9999.000,9999.000,9999.000,9999.000,9999.000,9999.000
202607110248,   0.928,   1.548,9999.000,9999.000,9999.000,9999.000,9999.000,9999.000,9999.000
202607110254,   0.866,   1.518,9999.000,9999.000,9999.000,9999.000,9999.000,9999.000,9999.000
202607110300,   0.807,   1.439,   0.600,   0.032,   1.439,   0.600,   1.439,   0.600,   1.439
202607110306,   0.751,   1.390,9999.000,9999.000,9999.000,9999.000,9999.000,9999.000,9999.000
202607110312,   0.698,   1.298,9999.000,9999.000,9999.000,9999.000,9999.000,9999.000,9999.000
202607110318,   0.649,   1.239,9999.000,9999.000,9999.000,9999.000,9999.000,9999.000,9999.000
202607110324,   0.604,   1.170,9999.000,9999.000,9999.000,9999.000,9999.000,9999.000,9999.000
202607110330,   0.563,   1.118,9999.000,9999.000,9999.000,9999.000,9999.000,9999.000,9999.000
202607110336,   0.525,   1.088,9999.000,9999.000,9999.000,9999.000,9999.000,9999.000,9999.000
202607110342,   0.492,   1.049,9999.000,9999.000,9999.000,9999.000,9999.000,9999.000,9999.000
202607110348,   0.463,   1.029,9999.000,9999.000,9999.000,9999.000,9999.000,9999.000,9999.000
202607110354,   0.438,   0.990,9999.000,9999.000,9999.000,9999.000,9999.000,9999.000,9999.000
202607110400,   0.418,   1.010,   0.600,  -0.008,   1.010,   0.600,   1.010,   0.600,   1.010
202607110406,   0.403,   1.059,9999.000,9999.000,9999.000,9999.000,9999.000,9999.000,9999.000
202607110412,   0.392,   0.970,9999.000,9999.000,9999.000,9999.000,9999.000,9999.000,9999.000
202607110418,   0.386,   0.990,9999.000,9999.000,9999.000,9999.000,9999.000,9999.000,9999.000
202607110424,   0.385,   1.010,9999.000,9999.000,9999.000,9999.000,9999.000,9999.000,9999.000
202607110430,   0.389,   1.020,9999.000,9999.000,9999.000,9999.000,9999.000,9999.000,9999.000
202607110436,   0.399,   1.000,9999.000,9999.000,9999.000,9999.000,9999.000,9999.000,9999.000
202607110442,   0.413,   1.059,9999.000,9999.000,9999.000,9999.000,9999.000,9999.000,9999.000
202607110448,   0.432,   1.128,9999.000,9999.000,9999.000,9999.000,9999.000,9999.000,9999.000
202607110454,   0.457,   1.348,9999.000,9999.000,9999.000,9999.000,9999.000,9999.000,9999.000
202607110500,   0.487,   1.410,   0.600,   0.323,   1.410,   0.600,   1.410,   0.600,   1.410
202607110506,   0.522,   1.439,9999.000,9999.000,9999.000,9999.000,9999.000,9999.000,9999.000
202607110512,   0.562,   1.348,9999.000,9999.000,9999.000,9999.000,9999.000,9999.000,9999.000
202607110518,   0.607,   1.410,9999.000,9999.000,9999.000,9999.000,9999.000,9999.000,9999.000
202607110524,   0.657,   1.469,9999.000,9999.000,9999.000,9999.000,9999.000,9999.000,9999.000
202607110530,   0.711,   1.548,9999.000,9999.000,9999.000,9999.000,9999.000,9999.000,9999.000
202607110536,   0.770,   1.649,9999.000,9999.000,9999.000,9999.000,9999.000,9999.000,9999.000
202607110542,   0.833,   1.738,9999.000,9999.000,9999.000,9999.000,9999.000,9999.000,9999.000
202607110548,   0.900,   1.800,9999.000,9999.000,9999.000,9999.000,9999.000,9999.000,9999.000
202607110554,   0.971,   1.849,9999.000,9999.000,9999.000,9999.000,9999.000,9999.000,9999.000
202607110600,   1.045,   2.109,   0.600,   0.464,   2.109,   0.600,   2.109,   0.600,   2.109
202607110606,   1.122,   2.200,9999.000,9999.000,9999.000,9999.000,9999.000,9999.000,9999.000
202607110612,   1.202,   2.109,9999.000,9999.000,9999.000,9999.000,9999.000,9999.000,9999.000
202607110618,   1.284,   2.191,9999.000,9999.000,9999.000,9999.000,9999.000,9999.000,9999.000
202607110624,   1.369,   2.250,9999.000,9999.000,9999.000,9999.000,9999.000,9999.000,9999.000
202607110630,   1.455,   2.309,9999.000,9999.000,9999.000,9999.000,9999.000,9999.000,9999.000
202607110636,   1.543,   2.400,9999.000,9999.000,9999.000,9999.000,9999.000,9999.000,9999.000
202607110642,   1.631,   2.489,9999.000,9999.000,9999.000,9999.000,9999.000,9999.000,9999.000
202607110648,   1.721,   2.587,9999.000,9999.000,9999.000,9999.000,9999.000,9999.000,9999.000
202607110654,   1.810,   2.660,9999.000,9999.000,9999.000,9999.000,9999.000,9999.000,9999.000
202607110700,   1.900,   2.889,   0.600,   0.389,   2.889,   0.600,   2.889,   0.600,   2.889
202607110706,   1.989,   2.978,9999.000,9999.000,9999.000,9999.000,9999.000,9999.000,9999.000
202607110712,   2.077,   2.889,9999.000,9999.000,9999.000,9999.000,9999.000,9999.000,9999.000
202607110718,   2.165,   2.997,9999.000,9999.000,9999.000,9999.000,9999.000,9999.000,9999.000
202607110724,   2.251,   3.070,9999.000,9999.000,9999.000,9999.000,9999.000,9999.000,9999.000
202607110730,   2.336,   3.158,9999.000,9999.000,9999.000,9999.000,9999.000,9999.000,9999.000
202607110736,   2.420,   3.250,9999.000,9999.000,9999.000,9999.000,9999.000,9999.000,9999.000
202607110742,   2.501,   3.319,9999.000,9999.000,9999.000,9999.000,9999.000,9999.000,9999.000
202607110748,   2.580,   3.388,9999.000,9999.000,9999.000,9999.000,9999.000,9999.000,9999.000
202607110754,   2.657,   3.470,9999.000,9999.000,9999.000,9999.000,9999.000,9999.000,9999.000
202607110800,   2.732,   3.719,   0.600,   0.387,   3.719,   0.600,   3.719,   0.600,   3.719
202607110806,   2.804,   3.808,9999.000,9999.000,9999.000,9999.000,9999.000,9999.000,9999.000
202607110812,   2.873,   3.719,9999.000,9999.000,9999.000,9999.000,9999.000,9999.000,9999.000
202607110818,   2.939,   3.758,9999.000,9999.000,9999.000,9999.000,9999.000,9999.000,9999.000
202607110824,   3.002,   3.788,9999.000,9999.000,9999.000,9999.000,9999.000,9999.000,9999.000
202607110830,   3.062,   3.860,9999.000,9999.000,9999.000,9999.000,9999.000,9999.000,9999.000
202607110836,   3.118,   3.939,9999.000,9999.000,9999.000,9999.000,9999.000,9999.000,9999.000
202607110842,   3.171,   3.988,9999.000,9999.000,9999.000,9999.000,9999.000,9999.000,9999.000
202607110848,   3.221,   4.017,9999.000,9999.000,9999.000,9999.000,9999.000,9999.000,9999.000
202607110854,   3.266,   4.070,9999.000,9999.000,9999.000,9999.000,9999.000,9999.000,9999.000
202607110900,   3.308,   4.247,   0.600,   0.339,   4.247,   0.600,   4.247,   0.600,   4.247
202607110906,   3.346,   4.280,9999.000,9999.000,9999.000,9999.000,9999.000,9999.000,9999.000
202607110912,   3.380,   4.188,9999.000,9999.000,9999.000,9999.000,9999.000,9999.000,9999.000
202607110918,   3.410,   4.208,9999.000,9999.000,9999.000,9999.000,9999.000,9999.000,9999.000
202607110924,   3.435,   4.208,9999.000,9999.000,9999.000,9999.000,9999.000,9999.000,9999.000
202607110930,   3.456,   4.237,9999.000,9999.000,9999.000,9999.000,9999.000,9999.000,9999.000
202607110936,   3.473,   4.290,9999.000,9999.000,9999.000,9999.000,9999.000,9999.000,9999.000
202607110942,   3.486,   4.329,9999.000,9999.000,9999.000,9999.000,9999.000,9999.000,9999.000
202607110948,   3.494,   4.339,9999.000,9999.000,9999.000,9999.000,9999.000,9999.000,9999.000
202607110954,   3.497,   4.427,9999.000,9999.000,9999.000,9999.000,9999.000,9999.000,9999.000
202607111000,   3.496,   4.427,   0.600,   0.331,   4.427,   0.600,   4.427,   0.600,   4.427
202607111006,   3.490,   4.408,9999.000,9999.000,9999.000,9999.000,9999.000,9999.000,9999.000
202607111012,   3.480,   4.319,9999.000,9999.000,9999.000,9999.000,9999.000,9999.000,9999.000
202607111018,   3.466,   4.309,9999.000,9999.000,9999.000,9999.000,9999.000,9999.000,9999.000
202607111024,   3.447,   4.290,9999.000,9999.000,9999.000,9999.000,9999.000,9999.000,9999.000
202607111030,   3.423,   4.247,9999.000,9999.000,9999.000,9999.000,9999.000,9999.000,9999.000
202607111036,   3.396,   4.188,9999.000,9999.000,9999.000,9999.000,9999.000,9999.000,9999.000
202607111042,   3.364,   4.139,9999.000,9999.000,9999.000,9999.000,9999.000,9999.000,9999.000
202607111048,   3.327,   4.090,9999.000,9999.000,9999.000,9999.000,9999.000,9999.000,9999.000
202607111054,   3.287,   4.037,9999.000,9999.000,9999.000,9999.000,9999.000,9999.000,9999.000
202607111100,   3.243,   3.988,   0.600,   0.145,   3.988,   0.600,   3.988,   0.600,   3.988
202607111106,   3.195,   3.939,9999.000,9999.000,9999.000,9999.000,9999.000,9999.000,9999.000
202607111112,   3.144,   3.847,9999.000,9999.000,9999.000,9999.000,9999.000,9999.000,9999.000
202607111118,   3.089,   3.778,9999.000,9999.000,9999.000,9999.000,9999.000,9999.000,9999.000
202607111124,   3.031,   3.709,9999.000,9999.000,9999.000,9999.000,9999.000,9999.000,9999.000
202607111130,   2.969,   3.637,9999.000,9999.000,9999.000,9999.000,9999.000,9999.000,9999.000
202607111136,   2.905,   3.548,9999.000,9999.000,9999.000,9999.000,9999.000,9999.000,9999.000
202607111142,   2.838,   3.470,9999.000,9999.000,9999.000,9999.000,9999.000,9999.000,9999.000
202607111148,   2.769,   3.398,9999.000,9999.000,9999.000,9999.000,9999.000,9999.000,9999.000
202607111154,   2.697,   3.339,9999.000,9999.000,9999.000,9999.000,9999.000,9999.000,9999.000
202607111200,   2.623,   3.240,   0.600,   0.017,   3.240,   0.600,   3.240,   0.600,   3.240
202607111206,   2.547,   3.158,9999.000,9999.000,9999.000,9999.000,9999.000,9999.000,9999.000
202607111212,   2.470,   3.070,9999.000,9999.000,9999.000,9999.000,9999.000,9999.000,9999.000
202607111218,   2.391,   2.997,9999.000,9999.000,9999.000,9999.000,9999.000,9999.000,9999.000
202607111224,   2.311,   2.919,9999.000,9999.000,9999.000,9999.000,9999.000,9999.000,9999.000
202607111230,   2.229,   2.840,9999.000,9999.000,9999.000,9999.000,9999.000,9999.000,9999.000
202607111236,   2.147,   2.738,9999.000,9999.000,9999.000,9999.000,9999.000,9999.000,9999.000
202607111242,   2.064,   2.650,9999.000,9999.000,9999.000,9999.000,9999.000,9999.000,9999.000
202607111248,   1.981,   2.558,9999.000,9999.000,9999.000,9999.000,9999.000,9999.000,9999.000
202607111254,   1.898,   2.469,9999.000,9999.000,9999.000,9999.000,9999.000,9999.000,9999.000
202607111300,   1.814,   2.387,   0.600,  -0.027,   2.387,   0.600,   2.387,   0.600,   2.387
202607111306,   1.730,   2.309,9999.000,9999.000,9999.000,9999.000,9999.000,9999.000,9999.000
202607111312,   1.647,   2.220,9999.000,9999.000,9999.000,9999.000,9999.000,9999.000,9999.000
202607111318,   1.565,   2.118,9999.000,9999.000,9999.000,9999.000,9999.000,9999.000,9999.000
202607111324,   1.482,   2.040,9999.000,9999.000,9999.000,9999.000,9999.000,9999.000,9999.000
202607111330,   1.401,   1.958,9999.000,9999.000,9999.000,9999.000,9999.000,9999.000,9999.000
202607111336,   1.321,   1.859,9999.000,9999.000,9999.000,9999.000,9999.000,9999.000,9999.000
202607111342,   1.242,   1.767,9999.000,9999.000,9999.000,9999.000,9999.000,9999.000,9999.000
202607111348,   1.164,   1.699,9999.000,9999.000,9999.000,9999.000,9999.000,9999.000,9999.000
202607111354,   1.087,   1.639,9999.000,9999.000,9999.000,9999.000,9999.000,9999.000,9999.000
202607111400,   1.012,   1.580,   0.600,  -0.032,   1.580,   0.600,   1.580,   0.600,   1.580
202607111406,   0.939,   1.508,9999.000,9999.000,9999.000,9999.000,9999.000,9999.000,9999.000
202607111412,   0.868,   1.420,9999.000,9999.000,9999.000,9999.000,9999.000,9999.000,9999.000
202607111418,   0.799,   1.338,9999.000,9999.000,9999.000,9999.000,9999.000,9999.000,9999.000
202607111424,   0.732,   1.259,9999.000,9999.000,9999.000,9999.000,9999.000,9999.000,9999.000
202607111430,   0.667,   1.200,9999.000,9999.000,9999.000,9999.000,9999.000,9999.000,9999.000
202607111436,   0.605,   1.128,9999.000,9999.000,9999.000,9999.000,9999.000,9999.000,9999.000
202607111442,   0.546,   1.069,9999.000,9999.000,9999.000,9999.000,9999.000,9999.000,9999.000
202607111448,   0.489,   1.000,9999.000,9999.000,9999.000,9999.000,9999.000,9999.000,9999.000
202607111454,   0.436,   0.918,9999.000,9999.000,9999.000,9999.000,9999.000,9999.000,9999.000
202607111500,   0.385,   0.918,   0.600,  -0.067,   0.918,   0.600,   0.918,   0.600,   0.918
202607111506,   0.338,   0.859,9999.000,9999.000,9999.000,9999.000,9999.000,9999.000,9999.000
202607111512,   0.295,   0.770,9999.000,9999.000,9999.000,9999.000,9999.000,9999.000,9999.000
202607111518,   0.255,   0.718,9999.000,9999.000,9999.000,9999.000,9999.000,9999.000,9999.000
202607111524,   0.219,   0.659,9999.000,9999.000,9999.000,9999.000,9999.000,9999.000,9999.000
202607111530,   0.187,   0.639,9999.000,9999.000,9999.000,9999.000,9999.000,9999.000,9999.000
202607111536,   0.159,   0.639,9999.000,9999.000,9999.000,9999.000,9999.000,9999.000,9999.000
202607111542,   0.136,   0.610,9999.000,9999.000,9999.000,9999.000,9999.000,9999.000,9999.000
202607111548,   0.117,   0.590,9999.000,9999.000,9999.000,9999.000,9999.000,9999.000,9999.000
202607111554,   0.103,   0.678,9999.000,9999.000,9999.000,9999.000,9999.000,9999.000,9999.000
202607111600,   0.094,   0.688,   0.600,  -0.006,   0.688,   0.600,   0.688,   0.600,   0.688
202607111606,   0.090,   0.718,9999.000,9999.000,9999.000,9999.000,9999.000,9999.000,9999.000
202607111612,   0.091,   0.629,9999.000,9999.000,9999.000,9999.000,9999.000,9999.000,9999.000
202607111618,   0.097,   0.688,9999.000,9999.000,9999.000,9999.000,9999.000,9999.000,9999.000
202607111624,   0.110,   0.708,9999.000,9999.000,9999.000,9999.000,9999.000,9999.000,9999.000
202607111630,   0.128,   0.760,9999.000,9999.000,9999.000,9999.000,9999.000,9999.000,9999.000
202607111636,   0.151,   0.849,9999.000,9999.000,9999.000,9999.000,9999.000,9999.000,9999.000
202607111642,   0.181,   0.908,9999.000,9999.000,9999.000,9999.000,9999.000,9999.000,9999.000
202607111648,   0.216,   0.970,9999.000,9999.000,9999.000,9999.000,9999.000,9999.000,9999.000
202607111654,   0.257,   1.049,9999.000,9999.000,9999.000,9999.000,9999.000,9999.000,9999.000
202607111700,   0.305,   1.318,   0.600,   0.413,   1.318,   0.600,   1.318,   0.700,   1.418
202607111706,   0.358,   1.420,9999.000,9999.000,9999.000,9999.000,9999.000,9999.000,9999.000
202607111712,   0.417,   1.328,9999.000,9999.000,9999.000,9999.000,9999.000,9999.000,9999.000
202607111718,   0.482,   1.400,9999.000,9999.000,9999.000,9999.000,9999.000,9999.000,9999.000
202607111724,   0.553,   1.479,9999.000,9999.000,9999.000,9999.000,9999.000,9999.000,9999.000
202607111730,   0.629,   1.571,9999.000,9999.000,9999.000,9999.000,9999.000,9999.000,9999.000
202607111736,   0.711,   1.659,9999.000,9999.000,9999.000,9999.000,9999.000,9999.000,9999.000
202607111742,   0.799,   1.758,9999.000,9999.000,9999.000,9999.000,9999.000,9999.000,9999.000
202607111748,   0.891,   1.869,9999.000,9999.000,9999.000,9999.000,9999.000,9999.000,9999.000
202607111754,   0.988,   2.210,9999.000,9999.000,9999.000,9999.000,9999.000,9999.000,9999.000
202607111800,   1.090,   2.328,   0.600,   0.638,   2.328,   0.600,   2.328,   0.700,   2.428
202607111806,   1.196,   2.410,9999.000,9999.000,9999.000,9999.000,9999.000,9999.000,9999.000
202607111812,   1.307,   2.318,9999.000,9999.000,9999.000,9999.000,9999.000,9999.000,9999.000
202607111818,   1.421,   2.440,9999.000,9999.000,9999.000,9999.000,9999.000,9999.000,9999.000
202607111824,   1.538,   2.568,9999.000,9999.000,9999.000,9999.000,9999.000,9999.000,9999.000
202607111830,   1.658,   2.699,9999.000,9999.000,9999.000,9999.000,9999.000,9999.000,9999.000
202607111836,   1.781,   2.830,9999.000,9999.000,9999.000,9999.000,9999.000,9999.000,9999.000
202607111842,   1.905,   2.958,9999.000,9999.000,9999.000,9999.000,9999.000,9999.000,9999.000
202607111848,   2.032,   3.089,9999.000,9999.000,9999.000,9999.000,9999.000,9999.000,9999.000
202607111854,   2.160,   3.427,9999.000,9999.000,9999.000,9999.000,9999.000,9999.000,9999.000
202607111900,   2.288,   3.548,   0.600,   0.660,   3.548,   0.600,   3.548,   0.700,   3.648
202607111906,   2.418,   3.660,9999.000,9999.000,9999.000,9999.000,9999.000,9999.000,9999.000
202607111912,   2.547,   3.568,9999.000,9999.000,9999.000,9999.000,9999.000,9999.000,9999.000
202607111918,   2.676,   3.709,9999.000,9999.000,9999.000,9999.000,9999.000,9999.000,9999.000
202607111924,   2.805,   3.827,9999.000,9999.000,9999.000,9999.000,9999.000,9999.000,9999.000
202607111930,   2.932,   3.929,9999.000,9999.000,9999.000,9999.000,9999.000,9999.000,9999.000
202607111936,   3.058,   4.047,9999.000,9999.000,9999.000,9999.000,9999.000,9999.000,9999.000
202607111942,   3.182,   4.149,9999.000,9999.000,9999.000,9999.000,9999.000,9999.000,9999.000
202607111948,   3.305,   4.247,9999.000,9999.000,9999.000,9999.000,9999.000,9999.000,9999.000
202607111954,   3.425,   4.359,9999.000,9999.000,9999.000,9999.000,9999.000,9999.000,9999.000
202607112000,   3.542,   4.637,   0.700,   0.395,   4.637,   0.600,   4.537,   0.700,   4.637
202607112006,   3.657,   4.729,9999.000,9999.000,9999.000,9999.000,9999.000,9999.000,9999.000
202607112012,   3.768,   4.637,9999.000,9999.000,9999.000,9999.000,9999.000,9999.000,9999.000
202607112018,   3.876,   4.739,9999.000,9999.000,9999.000,9999.000,9999.000,9999.000,9999.000
202607112024,   3.981,   4.808,9999.000,9999.000,9999.000,9999.000,9999.000,9999.000,9999.000
202607112030,   4.081,   4.847,9999.000,9999.000,9999.000,9999.000,9999.000,9999.000,9999.000
202607112036,   4.178,   4.919,9999.000,9999.000,9999.000,9999.000,9999.000,9999.000,9999.000
202607112042,   4.271,   4.988,9999.000,9999.000,9999.000,9999.000,9999.000,9999.000,9999.000
202607112048,   4.359,   5.047,9999.000,9999.000,9999.000,9999.000,9999.000,9999.000,9999.000
202607112054,   4.443,   5.097,9999.000,9999.000,9999.000,9999.000,9999.000,9999.000,9999.000
202607112100,   4.522,   5.287,   0.700,   0.065,   5.287,   0.600,   5.187,   0.700,   5.287
202607112106,   4.596,   5.349,9999.000,9999.000,9999.000,9999.000,9999.000,9999.000,9999.000
202607112112,   4.666,   5.257,9999.000,9999.000,9999.000,9999.000,9999.000,9999.000,9999.000
202607112118,   4.730,   5.297,9999.000,9999.000,9999.000,9999.000,9999.000,9999.000,9999.000
202607112124,   4.790,   5.339,9999.000,9999.000,9999.000,9999.000,9999.000,9999.000,9999.000
202607112130,   4.844,   5.398,9999.000,9999.000,9999.000,9999.000,9999.000,9999.000,9999.000
202607112136,   4.893,   5.438,9999.000,9999.000,9999.000,9999.000,9999.000,9999.000,9999.000
202607112142,   4.937,   5.477,9999.000,9999.000,9999.000,9999.000,9999.000,9999.000,9999.000
202607112148,   4.975,   5.516,9999.000,9999.000,9999.000,9999.000,9999.000,9999.000,9999.000
202607112154,   5.008,   5.697,9999.000,9999.000,9999.000,9999.000,9999.000,9999.000,9999.000
202607112200,   5.035,   5.730,   0.700,  -0.005,   5.730,   0.700,   5.730,   0.700,   5.730
202607112206,   5.056,   5.769,9999.000,9999.000,9999.000,9999.000,9999.000,9999.000,9999.000
202607112212,   5.072,   5.677,9999.000,9999.000,9999.000,9999.000,9999.000,9999.000,9999.000
202607112218,   5.083,   5.707,9999.000,9999.000,9999.000,9999.000,9999.000,9999.000,9999.000
202607112224,   5.088,   5.739,9999.000,9999.000,9999.000,9999.000,9999.000,9999.000,9999.000
202607112230,   5.087,   5.759,9999.000,9999.000,9999.000,9999.000,9999.000,9999.000,9999.000
202607112236,   5.081,   5.759,9999.000,9999.000,9999.000,9999.000,9999.000,9999.000,9999.000
202607112242,   5.069,   5.779,9999.000,9999.000,9999.000,9999.000,9999.000,9999.000,9999.000
202607112248,   5.052,   5.799,9999.000,9999.000,9999.000,9999.000,9999.000,9999.000,9999.000
202607112254,   5.029,   5.818,9999.000,9999.000,9999.000,9999.000,9999.000,9999.000,9999.000
202607112300,   5.001,   5.907,   0.700,   0.206,   5.907,   0.700,   5.907,   0.700,   5.907
202607112306,   4.968,   5.907,9999.000,9999.000,9999.000,9999.000,9999.000,9999.000,9999.000
202607112312,   4.930,   5.818,9999.000,9999.000,9999.000,9999.000,9999.000,9999.000,9999.000
202607112318,   4.887,   5.799,9999.000,9999.000,9999.000,9999.000,9999.000,9999.000,9999.000
202607112324,   4.839,   5.779,9999.000,9999.000,9999.000,9999.000,9999.000,9999.000,9999.000
202607112330,   4.786,   5.759,9999.000,9999.000,9999.000,9999.000,9999.000,9999.000,9999.000
202607112336,   4.729,   5.717,9999.000,9999.000,9999.000,9999.000,9999.000,9999.000,9999.000
202607112342,   4.668,   5.677,9999.000,9999.000,9999.000,9999.000,9999.000,9999.000,9999.000
202607112348,   4.603,   5.628,9999.000,9999.000,9999.000,9999.000,9999.000,9999.000,9999.000
202607112354,   4.533,   5.618,9999.000,9999.000,9999.000,9999.000,9999.000,9999.000,9999.000
202607120000,   4.460,   5.569,   0.700,   0.409,   5.569,   0.700,   5.569,   0.700,   5.569
202607120006,   4.383,   5.507,9999.000,9999.000,9999.000,9999.000,9999.000,9999.000,9999.000
202607120012,   4.302,   5.408,9999.000,9999.000,9999.000,9999.000,9999.000,9999.000,9999.000
202607120018,   4.219,   5.349,9999.000,9999.000,9999.000,9999.000,9999.000,9999.000,9999.000
202607120024,   4.132,   5.287,9999.000,9999.000,9999.000,9999.000,9999.000,9999.000,9999.000
202607120030,   4.043,   5.238,9999.000,9999.000,9999.000,9999.000,9999.000,9999.000,9999.000
202607120036,   3.951,   5.169,9999.000,9999.000,9999.000,9999.000,9999.000,9999.000,9999.000
202607120042,   3.856,   5.110,9999.000,9999.000,9999.000,9999.000,9999.000,9999.000,9999.000
202607120048,   3.760,   5.028,9999.000,9999.000,9999.000,9999.000,9999.000,9999.000,9999.000
202607120054,   3.661,   4.969,9999.000,9999.000,9999.000,9999.000,9999.000,9999.000,9999.000
202607120100,   3.561,   4.900,   0.700,   0.639,   4.900,   0.700,   4.900,   0.700,   4.900
202607120106,   3.459,   4.828,9999.000,9999.000,9999.000,9999.000,9999.000,9999.000,9999.000
202607120112,   3.355,   4.739,9999.000,9999.000,9999.000,9999.000,9999.000,9999.000,9999.000
202607120118,   3.250,   4.657,9999.000,9999.000,9999.000,9999.000,9999.000,9999.000,9999.000
202607120124,   3.145,   4.569,9999.000,9999.000,9999.000,9999.000,9999.000,9999.000,9999.000
202607120130,   3.038,   4.500,9999.000,9999.000,9999.000,9999.000,9999.000,9999.000,9999.000
202607120136,   2.931,   4.408,9999.000,9999.000,9999.000,9999.000,9999.000,9999.000,9999.000
202607120142,   2.824,   4.309,9999.000,9999.000,9999.000,9999.000,9999.000,9999.000,9999.000
202607120148,   2.716,   4.218,9999.000,9999.000,9999.000,9999.000,9999.000,9999.000,9999.000
202607120154,   2.608,   4.139,9999.000,9999.000,9999.000,9999.000,9999.000,9999.000,9999.000
202607120200,   2.500,   4.037,   0.700,   0.837,   4.037,   0.700,   4.037,   0.700,   4.037
202607120206,   2.393,   3.939,9999.000,9999.000,9999.000,9999.000,9999.000,9999.000,9999.000
202607120212,   2.285,   3.847,9999.000,9999.000,9999.000,9999.000,9999.000,9999.000,9999.000
202607120218,   2.179,   3.749,9999.000,9999.000,9999.000,9999.000,9999.000,9999.000,9999.000
202607120224,   2.073,   3.650,9999.000,9999.000,9999.000,9999.000,9999.000,9999.000,9999.000
202607120230,   1.968,   3.539,9999.000,9999.000,9999.000,9999.000,9999.000,9999.000,9999.000
202607120236,   1.865,   3.440,9999.000,9999.000,9999.000,9999.000,9999.000,9999.000,9999.000
202607120242,   1.763,   3.339,9999.000,9999.000,9999.000,9999.000,9999.000,9999.000,9999.000
202607120248,   1.662,   3.230,9999.000,9999.000,9999.000,9999.000,9999.000,9999.000,9999.000
202607120254,   1.563,   3.089,9999.000,9999.000,9999.000,9999.000,9999.000,9999.000,9999.000
202607120300,   1.465,   2.978,   0.700,   0.813,   2.978,   0.700,   2.978,   0.700,   2.978
202607120306,   1.370,   2.869,9999.000,9999.000,9999.000,9999.000,9999.000,9999.000,9999.000
202607120312,   1.277,   2.778,9999.000,9999.000,9999.000,9999.000,9999.000,9999.000,9999.000
202607120318,   1.186,   2.660,9999.000,9999.000,9999.000,9999.000,9999.000,9999.000,9999.000
202607120324,   1.098,   2.558,9999.000,9999.000,9999.000,9999.000,9999.000,9999.000,9999.000
202607120330,   1.012,   2.440,9999.000,9999.000,9999.000,9999.000,9999.000,9999.000,9999.000
202607120336,   0.930,   2.338,9999.000,9999.000,9999.000,9999.000,9999.000,9999.000,9999.000
202607120342,   0.850,   2.240,9999.000,9999.000,9999.000,9999.000,9999.000,9999.000,9999.000
202607120348,   0.774,   2.138,9999.000,9999.000,9999.000,9999.000,9999.000,9999.000,9999.000
202607120354,   0.701,   2.040,9999.000,9999.000,9999.000,9999.000,9999.000,9999.000,9999.000
202607120400,   0.631,   1.948,   0.700,   0.617,   1.948,   0.700,   1.948,   0.700,   1.948
202607120406,   0.566,   1.869,9999.000,9999.000,9999.000,9999.000,9999.000,9999.000,9999.000
202607120412,   0.504,   1.781,9999.000,9999.000,9999.000,9999.000,9999.000,9999.000,9999.000
202607120418,   0.447,   1.699,9999.000,9999.000,9999.000,9999.000,9999.000,9999.000,9999.000
202607120424,   0.394,   1.630,9999.000,9999.000,9999.000,9999.000,9999.000,9999.000,9999.000
202607120430,   0.345,   1.557,9999.000,9999.000,9999.000,9999.000,9999.000,9999.000,9999.000
202607120436,   0.301,   1.498,9999.000,9999.000,9999.000,9999.000,9999.000,9999.000,9999.000
202607120442,   0.262,   1.439,9999.000,9999.000,9999.000,9999.000,9999.000,9999.000,9999.000
202607120448,   0.227,   1.390,9999.000,9999.000,9999.000,9999.000,9999.000,9999.000,9999.000
202607120454,   0.198,   1.410,9999.000,9999.000,9999.000,9999.000,9999.000,9999.000,9999.000
202607120500,   0.174,   1.380,   0.700,   0.506,   1.380,   0.700,   1.380,   0.800,   1.480
202607120506,   0.154,   1.348,9999.000,9999.000,9999.000,9999.000,9999.000,9999.000,9999.000
202607120512,   0.141,   1.259,9999.000,9999.000,9999.000,9999.000,9999.000,9999.000,9999.000
202607120518,   0.133,   1.239,9999.000,9999.000,9999.000,9999.000,9999.000,9999.000,9999.000
202607120524,   0.130,   1.220,9999.000,9999.000,9999.000,9999.000,9999.000,9999.000,9999.000
202607120530,   0.132,   1.210,9999.000,9999.000,9999.000,9999.000,9999.000,9999.000,9999.000
202607120536,   0.141,   1.229,9999.000,9999.000,9999.000,9999.000,9999.000,9999.000,9999.000
202607120542,   0.155,   1.361,9999.000,9999.000,9999.000,9999.000,9999.000,9999.000,9999.000
202607120548,   0.174,   1.390,9999.000,9999.000,9999.000,9999.000,9999.000,9999.000,9999.000
202607120554,   0.199,   1.439,9999.000,9999.000,9999.000,9999.000,9999.000,9999.000,9999.000
202607120600,   0.230,   1.508,   0.700,   0.578,   1.508,   0.700,   1.508,   0.800,   1.608
202607120606,   0.266,   1.580,9999.000,9999.000,9999.000,9999.000,9999.000,9999.000,9999.000
202607120612,   0.308,   1.489,9999.000,9999.000,9999.000,9999.000,9999.000,9999.000,9999.000
202607120618,   0.355,   1.538,9999.000,9999.000,9999.000,9999.000,9999.000,9999.000,9999.000
202607120624,   0.407,   1.590,9999.000,9999.000,9999.000,9999.000,9999.000,9999.000,9999.000
202607120630,   0.464,   1.659,9999.000,9999.000,9999.000,9999.000,9999.000,9999.000,9999.000
202607120636,   0.526,   1.718,9999.000,9999.000,9999.000,9999.000,9999.000,9999.000,9999.000
202607120642,   0.593,   1.790,9999.000,9999.000,9999.000,9999.000,9999.000,9999.000,9999.000
202607120648,   0.664,   2.069,9999.000,9999.000,9999.000,9999.000,9999.000,9999.000,9999.000
202607120654,   0.739,   2.177,9999.000,9999.000,9999.000,9999.000,9999.000,9999.000,9999.000
202607120700,   0.818,   2.269,   0.800,   0.651,   2.269,   0.700,   2.169,   0.800,   2.269
202607120706,   0.901,   2.348,9999.000,9999.000,9999.000,9999.000,9999.000,9999.000,9999.000
202607120712,   0.987,   2.259,9999.000,9999.000,9999.000,9999.000,9999.000,9999.000,9999.000
202607120718,   1.075,   2.338,9999.000,9999.000,9999.000,9999.000,9999.000,9999.000,9999.000
202607120724,   1.167,   2.440,9999.000,9999.000,9999.000,9999.000,9999.000,9999.000,9999.000
202607120730,   1.261,   2.528,9999.000,9999.000,9999.000,9999.000,9999.000,9999.000,9999.000
202607120736,   1.357,   2.630,9999.000,9999.000,9999.000,9999.000,9999.000,9999.000,9999.000
202607120742,   1.454,   2.719,9999.000,9999.000,9999.000,9999.000,9999.000,9999.000,9999.000
202607120748,   1.553,   2.797,9999.000,9999.000,9999.000,9999.000,9999.000,9999.000,9999.000
202607120754,   1.652,   2.899,9999.000,9999.000,9999.000,9999.000,9999.000,9999.000,9999.000
202607120800,   1.752,   3.188,   0.800,   0.636,   3.188,   0.700,   3.088,   0.800,   3.188
202607120806,   1.852,   3.270,9999.000,9999.000,9999.000,9999.000,9999.000,9999.000,9999.000
202607120812,   1.952,   3.178,9999.000,9999.000,9999.000,9999.000,9999.000,9999.000,9999.000
202607120818,   2.051,   3.270,9999.000,9999.000,9999.000,9999.000,9999.000,9999.000,9999.000
202607120824,   2.150,   3.348,9999.000,9999.000,9999.000,9999.000,9999.000,9999.000,9999.000
202607120830,   2.247,   3.427,9999.000,9999.000,9999.000,9999.000,9999.000,9999.000,9999.000
202607120836,   2.343,   3.519,9999.000,9999.000,9999.000,9999.000,9999.000,9999.000,9999.000
202607120842,   2.437,   3.607,9999.000,9999.000,9999.000,9999.000,9999.000,9999.000,9999.000
202607120848,   2.529,   3.689,9999.000,9999.000,9999.000,9999.000,9999.000,9999.000,9999.000
202607120854,   2.619,   3.758,9999.000,9999.000,9999.000,9999.000,9999.000,9999.000,9999.000
202607120900,   2.706,   3.988,   0.800,   0.482,   3.988,   0.700,   3.888,   0.800,   3.988
202607120906,   2.790,   4.070,9999.000,9999.000,9999.000,9999.000,9999.000,9999.000,9999.000
202607120912,   2.871,   3.978,9999.000,9999.000,9999.000,9999.000,9999.000,9999.000,9999.000
202607120918,   2.949,   4.047,9999.000,9999.000,9999.000,9999.000,9999.000,9999.000,9999.000
202607120924,   3.024,   4.109,9999.000,9999.000,9999.000,9999.000,9999.000,9999.000,9999.000
202607120930,   3.094,   4.178,9999.000,9999.000,9999.000,9999.000,9999.000,9999.000,9999.000
202607120936,   3.161,   4.227,9999.000,9999.000,9999.000,9999.000,9999.000,9999.000,9999.000
202607120942,   3.224,   4.267,9999.000,9999.000,9999.000,9999.000,9999.000,9999.000,9999.000
202607120948,   3.282,   4.329,9999.000,9999.000,9999.000,9999.000,9999.000,9999.000,9999.000
202607120954,   3.336,   4.378,9999.000,9999.000,9999.000,9999.000,9999.000,9999.000,9999.000
202607121000,   3.386,   4.549,   0.800,   0.363,   4.549,   0.700,   4.449,   0.800,   4.549
202607121006,   3.431,   4.569,9999.000,9999.000,9999.000,9999.000,9999.000,9999.000,9999.000
202607121012,   3.472,   4.480,9999.000,9999.000,9999.000,9999.000,9999.000,9999.000,9999.000
202607121018,   3.507,   4.509,9999.000,9999.000,9999.000,9999.000,9999.000,9999.000,9999.000
202607121024,   3.538,   4.539,9999.000,9999.000,9999.000,9999.000,9999.000,9999.000,9999.000
202607121030,   3.564,   4.559,9999.000,9999.000,9999.000,9999.000,9999.000,9999.000,9999.000
202607121036,   3.585,   4.578,9999.000,9999.000,9999.000,9999.000,9999.000,9999.000,9999.000
202607121042,   3.601,   4.588,9999.000,9999.000,9999.000,9999.000,9999.000,9999.000,9999.000
202607121048,   3.613,   4.598,9999.000,9999.000,9999.000,9999.000,9999.000,9999.000,9999.000
202607121054,   3.619,   4.588,9999.000,9999.000,9999.000,9999.000,9999.000,9999.000,9999.000
202607121100,   3.620,   4.647,   0.800,   0.227,   4.647,   0.700,   4.547,   0.800,   4.647
202607121106,   3.616,   4.618,9999.000,9999.000,9999.000,9999.000,9999.000,9999.000,9999.000
202607121112,   3.607,   4.529,9999.000,9999.000,9999.000,9999.000,9999.000,9999.000,9999.000
202607121118,   3.594,   4.509,9999.000,9999.000,9999.000,9999.000,9999.000,9999.000,9999.000
202607121124,   3.575,   4.480,9999.000,9999.000,9999.000,9999.000,9999.000,9999.000,9999.000
202607121130,   3.552,   4.437,9999.000,9999.000,9999.000,9999.000,9999.000,9999.000,9999.000
202607121136,   3.525,   4.378,9999.000,9999.000,9999.000,9999.000,9999.000,9999.000,9999.000
202607121142,   3.493,   4.329,9999.000,9999.000,9999.000,9999.000,9999.000,9999.000,9999.000
202607121148,   3.456,   4.290,9999.000,9999.000,9999.000,9999.000,9999.000,9999.000,9999.000
202607121154,   3.415,   4.237,9999.000,9999.000,9999.000,9999.000,9999.000,9999.000,9999.000
202607121200,   3.370,   4.198,   0.800,   0.028,   4.198,   0.700,   4.098,   0.800,   4.198
202607121206,   3.321,   4.139,9999.000,9999.000,9999.000,9999.000,9999.000,9999.000,9999.000
202607121212,   3.268,   4.047,9999.000,9999.000,9999.000,9999.000,9999.000,9999.000,9999.000
202607121218,   3.212,   3.978,9999.000,9999.000,9999.000,9999.000,9999.000,9999.000,9999.000
202607121224,   3.152,   3.899,9999.000,9999.000,9999.000,9999.000,9999.000,9999.000,9999.000
202607121230,   3.088,   3.827,9999.000,9999.000,9999.000,9999.000,9999.000,9999.000,9999.000
202607121236,   3.021,   3.778,9999.000,9999.000,9999.000,9999.000,9999.000,9999.000,9999.000
202607121242,   2.952,   3.719,9999.000,9999.000,9999.000,9999.000,9999.000,9999.000,9999.000
202607121248,   2.879,   3.617,9999.000,9999.000,9999.000,9999.000,9999.000,9999.000,9999.000
202607121254,   2.804,   3.539,9999.000,9999.000,9999.000,9999.000,9999.000,9999.000,9999.000
202607121300,   2.727,   3.470,   0.800,  -0.057,   3.470,   0.700,   3.370,   0.800,   3.470
202607121306,   2.647,   3.378,9999.000,9999.000,9999.000,9999.000,9999.000,9999.000,9999.000
202607121312,   2.565,   3.289,9999.000,9999.000,9999.000,9999.000,9999.000,9999.000,9999.000
202607121318,   2.481,   3.188,9999.000,9999.000,9999.000,9999.000,9999.000,9999.000,9999.000
202607121324,   2.396,   3.109,9999.000,9999.000,9999.000,9999.000,9999.000,9999.000,9999.000
202607121330,   2.309,   3.017,9999.000,9999.000,9999.000,9999.000,9999.000,9999.000,9999.000
202607121336,   2.222,   2.919,9999.000,9999.000,9999.000,9999.000,9999.000,9999.000,9999.000
202607121342,   2.133,   2.830,9999.000,9999.000,9999.000,9999.000,9999.000,9999.000,9999.000
202607121348,   2.043,   2.719,9999.000,9999.000,9999.000,9999.000,9999.000,9999.000,9999.000
202607121354,   1.953,   2.630,9999.000,9999.000,9999.000,9999.000,9999.000,9999.000,9999.000
202607121400,   1.862,   2.548,   0.800,  -0.114,   2.548,   0.700,   2.448,   0.800,   2.548
202607121406,   1.771,   2.450,9999.000,9999.000,9999.000,9999.000,9999.000,9999.000,9999.000
202607121412,   1.680,   2.358,9999.000,9999.000,9999.000,9999.000,9999.000,9999.000,9999.000
202607121418,   1.589,   2.259,9999.000,9999.000,9999.000,9999.000,9999.000,9999.000,9999.000
202607121424,   1.499,   2.168,9999.000,9999.000,9999.000,9999.000,9999.000,9999.000,9999.000
202607121430,   1.409,   2.069,9999.000,9999.000,9999.000,9999.000,9999.000,9999.000,9999.000
202607121436,   1.320,   1.981,9999.000,9999.000,9999.000,9999.000,9999.000,9999.000,9999.000
202607121442,   1.233,   1.889,9999.000,9999.000,9999.000,9999.000,9999.000,9999.000,9999.000
202607121448,   1.146,   1.820,9999.000,9999.000,9999.000,9999.000,9999.000,9999.000,9999.000
202607121454,   1.061,   1.738,9999.000,9999.000,9999.000,9999.000,9999.000,9999.000,9999.000
202607121500,   0.977,   1.649,   0.800,  -0.128,   1.649,   0.700,   1.549,   0.800,   1.649
202607121506,   0.895,   1.557,9999.000,9999.000,9999.000,9999.000,9999.000,9999.000,9999.000
202607121512,   0.815,   1.469,9999.000,9999.000,9999.000,9999.000,9999.000,9999.000,9999.000
202607121518,   0.738,   1.380,9999.000,9999.000,9999.000,9999.000,9999.000,9999.000,9999.000
202607121524,   0.662,   1.308,9999.000,9999.000,9999.000,9999.000,9999.000,9999.000,9999.000
202607121530,   0.590,   1.239,9999.000,9999.000,9999.000,9999.000,9999.000,9999.000,9999.000
202607121536,   0.520,   1.161,9999.000,9999.000,9999.000,9999.000,9999.000,9999.000,9999.000
202607121542,   0.453,   1.079,9999.000,9999.000,9999.000,9999.000,9999.000,9999.000,9999.000
202607121548,   0.389,   1.000,9999.000,9999.000,9999.000,9999.000,9999.000,9999.000,9999.000
202607121554,   0.329,   0.928,9999.000,9999.000,9999.000,9999.000,9999.000,9999.000,9999.000
202607121600,   0.272,   0.879,   0.800,  -0.193,   0.879,   0.800,   0.879,   0.800,   0.879
202607121606,   0.219,   0.829,9999.000,9999.000,9999.000,9999.000,9999.000,9999.000,9999.000
202607121612,   0.170,   0.741,9999.000,9999.000,9999.000,9999.000,9999.000,9999.000,9999.000
202607121618,   0.125,   0.678,9999.000,9999.000,9999.000,9999.000,9999.000,9999.000,9999.000
202607121624,   0.085,   0.649,9999.000,9999.000,9999.000,9999.000,9999.000,9999.000,9999.000
202607121630,   0.049,   0.610,9999.000,9999.000,9999.000,9999.000,9999.000,9999.000,9999.000
202607121636,   0.017,   0.570,9999.000,9999.000,9999.000,9999.000,9999.000,9999.000,9999.000
202607121642,  -0.008,   0.518,9999.000,9999.000,9999.000,9999.000,9999.000,9999.000,9999.000
202607121648,  -0.029,   0.488,9999.000,9999.000,9999.000,9999.000,9999.000,9999.000,9999.000
202607121654,  -0.045,   0.478,9999.000,9999.000,9999.000,9999.000,9999.000,9999.000,9999.000
202607121700,  -0.056,   0.570,   0.800,  -0.174,   0.570,   0.800,   0.570,   0.800,   0.570
202607121706,  -0.061,   0.600,9999.000,9999.000,9999.000,9999.000,9999.000,9999.000,9999.000
202607121712,  -0.060,   0.508,9999.000,9999.000,9999.000,9999.000,9999.000,9999.000,9999.000
202607121718,  -0.053,   0.541,9999.000,9999.000,9999.000,9999.000,9999.000,9999.000,9999.000
202607121724,  -0.040,   0.570,9999.000,9999.000,9999.000,9999.000,9999.000,9999.000,9999.000
202607121730,  -0.021,   0.590,9999.000,9999.000,9999.000,9999.000,9999.000,9999.000,9999.000
202607121736,   0.003,   0.639,9999.000,9999.000,9999.000,9999.000,9999.000,9999.000,9999.000
202607121742,   0.035,   0.708,9999.000,9999.000,9999.000,9999.000,9999.000,9999.000,9999.000
202607121748,   0.073,   0.790,9999.000,9999.000,9999.000,9999.000,9999.000,9999.000,9999.000
202607121754,   0.117,   0.879,9999.000,9999.000,9999.000,9999.000,9999.000,9999.000,9999.000
202607121800,   0.167,   1.118,   0.800,   0.151,   1.118,   0.800,   1.118,   0.800,   1.118
202607121806,   0.224,   1.190,9999.000,9999.000,9999.000,9999.000,9999.000,9999.000,9999.000
202607121812,   0.288,   1.098,9999.000,9999.000,9999.000,9999.000,9999.000,9999.000,9999.000
202607121818,   0.357,   1.180,9999.000,9999.000,9999.000,9999.000,9999.000,9999.000,9999.000
202607121824,   0.433,   1.259,9999.000,9999.000,9999.000,9999.000,9999.000,9999.000,9999.000
202607121830,   0.514,   1.361,9999.000,9999.000,9999.000,9999.000,9999.000,9999.000,9999.000
202607121836,   0.602,   1.459,9999.000,9999.000,9999.000,9999.000,9999.000,9999.000,9999.000
202607121842,   0.695,   1.528,9999.000,9999.000,9999.000,9999.000,9999.000,9999.000,9999.000
202607121848,   0.794,   1.610,9999.000,9999.000,9999.000,9999.000,9999.000,9999.000,9999.000
202607121854,   0.898,   1.728,9999.000,9999.000,9999.000,9999.000,9999.000,9999.000,9999.000
202607121900,   1.007,   2.049,   0.800,   0.242,   2.049,   0.800,   2.049,   0.800,   2.049
202607121906,   1.120,   2.177,9999.000,9999.000,9999.000,9999.000,9999.000,9999.000,9999.000
202607121912,   1.239,   2.089,9999.000,9999.000,9999.000,9999.000,9999.000,9999.000,9999.000
202607121918,   1.361,   2.177,9999.000,9999.000,9999.000,9999.000,9999.000,9999.000,9999.000
202607121924,   1.487,   2.279,9999.000,9999.000,9999.000,9999.000,9999.000,9999.000,9999.000
202607121930,   1.616,   2.430,9999.000,9999.000,9999.000,9999.000,9999.000,9999.000,9999.000
202607121936,   1.748,   2.558,9999.000,9999.000,9999.000,9999.000,9999.000,9999.000,9999.000
202607121942,   1.883,   2.669,9999.000,9999.000,9999.000,9999.000,9999.000,9999.000,9999.000
202607121948,   2.020,   2.797,9999.000,9999.000,9999.000,9999.000,9999.000,9999.000,9999.000
202607121954,   2.158,   2.919,9999.000,9999.000,9999.000,9999.000,9999.000,9999.000,9999.000
202607122000,   2.298,   3.279,   0.800,   0.181,   3.279,   0.800,   3.279,   0.800,   3.279
202607122006,   2.438,   3.407,9999.000,9999.000,9999.000,9999.000,9999.000,9999.000,9999.000
202607122012,   2.579,   3.319,9999.000,9999.000,9999.000,9999.000,9999.000,9999.000,9999.000
202607122018,   2.720,   3.427,9999.000,9999.000,9999.000,9999.000,9999.000,9999.000,9999.000
202607122024,   2.860,   3.568,9999.000,9999.000,9999.000,9999.000,9999.000,9999.000,9999.000
202607122030,   2.999,   3.699,9999.000,9999.000,9999.000,9999.000,9999.000,9999.000,9999.000
202607122036,   3.137,   3.808,9999.000,9999.000,9999.000,9999.000,9999.000,9999.000,9999.000
202607122042,   3.273,   3.949,9999.000,9999.000,9999.000,9999.000,9999.000,9999.000,9999.000
202607122048,   3.407,   4.070,9999.000,9999.000,9999.000,9999.000,9999.000,9999.000,9999.000
202607122054,   3.538,   4.168,9999.000,9999.000,9999.000,9999.000,9999.000,9999.000,9999.000
202607122100,   3.667,   4.447,   0.800,  -0.020,   4.447,   0.700,   4.347,   0.800,   4.447
202607122106,   3.792,   4.549,9999.000,9999.000,9999.000,9999.000,9999.000,9999.000,9999.000
202607122112,   3.914,   4.457,9999.000,9999.000,9999.000,9999.000,9999.000,9999.000,9999.000
202607122118,   4.032,   4.559,9999.000,9999.000,9999.000,9999.000,9999.000,9999.000,9999.000
202607122124,   4.146,   4.657,9999.000,9999.000,9999.000,9999.000,9999.000,9999.000,9999.000
202607122130,   4.256,   4.739,9999.000,9999.000,9999.000,9999.000,9999.000,9999.000,9999.000
202607122136,   4.361,   4.808,9999.000,9999.000,9999.000,9999.000,9999.000,9999.000,9999.000
202607122142,   4.461,   4.877,9999.000,9999.000,9999.000,9999.000,9999.000,9999.000,9999.000
202607122148,   4.557,   4.949,9999.000,9999.000,9999.000,9999.000,9999.000,9999.000,9999.000
202607122154,   4.647,   5.028,9999.000,9999.000,9999.000,9999.000,9999.000,9999.000,9999.000
202607122200,   4.732,   5.208,   0.800,  -0.324,   5.208,   0.700,   5.108,   0.800,   5.208
202607122206,   4.812,   5.267,9999.000,9999.000,9999.000,9999.000,9999.000,9999.000,9999.000
202607122212,   4.886,   5.179,9999.000,9999.000,9999.000,9999.000,9999.000,9999.000,9999.000
202607122218,   4.955,   5.238,9999.000,9999.000,9999.000,9999.000,9999.000,9999.000,9999.000
202607122224,   5.018,   5.277,9999.000,9999.000,9999.000,9999.000,9999.000,9999.000,9999.000
202607122230,   5.075,   5.329,9999.000,9999.000,9999.000,9999.000,9999.000,9999.000,9999.000
202607122236,   5.127,   5.379,9999.000,9999.000,9999.000,9999.000,9999.000,9999.000,9999.000
202607122242,   5.172,   5.418,9999.000,9999.000,9999.000,9999.000,9999.000,9999.000,9999.000
202607122248,   5.212,   5.467,9999.000,9999.000,9999.000,9999.000,9999.000,9999.000,9999.000
202607122254,   5.246,   5.516,9999.000,9999.000,9999.000,9999.000,9999.000,9999.000,9999.000
202607122300,   5.273,   5.677,   0.800,  -0.396,   5.677,   0.700,   5.577,   0.800,   5.677
202607122306,   5.295,   5.717,9999.000,9999.000,9999.000,9999.000,9999.000,9999.000,9999.000
202607122312,   5.311,   5.628,9999.000,9999.000,9999.000,9999.000,9999.000,9999.000,9999.000
202607122318,   5.321,   5.667,9999.000,9999.000,9999.000,9999.000,9999.000,9999.000,9999.000
202607122324,   5.325,   5.697,9999.000,9999.000,9999.000,9999.000,9999.000,9999.000,9999.000
202607122330,   5.323,   5.730,9999.000,9999.000,9999.000,9999.000,9999.000,9999.000,9999.000
202607122336,   5.315,   5.749,9999.000,9999.000,9999.000,9999.000,9999.000,9999.000,9999.000
202607122342,   5.302,   5.769,9999.000,9999.000,9999.000,9999.000,9999.000,9999.000,9999.000
202607122348,   5.283,   5.779,9999.000,9999.000,9999.000,9999.000,9999.000,9999.000,9999.000
202607122354,   5.258,   5.779,9999.000,9999.000,9999.000,9999.000,9999.000,9999.000,9999.000
202607130000,   5.227,   5.867,   0.800,  -0.160,   5.867,   0.700,   5.767,   0.800,   5.867
202607130006,   5.192,   5.838,9999.000,9999.000,9999.000,9999.000,9999.000,9999.000,9999.000
202607130012,   5.150,   5.749,9999.000,9999.000,9999.000,9999.000,9999.000,9999.000,9999.000
202607130018,   5.104,   5.717,9999.000,9999.000,9999.000,9999.000,9999.000,9999.000,9999.000
202607130024,   5.052,   5.687,9999.000,9999.000,9999.000,9999.000,9999.000,9999.000,9999.000
202607130030,   4.996,   5.657,9999.000,9999.000,9999.000,9999.000,9999.000,9999.000,9999.000
202607130036,   4.934,   5.608,9999.000,9999.000,9999.000,9999.000,9999.000,9999.000,9999.000
202607130042,   4.868,   5.559,9999.000,9999.000,9999.000,9999.000,9999.000,9999.000,9999.000
202607130048,   4.797,   5.497,9999.000,9999.000,9999.000,9999.000,9999.000,9999.000,9999.000
202607130054,   4.722,   5.438,9999.000,9999.000,9999.000,9999.000,9999.000,9999.000,9999.000
202607130100,   4.643,   5.408,   0.700,   0.065,   5.408,   0.700,   5.408,   0.800,   5.508
202607130106,   4.559,   5.349,9999.000,9999.000,9999.000,9999.000,9999.000,9999.000,9999.000
202607130112,   4.472,   5.257,9999.000,9999.000,9999.000,9999.000,9999.000,9999.000,9999.000
202607130118,   4.381,   5.198,9999.000,9999.000,9999.000,9999.000,9999.000,9999.000,9999.000
202607130124,   4.287,   5.139,9999.000,9999.000,9999.000,9999.000,9999.000,9999.000,9999.000
202607130130,   4.189,   5.067,9999.000,9999.000,9999.000,9999.000,9999.000,9999.000,9999.000
202607130136,   4.088,   4.998,9999.000,9999.000,9999.000,9999.000,9999.000,9999.000,9999.000
202607130142,   3.985,   4.929,9999.000,9999.000,9999.000,9999.000,9999.000,9999.000,9999.000
202607130148,   3.878,   4.847,9999.000,9999.000,9999.000,9999.000,9999.000,9999.000,9999.000
202607130154,   3.770,   4.778,9999.000,9999.000,9999.000,9999.000,9999.000,9999.000,9999.000
202607130200,   3.659,   4.710,   0.700,   0.351,   4.710,   0.700,   4.710,   0.800,   4.810
202607130206,   3.546,   4.618,9999.000,9999.000,9999.000,9999.000,9999.000,9999.000,9999.000
202607130212,   3.431,   4.529,9999.000,9999.000,9999.000,9999.000,9999.000,9999.000,9999.000
202607130218,   3.315,   4.447,9999.000,9999.000,9999.000,9999.000,9999.000,9999.000,9999.000
202607130224,   3.198,   4.359,9999.000,9999.000,9999.000,9999.000,9999.000,9999.000,9999.000
202607130230,   3.080,   4.267,9999.000,9999.000,9999.000,9999.000,9999.000,9999.000,9999.000
202607130236,   2.960,   4.178,9999.000,9999.000,9999.000,9999.000,9999.000,9999.000,9999.000
202607130242,   2.841,   4.090,9999.000,9999.000,9999.000,9999.000,9999.000,9999.000,9999.000
202607130248,   2.720,   3.988,9999.000,9999.000,9999.000,9999.000,9999.000,9999.000,9999.000
202607130254,   2.600,   3.890,9999.000,9999.000,9999.000,9999.000,9999.000,9999.000,9999.000
202607130300,   2.480,   3.768,   0.700,   0.588,   3.768,   0.700,   3.768,   0.700,   3.768
202607130306,   2.360,   3.650,9999.000,9999.000,9999.000,9999.000,9999.000,9999.000,9999.000
202607130312,   2.240,   3.568,9999.000,9999.000,9999.000,9999.000,9999.000,9999.000,9999.000
202607130318,   2.122,   3.450,9999.000,9999.000,9999.000,9999.000,9999.000,9999.000,9999.000
202607130324,   2.004,   3.339,9999.000,9999.000,9999.000,9999.000,9999.000,9999.000,9999.000
202607130330,   1.887,   3.217,9999.000,9999.000,9999.000,9999.000,9999.000,9999.000,9999.000
202607130336,   1.772,   3.109,9999.000,9999.000,9999.000,9999.000,9999.000,9999.000,9999.000
202607130342,   1.658,   2.978,9999.000,9999.000,9999.000,9999.000,9999.000,9999.000,9999.000
202607130348,   1.546,   2.860,9999.000,9999.000,9999.000,9999.000,9999.000,9999.000,9999.000
202607130354,   1.436,   2.709,9999.000,9999.000,9999.000,9999.000,9999.000,9999.000,9999.000
202607130400,   1.329,   2.597,   0.700,   0.568,   2.597,   0.700,   2.597,   0.700,   2.597
202607130406,   1.223,   2.489,9999.000,9999.000,9999.000,9999.000,9999.000,9999.000,9999.000
202607130412,   1.120,   2.400,9999.000,9999.000,9999.000,9999.000,9999.000,9999.000,9999.000
202607130418,   1.021,   2.279,9999.000,9999.000,9999.000,9999.000,9999.000,9999.000,9999.000
202607130424,   0.924,   2.158,9999.000,9999.000,9999.000,9999.000,9999.000,9999.000,9999.000
202607130430,   0.830,   2.059,9999.000,9999.000,9999.000,9999.000,9999.000,9999.000,9999.000
202607130436,   0.739,   1.938,9999.000,9999.000,9999.000,9999.000,9999.000,9999.000,9999.000
202607130442,   0.652,   1.830,9999.000,9999.000,9999.000,9999.000,9999.000,9999.000,9999.000
202607130448,   0.569,   1.728,9999.000,9999.000,9999.000,9999.000,9999.000,9999.000,9999.000
202607130454,   0.490,   1.639,9999.000,9999.000,9999.000,9999.000,9999.000,9999.000,9999.000
202607130500,   0.415,   1.538,   0.700,   0.423,   1.538,   0.700,   1.538,   0.700,   1.538
202607130506,   0.344,   1.449,9999.000,9999.000,9999.000,9999.000,9999.000,9999.000,9999.000
202607130512,   0.278,   1.361,9999.000,9999.000,9999.000,9999.000,9999.000,9999.000,9999.000
202607130518,   0.216,   1.269,9999.000,9999.000,9999.000,9999.000,9999.000,9999.000,9999.000
202607130524,   0.159,   1.170,9999.000,9999.000,9999.000,9999.000,9999.000,9999.000,9999.000
202607130530,   0.107,   1.088,9999.000,9999.000,9999.000,9999.000,9999.000,9999.000,9999.000
202607130536,   0.060,   1.010,9999.000,9999.000,9999.000,9999.000,9999.000,9999.000,9999.000
202607130542,   0.018,   0.951,9999.000,9999.000,9999.000,9999.000,9999.000,9999.000,9999.000
202607130548,  -0.017,   0.879,9999.000,9999.000,9999.000,9999.000,9999.000,9999.000,9999.000
202607130554,  -0.048,   0.819,9999.000,9999.000,9999.000,9999.000,9999.000,9999.000,9999.000
202607130600,  -0.073,   0.790,   0.700,   0.163,   0.790,   0.600,   0.690,   0.700,   0.790
202607130606,  -0.093,   0.751,9999.000,9999.000,9999.000,9999.000,9999.000,9999.000,9999.000
202607130612,  -0.106,   0.659,9999.000,9999.000,9999.000,9999.000,9999.000,9999.000,9999.000
202607130618,  -0.114,   0.629,9999.000,9999.000,9999.000,9999.000,9999.000,9999.000,9999.000
202607130624,  -0.115,   0.610,9999.000,9999.000,9999.000,9999.000,9999.000,9999.000,9999.000
202607130630,  -0.111,   0.580,9999.000,9999.000,9999.000,9999.000,9999.000,9999.000,9999.000
202607130636,  -0.100,   0.570,9999.000,9999.000,9999.000,9999.000,9999.000,9999.000,9999.000
202607130642,  -0.084,   0.570,9999.000,9999.000,9999.000,9999.000,9999.000,9999.000,9999.000
202607130648,  -0.061,   0.590,9999.000,9999.000,9999.000,9999.000,9999.000,9999.000,9999.000
202607130654,  -0.031,   0.731,9999.000,9999.000,9999.000,9999.000,9999.000,9999.000,9999.000
202607130700,   0.003,   0.770,   0.600,   0.167,   0.770,   0.600,   0.770,   0.700,   0.870
202607130706,   0.044,   0.829,9999.000,9999.000,9999.000,9999.000,9999.000,9999.000,9999.000
202607130712,   0.092,   0.741,9999.000,9999.000,9999.000,9999.000,9999.000,9999.000,9999.000
202607130718,   0.145,   0.790,9999.000,9999.000,9999.000,9999.000,9999.000,9999.000,9999.000
202607130724,   0.205,   0.849,9999.000,9999.000,9999.000,9999.000,9999.000,9999.000,9999.000
202607130730,   0.269,   0.908,9999.000,9999.000,9999.000,9999.000,9999.000,9999.000,9999.000
202607130736,   0.340,   0.990,9999.000,9999.000,9999.000,9999.000,9999.000,9999.000,9999.000
202607130742,   0.415,   1.079,9999.000,9999.000,9999.000,9999.000,9999.000,9999.000,9999.000
202607130748,   0.496,   1.161,9999.000,9999.000,9999.000,9999.000,9999.000,9999.000,9999.000
202607130754,   0.581,   1.420,9999.000,9999.000,9999.000,9999.000,9999.000,9999.000,9999.000
202607130800,   0.671,   1.489,   0.600,   0.218,   1.489,   0.600,   1.489,   0.700,   1.589
202607130806,   0.765,   1.600,9999.000,9999.000,9999.000,9999.000,9999.000,9999.000,9999.000
202607130812,   0.863,   1.508,9999.000,9999.000,9999.000,9999.000,9999.000,9999.000,9999.000
202607130818,   0.963,   1.600,9999.000,9999.000,9999.000,9999.000,9999.000,9999.000,9999.000
202607130824,   1.067,   1.689,9999.000,9999.000,9999.000,9999.000,9999.000,9999.000,9999.000
202607130830,   1.174,   1.790,9999.000,9999.000,9999.000,9999.000,9999.000,9999.000,9999.000
202607130836,   1.282,   1.899,9999.000,9999.000,9999.000,9999.000,9999.000,9999.000,9999.000
202607130842,   1.392,   2.010,9999.000,9999.000,9999.000,9999.000,9999.000,9999.000,9999.000
202607130848,   1.504,   2.109,9999.000,9999.000,9999.000,9999.000,9999.000,9999.000,9999.000
202607130854,   1.616,   2.210,9999.000,9999.000,9999.000,9999.000,9999.000,9999.000,9999.000
202607130900,   1.729,   2.519,   0.600,   0.190,   2.519,   0.600,   2.519,   0.700,   2.619
202607130906,   1.841,   2.610,9999.000,9999.000,9999.000,9999.000,9999.000,9999.000,9999.000
202607130912,   1.953,   2.519,9999.000,9999.000,9999.000,9999.000,9999.000,9999.000,9999.000
202607130918,   2.065,   2.620,9999.000,9999.000,9999.000,9999.000,9999.000,9999.000,9999.000
202607130924,   2.175,   2.728,9999.000,9999.000,9999.000,9999.000,9999.000,9999.000,9999.000
202607130930,   2.283,   2.840,9999.000,9999.000,9999.000,9999.000,9999.000,9999.000,9999.000
202607130936,   2.390,   2.948,9999.000,9999.000,9999.000,9999.000,9999.000,9999.000,9999.000
202607130942,   2.494,   3.040,9999.000,9999.000,9999.000,9999.000,9999.000,9999.000,9999.000
202607130948,   2.596,   3.138,9999.000,9999.000,9999.000,9999.000,9999.000,9999.000,9999.000
202607130954,   2.695,   3.230,9999.000,9999.000,9999.000,9999.000,9999.000,9999.000,9999.000
202607131000,   2.790,   3.539,   0.600,   0.149,   3.539,   0.600,   3.539,   0.700,   3.639
202607131006,   2.883,   3.617,9999.000,9999.000,9999.000,9999.000,9999.000,9999.000,9999.000
202607131012,   2.972,   3.529,9999.000,9999.000,9999.000,9999.000,9999.000,9999.000,9999.000
202607131018,   3.056,   3.598,9999.000,9999.000,9999.000,9999.000,9999.000,9999.000,9999.000
202607131024,   3.137,   3.670,9999.000,9999.000,9999.000,9999.000,9999.000,9999.000,9999.000
202607131030,   3.214,   3.758,9999.000,9999.000,9999.000,9999.000,9999.000,9999.000,9999.000
202607131036,   3.287,   3.817,9999.000,9999.000,9999.000,9999.000,9999.000,9999.000,9999.000
202607131042,   3.355,   3.880,9999.000,9999.000,9999.000,9999.000,9999.000,9999.000,9999.000
202607131048,   3.418,   3.929,9999.000,9999.000,9999.000,9999.000,9999.000,9999.000,9999.000
202607131054,   3.477,   3.998,9999.000,9999.000,9999.000,9999.000,9999.000,9999.000,9999.000
202607131100,   3.531,   4.188,   0.600,   0.057,   4.188,   0.600,   4.188,   0.600,   4.188
202607131106,   3.580,   4.227,9999.000,9999.000,9999.000,9999.000,9999.000,9999.000,9999.000
202607131112,   3.624,   4.139,9999.000,9999.000,9999.000,9999.000,9999.000,9999.000,9999.000
202607131118,   3.663,   4.178,9999.000,9999.000,9999.000,9999.000,9999.000,9999.000,9999.000
202607131124,   3.697,   4.218,9999.000,9999.000,9999.000,9999.000,9999.000,9999.000,9999.000
202607131130,   3.725,   4.227,9999.000,9999.000,9999.000,9999.000,9999.000,9999.000,9999.000
202607131136,   3.749,   4.237,9999.000,9999.000,9999.000,9999.000,9999.000,9999.000,9999.000
202607131142,   3.767,   4.257,9999.000,9999.000,9999.000,9999.000,9999.000,9999.000,9999.000
202607131148,   3.780,   4.280,9999.000,9999.000,9999.000,9999.000,9999.000,9999.000,9999.000
202607131154,   3.788,   4.309,9999.000,9999.000,9999.000,9999.000,9999.000,9999.000,9999.000
202607131200,   3.790,   4.398,   0.600,   0.008,   4.398,   0.600,   4.398,   0.600,   4.398
202607131206,   3.788,   4.378,9999.000,9999.000,9999.000,9999.000,9999.000,9999.000,9999.000
202607131212,   3.780,   4.290,9999.000,9999.000,9999.000,9999.000,9999.000,9999.000,9999.000
202607131218,   3.767,   4.280,9999.000,9999.000,9999.000,9999.000,9999.000,9999.000,9999.000
202607131224,   3.748,   4.267,9999.000,9999.000,9999.000,9999.000,9999.000,9999.000,9999.000
202607131230,   3.725,   4.257,9999.000,9999.000,9999.000,9999.000,9999.000,9999.000,9999.000
202607131236,   3.696,   4.227,9999.000,9999.000,9999.000,9999.000,9999.000,9999.000,9999.000
202607131242,   3.663,   4.178,9999.000,9999.000,9999.000,9999.000,9999.000,9999.000,9999.000
202607131248,   3.624,   4.119,9999.000,9999.000,9999.000,9999.000,9999.000,9999.000,9999.000
202607131254,   3.581,   4.057,9999.000,9999.000,9999.000,9999.000,9999.000,9999.000,9999.000
202607131300,   3.533,   4.027,   0.600,  -0.106,   4.027,   0.600,   4.027,   0.600,   4.027
202607131306,   3.481,   3.968,9999.000,9999.000,9999.000,9999.000,9999.000,9999.000,9999.000
202607131312,   3.425,   3.880,9999.000,9999.000,9999.000,9999.000,9999.000,9999.000,9999.000
202607131318,   3.364,   3.808,9999.000,9999.000,9999.000,9999.000,9999.000,9999.000,9999.000
202607131324,   3.299,   3.749,9999.000,9999.000,9999.000,9999.000,9999.000,9999.000,9999.000
202607131330,   3.230,   3.660,9999.000,9999.000,9999.000,9999.000,9999.000,9999.000,9999.000
202607131336,   3.158,   3.588,9999.000,9999.000,9999.000,9999.000,9999.000,9999.000,9999.000
202607131342,   3.082,   3.519,9999.000,9999.000,9999.000,9999.000,9999.000,9999.000,9999.000
202607131348,   3.003,   3.440,9999.000,9999.000,9999.000,9999.000,9999.000,9999.000,9999.000
202607131354,   2.921,   3.358,9999.000,9999.000,9999.000,9999.000,9999.000,9999.000,9999.000
202607131400,   2.836,   3.260,   0.600,  -0.176,   3.260,   0.600,   3.260,   0.600,   3.260
202607131406,   2.748,   3.168,9999.000,9999.000,9999.000,9999.000,9999.000,9999.000,9999.000
202607131412,   2.658,   3.079,9999.000,9999.000,9999.000,9999.000,9999.000,9999.000,9999.000
202607131418,   2.566,   2.978,9999.000,9999.000,9999.000,9999.000,9999.000,9999.000,9999.000
202607131424,   2.472,   2.879,9999.000,9999.000,9999.000,9999.000,9999.000,9999.000,9999.000
202607131430,   2.377,   2.758,9999.000,9999.000,9999.000,9999.000,9999.000,9999.000,9999.000
202607131436,   2.280,   2.660,9999.000,9999.000,9999.000,9999.000,9999.000,9999.000,9999.000
202607131442,   2.182,   2.568,9999.000,9999.000,9999.000,9999.000,9999.000,9999.000,9999.000
202607131448,   2.083,   2.469,9999.000,9999.000,9999.000,9999.000,9999.000,9999.000,9999.000
202607131454,   1.983,   2.358,9999.000,9999.000,9999.000,9999.000,9999.000,9999.000,9999.000
202607131500,   1.883,   2.269,   0.600,  -0.214,   2.269,   0.600,   2.269,   0.600,   2.269
202607131506,   1.783,   2.168,9999.000,9999.000,9999.000,9999.000,9999.000,9999.000,9999.000
202607131512,   1.683,   2.079,9999.000,9999.000,9999.000,9999.000,9999.000,9999.000,9999.000
202607131518,   1.583,   1.981,9999.000,9999.000,9999.000,9999.000,9999.000,9999.000,9999.000
202607131524,   1.483,   1.869,9999.000,9999.000,9999.000,9999.000,9999.000,9999.000,9999.000
202607131530,   1.385,   1.767,9999.000,9999.000,9999.000,9999.000,9999.000,9999.000,9999.000
202607131536,   1.287,   1.679,9999.000,9999.000,9999.000,9999.000,9999.000,9999.000,9999.000
202607131542,   1.191,   1.590,9999.000,9999.000,9999.000,9999.000,9999.000,9999.000,9999.000
202607131548,   1.096,   1.508,9999.000,9999.000,9999.000,9999.000,9999.000,9999.000,9999.000
202607131554,   1.003,   1.420,9999.000,9999.000,9999.000,9999.000,9999.000,9999.000,9999.000
202607131600,   0.912,   1.318,   0.600,  -0.194,   1.318,   0.500,   1.218,   0.600,   1.318
202607131606,   0.823,   1.229,9999.000,9999.000,9999.000,9999.000,9999.000,9999.000,9999.000
202607131612,   0.736,   1.138,9999.000,9999.000,9999.000,9999.000,9999.000,9999.000,9999.000
202607131618,   0.652,   1.049,9999.000,9999.000,9999.000,9999.000,9999.000,9999.000,9999.000
202607131624,   0.570,   0.970,9999.000,9999.000,9999.000,9999.000,9999.000,9999.000,9999.000
202607131630,   0.492,   0.888,9999.000,9999.000,9999.000,9999.000,9999.000,9999.000,9999.000
202607131636,   0.417,   0.800,9999.000,9999.000,9999.000,9999.000,9999.000,9999.000,9999.000
202607131642,   0.345,   0.718,9999.000,9999.000,9999.000,9999.000,9999.000,9999.000,9999.000
202607131648,   0.276,   0.629,9999.000,9999.000,9999.000,9999.000,9999.000,9999.000,9999.000
202607131654,   0.211,   0.560,9999.000,9999.000,9999.000,9999.000,9999.000,9999.000,9999.000
202607131700,   0.151,   0.498,   0.500,  -0.153,   0.498,   0.500,   0.498,   0.600,   0.598
202607131706,   0.094,   0.449,9999.000,9999.000,9999.000,9999.000,9999.000,9999.000,9999.000
202607131712,   0.042,   0.360,9999.000,9999.000,9999.000,9999.000,9999.000,9999.000,9999.000
202607131718,  -0.005,   0.298,9999.000,9999.000,9999.000,9999.000,9999.000,9999.000,9999.000
202607131724,  -0.048,   0.259,9999.000,9999.000,9999.000,9999.000,9999.000,9999.000,9999.000
202607131730,  -0.086,   0.219,9999.000,9999.000,9999.000,9999.000,9999.000,9999.000,9999.000
202607131736,  -0.119,   0.180,9999.000,9999.000,9999.000,9999.000,9999.000,9999.000,9999.000
202607131742,  -0.147,   0.131,9999.000,9999.000,9999.000,9999.000,9999.000,9999.000,9999.000
202607131748,  -0.169,   0.111,9999.000,9999.000,9999.000,9999.000,9999.000,9999.000,9999.000
202607131754,  -0.186,   0.098,9999.000,9999.000,9999.000,9999.000,9999.000,9999.000,9999.000
202607131800,  -0.197,   0.190,   0.500,  -0.113,   0.190,   0.500,   0.190,   0.600,   0.290
202607131806,  -0.201,   0.229,9999.000,9999.000,9999.000,9999.000,9999.000,9999.000,9999.000
202607131812,  -0.200,   0.141,9999.000,9999.000,9999.000,9999.000,9999.000,9999.000,9999.000
202607131818,  -0.192,   0.190,9999.000,9999.000,9999.000,9999.000,9999.000,9999.000,9999.000
202607131824,  -0.178,   0.239,9999.000,9999.000,9999.000,9999.000,9999.000,9999.000,9999.000
202607131830,  -0.157,   0.288,9999.000,9999.000,9999.000,9999.000,9999.000,9999.000,9999.000
202607131836,  -0.129,   0.341,9999.000,9999.000,9999.000,9999.000,9999.000,9999.000,9999.000
202607131842,  -0.095,   0.409,9999.000,9999.000,9999.000,9999.000,9999.000,9999.000,9999.000
202607131848,  -0.053,   0.498,9999.000,9999.000,9999.000,9999.000,9999.000,9999.000,9999.000
202607131854,  -0.005,   0.580,9999.000,9999.000,9999.000,9999.000,9999.000,9999.000,9999.000
202607131900,   0.049,   0.849,   0.500,   0.300,   0.849,   0.500,   0.849,   0.600,   0.949
202607131906,   0.111,   0.941,9999.000,9999.000,9999.000,9999.000,9999.000,9999.000,9999.000
202607131912,   0.180,   0.849,9999.000,9999.000,9999.000,9999.000,9999.000,9999.000,9999.000
202607131918,   0.255,   0.928,9999.000,9999.000,9999.000,9999.000,9999.000,9999.000,9999.000
202607131924,   0.338,   1.020,9999.000,9999.000,9999.000,9999.000,9999.000,9999.000,9999.000
202607131930,   0.427,   1.118,9999.000,9999.000,9999.000,9999.000,9999.000,9999.000,9999.000
202607131936,   0.522,   1.210,9999.000,9999.000,9999.000,9999.000,9999.000,9999.000,9999.000
202607131942,   0.624,   1.308,9999.000,9999.000,9999.000,9999.000,9999.000,9999.000,9999.000
202607131948,   0.731,   1.420,9999.000,9999.000,9999.000,9999.000,9999.000,9999.000,9999.000
202607131954,   0.845,   1.728,9999.000,9999.000,9999.000,9999.000,9999.000,9999.000,9999.000
202607132000,   0.964,   1.849,   0.500,   0.385,   1.849,   0.500,   1.849,   0.600,   1.949
202607132006,   1.087,   1.948,9999.000,9999.000,9999.000,9999.000,9999.000,9999.000,9999.000
202607132012,   1.216,   1.859,9999.000,9999.000,9999.000,9999.000,9999.000,9999.000,9999.000
202607132018,   1.349,   1.981,9999.000,9999.000,9999.000,9999.000,9999.000,9999.000,9999.000
202607132024,   1.486,   2.109,9999.000,9999.000,9999.000,9999.000,9999.000,9999.000,9999.000
202607132030,   1.626,   2.230,9999.000,9999.000,9999.000,9999.000,9999.000,9999.000,9999.000
202607132036,   1.769,   2.368,9999.000,9999.000,9999.000,9999.000,9999.000,9999.000,9999.000
202607132042,   1.915,   2.509,9999.000,9999.000,9999.000,9999.000,9999.000,9999.000,9999.000
202607132048,   2.062,   2.640,9999.000,9999.000,9999.000,9999.000,9999.000,9999.000,9999.000
202607132054,   2.211,   3.007,9999.000,9999.000,9999.000,9999.000,9999.000,9999.000,9999.000
202607132100,   2.361,   3.138,   0.500,   0.277,   3.138,   0.500,   3.138,   0.600,   3.238
202607132106,   2.512,   3.279,9999.000,9999.000,9999.000,9999.000,9999.000,9999.000,9999.000
202607132112,   2.662,   3.188,9999.000,9999.000,9999.000,9999.000,9999.000,9999.000,9999.000
202607132118,   2.812,   3.339,9999.000,9999.000,9999.000,9999.000,9999.000,9999.000,9999.000
202607132124,   2.960,   3.480,9999.000,9999.000,9999.000,9999.000,9999.000,9999.000,9999.000
202607132130,   3.108,   3.607,9999.000,9999.000,9999.000,9999.000,9999.000,9999.000,9999.000
202607132136,   3.253,   3.709,9999.000,9999.000,9999.000,9999.000,9999.000,9999.000,9999.000
202607132142,   3.396,   3.847,9999.000,9999.000,9999.000,9999.000,9999.000,9999.000,9999.000
202607132148,   3.536,   3.988,9999.000,9999.000,9999.000,9999.000,9999.000,9999.000,9999.000
202607132154,   3.673,   4.109,9999.000,9999.000,9999.000,9999.000,9999.000,9999.000,9999.000
202607132200,   3.806,   4.418,   0.500,   0.112,   4.418,   0.500,   4.418,   0.500,   4.418
202607132206,   3.936,   4.509,9999.000,9999.000,9999.000,9999.000,9999.000,9999.000,9999.000
202607132212,   4.062,   4.418,9999.000,9999.000,9999.000,9999.000,9999.000,9999.000,9999.000
202607132218,   4.183,   4.509,9999.000,9999.000,9999.000,9999.000,9999.000,9999.000,9999.000
202607132224,   4.300,   4.618,9999.000,9999.000,9999.000,9999.000,9999.000,9999.000,9999.000
202607132230,   4.412,   4.719,9999.000,9999.000,9999.000,9999.000,9999.000,9999.000,9999.000
202607132236,   4.519,   4.798,9999.000,9999.000,9999.000,9999.000,9999.000,9999.000,9999.000
202607132242,   4.621,   4.847,9999.000,9999.000,9999.000,9999.000,9999.000,9999.000,9999.000
202607132248,   4.718,   4.939,9999.000,9999.000,9999.000,9999.000,9999.000,9999.000,9999.000
202607132254,   4.810,   5.169,9999.000,9999.000,9999.000,9999.000,9999.000,9999.000,9999.000
202607132300,   4.896,   5.228,   0.500,  -0.168,   5.228,   0.500,   5.228,   0.500,   5.228
202607132306,   4.976,   5.277,9999.000,9999.000,9999.000,9999.000,9999.000,9999.000,9999.000
202607132312,   5.051,   5.320,9999.000,9999.000,9999.000,9999.000,9999.000,9999.000,9999.000
202607132318,   5.120,   5.369,9999.000,9999.000,9999.000,9999.000,9999.000,9999.000,9999.000
202607132324,   5.183,   5.428,9999.000,9999.000,9999.000,9999.000,9999.000,9999.000,9999.000
202607132330,   5.240,   5.477,9999.000,9999.000,9999.000,9999.000,9999.000,9999.000,9999.000
202607132336,   5.292,   5.530,9999.000,9999.000,9999.000,9999.000,9999.000,9999.000,9999.000
202607132342,   5.337,   5.579,9999.000,9999.000,9999.000,9999.000,9999.000,9999.000,9999.000
202607132348,   5.376,   5.608,9999.000,9999.000,9999.000,9999.000,9999.000,9999.000,9999.000
202607132354,   5.409,9999.000,9999.000,9999.000,9999.000,9999.000,9999.000,9999.000,9999.000
202607140000,   5.436,9999.000,   0.500,  -0.142,   5.794,   0.500,   5.794,   0.500,   5.794
202607140006,   5.457,9999.000,9999.000,9999.000,9999.000,9999.000,9999.000,9999.000,9999.000
202607140012,   5.472,9999.000,9999.000,9999.000,9999.000,9999.000,9999.000,9999.000,9999.000
202607140018,   5.480,9999.000,9999.000,9999.000,9999.000,9999.000,9999.000,9999.000,9999.000
202607140024,   5.482,9999.000,9999.000,9999.000,9999.000,9999.000,9999.000,9999.000,9999.000
202607140030,   5.478,9999.000,9999.000,9999.000,9999.000,9999.000,9999.000,9999.000,9999.000
202607140036,   5.468,9999.000,9999.000,9999.000,9999.000,9999.000,9999.000,9999.000,9999.000
202607140042,   5.452,9999.000,9999.000,9999.000,9999.000,9999.000,9999.000,9999.000,9999.000
202607140048,   5.429,9999.000,9999.000,9999.000,9999.000,9999.000,9999.000,9999.000,9999.000
202607140054,   5.401,9999.000,9999.000,9999.000,9999.000,9999.000,9999.000,9999.000,9999.000
202607140100,   5.366,9999.000,   0.500,  -0.115,   5.751,   0.500,   5.751,   0.500,   5.751
202607140106,   5.326,9999.000,9999.000,9999.000,9999.000,9999.000,9999.000,9999.000,9999.000
202607140112,   5.280,9999.000,9999.000,9999.000,9999.000,9999.000,9999.000,9999.000,9999.000
202607140118,   5.227,9999.000,9999.000,9999.000,9999.000,9999.000,9999.000,9999.000,9999.000
202607140124,   5.170,9999.000,9999.000,9999.000,9999.000,9999.000,9999.000,9999.000,9999.000
202607140130,   5.106,9999.000,9999.000,9999.000,9999.000,9999.000,9999.000,9999.000,9999.000
202607140136,   5.038,9999.000,9999.000,9999.000,9999.000,9999.000,9999.000,9999.000,9999.000
202607140142,   4.964,9999.000,9999.000,9999.000,9999.000,9999.000,9999.000,9999.000,9999.000
202607140148,   4.885,9999.000,9999.000,9999.000,9999.000,9999.000,9999.000,9999.000,9999.000
202607140154,   4.802,9999.000,9999.000,9999.000,9999.000,9999.000,9999.000,9999.000,9999.000
202607140200,   4.714,9999.000,   0.500,  -0.089,   5.125,   0.500,   5.125,   0.500,   5.125
202607140206,   4.621,9999.000,9999.000,9999.000,9999.000,9999.000,9999.000,9999.000,9999.000
202607140212,   4.524,9999.000,9999.000,9999.000,9999.000,9999.000,9999.000,9999.000,9999.000
202607140218,   4.423,9999.000,9999.000,9999.000,9999.000,9999.000,9999.000,9999.000,9999.000
202607140224,   4.319,9999.000,9999.000,9999.000,9999.000,9999.000,9999.000,9999.000,9999.000
202607140230,   4.211,9999.000,9999.000,9999.000,9999.000,9999.000,9999.000,9999.000,9999.000
202607140236,   4.100,9999.000,9999.000,9999.000,9999.000,9999.000,9999.000,9999.000,9999.000
202607140242,   3.986,9999.000,9999.000,9999.000,9999.000,9999.000,9999.000,9999.000,9999.000
202607140248,   3.869,9999.000,9999.000,9999.000,9999.000,9999.000,9999.000,9999.000,9999.000
202607140254,   3.750,9999.000,9999.000,9999.000,9999.000,9999.000,9999.000,9999.000,9999.000
202607140300,   3.628,9999.000,   0.500,  -0.062,   4.066,   0.500,   4.066,   0.500,   4.066
202607140306,   3.505,9999.000,9999.000,9999.000,9999.000,9999.000,9999.000,9999.000,9999.000
202607140312,   3.380,9999.000,9999.000,9999.000,9999.000,9999.000,9999.000,9999.000,9999.000
202607140318,   3.254,9999.000,9999.000,9999.000,9999.000,9999.000,9999.000,9999.000,9999.000
202607140324,   3.126,9999.000,9999.000,9999.000,9999.000,9999.000,9999.000,9999.000,9999.000
202607140330,   2.998,9999.000,9999.000,9999.000,9999.000,9999.000,9999.000,9999.000,9999.000
202607140336,   2.869,9999.000,9999.000,9999.000,9999.000,9999.000,9999.000,9999.000,9999.000
202607140342,   2.740,9999.000,9999.000,9999.000,9999.000,9999.000,9999.000,9999.000,9999.000
202607140348,   2.611,9999.000,9999.000,9999.000,9999.000,9999.000,9999.000,9999.000,9999.000
202607140354,   2.482,9999.000,9999.000,9999.000,9999.000,9999.000,9999.000,9999.000,9999.000
202607140400,   2.353,9999.000,   0.500,  -0.036,   2.817,   0.500,   2.817,   0.500,   2.817
202607140406,   2.225,9999.000,9999.000,9999.000,9999.000,9999.000,9999.000,9999.000,9999.000
202607140412,   2.097,9999.000,9999.000,9999.000,9999.000,9999.000,9999.000,9999.000,9999.000
202607140418,   1.971,9999.000,9999.000,9999.000,9999.000,9999.000,9999.000,9999.000,9999.000
202607140424,   1.846,9999.000,9999.000,9999.000,9999.000,9999.000,9999.000,9999.000,9999.000
202607140430,   1.723,9999.000,9999.000,9999.000,9999.000,9999.000,9999.000,9999.000,9999.000
202607140436,   1.601,9999.000,9999.000,9999.000,9999.000,9999.000,9999.000,9999.000,9999.000
202607140442,   1.481,9999.000,9999.000,9999.000,9999.000,9999.000,9999.000,9999.000,9999.000
202607140448,   1.363,9999.000,9999.000,9999.000,9999.000,9999.000,9999.000,9999.000,9999.000
202607140454,   1.248,9999.000,9999.000,9999.000,9999.000,9999.000,9999.000,9999.000,9999.000
202607140500,   1.135,9999.000,   0.500,  -0.009,   1.626,   0.400,   1.526,   0.500,   1.626
202607140506,   1.025,9999.000,9999.000,9999.000,9999.000,9999.000,9999.000,9999.000,9999.000
202607140512,   0.918,9999.000,9999.000,9999.000,9999.000,9999.000,9999.000,9999.000,9999.000
202607140518,   0.814,9999.000,9999.000,9999.000,9999.000,9999.000,9999.000,9999.000,9999.000
202607140524,   0.713,9999.000,9999.000,9999.000,9999.000,9999.000,9999.000,9999.000,9999.000
202607140530,   0.616,9999.000,9999.000,9999.000,9999.000,9999.000,9999.000,9999.000,9999.000
202607140536,   0.522,9999.000,9999.000,9999.000,9999.000,9999.000,9999.000,9999.000,9999.000
202607140542,   0.432,9999.000,9999.000,9999.000,9999.000,9999.000,9999.000,9999.000,9999.000
202607140548,   0.347,9999.000,9999.000,9999.000,9999.000,9999.000,9999.000,9999.000,9999.000
202607140554,   0.265,9999.000,9999.000,9999.000,9999.000,9999.000,9999.000,9999.000,9999.000
202607140600,   0.189,9999.000,   0.400,   0.017,   0.606,   0.400,   0.606,   0.500,   0.706
202607140606,   0.117,9999.000,9999.000,9999.000,9999.000,9999.000,9999.000,9999.000,9999.000
202607140612,   0.049,9999.000,9999.000,9999.000,9999.000,9999.000,9999.000,9999.000,9999.000
202607140618,  -0.012,9999.000,9999.000,9999.000,9999.000,9999.000,9999.000,9999.000,9999.000
202607140624,  -0.068,9999.000,9999.000,9999.000,9999.000,9999.000,9999.000,9999.000,9999.000
202607140630,  -0.120,9999.000,9999.000,9999.000,9999.000,9999.000,9999.000,9999.000,9999.000
202607140636,  -0.166,9999.000,9999.000,9999.000,9999.000,9999.000,9999.000,9999.000,9999.000
202607140642,  -0.205,9999.000,9999.000,9999.000,9999.000,9999.000,9999.000,9999.000,9999.000
202607140648,  -0.239,9999.000,9999.000,9999.000,9999.000,9999.000,9999.000,9999.000,9999.000
202607140654,  -0.267,9999.000,9999.000,9999.000,9999.000,9999.000,9999.000,9999.000,9999.000
202607140700,  -0.288,9999.000,   0.400,   0.044,   0.156,   0.400,   0.156,   0.500,   0.256
202607140706,  -0.304,9999.000,9999.000,9999.000,9999.000,9999.000,9999.000,9999.000,9999.000
202607140712,  -0.312,9999.000,9999.000,9999.000,9999.000,9999.000,9999.000,9999.000,9999.000
202607140718,  -0.314,9999.000,9999.000,9999.000,9999.000,9999.000,9999.000,9999.000,9999.000
202607140724,  -0.309,9999.000,9999.000,9999.000,9999.000,9999.000,9999.000,9999.000,9999.000
202607140730,  -0.297,9999.000,9999.000,9999.000,9999.000,9999.000,9999.000,9999.000,9999.000
202607140736,  -0.279,9999.000,9999.000,9999.000,9999.000,9999.000,9999.000,9999.000,9999.000
202607140742,  -0.253,9999.000,9999.000,9999.000,9999.000,9999.000,9999.000,9999.000,9999.000
202607140748,  -0.221,9999.000,9999.000,9999.000,9999.000,9999.000,9999.000,9999.000,9999.000
202607140754,  -0.182,9999.000,9999.000,9999.000,9999.000,9999.000,9999.000,9999.000,9999.000
202607140800,  -0.136,9999.000,   0.400,   0.070,   0.334,   0.400,   0.334,   0.400,   0.334
202607140806,  -0.083,9999.000,9999.000,9999.000,9999.000,9999.000,9999.000,9999.000,9999.000
202607140812,  -0.024,9999.000,9999.000,9999.000,9999.000,9999.000,9999.000,9999.000,9999.000
202607140818,   0.041,9999.000,9999.000,9999.000,9999.000,9999.000,9999.000,9999.000,9999.000
202607140824,   0.113,9999.000,9999.000,9999.000,9999.000,9999.000,9999.000,9999.000,9999.000
202607140830,   0.191,9999.000,9999.000,9999.000,9999.000,9999.000,9999.000,9999.000,9999.000
202607140836,   0.275,9999.000,9999.000,9999.000,9999.000,9999.000,9999.000,9999.000,9999.000
202607140842,   0.364,9999.000,9999.000,9999.000,9999.000,9999.000,9999.000,9999.000,9999.000
202607140848,   0.458,9999.000,9999.000,9999.000,9999.000,9999.000,9999.000,9999.000,9999.000
202607140854,   0.557,9999.000,9999.000,9999.000,9999.000,9999.000,9999.000,9999.000,9999.000
202607140900,   0.660,9999.000,   0.400,   0.096,   1.156,   0.400,   1.156,   0.400,   1.156
202607140906,   0.767,9999.000,9999.000,9999.000,9999.000,9999.000,9999.000,9999.000,9999.000
202607140912,   0.877,9999.000,9999.000,9999.000,9999.000,9999.000,9999.000,9999.000,9999.000
202607140918,   0.990,9999.000,9999.000,9999.000,9999.000,9999.000,9999.000,9999.000,9999.000
202607140924,   1.106,9999.000,9999.000,9999.000,9999.000,9999.000,9999.000,9999.000,9999.000
202607140930,   1.224,9999.000,9999.000,9999.000,9999.000,9999.000,9999.000,9999.000,9999.000
202607140936,   1.343,9999.000,9999.000,9999.000,9999.000,9999.000,9999.000,9999.000,9999.000
202607140942,   1.464,9999.000,9999.000,9999.000,9999.000,9999.000,9999.000,9999.000,9999.000
202607140948,   1.585,9999.000,9999.000,9999.000,9999.000,9999.000,9999.000,9999.000,9999.000
202607140954,   1.706,9999.000,9999.000,9999.000,9999.000,9999.000,9999.000,9999.000,9999.000
202607141000,   1.827,9999.000,   0.400,   0.123,   2.350,   0.400,   2.350,   0.400,   2.350
202607141006,   1.947,9999.000,9999.000,9999.000,9999.000,9999.000,9999.000,9999.000,9999.000
202607141012,   2.067,9999.000,9999.000,9999.000,9999.000,9999.000,9999.000,9999.000,9999.000
202607141018,   2.184,9999.000,9999.000,9999.000,9999.000,9999.000,9999.000,9999.000,9999.000
202607141024,   2.301,9999.000,9999.000,9999.000,9999.000,9999.000,9999.000,9999.000,9999.000
202607141030,   2.415,9999.000,9999.000,9999.000,9999.000,9999.000,9999.000,9999.000,9999.000
202607141036,   2.526,9999.000,9999.000,9999.000,9999.000,9999.000,9999.000,9999.000,9999.000
202607141042,   2.635,9999.000,9999.000,9999.000,9999.000,9999.000,9999.000,9999.000,9999.000
202607141048,   2.741,9999.000,9999.000,9999.000,9999.000,9999.000,9999.000,9999.000,9999.000
202607141054,   2.844,9999.000,9999.000,9999.000,9999.000,9999.000,9999.000,9999.000,9999.000
202607141100,   2.944,9999.000,   0.400,   0.149,   3.493,   0.400,   3.493,   0.400,   3.493
202607141106,   3.040,9999.000,9999.000,9999.000,9999.000,9999.000,9999.000,9999.000,9999.000
202607141112,   3.132,9999.000,9999.000,9999.000,9999.000,9999.000,9999.000,9999.000,9999.000
202607141118,   3.220,9999.000,9999.000,9999.000,9999.000,9999.000,9999.000,9999.000,9999.000
202607141124,   3.304,9999.000,9999.000,9999.000,9999.000,9999.000,9999.000,9999.000,9999.000
202607141130,   3.384,9999.000,9999.000,9999.000,9999.000,9999.000,9999.000,9999.000,9999.000
202607141136,   3.460,9999.000,9999.000,9999.000,9999.000,9999.000,9999.000,9999.000,9999.000
202607141142,   3.531,9999.000,9999.000,9999.000,9999.000,9999.000,9999.000,9999.000,9999.000
202607141148,   3.597,9999.000,9999.000,9999.000,9999.000,9999.000,9999.000,9999.000,9999.000
202607141154,   3.658,9999.000,9999.000,9999.000,9999.000,9999.000,9999.000,9999.000,9999.000
202607141200,   3.715,9999.000,   0.400,   0.149,   4.264,   0.400,   4.264,   0.400,   4.264
202607141206,   3.766,9999.000,9999.000,9999.000,9999.000,9999.000,9999.000,9999.000,9999.000
202607141212,   3.812,9999.000,9999.000,9999.000,9999.000,9999.000,9999.000,9999.000,9999.000
202607141218,   3.853,9999.000,9999.000,9999.000,9999.000,9999.000,9999.000,9999.000,9999.000
202607141224,   3.888,9999.000,9999.000,9999.000,9999.000,9999.000,9999.000,9999.000,9999.000
202607141230,   3.918,9999.000,9999.000,9999.000,9999.000,9999.000,9999.000,9999.000,9999.000
202607141236,   3.942,9999.000,9999.000,9999.000,9999.000,9999.000,9999.000,9999.000,9999.000
202607141242,   3.961,9999.000,9999.000,9999.000,9999.000,9999.000,9999.000,9999.000,9999.000
202607141248,   3.974,9999.000,9999.000,9999.000,9999.000,9999.000,9999.000,9999.000,9999.000
202607141254,   3.981,9999.000,9999.000,9999.000,9999.000,9999.000,9999.000,9999.000,9999.000
202607141300,   3.982,9999.000,   0.400,   0.149,   4.531,   0.300,   4.431,   0.400,   4.531
202607141306,   3.977,9999.000,9999.000,9999.000,9999.000,9999.000,9999.000,9999.000,9999.000
202607141312,   3.967,9999.000,9999.000,9999.000,9999.000,9999.000,9999.000,9999.000,9999.000
202607141318,   3.951,9999.000,9999.000,9999.000,9999.000,9999.000,9999.000,9999.000,9999.000
202607141324,   3.929,9999.000,9999.000,9999.000,9999.000,9999.000,9999.000,9999.000,9999.000
202607141330,   3.901,9999.000,9999.000,9999.000,9999.000,9999.000,9999.000,9999.000,9999.000
202607141336,   3.868,9999.000,9999.000,9999.000,9999.000,9999.000,9999.000,9999.000,9999.000
202607141342,   3.829,9999.000,9999.000,9999.000,9999.000,9999.000,9999.000,9999.000,9999.000
202607141348,   3.785,9999.000,9999.000,9999.000,9999.000,9999.000,9999.000,9999.000,9999.000
202607141354,   3.736,9999.000,9999.000,9999.000,9999.000,9999.000,9999.000,9999.000,9999.000
202607141400,   3.681,9999.000,   0.300,   0.149,   4.130,   0.300,   4.130,   0.400,   4.230
202607141406,   3.622,9999.000,9999.000,9999.000,9999.000,9999.000,9999.000,9999.000,9999.000
202607141412,   3.557,9999.000,9999.000,9999.000,9999.000,9999.000,9999.000,9999.000,9999.000
202607141418,   3.489,9999.000,9999.000,9999.000,9999.000,9999.000,9999.000,9999.000,9999.000
202607141424,   3.416,9999.000,9999.000,9999.000,9999.000,9999.000,9999.000,9999.000,9999.000
202607141430,   3.339,9999.000,9999.000,9999.000,9999.000,9999.000,9999.000,9999.000,9999.000
202607141436,   3.258,9999.000,9999.000,9999.000,9999.000,9999.000,9999.000,9999.000,9999.000
202607141442,   3.173,9999.000,9999.000,9999.000,9999.000,9999.000,9999.000,9999.000,9999.000
202607141448,   3.085,9999.000,9999.000,9999.000,9999.000,9999.000,9999.000,9999.000,9999.000
202607141454,   2.994,9999.000,9999.000,9999.000,9999.000,9999.000,9999.000,9999.000,9999.000
202607141500,   2.900,9999.000,   0.300,   0.149,   3.349,   0.300,   3.349,   0.400,   3.449
202607141506,   2.804,9999.000,9999.000,9999.000,9999.000,9999.000,9999.000,9999.000,9999.000
202607141512,   2.705,9999.000,9999.000,9999.000,9999.000,9999.000,9999.000,9999.000,9999.000
202607141518,   2.605,9999.000,9999.000,9999.000,9999.000,9999.000,9999.000,9999.000,9999.000
202607141524,   2.502,9999.000,9999.000,9999.000,9999.000,9999.000,9999.000,9999.000,9999.000
202607141530,   2.399,9999.000,9999.000,9999.000,9999.000,9999.000,9999.000,9999.000,9999.000
202607141536,   2.294,9999.000,9999.000,9999.000,9999.000,9999.000,9999.000,9999.000,9999.000
202607141542,   2.188,9999.000,9999.000,9999.000,9999.000,9999.000,9999.000,9999.000,9999.000
202607141548,   2.081,9999.000,9999.000,9999.000,9999.000,9999.000,9999.000,9999.000,9999.000
202607141554,   1.975,9999.000,9999.000,9999.000,9999.000,9999.000,9999.000,9999.000,9999.000
202607141600,   1.868,9999.000,   0.300,   0.149,   2.317,   0.300,   2.317,   0.300,   2.317
202607141606,   1.761,9999.000,9999.000,9999.000,9999.000,9999.000,9999.000,9999.000,9999.000
202607141612,   1.654,9999.000,9999.000,9999.000,9999.000,9999.000,9999.000,9999.000,9999.000
202607141618,   1.548,9999.000,9999.000,9999.000,9999.000,9999.000,9999.000,9999.000,9999.000
202607141624,   1.443,9999.000,9999.000,9999.000,9999.000,9999.000,9999.000,9999.000,9999.000
202607141630,   1.339,9999.000,9999.000,9999.000,9999.000,9999.000,9999.000,9999.000,9999.000
202607141636,   1.236,9999.000,9999.000,9999.000,9999.000,9999.000,9999.000,9999.000,9999.000
202607141642,   1.135,9999.000,9999.000,9999.000,9999.000,9999.000,9999.000,9999.000,9999.000
202607141648,   1.036,9999.000,9999.000,9999.000,9999.000,9999.000,9999.000,9999.000,9999.000
202607141654,   0.938,9999.000,9999.000,9999.000,9999.000,9999.000,9999.000,9999.000,9999.000
202607141700,   0.843,9999.000,   0.300,   0.149,   1.292,   0.300,   1.292,   0.300,   1.292
202607141706,   0.750,9999.000,9999.000,9999.000,9999.000,9999.000,9999.000,9999.000,9999.000
202607141712,   0.660,9999.000,9999.000,9999.000,9999.000,9999.000,9999.000,9999.000,9999.000
202607141718,   0.572,9999.000,9999.000,9999.000,9999.000,9999.000,9999.000,9999.000,9999.000
202607141724,   0.487,9999.000,9999.000,9999.000,9999.000,9999.000,9999.000,9999.000,9999.000
202607141730,   0.406,9999.000,9999.000,9999.000,9999.000,9999.000,9999.000,9999.000,9999.000
202607141736,   0.327,9999.000,9999.000,9999.000,9999.000,9999.000,9999.000,9999.000,9999.000
202607141742,   0.253,9999.000,9999.000,9999.000,9999.000,9999.000,9999.000,9999.000,9999.000
202607141748,   0.182,9999.000,9999.000,9999.000,9999.000,9999.000,9999.000,9999.000,9999.000
202607141754,   0.115,9999.000,9999.000,9999.000,9999.000,9999.000,9999.000,9999.000,9999.000
202607141800,   0.053,9999.000,   0.300,   0.149,   0.502,   0.300,   0.502,   0.300,   0.502
202607141806,  -0.004,9999.000,9999.000,9999.000,9999.000,9999.000,9999.000,9999.000,9999.000
202607141812,  -0.058,9999.000,9999.000,9999.000,9999.000,9999.000,9999.000,9999.000,9999.000
202607141818,  -0.107,9999.000,9999.000,9999.000,9999.000,9999.000,9999.000,9999.000,9999.000
202607141824,  -0.150,9999.000,9999.000,9999.000,9999.000,9999.000,9999.000,9999.000,9999.000
202607141830,  -0.189,9999.000,9999.000,9999.000,9999.000,9999.000,9999.000,9999.000,9999.000
202607141836,  -0.221,9999.000,9999.000,9999.000,9999.000,9999.000,9999.000,9999.000,9999.000
202607141842,  -0.249,9999.000,9999.000,9999.000,9999.000,9999.000,9999.000,9999.000,9999.000
202607141848,  -0.270,9999.000,9999.000,9999.000,9999.000,9999.000,9999.000,9999.000,9999.000
202607141854,  -0.285,9999.000,9999.000,9999.000,9999.000,9999.000,9999.000,9999.000,9999.000
202607141900,  -0.293,9999.000,   0.300,   0.149,   0.156,   0.200,   0.056,   0.300,   0.156
202607141906,  -0.295,9999.000,9999.000,9999.000,9999.000,9999.000,9999.000,9999.000,9999.000
202607141912,  -0.291,9999.000,9999.000,9999.000,9999.000,9999.000,9999.000,9999.000,9999.000
202607141918,  -0.279,9999.000,9999.000,9999.000,9999.000,9999.000,9999.000,9999.000,9999.000
202607141924,  -0.260,9999.000,9999.000,9999.000,9999.000,9999.000,9999.000,9999.000,9999.000
202607141930,  -0.234,9999.000,9999.000,9999.000,9999.000,9999.000,9999.000,9999.000,9999.000
202607141936,  -0.201,9999.000,9999.000,9999.000,9999.000,9999.000,9999.000,9999.000,9999.000
202607141942,  -0.160,9999.000,9999.000,9999.000,9999.000,9999.000,9999.000,9999.000,9999.000
202607141948,  -0.112,9999.000,9999.000,9999.000,9999.000,9999.000,9999.000,9999.000,9999.000
202607141954,  -0.056,9999.000,9999.000,9999.000,9999.000,9999.000,9999.000,9999.000,9999.000
202607142000,   0.006,9999.000,   0.300,   0.149,   0.455,   0.200,   0.355,   0.300,   0.455
202607142006,   0.076,9999.000,9999.000,9999.000,9999.000,9999.000,9999.000,9999.000,9999.000
202607142012,   0.154,9999.000,9999.000,9999.000,9999.000,9999.000,9999.000,9999.000,9999.000
202607142018,   0.239,9999.000,9999.000,9999.000,9999.000,9999.000,9999.000,9999.000,9999.000
202607142024,   0.331,9999.000,9999.000,9999.000,9999.000,9999.000,9999.000,9999.000,9999.000
202607142030,   0.429,9999.000,9999.000,9999.000,9999.000,9999.000,9999.000,9999.000,9999.000
202607142036,   0.535,9999.000,9999.000,9999.000,9999.000,9999.000,9999.000,9999.000,9999.000
202607142042,   0.646,9999.000,9999.000,9999.000,9999.000,9999.000,9999.000,9999.000,9999.000
202607142048,   0.764,9999.000,9999.000,9999.000,9999.000,9999.000,9999.000,9999.000,9999.000
202607142054,   0.887,9999.000,9999.000,9999.000,9999.000,9999.000,9999.000,9999.000,9999.000
202607142100,   1.015,9999.000,   0.200,   0.149,   1.364,   0.200,   1.364,   0.300,   1.464
202607142106,   1.148,9999.000,9999.000,9999.000,9999.000,9999.000,9999.000,9999.000,9999.000
202607142112,   1.285,9999.000,9999.000,9999.000,9999.000,9999.000,9999.000,9999.000,9999.000
202607142118,   1.426,9999.000,9999.000,9999.000,9999.000,9999.000,9999.000,9999.000,9999.000
202607142124,   1.571,9999.000,9999.000,9999.000,9999.000,9999.000,9999.000,9999.000,9999.000
202607142130,   1.718,9999.000,9999.000,9999.000,9999.000,9999.000,9999.000,9999.000,9999.000
202607142136,   1.868,9999.000,9999.000,9999.000,9999.000,9999.000,9999.000,9999.000,9999.000
202607142142,   2.019,9999.000,9999.000,9999.000,9999.000,9999.000,9999.000,9999.000,9999.000
202607142148,   2.171,9999.000,9999.000,9999.000,9999.000,9999.000,9999.000,9999.000,9999.000
202607142154,   2.324,9999.000,9999.000,9999.000,9999.000,9999.000,9999.000,9999.000,9999.000
202607142200,   2.477,9999.000,   0.200,   0.149,   2.826,   0.200,   2.826,   0.300,   2.926
202607142206,   2.630,9999.000,9999.000,9999.000,9999.000,9999.000,9999.000,9999.000,9999.000
202607142212,   2.782,9999.000,9999.000,9999.000,9999.000,9999.000,9999.000,9999.000,9999.000
202607142218,   2.933,9999.000,9999.000,9999.000,9999.000,9999.000,9999.000,9999.000,9999.000
202607142224,   3.082,9999.000,9999.000,9999.000,9999.000,9999.000,9999.000,9999.000,9999.000
202607142230,   3.229,9999.000,9999.000,9999.000,9999.000,9999.000,9999.000,9999.000,9999.000
202607142236,   3.374,9999.000,9999.000,9999.000,9999.000,9999.000,9999.000,9999.000,9999.000
202607142242,   3.516,9999.000,9999.000,9999.000,9999.000,9999.000,9999.000,9999.000,9999.000
202607142248,   3.654,9999.000,9999.000,9999.000,9999.000,9999.000,9999.000,9999.000,9999.000
202607142254,   3.790,9999.000,9999.000,9999.000,9999.000,9999.000,9999.000,9999.000,9999.000
202607142300,   3.921,9999.000,   0.200,   0.149,   4.270,   0.200,   4.270,   0.200,   4.270
202607142306,   4.049,9999.000,9999.000,9999.000,9999.000,9999.000,9999.000,9999.000,9999.000
202607142312,   4.172,9999.000,9999.000,9999.000,9999.000,9999.000,9999.000,9999.000,9999.000
202607142318,   4.291,9999.000,9999.000,9999.000,9999.000,9999.000,9999.000,9999.000,9999.000
202607142324,   4.406,9999.000,9999.000,9999.000,9999.000,9999.000,9999.000,9999.000,9999.000
202607142330,   4.516,9999.000,9999.000,9999.000,9999.000,9999.000,9999.000,9999.000,9999.000
202607142336,   4.621,9999.000,9999.000,9999.000,9999.000,9999.000,9999.000,9999.000,9999.000
202607142342,   4.721,9999.000,9999.000,9999.000,9999.000,9999.000,9999.000,9999.000,9999.000
202607142348,   4.815,9999.000,9999.000,9999.000,9999.000,9999.000,9999.000,9999.000,9999.000
202607142354,   4.905,9999.000,9999.000,9999.000,9999.000,9999.000,9999.000,9999.000,9999.000
202607150000,   4.988,9999.000,   0.200,   0.149,   5.337,   0.200,   5.337,   0.200,   5.337
202607150006,   5.067,9999.000,9999.000,9999.000,9999.000,9999.000,9999.000,9999.000,9999.000
202607150012,   5.139,9999.000,9999.000,9999.000,9999.000,9999.000,9999.000,9999.000,9999.000
202607150018,   5.206,9999.000,9999.000,9999.000,9999.000,9999.000,9999.000,9999.000,9999.000
202607150024,   5.267,9999.000,9999.000,9999.000,9999.000,9999.000,9999.000,9999.000,9999.000
202607150030,   5.322,9999.000,9999.000,9999.000,9999.000,9999.000,9999.000,9999.000,9999.000
202607150036,   5.371,9999.000,9999.000,9999.000,9999.000,9999.000,9999.000,9999.000,9999.000
202607150042,   5.413,9999.000,9999.000,9999.000,9999.000,9999.000,9999.000,9999.000,9999.000
202607150048,   5.449,9999.000,9999.000,9999.000,9999.000,9999.000,9999.000,9999.000,9999.000
202607150054,   5.479,9999.000,9999.000,9999.000,9999.000,9999.000,9999.000,9999.000,9999.000
202607150100,   5.502,9999.000,   0.200,   0.149,   5.851,   0.100,   5.751,   0.200,   5.851
202607150106,   5.518,9999.000,9999.000,9999.000,9999.000,9999.000,9999.000,9999.000,9999.000
202607150112,   5.528,9999.000,9999.000,9999.000,9999.000,9999.000,9999.000,9999.000,9999.000
202607150118,   5.532,9999.000,9999.000,9999.000,9999.000,9999.000,9999.000,9999.000,9999.000
202607150124,   5.528,9999.000,9999.000,9999.000,9999.000,9999.000,9999.000,9999.000,9999.000
202607150130,   5.518,9999.000,9999.000,9999.000,9999.000,9999.000,9999.000,9999.000,9999.000
202607150136,   5.501,9999.000,9999.000,9999.000,9999.000,9999.000,9999.000,9999.000,9999.000
202607150142,   5.478,9999.000,9999.000,9999.000,9999.000,9999.000,9999.000,9999.000,9999.000
202607150148,   5.448,9999.000,9999.000,9999.000,9999.000,9999.000,9999.000,9999.000,9999.000
202607150154,   5.412,9999.000,9999.000,9999.000,9999.000,9999.000,9999.000,9999.000,9999.000
202607150200,   5.369,9999.000,   0.200,   0.149,   5.718,   0.100,   5.618,   0.200,   5.718
202607150206,   5.320,9999.000,9999.000,9999.000,9999.000,9999.000,9999.000,9999.000,9999.000
202607150212,   5.265,9999.000,9999.000,9999.000,9999.000,9999.000,9999.000,9999.000,9999.000
202607150218,   5.204,9999.000,9999.000,9999.000,9999.000,9999.000,9999.000,9999.000,9999.000
202607150224,   5.137,9999.000,9999.000,9999.000,9999.000,9999.000,9999.000,9999.000,9999.000
202607150230,   5.064,9999.000,9999.000,9999.000,9999.000,9999.000,9999.000,9999.000,9999.000
202607150236,   4.986,9999.000,9999.000,9999.000,9999.000,9999.000,9999.000,9999.000,9999.000
202607150242,   4.903,9999.000,9999.000,9999.000,9999.000,9999.000,9999.000,9999.000,9999.000
202607150248,   4.815,9999.000,9999.000,9999.000,9999.000,9999.000,9999.000,9999.000,9999.000
202607150254,   4.722,9999.000,9999.000,9999.000,9999.000,9999.000,9999.000,9999.000,9999.000
202607150300,   4.625,9999.000,   0.100,   0.149,   4.874,   0.100,   4.874,   0.200,   4.974
202607150306,   4.523,9999.000,9999.000,9999.000,9999.000,9999.000,9999.000,9999.000,9999.000
202607150312,   4.417,9999.000,9999.000,9999.000,9999.000,9999.000,9999.000,9999.000,9999.000
202607150318,   4.308,9999.000,9999.000,9999.000,9999.000,9999.000,9999.000,9999.000,9999.000
202607150324,   4.195,9999.000,9999.000,9999.000,9999.000,9999.000,9999.000,9999.000,9999.000
202607150330,   4.079,9999.000,9999.000,9999.000,9999.000,9999.000,9999.000,9999.000,9999.000
202607150336,   3.960,9999.000,9999.000,9999.000,9999.000,9999.000,9999.000,9999.000,9999.000
202607150342,   3.839,9999.000,9999.000,9999.000,9999.000,9999.000,9999.000,9999.000,9999.000
202607150348,   3.715,9999.000,9999.000,9999.000,9999.000,9999.000,9999.000,9999.000,9999.000
202607150354,   3.589,9999.000,9999.000,9999.000,9999.000,9999.000,9999.000,9999.000,9999.000
202607150400,   3.462,9999.000,   0.100,   0.149,   3.711,   0.100,   3.711,   0.200,   3.811
202607150406,   3.333,9999.000,9999.000,9999.000,9999.000,9999.000,9999.000,9999.000,9999.000
202607150412,   3.203,9999.000,9999.000,9999.000,9999.000,9999.000,9999.000,9999.000,9999.000
202607150418,   3.071,9999.000,9999.000,9999.000,9999.000,9999.000,9999.000,9999.000,9999.000
202607150424,   2.939,9999.000,9999.000,9999.000,9999.000,9999.000,9999.000,9999.000,9999.000
202607150430,   2.807,9999.000,9999.000,9999.000,9999.000,9999.000,9999.000,9999.000,9999.000
202607150436,   2.674,9999.000,9999.000,9999.000,9999.000,9999.000,9999.000,9999.000,9999.000
202607150442,   2.541,9999.000,9999.000,9999.000,9999.000,9999.000,9999.000,9999.000,9999.000
202607150448,   2.408,9999.000,9999.000,9999.000,9999.000,9999.000,9999.000,9999.000,9999.000
202607150454,   2.276,9999.000,9999.000,9999.000,9999.000,9999.000,9999.000,9999.000,9999.000
202607150500,   2.145,9999.000,   0.100,   0.149,   2.394,   0.100,   2.394,   0.100,   2.394
202607150506,   2.014,9999.000,9999.000,9999.000,9999.000,9999.000,9999.000,9999.000,9999.000
202607150512,   1.885,9999.000,9999.000,9999.000,9999.000,9999.000,9999.000,9999.000,9999.000
202607150518,   1.757,9999.000,9999.000,9999.000,9999.000,9999.000,9999.000,9999.000,9999.000
202607150524,   1.630,9999.000,9999.000,9999.000,9999.000,9999.000,9999.000,9999.000,9999.000
202607150530,   1.505,9999.000,9999.000,9999.000,9999.000,9999.000,9999.000,9999.000,9999.000
202607150536,   1.382,9999.000,9999.000,9999.000,9999.000,9999.000,9999.000,9999.000,9999.000
202607150542,   1.261,9999.000,9999.000,9999.000,9999.000,9999.000,9999.000,9999.000,9999.000
202607150548,   1.143,9999.000,9999.000,9999.000,9999.000,9999.000,9999.000,9999.000,9999.000
202607150554,   1.027,9999.000,9999.000,9999.000,9999.000,9999.000,9999.000,9999.000,9999.000
202607150600,   0.914,9999.000,   0.100,   0.149,   1.163,   0.000,   1.063,   0.100,   1.163
202607150606,   0.804,9999.000,9999.000,9999.000,9999.000,9999.000,9999.000,9999.000,9999.000
202607150612,   0.697,9999.000,9999.000,9999.000,9999.000,9999.000,9999.000,9999.000,9999.000
202607150618,   0.593,9999.000,9999.000,9999.000,9999.000,9999.000,9999.000,9999.000,9999.000
202607150624,   0.494,9999.000,9999.000,9999.000,9999.000,9999.000,9999.000,9999.000,9999.000
202607150630,   0.398,9999.000,9999.000,9999.000,9999.000,9999.000,9999.000,9999.000,9999.000
202607150636,   0.306,9999.000,9999.000,9999.000,9999.000,9999.000,9999.000,9999.000,9999.000
202607150642,   0.219,9999.000,9999.000,9999.000,9999.000,9999.000,9999.000,9999.000,9999.000
202607150648,   0.136,9999.000,9999.000,9999.000,9999.000,9999.000,9999.000,9999.000,9999.000
202607150654,   0.058,9999.000,9999.000,9999.000,9999.000,9999.000,9999.000,9999.000,9999.000
202607150700,  -0.014,9999.000,   0.100,   0.149,   0.235,   0.000,   0.135,   0.100,   0.235
202607150706,  -0.082,9999.000,9999.000,9999.000,9999.000,9999.000,9999.000,9999.000,9999.000
202607150712,  -0.144,9999.000,9999.000,9999.000,9999.000,9999.000,9999.000,9999.000,9999.000
202607150718,  -0.200,9999.000,9999.000,9999.000,9999.000,9999.000,9999.000,9999.000,9999.000
202607150724,  -0.251,9999.000,9999.000,9999.000,9999.000,9999.000,9999.000,9999.000,9999.000
202607150730,  -0.295,9999.000,9999.000,9999.000,9999.000,9999.000,9999.000,9999.000,9999.000
202607150736,  -0.333,9999.000,9999.000,9999.000,9999.000,9999.000,9999.000,9999.000,9999.000
202607150742,  -0.365,9999.000,9999.000,9999.000,9999.000,9999.000,9999.000,9999.000,9999.000
202607150748,  -0.390,9999.000,9999.000,9999.000,9999.000,9999.000,9999.000,9999.000,9999.000
202607150754,  -0.408,9999.000,9999.000,9999.000,9999.000,9999.000,9999.000,9999.000,9999.000
202607150800,  -0.419,9999.000,   0.100,   0.149,  -0.170,   0.000,  -0.270,   0.100,  -0.170
202607150806,  -0.423,9999.000,9999.000,9999.000,9999.000,9999.000,9999.000,9999.000,9999.000
202607150812,  -0.420,9999.000,9999.000,9999.000,9999.000,9999.000,9999.000,9999.000,9999.000
202607150818,  -0.410,9999.000,9999.000,9999.000,9999.000,9999.000,9999.000,9999.000,9999.000
202607150824,  -0.392,9999.000,9999.000,9999.000,9999.000,9999.000,9999.000,9999.000,9999.000
202607150830,  -0.368,9999.000,9999.000,9999.000,9999.000,9999.000,9999.000,9999.000,9999.000
202607150836,  -0.336,9999.000,9999.000,9999.000,9999.000,9999.000,9999.000,9999.000,9999.000
202607150842,  -0.296,9999.000,9999.000,9999.000,9999.000,9999.000,9999.000,9999.000,9999.000
202607150848,  -0.250,9999.000,9999.000,9999.000,9999.000,9999.000,9999.000,9999.000,9999.000
202607150854,  -0.197,9999.000,9999.000,9999.000,9999.000,9999.000,9999.000,9999.000,9999.000
202607150900,  -0.137,9999.000,   0.000,   0.149,   0.012,   0.000,   0.012,   0.100,   0.112
202607150906,  -0.070,9999.000,9999.000,9999.000,9999.000,9999.000,9999.000,9999.000,9999.000
202607150912,   0.002,9999.000,9999.000,9999.000,9999.000,9999.000,9999.000,9999.000,9999.000
202607150918,   0.082,9999.000,9999.000,9999.000,9999.000,9999.000,9999.000,9999.000,9999.000
202607150924,   0.167,9999.000,9999.000,9999.000,9999.000,9999.000,9999.000,9999.000,9999.000
202607150930,   0.258,9999.000,9999.000,9999.000,9999.000,9999.000,9999.000,9999.000,9999.000
202607150936,   0.353,9999.000,9999.000,9999.000,9999.000,9999.000,9999.000,9999.000,9999.000
202607150942,   0.454,9999.000,9999.000,9999.000,9999.000,9999.000,9999.000,9999.000,9999.000
202607150948,   0.559,9999.000,9999.000,9999.000,9999.000,9999.000,9999.000,9999.000,9999.000
202607150954,   0.668,9999.000,9999.000,9999.000,9999.000,9999.000,9999.000,9999.000,9999.000
202607151000,   0.781,9999.000,   0.000,   0.149,   0.930,   0.000,   0.930,   0.100,   1.030
202607151006,   0.896,9999.000,9999.000,9999.000,9999.000,9999.000,9999.000,9999.000,9999.000
202607151012,   1.015,9999.000,9999.000,9999.000,9999.000,9999.000,9999.000,9999.000,9999.000
202607151018,   1.135,9999.000,9999.000,9999.000,9999.000,9999.000,9999.000,9999.000,9999.000
202607151024,   1.257,9999.000,9999.000,9999.000,9999.000,9999.000,9999.000,9999.000,9999.000
202607151030,   1.381,9999.000,9999.000,9999.000,9999.000,9999.000,9999.000,9999.000,9999.000
202607151036,   1.505,9999.000,9999.000,9999.000,9999.000,9999.000,9999.000,9999.000,9999.000
202607151042,   1.630,9999.000,9999.000,9999.000,9999.000,9999.000,9999.000,9999.000,9999.000
202607151048,   1.755,9999.000,9999.000,9999.000,9999.000,9999.000,9999.000,9999.000,9999.000
202607151054,   1.879,9999.000,9999.000,9999.000,9999.000,9999.000,9999.000,9999.000,9999.000
202607151100,   2.003,9999.000,   0.000,   0.149,   2.152,   0.000,   2.152,   0.000,   2.152
202607151106,   2.127,9999.000,9999.000,9999.000,9999.000,9999.000,9999.000,9999.000,9999.000
202607151112,   2.248,9999.000,9999.000,9999.000,9999.000,9999.000,9999.000,9999.000,9999.000
202607151118,   2.368,9999.000,9999.000,9999.000,9999.000,9999.000,9999.000,9999.000,9999.000
202607151124,   2.486,9999.000,9999.000,9999.000,9999.000,9999.000,9999.000,9999.000,9999.000
202607151130,   2.602,9999.000,9999.000,9999.000,9999.000,9999.000,9999.000,9999.000,9999.000
202607151136,   2.715,9999.000,9999.000,9999.000,9999.000,9999.000,9999.000,9999.000,9999.000
202607151142,   2.826,9999.000,9999.000,9999.000,9999.000,9999.000,9999.000,9999.000,9999.000
202607151148,   2.933,9999.000,9999.000,9999.000,9999.000,9999.000,9999.000,9999.000,9999.000
202607151154,   3.038,9999.000,9999.000,9999.000,9999.000,9999.000,9999.000,9999.000,9999.000
202607151200,   3.139,9999.000,   0.000,   0.149,   3.288,   0.000,   3.288,   0.000,   3.288
202607151206,   3.237,9999.000,9999.000,9999.000,9999.000,9999.000,9999.000,9999.000,9999.000
202607151212,   3.330,9999.000,9999.000,9999.000,9999.000,9999.000,9999.000,9999.000,9999.000
202607151218,   3.420,9999.000,9999.000,9999.000,9999.000,9999.000,9999.000,9999.000,9999.000
202607151224,   3.505,9999.000,9999.000,9999.000,9999.000,9999.000,9999.000,9999.000,9999.000
202607151230,   3.586,9999.000,9999.000,9999.000,9999.000,9999.000,9999.000,9999.000,9999.000
202607151236,   3.662,9999.000,9999.000,9999.000,9999.000,9999.000,9999.000,9999.000,9999.000
202607151242,   3.733,9999.000,9999.000,9999.000,9999.000,9999.000,9999.000,9999.000,9999.000
202607151248,   3.799,9999.000,9999.000,9999.000,9999.000,9999.000,9999.000,9999.000,9999.000
202607151254,   3.860,9999.000,9999.000,9999.000,9999.000,9999.000,9999.000,9999.000,9999.000
202607151300,   3.916,9999.000,   0.000,   0.149,   4.065,   0.000,   4.065,   0.000,   4.065
202607151306,   3.966,9999.000,9999.000,9999.000,9999.000,9999.000,9999.000,9999.000,9999.000
202607151312,   4.010,9999.000,9999.000,9999.000,9999.000,9999.000,9999.000,9999.000,9999.000
202607151318,   4.048,9999.000,9999.000,9999.000,9999.000,9999.000,9999.000,9999.000,9999.000
202607151324,   4.081,9999.000,9999.000,9999.000,9999.000,9999.000,9999.000,9999.000,9999.000
202607151330,   4.107,9999.000,9999.000,9999.000,9999.000,9999.000,9999.000,9999.000,9999.000
202607151336,   4.127,9999.000,9999.000,9999.000,9999.000,9999.000,9999.000,9999.000,9999.000
202607151342,   4.141,9999.000,9999.000,9999.000,9999.000,9999.000,9999.000,9999.000,9999.000
202607151348,   4.148,9999.000,9999.000,9999.000,9999.000,9999.000,9999.000,9999.000,9999.000
202607151354,   4.150,9999.000,9999.000,9999.000,9999.000,9999.000,9999.000,9999.000,9999.000
202607151400,   4.145,9999.000,   0.000,   0.149,   4.294,   0.000,   4.294,   0.000,   4.294
202607151406,   4.133,9999.000,9999.000,9999.000,9999.000,9999.000,9999.000,9999.000,9999.000
202607151412,   4.116,9999.000,9999.000,9999.000,9999.000,9999.000,9999.000,9999.000,9999.000
202607151418,   4.092,9999.000,9999.000,9999.000,9999.000,9999.000,9999.000,9999.000,9999.000
202607151424,   4.062,9999.000,9999.000,9999.000,9999.000,9999.000,9999.000,9999.000,9999.000
202607151430,   4.026,9999.000,9999.000,9999.000,9999.000,9999.000,9999.000,9999.000,9999.000
202607151436,   3.984,9999.000,9999.000,9999.000,9999.000,9999.000,9999.000,9999.000,9999.000
202607151442,   3.937,9999.000,9999.000,9999.000,9999.000,9999.000,9999.000,9999.000,9999.000
202607151448,   3.885,9999.000,9999.000,9999.000,9999.000,9999.000,9999.000,9999.000,9999.000
202607151454,   3.827,9999.000,9999.000,9999.000,9999.000,9999.000,9999.000,9999.000,9999.000
202607151500,   3.764,9999.000,   0.000,   0.149,   3.913,   0.000,   3.913,   0.000,   3.913
202607151506,   3.696,9999.000,9999.000,9999.000,9999.000,9999.000,9999.000,9999.000,9999.000
202607151512,   3.623,9999.000,9999.000,9999.000,9999.000,9999.000,9999.000,9999.000,9999.000
202607151518,   3.547,9999.000,9999.000,9999.000,9999.000,9999.000,9999.000,9999.000,9999.000
202607151524,   3.466,9999.000,9999.000,9999.000,9999.000,9999.000,9999.000,9999.000,9999.000
202607151530,   3.381,9999.000,9999.000,9999.000,9999.000,9999.000,9999.000,9999.000,9999.000
202607151536,   3.293,9999.000,9999.000,9999.000,9999.000,9999.000,9999.000,9999.000,9999.000
202607151542,   3.201,9999.000,9999.000,9999.000,9999.000,9999.000,9999.000,9999.000,9999.000
202607151548,   3.107,9999.000,9999.000,9999.000,9999.000,9999.000,9999.000,9999.000,9999.000
202607151554,   3.010,9999.000,9999.000,9999.000,9999.000,9999.000,9999.000,9999.000,9999.000
202607151600,   2.910,9999.000,   0.000,   0.149,   3.059,   0.000,   3.059,   0.000,   3.059
202607151606,   2.808,9999.000,9999.000,9999.000,9999.000,9999.000,9999.000,9999.000,9999.000
202607151612,   2.704,9999.000,9999.000,9999.000,9999.000,9999.000,9999.000,9999.000,9999.000
202607151618,   2.599,9999.000,9999.000,9999.000,9999.000,9999.000,9999.000,9999.000,9999.000
202607151624,   2.492,9999.000,9999.000,9999.000,9999.000,9999.000,9999.000,9999.000,9999.000
202607151630,   2.384,9999.000,9999.000,9999.000,9999.000,9999.000,9999.000,9999.000,9999.000
202607151636,   2.275,9999.000,9999.000,9999.000,9999.000,9999.000,9999.000,9999.000,9999.000
202607151642,   2.166,9999.000,9999.000,9999.000,9999.000,9999.000,9999.000,9999.000,9999.000
202607151648,   2.056,9999.000,9999.000,9999.000,9999.000,9999.000,9999.000,9999.000,9999.000
202607151654,   1.946,9999.000,9999.000,9999.000,9999.000,9999.000,9999.000,9999.000,9999.000
202607151700,   1.836,9999.000,   0.000,   0.149,   1.985,  -0.100,   1.885,   0.000,   1.985
202607151706,   1.727,9999.000,9999.000,9999.000,9999.000,9999.000,9999.000,9999.000,9999.000
202607151712,   1.618,9999.000,9999.000,9999.000,9999.000,9999.000,9999.000,9999.000,9999.000
202607151718,   1.510,9999.000,9999.000,9999.000,9999.000,9999.000,9999.000,9999.000,9999.000
202607151724,   1.403,9999.000,9999.000,9999.000,9999.000,9999.000,9999.000,9999.000,9999.000
202607151730,   1.297,9999.000,9999.000,9999.000,9999.000,9999.000,9999.000,9999.000,9999.000
202607151736,   1.192,9999.000,9999.000,9999.000,9999.000,9999.000,9999.000,9999.000,9999.000
202607151742,   1.089,9999.000,9999.000,9999.000,9999.000,9999.000,9999.000,9999.000,9999.000
202607151748,   0.989,9999.000,9999.000,9999.000,9999.000,9999.000,9999.000,9999.000,9999.000
202607151754,   0.890,9999.000,9999.000,9999.000,9999.000,9999.000,9999.000,9999.000,9999.000
202607151800,   0.793,9999.000,   0.000,   0.149,   0.942,  -0.100,   0.842,   0.000,   0.942
202607151806,   0.699,9999.000,9999.000,9999.000,9999.000,9999.000,9999.000,9999.000,9999.000
202607151812,   0.608,9999.000,9999.000,9999.000,9999.000,9999.000,9999.000,9999.000,9999.000
202607151818,   0.520,9999.000,9999.000,9999.000,9999.000,9999.000,9999.000,9999.000,9999.000
202607151824,   0.435,9999.000,9999.000,9999.000,9999.000,9999.000,9999.000,9999.000,9999.000
202607151830,   0.353,9999.000,9999.000,9999.000,9999.000,9999.000,9999.000,9999.000,9999.000
202607151836,   0.275,9999.000,9999.000,9999.000,9999.000,9999.000,9999.000,9999.000,9999.000
202607151842,   0.201,9999.000,9999.000,9999.000,9999.000,9999.000,9999.000,9999.000,9999.000
202607151848,   0.131,9999.000,9999.000,9999.000,9999.000,9999.000,9999.000,9999.000,9999.000
202607151854,   0.065,9999.000,9999.000,9999.000,9999.000,9999.000,9999.000,9999.000,9999.000
202607151900,   0.004,9999.000,   0.000,   0.149,   0.153,  -0.100,   0.053,   0.000,   0.153
202607151906,  -0.051,9999.000,9999.000,9999.000,9999.000,9999.000,9999.000,9999.000,9999.000
202607151912,  -0.102,9999.000,9999.000,9999.000,9999.000,9999.000,9999.000,9999.000,9999.000
202607151918,  -0.148,9999.000,9999.000,9999.000,9999.000,9999.000,9999.000,9999.000,9999.000
202607151924,  -0.188,9999.000,9999.000,9999.000,9999.000,9999.000,9999.000,9999.000,9999.000
202607151930,  -0.222,9999.000,9999.000,9999.000,9999.000,9999.000,9999.000,9999.000,9999.000
202607151936,  -0.251,9999.000,9999.000,9999.000,9999.000,9999.000,9999.000,9999.000,9999.000
202607151942,  -0.273,9999.000,9999.000,9999.000,9999.000,9999.000,9999.000,9999.000,9999.000
202607151948,  -0.288,9999.000,9999.000,9999.000,9999.000,9999.000,9999.000,9999.000,9999.000
202607151954,  -0.297,9999.000,9999.000,9999.000,9999.000,9999.000,9999.000,9999.000,9999.000
202607152000,  -0.299,9999.000,   0.000,   0.149,  -0.150,  -0.100,  -0.250,   0.000,  -0.150
202607152006,  -0.294,9999.000,9999.000,9999.000,9999.000,9999.000,9999.000,9999.000,9999.000
202607152012,  -0.282,9999.000,9999.000,9999.000,9999.000,9999.000,9999.000,9999.000,9999.000
202607152018,  -0.262,9999.000,9999.000,9999.000,9999.000,9999.000,9999.000,9999.000,9999.000
202607152024,  -0.235,9999.000,9999.000,9999.000,9999.000,9999.000,9999.000,9999.000,9999.000
202607152030,  -0.201,9999.000,9999.000,9999.000,9999.000,9999.000,9999.000,9999.000,9999.000
202607152036,  -0.159,9999.000,9999.000,9999.000,9999.000,9999.000,9999.000,9999.000,9999.000
202607152042,  -0.109,9999.000,9999.000,9999.000,9999.000,9999.000,9999.000,9999.000,9999.000
202607152048,  -0.052,9999.000,9999.000,9999.000,9999.000,9999.000,9999.000,9999.000,9999.000
202607152054,   0.012,9999.000,9999.000,9999.000,9999.000,9999.000,9999.000,9999.000,9999.000
202607152100,   0.084,9999.000,   0.000,   0.149,   0.233,  -0.100,   0.133,   0.000,   0.233
202607152106,   0.163,9999.000,9999.000,9999.000,9999.000,9999.000,9999.000,9999.000,9999.000
202607152112,   0.249,9999.000,9999.000,9999.000,9999.000,9999.000,9999.000,9999.000,9999.000
202607152118,   0.342,9999.000,9999.000,9999.000,9999.000,9999.000,9999.000,9999.000,9999.000
202607152124,   0.441,9999.000,9999.000,9999.000,9999.000,9999.000,9999.000,9999.000,9999.000
202607152130,   0.547,9999.000,9999.000,9999.000,9999.000,9999.000,9999.000,9999.000,9999.000
202607152136,   0.659,9999.000,9999.000,9999.000,9999.000,9999.000,9999.000,9999.000,9999.000
202607152142,   0.776,9999.000,9999.000,9999.000,9999.000,9999.000,9999.000,9999.000,9999.000
202607152148,   0.898,9999.000,9999.000,9999.000,9999.000,9999.000,9999.000,9999.000,9999.000
202607152154,   1.025,9999.000,9999.000,9999.000,9999.000,9999.000,9999.000,9999.000,9999.000
202607152200,   1.157,9999.000,   0.000,   0.149,   1.306,  -0.100,   1.206,   0.000,   1.306
202607152206,   1.292,9999.000,9999.000,9999.000,9999.000,9999.000,9999.000,9999.000,9999.000
202607152212,   1.431,9999.000,9999.000,9999.000,9999.000,9999.000,9999.000,9999.000,9999.000
202607152218,   1.572,9999.000,9999.000,9999.000,9999.000,9999.000,9999.000,9999.000,9999.000
202607152224,   1.716,9999.000,9999.000,9999.000,9999.000,9999.000,9999.000,9999.000,9999.000
202607152230,   1.862,9999.000,9999.000,9999.000,9999.000,9999.000,9999.000,9999.000,9999.000
202607152236,   2.010,9999.000,9999.000,9999.000,9999.000,9999.000,9999.000,9999.000,9999.000
202607152242,   2.158,9999.000,9999.000,9999.000,9999.000,9999.000,9999.000,9999.000,9999.000
202607152248,   2.307,9999.000,9999.000,9999.000,9999.000,9999.000,9999.000,9999.000,9999.000
202607152254,   2.456,9999.000,9999.000,9999.000,9999.000,9999.000,9999.000,9999.000,9999.000
202607152300,   2.605,9999.000,   0.000,   0.149,   2.754,  -0.100,   2.654,   0.000,   2.754
202607152306,   2.753,9999.000,9999.000,9999.000,9999.000,9999.000,9999.000,9999.000,9999.000
202607152312,   2.900,9999.000,9999.000,9999.000,9999.000,9999.000,9999.000,9999.000,9999.000
202607152318,   3.045,9999.000,9999.000,9999.000,9999.000,9999.000,9999.000,9999.000,9999.000
202607152324,   3.188,9999.000,9999.000,9999.000,9999.000,9999.000,9999.000,9999.000,9999.000
202607152330,   3.330,9999.000,9999.000,9999.000,9999.000,9999.000,9999.000,9999.000,9999.000
202607152336,   3.468,9999.000,9999.000,9999.000,9999.000,9999.000,9999.000,9999.000,9999.000
202607152342,   3.604,9999.000,9999.000,9999.000,9999.000,9999.000,9999.000,9999.000,9999.000
202607152348,   3.737,9999.000,9999.000,9999.000,9999.000,9999.000,9999.000,9999.000,9999.000
202607152354,   3.866,9999.000,9999.000,9999.000,9999.000,9999.000,9999.000,9999.000,9999.000
202607160000,   3.992,9999.000,   0.000,   0.149,   4.141,  -0.100,   4.041,   0.000,   4.141
202607160006,   4.114,9999.000,9999.000,9999.000,9999.000,9999.000,9999.000,9999.000,9999.000
202607160012,   4.232,9999.000,9999.000,9999.000,9999.000,9999.000,9999.000,9999.000,9999.000
202607160018,   4.345,9999.000,9999.000,9999.000,9999.000,9999.000,9999.000,9999.000,9999.000
202607160024,   4.454,9999.000,9999.000,9999.000,9999.000,9999.000,9999.000,9999.000,9999.000
202607160030,   4.558,9999.000,9999.000,9999.000,9999.000,9999.000,9999.000,9999.000,9999.000
202607160036,   4.658,9999.000,9999.000,9999.000,9999.000,9999.000,9999.000,9999.000,9999.000
202607160042,   4.752,9999.000,9999.000,9999.000,9999.000,9999.000,9999.000,9999.000,9999.000
202607160048,   4.841,9999.000,9999.000,9999.000,9999.000,9999.000,9999.000,9999.000,9999.000
202607160054,   4.924,9999.000,9999.000,9999.000,9999.000,9999.000,9999.000,9999.000,9999.000
202607160100,   5.002,9999.000,   0.000,   0.149,   5.151,  -0.100,   5.051,   0.000,   5.151
202607160106,   5.073,9999.000,9999.000,9999.000,9999.000,9999.000,9999.000,9999.000,9999.000
202607160112,   5.139,9999.000,9999.000,9999.000,9999.000,9999.000,9999.000,9999.000,9999.000
202607160118,   5.199,9999.000,9999.000,9999.000,9999.000,9999.000,9999.000,9999.000,9999.000
202607160124,   5.253,9999.000,9999.000,9999.000,9999.000,9999.000,9999.000,9999.000,9999.000
202607160130,   5.300,9999.000,9999.000,9999.000,9999.000,9999.000,9999.000,9999.000,9999.000
202607160136,   5.340,9999.000,9999.000,9999.000,9999.000,9999.000,9999.000,9999.000,9999.000
202607160142,   5.374,9999.000,9999.000,9999.000,9999.000,9999.000,9999.000,9999.000,9999.000
202607160148,   5.401,9999.000,9999.000,9999.000,9999.000,9999.000,9999.000,9999.000,9999.000
202607160154,   5.422,9999.000,9999.000,9999.000,9999.000,9999.000,9999.000,9999.000,9999.000
202607160200,   5.435,9999.000,   0.000,   0.149,   5.584,  -0.100,   5.484,   0.000,   5.584
202607160206,   5.442,9999.000,9999.000,9999.000,9999.000,9999.000,9999.000,9999.000,9999.000
202607160212,   5.442,9999.000,9999.000,9999.000,9999.000,9999.000,9999.000,9999.000,9999.000
202607160218,   5.435,9999.000,9999.000,9999.000,9999.000,9999.000,9999.000,9999.000,9999.000
202607160224,   5.422,9999.000,9999.000,9999.000,9999.000,9999.000,9999.000,9999.000,9999.000
202607160230,   5.402,9999.000,9999.000,9999.000,9999.000,9999.000,9999.000,9999.000,9999.000
202607160236,   5.374,9999.000,9999.000,9999.000,9999.000,9999.000,9999.000,9999.000,9999.000
202607160242,   5.341,9999.000,9999.000,9999.000,9999.000,9999.000,9999.000,9999.000,9999.000
202607160248,   5.301,9999.000,9999.000,9999.000,9999.000,9999.000,9999.000,9999.000,9999.000
202607160254,   5.254,9999.000,9999.000,9999.000,9999.000,9999.000,9999.000,9999.000,9999.000
202607160300,   5.202,9999.000,   0.000,   0.149,   5.351,  -0.100,   5.251,   0.000,   5.351
202607160306,   5.143,9999.000,9999.000,9999.000,9999.000,9999.000,9999.000,9999.000,9999.000
202607160312,   5.079,9999.000,9999.000,9999.000,9999.000,9999.000,9999.000,9999.000,9999.000
202607160318,   5.009,9999.000,9999.000,9999.000,9999.000,9999.000,9999.000,9999.000,9999.000
202607160324,   4.934,9999.000,9999.000,9999.000,9999.000,9999.000,9999.000,9999.000,9999.000
202607160330,   4.853,9999.000,9999.000,9999.000,9999.000,9999.000,9999.000,9999.000,9999.000
202607160336,   4.768,9999.000,9999.000,9999.000,9999.000,9999.000,9999.000,9999.000,9999.000
202607160342,   4.677,9999.000,9999.000,9999.000,9999.000,9999.000,9999.000,9999.000,9999.000
202607160348,   4.583,9999.000,9999.000,9999.000,9999.000,9999.000,9999.000,9999.000,9999.000
202607160354,   4.484,9999.000,9999.000,9999.000,9999.000,9999.000,9999.000,9999.000,9999.000
202607160400,   4.381,9999.000,   0.000,   0.149,   4.530,  -0.100,   4.430,   0.000,   4.530
202607160406,   4.274,9999.000,9999.000,9999.000,9999.000,9999.000,9999.000,9999.000,9999.000
202607160412,   4.164,9999.000,9999.000,9999.000,9999.000,9999.000,9999.000,9999.000,9999.000
202607160418,   4.051,9999.000,9999.000,9999.000,9999.000,9999.000,9999.000,9999.000,9999.000
202607160424,   3.935,9999.000,9999.000,9999.000,9999.000,9999.000,9999.000,9999.000,9999.000
202607160430,   3.816,9999.000,9999.000,9999.000,9999.000,9999.000,9999.000,9999.000,9999.000
202607160436,   3.695,9999.000,9999.000,9999.000,9999.000,9999.000,9999.000,9999.000,9999.000
202607160442,   3.572,9999.000,9999.000,9999.000,9999.000,9999.000,9999.000,9999.000,9999.000
202607160448,   3.447,9999.000,9999.000,9999.000,9999.000,9999.000,9999.000,9999.000,9999.000
202607160454,   3.320,9999.000,9999.000,9999.000,9999.000,9999.000,9999.000,9999.000,9999.000
202607160500,   3.192,9999.000,   0.000,   0.149,   3.341,  -0.100,   3.241,   0.000,   3.341
202607160506,   3.062,9999.000,9999.000,9999.000,9999.000,9999.000,9999.000,9999.000,9999.000
202607160512,   2.932,9999.000,9999.000,9999.000,9999.000,9999.000,9999.000,9999.000,9999.000
202607160518,   2.801,9999.000,9999.000,9999.000,9999.000,9999.000,9999.000,9999.000,9999.000
202607160524,   2.670,9999.000,9999.000,9999.000,9999.000,9999.000,9999.000,9999.000,9999.000
202607160530,   2.538,9999.000,9999.000,9999.000,9999.000,9999.000,9999.000,9999.000,9999.000
202607160536,   2.407,9999.000,9999.000,9999.000,9999.000,9999.000,9999.000,9999.000,9999.000
202607160542,   2.276,9999.000,9999.000,9999.000,9999.000,9999.000,9999.000,9999.000,9999.000
202607160548,   2.145,9999.000,9999.000,9999.000,9999.000,9999.000,9999.000,9999.000,9999.000
202607160554,   2.015,9999.000,9999.000,9999.000,9999.000,9999.000,9999.000,9999.000,9999.000
202607160600,   1.886,9999.000,   0.000,   0.149,   2.035,  -0.100,   1.935,   0.000,   2.035
202607160606,   1.758,9999.000,9999.000,9999.000,9999.000,9999.000,9999.000,9999.000,9999.000
202607160612,   1.631,9999.000,9999.000,9999.000,9999.000,9999.000,9999.000,9999.000,9999.000
202607160618,   1.506,9999.000,9999.000,9999.000,9999.000,9999.000,9999.000,9999.000,9999.000
202607160624,   1.383,9999.000,9999.000,9999.000,9999.000,9999.000,9999.000,9999.000,9999.000
202607160630,   1.261,9999.000,9999.000,9999.000,9999.000,9999.000,9999.000,9999.000,9999.000
202607160636,   1.143,9999.000,9999.000,9999.000,9999.000,9999.000,9999.000,9999.000,9999.000
202607160642,   1.026,9999.000,9999.000,9999.000,9999.000,9999.000,9999.000,9999.000,9999.000
202607160648,   0.913,9999.000,9999.000,9999.000,9999.000,9999.000,9999.000,9999.000,9999.000
202607160654,   0.802,9999.000,9999.000,9999.000,9999.000,9999.000,9999.000,9999.000,9999.000
202607160700,   0.695,9999.000,   0.000,   0.149,   0.844,  -0.100,   0.744,   0.000,   0.844
202607160706,   0.591,9999.000,9999.000,9999.000,9999.000,9999.000,9999.000,9999.000,9999.000
202607160712,   0.491,9999.000,9999.000,9999.000,9999.000,9999.000,9999.000,9999.000,9999.000
202607160718,   0.394,9999.000,9999.000,9999.000,9999.000,9999.000,9999.000,9999.000,9999.000
202607160724,   0.302,9999.000,9999.000,9999.000,9999.000,9999.000,9999.000,9999.000,9999.000
202607160730,   0.215,9999.000,9999.000,9999.000,9999.000,9999.000,9999.000,9999.000,9999.000
202607160736,   0.132,9999.000,9999.000,9999.000,9999.000,9999.000,9999.000,9999.000,9999.000
202607160742,   0.054,9999.000,9999.000,9999.000,9999.000,9999.000,9999.000,9999.000,9999.000
202607160748,  -0.018,9999.000,9999.000,9999.000,9999.000,9999.000,9999.000,9999.000,9999.000
202607160754,  -0.086,9999.000,9999.000,9999.000,9999.000,9999.000,9999.000,9999.000,9999.000
202607160800,  -0.147,9999.000,   0.000,   0.149,   0.002,  -0.100,  -0.098,   0.000,   0.002
202607160806,  -0.204,9999.000,9999.000,9999.000,9999.000,9999.000,9999.000,9999.000,9999.000
202607160812,  -0.254,9999.000,9999.000,9999.000,9999.000,9999.000,9999.000,9999.000,9999.000
202607160818,  -0.298,9999.000,9999.000,9999.000,9999.000,9999.000,9999.000,9999.000,9999.000
202607160824,  -0.335,9999.000,9999.000,9999.000,9999.000,9999.000,9999.000,9999.000,9999.000
202607160830,  -0.366,9999.000,9999.000,9999.000,9999.000,9999.000,9999.000,9999.000,9999.000
202607160836,  -0.390,9999.000,9999.000,9999.000,9999.000,9999.000,9999.000,9999.000,9999.000
202607160842,  -0.408,9999.000,9999.000,9999.000,9999.000,9999.000,9999.000,9999.000,9999.000
202607160848,  -0.419,9999.000,9999.000,9999.000,9999.000,9999.000,9999.000,9999.000,9999.000
202607160854,  -0.422,9999.000,9999.000,9999.000,9999.000,9999.000,9999.000,9999.000,9999.000
202607160900,  -0.419,9999.000,   0.000,   0.149,  -0.270,  -0.100,  -0.370,   0.100,  -0.170
202607160906,  -0.408,9999.000,9999.000,9999.000,9999.000,9999.000,9999.000,9999.000,9999.000
202607160912,  -0.391,9999.000,9999.000,9999.000,9999.000,9999.000,9999.000,9999.000,9999.000
202607160918,  -0.366,9999.000,9999.000,9999.000,9999.000,9999.000,9999.000,9999.000,9999.000
202607160924,  -0.334,9999.000,9999.000,9999.000,9999.000,9999.000,9999.000,9999.000,9999.000
202607160930,  -0.296,9999.000,9999.000,9999.000,9999.000,9999.000,9999.000,9999.000,9999.000
202607160936,  -0.250,9999.000,9999.000,9999.000,9999.000,9999.000,9999.000,9999.000,9999.000
202607160942,  -0.198,9999.000,9999.000,9999.000,9999.000,9999.000,9999.000,9999.000,9999.000
202607160948,  -0.139,9999.000,9999.000,9999.000,9999.000,9999.000,9999.000,9999.000,9999.000
202607160954,  -0.073,9999.000,9999.000,9999.000,9999.000,9999.000,9999.000,9999.000,9999.000
202607161000,  -0.002,9999.000,   0.000,   0.149,   0.147,  -0.100,   0.047,   0.100,   0.247
202607161006,   0.075,9999.000,9999.000,9999.000,9999.000,9999.000,9999.000,9999.000,9999.000
202607161012,   0.158,9999.000,9999.000,9999.000,9999.000,9999.000,9999.000,9999.000,9999.000
202607161018,   0.247,9999.000,9999.000,9999.000,9999.000,9999.000,9999.000,9999.000,9999.000
202607161024,   0.341,9999.000,9999.000,9999.000,9999.000,9999.000,9999.000,9999.000,9999.000
202607161030,   0.439,9999.000,9999.000,9999.000,9999.000,9999.000,9999.000,9999.000,9999.000
202607161036,   0.542,9999.000,9999.000,9999.000,9999.000,9999.000,9999.000,9999.000,9999.000
202607161042,   0.649,9999.000,9999.000,9999.000,9999.000,9999.000,9999.000,9999.000,9999.000
202607161048,   0.760,9999.000,9999.000,9999.000,9999.000,9999.000,9999.000,9999.000,9999.000
202607161054,   0.873,9999.000,9999.000,9999.000,9999.000,9999.000,9999.000,9999.000,9999.000
202607161100,   0.990,9999.000,   0.000,   0.149,   1.139,   0.000,   1.139,   0.100,   1.239
202607161106,   1.109,9999.000,9999.000,9999.000,9999.000,9999.000,9999.000,9999.000,9999.000
202607161112,   1.230,9999.000,9999.000,9999.000,9999.000,9999.000,9999.000,9999.000,9999.000
202607161118,   1.353,9999.000,9999.000,9999.000,9999.000,9999.000,9999.000,9999.000,9999.000
202607161124,   1.478,9999.000,9999.000,9999.000,9999.000,9999.000,9999.000,9999.000,9999.000
202607161130,   1.603,9999.000,9999.000,9999.000,9999.000,9999.000,9999.000,9999.000,9999.000
202607161136,   1.729,9999.000,9999.000,9999.000,9999.000,9999.000,9999.000,9999.000,9999.000
202607161142,   1.854,9999.000,9999.000,9999.000,9999.000,9999.000,9999.000,9999.000,9999.000
202607161148,   1.980,9999.000,9999.000,9999.000,9999.000,9999.000,9999.000,9999.000,9999.000
202607161154,   2.105,9999.000,9999.000,9999.000,9999.000,9999.000,9999.000,9999.000,9999.000
202607161200,   2.230,9999.000,   0.000,   0.149,   2.379,   0.000,   2.379,   0.100,   2.479
202607161206,   2.353,9999.000,9999.000,9999.000,9999.000,9999.000,9999.000,9999.000,9999.000
202607161212,   2.475,9999.000,9999.000,9999.000,9999.000,9999.000,9999.000,9999.000,9999.000
202607161218,   2.595,9999.000,9999.000,9999.000,9999.000,9999.000,9999.000,9999.000,9999.000
202607161224,   2.713,9999.000,9999.000,9999.000,9999.000,9999.000,9999.000,9999.000,9999.000
202607161230,   2.828,9999.000,9999.000,9999.000,9999.000,9999.000,9999.000,9999.000,9999.000
202607161236,   2.941,9999.000,9999.000,9999.000,9999.000,9999.000,9999.000,9999.000,9999.000
202607161242,   3.051,9999.000,9999.000,9999.000,9999.000,9999.000,9999.000,9999.000,9999.000
202607161248,   3.157,9999.000,9999.000,9999.000,9999.000,9999.000,9999.000,9999.000,9999.000
202607161254,   3.260,9999.000,9999.000,9999.000,9999.000,9999.000,9999.000,9999.000,9999.000
202607161300,   3.359,9999.000,   0.100,   0.149,   3.608,   0.000,   3.508,   0.100,   3.608
202607161306,   3.454,9999.000,9999.000,9999.000,9999.000,9999.000,9999.000,9999.000,9999.000
202607161312,   3.545,9999.000,9999.000,9999.000,9999.000,9999.000,9999.000,9999.000,9999.000
202607161318,   3.632,9999.000,9999.000,9999.000,9999.000,9999.000,9999.000,9999.000,9999.000
202607161324,   3.713,9999.000,9999.000,9999.000,9999.000,9999.000,9999.000,9999.000,9999.000
202607161330,   3.790,9999.000,9999.000,9999.000,9999.000,9999.000,9999.000,9999.000,9999.000
202607161336,   3.861,9999.000,9999.000,9999.000,9999.000,9999.000,9999.000,9999.000,9999.000
202607161342,   3.927,9999.000,9999.000,9999.000,9999.000,9999.000,9999.000,9999.000,9999.000
202607161348,   3.987,9999.000,9999.000,9999.000,9999.000,9999.000,9999.000,9999.000,9999.000
202607161354,   4.042,9999.000,9999.000,9999.000,9999.000,9999.000,9999.000,9999.000,9999.000
202607161400,   4.090,9999.000,   0.100,   0.149,   4.339,   0.000,   4.239,   0.200,   4.439
202607161406,   4.133,9999.000,9999.000,9999.000,9999.000,9999.000,9999.000,9999.000,9999.000
202607161412,   4.169,9999.000,9999.000,9999.000,9999.000,9999.000,9999.000,9999.000,9999.000
202607161418,   4.200,9999.000,9999.000,9999.000,9999.000,9999.000,9999.000,9999.000,9999.000
202607161424,   4.223,9999.000,9999.000,9999.000,9999.000,9999.000,9999.000,9999.000,9999.000
202607161430,   4.241,9999.000,9999.000,9999.000,9999.000,9999.000,9999.000,9999.000,9999.000
202607161436,   4.252,9999.000,9999.000,9999.000,9999.000,9999.000,9999.000,9999.000,9999.000
202607161442,   4.257,9999.000,9999.000,9999.000,9999.000,9999.000,9999.000,9999.000,9999.000
202607161448,   4.255,9999.000,9999.000,9999.000,9999.000,9999.000,9999.000,9999.000,9999.000
202607161454,   4.247,9999.000,9999.000,9999.000,9999.000,9999.000,9999.000,9999.000,9999.000
202607161500,   4.233,9999.000,   0.100,   0.149,   4.482,   0.000,   4.382,   0.200,   4.582
202607161506,   4.212,9999.000,9999.000,9999.000,9999.000,9999.000,9999.000,9999.000,9999.000
202607161512,   4.186,9999.000,9999.000,9999.000,9999.000,9999.000,9999.000,9999.000,9999.000
202607161518,   4.153,9999.000,9999.000,9999.000,9999.000,9999.000,9999.000,9999.000,9999.000
202607161524,   4.115,9999.000,9999.000,9999.000,9999.000,9999.000,9999.000,9999.000,9999.000
202607161530,   4.071,9999.000,9999.000,9999.000,9999.000,9999.000,9999.000,9999.000,9999.000
202607161536,   4.022,9999.000,9999.000,9999.000,9999.000,9999.000,9999.000,9999.000,9999.000
202607161542,   3.967,9999.000,9999.000,9999.000,9999.000,9999.000,9999.000,9999.000,9999.000
202607161548,   3.908,9999.000,9999.000,9999.000,9999.000,9999.000,9999.000,9999.000,9999.000
202607161554,   3.843,9999.000,9999.000,9999.000,9999.000,9999.000,9999.000,9999.000,9999.000
202607161600,   3.774,9999.000,   0.100,   0.149,   4.023,   0.000,   3.923,   0.200,   4.123
202607161606,   3.701,9999.000,9999.000,9999.000,9999.000,9999.000,9999.000,9999.000,9999.000
202607161612,   3.623,9999.000,9999.000,9999.000,9999.000,9999.000,9999.000,9999.000,9999.000
202607161618,   3.542,9999.000,9999.000,9999.000,9999.000,9999.000,9999.000,9999.000,9999.000
202607161624,   3.457,9999.000,9999.000,9999.000,9999.000,9999.000,9999.000,9999.000,9999.000
202607161630,   3.368,9999.000,9999.000,9999.000,9999.000,9999.000,9999.000,9999.000,9999.000
202607161636,   3.276,9999.000,9999.000,9999.000,9999.000,9999.000,9999.000,9999.000,9999.000
202607161642,   3.182,9999.000,9999.000,9999.000,9999.000,9999.000,9999.000,9999.000,9999.000
202607161648,   3.085,9999.000,9999.000,9999.000,9999.000,9999.000,9999.000,9999.000,9999.000
202607161654,   2.985,9999.000,9999.000,9999.000,9999.000,9999.000,9999.000,9999.000,9999.000
202607161700,   2.883,9999.000,   0.100,   0.149,   3.132,   0.000,   3.032,   0.200,   3.232
202607161706,   2.780,9999.000,9999.000,9999.000,9999.000,9999.000,9999.000,9999.000,9999.000
202607161712,   2.675,9999.000,9999.000,9999.000,9999.000,9999.000,9999.000,9999.000,9999.000
202607161718,   2.568,9999.000,9999.000,9999.000,9999.000,9999.000,9999.000,9999.000,9999.000
202607161724,   2.460,9999.000,9999.000,9999.000,9999.000,9999.000,9999.000,9999.000,9999.000
202607161730,   2.352,9999.000,9999.000,9999.000,9999.000,9999.000,9999.000,9999.000,9999.000
202607161736,   2.243,9999.000,9999.000,9999.000,9999.000,9999.000,9999.000,9999.000,9999.000
202607161742,   2.133,9999.000,9999.000,9999.000,9999.000,9999.000,9999.000,9999.000,9999.000
202607161748,   2.023,9999.000,9999.000,9999.000,9999.000,9999.000,9999.000,9999.000,9999.000
202607161754,   1.913,9999.000,9999.000,9999.000,9999.000,9999.000,9999.000,9999.000,9999.000
202607161800,   1.804,9999.000,   0.100,   0.149,   2.053,   0.000,   1.953,   0.300,   2.253
202607161806,   1.695,9999.000,9999.000,9999.000,9999.000,9999.000,9999.000,9999.000,9999.000
202607161812,   1.587,9999.000,9999.000,9999.000,9999.000,9999.000,9999.000,9999.000,9999.000
202607161818,   1.480,9999.000,9999.000,9999.000,9999.000,9999.000,9999.000,9999.000,9999.000
202607161824,   1.374,9999.000,9999.000,9999.000,9999.000,9999.000,9999.000,9999.000,9999.000
202607161830,   1.270,9999.000,9999.000,9999.000,9999.000,9999.000,9999.000,9999.000,9999.000
202607161836,   1.167,9999.000,9999.000,9999.000,9999.000,9999.000,9999.000,9999.000,9999.000
202607161842,   1.066,9999.000,9999.000,9999.000,9999.000,9999.000,9999.000,9999.000,9999.000
202607161848,   0.968,9999.000,9999.000,9999.000,9999.000,9999.000,9999.000,9999.000,9999.000
202607161854,   0.871,9999.000,9999.000,9999.000,9999.000,9999.000,9999.000,9999.000,9999.000
202607161900,   0.778,9999.000,   0.100,   0.149,   1.027,   0.000,   0.927,   0.300,   1.227
202607161906,   0.687,9999.000,9999.000,9999.000,9999.000,9999.000,9999.000,9999.000,9999.000
202607161912,   0.600,9999.000,9999.000,9999.000,9999.000,9999.000,9999.000,9999.000,9999.000
202607161918,   0.515,9999.000,9999.000,9999.000,9999.000,9999.000,9999.000,9999.000,9999.000
202607161924,   0.435,9999.000,9999.000,9999.000,9999.000,9999.000,9999.000,9999.000,9999.000
202607161930,   0.358,9999.000,9999.000,9999.000,9999.000,9999.000,9999.000,9999.000,9999.000
202607161936,   0.285,9999.000,9999.000,9999.000,9999.000,9999.000,9999.000,9999.000,9999.000
202607161942,   0.216,9999.000,9999.000,9999.000,9999.000,9999.000,9999.000,9999.000,9999.000
202607161948,   0.152,9999.000,9999.000,9999.000,9999.000,9999.000,9999.000,9999.000,9999.000
202607161954,   0.093,9999.000,9999.000,9999.000,9999.000,9999.000,9999.000,9999.000,9999.000
202607162000,   0.039,9999.000,   0.200,   0.149,   0.388,   0.000,   0.188,   0.300,   0.488
202607162006,  -0.009,9999.000,9999.000,9999.000,9999.000,9999.000,9999.000,9999.000,9999.000
202607162012,  -0.053,9999.000,9999.000,9999.000,9999.000,9999.000,9999.000,9999.000,9999.000
202607162018,  -0.091,9999.000,9999.000,9999.000,9999.000,9999.000,9999.000,9999.000,9999.000
202607162024,  -0.123,9999.000,9999.000,9999.000,9999.000,9999.000,9999.000,9999.000,9999.000
202607162030,  -0.149,9999.000,9999.000,9999.000,9999.000,9999.000,9999.000,9999.000,9999.000
202607162036,  -0.169,9999.000,9999.000,9999.000,9999.000,9999.000,9999.000,9999.000,9999.000
202607162042,  -0.182,9999.000,9999.000,9999.000,9999.000,9999.000,9999.000,9999.000,9999.000
202607162048,  -0.189,9999.000,9999.000,9999.000,9999.000,9999.000,9999.000,9999.000,9999.000
202607162054,  -0.189,9999.000,9999.000,9999.000,9999.000,9999.000,9999.000,9999.000,9999.000
202607162100,  -0.182,9999.000,   0.200,   0.149,   0.167,   0.100,   0.067,   0.300,   0.267
202607162106,  -0.168,9999.000,9999.000,9999.000,9999.000,9999.000,9999.000,9999.000,9999.000
202607162112,  -0.148,9999.000,9999.000,9999.000,9999.000,9999.000,9999.000,9999.000,9999.000
202607162118,  -0.120,9999.000,9999.000,9999.000,9999.000,9999.000,9999.000,9999.000,9999.000
202607162124,  -0.085,9999.000,9999.000,9999.000,9999.000,9999.000,9999.000,9999.000,9999.000
202607162130,  -0.043,9999.000,9999.000,9999.000,9999.000,9999.000,9999.000,9999.000,9999.000
202607162136,   0.005,9999.000,9999.000,9999.000,9999.000,9999.000,9999.000,9999.000,9999.000
202607162142,   0.061,9999.000,9999.000,9999.000,9999.000,9999.000,9999.000,9999.000,9999.000
202607162148,   0.124,9999.000,9999.000,9999.000,9999.000,9999.000,9999.000,9999.000,9999.000
202607162154,   0.193,9999.000,9999.000,9999.000,9999.000,9999.000,9999.000,9999.000,9999.000
202607162200,   0.270,9999.000,   0.200,   0.149,   0.619,   0.100,   0.519,   0.300,   0.719
202607162206,   0.352,9999.000,9999.000,9999.000,9999.000,9999.000,9999.000,9999.000,9999.000
202607162212,   0.441,9999.000,9999.000,9999.000,9999.000,9999.000,9999.000,9999.000,9999.000
202607162218,   0.536,9999.000,9999.000,9999.000,9999.000,9999.000,9999.000,9999.000,9999.000
202607162224,   0.636,9999.000,9999.000,9999.000,9999.000,9999.000,9999.000,9999.000,9999.000
202607162230,   0.742,9999.000,9999.000,9999.000,9999.000,9999.000,9999.000,9999.000,9999.000
202607162236,   0.853,9999.000,9999.000,9999.000,9999.000,9999.000,9999.000,9999.000,9999.000
202607162242,   0.969,9999.000,9999.000,9999.000,9999.000,9999.000,9999.000,9999.000,9999.000
202607162248,   1.089,9999.000,9999.000,9999.000,9999.000,9999.000,9999.000,9999.000,9999.000
202607162254,   1.212,9999.000,9999.000,9999.000,9999.000,9999.000,9999.000,9999.000,9999.000
202607162300,   1.340,9999.000,   0.200,   0.149,   1.689,   0.100,   1.589,   0.300,   1.789
202607162306,   1.471,9999.000,9999.000,9999.000,9999.000,9999.000,9999.000,9999.000,9999.000
202607162312,   1.604,9999.000,9999.000,9999.000,9999.000,9999.000,9999.000,9999.000,9999.000
202607162318,   1.740,9999.000,9999.000,9999.000,9999.000,9999.000,9999.000,9999.000,9999.000
202607162324,   1.877,9999.000,9999.000,9999.000,9999.000,9999.000,9999.000,9999.000,9999.000
202607162330,   2.016,9999.000,9999.000,9999.000,9999.000,9999.000,9999.000,9999.000,9999.000
202607162336,   2.157,9999.000,9999.000,9999.000,9999.000,9999.000,9999.000,9999.000,9999.000
202607162342,   2.297,9999.000,9999.000,9999.000,9999.000,9999.000,9999.000,9999.000,9999.000
202607162348,   2.439,9999.000,9999.000,9999.000,9999.000,9999.000,9999.000,9999.000,9999.000
202607162354,   2.579,9999.000,9999.000,9999.000,9999.000,9999.000,9999.000,9999.000,9999.000
202607170000,   2.720,9999.000,   0.200,   0.149,   3.069,   0.100,   2.969,   0.400,   3.269
202607170006,   2.859,9999.000,9999.000,9999.000,9999.000,9999.000,9999.000,9999.000,9999.000
202607170012,   2.997,9999.000,9999.000,9999.000,9999.000,9999.000,9999.000,9999.000,9999.000
202607170018,   3.134,9999.000,9999.000,9999.000,9999.000,9999.000,9999.000,9999.000,9999.000
202607170024,   3.268,9999.000,9999.000,9999.000,9999.000,9999.000,9999.000,9999.000,9999.000
202607170030,   3.400,9999.000,9999.000,9999.000,9999.000,9999.000,9999.000,9999.000,9999.000
202607170036,   3.530,9999.000,9999.000,9999.000,9999.000,9999.000,9999.000,9999.000,9999.000
202607170042,   3.656,9999.000,9999.000,9999.000,9999.000,9999.000,9999.000,9999.000,9999.000
202607170048,   3.779,9999.000,9999.000,9999.000,9999.000,9999.000,9999.000,9999.000,9999.000
202607170054,   3.899,9999.000,9999.000,9999.000,9999.000,9999.000,9999.000,9999.000,9999.000
202607170100,   4.014,9999.000,   0.200,   0.149,   4.363,   0.100,   4.263,   0.400,   4.563
202607170106,   4.126,9999.000,9999.000,9999.000,9999.000,9999.000,9999.000,9999.000,9999.000
202607170112,   4.234,9999.000,9999.000,9999.000,9999.000,9999.000,9999.000,9999.000,9999.000
202607170118,   4.336,9999.000,9999.000,9999.000,9999.000,9999.000,9999.000,9999.000,9999.000
202607170124,   4.434,9999.000,9999.000,9999.000,9999.000,9999.000,9999.000,9999.000,9999.000
202607170130,   4.527,9999.000,9999.000,9999.000,9999.000,9999.000,9999.000,9999.000,9999.000
202607170136,   4.615,9999.000,9999.000,9999.000,9999.000,9999.000,9999.000,9999.000,9999.000
202607170142,   4.697,9999.000,9999.000,9999.000,9999.000,9999.000,9999.000,9999.000,9999.000
202607170148,   4.774,9999.000,9999.000,9999.000,9999.000,9999.000,9999.000,9999.000,9999.000
202607170154,   4.845,9999.000,9999.000,9999.000,9999.000,9999.000,9999.000,9999.000,9999.000
202607170200,   4.910,9999.000,   0.300,   0.149,   5.359,   0.100,   5.159,   0.400,   5.459
202607170206,   4.969,9999.000,9999.000,9999.000,9999.000,9999.000,9999.000,9999.000,9999.000
202607170212,   5.022,9999.000,9999.000,9999.000,9999.000,9999.000,9999.000,9999.000,9999.000
202607170218,   5.069,9999.000,9999.000,9999.000,9999.000,9999.000,9999.000,9999.000,9999.000
202607170224,   5.109,9999.000,9999.000,9999.000,9999.000,9999.000,9999.000,9999.000,9999.000
202607170230,   5.143,9999.000,9999.000,9999.000,9999.000,9999.000,9999.000,9999.000,9999.000
202607170236,   5.171,9999.000,9999.000,9999.000,9999.000,9999.000,9999.000,9999.000,9999.000
202607170242,   5.192,9999.000,9999.000,9999.000,9999.000,9999.000,9999.000,9999.000,9999.000
202607170248,   5.206,9999.000,9999.000,9999.000,9999.000,9999.000,9999.000,9999.000,9999.000
202607170254,   5.214,9999.000,9999.000,9999.000,9999.000,9999.000,9999.000,9999.000,9999.000
202607170300,   5.215,9999.000,   0.300,   0.149,   5.664,   0.200,   5.564,   0.400,   5.764
202607170306,   5.210,9999.000,9999.000,9999.000,9999.000,9999.000,9999.000,9999.000,9999.000
202607170312,   5.198,9999.000,9999.000,9999.000,9999.000,9999.000,9999.000,9999.000,9999.000
202607170318,   5.180,9999.000,9999.000,9999.000,9999.000,9999.000,9999.000,9999.000,9999.000
202607170324,   5.156,9999.000,9999.000,9999.000,9999.000,9999.000,9999.000,9999.000,9999.000
202607170330,   5.125,9999.000,9999.000,9999.000,9999.000,9999.000,9999.000,9999.000,9999.000
202607170336,   5.089,9999.000,9999.000,9999.000,9999.000,9999.000,9999.000,9999.000,9999.000
202607170342,   5.046,9999.000,9999.000,9999.000,9999.000,9999.000,9999.000,9999.000,9999.000
202607170348,   4.998,9999.000,9999.000,9999.000,9999.000,9999.000,9999.000,9999.000,9999.000
202607170354,   4.943,9999.000,9999.000,9999.000,9999.000,9999.000,9999.000,9999.000,9999.000
202607170400,   4.884,9999.000,   0.300,   0.149,   5.333,   0.200,   5.233,   0.400,   5.433
202607170406,   4.819,9999.000,9999.000,9999.000,9999.000,9999.000,9999.000,9999.000,9999.000
202607170412,   4.748,9999.000,9999.000,9999.000,9999.000,9999.000,9999.000,9999.000,9999.000
202607170418,   4.673,9999.000,9999.000,9999.000,9999.000,9999.000,9999.000,9999.000,9999.000
202607170424,   4.593,9999.000,9999.000,9999.000,9999.000,9999.000,9999.000,9999.000,9999.000
202607170430,   4.509,9999.000,9999.000,9999.000,9999.000,9999.000,9999.000,9999.000,9999.000
202607170436,   4.420,9999.000,9999.000,9999.000,9999.000,9999.000,9999.000,9999.000,9999.000
202607170442,   4.327,9999.000,9999.000,9999.000,9999.000,9999.000,9999.000,9999.000,9999.000
202607170448,   4.231,9999.000,9999.000,9999.000,9999.000,9999.000,9999.000,9999.000,9999.000
202607170454,   4.130,9999.000,9999.000,9999.000,9999.000,9999.000,9999.000,9999.000,9999.000
202607170500,   4.026,9999.000,   0.300,   0.149,   4.475,   0.200,   4.375,   0.400,   4.575
202607170506,   3.919,9999.000,9999.000,9999.000,9999.000,9999.000,9999.000,9999.000,9999.000
202607170512,   3.810,9999.000,9999.000,9999.000,9999.000,9999.000,9999.000,9999.000,9999.000
202607170518,   3.697,9999.000,9999.000,9999.000,9999.000,9999.000,9999.000,9999.000,9999.000
202607170524,   3.582,9999.000,9999.000,9999.000,9999.000,9999.000,9999.000,9999.000,9999.000
202607170530,   3.465,9999.000,9999.000,9999.000,9999.000,9999.000,9999.000,9999.000,9999.000
202607170536,   3.346,9999.000,9999.000,9999.000,9999.000,9999.000,9999.000,9999.000,9999.000
202607170542,   3.225,9999.000,9999.000,9999.000,9999.000,9999.000,9999.000,9999.000,9999.000
202607170548,   3.103,9999.000,9999.000,9999.000,9999.000,9999.000,9999.000,9999.000,9999.000
202607170554,   2.979,9999.000,9999.000,9999.000,9999.000,9999.000,9999.000,9999.000,9999.000
202607170600,   2.855,9999.000,   0.300,   0.149,   3.304,   0.200,   3.204,   0.400,   3.404
202607170606,   2.729,9999.000,9999.000,9999.000,9999.000,9999.000,9999.000,9999.000,9999.000
202607170612,   2.604,9999.000,9999.000,9999.000,9999.000,9999.000,9999.000,9999.000,9999.000
202607170618,   2.478,9999.000,9999.000,9999.000,9999.000,9999.000,9999.000,9999.000,9999.000
202607170624,   2.352,9999.000,9999.000,9999.000,9999.000,9999.000,9999.000,9999.000,9999.000
202607170630,   2.226,9999.000,9999.000,9999.000,9999.000,9999.000,9999.000,9999.000,9999.000
202607170636,   2.101,9999.000,9999.000,9999.000,9999.000,9999.000,9999.000,9999.000,9999.000
202607170642,   1.976,9999.000,9999.000,9999.000,9999.000,9999.000,9999.000,9999.000,9999.000
202607170648,   1.852,9999.000,9999.000,9999.000,9999.000,9999.000,9999.000,9999.000,9999.000
202607170654,   1.730,9999.000,9999.000,9999.000,9999.000,9999.000,9999.000,9999.000,9999.000
202607170700,   1.609,9999.000,   0.300,   0.149,   2.058,   0.200,   1.958,   0.400,   2.158
202607170706,   1.489,9999.000,9999.000,9999.000,9999.000,9999.000,9999.000,9999.000,9999.000
202607170712,   1.372,9999.000,9999.000,9999.000,9999.000,9999.000,9999.000,9999.000,9999.000
202607170718,   1.256,9999.000,9999.000,9999.000,9999.000,9999.000,9999.000,9999.000,9999.000
202607170724,   1.143,9999.000,9999.000,9999.000,9999.000,9999.000,9999.000,9999.000,9999.000
202607170730,   1.033,9999.000,9999.000,9999.000,9999.000,9999.000,9999.000,9999.000,9999.000
202607170736,   0.925,9999.000,9999.000,9999.000,9999.000,9999.000,9999.000,9999.000,9999.000
202607170742,   0.820,9999.000,9999.000,9999.000,9999.000,9999.000,9999.000,9999.000,9999.000
202607170748,   0.718,9999.000,9999.000,9999.000,9999.000,9999.000,9999.000,9999.000,9999.000
202607170754,   0.620,9999.000,9999.000,9999.000,9999.000,9999.000,9999.000,9999.000,9999.000
202607170800,   0.526,9999.000,   0.300,   0.149,   0.975,   0.200,   0.875,   0.400,   1.075
202607170806,   0.435,9999.000,9999.000,9999.000,9999.000,9999.000,9999.000,9999.000,9999.000
202607170812,   0.349,9999.000,9999.000,9999.000,9999.000,9999.000,9999.000,9999.000,9999.000
202607170818,   0.267,9999.000,9999.000,9999.000,9999.000,9999.000,9999.000,9999.000,9999.000
202607170824,   0.189,9999.000,9999.000,9999.000,9999.000,9999.000,9999.000,9999.000,9999.000
202607170830,   0.117,9999.000,9999.000,9999.000,9999.000,9999.000,9999.000,9999.000,9999.000
202607170836,   0.049,9999.000,9999.000,9999.000,9999.000,9999.000,9999.000,9999.000,9999.000
202607170842,  -0.013,9999.000,9999.000,9999.000,9999.000,9999.000,9999.000,9999.000,9999.000
202607170848,  -0.070,9999.000,9999.000,9999.000,9999.000,9999.000,9999.000,9999.000,9999.000
202607170854,  -0.122,9999.000,9999.000,9999.000,9999.000,9999.000,9999.000,9999.000,9999.000
202607170900,  -0.168,9999.000,   0.300,   0.149,   0.281,   0.200,   0.181,   0.400,   0.381
202607170906,  -0.209,9999.000,9999.000,9999.000,9999.000,9999.000,9999.000,9999.000,9999.000
202607170912,  -0.243,9999.000,9999.000,9999.000,9999.000,9999.000,9999.000,9999.000,9999.000
202607170918,  -0.272,9999.000,9999.000,9999.000,9999.000,9999.000,9999.000,9999.000,9999.000
202607170924,  -0.294,9999.000,9999.000,9999.000,9999.000,9999.000,9999.000,9999.000,9999.000
202607170930,  -0.310,9999.000,9999.000,9999.000,9999.000,9999.000,9999.000,9999.000,9999.000
202607170936,  -0.319,9999.000,9999.000,9999.000,9999.000,9999.000,9999.000,9999.000,9999.000
202607170942,  -0.322,9999.000,9999.000,9999.000,9999.000,9999.000,9999.000,9999.000,9999.000
202607170948,  -0.319,9999.000,9999.000,9999.000,9999.000,9999.000,9999.000,9999.000,9999.000
202607170954,  -0.309,9999.000,9999.000,9999.000,9999.000,9999.000,9999.000,9999.000,9999.000
202607171000,  -0.292,9999.000,   0.300,   0.149,   0.157,   0.200,   0.057,   0.400,   0.257
202607171006,  -0.269,9999.000,9999.000,9999.000,9999.000,9999.000,9999.000,9999.000,9999.000
202607171012,  -0.239,9999.000,9999.000,9999.000,9999.000,9999.000,9999.000,9999.000,9999.000
202607171018,  -0.203,9999.000,9999.000,9999.000,9999.000,9999.000,9999.000,9999.000,9999.000
202607171024,  -0.160,9999.000,9999.000,9999.000,9999.000,9999.000,9999.000,9999.000,9999.000
202607171030,  -0.111,9999.000,9999.000,9999.000,9999.000,9999.000,9999.000,9999.000,9999.000
202607171036,  -0.055,9999.000,9999.000,9999.000,9999.000,9999.000,9999.000,9999.000,9999.000
202607171042,   0.005,9999.000,9999.000,9999.000,9999.000,9999.000,9999.000,9999.000,9999.000
202607171048,   0.073,9999.000,9999.000,9999.000,9999.000,9999.000,9999.000,9999.000,9999.000
202607171054,   0.146,9999.000,9999.000,9999.000,9999.000,9999.000,9999.000,9999.000,9999.000
202607171100,   0.225,9999.000,   0.300,   0.149,   0.674,   0.200,   0.574,   0.400,   0.774
202607171106,   0.309,9999.000,9999.000,9999.000,9999.000,9999.000,9999.000,9999.000,9999.000
202607171112,   0.398,9999.000,9999.000,9999.000,9999.000,9999.000,9999.000,9999.000,9999.000
202607171118,   0.492,9999.000,9999.000,9999.000,9999.000,9999.000,9999.000,9999.000,9999.000
202607171124,   0.591,9999.000,9999.000,9999.000,9999.000,9999.000,9999.000,9999.000,9999.000
202607171130,   0.694,9999.000,9999.000,9999.000,9999.000,9999.000,9999.000,9999.000,9999.000
202607171136,   0.800,9999.000,9999.000,9999.000,9999.000,9999.000,9999.000,9999.000,9999.000
202607171142,   0.911,9999.000,9999.000,9999.000,9999.000,9999.000,9999.000,9999.000,9999.000
202607171148,   1.024,9999.000,9999.000,9999.000,9999.000,9999.000,9999.000,9999.000,9999.000
202607171154,   1.140,9999.000,9999.000,9999.000,9999.000,9999.000,9999.000,9999.000,9999.000
202607171200,   1.259,9999.000,   0.300,   0.149,   1.708,   0.200,   1.608,   0.400,   1.808
202607171206,   1.379,9999.000,9999.000,9999.000,9999.000,9999.000,9999.000,9999.000,9999.000
202607171212,   1.501,9999.000,9999.000,9999.000,9999.000,9999.000,9999.000,9999.000,9999.000
202607171218,   1.625,9999.000,9999.000,9999.000,9999.000,9999.000,9999.000,9999.000,9999.000
202607171224,   1.749,9999.000,9999.000,9999.000,9999.000,9999.000,9999.000,9999.000,9999.000
202607171230,   1.874,9999.000,9999.000,9999.000,9999.000,9999.000,9999.000,9999.000,9999.000
202607171236,   1.999,9999.000,9999.000,9999.000,9999.000,9999.000,9999.000,9999.000,9999.000
202607171242,   2.125,9999.000,9999.000,9999.000,9999.000,9999.000,9999.000,9999.000,9999.000
202607171248,   2.248,9999.000,9999.000,9999.000,9999.000,9999.000,9999.000,9999.000,9999.000
202607171254,   2.371,9999.000,9999.000,9999.000,9999.000,9999.000,9999.000,9999.000,9999.000
202607171300,   2.493,9999.000,   0.300,   0.149,   2.942,   0.200,   2.842,   0.400,   3.042
202607171306,   2.613,9999.000,9999.000,9999.000,9999.000,9999.000,9999.000,9999.000,9999.000
202607171312,   2.731,9999.000,9999.000,9999.000,9999.000,9999.000,9999.000,9999.000,9999.000
202607171318,   2.847,9999.000,9999.000,9999.000,9999.000,9999.000,9999.000,9999.000,9999.000
202607171324,   2.960,9999.000,9999.000,9999.000,9999.000,9999.000,9999.000,9999.000,9999.000
202607171330,   3.070,9999.000,9999.000,9999.000,9999.000,9999.000,9999.000,9999.000,9999.000
202607171336,   3.177,9999.000,9999.000,9999.000,9999.000,9999.000,9999.000,9999.000,9999.000
202607171342,   3.280,9999.000,9999.000,9999.000,9999.000,9999.000,9999.000,9999.000,9999.000
202607171348,   3.379,9999.000,9999.000,9999.000,9999.000,9999.000,9999.000,9999.000,9999.000
202607171354,   3.475,9999.000,9999.000,9999.000,9999.000,9999.000,9999.000,9999.000,9999.000
202607171400,   3.566,9999.000,   0.300,   0.149,   4.015,   0.200,   3.915,   0.400,   4.115
202607171406,   3.652,9999.000,9999.000,9999.000,9999.000,9999.000,9999.000,9999.000,9999.000
202607171412,   3.734,9999.000,9999.000,9999.000,9999.000,9999.000,9999.000,9999.000,9999.000
202607171418,   3.811,9999.000,9999.000,9999.000,9999.000,9999.000,9999.000,9999.000,9999.000
202607171424,   3.882,9999.000,9999.000,9999.000,9999.000,9999.000,9999.000,9999.000,9999.000
202607171430,   3.949,9999.000,9999.000,9999.000,9999.000,9999.000,9999.000,9999.000,9999.000
202607171436,   4.010,9999.000,9999.000,9999.000,9999.000,9999.000,9999.000,9999.000,9999.000
202607171442,   4.065,9999.000,9999.000,9999.000,9999.000,9999.000,9999.000,9999.000,9999.000
202607171448,   4.115,9999.000,9999.000,9999.000,9999.000,9999.000,9999.000,9999.000,9999.000
202607171454,   4.158,9999.000,9999.000,9999.000,9999.000,9999.000,9999.000,9999.000,9999.000
202607171500,   4.196,9999.000,   0.300,   0.149,   4.645,   0.200,   4.545,   0.400,   4.745
202607171506,   4.228,9999.000,9999.000,9999.000,9999.000,9999.000,9999.000,9999.000,9999.000
202607171512,   4.254,9999.000,9999.000,9999.000,9999.000,9999.000,9999.000,9999.000,9999.000
202607171518,   4.274,9999.000,9999.000,9999.000,9999.000,9999.000,9999.000,9999.000,9999.000
202607171524,   4.288,9999.000,9999.000,9999.000,9999.000,9999.000,9999.000,9999.000,9999.000
202607171530,   4.296,9999.000,9999.000,9999.000,9999.000,9999.000,9999.000,9999.000,9999.000
202607171536,   4.297,9999.000,9999.000,9999.000,9999.000,9999.000,9999.000,9999.000,9999.000
202607171542,   4.293,9999.000,9999.000,9999.000,9999.000,9999.000,9999.000,9999.000,9999.000
202607171548,   4.282,9999.000,9999.000,9999.000,9999.000,9999.000,9999.000,9999.000,9999.000
202607171554,   4.266,9999.000,9999.000,9999.000,9999.000,9999.000,9999.000,9999.000,9999.000
202607171600,   4.244,9999.000,   0.300,   0.149,   4.693,   0.200,   4.593,   0.400,   4.793
202607171606,   4.216,9999.000,9999.000,9999.000,9999.000,9999.000,9999.000,9999.000,9999.000
202607171612,   4.183,9999.000,9999.000,9999.000,9999.000,9999.000,9999.000,9999.000,9999.000
202607171618,   4.144,9999.000,9999.000,9999.000,9999.000,9999.000,9999.000,9999.000,9999.000
202607171624,   4.100,9999.000,9999.000,9999.000,9999.000,9999.000,9999.000,9999.000,9999.000
202607171630,   4.050,9999.000,9999.000,9999.000,9999.000,9999.000,9999.000,9999.000,9999.000
202607171636,   3.996,9999.000,9999.000,9999.000,9999.000,9999.000,9999.000,9999.000,9999.000
202607171642,   3.937,9999.000,9999.000,9999.000,9999.000,9999.000,9999.000,9999.000,9999.000
202607171648,   3.873,9999.000,9999.000,9999.000,9999.000,9999.000,9999.000,9999.000,9999.000
202607171654,   3.805,9999.000,9999.000,9999.000,9999.000,9999.000,9999.000,9999.000,9999.000
202607171700,   3.733,9999.000,   0.300,   0.149,   4.182,   0.200,   4.082,   0.400,   4.282
202607171706,   3.656,9999.000,9999.000,9999.000,9999.000,9999.000,9999.000,9999.000,9999.000
202607171712,   3.576,9999.000,9999.000,9999.000,9999.000,9999.000,9999.000,9999.000,9999.000
202607171718,   3.493,9999.000,9999.000,9999.000,9999.000,9999.000,9999.000,9999.000,9999.000
202607171724,   3.406,9999.000,9999.000,9999.000,9999.000,9999.000,9999.000,9999.000,9999.000
202607171730,   3.316,9999.000,9999.000,9999.000,9999.000,9999.000,9999.000,9999.000,9999.000
202607171736,   3.224,9999.000,9999.000,9999.000,9999.000,9999.000,9999.000,9999.000,9999.000
202607171742,   3.129,9999.000,9999.000,9999.000,9999.000,9999.000,9999.000,9999.000,9999.000
202607171748,   3.032,9999.000,9999.000,9999.000,9999.000,9999.000,9999.000,9999.000,9999.000
202607171754,   2.932,9999.000,9999.000,9999.000,9999.000,9999.000,9999.000,9999.000,9999.000
202607171800,   2.831,9999.000,   0.300,   0.149,   3.280,   0.300,   3.280,   0.400,   3.380
202607171806,   2.729,9999.000,9999.000,9999.000,9999.000,9999.000,9999.000,9999.000,9999.000
202607171812,   2.625,9999.000,9999.000,9999.000,9999.000,9999.000,9999.000,9999.000,9999.000
202607171818,   2.520,9999.000,9999.000,9999.000,9999.000,9999.000,9999.000,9999.000,9999.000
202607171824,   2.414,9999.000,9999.000,9999.000,9999.000,9999.000,9999.000,9999.000,9999.000
202607171830,   2.308,9999.000,9999.000,9999.000,9999.000,9999.000,9999.000,9999.000,9999.000
202607171836,   2.202,9999.000,9999.000,9999.000,9999.000,9999.000,9999.000,9999.000,9999.000
202607171842,   2.095,9999.000,9999.000,9999.000,9999.000,9999.000,9999.000,9999.000,9999.000
202607171848,   1.989,9999.000,9999.000,9999.000,9999.000,9999.000,9999.000,9999.000,9999.000
202607171854,   1.883,9999.000,9999.000,9999.000,9999.000,9999.000,9999.000,9999.000,9999.000
202607171900,   1.779,9999.000,   0.300,   0.149,   2.228,   0.300,   2.228,   0.400,   2.328
202607171906,   1.675,9999.000,9999.000,9999.000,9999.000,9999.000,9999.000,9999.000,9999.000
202607171912,   1.572,9999.000,9999.000,9999.000,9999.000,9999.000,9999.000,9999.000,9999.000
202607171918,   1.470,9999.000,9999.000,9999.000,9999.000,9999.000,9999.000,9999.000,9999.000
202607171924,   1.371,9999.000,9999.000,9999.000,9999.000,9999.000,9999.000,9999.000,9999.000
202607171930,   1.273,9999.000,9999.000,9999.000,9999.000,9999.000,9999.000,9999.000,9999.000
202607171936,   1.177,9999.000,9999.000,9999.000,9999.000,9999.000,9999.000,9999.000,9999.000
202607171942,   1.084,9999.000,9999.000,9999.000,9999.000,9999.000,9999.000,9999.000,9999.000
202607171948,   0.993,9999.000,9999.000,9999.000,9999.000,9999.000,9999.000,9999.000,9999.000
202607171954,   0.905,9999.000,9999.000,9999.000,9999.000,9999.000,9999.000,9999.000,9999.000
202607172000,   0.819,9999.000,   0.400,   0.149,   1.368,   0.300,   1.268,   0.400,   1.368
202607172006,   0.737,9999.000,9999.000,9999.000,9999.000,9999.000,9999.000,9999.000,9999.000
202607172012,   0.659,9999.000,9999.000,9999.000,9999.000,9999.000,9999.000,9999.000,9999.000
202607172018,   0.584,9999.000,9999.000,9999.000,9999.000,9999.000,9999.000,9999.000,9999.000
202607172024,   0.513,9999.000,9999.000,9999.000,9999.000,9999.000,9999.000,9999.000,9999.000
202607172030,   0.445,9999.000,9999.000,9999.000,9999.000,9999.000,9999.000,9999.000,9999.000
202607172036,   0.382,9999.000,9999.000,9999.000,9999.000,9999.000,9999.000,9999.000,9999.000
202607172042,   0.323,9999.000,9999.000,9999.000,9999.000,9999.000,9999.000,9999.000,9999.000
202607172048,   0.269,9999.000,9999.000,9999.000,9999.000,9999.000,9999.000,9999.000,9999.000
202607172054,   0.220,9999.000,9999.000,9999.000,9999.000,9999.000,9999.000,9999.000,9999.000
202607172100,   0.175,9999.000,   0.400,   0.149,   0.724,   0.300,   0.624,   0.400,   0.724
202607172106,   0.136,9999.000,9999.000,9999.000,9999.000,9999.000,9999.000,9999.000,9999.000
202607172112,   0.102,9999.000,9999.000,9999.000,9999.000,9999.000,9999.000,9999.000,9999.000
202607172118,   0.073,9999.000,9999.000,9999.000,9999.000,9999.000,9999.000,9999.000,9999.000
202607172124,   0.050,9999.000,9999.000,9999.000,9999.000,9999.000,9999.000,9999.000,9999.000
202607172130,   0.032,9999.000,9999.000,9999.000,9999.000,9999.000,9999.000,9999.000,9999.000
202607172136,   0.020,9999.000,9999.000,9999.000,9999.000,9999.000,9999.000,9999.000,9999.000
202607172142,   0.015,9999.000,9999.000,9999.000,9999.000,9999.000,9999.000,9999.000,9999.000
202607172148,   0.015,9999.000,9999.000,9999.000,9999.000,9999.000,9999.000,9999.000,9999.000
202607172154,   0.021,9999.000,9999.000,9999.000,9999.000,9999.000,9999.000,9999.000,9999.000
202607172200,   0.034,9999.000,   0.400,   0.149,   0.583,   0.300,   0.483,   0.500,   0.683
202607172206,   0.053,9999.000,9999.000,9999.000,9999.000,9999.000,9999.000,9999.000,9999.000
202607172212,   0.078,9999.000,9999.000,9999.000,9999.000,9999.000,9999.000,9999.000,9999.000
202607172218,   0.110,9999.000,9999.000,9999.000,9999.000,9999.000,9999.000,9999.000,9999.000
202607172224,   0.148,9999.000,9999.000,9999.000,9999.000,9999.000,9999.000,9999.000,9999.000
202607172230,   0.193,9999.000,9999.000,9999.000,9999.000,9999.000,9999.000,9999.000,9999.000
202607172236,   0.243,9999.000,9999.000,9999.000,9999.000,9999.000,9999.000,9999.000,9999.000
202607172242,   0.300,9999.000,9999.000,9999.000,9999.000,9999.000,9999.000,9999.000,9999.000
202607172248,   0.363,9999.000,9999.000,9999.000,9999.000,9999.000,9999.000,9999.000,9999.000
202607172254,   0.432,9999.000,9999.000,9999.000,9999.000,9999.000,9999.000,9999.000,9999.000
202607172300,   0.507,9999.000,   0.400,   0.149,   1.056,   0.300,   0.956,   0.500,   1.156
202607172306,   0.588,9999.000,9999.000,9999.000,9999.000,9999.000,9999.000,9999.000,9999.000
202607172312,   0.674,9999.000,9999.000,9999.000,9999.000,9999.000,9999.000,9999.000,9999.000
202607172318,   0.766,9999.000,9999.000,9999.000,9999.000,9999.000,9999.000,9999.000,9999.000
202607172324,   0.862,9999.000,9999.000,9999.000,9999.000,9999.000,9999.000,9999.000,9999.000
202607172330,   0.964,9999.000,9999.000,9999.000,9999.000,9999.000,9999.000,9999.000,9999.000
202607172336,   1.070,9999.000,9999.000,9999.000,9999.000,9999.000,9999.000,9999.000,9999.000
202607172342,   1.180,9999.000,9999.000,9999.000,9999.000,9999.000,9999.000,9999.000,9999.000
202607172348,   1.294,9999.000,9999.000,9999.000,9999.000,9999.000,9999.000,9999.000,9999.000
202607172354,   1.411,9999.000,9999.000,9999.000,9999.000,9999.000,9999.000,9999.000,9999.000
202607180000,   1.531,9999.000,   0.400,   0.149,   2.080,   0.300,   1.980,   0.500,   2.180
