        TIME,    TIDE,      OB,   SURGE,    BIAS,     TWL,SURGE90p,  TWL90p,SURGE10p,   TWL10p
202608030600,   1.644,9999.000,   0.800,9999.000,   2.444,   0.700,   2.344,   0.800,   2.444
202608030606,   1.795,9999.000,9999.000,9999.000,9999.000,9999.000,9999.000,9999.000,9999.000
202608030612,   1.958,9999.000,9999.000,9999.000,9999.000,9999.000,9999.000,9999.000,9999.000
202608030618,   2.134,9999.000,9999.000,9999.000,9999.000,9999.000,9999.000,9999.000,9999.000
202608030624,   2.320,9999.000,9999.000,9999.000,9999.000,9999.000,9999.000,9999.000,9999.000
202608030630,   2.517,9999.000,9999.000,9999.000,9999.000,9999.000,9999.000,9999.000,9999.000
202608030636,   2.723,9999.000,9999.000,9999.000,9999.000,9999.000,9999.000,9999.000,9999.000
202608030642,   2.936,9999.000,9999.000,9999.000,9999.000,9999.000,9999.000,9999.000,9999.000
202608030648,   3.156,9999.000,9999.000,9999.000,9999.000,9999.000,9999.000,9999.000,9999.000
202608030654,   3.381,9999.000,9999.000,9999.000,9999.000,9999.000,9999.000,9999.000,9999.000
202608030700,   3.610,   4.969,   0.800,   0.559,   4.969,   0.700,   4.869,   0.800,   4.969
202608030706,   3.842,   5.188,9999.000,9999.000,9999.000,9999.000,9999.000,9999.000,9999.000
202608030712,   4.074,   5.418,9999.000,9999.000,9999.000,9999.000,9999.000,9999.000,9999.000
202608030718,   4.306,   5.618,9999.000,9999.000,9999.000,9999.000,9999.000,9999.000,9999.000
202608030724,   4.537,   5.897,9999.000,9999.000,9999.000,9999.000,9999.000,9999.000,9999.000
202608030730,   4.765,   6.136,9999.000,9999.000,9999.000,9999.000,9999.000,9999.000,9999.000
202608030736,   4.988,   6.336,9999.000,9999.000,9999.000,9999.000,9999.000,9999.000,9999.000
202608030742,   5.207,   6.497,9999.000,9999.000,9999.000,9999.000,9999.000,9999.000,9999.000
202608030748,   5.420,   6.678,9999.000,9999.000,9999.000,9999.000,9999.000,9999.000,9999.000
202608030754,   5.626,   6.858,9999.000,9999.000,9999.000,9999.000,9999.000,9999.000,9999.000
202608030800,   5.825,   7.009,   0.800,   0.384,   7.009,   0.700,   6.909,   0.800,   7.009
202608030806,   6.016,   7.147,9999.000,9999.000,9999.000,9999.000,9999.000,9999.000,9999.000
202608030812,   6.198,   7.297,9999.000,9999.000,9999.000,9999.000,9999.000,9999.000,9999.000
202608030818,   6.371,   7.448,9999.000,9999.000,9999.000,9999.000,9999.000,9999.000,9999.000
202608030824,   6.536,   7.586,9999.000,9999.000,9999.000,9999.000,9999.000,9999.000,9999.000
202608030830,   6.690,   7.727,9999.000,9999.000,9999.000,9999.000,9999.000,9999.000,9999.000
202608030836,   6.835,   7.858,9999.000,9999.000,9999.000,9999.000,9999.000,9999.000,9999.000
202608030842,   6.971,   7.967,9999.000,9999.000,9999.000,9999.000,9999.000,9999.000,9999.000
202608030848,   7.097,   8.088,9999.000,9999.000,9999.000,9999.000,9999.000,9999.000,9999.000
202608030854,   7.213,   8.206,9999.000,9999.000,9999.000,9999.000,9999.000,9999.000,9999.000
202608030900,   7.319,   8.318,   0.800,   0.199,   8.318,   0.700,   8.218,   0.800,   8.318
202608030906,   7.415,   8.426,9999.000,9999.000,9999.000,9999.000,9999.000,9999.000,9999.000
202608030912,   7.502,   8.527,9999.000,9999.000,9999.000,9999.000,9999.000,9999.000,9999.000
202608030918,   7.579,   8.606,9999.000,9999.000,9999.000,9999.000,9999.000,9999.000,9999.000
202608030924,   7.646,   8.708,9999.000,9999.000,9999.000,9999.000,9999.000,9999.000,9999.000
202608030930,   7.703,   8.806,9999.000,9999.000,9999.000,9999.000,9999.000,9999.000,9999.000
202608030936,   7.751,   8.878,9999.000,9999.000,9999.000,9999.000,9999.000,9999.000,9999.000
202608030942,   7.788,   8.977,9999.000,9999.000,9999.000,9999.000,9999.000,9999.000,9999.000
202608030948,   7.815,   9.036,9999.000,9999.000,9999.000,9999.000,9999.000,9999.000,9999.000
202608030954,   7.832,   9.098,9999.000,9999.000,9999.000,9999.000,9999.000,9999.000,9999.000
202608031000,   7.839,   9.118,   0.800,   0.479,   9.118,   0.700,   9.018,   0.800,   9.118
202608031006,   7.836,   9.138,9999.000,9999.000,9999.000,9999.000,9999.000,9999.000,9999.000
202608031012,   7.822,   9.147,9999.000,9999.000,9999.000,9999.000,9999.000,9999.000,9999.000
202608031018,   7.798,   9.138,9999.000,9999.000,9999.000,9999.000,9999.000,9999.000,9999.000
202608031024,   7.764,   9.108,9999.000,9999.000,9999.000,9999.000,9999.000,9999.000,9999.000
202608031030,   7.719,   9.056,9999.000,9999.000,9999.000,9999.000,9999.000,9999.000,9999.000
202608031036,   7.664,   9.006,9999.000,9999.000,9999.000,9999.000,9999.000,9999.000,9999.000
202608031042,   7.600,   8.918,9999.000,9999.000,9999.000,9999.000,9999.000,9999.000,9999.000
202608031048,   7.525,   8.816,9999.000,9999.000,9999.000,9999.000,9999.000,9999.000,9999.000
202608031054,   7.442,   8.718,9999.000,9999.000,9999.000,9999.000,9999.000,9999.000,9999.000
202608031100,   7.349,   8.596,   0.800,   0.447,   8.596,   0.700,   8.496,   0.800,   8.596
202608031106,   7.248,   8.478,9999.000,9999.000,9999.000,9999.000,9999.000,9999.000,9999.000
202608031112,   7.138,   8.347,9999.000,9999.000,9999.000,9999.000,9999.000,9999.000,9999.000
202608031118,   7.021,   8.229,9999.000,9999.000,9999.000,9999.000,9999.000,9999.000,9999.000
202608031124,   6.898,   8.098,9999.000,9999.000,9999.000,9999.000,9999.000,9999.000,9999.000
202608031130,   6.767,   7.967,9999.000,9999.000,9999.000,9999.000,9999.000,9999.000,9999.000
202608031136,   6.632,   7.839,9999.000,9999.000,9999.000,9999.000,9999.000,9999.000,9999.000
202608031142,   6.491,   7.717,9999.000,9999.000,9999.000,9999.000,9999.000,9999.000,9999.000
202608031148,   6.345,   7.576,9999.000,9999.000,9999.000,9999.000,9999.000,9999.000,9999.000
202608031154,   6.196,   7.448,9999.000,9999.000,9999.000,9999.000,9999.000,9999.000,9999.000
202608031200,   6.044,   7.317,   0.800,   0.473,   7.317,   0.700,   7.217,   0.800,   7.317
202608031206,   5.890,   7.199,9999.000,9999.000,9999.000,9999.000,9999.000,9999.000,9999.000
202608031212,   5.733,   7.058,9999.000,9999.000,9999.000,9999.000,9999.000,9999.000,9999.000
202608031218,   5.575,   6.917,9999.000,9999.000,9999.000,9999.000,9999.000,9999.000,9999.000
202608031224,   5.416,   6.779,9999.000,9999.000,9999.000,9999.000,9999.000,9999.000,9999.000
202608031230,   5.257,   6.638,9999.000,9999.000,9999.000,9999.000,9999.000,9999.000,9999.000
202608031236,   5.098,   6.507,9999.000,9999.000,9999.000,9999.000,9999.000,9999.000,9999.000
202608031242,   4.939,   6.369,9999.000,9999.000,9999.000,9999.000,9999.000,9999.000,9999.000
202608031248,   4.781,   6.209,9999.000,9999.000,9999.000,9999.000,9999.000,9999.000,9999.000
202608031254,   4.623,   6.077,9999.000,9999.000,9999.000,9999.000,9999.000,9999.000,9999.000
202608031300,   4.467,   5.949,   0.800,   0.682,   5.949,   0.700,   5.849,   0.800,   5.949
202608031306,   4.312,   5.818,9999.000,9999.000,9999.000,9999.000,9999.000,9999.000,9999.000
202608031312,   4.158,   5.697,9999.000,9999.000,9999.000,9999.000,9999.000,9999.000,9999.000
202608031318,   4.006,   5.579,9999.000,9999.000,9999.000,9999.000,9999.000,9999.000,9999.000
202608031324,   3.856,   5.457,9999.000,9999.000,9999.000,9999.000,9999.000,9999.000,9999.000
202608031330,   3.708,   5.349,9999.000,9999.000,9999.000,9999.000,9999.000,9999.000,9999.000
202608031336,   3.561,   5.238,9999.000,9999.000,9999.000,9999.000,9999.000,9999.000,9999.000
202608031342,   3.417,   5.139,9999.000,9999.000,9999.000,9999.000,9999.000,9999.000,9999.000
202608031348,   3.275,   5.008,9999.000,9999.000,9999.000,9999.000,9999.000,9999.000,9999.000
202608031354,   3.135,   4.887,9999.000,9999.000,9999.000,9999.000,9999.000,9999.000,9999.000
202608031400,   2.998,   4.778,   0.800,   0.980,   4.778,   0.700,   4.678,   0.800,   4.778
202608031406,   2.864,   4.667,9999.000,9999.000,9999.000,9999.000,9999.000,9999.000,9999.000
202608031412,   2.732,   4.559,9999.000,9999.000,9999.000,9999.000,9999.000,9999.000,9999.000
202608031418,   2.603,   4.457,9999.000,9999.000,9999.000,9999.000,9999.000,9999.000,9999.000
202608031424,   2.478,   4.359,9999.000,9999.000,9999.000,9999.000,9999.000,9999.000,9999.000
202608031430,   2.356,   4.247,9999.000,9999.000,9999.000,9999.000,9999.000,9999.000,9999.000
202608031436,   2.237,   4.139,9999.000,9999.000,9999.000,9999.000,9999.000,9999.000,9999.000
202608031442,   2.121,   4.037,9999.000,9999.000,9999.000,9999.000,9999.000,9999.000,9999.000
202608031448,   2.010,   3.929,9999.000,9999.000,9999.000,9999.000,9999.000,9999.000,9999.000
202608031454,   1.902,   3.808,9999.000,9999.000,9999.000,9999.000,9999.000,9999.000,9999.000
202608031500,   1.797,   3.699,   0.800,   1.102,   3.699,   0.700,   3.599,   0.800,   3.699
202608031506,   1.697,   3.607,9999.000,9999.000,9999.000,9999.000,9999.000,9999.000,9999.000
202608031512,   1.600,   3.509,9999.000,9999.000,9999.000,9999.000,9999.000,9999.000,9999.000
202608031518,   1.506,   3.407,9999.000,9999.000,9999.000,9999.000,9999.000,9999.000,9999.000
202608031524,   1.417,   3.309,9999.000,9999.000,9999.000,9999.000,9999.000,9999.000,9999.000
202608031530,   1.331,   3.217,9999.000,9999.000,9999.000,9999.000,9999.000,9999.000,9999.000
202608031536,   1.248,   3.129,9999.000,9999.000,9999.000,9999.000,9999.000,9999.000,9999.000
202608031542,   1.169,   3.040,9999.000,9999.000,9999.000,9999.000,9999.000,9999.000,9999.000
202608031548,   1.093,   2.938,9999.000,9999.000,9999.000,9999.000,9999.000,9999.000,9999.000
202608031554,   1.021,   2.840,9999.000,9999.000,9999.000,9999.000,9999.000,9999.000,9999.000
202608031600,   0.952,   2.738,   0.700,   1.086,   2.738,   0.700,   2.738,   0.800,   2.838
202608031606,   0.886,   2.640,9999.000,9999.000,9999.000,9999.000,9999.000,9999.000,9999.000
202608031612,   0.824,   2.548,9999.000,9999.000,9999.000,9999.000,9999.000,9999.000,9999.000
202608031618,   0.766,   2.459,9999.000,9999.000,9999.000,9999.000,9999.000,9999.000,9999.000
202608031624,   0.711,   2.358,9999.000,9999.000,9999.000,9999.000,9999.000,9999.000,9999.000
202608031630,   0.661,   2.289,9999.000,9999.000,9999.000,9999.000,9999.000,9999.000,9999.000
202608031636,   0.615,   2.191,9999.000,9999.000,9999.000,9999.000,9999.000,9999.000,9999.000
202608031642,   0.575,   2.109,9999.000,9999.000,9999.000,9999.000,9999.000,9999.000,9999.000
202608031648,   0.540,   2.030,9999.000,9999.000,9999.000,9999.000,9999.000,9999.000,9999.000
202608031654,   0.511,   1.948,9999.000,9999.000,9999.000,9999.000,9999.000,9999.000,9999.000
202608031700,   0.489,   1.899,   0.700,   0.710,   1.899,   0.700,   1.899,   0.800,   1.999
202608031706,   0.474,   1.800,9999.000,9999.000,9999.000,9999.000,9999.000,9999.000,9999.000
202608031712,   0.468,   1.738,9999.000,9999.000,9999.000,9999.000,9999.000,9999.000,9999.000
202608031718,   0.471,   1.669,9999.000,9999.000,9999.000,9999.000,9999.000,9999.000,9999.000
202608031724,   0.485,   1.600,9999.000,9999.000,9999.000,9999.000,9999.000,9999.000,9999.000
202608031730,   0.508,   1.548,9999.000,9999.000,9999.000,9999.000,9999.000,9999.000,9999.000
202608031736,   0.544,   1.518,9999.000,9999.000,9999.000,9999.000,9999.000,9999.000,9999.000
202608031742,   0.591,   1.508,9999.000,9999.000,9999.000,9999.000,9999.000,9999.000,9999.000
202608031748,   0.651,   1.518,9999.000,9999.000,9999.000,9999.000,9999.000,9999.000,9999.000
202608031754,   0.724,   1.571,9999.000,9999.000,9999.000,9999.000,9999.000,9999.000,9999.000
202608031800,   0.811,   1.669,   0.700,   0.158,   1.669,   0.600,   1.569,   0.700,   1.669
202608031806,   0.912,   1.849,9999.000,9999.000,9999.000,9999.000,9999.000,9999.000,9999.000
202608031812,   1.026,   2.059,9999.000,9999.000,9999.000,9999.000,9999.000,9999.000,9999.000
202608031818,   1.155,   2.289,9999.000,9999.000,9999.000,9999.000,9999.000,9999.000,9999.000
202608031824,   1.297,   2.509,9999.000,9999.000,9999.000,9999.000,9999.000,9999.000,9999.000
202608031830,   1.452,   2.699,9999.000,9999.000,9999.000,9999.000,9999.000,9999.000,9999.000
202608031836,   1.621,   2.909,9999.000,9999.000,9999.000,9999.000,9999.000,9999.000,9999.000
202608031842,   1.801,   3.129,9999.000,9999.000,9999.000,9999.000,9999.000,9999.000,9999.000
202608031848,   1.993,   3.348,9999.000,9999.000,9999.000,9999.000,9999.000,9999.000,9999.000
202608031854,   2.195,   3.548,9999.000,9999.000,9999.000,9999.000,9999.000,9999.000,9999.000
202608031900,   2.406,   3.739,   0.700,   0.633,   3.739,   0.600,   3.639,   0.700,   3.739
202608031906,   2.626,   3.919,9999.000,9999.000,9999.000,9999.000,9999.000,9999.000,9999.000
202608031912,   2.852,   4.090,9999.000,9999.000,9999.000,9999.000,9999.000,9999.000,9999.000
202608031918,   3.083,   4.257,9999.000,9999.000,9999.000,9999.000,9999.000,9999.000,9999.000
202608031924,   3.318,   4.427,9999.000,9999.000,9999.000,9999.000,9999.000,9999.000,9999.000
202608031930,   3.556,   4.588,9999.000,9999.000,9999.000,9999.000,9999.000,9999.000,9999.000
202608031936,   3.796,   4.759,9999.000,9999.000,9999.000,9999.000,9999.000,9999.000,9999.000
202608031942,   4.035,   4.929,9999.000,9999.000,9999.000,9999.000,9999.000,9999.000,9999.000
202608031948,   4.272,   5.120,9999.000,9999.000,9999.000,9999.000,9999.000,9999.000,9999.000
202608031954,   4.508,   5.329,9999.000,9999.000,9999.000,9999.000,9999.000,9999.000,9999.000
202608032000,   4.739,   5.549,   0.600,   0.210,   5.549,   0.600,   5.549,   0.700,   5.649
202608032006,   4.965,   5.789,9999.000,9999.000,9999.000,9999.000,9999.000,9999.000,9999.000
202608032012,   5.186,   6.028,9999.000,9999.000,9999.000,9999.000,9999.000,9999.000,9999.000
202608032018,   5.400,   6.258,9999.000,9999.000,9999.000,9999.000,9999.000,9999.000,9999.000
202608032024,   5.607,   6.468,9999.000,9999.000,9999.000,9999.000,9999.000,9999.000,9999.000
202608032030,   5.805,   6.658,9999.000,9999.000,9999.000,9999.000,9999.000,9999.000,9999.000
202608032036,   5.996,   6.848,9999.000,9999.000,9999.000,9999.000,9999.000,9999.000,9999.000
202608032042,   6.177,   7.009,9999.000,9999.000,9999.000,9999.000,9999.000,9999.000,9999.000
202608032048,   6.349,   7.176,9999.000,9999.000,9999.000,9999.000,9999.000,9999.000,9999.000
202608032054,   6.512,   7.337,9999.000,9999.000,9999.000,9999.000,9999.000,9999.000,9999.000
202608032100,   6.665,   7.478,   0.600,   0.213,   7.478,   0.600,   7.478,   0.700,   7.578
202608032106,   6.808,   7.619,9999.000,9999.000,9999.000,9999.000,9999.000,9999.000,9999.000
202608032112,   6.942,   7.737,9999.000,9999.000,9999.000,9999.000,9999.000,9999.000,9999.000
202608032118,   7.066,   7.858,9999.000,9999.000,9999.000,9999.000,9999.000,9999.000,9999.000
202608032124,   7.180,   7.967,9999.000,9999.000,9999.000,9999.000,9999.000,9999.000,9999.000
202608032130,   7.284,   8.058,9999.000,9999.000,9999.000,9999.000,9999.000,9999.000,9999.000
202608032136,   7.379,   8.157,9999.000,9999.000,9999.000,9999.000,9999.000,9999.000,9999.000
202608032142,   7.463,   8.239,9999.000,9999.000,9999.000,9999.000,9999.000,9999.000,9999.000
202608032148,   7.538,   8.298,9999.000,9999.000,9999.000,9999.000,9999.000,9999.000,9999.000
202608032154,   7.603,   8.357,9999.000,9999.000,9999.000,9999.000,9999.000,9999.000,9999.000
202608032200,   7.658,   8.406,   0.600,   0.148,   8.406,   0.500,   8.306,   0.600,   8.406
202608032206,   7.703,   8.459,9999.000,9999.000,9999.000,9999.000,9999.000,9999.000,9999.000
202608032212,   7.739,   8.498,9999.000,9999.000,9999.000,9999.000,9999.000,9999.000,9999.000
202608032218,   7.764,   8.518,9999.000,9999.000,9999.000,9999.000,9999.000,9999.000,9999.000
202608032224,   7.778,   8.527,9999.000,9999.000,9999.000,9999.000,9999.000,9999.000,9999.000
202608032230,   7.783,   8.527,9999.000,9999.000,9999.000,9999.000,9999.000,9999.000,9999.000
202608032236,   7.777,   8.508,9999.000,9999.000,9999.000,9999.000,9999.000,9999.000,9999.000
202608032242,   7.761,   8.488,9999.000,9999.000,9999.000,9999.000,9999.000,9999.000,9999.000
202608032248,   7.734,   8.439,9999.000,9999.000,9999.000,9999.000,9999.000,9999.000,9999.000
202608032254,   7.698,   8.367,9999.000,9999.000,9999.000,9999.000,9999.000,9999.000,9999.000
202608032300,   7.651,   8.298,   0.500,   0.147,   8.298,   0.500,   8.298,   0.600,   8.398
202608032306,   7.594,   8.206,9999.000,9999.000,9999.000,9999.000,9999.000,9999.000,9999.000
202608032312,   7.528,   8.098,9999.000,9999.000,9999.000,9999.000,9999.000,9999.000,9999.000
202608032318,   7.452,   7.986,9999.000,9999.000,9999.000,9999.000,9999.000,9999.000,9999.000
202608032324,   7.368,   7.868,9999.000,9999.000,9999.000,9999.000,9999.000,9999.000,9999.000
202608032330,   7.274,   7.737,9999.000,9999.000,9999.000,9999.000,9999.000,9999.000,9999.000
202608032336,   7.173,   7.619,9999.000,9999.000,9999.000,9999.000,9999.000,9999.000,9999.000
202608032342,   7.064,   7.498,9999.000,9999.000,9999.000,9999.000,9999.000,9999.000,9999.000
202608032348,   6.949,   7.376,9999.000,9999.000,9999.000,9999.000,9999.000,9999.000,9999.000
202608032354,   6.827,   7.248,9999.000,9999.000,9999.000,9999.000,9999.000,9999.000,9999.000
202608040000,   6.699,   7.127,   0.500,  -0.072,   7.127,   0.400,   7.027,   0.600,   7.227
202608040006,   6.566,   6.999,9999.000,9999.000,9999.000,9999.000,9999.000,9999.000,9999.000
202608040012,   6.429,   6.868,9999.000,9999.000,9999.000,9999.000,9999.000,9999.000,9999.000
202608040018,   6.288,   6.727,9999.000,9999.000,9999.000,9999.000,9999.000,9999.000,9999.000
202608040024,   6.144,   6.599,9999.000,9999.000,9999.000,9999.000,9999.000,9999.000,9999.000
202608040030,   5.998,   6.458,9999.000,9999.000,9999.000,9999.000,9999.000,9999.000,9999.000
202608040036,   5.850,   6.327,9999.000,9999.000,9999.000,9999.000,9999.000,9999.000,9999.000
202608040042,   5.701,   6.189,9999.000,9999.000,9999.000,9999.000,9999.000,9999.000,9999.000
202608040048,   5.551,   6.048,9999.000,9999.000,9999.000,9999.000,9999.000,9999.000,9999.000
202608040054,   5.401,   5.907,9999.000,9999.000,9999.000,9999.000,9999.000,9999.000,9999.000
202608040100,   5.250,   5.769,   0.500,   0.019,   5.769,   0.400,   5.669,   0.500,   5.769
202608040106,   5.101,   5.628,9999.000,9999.000,9999.000,9999.000,9999.000,9999.000,9999.000
202608040112,   4.951,   5.497,9999.000,9999.000,9999.000,9999.000,9999.000,9999.000,9999.000
202608040118,   4.803,   5.349,9999.000,9999.000,9999.000,9999.000,9999.000,9999.000,9999.000
202608040124,   4.656,   5.218,9999.000,9999.000,9999.000,9999.000,9999.000,9999.000,9999.000
202608040130,   4.511,   5.077,9999.000,9999.000,9999.000,9999.000,9999.000,9999.000,9999.000
202608040136,   4.367,   4.949,9999.000,9999.000,9999.000,9999.000,9999.000,9999.000,9999.000
202608040142,   4.225,   4.808,9999.000,9999.000,9999.000,9999.000,9999.000,9999.000,9999.000
202608040148,   4.084,   4.677,9999.000,9999.000,9999.000,9999.000,9999.000,9999.000,9999.000
202608040154,   3.946,   4.539,9999.000,9999.000,9999.000,9999.000,9999.000,9999.000,9999.000
202608040200,   3.809,   4.418,   0.400,   0.209,   4.418,   0.400,   4.418,   0.500,   4.518
202608040206,   3.675,   4.290,9999.000,9999.000,9999.000,9999.000,9999.000,9999.000,9999.000
202608040212,   3.543,   4.159,9999.000,9999.000,9999.000,9999.000,9999.000,9999.000,9999.000
202608040218,   3.413,   4.027,9999.000,9999.000,9999.000,9999.000,9999.000,9999.000,9999.000
202608040224,   3.286,   3.899,9999.000,9999.000,9999.000,9999.000,9999.000,9999.000,9999.000
202608040230,   3.161,   3.778,9999.000,9999.000,9999.000,9999.000,9999.000,9999.000,9999.000
202608040236,   3.039,   3.660,9999.000,9999.000,9999.000,9999.000,9999.000,9999.000,9999.000
202608040242,   2.920,   3.539,9999.000,9999.000,9999.000,9999.000,9999.000,9999.000,9999.000
202608040248,   2.804,   3.417,9999.000,9999.000,9999.000,9999.000,9999.000,9999.000,9999.000
202608040254,   2.691,   3.299,9999.000,9999.000,9999.000,9999.000,9999.000,9999.000,9999.000
202608040300,   2.582,   3.178,   0.400,   0.196,   3.178,   0.300,   3.078,   0.500,   3.278
202608040306,   2.475,   3.070,9999.000,9999.000,9999.000,9999.000,9999.000,9999.000,9999.000
202608040312,   2.372,   2.958,9999.000,9999.000,9999.000,9999.000,9999.000,9999.000,9999.000
202608040318,   2.272,   2.850,9999.000,9999.000,9999.000,9999.000,9999.000,9999.000,9999.000
202608040324,   2.176,   2.728,9999.000,9999.000,9999.000,9999.000,9999.000,9999.000,9999.000
202608040330,   2.084,   2.620,9999.000,9999.000,9999.000,9999.000,9999.000,9999.000,9999.000
202608040336,   1.995,   2.519,9999.000,9999.000,9999.000,9999.000,9999.000,9999.000,9999.000
202608040342,   1.909,   2.400,9999.000,9999.000,9999.000,9999.000,9999.000,9999.000,9999.000
202608040348,   1.826,   2.299,9999.000,9999.000,9999.000,9999.000,9999.000,9999.000,9999.000
202608040354,   1.747,   2.191,9999.000,9999.000,9999.000,9999.000,9999.000,9999.000,9999.000
202608040400,   1.671,   2.079,   0.400,   0.008,   2.079,   0.300,   1.979,   0.400,   2.079
202608040406,   1.598,   1.981,9999.000,9999.000,9999.000,9999.000,9999.000,9999.000,9999.000
202608040412,   1.528,   1.859,9999.000,9999.000,9999.000,9999.000,9999.000,9999.000,9999.000
202608040418,   1.462,   1.758,9999.000,9999.000,9999.000,9999.000,9999.000,9999.000,9999.000
202608040424,   1.398,   1.659,9999.000,9999.000,9999.000,9999.000,9999.000,9999.000,9999.000
202608040430,   1.337,   1.548,9999.000,9999.000,9999.000,9999.000,9999.000,9999.000,9999.000
202608040436,   1.279,   1.459,9999.000,9999.000,9999.000,9999.000,9999.000,9999.000,9999.000
202608040442,   1.224,   1.361,9999.000,9999.000,9999.000,9999.000,9999.000,9999.000,9999.000
202608040448,   1.172,   1.259,9999.000,9999.000,9999.000,9999.000,9999.000,9999.000,9999.000
202608040454,   1.125,   1.170,9999.000,9999.000,9999.000,9999.000,9999.000,9999.000,9999.000
202608040500,   1.081,   1.069,   0.300,  -0.312,   1.069,   0.300,   1.069,   0.400,   1.169
202608040506,   1.041,   0.980,9999.000,9999.000,9999.000,9999.000,9999.000,9999.000,9999.000
202608040512,   1.007,   0.908,9999.000,9999.000,9999.000,9999.000,9999.000,9999.000,9999.000
202608040518,   0.978,   0.810,9999.000,9999.000,9999.000,9999.000,9999.000,9999.000,9999.000
202608040524,   0.955,   0.731,9999.000,9999.000,9999.000,9999.000,9999.000,9999.000,9999.000
202608040530,   0.939,   0.659,9999.000,9999.000,9999.000,9999.000,9999.000,9999.000,9999.000
202608040536,   0.930,   0.590,9999.000,9999.000,9999.000,9999.000,9999.000,9999.000,9999.000
202608040542,   0.930,   0.541,9999.000,9999.000,9999.000,9999.000,9999.000,9999.000,9999.000
202608040548,   0.939,   0.488,9999.000,9999.000,9999.000,9999.000,9999.000,9999.000,9999.000
202608040554,   0.958,   0.478,9999.000,9999.000,9999.000,9999.000,9999.000,9999.000,9999.000
202608040600,   0.987,   0.488,   0.300,  -0.799,   0.488,   0.300,   0.488,   0.400,   0.588
202608040606,   1.028,   0.551,9999.000,9999.000,9999.000,9999.000,9999.000,9999.000,9999.000
202608040612,   1.080,   0.639,9999.000,9999.000,9999.000,9999.000,9999.000,9999.000,9999.000
202608040618,   1.145,   0.810,9999.000,9999.000,9999.000,9999.000,9999.000,9999.000,9999.000
202608040624,   1.223,   1.010,9999.000,9999.000,9999.000,9999.000,9999.000,9999.000,9999.000
202608040630,   1.314,   1.239,9999.000,9999.000,9999.000,9999.000,9999.000,9999.000,9999.000
202608040636,   1.418,   1.479,9999.000,9999.000,9999.000,9999.000,9999.000,9999.000,9999.000
202608040642,   1.536,   1.699,9999.000,9999.000,9999.000,9999.000,9999.000,9999.000,9999.000
202608040648,   1.666,   1.908,9999.000,9999.000,9999.000,9999.000,9999.000,9999.000,9999.000
202608040654,   1.809,   2.109,9999.000,9999.000,9999.000,9999.000,9999.000,9999.000,9999.000
202608040700,   1.965,   2.299,   0.300,   0.034,   2.299,   0.200,   2.199,   0.400,   2.399
202608040706,   2.132,   2.489,9999.000,9999.000,9999.000,9999.000,9999.000,9999.000,9999.000
202608040712,   2.310,   2.660,9999.000,9999.000,9999.000,9999.000,9999.000,9999.000,9999.000
202608040718,   2.498,   2.840,9999.000,9999.000,9999.000,9999.000,9999.000,9999.000,9999.000
202608040724,   2.695,   2.997,9999.000,9999.000,9999.000,9999.000,9999.000,9999.000,9999.000
202608040730,   2.900,   3.158,9999.000,9999.000,9999.000,9999.000,9999.000,9999.000,9999.000
202608040736,   3.112,   3.319,9999.000,9999.000,9999.000,9999.000,9999.000,9999.000,9999.000
202608040742,   3.328,   3.489,9999.000,9999.000,9999.000,9999.000,9999.000,9999.000,9999.000
202608040748,   3.549,   3.670,9999.000,9999.000,9999.000,9999.000,9999.000,9999.000,9999.000
202608040754,   3.772,   3.847,9999.000,9999.000,9999.000,9999.000,9999.000,9999.000,9999.000
202608040800,   3.997,   4.047,   0.300,  -0.250,   4.047,   0.200,   3.947,   0.300,   4.047
202608040806,   4.221,   4.280,9999.000,9999.000,9999.000,9999.000,9999.000,9999.000,9999.000
202608040812,   4.445,   4.509,9999.000,9999.000,9999.000,9999.000,9999.000,9999.000,9999.000
202608040818,   4.665,   4.759,9999.000,9999.000,9999.000,9999.000,9999.000,9999.000,9999.000
202608040824,   4.882,   5.008,9999.000,9999.000,9999.000,9999.000,9999.000,9999.000,9999.000
202608040830,   5.095,   5.247,9999.000,9999.000,9999.000,9999.000,9999.000,9999.000,9999.000
202608040836,   5.301,   5.477,9999.000,9999.000,9999.000,9999.000,9999.000,9999.000,9999.000
202608040842,   5.501,   5.677,9999.000,9999.000,9999.000,9999.000,9999.000,9999.000,9999.000
202608040848,   5.695,   5.877,9999.000,9999.000,9999.000,9999.000,9999.000,9999.000,9999.000
202608040854,   5.880,   6.058,9999.000,9999.000,9999.000,9999.000,9999.000,9999.000,9999.000
202608040900,   6.057,   6.218,   0.300,  -0.139,   6.218,   0.200,   6.118,   0.300,   6.218
202608040906,   6.225,   6.379,9999.000,9999.000,9999.000,9999.000,9999.000,9999.000,9999.000
202608040912,   6.385,   6.537,9999.000,9999.000,9999.000,9999.000,9999.000,9999.000,9999.000
202608040918,   6.535,   6.678,9999.000,9999.000,9999.000,9999.000,9999.000,9999.000,9999.000
202608040924,   6.676,   6.809,9999.000,9999.000,9999.000,9999.000,9999.000,9999.000,9999.000
202608040930,   6.807,   6.947,9999.000,9999.000,9999.000,9999.000,9999.000,9999.000,9999.000
202608040936,   6.929,   7.068,9999.000,9999.000,9999.000,9999.000,9999.000,9999.000,9999.000
202608040942,   7.041,   7.199,9999.000,9999.000,9999.000,9999.000,9999.000,9999.000,9999.000
202608040948,   7.144,   7.307,9999.000,9999.000,9999.000,9999.000,9999.000,9999.000,9999.000
202608040954,   7.237,   7.429,9999.000,9999.000,9999.000,9999.000,9999.000,9999.000,9999.000
202608041000,   7.321,   7.527,   0.300,  -0.094,   7.527,   0.200,   7.427,   0.300,   7.527
202608041006,   7.395,   7.619,9999.000,9999.000,9999.000,9999.000,9999.000,9999.000,9999.000
202608041012,   7.459,   7.707,9999.000,9999.000,9999.000,9999.000,9999.000,9999.000,9999.000
202608041018,   7.514,   7.786,9999.000,9999.000,9999.000,9999.000,9999.000,9999.000,9999.000
202608041024,   7.559,   7.858,9999.000,9999.000,9999.000,9999.000,9999.000,9999.000,9999.000
202608041030,   7.595,   7.917,9999.000,9999.000,9999.000,9999.000,9999.000,9999.000,9999.000
202608041036,   7.620,   7.976,9999.000,9999.000,9999.000,9999.000,9999.000,9999.000,9999.000
202608041042,   7.636,   8.016,9999.000,9999.000,9999.000,9999.000,9999.000,9999.000,9999.000
202608041048,   7.641,   8.039,9999.000,9999.000,9999.000,9999.000,9999.000,9999.000,9999.000
202608041054,   7.637,   8.049,9999.000,9999.000,9999.000,9999.000,9999.000,9999.000,9999.000
202608041100,   7.622,   8.049,   0.200,   0.227,   8.049,   0.200,   8.049,   0.300,   8.149
202608041106,   7.597,   8.039,9999.000,9999.000,9999.000,9999.000,9999.000,9999.000,9999.000
202608041112,   7.562,   8.006,9999.000,9999.000,9999.000,9999.000,9999.000,9999.000,9999.000
202608041118,   7.517,   7.957,9999.000,9999.000,9999.000,9999.000,9999.000,9999.000,9999.000
202608041124,   7.462,   7.888,9999.000,9999.000,9999.000,9999.000,9999.000,9999.000,9999.000
202608041130,   7.397,   7.796,9999.000,9999.000,9999.000,9999.000,9999.000,9999.000,9999.000
202608041136,   7.322,   7.698,9999.000,9999.000,9999.000,9999.000,9999.000,9999.000,9999.000
202608041142,   7.238,   7.586,9999.000,9999.000,9999.000,9999.000,9999.000,9999.000,9999.000
202608041148,   7.144,   7.488,9999.000,9999.000,9999.000,9999.000,9999.000,9999.000,9999.000
202608041154,   7.042,   7.366,9999.000,9999.000,9999.000,9999.000,9999.000,9999.000,9999.000
202608041200,   6.932,   7.238,   0.200,   0.106,   7.238,   0.100,   7.138,   0.300,   7.338
202608041206,   6.815,   7.117,9999.000,9999.000,9999.000,9999.000,9999.000,9999.000,9999.000
202608041212,   6.690,   6.999,9999.000,9999.000,9999.000,9999.000,9999.000,9999.000,9999.000
202608041218,   6.559,   6.878,9999.000,9999.000,9999.000,9999.000,9999.000,9999.000,9999.000
202608041224,   6.422,   6.737,9999.000,9999.000,9999.000,9999.000,9999.000,9999.000,9999.000
202608041230,   6.279,   6.609,9999.000,9999.000,9999.000,9999.000,9999.000,9999.000,9999.000
202608041236,   6.133,   6.477,9999.000,9999.000,9999.000,9999.000,9999.000,9999.000,9999.000
202608041242,   5.982,   6.336,9999.000,9999.000,9999.000,9999.000,9999.000,9999.000,9999.000
202608041248,   5.828,   6.199,9999.000,9999.000,9999.000,9999.000,9999.000,9999.000,9999.000
202608041254,   5.672,   6.058,9999.000,9999.000,9999.000,9999.000,9999.000,9999.000,9999.000
202608041300,   5.513,   5.907,   0.200,   0.194,   5.907,   0.100,   5.807,   0.300,   6.007
202608041306,   5.354,   5.759,9999.000,9999.000,9999.000,9999.000,9999.000,9999.000,9999.000
202608041312,   5.193,   5.618,9999.000,9999.000,9999.000,9999.000,9999.000,9999.000,9999.000
202608041318,   5.032,   5.467,9999.000,9999.000,9999.000,9999.000,9999.000,9999.000,9999.000
202608041324,   4.871,   5.320,9999.000,9999.000,9999.000,9999.000,9999.000,9999.000,9999.000
202608041330,   4.710,   5.179,9999.000,9999.000,9999.000,9999.000,9999.000,9999.000,9999.000
202608041336,   4.550,   5.028,9999.000,9999.000,9999.000,9999.000,9999.000,9999.000,9999.000
202608041342,   4.391,   4.877,9999.000,9999.000,9999.000,9999.000,9999.000,9999.000,9999.000
202608041348,   4.233,   4.739,9999.000,9999.000,9999.000,9999.000,9999.000,9999.000,9999.000
202608041354,   4.077,   4.598,9999.000,9999.000,9999.000,9999.000,9999.000,9999.000,9999.000
202608041400,   3.922,   4.457,   0.200,   0.335,   4.457,   0.100,   4.357,   0.300,   4.557
202608041406,   3.769,   4.319,9999.000,9999.000,9999.000,9999.000,9999.000,9999.000,9999.000
202608041412,   3.617,   4.178,9999.000,9999.000,9999.000,9999.000,9999.000,9999.000,9999.000
202608041418,   3.468,   4.037,9999.000,9999.000,9999.000,9999.000,9999.000,9999.000,9999.000
202608041424,   3.321,   3.919,9999.000,9999.000,9999.000,9999.000,9999.000,9999.000,9999.000
202608041430,   3.177,   3.788,9999.000,9999.000,9999.000,9999.000,9999.000,9999.000,9999.000
202608041436,   3.035,   3.650,9999.000,9999.000,9999.000,9999.000,9999.000,9999.000,9999.000
202608041442,   2.895,   3.529,9999.000,9999.000,9999.000,9999.000,9999.000,9999.000,9999.000
202608041448,   2.759,   3.398,9999.000,9999.000,9999.000,9999.000,9999.000,9999.000,9999.000
202608041454,   2.625,   3.270,9999.000,9999.000,9999.000,9999.000,9999.000,9999.000,9999.000
202608041500,   2.494,   3.148,   0.200,   0.454,   3.148,   0.100,   3.048,   0.300,   3.248
202608041506,   2.367,   3.017,9999.000,9999.000,9999.000,9999.000,9999.000,9999.000,9999.000
202608041512,   2.243,   2.899,9999.000,9999.000,9999.000,9999.000,9999.000,9999.000,9999.000
202608041518,   2.123,   2.778,9999.000,9999.000,9999.000,9999.000,9999.000,9999.000,9999.000
202608041524,   2.006,   2.650,9999.000,9999.000,9999.000,9999.000,9999.000,9999.000,9999.000
202608041530,   1.894,   2.538,9999.000,9999.000,9999.000,9999.000,9999.000,9999.000,9999.000
202608041536,   1.785,   2.420,9999.000,9999.000,9999.000,9999.000,9999.000,9999.000,9999.000
202608041542,   1.681,   2.309,9999.000,9999.000,9999.000,9999.000,9999.000,9999.000,9999.000
202608041548,   1.581,   2.200,9999.000,9999.000,9999.000,9999.000,9999.000,9999.000,9999.000
202608041554,   1.485,   2.089,9999.000,9999.000,9999.000,9999.000,9999.000,9999.000,9999.000
202608041600,   1.393,   1.981,   0.200,   0.388,   1.981,   0.100,   1.881,   0.300,   2.081
202608041606,   1.306,   1.859,9999.000,9999.000,9999.000,9999.000,9999.000,9999.000,9999.000
202608041612,   1.223,   1.758,9999.000,9999.000,9999.000,9999.000,9999.000,9999.000,9999.000
202608041618,   1.144,   1.659,9999.000,9999.000,9999.000,9999.000,9999.000,9999.000,9999.000
202608041624,   1.070,   1.538,9999.000,9999.000,9999.000,9999.000,9999.000,9999.000,9999.000
202608041630,   0.999,   1.430,9999.000,9999.000,9999.000,9999.000,9999.000,9999.000,9999.000
202608041636,   0.932,   1.338,9999.000,9999.000,9999.000,9999.000,9999.000,9999.000,9999.000
202608041642,   0.870,   1.229,9999.000,9999.000,9999.000,9999.000,9999.000,9999.000,9999.000
202608041648,   0.811,   1.138,9999.000,9999.000,9999.000,9999.000,9999.000,9999.000,9999.000
202608041654,   0.756,   1.059,9999.000,9999.000,9999.000,9999.000,9999.000,9999.000,9999.000
202608041700,   0.705,   0.961,   0.200,   0.056,   0.961,   0.100,   0.861,   0.300,   1.061
202608041706,   0.659,   0.869,9999.000,9999.000,9999.000,9999.000,9999.000,9999.000,9999.000
202608041712,   0.616,   0.780,9999.000,9999.000,9999.000,9999.000,9999.000,9999.000,9999.000
202608041718,   0.578,   0.698,9999.000,9999.000,9999.000,9999.000,9999.000,9999.000,9999.000
202608041724,   0.545,   0.610,9999.000,9999.000,9999.000,9999.000,9999.000,9999.000,9999.000
202608041730,   0.517,   0.531,9999.000,9999.000,9999.000,9999.000,9999.000,9999.000,9999.000
202608041736,   0.495,   0.449,9999.000,9999.000,9999.000,9999.000,9999.000,9999.000,9999.000
202608041742,   0.478,   0.380,9999.000,9999.000,9999.000,9999.000,9999.000,9999.000,9999.000
202608041748,   0.469,   0.331,9999.000,9999.000,9999.000,9999.000,9999.000,9999.000,9999.000
202608041754,   0.467,   0.268,9999.000,9999.000,9999.000,9999.000,9999.000,9999.000,9999.000
202608041800,   0.473,   0.249,   0.200,  -0.424,   0.249,   0.100,   0.149,   0.300,   0.349
202608041806,   0.488,   0.249,9999.000,9999.000,9999.000,9999.000,9999.000,9999.000,9999.000
202608041812,   0.512,   0.288,9999.000,9999.000,9999.000,9999.000,9999.000,9999.000,9999.000
202608041818,   0.547,   0.419,9999.000,9999.000,9999.000,9999.000,9999.000,9999.000,9999.000
202608041824,   0.592,   0.629,9999.000,9999.000,9999.000,9999.000,9999.000,9999.000,9999.000
202608041830,   0.649,   0.898,9999.000,9999.000,9999.000,9999.000,9999.000,9999.000,9999.000
202608041836,   0.719,   1.180,9999.000,9999.000,9999.000,9999.000,9999.000,9999.000,9999.000
202608041842,   0.800,   1.439,9999.000,9999.000,9999.000,9999.000,9999.000,9999.000,9999.000
202608041848,   0.895,   1.689,9999.000,9999.000,9999.000,9999.000,9999.000,9999.000,9999.000
202608041854,   1.003,   1.908,9999.000,9999.000,9999.000,9999.000,9999.000,9999.000,9999.000
202608041900,   1.125,   2.109,   0.200,   0.784,   2.109,   0.200,   2.109,   0.300,   2.209
202608041906,   1.260,   2.309,9999.000,9999.000,9999.000,9999.000,9999.000,9999.000,9999.000
202608041912,   1.408,   2.489,9999.000,9999.000,9999.000,9999.000,9999.000,9999.000,9999.000
202608041918,   1.568,   2.650,9999.000,9999.000,9999.000,9999.000,9999.000,9999.000,9999.000
202608041924,   1.742,   2.830,9999.000,9999.000,9999.000,9999.000,9999.000,9999.000,9999.000
202608041930,   1.927,   2.997,9999.000,9999.000,9999.000,9999.000,9999.000,9999.000,9999.000
202608041936,   2.123,   3.158,9999.000,9999.000,9999.000,9999.000,9999.000,9999.000,9999.000
202608041942,   2.329,   3.329,9999.000,9999.000,9999.000,9999.000,9999.000,9999.000,9999.000
202608041948,   2.544,   3.489,9999.000,9999.000,9999.000,9999.000,9999.000,9999.000,9999.000
202608041954,   2.766,   3.680,9999.000,9999.000,9999.000,9999.000,9999.000,9999.000,9999.000
202608042000,   2.996,   3.880,   0.200,   0.684,   3.880,   0.200,   3.880,   0.300,   3.980
202608042006,   3.230,   4.080,9999.000,9999.000,9999.000,9999.000,9999.000,9999.000,9999.000
202608042012,   3.469,   4.309,9999.000,9999.000,9999.000,9999.000,9999.000,9999.000,9999.000
202608042018,   3.710,   4.569,9999.000,9999.000,9999.000,9999.000,9999.000,9999.000,9999.000
202608042024,   3.952,   4.837,9999.000,9999.000,9999.000,9999.000,9999.000,9999.000,9999.000
202608042030,   4.194,   5.120,9999.000,9999.000,9999.000,9999.000,9999.000,9999.000,9999.000
202608042036,   4.434,   5.369,9999.000,9999.000,9999.000,9999.000,9999.000,9999.000,9999.000
202608042042,   4.672,   5.598,9999.000,9999.000,9999.000,9999.000,9999.000,9999.000,9999.000
202608042048,   4.906,   5.808,9999.000,9999.000,9999.000,9999.000,9999.000,9999.000,9999.000
202608042054,   5.135,   5.999,9999.000,9999.000,9999.000,9999.000,9999.000,9999.000,9999.000
202608042100,   5.358,   6.179,   0.200,   0.621,   6.179,   0.200,   6.179,   0.300,   6.279
202608042106,   5.574,   6.336,9999.000,9999.000,9999.000,9999.000,9999.000,9999.000,9999.000
202608042112,   5.783,   6.497,9999.000,9999.000,9999.000,9999.000,9999.000,9999.000,9999.000
202608042118,   5.983,   6.648,9999.000,9999.000,9999.000,9999.000,9999.000,9999.000,9999.000
202608042124,   6.175,   6.799,9999.000,9999.000,9999.000,9999.000,9999.000,9999.000,9999.000
202608042130,   6.357,   6.947,9999.000,9999.000,9999.000,9999.000,9999.000,9999.000,9999.000
202608042136,   6.531,   7.088,9999.000,9999.000,9999.000,9999.000,9999.000,9999.000,9999.000
202608042142,   6.694,   7.219,9999.000,9999.000,9999.000,9999.000,9999.000,9999.000,9999.000
202608042148,   6.848,   7.347,9999.000,9999.000,9999.000,9999.000,9999.000,9999.000,9999.000
202608042154,   6.991,   7.468,9999.000,9999.000,9999.000,9999.000,9999.000,9999.000,9999.000
202608042200,   7.125,   7.586,   0.300,   0.161,   7.586,   0.200,   7.486,   0.300,   7.586
202608042206,   7.248,   7.698,9999.000,9999.000,9999.000,9999.000,9999.000,9999.000,9999.000
202608042212,   7.361,   7.786,9999.000,9999.000,9999.000,9999.000,9999.000,9999.000,9999.000
202608042218,   7.465,   7.888,9999.000,9999.000,9999.000,9999.000,9999.000,9999.000,9999.000
202608042224,   7.558,   7.976,9999.000,9999.000,9999.000,9999.000,9999.000,9999.000,9999.000
202608042230,   7.641,   8.058,9999.000,9999.000,9999.000,9999.000,9999.000,9999.000,9999.000
202608042236,   7.715,   8.147,9999.000,9999.000,9999.000,9999.000,9999.000,9999.000,9999.000
202608042242,   7.778,   8.206,9999.000,9999.000,9999.000,9999.000,9999.000,9999.000,9999.000
202608042248,   7.831,   8.298,9999.000,9999.000,9999.000,9999.000,9999.000,9999.000,9999.000
202608042254,   7.874,   8.318,9999.000,9999.000,9999.000,9999.000,9999.000,9999.000,9999.000
202608042300,   7.907,   8.377,   0.300,   0.170,   8.377,   0.200,   8.277,   0.300,   8.377
202608042306,   7.930,   8.367,9999.000,9999.000,9999.000,9999.000,9999.000,9999.000,9999.000
202608042312,   7.942,   8.459,9999.000,9999.000,9999.000,9999.000,9999.000,9999.000,9999.000
202608042318,   7.944,   8.426,9999.000,9999.000,9999.000,9999.000,9999.000,9999.000,9999.000
202608042324,   7.936,   8.426,9999.000,9999.000,9999.000,9999.000,9999.000,9999.000,9999.000
202608042330,   7.918,   8.406,9999.000,9999.000,9999.000,9999.000,9999.000,9999.000,9999.000
202608042336,   7.889,   8.416,9999.000,9999.000,9999.000,9999.000,9999.000,9999.000,9999.000
202608042342,   7.850,   8.357,9999.000,9999.000,9999.000,9999.000,9999.000,9999.000,9999.000
202608042348,   7.801,   8.298,9999.000,9999.000,9999.000,9999.000,9999.000,9999.000,9999.000
202608042354,   7.742,   8.229,9999.000,9999.000,9999.000,9999.000,9999.000,9999.000,9999.000
202608050000,   7.673,   8.147,   0.300,   0.174,   8.147,   0.200,   8.047,   0.400,   8.247
202608050006,   7.595,   8.039,9999.000,9999.000,9999.000,9999.000,9999.000,9999.000,9999.000
202608050012,   7.508,   7.947,9999.000,9999.000,9999.000,9999.000,9999.000,9999.000,9999.000
202608050018,   7.412,   7.849,9999.000,9999.000,9999.000,9999.000,9999.000,9999.000,9999.000
202608050024,   7.309,   7.717,9999.000,9999.000,9999.000,9999.000,9999.000,9999.000,9999.000
202608050030,   7.198,   7.609,9999.000,9999.000,9999.000,9999.000,9999.000,9999.000,9999.000
202608050036,   7.080,   7.488,9999.000,9999.000,9999.000,9999.000,9999.000,9999.000,9999.000
202608050042,   6.955,   7.366,9999.000,9999.000,9999.000,9999.000,9999.000,9999.000,9999.000
202608050048,   6.825,   7.238,9999.000,9999.000,9999.000,9999.000,9999.000,9999.000,9999.000
202608050054,   6.690,   7.117,9999.000,9999.000,9999.000,9999.000,9999.000,9999.000,9999.000
202608050100,   6.551,   6.989,   0.300,   0.138,   6.989,   0.300,   6.989,   0.400,   7.089
202608050106,   6.408,   6.848,9999.000,9999.000,9999.000,9999.000,9999.000,9999.000,9999.000
202608050112,   6.262,   6.717,9999.000,9999.000,9999.000,9999.000,9999.000,9999.000,9999.000
202608050118,   6.114,   6.589,9999.000,9999.000,9999.000,9999.000,9999.000,9999.000,9999.000
202608050124,   5.965,   6.448,9999.000,9999.000,9999.000,9999.000,9999.000,9999.000,9999.000
202608050130,   5.814,   6.317,9999.000,9999.000,9999.000,9999.000,9999.000,9999.000,9999.000
202608050136,   5.662,   6.179,9999.000,9999.000,9999.000,9999.000,9999.000,9999.000,9999.000
202608050142,   5.510,   6.038,9999.000,9999.000,9999.000,9999.000,9999.000,9999.000,9999.000
202608050148,   5.359,   5.897,9999.000,9999.000,9999.000,9999.000,9999.000,9999.000,9999.000
202608050154,   5.208,   5.759,9999.000,9999.000,9999.000,9999.000,9999.000,9999.000,9999.000
202608050200,   5.058,   5.618,   0.300,   0.260,   5.618,   0.300,   5.618,   0.400,   5.718
202608050206,   4.909,   5.477,9999.000,9999.000,9999.000,9999.000,9999.000,9999.000,9999.000
202608050212,   4.762,   5.329,9999.000,9999.000,9999.000,9999.000,9999.000,9999.000,9999.000
202608050218,   4.616,   5.198,9999.000,9999.000,9999.000,9999.000,9999.000,9999.000,9999.000
202608050224,   4.472,   5.057,9999.000,9999.000,9999.000,9999.000,9999.000,9999.000,9999.000
202608050230,   4.330,   4.919,9999.000,9999.000,9999.000,9999.000,9999.000,9999.000,9999.000
202608050236,   4.190,   4.778,9999.000,9999.000,9999.000,9999.000,9999.000,9999.000,9999.000
202608050242,   4.052,   4.647,9999.000,9999.000,9999.000,9999.000,9999.000,9999.000,9999.000
202608050248,   3.917,   4.509,9999.000,9999.000,9999.000,9999.000,9999.000,9999.000,9999.000
202608050254,   3.783,   4.388,9999.000,9999.000,9999.000,9999.000,9999.000,9999.000,9999.000
202608050300,   3.652,   4.247,   0.400,   0.195,   4.247,   0.300,   4.147,   0.400,   4.247
202608050306,   3.523,   4.129,9999.000,9999.000,9999.000,9999.000,9999.000,9999.000,9999.000
202608050312,   3.398,   3.998,9999.000,9999.000,9999.000,9999.000,9999.000,9999.000,9999.000
202608050318,   3.274,   3.880,9999.000,9999.000,9999.000,9999.000,9999.000,9999.000,9999.000
202608050324,   3.154,   3.749,9999.000,9999.000,9999.000,9999.000,9999.000,9999.000,9999.000
202608050330,   3.036,   3.627,9999.000,9999.000,9999.000,9999.000,9999.000,9999.000,9999.000
202608050336,   2.922,   3.509,9999.000,9999.000,9999.000,9999.000,9999.000,9999.000,9999.000
202608050342,   2.811,   3.388,9999.000,9999.000,9999.000,9999.000,9999.000,9999.000,9999.000
202608050348,   2.703,   3.260,9999.000,9999.000,9999.000,9999.000,9999.000,9999.000,9999.000
202608050354,   2.598,   3.148,9999.000,9999.000,9999.000,9999.000,9999.000,9999.000,9999.000
202608050400,   2.497,   3.030,   0.400,   0.133,   3.030,   0.300,   2.930,   0.400,   3.030
202608050406,   2.399,   2.909,9999.000,9999.000,9999.000,9999.000,9999.000,9999.000,9999.000
202608050412,   2.305,   2.807,9999.000,9999.000,9999.000,9999.000,9999.000,9999.000,9999.000
202608050418,   2.215,   2.679,9999.000,9999.000,9999.000,9999.000,9999.000,9999.000,9999.000
202608050424,   2.128,   1.938,9999.000,9999.000,9999.000,9999.000,9999.000,9999.000,9999.000
202608050430,   2.044,9999.000,9999.000,9999.000,9999.000,9999.000,9999.000,9999.000,9999.000
202608050436,   1.963,9999.000,9999.000,9999.000,9999.000,9999.000,9999.000,9999.000,9999.000
202608050442,   1.886,9999.000,9999.000,9999.000,9999.000,9999.000,9999.000,9999.000,9999.000
202608050448,   1.812,9999.000,9999.000,9999.000,9999.000,9999.000,9999.000,9999.000,9999.000
202608050454,   1.741,   2.040,9999.000,9999.000,9999.000,9999.000,9999.000,9999.000,9999.000
202608050500,   1.673,   1.938,   0.400,  -0.135,   1.938,   0.300,   1.838,   0.400,   1.938
202608050506,   1.607,   1.830,9999.000,9999.000,9999.000,9999.000,9999.000,9999.000,9999.000
202608050512,   1.545,   1.738,9999.000,9999.000,9999.000,9999.000,9999.000,9999.000,9999.000
202608050518,   1.485,   1.630,9999.000,9999.000,9999.000,9999.000,9999.000,9999.000,9999.000
202608050524,   1.427,   1.528,9999.000,9999.000,9999.000,9999.000,9999.000,9999.000,9999.000
202608050530,   1.373,   1.439,9999.000,9999.000,9999.000,9999.000,9999.000,9999.000,9999.000
202608050536,   1.321,   1.338,9999.000,9999.000,9999.000,9999.000,9999.000,9999.000,9999.000
202608050542,   1.272,   1.249,9999.000,9999.000,9999.000,9999.000,9999.000,9999.000,9999.000
202608050548,   1.227,   1.170,9999.000,9999.000,9999.000,9999.000,9999.000,9999.000,9999.000
202608050554,   1.185,   1.088,9999.000,9999.000,9999.000,9999.000,9999.000,9999.000,9999.000
202608050600,   1.148,   1.000,   0.400,  -0.548,   1.000,   0.400,   1.000,   0.500,   1.100
202608050606,   1.115,   0.941,9999.000,9999.000,9999.000,9999.000,9999.000,9999.000,9999.000
202608050612,   1.087,9999.000,9999.000,9999.000,9999.000,9999.000,9999.000,9999.000,9999.000
202608050618,   1.066,9999.000,9999.000,9999.000,9999.000,9999.000,9999.000,9999.000,9999.000
202608050624,   1.050,   1.033,9999.000,9999.000,9999.000,9999.000,9999.000,9999.000,9999.000
202608050630,   1.042,9999.000,9999.000,9999.000,9999.000,9999.000,9999.000,9999.000,9999.000
202608050636,   1.043,9999.000,9999.000,9999.000,9999.000,9999.000,9999.000,9999.000,9999.000
202608050642,   1.051,9999.000,9999.000,9999.000,9999.000,9999.000,9999.000,9999.000,9999.000
202608050648,   1.070,9999.000,9999.000,9999.000,9999.000,9999.000,9999.000,9999.000,9999.000
202608050654,   1.099,   0.879,9999.000,9999.000,9999.000,9999.000,9999.000,9999.000,9999.000
202608050700,   1.138,   1.029,   0.400,  -0.509,   1.029,   0.400,   1.029,   0.500,   1.129
202608050706,   1.190,   1.249,9999.000,9999.000,9999.000,9999.000,9999.000,9999.000,9999.000
202608050712,   1.253,   1.489,9999.000,9999.000,9999.000,9999.000,9999.000,9999.000,9999.000
202608050718,   1.328,   1.699,9999.000,9999.000,9999.000,9999.000,9999.000,9999.000,9999.000
202608050724,   1.416,   1.918,9999.000,9999.000,9999.000,9999.000,9999.000,9999.000,9999.000
202608050730,   1.517,   2.109,9999.000,9999.000,9999.000,9999.000,9999.000,9999.000,9999.000
202608050736,   1.630,   2.318,9999.000,9999.000,9999.000,9999.000,9999.000,9999.000,9999.000
202608050742,   1.756,   2.499,9999.000,9999.000,9999.000,9999.000,9999.000,9999.000,9999.000
202608050748,   1.894,   2.669,9999.000,9999.000,9999.000,9999.000,9999.000,9999.000,9999.000
202608050754,   2.043,   2.840,9999.000,9999.000,9999.000,9999.000,9999.000,9999.000,9999.000
202608050800,   2.204,   2.997,   0.400,   0.393,   2.997,   0.400,   2.997,   0.500,   3.097
202608050806,   2.374,   3.168,9999.000,9999.000,9999.000,9999.000,9999.000,9999.000,9999.000
202608050812,   2.554,   3.319,9999.000,9999.000,9999.000,9999.000,9999.000,9999.000,9999.000
202608050818,   2.741,   3.470,9999.000,9999.000,9999.000,9999.000,9999.000,9999.000,9999.000
202608050824,   2.936,   3.627,9999.000,9999.000,9999.000,9999.000,9999.000,9999.000,9999.000
202608050830,   3.137,   3.808,9999.000,9999.000,9999.000,9999.000,9999.000,9999.000,9999.000
202608050836,   3.342,   3.998,9999.000,9999.000,9999.000,9999.000,9999.000,9999.000,9999.000
202608050842,   3.551,   4.198,9999.000,9999.000,9999.000,9999.000,9999.000,9999.000,9999.000
202608050848,   3.762,   4.408,9999.000,9999.000,9999.000,9999.000,9999.000,9999.000,9999.000
202608050854,   3.973,   4.637,9999.000,9999.000,9999.000,9999.000,9999.000,9999.000,9999.000
202608050900,   4.184,   4.877,   0.400,   0.293,   4.877,   0.400,   4.877,   0.500,   4.977
202608050906,   4.394,   5.129,9999.000,9999.000,9999.000,9999.000,9999.000,9999.000,9999.000
202608050912,   4.600,   5.359,9999.000,9999.000,9999.000,9999.000,9999.000,9999.000,9999.000
202608050918,   4.803,   5.579,9999.000,9999.000,9999.000,9999.000,9999.000,9999.000,9999.000
202608050924,   5.001,   5.769,9999.000,9999.000,9999.000,9999.000,9999.000,9999.000,9999.000
202608050930,   5.194,   5.959,9999.000,9999.000,9999.000,9999.000,9999.000,9999.000,9999.000
202608050936,   5.381,   6.117,9999.000,9999.000,9999.000,9999.000,9999.000,9999.000,9999.000
202608050942,   5.560,   6.277,9999.000,9999.000,9999.000,9999.000,9999.000,9999.000,9999.000
202608050948,   5.732,   6.428,9999.000,9999.000,9999.000,9999.000,9999.000,9999.000,9999.000
202608050954,   5.897,   6.579,9999.000,9999.000,9999.000,9999.000,9999.000,9999.000,9999.000
202608051000,   6.053,   6.717,   0.400,   0.264,   6.717,   0.400,   6.717,   0.500,   6.817
202608051006,   6.201,   6.858,9999.000,9999.000,9999.000,9999.000,9999.000,9999.000,9999.000
202608051012,   6.340,   6.989,9999.000,9999.000,9999.000,9999.000,9999.000,9999.000,9999.000
202608051018,   6.470,   7.117,9999.000,9999.000,9999.000,9999.000,9999.000,9999.000,9999.000
202608051024,   6.592,   7.238,9999.000,9999.000,9999.000,9999.000,9999.000,9999.000,9999.000
202608051030,   6.705,   7.347,9999.000,9999.000,9999.000,9999.000,9999.000,9999.000,9999.000
202608051036,   6.809,   7.458,9999.000,9999.000,9999.000,9999.000,9999.000,9999.000,9999.000
202608051042,   6.904,   7.557,9999.000,9999.000,9999.000,9999.000,9999.000,9999.000,9999.000
202608051048,   6.990,   7.639,9999.000,9999.000,9999.000,9999.000,9999.000,9999.000,9999.000
202608051054,   7.068,   7.717,9999.000,9999.000,9999.000,9999.000,9999.000,9999.000,9999.000
202608051100,   7.136,   7.796,   0.400,   0.260,   7.796,   0.400,   7.796,   0.500,   7.896
202608051106,   7.195,   7.858,9999.000,9999.000,9999.000,9999.000,9999.000,9999.000,9999.000
202608051112,   7.246,   7.917,9999.000,9999.000,9999.000,9999.000,9999.000,9999.000,9999.000
202608051118,   7.287,   7.957,9999.000,9999.000,9999.000,9999.000,9999.000,9999.000,9999.000
202608051124,   7.318,   7.986,9999.000,9999.000,9999.000,9999.000,9999.000,9999.000,9999.000
202608051130,   7.341,   8.006,9999.000,9999.000,9999.000,9999.000,9999.000,9999.000,9999.000
202608051136,   7.353,   8.016,9999.000,9999.000,9999.000,9999.000,9999.000,9999.000,9999.000
202608051142,   7.356,   8.016,9999.000,9999.000,9999.000,9999.000,9999.000,9999.000,9999.000
202608051148,   7.350,   8.006,9999.000,9999.000,9999.000,9999.000,9999.000,9999.000,9999.000
202608051154,   7.333,   7.976,9999.000,9999.000,9999.000,9999.000,9999.000,9999.000,9999.000
202608051200,   7.306,   7.937,   0.500,   0.131,   7.937,   0.500,   7.937,   0.500,   7.937
202608051206,   7.270,   7.868,9999.000,9999.000,9999.000,9999.000,9999.000,9999.000,9999.000
202608051212,   7.224,   7.786,9999.000,9999.000,9999.000,9999.000,9999.000,9999.000,9999.000
202608051218,   7.168,   7.698,9999.000,9999.000,9999.000,9999.000,9999.000,9999.000,9999.000
202608051224,   7.102,   7.596,9999.000,9999.000,9999.000,9999.000,9999.000,9999.000,9999.000
202608051230,   7.027,   7.488,9999.000,9999.000,9999.000,9999.000,9999.000,9999.000,9999.000
202608051236,   6.943,   7.376,9999.000,9999.000,9999.000,9999.000,9999.000,9999.000,9999.000
202608051242,   6.850,   7.258,9999.000,9999.000,9999.000,9999.000,9999.000,9999.000,9999.000
202608051248,   6.749,   7.166,9999.000,9999.000,9999.000,9999.000,9999.000,9999.000,9999.000
202608051254,   6.640,   7.048,9999.000,9999.000,9999.000,9999.000,9999.000,9999.000,9999.000
202608051300,   6.524,   6.956,   0.500,  -0.068,   6.956,   0.400,   6.856,   0.500,   6.956
202608051306,   6.401,   6.868,9999.000,9999.000,9999.000,9999.000,9999.000,9999.000,9999.000
202608051312,   6.272,   6.746,9999.000,9999.000,9999.000,9999.000,9999.000,9999.000,9999.000
202608051318,   6.137,   6.628,9999.000,9999.000,9999.000,9999.000,9999.000,9999.000,9999.000
202608051324,   5.997,   6.477,9999.000,9999.000,9999.000,9999.000,9999.000,9999.000,9999.000
202608051330,   5.853,   6.336,9999.000,9999.000,9999.000,9999.000,9999.000,9999.000,9999.000
202608051336,   5.706,   6.199,9999.000,9999.000,9999.000,9999.000,9999.000,9999.000,9999.000
202608051342,   5.556,   6.058,9999.000,9999.000,9999.000,9999.000,9999.000,9999.000,9999.000
202608051348,   5.403,   5.917,9999.000,9999.000,9999.000,9999.000,9999.000,9999.000,9999.000
202608051354,   5.248,   5.789,9999.000,9999.000,9999.000,9999.000,9999.000,9999.000,9999.000
202608051400,   5.092,   5.638,   0.500,   0.046,   5.638,   0.400,   5.538,   0.500,   5.638
202608051406,   4.935,   5.507,9999.000,9999.000,9999.000,9999.000,9999.000,9999.000,9999.000
202608051412,   4.778,   5.369,9999.000,9999.000,9999.000,9999.000,9999.000,9999.000,9999.000
202608051418,   4.621,   5.228,9999.000,9999.000,9999.000,9999.000,9999.000,9999.000,9999.000
202608051424,   4.464,   5.087,9999.000,9999.000,9999.000,9999.000,9999.000,9999.000,9999.000
202608051430,   4.308,   4.949,9999.000,9999.000,9999.000,9999.000,9999.000,9999.000,9999.000
202608051436,   4.152,   4.818,9999.000,9999.000,9999.000,9999.000,9999.000,9999.000,9999.000
202608051442,   3.998,   4.690,9999.000,9999.000,9999.000,9999.000,9999.000,9999.000,9999.000
202608051448,   3.846,   4.559,9999.000,9999.000,9999.000,9999.000,9999.000,9999.000,9999.000
202608051454,   3.694,   4.418,9999.000,9999.000,9999.000,9999.000,9999.000,9999.000,9999.000
202608051500,   3.545,   4.300,   0.500,   0.255,   4.300,   0.400,   4.200,   0.500,   4.300
202608051506,   3.398,   4.168,9999.000,9999.000,9999.000,9999.000,9999.000,9999.000,9999.000
202608051512,   3.252,   4.027,9999.000,9999.000,9999.000,9999.000,9999.000,9999.000,9999.000
202608051518,   3.109,   3.899,9999.000,9999.000,9999.000,9999.000,9999.000,9999.000,9999.000
202608051524,   2.968,   3.768,9999.000,9999.000,9999.000,9999.000,9999.000,9999.000,9999.000
202608051530,   2.830,   3.650,9999.000,9999.000,9999.000,9999.000,9999.000,9999.000,9999.000
202608051536,   2.695,   3.519,9999.000,9999.000,9999.000,9999.000,9999.000,9999.000,9999.000
202608051542,   2.563,   3.398,9999.000,9999.000,9999.000,9999.000,9999.000,9999.000,9999.000
202608051548,   2.434,   3.289,9999.000,9999.000,9999.000,9999.000,9999.000,9999.000,9999.000
202608051554,   2.308,   3.168,9999.000,9999.000,9999.000,9999.000,9999.000,9999.000,9999.000
202608051600,   2.186,   3.050,   0.400,   0.464,   3.050,   0.400,   3.050,   0.500,   3.150
202608051606,   2.068,   2.938,9999.000,9999.000,9999.000,9999.000,9999.000,9999.000,9999.000
202608051612,   1.953,   2.830,9999.000,9999.000,9999.000,9999.000,9999.000,9999.000,9999.000
202608051618,   1.843,   2.709,9999.000,9999.000,9999.000,9999.000,9999.000,9999.000,9999.000
202608051624,   1.738,   2.597,9999.000,9999.000,9999.000,9999.000,9999.000,9999.000,9999.000
202608051630,   1.636,   2.479,9999.000,9999.000,9999.000,9999.000,9999.000,9999.000,9999.000
202608051636,   1.539,   2.358,9999.000,9999.000,9999.000,9999.000,9999.000,9999.000,9999.000
202608051642,   1.447,   2.269,9999.000,9999.000,9999.000,9999.000,9999.000,9999.000,9999.000
202608051648,   1.360,   2.148,9999.000,9999.000,9999.000,9999.000,9999.000,9999.000,9999.000
202608051654,   1.277,   2.049,9999.000,9999.000,9999.000,9999.000,9999.000,9999.000,9999.000
202608051700,   1.199,   1.958,   0.400,   0.359,   1.958,   0.400,   1.958,   0.500,   2.058
202608051706,   1.125,   1.840,9999.000,9999.000,9999.000,9999.000,9999.000,9999.000,9999.000
202608051712,   1.056,   1.748,9999.000,9999.000,9999.000,9999.000,9999.000,9999.000,9999.000
202608051718,   0.991,   1.639,9999.000,9999.000,9999.000,9999.000,9999.000,9999.000,9999.000
202608051724,   0.930,   1.538,9999.000,9999.000,9999.000,9999.000,9999.000,9999.000,9999.000
202608051730,   0.874,   1.439,9999.000,9999.000,9999.000,9999.000,9999.000,9999.000,9999.000
202608051736,   0.822,   1.328,9999.000,9999.000,9999.000,9999.000,9999.000,9999.000,9999.000
202608051742,   0.773,   1.229,9999.000,9999.000,9999.000,9999.000,9999.000,9999.000,9999.000
202608051748,   0.729,   1.151,9999.000,9999.000,9999.000,9999.000,9999.000,9999.000,9999.000
202608051754,   0.689,   1.088,9999.000,9999.000,9999.000,9999.000,9999.000,9999.000,9999.000
202608051800,   0.653,   1.020,   0.500,  -0.133,   1.020,   0.400,   0.920,   0.500,   1.020
202608051806,   0.621,   0.941,9999.000,9999.000,9999.000,9999.000,9999.000,9999.000,9999.000
202608051812,   0.594,   0.859,9999.000,9999.000,9999.000,9999.000,9999.000,9999.000,9999.000
202608051818,   0.572,   0.770,9999.000,9999.000,9999.000,9999.000,9999.000,9999.000,9999.000
202608051824,   0.555,   0.708,9999.000,9999.000,9999.000,9999.000,9999.000,9999.000,9999.000
202608051830,   0.543,   0.659,9999.000,9999.000,9999.000,9999.000,9999.000,9999.000,9999.000
202608051836,   0.538,   0.619,9999.000,9999.000,9999.000,9999.000,9999.000,9999.000,9999.000
202608051842,   0.540,   0.580,9999.000,9999.000,9999.000,9999.000,9999.000,9999.000,9999.000
202608051848,   0.549,   0.570,9999.000,9999.000,9999.000,9999.000,9999.000,9999.000,9999.000
202608051854,   0.566,   0.590,9999.000,9999.000,9999.000,9999.000,9999.000,9999.000,9999.000
202608051900,   0.592,   0.629,   0.400,  -0.363,   0.629,   0.400,   0.629,   0.500,   0.729
202608051906,   0.627,   0.731,9999.000,9999.000,9999.000,9999.000,9999.000,9999.000,9999.000
202608051912,   0.672,   0.918,9999.000,9999.000,9999.000,9999.000,9999.000,9999.000,9999.000
202608051918,   0.728,   1.180,9999.000,9999.000,9999.000,9999.000,9999.000,9999.000,9999.000
202608051924,   0.796,   1.469,9999.000,9999.000,9999.000,9999.000,9999.000,9999.000,9999.000
202608051930,   0.875,   1.748,9999.000,9999.000,9999.000,9999.000,9999.000,9999.000,9999.000
202608051936,   0.966,   2.010,9999.000,9999.000,9999.000,9999.000,9999.000,9999.000,9999.000
202608051942,   1.071,   2.230,9999.000,9999.000,9999.000,9999.000,9999.000,9999.000,9999.000
202608051948,   1.188,   2.420,9999.000,9999.000,9999.000,9999.000,9999.000,9999.000,9999.000
202608051954,   1.318,   2.597,9999.000,9999.000,9999.000,9999.000,9999.000,9999.000,9999.000
202608052000,   1.460,   2.758,   0.400,   0.898,   2.758,   0.400,   2.758,   0.500,   2.858
202608052006,   1.616,   2.909,9999.000,9999.000,9999.000,9999.000,9999.000,9999.000,9999.000
202608052012,   1.783,   3.070,9999.000,9999.000,9999.000,9999.000,9999.000,9999.000,9999.000
202608052018,   1.962,   3.230,9999.000,9999.000,9999.000,9999.000,9999.000,9999.000,9999.000
202608052024,   2.152,   3.378,9999.000,9999.000,9999.000,9999.000,9999.000,9999.000,9999.000
202608052030,   2.352,   3.539,9999.000,9999.000,9999.000,9999.000,9999.000,9999.000,9999.000
202608052036,   2.561,   3.709,9999.000,9999.000,9999.000,9999.000,9999.000,9999.000,9999.000
202608052042,   2.778,   3.890,9999.000,9999.000,9999.000,9999.000,9999.000,9999.000,9999.000
202608052048,   3.003,   4.090,9999.000,9999.000,9999.000,9999.000,9999.000,9999.000,9999.000
202608052054,   3.232,   4.309,9999.000,9999.000,9999.000,9999.000,9999.000,9999.000,9999.000
202608052100,   3.466,   4.539,   0.400,   0.673,   4.539,   0.400,   4.539,   0.500,   4.639
202608052106,   3.703,   4.778,9999.000,9999.000,9999.000,9999.000,9999.000,9999.000,9999.000
202608052112,   3.942,   5.038,9999.000,9999.000,9999.000,9999.000,9999.000,9999.000,9999.000
202608052118,   4.181,   5.307,9999.000,9999.000,9999.000,9999.000,9999.000,9999.000,9999.000
202608052124,   4.419,   5.569,9999.000,9999.000,9999.000,9999.000,9999.000,9999.000,9999.000
202608052130,   4.655,   5.799,9999.000,9999.000,9999.000,9999.000,9999.000,9999.000,9999.000
202608052136,   4.887,   5.999,9999.000,9999.000,9999.000,9999.000,9999.000,9999.000,9999.000
202608052142,   5.115,   6.189,9999.000,9999.000,9999.000,9999.000,9999.000,9999.000,9999.000
202608052148,   5.338,   6.369,9999.000,9999.000,9999.000,9999.000,9999.000,9999.000,9999.000
202608052154,   5.554,   6.537,9999.000,9999.000,9999.000,9999.000,9999.000,9999.000,9999.000
202608052200,   5.763,   6.687,   0.400,   0.524,   6.687,   0.400,   6.687,   0.500,   6.787
202608052206,   5.965,   6.838,9999.000,9999.000,9999.000,9999.000,9999.000,9999.000,9999.000
202608052212,   6.158,   6.979,9999.000,9999.000,9999.000,9999.000,9999.000,9999.000,9999.000
202608052218,   6.342,   7.127,9999.000,9999.000,9999.000,9999.000,9999.000,9999.000,9999.000
202608052224,   6.518,   7.268,9999.000,9999.000,9999.000,9999.000,9999.000,9999.000,9999.000
202608052230,   6.683,   7.409,9999.000,9999.000,9999.000,9999.000,9999.000,9999.000,9999.000
202608052236,   6.840,   7.537,9999.000,9999.000,9999.000,9999.000,9999.000,9999.000,9999.000
202608052242,   6.986,   7.668,9999.000,9999.000,9999.000,9999.000,9999.000,9999.000,9999.000
202608052248,   7.123,   7.786,9999.000,9999.000,9999.000,9999.000,9999.000,9999.000,9999.000
202608052254,   7.250,   7.898,9999.000,9999.000,9999.000,9999.000,9999.000,9999.000,9999.000
202608052300,   7.367,   7.996,   0.400,   0.229,   7.996,   0.400,   7.996,   0.500,   8.096
202608052306,   7.475,   8.098,9999.000,9999.000,9999.000,9999.000,9999.000,9999.000,9999.000
202608052312,   7.572,   8.186,9999.000,9999.000,9999.000,9999.000,9999.000,9999.000,9999.000
202608052318,   7.660,   8.259,9999.000,9999.000,9999.000,9999.000,9999.000,9999.000,9999.000
202608052324,   7.738,   8.337,9999.000,9999.000,9999.000,9999.000,9999.000,9999.000,9999.000
202608052330,   7.806,   8.406,9999.000,9999.000,9999.000,9999.000,9999.000,9999.000,9999.000
202608052336,   7.865,   8.468,9999.000,9999.000,9999.000,9999.000,9999.000,9999.000,9999.000
202608052342,   7.913,   8.518,9999.000,9999.000,9999.000,9999.000,9999.000,9999.000,9999.000
202608052348,   7.952,   8.557,9999.000,9999.000,9999.000,9999.000,9999.000,9999.000,9999.000
202608052354,   7.981,   8.587,9999.000,9999.000,9999.000,9999.000,9999.000,9999.000,9999.000
202608060000,   7.999,   8.616,   0.500,   0.117,   8.616,   0.400,   8.516,   0.500,   8.616
202608060006,   8.008,   8.626,9999.000,9999.000,9999.000,9999.000,9999.000,9999.000,9999.000
202608060012,   8.007,   8.616,9999.000,9999.000,9999.000,9999.000,9999.000,9999.000,9999.000
202608060018,   7.995,   8.606,9999.000,9999.000,9999.000,9999.000,9999.000,9999.000,9999.000
202608060024,   7.973,   8.577,9999.000,9999.000,9999.000,9999.000,9999.000,9999.000,9999.000
202608060030,   7.942,   8.518,9999.000,9999.000,9999.000,9999.000,9999.000,9999.000,9999.000
202608060036,   7.900,   8.459,9999.000,9999.000,9999.000,9999.000,9999.000,9999.000,9999.000
202608060042,   7.848,   8.377,9999.000,9999.000,9999.000,9999.000,9999.000,9999.000,9999.000
202608060048,   7.787,   8.288,9999.000,9999.000,9999.000,9999.000,9999.000,9999.000,9999.000
202608060054,   7.717,   8.196,9999.000,9999.000,9999.000,9999.000,9999.000,9999.000,9999.000
202608060100,   7.637,   8.078,   0.500,  -0.059,   8.078,   0.400,   7.978,   0.500,   8.078
202608060106,   7.549,   7.967,9999.000,9999.000,9999.000,9999.000,9999.000,9999.000,9999.000
202608060112,   7.452,   7.849,9999.000,9999.000,9999.000,9999.000,9999.000,9999.000,9999.000
202608060118,   7.348,   7.727,9999.000,9999.000,9999.000,9999.000,9999.000,9999.000,9999.000
202608060124,   7.237,   7.609,9999.000,9999.000,9999.000,9999.000,9999.000,9999.000,9999.000
202608060130,   7.120,   7.488,9999.000,9999.000,9999.000,9999.000,9999.000,9999.000,9999.000
202608060136,   6.996,   7.357,9999.000,9999.000,9999.000,9999.000,9999.000,9999.000,9999.000
202608060142,   6.867,   7.229,9999.000,9999.000,9999.000,9999.000,9999.000,9999.000,9999.000
202608060148,   6.734,   7.097,9999.000,9999.000,9999.000,9999.000,9999.000,9999.000,9999.000
202608060154,   6.597,   6.966,9999.000,9999.000,9999.000,9999.000,9999.000,9999.000,9999.000
202608060200,   6.456,   6.838,   0.500,  -0.118,   6.838,   0.400,   6.738,   0.500,   6.838
202608060206,   6.313,   6.697,9999.000,9999.000,9999.000,9999.000,9999.000,9999.000,9999.000
202608060212,   6.168,   6.569,9999.000,9999.000,9999.000,9999.000,9999.000,9999.000,9999.000
202608060218,   6.022,   6.428,9999.000,9999.000,9999.000,9999.000,9999.000,9999.000,9999.000
202608060224,   5.874,   6.287,9999.000,9999.000,9999.000,9999.000,9999.000,9999.000,9999.000
202608060230,   5.726,   6.136,9999.000,9999.000,9999.000,9999.000,9999.000,9999.000,9999.000
202608060236,   5.579,   5.999,9999.000,9999.000,9999.000,9999.000,9999.000,9999.000,9999.000
202608060242,   5.431,   5.867,9999.000,9999.000,9999.000,9999.000,9999.000,9999.000,9999.000
202608060248,   5.284,   5.717,9999.000,9999.000,9999.000,9999.000,9999.000,9999.000,9999.000
202608060254,   5.138,   5.589,9999.000,9999.000,9999.000,9999.000,9999.000,9999.000,9999.000
202608060300,   4.994,   5.457,   0.500,  -0.037,   5.457,   0.400,   5.357,   0.500,   5.457
202608060306,   4.851,   5.320,9999.000,9999.000,9999.000,9999.000,9999.000,9999.000,9999.000
202608060312,   4.709,   5.188,9999.000,9999.000,9999.000,9999.000,9999.000,9999.000,9999.000
202608060318,   4.570,   5.047,9999.000,9999.000,9999.000,9999.000,9999.000,9999.000,9999.000
202608060324,   4.432,   4.919,9999.000,9999.000,9999.000,9999.000,9999.000,9999.000,9999.000
202608060330,   4.296,   4.778,9999.000,9999.000,9999.000,9999.000,9999.000,9999.000,9999.000
202608060336,   4.163,   4.657,9999.000,9999.000,9999.000,9999.000,9999.000,9999.000,9999.000
202608060342,   4.032,   4.529,9999.000,9999.000,9999.000,9999.000,9999.000,9999.000,9999.000
202608060348,   3.903,   4.408,9999.000,9999.000,9999.000,9999.000,9999.000,9999.000,9999.000
202608060354,   3.776,   4.290,9999.000,9999.000,9999.000,9999.000,9999.000,9999.000,9999.000
202608060400,   3.652,   4.168,   0.500,   0.016,   4.168,   0.400,   4.068,   0.500,   4.168
202608060406,   3.531,   4.037,9999.000,9999.000,9999.000,9999.000,9999.000,9999.000,9999.000
202608060412,   3.413,   3.919,9999.000,9999.000,9999.000,9999.000,9999.000,9999.000,9999.000
202608060418,   3.297,   3.808,9999.000,9999.000,9999.000,9999.000,9999.000,9999.000,9999.000
202608060424,   3.185,   3.680,9999.000,9999.000,9999.000,9999.000,9999.000,9999.000,9999.000
202608060430,   3.075,   3.568,9999.000,9999.000,9999.000,9999.000,9999.000,9999.000,9999.000
202608060436,   2.969,   3.450,9999.000,9999.000,9999.000,9999.000,9999.000,9999.000,9999.000
202608060442,   2.866,   3.339,9999.000,9999.000,9999.000,9999.000,9999.000,9999.000,9999.000
202608060448,   2.766,   3.230,9999.000,9999.000,9999.000,9999.000,9999.000,9999.000,9999.000
202608060454,   2.670,   3.119,9999.000,9999.000,9999.000,9999.000,9999.000,9999.000,9999.000
202608060500,   2.577,   2.997,   0.500,  -0.080,   2.997,   0.400,   2.897,   0.500,   2.997
202608060506,   2.488,   2.889,9999.000,9999.000,9999.000,9999.000,9999.000,9999.000,9999.000
202608060512,   2.402,   2.787,9999.000,9999.000,9999.000,9999.000,9999.000,9999.000,9999.000
202608060518,   2.319,   2.669,9999.000,9999.000,9999.000,9999.000,9999.000,9999.000,9999.000
202608060524,   2.239,   2.578,9999.000,9999.000,9999.000,9999.000,9999.000,9999.000,9999.000
202608060530,   2.162,   2.479,9999.000,9999.000,9999.000,9999.000,9999.000,9999.000,9999.000
202608060536,   2.088,   2.368,9999.000,9999.000,9999.000,9999.000,9999.000,9999.000,9999.000
202608060542,   2.016,   2.279,9999.000,9999.000,9999.000,9999.000,9999.000,9999.000,9999.000
202608060548,   1.947,   2.168,9999.000,9999.000,9999.000,9999.000,9999.000,9999.000,9999.000
202608060554,   1.880,   2.069,9999.000,9999.000,9999.000,9999.000,9999.000,9999.000,9999.000
202608060600,   1.815,   1.981,   0.500,  -0.334,   1.981,   0.400,   1.881,   0.500,   1.981
202608060606,   1.752,   1.869,9999.000,9999.000,9999.000,9999.000,9999.000,9999.000,9999.000
202608060612,   1.691,   1.781,9999.000,9999.000,9999.000,9999.000,9999.000,9999.000,9999.000
202608060618,   1.632,   1.689,9999.000,9999.000,9999.000,9999.000,9999.000,9999.000,9999.000
202608060624,   1.575,   1.590,9999.000,9999.000,9999.000,9999.000,9999.000,9999.000,9999.000
202608060630,   1.520,   1.508,9999.000,9999.000,9999.000,9999.000,9999.000,9999.000,9999.000
202608060636,   1.467,   1.420,9999.000,9999.000,9999.000,9999.000,9999.000,9999.000,9999.000
202608060642,   1.417,   1.338,9999.000,9999.000,9999.000,9999.000,9999.000,9999.000,9999.000
202608060648,   1.370,   1.259,9999.000,9999.000,9999.000,9999.000,9999.000,9999.000,9999.000
202608060654,   1.326,   1.180,9999.000,9999.000,9999.000,9999.000,9999.000,9999.000,9999.000
202608060700,   1.286,   1.108,   0.500,  -0.678,   1.108,   0.400,   1.008,   0.500,   1.108
202608060706,   1.251,   1.029,9999.000,9999.000,9999.000,9999.000,9999.000,9999.000,9999.000
202608060712,   1.221,   0.970,9999.000,9999.000,9999.000,9999.000,9999.000,9999.000,9999.000
202608060718,   1.197,   0.908,9999.000,9999.000,9999.000,9999.000,9999.000,9999.000,9999.000
202608060724,   1.180,   0.859,9999.000,9999.000,9999.000,9999.000,9999.000,9999.000,9999.000
202608060730,   1.170,   0.810,9999.000,9999.000,9999.000,9999.000,9999.000,9999.000,9999.000
202608060736,   1.169,   0.780,9999.000,9999.000,9999.000,9999.000,9999.000,9999.000,9999.000
202608060742,   1.177,   0.770,9999.000,9999.000,9999.000,9999.000,9999.000,9999.000,9999.000
202608060748,   1.195,   0.780,9999.000,9999.000,9999.000,9999.000,9999.000,9999.000,9999.000
202608060754,   1.223,   0.829,9999.000,9999.000,9999.000,9999.000,9999.000,9999.000,9999.000
202608060800,   1.262,   0.918,   0.500,  -0.844,   0.918,   0.400,   0.818,   0.500,   0.918
202608060806,   1.313,   1.069,9999.000,9999.000,9999.000,9999.000,9999.000,9999.000,9999.000
202608060812,   1.376,   1.279,9999.000,9999.000,9999.000,9999.000,9999.000,9999.000,9999.000
202608060818,   1.451,   1.498,9999.000,9999.000,9999.000,9999.000,9999.000,9999.000,9999.000
202608060824,   1.538,   1.728,9999.000,9999.000,9999.000,9999.000,9999.000,9999.000,9999.000
202608060830,   1.638,   1.948,9999.000,9999.000,9999.000,9999.000,9999.000,9999.000,9999.000
202608060836,   1.749,   2.148,9999.000,9999.000,9999.000,9999.000,9999.000,9999.000,9999.000
202608060842,   1.873,   2.338,9999.000,9999.000,9999.000,9999.000,9999.000,9999.000,9999.000
202608060848,   2.007,   2.528,9999.000,9999.000,9999.000,9999.000,9999.000,9999.000,9999.000
202608060854,   2.153,   2.699,9999.000,9999.000,9999.000,9999.000,9999.000,9999.000,9999.000
202608060900,   2.308,   2.869,   0.500,   0.061,   2.869,   0.400,   2.769,   0.500,   2.869
202608060906,   2.471,   3.030,9999.000,9999.000,9999.000,9999.000,9999.000,9999.000,9999.000
202608060912,   2.643,   3.188,9999.000,9999.000,9999.000,9999.000,9999.000,9999.000,9999.000
202608060918,   2.822,   3.339,9999.000,9999.000,9999.000,9999.000,9999.000,9999.000,9999.000
202608060924,   3.006,   3.489,9999.000,9999.000,9999.000,9999.000,9999.000,9999.000,9999.000
202608060930,   3.195,   3.660,9999.000,9999.000,9999.000,9999.000,9999.000,9999.000,9999.000
202608060936,   3.387,   3.817,9999.000,9999.000,9999.000,9999.000,9999.000,9999.000,9999.000
202608060942,   3.581,   3.998,9999.000,9999.000,9999.000,9999.000,9999.000,9999.000,9999.000
202608060948,   3.776,   4.198,9999.000,9999.000,9999.000,9999.000,9999.000,9999.000,9999.000
202608060954,   3.971,   4.398,9999.000,9999.000,9999.000,9999.000,9999.000,9999.000,9999.000
202608061000,   4.165,   4.618,   0.500,  -0.047,   4.618,   0.400,   4.518,   0.500,   4.618
202608061006,   4.356,   4.857,9999.000,9999.000,9999.000,9999.000,9999.000,9999.000,9999.000
202608061012,   4.544,   5.087,9999.000,9999.000,9999.000,9999.000,9999.000,9999.000,9999.000
202608061018,   4.728,   5.320,9999.000,9999.000,9999.000,9999.000,9999.000,9999.000,9999.000
202608061024,   4.907,   5.539,9999.000,9999.000,9999.000,9999.000,9999.000,9999.000,9999.000
202608061030,   5.081,   5.739,9999.000,9999.000,9999.000,9999.000,9999.000,9999.000,9999.000
202608061036,   5.249,   5.917,9999.000,9999.000,9999.000,9999.000,9999.000,9999.000,9999.000
202608061042,   5.410,   6.077,9999.000,9999.000,9999.000,9999.000,9999.000,9999.000,9999.000
202608061048,   5.565,   6.228,9999.000,9999.000,9999.000,9999.000,9999.000,9999.000,9999.000
202608061054,   5.712,   6.379,9999.000,9999.000,9999.000,9999.000,9999.000,9999.000,9999.000
202608061100,   5.853,   6.517,   0.400,   0.264,   6.517,   0.400,   6.517,   0.500,   6.617
202608061106,   5.985,   6.658,9999.000,9999.000,9999.000,9999.000,9999.000,9999.000,9999.000
202608061112,   6.111,   6.789,9999.000,9999.000,9999.000,9999.000,9999.000,9999.000,9999.000
202608061118,   6.228,   6.917,9999.000,9999.000,9999.000,9999.000,9999.000,9999.000,9999.000
202608061124,   6.338,   7.019,9999.000,9999.000,9999.000,9999.000,9999.000,9999.000,9999.000
202608061130,   6.441,   7.147,9999.000,9999.000,9999.000,9999.000,9999.000,9999.000,9999.000
202608061136,   6.535,   7.238,9999.000,9999.000,9999.000,9999.000,9999.000,9999.000,9999.000
202608061142,   6.622,   7.337,9999.000,9999.000,9999.000,9999.000,9999.000,9999.000,9999.000
202608061148,   6.701,   7.419,9999.000,9999.000,9999.000,9999.000,9999.000,9999.000,9999.000
202608061154,   6.771,   7.498,9999.000,9999.000,9999.000,9999.000,9999.000,9999.000,9999.000
202608061200,   6.834,   7.566,   0.500,   0.232,   7.566,   0.400,   7.466,   0.500,   7.566
202608061206,   6.888,   7.629,9999.000,9999.000,9999.000,9999.000,9999.000,9999.000,9999.000
202608061212,   6.934,   7.698,9999.000,9999.000,9999.000,9999.000,9999.000,9999.000,9999.000
202608061218,   6.972,   7.737,9999.000,9999.000,9999.000,9999.000,9999.000,9999.000,9999.000
202608061224,   7.000,   7.776,9999.000,9999.000,9999.000,9999.000,9999.000,9999.000,9999.000
202608061230,   7.020,   7.796,9999.000,9999.000,9999.000,9999.000,9999.000,9999.000,9999.000
202608061236,   7.031,   7.796,9999.000,9999.000,9999.000,9999.000,9999.000,9999.000,9999.000
202608061242,   7.032,   7.786,9999.000,9999.000,9999.000,9999.000,9999.000,9999.000,9999.000
202608061248,   7.024,   7.767,9999.000,9999.000,9999.000,9999.000,9999.000,9999.000,9999.000
202608061254,   7.006,   7.727,9999.000,9999.000,9999.000,9999.000,9999.000,9999.000,9999.000
202608061300,   6.979,   7.678,   0.400,   0.299,   7.678,   0.400,   7.678,   0.500,   7.778
202608061306,   6.942,   7.596,9999.000,9999.000,9999.000,9999.000,9999.000,9999.000,9999.000
202608061312,   6.895,   7.507,9999.000,9999.000,9999.000,9999.000,9999.000,9999.000,9999.000
202608061318,   6.840,   7.419,9999.000,9999.000,9999.000,9999.000,9999.000,9999.000,9999.000
202608061324,   6.775,   7.307,9999.000,9999.000,9999.000,9999.000,9999.000,9999.000,9999.000
202608061330,   6.701,   7.199,9999.000,9999.000,9999.000,9999.000,9999.000,9999.000,9999.000
202608061336,   6.618,   7.078,9999.000,9999.000,9999.000,9999.000,9999.000,9999.000,9999.000
202608061342,   6.527,   6.956,9999.000,9999.000,9999.000,9999.000,9999.000,9999.000,9999.000
202608061348,   6.429,   6.848,9999.000,9999.000,9999.000,9999.000,9999.000,9999.000,9999.000
202608061354,   6.323,   6.717,9999.000,9999.000,9999.000,9999.000,9999.000,9999.000,9999.000
202608061400,   6.210,   6.619,   0.400,   0.009,   6.619,   0.400,   6.619,   0.500,   6.719
202608061406,   6.091,   6.497,9999.000,9999.000,9999.000,9999.000,9999.000,9999.000,9999.000
202608061412,   5.967,   6.369,9999.000,9999.000,9999.000,9999.000,9999.000,9999.000,9999.000
202608061418,   5.837,   6.238,9999.000,9999.000,9999.000,9999.000,9999.000,9999.000,9999.000
202608061424,   5.703,   6.107,9999.000,9999.000,9999.000,9999.000,9999.000,9999.000,9999.000
202608061430,   5.566,   5.969,9999.000,9999.000,9999.000,9999.000,9999.000,9999.000,9999.000
202608061436,   5.425,   5.838,9999.000,9999.000,9999.000,9999.000,9999.000,9999.000,9999.000
202608061442,   5.281,   5.697,9999.000,9999.000,9999.000,9999.000,9999.000,9999.000,9999.000
202608061448,   5.135,   5.559,9999.000,9999.000,9999.000,9999.000,9999.000,9999.000,9999.000
202608061454,   4.988,   5.408,9999.000,9999.000,9999.000,9999.000,9999.000,9999.000,9999.000
202608061500,   4.839,   5.267,   0.400,   0.028,   5.267,   0.400,   5.267,   0.400,   5.267
202608061506,   4.690,   5.129,9999.000,9999.000,9999.000,9999.000,9999.000,9999.000,9999.000
202608061512,   4.541,   4.988,9999.000,9999.000,9999.000,9999.000,9999.000,9999.000,9999.000
202608061518,   4.391,   4.847,9999.000,9999.000,9999.000,9999.000,9999.000,9999.000,9999.000
202608061524,   4.242,   4.719,9999.000,9999.000,9999.000,9999.000,9999.000,9999.000,9999.000
202608061530,   4.093,   4.578,9999.000,9999.000,9999.000,9999.000,9999.000,9999.000,9999.000
202608061536,   3.946,   4.447,9999.000,9999.000,9999.000,9999.000,9999.000,9999.000,9999.000
202608061542,   3.799,   4.309,9999.000,9999.000,9999.000,9999.000,9999.000,9999.000,9999.000
202608061548,   3.654,   4.178,9999.000,9999.000,9999.000,9999.000,9999.000,9999.000,9999.000
202608061554,   3.510,   4.047,9999.000,9999.000,9999.000,9999.000,9999.000,9999.000,9999.000
202608061600,   3.368,   3.919,   0.400,   0.151,   3.919,   0.400,   3.919,   0.400,   3.919
202608061606,   3.228,   3.798,9999.000,9999.000,9999.000,9999.000,9999.000,9999.000,9999.000
202608061612,   3.090,   3.670,9999.000,9999.000,9999.000,9999.000,9999.000,9999.000,9999.000
202608061618,   2.954,   3.548,9999.000,9999.000,9999.000,9999.000,9999.000,9999.000,9999.000
202608061624,   2.822,   3.417,9999.000,9999.000,9999.000,9999.000,9999.000,9999.000,9999.000
202608061630,   2.692,   3.299,9999.000,9999.000,9999.000,9999.000,9999.000,9999.000,9999.000
202608061636,   2.565,   3.178,9999.000,9999.000,9999.000,9999.000,9999.000,9999.000,9999.000
202608061642,   2.441,   3.070,9999.000,9999.000,9999.000,9999.000,9999.000,9999.000,9999.000
202608061648,   2.321,   2.958,9999.000,9999.000,9999.000,9999.000,9999.000,9999.000,9999.000
202608061654,   2.205,   2.850,9999.000,9999.000,9999.000,9999.000,9999.000,9999.000,9999.000
202608061700,   2.093,   2.728,   0.400,   0.235,   2.728,   0.400,   2.728,   0.400,   2.728
202608061706,   1.985,   2.620,9999.000,9999.000,9999.000,9999.000,9999.000,9999.000,9999.000
202608061712,   1.881,   2.519,9999.000,9999.000,9999.000,9999.000,9999.000,9999.000,9999.000
202608061718,   1.782,   2.400,9999.000,9999.000,9999.000,9999.000,9999.000,9999.000,9999.000
202608061724,   1.687,   2.309,9999.000,9999.000,9999.000,9999.000,9999.000,9999.000,9999.000
202608061730,   1.597,   2.200,9999.000,9999.000,9999.000,9999.000,9999.000,9999.000,9999.000
202608061736,   1.512,   2.089,9999.000,9999.000,9999.000,9999.000,9999.000,9999.000,9999.000
202608061742,   1.431,   2.000,9999.000,9999.000,9999.000,9999.000,9999.000,9999.000,9999.000
202608061748,   1.355,   1.889,9999.000,9999.000,9999.000,9999.000,9999.000,9999.000,9999.000
202608061754,   1.283,   1.781,9999.000,9999.000,9999.000,9999.000,9999.000,9999.000,9999.000
202608061800,   1.215,   1.689,   0.400,   0.074,   1.689,   0.400,   1.689,   0.400,   1.689
202608061806,   1.152,   1.580,9999.000,9999.000,9999.000,9999.000,9999.000,9999.000,9999.000
202608061812,   1.093,   1.469,9999.000,9999.000,9999.000,9999.000,9999.000,9999.000,9999.000
202608061818,   1.038,   1.380,9999.000,9999.000,9999.000,9999.000,9999.000,9999.000,9999.000
202608061824,   0.986,   1.279,9999.000,9999.000,9999.000,9999.000,9999.000,9999.000,9999.000
202608061830,   0.939,   1.180,9999.000,9999.000,9999.000,9999.000,9999.000,9999.000,9999.000
202608061836,   0.895,   1.079,9999.000,9999.000,9999.000,9999.000,9999.000,9999.000,9999.000
202608061842,   0.854,   0.990,9999.000,9999.000,9999.000,9999.000,9999.000,9999.000,9999.000
202608061848,   0.817,   0.898,9999.000,9999.000,9999.000,9999.000,9999.000,9999.000,9999.000
202608061854,   0.784,   0.810,9999.000,9999.000,9999.000,9999.000,9999.000,9999.000,9999.000
202608061900,   0.755,   0.718,   0.400,  -0.437,   0.718,   0.400,   0.718,   0.400,   0.718
202608061906,   0.730,   0.639,9999.000,9999.000,9999.000,9999.000,9999.000,9999.000,9999.000
202608061912,   0.709,   0.560,9999.000,9999.000,9999.000,9999.000,9999.000,9999.000,9999.000
202608061918,   0.693,   0.488,9999.000,9999.000,9999.000,9999.000,9999.000,9999.000,9999.000
202608061924,   0.682,   0.439,9999.000,9999.000,9999.000,9999.000,9999.000,9999.000,9999.000
202608061930,   0.677,   0.380,9999.000,9999.000,9999.000,9999.000,9999.000,9999.000,9999.000
202608061936,   0.679,   0.341,9999.000,9999.000,9999.000,9999.000,9999.000,9999.000,9999.000
202608061942,   0.688,   0.321,9999.000,9999.000,9999.000,9999.000,9999.000,9999.000,9999.000
202608061948,   0.704,   0.331,9999.000,9999.000,9999.000,9999.000,9999.000,9999.000,9999.000
202608061954,   0.729,   0.370,9999.000,9999.000,9999.000,9999.000,9999.000,9999.000,9999.000
202608062000,   0.763,   0.459,   0.400,  -0.704,   0.459,   0.400,   0.459,   0.400,   0.459
202608062006,   0.808,   0.600,9999.000,9999.000,9999.000,9999.000,9999.000,9999.000,9999.000
202608062012,   0.862,   0.810,9999.000,9999.000,9999.000,9999.000,9999.000,9999.000,9999.000
202608062018,   0.928,   1.059,9999.000,9999.000,9999.000,9999.000,9999.000,9999.000,9999.000
202608062024,   1.006,   1.298,9999.000,9999.000,9999.000,9999.000,9999.000,9999.000,9999.000
202608062030,   1.095,   1.538,9999.000,9999.000,9999.000,9999.000,9999.000,9999.000,9999.000
202608062036,   1.197,   1.767,9999.000,9999.000,9999.000,9999.000,9999.000,9999.000,9999.000
202608062042,   1.312,   1.981,9999.000,9999.000,9999.000,9999.000,9999.000,9999.000,9999.000
202608062048,   1.439,   2.158,9999.000,9999.000,9999.000,9999.000,9999.000,9999.000,9999.000
202608062054,   1.579,   2.338,9999.000,9999.000,9999.000,9999.000,9999.000,9999.000,9999.000
202608062100,   1.730,   2.519,   0.400,   0.389,   2.519,   0.400,   2.519,   0.400,   2.519
202608062106,   1.894,   2.669,9999.000,9999.000,9999.000,9999.000,9999.000,9999.000,9999.000
202608062112,   2.068,   2.860,9999.000,9999.000,9999.000,9999.000,9999.000,9999.000,9999.000
202608062118,   2.254,   3.017,9999.000,9999.000,9999.000,9999.000,9999.000,9999.000,9999.000
202608062124,   2.448,   3.188,9999.000,9999.000,9999.000,9999.000,9999.000,9999.000,9999.000
202608062130,   2.652,   3.358,9999.000,9999.000,9999.000,9999.000,9999.000,9999.000,9999.000
202608062136,   2.863,   3.529,9999.000,9999.000,9999.000,9999.000,9999.000,9999.000,9999.000
202608062142,   3.080,   3.719,9999.000,9999.000,9999.000,9999.000,9999.000,9999.000,9999.000
202608062148,   3.303,   3.919,9999.000,9999.000,9999.000,9999.000,9999.000,9999.000,9999.000
202608062154,   3.529,   4.129,9999.000,9999.000,9999.000,9999.000,9999.000,9999.000,9999.000
202608062200,   3.758,   4.378,   0.400,   0.220,   4.378,   0.300,   4.278,   0.400,   4.378
202608062206,   3.990,   4.628,9999.000,9999.000,9999.000,9999.000,9999.000,9999.000,9999.000
202608062212,   4.220,   4.877,9999.000,9999.000,9999.000,9999.000,9999.000,9999.000,9999.000
202608062218,   4.449,   5.139,9999.000,9999.000,9999.000,9999.000,9999.000,9999.000,9999.000
202608062224,   4.676,   5.379,9999.000,9999.000,9999.000,9999.000,9999.000,9999.000,9999.000
202608062230,   4.900,   5.589,9999.000,9999.000,9999.000,9999.000,9999.000,9999.000,9999.000
202608062236,   5.120,   5.789,9999.000,9999.000,9999.000,9999.000,9999.000,9999.000,9999.000
202608062242,   5.334,   5.979,9999.000,9999.000,9999.000,9999.000,9999.000,9999.000,9999.000
202608062248,   5.542,   6.149,9999.000,9999.000,9999.000,9999.000,9999.000,9999.000,9999.000
202608062254,   5.744,   6.307,9999.000,9999.000,9999.000,9999.000,9999.000,9999.000,9999.000
202608062300,   5.938,   6.468,   0.400,   0.130,   6.468,   0.300,   6.368,   0.400,   6.468
202608062306,   6.125,   6.628,9999.000,9999.000,9999.000,9999.000,9999.000,9999.000,9999.000
202608062312,   6.303,   6.779,9999.000,9999.000,9999.000,9999.000,9999.000,9999.000,9999.000
202608062318,   6.473,   6.927,9999.000,9999.000,9999.000,9999.000,9999.000,9999.000,9999.000
202608062324,   6.634,   7.058,9999.000,9999.000,9999.000,9999.000,9999.000,9999.000,9999.000
202608062330,   6.786,   7.199,9999.000,9999.000,9999.000,9999.000,9999.000,9999.000,9999.000
202608062336,   6.930,   7.317,9999.000,9999.000,9999.000,9999.000,9999.000,9999.000,9999.000
202608062342,   7.064,   7.448,9999.000,9999.000,9999.000,9999.000,9999.000,9999.000,9999.000
202608062348,   7.190,   7.566,9999.000,9999.000,9999.000,9999.000,9999.000,9999.000,9999.000
202608062354,   7.307,   7.678,9999.000,9999.000,9999.000,9999.000,9999.000,9999.000,9999.000
202608070000,   7.414,   7.786,   0.400,  -0.028,   7.786,   0.400,   7.786,   0.400,   7.786
202608070006,   7.513,   7.888,9999.000,9999.000,9999.000,9999.000,9999.000,9999.000,9999.000
202608070012,   7.602,   7.976,9999.000,9999.000,9999.000,9999.000,9999.000,9999.000,9999.000
202608070018,   7.683,   8.068,9999.000,9999.000,9999.000,9999.000,9999.000,9999.000,9999.000
202608070024,   7.754,   8.157,9999.000,9999.000,9999.000,9999.000,9999.000,9999.000,9999.000
202608070030,   7.817,   8.229,9999.000,9999.000,9999.000,9999.000,9999.000,9999.000,9999.000
202608070036,   7.870,   8.288,9999.000,9999.000,9999.000,9999.000,9999.000,9999.000,9999.000
202608070042,   7.913,   8.337,9999.000,9999.000,9999.000,9999.000,9999.000,9999.000,9999.000
202608070048,   7.948,   8.386,9999.000,9999.000,9999.000,9999.000,9999.000,9999.000,9999.000
202608070054,   7.972,   8.439,9999.000,9999.000,9999.000,9999.000,9999.000,9999.000,9999.000
202608070100,   7.987,   8.459,   0.400,   0.072,   8.459,   0.300,   8.359,   0.400,   8.459
202608070106,   7.993,   8.468,9999.000,9999.000,9999.000,9999.000,9999.000,9999.000,9999.000
202608070112,   7.988,   8.478,9999.000,9999.000,9999.000,9999.000,9999.000,9999.000,9999.000
202608070118,   7.974,   8.468,9999.000,9999.000,9999.000,9999.000,9999.000,9999.000,9999.000
202608070124,   7.949,   8.449,9999.000,9999.000,9999.000,9999.000,9999.000,9999.000,9999.000
202608070130,   7.915,   8.406,9999.000,9999.000,9999.000,9999.000,9999.000,9999.000,9999.000
202608070136,   7.871,   8.347,9999.000,9999.000,9999.000,9999.000,9999.000,9999.000,9999.000
202608070142,   7.818,   8.278,9999.000,9999.000,9999.000,9999.000,9999.000,9999.000,9999.000
202608070148,   7.756,   8.206,9999.000,9999.000,9999.000,9999.000,9999.000,9999.000,9999.000
202608070154,   7.685,   8.117,9999.000,9999.000,9999.000,9999.000,9999.000,9999.000,9999.000
202608070200,   7.605,   8.006,   0.400,   0.001,   8.006,   0.300,   7.906,   0.400,   8.006
202608070206,   7.517,   7.898,9999.000,9999.000,9999.000,9999.000,9999.000,9999.000,9999.000
202608070212,   7.421,   7.776,9999.000,9999.000,9999.000,9999.000,9999.000,9999.000,9999.000
202608070218,   7.319,   7.648,9999.000,9999.000,9999.000,9999.000,9999.000,9999.000,9999.000
202608070224,   7.210,   7.527,9999.000,9999.000,9999.000,9999.000,9999.000,9999.000,9999.000
202608070230,   7.095,   7.409,9999.000,9999.000,9999.000,9999.000,9999.000,9999.000,9999.000
202608070236,   6.975,   7.278,9999.000,9999.000,9999.000,9999.000,9999.000,9999.000,9999.000
202608070242,   6.850,   7.156,9999.000,9999.000,9999.000,9999.000,9999.000,9999.000,9999.000
202608070248,   6.721,   7.029,9999.000,9999.000,9999.000,9999.000,9999.000,9999.000,9999.000
202608070254,   6.589,   6.897,9999.000,9999.000,9999.000,9999.000,9999.000,9999.000,9999.000
202608070300,   6.455,   6.756,   0.400,  -0.099,   6.756,   0.300,   6.656,   0.400,   6.756
202608070306,   6.318,   6.628,9999.000,9999.000,9999.000,9999.000,9999.000,9999.000,9999.000
202608070312,   6.179,   6.487,9999.000,9999.000,9999.000,9999.000,9999.000,9999.000,9999.000
202608070318,   6.040,   6.359,9999.000,9999.000,9999.000,9999.000,9999.000,9999.000,9999.000
202608070324,   5.900,   6.209,9999.000,9999.000,9999.000,9999.000,9999.000,9999.000,9999.000
202608070330,   5.759,   6.067,9999.000,9999.000,9999.000,9999.000,9999.000,9999.000,9999.000
202608070336,   5.619,   5.926,9999.000,9999.000,9999.000,9999.000,9999.000,9999.000,9999.000
202608070342,   5.480,   5.789,9999.000,9999.000,9999.000,9999.000,9999.000,9999.000,9999.000
202608070348,   5.341,   5.648,9999.000,9999.000,9999.000,9999.000,9999.000,9999.000,9999.000
202608070354,   5.204,   5.497,9999.000,9999.000,9999.000,9999.000,9999.000,9999.000,9999.000
202608070400,   5.068,   5.359,   0.400,  -0.109,   5.359,   0.300,   5.259,   0.400,   5.359
202608070406,   4.933,   5.208,9999.000,9999.000,9999.000,9999.000,9999.000,9999.000,9999.000
202608070412,   4.800,   5.067,9999.000,9999.000,9999.000,9999.000,9999.000,9999.000,9999.000
202608070418,   4.668,   4.929,9999.000,9999.000,9999.000,9999.000,9999.000,9999.000,9999.000
202608070424,   4.539,   4.788,9999.000,9999.000,9999.000,9999.000,9999.000,9999.000,9999.000
202608070430,   4.411,   4.647,9999.000,9999.000,9999.000,9999.000,9999.000,9999.000,9999.000
202608070436,   4.286,   4.519,9999.000,9999.000,9999.000,9999.000,9999.000,9999.000,9999.000
202608070442,   4.163,   4.388,9999.000,9999.000,9999.000,9999.000,9999.000,9999.000,9999.000
202608070448,   4.043,   4.257,9999.000,9999.000,9999.000,9999.000,9999.000,9999.000,9999.000
202608070454,   3.924,   4.119,9999.000,9999.000,9999.000,9999.000,9999.000,9999.000,9999.000
202608070500,   3.809,   3.998,   0.400,  -0.211,   3.998,   0.300,   3.898,   0.400,   3.998
202608070506,   3.696,   3.880,9999.000,9999.000,9999.000,9999.000,9999.000,9999.000,9999.000
202608070512,   3.586,   3.739,9999.000,9999.000,9999.000,9999.000,9999.000,9999.000,9999.000
202608070518,   3.479,   3.617,9999.000,9999.000,9999.000,9999.000,9999.000,9999.000,9999.000
202608070524,   3.374,   3.499,9999.000,9999.000,9999.000,9999.000,9999.000,9999.000,9999.000
202608070530,   3.273,   3.368,9999.000,9999.000,9999.000,9999.000,9999.000,9999.000,9999.000
202608070536,   3.175,   3.250,9999.000,9999.000,9999.000,9999.000,9999.000,9999.000,9999.000
202608070542,   3.079,   3.129,9999.000,9999.000,9999.000,9999.000,9999.000,9999.000,9999.000
202608070548,   2.987,   3.007,9999.000,9999.000,9999.000,9999.000,9999.000,9999.000,9999.000
202608070554,   2.898,   2.889,9999.000,9999.000,9999.000,9999.000,9999.000,9999.000,9999.000
202608070600,   2.811,   2.778,   0.300,  -0.333,   2.778,   0.300,   2.778,   0.400,   2.878
202608070606,   2.727,   2.650,9999.000,9999.000,9999.000,9999.000,9999.000,9999.000,9999.000
202608070612,   2.646,   2.538,9999.000,9999.000,9999.000,9999.000,9999.000,9999.000,9999.000
202608070618,   2.566,   2.420,9999.000,9999.000,9999.000,9999.000,9999.000,9999.000,9999.000
202608070624,   2.489,   2.318,9999.000,9999.000,9999.000,9999.000,9999.000,9999.000,9999.000
202608070630,   2.414,   2.210,9999.000,9999.000,9999.000,9999.000,9999.000,9999.000,9999.000
202608070636,   2.340,   2.099,9999.000,9999.000,9999.000,9999.000,9999.000,9999.000,9999.000
202608070642,   2.267,   2.000,9999.000,9999.000,9999.000,9999.000,9999.000,9999.000,9999.000
202608070648,   2.196,   1.879,9999.000,9999.000,9999.000,9999.000,9999.000,9999.000,9999.000
202608070654,   2.126,   1.781,9999.000,9999.000,9999.000,9999.000,9999.000,9999.000,9999.000
202608070700,   2.056,   1.679,   0.300,  -0.677,   1.679,   0.300,   1.679,   0.300,   1.679
202608070706,   1.988,   1.571,9999.000,9999.000,9999.000,9999.000,9999.000,9999.000,9999.000
202608070712,   1.920,   1.469,9999.000,9999.000,9999.000,9999.000,9999.000,9999.000,9999.000
202608070718,   1.853,   1.361,9999.000,9999.000,9999.000,9999.000,9999.000,9999.000,9999.000
202608070724,   1.787,   1.259,9999.000,9999.000,9999.000,9999.000,9999.000,9999.000,9999.000
202608070730,   1.722,   1.170,9999.000,9999.000,9999.000,9999.000,9999.000,9999.000,9999.000
202608070736,   1.659,   1.069,9999.000,9999.000,9999.000,9999.000,9999.000,9999.000,9999.000
202608070742,   1.597,   0.970,9999.000,9999.000,9999.000,9999.000,9999.000,9999.000,9999.000
202608070748,   1.539,   0.888,9999.000,9999.000,9999.000,9999.000,9999.000,9999.000,9999.000
202608070754,   1.483,   0.800,9999.000,9999.000,9999.000,9999.000,9999.000,9999.000,9999.000
202608070800,   1.432,   0.708,   0.300,  -1.024,   0.708,   0.300,   0.708,   0.300,   0.708
202608070806,   1.385,   0.639,9999.000,9999.000,9999.000,9999.000,9999.000,9999.000,9999.000
202608070812,   1.343,   0.570,9999.000,9999.000,9999.000,9999.000,9999.000,9999.000,9999.000
202608070818,   1.308,   0.498,9999.000,9999.000,9999.000,9999.000,9999.000,9999.000,9999.000
202608070824,   1.280,   0.439,9999.000,9999.000,9999.000,9999.000,9999.000,9999.000,9999.000
202608070830,   1.260,   0.390,9999.000,9999.000,9999.000,9999.000,9999.000,9999.000,9999.000
202608070836,   1.249,   0.350,9999.000,9999.000,9999.000,9999.000,9999.000,9999.000,9999.000
202608070842,   1.247,   0.341,9999.000,9999.000,9999.000,9999.000,9999.000,9999.000,9999.000
202608070848,   1.256,   0.341,9999.000,9999.000,9999.000,9999.000,9999.000,9999.000,9999.000
202608070854,   1.275,   0.380,9999.000,9999.000,9999.000,9999.000,9999.000,9999.000,9999.000
202608070900,   1.306,   0.459,   0.300,  -1.147,   0.459,   0.300,   0.459,   0.300,   0.459
202608070906,   1.349,   0.580,9999.000,9999.000,9999.000,9999.000,9999.000,9999.000,9999.000
202608070912,   1.404,   0.741,9999.000,9999.000,9999.000,9999.000,9999.000,9999.000,9999.000
202608070918,   1.472,   0.951,9999.000,9999.000,9999.000,9999.000,9999.000,9999.000,9999.000
202608070924,   1.551,   1.170,9999.000,9999.000,9999.000,9999.000,9999.000,9999.000,9999.000
202608070930,   1.643,   1.380,9999.000,9999.000,9999.000,9999.000,9999.000,9999.000,9999.000
202608070936,   1.746,   1.590,9999.000,9999.000,9999.000,9999.000,9999.000,9999.000,9999.000
202608070942,   1.860,   1.790,9999.000,9999.000,9999.000,9999.000,9999.000,9999.000,9999.000
202608070948,   1.985,   1.967,9999.000,9999.000,9999.000,9999.000,9999.000,9999.000,9999.000
202608070954,   2.120,   2.138,9999.000,9999.000,9999.000,9999.000,9999.000,9999.000,9999.000
202608071000,   2.264,   2.318,   0.300,  -0.246,   2.318,   0.300,   2.318,   0.300,   2.318
202608071006,   2.416,   2.469,9999.000,9999.000,9999.000,9999.000,9999.000,9999.000,9999.000
202608071012,   2.576,   2.630,9999.000,9999.000,9999.000,9999.000,9999.000,9999.000,9999.000
202608071018,   2.741,   2.807,9999.000,9999.000,9999.000,9999.000,9999.000,9999.000,9999.000
202608071024,   2.911,   2.958,9999.000,9999.000,9999.000,9999.000,9999.000,9999.000,9999.000
202608071030,   3.084,   3.119,9999.000,9999.000,9999.000,9999.000,9999.000,9999.000,9999.000
202608071036,   3.261,   3.289,9999.000,9999.000,9999.000,9999.000,9999.000,9999.000,9999.000
202608071042,   3.439,   3.460,9999.000,9999.000,9999.000,9999.000,9999.000,9999.000,9999.000
202608071048,   3.617,   3.650,9999.000,9999.000,9999.000,9999.000,9999.000,9999.000,9999.000
202608071054,   3.796,   3.847,9999.000,9999.000,9999.000,9999.000,9999.000,9999.000,9999.000
202608071100,   3.972,   4.047,   0.300,  -0.225,   4.047,   0.300,   4.047,   0.300,   4.047
202608071106,   4.147,   4.280,9999.000,9999.000,9999.000,9999.000,9999.000,9999.000,9999.000
202608071112,   4.319,   4.509,9999.000,9999.000,9999.000,9999.000,9999.000,9999.000,9999.000
202608071118,   4.487,   4.739,9999.000,9999.000,9999.000,9999.000,9999.000,9999.000,9999.000
202608071124,   4.651,   4.949,9999.000,9999.000,9999.000,9999.000,9999.000,9999.000,9999.000
202608071130,   4.810,   5.149,9999.000,9999.000,9999.000,9999.000,9999.000,9999.000,9999.000
202608071136,   4.965,   5.329,9999.000,9999.000,9999.000,9999.000,9999.000,9999.000,9999.000
202608071142,   5.114,   5.497,9999.000,9999.000,9999.000,9999.000,9999.000,9999.000,9999.000
202608071148,   5.258,   5.657,9999.000,9999.000,9999.000,9999.000,9999.000,9999.000,9999.000
202608071154,   5.397,   5.808,9999.000,9999.000,9999.000,9999.000,9999.000,9999.000,9999.000
202608071200,   5.529,   5.959,   0.200,   0.230,   5.959,   0.200,   5.959,   0.200,   5.959
202608071206,   5.656,   6.087,9999.000,9999.000,9999.000,9999.000,9999.000,9999.000,9999.000
202608071212,   5.777,   6.228,9999.000,9999.000,9999.000,9999.000,9999.000,9999.000,9999.000
202608071218,   5.891,   6.359,9999.000,9999.000,9999.000,9999.000,9999.000,9999.000,9999.000
202608071224,   6.000,   6.468,9999.000,9999.000,9999.000,9999.000,9999.000,9999.000,9999.000
202608071230,   6.102,   6.589,9999.000,9999.000,9999.000,9999.000,9999.000,9999.000,9999.000
202608071236,   6.198,   6.687,9999.000,9999.000,9999.000,9999.000,9999.000,9999.000,9999.000
202608071242,   6.287,   6.789,9999.000,9999.000,9999.000,9999.000,9999.000,9999.000,9999.000
202608071248,   6.369,   6.887,9999.000,9999.000,9999.000,9999.000,9999.000,9999.000,9999.000
202608071254,   6.444,   6.956,9999.000,9999.000,9999.000,9999.000,9999.000,9999.000,9999.000
202608071300,   6.512,   7.038,   0.200,   0.326,   7.038,   0.200,   7.038,   0.200,   7.038
202608071306,   6.573,   7.107,9999.000,9999.000,9999.000,9999.000,9999.000,9999.000,9999.000
202608071312,   6.625,   7.166,9999.000,9999.000,9999.000,9999.000,9999.000,9999.000,9999.000
202608071318,   6.670,   7.219,9999.000,9999.000,9999.000,9999.000,9999.000,9999.000,9999.000
202608071324,   6.706,   7.258,9999.000,9999.000,9999.000,9999.000,9999.000,9999.000,9999.000
202608071330,   6.734,   7.288,9999.000,9999.000,9999.000,9999.000,9999.000,9999.000,9999.000
202608071336,   6.752,   7.307,9999.000,9999.000,9999.000,9999.000,9999.000,9999.000,9999.000
202608071342,   6.761,   7.317,9999.000,9999.000,9999.000,9999.000,9999.000,9999.000,9999.000
202608071348,   6.761,   7.307,9999.000,9999.000,9999.000,9999.000,9999.000,9999.000,9999.000
202608071354,   6.752,   7.288,9999.000,9999.000,9999.000,9999.000,9999.000,9999.000,9999.000
202608071400,   6.733,   7.258,   0.200,   0.325,   7.258,   0.200,   7.258,   0.200,   7.258
202608071406,   6.704,   7.199,9999.000,9999.000,9999.000,9999.000,9999.000,9999.000,9999.000
202608071412,   6.666,   7.137,9999.000,9999.000,9999.000,9999.000,9999.000,9999.000,9999.000
202608071418,   6.618,   7.048,9999.000,9999.000,9999.000,9999.000,9999.000,9999.000,9999.000
202608071424,   6.562,   6.956,9999.000,9999.000,9999.000,9999.000,9999.000,9999.000,9999.000
202608071430,   6.496,   6.858,9999.000,9999.000,9999.000,9999.000,9999.000,9999.000,9999.000
202608071436,   6.422,   6.746,9999.000,9999.000,9999.000,9999.000,9999.000,9999.000,9999.000
202608071442,   6.339,   6.638,9999.000,9999.000,9999.000,9999.000,9999.000,9999.000,9999.000
202608071448,   6.249,   6.517,9999.000,9999.000,9999.000,9999.000,9999.000,9999.000,9999.000
202608071454,   6.152,   6.399,9999.000,9999.000,9999.000,9999.000,9999.000,9999.000,9999.000
202608071500,   6.048,   6.277,   0.200,   0.029,   6.277,   0.200,   6.277,   0.200,   6.277
202608071506,   5.938,   6.159,9999.000,9999.000,9999.000,9999.000,9999.000,9999.000,9999.000
202608071512,   5.823,   6.028,9999.000,9999.000,9999.000,9999.000,9999.000,9999.000,9999.000
202608071518,   5.703,   5.897,9999.000,9999.000,9999.000,9999.000,9999.000,9999.000,9999.000
202608071524,   5.578,   5.769,9999.000,9999.000,9999.000,9999.000,9999.000,9999.000,9999.000
202608071530,   5.450,   5.628,9999.000,9999.000,9999.000,9999.000,9999.000,9999.000,9999.000
202608071536,   5.318,   5.497,9999.000,9999.000,9999.000,9999.000,9999.000,9999.000,9999.000
202608071542,   5.184,   5.349,9999.000,9999.000,9999.000,9999.000,9999.000,9999.000,9999.000
202608071548,   5.048,   5.208,9999.000,9999.000,9999.000,9999.000,9999.000,9999.000,9999.000
202608071554,   4.910,   5.057,9999.000,9999.000,9999.000,9999.000,9999.000,9999.000,9999.000
202608071600,   4.770,   4.919,   0.200,  -0.051,   4.919,   0.100,   4.819,   0.200,   4.919
202608071606,   4.630,   4.769,9999.000,9999.000,9999.000,9999.000,9999.000,9999.000,9999.000
202608071612,   4.490,   4.637,9999.000,9999.000,9999.000,9999.000,9999.000,9999.000,9999.000
202608071618,   4.349,   4.467,9999.000,9999.000,9999.000,9999.000,9999.000,9999.000,9999.000
202608071624,   4.209,   4.329,9999.000,9999.000,9999.000,9999.000,9999.000,9999.000,9999.000
202608071630,   4.069,   4.178,9999.000,9999.000,9999.000,9999.000,9999.000,9999.000,9999.000
202608071636,   3.929,   4.037,9999.000,9999.000,9999.000,9999.000,9999.000,9999.000,9999.000
202608071642,   3.791,   3.909,9999.000,9999.000,9999.000,9999.000,9999.000,9999.000,9999.000
202608071648,   3.654,   3.778,9999.000,9999.000,9999.000,9999.000,9999.000,9999.000,9999.000
202608071654,   3.519,   3.637,9999.000,9999.000,9999.000,9999.000,9999.000,9999.000,9999.000
202608071700,   3.385,   3.509,   0.200,  -0.076,   3.509,   0.100,   3.409,   0.200,   3.509
202608071706,   3.254,   3.378,9999.000,9999.000,9999.000,9999.000,9999.000,9999.000,9999.000
202608071712,   3.124,   3.250,9999.000,9999.000,9999.000,9999.000,9999.000,9999.000,9999.000
202608071718,   2.997,   3.129,9999.000,9999.000,9999.000,9999.000,9999.000,9999.000,9999.000
202608071724,   2.873,   2.997,9999.000,9999.000,9999.000,9999.000,9999.000,9999.000,9999.000
202608071730,   2.752,   2.869,9999.000,9999.000,9999.000,9999.000,9999.000,9999.000,9999.000
202608071736,   2.634,   2.748,9999.000,9999.000,9999.000,9999.000,9999.000,9999.000,9999.000
202608071742,   2.520,   2.620,9999.000,9999.000,9999.000,9999.000,9999.000,9999.000,9999.000
202608071748,   2.409,   2.499,9999.000,9999.000,9999.000,9999.000,9999.000,9999.000,9999.000
202608071754,   2.302,   2.368,9999.000,9999.000,9999.000,9999.000,9999.000,9999.000,9999.000
202608071800,   2.199,   2.259,   0.200,  -0.140,   2.259,   0.100,   2.159,   0.200,   2.259
202608071806,   2.100,   2.128,9999.000,9999.000,9999.000,9999.000,9999.000,9999.000,9999.000
202608071812,   2.005,   2.020,9999.000,9999.000,9999.000,9999.000,9999.000,9999.000,9999.000
202608071818,   1.915,   1.908,9999.000,9999.000,9999.000,9999.000,9999.000,9999.000,9999.000
202608071824,   1.828,   1.790,9999.000,9999.000,9999.000,9999.000,9999.000,9999.000,9999.000
202608071830,   1.746,   1.689,9999.000,9999.000,9999.000,9999.000,9999.000,9999.000,9999.000
202608071836,   1.668,   1.580,9999.000,9999.000,9999.000,9999.000,9999.000,9999.000,9999.000
202608071842,   1.594,   1.479,9999.000,9999.000,9999.000,9999.000,9999.000,9999.000,9999.000
202608071848,   1.523,   1.380,9999.000,9999.000,9999.000,9999.000,9999.000,9999.000,9999.000
202608071854,   1.457,   1.279,9999.000,9999.000,9999.000,9999.000,9999.000,9999.000,9999.000
202608071900,   1.394,   1.180,   0.100,  -0.314,   1.180,   0.100,   1.180,   0.200,   1.280
202608071906,   1.334,   1.088,9999.000,9999.000,9999.000,9999.000,9999.000,9999.000,9999.000
202608071912,   1.277,   0.980,9999.000,9999.000,9999.000,9999.000,9999.000,9999.000,9999.000
202608071918,   1.223,   0.888,9999.000,9999.000,9999.000,9999.000,9999.000,9999.000,9999.000
202608071924,   1.173,   0.790,9999.000,9999.000,9999.000,9999.000,9999.000,9999.000,9999.000
202608071930,   1.125,   0.708,9999.000,9999.000,9999.000,9999.000,9999.000,9999.000,9999.000
202608071936,   1.079,   0.619,9999.000,9999.000,9999.000,9999.000,9999.000,9999.000,9999.000
202608071942,   1.037,   0.531,9999.000,9999.000,9999.000,9999.000,9999.000,9999.000,9999.000
202608071948,   0.997,   0.439,9999.000,9999.000,9999.000,9999.000,9999.000,9999.000,9999.000
202608071954,   0.961,   0.350,9999.000,9999.000,9999.000,9999.000,9999.000,9999.000,9999.000
202608072000,   0.928,   0.268,   0.100,  -0.760,   0.268,   0.100,   0.268,   0.200,   0.368
202608072006,   0.899,   0.200,9999.000,9999.000,9999.000,9999.000,9999.000,9999.000,9999.000
202608072012,   0.875,   0.141,9999.000,9999.000,9999.000,9999.000,9999.000,9999.000,9999.000
202608072018,   0.855,   0.068,9999.000,9999.000,9999.000,9999.000,9999.000,9999.000,9999.000
202608072024,   0.840,   0.019,9999.000,9999.000,9999.000,9999.000,9999.000,9999.000,9999.000
202608072030,   0.832,  -0.019,9999.000,9999.000,9999.000,9999.000,9999.000,9999.000,9999.000
202608072036,   0.830,  -0.029,9999.000,9999.000,9999.000,9999.000,9999.000,9999.000,9999.000
202608072042,   0.837,  -0.009,9999.000,9999.000,9999.000,9999.000,9999.000,9999.000,9999.000
202608072048,   0.851,   0.059,9999.000,9999.000,9999.000,9999.000,9999.000,9999.000,9999.000
202608072054,   0.874,   0.190,9999.000,9999.000,9999.000,9999.000,9999.000,9999.000,9999.000
202608072100,   0.908,   0.380,   0.200,  -0.728,   0.380,   0.100,   0.280,   0.200,   0.380
202608072106,   0.951,   0.619,9999.000,9999.000,9999.000,9999.000,9999.000,9999.000,9999.000
202608072112,   1.006,   0.879,9999.000,9999.000,9999.000,9999.000,9999.000,9999.000,9999.000
202608072118,   1.073,   1.151,9999.000,9999.000,9999.000,9999.000,9999.000,9999.000,9999.000
202608072124,   1.151,   1.390,9999.000,9999.000,9999.000,9999.000,9999.000,9999.000,9999.000
202608072130,   1.242,   1.590,9999.000,9999.000,9999.000,9999.000,9999.000,9999.000,9999.000
202608072136,   1.345,   1.790,9999.000,9999.000,9999.000,9999.000,9999.000,9999.000,9999.000
202608072142,   1.461,   1.981,9999.000,9999.000,9999.000,9999.000,9999.000,9999.000,9999.000
202608072148,   1.589,   2.148,9999.000,9999.000,9999.000,9999.000,9999.000,9999.000,9999.000
202608072154,   1.729,   2.328,9999.000,9999.000,9999.000,9999.000,9999.000,9999.000,9999.000
202608072200,   1.881,   2.528,   0.200,   0.447,   2.528,   0.100,   2.428,   0.200,   2.528
202608072206,   2.044,   2.699,9999.000,9999.000,9999.000,9999.000,9999.000,9999.000,9999.000
202608072212,   2.217,   2.879,9999.000,9999.000,9999.000,9999.000,9999.000,9999.000,9999.000
202608072218,   2.400,   3.050,9999.000,9999.000,9999.000,9999.000,9999.000,9999.000,9999.000
202608072224,   2.591,   3.197,9999.000,9999.000,9999.000,9999.000,9999.000,9999.000,9999.000
202608072230,   2.790,   3.388,9999.000,9999.000,9999.000,9999.000,9999.000,9999.000,9999.000
202608072236,   2.995,   3.588,9999.000,9999.000,9999.000,9999.000,9999.000,9999.000,9999.000
202608072242,   3.206,   3.798,9999.000,9999.000,9999.000,9999.000,9999.000,9999.000,9999.000
202608072248,   3.420,   4.037,9999.000,9999.000,9999.000,9999.000,9999.000,9999.000,9999.000
202608072254,   3.638,   4.300,9999.000,9999.000,9999.000,9999.000,9999.000,9999.000,9999.000
202608072300,   3.857,   4.559,   0.200,   0.502,   4.559,   0.100,   4.459,   0.200,   4.559
202608072306,   4.076,   4.818,9999.000,9999.000,9999.000,9999.000,9999.000,9999.000,9999.000
202608072312,   4.295,   5.077,9999.000,9999.000,9999.000,9999.000,9999.000,9999.000,9999.000
202608072318,   4.512,   5.320,9999.000,9999.000,9999.000,9999.000,9999.000,9999.000,9999.000
202608072324,   4.726,   5.530,9999.000,9999.000,9999.000,9999.000,9999.000,9999.000,9999.000
202608072330,   4.937,   5.730,9999.000,9999.000,9999.000,9999.000,9999.000,9999.000,9999.000
202608072336,   5.143,   5.907,9999.000,9999.000,9999.000,9999.000,9999.000,9999.000,9999.000
202608072342,   5.344,   6.087,9999.000,9999.000,9999.000,9999.000,9999.000,9999.000,9999.000
202608072348,   5.540,   6.248,9999.000,9999.000,9999.000,9999.000,9999.000,9999.000,9999.000
202608072354,   5.729,   6.399,9999.000,9999.000,9999.000,9999.000,9999.000,9999.000,9999.000
202608080000,   5.912,   6.569,   0.200,   0.457,   6.569,   0.200,   6.569,   0.200,   6.569
202608080006,   6.088,   6.697,9999.000,9999.000,9999.000,9999.000,9999.000,9999.000,9999.000
202608080012,   6.257,   6.838,9999.000,9999.000,9999.000,9999.000,9999.000,9999.000,9999.000
202608080018,   6.418,   6.999,9999.000,9999.000,9999.000,9999.000,9999.000,9999.000,9999.000
202608080024,   6.572,   7.147,9999.000,9999.000,9999.000,9999.000,9999.000,9999.000,9999.000
202608080030,   6.719,   7.268,9999.000,9999.000,9999.000,9999.000,9999.000,9999.000,9999.000
202608080036,   6.858,   7.399,9999.000,9999.000,9999.000,9999.000,9999.000,9999.000,9999.000
202608080042,   6.989,   7.527,9999.000,9999.000,9999.000,9999.000,9999.000,9999.000,9999.000
202608080048,   7.112,   7.658,9999.000,9999.000,9999.000,9999.000,9999.000,9999.000,9999.000
202608080054,   7.228,   7.757,9999.000,9999.000,9999.000,9999.000,9999.000,9999.000,9999.000
202608080100,   7.336,   7.868,   0.200,   0.332,   7.868,   0.200,   7.868,   0.200,   7.868
202608080106,   7.436,   7.947,9999.000,9999.000,9999.000,9999.000,9999.000,9999.000,9999.000
202608080112,   7.528,   8.029,9999.000,9999.000,9999.000,9999.000,9999.000,9999.000,9999.000
202608080118,   7.611,   8.137,9999.000,9999.000,9999.000,9999.000,9999.000,9999.000,9999.000
202608080124,   7.687,   8.196,9999.000,9999.000,9999.000,9999.000,9999.000,9999.000,9999.000
202608080130,   7.753,   8.268,9999.000,9999.000,9999.000,9999.000,9999.000,9999.000,9999.000
202608080136,   7.811,   8.327,9999.000,9999.000,9999.000,9999.000,9999.000,9999.000,9999.000
202608080142,   7.860,   8.377,9999.000,9999.000,9999.000,9999.000,9999.000,9999.000,9999.000
202608080148,   7.899,   8.459,9999.000,9999.000,9999.000,9999.000,9999.000,9999.000,9999.000
202608080154,   7.930,   8.459,9999.000,9999.000,9999.000,9999.000,9999.000,9999.000,9999.000
202608080200,   7.950,   8.488,   0.200,   0.338,   8.488,   0.200,   8.488,   0.200,   8.488
202608080206,   7.961,   8.488,9999.000,9999.000,9999.000,9999.000,9999.000,9999.000,9999.000
202608080212,   7.962,   8.478,9999.000,9999.000,9999.000,9999.000,9999.000,9999.000,9999.000
202608080218,   7.953,   8.468,9999.000,9999.000,9999.000,9999.000,9999.000,9999.000,9999.000
202608080224,   7.935,   8.439,9999.000,9999.000,9999.000,9999.000,9999.000,9999.000,9999.000
202608080230,   7.906,   8.396,9999.000,9999.000,9999.000,9999.000,9999.000,9999.000,9999.000
202608080236,   7.868,   8.327,9999.000,9999.000,9999.000,9999.000,9999.000,9999.000,9999.000
202608080242,   7.821,   8.278,9999.000,9999.000,9999.000,9999.000,9999.000,9999.000,9999.000
202608080248,   7.764,   8.186,9999.000,9999.000,9999.000,9999.000,9999.000,9999.000,9999.000
202608080254,   7.699,   8.088,9999.000,9999.000,9999.000,9999.000,9999.000,9999.000,9999.000
202608080300,   7.625,   7.976,   0.200,   0.151,   7.976,   0.200,   7.976,   0.300,   8.076
202608080306,   7.544,   7.868,9999.000,9999.000,9999.000,9999.000,9999.000,9999.000,9999.000
202608080312,   7.455,   7.747,9999.000,9999.000,9999.000,9999.000,9999.000,9999.000,9999.000
202608080318,   7.359,   7.639,9999.000,9999.000,9999.000,9999.000,9999.000,9999.000,9999.000
202608080324,   7.257,   7.507,9999.000,9999.000,9999.000,9999.000,9999.000,9999.000,9999.000
202608080330,   7.150,   7.386,9999.000,9999.000,9999.000,9999.000,9999.000,9999.000,9999.000
202608080336,   7.037,   7.278,9999.000,9999.000,9999.000,9999.000,9999.000,9999.000,9999.000
202608080342,   6.921,   7.156,9999.000,9999.000,9999.000,9999.000,9999.000,9999.000,9999.000
202608080348,   6.801,   7.029,9999.000,9999.000,9999.000,9999.000,9999.000,9999.000,9999.000
202608080354,   6.677,   6.907,9999.000,9999.000,9999.000,9999.000,9999.000,9999.000,9999.000
202608080400,   6.552,   6.766,   0.200,   0.014,   6.766,   0.200,   6.766,   0.300,   6.866
202608080406,   6.424,   6.638,9999.000,9999.000,9999.000,9999.000,9999.000,9999.000,9999.000
202608080412,   6.295,   6.497,9999.000,9999.000,9999.000,9999.000,9999.000,9999.000,9999.000
202608080418,   6.166,   6.359,9999.000,9999.000,9999.000,9999.000,9999.000,9999.000,9999.000
202608080424,   6.035,   6.209,9999.000,9999.000,9999.000,9999.000,9999.000,9999.000,9999.000
202608080430,   5.905,   6.067,9999.000,9999.000,9999.000,9999.000,9999.000,9999.000,9999.000
202608080436,   5.775,   5.917,9999.000,9999.000,9999.000,9999.000,9999.000,9999.000,9999.000
202608080442,   5.645,   5.769,9999.000,9999.000,9999.000,9999.000,9999.000,9999.000,9999.000
202608080448,   5.517,   5.628,9999.000,9999.000,9999.000,9999.000,9999.000,9999.000,9999.000
202608080454,   5.389,   5.487,9999.000,9999.000,9999.000,9999.000,9999.000,9999.000,9999.000
202608080500,   5.263,   5.339,   0.200,  -0.124,   5.339,   0.200,   5.339,   0.300,   5.439
202608080506,   5.137,   5.208,9999.000,9999.000,9999.000,9999.000,9999.000,9999.000,9999.000
202608080512,   5.014,   5.067,9999.000,9999.000,9999.000,9999.000,9999.000,9999.000,9999.000
202608080518,   4.892,   4.929,9999.000,9999.000,9999.000,9999.000,9999.000,9999.000,9999.000
202608080524,   4.772,   4.788,9999.000,9999.000,9999.000,9999.000,9999.000,9999.000,9999.000
202608080530,   4.653,   4.647,9999.000,9999.000,9999.000,9999.000,9999.000,9999.000,9999.000
202608080536,   4.537,   4.519,9999.000,9999.000,9999.000,9999.000,9999.000,9999.000,9999.000
202608080542,   4.423,   4.388,9999.000,9999.000,9999.000,9999.000,9999.000,9999.000,9999.000
202608080548,   4.311,   4.257,9999.000,9999.000,9999.000,9999.000,9999.000,9999.000,9999.000
202608080554,   4.201,   4.129,9999.000,9999.000,9999.000,9999.000,9999.000,9999.000,9999.000
202608080600,   4.093,   3.998,   0.200,  -0.295,   3.998,   0.200,   3.998,   0.300,   4.098
202608080606,   3.988,   3.870,9999.000,9999.000,9999.000,9999.000,9999.000,9999.000,9999.000
202608080612,   3.885,   3.749,9999.000,9999.000,9999.000,9999.000,9999.000,9999.000,9999.000
202608080618,   3.785,   3.617,9999.000,9999.000,9999.000,9999.000,9999.000,9999.000,9999.000
202608080624,   3.687,   3.499,9999.000,9999.000,9999.000,9999.000,9999.000,9999.000,9999.000
202608080630,   3.591,   3.388,9999.000,9999.000,9999.000,9999.000,9999.000,9999.000,9999.000
202608080636,   3.497,   3.260,9999.000,9999.000,9999.000,9999.000,9999.000,9999.000,9999.000
202608080642,   3.406,   3.138,9999.000,9999.000,9999.000,9999.000,9999.000,9999.000,9999.000
202608080648,   3.317,   3.017,9999.000,9999.000,9999.000,9999.000,9999.000,9999.000,9999.000
202608080654,   3.229,   2.909,9999.000,9999.000,9999.000,9999.000,9999.000,9999.000,9999.000
202608080700,   3.143,   2.787,   0.200,  -0.556,   2.787,   0.200,   2.787,   0.300,   2.887
202608080706,   3.059,   2.669,9999.000,9999.000,9999.000,9999.000,9999.000,9999.000,9999.000
202608080712,   2.976,   2.568,9999.000,9999.000,9999.000,9999.000,9999.000,9999.000,9999.000
202608080718,   2.893,   2.440,9999.000,9999.000,9999.000,9999.000,9999.000,9999.000,9999.000
202608080724,   2.811,   2.338,9999.000,9999.000,9999.000,9999.000,9999.000,9999.000,9999.000
202608080730,   2.730,   2.230,9999.000,9999.000,9999.000,9999.000,9999.000,9999.000,9999.000
202608080736,   2.648,   2.109,9999.000,9999.000,9999.000,9999.000,9999.000,9999.000,9999.000
202608080742,   2.567,   2.010,9999.000,9999.000,9999.000,9999.000,9999.000,9999.000,9999.000
202608080748,   2.485,   1.899,9999.000,9999.000,9999.000,9999.000,9999.000,9999.000,9999.000
202608080754,   2.403,   1.790,9999.000,9999.000,9999.000,9999.000,9999.000,9999.000,9999.000
202608080800,   2.320,   1.689,   0.200,  -0.831,   1.689,   0.200,   1.689,   0.300,   1.789
202608080806,   2.237,   1.580,9999.000,9999.000,9999.000,9999.000,9999.000,9999.000,9999.000
202608080812,   2.153,   1.479,9999.000,9999.000,9999.000,9999.000,9999.000,9999.000,9999.000
202608080818,   2.069,   1.380,9999.000,9999.000,9999.000,9999.000,9999.000,9999.000,9999.000
202608080824,   1.986,   1.269,9999.000,9999.000,9999.000,9999.000,9999.000,9999.000,9999.000
202608080830,   1.903,   1.180,9999.000,9999.000,9999.000,9999.000,9999.000,9999.000,9999.000
202608080836,   1.822,   1.079,9999.000,9999.000,9999.000,9999.000,9999.000,9999.000,9999.000
202608080842,   1.742,   0.980,9999.000,9999.000,9999.000,9999.000,9999.000,9999.000,9999.000
202608080848,   1.665,   0.879,9999.000,9999.000,9999.000,9999.000,9999.000,9999.000,9999.000
202608080854,   1.591,   0.790,9999.000,9999.000,9999.000,9999.000,9999.000,9999.000,9999.000
202608080900,   1.522,   0.698,   0.200,  -1.024,   0.698,   0.200,   0.698,   0.300,   0.798
202608080906,   1.457,   0.619,9999.000,9999.000,9999.000,9999.000,9999.000,9999.000,9999.000
202608080912,   1.398,   0.541,9999.000,9999.000,9999.000,9999.000,9999.000,9999.000,9999.000
202608080918,   1.347,   0.469,9999.000,9999.000,9999.000,9999.000,9999.000,9999.000,9999.000
202608080924,   1.303,   0.400,9999.000,9999.000,9999.000,9999.000,9999.000,9999.000,9999.000
202608080930,   1.268,   0.341,9999.000,9999.000,9999.000,9999.000,9999.000,9999.000,9999.000
202608080936,   1.242,   0.298,9999.000,9999.000,9999.000,9999.000,9999.000,9999.000,9999.000
202608080942,   1.227,   0.268,9999.000,9999.000,9999.000,9999.000,9999.000,9999.000,9999.000
202608080948,   1.223,   0.259,9999.000,9999.000,9999.000,9999.000,9999.000,9999.000,9999.000
202608080954,   1.230,   0.278,9999.000,9999.000,9999.000,9999.000,9999.000,9999.000,9999.000
202608081000,   1.249,   0.341,   0.200,  -1.108,   0.341,   0.200,   0.341,   0.300,   0.441
202608081006,   1.281,   0.419,9999.000,9999.000,9999.000,9999.000,9999.000,9999.000,9999.000
202608081012,   1.325,   0.570,9999.000,9999.000,9999.000,9999.000,9999.000,9999.000,9999.000
202608081018,   1.381,   0.741,9999.000,9999.000,9999.000,9999.000,9999.000,9999.000,9999.000
202608081024,   1.450,   0.928,9999.000,9999.000,9999.000,9999.000,9999.000,9999.000,9999.000
202608081030,   1.531,   1.151,9999.000,9999.000,9999.000,9999.000,9999.000,9999.000,9999.000
202608081036,   1.623,   1.371,9999.000,9999.000,9999.000,9999.000,9999.000,9999.000,9999.000
202608081042,   1.726,   1.571,9999.000,9999.000,9999.000,9999.000,9999.000,9999.000,9999.000
202608081048,   1.840,   1.781,9999.000,9999.000,9999.000,9999.000,9999.000,9999.000,9999.000
202608081054,   1.963,   1.981,9999.000,9999.000,9999.000,9999.000,9999.000,9999.000,9999.000
202608081100,   2.095,   2.148,   0.200,  -0.147,   2.148,   0.200,   2.148,   0.200,   2.148
202608081106,   2.234,   2.318,9999.000,9999.000,9999.000,9999.000,9999.000,9999.000,9999.000
202608081112,   2.380,   2.489,9999.000,9999.000,9999.000,9999.000,9999.000,9999.000,9999.000
202608081118,   2.532,   2.640,9999.000,9999.000,9999.000,9999.000,9999.000,9999.000,9999.000
202608081124,   2.688,   2.807,9999.000,9999.000,9999.000,9999.000,9999.000,9999.000,9999.000
202608081130,   2.848,   2.958,9999.000,9999.000,9999.000,9999.000,9999.000,9999.000,9999.000
202608081136,   3.011,   3.119,9999.000,9999.000,9999.000,9999.000,9999.000,9999.000,9999.000
202608081142,   3.176,   3.289,9999.000,9999.000,9999.000,9999.000,9999.000,9999.000,9999.000
202608081148,   3.341,   3.470,9999.000,9999.000,9999.000,9999.000,9999.000,9999.000,9999.000
202608081154,   3.507,   3.670,9999.000,9999.000,9999.000,9999.000,9999.000,9999.000,9999.000
202608081200,   3.672,   3.870,   0.200,  -0.002,   3.870,   0.200,   3.870,   0.200,   3.870
202608081206,   3.836,9999.000,9999.000,9999.000,9999.000,9999.000,9999.000,9999.000,9999.000
202608081212,   3.998,9999.000,9999.000,9999.000,9999.000,9999.000,9999.000,9999.000,9999.000
202608081218,   4.158,9999.000,9999.000,9999.000,9999.000,9999.000,9999.000,9999.000,9999.000
202608081224,   4.316,9999.000,9999.000,9999.000,9999.000,9999.000,9999.000,9999.000,9999.000
202608081230,   4.470,9999.000,9999.000,9999.000,9999.000,9999.000,9999.000,9999.000,9999.000
202608081236,   4.621,9999.000,9999.000,9999.000,9999.000,9999.000,9999.000,9999.000,9999.000
202608081242,   4.768,9999.000,9999.000,9999.000,9999.000,9999.000,9999.000,9999.000,9999.000
202608081248,   4.912,9999.000,9999.000,9999.000,9999.000,9999.000,9999.000,9999.000,9999.000
202608081254,   5.052,9999.000,9999.000,9999.000,9999.000,9999.000,9999.000,9999.000,9999.000
202608081300,   5.188,9999.000,   0.200,   0.003,   5.391,   0.200,   5.391,   0.200,   5.391
202608081306,   5.320,9999.000,9999.000,9999.000,9999.000,9999.000,9999.000,9999.000,9999.000
202608081312,   5.447,9999.000,9999.000,9999.000,9999.000,9999.000,9999.000,9999.000,9999.000
202608081318,   5.569,9999.000,9999.000,9999.000,9999.000,9999.000,9999.000,9999.000,9999.000
202608081324,   5.687,9999.000,9999.000,9999.000,9999.000,9999.000,9999.000,9999.000,9999.000
202608081330,   5.800,9999.000,9999.000,9999.000,9999.000,9999.000,9999.000,9999.000,9999.000
202608081336,   5.907,9999.000,9999.000,9999.000,9999.000,9999.000,9999.000,9999.000,9999.000
202608081342,   6.009,9999.000,9999.000,9999.000,9999.000,9999.000,9999.000,9999.000,9999.000
202608081348,   6.105,9999.000,9999.000,9999.000,9999.000,9999.000,9999.000,9999.000,9999.000
202608081354,   6.194,9999.000,9999.000,9999.000,9999.000,9999.000,9999.000,9999.000,9999.000
202608081400,   6.276,9999.000,   0.200,   0.007,   6.483,   0.200,   6.483,   0.200,   6.483
202608081406,   6.350,9999.000,9999.000,9999.000,9999.000,9999.000,9999.000,9999.000,9999.000
202608081412,   6.417,9999.000,9999.000,9999.000,9999.000,9999.000,9999.000,9999.000,9999.000
202608081418,   6.476,9999.000,9999.000,9999.000,9999.000,9999.000,9999.000,9999.000,9999.000
202608081424,   6.526,9999.000,9999.000,9999.000,9999.000,9999.000,9999.000,9999.000,9999.000
202608081430,   6.567,9999.000,9999.000,9999.000,9999.000,9999.000,9999.000,9999.000,9999.000
202608081436,   6.599,9999.000,9999.000,9999.000,9999.000,9999.000,9999.000,9999.000,9999.000
202608081442,   6.622,9999.000,9999.000,9999.000,9999.000,9999.000,9999.000,9999.000,9999.000
202608081448,   6.634,9999.000,9999.000,9999.000,9999.000,9999.000,9999.000,9999.000,9999.000
202608081454,   6.637,9999.000,9999.000,9999.000,9999.000,9999.000,9999.000,9999.000,9999.000
202608081500,   6.629,9999.000,   0.200,   0.012,   6.841,   0.200,   6.841,   0.200,   6.841
202608081506,   6.612,9999.000,9999.000,9999.000,9999.000,9999.000,9999.000,9999.000,9999.000
202608081512,   6.584,9999.000,9999.000,9999.000,9999.000,9999.000,9999.000,9999.000,9999.000
202608081518,   6.547,9999.000,9999.000,9999.000,9999.000,9999.000,9999.000,9999.000,9999.000
202608081524,   6.501,9999.000,9999.000,9999.000,9999.000,9999.000,9999.000,9999.000,9999.000
202608081530,   6.445,9999.000,9999.000,9999.000,9999.000,9999.000,9999.000,9999.000,9999.000
202608081536,   6.381,9999.000,9999.000,9999.000,9999.000,9999.000,9999.000,9999.000,9999.000
202608081542,   6.308,9999.000,9999.000,9999.000,9999.000,9999.000,9999.000,9999.000,9999.000
202608081548,   6.227,9999.000,9999.000,9999.000,9999.000,9999.000,9999.000,9999.000,9999.000
202608081554,   6.140,9999.000,9999.000,9999.000,9999.000,9999.000,9999.000,9999.000,9999.000
202608081600,   6.045,9999.000,   0.200,   0.017,   6.262,   0.200,   6.262,   0.300,   6.362
202608081606,   5.945,9999.000,9999.000,9999.000,9999.000,9999.000,9999.000,9999.000,9999.000
202608081612,   5.839,9999.000,9999.000,9999.000,9999.000,9999.000,9999.000,9999.000,9999.000
202608081618,   5.728,9999.000,9999.000,9999.000,9999.000,9999.000,9999.000,9999.000,9999.000
202608081624,   5.613,9999.000,9999.000,9999.000,9999.000,9999.000,9999.000,9999.000,9999.000
202608081630,   5.494,9999.000,9999.000,9999.000,9999.000,9999.000,9999.000,9999.000,9999.000
202608081636,   5.372,9999.000,9999.000,9999.000,9999.000,9999.000,9999.000,9999.000,9999.000
202608081642,   5.247,9999.000,9999.000,9999.000,9999.000,9999.000,9999.000,9999.000,9999.000
202608081648,   5.120,9999.000,9999.000,9999.000,9999.000,9999.000,9999.000,9999.000,9999.000
202608081654,   4.991,9999.000,9999.000,9999.000,9999.000,9999.000,9999.000,9999.000,9999.000
202608081700,   4.861,9999.000,   0.200,   0.022,   5.083,   0.200,   5.083,   0.300,   5.183
202608081706,   4.730,9999.000,9999.000,9999.000,9999.000,9999.000,9999.000,9999.000,9999.000
202608081712,   4.599,9999.000,9999.000,9999.000,9999.000,9999.000,9999.000,9999.000,9999.000
202608081718,   4.467,9999.000,9999.000,9999.000,9999.000,9999.000,9999.000,9999.000,9999.000
202608081724,   4.335,9999.000,9999.000,9999.000,9999.000,9999.000,9999.000,9999.000,9999.000
202608081730,   4.204,9999.000,9999.000,9999.000,9999.000,9999.000,9999.000,9999.000,9999.000
202608081736,   4.073,9999.000,9999.000,9999.000,9999.000,9999.000,9999.000,9999.000,9999.000
202608081742,   3.943,9999.000,9999.000,9999.000,9999.000,9999.000,9999.000,9999.000,9999.000
202608081748,   3.814,9999.000,9999.000,9999.000,9999.000,9999.000,9999.000,9999.000,9999.000
202608081754,   3.687,9999.000,9999.000,9999.000,9999.000,9999.000,9999.000,9999.000,9999.000
202608081800,   3.561,9999.000,   0.200,   0.026,   3.787,   0.200,   3.787,   0.300,   3.887
202608081806,   3.437,9999.000,9999.000,9999.000,9999.000,9999.000,9999.000,9999.000,9999.000
202608081812,   3.315,9999.000,9999.000,9999.000,9999.000,9999.000,9999.000,9999.000,9999.000
202608081818,   3.196,9999.000,9999.000,9999.000,9999.000,9999.000,9999.000,9999.000,9999.000
202608081824,   3.079,9999.000,9999.000,9999.000,9999.000,9999.000,9999.000,9999.000,9999.000
202608081830,   2.965,9999.000,9999.000,9999.000,9999.000,9999.000,9999.000,9999.000,9999.000
202608081836,   2.854,9999.000,9999.000,9999.000,9999.000,9999.000,9999.000,9999.000,9999.000
202608081842,   2.746,9999.000,9999.000,9999.000,9999.000,9999.000,9999.000,9999.000,9999.000
202608081848,   2.641,9999.000,9999.000,9999.000,9999.000,9999.000,9999.000,9999.000,9999.000
202608081854,   2.540,9999.000,9999.000,9999.000,9999.000,9999.000,9999.000,9999.000,9999.000
202608081900,   2.443,9999.000,   0.200,   0.031,   2.674,   0.200,   2.674,   0.300,   2.774
202608081906,   2.349,9999.000,9999.000,9999.000,9999.000,9999.000,9999.000,9999.000,9999.000
202608081912,   2.258,9999.000,9999.000,9999.000,9999.000,9999.000,9999.000,9999.000,9999.000
202608081918,   2.171,9999.000,9999.000,9999.000,9999.000,9999.000,9999.000,9999.000,9999.000
202608081924,   2.087,9999.000,9999.000,9999.000,9999.000,9999.000,9999.000,9999.000,9999.000
202608081930,   2.006,9999.000,9999.000,9999.000,9999.000,9999.000,9999.000,9999.000,9999.000
202608081936,   1.929,9999.000,9999.000,9999.000,9999.000,9999.000,9999.000,9999.000,9999.000
202608081942,   1.855,9999.000,9999.000,9999.000,9999.000,9999.000,9999.000,9999.000,9999.000
202608081948,   1.783,9999.000,9999.000,9999.000,9999.000,9999.000,9999.000,9999.000,9999.000
202608081954,   1.714,9999.000,9999.000,9999.000,9999.000,9999.000,9999.000,9999.000,9999.000
202608082000,   1.647,9999.000,   0.300,   0.036,   1.983,   0.200,   1.883,   0.300,   1.983
202608082006,   1.582,9999.000,9999.000,9999.000,9999.000,9999.000,9999.000,9999.000,9999.000
202608082012,   1.519,9999.000,9999.000,9999.000,9999.000,9999.000,9999.000,9999.000,9999.000
202608082018,   1.459,9999.000,9999.000,9999.000,9999.000,9999.000,9999.000,9999.000,9999.000
202608082024,   1.400,9999.000,9999.000,9999.000,9999.000,9999.000,9999.000,9999.000,9999.000
202608082030,   1.343,9999.000,9999.000,9999.000,9999.000,9999.000,9999.000,9999.000,9999.000
202608082036,   1.288,9999.000,9999.000,9999.000,9999.000,9999.000,9999.000,9999.000,9999.000
202608082042,   1.235,9999.000,9999.000,9999.000,9999.000,9999.000,9999.000,9999.000,9999.000
202608082048,   1.184,9999.000,9999.000,9999.000,9999.000,9999.000,9999.000,9999.000,9999.000
202608082054,   1.137,9999.000,9999.000,9999.000,9999.000,9999.000,9999.000,9999.000,9999.000
202608082100,   1.093,9999.000,   0.300,   0.041,   1.434,   0.200,   1.334,   0.300,   1.434
202608082106,   1.052,9999.000,9999.000,9999.000,9999.000,9999.000,9999.000,9999.000,9999.000
202608082112,   1.016,9999.000,9999.000,9999.000,9999.000,9999.000,9999.000,9999.000,9999.000
202608082118,   0.985,9999.000,9999.000,9999.000,9999.000,9999.000,9999.000,9999.000,9999.000
202608082124,   0.960,9999.000,9999.000,9999.000,9999.000,9999.000,9999.000,9999.000,9999.000
202608082130,   0.941,9999.000,9999.000,9999.000,9999.000,9999.000,9999.000,9999.000,9999.000
202608082136,   0.930,9999.000,9999.000,9999.000,9999.000,9999.000,9999.000,9999.000,9999.000
202608082142,   0.927,9999.000,9999.000,9999.000,9999.000,9999.000,9999.000,9999.000,9999.000
202608082148,   0.933,9999.000,9999.000,9999.000,9999.000,9999.000,9999.000,9999.000,9999.000
202608082154,   0.949,9999.000,9999.000,9999.000,9999.000,9999.000,9999.000,9999.000,9999.000
202608082200,   0.975,9999.000,   0.300,   0.045,   1.320,   0.200,   1.220,   0.300,   1.320
202608082206,   1.012,9999.000,9999.000,9999.000,9999.000,9999.000,9999.000,9999.000,9999.000
202608082212,   1.061,9999.000,9999.000,9999.000,9999.000,9999.000,9999.000,9999.000,9999.000
202608082218,   1.123,9999.000,9999.000,9999.000,9999.000,9999.000,9999.000,9999.000,9999.000
202608082224,   1.196,9999.000,9999.000,9999.000,9999.000,9999.000,9999.000,9999.000,9999.000
202608082230,   1.282,9999.000,9999.000,9999.000,9999.000,9999.000,9999.000,9999.000,9999.000
202608082236,   1.381,9999.000,9999.000,9999.000,9999.000,9999.000,9999.000,9999.000,9999.000
202608082242,   1.493,9999.000,9999.000,9999.000,9999.000,9999.000,9999.000,9999.000,9999.000
202608082248,   1.616,9999.000,9999.000,9999.000,9999.000,9999.000,9999.000,9999.000,9999.000
202608082254,   1.752,9999.000,9999.000,9999.000,9999.000,9999.000,9999.000,9999.000,9999.000
202608082300,   1.898,9999.000,   0.300,   0.050,   2.248,   0.200,   2.148,   0.300,   2.248
202608082306,   2.056,9999.000,9999.000,9999.000,9999.000,9999.000,9999.000,9999.000,9999.000
202608082312,   2.223,9999.000,9999.000,9999.000,9999.000,9999.000,9999.000,9999.000,9999.000
202608082318,   2.399,9999.000,9999.000,9999.000,9999.000,9999.000,9999.000,9999.000,9999.000
202608082324,   2.583,9999.000,9999.000,9999.000,9999.000,9999.000,9999.000,9999.000,9999.000
202608082330,   2.774,9999.000,9999.000,9999.000,9999.000,9999.000,9999.000,9999.000,9999.000
202608082336,   2.970,9999.000,9999.000,9999.000,9999.000,9999.000,9999.000,9999.000,9999.000
202608082342,   3.172,9999.000,9999.000,9999.000,9999.000,9999.000,9999.000,9999.000,9999.000
202608082348,   3.376,9999.000,9999.000,9999.000,9999.000,9999.000,9999.000,9999.000,9999.000
202608082354,   3.584,9999.000,9999.000,9999.000,9999.000,9999.000,9999.000,9999.000,9999.000
202608090000,   3.792,9999.000,   0.300,   0.055,   4.147,   0.200,   4.047,   0.300,   4.147
202608090006,   4.001,9999.000,9999.000,9999.000,9999.000,9999.000,9999.000,9999.000,9999.000
202608090012,   4.210,9999.000,9999.000,9999.000,9999.000,9999.000,9999.000,9999.000,9999.000
202608090018,   4.417,9999.000,9999.000,9999.000,9999.000,9999.000,9999.000,9999.000,9999.000
202608090024,   4.621,9999.000,9999.000,9999.000,9999.000,9999.000,9999.000,9999.000,9999.000
202608090030,   4.823,9999.000,9999.000,9999.000,9999.000,9999.000,9999.000,9999.000,9999.000
202608090036,   5.021,9999.000,9999.000,9999.000,9999.000,9999.000,9999.000,9999.000,9999.000
202608090042,   5.215,9999.000,9999.000,9999.000,9999.000,9999.000,9999.000,9999.000,9999.000
202608090048,   5.405,9999.000,9999.000,9999.000,9999.000,9999.000,9999.000,9999.000,9999.000
202608090054,   5.589,9999.000,9999.000,9999.000,9999.000,9999.000,9999.000,9999.000,9999.000
202608090100,   5.768,9999.000,   0.300,   0.055,   6.123,   0.200,   6.023,   0.300,   6.123
202608090106,   5.942,9999.000,9999.000,9999.000,9999.000,9999.000,9999.000,9999.000,9999.000
202608090112,   6.110,9999.000,9999.000,9999.000,9999.000,9999.000,9999.000,9999.000,9999.000
202608090118,   6.273,9999.000,9999.000,9999.000,9999.000,9999.000,9999.000,9999.000,9999.000
202608090124,   6.429,9999.000,9999.000,9999.000,9999.000,9999.000,9999.000,9999.000,9999.000
202608090130,   6.579,9999.000,9999.000,9999.000,9999.000,9999.000,9999.000,9999.000,9999.000
202608090136,   6.723,9999.000,9999.000,9999.000,9999.000,9999.000,9999.000,9999.000,9999.000
202608090142,   6.861,9999.000,9999.000,9999.000,9999.000,9999.000,9999.000,9999.000,9999.000
202608090148,   6.992,9999.000,9999.000,9999.000,9999.000,9999.000,9999.000,9999.000,9999.000
202608090154,   7.116,9999.000,9999.000,9999.000,9999.000,9999.000,9999.000,9999.000,9999.000
202608090200,   7.233,9999.000,   0.300,   0.055,   7.588,   0.200,   7.488,   0.300,   7.588
202608090206,   7.343,9999.000,9999.000,9999.000,9999.000,9999.000,9999.000,9999.000,9999.000
202608090212,   7.445,9999.000,9999.000,9999.000,9999.000,9999.000,9999.000,9999.000,9999.000
202608090218,   7.539,9999.000,9999.000,9999.000,9999.000,9999.000,9999.000,9999.000,9999.000
202608090224,   7.625,9999.000,9999.000,9999.000,9999.000,9999.000,9999.000,9999.000,9999.000
202608090230,   7.703,9999.000,9999.000,9999.000,9999.000,9999.000,9999.000,9999.000,9999.000
202608090236,   7.772,9999.000,9999.000,9999.000,9999.000,9999.000,9999.000,9999.000,9999.000
202608090242,   7.831,9999.000,9999.000,9999.000,9999.000,9999.000,9999.000,9999.000,9999.000
202608090248,   7.881,9999.000,9999.000,9999.000,9999.000,9999.000,9999.000,9999.000,9999.000
202608090254,   7.922,9999.000,9999.000,9999.000,9999.000,9999.000,9999.000,9999.000,9999.000
202608090300,   7.952,9999.000,   0.300,   0.055,   8.307,   0.200,   8.207,   0.300,   8.307
202608090306,   7.973,9999.000,9999.000,9999.000,9999.000,9999.000,9999.000,9999.000,9999.000
202608090312,   7.983,9999.000,9999.000,9999.000,9999.000,9999.000,9999.000,9999.000,9999.000
202608090318,   7.983,9999.000,9999.000,9999.000,9999.000,9999.000,9999.000,9999.000,9999.000
202608090324,   7.973,9999.000,9999.000,9999.000,9999.000,9999.000,9999.000,9999.000,9999.000
202608090330,   7.953,9999.000,9999.000,9999.000,9999.000,9999.000,9999.000,9999.000,9999.000
202608090336,   7.923,9999.000,9999.000,9999.000,9999.000,9999.000,9999.000,9999.000,9999.000
202608090342,   7.883,9999.000,9999.000,9999.000,9999.000,9999.000,9999.000,9999.000,9999.000
202608090348,   7.834,9999.000,9999.000,9999.000,9999.000,9999.000,9999.000,9999.000,9999.000
202608090354,   7.776,9999.000,9999.000,9999.000,9999.000,9999.000,9999.000,9999.000,9999.000
202608090400,   7.710,9999.000,   0.300,   0.055,   8.065,   0.200,   7.965,   0.300,   8.065
202608090406,   7.637,9999.000,9999.000,9999.000,9999.000,9999.000,9999.000,9999.000,9999.000
202608090412,   7.556,9999.000,9999.000,9999.000,9999.000,9999.000,9999.000,9999.000,9999.000
202608090418,   7.468,9999.000,9999.000,9999.000,9999.000,9999.000,9999.000,9999.000,9999.000
202608090424,   7.375,9999.000,9999.000,9999.000,9999.000,9999.000,9999.000,9999.000,9999.000
202608090430,   7.276,9999.000,9999.000,9999.000,9999.000,9999.000,9999.000,9999.000,9999.000
202608090436,   7.173,9999.000,9999.000,9999.000,9999.000,9999.000,9999.000,9999.000,9999.000
202608090442,   7.066,9999.000,9999.000,9999.000,9999.000,9999.000,9999.000,9999.000,9999.000
202608090448,   6.955,9999.000,9999.000,9999.000,9999.000,9999.000,9999.000,9999.000,9999.000
202608090454,   6.842,9999.000,9999.000,9999.000,9999.000,9999.000,9999.000,9999.000,9999.000
202608090500,   6.726,9999.000,   0.300,   0.055,   7.081,   0.200,   6.981,   0.300,   7.081
202608090506,   6.609,9999.000,9999.000,9999.000,9999.000,9999.000,9999.000,9999.000,9999.000
202608090512,   6.490,9999.000,9999.000,9999.000,9999.000,9999.000,9999.000,9999.000,9999.000
202608090518,   6.371,9999.000,9999.000,9999.000,9999.000,9999.000,9999.000,9999.000,9999.000
202608090524,   6.251,9999.000,9999.000,9999.000,9999.000,9999.000,9999.000,9999.000,9999.000
202608090530,   6.131,9999.000,9999.000,9999.000,9999.000,9999.000,9999.000,9999.000,9999.000
202608090536,   6.011,9999.000,9999.000,9999.000,9999.000,9999.000,9999.000,9999.000,9999.000
202608090542,   5.891,9999.000,9999.000,9999.000,9999.000,9999.000,9999.000,9999.000,9999.000
202608090548,   5.772,9999.000,9999.000,9999.000,9999.000,9999.000,9999.000,9999.000,9999.000
202608090554,   5.654,9999.000,9999.000,9999.000,9999.000,9999.000,9999.000,9999.000,9999.000
202608090600,   5.537,9999.000,   0.300,   0.055,   5.892,   0.200,   5.792,   0.400,   5.992
202608090606,   5.421,9999.000,9999.000,9999.000,9999.000,9999.000,9999.000,9999.000,9999.000
202608090612,   5.306,9999.000,9999.000,9999.000,9999.000,9999.000,9999.000,9999.000,9999.000
202608090618,   5.192,9999.000,9999.000,9999.000,9999.000,9999.000,9999.000,9999.000,9999.000
202608090624,   5.080,9999.000,9999.000,9999.000,9999.000,9999.000,9999.000,9999.000,9999.000
202608090630,   4.969,9999.000,9999.000,9999.000,9999.000,9999.000,9999.000,9999.000,9999.000
202608090636,   4.859,9999.000,9999.000,9999.000,9999.000,9999.000,9999.000,9999.000,9999.000
202608090642,   4.751,9999.000,9999.000,9999.000,9999.000,9999.000,9999.000,9999.000,9999.000
202608090648,   4.645,9999.000,9999.000,9999.000,9999.000,9999.000,9999.000,9999.000,9999.000
202608090654,   4.541,9999.000,9999.000,9999.000,9999.000,9999.000,9999.000,9999.000,9999.000
202608090700,   4.438,9999.000,   0.300,   0.055,   4.793,   0.200,   4.693,   0.400,   4.893
202608090706,   4.337,9999.000,9999.000,9999.000,9999.000,9999.000,9999.000,9999.000,9999.000
202608090712,   4.237,9999.000,9999.000,9999.000,9999.000,9999.000,9999.000,9999.000,9999.000
202608090718,   4.139,9999.000,9999.000,9999.000,9999.000,9999.000,9999.000,9999.000,9999.000
202608090724,   4.043,9999.000,9999.000,9999.000,9999.000,9999.000,9999.000,9999.000,9999.000
202608090730,   3.947,9999.000,9999.000,9999.000,9999.000,9999.000,9999.000,9999.000,9999.000
202608090736,   3.853,9999.000,9999.000,9999.000,9999.000,9999.000,9999.000,9999.000,9999.000
202608090742,   3.760,9999.000,9999.000,9999.000,9999.000,9999.000,9999.000,9999.000,9999.000
202608090748,   3.668,9999.000,9999.000,9999.000,9999.000,9999.000,9999.000,9999.000,9999.000
202608090754,   3.577,9999.000,9999.000,9999.000,9999.000,9999.000,9999.000,9999.000,9999.000
202608090800,   3.485,9999.000,   0.300,   0.055,   3.840,   0.200,   3.740,   0.400,   3.940
202608090806,   3.394,9999.000,9999.000,9999.000,9999.000,9999.000,9999.000,9999.000,9999.000
202608090812,   3.302,9999.000,9999.000,9999.000,9999.000,9999.000,9999.000,9999.000,9999.000
202608090818,   3.209,9999.000,9999.000,9999.000,9999.000,9999.000,9999.000,9999.000,9999.000
202608090824,   3.116,9999.000,9999.000,9999.000,9999.000,9999.000,9999.000,9999.000,9999.000
202608090830,   3.021,9999.000,9999.000,9999.000,9999.000,9999.000,9999.000,9999.000,9999.000
202608090836,   2.925,9999.000,9999.000,9999.000,9999.000,9999.000,9999.000,9999.000,9999.000
202608090842,   2.828,9999.000,9999.000,9999.000,9999.000,9999.000,9999.000,9999.000,9999.000
202608090848,   2.729,9999.000,9999.000,9999.000,9999.000,9999.000,9999.000,9999.000,9999.000
202608090854,   2.628,9999.000,9999.000,9999.000,9999.000,9999.000,9999.000,9999.000,9999.000
202608090900,   2.526,9999.000,   0.300,   0.055,   2.881,   0.200,   2.781,   0.300,   2.881
202608090906,   2.422,9999.000,9999.000,9999.000,9999.000,9999.000,9999.000,9999.000,9999.000
202608090912,   2.318,9999.000,9999.000,9999.000,9999.000,9999.000,9999.000,9999.000,9999.000
202608090918,   2.213,9999.000,9999.000,9999.000,9999.000,9999.000,9999.000,9999.000,9999.000
202608090924,   2.108,9999.000,9999.000,9999.000,9999.000,9999.000,9999.000,9999.000,9999.000
202608090930,   2.003,9999.000,9999.000,9999.000,9999.000,9999.000,9999.000,9999.000,9999.000
202608090936,   1.900,9999.000,9999.000,9999.000,9999.000,9999.000,9999.000,9999.000,9999.000
202608090942,   1.798,9999.000,9999.000,9999.000,9999.000,9999.000,9999.000,9999.000,9999.000
202608090948,   1.700,9999.000,9999.000,9999.000,9999.000,9999.000,9999.000,9999.000,9999.000
202608090954,   1.606,9999.000,9999.000,9999.000,9999.000,9999.000,9999.000,9999.000,9999.000
202608091000,   1.516,9999.000,   0.300,   0.055,   1.871,   0.200,   1.771,   0.300,   1.871
202608091006,   1.432,9999.000,9999.000,9999.000,9999.000,9999.000,9999.000,9999.000,9999.000
202608091012,   1.355,9999.000,9999.000,9999.000,9999.000,9999.000,9999.000,9999.000,9999.000
202608091018,   1.286,9999.000,9999.000,9999.000,9999.000,9999.000,9999.000,9999.000,9999.000
202608091024,   1.226,9999.000,9999.000,9999.000,9999.000,9999.000,9999.000,9999.000,9999.000
202608091030,   1.175,9999.000,9999.000,9999.000,9999.000,9999.000,9999.000,9999.000,9999.000
202608091036,   1.135,9999.000,9999.000,9999.000,9999.000,9999.000,9999.000,9999.000,9999.000
202608091042,   1.106,9999.000,9999.000,9999.000,9999.000,9999.000,9999.000,9999.000,9999.000
202608091048,   1.089,9999.000,9999.000,9999.000,9999.000,9999.000,9999.000,9999.000,9999.000
202608091054,   1.085,9999.000,9999.000,9999.000,9999.000,9999.000,9999.000,9999.000,9999.000
202608091100,   1.093,9999.000,   0.300,   0.055,   1.448,   0.200,   1.348,   0.300,   1.448
202608091106,   1.114,9999.000,9999.000,9999.000,9999.000,9999.000,9999.000,9999.000,9999.000
202608091112,   1.148,9999.000,9999.000,9999.000,9999.000,9999.000,9999.000,9999.000,9999.000
202608091118,   1.195,9999.000,9999.000,9999.000,9999.000,9999.000,9999.000,9999.000,9999.000
202608091124,   1.254,9999.000,9999.000,9999.000,9999.000,9999.000,9999.000,9999.000,9999.000
202608091130,   1.326,9999.000,9999.000,9999.000,9999.000,9999.000,9999.000,9999.000,9999.000
202608091136,   1.409,9999.000,9999.000,9999.000,9999.000,9999.000,9999.000,9999.000,9999.000
202608091142,   1.504,9999.000,9999.000,9999.000,9999.000,9999.000,9999.000,9999.000,9999.000
202608091148,   1.609,9999.000,9999.000,9999.000,9999.000,9999.000,9999.000,9999.000,9999.000
202608091154,   1.723,9999.000,9999.000,9999.000,9999.000,9999.000,9999.000,9999.000,9999.000
202608091200,   1.846,9999.000,   0.200,   0.055,   2.101,   0.200,   2.101,   0.300,   2.201
202608091206,   1.977,9999.000,9999.000,9999.000,9999.000,9999.000,9999.000,9999.000,9999.000
202608091212,   2.115,9999.000,9999.000,9999.000,9999.000,9999.000,9999.000,9999.000,9999.000
202608091218,   2.259,9999.000,9999.000,9999.000,9999.000,9999.000,9999.000,9999.000,9999.000
202608091224,   2.408,9999.000,9999.000,9999.000,9999.000,9999.000,9999.000,9999.000,9999.000
202608091230,   2.561,9999.000,9999.000,9999.000,9999.000,9999.000,9999.000,9999.000,9999.000
202608091236,   2.718,9999.000,9999.000,9999.000,9999.000,9999.000,9999.000,9999.000,9999.000
202608091242,   2.877,9999.000,9999.000,9999.000,9999.000,9999.000,9999.000,9999.000,9999.000
202608091248,   3.038,9999.000,9999.000,9999.000,9999.000,9999.000,9999.000,9999.000,9999.000
202608091254,   3.200,9999.000,9999.000,9999.000,9999.000,9999.000,9999.000,9999.000,9999.000
202608091300,   3.363,9999.000,   0.200,   0.055,   3.618,   0.200,   3.618,   0.300,   3.718
202608091306,   3.527,9999.000,9999.000,9999.000,9999.000,9999.000,9999.000,9999.000,9999.000
202608091312,   3.689,9999.000,9999.000,9999.000,9999.000,9999.000,9999.000,9999.000,9999.000
202608091318,   3.852,9999.000,9999.000,9999.000,9999.000,9999.000,9999.000,9999.000,9999.000
202608091324,   4.013,9999.000,9999.000,9999.000,9999.000,9999.000,9999.000,9999.000,9999.000
202608091330,   4.172,9999.000,9999.000,9999.000,9999.000,9999.000,9999.000,9999.000,9999.000
202608091336,   4.331,9999.000,9999.000,9999.000,9999.000,9999.000,9999.000,9999.000,9999.000
202608091342,   4.487,9999.000,9999.000,9999.000,9999.000,9999.000,9999.000,9999.000,9999.000
202608091348,   4.641,9999.000,9999.000,9999.000,9999.000,9999.000,9999.000,9999.000,9999.000
202608091354,   4.792,9999.000,9999.000,9999.000,9999.000,9999.000,9999.000,9999.000,9999.000
202608091400,   4.941,9999.000,   0.200,   0.055,   5.196,   0.200,   5.196,   0.200,   5.196
202608091406,   5.087,9999.000,9999.000,9999.000,9999.000,9999.000,9999.000,9999.000,9999.000
202608091412,   5.229,9999.000,9999.000,9999.000,9999.000,9999.000,9999.000,9999.000,9999.000
202608091418,   5.368,9999.000,9999.000,9999.000,9999.000,9999.000,9999.000,9999.000,9999.000
202608091424,   5.502,9999.000,9999.000,9999.000,9999.000,9999.000,9999.000,9999.000,9999.000
202608091430,   5.632,9999.000,9999.000,9999.000,9999.000,9999.000,9999.000,9999.000,9999.000
202608091436,   5.757,9999.000,9999.000,9999.000,9999.000,9999.000,9999.000,9999.000,9999.000
202608091442,   5.876,9999.000,9999.000,9999.000,9999.000,9999.000,9999.000,9999.000,9999.000
202608091448,   5.988,9999.000,9999.000,9999.000,9999.000,9999.000,9999.000,9999.000,9999.000
202608091454,   6.094,9999.000,9999.000,9999.000,9999.000,9999.000,9999.000,9999.000,9999.000
202608091500,   6.193,9999.000,   0.200,   0.055,   6.448,   0.100,   6.348,   0.200,   6.448
202608091506,   6.284,9999.000,9999.000,9999.000,9999.000,9999.000,9999.000,9999.000,9999.000
202608091512,   6.366,9999.000,9999.000,9999.000,9999.000,9999.000,9999.000,9999.000,9999.000
202608091518,   6.440,9999.000,9999.000,9999.000,9999.000,9999.000,9999.000,9999.000,9999.000
202608091524,   6.504,9999.000,9999.000,9999.000,9999.000,9999.000,9999.000,9999.000,9999.000
202608091530,   6.558,9999.000,9999.000,9999.000,9999.000,9999.000,9999.000,9999.000,9999.000
202608091536,   6.602,9999.000,9999.000,9999.000,9999.000,9999.000,9999.000,9999.000,9999.000
202608091542,   6.636,9999.000,9999.000,9999.000,9999.000,9999.000,9999.000,9999.000,9999.000
202608091548,   6.659,9999.000,9999.000,9999.000,9999.000,9999.000,9999.000,9999.000,9999.000
202608091554,   6.672,9999.000,9999.000,9999.000,9999.000,9999.000,9999.000,9999.000,9999.000
202608091600,   6.674,9999.000,   0.200,   0.055,   6.929,   0.100,   6.829,   0.200,   6.929
202608091606,   6.666,9999.000,9999.000,9999.000,9999.000,9999.000,9999.000,9999.000,9999.000
202608091612,   6.647,9999.000,9999.000,9999.000,9999.000,9999.000,9999.000,9999.000,9999.000
202608091618,   6.618,9999.000,9999.000,9999.000,9999.000,9999.000,9999.000,9999.000,9999.000
202608091624,   6.579,9999.000,9999.000,9999.000,9999.000,9999.000,9999.000,9999.000,9999.000
202608091630,   6.531,9999.000,9999.000,9999.000,9999.000,9999.000,9999.000,9999.000,9999.000
202608091636,   6.475,9999.000,9999.000,9999.000,9999.000,9999.000,9999.000,9999.000,9999.000
202608091642,   6.409,9999.000,9999.000,9999.000,9999.000,9999.000,9999.000,9999.000,9999.000
202608091648,   6.336,9999.000,9999.000,9999.000,9999.000,9999.000,9999.000,9999.000,9999.000
202608091654,   6.256,9999.000,9999.000,9999.000,9999.000,9999.000,9999.000,9999.000,9999.000
202608091700,   6.169,9999.000,   0.200,   0.055,   6.424,   0.100,   6.324,   0.200,   6.424
202608091706,   6.076,9999.000,9999.000,9999.000,9999.000,9999.000,9999.000,9999.000,9999.000
202608091712,   5.978,9999.000,9999.000,9999.000,9999.000,9999.000,9999.000,9999.000,9999.000
202608091718,   5.875,9999.000,9999.000,9999.000,9999.000,9999.000,9999.000,9999.000,9999.000
202608091724,   5.768,9999.000,9999.000,9999.000,9999.000,9999.000,9999.000,9999.000,9999.000
202608091730,   5.657,9999.000,9999.000,9999.000,9999.000,9999.000,9999.000,9999.000,9999.000
202608091736,   5.543,9999.000,9999.000,9999.000,9999.000,9999.000,9999.000,9999.000,9999.000
202608091742,   5.426,9999.000,9999.000,9999.000,9999.000,9999.000,9999.000,9999.000,9999.000
202608091748,   5.306,9999.000,9999.000,9999.000,9999.000,9999.000,9999.000,9999.000,9999.000
202608091754,   5.185,9999.000,9999.000,9999.000,9999.000,9999.000,9999.000,9999.000,9999.000
202608091800,   5.063,9999.000,   0.100,   0.055,   5.218,   0.100,   5.218,   0.200,   5.318
202608091806,   4.939,9999.000,9999.000,9999.000,9999.000,9999.000,9999.000,9999.000,9999.000
202608091812,   4.815,9999.000,9999.000,9999.000,9999.000,9999.000,9999.000,9999.000,9999.000
202608091818,   4.690,9999.000,9999.000,9999.000,9999.000,9999.000,9999.000,9999.000,9999.000
202608091824,   4.564,9999.000,9999.000,9999.000,9999.000,9999.000,9999.000,9999.000,9999.000
202608091830,   4.439,9999.000,9999.000,9999.000,9999.000,9999.000,9999.000,9999.000,9999.000
202608091836,   4.315,9999.000,9999.000,9999.000,9999.000,9999.000,9999.000,9999.000,9999.000
202608091842,   4.191,9999.000,9999.000,9999.000,9999.000,9999.000,9999.000,9999.000,9999.000
202608091848,   4.067,9999.000,9999.000,9999.000,9999.000,9999.000,9999.000,9999.000,9999.000
202608091854,   3.945,9999.000,9999.000,9999.000,9999.000,9999.000,9999.000,9999.000,9999.000
202608091900,   3.825,9999.000,   0.100,   0.055,   3.980,   0.100,   3.980,   0.200,   4.080
202608091906,   3.705,9999.000,9999.000,9999.000,9999.000,9999.000,9999.000,9999.000,9999.000
202608091912,   3.588,9999.000,9999.000,9999.000,9999.000,9999.000,9999.000,9999.000,9999.000
202608091918,   3.473,9999.000,9999.000,9999.000,9999.000,9999.000,9999.000,9999.000,9999.000
202608091924,   3.360,9999.000,9999.000,9999.000,9999.000,9999.000,9999.000,9999.000,9999.000
202608091930,   3.250,9999.000,9999.000,9999.000,9999.000,9999.000,9999.000,9999.000,9999.000
202608091936,   3.142,9999.000,9999.000,9999.000,9999.000,9999.000,9999.000,9999.000,9999.000
202608091942,   3.036,9999.000,9999.000,9999.000,9999.000,9999.000,9999.000,9999.000,9999.000
202608091948,   2.934,9999.000,9999.000,9999.000,9999.000,9999.000,9999.000,9999.000,9999.000
202608091954,   2.834,9999.000,9999.000,9999.000,9999.000,9999.000,9999.000,9999.000,9999.000
202608092000,   2.737,9999.000,   0.100,   0.055,   2.892,   0.100,   2.892,   0.200,   2.992
202608092006,   2.643,9999.000,9999.000,9999.000,9999.000,9999.000,9999.000,9999.000,9999.000
202608092012,   2.551,9999.000,9999.000,9999.000,9999.000,9999.000,9999.000,9999.000,9999.000
202608092018,   2.462,9999.000,9999.000,9999.000,9999.000,9999.000,9999.000,9999.000,9999.000
202608092024,   2.376,9999.000,9999.000,9999.000,9999.000,9999.000,9999.000,9999.000,9999.000
202608092030,   2.291,9999.000,9999.000,9999.000,9999.000,9999.000,9999.000,9999.000,9999.000
202608092036,   2.209,9999.000,9999.000,9999.000,9999.000,9999.000,9999.000,9999.000,9999.000
202608092042,   2.128,9999.000,9999.000,9999.000,9999.000,9999.000,9999.000,9999.000,9999.000
202608092048,   2.048,9999.000,9999.000,9999.000,9999.000,9999.000,9999.000,9999.000,9999.000
202608092054,   1.971,9999.000,9999.000,9999.000,9999.000,9999.000,9999.000,9999.000,9999.000
202608092100,   1.894,9999.000,   0.100,   0.055,   2.049,   0.100,   2.049,   0.200,   2.149
202608092106,   1.818,9999.000,9999.000,9999.000,9999.000,9999.000,9999.000,9999.000,9999.000
202608092112,   1.743,9999.000,9999.000,9999.000,9999.000,9999.000,9999.000,9999.000,9999.000
202608092118,   1.670,9999.000,9999.000,9999.000,9999.000,9999.000,9999.000,9999.000,9999.000
202608092124,   1.597,9999.000,9999.000,9999.000,9999.000,9999.000,9999.000,9999.000,9999.000
202608092130,   1.525,9999.000,9999.000,9999.000,9999.000,9999.000,9999.000,9999.000,9999.000
202608092136,   1.455,9999.000,9999.000,9999.000,9999.000,9999.000,9999.000,9999.000,9999.000
202608092142,   1.387,9999.000,9999.000,9999.000,9999.000,9999.000,9999.000,9999.000,9999.000
202608092148,   1.320,9999.000,9999.000,9999.000,9999.000,9999.000,9999.000,9999.000,9999.000
202608092154,   1.257,9999.000,9999.000,9999.000,9999.000,9999.000,9999.000,9999.000,9999.000
202608092200,   1.196,9999.000,   0.200,   0.055,   1.451,   0.100,   1.351,   0.200,   1.451
202608092206,   1.140,9999.000,9999.000,9999.000,9999.000,9999.000,9999.000,9999.000,9999.000
202608092212,   1.088,9999.000,9999.000,9999.000,9999.000,9999.000,9999.000,9999.000,9999.000
202608092218,   1.042,9999.000,9999.000,9999.000,9999.000,9999.000,9999.000,9999.000,9999.000
202608092224,   1.003,9999.000,9999.000,9999.000,9999.000,9999.000,9999.000,9999.000,9999.000
202608092230,   0.971,9999.000,9999.000,9999.000,9999.000,9999.000,9999.000,9999.000,9999.000
202608092236,   0.947,9999.000,9999.000,9999.000,9999.000,9999.000,9999.000,9999.000,9999.000
202608092242,   0.932,9999.000,9999.000,9999.000,9999.000,9999.000,9999.000,9999.000,9999.000
202608092248,   0.927,9999.000,9999.000,9999.000,9999.000,9999.000,9999.000,9999.000,9999.000
202608092254,   0.932,9999.000,9999.000,9999.000,9999.000,9999.000,9999.000,9999.000,9999.000
202608092300,   0.949,9999.000,   0.200,   0.055,   1.204,   0.100,   1.104,   0.200,   1.204
202608092306,   0.978,9999.000,9999.000,9999.000,9999.000,9999.000,9999.000,9999.000,9999.000
202608092312,   1.020,9999.000,9999.000,9999.000,9999.000,9999.000,9999.000,9999.000,9999.000
202608092318,   1.074,9999.000,9999.000,9999.000,9999.000,9999.000,9999.000,9999.000,9999.000
202608092324,   1.141,9999.000,9999.000,9999.000,9999.000,9999.000,9999.000,9999.000,9999.000
202608092330,   1.221,9999.000,9999.000,9999.000,9999.000,9999.000,9999.000,9999.000,9999.000
202608092336,   1.314,9999.000,9999.000,9999.000,9999.000,9999.000,9999.000,9999.000,9999.000
202608092342,   1.420,9999.000,9999.000,9999.000,9999.000,9999.000,9999.000,9999.000,9999.000
202608092348,   1.539,9999.000,9999.000,9999.000,9999.000,9999.000,9999.000,9999.000,9999.000
202608092354,   1.669,9999.000,9999.000,9999.000,9999.000,9999.000,9999.000,9999.000,9999.000
202608100000,   1.810,9999.000,   0.200,   0.055,   2.065,   0.100,   1.965,   0.200,   2.065
202608100006,   1.962,9999.000,9999.000,9999.000,9999.000,9999.000,9999.000,9999.000,9999.000
202608100012,   2.124,9999.000,9999.000,9999.000,9999.000,9999.000,9999.000,9999.000,9999.000
202608100018,   2.295,9999.000,9999.000,9999.000,9999.000,9999.000,9999.000,9999.000,9999.000
202608100024,   2.473,9999.000,9999.000,9999.000,9999.000,9999.000,9999.000,9999.000,9999.000
202608100030,   2.658,9999.000,9999.000,9999.000,9999.000,9999.000,9999.000,9999.000,9999.000
202608100036,   2.849,9999.000,9999.000,9999.000,9999.000,9999.000,9999.000,9999.000,9999.000
202608100042,   3.044,9999.000,9999.000,9999.000,9999.000,9999.000,9999.000,9999.000,9999.000
202608100048,   3.243,9999.000,9999.000,9999.000,9999.000,9999.000,9999.000,9999.000,9999.000
202608100054,   3.445,9999.000,9999.000,9999.000,9999.000,9999.000,9999.000,9999.000,9999.000
202608100100,   3.648,9999.000,   0.200,   0.055,   3.903,   0.100,   3.803,   0.200,   3.903
202608100106,   3.853,9999.000,9999.000,9999.000,9999.000,9999.000,9999.000,9999.000,9999.000
202608100112,   4.057,9999.000,9999.000,9999.000,9999.000,9999.000,9999.000,9999.000,9999.000
202608100118,   4.261,9999.000,9999.000,9999.000,9999.000,9999.000,9999.000,9999.000,9999.000
202608100124,   4.463,9999.000,9999.000,9999.000,9999.000,9999.000,9999.000,9999.000,9999.000
202608100130,   4.663,9999.000,9999.000,9999.000,9999.000,9999.000,9999.000,9999.000,9999.000
202608100136,   4.861,9999.000,9999.000,9999.000,9999.000,9999.000,9999.000,9999.000,9999.000
202608100142,   5.056,9999.000,9999.000,9999.000,9999.000,9999.000,9999.000,9999.000,9999.000
202608100148,   5.248,9999.000,9999.000,9999.000,9999.000,9999.000,9999.000,9999.000,9999.000
202608100154,   5.436,9999.000,9999.000,9999.000,9999.000,9999.000,9999.000,9999.000,9999.000
202608100200,   5.620,9999.000,   0.200,   0.055,   5.875,   0.100,   5.775,   0.200,   5.875
202608100206,   5.800,9999.000,9999.000,9999.000,9999.000,9999.000,9999.000,9999.000,9999.000
202608100212,   5.975,9999.000,9999.000,9999.000,9999.000,9999.000,9999.000,9999.000,9999.000
202608100218,   6.146,9999.000,9999.000,9999.000,9999.000,9999.000,9999.000,9999.000,9999.000
202608100224,   6.312,9999.000,9999.000,9999.000,9999.000,9999.000,9999.000,9999.000,9999.000
202608100230,   6.472,9999.000,9999.000,9999.000,9999.000,9999.000,9999.000,9999.000,9999.000
202608100236,   6.627,9999.000,9999.000,9999.000,9999.000,9999.000,9999.000,9999.000,9999.000
202608100242,   6.777,9999.000,9999.000,9999.000,9999.000,9999.000,9999.000,9999.000,9999.000
202608100248,   6.920,9999.000,9999.000,9999.000,9999.000,9999.000,9999.000,9999.000,9999.000
202608100254,   7.056,9999.000,9999.000,9999.000,9999.000,9999.000,9999.000,9999.000,9999.000
202608100300,   7.186,9999.000,   0.200,   0.055,   7.441,   0.100,   7.341,   0.200,   7.441
202608100306,   7.309,9999.000,9999.000,9999.000,9999.000,9999.000,9999.000,9999.000,9999.000
202608100312,   7.424,9999.000,9999.000,9999.000,9999.000,9999.000,9999.000,9999.000,9999.000
202608100318,   7.530,9999.000,9999.000,9999.000,9999.000,9999.000,9999.000,9999.000,9999.000
202608100324,   7.629,9999.000,9999.000,9999.000,9999.000,9999.000,9999.000,9999.000,9999.000
202608100330,   7.718,9999.000,9999.000,9999.000,9999.000,9999.000,9999.000,9999.000,9999.000
202608100336,   7.798,9999.000,9999.000,9999.000,9999.000,9999.000,9999.000,9999.000,9999.000
202608100342,   7.868,9999.000,9999.000,9999.000,9999.000,9999.000,9999.000,9999.000,9999.000
202608100348,   7.928,9999.000,9999.000,9999.000,9999.000,9999.000,9999.000,9999.000,9999.000
202608100354,   7.977,9999.000,9999.000,9999.000,9999.000,9999.000,9999.000,9999.000,9999.000
202608100400,   8.016,9999.000,   0.200,   0.055,   8.271,   0.100,   8.171,   0.300,   8.371
202608100406,   8.045,9999.000,9999.000,9999.000,9999.000,9999.000,9999.000,9999.000,9999.000
202608100412,   8.062,9999.000,9999.000,9999.000,9999.000,9999.000,9999.000,9999.000,9999.000
202608100418,   8.070,9999.000,9999.000,9999.000,9999.000,9999.000,9999.000,9999.000,9999.000
202608100424,   8.066,9999.000,9999.000,9999.000,9999.000,9999.000,9999.000,9999.000,9999.000
202608100430,   8.052,9999.000,9999.000,9999.000,9999.000,9999.000,9999.000,9999.000,9999.000
202608100436,   8.028,9999.000,9999.000,9999.000,9999.000,9999.000,9999.000,9999.000,9999.000
202608100442,   7.995,9999.000,9999.000,9999.000,9999.000,9999.000,9999.000,9999.000,9999.000
202608100448,   7.952,9999.000,9999.000,9999.000,9999.000,9999.000,9999.000,9999.000,9999.000
202608100454,   7.901,9999.000,9999.000,9999.000,9999.000,9999.000,9999.000,9999.000,9999.000
202608100500,   7.841,9999.000,   0.200,   0.055,   8.096,   0.100,   7.996,   0.300,   8.196
202608100506,   7.774,9999.000,9999.000,9999.000,9999.000,9999.000,9999.000,9999.000,9999.000
202608100512,   7.700,9999.000,9999.000,9999.000,9999.000,9999.000,9999.000,9999.000,9999.000
202608100518,   7.619,9999.000,9999.000,9999.000,9999.000,9999.000,9999.000,9999.000,9999.000
202608100524,   7.533,9999.000,9999.000,9999.000,9999.000,9999.000,9999.000,9999.000,9999.000
202608100530,   7.442,9999.000,9999.000,9999.000,9999.000,9999.000,9999.000,9999.000,9999.000
202608100536,   7.347,9999.000,9999.000,9999.000,9999.000,9999.000,9999.000,9999.000,9999.000
202608100542,   7.247,9999.000,9999.000,9999.000,9999.000,9999.000,9999.000,9999.000,9999.000
202608100548,   7.145,9999.000,9999.000,9999.000,9999.000,9999.000,9999.000,9999.000,9999.000
202608100554,   7.040,9999.000,9999.000,9999.000,9999.000,9999.000,9999.000,9999.000,9999.000
202608100600,   6.932,9999.000,   0.200,   0.055,   7.187,   0.100,   7.087,   0.300,   7.287
202608100606,   6.823,9999.000,9999.000,9999.000,9999.000,9999.000,9999.000,9999.000,9999.000
202608100612,   6.713,9999.000,9999.000,9999.000,9999.000,9999.000,9999.000,9999.000,9999.000
202608100618,   6.602,9999.000,9999.000,9999.000,9999.000,9999.000,9999.000,9999.000,9999.000
202608100624,   6.490,9999.000,9999.000,9999.000,9999.000,9999.000,9999.000,9999.000,9999.000
202608100630,   6.378,9999.000,9999.000,9999.000,9999.000,9999.000,9999.000,9999.000,9999.000
202608100636,   6.265,9999.000,9999.000,9999.000,9999.000,9999.000,9999.000,9999.000,9999.000
202608100642,   6.153,9999.000,9999.000,9999.000,9999.000,9999.000,9999.000,9999.000,9999.000
202608100648,   6.040,9999.000,9999.000,9999.000,9999.000,9999.000,9999.000,9999.000,9999.000
202608100654,   5.929,9999.000,9999.000,9999.000,9999.000,9999.000,9999.000,9999.000,9999.000
202608100700,   5.817,9999.000,   0.200,   0.055,   6.072,   0.200,   6.072,   0.300,   6.172
202608100706,   5.706,9999.000,9999.000,9999.000,9999.000,9999.000,9999.000,9999.000,9999.000
202608100712,   5.596,9999.000,9999.000,9999.000,9999.000,9999.000,9999.000,9999.000,9999.000
202608100718,   5.487,9999.000,9999.000,9999.000,9999.000,9999.000,9999.000,9999.000,9999.000
202608100724,   5.379,9999.000,9999.000,9999.000,9999.000,9999.000,9999.000,9999.000,9999.000
202608100730,   5.271,9999.000,9999.000,9999.000,9999.000,9999.000,9999.000,9999.000,9999.000
202608100736,   5.165,9999.000,9999.000,9999.000,9999.000,9999.000,9999.000,9999.000,9999.000
202608100742,   5.059,9999.000,9999.000,9999.000,9999.000,9999.000,9999.000,9999.000,9999.000
202608100748,   4.955,9999.000,9999.000,9999.000,9999.000,9999.000,9999.000,9999.000,9999.000
202608100754,   4.852,9999.000,9999.000,9999.000,9999.000,9999.000,9999.000,9999.000,9999.000
202608100800,   4.749,9999.000,   0.200,   0.055,   5.004,   0.200,   5.004,   0.300,   5.104
202608100806,   4.648,9999.000,9999.000,9999.000,9999.000,9999.000,9999.000,9999.000,9999.000
202608100812,   4.547,9999.000,9999.000,9999.000,9999.000,9999.000,9999.000,9999.000,9999.000
202608100818,   4.447,9999.000,9999.000,9999.000,9999.000,9999.000,9999.000,9999.000,9999.000
202608100824,   4.347,9999.000,9999.000,9999.000,9999.000,9999.000,9999.000,9999.000,9999.000
202608100830,   4.248,9999.000,9999.000,9999.000,9999.000,9999.000,9999.000,9999.000,9999.000
202608100836,   4.149,9999.000,9999.000,9999.000,9999.000,9999.000,9999.000,9999.000,9999.000
202608100842,   4.050,9999.000,9999.000,9999.000,9999.000,9999.000,9999.000,9999.000,9999.000
202608100848,   3.950,9999.000,9999.000,9999.000,9999.000,9999.000,9999.000,9999.000,9999.000
202608100854,   3.850,9999.000,9999.000,9999.000,9999.000,9999.000,9999.000,9999.000,9999.000
202608100900,   3.748,9999.000,   0.200,   0.055,   4.003,   0.200,   4.003,   0.300,   4.103
202608100906,   3.645,9999.000,9999.000,9999.000,9999.000,9999.000,9999.000,9999.000,9999.000
202608100912,   3.540,9999.000,9999.000,9999.000,9999.000,9999.000,9999.000,9999.000,9999.000
202608100918,   3.433,9999.000,9999.000,9999.000,9999.000,9999.000,9999.000,9999.000,9999.000
202608100924,   3.324,9999.000,9999.000,9999.000,9999.000,9999.000,9999.000,9999.000,9999.000
202608100930,   3.212,9999.000,9999.000,9999.000,9999.000,9999.000,9999.000,9999.000,9999.000
202608100936,   3.098,9999.000,9999.000,9999.000,9999.000,9999.000,9999.000,9999.000,9999.000
202608100942,   2.981,9999.000,9999.000,9999.000,9999.000,9999.000,9999.000,9999.000,9999.000
202608100948,   2.861,9999.000,9999.000,9999.000,9999.000,9999.000,9999.000,9999.000,9999.000
202608100954,   2.740,9999.000,9999.000,9999.000,9999.000,9999.000,9999.000,9999.000,9999.000
202608101000,   2.616,9999.000,   0.200,   0.055,   2.871,   0.200,   2.871,   0.300,   2.971
202608101006,   2.490,9999.000,9999.000,9999.000,9999.000,9999.000,9999.000,9999.000,9999.000
202608101012,   2.363,9999.000,9999.000,9999.000,9999.000,9999.000,9999.000,9999.000,9999.000
202608101018,   2.235,9999.000,9999.000,9999.000,9999.000,9999.000,9999.000,9999.000,9999.000
202608101024,   2.108,9999.000,9999.000,9999.000,9999.000,9999.000,9999.000,9999.000,9999.000
202608101030,   1.981,9999.000,9999.000,9999.000,9999.000,9999.000,9999.000,9999.000,9999.000
202608101036,   1.856,9999.000,9999.000,9999.000,9999.000,9999.000,9999.000,9999.000,9999.000
202608101042,   1.734,9999.000,9999.000,9999.000,9999.000,9999.000,9999.000,9999.000,9999.000
202608101048,   1.615,9999.000,9999.000,9999.000,9999.000,9999.000,9999.000,9999.000,9999.000
202608101054,   1.502,9999.000,9999.000,9999.000,9999.000,9999.000,9999.000,9999.000,9999.000
202608101100,   1.394,9999.000,   0.200,   0.055,   1.649,   0.200,   1.649,   0.300,   1.749
202608101106,   1.294,9999.000,9999.000,9999.000,9999.000,9999.000,9999.000,9999.000,9999.000
202608101112,   1.201,9999.000,9999.000,9999.000,9999.000,9999.000,9999.000,9999.000,9999.000
202608101118,   1.118,9999.000,9999.000,9999.000,9999.000,9999.000,9999.000,9999.000,9999.000
202608101124,   1.045,9999.000,9999.000,9999.000,9999.000,9999.000,9999.000,9999.000,9999.000
202608101130,   0.984,9999.000,9999.000,9999.000,9999.000,9999.000,9999.000,9999.000,9999.000
202608101136,   0.934,9999.000,9999.000,9999.000,9999.000,9999.000,9999.000,9999.000,9999.000
202608101142,   0.896,9999.000,9999.000,9999.000,9999.000,9999.000,9999.000,9999.000,9999.000
202608101148,   0.872,9999.000,9999.000,9999.000,9999.000,9999.000,9999.000,9999.000,9999.000
202608101154,   0.861,9999.000,9999.000,9999.000,9999.000,9999.000,9999.000,9999.000,9999.000
202608101200,   0.864,9999.000,   0.200,   0.055,   1.119,   0.200,   1.119,   0.300,   1.219
202608101206,   0.881,9999.000,9999.000,9999.000,9999.000,9999.000,9999.000,9999.000,9999.000
202608101212,   0.911,9999.000,9999.000,9999.000,9999.000,9999.000,9999.000,9999.000,9999.000
202608101218,   0.955,9999.000,9999.000,9999.000,9999.000,9999.000,9999.000,9999.000,9999.000
202608101224,   1.012,9999.000,9999.000,9999.000,9999.000,9999.000,9999.000,9999.000,9999.000
202608101230,   1.082,9999.000,9999.000,9999.000,9999.000,9999.000,9999.000,9999.000,9999.000
202608101236,   1.164,9999.000,9999.000,9999.000,9999.000,9999.000,9999.000,9999.000,9999.000
202608101242,   1.257,9999.000,9999.000,9999.000,9999.000,9999.000,9999.000,9999.000,9999.000
202608101248,   1.362,9999.000,9999.000,9999.000,9999.000,9999.000,9999.000,9999.000,9999.000
202608101254,   1.476,9999.000,9999.000,9999.000,9999.000,9999.000,9999.000,9999.000,9999.000
202608101300,   1.599,9999.000,   0.200,   0.055,   1.854,   0.200,   1.854,   0.300,   1.954
202608101306,   1.731,9999.000,9999.000,9999.000,9999.000,9999.000,9999.000,9999.000,9999.000
202608101312,   1.870,9999.000,9999.000,9999.000,9999.000,9999.000,9999.000,9999.000,9999.000
202608101318,   2.016,9999.000,9999.000,9999.000,9999.000,9999.000,9999.000,9999.000,9999.000
202608101324,   2.167,9999.000,9999.000,9999.000,9999.000,9999.000,9999.000,9999.000,9999.000
202608101330,   2.323,9999.000,9999.000,9999.000,9999.000,9999.000,9999.000,9999.000,9999.000
202608101336,   2.484,9999.000,9999.000,9999.000,9999.000,9999.000,9999.000,9999.000,9999.000
202608101342,   2.648,9999.000,9999.000,9999.000,9999.000,9999.000,9999.000,9999.000,9999.000
202608101348,   2.815,9999.000,9999.000,9999.000,9999.000,9999.000,9999.000,9999.000,9999.000
202608101354,   2.984,9999.000,9999.000,9999.000,9999.000,9999.000,9999.000,9999.000,9999.000
202608101400,   3.155,9999.000,   0.200,   0.055,   3.410,   0.200,   3.410,   0.300,   3.510
202608101406,   3.327,9999.000,9999.000,9999.000,9999.000,9999.000,9999.000,9999.000,9999.000
202608101412,   3.500,9999.000,9999.000,9999.000,9999.000,9999.000,9999.000,9999.000,9999.000
202608101418,   3.673,9999.000,9999.000,9999.000,9999.000,9999.000,9999.000,9999.000,9999.000
202608101424,   3.846,9999.000,9999.000,9999.000,9999.000,9999.000,9999.000,9999.000,9999.000
202608101430,   4.019,9999.000,9999.000,9999.000,9999.000,9999.000,9999.000,9999.000,9999.000
202608101436,   4.192,9999.000,9999.000,9999.000,9999.000,9999.000,9999.000,9999.000,9999.000
202608101442,   4.363,9999.000,9999.000,9999.000,9999.000,9999.000,9999.000,9999.000,9999.000
202608101448,   4.533,9999.000,9999.000,9999.000,9999.000,9999.000,9999.000,9999.000,9999.000
202608101454,   4.701,9999.000,9999.000,9999.000,9999.000,9999.000,9999.000,9999.000,9999.000
202608101500,   4.867,9999.000,   0.200,   0.055,   5.122,   0.200,   5.122,   0.300,   5.222
202608101506,   5.030,9999.000,9999.000,9999.000,9999.000,9999.000,9999.000,9999.000,9999.000
202608101512,   5.190,9999.000,9999.000,9999.000,9999.000,9999.000,9999.000,9999.000,9999.000
202608101518,   5.345,9999.000,9999.000,9999.000,9999.000,9999.000,9999.000,9999.000,9999.000
202608101524,   5.497,9999.000,9999.000,9999.000,9999.000,9999.000,9999.000,9999.000,9999.000
202608101530,   5.643,9999.000,9999.000,9999.000,9999.000,9999.000,9999.000,9999.000,9999.000
202608101536,   5.784,9999.000,9999.000,9999.000,9999.000,9999.000,9999.000,9999.000,9999.000
202608101542,   5.919,9999.000,9999.000,9999.000,9999.000,9999.000,9999.000,9999.000,9999.000
202608101548,   6.046,9999.000,9999.000,9999.000,9999.000,9999.000,9999.000,9999.000,9999.000
202608101554,   6.166,9999.000,9999.000,9999.000,9999.000,9999.000,9999.000,9999.000,9999.000
202608101600,   6.277,9999.000,   0.200,   0.055,   6.532,   0.200,   6.532,   0.300,   6.632
202608101606,   6.380,9999.000,9999.000,9999.000,9999.000,9999.000,9999.000,9999.000,9999.000
202608101612,   6.473,9999.000,9999.000,9999.000,9999.000,9999.000,9999.000,9999.000,9999.000
202608101618,   6.557,9999.000,9999.000,9999.000,9999.000,9999.000,9999.000,9999.000,9999.000
202608101624,   6.630,9999.000,9999.000,9999.000,9999.000,9999.000,9999.000,9999.000,9999.000
202608101630,   6.692,9999.000,9999.000,9999.000,9999.000,9999.000,9999.000,9999.000,9999.000
202608101636,   6.743,9999.000,9999.000,9999.000,9999.000,9999.000,9999.000,9999.000,9999.000
202608101642,   6.783,9999.000,9999.000,9999.000,9999.000,9999.000,9999.000,9999.000,9999.000
202608101648,   6.812,9999.000,9999.000,9999.000,9999.000,9999.000,9999.000,9999.000,9999.000
202608101654,   6.830,9999.000,9999.000,9999.000,9999.000,9999.000,9999.000,9999.000,9999.000
202608101700,   6.836,9999.000,   0.200,   0.055,   7.091,   0.200,   7.091,   0.300,   7.191
202608101706,   6.832,9999.000,9999.000,9999.000,9999.000,9999.000,9999.000,9999.000,9999.000
202608101712,   6.817,9999.000,9999.000,9999.000,9999.000,9999.000,9999.000,9999.000,9999.000
202608101718,   6.791,9999.000,9999.000,9999.000,9999.000,9999.000,9999.000,9999.000,9999.000
202608101724,   6.756,9999.000,9999.000,9999.000,9999.000,9999.000,9999.000,9999.000,9999.000
202608101730,   6.711,9999.000,9999.000,9999.000,9999.000,9999.000,9999.000,9999.000,9999.000
202608101736,   6.658,9999.000,9999.000,9999.000,9999.000,9999.000,9999.000,9999.000,9999.000
202608101742,   6.596,9999.000,9999.000,9999.000,9999.000,9999.000,9999.000,9999.000,9999.000
202608101748,   6.527,9999.000,9999.000,9999.000,9999.000,9999.000,9999.000,9999.000,9999.000
202608101754,   6.451,9999.000,9999.000,9999.000,9999.000,9999.000,9999.000,9999.000,9999.000
202608101800,   6.368,9999.000,   0.200,   0.055,   6.623,   0.200,   6.623,   0.300,   6.723
202608101806,   6.279,9999.000,9999.000,9999.000,9999.000,9999.000,9999.000,9999.000,9999.000
202608101812,   6.185,9999.000,9999.000,9999.000,9999.000,9999.000,9999.000,9999.000,9999.000
202608101818,   6.086,9999.000,9999.000,9999.000,9999.000,9999.000,9999.000,9999.000,9999.000
202608101824,   5.983,9999.000,9999.000,9999.000,9999.000,9999.000,9999.000,9999.000,9999.000
202608101830,   5.876,9999.000,9999.000,9999.000,9999.000,9999.000,9999.000,9999.000,9999.000
202608101836,   5.766,9999.000,9999.000,9999.000,9999.000,9999.000,9999.000,9999.000,9999.000
202608101842,   5.653,9999.000,9999.000,9999.000,9999.000,9999.000,9999.000,9999.000,9999.000
202608101848,   5.538,9999.000,9999.000,9999.000,9999.000,9999.000,9999.000,9999.000,9999.000
202608101854,   5.421,9999.000,9999.000,9999.000,9999.000,9999.000,9999.000,9999.000,9999.000
202608101900,   5.303,9999.000,   0.300,   0.055,   5.658,   0.200,   5.558,   0.300,   5.658
202608101906,   5.183,9999.000,9999.000,9999.000,9999.000,9999.000,9999.000,9999.000,9999.000
202608101912,   5.062,9999.000,9999.000,9999.000,9999.000,9999.000,9999.000,9999.000,9999.000
202608101918,   4.940,9999.000,9999.000,9999.000,9999.000,9999.000,9999.000,9999.000,9999.000
202608101924,   4.818,9999.000,9999.000,9999.000,9999.000,9999.000,9999.000,9999.000,9999.000
202608101930,   4.696,9999.000,9999.000,9999.000,9999.000,9999.000,9999.000,9999.000,9999.000
202608101936,   4.574,9999.000,9999.000,9999.000,9999.000,9999.000,9999.000,9999.000,9999.000
202608101942,   4.453,9999.000,9999.000,9999.000,9999.000,9999.000,9999.000,9999.000,9999.000
202608101948,   4.332,9999.000,9999.000,9999.000,9999.000,9999.000,9999.000,9999.000,9999.000
202608101954,   4.213,9999.000,9999.000,9999.000,9999.000,9999.000,9999.000,9999.000,9999.000
202608102000,   4.094,9999.000,   0.300,   0.055,   4.449,   0.200,   4.349,   0.300,   4.449
202608102006,   3.977,9999.000,9999.000,9999.000,9999.000,9999.000,9999.000,9999.000,9999.000
202608102012,   3.861,9999.000,9999.000,9999.000,9999.000,9999.000,9999.000,9999.000,9999.000
202608102018,   3.748,9999.000,9999.000,9999.000,9999.000,9999.000,9999.000,9999.000,9999.000
202608102024,   3.636,9999.000,9999.000,9999.000,9999.000,9999.000,9999.000,9999.000,9999.000
202608102030,   3.526,9999.000,9999.000,9999.000,9999.000,9999.000,9999.000,9999.000,9999.000
202608102036,   3.418,9999.000,9999.000,9999.000,9999.000,9999.000,9999.000,9999.000,9999.000
202608102042,   3.313,9999.000,9999.000,9999.000,9999.000,9999.000,9999.000,9999.000,9999.000
202608102048,   3.210,9999.000,9999.000,9999.000,9999.000,9999.000,9999.000,9999.000,9999.000
202608102054,   3.108,9999.000,9999.000,9999.000,9999.000,9999.000,9999.000,9999.000,9999.000
202608102100,   3.009,9999.000,   0.300,   0.055,   3.364,   0.300,   3.364,   0.400,   3.464
202608102106,   2.912,9999.000,9999.000,9999.000,9999.000,9999.000,9999.000,9999.000,9999.000
202608102112,   2.816,9999.000,9999.000,9999.000,9999.000,9999.000,9999.000,9999.000,9999.000
202608102118,   2.721,9999.000,9999.000,9999.000,9999.000,9999.000,9999.000,9999.000,9999.000
202608102124,   2.628,9999.000,9999.000,9999.000,9999.000,9999.000,9999.000,9999.000,9999.000
202608102130,   2.536,9999.000,9999.000,9999.000,9999.000,9999.000,9999.000,9999.000,9999.000
202608102136,   2.445,9999.000,9999.000,9999.000,9999.000,9999.000,9999.000,9999.000,9999.000
202608102142,   2.354,9999.000,9999.000,9999.000,9999.000,9999.000,9999.000,9999.000,9999.000
202608102148,   2.264,9999.000,9999.000,9999.000,9999.000,9999.000,9999.000,9999.000,9999.000
202608102154,   2.173,9999.000,9999.000,9999.000,9999.000,9999.000,9999.000,9999.000,9999.000
202608102200,   2.083,9999.000,   0.300,   0.055,   2.438,   0.300,   2.438,   0.400,   2.538
202608102206,   1.993,9999.000,9999.000,9999.000,9999.000,9999.000,9999.000,9999.000,9999.000
202608102212,   1.902,9999.000,9999.000,9999.000,9999.000,9999.000,9999.000,9999.000,9999.000
202608102218,   1.812,9999.000,9999.000,9999.000,9999.000,9999.000,9999.000,9999.000,9999.000
202608102224,   1.722,9999.000,9999.000,9999.000,9999.000,9999.000,9999.000,9999.000,9999.000
202608102230,   1.633,9999.000,9999.000,9999.000,9999.000,9999.000,9999.000,9999.000,9999.000
202608102236,   1.545,9999.000,9999.000,9999.000,9999.000,9999.000,9999.000,9999.000,9999.000
202608102242,   1.458,9999.000,9999.000,9999.000,9999.000,9999.000,9999.000,9999.000,9999.000
202608102248,   1.374,9999.000,9999.000,9999.000,9999.000,9999.000,9999.000,9999.000,9999.000
202608102254,   1.293,9999.000,9999.000,9999.000,9999.000,9999.000,9999.000,9999.000,9999.000
202608102300,   1.215,9999.000,   0.300,   0.055,   1.570,   0.300,   1.570,   0.400,   1.670
202608102306,   1.142,9999.000,9999.000,9999.000,9999.000,9999.000,9999.000,9999.000,9999.000
202608102312,   1.075,9999.000,9999.000,9999.000,9999.000,9999.000,9999.000,9999.000,9999.000
202608102318,   1.014,9999.000,9999.000,9999.000,9999.000,9999.000,9999.000,9999.000,9999.000
202608102324,   0.960,9999.000,9999.000,9999.000,9999.000,9999.000,9999.000,9999.000,9999.000
202608102330,   0.915,9999.000,9999.000,9999.000,9999.000,9999.000,9999.000,9999.000,9999.000
202608102336,   0.879,9999.000,9999.000,9999.000,9999.000,9999.000,9999.000,9999.000,9999.000
202608102342,   0.854,9999.000,9999.000,9999.000,9999.000,9999.000,9999.000,9999.000,9999.000
202608102348,   0.840,9999.000,9999.000,9999.000,9999.000,9999.000,9999.000,9999.000,9999.000
202608102354,   0.837,9999.000,9999.000,9999.000,9999.000,9999.000,9999.000,9999.000,9999.000
202608110000,   0.848,9999.000,   0.400,   0.055,   1.303,   0.300,   1.203,   0.400,   1.303
202608110006,   0.871,9999.000,9999.000,9999.000,9999.000,9999.000,9999.000,9999.000,9999.000
202608110012,   0.908,9999.000,9999.000,9999.000,9999.000,9999.000,9999.000,9999.000,9999.000
202608110018,   0.959,9999.000,9999.000,9999.000,9999.000,9999.000,9999.000,9999.000,9999.000
202608110024,   1.023,9999.000,9999.000,9999.000,9999.000,9999.000,9999.000,9999.000,9999.000
202608110030,   1.101,9999.000,9999.000,9999.000,9999.000,9999.000,9999.000,9999.000,9999.000
202608110036,   1.193,9999.000,9999.000,9999.000,9999.000,9999.000,9999.000,9999.000,9999.000
202608110042,   1.298,9999.000,9999.000,9999.000,9999.000,9999.000,9999.000,9999.000,9999.000
202608110048,   1.416,9999.000,9999.000,9999.000,9999.000,9999.000,9999.000,9999.000,9999.000
202608110054,   1.546,9999.000,9999.000,9999.000,9999.000,9999.000,9999.000,9999.000,9999.000
202608110100,   1.688,9999.000,   0.400,   0.055,   2.143,   0.300,   2.043,   0.400,   2.143
202608110106,   1.840,9999.000,9999.000,9999.000,9999.000,9999.000,9999.000,9999.000,9999.000
202608110112,   2.002,9999.000,9999.000,9999.000,9999.000,9999.000,9999.000,9999.000,9999.000
202608110118,   2.172,9999.000,9999.000,9999.000,9999.000,9999.000,9999.000,9999.000,9999.000
202608110124,   2.351,9999.000,9999.000,9999.000,9999.000,9999.000,9999.000,9999.000,9999.000
202608110130,   2.536,9999.000,9999.000,9999.000,9999.000,9999.000,9999.000,9999.000,9999.000
202608110136,   2.728,9999.000,9999.000,9999.000,9999.000,9999.000,9999.000,9999.000,9999.000
202608110142,   2.924,9999.000,9999.000,9999.000,9999.000,9999.000,9999.000,9999.000,9999.000
202608110148,   3.124,9999.000,9999.000,9999.000,9999.000,9999.000,9999.000,9999.000,9999.000
202608110154,   3.327,9999.000,9999.000,9999.000,9999.000,9999.000,9999.000,9999.000,9999.000
202608110200,   3.532,9999.000,   0.400,   0.055,   3.987,   0.300,   3.887,   0.500,   4.087
202608110206,   3.738,9999.000,9999.000,9999.000,9999.000,9999.000,9999.000,9999.000,9999.000
202608110212,   3.946,9999.000,9999.000,9999.000,9999.000,9999.000,9999.000,9999.000,9999.000
202608110218,   4.153,9999.000,9999.000,9999.000,9999.000,9999.000,9999.000,9999.000,9999.000
202608110224,   4.359,9999.000,9999.000,9999.000,9999.000,9999.000,9999.000,9999.000,9999.000
202608110230,   4.564,9999.000,9999.000,9999.000,9999.000,9999.000,9999.000,9999.000,9999.000
202608110236,   4.767,9999.000,9999.000,9999.000,9999.000,9999.000,9999.000,9999.000,9999.000
202608110242,   4.969,9999.000,9999.000,9999.000,9999.000,9999.000,9999.000,9999.000,9999.000
202608110248,   5.168,9999.000,9999.000,9999.000,9999.000,9999.000,9999.000,9999.000,9999.000
202608110254,   5.364,9999.000,9999.000,9999.000,9999.000,9999.000,9999.000,9999.000,9999.000
202608110300,   5.557,9999.000,   0.400,   0.055,   6.012,   0.300,   5.912,   0.500,   6.112
202608110306,   5.746,9999.000,9999.000,9999.000,9999.000,9999.000,9999.000,9999.000,9999.000
202608110312,   5.931,9999.000,9999.000,9999.000,9999.000,9999.000,9999.000,9999.000,9999.000
202608110318,   6.113,9999.000,9999.000,9999.000,9999.000,9999.000,9999.000,9999.000,9999.000
202608110324,   6.289,9999.000,9999.000,9999.000,9999.000,9999.000,9999.000,9999.000,9999.000
202608110330,   6.461,9999.000,9999.000,9999.000,9999.000,9999.000,9999.000,9999.000,9999.000
202608110336,   6.628,9999.000,9999.000,9999.000,9999.000,9999.000,9999.000,9999.000,9999.000
202608110342,   6.788,9999.000,9999.000,9999.000,9999.000,9999.000,9999.000,9999.000,9999.000
202608110348,   6.942,9999.000,9999.000,9999.000,9999.000,9999.000,9999.000,9999.000,9999.000
202608110354,   7.090,9999.000,9999.000,9999.000,9999.000,9999.000,9999.000,9999.000,9999.000
202608110400,   7.230,9999.000,   0.400,   0.055,   7.685,   0.300,   7.585,   0.500,   7.785
202608110406,   7.363,9999.000,9999.000,9999.000,9999.000,9999.000,9999.000,9999.000,9999.000
202608110412,   7.487,9999.000,9999.000,9999.000,9999.000,9999.000,9999.000,9999.000,9999.000
202608110418,   7.602,9999.000,9999.000,9999.000,9999.000,9999.000,9999.000,9999.000,9999.000
202608110424,   7.708,9999.000,9999.000,9999.000,9999.000,9999.000,9999.000,9999.000,9999.000
202608110430,   7.805,9999.000,9999.000,9999.000,9999.000,9999.000,9999.000,9999.000,9999.000
202608110436,   7.891,9999.000,9999.000,9999.000,9999.000,9999.000,9999.000,9999.000,9999.000
202608110442,   7.967,9999.000,9999.000,9999.000,9999.000,9999.000,9999.000,9999.000,9999.000
202608110448,   8.031,9999.000,9999.000,9999.000,9999.000,9999.000,9999.000,9999.000,9999.000
202608110454,   8.085,9999.000,9999.000,9999.000,9999.000,9999.000,9999.000,9999.000,9999.000
202608110500,   8.128,9999.000,   0.400,   0.055,   8.583,   0.300,   8.483,   0.500,   8.683
202608110506,   8.159,9999.000,9999.000,9999.000,9999.000,9999.000,9999.000,9999.000,9999.000
202608110512,   8.180,9999.000,9999.000,9999.000,9999.000,9999.000,9999.000,9999.000,9999.000
202608110518,   8.189,9999.000,9999.000,9999.000,9999.000,9999.000,9999.000,9999.000,9999.000
202608110524,   8.188,9999.000,9999.000,9999.000,9999.000,9999.000,9999.000,9999.000,9999.000
202608110530,   8.176,9999.000,9999.000,9999.000,9999.000,9999.000,9999.000,9999.000,9999.000
202608110536,   8.154,9999.000,9999.000,9999.000,9999.000,9999.000,9999.000,9999.000,9999.000
202608110542,   8.122,9999.000,9999.000,9999.000,9999.000,9999.000,9999.000,9999.000,9999.000
202608110548,   8.081,9999.000,9999.000,9999.000,9999.000,9999.000,9999.000,9999.000,9999.000
202608110554,   8.032,9999.000,9999.000,9999.000,9999.000,9999.000,9999.000,9999.000,9999.000
202608110600,   7.974,9999.000,   0.400,   0.055,   8.429,   0.400,   8.429,   0.500,   8.529
202608110606,   7.910,9999.000,9999.000,9999.000,9999.000,9999.000,9999.000,9999.000,9999.000
202608110612,   7.838,9999.000,9999.000,9999.000,9999.000,9999.000,9999.000,9999.000,9999.000
202608110618,   7.761,9999.000,9999.000,9999.000,9999.000,9999.000,9999.000,9999.000,9999.000
202608110624,   7.678,9999.000,9999.000,9999.000,9999.000,9999.000,9999.000,9999.000,9999.000
202608110630,   7.590,9999.000,9999.000,9999.000,9999.000,9999.000,9999.000,9999.000,9999.000
202608110636,   7.498,9999.000,9999.000,9999.000,9999.000,9999.000,9999.000,9999.000,9999.000
202608110642,   7.403,9999.000,9999.000,9999.000,9999.000,9999.000,9999.000,9999.000,9999.000
202608110648,   7.304,9999.000,9999.000,9999.000,9999.000,9999.000,9999.000,9999.000,9999.000
202608110654,   7.203,9999.000,9999.000,9999.000,9999.000,9999.000,9999.000,9999.000,9999.000
202608110700,   7.100,9999.000,   0.400,   0.055,   7.555,   0.400,   7.555,   0.500,   7.655
202608110706,   6.995,9999.000,9999.000,9999.000,9999.000,9999.000,9999.000,9999.000,9999.000
202608110712,   6.888,9999.000,9999.000,9999.000,9999.000,9999.000,9999.000,9999.000,9999.000
202608110718,   6.781,9999.000,9999.000,9999.000,9999.000,9999.000,9999.000,9999.000,9999.000
202608110724,   6.672,9999.000,9999.000,9999.000,9999.000,9999.000,9999.000,9999.000,9999.000
202608110730,   6.563,9999.000,9999.000,9999.000,9999.000,9999.000,9999.000,9999.000,9999.000
202608110736,   6.454,9999.000,9999.000,9999.000,9999.000,9999.000,9999.000,9999.000,9999.000
202608110742,   6.344,9999.000,9999.000,9999.000,9999.000,9999.000,9999.000,9999.000,9999.000
202608110748,   6.234,9999.000,9999.000,9999.000,9999.000,9999.000,9999.000,9999.000,9999.000
202608110754,   6.124,9999.000,9999.000,9999.000,9999.000,9999.000,9999.000,9999.000,9999.000
202608110800,   6.015,9999.000,   0.400,   0.055,   6.470,   0.400,   6.470,   0.500,   6.570
202608110806,   5.905,9999.000,9999.000,9999.000,9999.000,9999.000,9999.000,9999.000,9999.000
202608110812,   5.797,9999.000,9999.000,9999.000,9999.000,9999.000,9999.000,9999.000,9999.000
202608110818,   5.688,9999.000,9999.000,9999.000,9999.000,9999.000,9999.000,9999.000,9999.000
202608110824,   5.580,9999.000,9999.000,9999.000,9999.000,9999.000,9999.000,9999.000,9999.000
202608110830,   5.473,9999.000,9999.000,9999.000,9999.000,9999.000,9999.000,9999.000,9999.000
202608110836,   5.366,9999.000,9999.000,9999.000,9999.000,9999.000,9999.000,9999.000,9999.000
202608110842,   5.260,9999.000,9999.000,9999.000,9999.000,9999.000,9999.000,9999.000,9999.000
202608110848,   5.154,9999.000,9999.000,9999.000,9999.000,9999.000,9999.000,9999.000,9999.000
202608110854,   5.049,9999.000,9999.000,9999.000,9999.000,9999.000,9999.000,9999.000,9999.000
202608110900,   4.944,9999.000,   0.500,   0.055,   5.499,   0.400,   5.399,   0.600,   5.599
202608110906,   4.840,9999.000,9999.000,9999.000,9999.000,9999.000,9999.000,9999.000,9999.000
202608110912,   4.735,9999.000,9999.000,9999.000,9999.000,9999.000,9999.000,9999.000,9999.000
202608110918,   4.630,9999.000,9999.000,9999.000,9999.000,9999.000,9999.000,9999.000,9999.000
202608110924,   4.525,9999.000,9999.000,9999.000,9999.000,9999.000,9999.000,9999.000,9999.000
202608110930,   4.419,9999.000,9999.000,9999.000,9999.000,9999.000,9999.000,9999.000,9999.000
202608110936,   4.312,9999.000,9999.000,9999.000,9999.000,9999.000,9999.000,9999.000,9999.000
202608110942,   4.204,9999.000,9999.000,9999.000,9999.000,9999.000,9999.000,9999.000,9999.000
202608110948,   4.094,9999.000,9999.000,9999.000,9999.000,9999.000,9999.000,9999.000,9999.000
202608110954,   3.981,9999.000,9999.000,9999.000,9999.000,9999.000,9999.000,9999.000,9999.000
202608111000,   3.867,9999.000,   0.500,   0.055,   4.422,   0.400,   4.322,   0.600,   4.522
202608111006,   3.750,9999.000,9999.000,9999.000,9999.000,9999.000,9999.000,9999.000,9999.000
202608111012,   3.629,9999.000,9999.000,9999.000,9999.000,9999.000,9999.000,9999.000,9999.000
202608111018,   3.506,9999.000,9999.000,9999.000,9999.000,9999.000,9999.000,9999.000,9999.000
202608111024,   3.379,9999.000,9999.000,9999.000,9999.000,9999.000,9999.000,9999.000,9999.000
202608111030,   3.248,9999.000,9999.000,9999.000,9999.000,9999.000,9999.000,9999.000,9999.000
202608111036,   3.114,9999.000,9999.000,9999.000,9999.000,9999.000,9999.000,9999.000,9999.000
202608111042,   2.977,9999.000,9999.000,9999.000,9999.000,9999.000,9999.000,9999.000,9999.000
202608111048,   2.837,9999.000,9999.000,9999.000,9999.000,9999.000,9999.000,9999.000,9999.000
202608111054,   2.694,9999.000,9999.000,9999.000,9999.000,9999.000,9999.000,9999.000,9999.000
202608111100,   2.549,9999.000,   0.400,   0.055,   3.004,   0.400,   3.004,   0.600,   3.204
202608111106,   2.402,9999.000,9999.000,9999.000,9999.000,9999.000,9999.000,9999.000,9999.000
202608111112,   2.255,9999.000,9999.000,9999.000,9999.000,9999.000,9999.000,9999.000,9999.000
202608111118,   2.107,9999.000,9999.000,9999.000,9999.000,9999.000,9999.000,9999.000,9999.000
202608111124,   1.960,9999.000,9999.000,9999.000,9999.000,9999.000,9999.000,9999.000,9999.000
202608111130,   1.815,9999.000,9999.000,9999.000,9999.000,9999.000,9999.000,9999.000,9999.000
202608111136,   1.673,9999.000,9999.000,9999.000,9999.000,9999.000,9999.000,9999.000,9999.000
202608111142,   1.536,9999.000,9999.000,9999.000,9999.000,9999.000,9999.000,9999.000,9999.000
202608111148,   1.403,9999.000,9999.000,9999.000,9999.000,9999.000,9999.000,9999.000,9999.000
202608111154,   1.277,9999.000,9999.000,9999.000,9999.000,9999.000,9999.000,9999.000,9999.000
202608111200,   1.159,9999.000,   0.400,   0.055,   1.614,   0.400,   1.614,   0.500,   1.714
202608111206,   1.050,9999.000,9999.000,9999.000,9999.000,9999.000,9999.000,9999.000,9999.000
202608111212,   0.951,9999.000,9999.000,9999.000,9999.000,9999.000,9999.000,9999.000,9999.000
202608111218,   0.863,9999.000,9999.000,9999.000,9999.000,9999.000,9999.000,9999.000,9999.000
202608111224,   0.788,9999.000,9999.000,9999.000,9999.000,9999.000,9999.000,9999.000,9999.000
202608111230,   0.725,9999.000,9999.000,9999.000,9999.000,9999.000,9999.000,9999.000,9999.000
202608111236,   0.675,9999.000,9999.000,9999.000,9999.000,9999.000,9999.000,9999.000,9999.000
202608111242,   0.640,9999.000,9999.000,9999.000,9999.000,9999.000,9999.000,9999.000,9999.000
202608111248,   0.619,9999.000,9999.000,9999.000,9999.000,9999.000,9999.000,9999.000,9999.000
202608111254,   0.613,9999.000,9999.000,9999.000,9999.000,9999.000,9999.000,9999.000,9999.000
202608111300,   0.622,9999.000,   0.400,   0.055,   1.077,   0.300,   0.977,   0.500,   1.177
202608111306,   0.645,9999.000,9999.000,9999.000,9999.000,9999.000,9999.000,9999.000,9999.000
202608111312,   0.683,9999.000,9999.000,9999.000,9999.000,9999.000,9999.000,9999.000,9999.000
202608111318,   0.736,9999.000,9999.000,9999.000,9999.000,9999.000,9999.000,9999.000,9999.000
202608111324,   0.802,9999.000,9999.000,9999.000,9999.000,9999.000,9999.000,9999.000,9999.000
202608111330,   0.881,9999.000,9999.000,9999.000,9999.000,9999.000,9999.000,9999.000,9999.000
202608111336,   0.973,9999.000,9999.000,9999.000,9999.000,9999.000,9999.000,9999.000,9999.000
202608111342,   1.077,9999.000,9999.000,9999.000,9999.000,9999.000,9999.000,9999.000,9999.000
202608111348,   1.191,9999.000,9999.000,9999.000,9999.000,9999.000,9999.000,9999.000,9999.000
202608111354,   1.316,9999.000,9999.000,9999.000,9999.000,9999.000,9999.000,9999.000,9999.000
202608111400,   1.450,9999.000,   0.400,   0.055,   1.905,   0.300,   1.805,   0.500,   2.005
202608111406,   1.593,9999.000,9999.000,9999.000,9999.000,9999.000,9999.000,9999.000,9999.000
202608111412,   1.743,9999.000,9999.000,9999.000,9999.000,9999.000,9999.000,9999.000,9999.000
202608111418,   1.899,9999.000,9999.000,9999.000,9999.000,9999.000,9999.000,9999.000,9999.000
202608111424,   2.062,9999.000,9999.000,9999.000,9999.000,9999.000,9999.000,9999.000,9999.000
202608111430,   2.230,9999.000,9999.000,9999.000,9999.000,9999.000,9999.000,9999.000,9999.000
202608111436,   2.403,9999.000,9999.000,9999.000,9999.000,9999.000,9999.000,9999.000,9999.000
202608111442,   2.579,9999.000,9999.000,9999.000,9999.000,9999.000,9999.000,9999.000,9999.000
202608111448,   2.758,9999.000,9999.000,9999.000,9999.000,9999.000,9999.000,9999.000,9999.000
202608111454,   2.941,9999.000,9999.000,9999.000,9999.000,9999.000,9999.000,9999.000,9999.000
202608111500,   3.125,9999.000,   0.400,   0.055,   3.580,   0.300,   3.480,   0.500,   3.680
202608111506,   3.311,9999.000,9999.000,9999.000,9999.000,9999.000,9999.000,9999.000,9999.000
202608111512,   3.498,9999.000,9999.000,9999.000,9999.000,9999.000,9999.000,9999.000,9999.000
202608111518,   3.686,9999.000,9999.000,9999.000,9999.000,9999.000,9999.000,9999.000,9999.000
202608111524,   3.875,9999.000,9999.000,9999.000,9999.000,9999.000,9999.000,9999.000,9999.000
202608111530,   4.063,9999.000,9999.000,9999.000,9999.000,9999.000,9999.000,9999.000,9999.000
202608111536,   4.251,9999.000,9999.000,9999.000,9999.000,9999.000,9999.000,9999.000,9999.000
202608111542,   4.438,9999.000,9999.000,9999.000,9999.000,9999.000,9999.000,9999.000,9999.000
202608111548,   4.623,9999.000,9999.000,9999.000,9999.000,9999.000,9999.000,9999.000,9999.000
202608111554,   4.806,9999.000,9999.000,9999.000,9999.000,9999.000,9999.000,9999.000,9999.000
202608111600,   4.987,9999.000,   0.400,   0.055,   5.442,   0.300,   5.342,   0.500,   5.542
202608111606,   5.165,9999.000,9999.000,9999.000,9999.000,9999.000,9999.000,9999.000,9999.000
202608111612,   5.338,9999.000,9999.000,9999.000,9999.000,9999.000,9999.000,9999.000,9999.000
202608111618,   5.507,9999.000,9999.000,9999.000,9999.000,9999.000,9999.000,9999.000,9999.000
202608111624,   5.671,9999.000,9999.000,9999.000,9999.000,9999.000,9999.000,9999.000,9999.000
202608111630,   5.828,9999.000,9999.000,9999.000,9999.000,9999.000,9999.000,9999.000,9999.000
202608111636,   5.979,9999.000,9999.000,9999.000,9999.000,9999.000,9999.000,9999.000,9999.000
202608111642,   6.123,9999.000,9999.000,9999.000,9999.000,9999.000,9999.000,9999.000,9999.000
202608111648,   6.258,9999.000,9999.000,9999.000,9999.000,9999.000,9999.000,9999.000,9999.000
202608111654,   6.385,9999.000,9999.000,9999.000,9999.000,9999.000,9999.000,9999.000,9999.000
202608111700,   6.502,9999.000,   0.400,   0.055,   6.957,   0.300,   6.857,   0.500,   7.057
202608111706,   6.609,9999.000,9999.000,9999.000,9999.000,9999.000,9999.000,9999.000,9999.000
202608111712,   6.705,9999.000,9999.000,9999.000,9999.000,9999.000,9999.000,9999.000,9999.000
202608111718,   6.790,9999.000,9999.000,9999.000,9999.000,9999.000,9999.000,9999.000,9999.000
202608111724,   6.864,9999.000,9999.000,9999.000,9999.000,9999.000,9999.000,9999.000,9999.000
202608111730,   6.927,9999.000,9999.000,9999.000,9999.000,9999.000,9999.000,9999.000,9999.000
202608111736,   6.978,9999.000,9999.000,9999.000,9999.000,9999.000,9999.000,9999.000,9999.000
202608111742,   7.017,9999.000,9999.000,9999.000,9999.000,9999.000,9999.000,9999.000,9999.000
202608111748,   7.044,9999.000,9999.000,9999.000,9999.000,9999.000,9999.000,9999.000,9999.000
202608111754,   7.059,9999.000,9999.000,9999.000,9999.000,9999.000,9999.000,9999.000,9999.000
202608111800,   7.063,9999.000,   0.400,   0.055,   7.518,   0.300,   7.418,   0.500,   7.618
202608111806,   7.056,9999.000,9999.000,9999.000,9999.000,9999.000,9999.000,9999.000,9999.000
202608111812,   7.038,9999.000,9999.000,9999.000,9999.000,9999.000,9999.000,9999.000,9999.000
202608111818,   7.010,9999.000,9999.000,9999.000,9999.000,9999.000,9999.000,9999.000,9999.000
202608111824,   6.972,9999.000,9999.000,9999.000,9999.000,9999.000,9999.000,9999.000,9999.000
202608111830,   6.925,9999.000,9999.000,9999.000,9999.000,9999.000,9999.000,9999.000,9999.000
202608111836,   6.870,9999.000,9999.000,9999.000,9999.000,9999.000,9999.000,9999.000,9999.000
202608111842,   6.806,9999.000,9999.000,9999.000,9999.000,9999.000,9999.000,9999.000,9999.000
202608111848,   6.735,9999.000,9999.000,9999.000,9999.000,9999.000,9999.000,9999.000,9999.000
202608111854,   6.657,9999.000,9999.000,9999.000,9999.000,9999.000,9999.000,9999.000,9999.000
202608111900,   6.573,9999.000,   0.400,   0.055,   7.028,   0.300,   6.928,   0.500,   7.128
202608111906,   6.483,9999.000,9999.000,9999.000,9999.000,9999.000,9999.000,9999.000,9999.000
202608111912,   6.388,9999.000,9999.000,9999.000,9999.000,9999.000,9999.000,9999.000,9999.000
202608111918,   6.289,9999.000,9999.000,9999.000,9999.000,9999.000,9999.000,9999.000,9999.000
202608111924,   6.186,9999.000,9999.000,9999.000,9999.000,9999.000,9999.000,9999.000,9999.000
202608111930,   6.079,9999.000,9999.000,9999.000,9999.000,9999.000,9999.000,9999.000,9999.000
202608111936,   5.969,9999.000,9999.000,9999.000,9999.000,9999.000,9999.000,9999.000,9999.000
202608111942,   5.857,9999.000,9999.000,9999.000,9999.000,9999.000,9999.000,9999.000,9999.000
202608111948,   5.742,9999.000,9999.000,9999.000,9999.000,9999.000,9999.000,9999.000,9999.000
202608111954,   5.626,9999.000,9999.000,9999.000,9999.000,9999.000,9999.000,9999.000,9999.000
202608112000,   5.508,9999.000,   0.400,   0.055,   5.963,   0.300,   5.863,   0.500,   6.063
202608112006,   5.388,9999.000,9999.000,9999.000,9999.000,9999.000,9999.000,9999.000,9999.000
202608112012,   5.268,9999.000,9999.000,9999.000,9999.000,9999.000,9999.000,9999.000,9999.000
202608112018,   5.148,9999.000,9999.000,9999.000,9999.000,9999.000,9999.000,9999.000,9999.000
202608112024,   5.027,9999.000,9999.000,9999.000,9999.000,9999.000,9999.000,9999.000,9999.000
202608112030,   4.906,9999.000,9999.000,9999.000,9999.000,9999.000,9999.000,9999.000,9999.000
202608112036,   4.785,9999.000,9999.000,9999.000,9999.000,9999.000,9999.000,9999.000,9999.000
202608112042,   4.665,9999.000,9999.000,9999.000,9999.000,9999.000,9999.000,9999.000,9999.000
202608112048,   4.546,9999.000,9999.000,9999.000,9999.000,9999.000,9999.000,9999.000,9999.000
202608112054,   4.427,9999.000,9999.000,9999.000,9999.000,9999.000,9999.000,9999.000,9999.000
202608112100,   4.309,9999.000,   0.400,   0.055,   4.764,   0.300,   4.664,   0.500,   4.864
202608112106,   4.193,9999.000,9999.000,9999.000,9999.000,9999.000,9999.000,9999.000,9999.000
202608112112,   4.079,9999.000,9999.000,9999.000,9999.000,9999.000,9999.000,9999.000,9999.000
202608112118,   3.965,9999.000,9999.000,9999.000,9999.000,9999.000,9999.000,9999.000,9999.000
202608112124,   3.854,9999.000,9999.000,9999.000,9999.000,9999.000,9999.000,9999.000,9999.000
202608112130,   3.743,9999.000,9999.000,9999.000,9999.000,9999.000,9999.000,9999.000,9999.000
202608112136,   3.635,9999.000,9999.000,9999.000,9999.000,9999.000,9999.000,9999.000,9999.000
202608112142,   3.528,9999.000,9999.000,9999.000,9999.000,9999.000,9999.000,9999.000,9999.000
202608112148,   3.422,9999.000,9999.000,9999.000,9999.000,9999.000,9999.000,9999.000,9999.000
202608112154,   3.318,9999.000,9999.000,9999.000,9999.000,9999.000,9999.000,9999.000,9999.000
202608112200,   3.214,9999.000,   0.400,   0.055,   3.669,   0.300,   3.569,   0.500,   3.769
202608112206,   3.112,9999.000,9999.000,9999.000,9999.000,9999.000,9999.000,9999.000,9999.000
202608112212,   3.009,9999.000,9999.000,9999.000,9999.000,9999.000,9999.000,9999.000,9999.000
202608112218,   2.907,9999.000,9999.000,9999.000,9999.000,9999.000,9999.000,9999.000,9999.000
202608112224,   2.805,9999.000,9999.000,9999.000,9999.000,9999.000,9999.000,9999.000,9999.000
202608112230,   2.703,9999.000,9999.000,9999.000,9999.000,9999.000,9999.000,9999.000,9999.000
202608112236,   2.600,9999.000,9999.000,9999.000,9999.000,9999.000,9999.000,9999.000,9999.000
202608112242,   2.497,9999.000,9999.000,9999.000,9999.000,9999.000,9999.000,9999.000,9999.000
202608112248,   2.393,9999.000,9999.000,9999.000,9999.000,9999.000,9999.000,9999.000,9999.000
202608112254,   2.288,9999.000,9999.000,9999.000,9999.000,9999.000,9999.000,9999.000,9999.000
202608112300,   2.182,9999.000,   0.400,   0.055,   2.637,   0.300,   2.537,   0.500,   2.737
202608112306,   2.075,9999.000,9999.000,9999.000,9999.000,9999.000,9999.000,9999.000,9999.000
202608112312,   1.967,9999.000,9999.000,9999.000,9999.000,9999.000,9999.000,9999.000,9999.000
202608112318,   1.860,9999.000,9999.000,9999.000,9999.000,9999.000,9999.000,9999.000,9999.000
202608112324,   1.752,9999.000,9999.000,9999.000,9999.000,9999.000,9999.000,9999.000,9999.000
202608112330,   1.645,9999.000,9999.000,9999.000,9999.000,9999.000,9999.000,9999.000,9999.000
202608112336,   1.540,9999.000,9999.000,9999.000,9999.000,9999.000,9999.000,9999.000,9999.000
202608112342,   1.437,9999.000,9999.000,9999.000,9999.000,9999.000,9999.000,9999.000,9999.000
202608112348,   1.336,9999.000,9999.000,9999.000,9999.000,9999.000,9999.000,9999.000,9999.000
202608112354,   1.239,9999.000,9999.000,9999.000,9999.000,9999.000,9999.000,9999.000,9999.000
202608120000,   1.148,9999.000,   0.400,   0.055,   1.603,   0.300,   1.503,   0.500,   1.703
202608120006,   1.062,9999.000,9999.000,9999.000,9999.000,9999.000,9999.000,9999.000,9999.000
202608120012,   0.983,9999.000,9999.000,9999.000,9999.000,9999.000,9999.000,9999.000,9999.000
202608120018,   0.912,9999.000,9999.000,9999.000,9999.000,9999.000,9999.000,9999.000,9999.000
202608120024,   0.850,9999.000,9999.000,9999.000,9999.000,9999.000,9999.000,9999.000,9999.000
202608120030,   0.798,9999.000,9999.000,9999.000,9999.000,9999.000,9999.000,9999.000,9999.000
202608120036,   0.757,9999.000,9999.000,9999.000,9999.000,9999.000,9999.000,9999.000,9999.000
202608120042,   0.729,9999.000,9999.000,9999.000,9999.000,9999.000,9999.000,9999.000,9999.000
202608120048,   0.713,9999.000,9999.000,9999.000,9999.000,9999.000,9999.000,9999.000,9999.000
202608120054,   0.710,9999.000,9999.000,9999.000,9999.000,9999.000,9999.000,9999.000,9999.000
202608120100,   0.722,9999.000,   0.400,   0.055,   1.177,   0.300,   1.077,   0.500,   1.277
202608120106,   0.748,9999.000,9999.000,9999.000,9999.000,9999.000,9999.000,9999.000,9999.000
202608120112,   0.788,9999.000,9999.000,9999.000,9999.000,9999.000,9999.000,9999.000,9999.000
202608120118,   0.844,9999.000,9999.000,9999.000,9999.000,9999.000,9999.000,9999.000,9999.000
202608120124,   0.914,9999.000,9999.000,9999.000,9999.000,9999.000,9999.000,9999.000,9999.000
202608120130,   0.998,9999.000,9999.000,9999.000,9999.000,9999.000,9999.000,9999.000,9999.000
202608120136,   1.097,9999.000,9999.000,9999.000,9999.000,9999.000,9999.000,9999.000,9999.000
202608120142,   1.209,9999.000,9999.000,9999.000,9999.000,9999.000,9999.000,9999.000,9999.000
202608120148,   1.334,9999.000,9999.000,9999.000,9999.000,9999.000,9999.000,9999.000,9999.000
202608120154,   1.471,9999.000,9999.000,9999.000,9999.000,9999.000,9999.000,9999.000,9999.000
202608120200,   1.620,9999.000,   0.400,   0.055,   2.075,   0.300,   1.975,   0.500,   2.175
202608120206,   1.779,9999.000,9999.000,9999.000,9999.000,9999.000,9999.000,9999.000,9999.000
202608120212,   1.948,9999.000,9999.000,9999.000,9999.000,9999.000,9999.000,9999.000,9999.000
202608120218,   2.126,9999.000,9999.000,9999.000,9999.000,9999.000,9999.000,9999.000,9999.000
202608120224,   2.311,9999.000,9999.000,9999.000,9999.000,9999.000,9999.000,9999.000,9999.000
202608120230,   2.502,9999.000,9999.000,9999.000,9999.000,9999.000,9999.000,9999.000,9999.000
202608120236,   2.700,9999.000,9999.000,9999.000,9999.000,9999.000,9999.000,9999.000,9999.000
202608120242,   2.901,9999.000,9999.000,9999.000,9999.000,9999.000,9999.000,9999.000,9999.000
202608120248,   3.107,9999.000,9999.000,9999.000,9999.000,9999.000,9999.000,9999.000,9999.000
202608120254,   3.316,9999.000,9999.000,9999.000,9999.000,9999.000,9999.000,9999.000,9999.000
202608120300,   3.526,9999.000,   0.400,   0.055,   3.981,   0.300,   3.881,   0.500,   4.081
202608120306,   3.738,9999.000,9999.000,9999.000,9999.000,9999.000,9999.000,9999.000,9999.000
202608120312,   3.951,9999.000,9999.000,9999.000,9999.000,9999.000,9999.000,9999.000,9999.000
202608120318,   4.164,9999.000,9999.000,9999.000,9999.000,9999.000,9999.000,9999.000,9999.000
202608120324,   4.376,9999.000,9999.000,9999.000,9999.000,9999.000,9999.000,9999.000,9999.000
202608120330,   4.588,9999.000,9999.000,9999.000,9999.000,9999.000,9999.000,9999.000,9999.000
202608120336,   4.798,9999.000,9999.000,9999.000,9999.000,9999.000,9999.000,9999.000,9999.000
202608120342,   5.006,9999.000,9999.000,9999.000,9999.000,9999.000,9999.000,9999.000,9999.000
202608120348,   5.212,9999.000,9999.000,9999.000,9999.000,9999.000,9999.000,9999.000,9999.000
202608120354,   5.415,9999.000,9999.000,9999.000,9999.000,9999.000,9999.000,9999.000,9999.000
202608120400,   5.616,9999.000,   0.400,   0.055,   6.071,   0.300,   5.971,   0.500,   6.171
202608120406,   5.813,9999.000,9999.000,9999.000,9999.000,9999.000,9999.000,9999.000,9999.000
202608120412,   6.006,9999.000,9999.000,9999.000,9999.000,9999.000,9999.000,9999.000,9999.000
202608120418,   6.195,9999.000,9999.000,9999.000,9999.000,9999.000,9999.000,9999.000,9999.000
202608120424,   6.379,9999.000,9999.000,9999.000,9999.000,9999.000,9999.000,9999.000,9999.000
202608120430,   6.558,9999.000,9999.000,9999.000,9999.000,9999.000,9999.000,9999.000,9999.000
202608120436,   6.731,9999.000,9999.000,9999.000,9999.000,9999.000,9999.000,9999.000,9999.000
202608120442,   6.898,9999.000,9999.000,9999.000,9999.000,9999.000,9999.000,9999.000,9999.000
202608120448,   7.058,9999.000,9999.000,9999.000,9999.000,9999.000,9999.000,9999.000,9999.000
202608120454,   7.211,9999.000,9999.000,9999.000,9999.000,9999.000,9999.000,9999.000,9999.000
202608120500,   7.355,9999.000,   0.400,   0.055,   7.810,   0.300,   7.710,   0.500,   7.910
202608120506,   7.491,9999.000,9999.000,9999.000,9999.000,9999.000,9999.000,9999.000,9999.000
202608120512,   7.618,9999.000,9999.000,9999.000,9999.000,9999.000,9999.000,9999.000,9999.000
202608120518,   7.735,9999.000,9999.000,9999.000,9999.000,9999.000,9999.000,9999.000,9999.000
202608120524,   7.841,9999.000,9999.000,9999.000,9999.000,9999.000,9999.000,9999.000,9999.000
202608120530,   7.937,9999.000,9999.000,9999.000,9999.000,9999.000,9999.000,9999.000,9999.000
202608120536,   8.022,9999.000,9999.000,9999.000,9999.000,9999.000,9999.000,9999.000,9999.000
202608120542,   8.096,9999.000,9999.000,9999.000,9999.000,9999.000,9999.000,9999.000,9999.000
202608120548,   8.158,9999.000,9999.000,9999.000,9999.000,9999.000,9999.000,9999.000,9999.000
202608120554,   8.209,9999.000,9999.000,9999.000,9999.000,9999.000,9999.000,9999.000,9999.000
202608120600,   8.247,9999.000,   0.400,   0.055,   8.702,   0.300,   8.602,   0.500,   8.802
202608120606,   8.275,9999.000,9999.000,9999.000,9999.000,9999.000,9999.000,9999.000,9999.000
202608120612,   8.290,9999.000,9999.000,9999.000,9999.000,9999.000,9999.000,9999.000,9999.000
202608120618,   8.295,9999.000,9999.000,9999.000,9999.000,9999.000,9999.000,9999.000,9999.000
202608120624,   8.288,9999.000,9999.000,9999.000,9999.000,9999.000,9999.000,9999.000,9999.000
202608120630,   8.271,9999.000,9999.000,9999.000,9999.000,9999.000,9999.000,9999.000,9999.000
202608120636,   8.244,9999.000,9999.000,9999.000,9999.000,9999.000,9999.000,9999.000,9999.000
202608120642,   8.208,9999.000,9999.000,9999.000,9999.000,9999.000,9999.000,9999.000,9999.000
202608120648,   8.162,9999.000,9999.000,9999.000,9999.000,9999.000,9999.000,9999.000,9999.000
202608120654,   8.109,9999.000,9999.000,9999.000,9999.000,9999.000,9999.000,9999.000,9999.000
202608120700,   8.048,9999.000,   0.500,   0.055,   8.603,   0.400,   8.503,   0.500,   8.603
202608120706,   7.979,9999.000,9999.000,9999.000,9999.000,9999.000,9999.000,9999.000,9999.000
202608120712,   7.905,9999.000,9999.000,9999.000,9999.000,9999.000,9999.000,9999.000,9999.000
202608120718,   7.825,9999.000,9999.000,9999.000,9999.000,9999.000,9999.000,9999.000,9999.000
202608120724,   7.739,9999.000,9999.000,9999.000,9999.000,9999.000,9999.000,9999.000,9999.000
202608120730,   7.650,9999.000,9999.000,9999.000,9999.000,9999.000,9999.000,9999.000,9999.000
202608120736,   7.556,9999.000,9999.000,9999.000,9999.000,9999.000,9999.000,9999.000,9999.000
202608120742,   7.459,9999.000,9999.000,9999.000,9999.000,9999.000,9999.000,9999.000,9999.000
202608120748,   7.360,9999.000,9999.000,9999.000,9999.000,9999.000,9999.000,9999.000,9999.000
202608120754,   7.258,9999.000,9999.000,9999.000,9999.000,9999.000,9999.000,9999.000,9999.000
202608120800,   7.153,9999.000,   0.500,   0.055,   7.708,   0.400,   7.608,   0.500,   7.708
202608120806,   7.048,9999.000,9999.000,9999.000,9999.000,9999.000,9999.000,9999.000,9999.000
202608120812,   6.941,9999.000,9999.000,9999.000,9999.000,9999.000,9999.000,9999.000,9999.000
202608120818,   6.833,9999.000,9999.000,9999.000,9999.000,9999.000,9999.000,9999.000,9999.000
202608120824,   6.724,9999.000,9999.000,9999.000,9999.000,9999.000,9999.000,9999.000,9999.000
202608120830,   6.614,9999.000,9999.000,9999.000,9999.000,9999.000,9999.000,9999.000,9999.000
202608120836,   6.504,9999.000,9999.000,9999.000,9999.000,9999.000,9999.000,9999.000,9999.000
202608120842,   6.394,9999.000,9999.000,9999.000,9999.000,9999.000,9999.000,9999.000,9999.000
202608120848,   6.284,9999.000,9999.000,9999.000,9999.000,9999.000,9999.000,9999.000,9999.000
202608120854,   6.173,9999.000,9999.000,9999.000,9999.000,9999.000,9999.000,9999.000,9999.000
202608120900,   6.063,9999.000,   0.500,   0.055,   6.618,   0.400,   6.518,   0.500,   6.618
202608120906,   5.953,9999.000,9999.000,9999.000,9999.000,9999.000,9999.000,9999.000,9999.000
202608120912,   5.843,9999.000,9999.000,9999.000,9999.000,9999.000,9999.000,9999.000,9999.000
202608120918,   5.733,9999.000,9999.000,9999.000,9999.000,9999.000,9999.000,9999.000,9999.000
202608120924,   5.624,9999.000,9999.000,9999.000,9999.000,9999.000,9999.000,9999.000,9999.000
202608120930,   5.515,9999.000,9999.000,9999.000,9999.000,9999.000,9999.000,9999.000,9999.000
202608120936,   5.406,9999.000,9999.000,9999.000,9999.000,9999.000,9999.000,9999.000,9999.000
202608120942,   5.297,9999.000,9999.000,9999.000,9999.000,9999.000,9999.000,9999.000,9999.000
202608120948,   5.189,9999.000,9999.000,9999.000,9999.000,9999.000,9999.000,9999.000,9999.000
202608120954,   5.080,9999.000,9999.000,9999.000,9999.000,9999.000,9999.000,9999.000,9999.000
202608121000,   4.971,9999.000,   0.500,   0.055,   5.526,   0.400,   5.426,   0.500,   5.526
202608121006,   4.861,9999.000,9999.000,9999.000,9999.000,9999.000,9999.000,9999.000,9999.000
202608121012,   4.751,9999.000,9999.000,9999.000,9999.000,9999.000,9999.000,9999.000,9999.000
202608121018,   4.639,9999.000,9999.000,9999.000,9999.000,9999.000,9999.000,9999.000,9999.000
202608121024,   4.526,9999.000,9999.000,9999.000,9999.000,9999.000,9999.000,9999.000,9999.000
202608121030,   4.411,9999.000,9999.000,9999.000,9999.000,9999.000,9999.000,9999.000,9999.000
202608121036,   4.294,9999.000,9999.000,9999.000,9999.000,9999.000,9999.000,9999.000,9999.000
202608121042,   4.175,9999.000,9999.000,9999.000,9999.000,9999.000,9999.000,9999.000,9999.000
202608121048,   4.053,9999.000,9999.000,9999.000,9999.000,9999.000,9999.000,9999.000,9999.000
202608121054,   3.927,9999.000,9999.000,9999.000,9999.000,9999.000,9999.000,9999.000,9999.000
202608121100,   3.798,9999.000,   0.500,   0.055,   4.353,   0.400,   4.253,   0.500,   4.353
202608121106,   3.666,9999.000,9999.000,9999.000,9999.000,9999.000,9999.000,9999.000,9999.000
202608121112,   3.529,9999.000,9999.000,9999.000,9999.000,9999.000,9999.000,9999.000,9999.000
202608121118,   3.389,9999.000,9999.000,9999.000,9999.000,9999.000,9999.000,9999.000,9999.000
202608121124,   3.245,9999.000,9999.000,9999.000,9999.000,9999.000,9999.000,9999.000,9999.000
202608121130,   3.097,9999.000,9999.000,9999.000,9999.000,9999.000,9999.000,9999.000,9999.000
202608121136,   2.945,9999.000,9999.000,9999.000,9999.000,9999.000,9999.000,9999.000,9999.000
202608121142,   2.790,9999.000,9999.000,9999.000,9999.000,9999.000,9999.000,9999.000,9999.000
202608121148,   2.633,9999.000,9999.000,9999.000,9999.000,9999.000,9999.000,9999.000,9999.000
202608121154,   2.473,9999.000,9999.000,9999.000,9999.000,9999.000,9999.000,9999.000,9999.000
202608121200,   2.312,9999.000,   0.500,   0.055,   2.867,   0.400,   2.767,   0.500,   2.867
