        TIME,    TIDE,      OB,   SURGE,    BIAS,     TWL,SURGE90p,  TWL90p,SURGE10p,   TWL10p
202606280000,   3.988,   4.637,   0.500,   0.149,   4.637,   0.500,   4.637,   0.500,   4.637
202606280006,   3.976,9999.000,9999.000,9999.000,9999.000,9999.000,9999.000,9999.000,9999.000
202606280012,   3.961,   4.608,9999.000,9999.000,9999.000,9999.000,9999.000,9999.000,9999.000
202606280018,   3.943,9999.000,9999.000,9999.000,9999.000,9999.000,9999.000,9999.000,9999.000
202606280024,   3.922,   4.490,9999.000,9999.000,9999.000,9999.000,9999.000,9999.000,9999.000
202606280030,   3.898,9999.000,9999.000,9999.000,9999.000,9999.000,9999.000,9999.000,9999.000
202606280036,   3.872,   4.378,9999.000,9999.000,9999.000,9999.000,9999.000,9999.000,9999.000
202606280042,   3.843,9999.000,9999.000,9999.000,9999.000,9999.000,9999.000,9999.000,9999.000
202606280048,   3.811,   4.290,9999.000,9999.000,9999.000,9999.000,9999.000,9999.000,9999.000
202606280054,   3.777,9999.000,9999.000,9999.000,9999.000,9999.000,9999.000,9999.000,9999.000
202606280100,   3.741,   4.080,   0.500,  -0.161,   4.080,   0.500,   4.080,   0.500,   4.080
202606280106,   3.702,   4.008,9999.000,9999.000,9999.000,9999.000,9999.000,9999.000,9999.000
202606280112,   3.661,   3.929,9999.000,9999.000,9999.000,9999.000,9999.000,9999.000,9999.000
202606280118,   3.617,   3.880,9999.000,9999.000,9999.000,9999.000,9999.000,9999.000,9999.000
202606280124,   3.572,   3.847,9999.000,9999.000,9999.000,9999.000,9999.000,9999.000,9999.000
202606280130,   3.524,   3.758,9999.000,9999.000,9999.000,9999.000,9999.000,9999.000,9999.000
202606280136,   3.475,   3.709,9999.000,9999.000,9999.000,9999.000,9999.000,9999.000,9999.000
202606280142,   3.423,   3.650,9999.000,9999.000,9999.000,9999.000,9999.000,9999.000,9999.000
202606280148,   3.370,   3.568,9999.000,9999.000,9999.000,9999.000,9999.000,9999.000,9999.000
202606280154,   3.315,   3.489,9999.000,9999.000,9999.000,9999.000,9999.000,9999.000,9999.000
202606280200,   3.258,   3.427,   0.500,  -0.331,   3.427,   0.500,   3.427,   0.500,   3.427
202606280206,   3.200,   3.378,9999.000,9999.000,9999.000,9999.000,9999.000,9999.000,9999.000
202606280212,   3.140,   3.339,9999.000,9999.000,9999.000,9999.000,9999.000,9999.000,9999.000
202606280218,   3.079,   3.230,9999.000,9999.000,9999.000,9999.000,9999.000,9999.000,9999.000
202606280224,   3.017,   3.168,9999.000,9999.000,9999.000,9999.000,9999.000,9999.000,9999.000
202606280230,   2.953,   3.109,9999.000,9999.000,9999.000,9999.000,9999.000,9999.000,9999.000
202606280236,   2.888,   3.060,9999.000,9999.000,9999.000,9999.000,9999.000,9999.000,9999.000
202606280242,   2.822,   2.968,9999.000,9999.000,9999.000,9999.000,9999.000,9999.000,9999.000
202606280248,   2.755,   2.850,9999.000,9999.000,9999.000,9999.000,9999.000,9999.000,9999.000
202606280254,   2.687,   2.778,9999.000,9999.000,9999.000,9999.000,9999.000,9999.000,9999.000
202606280300,   2.618,   2.669,   0.500,  -0.449,   2.669,   0.500,   2.669,   0.500,   2.669
202606280306,   2.548,   2.587,9999.000,9999.000,9999.000,9999.000,9999.000,9999.000,9999.000
202606280312,   2.478,   2.499,9999.000,9999.000,9999.000,9999.000,9999.000,9999.000,9999.000
202606280318,   2.407,   2.450,9999.000,9999.000,9999.000,9999.000,9999.000,9999.000,9999.000
202606280324,   2.336,   2.400,9999.000,9999.000,9999.000,9999.000,9999.000,9999.000,9999.000
202606280330,   2.265,   2.318,9999.000,9999.000,9999.000,9999.000,9999.000,9999.000,9999.000
202606280336,   2.193,   2.269,9999.000,9999.000,9999.000,9999.000,9999.000,9999.000,9999.000
202606280342,   2.121,   2.191,9999.000,9999.000,9999.000,9999.000,9999.000,9999.000,9999.000
202606280348,   2.049,   2.079,9999.000,9999.000,9999.000,9999.000,9999.000,9999.000,9999.000
202606280354,   1.977,   2.010,9999.000,9999.000,9999.000,9999.000,9999.000,9999.000,9999.000
202606280400,   1.905,   1.928,   0.500,  -0.477,   1.928,   0.500,   1.928,   0.500,   1.928
202606280406,   1.834,   1.899,9999.000,9999.000,9999.000,9999.000,9999.000,9999.000,9999.000
202606280412,   1.763,   1.810,9999.000,9999.000,9999.000,9999.000,9999.000,9999.000,9999.000
202606280418,   1.693,   1.748,9999.000,9999.000,9999.000,9999.000,9999.000,9999.000,9999.000
202606280424,   1.623,   1.689,9999.000,9999.000,9999.000,9999.000,9999.000,9999.000,9999.000
202606280430,   1.554,   1.590,9999.000,9999.000,9999.000,9999.000,9999.000,9999.000,9999.000
202606280436,   1.486,   1.538,9999.000,9999.000,9999.000,9999.000,9999.000,9999.000,9999.000
202606280442,   1.419,   1.459,9999.000,9999.000,9999.000,9999.000,9999.000,9999.000,9999.000
202606280448,   1.354,   1.410,9999.000,9999.000,9999.000,9999.000,9999.000,9999.000,9999.000
202606280454,   1.290,   1.348,9999.000,9999.000,9999.000,9999.000,9999.000,9999.000,9999.000
202606280500,   1.227,   1.289,   0.500,  -0.438,   1.289,   0.500,   1.289,   0.600,   1.389
202606280506,   1.166,   1.229,9999.000,9999.000,9999.000,9999.000,9999.000,9999.000,9999.000
202606280512,   1.107,   1.170,9999.000,9999.000,9999.000,9999.000,9999.000,9999.000,9999.000
202606280518,   1.050,   1.108,9999.000,9999.000,9999.000,9999.000,9999.000,9999.000,9999.000
202606280524,   0.995,   1.049,9999.000,9999.000,9999.000,9999.000,9999.000,9999.000,9999.000
202606280530,   0.942,   1.000,9999.000,9999.000,9999.000,9999.000,9999.000,9999.000,9999.000
202606280536,   0.892,   0.951,9999.000,9999.000,9999.000,9999.000,9999.000,9999.000,9999.000
202606280542,   0.845,   0.898,9999.000,9999.000,9999.000,9999.000,9999.000,9999.000,9999.000
202606280548,   0.801,   0.879,9999.000,9999.000,9999.000,9999.000,9999.000,9999.000,9999.000
202606280554,   0.759,   0.898,9999.000,9999.000,9999.000,9999.000,9999.000,9999.000,9999.000
202606280600,   0.721,   0.888,   0.500,  -0.333,   0.888,   0.500,   0.888,   0.500,   0.888
202606280606,   0.687,   0.839,9999.000,9999.000,9999.000,9999.000,9999.000,9999.000,9999.000
202606280612,   0.655,   0.888,9999.000,9999.000,9999.000,9999.000,9999.000,9999.000,9999.000
202606280618,   0.628,   0.859,9999.000,9999.000,9999.000,9999.000,9999.000,9999.000,9999.000
202606280624,   0.605,   0.829,9999.000,9999.000,9999.000,9999.000,9999.000,9999.000,9999.000
202606280630,   0.585,   0.839,9999.000,9999.000,9999.000,9999.000,9999.000,9999.000,9999.000
202606280636,   0.570,   0.790,9999.000,9999.000,9999.000,9999.000,9999.000,9999.000,9999.000
202606280642,   0.559,   0.810,9999.000,9999.000,9999.000,9999.000,9999.000,9999.000,9999.000
202606280648,   0.552,   0.770,9999.000,9999.000,9999.000,9999.000,9999.000,9999.000,9999.000
202606280654,   0.550,   0.800,9999.000,9999.000,9999.000,9999.000,9999.000,9999.000,9999.000
202606280700,   0.553,   0.859,   0.500,  -0.194,   0.859,   0.500,   0.859,   0.600,   0.959
202606280706,   0.561,   0.951,9999.000,9999.000,9999.000,9999.000,9999.000,9999.000,9999.000
202606280712,   0.573,   0.980,9999.000,9999.000,9999.000,9999.000,9999.000,9999.000,9999.000
202606280718,   0.590,   1.079,9999.000,9999.000,9999.000,9999.000,9999.000,9999.000,9999.000
202606280724,   0.612,   1.128,9999.000,9999.000,9999.000,9999.000,9999.000,9999.000,9999.000
202606280730,   0.639,   1.161,9999.000,9999.000,9999.000,9999.000,9999.000,9999.000,9999.000
202606280736,   0.671,   1.108,9999.000,9999.000,9999.000,9999.000,9999.000,9999.000,9999.000
202606280742,   0.708,   1.190,9999.000,9999.000,9999.000,9999.000,9999.000,9999.000,9999.000
202606280748,   0.750,   1.298,9999.000,9999.000,9999.000,9999.000,9999.000,9999.000,9999.000
202606280754,   0.796,   1.380,9999.000,9999.000,9999.000,9999.000,9999.000,9999.000,9999.000
202606280800,   0.847,   1.430,   0.500,   0.083,   1.430,   0.500,   1.430,   0.600,   1.530
202606280806,   0.902,   1.489,9999.000,9999.000,9999.000,9999.000,9999.000,9999.000,9999.000
202606280812,   0.961,   1.580,9999.000,9999.000,9999.000,9999.000,9999.000,9999.000,9999.000
202606280818,   1.023,   1.767,9999.000,9999.000,9999.000,9999.000,9999.000,9999.000,9999.000
202606280824,   1.089,   1.879,9999.000,9999.000,9999.000,9999.000,9999.000,9999.000,9999.000
202606280830,   1.157,   1.918,9999.000,9999.000,9999.000,9999.000,9999.000,9999.000,9999.000
202606280836,   1.228,   1.869,9999.000,9999.000,9999.000,9999.000,9999.000,9999.000,9999.000
202606280842,   1.301,   1.928,9999.000,9999.000,9999.000,9999.000,9999.000,9999.000,9999.000
202606280848,   1.376,   2.000,9999.000,9999.000,9999.000,9999.000,9999.000,9999.000,9999.000
202606280854,   1.452,   2.079,9999.000,9999.000,9999.000,9999.000,9999.000,9999.000,9999.000
202606280900,   1.528,   2.138,   0.600,   0.010,   2.138,   0.500,   2.038,   0.600,   2.138
202606280906,   1.604,   2.220,9999.000,9999.000,9999.000,9999.000,9999.000,9999.000,9999.000
202606280912,   1.681,   2.259,9999.000,9999.000,9999.000,9999.000,9999.000,9999.000,9999.000
202606280918,   1.756,   2.318,9999.000,9999.000,9999.000,9999.000,9999.000,9999.000,9999.000
202606280924,   1.831,   2.538,9999.000,9999.000,9999.000,9999.000,9999.000,9999.000,9999.000
202606280930,   1.904,   2.650,9999.000,9999.000,9999.000,9999.000,9999.000,9999.000,9999.000
202606280936,   1.976,   2.597,9999.000,9999.000,9999.000,9999.000,9999.000,9999.000,9999.000
202606280942,   2.045,   2.679,9999.000,9999.000,9999.000,9999.000,9999.000,9999.000,9999.000
202606280948,   2.112,   2.719,9999.000,9999.000,9999.000,9999.000,9999.000,9999.000,9999.000
202606280954,   2.177,   2.758,9999.000,9999.000,9999.000,9999.000,9999.000,9999.000,9999.000
202606281000,   2.239,   2.758,   0.600,  -0.081,   2.758,   0.500,   2.658,   0.600,   2.758
202606281006,   2.299,   2.807,9999.000,9999.000,9999.000,9999.000,9999.000,9999.000,9999.000
202606281012,   2.356,   2.909,9999.000,9999.000,9999.000,9999.000,9999.000,9999.000,9999.000
202606281018,   2.409,   2.968,9999.000,9999.000,9999.000,9999.000,9999.000,9999.000,9999.000
202606281024,   2.460,   3.089,9999.000,9999.000,9999.000,9999.000,9999.000,9999.000,9999.000
202606281030,   2.508,   3.109,9999.000,9999.000,9999.000,9999.000,9999.000,9999.000,9999.000
202606281036,   2.552,   3.060,9999.000,9999.000,9999.000,9999.000,9999.000,9999.000,9999.000
202606281042,   2.593,   3.079,9999.000,9999.000,9999.000,9999.000,9999.000,9999.000,9999.000
202606281048,   2.632,   3.119,9999.000,9999.000,9999.000,9999.000,9999.000,9999.000,9999.000
202606281054,   2.667,   3.178,9999.000,9999.000,9999.000,9999.000,9999.000,9999.000,9999.000
202606281100,   2.699,   3.207,   0.600,  -0.092,   3.207,   0.500,   3.107,   0.600,   3.207
202606281106,   2.728,   3.217,9999.000,9999.000,9999.000,9999.000,9999.000,9999.000,9999.000
202606281112,   2.754,   3.270,9999.000,9999.000,9999.000,9999.000,9999.000,9999.000,9999.000
202606281118,   2.777,   3.329,9999.000,9999.000,9999.000,9999.000,9999.000,9999.000,9999.000
202606281124,   2.797,   3.407,9999.000,9999.000,9999.000,9999.000,9999.000,9999.000,9999.000
202606281130,   2.814,   3.470,9999.000,9999.000,9999.000,9999.000,9999.000,9999.000,9999.000
202606281136,   2.829,   3.417,9999.000,9999.000,9999.000,9999.000,9999.000,9999.000,9999.000
202606281142,   2.840,   3.440,9999.000,9999.000,9999.000,9999.000,9999.000,9999.000,9999.000
202606281148,   2.849,   3.450,9999.000,9999.000,9999.000,9999.000,9999.000,9999.000,9999.000
202606281154,   2.854,   3.470,9999.000,9999.000,9999.000,9999.000,9999.000,9999.000,9999.000
202606281200,   2.857,   3.509,   0.600,   0.052,   3.509,   0.500,   3.409,   0.600,   3.509
202606281206,   2.858,   3.489,9999.000,9999.000,9999.000,9999.000,9999.000,9999.000,9999.000
202606281212,   2.856,   3.450,9999.000,9999.000,9999.000,9999.000,9999.000,9999.000,9999.000
202606281218,   2.851,   3.407,9999.000,9999.000,9999.000,9999.000,9999.000,9999.000,9999.000
202606281224,   2.844,   3.450,9999.000,9999.000,9999.000,9999.000,9999.000,9999.000,9999.000
202606281230,   2.834,   3.417,9999.000,9999.000,9999.000,9999.000,9999.000,9999.000,9999.000
202606281236,   2.822,   3.368,9999.000,9999.000,9999.000,9999.000,9999.000,9999.000,9999.000
202606281242,   2.808,   3.339,9999.000,9999.000,9999.000,9999.000,9999.000,9999.000,9999.000
202606281248,   2.791,   3.329,9999.000,9999.000,9999.000,9999.000,9999.000,9999.000,9999.000
202606281254,   2.772,   3.348,9999.000,9999.000,9999.000,9999.000,9999.000,9999.000,9999.000
202606281300,   2.751,   3.299,   0.600,  -0.052,   3.299,   0.500,   3.199,   0.600,   3.299
202606281306,   2.728,   3.217,9999.000,9999.000,9999.000,9999.000,9999.000,9999.000,9999.000
202606281312,   2.703,   3.178,9999.000,9999.000,9999.000,9999.000,9999.000,9999.000,9999.000
202606281318,   2.675,   3.099,9999.000,9999.000,9999.000,9999.000,9999.000,9999.000,9999.000
202606281324,   2.646,   3.070,9999.000,9999.000,9999.000,9999.000,9999.000,9999.000,9999.000
202606281330,   2.615,   2.997,9999.000,9999.000,9999.000,9999.000,9999.000,9999.000,9999.000
202606281336,   2.583,   2.948,9999.000,9999.000,9999.000,9999.000,9999.000,9999.000,9999.000
202606281342,   2.548,   2.919,9999.000,9999.000,9999.000,9999.000,9999.000,9999.000,9999.000
202606281348,   2.512,   2.850,9999.000,9999.000,9999.000,9999.000,9999.000,9999.000,9999.000
202606281354,   2.475,   2.797,9999.000,9999.000,9999.000,9999.000,9999.000,9999.000,9999.000
202606281400,   2.436,   2.758,   0.600,  -0.278,   2.758,   0.500,   2.658,   0.600,   2.758
202606281406,   2.395,   2.669,9999.000,9999.000,9999.000,9999.000,9999.000,9999.000,9999.000
202606281412,   2.353,   2.578,9999.000,9999.000,9999.000,9999.000,9999.000,9999.000,9999.000
202606281418,   2.310,   2.568,9999.000,9999.000,9999.000,9999.000,9999.000,9999.000,9999.000
202606281424,   2.265,   2.528,9999.000,9999.000,9999.000,9999.000,9999.000,9999.000,9999.000
202606281430,   2.220,   2.440,9999.000,9999.000,9999.000,9999.000,9999.000,9999.000,9999.000
202606281436,   2.173,   2.387,9999.000,9999.000,9999.000,9999.000,9999.000,9999.000,9999.000
202606281442,   2.126,   2.299,9999.000,9999.000,9999.000,9999.000,9999.000,9999.000,9999.000
202606281448,   2.077,   2.269,9999.000,9999.000,9999.000,9999.000,9999.000,9999.000,9999.000
202606281454,   2.028,   2.210,9999.000,9999.000,9999.000,9999.000,9999.000,9999.000,9999.000
202606281500,   1.978,   2.099,   0.600,  -0.479,   2.099,   0.500,   1.999,   0.600,   2.099
202606281506,   1.927,   2.030,9999.000,9999.000,9999.000,9999.000,9999.000,9999.000,9999.000
202606281512,   1.876,   1.967,9999.000,9999.000,9999.000,9999.000,9999.000,9999.000,9999.000
202606281518,   1.825,   1.908,9999.000,9999.000,9999.000,9999.000,9999.000,9999.000,9999.000
202606281524,   1.773,   1.790,9999.000,9999.000,9999.000,9999.000,9999.000,9999.000,9999.000
202606281530,   1.720,   1.738,9999.000,9999.000,9999.000,9999.000,9999.000,9999.000,9999.000
202606281536,   1.668,   1.689,9999.000,9999.000,9999.000,9999.000,9999.000,9999.000,9999.000
202606281542,   1.615,   1.590,9999.000,9999.000,9999.000,9999.000,9999.000,9999.000,9999.000
202606281548,   1.563,   1.508,9999.000,9999.000,9999.000,9999.000,9999.000,9999.000,9999.000
202606281554,   1.511,   1.459,9999.000,9999.000,9999.000,9999.000,9999.000,9999.000,9999.000
202606281600,   1.458,   1.430,   0.600,  -0.628,   1.430,   0.500,   1.330,   0.600,   1.430
202606281606,   1.407,   1.371,9999.000,9999.000,9999.000,9999.000,9999.000,9999.000,9999.000
202606281612,   1.355,   1.318,9999.000,9999.000,9999.000,9999.000,9999.000,9999.000,9999.000
202606281618,   1.304,   1.279,9999.000,9999.000,9999.000,9999.000,9999.000,9999.000,9999.000
202606281624,   1.254,   1.210,9999.000,9999.000,9999.000,9999.000,9999.000,9999.000,9999.000
202606281630,   1.205,   1.128,9999.000,9999.000,9999.000,9999.000,9999.000,9999.000,9999.000
202606281636,   1.156,   1.079,9999.000,9999.000,9999.000,9999.000,9999.000,9999.000,9999.000
202606281642,   1.109,   1.020,9999.000,9999.000,9999.000,9999.000,9999.000,9999.000,9999.000
202606281648,   1.063,   1.010,9999.000,9999.000,9999.000,9999.000,9999.000,9999.000,9999.000
202606281654,   1.018,   0.961,9999.000,9999.000,9999.000,9999.000,9999.000,9999.000,9999.000
202606281700,   0.974,   0.990,   0.600,  -0.584,   0.990,   0.500,   0.890,   0.600,   0.990
202606281706,   0.932,   0.980,9999.000,9999.000,9999.000,9999.000,9999.000,9999.000,9999.000
202606281712,   0.892,   0.941,9999.000,9999.000,9999.000,9999.000,9999.000,9999.000,9999.000
202606281718,   0.853,   0.928,9999.000,9999.000,9999.000,9999.000,9999.000,9999.000,9999.000
202606281724,   0.817,   0.928,9999.000,9999.000,9999.000,9999.000,9999.000,9999.000,9999.000
202606281730,   0.782,   0.879,9999.000,9999.000,9999.000,9999.000,9999.000,9999.000,9999.000
202606281736,   0.750,   0.829,9999.000,9999.000,9999.000,9999.000,9999.000,9999.000,9999.000
202606281742,   0.721,   0.810,9999.000,9999.000,9999.000,9999.000,9999.000,9999.000,9999.000
202606281748,   0.694,   0.849,9999.000,9999.000,9999.000,9999.000,9999.000,9999.000,9999.000
202606281754,   0.670,   0.839,9999.000,9999.000,9999.000,9999.000,9999.000,9999.000,9999.000
202606281800,   0.650,   0.849,   0.600,  -0.401,   0.849,   0.600,   0.849,   0.600,   0.849
202606281806,   0.632,   0.819,9999.000,9999.000,9999.000,9999.000,9999.000,9999.000,9999.000
202606281812,   0.618,   0.849,9999.000,9999.000,9999.000,9999.000,9999.000,9999.000,9999.000
202606281818,   0.608,   0.951,9999.000,9999.000,9999.000,9999.000,9999.000,9999.000,9999.000
202606281824,   0.602,   1.010,9999.000,9999.000,9999.000,9999.000,9999.000,9999.000,9999.000
202606281830,   0.600,   1.059,9999.000,9999.000,9999.000,9999.000,9999.000,9999.000,9999.000
202606281836,   0.602,   1.010,9999.000,9999.000,9999.000,9999.000,9999.000,9999.000,9999.000
202606281842,   0.609,   1.069,9999.000,9999.000,9999.000,9999.000,9999.000,9999.000,9999.000
202606281848,   0.620,   1.118,9999.000,9999.000,9999.000,9999.000,9999.000,9999.000,9999.000
202606281854,   0.636,   1.200,9999.000,9999.000,9999.000,9999.000,9999.000,9999.000,9999.000
202606281900,   0.658,   1.289,   0.600,   0.031,   1.289,   0.600,   1.289,   0.600,   1.289
202606281906,   0.684,   1.328,9999.000,9999.000,9999.000,9999.000,9999.000,9999.000,9999.000
202606281912,   0.716,   1.380,9999.000,9999.000,9999.000,9999.000,9999.000,9999.000,9999.000
202606281918,   0.753,   1.489,9999.000,9999.000,9999.000,9999.000,9999.000,9999.000,9999.000
202606281924,   0.796,   1.728,9999.000,9999.000,9999.000,9999.000,9999.000,9999.000,9999.000
202606281930,   0.844,   1.790,9999.000,9999.000,9999.000,9999.000,9999.000,9999.000,9999.000
202606281936,   0.897,   1.738,9999.000,9999.000,9999.000,9999.000,9999.000,9999.000,9999.000
202606281942,   0.955,   1.800,9999.000,9999.000,9999.000,9999.000,9999.000,9999.000,9999.000
202606281948,   1.019,   1.879,9999.000,9999.000,9999.000,9999.000,9999.000,9999.000,9999.000
202606281954,   1.088,   1.958,9999.000,9999.000,9999.000,9999.000,9999.000,9999.000,9999.000
202606282000,   1.161,   2.030,   0.600,   0.269,   2.030,   0.600,   2.030,   0.600,   2.030
202606282006,   1.240,   2.118,9999.000,9999.000,9999.000,9999.000,9999.000,9999.000,9999.000
202606282012,   1.322,   2.210,9999.000,9999.000,9999.000,9999.000,9999.000,9999.000,9999.000
202606282018,   1.409,   2.309,9999.000,9999.000,9999.000,9999.000,9999.000,9999.000,9999.000
202606282024,   1.500,   2.558,9999.000,9999.000,9999.000,9999.000,9999.000,9999.000,9999.000
202606282030,   1.593,   2.679,9999.000,9999.000,9999.000,9999.000,9999.000,9999.000,9999.000
202606282036,   1.690,   2.630,9999.000,9999.000,9999.000,9999.000,9999.000,9999.000,9999.000
202606282042,   1.789,   2.719,9999.000,9999.000,9999.000,9999.000,9999.000,9999.000,9999.000
202606282048,   1.889,   2.778,9999.000,9999.000,9999.000,9999.000,9999.000,9999.000,9999.000
202606282054,   1.991,   2.869,9999.000,9999.000,9999.000,9999.000,9999.000,9999.000,9999.000
202606282100,   2.094,   2.938,   0.600,   0.244,   2.938,   0.600,   2.938,   0.700,   3.038
202606282106,   2.198,   3.017,9999.000,9999.000,9999.000,9999.000,9999.000,9999.000,9999.000
202606282112,   2.301,   3.158,9999.000,9999.000,9999.000,9999.000,9999.000,9999.000,9999.000
202606282118,   2.403,   3.240,9999.000,9999.000,9999.000,9999.000,9999.000,9999.000,9999.000
202606282124,   2.505,   3.470,9999.000,9999.000,9999.000,9999.000,9999.000,9999.000,9999.000
202606282130,   2.605,   3.548,9999.000,9999.000,9999.000,9999.000,9999.000,9999.000,9999.000
202606282136,   2.703,   3.499,9999.000,9999.000,9999.000,9999.000,9999.000,9999.000,9999.000
202606282142,   2.798,   3.598,9999.000,9999.000,9999.000,9999.000,9999.000,9999.000,9999.000
202606282148,   2.892,   3.670,9999.000,9999.000,9999.000,9999.000,9999.000,9999.000,9999.000
202606282154,   2.982,   3.749,9999.000,9999.000,9999.000,9999.000,9999.000,9999.000,9999.000
202606282200,   3.069,   3.860,   0.600,   0.191,   3.860,   0.600,   3.860,   0.700,   3.960
202606282206,   3.153,   3.949,9999.000,9999.000,9999.000,9999.000,9999.000,9999.000,9999.000
202606282212,   3.234,   4.070,9999.000,9999.000,9999.000,9999.000,9999.000,9999.000,9999.000
202606282218,   3.311,   4.129,9999.000,9999.000,9999.000,9999.000,9999.000,9999.000,9999.000
202606282224,   3.385,   4.319,9999.000,9999.000,9999.000,9999.000,9999.000,9999.000,9999.000
202606282230,   3.455,   4.388,9999.000,9999.000,9999.000,9999.000,9999.000,9999.000,9999.000
202606282236,   3.521,   4.349,9999.000,9999.000,9999.000,9999.000,9999.000,9999.000,9999.000
202606282242,   3.584,   4.408,9999.000,9999.000,9999.000,9999.000,9999.000,9999.000,9999.000
202606282248,   3.642,   4.500,9999.000,9999.000,9999.000,9999.000,9999.000,9999.000,9999.000
202606282254,   3.697,   4.588,9999.000,9999.000,9999.000,9999.000,9999.000,9999.000,9999.000
202606282300,   3.748,   4.657,   0.600,   0.309,   4.657,   0.600,   4.657,   0.700,   4.757
202606282306,   3.796,   4.690,9999.000,9999.000,9999.000,9999.000,9999.000,9999.000,9999.000
202606282312,   3.840,   4.719,9999.000,9999.000,9999.000,9999.000,9999.000,9999.000,9999.000
202606282318,   3.880,   4.759,9999.000,9999.000,9999.000,9999.000,9999.000,9999.000,9999.000
202606282324,   3.916,   4.867,9999.000,9999.000,9999.000,9999.000,9999.000,9999.000,9999.000
202606282330,   3.948,   4.919,9999.000,9999.000,9999.000,9999.000,9999.000,9999.000,9999.000
202606282336,   3.977,   4.867,9999.000,9999.000,9999.000,9999.000,9999.000,9999.000,9999.000
202606282342,   4.003,   4.847,9999.000,9999.000,9999.000,9999.000,9999.000,9999.000,9999.000
202606282348,   4.025,   4.857,9999.000,9999.000,9999.000,9999.000,9999.000,9999.000,9999.000
202606282354,   4.043,   4.867,9999.000,9999.000,9999.000,9999.000,9999.000,9999.000,9999.000
202606290000,   4.058,   4.887,   0.700,   0.129,   4.887,   0.600,   4.787,   0.700,   4.887
202606290006,   4.069,   4.919,9999.000,9999.000,9999.000,9999.000,9999.000,9999.000,9999.000
202606290012,   4.077,   4.900,9999.000,9999.000,9999.000,9999.000,9999.000,9999.000,9999.000
202606290018,   4.081,   4.887,9999.000,9999.000,9999.000,9999.000,9999.000,9999.000,9999.000
202606290024,   4.082,   4.910,9999.000,9999.000,9999.000,9999.000,9999.000,9999.000,9999.000
202606290030,   4.080,   4.910,9999.000,9999.000,9999.000,9999.000,9999.000,9999.000,9999.000
202606290036,   4.074,   4.857,9999.000,9999.000,9999.000,9999.000,9999.000,9999.000,9999.000
202606290042,   4.065,   4.847,9999.000,9999.000,9999.000,9999.000,9999.000,9999.000,9999.000
202606290048,   4.053,   4.808,9999.000,9999.000,9999.000,9999.000,9999.000,9999.000,9999.000
202606290054,   4.038,   4.788,9999.000,9999.000,9999.000,9999.000,9999.000,9999.000,9999.000
202606290100,   4.019,   4.759,   0.700,   0.040,   4.759,   0.600,   4.659,   0.700,   4.759
202606290106,   3.998,   4.700,9999.000,9999.000,9999.000,9999.000,9999.000,9999.000,9999.000
202606290112,   3.973,   4.667,9999.000,9999.000,9999.000,9999.000,9999.000,9999.000,9999.000
202606290118,   3.946,   4.657,9999.000,9999.000,9999.000,9999.000,9999.000,9999.000,9999.000
202606290124,   3.915,   4.637,9999.000,9999.000,9999.000,9999.000,9999.000,9999.000,9999.000
202606290130,   3.882,   4.598,9999.000,9999.000,9999.000,9999.000,9999.000,9999.000,9999.000
202606290136,   3.846,   4.549,9999.000,9999.000,9999.000,9999.000,9999.000,9999.000,9999.000
202606290142,   3.807,   4.480,9999.000,9999.000,9999.000,9999.000,9999.000,9999.000,9999.000
202606290148,   3.766,   4.408,9999.000,9999.000,9999.000,9999.000,9999.000,9999.000,9999.000
202606290154,   3.722,   4.359,9999.000,9999.000,9999.000,9999.000,9999.000,9999.000,9999.000
202606290200,   3.676,   4.280,   0.700,  -0.096,   4.280,   0.600,   4.180,   0.700,   4.280
202606290206,   3.627,   4.208,9999.000,9999.000,9999.000,9999.000,9999.000,9999.000,9999.000
202606290212,   3.576,   4.109,9999.000,9999.000,9999.000,9999.000,9999.000,9999.000,9999.000
202606290218,   3.523,   4.027,9999.000,9999.000,9999.000,9999.000,9999.000,9999.000,9999.000
202606290224,   3.468,   3.939,9999.000,9999.000,9999.000,9999.000,9999.000,9999.000,9999.000
202606290230,   3.410,   3.847,9999.000,9999.000,9999.000,9999.000,9999.000,9999.000,9999.000
202606290236,   3.351,   3.798,9999.000,9999.000,9999.000,9999.000,9999.000,9999.000,9999.000
202606290242,   3.290,   3.709,9999.000,9999.000,9999.000,9999.000,9999.000,9999.000,9999.000
202606290248,   3.228,   3.607,9999.000,9999.000,9999.000,9999.000,9999.000,9999.000,9999.000
202606290254,   3.164,   3.529,9999.000,9999.000,9999.000,9999.000,9999.000,9999.000,9999.000
202606290300,   3.098,   3.470,   0.700,  -0.328,   3.470,   0.600,   3.370,   0.700,   3.470
202606290306,   3.031,   3.398,9999.000,9999.000,9999.000,9999.000,9999.000,9999.000,9999.000
202606290312,   2.962,   3.358,9999.000,9999.000,9999.000,9999.000,9999.000,9999.000,9999.000
202606290318,   2.893,   3.230,9999.000,9999.000,9999.000,9999.000,9999.000,9999.000,9999.000
202606290324,   2.822,   3.129,9999.000,9999.000,9999.000,9999.000,9999.000,9999.000,9999.000
202606290330,   2.751,   3.040,9999.000,9999.000,9999.000,9999.000,9999.000,9999.000,9999.000
202606290336,   2.678,   2.988,9999.000,9999.000,9999.000,9999.000,9999.000,9999.000,9999.000
202606290342,   2.605,   2.909,9999.000,9999.000,9999.000,9999.000,9999.000,9999.000,9999.000
202606290348,   2.531,   2.869,9999.000,9999.000,9999.000,9999.000,9999.000,9999.000,9999.000
202606290354,   2.457,   2.820,9999.000,9999.000,9999.000,9999.000,9999.000,9999.000,9999.000
202606290400,   2.382,   2.778,   0.700,  -0.304,   2.778,   0.600,   2.678,   0.700,   2.778
202606290406,   2.307,   2.689,9999.000,9999.000,9999.000,9999.000,9999.000,9999.000,9999.000
202606290412,   2.232,   2.610,9999.000,9999.000,9999.000,9999.000,9999.000,9999.000,9999.000
202606290418,   2.156,   2.519,9999.000,9999.000,9999.000,9999.000,9999.000,9999.000,9999.000
202606290424,   2.081,   2.368,9999.000,9999.000,9999.000,9999.000,9999.000,9999.000,9999.000
202606290430,   2.005,   2.289,9999.000,9999.000,9999.000,9999.000,9999.000,9999.000,9999.000
202606290436,   1.930,   2.240,9999.000,9999.000,9999.000,9999.000,9999.000,9999.000,9999.000
202606290442,   1.855,   2.177,9999.000,9999.000,9999.000,9999.000,9999.000,9999.000,9999.000
202606290448,   1.781,   2.099,9999.000,9999.000,9999.000,9999.000,9999.000,9999.000,9999.000
202606290454,   1.707,   2.010,9999.000,9999.000,9999.000,9999.000,9999.000,9999.000,9999.000
202606290500,   1.634,   1.928,   0.700,  -0.406,   1.928,   0.600,   1.828,   0.700,   1.928
202606290506,   1.562,   1.849,9999.000,9999.000,9999.000,9999.000,9999.000,9999.000,9999.000
202606290512,   1.491,   1.781,9999.000,9999.000,9999.000,9999.000,9999.000,9999.000,9999.000
202606290518,   1.420,   1.679,9999.000,9999.000,9999.000,9999.000,9999.000,9999.000,9999.000
202606290524,   1.351,   1.610,9999.000,9999.000,9999.000,9999.000,9999.000,9999.000,9999.000
202606290530,   1.284,   1.518,9999.000,9999.000,9999.000,9999.000,9999.000,9999.000,9999.000
202606290536,   1.217,   1.469,9999.000,9999.000,9999.000,9999.000,9999.000,9999.000,9999.000
202606290542,   1.153,   1.410,9999.000,9999.000,9999.000,9999.000,9999.000,9999.000,9999.000
202606290548,   1.090,   1.390,9999.000,9999.000,9999.000,9999.000,9999.000,9999.000,9999.000
202606290554,   1.029,   1.338,9999.000,9999.000,9999.000,9999.000,9999.000,9999.000,9999.000
202606290600,   0.970,   1.269,   0.700,  -0.401,   1.269,   0.700,   1.269,   0.700,   1.269
202606290606,   0.913,   1.229,9999.000,9999.000,9999.000,9999.000,9999.000,9999.000,9999.000
202606290612,   0.859,   1.190,9999.000,9999.000,9999.000,9999.000,9999.000,9999.000,9999.000
202606290618,   0.807,   1.128,9999.000,9999.000,9999.000,9999.000,9999.000,9999.000,9999.000
202606290624,   0.758,   1.180,9999.000,9999.000,9999.000,9999.000,9999.000,9999.000,9999.000
202606290630,   0.712,   1.151,9999.000,9999.000,9999.000,9999.000,9999.000,9999.000,9999.000
202606290636,   0.669,   1.098,9999.000,9999.000,9999.000,9999.000,9999.000,9999.000,9999.000
202606290642,   0.629,   1.059,9999.000,9999.000,9999.000,9999.000,9999.000,9999.000,9999.000
202606290648,   0.593,   1.049,9999.000,9999.000,9999.000,9999.000,9999.000,9999.000,9999.000
202606290654,   0.561,   1.039,9999.000,9999.000,9999.000,9999.000,9999.000,9999.000,9999.000
202606290700,   0.532,   1.059,   0.700,  -0.173,   1.059,   0.600,   0.959,   0.700,   1.059
202606290706,   0.508,   1.029,9999.000,9999.000,9999.000,9999.000,9999.000,9999.000,9999.000
202606290712,   0.487,   1.020,9999.000,9999.000,9999.000,9999.000,9999.000,9999.000,9999.000
202606290718,   0.472,   0.990,9999.000,9999.000,9999.000,9999.000,9999.000,9999.000,9999.000
202606290724,   0.460,   1.069,9999.000,9999.000,9999.000,9999.000,9999.000,9999.000,9999.000
202606290730,   0.454,   1.069,9999.000,9999.000,9999.000,9999.000,9999.000,9999.000,9999.000
202606290736,   0.452,   1.020,9999.000,9999.000,9999.000,9999.000,9999.000,9999.000,9999.000
202606290742,   0.455,   1.039,9999.000,9999.000,9999.000,9999.000,9999.000,9999.000,9999.000
202606290748,   0.464,   1.079,9999.000,9999.000,9999.000,9999.000,9999.000,9999.000,9999.000
202606290754,   0.477,   1.108,9999.000,9999.000,9999.000,9999.000,9999.000,9999.000,9999.000
202606290800,   0.496,   1.079,   0.700,  -0.117,   1.079,   0.600,   0.979,   0.700,   1.079
202606290806,   0.521,   1.128,9999.000,9999.000,9999.000,9999.000,9999.000,9999.000,9999.000
202606290812,   0.550,   1.249,9999.000,9999.000,9999.000,9999.000,9999.000,9999.000,9999.000
202606290818,   0.586,   1.348,9999.000,9999.000,9999.000,9999.000,9999.000,9999.000,9999.000
202606290824,   0.626,   1.430,9999.000,9999.000,9999.000,9999.000,9999.000,9999.000,9999.000
202606290830,   0.672,   1.469,9999.000,9999.000,9999.000,9999.000,9999.000,9999.000,9999.000
202606290836,   0.723,   1.420,9999.000,9999.000,9999.000,9999.000,9999.000,9999.000,9999.000
202606290842,   0.778,   1.439,9999.000,9999.000,9999.000,9999.000,9999.000,9999.000,9999.000
202606290848,   0.838,   1.538,9999.000,9999.000,9999.000,9999.000,9999.000,9999.000,9999.000
202606290854,   0.903,   1.600,9999.000,9999.000,9999.000,9999.000,9999.000,9999.000,9999.000
202606290900,   0.971,   1.669,   0.700,  -0.002,   1.669,   0.600,   1.569,   0.700,   1.669
202606290906,   1.043,   1.758,9999.000,9999.000,9999.000,9999.000,9999.000,9999.000,9999.000
202606290912,   1.117,   1.849,9999.000,9999.000,9999.000,9999.000,9999.000,9999.000,9999.000
202606290918,   1.194,   2.049,9999.000,9999.000,9999.000,9999.000,9999.000,9999.000,9999.000
202606290924,   1.273,   2.109,9999.000,9999.000,9999.000,9999.000,9999.000,9999.000,9999.000
202606290930,   1.353,   2.128,9999.000,9999.000,9999.000,9999.000,9999.000,9999.000,9999.000
202606290936,   1.434,   2.079,9999.000,9999.000,9999.000,9999.000,9999.000,9999.000,9999.000
202606290942,   1.515,   2.158,9999.000,9999.000,9999.000,9999.000,9999.000,9999.000,9999.000
202606290948,   1.596,   2.250,9999.000,9999.000,9999.000,9999.000,9999.000,9999.000,9999.000
202606290954,   1.676,   2.328,9999.000,9999.000,9999.000,9999.000,9999.000,9999.000,9999.000
202606291000,   1.755,   2.377,   0.700,  -0.078,   2.377,   0.600,   2.277,   0.700,   2.377
202606291006,   1.833,   2.479,9999.000,9999.000,9999.000,9999.000,9999.000,9999.000,9999.000
202606291012,   1.909,   2.578,9999.000,9999.000,9999.000,9999.000,9999.000,9999.000,9999.000
202606291018,   1.983,   2.620,9999.000,9999.000,9999.000,9999.000,9999.000,9999.000,9999.000
202606291024,   2.054,   2.787,9999.000,9999.000,9999.000,9999.000,9999.000,9999.000,9999.000
202606291030,   2.123,   2.850,9999.000,9999.000,9999.000,9999.000,9999.000,9999.000,9999.000
202606291036,   2.190,   2.797,9999.000,9999.000,9999.000,9999.000,9999.000,9999.000,9999.000
202606291042,   2.253,   2.879,9999.000,9999.000,9999.000,9999.000,9999.000,9999.000,9999.000
202606291048,   2.314,   2.938,9999.000,9999.000,9999.000,9999.000,9999.000,9999.000,9999.000
202606291054,   2.372,   2.988,9999.000,9999.000,9999.000,9999.000,9999.000,9999.000,9999.000
202606291100,   2.426,   3.089,   0.700,  -0.037,   3.089,   0.600,   2.989,   0.700,   3.089
202606291106,   2.478,   3.129,9999.000,9999.000,9999.000,9999.000,9999.000,9999.000,9999.000
202606291112,   2.527,   3.178,9999.000,9999.000,9999.000,9999.000,9999.000,9999.000,9999.000
202606291118,   2.573,   3.217,9999.000,9999.000,9999.000,9999.000,9999.000,9999.000,9999.000
202606291124,   2.615,   3.319,9999.000,9999.000,9999.000,9999.000,9999.000,9999.000,9999.000
202606291130,   2.655,   3.339,9999.000,9999.000,9999.000,9999.000,9999.000,9999.000,9999.000
202606291136,   2.692,   3.289,9999.000,9999.000,9999.000,9999.000,9999.000,9999.000,9999.000
202606291142,   2.725,   3.329,9999.000,9999.000,9999.000,9999.000,9999.000,9999.000,9999.000
202606291148,   2.756,   3.339,9999.000,9999.000,9999.000,9999.000,9999.000,9999.000,9999.000
202606291154,   2.784,   3.398,9999.000,9999.000,9999.000,9999.000,9999.000,9999.000,9999.000
202606291200,   2.809,   3.460,   0.700,  -0.049,   3.460,   0.600,   3.360,   0.700,   3.460
202606291206,   2.831,   3.489,9999.000,9999.000,9999.000,9999.000,9999.000,9999.000,9999.000
202606291212,   2.850,   3.460,9999.000,9999.000,9999.000,9999.000,9999.000,9999.000,9999.000
202606291218,   2.866,   3.450,9999.000,9999.000,9999.000,9999.000,9999.000,9999.000,9999.000
202606291224,   2.879,   3.529,9999.000,9999.000,9999.000,9999.000,9999.000,9999.000,9999.000
202606291230,   2.889,   3.539,9999.000,9999.000,9999.000,9999.000,9999.000,9999.000,9999.000
202606291236,   2.896,   3.489,9999.000,9999.000,9999.000,9999.000,9999.000,9999.000,9999.000
202606291242,   2.901,   3.509,9999.000,9999.000,9999.000,9999.000,9999.000,9999.000,9999.000
202606291248,   2.902,   3.548,9999.000,9999.000,9999.000,9999.000,9999.000,9999.000,9999.000
202606291254,   2.901,   3.558,9999.000,9999.000,9999.000,9999.000,9999.000,9999.000,9999.000
202606291300,   2.897,   3.539,   0.700,  -0.058,   3.539,   0.600,   3.439,   0.700,   3.539
202606291306,   2.891,   3.529,9999.000,9999.000,9999.000,9999.000,9999.000,9999.000,9999.000
202606291312,   2.882,   3.489,9999.000,9999.000,9999.000,9999.000,9999.000,9999.000,9999.000
202606291318,   2.870,   3.470,9999.000,9999.000,9999.000,9999.000,9999.000,9999.000,9999.000
202606291324,   2.855,   3.398,9999.000,9999.000,9999.000,9999.000,9999.000,9999.000,9999.000
202606291330,   2.838,   3.378,9999.000,9999.000,9999.000,9999.000,9999.000,9999.000,9999.000
202606291336,   2.819,   3.329,9999.000,9999.000,9999.000,9999.000,9999.000,9999.000,9999.000
202606291342,   2.797,   3.289,9999.000,9999.000,9999.000,9999.000,9999.000,9999.000,9999.000
202606291348,   2.773,   3.270,9999.000,9999.000,9999.000,9999.000,9999.000,9999.000,9999.000
202606291354,   2.747,   3.230,9999.000,9999.000,9999.000,9999.000,9999.000,9999.000,9999.000
202606291400,   2.719,   3.158,   0.700,  -0.261,   3.158,   0.600,   3.058,   0.700,   3.158
202606291406,   2.688,   3.089,9999.000,9999.000,9999.000,9999.000,9999.000,9999.000,9999.000
202606291412,   2.655,   3.030,9999.000,9999.000,9999.000,9999.000,9999.000,9999.000,9999.000
202606291418,   2.621,   2.968,9999.000,9999.000,9999.000,9999.000,9999.000,9999.000,9999.000
202606291424,   2.584,   2.869,9999.000,9999.000,9999.000,9999.000,9999.000,9999.000,9999.000
202606291430,   2.546,   2.797,9999.000,9999.000,9999.000,9999.000,9999.000,9999.000,9999.000
202606291436,   2.506,   2.748,9999.000,9999.000,9999.000,9999.000,9999.000,9999.000,9999.000
202606291442,   2.464,   2.699,9999.000,9999.000,9999.000,9999.000,9999.000,9999.000,9999.000
202606291448,   2.421,   2.620,9999.000,9999.000,9999.000,9999.000,9999.000,9999.000,9999.000
202606291454,   2.376,   2.528,9999.000,9999.000,9999.000,9999.000,9999.000,9999.000,9999.000
202606291500,   2.330,   2.440,   0.700,  -0.590,   2.440,   0.600,   2.340,   0.700,   2.440
202606291506,   2.283,   2.377,9999.000,9999.000,9999.000,9999.000,9999.000,9999.000,9999.000
202606291512,   2.235,   2.318,9999.000,9999.000,9999.000,9999.000,9999.000,9999.000,9999.000
202606291518,   2.185,   2.269,9999.000,9999.000,9999.000,9999.000,9999.000,9999.000,9999.000
202606291524,   2.135,   2.200,9999.000,9999.000,9999.000,9999.000,9999.000,9999.000,9999.000
202606291530,   2.084,   2.148,9999.000,9999.000,9999.000,9999.000,9999.000,9999.000,9999.000
202606291536,   2.031,   2.099,9999.000,9999.000,9999.000,9999.000,9999.000,9999.000,9999.000
202606291542,   1.979,   2.030,9999.000,9999.000,9999.000,9999.000,9999.000,9999.000,9999.000
202606291548,   1.925,   1.981,9999.000,9999.000,9999.000,9999.000,9999.000,9999.000,9999.000
202606291554,   1.871,   1.908,9999.000,9999.000,9999.000,9999.000,9999.000,9999.000,9999.000
202606291600,   1.817,   1.849,   0.600,  -0.568,   1.849,   0.600,   1.849,   0.700,   1.949
202606291606,   1.763,   1.790,9999.000,9999.000,9999.000,9999.000,9999.000,9999.000,9999.000
202606291612,   1.708,   1.758,9999.000,9999.000,9999.000,9999.000,9999.000,9999.000,9999.000
202606291618,   1.653,   1.649,9999.000,9999.000,9999.000,9999.000,9999.000,9999.000,9999.000
202606291624,   1.599,   1.571,9999.000,9999.000,9999.000,9999.000,9999.000,9999.000,9999.000
202606291630,   1.544,   1.528,9999.000,9999.000,9999.000,9999.000,9999.000,9999.000,9999.000
202606291636,   1.490,   1.479,9999.000,9999.000,9999.000,9999.000,9999.000,9999.000,9999.000
202606291642,   1.436,   1.420,9999.000,9999.000,9999.000,9999.000,9999.000,9999.000,9999.000
202606291648,   1.382,   1.338,9999.000,9999.000,9999.000,9999.000,9999.000,9999.000,9999.000
202606291654,   1.329,   1.259,9999.000,9999.000,9999.000,9999.000,9999.000,9999.000,9999.000
202606291700,   1.277,   1.200,   0.600,  -0.677,   1.200,   0.600,   1.200,   0.700,   1.300
202606291706,   1.225,   1.151,9999.000,9999.000,9999.000,9999.000,9999.000,9999.000,9999.000
202606291712,   1.175,   1.098,9999.000,9999.000,9999.000,9999.000,9999.000,9999.000,9999.000
202606291718,   1.125,   1.039,9999.000,9999.000,9999.000,9999.000,9999.000,9999.000,9999.000
202606291724,   1.077,   1.020,9999.000,9999.000,9999.000,9999.000,9999.000,9999.000,9999.000
202606291730,   1.030,   0.990,9999.000,9999.000,9999.000,9999.000,9999.000,9999.000,9999.000
202606291736,   0.984,   0.941,9999.000,9999.000,9999.000,9999.000,9999.000,9999.000,9999.000
202606291742,   0.939,   0.898,9999.000,9999.000,9999.000,9999.000,9999.000,9999.000,9999.000
202606291748,   0.897,   0.869,9999.000,9999.000,9999.000,9999.000,9999.000,9999.000,9999.000
202606291754,   0.856,   0.839,9999.000,9999.000,9999.000,9999.000,9999.000,9999.000,9999.000
202606291800,   0.817,   0.800,   0.600,  -0.617,   0.800,   0.600,   0.800,   0.600,   0.800
202606291806,   0.780,   0.751,9999.000,9999.000,9999.000,9999.000,9999.000,9999.000,9999.000
202606291812,   0.745,   0.718,9999.000,9999.000,9999.000,9999.000,9999.000,9999.000,9999.000
202606291818,   0.713,   0.718,9999.000,9999.000,9999.000,9999.000,9999.000,9999.000,9999.000
202606291824,   0.683,   0.810,9999.000,9999.000,9999.000,9999.000,9999.000,9999.000,9999.000
202606291830,   0.657,   0.810,9999.000,9999.000,9999.000,9999.000,9999.000,9999.000,9999.000
202606291836,   0.633,   0.760,9999.000,9999.000,9999.000,9999.000,9999.000,9999.000,9999.000
202606291842,   0.612,   0.770,9999.000,9999.000,9999.000,9999.000,9999.000,9999.000,9999.000
202606291848,   0.595,   0.780,9999.000,9999.000,9999.000,9999.000,9999.000,9999.000,9999.000
202606291854,   0.581,   0.819,9999.000,9999.000,9999.000,9999.000,9999.000,9999.000,9999.000
202606291900,   0.571,   0.829,   0.600,  -0.342,   0.829,   0.600,   0.829,   0.600,   0.829
202606291906,   0.565,   0.869,9999.000,9999.000,9999.000,9999.000,9999.000,9999.000,9999.000
202606291912,   0.564,   0.928,9999.000,9999.000,9999.000,9999.000,9999.000,9999.000,9999.000
202606291918,   0.567,   1.010,9999.000,9999.000,9999.000,9999.000,9999.000,9999.000,9999.000
202606291924,   0.575,   1.180,9999.000,9999.000,9999.000,9999.000,9999.000,9999.000,9999.000
202606291930,   0.588,   1.259,9999.000,9999.000,9999.000,9999.000,9999.000,9999.000,9999.000
202606291936,   0.606,   1.210,9999.000,9999.000,9999.000,9999.000,9999.000,9999.000,9999.000
202606291942,   0.629,   1.229,9999.000,9999.000,9999.000,9999.000,9999.000,9999.000,9999.000
202606291948,   0.657,   1.318,9999.000,9999.000,9999.000,9999.000,9999.000,9999.000,9999.000
202606291954,   0.692,   1.400,9999.000,9999.000,9999.000,9999.000,9999.000,9999.000,9999.000
202606292000,   0.732,   1.479,   0.600,   0.147,   1.479,   0.600,   1.479,   0.600,   1.479
202606292006,   0.777,   1.571,9999.000,9999.000,9999.000,9999.000,9999.000,9999.000,9999.000
202606292012,   0.829,   1.620,9999.000,9999.000,9999.000,9999.000,9999.000,9999.000,9999.000
202606292018,   0.886,   1.849,9999.000,9999.000,9999.000,9999.000,9999.000,9999.000,9999.000
202606292024,   0.948,   1.948,9999.000,9999.000,9999.000,9999.000,9999.000,9999.000,9999.000
202606292030,   1.016,   1.990,9999.000,9999.000,9999.000,9999.000,9999.000,9999.000,9999.000
202606292036,   1.090,   1.938,9999.000,9999.000,9999.000,9999.000,9999.000,9999.000,9999.000
202606292042,   1.168,   2.030,9999.000,9999.000,9999.000,9999.000,9999.000,9999.000,9999.000
202606292048,   1.252,   2.138,9999.000,9999.000,9999.000,9999.000,9999.000,9999.000,9999.000
202606292054,   1.340,   2.220,9999.000,9999.000,9999.000,9999.000,9999.000,9999.000,9999.000
202606292100,   1.431,   2.328,   0.600,   0.297,   2.328,   0.600,   2.328,   0.600,   2.328
202606292106,   1.527,   2.387,9999.000,9999.000,9999.000,9999.000,9999.000,9999.000,9999.000
202606292112,   1.626,   2.499,9999.000,9999.000,9999.000,9999.000,9999.000,9999.000,9999.000
202606292118,   1.727,   2.709,9999.000,9999.000,9999.000,9999.000,9999.000,9999.000,9999.000
202606292124,   1.831,   2.797,9999.000,9999.000,9999.000,9999.000,9999.000,9999.000,9999.000
202606292130,   1.936,   2.860,9999.000,9999.000,9999.000,9999.000,9999.000,9999.000,9999.000
202606292136,   2.042,   2.807,9999.000,9999.000,9999.000,9999.000,9999.000,9999.000,9999.000
202606292142,   2.148,   2.869,9999.000,9999.000,9999.000,9999.000,9999.000,9999.000,9999.000
202606292148,   2.255,   2.978,9999.000,9999.000,9999.000,9999.000,9999.000,9999.000,9999.000
202606292154,   2.360,   3.070,9999.000,9999.000,9999.000,9999.000,9999.000,9999.000,9999.000
202606292200,   2.465,   3.148,   0.600,   0.083,   3.148,   0.600,   3.148,   0.600,   3.148
202606292206,   2.568,   3.250,9999.000,9999.000,9999.000,9999.000,9999.000,9999.000,9999.000
202606292212,   2.669,   3.339,9999.000,9999.000,9999.000,9999.000,9999.000,9999.000,9999.000
202606292218,   2.768,   3.417,9999.000,9999.000,9999.000,9999.000,9999.000,9999.000,9999.000
202606292224,   2.864,   3.660,9999.000,9999.000,9999.000,9999.000,9999.000,9999.000,9999.000
202606292230,   2.957,   3.719,9999.000,9999.000,9999.000,9999.000,9999.000,9999.000,9999.000
202606292236,   3.047,   3.670,9999.000,9999.000,9999.000,9999.000,9999.000,9999.000,9999.000
202606292242,   3.134,   3.729,9999.000,9999.000,9999.000,9999.000,9999.000,9999.000,9999.000
202606292248,   3.217,   3.827,9999.000,9999.000,9999.000,9999.000,9999.000,9999.000,9999.000
202606292254,   3.297,   3.909,9999.000,9999.000,9999.000,9999.000,9999.000,9999.000,9999.000
202606292300,   3.373,   3.988,   0.600,   0.015,   3.988,   0.600,   3.988,   0.600,   3.988
202606292306,   3.445,   4.070,9999.000,9999.000,9999.000,9999.000,9999.000,9999.000,9999.000
202606292312,   3.514,   4.129,9999.000,9999.000,9999.000,9999.000,9999.000,9999.000,9999.000
202606292318,   3.579,   4.159,9999.000,9999.000,9999.000,9999.000,9999.000,9999.000,9999.000
202606292324,   3.641,   4.359,9999.000,9999.000,9999.000,9999.000,9999.000,9999.000,9999.000
202606292330,   3.699,   4.388,9999.000,9999.000,9999.000,9999.000,9999.000,9999.000,9999.000
202606292336,   3.753,   4.339,9999.000,9999.000,9999.000,9999.000,9999.000,9999.000,9999.000
202606292342,   3.803,   4.388,9999.000,9999.000,9999.000,9999.000,9999.000,9999.000,9999.000
202606292348,   3.850,   4.457,9999.000,9999.000,9999.000,9999.000,9999.000,9999.000,9999.000
202606292354,   3.893,   4.500,9999.000,9999.000,9999.000,9999.000,9999.000,9999.000,9999.000
202606300000,   3.933,   4.539,   0.600,   0.006,   4.539,   0.600,   4.539,   0.600,   4.539
202606300006,   3.969,   4.578,9999.000,9999.000,9999.000,9999.000,9999.000,9999.000,9999.000
202606300012,   4.001,   4.608,9999.000,9999.000,9999.000,9999.000,9999.000,9999.000,9999.000
202606300018,   4.030,   4.637,9999.000,9999.000,9999.000,9999.000,9999.000,9999.000,9999.000
202606300024,   4.055,   4.690,9999.000,9999.000,9999.000,9999.000,9999.000,9999.000,9999.000
202606300030,   4.077,   4.739,9999.000,9999.000,9999.000,9999.000,9999.000,9999.000,9999.000
202606300036,   4.095,   4.690,9999.000,9999.000,9999.000,9999.000,9999.000,9999.000,9999.000
202606300042,   4.109,   4.690,9999.000,9999.000,9999.000,9999.000,9999.000,9999.000,9999.000
202606300048,   4.120,   4.690,9999.000,9999.000,9999.000,9999.000,9999.000,9999.000,9999.000
202606300054,   4.128,   4.700,9999.000,9999.000,9999.000,9999.000,9999.000,9999.000,9999.000
202606300100,   4.131,   4.677,   0.600,  -0.054,   4.677,   0.500,   4.577,   0.600,   4.677
202606300106,   4.132,   4.667,9999.000,9999.000,9999.000,9999.000,9999.000,9999.000,9999.000
202606300112,   4.129,   4.700,9999.000,9999.000,9999.000,9999.000,9999.000,9999.000,9999.000
202606300118,   4.122,   4.657,9999.000,9999.000,9999.000,9999.000,9999.000,9999.000,9999.000
202606300124,   4.112,   4.677,9999.000,9999.000,9999.000,9999.000,9999.000,9999.000,9999.000
202606300130,   4.099,   4.637,9999.000,9999.000,9999.000,9999.000,9999.000,9999.000,9999.000
202606300136,   4.082,   4.588,9999.000,9999.000,9999.000,9999.000,9999.000,9999.000,9999.000
202606300142,   4.062,   4.559,9999.000,9999.000,9999.000,9999.000,9999.000,9999.000,9999.000
202606300148,   4.038,   4.539,9999.000,9999.000,9999.000,9999.000,9999.000,9999.000,9999.000
202606300154,   4.011,   4.500,9999.000,9999.000,9999.000,9999.000,9999.000,9999.000,9999.000
202606300200,   3.982,   4.427,   0.500,  -0.055,   4.427,   0.500,   4.427,   0.600,   4.527
202606300206,   3.949,   4.359,9999.000,9999.000,9999.000,9999.000,9999.000,9999.000,9999.000
202606300212,   3.913,   4.280,9999.000,9999.000,9999.000,9999.000,9999.000,9999.000,9999.000
202606300218,   3.874,   4.188,9999.000,9999.000,9999.000,9999.000,9999.000,9999.000,9999.000
202606300224,   3.832,   4.119,9999.000,9999.000,9999.000,9999.000,9999.000,9999.000,9999.000
202606300230,   3.788,   4.047,9999.000,9999.000,9999.000,9999.000,9999.000,9999.000,9999.000
202606300236,   3.741,   3.998,9999.000,9999.000,9999.000,9999.000,9999.000,9999.000,9999.000
202606300242,   3.691,   3.958,9999.000,9999.000,9999.000,9999.000,9999.000,9999.000,9999.000
202606300248,   3.639,   3.860,9999.000,9999.000,9999.000,9999.000,9999.000,9999.000,9999.000
202606300254,   3.585,   3.768,9999.000,9999.000,9999.000,9999.000,9999.000,9999.000,9999.000
202606300300,   3.528,   3.709,   0.500,  -0.319,   3.709,   0.500,   3.709,   0.600,   3.809
202606300306,   3.470,   3.660,9999.000,9999.000,9999.000,9999.000,9999.000,9999.000,9999.000
202606300312,   3.409,   3.578,9999.000,9999.000,9999.000,9999.000,9999.000,9999.000,9999.000
202606300318,   3.346,   3.529,9999.000,9999.000,9999.000,9999.000,9999.000,9999.000,9999.000
202606300324,   3.282,   3.407,9999.000,9999.000,9999.000,9999.000,9999.000,9999.000,9999.000
202606300330,   3.216,   3.329,9999.000,9999.000,9999.000,9999.000,9999.000,9999.000,9999.000
202606300336,   3.148,   3.279,9999.000,9999.000,9999.000,9999.000,9999.000,9999.000,9999.000
202606300342,   3.079,   3.197,9999.000,9999.000,9999.000,9999.000,9999.000,9999.000,9999.000
202606300348,   3.008,   3.138,9999.000,9999.000,9999.000,9999.000,9999.000,9999.000,9999.000
202606300354,   2.936,   3.060,9999.000,9999.000,9999.000,9999.000,9999.000,9999.000,9999.000
202606300400,   2.863,   2.968,   0.500,  -0.395,   2.968,   0.500,   2.968,   0.500,   2.968
202606300406,   2.789,   2.909,9999.000,9999.000,9999.000,9999.000,9999.000,9999.000,9999.000
202606300412,   2.715,   2.830,9999.000,9999.000,9999.000,9999.000,9999.000,9999.000,9999.000
202606300418,   2.639,   2.728,9999.000,9999.000,9999.000,9999.000,9999.000,9999.000,9999.000
202606300424,   2.563,   2.620,9999.000,9999.000,9999.000,9999.000,9999.000,9999.000,9999.000
202606300430,   2.486,   2.538,9999.000,9999.000,9999.000,9999.000,9999.000,9999.000,9999.000
202606300436,   2.409,   2.489,9999.000,9999.000,9999.000,9999.000,9999.000,9999.000,9999.000
202606300442,   2.331,   2.420,9999.000,9999.000,9999.000,9999.000,9999.000,9999.000,9999.000
202606300448,   2.254,   2.328,9999.000,9999.000,9999.000,9999.000,9999.000,9999.000,9999.000
202606300454,   2.176,   2.250,9999.000,9999.000,9999.000,9999.000,9999.000,9999.000,9999.000
202606300500,   2.098,   2.158,   0.500,  -0.440,   2.158,   0.500,   2.158,   0.500,   2.158
202606300506,   2.020,   2.079,9999.000,9999.000,9999.000,9999.000,9999.000,9999.000,9999.000
202606300512,   1.942,   1.990,9999.000,9999.000,9999.000,9999.000,9999.000,9999.000,9999.000
202606300518,   1.865,   1.908,9999.000,9999.000,9999.000,9999.000,9999.000,9999.000,9999.000
202606300524,   1.788,   1.840,9999.000,9999.000,9999.000,9999.000,9999.000,9999.000,9999.000
202606300530,   1.712,   1.767,9999.000,9999.000,9999.000,9999.000,9999.000,9999.000,9999.000
202606300536,   1.637,   1.718,9999.000,9999.000,9999.000,9999.000,9999.000,9999.000,9999.000
202606300542,   1.562,   1.639,9999.000,9999.000,9999.000,9999.000,9999.000,9999.000,9999.000
202606300548,   1.488,   1.557,9999.000,9999.000,9999.000,9999.000,9999.000,9999.000,9999.000
202606300554,   1.415,   1.479,9999.000,9999.000,9999.000,9999.000,9999.000,9999.000,9999.000
202606300600,   1.343,   1.400,   0.500,  -0.443,   1.400,   0.500,   1.400,   0.500,   1.400
202606300606,   1.273,   1.338,9999.000,9999.000,9999.000,9999.000,9999.000,9999.000,9999.000
202606300612,   1.204,   1.259,9999.000,9999.000,9999.000,9999.000,9999.000,9999.000,9999.000
202606300618,   1.137,   1.210,9999.000,9999.000,9999.000,9999.000,9999.000,9999.000,9999.000
202606300624,   1.071,   1.190,9999.000,9999.000,9999.000,9999.000,9999.000,9999.000,9999.000
202606300630,   1.007,   1.138,9999.000,9999.000,9999.000,9999.000,9999.000,9999.000,9999.000
202606300636,   0.945,   1.088,9999.000,9999.000,9999.000,9999.000,9999.000,9999.000,9999.000
202606300642,   0.886,   1.049,9999.000,9999.000,9999.000,9999.000,9999.000,9999.000,9999.000
202606300648,   0.828,   1.000,9999.000,9999.000,9999.000,9999.000,9999.000,9999.000,9999.000
202606300654,   0.774,   0.941,9999.000,9999.000,9999.000,9999.000,9999.000,9999.000,9999.000
202606300700,   0.722,   0.869,   0.500,  -0.353,   0.869,   0.500,   0.869,   0.500,   0.869
202606300706,   0.673,   0.819,9999.000,9999.000,9999.000,9999.000,9999.000,9999.000,9999.000
202606300712,   0.627,   0.790,9999.000,9999.000,9999.000,9999.000,9999.000,9999.000,9999.000
202606300718,   0.584,   0.760,9999.000,9999.000,9999.000,9999.000,9999.000,9999.000,9999.000
202606300724,   0.545,   0.800,9999.000,9999.000,9999.000,9999.000,9999.000,9999.000,9999.000
202606300730,   0.510,   0.819,9999.000,9999.000,9999.000,9999.000,9999.000,9999.000,9999.000
202606300736,   0.479,   0.770,9999.000,9999.000,9999.000,9999.000,9999.000,9999.000,9999.000
202606300742,   0.452,   0.751,9999.000,9999.000,9999.000,9999.000,9999.000,9999.000,9999.000
202606300748,   0.429,   0.741,9999.000,9999.000,9999.000,9999.000,9999.000,9999.000,9999.000
202606300754,   0.411,   0.751,9999.000,9999.000,9999.000,9999.000,9999.000,9999.000,9999.000
202606300800,   0.397,   0.751,   0.500,  -0.146,   0.751,   0.500,   0.751,   0.500,   0.751
202606300806,   0.389,   0.751,9999.000,9999.000,9999.000,9999.000,9999.000,9999.000,9999.000
202606300812,   0.385,   0.751,9999.000,9999.000,9999.000,9999.000,9999.000,9999.000,9999.000
202606300818,   0.387,   0.819,9999.000,9999.000,9999.000,9999.000,9999.000,9999.000,9999.000
202606300824,   0.393,   0.849,9999.000,9999.000,9999.000,9999.000,9999.000,9999.000,9999.000
202606300830,   0.406,   0.879,9999.000,9999.000,9999.000,9999.000,9999.000,9999.000,9999.000
202606300836,   0.424,   0.829,9999.000,9999.000,9999.000,9999.000,9999.000,9999.000,9999.000
202606300842,   0.447,   0.849,9999.000,9999.000,9999.000,9999.000,9999.000,9999.000,9999.000
202606300848,   0.476,   0.918,9999.000,9999.000,9999.000,9999.000,9999.000,9999.000,9999.000
202606300854,   0.511,   1.000,9999.000,9999.000,9999.000,9999.000,9999.000,9999.000,9999.000
202606300900,   0.552,   1.079,   0.500,   0.027,   1.079,   0.500,   1.079,   0.500,   1.079
202606300906,   0.598,   1.138,9999.000,9999.000,9999.000,9999.000,9999.000,9999.000,9999.000
202606300912,   0.649,   1.200,9999.000,9999.000,9999.000,9999.000,9999.000,9999.000,9999.000
202606300918,   0.705,   1.279,9999.000,9999.000,9999.000,9999.000,9999.000,9999.000,9999.000
202606300924,   0.766,   1.518,9999.000,9999.000,9999.000,9999.000,9999.000,9999.000,9999.000
202606300930,   0.832,   1.580,9999.000,9999.000,9999.000,9999.000,9999.000,9999.000,9999.000
202606300936,   0.901,   1.528,9999.000,9999.000,9999.000,9999.000,9999.000,9999.000,9999.000
202606300942,   0.974,   1.600,9999.000,9999.000,9999.000,9999.000,9999.000,9999.000,9999.000
202606300948,   1.050,   1.689,9999.000,9999.000,9999.000,9999.000,9999.000,9999.000,9999.000
202606300954,   1.129,   1.781,9999.000,9999.000,9999.000,9999.000,9999.000,9999.000,9999.000
202606301000,   1.209,   1.859,   0.500,   0.150,   1.859,   0.500,   1.859,   0.500,   1.859
202606301006,   1.291,   1.948,9999.000,9999.000,9999.000,9999.000,9999.000,9999.000,9999.000
202606301012,   1.374,   2.030,9999.000,9999.000,9999.000,9999.000,9999.000,9999.000,9999.000
202606301018,   1.457,   2.089,9999.000,9999.000,9999.000,9999.000,9999.000,9999.000,9999.000
202606301024,   1.540,   2.299,9999.000,9999.000,9999.000,9999.000,9999.000,9999.000,9999.000
202606301030,   1.623,   2.400,9999.000,9999.000,9999.000,9999.000,9999.000,9999.000,9999.000
202606301036,   1.704,   2.348,9999.000,9999.000,9999.000,9999.000,9999.000,9999.000,9999.000
202606301042,   1.784,   2.400,9999.000,9999.000,9999.000,9999.000,9999.000,9999.000,9999.000
202606301048,   1.862,   2.469,9999.000,9999.000,9999.000,9999.000,9999.000,9999.000,9999.000
202606301054,   1.939,   2.568,9999.000,9999.000,9999.000,9999.000,9999.000,9999.000,9999.000
202606301100,   2.013,   2.610,   0.500,   0.097,   2.610,   0.500,   2.610,   0.500,   2.610
202606301106,   2.084,   2.679,9999.000,9999.000,9999.000,9999.000,9999.000,9999.000,9999.000
202606301112,   2.154,   2.758,9999.000,9999.000,9999.000,9999.000,9999.000,9999.000,9999.000
202606301118,   2.220,   2.797,9999.000,9999.000,9999.000,9999.000,9999.000,9999.000,9999.000
202606301124,   2.284,   2.948,9999.000,9999.000,9999.000,9999.000,9999.000,9999.000,9999.000
202606301130,   2.345,   3.007,9999.000,9999.000,9999.000,9999.000,9999.000,9999.000,9999.000
202606301136,   2.403,   2.958,9999.000,9999.000,9999.000,9999.000,9999.000,9999.000,9999.000
202606301142,   2.458,   3.007,9999.000,9999.000,9999.000,9999.000,9999.000,9999.000,9999.000
202606301148,   2.511,   3.030,9999.000,9999.000,9999.000,9999.000,9999.000,9999.000,9999.000
202606301154,   2.560,   3.070,9999.000,9999.000,9999.000,9999.000,9999.000,9999.000,9999.000
202606301200,   2.606,   3.109,   0.500,   0.003,   3.109,   0.500,   3.109,   0.500,   3.109
202606301206,   2.650,   3.148,9999.000,9999.000,9999.000,9999.000,9999.000,9999.000,9999.000
202606301212,   2.690,   3.178,9999.000,9999.000,9999.000,9999.000,9999.000,9999.000,9999.000
202606301218,   2.728,   3.230,9999.000,9999.000,9999.000,9999.000,9999.000,9999.000,9999.000
202606301224,   2.763,   3.339,9999.000,9999.000,9999.000,9999.000,9999.000,9999.000,9999.000
202606301230,   2.794,   3.407,9999.000,9999.000,9999.000,9999.000,9999.000,9999.000,9999.000
202606301236,   2.823,   3.358,9999.000,9999.000,9999.000,9999.000,9999.000,9999.000,9999.000
202606301242,   2.849,   3.368,9999.000,9999.000,9999.000,9999.000,9999.000,9999.000,9999.000
202606301248,   2.871,   3.388,9999.000,9999.000,9999.000,9999.000,9999.000,9999.000,9999.000
202606301254,   2.891,   3.398,9999.000,9999.000,9999.000,9999.000,9999.000,9999.000,9999.000
202606301300,   2.907,   3.427,   0.500,   0.020,   3.427,   0.500,   3.427,   0.500,   3.427
202606301306,   2.921,   3.440,9999.000,9999.000,9999.000,9999.000,9999.000,9999.000,9999.000
202606301312,   2.931,   3.460,9999.000,9999.000,9999.000,9999.000,9999.000,9999.000,9999.000
202606301318,   2.939,   3.427,9999.000,9999.000,9999.000,9999.000,9999.000,9999.000,9999.000
202606301324,   2.943,   3.489,9999.000,9999.000,9999.000,9999.000,9999.000,9999.000,9999.000
202606301330,   2.944,   3.470,9999.000,9999.000,9999.000,9999.000,9999.000,9999.000,9999.000
202606301336,   2.943,   3.417,9999.000,9999.000,9999.000,9999.000,9999.000,9999.000,9999.000
202606301342,   2.939,   3.398,9999.000,9999.000,9999.000,9999.000,9999.000,9999.000,9999.000
202606301348,   2.931,   3.368,9999.000,9999.000,9999.000,9999.000,9999.000,9999.000,9999.000
202606301354,   2.921,   3.339,9999.000,9999.000,9999.000,9999.000,9999.000,9999.000,9999.000
202606301400,   2.908,   3.309,   0.500,  -0.099,   3.309,   0.500,   3.309,   0.500,   3.309
202606301406,   2.893,   3.279,9999.000,9999.000,9999.000,9999.000,9999.000,9999.000,9999.000
202606301412,   2.875,   3.270,9999.000,9999.000,9999.000,9999.000,9999.000,9999.000,9999.000
202606301418,   2.854,   3.230,9999.000,9999.000,9999.000,9999.000,9999.000,9999.000,9999.000
202606301424,   2.831,   3.178,9999.000,9999.000,9999.000,9999.000,9999.000,9999.000,9999.000
202606301430,   2.805,   3.079,9999.000,9999.000,9999.000,9999.000,9999.000,9999.000,9999.000
202606301436,   2.777,   3.030,9999.000,9999.000,9999.000,9999.000,9999.000,9999.000,9999.000
202606301442,   2.747,   2.938,9999.000,9999.000,9999.000,9999.000,9999.000,9999.000,9999.000
202606301448,   2.715,   2.869,9999.000,9999.000,9999.000,9999.000,9999.000,9999.000,9999.000
202606301454,   2.680,   2.797,9999.000,9999.000,9999.000,9999.000,9999.000,9999.000,9999.000
202606301500,   2.644,   2.768,   0.500,  -0.376,   2.768,   0.500,   2.768,   0.500,   2.768
202606301506,   2.605,   2.709,9999.000,9999.000,9999.000,9999.000,9999.000,9999.000,9999.000
202606301512,   2.565,   2.620,9999.000,9999.000,9999.000,9999.000,9999.000,9999.000,9999.000
202606301518,   2.523,   2.558,9999.000,9999.000,9999.000,9999.000,9999.000,9999.000,9999.000
202606301524,   2.480,   2.499,9999.000,9999.000,9999.000,9999.000,9999.000,9999.000,9999.000
202606301530,   2.434,   2.499,9999.000,9999.000,9999.000,9999.000,9999.000,9999.000,9999.000
202606301536,   2.388,   2.450,9999.000,9999.000,9999.000,9999.000,9999.000,9999.000,9999.000
202606301542,   2.340,   2.387,9999.000,9999.000,9999.000,9999.000,9999.000,9999.000,9999.000
202606301548,   2.291,   2.289,9999.000,9999.000,9999.000,9999.000,9999.000,9999.000,9999.000
202606301554,   2.240,   2.230,9999.000,9999.000,9999.000,9999.000,9999.000,9999.000,9999.000
202606301600,   2.189,   2.168,   0.500,  -0.521,   2.168,   0.500,   2.168,   0.500,   2.168
202606301606,   2.137,   2.069,9999.000,9999.000,9999.000,9999.000,9999.000,9999.000,9999.000
202606301612,   2.084,   2.010,9999.000,9999.000,9999.000,9999.000,9999.000,9999.000,9999.000
202606301618,   2.030,   1.908,9999.000,9999.000,9999.000,9999.000,9999.000,9999.000,9999.000
202606301624,   1.975,   1.790,9999.000,9999.000,9999.000,9999.000,9999.000,9999.000,9999.000
202606301630,   1.920,   1.738,9999.000,9999.000,9999.000,9999.000,9999.000,9999.000,9999.000
202606301636,   1.865,   1.679,9999.000,9999.000,9999.000,9999.000,9999.000,9999.000,9999.000
202606301642,   1.809,   1.630,9999.000,9999.000,9999.000,9999.000,9999.000,9999.000,9999.000
202606301648,   1.753,   1.571,9999.000,9999.000,9999.000,9999.000,9999.000,9999.000,9999.000
202606301654,   1.697,   1.538,9999.000,9999.000,9999.000,9999.000,9999.000,9999.000,9999.000
202606301700,   1.641,   1.508,   0.500,  -0.633,   1.508,   0.500,   1.508,   0.500,   1.508
202606301706,   1.585,   1.459,9999.000,9999.000,9999.000,9999.000,9999.000,9999.000,9999.000
202606301712,   1.529,   1.400,9999.000,9999.000,9999.000,9999.000,9999.000,9999.000,9999.000
202606301718,   1.474,   1.318,9999.000,9999.000,9999.000,9999.000,9999.000,9999.000,9999.000
202606301724,   1.419,   1.210,9999.000,9999.000,9999.000,9999.000,9999.000,9999.000,9999.000
202606301730,   1.364,   1.170,9999.000,9999.000,9999.000,9999.000,9999.000,9999.000,9999.000
202606301736,   1.310,   1.108,9999.000,9999.000,9999.000,9999.000,9999.000,9999.000,9999.000
202606301742,   1.257,   1.059,9999.000,9999.000,9999.000,9999.000,9999.000,9999.000,9999.000
202606301748,   1.205,   1.020,9999.000,9999.000,9999.000,9999.000,9999.000,9999.000,9999.000
202606301754,   1.153,   1.000,9999.000,9999.000,9999.000,9999.000,9999.000,9999.000,9999.000
202606301800,   1.103,   0.941,   0.500,  -0.662,   0.941,   0.500,   0.941,   0.500,   0.941
202606301806,   1.054,   0.869,9999.000,9999.000,9999.000,9999.000,9999.000,9999.000,9999.000
202606301812,   1.006,   0.800,9999.000,9999.000,9999.000,9999.000,9999.000,9999.000,9999.000
202606301818,   0.960,   0.741,9999.000,9999.000,9999.000,9999.000,9999.000,9999.000,9999.000
202606301824,   0.915,   0.751,9999.000,9999.000,9999.000,9999.000,9999.000,9999.000,9999.000
202606301830,   0.872,   0.760,9999.000,9999.000,9999.000,9999.000,9999.000,9999.000,9999.000
202606301836,   0.831,   0.708,9999.000,9999.000,9999.000,9999.000,9999.000,9999.000,9999.000
202606301842,   0.792,   0.718,9999.000,9999.000,9999.000,9999.000,9999.000,9999.000,9999.000
202606301848,   0.755,   0.678,9999.000,9999.000,9999.000,9999.000,9999.000,9999.000,9999.000
202606301854,   0.721,   0.649,9999.000,9999.000,9999.000,9999.000,9999.000,9999.000,9999.000
202606301900,   0.689,   0.649,   0.500,  -0.540,   0.649,   0.500,   0.649,   0.500,   0.649
202606301906,   0.660,   0.619,9999.000,9999.000,9999.000,9999.000,9999.000,9999.000,9999.000
202606301912,   0.634,   0.560,9999.000,9999.000,9999.000,9999.000,9999.000,9999.000,9999.000
202606301918,   0.611,   0.541,9999.000,9999.000,9999.000,9999.000,9999.000,9999.000,9999.000
202606301924,   0.591,   0.619,9999.000,9999.000,9999.000,9999.000,9999.000,9999.000,9999.000
202606301930,   0.576,   0.678,9999.000,9999.000,9999.000,9999.000,9999.000,9999.000,9999.000
202606301936,   0.564,   0.708,9999.000,9999.000,9999.000,9999.000,9999.000,9999.000,9999.000
202606301942,   0.556,   0.741,9999.000,9999.000,9999.000,9999.000,9999.000,9999.000,9999.000
202606301948,   0.552,   0.908,9999.000,9999.000,9999.000,9999.000,9999.000,9999.000,9999.000
202606301954,   0.553,   0.859,9999.000,9999.000,9999.000,9999.000,9999.000,9999.000,9999.000
202606302000,   0.559,   0.941,   0.500,  -0.118,   0.941,   0.400,   0.841,   0.500,   0.941
202606302006,   0.570,   1.069,9999.000,9999.000,9999.000,9999.000,9999.000,9999.000,9999.000
202606302012,   0.587,   1.020,9999.000,9999.000,9999.000,9999.000,9999.000,9999.000,9999.000
202606302018,   0.608,   1.088,9999.000,9999.000,9999.000,9999.000,9999.000,9999.000,9999.000
202606302024,   0.635,   1.289,9999.000,9999.000,9999.000,9999.000,9999.000,9999.000,9999.000
202606302030,   0.668,   1.239,9999.000,9999.000,9999.000,9999.000,9999.000,9999.000,9999.000
202606302036,   0.707,   1.298,9999.000,9999.000,9999.000,9999.000,9999.000,9999.000,9999.000
202606302042,   0.751,   1.371,9999.000,9999.000,9999.000,9999.000,9999.000,9999.000,9999.000
202606302048,   0.801,   1.430,9999.000,9999.000,9999.000,9999.000,9999.000,9999.000,9999.000
202606302054,   0.857,   1.469,9999.000,9999.000,9999.000,9999.000,9999.000,9999.000,9999.000
202606302100,   0.919,   1.571,   0.500,   0.152,   1.571,   0.400,   1.471,   0.500,   1.571
202606302106,   0.986,   1.679,9999.000,9999.000,9999.000,9999.000,9999.000,9999.000,9999.000
202606302112,   1.058,   1.748,9999.000,9999.000,9999.000,9999.000,9999.000,9999.000,9999.000
202606302118,   1.136,   1.810,9999.000,9999.000,9999.000,9999.000,9999.000,9999.000,9999.000
202606302124,   1.219,   2.030,9999.000,9999.000,9999.000,9999.000,9999.000,9999.000,9999.000
202606302130,   1.306,   1.981,9999.000,9999.000,9999.000,9999.000,9999.000,9999.000,9999.000
202606302136,   1.397,   2.089,9999.000,9999.000,9999.000,9999.000,9999.000,9999.000,9999.000
202606302142,   1.492,   2.158,9999.000,9999.000,9999.000,9999.000,9999.000,9999.000,9999.000
202606302148,   1.590,   2.230,9999.000,9999.000,9999.000,9999.000,9999.000,9999.000,9999.000
202606302154,   1.691,   2.459,9999.000,9999.000,9999.000,9999.000,9999.000,9999.000,9999.000
202606302200,   1.794,   2.410,   0.400,   0.216,   2.410,   0.400,   2.410,   0.500,   2.510
202606302206,   1.899,   2.679,9999.000,9999.000,9999.000,9999.000,9999.000,9999.000,9999.000
202606302212,   2.004,   2.630,9999.000,9999.000,9999.000,9999.000,9999.000,9999.000,9999.000
202606302218,   2.111,   2.850,9999.000,9999.000,9999.000,9999.000,9999.000,9999.000,9999.000
202606302224,   2.217,   2.968,9999.000,9999.000,9999.000,9999.000,9999.000,9999.000,9999.000
202606302230,   2.322,   3.050,9999.000,9999.000,9999.000,9999.000,9999.000,9999.000,9999.000
202606302236,   2.427,   3.138,9999.000,9999.000,9999.000,9999.000,9999.000,9999.000,9999.000
202606302242,   2.530,   3.089,9999.000,9999.000,9999.000,9999.000,9999.000,9999.000,9999.000
202606302248,   2.632,   3.188,9999.000,9999.000,9999.000,9999.000,9999.000,9999.000,9999.000
202606302254,   2.731,   3.378,9999.000,9999.000,9999.000,9999.000,9999.000,9999.000,9999.000
202606302300,   2.827,   3.470,   0.400,   0.243,   3.470,   0.400,   3.470,   0.400,   3.470
202606302306,   2.921,   3.417,9999.000,9999.000,9999.000,9999.000,9999.000,9999.000,9999.000
202606302312,   3.012,   3.529,9999.000,9999.000,9999.000,9999.000,9999.000,9999.000,9999.000
202606302318,   3.100,   3.607,9999.000,9999.000,9999.000,9999.000,9999.000,9999.000,9999.000
202606302324,   3.184,   3.778,9999.000,9999.000,9999.000,9999.000,9999.000,9999.000,9999.000
202606302330,   3.266,   3.880,9999.000,9999.000,9999.000,9999.000,9999.000,9999.000,9999.000
202606302336,   3.343,   3.827,9999.000,9999.000,9999.000,9999.000,9999.000,9999.000,9999.000
202606302342,   3.417,   3.899,9999.000,9999.000,9999.000,9999.000,9999.000,9999.000,9999.000
202606302348,   3.488,   3.949,9999.000,9999.000,9999.000,9999.000,9999.000,9999.000,9999.000
202606302354,   3.555,   4.008,9999.000,9999.000,9999.000,9999.000,9999.000,9999.000,9999.000
202607010000,   3.618,   4.090,   0.400,   0.072,   4.090,   0.400,   4.090,   0.500,   4.190
202607010006,   3.678,   4.129,9999.000,9999.000,9999.000,9999.000,9999.000,9999.000,9999.000
202607010012,   3.734,   4.198,9999.000,9999.000,9999.000,9999.000,9999.000,9999.000,9999.000
202607010018,   3.787,   4.349,9999.000,9999.000,9999.000,9999.000,9999.000,9999.000,9999.000
202607010024,   3.836,   4.398,9999.000,9999.000,9999.000,9999.000,9999.000,9999.000,9999.000
202607010030,   3.881,   4.418,9999.000,9999.000,9999.000,9999.000,9999.000,9999.000,9999.000
202607010036,   3.923,   4.368,9999.000,9999.000,9999.000,9999.000,9999.000,9999.000,9999.000
202607010042,   3.961,   4.418,9999.000,9999.000,9999.000,9999.000,9999.000,9999.000,9999.000
202607010048,   3.995,   4.480,9999.000,9999.000,9999.000,9999.000,9999.000,9999.000,9999.000
202607010054,   4.026,   4.490,9999.000,9999.000,9999.000,9999.000,9999.000,9999.000,9999.000
202607010100,   4.053,   4.549,   0.400,   0.096,   4.549,   0.400,   4.549,   0.500,   4.649
202607010106,   4.077,   4.569,9999.000,9999.000,9999.000,9999.000,9999.000,9999.000,9999.000
202607010112,   4.096,   4.618,9999.000,9999.000,9999.000,9999.000,9999.000,9999.000,9999.000
202607010118,   4.113,   4.739,9999.000,9999.000,9999.000,9999.000,9999.000,9999.000,9999.000
202607010124,   4.125,   4.729,9999.000,9999.000,9999.000,9999.000,9999.000,9999.000,9999.000
202607010130,   4.134,   4.700,9999.000,9999.000,9999.000,9999.000,9999.000,9999.000,9999.000
202607010136,   4.139,   4.647,9999.000,9999.000,9999.000,9999.000,9999.000,9999.000,9999.000
202607010142,   4.141,   4.657,9999.000,9999.000,9999.000,9999.000,9999.000,9999.000,9999.000
202607010148,   4.139,   4.608,9999.000,9999.000,9999.000,9999.000,9999.000,9999.000,9999.000
202607010154,   4.134,   4.588,9999.000,9999.000,9999.000,9999.000,9999.000,9999.000,9999.000
202607010200,   4.125,   4.549,   0.400,   0.024,   4.549,   0.400,   4.549,   0.400,   4.549
202607010206,   4.112,   4.509,9999.000,9999.000,9999.000,9999.000,9999.000,9999.000,9999.000
202607010212,   4.096,   4.437,9999.000,9999.000,9999.000,9999.000,9999.000,9999.000,9999.000
202607010218,   4.077,   4.467,9999.000,9999.000,9999.000,9999.000,9999.000,9999.000,9999.000
202607010224,   4.054,   4.378,9999.000,9999.000,9999.000,9999.000,9999.000,9999.000,9999.000
202607010230,   4.028,   4.290,9999.000,9999.000,9999.000,9999.000,9999.000,9999.000,9999.000
202607010236,   3.999,   4.237,9999.000,9999.000,9999.000,9999.000,9999.000,9999.000,9999.000
202607010242,   3.966,   4.188,9999.000,9999.000,9999.000,9999.000,9999.000,9999.000,9999.000
202607010248,   3.931,   4.149,9999.000,9999.000,9999.000,9999.000,9999.000,9999.000,9999.000
202607010254,   3.892,   4.070,9999.000,9999.000,9999.000,9999.000,9999.000,9999.000,9999.000
202607010300,   3.851,   3.968,   0.400,  -0.283,   3.968,   0.400,   3.968,   0.400,   3.968
202607010306,   3.807,   3.919,9999.000,9999.000,9999.000,9999.000,9999.000,9999.000,9999.000
202607010312,   3.760,   3.837,9999.000,9999.000,9999.000,9999.000,9999.000,9999.000,9999.000
202607010318,   3.711,   3.739,9999.000,9999.000,9999.000,9999.000,9999.000,9999.000,9999.000
202607010324,   3.659,   3.627,9999.000,9999.000,9999.000,9999.000,9999.000,9999.000,9999.000
202607010330,   3.604,   3.578,9999.000,9999.000,9999.000,9999.000,9999.000,9999.000,9999.000
202607010336,   3.548,   3.499,9999.000,9999.000,9999.000,9999.000,9999.000,9999.000,9999.000
202607010342,   3.489,   3.427,9999.000,9999.000,9999.000,9999.000,9999.000,9999.000,9999.000
202607010348,   3.428,   3.378,9999.000,9999.000,9999.000,9999.000,9999.000,9999.000,9999.000
202607010354,   3.365,   3.279,9999.000,9999.000,9999.000,9999.000,9999.000,9999.000,9999.000
202607010400,   3.300,   3.188,   0.400,  -0.512,   3.188,   0.400,   3.188,   0.400,   3.188
202607010406,   3.233,   3.148,9999.000,9999.000,9999.000,9999.000,9999.000,9999.000,9999.000
202607010412,   3.165,   3.099,9999.000,9999.000,9999.000,9999.000,9999.000,9999.000,9999.000
202607010418,   3.095,   2.988,9999.000,9999.000,9999.000,9999.000,9999.000,9999.000,9999.000
202607010424,   3.024,   2.919,9999.000,9999.000,9999.000,9999.000,9999.000,9999.000,9999.000
202607010430,   2.952,   2.787,9999.000,9999.000,9999.000,9999.000,9999.000,9999.000,9999.000
202607010436,   2.878,   2.728,9999.000,9999.000,9999.000,9999.000,9999.000,9999.000,9999.000
202607010442,   2.803,   2.689,9999.000,9999.000,9999.000,9999.000,9999.000,9999.000,9999.000
202607010448,   2.728,   2.630,9999.000,9999.000,9999.000,9999.000,9999.000,9999.000,9999.000
202607010454,   2.651,   2.499,9999.000,9999.000,9999.000,9999.000,9999.000,9999.000,9999.000
202607010500,   2.574,   2.387,   0.400,  -0.587,   2.387,   0.300,   2.287,   0.400,   2.387
202607010506,   2.496,   2.289,9999.000,9999.000,9999.000,9999.000,9999.000,9999.000,9999.000
202607010512,   2.418,   2.168,9999.000,9999.000,9999.000,9999.000,9999.000,9999.000,9999.000
202607010518,   2.339,   2.099,9999.000,9999.000,9999.000,9999.000,9999.000,9999.000,9999.000
202607010524,   2.260,   2.040,9999.000,9999.000,9999.000,9999.000,9999.000,9999.000,9999.000
202607010530,   2.181,   2.020,9999.000,9999.000,9999.000,9999.000,9999.000,9999.000,9999.000
202607010536,   2.101,   1.967,9999.000,9999.000,9999.000,9999.000,9999.000,9999.000,9999.000
202607010542,   2.022,   1.899,9999.000,9999.000,9999.000,9999.000,9999.000,9999.000,9999.000
202607010548,   1.943,   1.767,9999.000,9999.000,9999.000,9999.000,9999.000,9999.000,9999.000
202607010554,   1.864,   1.669,9999.000,9999.000,9999.000,9999.000,9999.000,9999.000,9999.000
202607010600,   1.786,   1.590,   0.300,  -0.496,   1.590,   0.300,   1.590,   0.400,   1.690
202607010606,   1.708,   1.489,9999.000,9999.000,9999.000,9999.000,9999.000,9999.000,9999.000
202607010612,   1.631,   1.410,9999.000,9999.000,9999.000,9999.000,9999.000,9999.000,9999.000
202607010618,   1.554,   1.338,9999.000,9999.000,9999.000,9999.000,9999.000,9999.000,9999.000
202607010624,   1.479,   1.269,9999.000,9999.000,9999.000,9999.000,9999.000,9999.000,9999.000
202607010630,   1.404,   1.210,9999.000,9999.000,9999.000,9999.000,9999.000,9999.000,9999.000
202607010636,   1.331,   1.161,9999.000,9999.000,9999.000,9999.000,9999.000,9999.000,9999.000
202607010642,   1.259,   1.079,9999.000,9999.000,9999.000,9999.000,9999.000,9999.000,9999.000
202607010648,   1.189,   1.020,9999.000,9999.000,9999.000,9999.000,9999.000,9999.000,9999.000
202607010654,   1.120,   0.941,9999.000,9999.000,9999.000,9999.000,9999.000,9999.000,9999.000
202607010700,   1.053,   0.879,   0.300,  -0.474,   0.879,   0.300,   0.879,   0.300,   0.879
202607010706,   0.987,   0.839,9999.000,9999.000,9999.000,9999.000,9999.000,9999.000,9999.000
202607010712,   0.924,   0.790,9999.000,9999.000,9999.000,9999.000,9999.000,9999.000,9999.000
202607010718,   0.864,   0.698,9999.000,9999.000,9999.000,9999.000,9999.000,9999.000,9999.000
202607010724,   0.805,   0.659,9999.000,9999.000,9999.000,9999.000,9999.000,9999.000,9999.000
202607010730,   0.750,   0.639,9999.000,9999.000,9999.000,9999.000,9999.000,9999.000,9999.000
202607010736,   0.697,   0.590,9999.000,9999.000,9999.000,9999.000,9999.000,9999.000,9999.000
202607010742,   0.647,   0.570,9999.000,9999.000,9999.000,9999.000,9999.000,9999.000,9999.000
202607010748,   0.601,   0.518,9999.000,9999.000,9999.000,9999.000,9999.000,9999.000,9999.000
202607010754,   0.558,   0.478,9999.000,9999.000,9999.000,9999.000,9999.000,9999.000,9999.000
202607010800,   0.518,   0.459,   0.300,  -0.359,   0.459,   0.300,   0.459,   0.300,   0.459
202607010806,   0.483,   0.449,9999.000,9999.000,9999.000,9999.000,9999.000,9999.000,9999.000
202607010812,   0.451,   0.488,9999.000,9999.000,9999.000,9999.000,9999.000,9999.000,9999.000
202607010818,   0.424,   0.449,9999.000,9999.000,9999.000,9999.000,9999.000,9999.000,9999.000
202607010824,   0.401,   0.429,9999.000,9999.000,9999.000,9999.000,9999.000,9999.000,9999.000
202607010830,   0.383,   0.429,9999.000,9999.000,9999.000,9999.000,9999.000,9999.000,9999.000
202607010836,   0.369,   0.380,9999.000,9999.000,9999.000,9999.000,9999.000,9999.000,9999.000
202607010842,   0.360,   0.390,9999.000,9999.000,9999.000,9999.000,9999.000,9999.000,9999.000
202607010848,   0.357,   0.409,9999.000,9999.000,9999.000,9999.000,9999.000,9999.000,9999.000
202607010854,   0.359,   0.469,9999.000,9999.000,9999.000,9999.000,9999.000,9999.000,9999.000
202607010900,   0.366,   0.508,   0.300,  -0.158,   0.508,   0.300,   0.508,   0.300,   0.508
202607010906,   0.378,   0.551,9999.000,9999.000,9999.000,9999.000,9999.000,9999.000,9999.000
202607010912,   0.396,   0.610,9999.000,9999.000,9999.000,9999.000,9999.000,9999.000,9999.000
202607010918,   0.420,   0.760,9999.000,9999.000,9999.000,9999.000,9999.000,9999.000,9999.000
202607010924,   0.449,   0.829,9999.000,9999.000,9999.000,9999.000,9999.000,9999.000,9999.000
202607010930,   0.483,   0.888,9999.000,9999.000,9999.000,9999.000,9999.000,9999.000,9999.000
202607010936,   0.524,   0.839,9999.000,9999.000,9999.000,9999.000,9999.000,9999.000,9999.000
202607010942,   0.569,   0.898,9999.000,9999.000,9999.000,9999.000,9999.000,9999.000,9999.000
202607010948,   0.620,   0.941,9999.000,9999.000,9999.000,9999.000,9999.000,9999.000,9999.000
202607010954,   0.676,   0.990,9999.000,9999.000,9999.000,9999.000,9999.000,9999.000,9999.000
202607011000,   0.736,   1.079,   0.300,   0.043,   1.079,   0.300,   1.079,   0.300,   1.079
202607011006,   0.801,   1.161,9999.000,9999.000,9999.000,9999.000,9999.000,9999.000,9999.000
202607011012,   0.869,   1.239,9999.000,9999.000,9999.000,9999.000,9999.000,9999.000,9999.000
202607011018,   0.942,   1.308,9999.000,9999.000,9999.000,9999.000,9999.000,9999.000,9999.000
202607011024,   1.017,   1.489,9999.000,9999.000,9999.000,9999.000,9999.000,9999.000,9999.000
202607011030,   1.095,   1.580,9999.000,9999.000,9999.000,9999.000,9999.000,9999.000,9999.000
202607011036,   1.175,   1.528,9999.000,9999.000,9999.000,9999.000,9999.000,9999.000,9999.000
202607011042,   1.257,   1.620,9999.000,9999.000,9999.000,9999.000,9999.000,9999.000,9999.000
202607011048,   1.339,   1.689,9999.000,9999.000,9999.000,9999.000,9999.000,9999.000,9999.000
202607011054,   1.423,   1.728,9999.000,9999.000,9999.000,9999.000,9999.000,9999.000,9999.000
202607011100,   1.506,   1.820,   0.300,   0.014,   1.820,   0.200,   1.720,   0.300,   1.820
202607011106,   1.589,   1.918,9999.000,9999.000,9999.000,9999.000,9999.000,9999.000,9999.000
202607011112,   1.671,   1.958,9999.000,9999.000,9999.000,9999.000,9999.000,9999.000,9999.000
202607011118,   1.753,   1.981,9999.000,9999.000,9999.000,9999.000,9999.000,9999.000,9999.000
202607011124,   1.832,   2.210,9999.000,9999.000,9999.000,9999.000,9999.000,9999.000,9999.000
202607011130,   1.910,   2.230,9999.000,9999.000,9999.000,9999.000,9999.000,9999.000,9999.000
202607011136,   1.987,   2.177,9999.000,9999.000,9999.000,9999.000,9999.000,9999.000,9999.000
202607011142,   2.061,   2.250,9999.000,9999.000,9999.000,9999.000,9999.000,9999.000,9999.000
202607011148,   2.132,   2.338,9999.000,9999.000,9999.000,9999.000,9999.000,9999.000,9999.000
202607011154,   2.201,   2.410,9999.000,9999.000,9999.000,9999.000,9999.000,9999.000,9999.000
202607011200,   2.268,   2.440,   0.200,  -0.028,   2.440,   0.200,   2.440,   0.300,   2.540
202607011206,   2.332,   2.459,9999.000,9999.000,9999.000,9999.000,9999.000,9999.000,9999.000
202607011212,   2.393,   2.509,9999.000,9999.000,9999.000,9999.000,9999.000,9999.000,9999.000
202607011218,   2.451,   2.568,9999.000,9999.000,9999.000,9999.000,9999.000,9999.000,9999.000
202607011224,   2.506,   2.738,9999.000,9999.000,9999.000,9999.000,9999.000,9999.000,9999.000
202607011230,   2.558,   2.787,9999.000,9999.000,9999.000,9999.000,9999.000,9999.000,9999.000
202607011236,   2.607,   2.738,9999.000,9999.000,9999.000,9999.000,9999.000,9999.000,9999.000
202607011242,   2.654,   2.797,9999.000,9999.000,9999.000,9999.000,9999.000,9999.000,9999.000
202607011248,   2.697,   2.830,9999.000,9999.000,9999.000,9999.000,9999.000,9999.000,9999.000
202607011254,   2.737,   2.879,9999.000,9999.000,9999.000,9999.000,9999.000,9999.000,9999.000
202607011300,   2.774,   2.899,   0.200,  -0.075,   2.899,   0.200,   2.899,   0.300,   2.999
202607011306,   2.808,   2.948,9999.000,9999.000,9999.000,9999.000,9999.000,9999.000,9999.000
202607011312,   2.839,   2.988,9999.000,9999.000,9999.000,9999.000,9999.000,9999.000,9999.000
202607011318,   2.867,   3.007,9999.000,9999.000,9999.000,9999.000,9999.000,9999.000,9999.000
202607011324,   2.891,   3.099,9999.000,9999.000,9999.000,9999.000,9999.000,9999.000,9999.000
202607011330,   2.913,   3.109,9999.000,9999.000,9999.000,9999.000,9999.000,9999.000,9999.000
202607011336,   2.931,   3.060,9999.000,9999.000,9999.000,9999.000,9999.000,9999.000,9999.000
202607011342,   2.946,   3.070,9999.000,9999.000,9999.000,9999.000,9999.000,9999.000,9999.000
202607011348,   2.958,   3.109,9999.000,9999.000,9999.000,9999.000,9999.000,9999.000,9999.000
202607011354,   2.967,   3.129,9999.000,9999.000,9999.000,9999.000,9999.000,9999.000,9999.000
202607011400,   2.973,   3.119,   0.200,  -0.054,   3.119,   0.200,   3.119,   0.200,   3.119
202607011406,   2.976,   3.119,9999.000,9999.000,9999.000,9999.000,9999.000,9999.000,9999.000
202607011412,   2.975,   3.138,9999.000,9999.000,9999.000,9999.000,9999.000,9999.000,9999.000
202607011418,   2.972,   3.089,9999.000,9999.000,9999.000,9999.000,9999.000,9999.000,9999.000
202607011424,   2.966,   3.099,9999.000,9999.000,9999.000,9999.000,9999.000,9999.000,9999.000
202607011430,   2.957,   3.060,9999.000,9999.000,9999.000,9999.000,9999.000,9999.000,9999.000
202607011436,   2.946,   3.007,9999.000,9999.000,9999.000,9999.000,9999.000,9999.000,9999.000
202607011442,   2.931,   2.978,9999.000,9999.000,9999.000,9999.000,9999.000,9999.000,9999.000
202607011448,   2.914,   2.988,9999.000,9999.000,9999.000,9999.000,9999.000,9999.000,9999.000
202607011454,   2.895,   2.968,9999.000,9999.000,9999.000,9999.000,9999.000,9999.000,9999.000
202607011500,   2.873,   2.909,   0.200,  -0.164,   2.909,   0.200,   2.909,   0.200,   2.909
202607011506,   2.848,   2.807,9999.000,9999.000,9999.000,9999.000,9999.000,9999.000,9999.000
202607011512,   2.821,   2.728,9999.000,9999.000,9999.000,9999.000,9999.000,9999.000,9999.000
202607011518,   2.792,   2.650,9999.000,9999.000,9999.000,9999.000,9999.000,9999.000,9999.000
202607011524,   2.761,   2.679,9999.000,9999.000,9999.000,9999.000,9999.000,9999.000,9999.000
202607011530,   2.727,   2.587,9999.000,9999.000,9999.000,9999.000,9999.000,9999.000,9999.000
202607011536,   2.692,   2.528,9999.000,9999.000,9999.000,9999.000,9999.000,9999.000,9999.000
202607011542,   2.655,   2.440,9999.000,9999.000,9999.000,9999.000,9999.000,9999.000,9999.000
202607011548,   2.615,   2.348,9999.000,9999.000,9999.000,9999.000,9999.000,9999.000,9999.000
202607011554,   2.574,   2.250,9999.000,9999.000,9999.000,9999.000,9999.000,9999.000,9999.000
202607011600,   2.532,   2.158,   0.200,  -0.574,   2.158,   0.200,   2.158,   0.200,   2.158
202607011606,   2.487,   2.089,9999.000,9999.000,9999.000,9999.000,9999.000,9999.000,9999.000
202607011612,   2.442,   2.030,9999.000,9999.000,9999.000,9999.000,9999.000,9999.000,9999.000
202607011618,   2.394,   1.981,9999.000,9999.000,9999.000,9999.000,9999.000,9999.000,9999.000
202607011624,   2.346,   1.899,9999.000,9999.000,9999.000,9999.000,9999.000,9999.000,9999.000
202607011630,   2.296,   1.830,9999.000,9999.000,9999.000,9999.000,9999.000,9999.000,9999.000
202607011636,   2.245,   1.781,9999.000,9999.000,9999.000,9999.000,9999.000,9999.000,9999.000
202607011642,   2.193,   1.728,9999.000,9999.000,9999.000,9999.000,9999.000,9999.000,9999.000
202607011648,   2.140,   1.669,9999.000,9999.000,9999.000,9999.000,9999.000,9999.000,9999.000
202607011654,   2.087,   1.620,9999.000,9999.000,9999.000,9999.000,9999.000,9999.000,9999.000
202607011700,   2.032,   1.571,   0.200,  -0.661,   1.571,   0.100,   1.471,   0.200,   1.571
202607011706,   1.977,   1.518,9999.000,9999.000,9999.000,9999.000,9999.000,9999.000,9999.000
202607011712,   1.922,   1.459,9999.000,9999.000,9999.000,9999.000,9999.000,9999.000,9999.000
202607011718,   1.865,   1.328,9999.000,9999.000,9999.000,9999.000,9999.000,9999.000,9999.000
202607011724,   1.809,   1.298,9999.000,9999.000,9999.000,9999.000,9999.000,9999.000,9999.000
202607011730,   1.752,   1.229,9999.000,9999.000,9999.000,9999.000,9999.000,9999.000,9999.000
202607011736,   1.696,   1.180,9999.000,9999.000,9999.000,9999.000,9999.000,9999.000,9999.000
202607011742,   1.639,   1.128,9999.000,9999.000,9999.000,9999.000,9999.000,9999.000,9999.000
202607011748,   1.582,   1.079,9999.000,9999.000,9999.000,9999.000,9999.000,9999.000,9999.000
202607011754,   1.526,   0.990,9999.000,9999.000,9999.000,9999.000,9999.000,9999.000,9999.000
202607011800,   1.470,   0.928,   0.200,  -0.742,   0.928,   0.100,   0.828,   0.200,   0.928
202607011806,   1.414,   0.849,9999.000,9999.000,9999.000,9999.000,9999.000,9999.000,9999.000
202607011812,   1.359,   0.751,9999.000,9999.000,9999.000,9999.000,9999.000,9999.000,9999.000
202607011818,   1.304,   0.659,9999.000,9999.000,9999.000,9999.000,9999.000,9999.000,9999.000
202607011824,   1.251,   0.560,9999.000,9999.000,9999.000,9999.000,9999.000,9999.000,9999.000
202607011830,   1.198,   0.498,9999.000,9999.000,9999.000,9999.000,9999.000,9999.000,9999.000
202607011836,   1.146,   0.419,9999.000,9999.000,9999.000,9999.000,9999.000,9999.000,9999.000
202607011842,   1.096,   0.370,9999.000,9999.000,9999.000,9999.000,9999.000,9999.000,9999.000
202607011848,   1.046,   0.321,9999.000,9999.000,9999.000,9999.000,9999.000,9999.000,9999.000
202607011854,   0.999,   0.298,9999.000,9999.000,9999.000,9999.000,9999.000,9999.000,9999.000
202607011900,   0.953,   0.288,   0.100,  -0.765,   0.288,   0.100,   0.288,   0.200,   0.388
202607011906,   0.908,   0.268,9999.000,9999.000,9999.000,9999.000,9999.000,9999.000,9999.000
202607011912,   0.866,   0.288,9999.000,9999.000,9999.000,9999.000,9999.000,9999.000,9999.000
202607011918,   0.826,   0.268,9999.000,9999.000,9999.000,9999.000,9999.000,9999.000,9999.000
202607011924,   0.788,   0.298,9999.000,9999.000,9999.000,9999.000,9999.000,9999.000,9999.000
202607011930,   0.752,   0.278,9999.000,9999.000,9999.000,9999.000,9999.000,9999.000,9999.000
202607011936,   0.719,   0.229,9999.000,9999.000,9999.000,9999.000,9999.000,9999.000,9999.000
202607011942,   0.689,   0.239,9999.000,9999.000,9999.000,9999.000,9999.000,9999.000,9999.000
202607011948,   0.662,   0.229,9999.000,9999.000,9999.000,9999.000,9999.000,9999.000,9999.000
202607011954,   0.639,   0.229,9999.000,9999.000,9999.000,9999.000,9999.000,9999.000,9999.000
202607012000,   0.619,   0.229,   0.100,  -0.490,   0.229,   0.100,   0.229,   0.200,   0.329
202607012006,   0.602,   0.239,9999.000,9999.000,9999.000,9999.000,9999.000,9999.000,9999.000
202607012012,   0.589,   0.229,9999.000,9999.000,9999.000,9999.000,9999.000,9999.000,9999.000
202607012018,   0.581,   0.259,9999.000,9999.000,9999.000,9999.000,9999.000,9999.000,9999.000
202607012024,   0.577,   0.298,9999.000,9999.000,9999.000,9999.000,9999.000,9999.000,9999.000
202607012030,   0.577,   0.350,9999.000,9999.000,9999.000,9999.000,9999.000,9999.000,9999.000
202607012036,   0.583,   0.419,9999.000,9999.000,9999.000,9999.000,9999.000,9999.000,9999.000
202607012042,   0.593,   0.478,9999.000,9999.000,9999.000,9999.000,9999.000,9999.000,9999.000
202607012048,   0.609,   0.531,9999.000,9999.000,9999.000,9999.000,9999.000,9999.000,9999.000
202607012054,   0.629,   0.600,9999.000,9999.000,9999.000,9999.000,9999.000,9999.000,9999.000
202607012100,   0.655,   0.698,   0.100,  -0.057,   0.698,   0.100,   0.698,   0.200,   0.798
202607012106,   0.687,   0.790,9999.000,9999.000,9999.000,9999.000,9999.000,9999.000,9999.000
202607012112,   0.724,   0.839,9999.000,9999.000,9999.000,9999.000,9999.000,9999.000,9999.000
202607012118,   0.767,   0.918,9999.000,9999.000,9999.000,9999.000,9999.000,9999.000,9999.000
202607012124,   0.815,   1.088,9999.000,9999.000,9999.000,9999.000,9999.000,9999.000,9999.000
202607012130,   0.869,   1.151,9999.000,9999.000,9999.000,9999.000,9999.000,9999.000,9999.000
202607012136,   0.928,   1.098,9999.000,9999.000,9999.000,9999.000,9999.000,9999.000,9999.000
202607012142,   0.992,   1.190,9999.000,9999.000,9999.000,9999.000,9999.000,9999.000,9999.000
202607012148,   1.062,   1.390,9999.000,9999.000,9999.000,9999.000,9999.000,9999.000,9999.000
202607012154,   1.136,   1.449,9999.000,9999.000,9999.000,9999.000,9999.000,9999.000,9999.000
202607012200,   1.216,   1.400,   0.100,   0.084,   1.400,   0.000,   1.300,   0.200,   1.500
202607012206,   1.299,   1.498,9999.000,9999.000,9999.000,9999.000,9999.000,9999.000,9999.000
202607012212,   1.387,   1.600,9999.000,9999.000,9999.000,9999.000,9999.000,9999.000,9999.000
202607012218,   1.478,   1.918,9999.000,9999.000,9999.000,9999.000,9999.000,9999.000,9999.000
202607012224,   1.572,   2.020,9999.000,9999.000,9999.000,9999.000,9999.000,9999.000,9999.000
202607012230,   1.669,   2.128,9999.000,9999.000,9999.000,9999.000,9999.000,9999.000,9999.000
202607012236,   1.769,   2.079,9999.000,9999.000,9999.000,9999.000,9999.000,9999.000,9999.000
202607012242,   1.870,   2.191,9999.000,9999.000,9999.000,9999.000,9999.000,9999.000,9999.000
202607012248,   1.972,   2.279,9999.000,9999.000,9999.000,9999.000,9999.000,9999.000,9999.000
202607012254,   2.075,   2.450,9999.000,9999.000,9999.000,9999.000,9999.000,9999.000,9999.000
202607012300,   2.179,   2.400,   0.100,   0.121,   2.400,   0.000,   2.300,   0.100,   2.400
202607012306,   2.282,   2.469,9999.000,9999.000,9999.000,9999.000,9999.000,9999.000,9999.000
202607012312,   2.384,   2.528,9999.000,9999.000,9999.000,9999.000,9999.000,9999.000,9999.000
202607012318,   2.486,   2.568,9999.000,9999.000,9999.000,9999.000,9999.000,9999.000,9999.000
202607012324,   2.586,   2.850,9999.000,9999.000,9999.000,9999.000,9999.000,9999.000,9999.000
202607012330,   2.684,   2.938,9999.000,9999.000,9999.000,9999.000,9999.000,9999.000,9999.000
202607012336,   2.780,   2.889,9999.000,9999.000,9999.000,9999.000,9999.000,9999.000,9999.000
202607012342,   2.874,   2.958,9999.000,9999.000,9999.000,9999.000,9999.000,9999.000,9999.000
202607012348,   2.965,   3.070,9999.000,9999.000,9999.000,9999.000,9999.000,9999.000,9999.000
202607012354,   3.053,   3.168,9999.000,9999.000,9999.000,9999.000,9999.000,9999.000,9999.000
202607020000,   3.138,   3.260,   0.000,   0.122,   3.260,   0.000,   3.260,   0.100,   3.360
202607020006,   3.219,   3.378,9999.000,9999.000,9999.000,9999.000,9999.000,9999.000,9999.000
202607020012,   3.298,   3.470,9999.000,9999.000,9999.000,9999.000,9999.000,9999.000,9999.000
202607020018,   3.373,   3.548,9999.000,9999.000,9999.000,9999.000,9999.000,9999.000,9999.000
202607020024,   3.444,   3.749,9999.000,9999.000,9999.000,9999.000,9999.000,9999.000,9999.000
202607020030,   3.512,   3.788,9999.000,9999.000,9999.000,9999.000,9999.000,9999.000,9999.000
202607020036,   3.576,   3.739,9999.000,9999.000,9999.000,9999.000,9999.000,9999.000,9999.000
202607020042,   3.637,   3.808,9999.000,9999.000,9999.000,9999.000,9999.000,9999.000,9999.000
202607020048,   3.694,   3.870,9999.000,9999.000,9999.000,9999.000,9999.000,9999.000,9999.000
202607020054,   3.747,   3.919,9999.000,9999.000,9999.000,9999.000,9999.000,9999.000,9999.000
202607020100,   3.796,   3.958,   0.000,   0.162,   3.958,   0.000,   3.958,   0.100,   4.058
202607020106,   3.842,   3.998,9999.000,9999.000,9999.000,9999.000,9999.000,9999.000,9999.000
202607020112,   3.884,   4.057,9999.000,9999.000,9999.000,9999.000,9999.000,9999.000,9999.000
202607020118,   3.922,   4.168,9999.000,9999.000,9999.000,9999.000,9999.000,9999.000,9999.000
202607020124,   3.957,   4.178,9999.000,9999.000,9999.000,9999.000,9999.000,9999.000,9999.000
202607020130,   3.988,   4.218,9999.000,9999.000,9999.000,9999.000,9999.000,9999.000,9999.000
202607020136,   4.015,   4.168,9999.000,9999.000,9999.000,9999.000,9999.000,9999.000,9999.000
202607020142,   4.038,   4.188,9999.000,9999.000,9999.000,9999.000,9999.000,9999.000,9999.000
202607020148,   4.058,   4.198,9999.000,9999.000,9999.000,9999.000,9999.000,9999.000,9999.000
202607020154,   4.074,   4.247,9999.000,9999.000,9999.000,9999.000,9999.000,9999.000,9999.000
202607020200,   4.086,   4.247,   0.000,   0.161,   4.247,   0.000,   4.247,   0.100,   4.347
202607020206,   4.095,   4.267,9999.000,9999.000,9999.000,9999.000,9999.000,9999.000,9999.000
202607020212,   4.101,   4.247,9999.000,9999.000,9999.000,9999.000,9999.000,9999.000,9999.000
202607020218,   4.102,   4.280,9999.000,9999.000,9999.000,9999.000,9999.000,9999.000,9999.000
202607020224,   4.101,   4.257,9999.000,9999.000,9999.000,9999.000,9999.000,9999.000,9999.000
202607020230,   4.096,   4.257,9999.000,9999.000,9999.000,9999.000,9999.000,9999.000,9999.000
202607020236,   4.087,   4.208,9999.000,9999.000,9999.000,9999.000,9999.000,9999.000,9999.000
202607020242,   4.075,   4.208,9999.000,9999.000,9999.000,9999.000,9999.000,9999.000,9999.000
202607020248,   4.059,   4.159,9999.000,9999.000,9999.000,9999.000,9999.000,9999.000,9999.000
202607020254,   4.041,   4.129,9999.000,9999.000,9999.000,9999.000,9999.000,9999.000,9999.000
202607020300,   4.019,   4.070,   0.000,   0.051,   4.070,   0.000,   4.070,   0.100,   4.170
202607020306,   3.993,   3.988,9999.000,9999.000,9999.000,9999.000,9999.000,9999.000,9999.000
202607020312,   3.965,   3.929,9999.000,9999.000,9999.000,9999.000,9999.000,9999.000,9999.000
202607020318,   3.934,   3.880,9999.000,9999.000,9999.000,9999.000,9999.000,9999.000,9999.000
202607020324,   3.899,   3.817,9999.000,9999.000,9999.000,9999.000,9999.000,9999.000,9999.000
202607020330,   3.862,   3.749,9999.000,9999.000,9999.000,9999.000,9999.000,9999.000,9999.000
202607020336,   3.822,   3.699,9999.000,9999.000,9999.000,9999.000,9999.000,9999.000,9999.000
202607020342,   3.779,   3.617,9999.000,9999.000,9999.000,9999.000,9999.000,9999.000,9999.000
202607020348,   3.734,   3.539,9999.000,9999.000,9999.000,9999.000,9999.000,9999.000,9999.000
202607020354,   3.685,   3.427,9999.000,9999.000,9999.000,9999.000,9999.000,9999.000,9999.000
202607020400,   3.635,   3.348,   0.000,  -0.287,   3.348,   0.000,   3.348,   0.000,   3.348
202607020406,   3.582,   3.250,9999.000,9999.000,9999.000,9999.000,9999.000,9999.000,9999.000
202607020412,   3.526,   3.129,9999.000,9999.000,9999.000,9999.000,9999.000,9999.000,9999.000
202607020418,   3.469,   3.089,9999.000,9999.000,9999.000,9999.000,9999.000,9999.000,9999.000
202607020424,   3.409,   3.040,9999.000,9999.000,9999.000,9999.000,9999.000,9999.000,9999.000
202607020430,   3.347,   2.968,9999.000,9999.000,9999.000,9999.000,9999.000,9999.000,9999.000
202607020436,   3.284,   2.919,9999.000,9999.000,9999.000,9999.000,9999.000,9999.000,9999.000
202607020442,   3.218,   2.860,9999.000,9999.000,9999.000,9999.000,9999.000,9999.000,9999.000
202607020448,   3.151,   2.768,9999.000,9999.000,9999.000,9999.000,9999.000,9999.000,9999.000
202607020454,   3.082,   2.709,9999.000,9999.000,9999.000,9999.000,9999.000,9999.000,9999.000
202607020500,   3.011,   2.630,   0.000,  -0.381,   2.630,   0.000,   2.630,   0.000,   2.630
202607020506,   2.940,   2.548,9999.000,9999.000,9999.000,9999.000,9999.000,9999.000,9999.000
202607020512,   2.866,   2.450,9999.000,9999.000,9999.000,9999.000,9999.000,9999.000,9999.000
202607020518,   2.792,   2.348,9999.000,9999.000,9999.000,9999.000,9999.000,9999.000,9999.000
202607020524,   2.717,   2.269,9999.000,9999.000,9999.000,9999.000,9999.000,9999.000,9999.000
202607020530,   2.640,   2.168,9999.000,9999.000,9999.000,9999.000,9999.000,9999.000,9999.000
202607020536,   2.563,   2.118,9999.000,9999.000,9999.000,9999.000,9999.000,9999.000,9999.000
202607020542,   2.485,   2.040,9999.000,9999.000,9999.000,9999.000,9999.000,9999.000,9999.000
202607020548,   2.407,   1.967,9999.000,9999.000,9999.000,9999.000,9999.000,9999.000,9999.000
202607020554,   2.327,   1.849,9999.000,9999.000,9999.000,9999.000,9999.000,9999.000,9999.000
202607020600,   2.248,   1.748,   0.000,  -0.500,   1.748,   0.000,   1.748,   0.000,   1.748
202607020606,   2.168,   1.669,9999.000,9999.000,9999.000,9999.000,9999.000,9999.000,9999.000
202607020612,   2.089,   1.580,9999.000,9999.000,9999.000,9999.000,9999.000,9999.000,9999.000
202607020618,   2.009,   1.479,9999.000,9999.000,9999.000,9999.000,9999.000,9999.000,9999.000
202607020624,   1.929,   1.420,9999.000,9999.000,9999.000,9999.000,9999.000,9999.000,9999.000
202607020630,   1.850,   1.328,9999.000,9999.000,9999.000,9999.000,9999.000,9999.000,9999.000
202607020636,   1.771,   1.279,9999.000,9999.000,9999.000,9999.000,9999.000,9999.000,9999.000
202607020642,   1.692,   1.190,9999.000,9999.000,9999.000,9999.000,9999.000,9999.000,9999.000
202607020648,   1.615,   1.118,9999.000,9999.000,9999.000,9999.000,9999.000,9999.000,9999.000
202607020654,   1.538,   1.029,9999.000,9999.000,9999.000,9999.000,9999.000,9999.000,9999.000
202607020700,   1.462,   0.951,   0.000,  -0.511,   0.951,   0.000,   0.951,   0.000,   0.951
202607020706,   1.387,   0.898,9999.000,9999.000,9999.000,9999.000,9999.000,9999.000,9999.000
202607020712,   1.313,   0.829,9999.000,9999.000,9999.000,9999.000,9999.000,9999.000,9999.000
202607020718,   1.241,   0.731,9999.000,9999.000,9999.000,9999.000,9999.000,9999.000,9999.000
202607020724,   1.171,   0.698,9999.000,9999.000,9999.000,9999.000,9999.000,9999.000,9999.000
202607020730,   1.102,   0.629,9999.000,9999.000,9999.000,9999.000,9999.000,9999.000,9999.000
202607020736,   1.035,   0.580,9999.000,9999.000,9999.000,9999.000,9999.000,9999.000,9999.000
202607020742,   0.971,   0.508,9999.000,9999.000,9999.000,9999.000,9999.000,9999.000,9999.000
202607020748,   0.908,   0.469,9999.000,9999.000,9999.000,9999.000,9999.000,9999.000,9999.000
202607020754,   0.848,   0.400,9999.000,9999.000,9999.000,9999.000,9999.000,9999.000,9999.000
202607020800,   0.791,   0.321,   0.000,  -0.470,   0.321,   0.000,   0.321,   0.000,   0.321
202607020806,   0.736,   0.259,9999.000,9999.000,9999.000,9999.000,9999.000,9999.000,9999.000
202607020812,   0.685,   0.298,9999.000,9999.000,9999.000,9999.000,9999.000,9999.000,9999.000
202607020818,   0.636,   0.249,9999.000,9999.000,9999.000,9999.000,9999.000,9999.000,9999.000
202607020824,   0.591,   0.239,9999.000,9999.000,9999.000,9999.000,9999.000,9999.000,9999.000
202607020830,   0.550,   0.180,9999.000,9999.000,9999.000,9999.000,9999.000,9999.000,9999.000
202607020836,   0.512,   0.131,9999.000,9999.000,9999.000,9999.000,9999.000,9999.000,9999.000
202607020842,   0.478,   0.111,9999.000,9999.000,9999.000,9999.000,9999.000,9999.000,9999.000
202607020848,   0.448,   0.098,9999.000,9999.000,9999.000,9999.000,9999.000,9999.000,9999.000
202607020854,   0.422,   0.088,9999.000,9999.000,9999.000,9999.000,9999.000,9999.000,9999.000
202607020900,   0.401,   0.111,   0.000,  -0.290,   0.111,   0.000,   0.111,   0.000,   0.111
202607020906,   0.384,   0.160,9999.000,9999.000,9999.000,9999.000,9999.000,9999.000,9999.000
202607020912,   0.372,   0.180,9999.000,9999.000,9999.000,9999.000,9999.000,9999.000,9999.000
202607020918,   0.364,   0.170,9999.000,9999.000,9999.000,9999.000,9999.000,9999.000,9999.000
202607020924,   0.362,   0.350,9999.000,9999.000,9999.000,9999.000,9999.000,9999.000,9999.000
202607020930,   0.364,   0.370,9999.000,9999.000,9999.000,9999.000,9999.000,9999.000,9999.000
202607020936,   0.371,   0.321,9999.000,9999.000,9999.000,9999.000,9999.000,9999.000,9999.000
202607020942,   0.384,   0.331,9999.000,9999.000,9999.000,9999.000,9999.000,9999.000,9999.000
202607020948,   0.402,   0.409,9999.000,9999.000,9999.000,9999.000,9999.000,9999.000,9999.000
202607020954,   0.425,   0.459,9999.000,9999.000,9999.000,9999.000,9999.000,9999.000,9999.000
202607021000,   0.454,   0.449,   0.000,  -0.005,   0.449,   0.000,   0.449,   0.000,   0.449
202607021006,   0.487,   0.531,9999.000,9999.000,9999.000,9999.000,9999.000,9999.000,9999.000
202607021012,   0.526,   0.600,9999.000,9999.000,9999.000,9999.000,9999.000,9999.000,9999.000
202607021018,   0.570,   0.669,9999.000,9999.000,9999.000,9999.000,9999.000,9999.000,9999.000
202607021024,   0.619,   0.859,9999.000,9999.000,9999.000,9999.000,9999.000,9999.000,9999.000
202607021030,   0.673,   0.908,9999.000,9999.000,9999.000,9999.000,9999.000,9999.000,9999.000
202607021036,   0.732,   0.859,9999.000,9999.000,9999.000,9999.000,9999.000,9999.000,9999.000
202607021042,   0.794,   0.970,9999.000,9999.000,9999.000,9999.000,9999.000,9999.000,9999.000
202607021048,   0.861,   1.098,9999.000,9999.000,9999.000,9999.000,9999.000,9999.000,9999.000
202607021054,   0.931,   1.180,9999.000,9999.000,9999.000,9999.000,9999.000,9999.000,9999.000
202607021100,   1.005,   1.289,   0.000,   0.284,   1.289,   0.000,   1.289,   0.000,   1.289
202607021106,   1.081,   1.361,9999.000,9999.000,9999.000,9999.000,9999.000,9999.000,9999.000
202607021112,   1.160,   1.459,9999.000,9999.000,9999.000,9999.000,9999.000,9999.000,9999.000
202607021118,   1.240,   1.508,9999.000,9999.000,9999.000,9999.000,9999.000,9999.000,9999.000
202607021124,   1.322,   1.738,9999.000,9999.000,9999.000,9999.000,9999.000,9999.000,9999.000
202607021130,   1.405,   1.790,9999.000,9999.000,9999.000,9999.000,9999.000,9999.000,9999.000
202607021136,   1.489,   1.738,9999.000,9999.000,9999.000,9999.000,9999.000,9999.000,9999.000
202607021142,   1.573,   1.781,9999.000,9999.000,9999.000,9999.000,9999.000,9999.000,9999.000
202607021148,   1.656,   1.869,9999.000,9999.000,9999.000,9999.000,9999.000,9999.000,9999.000
202607021154,   1.739,   1.908,9999.000,9999.000,9999.000,9999.000,9999.000,9999.000,9999.000
202607021200,   1.821,   1.990,   0.000,   0.169,   1.990,   0.000,   1.990,   0.000,   1.990
202607021206,   1.901,   2.089,9999.000,9999.000,9999.000,9999.000,9999.000,9999.000,9999.000
202607021212,   1.980,   2.128,9999.000,9999.000,9999.000,9999.000,9999.000,9999.000,9999.000
202607021218,   2.056,   2.210,9999.000,9999.000,9999.000,9999.000,9999.000,9999.000,9999.000
202607021224,   2.131,   2.358,9999.000,9999.000,9999.000,9999.000,9999.000,9999.000,9999.000
202607021230,   2.202,   2.420,9999.000,9999.000,9999.000,9999.000,9999.000,9999.000,9999.000
202607021236,   2.272,   2.368,9999.000,9999.000,9999.000,9999.000,9999.000,9999.000,9999.000
202607021242,   2.338,   2.420,9999.000,9999.000,9999.000,9999.000,9999.000,9999.000,9999.000
202607021248,   2.401,   2.469,9999.000,9999.000,9999.000,9999.000,9999.000,9999.000,9999.000
202607021254,   2.462,   2.578,9999.000,9999.000,9999.000,9999.000,9999.000,9999.000,9999.000
202607021300,   2.519,   2.620,   0.000,   0.101,   2.620,   0.000,   2.620,   0.000,   2.620
202607021306,   2.573,   2.650,9999.000,9999.000,9999.000,9999.000,9999.000,9999.000,9999.000
202607021312,   2.624,   2.719,9999.000,9999.000,9999.000,9999.000,9999.000,9999.000,9999.000
202607021318,   2.672,   2.758,9999.000,9999.000,9999.000,9999.000,9999.000,9999.000,9999.000
202607021324,   2.716,   2.879,9999.000,9999.000,9999.000,9999.000,9999.000,9999.000,9999.000
202607021330,   2.758,   2.929,9999.000,9999.000,9999.000,9999.000,9999.000,9999.000,9999.000
202607021336,   2.795,   2.879,9999.000,9999.000,9999.000,9999.000,9999.000,9999.000,9999.000
202607021342,   2.830,   2.919,9999.000,9999.000,9999.000,9999.000,9999.000,9999.000,9999.000
202607021348,   2.861,   2.899,9999.000,9999.000,9999.000,9999.000,9999.000,9999.000,9999.000
202607021354,   2.890,   2.909,9999.000,9999.000,9999.000,9999.000,9999.000,9999.000,9999.000
202607021400,   2.915,   2.948,   0.000,   0.033,   2.948,   0.000,   2.948,   0.000,   2.948
202607021406,   2.936,   2.988,9999.000,9999.000,9999.000,9999.000,9999.000,9999.000,9999.000
202607021412,   2.955,   3.007,9999.000,9999.000,9999.000,9999.000,9999.000,9999.000,9999.000
202607021418,   2.970,   3.178,9999.000,9999.000,9999.000,9999.000,9999.000,9999.000,9999.000
202607021424,   2.983,   3.188,9999.000,9999.000,9999.000,9999.000,9999.000,9999.000,9999.000
202607021430,   2.992,   3.178,9999.000,9999.000,9999.000,9999.000,9999.000,9999.000,9999.000
202607021436,   2.999,   3.129,9999.000,9999.000,9999.000,9999.000,9999.000,9999.000,9999.000
202607021442,   3.002,   3.109,9999.000,9999.000,9999.000,9999.000,9999.000,9999.000,9999.000
202607021448,   3.002,   3.079,9999.000,9999.000,9999.000,9999.000,9999.000,9999.000,9999.000
202607021454,   3.000,   3.099,9999.000,9999.000,9999.000,9999.000,9999.000,9999.000,9999.000
202607021500,   2.995,   3.079,   0.000,   0.084,   3.079,   0.000,   3.079,   0.000,   3.079
202607021506,   2.987,   3.060,9999.000,9999.000,9999.000,9999.000,9999.000,9999.000,9999.000
202607021512,   2.977,   3.030,9999.000,9999.000,9999.000,9999.000,9999.000,9999.000,9999.000
202607021518,   2.964,   2.978,9999.000,9999.000,9999.000,9999.000,9999.000,9999.000,9999.000
202607021524,   2.948,   2.929,9999.000,9999.000,9999.000,9999.000,9999.000,9999.000,9999.000
202607021530,   2.930,   2.879,9999.000,9999.000,9999.000,9999.000,9999.000,9999.000,9999.000
202607021536,   2.910,   2.830,9999.000,9999.000,9999.000,9999.000,9999.000,9999.000,9999.000
202607021542,   2.887,   2.787,9999.000,9999.000,9999.000,9999.000,9999.000,9999.000,9999.000
202607021548,   2.862,   2.748,9999.000,9999.000,9999.000,9999.000,9999.000,9999.000,9999.000
202607021554,   2.835,   2.709,9999.000,9999.000,9999.000,9999.000,9999.000,9999.000,9999.000
202607021600,   2.806,   2.640,   0.000,  -0.166,   2.640,   0.000,   2.640,   0.000,   2.640
202607021606,   2.774,   2.558,9999.000,9999.000,9999.000,9999.000,9999.000,9999.000,9999.000
202607021612,   2.741,   2.528,9999.000,9999.000,9999.000,9999.000,9999.000,9999.000,9999.000
202607021618,   2.705,   2.469,9999.000,9999.000,9999.000,9999.000,9999.000,9999.000,9999.000
202607021624,   2.668,   2.387,9999.000,9999.000,9999.000,9999.000,9999.000,9999.000,9999.000
202607021630,   2.629,   2.299,9999.000,9999.000,9999.000,9999.000,9999.000,9999.000,9999.000
202607021636,   2.588,   2.240,9999.000,9999.000,9999.000,9999.000,9999.000,9999.000,9999.000
202607021642,   2.545,   2.191,9999.000,9999.000,9999.000,9999.000,9999.000,9999.000,9999.000
202607021648,   2.501,   2.099,9999.000,9999.000,9999.000,9999.000,9999.000,9999.000,9999.000
202607021654,   2.455,   2.040,9999.000,9999.000,9999.000,9999.000,9999.000,9999.000,9999.000
202607021700,   2.408,   1.990,   0.000,  -0.418,   1.990,   0.000,   1.990,   0.000,   1.990
202607021706,   2.360,   1.908,9999.000,9999.000,9999.000,9999.000,9999.000,9999.000,9999.000
202607021712,   2.310,   1.820,9999.000,9999.000,9999.000,9999.000,9999.000,9999.000,9999.000
202607021718,   2.259,   1.748,9999.000,9999.000,9999.000,9999.000,9999.000,9999.000,9999.000
202607021724,   2.207,   1.649,9999.000,9999.000,9999.000,9999.000,9999.000,9999.000,9999.000
202607021730,   2.155,   1.590,9999.000,9999.000,9999.000,9999.000,9999.000,9999.000,9999.000
202607021736,   2.101,   1.518,9999.000,9999.000,9999.000,9999.000,9999.000,9999.000,9999.000
202607021742,   2.046,   1.459,9999.000,9999.000,9999.000,9999.000,9999.000,9999.000,9999.000
202607021748,   1.991,   1.380,9999.000,9999.000,9999.000,9999.000,9999.000,9999.000,9999.000
202607021754,   1.935,   1.308,9999.000,9999.000,9999.000,9999.000,9999.000,9999.000,9999.000
202607021800,   1.879,   1.259,   0.000,  -0.620,   1.259,   0.000,   1.259,   0.000,   1.259
202607021806,   1.822,   1.180,9999.000,9999.000,9999.000,9999.000,9999.000,9999.000,9999.000
202607021812,   1.765,   1.079,9999.000,9999.000,9999.000,9999.000,9999.000,9999.000,9999.000
202607021818,   1.708,   0.990,9999.000,9999.000,9999.000,9999.000,9999.000,9999.000,9999.000
202607021824,   1.651,   0.918,9999.000,9999.000,9999.000,9999.000,9999.000,9999.000,9999.000
202607021830,   1.594,   0.888,9999.000,9999.000,9999.000,9999.000,9999.000,9999.000,9999.000
202607021836,   1.537,   0.839,9999.000,9999.000,9999.000,9999.000,9999.000,9999.000,9999.000
202607021842,   1.481,   0.790,9999.000,9999.000,9999.000,9999.000,9999.000,9999.000,9999.000
202607021848,   1.425,   0.718,9999.000,9999.000,9999.000,9999.000,9999.000,9999.000,9999.000
202607021854,   1.370,   0.669,9999.000,9999.000,9999.000,9999.000,9999.000,9999.000,9999.000
202607021900,   1.316,   0.639,   0.000,  -0.677,   0.639,   0.000,   0.639,   0.000,   0.639
202607021906,   1.262,   0.590,9999.000,9999.000,9999.000,9999.000,9999.000,9999.000,9999.000
202607021912,   1.210,   0.541,9999.000,9999.000,9999.000,9999.000,9999.000,9999.000,9999.000
202607021918,   1.158,   0.478,9999.000,9999.000,9999.000,9999.000,9999.000,9999.000,9999.000
202607021924,   1.108,   0.429,9999.000,9999.000,9999.000,9999.000,9999.000,9999.000,9999.000
202607021930,   1.060,   0.380,9999.000,9999.000,9999.000,9999.000,9999.000,9999.000,9999.000
202607021936,   1.013,   0.331,9999.000,9999.000,9999.000,9999.000,9999.000,9999.000,9999.000
202607021942,   0.969,   0.308,9999.000,9999.000,9999.000,9999.000,9999.000,9999.000,9999.000
202607021948,   0.926,   0.288,9999.000,9999.000,9999.000,9999.000,9999.000,9999.000,9999.000
202607021954,   0.885,   0.249,9999.000,9999.000,9999.000,9999.000,9999.000,9999.000,9999.000
202607022000,   0.847,   0.259,   0.000,  -0.588,   0.259,   0.000,   0.259,   0.000,   0.259
202607022006,   0.811,   0.239,9999.000,9999.000,9999.000,9999.000,9999.000,9999.000,9999.000
202607022012,   0.778,   0.209,9999.000,9999.000,9999.000,9999.000,9999.000,9999.000,9999.000
202607022018,   0.748,   0.190,9999.000,9999.000,9999.000,9999.000,9999.000,9999.000,9999.000
202607022024,   0.722,   0.209,9999.000,9999.000,9999.000,9999.000,9999.000,9999.000,9999.000
202607022030,   0.698,   0.229,9999.000,9999.000,9999.000,9999.000,9999.000,9999.000,9999.000
202607022036,   0.678,   0.321,9999.000,9999.000,9999.000,9999.000,9999.000,9999.000,9999.000
202607022042,   0.661,   0.268,9999.000,9999.000,9999.000,9999.000,9999.000,9999.000,9999.000
202607022048,   0.649,   0.278,9999.000,9999.000,9999.000,9999.000,9999.000,9999.000,9999.000
202607022054,   0.640,   0.308,9999.000,9999.000,9999.000,9999.000,9999.000,9999.000,9999.000
202607022100,   0.635,   0.350,   0.000,  -0.285,   0.350,   0.000,   0.350,   0.000,   0.350
202607022106,   0.635,   0.400,9999.000,9999.000,9999.000,9999.000,9999.000,9999.000,9999.000
202607022112,   0.640,   0.429,9999.000,9999.000,9999.000,9999.000,9999.000,9999.000,9999.000
202607022118,   0.649,   0.600,9999.000,9999.000,9999.000,9999.000,9999.000,9999.000,9999.000
202607022124,   0.663,   0.649,9999.000,9999.000,9999.000,9999.000,9999.000,9999.000,9999.000
202607022130,   0.682,   0.698,9999.000,9999.000,9999.000,9999.000,9999.000,9999.000,9999.000
202607022136,   0.706,   0.741,9999.000,9999.000,9999.000,9999.000,9999.000,9999.000,9999.000
202607022142,   0.735,   0.688,9999.000,9999.000,9999.000,9999.000,9999.000,9999.000,9999.000
202607022148,   0.769,   0.770,9999.000,9999.000,9999.000,9999.000,9999.000,9999.000,9999.000
202607022154,   0.808,   0.859,9999.000,9999.000,9999.000,9999.000,9999.000,9999.000,9999.000
202607022200,   0.853,   1.138,   0.000,   0.285,   1.138,   0.000,   1.138,   0.000,   1.138
202607022206,   0.902,   1.088,9999.000,9999.000,9999.000,9999.000,9999.000,9999.000,9999.000
202607022212,   0.956,   1.161,9999.000,9999.000,9999.000,9999.000,9999.000,9999.000,9999.000
202607022218,   1.016,   1.239,9999.000,9999.000,9999.000,9999.000,9999.000,9999.000,9999.000
202607022224,   1.080,   1.430,9999.000,9999.000,9999.000,9999.000,9999.000,9999.000,9999.000
202607022230,   1.148,   1.528,9999.000,9999.000,9999.000,9999.000,9999.000,9999.000,9999.000
202607022236,   1.221,   1.469,9999.000,9999.000,9999.000,9999.000,9999.000,9999.000,9999.000
202607022242,   1.299,   1.580,9999.000,9999.000,9999.000,9999.000,9999.000,9999.000,9999.000
202607022248,   1.380,   1.639,9999.000,9999.000,9999.000,9999.000,9999.000,9999.000,9999.000
202607022254,   1.465,   1.728,9999.000,9999.000,9999.000,9999.000,9999.000,9999.000,9999.000
202607022300,   1.553,   1.820,   0.000,   0.267,   1.820,   0.000,   1.820,   0.000,   1.820
202607022306,   1.644,   1.879,9999.000,9999.000,9999.000,9999.000,9999.000,9999.000,9999.000
202607022312,   1.738,   1.958,9999.000,9999.000,9999.000,9999.000,9999.000,9999.000,9999.000
202607022318,   1.834,   2.020,9999.000,9999.000,9999.000,9999.000,9999.000,9999.000,9999.000
202607022324,   1.931,   2.240,9999.000,9999.000,9999.000,9999.000,9999.000,9999.000,9999.000
202607022330,   2.030,   2.368,9999.000,9999.000,9999.000,9999.000,9999.000,9999.000,9999.000
202607022336,   2.129,   2.318,9999.000,9999.000,9999.000,9999.000,9999.000,9999.000,9999.000
202607022342,   2.229,   2.548,9999.000,9999.000,9999.000,9999.000,9999.000,9999.000,9999.000
202607022348,   2.329,   2.640,9999.000,9999.000,9999.000,9999.000,9999.000,9999.000,9999.000
202607022354,   2.428,   2.587,9999.000,9999.000,9999.000,9999.000,9999.000,9999.000,9999.000
202607030000,   2.526,   2.650,   0.000,   0.163,   2.689,   0.000,   2.689,   0.000,   2.689
202607030006,   2.623,   2.709,9999.000,9999.000,9999.000,9999.000,9999.000,9999.000,9999.000
202607030012,   2.718,   2.797,9999.000,9999.000,9999.000,9999.000,9999.000,9999.000,9999.000
202607030018,   2.811,   2.889,9999.000,9999.000,9999.000,9999.000,9999.000,9999.000,9999.000
202607030024,   2.902,   3.119,9999.000,9999.000,9999.000,9999.000,9999.000,9999.000,9999.000
202607030030,   2.989,   3.217,9999.000,9999.000,9999.000,9999.000,9999.000,9999.000,9999.000
202607030036,   3.074,   3.168,9999.000,9999.000,9999.000,9999.000,9999.000,9999.000,9999.000
202607030042,   3.156,   3.289,9999.000,9999.000,9999.000,9999.000,9999.000,9999.000,9999.000
202607030048,   3.235,   3.378,9999.000,9999.000,9999.000,9999.000,9999.000,9999.000,9999.000
202607030054,   3.309,   3.470,9999.000,9999.000,9999.000,9999.000,9999.000,9999.000,9999.000
202607030100,   3.381,   3.529,   0.000,   0.223,   3.604,   0.000,   3.604,   0.000,   3.604
202607030106,   3.448,   3.598,9999.000,9999.000,9999.000,9999.000,9999.000,9999.000,9999.000
202607030112,   3.512,   3.670,9999.000,9999.000,9999.000,9999.000,9999.000,9999.000,9999.000
202607030118,   3.572,   3.739,9999.000,9999.000,9999.000,9999.000,9999.000,9999.000,9999.000
202607030124,   3.628,   3.880,9999.000,9999.000,9999.000,9999.000,9999.000,9999.000,9999.000
202607030130,   3.681,   3.929,9999.000,9999.000,9999.000,9999.000,9999.000,9999.000,9999.000
202607030136,   3.729,   3.880,9999.000,9999.000,9999.000,9999.000,9999.000,9999.000,9999.000
202607030142,   3.773,   3.919,9999.000,9999.000,9999.000,9999.000,9999.000,9999.000,9999.000
202607030148,   3.814,   3.968,9999.000,9999.000,9999.000,9999.000,9999.000,9999.000,9999.000
202607030154,   3.851,   4.008,9999.000,9999.000,9999.000,9999.000,9999.000,9999.000,9999.000
202607030200,   3.884,   4.070,   0.000,   0.201,   4.085,   0.000,   4.085,   0.000,   4.085
202607030206,   3.914,   4.109,9999.000,9999.000,9999.000,9999.000,9999.000,9999.000,9999.000
202607030212,   3.939,   4.119,9999.000,9999.000,9999.000,9999.000,9999.000,9999.000,9999.000
202607030218,   3.961,   4.218,9999.000,9999.000,9999.000,9999.000,9999.000,9999.000,9999.000
202607030224,   3.980,   4.247,9999.000,9999.000,9999.000,9999.000,9999.000,9999.000,9999.000
202607030230,   3.995,   4.237,9999.000,9999.000,9999.000,9999.000,9999.000,9999.000,9999.000
202607030236,   4.007,   4.188,9999.000,9999.000,9999.000,9999.000,9999.000,9999.000,9999.000
202607030242,   4.015,   4.198,9999.000,9999.000,9999.000,9999.000,9999.000,9999.000,9999.000
202607030248,   4.019,   4.218,9999.000,9999.000,9999.000,9999.000,9999.000,9999.000,9999.000
202607030254,   4.021,   4.237,9999.000,9999.000,9999.000,9999.000,9999.000,9999.000,9999.000
202607030300,   4.019,   4.208,   0.000,   0.081,   4.100,   0.000,   4.100,   0.000,   4.100
202607030306,   4.014,   4.218,9999.000,9999.000,9999.000,9999.000,9999.000,9999.000,9999.000
202607030312,   4.005,   4.188,9999.000,9999.000,9999.000,9999.000,9999.000,9999.000,9999.000
202607030318,   3.994,   4.149,9999.000,9999.000,9999.000,9999.000,9999.000,9999.000,9999.000
202607030324,   3.979,   4.099,9999.000,9999.000,9999.000,9999.000,9999.000,9999.000,9999.000
202607030330,   3.961,   4.070,9999.000,9999.000,9999.000,9999.000,9999.000,9999.000,9999.000
202607030336,   3.940,   4.017,9999.000,9999.000,9999.000,9999.000,9999.000,9999.000,9999.000
202607030342,   3.917,   3.968,9999.000,9999.000,9999.000,9999.000,9999.000,9999.000,9999.000
202607030348,   3.890,   3.899,9999.000,9999.000,9999.000,9999.000,9999.000,9999.000,9999.000
202607030354,   3.860,   3.909,9999.000,9999.000,9999.000,9999.000,9999.000,9999.000,9999.000
202607030400,   3.828,   3.788,   0.000,  -0.085,   3.743,   0.000,   3.743,   0.000,   3.743
202607030406,   3.792,   3.689,9999.000,9999.000,9999.000,9999.000,9999.000,9999.000,9999.000
202607030412,   3.754,   3.617,9999.000,9999.000,9999.000,9999.000,9999.000,9999.000,9999.000
202607030418,   3.714,   3.548,9999.000,9999.000,9999.000,9999.000,9999.000,9999.000,9999.000
202607030424,   3.670,   3.407,9999.000,9999.000,9999.000,9999.000,9999.000,9999.000,9999.000
202607030430,   3.624,   3.339,9999.000,9999.000,9999.000,9999.000,9999.000,9999.000,9999.000
202607030436,   3.576,   3.289,9999.000,9999.000,9999.000,9999.000,9999.000,9999.000,9999.000
202607030442,   3.525,   3.217,9999.000,9999.000,9999.000,9999.000,9999.000,9999.000,9999.000
202607030448,   3.472,   3.138,9999.000,9999.000,9999.000,9999.000,9999.000,9999.000,9999.000
202607030454,   3.417,   3.070,9999.000,9999.000,9999.000,9999.000,9999.000,9999.000,9999.000
202607030500,   3.359,   2.988,   0.000,  -0.246,   3.113,   0.000,   3.113,   0.000,   3.113
202607030506,   3.299,   2.919,9999.000,9999.000,9999.000,9999.000,9999.000,9999.000,9999.000
202607030512,   3.238,   2.869,9999.000,9999.000,9999.000,9999.000,9999.000,9999.000,9999.000
202607030518,   3.174,   2.807,9999.000,9999.000,9999.000,9999.000,9999.000,9999.000,9999.000
202607030524,   3.108,   2.709,9999.000,9999.000,9999.000,9999.000,9999.000,9999.000,9999.000
202607030530,   3.041,   2.650,9999.000,9999.000,9999.000,9999.000,9999.000,9999.000,9999.000
202607030536,   2.972,   2.519,9999.000,9999.000,9999.000,9999.000,9999.000,9999.000,9999.000
202607030542,   2.902,   2.420,9999.000,9999.000,9999.000,9999.000,9999.000,9999.000,9999.000
202607030548,   2.830,   2.318,9999.000,9999.000,9999.000,9999.000,9999.000,9999.000,9999.000
202607030554,   2.757,9999.000,9999.000,9999.000,9999.000,9999.000,9999.000,9999.000,9999.000
202607030600,   2.683,9999.000,   0.000,  -0.402,   2.281,  -0.100,   2.181,   0.000,   2.281
202607030606,   2.607,9999.000,9999.000,9999.000,9999.000,9999.000,9999.000,9999.000,9999.000
202607030612,   2.531,9999.000,9999.000,9999.000,9999.000,9999.000,9999.000,9999.000,9999.000
202607030618,   2.454,9999.000,9999.000,9999.000,9999.000,9999.000,9999.000,9999.000,9999.000
202607030624,   2.376,9999.000,9999.000,9999.000,9999.000,9999.000,9999.000,9999.000,9999.000
202607030630,   2.297,9999.000,9999.000,9999.000,9999.000,9999.000,9999.000,9999.000,9999.000
202607030636,   2.218,9999.000,9999.000,9999.000,9999.000,9999.000,9999.000,9999.000,9999.000
202607030642,   2.139,9999.000,9999.000,9999.000,9999.000,9999.000,9999.000,9999.000,9999.000
202607030648,   2.060,9999.000,9999.000,9999.000,9999.000,9999.000,9999.000,9999.000,9999.000
202607030654,   1.981,9999.000,9999.000,9999.000,9999.000,9999.000,9999.000,9999.000,9999.000
202607030700,   1.902,9999.000,   0.000,  -0.534,   1.368,  -0.100,   1.268,   0.000,   1.368
202607030706,   1.823,9999.000,9999.000,9999.000,9999.000,9999.000,9999.000,9999.000,9999.000
202607030712,   1.744,9999.000,9999.000,9999.000,9999.000,9999.000,9999.000,9999.000,9999.000
202607030718,   1.667,9999.000,9999.000,9999.000,9999.000,9999.000,9999.000,9999.000,9999.000
202607030724,   1.590,9999.000,9999.000,9999.000,9999.000,9999.000,9999.000,9999.000,9999.000
202607030730,   1.514,9999.000,9999.000,9999.000,9999.000,9999.000,9999.000,9999.000,9999.000
202607030736,   1.439,9999.000,9999.000,9999.000,9999.000,9999.000,9999.000,9999.000,9999.000
202607030742,   1.365,9999.000,9999.000,9999.000,9999.000,9999.000,9999.000,9999.000,9999.000
202607030748,   1.293,9999.000,9999.000,9999.000,9999.000,9999.000,9999.000,9999.000,9999.000
202607030754,   1.222,9999.000,9999.000,9999.000,9999.000,9999.000,9999.000,9999.000,9999.000
202607030800,   1.153,9999.000,   0.000,  -0.565,   0.588,  -0.100,   0.488,   0.000,   0.588
202607030806,   1.086,9999.000,9999.000,9999.000,9999.000,9999.000,9999.000,9999.000,9999.000
202607030812,   1.021,9999.000,9999.000,9999.000,9999.000,9999.000,9999.000,9999.000,9999.000
202607030818,   0.958,9999.000,9999.000,9999.000,9999.000,9999.000,9999.000,9999.000,9999.000
202607030824,   0.898,9999.000,9999.000,9999.000,9999.000,9999.000,9999.000,9999.000,9999.000
202607030830,   0.840,9999.000,9999.000,9999.000,9999.000,9999.000,9999.000,9999.000,9999.000
202607030836,   0.785,9999.000,9999.000,9999.000,9999.000,9999.000,9999.000,9999.000,9999.000
202607030842,   0.733,9999.000,9999.000,9999.000,9999.000,9999.000,9999.000,9999.000,9999.000
202607030848,   0.684,9999.000,9999.000,9999.000,9999.000,9999.000,9999.000,9999.000,9999.000
202607030854,   0.638,9999.000,9999.000,9999.000,9999.000,9999.000,9999.000,9999.000,9999.000
202607030900,   0.595,9999.000,   0.000,  -0.454,   0.141,  -0.100,   0.041,   0.000,   0.141
202607030906,   0.556,9999.000,9999.000,9999.000,9999.000,9999.000,9999.000,9999.000,9999.000
202607030912,   0.520,9999.000,9999.000,9999.000,9999.000,9999.000,9999.000,9999.000,9999.000
202607030918,   0.488,9999.000,9999.000,9999.000,9999.000,9999.000,9999.000,9999.000,9999.000
202607030924,   0.461,9999.000,9999.000,9999.000,9999.000,9999.000,9999.000,9999.000,9999.000
202607030930,   0.437,9999.000,9999.000,9999.000,9999.000,9999.000,9999.000,9999.000,9999.000
202607030936,   0.417,9999.000,9999.000,9999.000,9999.000,9999.000,9999.000,9999.000,9999.000
202607030942,   0.402,9999.000,9999.000,9999.000,9999.000,9999.000,9999.000,9999.000,9999.000
202607030948,   0.391,9999.000,9999.000,9999.000,9999.000,9999.000,9999.000,9999.000,9999.000
202607030954,   0.384,9999.000,9999.000,9999.000,9999.000,9999.000,9999.000,9999.000,9999.000
202607031000,   0.382,9999.000,   0.000,  -0.254,   0.128,   0.000,   0.128,   0.000,   0.128
202607031006,   0.385,9999.000,9999.000,9999.000,9999.000,9999.000,9999.000,9999.000,9999.000
202607031012,   0.392,9999.000,9999.000,9999.000,9999.000,9999.000,9999.000,9999.000,9999.000
202607031018,   0.404,9999.000,9999.000,9999.000,9999.000,9999.000,9999.000,9999.000,9999.000
202607031024,   0.421,9999.000,9999.000,9999.000,9999.000,9999.000,9999.000,9999.000,9999.000
202607031030,   0.443,9999.000,9999.000,9999.000,9999.000,9999.000,9999.000,9999.000,9999.000
202607031036,   0.470,9999.000,9999.000,9999.000,9999.000,9999.000,9999.000,9999.000,9999.000
202607031042,   0.502,9999.000,9999.000,9999.000,9999.000,9999.000,9999.000,9999.000,9999.000
202607031048,   0.539,9999.000,9999.000,9999.000,9999.000,9999.000,9999.000,9999.000,9999.000
202607031054,   0.581,9999.000,9999.000,9999.000,9999.000,9999.000,9999.000,9999.000,9999.000
202607031100,   0.628,9999.000,   0.000,  -0.045,   0.583,   0.000,   0.583,   0.000,   0.583
202607031106,   0.679,9999.000,9999.000,9999.000,9999.000,9999.000,9999.000,9999.000,9999.000
202607031112,   0.735,9999.000,9999.000,9999.000,9999.000,9999.000,9999.000,9999.000,9999.000
202607031118,   0.796,9999.000,9999.000,9999.000,9999.000,9999.000,9999.000,9999.000,9999.000
202607031124,   0.860,9999.000,9999.000,9999.000,9999.000,9999.000,9999.000,9999.000,9999.000
202607031130,   0.929,9999.000,9999.000,9999.000,9999.000,9999.000,9999.000,9999.000,9999.000
202607031136,   1.001,9999.000,9999.000,9999.000,9999.000,9999.000,9999.000,9999.000,9999.000
202607031142,   1.076,9999.000,9999.000,9999.000,9999.000,9999.000,9999.000,9999.000,9999.000
202607031148,   1.154,9999.000,9999.000,9999.000,9999.000,9999.000,9999.000,9999.000,9999.000
202607031154,   1.235,9999.000,9999.000,9999.000,9999.000,9999.000,9999.000,9999.000,9999.000
202607031200,   1.317,9999.000,   0.000,   0.132,   1.449,   0.000,   1.449,   0.000,   1.449
202607031206,   1.401,9999.000,9999.000,9999.000,9999.000,9999.000,9999.000,9999.000,9999.000
202607031212,   1.487,9999.000,9999.000,9999.000,9999.000,9999.000,9999.000,9999.000,9999.000
202607031218,   1.572,9999.000,9999.000,9999.000,9999.000,9999.000,9999.000,9999.000,9999.000
202607031224,   1.658,9999.000,9999.000,9999.000,9999.000,9999.000,9999.000,9999.000,9999.000
202607031230,   1.744,9999.000,9999.000,9999.000,9999.000,9999.000,9999.000,9999.000,9999.000
202607031236,   1.828,9999.000,9999.000,9999.000,9999.000,9999.000,9999.000,9999.000,9999.000
202607031242,   1.912,9999.000,9999.000,9999.000,9999.000,9999.000,9999.000,9999.000,9999.000
202607031248,   1.993,9999.000,9999.000,9999.000,9999.000,9999.000,9999.000,9999.000,9999.000
202607031254,   2.073,9999.000,9999.000,9999.000,9999.000,9999.000,9999.000,9999.000,9999.000
202607031300,   2.151,9999.000,   0.000,   0.242,   2.393,   0.000,   2.393,   0.000,   2.393
202607031306,   2.225,9999.000,9999.000,9999.000,9999.000,9999.000,9999.000,9999.000,9999.000
202607031312,   2.297,9999.000,9999.000,9999.000,9999.000,9999.000,9999.000,9999.000,9999.000
202607031318,   2.366,9999.000,9999.000,9999.000,9999.000,9999.000,9999.000,9999.000,9999.000
202607031324,   2.432,9999.000,9999.000,9999.000,9999.000,9999.000,9999.000,9999.000,9999.000
202607031330,   2.494,9999.000,9999.000,9999.000,9999.000,9999.000,9999.000,9999.000,9999.000
202607031336,   2.553,9999.000,9999.000,9999.000,9999.000,9999.000,9999.000,9999.000,9999.000
202607031342,   2.608,9999.000,9999.000,9999.000,9999.000,9999.000,9999.000,9999.000,9999.000
202607031348,   2.660,9999.000,9999.000,9999.000,9999.000,9999.000,9999.000,9999.000,9999.000
202607031354,   2.709,9999.000,9999.000,9999.000,9999.000,9999.000,9999.000,9999.000,9999.000
202607031400,   2.754,9999.000,   0.000,   0.239,   2.993,   0.000,   2.993,   0.000,   2.993
202607031406,   2.795,9999.000,9999.000,9999.000,9999.000,9999.000,9999.000,9999.000,9999.000
202607031412,   2.833,9999.000,9999.000,9999.000,9999.000,9999.000,9999.000,9999.000,9999.000
202607031418,   2.868,9999.000,9999.000,9999.000,9999.000,9999.000,9999.000,9999.000,9999.000
202607031424,   2.899,9999.000,9999.000,9999.000,9999.000,9999.000,9999.000,9999.000,9999.000
202607031430,   2.927,9999.000,9999.000,9999.000,9999.000,9999.000,9999.000,9999.000,9999.000
202607031436,   2.952,9999.000,9999.000,9999.000,9999.000,9999.000,9999.000,9999.000,9999.000
202607031442,   2.974,9999.000,9999.000,9999.000,9999.000,9999.000,9999.000,9999.000,9999.000
202607031448,   2.992,9999.000,9999.000,9999.000,9999.000,9999.000,9999.000,9999.000,9999.000
202607031454,   3.008,9999.000,9999.000,9999.000,9999.000,9999.000,9999.000,9999.000,9999.000
202607031500,   3.021,9999.000,   0.000,   0.114,   3.135,   0.000,   3.135,   0.000,   3.135
202607031506,   3.030,9999.000,9999.000,9999.000,9999.000,9999.000,9999.000,9999.000,9999.000
202607031512,   3.037,9999.000,9999.000,9999.000,9999.000,9999.000,9999.000,9999.000,9999.000
202607031518,   3.041,9999.000,9999.000,9999.000,9999.000,9999.000,9999.000,9999.000,9999.000
202607031524,   3.043,9999.000,9999.000,9999.000,9999.000,9999.000,9999.000,9999.000,9999.000
202607031530,   3.041,9999.000,9999.000,9999.000,9999.000,9999.000,9999.000,9999.000,9999.000
202607031536,   3.037,9999.000,9999.000,9999.000,9999.000,9999.000,9999.000,9999.000,9999.000
202607031542,   3.031,9999.000,9999.000,9999.000,9999.000,9999.000,9999.000,9999.000,9999.000
202607031548,   3.022,9999.000,9999.000,9999.000,9999.000,9999.000,9999.000,9999.000,9999.000
202607031554,   3.011,9999.000,9999.000,9999.000,9999.000,9999.000,9999.000,9999.000,9999.000
202607031600,   2.997,9999.000,   0.000,  -0.079,   2.918,   0.000,   2.918,   0.100,   3.018
202607031606,   2.981,9999.000,9999.000,9999.000,9999.000,9999.000,9999.000,9999.000,9999.000
202607031612,   2.963,9999.000,9999.000,9999.000,9999.000,9999.000,9999.000,9999.000,9999.000
202607031618,   2.942,9999.000,9999.000,9999.000,9999.000,9999.000,9999.000,9999.000,9999.000
202607031624,   2.919,9999.000,9999.000,9999.000,9999.000,9999.000,9999.000,9999.000,9999.000
202607031630,   2.894,9999.000,9999.000,9999.000,9999.000,9999.000,9999.000,9999.000,9999.000
202607031636,   2.867,9999.000,9999.000,9999.000,9999.000,9999.000,9999.000,9999.000,9999.000
202607031642,   2.838,9999.000,9999.000,9999.000,9999.000,9999.000,9999.000,9999.000,9999.000
202607031648,   2.806,9999.000,9999.000,9999.000,9999.000,9999.000,9999.000,9999.000,9999.000
202607031654,   2.773,9999.000,9999.000,9999.000,9999.000,9999.000,9999.000,9999.000,9999.000
202607031700,   2.738,9999.000,   0.000,  -0.296,   2.442,   0.000,   2.442,   0.100,   2.542
202607031706,   2.701,9999.000,9999.000,9999.000,9999.000,9999.000,9999.000,9999.000,9999.000
202607031712,   2.662,9999.000,9999.000,9999.000,9999.000,9999.000,9999.000,9999.000,9999.000
202607031718,   2.621,9999.000,9999.000,9999.000,9999.000,9999.000,9999.000,9999.000,9999.000
202607031724,   2.579,9999.000,9999.000,9999.000,9999.000,9999.000,9999.000,9999.000,9999.000
202607031730,   2.535,9999.000,9999.000,9999.000,9999.000,9999.000,9999.000,9999.000,9999.000
202607031736,   2.489,9999.000,9999.000,9999.000,9999.000,9999.000,9999.000,9999.000,9999.000
202607031742,   2.442,9999.000,9999.000,9999.000,9999.000,9999.000,9999.000,9999.000,9999.000
202607031748,   2.394,9999.000,9999.000,9999.000,9999.000,9999.000,9999.000,9999.000,9999.000
202607031754,   2.344,9999.000,9999.000,9999.000,9999.000,9999.000,9999.000,9999.000,9999.000
202607031800,   2.293,9999.000,   0.000,  -0.514,   1.779,   0.000,   1.779,   0.100,   1.879
202607031806,   2.241,9999.000,9999.000,9999.000,9999.000,9999.000,9999.000,9999.000,9999.000
202607031812,   2.188,9999.000,9999.000,9999.000,9999.000,9999.000,9999.000,9999.000,9999.000
202607031818,   2.134,9999.000,9999.000,9999.000,9999.000,9999.000,9999.000,9999.000,9999.000
202607031824,   2.080,9999.000,9999.000,9999.000,9999.000,9999.000,9999.000,9999.000,9999.000
202607031830,   2.024,9999.000,9999.000,9999.000,9999.000,9999.000,9999.000,9999.000,9999.000
202607031836,   1.968,9999.000,9999.000,9999.000,9999.000,9999.000,9999.000,9999.000,9999.000
202607031842,   1.912,9999.000,9999.000,9999.000,9999.000,9999.000,9999.000,9999.000,9999.000
202607031848,   1.855,9999.000,9999.000,9999.000,9999.000,9999.000,9999.000,9999.000,9999.000
202607031854,   1.798,9999.000,9999.000,9999.000,9999.000,9999.000,9999.000,9999.000,9999.000
202607031900,   1.741,9999.000,   0.100,  -0.672,   1.169,   0.000,   1.069,   0.100,   1.169
202607031906,   1.684,9999.000,9999.000,9999.000,9999.000,9999.000,9999.000,9999.000,9999.000
202607031912,   1.627,9999.000,9999.000,9999.000,9999.000,9999.000,9999.000,9999.000,9999.000
202607031918,   1.570,9999.000,9999.000,9999.000,9999.000,9999.000,9999.000,9999.000,9999.000
202607031924,   1.514,9999.000,9999.000,9999.000,9999.000,9999.000,9999.000,9999.000,9999.000
202607031930,   1.459,9999.000,9999.000,9999.000,9999.000,9999.000,9999.000,9999.000,9999.000
202607031936,   1.404,9999.000,9999.000,9999.000,9999.000,9999.000,9999.000,9999.000,9999.000
202607031942,   1.350,9999.000,9999.000,9999.000,9999.000,9999.000,9999.000,9999.000,9999.000
202607031948,   1.298,9999.000,9999.000,9999.000,9999.000,9999.000,9999.000,9999.000,9999.000
202607031954,   1.246,9999.000,9999.000,9999.000,9999.000,9999.000,9999.000,9999.000,9999.000
202607032000,   1.196,9999.000,   0.100,  -0.685,   0.611,   0.000,   0.511,   0.100,   0.611
202607032006,   1.148,9999.000,9999.000,9999.000,9999.000,9999.000,9999.000,9999.000,9999.000
202607032012,   1.101,9999.000,9999.000,9999.000,9999.000,9999.000,9999.000,9999.000,9999.000
202607032018,   1.056,9999.000,9999.000,9999.000,9999.000,9999.000,9999.000,9999.000,9999.000
202607032024,   1.013,9999.000,9999.000,9999.000,9999.000,9999.000,9999.000,9999.000,9999.000
202607032030,   0.973,9999.000,9999.000,9999.000,9999.000,9999.000,9999.000,9999.000,9999.000
202607032036,   0.934,9999.000,9999.000,9999.000,9999.000,9999.000,9999.000,9999.000,9999.000
202607032042,   0.899,9999.000,9999.000,9999.000,9999.000,9999.000,9999.000,9999.000,9999.000
202607032048,   0.865,9999.000,9999.000,9999.000,9999.000,9999.000,9999.000,9999.000,9999.000
202607032054,   0.835,9999.000,9999.000,9999.000,9999.000,9999.000,9999.000,9999.000,9999.000
202607032100,   0.808,9999.000,   0.100,  -0.544,   0.364,   0.100,   0.364,   0.200,   0.464
202607032106,   0.784,9999.000,9999.000,9999.000,9999.000,9999.000,9999.000,9999.000,9999.000
202607032112,   0.763,9999.000,9999.000,9999.000,9999.000,9999.000,9999.000,9999.000,9999.000
202607032118,   0.746,9999.000,9999.000,9999.000,9999.000,9999.000,9999.000,9999.000,9999.000
202607032124,   0.732,9999.000,9999.000,9999.000,9999.000,9999.000,9999.000,9999.000,9999.000
202607032130,   0.722,9999.000,9999.000,9999.000,9999.000,9999.000,9999.000,9999.000,9999.000
202607032136,   0.715,9999.000,9999.000,9999.000,9999.000,9999.000,9999.000,9999.000,9999.000
202607032142,   0.713,9999.000,9999.000,9999.000,9999.000,9999.000,9999.000,9999.000,9999.000
202607032148,   0.715,9999.000,9999.000,9999.000,9999.000,9999.000,9999.000,9999.000,9999.000
202607032154,   0.721,9999.000,9999.000,9999.000,9999.000,9999.000,9999.000,9999.000,9999.000
202607032200,   0.732,9999.000,   0.100,  -0.334,   0.498,   0.100,   0.498,   0.200,   0.598
202607032206,   0.746,9999.000,9999.000,9999.000,9999.000,9999.000,9999.000,9999.000,9999.000
202607032212,   0.766,9999.000,9999.000,9999.000,9999.000,9999.000,9999.000,9999.000,9999.000
202607032218,   0.790,9999.000,9999.000,9999.000,9999.000,9999.000,9999.000,9999.000,9999.000
202607032224,   0.818,9999.000,9999.000,9999.000,9999.000,9999.000,9999.000,9999.000,9999.000
202607032230,   0.851,9999.000,9999.000,9999.000,9999.000,9999.000,9999.000,9999.000,9999.000
202607032236,   0.889,9999.000,9999.000,9999.000,9999.000,9999.000,9999.000,9999.000,9999.000
202607032242,   0.931,9999.000,9999.000,9999.000,9999.000,9999.000,9999.000,9999.000,9999.000
202607032248,   0.978,9999.000,9999.000,9999.000,9999.000,9999.000,9999.000,9999.000,9999.000
202607032254,   1.030,9999.000,9999.000,9999.000,9999.000,9999.000,9999.000,9999.000,9999.000
202607032300,   1.086,9999.000,   0.100,  -0.139,   1.047,   0.100,   1.047,   0.200,   1.147
202607032306,   1.147,9999.000,9999.000,9999.000,9999.000,9999.000,9999.000,9999.000,9999.000
202607032312,   1.212,9999.000,9999.000,9999.000,9999.000,9999.000,9999.000,9999.000,9999.000
202607032318,   1.281,9999.000,9999.000,9999.000,9999.000,9999.000,9999.000,9999.000,9999.000
202607032324,   1.354,9999.000,9999.000,9999.000,9999.000,9999.000,9999.000,9999.000,9999.000
202607032330,   1.431,9999.000,9999.000,9999.000,9999.000,9999.000,9999.000,9999.000,9999.000
202607032336,   1.512,9999.000,9999.000,9999.000,9999.000,9999.000,9999.000,9999.000,9999.000
202607032342,   1.596,9999.000,9999.000,9999.000,9999.000,9999.000,9999.000,9999.000,9999.000
202607032348,   1.683,9999.000,9999.000,9999.000,9999.000,9999.000,9999.000,9999.000,9999.000
202607032354,   1.773,9999.000,9999.000,9999.000,9999.000,9999.000,9999.000,9999.000,9999.000
202607040000,   1.865,9999.000,   0.100,   0.026,   1.991,   0.100,   1.991,   0.200,   2.091
202607040006,   1.959,9999.000,9999.000,9999.000,9999.000,9999.000,9999.000,9999.000,9999.000
202607040012,   2.054,9999.000,9999.000,9999.000,9999.000,9999.000,9999.000,9999.000,9999.000
202607040018,   2.151,9999.000,9999.000,9999.000,9999.000,9999.000,9999.000,9999.000,9999.000
202607040024,   2.248,9999.000,9999.000,9999.000,9999.000,9999.000,9999.000,9999.000,9999.000
202607040030,   2.344,9999.000,9999.000,9999.000,9999.000,9999.000,9999.000,9999.000,9999.000
202607040036,   2.441,9999.000,9999.000,9999.000,9999.000,9999.000,9999.000,9999.000,9999.000
202607040042,   2.536,9999.000,9999.000,9999.000,9999.000,9999.000,9999.000,9999.000,9999.000
202607040048,   2.630,9999.000,9999.000,9999.000,9999.000,9999.000,9999.000,9999.000,9999.000
202607040054,   2.722,9999.000,9999.000,9999.000,9999.000,9999.000,9999.000,9999.000,9999.000
202607040100,   2.812,9999.000,   0.100,   0.149,   3.061,   0.100,   3.061,   0.200,   3.161
202607040106,   2.900,9999.000,9999.000,9999.000,9999.000,9999.000,9999.000,9999.000,9999.000
202607040112,   2.984,9999.000,9999.000,9999.000,9999.000,9999.000,9999.000,9999.000,9999.000
202607040118,   3.066,9999.000,9999.000,9999.000,9999.000,9999.000,9999.000,9999.000,9999.000
202607040124,   3.143,9999.000,9999.000,9999.000,9999.000,9999.000,9999.000,9999.000,9999.000
202607040130,   3.218,9999.000,9999.000,9999.000,9999.000,9999.000,9999.000,9999.000,9999.000
202607040136,   3.288,9999.000,9999.000,9999.000,9999.000,9999.000,9999.000,9999.000,9999.000
202607040142,   3.355,9999.000,9999.000,9999.000,9999.000,9999.000,9999.000,9999.000,9999.000
202607040148,   3.418,9999.000,9999.000,9999.000,9999.000,9999.000,9999.000,9999.000,9999.000
202607040154,   3.476,9999.000,9999.000,9999.000,9999.000,9999.000,9999.000,9999.000,9999.000
202607040200,   3.531,9999.000,   0.200,   0.194,   3.925,   0.100,   3.825,   0.200,   3.925
202607040206,   3.582,9999.000,9999.000,9999.000,9999.000,9999.000,9999.000,9999.000,9999.000
202607040212,   3.629,9999.000,9999.000,9999.000,9999.000,9999.000,9999.000,9999.000,9999.000
202607040218,   3.672,9999.000,9999.000,9999.000,9999.000,9999.000,9999.000,9999.000,9999.000
202607040224,   3.711,9999.000,9999.000,9999.000,9999.000,9999.000,9999.000,9999.000,9999.000
202607040230,   3.746,9999.000,9999.000,9999.000,9999.000,9999.000,9999.000,9999.000,9999.000
202607040236,   3.777,9999.000,9999.000,9999.000,9999.000,9999.000,9999.000,9999.000,9999.000
202607040242,   3.805,9999.000,9999.000,9999.000,9999.000,9999.000,9999.000,9999.000,9999.000
202607040248,   3.830,9999.000,9999.000,9999.000,9999.000,9999.000,9999.000,9999.000,9999.000
202607040254,   3.850,9999.000,9999.000,9999.000,9999.000,9999.000,9999.000,9999.000,9999.000
202607040300,   3.868,9999.000,   0.200,   0.146,   4.214,   0.100,   4.114,   0.200,   4.214
202607040306,   3.882,9999.000,9999.000,9999.000,9999.000,9999.000,9999.000,9999.000,9999.000
202607040312,   3.893,9999.000,9999.000,9999.000,9999.000,9999.000,9999.000,9999.000,9999.000
202607040318,   3.901,9999.000,9999.000,9999.000,9999.000,9999.000,9999.000,9999.000,9999.000
202607040324,   3.905,9999.000,9999.000,9999.000,9999.000,9999.000,9999.000,9999.000,9999.000
202607040330,   3.907,9999.000,9999.000,9999.000,9999.000,9999.000,9999.000,9999.000,9999.000
202607040336,   3.905,9999.000,9999.000,9999.000,9999.000,9999.000,9999.000,9999.000,9999.000
202607040342,   3.901,9999.000,9999.000,9999.000,9999.000,9999.000,9999.000,9999.000,9999.000
202607040348,   3.893,9999.000,9999.000,9999.000,9999.000,9999.000,9999.000,9999.000,9999.000
202607040354,   3.883,9999.000,9999.000,9999.000,9999.000,9999.000,9999.000,9999.000,9999.000
202607040400,   3.869,9999.000,   0.200,   0.033,   4.102,   0.100,   4.002,   0.200,   4.102
202607040406,   3.853,9999.000,9999.000,9999.000,9999.000,9999.000,9999.000,9999.000,9999.000
202607040412,   3.834,9999.000,9999.000,9999.000,9999.000,9999.000,9999.000,9999.000,9999.000
202607040418,   3.812,9999.000,9999.000,9999.000,9999.000,9999.000,9999.000,9999.000,9999.000
202607040424,   3.787,9999.000,9999.000,9999.000,9999.000,9999.000,9999.000,9999.000,9999.000
202607040430,   3.760,9999.000,9999.000,9999.000,9999.000,9999.000,9999.000,9999.000,9999.000
202607040436,   3.730,9999.000,9999.000,9999.000,9999.000,9999.000,9999.000,9999.000,9999.000
202607040442,   3.697,9999.000,9999.000,9999.000,9999.000,9999.000,9999.000,9999.000,9999.000
202607040448,   3.661,9999.000,9999.000,9999.000,9999.000,9999.000,9999.000,9999.000,9999.000
202607040454,   3.623,9999.000,9999.000,9999.000,9999.000,9999.000,9999.000,9999.000,9999.000
202607040500,   3.583,9999.000,   0.200,  -0.118,   3.665,   0.100,   3.565,   0.200,   3.665
202607040506,   3.539,9999.000,9999.000,9999.000,9999.000,9999.000,9999.000,9999.000,9999.000
202607040512,   3.494,9999.000,9999.000,9999.000,9999.000,9999.000,9999.000,9999.000,9999.000
202607040518,   3.445,9999.000,9999.000,9999.000,9999.000,9999.000,9999.000,9999.000,9999.000
202607040524,   3.395,9999.000,9999.000,9999.000,9999.000,9999.000,9999.000,9999.000,9999.000
202607040530,   3.342,9999.000,9999.000,9999.000,9999.000,9999.000,9999.000,9999.000,9999.000
202607040536,   3.287,9999.000,9999.000,9999.000,9999.000,9999.000,9999.000,9999.000,9999.000
202607040542,   3.230,9999.000,9999.000,9999.000,9999.000,9999.000,9999.000,9999.000,9999.000
202607040548,   3.171,9999.000,9999.000,9999.000,9999.000,9999.000,9999.000,9999.000,9999.000
202607040554,   3.109,9999.000,9999.000,9999.000,9999.000,9999.000,9999.000,9999.000,9999.000
202607040600,   3.046,9999.000,   0.200,  -0.296,   2.950,   0.100,   2.850,   0.200,   2.950
202607040606,   2.981,9999.000,9999.000,9999.000,9999.000,9999.000,9999.000,9999.000,9999.000
202607040612,   2.914,9999.000,9999.000,9999.000,9999.000,9999.000,9999.000,9999.000,9999.000
202607040618,   2.846,9999.000,9999.000,9999.000,9999.000,9999.000,9999.000,9999.000,9999.000
202607040624,   2.776,9999.000,9999.000,9999.000,9999.000,9999.000,9999.000,9999.000,9999.000
202607040630,   2.705,9999.000,9999.000,9999.000,9999.000,9999.000,9999.000,9999.000,9999.000
202607040636,   2.632,9999.000,9999.000,9999.000,9999.000,9999.000,9999.000,9999.000,9999.000
202607040642,   2.559,9999.000,9999.000,9999.000,9999.000,9999.000,9999.000,9999.000,9999.000
202607040648,   2.484,9999.000,9999.000,9999.000,9999.000,9999.000,9999.000,9999.000,9999.000
202607040654,   2.408,9999.000,9999.000,9999.000,9999.000,9999.000,9999.000,9999.000,9999.000
202607040700,   2.332,9999.000,   0.200,  -0.466,   2.066,   0.100,   1.966,   0.300,   2.166
202607040706,   2.255,9999.000,9999.000,9999.000,9999.000,9999.000,9999.000,9999.000,9999.000
202607040712,   2.178,9999.000,9999.000,9999.000,9999.000,9999.000,9999.000,9999.000,9999.000
202607040718,   2.101,9999.000,9999.000,9999.000,9999.000,9999.000,9999.000,9999.000,9999.000
202607040724,   2.023,9999.000,9999.000,9999.000,9999.000,9999.000,9999.000,9999.000,9999.000
202607040730,   1.945,9999.000,9999.000,9999.000,9999.000,9999.000,9999.000,9999.000,9999.000
202607040736,   1.868,9999.000,9999.000,9999.000,9999.000,9999.000,9999.000,9999.000,9999.000
202607040742,   1.791,9999.000,9999.000,9999.000,9999.000,9999.000,9999.000,9999.000,9999.000
202607040748,   1.714,9999.000,9999.000,9999.000,9999.000,9999.000,9999.000,9999.000,9999.000
202607040754,   1.638,9999.000,9999.000,9999.000,9999.000,9999.000,9999.000,9999.000,9999.000
202607040800,   1.563,9999.000,   0.200,  -0.557,   1.206,   0.100,   1.106,   0.300,   1.306
202607040806,   1.489,9999.000,9999.000,9999.000,9999.000,9999.000,9999.000,9999.000,9999.000
202607040812,   1.417,9999.000,9999.000,9999.000,9999.000,9999.000,9999.000,9999.000,9999.000
202607040818,   1.345,9999.000,9999.000,9999.000,9999.000,9999.000,9999.000,9999.000,9999.000
202607040824,   1.275,9999.000,9999.000,9999.000,9999.000,9999.000,9999.000,9999.000,9999.000
202607040830,   1.206,9999.000,9999.000,9999.000,9999.000,9999.000,9999.000,9999.000,9999.000
202607040836,   1.140,9999.000,9999.000,9999.000,9999.000,9999.000,9999.000,9999.000,9999.000
202607040842,   1.075,9999.000,9999.000,9999.000,9999.000,9999.000,9999.000,9999.000,9999.000
202607040848,   1.013,9999.000,9999.000,9999.000,9999.000,9999.000,9999.000,9999.000,9999.000
202607040854,   0.952,9999.000,9999.000,9999.000,9999.000,9999.000,9999.000,9999.000,9999.000
202607040900,   0.894,9999.000,   0.200,  -0.530,   0.564,   0.200,   0.564,   0.300,   0.664
202607040906,   0.839,9999.000,9999.000,9999.000,9999.000,9999.000,9999.000,9999.000,9999.000
202607040912,   0.786,9999.000,9999.000,9999.000,9999.000,9999.000,9999.000,9999.000,9999.000
202607040918,   0.736,9999.000,9999.000,9999.000,9999.000,9999.000,9999.000,9999.000,9999.000
202607040924,   0.690,9999.000,9999.000,9999.000,9999.000,9999.000,9999.000,9999.000,9999.000
202607040930,   0.646,9999.000,9999.000,9999.000,9999.000,9999.000,9999.000,9999.000,9999.000
202607040936,   0.605,9999.000,9999.000,9999.000,9999.000,9999.000,9999.000,9999.000,9999.000
202607040942,   0.568,9999.000,9999.000,9999.000,9999.000,9999.000,9999.000,9999.000,9999.000
202607040948,   0.534,9999.000,9999.000,9999.000,9999.000,9999.000,9999.000,9999.000,9999.000
202607040954,   0.503,9999.000,9999.000,9999.000,9999.000,9999.000,9999.000,9999.000,9999.000
202607041000,   0.477,9999.000,   0.200,  -0.394,   0.283,   0.200,   0.283,   0.300,   0.383
202607041006,   0.454,9999.000,9999.000,9999.000,9999.000,9999.000,9999.000,9999.000,9999.000
202607041012,   0.435,9999.000,9999.000,9999.000,9999.000,9999.000,9999.000,9999.000,9999.000
202607041018,   0.420,9999.000,9999.000,9999.000,9999.000,9999.000,9999.000,9999.000,9999.000
202607041024,   0.409,9999.000,9999.000,9999.000,9999.000,9999.000,9999.000,9999.000,9999.000
202607041030,   0.402,9999.000,9999.000,9999.000,9999.000,9999.000,9999.000,9999.000,9999.000
202607041036,   0.399,9999.000,9999.000,9999.000,9999.000,9999.000,9999.000,9999.000,9999.000
202607041042,   0.401,9999.000,9999.000,9999.000,9999.000,9999.000,9999.000,9999.000,9999.000
202607041048,   0.407,9999.000,9999.000,9999.000,9999.000,9999.000,9999.000,9999.000,9999.000
202607041054,   0.418,9999.000,9999.000,9999.000,9999.000,9999.000,9999.000,9999.000,9999.000
202607041100,   0.434,9999.000,   0.300,  -0.188,   0.546,   0.200,   0.446,   0.300,   0.546
202607041106,   0.454,9999.000,9999.000,9999.000,9999.000,9999.000,9999.000,9999.000,9999.000
202607041112,   0.479,9999.000,9999.000,9999.000,9999.000,9999.000,9999.000,9999.000,9999.000
202607041118,   0.509,9999.000,9999.000,9999.000,9999.000,9999.000,9999.000,9999.000,9999.000
202607041124,   0.544,9999.000,9999.000,9999.000,9999.000,9999.000,9999.000,9999.000,9999.000
202607041130,   0.584,9999.000,9999.000,9999.000,9999.000,9999.000,9999.000,9999.000,9999.000
202607041136,   0.629,9999.000,9999.000,9999.000,9999.000,9999.000,9999.000,9999.000,9999.000
202607041142,   0.678,9999.000,9999.000,9999.000,9999.000,9999.000,9999.000,9999.000,9999.000
202607041148,   0.733,9999.000,9999.000,9999.000,9999.000,9999.000,9999.000,9999.000,9999.000
202607041154,   0.792,9999.000,9999.000,9999.000,9999.000,9999.000,9999.000,9999.000,9999.000
202607041200,   0.855,9999.000,   0.300,   0.027,   1.182,   0.200,   1.082,   0.300,   1.182
202607041206,   0.923,9999.000,9999.000,9999.000,9999.000,9999.000,9999.000,9999.000,9999.000
202607041212,   0.995,9999.000,9999.000,9999.000,9999.000,9999.000,9999.000,9999.000,9999.000
202607041218,   1.071,9999.000,9999.000,9999.000,9999.000,9999.000,9999.000,9999.000,9999.000
202607041224,   1.150,9999.000,9999.000,9999.000,9999.000,9999.000,9999.000,9999.000,9999.000
202607041230,   1.231,9999.000,9999.000,9999.000,9999.000,9999.000,9999.000,9999.000,9999.000
202607041236,   1.316,9999.000,9999.000,9999.000,9999.000,9999.000,9999.000,9999.000,9999.000
202607041242,   1.402,9999.000,9999.000,9999.000,9999.000,9999.000,9999.000,9999.000,9999.000
202607041248,   1.490,9999.000,9999.000,9999.000,9999.000,9999.000,9999.000,9999.000,9999.000
202607041254,   1.579,9999.000,9999.000,9999.000,9999.000,9999.000,9999.000,9999.000,9999.000
202607041300,   1.668,9999.000,   0.300,   0.178,   2.146,   0.200,   2.046,   0.300,   2.146
202607041306,   1.757,9999.000,9999.000,9999.000,9999.000,9999.000,9999.000,9999.000,9999.000
202607041312,   1.846,9999.000,9999.000,9999.000,9999.000,9999.000,9999.000,9999.000,9999.000
202607041318,   1.933,9999.000,9999.000,9999.000,9999.000,9999.000,9999.000,9999.000,9999.000
202607041324,   2.018,9999.000,9999.000,9999.000,9999.000,9999.000,9999.000,9999.000,9999.000
202607041330,   2.102,9999.000,9999.000,9999.000,9999.000,9999.000,9999.000,9999.000,9999.000
202607041336,   2.183,9999.000,9999.000,9999.000,9999.000,9999.000,9999.000,9999.000,9999.000
202607041342,   2.261,9999.000,9999.000,9999.000,9999.000,9999.000,9999.000,9999.000,9999.000
202607041348,   2.336,9999.000,9999.000,9999.000,9999.000,9999.000,9999.000,9999.000,9999.000
202607041354,   2.408,9999.000,9999.000,9999.000,9999.000,9999.000,9999.000,9999.000,9999.000
202607041400,   2.477,9999.000,   0.300,   0.227,   3.004,   0.300,   3.004,   0.400,   3.104
202607041406,   2.541,9999.000,9999.000,9999.000,9999.000,9999.000,9999.000,9999.000,9999.000
202607041412,   2.602,9999.000,9999.000,9999.000,9999.000,9999.000,9999.000,9999.000,9999.000
202607041418,   2.660,9999.000,9999.000,9999.000,9999.000,9999.000,9999.000,9999.000,9999.000
202607041424,   2.714,9999.000,9999.000,9999.000,9999.000,9999.000,9999.000,9999.000,9999.000
202607041430,   2.763,9999.000,9999.000,9999.000,9999.000,9999.000,9999.000,9999.000,9999.000
202607041436,   2.810,9999.000,9999.000,9999.000,9999.000,9999.000,9999.000,9999.000,9999.000
202607041442,   2.852,9999.000,9999.000,9999.000,9999.000,9999.000,9999.000,9999.000,9999.000
202607041448,   2.891,9999.000,9999.000,9999.000,9999.000,9999.000,9999.000,9999.000,9999.000
202607041454,   2.927,9999.000,9999.000,9999.000,9999.000,9999.000,9999.000,9999.000,9999.000
202607041500,   2.959,9999.000,   0.300,   0.196,   3.455,   0.300,   3.455,   0.400,   3.555
202607041506,   2.988,9999.000,9999.000,9999.000,9999.000,9999.000,9999.000,9999.000,9999.000
202607041512,   3.014,9999.000,9999.000,9999.000,9999.000,9999.000,9999.000,9999.000,9999.000
202607041518,   3.037,9999.000,9999.000,9999.000,9999.000,9999.000,9999.000,9999.000,9999.000
202607041524,   3.057,9999.000,9999.000,9999.000,9999.000,9999.000,9999.000,9999.000,9999.000
202607041530,   3.073,9999.000,9999.000,9999.000,9999.000,9999.000,9999.000,9999.000,9999.000
202607041536,   3.087,9999.000,9999.000,9999.000,9999.000,9999.000,9999.000,9999.000,9999.000
202607041542,   3.098,9999.000,9999.000,9999.000,9999.000,9999.000,9999.000,9999.000,9999.000
202607041548,   3.107,9999.000,9999.000,9999.000,9999.000,9999.000,9999.000,9999.000,9999.000
202607041554,   3.112,9999.000,9999.000,9999.000,9999.000,9999.000,9999.000,9999.000,9999.000
202607041600,   3.115,9999.000,   0.300,   0.109,   3.524,   0.300,   3.524,   0.400,   3.624
202607041606,   3.116,9999.000,9999.000,9999.000,9999.000,9999.000,9999.000,9999.000,9999.000
202607041612,   3.114,9999.000,9999.000,9999.000,9999.000,9999.000,9999.000,9999.000,9999.000
202607041618,   3.109,9999.000,9999.000,9999.000,9999.000,9999.000,9999.000,9999.000,9999.000
202607041624,   3.102,9999.000,9999.000,9999.000,9999.000,9999.000,9999.000,9999.000,9999.000
202607041630,   3.093,9999.000,9999.000,9999.000,9999.000,9999.000,9999.000,9999.000,9999.000
202607041636,   3.081,9999.000,9999.000,9999.000,9999.000,9999.000,9999.000,9999.000,9999.000
202607041642,   3.067,9999.000,9999.000,9999.000,9999.000,9999.000,9999.000,9999.000,9999.000
202607041648,   3.050,9999.000,9999.000,9999.000,9999.000,9999.000,9999.000,9999.000,9999.000
202607041654,   3.032,9999.000,9999.000,9999.000,9999.000,9999.000,9999.000,9999.000,9999.000
202607041700,   3.011,9999.000,   0.300,  -0.058,   3.253,   0.300,   3.253,   0.400,   3.353
202607041706,   2.988,9999.000,9999.000,9999.000,9999.000,9999.000,9999.000,9999.000,9999.000
202607041712,   2.963,9999.000,9999.000,9999.000,9999.000,9999.000,9999.000,9999.000,9999.000
202607041718,   2.935,9999.000,9999.000,9999.000,9999.000,9999.000,9999.000,9999.000,9999.000
202607041724,   2.906,9999.000,9999.000,9999.000,9999.000,9999.000,9999.000,9999.000,9999.000
202607041730,   2.875,9999.000,9999.000,9999.000,9999.000,9999.000,9999.000,9999.000,9999.000
202607041736,   2.841,9999.000,9999.000,9999.000,9999.000,9999.000,9999.000,9999.000,9999.000
202607041742,   2.806,9999.000,9999.000,9999.000,9999.000,9999.000,9999.000,9999.000,9999.000
202607041748,   2.768,9999.000,9999.000,9999.000,9999.000,9999.000,9999.000,9999.000,9999.000
202607041754,   2.729,9999.000,9999.000,9999.000,9999.000,9999.000,9999.000,9999.000,9999.000
202607041800,   2.688,9999.000,   0.400,  -0.303,   2.785,   0.300,   2.685,   0.400,   2.785
202607041806,   2.646,9999.000,9999.000,9999.000,9999.000,9999.000,9999.000,9999.000,9999.000
202607041812,   2.601,9999.000,9999.000,9999.000,9999.000,9999.000,9999.000,9999.000,9999.000
202607041818,   2.556,9999.000,9999.000,9999.000,9999.000,9999.000,9999.000,9999.000,9999.000
202607041824,   2.508,9999.000,9999.000,9999.000,9999.000,9999.000,9999.000,9999.000,9999.000
202607041830,   2.460,9999.000,9999.000,9999.000,9999.000,9999.000,9999.000,9999.000,9999.000
202607041836,   2.410,9999.000,9999.000,9999.000,9999.000,9999.000,9999.000,9999.000,9999.000
202607041842,   2.358,9999.000,9999.000,9999.000,9999.000,9999.000,9999.000,9999.000,9999.000
202607041848,   2.306,9999.000,9999.000,9999.000,9999.000,9999.000,9999.000,9999.000,9999.000
202607041854,   2.253,9999.000,9999.000,9999.000,9999.000,9999.000,9999.000,9999.000,9999.000
202607041900,   2.199,9999.000,   0.400,  -0.539,   2.060,   0.300,   1.960,   0.400,   2.060
202607041906,   2.144,9999.000,9999.000,9999.000,9999.000,9999.000,9999.000,9999.000,9999.000
202607041912,   2.088,9999.000,9999.000,9999.000,9999.000,9999.000,9999.000,9999.000,9999.000
202607041918,   2.032,9999.000,9999.000,9999.000,9999.000,9999.000,9999.000,9999.000,9999.000
202607041924,   1.976,9999.000,9999.000,9999.000,9999.000,9999.000,9999.000,9999.000,9999.000
202607041930,   1.919,9999.000,9999.000,9999.000,9999.000,9999.000,9999.000,9999.000,9999.000
202607041936,   1.862,9999.000,9999.000,9999.000,9999.000,9999.000,9999.000,9999.000,9999.000
202607041942,   1.805,9999.000,9999.000,9999.000,9999.000,9999.000,9999.000,9999.000,9999.000
202607041948,   1.749,9999.000,9999.000,9999.000,9999.000,9999.000,9999.000,9999.000,9999.000
202607041954,   1.692,9999.000,9999.000,9999.000,9999.000,9999.000,9999.000,9999.000,9999.000
202607042000,   1.636,9999.000,   0.400,  -0.655,   1.381,   0.300,   1.281,   0.400,   1.381
202607042006,   1.581,9999.000,9999.000,9999.000,9999.000,9999.000,9999.000,9999.000,9999.000
202607042012,   1.526,9999.000,9999.000,9999.000,9999.000,9999.000,9999.000,9999.000,9999.000
202607042018,   1.472,9999.000,9999.000,9999.000,9999.000,9999.000,9999.000,9999.000,9999.000
202607042024,   1.419,9999.000,9999.000,9999.000,9999.000,9999.000,9999.000,9999.000,9999.000
202607042030,   1.367,9999.000,9999.000,9999.000,9999.000,9999.000,9999.000,9999.000,9999.000
202607042036,   1.317,9999.000,9999.000,9999.000,9999.000,9999.000,9999.000,9999.000,9999.000
202607042042,   1.268,9999.000,9999.000,9999.000,9999.000,9999.000,9999.000,9999.000,9999.000
202607042048,   1.221,9999.000,9999.000,9999.000,9999.000,9999.000,9999.000,9999.000,9999.000
202607042054,   1.175,9999.000,9999.000,9999.000,9999.000,9999.000,9999.000,9999.000,9999.000
202607042100,   1.131,9999.000,   0.400,  -0.624,   0.907,   0.300,   0.807,   0.400,   0.907
202607042106,   1.090,9999.000,9999.000,9999.000,9999.000,9999.000,9999.000,9999.000,9999.000
202607042112,   1.050,9999.000,9999.000,9999.000,9999.000,9999.000,9999.000,9999.000,9999.000
202607042118,   1.013,9999.000,9999.000,9999.000,9999.000,9999.000,9999.000,9999.000,9999.000
202607042124,   0.978,9999.000,9999.000,9999.000,9999.000,9999.000,9999.000,9999.000,9999.000
202607042130,   0.946,9999.000,9999.000,9999.000,9999.000,9999.000,9999.000,9999.000,9999.000
202607042136,   0.917,9999.000,9999.000,9999.000,9999.000,9999.000,9999.000,9999.000,9999.000
202607042142,   0.890,9999.000,9999.000,9999.000,9999.000,9999.000,9999.000,9999.000,9999.000
202607042148,   0.866,9999.000,9999.000,9999.000,9999.000,9999.000,9999.000,9999.000,9999.000
202607042154,   0.845,9999.000,9999.000,9999.000,9999.000,9999.000,9999.000,9999.000,9999.000
202607042200,   0.828,9999.000,   0.400,  -0.497,   0.731,   0.400,   0.731,   0.500,   0.831
202607042206,   0.813,9999.000,9999.000,9999.000,9999.000,9999.000,9999.000,9999.000,9999.000
202607042212,   0.803,9999.000,9999.000,9999.000,9999.000,9999.000,9999.000,9999.000,9999.000
202607042218,   0.795,9999.000,9999.000,9999.000,9999.000,9999.000,9999.000,9999.000,9999.000
202607042224,   0.791,9999.000,9999.000,9999.000,9999.000,9999.000,9999.000,9999.000,9999.000
202607042230,   0.791,9999.000,9999.000,9999.000,9999.000,9999.000,9999.000,9999.000,9999.000
202607042236,   0.795,9999.000,9999.000,9999.000,9999.000,9999.000,9999.000,9999.000,9999.000
202607042242,   0.803,9999.000,9999.000,9999.000,9999.000,9999.000,9999.000,9999.000,9999.000
202607042248,   0.814,9999.000,9999.000,9999.000,9999.000,9999.000,9999.000,9999.000,9999.000
202607042254,   0.830,9999.000,9999.000,9999.000,9999.000,9999.000,9999.000,9999.000,9999.000
202607042300,   0.850,9999.000,   0.400,  -0.324,   0.926,   0.400,   0.926,   0.500,   1.026
202607042306,   0.875,9999.000,9999.000,9999.000,9999.000,9999.000,9999.000,9999.000,9999.000
202607042312,   0.903,9999.000,9999.000,9999.000,9999.000,9999.000,9999.000,9999.000,9999.000
202607042318,   0.936,9999.000,9999.000,9999.000,9999.000,9999.000,9999.000,9999.000,9999.000
202607042324,   0.974,9999.000,9999.000,9999.000,9999.000,9999.000,9999.000,9999.000,9999.000
202607042330,   1.016,9999.000,9999.000,9999.000,9999.000,9999.000,9999.000,9999.000,9999.000
202607042336,   1.062,9999.000,9999.000,9999.000,9999.000,9999.000,9999.000,9999.000,9999.000
202607042342,   1.113,9999.000,9999.000,9999.000,9999.000,9999.000,9999.000,9999.000,9999.000
202607042348,   1.169,9999.000,9999.000,9999.000,9999.000,9999.000,9999.000,9999.000,9999.000
202607042354,   1.229,9999.000,9999.000,9999.000,9999.000,9999.000,9999.000,9999.000,9999.000
202607050000,   1.293,9999.000,   0.400,  -0.139,   1.554,   0.300,   1.454,   0.500,   1.654
202607050006,   1.361,9999.000,9999.000,9999.000,9999.000,9999.000,9999.000,9999.000,9999.000
202607050012,   1.434,9999.000,9999.000,9999.000,9999.000,9999.000,9999.000,9999.000,9999.000
202607050018,   1.510,9999.000,9999.000,9999.000,9999.000,9999.000,9999.000,9999.000,9999.000
202607050024,   1.590,9999.000,9999.000,9999.000,9999.000,9999.000,9999.000,9999.000,9999.000
202607050030,   1.673,9999.000,9999.000,9999.000,9999.000,9999.000,9999.000,9999.000,9999.000
202607050036,   1.759,9999.000,9999.000,9999.000,9999.000,9999.000,9999.000,9999.000,9999.000
202607050042,   1.848,9999.000,9999.000,9999.000,9999.000,9999.000,9999.000,9999.000,9999.000
202607050048,   1.939,9999.000,9999.000,9999.000,9999.000,9999.000,9999.000,9999.000,9999.000
202607050054,   2.031,9999.000,9999.000,9999.000,9999.000,9999.000,9999.000,9999.000,9999.000
202607050100,   2.124,9999.000,   0.400,   0.017,   2.541,   0.300,   2.441,   0.500,   2.641
202607050106,   2.218,9999.000,9999.000,9999.000,9999.000,9999.000,9999.000,9999.000,9999.000
202607050112,   2.312,9999.000,9999.000,9999.000,9999.000,9999.000,9999.000,9999.000,9999.000
202607050118,   2.405,9999.000,9999.000,9999.000,9999.000,9999.000,9999.000,9999.000,9999.000
202607050124,   2.498,9999.000,9999.000,9999.000,9999.000,9999.000,9999.000,9999.000,9999.000
202607050130,   2.589,9999.000,9999.000,9999.000,9999.000,9999.000,9999.000,9999.000,9999.000
202607050136,   2.678,9999.000,9999.000,9999.000,9999.000,9999.000,9999.000,9999.000,9999.000
202607050142,   2.764,9999.000,9999.000,9999.000,9999.000,9999.000,9999.000,9999.000,9999.000
202607050148,   2.848,9999.000,9999.000,9999.000,9999.000,9999.000,9999.000,9999.000,9999.000
202607050154,   2.929,9999.000,9999.000,9999.000,9999.000,9999.000,9999.000,9999.000,9999.000
202607050200,   3.006,9999.000,   0.400,   0.109,   3.515,   0.300,   3.415,   0.500,   3.615
202607050206,   3.080,9999.000,9999.000,9999.000,9999.000,9999.000,9999.000,9999.000,9999.000
202607050212,   3.150,9999.000,9999.000,9999.000,9999.000,9999.000,9999.000,9999.000,9999.000
202607050218,   3.216,9999.000,9999.000,9999.000,9999.000,9999.000,9999.000,9999.000,9999.000
202607050224,   3.278,9999.000,9999.000,9999.000,9999.000,9999.000,9999.000,9999.000,9999.000
202607050230,   3.337,9999.000,9999.000,9999.000,9999.000,9999.000,9999.000,9999.000,9999.000
202607050236,   3.391,9999.000,9999.000,9999.000,9999.000,9999.000,9999.000,9999.000,9999.000
202607050242,   3.441,9999.000,9999.000,9999.000,9999.000,9999.000,9999.000,9999.000,9999.000
202607050248,   3.488,9999.000,9999.000,9999.000,9999.000,9999.000,9999.000,9999.000,9999.000
202607050254,   3.530,9999.000,9999.000,9999.000,9999.000,9999.000,9999.000,9999.000,9999.000
202607050300,   3.569,9999.000,   0.400,   0.138,   4.107,   0.300,   4.007,   0.500,   4.207
202607050306,   3.604,9999.000,9999.000,9999.000,9999.000,9999.000,9999.000,9999.000,9999.000
202607050312,   3.635,9999.000,9999.000,9999.000,9999.000,9999.000,9999.000,9999.000,9999.000
202607050318,   3.663,9999.000,9999.000,9999.000,9999.000,9999.000,9999.000,9999.000,9999.000
202607050324,   3.688,9999.000,9999.000,9999.000,9999.000,9999.000,9999.000,9999.000,9999.000
202607050330,   3.709,9999.000,9999.000,9999.000,9999.000,9999.000,9999.000,9999.000,9999.000
202607050336,   3.727,9999.000,9999.000,9999.000,9999.000,9999.000,9999.000,9999.000,9999.000
202607050342,   3.742,9999.000,9999.000,9999.000,9999.000,9999.000,9999.000,9999.000,9999.000
202607050348,   3.754,9999.000,9999.000,9999.000,9999.000,9999.000,9999.000,9999.000,9999.000
202607050354,   3.762,9999.000,9999.000,9999.000,9999.000,9999.000,9999.000,9999.000,9999.000
202607050400,   3.768,9999.000,   0.400,   0.105,   4.273,   0.300,   4.173,   0.500,   4.373
202607050406,   3.771,9999.000,9999.000,9999.000,9999.000,9999.000,9999.000,9999.000,9999.000
202607050412,   3.771,9999.000,9999.000,9999.000,9999.000,9999.000,9999.000,9999.000,9999.000
202607050418,   3.768,9999.000,9999.000,9999.000,9999.000,9999.000,9999.000,9999.000,9999.000
202607050424,   3.762,9999.000,9999.000,9999.000,9999.000,9999.000,9999.000,9999.000,9999.000
202607050430,   3.754,9999.000,9999.000,9999.000,9999.000,9999.000,9999.000,9999.000,9999.000
202607050436,   3.743,9999.000,9999.000,9999.000,9999.000,9999.000,9999.000,9999.000,9999.000
202607050442,   3.729,9999.000,9999.000,9999.000,9999.000,9999.000,9999.000,9999.000,9999.000
202607050448,   3.712,9999.000,9999.000,9999.000,9999.000,9999.000,9999.000,9999.000,9999.000
202607050454,   3.692,9999.000,9999.000,9999.000,9999.000,9999.000,9999.000,9999.000,9999.000
202607050500,   3.670,9999.000,   0.400,  -0.003,   4.067,   0.300,   3.967,   0.500,   4.167
202607050506,   3.645,9999.000,9999.000,9999.000,9999.000,9999.000,9999.000,9999.000,9999.000
202607050512,   3.618,9999.000,9999.000,9999.000,9999.000,9999.000,9999.000,9999.000,9999.000
202607050518,   3.588,9999.000,9999.000,9999.000,9999.000,9999.000,9999.000,9999.000,9999.000
202607050524,   3.555,9999.000,9999.000,9999.000,9999.000,9999.000,9999.000,9999.000,9999.000
202607050530,   3.520,9999.000,9999.000,9999.000,9999.000,9999.000,9999.000,9999.000,9999.000
202607050536,   3.482,9999.000,9999.000,9999.000,9999.000,9999.000,9999.000,9999.000,9999.000
202607050542,   3.442,9999.000,9999.000,9999.000,9999.000,9999.000,9999.000,9999.000,9999.000
202607050548,   3.399,9999.000,9999.000,9999.000,9999.000,9999.000,9999.000,9999.000,9999.000
202607050554,   3.354,9999.000,9999.000,9999.000,9999.000,9999.000,9999.000,9999.000,9999.000
202607050600,   3.306,9999.000,   0.400,  -0.175,   3.531,   0.300,   3.431,   0.500,   3.631
202607050606,   3.256,9999.000,9999.000,9999.000,9999.000,9999.000,9999.000,9999.000,9999.000
202607050612,   3.204,9999.000,9999.000,9999.000,9999.000,9999.000,9999.000,9999.000,9999.000
202607050618,   3.150,9999.000,9999.000,9999.000,9999.000,9999.000,9999.000,9999.000,9999.000
202607050624,   3.093,9999.000,9999.000,9999.000,9999.000,9999.000,9999.000,9999.000,9999.000
202607050630,   3.035,9999.000,9999.000,9999.000,9999.000,9999.000,9999.000,9999.000,9999.000
202607050636,   2.975,9999.000,9999.000,9999.000,9999.000,9999.000,9999.000,9999.000,9999.000
202607050642,   2.913,9999.000,9999.000,9999.000,9999.000,9999.000,9999.000,9999.000,9999.000
202607050648,   2.849,9999.000,9999.000,9999.000,9999.000,9999.000,9999.000,9999.000,9999.000
202607050654,   2.783,9999.000,9999.000,9999.000,9999.000,9999.000,9999.000,9999.000,9999.000
202607050700,   2.716,9999.000,   0.400,  -0.353,   2.763,   0.300,   2.663,   0.500,   2.863
202607050706,   2.648,9999.000,9999.000,9999.000,9999.000,9999.000,9999.000,9999.000,9999.000
202607050712,   2.579,9999.000,9999.000,9999.000,9999.000,9999.000,9999.000,9999.000,9999.000
202607050718,   2.508,9999.000,9999.000,9999.000,9999.000,9999.000,9999.000,9999.000,9999.000
202607050724,   2.436,9999.000,9999.000,9999.000,9999.000,9999.000,9999.000,9999.000,9999.000
202607050730,   2.364,9999.000,9999.000,9999.000,9999.000,9999.000,9999.000,9999.000,9999.000
202607050736,   2.290,9999.000,9999.000,9999.000,9999.000,9999.000,9999.000,9999.000,9999.000
202607050742,   2.216,9999.000,9999.000,9999.000,9999.000,9999.000,9999.000,9999.000,9999.000
202607050748,   2.142,9999.000,9999.000,9999.000,9999.000,9999.000,9999.000,9999.000,9999.000
202607050754,   2.067,9999.000,9999.000,9999.000,9999.000,9999.000,9999.000,9999.000,9999.000
202607050800,   1.993,9999.000,   0.400,  -0.483,   1.910,   0.300,   1.810,   0.500,   2.010
202607050806,   1.918,9999.000,9999.000,9999.000,9999.000,9999.000,9999.000,9999.000,9999.000
202607050812,   1.843,9999.000,9999.000,9999.000,9999.000,9999.000,9999.000,9999.000,9999.000
202607050818,   1.769,9999.000,9999.000,9999.000,9999.000,9999.000,9999.000,9999.000,9999.000
202607050824,   1.695,9999.000,9999.000,9999.000,9999.000,9999.000,9999.000,9999.000,9999.000
202607050830,   1.622,9999.000,9999.000,9999.000,9999.000,9999.000,9999.000,9999.000,9999.000
202607050836,   1.550,9999.000,9999.000,9999.000,9999.000,9999.000,9999.000,9999.000,9999.000
202607050842,   1.478,9999.000,9999.000,9999.000,9999.000,9999.000,9999.000,9999.000,9999.000
202607050848,   1.408,9999.000,9999.000,9999.000,9999.000,9999.000,9999.000,9999.000,9999.000
202607050854,   1.339,9999.000,9999.000,9999.000,9999.000,9999.000,9999.000,9999.000,9999.000
202607050900,   1.271,9999.000,   0.400,  -0.538,   1.133,   0.300,   1.033,   0.500,   1.233
202607050906,   1.205,9999.000,9999.000,9999.000,9999.000,9999.000,9999.000,9999.000,9999.000
202607050912,   1.140,9999.000,9999.000,9999.000,9999.000,9999.000,9999.000,9999.000,9999.000
202607050918,   1.078,9999.000,9999.000,9999.000,9999.000,9999.000,9999.000,9999.000,9999.000
202607050924,   1.017,9999.000,9999.000,9999.000,9999.000,9999.000,9999.000,9999.000,9999.000
202607050930,   0.958,9999.000,9999.000,9999.000,9999.000,9999.000,9999.000,9999.000,9999.000
202607050936,   0.902,9999.000,9999.000,9999.000,9999.000,9999.000,9999.000,9999.000,9999.000
202607050942,   0.848,9999.000,9999.000,9999.000,9999.000,9999.000,9999.000,9999.000,9999.000
202607050948,   0.796,9999.000,9999.000,9999.000,9999.000,9999.000,9999.000,9999.000,9999.000
202607050954,   0.747,9999.000,9999.000,9999.000,9999.000,9999.000,9999.000,9999.000,9999.000
202607051000,   0.701,9999.000,   0.400,  -0.490,   0.611,   0.400,   0.611,   0.500,   0.711
202607051006,   0.657,9999.000,9999.000,9999.000,9999.000,9999.000,9999.000,9999.000,9999.000
202607051012,   0.617,9999.000,9999.000,9999.000,9999.000,9999.000,9999.000,9999.000,9999.000
202607051018,   0.580,9999.000,9999.000,9999.000,9999.000,9999.000,9999.000,9999.000,9999.000
202607051024,   0.545,9999.000,9999.000,9999.000,9999.000,9999.000,9999.000,9999.000,9999.000
202607051030,   0.514,9999.000,9999.000,9999.000,9999.000,9999.000,9999.000,9999.000,9999.000
202607051036,   0.487,9999.000,9999.000,9999.000,9999.000,9999.000,9999.000,9999.000,9999.000
202607051042,   0.463,9999.000,9999.000,9999.000,9999.000,9999.000,9999.000,9999.000,9999.000
202607051048,   0.443,9999.000,9999.000,9999.000,9999.000,9999.000,9999.000,9999.000,9999.000
202607051054,   0.426,9999.000,9999.000,9999.000,9999.000,9999.000,9999.000,9999.000,9999.000
202607051100,   0.414,9999.000,   0.500,  -0.328,   0.586,   0.400,   0.486,   0.500,   0.586
202607051106,   0.405,9999.000,9999.000,9999.000,9999.000,9999.000,9999.000,9999.000,9999.000
202607051112,   0.401,9999.000,9999.000,9999.000,9999.000,9999.000,9999.000,9999.000,9999.000
202607051118,   0.401,9999.000,9999.000,9999.000,9999.000,9999.000,9999.000,9999.000,9999.000
202607051124,   0.405,9999.000,9999.000,9999.000,9999.000,9999.000,9999.000,9999.000,9999.000
202607051130,   0.414,9999.000,9999.000,9999.000,9999.000,9999.000,9999.000,9999.000,9999.000
202607051136,   0.427,9999.000,9999.000,9999.000,9999.000,9999.000,9999.000,9999.000,9999.000
202607051142,   0.445,9999.000,9999.000,9999.000,9999.000,9999.000,9999.000,9999.000,9999.000
202607051148,   0.468,9999.000,9999.000,9999.000,9999.000,9999.000,9999.000,9999.000,9999.000
202607051154,   0.496,9999.000,9999.000,9999.000,9999.000,9999.000,9999.000,9999.000,9999.000
202607051200,   0.529,9999.000,   0.500,  -0.114,   0.915,   0.400,   0.815,   0.500,   0.915
202607051206,   0.568,9999.000,9999.000,9999.000,9999.000,9999.000,9999.000,9999.000,9999.000
202607051212,   0.611,9999.000,9999.000,9999.000,9999.000,9999.000,9999.000,9999.000,9999.000
202607051218,   0.659,9999.000,9999.000,9999.000,9999.000,9999.000,9999.000,9999.000,9999.000
202607051224,   0.712,9999.000,9999.000,9999.000,9999.000,9999.000,9999.000,9999.000,9999.000
202607051230,   0.771,9999.000,9999.000,9999.000,9999.000,9999.000,9999.000,9999.000,9999.000
202607051236,   0.834,9999.000,9999.000,9999.000,9999.000,9999.000,9999.000,9999.000,9999.000
202607051242,   0.902,9999.000,9999.000,9999.000,9999.000,9999.000,9999.000,9999.000,9999.000
202607051248,   0.974,9999.000,9999.000,9999.000,9999.000,9999.000,9999.000,9999.000,9999.000
202607051254,   1.050,9999.000,9999.000,9999.000,9999.000,9999.000,9999.000,9999.000,9999.000
202607051300,   1.131,9999.000,   0.500,   0.048,   1.679,   0.400,   1.579,   0.500,   1.679
202607051306,   1.214,9999.000,9999.000,9999.000,9999.000,9999.000,9999.000,9999.000,9999.000
202607051312,   1.300,9999.000,9999.000,9999.000,9999.000,9999.000,9999.000,9999.000,9999.000
202607051318,   1.389,9999.000,9999.000,9999.000,9999.000,9999.000,9999.000,9999.000,9999.000
202607051324,   1.480,9999.000,9999.000,9999.000,9999.000,9999.000,9999.000,9999.000,9999.000
202607051330,   1.572,9999.000,9999.000,9999.000,9999.000,9999.000,9999.000,9999.000,9999.000
202607051336,   1.665,9999.000,9999.000,9999.000,9999.000,9999.000,9999.000,9999.000,9999.000
202607051342,   1.757,9999.000,9999.000,9999.000,9999.000,9999.000,9999.000,9999.000,9999.000
202607051348,   1.850,9999.000,9999.000,9999.000,9999.000,9999.000,9999.000,9999.000,9999.000
202607051354,   1.941,9999.000,9999.000,9999.000,9999.000,9999.000,9999.000,9999.000,9999.000
202607051400,   2.031,9999.000,   0.500,   0.134,   2.665,   0.400,   2.565,   0.600,   2.765
202607051406,   2.119,9999.000,9999.000,9999.000,9999.000,9999.000,9999.000,9999.000,9999.000
202607051412,   2.205,9999.000,9999.000,9999.000,9999.000,9999.000,9999.000,9999.000,9999.000
202607051418,   2.288,9999.000,9999.000,9999.000,9999.000,9999.000,9999.000,9999.000,9999.000
202607051424,   2.368,9999.000,9999.000,9999.000,9999.000,9999.000,9999.000,9999.000,9999.000
202607051430,   2.444,9999.000,9999.000,9999.000,9999.000,9999.000,9999.000,9999.000,9999.000
202607051436,   2.517,9999.000,9999.000,9999.000,9999.000,9999.000,9999.000,9999.000,9999.000
202607051442,   2.586,9999.000,9999.000,9999.000,9999.000,9999.000,9999.000,9999.000,9999.000
202607051448,   2.652,9999.000,9999.000,9999.000,9999.000,9999.000,9999.000,9999.000,9999.000
202607051454,   2.714,9999.000,9999.000,9999.000,9999.000,9999.000,9999.000,9999.000,9999.000
202607051500,   2.772,9999.000,   0.500,   0.195,   3.467,   0.400,   3.367,   0.600,   3.567
202607051506,   2.826,9999.000,9999.000,9999.000,9999.000,9999.000,9999.000,9999.000,9999.000
202607051512,   2.876,9999.000,9999.000,9999.000,9999.000,9999.000,9999.000,9999.000,9999.000
202607051518,   2.923,9999.000,9999.000,9999.000,9999.000,9999.000,9999.000,9999.000,9999.000
202607051524,   2.966,9999.000,9999.000,9999.000,9999.000,9999.000,9999.000,9999.000,9999.000
202607051530,   3.005,9999.000,9999.000,9999.000,9999.000,9999.000,9999.000,9999.000,9999.000
202607051536,   3.041,9999.000,9999.000,9999.000,9999.000,9999.000,9999.000,9999.000,9999.000
202607051542,   3.074,9999.000,9999.000,9999.000,9999.000,9999.000,9999.000,9999.000,9999.000
202607051548,   3.104,9999.000,9999.000,9999.000,9999.000,9999.000,9999.000,9999.000,9999.000
202607051554,   3.130,9999.000,9999.000,9999.000,9999.000,9999.000,9999.000,9999.000,9999.000
202607051600,   3.153,9999.000,   0.500,   0.229,   3.882,   0.400,   3.782,   0.600,   3.982
202607051606,   3.173,9999.000,9999.000,9999.000,9999.000,9999.000,9999.000,9999.000,9999.000
202607051612,   3.190,9999.000,9999.000,9999.000,9999.000,9999.000,9999.000,9999.000,9999.000
202607051618,   3.204,9999.000,9999.000,9999.000,9999.000,9999.000,9999.000,9999.000,9999.000
202607051624,   3.215,9999.000,9999.000,9999.000,9999.000,9999.000,9999.000,9999.000,9999.000
202607051630,   3.224,9999.000,9999.000,9999.000,9999.000,9999.000,9999.000,9999.000,9999.000
202607051636,   3.230,9999.000,9999.000,9999.000,9999.000,9999.000,9999.000,9999.000,9999.000
202607051642,   3.233,9999.000,9999.000,9999.000,9999.000,9999.000,9999.000,9999.000,9999.000
202607051648,   3.233,9999.000,9999.000,9999.000,9999.000,9999.000,9999.000,9999.000,9999.000
202607051654,   3.231,9999.000,9999.000,9999.000,9999.000,9999.000,9999.000,9999.000,9999.000
202607051700,   3.227,9999.000,   0.500,   0.151,   3.878,   0.400,   3.778,   0.600,   3.978
202607051706,   3.220,9999.000,9999.000,9999.000,9999.000,9999.000,9999.000,9999.000,9999.000
202607051712,   3.210,9999.000,9999.000,9999.000,9999.000,9999.000,9999.000,9999.000,9999.000
202607051718,   3.198,9999.000,9999.000,9999.000,9999.000,9999.000,9999.000,9999.000,9999.000
202607051724,   3.184,9999.000,9999.000,9999.000,9999.000,9999.000,9999.000,9999.000,9999.000
202607051730,   3.167,9999.000,9999.000,9999.000,9999.000,9999.000,9999.000,9999.000,9999.000
202607051736,   3.149,9999.000,9999.000,9999.000,9999.000,9999.000,9999.000,9999.000,9999.000
202607051742,   3.127,9999.000,9999.000,9999.000,9999.000,9999.000,9999.000,9999.000,9999.000
202607051748,   3.104,9999.000,9999.000,9999.000,9999.000,9999.000,9999.000,9999.000,9999.000
202607051754,   3.078,9999.000,9999.000,9999.000,9999.000,9999.000,9999.000,9999.000,9999.000
202607051800,   3.051,9999.000,   0.500,  -0.070,   3.481,   0.400,   3.381,   0.600,   3.581
202607051806,   3.021,9999.000,9999.000,9999.000,9999.000,9999.000,9999.000,9999.000,9999.000
202607051812,   2.989,9999.000,9999.000,9999.000,9999.000,9999.000,9999.000,9999.000,9999.000
202607051818,   2.955,9999.000,9999.000,9999.000,9999.000,9999.000,9999.000,9999.000,9999.000
202607051824,   2.919,9999.000,9999.000,9999.000,9999.000,9999.000,9999.000,9999.000,9999.000
202607051830,   2.881,9999.000,9999.000,9999.000,9999.000,9999.000,9999.000,9999.000,9999.000
202607051836,   2.842,9999.000,9999.000,9999.000,9999.000,9999.000,9999.000,9999.000,9999.000
202607051842,   2.800,9999.000,9999.000,9999.000,9999.000,9999.000,9999.000,9999.000,9999.000
202607051848,   2.757,9999.000,9999.000,9999.000,9999.000,9999.000,9999.000,9999.000,9999.000
202607051854,   2.713,9999.000,9999.000,9999.000,9999.000,9999.000,9999.000,9999.000,9999.000
202607051900,   2.667,9999.000,   0.500,  -0.335,   2.832,   0.400,   2.732,   0.700,   3.032
202607051906,   2.619,9999.000,9999.000,9999.000,9999.000,9999.000,9999.000,9999.000,9999.000
202607051912,   2.570,9999.000,9999.000,9999.000,9999.000,9999.000,9999.000,9999.000,9999.000
202607051918,   2.520,9999.000,9999.000,9999.000,9999.000,9999.000,9999.000,9999.000,9999.000
202607051924,   2.469,9999.000,9999.000,9999.000,9999.000,9999.000,9999.000,9999.000,9999.000
202607051930,   2.416,9999.000,9999.000,9999.000,9999.000,9999.000,9999.000,9999.000,9999.000
202607051936,   2.363,9999.000,9999.000,9999.000,9999.000,9999.000,9999.000,9999.000,9999.000
202607051942,   2.309,9999.000,9999.000,9999.000,9999.000,9999.000,9999.000,9999.000,9999.000
202607051948,   2.254,9999.000,9999.000,9999.000,9999.000,9999.000,9999.000,9999.000,9999.000
202607051954,   2.199,9999.000,9999.000,9999.000,9999.000,9999.000,9999.000,9999.000,9999.000
202607052000,   2.143,9999.000,   0.500,  -0.527,   2.116,   0.400,   2.016,   0.700,   2.316
202607052006,   2.086,9999.000,9999.000,9999.000,9999.000,9999.000,9999.000,9999.000,9999.000
202607052012,   2.030,9999.000,9999.000,9999.000,9999.000,9999.000,9999.000,9999.000,9999.000
202607052018,   1.973,9999.000,9999.000,9999.000,9999.000,9999.000,9999.000,9999.000,9999.000
202607052024,   1.917,9999.000,9999.000,9999.000,9999.000,9999.000,9999.000,9999.000,9999.000
202607052030,   1.860,9999.000,9999.000,9999.000,9999.000,9999.000,9999.000,9999.000,9999.000
202607052036,   1.804,9999.000,9999.000,9999.000,9999.000,9999.000,9999.000,9999.000,9999.000
202607052042,   1.748,9999.000,9999.000,9999.000,9999.000,9999.000,9999.000,9999.000,9999.000
202607052048,   1.693,9999.000,9999.000,9999.000,9999.000,9999.000,9999.000,9999.000,9999.000
202607052054,   1.638,9999.000,9999.000,9999.000,9999.000,9999.000,9999.000,9999.000,9999.000
202607052100,   1.584,9999.000,   0.600,  -0.609,   1.575,   0.500,   1.475,   0.700,   1.675
202607052106,   1.532,9999.000,9999.000,9999.000,9999.000,9999.000,9999.000,9999.000,9999.000
202607052112,   1.480,9999.000,9999.000,9999.000,9999.000,9999.000,9999.000,9999.000,9999.000
202607052118,   1.429,9999.000,9999.000,9999.000,9999.000,9999.000,9999.000,9999.000,9999.000
202607052124,   1.380,9999.000,9999.000,9999.000,9999.000,9999.000,9999.000,9999.000,9999.000
202607052130,   1.332,9999.000,9999.000,9999.000,9999.000,9999.000,9999.000,9999.000,9999.000
202607052136,   1.285,9999.000,9999.000,9999.000,9999.000,9999.000,9999.000,9999.000,9999.000
202607052142,   1.240,9999.000,9999.000,9999.000,9999.000,9999.000,9999.000,9999.000,9999.000
202607052148,   1.197,9999.000,9999.000,9999.000,9999.000,9999.000,9999.000,9999.000,9999.000
202607052154,   1.156,9999.000,9999.000,9999.000,9999.000,9999.000,9999.000,9999.000,9999.000
202607052200,   1.117,9999.000,   0.600,  -0.586,   1.131,   0.500,   1.031,   0.700,   1.231
202607052206,   1.080,9999.000,9999.000,9999.000,9999.000,9999.000,9999.000,9999.000,9999.000
202607052212,   1.046,9999.000,9999.000,9999.000,9999.000,9999.000,9999.000,9999.000,9999.000
202607052218,   1.014,9999.000,9999.000,9999.000,9999.000,9999.000,9999.000,9999.000,9999.000
202607052224,   0.984,9999.000,9999.000,9999.000,9999.000,9999.000,9999.000,9999.000,9999.000
202607052230,   0.956,9999.000,9999.000,9999.000,9999.000,9999.000,9999.000,9999.000,9999.000
202607052236,   0.932,9999.000,9999.000,9999.000,9999.000,9999.000,9999.000,9999.000,9999.000
202607052242,   0.910,9999.000,9999.000,9999.000,9999.000,9999.000,9999.000,9999.000,9999.000
202607052248,   0.891,9999.000,9999.000,9999.000,9999.000,9999.000,9999.000,9999.000,9999.000
202607052254,   0.876,9999.000,9999.000,9999.000,9999.000,9999.000,9999.000,9999.000,9999.000
202607052300,   0.863,9999.000,   0.600,  -0.467,   0.996,   0.500,   0.896,   0.700,   1.096
202607052306,   0.854,9999.000,9999.000,9999.000,9999.000,9999.000,9999.000,9999.000,9999.000
202607052312,   0.848,9999.000,9999.000,9999.000,9999.000,9999.000,9999.000,9999.000,9999.000
202607052318,   0.846,9999.000,9999.000,9999.000,9999.000,9999.000,9999.000,9999.000,9999.000
202607052324,   0.847,9999.000,9999.000,9999.000,9999.000,9999.000,9999.000,9999.000,9999.000
202607052330,   0.853,9999.000,9999.000,9999.000,9999.000,9999.000,9999.000,9999.000,9999.000
202607052336,   0.862,9999.000,9999.000,9999.000,9999.000,9999.000,9999.000,9999.000,9999.000
202607052342,   0.875,9999.000,9999.000,9999.000,9999.000,9999.000,9999.000,9999.000,9999.000
202607052348,   0.893,9999.000,9999.000,9999.000,9999.000,9999.000,9999.000,9999.000,9999.000
202607052354,   0.914,9999.000,9999.000,9999.000,9999.000,9999.000,9999.000,9999.000,9999.000
202607060000,   0.940,9999.000,   0.600,  -0.298,   1.242,   0.500,   1.142,   0.700,   1.342
202607060006,   0.971,9999.000,9999.000,9999.000,9999.000,9999.000,9999.000,9999.000,9999.000
202607060012,   1.006,9999.000,9999.000,9999.000,9999.000,9999.000,9999.000,9999.000,9999.000
202607060018,   1.046,9999.000,9999.000,9999.000,9999.000,9999.000,9999.000,9999.000,9999.000
202607060024,   1.090,9999.000,9999.000,9999.000,9999.000,9999.000,9999.000,9999.000,9999.000
202607060030,   1.139,9999.000,9999.000,9999.000,9999.000,9999.000,9999.000,9999.000,9999.000
202607060036,   1.192,9999.000,9999.000,9999.000,9999.000,9999.000,9999.000,9999.000,9999.000
202607060042,   1.250,9999.000,9999.000,9999.000,9999.000,9999.000,9999.000,9999.000,9999.000
202607060048,   1.313,9999.000,9999.000,9999.000,9999.000,9999.000,9999.000,9999.000,9999.000
202607060054,   1.379,9999.000,9999.000,9999.000,9999.000,9999.000,9999.000,9999.000,9999.000
202607060100,   1.450,9999.000,   0.600,  -0.147,   1.903,   0.500,   1.803,   0.700,   2.003
202607060106,   1.524,9999.000,9999.000,9999.000,9999.000,9999.000,9999.000,9999.000,9999.000
202607060112,   1.602,9999.000,9999.000,9999.000,9999.000,9999.000,9999.000,9999.000,9999.000
202607060118,   1.683,9999.000,9999.000,9999.000,9999.000,9999.000,9999.000,9999.000,9999.000
202607060124,   1.767,9999.000,9999.000,9999.000,9999.000,9999.000,9999.000,9999.000,9999.000
202607060130,   1.853,9999.000,9999.000,9999.000,9999.000,9999.000,9999.000,9999.000,9999.000
202607060136,   1.940,9999.000,9999.000,9999.000,9999.000,9999.000,9999.000,9999.000,9999.000
202607060142,   2.029,9999.000,9999.000,9999.000,9999.000,9999.000,9999.000,9999.000,9999.000
202607060148,   2.119,9999.000,9999.000,9999.000,9999.000,9999.000,9999.000,9999.000,9999.000
202607060154,   2.209,9999.000,9999.000,9999.000,9999.000,9999.000,9999.000,9999.000,9999.000
202607060200,   2.298,9999.000,   0.600,  -0.036,   2.862,   0.500,   2.762,   0.800,   3.062
202607060206,   2.387,9999.000,9999.000,9999.000,9999.000,9999.000,9999.000,9999.000,9999.000
202607060212,   2.474,9999.000,9999.000,9999.000,9999.000,9999.000,9999.000,9999.000,9999.000
202607060218,   2.560,9999.000,9999.000,9999.000,9999.000,9999.000,9999.000,9999.000,9999.000
202607060224,   2.643,9999.000,9999.000,9999.000,9999.000,9999.000,9999.000,9999.000,9999.000
202607060230,   2.724,9999.000,9999.000,9999.000,9999.000,9999.000,9999.000,9999.000,9999.000
202607060236,   2.801,9999.000,9999.000,9999.000,9999.000,9999.000,9999.000,9999.000,9999.000
202607060242,   2.876,9999.000,9999.000,9999.000,9999.000,9999.000,9999.000,9999.000,9999.000
202607060248,   2.947,9999.000,9999.000,9999.000,9999.000,9999.000,9999.000,9999.000,9999.000
202607060254,   3.014,9999.000,9999.000,9999.000,9999.000,9999.000,9999.000,9999.000,9999.000
202607060300,   3.078,9999.000,   0.600,   0.059,   3.737,   0.500,   3.637,   0.800,   3.937
202607060306,   3.138,9999.000,9999.000,9999.000,9999.000,9999.000,9999.000,9999.000,9999.000
202607060312,   3.195,9999.000,9999.000,9999.000,9999.000,9999.000,9999.000,9999.000,9999.000
202607060318,   3.247,9999.000,9999.000,9999.000,9999.000,9999.000,9999.000,9999.000,9999.000
202607060324,   3.296,9999.000,9999.000,9999.000,9999.000,9999.000,9999.000,9999.000,9999.000
202607060330,   3.341,9999.000,9999.000,9999.000,9999.000,9999.000,9999.000,9999.000,9999.000
202607060336,   3.382,9999.000,9999.000,9999.000,9999.000,9999.000,9999.000,9999.000,9999.000
202607060342,   3.420,9999.000,9999.000,9999.000,9999.000,9999.000,9999.000,9999.000,9999.000
202607060348,   3.454,9999.000,9999.000,9999.000,9999.000,9999.000,9999.000,9999.000,9999.000
202607060354,   3.485,9999.000,9999.000,9999.000,9999.000,9999.000,9999.000,9999.000,9999.000
202607060400,   3.512,9999.000,   0.600,   0.116,   4.228,   0.500,   4.128,   0.800,   4.428
202607060406,   3.537,9999.000,9999.000,9999.000,9999.000,9999.000,9999.000,9999.000,9999.000
202607060412,   3.558,9999.000,9999.000,9999.000,9999.000,9999.000,9999.000,9999.000,9999.000
202607060418,   3.575,9999.000,9999.000,9999.000,9999.000,9999.000,9999.000,9999.000,9999.000
202607060424,   3.590,9999.000,9999.000,9999.000,9999.000,9999.000,9999.000,9999.000,9999.000
202607060430,   3.602,9999.000,9999.000,9999.000,9999.000,9999.000,9999.000,9999.000,9999.000
202607060436,   3.611,9999.000,9999.000,9999.000,9999.000,9999.000,9999.000,9999.000,9999.000
202607060442,   3.617,9999.000,9999.000,9999.000,9999.000,9999.000,9999.000,9999.000,9999.000
202607060448,   3.620,9999.000,9999.000,9999.000,9999.000,9999.000,9999.000,9999.000,9999.000
202607060454,   3.620,9999.000,9999.000,9999.000,9999.000,9999.000,9999.000,9999.000,9999.000
202607060500,   3.617,9999.000,   0.600,   0.075,   4.292,   0.500,   4.192,   0.800,   4.492
202607060506,   3.612,9999.000,9999.000,9999.000,9999.000,9999.000,9999.000,9999.000,9999.000
202607060512,   3.604,9999.000,9999.000,9999.000,9999.000,9999.000,9999.000,9999.000,9999.000
202607060518,   3.593,9999.000,9999.000,9999.000,9999.000,9999.000,9999.000,9999.000,9999.000
202607060524,   3.580,9999.000,9999.000,9999.000,9999.000,9999.000,9999.000,9999.000,9999.000
202607060530,   3.564,9999.000,9999.000,9999.000,9999.000,9999.000,9999.000,9999.000,9999.000
202607060536,   3.545,9999.000,9999.000,9999.000,9999.000,9999.000,9999.000,9999.000,9999.000
202607060542,   3.523,9999.000,9999.000,9999.000,9999.000,9999.000,9999.000,9999.000,9999.000
202607060548,   3.499,9999.000,9999.000,9999.000,9999.000,9999.000,9999.000,9999.000,9999.000
202607060554,   3.473,9999.000,9999.000,9999.000,9999.000,9999.000,9999.000,9999.000,9999.000
202607060600,   3.443,9999.000,   0.600,  -0.061,   3.982,   0.500,   3.882,   0.800,   4.182
202607060606,   3.412,9999.000,9999.000,9999.000,9999.000,9999.000,9999.000,9999.000,9999.000
202607060612,   3.377,9999.000,9999.000,9999.000,9999.000,9999.000,9999.000,9999.000,9999.000
202607060618,   3.341,9999.000,9999.000,9999.000,9999.000,9999.000,9999.000,9999.000,9999.000
202607060624,   3.302,9999.000,9999.000,9999.000,9999.000,9999.000,9999.000,9999.000,9999.000
202607060630,   3.260,9999.000,9999.000,9999.000,9999.000,9999.000,9999.000,9999.000,9999.000
202607060636,   3.216,9999.000,9999.000,9999.000,9999.000,9999.000,9999.000,9999.000,9999.000
202607060642,   3.171,9999.000,9999.000,9999.000,9999.000,9999.000,9999.000,9999.000,9999.000
202607060648,   3.122,9999.000,9999.000,9999.000,9999.000,9999.000,9999.000,9999.000,9999.000
202607060654,   3.072,9999.000,9999.000,9999.000,9999.000,9999.000,9999.000,9999.000,9999.000
202607060700,   3.020,9999.000,   0.600,  -0.218,   3.402,   0.500,   3.302,   0.800,   3.602
202607060706,   2.966,9999.000,9999.000,9999.000,9999.000,9999.000,9999.000,9999.000,9999.000
202607060712,   2.910,9999.000,9999.000,9999.000,9999.000,9999.000,9999.000,9999.000,9999.000
202607060718,   2.852,9999.000,9999.000,9999.000,9999.000,9999.000,9999.000,9999.000,9999.000
202607060724,   2.793,9999.000,9999.000,9999.000,9999.000,9999.000,9999.000,9999.000,9999.000
202607060730,   2.732,9999.000,9999.000,9999.000,9999.000,9999.000,9999.000,9999.000,9999.000
202607060736,   2.669,9999.000,9999.000,9999.000,9999.000,9999.000,9999.000,9999.000,9999.000
202607060742,   2.605,9999.000,9999.000,9999.000,9999.000,9999.000,9999.000,9999.000,9999.000
202607060748,   2.540,9999.000,9999.000,9999.000,9999.000,9999.000,9999.000,9999.000,9999.000
202607060754,   2.474,9999.000,9999.000,9999.000,9999.000,9999.000,9999.000,9999.000,9999.000
202607060800,   2.407,9999.000,   0.600,  -0.358,   2.649,   0.500,   2.549,   0.800,   2.849
202607060806,   2.338,9999.000,9999.000,9999.000,9999.000,9999.000,9999.000,9999.000,9999.000
202607060812,   2.269,9999.000,9999.000,9999.000,9999.000,9999.000,9999.000,9999.000,9999.000
202607060818,   2.200,9999.000,9999.000,9999.000,9999.000,9999.000,9999.000,9999.000,9999.000
202607060824,   2.130,9999.000,9999.000,9999.000,9999.000,9999.000,9999.000,9999.000,9999.000
202607060830,   2.059,9999.000,9999.000,9999.000,9999.000,9999.000,9999.000,9999.000,9999.000
202607060836,   1.988,9999.000,9999.000,9999.000,9999.000,9999.000,9999.000,9999.000,9999.000
202607060842,   1.917,9999.000,9999.000,9999.000,9999.000,9999.000,9999.000,9999.000,9999.000
202607060848,   1.846,9999.000,9999.000,9999.000,9999.000,9999.000,9999.000,9999.000,9999.000
202607060854,   1.775,9999.000,9999.000,9999.000,9999.000,9999.000,9999.000,9999.000,9999.000
202607060900,   1.704,9999.000,   0.600,  -0.477,   1.827,   0.500,   1.727,   0.800,   2.027
202607060906,   1.634,9999.000,9999.000,9999.000,9999.000,9999.000,9999.000,9999.000,9999.000
202607060912,   1.564,9999.000,9999.000,9999.000,9999.000,9999.000,9999.000,9999.000,9999.000
202607060918,   1.495,9999.000,9999.000,9999.000,9999.000,9999.000,9999.000,9999.000,9999.000
202607060924,   1.427,9999.000,9999.000,9999.000,9999.000,9999.000,9999.000,9999.000,9999.000
202607060930,   1.360,9999.000,9999.000,9999.000,9999.000,9999.000,9999.000,9999.000,9999.000
202607060936,   1.294,9999.000,9999.000,9999.000,9999.000,9999.000,9999.000,9999.000,9999.000
202607060942,   1.229,9999.000,9999.000,9999.000,9999.000,9999.000,9999.000,9999.000,9999.000
202607060948,   1.165,9999.000,9999.000,9999.000,9999.000,9999.000,9999.000,9999.000,9999.000
202607060954,   1.103,9999.000,9999.000,9999.000,9999.000,9999.000,9999.000,9999.000,9999.000
202607061000,   1.043,9999.000,   0.600,  -0.525,   1.118,   0.500,   1.018,   0.800,   1.318
202607061006,   0.984,9999.000,9999.000,9999.000,9999.000,9999.000,9999.000,9999.000,9999.000
202607061012,   0.927,9999.000,9999.000,9999.000,9999.000,9999.000,9999.000,9999.000,9999.000
202607061018,   0.873,9999.000,9999.000,9999.000,9999.000,9999.000,9999.000,9999.000,9999.000
202607061024,   0.820,9999.000,9999.000,9999.000,9999.000,9999.000,9999.000,9999.000,9999.000
202607061030,   0.770,9999.000,9999.000,9999.000,9999.000,9999.000,9999.000,9999.000,9999.000
202607061036,   0.722,9999.000,9999.000,9999.000,9999.000,9999.000,9999.000,9999.000,9999.000
202607061042,   0.677,9999.000,9999.000,9999.000,9999.000,9999.000,9999.000,9999.000,9999.000
202607061048,   0.634,9999.000,9999.000,9999.000,9999.000,9999.000,9999.000,9999.000,9999.000
202607061054,   0.594,9999.000,9999.000,9999.000,9999.000,9999.000,9999.000,9999.000,9999.000
202607061100,   0.558,9999.000,   0.600,  -0.438,   0.720,   0.500,   0.620,   0.800,   0.920
202607061106,   0.524,9999.000,9999.000,9999.000,9999.000,9999.000,9999.000,9999.000,9999.000
202607061112,   0.494,9999.000,9999.000,9999.000,9999.000,9999.000,9999.000,9999.000,9999.000
202607061118,   0.467,9999.000,9999.000,9999.000,9999.000,9999.000,9999.000,9999.000,9999.000
202607061124,   0.443,9999.000,9999.000,9999.000,9999.000,9999.000,9999.000,9999.000,9999.000
202607061130,   0.424,9999.000,9999.000,9999.000,9999.000,9999.000,9999.000,9999.000,9999.000
202607061136,   0.408,9999.000,9999.000,9999.000,9999.000,9999.000,9999.000,9999.000,9999.000
202607061142,   0.396,9999.000,9999.000,9999.000,9999.000,9999.000,9999.000,9999.000,9999.000
202607061148,   0.388,9999.000,9999.000,9999.000,9999.000,9999.000,9999.000,9999.000,9999.000
202607061154,   0.385,9999.000,9999.000,9999.000,9999.000,9999.000,9999.000,9999.000,9999.000
202607061200,   0.385,9999.000,   0.700,  -0.265,   0.820,   0.500,   0.620,   0.800,   0.920
202607061206,   0.391,9999.000,9999.000,9999.000,9999.000,9999.000,9999.000,9999.000,9999.000
202607061212,   0.401,9999.000,9999.000,9999.000,9999.000,9999.000,9999.000,9999.000,9999.000
202607061218,   0.416,9999.000,9999.000,9999.000,9999.000,9999.000,9999.000,9999.000,9999.000
202607061224,   0.437,9999.000,9999.000,9999.000,9999.000,9999.000,9999.000,9999.000,9999.000
202607061230,   0.462,9999.000,9999.000,9999.000,9999.000,9999.000,9999.000,9999.000,9999.000
202607061236,   0.492,9999.000,9999.000,9999.000,9999.000,9999.000,9999.000,9999.000,9999.000
202607061242,   0.528,9999.000,9999.000,9999.000,9999.000,9999.000,9999.000,9999.000,9999.000
202607061248,   0.568,9999.000,9999.000,9999.000,9999.000,9999.000,9999.000,9999.000,9999.000
202607061254,   0.614,9999.000,9999.000,9999.000,9999.000,9999.000,9999.000,9999.000,9999.000
202607061300,   0.666,9999.000,   0.700,  -0.121,   1.245,   0.500,   1.045,   0.900,   1.445
202607061306,   0.722,9999.000,9999.000,9999.000,9999.000,9999.000,9999.000,9999.000,9999.000
202607061312,   0.784,9999.000,9999.000,9999.000,9999.000,9999.000,9999.000,9999.000,9999.000
202607061318,   0.850,9999.000,9999.000,9999.000,9999.000,9999.000,9999.000,9999.000,9999.000
202607061324,   0.921,9999.000,9999.000,9999.000,9999.000,9999.000,9999.000,9999.000,9999.000
202607061330,   0.997,9999.000,9999.000,9999.000,9999.000,9999.000,9999.000,9999.000,9999.000
202607061336,   1.076,9999.000,9999.000,9999.000,9999.000,9999.000,9999.000,9999.000,9999.000
202607061342,   1.160,9999.000,9999.000,9999.000,9999.000,9999.000,9999.000,9999.000,9999.000
202607061348,   1.247,9999.000,9999.000,9999.000,9999.000,9999.000,9999.000,9999.000,9999.000
202607061354,   1.336,9999.000,9999.000,9999.000,9999.000,9999.000,9999.000,9999.000,9999.000
202607061400,   1.428,9999.000,   0.700,  -0.021,   2.107,   0.500,   1.907,   0.900,   2.307
202607061406,   1.522,9999.000,9999.000,9999.000,9999.000,9999.000,9999.000,9999.000,9999.000
202607061412,   1.617,9999.000,9999.000,9999.000,9999.000,9999.000,9999.000,9999.000,9999.000
202607061418,   1.713,9999.000,9999.000,9999.000,9999.000,9999.000,9999.000,9999.000,9999.000
202607061424,   1.809,9999.000,9999.000,9999.000,9999.000,9999.000,9999.000,9999.000,9999.000
202607061430,   1.904,9999.000,9999.000,9999.000,9999.000,9999.000,9999.000,9999.000,9999.000
202607061436,   1.999,9999.000,9999.000,9999.000,9999.000,9999.000,9999.000,9999.000,9999.000
202607061442,   2.093,9999.000,9999.000,9999.000,9999.000,9999.000,9999.000,9999.000,9999.000
202607061448,   2.184,9999.000,9999.000,9999.000,9999.000,9999.000,9999.000,9999.000,9999.000
202607061454,   2.273,9999.000,9999.000,9999.000,9999.000,9999.000,9999.000,9999.000,9999.000
202607061500,   2.360,9999.000,   0.700,   0.111,   3.171,   0.500,   2.971,   0.800,   3.271
202607061506,   2.444,9999.000,9999.000,9999.000,9999.000,9999.000,9999.000,9999.000,9999.000
202607061512,   2.524,9999.000,9999.000,9999.000,9999.000,9999.000,9999.000,9999.000,9999.000
202607061518,   2.601,9999.000,9999.000,9999.000,9999.000,9999.000,9999.000,9999.000,9999.000
202607061524,   2.675,9999.000,9999.000,9999.000,9999.000,9999.000,9999.000,9999.000,9999.000
202607061530,   2.745,9999.000,9999.000,9999.000,9999.000,9999.000,9999.000,9999.000,9999.000
202607061536,   2.811,9999.000,9999.000,9999.000,9999.000,9999.000,9999.000,9999.000,9999.000
202607061542,   2.874,9999.000,9999.000,9999.000,9999.000,9999.000,9999.000,9999.000,9999.000
202607061548,   2.932,9999.000,9999.000,9999.000,9999.000,9999.000,9999.000,9999.000,9999.000
202607061554,   2.987,9999.000,9999.000,9999.000,9999.000,9999.000,9999.000,9999.000,9999.000
202607061600,   3.038,9999.000,   0.600,   0.258,   3.896,   0.500,   3.796,   0.800,   4.096
202607061606,   3.085,9999.000,9999.000,9999.000,9999.000,9999.000,9999.000,9999.000,9999.000
202607061612,   3.129,9999.000,9999.000,9999.000,9999.000,9999.000,9999.000,9999.000,9999.000
202607061618,   3.169,9999.000,9999.000,9999.000,9999.000,9999.000,9999.000,9999.000,9999.000
202607061624,   3.205,9999.000,9999.000,9999.000,9999.000,9999.000,9999.000,9999.000,9999.000
202607061630,   3.238,9999.000,9999.000,9999.000,9999.000,9999.000,9999.000,9999.000,9999.000
202607061636,   3.268,9999.000,9999.000,9999.000,9999.000,9999.000,9999.000,9999.000,9999.000
202607061642,   3.294,9999.000,9999.000,9999.000,9999.000,9999.000,9999.000,9999.000,9999.000
202607061648,   3.317,9999.000,9999.000,9999.000,9999.000,9999.000,9999.000,9999.000,9999.000
202607061654,   3.337,9999.000,9999.000,9999.000,9999.000,9999.000,9999.000,9999.000,9999.000
202607061700,   3.353,9999.000,   0.700,   0.287,   4.340,   0.500,   4.140,   0.800,   4.440
202607061706,   3.367,9999.000,9999.000,9999.000,9999.000,9999.000,9999.000,9999.000,9999.000
202607061712,   3.377,9999.000,9999.000,9999.000,9999.000,9999.000,9999.000,9999.000,9999.000
202607061718,   3.385,9999.000,9999.000,9999.000,9999.000,9999.000,9999.000,9999.000,9999.000
202607061724,   3.389,9999.000,9999.000,9999.000,9999.000,9999.000,9999.000,9999.000,9999.000
202607061730,   3.391,9999.000,9999.000,9999.000,9999.000,9999.000,9999.000,9999.000,9999.000
202607061736,   3.390,9999.000,9999.000,9999.000,9999.000,9999.000,9999.000,9999.000,9999.000
202607061742,   3.387,9999.000,9999.000,9999.000,9999.000,9999.000,9999.000,9999.000,9999.000
202607061748,   3.380,9999.000,9999.000,9999.000,9999.000,9999.000,9999.000,9999.000,9999.000
202607061754,   3.372,9999.000,9999.000,9999.000,9999.000,9999.000,9999.000,9999.000,9999.000
202607061800,   3.360,9999.000,   0.700,   0.139,   4.199,   0.500,   3.999,   0.800,   4.299
202607061806,   3.346,9999.000,9999.000,9999.000,9999.000,9999.000,9999.000,9999.000,9999.000
202607061812,   3.330,9999.000,9999.000,9999.000,9999.000,9999.000,9999.000,9999.000,9999.000
202607061818,   3.312,9999.000,9999.000,9999.000,9999.000,9999.000,9999.000,9999.000,9999.000
202607061824,   3.291,9999.000,9999.000,9999.000,9999.000,9999.000,9999.000,9999.000,9999.000
202607061830,   3.268,9999.000,9999.000,9999.000,9999.000,9999.000,9999.000,9999.000,9999.000
202607061836,   3.242,9999.000,9999.000,9999.000,9999.000,9999.000,9999.000,9999.000,9999.000
202607061842,   3.215,9999.000,9999.000,9999.000,9999.000,9999.000,9999.000,9999.000,9999.000
202607061848,   3.185,9999.000,9999.000,9999.000,9999.000,9999.000,9999.000,9999.000,9999.000
202607061854,   3.154,9999.000,9999.000,9999.000,9999.000,9999.000,9999.000,9999.000,9999.000
202607061900,   3.120,9999.000,   0.700,  -0.100,   3.720,   0.500,   3.520,   0.800,   3.820
202607061906,   3.085,9999.000,9999.000,9999.000,9999.000,9999.000,9999.000,9999.000,9999.000
202607061912,   3.047,9999.000,9999.000,9999.000,9999.000,9999.000,9999.000,9999.000,9999.000
202607061918,   3.008,9999.000,9999.000,9999.000,9999.000,9999.000,9999.000,9999.000,9999.000
202607061924,   2.967,9999.000,9999.000,9999.000,9999.000,9999.000,9999.000,9999.000,9999.000
202607061930,   2.925,9999.000,9999.000,9999.000,9999.000,9999.000,9999.000,9999.000,9999.000
202607061936,   2.880,9999.000,9999.000,9999.000,9999.000,9999.000,9999.000,9999.000,9999.000
202607061942,   2.835,9999.000,9999.000,9999.000,9999.000,9999.000,9999.000,9999.000,9999.000
202607061948,   2.788,9999.000,9999.000,9999.000,9999.000,9999.000,9999.000,9999.000,9999.000
202607061954,   2.739,9999.000,9999.000,9999.000,9999.000,9999.000,9999.000,9999.000,9999.000
202607062000,   2.690,9999.000,   0.700,  -0.328,   3.062,   0.500,   2.862,   0.800,   3.162
202607062006,   2.639,9999.000,9999.000,9999.000,9999.000,9999.000,9999.000,9999.000,9999.000
202607062012,   2.587,9999.000,9999.000,9999.000,9999.000,9999.000,9999.000,9999.000,9999.000
202607062018,   2.534,9999.000,9999.000,9999.000,9999.000,9999.000,9999.000,9999.000,9999.000
202607062024,   2.481,9999.000,9999.000,9999.000,9999.000,9999.000,9999.000,9999.000,9999.000
202607062030,   2.426,9999.000,9999.000,9999.000,9999.000,9999.000,9999.000,9999.000,9999.000
202607062036,   2.371,9999.000,9999.000,9999.000,9999.000,9999.000,9999.000,9999.000,9999.000
202607062042,   2.315,9999.000,9999.000,9999.000,9999.000,9999.000,9999.000,9999.000,9999.000
202607062048,   2.259,9999.000,9999.000,9999.000,9999.000,9999.000,9999.000,9999.000,9999.000
202607062054,   2.202,9999.000,9999.000,9999.000,9999.000,9999.000,9999.000,9999.000,9999.000
202607062100,   2.146,9999.000,   0.700,  -0.502,   2.344,   0.500,   2.144,   0.800,   2.444
202607062106,   2.088,9999.000,9999.000,9999.000,9999.000,9999.000,9999.000,9999.000,9999.000
202607062112,   2.031,9999.000,9999.000,9999.000,9999.000,9999.000,9999.000,9999.000,9999.000
202607062118,   1.974,9999.000,9999.000,9999.000,9999.000,9999.000,9999.000,9999.000,9999.000
202607062124,   1.917,9999.000,9999.000,9999.000,9999.000,9999.000,9999.000,9999.000,9999.000
202607062130,   1.861,9999.000,9999.000,9999.000,9999.000,9999.000,9999.000,9999.000,9999.000
202607062136,   1.805,9999.000,9999.000,9999.000,9999.000,9999.000,9999.000,9999.000,9999.000
202607062142,   1.749,9999.000,9999.000,9999.000,9999.000,9999.000,9999.000,9999.000,9999.000
202607062148,   1.694,9999.000,9999.000,9999.000,9999.000,9999.000,9999.000,9999.000,9999.000
202607062154,   1.640,9999.000,9999.000,9999.000,9999.000,9999.000,9999.000,9999.000,9999.000
202607062200,   1.586,9999.000,   0.700,  -0.584,   1.702,   0.500,   1.502,   0.900,   1.902
202607062206,   1.533,9999.000,9999.000,9999.000,9999.000,9999.000,9999.000,9999.000,9999.000
202607062212,   1.482,9999.000,9999.000,9999.000,9999.000,9999.000,9999.000,9999.000,9999.000
202607062218,   1.432,9999.000,9999.000,9999.000,9999.000,9999.000,9999.000,9999.000,9999.000
202607062224,   1.383,9999.000,9999.000,9999.000,9999.000,9999.000,9999.000,9999.000,9999.000
202607062230,   1.335,9999.000,9999.000,9999.000,9999.000,9999.000,9999.000,9999.000,9999.000
202607062236,   1.289,9999.000,9999.000,9999.000,9999.000,9999.000,9999.000,9999.000,9999.000
202607062242,   1.245,9999.000,9999.000,9999.000,9999.000,9999.000,9999.000,9999.000,9999.000
202607062248,   1.202,9999.000,9999.000,9999.000,9999.000,9999.000,9999.000,9999.000,9999.000
202607062254,   1.162,9999.000,9999.000,9999.000,9999.000,9999.000,9999.000,9999.000,9999.000
202607062300,   1.123,9999.000,   0.700,  -0.540,   1.283,   0.500,   1.083,   0.900,   1.483
202607062306,   1.087,9999.000,9999.000,9999.000,9999.000,9999.000,9999.000,9999.000,9999.000
202607062312,   1.053,9999.000,9999.000,9999.000,9999.000,9999.000,9999.000,9999.000,9999.000
202607062318,   1.021,9999.000,9999.000,9999.000,9999.000,9999.000,9999.000,9999.000,9999.000
202607062324,   0.992,9999.000,9999.000,9999.000,9999.000,9999.000,9999.000,9999.000,9999.000
202607062330,   0.966,9999.000,9999.000,9999.000,9999.000,9999.000,9999.000,9999.000,9999.000
202607062336,   0.942,9999.000,9999.000,9999.000,9999.000,9999.000,9999.000,9999.000,9999.000
202607062342,   0.921,9999.000,9999.000,9999.000,9999.000,9999.000,9999.000,9999.000,9999.000
202607062348,   0.904,9999.000,9999.000,9999.000,9999.000,9999.000,9999.000,9999.000,9999.000
202607062354,   0.890,9999.000,9999.000,9999.000,9999.000,9999.000,9999.000,9999.000,9999.000
202607070000,   0.879,9999.000,   0.700,  -0.419,   1.160,   0.500,   0.960,   0.900,   1.360
202607070006,   0.872,9999.000,9999.000,9999.000,9999.000,9999.000,9999.000,9999.000,9999.000
202607070012,   0.868,9999.000,9999.000,9999.000,9999.000,9999.000,9999.000,9999.000,9999.000
202607070018,   0.868,9999.000,9999.000,9999.000,9999.000,9999.000,9999.000,9999.000,9999.000
202607070024,   0.872,9999.000,9999.000,9999.000,9999.000,9999.000,9999.000,9999.000,9999.000
202607070030,   0.881,9999.000,9999.000,9999.000,9999.000,9999.000,9999.000,9999.000,9999.000
202607070036,   0.893,9999.000,9999.000,9999.000,9999.000,9999.000,9999.000,9999.000,9999.000
202607070042,   0.910,9999.000,9999.000,9999.000,9999.000,9999.000,9999.000,9999.000,9999.000
202607070048,   0.931,9999.000,9999.000,9999.000,9999.000,9999.000,9999.000,9999.000,9999.000
202607070054,   0.957,9999.000,9999.000,9999.000,9999.000,9999.000,9999.000,9999.000,9999.000
202607070100,   0.987,9999.000,   0.700,  -0.310,   1.377,   0.500,   1.177,   0.900,   1.577
202607070106,   1.022,9999.000,9999.000,9999.000,9999.000,9999.000,9999.000,9999.000,9999.000
202607070112,   1.061,9999.000,9999.000,9999.000,9999.000,9999.000,9999.000,9999.000,9999.000
202607070118,   1.105,9999.000,9999.000,9999.000,9999.000,9999.000,9999.000,9999.000,9999.000
202607070124,   1.154,9999.000,9999.000,9999.000,9999.000,9999.000,9999.000,9999.000,9999.000
202607070130,   1.207,9999.000,9999.000,9999.000,9999.000,9999.000,9999.000,9999.000,9999.000
202607070136,   1.264,9999.000,9999.000,9999.000,9999.000,9999.000,9999.000,9999.000,9999.000
202607070142,   1.326,9999.000,9999.000,9999.000,9999.000,9999.000,9999.000,9999.000,9999.000
202607070148,   1.391,9999.000,9999.000,9999.000,9999.000,9999.000,9999.000,9999.000,9999.000
202607070154,   1.460,9999.000,9999.000,9999.000,9999.000,9999.000,9999.000,9999.000,9999.000
202607070200,   1.532,9999.000,   0.700,  -0.214,   2.018,   0.500,   1.818,   1.000,   2.318
202607070206,   1.608,9999.000,9999.000,9999.000,9999.000,9999.000,9999.000,9999.000,9999.000
202607070212,   1.686,9999.000,9999.000,9999.000,9999.000,9999.000,9999.000,9999.000,9999.000
202607070218,   1.766,9999.000,9999.000,9999.000,9999.000,9999.000,9999.000,9999.000,9999.000
202607070224,   1.848,9999.000,9999.000,9999.000,9999.000,9999.000,9999.000,9999.000,9999.000
202607070230,   1.932,9999.000,9999.000,9999.000,9999.000,9999.000,9999.000,9999.000,9999.000
202607070236,   2.016,9999.000,9999.000,9999.000,9999.000,9999.000,9999.000,9999.000,9999.000
202607070242,   2.100,9999.000,9999.000,9999.000,9999.000,9999.000,9999.000,9999.000,9999.000
202607070248,   2.184,9999.000,9999.000,9999.000,9999.000,9999.000,9999.000,9999.000,9999.000
202607070254,   2.268,9999.000,9999.000,9999.000,9999.000,9999.000,9999.000,9999.000,9999.000
202607070300,   2.351,9999.000,   0.700,  -0.075,   2.976,   0.500,   2.776,   1.000,   3.276
202607070306,   2.431,9999.000,9999.000,9999.000,9999.000,9999.000,9999.000,9999.000,9999.000
202607070312,   2.511,9999.000,9999.000,9999.000,9999.000,9999.000,9999.000,9999.000,9999.000
202607070318,   2.587,9999.000,9999.000,9999.000,9999.000,9999.000,9999.000,9999.000,9999.000
202607070324,   2.661,9999.000,9999.000,9999.000,9999.000,9999.000,9999.000,9999.000,9999.000
202607070330,   2.733,9999.000,9999.000,9999.000,9999.000,9999.000,9999.000,9999.000,9999.000
202607070336,   2.801,9999.000,9999.000,9999.000,9999.000,9999.000,9999.000,9999.000,9999.000
202607070342,   2.866,9999.000,9999.000,9999.000,9999.000,9999.000,9999.000,9999.000,9999.000
202607070348,   2.928,9999.000,9999.000,9999.000,9999.000,9999.000,9999.000,9999.000,9999.000
202607070354,   2.986,9999.000,9999.000,9999.000,9999.000,9999.000,9999.000,9999.000,9999.000
202607070400,   3.041,9999.000,   0.700,   0.065,   3.806,   0.500,   3.606,   1.000,   4.106
202607070406,   3.092,9999.000,9999.000,9999.000,9999.000,9999.000,9999.000,9999.000,9999.000
202607070412,   3.140,9999.000,9999.000,9999.000,9999.000,9999.000,9999.000,9999.000,9999.000
202607070418,   3.184,9999.000,9999.000,9999.000,9999.000,9999.000,9999.000,9999.000,9999.000
202607070424,   3.224,9999.000,9999.000,9999.000,9999.000,9999.000,9999.000,9999.000,9999.000
202607070430,   3.262,9999.000,9999.000,9999.000,9999.000,9999.000,9999.000,9999.000,9999.000
202607070436,   3.295,9999.000,9999.000,9999.000,9999.000,9999.000,9999.000,9999.000,9999.000
202607070442,   3.325,9999.000,9999.000,9999.000,9999.000,9999.000,9999.000,9999.000,9999.000
202607070448,   3.352,9999.000,9999.000,9999.000,9999.000,9999.000,9999.000,9999.000,9999.000
202607070454,   3.376,9999.000,9999.000,9999.000,9999.000,9999.000,9999.000,9999.000,9999.000
202607070500,   3.396,9999.000,   0.700,  -0.171,   3.925,   0.500,   3.725,   1.000,   4.225
202607070506,   3.413,9999.000,9999.000,9999.000,9999.000,9999.000,9999.000,9999.000,9999.000
202607070512,   3.427,9999.000,9999.000,9999.000,9999.000,9999.000,9999.000,9999.000,9999.000
202607070518,   3.439,9999.000,9999.000,9999.000,9999.000,9999.000,9999.000,9999.000,9999.000
202607070524,   3.447,9999.000,9999.000,9999.000,9999.000,9999.000,9999.000,9999.000,9999.000
202607070530,   3.452,9999.000,9999.000,9999.000,9999.000,9999.000,9999.000,9999.000,9999.000
202607070536,   3.455,9999.000,9999.000,9999.000,9999.000,9999.000,9999.000,9999.000,9999.000
202607070542,   3.454,9999.000,9999.000,9999.000,9999.000,9999.000,9999.000,9999.000,9999.000
202607070548,   3.451,9999.000,9999.000,9999.000,9999.000,9999.000,9999.000,9999.000,9999.000
202607070554,   3.445,9999.000,9999.000,9999.000,9999.000,9999.000,9999.000,9999.000,9999.000
202607070600,   3.437,9999.000,   0.700,  -0.171,   3.966,   0.400,   3.666,   1.000,   4.266
