        TIME,    TIDE,      OB,   SURGE,    BIAS,     TWL,SURGE90p,  TWL90p,SURGE10p,   TWL10p
202606260000,  -0.262,   0.029,   0.300,  -0.009,   0.029,   0.300,   0.029,   0.300,   0.029
202606260006,  -0.265,9999.000,9999.000,9999.000,9999.000,9999.000,9999.000,9999.000,9999.000
202606260012,  -0.267,   0.039,9999.000,9999.000,9999.000,9999.000,9999.000,9999.000,9999.000
202606260018,  -0.268,9999.000,9999.000,9999.000,9999.000,9999.000,9999.000,9999.000,9999.000
202606260024,  -0.268,   0.078,9999.000,9999.000,9999.000,9999.000,9999.000,9999.000,9999.000
202606260030,  -0.268,9999.000,9999.000,9999.000,9999.000,9999.000,9999.000,9999.000,9999.000
202606260036,  -0.267,   0.121,9999.000,9999.000,9999.000,9999.000,9999.000,9999.000,9999.000
202606260042,  -0.265,9999.000,9999.000,9999.000,9999.000,9999.000,9999.000,9999.000,9999.000
202606260048,  -0.262,   0.111,9999.000,9999.000,9999.000,9999.000,9999.000,9999.000,9999.000
202606260054,  -0.258,9999.000,9999.000,9999.000,9999.000,9999.000,9999.000,9999.000,9999.000
202606260100,  -0.253,   0.141,   0.300,   0.094,   0.141,   0.300,   0.141,   0.300,   0.141
202606260106,  -0.248,   0.141,9999.000,9999.000,9999.000,9999.000,9999.000,9999.000,9999.000
202606260112,  -0.242,   0.141,9999.000,9999.000,9999.000,9999.000,9999.000,9999.000,9999.000
202606260118,  -0.234,   0.160,9999.000,9999.000,9999.000,9999.000,9999.000,9999.000,9999.000
202606260124,  -0.226,   0.200,9999.000,9999.000,9999.000,9999.000,9999.000,9999.000,9999.000
202606260130,  -0.217,   0.229,9999.000,9999.000,9999.000,9999.000,9999.000,9999.000,9999.000
202606260136,  -0.207,   0.229,9999.000,9999.000,9999.000,9999.000,9999.000,9999.000,9999.000
202606260142,  -0.197,   0.209,9999.000,9999.000,9999.000,9999.000,9999.000,9999.000,9999.000
202606260148,  -0.185,   0.219,9999.000,9999.000,9999.000,9999.000,9999.000,9999.000,9999.000
202606260154,  -0.173,   0.229,9999.000,9999.000,9999.000,9999.000,9999.000,9999.000,9999.000
202606260200,  -0.160,   0.259,   0.300,   0.119,   0.259,   0.300,   0.259,   0.300,   0.259
202606260206,  -0.146,   0.268,9999.000,9999.000,9999.000,9999.000,9999.000,9999.000,9999.000
202606260212,  -0.131,   0.278,9999.000,9999.000,9999.000,9999.000,9999.000,9999.000,9999.000
202606260218,  -0.115,   0.278,9999.000,9999.000,9999.000,9999.000,9999.000,9999.000,9999.000
202606260224,  -0.099,   0.298,9999.000,9999.000,9999.000,9999.000,9999.000,9999.000,9999.000
202606260230,  -0.082,   0.331,9999.000,9999.000,9999.000,9999.000,9999.000,9999.000,9999.000
202606260236,  -0.065,   0.350,9999.000,9999.000,9999.000,9999.000,9999.000,9999.000,9999.000
202606260242,  -0.047,   0.350,9999.000,9999.000,9999.000,9999.000,9999.000,9999.000,9999.000
202606260248,  -0.028,   0.380,9999.000,9999.000,9999.000,9999.000,9999.000,9999.000,9999.000
202606260254,  -0.009,   0.400,9999.000,9999.000,9999.000,9999.000,9999.000,9999.000,9999.000
202606260300,   0.010,   0.409,   0.300,   0.099,   0.409,   0.300,   0.409,   0.300,   0.409
202606260306,   0.030,   0.429,9999.000,9999.000,9999.000,9999.000,9999.000,9999.000,9999.000
202606260312,   0.051,   0.439,9999.000,9999.000,9999.000,9999.000,9999.000,9999.000,9999.000
202606260318,   0.072,   0.439,9999.000,9999.000,9999.000,9999.000,9999.000,9999.000,9999.000
202606260324,   0.093,   0.439,9999.000,9999.000,9999.000,9999.000,9999.000,9999.000,9999.000
202606260330,   0.115,   0.449,9999.000,9999.000,9999.000,9999.000,9999.000,9999.000,9999.000
202606260336,   0.137,   0.469,9999.000,9999.000,9999.000,9999.000,9999.000,9999.000,9999.000
202606260342,   0.159,   0.518,9999.000,9999.000,9999.000,9999.000,9999.000,9999.000,9999.000
202606260348,   0.181,   0.551,9999.000,9999.000,9999.000,9999.000,9999.000,9999.000,9999.000
202606260354,   0.203,   0.600,9999.000,9999.000,9999.000,9999.000,9999.000,9999.000,9999.000
202606260400,   0.225,   0.649,   0.300,   0.124,   0.649,   0.300,   0.649,   0.300,   0.649
202606260406,   0.247,   0.678,9999.000,9999.000,9999.000,9999.000,9999.000,9999.000,9999.000
202606260412,   0.270,   0.708,9999.000,9999.000,9999.000,9999.000,9999.000,9999.000,9999.000
202606260418,   0.292,   0.718,9999.000,9999.000,9999.000,9999.000,9999.000,9999.000,9999.000
202606260424,   0.313,   0.751,9999.000,9999.000,9999.000,9999.000,9999.000,9999.000,9999.000
202606260430,   0.335,   0.780,9999.000,9999.000,9999.000,9999.000,9999.000,9999.000,9999.000
202606260436,   0.357,   0.790,9999.000,9999.000,9999.000,9999.000,9999.000,9999.000,9999.000
202606260442,   0.378,   0.770,9999.000,9999.000,9999.000,9999.000,9999.000,9999.000,9999.000
202606260448,   0.399,   0.760,9999.000,9999.000,9999.000,9999.000,9999.000,9999.000,9999.000
202606260454,   0.419,   0.800,9999.000,9999.000,9999.000,9999.000,9999.000,9999.000,9999.000
202606260500,   0.439,   0.839,   0.300,   0.100,   0.839,   0.300,   0.839,   0.300,   0.839
202606260506,   0.459,   0.879,9999.000,9999.000,9999.000,9999.000,9999.000,9999.000,9999.000
202606260512,   0.479,   0.951,9999.000,9999.000,9999.000,9999.000,9999.000,9999.000,9999.000
202606260518,   0.498,   1.010,9999.000,9999.000,9999.000,9999.000,9999.000,9999.000,9999.000
202606260524,   0.516,   1.079,9999.000,9999.000,9999.000,9999.000,9999.000,9999.000,9999.000
202606260530,   0.534,   0.908,9999.000,9999.000,9999.000,9999.000,9999.000,9999.000,9999.000
202606260536,   0.552,   0.980,9999.000,9999.000,9999.000,9999.000,9999.000,9999.000,9999.000
202606260542,   0.569,   0.941,9999.000,9999.000,9999.000,9999.000,9999.000,9999.000,9999.000
202606260548,   0.585,   0.879,9999.000,9999.000,9999.000,9999.000,9999.000,9999.000,9999.000
202606260554,   0.601,   1.000,9999.000,9999.000,9999.000,9999.000,9999.000,9999.000,9999.000
202606260600,   0.617,   1.088,   0.300,   0.171,   1.088,   0.300,   1.088,   0.300,   1.088
202606260606,   0.632,   1.108,9999.000,9999.000,9999.000,9999.000,9999.000,9999.000,9999.000
202606260612,   0.647,   1.088,9999.000,9999.000,9999.000,9999.000,9999.000,9999.000,9999.000
202606260618,   0.661,   1.108,9999.000,9999.000,9999.000,9999.000,9999.000,9999.000,9999.000
202606260624,   0.674,   1.151,9999.000,9999.000,9999.000,9999.000,9999.000,9999.000,9999.000
202606260630,   0.688,   1.161,9999.000,9999.000,9999.000,9999.000,9999.000,9999.000,9999.000
202606260636,   0.700,   1.108,9999.000,9999.000,9999.000,9999.000,9999.000,9999.000,9999.000
202606260642,   0.712,   1.128,9999.000,9999.000,9999.000,9999.000,9999.000,9999.000,9999.000
202606260648,   0.724,   1.118,9999.000,9999.000,9999.000,9999.000,9999.000,9999.000,9999.000
202606260654,   0.736,   1.118,9999.000,9999.000,9999.000,9999.000,9999.000,9999.000,9999.000
202606260700,   0.747,   1.138,   0.300,   0.091,   1.138,   0.300,   1.138,   0.300,   1.138
202606260706,   0.757,   1.010,9999.000,9999.000,9999.000,9999.000,9999.000,9999.000,9999.000
202606260712,   0.767,   1.151,9999.000,9999.000,9999.000,9999.000,9999.000,9999.000,9999.000
202606260718,   0.777,   1.108,9999.000,9999.000,9999.000,9999.000,9999.000,9999.000,9999.000
202606260724,   0.787,   1.079,9999.000,9999.000,9999.000,9999.000,9999.000,9999.000,9999.000
202606260730,   0.796,   1.069,9999.000,9999.000,9999.000,9999.000,9999.000,9999.000,9999.000
202606260736,   0.805,   1.088,9999.000,9999.000,9999.000,9999.000,9999.000,9999.000,9999.000
202606260742,   0.814,   1.079,9999.000,9999.000,9999.000,9999.000,9999.000,9999.000,9999.000
202606260748,   0.822,   1.118,9999.000,9999.000,9999.000,9999.000,9999.000,9999.000,9999.000
202606260754,   0.830,   1.161,9999.000,9999.000,9999.000,9999.000,9999.000,9999.000,9999.000
202606260800,   0.838,   1.161,   0.300,   0.023,   1.161,   0.300,   1.161,   0.300,   1.161
202606260806,   0.846,   1.220,9999.000,9999.000,9999.000,9999.000,9999.000,9999.000,9999.000
202606260812,   0.853,   1.259,9999.000,9999.000,9999.000,9999.000,9999.000,9999.000,9999.000
202606260818,   0.860,   1.229,9999.000,9999.000,9999.000,9999.000,9999.000,9999.000,9999.000
202606260824,   0.868,   1.210,9999.000,9999.000,9999.000,9999.000,9999.000,9999.000,9999.000
202606260830,   0.874,   1.180,9999.000,9999.000,9999.000,9999.000,9999.000,9999.000,9999.000
202606260836,   0.881,   1.138,9999.000,9999.000,9999.000,9999.000,9999.000,9999.000,9999.000
202606260842,   0.888,   1.108,9999.000,9999.000,9999.000,9999.000,9999.000,9999.000,9999.000
202606260848,   0.894,   1.098,9999.000,9999.000,9999.000,9999.000,9999.000,9999.000,9999.000
202606260854,   0.900,   1.138,9999.000,9999.000,9999.000,9999.000,9999.000,9999.000,9999.000
202606260900,   0.906,   1.151,   0.300,  -0.055,   1.151,   0.300,   1.151,   0.300,   1.151
202606260906,   0.912,   1.180,9999.000,9999.000,9999.000,9999.000,9999.000,9999.000,9999.000
202606260912,   0.917,   1.210,9999.000,9999.000,9999.000,9999.000,9999.000,9999.000,9999.000
202606260918,   0.923,   1.239,9999.000,9999.000,9999.000,9999.000,9999.000,9999.000,9999.000
202606260924,   0.928,   1.239,9999.000,9999.000,9999.000,9999.000,9999.000,9999.000,9999.000
202606260930,   0.933,   1.259,9999.000,9999.000,9999.000,9999.000,9999.000,9999.000,9999.000
202606260936,   0.938,   1.200,9999.000,9999.000,9999.000,9999.000,9999.000,9999.000,9999.000
202606260942,   0.943,   1.170,9999.000,9999.000,9999.000,9999.000,9999.000,9999.000,9999.000
202606260948,   0.947,   1.180,9999.000,9999.000,9999.000,9999.000,9999.000,9999.000,9999.000
202606260954,   0.951,   1.180,9999.000,9999.000,9999.000,9999.000,9999.000,9999.000,9999.000
202606261000,   0.955,   1.190,   0.300,  -0.065,   1.190,   0.300,   1.190,   0.300,   1.190
202606261006,   0.959,   1.220,9999.000,9999.000,9999.000,9999.000,9999.000,9999.000,9999.000
202606261012,   0.962,   1.239,9999.000,9999.000,9999.000,9999.000,9999.000,9999.000,9999.000
202606261018,   0.966,   1.259,9999.000,9999.000,9999.000,9999.000,9999.000,9999.000,9999.000
202606261024,   0.969,   1.279,9999.000,9999.000,9999.000,9999.000,9999.000,9999.000,9999.000
202606261030,   0.971,   1.279,9999.000,9999.000,9999.000,9999.000,9999.000,9999.000,9999.000
202606261036,   0.974,   1.259,9999.000,9999.000,9999.000,9999.000,9999.000,9999.000,9999.000
202606261042,   0.976,   1.239,9999.000,9999.000,9999.000,9999.000,9999.000,9999.000,9999.000
202606261048,   0.978,   1.249,9999.000,9999.000,9999.000,9999.000,9999.000,9999.000,9999.000
202606261054,   0.979,   1.289,9999.000,9999.000,9999.000,9999.000,9999.000,9999.000,9999.000
202606261100,   0.980,   1.318,   0.300,   0.038,   1.318,   0.300,   1.318,   0.300,   1.318
202606261106,   0.981,   1.348,9999.000,9999.000,9999.000,9999.000,9999.000,9999.000,9999.000
202606261112,   0.982,   1.348,9999.000,9999.000,9999.000,9999.000,9999.000,9999.000,9999.000
202606261118,   0.982,   1.328,9999.000,9999.000,9999.000,9999.000,9999.000,9999.000,9999.000
202606261124,   0.982,   1.318,9999.000,9999.000,9999.000,9999.000,9999.000,9999.000,9999.000
202606261130,   0.982,   1.308,9999.000,9999.000,9999.000,9999.000,9999.000,9999.000,9999.000
202606261136,   0.982,   1.308,9999.000,9999.000,9999.000,9999.000,9999.000,9999.000,9999.000
202606261142,   0.981,   1.318,9999.000,9999.000,9999.000,9999.000,9999.000,9999.000,9999.000
202606261148,   0.980,   1.338,9999.000,9999.000,9999.000,9999.000,9999.000,9999.000,9999.000
202606261154,   0.979,   1.361,9999.000,9999.000,9999.000,9999.000,9999.000,9999.000,9999.000
202606261200,   0.977,   1.380,   0.300,   0.103,   1.380,   0.300,   1.380,   0.300,   1.380
202606261206,   0.975,   1.390,9999.000,9999.000,9999.000,9999.000,9999.000,9999.000,9999.000
202606261212,   0.973,   1.390,9999.000,9999.000,9999.000,9999.000,9999.000,9999.000,9999.000
202606261218,   0.971,   1.390,9999.000,9999.000,9999.000,9999.000,9999.000,9999.000,9999.000
202606261224,   0.969,   1.390,9999.000,9999.000,9999.000,9999.000,9999.000,9999.000,9999.000
202606261230,   0.966,   1.371,9999.000,9999.000,9999.000,9999.000,9999.000,9999.000,9999.000
202606261236,   0.963,   1.348,9999.000,9999.000,9999.000,9999.000,9999.000,9999.000,9999.000
202606261242,   0.960,   1.318,9999.000,9999.000,9999.000,9999.000,9999.000,9999.000,9999.000
202606261248,   0.957,   1.289,9999.000,9999.000,9999.000,9999.000,9999.000,9999.000,9999.000
202606261254,   0.954,   1.318,9999.000,9999.000,9999.000,9999.000,9999.000,9999.000,9999.000
202606261300,   0.951,   1.318,   0.300,   0.067,   1.318,   0.300,   1.318,   0.300,   1.318
202606261306,   0.948,   1.479,9999.000,9999.000,9999.000,9999.000,9999.000,9999.000,9999.000
202606261312,   0.945,   1.229,9999.000,9999.000,9999.000,9999.000,9999.000,9999.000,9999.000
202606261318,   0.941,   0.531,9999.000,9999.000,9999.000,9999.000,9999.000,9999.000,9999.000
202606261324,   0.938,   1.338,9999.000,9999.000,9999.000,9999.000,9999.000,9999.000,9999.000
202606261330,   0.935,   0.898,9999.000,9999.000,9999.000,9999.000,9999.000,9999.000,9999.000
202606261336,   0.931,   1.318,9999.000,9999.000,9999.000,9999.000,9999.000,9999.000,9999.000
202606261342,   0.928,   1.361,9999.000,9999.000,9999.000,9999.000,9999.000,9999.000,9999.000
202606261348,   0.925,   1.318,9999.000,9999.000,9999.000,9999.000,9999.000,9999.000,9999.000
202606261354,   0.921,   1.298,9999.000,9999.000,9999.000,9999.000,9999.000,9999.000,9999.000
202606261400,   0.918,   1.279,   0.300,   0.061,   1.279,   0.300,   1.279,   0.300,   1.279
202606261406,   0.915,   1.220,9999.000,9999.000,9999.000,9999.000,9999.000,9999.000,9999.000
202606261412,   0.912,   1.298,9999.000,9999.000,9999.000,9999.000,9999.000,9999.000,9999.000
202606261418,   0.909,   1.289,9999.000,9999.000,9999.000,9999.000,9999.000,9999.000,9999.000
202606261424,   0.906,   1.279,9999.000,9999.000,9999.000,9999.000,9999.000,9999.000,9999.000
202606261430,   0.903,   1.298,9999.000,9999.000,9999.000,9999.000,9999.000,9999.000,9999.000
202606261436,   0.900,   1.239,9999.000,9999.000,9999.000,9999.000,9999.000,9999.000,9999.000
202606261442,   0.897,   1.289,9999.000,9999.000,9999.000,9999.000,9999.000,9999.000,9999.000
202606261448,   0.894,   1.410,9999.000,9999.000,9999.000,9999.000,9999.000,9999.000,9999.000
202606261454,   0.891,   1.239,9999.000,9999.000,9999.000,9999.000,9999.000,9999.000,9999.000
202606261500,   0.888,   1.239,   0.300,   0.051,   1.239,   0.300,   1.239,   0.300,   1.239
202606261506,   0.886,   1.289,9999.000,9999.000,9999.000,9999.000,9999.000,9999.000,9999.000
202606261512,   0.883,   1.200,9999.000,9999.000,9999.000,9999.000,9999.000,9999.000,9999.000
202606261518,   0.880,   1.229,9999.000,9999.000,9999.000,9999.000,9999.000,9999.000,9999.000
202606261524,   0.877,   1.298,9999.000,9999.000,9999.000,9999.000,9999.000,9999.000,9999.000
202606261530,   0.874,   1.298,9999.000,9999.000,9999.000,9999.000,9999.000,9999.000,9999.000
202606261536,   0.871,   1.289,9999.000,9999.000,9999.000,9999.000,9999.000,9999.000,9999.000
202606261542,   0.867,   1.259,9999.000,9999.000,9999.000,9999.000,9999.000,9999.000,9999.000
202606261548,   0.864,   1.269,9999.000,9999.000,9999.000,9999.000,9999.000,9999.000,9999.000
202606261554,   0.860,   1.239,9999.000,9999.000,9999.000,9999.000,9999.000,9999.000,9999.000
202606261600,   0.856,   1.229,   0.300,   0.073,   1.229,   0.300,   1.229,   0.300,   1.229
202606261606,   0.852,   1.249,9999.000,9999.000,9999.000,9999.000,9999.000,9999.000,9999.000
202606261612,   0.848,   1.229,9999.000,9999.000,9999.000,9999.000,9999.000,9999.000,9999.000
202606261618,   0.844,   1.220,9999.000,9999.000,9999.000,9999.000,9999.000,9999.000,9999.000
202606261624,   0.839,   1.269,9999.000,9999.000,9999.000,9999.000,9999.000,9999.000,9999.000
202606261630,   0.834,   1.298,9999.000,9999.000,9999.000,9999.000,9999.000,9999.000,9999.000
202606261636,   0.828,   1.289,9999.000,9999.000,9999.000,9999.000,9999.000,9999.000,9999.000
202606261642,   0.822,   1.380,9999.000,9999.000,9999.000,9999.000,9999.000,9999.000,9999.000
202606261648,   0.816,   0.970,9999.000,9999.000,9999.000,9999.000,9999.000,9999.000,9999.000
202606261654,   0.809,   0.678,9999.000,9999.000,9999.000,9999.000,9999.000,9999.000,9999.000
202606261700,   0.802,   1.190,   0.300,   0.088,   1.190,   0.300,   1.190,   0.300,   1.190
202606261706,   0.794,   1.161,9999.000,9999.000,9999.000,9999.000,9999.000,9999.000,9999.000
202606261712,   0.786,   1.108,9999.000,9999.000,9999.000,9999.000,9999.000,9999.000,9999.000
202606261718,   0.777,   1.151,9999.000,9999.000,9999.000,9999.000,9999.000,9999.000,9999.000
202606261724,   0.768,   1.108,9999.000,9999.000,9999.000,9999.000,9999.000,9999.000,9999.000
202606261730,   0.759,   1.069,9999.000,9999.000,9999.000,9999.000,9999.000,9999.000,9999.000
202606261736,   0.748,   1.088,9999.000,9999.000,9999.000,9999.000,9999.000,9999.000,9999.000
202606261742,   0.738,   1.029,9999.000,9999.000,9999.000,9999.000,9999.000,9999.000,9999.000
202606261748,   0.727,   1.049,9999.000,9999.000,9999.000,9999.000,9999.000,9999.000,9999.000
202606261754,   0.715,   0.990,9999.000,9999.000,9999.000,9999.000,9999.000,9999.000,9999.000
202606261800,   0.702,   0.980,   0.300,  -0.022,   0.980,   0.200,   0.880,   0.300,   0.980
202606261806,   0.690,   0.928,9999.000,9999.000,9999.000,9999.000,9999.000,9999.000,9999.000
202606261812,   0.676,   0.941,9999.000,9999.000,9999.000,9999.000,9999.000,9999.000,9999.000
202606261818,   0.662,   0.970,9999.000,9999.000,9999.000,9999.000,9999.000,9999.000,9999.000
202606261824,   0.648,   0.990,9999.000,9999.000,9999.000,9999.000,9999.000,9999.000,9999.000
202606261830,   0.633,   0.990,9999.000,9999.000,9999.000,9999.000,9999.000,9999.000,9999.000
202606261836,   0.618,   1.010,9999.000,9999.000,9999.000,9999.000,9999.000,9999.000,9999.000
202606261842,   0.602,   0.918,9999.000,9999.000,9999.000,9999.000,9999.000,9999.000,9999.000
202606261848,   0.585,   0.941,9999.000,9999.000,9999.000,9999.000,9999.000,9999.000,9999.000
202606261854,   0.568,   0.918,9999.000,9999.000,9999.000,9999.000,9999.000,9999.000,9999.000
202606261900,   0.551,   0.908,   0.300,   0.057,   0.908,   0.200,   0.808,   0.300,   0.908
202606261906,   0.534,   0.849,9999.000,9999.000,9999.000,9999.000,9999.000,9999.000,9999.000
202606261912,   0.515,   0.839,9999.000,9999.000,9999.000,9999.000,9999.000,9999.000,9999.000
202606261918,   0.497,   0.829,9999.000,9999.000,9999.000,9999.000,9999.000,9999.000,9999.000
202606261924,   0.478,   0.790,9999.000,9999.000,9999.000,9999.000,9999.000,9999.000,9999.000
202606261930,   0.459,   0.780,9999.000,9999.000,9999.000,9999.000,9999.000,9999.000,9999.000
202606261936,   0.440,   0.751,9999.000,9999.000,9999.000,9999.000,9999.000,9999.000,9999.000
202606261942,   0.420,   0.751,9999.000,9999.000,9999.000,9999.000,9999.000,9999.000,9999.000
202606261948,   0.401,   0.649,9999.000,9999.000,9999.000,9999.000,9999.000,9999.000,9999.000
202606261954,   0.381,   0.619,9999.000,9999.000,9999.000,9999.000,9999.000,9999.000,9999.000
202606262000,   0.360,   0.619,   0.300,  -0.041,   0.619,   0.300,   0.619,   0.300,   0.619
202606262006,   0.340,   0.590,9999.000,9999.000,9999.000,9999.000,9999.000,9999.000,9999.000
202606262012,   0.320,   0.508,9999.000,9999.000,9999.000,9999.000,9999.000,9999.000,9999.000
202606262018,   0.299,   0.518,9999.000,9999.000,9999.000,9999.000,9999.000,9999.000,9999.000
202606262024,   0.279,   0.478,9999.000,9999.000,9999.000,9999.000,9999.000,9999.000,9999.000
202606262030,   0.258,   0.459,9999.000,9999.000,9999.000,9999.000,9999.000,9999.000,9999.000
202606262036,   0.237,   0.469,9999.000,9999.000,9999.000,9999.000,9999.000,9999.000,9999.000
202606262042,   0.217,   0.449,9999.000,9999.000,9999.000,9999.000,9999.000,9999.000,9999.000
202606262048,   0.196,   0.439,9999.000,9999.000,9999.000,9999.000,9999.000,9999.000,9999.000
202606262054,   0.176,   0.439,9999.000,9999.000,9999.000,9999.000,9999.000,9999.000,9999.000
202606262100,   0.156,   0.429,   0.300,  -0.027,   0.429,   0.300,   0.429,   0.300,   0.429
202606262106,   0.135,   0.429,9999.000,9999.000,9999.000,9999.000,9999.000,9999.000,9999.000
202606262112,   0.115,   0.419,9999.000,9999.000,9999.000,9999.000,9999.000,9999.000,9999.000
202606262118,   0.095,   0.409,9999.000,9999.000,9999.000,9999.000,9999.000,9999.000,9999.000
202606262124,   0.076,   0.400,9999.000,9999.000,9999.000,9999.000,9999.000,9999.000,9999.000
202606262130,   0.056,   0.370,9999.000,9999.000,9999.000,9999.000,9999.000,9999.000,9999.000
202606262136,   0.037,   0.350,9999.000,9999.000,9999.000,9999.000,9999.000,9999.000,9999.000
202606262142,   0.018,   0.341,9999.000,9999.000,9999.000,9999.000,9999.000,9999.000,9999.000
202606262148,   0.000,   0.321,9999.000,9999.000,9999.000,9999.000,9999.000,9999.000,9999.000
202606262154,  -0.018,   0.331,9999.000,9999.000,9999.000,9999.000,9999.000,9999.000,9999.000
202606262200,  -0.036,   0.341,   0.300,   0.077,   0.341,   0.300,   0.341,   0.300,   0.341
202606262206,  -0.053,   0.321,9999.000,9999.000,9999.000,9999.000,9999.000,9999.000,9999.000
202606262212,  -0.071,   0.288,9999.000,9999.000,9999.000,9999.000,9999.000,9999.000,9999.000
202606262218,  -0.088,   0.278,9999.000,9999.000,9999.000,9999.000,9999.000,9999.000,9999.000
202606262224,  -0.104,   0.249,9999.000,9999.000,9999.000,9999.000,9999.000,9999.000,9999.000
202606262230,  -0.120,   0.200,9999.000,9999.000,9999.000,9999.000,9999.000,9999.000,9999.000
202606262236,  -0.136,   0.180,9999.000,9999.000,9999.000,9999.000,9999.000,9999.000,9999.000
202606262242,  -0.151,   0.170,9999.000,9999.000,9999.000,9999.000,9999.000,9999.000,9999.000
202606262248,  -0.166,   0.160,9999.000,9999.000,9999.000,9999.000,9999.000,9999.000,9999.000
202606262254,  -0.180,   0.141,9999.000,9999.000,9999.000,9999.000,9999.000,9999.000,9999.000
202606262300,  -0.194,   0.098,   0.300,  -0.008,   0.098,   0.300,   0.098,   0.300,   0.098
202606262306,  -0.207,   0.078,9999.000,9999.000,9999.000,9999.000,9999.000,9999.000,9999.000
202606262312,  -0.219,   0.039,9999.000,9999.000,9999.000,9999.000,9999.000,9999.000,9999.000
202606262318,  -0.231,   0.019,9999.000,9999.000,9999.000,9999.000,9999.000,9999.000,9999.000
202606262324,  -0.243,   0.019,9999.000,9999.000,9999.000,9999.000,9999.000,9999.000,9999.000
202606262330,  -0.254,   0.009,9999.000,9999.000,9999.000,9999.000,9999.000,9999.000,9999.000
202606262336,  -0.264,  -0.019,9999.000,9999.000,9999.000,9999.000,9999.000,9999.000,9999.000
202606262342,  -0.273,  -0.019,9999.000,9999.000,9999.000,9999.000,9999.000,9999.000,9999.000
202606262348,  -0.282,   0.000,9999.000,9999.000,9999.000,9999.000,9999.000,9999.000,9999.000
202606262354,  -0.290,   0.000,9999.000,9999.000,9999.000,9999.000,9999.000,9999.000,9999.000
202606270000,  -0.298,  -0.009,   0.300,  -0.011,  -0.009,   0.300,  -0.009,   0.300,  -0.009
202606270006,  -0.305,  -0.009,9999.000,9999.000,9999.000,9999.000,9999.000,9999.000,9999.000
202606270012,  -0.311,  -0.019,9999.000,9999.000,9999.000,9999.000,9999.000,9999.000,9999.000
202606270018,  -0.316,  -0.039,9999.000,9999.000,9999.000,9999.000,9999.000,9999.000,9999.000
202606270024,  -0.321,   0.000,9999.000,9999.000,9999.000,9999.000,9999.000,9999.000,9999.000
202606270030,  -0.324,   0.029,9999.000,9999.000,9999.000,9999.000,9999.000,9999.000,9999.000
202606270036,  -0.327,  -0.049,9999.000,9999.000,9999.000,9999.000,9999.000,9999.000,9999.000
202606270042,  -0.329,   0.009,9999.000,9999.000,9999.000,9999.000,9999.000,9999.000,9999.000
202606270048,  -0.331,  -0.370,9999.000,9999.000,9999.000,9999.000,9999.000,9999.000,9999.000
202606270054,  -0.331,  -0.190,9999.000,9999.000,9999.000,9999.000,9999.000,9999.000,9999.000
202606270100,  -0.331,  -0.029,   0.300,   0.002,  -0.029,   0.300,  -0.029,   0.300,  -0.029
202606270106,  -0.329,   0.088,9999.000,9999.000,9999.000,9999.000,9999.000,9999.000,9999.000
202606270112,  -0.327,   0.049,9999.000,9999.000,9999.000,9999.000,9999.000,9999.000,9999.000
202606270118,  -0.324,   0.029,9999.000,9999.000,9999.000,9999.000,9999.000,9999.000,9999.000
202606270124,  -0.320,   0.029,9999.000,9999.000,9999.000,9999.000,9999.000,9999.000,9999.000
202606270130,  -0.315,   0.049,9999.000,9999.000,9999.000,9999.000,9999.000,9999.000,9999.000
202606270136,  -0.310,   0.009,9999.000,9999.000,9999.000,9999.000,9999.000,9999.000,9999.000
202606270142,  -0.303,   0.068,9999.000,9999.000,9999.000,9999.000,9999.000,9999.000,9999.000
202606270148,  -0.295,   0.049,9999.000,9999.000,9999.000,9999.000,9999.000,9999.000,9999.000
202606270154,  -0.287,   0.088,9999.000,9999.000,9999.000,9999.000,9999.000,9999.000,9999.000
202606270200,  -0.278,   0.088,   0.300,   0.066,   0.088,   0.300,   0.088,   0.300,   0.088
202606270206,  -0.267,   0.068,9999.000,9999.000,9999.000,9999.000,9999.000,9999.000,9999.000
202606270212,  -0.256,   0.059,9999.000,9999.000,9999.000,9999.000,9999.000,9999.000,9999.000
202606270218,  -0.244,   0.059,9999.000,9999.000,9999.000,9999.000,9999.000,9999.000,9999.000
202606270224,  -0.232,   0.078,9999.000,9999.000,9999.000,9999.000,9999.000,9999.000,9999.000
202606270230,  -0.218,   0.098,9999.000,9999.000,9999.000,9999.000,9999.000,9999.000,9999.000
202606270236,  -0.204,   0.121,9999.000,9999.000,9999.000,9999.000,9999.000,9999.000,9999.000
202606270242,  -0.189,   0.141,9999.000,9999.000,9999.000,9999.000,9999.000,9999.000,9999.000
202606270248,  -0.173,   0.170,9999.000,9999.000,9999.000,9999.000,9999.000,9999.000,9999.000
202606270254,  -0.156,   0.209,9999.000,9999.000,9999.000,9999.000,9999.000,9999.000,9999.000
202606270300,  -0.139,   0.229,   0.300,   0.068,   0.229,   0.300,   0.229,   0.300,   0.229
202606270306,  -0.121,   0.249,9999.000,9999.000,9999.000,9999.000,9999.000,9999.000,9999.000
202606270312,  -0.102,   0.259,9999.000,9999.000,9999.000,9999.000,9999.000,9999.000,9999.000
202606270318,  -0.083,   0.278,9999.000,9999.000,9999.000,9999.000,9999.000,9999.000,9999.000
202606270324,  -0.063,   0.259,9999.000,9999.000,9999.000,9999.000,9999.000,9999.000,9999.000
202606270330,  -0.043,   0.239,9999.000,9999.000,9999.000,9999.000,9999.000,9999.000,9999.000
202606270336,  -0.022,   0.209,9999.000,9999.000,9999.000,9999.000,9999.000,9999.000,9999.000
202606270342,  -0.001,   0.229,9999.000,9999.000,9999.000,9999.000,9999.000,9999.000,9999.000
202606270348,   0.019,   0.268,9999.000,9999.000,9999.000,9999.000,9999.000,9999.000,9999.000
202606270354,   0.041,   0.331,9999.000,9999.000,9999.000,9999.000,9999.000,9999.000,9999.000
202606270400,   0.063,   0.380,   0.300,   0.017,   0.380,   0.300,   0.380,   0.300,   0.380
202606270406,   0.086,   0.400,9999.000,9999.000,9999.000,9999.000,9999.000,9999.000,9999.000
202606270412,   0.108,   0.449,9999.000,9999.000,9999.000,9999.000,9999.000,9999.000,9999.000
202606270418,   0.131,   0.478,9999.000,9999.000,9999.000,9999.000,9999.000,9999.000,9999.000
202606270424,   0.154,   0.498,9999.000,9999.000,9999.000,9999.000,9999.000,9999.000,9999.000
202606270430,   0.177,   0.518,9999.000,9999.000,9999.000,9999.000,9999.000,9999.000,9999.000
202606270436,   0.200,   0.551,9999.000,9999.000,9999.000,9999.000,9999.000,9999.000,9999.000
202606270442,   0.223,   0.570,9999.000,9999.000,9999.000,9999.000,9999.000,9999.000,9999.000
202606270448,   0.246,   0.610,9999.000,9999.000,9999.000,9999.000,9999.000,9999.000,9999.000
202606270454,   0.269,   0.629,9999.000,9999.000,9999.000,9999.000,9999.000,9999.000,9999.000
202606270500,   0.291,   0.669,   0.300,   0.078,   0.669,   0.300,   0.669,   0.300,   0.669
202606270506,   0.314,   0.810,9999.000,9999.000,9999.000,9999.000,9999.000,9999.000,9999.000
202606270512,   0.336,   0.639,9999.000,9999.000,9999.000,9999.000,9999.000,9999.000,9999.000
202606270518,   0.358,   0.819,9999.000,9999.000,9999.000,9999.000,9999.000,9999.000,9999.000
202606270524,   0.380,   0.888,9999.000,9999.000,9999.000,9999.000,9999.000,9999.000,9999.000
202606270530,   0.402,   0.928,9999.000,9999.000,9999.000,9999.000,9999.000,9999.000,9999.000
202606270536,   0.423,   0.459,9999.000,9999.000,9999.000,9999.000,9999.000,9999.000,9999.000
202606270542,   0.444,   0.810,9999.000,9999.000,9999.000,9999.000,9999.000,9999.000,9999.000
202606270548,   0.464,   0.908,9999.000,9999.000,9999.000,9999.000,9999.000,9999.000,9999.000
202606270554,   0.484,   0.869,9999.000,9999.000,9999.000,9999.000,9999.000,9999.000,9999.000
202606270600,   0.503,   0.908,   0.300,   0.105,   0.908,   0.300,   0.908,   0.300,   0.908
202606270606,   0.522,   0.888,9999.000,9999.000,9999.000,9999.000,9999.000,9999.000,9999.000
202606270612,   0.541,   0.898,9999.000,9999.000,9999.000,9999.000,9999.000,9999.000,9999.000
202606270618,   0.559,   0.879,9999.000,9999.000,9999.000,9999.000,9999.000,9999.000,9999.000
202606270624,   0.577,   0.879,9999.000,9999.000,9999.000,9999.000,9999.000,9999.000,9999.000
202606270630,   0.594,   0.941,9999.000,9999.000,9999.000,9999.000,9999.000,9999.000,9999.000
202606270636,   0.611,   0.888,9999.000,9999.000,9999.000,9999.000,9999.000,9999.000,9999.000
202606270642,   0.627,   0.918,9999.000,9999.000,9999.000,9999.000,9999.000,9999.000,9999.000
202606270648,   0.643,   0.908,9999.000,9999.000,9999.000,9999.000,9999.000,9999.000,9999.000
202606270654,   0.658,   0.928,9999.000,9999.000,9999.000,9999.000,9999.000,9999.000,9999.000
202606270700,   0.672,   0.951,   0.300,  -0.021,   0.951,   0.300,   0.951,   0.300,   0.951
202606270706,   0.687,   0.980,9999.000,9999.000,9999.000,9999.000,9999.000,9999.000,9999.000
202606270712,   0.700,   1.000,9999.000,9999.000,9999.000,9999.000,9999.000,9999.000,9999.000
202606270718,   0.714,   1.000,9999.000,9999.000,9999.000,9999.000,9999.000,9999.000,9999.000
202606270724,   0.726,   1.020,9999.000,9999.000,9999.000,9999.000,9999.000,9999.000,9999.000
202606270730,   0.739,   1.020,9999.000,9999.000,9999.000,9999.000,9999.000,9999.000,9999.000
202606270736,   0.751,   1.029,9999.000,9999.000,9999.000,9999.000,9999.000,9999.000,9999.000
202606270742,   0.762,   1.010,9999.000,9999.000,9999.000,9999.000,9999.000,9999.000,9999.000
202606270748,   0.773,   1.010,9999.000,9999.000,9999.000,9999.000,9999.000,9999.000,9999.000
202606270754,   0.784,   0.990,9999.000,9999.000,9999.000,9999.000,9999.000,9999.000,9999.000
202606270800,   0.794,   0.990,   0.300,  -0.104,   0.990,   0.300,   0.990,   0.300,   0.990
202606270806,   0.804,   1.000,9999.000,9999.000,9999.000,9999.000,9999.000,9999.000,9999.000
202606270812,   0.814,   1.020,9999.000,9999.000,9999.000,9999.000,9999.000,9999.000,9999.000
202606270818,   0.823,   1.069,9999.000,9999.000,9999.000,9999.000,9999.000,9999.000,9999.000
202606270824,   0.832,   1.088,9999.000,9999.000,9999.000,9999.000,9999.000,9999.000,9999.000
202606270830,   0.840,   1.108,9999.000,9999.000,9999.000,9999.000,9999.000,9999.000,9999.000
202606270836,   0.848,   1.138,9999.000,9999.000,9999.000,9999.000,9999.000,9999.000,9999.000
202606270842,   0.856,   1.170,9999.000,9999.000,9999.000,9999.000,9999.000,9999.000,9999.000
202606270848,   0.864,   1.180,9999.000,9999.000,9999.000,9999.000,9999.000,9999.000,9999.000
202606270854,   0.872,   1.180,9999.000,9999.000,9999.000,9999.000,9999.000,9999.000,9999.000
202606270900,   0.879,   1.151,   0.300,  -0.028,   1.151,   0.300,   1.151,   0.300,   1.151
202606270906,   0.886,   1.161,9999.000,9999.000,9999.000,9999.000,9999.000,9999.000,9999.000
202606270912,   0.892,   1.161,9999.000,9999.000,9999.000,9999.000,9999.000,9999.000,9999.000
202606270918,   0.899,   1.200,9999.000,9999.000,9999.000,9999.000,9999.000,9999.000,9999.000
202606270924,   0.905,   1.200,9999.000,9999.000,9999.000,9999.000,9999.000,9999.000,9999.000
202606270930,   0.911,   1.210,9999.000,9999.000,9999.000,9999.000,9999.000,9999.000,9999.000
202606270936,   0.917,   1.210,9999.000,9999.000,9999.000,9999.000,9999.000,9999.000,9999.000
202606270942,   0.923,   1.210,9999.000,9999.000,9999.000,9999.000,9999.000,9999.000,9999.000
202606270948,   0.928,   1.220,9999.000,9999.000,9999.000,9999.000,9999.000,9999.000,9999.000
202606270954,   0.934,   1.249,9999.000,9999.000,9999.000,9999.000,9999.000,9999.000,9999.000
202606271000,   0.939,   1.249,   0.300,   0.010,   1.249,   0.300,   1.249,   0.300,   1.249
202606271006,   0.944,   1.239,9999.000,9999.000,9999.000,9999.000,9999.000,9999.000,9999.000
202606271012,   0.948,   1.239,9999.000,9999.000,9999.000,9999.000,9999.000,9999.000,9999.000
202606271018,   0.953,   1.220,9999.000,9999.000,9999.000,9999.000,9999.000,9999.000,9999.000
202606271024,   0.957,   1.220,9999.000,9999.000,9999.000,9999.000,9999.000,9999.000,9999.000
202606271030,   0.961,   1.210,9999.000,9999.000,9999.000,9999.000,9999.000,9999.000,9999.000
202606271036,   0.965,   1.180,9999.000,9999.000,9999.000,9999.000,9999.000,9999.000,9999.000
202606271042,   0.968,   1.161,9999.000,9999.000,9999.000,9999.000,9999.000,9999.000,9999.000
202606271048,   0.972,   1.151,9999.000,9999.000,9999.000,9999.000,9999.000,9999.000,9999.000
202606271054,   0.975,   1.170,9999.000,9999.000,9999.000,9999.000,9999.000,9999.000,9999.000
202606271100,   0.978,   1.190,   0.300,  -0.088,   1.190,   0.300,   1.190,   0.300,   1.190
202606271106,   0.981,   1.200,9999.000,9999.000,9999.000,9999.000,9999.000,9999.000,9999.000
202606271112,   0.983,   1.229,9999.000,9999.000,9999.000,9999.000,9999.000,9999.000,9999.000
202606271118,   0.985,   1.259,9999.000,9999.000,9999.000,9999.000,9999.000,9999.000,9999.000
202606271124,   0.988,   1.289,9999.000,9999.000,9999.000,9999.000,9999.000,9999.000,9999.000
202606271130,   0.989,   1.308,9999.000,9999.000,9999.000,9999.000,9999.000,9999.000,9999.000
202606271136,   0.991,   1.328,9999.000,9999.000,9999.000,9999.000,9999.000,9999.000,9999.000
202606271142,   0.992,   1.328,9999.000,9999.000,9999.000,9999.000,9999.000,9999.000,9999.000
202606271148,   0.993,   1.318,9999.000,9999.000,9999.000,9999.000,9999.000,9999.000,9999.000
202606271154,   0.994,   1.318,9999.000,9999.000,9999.000,9999.000,9999.000,9999.000,9999.000
202606271200,   0.995,   1.308,   0.300,   0.013,   1.308,   0.300,   1.308,   0.300,   1.308
202606271206,   0.995,   1.289,9999.000,9999.000,9999.000,9999.000,9999.000,9999.000,9999.000
202606271212,   0.995,   1.279,9999.000,9999.000,9999.000,9999.000,9999.000,9999.000,9999.000
202606271218,   0.995,   1.249,9999.000,9999.000,9999.000,9999.000,9999.000,9999.000,9999.000
202606271224,   0.995,   1.220,9999.000,9999.000,9999.000,9999.000,9999.000,9999.000,9999.000
202606271230,   0.994,9999.000,9999.000,9999.000,9999.000,9999.000,9999.000,9999.000,9999.000
202606271236,   0.994,9999.000,9999.000,9999.000,9999.000,9999.000,9999.000,9999.000,9999.000
202606271242,   0.993,9999.000,9999.000,9999.000,9999.000,9999.000,9999.000,9999.000,9999.000
202606271248,   0.992,9999.000,9999.000,9999.000,9999.000,9999.000,9999.000,9999.000,9999.000
202606271254,   0.990,9999.000,9999.000,9999.000,9999.000,9999.000,9999.000,9999.000,9999.000
202606271300,   0.989,9999.000,   0.300,9999.000,   1.289,   0.300,   1.289,   0.300,   1.289
202606271306,   0.987,9999.000,9999.000,9999.000,9999.000,9999.000,9999.000,9999.000,9999.000
202606271312,   0.985,9999.000,9999.000,9999.000,9999.000,9999.000,9999.000,9999.000,9999.000
202606271318,   0.983,9999.000,9999.000,9999.000,9999.000,9999.000,9999.000,9999.000,9999.000
202606271324,   0.981,   1.216,9999.000,9999.000,9999.000,9999.000,9999.000,9999.000,9999.000
202606271330,   0.979,9999.000,9999.000,9999.000,9999.000,9999.000,9999.000,9999.000,9999.000
202606271336,   0.976,   1.298,9999.000,9999.000,9999.000,9999.000,9999.000,9999.000,9999.000
202606271342,   0.974,   1.220,9999.000,9999.000,9999.000,9999.000,9999.000,9999.000,9999.000
202606271348,   0.971,   1.190,9999.000,9999.000,9999.000,9999.000,9999.000,9999.000,9999.000
202606271354,   0.969,   1.229,9999.000,9999.000,9999.000,9999.000,9999.000,9999.000,9999.000
202606271400,   0.966,   1.220,   0.300,  -0.046,   1.220,   0.300,   1.220,   0.300,   1.220
202606271406,   0.963,   1.239,9999.000,9999.000,9999.000,9999.000,9999.000,9999.000,9999.000
202606271412,   0.960,   1.318,9999.000,9999.000,9999.000,9999.000,9999.000,9999.000,9999.000
202606271418,   0.957,   1.279,9999.000,9999.000,9999.000,9999.000,9999.000,9999.000,9999.000
202606271424,   0.954,   1.200,9999.000,9999.000,9999.000,9999.000,9999.000,9999.000,9999.000
202606271430,   0.951,   1.239,9999.000,9999.000,9999.000,9999.000,9999.000,9999.000,9999.000
202606271436,   0.948,   1.371,9999.000,9999.000,9999.000,9999.000,9999.000,9999.000,9999.000
202606271442,   0.945,   1.269,9999.000,9999.000,9999.000,9999.000,9999.000,9999.000,9999.000
202606271448,   0.942,   1.439,9999.000,9999.000,9999.000,9999.000,9999.000,9999.000,9999.000
202606271454,   0.939,   1.200,9999.000,9999.000,9999.000,9999.000,9999.000,9999.000,9999.000
202606271500,   0.936,   1.151,   0.300,  -0.085,   1.151,   0.300,   1.151,   0.300,   1.151
202606271506,   0.932,   1.298,9999.000,9999.000,9999.000,9999.000,9999.000,9999.000,9999.000
202606271512,   0.929,   1.239,9999.000,9999.000,9999.000,9999.000,9999.000,9999.000,9999.000
202606271518,   0.926,   1.298,9999.000,9999.000,9999.000,9999.000,9999.000,9999.000,9999.000
202606271524,   0.923,   1.361,9999.000,9999.000,9999.000,9999.000,9999.000,9999.000,9999.000
202606271530,   0.919,   1.361,9999.000,9999.000,9999.000,9999.000,9999.000,9999.000,9999.000
202606271536,   0.916,   1.361,9999.000,9999.000,9999.000,9999.000,9999.000,9999.000,9999.000
202606271542,   0.912,   1.328,9999.000,9999.000,9999.000,9999.000,9999.000,9999.000,9999.000
202606271548,   0.909,9999.000,9999.000,9999.000,9999.000,9999.000,9999.000,9999.000,9999.000
202606271554,   0.905,9999.000,9999.000,9999.000,9999.000,9999.000,9999.000,9999.000,9999.000
202606271600,   0.901,   1.180,   0.300,  -0.021,   1.180,   0.300,   1.180,   0.300,   1.180
202606271606,   0.897,   1.180,9999.000,9999.000,9999.000,9999.000,9999.000,9999.000,9999.000
202606271612,   0.893,   1.328,9999.000,9999.000,9999.000,9999.000,9999.000,9999.000,9999.000
202606271618,   0.889,   1.259,9999.000,9999.000,9999.000,9999.000,9999.000,9999.000,9999.000
202606271624,   0.885,   1.380,9999.000,9999.000,9999.000,9999.000,9999.000,9999.000,9999.000
202606271630,   0.880,   1.420,9999.000,9999.000,9999.000,9999.000,9999.000,9999.000,9999.000
202606271636,   0.876,   0.659,9999.000,9999.000,9999.000,9999.000,9999.000,9999.000,9999.000
202606271642,   0.871,9999.000,9999.000,9999.000,9999.000,9999.000,9999.000,9999.000,9999.000
202606271648,   0.865,9999.000,9999.000,9999.000,9999.000,9999.000,9999.000,9999.000,9999.000
202606271654,   0.860,9999.000,9999.000,9999.000,9999.000,9999.000,9999.000,9999.000,9999.000
202606271700,   0.854,9999.000,   0.300,9999.000,   1.154,   0.300,   1.154,   0.300,   1.154
202606271706,   0.848,9999.000,9999.000,9999.000,9999.000,9999.000,9999.000,9999.000,9999.000
202606271712,   0.842,9999.000,9999.000,9999.000,9999.000,9999.000,9999.000,9999.000,9999.000
202606271718,   0.835,9999.000,9999.000,9999.000,9999.000,9999.000,9999.000,9999.000,9999.000
202606271724,   0.828,9999.000,9999.000,9999.000,9999.000,9999.000,9999.000,9999.000,9999.000
202606271730,   0.820,9999.000,9999.000,9999.000,9999.000,9999.000,9999.000,9999.000,9999.000
202606271736,   0.812,9999.000,9999.000,9999.000,9999.000,9999.000,9999.000,9999.000,9999.000
202606271742,   0.804,9999.000,9999.000,9999.000,9999.000,9999.000,9999.000,9999.000,9999.000
202606271748,   0.795,9999.000,9999.000,9999.000,9999.000,9999.000,9999.000,9999.000,9999.000
202606271754,   0.786,9999.000,9999.000,9999.000,9999.000,9999.000,9999.000,9999.000,9999.000
202606271800,   0.777,9999.000,   0.300,9999.000,   1.077,   0.300,   1.077,   0.300,   1.077
202606271806,   0.767,9999.000,9999.000,9999.000,9999.000,9999.000,9999.000,9999.000,9999.000
202606271812,   0.756,9999.000,9999.000,9999.000,9999.000,9999.000,9999.000,9999.000,9999.000
202606271818,   0.745,9999.000,9999.000,9999.000,9999.000,9999.000,9999.000,9999.000,9999.000
202606271824,   0.733,9999.000,9999.000,9999.000,9999.000,9999.000,9999.000,9999.000,9999.000
202606271830,   0.721,9999.000,9999.000,9999.000,9999.000,9999.000,9999.000,9999.000,9999.000
202606271836,   0.709,9999.000,9999.000,9999.000,9999.000,9999.000,9999.000,9999.000,9999.000
202606271842,   0.696,9999.000,9999.000,9999.000,9999.000,9999.000,9999.000,9999.000,9999.000
202606271848,   0.682,9999.000,9999.000,9999.000,9999.000,9999.000,9999.000,9999.000,9999.000
202606271854,   0.668,   0.839,9999.000,9999.000,9999.000,9999.000,9999.000,9999.000,9999.000
202606271900,   0.654,   0.839,   0.300,  -0.115,   0.839,   0.300,   0.839,   0.300,   0.839
202606271906,   0.639,9999.000,9999.000,9999.000,9999.000,9999.000,9999.000,9999.000,9999.000
202606271912,   0.623,9999.000,9999.000,9999.000,9999.000,9999.000,9999.000,9999.000,9999.000
202606271918,   0.607,9999.000,9999.000,9999.000,9999.000,9999.000,9999.000,9999.000,9999.000
202606271924,   0.591,   0.800,9999.000,9999.000,9999.000,9999.000,9999.000,9999.000,9999.000
202606271930,   0.574,   0.839,9999.000,9999.000,9999.000,9999.000,9999.000,9999.000,9999.000
202606271936,   0.556,   0.800,9999.000,9999.000,9999.000,9999.000,9999.000,9999.000,9999.000
202606271942,   0.538,   0.751,9999.000,9999.000,9999.000,9999.000,9999.000,9999.000,9999.000
202606271948,   0.520,   0.741,9999.000,9999.000,9999.000,9999.000,9999.000,9999.000,9999.000
202606271954,   0.502,   0.741,9999.000,9999.000,9999.000,9999.000,9999.000,9999.000,9999.000
202606272000,   0.483,   0.731,   0.300,  -0.052,   0.731,   0.300,   0.731,   0.300,   0.731
202606272006,   0.463,   0.731,9999.000,9999.000,9999.000,9999.000,9999.000,9999.000,9999.000
202606272012,   0.444,   0.708,9999.000,9999.000,9999.000,9999.000,9999.000,9999.000,9999.000
202606272018,   0.424,   0.708,9999.000,9999.000,9999.000,9999.000,9999.000,9999.000,9999.000
202606272024,   0.403,   0.688,9999.000,9999.000,9999.000,9999.000,9999.000,9999.000,9999.000
202606272030,   0.383,   0.669,9999.000,9999.000,9999.000,9999.000,9999.000,9999.000,9999.000
202606272036,   0.362,   0.629,9999.000,9999.000,9999.000,9999.000,9999.000,9999.000,9999.000
202606272042,   0.341,   0.580,9999.000,9999.000,9999.000,9999.000,9999.000,9999.000,9999.000
202606272048,   0.320,   0.551,9999.000,9999.000,9999.000,9999.000,9999.000,9999.000,9999.000
202606272054,   0.299,   0.580,9999.000,9999.000,9999.000,9999.000,9999.000,9999.000,9999.000
202606272100,   0.277,   0.600,   0.300,   0.023,   0.600,   0.300,   0.600,   0.300,   0.600
202606272106,   0.256,   0.629,9999.000,9999.000,9999.000,9999.000,9999.000,9999.000,9999.000
202606272112,   0.234,   0.459,9999.000,9999.000,9999.000,9999.000,9999.000,9999.000,9999.000
202606272118,   0.212,9999.000,9999.000,9999.000,9999.000,9999.000,9999.000,9999.000,9999.000
202606272124,   0.191,   0.488,9999.000,9999.000,9999.000,9999.000,9999.000,9999.000,9999.000
202606272130,   0.169,   0.429,9999.000,9999.000,9999.000,9999.000,9999.000,9999.000,9999.000
202606272136,   0.148,   0.488,9999.000,9999.000,9999.000,9999.000,9999.000,9999.000,9999.000
202606272142,   0.126,   0.439,9999.000,9999.000,9999.000,9999.000,9999.000,9999.000,9999.000
202606272148,   0.105,   0.370,9999.000,9999.000,9999.000,9999.000,9999.000,9999.000,9999.000
202606272154,   0.084,   0.321,9999.000,9999.000,9999.000,9999.000,9999.000,9999.000,9999.000
202606272200,   0.063,   0.321,   0.300,  -0.042,   0.321,   0.300,   0.321,   0.300,   0.321
202606272206,   0.042,   0.308,9999.000,9999.000,9999.000,9999.000,9999.000,9999.000,9999.000
202606272212,   0.021,   0.298,9999.000,9999.000,9999.000,9999.000,9999.000,9999.000,9999.000
202606272218,   0.001,   0.249,9999.000,9999.000,9999.000,9999.000,9999.000,9999.000,9999.000
202606272224,  -0.018,   0.170,9999.000,9999.000,9999.000,9999.000,9999.000,9999.000,9999.000
202606272230,  -0.038,   0.200,9999.000,9999.000,9999.000,9999.000,9999.000,9999.000,9999.000
202606272236,  -0.057,   0.160,9999.000,9999.000,9999.000,9999.000,9999.000,9999.000,9999.000
202606272242,  -0.076,   0.141,9999.000,9999.000,9999.000,9999.000,9999.000,9999.000,9999.000
202606272248,  -0.095,   0.088,9999.000,9999.000,9999.000,9999.000,9999.000,9999.000,9999.000
202606272254,  -0.113,   0.059,9999.000,9999.000,9999.000,9999.000,9999.000,9999.000,9999.000
202606272300,  -0.131,   0.049,   0.300,  -0.120,   0.049,   0.300,   0.049,   0.300,   0.049
202606272306,  -0.148,   0.049,9999.000,9999.000,9999.000,9999.000,9999.000,9999.000,9999.000
202606272312,  -0.165,   0.068,9999.000,9999.000,9999.000,9999.000,9999.000,9999.000,9999.000
202606272318,  -0.181,   0.068,9999.000,9999.000,9999.000,9999.000,9999.000,9999.000,9999.000
202606272324,  -0.197,   0.029,9999.000,9999.000,9999.000,9999.000,9999.000,9999.000,9999.000
202606272330,  -0.212,  -0.009,9999.000,9999.000,9999.000,9999.000,9999.000,9999.000,9999.000
202606272336,  -0.227,  -0.029,9999.000,9999.000,9999.000,9999.000,9999.000,9999.000,9999.000
202606272342,  -0.241,  -0.059,9999.000,9999.000,9999.000,9999.000,9999.000,9999.000,9999.000
202606272348,  -0.254,  -0.059,9999.000,9999.000,9999.000,9999.000,9999.000,9999.000,9999.000
202606272354,  -0.266,  -0.098,9999.000,9999.000,9999.000,9999.000,9999.000,9999.000,9999.000
202606280000,  -0.278,  -0.131,   0.300,  -0.153,  -0.131,   0.300,  -0.131,   0.300,  -0.131
202606280006,  -0.290,  -0.180,9999.000,9999.000,9999.000,9999.000,9999.000,9999.000,9999.000
202606280012,  -0.300,  -0.141,9999.000,9999.000,9999.000,9999.000,9999.000,9999.000,9999.000
202606280018,  -0.310,  -0.078,9999.000,9999.000,9999.000,9999.000,9999.000,9999.000,9999.000
202606280024,  -0.319,  -0.039,9999.000,9999.000,9999.000,9999.000,9999.000,9999.000,9999.000
202606280030,  -0.327,  -0.009,9999.000,9999.000,9999.000,9999.000,9999.000,9999.000,9999.000
202606280036,  -0.335,  -0.029,9999.000,9999.000,9999.000,9999.000,9999.000,9999.000,9999.000
202606280042,  -0.341,  -0.029,9999.000,9999.000,9999.000,9999.000,9999.000,9999.000,9999.000
202606280048,  -0.347,  -0.068,9999.000,9999.000,9999.000,9999.000,9999.000,9999.000,9999.000
202606280054,  -0.352,  -0.098,9999.000,9999.000,9999.000,9999.000,9999.000,9999.000,9999.000
202606280100,  -0.357,  -0.141,   0.300,  -0.084,  -0.141,   0.300,  -0.141,   0.300,  -0.141
202606280106,  -0.360,  -0.150,9999.000,9999.000,9999.000,9999.000,9999.000,9999.000,9999.000
202606280112,  -0.362,  -0.160,9999.000,9999.000,9999.000,9999.000,9999.000,9999.000,9999.000
202606280118,  -0.364,  -0.150,9999.000,9999.000,9999.000,9999.000,9999.000,9999.000,9999.000
202606280124,  -0.365,  -0.098,9999.000,9999.000,9999.000,9999.000,9999.000,9999.000,9999.000
202606280130,  -0.364,  -0.121,9999.000,9999.000,9999.000,9999.000,9999.000,9999.000,9999.000
202606280136,  -0.363,  -0.111,9999.000,9999.000,9999.000,9999.000,9999.000,9999.000,9999.000
202606280142,  -0.361,  -0.131,9999.000,9999.000,9999.000,9999.000,9999.000,9999.000,9999.000
202606280148,  -0.358,  -0.121,9999.000,9999.000,9999.000,9999.000,9999.000,9999.000,9999.000
202606280154,  -0.354,  -0.088,9999.000,9999.000,9999.000,9999.000,9999.000,9999.000,9999.000
202606280200,  -0.350,  -0.088,   0.300,  -0.038,  -0.088,   0.300,  -0.088,   0.300,  -0.088
202606280206,  -0.344,  -0.068,9999.000,9999.000,9999.000,9999.000,9999.000,9999.000,9999.000
202606280212,  -0.338,  -0.068,9999.000,9999.000,9999.000,9999.000,9999.000,9999.000,9999.000
202606280218,  -0.330,  -0.068,9999.000,9999.000,9999.000,9999.000,9999.000,9999.000,9999.000
202606280224,  -0.322,  -0.049,9999.000,9999.000,9999.000,9999.000,9999.000,9999.000,9999.000
202606280230,  -0.313,  -0.029,9999.000,9999.000,9999.000,9999.000,9999.000,9999.000,9999.000
202606280236,  -0.303,  -0.009,9999.000,9999.000,9999.000,9999.000,9999.000,9999.000,9999.000
202606280242,  -0.292,   0.019,9999.000,9999.000,9999.000,9999.000,9999.000,9999.000,9999.000
202606280248,  -0.280,   0.039,9999.000,9999.000,9999.000,9999.000,9999.000,9999.000,9999.000
202606280254,  -0.267,   0.059,9999.000,9999.000,9999.000,9999.000,9999.000,9999.000,9999.000
202606280300,  -0.254,   0.078,   0.300,   0.032,   0.078,   0.300,   0.078,   0.300,   0.078
202606280306,  -0.240,   0.088,9999.000,9999.000,9999.000,9999.000,9999.000,9999.000,9999.000
202606280312,  -0.225,   0.068,9999.000,9999.000,9999.000,9999.000,9999.000,9999.000,9999.000
202606280318,  -0.209,   0.088,9999.000,9999.000,9999.000,9999.000,9999.000,9999.000,9999.000
202606280324,  -0.193,   0.078,9999.000,9999.000,9999.000,9999.000,9999.000,9999.000,9999.000
202606280330,  -0.176,   0.078,9999.000,9999.000,9999.000,9999.000,9999.000,9999.000,9999.000
202606280336,  -0.158,   0.078,9999.000,9999.000,9999.000,9999.000,9999.000,9999.000,9999.000
202606280342,  -0.140,   0.098,9999.000,9999.000,9999.000,9999.000,9999.000,9999.000,9999.000
202606280348,  -0.121,   0.121,9999.000,9999.000,9999.000,9999.000,9999.000,9999.000,9999.000
202606280354,  -0.101,   0.150,9999.000,9999.000,9999.000,9999.000,9999.000,9999.000,9999.000
202606280400,  -0.081,   0.190,   0.300,  -0.029,   0.190,   0.300,   0.190,   0.300,   0.190
202606280406,  -0.061,   0.239,9999.000,9999.000,9999.000,9999.000,9999.000,9999.000,9999.000
202606280412,  -0.040,   0.278,9999.000,9999.000,9999.000,9999.000,9999.000,9999.000,9999.000
202606280418,  -0.019,   0.288,9999.000,9999.000,9999.000,9999.000,9999.000,9999.000,9999.000
202606280424,   0.002,   0.278,9999.000,9999.000,9999.000,9999.000,9999.000,9999.000,9999.000
202606280430,   0.024,   0.268,9999.000,9999.000,9999.000,9999.000,9999.000,9999.000,9999.000
202606280436,   0.047,   0.239,9999.000,9999.000,9999.000,9999.000,9999.000,9999.000,9999.000
202606280442,   0.069,   0.249,9999.000,9999.000,9999.000,9999.000,9999.000,9999.000,9999.000
202606280448,   0.092,   0.268,9999.000,9999.000,9999.000,9999.000,9999.000,9999.000,9999.000
202606280454,   0.115,   0.278,9999.000,9999.000,9999.000,9999.000,9999.000,9999.000,9999.000
202606280500,   0.138,   0.298,   0.300,  -0.140,   0.298,   0.300,   0.298,   0.300,   0.298
202606280506,   0.161,   0.370,9999.000,9999.000,9999.000,9999.000,9999.000,9999.000,9999.000
202606280512,   0.184,   0.541,9999.000,9999.000,9999.000,9999.000,9999.000,9999.000,9999.000
202606280518,   0.207,   0.580,9999.000,9999.000,9999.000,9999.000,9999.000,9999.000,9999.000
202606280524,   0.231,   0.580,9999.000,9999.000,9999.000,9999.000,9999.000,9999.000,9999.000
202606280530,   0.254,   0.619,9999.000,9999.000,9999.000,9999.000,9999.000,9999.000,9999.000
202606280536,   0.277,   0.400,9999.000,9999.000,9999.000,9999.000,9999.000,9999.000,9999.000
202606280542,   0.299,   0.560,9999.000,9999.000,9999.000,9999.000,9999.000,9999.000,9999.000
202606280548,   0.322,   0.760,9999.000,9999.000,9999.000,9999.000,9999.000,9999.000,9999.000
202606280554,   0.344,   0.688,9999.000,9999.000,9999.000,9999.000,9999.000,9999.000,9999.000
202606280600,   0.366,   0.718,   0.300,   0.052,   0.718,   0.300,   0.718,   0.300,   0.718
202606280606,   0.388,   0.669,9999.000,9999.000,9999.000,9999.000,9999.000,9999.000,9999.000
202606280612,   0.410,   0.610,9999.000,9999.000,9999.000,9999.000,9999.000,9999.000,9999.000
202606280618,   0.431,   0.731,9999.000,9999.000,9999.000,9999.000,9999.000,9999.000,9999.000
202606280624,   0.452,   0.770,9999.000,9999.000,9999.000,9999.000,9999.000,9999.000,9999.000
202606280630,   0.472,   0.829,9999.000,9999.000,9999.000,9999.000,9999.000,9999.000,9999.000
202606280636,   0.492,   0.800,9999.000,9999.000,9999.000,9999.000,9999.000,9999.000,9999.000
202606280642,   0.512,   0.819,9999.000,9999.000,9999.000,9999.000,9999.000,9999.000,9999.000
202606280648,   0.531,   0.839,9999.000,9999.000,9999.000,9999.000,9999.000,9999.000,9999.000
202606280654,   0.550,   0.859,9999.000,9999.000,9999.000,9999.000,9999.000,9999.000,9999.000
202606280700,   0.568,   0.869,   0.300,   0.001,   0.869,   0.300,   0.869,   0.300,   0.869
202606280706,   0.585,   0.888,9999.000,9999.000,9999.000,9999.000,9999.000,9999.000,9999.000
202606280712,   0.603,   0.898,9999.000,9999.000,9999.000,9999.000,9999.000,9999.000,9999.000
202606280718,   0.619,   0.888,9999.000,9999.000,9999.000,9999.000,9999.000,9999.000,9999.000
202606280724,   0.635,   0.928,9999.000,9999.000,9999.000,9999.000,9999.000,9999.000,9999.000
202606280730,   0.651,   0.941,9999.000,9999.000,9999.000,9999.000,9999.000,9999.000,9999.000
202606280736,   0.666,   0.951,9999.000,9999.000,9999.000,9999.000,9999.000,9999.000,9999.000
202606280742,   0.681,   0.970,9999.000,9999.000,9999.000,9999.000,9999.000,9999.000,9999.000
202606280748,   0.695,   0.980,9999.000,9999.000,9999.000,9999.000,9999.000,9999.000,9999.000
202606280754,   0.708,   0.970,9999.000,9999.000,9999.000,9999.000,9999.000,9999.000,9999.000
202606280800,   0.721,   0.990,   0.300,  -0.031,   0.990,   0.300,   0.990,   0.300,   0.990
202606280806,   0.734,   1.000,9999.000,9999.000,9999.000,9999.000,9999.000,9999.000,9999.000
202606280812,   0.746,   1.000,9999.000,9999.000,9999.000,9999.000,9999.000,9999.000,9999.000
202606280818,   0.758,   1.000,9999.000,9999.000,9999.000,9999.000,9999.000,9999.000,9999.000
202606280824,   0.769,   1.010,9999.000,9999.000,9999.000,9999.000,9999.000,9999.000,9999.000
202606280830,   0.780,   1.000,9999.000,9999.000,9999.000,9999.000,9999.000,9999.000,9999.000
202606280836,   0.790,   1.000,9999.000,9999.000,9999.000,9999.000,9999.000,9999.000,9999.000
202606280842,   0.800,   1.029,9999.000,9999.000,9999.000,9999.000,9999.000,9999.000,9999.000
202606280848,   0.809,   1.039,9999.000,9999.000,9999.000,9999.000,9999.000,9999.000,9999.000
202606280854,   0.818,   1.039,9999.000,9999.000,9999.000,9999.000,9999.000,9999.000,9999.000
202606280900,   0.827,   1.029,   0.300,  -0.098,   1.029,   0.300,   1.029,   0.300,   1.029
202606280906,   0.835,   1.010,9999.000,9999.000,9999.000,9999.000,9999.000,9999.000,9999.000
202606280912,   0.843,   1.029,9999.000,9999.000,9999.000,9999.000,9999.000,9999.000,9999.000
202606280918,   0.851,   1.039,9999.000,9999.000,9999.000,9999.000,9999.000,9999.000,9999.000
202606280924,   0.858,   1.049,9999.000,9999.000,9999.000,9999.000,9999.000,9999.000,9999.000
202606280930,   0.865,   1.059,9999.000,9999.000,9999.000,9999.000,9999.000,9999.000,9999.000
202606280936,   0.871,   1.069,9999.000,9999.000,9999.000,9999.000,9999.000,9999.000,9999.000
202606280942,   0.878,   1.059,9999.000,9999.000,9999.000,9999.000,9999.000,9999.000,9999.000
202606280948,   0.884,   1.069,9999.000,9999.000,9999.000,9999.000,9999.000,9999.000,9999.000
202606280954,   0.890,   1.069,9999.000,9999.000,9999.000,9999.000,9999.000,9999.000,9999.000
202606281000,   0.896,   1.098,   0.300,  -0.098,   1.098,   0.300,   1.098,   0.300,   1.098
202606281006,   0.901,   1.108,9999.000,9999.000,9999.000,9999.000,9999.000,9999.000,9999.000
202606281012,   0.906,   1.108,9999.000,9999.000,9999.000,9999.000,9999.000,9999.000,9999.000
202606281018,   0.911,   1.108,9999.000,9999.000,9999.000,9999.000,9999.000,9999.000,9999.000
202606281024,   0.916,   1.098,9999.000,9999.000,9999.000,9999.000,9999.000,9999.000,9999.000
202606281030,   0.921,   1.088,9999.000,9999.000,9999.000,9999.000,9999.000,9999.000,9999.000
202606281036,   0.925,   1.108,9999.000,9999.000,9999.000,9999.000,9999.000,9999.000,9999.000
202606281042,   0.930,   1.138,9999.000,9999.000,9999.000,9999.000,9999.000,9999.000,9999.000
202606281048,   0.934,   1.151,9999.000,9999.000,9999.000,9999.000,9999.000,9999.000,9999.000
202606281054,   0.938,   1.161,9999.000,9999.000,9999.000,9999.000,9999.000,9999.000,9999.000
202606281100,   0.942,   1.161,   0.300,  -0.081,   1.161,   0.300,   1.161,   0.300,   1.161
202606281106,   0.945,   1.128,9999.000,9999.000,9999.000,9999.000,9999.000,9999.000,9999.000
202606281112,   0.949,   1.128,9999.000,9999.000,9999.000,9999.000,9999.000,9999.000,9999.000
202606281118,   0.952,   1.138,9999.000,9999.000,9999.000,9999.000,9999.000,9999.000,9999.000
202606281124,   0.955,   1.170,9999.000,9999.000,9999.000,9999.000,9999.000,9999.000,9999.000
202606281130,   0.959,   1.200,9999.000,9999.000,9999.000,9999.000,9999.000,9999.000,9999.000
202606281136,   0.961,   1.220,9999.000,9999.000,9999.000,9999.000,9999.000,9999.000,9999.000
202606281142,   0.964,   1.229,9999.000,9999.000,9999.000,9999.000,9999.000,9999.000,9999.000
202606281148,   0.967,   1.220,9999.000,9999.000,9999.000,9999.000,9999.000,9999.000,9999.000
202606281154,   0.969,   1.210,9999.000,9999.000,9999.000,9999.000,9999.000,9999.000,9999.000
202606281200,   0.972,   1.210,   0.300,  -0.062,   1.210,   0.300,   1.210,   0.300,   1.210
202606281206,   0.974,   1.200,9999.000,9999.000,9999.000,9999.000,9999.000,9999.000,9999.000
202606281212,   0.976,   1.190,9999.000,9999.000,9999.000,9999.000,9999.000,9999.000,9999.000
202606281218,   0.978,   1.180,9999.000,9999.000,9999.000,9999.000,9999.000,9999.000,9999.000
202606281224,   0.980,   1.180,9999.000,9999.000,9999.000,9999.000,9999.000,9999.000,9999.000
202606281230,   0.981,   1.180,9999.000,9999.000,9999.000,9999.000,9999.000,9999.000,9999.000
202606281236,   0.983,   1.190,9999.000,9999.000,9999.000,9999.000,9999.000,9999.000,9999.000
202606281242,   0.984,   1.210,9999.000,9999.000,9999.000,9999.000,9999.000,9999.000,9999.000
202606281248,   0.985,   1.259,9999.000,9999.000,9999.000,9999.000,9999.000,9999.000,9999.000
202606281254,   0.986,   1.269,9999.000,9999.000,9999.000,9999.000,9999.000,9999.000,9999.000
202606281300,   0.987,   1.259,   0.300,  -0.028,   1.259,   0.300,   1.259,   0.300,   1.259
202606281306,   0.987,   1.229,9999.000,9999.000,9999.000,9999.000,9999.000,9999.000,9999.000
202606281312,   0.987,   1.220,9999.000,9999.000,9999.000,9999.000,9999.000,9999.000,9999.000
202606281318,   0.988,   1.229,9999.000,9999.000,9999.000,9999.000,9999.000,9999.000,9999.000
202606281324,   0.988,   1.289,9999.000,9999.000,9999.000,9999.000,9999.000,9999.000,9999.000
202606281330,   0.988,   1.308,9999.000,9999.000,9999.000,9999.000,9999.000,9999.000,9999.000
202606281336,   0.987,   1.449,9999.000,9999.000,9999.000,9999.000,9999.000,9999.000,9999.000
202606281342,   0.987,   1.170,9999.000,9999.000,9999.000,9999.000,9999.000,9999.000,9999.000
202606281348,   0.986,   0.590,9999.000,9999.000,9999.000,9999.000,9999.000,9999.000,9999.000
202606281354,   0.985,   1.138,9999.000,9999.000,9999.000,9999.000,9999.000,9999.000,9999.000
202606281400,   0.984,   1.220,   0.300,  -0.064,   1.220,   0.300,   1.220,   0.300,   1.220
202606281406,   0.983,   1.200,9999.000,9999.000,9999.000,9999.000,9999.000,9999.000,9999.000
202606281412,   0.982,   1.220,9999.000,9999.000,9999.000,9999.000,9999.000,9999.000,9999.000
202606281418,   0.981,   1.269,9999.000,9999.000,9999.000,9999.000,9999.000,9999.000,9999.000
202606281424,   0.979,   1.269,9999.000,9999.000,9999.000,9999.000,9999.000,9999.000,9999.000
202606281430,   0.977,   1.220,9999.000,9999.000,9999.000,9999.000,9999.000,9999.000,9999.000
202606281436,   0.975,9999.000,9999.000,9999.000,9999.000,9999.000,9999.000,9999.000,9999.000
202606281442,   0.973,   1.210,9999.000,9999.000,9999.000,9999.000,9999.000,9999.000,9999.000
202606281448,   0.971,   1.220,9999.000,9999.000,9999.000,9999.000,9999.000,9999.000,9999.000
202606281454,   0.969,   1.200,9999.000,9999.000,9999.000,9999.000,9999.000,9999.000,9999.000
202606281500,   0.967,   1.229,   0.300,  -0.038,   1.229,   0.300,   1.229,   0.300,   1.229
202606281506,   0.964,   1.269,9999.000,9999.000,9999.000,9999.000,9999.000,9999.000,9999.000
202606281512,   0.962,   1.269,9999.000,9999.000,9999.000,9999.000,9999.000,9999.000,9999.000
202606281518,   0.959,   1.239,9999.000,9999.000,9999.000,9999.000,9999.000,9999.000,9999.000
202606281524,   0.956,   1.229,9999.000,9999.000,9999.000,9999.000,9999.000,9999.000,9999.000
202606281530,   0.953,   1.210,9999.000,9999.000,9999.000,9999.000,9999.000,9999.000,9999.000
202606281536,   0.950,   1.180,9999.000,9999.000,9999.000,9999.000,9999.000,9999.000,9999.000
202606281542,   0.947,   0.980,9999.000,9999.000,9999.000,9999.000,9999.000,9999.000,9999.000
202606281548,   0.944,   1.170,9999.000,9999.000,9999.000,9999.000,9999.000,9999.000,9999.000
202606281554,   0.941,   1.239,9999.000,9999.000,9999.000,9999.000,9999.000,9999.000,9999.000
202606281600,   0.938,   1.289,   0.300,   0.051,   1.289,   0.300,   1.289,   0.300,   1.289
202606281606,   0.934,   1.229,9999.000,9999.000,9999.000,9999.000,9999.000,9999.000,9999.000
202606281612,   0.930,   1.269,9999.000,9999.000,9999.000,9999.000,9999.000,9999.000,9999.000
202606281618,   0.927,   1.269,9999.000,9999.000,9999.000,9999.000,9999.000,9999.000,9999.000
202606281624,   0.923,   1.249,9999.000,9999.000,9999.000,9999.000,9999.000,9999.000,9999.000
202606281630,   0.919,   1.210,9999.000,9999.000,9999.000,9999.000,9999.000,9999.000,9999.000
202606281636,   0.915,   1.239,9999.000,9999.000,9999.000,9999.000,9999.000,9999.000,9999.000
202606281642,   0.910,   1.259,9999.000,9999.000,9999.000,9999.000,9999.000,9999.000,9999.000
202606281648,   0.906,9999.000,9999.000,9999.000,9999.000,9999.000,9999.000,9999.000,9999.000
202606281654,   0.901,   1.138,9999.000,9999.000,9999.000,9999.000,9999.000,9999.000,9999.000
202606281700,   0.897,   1.108,   0.300,  -0.089,   1.108,   0.200,   1.008,   0.300,   1.108
202606281706,   0.892,   1.138,9999.000,9999.000,9999.000,9999.000,9999.000,9999.000,9999.000
202606281712,   0.886,   1.118,9999.000,9999.000,9999.000,9999.000,9999.000,9999.000,9999.000
202606281718,   0.881,   0.961,9999.000,9999.000,9999.000,9999.000,9999.000,9999.000,9999.000
202606281724,   0.875,   0.990,9999.000,9999.000,9999.000,9999.000,9999.000,9999.000,9999.000
202606281730,   0.870,   1.108,9999.000,9999.000,9999.000,9999.000,9999.000,9999.000,9999.000
202606281736,   0.864,   1.190,9999.000,9999.000,9999.000,9999.000,9999.000,9999.000,9999.000
202606281742,   0.857,   1.128,9999.000,9999.000,9999.000,9999.000,9999.000,9999.000,9999.000
202606281748,   0.850,   1.161,9999.000,9999.000,9999.000,9999.000,9999.000,9999.000,9999.000
202606281754,   0.843,   1.190,9999.000,9999.000,9999.000,9999.000,9999.000,9999.000,9999.000
202606281800,   0.836,   1.000,   0.300,  -0.136,   1.000,   0.200,   0.900,   0.300,   1.000
202606281806,   0.828,   1.029,9999.000,9999.000,9999.000,9999.000,9999.000,9999.000,9999.000
202606281812,   0.820,   1.180,9999.000,9999.000,9999.000,9999.000,9999.000,9999.000,9999.000
202606281818,   0.812,   0.639,9999.000,9999.000,9999.000,9999.000,9999.000,9999.000,9999.000
202606281824,   0.803,   1.069,9999.000,9999.000,9999.000,9999.000,9999.000,9999.000,9999.000
202606281830,   0.794,   1.108,9999.000,9999.000,9999.000,9999.000,9999.000,9999.000,9999.000
202606281836,   0.784,   1.180,9999.000,9999.000,9999.000,9999.000,9999.000,9999.000,9999.000
202606281842,   0.774,   1.069,9999.000,9999.000,9999.000,9999.000,9999.000,9999.000,9999.000
202606281848,   0.764,   1.059,9999.000,9999.000,9999.000,9999.000,9999.000,9999.000,9999.000
202606281854,   0.753,   1.049,9999.000,9999.000,9999.000,9999.000,9999.000,9999.000,9999.000
202606281900,   0.742,   1.000,   0.300,  -0.042,   1.000,   0.200,   0.900,   0.300,   1.000
202606281906,   0.730,   1.000,9999.000,9999.000,9999.000,9999.000,9999.000,9999.000,9999.000
202606281912,   0.717,   1.059,9999.000,9999.000,9999.000,9999.000,9999.000,9999.000,9999.000
202606281918,   0.705,   1.020,9999.000,9999.000,9999.000,9999.000,9999.000,9999.000,9999.000
202606281924,   0.691,   0.928,9999.000,9999.000,9999.000,9999.000,9999.000,9999.000,9999.000
202606281930,   0.678,   1.010,9999.000,9999.000,9999.000,9999.000,9999.000,9999.000,9999.000
202606281936,   0.663,   0.961,9999.000,9999.000,9999.000,9999.000,9999.000,9999.000,9999.000
202606281942,   0.648,   0.459,9999.000,9999.000,9999.000,9999.000,9999.000,9999.000,9999.000
202606281948,   0.633,   1.010,9999.000,9999.000,9999.000,9999.000,9999.000,9999.000,9999.000
202606281954,   0.617,   0.869,9999.000,9999.000,9999.000,9999.000,9999.000,9999.000,9999.000
202606282000,   0.601,   0.800,   0.300,  -0.101,   0.800,   0.300,   0.800,   0.300,   0.800
202606282006,   0.584,   0.800,9999.000,9999.000,9999.000,9999.000,9999.000,9999.000,9999.000
202606282012,   0.567,   0.770,9999.000,9999.000,9999.000,9999.000,9999.000,9999.000,9999.000
202606282018,   0.549,   0.718,9999.000,9999.000,9999.000,9999.000,9999.000,9999.000,9999.000
202606282024,   0.531,   0.731,9999.000,9999.000,9999.000,9999.000,9999.000,9999.000,9999.000
202606282030,   0.513,   0.698,9999.000,9999.000,9999.000,9999.000,9999.000,9999.000,9999.000
202606282036,   0.494,   0.698,9999.000,9999.000,9999.000,9999.000,9999.000,9999.000,9999.000
202606282042,   0.474,   0.619,9999.000,9999.000,9999.000,9999.000,9999.000,9999.000,9999.000
202606282048,   0.455,   0.590,9999.000,9999.000,9999.000,9999.000,9999.000,9999.000,9999.000
202606282054,   0.434,   0.541,9999.000,9999.000,9999.000,9999.000,9999.000,9999.000,9999.000
202606282100,   0.414,   0.541,   0.300,  -0.173,   0.541,   0.300,   0.541,   0.300,   0.541
202606282106,   0.393,   0.570,9999.000,9999.000,9999.000,9999.000,9999.000,9999.000,9999.000
202606282112,   0.372,   0.698,9999.000,9999.000,9999.000,9999.000,9999.000,9999.000,9999.000
202606282118,   0.351,   0.219,9999.000,9999.000,9999.000,9999.000,9999.000,9999.000,9999.000
202606282124,   0.329,   0.610,9999.000,9999.000,9999.000,9999.000,9999.000,9999.000,9999.000
202606282130,   0.308,   0.570,9999.000,9999.000,9999.000,9999.000,9999.000,9999.000,9999.000
202606282136,   0.286,   0.508,9999.000,9999.000,9999.000,9999.000,9999.000,9999.000,9999.000
202606282142,   0.264,9999.000,9999.000,9999.000,9999.000,9999.000,9999.000,9999.000,9999.000
202606282148,   0.241,   0.449,9999.000,9999.000,9999.000,9999.000,9999.000,9999.000,9999.000
202606282154,   0.219,   0.409,9999.000,9999.000,9999.000,9999.000,9999.000,9999.000,9999.000
202606282200,   0.197,   0.400,   0.300,  -0.097,   0.400,   0.300,   0.400,   0.300,   0.400
202606282206,   0.174,   0.419,9999.000,9999.000,9999.000,9999.000,9999.000,9999.000,9999.000
202606282212,   0.152,   0.518,9999.000,9999.000,9999.000,9999.000,9999.000,9999.000,9999.000
202606282218,   0.130,   0.478,9999.000,9999.000,9999.000,9999.000,9999.000,9999.000,9999.000
202606282224,   0.108,   0.419,9999.000,9999.000,9999.000,9999.000,9999.000,9999.000,9999.000
202606282230,   0.086,   0.390,9999.000,9999.000,9999.000,9999.000,9999.000,9999.000,9999.000
202606282236,   0.064,   0.229,9999.000,9999.000,9999.000,9999.000,9999.000,9999.000,9999.000
202606282242,   0.042,   0.190,9999.000,9999.000,9999.000,9999.000,9999.000,9999.000,9999.000
202606282248,   0.020,9999.000,9999.000,9999.000,9999.000,9999.000,9999.000,9999.000,9999.000
202606282254,   0.000,   0.209,9999.000,9999.000,9999.000,9999.000,9999.000,9999.000,9999.000
202606282300,  -0.021,   0.190,   0.300,  -0.089,   0.190,   0.300,   0.190,   0.300,   0.190
202606282306,  -0.041,   0.219,9999.000,9999.000,9999.000,9999.000,9999.000,9999.000,9999.000
202606282312,  -0.061,   0.150,9999.000,9999.000,9999.000,9999.000,9999.000,9999.000,9999.000
202606282318,  -0.081,9999.000,9999.000,9999.000,9999.000,9999.000,9999.000,9999.000,9999.000
202606282324,  -0.101,   0.068,9999.000,9999.000,9999.000,9999.000,9999.000,9999.000,9999.000
202606282330,  -0.120,   0.068,9999.000,9999.000,9999.000,9999.000,9999.000,9999.000,9999.000
202606282336,  -0.138,   0.098,9999.000,9999.000,9999.000,9999.000,9999.000,9999.000,9999.000
202606282342,  -0.156,   0.068,9999.000,9999.000,9999.000,9999.000,9999.000,9999.000,9999.000
202606282348,  -0.174,9999.000,9999.000,9999.000,9999.000,9999.000,9999.000,9999.000,9999.000
202606282354,  -0.190,  -0.029,9999.000,9999.000,9999.000,9999.000,9999.000,9999.000,9999.000
202606290000,  -0.207,   0.068,   0.300,  -0.025,   0.068,   0.300,   0.068,   0.300,   0.068
202606290006,  -0.222,  -0.331,9999.000,9999.000,9999.000,9999.000,9999.000,9999.000,9999.000
202606290012,  -0.237,   0.121,9999.000,9999.000,9999.000,9999.000,9999.000,9999.000,9999.000
202606290018,  -0.252,  -0.078,9999.000,9999.000,9999.000,9999.000,9999.000,9999.000,9999.000
202606290024,  -0.265,   0.000,9999.000,9999.000,9999.000,9999.000,9999.000,9999.000,9999.000
202606290030,  -0.278,  -0.029,9999.000,9999.000,9999.000,9999.000,9999.000,9999.000,9999.000
202606290036,  -0.290,   0.019,9999.000,9999.000,9999.000,9999.000,9999.000,9999.000,9999.000
202606290042,  -0.302,9999.000,9999.000,9999.000,9999.000,9999.000,9999.000,9999.000,9999.000
202606290048,  -0.312,  -0.059,9999.000,9999.000,9999.000,9999.000,9999.000,9999.000,9999.000
202606290054,  -0.322,  -0.049,9999.000,9999.000,9999.000,9999.000,9999.000,9999.000,9999.000
202606290100,  -0.331,  -0.068,   0.300,  -0.037,  -0.068,   0.300,  -0.068,   0.300,  -0.068
202606290106,  -0.339,  -0.121,9999.000,9999.000,9999.000,9999.000,9999.000,9999.000,9999.000
202606290112,  -0.347,  -0.131,9999.000,9999.000,9999.000,9999.000,9999.000,9999.000,9999.000
202606290118,  -0.353,9999.000,9999.000,9999.000,9999.000,9999.000,9999.000,9999.000,9999.000
202606290124,  -0.359,  -0.078,9999.000,9999.000,9999.000,9999.000,9999.000,9999.000,9999.000
202606290130,  -0.364,  -0.059,9999.000,9999.000,9999.000,9999.000,9999.000,9999.000,9999.000
202606290136,  -0.368,  -0.049,9999.000,9999.000,9999.000,9999.000,9999.000,9999.000,9999.000
202606290142,  -0.371,  -0.068,9999.000,9999.000,9999.000,9999.000,9999.000,9999.000,9999.000
202606290148,  -0.373,  -0.121,9999.000,9999.000,9999.000,9999.000,9999.000,9999.000,9999.000
202606290154,  -0.375,  -0.111,9999.000,9999.000,9999.000,9999.000,9999.000,9999.000,9999.000
202606290200,  -0.375,  -0.098,   0.300,  -0.023,  -0.098,   0.300,  -0.098,   0.300,  -0.098
202606290206,  -0.375,  -0.078,9999.000,9999.000,9999.000,9999.000,9999.000,9999.000,9999.000
202606290212,  -0.373,  -0.019,9999.000,9999.000,9999.000,9999.000,9999.000,9999.000,9999.000
202606290218,  -0.371,   0.029,9999.000,9999.000,9999.000,9999.000,9999.000,9999.000,9999.000
202606290224,  -0.368,   0.098,9999.000,9999.000,9999.000,9999.000,9999.000,9999.000,9999.000
202606290230,  -0.364,   0.068,9999.000,9999.000,9999.000,9999.000,9999.000,9999.000,9999.000
202606290236,  -0.359,  -0.088,9999.000,9999.000,9999.000,9999.000,9999.000,9999.000,9999.000
202606290242,  -0.353,  -0.049,9999.000,9999.000,9999.000,9999.000,9999.000,9999.000,9999.000
202606290248,  -0.346,   0.019,9999.000,9999.000,9999.000,9999.000,9999.000,9999.000,9999.000
202606290254,  -0.339,  -0.049,9999.000,9999.000,9999.000,9999.000,9999.000,9999.000,9999.000
202606290300,  -0.330,  -0.170,   0.300,  -0.140,  -0.170,   0.300,  -0.170,   0.300,  -0.170
202606290306,  -0.321,  -0.098,9999.000,9999.000,9999.000,9999.000,9999.000,9999.000,9999.000
202606290312,  -0.311,  -0.049,9999.000,9999.000,9999.000,9999.000,9999.000,9999.000,9999.000
202606290318,  -0.300,  -0.039,9999.000,9999.000,9999.000,9999.000,9999.000,9999.000,9999.000
202606290324,  -0.288,   0.019,9999.000,9999.000,9999.000,9999.000,9999.000,9999.000,9999.000
202606290330,  -0.276,   0.000,9999.000,9999.000,9999.000,9999.000,9999.000,9999.000,9999.000
202606290336,  -0.262,   0.009,9999.000,9999.000,9999.000,9999.000,9999.000,9999.000,9999.000
202606290342,  -0.248,   0.049,9999.000,9999.000,9999.000,9999.000,9999.000,9999.000,9999.000
202606290348,  -0.233,   0.059,9999.000,9999.000,9999.000,9999.000,9999.000,9999.000,9999.000
202606290354,  -0.218,   0.039,9999.000,9999.000,9999.000,9999.000,9999.000,9999.000,9999.000
202606290400,  -0.202,   0.039,   0.300,  -0.059,   0.039,   0.300,   0.039,   0.300,   0.039
202606290406,  -0.185,   0.068,9999.000,9999.000,9999.000,9999.000,9999.000,9999.000,9999.000
202606290412,  -0.167,   0.111,9999.000,9999.000,9999.000,9999.000,9999.000,9999.000,9999.000
202606290418,  -0.149,   0.141,9999.000,9999.000,9999.000,9999.000,9999.000,9999.000,9999.000
202606290424,  -0.130,   0.180,9999.000,9999.000,9999.000,9999.000,9999.000,9999.000,9999.000
202606290430,  -0.111,   0.180,9999.000,9999.000,9999.000,9999.000,9999.000,9999.000,9999.000
202606290436,  -0.091,   0.200,9999.000,9999.000,9999.000,9999.000,9999.000,9999.000,9999.000
202606290442,  -0.071,   0.229,9999.000,9999.000,9999.000,9999.000,9999.000,9999.000,9999.000
202606290448,  -0.050,   0.268,9999.000,9999.000,9999.000,9999.000,9999.000,9999.000,9999.000
202606290454,  -0.029,   0.321,9999.000,9999.000,9999.000,9999.000,9999.000,9999.000,9999.000
202606290500,  -0.008,   0.360,   0.300,   0.068,   0.360,   0.300,   0.360,   0.300,   0.360
202606290506,   0.013,   0.409,9999.000,9999.000,9999.000,9999.000,9999.000,9999.000,9999.000
202606290512,   0.035,   0.419,9999.000,9999.000,9999.000,9999.000,9999.000,9999.000,9999.000
202606290518,   0.057,   0.409,9999.000,9999.000,9999.000,9999.000,9999.000,9999.000,9999.000
202606290524,   0.080,   0.419,9999.000,9999.000,9999.000,9999.000,9999.000,9999.000,9999.000
202606290530,   0.103,   0.439,9999.000,9999.000,9999.000,9999.000,9999.000,9999.000,9999.000
202606290536,   0.126,   0.469,9999.000,9999.000,9999.000,9999.000,9999.000,9999.000,9999.000
202606290542,   0.149,   0.498,9999.000,9999.000,9999.000,9999.000,9999.000,9999.000,9999.000
202606290548,   0.172,   0.488,9999.000,9999.000,9999.000,9999.000,9999.000,9999.000,9999.000
202606290554,   0.195,   0.488,9999.000,9999.000,9999.000,9999.000,9999.000,9999.000,9999.000
202606290600,   0.218,   0.518,   0.300,   0.000,   0.518,   0.200,   0.418,   0.300,   0.518
202606290606,   0.241,   0.560,9999.000,9999.000,9999.000,9999.000,9999.000,9999.000,9999.000
202606290612,   0.264,   0.629,9999.000,9999.000,9999.000,9999.000,9999.000,9999.000,9999.000
202606290618,   0.287,   0.659,9999.000,9999.000,9999.000,9999.000,9999.000,9999.000,9999.000
202606290624,   0.310,   0.688,9999.000,9999.000,9999.000,9999.000,9999.000,9999.000,9999.000
202606290630,   0.332,   0.708,9999.000,9999.000,9999.000,9999.000,9999.000,9999.000,9999.000
202606290636,   0.354,   0.741,9999.000,9999.000,9999.000,9999.000,9999.000,9999.000,9999.000
202606290642,   0.376,   0.770,9999.000,9999.000,9999.000,9999.000,9999.000,9999.000,9999.000
202606290648,   0.398,   0.790,9999.000,9999.000,9999.000,9999.000,9999.000,9999.000,9999.000
202606290654,   0.419,   0.790,9999.000,9999.000,9999.000,9999.000,9999.000,9999.000,9999.000
202606290700,   0.440,   0.760,   0.300,   0.020,   0.760,   0.300,   0.760,   0.300,   0.760
202606290706,   0.461,   0.751,9999.000,9999.000,9999.000,9999.000,9999.000,9999.000,9999.000
202606290712,   0.481,   0.780,9999.000,9999.000,9999.000,9999.000,9999.000,9999.000,9999.000
202606290718,   0.501,   0.839,9999.000,9999.000,9999.000,9999.000,9999.000,9999.000,9999.000
202606290724,   0.520,   0.908,9999.000,9999.000,9999.000,9999.000,9999.000,9999.000,9999.000
202606290730,   0.539,   0.941,9999.000,9999.000,9999.000,9999.000,9999.000,9999.000,9999.000
202606290736,   0.557,   0.941,9999.000,9999.000,9999.000,9999.000,9999.000,9999.000,9999.000
202606290742,   0.575,   0.941,9999.000,9999.000,9999.000,9999.000,9999.000,9999.000,9999.000
202606290748,   0.593,   0.928,9999.000,9999.000,9999.000,9999.000,9999.000,9999.000,9999.000
202606290754,   0.609,   0.928,9999.000,9999.000,9999.000,9999.000,9999.000,9999.000,9999.000
202606290800,   0.626,   0.970,   0.300,   0.044,   0.970,   0.300,   0.970,   0.300,   0.970
202606290806,   0.641,   0.990,9999.000,9999.000,9999.000,9999.000,9999.000,9999.000,9999.000
202606290812,   0.656,   0.980,9999.000,9999.000,9999.000,9999.000,9999.000,9999.000,9999.000
202606290818,   0.671,   0.970,9999.000,9999.000,9999.000,9999.000,9999.000,9999.000,9999.000
202606290824,   0.685,   0.970,9999.000,9999.000,9999.000,9999.000,9999.000,9999.000,9999.000
202606290830,   0.698,   1.000,9999.000,9999.000,9999.000,9999.000,9999.000,9999.000,9999.000
202606290836,   0.711,   1.039,9999.000,9999.000,9999.000,9999.000,9999.000,9999.000,9999.000
202606290842,   0.723,   1.079,9999.000,9999.000,9999.000,9999.000,9999.000,9999.000,9999.000
202606290848,   0.735,   1.098,9999.000,9999.000,9999.000,9999.000,9999.000,9999.000,9999.000
202606290854,   0.747,   1.059,9999.000,9999.000,9999.000,9999.000,9999.000,9999.000,9999.000
202606290900,   0.757,   1.039,   0.300,  -0.018,   1.039,   0.300,   1.039,   0.300,   1.039
202606290906,   0.768,   1.029,9999.000,9999.000,9999.000,9999.000,9999.000,9999.000,9999.000
202606290912,   0.777,   1.029,9999.000,9999.000,9999.000,9999.000,9999.000,9999.000,9999.000
202606290918,   0.787,   1.069,9999.000,9999.000,9999.000,9999.000,9999.000,9999.000,9999.000
202606290924,   0.796,   1.118,9999.000,9999.000,9999.000,9999.000,9999.000,9999.000,9999.000
202606290930,   0.804,   1.161,9999.000,9999.000,9999.000,9999.000,9999.000,9999.000,9999.000
202606290936,   0.812,   1.180,9999.000,9999.000,9999.000,9999.000,9999.000,9999.000,9999.000
202606290942,   0.819,   1.170,9999.000,9999.000,9999.000,9999.000,9999.000,9999.000,9999.000
202606290948,   0.827,   1.170,9999.000,9999.000,9999.000,9999.000,9999.000,9999.000,9999.000
202606290954,   0.834,   1.161,9999.000,9999.000,9999.000,9999.000,9999.000,9999.000,9999.000
202606291000,   0.840,   1.161,   0.300,   0.021,   1.161,   0.300,   1.161,   0.300,   1.161
202606291006,   0.846,   1.170,9999.000,9999.000,9999.000,9999.000,9999.000,9999.000,9999.000
202606291012,   0.852,   1.180,9999.000,9999.000,9999.000,9999.000,9999.000,9999.000,9999.000
202606291018,   0.858,   1.200,9999.000,9999.000,9999.000,9999.000,9999.000,9999.000,9999.000
202606291024,   0.863,   1.220,9999.000,9999.000,9999.000,9999.000,9999.000,9999.000,9999.000
202606291030,   0.868,   1.229,9999.000,9999.000,9999.000,9999.000,9999.000,9999.000,9999.000
202606291036,   0.873,   1.249,9999.000,9999.000,9999.000,9999.000,9999.000,9999.000,9999.000
202606291042,   0.878,   1.239,9999.000,9999.000,9999.000,9999.000,9999.000,9999.000,9999.000
202606291048,   0.882,   1.229,9999.000,9999.000,9999.000,9999.000,9999.000,9999.000,9999.000
202606291054,   0.887,   1.220,9999.000,9999.000,9999.000,9999.000,9999.000,9999.000,9999.000
202606291100,   0.891,   1.200,   0.300,   0.009,   1.200,   0.300,   1.200,   0.300,   1.200
202606291106,   0.895,   1.190,9999.000,9999.000,9999.000,9999.000,9999.000,9999.000,9999.000
202606291112,   0.899,   1.200,9999.000,9999.000,9999.000,9999.000,9999.000,9999.000,9999.000
202606291118,   0.902,   1.190,9999.000,9999.000,9999.000,9999.000,9999.000,9999.000,9999.000
202606291124,   0.906,   1.210,9999.000,9999.000,9999.000,9999.000,9999.000,9999.000,9999.000
202606291130,   0.910,   1.239,9999.000,9999.000,9999.000,9999.000,9999.000,9999.000,9999.000
202606291136,   0.913,   1.239,9999.000,9999.000,9999.000,9999.000,9999.000,9999.000,9999.000
202606291142,   0.917,   1.259,9999.000,9999.000,9999.000,9999.000,9999.000,9999.000,9999.000
202606291148,   0.920,   1.249,9999.000,9999.000,9999.000,9999.000,9999.000,9999.000,9999.000
202606291154,   0.923,   1.259,9999.000,9999.000,9999.000,9999.000,9999.000,9999.000,9999.000
202606291200,   0.926,   1.289,   0.300,   0.063,   1.289,   0.300,   1.289,   0.300,   1.289
202606291206,   0.930,   1.318,9999.000,9999.000,9999.000,9999.000,9999.000,9999.000,9999.000
202606291212,   0.933,   1.338,9999.000,9999.000,9999.000,9999.000,9999.000,9999.000,9999.000
202606291218,   0.936,   1.400,9999.000,9999.000,9999.000,9999.000,9999.000,9999.000,9999.000
202606291224,   0.939,   1.200,9999.000,9999.000,9999.000,9999.000,9999.000,9999.000,9999.000
202606291230,   0.941,   0.639,9999.000,9999.000,9999.000,9999.000,9999.000,9999.000,9999.000
202606291236,   0.944,   1.279,9999.000,9999.000,9999.000,9999.000,9999.000,9999.000,9999.000
202606291242,   0.947,   1.259,9999.000,9999.000,9999.000,9999.000,9999.000,9999.000,9999.000
202606291248,   0.950,   1.239,9999.000,9999.000,9999.000,9999.000,9999.000,9999.000,9999.000
202606291254,   0.952,   1.279,9999.000,9999.000,9999.000,9999.000,9999.000,9999.000,9999.000
202606291300,   0.955,   1.259,   0.300,   0.004,   1.259,   0.300,   1.259,   0.300,   1.259
202606291306,   0.957,   1.249,9999.000,9999.000,9999.000,9999.000,9999.000,9999.000,9999.000
202606291312,   0.959,   1.298,9999.000,9999.000,9999.000,9999.000,9999.000,9999.000,9999.000
202606291318,   0.961,   1.318,9999.000,9999.000,9999.000,9999.000,9999.000,9999.000,9999.000
202606291324,   0.963,   1.308,9999.000,9999.000,9999.000,9999.000,9999.000,9999.000,9999.000
202606291330,   0.965,   1.410,9999.000,9999.000,9999.000,9999.000,9999.000,9999.000,9999.000
202606291336,   0.967,   1.029,9999.000,9999.000,9999.000,9999.000,9999.000,9999.000,9999.000
202606291342,   0.969,   1.239,9999.000,9999.000,9999.000,9999.000,9999.000,9999.000,9999.000
202606291348,   0.970,   1.420,9999.000,9999.000,9999.000,9999.000,9999.000,9999.000,9999.000
202606291354,   0.971,   1.269,9999.000,9999.000,9999.000,9999.000,9999.000,9999.000,9999.000
202606291400,   0.972,   1.279,   0.300,   0.007,   1.279,   0.300,   1.279,   0.300,   1.279
202606291406,   0.973,   1.328,9999.000,9999.000,9999.000,9999.000,9999.000,9999.000,9999.000
202606291412,   0.974,   1.348,9999.000,9999.000,9999.000,9999.000,9999.000,9999.000,9999.000
202606291418,   0.975,   1.229,9999.000,9999.000,9999.000,9999.000,9999.000,9999.000,9999.000
202606291424,   0.975,   1.298,9999.000,9999.000,9999.000,9999.000,9999.000,9999.000,9999.000
202606291430,   0.976,   1.338,9999.000,9999.000,9999.000,9999.000,9999.000,9999.000,9999.000
202606291436,   0.976,   1.259,9999.000,9999.000,9999.000,9999.000,9999.000,9999.000,9999.000
202606291442,   0.976,   1.328,9999.000,9999.000,9999.000,9999.000,9999.000,9999.000,9999.000
202606291448,   0.975,   1.361,9999.000,9999.000,9999.000,9999.000,9999.000,9999.000,9999.000
202606291454,   0.975,   1.338,9999.000,9999.000,9999.000,9999.000,9999.000,9999.000,9999.000
202606291500,   0.974,   1.318,   0.300,   0.044,   1.318,   0.300,   1.318,   0.300,   1.318
202606291506,   0.973,   1.318,9999.000,9999.000,9999.000,9999.000,9999.000,9999.000,9999.000
202606291512,   0.972,   1.318,9999.000,9999.000,9999.000,9999.000,9999.000,9999.000,9999.000
202606291518,   0.971,   1.361,9999.000,9999.000,9999.000,9999.000,9999.000,9999.000,9999.000
202606291524,   0.970,   1.449,9999.000,9999.000,9999.000,9999.000,9999.000,9999.000,9999.000
202606291530,   0.968,9999.000,9999.000,9999.000,9999.000,9999.000,9999.000,9999.000,9999.000
202606291536,   0.966,   1.420,9999.000,9999.000,9999.000,9999.000,9999.000,9999.000,9999.000
202606291542,   0.964,   1.220,9999.000,9999.000,9999.000,9999.000,9999.000,9999.000,9999.000
202606291548,   0.962,   1.298,9999.000,9999.000,9999.000,9999.000,9999.000,9999.000,9999.000
202606291554,   0.960,   1.190,9999.000,9999.000,9999.000,9999.000,9999.000,9999.000,9999.000
202606291600,   0.958,   1.239,   0.300,  -0.019,   1.239,   0.300,   1.239,   0.300,   1.239
202606291606,   0.955,   1.420,9999.000,9999.000,9999.000,9999.000,9999.000,9999.000,9999.000
202606291612,   0.953,9999.000,9999.000,9999.000,9999.000,9999.000,9999.000,9999.000,9999.000
202606291618,   0.950,9999.000,9999.000,9999.000,9999.000,9999.000,9999.000,9999.000,9999.000
202606291624,   0.947,   1.295,9999.000,9999.000,9999.000,9999.000,9999.000,9999.000,9999.000
202606291630,   0.944,9999.000,9999.000,9999.000,9999.000,9999.000,9999.000,9999.000,9999.000
202606291636,   0.941,   1.259,9999.000,9999.000,9999.000,9999.000,9999.000,9999.000,9999.000
202606291642,   0.937,   1.289,9999.000,9999.000,9999.000,9999.000,9999.000,9999.000,9999.000
202606291648,   0.934,   1.259,9999.000,9999.000,9999.000,9999.000,9999.000,9999.000,9999.000
202606291654,   0.930,   1.269,9999.000,9999.000,9999.000,9999.000,9999.000,9999.000,9999.000
202606291700,   0.926,   1.298,   0.300,   0.072,   1.298,   0.300,   1.298,   0.300,   1.298
202606291706,   0.922,   1.318,9999.000,9999.000,9999.000,9999.000,9999.000,9999.000,9999.000
202606291712,   0.918,   1.289,9999.000,9999.000,9999.000,9999.000,9999.000,9999.000,9999.000
202606291718,   0.914,9999.000,9999.000,9999.000,9999.000,9999.000,9999.000,9999.000,9999.000
202606291724,   0.910,   1.318,9999.000,9999.000,9999.000,9999.000,9999.000,9999.000,9999.000
202606291730,   0.905,   1.338,9999.000,9999.000,9999.000,9999.000,9999.000,9999.000,9999.000
202606291736,   0.900,   1.318,9999.000,9999.000,9999.000,9999.000,9999.000,9999.000,9999.000
202606291742,   0.895,   1.289,9999.000,9999.000,9999.000,9999.000,9999.000,9999.000,9999.000
202606291748,   0.890,9999.000,9999.000,9999.000,9999.000,9999.000,9999.000,9999.000,9999.000
202606291754,   0.885,   1.229,9999.000,9999.000,9999.000,9999.000,9999.000,9999.000,9999.000
202606291800,   0.880,   1.269,   0.400,  -0.011,   1.269,   0.400,   1.269,   0.400,   1.269
202606291806,   0.874,   1.289,9999.000,9999.000,9999.000,9999.000,9999.000,9999.000,9999.000
202606291812,   0.868,   1.279,9999.000,9999.000,9999.000,9999.000,9999.000,9999.000,9999.000
202606291818,   0.862,   1.289,9999.000,9999.000,9999.000,9999.000,9999.000,9999.000,9999.000
202606291824,   0.855,   1.259,9999.000,9999.000,9999.000,9999.000,9999.000,9999.000,9999.000
202606291830,   0.848,   1.229,9999.000,9999.000,9999.000,9999.000,9999.000,9999.000,9999.000
202606291836,   0.841,   1.220,9999.000,9999.000,9999.000,9999.000,9999.000,9999.000,9999.000
202606291842,   0.834,   1.190,9999.000,9999.000,9999.000,9999.000,9999.000,9999.000,9999.000
202606291848,   0.826,   1.180,9999.000,9999.000,9999.000,9999.000,9999.000,9999.000,9999.000
202606291854,   0.818,   1.180,9999.000,9999.000,9999.000,9999.000,9999.000,9999.000,9999.000
202606291900,   0.809,   1.190,   0.400,  -0.019,   1.190,   0.400,   1.190,   0.400,   1.190
202606291906,   0.800,   1.180,9999.000,9999.000,9999.000,9999.000,9999.000,9999.000,9999.000
202606291912,   0.791,   1.161,9999.000,9999.000,9999.000,9999.000,9999.000,9999.000,9999.000
202606291918,   0.781,   1.151,9999.000,9999.000,9999.000,9999.000,9999.000,9999.000,9999.000
202606291924,   0.771,   1.138,9999.000,9999.000,9999.000,9999.000,9999.000,9999.000,9999.000
202606291930,   0.761,   1.079,9999.000,9999.000,9999.000,9999.000,9999.000,9999.000,9999.000
202606291936,   0.750,   1.020,9999.000,9999.000,9999.000,9999.000,9999.000,9999.000,9999.000
202606291942,   0.738,   1.000,9999.000,9999.000,9999.000,9999.000,9999.000,9999.000,9999.000
202606291948,   0.726,   1.010,9999.000,9999.000,9999.000,9999.000,9999.000,9999.000,9999.000
202606291954,   0.714,   1.049,9999.000,9999.000,9999.000,9999.000,9999.000,9999.000,9999.000
202606292000,   0.701,   1.088,   0.400,  -0.013,   1.088,   0.400,   1.088,   0.400,   1.088
202606292006,   0.687,   1.010,9999.000,9999.000,9999.000,9999.000,9999.000,9999.000,9999.000
202606292012,   0.673,   1.000,9999.000,9999.000,9999.000,9999.000,9999.000,9999.000,9999.000
202606292018,   0.659,   1.010,9999.000,9999.000,9999.000,9999.000,9999.000,9999.000,9999.000
202606292024,   0.644,   0.970,9999.000,9999.000,9999.000,9999.000,9999.000,9999.000,9999.000
202606292030,   0.628,   0.961,9999.000,9999.000,9999.000,9999.000,9999.000,9999.000,9999.000
202606292036,   0.612,   0.961,9999.000,9999.000,9999.000,9999.000,9999.000,9999.000,9999.000
202606292042,   0.596,   0.961,9999.000,9999.000,9999.000,9999.000,9999.000,9999.000,9999.000
202606292048,   0.579,   0.951,9999.000,9999.000,9999.000,9999.000,9999.000,9999.000,9999.000
202606292054,   0.561,   0.941,9999.000,9999.000,9999.000,9999.000,9999.000,9999.000,9999.000
202606292100,   0.543,   0.898,   0.400,  -0.045,   0.898,   0.400,   0.898,   0.400,   0.898
202606292106,   0.525,   0.859,9999.000,9999.000,9999.000,9999.000,9999.000,9999.000,9999.000
202606292112,   0.506,   0.849,9999.000,9999.000,9999.000,9999.000,9999.000,9999.000,9999.000
202606292118,   0.486,   0.829,9999.000,9999.000,9999.000,9999.000,9999.000,9999.000,9999.000
202606292124,   0.467,   0.810,9999.000,9999.000,9999.000,9999.000,9999.000,9999.000,9999.000
202606292130,   0.447,   0.810,9999.000,9999.000,9999.000,9999.000,9999.000,9999.000,9999.000
202606292136,   0.426,   0.800,9999.000,9999.000,9999.000,9999.000,9999.000,9999.000,9999.000
202606292142,   0.405,   0.770,9999.000,9999.000,9999.000,9999.000,9999.000,9999.000,9999.000
202606292148,   0.384,9999.000,9999.000,9999.000,9999.000,9999.000,9999.000,9999.000,9999.000
202606292154,   0.363,9999.000,9999.000,9999.000,9999.000,9999.000,9999.000,9999.000,9999.000
202606292200,   0.341,9999.000,   0.400,9999.000,   0.741,   0.400,   0.741,   0.400,   0.741
202606292206,   0.319,9999.000,9999.000,9999.000,9999.000,9999.000,9999.000,9999.000,9999.000
202606292212,   0.297,9999.000,9999.000,9999.000,9999.000,9999.000,9999.000,9999.000,9999.000
202606292218,   0.275,9999.000,9999.000,9999.000,9999.000,9999.000,9999.000,9999.000,9999.000
202606292224,   0.252,   0.396,9999.000,9999.000,9999.000,9999.000,9999.000,9999.000,9999.000
202606292230,   0.230,9999.000,9999.000,9999.000,9999.000,9999.000,9999.000,9999.000,9999.000
202606292236,   0.207,9999.000,9999.000,9999.000,9999.000,9999.000,9999.000,9999.000,9999.000
202606292242,   0.185,9999.000,9999.000,9999.000,9999.000,9999.000,9999.000,9999.000,9999.000
202606292248,   0.162,9999.000,9999.000,9999.000,9999.000,9999.000,9999.000,9999.000,9999.000
202606292254,   0.140,   0.419,9999.000,9999.000,9999.000,9999.000,9999.000,9999.000,9999.000
202606292300,   0.117,   0.400,   0.400,  -0.117,   0.400,   0.400,   0.400,   0.400,   0.400
202606292306,   0.095,   0.360,9999.000,9999.000,9999.000,9999.000,9999.000,9999.000,9999.000
202606292312,   0.073,   0.321,9999.000,9999.000,9999.000,9999.000,9999.000,9999.000,9999.000
202606292318,   0.051,9999.000,9999.000,9999.000,9999.000,9999.000,9999.000,9999.000,9999.000
202606292324,   0.029,   0.278,9999.000,9999.000,9999.000,9999.000,9999.000,9999.000,9999.000
202606292330,   0.008,   0.350,9999.000,9999.000,9999.000,9999.000,9999.000,9999.000,9999.000
202606292336,  -0.012,  -0.341,9999.000,9999.000,9999.000,9999.000,9999.000,9999.000,9999.000
202606292342,  -0.033,   0.141,9999.000,9999.000,9999.000,9999.000,9999.000,9999.000,9999.000
202606292348,  -0.053,   0.508,9999.000,9999.000,9999.000,9999.000,9999.000,9999.000,9999.000
202606292354,  -0.073,   0.200,9999.000,9999.000,9999.000,9999.000,9999.000,9999.000,9999.000
202606300000,  -0.093,   0.209,   0.500,  -0.198,   0.209,   0.400,   0.109,   0.500,   0.209
202606300006,  -0.112,   0.190,9999.000,9999.000,9999.000,9999.000,9999.000,9999.000,9999.000
202606300012,  -0.130,   0.190,9999.000,9999.000,9999.000,9999.000,9999.000,9999.000,9999.000
202606300018,  -0.148,9999.000,9999.000,9999.000,9999.000,9999.000,9999.000,9999.000,9999.000
202606300024,  -0.166,   0.141,9999.000,9999.000,9999.000,9999.000,9999.000,9999.000,9999.000
202606300030,  -0.182,   0.141,9999.000,9999.000,9999.000,9999.000,9999.000,9999.000,9999.000
202606300036,  -0.199,   0.088,9999.000,9999.000,9999.000,9999.000,9999.000,9999.000,9999.000
202606300042,  -0.214,   0.121,9999.000,9999.000,9999.000,9999.000,9999.000,9999.000,9999.000
202606300048,  -0.229,9999.000,9999.000,9999.000,9999.000,9999.000,9999.000,9999.000,9999.000
202606300054,  -0.243,   0.032,9999.000,9999.000,9999.000,9999.000,9999.000,9999.000,9999.000
202606300100,  -0.257,   0.088,   0.500,  -0.155,   0.088,   0.400,  -0.012,   0.500,   0.088
202606300106,  -0.270,   0.160,9999.000,9999.000,9999.000,9999.000,9999.000,9999.000,9999.000
202606300112,  -0.282,   0.019,9999.000,9999.000,9999.000,9999.000,9999.000,9999.000,9999.000
202606300118,  -0.293,   0.370,9999.000,9999.000,9999.000,9999.000,9999.000,9999.000,9999.000
202606300124,  -0.304,   0.019,9999.000,9999.000,9999.000,9999.000,9999.000,9999.000,9999.000
202606300130,  -0.314,   0.029,9999.000,9999.000,9999.000,9999.000,9999.000,9999.000,9999.000
202606300136,  -0.323,   0.068,9999.000,9999.000,9999.000,9999.000,9999.000,9999.000,9999.000
202606300142,  -0.331,   0.068,9999.000,9999.000,9999.000,9999.000,9999.000,9999.000,9999.000
202606300148,  -0.338,9999.000,9999.000,9999.000,9999.000,9999.000,9999.000,9999.000,9999.000
202606300154,  -0.345,  -0.029,9999.000,9999.000,9999.000,9999.000,9999.000,9999.000,9999.000
202606300200,  -0.350,  -0.088,   0.500,  -0.238,  -0.088,   0.500,  -0.088,   0.500,  -0.088
202606300206,  -0.355,  -0.088,9999.000,9999.000,9999.000,9999.000,9999.000,9999.000,9999.000
202606300212,  -0.359,  -0.111,9999.000,9999.000,9999.000,9999.000,9999.000,9999.000,9999.000
202606300218,  -0.363,  -0.088,9999.000,9999.000,9999.000,9999.000,9999.000,9999.000,9999.000
202606300224,  -0.365,  -0.059,9999.000,9999.000,9999.000,9999.000,9999.000,9999.000,9999.000
202606300230,  -0.366,  -0.009,9999.000,9999.000,9999.000,9999.000,9999.000,9999.000,9999.000
202606300236,  -0.367,   0.019,9999.000,9999.000,9999.000,9999.000,9999.000,9999.000,9999.000
202606300242,  -0.367,   0.019,9999.000,9999.000,9999.000,9999.000,9999.000,9999.000,9999.000
202606300248,  -0.366,   0.000,9999.000,9999.000,9999.000,9999.000,9999.000,9999.000,9999.000
202606300254,  -0.364,  -0.019,9999.000,9999.000,9999.000,9999.000,9999.000,9999.000,9999.000
202606300300,  -0.361,  -0.009,   0.500,  -0.148,  -0.009,   0.500,  -0.009,   0.500,  -0.009
202606300306,  -0.357,  -0.029,9999.000,9999.000,9999.000,9999.000,9999.000,9999.000,9999.000
202606300312,  -0.353,  -0.098,9999.000,9999.000,9999.000,9999.000,9999.000,9999.000,9999.000
202606300318,  -0.347,  -0.059,9999.000,9999.000,9999.000,9999.000,9999.000,9999.000,9999.000
202606300324,  -0.341,  -0.019,9999.000,9999.000,9999.000,9999.000,9999.000,9999.000,9999.000
202606300330,  -0.334,  -0.029,9999.000,9999.000,9999.000,9999.000,9999.000,9999.000,9999.000
202606300336,  -0.326,   0.000,9999.000,9999.000,9999.000,9999.000,9999.000,9999.000,9999.000
202606300342,  -0.317,   0.000,9999.000,9999.000,9999.000,9999.000,9999.000,9999.000,9999.000
202606300348,  -0.308,   0.000,9999.000,9999.000,9999.000,9999.000,9999.000,9999.000,9999.000
202606300354,  -0.298,   0.000,9999.000,9999.000,9999.000,9999.000,9999.000,9999.000,9999.000
202606300400,  -0.286,   0.009,   0.500,  -0.205,   0.009,   0.500,   0.009,   0.500,   0.009
202606300406,  -0.275,   0.059,9999.000,9999.000,9999.000,9999.000,9999.000,9999.000,9999.000
202606300412,  -0.262,   0.068,9999.000,9999.000,9999.000,9999.000,9999.000,9999.000,9999.000
202606300418,  -0.248,   0.059,9999.000,9999.000,9999.000,9999.000,9999.000,9999.000,9999.000
202606300424,  -0.234,   0.098,9999.000,9999.000,9999.000,9999.000,9999.000,9999.000,9999.000
202606300430,  -0.219,   0.068,9999.000,9999.000,9999.000,9999.000,9999.000,9999.000,9999.000
202606300436,  -0.204,   0.059,9999.000,9999.000,9999.000,9999.000,9999.000,9999.000,9999.000
202606300442,  -0.188,   0.088,9999.000,9999.000,9999.000,9999.000,9999.000,9999.000,9999.000
202606300448,  -0.171,   0.121,9999.000,9999.000,9999.000,9999.000,9999.000,9999.000,9999.000
202606300454,  -0.153,   0.150,9999.000,9999.000,9999.000,9999.000,9999.000,9999.000,9999.000
202606300500,  -0.135,   0.170,   0.500,  -0.195,   0.170,   0.400,   0.070,   0.500,   0.170
202606300506,  -0.117,   0.200,9999.000,9999.000,9999.000,9999.000,9999.000,9999.000,9999.000
202606300512,  -0.097,   0.200,9999.000,9999.000,9999.000,9999.000,9999.000,9999.000,9999.000
202606300518,  -0.078,   0.209,9999.000,9999.000,9999.000,9999.000,9999.000,9999.000,9999.000
202606300524,  -0.058,   0.259,9999.000,9999.000,9999.000,9999.000,9999.000,9999.000,9999.000
202606300530,  -0.037,   0.249,9999.000,9999.000,9999.000,9999.000,9999.000,9999.000,9999.000
202606300536,  -0.016,   0.259,9999.000,9999.000,9999.000,9999.000,9999.000,9999.000,9999.000
202606300542,   0.005,   0.278,9999.000,9999.000,9999.000,9999.000,9999.000,9999.000,9999.000
202606300548,   0.026,   0.308,9999.000,9999.000,9999.000,9999.000,9999.000,9999.000,9999.000
202606300554,   0.048,   0.331,9999.000,9999.000,9999.000,9999.000,9999.000,9999.000,9999.000
202606300600,   0.071,   0.370,   0.400,  -0.101,   0.370,   0.300,   0.270,   0.400,   0.370
202606300606,   0.093,   0.390,9999.000,9999.000,9999.000,9999.000,9999.000,9999.000,9999.000
202606300612,   0.116,   0.400,9999.000,9999.000,9999.000,9999.000,9999.000,9999.000,9999.000
202606300618,   0.139,   0.439,9999.000,9999.000,9999.000,9999.000,9999.000,9999.000,9999.000
202606300624,   0.162,   0.469,9999.000,9999.000,9999.000,9999.000,9999.000,9999.000,9999.000
202606300630,   0.185,   0.518,9999.000,9999.000,9999.000,9999.000,9999.000,9999.000,9999.000
202606300636,   0.208,   0.551,9999.000,9999.000,9999.000,9999.000,9999.000,9999.000,9999.000
202606300642,   0.231,   0.551,9999.000,9999.000,9999.000,9999.000,9999.000,9999.000,9999.000
202606300648,   0.254,   0.570,9999.000,9999.000,9999.000,9999.000,9999.000,9999.000,9999.000
202606300654,   0.276,   0.580,9999.000,9999.000,9999.000,9999.000,9999.000,9999.000,9999.000
202606300700,   0.299,   0.610,   0.400,  -0.089,   0.610,   0.400,   0.610,   0.400,   0.610
202606300706,   0.322,   0.669,9999.000,9999.000,9999.000,9999.000,9999.000,9999.000,9999.000
202606300712,   0.344,   0.708,9999.000,9999.000,9999.000,9999.000,9999.000,9999.000,9999.000
202606300718,   0.366,   0.731,9999.000,9999.000,9999.000,9999.000,9999.000,9999.000,9999.000
202606300724,   0.388,   0.751,9999.000,9999.000,9999.000,9999.000,9999.000,9999.000,9999.000
202606300730,   0.409,   0.770,9999.000,9999.000,9999.000,9999.000,9999.000,9999.000,9999.000
202606300736,   0.430,   0.790,9999.000,9999.000,9999.000,9999.000,9999.000,9999.000,9999.000
202606300742,   0.451,   0.829,9999.000,9999.000,9999.000,9999.000,9999.000,9999.000,9999.000
202606300748,   0.471,   0.869,9999.000,9999.000,9999.000,9999.000,9999.000,9999.000,9999.000
202606300754,   0.491,   0.888,9999.000,9999.000,9999.000,9999.000,9999.000,9999.000,9999.000
202606300800,   0.510,   0.898,   0.400,  -0.012,   0.898,   0.400,   0.898,   0.400,   0.898
202606300806,   0.529,   0.908,9999.000,9999.000,9999.000,9999.000,9999.000,9999.000,9999.000
202606300812,   0.547,   0.918,9999.000,9999.000,9999.000,9999.000,9999.000,9999.000,9999.000
202606300818,   0.564,   0.928,9999.000,9999.000,9999.000,9999.000,9999.000,9999.000,9999.000
202606300824,   0.582,   0.951,9999.000,9999.000,9999.000,9999.000,9999.000,9999.000,9999.000
202606300830,   0.598,   0.961,9999.000,9999.000,9999.000,9999.000,9999.000,9999.000,9999.000
202606300836,   0.614,   1.000,9999.000,9999.000,9999.000,9999.000,9999.000,9999.000,9999.000
202606300842,   0.629,   1.029,9999.000,9999.000,9999.000,9999.000,9999.000,9999.000,9999.000
202606300848,   0.644,   1.039,9999.000,9999.000,9999.000,9999.000,9999.000,9999.000,9999.000
202606300854,   0.658,   1.029,9999.000,9999.000,9999.000,9999.000,9999.000,9999.000,9999.000
202606300900,   0.672,   1.029,   0.400,  -0.043,   1.029,   0.300,   0.929,   0.400,   1.029
202606300906,   0.685,   1.039,9999.000,9999.000,9999.000,9999.000,9999.000,9999.000,9999.000
202606300912,   0.697,   1.069,9999.000,9999.000,9999.000,9999.000,9999.000,9999.000,9999.000
202606300918,   0.709,   1.039,9999.000,9999.000,9999.000,9999.000,9999.000,9999.000,9999.000
202606300924,   0.720,   1.059,9999.000,9999.000,9999.000,9999.000,9999.000,9999.000,9999.000
202606300930,   0.731,   1.059,9999.000,9999.000,9999.000,9999.000,9999.000,9999.000,9999.000
202606300936,   0.741,   1.059,9999.000,9999.000,9999.000,9999.000,9999.000,9999.000,9999.000
202606300942,   0.751,   1.088,9999.000,9999.000,9999.000,9999.000,9999.000,9999.000,9999.000
202606300948,   0.760,   1.128,9999.000,9999.000,9999.000,9999.000,9999.000,9999.000,9999.000
202606300954,   0.768,   1.138,9999.000,9999.000,9999.000,9999.000,9999.000,9999.000,9999.000
202606301000,   0.776,   1.161,   0.400,  -0.015,   1.161,   0.400,   1.161,   0.400,   1.161
202606301006,   0.784,   1.161,9999.000,9999.000,9999.000,9999.000,9999.000,9999.000,9999.000
202606301012,   0.791,   1.151,9999.000,9999.000,9999.000,9999.000,9999.000,9999.000,9999.000
202606301018,   0.798,   1.108,9999.000,9999.000,9999.000,9999.000,9999.000,9999.000,9999.000
202606301024,   0.804,   1.088,9999.000,9999.000,9999.000,9999.000,9999.000,9999.000,9999.000
202606301030,   0.810,   1.098,9999.000,9999.000,9999.000,9999.000,9999.000,9999.000,9999.000
202606301036,   0.816,   1.128,9999.000,9999.000,9999.000,9999.000,9999.000,9999.000,9999.000
202606301042,   0.821,   1.161,9999.000,9999.000,9999.000,9999.000,9999.000,9999.000,9999.000
202606301048,   0.827,   1.200,9999.000,9999.000,9999.000,9999.000,9999.000,9999.000,9999.000
202606301054,   0.831,   1.200,9999.000,9999.000,9999.000,9999.000,9999.000,9999.000,9999.000
202606301100,   0.836,   1.190,   0.400,  -0.046,   1.190,   0.400,   1.190,   0.400,   1.190
202606301106,   0.841,   1.200,9999.000,9999.000,9999.000,9999.000,9999.000,9999.000,9999.000
202606301112,   0.845,   1.220,9999.000,9999.000,9999.000,9999.000,9999.000,9999.000,9999.000
202606301118,   0.849,   1.229,9999.000,9999.000,9999.000,9999.000,9999.000,9999.000,9999.000
202606301124,   0.853,   1.239,9999.000,9999.000,9999.000,9999.000,9999.000,9999.000,9999.000
202606301130,   0.857,   1.239,9999.000,9999.000,9999.000,9999.000,9999.000,9999.000,9999.000
202606301136,   0.860,   1.239,9999.000,9999.000,9999.000,9999.000,9999.000,9999.000,9999.000
202606301142,   0.864,   1.249,9999.000,9999.000,9999.000,9999.000,9999.000,9999.000,9999.000
202606301148,   0.868,9999.000,9999.000,9999.000,9999.000,9999.000,9999.000,9999.000,9999.000
202606301154,   0.871,   1.239,9999.000,9999.000,9999.000,9999.000,9999.000,9999.000,9999.000
202606301200,   0.874,   1.239,   0.400,  -0.035,   1.239,   0.400,   1.239,   0.400,   1.239
202606301206,   0.878,   1.249,9999.000,9999.000,9999.000,9999.000,9999.000,9999.000,9999.000
202606301212,   0.881,   1.249,9999.000,9999.000,9999.000,9999.000,9999.000,9999.000,9999.000
202606301218,   0.885,   1.259,9999.000,9999.000,9999.000,9999.000,9999.000,9999.000,9999.000
202606301224,   0.888,   1.259,9999.000,9999.000,9999.000,9999.000,9999.000,9999.000,9999.000
202606301230,   0.891,   1.279,9999.000,9999.000,9999.000,9999.000,9999.000,9999.000,9999.000
202606301236,   0.895,   1.269,9999.000,9999.000,9999.000,9999.000,9999.000,9999.000,9999.000
202606301242,   0.898,   1.289,9999.000,9999.000,9999.000,9999.000,9999.000,9999.000,9999.000
202606301248,   0.901,   1.279,9999.000,9999.000,9999.000,9999.000,9999.000,9999.000,9999.000
202606301254,   0.905,   1.249,9999.000,9999.000,9999.000,9999.000,9999.000,9999.000,9999.000
202606301300,   0.908,   1.259,   0.400,  -0.049,   1.259,   0.400,   1.259,   0.400,   1.259
202606301306,   0.911,   1.279,9999.000,9999.000,9999.000,9999.000,9999.000,9999.000,9999.000
202606301312,   0.914,   1.279,9999.000,9999.000,9999.000,9999.000,9999.000,9999.000,9999.000
202606301318,   0.918,   1.298,9999.000,9999.000,9999.000,9999.000,9999.000,9999.000,9999.000
202606301324,   0.921,   1.279,9999.000,9999.000,9999.000,9999.000,9999.000,9999.000,9999.000
202606301330,   0.924,   1.279,9999.000,9999.000,9999.000,9999.000,9999.000,9999.000,9999.000
202606301336,   0.927,   1.269,9999.000,9999.000,9999.000,9999.000,9999.000,9999.000,9999.000
202606301342,   0.930,   1.289,9999.000,9999.000,9999.000,9999.000,9999.000,9999.000,9999.000
202606301348,   0.933,   1.298,9999.000,9999.000,9999.000,9999.000,9999.000,9999.000,9999.000
202606301354,   0.936,   1.338,9999.000,9999.000,9999.000,9999.000,9999.000,9999.000,9999.000
202606301400,   0.938,   1.371,   0.400,   0.033,   1.371,   0.400,   1.371,   0.400,   1.371
202606301406,   0.941,   1.410,9999.000,9999.000,9999.000,9999.000,9999.000,9999.000,9999.000
202606301412,   0.943,   1.390,9999.000,9999.000,9999.000,9999.000,9999.000,9999.000,9999.000
202606301418,   0.945,   1.439,9999.000,9999.000,9999.000,9999.000,9999.000,9999.000,9999.000
202606301424,   0.948,   1.220,9999.000,9999.000,9999.000,9999.000,9999.000,9999.000,9999.000
202606301430,   0.950,   0.908,9999.000,9999.000,9999.000,9999.000,9999.000,9999.000,9999.000
202606301436,   0.951,   1.380,9999.000,9999.000,9999.000,9999.000,9999.000,9999.000,9999.000
202606301442,   0.953,   1.390,9999.000,9999.000,9999.000,9999.000,9999.000,9999.000,9999.000
202606301448,   0.954,   1.371,9999.000,9999.000,9999.000,9999.000,9999.000,9999.000,9999.000
202606301454,   0.956,   1.410,9999.000,9999.000,9999.000,9999.000,9999.000,9999.000,9999.000
202606301500,   0.957,   1.430,   0.400,   0.073,   1.430,   0.400,   1.430,   0.400,   1.430
202606301506,   0.958,   1.439,9999.000,9999.000,9999.000,9999.000,9999.000,9999.000,9999.000
202606301512,   0.958,9999.000,9999.000,9999.000,9999.000,9999.000,9999.000,9999.000,9999.000
202606301518,   0.959,9999.000,9999.000,9999.000,9999.000,9999.000,9999.000,9999.000,9999.000
202606301524,   0.959,   1.361,9999.000,9999.000,9999.000,9999.000,9999.000,9999.000,9999.000
202606301530,   0.959,   1.439,9999.000,9999.000,9999.000,9999.000,9999.000,9999.000,9999.000
202606301536,   0.959,   1.518,9999.000,9999.000,9999.000,9999.000,9999.000,9999.000,9999.000
202606301542,   0.958,   0.859,9999.000,9999.000,9999.000,9999.000,9999.000,9999.000,9999.000
202606301548,   0.958,   1.489,9999.000,9999.000,9999.000,9999.000,9999.000,9999.000,9999.000
202606301554,   0.957,   1.348,9999.000,9999.000,9999.000,9999.000,9999.000,9999.000,9999.000
202606301600,   0.956,   1.420,   0.400,   0.064,   1.420,   0.300,   1.320,   0.400,   1.420
202606301606,   0.955,   1.390,9999.000,9999.000,9999.000,9999.000,9999.000,9999.000,9999.000
202606301612,   0.953,   1.380,9999.000,9999.000,9999.000,9999.000,9999.000,9999.000,9999.000
202606301618,   0.952,   1.400,9999.000,9999.000,9999.000,9999.000,9999.000,9999.000,9999.000
202606301624,   0.950,   1.348,9999.000,9999.000,9999.000,9999.000,9999.000,9999.000,9999.000
202606301630,   0.948,   1.348,9999.000,9999.000,9999.000,9999.000,9999.000,9999.000,9999.000
202606301636,   0.946,   1.518,9999.000,9999.000,9999.000,9999.000,9999.000,9999.000,9999.000
202606301642,   0.944,   1.229,9999.000,9999.000,9999.000,9999.000,9999.000,9999.000,9999.000
202606301648,   0.942,9999.000,9999.000,9999.000,9999.000,9999.000,9999.000,9999.000,9999.000
202606301654,   0.939,   1.325,9999.000,9999.000,9999.000,9999.000,9999.000,9999.000,9999.000
202606301700,   0.937,   1.325,   0.300,   0.088,   1.325,   0.300,   1.325,   0.400,   1.425
202606301706,   0.934,9999.000,9999.000,9999.000,9999.000,9999.000,9999.000,9999.000,9999.000
202606301712,   0.931,9999.000,9999.000,9999.000,9999.000,9999.000,9999.000,9999.000,9999.000
202606301718,   0.928,9999.000,9999.000,9999.000,9999.000,9999.000,9999.000,9999.000,9999.000
202606301724,   0.925,   1.361,9999.000,9999.000,9999.000,9999.000,9999.000,9999.000,9999.000
202606301730,   0.921,   1.318,9999.000,9999.000,9999.000,9999.000,9999.000,9999.000,9999.000
202606301736,   0.918,   1.318,9999.000,9999.000,9999.000,9999.000,9999.000,9999.000,9999.000
202606301742,   0.914,   1.318,9999.000,9999.000,9999.000,9999.000,9999.000,9999.000,9999.000
202606301748,   0.911,9999.000,9999.000,9999.000,9999.000,9999.000,9999.000,9999.000,9999.000
202606301754,   0.907,9999.000,9999.000,9999.000,9999.000,9999.000,9999.000,9999.000,9999.000
202606301800,   0.903,9999.000,   0.500,9999.000,   1.403,   0.400,   1.303,   0.500,   1.403
202606301806,   0.899,9999.000,9999.000,9999.000,9999.000,9999.000,9999.000,9999.000,9999.000
202606301812,   0.894,9999.000,9999.000,9999.000,9999.000,9999.000,9999.000,9999.000,9999.000
202606301818,   0.890,9999.000,9999.000,9999.000,9999.000,9999.000,9999.000,9999.000,9999.000
202606301824,   0.885,   1.344,9999.000,9999.000,9999.000,9999.000,9999.000,9999.000,9999.000
202606301830,   0.880,9999.000,9999.000,9999.000,9999.000,9999.000,9999.000,9999.000,9999.000
202606301836,   0.875,9999.000,9999.000,9999.000,9999.000,9999.000,9999.000,9999.000,9999.000
202606301842,   0.870,9999.000,9999.000,9999.000,9999.000,9999.000,9999.000,9999.000,9999.000
202606301848,   0.865,9999.000,9999.000,9999.000,9999.000,9999.000,9999.000,9999.000,9999.000
202606301854,   0.859,   1.328,9999.000,9999.000,9999.000,9999.000,9999.000,9999.000,9999.000
202606301900,   0.853,   1.338,   0.500,  -0.015,   1.338,   0.500,   1.338,   0.500,   1.338
202606301906,   0.846,   1.338,9999.000,9999.000,9999.000,9999.000,9999.000,9999.000,9999.000
202606301912,   0.840,   1.318,9999.000,9999.000,9999.000,9999.000,9999.000,9999.000,9999.000
202606301918,   0.833,   1.298,9999.000,9999.000,9999.000,9999.000,9999.000,9999.000,9999.000
202606301924,   0.826,   1.289,9999.000,9999.000,9999.000,9999.000,9999.000,9999.000,9999.000
202606301930,   0.818,   1.298,9999.000,9999.000,9999.000,9999.000,9999.000,9999.000,9999.000
202606301936,   0.810,   1.318,9999.000,9999.000,9999.000,9999.000,9999.000,9999.000,9999.000
202606301942,   0.801,   1.308,9999.000,9999.000,9999.000,9999.000,9999.000,9999.000,9999.000
202606301948,   0.793,   1.298,9999.000,9999.000,9999.000,9999.000,9999.000,9999.000,9999.000
202606301954,   0.783,   1.279,9999.000,9999.000,9999.000,9999.000,9999.000,9999.000,9999.000
202606302000,   0.774,   1.279,   0.500,   0.005,   1.279,   0.500,   1.279,   0.500,   1.279
202606302006,   0.763,   1.269,9999.000,9999.000,9999.000,9999.000,9999.000,9999.000,9999.000
202606302012,   0.753,   1.269,9999.000,9999.000,9999.000,9999.000,9999.000,9999.000,9999.000
202606302018,   0.742,   1.269,9999.000,9999.000,9999.000,9999.000,9999.000,9999.000,9999.000
202606302024,   0.730,   1.249,9999.000,9999.000,9999.000,9999.000,9999.000,9999.000,9999.000
202606302030,   0.718,   1.220,9999.000,9999.000,9999.000,9999.000,9999.000,9999.000,9999.000
202606302036,   0.705,   1.210,9999.000,9999.000,9999.000,9999.000,9999.000,9999.000,9999.000
202606302042,   0.692,   1.200,9999.000,9999.000,9999.000,9999.000,9999.000,9999.000,9999.000
202606302048,   0.678,   1.210,9999.000,9999.000,9999.000,9999.000,9999.000,9999.000,9999.000
202606302054,   0.664,   1.220,9999.000,9999.000,9999.000,9999.000,9999.000,9999.000,9999.000
202606302100,   0.650,   1.170,   0.500,   0.020,   1.170,   0.500,   1.170,   0.500,   1.170
202606302106,   0.634,   1.200,9999.000,9999.000,9999.000,9999.000,9999.000,9999.000,9999.000
202606302112,   0.618,   1.180,9999.000,9999.000,9999.000,9999.000,9999.000,9999.000,9999.000
202606302118,   0.602,   1.180,9999.000,9999.000,9999.000,9999.000,9999.000,9999.000,9999.000
202606302124,   0.585,   1.170,9999.000,9999.000,9999.000,9999.000,9999.000,9999.000,9999.000
202606302130,   0.568,   1.118,9999.000,9999.000,9999.000,9999.000,9999.000,9999.000,9999.000
202606302136,   0.550,   1.059,9999.000,9999.000,9999.000,9999.000,9999.000,9999.000,9999.000
202606302142,   0.531,   1.000,9999.000,9999.000,9999.000,9999.000,9999.000,9999.000,9999.000
202606302148,   0.513,   0.970,9999.000,9999.000,9999.000,9999.000,9999.000,9999.000,9999.000
202606302154,   0.493,   0.990,9999.000,9999.000,9999.000,9999.000,9999.000,9999.000,9999.000
202606302200,   0.474,   0.970,   0.500,  -0.004,   0.970,   0.500,   0.970,   0.500,   0.970
202606302206,   0.454,   0.951,9999.000,9999.000,9999.000,9999.000,9999.000,9999.000,9999.000
202606302212,   0.434,   0.898,9999.000,9999.000,9999.000,9999.000,9999.000,9999.000,9999.000
202606302218,   0.413,   0.928,9999.000,9999.000,9999.000,9999.000,9999.000,9999.000,9999.000
202606302224,   0.392,   1.039,9999.000,9999.000,9999.000,9999.000,9999.000,9999.000,9999.000
202606302230,   0.371,   0.629,9999.000,9999.000,9999.000,9999.000,9999.000,9999.000,9999.000
202606302236,   0.349,   0.810,9999.000,9999.000,9999.000,9999.000,9999.000,9999.000,9999.000
202606302242,   0.328,   0.839,9999.000,9999.000,9999.000,9999.000,9999.000,9999.000,9999.000
202606302248,   0.306,   0.741,9999.000,9999.000,9999.000,9999.000,9999.000,9999.000,9999.000
202606302254,   0.284,   0.741,9999.000,9999.000,9999.000,9999.000,9999.000,9999.000,9999.000
202606302300,   0.262,   0.741,   0.500,  -0.021,   0.741,   0.500,   0.741,   0.500,   0.741
202606302306,   0.240,9999.000,9999.000,9999.000,9999.000,9999.000,9999.000,9999.000,9999.000
202606302312,   0.218,9999.000,9999.000,9999.000,9999.000,9999.000,9999.000,9999.000,9999.000
202606302318,   0.196,9999.000,9999.000,9999.000,9999.000,9999.000,9999.000,9999.000,9999.000
202606302324,   0.173,   0.498,9999.000,9999.000,9999.000,9999.000,9999.000,9999.000,9999.000
202606302330,   0.152,   0.619,9999.000,9999.000,9999.000,9999.000,9999.000,9999.000,9999.000
202606302336,   0.130,   0.590,9999.000,9999.000,9999.000,9999.000,9999.000,9999.000,9999.000
202606302342,   0.108,   0.590,9999.000,9999.000,9999.000,9999.000,9999.000,9999.000,9999.000
202606302348,   0.087,   0.551,9999.000,9999.000,9999.000,9999.000,9999.000,9999.000,9999.000
202606302354,   0.065,   0.508,9999.000,9999.000,9999.000,9999.000,9999.000,9999.000,9999.000
202607010000,   0.044,   0.498,   0.600,  -0.146,   0.498,   0.600,   0.498,   0.600,   0.498
202607010006,   0.024,   0.469,9999.000,9999.000,9999.000,9999.000,9999.000,9999.000,9999.000
202607010012,   0.003,   0.449,9999.000,9999.000,9999.000,9999.000,9999.000,9999.000,9999.000
202607010018,  -0.016,   0.429,9999.000,9999.000,9999.000,9999.000,9999.000,9999.000,9999.000
202607010024,  -0.035,   0.419,9999.000,9999.000,9999.000,9999.000,9999.000,9999.000,9999.000
202607010030,  -0.055,   0.400,9999.000,9999.000,9999.000,9999.000,9999.000,9999.000,9999.000
202607010036,  -0.073,   0.400,9999.000,9999.000,9999.000,9999.000,9999.000,9999.000,9999.000
202607010042,  -0.092,   0.380,9999.000,9999.000,9999.000,9999.000,9999.000,9999.000,9999.000
202607010048,  -0.109,   0.360,9999.000,9999.000,9999.000,9999.000,9999.000,9999.000,9999.000
202607010054,  -0.127,   0.341,9999.000,9999.000,9999.000,9999.000,9999.000,9999.000,9999.000
202607010100,  -0.143,   0.308,   0.600,  -0.149,   0.308,   0.600,   0.308,   0.600,   0.308
202607010106,  -0.159,   0.298,9999.000,9999.000,9999.000,9999.000,9999.000,9999.000,9999.000
202607010112,  -0.175,   0.321,9999.000,9999.000,9999.000,9999.000,9999.000,9999.000,9999.000
202607010118,  -0.190,   0.298,9999.000,9999.000,9999.000,9999.000,9999.000,9999.000,9999.000
202607010124,  -0.204,   0.278,9999.000,9999.000,9999.000,9999.000,9999.000,9999.000,9999.000
202607010130,  -0.218,   0.298,9999.000,9999.000,9999.000,9999.000,9999.000,9999.000,9999.000
202607010136,  -0.231,   0.278,9999.000,9999.000,9999.000,9999.000,9999.000,9999.000,9999.000
202607010142,  -0.243,   0.249,9999.000,9999.000,9999.000,9999.000,9999.000,9999.000,9999.000
202607010148,  -0.255,   0.268,9999.000,9999.000,9999.000,9999.000,9999.000,9999.000,9999.000
202607010154,  -0.266,   0.180,9999.000,9999.000,9999.000,9999.000,9999.000,9999.000,9999.000
202607010200,  -0.276,   0.219,   0.600,  -0.105,   0.219,   0.600,   0.219,   0.600,   0.219
202607010206,  -0.286,   0.059,9999.000,9999.000,9999.000,9999.000,9999.000,9999.000,9999.000
202607010212,  -0.295,   0.180,9999.000,9999.000,9999.000,9999.000,9999.000,9999.000,9999.000
202607010218,  -0.303,   0.209,9999.000,9999.000,9999.000,9999.000,9999.000,9999.000,9999.000
202607010224,  -0.310,   0.209,9999.000,9999.000,9999.000,9999.000,9999.000,9999.000,9999.000
202607010230,  -0.317,   0.219,9999.000,9999.000,9999.000,9999.000,9999.000,9999.000,9999.000
202607010236,  -0.323,   0.229,9999.000,9999.000,9999.000,9999.000,9999.000,9999.000,9999.000
202607010242,  -0.328,   0.209,9999.000,9999.000,9999.000,9999.000,9999.000,9999.000,9999.000
202607010248,  -0.332,   0.209,9999.000,9999.000,9999.000,9999.000,9999.000,9999.000,9999.000
202607010254,  -0.336,   0.219,9999.000,9999.000,9999.000,9999.000,9999.000,9999.000,9999.000
202607010300,  -0.338,   0.200,   0.600,  -0.062,   0.200,   0.600,   0.200,   0.600,   0.200
202607010306,  -0.340,   0.219,9999.000,9999.000,9999.000,9999.000,9999.000,9999.000,9999.000
202607010312,  -0.342,   0.200,9999.000,9999.000,9999.000,9999.000,9999.000,9999.000,9999.000
202607010318,  -0.342,   0.190,9999.000,9999.000,9999.000,9999.000,9999.000,9999.000,9999.000
202607010324,  -0.342,   0.180,9999.000,9999.000,9999.000,9999.000,9999.000,9999.000,9999.000
202607010330,  -0.340,   0.209,9999.000,9999.000,9999.000,9999.000,9999.000,9999.000,9999.000
202607010336,  -0.338,   0.249,9999.000,9999.000,9999.000,9999.000,9999.000,9999.000,9999.000
202607010342,  -0.336,   0.268,9999.000,9999.000,9999.000,9999.000,9999.000,9999.000,9999.000
202607010348,  -0.332,  -0.190,9999.000,9999.000,9999.000,9999.000,9999.000,9999.000,9999.000
202607010354,  -0.328,   0.170,9999.000,9999.000,9999.000,9999.000,9999.000,9999.000,9999.000
202607010400,  -0.322,   0.209,   0.600,  -0.069,   0.209,   0.600,   0.209,   0.600,   0.209
202607010406,  -0.316,   0.239,9999.000,9999.000,9999.000,9999.000,9999.000,9999.000,9999.000
202607010412,  -0.309,   0.239,9999.000,9999.000,9999.000,9999.000,9999.000,9999.000,9999.000
202607010418,  -0.302,   0.229,9999.000,9999.000,9999.000,9999.000,9999.000,9999.000,9999.000
202607010424,  -0.293,   0.200,9999.000,9999.000,9999.000,9999.000,9999.000,9999.000,9999.000
202607010430,  -0.284,   0.239,9999.000,9999.000,9999.000,9999.000,9999.000,9999.000,9999.000
202607010436,  -0.274,   0.200,9999.000,9999.000,9999.000,9999.000,9999.000,9999.000,9999.000
202607010442,  -0.263,   0.341,9999.000,9999.000,9999.000,9999.000,9999.000,9999.000,9999.000
202607010448,  -0.252,   0.459,9999.000,9999.000,9999.000,9999.000,9999.000,9999.000,9999.000
202607010454,  -0.239,   0.350,9999.000,9999.000,9999.000,9999.000,9999.000,9999.000,9999.000
202607010500,  -0.226,   0.288,   0.600,  -0.086,   0.288,   0.600,   0.288,   0.600,   0.288
202607010506,  -0.212,   0.288,9999.000,9999.000,9999.000,9999.000,9999.000,9999.000,9999.000
202607010512,  -0.198,   0.190,9999.000,9999.000,9999.000,9999.000,9999.000,9999.000,9999.000
202607010518,  -0.183,   0.229,9999.000,9999.000,9999.000,9999.000,9999.000,9999.000,9999.000
202607010524,  -0.167,   0.380,9999.000,9999.000,9999.000,9999.000,9999.000,9999.000,9999.000
202607010530,  -0.150,   0.341,9999.000,9999.000,9999.000,9999.000,9999.000,9999.000,9999.000
202607010536,  -0.133,   0.331,9999.000,9999.000,9999.000,9999.000,9999.000,9999.000,9999.000
202607010542,  -0.115,   0.370,9999.000,9999.000,9999.000,9999.000,9999.000,9999.000,9999.000
202607010548,  -0.096,   0.400,9999.000,9999.000,9999.000,9999.000,9999.000,9999.000,9999.000
202607010554,  -0.077,   0.469,9999.000,9999.000,9999.000,9999.000,9999.000,9999.000,9999.000
202607010600,  -0.058,   0.469,   0.600,  -0.073,   0.469,   0.600,   0.469,   0.600,   0.469
202607010606,  -0.038,9999.000,9999.000,9999.000,9999.000,9999.000,9999.000,9999.000,9999.000
202607010612,  -0.017,9999.000,9999.000,9999.000,9999.000,9999.000,9999.000,9999.000,9999.000
202607010618,   0.002,9999.000,9999.000,9999.000,9999.000,9999.000,9999.000,9999.000,9999.000
202607010624,   0.024,9999.000,9999.000,9999.000,9999.000,9999.000,9999.000,9999.000,9999.000
202607010630,   0.045,9999.000,9999.000,9999.000,9999.000,9999.000,9999.000,9999.000,9999.000
202607010636,   0.067,9999.000,9999.000,9999.000,9999.000,9999.000,9999.000,9999.000,9999.000
202607010642,   0.089,9999.000,9999.000,9999.000,9999.000,9999.000,9999.000,9999.000,9999.000
202607010648,   0.112,9999.000,9999.000,9999.000,9999.000,9999.000,9999.000,9999.000,9999.000
202607010654,   0.134,9999.000,9999.000,9999.000,9999.000,9999.000,9999.000,9999.000,9999.000
202607010700,   0.157,9999.000,   0.600,  -0.069,   0.688,   0.600,   0.688,   0.600,   0.688
202607010706,   0.180,9999.000,9999.000,9999.000,9999.000,9999.000,9999.000,9999.000,9999.000
202607010712,   0.203,9999.000,9999.000,9999.000,9999.000,9999.000,9999.000,9999.000,9999.000
202607010718,   0.225,9999.000,9999.000,9999.000,9999.000,9999.000,9999.000,9999.000,9999.000
202607010724,   0.248,9999.000,9999.000,9999.000,9999.000,9999.000,9999.000,9999.000,9999.000
202607010730,   0.271,9999.000,9999.000,9999.000,9999.000,9999.000,9999.000,9999.000,9999.000
202607010736,   0.293,9999.000,9999.000,9999.000,9999.000,9999.000,9999.000,9999.000,9999.000
202607010742,   0.316,9999.000,9999.000,9999.000,9999.000,9999.000,9999.000,9999.000,9999.000
202607010748,   0.338,9999.000,9999.000,9999.000,9999.000,9999.000,9999.000,9999.000,9999.000
202607010754,   0.360,9999.000,9999.000,9999.000,9999.000,9999.000,9999.000,9999.000,9999.000
202607010800,   0.381,9999.000,   0.600,  -0.065,   0.916,   0.600,   0.916,   0.600,   0.916
202607010806,   0.402,9999.000,9999.000,9999.000,9999.000,9999.000,9999.000,9999.000,9999.000
202607010812,   0.423,9999.000,9999.000,9999.000,9999.000,9999.000,9999.000,9999.000,9999.000
202607010818,   0.443,9999.000,9999.000,9999.000,9999.000,9999.000,9999.000,9999.000,9999.000
202607010824,   0.463,9999.000,9999.000,9999.000,9999.000,9999.000,9999.000,9999.000,9999.000
202607010830,   0.483,9999.000,9999.000,9999.000,9999.000,9999.000,9999.000,9999.000,9999.000
202607010836,   0.501,9999.000,9999.000,9999.000,9999.000,9999.000,9999.000,9999.000,9999.000
202607010842,   0.520,9999.000,9999.000,9999.000,9999.000,9999.000,9999.000,9999.000,9999.000
202607010848,   0.538,9999.000,9999.000,9999.000,9999.000,9999.000,9999.000,9999.000,9999.000
202607010854,   0.555,9999.000,9999.000,9999.000,9999.000,9999.000,9999.000,9999.000,9999.000
202607010900,   0.571,9999.000,   0.600,  -0.060,   1.111,   0.600,   1.111,   0.600,   1.111
202607010906,   0.587,9999.000,9999.000,9999.000,9999.000,9999.000,9999.000,9999.000,9999.000
202607010912,   0.603,9999.000,9999.000,9999.000,9999.000,9999.000,9999.000,9999.000,9999.000
202607010918,   0.617,9999.000,9999.000,9999.000,9999.000,9999.000,9999.000,9999.000,9999.000
202607010924,   0.632,9999.000,9999.000,9999.000,9999.000,9999.000,9999.000,9999.000,9999.000
202607010930,   0.645,9999.000,9999.000,9999.000,9999.000,9999.000,9999.000,9999.000,9999.000
202607010936,   0.658,9999.000,9999.000,9999.000,9999.000,9999.000,9999.000,9999.000,9999.000
202607010942,   0.670,9999.000,9999.000,9999.000,9999.000,9999.000,9999.000,9999.000,9999.000
202607010948,   0.682,9999.000,9999.000,9999.000,9999.000,9999.000,9999.000,9999.000,9999.000
202607010954,   0.693,9999.000,9999.000,9999.000,9999.000,9999.000,9999.000,9999.000,9999.000
202607011000,   0.703,9999.000,   0.600,  -0.056,   1.247,   0.600,   1.247,   0.700,   1.347
202607011006,   0.713,9999.000,9999.000,9999.000,9999.000,9999.000,9999.000,9999.000,9999.000
202607011012,   0.722,9999.000,9999.000,9999.000,9999.000,9999.000,9999.000,9999.000,9999.000
202607011018,   0.731,9999.000,9999.000,9999.000,9999.000,9999.000,9999.000,9999.000,9999.000
202607011024,   0.739,9999.000,9999.000,9999.000,9999.000,9999.000,9999.000,9999.000,9999.000
202607011030,   0.747,9999.000,9999.000,9999.000,9999.000,9999.000,9999.000,9999.000,9999.000
202607011036,   0.755,9999.000,9999.000,9999.000,9999.000,9999.000,9999.000,9999.000,9999.000
202607011042,   0.761,9999.000,9999.000,9999.000,9999.000,9999.000,9999.000,9999.000,9999.000
202607011048,   0.768,9999.000,9999.000,9999.000,9999.000,9999.000,9999.000,9999.000,9999.000
202607011054,   0.774,9999.000,9999.000,9999.000,9999.000,9999.000,9999.000,9999.000,9999.000
202607011100,   0.780,9999.000,   0.600,  -0.052,   1.328,   0.600,   1.328,   0.700,   1.428
202607011106,   0.785,9999.000,9999.000,9999.000,9999.000,9999.000,9999.000,9999.000,9999.000
202607011112,   0.790,9999.000,9999.000,9999.000,9999.000,9999.000,9999.000,9999.000,9999.000
202607011118,   0.795,9999.000,9999.000,9999.000,9999.000,9999.000,9999.000,9999.000,9999.000
202607011124,   0.799,9999.000,9999.000,9999.000,9999.000,9999.000,9999.000,9999.000,9999.000
202607011130,   0.804,9999.000,9999.000,9999.000,9999.000,9999.000,9999.000,9999.000,9999.000
202607011136,   0.808,9999.000,9999.000,9999.000,9999.000,9999.000,9999.000,9999.000,9999.000
202607011142,   0.812,9999.000,9999.000,9999.000,9999.000,9999.000,9999.000,9999.000,9999.000
202607011148,   0.816,9999.000,9999.000,9999.000,9999.000,9999.000,9999.000,9999.000,9999.000
202607011154,   0.819,9999.000,9999.000,9999.000,9999.000,9999.000,9999.000,9999.000,9999.000
202607011200,   0.823,9999.000,   0.600,  -0.048,   1.375,   0.600,   1.375,   0.700,   1.475
202607011206,   0.826,9999.000,9999.000,9999.000,9999.000,9999.000,9999.000,9999.000,9999.000
202607011212,   0.830,9999.000,9999.000,9999.000,9999.000,9999.000,9999.000,9999.000,9999.000
202607011218,   0.833,9999.000,9999.000,9999.000,9999.000,9999.000,9999.000,9999.000,9999.000
202607011224,   0.837,9999.000,9999.000,9999.000,9999.000,9999.000,9999.000,9999.000,9999.000
202607011230,   0.840,9999.000,9999.000,9999.000,9999.000,9999.000,9999.000,9999.000,9999.000
202607011236,   0.844,9999.000,9999.000,9999.000,9999.000,9999.000,9999.000,9999.000,9999.000
202607011242,   0.847,9999.000,9999.000,9999.000,9999.000,9999.000,9999.000,9999.000,9999.000
202607011248,   0.850,9999.000,9999.000,9999.000,9999.000,9999.000,9999.000,9999.000,9999.000
202607011254,   0.854,9999.000,9999.000,9999.000,9999.000,9999.000,9999.000,9999.000,9999.000
202607011300,   0.857,9999.000,   0.600,  -0.043,   1.414,   0.600,   1.414,   0.600,   1.414
202607011306,   0.861,9999.000,9999.000,9999.000,9999.000,9999.000,9999.000,9999.000,9999.000
202607011312,   0.864,9999.000,9999.000,9999.000,9999.000,9999.000,9999.000,9999.000,9999.000
202607011318,   0.868,9999.000,9999.000,9999.000,9999.000,9999.000,9999.000,9999.000,9999.000
202607011324,   0.871,9999.000,9999.000,9999.000,9999.000,9999.000,9999.000,9999.000,9999.000
202607011330,   0.875,9999.000,9999.000,9999.000,9999.000,9999.000,9999.000,9999.000,9999.000
202607011336,   0.878,9999.000,9999.000,9999.000,9999.000,9999.000,9999.000,9999.000,9999.000
202607011342,   0.881,9999.000,9999.000,9999.000,9999.000,9999.000,9999.000,9999.000,9999.000
202607011348,   0.885,9999.000,9999.000,9999.000,9999.000,9999.000,9999.000,9999.000,9999.000
202607011354,   0.888,9999.000,9999.000,9999.000,9999.000,9999.000,9999.000,9999.000,9999.000
202607011400,   0.892,9999.000,   0.600,  -0.039,   1.453,   0.600,   1.453,   0.600,   1.453
202607011406,   0.895,9999.000,9999.000,9999.000,9999.000,9999.000,9999.000,9999.000,9999.000
202607011412,   0.898,9999.000,9999.000,9999.000,9999.000,9999.000,9999.000,9999.000,9999.000
202607011418,   0.901,9999.000,9999.000,9999.000,9999.000,9999.000,9999.000,9999.000,9999.000
202607011424,   0.904,9999.000,9999.000,9999.000,9999.000,9999.000,9999.000,9999.000,9999.000
202607011430,   0.907,9999.000,9999.000,9999.000,9999.000,9999.000,9999.000,9999.000,9999.000
202607011436,   0.910,9999.000,9999.000,9999.000,9999.000,9999.000,9999.000,9999.000,9999.000
202607011442,   0.912,9999.000,9999.000,9999.000,9999.000,9999.000,9999.000,9999.000,9999.000
202607011448,   0.915,9999.000,9999.000,9999.000,9999.000,9999.000,9999.000,9999.000,9999.000
202607011454,   0.917,9999.000,9999.000,9999.000,9999.000,9999.000,9999.000,9999.000,9999.000
202607011500,   0.919,9999.000,   0.600,  -0.035,   1.484,   0.600,   1.484,   0.600,   1.484
202607011506,   0.921,9999.000,9999.000,9999.000,9999.000,9999.000,9999.000,9999.000,9999.000
202607011512,   0.923,9999.000,9999.000,9999.000,9999.000,9999.000,9999.000,9999.000,9999.000
202607011518,   0.925,9999.000,9999.000,9999.000,9999.000,9999.000,9999.000,9999.000,9999.000
202607011524,   0.926,9999.000,9999.000,9999.000,9999.000,9999.000,9999.000,9999.000,9999.000
202607011530,   0.927,9999.000,9999.000,9999.000,9999.000,9999.000,9999.000,9999.000,9999.000
202607011536,   0.928,9999.000,9999.000,9999.000,9999.000,9999.000,9999.000,9999.000,9999.000
202607011542,   0.929,9999.000,9999.000,9999.000,9999.000,9999.000,9999.000,9999.000,9999.000
202607011548,   0.929,9999.000,9999.000,9999.000,9999.000,9999.000,9999.000,9999.000,9999.000
202607011554,   0.930,9999.000,9999.000,9999.000,9999.000,9999.000,9999.000,9999.000,9999.000
202607011600,   0.930,9999.000,   0.600,  -0.031,   1.499,   0.600,   1.499,   0.600,   1.499
202607011606,   0.930,9999.000,9999.000,9999.000,9999.000,9999.000,9999.000,9999.000,9999.000
202607011612,   0.930,9999.000,9999.000,9999.000,9999.000,9999.000,9999.000,9999.000,9999.000
202607011618,   0.929,9999.000,9999.000,9999.000,9999.000,9999.000,9999.000,9999.000,9999.000
202607011624,   0.928,9999.000,9999.000,9999.000,9999.000,9999.000,9999.000,9999.000,9999.000
202607011630,   0.928,9999.000,9999.000,9999.000,9999.000,9999.000,9999.000,9999.000,9999.000
202607011636,   0.927,9999.000,9999.000,9999.000,9999.000,9999.000,9999.000,9999.000,9999.000
202607011642,   0.926,9999.000,9999.000,9999.000,9999.000,9999.000,9999.000,9999.000,9999.000
202607011648,   0.924,9999.000,9999.000,9999.000,9999.000,9999.000,9999.000,9999.000,9999.000
202607011654,   0.923,9999.000,9999.000,9999.000,9999.000,9999.000,9999.000,9999.000,9999.000
202607011700,   0.921,9999.000,   0.600,  -0.026,   1.495,   0.600,   1.495,   0.600,   1.495
202607011706,   0.919,9999.000,9999.000,9999.000,9999.000,9999.000,9999.000,9999.000,9999.000
202607011712,   0.918,9999.000,9999.000,9999.000,9999.000,9999.000,9999.000,9999.000,9999.000
202607011718,   0.916,9999.000,9999.000,9999.000,9999.000,9999.000,9999.000,9999.000,9999.000
202607011724,   0.913,9999.000,9999.000,9999.000,9999.000,9999.000,9999.000,9999.000,9999.000
202607011730,   0.911,9999.000,9999.000,9999.000,9999.000,9999.000,9999.000,9999.000,9999.000
202607011736,   0.909,9999.000,9999.000,9999.000,9999.000,9999.000,9999.000,9999.000,9999.000
202607011742,   0.907,9999.000,9999.000,9999.000,9999.000,9999.000,9999.000,9999.000,9999.000
202607011748,   0.904,9999.000,9999.000,9999.000,9999.000,9999.000,9999.000,9999.000,9999.000
202607011754,   0.902,9999.000,9999.000,9999.000,9999.000,9999.000,9999.000,9999.000,9999.000
202607011800,   0.899,9999.000,   0.600,  -0.022,   1.477,   0.600,   1.477,   0.600,   1.477
202607011806,   0.896,9999.000,9999.000,9999.000,9999.000,9999.000,9999.000,9999.000,9999.000
202607011812,   0.893,9999.000,9999.000,9999.000,9999.000,9999.000,9999.000,9999.000,9999.000
202607011818,   0.890,9999.000,9999.000,9999.000,9999.000,9999.000,9999.000,9999.000,9999.000
202607011824,   0.887,9999.000,9999.000,9999.000,9999.000,9999.000,9999.000,9999.000,9999.000
202607011830,   0.884,9999.000,9999.000,9999.000,9999.000,9999.000,9999.000,9999.000,9999.000
202607011836,   0.881,9999.000,9999.000,9999.000,9999.000,9999.000,9999.000,9999.000,9999.000
202607011842,   0.877,9999.000,9999.000,9999.000,9999.000,9999.000,9999.000,9999.000,9999.000
202607011848,   0.874,9999.000,9999.000,9999.000,9999.000,9999.000,9999.000,9999.000,9999.000
202607011854,   0.870,9999.000,9999.000,9999.000,9999.000,9999.000,9999.000,9999.000,9999.000
202607011900,   0.866,9999.000,   0.600,  -0.022,   1.444,   0.600,   1.444,   0.600,   1.444
202607011906,   0.862,9999.000,9999.000,9999.000,9999.000,9999.000,9999.000,9999.000,9999.000
202607011912,   0.858,9999.000,9999.000,9999.000,9999.000,9999.000,9999.000,9999.000,9999.000
202607011918,   0.853,9999.000,9999.000,9999.000,9999.000,9999.000,9999.000,9999.000,9999.000
202607011924,   0.849,9999.000,9999.000,9999.000,9999.000,9999.000,9999.000,9999.000,9999.000
202607011930,   0.844,9999.000,9999.000,9999.000,9999.000,9999.000,9999.000,9999.000,9999.000
202607011936,   0.838,9999.000,9999.000,9999.000,9999.000,9999.000,9999.000,9999.000,9999.000
202607011942,   0.833,9999.000,9999.000,9999.000,9999.000,9999.000,9999.000,9999.000,9999.000
202607011948,   0.827,9999.000,9999.000,9999.000,9999.000,9999.000,9999.000,9999.000,9999.000
202607011954,   0.821,9999.000,9999.000,9999.000,9999.000,9999.000,9999.000,9999.000,9999.000
202607012000,   0.814,9999.000,   0.600,  -0.022,   1.392,   0.600,   1.392,   0.600,   1.392
202607012006,   0.807,9999.000,9999.000,9999.000,9999.000,9999.000,9999.000,9999.000,9999.000
202607012012,   0.799,9999.000,9999.000,9999.000,9999.000,9999.000,9999.000,9999.000,9999.000
202607012018,   0.792,9999.000,9999.000,9999.000,9999.000,9999.000,9999.000,9999.000,9999.000
202607012024,   0.783,9999.000,9999.000,9999.000,9999.000,9999.000,9999.000,9999.000,9999.000
202607012030,   0.775,9999.000,9999.000,9999.000,9999.000,9999.000,9999.000,9999.000,9999.000
202607012036,   0.765,9999.000,9999.000,9999.000,9999.000,9999.000,9999.000,9999.000,9999.000
202607012042,   0.756,9999.000,9999.000,9999.000,9999.000,9999.000,9999.000,9999.000,9999.000
202607012048,   0.745,9999.000,9999.000,9999.000,9999.000,9999.000,9999.000,9999.000,9999.000
202607012054,   0.735,9999.000,9999.000,9999.000,9999.000,9999.000,9999.000,9999.000,9999.000
202607012100,   0.723,9999.000,   0.600,  -0.022,   1.301,   0.600,   1.301,   0.600,   1.301
202607012106,   0.712,9999.000,9999.000,9999.000,9999.000,9999.000,9999.000,9999.000,9999.000
202607012112,   0.699,9999.000,9999.000,9999.000,9999.000,9999.000,9999.000,9999.000,9999.000
202607012118,   0.686,9999.000,9999.000,9999.000,9999.000,9999.000,9999.000,9999.000,9999.000
202607012124,   0.673,9999.000,9999.000,9999.000,9999.000,9999.000,9999.000,9999.000,9999.000
202607012130,   0.659,9999.000,9999.000,9999.000,9999.000,9999.000,9999.000,9999.000,9999.000
202607012136,   0.645,9999.000,9999.000,9999.000,9999.000,9999.000,9999.000,9999.000,9999.000
202607012142,   0.630,9999.000,9999.000,9999.000,9999.000,9999.000,9999.000,9999.000,9999.000
202607012148,   0.614,9999.000,9999.000,9999.000,9999.000,9999.000,9999.000,9999.000,9999.000
202607012154,   0.598,9999.000,9999.000,9999.000,9999.000,9999.000,9999.000,9999.000,9999.000
202607012200,   0.581,9999.000,   0.600,  -0.022,   1.159,   0.600,   1.159,   0.600,   1.159
202607012206,   0.564,9999.000,9999.000,9999.000,9999.000,9999.000,9999.000,9999.000,9999.000
202607012212,   0.547,9999.000,9999.000,9999.000,9999.000,9999.000,9999.000,9999.000,9999.000
202607012218,   0.529,9999.000,9999.000,9999.000,9999.000,9999.000,9999.000,9999.000,9999.000
202607012224,   0.511,9999.000,9999.000,9999.000,9999.000,9999.000,9999.000,9999.000,9999.000
202607012230,   0.492,9999.000,9999.000,9999.000,9999.000,9999.000,9999.000,9999.000,9999.000
202607012236,   0.473,9999.000,9999.000,9999.000,9999.000,9999.000,9999.000,9999.000,9999.000
202607012242,   0.454,9999.000,9999.000,9999.000,9999.000,9999.000,9999.000,9999.000,9999.000
202607012248,   0.434,9999.000,9999.000,9999.000,9999.000,9999.000,9999.000,9999.000,9999.000
202607012254,   0.414,9999.000,9999.000,9999.000,9999.000,9999.000,9999.000,9999.000,9999.000
202607012300,   0.394,9999.000,   0.600,  -0.022,   0.972,   0.600,   0.972,   0.600,   0.972
202607012306,   0.373,9999.000,9999.000,9999.000,9999.000,9999.000,9999.000,9999.000,9999.000
202607012312,   0.353,9999.000,9999.000,9999.000,9999.000,9999.000,9999.000,9999.000,9999.000
202607012318,   0.332,9999.000,9999.000,9999.000,9999.000,9999.000,9999.000,9999.000,9999.000
202607012324,   0.311,9999.000,9999.000,9999.000,9999.000,9999.000,9999.000,9999.000,9999.000
202607012330,   0.290,9999.000,9999.000,9999.000,9999.000,9999.000,9999.000,9999.000,9999.000
202607012336,   0.270,9999.000,9999.000,9999.000,9999.000,9999.000,9999.000,9999.000,9999.000
202607012342,   0.249,9999.000,9999.000,9999.000,9999.000,9999.000,9999.000,9999.000,9999.000
202607012348,   0.228,9999.000,9999.000,9999.000,9999.000,9999.000,9999.000,9999.000,9999.000
202607012354,   0.207,9999.000,9999.000,9999.000,9999.000,9999.000,9999.000,9999.000,9999.000
202607020000,   0.186,9999.000,   0.600,  -0.022,   0.764,   0.600,   0.764,   0.600,   0.764
202607020006,   0.166,9999.000,9999.000,9999.000,9999.000,9999.000,9999.000,9999.000,9999.000
202607020012,   0.145,9999.000,9999.000,9999.000,9999.000,9999.000,9999.000,9999.000,9999.000
202607020018,   0.125,9999.000,9999.000,9999.000,9999.000,9999.000,9999.000,9999.000,9999.000
202607020024,   0.105,9999.000,9999.000,9999.000,9999.000,9999.000,9999.000,9999.000,9999.000
202607020030,   0.085,9999.000,9999.000,9999.000,9999.000,9999.000,9999.000,9999.000,9999.000
202607020036,   0.066,9999.000,9999.000,9999.000,9999.000,9999.000,9999.000,9999.000,9999.000
202607020042,   0.047,9999.000,9999.000,9999.000,9999.000,9999.000,9999.000,9999.000,9999.000
202607020048,   0.028,9999.000,9999.000,9999.000,9999.000,9999.000,9999.000,9999.000,9999.000
202607020054,   0.010,9999.000,9999.000,9999.000,9999.000,9999.000,9999.000,9999.000,9999.000
202607020100,  -0.007,9999.000,   0.600,  -0.022,   0.571,   0.600,   0.571,   0.700,   0.671
202607020106,  -0.025,9999.000,9999.000,9999.000,9999.000,9999.000,9999.000,9999.000,9999.000
202607020112,  -0.042,9999.000,9999.000,9999.000,9999.000,9999.000,9999.000,9999.000,9999.000
202607020118,  -0.058,9999.000,9999.000,9999.000,9999.000,9999.000,9999.000,9999.000,9999.000
202607020124,  -0.075,9999.000,9999.000,9999.000,9999.000,9999.000,9999.000,9999.000,9999.000
202607020130,  -0.090,9999.000,9999.000,9999.000,9999.000,9999.000,9999.000,9999.000,9999.000
202607020136,  -0.106,9999.000,9999.000,9999.000,9999.000,9999.000,9999.000,9999.000,9999.000
202607020142,  -0.120,9999.000,9999.000,9999.000,9999.000,9999.000,9999.000,9999.000,9999.000
202607020148,  -0.135,9999.000,9999.000,9999.000,9999.000,9999.000,9999.000,9999.000,9999.000
202607020154,  -0.148,9999.000,9999.000,9999.000,9999.000,9999.000,9999.000,9999.000,9999.000
202607020200,  -0.162,9999.000,   0.600,  -0.022,   0.416,   0.600,   0.416,   0.700,   0.516
202607020206,  -0.174,9999.000,9999.000,9999.000,9999.000,9999.000,9999.000,9999.000,9999.000
202607020212,  -0.186,9999.000,9999.000,9999.000,9999.000,9999.000,9999.000,9999.000,9999.000
202607020218,  -0.198,9999.000,9999.000,9999.000,9999.000,9999.000,9999.000,9999.000,9999.000
202607020224,  -0.209,9999.000,9999.000,9999.000,9999.000,9999.000,9999.000,9999.000,9999.000
202607020230,  -0.219,9999.000,9999.000,9999.000,9999.000,9999.000,9999.000,9999.000,9999.000
202607020236,  -0.229,9999.000,9999.000,9999.000,9999.000,9999.000,9999.000,9999.000,9999.000
202607020242,  -0.238,9999.000,9999.000,9999.000,9999.000,9999.000,9999.000,9999.000,9999.000
202607020248,  -0.246,9999.000,9999.000,9999.000,9999.000,9999.000,9999.000,9999.000,9999.000
202607020254,  -0.254,9999.000,9999.000,9999.000,9999.000,9999.000,9999.000,9999.000,9999.000
202607020300,  -0.261,9999.000,   0.700,  -0.022,   0.417,   0.600,   0.317,   0.700,   0.417
202607020306,  -0.268,9999.000,9999.000,9999.000,9999.000,9999.000,9999.000,9999.000,9999.000
202607020312,  -0.274,9999.000,9999.000,9999.000,9999.000,9999.000,9999.000,9999.000,9999.000
202607020318,  -0.279,9999.000,9999.000,9999.000,9999.000,9999.000,9999.000,9999.000,9999.000
202607020324,  -0.284,9999.000,9999.000,9999.000,9999.000,9999.000,9999.000,9999.000,9999.000
202607020330,  -0.288,9999.000,9999.000,9999.000,9999.000,9999.000,9999.000,9999.000,9999.000
202607020336,  -0.291,9999.000,9999.000,9999.000,9999.000,9999.000,9999.000,9999.000,9999.000
202607020342,  -0.294,9999.000,9999.000,9999.000,9999.000,9999.000,9999.000,9999.000,9999.000
202607020348,  -0.296,9999.000,9999.000,9999.000,9999.000,9999.000,9999.000,9999.000,9999.000
202607020354,  -0.297,9999.000,9999.000,9999.000,9999.000,9999.000,9999.000,9999.000,9999.000
202607020400,  -0.298,9999.000,   0.600,  -0.022,   0.280,   0.600,   0.280,   0.600,   0.280
202607020406,  -0.297,9999.000,9999.000,9999.000,9999.000,9999.000,9999.000,9999.000,9999.000
202607020412,  -0.296,9999.000,9999.000,9999.000,9999.000,9999.000,9999.000,9999.000,9999.000
202607020418,  -0.295,9999.000,9999.000,9999.000,9999.000,9999.000,9999.000,9999.000,9999.000
202607020424,  -0.292,9999.000,9999.000,9999.000,9999.000,9999.000,9999.000,9999.000,9999.000
202607020430,  -0.289,9999.000,9999.000,9999.000,9999.000,9999.000,9999.000,9999.000,9999.000
202607020436,  -0.285,9999.000,9999.000,9999.000,9999.000,9999.000,9999.000,9999.000,9999.000
202607020442,  -0.280,9999.000,9999.000,9999.000,9999.000,9999.000,9999.000,9999.000,9999.000
202607020448,  -0.275,9999.000,9999.000,9999.000,9999.000,9999.000,9999.000,9999.000,9999.000
202607020454,  -0.268,9999.000,9999.000,9999.000,9999.000,9999.000,9999.000,9999.000,9999.000
202607020500,  -0.261,9999.000,   0.600,  -0.022,   0.317,   0.600,   0.317,   0.600,   0.317
202607020506,  -0.253,9999.000,9999.000,9999.000,9999.000,9999.000,9999.000,9999.000,9999.000
202607020512,  -0.244,9999.000,9999.000,9999.000,9999.000,9999.000,9999.000,9999.000,9999.000
202607020518,  -0.235,9999.000,9999.000,9999.000,9999.000,9999.000,9999.000,9999.000,9999.000
202607020524,  -0.225,9999.000,9999.000,9999.000,9999.000,9999.000,9999.000,9999.000,9999.000
202607020530,  -0.214,9999.000,9999.000,9999.000,9999.000,9999.000,9999.000,9999.000,9999.000
202607020536,  -0.202,9999.000,9999.000,9999.000,9999.000,9999.000,9999.000,9999.000,9999.000
202607020542,  -0.189,9999.000,9999.000,9999.000,9999.000,9999.000,9999.000,9999.000,9999.000
202607020548,  -0.176,9999.000,9999.000,9999.000,9999.000,9999.000,9999.000,9999.000,9999.000
202607020554,  -0.162,9999.000,9999.000,9999.000,9999.000,9999.000,9999.000,9999.000,9999.000
202607020600,  -0.147,9999.000,   0.600,  -0.022,   0.431,   0.600,   0.431,   0.600,   0.431
202607020606,  -0.131,9999.000,9999.000,9999.000,9999.000,9999.000,9999.000,9999.000,9999.000
202607020612,  -0.115,9999.000,9999.000,9999.000,9999.000,9999.000,9999.000,9999.000,9999.000
202607020618,  -0.098,9999.000,9999.000,9999.000,9999.000,9999.000,9999.000,9999.000,9999.000
202607020624,  -0.081,9999.000,9999.000,9999.000,9999.000,9999.000,9999.000,9999.000,9999.000
202607020630,  -0.062,9999.000,9999.000,9999.000,9999.000,9999.000,9999.000,9999.000,9999.000
202607020636,  -0.044,9999.000,9999.000,9999.000,9999.000,9999.000,9999.000,9999.000,9999.000
202607020642,  -0.025,9999.000,9999.000,9999.000,9999.000,9999.000,9999.000,9999.000,9999.000
202607020648,  -0.005,9999.000,9999.000,9999.000,9999.000,9999.000,9999.000,9999.000,9999.000
202607020654,   0.014,9999.000,9999.000,9999.000,9999.000,9999.000,9999.000,9999.000,9999.000
202607020700,   0.035,9999.000,   0.600,  -0.022,   0.613,   0.600,   0.613,   0.600,   0.613
202607020706,   0.056,9999.000,9999.000,9999.000,9999.000,9999.000,9999.000,9999.000,9999.000
202607020712,   0.077,9999.000,9999.000,9999.000,9999.000,9999.000,9999.000,9999.000,9999.000
202607020718,   0.099,9999.000,9999.000,9999.000,9999.000,9999.000,9999.000,9999.000,9999.000
202607020724,   0.120,9999.000,9999.000,9999.000,9999.000,9999.000,9999.000,9999.000,9999.000
202607020730,   0.142,9999.000,9999.000,9999.000,9999.000,9999.000,9999.000,9999.000,9999.000
202607020736,   0.164,9999.000,9999.000,9999.000,9999.000,9999.000,9999.000,9999.000,9999.000
202607020742,   0.187,9999.000,9999.000,9999.000,9999.000,9999.000,9999.000,9999.000,9999.000
202607020748,   0.209,9999.000,9999.000,9999.000,9999.000,9999.000,9999.000,9999.000,9999.000
202607020754,   0.231,9999.000,9999.000,9999.000,9999.000,9999.000,9999.000,9999.000,9999.000
202607020800,   0.253,9999.000,   0.600,  -0.022,   0.831,   0.600,   0.831,   0.700,   0.931
202607020806,   0.275,9999.000,9999.000,9999.000,9999.000,9999.000,9999.000,9999.000,9999.000
202607020812,   0.297,9999.000,9999.000,9999.000,9999.000,9999.000,9999.000,9999.000,9999.000
202607020818,   0.319,9999.000,9999.000,9999.000,9999.000,9999.000,9999.000,9999.000,9999.000
202607020824,   0.340,9999.000,9999.000,9999.000,9999.000,9999.000,9999.000,9999.000,9999.000
202607020830,   0.361,9999.000,9999.000,9999.000,9999.000,9999.000,9999.000,9999.000,9999.000
202607020836,   0.382,9999.000,9999.000,9999.000,9999.000,9999.000,9999.000,9999.000,9999.000
202607020842,   0.403,9999.000,9999.000,9999.000,9999.000,9999.000,9999.000,9999.000,9999.000
202607020848,   0.423,9999.000,9999.000,9999.000,9999.000,9999.000,9999.000,9999.000,9999.000
202607020854,   0.442,9999.000,9999.000,9999.000,9999.000,9999.000,9999.000,9999.000,9999.000
202607020900,   0.461,9999.000,   0.600,  -0.022,   1.039,   0.600,   1.039,   0.600,   1.039
202607020906,   0.480,9999.000,9999.000,9999.000,9999.000,9999.000,9999.000,9999.000,9999.000
202607020912,   0.498,9999.000,9999.000,9999.000,9999.000,9999.000,9999.000,9999.000,9999.000
202607020918,   0.515,9999.000,9999.000,9999.000,9999.000,9999.000,9999.000,9999.000,9999.000
202607020924,   0.532,9999.000,9999.000,9999.000,9999.000,9999.000,9999.000,9999.000,9999.000
202607020930,   0.549,9999.000,9999.000,9999.000,9999.000,9999.000,9999.000,9999.000,9999.000
202607020936,   0.564,9999.000,9999.000,9999.000,9999.000,9999.000,9999.000,9999.000,9999.000
202607020942,   0.579,9999.000,9999.000,9999.000,9999.000,9999.000,9999.000,9999.000,9999.000
202607020948,   0.594,9999.000,9999.000,9999.000,9999.000,9999.000,9999.000,9999.000,9999.000
202607020954,   0.607,9999.000,9999.000,9999.000,9999.000,9999.000,9999.000,9999.000,9999.000
202607021000,   0.620,9999.000,   0.600,  -0.022,   1.198,   0.600,   1.198,   0.600,   1.198
202607021006,   0.633,9999.000,9999.000,9999.000,9999.000,9999.000,9999.000,9999.000,9999.000
202607021012,   0.645,9999.000,9999.000,9999.000,9999.000,9999.000,9999.000,9999.000,9999.000
202607021018,   0.656,9999.000,9999.000,9999.000,9999.000,9999.000,9999.000,9999.000,9999.000
202607021024,   0.667,9999.000,9999.000,9999.000,9999.000,9999.000,9999.000,9999.000,9999.000
202607021030,   0.677,9999.000,9999.000,9999.000,9999.000,9999.000,9999.000,9999.000,9999.000
202607021036,   0.686,9999.000,9999.000,9999.000,9999.000,9999.000,9999.000,9999.000,9999.000
202607021042,   0.695,9999.000,9999.000,9999.000,9999.000,9999.000,9999.000,9999.000,9999.000
202607021048,   0.704,9999.000,9999.000,9999.000,9999.000,9999.000,9999.000,9999.000,9999.000
202607021054,   0.711,9999.000,9999.000,9999.000,9999.000,9999.000,9999.000,9999.000,9999.000
202607021100,   0.719,9999.000,   0.600,  -0.022,   1.297,   0.600,   1.297,   0.600,   1.297
202607021106,   0.726,9999.000,9999.000,9999.000,9999.000,9999.000,9999.000,9999.000,9999.000
202607021112,   0.732,9999.000,9999.000,9999.000,9999.000,9999.000,9999.000,9999.000,9999.000
202607021118,   0.738,9999.000,9999.000,9999.000,9999.000,9999.000,9999.000,9999.000,9999.000
202607021124,   0.744,9999.000,9999.000,9999.000,9999.000,9999.000,9999.000,9999.000,9999.000
202607021130,   0.749,9999.000,9999.000,9999.000,9999.000,9999.000,9999.000,9999.000,9999.000
202607021136,   0.754,9999.000,9999.000,9999.000,9999.000,9999.000,9999.000,9999.000,9999.000
202607021142,   0.759,9999.000,9999.000,9999.000,9999.000,9999.000,9999.000,9999.000,9999.000
202607021148,   0.764,9999.000,9999.000,9999.000,9999.000,9999.000,9999.000,9999.000,9999.000
202607021154,   0.768,9999.000,9999.000,9999.000,9999.000,9999.000,9999.000,9999.000,9999.000
202607021200,   0.772,9999.000,   0.600,  -0.022,   1.350,   0.600,   1.350,   0.600,   1.350
202607021206,   0.776,9999.000,9999.000,9999.000,9999.000,9999.000,9999.000,9999.000,9999.000
202607021212,   0.779,9999.000,9999.000,9999.000,9999.000,9999.000,9999.000,9999.000,9999.000
202607021218,   0.783,9999.000,9999.000,9999.000,9999.000,9999.000,9999.000,9999.000,9999.000
202607021224,   0.787,9999.000,9999.000,9999.000,9999.000,9999.000,9999.000,9999.000,9999.000
202607021230,   0.790,9999.000,9999.000,9999.000,9999.000,9999.000,9999.000,9999.000,9999.000
202607021236,   0.793,9999.000,9999.000,9999.000,9999.000,9999.000,9999.000,9999.000,9999.000
202607021242,   0.797,9999.000,9999.000,9999.000,9999.000,9999.000,9999.000,9999.000,9999.000
202607021248,   0.800,9999.000,9999.000,9999.000,9999.000,9999.000,9999.000,9999.000,9999.000
202607021254,   0.803,9999.000,9999.000,9999.000,9999.000,9999.000,9999.000,9999.000,9999.000
202607021300,   0.806,9999.000,   0.600,  -0.022,   1.384,   0.600,   1.384,   0.600,   1.384
202607021306,   0.810,9999.000,9999.000,9999.000,9999.000,9999.000,9999.000,9999.000,9999.000
202607021312,   0.813,9999.000,9999.000,9999.000,9999.000,9999.000,9999.000,9999.000,9999.000
202607021318,   0.816,9999.000,9999.000,9999.000,9999.000,9999.000,9999.000,9999.000,9999.000
202607021324,   0.819,9999.000,9999.000,9999.000,9999.000,9999.000,9999.000,9999.000,9999.000
202607021330,   0.823,9999.000,9999.000,9999.000,9999.000,9999.000,9999.000,9999.000,9999.000
202607021336,   0.826,9999.000,9999.000,9999.000,9999.000,9999.000,9999.000,9999.000,9999.000
202607021342,   0.829,9999.000,9999.000,9999.000,9999.000,9999.000,9999.000,9999.000,9999.000
202607021348,   0.832,9999.000,9999.000,9999.000,9999.000,9999.000,9999.000,9999.000,9999.000
202607021354,   0.835,9999.000,9999.000,9999.000,9999.000,9999.000,9999.000,9999.000,9999.000
202607021400,   0.839,9999.000,   0.600,  -0.022,   1.417,   0.600,   1.417,   0.600,   1.417
202607021406,   0.842,9999.000,9999.000,9999.000,9999.000,9999.000,9999.000,9999.000,9999.000
202607021412,   0.845,9999.000,9999.000,9999.000,9999.000,9999.000,9999.000,9999.000,9999.000
202607021418,   0.848,9999.000,9999.000,9999.000,9999.000,9999.000,9999.000,9999.000,9999.000
202607021424,   0.851,9999.000,9999.000,9999.000,9999.000,9999.000,9999.000,9999.000,9999.000
202607021430,   0.854,9999.000,9999.000,9999.000,9999.000,9999.000,9999.000,9999.000,9999.000
202607021436,   0.857,9999.000,9999.000,9999.000,9999.000,9999.000,9999.000,9999.000,9999.000
202607021442,   0.860,9999.000,9999.000,9999.000,9999.000,9999.000,9999.000,9999.000,9999.000
202607021448,   0.862,9999.000,9999.000,9999.000,9999.000,9999.000,9999.000,9999.000,9999.000
202607021454,   0.865,9999.000,9999.000,9999.000,9999.000,9999.000,9999.000,9999.000,9999.000
202607021500,   0.867,9999.000,   0.600,  -0.022,   1.445,   0.600,   1.445,   0.600,   1.445
202607021506,   0.869,9999.000,9999.000,9999.000,9999.000,9999.000,9999.000,9999.000,9999.000
202607021512,   0.871,9999.000,9999.000,9999.000,9999.000,9999.000,9999.000,9999.000,9999.000
202607021518,   0.873,9999.000,9999.000,9999.000,9999.000,9999.000,9999.000,9999.000,9999.000
202607021524,   0.875,9999.000,9999.000,9999.000,9999.000,9999.000,9999.000,9999.000,9999.000
202607021530,   0.877,9999.000,9999.000,9999.000,9999.000,9999.000,9999.000,9999.000,9999.000
202607021536,   0.878,9999.000,9999.000,9999.000,9999.000,9999.000,9999.000,9999.000,9999.000
202607021542,   0.879,9999.000,9999.000,9999.000,9999.000,9999.000,9999.000,9999.000,9999.000
202607021548,   0.880,9999.000,9999.000,9999.000,9999.000,9999.000,9999.000,9999.000,9999.000
202607021554,   0.881,9999.000,9999.000,9999.000,9999.000,9999.000,9999.000,9999.000,9999.000
202607021600,   0.881,9999.000,   0.600,  -0.022,   1.459,   0.600,   1.459,   0.600,   1.459
202607021606,   0.882,9999.000,9999.000,9999.000,9999.000,9999.000,9999.000,9999.000,9999.000
202607021612,   0.882,9999.000,9999.000,9999.000,9999.000,9999.000,9999.000,9999.000,9999.000
202607021618,   0.882,9999.000,9999.000,9999.000,9999.000,9999.000,9999.000,9999.000,9999.000
202607021624,   0.882,9999.000,9999.000,9999.000,9999.000,9999.000,9999.000,9999.000,9999.000
202607021630,   0.882,9999.000,9999.000,9999.000,9999.000,9999.000,9999.000,9999.000,9999.000
202607021636,   0.881,9999.000,9999.000,9999.000,9999.000,9999.000,9999.000,9999.000,9999.000
202607021642,   0.880,9999.000,9999.000,9999.000,9999.000,9999.000,9999.000,9999.000,9999.000
202607021648,   0.880,9999.000,9999.000,9999.000,9999.000,9999.000,9999.000,9999.000,9999.000
202607021654,   0.879,9999.000,9999.000,9999.000,9999.000,9999.000,9999.000,9999.000,9999.000
202607021700,   0.878,9999.000,   0.600,  -0.022,   1.456,   0.600,   1.456,   0.600,   1.456
202607021706,   0.876,9999.000,9999.000,9999.000,9999.000,9999.000,9999.000,9999.000,9999.000
202607021712,   0.875,9999.000,9999.000,9999.000,9999.000,9999.000,9999.000,9999.000,9999.000
202607021718,   0.874,9999.000,9999.000,9999.000,9999.000,9999.000,9999.000,9999.000,9999.000
202607021724,   0.872,9999.000,9999.000,9999.000,9999.000,9999.000,9999.000,9999.000,9999.000
202607021730,   0.871,9999.000,9999.000,9999.000,9999.000,9999.000,9999.000,9999.000,9999.000
202607021736,   0.869,9999.000,9999.000,9999.000,9999.000,9999.000,9999.000,9999.000,9999.000
202607021742,   0.867,9999.000,9999.000,9999.000,9999.000,9999.000,9999.000,9999.000,9999.000
202607021748,   0.865,9999.000,9999.000,9999.000,9999.000,9999.000,9999.000,9999.000,9999.000
202607021754,   0.864,9999.000,9999.000,9999.000,9999.000,9999.000,9999.000,9999.000,9999.000
202607021800,   0.862,9999.000,   0.600,  -0.022,   1.440,   0.600,   1.440,   0.600,   1.440
202607021806,   0.860,9999.000,9999.000,9999.000,9999.000,9999.000,9999.000,9999.000,9999.000
202607021812,   0.858,9999.000,9999.000,9999.000,9999.000,9999.000,9999.000,9999.000,9999.000
202607021818,   0.856,9999.000,9999.000,9999.000,9999.000,9999.000,9999.000,9999.000,9999.000
202607021824,   0.854,9999.000,9999.000,9999.000,9999.000,9999.000,9999.000,9999.000,9999.000
202607021830,   0.852,9999.000,9999.000,9999.000,9999.000,9999.000,9999.000,9999.000,9999.000
202607021836,   0.850,9999.000,9999.000,9999.000,9999.000,9999.000,9999.000,9999.000,9999.000
202607021842,   0.848,9999.000,9999.000,9999.000,9999.000,9999.000,9999.000,9999.000,9999.000
202607021848,   0.846,9999.000,9999.000,9999.000,9999.000,9999.000,9999.000,9999.000,9999.000
202607021854,   0.844,9999.000,9999.000,9999.000,9999.000,9999.000,9999.000,9999.000,9999.000
202607021900,   0.842,9999.000,   0.600,  -0.022,   1.420,   0.600,   1.420,   0.600,   1.420
202607021906,   0.840,9999.000,9999.000,9999.000,9999.000,9999.000,9999.000,9999.000,9999.000
202607021912,   0.837,9999.000,9999.000,9999.000,9999.000,9999.000,9999.000,9999.000,9999.000
202607021918,   0.835,9999.000,9999.000,9999.000,9999.000,9999.000,9999.000,9999.000,9999.000
202607021924,   0.832,9999.000,9999.000,9999.000,9999.000,9999.000,9999.000,9999.000,9999.000
202607021930,   0.830,9999.000,9999.000,9999.000,9999.000,9999.000,9999.000,9999.000,9999.000
202607021936,   0.827,9999.000,9999.000,9999.000,9999.000,9999.000,9999.000,9999.000,9999.000
202607021942,   0.824,9999.000,9999.000,9999.000,9999.000,9999.000,9999.000,9999.000,9999.000
202607021948,   0.821,9999.000,9999.000,9999.000,9999.000,9999.000,9999.000,9999.000,9999.000
202607021954,   0.817,9999.000,9999.000,9999.000,9999.000,9999.000,9999.000,9999.000,9999.000
202607022000,   0.813,9999.000,   0.600,  -0.022,   1.391,   0.600,   1.391,   0.600,   1.391
202607022006,   0.809,9999.000,9999.000,9999.000,9999.000,9999.000,9999.000,9999.000,9999.000
202607022012,   0.805,9999.000,9999.000,9999.000,9999.000,9999.000,9999.000,9999.000,9999.000
202607022018,   0.800,9999.000,9999.000,9999.000,9999.000,9999.000,9999.000,9999.000,9999.000
202607022024,   0.795,9999.000,9999.000,9999.000,9999.000,9999.000,9999.000,9999.000,9999.000
202607022030,   0.790,9999.000,9999.000,9999.000,9999.000,9999.000,9999.000,9999.000,9999.000
202607022036,   0.784,9999.000,9999.000,9999.000,9999.000,9999.000,9999.000,9999.000,9999.000
202607022042,   0.778,9999.000,9999.000,9999.000,9999.000,9999.000,9999.000,9999.000,9999.000
202607022048,   0.772,9999.000,9999.000,9999.000,9999.000,9999.000,9999.000,9999.000,9999.000
202607022054,   0.765,9999.000,9999.000,9999.000,9999.000,9999.000,9999.000,9999.000,9999.000
202607022100,   0.757,9999.000,   0.600,  -0.022,   1.335,   0.600,   1.335,   0.600,   1.335
202607022106,   0.749,9999.000,9999.000,9999.000,9999.000,9999.000,9999.000,9999.000,9999.000
202607022112,   0.741,9999.000,9999.000,9999.000,9999.000,9999.000,9999.000,9999.000,9999.000
202607022118,   0.732,9999.000,9999.000,9999.000,9999.000,9999.000,9999.000,9999.000,9999.000
202607022124,   0.722,9999.000,9999.000,9999.000,9999.000,9999.000,9999.000,9999.000,9999.000
202607022130,   0.712,9999.000,9999.000,9999.000,9999.000,9999.000,9999.000,9999.000,9999.000
202607022136,   0.702,9999.000,9999.000,9999.000,9999.000,9999.000,9999.000,9999.000,9999.000
202607022142,   0.691,9999.000,9999.000,9999.000,9999.000,9999.000,9999.000,9999.000,9999.000
202607022148,   0.679,9999.000,9999.000,9999.000,9999.000,9999.000,9999.000,9999.000,9999.000
202607022154,   0.667,9999.000,9999.000,9999.000,9999.000,9999.000,9999.000,9999.000,9999.000
202607022200,   0.654,9999.000,   0.600,  -0.022,   1.232,   0.600,   1.232,   0.600,   1.232
202607022206,   0.641,9999.000,9999.000,9999.000,9999.000,9999.000,9999.000,9999.000,9999.000
202607022212,   0.627,9999.000,9999.000,9999.000,9999.000,9999.000,9999.000,9999.000,9999.000
202607022218,   0.613,9999.000,9999.000,9999.000,9999.000,9999.000,9999.000,9999.000,9999.000
202607022224,   0.598,9999.000,9999.000,9999.000,9999.000,9999.000,9999.000,9999.000,9999.000
202607022230,   0.583,9999.000,9999.000,9999.000,9999.000,9999.000,9999.000,9999.000,9999.000
202607022236,   0.567,9999.000,9999.000,9999.000,9999.000,9999.000,9999.000,9999.000,9999.000
202607022242,   0.551,9999.000,9999.000,9999.000,9999.000,9999.000,9999.000,9999.000,9999.000
202607022248,   0.535,9999.000,9999.000,9999.000,9999.000,9999.000,9999.000,9999.000,9999.000
202607022254,   0.518,9999.000,9999.000,9999.000,9999.000,9999.000,9999.000,9999.000,9999.000
202607022300,   0.501,9999.000,   0.600,  -0.022,   1.079,   0.600,   1.079,   0.600,   1.079
202607022306,   0.483,9999.000,9999.000,9999.000,9999.000,9999.000,9999.000,9999.000,9999.000
202607022312,   0.466,9999.000,9999.000,9999.000,9999.000,9999.000,9999.000,9999.000,9999.000
202607022318,   0.448,9999.000,9999.000,9999.000,9999.000,9999.000,9999.000,9999.000,9999.000
202607022324,   0.429,9999.000,9999.000,9999.000,9999.000,9999.000,9999.000,9999.000,9999.000
202607022330,   0.411,9999.000,9999.000,9999.000,9999.000,9999.000,9999.000,9999.000,9999.000
202607022336,   0.392,9999.000,9999.000,9999.000,9999.000,9999.000,9999.000,9999.000,9999.000
202607022342,   0.373,9999.000,9999.000,9999.000,9999.000,9999.000,9999.000,9999.000,9999.000
202607022348,   0.355,9999.000,9999.000,9999.000,9999.000,9999.000,9999.000,9999.000,9999.000
202607022354,   0.336,9999.000,9999.000,9999.000,9999.000,9999.000,9999.000,9999.000,9999.000
202607030000,   0.317,9999.000,   0.600,  -0.022,   0.895,   0.600,   0.895,   0.600,   0.895
202607030006,   0.298,9999.000,9999.000,9999.000,9999.000,9999.000,9999.000,9999.000,9999.000
202607030012,   0.279,9999.000,9999.000,9999.000,9999.000,9999.000,9999.000,9999.000,9999.000
202607030018,   0.260,9999.000,9999.000,9999.000,9999.000,9999.000,9999.000,9999.000,9999.000
202607030024,   0.242,9999.000,9999.000,9999.000,9999.000,9999.000,9999.000,9999.000,9999.000
202607030030,   0.223,9999.000,9999.000,9999.000,9999.000,9999.000,9999.000,9999.000,9999.000
202607030036,   0.205,9999.000,9999.000,9999.000,9999.000,9999.000,9999.000,9999.000,9999.000
202607030042,   0.187,9999.000,9999.000,9999.000,9999.000,9999.000,9999.000,9999.000,9999.000
202607030048,   0.169,9999.000,9999.000,9999.000,9999.000,9999.000,9999.000,9999.000,9999.000
202607030054,   0.151,9999.000,9999.000,9999.000,9999.000,9999.000,9999.000,9999.000,9999.000
202607030100,   0.133,9999.000,   0.600,  -0.022,   0.711,   0.600,   0.711,   0.600,   0.711
202607030106,   0.116,9999.000,9999.000,9999.000,9999.000,9999.000,9999.000,9999.000,9999.000
202607030112,   0.099,9999.000,9999.000,9999.000,9999.000,9999.000,9999.000,9999.000,9999.000
202607030118,   0.083,9999.000,9999.000,9999.000,9999.000,9999.000,9999.000,9999.000,9999.000
202607030124,   0.066,9999.000,9999.000,9999.000,9999.000,9999.000,9999.000,9999.000,9999.000
202607030130,   0.050,9999.000,9999.000,9999.000,9999.000,9999.000,9999.000,9999.000,9999.000
202607030136,   0.035,9999.000,9999.000,9999.000,9999.000,9999.000,9999.000,9999.000,9999.000
202607030142,   0.020,9999.000,9999.000,9999.000,9999.000,9999.000,9999.000,9999.000,9999.000
202607030148,   0.005,9999.000,9999.000,9999.000,9999.000,9999.000,9999.000,9999.000,9999.000
202607030154,  -0.009,9999.000,9999.000,9999.000,9999.000,9999.000,9999.000,9999.000,9999.000
202607030200,  -0.023,9999.000,   0.600,  -0.022,   0.555,   0.600,   0.555,   0.600,   0.555
202607030206,  -0.036,9999.000,9999.000,9999.000,9999.000,9999.000,9999.000,9999.000,9999.000
202607030212,  -0.050,9999.000,9999.000,9999.000,9999.000,9999.000,9999.000,9999.000,9999.000
202607030218,  -0.062,9999.000,9999.000,9999.000,9999.000,9999.000,9999.000,9999.000,9999.000
202607030224,  -0.075,9999.000,9999.000,9999.000,9999.000,9999.000,9999.000,9999.000,9999.000
202607030230,  -0.087,9999.000,9999.000,9999.000,9999.000,9999.000,9999.000,9999.000,9999.000
202607030236,  -0.098,9999.000,9999.000,9999.000,9999.000,9999.000,9999.000,9999.000,9999.000
202607030242,  -0.109,9999.000,9999.000,9999.000,9999.000,9999.000,9999.000,9999.000,9999.000
202607030248,  -0.120,9999.000,9999.000,9999.000,9999.000,9999.000,9999.000,9999.000,9999.000
202607030254,  -0.130,9999.000,9999.000,9999.000,9999.000,9999.000,9999.000,9999.000,9999.000
202607030300,  -0.140,9999.000,   0.600,  -0.022,   0.438,   0.600,   0.438,   0.600,   0.438
202607030306,  -0.149,9999.000,9999.000,9999.000,9999.000,9999.000,9999.000,9999.000,9999.000
202607030312,  -0.158,9999.000,9999.000,9999.000,9999.000,9999.000,9999.000,9999.000,9999.000
202607030318,  -0.166,9999.000,9999.000,9999.000,9999.000,9999.000,9999.000,9999.000,9999.000
202607030324,  -0.174,9999.000,9999.000,9999.000,9999.000,9999.000,9999.000,9999.000,9999.000
202607030330,  -0.182,9999.000,9999.000,9999.000,9999.000,9999.000,9999.000,9999.000,9999.000
202607030336,  -0.189,9999.000,9999.000,9999.000,9999.000,9999.000,9999.000,9999.000,9999.000
202607030342,  -0.195,9999.000,9999.000,9999.000,9999.000,9999.000,9999.000,9999.000,9999.000
202607030348,  -0.201,9999.000,9999.000,9999.000,9999.000,9999.000,9999.000,9999.000,9999.000
202607030354,  -0.206,9999.000,9999.000,9999.000,9999.000,9999.000,9999.000,9999.000,9999.000
202607030400,  -0.211,9999.000,   0.600,  -0.022,   0.367,   0.600,   0.367,   0.600,   0.367
202607030406,  -0.215,9999.000,9999.000,9999.000,9999.000,9999.000,9999.000,9999.000,9999.000
202607030412,  -0.219,9999.000,9999.000,9999.000,9999.000,9999.000,9999.000,9999.000,9999.000
202607030418,  -0.222,9999.000,9999.000,9999.000,9999.000,9999.000,9999.000,9999.000,9999.000
202607030424,  -0.225,9999.000,9999.000,9999.000,9999.000,9999.000,9999.000,9999.000,9999.000
202607030430,  -0.226,9999.000,9999.000,9999.000,9999.000,9999.000,9999.000,9999.000,9999.000
202607030436,  -0.228,9999.000,9999.000,9999.000,9999.000,9999.000,9999.000,9999.000,9999.000
202607030442,  -0.228,9999.000,9999.000,9999.000,9999.000,9999.000,9999.000,9999.000,9999.000
202607030448,  -0.228,9999.000,9999.000,9999.000,9999.000,9999.000,9999.000,9999.000,9999.000
202607030454,  -0.228,9999.000,9999.000,9999.000,9999.000,9999.000,9999.000,9999.000,9999.000
202607030500,  -0.226,9999.000,   0.600,  -0.022,   0.352,   0.600,   0.352,   0.600,   0.352
202607030506,  -0.224,9999.000,9999.000,9999.000,9999.000,9999.000,9999.000,9999.000,9999.000
202607030512,  -0.221,9999.000,9999.000,9999.000,9999.000,9999.000,9999.000,9999.000,9999.000
202607030518,  -0.218,9999.000,9999.000,9999.000,9999.000,9999.000,9999.000,9999.000,9999.000
202607030524,  -0.213,9999.000,9999.000,9999.000,9999.000,9999.000,9999.000,9999.000,9999.000
202607030530,  -0.208,9999.000,9999.000,9999.000,9999.000,9999.000,9999.000,9999.000,9999.000
202607030536,  -0.202,9999.000,9999.000,9999.000,9999.000,9999.000,9999.000,9999.000,9999.000
202607030542,  -0.196,9999.000,9999.000,9999.000,9999.000,9999.000,9999.000,9999.000,9999.000
202607030548,  -0.188,9999.000,9999.000,9999.000,9999.000,9999.000,9999.000,9999.000,9999.000
202607030554,  -0.180,9999.000,9999.000,9999.000,9999.000,9999.000,9999.000,9999.000,9999.000
202607030600,  -0.171,9999.000,   0.600,  -0.022,   0.407,   0.600,   0.407,   0.600,   0.407
202607030606,  -0.161,9999.000,9999.000,9999.000,9999.000,9999.000,9999.000,9999.000,9999.000
202607030612,  -0.151,9999.000,9999.000,9999.000,9999.000,9999.000,9999.000,9999.000,9999.000
202607030618,  -0.139,9999.000,9999.000,9999.000,9999.000,9999.000,9999.000,9999.000,9999.000
202607030624,  -0.127,9999.000,9999.000,9999.000,9999.000,9999.000,9999.000,9999.000,9999.000
202607030630,  -0.114,9999.000,9999.000,9999.000,9999.000,9999.000,9999.000,9999.000,9999.000
202607030636,  -0.101,9999.000,9999.000,9999.000,9999.000,9999.000,9999.000,9999.000,9999.000
202607030642,  -0.086,9999.000,9999.000,9999.000,9999.000,9999.000,9999.000,9999.000,9999.000
202607030648,  -0.071,9999.000,9999.000,9999.000,9999.000,9999.000,9999.000,9999.000,9999.000
202607030654,  -0.056,9999.000,9999.000,9999.000,9999.000,9999.000,9999.000,9999.000,9999.000
202607030700,  -0.040,9999.000,   0.600,  -0.022,   0.538,   0.600,   0.538,   0.600,   0.538
202607030706,  -0.023,9999.000,9999.000,9999.000,9999.000,9999.000,9999.000,9999.000,9999.000
202607030712,  -0.005,9999.000,9999.000,9999.000,9999.000,9999.000,9999.000,9999.000,9999.000
202607030718,   0.012,9999.000,9999.000,9999.000,9999.000,9999.000,9999.000,9999.000,9999.000
202607030724,   0.030,9999.000,9999.000,9999.000,9999.000,9999.000,9999.000,9999.000,9999.000
202607030730,   0.049,9999.000,9999.000,9999.000,9999.000,9999.000,9999.000,9999.000,9999.000
202607030736,   0.068,9999.000,9999.000,9999.000,9999.000,9999.000,9999.000,9999.000,9999.000
202607030742,   0.088,9999.000,9999.000,9999.000,9999.000,9999.000,9999.000,9999.000,9999.000
202607030748,   0.108,9999.000,9999.000,9999.000,9999.000,9999.000,9999.000,9999.000,9999.000
202607030754,   0.129,9999.000,9999.000,9999.000,9999.000,9999.000,9999.000,9999.000,9999.000
202607030800,   0.149,9999.000,   0.600,  -0.022,   0.727,   0.600,   0.727,   0.600,   0.727
202607030806,   0.170,9999.000,9999.000,9999.000,9999.000,9999.000,9999.000,9999.000,9999.000
202607030812,   0.191,9999.000,9999.000,9999.000,9999.000,9999.000,9999.000,9999.000,9999.000
202607030818,   0.212,9999.000,9999.000,9999.000,9999.000,9999.000,9999.000,9999.000,9999.000
202607030824,   0.233,9999.000,9999.000,9999.000,9999.000,9999.000,9999.000,9999.000,9999.000
202607030830,   0.253,9999.000,9999.000,9999.000,9999.000,9999.000,9999.000,9999.000,9999.000
202607030836,   0.274,9999.000,9999.000,9999.000,9999.000,9999.000,9999.000,9999.000,9999.000
202607030842,   0.295,9999.000,9999.000,9999.000,9999.000,9999.000,9999.000,9999.000,9999.000
202607030848,   0.315,9999.000,9999.000,9999.000,9999.000,9999.000,9999.000,9999.000,9999.000
202607030854,   0.336,9999.000,9999.000,9999.000,9999.000,9999.000,9999.000,9999.000,9999.000
202607030900,   0.356,9999.000,   0.600,  -0.022,   0.934,   0.600,   0.934,   0.600,   0.934
202607030906,   0.376,9999.000,9999.000,9999.000,9999.000,9999.000,9999.000,9999.000,9999.000
202607030912,   0.395,9999.000,9999.000,9999.000,9999.000,9999.000,9999.000,9999.000,9999.000
202607030918,   0.414,9999.000,9999.000,9999.000,9999.000,9999.000,9999.000,9999.000,9999.000
202607030924,   0.432,9999.000,9999.000,9999.000,9999.000,9999.000,9999.000,9999.000,9999.000
202607030930,   0.451,9999.000,9999.000,9999.000,9999.000,9999.000,9999.000,9999.000,9999.000
202607030936,   0.468,9999.000,9999.000,9999.000,9999.000,9999.000,9999.000,9999.000,9999.000
202607030942,   0.485,9999.000,9999.000,9999.000,9999.000,9999.000,9999.000,9999.000,9999.000
202607030948,   0.502,9999.000,9999.000,9999.000,9999.000,9999.000,9999.000,9999.000,9999.000
202607030954,   0.518,9999.000,9999.000,9999.000,9999.000,9999.000,9999.000,9999.000,9999.000
202607031000,   0.533,9999.000,   0.600,  -0.022,   1.111,   0.600,   1.111,   0.600,   1.111
202607031006,   0.548,9999.000,9999.000,9999.000,9999.000,9999.000,9999.000,9999.000,9999.000
202607031012,   0.562,9999.000,9999.000,9999.000,9999.000,9999.000,9999.000,9999.000,9999.000
202607031018,   0.576,9999.000,9999.000,9999.000,9999.000,9999.000,9999.000,9999.000,9999.000
202607031024,   0.588,9999.000,9999.000,9999.000,9999.000,9999.000,9999.000,9999.000,9999.000
202607031030,   0.601,9999.000,9999.000,9999.000,9999.000,9999.000,9999.000,9999.000,9999.000
202607031036,   0.612,9999.000,9999.000,9999.000,9999.000,9999.000,9999.000,9999.000,9999.000
202607031042,   0.624,9999.000,9999.000,9999.000,9999.000,9999.000,9999.000,9999.000,9999.000
202607031048,   0.634,9999.000,9999.000,9999.000,9999.000,9999.000,9999.000,9999.000,9999.000
202607031054,   0.644,9999.000,9999.000,9999.000,9999.000,9999.000,9999.000,9999.000,9999.000
202607031100,   0.653,9999.000,   0.600,  -0.022,   1.231,   0.600,   1.231,   0.600,   1.231
202607031106,   0.662,9999.000,9999.000,9999.000,9999.000,9999.000,9999.000,9999.000,9999.000
202607031112,   0.670,9999.000,9999.000,9999.000,9999.000,9999.000,9999.000,9999.000,9999.000
202607031118,   0.678,9999.000,9999.000,9999.000,9999.000,9999.000,9999.000,9999.000,9999.000
202607031124,   0.685,9999.000,9999.000,9999.000,9999.000,9999.000,9999.000,9999.000,9999.000
202607031130,   0.692,9999.000,9999.000,9999.000,9999.000,9999.000,9999.000,9999.000,9999.000
202607031136,   0.698,9999.000,9999.000,9999.000,9999.000,9999.000,9999.000,9999.000,9999.000
202607031142,   0.704,9999.000,9999.000,9999.000,9999.000,9999.000,9999.000,9999.000,9999.000
202607031148,   0.710,9999.000,9999.000,9999.000,9999.000,9999.000,9999.000,9999.000,9999.000
202607031154,   0.715,9999.000,9999.000,9999.000,9999.000,9999.000,9999.000,9999.000,9999.000
202607031200,   0.720,9999.000,   0.600,  -0.022,   1.298,   0.600,   1.298,   0.600,   1.298
202607031206,   0.724,9999.000,9999.000,9999.000,9999.000,9999.000,9999.000,9999.000,9999.000
202607031212,   0.729,9999.000,9999.000,9999.000,9999.000,9999.000,9999.000,9999.000,9999.000
202607031218,   0.733,9999.000,9999.000,9999.000,9999.000,9999.000,9999.000,9999.000,9999.000
202607031224,   0.736,9999.000,9999.000,9999.000,9999.000,9999.000,9999.000,9999.000,9999.000
202607031230,   0.740,9999.000,9999.000,9999.000,9999.000,9999.000,9999.000,9999.000,9999.000
202607031236,   0.743,9999.000,9999.000,9999.000,9999.000,9999.000,9999.000,9999.000,9999.000
202607031242,   0.747,9999.000,9999.000,9999.000,9999.000,9999.000,9999.000,9999.000,9999.000
202607031248,   0.750,9999.000,9999.000,9999.000,9999.000,9999.000,9999.000,9999.000,9999.000
202607031254,   0.753,9999.000,9999.000,9999.000,9999.000,9999.000,9999.000,9999.000,9999.000
202607031300,   0.756,9999.000,   0.600,  -0.022,   1.334,   0.500,   1.234,   0.600,   1.334
202607031306,   0.758,9999.000,9999.000,9999.000,9999.000,9999.000,9999.000,9999.000,9999.000
202607031312,   0.761,9999.000,9999.000,9999.000,9999.000,9999.000,9999.000,9999.000,9999.000
202607031318,   0.764,9999.000,9999.000,9999.000,9999.000,9999.000,9999.000,9999.000,9999.000
202607031324,   0.767,9999.000,9999.000,9999.000,9999.000,9999.000,9999.000,9999.000,9999.000
202607031330,   0.769,9999.000,9999.000,9999.000,9999.000,9999.000,9999.000,9999.000,9999.000
202607031336,   0.772,9999.000,9999.000,9999.000,9999.000,9999.000,9999.000,9999.000,9999.000
202607031342,   0.774,9999.000,9999.000,9999.000,9999.000,9999.000,9999.000,9999.000,9999.000
202607031348,   0.777,9999.000,9999.000,9999.000,9999.000,9999.000,9999.000,9999.000,9999.000
202607031354,   0.779,9999.000,9999.000,9999.000,9999.000,9999.000,9999.000,9999.000,9999.000
202607031400,   0.782,9999.000,   0.600,  -0.022,   1.360,   0.500,   1.260,   0.600,   1.360
202607031406,   0.784,9999.000,9999.000,9999.000,9999.000,9999.000,9999.000,9999.000,9999.000
202607031412,   0.787,9999.000,9999.000,9999.000,9999.000,9999.000,9999.000,9999.000,9999.000
202607031418,   0.789,9999.000,9999.000,9999.000,9999.000,9999.000,9999.000,9999.000,9999.000
202607031424,   0.791,9999.000,9999.000,9999.000,9999.000,9999.000,9999.000,9999.000,9999.000
202607031430,   0.794,9999.000,9999.000,9999.000,9999.000,9999.000,9999.000,9999.000,9999.000
202607031436,   0.796,9999.000,9999.000,9999.000,9999.000,9999.000,9999.000,9999.000,9999.000
202607031442,   0.798,9999.000,9999.000,9999.000,9999.000,9999.000,9999.000,9999.000,9999.000
202607031448,   0.800,9999.000,9999.000,9999.000,9999.000,9999.000,9999.000,9999.000,9999.000
202607031454,   0.802,9999.000,9999.000,9999.000,9999.000,9999.000,9999.000,9999.000,9999.000
202607031500,   0.803,9999.000,   0.600,  -0.022,   1.381,   0.500,   1.281,   0.600,   1.381
202607031506,   0.805,9999.000,9999.000,9999.000,9999.000,9999.000,9999.000,9999.000,9999.000
202607031512,   0.807,9999.000,9999.000,9999.000,9999.000,9999.000,9999.000,9999.000,9999.000
202607031518,   0.808,9999.000,9999.000,9999.000,9999.000,9999.000,9999.000,9999.000,9999.000
202607031524,   0.809,9999.000,9999.000,9999.000,9999.000,9999.000,9999.000,9999.000,9999.000
202607031530,   0.810,9999.000,9999.000,9999.000,9999.000,9999.000,9999.000,9999.000,9999.000
202607031536,   0.811,9999.000,9999.000,9999.000,9999.000,9999.000,9999.000,9999.000,9999.000
202607031542,   0.812,9999.000,9999.000,9999.000,9999.000,9999.000,9999.000,9999.000,9999.000
202607031548,   0.813,9999.000,9999.000,9999.000,9999.000,9999.000,9999.000,9999.000,9999.000
202607031554,   0.813,9999.000,9999.000,9999.000,9999.000,9999.000,9999.000,9999.000,9999.000
202607031600,   0.813,9999.000,   0.600,  -0.022,   1.391,   0.500,   1.291,   0.600,   1.391
202607031606,   0.813,9999.000,9999.000,9999.000,9999.000,9999.000,9999.000,9999.000,9999.000
202607031612,   0.813,9999.000,9999.000,9999.000,9999.000,9999.000,9999.000,9999.000,9999.000
202607031618,   0.813,9999.000,9999.000,9999.000,9999.000,9999.000,9999.000,9999.000,9999.000
202607031624,   0.812,9999.000,9999.000,9999.000,9999.000,9999.000,9999.000,9999.000,9999.000
202607031630,   0.812,9999.000,9999.000,9999.000,9999.000,9999.000,9999.000,9999.000,9999.000
202607031636,   0.811,9999.000,9999.000,9999.000,9999.000,9999.000,9999.000,9999.000,9999.000
202607031642,   0.810,9999.000,9999.000,9999.000,9999.000,9999.000,9999.000,9999.000,9999.000
202607031648,   0.809,9999.000,9999.000,9999.000,9999.000,9999.000,9999.000,9999.000,9999.000
202607031654,   0.807,9999.000,9999.000,9999.000,9999.000,9999.000,9999.000,9999.000,9999.000
202607031700,   0.806,9999.000,   0.600,  -0.022,   1.384,   0.500,   1.284,   0.600,   1.384
202607031706,   0.805,9999.000,9999.000,9999.000,9999.000,9999.000,9999.000,9999.000,9999.000
202607031712,   0.803,9999.000,9999.000,9999.000,9999.000,9999.000,9999.000,9999.000,9999.000
202607031718,   0.802,9999.000,9999.000,9999.000,9999.000,9999.000,9999.000,9999.000,9999.000
202607031724,   0.800,9999.000,9999.000,9999.000,9999.000,9999.000,9999.000,9999.000,9999.000
202607031730,   0.798,9999.000,9999.000,9999.000,9999.000,9999.000,9999.000,9999.000,9999.000
202607031736,   0.796,9999.000,9999.000,9999.000,9999.000,9999.000,9999.000,9999.000,9999.000
202607031742,   0.795,9999.000,9999.000,9999.000,9999.000,9999.000,9999.000,9999.000,9999.000
202607031748,   0.793,9999.000,9999.000,9999.000,9999.000,9999.000,9999.000,9999.000,9999.000
202607031754,   0.791,9999.000,9999.000,9999.000,9999.000,9999.000,9999.000,9999.000,9999.000
202607031800,   0.789,9999.000,   0.600,  -0.022,   1.367,   0.500,   1.267,   0.600,   1.367
202607031806,   0.788,9999.000,9999.000,9999.000,9999.000,9999.000,9999.000,9999.000,9999.000
202607031812,   0.786,9999.000,9999.000,9999.000,9999.000,9999.000,9999.000,9999.000,9999.000
202607031818,   0.784,9999.000,9999.000,9999.000,9999.000,9999.000,9999.000,9999.000,9999.000
202607031824,   0.783,9999.000,9999.000,9999.000,9999.000,9999.000,9999.000,9999.000,9999.000
202607031830,   0.781,9999.000,9999.000,9999.000,9999.000,9999.000,9999.000,9999.000,9999.000
202607031836,   0.780,9999.000,9999.000,9999.000,9999.000,9999.000,9999.000,9999.000,9999.000
202607031842,   0.778,9999.000,9999.000,9999.000,9999.000,9999.000,9999.000,9999.000,9999.000
202607031848,   0.777,9999.000,9999.000,9999.000,9999.000,9999.000,9999.000,9999.000,9999.000
202607031854,   0.776,9999.000,9999.000,9999.000,9999.000,9999.000,9999.000,9999.000,9999.000
202607031900,   0.774,9999.000,   0.600,  -0.022,   1.352,   0.500,   1.252,   0.600,   1.352
202607031906,   0.773,9999.000,9999.000,9999.000,9999.000,9999.000,9999.000,9999.000,9999.000
202607031912,   0.772,9999.000,9999.000,9999.000,9999.000,9999.000,9999.000,9999.000,9999.000
202607031918,   0.771,9999.000,9999.000,9999.000,9999.000,9999.000,9999.000,9999.000,9999.000
202607031924,   0.770,9999.000,9999.000,9999.000,9999.000,9999.000,9999.000,9999.000,9999.000
202607031930,   0.769,9999.000,9999.000,9999.000,9999.000,9999.000,9999.000,9999.000,9999.000
202607031936,   0.768,9999.000,9999.000,9999.000,9999.000,9999.000,9999.000,9999.000,9999.000
202607031942,   0.767,9999.000,9999.000,9999.000,9999.000,9999.000,9999.000,9999.000,9999.000
202607031948,   0.766,9999.000,9999.000,9999.000,9999.000,9999.000,9999.000,9999.000,9999.000
202607031954,   0.764,9999.000,9999.000,9999.000,9999.000,9999.000,9999.000,9999.000,9999.000
202607032000,   0.763,9999.000,   0.600,  -0.022,   1.341,   0.500,   1.241,   0.600,   1.341
202607032006,   0.762,9999.000,9999.000,9999.000,9999.000,9999.000,9999.000,9999.000,9999.000
202607032012,   0.760,9999.000,9999.000,9999.000,9999.000,9999.000,9999.000,9999.000,9999.000
202607032018,   0.758,9999.000,9999.000,9999.000,9999.000,9999.000,9999.000,9999.000,9999.000
202607032024,   0.756,9999.000,9999.000,9999.000,9999.000,9999.000,9999.000,9999.000,9999.000
202607032030,   0.754,9999.000,9999.000,9999.000,9999.000,9999.000,9999.000,9999.000,9999.000
202607032036,   0.752,9999.000,9999.000,9999.000,9999.000,9999.000,9999.000,9999.000,9999.000
202607032042,   0.749,9999.000,9999.000,9999.000,9999.000,9999.000,9999.000,9999.000,9999.000
202607032048,   0.746,9999.000,9999.000,9999.000,9999.000,9999.000,9999.000,9999.000,9999.000
202607032054,   0.743,9999.000,9999.000,9999.000,9999.000,9999.000,9999.000,9999.000,9999.000
202607032100,   0.739,9999.000,   0.600,  -0.022,   1.317,   0.500,   1.217,   0.600,   1.317
202607032106,   0.735,9999.000,9999.000,9999.000,9999.000,9999.000,9999.000,9999.000,9999.000
202607032112,   0.731,9999.000,9999.000,9999.000,9999.000,9999.000,9999.000,9999.000,9999.000
202607032118,   0.726,9999.000,9999.000,9999.000,9999.000,9999.000,9999.000,9999.000,9999.000
202607032124,   0.721,9999.000,9999.000,9999.000,9999.000,9999.000,9999.000,9999.000,9999.000
202607032130,   0.715,9999.000,9999.000,9999.000,9999.000,9999.000,9999.000,9999.000,9999.000
202607032136,   0.709,9999.000,9999.000,9999.000,9999.000,9999.000,9999.000,9999.000,9999.000
202607032142,   0.703,9999.000,9999.000,9999.000,9999.000,9999.000,9999.000,9999.000,9999.000
202607032148,   0.696,9999.000,9999.000,9999.000,9999.000,9999.000,9999.000,9999.000,9999.000
202607032154,   0.688,9999.000,9999.000,9999.000,9999.000,9999.000,9999.000,9999.000,9999.000
202607032200,   0.680,9999.000,   0.600,  -0.022,   1.258,   0.600,   1.258,   0.600,   1.258
202607032206,   0.671,9999.000,9999.000,9999.000,9999.000,9999.000,9999.000,9999.000,9999.000
202607032212,   0.662,9999.000,9999.000,9999.000,9999.000,9999.000,9999.000,9999.000,9999.000
202607032218,   0.653,9999.000,9999.000,9999.000,9999.000,9999.000,9999.000,9999.000,9999.000
202607032224,   0.642,9999.000,9999.000,9999.000,9999.000,9999.000,9999.000,9999.000,9999.000
202607032230,   0.632,9999.000,9999.000,9999.000,9999.000,9999.000,9999.000,9999.000,9999.000
202607032236,   0.621,9999.000,9999.000,9999.000,9999.000,9999.000,9999.000,9999.000,9999.000
202607032242,   0.609,9999.000,9999.000,9999.000,9999.000,9999.000,9999.000,9999.000,9999.000
202607032248,   0.597,9999.000,9999.000,9999.000,9999.000,9999.000,9999.000,9999.000,9999.000
202607032254,   0.585,9999.000,9999.000,9999.000,9999.000,9999.000,9999.000,9999.000,9999.000
202607032300,   0.572,9999.000,   0.600,  -0.022,   1.150,   0.600,   1.150,   0.600,   1.150
202607032306,   0.558,9999.000,9999.000,9999.000,9999.000,9999.000,9999.000,9999.000,9999.000
202607032312,   0.545,9999.000,9999.000,9999.000,9999.000,9999.000,9999.000,9999.000,9999.000
202607032318,   0.531,9999.000,9999.000,9999.000,9999.000,9999.000,9999.000,9999.000,9999.000
202607032324,   0.516,9999.000,9999.000,9999.000,9999.000,9999.000,9999.000,9999.000,9999.000
202607032330,   0.502,9999.000,9999.000,9999.000,9999.000,9999.000,9999.000,9999.000,9999.000
202607032336,   0.487,9999.000,9999.000,9999.000,9999.000,9999.000,9999.000,9999.000,9999.000
202607032342,   0.472,9999.000,9999.000,9999.000,9999.000,9999.000,9999.000,9999.000,9999.000
202607032348,   0.456,9999.000,9999.000,9999.000,9999.000,9999.000,9999.000,9999.000,9999.000
202607032354,   0.441,9999.000,9999.000,9999.000,9999.000,9999.000,9999.000,9999.000,9999.000
202607040000,   0.425,9999.000,   0.600,  -0.022,   1.003,   0.600,   1.003,   0.600,   1.003
202607040006,   0.409,9999.000,9999.000,9999.000,9999.000,9999.000,9999.000,9999.000,9999.000
202607040012,   0.393,9999.000,9999.000,9999.000,9999.000,9999.000,9999.000,9999.000,9999.000
202607040018,   0.377,9999.000,9999.000,9999.000,9999.000,9999.000,9999.000,9999.000,9999.000
202607040024,   0.361,9999.000,9999.000,9999.000,9999.000,9999.000,9999.000,9999.000,9999.000
202607040030,   0.345,9999.000,9999.000,9999.000,9999.000,9999.000,9999.000,9999.000,9999.000
202607040036,   0.329,9999.000,9999.000,9999.000,9999.000,9999.000,9999.000,9999.000,9999.000
202607040042,   0.314,9999.000,9999.000,9999.000,9999.000,9999.000,9999.000,9999.000,9999.000
202607040048,   0.298,9999.000,9999.000,9999.000,9999.000,9999.000,9999.000,9999.000,9999.000
202607040054,   0.282,9999.000,9999.000,9999.000,9999.000,9999.000,9999.000,9999.000,9999.000
202607040100,   0.267,9999.000,   0.600,  -0.022,   0.845,   0.600,   0.845,   0.600,   0.845
202607040106,   0.251,9999.000,9999.000,9999.000,9999.000,9999.000,9999.000,9999.000,9999.000
202607040112,   0.236,9999.000,9999.000,9999.000,9999.000,9999.000,9999.000,9999.000,9999.000
202607040118,   0.221,9999.000,9999.000,9999.000,9999.000,9999.000,9999.000,9999.000,9999.000
202607040124,   0.207,9999.000,9999.000,9999.000,9999.000,9999.000,9999.000,9999.000,9999.000
202607040130,   0.192,9999.000,9999.000,9999.000,9999.000,9999.000,9999.000,9999.000,9999.000
202607040136,   0.178,9999.000,9999.000,9999.000,9999.000,9999.000,9999.000,9999.000,9999.000
202607040142,   0.164,9999.000,9999.000,9999.000,9999.000,9999.000,9999.000,9999.000,9999.000
202607040148,   0.150,9999.000,9999.000,9999.000,9999.000,9999.000,9999.000,9999.000,9999.000
202607040154,   0.137,9999.000,9999.000,9999.000,9999.000,9999.000,9999.000,9999.000,9999.000
202607040200,   0.124,9999.000,   0.600,  -0.022,   0.702,   0.600,   0.702,   0.600,   0.702
202607040206,   0.111,9999.000,9999.000,9999.000,9999.000,9999.000,9999.000,9999.000,9999.000
202607040212,   0.098,9999.000,9999.000,9999.000,9999.000,9999.000,9999.000,9999.000,9999.000
202607040218,   0.086,9999.000,9999.000,9999.000,9999.000,9999.000,9999.000,9999.000,9999.000
202607040224,   0.074,9999.000,9999.000,9999.000,9999.000,9999.000,9999.000,9999.000,9999.000
202607040230,   0.062,9999.000,9999.000,9999.000,9999.000,9999.000,9999.000,9999.000,9999.000
202607040236,   0.051,9999.000,9999.000,9999.000,9999.000,9999.000,9999.000,9999.000,9999.000
202607040242,   0.040,9999.000,9999.000,9999.000,9999.000,9999.000,9999.000,9999.000,9999.000
202607040248,   0.029,9999.000,9999.000,9999.000,9999.000,9999.000,9999.000,9999.000,9999.000
202607040254,   0.019,9999.000,9999.000,9999.000,9999.000,9999.000,9999.000,9999.000,9999.000
202607040300,   0.009,9999.000,   0.600,  -0.022,   0.587,   0.600,   0.587,   0.600,   0.587
202607040306,   0.000,9999.000,9999.000,9999.000,9999.000,9999.000,9999.000,9999.000,9999.000
202607040312,  -0.010,9999.000,9999.000,9999.000,9999.000,9999.000,9999.000,9999.000,9999.000
202607040318,  -0.019,9999.000,9999.000,9999.000,9999.000,9999.000,9999.000,9999.000,9999.000
202607040324,  -0.028,9999.000,9999.000,9999.000,9999.000,9999.000,9999.000,9999.000,9999.000
202607040330,  -0.036,9999.000,9999.000,9999.000,9999.000,9999.000,9999.000,9999.000,9999.000
202607040336,  -0.045,9999.000,9999.000,9999.000,9999.000,9999.000,9999.000,9999.000,9999.000
202607040342,  -0.053,9999.000,9999.000,9999.000,9999.000,9999.000,9999.000,9999.000,9999.000
202607040348,  -0.060,9999.000,9999.000,9999.000,9999.000,9999.000,9999.000,9999.000,9999.000
202607040354,  -0.067,9999.000,9999.000,9999.000,9999.000,9999.000,9999.000,9999.000,9999.000
202607040400,  -0.074,9999.000,   0.600,  -0.022,   0.504,   0.600,   0.504,   0.600,   0.504
202607040406,  -0.081,9999.000,9999.000,9999.000,9999.000,9999.000,9999.000,9999.000,9999.000
202607040412,  -0.087,9999.000,9999.000,9999.000,9999.000,9999.000,9999.000,9999.000,9999.000
202607040418,  -0.093,9999.000,9999.000,9999.000,9999.000,9999.000,9999.000,9999.000,9999.000
202607040424,  -0.098,9999.000,9999.000,9999.000,9999.000,9999.000,9999.000,9999.000,9999.000
202607040430,  -0.103,9999.000,9999.000,9999.000,9999.000,9999.000,9999.000,9999.000,9999.000
202607040436,  -0.108,9999.000,9999.000,9999.000,9999.000,9999.000,9999.000,9999.000,9999.000
202607040442,  -0.112,9999.000,9999.000,9999.000,9999.000,9999.000,9999.000,9999.000,9999.000
202607040448,  -0.116,9999.000,9999.000,9999.000,9999.000,9999.000,9999.000,9999.000,9999.000
202607040454,  -0.119,9999.000,9999.000,9999.000,9999.000,9999.000,9999.000,9999.000,9999.000
202607040500,  -0.121,9999.000,   0.600,  -0.022,   0.457,   0.600,   0.457,   0.600,   0.457
202607040506,  -0.124,9999.000,9999.000,9999.000,9999.000,9999.000,9999.000,9999.000,9999.000
202607040512,  -0.125,9999.000,9999.000,9999.000,9999.000,9999.000,9999.000,9999.000,9999.000
202607040518,  -0.126,9999.000,9999.000,9999.000,9999.000,9999.000,9999.000,9999.000,9999.000
202607040524,  -0.127,9999.000,9999.000,9999.000,9999.000,9999.000,9999.000,9999.000,9999.000
202607040530,  -0.127,9999.000,9999.000,9999.000,9999.000,9999.000,9999.000,9999.000,9999.000
202607040536,  -0.126,9999.000,9999.000,9999.000,9999.000,9999.000,9999.000,9999.000,9999.000
202607040542,  -0.125,9999.000,9999.000,9999.000,9999.000,9999.000,9999.000,9999.000,9999.000
202607040548,  -0.123,9999.000,9999.000,9999.000,9999.000,9999.000,9999.000,9999.000,9999.000
202607040554,  -0.120,9999.000,9999.000,9999.000,9999.000,9999.000,9999.000,9999.000,9999.000
202607040600,  -0.117,9999.000,   0.600,  -0.022,   0.461,   0.600,   0.461,   0.600,   0.461
202607040606,  -0.112,9999.000,9999.000,9999.000,9999.000,9999.000,9999.000,9999.000,9999.000
202607040612,  -0.108,9999.000,9999.000,9999.000,9999.000,9999.000,9999.000,9999.000,9999.000
202607040618,  -0.102,9999.000,9999.000,9999.000,9999.000,9999.000,9999.000,9999.000,9999.000
202607040624,  -0.096,9999.000,9999.000,9999.000,9999.000,9999.000,9999.000,9999.000,9999.000
202607040630,  -0.089,9999.000,9999.000,9999.000,9999.000,9999.000,9999.000,9999.000,9999.000
202607040636,  -0.081,9999.000,9999.000,9999.000,9999.000,9999.000,9999.000,9999.000,9999.000
202607040642,  -0.073,9999.000,9999.000,9999.000,9999.000,9999.000,9999.000,9999.000,9999.000
202607040648,  -0.064,9999.000,9999.000,9999.000,9999.000,9999.000,9999.000,9999.000,9999.000
202607040654,  -0.054,9999.000,9999.000,9999.000,9999.000,9999.000,9999.000,9999.000,9999.000
202607040700,  -0.043,9999.000,   0.600,  -0.022,   0.535,   0.600,   0.535,   0.600,   0.535
202607040706,  -0.032,9999.000,9999.000,9999.000,9999.000,9999.000,9999.000,9999.000,9999.000
202607040712,  -0.020,9999.000,9999.000,9999.000,9999.000,9999.000,9999.000,9999.000,9999.000
202607040718,  -0.007,9999.000,9999.000,9999.000,9999.000,9999.000,9999.000,9999.000,9999.000
202607040724,   0.005,9999.000,9999.000,9999.000,9999.000,9999.000,9999.000,9999.000,9999.000
202607040730,   0.019,9999.000,9999.000,9999.000,9999.000,9999.000,9999.000,9999.000,9999.000
202607040736,   0.034,9999.000,9999.000,9999.000,9999.000,9999.000,9999.000,9999.000,9999.000
202607040742,   0.049,9999.000,9999.000,9999.000,9999.000,9999.000,9999.000,9999.000,9999.000
202607040748,   0.064,9999.000,9999.000,9999.000,9999.000,9999.000,9999.000,9999.000,9999.000
202607040754,   0.080,9999.000,9999.000,9999.000,9999.000,9999.000,9999.000,9999.000,9999.000
202607040800,   0.097,9999.000,   0.600,  -0.022,   0.675,   0.600,   0.675,   0.600,   0.675
202607040806,   0.114,9999.000,9999.000,9999.000,9999.000,9999.000,9999.000,9999.000,9999.000
202607040812,   0.131,9999.000,9999.000,9999.000,9999.000,9999.000,9999.000,9999.000,9999.000
202607040818,   0.149,9999.000,9999.000,9999.000,9999.000,9999.000,9999.000,9999.000,9999.000
202607040824,   0.167,9999.000,9999.000,9999.000,9999.000,9999.000,9999.000,9999.000,9999.000
202607040830,   0.185,9999.000,9999.000,9999.000,9999.000,9999.000,9999.000,9999.000,9999.000
202607040836,   0.203,9999.000,9999.000,9999.000,9999.000,9999.000,9999.000,9999.000,9999.000
202607040842,   0.222,9999.000,9999.000,9999.000,9999.000,9999.000,9999.000,9999.000,9999.000
202607040848,   0.241,9999.000,9999.000,9999.000,9999.000,9999.000,9999.000,9999.000,9999.000
202607040854,   0.259,9999.000,9999.000,9999.000,9999.000,9999.000,9999.000,9999.000,9999.000
202607040900,   0.278,9999.000,   0.600,  -0.022,   0.856,   0.500,   0.756,   0.600,   0.856
202607040906,   0.297,9999.000,9999.000,9999.000,9999.000,9999.000,9999.000,9999.000,9999.000
202607040912,   0.315,9999.000,9999.000,9999.000,9999.000,9999.000,9999.000,9999.000,9999.000
202607040918,   0.333,9999.000,9999.000,9999.000,9999.000,9999.000,9999.000,9999.000,9999.000
202607040924,   0.352,9999.000,9999.000,9999.000,9999.000,9999.000,9999.000,9999.000,9999.000
202607040930,   0.370,9999.000,9999.000,9999.000,9999.000,9999.000,9999.000,9999.000,9999.000
202607040936,   0.387,9999.000,9999.000,9999.000,9999.000,9999.000,9999.000,9999.000,9999.000
202607040942,   0.405,9999.000,9999.000,9999.000,9999.000,9999.000,9999.000,9999.000,9999.000
202607040948,   0.422,9999.000,9999.000,9999.000,9999.000,9999.000,9999.000,9999.000,9999.000
202607040954,   0.438,9999.000,9999.000,9999.000,9999.000,9999.000,9999.000,9999.000,9999.000
202607041000,   0.455,9999.000,   0.600,  -0.022,   1.033,   0.600,   1.033,   0.600,   1.033
202607041006,   0.470,9999.000,9999.000,9999.000,9999.000,9999.000,9999.000,9999.000,9999.000
202607041012,   0.486,9999.000,9999.000,9999.000,9999.000,9999.000,9999.000,9999.000,9999.000
202607041018,   0.500,9999.000,9999.000,9999.000,9999.000,9999.000,9999.000,9999.000,9999.000
202607041024,   0.515,9999.000,9999.000,9999.000,9999.000,9999.000,9999.000,9999.000,9999.000
202607041030,   0.528,9999.000,9999.000,9999.000,9999.000,9999.000,9999.000,9999.000,9999.000
202607041036,   0.542,9999.000,9999.000,9999.000,9999.000,9999.000,9999.000,9999.000,9999.000
202607041042,   0.554,9999.000,9999.000,9999.000,9999.000,9999.000,9999.000,9999.000,9999.000
202607041048,   0.566,9999.000,9999.000,9999.000,9999.000,9999.000,9999.000,9999.000,9999.000
202607041054,   0.578,9999.000,9999.000,9999.000,9999.000,9999.000,9999.000,9999.000,9999.000
202607041100,   0.589,9999.000,   0.600,  -0.022,   1.167,   0.600,   1.167,   0.600,   1.167
202607041106,   0.599,9999.000,9999.000,9999.000,9999.000,9999.000,9999.000,9999.000,9999.000
202607041112,   0.609,9999.000,9999.000,9999.000,9999.000,9999.000,9999.000,9999.000,9999.000
202607041118,   0.618,9999.000,9999.000,9999.000,9999.000,9999.000,9999.000,9999.000,9999.000
202607041124,   0.627,9999.000,9999.000,9999.000,9999.000,9999.000,9999.000,9999.000,9999.000
202607041130,   0.635,9999.000,9999.000,9999.000,9999.000,9999.000,9999.000,9999.000,9999.000
202607041136,   0.643,9999.000,9999.000,9999.000,9999.000,9999.000,9999.000,9999.000,9999.000
202607041142,   0.650,9999.000,9999.000,9999.000,9999.000,9999.000,9999.000,9999.000,9999.000
202607041148,   0.657,9999.000,9999.000,9999.000,9999.000,9999.000,9999.000,9999.000,9999.000
202607041154,   0.663,9999.000,9999.000,9999.000,9999.000,9999.000,9999.000,9999.000,9999.000
202607041200,   0.669,9999.000,   0.600,  -0.022,   1.247,   0.600,   1.247,   0.600,   1.247
202607041206,   0.674,9999.000,9999.000,9999.000,9999.000,9999.000,9999.000,9999.000,9999.000
202607041212,   0.679,9999.000,9999.000,9999.000,9999.000,9999.000,9999.000,9999.000,9999.000
202607041218,   0.684,9999.000,9999.000,9999.000,9999.000,9999.000,9999.000,9999.000,9999.000
202607041224,   0.688,9999.000,9999.000,9999.000,9999.000,9999.000,9999.000,9999.000,9999.000
202607041230,   0.692,9999.000,9999.000,9999.000,9999.000,9999.000,9999.000,9999.000,9999.000
202607041236,   0.695,9999.000,9999.000,9999.000,9999.000,9999.000,9999.000,9999.000,9999.000
202607041242,   0.699,9999.000,9999.000,9999.000,9999.000,9999.000,9999.000,9999.000,9999.000
202607041248,   0.702,9999.000,9999.000,9999.000,9999.000,9999.000,9999.000,9999.000,9999.000
202607041254,   0.705,9999.000,9999.000,9999.000,9999.000,9999.000,9999.000,9999.000,9999.000
202607041300,   0.707,9999.000,   0.600,  -0.022,   1.285,   0.500,   1.185,   0.600,   1.285
202607041306,   0.710,9999.000,9999.000,9999.000,9999.000,9999.000,9999.000,9999.000,9999.000
202607041312,   0.712,9999.000,9999.000,9999.000,9999.000,9999.000,9999.000,9999.000,9999.000
202607041318,   0.714,9999.000,9999.000,9999.000,9999.000,9999.000,9999.000,9999.000,9999.000
202607041324,   0.716,9999.000,9999.000,9999.000,9999.000,9999.000,9999.000,9999.000,9999.000
202607041330,   0.718,9999.000,9999.000,9999.000,9999.000,9999.000,9999.000,9999.000,9999.000
202607041336,   0.719,9999.000,9999.000,9999.000,9999.000,9999.000,9999.000,9999.000,9999.000
202607041342,   0.721,9999.000,9999.000,9999.000,9999.000,9999.000,9999.000,9999.000,9999.000
202607041348,   0.722,9999.000,9999.000,9999.000,9999.000,9999.000,9999.000,9999.000,9999.000
202607041354,   0.724,9999.000,9999.000,9999.000,9999.000,9999.000,9999.000,9999.000,9999.000
202607041400,   0.725,9999.000,   0.600,  -0.022,   1.303,   0.500,   1.203,   0.600,   1.303
202607041406,   0.726,9999.000,9999.000,9999.000,9999.000,9999.000,9999.000,9999.000,9999.000
202607041412,   0.727,9999.000,9999.000,9999.000,9999.000,9999.000,9999.000,9999.000,9999.000
202607041418,   0.728,9999.000,9999.000,9999.000,9999.000,9999.000,9999.000,9999.000,9999.000
202607041424,   0.729,9999.000,9999.000,9999.000,9999.000,9999.000,9999.000,9999.000,9999.000
202607041430,   0.730,9999.000,9999.000,9999.000,9999.000,9999.000,9999.000,9999.000,9999.000
202607041436,   0.731,9999.000,9999.000,9999.000,9999.000,9999.000,9999.000,9999.000,9999.000
202607041442,   0.731,9999.000,9999.000,9999.000,9999.000,9999.000,9999.000,9999.000,9999.000
202607041448,   0.732,9999.000,9999.000,9999.000,9999.000,9999.000,9999.000,9999.000,9999.000
202607041454,   0.732,9999.000,9999.000,9999.000,9999.000,9999.000,9999.000,9999.000,9999.000
202607041500,   0.733,9999.000,   0.600,  -0.022,   1.311,   0.500,   1.211,   0.600,   1.311
202607041506,   0.733,9999.000,9999.000,9999.000,9999.000,9999.000,9999.000,9999.000,9999.000
202607041512,   0.733,9999.000,9999.000,9999.000,9999.000,9999.000,9999.000,9999.000,9999.000
202607041518,   0.733,9999.000,9999.000,9999.000,9999.000,9999.000,9999.000,9999.000,9999.000
202607041524,   0.733,9999.000,9999.000,9999.000,9999.000,9999.000,9999.000,9999.000,9999.000
202607041530,   0.732,9999.000,9999.000,9999.000,9999.000,9999.000,9999.000,9999.000,9999.000
202607041536,   0.732,9999.000,9999.000,9999.000,9999.000,9999.000,9999.000,9999.000,9999.000
202607041542,   0.731,9999.000,9999.000,9999.000,9999.000,9999.000,9999.000,9999.000,9999.000
202607041548,   0.731,9999.000,9999.000,9999.000,9999.000,9999.000,9999.000,9999.000,9999.000
202607041554,   0.730,9999.000,9999.000,9999.000,9999.000,9999.000,9999.000,9999.000,9999.000
202607041600,   0.729,9999.000,   0.600,  -0.022,   1.307,   0.500,   1.207,   0.600,   1.307
202607041606,   0.727,9999.000,9999.000,9999.000,9999.000,9999.000,9999.000,9999.000,9999.000
202607041612,   0.726,9999.000,9999.000,9999.000,9999.000,9999.000,9999.000,9999.000,9999.000
202607041618,   0.725,9999.000,9999.000,9999.000,9999.000,9999.000,9999.000,9999.000,9999.000
202607041624,   0.723,9999.000,9999.000,9999.000,9999.000,9999.000,9999.000,9999.000,9999.000
202607041630,   0.721,9999.000,9999.000,9999.000,9999.000,9999.000,9999.000,9999.000,9999.000
202607041636,   0.719,9999.000,9999.000,9999.000,9999.000,9999.000,9999.000,9999.000,9999.000
202607041642,   0.717,9999.000,9999.000,9999.000,9999.000,9999.000,9999.000,9999.000,9999.000
202607041648,   0.715,9999.000,9999.000,9999.000,9999.000,9999.000,9999.000,9999.000,9999.000
202607041654,   0.712,9999.000,9999.000,9999.000,9999.000,9999.000,9999.000,9999.000,9999.000
202607041700,   0.710,9999.000,   0.600,  -0.022,   1.288,   0.500,   1.188,   0.600,   1.288
202607041706,   0.707,9999.000,9999.000,9999.000,9999.000,9999.000,9999.000,9999.000,9999.000
202607041712,   0.705,9999.000,9999.000,9999.000,9999.000,9999.000,9999.000,9999.000,9999.000
202607041718,   0.702,9999.000,9999.000,9999.000,9999.000,9999.000,9999.000,9999.000,9999.000
202607041724,   0.699,9999.000,9999.000,9999.000,9999.000,9999.000,9999.000,9999.000,9999.000
202607041730,   0.697,9999.000,9999.000,9999.000,9999.000,9999.000,9999.000,9999.000,9999.000
202607041736,   0.694,9999.000,9999.000,9999.000,9999.000,9999.000,9999.000,9999.000,9999.000
202607041742,   0.691,9999.000,9999.000,9999.000,9999.000,9999.000,9999.000,9999.000,9999.000
202607041748,   0.689,9999.000,9999.000,9999.000,9999.000,9999.000,9999.000,9999.000,9999.000
202607041754,   0.686,9999.000,9999.000,9999.000,9999.000,9999.000,9999.000,9999.000,9999.000
202607041800,   0.683,9999.000,   0.500,  -0.022,   1.161,   0.500,   1.161,   0.600,   1.261
202607041806,   0.681,9999.000,9999.000,9999.000,9999.000,9999.000,9999.000,9999.000,9999.000
202607041812,   0.678,9999.000,9999.000,9999.000,9999.000,9999.000,9999.000,9999.000,9999.000
202607041818,   0.676,9999.000,9999.000,9999.000,9999.000,9999.000,9999.000,9999.000,9999.000
202607041824,   0.674,9999.000,9999.000,9999.000,9999.000,9999.000,9999.000,9999.000,9999.000
202607041830,   0.671,9999.000,9999.000,9999.000,9999.000,9999.000,9999.000,9999.000,9999.000
202607041836,   0.669,9999.000,9999.000,9999.000,9999.000,9999.000,9999.000,9999.000,9999.000
202607041842,   0.668,9999.000,9999.000,9999.000,9999.000,9999.000,9999.000,9999.000,9999.000
202607041848,   0.666,9999.000,9999.000,9999.000,9999.000,9999.000,9999.000,9999.000,9999.000
202607041854,   0.664,9999.000,9999.000,9999.000,9999.000,9999.000,9999.000,9999.000,9999.000
202607041900,   0.663,9999.000,   0.600,  -0.022,   1.241,   0.500,   1.141,   0.600,   1.241
202607041906,   0.662,9999.000,9999.000,9999.000,9999.000,9999.000,9999.000,9999.000,9999.000
202607041912,   0.661,9999.000,9999.000,9999.000,9999.000,9999.000,9999.000,9999.000,9999.000
202607041918,   0.660,9999.000,9999.000,9999.000,9999.000,9999.000,9999.000,9999.000,9999.000
202607041924,   0.659,9999.000,9999.000,9999.000,9999.000,9999.000,9999.000,9999.000,9999.000
202607041930,   0.659,9999.000,9999.000,9999.000,9999.000,9999.000,9999.000,9999.000,9999.000
202607041936,   0.658,9999.000,9999.000,9999.000,9999.000,9999.000,9999.000,9999.000,9999.000
202607041942,   0.658,9999.000,9999.000,9999.000,9999.000,9999.000,9999.000,9999.000,9999.000
202607041948,   0.658,9999.000,9999.000,9999.000,9999.000,9999.000,9999.000,9999.000,9999.000
202607041954,   0.658,9999.000,9999.000,9999.000,9999.000,9999.000,9999.000,9999.000,9999.000
202607042000,   0.658,9999.000,   0.600,  -0.022,   1.236,   0.500,   1.136,   0.600,   1.236
202607042006,   0.658,9999.000,9999.000,9999.000,9999.000,9999.000,9999.000,9999.000,9999.000
202607042012,   0.659,9999.000,9999.000,9999.000,9999.000,9999.000,9999.000,9999.000,9999.000
202607042018,   0.659,9999.000,9999.000,9999.000,9999.000,9999.000,9999.000,9999.000,9999.000
202607042024,   0.659,9999.000,9999.000,9999.000,9999.000,9999.000,9999.000,9999.000,9999.000
202607042030,   0.659,9999.000,9999.000,9999.000,9999.000,9999.000,9999.000,9999.000,9999.000
202607042036,   0.660,9999.000,9999.000,9999.000,9999.000,9999.000,9999.000,9999.000,9999.000
202607042042,   0.660,9999.000,9999.000,9999.000,9999.000,9999.000,9999.000,9999.000,9999.000
202607042048,   0.660,9999.000,9999.000,9999.000,9999.000,9999.000,9999.000,9999.000,9999.000
202607042054,   0.660,9999.000,9999.000,9999.000,9999.000,9999.000,9999.000,9999.000,9999.000
202607042100,   0.660,9999.000,   0.600,  -0.022,   1.238,   0.500,   1.138,   0.600,   1.238
202607042106,   0.659,9999.000,9999.000,9999.000,9999.000,9999.000,9999.000,9999.000,9999.000
202607042112,   0.659,9999.000,9999.000,9999.000,9999.000,9999.000,9999.000,9999.000,9999.000
202607042118,   0.658,9999.000,9999.000,9999.000,9999.000,9999.000,9999.000,9999.000,9999.000
202607042124,   0.657,9999.000,9999.000,9999.000,9999.000,9999.000,9999.000,9999.000,9999.000
202607042130,   0.656,9999.000,9999.000,9999.000,9999.000,9999.000,9999.000,9999.000,9999.000
202607042136,   0.654,9999.000,9999.000,9999.000,9999.000,9999.000,9999.000,9999.000,9999.000
202607042142,   0.652,9999.000,9999.000,9999.000,9999.000,9999.000,9999.000,9999.000,9999.000
202607042148,   0.650,9999.000,9999.000,9999.000,9999.000,9999.000,9999.000,9999.000,9999.000
202607042154,   0.647,9999.000,9999.000,9999.000,9999.000,9999.000,9999.000,9999.000,9999.000
202607042200,   0.644,9999.000,   0.600,  -0.022,   1.222,   0.500,   1.122,   0.600,   1.222
202607042206,   0.641,9999.000,9999.000,9999.000,9999.000,9999.000,9999.000,9999.000,9999.000
202607042212,   0.637,9999.000,9999.000,9999.000,9999.000,9999.000,9999.000,9999.000,9999.000
202607042218,   0.632,9999.000,9999.000,9999.000,9999.000,9999.000,9999.000,9999.000,9999.000
202607042224,   0.628,9999.000,9999.000,9999.000,9999.000,9999.000,9999.000,9999.000,9999.000
202607042230,   0.622,9999.000,9999.000,9999.000,9999.000,9999.000,9999.000,9999.000,9999.000
202607042236,   0.617,9999.000,9999.000,9999.000,9999.000,9999.000,9999.000,9999.000,9999.000
202607042242,   0.611,9999.000,9999.000,9999.000,9999.000,9999.000,9999.000,9999.000,9999.000
202607042248,   0.604,9999.000,9999.000,9999.000,9999.000,9999.000,9999.000,9999.000,9999.000
202607042254,   0.597,9999.000,9999.000,9999.000,9999.000,9999.000,9999.000,9999.000,9999.000
202607042300,   0.590,9999.000,   0.600,  -0.022,   1.168,   0.600,   1.168,   0.600,   1.168
202607042306,   0.582,9999.000,9999.000,9999.000,9999.000,9999.000,9999.000,9999.000,9999.000
202607042312,   0.574,9999.000,9999.000,9999.000,9999.000,9999.000,9999.000,9999.000,9999.000
202607042318,   0.566,9999.000,9999.000,9999.000,9999.000,9999.000,9999.000,9999.000,9999.000
202607042324,   0.557,9999.000,9999.000,9999.000,9999.000,9999.000,9999.000,9999.000,9999.000
202607042330,   0.547,9999.000,9999.000,9999.000,9999.000,9999.000,9999.000,9999.000,9999.000
202607042336,   0.538,9999.000,9999.000,9999.000,9999.000,9999.000,9999.000,9999.000,9999.000
202607042342,   0.528,9999.000,9999.000,9999.000,9999.000,9999.000,9999.000,9999.000,9999.000
202607042348,   0.517,9999.000,9999.000,9999.000,9999.000,9999.000,9999.000,9999.000,9999.000
202607042354,   0.507,9999.000,9999.000,9999.000,9999.000,9999.000,9999.000,9999.000,9999.000
202607050000,   0.496,9999.000,   0.600,  -0.022,   1.074,   0.600,   1.074,   0.600,   1.074
202607050006,   0.485,9999.000,9999.000,9999.000,9999.000,9999.000,9999.000,9999.000,9999.000
202607050012,   0.474,9999.000,9999.000,9999.000,9999.000,9999.000,9999.000,9999.000,9999.000
202607050018,   0.462,9999.000,9999.000,9999.000,9999.000,9999.000,9999.000,9999.000,9999.000
202607050024,   0.451,9999.000,9999.000,9999.000,9999.000,9999.000,9999.000,9999.000,9999.000
202607050030,   0.439,9999.000,9999.000,9999.000,9999.000,9999.000,9999.000,9999.000,9999.000
202607050036,   0.427,9999.000,9999.000,9999.000,9999.000,9999.000,9999.000,9999.000,9999.000
202607050042,   0.416,9999.000,9999.000,9999.000,9999.000,9999.000,9999.000,9999.000,9999.000
202607050048,   0.404,9999.000,9999.000,9999.000,9999.000,9999.000,9999.000,9999.000,9999.000
202607050054,   0.392,9999.000,9999.000,9999.000,9999.000,9999.000,9999.000,9999.000,9999.000
202607050100,   0.380,9999.000,   0.600,  -0.022,   0.958,   0.600,   0.958,   0.600,   0.958
202607050106,   0.368,9999.000,9999.000,9999.000,9999.000,9999.000,9999.000,9999.000,9999.000
202607050112,   0.356,9999.000,9999.000,9999.000,9999.000,9999.000,9999.000,9999.000,9999.000
202607050118,   0.344,9999.000,9999.000,9999.000,9999.000,9999.000,9999.000,9999.000,9999.000
202607050124,   0.333,9999.000,9999.000,9999.000,9999.000,9999.000,9999.000,9999.000,9999.000
202607050130,   0.321,9999.000,9999.000,9999.000,9999.000,9999.000,9999.000,9999.000,9999.000
202607050136,   0.310,9999.000,9999.000,9999.000,9999.000,9999.000,9999.000,9999.000,9999.000
202607050142,   0.298,9999.000,9999.000,9999.000,9999.000,9999.000,9999.000,9999.000,9999.000
202607050148,   0.287,9999.000,9999.000,9999.000,9999.000,9999.000,9999.000,9999.000,9999.000
202607050154,   0.276,9999.000,9999.000,9999.000,9999.000,9999.000,9999.000,9999.000,9999.000
202607050200,   0.266,9999.000,   0.600,  -0.022,   0.844,   0.600,   0.844,   0.600,   0.844
202607050206,   0.255,9999.000,9999.000,9999.000,9999.000,9999.000,9999.000,9999.000,9999.000
202607050212,   0.245,9999.000,9999.000,9999.000,9999.000,9999.000,9999.000,9999.000,9999.000
202607050218,   0.234,9999.000,9999.000,9999.000,9999.000,9999.000,9999.000,9999.000,9999.000
202607050224,   0.224,9999.000,9999.000,9999.000,9999.000,9999.000,9999.000,9999.000,9999.000
202607050230,   0.215,9999.000,9999.000,9999.000,9999.000,9999.000,9999.000,9999.000,9999.000
202607050236,   0.205,9999.000,9999.000,9999.000,9999.000,9999.000,9999.000,9999.000,9999.000
202607050242,   0.196,9999.000,9999.000,9999.000,9999.000,9999.000,9999.000,9999.000,9999.000
202607050248,   0.186,9999.000,9999.000,9999.000,9999.000,9999.000,9999.000,9999.000,9999.000
202607050254,   0.177,9999.000,9999.000,9999.000,9999.000,9999.000,9999.000,9999.000,9999.000
202607050300,   0.169,9999.000,   0.600,  -0.022,   0.747,   0.600,   0.747,   0.600,   0.747
202607050306,   0.160,9999.000,9999.000,9999.000,9999.000,9999.000,9999.000,9999.000,9999.000
202607050312,   0.152,9999.000,9999.000,9999.000,9999.000,9999.000,9999.000,9999.000,9999.000
202607050318,   0.143,9999.000,9999.000,9999.000,9999.000,9999.000,9999.000,9999.000,9999.000
202607050324,   0.135,9999.000,9999.000,9999.000,9999.000,9999.000,9999.000,9999.000,9999.000
202607050330,   0.128,9999.000,9999.000,9999.000,9999.000,9999.000,9999.000,9999.000,9999.000
202607050336,   0.120,9999.000,9999.000,9999.000,9999.000,9999.000,9999.000,9999.000,9999.000
202607050342,   0.113,9999.000,9999.000,9999.000,9999.000,9999.000,9999.000,9999.000,9999.000
202607050348,   0.105,9999.000,9999.000,9999.000,9999.000,9999.000,9999.000,9999.000,9999.000
202607050354,   0.098,9999.000,9999.000,9999.000,9999.000,9999.000,9999.000,9999.000,9999.000
202607050400,   0.092,9999.000,   0.600,  -0.022,   0.670,   0.600,   0.670,   0.600,   0.670
202607050406,   0.085,9999.000,9999.000,9999.000,9999.000,9999.000,9999.000,9999.000,9999.000
202607050412,   0.079,9999.000,9999.000,9999.000,9999.000,9999.000,9999.000,9999.000,9999.000
202607050418,   0.072,9999.000,9999.000,9999.000,9999.000,9999.000,9999.000,9999.000,9999.000
202607050424,   0.066,9999.000,9999.000,9999.000,9999.000,9999.000,9999.000,9999.000,9999.000
202607050430,   0.061,9999.000,9999.000,9999.000,9999.000,9999.000,9999.000,9999.000,9999.000
202607050436,   0.055,9999.000,9999.000,9999.000,9999.000,9999.000,9999.000,9999.000,9999.000
202607050442,   0.050,9999.000,9999.000,9999.000,9999.000,9999.000,9999.000,9999.000,9999.000
202607050448,   0.045,9999.000,9999.000,9999.000,9999.000,9999.000,9999.000,9999.000,9999.000
202607050454,   0.040,9999.000,9999.000,9999.000,9999.000,9999.000,9999.000,9999.000,9999.000
202607050500,   0.036,9999.000,   0.600,  -0.022,   0.614,   0.600,   0.614,   0.600,   0.614
202607050506,   0.032,9999.000,9999.000,9999.000,9999.000,9999.000,9999.000,9999.000,9999.000
202607050512,   0.028,9999.000,9999.000,9999.000,9999.000,9999.000,9999.000,9999.000,9999.000
202607050518,   0.024,9999.000,9999.000,9999.000,9999.000,9999.000,9999.000,9999.000,9999.000
202607050524,   0.021,9999.000,9999.000,9999.000,9999.000,9999.000,9999.000,9999.000,9999.000
202607050530,   0.019,9999.000,9999.000,9999.000,9999.000,9999.000,9999.000,9999.000,9999.000
202607050536,   0.016,9999.000,9999.000,9999.000,9999.000,9999.000,9999.000,9999.000,9999.000
202607050542,   0.014,9999.000,9999.000,9999.000,9999.000,9999.000,9999.000,9999.000,9999.000
202607050548,   0.013,9999.000,9999.000,9999.000,9999.000,9999.000,9999.000,9999.000,9999.000
202607050554,   0.012,9999.000,9999.000,9999.000,9999.000,9999.000,9999.000,9999.000,9999.000
202607050600,   0.011,9999.000,   0.600,  -0.022,   0.589,   0.600,   0.589,   0.600,   0.589
