        TIME,    TIDE,      OB,   SURGE,    BIAS,     TWL,SURGE90p,  TWL90p,SURGE10p,   TWL10p
202604250600,   0.531,   0.849,   0.400,  -0.082,   0.849,   0.400,   0.849,   0.400,   0.849
202604250606,   0.536,9999.000,9999.000,9999.000,9999.000,9999.000,9999.000,9999.000,9999.000
202604250612,   0.542,   0.869,9999.000,9999.000,9999.000,9999.000,9999.000,9999.000,9999.000
202604250618,   0.547,9999.000,9999.000,9999.000,9999.000,9999.000,9999.000,9999.000,9999.000
202604250624,   0.551,   0.829,9999.000,9999.000,9999.000,9999.000,9999.000,9999.000,9999.000
202604250630,   0.556,9999.000,9999.000,9999.000,9999.000,9999.000,9999.000,9999.000,9999.000
202604250636,   0.560,   0.839,9999.000,9999.000,9999.000,9999.000,9999.000,9999.000,9999.000
202604250642,   0.563,9999.000,9999.000,9999.000,9999.000,9999.000,9999.000,9999.000,9999.000
202604250648,   0.567,   0.859,9999.000,9999.000,9999.000,9999.000,9999.000,9999.000,9999.000
202604250654,   0.570,9999.000,9999.000,9999.000,9999.000,9999.000,9999.000,9999.000,9999.000
202604250700,   0.573,9999.000,   0.400,9999.000,   0.973,   0.400,   0.973,   0.400,   0.973
202604250706,   0.575,9999.000,9999.000,9999.000,9999.000,9999.000,9999.000,9999.000,9999.000
202604250712,   0.577,9999.000,9999.000,9999.000,9999.000,9999.000,9999.000,9999.000,9999.000
202604250718,   0.579,9999.000,9999.000,9999.000,9999.000,9999.000,9999.000,9999.000,9999.000
202604250724,   0.581,9999.000,9999.000,9999.000,9999.000,9999.000,9999.000,9999.000,9999.000
202604250730,   0.582,9999.000,9999.000,9999.000,9999.000,9999.000,9999.000,9999.000,9999.000
202604250736,   0.583,9999.000,9999.000,9999.000,9999.000,9999.000,9999.000,9999.000,9999.000
202604250742,   0.584,9999.000,9999.000,9999.000,9999.000,9999.000,9999.000,9999.000,9999.000
202604250748,   0.585,9999.000,9999.000,9999.000,9999.000,9999.000,9999.000,9999.000,9999.000
202604250754,   0.585,9999.000,9999.000,9999.000,9999.000,9999.000,9999.000,9999.000,9999.000
202604250800,   0.585,9999.000,   0.400,9999.000,   0.985,   0.400,   0.985,   0.400,   0.985
202604250806,   0.584,9999.000,9999.000,9999.000,9999.000,9999.000,9999.000,9999.000,9999.000
202604250812,   0.584,9999.000,9999.000,9999.000,9999.000,9999.000,9999.000,9999.000,9999.000
202604250818,   0.583,   0.898,9999.000,9999.000,9999.000,9999.000,9999.000,9999.000,9999.000
202604250824,   0.582,   0.879,9999.000,9999.000,9999.000,9999.000,9999.000,9999.000,9999.000
202604250830,   0.580,   0.908,9999.000,9999.000,9999.000,9999.000,9999.000,9999.000,9999.000
202604250836,   0.578,   0.898,9999.000,9999.000,9999.000,9999.000,9999.000,9999.000,9999.000
202604250842,   0.576,   0.918,9999.000,9999.000,9999.000,9999.000,9999.000,9999.000,9999.000
202604250848,   0.574,   0.918,9999.000,9999.000,9999.000,9999.000,9999.000,9999.000,9999.000
202604250854,   0.571,   0.888,9999.000,9999.000,9999.000,9999.000,9999.000,9999.000,9999.000
202604250900,   0.569,   0.898,   0.400,  -0.071,   0.898,   0.400,   0.898,   0.400,   0.898
202604250906,   0.566,   0.879,9999.000,9999.000,9999.000,9999.000,9999.000,9999.000,9999.000
202604250912,   0.562,   0.888,9999.000,9999.000,9999.000,9999.000,9999.000,9999.000,9999.000
202604250918,   0.559,   0.888,9999.000,9999.000,9999.000,9999.000,9999.000,9999.000,9999.000
202604250924,   0.555,   0.888,9999.000,9999.000,9999.000,9999.000,9999.000,9999.000,9999.000
202604250930,   0.551,   0.859,9999.000,9999.000,9999.000,9999.000,9999.000,9999.000,9999.000
202604250936,   0.546,   0.908,9999.000,9999.000,9999.000,9999.000,9999.000,9999.000,9999.000
202604250942,   0.542,   0.888,9999.000,9999.000,9999.000,9999.000,9999.000,9999.000,9999.000
202604250948,   0.537,   0.859,9999.000,9999.000,9999.000,9999.000,9999.000,9999.000,9999.000
202604250954,   0.532,   0.888,9999.000,9999.000,9999.000,9999.000,9999.000,9999.000,9999.000
202604251000,   0.527,   0.888,   0.400,  -0.039,   0.888,   0.400,   0.888,   0.400,   0.888
202604251006,   0.521,   0.859,9999.000,9999.000,9999.000,9999.000,9999.000,9999.000,9999.000
202604251012,   0.516,   0.869,9999.000,9999.000,9999.000,9999.000,9999.000,9999.000,9999.000
202604251018,   0.510,   0.859,9999.000,9999.000,9999.000,9999.000,9999.000,9999.000,9999.000
202604251024,   0.504,   0.839,9999.000,9999.000,9999.000,9999.000,9999.000,9999.000,9999.000
202604251030,   0.497,   0.859,9999.000,9999.000,9999.000,9999.000,9999.000,9999.000,9999.000
202604251036,   0.491,   0.849,9999.000,9999.000,9999.000,9999.000,9999.000,9999.000,9999.000
202604251042,   0.485,   0.839,9999.000,9999.000,9999.000,9999.000,9999.000,9999.000,9999.000
202604251048,   0.478,   0.839,9999.000,9999.000,9999.000,9999.000,9999.000,9999.000,9999.000
202604251054,   0.471,   0.859,9999.000,9999.000,9999.000,9999.000,9999.000,9999.000,9999.000
202604251100,   0.464,   0.819,   0.400,  -0.045,   0.819,   0.400,   0.819,   0.400,   0.819
202604251106,   0.457,   0.829,9999.000,9999.000,9999.000,9999.000,9999.000,9999.000,9999.000
202604251112,   0.450,   0.819,9999.000,9999.000,9999.000,9999.000,9999.000,9999.000,9999.000
202604251118,   0.443,   0.810,9999.000,9999.000,9999.000,9999.000,9999.000,9999.000,9999.000
202604251124,   0.436,   0.819,9999.000,9999.000,9999.000,9999.000,9999.000,9999.000,9999.000
202604251130,   0.429,   0.800,9999.000,9999.000,9999.000,9999.000,9999.000,9999.000,9999.000
202604251136,   0.421,   0.810,9999.000,9999.000,9999.000,9999.000,9999.000,9999.000,9999.000
202604251142,   0.414,   0.780,9999.000,9999.000,9999.000,9999.000,9999.000,9999.000,9999.000
202604251148,   0.407,   0.780,9999.000,9999.000,9999.000,9999.000,9999.000,9999.000,9999.000
202604251154,   0.399,   0.780,9999.000,9999.000,9999.000,9999.000,9999.000,9999.000,9999.000
202604251200,   0.392,   0.760,   0.400,  -0.032,   0.760,   0.300,   0.660,   0.400,   0.760
202604251206,   0.385,   0.770,9999.000,9999.000,9999.000,9999.000,9999.000,9999.000,9999.000
202604251212,   0.378,   0.741,9999.000,9999.000,9999.000,9999.000,9999.000,9999.000,9999.000
202604251218,   0.370,   0.731,9999.000,9999.000,9999.000,9999.000,9999.000,9999.000,9999.000
202604251224,   0.363,   0.741,9999.000,9999.000,9999.000,9999.000,9999.000,9999.000,9999.000
202604251230,   0.356,   0.731,9999.000,9999.000,9999.000,9999.000,9999.000,9999.000,9999.000
202604251236,   0.349,   0.731,9999.000,9999.000,9999.000,9999.000,9999.000,9999.000,9999.000
202604251242,   0.343,   0.731,9999.000,9999.000,9999.000,9999.000,9999.000,9999.000,9999.000
202604251248,   0.336,   0.718,9999.000,9999.000,9999.000,9999.000,9999.000,9999.000,9999.000
202604251254,   0.329,   0.708,9999.000,9999.000,9999.000,9999.000,9999.000,9999.000,9999.000
202604251300,   0.323,   0.708,   0.400,  -0.015,   0.708,   0.300,   0.608,   0.400,   0.708
202604251306,   0.316,   0.688,9999.000,9999.000,9999.000,9999.000,9999.000,9999.000,9999.000
202604251312,   0.310,   0.688,9999.000,9999.000,9999.000,9999.000,9999.000,9999.000,9999.000
202604251318,   0.304,   0.649,9999.000,9999.000,9999.000,9999.000,9999.000,9999.000,9999.000
202604251324,   0.298,   0.659,9999.000,9999.000,9999.000,9999.000,9999.000,9999.000,9999.000
202604251330,   0.293,   0.639,9999.000,9999.000,9999.000,9999.000,9999.000,9999.000,9999.000
202604251336,   0.287,   0.639,9999.000,9999.000,9999.000,9999.000,9999.000,9999.000,9999.000
202604251342,   0.282,   0.610,9999.000,9999.000,9999.000,9999.000,9999.000,9999.000,9999.000
202604251348,   0.276,   0.619,9999.000,9999.000,9999.000,9999.000,9999.000,9999.000,9999.000
202604251354,   0.271,   0.619,9999.000,9999.000,9999.000,9999.000,9999.000,9999.000,9999.000
202604251400,   0.266,   0.610,   0.400,  -0.056,   0.610,   0.300,   0.510,   0.400,   0.610
202604251406,   0.261,   0.590,9999.000,9999.000,9999.000,9999.000,9999.000,9999.000,9999.000
202604251412,   0.257,   0.600,9999.000,9999.000,9999.000,9999.000,9999.000,9999.000,9999.000
202604251418,   0.252,   0.570,9999.000,9999.000,9999.000,9999.000,9999.000,9999.000,9999.000
202604251424,   0.248,   0.570,9999.000,9999.000,9999.000,9999.000,9999.000,9999.000,9999.000
202604251430,   0.244,   0.560,9999.000,9999.000,9999.000,9999.000,9999.000,9999.000,9999.000
202604251436,   0.239,   0.551,9999.000,9999.000,9999.000,9999.000,9999.000,9999.000,9999.000
202604251442,   0.236,   0.551,9999.000,9999.000,9999.000,9999.000,9999.000,9999.000,9999.000
202604251448,   0.232,   0.551,9999.000,9999.000,9999.000,9999.000,9999.000,9999.000,9999.000
202604251454,   0.228,   0.551,9999.000,9999.000,9999.000,9999.000,9999.000,9999.000,9999.000
202604251500,   0.224,   0.551,   0.300,   0.027,   0.551,   0.300,   0.551,   0.400,   0.651
202604251506,   0.221,   0.541,9999.000,9999.000,9999.000,9999.000,9999.000,9999.000,9999.000
202604251512,   0.217,   0.541,9999.000,9999.000,9999.000,9999.000,9999.000,9999.000,9999.000
202604251518,   0.214,   0.531,9999.000,9999.000,9999.000,9999.000,9999.000,9999.000,9999.000
202604251524,   0.211,   0.531,9999.000,9999.000,9999.000,9999.000,9999.000,9999.000,9999.000
202604251530,   0.208,   0.531,9999.000,9999.000,9999.000,9999.000,9999.000,9999.000,9999.000
202604251536,   0.205,   0.518,9999.000,9999.000,9999.000,9999.000,9999.000,9999.000,9999.000
202604251542,   0.202,   0.518,9999.000,9999.000,9999.000,9999.000,9999.000,9999.000,9999.000
202604251548,   0.199,   0.498,9999.000,9999.000,9999.000,9999.000,9999.000,9999.000,9999.000
202604251554,   0.196,   0.498,9999.000,9999.000,9999.000,9999.000,9999.000,9999.000,9999.000
202604251600,   0.193,   0.518,   0.400,  -0.075,   0.518,   0.300,   0.418,   0.400,   0.518
202604251606,   0.190,   0.488,9999.000,9999.000,9999.000,9999.000,9999.000,9999.000,9999.000
202604251612,   0.187,   0.498,9999.000,9999.000,9999.000,9999.000,9999.000,9999.000,9999.000
202604251618,   0.184,   0.488,9999.000,9999.000,9999.000,9999.000,9999.000,9999.000,9999.000
202604251624,   0.182,   0.488,9999.000,9999.000,9999.000,9999.000,9999.000,9999.000,9999.000
202604251630,   0.179,   0.488,9999.000,9999.000,9999.000,9999.000,9999.000,9999.000,9999.000
202604251636,   0.176,   0.488,9999.000,9999.000,9999.000,9999.000,9999.000,9999.000,9999.000
202604251642,   0.173,   0.488,9999.000,9999.000,9999.000,9999.000,9999.000,9999.000,9999.000
202604251648,   0.171,   0.488,9999.000,9999.000,9999.000,9999.000,9999.000,9999.000,9999.000
202604251654,   0.168,   0.488,9999.000,9999.000,9999.000,9999.000,9999.000,9999.000,9999.000
202604251700,   0.165,   0.508,   0.400,  -0.057,   0.508,   0.300,   0.408,   0.400,   0.508
202604251706,   0.162,   0.498,9999.000,9999.000,9999.000,9999.000,9999.000,9999.000,9999.000
202604251712,   0.159,   0.518,9999.000,9999.000,9999.000,9999.000,9999.000,9999.000,9999.000
202604251718,   0.157,   0.469,9999.000,9999.000,9999.000,9999.000,9999.000,9999.000,9999.000
202604251724,   0.154,   0.498,9999.000,9999.000,9999.000,9999.000,9999.000,9999.000,9999.000
202604251730,   0.151,   0.498,9999.000,9999.000,9999.000,9999.000,9999.000,9999.000,9999.000
202604251736,   0.148,   0.478,9999.000,9999.000,9999.000,9999.000,9999.000,9999.000,9999.000
202604251742,   0.145,   0.478,9999.000,9999.000,9999.000,9999.000,9999.000,9999.000,9999.000
202604251748,   0.142,   0.469,9999.000,9999.000,9999.000,9999.000,9999.000,9999.000,9999.000
202604251754,   0.139,   0.498,9999.000,9999.000,9999.000,9999.000,9999.000,9999.000,9999.000
202604251800,   0.137,   0.478,   0.300,   0.041,   0.478,   0.300,   0.478,   0.300,   0.478
202604251806,   0.134,   0.478,9999.000,9999.000,9999.000,9999.000,9999.000,9999.000,9999.000
202604251812,   0.131,   0.478,9999.000,9999.000,9999.000,9999.000,9999.000,9999.000,9999.000
202604251818,   0.128,   0.459,9999.000,9999.000,9999.000,9999.000,9999.000,9999.000,9999.000
202604251824,   0.125,   0.469,9999.000,9999.000,9999.000,9999.000,9999.000,9999.000,9999.000
202604251830,   0.122,   0.459,9999.000,9999.000,9999.000,9999.000,9999.000,9999.000,9999.000
202604251836,   0.119,   0.449,9999.000,9999.000,9999.000,9999.000,9999.000,9999.000,9999.000
202604251842,   0.116,   0.449,9999.000,9999.000,9999.000,9999.000,9999.000,9999.000,9999.000
202604251848,   0.113,   0.439,9999.000,9999.000,9999.000,9999.000,9999.000,9999.000,9999.000
202604251854,   0.110,   0.449,9999.000,9999.000,9999.000,9999.000,9999.000,9999.000,9999.000
202604251900,   0.107,   0.439,   0.300,   0.032,   0.439,   0.300,   0.439,   0.300,   0.439
202604251906,   0.104,   0.429,9999.000,9999.000,9999.000,9999.000,9999.000,9999.000,9999.000
202604251912,   0.101,   0.419,9999.000,9999.000,9999.000,9999.000,9999.000,9999.000,9999.000
202604251918,   0.098,   0.429,9999.000,9999.000,9999.000,9999.000,9999.000,9999.000,9999.000
202604251924,   0.095,   0.419,9999.000,9999.000,9999.000,9999.000,9999.000,9999.000,9999.000
202604251930,   0.092,   0.400,9999.000,9999.000,9999.000,9999.000,9999.000,9999.000,9999.000
202604251936,   0.089,   0.400,9999.000,9999.000,9999.000,9999.000,9999.000,9999.000,9999.000
202604251942,   0.087,   0.400,9999.000,9999.000,9999.000,9999.000,9999.000,9999.000,9999.000
202604251948,   0.084,   0.380,9999.000,9999.000,9999.000,9999.000,9999.000,9999.000,9999.000
202604251954,   0.081,   0.400,9999.000,9999.000,9999.000,9999.000,9999.000,9999.000,9999.000
202604252000,   0.078,   0.380,   0.300,   0.002,   0.380,   0.300,   0.380,   0.300,   0.380
202604252006,   0.075,   0.390,9999.000,9999.000,9999.000,9999.000,9999.000,9999.000,9999.000
202604252012,   0.073,   0.400,9999.000,9999.000,9999.000,9999.000,9999.000,9999.000,9999.000
202604252018,   0.070,   0.380,9999.000,9999.000,9999.000,9999.000,9999.000,9999.000,9999.000
202604252024,   0.067,   0.380,9999.000,9999.000,9999.000,9999.000,9999.000,9999.000,9999.000
202604252030,   0.064,   0.380,9999.000,9999.000,9999.000,9999.000,9999.000,9999.000,9999.000
202604252036,   0.062,   0.370,9999.000,9999.000,9999.000,9999.000,9999.000,9999.000,9999.000
202604252042,   0.059,   0.370,9999.000,9999.000,9999.000,9999.000,9999.000,9999.000,9999.000
202604252048,   0.057,   0.370,9999.000,9999.000,9999.000,9999.000,9999.000,9999.000,9999.000
202604252054,   0.054,   0.360,9999.000,9999.000,9999.000,9999.000,9999.000,9999.000,9999.000
202604252100,   0.052,   0.350,   0.300,  -0.002,   0.350,   0.300,   0.350,   0.400,   0.450
202604252106,   0.049,   0.370,9999.000,9999.000,9999.000,9999.000,9999.000,9999.000,9999.000
202604252112,   0.047,   0.360,9999.000,9999.000,9999.000,9999.000,9999.000,9999.000,9999.000
202604252118,   0.044,   0.350,9999.000,9999.000,9999.000,9999.000,9999.000,9999.000,9999.000
202604252124,   0.042,   0.370,9999.000,9999.000,9999.000,9999.000,9999.000,9999.000,9999.000
202604252130,   0.040,   0.360,9999.000,9999.000,9999.000,9999.000,9999.000,9999.000,9999.000
202604252136,   0.038,   0.370,9999.000,9999.000,9999.000,9999.000,9999.000,9999.000,9999.000
202604252142,   0.035,   0.370,9999.000,9999.000,9999.000,9999.000,9999.000,9999.000,9999.000
202604252148,   0.033,   0.370,9999.000,9999.000,9999.000,9999.000,9999.000,9999.000,9999.000
202604252154,   0.031,   0.370,9999.000,9999.000,9999.000,9999.000,9999.000,9999.000,9999.000
202604252200,   0.029,   0.380,   0.300,   0.051,   0.380,   0.300,   0.380,   0.400,   0.480
202604252206,   0.027,   0.370,9999.000,9999.000,9999.000,9999.000,9999.000,9999.000,9999.000
202604252212,   0.026,   0.370,9999.000,9999.000,9999.000,9999.000,9999.000,9999.000,9999.000
202604252218,   0.024,   0.380,9999.000,9999.000,9999.000,9999.000,9999.000,9999.000,9999.000
202604252224,   0.022,   0.370,9999.000,9999.000,9999.000,9999.000,9999.000,9999.000,9999.000
202604252230,   0.021,   0.380,9999.000,9999.000,9999.000,9999.000,9999.000,9999.000,9999.000
202604252236,   0.019,   0.370,9999.000,9999.000,9999.000,9999.000,9999.000,9999.000,9999.000
202604252242,   0.018,   0.350,9999.000,9999.000,9999.000,9999.000,9999.000,9999.000,9999.000
202604252248,   0.017,   0.380,9999.000,9999.000,9999.000,9999.000,9999.000,9999.000,9999.000
202604252254,   0.016,   0.370,9999.000,9999.000,9999.000,9999.000,9999.000,9999.000,9999.000
202604252300,   0.015,   0.370,   0.300,   0.055,   0.370,   0.300,   0.370,   0.300,   0.370
202604252306,   0.014,   0.370,9999.000,9999.000,9999.000,9999.000,9999.000,9999.000,9999.000
202604252312,   0.013,   0.341,9999.000,9999.000,9999.000,9999.000,9999.000,9999.000,9999.000
202604252318,   0.013,   0.370,9999.000,9999.000,9999.000,9999.000,9999.000,9999.000,9999.000
202604252324,   0.013,   0.360,9999.000,9999.000,9999.000,9999.000,9999.000,9999.000,9999.000
202604252330,   0.012,   0.360,9999.000,9999.000,9999.000,9999.000,9999.000,9999.000,9999.000
202604252336,   0.013,   0.370,9999.000,9999.000,9999.000,9999.000,9999.000,9999.000,9999.000
202604252342,   0.013,   0.370,9999.000,9999.000,9999.000,9999.000,9999.000,9999.000,9999.000
202604252348,   0.013,   0.380,9999.000,9999.000,9999.000,9999.000,9999.000,9999.000,9999.000
202604252354,   0.014,   0.350,9999.000,9999.000,9999.000,9999.000,9999.000,9999.000,9999.000
202604260000,   0.015,   0.360,   0.300,   0.045,   0.360,   0.300,   0.360,   0.300,   0.360
202604260006,   0.016,   0.390,9999.000,9999.000,9999.000,9999.000,9999.000,9999.000,9999.000
202604260012,   0.018,   0.390,9999.000,9999.000,9999.000,9999.000,9999.000,9999.000,9999.000
202604260018,   0.020,   0.400,9999.000,9999.000,9999.000,9999.000,9999.000,9999.000,9999.000
202604260024,   0.022,   0.380,9999.000,9999.000,9999.000,9999.000,9999.000,9999.000,9999.000
202604260030,   0.024,   0.390,9999.000,9999.000,9999.000,9999.000,9999.000,9999.000,9999.000
202604260036,   0.027,   0.380,9999.000,9999.000,9999.000,9999.000,9999.000,9999.000,9999.000
202604260042,   0.029,   0.370,9999.000,9999.000,9999.000,9999.000,9999.000,9999.000,9999.000
202604260048,   0.033,   0.380,9999.000,9999.000,9999.000,9999.000,9999.000,9999.000,9999.000
202604260054,   0.036,   0.380,9999.000,9999.000,9999.000,9999.000,9999.000,9999.000,9999.000
202604260100,   0.040,   0.380,   0.300,   0.040,   0.380,   0.300,   0.380,   0.300,   0.380
202604260106,   0.044,   0.390,9999.000,9999.000,9999.000,9999.000,9999.000,9999.000,9999.000
202604260112,   0.048,   0.400,9999.000,9999.000,9999.000,9999.000,9999.000,9999.000,9999.000
202604260118,   0.053,   0.390,9999.000,9999.000,9999.000,9999.000,9999.000,9999.000,9999.000
202604260124,   0.058,   0.409,9999.000,9999.000,9999.000,9999.000,9999.000,9999.000,9999.000
202604260130,   0.064,   0.409,9999.000,9999.000,9999.000,9999.000,9999.000,9999.000,9999.000
202604260136,   0.069,   0.400,9999.000,9999.000,9999.000,9999.000,9999.000,9999.000,9999.000
202604260142,   0.075,   0.419,9999.000,9999.000,9999.000,9999.000,9999.000,9999.000,9999.000
202604260148,   0.082,   0.409,9999.000,9999.000,9999.000,9999.000,9999.000,9999.000,9999.000
202604260154,   0.088,   0.429,9999.000,9999.000,9999.000,9999.000,9999.000,9999.000,9999.000
202604260200,   0.095,   0.439,   0.300,   0.044,   0.439,   0.300,   0.439,   0.300,   0.439
202604260206,   0.102,   0.449,9999.000,9999.000,9999.000,9999.000,9999.000,9999.000,9999.000
202604260212,   0.110,   0.469,9999.000,9999.000,9999.000,9999.000,9999.000,9999.000,9999.000
202604260218,   0.118,   0.469,9999.000,9999.000,9999.000,9999.000,9999.000,9999.000,9999.000
202604260224,   0.126,   0.469,9999.000,9999.000,9999.000,9999.000,9999.000,9999.000,9999.000
202604260230,   0.134,   0.488,9999.000,9999.000,9999.000,9999.000,9999.000,9999.000,9999.000
202604260236,   0.143,   0.488,9999.000,9999.000,9999.000,9999.000,9999.000,9999.000,9999.000
202604260242,   0.152,   0.488,9999.000,9999.000,9999.000,9999.000,9999.000,9999.000,9999.000
202604260248,   0.161,   0.508,9999.000,9999.000,9999.000,9999.000,9999.000,9999.000,9999.000
202604260254,   0.170,   0.508,9999.000,9999.000,9999.000,9999.000,9999.000,9999.000,9999.000
202604260300,   0.179,   0.518,   0.300,   0.039,   0.518,   0.300,   0.518,   0.300,   0.518
202604260306,   0.189,   0.531,9999.000,9999.000,9999.000,9999.000,9999.000,9999.000,9999.000
202604260312,   0.199,   0.541,9999.000,9999.000,9999.000,9999.000,9999.000,9999.000,9999.000
202604260318,   0.209,   0.541,9999.000,9999.000,9999.000,9999.000,9999.000,9999.000,9999.000
202604260324,   0.219,   0.518,9999.000,9999.000,9999.000,9999.000,9999.000,9999.000,9999.000
202604260330,   0.229,   0.551,9999.000,9999.000,9999.000,9999.000,9999.000,9999.000,9999.000
202604260336,   0.239,   0.570,9999.000,9999.000,9999.000,9999.000,9999.000,9999.000,9999.000
202604260342,   0.249,   0.570,9999.000,9999.000,9999.000,9999.000,9999.000,9999.000,9999.000
202604260348,   0.260,   0.570,9999.000,9999.000,9999.000,9999.000,9999.000,9999.000,9999.000
202604260354,   0.270,   0.590,9999.000,9999.000,9999.000,9999.000,9999.000,9999.000,9999.000
202604260400,   0.280,   0.600,   0.300,   0.020,   0.600,   0.300,   0.600,   0.300,   0.600
202604260406,   0.291,   0.610,9999.000,9999.000,9999.000,9999.000,9999.000,9999.000,9999.000
202604260412,   0.301,   0.600,9999.000,9999.000,9999.000,9999.000,9999.000,9999.000,9999.000
202604260418,   0.311,   0.639,9999.000,9999.000,9999.000,9999.000,9999.000,9999.000,9999.000
202604260424,   0.322,   0.619,9999.000,9999.000,9999.000,9999.000,9999.000,9999.000,9999.000
202604260430,   0.332,   0.649,9999.000,9999.000,9999.000,9999.000,9999.000,9999.000,9999.000
202604260436,   0.342,   0.659,9999.000,9999.000,9999.000,9999.000,9999.000,9999.000,9999.000
202604260442,   0.352,   0.669,9999.000,9999.000,9999.000,9999.000,9999.000,9999.000,9999.000
202604260448,   0.362,   0.678,9999.000,9999.000,9999.000,9999.000,9999.000,9999.000,9999.000
202604260454,   0.371,   0.669,9999.000,9999.000,9999.000,9999.000,9999.000,9999.000,9999.000
202604260500,   0.381,   0.688,   0.300,   0.007,   0.688,   0.300,   0.688,   0.300,   0.688
202604260506,   0.390,   0.708,9999.000,9999.000,9999.000,9999.000,9999.000,9999.000,9999.000
202604260512,   0.399,   0.708,9999.000,9999.000,9999.000,9999.000,9999.000,9999.000,9999.000
202604260518,   0.408,   0.731,9999.000,9999.000,9999.000,9999.000,9999.000,9999.000,9999.000
202604260524,   0.417,   0.751,9999.000,9999.000,9999.000,9999.000,9999.000,9999.000,9999.000
202604260530,   0.425,   0.760,9999.000,9999.000,9999.000,9999.000,9999.000,9999.000,9999.000
202604260536,   0.433,   0.770,9999.000,9999.000,9999.000,9999.000,9999.000,9999.000,9999.000
202604260542,   0.441,   0.770,9999.000,9999.000,9999.000,9999.000,9999.000,9999.000,9999.000
202604260548,   0.449,   0.780,9999.000,9999.000,9999.000,9999.000,9999.000,9999.000,9999.000
202604260554,   0.456,   0.780,9999.000,9999.000,9999.000,9999.000,9999.000,9999.000,9999.000
202604260600,   0.463,   0.790,   0.300,   0.027,   0.790,   0.300,   0.790,   0.300,   0.790
202604260606,   0.469,   0.800,9999.000,9999.000,9999.000,9999.000,9999.000,9999.000,9999.000
202604260612,   0.476,   0.800,9999.000,9999.000,9999.000,9999.000,9999.000,9999.000,9999.000
202604260618,   0.482,   0.800,9999.000,9999.000,9999.000,9999.000,9999.000,9999.000,9999.000
202604260624,   0.488,   0.819,9999.000,9999.000,9999.000,9999.000,9999.000,9999.000,9999.000
202604260630,   0.493,   0.810,9999.000,9999.000,9999.000,9999.000,9999.000,9999.000,9999.000
202604260636,   0.498,   0.839,9999.000,9999.000,9999.000,9999.000,9999.000,9999.000,9999.000
202604260642,   0.503,   0.829,9999.000,9999.000,9999.000,9999.000,9999.000,9999.000,9999.000
202604260648,   0.507,   0.849,9999.000,9999.000,9999.000,9999.000,9999.000,9999.000,9999.000
202604260654,   0.511,   0.849,9999.000,9999.000,9999.000,9999.000,9999.000,9999.000,9999.000
202604260700,   0.515,   0.869,   0.300,   0.054,   0.869,   0.300,   0.869,   0.300,   0.869
202604260706,   0.518,   0.849,9999.000,9999.000,9999.000,9999.000,9999.000,9999.000,9999.000
202604260712,   0.521,   0.869,9999.000,9999.000,9999.000,9999.000,9999.000,9999.000,9999.000
202604260718,   0.524,   0.859,9999.000,9999.000,9999.000,9999.000,9999.000,9999.000,9999.000
202604260724,   0.526,   0.849,9999.000,9999.000,9999.000,9999.000,9999.000,9999.000,9999.000
202604260730,   0.529,   0.859,9999.000,9999.000,9999.000,9999.000,9999.000,9999.000,9999.000
202604260736,   0.530,   0.869,9999.000,9999.000,9999.000,9999.000,9999.000,9999.000,9999.000
202604260742,   0.532,   0.849,9999.000,9999.000,9999.000,9999.000,9999.000,9999.000,9999.000
202604260748,   0.533,   0.859,9999.000,9999.000,9999.000,9999.000,9999.000,9999.000,9999.000
202604260754,   0.534,   0.849,9999.000,9999.000,9999.000,9999.000,9999.000,9999.000,9999.000
202604260800,   0.534,   0.849,   0.300,   0.015,   0.849,   0.300,   0.849,   0.300,   0.849
202604260806,   0.534,   0.839,9999.000,9999.000,9999.000,9999.000,9999.000,9999.000,9999.000
202604260812,   0.534,   0.859,9999.000,9999.000,9999.000,9999.000,9999.000,9999.000,9999.000
202604260818,   0.534,   0.829,9999.000,9999.000,9999.000,9999.000,9999.000,9999.000,9999.000
202604260824,   0.533,   0.819,9999.000,9999.000,9999.000,9999.000,9999.000,9999.000,9999.000
202604260830,   0.532,   0.829,9999.000,9999.000,9999.000,9999.000,9999.000,9999.000,9999.000
202604260836,   0.531,   0.829,9999.000,9999.000,9999.000,9999.000,9999.000,9999.000,9999.000
202604260842,   0.529,   0.839,9999.000,9999.000,9999.000,9999.000,9999.000,9999.000,9999.000
202604260848,   0.527,   0.839,9999.000,9999.000,9999.000,9999.000,9999.000,9999.000,9999.000
202604260854,   0.525,   0.829,9999.000,9999.000,9999.000,9999.000,9999.000,9999.000,9999.000
202604260900,   0.523,   0.819,   0.300,  -0.004,   0.819,   0.300,   0.819,   0.300,   0.819
202604260906,   0.520,   0.829,9999.000,9999.000,9999.000,9999.000,9999.000,9999.000,9999.000
202604260912,   0.517,   0.829,9999.000,9999.000,9999.000,9999.000,9999.000,9999.000,9999.000
202604260918,   0.514,   0.810,9999.000,9999.000,9999.000,9999.000,9999.000,9999.000,9999.000
202604260924,   0.511,   0.819,9999.000,9999.000,9999.000,9999.000,9999.000,9999.000,9999.000
202604260930,   0.507,   0.819,9999.000,9999.000,9999.000,9999.000,9999.000,9999.000,9999.000
202604260936,   0.503,   0.810,9999.000,9999.000,9999.000,9999.000,9999.000,9999.000,9999.000
202604260942,   0.499,   0.819,9999.000,9999.000,9999.000,9999.000,9999.000,9999.000,9999.000
202604260948,   0.495,   0.800,9999.000,9999.000,9999.000,9999.000,9999.000,9999.000,9999.000
202604260954,   0.491,   0.800,9999.000,9999.000,9999.000,9999.000,9999.000,9999.000,9999.000
202604261000,   0.486,   0.790,   0.300,   0.004,   0.790,   0.300,   0.790,   0.300,   0.790
202604261006,   0.481,   0.780,9999.000,9999.000,9999.000,9999.000,9999.000,9999.000,9999.000
202604261012,   0.476,   0.770,9999.000,9999.000,9999.000,9999.000,9999.000,9999.000,9999.000
202604261018,   0.471,   0.760,9999.000,9999.000,9999.000,9999.000,9999.000,9999.000,9999.000
202604261024,   0.466,   0.770,9999.000,9999.000,9999.000,9999.000,9999.000,9999.000,9999.000
202604261030,   0.460,   0.741,9999.000,9999.000,9999.000,9999.000,9999.000,9999.000,9999.000
202604261036,   0.455,   0.760,9999.000,9999.000,9999.000,9999.000,9999.000,9999.000,9999.000
202604261042,   0.449,   0.751,9999.000,9999.000,9999.000,9999.000,9999.000,9999.000,9999.000
202604261048,   0.443,   0.731,9999.000,9999.000,9999.000,9999.000,9999.000,9999.000,9999.000
202604261054,   0.437,   0.731,9999.000,9999.000,9999.000,9999.000,9999.000,9999.000,9999.000
202604261100,   0.430,   0.731,   0.300,   0.001,   0.731,   0.300,   0.731,   0.300,   0.731
202604261106,   0.424,   0.718,9999.000,9999.000,9999.000,9999.000,9999.000,9999.000,9999.000
202604261112,   0.417,   0.708,9999.000,9999.000,9999.000,9999.000,9999.000,9999.000,9999.000
202604261118,   0.411,   0.698,9999.000,9999.000,9999.000,9999.000,9999.000,9999.000,9999.000
202604261124,   0.404,   0.698,9999.000,9999.000,9999.000,9999.000,9999.000,9999.000,9999.000
202604261130,   0.397,   0.688,9999.000,9999.000,9999.000,9999.000,9999.000,9999.000,9999.000
202604261136,   0.391,   0.678,9999.000,9999.000,9999.000,9999.000,9999.000,9999.000,9999.000
202604261142,   0.384,   0.678,9999.000,9999.000,9999.000,9999.000,9999.000,9999.000,9999.000
202604261148,   0.377,   0.669,9999.000,9999.000,9999.000,9999.000,9999.000,9999.000,9999.000
202604261154,   0.370,   0.669,9999.000,9999.000,9999.000,9999.000,9999.000,9999.000,9999.000
202604261200,   0.363,   0.659,   0.300,  -0.004,   0.659,   0.300,   0.659,   0.300,   0.659
202604261206,   0.356,   0.659,9999.000,9999.000,9999.000,9999.000,9999.000,9999.000,9999.000
202604261212,   0.349,   0.649,9999.000,9999.000,9999.000,9999.000,9999.000,9999.000,9999.000
202604261218,   0.341,   0.639,9999.000,9999.000,9999.000,9999.000,9999.000,9999.000,9999.000
202604261224,   0.334,   0.639,9999.000,9999.000,9999.000,9999.000,9999.000,9999.000,9999.000
202604261230,   0.327,   0.659,9999.000,9999.000,9999.000,9999.000,9999.000,9999.000,9999.000
202604261236,   0.320,   0.619,9999.000,9999.000,9999.000,9999.000,9999.000,9999.000,9999.000
202604261242,   0.313,   0.619,9999.000,9999.000,9999.000,9999.000,9999.000,9999.000,9999.000
202604261248,   0.307,   0.610,9999.000,9999.000,9999.000,9999.000,9999.000,9999.000,9999.000
202604261254,   0.300,   0.600,9999.000,9999.000,9999.000,9999.000,9999.000,9999.000,9999.000
202604261300,   0.293,   0.590,   0.300,  -0.003,   0.590,   0.300,   0.590,   0.300,   0.590
202604261306,   0.286,   0.580,9999.000,9999.000,9999.000,9999.000,9999.000,9999.000,9999.000
202604261312,   0.280,   0.570,9999.000,9999.000,9999.000,9999.000,9999.000,9999.000,9999.000
202604261318,   0.274,   0.560,9999.000,9999.000,9999.000,9999.000,9999.000,9999.000,9999.000
202604261324,   0.267,   0.570,9999.000,9999.000,9999.000,9999.000,9999.000,9999.000,9999.000
202604261330,   0.261,   0.570,9999.000,9999.000,9999.000,9999.000,9999.000,9999.000,9999.000
202604261336,   0.255,   0.580,9999.000,9999.000,9999.000,9999.000,9999.000,9999.000,9999.000
202604261342,   0.249,   0.560,9999.000,9999.000,9999.000,9999.000,9999.000,9999.000,9999.000
202604261348,   0.244,   0.560,9999.000,9999.000,9999.000,9999.000,9999.000,9999.000,9999.000
202604261354,   0.238,   0.551,9999.000,9999.000,9999.000,9999.000,9999.000,9999.000,9999.000
202604261400,   0.233,   0.531,   0.300,  -0.002,   0.531,   0.300,   0.531,   0.300,   0.531
202604261406,   0.228,   0.531,9999.000,9999.000,9999.000,9999.000,9999.000,9999.000,9999.000
202604261412,   0.223,   0.560,9999.000,9999.000,9999.000,9999.000,9999.000,9999.000,9999.000
202604261418,   0.219,   0.551,9999.000,9999.000,9999.000,9999.000,9999.000,9999.000,9999.000
202604261424,   0.215,   0.541,9999.000,9999.000,9999.000,9999.000,9999.000,9999.000,9999.000
202604261430,   0.210,   0.541,9999.000,9999.000,9999.000,9999.000,9999.000,9999.000,9999.000
202604261436,   0.207,   0.531,9999.000,9999.000,9999.000,9999.000,9999.000,9999.000,9999.000
202604261442,   0.203,   0.518,9999.000,9999.000,9999.000,9999.000,9999.000,9999.000,9999.000
202604261448,   0.200,   0.531,9999.000,9999.000,9999.000,9999.000,9999.000,9999.000,9999.000
202604261454,   0.197,   0.508,9999.000,9999.000,9999.000,9999.000,9999.000,9999.000,9999.000
202604261500,   0.194,   0.508,   0.300,   0.014,   0.508,   0.300,   0.508,   0.300,   0.508
202604261506,   0.191,   0.488,9999.000,9999.000,9999.000,9999.000,9999.000,9999.000,9999.000
202604261512,   0.189,   0.488,9999.000,9999.000,9999.000,9999.000,9999.000,9999.000,9999.000
202604261518,   0.187,   0.498,9999.000,9999.000,9999.000,9999.000,9999.000,9999.000,9999.000
202604261524,   0.185,   0.508,9999.000,9999.000,9999.000,9999.000,9999.000,9999.000,9999.000
202604261530,   0.183,   0.488,9999.000,9999.000,9999.000,9999.000,9999.000,9999.000,9999.000
202604261536,   0.182,   0.488,9999.000,9999.000,9999.000,9999.000,9999.000,9999.000,9999.000
202604261542,   0.181,   0.488,9999.000,9999.000,9999.000,9999.000,9999.000,9999.000,9999.000
202604261548,   0.180,   0.478,9999.000,9999.000,9999.000,9999.000,9999.000,9999.000,9999.000
202604261554,   0.179,   0.469,9999.000,9999.000,9999.000,9999.000,9999.000,9999.000,9999.000
202604261600,   0.179,   0.478,   0.300,  -0.001,   0.478,   0.300,   0.478,   0.300,   0.478
202604261606,   0.179,   0.478,9999.000,9999.000,9999.000,9999.000,9999.000,9999.000,9999.000
202604261612,   0.179,   0.469,9999.000,9999.000,9999.000,9999.000,9999.000,9999.000,9999.000
202604261618,   0.179,   0.488,9999.000,9999.000,9999.000,9999.000,9999.000,9999.000,9999.000
202604261624,   0.179,   0.478,9999.000,9999.000,9999.000,9999.000,9999.000,9999.000,9999.000
202604261630,   0.180,   0.459,9999.000,9999.000,9999.000,9999.000,9999.000,9999.000,9999.000
202604261636,   0.180,   0.478,9999.000,9999.000,9999.000,9999.000,9999.000,9999.000,9999.000
202604261642,   0.181,   0.498,9999.000,9999.000,9999.000,9999.000,9999.000,9999.000,9999.000
202604261648,   0.182,   0.478,9999.000,9999.000,9999.000,9999.000,9999.000,9999.000,9999.000
202604261654,   0.184,   0.488,9999.000,9999.000,9999.000,9999.000,9999.000,9999.000,9999.000
202604261700,   0.185,   0.488,   0.300,   0.003,   0.488,   0.300,   0.488,   0.300,   0.488
202604261706,   0.186,   0.488,9999.000,9999.000,9999.000,9999.000,9999.000,9999.000,9999.000
202604261712,   0.188,   0.498,9999.000,9999.000,9999.000,9999.000,9999.000,9999.000,9999.000
202604261718,   0.189,   0.469,9999.000,9999.000,9999.000,9999.000,9999.000,9999.000,9999.000
202604261724,   0.191,   0.498,9999.000,9999.000,9999.000,9999.000,9999.000,9999.000,9999.000
202604261730,   0.193,   0.488,9999.000,9999.000,9999.000,9999.000,9999.000,9999.000,9999.000
202604261736,   0.195,   0.498,9999.000,9999.000,9999.000,9999.000,9999.000,9999.000,9999.000
202604261742,   0.196,   0.508,9999.000,9999.000,9999.000,9999.000,9999.000,9999.000,9999.000
202604261748,   0.198,   0.518,9999.000,9999.000,9999.000,9999.000,9999.000,9999.000,9999.000
202604261754,   0.200,   0.518,9999.000,9999.000,9999.000,9999.000,9999.000,9999.000,9999.000
202604261800,   0.202,   0.518,   0.300,   0.016,   0.518,   0.300,   0.518,   0.300,   0.518
202604261806,   0.204,   0.531,9999.000,9999.000,9999.000,9999.000,9999.000,9999.000,9999.000
202604261812,   0.206,   0.531,9999.000,9999.000,9999.000,9999.000,9999.000,9999.000,9999.000
202604261818,   0.207,   0.531,9999.000,9999.000,9999.000,9999.000,9999.000,9999.000,9999.000
202604261824,   0.209,   0.551,9999.000,9999.000,9999.000,9999.000,9999.000,9999.000,9999.000
202604261830,   0.211,   0.541,9999.000,9999.000,9999.000,9999.000,9999.000,9999.000,9999.000
202604261836,   0.213,   0.541,9999.000,9999.000,9999.000,9999.000,9999.000,9999.000,9999.000
202604261842,   0.214,   0.551,9999.000,9999.000,9999.000,9999.000,9999.000,9999.000,9999.000
202604261848,   0.216,   0.551,9999.000,9999.000,9999.000,9999.000,9999.000,9999.000,9999.000
202604261854,   0.217,   0.560,9999.000,9999.000,9999.000,9999.000,9999.000,9999.000,9999.000
202604261900,   0.218,   0.551,   0.300,   0.033,   0.551,   0.300,   0.551,   0.300,   0.551
202604261906,   0.220,   0.560,9999.000,9999.000,9999.000,9999.000,9999.000,9999.000,9999.000
202604261912,   0.221,   0.580,9999.000,9999.000,9999.000,9999.000,9999.000,9999.000,9999.000
202604261918,   0.222,   0.541,9999.000,9999.000,9999.000,9999.000,9999.000,9999.000,9999.000
202604261924,   0.223,   0.560,9999.000,9999.000,9999.000,9999.000,9999.000,9999.000,9999.000
202604261930,   0.224,   0.551,9999.000,9999.000,9999.000,9999.000,9999.000,9999.000,9999.000
202604261936,   0.225,   0.551,9999.000,9999.000,9999.000,9999.000,9999.000,9999.000,9999.000
202604261942,   0.225,   0.560,9999.000,9999.000,9999.000,9999.000,9999.000,9999.000,9999.000
202604261948,   0.226,   0.551,9999.000,9999.000,9999.000,9999.000,9999.000,9999.000,9999.000
202604261954,   0.226,   0.541,9999.000,9999.000,9999.000,9999.000,9999.000,9999.000,9999.000
202604262000,   0.227,   0.560,   0.300,   0.033,   0.560,   0.300,   0.560,   0.300,   0.560
202604262006,   0.227,   0.541,9999.000,9999.000,9999.000,9999.000,9999.000,9999.000,9999.000
202604262012,   0.227,   0.551,9999.000,9999.000,9999.000,9999.000,9999.000,9999.000,9999.000
202604262018,   0.227,   0.551,9999.000,9999.000,9999.000,9999.000,9999.000,9999.000,9999.000
202604262024,   0.227,   0.531,9999.000,9999.000,9999.000,9999.000,9999.000,9999.000,9999.000
202604262030,   0.227,   0.570,9999.000,9999.000,9999.000,9999.000,9999.000,9999.000,9999.000
202604262036,   0.227,   0.551,9999.000,9999.000,9999.000,9999.000,9999.000,9999.000,9999.000
202604262042,   0.226,   0.541,9999.000,9999.000,9999.000,9999.000,9999.000,9999.000,9999.000
202604262048,   0.226,   0.541,9999.000,9999.000,9999.000,9999.000,9999.000,9999.000,9999.000
202604262054,   0.225,   0.541,9999.000,9999.000,9999.000,9999.000,9999.000,9999.000,9999.000
202604262100,   0.224,   0.551,   0.300,   0.027,   0.551,   0.300,   0.551,   0.300,   0.551
202604262106,   0.224,   0.551,9999.000,9999.000,9999.000,9999.000,9999.000,9999.000,9999.000
202604262112,   0.223,   0.551,9999.000,9999.000,9999.000,9999.000,9999.000,9999.000,9999.000
202604262118,   0.222,   0.541,9999.000,9999.000,9999.000,9999.000,9999.000,9999.000,9999.000
202604262124,   0.221,   0.508,9999.000,9999.000,9999.000,9999.000,9999.000,9999.000,9999.000
202604262130,   0.220,   0.541,9999.000,9999.000,9999.000,9999.000,9999.000,9999.000,9999.000
202604262136,   0.218,   0.531,9999.000,9999.000,9999.000,9999.000,9999.000,9999.000,9999.000
202604262142,   0.217,   0.498,9999.000,9999.000,9999.000,9999.000,9999.000,9999.000,9999.000
202604262148,   0.216,   0.508,9999.000,9999.000,9999.000,9999.000,9999.000,9999.000,9999.000
202604262154,   0.214,   0.508,9999.000,9999.000,9999.000,9999.000,9999.000,9999.000,9999.000
202604262200,   0.213,   0.498,   0.300,  -0.015,   0.498,   0.300,   0.498,   0.300,   0.498
202604262206,   0.211,   0.508,9999.000,9999.000,9999.000,9999.000,9999.000,9999.000,9999.000
202604262212,   0.210,   0.498,9999.000,9999.000,9999.000,9999.000,9999.000,9999.000,9999.000
202604262218,   0.208,   0.488,9999.000,9999.000,9999.000,9999.000,9999.000,9999.000,9999.000
202604262224,   0.207,   0.508,9999.000,9999.000,9999.000,9999.000,9999.000,9999.000,9999.000
202604262230,   0.205,   0.508,9999.000,9999.000,9999.000,9999.000,9999.000,9999.000,9999.000
202604262236,   0.203,   0.488,9999.000,9999.000,9999.000,9999.000,9999.000,9999.000,9999.000
202604262242,   0.201,   0.488,9999.000,9999.000,9999.000,9999.000,9999.000,9999.000,9999.000
202604262248,   0.200,   0.518,9999.000,9999.000,9999.000,9999.000,9999.000,9999.000,9999.000
202604262254,   0.198,   0.478,9999.000,9999.000,9999.000,9999.000,9999.000,9999.000,9999.000
202604262300,   0.196,   0.498,   0.300,   0.002,   0.498,   0.300,   0.498,   0.300,   0.498
202604262306,   0.194,   0.498,9999.000,9999.000,9999.000,9999.000,9999.000,9999.000,9999.000
202604262312,   0.192,   0.488,9999.000,9999.000,9999.000,9999.000,9999.000,9999.000,9999.000
202604262318,   0.191,   0.508,9999.000,9999.000,9999.000,9999.000,9999.000,9999.000,9999.000
202604262324,   0.189,   0.478,9999.000,9999.000,9999.000,9999.000,9999.000,9999.000,9999.000
202604262330,   0.187,   0.469,9999.000,9999.000,9999.000,9999.000,9999.000,9999.000,9999.000
202604262336,   0.185,   0.488,9999.000,9999.000,9999.000,9999.000,9999.000,9999.000,9999.000
202604262342,   0.184,   0.488,9999.000,9999.000,9999.000,9999.000,9999.000,9999.000,9999.000
202604262348,   0.182,   0.478,9999.000,9999.000,9999.000,9999.000,9999.000,9999.000,9999.000
202604262354,   0.180,   0.488,9999.000,9999.000,9999.000,9999.000,9999.000,9999.000,9999.000
202604270000,   0.179,   0.488,   0.300,   0.009,   0.488,   0.300,   0.488,   0.300,   0.488
202604270006,   0.177,   0.449,9999.000,9999.000,9999.000,9999.000,9999.000,9999.000,9999.000
202604270012,   0.176,   0.508,9999.000,9999.000,9999.000,9999.000,9999.000,9999.000,9999.000
202604270018,   0.174,   0.469,9999.000,9999.000,9999.000,9999.000,9999.000,9999.000,9999.000
202604270024,   0.173,   0.469,9999.000,9999.000,9999.000,9999.000,9999.000,9999.000,9999.000
202604270030,   0.172,   0.488,9999.000,9999.000,9999.000,9999.000,9999.000,9999.000,9999.000
202604270036,   0.171,   0.469,9999.000,9999.000,9999.000,9999.000,9999.000,9999.000,9999.000
202604270042,   0.170,   0.469,9999.000,9999.000,9999.000,9999.000,9999.000,9999.000,9999.000
202604270048,   0.169,   0.488,9999.000,9999.000,9999.000,9999.000,9999.000,9999.000,9999.000
202604270054,   0.168,   0.478,9999.000,9999.000,9999.000,9999.000,9999.000,9999.000,9999.000
202604270100,   0.168,   0.469,   0.300,   0.001,   0.469,   0.300,   0.469,   0.300,   0.469
202604270106,   0.167,   0.508,9999.000,9999.000,9999.000,9999.000,9999.000,9999.000,9999.000
202604270112,   0.167,   0.488,9999.000,9999.000,9999.000,9999.000,9999.000,9999.000,9999.000
202604270118,   0.167,   0.478,9999.000,9999.000,9999.000,9999.000,9999.000,9999.000,9999.000
202604270124,   0.167,   0.508,9999.000,9999.000,9999.000,9999.000,9999.000,9999.000,9999.000
202604270130,   0.168,   0.498,9999.000,9999.000,9999.000,9999.000,9999.000,9999.000,9999.000
202604270136,   0.168,   0.541,9999.000,9999.000,9999.000,9999.000,9999.000,9999.000,9999.000
202604270142,   0.169,   0.518,9999.000,9999.000,9999.000,9999.000,9999.000,9999.000,9999.000
202604270148,   0.170,   0.541,9999.000,9999.000,9999.000,9999.000,9999.000,9999.000,9999.000
202604270154,   0.171,   0.518,9999.000,9999.000,9999.000,9999.000,9999.000,9999.000,9999.000
202604270200,   0.173,   0.518,   0.300,   0.045,   0.518,   0.300,   0.518,   0.300,   0.518
202604270206,   0.174,   0.531,9999.000,9999.000,9999.000,9999.000,9999.000,9999.000,9999.000
202604270212,   0.176,   0.551,9999.000,9999.000,9999.000,9999.000,9999.000,9999.000,9999.000
202604270218,   0.179,   0.551,9999.000,9999.000,9999.000,9999.000,9999.000,9999.000,9999.000
202604270224,   0.181,   0.570,9999.000,9999.000,9999.000,9999.000,9999.000,9999.000,9999.000
202604270230,   0.184,   0.541,9999.000,9999.000,9999.000,9999.000,9999.000,9999.000,9999.000
202604270236,   0.187,   0.560,9999.000,9999.000,9999.000,9999.000,9999.000,9999.000,9999.000
202604270242,   0.190,   0.580,9999.000,9999.000,9999.000,9999.000,9999.000,9999.000,9999.000
202604270248,   0.193,   0.580,9999.000,9999.000,9999.000,9999.000,9999.000,9999.000,9999.000
202604270254,   0.197,   0.590,9999.000,9999.000,9999.000,9999.000,9999.000,9999.000,9999.000
202604270300,   0.201,   0.580,   0.300,   0.079,   0.580,   0.300,   0.580,   0.300,   0.580
202604270306,   0.206,   0.600,9999.000,9999.000,9999.000,9999.000,9999.000,9999.000,9999.000
202604270312,   0.210,   0.629,9999.000,9999.000,9999.000,9999.000,9999.000,9999.000,9999.000
202604270318,   0.215,   0.610,9999.000,9999.000,9999.000,9999.000,9999.000,9999.000,9999.000
202604270324,   0.220,   0.629,9999.000,9999.000,9999.000,9999.000,9999.000,9999.000,9999.000
202604270330,   0.226,   0.600,9999.000,9999.000,9999.000,9999.000,9999.000,9999.000,9999.000
202604270336,   0.231,   0.649,9999.000,9999.000,9999.000,9999.000,9999.000,9999.000,9999.000
202604270342,   0.237,   0.610,9999.000,9999.000,9999.000,9999.000,9999.000,9999.000,9999.000
202604270348,   0.243,   0.669,9999.000,9999.000,9999.000,9999.000,9999.000,9999.000,9999.000
202604270354,   0.250,   0.639,9999.000,9999.000,9999.000,9999.000,9999.000,9999.000,9999.000
202604270400,   0.256,   0.669,   0.300,   0.113,   0.669,   0.300,   0.669,   0.300,   0.669
202604270406,   0.263,   0.669,9999.000,9999.000,9999.000,9999.000,9999.000,9999.000,9999.000
202604270412,   0.270,   0.669,9999.000,9999.000,9999.000,9999.000,9999.000,9999.000,9999.000
202604270418,   0.277,   0.698,9999.000,9999.000,9999.000,9999.000,9999.000,9999.000,9999.000
202604270424,   0.284,   0.649,9999.000,9999.000,9999.000,9999.000,9999.000,9999.000,9999.000
202604270430,   0.291,   0.659,9999.000,9999.000,9999.000,9999.000,9999.000,9999.000,9999.000
202604270436,   0.298,   0.649,9999.000,9999.000,9999.000,9999.000,9999.000,9999.000,9999.000
202604270442,   0.306,   0.678,9999.000,9999.000,9999.000,9999.000,9999.000,9999.000,9999.000
202604270448,   0.313,   0.659,9999.000,9999.000,9999.000,9999.000,9999.000,9999.000,9999.000
202604270454,   0.321,   0.659,9999.000,9999.000,9999.000,9999.000,9999.000,9999.000,9999.000
202604270500,   0.329,   0.669,   0.300,   0.040,   0.669,   0.300,   0.669,   0.300,   0.669
202604270506,   0.336,   0.698,9999.000,9999.000,9999.000,9999.000,9999.000,9999.000,9999.000
202604270512,   0.344,   0.678,9999.000,9999.000,9999.000,9999.000,9999.000,9999.000,9999.000
202604270518,   0.351,   0.708,9999.000,9999.000,9999.000,9999.000,9999.000,9999.000,9999.000
202604270524,   0.359,   0.698,9999.000,9999.000,9999.000,9999.000,9999.000,9999.000,9999.000
202604270530,   0.366,   0.731,9999.000,9999.000,9999.000,9999.000,9999.000,9999.000,9999.000
202604270536,   0.374,   0.708,9999.000,9999.000,9999.000,9999.000,9999.000,9999.000,9999.000
202604270542,   0.381,   0.718,9999.000,9999.000,9999.000,9999.000,9999.000,9999.000,9999.000
202604270548,   0.388,   0.731,9999.000,9999.000,9999.000,9999.000,9999.000,9999.000,9999.000
202604270554,   0.395,   0.751,9999.000,9999.000,9999.000,9999.000,9999.000,9999.000,9999.000
202604270600,   0.402,   0.731,   0.400,  -0.071,   0.731,   0.300,   0.631,   0.400,   0.731
202604270606,   0.408,   0.751,9999.000,9999.000,9999.000,9999.000,9999.000,9999.000,9999.000
202604270612,   0.415,   0.760,9999.000,9999.000,9999.000,9999.000,9999.000,9999.000,9999.000
202604270618,   0.421,   0.708,9999.000,9999.000,9999.000,9999.000,9999.000,9999.000,9999.000
202604270624,   0.427,   0.760,9999.000,9999.000,9999.000,9999.000,9999.000,9999.000,9999.000
202604270630,   0.432,   0.760,9999.000,9999.000,9999.000,9999.000,9999.000,9999.000,9999.000
202604270636,   0.438,   0.760,9999.000,9999.000,9999.000,9999.000,9999.000,9999.000,9999.000
202604270642,   0.443,   0.731,9999.000,9999.000,9999.000,9999.000,9999.000,9999.000,9999.000
202604270648,   0.448,   0.770,9999.000,9999.000,9999.000,9999.000,9999.000,9999.000,9999.000
202604270654,   0.452,   0.810,9999.000,9999.000,9999.000,9999.000,9999.000,9999.000,9999.000
202604270700,   0.456,   0.741,   0.400,  -0.115,   0.741,   0.300,   0.641,   0.400,   0.741
202604270706,   0.460,   0.810,9999.000,9999.000,9999.000,9999.000,9999.000,9999.000,9999.000
202604270712,   0.464,   0.780,9999.000,9999.000,9999.000,9999.000,9999.000,9999.000,9999.000
202604270718,   0.467,   0.780,9999.000,9999.000,9999.000,9999.000,9999.000,9999.000,9999.000
202604270724,   0.470,   0.810,9999.000,9999.000,9999.000,9999.000,9999.000,9999.000,9999.000
202604270730,   0.472,   0.810,9999.000,9999.000,9999.000,9999.000,9999.000,9999.000,9999.000
202604270736,   0.474,   0.829,9999.000,9999.000,9999.000,9999.000,9999.000,9999.000,9999.000
202604270742,   0.476,   0.800,9999.000,9999.000,9999.000,9999.000,9999.000,9999.000,9999.000
202604270748,   0.477,   0.810,9999.000,9999.000,9999.000,9999.000,9999.000,9999.000,9999.000
202604270754,   0.478,   0.829,9999.000,9999.000,9999.000,9999.000,9999.000,9999.000,9999.000
202604270800,   0.479,   0.810,   0.400,  -0.069,   0.810,   0.300,   0.710,   0.400,   0.810
202604270806,   0.480,   0.790,9999.000,9999.000,9999.000,9999.000,9999.000,9999.000,9999.000
202604270812,   0.480,   0.829,9999.000,9999.000,9999.000,9999.000,9999.000,9999.000,9999.000
202604270818,   0.479,   0.810,9999.000,9999.000,9999.000,9999.000,9999.000,9999.000,9999.000
202604270824,   0.479,   0.810,9999.000,9999.000,9999.000,9999.000,9999.000,9999.000,9999.000
202604270830,   0.478,   0.790,9999.000,9999.000,9999.000,9999.000,9999.000,9999.000,9999.000
202604270836,   0.476,   0.741,9999.000,9999.000,9999.000,9999.000,9999.000,9999.000,9999.000
202604270842,   0.475,   0.790,9999.000,9999.000,9999.000,9999.000,9999.000,9999.000,9999.000
202604270848,   0.473,   0.790,9999.000,9999.000,9999.000,9999.000,9999.000,9999.000,9999.000
202604270854,   0.471,   0.790,9999.000,9999.000,9999.000,9999.000,9999.000,9999.000,9999.000
202604270900,   0.468,   0.780,   0.400,  -0.088,   0.780,   0.300,   0.680,   0.400,   0.780
202604270906,   0.465,   0.760,9999.000,9999.000,9999.000,9999.000,9999.000,9999.000,9999.000
202604270912,   0.462,   0.751,9999.000,9999.000,9999.000,9999.000,9999.000,9999.000,9999.000
202604270918,   0.459,   0.780,9999.000,9999.000,9999.000,9999.000,9999.000,9999.000,9999.000
202604270924,   0.456,   0.760,9999.000,9999.000,9999.000,9999.000,9999.000,9999.000,9999.000
202604270930,   0.452,   0.790,9999.000,9999.000,9999.000,9999.000,9999.000,9999.000,9999.000
202604270936,   0.448,   0.800,9999.000,9999.000,9999.000,9999.000,9999.000,9999.000,9999.000
202604270942,   0.444,   0.751,9999.000,9999.000,9999.000,9999.000,9999.000,9999.000,9999.000
202604270948,   0.439,   0.731,9999.000,9999.000,9999.000,9999.000,9999.000,9999.000,9999.000
202604270954,   0.434,   0.731,9999.000,9999.000,9999.000,9999.000,9999.000,9999.000,9999.000
202604271000,   0.430,   0.708,   0.400,  -0.122,   0.708,   0.300,   0.608,   0.400,   0.708
202604271006,   0.425,   0.718,9999.000,9999.000,9999.000,9999.000,9999.000,9999.000,9999.000
202604271012,   0.420,   0.731,9999.000,9999.000,9999.000,9999.000,9999.000,9999.000,9999.000
202604271018,   0.414,   0.698,9999.000,9999.000,9999.000,9999.000,9999.000,9999.000,9999.000
202604271024,   0.409,   0.708,9999.000,9999.000,9999.000,9999.000,9999.000,9999.000,9999.000
202604271030,   0.403,   0.688,9999.000,9999.000,9999.000,9999.000,9999.000,9999.000,9999.000
202604271036,   0.397,   0.688,9999.000,9999.000,9999.000,9999.000,9999.000,9999.000,9999.000
202604271042,   0.392,   0.731,9999.000,9999.000,9999.000,9999.000,9999.000,9999.000,9999.000
202604271048,   0.386,   0.678,9999.000,9999.000,9999.000,9999.000,9999.000,9999.000,9999.000
202604271054,   0.380,   0.718,9999.000,9999.000,9999.000,9999.000,9999.000,9999.000,9999.000
202604271100,   0.373,   0.669,   0.300,  -0.004,   0.669,   0.300,   0.669,   0.400,   0.769
202604271106,   0.367,   0.678,9999.000,9999.000,9999.000,9999.000,9999.000,9999.000,9999.000
202604271112,   0.360,   0.669,9999.000,9999.000,9999.000,9999.000,9999.000,9999.000,9999.000
202604271118,   0.354,   0.649,9999.000,9999.000,9999.000,9999.000,9999.000,9999.000,9999.000
202604271124,   0.347,   0.659,9999.000,9999.000,9999.000,9999.000,9999.000,9999.000,9999.000
202604271130,   0.341,   0.669,9999.000,9999.000,9999.000,9999.000,9999.000,9999.000,9999.000
202604271136,   0.334,   0.629,9999.000,9999.000,9999.000,9999.000,9999.000,9999.000,9999.000
202604271142,   0.327,   0.610,9999.000,9999.000,9999.000,9999.000,9999.000,9999.000,9999.000
202604271148,   0.321,   0.619,9999.000,9999.000,9999.000,9999.000,9999.000,9999.000,9999.000
202604271154,   0.314,   0.629,9999.000,9999.000,9999.000,9999.000,9999.000,9999.000,9999.000
202604271200,   0.307,   0.600,   0.300,  -0.007,   0.600,   0.300,   0.600,   0.300,   0.600
202604271206,   0.300,   0.580,9999.000,9999.000,9999.000,9999.000,9999.000,9999.000,9999.000
202604271212,   0.293,   0.580,9999.000,9999.000,9999.000,9999.000,9999.000,9999.000,9999.000
202604271218,   0.286,   0.570,9999.000,9999.000,9999.000,9999.000,9999.000,9999.000,9999.000
202604271224,   0.279,   0.580,9999.000,9999.000,9999.000,9999.000,9999.000,9999.000,9999.000
202604271230,   0.272,   0.551,9999.000,9999.000,9999.000,9999.000,9999.000,9999.000,9999.000
202604271236,   0.265,   0.560,9999.000,9999.000,9999.000,9999.000,9999.000,9999.000,9999.000
202604271242,   0.258,   0.531,9999.000,9999.000,9999.000,9999.000,9999.000,9999.000,9999.000
202604271248,   0.251,   0.531,9999.000,9999.000,9999.000,9999.000,9999.000,9999.000,9999.000
202604271254,   0.244,   0.531,9999.000,9999.000,9999.000,9999.000,9999.000,9999.000,9999.000
202604271300,   0.237,   0.508,   0.300,  -0.029,   0.508,   0.300,   0.508,   0.300,   0.508
202604271306,   0.230,   0.508,9999.000,9999.000,9999.000,9999.000,9999.000,9999.000,9999.000
202604271312,   0.224,   0.488,9999.000,9999.000,9999.000,9999.000,9999.000,9999.000,9999.000
202604271318,   0.217,   0.478,9999.000,9999.000,9999.000,9999.000,9999.000,9999.000,9999.000
202604271324,   0.211,   0.508,9999.000,9999.000,9999.000,9999.000,9999.000,9999.000,9999.000
202604271330,   0.204,   0.488,9999.000,9999.000,9999.000,9999.000,9999.000,9999.000,9999.000
202604271336,   0.198,   0.488,9999.000,9999.000,9999.000,9999.000,9999.000,9999.000,9999.000
202604271342,   0.192,   0.478,9999.000,9999.000,9999.000,9999.000,9999.000,9999.000,9999.000
202604271348,   0.186,   0.478,9999.000,9999.000,9999.000,9999.000,9999.000,9999.000,9999.000
202604271354,   0.180,   0.478,9999.000,9999.000,9999.000,9999.000,9999.000,9999.000,9999.000
202604271400,   0.174,   0.469,   0.300,  -0.005,   0.469,   0.300,   0.469,   0.300,   0.469
202604271406,   0.168,   0.488,9999.000,9999.000,9999.000,9999.000,9999.000,9999.000,9999.000
202604271412,   0.163,   0.478,9999.000,9999.000,9999.000,9999.000,9999.000,9999.000,9999.000
202604271418,   0.158,   0.518,9999.000,9999.000,9999.000,9999.000,9999.000,9999.000,9999.000
202604271424,   0.153,   0.478,9999.000,9999.000,9999.000,9999.000,9999.000,9999.000,9999.000
202604271430,   0.149,   0.449,9999.000,9999.000,9999.000,9999.000,9999.000,9999.000,9999.000
202604271436,   0.144,   0.459,9999.000,9999.000,9999.000,9999.000,9999.000,9999.000,9999.000
202604271442,   0.140,   0.459,9999.000,9999.000,9999.000,9999.000,9999.000,9999.000,9999.000
202604271448,   0.136,   0.459,9999.000,9999.000,9999.000,9999.000,9999.000,9999.000,9999.000
202604271454,   0.133,   0.449,9999.000,9999.000,9999.000,9999.000,9999.000,9999.000,9999.000
202604271500,   0.130,   0.459,   0.300,   0.029,   0.459,   0.300,   0.459,   0.300,   0.459
202604271506,   0.127,   0.469,9999.000,9999.000,9999.000,9999.000,9999.000,9999.000,9999.000
202604271512,   0.124,   0.439,9999.000,9999.000,9999.000,9999.000,9999.000,9999.000,9999.000
202604271518,   0.122,   0.478,9999.000,9999.000,9999.000,9999.000,9999.000,9999.000,9999.000
202604271524,   0.120,   0.419,9999.000,9999.000,9999.000,9999.000,9999.000,9999.000,9999.000
202604271530,   0.119,   0.429,9999.000,9999.000,9999.000,9999.000,9999.000,9999.000,9999.000
202604271536,   0.118,   0.419,9999.000,9999.000,9999.000,9999.000,9999.000,9999.000,9999.000
202604271542,   0.117,   0.469,9999.000,9999.000,9999.000,9999.000,9999.000,9999.000,9999.000
202604271548,   0.116,   0.469,9999.000,9999.000,9999.000,9999.000,9999.000,9999.000,9999.000
202604271554,   0.116,   0.419,9999.000,9999.000,9999.000,9999.000,9999.000,9999.000,9999.000
202604271600,   0.117,   0.498,   0.300,   0.081,   0.498,   0.300,   0.498,   0.300,   0.498
202604271606,   0.117,   0.449,9999.000,9999.000,9999.000,9999.000,9999.000,9999.000,9999.000
202604271612,   0.119,   0.459,9999.000,9999.000,9999.000,9999.000,9999.000,9999.000,9999.000
202604271618,   0.120,   0.459,9999.000,9999.000,9999.000,9999.000,9999.000,9999.000,9999.000
202604271624,   0.122,   0.488,9999.000,9999.000,9999.000,9999.000,9999.000,9999.000,9999.000
202604271630,   0.124,   0.449,9999.000,9999.000,9999.000,9999.000,9999.000,9999.000,9999.000
202604271636,   0.127,   0.498,9999.000,9999.000,9999.000,9999.000,9999.000,9999.000,9999.000
202604271642,   0.130,   0.459,9999.000,9999.000,9999.000,9999.000,9999.000,9999.000,9999.000
202604271648,   0.133,   0.469,9999.000,9999.000,9999.000,9999.000,9999.000,9999.000,9999.000
202604271654,   0.136,   0.478,9999.000,9999.000,9999.000,9999.000,9999.000,9999.000,9999.000
202604271700,   0.140,   0.478,   0.300,   0.038,   0.478,   0.300,   0.478,   0.300,   0.478
202604271706,   0.144,   0.449,9999.000,9999.000,9999.000,9999.000,9999.000,9999.000,9999.000
202604271712,   0.149,   0.498,9999.000,9999.000,9999.000,9999.000,9999.000,9999.000,9999.000
202604271718,   0.154,   0.459,9999.000,9999.000,9999.000,9999.000,9999.000,9999.000,9999.000
202604271724,   0.159,   0.478,9999.000,9999.000,9999.000,9999.000,9999.000,9999.000,9999.000
202604271730,   0.164,   0.478,9999.000,9999.000,9999.000,9999.000,9999.000,9999.000,9999.000
202604271736,   0.169,   0.478,9999.000,9999.000,9999.000,9999.000,9999.000,9999.000,9999.000
202604271742,   0.175,   0.498,9999.000,9999.000,9999.000,9999.000,9999.000,9999.000,9999.000
202604271748,   0.181,   0.469,9999.000,9999.000,9999.000,9999.000,9999.000,9999.000,9999.000
202604271754,   0.187,   0.508,9999.000,9999.000,9999.000,9999.000,9999.000,9999.000,9999.000
202604271800,   0.193,   0.488,   0.300,  -0.005,   0.488,   0.300,   0.488,   0.400,   0.588
202604271806,   0.199,   0.488,9999.000,9999.000,9999.000,9999.000,9999.000,9999.000,9999.000
202604271812,   0.206,   0.488,9999.000,9999.000,9999.000,9999.000,9999.000,9999.000,9999.000
202604271818,   0.212,   0.508,9999.000,9999.000,9999.000,9999.000,9999.000,9999.000,9999.000
202604271824,   0.218,   0.488,9999.000,9999.000,9999.000,9999.000,9999.000,9999.000,9999.000
202604271830,   0.225,   0.498,9999.000,9999.000,9999.000,9999.000,9999.000,9999.000,9999.000
202604271836,   0.232,   0.518,9999.000,9999.000,9999.000,9999.000,9999.000,9999.000,9999.000
202604271842,   0.238,   0.531,9999.000,9999.000,9999.000,9999.000,9999.000,9999.000,9999.000
202604271848,   0.245,   0.531,9999.000,9999.000,9999.000,9999.000,9999.000,9999.000,9999.000
202604271854,   0.251,   0.541,9999.000,9999.000,9999.000,9999.000,9999.000,9999.000,9999.000
202604271900,   0.258,   0.560,   0.300,   0.002,   0.560,   0.300,   0.560,   0.400,   0.660
202604271906,   0.264,   0.551,9999.000,9999.000,9999.000,9999.000,9999.000,9999.000,9999.000
202604271912,   0.270,   0.560,9999.000,9999.000,9999.000,9999.000,9999.000,9999.000,9999.000
202604271918,   0.276,   0.541,9999.000,9999.000,9999.000,9999.000,9999.000,9999.000,9999.000
202604271924,   0.282,   0.551,9999.000,9999.000,9999.000,9999.000,9999.000,9999.000,9999.000
202604271930,   0.288,   0.560,9999.000,9999.000,9999.000,9999.000,9999.000,9999.000,9999.000
202604271936,   0.294,   0.570,9999.000,9999.000,9999.000,9999.000,9999.000,9999.000,9999.000
202604271942,   0.300,   0.560,9999.000,9999.000,9999.000,9999.000,9999.000,9999.000,9999.000
202604271948,   0.305,   0.531,9999.000,9999.000,9999.000,9999.000,9999.000,9999.000,9999.000
202604271954,   0.310,   0.580,9999.000,9999.000,9999.000,9999.000,9999.000,9999.000,9999.000
202604272000,   0.315,   0.570,   0.300,  -0.045,   0.570,   0.300,   0.570,   0.400,   0.670
202604272006,   0.320,   0.560,9999.000,9999.000,9999.000,9999.000,9999.000,9999.000,9999.000
202604272012,   0.325,   0.590,9999.000,9999.000,9999.000,9999.000,9999.000,9999.000,9999.000
202604272018,   0.329,   0.580,9999.000,9999.000,9999.000,9999.000,9999.000,9999.000,9999.000
202604272024,   0.333,   0.590,9999.000,9999.000,9999.000,9999.000,9999.000,9999.000,9999.000
202604272030,   0.337,   0.580,9999.000,9999.000,9999.000,9999.000,9999.000,9999.000,9999.000
202604272036,   0.341,   0.610,9999.000,9999.000,9999.000,9999.000,9999.000,9999.000,9999.000
202604272042,   0.345,   0.619,9999.000,9999.000,9999.000,9999.000,9999.000,9999.000,9999.000
202604272048,   0.348,   0.590,9999.000,9999.000,9999.000,9999.000,9999.000,9999.000,9999.000
202604272054,   0.351,   0.600,9999.000,9999.000,9999.000,9999.000,9999.000,9999.000,9999.000
202604272100,   0.354,   0.590,   0.400,  -0.164,   0.590,   0.300,   0.490,   0.400,   0.590
202604272106,   0.356,   0.610,9999.000,9999.000,9999.000,9999.000,9999.000,9999.000,9999.000
202604272112,   0.359,   0.610,9999.000,9999.000,9999.000,9999.000,9999.000,9999.000,9999.000
202604272118,   0.361,   0.580,9999.000,9999.000,9999.000,9999.000,9999.000,9999.000,9999.000
202604272124,   0.363,   0.619,9999.000,9999.000,9999.000,9999.000,9999.000,9999.000,9999.000
202604272130,   0.365,   0.590,9999.000,9999.000,9999.000,9999.000,9999.000,9999.000,9999.000
202604272136,   0.366,   0.619,9999.000,9999.000,9999.000,9999.000,9999.000,9999.000,9999.000
202604272142,   0.368,   0.619,9999.000,9999.000,9999.000,9999.000,9999.000,9999.000,9999.000
202604272148,   0.369,   0.590,9999.000,9999.000,9999.000,9999.000,9999.000,9999.000,9999.000
202604272154,   0.370,   0.600,9999.000,9999.000,9999.000,9999.000,9999.000,9999.000,9999.000
202604272200,   0.370,   0.580,   0.300,  -0.090,   0.580,   0.300,   0.580,   0.400,   0.680
202604272206,   0.371,   0.580,9999.000,9999.000,9999.000,9999.000,9999.000,9999.000,9999.000
202604272212,   0.371,   0.580,9999.000,9999.000,9999.000,9999.000,9999.000,9999.000,9999.000
202604272218,   0.372,   0.600,9999.000,9999.000,9999.000,9999.000,9999.000,9999.000,9999.000
202604272224,   0.372,   0.600,9999.000,9999.000,9999.000,9999.000,9999.000,9999.000,9999.000
202604272230,   0.371,   0.590,9999.000,9999.000,9999.000,9999.000,9999.000,9999.000,9999.000
202604272236,   0.371,   0.600,9999.000,9999.000,9999.000,9999.000,9999.000,9999.000,9999.000
202604272242,   0.371,   0.580,9999.000,9999.000,9999.000,9999.000,9999.000,9999.000,9999.000
202604272248,   0.370,   0.610,9999.000,9999.000,9999.000,9999.000,9999.000,9999.000,9999.000
202604272254,   0.369,   0.590,9999.000,9999.000,9999.000,9999.000,9999.000,9999.000,9999.000
202604272300,   0.368,   0.580,   0.300,  -0.088,   0.580,   0.300,   0.580,   0.300,   0.580
202604272306,   0.367,   0.590,9999.000,9999.000,9999.000,9999.000,9999.000,9999.000,9999.000
202604272312,   0.366,   0.590,9999.000,9999.000,9999.000,9999.000,9999.000,9999.000,9999.000
202604272318,   0.365,   0.570,9999.000,9999.000,9999.000,9999.000,9999.000,9999.000,9999.000
202604272324,   0.363,   0.570,9999.000,9999.000,9999.000,9999.000,9999.000,9999.000,9999.000
202604272330,   0.362,   0.590,9999.000,9999.000,9999.000,9999.000,9999.000,9999.000,9999.000
202604272336,   0.360,   0.580,9999.000,9999.000,9999.000,9999.000,9999.000,9999.000,9999.000
202604272342,   0.358,   0.570,9999.000,9999.000,9999.000,9999.000,9999.000,9999.000,9999.000
202604272348,   0.356,   0.600,9999.000,9999.000,9999.000,9999.000,9999.000,9999.000,9999.000
202604272354,   0.354,   0.551,9999.000,9999.000,9999.000,9999.000,9999.000,9999.000,9999.000
202604280000,   0.352,   0.541,   0.300,  -0.111,   0.541,   0.300,   0.541,   0.300,   0.541
202604280006,   0.350,   0.551,9999.000,9999.000,9999.000,9999.000,9999.000,9999.000,9999.000
202604280012,   0.347,   0.541,9999.000,9999.000,9999.000,9999.000,9999.000,9999.000,9999.000
202604280018,   0.345,   0.541,9999.000,9999.000,9999.000,9999.000,9999.000,9999.000,9999.000
202604280024,   0.342,   0.508,9999.000,9999.000,9999.000,9999.000,9999.000,9999.000,9999.000
202604280030,   0.340,   0.541,9999.000,9999.000,9999.000,9999.000,9999.000,9999.000,9999.000
202604280036,   0.337,   0.518,9999.000,9999.000,9999.000,9999.000,9999.000,9999.000,9999.000
202604280042,   0.334,   0.508,9999.000,9999.000,9999.000,9999.000,9999.000,9999.000,9999.000
202604280048,   0.332,   0.518,9999.000,9999.000,9999.000,9999.000,9999.000,9999.000,9999.000
202604280054,   0.329,   0.508,9999.000,9999.000,9999.000,9999.000,9999.000,9999.000,9999.000
202604280100,   0.326,   0.498,   0.300,  -0.128,   0.498,   0.300,   0.498,   0.300,   0.498
202604280106,   0.323,   0.508,9999.000,9999.000,9999.000,9999.000,9999.000,9999.000,9999.000
202604280112,   0.320,   0.488,9999.000,9999.000,9999.000,9999.000,9999.000,9999.000,9999.000
202604280118,   0.317,   0.508,9999.000,9999.000,9999.000,9999.000,9999.000,9999.000,9999.000
202604280124,   0.315,   0.498,9999.000,9999.000,9999.000,9999.000,9999.000,9999.000,9999.000
202604280130,   0.312,   0.488,9999.000,9999.000,9999.000,9999.000,9999.000,9999.000,9999.000
202604280136,   0.309,   0.488,9999.000,9999.000,9999.000,9999.000,9999.000,9999.000,9999.000
202604280142,   0.306,   0.508,9999.000,9999.000,9999.000,9999.000,9999.000,9999.000,9999.000
202604280148,   0.303,   0.498,9999.000,9999.000,9999.000,9999.000,9999.000,9999.000,9999.000
202604280154,   0.301,   0.478,9999.000,9999.000,9999.000,9999.000,9999.000,9999.000,9999.000
202604280200,   0.298,   0.508,   0.300,  -0.090,   0.508,   0.300,   0.508,   0.300,   0.508
202604280206,   0.296,   0.518,9999.000,9999.000,9999.000,9999.000,9999.000,9999.000,9999.000
202604280212,   0.293,   0.488,9999.000,9999.000,9999.000,9999.000,9999.000,9999.000,9999.000
202604280218,   0.291,   0.498,9999.000,9999.000,9999.000,9999.000,9999.000,9999.000,9999.000
202604280224,   0.289,   0.498,9999.000,9999.000,9999.000,9999.000,9999.000,9999.000,9999.000
202604280230,   0.287,   0.508,9999.000,9999.000,9999.000,9999.000,9999.000,9999.000,9999.000
202604280236,   0.285,   0.518,9999.000,9999.000,9999.000,9999.000,9999.000,9999.000,9999.000
202604280242,   0.283,   0.518,9999.000,9999.000,9999.000,9999.000,9999.000,9999.000,9999.000
202604280248,   0.281,   0.518,9999.000,9999.000,9999.000,9999.000,9999.000,9999.000,9999.000
202604280254,   0.280,   0.518,9999.000,9999.000,9999.000,9999.000,9999.000,9999.000,9999.000
202604280300,   0.279,   0.508,   0.300,  -0.071,   0.508,   0.300,   0.508,   0.300,   0.508
202604280306,   0.278,   0.508,9999.000,9999.000,9999.000,9999.000,9999.000,9999.000,9999.000
202604280312,   0.277,   0.518,9999.000,9999.000,9999.000,9999.000,9999.000,9999.000,9999.000
202604280318,   0.277,   0.531,9999.000,9999.000,9999.000,9999.000,9999.000,9999.000,9999.000
202604280324,   0.277,   0.531,9999.000,9999.000,9999.000,9999.000,9999.000,9999.000,9999.000
202604280330,   0.277,   0.508,9999.000,9999.000,9999.000,9999.000,9999.000,9999.000,9999.000
202604280336,   0.277,   0.541,9999.000,9999.000,9999.000,9999.000,9999.000,9999.000,9999.000
202604280342,   0.278,   0.560,9999.000,9999.000,9999.000,9999.000,9999.000,9999.000,9999.000
202604280348,   0.278,   0.551,9999.000,9999.000,9999.000,9999.000,9999.000,9999.000,9999.000
202604280354,   0.280,   0.570,9999.000,9999.000,9999.000,9999.000,9999.000,9999.000,9999.000
202604280400,   0.281,   0.560,   0.300,  -0.021,   0.560,   0.300,   0.560,   0.300,   0.560
202604280406,   0.283,   0.560,9999.000,9999.000,9999.000,9999.000,9999.000,9999.000,9999.000
202604280412,   0.284,   0.551,9999.000,9999.000,9999.000,9999.000,9999.000,9999.000,9999.000
202604280418,   0.287,   0.560,9999.000,9999.000,9999.000,9999.000,9999.000,9999.000,9999.000
202604280424,   0.289,   0.551,9999.000,9999.000,9999.000,9999.000,9999.000,9999.000,9999.000
202604280430,   0.292,   0.560,9999.000,9999.000,9999.000,9999.000,9999.000,9999.000,9999.000
202604280436,   0.295,   0.570,9999.000,9999.000,9999.000,9999.000,9999.000,9999.000,9999.000
202604280442,   0.298,   0.580,9999.000,9999.000,9999.000,9999.000,9999.000,9999.000,9999.000
202604280448,   0.301,   0.570,9999.000,9999.000,9999.000,9999.000,9999.000,9999.000,9999.000
202604280454,   0.305,   0.590,9999.000,9999.000,9999.000,9999.000,9999.000,9999.000,9999.000
202604280500,   0.309,   0.600,   0.300,  -0.009,   0.600,   0.300,   0.600,   0.300,   0.600
202604280506,   0.313,   0.600,9999.000,9999.000,9999.000,9999.000,9999.000,9999.000,9999.000
202604280512,   0.317,   0.600,9999.000,9999.000,9999.000,9999.000,9999.000,9999.000,9999.000
202604280518,   0.321,   0.619,9999.000,9999.000,9999.000,9999.000,9999.000,9999.000,9999.000
202604280524,   0.326,   0.600,9999.000,9999.000,9999.000,9999.000,9999.000,9999.000,9999.000
202604280530,   0.331,   0.639,9999.000,9999.000,9999.000,9999.000,9999.000,9999.000,9999.000
202604280536,   0.335,   0.639,9999.000,9999.000,9999.000,9999.000,9999.000,9999.000,9999.000
202604280542,   0.340,   0.649,9999.000,9999.000,9999.000,9999.000,9999.000,9999.000,9999.000
202604280548,   0.345,   0.659,9999.000,9999.000,9999.000,9999.000,9999.000,9999.000,9999.000
202604280554,   0.350,   0.639,9999.000,9999.000,9999.000,9999.000,9999.000,9999.000,9999.000
202604280600,   0.355,   0.649,   0.300,  -0.006,   0.649,   0.300,   0.649,   0.300,   0.649
202604280606,   0.360,   0.659,9999.000,9999.000,9999.000,9999.000,9999.000,9999.000,9999.000
202604280612,   0.365,   0.649,9999.000,9999.000,9999.000,9999.000,9999.000,9999.000,9999.000
202604280618,   0.369,   0.649,9999.000,9999.000,9999.000,9999.000,9999.000,9999.000,9999.000
202604280624,   0.374,   0.639,9999.000,9999.000,9999.000,9999.000,9999.000,9999.000,9999.000
202604280630,   0.380,   0.659,9999.000,9999.000,9999.000,9999.000,9999.000,9999.000,9999.000
202604280636,   0.383,   0.659,9999.000,9999.000,9999.000,9999.000,9999.000,9999.000,9999.000
202604280642,   0.388,   0.649,9999.000,9999.000,9999.000,9999.000,9999.000,9999.000,9999.000
202604280648,   0.392,   0.669,9999.000,9999.000,9999.000,9999.000,9999.000,9999.000,9999.000
202604280654,   0.396,   0.659,9999.000,9999.000,9999.000,9999.000,9999.000,9999.000,9999.000
202604280700,   0.400,   0.659,   0.300,  -0.041,   0.659,   0.300,   0.659,   0.300,   0.659
202604280706,   0.403,   0.678,9999.000,9999.000,9999.000,9999.000,9999.000,9999.000,9999.000
202604280712,   0.407,   0.678,9999.000,9999.000,9999.000,9999.000,9999.000,9999.000,9999.000
202604280718,   0.410,   0.659,9999.000,9999.000,9999.000,9999.000,9999.000,9999.000,9999.000
202604280724,   0.413,   0.659,9999.000,9999.000,9999.000,9999.000,9999.000,9999.000,9999.000
202604280730,   0.415,   0.659,9999.000,9999.000,9999.000,9999.000,9999.000,9999.000,9999.000
202604280736,   0.417,   0.669,9999.000,9999.000,9999.000,9999.000,9999.000,9999.000,9999.000
202604280742,   0.419,   0.659,9999.000,9999.000,9999.000,9999.000,9999.000,9999.000,9999.000
202604280748,   0.421,   0.669,9999.000,9999.000,9999.000,9999.000,9999.000,9999.000,9999.000
202604280754,   0.422,   0.678,9999.000,9999.000,9999.000,9999.000,9999.000,9999.000,9999.000
202604280800,   0.423,   0.659,   0.300,  -0.064,   0.659,   0.300,   0.659,   0.300,   0.659
202604280806,   0.423,   0.669,9999.000,9999.000,9999.000,9999.000,9999.000,9999.000,9999.000
202604280812,   0.423,   0.669,9999.000,9999.000,9999.000,9999.000,9999.000,9999.000,9999.000
202604280818,   0.423,   0.649,9999.000,9999.000,9999.000,9999.000,9999.000,9999.000,9999.000
202604280824,   0.423,   0.639,9999.000,9999.000,9999.000,9999.000,9999.000,9999.000,9999.000
202604280830,   0.422,   0.639,9999.000,9999.000,9999.000,9999.000,9999.000,9999.000,9999.000
202604280836,   0.421,   0.619,9999.000,9999.000,9999.000,9999.000,9999.000,9999.000,9999.000
202604280842,   0.419,   0.629,9999.000,9999.000,9999.000,9999.000,9999.000,9999.000,9999.000
202604280848,   0.417,   0.639,9999.000,9999.000,9999.000,9999.000,9999.000,9999.000,9999.000
202604280854,   0.415,   0.619,9999.000,9999.000,9999.000,9999.000,9999.000,9999.000,9999.000
202604280900,   0.412,   0.629,   0.300,  -0.083,   0.629,   0.300,   0.629,   0.300,   0.629
202604280906,   0.409,   0.610,9999.000,9999.000,9999.000,9999.000,9999.000,9999.000,9999.000
202604280912,   0.406,   0.619,9999.000,9999.000,9999.000,9999.000,9999.000,9999.000,9999.000
202604280918,   0.402,   0.610,9999.000,9999.000,9999.000,9999.000,9999.000,9999.000,9999.000
202604280924,   0.399,   0.600,9999.000,9999.000,9999.000,9999.000,9999.000,9999.000,9999.000
202604280930,   0.394,   0.619,9999.000,9999.000,9999.000,9999.000,9999.000,9999.000,9999.000
202604280936,   0.390,   0.610,9999.000,9999.000,9999.000,9999.000,9999.000,9999.000,9999.000
202604280942,   0.385,   0.619,9999.000,9999.000,9999.000,9999.000,9999.000,9999.000,9999.000
202604280948,   0.380,   0.610,9999.000,9999.000,9999.000,9999.000,9999.000,9999.000,9999.000
202604280954,   0.375,   0.619,9999.000,9999.000,9999.000,9999.000,9999.000,9999.000,9999.000
202604281000,   0.370,   0.600,   0.300,  -0.070,   0.600,   0.300,   0.600,   0.300,   0.600
202604281006,   0.364,   0.600,9999.000,9999.000,9999.000,9999.000,9999.000,9999.000,9999.000
202604281012,   0.359,   0.590,9999.000,9999.000,9999.000,9999.000,9999.000,9999.000,9999.000
202604281018,   0.353,   0.590,9999.000,9999.000,9999.000,9999.000,9999.000,9999.000,9999.000
202604281024,   0.347,   0.590,9999.000,9999.000,9999.000,9999.000,9999.000,9999.000,9999.000
202604281030,   0.340,   0.580,9999.000,9999.000,9999.000,9999.000,9999.000,9999.000,9999.000
202604281036,   0.334,   0.560,9999.000,9999.000,9999.000,9999.000,9999.000,9999.000,9999.000
202604281042,   0.328,   0.560,9999.000,9999.000,9999.000,9999.000,9999.000,9999.000,9999.000
202604281048,   0.321,   0.551,9999.000,9999.000,9999.000,9999.000,9999.000,9999.000,9999.000
202604281054,   0.314,   0.541,9999.000,9999.000,9999.000,9999.000,9999.000,9999.000,9999.000
202604281100,   0.307,   0.541,   0.300,  -0.066,   0.541,   0.300,   0.541,   0.300,   0.541
202604281106,   0.301,   0.531,9999.000,9999.000,9999.000,9999.000,9999.000,9999.000,9999.000
202604281112,   0.294,   0.508,9999.000,9999.000,9999.000,9999.000,9999.000,9999.000,9999.000
202604281118,   0.287,   0.508,9999.000,9999.000,9999.000,9999.000,9999.000,9999.000,9999.000
202604281124,   0.280,   0.488,9999.000,9999.000,9999.000,9999.000,9999.000,9999.000,9999.000
202604281130,   0.272,   0.488,9999.000,9999.000,9999.000,9999.000,9999.000,9999.000,9999.000
202604281136,   0.265,   0.469,9999.000,9999.000,9999.000,9999.000,9999.000,9999.000,9999.000
202604281142,   0.258,   0.459,9999.000,9999.000,9999.000,9999.000,9999.000,9999.000,9999.000
202604281148,   0.251,   0.469,9999.000,9999.000,9999.000,9999.000,9999.000,9999.000,9999.000
202604281154,   0.244,   0.459,9999.000,9999.000,9999.000,9999.000,9999.000,9999.000,9999.000
202604281200,   0.236,   0.459,   0.200,   0.023,   0.459,   0.200,   0.459,   0.200,   0.459
202604281206,   0.229,   0.439,9999.000,9999.000,9999.000,9999.000,9999.000,9999.000,9999.000
202604281212,   0.222,   0.429,9999.000,9999.000,9999.000,9999.000,9999.000,9999.000,9999.000
202604281218,   0.215,   0.419,9999.000,9999.000,9999.000,9999.000,9999.000,9999.000,9999.000
202604281224,   0.208,   0.409,9999.000,9999.000,9999.000,9999.000,9999.000,9999.000,9999.000
202604281230,   0.200,   0.380,9999.000,9999.000,9999.000,9999.000,9999.000,9999.000,9999.000
202604281236,   0.193,   0.380,9999.000,9999.000,9999.000,9999.000,9999.000,9999.000,9999.000
202604281242,   0.186,   0.390,9999.000,9999.000,9999.000,9999.000,9999.000,9999.000,9999.000
202604281248,   0.179,   0.380,9999.000,9999.000,9999.000,9999.000,9999.000,9999.000,9999.000
202604281254,   0.172,   0.370,9999.000,9999.000,9999.000,9999.000,9999.000,9999.000,9999.000
202604281300,   0.165,   0.360,   0.200,  -0.005,   0.360,   0.200,   0.360,   0.200,   0.360
202604281306,   0.158,   0.350,9999.000,9999.000,9999.000,9999.000,9999.000,9999.000,9999.000
202604281312,   0.151,   0.341,9999.000,9999.000,9999.000,9999.000,9999.000,9999.000,9999.000
202604281318,   0.144,   0.331,9999.000,9999.000,9999.000,9999.000,9999.000,9999.000,9999.000
202604281324,   0.137,   0.331,9999.000,9999.000,9999.000,9999.000,9999.000,9999.000,9999.000
202604281330,   0.131,   0.308,9999.000,9999.000,9999.000,9999.000,9999.000,9999.000,9999.000
202604281336,   0.124,   0.321,9999.000,9999.000,9999.000,9999.000,9999.000,9999.000,9999.000
202604281342,   0.118,   0.308,9999.000,9999.000,9999.000,9999.000,9999.000,9999.000,9999.000
202604281348,   0.111,   0.288,9999.000,9999.000,9999.000,9999.000,9999.000,9999.000,9999.000
202604281354,   0.105,   0.298,9999.000,9999.000,9999.000,9999.000,9999.000,9999.000,9999.000
202604281400,   0.099,   0.288,   0.200,  -0.011,   0.288,   0.200,   0.288,   0.200,   0.288
202604281406,   0.093,   0.288,9999.000,9999.000,9999.000,9999.000,9999.000,9999.000,9999.000
202604281412,   0.087,   0.298,9999.000,9999.000,9999.000,9999.000,9999.000,9999.000,9999.000
202604281418,   0.082,   0.288,9999.000,9999.000,9999.000,9999.000,9999.000,9999.000,9999.000
202604281424,   0.076,   0.298,9999.000,9999.000,9999.000,9999.000,9999.000,9999.000,9999.000
202604281430,   0.071,   0.268,9999.000,9999.000,9999.000,9999.000,9999.000,9999.000,9999.000
202604281436,   0.066,9999.000,9999.000,9999.000,9999.000,9999.000,9999.000,9999.000,9999.000
202604281442,   0.062,   0.268,9999.000,9999.000,9999.000,9999.000,9999.000,9999.000,9999.000
202604281448,   0.057,   0.249,9999.000,9999.000,9999.000,9999.000,9999.000,9999.000,9999.000
202604281454,   0.053,   0.268,9999.000,9999.000,9999.000,9999.000,9999.000,9999.000,9999.000
202604281500,   0.049,   0.259,   0.200,   0.010,   0.259,   0.200,   0.259,   0.200,   0.259
202604281506,   0.046,   0.278,9999.000,9999.000,9999.000,9999.000,9999.000,9999.000,9999.000
202604281512,   0.042,   0.278,9999.000,9999.000,9999.000,9999.000,9999.000,9999.000,9999.000
202604281518,   0.039,   0.278,9999.000,9999.000,9999.000,9999.000,9999.000,9999.000,9999.000
202604281524,   0.037,   0.288,9999.000,9999.000,9999.000,9999.000,9999.000,9999.000,9999.000
202604281530,   0.035,   0.278,9999.000,9999.000,9999.000,9999.000,9999.000,9999.000,9999.000
202604281536,   0.033,   0.268,9999.000,9999.000,9999.000,9999.000,9999.000,9999.000,9999.000
202604281542,   0.032,   0.249,9999.000,9999.000,9999.000,9999.000,9999.000,9999.000,9999.000
202604281548,   0.031,   0.268,9999.000,9999.000,9999.000,9999.000,9999.000,9999.000,9999.000
202604281554,   0.030,   0.259,9999.000,9999.000,9999.000,9999.000,9999.000,9999.000,9999.000
202604281600,   0.030,   0.259,   0.200,   0.029,   0.259,   0.200,   0.259,   0.200,   0.259
202604281606,   0.030,   0.268,9999.000,9999.000,9999.000,9999.000,9999.000,9999.000,9999.000
202604281612,   0.031,   0.268,9999.000,9999.000,9999.000,9999.000,9999.000,9999.000,9999.000
202604281618,   0.032,   0.278,9999.000,9999.000,9999.000,9999.000,9999.000,9999.000,9999.000
202604281624,   0.034,   0.278,9999.000,9999.000,9999.000,9999.000,9999.000,9999.000,9999.000
202604281630,   0.036,   0.288,9999.000,9999.000,9999.000,9999.000,9999.000,9999.000,9999.000
202604281636,   0.039,   0.278,9999.000,9999.000,9999.000,9999.000,9999.000,9999.000,9999.000
202604281642,   0.042,   0.288,9999.000,9999.000,9999.000,9999.000,9999.000,9999.000,9999.000
202604281648,   0.045,   0.278,9999.000,9999.000,9999.000,9999.000,9999.000,9999.000,9999.000
202604281654,   0.050,   0.278,9999.000,9999.000,9999.000,9999.000,9999.000,9999.000,9999.000
202604281700,   0.054,   0.268,   0.200,   0.014,   0.268,   0.200,   0.268,   0.200,   0.268
202604281706,   0.059,   0.298,9999.000,9999.000,9999.000,9999.000,9999.000,9999.000,9999.000
202604281712,   0.064,   0.278,9999.000,9999.000,9999.000,9999.000,9999.000,9999.000,9999.000
202604281718,   0.070,   0.278,9999.000,9999.000,9999.000,9999.000,9999.000,9999.000,9999.000
202604281724,   0.077,   0.298,9999.000,9999.000,9999.000,9999.000,9999.000,9999.000,9999.000
202604281730,   0.083,   0.308,9999.000,9999.000,9999.000,9999.000,9999.000,9999.000,9999.000
202604281736,   0.091,   0.288,9999.000,9999.000,9999.000,9999.000,9999.000,9999.000,9999.000
202604281742,   0.098,   0.298,9999.000,9999.000,9999.000,9999.000,9999.000,9999.000,9999.000
202604281748,   0.106,   0.288,9999.000,9999.000,9999.000,9999.000,9999.000,9999.000,9999.000
202604281754,   0.114,   0.308,9999.000,9999.000,9999.000,9999.000,9999.000,9999.000,9999.000
202604281800,   0.123,   0.308,   0.200,  -0.015,   0.308,   0.200,   0.308,   0.300,   0.408
202604281806,   0.132,   0.331,9999.000,9999.000,9999.000,9999.000,9999.000,9999.000,9999.000
202604281812,   0.141,   0.331,9999.000,9999.000,9999.000,9999.000,9999.000,9999.000,9999.000
202604281818,   0.151,   0.331,9999.000,9999.000,9999.000,9999.000,9999.000,9999.000,9999.000
202604281824,   0.160,   0.341,9999.000,9999.000,9999.000,9999.000,9999.000,9999.000,9999.000
202604281830,   0.170,   0.360,9999.000,9999.000,9999.000,9999.000,9999.000,9999.000,9999.000
202604281836,   0.181,   0.370,9999.000,9999.000,9999.000,9999.000,9999.000,9999.000,9999.000
202604281842,   0.191,   0.390,9999.000,9999.000,9999.000,9999.000,9999.000,9999.000,9999.000
202604281848,   0.201,   0.380,9999.000,9999.000,9999.000,9999.000,9999.000,9999.000,9999.000
202604281854,   0.212,   0.390,9999.000,9999.000,9999.000,9999.000,9999.000,9999.000,9999.000
202604281900,   0.223,   0.400,   0.200,  -0.023,   0.400,   0.200,   0.400,   0.200,   0.400
202604281906,   0.233,   0.419,9999.000,9999.000,9999.000,9999.000,9999.000,9999.000,9999.000
202604281912,   0.244,   0.429,9999.000,9999.000,9999.000,9999.000,9999.000,9999.000,9999.000
202604281918,   0.255,   0.429,9999.000,9999.000,9999.000,9999.000,9999.000,9999.000,9999.000
202604281924,   0.266,   0.439,9999.000,9999.000,9999.000,9999.000,9999.000,9999.000,9999.000
202604281930,   0.276,   0.449,9999.000,9999.000,9999.000,9999.000,9999.000,9999.000,9999.000
202604281936,   0.287,   0.439,9999.000,9999.000,9999.000,9999.000,9999.000,9999.000,9999.000
202604281942,   0.297,   0.459,9999.000,9999.000,9999.000,9999.000,9999.000,9999.000,9999.000
202604281948,   0.308,   0.488,9999.000,9999.000,9999.000,9999.000,9999.000,9999.000,9999.000
202604281954,   0.318,   0.478,9999.000,9999.000,9999.000,9999.000,9999.000,9999.000,9999.000
202604282000,   0.328,   0.508,   0.200,  -0.020,   0.508,   0.200,   0.508,   0.200,   0.508
202604282006,   0.338,   0.508,9999.000,9999.000,9999.000,9999.000,9999.000,9999.000,9999.000
202604282012,   0.348,   0.508,9999.000,9999.000,9999.000,9999.000,9999.000,9999.000,9999.000
202604282018,   0.357,   0.518,9999.000,9999.000,9999.000,9999.000,9999.000,9999.000,9999.000
202604282024,   0.367,   0.531,9999.000,9999.000,9999.000,9999.000,9999.000,9999.000,9999.000
202604282030,   0.376,   0.541,9999.000,9999.000,9999.000,9999.000,9999.000,9999.000,9999.000
202604282036,   0.384,   0.531,9999.000,9999.000,9999.000,9999.000,9999.000,9999.000,9999.000
202604282042,   0.393,   0.541,9999.000,9999.000,9999.000,9999.000,9999.000,9999.000,9999.000
202604282048,   0.401,   0.541,9999.000,9999.000,9999.000,9999.000,9999.000,9999.000,9999.000
202604282054,   0.409,   0.560,9999.000,9999.000,9999.000,9999.000,9999.000,9999.000,9999.000
202604282100,   0.417,   0.551,   0.300,  -0.166,   0.551,   0.200,   0.451,   0.300,   0.551
202604282106,   0.424,   0.570,9999.000,9999.000,9999.000,9999.000,9999.000,9999.000,9999.000
202604282112,   0.431,   0.570,9999.000,9999.000,9999.000,9999.000,9999.000,9999.000,9999.000
202604282118,   0.437,   0.580,9999.000,9999.000,9999.000,9999.000,9999.000,9999.000,9999.000
202604282124,   0.444,   0.580,9999.000,9999.000,9999.000,9999.000,9999.000,9999.000,9999.000
202604282130,   0.450,   0.600,9999.000,9999.000,9999.000,9999.000,9999.000,9999.000,9999.000
202604282136,   0.455,   0.590,9999.000,9999.000,9999.000,9999.000,9999.000,9999.000,9999.000
202604282142,   0.461,   0.600,9999.000,9999.000,9999.000,9999.000,9999.000,9999.000,9999.000
202604282148,   0.466,   0.600,9999.000,9999.000,9999.000,9999.000,9999.000,9999.000,9999.000
202604282154,   0.470,   0.629,9999.000,9999.000,9999.000,9999.000,9999.000,9999.000,9999.000
202604282200,   0.475,   0.629,   0.200,  -0.046,   0.629,   0.200,   0.629,   0.300,   0.729
202604282206,   0.479,   0.629,9999.000,9999.000,9999.000,9999.000,9999.000,9999.000,9999.000
202604282212,   0.482,   0.629,9999.000,9999.000,9999.000,9999.000,9999.000,9999.000,9999.000
202604282218,   0.486,   0.629,9999.000,9999.000,9999.000,9999.000,9999.000,9999.000,9999.000
202604282224,   0.489,   0.659,9999.000,9999.000,9999.000,9999.000,9999.000,9999.000,9999.000
202604282230,   0.492,   0.659,9999.000,9999.000,9999.000,9999.000,9999.000,9999.000,9999.000
202604282236,   0.494,   0.649,9999.000,9999.000,9999.000,9999.000,9999.000,9999.000,9999.000
202604282242,   0.496,   0.649,9999.000,9999.000,9999.000,9999.000,9999.000,9999.000,9999.000
202604282248,   0.498,   0.639,9999.000,9999.000,9999.000,9999.000,9999.000,9999.000,9999.000
202604282254,   0.500,   0.659,9999.000,9999.000,9999.000,9999.000,9999.000,9999.000,9999.000
202604282300,   0.501,   0.649,   0.200,  -0.052,   0.649,   0.200,   0.649,   0.300,   0.749
202604282306,   0.502,   0.659,9999.000,9999.000,9999.000,9999.000,9999.000,9999.000,9999.000
202604282312,   0.503,   0.659,9999.000,9999.000,9999.000,9999.000,9999.000,9999.000,9999.000
202604282318,   0.504,   0.659,9999.000,9999.000,9999.000,9999.000,9999.000,9999.000,9999.000
202604282324,   0.504,   0.678,9999.000,9999.000,9999.000,9999.000,9999.000,9999.000,9999.000
202604282330,   0.504,   0.659,9999.000,9999.000,9999.000,9999.000,9999.000,9999.000,9999.000
202604282336,   0.504,   0.659,9999.000,9999.000,9999.000,9999.000,9999.000,9999.000,9999.000
202604282342,   0.503,   0.659,9999.000,9999.000,9999.000,9999.000,9999.000,9999.000,9999.000
202604282348,   0.502,   0.669,9999.000,9999.000,9999.000,9999.000,9999.000,9999.000,9999.000
202604282354,   0.501,   0.669,9999.000,9999.000,9999.000,9999.000,9999.000,9999.000,9999.000
202604290000,   0.500,   0.688,   0.200,  -0.012,   0.688,   0.200,   0.688,   0.200,   0.688
202604290006,   0.499,   0.669,9999.000,9999.000,9999.000,9999.000,9999.000,9999.000,9999.000
202604290012,   0.497,   0.688,9999.000,9999.000,9999.000,9999.000,9999.000,9999.000,9999.000
202604290018,   0.495,   0.669,9999.000,9999.000,9999.000,9999.000,9999.000,9999.000,9999.000
202604290024,   0.493,   0.678,9999.000,9999.000,9999.000,9999.000,9999.000,9999.000,9999.000
202604290030,   0.491,   0.678,9999.000,9999.000,9999.000,9999.000,9999.000,9999.000,9999.000
202604290036,   0.489,   0.678,9999.000,9999.000,9999.000,9999.000,9999.000,9999.000,9999.000
202604290042,   0.486,   0.688,9999.000,9999.000,9999.000,9999.000,9999.000,9999.000,9999.000
202604290048,   0.483,   0.669,9999.000,9999.000,9999.000,9999.000,9999.000,9999.000,9999.000
202604290054,   0.480,   0.669,9999.000,9999.000,9999.000,9999.000,9999.000,9999.000,9999.000
202604290100,   0.477,   0.669,   0.200,  -0.008,   0.669,   0.200,   0.669,   0.200,   0.669
202604290106,   0.473,   0.669,9999.000,9999.000,9999.000,9999.000,9999.000,9999.000,9999.000
202604290112,   0.470,   0.678,9999.000,9999.000,9999.000,9999.000,9999.000,9999.000,9999.000
202604290118,   0.466,   0.678,9999.000,9999.000,9999.000,9999.000,9999.000,9999.000,9999.000
202604290124,   0.462,   0.669,9999.000,9999.000,9999.000,9999.000,9999.000,9999.000,9999.000
202604290130,   0.458,   0.659,9999.000,9999.000,9999.000,9999.000,9999.000,9999.000,9999.000
202604290136,   0.454,   0.649,9999.000,9999.000,9999.000,9999.000,9999.000,9999.000,9999.000
202604290142,   0.450,   0.649,9999.000,9999.000,9999.000,9999.000,9999.000,9999.000,9999.000
202604290148,   0.445,   0.649,9999.000,9999.000,9999.000,9999.000,9999.000,9999.000,9999.000
202604290154,   0.441,   0.649,9999.000,9999.000,9999.000,9999.000,9999.000,9999.000,9999.000
202604290200,   0.436,   0.649,   0.200,   0.013,   0.649,   0.200,   0.649,   0.200,   0.649
202604290206,   0.431,   0.639,9999.000,9999.000,9999.000,9999.000,9999.000,9999.000,9999.000
202604290212,   0.426,   0.629,9999.000,9999.000,9999.000,9999.000,9999.000,9999.000,9999.000
202604290218,   0.421,   0.629,9999.000,9999.000,9999.000,9999.000,9999.000,9999.000,9999.000
202604290224,   0.417,   0.619,9999.000,9999.000,9999.000,9999.000,9999.000,9999.000,9999.000
202604290230,   0.412,   0.629,9999.000,9999.000,9999.000,9999.000,9999.000,9999.000,9999.000
202604290236,   0.407,   0.619,9999.000,9999.000,9999.000,9999.000,9999.000,9999.000,9999.000
202604290242,   0.402,   0.610,9999.000,9999.000,9999.000,9999.000,9999.000,9999.000,9999.000
202604290248,   0.397,   0.619,9999.000,9999.000,9999.000,9999.000,9999.000,9999.000,9999.000
202604290254,   0.392,   0.610,9999.000,9999.000,9999.000,9999.000,9999.000,9999.000,9999.000
202604290300,   0.387,   0.600,   0.200,   0.013,   0.600,   0.200,   0.600,   0.200,   0.600
202604290306,   0.382,   0.600,9999.000,9999.000,9999.000,9999.000,9999.000,9999.000,9999.000
202604290312,   0.378,   0.590,9999.000,9999.000,9999.000,9999.000,9999.000,9999.000,9999.000
202604290318,   0.373,   0.590,9999.000,9999.000,9999.000,9999.000,9999.000,9999.000,9999.000
202604290324,   0.368,   0.590,9999.000,9999.000,9999.000,9999.000,9999.000,9999.000,9999.000
202604290330,   0.364,   0.580,9999.000,9999.000,9999.000,9999.000,9999.000,9999.000,9999.000
202604290336,   0.360,   0.580,9999.000,9999.000,9999.000,9999.000,9999.000,9999.000,9999.000
202604290342,   0.356,   0.580,9999.000,9999.000,9999.000,9999.000,9999.000,9999.000,9999.000
202604290348,   0.352,   0.570,9999.000,9999.000,9999.000,9999.000,9999.000,9999.000,9999.000
202604290354,   0.348,   0.551,9999.000,9999.000,9999.000,9999.000,9999.000,9999.000,9999.000
202604290400,   0.345,   0.560,   0.200,   0.015,   0.560,   0.200,   0.560,   0.300,   0.660
202604290406,   0.342,   0.551,9999.000,9999.000,9999.000,9999.000,9999.000,9999.000,9999.000
202604290412,   0.339,   0.551,9999.000,9999.000,9999.000,9999.000,9999.000,9999.000,9999.000
202604290418,   0.336,   0.531,9999.000,9999.000,9999.000,9999.000,9999.000,9999.000,9999.000
202604290424,   0.334,   0.531,9999.000,9999.000,9999.000,9999.000,9999.000,9999.000,9999.000
202604290430,   0.331,   0.531,9999.000,9999.000,9999.000,9999.000,9999.000,9999.000,9999.000
202604290436,   0.329,   0.518,9999.000,9999.000,9999.000,9999.000,9999.000,9999.000,9999.000
202604290442,   0.328,   0.518,9999.000,9999.000,9999.000,9999.000,9999.000,9999.000,9999.000
202604290448,   0.326,   0.508,9999.000,9999.000,9999.000,9999.000,9999.000,9999.000,9999.000
202604290454,   0.325,   0.508,9999.000,9999.000,9999.000,9999.000,9999.000,9999.000,9999.000
202604290500,   0.324,   0.498,   0.300,  -0.126,   0.498,   0.200,   0.398,   0.300,   0.498
202604290506,   0.324,   0.508,9999.000,9999.000,9999.000,9999.000,9999.000,9999.000,9999.000
202604290512,   0.323,   0.498,9999.000,9999.000,9999.000,9999.000,9999.000,9999.000,9999.000
202604290518,   0.323,   0.508,9999.000,9999.000,9999.000,9999.000,9999.000,9999.000,9999.000
202604290524,   0.324,   0.498,9999.000,9999.000,9999.000,9999.000,9999.000,9999.000,9999.000
202604290530,   0.324,   0.478,9999.000,9999.000,9999.000,9999.000,9999.000,9999.000,9999.000
202604290536,   0.325,   0.478,9999.000,9999.000,9999.000,9999.000,9999.000,9999.000,9999.000
202604290542,   0.326,   0.478,9999.000,9999.000,9999.000,9999.000,9999.000,9999.000,9999.000
202604290548,   0.327,   0.469,9999.000,9999.000,9999.000,9999.000,9999.000,9999.000,9999.000
202604290554,   0.328,   0.469,9999.000,9999.000,9999.000,9999.000,9999.000,9999.000,9999.000
202604290600,   0.330,   0.469,   0.300,  -0.161,   0.469,   0.300,   0.469,   0.300,   0.469
202604290606,   0.331,   0.459,9999.000,9999.000,9999.000,9999.000,9999.000,9999.000,9999.000
202604290612,   0.333,   0.478,9999.000,9999.000,9999.000,9999.000,9999.000,9999.000,9999.000
202604290618,   0.335,   0.469,9999.000,9999.000,9999.000,9999.000,9999.000,9999.000,9999.000
202604290624,   0.337,   0.459,9999.000,9999.000,9999.000,9999.000,9999.000,9999.000,9999.000
202604290630,   0.339,   0.459,9999.000,9999.000,9999.000,9999.000,9999.000,9999.000,9999.000
202604290636,   0.342,   0.469,9999.000,9999.000,9999.000,9999.000,9999.000,9999.000,9999.000
202604290642,   0.344,   0.459,9999.000,9999.000,9999.000,9999.000,9999.000,9999.000,9999.000
202604290648,   0.346,   0.459,9999.000,9999.000,9999.000,9999.000,9999.000,9999.000,9999.000
202604290654,   0.348,   0.459,9999.000,9999.000,9999.000,9999.000,9999.000,9999.000,9999.000
202604290700,   0.351,   0.459,   0.300,  -0.192,   0.459,   0.300,   0.459,   0.300,   0.459
202604290706,   0.353,   0.469,9999.000,9999.000,9999.000,9999.000,9999.000,9999.000,9999.000
202604290712,   0.355,   0.459,9999.000,9999.000,9999.000,9999.000,9999.000,9999.000,9999.000
202604290718,   0.357,   0.469,9999.000,9999.000,9999.000,9999.000,9999.000,9999.000,9999.000
202604290724,   0.359,   0.469,9999.000,9999.000,9999.000,9999.000,9999.000,9999.000,9999.000
202604290730,   0.360,   0.469,9999.000,9999.000,9999.000,9999.000,9999.000,9999.000,9999.000
202604290736,   0.362,   0.478,9999.000,9999.000,9999.000,9999.000,9999.000,9999.000,9999.000
202604290742,   0.363,   0.488,9999.000,9999.000,9999.000,9999.000,9999.000,9999.000,9999.000
202604290748,   0.364,   0.478,9999.000,9999.000,9999.000,9999.000,9999.000,9999.000,9999.000
202604290754,   0.365,   0.478,9999.000,9999.000,9999.000,9999.000,9999.000,9999.000,9999.000
202604290800,   0.366,   0.498,   0.300,  -0.168,   0.498,   0.300,   0.498,   0.300,   0.498
202604290806,   0.366,   0.508,9999.000,9999.000,9999.000,9999.000,9999.000,9999.000,9999.000
202604290812,   0.366,   0.498,9999.000,9999.000,9999.000,9999.000,9999.000,9999.000,9999.000
202604290818,   0.366,   0.518,9999.000,9999.000,9999.000,9999.000,9999.000,9999.000,9999.000
202604290824,   0.366,   0.518,9999.000,9999.000,9999.000,9999.000,9999.000,9999.000,9999.000
202604290830,   0.365,   0.518,9999.000,9999.000,9999.000,9999.000,9999.000,9999.000,9999.000
202604290836,   0.364,   0.508,9999.000,9999.000,9999.000,9999.000,9999.000,9999.000,9999.000
202604290842,   0.362,   0.498,9999.000,9999.000,9999.000,9999.000,9999.000,9999.000,9999.000
202604290848,   0.361,   0.518,9999.000,9999.000,9999.000,9999.000,9999.000,9999.000,9999.000
202604290854,   0.358,   0.508,9999.000,9999.000,9999.000,9999.000,9999.000,9999.000,9999.000
202604290900,   0.356,   0.508,   0.300,  -0.148,   0.508,   0.300,   0.508,   0.300,   0.508
202604290906,   0.353,   0.518,9999.000,9999.000,9999.000,9999.000,9999.000,9999.000,9999.000
202604290912,   0.350,   0.518,9999.000,9999.000,9999.000,9999.000,9999.000,9999.000,9999.000
202604290918,   0.347,   0.498,9999.000,9999.000,9999.000,9999.000,9999.000,9999.000,9999.000
202604290924,   0.343,   0.498,9999.000,9999.000,9999.000,9999.000,9999.000,9999.000,9999.000
202604290930,   0.339,   0.488,9999.000,9999.000,9999.000,9999.000,9999.000,9999.000,9999.000
202604290936,   0.334,   0.478,9999.000,9999.000,9999.000,9999.000,9999.000,9999.000,9999.000
202604290942,   0.330,   0.478,9999.000,9999.000,9999.000,9999.000,9999.000,9999.000,9999.000
202604290948,   0.324,   0.469,9999.000,9999.000,9999.000,9999.000,9999.000,9999.000,9999.000
202604290954,   0.319,   0.459,9999.000,9999.000,9999.000,9999.000,9999.000,9999.000,9999.000
202604291000,   0.314,   0.449,   0.300,  -0.165,   0.449,   0.300,   0.449,   0.300,   0.449
202604291006,   0.308,   0.449,9999.000,9999.000,9999.000,9999.000,9999.000,9999.000,9999.000
202604291012,   0.302,   0.439,9999.000,9999.000,9999.000,9999.000,9999.000,9999.000,9999.000
202604291018,   0.295,   0.429,9999.000,9999.000,9999.000,9999.000,9999.000,9999.000,9999.000
202604291024,   0.289,   0.429,9999.000,9999.000,9999.000,9999.000,9999.000,9999.000,9999.000
202604291030,   0.282,   0.409,9999.000,9999.000,9999.000,9999.000,9999.000,9999.000,9999.000
202604291036,   0.275,   0.409,9999.000,9999.000,9999.000,9999.000,9999.000,9999.000,9999.000
202604291042,   0.268,   0.400,9999.000,9999.000,9999.000,9999.000,9999.000,9999.000,9999.000
202604291048,   0.261,   0.380,9999.000,9999.000,9999.000,9999.000,9999.000,9999.000,9999.000
202604291054,   0.253,   0.370,9999.000,9999.000,9999.000,9999.000,9999.000,9999.000,9999.000
202604291100,   0.246,   0.370,   0.300,  -0.176,   0.370,   0.300,   0.370,   0.300,   0.370
202604291106,   0.238,   0.360,9999.000,9999.000,9999.000,9999.000,9999.000,9999.000,9999.000
202604291112,   0.230,   0.360,9999.000,9999.000,9999.000,9999.000,9999.000,9999.000,9999.000
202604291118,   0.222,   0.360,9999.000,9999.000,9999.000,9999.000,9999.000,9999.000,9999.000
202604291124,   0.215,   0.360,9999.000,9999.000,9999.000,9999.000,9999.000,9999.000,9999.000
202604291130,   0.207,   0.360,9999.000,9999.000,9999.000,9999.000,9999.000,9999.000,9999.000
202604291136,   0.199,   0.341,9999.000,9999.000,9999.000,9999.000,9999.000,9999.000,9999.000
202604291142,   0.191,   0.321,9999.000,9999.000,9999.000,9999.000,9999.000,9999.000,9999.000
202604291148,   0.183,   0.308,9999.000,9999.000,9999.000,9999.000,9999.000,9999.000,9999.000
202604291154,   0.174,   0.298,9999.000,9999.000,9999.000,9999.000,9999.000,9999.000,9999.000
202604291200,   0.166,   0.288,   0.200,  -0.078,   0.288,   0.200,   0.288,   0.200,   0.288
202604291206,   0.158,   0.288,9999.000,9999.000,9999.000,9999.000,9999.000,9999.000,9999.000
202604291212,   0.150,   0.268,9999.000,9999.000,9999.000,9999.000,9999.000,9999.000,9999.000
202604291218,   0.142,   0.259,9999.000,9999.000,9999.000,9999.000,9999.000,9999.000,9999.000
202604291224,   0.135,   0.249,9999.000,9999.000,9999.000,9999.000,9999.000,9999.000,9999.000
202604291230,   0.127,   0.239,9999.000,9999.000,9999.000,9999.000,9999.000,9999.000,9999.000
202604291236,   0.119,   0.239,9999.000,9999.000,9999.000,9999.000,9999.000,9999.000,9999.000
202604291242,   0.111,   0.239,9999.000,9999.000,9999.000,9999.000,9999.000,9999.000,9999.000
202604291248,   0.103,   0.249,9999.000,9999.000,9999.000,9999.000,9999.000,9999.000,9999.000
202604291254,   0.096,   0.249,9999.000,9999.000,9999.000,9999.000,9999.000,9999.000,9999.000
202604291300,   0.088,   0.229,   0.200,  -0.059,   0.229,   0.200,   0.229,   0.200,   0.229
202604291306,   0.081,   0.219,9999.000,9999.000,9999.000,9999.000,9999.000,9999.000,9999.000
202604291312,   0.073,   0.219,9999.000,9999.000,9999.000,9999.000,9999.000,9999.000,9999.000
202604291318,   0.066,   0.219,9999.000,9999.000,9999.000,9999.000,9999.000,9999.000,9999.000
202604291324,   0.059,   0.209,9999.000,9999.000,9999.000,9999.000,9999.000,9999.000,9999.000
202604291330,   0.052,   0.209,9999.000,9999.000,9999.000,9999.000,9999.000,9999.000,9999.000
202604291336,   0.045,   0.200,9999.000,9999.000,9999.000,9999.000,9999.000,9999.000,9999.000
202604291342,   0.038,   0.190,9999.000,9999.000,9999.000,9999.000,9999.000,9999.000,9999.000
202604291348,   0.031,   0.190,9999.000,9999.000,9999.000,9999.000,9999.000,9999.000,9999.000
202604291354,   0.025,   0.190,9999.000,9999.000,9999.000,9999.000,9999.000,9999.000,9999.000
202604291400,   0.018,   0.190,   0.200,  -0.028,   0.190,   0.200,   0.190,   0.200,   0.190
202604291406,   0.012,   0.180,9999.000,9999.000,9999.000,9999.000,9999.000,9999.000,9999.000
202604291412,   0.006,   0.160,9999.000,9999.000,9999.000,9999.000,9999.000,9999.000,9999.000
202604291418,   0.000,   0.160,9999.000,9999.000,9999.000,9999.000,9999.000,9999.000,9999.000
202604291424,  -0.005,   0.150,9999.000,9999.000,9999.000,9999.000,9999.000,9999.000,9999.000
202604291430,  -0.010,   0.141,9999.000,9999.000,9999.000,9999.000,9999.000,9999.000,9999.000
202604291436,  -0.015,   0.150,9999.000,9999.000,9999.000,9999.000,9999.000,9999.000,9999.000
202604291442,  -0.021,   0.160,9999.000,9999.000,9999.000,9999.000,9999.000,9999.000,9999.000
202604291448,  -0.026,   0.160,9999.000,9999.000,9999.000,9999.000,9999.000,9999.000,9999.000
202604291454,  -0.030,   0.160,9999.000,9999.000,9999.000,9999.000,9999.000,9999.000,9999.000
202604291500,  -0.035,   0.150,   0.200,  -0.015,   0.150,   0.200,   0.150,   0.200,   0.150
202604291506,  -0.039,   0.150,9999.000,9999.000,9999.000,9999.000,9999.000,9999.000,9999.000
202604291512,  -0.043,   0.160,9999.000,9999.000,9999.000,9999.000,9999.000,9999.000,9999.000
202604291518,  -0.046,   0.150,9999.000,9999.000,9999.000,9999.000,9999.000,9999.000,9999.000
202604291524,  -0.049,   0.141,9999.000,9999.000,9999.000,9999.000,9999.000,9999.000,9999.000
202604291530,  -0.052,   0.150,9999.000,9999.000,9999.000,9999.000,9999.000,9999.000,9999.000
202604291536,  -0.055,   0.150,9999.000,9999.000,9999.000,9999.000,9999.000,9999.000,9999.000
202604291542,  -0.057,   0.160,9999.000,9999.000,9999.000,9999.000,9999.000,9999.000,9999.000
202604291548,  -0.059,   0.160,9999.000,9999.000,9999.000,9999.000,9999.000,9999.000,9999.000
202604291554,  -0.060,   0.160,9999.000,9999.000,9999.000,9999.000,9999.000,9999.000,9999.000
202604291600,  -0.061,   0.160,   0.200,   0.021,   0.160,   0.200,   0.160,   0.200,   0.160
202604291606,  -0.062,   0.160,9999.000,9999.000,9999.000,9999.000,9999.000,9999.000,9999.000
202604291612,  -0.062,   0.160,9999.000,9999.000,9999.000,9999.000,9999.000,9999.000,9999.000
202604291618,  -0.062,   0.170,9999.000,9999.000,9999.000,9999.000,9999.000,9999.000,9999.000
202604291624,  -0.061,   0.160,9999.000,9999.000,9999.000,9999.000,9999.000,9999.000,9999.000
202604291630,  -0.060,   0.170,9999.000,9999.000,9999.000,9999.000,9999.000,9999.000,9999.000
202604291636,  -0.058,   0.150,9999.000,9999.000,9999.000,9999.000,9999.000,9999.000,9999.000
202604291642,  -0.056,   0.160,9999.000,9999.000,9999.000,9999.000,9999.000,9999.000,9999.000
202604291648,  -0.053,   0.160,9999.000,9999.000,9999.000,9999.000,9999.000,9999.000,9999.000
202604291654,  -0.050,   0.160,9999.000,9999.000,9999.000,9999.000,9999.000,9999.000,9999.000
202604291700,  -0.046,   0.160,   0.200,   0.006,   0.160,   0.200,   0.160,   0.200,   0.160
202604291706,  -0.042,   0.160,9999.000,9999.000,9999.000,9999.000,9999.000,9999.000,9999.000
202604291712,  -0.037,   0.160,9999.000,9999.000,9999.000,9999.000,9999.000,9999.000,9999.000
202604291718,  -0.032,   0.150,9999.000,9999.000,9999.000,9999.000,9999.000,9999.000,9999.000
202604291724,  -0.026,   0.160,9999.000,9999.000,9999.000,9999.000,9999.000,9999.000,9999.000
202604291730,  -0.019,   0.160,9999.000,9999.000,9999.000,9999.000,9999.000,9999.000,9999.000
202604291736,  -0.012,   0.180,9999.000,9999.000,9999.000,9999.000,9999.000,9999.000,9999.000
202604291742,  -0.005,   0.190,9999.000,9999.000,9999.000,9999.000,9999.000,9999.000,9999.000
202604291748,   0.002,   0.200,9999.000,9999.000,9999.000,9999.000,9999.000,9999.000,9999.000
202604291754,   0.011,   0.190,9999.000,9999.000,9999.000,9999.000,9999.000,9999.000,9999.000
202604291800,   0.020,   0.209,   0.100,   0.089,   0.209,   0.100,   0.209,   0.100,   0.209
202604291806,   0.029,   0.219,9999.000,9999.000,9999.000,9999.000,9999.000,9999.000,9999.000
202604291812,   0.039,   0.219,9999.000,9999.000,9999.000,9999.000,9999.000,9999.000,9999.000
202604291818,   0.049,   0.229,9999.000,9999.000,9999.000,9999.000,9999.000,9999.000,9999.000
202604291824,   0.060,   0.229,9999.000,9999.000,9999.000,9999.000,9999.000,9999.000,9999.000
202604291830,   0.071,   0.229,9999.000,9999.000,9999.000,9999.000,9999.000,9999.000,9999.000
202604291836,   0.083,   0.249,9999.000,9999.000,9999.000,9999.000,9999.000,9999.000,9999.000
202604291842,   0.095,   0.249,9999.000,9999.000,9999.000,9999.000,9999.000,9999.000,9999.000
202604291848,   0.107,   0.278,9999.000,9999.000,9999.000,9999.000,9999.000,9999.000,9999.000
202604291854,   0.120,   0.278,9999.000,9999.000,9999.000,9999.000,9999.000,9999.000,9999.000
202604291900,   0.133,   0.298,   0.100,   0.065,   0.298,   0.100,   0.298,   0.100,   0.298
202604291906,   0.146,   0.298,9999.000,9999.000,9999.000,9999.000,9999.000,9999.000,9999.000
202604291912,   0.159,   0.288,9999.000,9999.000,9999.000,9999.000,9999.000,9999.000,9999.000
202604291918,   0.173,   0.308,9999.000,9999.000,9999.000,9999.000,9999.000,9999.000,9999.000
202604291924,   0.187,   0.321,9999.000,9999.000,9999.000,9999.000,9999.000,9999.000,9999.000
202604291930,   0.200,   0.341,9999.000,9999.000,9999.000,9999.000,9999.000,9999.000,9999.000
202604291936,   0.214,   0.350,9999.000,9999.000,9999.000,9999.000,9999.000,9999.000,9999.000
202604291942,   0.228,   0.370,9999.000,9999.000,9999.000,9999.000,9999.000,9999.000,9999.000
202604291948,   0.243,   0.380,9999.000,9999.000,9999.000,9999.000,9999.000,9999.000,9999.000
202604291954,   0.257,   0.380,9999.000,9999.000,9999.000,9999.000,9999.000,9999.000,9999.000
202604292000,   0.271,   0.380,   0.100,   0.009,   0.380,   0.100,   0.380,   0.100,   0.380
202604292006,   0.285,   0.390,9999.000,9999.000,9999.000,9999.000,9999.000,9999.000,9999.000
202604292012,   0.299,   0.409,9999.000,9999.000,9999.000,9999.000,9999.000,9999.000,9999.000
202604292018,   0.313,   0.409,9999.000,9999.000,9999.000,9999.000,9999.000,9999.000,9999.000
202604292024,   0.326,   0.409,9999.000,9999.000,9999.000,9999.000,9999.000,9999.000,9999.000
202604292030,   0.340,   0.449,9999.000,9999.000,9999.000,9999.000,9999.000,9999.000,9999.000
202604292036,   0.353,   0.449,9999.000,9999.000,9999.000,9999.000,9999.000,9999.000,9999.000
202604292042,   0.367,   0.469,9999.000,9999.000,9999.000,9999.000,9999.000,9999.000,9999.000
202604292048,   0.380,   0.488,9999.000,9999.000,9999.000,9999.000,9999.000,9999.000,9999.000
202604292054,   0.392,   0.488,9999.000,9999.000,9999.000,9999.000,9999.000,9999.000,9999.000
202604292100,   0.405,   0.508,   0.100,   0.003,   0.508,   0.100,   0.508,   0.200,   0.608
202604292106,   0.417,   0.518,9999.000,9999.000,9999.000,9999.000,9999.000,9999.000,9999.000
202604292112,   0.429,   0.531,9999.000,9999.000,9999.000,9999.000,9999.000,9999.000,9999.000
202604292118,   0.440,   0.551,9999.000,9999.000,9999.000,9999.000,9999.000,9999.000,9999.000
202604292124,   0.451,   0.551,9999.000,9999.000,9999.000,9999.000,9999.000,9999.000,9999.000
202604292130,   0.462,   0.560,9999.000,9999.000,9999.000,9999.000,9999.000,9999.000,9999.000
202604292136,   0.473,   0.580,9999.000,9999.000,9999.000,9999.000,9999.000,9999.000,9999.000
202604292142,   0.483,   0.590,9999.000,9999.000,9999.000,9999.000,9999.000,9999.000,9999.000
202604292148,   0.492,   0.590,9999.000,9999.000,9999.000,9999.000,9999.000,9999.000,9999.000
202604292154,   0.502,   0.600,9999.000,9999.000,9999.000,9999.000,9999.000,9999.000,9999.000
202604292200,   0.510,   0.610,   0.100,   0.000,   0.610,   0.100,   0.610,   0.200,   0.710
202604292206,   0.519,   0.600,9999.000,9999.000,9999.000,9999.000,9999.000,9999.000,9999.000
202604292212,   0.527,   0.619,9999.000,9999.000,9999.000,9999.000,9999.000,9999.000,9999.000
202604292218,   0.535,   0.619,9999.000,9999.000,9999.000,9999.000,9999.000,9999.000,9999.000
202604292224,   0.542,   0.629,9999.000,9999.000,9999.000,9999.000,9999.000,9999.000,9999.000
202604292230,   0.549,   0.649,9999.000,9999.000,9999.000,9999.000,9999.000,9999.000,9999.000
202604292236,   0.555,   0.659,9999.000,9999.000,9999.000,9999.000,9999.000,9999.000,9999.000
202604292242,   0.561,   0.669,9999.000,9999.000,9999.000,9999.000,9999.000,9999.000,9999.000
202604292248,   0.566,   0.669,9999.000,9999.000,9999.000,9999.000,9999.000,9999.000,9999.000
202604292254,   0.572,   0.669,9999.000,9999.000,9999.000,9999.000,9999.000,9999.000,9999.000
202604292300,   0.576,   0.669,   0.100,  -0.007,   0.669,   0.100,   0.669,   0.200,   0.769
202604292306,   0.581,   0.678,9999.000,9999.000,9999.000,9999.000,9999.000,9999.000,9999.000
202604292312,   0.585,   0.678,9999.000,9999.000,9999.000,9999.000,9999.000,9999.000,9999.000
202604292318,   0.588,   0.669,9999.000,9999.000,9999.000,9999.000,9999.000,9999.000,9999.000
202604292324,   0.591,   0.678,9999.000,9999.000,9999.000,9999.000,9999.000,9999.000,9999.000
202604292330,   0.594,   0.688,9999.000,9999.000,9999.000,9999.000,9999.000,9999.000,9999.000
202604292336,   0.596,   0.698,9999.000,9999.000,9999.000,9999.000,9999.000,9999.000,9999.000
202604292342,   0.598,   0.708,9999.000,9999.000,9999.000,9999.000,9999.000,9999.000,9999.000
202604292348,   0.600,   0.708,9999.000,9999.000,9999.000,9999.000,9999.000,9999.000,9999.000
202604292354,   0.601,   0.718,9999.000,9999.000,9999.000,9999.000,9999.000,9999.000,9999.000
202604300000,   0.602,   0.718,   0.100,   0.016,   0.718,   0.100,   0.718,   0.100,   0.718
202604300006,   0.603,   0.718,9999.000,9999.000,9999.000,9999.000,9999.000,9999.000,9999.000
202604300012,   0.603,   0.741,9999.000,9999.000,9999.000,9999.000,9999.000,9999.000,9999.000
202604300018,   0.603,   0.718,9999.000,9999.000,9999.000,9999.000,9999.000,9999.000,9999.000
202604300024,   0.602,   0.731,9999.000,9999.000,9999.000,9999.000,9999.000,9999.000,9999.000
202604300030,   0.602,   0.731,9999.000,9999.000,9999.000,9999.000,9999.000,9999.000,9999.000
202604300036,   0.601,   0.741,9999.000,9999.000,9999.000,9999.000,9999.000,9999.000,9999.000
202604300042,   0.599,   0.760,9999.000,9999.000,9999.000,9999.000,9999.000,9999.000,9999.000
202604300048,   0.597,   0.751,9999.000,9999.000,9999.000,9999.000,9999.000,9999.000,9999.000
202604300054,   0.595,   0.751,9999.000,9999.000,9999.000,9999.000,9999.000,9999.000,9999.000
202604300100,   0.593,   0.751,   0.100,   0.058,   0.751,   0.100,   0.751,   0.100,   0.751
202604300106,   0.590,   0.760,9999.000,9999.000,9999.000,9999.000,9999.000,9999.000,9999.000
202604300112,   0.588,   0.760,9999.000,9999.000,9999.000,9999.000,9999.000,9999.000,9999.000
202604300118,   0.584,   0.760,9999.000,9999.000,9999.000,9999.000,9999.000,9999.000,9999.000
202604300124,   0.581,   0.741,9999.000,9999.000,9999.000,9999.000,9999.000,9999.000,9999.000
202604300130,   0.577,   0.741,9999.000,9999.000,9999.000,9999.000,9999.000,9999.000,9999.000
202604300136,   0.573,   0.731,9999.000,9999.000,9999.000,9999.000,9999.000,9999.000,9999.000
202604300142,   0.569,   0.731,9999.000,9999.000,9999.000,9999.000,9999.000,9999.000,9999.000
202604300148,   0.565,   0.731,9999.000,9999.000,9999.000,9999.000,9999.000,9999.000,9999.000
202604300154,   0.560,   0.698,9999.000,9999.000,9999.000,9999.000,9999.000,9999.000,9999.000
202604300200,   0.555,   0.708,   0.100,   0.053,   0.708,   0.100,   0.708,   0.200,   0.808
202604300206,   0.550,   0.708,9999.000,9999.000,9999.000,9999.000,9999.000,9999.000,9999.000
202604300212,   0.544,   0.698,9999.000,9999.000,9999.000,9999.000,9999.000,9999.000,9999.000
202604300218,   0.539,   0.688,9999.000,9999.000,9999.000,9999.000,9999.000,9999.000,9999.000
202604300224,   0.533,   0.669,9999.000,9999.000,9999.000,9999.000,9999.000,9999.000,9999.000
202604300230,   0.527,   0.678,9999.000,9999.000,9999.000,9999.000,9999.000,9999.000,9999.000
202604300236,   0.521,   0.659,9999.000,9999.000,9999.000,9999.000,9999.000,9999.000,9999.000
202604300242,   0.515,   0.659,9999.000,9999.000,9999.000,9999.000,9999.000,9999.000,9999.000
202604300248,   0.509,   0.659,9999.000,9999.000,9999.000,9999.000,9999.000,9999.000,9999.000
202604300254,   0.502,   0.649,9999.000,9999.000,9999.000,9999.000,9999.000,9999.000,9999.000
202604300300,   0.496,   0.659,   0.100,   0.063,   0.659,   0.100,   0.659,   0.100,   0.659
202604300306,   0.489,   0.639,9999.000,9999.000,9999.000,9999.000,9999.000,9999.000,9999.000
202604300312,   0.482,   0.629,9999.000,9999.000,9999.000,9999.000,9999.000,9999.000,9999.000
202604300318,   0.475,   0.629,9999.000,9999.000,9999.000,9999.000,9999.000,9999.000,9999.000
202604300324,   0.468,   0.619,9999.000,9999.000,9999.000,9999.000,9999.000,9999.000,9999.000
202604300330,   0.462,   0.610,9999.000,9999.000,9999.000,9999.000,9999.000,9999.000,9999.000
202604300336,   0.455,   0.600,9999.000,9999.000,9999.000,9999.000,9999.000,9999.000,9999.000
202604300342,   0.448,   0.600,9999.000,9999.000,9999.000,9999.000,9999.000,9999.000,9999.000
202604300348,   0.441,   0.580,9999.000,9999.000,9999.000,9999.000,9999.000,9999.000,9999.000
202604300354,   0.434,   0.590,9999.000,9999.000,9999.000,9999.000,9999.000,9999.000,9999.000
202604300400,   0.428,   0.570,   0.100,   0.042,   0.570,   0.100,   0.570,   0.200,   0.670
202604300406,   0.421,   0.570,9999.000,9999.000,9999.000,9999.000,9999.000,9999.000,9999.000
202604300412,   0.415,   0.570,9999.000,9999.000,9999.000,9999.000,9999.000,9999.000,9999.000
202604300418,   0.408,   0.570,9999.000,9999.000,9999.000,9999.000,9999.000,9999.000,9999.000
202604300424,   0.402,   0.560,9999.000,9999.000,9999.000,9999.000,9999.000,9999.000,9999.000
202604300430,   0.396,   0.551,9999.000,9999.000,9999.000,9999.000,9999.000,9999.000,9999.000
202604300436,   0.390,   0.551,9999.000,9999.000,9999.000,9999.000,9999.000,9999.000,9999.000
202604300442,   0.384,   0.541,9999.000,9999.000,9999.000,9999.000,9999.000,9999.000,9999.000
202604300448,   0.380,   0.531,9999.000,9999.000,9999.000,9999.000,9999.000,9999.000,9999.000
202604300454,   0.373,   0.541,9999.000,9999.000,9999.000,9999.000,9999.000,9999.000,9999.000
202604300500,   0.368,   0.531,   0.200,  -0.037,   0.531,   0.200,   0.531,   0.200,   0.531
202604300506,   0.363,   0.518,9999.000,9999.000,9999.000,9999.000,9999.000,9999.000,9999.000
202604300512,   0.359,   0.518,9999.000,9999.000,9999.000,9999.000,9999.000,9999.000,9999.000
202604300518,   0.354,   0.518,9999.000,9999.000,9999.000,9999.000,9999.000,9999.000,9999.000
202604300524,   0.350,   0.508,9999.000,9999.000,9999.000,9999.000,9999.000,9999.000,9999.000
202604300530,   0.346,   0.498,9999.000,9999.000,9999.000,9999.000,9999.000,9999.000,9999.000
202604300536,   0.343,   0.498,9999.000,9999.000,9999.000,9999.000,9999.000,9999.000,9999.000
202604300542,   0.339,   0.478,9999.000,9999.000,9999.000,9999.000,9999.000,9999.000,9999.000
202604300548,   0.336,   0.469,9999.000,9999.000,9999.000,9999.000,9999.000,9999.000,9999.000
202604300554,   0.333,   0.449,9999.000,9999.000,9999.000,9999.000,9999.000,9999.000,9999.000
202604300600,   0.331,   0.449,   0.200,  -0.082,   0.449,   0.200,   0.449,   0.200,   0.449
202604300606,   0.328,   0.429,9999.000,9999.000,9999.000,9999.000,9999.000,9999.000,9999.000
202604300612,   0.326,   0.429,9999.000,9999.000,9999.000,9999.000,9999.000,9999.000,9999.000
202604300618,   0.325,   0.419,9999.000,9999.000,9999.000,9999.000,9999.000,9999.000,9999.000
202604300624,   0.323,   0.419,9999.000,9999.000,9999.000,9999.000,9999.000,9999.000,9999.000
202604300630,   0.321,   0.429,9999.000,9999.000,9999.000,9999.000,9999.000,9999.000,9999.000
202604300636,   0.320,   0.419,9999.000,9999.000,9999.000,9999.000,9999.000,9999.000,9999.000
202604300642,   0.319,   0.409,9999.000,9999.000,9999.000,9999.000,9999.000,9999.000,9999.000
202604300648,   0.318,   0.419,9999.000,9999.000,9999.000,9999.000,9999.000,9999.000,9999.000
202604300654,   0.318,   0.409,9999.000,9999.000,9999.000,9999.000,9999.000,9999.000,9999.000
202604300700,   0.317,   0.400,   0.200,  -0.117,   0.400,   0.200,   0.400,   0.200,   0.400
202604300706,   0.317,   0.409,9999.000,9999.000,9999.000,9999.000,9999.000,9999.000,9999.000
202604300712,   0.316,   0.429,9999.000,9999.000,9999.000,9999.000,9999.000,9999.000,9999.000
202604300718,   0.316,   0.419,9999.000,9999.000,9999.000,9999.000,9999.000,9999.000,9999.000
202604300724,   0.316,   0.409,9999.000,9999.000,9999.000,9999.000,9999.000,9999.000,9999.000
202604300730,   0.316,   0.409,9999.000,9999.000,9999.000,9999.000,9999.000,9999.000,9999.000
202604300736,   0.315,   0.409,9999.000,9999.000,9999.000,9999.000,9999.000,9999.000,9999.000
202604300742,   0.315,   0.409,9999.000,9999.000,9999.000,9999.000,9999.000,9999.000,9999.000
202604300748,   0.315,   0.409,9999.000,9999.000,9999.000,9999.000,9999.000,9999.000,9999.000
202604300754,   0.314,   0.409,9999.000,9999.000,9999.000,9999.000,9999.000,9999.000,9999.000
202604300800,   0.314,   0.409,   0.200,  -0.105,   0.409,   0.200,   0.409,   0.300,   0.509
202604300806,   0.314,   0.409,9999.000,9999.000,9999.000,9999.000,9999.000,9999.000,9999.000
202604300812,   0.313,   0.409,9999.000,9999.000,9999.000,9999.000,9999.000,9999.000,9999.000
202604300818,   0.312,   0.409,9999.000,9999.000,9999.000,9999.000,9999.000,9999.000,9999.000
202604300824,   0.311,   0.409,9999.000,9999.000,9999.000,9999.000,9999.000,9999.000,9999.000
202604300830,   0.310,   0.409,9999.000,9999.000,9999.000,9999.000,9999.000,9999.000,9999.000
202604300836,   0.309,   0.400,9999.000,9999.000,9999.000,9999.000,9999.000,9999.000,9999.000
202604300842,   0.307,   0.400,9999.000,9999.000,9999.000,9999.000,9999.000,9999.000,9999.000
202604300848,   0.305,   0.409,9999.000,9999.000,9999.000,9999.000,9999.000,9999.000,9999.000
202604300854,   0.303,   0.419,9999.000,9999.000,9999.000,9999.000,9999.000,9999.000,9999.000
202604300900,   0.301,   0.419,   0.200,  -0.082,   0.419,   0.200,   0.419,   0.300,   0.519
202604300906,   0.298,   0.419,9999.000,9999.000,9999.000,9999.000,9999.000,9999.000,9999.000
202604300912,   0.296,   0.429,9999.000,9999.000,9999.000,9999.000,9999.000,9999.000,9999.000
202604300918,   0.293,   0.449,9999.000,9999.000,9999.000,9999.000,9999.000,9999.000,9999.000
202604300924,   0.289,   0.429,9999.000,9999.000,9999.000,9999.000,9999.000,9999.000,9999.000
202604300930,   0.285,   0.439,9999.000,9999.000,9999.000,9999.000,9999.000,9999.000,9999.000
202604300936,   0.281,   0.449,9999.000,9999.000,9999.000,9999.000,9999.000,9999.000,9999.000
202604300942,   0.277,   0.439,9999.000,9999.000,9999.000,9999.000,9999.000,9999.000,9999.000
202604300948,   0.272,   0.429,9999.000,9999.000,9999.000,9999.000,9999.000,9999.000,9999.000
202604300954,   0.267,   0.429,9999.000,9999.000,9999.000,9999.000,9999.000,9999.000,9999.000
202604301000,   0.262,   0.429,   0.200,  -0.033,   0.429,   0.200,   0.429,   0.300,   0.529
202604301006,   0.257,   0.419,9999.000,9999.000,9999.000,9999.000,9999.000,9999.000,9999.000
202604301012,   0.251,   0.409,9999.000,9999.000,9999.000,9999.000,9999.000,9999.000,9999.000
202604301018,   0.245,   0.400,9999.000,9999.000,9999.000,9999.000,9999.000,9999.000,9999.000
202604301024,   0.238,   0.390,9999.000,9999.000,9999.000,9999.000,9999.000,9999.000,9999.000
202604301030,   0.232,   0.400,9999.000,9999.000,9999.000,9999.000,9999.000,9999.000,9999.000
202604301036,   0.225,   0.390,9999.000,9999.000,9999.000,9999.000,9999.000,9999.000,9999.000
202604301042,   0.217,   0.370,9999.000,9999.000,9999.000,9999.000,9999.000,9999.000,9999.000
202604301048,   0.210,   0.370,9999.000,9999.000,9999.000,9999.000,9999.000,9999.000,9999.000
202604301054,   0.203,   0.360,9999.000,9999.000,9999.000,9999.000,9999.000,9999.000,9999.000
202604301100,   0.195,   0.350,   0.200,  -0.045,   0.350,   0.200,   0.350,   0.300,   0.450
202604301106,   0.187,   0.341,9999.000,9999.000,9999.000,9999.000,9999.000,9999.000,9999.000
202604301112,   0.179,   0.341,9999.000,9999.000,9999.000,9999.000,9999.000,9999.000,9999.000
202604301118,   0.170,   0.331,9999.000,9999.000,9999.000,9999.000,9999.000,9999.000,9999.000
202604301124,   0.162,   0.331,9999.000,9999.000,9999.000,9999.000,9999.000,9999.000,9999.000
202604301130,   0.153,   0.321,9999.000,9999.000,9999.000,9999.000,9999.000,9999.000,9999.000
202604301136,   0.145,   0.298,9999.000,9999.000,9999.000,9999.000,9999.000,9999.000,9999.000
202604301142,   0.136,   0.288,9999.000,9999.000,9999.000,9999.000,9999.000,9999.000,9999.000
202604301148,   0.127,   0.278,9999.000,9999.000,9999.000,9999.000,9999.000,9999.000,9999.000
202604301154,   0.118,9999.000,9999.000,9999.000,9999.000,9999.000,9999.000,9999.000,9999.000
202604301200,   0.109,9999.000,   0.200,  -0.043,   0.266,   0.200,   0.266,   0.200,   0.266
202604301206,   0.100,9999.000,9999.000,9999.000,9999.000,9999.000,9999.000,9999.000,9999.000
202604301212,   0.092,9999.000,9999.000,9999.000,9999.000,9999.000,9999.000,9999.000,9999.000
202604301218,   0.083,9999.000,9999.000,9999.000,9999.000,9999.000,9999.000,9999.000,9999.000
202604301224,   0.074,9999.000,9999.000,9999.000,9999.000,9999.000,9999.000,9999.000,9999.000
202604301230,   0.065,9999.000,9999.000,9999.000,9999.000,9999.000,9999.000,9999.000,9999.000
202604301236,   0.056,9999.000,9999.000,9999.000,9999.000,9999.000,9999.000,9999.000,9999.000
202604301242,   0.047,9999.000,9999.000,9999.000,9999.000,9999.000,9999.000,9999.000,9999.000
202604301248,   0.039,9999.000,9999.000,9999.000,9999.000,9999.000,9999.000,9999.000,9999.000
202604301254,   0.030,9999.000,9999.000,9999.000,9999.000,9999.000,9999.000,9999.000,9999.000
202604301300,   0.021,9999.000,   0.200,  -0.041,   0.180,   0.200,   0.180,   0.200,   0.180
202604301306,   0.013,9999.000,9999.000,9999.000,9999.000,9999.000,9999.000,9999.000,9999.000
202604301312,   0.005,9999.000,9999.000,9999.000,9999.000,9999.000,9999.000,9999.000,9999.000
202604301318,  -0.002,9999.000,9999.000,9999.000,9999.000,9999.000,9999.000,9999.000,9999.000
202604301324,  -0.010,9999.000,9999.000,9999.000,9999.000,9999.000,9999.000,9999.000,9999.000
202604301330,  -0.018,9999.000,9999.000,9999.000,9999.000,9999.000,9999.000,9999.000,9999.000
202604301336,  -0.026,9999.000,9999.000,9999.000,9999.000,9999.000,9999.000,9999.000,9999.000
202604301342,  -0.034,9999.000,9999.000,9999.000,9999.000,9999.000,9999.000,9999.000,9999.000
202604301348,  -0.041,9999.000,9999.000,9999.000,9999.000,9999.000,9999.000,9999.000,9999.000
202604301354,  -0.048,9999.000,9999.000,9999.000,9999.000,9999.000,9999.000,9999.000,9999.000
202604301400,  -0.055,9999.000,   0.200,  -0.039,   0.106,   0.200,   0.106,   0.200,   0.106
202604301406,  -0.062,9999.000,9999.000,9999.000,9999.000,9999.000,9999.000,9999.000,9999.000
202604301412,  -0.069,9999.000,9999.000,9999.000,9999.000,9999.000,9999.000,9999.000,9999.000
202604301418,  -0.076,9999.000,9999.000,9999.000,9999.000,9999.000,9999.000,9999.000,9999.000
202604301424,  -0.082,9999.000,9999.000,9999.000,9999.000,9999.000,9999.000,9999.000,9999.000
202604301430,  -0.088,9999.000,9999.000,9999.000,9999.000,9999.000,9999.000,9999.000,9999.000
202604301436,  -0.094,9999.000,9999.000,9999.000,9999.000,9999.000,9999.000,9999.000,9999.000
202604301442,  -0.099,9999.000,9999.000,9999.000,9999.000,9999.000,9999.000,9999.000,9999.000
202604301448,  -0.105,9999.000,9999.000,9999.000,9999.000,9999.000,9999.000,9999.000,9999.000
202604301454,  -0.110,9999.000,9999.000,9999.000,9999.000,9999.000,9999.000,9999.000,9999.000
202604301500,  -0.115,9999.000,   0.200,  -0.037,   0.048,   0.200,   0.048,   0.200,   0.048
202604301506,  -0.120,9999.000,9999.000,9999.000,9999.000,9999.000,9999.000,9999.000,9999.000
202604301512,  -0.124,9999.000,9999.000,9999.000,9999.000,9999.000,9999.000,9999.000,9999.000
202604301518,  -0.128,9999.000,9999.000,9999.000,9999.000,9999.000,9999.000,9999.000,9999.000
202604301524,  -0.132,9999.000,9999.000,9999.000,9999.000,9999.000,9999.000,9999.000,9999.000
202604301530,  -0.135,9999.000,9999.000,9999.000,9999.000,9999.000,9999.000,9999.000,9999.000
202604301536,  -0.139,9999.000,9999.000,9999.000,9999.000,9999.000,9999.000,9999.000,9999.000
202604301542,  -0.141,9999.000,9999.000,9999.000,9999.000,9999.000,9999.000,9999.000,9999.000
202604301548,  -0.144,9999.000,9999.000,9999.000,9999.000,9999.000,9999.000,9999.000,9999.000
202604301554,  -0.146,9999.000,9999.000,9999.000,9999.000,9999.000,9999.000,9999.000,9999.000
202604301600,  -0.148,9999.000,   0.200,  -0.035,   0.017,   0.200,   0.017,   0.200,   0.017
202604301606,  -0.149,9999.000,9999.000,9999.000,9999.000,9999.000,9999.000,9999.000,9999.000
202604301612,  -0.150,9999.000,9999.000,9999.000,9999.000,9999.000,9999.000,9999.000,9999.000
202604301618,  -0.151,9999.000,9999.000,9999.000,9999.000,9999.000,9999.000,9999.000,9999.000
202604301624,  -0.151,9999.000,9999.000,9999.000,9999.000,9999.000,9999.000,9999.000,9999.000
202604301630,  -0.151,9999.000,9999.000,9999.000,9999.000,9999.000,9999.000,9999.000,9999.000
202604301636,  -0.150,9999.000,9999.000,9999.000,9999.000,9999.000,9999.000,9999.000,9999.000
202604301642,  -0.149,9999.000,9999.000,9999.000,9999.000,9999.000,9999.000,9999.000,9999.000
202604301648,  -0.148,9999.000,9999.000,9999.000,9999.000,9999.000,9999.000,9999.000,9999.000
202604301654,  -0.146,9999.000,9999.000,9999.000,9999.000,9999.000,9999.000,9999.000,9999.000
202604301700,  -0.143,9999.000,   0.200,  -0.033,   0.024,   0.200,   0.024,   0.200,   0.024
202604301706,  -0.140,9999.000,9999.000,9999.000,9999.000,9999.000,9999.000,9999.000,9999.000
202604301712,  -0.136,9999.000,9999.000,9999.000,9999.000,9999.000,9999.000,9999.000,9999.000
202604301718,  -0.132,9999.000,9999.000,9999.000,9999.000,9999.000,9999.000,9999.000,9999.000
202604301724,  -0.128,9999.000,9999.000,9999.000,9999.000,9999.000,9999.000,9999.000,9999.000
202604301730,  -0.123,9999.000,9999.000,9999.000,9999.000,9999.000,9999.000,9999.000,9999.000
202604301736,  -0.117,9999.000,9999.000,9999.000,9999.000,9999.000,9999.000,9999.000,9999.000
202604301742,  -0.111,9999.000,9999.000,9999.000,9999.000,9999.000,9999.000,9999.000,9999.000
202604301748,  -0.104,9999.000,9999.000,9999.000,9999.000,9999.000,9999.000,9999.000,9999.000
202604301754,  -0.097,9999.000,9999.000,9999.000,9999.000,9999.000,9999.000,9999.000,9999.000
202604301800,  -0.089,9999.000,   0.200,  -0.031,   0.080,   0.200,   0.080,   0.200,   0.080
202604301806,  -0.080,9999.000,9999.000,9999.000,9999.000,9999.000,9999.000,9999.000,9999.000
202604301812,  -0.071,9999.000,9999.000,9999.000,9999.000,9999.000,9999.000,9999.000,9999.000
202604301818,  -0.062,9999.000,9999.000,9999.000,9999.000,9999.000,9999.000,9999.000,9999.000
202604301824,  -0.052,9999.000,9999.000,9999.000,9999.000,9999.000,9999.000,9999.000,9999.000
202604301830,  -0.041,9999.000,9999.000,9999.000,9999.000,9999.000,9999.000,9999.000,9999.000
202604301836,  -0.030,9999.000,9999.000,9999.000,9999.000,9999.000,9999.000,9999.000,9999.000
202604301842,  -0.019,9999.000,9999.000,9999.000,9999.000,9999.000,9999.000,9999.000,9999.000
202604301848,  -0.007,9999.000,9999.000,9999.000,9999.000,9999.000,9999.000,9999.000,9999.000
202604301854,   0.004,9999.000,9999.000,9999.000,9999.000,9999.000,9999.000,9999.000,9999.000
202604301900,   0.017,9999.000,   0.200,  -0.029,   0.188,   0.200,   0.188,   0.200,   0.188
202604301906,   0.031,9999.000,9999.000,9999.000,9999.000,9999.000,9999.000,9999.000,9999.000
202604301912,   0.044,9999.000,9999.000,9999.000,9999.000,9999.000,9999.000,9999.000,9999.000
202604301918,   0.058,9999.000,9999.000,9999.000,9999.000,9999.000,9999.000,9999.000,9999.000
202604301924,   0.073,9999.000,9999.000,9999.000,9999.000,9999.000,9999.000,9999.000,9999.000
202604301930,   0.088,9999.000,9999.000,9999.000,9999.000,9999.000,9999.000,9999.000,9999.000
202604301936,   0.103,9999.000,9999.000,9999.000,9999.000,9999.000,9999.000,9999.000,9999.000
202604301942,   0.118,9999.000,9999.000,9999.000,9999.000,9999.000,9999.000,9999.000,9999.000
202604301948,   0.133,9999.000,9999.000,9999.000,9999.000,9999.000,9999.000,9999.000,9999.000
202604301954,   0.149,9999.000,9999.000,9999.000,9999.000,9999.000,9999.000,9999.000,9999.000
202604302000,   0.165,9999.000,   0.200,  -0.028,   0.337,   0.200,   0.337,   0.200,   0.337
202604302006,   0.181,9999.000,9999.000,9999.000,9999.000,9999.000,9999.000,9999.000,9999.000
202604302012,   0.198,9999.000,9999.000,9999.000,9999.000,9999.000,9999.000,9999.000,9999.000
202604302018,   0.214,9999.000,9999.000,9999.000,9999.000,9999.000,9999.000,9999.000,9999.000
202604302024,   0.230,9999.000,9999.000,9999.000,9999.000,9999.000,9999.000,9999.000,9999.000
202604302030,   0.247,9999.000,9999.000,9999.000,9999.000,9999.000,9999.000,9999.000,9999.000
202604302036,   0.263,9999.000,9999.000,9999.000,9999.000,9999.000,9999.000,9999.000,9999.000
202604302042,   0.280,9999.000,9999.000,9999.000,9999.000,9999.000,9999.000,9999.000,9999.000
202604302048,   0.296,9999.000,9999.000,9999.000,9999.000,9999.000,9999.000,9999.000,9999.000
202604302054,   0.312,9999.000,9999.000,9999.000,9999.000,9999.000,9999.000,9999.000,9999.000
202604302100,   0.328,9999.000,   0.300,  -0.026,   0.602,   0.200,   0.502,   0.300,   0.602
202604302106,   0.344,9999.000,9999.000,9999.000,9999.000,9999.000,9999.000,9999.000,9999.000
202604302112,   0.360,9999.000,9999.000,9999.000,9999.000,9999.000,9999.000,9999.000,9999.000
202604302118,   0.376,9999.000,9999.000,9999.000,9999.000,9999.000,9999.000,9999.000,9999.000
202604302124,   0.391,9999.000,9999.000,9999.000,9999.000,9999.000,9999.000,9999.000,9999.000
202604302130,   0.406,9999.000,9999.000,9999.000,9999.000,9999.000,9999.000,9999.000,9999.000
202604302136,   0.421,9999.000,9999.000,9999.000,9999.000,9999.000,9999.000,9999.000,9999.000
202604302142,   0.435,9999.000,9999.000,9999.000,9999.000,9999.000,9999.000,9999.000,9999.000
202604302148,   0.449,9999.000,9999.000,9999.000,9999.000,9999.000,9999.000,9999.000,9999.000
202604302154,   0.463,9999.000,9999.000,9999.000,9999.000,9999.000,9999.000,9999.000,9999.000
202604302200,   0.476,9999.000,   0.300,  -0.024,   0.752,   0.200,   0.652,   0.300,   0.752
202604302206,   0.489,9999.000,9999.000,9999.000,9999.000,9999.000,9999.000,9999.000,9999.000
202604302212,   0.502,9999.000,9999.000,9999.000,9999.000,9999.000,9999.000,9999.000,9999.000
202604302218,   0.514,9999.000,9999.000,9999.000,9999.000,9999.000,9999.000,9999.000,9999.000
202604302224,   0.526,9999.000,9999.000,9999.000,9999.000,9999.000,9999.000,9999.000,9999.000
202604302230,   0.537,9999.000,9999.000,9999.000,9999.000,9999.000,9999.000,9999.000,9999.000
202604302236,   0.548,9999.000,9999.000,9999.000,9999.000,9999.000,9999.000,9999.000,9999.000
202604302242,   0.558,9999.000,9999.000,9999.000,9999.000,9999.000,9999.000,9999.000,9999.000
202604302248,   0.568,9999.000,9999.000,9999.000,9999.000,9999.000,9999.000,9999.000,9999.000
202604302254,   0.577,9999.000,9999.000,9999.000,9999.000,9999.000,9999.000,9999.000,9999.000
202604302300,   0.586,9999.000,   0.300,  -0.022,   0.864,   0.200,   0.764,   0.300,   0.864
202604302306,   0.595,9999.000,9999.000,9999.000,9999.000,9999.000,9999.000,9999.000,9999.000
202604302312,   0.603,9999.000,9999.000,9999.000,9999.000,9999.000,9999.000,9999.000,9999.000
202604302318,   0.610,9999.000,9999.000,9999.000,9999.000,9999.000,9999.000,9999.000,9999.000
202604302324,   0.617,9999.000,9999.000,9999.000,9999.000,9999.000,9999.000,9999.000,9999.000
202604302330,   0.623,9999.000,9999.000,9999.000,9999.000,9999.000,9999.000,9999.000,9999.000
202604302336,   0.629,9999.000,9999.000,9999.000,9999.000,9999.000,9999.000,9999.000,9999.000
202604302342,   0.635,9999.000,9999.000,9999.000,9999.000,9999.000,9999.000,9999.000,9999.000
202604302348,   0.640,9999.000,9999.000,9999.000,9999.000,9999.000,9999.000,9999.000,9999.000
202604302354,   0.644,9999.000,9999.000,9999.000,9999.000,9999.000,9999.000,9999.000,9999.000
202605010000,   0.648,9999.000,   0.200,  -0.022,   0.826,   0.200,   0.826,   0.200,   0.826
202605010006,   0.651,9999.000,9999.000,9999.000,9999.000,9999.000,9999.000,9999.000,9999.000
202605010012,   0.654,9999.000,9999.000,9999.000,9999.000,9999.000,9999.000,9999.000,9999.000
202605010018,   0.657,9999.000,9999.000,9999.000,9999.000,9999.000,9999.000,9999.000,9999.000
202605010024,   0.659,9999.000,9999.000,9999.000,9999.000,9999.000,9999.000,9999.000,9999.000
202605010030,   0.661,9999.000,9999.000,9999.000,9999.000,9999.000,9999.000,9999.000,9999.000
202605010036,   0.662,9999.000,9999.000,9999.000,9999.000,9999.000,9999.000,9999.000,9999.000
202605010042,   0.663,9999.000,9999.000,9999.000,9999.000,9999.000,9999.000,9999.000,9999.000
202605010048,   0.663,9999.000,9999.000,9999.000,9999.000,9999.000,9999.000,9999.000,9999.000
202605010054,   0.663,9999.000,9999.000,9999.000,9999.000,9999.000,9999.000,9999.000,9999.000
202605010100,   0.663,9999.000,   0.200,  -0.022,   0.841,   0.200,   0.841,   0.200,   0.841
202605010106,   0.662,9999.000,9999.000,9999.000,9999.000,9999.000,9999.000,9999.000,9999.000
202605010112,   0.660,9999.000,9999.000,9999.000,9999.000,9999.000,9999.000,9999.000,9999.000
202605010118,   0.659,9999.000,9999.000,9999.000,9999.000,9999.000,9999.000,9999.000,9999.000
202605010124,   0.657,9999.000,9999.000,9999.000,9999.000,9999.000,9999.000,9999.000,9999.000
202605010130,   0.654,9999.000,9999.000,9999.000,9999.000,9999.000,9999.000,9999.000,9999.000
202605010136,   0.652,9999.000,9999.000,9999.000,9999.000,9999.000,9999.000,9999.000,9999.000
202605010142,   0.649,9999.000,9999.000,9999.000,9999.000,9999.000,9999.000,9999.000,9999.000
202605010148,   0.645,9999.000,9999.000,9999.000,9999.000,9999.000,9999.000,9999.000,9999.000
202605010154,   0.641,9999.000,9999.000,9999.000,9999.000,9999.000,9999.000,9999.000,9999.000
202605010200,   0.637,9999.000,   0.200,  -0.022,   0.815,   0.200,   0.815,   0.200,   0.815
202605010206,   0.633,9999.000,9999.000,9999.000,9999.000,9999.000,9999.000,9999.000,9999.000
202605010212,   0.628,9999.000,9999.000,9999.000,9999.000,9999.000,9999.000,9999.000,9999.000
202605010218,   0.623,9999.000,9999.000,9999.000,9999.000,9999.000,9999.000,9999.000,9999.000
202605010224,   0.618,9999.000,9999.000,9999.000,9999.000,9999.000,9999.000,9999.000,9999.000
202605010230,   0.613,9999.000,9999.000,9999.000,9999.000,9999.000,9999.000,9999.000,9999.000
202605010236,   0.607,9999.000,9999.000,9999.000,9999.000,9999.000,9999.000,9999.000,9999.000
202605010242,   0.601,9999.000,9999.000,9999.000,9999.000,9999.000,9999.000,9999.000,9999.000
202605010248,   0.595,9999.000,9999.000,9999.000,9999.000,9999.000,9999.000,9999.000,9999.000
202605010254,   0.588,9999.000,9999.000,9999.000,9999.000,9999.000,9999.000,9999.000,9999.000
202605010300,   0.582,9999.000,   0.200,  -0.022,   0.760,   0.200,   0.760,   0.200,   0.760
202605010306,   0.575,9999.000,9999.000,9999.000,9999.000,9999.000,9999.000,9999.000,9999.000
202605010312,   0.568,9999.000,9999.000,9999.000,9999.000,9999.000,9999.000,9999.000,9999.000
202605010318,   0.561,9999.000,9999.000,9999.000,9999.000,9999.000,9999.000,9999.000,9999.000
202605010324,   0.553,9999.000,9999.000,9999.000,9999.000,9999.000,9999.000,9999.000,9999.000
202605010330,   0.546,9999.000,9999.000,9999.000,9999.000,9999.000,9999.000,9999.000,9999.000
202605010336,   0.538,9999.000,9999.000,9999.000,9999.000,9999.000,9999.000,9999.000,9999.000
202605010342,   0.530,9999.000,9999.000,9999.000,9999.000,9999.000,9999.000,9999.000,9999.000
202605010348,   0.522,9999.000,9999.000,9999.000,9999.000,9999.000,9999.000,9999.000,9999.000
202605010354,   0.515,9999.000,9999.000,9999.000,9999.000,9999.000,9999.000,9999.000,9999.000
202605010400,   0.507,9999.000,   0.200,  -0.022,   0.685,   0.200,   0.685,   0.200,   0.685
202605010406,   0.498,9999.000,9999.000,9999.000,9999.000,9999.000,9999.000,9999.000,9999.000
202605010412,   0.490,9999.000,9999.000,9999.000,9999.000,9999.000,9999.000,9999.000,9999.000
202605010418,   0.482,9999.000,9999.000,9999.000,9999.000,9999.000,9999.000,9999.000,9999.000
202605010424,   0.474,9999.000,9999.000,9999.000,9999.000,9999.000,9999.000,9999.000,9999.000
202605010430,   0.466,9999.000,9999.000,9999.000,9999.000,9999.000,9999.000,9999.000,9999.000
202605010436,   0.458,9999.000,9999.000,9999.000,9999.000,9999.000,9999.000,9999.000,9999.000
202605010442,   0.450,9999.000,9999.000,9999.000,9999.000,9999.000,9999.000,9999.000,9999.000
202605010448,   0.442,9999.000,9999.000,9999.000,9999.000,9999.000,9999.000,9999.000,9999.000
202605010454,   0.434,9999.000,9999.000,9999.000,9999.000,9999.000,9999.000,9999.000,9999.000
202605010500,   0.426,9999.000,   0.200,  -0.022,   0.604,   0.200,   0.604,   0.200,   0.604
202605010506,   0.419,9999.000,9999.000,9999.000,9999.000,9999.000,9999.000,9999.000,9999.000
202605010512,   0.411,9999.000,9999.000,9999.000,9999.000,9999.000,9999.000,9999.000,9999.000
202605010518,   0.404,9999.000,9999.000,9999.000,9999.000,9999.000,9999.000,9999.000,9999.000
202605010524,   0.397,9999.000,9999.000,9999.000,9999.000,9999.000,9999.000,9999.000,9999.000
202605010530,   0.390,9999.000,9999.000,9999.000,9999.000,9999.000,9999.000,9999.000,9999.000
202605010536,   0.383,9999.000,9999.000,9999.000,9999.000,9999.000,9999.000,9999.000,9999.000
202605010542,   0.376,9999.000,9999.000,9999.000,9999.000,9999.000,9999.000,9999.000,9999.000
202605010548,   0.369,9999.000,9999.000,9999.000,9999.000,9999.000,9999.000,9999.000,9999.000
202605010554,   0.363,9999.000,9999.000,9999.000,9999.000,9999.000,9999.000,9999.000,9999.000
202605010600,   0.357,9999.000,   0.200,  -0.022,   0.535,   0.200,   0.535,   0.200,   0.535
202605010606,   0.351,9999.000,9999.000,9999.000,9999.000,9999.000,9999.000,9999.000,9999.000
202605010612,   0.345,9999.000,9999.000,9999.000,9999.000,9999.000,9999.000,9999.000,9999.000
202605010618,   0.340,9999.000,9999.000,9999.000,9999.000,9999.000,9999.000,9999.000,9999.000
202605010624,   0.335,9999.000,9999.000,9999.000,9999.000,9999.000,9999.000,9999.000,9999.000
202605010630,   0.330,9999.000,9999.000,9999.000,9999.000,9999.000,9999.000,9999.000,9999.000
202605010636,   0.325,9999.000,9999.000,9999.000,9999.000,9999.000,9999.000,9999.000,9999.000
202605010642,   0.320,9999.000,9999.000,9999.000,9999.000,9999.000,9999.000,9999.000,9999.000
202605010648,   0.316,9999.000,9999.000,9999.000,9999.000,9999.000,9999.000,9999.000,9999.000
202605010654,   0.312,9999.000,9999.000,9999.000,9999.000,9999.000,9999.000,9999.000,9999.000
202605010700,   0.308,9999.000,   0.200,  -0.022,   0.486,   0.200,   0.486,   0.200,   0.486
202605010706,   0.304,9999.000,9999.000,9999.000,9999.000,9999.000,9999.000,9999.000,9999.000
202605010712,   0.301,9999.000,9999.000,9999.000,9999.000,9999.000,9999.000,9999.000,9999.000
202605010718,   0.297,9999.000,9999.000,9999.000,9999.000,9999.000,9999.000,9999.000,9999.000
202605010724,   0.294,9999.000,9999.000,9999.000,9999.000,9999.000,9999.000,9999.000,9999.000
202605010730,   0.291,9999.000,9999.000,9999.000,9999.000,9999.000,9999.000,9999.000,9999.000
202605010736,   0.288,9999.000,9999.000,9999.000,9999.000,9999.000,9999.000,9999.000,9999.000
202605010742,   0.286,9999.000,9999.000,9999.000,9999.000,9999.000,9999.000,9999.000,9999.000
202605010748,   0.283,9999.000,9999.000,9999.000,9999.000,9999.000,9999.000,9999.000,9999.000
202605010754,   0.281,9999.000,9999.000,9999.000,9999.000,9999.000,9999.000,9999.000,9999.000
202605010800,   0.278,9999.000,   0.200,  -0.022,   0.456,   0.200,   0.456,   0.200,   0.456
202605010806,   0.276,9999.000,9999.000,9999.000,9999.000,9999.000,9999.000,9999.000,9999.000
202605010812,   0.273,9999.000,9999.000,9999.000,9999.000,9999.000,9999.000,9999.000,9999.000
202605010818,   0.271,9999.000,9999.000,9999.000,9999.000,9999.000,9999.000,9999.000,9999.000
202605010824,   0.269,9999.000,9999.000,9999.000,9999.000,9999.000,9999.000,9999.000,9999.000
202605010830,   0.266,9999.000,9999.000,9999.000,9999.000,9999.000,9999.000,9999.000,9999.000
202605010836,   0.264,9999.000,9999.000,9999.000,9999.000,9999.000,9999.000,9999.000,9999.000
202605010842,   0.262,9999.000,9999.000,9999.000,9999.000,9999.000,9999.000,9999.000,9999.000
202605010848,   0.259,9999.000,9999.000,9999.000,9999.000,9999.000,9999.000,9999.000,9999.000
202605010854,   0.257,9999.000,9999.000,9999.000,9999.000,9999.000,9999.000,9999.000,9999.000
202605010900,   0.254,9999.000,   0.200,  -0.022,   0.432,   0.200,   0.432,   0.300,   0.532
202605010906,   0.251,9999.000,9999.000,9999.000,9999.000,9999.000,9999.000,9999.000,9999.000
202605010912,   0.248,9999.000,9999.000,9999.000,9999.000,9999.000,9999.000,9999.000,9999.000
202605010918,   0.245,9999.000,9999.000,9999.000,9999.000,9999.000,9999.000,9999.000,9999.000
202605010924,   0.242,9999.000,9999.000,9999.000,9999.000,9999.000,9999.000,9999.000,9999.000
202605010930,   0.238,9999.000,9999.000,9999.000,9999.000,9999.000,9999.000,9999.000,9999.000
202605010936,   0.235,9999.000,9999.000,9999.000,9999.000,9999.000,9999.000,9999.000,9999.000
202605010942,   0.231,9999.000,9999.000,9999.000,9999.000,9999.000,9999.000,9999.000,9999.000
202605010948,   0.226,9999.000,9999.000,9999.000,9999.000,9999.000,9999.000,9999.000,9999.000
202605010954,   0.222,9999.000,9999.000,9999.000,9999.000,9999.000,9999.000,9999.000,9999.000
202605011000,   0.217,9999.000,   0.200,  -0.022,   0.395,   0.200,   0.395,   0.300,   0.495
202605011006,   0.213,9999.000,9999.000,9999.000,9999.000,9999.000,9999.000,9999.000,9999.000
202605011012,   0.207,9999.000,9999.000,9999.000,9999.000,9999.000,9999.000,9999.000,9999.000
202605011018,   0.202,9999.000,9999.000,9999.000,9999.000,9999.000,9999.000,9999.000,9999.000
202605011024,   0.196,9999.000,9999.000,9999.000,9999.000,9999.000,9999.000,9999.000,9999.000
202605011030,   0.190,9999.000,9999.000,9999.000,9999.000,9999.000,9999.000,9999.000,9999.000
202605011036,   0.184,9999.000,9999.000,9999.000,9999.000,9999.000,9999.000,9999.000,9999.000
202605011042,   0.178,9999.000,9999.000,9999.000,9999.000,9999.000,9999.000,9999.000,9999.000
202605011048,   0.171,9999.000,9999.000,9999.000,9999.000,9999.000,9999.000,9999.000,9999.000
202605011054,   0.164,9999.000,9999.000,9999.000,9999.000,9999.000,9999.000,9999.000,9999.000
202605011100,   0.157,9999.000,   0.200,  -0.022,   0.335,   0.200,   0.335,   0.200,   0.335
202605011106,   0.149,9999.000,9999.000,9999.000,9999.000,9999.000,9999.000,9999.000,9999.000
202605011112,   0.141,9999.000,9999.000,9999.000,9999.000,9999.000,9999.000,9999.000,9999.000
202605011118,   0.133,9999.000,9999.000,9999.000,9999.000,9999.000,9999.000,9999.000,9999.000
202605011124,   0.125,9999.000,9999.000,9999.000,9999.000,9999.000,9999.000,9999.000,9999.000
202605011130,   0.117,9999.000,9999.000,9999.000,9999.000,9999.000,9999.000,9999.000,9999.000
202605011136,   0.108,9999.000,9999.000,9999.000,9999.000,9999.000,9999.000,9999.000,9999.000
202605011142,   0.099,9999.000,9999.000,9999.000,9999.000,9999.000,9999.000,9999.000,9999.000
202605011148,   0.091,9999.000,9999.000,9999.000,9999.000,9999.000,9999.000,9999.000,9999.000
202605011154,   0.082,9999.000,9999.000,9999.000,9999.000,9999.000,9999.000,9999.000,9999.000
202605011200,   0.072,9999.000,   0.200,  -0.022,   0.250,   0.200,   0.250,   0.200,   0.250
202605011206,   0.063,9999.000,9999.000,9999.000,9999.000,9999.000,9999.000,9999.000,9999.000
202605011212,   0.054,9999.000,9999.000,9999.000,9999.000,9999.000,9999.000,9999.000,9999.000
202605011218,   0.044,9999.000,9999.000,9999.000,9999.000,9999.000,9999.000,9999.000,9999.000
202605011224,   0.035,9999.000,9999.000,9999.000,9999.000,9999.000,9999.000,9999.000,9999.000
202605011230,   0.025,9999.000,9999.000,9999.000,9999.000,9999.000,9999.000,9999.000,9999.000
202605011236,   0.015,9999.000,9999.000,9999.000,9999.000,9999.000,9999.000,9999.000,9999.000
202605011242,   0.006,9999.000,9999.000,9999.000,9999.000,9999.000,9999.000,9999.000,9999.000
202605011248,  -0.003,9999.000,9999.000,9999.000,9999.000,9999.000,9999.000,9999.000,9999.000
202605011254,  -0.012,9999.000,9999.000,9999.000,9999.000,9999.000,9999.000,9999.000,9999.000
202605011300,  -0.022,9999.000,   0.200,  -0.022,   0.156,   0.200,   0.156,   0.200,   0.156
202605011306,  -0.031,9999.000,9999.000,9999.000,9999.000,9999.000,9999.000,9999.000,9999.000
202605011312,  -0.041,9999.000,9999.000,9999.000,9999.000,9999.000,9999.000,9999.000,9999.000
202605011318,  -0.050,9999.000,9999.000,9999.000,9999.000,9999.000,9999.000,9999.000,9999.000
202605011324,  -0.059,9999.000,9999.000,9999.000,9999.000,9999.000,9999.000,9999.000,9999.000
202605011330,  -0.068,9999.000,9999.000,9999.000,9999.000,9999.000,9999.000,9999.000,9999.000
202605011336,  -0.077,9999.000,9999.000,9999.000,9999.000,9999.000,9999.000,9999.000,9999.000
202605011342,  -0.086,9999.000,9999.000,9999.000,9999.000,9999.000,9999.000,9999.000,9999.000
202605011348,  -0.095,9999.000,9999.000,9999.000,9999.000,9999.000,9999.000,9999.000,9999.000
202605011354,  -0.103,9999.000,9999.000,9999.000,9999.000,9999.000,9999.000,9999.000,9999.000
202605011400,  -0.111,9999.000,   0.200,  -0.022,   0.067,   0.200,   0.067,   0.200,   0.067
202605011406,  -0.120,9999.000,9999.000,9999.000,9999.000,9999.000,9999.000,9999.000,9999.000
202605011412,  -0.127,9999.000,9999.000,9999.000,9999.000,9999.000,9999.000,9999.000,9999.000
202605011418,  -0.135,9999.000,9999.000,9999.000,9999.000,9999.000,9999.000,9999.000,9999.000
202605011424,  -0.142,9999.000,9999.000,9999.000,9999.000,9999.000,9999.000,9999.000,9999.000
202605011430,  -0.150,9999.000,9999.000,9999.000,9999.000,9999.000,9999.000,9999.000,9999.000
202605011436,  -0.156,9999.000,9999.000,9999.000,9999.000,9999.000,9999.000,9999.000,9999.000
202605011442,  -0.163,9999.000,9999.000,9999.000,9999.000,9999.000,9999.000,9999.000,9999.000
202605011448,  -0.169,9999.000,9999.000,9999.000,9999.000,9999.000,9999.000,9999.000,9999.000
202605011454,  -0.175,9999.000,9999.000,9999.000,9999.000,9999.000,9999.000,9999.000,9999.000
202605011500,  -0.181,9999.000,   0.200,  -0.022,  -0.003,   0.200,  -0.003,   0.200,  -0.003
202605011506,  -0.187,9999.000,9999.000,9999.000,9999.000,9999.000,9999.000,9999.000,9999.000
202605011512,  -0.192,9999.000,9999.000,9999.000,9999.000,9999.000,9999.000,9999.000,9999.000
202605011518,  -0.197,9999.000,9999.000,9999.000,9999.000,9999.000,9999.000,9999.000,9999.000
202605011524,  -0.201,9999.000,9999.000,9999.000,9999.000,9999.000,9999.000,9999.000,9999.000
202605011530,  -0.206,9999.000,9999.000,9999.000,9999.000,9999.000,9999.000,9999.000,9999.000
202605011536,  -0.210,9999.000,9999.000,9999.000,9999.000,9999.000,9999.000,9999.000,9999.000
202605011542,  -0.213,9999.000,9999.000,9999.000,9999.000,9999.000,9999.000,9999.000,9999.000
202605011548,  -0.217,9999.000,9999.000,9999.000,9999.000,9999.000,9999.000,9999.000,9999.000
202605011554,  -0.219,9999.000,9999.000,9999.000,9999.000,9999.000,9999.000,9999.000,9999.000
202605011600,  -0.222,9999.000,   0.200,  -0.022,  -0.044,   0.200,  -0.044,   0.200,  -0.044
202605011606,  -0.224,9999.000,9999.000,9999.000,9999.000,9999.000,9999.000,9999.000,9999.000
202605011612,  -0.226,9999.000,9999.000,9999.000,9999.000,9999.000,9999.000,9999.000,9999.000
202605011618,  -0.227,9999.000,9999.000,9999.000,9999.000,9999.000,9999.000,9999.000,9999.000
202605011624,  -0.229,9999.000,9999.000,9999.000,9999.000,9999.000,9999.000,9999.000,9999.000
202605011630,  -0.229,9999.000,9999.000,9999.000,9999.000,9999.000,9999.000,9999.000,9999.000
202605011636,  -0.229,9999.000,9999.000,9999.000,9999.000,9999.000,9999.000,9999.000,9999.000
202605011642,  -0.229,9999.000,9999.000,9999.000,9999.000,9999.000,9999.000,9999.000,9999.000
202605011648,  -0.229,9999.000,9999.000,9999.000,9999.000,9999.000,9999.000,9999.000,9999.000
202605011654,  -0.228,9999.000,9999.000,9999.000,9999.000,9999.000,9999.000,9999.000,9999.000
202605011700,  -0.226,9999.000,   0.200,  -0.022,  -0.048,   0.200,  -0.048,   0.200,  -0.048
202605011706,  -0.224,9999.000,9999.000,9999.000,9999.000,9999.000,9999.000,9999.000,9999.000
202605011712,  -0.222,9999.000,9999.000,9999.000,9999.000,9999.000,9999.000,9999.000,9999.000
202605011718,  -0.219,9999.000,9999.000,9999.000,9999.000,9999.000,9999.000,9999.000,9999.000
202605011724,  -0.216,9999.000,9999.000,9999.000,9999.000,9999.000,9999.000,9999.000,9999.000
202605011730,  -0.212,9999.000,9999.000,9999.000,9999.000,9999.000,9999.000,9999.000,9999.000
202605011736,  -0.208,9999.000,9999.000,9999.000,9999.000,9999.000,9999.000,9999.000,9999.000
202605011742,  -0.203,9999.000,9999.000,9999.000,9999.000,9999.000,9999.000,9999.000,9999.000
202605011748,  -0.198,9999.000,9999.000,9999.000,9999.000,9999.000,9999.000,9999.000,9999.000
202605011754,  -0.192,9999.000,9999.000,9999.000,9999.000,9999.000,9999.000,9999.000,9999.000
202605011800,  -0.186,9999.000,   0.200,  -0.022,  -0.008,   0.200,  -0.008,   0.200,  -0.008
202605011806,  -0.180,9999.000,9999.000,9999.000,9999.000,9999.000,9999.000,9999.000,9999.000
202605011812,  -0.172,9999.000,9999.000,9999.000,9999.000,9999.000,9999.000,9999.000,9999.000
202605011818,  -0.165,9999.000,9999.000,9999.000,9999.000,9999.000,9999.000,9999.000,9999.000
202605011824,  -0.156,9999.000,9999.000,9999.000,9999.000,9999.000,9999.000,9999.000,9999.000
202605011830,  -0.148,9999.000,9999.000,9999.000,9999.000,9999.000,9999.000,9999.000,9999.000
202605011836,  -0.138,9999.000,9999.000,9999.000,9999.000,9999.000,9999.000,9999.000,9999.000
202605011842,  -0.128,9999.000,9999.000,9999.000,9999.000,9999.000,9999.000,9999.000,9999.000
202605011848,  -0.118,9999.000,9999.000,9999.000,9999.000,9999.000,9999.000,9999.000,9999.000
202605011854,  -0.107,9999.000,9999.000,9999.000,9999.000,9999.000,9999.000,9999.000,9999.000
202605011900,  -0.096,9999.000,   0.200,  -0.022,   0.082,   0.200,   0.082,   0.200,   0.082
202605011906,  -0.084,9999.000,9999.000,9999.000,9999.000,9999.000,9999.000,9999.000,9999.000
202605011912,  -0.072,9999.000,9999.000,9999.000,9999.000,9999.000,9999.000,9999.000,9999.000
202605011918,  -0.059,9999.000,9999.000,9999.000,9999.000,9999.000,9999.000,9999.000,9999.000
202605011924,  -0.046,9999.000,9999.000,9999.000,9999.000,9999.000,9999.000,9999.000,9999.000
202605011930,  -0.033,9999.000,9999.000,9999.000,9999.000,9999.000,9999.000,9999.000,9999.000
202605011936,  -0.018,9999.000,9999.000,9999.000,9999.000,9999.000,9999.000,9999.000,9999.000
202605011942,  -0.004,9999.000,9999.000,9999.000,9999.000,9999.000,9999.000,9999.000,9999.000
202605011948,   0.010,9999.000,9999.000,9999.000,9999.000,9999.000,9999.000,9999.000,9999.000
202605011954,   0.025,9999.000,9999.000,9999.000,9999.000,9999.000,9999.000,9999.000,9999.000
202605012000,   0.041,9999.000,   0.200,  -0.022,   0.219,   0.200,   0.219,   0.200,   0.219
202605012006,   0.057,9999.000,9999.000,9999.000,9999.000,9999.000,9999.000,9999.000,9999.000
202605012012,   0.073,9999.000,9999.000,9999.000,9999.000,9999.000,9999.000,9999.000,9999.000
202605012018,   0.089,9999.000,9999.000,9999.000,9999.000,9999.000,9999.000,9999.000,9999.000
202605012024,   0.106,9999.000,9999.000,9999.000,9999.000,9999.000,9999.000,9999.000,9999.000
202605012030,   0.123,9999.000,9999.000,9999.000,9999.000,9999.000,9999.000,9999.000,9999.000
202605012036,   0.140,9999.000,9999.000,9999.000,9999.000,9999.000,9999.000,9999.000,9999.000
202605012042,   0.158,9999.000,9999.000,9999.000,9999.000,9999.000,9999.000,9999.000,9999.000
202605012048,   0.175,9999.000,9999.000,9999.000,9999.000,9999.000,9999.000,9999.000,9999.000
202605012054,   0.193,9999.000,9999.000,9999.000,9999.000,9999.000,9999.000,9999.000,9999.000
202605012100,   0.210,9999.000,   0.200,  -0.022,   0.388,   0.200,   0.388,   0.200,   0.388
202605012106,   0.228,9999.000,9999.000,9999.000,9999.000,9999.000,9999.000,9999.000,9999.000
202605012112,   0.246,9999.000,9999.000,9999.000,9999.000,9999.000,9999.000,9999.000,9999.000
202605012118,   0.264,9999.000,9999.000,9999.000,9999.000,9999.000,9999.000,9999.000,9999.000
202605012124,   0.281,9999.000,9999.000,9999.000,9999.000,9999.000,9999.000,9999.000,9999.000
202605012130,   0.299,9999.000,9999.000,9999.000,9999.000,9999.000,9999.000,9999.000,9999.000
202605012136,   0.317,9999.000,9999.000,9999.000,9999.000,9999.000,9999.000,9999.000,9999.000
202605012142,   0.334,9999.000,9999.000,9999.000,9999.000,9999.000,9999.000,9999.000,9999.000
202605012148,   0.351,9999.000,9999.000,9999.000,9999.000,9999.000,9999.000,9999.000,9999.000
202605012154,   0.368,9999.000,9999.000,9999.000,9999.000,9999.000,9999.000,9999.000,9999.000
202605012200,   0.385,9999.000,   0.200,  -0.022,   0.563,   0.200,   0.563,   0.200,   0.563
202605012206,   0.402,9999.000,9999.000,9999.000,9999.000,9999.000,9999.000,9999.000,9999.000
202605012212,   0.418,9999.000,9999.000,9999.000,9999.000,9999.000,9999.000,9999.000,9999.000
202605012218,   0.434,9999.000,9999.000,9999.000,9999.000,9999.000,9999.000,9999.000,9999.000
202605012224,   0.449,9999.000,9999.000,9999.000,9999.000,9999.000,9999.000,9999.000,9999.000
202605012230,   0.465,9999.000,9999.000,9999.000,9999.000,9999.000,9999.000,9999.000,9999.000
202605012236,   0.479,9999.000,9999.000,9999.000,9999.000,9999.000,9999.000,9999.000,9999.000
202605012242,   0.494,9999.000,9999.000,9999.000,9999.000,9999.000,9999.000,9999.000,9999.000
202605012248,   0.508,9999.000,9999.000,9999.000,9999.000,9999.000,9999.000,9999.000,9999.000
202605012254,   0.521,9999.000,9999.000,9999.000,9999.000,9999.000,9999.000,9999.000,9999.000
202605012300,   0.534,9999.000,   0.200,  -0.022,   0.712,   0.200,   0.712,   0.200,   0.712
202605012306,   0.547,9999.000,9999.000,9999.000,9999.000,9999.000,9999.000,9999.000,9999.000
202605012312,   0.559,9999.000,9999.000,9999.000,9999.000,9999.000,9999.000,9999.000,9999.000
202605012318,   0.571,9999.000,9999.000,9999.000,9999.000,9999.000,9999.000,9999.000,9999.000
202605012324,   0.582,9999.000,9999.000,9999.000,9999.000,9999.000,9999.000,9999.000,9999.000
202605012330,   0.592,9999.000,9999.000,9999.000,9999.000,9999.000,9999.000,9999.000,9999.000
202605012336,   0.602,9999.000,9999.000,9999.000,9999.000,9999.000,9999.000,9999.000,9999.000
202605012342,   0.612,9999.000,9999.000,9999.000,9999.000,9999.000,9999.000,9999.000,9999.000
202605012348,   0.621,9999.000,9999.000,9999.000,9999.000,9999.000,9999.000,9999.000,9999.000
202605012354,   0.629,9999.000,9999.000,9999.000,9999.000,9999.000,9999.000,9999.000,9999.000
202605020000,   0.637,9999.000,   0.200,  -0.022,   0.815,   0.200,   0.815,   0.200,   0.815
202605020006,   0.644,9999.000,9999.000,9999.000,9999.000,9999.000,9999.000,9999.000,9999.000
202605020012,   0.650,9999.000,9999.000,9999.000,9999.000,9999.000,9999.000,9999.000,9999.000
202605020018,   0.657,9999.000,9999.000,9999.000,9999.000,9999.000,9999.000,9999.000,9999.000
202605020024,   0.662,9999.000,9999.000,9999.000,9999.000,9999.000,9999.000,9999.000,9999.000
202605020030,   0.667,9999.000,9999.000,9999.000,9999.000,9999.000,9999.000,9999.000,9999.000
202605020036,   0.671,9999.000,9999.000,9999.000,9999.000,9999.000,9999.000,9999.000,9999.000
202605020042,   0.675,9999.000,9999.000,9999.000,9999.000,9999.000,9999.000,9999.000,9999.000
202605020048,   0.678,9999.000,9999.000,9999.000,9999.000,9999.000,9999.000,9999.000,9999.000
202605020054,   0.681,9999.000,9999.000,9999.000,9999.000,9999.000,9999.000,9999.000,9999.000
202605020100,   0.683,9999.000,   0.200,  -0.022,   0.861,   0.200,   0.861,   0.200,   0.861
202605020106,   0.685,9999.000,9999.000,9999.000,9999.000,9999.000,9999.000,9999.000,9999.000
202605020112,   0.686,9999.000,9999.000,9999.000,9999.000,9999.000,9999.000,9999.000,9999.000
202605020118,   0.687,9999.000,9999.000,9999.000,9999.000,9999.000,9999.000,9999.000,9999.000
202605020124,   0.687,9999.000,9999.000,9999.000,9999.000,9999.000,9999.000,9999.000,9999.000
202605020130,   0.687,9999.000,9999.000,9999.000,9999.000,9999.000,9999.000,9999.000,9999.000
202605020136,   0.686,9999.000,9999.000,9999.000,9999.000,9999.000,9999.000,9999.000,9999.000
202605020142,   0.685,9999.000,9999.000,9999.000,9999.000,9999.000,9999.000,9999.000,9999.000
202605020148,   0.684,9999.000,9999.000,9999.000,9999.000,9999.000,9999.000,9999.000,9999.000
202605020154,   0.682,9999.000,9999.000,9999.000,9999.000,9999.000,9999.000,9999.000,9999.000
202605020200,   0.679,9999.000,   0.200,  -0.022,   0.857,   0.200,   0.857,   0.200,   0.857
202605020206,   0.677,9999.000,9999.000,9999.000,9999.000,9999.000,9999.000,9999.000,9999.000
202605020212,   0.674,9999.000,9999.000,9999.000,9999.000,9999.000,9999.000,9999.000,9999.000
202605020218,   0.670,9999.000,9999.000,9999.000,9999.000,9999.000,9999.000,9999.000,9999.000
202605020224,   0.666,9999.000,9999.000,9999.000,9999.000,9999.000,9999.000,9999.000,9999.000
202605020230,   0.662,9999.000,9999.000,9999.000,9999.000,9999.000,9999.000,9999.000,9999.000
202605020236,   0.657,9999.000,9999.000,9999.000,9999.000,9999.000,9999.000,9999.000,9999.000
202605020242,   0.653,9999.000,9999.000,9999.000,9999.000,9999.000,9999.000,9999.000,9999.000
202605020248,   0.647,9999.000,9999.000,9999.000,9999.000,9999.000,9999.000,9999.000,9999.000
202605020254,   0.642,9999.000,9999.000,9999.000,9999.000,9999.000,9999.000,9999.000,9999.000
202605020300,   0.636,9999.000,   0.200,  -0.022,   0.814,   0.200,   0.814,   0.200,   0.814
202605020306,   0.630,9999.000,9999.000,9999.000,9999.000,9999.000,9999.000,9999.000,9999.000
202605020312,   0.624,9999.000,9999.000,9999.000,9999.000,9999.000,9999.000,9999.000,9999.000
202605020318,   0.618,9999.000,9999.000,9999.000,9999.000,9999.000,9999.000,9999.000,9999.000
202605020324,   0.611,9999.000,9999.000,9999.000,9999.000,9999.000,9999.000,9999.000,9999.000
202605020330,   0.604,9999.000,9999.000,9999.000,9999.000,9999.000,9999.000,9999.000,9999.000
202605020336,   0.597,9999.000,9999.000,9999.000,9999.000,9999.000,9999.000,9999.000,9999.000
202605020342,   0.590,9999.000,9999.000,9999.000,9999.000,9999.000,9999.000,9999.000,9999.000
202605020348,   0.582,9999.000,9999.000,9999.000,9999.000,9999.000,9999.000,9999.000,9999.000
202605020354,   0.575,9999.000,9999.000,9999.000,9999.000,9999.000,9999.000,9999.000,9999.000
202605020400,   0.567,9999.000,   0.200,  -0.022,   0.745,   0.200,   0.745,   0.200,   0.745
202605020406,   0.559,9999.000,9999.000,9999.000,9999.000,9999.000,9999.000,9999.000,9999.000
202605020412,   0.551,9999.000,9999.000,9999.000,9999.000,9999.000,9999.000,9999.000,9999.000
202605020418,   0.543,9999.000,9999.000,9999.000,9999.000,9999.000,9999.000,9999.000,9999.000
202605020424,   0.535,9999.000,9999.000,9999.000,9999.000,9999.000,9999.000,9999.000,9999.000
202605020430,   0.526,9999.000,9999.000,9999.000,9999.000,9999.000,9999.000,9999.000,9999.000
202605020436,   0.518,9999.000,9999.000,9999.000,9999.000,9999.000,9999.000,9999.000,9999.000
202605020442,   0.510,9999.000,9999.000,9999.000,9999.000,9999.000,9999.000,9999.000,9999.000
202605020448,   0.501,9999.000,9999.000,9999.000,9999.000,9999.000,9999.000,9999.000,9999.000
202605020454,   0.492,9999.000,9999.000,9999.000,9999.000,9999.000,9999.000,9999.000,9999.000
202605020500,   0.484,9999.000,   0.200,  -0.022,   0.662,   0.200,   0.662,   0.200,   0.662
202605020506,   0.475,9999.000,9999.000,9999.000,9999.000,9999.000,9999.000,9999.000,9999.000
202605020512,   0.467,9999.000,9999.000,9999.000,9999.000,9999.000,9999.000,9999.000,9999.000
202605020518,   0.458,9999.000,9999.000,9999.000,9999.000,9999.000,9999.000,9999.000,9999.000
202605020524,   0.450,9999.000,9999.000,9999.000,9999.000,9999.000,9999.000,9999.000,9999.000
202605020530,   0.441,9999.000,9999.000,9999.000,9999.000,9999.000,9999.000,9999.000,9999.000
202605020536,   0.433,9999.000,9999.000,9999.000,9999.000,9999.000,9999.000,9999.000,9999.000
202605020542,   0.424,9999.000,9999.000,9999.000,9999.000,9999.000,9999.000,9999.000,9999.000
202605020548,   0.416,9999.000,9999.000,9999.000,9999.000,9999.000,9999.000,9999.000,9999.000
202605020554,   0.408,9999.000,9999.000,9999.000,9999.000,9999.000,9999.000,9999.000,9999.000
202605020600,   0.400,9999.000,   0.200,  -0.022,   0.578,   0.200,   0.578,   0.200,   0.578
202605020606,   0.392,9999.000,9999.000,9999.000,9999.000,9999.000,9999.000,9999.000,9999.000
202605020612,   0.384,9999.000,9999.000,9999.000,9999.000,9999.000,9999.000,9999.000,9999.000
202605020618,   0.376,9999.000,9999.000,9999.000,9999.000,9999.000,9999.000,9999.000,9999.000
202605020624,   0.368,9999.000,9999.000,9999.000,9999.000,9999.000,9999.000,9999.000,9999.000
202605020630,   0.361,9999.000,9999.000,9999.000,9999.000,9999.000,9999.000,9999.000,9999.000
202605020636,   0.353,9999.000,9999.000,9999.000,9999.000,9999.000,9999.000,9999.000,9999.000
202605020642,   0.346,9999.000,9999.000,9999.000,9999.000,9999.000,9999.000,9999.000,9999.000
202605020648,   0.339,9999.000,9999.000,9999.000,9999.000,9999.000,9999.000,9999.000,9999.000
202605020654,   0.332,9999.000,9999.000,9999.000,9999.000,9999.000,9999.000,9999.000,9999.000
202605020700,   0.326,9999.000,   0.200,  -0.022,   0.504,   0.200,   0.504,   0.200,   0.504
202605020706,   0.319,9999.000,9999.000,9999.000,9999.000,9999.000,9999.000,9999.000,9999.000
202605020712,   0.313,9999.000,9999.000,9999.000,9999.000,9999.000,9999.000,9999.000,9999.000
202605020718,   0.307,9999.000,9999.000,9999.000,9999.000,9999.000,9999.000,9999.000,9999.000
202605020724,   0.301,9999.000,9999.000,9999.000,9999.000,9999.000,9999.000,9999.000,9999.000
202605020730,   0.295,9999.000,9999.000,9999.000,9999.000,9999.000,9999.000,9999.000,9999.000
202605020736,   0.289,9999.000,9999.000,9999.000,9999.000,9999.000,9999.000,9999.000,9999.000
202605020742,   0.284,9999.000,9999.000,9999.000,9999.000,9999.000,9999.000,9999.000,9999.000
202605020748,   0.279,9999.000,9999.000,9999.000,9999.000,9999.000,9999.000,9999.000,9999.000
202605020754,   0.274,9999.000,9999.000,9999.000,9999.000,9999.000,9999.000,9999.000,9999.000
202605020800,   0.269,9999.000,   0.200,  -0.022,   0.447,   0.200,   0.447,   0.200,   0.447
202605020806,   0.264,9999.000,9999.000,9999.000,9999.000,9999.000,9999.000,9999.000,9999.000
202605020812,   0.259,9999.000,9999.000,9999.000,9999.000,9999.000,9999.000,9999.000,9999.000
202605020818,   0.255,9999.000,9999.000,9999.000,9999.000,9999.000,9999.000,9999.000,9999.000
202605020824,   0.251,9999.000,9999.000,9999.000,9999.000,9999.000,9999.000,9999.000,9999.000
202605020830,   0.246,9999.000,9999.000,9999.000,9999.000,9999.000,9999.000,9999.000,9999.000
202605020836,   0.242,9999.000,9999.000,9999.000,9999.000,9999.000,9999.000,9999.000,9999.000
202605020842,   0.238,9999.000,9999.000,9999.000,9999.000,9999.000,9999.000,9999.000,9999.000
202605020848,   0.234,9999.000,9999.000,9999.000,9999.000,9999.000,9999.000,9999.000,9999.000
202605020854,   0.230,9999.000,9999.000,9999.000,9999.000,9999.000,9999.000,9999.000,9999.000
202605020900,   0.226,9999.000,   0.200,  -0.022,   0.404,   0.200,   0.404,   0.200,   0.404
202605020906,   0.222,9999.000,9999.000,9999.000,9999.000,9999.000,9999.000,9999.000,9999.000
202605020912,   0.219,9999.000,9999.000,9999.000,9999.000,9999.000,9999.000,9999.000,9999.000
202605020918,   0.215,9999.000,9999.000,9999.000,9999.000,9999.000,9999.000,9999.000,9999.000
202605020924,   0.211,9999.000,9999.000,9999.000,9999.000,9999.000,9999.000,9999.000,9999.000
202605020930,   0.207,9999.000,9999.000,9999.000,9999.000,9999.000,9999.000,9999.000,9999.000
202605020936,   0.203,9999.000,9999.000,9999.000,9999.000,9999.000,9999.000,9999.000,9999.000
202605020942,   0.199,9999.000,9999.000,9999.000,9999.000,9999.000,9999.000,9999.000,9999.000
202605020948,   0.195,9999.000,9999.000,9999.000,9999.000,9999.000,9999.000,9999.000,9999.000
202605020954,   0.190,9999.000,9999.000,9999.000,9999.000,9999.000,9999.000,9999.000,9999.000
202605021000,   0.186,9999.000,   0.200,  -0.022,   0.364,   0.200,   0.364,   0.200,   0.364
202605021006,   0.182,9999.000,9999.000,9999.000,9999.000,9999.000,9999.000,9999.000,9999.000
202605021012,   0.177,9999.000,9999.000,9999.000,9999.000,9999.000,9999.000,9999.000,9999.000
202605021018,   0.172,9999.000,9999.000,9999.000,9999.000,9999.000,9999.000,9999.000,9999.000
202605021024,   0.167,9999.000,9999.000,9999.000,9999.000,9999.000,9999.000,9999.000,9999.000
202605021030,   0.162,9999.000,9999.000,9999.000,9999.000,9999.000,9999.000,9999.000,9999.000
202605021036,   0.157,9999.000,9999.000,9999.000,9999.000,9999.000,9999.000,9999.000,9999.000
202605021042,   0.151,9999.000,9999.000,9999.000,9999.000,9999.000,9999.000,9999.000,9999.000
202605021048,   0.145,9999.000,9999.000,9999.000,9999.000,9999.000,9999.000,9999.000,9999.000
202605021054,   0.139,9999.000,9999.000,9999.000,9999.000,9999.000,9999.000,9999.000,9999.000
202605021100,   0.133,9999.000,   0.200,  -0.022,   0.311,   0.200,   0.311,   0.200,   0.311
202605021106,   0.126,9999.000,9999.000,9999.000,9999.000,9999.000,9999.000,9999.000,9999.000
202605021112,   0.120,9999.000,9999.000,9999.000,9999.000,9999.000,9999.000,9999.000,9999.000
202605021118,   0.113,9999.000,9999.000,9999.000,9999.000,9999.000,9999.000,9999.000,9999.000
202605021124,   0.105,9999.000,9999.000,9999.000,9999.000,9999.000,9999.000,9999.000,9999.000
202605021130,   0.098,9999.000,9999.000,9999.000,9999.000,9999.000,9999.000,9999.000,9999.000
202605021136,   0.090,9999.000,9999.000,9999.000,9999.000,9999.000,9999.000,9999.000,9999.000
202605021142,   0.082,9999.000,9999.000,9999.000,9999.000,9999.000,9999.000,9999.000,9999.000
202605021148,   0.074,9999.000,9999.000,9999.000,9999.000,9999.000,9999.000,9999.000,9999.000
202605021154,   0.065,9999.000,9999.000,9999.000,9999.000,9999.000,9999.000,9999.000,9999.000
202605021200,   0.057,9999.000,   0.100,  -0.022,   0.135,   0.100,   0.135,   0.200,   0.235
202605021206,   0.048,9999.000,9999.000,9999.000,9999.000,9999.000,9999.000,9999.000,9999.000
202605021212,   0.039,9999.000,9999.000,9999.000,9999.000,9999.000,9999.000,9999.000,9999.000
202605021218,   0.030,9999.000,9999.000,9999.000,9999.000,9999.000,9999.000,9999.000,9999.000
202605021224,   0.020,9999.000,9999.000,9999.000,9999.000,9999.000,9999.000,9999.000,9999.000
202605021230,   0.011,9999.000,9999.000,9999.000,9999.000,9999.000,9999.000,9999.000,9999.000
202605021236,   0.001,9999.000,9999.000,9999.000,9999.000,9999.000,9999.000,9999.000,9999.000
202605021242,  -0.008,9999.000,9999.000,9999.000,9999.000,9999.000,9999.000,9999.000,9999.000
202605021248,  -0.017,9999.000,9999.000,9999.000,9999.000,9999.000,9999.000,9999.000,9999.000
202605021254,  -0.027,9999.000,9999.000,9999.000,9999.000,9999.000,9999.000,9999.000,9999.000
202605021300,  -0.037,9999.000,   0.100,  -0.022,   0.041,   0.100,   0.041,   0.200,   0.141
202605021306,  -0.048,9999.000,9999.000,9999.000,9999.000,9999.000,9999.000,9999.000,9999.000
202605021312,  -0.058,9999.000,9999.000,9999.000,9999.000,9999.000,9999.000,9999.000,9999.000
202605021318,  -0.068,9999.000,9999.000,9999.000,9999.000,9999.000,9999.000,9999.000,9999.000
202605021324,  -0.078,9999.000,9999.000,9999.000,9999.000,9999.000,9999.000,9999.000,9999.000
202605021330,  -0.088,9999.000,9999.000,9999.000,9999.000,9999.000,9999.000,9999.000,9999.000
202605021336,  -0.098,9999.000,9999.000,9999.000,9999.000,9999.000,9999.000,9999.000,9999.000
202605021342,  -0.108,9999.000,9999.000,9999.000,9999.000,9999.000,9999.000,9999.000,9999.000
202605021348,  -0.118,9999.000,9999.000,9999.000,9999.000,9999.000,9999.000,9999.000,9999.000
202605021354,  -0.128,9999.000,9999.000,9999.000,9999.000,9999.000,9999.000,9999.000,9999.000
202605021400,  -0.137,9999.000,   0.100,  -0.022,  -0.059,   0.100,  -0.059,   0.200,   0.041
202605021406,  -0.147,9999.000,9999.000,9999.000,9999.000,9999.000,9999.000,9999.000,9999.000
202605021412,  -0.156,9999.000,9999.000,9999.000,9999.000,9999.000,9999.000,9999.000,9999.000
202605021418,  -0.165,9999.000,9999.000,9999.000,9999.000,9999.000,9999.000,9999.000,9999.000
202605021424,  -0.174,9999.000,9999.000,9999.000,9999.000,9999.000,9999.000,9999.000,9999.000
202605021430,  -0.182,9999.000,9999.000,9999.000,9999.000,9999.000,9999.000,9999.000,9999.000
202605021436,  -0.191,9999.000,9999.000,9999.000,9999.000,9999.000,9999.000,9999.000,9999.000
202605021442,  -0.199,9999.000,9999.000,9999.000,9999.000,9999.000,9999.000,9999.000,9999.000
202605021448,  -0.207,9999.000,9999.000,9999.000,9999.000,9999.000,9999.000,9999.000,9999.000
202605021454,  -0.214,9999.000,9999.000,9999.000,9999.000,9999.000,9999.000,9999.000,9999.000
202605021500,  -0.222,9999.000,   0.100,  -0.022,  -0.144,   0.100,  -0.144,   0.100,  -0.144
202605021506,  -0.229,9999.000,9999.000,9999.000,9999.000,9999.000,9999.000,9999.000,9999.000
202605021512,  -0.235,9999.000,9999.000,9999.000,9999.000,9999.000,9999.000,9999.000,9999.000
202605021518,  -0.242,9999.000,9999.000,9999.000,9999.000,9999.000,9999.000,9999.000,9999.000
202605021524,  -0.248,9999.000,9999.000,9999.000,9999.000,9999.000,9999.000,9999.000,9999.000
202605021530,  -0.253,9999.000,9999.000,9999.000,9999.000,9999.000,9999.000,9999.000,9999.000
202605021536,  -0.259,9999.000,9999.000,9999.000,9999.000,9999.000,9999.000,9999.000,9999.000
202605021542,  -0.263,9999.000,9999.000,9999.000,9999.000,9999.000,9999.000,9999.000,9999.000
202605021548,  -0.268,9999.000,9999.000,9999.000,9999.000,9999.000,9999.000,9999.000,9999.000
202605021554,  -0.272,9999.000,9999.000,9999.000,9999.000,9999.000,9999.000,9999.000,9999.000
202605021600,  -0.276,9999.000,   0.100,  -0.022,  -0.198,   0.100,  -0.198,   0.100,  -0.198
202605021606,  -0.279,9999.000,9999.000,9999.000,9999.000,9999.000,9999.000,9999.000,9999.000
202605021612,  -0.282,9999.000,9999.000,9999.000,9999.000,9999.000,9999.000,9999.000,9999.000
202605021618,  -0.285,9999.000,9999.000,9999.000,9999.000,9999.000,9999.000,9999.000,9999.000
202605021624,  -0.287,9999.000,9999.000,9999.000,9999.000,9999.000,9999.000,9999.000,9999.000
202605021630,  -0.289,9999.000,9999.000,9999.000,9999.000,9999.000,9999.000,9999.000,9999.000
202605021636,  -0.290,9999.000,9999.000,9999.000,9999.000,9999.000,9999.000,9999.000,9999.000
202605021642,  -0.291,9999.000,9999.000,9999.000,9999.000,9999.000,9999.000,9999.000,9999.000
202605021648,  -0.291,9999.000,9999.000,9999.000,9999.000,9999.000,9999.000,9999.000,9999.000
202605021654,  -0.292,9999.000,9999.000,9999.000,9999.000,9999.000,9999.000,9999.000,9999.000
202605021700,  -0.291,9999.000,   0.100,  -0.022,  -0.213,   0.100,  -0.213,   0.100,  -0.213
202605021706,  -0.291,9999.000,9999.000,9999.000,9999.000,9999.000,9999.000,9999.000,9999.000
202605021712,  -0.289,9999.000,9999.000,9999.000,9999.000,9999.000,9999.000,9999.000,9999.000
202605021718,  -0.288,9999.000,9999.000,9999.000,9999.000,9999.000,9999.000,9999.000,9999.000
202605021724,  -0.286,9999.000,9999.000,9999.000,9999.000,9999.000,9999.000,9999.000,9999.000
202605021730,  -0.283,9999.000,9999.000,9999.000,9999.000,9999.000,9999.000,9999.000,9999.000
202605021736,  -0.280,9999.000,9999.000,9999.000,9999.000,9999.000,9999.000,9999.000,9999.000
202605021742,  -0.277,9999.000,9999.000,9999.000,9999.000,9999.000,9999.000,9999.000,9999.000
202605021748,  -0.273,9999.000,9999.000,9999.000,9999.000,9999.000,9999.000,9999.000,9999.000
202605021754,  -0.269,9999.000,9999.000,9999.000,9999.000,9999.000,9999.000,9999.000,9999.000
202605021800,  -0.265,9999.000,   0.200,  -0.022,  -0.087,   0.100,  -0.187,   0.200,  -0.087
202605021806,  -0.259,9999.000,9999.000,9999.000,9999.000,9999.000,9999.000,9999.000,9999.000
202605021812,  -0.254,9999.000,9999.000,9999.000,9999.000,9999.000,9999.000,9999.000,9999.000
202605021818,  -0.248,9999.000,9999.000,9999.000,9999.000,9999.000,9999.000,9999.000,9999.000
202605021824,  -0.242,9999.000,9999.000,9999.000,9999.000,9999.000,9999.000,9999.000,9999.000
202605021830,  -0.235,9999.000,9999.000,9999.000,9999.000,9999.000,9999.000,9999.000,9999.000
202605021836,  -0.227,9999.000,9999.000,9999.000,9999.000,9999.000,9999.000,9999.000,9999.000
202605021842,  -0.220,9999.000,9999.000,9999.000,9999.000,9999.000,9999.000,9999.000,9999.000
202605021848,  -0.211,9999.000,9999.000,9999.000,9999.000,9999.000,9999.000,9999.000,9999.000
202605021854,  -0.203,9999.000,9999.000,9999.000,9999.000,9999.000,9999.000,9999.000,9999.000
202605021900,  -0.193,9999.000,   0.200,  -0.022,  -0.015,   0.100,  -0.115,   0.200,  -0.015
202605021906,  -0.184,9999.000,9999.000,9999.000,9999.000,9999.000,9999.000,9999.000,9999.000
202605021912,  -0.174,9999.000,9999.000,9999.000,9999.000,9999.000,9999.000,9999.000,9999.000
202605021918,  -0.163,9999.000,9999.000,9999.000,9999.000,9999.000,9999.000,9999.000,9999.000
202605021924,  -0.152,9999.000,9999.000,9999.000,9999.000,9999.000,9999.000,9999.000,9999.000
202605021930,  -0.141,9999.000,9999.000,9999.000,9999.000,9999.000,9999.000,9999.000,9999.000
202605021936,  -0.129,9999.000,9999.000,9999.000,9999.000,9999.000,9999.000,9999.000,9999.000
202605021942,  -0.116,9999.000,9999.000,9999.000,9999.000,9999.000,9999.000,9999.000,9999.000
202605021948,  -0.103,9999.000,9999.000,9999.000,9999.000,9999.000,9999.000,9999.000,9999.000
202605021954,  -0.090,9999.000,9999.000,9999.000,9999.000,9999.000,9999.000,9999.000,9999.000
202605022000,  -0.077,9999.000,   0.200,  -0.022,   0.101,   0.100,   0.001,   0.200,   0.101
202605022006,  -0.063,9999.000,9999.000,9999.000,9999.000,9999.000,9999.000,9999.000,9999.000
202605022012,  -0.048,9999.000,9999.000,9999.000,9999.000,9999.000,9999.000,9999.000,9999.000
202605022018,  -0.033,9999.000,9999.000,9999.000,9999.000,9999.000,9999.000,9999.000,9999.000
202605022024,  -0.018,9999.000,9999.000,9999.000,9999.000,9999.000,9999.000,9999.000,9999.000
202605022030,  -0.002,9999.000,9999.000,9999.000,9999.000,9999.000,9999.000,9999.000,9999.000
202605022036,   0.013,9999.000,9999.000,9999.000,9999.000,9999.000,9999.000,9999.000,9999.000
202605022042,   0.029,9999.000,9999.000,9999.000,9999.000,9999.000,9999.000,9999.000,9999.000
202605022048,   0.045,9999.000,9999.000,9999.000,9999.000,9999.000,9999.000,9999.000,9999.000
202605022054,   0.062,9999.000,9999.000,9999.000,9999.000,9999.000,9999.000,9999.000,9999.000
202605022100,   0.079,9999.000,   0.200,  -0.022,   0.257,   0.200,   0.257,   0.200,   0.257
202605022106,   0.097,9999.000,9999.000,9999.000,9999.000,9999.000,9999.000,9999.000,9999.000
202605022112,   0.114,9999.000,9999.000,9999.000,9999.000,9999.000,9999.000,9999.000,9999.000
202605022118,   0.132,9999.000,9999.000,9999.000,9999.000,9999.000,9999.000,9999.000,9999.000
202605022124,   0.150,9999.000,9999.000,9999.000,9999.000,9999.000,9999.000,9999.000,9999.000
202605022130,   0.168,9999.000,9999.000,9999.000,9999.000,9999.000,9999.000,9999.000,9999.000
202605022136,   0.186,9999.000,9999.000,9999.000,9999.000,9999.000,9999.000,9999.000,9999.000
202605022142,   0.204,9999.000,9999.000,9999.000,9999.000,9999.000,9999.000,9999.000,9999.000
202605022148,   0.223,9999.000,9999.000,9999.000,9999.000,9999.000,9999.000,9999.000,9999.000
202605022154,   0.241,9999.000,9999.000,9999.000,9999.000,9999.000,9999.000,9999.000,9999.000
202605022200,   0.259,9999.000,   0.200,  -0.022,   0.437,   0.200,   0.437,   0.200,   0.437
202605022206,   0.277,9999.000,9999.000,9999.000,9999.000,9999.000,9999.000,9999.000,9999.000
202605022212,   0.296,9999.000,9999.000,9999.000,9999.000,9999.000,9999.000,9999.000,9999.000
202605022218,   0.314,9999.000,9999.000,9999.000,9999.000,9999.000,9999.000,9999.000,9999.000
202605022224,   0.332,9999.000,9999.000,9999.000,9999.000,9999.000,9999.000,9999.000,9999.000
202605022230,   0.349,9999.000,9999.000,9999.000,9999.000,9999.000,9999.000,9999.000,9999.000
202605022236,   0.367,9999.000,9999.000,9999.000,9999.000,9999.000,9999.000,9999.000,9999.000
202605022242,   0.384,9999.000,9999.000,9999.000,9999.000,9999.000,9999.000,9999.000,9999.000
202605022248,   0.401,9999.000,9999.000,9999.000,9999.000,9999.000,9999.000,9999.000,9999.000
202605022254,   0.418,9999.000,9999.000,9999.000,9999.000,9999.000,9999.000,9999.000,9999.000
202605022300,   0.434,9999.000,   0.200,  -0.022,   0.612,   0.200,   0.612,   0.200,   0.612
202605022306,   0.450,9999.000,9999.000,9999.000,9999.000,9999.000,9999.000,9999.000,9999.000
202605022312,   0.466,9999.000,9999.000,9999.000,9999.000,9999.000,9999.000,9999.000,9999.000
202605022318,   0.481,9999.000,9999.000,9999.000,9999.000,9999.000,9999.000,9999.000,9999.000
202605022324,   0.496,9999.000,9999.000,9999.000,9999.000,9999.000,9999.000,9999.000,9999.000
202605022330,   0.510,9999.000,9999.000,9999.000,9999.000,9999.000,9999.000,9999.000,9999.000
202605022336,   0.524,9999.000,9999.000,9999.000,9999.000,9999.000,9999.000,9999.000,9999.000
202605022342,   0.538,9999.000,9999.000,9999.000,9999.000,9999.000,9999.000,9999.000,9999.000
202605022348,   0.550,9999.000,9999.000,9999.000,9999.000,9999.000,9999.000,9999.000,9999.000
202605022354,   0.563,9999.000,9999.000,9999.000,9999.000,9999.000,9999.000,9999.000,9999.000
202605030000,   0.574,9999.000,   0.200,  -0.022,   0.752,   0.100,   0.652,   0.200,   0.752
202605030006,   0.586,9999.000,9999.000,9999.000,9999.000,9999.000,9999.000,9999.000,9999.000
202605030012,   0.596,9999.000,9999.000,9999.000,9999.000,9999.000,9999.000,9999.000,9999.000
202605030018,   0.606,9999.000,9999.000,9999.000,9999.000,9999.000,9999.000,9999.000,9999.000
202605030024,   0.616,9999.000,9999.000,9999.000,9999.000,9999.000,9999.000,9999.000,9999.000
202605030030,   0.624,9999.000,9999.000,9999.000,9999.000,9999.000,9999.000,9999.000,9999.000
202605030036,   0.633,9999.000,9999.000,9999.000,9999.000,9999.000,9999.000,9999.000,9999.000
202605030042,   0.640,9999.000,9999.000,9999.000,9999.000,9999.000,9999.000,9999.000,9999.000
202605030048,   0.647,9999.000,9999.000,9999.000,9999.000,9999.000,9999.000,9999.000,9999.000
202605030054,   0.654,9999.000,9999.000,9999.000,9999.000,9999.000,9999.000,9999.000,9999.000
202605030100,   0.659,9999.000,   0.200,  -0.022,   0.837,   0.100,   0.737,   0.200,   0.837
202605030106,   0.665,9999.000,9999.000,9999.000,9999.000,9999.000,9999.000,9999.000,9999.000
202605030112,   0.669,9999.000,9999.000,9999.000,9999.000,9999.000,9999.000,9999.000,9999.000
202605030118,   0.673,9999.000,9999.000,9999.000,9999.000,9999.000,9999.000,9999.000,9999.000
202605030124,   0.676,9999.000,9999.000,9999.000,9999.000,9999.000,9999.000,9999.000,9999.000
202605030130,   0.679,9999.000,9999.000,9999.000,9999.000,9999.000,9999.000,9999.000,9999.000
202605030136,   0.681,9999.000,9999.000,9999.000,9999.000,9999.000,9999.000,9999.000,9999.000
202605030142,   0.683,9999.000,9999.000,9999.000,9999.000,9999.000,9999.000,9999.000,9999.000
202605030148,   0.684,9999.000,9999.000,9999.000,9999.000,9999.000,9999.000,9999.000,9999.000
202605030154,   0.685,9999.000,9999.000,9999.000,9999.000,9999.000,9999.000,9999.000,9999.000
202605030200,   0.685,9999.000,   0.200,  -0.022,   0.863,   0.100,   0.763,   0.200,   0.863
202605030206,   0.685,9999.000,9999.000,9999.000,9999.000,9999.000,9999.000,9999.000,9999.000
202605030212,   0.684,9999.000,9999.000,9999.000,9999.000,9999.000,9999.000,9999.000,9999.000
202605030218,   0.682,9999.000,9999.000,9999.000,9999.000,9999.000,9999.000,9999.000,9999.000
202605030224,   0.681,9999.000,9999.000,9999.000,9999.000,9999.000,9999.000,9999.000,9999.000
202605030230,   0.678,9999.000,9999.000,9999.000,9999.000,9999.000,9999.000,9999.000,9999.000
202605030236,   0.676,9999.000,9999.000,9999.000,9999.000,9999.000,9999.000,9999.000,9999.000
202605030242,   0.673,9999.000,9999.000,9999.000,9999.000,9999.000,9999.000,9999.000,9999.000
202605030248,   0.669,9999.000,9999.000,9999.000,9999.000,9999.000,9999.000,9999.000,9999.000
202605030254,   0.666,9999.000,9999.000,9999.000,9999.000,9999.000,9999.000,9999.000,9999.000
202605030300,   0.662,9999.000,   0.100,  -0.022,   0.740,   0.100,   0.740,   0.200,   0.840
202605030306,   0.657,9999.000,9999.000,9999.000,9999.000,9999.000,9999.000,9999.000,9999.000
202605030312,   0.653,9999.000,9999.000,9999.000,9999.000,9999.000,9999.000,9999.000,9999.000
202605030318,   0.648,9999.000,9999.000,9999.000,9999.000,9999.000,9999.000,9999.000,9999.000
202605030324,   0.642,9999.000,9999.000,9999.000,9999.000,9999.000,9999.000,9999.000,9999.000
202605030330,   0.637,9999.000,9999.000,9999.000,9999.000,9999.000,9999.000,9999.000,9999.000
202605030336,   0.631,9999.000,9999.000,9999.000,9999.000,9999.000,9999.000,9999.000,9999.000
202605030342,   0.625,9999.000,9999.000,9999.000,9999.000,9999.000,9999.000,9999.000,9999.000
202605030348,   0.619,9999.000,9999.000,9999.000,9999.000,9999.000,9999.000,9999.000,9999.000
202605030354,   0.612,9999.000,9999.000,9999.000,9999.000,9999.000,9999.000,9999.000,9999.000
202605030400,   0.606,9999.000,   0.100,  -0.022,   0.684,   0.100,   0.684,   0.200,   0.784
202605030406,   0.599,9999.000,9999.000,9999.000,9999.000,9999.000,9999.000,9999.000,9999.000
202605030412,   0.592,9999.000,9999.000,9999.000,9999.000,9999.000,9999.000,9999.000,9999.000
202605030418,   0.585,9999.000,9999.000,9999.000,9999.000,9999.000,9999.000,9999.000,9999.000
202605030424,   0.578,9999.000,9999.000,9999.000,9999.000,9999.000,9999.000,9999.000,9999.000
202605030430,   0.570,9999.000,9999.000,9999.000,9999.000,9999.000,9999.000,9999.000,9999.000
202605030436,   0.563,9999.000,9999.000,9999.000,9999.000,9999.000,9999.000,9999.000,9999.000
202605030442,   0.555,9999.000,9999.000,9999.000,9999.000,9999.000,9999.000,9999.000,9999.000
202605030448,   0.547,9999.000,9999.000,9999.000,9999.000,9999.000,9999.000,9999.000,9999.000
202605030454,   0.539,9999.000,9999.000,9999.000,9999.000,9999.000,9999.000,9999.000,9999.000
202605030500,   0.531,9999.000,   0.100,  -0.022,   0.609,   0.100,   0.609,   0.200,   0.709
202605030506,   0.523,9999.000,9999.000,9999.000,9999.000,9999.000,9999.000,9999.000,9999.000
202605030512,   0.515,9999.000,9999.000,9999.000,9999.000,9999.000,9999.000,9999.000,9999.000
202605030518,   0.507,9999.000,9999.000,9999.000,9999.000,9999.000,9999.000,9999.000,9999.000
202605030524,   0.499,9999.000,9999.000,9999.000,9999.000,9999.000,9999.000,9999.000,9999.000
202605030530,   0.491,9999.000,9999.000,9999.000,9999.000,9999.000,9999.000,9999.000,9999.000
202605030536,   0.482,9999.000,9999.000,9999.000,9999.000,9999.000,9999.000,9999.000,9999.000
202605030542,   0.474,9999.000,9999.000,9999.000,9999.000,9999.000,9999.000,9999.000,9999.000
202605030548,   0.465,9999.000,9999.000,9999.000,9999.000,9999.000,9999.000,9999.000,9999.000
202605030554,   0.457,9999.000,9999.000,9999.000,9999.000,9999.000,9999.000,9999.000,9999.000
202605030600,   0.449,9999.000,   0.200,  -0.022,   0.627,   0.100,   0.527,   0.200,   0.627
202605030606,   0.440,9999.000,9999.000,9999.000,9999.000,9999.000,9999.000,9999.000,9999.000
202605030612,   0.432,9999.000,9999.000,9999.000,9999.000,9999.000,9999.000,9999.000,9999.000
202605030618,   0.423,9999.000,9999.000,9999.000,9999.000,9999.000,9999.000,9999.000,9999.000
202605030624,   0.415,9999.000,9999.000,9999.000,9999.000,9999.000,9999.000,9999.000,9999.000
202605030630,   0.407,9999.000,9999.000,9999.000,9999.000,9999.000,9999.000,9999.000,9999.000
202605030636,   0.398,9999.000,9999.000,9999.000,9999.000,9999.000,9999.000,9999.000,9999.000
202605030642,   0.390,9999.000,9999.000,9999.000,9999.000,9999.000,9999.000,9999.000,9999.000
202605030648,   0.382,9999.000,9999.000,9999.000,9999.000,9999.000,9999.000,9999.000,9999.000
202605030654,   0.374,9999.000,9999.000,9999.000,9999.000,9999.000,9999.000,9999.000,9999.000
202605030700,   0.366,9999.000,   0.100,  -0.022,   0.444,   0.100,   0.444,   0.200,   0.544
202605030706,   0.358,9999.000,9999.000,9999.000,9999.000,9999.000,9999.000,9999.000,9999.000
202605030712,   0.350,9999.000,9999.000,9999.000,9999.000,9999.000,9999.000,9999.000,9999.000
202605030718,   0.342,9999.000,9999.000,9999.000,9999.000,9999.000,9999.000,9999.000,9999.000
202605030724,   0.334,9999.000,9999.000,9999.000,9999.000,9999.000,9999.000,9999.000,9999.000
202605030730,   0.327,9999.000,9999.000,9999.000,9999.000,9999.000,9999.000,9999.000,9999.000
202605030736,   0.319,9999.000,9999.000,9999.000,9999.000,9999.000,9999.000,9999.000,9999.000
202605030742,   0.312,9999.000,9999.000,9999.000,9999.000,9999.000,9999.000,9999.000,9999.000
202605030748,   0.305,9999.000,9999.000,9999.000,9999.000,9999.000,9999.000,9999.000,9999.000
202605030754,   0.298,9999.000,9999.000,9999.000,9999.000,9999.000,9999.000,9999.000,9999.000
202605030800,   0.291,9999.000,   0.200,  -0.022,   0.469,   0.100,   0.369,   0.200,   0.469
202605030806,   0.284,9999.000,9999.000,9999.000,9999.000,9999.000,9999.000,9999.000,9999.000
202605030812,   0.277,9999.000,9999.000,9999.000,9999.000,9999.000,9999.000,9999.000,9999.000
202605030818,   0.271,9999.000,9999.000,9999.000,9999.000,9999.000,9999.000,9999.000,9999.000
202605030824,   0.264,9999.000,9999.000,9999.000,9999.000,9999.000,9999.000,9999.000,9999.000
202605030830,   0.258,9999.000,9999.000,9999.000,9999.000,9999.000,9999.000,9999.000,9999.000
202605030836,   0.252,9999.000,9999.000,9999.000,9999.000,9999.000,9999.000,9999.000,9999.000
202605030842,   0.246,9999.000,9999.000,9999.000,9999.000,9999.000,9999.000,9999.000,9999.000
202605030848,   0.240,9999.000,9999.000,9999.000,9999.000,9999.000,9999.000,9999.000,9999.000
202605030854,   0.234,9999.000,9999.000,9999.000,9999.000,9999.000,9999.000,9999.000,9999.000
202605030900,   0.229,9999.000,   0.200,  -0.022,   0.407,   0.100,   0.307,   0.200,   0.407
202605030906,   0.223,9999.000,9999.000,9999.000,9999.000,9999.000,9999.000,9999.000,9999.000
202605030912,   0.218,9999.000,9999.000,9999.000,9999.000,9999.000,9999.000,9999.000,9999.000
202605030918,   0.213,9999.000,9999.000,9999.000,9999.000,9999.000,9999.000,9999.000,9999.000
202605030924,   0.208,9999.000,9999.000,9999.000,9999.000,9999.000,9999.000,9999.000,9999.000
202605030930,   0.203,9999.000,9999.000,9999.000,9999.000,9999.000,9999.000,9999.000,9999.000
202605030936,   0.198,9999.000,9999.000,9999.000,9999.000,9999.000,9999.000,9999.000,9999.000
202605030942,   0.193,9999.000,9999.000,9999.000,9999.000,9999.000,9999.000,9999.000,9999.000
202605030948,   0.188,9999.000,9999.000,9999.000,9999.000,9999.000,9999.000,9999.000,9999.000
202605030954,   0.183,9999.000,9999.000,9999.000,9999.000,9999.000,9999.000,9999.000,9999.000
202605031000,   0.178,9999.000,   0.200,  -0.022,   0.356,   0.100,   0.256,   0.200,   0.356
202605031006,   0.173,9999.000,9999.000,9999.000,9999.000,9999.000,9999.000,9999.000,9999.000
202605031012,   0.169,9999.000,9999.000,9999.000,9999.000,9999.000,9999.000,9999.000,9999.000
202605031018,   0.164,9999.000,9999.000,9999.000,9999.000,9999.000,9999.000,9999.000,9999.000
202605031024,   0.159,9999.000,9999.000,9999.000,9999.000,9999.000,9999.000,9999.000,9999.000
202605031030,   0.154,9999.000,9999.000,9999.000,9999.000,9999.000,9999.000,9999.000,9999.000
202605031036,   0.149,9999.000,9999.000,9999.000,9999.000,9999.000,9999.000,9999.000,9999.000
202605031042,   0.144,9999.000,9999.000,9999.000,9999.000,9999.000,9999.000,9999.000,9999.000
202605031048,   0.138,9999.000,9999.000,9999.000,9999.000,9999.000,9999.000,9999.000,9999.000
202605031054,   0.133,9999.000,9999.000,9999.000,9999.000,9999.000,9999.000,9999.000,9999.000
202605031100,   0.128,9999.000,   0.200,  -0.022,   0.306,   0.100,   0.206,   0.200,   0.306
202605031106,   0.122,9999.000,9999.000,9999.000,9999.000,9999.000,9999.000,9999.000,9999.000
202605031112,   0.116,9999.000,9999.000,9999.000,9999.000,9999.000,9999.000,9999.000,9999.000
202605031118,   0.110,9999.000,9999.000,9999.000,9999.000,9999.000,9999.000,9999.000,9999.000
202605031124,   0.104,9999.000,9999.000,9999.000,9999.000,9999.000,9999.000,9999.000,9999.000
202605031130,   0.098,9999.000,9999.000,9999.000,9999.000,9999.000,9999.000,9999.000,9999.000
202605031136,   0.091,9999.000,9999.000,9999.000,9999.000,9999.000,9999.000,9999.000,9999.000
202605031142,   0.084,9999.000,9999.000,9999.000,9999.000,9999.000,9999.000,9999.000,9999.000
202605031148,   0.077,9999.000,9999.000,9999.000,9999.000,9999.000,9999.000,9999.000,9999.000
202605031154,   0.070,9999.000,9999.000,9999.000,9999.000,9999.000,9999.000,9999.000,9999.000
202605031200,   0.062,9999.000,   0.100,  -0.022,   0.140,   0.100,   0.140,   0.100,   0.140
202605031206,   0.055,9999.000,9999.000,9999.000,9999.000,9999.000,9999.000,9999.000,9999.000
202605031212,   0.047,9999.000,9999.000,9999.000,9999.000,9999.000,9999.000,9999.000,9999.000
202605031218,   0.038,9999.000,9999.000,9999.000,9999.000,9999.000,9999.000,9999.000,9999.000
202605031224,   0.030,9999.000,9999.000,9999.000,9999.000,9999.000,9999.000,9999.000,9999.000
202605031230,   0.021,9999.000,9999.000,9999.000,9999.000,9999.000,9999.000,9999.000,9999.000
202605031236,   0.012,9999.000,9999.000,9999.000,9999.000,9999.000,9999.000,9999.000,9999.000
202605031242,   0.003,9999.000,9999.000,9999.000,9999.000,9999.000,9999.000,9999.000,9999.000
202605031248,  -0.005,9999.000,9999.000,9999.000,9999.000,9999.000,9999.000,9999.000,9999.000
202605031254,  -0.014,9999.000,9999.000,9999.000,9999.000,9999.000,9999.000,9999.000,9999.000
202605031300,  -0.024,9999.000,   0.100,  -0.022,   0.054,   0.100,   0.054,   0.100,   0.054
202605031306,  -0.034,9999.000,9999.000,9999.000,9999.000,9999.000,9999.000,9999.000,9999.000
202605031312,  -0.044,9999.000,9999.000,9999.000,9999.000,9999.000,9999.000,9999.000,9999.000
202605031318,  -0.054,9999.000,9999.000,9999.000,9999.000,9999.000,9999.000,9999.000,9999.000
202605031324,  -0.064,9999.000,9999.000,9999.000,9999.000,9999.000,9999.000,9999.000,9999.000
202605031330,  -0.075,9999.000,9999.000,9999.000,9999.000,9999.000,9999.000,9999.000,9999.000
202605031336,  -0.085,9999.000,9999.000,9999.000,9999.000,9999.000,9999.000,9999.000,9999.000
202605031342,  -0.095,9999.000,9999.000,9999.000,9999.000,9999.000,9999.000,9999.000,9999.000
202605031348,  -0.106,9999.000,9999.000,9999.000,9999.000,9999.000,9999.000,9999.000,9999.000
202605031354,  -0.116,9999.000,9999.000,9999.000,9999.000,9999.000,9999.000,9999.000,9999.000
202605031400,  -0.127,9999.000,   0.100,  -0.022,  -0.049,   0.100,  -0.049,   0.100,  -0.049
202605031406,  -0.137,9999.000,9999.000,9999.000,9999.000,9999.000,9999.000,9999.000,9999.000
202605031412,  -0.148,9999.000,9999.000,9999.000,9999.000,9999.000,9999.000,9999.000,9999.000
202605031418,  -0.158,9999.000,9999.000,9999.000,9999.000,9999.000,9999.000,9999.000,9999.000
202605031424,  -0.168,9999.000,9999.000,9999.000,9999.000,9999.000,9999.000,9999.000,9999.000
202605031430,  -0.178,9999.000,9999.000,9999.000,9999.000,9999.000,9999.000,9999.000,9999.000
202605031436,  -0.188,9999.000,9999.000,9999.000,9999.000,9999.000,9999.000,9999.000,9999.000
202605031442,  -0.198,9999.000,9999.000,9999.000,9999.000,9999.000,9999.000,9999.000,9999.000
202605031448,  -0.207,9999.000,9999.000,9999.000,9999.000,9999.000,9999.000,9999.000,9999.000
202605031454,  -0.217,9999.000,9999.000,9999.000,9999.000,9999.000,9999.000,9999.000,9999.000
202605031500,  -0.226,9999.000,   0.100,  -0.022,  -0.148,   0.100,  -0.148,   0.100,  -0.148
202605031506,  -0.235,9999.000,9999.000,9999.000,9999.000,9999.000,9999.000,9999.000,9999.000
202605031512,  -0.243,9999.000,9999.000,9999.000,9999.000,9999.000,9999.000,9999.000,9999.000
202605031518,  -0.251,9999.000,9999.000,9999.000,9999.000,9999.000,9999.000,9999.000,9999.000
202605031524,  -0.259,9999.000,9999.000,9999.000,9999.000,9999.000,9999.000,9999.000,9999.000
202605031530,  -0.267,9999.000,9999.000,9999.000,9999.000,9999.000,9999.000,9999.000,9999.000
202605031536,  -0.274,9999.000,9999.000,9999.000,9999.000,9999.000,9999.000,9999.000,9999.000
202605031542,  -0.281,9999.000,9999.000,9999.000,9999.000,9999.000,9999.000,9999.000,9999.000
202605031548,  -0.287,9999.000,9999.000,9999.000,9999.000,9999.000,9999.000,9999.000,9999.000
202605031554,  -0.293,9999.000,9999.000,9999.000,9999.000,9999.000,9999.000,9999.000,9999.000
202605031600,  -0.299,9999.000,   0.100,  -0.022,  -0.221,   0.100,  -0.221,   0.100,  -0.221
202605031606,  -0.304,9999.000,9999.000,9999.000,9999.000,9999.000,9999.000,9999.000,9999.000
202605031612,  -0.309,9999.000,9999.000,9999.000,9999.000,9999.000,9999.000,9999.000,9999.000
202605031618,  -0.313,9999.000,9999.000,9999.000,9999.000,9999.000,9999.000,9999.000,9999.000
202605031624,  -0.317,9999.000,9999.000,9999.000,9999.000,9999.000,9999.000,9999.000,9999.000
202605031630,  -0.321,9999.000,9999.000,9999.000,9999.000,9999.000,9999.000,9999.000,9999.000
202605031636,  -0.324,9999.000,9999.000,9999.000,9999.000,9999.000,9999.000,9999.000,9999.000
202605031642,  -0.326,9999.000,9999.000,9999.000,9999.000,9999.000,9999.000,9999.000,9999.000
202605031648,  -0.329,9999.000,9999.000,9999.000,9999.000,9999.000,9999.000,9999.000,9999.000
202605031654,  -0.330,9999.000,9999.000,9999.000,9999.000,9999.000,9999.000,9999.000,9999.000
202605031700,  -0.332,9999.000,   0.100,  -0.022,  -0.254,   0.100,  -0.254,   0.100,  -0.254
202605031706,  -0.332,9999.000,9999.000,9999.000,9999.000,9999.000,9999.000,9999.000,9999.000
202605031712,  -0.333,9999.000,9999.000,9999.000,9999.000,9999.000,9999.000,9999.000,9999.000
202605031718,  -0.333,9999.000,9999.000,9999.000,9999.000,9999.000,9999.000,9999.000,9999.000
202605031724,  -0.332,9999.000,9999.000,9999.000,9999.000,9999.000,9999.000,9999.000,9999.000
202605031730,  -0.331,9999.000,9999.000,9999.000,9999.000,9999.000,9999.000,9999.000,9999.000
202605031736,  -0.330,9999.000,9999.000,9999.000,9999.000,9999.000,9999.000,9999.000,9999.000
202605031742,  -0.328,9999.000,9999.000,9999.000,9999.000,9999.000,9999.000,9999.000,9999.000
202605031748,  -0.326,9999.000,9999.000,9999.000,9999.000,9999.000,9999.000,9999.000,9999.000
202605031754,  -0.323,9999.000,9999.000,9999.000,9999.000,9999.000,9999.000,9999.000,9999.000
202605031800,  -0.320,9999.000,   0.100,  -0.022,  -0.242,   0.100,  -0.242,   0.200,  -0.142
202605031806,  -0.317,9999.000,9999.000,9999.000,9999.000,9999.000,9999.000,9999.000,9999.000
202605031812,  -0.313,9999.000,9999.000,9999.000,9999.000,9999.000,9999.000,9999.000,9999.000
202605031818,  -0.308,9999.000,9999.000,9999.000,9999.000,9999.000,9999.000,9999.000,9999.000
202605031824,  -0.304,9999.000,9999.000,9999.000,9999.000,9999.000,9999.000,9999.000,9999.000
202605031830,  -0.299,9999.000,9999.000,9999.000,9999.000,9999.000,9999.000,9999.000,9999.000
202605031836,  -0.293,9999.000,9999.000,9999.000,9999.000,9999.000,9999.000,9999.000,9999.000
202605031842,  -0.287,9999.000,9999.000,9999.000,9999.000,9999.000,9999.000,9999.000,9999.000
202605031848,  -0.281,9999.000,9999.000,9999.000,9999.000,9999.000,9999.000,9999.000,9999.000
202605031854,  -0.274,9999.000,9999.000,9999.000,9999.000,9999.000,9999.000,9999.000,9999.000
202605031900,  -0.267,9999.000,   0.100,  -0.022,  -0.189,   0.100,  -0.189,   0.200,  -0.089
202605031906,  -0.259,9999.000,9999.000,9999.000,9999.000,9999.000,9999.000,9999.000,9999.000
202605031912,  -0.251,9999.000,9999.000,9999.000,9999.000,9999.000,9999.000,9999.000,9999.000
202605031918,  -0.243,9999.000,9999.000,9999.000,9999.000,9999.000,9999.000,9999.000,9999.000
202605031924,  -0.234,9999.000,9999.000,9999.000,9999.000,9999.000,9999.000,9999.000,9999.000
202605031930,  -0.225,9999.000,9999.000,9999.000,9999.000,9999.000,9999.000,9999.000,9999.000
202605031936,  -0.215,9999.000,9999.000,9999.000,9999.000,9999.000,9999.000,9999.000,9999.000
202605031942,  -0.205,9999.000,9999.000,9999.000,9999.000,9999.000,9999.000,9999.000,9999.000
202605031948,  -0.195,9999.000,9999.000,9999.000,9999.000,9999.000,9999.000,9999.000,9999.000
202605031954,  -0.184,9999.000,9999.000,9999.000,9999.000,9999.000,9999.000,9999.000,9999.000
202605032000,  -0.173,9999.000,   0.200,  -0.022,   0.005,   0.100,  -0.095,   0.200,   0.005
202605032006,  -0.162,9999.000,9999.000,9999.000,9999.000,9999.000,9999.000,9999.000,9999.000
202605032012,  -0.150,9999.000,9999.000,9999.000,9999.000,9999.000,9999.000,9999.000,9999.000
202605032018,  -0.137,9999.000,9999.000,9999.000,9999.000,9999.000,9999.000,9999.000,9999.000
202605032024,  -0.124,9999.000,9999.000,9999.000,9999.000,9999.000,9999.000,9999.000,9999.000
202605032030,  -0.111,9999.000,9999.000,9999.000,9999.000,9999.000,9999.000,9999.000,9999.000
202605032036,  -0.098,9999.000,9999.000,9999.000,9999.000,9999.000,9999.000,9999.000,9999.000
202605032042,  -0.084,9999.000,9999.000,9999.000,9999.000,9999.000,9999.000,9999.000,9999.000
202605032048,  -0.069,9999.000,9999.000,9999.000,9999.000,9999.000,9999.000,9999.000,9999.000
202605032054,  -0.055,9999.000,9999.000,9999.000,9999.000,9999.000,9999.000,9999.000,9999.000
202605032100,  -0.040,9999.000,   0.200,  -0.022,   0.138,   0.200,   0.138,   0.200,   0.138
202605032106,  -0.024,9999.000,9999.000,9999.000,9999.000,9999.000,9999.000,9999.000,9999.000
202605032112,  -0.009,9999.000,9999.000,9999.000,9999.000,9999.000,9999.000,9999.000,9999.000
202605032118,   0.006,9999.000,9999.000,9999.000,9999.000,9999.000,9999.000,9999.000,9999.000
202605032124,   0.023,9999.000,9999.000,9999.000,9999.000,9999.000,9999.000,9999.000,9999.000
202605032130,   0.039,9999.000,9999.000,9999.000,9999.000,9999.000,9999.000,9999.000,9999.000
202605032136,   0.056,9999.000,9999.000,9999.000,9999.000,9999.000,9999.000,9999.000,9999.000
202605032142,   0.073,9999.000,9999.000,9999.000,9999.000,9999.000,9999.000,9999.000,9999.000
202605032148,   0.091,9999.000,9999.000,9999.000,9999.000,9999.000,9999.000,9999.000,9999.000
202605032154,   0.108,9999.000,9999.000,9999.000,9999.000,9999.000,9999.000,9999.000,9999.000
202605032200,   0.126,9999.000,   0.200,  -0.022,   0.304,   0.100,   0.204,   0.200,   0.304
202605032206,   0.144,9999.000,9999.000,9999.000,9999.000,9999.000,9999.000,9999.000,9999.000
202605032212,   0.162,9999.000,9999.000,9999.000,9999.000,9999.000,9999.000,9999.000,9999.000
202605032218,   0.180,9999.000,9999.000,9999.000,9999.000,9999.000,9999.000,9999.000,9999.000
202605032224,   0.198,9999.000,9999.000,9999.000,9999.000,9999.000,9999.000,9999.000,9999.000
202605032230,   0.217,9999.000,9999.000,9999.000,9999.000,9999.000,9999.000,9999.000,9999.000
202605032236,   0.235,9999.000,9999.000,9999.000,9999.000,9999.000,9999.000,9999.000,9999.000
202605032242,   0.253,9999.000,9999.000,9999.000,9999.000,9999.000,9999.000,9999.000,9999.000
202605032248,   0.271,9999.000,9999.000,9999.000,9999.000,9999.000,9999.000,9999.000,9999.000
202605032254,   0.290,9999.000,9999.000,9999.000,9999.000,9999.000,9999.000,9999.000,9999.000
202605032300,   0.308,9999.000,   0.200,  -0.022,   0.486,   0.100,   0.386,   0.200,   0.486
202605032306,   0.325,9999.000,9999.000,9999.000,9999.000,9999.000,9999.000,9999.000,9999.000
202605032312,   0.343,9999.000,9999.000,9999.000,9999.000,9999.000,9999.000,9999.000,9999.000
202605032318,   0.361,9999.000,9999.000,9999.000,9999.000,9999.000,9999.000,9999.000,9999.000
202605032324,   0.378,9999.000,9999.000,9999.000,9999.000,9999.000,9999.000,9999.000,9999.000
202605032330,   0.395,9999.000,9999.000,9999.000,9999.000,9999.000,9999.000,9999.000,9999.000
202605032336,   0.412,9999.000,9999.000,9999.000,9999.000,9999.000,9999.000,9999.000,9999.000
202605032342,   0.428,9999.000,9999.000,9999.000,9999.000,9999.000,9999.000,9999.000,9999.000
202605032348,   0.444,9999.000,9999.000,9999.000,9999.000,9999.000,9999.000,9999.000,9999.000
202605032354,   0.459,9999.000,9999.000,9999.000,9999.000,9999.000,9999.000,9999.000,9999.000
202605040000,   0.474,9999.000,   0.200,  -0.022,   0.652,   0.100,   0.552,   0.200,   0.652
202605040006,   0.489,9999.000,9999.000,9999.000,9999.000,9999.000,9999.000,9999.000,9999.000
202605040012,   0.503,9999.000,9999.000,9999.000,9999.000,9999.000,9999.000,9999.000,9999.000
202605040018,   0.517,9999.000,9999.000,9999.000,9999.000,9999.000,9999.000,9999.000,9999.000
202605040024,   0.530,9999.000,9999.000,9999.000,9999.000,9999.000,9999.000,9999.000,9999.000
202605040030,   0.543,9999.000,9999.000,9999.000,9999.000,9999.000,9999.000,9999.000,9999.000
202605040036,   0.555,9999.000,9999.000,9999.000,9999.000,9999.000,9999.000,9999.000,9999.000
202605040042,   0.566,9999.000,9999.000,9999.000,9999.000,9999.000,9999.000,9999.000,9999.000
202605040048,   0.577,9999.000,9999.000,9999.000,9999.000,9999.000,9999.000,9999.000,9999.000
202605040054,   0.588,9999.000,9999.000,9999.000,9999.000,9999.000,9999.000,9999.000,9999.000
202605040100,   0.597,9999.000,   0.200,  -0.022,   0.775,   0.100,   0.675,   0.200,   0.775
202605040106,   0.606,9999.000,9999.000,9999.000,9999.000,9999.000,9999.000,9999.000,9999.000
202605040112,   0.615,9999.000,9999.000,9999.000,9999.000,9999.000,9999.000,9999.000,9999.000
202605040118,   0.623,9999.000,9999.000,9999.000,9999.000,9999.000,9999.000,9999.000,9999.000
202605040124,   0.630,9999.000,9999.000,9999.000,9999.000,9999.000,9999.000,9999.000,9999.000
202605040130,   0.636,9999.000,9999.000,9999.000,9999.000,9999.000,9999.000,9999.000,9999.000
202605040136,   0.642,9999.000,9999.000,9999.000,9999.000,9999.000,9999.000,9999.000,9999.000
202605040142,   0.647,9999.000,9999.000,9999.000,9999.000,9999.000,9999.000,9999.000,9999.000
202605040148,   0.652,9999.000,9999.000,9999.000,9999.000,9999.000,9999.000,9999.000,9999.000
202605040154,   0.656,9999.000,9999.000,9999.000,9999.000,9999.000,9999.000,9999.000,9999.000
202605040200,   0.660,9999.000,   0.200,  -0.022,   0.838,   0.100,   0.738,   0.200,   0.838
202605040206,   0.662,9999.000,9999.000,9999.000,9999.000,9999.000,9999.000,9999.000,9999.000
202605040212,   0.665,9999.000,9999.000,9999.000,9999.000,9999.000,9999.000,9999.000,9999.000
202605040218,   0.666,9999.000,9999.000,9999.000,9999.000,9999.000,9999.000,9999.000,9999.000
202605040224,   0.668,9999.000,9999.000,9999.000,9999.000,9999.000,9999.000,9999.000,9999.000
202605040230,   0.668,9999.000,9999.000,9999.000,9999.000,9999.000,9999.000,9999.000,9999.000
202605040236,   0.668,9999.000,9999.000,9999.000,9999.000,9999.000,9999.000,9999.000,9999.000
202605040242,   0.668,9999.000,9999.000,9999.000,9999.000,9999.000,9999.000,9999.000,9999.000
202605040248,   0.667,9999.000,9999.000,9999.000,9999.000,9999.000,9999.000,9999.000,9999.000
202605040254,   0.666,9999.000,9999.000,9999.000,9999.000,9999.000,9999.000,9999.000,9999.000
202605040300,   0.664,9999.000,   0.100,  -0.022,   0.742,   0.100,   0.742,   0.100,   0.742
202605040306,   0.662,9999.000,9999.000,9999.000,9999.000,9999.000,9999.000,9999.000,9999.000
202605040312,   0.660,9999.000,9999.000,9999.000,9999.000,9999.000,9999.000,9999.000,9999.000
202605040318,   0.657,9999.000,9999.000,9999.000,9999.000,9999.000,9999.000,9999.000,9999.000
202605040324,   0.654,9999.000,9999.000,9999.000,9999.000,9999.000,9999.000,9999.000,9999.000
202605040330,   0.650,9999.000,9999.000,9999.000,9999.000,9999.000,9999.000,9999.000,9999.000
202605040336,   0.646,9999.000,9999.000,9999.000,9999.000,9999.000,9999.000,9999.000,9999.000
202605040342,   0.642,9999.000,9999.000,9999.000,9999.000,9999.000,9999.000,9999.000,9999.000
202605040348,   0.637,9999.000,9999.000,9999.000,9999.000,9999.000,9999.000,9999.000,9999.000
202605040354,   0.633,9999.000,9999.000,9999.000,9999.000,9999.000,9999.000,9999.000,9999.000
202605040400,   0.628,9999.000,   0.100,  -0.022,   0.706,   0.100,   0.706,   0.100,   0.706
202605040406,   0.623,9999.000,9999.000,9999.000,9999.000,9999.000,9999.000,9999.000,9999.000
202605040412,   0.617,9999.000,9999.000,9999.000,9999.000,9999.000,9999.000,9999.000,9999.000
202605040418,   0.612,9999.000,9999.000,9999.000,9999.000,9999.000,9999.000,9999.000,9999.000
202605040424,   0.606,9999.000,9999.000,9999.000,9999.000,9999.000,9999.000,9999.000,9999.000
202605040430,   0.600,9999.000,9999.000,9999.000,9999.000,9999.000,9999.000,9999.000,9999.000
202605040436,   0.594,9999.000,9999.000,9999.000,9999.000,9999.000,9999.000,9999.000,9999.000
202605040442,   0.588,9999.000,9999.000,9999.000,9999.000,9999.000,9999.000,9999.000,9999.000
202605040448,   0.581,9999.000,9999.000,9999.000,9999.000,9999.000,9999.000,9999.000,9999.000
202605040454,   0.575,9999.000,9999.000,9999.000,9999.000,9999.000,9999.000,9999.000,9999.000
202605040500,   0.568,9999.000,   0.100,  -0.022,   0.646,   0.100,   0.646,   0.200,   0.746
202605040506,   0.561,9999.000,9999.000,9999.000,9999.000,9999.000,9999.000,9999.000,9999.000
202605040512,   0.555,9999.000,9999.000,9999.000,9999.000,9999.000,9999.000,9999.000,9999.000
202605040518,   0.548,9999.000,9999.000,9999.000,9999.000,9999.000,9999.000,9999.000,9999.000
202605040524,   0.541,9999.000,9999.000,9999.000,9999.000,9999.000,9999.000,9999.000,9999.000
202605040530,   0.533,9999.000,9999.000,9999.000,9999.000,9999.000,9999.000,9999.000,9999.000
202605040536,   0.526,9999.000,9999.000,9999.000,9999.000,9999.000,9999.000,9999.000,9999.000
202605040542,   0.519,9999.000,9999.000,9999.000,9999.000,9999.000,9999.000,9999.000,9999.000
202605040548,   0.512,9999.000,9999.000,9999.000,9999.000,9999.000,9999.000,9999.000,9999.000
202605040554,   0.504,9999.000,9999.000,9999.000,9999.000,9999.000,9999.000,9999.000,9999.000
202605040600,   0.497,9999.000,   0.200,  -0.022,   0.675,   0.100,   0.575,   0.200,   0.675
202605040606,   0.489,9999.000,9999.000,9999.000,9999.000,9999.000,9999.000,9999.000,9999.000
202605040612,   0.482,9999.000,9999.000,9999.000,9999.000,9999.000,9999.000,9999.000,9999.000
202605040618,   0.474,9999.000,9999.000,9999.000,9999.000,9999.000,9999.000,9999.000,9999.000
202605040624,   0.466,9999.000,9999.000,9999.000,9999.000,9999.000,9999.000,9999.000,9999.000
202605040630,   0.458,9999.000,9999.000,9999.000,9999.000,9999.000,9999.000,9999.000,9999.000
202605040636,   0.450,9999.000,9999.000,9999.000,9999.000,9999.000,9999.000,9999.000,9999.000
202605040642,   0.443,9999.000,9999.000,9999.000,9999.000,9999.000,9999.000,9999.000,9999.000
202605040648,   0.435,9999.000,9999.000,9999.000,9999.000,9999.000,9999.000,9999.000,9999.000
202605040654,   0.427,9999.000,9999.000,9999.000,9999.000,9999.000,9999.000,9999.000,9999.000
202605040700,   0.419,9999.000,   0.200,  -0.022,   0.597,   0.100,   0.497,   0.200,   0.597
202605040706,   0.411,9999.000,9999.000,9999.000,9999.000,9999.000,9999.000,9999.000,9999.000
202605040712,   0.403,9999.000,9999.000,9999.000,9999.000,9999.000,9999.000,9999.000,9999.000
202605040718,   0.395,9999.000,9999.000,9999.000,9999.000,9999.000,9999.000,9999.000,9999.000
202605040724,   0.387,9999.000,9999.000,9999.000,9999.000,9999.000,9999.000,9999.000,9999.000
202605040730,   0.380,9999.000,9999.000,9999.000,9999.000,9999.000,9999.000,9999.000,9999.000
202605040736,   0.371,9999.000,9999.000,9999.000,9999.000,9999.000,9999.000,9999.000,9999.000
202605040742,   0.363,9999.000,9999.000,9999.000,9999.000,9999.000,9999.000,9999.000,9999.000
202605040748,   0.355,9999.000,9999.000,9999.000,9999.000,9999.000,9999.000,9999.000,9999.000
202605040754,   0.347,9999.000,9999.000,9999.000,9999.000,9999.000,9999.000,9999.000,9999.000
202605040800,   0.339,9999.000,   0.200,  -0.022,   0.517,   0.100,   0.417,   0.200,   0.517
202605040806,   0.331,9999.000,9999.000,9999.000,9999.000,9999.000,9999.000,9999.000,9999.000
202605040812,   0.323,9999.000,9999.000,9999.000,9999.000,9999.000,9999.000,9999.000,9999.000
202605040818,   0.316,9999.000,9999.000,9999.000,9999.000,9999.000,9999.000,9999.000,9999.000
202605040824,   0.308,9999.000,9999.000,9999.000,9999.000,9999.000,9999.000,9999.000,9999.000
202605040830,   0.300,9999.000,9999.000,9999.000,9999.000,9999.000,9999.000,9999.000,9999.000
202605040836,   0.293,9999.000,9999.000,9999.000,9999.000,9999.000,9999.000,9999.000,9999.000
202605040842,   0.286,9999.000,9999.000,9999.000,9999.000,9999.000,9999.000,9999.000,9999.000
202605040848,   0.279,9999.000,9999.000,9999.000,9999.000,9999.000,9999.000,9999.000,9999.000
202605040854,   0.271,9999.000,9999.000,9999.000,9999.000,9999.000,9999.000,9999.000,9999.000
202605040900,   0.264,9999.000,   0.200,  -0.022,   0.442,   0.200,   0.442,   0.200,   0.442
202605040906,   0.258,9999.000,9999.000,9999.000,9999.000,9999.000,9999.000,9999.000,9999.000
202605040912,   0.251,9999.000,9999.000,9999.000,9999.000,9999.000,9999.000,9999.000,9999.000
202605040918,   0.244,9999.000,9999.000,9999.000,9999.000,9999.000,9999.000,9999.000,9999.000
202605040924,   0.238,9999.000,9999.000,9999.000,9999.000,9999.000,9999.000,9999.000,9999.000
202605040930,   0.231,9999.000,9999.000,9999.000,9999.000,9999.000,9999.000,9999.000,9999.000
202605040936,   0.225,9999.000,9999.000,9999.000,9999.000,9999.000,9999.000,9999.000,9999.000
202605040942,   0.219,9999.000,9999.000,9999.000,9999.000,9999.000,9999.000,9999.000,9999.000
202605040948,   0.213,9999.000,9999.000,9999.000,9999.000,9999.000,9999.000,9999.000,9999.000
202605040954,   0.207,9999.000,9999.000,9999.000,9999.000,9999.000,9999.000,9999.000,9999.000
202605041000,   0.201,9999.000,   0.200,  -0.022,   0.379,   0.200,   0.379,   0.200,   0.379
202605041006,   0.195,9999.000,9999.000,9999.000,9999.000,9999.000,9999.000,9999.000,9999.000
202605041012,   0.190,9999.000,9999.000,9999.000,9999.000,9999.000,9999.000,9999.000,9999.000
202605041018,   0.184,9999.000,9999.000,9999.000,9999.000,9999.000,9999.000,9999.000,9999.000
202605041024,   0.179,9999.000,9999.000,9999.000,9999.000,9999.000,9999.000,9999.000,9999.000
202605041030,   0.173,9999.000,9999.000,9999.000,9999.000,9999.000,9999.000,9999.000,9999.000
202605041036,   0.168,9999.000,9999.000,9999.000,9999.000,9999.000,9999.000,9999.000,9999.000
202605041042,   0.163,9999.000,9999.000,9999.000,9999.000,9999.000,9999.000,9999.000,9999.000
202605041048,   0.157,9999.000,9999.000,9999.000,9999.000,9999.000,9999.000,9999.000,9999.000
202605041054,   0.152,9999.000,9999.000,9999.000,9999.000,9999.000,9999.000,9999.000,9999.000
202605041100,   0.147,9999.000,   0.200,  -0.022,   0.325,   0.200,   0.325,   0.200,   0.325
202605041106,   0.141,9999.000,9999.000,9999.000,9999.000,9999.000,9999.000,9999.000,9999.000
202605041112,   0.136,9999.000,9999.000,9999.000,9999.000,9999.000,9999.000,9999.000,9999.000
202605041118,   0.130,9999.000,9999.000,9999.000,9999.000,9999.000,9999.000,9999.000,9999.000
202605041124,   0.125,9999.000,9999.000,9999.000,9999.000,9999.000,9999.000,9999.000,9999.000
202605041130,   0.119,9999.000,9999.000,9999.000,9999.000,9999.000,9999.000,9999.000,9999.000
202605041136,   0.113,9999.000,9999.000,9999.000,9999.000,9999.000,9999.000,9999.000,9999.000
202605041142,   0.107,9999.000,9999.000,9999.000,9999.000,9999.000,9999.000,9999.000,9999.000
202605041148,   0.101,9999.000,9999.000,9999.000,9999.000,9999.000,9999.000,9999.000,9999.000
202605041154,   0.095,9999.000,9999.000,9999.000,9999.000,9999.000,9999.000,9999.000,9999.000
202605041200,   0.089,9999.000,   0.100,  -0.022,   0.167,   0.100,   0.167,   0.200,   0.267
