        TIME,    TIDE,      OB,   SURGE,    BIAS,     TWL,SURGE90p,  TWL90p,SURGE10p,   TWL10p
202606011200,   1.213,   1.849,   0.900,  -0.264,   1.849,   0.800,   1.749,   0.900,   1.849
202606011206,   1.334,9999.000,9999.000,9999.000,9999.000,9999.000,9999.000,9999.000,9999.000
202606011212,   1.461,   2.128,9999.000,9999.000,9999.000,9999.000,9999.000,9999.000,9999.000
202606011218,   1.594,9999.000,9999.000,9999.000,9999.000,9999.000,9999.000,9999.000,9999.000
202606011224,   1.734,   2.459,9999.000,9999.000,9999.000,9999.000,9999.000,9999.000,9999.000
202606011230,   1.879,9999.000,9999.000,9999.000,9999.000,9999.000,9999.000,9999.000,9999.000
202606011236,   2.029,   2.768,9999.000,9999.000,9999.000,9999.000,9999.000,9999.000,9999.000
202606011242,   2.185,9999.000,9999.000,9999.000,9999.000,9999.000,9999.000,9999.000,9999.000
202606011248,   2.347,   3.060,9999.000,9999.000,9999.000,9999.000,9999.000,9999.000,9999.000
202606011254,   2.513,9999.000,9999.000,9999.000,9999.000,9999.000,9999.000,9999.000,9999.000
202606011300,   2.685,   3.339,   0.800,  -0.146,   3.339,   0.800,   3.339,   0.900,   3.439
202606011306,   2.862,   3.499,9999.000,9999.000,9999.000,9999.000,9999.000,9999.000,9999.000
202606011312,   3.043,   3.689,9999.000,9999.000,9999.000,9999.000,9999.000,9999.000,9999.000
202606011318,   3.229,   3.847,9999.000,9999.000,9999.000,9999.000,9999.000,9999.000,9999.000
202606011324,   3.420,   4.037,9999.000,9999.000,9999.000,9999.000,9999.000,9999.000,9999.000
202606011330,   3.615,   4.227,9999.000,9999.000,9999.000,9999.000,9999.000,9999.000,9999.000
202606011336,   3.814,   4.427,9999.000,9999.000,9999.000,9999.000,9999.000,9999.000,9999.000
202606011342,   4.017,   4.618,9999.000,9999.000,9999.000,9999.000,9999.000,9999.000,9999.000
202606011348,   4.222,   4.808,9999.000,9999.000,9999.000,9999.000,9999.000,9999.000,9999.000
202606011354,   4.430,   5.008,9999.000,9999.000,9999.000,9999.000,9999.000,9999.000,9999.000
202606011400,   4.641,   5.218,   0.800,  -0.223,   5.218,   0.700,   5.118,   0.900,   5.318
202606011406,   4.852,   5.438,9999.000,9999.000,9999.000,9999.000,9999.000,9999.000,9999.000
202606011412,   5.065,   5.638,9999.000,9999.000,9999.000,9999.000,9999.000,9999.000,9999.000
202606011418,   5.278,   5.877,9999.000,9999.000,9999.000,9999.000,9999.000,9999.000,9999.000
202606011424,   5.490,   6.048,9999.000,9999.000,9999.000,9999.000,9999.000,9999.000,9999.000
202606011430,   5.701,   6.268,9999.000,9999.000,9999.000,9999.000,9999.000,9999.000,9999.000
202606011436,   5.909,   6.458,9999.000,9999.000,9999.000,9999.000,9999.000,9999.000,9999.000
202606011442,   6.115,   6.648,9999.000,9999.000,9999.000,9999.000,9999.000,9999.000,9999.000
202606011448,   6.317,   6.858,9999.000,9999.000,9999.000,9999.000,9999.000,9999.000,9999.000
202606011454,   6.515,   7.029,9999.000,9999.000,9999.000,9999.000,9999.000,9999.000,9999.000
202606011500,   6.708,   7.199,   0.700,  -0.209,   7.199,   0.700,   7.199,   0.800,   7.299
202606011506,   6.895,   7.376,9999.000,9999.000,9999.000,9999.000,9999.000,9999.000,9999.000
202606011512,   7.075,   7.547,9999.000,9999.000,9999.000,9999.000,9999.000,9999.000,9999.000
202606011518,   7.248,   7.737,9999.000,9999.000,9999.000,9999.000,9999.000,9999.000,9999.000
202606011524,   7.414,   7.908,9999.000,9999.000,9999.000,9999.000,9999.000,9999.000,9999.000
202606011530,   7.571,   8.068,9999.000,9999.000,9999.000,9999.000,9999.000,9999.000,9999.000
202606011536,   7.720,   8.229,9999.000,9999.000,9999.000,9999.000,9999.000,9999.000,9999.000
202606011542,   7.859,   8.377,9999.000,9999.000,9999.000,9999.000,9999.000,9999.000,9999.000
202606011548,   7.989,   8.518,9999.000,9999.000,9999.000,9999.000,9999.000,9999.000,9999.000
202606011554,   8.110,   8.649,9999.000,9999.000,9999.000,9999.000,9999.000,9999.000,9999.000
202606011600,   8.220,   8.796,   0.700,  -0.124,   8.796,   0.600,   8.696,   0.700,   8.796
202606011606,   8.321,   8.928,9999.000,9999.000,9999.000,9999.000,9999.000,9999.000,9999.000
202606011612,   8.411,   9.036,9999.000,9999.000,9999.000,9999.000,9999.000,9999.000,9999.000
202606011618,   8.491,   9.157,9999.000,9999.000,9999.000,9999.000,9999.000,9999.000,9999.000
202606011624,   8.561,   9.246,9999.000,9999.000,9999.000,9999.000,9999.000,9999.000,9999.000
202606011630,   8.621,   9.328,9999.000,9999.000,9999.000,9999.000,9999.000,9999.000,9999.000
202606011636,   8.670,   9.397,9999.000,9999.000,9999.000,9999.000,9999.000,9999.000,9999.000
202606011642,   8.709,   9.456,9999.000,9999.000,9999.000,9999.000,9999.000,9999.000,9999.000
202606011648,   8.738,   9.498,9999.000,9999.000,9999.000,9999.000,9999.000,9999.000,9999.000
202606011654,   8.757,   9.528,9999.000,9999.000,9999.000,9999.000,9999.000,9999.000,9999.000
202606011700,   8.766,   9.548,   0.700,   0.082,   9.548,   0.600,   9.448,   0.700,   9.548
202606011706,   8.765,   9.548,9999.000,9999.000,9999.000,9999.000,9999.000,9999.000,9999.000
202606011712,   8.755,   9.538,9999.000,9999.000,9999.000,9999.000,9999.000,9999.000,9999.000
202606011718,   8.735,   9.508,9999.000,9999.000,9999.000,9999.000,9999.000,9999.000,9999.000
202606011724,   8.706,   9.479,9999.000,9999.000,9999.000,9999.000,9999.000,9999.000,9999.000
202606011730,   8.668,   9.436,9999.000,9999.000,9999.000,9999.000,9999.000,9999.000,9999.000
202606011736,   8.621,   9.367,9999.000,9999.000,9999.000,9999.000,9999.000,9999.000,9999.000
202606011742,   8.565,   9.298,9999.000,9999.000,9999.000,9999.000,9999.000,9999.000,9999.000
202606011748,   8.501,   9.206,9999.000,9999.000,9999.000,9999.000,9999.000,9999.000,9999.000
202606011754,   8.428,   9.138,9999.000,9999.000,9999.000,9999.000,9999.000,9999.000,9999.000
202606011800,   8.348,   9.056,   0.600,   0.108,   9.056,   0.600,   9.056,   0.700,   9.156
202606011806,   8.259,   8.967,9999.000,9999.000,9999.000,9999.000,9999.000,9999.000,9999.000
202606011812,   8.163,   8.869,9999.000,9999.000,9999.000,9999.000,9999.000,9999.000,9999.000
202606011818,   8.060,   8.777,9999.000,9999.000,9999.000,9999.000,9999.000,9999.000,9999.000
202606011824,   7.950,   8.669,9999.000,9999.000,9999.000,9999.000,9999.000,9999.000,9999.000
202606011830,   7.833,   8.567,9999.000,9999.000,9999.000,9999.000,9999.000,9999.000,9999.000
202606011836,   7.709,   8.459,9999.000,9999.000,9999.000,9999.000,9999.000,9999.000,9999.000
202606011842,   7.579,   8.318,9999.000,9999.000,9999.000,9999.000,9999.000,9999.000,9999.000
202606011848,   7.444,   8.177,9999.000,9999.000,9999.000,9999.000,9999.000,9999.000,9999.000
202606011854,   7.303,   8.029,9999.000,9999.000,9999.000,9999.000,9999.000,9999.000,9999.000
202606011900,   7.156,   7.908,   0.600,   0.152,   7.908,   0.600,   7.908,   0.700,   8.008
202606011906,   7.005,   7.786,9999.000,9999.000,9999.000,9999.000,9999.000,9999.000,9999.000
202606011912,   6.848,   7.629,9999.000,9999.000,9999.000,9999.000,9999.000,9999.000,9999.000
202606011918,   6.688,   7.468,9999.000,9999.000,9999.000,9999.000,9999.000,9999.000,9999.000
202606011924,   6.523,   7.327,9999.000,9999.000,9999.000,9999.000,9999.000,9999.000,9999.000
202606011930,   6.354,   7.147,9999.000,9999.000,9999.000,9999.000,9999.000,9999.000,9999.000
202606011936,   6.182,   6.989,9999.000,9999.000,9999.000,9999.000,9999.000,9999.000,9999.000
202606011942,   6.007,   6.789,9999.000,9999.000,9999.000,9999.000,9999.000,9999.000,9999.000
202606011948,   5.829,   6.599,9999.000,9999.000,9999.000,9999.000,9999.000,9999.000,9999.000
202606011954,   5.648,   6.409,9999.000,9999.000,9999.000,9999.000,9999.000,9999.000,9999.000
202606012000,   5.465,   6.209,   0.600,   0.144,   6.209,   0.500,   6.109,   0.600,   6.209
202606012006,   5.280,   6.018,9999.000,9999.000,9999.000,9999.000,9999.000,9999.000,9999.000
202606012012,   5.094,   5.808,9999.000,9999.000,9999.000,9999.000,9999.000,9999.000,9999.000
202606012018,   4.907,   5.618,9999.000,9999.000,9999.000,9999.000,9999.000,9999.000,9999.000
202606012024,   4.719,   5.428,9999.000,9999.000,9999.000,9999.000,9999.000,9999.000,9999.000
202606012030,   4.530,   5.228,9999.000,9999.000,9999.000,9999.000,9999.000,9999.000,9999.000
202606012036,   4.342,   5.038,9999.000,9999.000,9999.000,9999.000,9999.000,9999.000,9999.000
202606012042,   4.155,   4.828,9999.000,9999.000,9999.000,9999.000,9999.000,9999.000,9999.000
202606012048,   3.969,   4.628,9999.000,9999.000,9999.000,9999.000,9999.000,9999.000,9999.000
202606012054,   3.786,   4.457,9999.000,9999.000,9999.000,9999.000,9999.000,9999.000,9999.000
202606012100,   3.605,   4.319,   0.600,   0.114,   4.319,   0.500,   4.219,   0.600,   4.319
202606012106,   3.427,   4.139,9999.000,9999.000,9999.000,9999.000,9999.000,9999.000,9999.000
202606012112,   3.254,   3.939,9999.000,9999.000,9999.000,9999.000,9999.000,9999.000,9999.000
202606012118,   3.086,   3.749,9999.000,9999.000,9999.000,9999.000,9999.000,9999.000,9999.000
202606012124,   2.924,   3.598,9999.000,9999.000,9999.000,9999.000,9999.000,9999.000,9999.000
202606012130,   2.768,   3.460,9999.000,9999.000,9999.000,9999.000,9999.000,9999.000,9999.000
202606012136,   2.619,   3.270,9999.000,9999.000,9999.000,9999.000,9999.000,9999.000,9999.000
202606012142,   2.479,   3.129,9999.000,9999.000,9999.000,9999.000,9999.000,9999.000,9999.000
202606012148,   2.348,   3.007,9999.000,9999.000,9999.000,9999.000,9999.000,9999.000,9999.000
202606012154,   2.227,   2.879,9999.000,9999.000,9999.000,9999.000,9999.000,9999.000,9999.000
202606012200,   2.116,   2.748,   0.600,   0.032,   2.748,   0.500,   2.648,   0.600,   2.748
202606012206,   2.016,   2.630,9999.000,9999.000,9999.000,9999.000,9999.000,9999.000,9999.000
202606012212,   1.927,   2.538,9999.000,9999.000,9999.000,9999.000,9999.000,9999.000,9999.000
202606012218,   1.852,   2.479,9999.000,9999.000,9999.000,9999.000,9999.000,9999.000,9999.000
202606012224,   1.788,   2.387,9999.000,9999.000,9999.000,9999.000,9999.000,9999.000,9999.000
202606012230,   1.738,   2.328,9999.000,9999.000,9999.000,9999.000,9999.000,9999.000,9999.000
202606012236,   1.701,   2.250,9999.000,9999.000,9999.000,9999.000,9999.000,9999.000,9999.000
202606012242,   1.677,   2.200,9999.000,9999.000,9999.000,9999.000,9999.000,9999.000,9999.000
202606012248,   1.666,   2.148,9999.000,9999.000,9999.000,9999.000,9999.000,9999.000,9999.000
202606012254,   1.669,   2.118,9999.000,9999.000,9999.000,9999.000,9999.000,9999.000,9999.000
202606012300,   1.686,   2.109,   0.600,  -0.177,   2.109,   0.500,   2.009,   0.600,   2.109
202606012306,   1.715,   2.118,9999.000,9999.000,9999.000,9999.000,9999.000,9999.000,9999.000
202606012312,   1.756,   2.148,9999.000,9999.000,9999.000,9999.000,9999.000,9999.000,9999.000
202606012318,   1.810,   2.177,9999.000,9999.000,9999.000,9999.000,9999.000,9999.000,9999.000
202606012324,   1.875,   2.250,9999.000,9999.000,9999.000,9999.000,9999.000,9999.000,9999.000
202606012330,   1.952,   2.328,9999.000,9999.000,9999.000,9999.000,9999.000,9999.000,9999.000
202606012336,   2.039,   2.420,9999.000,9999.000,9999.000,9999.000,9999.000,9999.000,9999.000
202606012342,   2.136,   2.538,9999.000,9999.000,9999.000,9999.000,9999.000,9999.000,9999.000
202606012348,   2.242,   2.650,9999.000,9999.000,9999.000,9999.000,9999.000,9999.000,9999.000
202606012354,   2.357,   2.778,9999.000,9999.000,9999.000,9999.000,9999.000,9999.000,9999.000
202606020000,   2.480,   2.958,   0.500,  -0.022,   2.958,   0.400,   2.858,   0.500,   2.958
202606020006,   2.611,   3.119,9999.000,9999.000,9999.000,9999.000,9999.000,9999.000,9999.000
202606020012,   2.748,   3.260,9999.000,9999.000,9999.000,9999.000,9999.000,9999.000,9999.000
202606020018,   2.891,   3.417,9999.000,9999.000,9999.000,9999.000,9999.000,9999.000,9999.000
202606020024,   3.040,   3.568,9999.000,9999.000,9999.000,9999.000,9999.000,9999.000,9999.000
202606020030,   3.195,   3.729,9999.000,9999.000,9999.000,9999.000,9999.000,9999.000,9999.000
202606020036,   3.354,   3.880,9999.000,9999.000,9999.000,9999.000,9999.000,9999.000,9999.000
202606020042,   3.517,   4.037,9999.000,9999.000,9999.000,9999.000,9999.000,9999.000,9999.000
202606020048,   3.685,   4.168,9999.000,9999.000,9999.000,9999.000,9999.000,9999.000,9999.000
202606020054,   3.857,   4.329,9999.000,9999.000,9999.000,9999.000,9999.000,9999.000,9999.000
202606020100,   4.032,   4.500,   0.500,  -0.032,   4.500,   0.400,   4.400,   0.500,   4.500
202606020106,   4.211,   4.618,9999.000,9999.000,9999.000,9999.000,9999.000,9999.000,9999.000
202606020112,   4.393,   4.818,9999.000,9999.000,9999.000,9999.000,9999.000,9999.000,9999.000
202606020118,   4.578,   4.998,9999.000,9999.000,9999.000,9999.000,9999.000,9999.000,9999.000
202606020124,   4.766,   5.218,9999.000,9999.000,9999.000,9999.000,9999.000,9999.000,9999.000
202606020130,   4.957,   5.369,9999.000,9999.000,9999.000,9999.000,9999.000,9999.000,9999.000
202606020136,   5.150,   5.598,9999.000,9999.000,9999.000,9999.000,9999.000,9999.000,9999.000
202606020142,   5.346,   5.759,9999.000,9999.000,9999.000,9999.000,9999.000,9999.000,9999.000
202606020148,   5.544,   5.969,9999.000,9999.000,9999.000,9999.000,9999.000,9999.000,9999.000
202606020154,   5.744,   6.127,9999.000,9999.000,9999.000,9999.000,9999.000,9999.000,9999.000
202606020200,   5.945,   6.346,   0.400,   0.001,   6.346,   0.400,   6.346,   0.500,   6.446
202606020206,   6.148,   6.497,9999.000,9999.000,9999.000,9999.000,9999.000,9999.000,9999.000
202606020212,   6.352,   6.707,9999.000,9999.000,9999.000,9999.000,9999.000,9999.000,9999.000
202606020218,   6.556,   6.887,9999.000,9999.000,9999.000,9999.000,9999.000,9999.000,9999.000
202606020224,   6.760,   7.078,9999.000,9999.000,9999.000,9999.000,9999.000,9999.000,9999.000
202606020230,   6.963,   7.288,9999.000,9999.000,9999.000,9999.000,9999.000,9999.000,9999.000
202606020236,   7.165,   7.478,9999.000,9999.000,9999.000,9999.000,9999.000,9999.000,9999.000
202606020242,   7.365,   7.698,9999.000,9999.000,9999.000,9999.000,9999.000,9999.000,9999.000
202606020248,   7.562,   7.878,9999.000,9999.000,9999.000,9999.000,9999.000,9999.000,9999.000
202606020254,   7.757,   8.098,9999.000,9999.000,9999.000,9999.000,9999.000,9999.000,9999.000
202606020300,   7.947,   8.298,   0.400,  -0.049,   8.298,   0.300,   8.198,   0.400,   8.298
202606020306,   8.132,   8.508,9999.000,9999.000,9999.000,9999.000,9999.000,9999.000,9999.000
202606020312,   8.312,   8.688,9999.000,9999.000,9999.000,9999.000,9999.000,9999.000,9999.000
202606020318,   8.486,   8.836,9999.000,9999.000,9999.000,9999.000,9999.000,9999.000,9999.000
202606020324,   8.653,   9.016,9999.000,9999.000,9999.000,9999.000,9999.000,9999.000,9999.000
202606020330,   8.813,   9.177,9999.000,9999.000,9999.000,9999.000,9999.000,9999.000,9999.000
202606020336,   8.965,   9.367,9999.000,9999.000,9999.000,9999.000,9999.000,9999.000,9999.000
202606020342,   9.108,   9.518,9999.000,9999.000,9999.000,9999.000,9999.000,9999.000,9999.000
202606020348,   9.242,   9.636,9999.000,9999.000,9999.000,9999.000,9999.000,9999.000,9999.000
202606020354,   9.367,   9.757,9999.000,9999.000,9999.000,9999.000,9999.000,9999.000,9999.000
202606020400,   9.481,   9.885,   0.300,   0.104,   9.885,   0.300,   9.885,   0.400,   9.985
202606020406,   9.586,   9.997,9999.000,9999.000,9999.000,9999.000,9999.000,9999.000,9999.000
202606020412,   9.680,  10.108,9999.000,9999.000,9999.000,9999.000,9999.000,9999.000,9999.000
202606020418,   9.763,  10.207,9999.000,9999.000,9999.000,9999.000,9999.000,9999.000,9999.000
202606020424,   9.835,  10.305,9999.000,9999.000,9999.000,9999.000,9999.000,9999.000,9999.000
202606020430,   9.896,  10.387,9999.000,9999.000,9999.000,9999.000,9999.000,9999.000,9999.000
202606020436,   9.945,  10.476,9999.000,9999.000,9999.000,9999.000,9999.000,9999.000,9999.000
202606020442,   9.984,  10.558,9999.000,9999.000,9999.000,9999.000,9999.000,9999.000,9999.000
202606020448,  10.012,  10.607,9999.000,9999.000,9999.000,9999.000,9999.000,9999.000,9999.000
202606020454,  10.028,  10.637,9999.000,9999.000,9999.000,9999.000,9999.000,9999.000,9999.000
202606020500,  10.033,  10.666,   0.300,   0.333,  10.666,   0.300,  10.666,   0.400,  10.766
202606020506,  10.028,  10.686,9999.000,9999.000,9999.000,9999.000,9999.000,9999.000,9999.000
202606020512,  10.011,  10.656,9999.000,9999.000,9999.000,9999.000,9999.000,9999.000,9999.000
202606020518,   9.984,  10.637,9999.000,9999.000,9999.000,9999.000,9999.000,9999.000,9999.000
202606020524,   9.947,  10.577,9999.000,9999.000,9999.000,9999.000,9999.000,9999.000,9999.000
202606020530,   9.899,  10.515,9999.000,9999.000,9999.000,9999.000,9999.000,9999.000,9999.000
202606020536,   9.842,  10.456,9999.000,9999.000,9999.000,9999.000,9999.000,9999.000,9999.000
202606020542,   9.774,  10.368,9999.000,9999.000,9999.000,9999.000,9999.000,9999.000,9999.000
202606020548,   9.697,  10.286,9999.000,9999.000,9999.000,9999.000,9999.000,9999.000,9999.000
202606020554,   9.610,  10.197,9999.000,9999.000,9999.000,9999.000,9999.000,9999.000,9999.000
202606020600,   9.514,  10.095,   0.300,   0.281,  10.095,   0.300,  10.095,   0.400,  10.195
202606020606,   9.409,   9.987,9999.000,9999.000,9999.000,9999.000,9999.000,9999.000,9999.000
202606020612,   9.296,   9.876,9999.000,9999.000,9999.000,9999.000,9999.000,9999.000,9999.000
202606020618,   9.174,   9.748,9999.000,9999.000,9999.000,9999.000,9999.000,9999.000,9999.000
202606020624,   9.044,   9.597,9999.000,9999.000,9999.000,9999.000,9999.000,9999.000,9999.000
202606020630,   8.906,   9.446,9999.000,9999.000,9999.000,9999.000,9999.000,9999.000,9999.000
202606020636,   8.761,   9.298,9999.000,9999.000,9999.000,9999.000,9999.000,9999.000,9999.000
202606020642,   8.609,   9.118,9999.000,9999.000,9999.000,9999.000,9999.000,9999.000,9999.000
202606020648,   8.450,   8.967,9999.000,9999.000,9999.000,9999.000,9999.000,9999.000,9999.000
202606020654,   8.284,   8.787,9999.000,9999.000,9999.000,9999.000,9999.000,9999.000,9999.000
202606020700,   8.112,   8.636,   0.300,   0.224,   8.636,   0.300,   8.636,   0.400,   8.736
202606020706,   7.935,   8.478,9999.000,9999.000,9999.000,9999.000,9999.000,9999.000,9999.000
202606020712,   7.752,   8.288,9999.000,9999.000,9999.000,9999.000,9999.000,9999.000,9999.000
202606020718,   7.564,   8.098,9999.000,9999.000,9999.000,9999.000,9999.000,9999.000,9999.000
202606020724,   7.371,   7.908,9999.000,9999.000,9999.000,9999.000,9999.000,9999.000,9999.000
202606020730,   7.173,   7.707,9999.000,9999.000,9999.000,9999.000,9999.000,9999.000,9999.000
202606020736,   6.972,   7.498,9999.000,9999.000,9999.000,9999.000,9999.000,9999.000,9999.000
202606020742,   6.767,   7.288,9999.000,9999.000,9999.000,9999.000,9999.000,9999.000,9999.000
202606020748,   6.558,   7.038,9999.000,9999.000,9999.000,9999.000,9999.000,9999.000,9999.000
202606020754,   6.346,   6.819,9999.000,9999.000,9999.000,9999.000,9999.000,9999.000,9999.000
202606020800,   6.132,   6.648,   0.300,   0.216,   6.648,   0.300,   6.648,   0.400,   6.748
202606020806,   5.915,   6.458,9999.000,9999.000,9999.000,9999.000,9999.000,9999.000,9999.000
202606020812,   5.696,   6.258,9999.000,9999.000,9999.000,9999.000,9999.000,9999.000,9999.000
202606020818,   5.475,   6.048,9999.000,9999.000,9999.000,9999.000,9999.000,9999.000,9999.000
202606020824,   5.252,   5.838,9999.000,9999.000,9999.000,9999.000,9999.000,9999.000,9999.000
202606020830,   5.029,   5.628,9999.000,9999.000,9999.000,9999.000,9999.000,9999.000,9999.000
202606020836,   4.804,   5.408,9999.000,9999.000,9999.000,9999.000,9999.000,9999.000,9999.000
202606020842,   4.579,   5.129,9999.000,9999.000,9999.000,9999.000,9999.000,9999.000,9999.000
202606020848,   4.354,   4.900,9999.000,9999.000,9999.000,9999.000,9999.000,9999.000,9999.000
202606020854,   4.130,   4.667,9999.000,9999.000,9999.000,9999.000,9999.000,9999.000,9999.000
202606020900,   3.906,   4.490,   0.300,   0.284,   4.490,   0.300,   4.490,   0.400,   4.590
202606020906,   3.684,   4.290,9999.000,9999.000,9999.000,9999.000,9999.000,9999.000,9999.000
202606020912,   3.464,   4.057,9999.000,9999.000,9999.000,9999.000,9999.000,9999.000,9999.000
202606020918,   3.246,   3.827,9999.000,9999.000,9999.000,9999.000,9999.000,9999.000,9999.000
202606020924,   3.031,   3.607,9999.000,9999.000,9999.000,9999.000,9999.000,9999.000,9999.000
202606020930,   2.821,   3.398,9999.000,9999.000,9999.000,9999.000,9999.000,9999.000,9999.000
202606020936,   2.615,   3.178,9999.000,9999.000,9999.000,9999.000,9999.000,9999.000,9999.000
202606020942,   2.414,   2.988,9999.000,9999.000,9999.000,9999.000,9999.000,9999.000,9999.000
202606020948,   2.219,   2.787,9999.000,9999.000,9999.000,9999.000,9999.000,9999.000,9999.000
202606020954,   2.031,   2.610,9999.000,9999.000,9999.000,9999.000,9999.000,9999.000,9999.000
202606021000,   1.851,   2.410,   0.300,   0.259,   2.410,   0.300,   2.410,   0.400,   2.510
202606021006,   1.680,   2.250,9999.000,9999.000,9999.000,9999.000,9999.000,9999.000,9999.000
202606021012,   1.517,   2.079,9999.000,9999.000,9999.000,9999.000,9999.000,9999.000,9999.000
202606021018,   1.364,   1.899,9999.000,9999.000,9999.000,9999.000,9999.000,9999.000,9999.000
202606021024,   1.222,   1.728,9999.000,9999.000,9999.000,9999.000,9999.000,9999.000,9999.000
202606021030,   1.092,   1.571,9999.000,9999.000,9999.000,9999.000,9999.000,9999.000,9999.000
202606021036,   0.973,   1.400,9999.000,9999.000,9999.000,9999.000,9999.000,9999.000,9999.000
202606021042,   0.867,   1.269,9999.000,9999.000,9999.000,9999.000,9999.000,9999.000,9999.000
202606021048,   0.773,   1.161,9999.000,9999.000,9999.000,9999.000,9999.000,9999.000,9999.000
202606021054,   0.693,   1.039,9999.000,9999.000,9999.000,9999.000,9999.000,9999.000,9999.000
202606021100,   0.626,   0.941,   0.300,   0.015,   0.941,   0.300,   0.941,   0.400,   1.041
202606021106,   0.573,   0.849,9999.000,9999.000,9999.000,9999.000,9999.000,9999.000,9999.000
202606021112,   0.534,   0.790,9999.000,9999.000,9999.000,9999.000,9999.000,9999.000,9999.000
202606021118,   0.508,   0.770,9999.000,9999.000,9999.000,9999.000,9999.000,9999.000,9999.000
202606021124,   0.496,   0.741,9999.000,9999.000,9999.000,9999.000,9999.000,9999.000,9999.000
202606021130,   0.497,   0.708,9999.000,9999.000,9999.000,9999.000,9999.000,9999.000,9999.000
202606021136,   0.511,   0.731,9999.000,9999.000,9999.000,9999.000,9999.000,9999.000,9999.000
202606021142,   0.538,   0.751,9999.000,9999.000,9999.000,9999.000,9999.000,9999.000,9999.000
202606021148,   0.577,   0.780,9999.000,9999.000,9999.000,9999.000,9999.000,9999.000,9999.000
202606021154,   0.628,   0.839,9999.000,9999.000,9999.000,9999.000,9999.000,9999.000,9999.000
202606021200,   0.689,   0.888,   0.300,  -0.101,   0.888,   0.300,   0.888,   0.300,   0.888
202606021206,   0.761,   0.970,9999.000,9999.000,9999.000,9999.000,9999.000,9999.000,9999.000
202606021212,   0.844,   1.059,9999.000,9999.000,9999.000,9999.000,9999.000,9999.000,9999.000
202606021218,   0.935,   1.170,9999.000,9999.000,9999.000,9999.000,9999.000,9999.000,9999.000
202606021224,   1.035,   1.259,9999.000,9999.000,9999.000,9999.000,9999.000,9999.000,9999.000
202606021230,   1.142,   1.390,9999.000,9999.000,9999.000,9999.000,9999.000,9999.000,9999.000
202606021236,   1.258,   1.528,9999.000,9999.000,9999.000,9999.000,9999.000,9999.000,9999.000
202606021242,   1.380,   1.659,9999.000,9999.000,9999.000,9999.000,9999.000,9999.000,9999.000
202606021248,   1.508,   1.800,9999.000,9999.000,9999.000,9999.000,9999.000,9999.000,9999.000
202606021254,   1.642,   1.948,9999.000,9999.000,9999.000,9999.000,9999.000,9999.000,9999.000
202606021300,   1.782,   2.089,   0.300,   0.007,   2.089,   0.300,   2.089,   0.300,   2.089
202606021306,   1.927,   2.220,9999.000,9999.000,9999.000,9999.000,9999.000,9999.000,9999.000
202606021312,   2.077,   2.368,9999.000,9999.000,9999.000,9999.000,9999.000,9999.000,9999.000
202606021318,   2.231,   2.499,9999.000,9999.000,9999.000,9999.000,9999.000,9999.000,9999.000
202606021324,   2.390,   2.679,9999.000,9999.000,9999.000,9999.000,9999.000,9999.000,9999.000
202606021330,   2.552,   2.850,9999.000,9999.000,9999.000,9999.000,9999.000,9999.000,9999.000
202606021336,   2.719,   2.997,9999.000,9999.000,9999.000,9999.000,9999.000,9999.000,9999.000
202606021342,   2.889,   3.197,9999.000,9999.000,9999.000,9999.000,9999.000,9999.000,9999.000
202606021348,   3.064,   3.358,9999.000,9999.000,9999.000,9999.000,9999.000,9999.000,9999.000
202606021354,   3.241,   3.558,9999.000,9999.000,9999.000,9999.000,9999.000,9999.000,9999.000
202606021400,   3.423,   3.739,   0.300,   0.016,   3.739,   0.300,   3.739,   0.300,   3.739
202606021406,   3.607,   3.939,9999.000,9999.000,9999.000,9999.000,9999.000,9999.000,9999.000
202606021412,   3.795,   4.109,9999.000,9999.000,9999.000,9999.000,9999.000,9999.000,9999.000
202606021418,   3.986,   4.300,9999.000,9999.000,9999.000,9999.000,9999.000,9999.000,9999.000
202606021424,   4.179,   4.467,9999.000,9999.000,9999.000,9999.000,9999.000,9999.000,9999.000
202606021430,   4.375,   4.647,9999.000,9999.000,9999.000,9999.000,9999.000,9999.000,9999.000
202606021436,   4.573,   4.808,9999.000,9999.000,9999.000,9999.000,9999.000,9999.000,9999.000
202606021442,   4.772,   4.959,9999.000,9999.000,9999.000,9999.000,9999.000,9999.000,9999.000
202606021448,   4.973,   5.139,9999.000,9999.000,9999.000,9999.000,9999.000,9999.000,9999.000
202606021454,   5.174,   5.349,9999.000,9999.000,9999.000,9999.000,9999.000,9999.000,9999.000
202606021500,   5.376,   5.589,   0.300,  -0.087,   5.589,   0.300,   5.589,   0.300,   5.589
202606021506,   5.576,   5.789,9999.000,9999.000,9999.000,9999.000,9999.000,9999.000,9999.000
202606021512,   5.776,   5.969,9999.000,9999.000,9999.000,9999.000,9999.000,9999.000,9999.000
202606021518,   5.974,   6.209,9999.000,9999.000,9999.000,9999.000,9999.000,9999.000,9999.000
202606021524,   6.170,   6.409,9999.000,9999.000,9999.000,9999.000,9999.000,9999.000,9999.000
202606021530,   6.362,   6.609,9999.000,9999.000,9999.000,9999.000,9999.000,9999.000,9999.000
202606021536,   6.550,   6.779,9999.000,9999.000,9999.000,9999.000,9999.000,9999.000,9999.000
202606021542,   6.734,   6.947,9999.000,9999.000,9999.000,9999.000,9999.000,9999.000,9999.000
202606021548,   6.913,   7.117,9999.000,9999.000,9999.000,9999.000,9999.000,9999.000,9999.000
202606021554,   7.086,   7.288,9999.000,9999.000,9999.000,9999.000,9999.000,9999.000,9999.000
202606021600,   7.252,   7.498,   0.300,  -0.054,   7.498,   0.200,   7.398,   0.300,   7.498
202606021606,   7.411,   7.678,9999.000,9999.000,9999.000,9999.000,9999.000,9999.000,9999.000
202606021612,   7.563,   7.849,9999.000,9999.000,9999.000,9999.000,9999.000,9999.000,9999.000
202606021618,   7.706,   8.006,9999.000,9999.000,9999.000,9999.000,9999.000,9999.000,9999.000
202606021624,   7.841,   8.177,9999.000,9999.000,9999.000,9999.000,9999.000,9999.000,9999.000
202606021630,   7.967,   8.288,9999.000,9999.000,9999.000,9999.000,9999.000,9999.000,9999.000
202606021636,   8.083,   8.439,9999.000,9999.000,9999.000,9999.000,9999.000,9999.000,9999.000
202606021642,   8.190,   8.577,9999.000,9999.000,9999.000,9999.000,9999.000,9999.000,9999.000
202606021648,   8.287,   8.669,9999.000,9999.000,9999.000,9999.000,9999.000,9999.000,9999.000
202606021654,   8.375,   8.757,9999.000,9999.000,9999.000,9999.000,9999.000,9999.000,9999.000
202606021700,   8.452,   8.846,   0.300,   0.094,   8.846,   0.200,   8.746,   0.300,   8.846
202606021706,   8.519,   8.928,9999.000,9999.000,9999.000,9999.000,9999.000,9999.000,9999.000
202606021712,   8.575,   8.997,9999.000,9999.000,9999.000,9999.000,9999.000,9999.000,9999.000
202606021718,   8.621,   9.056,9999.000,9999.000,9999.000,9999.000,9999.000,9999.000,9999.000
202606021724,   8.657,   9.118,9999.000,9999.000,9999.000,9999.000,9999.000,9999.000,9999.000
202606021730,   8.683,   9.187,9999.000,9999.000,9999.000,9999.000,9999.000,9999.000,9999.000
202606021736,   8.699,   9.206,9999.000,9999.000,9999.000,9999.000,9999.000,9999.000,9999.000
202606021742,   8.704,   9.236,9999.000,9999.000,9999.000,9999.000,9999.000,9999.000,9999.000
202606021748,   8.700,   9.236,9999.000,9999.000,9999.000,9999.000,9999.000,9999.000,9999.000
202606021754,   8.686,   9.226,9999.000,9999.000,9999.000,9999.000,9999.000,9999.000,9999.000
202606021800,   8.662,   9.206,   0.300,   0.244,   9.206,   0.300,   9.206,   0.400,   9.306
202606021806,   8.628,   9.187,9999.000,9999.000,9999.000,9999.000,9999.000,9999.000,9999.000
202606021812,   8.586,   9.147,9999.000,9999.000,9999.000,9999.000,9999.000,9999.000,9999.000
202606021818,   8.534,   9.088,9999.000,9999.000,9999.000,9999.000,9999.000,9999.000,9999.000
202606021824,   8.474,   9.036,9999.000,9999.000,9999.000,9999.000,9999.000,9999.000,9999.000
202606021830,   8.404,   8.987,9999.000,9999.000,9999.000,9999.000,9999.000,9999.000,9999.000
202606021836,   8.327,   8.928,9999.000,9999.000,9999.000,9999.000,9999.000,9999.000,9999.000
202606021842,   8.241,   8.826,9999.000,9999.000,9999.000,9999.000,9999.000,9999.000,9999.000
202606021848,   8.148,   8.747,9999.000,9999.000,9999.000,9999.000,9999.000,9999.000,9999.000
202606021854,   8.047,   8.616,9999.000,9999.000,9999.000,9999.000,9999.000,9999.000,9999.000
202606021900,   7.939,   8.537,   0.300,   0.298,   8.537,   0.300,   8.537,   0.400,   8.637
202606021906,   7.824,   8.416,9999.000,9999.000,9999.000,9999.000,9999.000,9999.000,9999.000
202606021912,   7.702,   8.288,9999.000,9999.000,9999.000,9999.000,9999.000,9999.000,9999.000
202606021918,   7.574,   8.186,9999.000,9999.000,9999.000,9999.000,9999.000,9999.000,9999.000
202606021924,   7.441,   8.068,9999.000,9999.000,9999.000,9999.000,9999.000,9999.000,9999.000
202606021930,   7.302,   7.937,9999.000,9999.000,9999.000,9999.000,9999.000,9999.000,9999.000
202606021936,   7.157,   7.819,9999.000,9999.000,9999.000,9999.000,9999.000,9999.000,9999.000
202606021942,   7.008,   7.698,9999.000,9999.000,9999.000,9999.000,9999.000,9999.000,9999.000
202606021948,   6.855,   7.557,9999.000,9999.000,9999.000,9999.000,9999.000,9999.000,9999.000
202606021954,   6.697,   7.409,9999.000,9999.000,9999.000,9999.000,9999.000,9999.000,9999.000
202606022000,   6.536,   7.248,   0.300,   0.412,   7.248,   0.300,   7.248,   0.300,   7.248
202606022006,   6.372,   7.097,9999.000,9999.000,9999.000,9999.000,9999.000,9999.000,9999.000
202606022012,   6.204,   6.937,9999.000,9999.000,9999.000,9999.000,9999.000,9999.000,9999.000
202606022018,   6.034,   6.737,9999.000,9999.000,9999.000,9999.000,9999.000,9999.000,9999.000
202606022024,   5.862,   6.569,9999.000,9999.000,9999.000,9999.000,9999.000,9999.000,9999.000
202606022030,   5.687,   6.418,9999.000,9999.000,9999.000,9999.000,9999.000,9999.000,9999.000
202606022036,   5.511,   6.248,9999.000,9999.000,9999.000,9999.000,9999.000,9999.000,9999.000
202606022042,   5.333,   6.067,9999.000,9999.000,9999.000,9999.000,9999.000,9999.000,9999.000
202606022048,   5.154,   5.877,9999.000,9999.000,9999.000,9999.000,9999.000,9999.000,9999.000
202606022054,   4.974,   5.618,9999.000,9999.000,9999.000,9999.000,9999.000,9999.000,9999.000
202606022100,   4.794,   5.438,   0.300,   0.344,   5.438,   0.300,   5.438,   0.300,   5.438
202606022106,   4.614,   5.208,9999.000,9999.000,9999.000,9999.000,9999.000,9999.000,9999.000
202606022112,   4.435,   5.057,9999.000,9999.000,9999.000,9999.000,9999.000,9999.000,9999.000
202606022118,   4.256,   4.857,9999.000,9999.000,9999.000,9999.000,9999.000,9999.000,9999.000
202606022124,   4.078,   4.719,9999.000,9999.000,9999.000,9999.000,9999.000,9999.000,9999.000
202606022130,   3.902,   4.529,9999.000,9999.000,9999.000,9999.000,9999.000,9999.000,9999.000
202606022136,   3.728,   4.408,9999.000,9999.000,9999.000,9999.000,9999.000,9999.000,9999.000
202606022142,   3.557,   4.218,9999.000,9999.000,9999.000,9999.000,9999.000,9999.000,9999.000
202606022148,   3.390,   4.047,9999.000,9999.000,9999.000,9999.000,9999.000,9999.000,9999.000
202606022154,   3.226,   3.890,9999.000,9999.000,9999.000,9999.000,9999.000,9999.000,9999.000
202606022200,   3.067,   3.719,   0.300,   0.352,   3.719,   0.300,   3.719,   0.300,   3.719
202606022206,   2.914,   3.539,9999.000,9999.000,9999.000,9999.000,9999.000,9999.000,9999.000
202606022212,   2.767,   3.358,9999.000,9999.000,9999.000,9999.000,9999.000,9999.000,9999.000
202606022218,   2.627,   3.217,9999.000,9999.000,9999.000,9999.000,9999.000,9999.000,9999.000
202606022224,   2.495,   3.079,9999.000,9999.000,9999.000,9999.000,9999.000,9999.000,9999.000
202606022230,   2.371,   2.958,9999.000,9999.000,9999.000,9999.000,9999.000,9999.000,9999.000
202606022236,   2.256,   2.840,9999.000,9999.000,9999.000,9999.000,9999.000,9999.000,9999.000
202606022242,   2.151,   2.719,9999.000,9999.000,9999.000,9999.000,9999.000,9999.000,9999.000
202606022248,   2.057,   2.640,9999.000,9999.000,9999.000,9999.000,9999.000,9999.000,9999.000
202606022254,   1.973,   2.538,9999.000,9999.000,9999.000,9999.000,9999.000,9999.000,9999.000
202606022300,   1.902,   2.479,   0.300,   0.277,   2.479,   0.300,   2.479,   0.400,   2.579
202606022306,   1.843,   2.410,9999.000,9999.000,9999.000,9999.000,9999.000,9999.000,9999.000
202606022312,   1.797,   2.328,9999.000,9999.000,9999.000,9999.000,9999.000,9999.000,9999.000
202606022318,   1.764,   2.269,9999.000,9999.000,9999.000,9999.000,9999.000,9999.000,9999.000
202606022324,   1.744,   2.230,9999.000,9999.000,9999.000,9999.000,9999.000,9999.000,9999.000
202606022330,   1.737,   2.210,9999.000,9999.000,9999.000,9999.000,9999.000,9999.000,9999.000
202606022336,   1.744,   2.177,9999.000,9999.000,9999.000,9999.000,9999.000,9999.000,9999.000
202606022342,   1.764,   2.191,9999.000,9999.000,9999.000,9999.000,9999.000,9999.000,9999.000
202606022348,   1.797,   2.240,9999.000,9999.000,9999.000,9999.000,9999.000,9999.000,9999.000
202606022354,   1.843,   2.279,9999.000,9999.000,9999.000,9999.000,9999.000,9999.000,9999.000
202606030000,   1.902,   2.328,   0.400,   0.026,   2.328,   0.300,   2.228,   0.400,   2.328
202606030006,   1.972,   2.400,9999.000,9999.000,9999.000,9999.000,9999.000,9999.000,9999.000
202606030012,   2.055,   2.479,9999.000,9999.000,9999.000,9999.000,9999.000,9999.000,9999.000
202606030018,   2.148,   2.587,9999.000,9999.000,9999.000,9999.000,9999.000,9999.000,9999.000
202606030024,   2.251,   2.728,9999.000,9999.000,9999.000,9999.000,9999.000,9999.000,9999.000
202606030030,   2.364,   2.820,9999.000,9999.000,9999.000,9999.000,9999.000,9999.000,9999.000
202606030036,   2.486,   2.938,9999.000,9999.000,9999.000,9999.000,9999.000,9999.000,9999.000
202606030042,   2.615,   3.060,9999.000,9999.000,9999.000,9999.000,9999.000,9999.000,9999.000
202606030048,   2.753,   3.230,9999.000,9999.000,9999.000,9999.000,9999.000,9999.000,9999.000
202606030054,   2.897,   3.398,9999.000,9999.000,9999.000,9999.000,9999.000,9999.000,9999.000
202606030100,   3.047,   3.558,   0.400,   0.111,   3.558,   0.300,   3.458,   0.400,   3.558
202606030106,   3.202,   3.680,9999.000,9999.000,9999.000,9999.000,9999.000,9999.000,9999.000
202606030112,   3.362,   3.808,9999.000,9999.000,9999.000,9999.000,9999.000,9999.000,9999.000
202606030118,   3.527,   3.939,9999.000,9999.000,9999.000,9999.000,9999.000,9999.000,9999.000
202606030124,   3.695,   4.080,9999.000,9999.000,9999.000,9999.000,9999.000,9999.000,9999.000
202606030130,   3.866,   4.227,9999.000,9999.000,9999.000,9999.000,9999.000,9999.000,9999.000
202606030136,   4.041,   4.378,9999.000,9999.000,9999.000,9999.000,9999.000,9999.000,9999.000
202606030142,   4.217,   4.539,9999.000,9999.000,9999.000,9999.000,9999.000,9999.000,9999.000
202606030148,   4.397,   4.690,9999.000,9999.000,9999.000,9999.000,9999.000,9999.000,9999.000
202606030154,   4.578,   4.867,9999.000,9999.000,9999.000,9999.000,9999.000,9999.000,9999.000
202606030200,   4.761,   5.057,   0.300,  -0.004,   5.057,   0.300,   5.057,   0.400,   5.157
202606030206,   4.946,   5.218,9999.000,9999.000,9999.000,9999.000,9999.000,9999.000,9999.000
202606030212,   5.132,   5.418,9999.000,9999.000,9999.000,9999.000,9999.000,9999.000,9999.000
202606030218,   5.320,   5.598,9999.000,9999.000,9999.000,9999.000,9999.000,9999.000,9999.000
202606030224,   5.509,   5.789,9999.000,9999.000,9999.000,9999.000,9999.000,9999.000,9999.000
202606030230,   5.699,   5.979,9999.000,9999.000,9999.000,9999.000,9999.000,9999.000,9999.000
202606030236,   5.890,   6.179,9999.000,9999.000,9999.000,9999.000,9999.000,9999.000,9999.000
202606030242,   6.082,   6.379,9999.000,9999.000,9999.000,9999.000,9999.000,9999.000,9999.000
202606030248,   6.274,   6.599,9999.000,9999.000,9999.000,9999.000,9999.000,9999.000,9999.000
202606030254,   6.467,   6.809,9999.000,9999.000,9999.000,9999.000,9999.000,9999.000,9999.000
202606030300,   6.660,   7.009,   0.300,   0.049,   7.009,   0.300,   7.009,   0.400,   7.109
202606030306,   6.852,   7.199,9999.000,9999.000,9999.000,9999.000,9999.000,9999.000,9999.000
202606030312,   7.043,   7.386,9999.000,9999.000,9999.000,9999.000,9999.000,9999.000,9999.000
202606030318,   7.233,   7.547,9999.000,9999.000,9999.000,9999.000,9999.000,9999.000,9999.000
202606030324,   7.421,   7.757,9999.000,9999.000,9999.000,9999.000,9999.000,9999.000,9999.000
202606030330,   7.607,   7.927,9999.000,9999.000,9999.000,9999.000,9999.000,9999.000,9999.000
202606030336,   7.790,   8.098,9999.000,9999.000,9999.000,9999.000,9999.000,9999.000,9999.000
202606030342,   7.969,   8.239,9999.000,9999.000,9999.000,9999.000,9999.000,9999.000,9999.000
202606030348,   8.144,   8.416,9999.000,9999.000,9999.000,9999.000,9999.000,9999.000,9999.000
202606030354,   8.315,   8.596,9999.000,9999.000,9999.000,9999.000,9999.000,9999.000,9999.000
202606030400,   8.479,   8.777,   0.300,  -0.002,   8.777,   0.200,   8.677,   0.300,   8.777
202606030406,   8.638,   8.937,9999.000,9999.000,9999.000,9999.000,9999.000,9999.000,9999.000
202606030412,   8.790,   9.128,9999.000,9999.000,9999.000,9999.000,9999.000,9999.000,9999.000
202606030418,   8.935,   9.279,9999.000,9999.000,9999.000,9999.000,9999.000,9999.000,9999.000
202606030424,   9.072,   9.436,9999.000,9999.000,9999.000,9999.000,9999.000,9999.000,9999.000
202606030430,   9.200,   9.607,9999.000,9999.000,9999.000,9999.000,9999.000,9999.000,9999.000
202606030436,   9.319,   9.748,9999.000,9999.000,9999.000,9999.000,9999.000,9999.000,9999.000
202606030442,   9.429,   9.856,9999.000,9999.000,9999.000,9999.000,9999.000,9999.000,9999.000
202606030448,   9.529,   9.967,9999.000,9999.000,9999.000,9999.000,9999.000,9999.000,9999.000
202606030454,   9.619,  10.056,9999.000,9999.000,9999.000,9999.000,9999.000,9999.000,9999.000
202606030500,   9.698,  10.158,   0.200,   0.260,  10.158,   0.200,  10.158,   0.300,  10.258
202606030506,   9.767,  10.246,9999.000,9999.000,9999.000,9999.000,9999.000,9999.000,9999.000
202606030512,   9.825,  10.295,9999.000,9999.000,9999.000,9999.000,9999.000,9999.000,9999.000
202606030518,   9.871,  10.338,9999.000,9999.000,9999.000,9999.000,9999.000,9999.000,9999.000
202606030524,   9.907,  10.387,9999.000,9999.000,9999.000,9999.000,9999.000,9999.000,9999.000
202606030530,   9.931,  10.427,9999.000,9999.000,9999.000,9999.000,9999.000,9999.000,9999.000
202606030536,   9.944,  10.446,9999.000,9999.000,9999.000,9999.000,9999.000,9999.000,9999.000
202606030542,   9.946,  10.446,9999.000,9999.000,9999.000,9999.000,9999.000,9999.000,9999.000
202606030548,   9.937,  10.436,9999.000,9999.000,9999.000,9999.000,9999.000,9999.000,9999.000
202606030554,   9.917,  10.436,9999.000,9999.000,9999.000,9999.000,9999.000,9999.000,9999.000
202606030600,   9.886,  10.397,   0.300,   0.211,  10.397,   0.300,  10.397,   0.400,  10.497
202606030606,   9.844,  10.377,9999.000,9999.000,9999.000,9999.000,9999.000,9999.000,9999.000
202606030612,   9.792,  10.328,9999.000,9999.000,9999.000,9999.000,9999.000,9999.000,9999.000
202606030618,   9.729,  10.266,9999.000,9999.000,9999.000,9999.000,9999.000,9999.000,9999.000
202606030624,   9.657,  10.197,9999.000,9999.000,9999.000,9999.000,9999.000,9999.000,9999.000
202606030630,   9.574,  10.118,9999.000,9999.000,9999.000,9999.000,9999.000,9999.000,9999.000
202606030636,   9.483,  10.036,9999.000,9999.000,9999.000,9999.000,9999.000,9999.000,9999.000
202606030642,   9.381,   9.928,9999.000,9999.000,9999.000,9999.000,9999.000,9999.000,9999.000
202606030648,   9.271,   9.787,9999.000,9999.000,9999.000,9999.000,9999.000,9999.000,9999.000
202606030654,   9.152,   9.646,9999.000,9999.000,9999.000,9999.000,9999.000,9999.000,9999.000
202606030700,   9.025,   9.518,   0.300,   0.193,   9.518,   0.300,   9.518,   0.400,   9.618
202606030706,   8.890,   9.377,9999.000,9999.000,9999.000,9999.000,9999.000,9999.000,9999.000
202606030712,   8.747,   9.226,9999.000,9999.000,9999.000,9999.000,9999.000,9999.000,9999.000
202606030718,   8.597,   9.069,9999.000,9999.000,9999.000,9999.000,9999.000,9999.000,9999.000
202606030724,   8.440,   8.918,9999.000,9999.000,9999.000,9999.000,9999.000,9999.000,9999.000
202606030730,   8.277,   8.737,9999.000,9999.000,9999.000,9999.000,9999.000,9999.000,9999.000
202606030736,   8.107,   8.557,9999.000,9999.000,9999.000,9999.000,9999.000,9999.000,9999.000
202606030742,   7.932,   8.367,9999.000,9999.000,9999.000,9999.000,9999.000,9999.000,9999.000
202606030748,   7.751,   8.186,9999.000,9999.000,9999.000,9999.000,9999.000,9999.000,9999.000
202606030754,   7.566,   7.976,9999.000,9999.000,9999.000,9999.000,9999.000,9999.000,9999.000
202606030800,   7.376,   7.796,   0.400,   0.020,   7.796,   0.300,   7.696,   0.400,   7.796
202606030806,   7.182,   7.609,9999.000,9999.000,9999.000,9999.000,9999.000,9999.000,9999.000
202606030812,   6.984,   7.448,9999.000,9999.000,9999.000,9999.000,9999.000,9999.000,9999.000
202606030818,   6.782,   7.278,9999.000,9999.000,9999.000,9999.000,9999.000,9999.000,9999.000
202606030824,   6.578,   7.117,9999.000,9999.000,9999.000,9999.000,9999.000,9999.000,9999.000
202606030830,   6.371,   6.937,9999.000,9999.000,9999.000,9999.000,9999.000,9999.000,9999.000
202606030836,   6.162,   6.746,9999.000,9999.000,9999.000,9999.000,9999.000,9999.000,9999.000
202606030842,   5.951,   6.537,9999.000,9999.000,9999.000,9999.000,9999.000,9999.000,9999.000
202606030848,   5.738,   6.327,9999.000,9999.000,9999.000,9999.000,9999.000,9999.000,9999.000
202606030854,   5.524,   6.107,9999.000,9999.000,9999.000,9999.000,9999.000,9999.000,9999.000
202606030900,   5.309,   5.877,   0.400,   0.168,   5.877,   0.300,   5.777,   0.400,   5.877
202606030906,   5.093,   5.657,9999.000,9999.000,9999.000,9999.000,9999.000,9999.000,9999.000
202606030912,   4.877,   5.418,9999.000,9999.000,9999.000,9999.000,9999.000,9999.000,9999.000
202606030918,   4.660,   5.208,9999.000,9999.000,9999.000,9999.000,9999.000,9999.000,9999.000
202606030924,   4.444,   4.998,9999.000,9999.000,9999.000,9999.000,9999.000,9999.000,9999.000
202606030930,   4.229,   4.788,9999.000,9999.000,9999.000,9999.000,9999.000,9999.000,9999.000
202606030936,   4.014,   4.578,9999.000,9999.000,9999.000,9999.000,9999.000,9999.000,9999.000
202606030942,   3.801,   4.368,9999.000,9999.000,9999.000,9999.000,9999.000,9999.000,9999.000
202606030948,   3.589,   4.149,9999.000,9999.000,9999.000,9999.000,9999.000,9999.000,9999.000
202606030954,   3.380,   3.929,9999.000,9999.000,9999.000,9999.000,9999.000,9999.000,9999.000
202606031000,   3.173,   3.719,   0.400,   0.146,   3.719,   0.400,   3.719,   0.400,   3.719
202606031006,   2.969,   3.489,9999.000,9999.000,9999.000,9999.000,9999.000,9999.000,9999.000
202606031012,   2.770,   3.279,9999.000,9999.000,9999.000,9999.000,9999.000,9999.000,9999.000
202606031018,   2.574,   3.079,9999.000,9999.000,9999.000,9999.000,9999.000,9999.000,9999.000
202606031024,   2.384,   2.889,9999.000,9999.000,9999.000,9999.000,9999.000,9999.000,9999.000
202606031030,   2.200,   2.699,9999.000,9999.000,9999.000,9999.000,9999.000,9999.000,9999.000
202606031036,   2.022,   2.519,9999.000,9999.000,9999.000,9999.000,9999.000,9999.000,9999.000
202606031042,   1.851,   2.358,9999.000,9999.000,9999.000,9999.000,9999.000,9999.000,9999.000
202606031048,   1.688,   2.191,9999.000,9999.000,9999.000,9999.000,9999.000,9999.000,9999.000
202606031054,   1.534,   2.020,9999.000,9999.000,9999.000,9999.000,9999.000,9999.000,9999.000
202606031100,   1.390,   1.859,   0.400,   0.069,   1.859,   0.400,   1.859,   0.400,   1.859
202606031106,   1.255,   1.699,9999.000,9999.000,9999.000,9999.000,9999.000,9999.000,9999.000
202606031112,   1.132,   1.557,9999.000,9999.000,9999.000,9999.000,9999.000,9999.000,9999.000
202606031118,   1.019,   1.439,9999.000,9999.000,9999.000,9999.000,9999.000,9999.000,9999.000
202606031124,   0.919,   1.298,9999.000,9999.000,9999.000,9999.000,9999.000,9999.000,9999.000
202606031130,   0.832,   1.229,9999.000,9999.000,9999.000,9999.000,9999.000,9999.000,9999.000
202606031136,   0.757,   1.180,9999.000,9999.000,9999.000,9999.000,9999.000,9999.000,9999.000
202606031142,   0.696,   1.138,9999.000,9999.000,9999.000,9999.000,9999.000,9999.000,9999.000
202606031148,   0.648,   1.098,9999.000,9999.000,9999.000,9999.000,9999.000,9999.000,9999.000
202606031154,   0.614,   1.059,9999.000,9999.000,9999.000,9999.000,9999.000,9999.000,9999.000
202606031200,   0.594,   1.039,   0.400,   0.045,   1.039,   0.400,   1.039,   0.400,   1.039
202606031206,   0.587,   1.020,9999.000,9999.000,9999.000,9999.000,9999.000,9999.000,9999.000
202606031212,   0.594,   1.010,9999.000,9999.000,9999.000,9999.000,9999.000,9999.000,9999.000
202606031218,   0.615,   0.990,9999.000,9999.000,9999.000,9999.000,9999.000,9999.000,9999.000
202606031224,   0.648,   0.990,9999.000,9999.000,9999.000,9999.000,9999.000,9999.000,9999.000
202606031230,   0.693,   1.020,9999.000,9999.000,9999.000,9999.000,9999.000,9999.000,9999.000
202606031236,   0.751,   1.069,9999.000,9999.000,9999.000,9999.000,9999.000,9999.000,9999.000
202606031242,   0.819,   1.128,9999.000,9999.000,9999.000,9999.000,9999.000,9999.000,9999.000
202606031248,   0.899,   1.210,9999.000,9999.000,9999.000,9999.000,9999.000,9999.000,9999.000
202606031254,   0.988,   1.279,9999.000,9999.000,9999.000,9999.000,9999.000,9999.000,9999.000
202606031300,   1.087,   1.410,   0.400,  -0.077,   1.410,   0.300,   1.310,   0.400,   1.410
202606031306,   1.194,   1.498,9999.000,9999.000,9999.000,9999.000,9999.000,9999.000,9999.000
202606031312,   1.309,   1.649,9999.000,9999.000,9999.000,9999.000,9999.000,9999.000,9999.000
202606031318,   1.432,   1.810,9999.000,9999.000,9999.000,9999.000,9999.000,9999.000,9999.000
202606031324,   1.561,   1.948,9999.000,9999.000,9999.000,9999.000,9999.000,9999.000,9999.000
202606031330,   1.695,   2.089,9999.000,9999.000,9999.000,9999.000,9999.000,9999.000,9999.000
202606031336,   1.835,   2.168,9999.000,9999.000,9999.000,9999.000,9999.000,9999.000,9999.000
202606031342,   1.980,   2.377,9999.000,9999.000,9999.000,9999.000,9999.000,9999.000,9999.000
202606031348,   2.129,   2.528,9999.000,9999.000,9999.000,9999.000,9999.000,9999.000,9999.000
202606031354,   2.282,   2.669,9999.000,9999.000,9999.000,9999.000,9999.000,9999.000,9999.000
202606031400,   2.439,   2.797,   0.400,  -0.042,   2.797,   0.300,   2.697,   0.400,   2.797
202606031406,   2.598,   2.988,9999.000,9999.000,9999.000,9999.000,9999.000,9999.000,9999.000
202606031412,   2.761,   3.148,9999.000,9999.000,9999.000,9999.000,9999.000,9999.000,9999.000
202606031418,   2.926,   3.289,9999.000,9999.000,9999.000,9999.000,9999.000,9999.000,9999.000
202606031424,   3.094,   3.450,9999.000,9999.000,9999.000,9999.000,9999.000,9999.000,9999.000
202606031430,   3.265,   3.588,9999.000,9999.000,9999.000,9999.000,9999.000,9999.000,9999.000
202606031436,   3.438,   3.719,9999.000,9999.000,9999.000,9999.000,9999.000,9999.000,9999.000
202606031442,   3.613,   3.880,9999.000,9999.000,9999.000,9999.000,9999.000,9999.000,9999.000
202606031448,   3.791,   4.017,9999.000,9999.000,9999.000,9999.000,9999.000,9999.000,9999.000
202606031454,   3.970,   4.218,9999.000,9999.000,9999.000,9999.000,9999.000,9999.000,9999.000
202606031500,   4.152,   4.378,   0.400,  -0.174,   4.378,   0.300,   4.278,   0.400,   4.378
202606031506,   4.336,   4.539,9999.000,9999.000,9999.000,9999.000,9999.000,9999.000,9999.000
202606031512,   4.521,   4.710,9999.000,9999.000,9999.000,9999.000,9999.000,9999.000,9999.000
202606031518,   4.708,   4.910,9999.000,9999.000,9999.000,9999.000,9999.000,9999.000,9999.000
202606031524,   4.896,   5.149,9999.000,9999.000,9999.000,9999.000,9999.000,9999.000,9999.000
202606031530,   5.086,   5.329,9999.000,9999.000,9999.000,9999.000,9999.000,9999.000,9999.000
202606031536,   5.275,   5.497,9999.000,9999.000,9999.000,9999.000,9999.000,9999.000,9999.000
202606031542,   5.465,   5.707,9999.000,9999.000,9999.000,9999.000,9999.000,9999.000,9999.000
202606031548,   5.655,   5.907,9999.000,9999.000,9999.000,9999.000,9999.000,9999.000,9999.000
202606031554,   5.844,   6.127,9999.000,9999.000,9999.000,9999.000,9999.000,9999.000,9999.000
202606031600,   6.032,   6.317,   0.400,  -0.115,   6.317,   0.300,   6.217,   0.400,   6.317
202606031606,   6.217,   6.507,9999.000,9999.000,9999.000,9999.000,9999.000,9999.000,9999.000
202606031612,   6.400,   6.697,9999.000,9999.000,9999.000,9999.000,9999.000,9999.000,9999.000
202606031618,   6.580,   6.907,9999.000,9999.000,9999.000,9999.000,9999.000,9999.000,9999.000
202606031624,   6.756,   7.117,9999.000,9999.000,9999.000,9999.000,9999.000,9999.000,9999.000
202606031630,   6.928,   7.288,9999.000,9999.000,9999.000,9999.000,9999.000,9999.000,9999.000
202606031636,   7.094,   7.448,9999.000,9999.000,9999.000,9999.000,9999.000,9999.000,9999.000
202606031642,   7.254,   7.619,9999.000,9999.000,9999.000,9999.000,9999.000,9999.000,9999.000
202606031648,   7.408,   7.829,9999.000,9999.000,9999.000,9999.000,9999.000,9999.000,9999.000
202606031654,   7.555,   7.976,9999.000,9999.000,9999.000,9999.000,9999.000,9999.000,9999.000
202606031700,   7.694,   8.147,   0.400,   0.053,   8.147,   0.300,   8.047,   0.400,   8.147
202606031706,   7.825,   8.259,9999.000,9999.000,9999.000,9999.000,9999.000,9999.000,9999.000
202606031712,   7.948,   8.386,9999.000,9999.000,9999.000,9999.000,9999.000,9999.000,9999.000
202606031718,   8.061,   8.459,9999.000,9999.000,9999.000,9999.000,9999.000,9999.000,9999.000
202606031724,   8.166,   8.567,9999.000,9999.000,9999.000,9999.000,9999.000,9999.000,9999.000
202606031730,   8.260,   8.659,9999.000,9999.000,9999.000,9999.000,9999.000,9999.000,9999.000
202606031736,   8.345,   8.777,9999.000,9999.000,9999.000,9999.000,9999.000,9999.000,9999.000
202606031742,   8.419,   8.869,9999.000,9999.000,9999.000,9999.000,9999.000,9999.000,9999.000
202606031748,   8.483,   8.947,9999.000,9999.000,9999.000,9999.000,9999.000,9999.000,9999.000
202606031754,   8.537,   9.006,9999.000,9999.000,9999.000,9999.000,9999.000,9999.000,9999.000
202606031800,   8.580,   9.036,   0.400,   0.056,   9.036,   0.400,   9.036,   0.400,   9.036
202606031806,   8.613,   9.098,9999.000,9999.000,9999.000,9999.000,9999.000,9999.000,9999.000
202606031812,   8.636,   9.138,9999.000,9999.000,9999.000,9999.000,9999.000,9999.000,9999.000
202606031818,   8.648,   9.147,9999.000,9999.000,9999.000,9999.000,9999.000,9999.000,9999.000
202606031824,   8.650,   9.167,9999.000,9999.000,9999.000,9999.000,9999.000,9999.000,9999.000
202606031830,   8.642,   9.138,9999.000,9999.000,9999.000,9999.000,9999.000,9999.000,9999.000
202606031836,   8.624,   9.098,9999.000,9999.000,9999.000,9999.000,9999.000,9999.000,9999.000
202606031842,   8.596,   9.036,9999.000,9999.000,9999.000,9999.000,9999.000,9999.000,9999.000
202606031848,   8.558,   9.016,9999.000,9999.000,9999.000,9999.000,9999.000,9999.000,9999.000
202606031854,   8.511,   8.957,9999.000,9999.000,9999.000,9999.000,9999.000,9999.000,9999.000
202606031900,   8.455,   8.898,   0.400,   0.043,   8.898,   0.400,   8.898,   0.400,   8.898
202606031906,   8.390,   8.816,9999.000,9999.000,9999.000,9999.000,9999.000,9999.000,9999.000
202606031912,   8.317,   8.718,9999.000,9999.000,9999.000,9999.000,9999.000,9999.000,9999.000
202606031918,   8.235,   8.636,9999.000,9999.000,9999.000,9999.000,9999.000,9999.000,9999.000
202606031924,   8.145,   8.547,9999.000,9999.000,9999.000,9999.000,9999.000,9999.000,9999.000
202606031930,   8.048,   8.468,9999.000,9999.000,9999.000,9999.000,9999.000,9999.000,9999.000
202606031936,   7.943,   8.377,9999.000,9999.000,9999.000,9999.000,9999.000,9999.000,9999.000
202606031942,   7.832,   8.259,9999.000,9999.000,9999.000,9999.000,9999.000,9999.000,9999.000
202606031948,   7.713,   8.137,9999.000,9999.000,9999.000,9999.000,9999.000,9999.000,9999.000
202606031954,   7.589,   8.016,9999.000,9999.000,9999.000,9999.000,9999.000,9999.000,9999.000
202606032000,   7.459,   7.908,   0.400,   0.049,   7.908,   0.400,   7.908,   0.400,   7.908
202606032006,   7.323,   7.776,9999.000,9999.000,9999.000,9999.000,9999.000,9999.000,9999.000
202606032012,   7.183,   7.619,9999.000,9999.000,9999.000,9999.000,9999.000,9999.000,9999.000
202606032018,   7.037,   7.468,9999.000,9999.000,9999.000,9999.000,9999.000,9999.000,9999.000
202606032024,   6.888,   7.376,9999.000,9999.000,9999.000,9999.000,9999.000,9999.000,9999.000
202606032030,   6.735,   7.219,9999.000,9999.000,9999.000,9999.000,9999.000,9999.000,9999.000
202606032036,   6.578,   7.068,9999.000,9999.000,9999.000,9999.000,9999.000,9999.000,9999.000
202606032042,   6.418,   6.917,9999.000,9999.000,9999.000,9999.000,9999.000,9999.000,9999.000
202606032048,   6.255,   6.756,9999.000,9999.000,9999.000,9999.000,9999.000,9999.000,9999.000
202606032054,   6.090,   6.619,9999.000,9999.000,9999.000,9999.000,9999.000,9999.000,9999.000
202606032100,   5.923,   6.487,   0.400,   0.164,   6.487,   0.400,   6.487,   0.500,   6.587
202606032106,   5.754,   6.317,9999.000,9999.000,9999.000,9999.000,9999.000,9999.000,9999.000
202606032112,   5.584,   6.159,9999.000,9999.000,9999.000,9999.000,9999.000,9999.000,9999.000
202606032118,   5.412,   5.979,9999.000,9999.000,9999.000,9999.000,9999.000,9999.000,9999.000
202606032124,   5.240,   5.799,9999.000,9999.000,9999.000,9999.000,9999.000,9999.000,9999.000
202606032130,   5.067,   5.628,9999.000,9999.000,9999.000,9999.000,9999.000,9999.000,9999.000
202606032136,   4.894,   5.448,9999.000,9999.000,9999.000,9999.000,9999.000,9999.000,9999.000
202606032142,   4.721,   5.247,9999.000,9999.000,9999.000,9999.000,9999.000,9999.000,9999.000
202606032148,   4.549,   5.038,9999.000,9999.000,9999.000,9999.000,9999.000,9999.000,9999.000
202606032154,   4.377,   4.857,9999.000,9999.000,9999.000,9999.000,9999.000,9999.000,9999.000
202606032200,   4.206,   4.700,   0.400,   0.094,   4.700,   0.400,   4.700,   0.500,   4.800
202606032206,   4.037,   4.549,9999.000,9999.000,9999.000,9999.000,9999.000,9999.000,9999.000
202606032212,   3.869,   4.418,9999.000,9999.000,9999.000,9999.000,9999.000,9999.000,9999.000
202606032218,   3.704,   4.267,9999.000,9999.000,9999.000,9999.000,9999.000,9999.000,9999.000
202606032224,   3.542,   4.109,9999.000,9999.000,9999.000,9999.000,9999.000,9999.000,9999.000
202606032230,   3.383,   3.939,9999.000,9999.000,9999.000,9999.000,9999.000,9999.000,9999.000
202606032236,   3.228,   3.768,9999.000,9999.000,9999.000,9999.000,9999.000,9999.000,9999.000
202606032242,   3.077,   3.617,9999.000,9999.000,9999.000,9999.000,9999.000,9999.000,9999.000
202606032248,   2.931,   3.450,9999.000,9999.000,9999.000,9999.000,9999.000,9999.000,9999.000
202606032254,   2.792,   3.270,9999.000,9999.000,9999.000,9999.000,9999.000,9999.000,9999.000
202606032300,   2.659,   3.060,   0.400,   0.001,   3.060,   0.400,   3.060,   0.500,   3.160
202606032306,   2.533,   2.919,9999.000,9999.000,9999.000,9999.000,9999.000,9999.000,9999.000
202606032312,   2.415,   2.797,9999.000,9999.000,9999.000,9999.000,9999.000,9999.000,9999.000
202606032318,   2.305,   2.679,9999.000,9999.000,9999.000,9999.000,9999.000,9999.000,9999.000
202606032324,   2.205,   2.587,9999.000,9999.000,9999.000,9999.000,9999.000,9999.000,9999.000
202606032330,   2.116,   2.519,9999.000,9999.000,9999.000,9999.000,9999.000,9999.000,9999.000
202606032336,   2.036,   2.430,9999.000,9999.000,9999.000,9999.000,9999.000,9999.000,9999.000
202606032342,   1.969,   2.348,9999.000,9999.000,9999.000,9999.000,9999.000,9999.000,9999.000
202606032348,   1.913,   2.299,9999.000,9999.000,9999.000,9999.000,9999.000,9999.000,9999.000
202606032354,   1.869,   2.220,9999.000,9999.000,9999.000,9999.000,9999.000,9999.000,9999.000
202606040000,   1.839,   2.191,   0.400,  -0.048,   2.191,   0.400,   2.191,   0.500,   2.291
202606040006,   1.821,   2.158,9999.000,9999.000,9999.000,9999.000,9999.000,9999.000,9999.000
202606040012,   1.816,   2.148,9999.000,9999.000,9999.000,9999.000,9999.000,9999.000,9999.000
202606040018,   1.825,   2.128,9999.000,9999.000,9999.000,9999.000,9999.000,9999.000,9999.000
202606040024,   1.847,   2.168,9999.000,9999.000,9999.000,9999.000,9999.000,9999.000,9999.000
202606040030,   1.883,   2.210,9999.000,9999.000,9999.000,9999.000,9999.000,9999.000,9999.000
202606040036,   1.931,   2.289,9999.000,9999.000,9999.000,9999.000,9999.000,9999.000,9999.000
202606040042,   1.992,   2.338,9999.000,9999.000,9999.000,9999.000,9999.000,9999.000,9999.000
202606040048,   2.065,   2.420,9999.000,9999.000,9999.000,9999.000,9999.000,9999.000,9999.000
202606040054,   2.150,   2.479,9999.000,9999.000,9999.000,9999.000,9999.000,9999.000,9999.000
202606040100,   2.246,   2.578,   0.400,  -0.068,   2.578,   0.400,   2.578,   0.400,   2.578
202606040106,   2.353,   2.660,9999.000,9999.000,9999.000,9999.000,9999.000,9999.000,9999.000
202606040112,   2.469,   2.768,9999.000,9999.000,9999.000,9999.000,9999.000,9999.000,9999.000
202606040118,   2.594,   2.889,9999.000,9999.000,9999.000,9999.000,9999.000,9999.000,9999.000
202606040124,   2.728,   2.997,9999.000,9999.000,9999.000,9999.000,9999.000,9999.000,9999.000
202606040130,   2.869,   3.148,9999.000,9999.000,9999.000,9999.000,9999.000,9999.000,9999.000
202606040136,   3.016,   3.279,9999.000,9999.000,9999.000,9999.000,9999.000,9999.000,9999.000
202606040142,   3.169,   3.499,9999.000,9999.000,9999.000,9999.000,9999.000,9999.000,9999.000
202606040148,   3.328,   3.617,9999.000,9999.000,9999.000,9999.000,9999.000,9999.000,9999.000
202606040154,   3.490,   3.798,9999.000,9999.000,9999.000,9999.000,9999.000,9999.000,9999.000
202606040200,   3.657,   3.919,   0.400,  -0.138,   3.919,   0.300,   3.819,   0.400,   3.919
202606040206,   3.826,   4.070,9999.000,9999.000,9999.000,9999.000,9999.000,9999.000,9999.000
202606040212,   3.999,   4.218,9999.000,9999.000,9999.000,9999.000,9999.000,9999.000,9999.000
202606040218,   4.173,   4.359,9999.000,9999.000,9999.000,9999.000,9999.000,9999.000,9999.000
202606040224,   4.349,   4.457,9999.000,9999.000,9999.000,9999.000,9999.000,9999.000,9999.000
202606040230,   4.526,   4.588,9999.000,9999.000,9999.000,9999.000,9999.000,9999.000,9999.000
202606040236,   4.705,   4.769,9999.000,9999.000,9999.000,9999.000,9999.000,9999.000,9999.000
202606040242,   4.884,   4.949,9999.000,9999.000,9999.000,9999.000,9999.000,9999.000,9999.000
202606040248,   5.064,   5.129,9999.000,9999.000,9999.000,9999.000,9999.000,9999.000,9999.000
202606040254,   5.245,   5.349,9999.000,9999.000,9999.000,9999.000,9999.000,9999.000,9999.000
202606040300,   5.426,   5.549,   0.300,  -0.177,   5.549,   0.300,   5.549,   0.400,   5.649
202606040306,   5.608,   5.739,9999.000,9999.000,9999.000,9999.000,9999.000,9999.000,9999.000
202606040312,   5.790,   5.926,9999.000,9999.000,9999.000,9999.000,9999.000,9999.000,9999.000
202606040318,   5.972,   6.097,9999.000,9999.000,9999.000,9999.000,9999.000,9999.000,9999.000
202606040324,   6.154,   6.258,9999.000,9999.000,9999.000,9999.000,9999.000,9999.000,9999.000
202606040330,   6.336,   6.468,9999.000,9999.000,9999.000,9999.000,9999.000,9999.000,9999.000
202606040336,   6.518,   6.628,9999.000,9999.000,9999.000,9999.000,9999.000,9999.000,9999.000
202606040342,   6.700,   6.789,9999.000,9999.000,9999.000,9999.000,9999.000,9999.000,9999.000
202606040348,   6.881,   6.966,9999.000,9999.000,9999.000,9999.000,9999.000,9999.000,9999.000
202606040354,   7.062,   7.176,9999.000,9999.000,9999.000,9999.000,9999.000,9999.000,9999.000
202606040400,   7.241,   7.409,   0.300,  -0.132,   7.409,   0.300,   7.409,   0.300,   7.409
202606040406,   7.418,   7.596,9999.000,9999.000,9999.000,9999.000,9999.000,9999.000,9999.000
202606040412,   7.594,   7.786,9999.000,9999.000,9999.000,9999.000,9999.000,9999.000,9999.000
202606040418,   7.767,   7.967,9999.000,9999.000,9999.000,9999.000,9999.000,9999.000,9999.000
202606040424,   7.937,   8.127,9999.000,9999.000,9999.000,9999.000,9999.000,9999.000,9999.000
202606040430,   8.104,   8.318,9999.000,9999.000,9999.000,9999.000,9999.000,9999.000,9999.000
202606040436,   8.266,   8.468,9999.000,9999.000,9999.000,9999.000,9999.000,9999.000,9999.000
202606040442,   8.423,   8.587,9999.000,9999.000,9999.000,9999.000,9999.000,9999.000,9999.000
202606040448,   8.576,   8.747,9999.000,9999.000,9999.000,9999.000,9999.000,9999.000,9999.000
202606040454,   8.722,   8.888,9999.000,9999.000,9999.000,9999.000,9999.000,9999.000,9999.000
202606040500,   8.861,   9.006,   0.300,  -0.155,   9.006,   0.200,   8.906,   0.300,   9.006
202606040506,   8.993,   9.147,9999.000,9999.000,9999.000,9999.000,9999.000,9999.000,9999.000
202606040512,   9.117,   9.298,9999.000,9999.000,9999.000,9999.000,9999.000,9999.000,9999.000
202606040518,   9.232,   9.436,9999.000,9999.000,9999.000,9999.000,9999.000,9999.000,9999.000
202606040524,   9.339,   9.528,9999.000,9999.000,9999.000,9999.000,9999.000,9999.000,9999.000
202606040530,   9.436,   9.636,9999.000,9999.000,9999.000,9999.000,9999.000,9999.000,9999.000
202606040536,   9.523,   9.738,9999.000,9999.000,9999.000,9999.000,9999.000,9999.000,9999.000
202606040542,   9.600,   9.817,9999.000,9999.000,9999.000,9999.000,9999.000,9999.000,9999.000
202606040548,   9.667,   9.928,9999.000,9999.000,9999.000,9999.000,9999.000,9999.000,9999.000
202606040554,   9.722,   9.997,9999.000,9999.000,9999.000,9999.000,9999.000,9999.000,9999.000
202606040600,   9.767,  10.056,   0.300,  -0.011,  10.056,   0.300,  10.056,   0.300,  10.056
202606040606,   9.800,  10.095,9999.000,9999.000,9999.000,9999.000,9999.000,9999.000,9999.000
202606040612,   9.822,  10.128,9999.000,9999.000,9999.000,9999.000,9999.000,9999.000,9999.000
202606040618,   9.833,  10.158,9999.000,9999.000,9999.000,9999.000,9999.000,9999.000,9999.000
202606040624,   9.832,  10.177,9999.000,9999.000,9999.000,9999.000,9999.000,9999.000,9999.000
202606040630,   9.820,  10.158,9999.000,9999.000,9999.000,9999.000,9999.000,9999.000,9999.000
202606040636,   9.797,  10.118,9999.000,9999.000,9999.000,9999.000,9999.000,9999.000,9999.000
202606040642,   9.763,  10.095,9999.000,9999.000,9999.000,9999.000,9999.000,9999.000,9999.000
202606040648,   9.719,  10.046,9999.000,9999.000,9999.000,9999.000,9999.000,9999.000,9999.000
202606040654,   9.663,  10.017,9999.000,9999.000,9999.000,9999.000,9999.000,9999.000,9999.000
202606040700,   9.598,  10.017,   0.300,   0.119,  10.017,   0.300,  10.017,   0.400,  10.117
202606040706,   9.522,   9.885,9999.000,9999.000,9999.000,9999.000,9999.000,9999.000,9999.000
202606040712,   9.436,   9.797,9999.000,9999.000,9999.000,9999.000,9999.000,9999.000,9999.000
202606040718,   9.341,   9.698,9999.000,9999.000,9999.000,9999.000,9999.000,9999.000,9999.000
202606040724,   9.236,   9.607,9999.000,9999.000,9999.000,9999.000,9999.000,9999.000,9999.000
202606040730,   9.123,   9.498,9999.000,9999.000,9999.000,9999.000,9999.000,9999.000,9999.000
202606040736,   9.001,   9.357,9999.000,9999.000,9999.000,9999.000,9999.000,9999.000,9999.000
202606040742,   8.871,   9.167,9999.000,9999.000,9999.000,9999.000,9999.000,9999.000,9999.000
202606040748,   8.734,   9.016,9999.000,9999.000,9999.000,9999.000,9999.000,9999.000,9999.000
202606040754,   8.589,   8.846,9999.000,9999.000,9999.000,9999.000,9999.000,9999.000,9999.000
202606040800,   8.437,   8.698,   0.300,  -0.039,   8.698,   0.300,   8.698,   0.400,   8.798
202606040806,   8.278,   8.547,9999.000,9999.000,9999.000,9999.000,9999.000,9999.000,9999.000
202606040812,   8.113,   8.426,9999.000,9999.000,9999.000,9999.000,9999.000,9999.000,9999.000
202606040818,   7.943,   8.268,9999.000,9999.000,9999.000,9999.000,9999.000,9999.000,9999.000
202606040824,   7.767,   8.127,9999.000,9999.000,9999.000,9999.000,9999.000,9999.000,9999.000
202606040830,   7.586,   7.976,9999.000,9999.000,9999.000,9999.000,9999.000,9999.000,9999.000
202606040836,   7.401,   7.839,9999.000,9999.000,9999.000,9999.000,9999.000,9999.000,9999.000
202606040842,   7.212,   7.688,9999.000,9999.000,9999.000,9999.000,9999.000,9999.000,9999.000
202606040848,   7.019,   7.517,9999.000,9999.000,9999.000,9999.000,9999.000,9999.000,9999.000
202606040854,   6.823,   7.327,9999.000,9999.000,9999.000,9999.000,9999.000,9999.000,9999.000
202606040900,   6.624,   7.097,   0.300,   0.173,   7.097,   0.300,   7.097,   0.400,   7.197
202606040906,   6.422,   6.887,9999.000,9999.000,9999.000,9999.000,9999.000,9999.000,9999.000
202606040912,   6.219,   6.687,9999.000,9999.000,9999.000,9999.000,9999.000,9999.000,9999.000
202606040918,   6.014,   6.458,9999.000,9999.000,9999.000,9999.000,9999.000,9999.000,9999.000
202606040924,   5.807,   6.248,9999.000,9999.000,9999.000,9999.000,9999.000,9999.000,9999.000
202606040930,   5.599,   6.067,9999.000,9999.000,9999.000,9999.000,9999.000,9999.000,9999.000
202606040936,   5.390,   5.858,9999.000,9999.000,9999.000,9999.000,9999.000,9999.000,9999.000
202606040942,   5.181,   5.657,9999.000,9999.000,9999.000,9999.000,9999.000,9999.000,9999.000
202606040948,   4.972,   5.467,9999.000,9999.000,9999.000,9999.000,9999.000,9999.000,9999.000
202606040954,   4.763,   5.257,9999.000,9999.000,9999.000,9999.000,9999.000,9999.000,9999.000
202606041000,   4.554,   5.028,   0.300,   0.174,   5.028,   0.300,   5.028,   0.400,   5.128
202606041006,   4.346,   4.818,9999.000,9999.000,9999.000,9999.000,9999.000,9999.000,9999.000
202606041012,   4.139,   4.608,9999.000,9999.000,9999.000,9999.000,9999.000,9999.000,9999.000
202606041018,   3.933,   4.408,9999.000,9999.000,9999.000,9999.000,9999.000,9999.000,9999.000
202606041024,   3.729,   4.188,9999.000,9999.000,9999.000,9999.000,9999.000,9999.000,9999.000
202606041030,   3.526,   3.988,9999.000,9999.000,9999.000,9999.000,9999.000,9999.000,9999.000
202606041036,   3.327,   3.788,9999.000,9999.000,9999.000,9999.000,9999.000,9999.000,9999.000
202606041042,   3.130,   3.578,9999.000,9999.000,9999.000,9999.000,9999.000,9999.000,9999.000
202606041048,   2.936,   3.378,9999.000,9999.000,9999.000,9999.000,9999.000,9999.000,9999.000
202606041054,   2.746,   3.178,9999.000,9999.000,9999.000,9999.000,9999.000,9999.000,9999.000
202606041100,   2.560,   2.997,   0.300,   0.137,   2.997,   0.300,   2.997,   0.400,   3.097
202606041106,   2.380,   2.820,9999.000,9999.000,9999.000,9999.000,9999.000,9999.000,9999.000
202606041112,   2.205,   2.630,9999.000,9999.000,9999.000,9999.000,9999.000,9999.000,9999.000
202606041118,   2.036,   2.459,9999.000,9999.000,9999.000,9999.000,9999.000,9999.000,9999.000
202606041124,   1.874,   2.289,9999.000,9999.000,9999.000,9999.000,9999.000,9999.000,9999.000
202606041130,   1.720,   2.118,9999.000,9999.000,9999.000,9999.000,9999.000,9999.000,9999.000
202606041136,   1.574,   1.958,9999.000,9999.000,9999.000,9999.000,9999.000,9999.000,9999.000
202606041142,   1.437,   1.820,9999.000,9999.000,9999.000,9999.000,9999.000,9999.000,9999.000
202606041148,   1.310,   1.679,9999.000,9999.000,9999.000,9999.000,9999.000,9999.000,9999.000
202606041154,   1.193,   1.538,9999.000,9999.000,9999.000,9999.000,9999.000,9999.000,9999.000
202606041200,   1.087,   1.439,   0.300,   0.052,   1.439,   0.300,   1.439,   0.400,   1.539
202606041206,   0.993,   1.348,9999.000,9999.000,9999.000,9999.000,9999.000,9999.000,9999.000
202606041212,   0.911,   1.249,9999.000,9999.000,9999.000,9999.000,9999.000,9999.000,9999.000
202606041218,   0.841,   1.180,9999.000,9999.000,9999.000,9999.000,9999.000,9999.000,9999.000
202606041224,   0.785,   1.108,9999.000,9999.000,9999.000,9999.000,9999.000,9999.000,9999.000
202606041230,   0.742,   1.049,9999.000,9999.000,9999.000,9999.000,9999.000,9999.000,9999.000
202606041236,   0.712,   1.020,9999.000,9999.000,9999.000,9999.000,9999.000,9999.000,9999.000
202606041242,   0.696,   1.000,9999.000,9999.000,9999.000,9999.000,9999.000,9999.000,9999.000
202606041248,   0.694,   1.010,9999.000,9999.000,9999.000,9999.000,9999.000,9999.000,9999.000
202606041254,   0.705,   1.010,9999.000,9999.000,9999.000,9999.000,9999.000,9999.000,9999.000
202606041300,   0.730,   1.029,   0.300,  -0.001,   1.029,   0.300,   1.029,   0.400,   1.129
202606041306,   0.767,   1.069,9999.000,9999.000,9999.000,9999.000,9999.000,9999.000,9999.000
202606041312,   0.817,   1.151,9999.000,9999.000,9999.000,9999.000,9999.000,9999.000,9999.000
202606041318,   0.878,   1.220,9999.000,9999.000,9999.000,9999.000,9999.000,9999.000,9999.000
202606041324,   0.952,   1.259,9999.000,9999.000,9999.000,9999.000,9999.000,9999.000,9999.000
202606041330,   1.035,   1.380,9999.000,9999.000,9999.000,9999.000,9999.000,9999.000,9999.000
202606041336,   1.129,   1.498,9999.000,9999.000,9999.000,9999.000,9999.000,9999.000,9999.000
202606041342,   1.233,   1.600,9999.000,9999.000,9999.000,9999.000,9999.000,9999.000,9999.000
202606041348,   1.345,   1.728,9999.000,9999.000,9999.000,9999.000,9999.000,9999.000,9999.000
202606041354,   1.464,   1.859,9999.000,9999.000,9999.000,9999.000,9999.000,9999.000,9999.000
202606041400,   1.591,   1.981,   0.300,   0.090,   1.981,   0.300,   1.981,   0.300,   1.981
202606041406,   1.724,   2.099,9999.000,9999.000,9999.000,9999.000,9999.000,9999.000,9999.000
202606041412,   1.863,   2.220,9999.000,9999.000,9999.000,9999.000,9999.000,9999.000,9999.000
202606041418,   2.006,   2.358,9999.000,9999.000,9999.000,9999.000,9999.000,9999.000,9999.000
202606041424,   2.154,9999.000,9999.000,9999.000,9999.000,9999.000,9999.000,9999.000,9999.000
202606041430,   2.306,9999.000,9999.000,9999.000,9999.000,9999.000,9999.000,9999.000,9999.000
202606041436,   2.460,   2.728,9999.000,9999.000,9999.000,9999.000,9999.000,9999.000,9999.000
202606041442,   2.618,   2.879,9999.000,9999.000,9999.000,9999.000,9999.000,9999.000,9999.000
202606041448,   2.778,   3.030,9999.000,9999.000,9999.000,9999.000,9999.000,9999.000,9999.000
202606041454,   2.940,   3.178,9999.000,9999.000,9999.000,9999.000,9999.000,9999.000,9999.000
202606041500,   3.104,   3.329,   0.300,  -0.075,   3.329,   0.300,   3.329,   0.300,   3.329
202606041506,   3.270,   3.509,9999.000,9999.000,9999.000,9999.000,9999.000,9999.000,9999.000
202606041512,   3.437,   3.689,9999.000,9999.000,9999.000,9999.000,9999.000,9999.000,9999.000
202606041518,   3.606,   3.847,9999.000,9999.000,9999.000,9999.000,9999.000,9999.000,9999.000
202606041524,   3.777,   4.027,9999.000,9999.000,9999.000,9999.000,9999.000,9999.000,9999.000
202606041530,   3.949,   4.178,9999.000,9999.000,9999.000,9999.000,9999.000,9999.000,9999.000
202606041536,   4.122,   4.388,9999.000,9999.000,9999.000,9999.000,9999.000,9999.000,9999.000
202606041542,   4.297,   4.559,9999.000,9999.000,9999.000,9999.000,9999.000,9999.000,9999.000
202606041548,   4.473,   4.729,9999.000,9999.000,9999.000,9999.000,9999.000,9999.000,9999.000
202606041554,   4.651,   4.949,9999.000,9999.000,9999.000,9999.000,9999.000,9999.000,9999.000
202606041600,   4.829,   5.139,   0.300,   0.010,   5.139,   0.300,   5.139,   0.300,   5.139
202606041606,   5.009,   5.320,9999.000,9999.000,9999.000,9999.000,9999.000,9999.000,9999.000
202606041612,   5.189,   5.516,9999.000,9999.000,9999.000,9999.000,9999.000,9999.000,9999.000
202606041618,   5.370,   5.730,9999.000,9999.000,9999.000,9999.000,9999.000,9999.000,9999.000
202606041624,   5.552,   5.917,9999.000,9999.000,9999.000,9999.000,9999.000,9999.000,9999.000
202606041630,   5.733,   6.117,9999.000,9999.000,9999.000,9999.000,9999.000,9999.000,9999.000
202606041636,   5.913,   6.277,9999.000,9999.000,9999.000,9999.000,9999.000,9999.000,9999.000
202606041642,   6.093,   6.487,9999.000,9999.000,9999.000,9999.000,9999.000,9999.000,9999.000
202606041648,   6.271,   6.638,9999.000,9999.000,9999.000,9999.000,9999.000,9999.000,9999.000
202606041654,   6.447,   6.838,9999.000,9999.000,9999.000,9999.000,9999.000,9999.000,9999.000
202606041700,   6.620,   6.999,   0.300,   0.079,   6.999,   0.300,   6.999,   0.300,   6.999
202606041706,   6.790,   7.166,9999.000,9999.000,9999.000,9999.000,9999.000,9999.000,9999.000
202606041712,   6.956,   7.337,9999.000,9999.000,9999.000,9999.000,9999.000,9999.000,9999.000
202606041718,   7.117,   7.498,9999.000,9999.000,9999.000,9999.000,9999.000,9999.000,9999.000
202606041724,   7.272,   7.639,9999.000,9999.000,9999.000,9999.000,9999.000,9999.000,9999.000
202606041730,   7.422,   7.806,9999.000,9999.000,9999.000,9999.000,9999.000,9999.000,9999.000
202606041736,   7.565,   7.957,9999.000,9999.000,9999.000,9999.000,9999.000,9999.000,9999.000
202606041742,   7.701,   8.088,9999.000,9999.000,9999.000,9999.000,9999.000,9999.000,9999.000
202606041748,   7.829,   8.239,9999.000,9999.000,9999.000,9999.000,9999.000,9999.000,9999.000
202606041754,   7.948,   8.318,9999.000,9999.000,9999.000,9999.000,9999.000,9999.000,9999.000
202606041800,   8.059,   8.449,   0.300,   0.090,   8.449,   0.300,   8.449,   0.300,   8.449
202606041806,   8.161,   8.527,9999.000,9999.000,9999.000,9999.000,9999.000,9999.000,9999.000
202606041812,   8.253,   8.626,9999.000,9999.000,9999.000,9999.000,9999.000,9999.000,9999.000
202606041818,   8.335,   8.708,9999.000,9999.000,9999.000,9999.000,9999.000,9999.000,9999.000
202606041824,   8.407,   8.796,9999.000,9999.000,9999.000,9999.000,9999.000,9999.000,9999.000
202606041830,   8.469,   8.846,9999.000,9999.000,9999.000,9999.000,9999.000,9999.000,9999.000
202606041836,   8.520,   8.918,9999.000,9999.000,9999.000,9999.000,9999.000,9999.000,9999.000
202606041842,   8.561,   8.947,9999.000,9999.000,9999.000,9999.000,9999.000,9999.000,9999.000
202606041848,   8.591,   8.987,9999.000,9999.000,9999.000,9999.000,9999.000,9999.000,9999.000
202606041854,   8.611,   8.987,9999.000,9999.000,9999.000,9999.000,9999.000,9999.000,9999.000
202606041900,   8.620,   9.016,   0.300,   0.096,   9.016,   0.200,   8.916,   0.300,   9.016
202606041906,   8.619,   9.016,9999.000,9999.000,9999.000,9999.000,9999.000,9999.000,9999.000
202606041912,   8.608,   9.006,9999.000,9999.000,9999.000,9999.000,9999.000,9999.000,9999.000
202606041918,   8.587,   8.977,9999.000,9999.000,9999.000,9999.000,9999.000,9999.000,9999.000
202606041924,   8.556,   8.947,9999.000,9999.000,9999.000,9999.000,9999.000,9999.000,9999.000
202606041930,   8.516,   8.888,9999.000,9999.000,9999.000,9999.000,9999.000,9999.000,9999.000
202606041936,   8.466,   8.816,9999.000,9999.000,9999.000,9999.000,9999.000,9999.000,9999.000
202606041942,   8.407,   8.737,9999.000,9999.000,9999.000,9999.000,9999.000,9999.000,9999.000
202606041948,   8.340,   8.669,9999.000,9999.000,9999.000,9999.000,9999.000,9999.000,9999.000
202606041954,   8.264,   8.596,9999.000,9999.000,9999.000,9999.000,9999.000,9999.000,9999.000
202606042000,   8.180,   8.527,   0.300,   0.047,   8.527,   0.200,   8.427,   0.300,   8.527
202606042006,   8.088,   8.459,9999.000,9999.000,9999.000,9999.000,9999.000,9999.000,9999.000
202606042012,   7.989,   8.357,9999.000,9999.000,9999.000,9999.000,9999.000,9999.000,9999.000
202606042018,   7.883,   8.239,9999.000,9999.000,9999.000,9999.000,9999.000,9999.000,9999.000
202606042024,   7.770,   8.137,9999.000,9999.000,9999.000,9999.000,9999.000,9999.000,9999.000
202606042030,   7.651,   8.016,9999.000,9999.000,9999.000,9999.000,9999.000,9999.000,9999.000
202606042036,   7.526,   7.917,9999.000,9999.000,9999.000,9999.000,9999.000,9999.000,9999.000
202606042042,   7.396,   7.786,9999.000,9999.000,9999.000,9999.000,9999.000,9999.000,9999.000
202606042048,   7.260,   7.658,9999.000,9999.000,9999.000,9999.000,9999.000,9999.000,9999.000
202606042054,   7.120,   7.517,9999.000,9999.000,9999.000,9999.000,9999.000,9999.000,9999.000
202606042100,   6.975,   7.399,   0.200,   0.224,   7.399,   0.200,   7.399,   0.300,   7.499
202606042106,   6.826,   7.268,9999.000,9999.000,9999.000,9999.000,9999.000,9999.000,9999.000
202606042112,   6.674,   7.117,9999.000,9999.000,9999.000,9999.000,9999.000,9999.000,9999.000
202606042118,   6.518,   6.917,9999.000,9999.000,9999.000,9999.000,9999.000,9999.000,9999.000
202606042124,   6.360,   6.799,9999.000,9999.000,9999.000,9999.000,9999.000,9999.000,9999.000
202606042130,   6.199,   6.638,9999.000,9999.000,9999.000,9999.000,9999.000,9999.000,9999.000
202606042136,   6.036,   6.497,9999.000,9999.000,9999.000,9999.000,9999.000,9999.000,9999.000
202606042142,   5.872,   6.327,9999.000,9999.000,9999.000,9999.000,9999.000,9999.000,9999.000
202606042148,   5.706,   6.169,9999.000,9999.000,9999.000,9999.000,9999.000,9999.000,9999.000
202606042154,   5.539,   5.989,9999.000,9999.000,9999.000,9999.000,9999.000,9999.000,9999.000
202606042200,   5.371,   5.818,   0.200,   0.247,   5.818,   0.200,   5.818,   0.300,   5.918
202606042206,   5.202,   5.628,9999.000,9999.000,9999.000,9999.000,9999.000,9999.000,9999.000
202606042212,   5.034,   5.428,9999.000,9999.000,9999.000,9999.000,9999.000,9999.000,9999.000
202606042218,   4.865,   5.228,9999.000,9999.000,9999.000,9999.000,9999.000,9999.000,9999.000
202606042224,   4.697,   5.057,9999.000,9999.000,9999.000,9999.000,9999.000,9999.000,9999.000
202606042230,   4.529,   4.867,9999.000,9999.000,9999.000,9999.000,9999.000,9999.000,9999.000
202606042236,   4.363,   4.690,9999.000,9999.000,9999.000,9999.000,9999.000,9999.000,9999.000
202606042242,   4.198,   4.539,9999.000,9999.000,9999.000,9999.000,9999.000,9999.000,9999.000
202606042248,   4.034,   4.378,9999.000,9999.000,9999.000,9999.000,9999.000,9999.000,9999.000
202606042254,   3.873,   4.227,9999.000,9999.000,9999.000,9999.000,9999.000,9999.000,9999.000
202606042300,   3.713,   4.080,   0.200,   0.167,   4.080,   0.100,   3.980,   0.300,   4.180
202606042306,   3.557,   3.939,9999.000,9999.000,9999.000,9999.000,9999.000,9999.000,9999.000
202606042312,   3.404,   3.778,9999.000,9999.000,9999.000,9999.000,9999.000,9999.000,9999.000
202606042318,   3.255,   3.627,9999.000,9999.000,9999.000,9999.000,9999.000,9999.000,9999.000
202606042324,   3.110,   3.470,9999.000,9999.000,9999.000,9999.000,9999.000,9999.000,9999.000
202606042330,   2.971,   3.329,9999.000,9999.000,9999.000,9999.000,9999.000,9999.000,9999.000
202606042336,   2.836,   3.148,9999.000,9999.000,9999.000,9999.000,9999.000,9999.000,9999.000
202606042342,   2.708,   3.007,9999.000,9999.000,9999.000,9999.000,9999.000,9999.000,9999.000
202606042348,   2.587,   2.879,9999.000,9999.000,9999.000,9999.000,9999.000,9999.000,9999.000
202606042354,   2.473,   2.748,9999.000,9999.000,9999.000,9999.000,9999.000,9999.000,9999.000
202606050000,   2.368,   2.650,   0.300,  -0.018,   2.650,   0.200,   2.550,   0.300,   2.650
202606050006,   2.271,   2.558,9999.000,9999.000,9999.000,9999.000,9999.000,9999.000,9999.000
202606050012,   2.184,   2.499,9999.000,9999.000,9999.000,9999.000,9999.000,9999.000,9999.000
202606050018,   2.107,   2.450,9999.000,9999.000,9999.000,9999.000,9999.000,9999.000,9999.000
202606050024,   2.041,   2.410,9999.000,9999.000,9999.000,9999.000,9999.000,9999.000,9999.000
202606050030,   1.987,   2.368,9999.000,9999.000,9999.000,9999.000,9999.000,9999.000,9999.000
202606050036,   1.944,   2.348,9999.000,9999.000,9999.000,9999.000,9999.000,9999.000,9999.000
202606050042,   1.913,   2.309,9999.000,9999.000,9999.000,9999.000,9999.000,9999.000,9999.000
202606050048,   1.895,   2.279,9999.000,9999.000,9999.000,9999.000,9999.000,9999.000,9999.000
202606050054,   1.890,   2.259,9999.000,9999.000,9999.000,9999.000,9999.000,9999.000,9999.000
202606050100,   1.898,   2.259,   0.300,   0.061,   2.259,   0.200,   2.159,   0.300,   2.259
202606050106,   1.918,   2.269,9999.000,9999.000,9999.000,9999.000,9999.000,9999.000,9999.000
202606050112,   1.952,   2.289,9999.000,9999.000,9999.000,9999.000,9999.000,9999.000,9999.000
202606050118,   1.999,   2.328,9999.000,9999.000,9999.000,9999.000,9999.000,9999.000,9999.000
202606050124,   2.058,   2.387,9999.000,9999.000,9999.000,9999.000,9999.000,9999.000,9999.000
202606050130,   2.130,   2.459,9999.000,9999.000,9999.000,9999.000,9999.000,9999.000,9999.000
202606050136,   2.213,   2.548,9999.000,9999.000,9999.000,9999.000,9999.000,9999.000,9999.000
202606050142,   2.307,   2.630,9999.000,9999.000,9999.000,9999.000,9999.000,9999.000,9999.000
202606050148,   2.412,   2.738,9999.000,9999.000,9999.000,9999.000,9999.000,9999.000,9999.000
202606050154,   2.526,   2.869,9999.000,9999.000,9999.000,9999.000,9999.000,9999.000,9999.000
202606050200,   2.650,   2.988,   0.300,   0.038,   2.988,   0.200,   2.888,   0.300,   2.988
202606050206,   2.782,   3.119,9999.000,9999.000,9999.000,9999.000,9999.000,9999.000,9999.000
202606050212,   2.922,   3.270,9999.000,9999.000,9999.000,9999.000,9999.000,9999.000,9999.000
202606050218,   3.068,   3.398,9999.000,9999.000,9999.000,9999.000,9999.000,9999.000,9999.000
202606050224,   3.220,   3.529,9999.000,9999.000,9999.000,9999.000,9999.000,9999.000,9999.000
202606050230,   3.377,   3.650,9999.000,9999.000,9999.000,9999.000,9999.000,9999.000,9999.000
202606050236,   3.539,   3.798,9999.000,9999.000,9999.000,9999.000,9999.000,9999.000,9999.000
202606050242,   3.704,   3.929,9999.000,9999.000,9999.000,9999.000,9999.000,9999.000,9999.000
202606050248,   3.872,   4.070,9999.000,9999.000,9999.000,9999.000,9999.000,9999.000,9999.000
202606050254,   4.043,   4.218,9999.000,9999.000,9999.000,9999.000,9999.000,9999.000,9999.000
202606050300,   4.215,   4.378,   0.300,  -0.137,   4.378,   0.200,   4.278,   0.300,   4.378
202606050306,   4.389,   4.509,9999.000,9999.000,9999.000,9999.000,9999.000,9999.000,9999.000
202606050312,   4.563,   4.667,9999.000,9999.000,9999.000,9999.000,9999.000,9999.000,9999.000
202606050318,   4.739,   4.867,9999.000,9999.000,9999.000,9999.000,9999.000,9999.000,9999.000
202606050324,   4.914,   5.057,9999.000,9999.000,9999.000,9999.000,9999.000,9999.000,9999.000
202606050330,   5.090,   5.267,9999.000,9999.000,9999.000,9999.000,9999.000,9999.000,9999.000
202606050336,   5.266,   5.487,9999.000,9999.000,9999.000,9999.000,9999.000,9999.000,9999.000
202606050342,   5.442,   5.697,9999.000,9999.000,9999.000,9999.000,9999.000,9999.000,9999.000
202606050348,   5.618,   5.877,9999.000,9999.000,9999.000,9999.000,9999.000,9999.000,9999.000
202606050354,   5.793,   6.058,9999.000,9999.000,9999.000,9999.000,9999.000,9999.000,9999.000
202606050400,   5.969,   6.248,   0.200,   0.079,   6.248,   0.200,   6.248,   0.300,   6.348
202606050406,   6.144,   6.428,9999.000,9999.000,9999.000,9999.000,9999.000,9999.000,9999.000
202606050412,   6.319,   6.599,9999.000,9999.000,9999.000,9999.000,9999.000,9999.000,9999.000
202606050418,   6.493,   6.737,9999.000,9999.000,9999.000,9999.000,9999.000,9999.000,9999.000
202606050424,   6.667,   6.917,9999.000,9999.000,9999.000,9999.000,9999.000,9999.000,9999.000
202606050430,   6.840,   7.088,9999.000,9999.000,9999.000,9999.000,9999.000,9999.000,9999.000
202606050436,   7.013,   7.288,9999.000,9999.000,9999.000,9999.000,9999.000,9999.000,9999.000
202606050442,   7.184,   7.498,9999.000,9999.000,9999.000,9999.000,9999.000,9999.000,9999.000
202606050448,   7.354,   7.658,9999.000,9999.000,9999.000,9999.000,9999.000,9999.000,9999.000
202606050454,   7.522,   7.849,9999.000,9999.000,9999.000,9999.000,9999.000,9999.000,9999.000
202606050500,   7.688,   8.006,   0.200,   0.118,   8.006,   0.200,   8.006,   0.300,   8.106
202606050506,   7.851,   8.186,9999.000,9999.000,9999.000,9999.000,9999.000,9999.000,9999.000
202606050512,   8.011,   8.337,9999.000,9999.000,9999.000,9999.000,9999.000,9999.000,9999.000
202606050518,   8.168,   8.508,9999.000,9999.000,9999.000,9999.000,9999.000,9999.000,9999.000
202606050524,   8.320,   8.626,9999.000,9999.000,9999.000,9999.000,9999.000,9999.000,9999.000
202606050530,   8.467,   8.777,9999.000,9999.000,9999.000,9999.000,9999.000,9999.000,9999.000
202606050536,   8.609,   8.918,9999.000,9999.000,9999.000,9999.000,9999.000,9999.000,9999.000
202606050542,   8.744,   9.056,9999.000,9999.000,9999.000,9999.000,9999.000,9999.000,9999.000
202606050548,   8.872,   9.226,9999.000,9999.000,9999.000,9999.000,9999.000,9999.000,9999.000
202606050554,   8.993,   9.367,9999.000,9999.000,9999.000,9999.000,9999.000,9999.000,9999.000
202606050600,   9.106,   9.498,   0.300,   0.092,   9.498,   0.200,   9.398,   0.300,   9.498
202606050606,   9.211,   9.616,9999.000,9999.000,9999.000,9999.000,9999.000,9999.000,9999.000
202606050612,   9.306,   9.718,9999.000,9999.000,9999.000,9999.000,9999.000,9999.000,9999.000
202606050618,   9.392,   9.797,9999.000,9999.000,9999.000,9999.000,9999.000,9999.000,9999.000
202606050624,   9.467,   9.876,9999.000,9999.000,9999.000,9999.000,9999.000,9999.000,9999.000
202606050630,   9.533,   9.958,9999.000,9999.000,9999.000,9999.000,9999.000,9999.000,9999.000
202606050636,   9.587,  10.017,9999.000,9999.000,9999.000,9999.000,9999.000,9999.000,9999.000
202606050642,   9.631,  10.066,9999.000,9999.000,9999.000,9999.000,9999.000,9999.000,9999.000
202606050648,   9.664,  10.108,9999.000,9999.000,9999.000,9999.000,9999.000,9999.000,9999.000
202606050654,   9.685,  10.148,9999.000,9999.000,9999.000,9999.000,9999.000,9999.000,9999.000
202606050700,   9.696,  10.138,   0.300,   0.142,  10.138,   0.200,  10.038,   0.300,  10.138
202606050706,   9.695,  10.177,9999.000,9999.000,9999.000,9999.000,9999.000,9999.000,9999.000
202606050712,   9.682,  10.158,9999.000,9999.000,9999.000,9999.000,9999.000,9999.000,9999.000
202606050718,   9.659,  10.158,9999.000,9999.000,9999.000,9999.000,9999.000,9999.000,9999.000
202606050724,   9.625,  10.095,9999.000,9999.000,9999.000,9999.000,9999.000,9999.000,9999.000
202606050730,   9.580,  10.056,9999.000,9999.000,9999.000,9999.000,9999.000,9999.000,9999.000
202606050736,   9.524,   9.977,9999.000,9999.000,9999.000,9999.000,9999.000,9999.000,9999.000
202606050742,   9.458,   9.918,9999.000,9999.000,9999.000,9999.000,9999.000,9999.000,9999.000
202606050748,   9.382,   9.807,9999.000,9999.000,9999.000,9999.000,9999.000,9999.000,9999.000
202606050754,   9.297,   9.728,9999.000,9999.000,9999.000,9999.000,9999.000,9999.000,9999.000
202606050800,   9.202,   9.626,   0.300,   0.124,   9.626,   0.300,   9.626,   0.300,   9.626
202606050806,   9.098,   9.528,9999.000,9999.000,9999.000,9999.000,9999.000,9999.000,9999.000
202606050812,   8.985,   9.416,9999.000,9999.000,9999.000,9999.000,9999.000,9999.000,9999.000
202606050818,   8.864,   9.308,9999.000,9999.000,9999.000,9999.000,9999.000,9999.000,9999.000
202606050824,   8.735,   9.138,9999.000,9999.000,9999.000,9999.000,9999.000,9999.000,9999.000
202606050830,   8.598,   8.977,9999.000,9999.000,9999.000,9999.000,9999.000,9999.000,9999.000
202606050836,   8.455,   8.859,9999.000,9999.000,9999.000,9999.000,9999.000,9999.000,9999.000
202606050842,   8.304,   8.728,9999.000,9999.000,9999.000,9999.000,9999.000,9999.000,9999.000
202606050848,   8.147,   8.587,9999.000,9999.000,9999.000,9999.000,9999.000,9999.000,9999.000
202606050854,   7.984,   8.449,9999.000,9999.000,9999.000,9999.000,9999.000,9999.000,9999.000
202606050900,   7.816,   8.298,   0.300,   0.182,   8.298,   0.300,   8.298,   0.400,   8.398
202606050906,   7.642,   8.127,9999.000,9999.000,9999.000,9999.000,9999.000,9999.000,9999.000
202606050912,   7.464,   7.976,9999.000,9999.000,9999.000,9999.000,9999.000,9999.000,9999.000
202606050918,   7.281,   7.819,9999.000,9999.000,9999.000,9999.000,9999.000,9999.000,9999.000
202606050924,   7.095,   7.648,9999.000,9999.000,9999.000,9999.000,9999.000,9999.000,9999.000
202606050930,   6.905,   7.458,9999.000,9999.000,9999.000,9999.000,9999.000,9999.000,9999.000
202606050936,   6.712,   7.248,9999.000,9999.000,9999.000,9999.000,9999.000,9999.000,9999.000
202606050942,   6.516,   7.029,9999.000,9999.000,9999.000,9999.000,9999.000,9999.000,9999.000
202606050948,   6.318,   6.838,9999.000,9999.000,9999.000,9999.000,9999.000,9999.000,9999.000
202606050954,   6.118,   6.648,9999.000,9999.000,9999.000,9999.000,9999.000,9999.000,9999.000
202606051000,   5.916,   6.468,   0.300,   0.252,   6.468,   0.300,   6.468,   0.400,   6.568
202606051006,   5.714,   6.248,9999.000,9999.000,9999.000,9999.000,9999.000,9999.000,9999.000
202606051012,   5.510,   6.028,9999.000,9999.000,9999.000,9999.000,9999.000,9999.000,9999.000
202606051018,   5.306,   5.818,9999.000,9999.000,9999.000,9999.000,9999.000,9999.000,9999.000
202606051024,   5.102,   5.628,9999.000,9999.000,9999.000,9999.000,9999.000,9999.000,9999.000
202606051030,   4.898,   5.398,9999.000,9999.000,9999.000,9999.000,9999.000,9999.000,9999.000
202606051036,   4.694,   5.120,9999.000,9999.000,9999.000,9999.000,9999.000,9999.000,9999.000
202606051042,   4.491,   4.929,9999.000,9999.000,9999.000,9999.000,9999.000,9999.000,9999.000
202606051048,   4.289,   4.719,9999.000,9999.000,9999.000,9999.000,9999.000,9999.000,9999.000
202606051054,   4.089,   4.529,9999.000,9999.000,9999.000,9999.000,9999.000,9999.000,9999.000
202606051100,   3.890,   4.378,   0.300,   0.188,   4.378,   0.300,   4.378,   0.400,   4.478
202606051106,   3.693,   4.178,9999.000,9999.000,9999.000,9999.000,9999.000,9999.000,9999.000
202606051112,   3.498,   3.988,9999.000,9999.000,9999.000,9999.000,9999.000,9999.000,9999.000
202606051118,   3.307,   3.788,9999.000,9999.000,9999.000,9999.000,9999.000,9999.000,9999.000
202606051124,   3.118,   3.617,9999.000,9999.000,9999.000,9999.000,9999.000,9999.000,9999.000
202606051130,   2.932,   3.417,9999.000,9999.000,9999.000,9999.000,9999.000,9999.000,9999.000
202606051136,   2.751,   3.230,9999.000,9999.000,9999.000,9999.000,9999.000,9999.000,9999.000
202606051142,   2.574,   3.007,9999.000,9999.000,9999.000,9999.000,9999.000,9999.000,9999.000
202606051148,   2.402,   2.840,9999.000,9999.000,9999.000,9999.000,9999.000,9999.000,9999.000
202606051154,   2.235,   2.669,9999.000,9999.000,9999.000,9999.000,9999.000,9999.000,9999.000
202606051200,   2.075,   2.528,   0.300,   0.153,   2.528,   0.300,   2.528,   0.400,   2.628
202606051206,   1.921,   2.387,9999.000,9999.000,9999.000,9999.000,9999.000,9999.000,9999.000
202606051212,   1.774,   2.230,9999.000,9999.000,9999.000,9999.000,9999.000,9999.000,9999.000
202606051218,   1.635,   2.079,9999.000,9999.000,9999.000,9999.000,9999.000,9999.000,9999.000
202606051224,   1.505,   1.918,9999.000,9999.000,9999.000,9999.000,9999.000,9999.000,9999.000
202606051230,   1.384,   1.781,9999.000,9999.000,9999.000,9999.000,9999.000,9999.000,9999.000
202606051236,   1.273,   1.659,9999.000,9999.000,9999.000,9999.000,9999.000,9999.000,9999.000
202606051242,   1.173,   1.538,9999.000,9999.000,9999.000,9999.000,9999.000,9999.000,9999.000
202606051248,   1.083,   1.420,9999.000,9999.000,9999.000,9999.000,9999.000,9999.000,9999.000
202606051254,   1.005,   1.318,9999.000,9999.000,9999.000,9999.000,9999.000,9999.000,9999.000
202606051300,   0.940,   1.249,   0.400,  -0.091,   1.249,   0.300,   1.149,   0.400,   1.249
202606051306,   0.886,   1.220,9999.000,9999.000,9999.000,9999.000,9999.000,9999.000,9999.000
202606051312,   0.846,   1.180,9999.000,9999.000,9999.000,9999.000,9999.000,9999.000,9999.000
202606051318,   0.818,   1.161,9999.000,9999.000,9999.000,9999.000,9999.000,9999.000,9999.000
202606051324,   0.804,   1.170,9999.000,9999.000,9999.000,9999.000,9999.000,9999.000,9999.000
202606051330,   0.802,   1.190,9999.000,9999.000,9999.000,9999.000,9999.000,9999.000,9999.000
202606051336,   0.814,   1.190,9999.000,9999.000,9999.000,9999.000,9999.000,9999.000,9999.000
202606051342,   0.839,   1.210,9999.000,9999.000,9999.000,9999.000,9999.000,9999.000,9999.000
202606051348,   0.877,   1.249,9999.000,9999.000,9999.000,9999.000,9999.000,9999.000,9999.000
202606051354,   0.927,   1.259,9999.000,9999.000,9999.000,9999.000,9999.000,9999.000,9999.000
202606051400,   0.990,   1.361,   0.400,  -0.029,   1.361,   0.300,   1.261,   0.400,   1.361
202606051406,   1.063,   1.400,9999.000,9999.000,9999.000,9999.000,9999.000,9999.000,9999.000
202606051412,   1.148,   1.479,9999.000,9999.000,9999.000,9999.000,9999.000,9999.000,9999.000
202606051418,   1.243,   1.571,9999.000,9999.000,9999.000,9999.000,9999.000,9999.000,9999.000
202606051424,   1.347,   1.620,9999.000,9999.000,9999.000,9999.000,9999.000,9999.000,9999.000
202606051430,   1.460,   1.781,9999.000,9999.000,9999.000,9999.000,9999.000,9999.000,9999.000
202606051436,   1.581,   1.869,9999.000,9999.000,9999.000,9999.000,9999.000,9999.000,9999.000
202606051442,   1.709,   2.020,9999.000,9999.000,9999.000,9999.000,9999.000,9999.000,9999.000
202606051448,   1.844,   2.128,9999.000,9999.000,9999.000,9999.000,9999.000,9999.000,9999.000
202606051454,   1.985,   2.269,9999.000,9999.000,9999.000,9999.000,9999.000,9999.000,9999.000
202606051500,   2.130,   2.430,   0.400,  -0.100,   2.430,   0.300,   2.330,   0.400,   2.430
202606051506,   2.280,   2.568,9999.000,9999.000,9999.000,9999.000,9999.000,9999.000,9999.000
202606051512,   2.433,   2.669,9999.000,9999.000,9999.000,9999.000,9999.000,9999.000,9999.000
202606051518,   2.590,   2.807,9999.000,9999.000,9999.000,9999.000,9999.000,9999.000,9999.000
202606051524,   2.749,   2.948,9999.000,9999.000,9999.000,9999.000,9999.000,9999.000,9999.000
202606051530,   2.910,   3.109,9999.000,9999.000,9999.000,9999.000,9999.000,9999.000,9999.000
202606051536,   3.074,   3.230,9999.000,9999.000,9999.000,9999.000,9999.000,9999.000,9999.000
202606051542,   3.239,   3.398,9999.000,9999.000,9999.000,9999.000,9999.000,9999.000,9999.000
202606051548,   3.405,   3.578,9999.000,9999.000,9999.000,9999.000,9999.000,9999.000,9999.000
202606051554,   3.572,   3.749,9999.000,9999.000,9999.000,9999.000,9999.000,9999.000,9999.000
202606051600,   3.740,   3.929,   0.400,  -0.211,   3.929,   0.400,   3.929,   0.500,   4.029
202606051606,   3.910,   4.099,9999.000,9999.000,9999.000,9999.000,9999.000,9999.000,9999.000
202606051612,   4.080,   4.280,9999.000,9999.000,9999.000,9999.000,9999.000,9999.000,9999.000
202606051618,   4.251,   4.447,9999.000,9999.000,9999.000,9999.000,9999.000,9999.000,9999.000
202606051624,   4.423,   4.628,9999.000,9999.000,9999.000,9999.000,9999.000,9999.000,9999.000
202606051630,   4.596,   4.808,9999.000,9999.000,9999.000,9999.000,9999.000,9999.000,9999.000
202606051636,   4.770,   5.008,9999.000,9999.000,9999.000,9999.000,9999.000,9999.000,9999.000
202606051642,   4.945,   5.179,9999.000,9999.000,9999.000,9999.000,9999.000,9999.000,9999.000
202606051648,   5.120,   5.398,9999.000,9999.000,9999.000,9999.000,9999.000,9999.000,9999.000
202606051654,   5.295,   5.618,9999.000,9999.000,9999.000,9999.000,9999.000,9999.000,9999.000
202606051700,   5.471,   5.828,   0.500,  -0.143,   5.828,   0.400,   5.728,   0.500,   5.828
202606051706,   5.647,   6.028,9999.000,9999.000,9999.000,9999.000,9999.000,9999.000,9999.000
202606051712,   5.823,   6.228,9999.000,9999.000,9999.000,9999.000,9999.000,9999.000,9999.000
202606051718,   5.999,   6.418,9999.000,9999.000,9999.000,9999.000,9999.000,9999.000,9999.000
202606051724,   6.173,   6.609,9999.000,9999.000,9999.000,9999.000,9999.000,9999.000,9999.000
202606051730,   6.346,   6.779,9999.000,9999.000,9999.000,9999.000,9999.000,9999.000,9999.000
202606051736,   6.516,   6.956,9999.000,9999.000,9999.000,9999.000,9999.000,9999.000,9999.000
202606051742,   6.685,   7.127,9999.000,9999.000,9999.000,9999.000,9999.000,9999.000,9999.000
202606051748,   6.850,   7.297,9999.000,9999.000,9999.000,9999.000,9999.000,9999.000,9999.000
202606051754,   7.011,   7.458,9999.000,9999.000,9999.000,9999.000,9999.000,9999.000,9999.000
202606051800,   7.168,   7.619,   0.500,  -0.049,   7.619,   0.400,   7.519,   0.500,   7.619
202606051806,   7.320,   7.776,9999.000,9999.000,9999.000,9999.000,9999.000,9999.000,9999.000
202606051812,   7.466,   7.917,9999.000,9999.000,9999.000,9999.000,9999.000,9999.000,9999.000
202606051818,   7.606,   8.078,9999.000,9999.000,9999.000,9999.000,9999.000,9999.000,9999.000
202606051824,   7.739,   8.206,9999.000,9999.000,9999.000,9999.000,9999.000,9999.000,9999.000
202606051830,   7.864,   8.327,9999.000,9999.000,9999.000,9999.000,9999.000,9999.000,9999.000
202606051836,   7.982,   8.416,9999.000,9999.000,9999.000,9999.000,9999.000,9999.000,9999.000
202606051842,   8.091,   8.537,9999.000,9999.000,9999.000,9999.000,9999.000,9999.000,9999.000
202606051848,   8.190,   8.606,9999.000,9999.000,9999.000,9999.000,9999.000,9999.000,9999.000
202606051854,   8.281,   8.688,9999.000,9999.000,9999.000,9999.000,9999.000,9999.000,9999.000
202606051900,   8.362,   8.747,   0.500,  -0.115,   8.747,   0.500,   8.747,   0.500,   8.747
202606051906,   8.432,   8.806,9999.000,9999.000,9999.000,9999.000,9999.000,9999.000,9999.000
202606051912,   8.493,   8.869,9999.000,9999.000,9999.000,9999.000,9999.000,9999.000,9999.000
202606051918,   8.543,   8.937,9999.000,9999.000,9999.000,9999.000,9999.000,9999.000,9999.000
202606051924,   8.583,   8.967,9999.000,9999.000,9999.000,9999.000,9999.000,9999.000,9999.000
202606051930,   8.612,   9.046,9999.000,9999.000,9999.000,9999.000,9999.000,9999.000,9999.000
202606051936,   8.631,   9.069,9999.000,9999.000,9999.000,9999.000,9999.000,9999.000,9999.000
202606051942,   8.640,   9.036,9999.000,9999.000,9999.000,9999.000,9999.000,9999.000,9999.000
202606051948,   8.638,   9.079,9999.000,9999.000,9999.000,9999.000,9999.000,9999.000,9999.000
202606051954,   8.627,   9.046,9999.000,9999.000,9999.000,9999.000,9999.000,9999.000,9999.000
202606052000,   8.605,   9.016,   0.500,  -0.089,   9.016,   0.500,   9.016,   0.500,   9.016
202606052006,   8.574,   8.997,9999.000,9999.000,9999.000,9999.000,9999.000,9999.000,9999.000
202606052012,   8.533,   8.937,9999.000,9999.000,9999.000,9999.000,9999.000,9999.000,9999.000
202606052018,   8.483,   8.859,9999.000,9999.000,9999.000,9999.000,9999.000,9999.000,9999.000
202606052024,   8.424,   8.787,9999.000,9999.000,9999.000,9999.000,9999.000,9999.000,9999.000
202606052030,   8.357,   8.718,9999.000,9999.000,9999.000,9999.000,9999.000,9999.000,9999.000
202606052036,   8.281,   8.659,9999.000,9999.000,9999.000,9999.000,9999.000,9999.000,9999.000
202606052042,   8.197,   8.567,9999.000,9999.000,9999.000,9999.000,9999.000,9999.000,9999.000
202606052048,   8.105,   8.498,9999.000,9999.000,9999.000,9999.000,9999.000,9999.000,9999.000
202606052054,   8.006,   8.406,9999.000,9999.000,9999.000,9999.000,9999.000,9999.000,9999.000
202606052100,   7.900,   8.308,   0.600,  -0.192,   8.308,   0.500,   8.208,   0.600,   8.308
202606052106,   7.788,   8.206,9999.000,9999.000,9999.000,9999.000,9999.000,9999.000,9999.000
202606052112,   7.669,   8.088,9999.000,9999.000,9999.000,9999.000,9999.000,9999.000,9999.000
202606052118,   7.544,   7.957,9999.000,9999.000,9999.000,9999.000,9999.000,9999.000,9999.000
202606052124,   7.414,   7.839,9999.000,9999.000,9999.000,9999.000,9999.000,9999.000,9999.000
202606052130,   7.279,   7.698,9999.000,9999.000,9999.000,9999.000,9999.000,9999.000,9999.000
202606052136,   7.138,   7.576,9999.000,9999.000,9999.000,9999.000,9999.000,9999.000,9999.000
202606052142,   6.994,   7.478,9999.000,9999.000,9999.000,9999.000,9999.000,9999.000,9999.000
202606052148,   6.845,   7.366,9999.000,9999.000,9999.000,9999.000,9999.000,9999.000,9999.000
202606052154,   6.693,   7.229,9999.000,9999.000,9999.000,9999.000,9999.000,9999.000,9999.000
202606052200,   6.537,   7.107,   0.600,  -0.030,   7.107,   0.500,   7.007,   0.600,   7.107
202606052206,   6.379,   6.956,9999.000,9999.000,9999.000,9999.000,9999.000,9999.000,9999.000
202606052212,   6.218,   6.819,9999.000,9999.000,9999.000,9999.000,9999.000,9999.000,9999.000
202606052218,   6.056,   6.638,9999.000,9999.000,9999.000,9999.000,9999.000,9999.000,9999.000
202606052224,   5.891,   6.487,9999.000,9999.000,9999.000,9999.000,9999.000,9999.000,9999.000
202606052230,   5.726,   6.317,9999.000,9999.000,9999.000,9999.000,9999.000,9999.000,9999.000
202606052236,   5.559,   6.189,9999.000,9999.000,9999.000,9999.000,9999.000,9999.000,9999.000
202606052242,   5.391,   6.008,9999.000,9999.000,9999.000,9999.000,9999.000,9999.000,9999.000
202606052248,   5.224,   5.867,9999.000,9999.000,9999.000,9999.000,9999.000,9999.000,9999.000
202606052254,   5.056,   5.677,9999.000,9999.000,9999.000,9999.000,9999.000,9999.000,9999.000
202606052300,   4.889,   5.487,   0.600,  -0.002,   5.487,   0.600,   5.487,   0.600,   5.487
202606052306,   4.722,   5.339,9999.000,9999.000,9999.000,9999.000,9999.000,9999.000,9999.000
202606052312,   4.556,   5.139,9999.000,9999.000,9999.000,9999.000,9999.000,9999.000,9999.000
202606052318,   4.392,   4.988,9999.000,9999.000,9999.000,9999.000,9999.000,9999.000,9999.000
202606052324,   4.229,   4.759,9999.000,9999.000,9999.000,9999.000,9999.000,9999.000,9999.000
202606052330,   4.068,   4.588,9999.000,9999.000,9999.000,9999.000,9999.000,9999.000,9999.000
202606052336,   3.909,   4.437,9999.000,9999.000,9999.000,9999.000,9999.000,9999.000,9999.000
202606052342,   3.753,   4.290,9999.000,9999.000,9999.000,9999.000,9999.000,9999.000,9999.000
202606052348,   3.600,   4.149,9999.000,9999.000,9999.000,9999.000,9999.000,9999.000,9999.000
202606052354,   3.450,   3.998,9999.000,9999.000,9999.000,9999.000,9999.000,9999.000,9999.000
202606060000,   3.305,   3.847,   0.600,  -0.058,   3.847,   0.500,   3.747,   0.600,   3.847
202606060006,   3.163,   3.719,9999.000,9999.000,9999.000,9999.000,9999.000,9999.000,9999.000
202606060012,   3.026,   3.598,9999.000,9999.000,9999.000,9999.000,9999.000,9999.000,9999.000
202606060018,   2.895,   3.460,9999.000,9999.000,9999.000,9999.000,9999.000,9999.000,9999.000
202606060024,   2.769,   3.309,9999.000,9999.000,9999.000,9999.000,9999.000,9999.000,9999.000
202606060030,   2.650,   3.178,9999.000,9999.000,9999.000,9999.000,9999.000,9999.000,9999.000
202606060036,   2.537,   3.070,9999.000,9999.000,9999.000,9999.000,9999.000,9999.000,9999.000
202606060042,   2.433,   2.948,9999.000,9999.000,9999.000,9999.000,9999.000,9999.000,9999.000
202606060048,   2.336,   2.850,9999.000,9999.000,9999.000,9999.000,9999.000,9999.000,9999.000
202606060054,   2.249,   2.768,9999.000,9999.000,9999.000,9999.000,9999.000,9999.000,9999.000
202606060100,   2.171,   2.679,   0.600,  -0.092,   2.679,   0.600,   2.679,   0.600,   2.679
202606060106,   2.103,   2.610,9999.000,9999.000,9999.000,9999.000,9999.000,9999.000,9999.000
202606060112,   2.045,   2.568,9999.000,9999.000,9999.000,9999.000,9999.000,9999.000,9999.000
202606060118,   1.999,   2.548,9999.000,9999.000,9999.000,9999.000,9999.000,9999.000,9999.000
202606060124,   1.964,   2.519,9999.000,9999.000,9999.000,9999.000,9999.000,9999.000,9999.000
202606060130,   1.941,   2.519,9999.000,9999.000,9999.000,9999.000,9999.000,9999.000,9999.000
202606060136,   1.930,   2.528,9999.000,9999.000,9999.000,9999.000,9999.000,9999.000,9999.000
202606060142,   1.932,   2.528,9999.000,9999.000,9999.000,9999.000,9999.000,9999.000,9999.000
202606060148,   1.946,   2.538,9999.000,9999.000,9999.000,9999.000,9999.000,9999.000,9999.000
202606060154,   1.972,   2.587,9999.000,9999.000,9999.000,9999.000,9999.000,9999.000,9999.000
202606060200,   2.012,   2.650,   0.600,   0.038,   2.650,   0.600,   2.650,   0.600,   2.650
202606060206,   2.063,   2.709,9999.000,9999.000,9999.000,9999.000,9999.000,9999.000,9999.000
202606060212,   2.127,   2.768,9999.000,9999.000,9999.000,9999.000,9999.000,9999.000,9999.000
202606060218,   2.202,   2.869,9999.000,9999.000,9999.000,9999.000,9999.000,9999.000,9999.000
202606060224,   2.289,   2.978,9999.000,9999.000,9999.000,9999.000,9999.000,9999.000,9999.000
202606060230,   2.386,   3.060,9999.000,9999.000,9999.000,9999.000,9999.000,9999.000,9999.000
202606060236,   2.493,   3.158,9999.000,9999.000,9999.000,9999.000,9999.000,9999.000,9999.000
202606060242,   2.610,   3.270,9999.000,9999.000,9999.000,9999.000,9999.000,9999.000,9999.000
202606060248,   2.736,   3.398,9999.000,9999.000,9999.000,9999.000,9999.000,9999.000,9999.000
202606060254,   2.870,   3.499,9999.000,9999.000,9999.000,9999.000,9999.000,9999.000,9999.000
202606060300,   3.010,   3.627,   0.600,   0.017,   3.627,   0.600,   3.627,   0.600,   3.627
202606060306,   3.158,   3.778,9999.000,9999.000,9999.000,9999.000,9999.000,9999.000,9999.000
202606060312,   3.311,   3.929,9999.000,9999.000,9999.000,9999.000,9999.000,9999.000,9999.000
202606060318,   3.468,   4.080,9999.000,9999.000,9999.000,9999.000,9999.000,9999.000,9999.000
202606060324,   3.630,   4.237,9999.000,9999.000,9999.000,9999.000,9999.000,9999.000,9999.000
202606060330,   3.795,   4.427,9999.000,9999.000,9999.000,9999.000,9999.000,9999.000,9999.000
202606060336,   3.963,   4.559,9999.000,9999.000,9999.000,9999.000,9999.000,9999.000,9999.000
202606060342,   4.133,   4.700,9999.000,9999.000,9999.000,9999.000,9999.000,9999.000,9999.000
202606060348,   4.305,   4.847,9999.000,9999.000,9999.000,9999.000,9999.000,9999.000,9999.000
202606060354,   4.478,   5.018,9999.000,9999.000,9999.000,9999.000,9999.000,9999.000,9999.000
202606060400,   4.651,   5.149,   0.600,  -0.102,   5.149,   0.600,   5.149,   0.700,   5.249
202606060406,   4.825,   5.287,9999.000,9999.000,9999.000,9999.000,9999.000,9999.000,9999.000
202606060412,   4.999,   5.448,9999.000,9999.000,9999.000,9999.000,9999.000,9999.000,9999.000
202606060418,   5.173,   5.579,9999.000,9999.000,9999.000,9999.000,9999.000,9999.000,9999.000
202606060424,   5.347,   5.789,9999.000,9999.000,9999.000,9999.000,9999.000,9999.000,9999.000
202606060430,   5.520,   5.949,9999.000,9999.000,9999.000,9999.000,9999.000,9999.000,9999.000
202606060436,   5.693,   6.179,9999.000,9999.000,9999.000,9999.000,9999.000,9999.000,9999.000
202606060442,   5.865,   6.307,9999.000,9999.000,9999.000,9999.000,9999.000,9999.000,9999.000
202606060448,   6.037,   6.497,9999.000,9999.000,9999.000,9999.000,9999.000,9999.000,9999.000
202606060454,   6.209,   6.678,9999.000,9999.000,9999.000,9999.000,9999.000,9999.000,9999.000
202606060500,   6.379,   6.897,   0.600,  -0.082,   6.897,   0.600,   6.897,   0.700,   6.997
202606060506,   6.549,   7.048,9999.000,9999.000,9999.000,9999.000,9999.000,9999.000,9999.000
202606060512,   6.718,   7.238,9999.000,9999.000,9999.000,9999.000,9999.000,9999.000,9999.000
202606060518,   6.886,   7.419,9999.000,9999.000,9999.000,9999.000,9999.000,9999.000,9999.000
202606060524,   7.053,   7.619,9999.000,9999.000,9999.000,9999.000,9999.000,9999.000,9999.000
202606060530,   7.218,   7.786,9999.000,9999.000,9999.000,9999.000,9999.000,9999.000,9999.000
202606060536,   7.381,   7.967,9999.000,9999.000,9999.000,9999.000,9999.000,9999.000,9999.000
202606060542,   7.543,   8.127,9999.000,9999.000,9999.000,9999.000,9999.000,9999.000,9999.000
202606060548,   7.702,   8.288,9999.000,9999.000,9999.000,9999.000,9999.000,9999.000,9999.000
202606060554,   7.858,   8.426,9999.000,9999.000,9999.000,9999.000,9999.000,9999.000,9999.000
202606060600,   8.010,   8.587,   0.600,  -0.023,   8.587,   0.600,   8.587,   0.600,   8.587
202606060606,   8.159,   8.728,9999.000,9999.000,9999.000,9999.000,9999.000,9999.000,9999.000
202606060612,   8.303,   8.878,9999.000,9999.000,9999.000,9999.000,9999.000,9999.000,9999.000
202606060618,   8.441,   9.016,9999.000,9999.000,9999.000,9999.000,9999.000,9999.000,9999.000
202606060624,   8.574,   9.177,9999.000,9999.000,9999.000,9999.000,9999.000,9999.000,9999.000
202606060630,   8.701,   9.357,9999.000,9999.000,9999.000,9999.000,9999.000,9999.000,9999.000
202606060636,   8.821,   9.498,9999.000,9999.000,9999.000,9999.000,9999.000,9999.000,9999.000
202606060642,   8.933,   9.616,9999.000,9999.000,9999.000,9999.000,9999.000,9999.000,9999.000
202606060648,   9.037,   9.738,9999.000,9999.000,9999.000,9999.000,9999.000,9999.000,9999.000
202606060654,   9.133,   9.836,9999.000,9999.000,9999.000,9999.000,9999.000,9999.000,9999.000
202606060700,   9.219,   9.908,   0.600,   0.089,   9.908,   0.600,   9.908,   0.600,   9.908
202606060706,   9.296,   9.958,9999.000,9999.000,9999.000,9999.000,9999.000,9999.000,9999.000
202606060712,   9.363,   9.987,9999.000,9999.000,9999.000,9999.000,9999.000,9999.000,9999.000
202606060718,   9.420,  10.026,9999.000,9999.000,9999.000,9999.000,9999.000,9999.000,9999.000
202606060724,   9.466,  10.046,9999.000,9999.000,9999.000,9999.000,9999.000,9999.000,9999.000
202606060730,   9.502,  10.076,9999.000,9999.000,9999.000,9999.000,9999.000,9999.000,9999.000
202606060736,   9.526,  10.108,9999.000,9999.000,9999.000,9999.000,9999.000,9999.000,9999.000
202606060742,   9.540,  10.128,9999.000,9999.000,9999.000,9999.000,9999.000,9999.000,9999.000
202606060748,   9.542,  10.138,9999.000,9999.000,9999.000,9999.000,9999.000,9999.000,9999.000
202606060754,   9.534,  10.148,9999.000,9999.000,9999.000,9999.000,9999.000,9999.000,9999.000
202606060800,   9.515,  10.148,   0.600,   0.033,  10.148,   0.600,  10.148,   0.700,  10.248
202606060806,   9.485,  10.118,9999.000,9999.000,9999.000,9999.000,9999.000,9999.000,9999.000
202606060812,   9.444,  10.066,9999.000,9999.000,9999.000,9999.000,9999.000,9999.000,9999.000
202606060818,   9.393,  10.007,9999.000,9999.000,9999.000,9999.000,9999.000,9999.000,9999.000
202606060824,   9.332,   9.948,9999.000,9999.000,9999.000,9999.000,9999.000,9999.000,9999.000
202606060830,   9.260,   9.866,9999.000,9999.000,9999.000,9999.000,9999.000,9999.000,9999.000
202606060836,   9.179,   9.787,9999.000,9999.000,9999.000,9999.000,9999.000,9999.000,9999.000
202606060842,   9.089,   9.708,9999.000,9999.000,9999.000,9999.000,9999.000,9999.000,9999.000
202606060848,   8.990,   9.626,9999.000,9999.000,9999.000,9999.000,9999.000,9999.000,9999.000
202606060854,   8.882,   9.528,9999.000,9999.000,9999.000,9999.000,9999.000,9999.000,9999.000
202606060900,   8.766,   9.436,   0.700,  -0.030,   9.436,   0.600,   9.336,   0.700,   9.436
202606060906,   8.641,   9.338,9999.000,9999.000,9999.000,9999.000,9999.000,9999.000,9999.000
202606060912,   8.509,   9.206,9999.000,9999.000,9999.000,9999.000,9999.000,9999.000,9999.000
202606060918,   8.370,   9.079,9999.000,9999.000,9999.000,9999.000,9999.000,9999.000,9999.000
202606060924,   8.224,   8.918,9999.000,9999.000,9999.000,9999.000,9999.000,9999.000,9999.000
202606060930,   8.071,   8.767,9999.000,9999.000,9999.000,9999.000,9999.000,9999.000,9999.000
202606060936,   7.912,   8.587,9999.000,9999.000,9999.000,9999.000,9999.000,9999.000,9999.000
202606060942,   7.748,   8.406,9999.000,9999.000,9999.000,9999.000,9999.000,9999.000,9999.000
202606060948,   7.578,   8.249,9999.000,9999.000,9999.000,9999.000,9999.000,9999.000,9999.000
202606060954,   7.403,   8.088,9999.000,9999.000,9999.000,9999.000,9999.000,9999.000,9999.000
202606061000,   7.224,   7.917,   0.700,  -0.007,   7.917,   0.600,   7.817,   0.700,   7.917
202606061006,   7.041,   7.737,9999.000,9999.000,9999.000,9999.000,9999.000,9999.000,9999.000
202606061012,   6.854,   7.576,9999.000,9999.000,9999.000,9999.000,9999.000,9999.000,9999.000
202606061018,   6.665,   7.419,9999.000,9999.000,9999.000,9999.000,9999.000,9999.000,9999.000
202606061024,   6.472,   7.248,9999.000,9999.000,9999.000,9999.000,9999.000,9999.000,9999.000
202606061030,   6.277,   7.058,9999.000,9999.000,9999.000,9999.000,9999.000,9999.000,9999.000
202606061036,   6.080,   6.878,9999.000,9999.000,9999.000,9999.000,9999.000,9999.000,9999.000
202606061042,   5.881,   6.668,9999.000,9999.000,9999.000,9999.000,9999.000,9999.000,9999.000
202606061048,   5.682,   6.477,9999.000,9999.000,9999.000,9999.000,9999.000,9999.000,9999.000
202606061054,   5.482,   6.297,9999.000,9999.000,9999.000,9999.000,9999.000,9999.000,9999.000
202606061100,   5.281,   6.107,   0.700,   0.126,   6.107,   0.700,   6.107,   0.700,   6.107
202606061106,   5.080,   5.926,9999.000,9999.000,9999.000,9999.000,9999.000,9999.000,9999.000
202606061112,   4.880,   5.739,9999.000,9999.000,9999.000,9999.000,9999.000,9999.000,9999.000
202606061118,   4.681,   5.549,9999.000,9999.000,9999.000,9999.000,9999.000,9999.000,9999.000
202606061124,   4.482,   5.369,9999.000,9999.000,9999.000,9999.000,9999.000,9999.000,9999.000
202606061130,   4.285,   5.188,9999.000,9999.000,9999.000,9999.000,9999.000,9999.000,9999.000
202606061136,   4.090,   4.979,9999.000,9999.000,9999.000,9999.000,9999.000,9999.000,9999.000
202606061142,   3.896,   4.788,9999.000,9999.000,9999.000,9999.000,9999.000,9999.000,9999.000
202606061148,   3.705,   4.569,9999.000,9999.000,9999.000,9999.000,9999.000,9999.000,9999.000
202606061154,   3.517,   4.388,9999.000,9999.000,9999.000,9999.000,9999.000,9999.000,9999.000
202606061200,   3.331,   4.198,   0.700,   0.167,   4.198,   0.600,   4.098,   0.700,   4.198
202606061206,   3.149,   4.008,9999.000,9999.000,9999.000,9999.000,9999.000,9999.000,9999.000
202606061212,   2.971,   3.817,9999.000,9999.000,9999.000,9999.000,9999.000,9999.000,9999.000
202606061218,   2.796,   3.617,9999.000,9999.000,9999.000,9999.000,9999.000,9999.000,9999.000
202606061224,   2.626,   3.440,9999.000,9999.000,9999.000,9999.000,9999.000,9999.000,9999.000
202606061230,   2.461,   3.270,9999.000,9999.000,9999.000,9999.000,9999.000,9999.000,9999.000
202606061236,   2.301,   3.070,9999.000,9999.000,9999.000,9999.000,9999.000,9999.000,9999.000
202606061242,   2.147,   2.879,9999.000,9999.000,9999.000,9999.000,9999.000,9999.000,9999.000
202606061248,   1.999,   2.719,9999.000,9999.000,9999.000,9999.000,9999.000,9999.000,9999.000
202606061254,   1.858,   2.538,9999.000,9999.000,9999.000,9999.000,9999.000,9999.000,9999.000
202606061300,   1.724,   2.410,   0.700,  -0.014,   2.410,   0.600,   2.310,   0.700,   2.410
202606061306,   1.599,   2.279,9999.000,9999.000,9999.000,9999.000,9999.000,9999.000,9999.000
202606061312,   1.481,   2.177,9999.000,9999.000,9999.000,9999.000,9999.000,9999.000,9999.000
202606061318,   1.373,   2.089,9999.000,9999.000,9999.000,9999.000,9999.000,9999.000,9999.000
202606061324,   1.275,   1.990,9999.000,9999.000,9999.000,9999.000,9999.000,9999.000,9999.000
202606061330,   1.187,   1.928,9999.000,9999.000,9999.000,9999.000,9999.000,9999.000,9999.000
202606061336,   1.110,   1.869,9999.000,9999.000,9999.000,9999.000,9999.000,9999.000,9999.000
202606061342,   1.044,   1.820,9999.000,9999.000,9999.000,9999.000,9999.000,9999.000,9999.000
202606061348,   0.990,   1.738,9999.000,9999.000,9999.000,9999.000,9999.000,9999.000,9999.000
202606061354,   0.948,   1.728,9999.000,9999.000,9999.000,9999.000,9999.000,9999.000,9999.000
202606061400,   0.918,   1.708,   0.600,   0.190,   1.708,   0.600,   1.708,   0.700,   1.808
202606061406,   0.901,   1.708,9999.000,9999.000,9999.000,9999.000,9999.000,9999.000,9999.000
202606061412,   0.896,   1.708,9999.000,9999.000,9999.000,9999.000,9999.000,9999.000,9999.000
202606061418,   0.905,   1.728,9999.000,9999.000,9999.000,9999.000,9999.000,9999.000,9999.000
202606061424,   0.926,   1.781,9999.000,9999.000,9999.000,9999.000,9999.000,9999.000,9999.000
202606061430,   0.960,   1.800,9999.000,9999.000,9999.000,9999.000,9999.000,9999.000,9999.000
202606061436,   1.006,   1.859,9999.000,9999.000,9999.000,9999.000,9999.000,9999.000,9999.000
202606061442,   1.064,   1.938,9999.000,9999.000,9999.000,9999.000,9999.000,9999.000,9999.000
202606061448,   1.135,   2.020,9999.000,9999.000,9999.000,9999.000,9999.000,9999.000,9999.000
202606061454,   1.216,   2.118,9999.000,9999.000,9999.000,9999.000,9999.000,9999.000,9999.000
202606061500,   1.308,   2.210,   0.600,   0.302,   2.210,   0.600,   2.210,   0.700,   2.310
202606061506,   1.410,   2.309,9999.000,9999.000,9999.000,9999.000,9999.000,9999.000,9999.000
202606061512,   1.522,   2.420,9999.000,9999.000,9999.000,9999.000,9999.000,9999.000,9999.000
202606061518,   1.642,   2.499,9999.000,9999.000,9999.000,9999.000,9999.000,9999.000,9999.000
202606061524,   1.770,   2.597,9999.000,9999.000,9999.000,9999.000,9999.000,9999.000,9999.000
202606061530,   1.905,   2.709,9999.000,9999.000,9999.000,9999.000,9999.000,9999.000,9999.000
202606061536,   2.047,   2.830,9999.000,9999.000,9999.000,9999.000,9999.000,9999.000,9999.000
202606061542,   2.194,   2.988,9999.000,9999.000,9999.000,9999.000,9999.000,9999.000,9999.000
202606061548,   2.346,   3.129,9999.000,9999.000,9999.000,9999.000,9999.000,9999.000,9999.000
202606061554,   2.502,   3.260,9999.000,9999.000,9999.000,9999.000,9999.000,9999.000,9999.000
202606061600,   2.662,   3.368,   0.600,   0.106,   3.368,   0.600,   3.368,   0.700,   3.468
202606061606,   2.825,   3.529,9999.000,9999.000,9999.000,9999.000,9999.000,9999.000,9999.000
202606061612,   2.990,   3.680,9999.000,9999.000,9999.000,9999.000,9999.000,9999.000,9999.000
202606061618,   3.158,   3.847,9999.000,9999.000,9999.000,9999.000,9999.000,9999.000,9999.000
202606061624,   3.327,   3.978,9999.000,9999.000,9999.000,9999.000,9999.000,9999.000,9999.000
202606061630,   3.497,   4.129,9999.000,9999.000,9999.000,9999.000,9999.000,9999.000,9999.000
202606061636,   3.668,   4.290,9999.000,9999.000,9999.000,9999.000,9999.000,9999.000,9999.000
202606061642,   3.840,   4.437,9999.000,9999.000,9999.000,9999.000,9999.000,9999.000,9999.000
202606061648,   4.013,   4.578,9999.000,9999.000,9999.000,9999.000,9999.000,9999.000,9999.000
202606061654,   4.186,   4.749,9999.000,9999.000,9999.000,9999.000,9999.000,9999.000,9999.000
202606061700,   4.360,   4.949,   0.600,  -0.011,   4.949,   0.600,   4.949,   0.700,   5.049
202606061706,   4.534,   5.129,9999.000,9999.000,9999.000,9999.000,9999.000,9999.000,9999.000
202606061712,   4.708,   5.329,9999.000,9999.000,9999.000,9999.000,9999.000,9999.000,9999.000
202606061718,   4.883,   5.507,9999.000,9999.000,9999.000,9999.000,9999.000,9999.000,9999.000
202606061724,   5.057,   5.697,9999.000,9999.000,9999.000,9999.000,9999.000,9999.000,9999.000
202606061730,   5.232,   5.877,9999.000,9999.000,9999.000,9999.000,9999.000,9999.000,9999.000
202606061736,   5.407,   6.058,9999.000,9999.000,9999.000,9999.000,9999.000,9999.000,9999.000
202606061742,   5.581,   6.238,9999.000,9999.000,9999.000,9999.000,9999.000,9999.000,9999.000
202606061748,   5.756,   6.399,9999.000,9999.000,9999.000,9999.000,9999.000,9999.000,9999.000
202606061754,   5.929,   6.609,9999.000,9999.000,9999.000,9999.000,9999.000,9999.000,9999.000
202606061800,   6.102,   6.609,   0.600,  -0.093,   6.609,   0.600,   6.609,   0.700,   6.709
202606061806,   6.274,9999.000,9999.000,9999.000,9999.000,9999.000,9999.000,9999.000,9999.000
202606061812,   6.444,9999.000,9999.000,9999.000,9999.000,9999.000,9999.000,9999.000,9999.000
202606061818,   6.612,9999.000,9999.000,9999.000,9999.000,9999.000,9999.000,9999.000,9999.000
202606061824,   6.777,9999.000,9999.000,9999.000,9999.000,9999.000,9999.000,9999.000,9999.000
202606061830,   6.940,9999.000,9999.000,9999.000,9999.000,9999.000,9999.000,9999.000,9999.000
202606061836,   7.099,9999.000,9999.000,9999.000,9999.000,9999.000,9999.000,9999.000,9999.000
202606061842,   7.253,9999.000,9999.000,9999.000,9999.000,9999.000,9999.000,9999.000,9999.000
202606061848,   7.403,9999.000,9999.000,9999.000,9999.000,9999.000,9999.000,9999.000,9999.000
202606061854,   7.548,9999.000,9999.000,9999.000,9999.000,9999.000,9999.000,9999.000,9999.000
202606061900,   7.686,9999.000,   0.600,  -0.081,   8.205,   0.600,   8.205,   0.700,   8.305
202606061906,   7.818,9999.000,9999.000,9999.000,9999.000,9999.000,9999.000,9999.000,9999.000
202606061912,   7.943,9999.000,9999.000,9999.000,9999.000,9999.000,9999.000,9999.000,9999.000
202606061918,   8.061,9999.000,9999.000,9999.000,9999.000,9999.000,9999.000,9999.000,9999.000
202606061924,   8.170,9999.000,9999.000,9999.000,9999.000,9999.000,9999.000,9999.000,9999.000
202606061930,   8.270,9999.000,9999.000,9999.000,9999.000,9999.000,9999.000,9999.000,9999.000
202606061936,   8.362,9999.000,9999.000,9999.000,9999.000,9999.000,9999.000,9999.000,9999.000
202606061942,   8.444,9999.000,9999.000,9999.000,9999.000,9999.000,9999.000,9999.000,9999.000
202606061948,   8.516,9999.000,9999.000,9999.000,9999.000,9999.000,9999.000,9999.000,9999.000
202606061954,   8.579,9999.000,9999.000,9999.000,9999.000,9999.000,9999.000,9999.000,9999.000
202606062000,   8.631,9999.000,   0.600,  -0.070,   9.161,   0.600,   9.161,   0.700,   9.261
202606062006,   8.673,9999.000,9999.000,9999.000,9999.000,9999.000,9999.000,9999.000,9999.000
202606062012,   8.705,9999.000,9999.000,9999.000,9999.000,9999.000,9999.000,9999.000,9999.000
202606062018,   8.727,9999.000,9999.000,9999.000,9999.000,9999.000,9999.000,9999.000,9999.000
202606062024,   8.738,9999.000,9999.000,9999.000,9999.000,9999.000,9999.000,9999.000,9999.000
202606062030,   8.739,9999.000,9999.000,9999.000,9999.000,9999.000,9999.000,9999.000,9999.000
202606062036,   8.730,9999.000,9999.000,9999.000,9999.000,9999.000,9999.000,9999.000,9999.000
202606062042,   8.711,9999.000,9999.000,9999.000,9999.000,9999.000,9999.000,9999.000,9999.000
202606062048,   8.682,9999.000,9999.000,9999.000,9999.000,9999.000,9999.000,9999.000,9999.000
202606062054,   8.644,9999.000,9999.000,9999.000,9999.000,9999.000,9999.000,9999.000,9999.000
202606062100,   8.596,9999.000,   0.600,  -0.058,   9.138,   0.600,   9.138,   0.700,   9.238
202606062106,   8.539,9999.000,9999.000,9999.000,9999.000,9999.000,9999.000,9999.000,9999.000
202606062112,   8.473,9999.000,9999.000,9999.000,9999.000,9999.000,9999.000,9999.000,9999.000
202606062118,   8.399,9999.000,9999.000,9999.000,9999.000,9999.000,9999.000,9999.000,9999.000
202606062124,   8.316,9999.000,9999.000,9999.000,9999.000,9999.000,9999.000,9999.000,9999.000
202606062130,   8.226,9999.000,9999.000,9999.000,9999.000,9999.000,9999.000,9999.000,9999.000
202606062136,   8.128,9999.000,9999.000,9999.000,9999.000,9999.000,9999.000,9999.000,9999.000
202606062142,   8.022,9999.000,9999.000,9999.000,9999.000,9999.000,9999.000,9999.000,9999.000
202606062148,   7.910,9999.000,9999.000,9999.000,9999.000,9999.000,9999.000,9999.000,9999.000
202606062154,   7.791,9999.000,9999.000,9999.000,9999.000,9999.000,9999.000,9999.000,9999.000
202606062200,   7.665,9999.000,   0.600,  -0.047,   8.218,   0.600,   8.218,   0.700,   8.318
202606062206,   7.534,9999.000,9999.000,9999.000,9999.000,9999.000,9999.000,9999.000,9999.000
202606062212,   7.398,9999.000,9999.000,9999.000,9999.000,9999.000,9999.000,9999.000,9999.000
202606062218,   7.256,9999.000,9999.000,9999.000,9999.000,9999.000,9999.000,9999.000,9999.000
202606062224,   7.110,9999.000,9999.000,9999.000,9999.000,9999.000,9999.000,9999.000,9999.000
202606062230,   6.959,9999.000,9999.000,9999.000,9999.000,9999.000,9999.000,9999.000,9999.000
202606062236,   6.805,9999.000,9999.000,9999.000,9999.000,9999.000,9999.000,9999.000,9999.000
202606062242,   6.647,9999.000,9999.000,9999.000,9999.000,9999.000,9999.000,9999.000,9999.000
202606062248,   6.487,9999.000,9999.000,9999.000,9999.000,9999.000,9999.000,9999.000,9999.000
202606062254,   6.323,9999.000,9999.000,9999.000,9999.000,9999.000,9999.000,9999.000,9999.000
202606062300,   6.158,9999.000,   0.600,  -0.035,   6.723,   0.600,   6.723,   0.700,   6.823
202606062306,   5.991,9999.000,9999.000,9999.000,9999.000,9999.000,9999.000,9999.000,9999.000
202606062312,   5.822,9999.000,9999.000,9999.000,9999.000,9999.000,9999.000,9999.000,9999.000
202606062318,   5.653,9999.000,9999.000,9999.000,9999.000,9999.000,9999.000,9999.000,9999.000
202606062324,   5.483,9999.000,9999.000,9999.000,9999.000,9999.000,9999.000,9999.000,9999.000
202606062330,   5.313,9999.000,9999.000,9999.000,9999.000,9999.000,9999.000,9999.000,9999.000
202606062336,   5.143,9999.000,9999.000,9999.000,9999.000,9999.000,9999.000,9999.000,9999.000
202606062342,   4.973,9999.000,9999.000,9999.000,9999.000,9999.000,9999.000,9999.000,9999.000
202606062348,   4.805,9999.000,9999.000,9999.000,9999.000,9999.000,9999.000,9999.000,9999.000
202606062354,   4.637,9999.000,9999.000,9999.000,9999.000,9999.000,9999.000,9999.000,9999.000
202606070000,   4.471,9999.000,   0.600,  -0.023,   5.048,   0.600,   5.048,   0.700,   5.148
202606070006,   4.307,9999.000,9999.000,9999.000,9999.000,9999.000,9999.000,9999.000,9999.000
202606070012,   4.145,9999.000,9999.000,9999.000,9999.000,9999.000,9999.000,9999.000,9999.000
202606070018,   3.985,9999.000,9999.000,9999.000,9999.000,9999.000,9999.000,9999.000,9999.000
202606070024,   3.828,9999.000,9999.000,9999.000,9999.000,9999.000,9999.000,9999.000,9999.000
202606070030,   3.674,9999.000,9999.000,9999.000,9999.000,9999.000,9999.000,9999.000,9999.000
202606070036,   3.524,9999.000,9999.000,9999.000,9999.000,9999.000,9999.000,9999.000,9999.000
202606070042,   3.377,9999.000,9999.000,9999.000,9999.000,9999.000,9999.000,9999.000,9999.000
202606070048,   3.234,9999.000,9999.000,9999.000,9999.000,9999.000,9999.000,9999.000,9999.000
202606070054,   3.096,9999.000,9999.000,9999.000,9999.000,9999.000,9999.000,9999.000,9999.000
202606070100,   2.962,9999.000,   0.600,  -0.012,   3.550,   0.500,   3.450,   0.700,   3.650
202606070106,   2.834,9999.000,9999.000,9999.000,9999.000,9999.000,9999.000,9999.000,9999.000
202606070112,   2.712,9999.000,9999.000,9999.000,9999.000,9999.000,9999.000,9999.000,9999.000
202606070118,   2.596,9999.000,9999.000,9999.000,9999.000,9999.000,9999.000,9999.000,9999.000
202606070124,   2.487,9999.000,9999.000,9999.000,9999.000,9999.000,9999.000,9999.000,9999.000
202606070130,   2.386,9999.000,9999.000,9999.000,9999.000,9999.000,9999.000,9999.000,9999.000
202606070136,   2.292,9999.000,9999.000,9999.000,9999.000,9999.000,9999.000,9999.000,9999.000
202606070142,   2.207,9999.000,9999.000,9999.000,9999.000,9999.000,9999.000,9999.000,9999.000
202606070148,   2.131,9999.000,9999.000,9999.000,9999.000,9999.000,9999.000,9999.000,9999.000
202606070154,   2.065,9999.000,9999.000,9999.000,9999.000,9999.000,9999.000,9999.000,9999.000
202606070200,   2.009,9999.000,   0.600,  -0.000,   2.609,   0.500,   2.509,   0.600,   2.609
202606070206,   1.963,9999.000,9999.000,9999.000,9999.000,9999.000,9999.000,9999.000,9999.000
202606070212,   1.929,9999.000,9999.000,9999.000,9999.000,9999.000,9999.000,9999.000,9999.000
202606070218,   1.906,9999.000,9999.000,9999.000,9999.000,9999.000,9999.000,9999.000,9999.000
202606070224,   1.895,9999.000,9999.000,9999.000,9999.000,9999.000,9999.000,9999.000,9999.000
202606070230,   1.896,9999.000,9999.000,9999.000,9999.000,9999.000,9999.000,9999.000,9999.000
202606070236,   1.909,9999.000,9999.000,9999.000,9999.000,9999.000,9999.000,9999.000,9999.000
202606070242,   1.934,9999.000,9999.000,9999.000,9999.000,9999.000,9999.000,9999.000,9999.000
202606070248,   1.972,9999.000,9999.000,9999.000,9999.000,9999.000,9999.000,9999.000,9999.000
202606070254,   2.021,9999.000,9999.000,9999.000,9999.000,9999.000,9999.000,9999.000,9999.000
202606070300,   2.083,9999.000,   0.500,   0.012,   2.595,   0.400,   2.495,   0.600,   2.695
202606070306,   2.156,9999.000,9999.000,9999.000,9999.000,9999.000,9999.000,9999.000,9999.000
202606070312,   2.241,9999.000,9999.000,9999.000,9999.000,9999.000,9999.000,9999.000,9999.000
202606070318,   2.336,9999.000,9999.000,9999.000,9999.000,9999.000,9999.000,9999.000,9999.000
202606070324,   2.442,9999.000,9999.000,9999.000,9999.000,9999.000,9999.000,9999.000,9999.000
202606070330,   2.557,9999.000,9999.000,9999.000,9999.000,9999.000,9999.000,9999.000,9999.000
202606070336,   2.681,9999.000,9999.000,9999.000,9999.000,9999.000,9999.000,9999.000,9999.000
202606070342,   2.814,9999.000,9999.000,9999.000,9999.000,9999.000,9999.000,9999.000,9999.000
202606070348,   2.953,9999.000,9999.000,9999.000,9999.000,9999.000,9999.000,9999.000,9999.000
202606070354,   3.100,9999.000,9999.000,9999.000,9999.000,9999.000,9999.000,9999.000,9999.000
202606070400,   3.252,9999.000,   0.500,   0.023,   3.775,   0.400,   3.675,   0.600,   3.875
202606070406,   3.410,9999.000,9999.000,9999.000,9999.000,9999.000,9999.000,9999.000,9999.000
202606070412,   3.571,9999.000,9999.000,9999.000,9999.000,9999.000,9999.000,9999.000,9999.000
202606070418,   3.737,9999.000,9999.000,9999.000,9999.000,9999.000,9999.000,9999.000,9999.000
202606070424,   3.905,9999.000,9999.000,9999.000,9999.000,9999.000,9999.000,9999.000,9999.000
202606070430,   4.076,9999.000,9999.000,9999.000,9999.000,9999.000,9999.000,9999.000,9999.000
202606070436,   4.248,9999.000,9999.000,9999.000,9999.000,9999.000,9999.000,9999.000,9999.000
202606070442,   4.422,9999.000,9999.000,9999.000,9999.000,9999.000,9999.000,9999.000,9999.000
202606070448,   4.596,9999.000,9999.000,9999.000,9999.000,9999.000,9999.000,9999.000,9999.000
202606070454,   4.771,9999.000,9999.000,9999.000,9999.000,9999.000,9999.000,9999.000,9999.000
202606070500,   4.946,9999.000,   0.400,   0.035,   5.381,   0.400,   5.381,   0.500,   5.481
202606070506,   5.120,9999.000,9999.000,9999.000,9999.000,9999.000,9999.000,9999.000,9999.000
202606070512,   5.294,9999.000,9999.000,9999.000,9999.000,9999.000,9999.000,9999.000,9999.000
202606070518,   5.468,9999.000,9999.000,9999.000,9999.000,9999.000,9999.000,9999.000,9999.000
202606070524,   5.641,9999.000,9999.000,9999.000,9999.000,9999.000,9999.000,9999.000,9999.000
202606070530,   5.813,9999.000,9999.000,9999.000,9999.000,9999.000,9999.000,9999.000,9999.000
202606070536,   5.984,9999.000,9999.000,9999.000,9999.000,9999.000,9999.000,9999.000,9999.000
202606070542,   6.154,9999.000,9999.000,9999.000,9999.000,9999.000,9999.000,9999.000,9999.000
202606070548,   6.323,9999.000,9999.000,9999.000,9999.000,9999.000,9999.000,9999.000,9999.000
202606070554,   6.491,9999.000,9999.000,9999.000,9999.000,9999.000,9999.000,9999.000,9999.000
202606070600,   6.658,9999.000,   0.400,   0.046,   7.104,   0.400,   7.104,   0.500,   7.204
202606070606,   6.823,9999.000,9999.000,9999.000,9999.000,9999.000,9999.000,9999.000,9999.000
202606070612,   6.987,9999.000,9999.000,9999.000,9999.000,9999.000,9999.000,9999.000,9999.000
202606070618,   7.149,9999.000,9999.000,9999.000,9999.000,9999.000,9999.000,9999.000,9999.000
202606070624,   7.308,9999.000,9999.000,9999.000,9999.000,9999.000,9999.000,9999.000,9999.000
202606070630,   7.466,9999.000,9999.000,9999.000,9999.000,9999.000,9999.000,9999.000,9999.000
202606070636,   7.621,9999.000,9999.000,9999.000,9999.000,9999.000,9999.000,9999.000,9999.000
202606070642,   7.772,9999.000,9999.000,9999.000,9999.000,9999.000,9999.000,9999.000,9999.000
202606070648,   7.920,9999.000,9999.000,9999.000,9999.000,9999.000,9999.000,9999.000,9999.000
202606070654,   8.064,9999.000,9999.000,9999.000,9999.000,9999.000,9999.000,9999.000,9999.000
202606070700,   8.203,9999.000,   0.400,   0.046,   8.649,   0.300,   8.549,   0.400,   8.649
202606070706,   8.337,9999.000,9999.000,9999.000,9999.000,9999.000,9999.000,9999.000,9999.000
202606070712,   8.466,9999.000,9999.000,9999.000,9999.000,9999.000,9999.000,9999.000,9999.000
202606070718,   8.588,9999.000,9999.000,9999.000,9999.000,9999.000,9999.000,9999.000,9999.000
202606070724,   8.703,9999.000,9999.000,9999.000,9999.000,9999.000,9999.000,9999.000,9999.000
202606070730,   8.811,9999.000,9999.000,9999.000,9999.000,9999.000,9999.000,9999.000,9999.000
202606070736,   8.911,9999.000,9999.000,9999.000,9999.000,9999.000,9999.000,9999.000,9999.000
202606070742,   9.003,9999.000,9999.000,9999.000,9999.000,9999.000,9999.000,9999.000,9999.000
202606070748,   9.086,9999.000,9999.000,9999.000,9999.000,9999.000,9999.000,9999.000,9999.000
202606070754,   9.160,9999.000,9999.000,9999.000,9999.000,9999.000,9999.000,9999.000,9999.000
202606070800,   9.224,9999.000,   0.400,   0.046,   9.670,   0.300,   9.570,   0.400,   9.670
202606070806,   9.278,9999.000,9999.000,9999.000,9999.000,9999.000,9999.000,9999.000,9999.000
202606070812,   9.322,9999.000,9999.000,9999.000,9999.000,9999.000,9999.000,9999.000,9999.000
202606070818,   9.355,9999.000,9999.000,9999.000,9999.000,9999.000,9999.000,9999.000,9999.000
202606070824,   9.378,9999.000,9999.000,9999.000,9999.000,9999.000,9999.000,9999.000,9999.000
202606070830,   9.390,9999.000,9999.000,9999.000,9999.000,9999.000,9999.000,9999.000,9999.000
202606070836,   9.391,9999.000,9999.000,9999.000,9999.000,9999.000,9999.000,9999.000,9999.000
202606070842,   9.382,9999.000,9999.000,9999.000,9999.000,9999.000,9999.000,9999.000,9999.000
202606070848,   9.361,9999.000,9999.000,9999.000,9999.000,9999.000,9999.000,9999.000,9999.000
202606070854,   9.331,9999.000,9999.000,9999.000,9999.000,9999.000,9999.000,9999.000,9999.000
202606070900,   9.289,9999.000,   0.400,   0.046,   9.735,   0.300,   9.635,   0.400,   9.735
202606070906,   9.238,9999.000,9999.000,9999.000,9999.000,9999.000,9999.000,9999.000,9999.000
202606070912,   9.176,9999.000,9999.000,9999.000,9999.000,9999.000,9999.000,9999.000,9999.000
202606070918,   9.104,9999.000,9999.000,9999.000,9999.000,9999.000,9999.000,9999.000,9999.000
202606070924,   9.023,9999.000,9999.000,9999.000,9999.000,9999.000,9999.000,9999.000,9999.000
202606070930,   8.933,9999.000,9999.000,9999.000,9999.000,9999.000,9999.000,9999.000,9999.000
202606070936,   8.833,9999.000,9999.000,9999.000,9999.000,9999.000,9999.000,9999.000,9999.000
202606070942,   8.725,9999.000,9999.000,9999.000,9999.000,9999.000,9999.000,9999.000,9999.000
202606070948,   8.608,9999.000,9999.000,9999.000,9999.000,9999.000,9999.000,9999.000,9999.000
202606070954,   8.484,9999.000,9999.000,9999.000,9999.000,9999.000,9999.000,9999.000,9999.000
202606071000,   8.351,9999.000,   0.400,   0.046,   8.797,   0.300,   8.697,   0.400,   8.797
202606071006,   8.212,9999.000,9999.000,9999.000,9999.000,9999.000,9999.000,9999.000,9999.000
202606071012,   8.065,9999.000,9999.000,9999.000,9999.000,9999.000,9999.000,9999.000,9999.000
202606071018,   7.912,9999.000,9999.000,9999.000,9999.000,9999.000,9999.000,9999.000,9999.000
202606071024,   7.753,9999.000,9999.000,9999.000,9999.000,9999.000,9999.000,9999.000,9999.000
202606071030,   7.589,9999.000,9999.000,9999.000,9999.000,9999.000,9999.000,9999.000,9999.000
202606071036,   7.419,9999.000,9999.000,9999.000,9999.000,9999.000,9999.000,9999.000,9999.000
202606071042,   7.244,9999.000,9999.000,9999.000,9999.000,9999.000,9999.000,9999.000,9999.000
202606071048,   7.065,9999.000,9999.000,9999.000,9999.000,9999.000,9999.000,9999.000,9999.000
202606071054,   6.882,9999.000,9999.000,9999.000,9999.000,9999.000,9999.000,9999.000,9999.000
202606071100,   6.696,9999.000,   0.300,   0.046,   7.042,   0.300,   7.042,   0.400,   7.142
202606071106,   6.506,9999.000,9999.000,9999.000,9999.000,9999.000,9999.000,9999.000,9999.000
202606071112,   6.314,9999.000,9999.000,9999.000,9999.000,9999.000,9999.000,9999.000,9999.000
202606071118,   6.121,9999.000,9999.000,9999.000,9999.000,9999.000,9999.000,9999.000,9999.000
202606071124,   5.925,9999.000,9999.000,9999.000,9999.000,9999.000,9999.000,9999.000,9999.000
202606071130,   5.728,9999.000,9999.000,9999.000,9999.000,9999.000,9999.000,9999.000,9999.000
202606071136,   5.531,9999.000,9999.000,9999.000,9999.000,9999.000,9999.000,9999.000,9999.000
202606071142,   5.333,9999.000,9999.000,9999.000,9999.000,9999.000,9999.000,9999.000,9999.000
202606071148,   5.136,9999.000,9999.000,9999.000,9999.000,9999.000,9999.000,9999.000,9999.000
202606071154,   4.939,9999.000,9999.000,9999.000,9999.000,9999.000,9999.000,9999.000,9999.000
202606071200,   4.743,9999.000,   0.300,   0.046,   5.089,   0.300,   5.089,   0.400,   5.189
202606071206,   4.548,9999.000,9999.000,9999.000,9999.000,9999.000,9999.000,9999.000,9999.000
202606071212,   4.354,9999.000,9999.000,9999.000,9999.000,9999.000,9999.000,9999.000,9999.000
202606071218,   4.163,9999.000,9999.000,9999.000,9999.000,9999.000,9999.000,9999.000,9999.000
202606071224,   3.973,9999.000,9999.000,9999.000,9999.000,9999.000,9999.000,9999.000,9999.000
202606071230,   3.786,9999.000,9999.000,9999.000,9999.000,9999.000,9999.000,9999.000,9999.000
202606071236,   3.602,9999.000,9999.000,9999.000,9999.000,9999.000,9999.000,9999.000,9999.000
202606071242,   3.421,9999.000,9999.000,9999.000,9999.000,9999.000,9999.000,9999.000,9999.000
202606071248,   3.243,9999.000,9999.000,9999.000,9999.000,9999.000,9999.000,9999.000,9999.000
202606071254,   3.068,9999.000,9999.000,9999.000,9999.000,9999.000,9999.000,9999.000,9999.000
202606071300,   2.898,9999.000,   0.300,   0.046,   3.244,   0.200,   3.144,   0.400,   3.344
202606071306,   2.731,9999.000,9999.000,9999.000,9999.000,9999.000,9999.000,9999.000,9999.000
202606071312,   2.570,9999.000,9999.000,9999.000,9999.000,9999.000,9999.000,9999.000,9999.000
202606071318,   2.413,9999.000,9999.000,9999.000,9999.000,9999.000,9999.000,9999.000,9999.000
202606071324,   2.261,9999.000,9999.000,9999.000,9999.000,9999.000,9999.000,9999.000,9999.000
202606071330,   2.116,9999.000,9999.000,9999.000,9999.000,9999.000,9999.000,9999.000,9999.000
202606071336,   1.976,9999.000,9999.000,9999.000,9999.000,9999.000,9999.000,9999.000,9999.000
202606071342,   1.843,9999.000,9999.000,9999.000,9999.000,9999.000,9999.000,9999.000,9999.000
202606071348,   1.718,9999.000,9999.000,9999.000,9999.000,9999.000,9999.000,9999.000,9999.000
202606071354,   1.600,9999.000,9999.000,9999.000,9999.000,9999.000,9999.000,9999.000,9999.000
202606071400,   1.490,9999.000,   0.300,   0.046,   1.836,   0.200,   1.736,   0.400,   1.936
202606071406,   1.389,9999.000,9999.000,9999.000,9999.000,9999.000,9999.000,9999.000,9999.000
202606071412,   1.298,9999.000,9999.000,9999.000,9999.000,9999.000,9999.000,9999.000,9999.000
202606071418,   1.216,9999.000,9999.000,9999.000,9999.000,9999.000,9999.000,9999.000,9999.000
202606071424,   1.145,9999.000,9999.000,9999.000,9999.000,9999.000,9999.000,9999.000,9999.000
202606071430,   1.085,9999.000,9999.000,9999.000,9999.000,9999.000,9999.000,9999.000,9999.000
202606071436,   1.036,9999.000,9999.000,9999.000,9999.000,9999.000,9999.000,9999.000,9999.000
202606071442,   1.000,9999.000,9999.000,9999.000,9999.000,9999.000,9999.000,9999.000,9999.000
202606071448,   0.975,9999.000,9999.000,9999.000,9999.000,9999.000,9999.000,9999.000,9999.000
202606071454,   0.962,9999.000,9999.000,9999.000,9999.000,9999.000,9999.000,9999.000,9999.000
202606071500,   0.963,9999.000,   0.300,   0.046,   1.309,   0.200,   1.209,   0.400,   1.409
202606071506,   0.976,9999.000,9999.000,9999.000,9999.000,9999.000,9999.000,9999.000,9999.000
202606071512,   1.002,9999.000,9999.000,9999.000,9999.000,9999.000,9999.000,9999.000,9999.000
202606071518,   1.040,9999.000,9999.000,9999.000,9999.000,9999.000,9999.000,9999.000,9999.000
202606071524,   1.091,9999.000,9999.000,9999.000,9999.000,9999.000,9999.000,9999.000,9999.000
202606071530,   1.155,9999.000,9999.000,9999.000,9999.000,9999.000,9999.000,9999.000,9999.000
202606071536,   1.230,9999.000,9999.000,9999.000,9999.000,9999.000,9999.000,9999.000,9999.000
202606071542,   1.317,9999.000,9999.000,9999.000,9999.000,9999.000,9999.000,9999.000,9999.000
202606071548,   1.414,9999.000,9999.000,9999.000,9999.000,9999.000,9999.000,9999.000,9999.000
202606071554,   1.523,9999.000,9999.000,9999.000,9999.000,9999.000,9999.000,9999.000,9999.000
202606071600,   1.640,9999.000,   0.300,   0.046,   1.986,   0.200,   1.886,   0.400,   2.086
202606071606,   1.767,9999.000,9999.000,9999.000,9999.000,9999.000,9999.000,9999.000,9999.000
202606071612,   1.902,9999.000,9999.000,9999.000,9999.000,9999.000,9999.000,9999.000,9999.000
202606071618,   2.045,9999.000,9999.000,9999.000,9999.000,9999.000,9999.000,9999.000,9999.000
202606071624,   2.194,9999.000,9999.000,9999.000,9999.000,9999.000,9999.000,9999.000,9999.000
202606071630,   2.349,9999.000,9999.000,9999.000,9999.000,9999.000,9999.000,9999.000,9999.000
202606071636,   2.509,9999.000,9999.000,9999.000,9999.000,9999.000,9999.000,9999.000,9999.000
202606071642,   2.674,9999.000,9999.000,9999.000,9999.000,9999.000,9999.000,9999.000,9999.000
202606071648,   2.842,9999.000,9999.000,9999.000,9999.000,9999.000,9999.000,9999.000,9999.000
202606071654,   3.013,9999.000,9999.000,9999.000,9999.000,9999.000,9999.000,9999.000,9999.000
202606071700,   3.187,9999.000,   0.300,   0.046,   3.533,   0.200,   3.433,   0.400,   3.633
202606071706,   3.363,9999.000,9999.000,9999.000,9999.000,9999.000,9999.000,9999.000,9999.000
202606071712,   3.540,9999.000,9999.000,9999.000,9999.000,9999.000,9999.000,9999.000,9999.000
202606071718,   3.719,9999.000,9999.000,9999.000,9999.000,9999.000,9999.000,9999.000,9999.000
202606071724,   3.898,9999.000,9999.000,9999.000,9999.000,9999.000,9999.000,9999.000,9999.000
202606071730,   4.077,9999.000,9999.000,9999.000,9999.000,9999.000,9999.000,9999.000,9999.000
202606071736,   4.257,9999.000,9999.000,9999.000,9999.000,9999.000,9999.000,9999.000,9999.000
202606071742,   4.436,9999.000,9999.000,9999.000,9999.000,9999.000,9999.000,9999.000,9999.000
202606071748,   4.616,9999.000,9999.000,9999.000,9999.000,9999.000,9999.000,9999.000,9999.000
202606071754,   4.795,9999.000,9999.000,9999.000,9999.000,9999.000,9999.000,9999.000,9999.000
202606071800,   4.974,9999.000,   0.300,   0.046,   5.320,   0.200,   5.220,   0.400,   5.420
202606071806,   5.152,9999.000,9999.000,9999.000,9999.000,9999.000,9999.000,9999.000,9999.000
202606071812,   5.330,9999.000,9999.000,9999.000,9999.000,9999.000,9999.000,9999.000,9999.000
202606071818,   5.507,9999.000,9999.000,9999.000,9999.000,9999.000,9999.000,9999.000,9999.000
202606071824,   5.684,9999.000,9999.000,9999.000,9999.000,9999.000,9999.000,9999.000,9999.000
202606071830,   5.860,9999.000,9999.000,9999.000,9999.000,9999.000,9999.000,9999.000,9999.000
202606071836,   6.035,9999.000,9999.000,9999.000,9999.000,9999.000,9999.000,9999.000,9999.000
202606071842,   6.209,9999.000,9999.000,9999.000,9999.000,9999.000,9999.000,9999.000,9999.000
202606071848,   6.381,9999.000,9999.000,9999.000,9999.000,9999.000,9999.000,9999.000,9999.000
202606071854,   6.552,9999.000,9999.000,9999.000,9999.000,9999.000,9999.000,9999.000,9999.000
202606071900,   6.720,9999.000,   0.400,   0.046,   7.166,   0.300,   7.066,   0.400,   7.166
202606071906,   6.887,9999.000,9999.000,9999.000,9999.000,9999.000,9999.000,9999.000,9999.000
202606071912,   7.050,9999.000,9999.000,9999.000,9999.000,9999.000,9999.000,9999.000,9999.000
202606071918,   7.210,9999.000,9999.000,9999.000,9999.000,9999.000,9999.000,9999.000,9999.000
202606071924,   7.366,9999.000,9999.000,9999.000,9999.000,9999.000,9999.000,9999.000,9999.000
202606071930,   7.518,9999.000,9999.000,9999.000,9999.000,9999.000,9999.000,9999.000,9999.000
202606071936,   7.665,9999.000,9999.000,9999.000,9999.000,9999.000,9999.000,9999.000,9999.000
202606071942,   7.806,9999.000,9999.000,9999.000,9999.000,9999.000,9999.000,9999.000,9999.000
202606071948,   7.942,9999.000,9999.000,9999.000,9999.000,9999.000,9999.000,9999.000,9999.000
202606071954,   8.070,9999.000,9999.000,9999.000,9999.000,9999.000,9999.000,9999.000,9999.000
202606072000,   8.192,9999.000,   0.400,   0.046,   8.638,   0.300,   8.538,   0.500,   8.738
202606072006,   8.306,9999.000,9999.000,9999.000,9999.000,9999.000,9999.000,9999.000,9999.000
202606072012,   8.412,9999.000,9999.000,9999.000,9999.000,9999.000,9999.000,9999.000,9999.000
202606072018,   8.509,9999.000,9999.000,9999.000,9999.000,9999.000,9999.000,9999.000,9999.000
202606072024,   8.597,9999.000,9999.000,9999.000,9999.000,9999.000,9999.000,9999.000,9999.000
202606072030,   8.676,9999.000,9999.000,9999.000,9999.000,9999.000,9999.000,9999.000,9999.000
202606072036,   8.745,9999.000,9999.000,9999.000,9999.000,9999.000,9999.000,9999.000,9999.000
202606072042,   8.804,9999.000,9999.000,9999.000,9999.000,9999.000,9999.000,9999.000,9999.000
202606072048,   8.852,9999.000,9999.000,9999.000,9999.000,9999.000,9999.000,9999.000,9999.000
202606072054,   8.891,9999.000,9999.000,9999.000,9999.000,9999.000,9999.000,9999.000,9999.000
202606072100,   8.919,9999.000,   0.400,   0.046,   9.365,   0.300,   9.265,   0.500,   9.465
202606072106,   8.937,9999.000,9999.000,9999.000,9999.000,9999.000,9999.000,9999.000,9999.000
202606072112,   8.944,9999.000,9999.000,9999.000,9999.000,9999.000,9999.000,9999.000,9999.000
202606072118,   8.940,9999.000,9999.000,9999.000,9999.000,9999.000,9999.000,9999.000,9999.000
202606072124,   8.927,9999.000,9999.000,9999.000,9999.000,9999.000,9999.000,9999.000,9999.000
202606072130,   8.903,9999.000,9999.000,9999.000,9999.000,9999.000,9999.000,9999.000,9999.000
202606072136,   8.869,9999.000,9999.000,9999.000,9999.000,9999.000,9999.000,9999.000,9999.000
202606072142,   8.825,9999.000,9999.000,9999.000,9999.000,9999.000,9999.000,9999.000,9999.000
202606072148,   8.772,9999.000,9999.000,9999.000,9999.000,9999.000,9999.000,9999.000,9999.000
202606072154,   8.709,9999.000,9999.000,9999.000,9999.000,9999.000,9999.000,9999.000,9999.000
202606072200,   8.637,9999.000,   0.400,   0.046,   9.083,   0.300,   8.983,   0.500,   9.183
202606072206,   8.556,9999.000,9999.000,9999.000,9999.000,9999.000,9999.000,9999.000,9999.000
202606072212,   8.466,9999.000,9999.000,9999.000,9999.000,9999.000,9999.000,9999.000,9999.000
202606072218,   8.369,9999.000,9999.000,9999.000,9999.000,9999.000,9999.000,9999.000,9999.000
202606072224,   8.264,9999.000,9999.000,9999.000,9999.000,9999.000,9999.000,9999.000,9999.000
202606072230,   8.151,9999.000,9999.000,9999.000,9999.000,9999.000,9999.000,9999.000,9999.000
202606072236,   8.031,9999.000,9999.000,9999.000,9999.000,9999.000,9999.000,9999.000,9999.000
202606072242,   7.904,9999.000,9999.000,9999.000,9999.000,9999.000,9999.000,9999.000,9999.000
202606072248,   7.771,9999.000,9999.000,9999.000,9999.000,9999.000,9999.000,9999.000,9999.000
202606072254,   7.632,9999.000,9999.000,9999.000,9999.000,9999.000,9999.000,9999.000,9999.000
202606072300,   7.487,9999.000,   0.400,   0.046,   7.933,   0.300,   7.833,   0.500,   8.033
202606072306,   7.338,9999.000,9999.000,9999.000,9999.000,9999.000,9999.000,9999.000,9999.000
202606072312,   7.184,9999.000,9999.000,9999.000,9999.000,9999.000,9999.000,9999.000,9999.000
202606072318,   7.025,9999.000,9999.000,9999.000,9999.000,9999.000,9999.000,9999.000,9999.000
202606072324,   6.863,9999.000,9999.000,9999.000,9999.000,9999.000,9999.000,9999.000,9999.000
202606072330,   6.698,9999.000,9999.000,9999.000,9999.000,9999.000,9999.000,9999.000,9999.000
202606072336,   6.530,9999.000,9999.000,9999.000,9999.000,9999.000,9999.000,9999.000,9999.000
202606072342,   6.359,9999.000,9999.000,9999.000,9999.000,9999.000,9999.000,9999.000,9999.000
202606072348,   6.187,9999.000,9999.000,9999.000,9999.000,9999.000,9999.000,9999.000,9999.000
202606072354,   6.013,9999.000,9999.000,9999.000,9999.000,9999.000,9999.000,9999.000,9999.000
202606080000,   5.838,9999.000,   0.400,   0.046,   6.284,   0.300,   6.184,   0.500,   6.384
202606080006,   5.663,9999.000,9999.000,9999.000,9999.000,9999.000,9999.000,9999.000,9999.000
202606080012,   5.487,9999.000,9999.000,9999.000,9999.000,9999.000,9999.000,9999.000,9999.000
202606080018,   5.312,9999.000,9999.000,9999.000,9999.000,9999.000,9999.000,9999.000,9999.000
202606080024,   5.137,9999.000,9999.000,9999.000,9999.000,9999.000,9999.000,9999.000,9999.000
202606080030,   4.962,9999.000,9999.000,9999.000,9999.000,9999.000,9999.000,9999.000,9999.000
202606080036,   4.789,9999.000,9999.000,9999.000,9999.000,9999.000,9999.000,9999.000,9999.000
202606080042,   4.618,9999.000,9999.000,9999.000,9999.000,9999.000,9999.000,9999.000,9999.000
202606080048,   4.448,9999.000,9999.000,9999.000,9999.000,9999.000,9999.000,9999.000,9999.000
202606080054,   4.280,9999.000,9999.000,9999.000,9999.000,9999.000,9999.000,9999.000,9999.000
202606080100,   4.114,9999.000,   0.400,   0.046,   4.560,   0.300,   4.460,   0.500,   4.660
202606080106,   3.951,9999.000,9999.000,9999.000,9999.000,9999.000,9999.000,9999.000,9999.000
202606080112,   3.790,9999.000,9999.000,9999.000,9999.000,9999.000,9999.000,9999.000,9999.000
202606080118,   3.633,9999.000,9999.000,9999.000,9999.000,9999.000,9999.000,9999.000,9999.000
202606080124,   3.479,9999.000,9999.000,9999.000,9999.000,9999.000,9999.000,9999.000,9999.000
202606080130,   3.328,9999.000,9999.000,9999.000,9999.000,9999.000,9999.000,9999.000,9999.000
202606080136,   3.182,9999.000,9999.000,9999.000,9999.000,9999.000,9999.000,9999.000,9999.000
202606080142,   3.040,9999.000,9999.000,9999.000,9999.000,9999.000,9999.000,9999.000,9999.000
202606080148,   2.903,9999.000,9999.000,9999.000,9999.000,9999.000,9999.000,9999.000,9999.000
202606080154,   2.770,9999.000,9999.000,9999.000,9999.000,9999.000,9999.000,9999.000,9999.000
202606080200,   2.644,9999.000,   0.400,   0.046,   3.090,   0.300,   2.990,   0.600,   3.290
202606080206,   2.523,9999.000,9999.000,9999.000,9999.000,9999.000,9999.000,9999.000,9999.000
202606080212,   2.409,9999.000,9999.000,9999.000,9999.000,9999.000,9999.000,9999.000,9999.000
202606080218,   2.302,9999.000,9999.000,9999.000,9999.000,9999.000,9999.000,9999.000,9999.000
202606080224,   2.203,9999.000,9999.000,9999.000,9999.000,9999.000,9999.000,9999.000,9999.000
202606080230,   2.111,9999.000,9999.000,9999.000,9999.000,9999.000,9999.000,9999.000,9999.000
202606080236,   2.029,9999.000,9999.000,9999.000,9999.000,9999.000,9999.000,9999.000,9999.000
202606080242,   1.956,9999.000,9999.000,9999.000,9999.000,9999.000,9999.000,9999.000,9999.000
202606080248,   1.893,9999.000,9999.000,9999.000,9999.000,9999.000,9999.000,9999.000,9999.000
202606080254,   1.840,9999.000,9999.000,9999.000,9999.000,9999.000,9999.000,9999.000,9999.000
202606080300,   1.799,9999.000,   0.400,   0.046,   2.245,   0.200,   2.045,   0.500,   2.345
202606080306,   1.768,9999.000,9999.000,9999.000,9999.000,9999.000,9999.000,9999.000,9999.000
202606080312,   1.750,9999.000,9999.000,9999.000,9999.000,9999.000,9999.000,9999.000,9999.000
202606080318,   1.743,9999.000,9999.000,9999.000,9999.000,9999.000,9999.000,9999.000,9999.000
202606080324,   1.749,9999.000,9999.000,9999.000,9999.000,9999.000,9999.000,9999.000,9999.000
202606080330,   1.767,9999.000,9999.000,9999.000,9999.000,9999.000,9999.000,9999.000,9999.000
202606080336,   1.798,9999.000,9999.000,9999.000,9999.000,9999.000,9999.000,9999.000,9999.000
202606080342,   1.841,9999.000,9999.000,9999.000,9999.000,9999.000,9999.000,9999.000,9999.000
202606080348,   1.896,9999.000,9999.000,9999.000,9999.000,9999.000,9999.000,9999.000,9999.000
202606080354,   1.964,9999.000,9999.000,9999.000,9999.000,9999.000,9999.000,9999.000,9999.000
202606080400,   2.043,9999.000,   0.300,   0.046,   2.389,   0.200,   2.289,   0.500,   2.589
202606080406,   2.134,9999.000,9999.000,9999.000,9999.000,9999.000,9999.000,9999.000,9999.000
202606080412,   2.235,9999.000,9999.000,9999.000,9999.000,9999.000,9999.000,9999.000,9999.000
202606080418,   2.347,9999.000,9999.000,9999.000,9999.000,9999.000,9999.000,9999.000,9999.000
202606080424,   2.468,9999.000,9999.000,9999.000,9999.000,9999.000,9999.000,9999.000,9999.000
202606080430,   2.597,9999.000,9999.000,9999.000,9999.000,9999.000,9999.000,9999.000,9999.000
202606080436,   2.735,9999.000,9999.000,9999.000,9999.000,9999.000,9999.000,9999.000,9999.000
202606080442,   2.880,9999.000,9999.000,9999.000,9999.000,9999.000,9999.000,9999.000,9999.000
202606080448,   3.032,9999.000,9999.000,9999.000,9999.000,9999.000,9999.000,9999.000,9999.000
202606080454,   3.189,9999.000,9999.000,9999.000,9999.000,9999.000,9999.000,9999.000,9999.000
202606080500,   3.351,9999.000,   0.300,   0.046,   3.697,   0.100,   3.497,   0.500,   3.897
202606080506,   3.518,9999.000,9999.000,9999.000,9999.000,9999.000,9999.000,9999.000,9999.000
202606080512,   3.687,9999.000,9999.000,9999.000,9999.000,9999.000,9999.000,9999.000,9999.000
202606080518,   3.859,9999.000,9999.000,9999.000,9999.000,9999.000,9999.000,9999.000,9999.000
202606080524,   4.033,9999.000,9999.000,9999.000,9999.000,9999.000,9999.000,9999.000,9999.000
202606080530,   4.209,9999.000,9999.000,9999.000,9999.000,9999.000,9999.000,9999.000,9999.000
202606080536,   4.385,9999.000,9999.000,9999.000,9999.000,9999.000,9999.000,9999.000,9999.000
202606080542,   4.562,9999.000,9999.000,9999.000,9999.000,9999.000,9999.000,9999.000,9999.000
202606080548,   4.739,9999.000,9999.000,9999.000,9999.000,9999.000,9999.000,9999.000,9999.000
202606080554,   4.916,9999.000,9999.000,9999.000,9999.000,9999.000,9999.000,9999.000,9999.000
202606080600,   5.092,9999.000,   0.300,   0.046,   5.438,   0.200,   5.338,   0.400,   5.538
202606080606,   5.268,9999.000,9999.000,9999.000,9999.000,9999.000,9999.000,9999.000,9999.000
202606080612,   5.442,9999.000,9999.000,9999.000,9999.000,9999.000,9999.000,9999.000,9999.000
202606080618,   5.616,9999.000,9999.000,9999.000,9999.000,9999.000,9999.000,9999.000,9999.000
202606080624,   5.789,9999.000,9999.000,9999.000,9999.000,9999.000,9999.000,9999.000,9999.000
202606080630,   5.960,9999.000,9999.000,9999.000,9999.000,9999.000,9999.000,9999.000,9999.000
202606080636,   6.130,9999.000,9999.000,9999.000,9999.000,9999.000,9999.000,9999.000,9999.000
202606080642,   6.299,9999.000,9999.000,9999.000,9999.000,9999.000,9999.000,9999.000,9999.000
202606080648,   6.466,9999.000,9999.000,9999.000,9999.000,9999.000,9999.000,9999.000,9999.000
202606080654,   6.632,9999.000,9999.000,9999.000,9999.000,9999.000,9999.000,9999.000,9999.000
202606080700,   6.797,9999.000,   0.300,   0.046,   7.143,   0.200,   7.043,   0.400,   7.243
202606080706,   6.959,9999.000,9999.000,9999.000,9999.000,9999.000,9999.000,9999.000,9999.000
202606080712,   7.119,9999.000,9999.000,9999.000,9999.000,9999.000,9999.000,9999.000,9999.000
202606080718,   7.278,9999.000,9999.000,9999.000,9999.000,9999.000,9999.000,9999.000,9999.000
202606080724,   7.433,9999.000,9999.000,9999.000,9999.000,9999.000,9999.000,9999.000,9999.000
202606080730,   7.585,9999.000,9999.000,9999.000,9999.000,9999.000,9999.000,9999.000,9999.000
202606080736,   7.734,9999.000,9999.000,9999.000,9999.000,9999.000,9999.000,9999.000,9999.000
202606080742,   7.880,9999.000,9999.000,9999.000,9999.000,9999.000,9999.000,9999.000,9999.000
202606080748,   8.020,9999.000,9999.000,9999.000,9999.000,9999.000,9999.000,9999.000,9999.000
202606080754,   8.156,9999.000,9999.000,9999.000,9999.000,9999.000,9999.000,9999.000,9999.000
202606080800,   8.287,9999.000,   0.400,   0.046,   8.733,   0.200,   8.533,   0.500,   8.833
202606080806,   8.412,9999.000,9999.000,9999.000,9999.000,9999.000,9999.000,9999.000,9999.000
202606080812,   8.530,9999.000,9999.000,9999.000,9999.000,9999.000,9999.000,9999.000,9999.000
202606080818,   8.641,9999.000,9999.000,9999.000,9999.000,9999.000,9999.000,9999.000,9999.000
202606080824,   8.745,9999.000,9999.000,9999.000,9999.000,9999.000,9999.000,9999.000,9999.000
202606080830,   8.840,9999.000,9999.000,9999.000,9999.000,9999.000,9999.000,9999.000,9999.000
202606080836,   8.927,9999.000,9999.000,9999.000,9999.000,9999.000,9999.000,9999.000,9999.000
202606080842,   9.005,9999.000,9999.000,9999.000,9999.000,9999.000,9999.000,9999.000,9999.000
202606080848,   9.074,9999.000,9999.000,9999.000,9999.000,9999.000,9999.000,9999.000,9999.000
202606080854,   9.133,9999.000,9999.000,9999.000,9999.000,9999.000,9999.000,9999.000,9999.000
202606080900,   9.181,9999.000,   0.500,   0.046,   9.727,   0.300,   9.527,   0.600,   9.827
202606080906,   9.220,9999.000,9999.000,9999.000,9999.000,9999.000,9999.000,9999.000,9999.000
202606080912,   9.247,9999.000,9999.000,9999.000,9999.000,9999.000,9999.000,9999.000,9999.000
202606080918,   9.264,9999.000,9999.000,9999.000,9999.000,9999.000,9999.000,9999.000,9999.000
202606080924,   9.270,9999.000,9999.000,9999.000,9999.000,9999.000,9999.000,9999.000,9999.000
202606080930,   9.266,9999.000,9999.000,9999.000,9999.000,9999.000,9999.000,9999.000,9999.000
202606080936,   9.250,9999.000,9999.000,9999.000,9999.000,9999.000,9999.000,9999.000,9999.000
202606080942,   9.224,9999.000,9999.000,9999.000,9999.000,9999.000,9999.000,9999.000,9999.000
202606080948,   9.187,9999.000,9999.000,9999.000,9999.000,9999.000,9999.000,9999.000,9999.000
202606080954,   9.139,9999.000,9999.000,9999.000,9999.000,9999.000,9999.000,9999.000,9999.000
202606081000,   9.081,9999.000,   0.600,   0.046,   9.727,   0.400,   9.527,   0.700,   9.827
202606081006,   9.013,9999.000,9999.000,9999.000,9999.000,9999.000,9999.000,9999.000,9999.000
202606081012,   8.935,9999.000,9999.000,9999.000,9999.000,9999.000,9999.000,9999.000,9999.000
202606081018,   8.848,9999.000,9999.000,9999.000,9999.000,9999.000,9999.000,9999.000,9999.000
202606081024,   8.751,9999.000,9999.000,9999.000,9999.000,9999.000,9999.000,9999.000,9999.000
202606081030,   8.645,9999.000,9999.000,9999.000,9999.000,9999.000,9999.000,9999.000,9999.000
202606081036,   8.531,9999.000,9999.000,9999.000,9999.000,9999.000,9999.000,9999.000,9999.000
202606081042,   8.409,9999.000,9999.000,9999.000,9999.000,9999.000,9999.000,9999.000,9999.000
202606081048,   8.278,9999.000,9999.000,9999.000,9999.000,9999.000,9999.000,9999.000,9999.000
202606081054,   8.140,9999.000,9999.000,9999.000,9999.000,9999.000,9999.000,9999.000,9999.000
202606081100,   7.996,9999.000,   0.600,   0.046,   8.642,   0.400,   8.442,   0.800,   8.842
202606081106,   7.844,9999.000,9999.000,9999.000,9999.000,9999.000,9999.000,9999.000,9999.000
202606081112,   7.687,9999.000,9999.000,9999.000,9999.000,9999.000,9999.000,9999.000,9999.000
202606081118,   7.523,9999.000,9999.000,9999.000,9999.000,9999.000,9999.000,9999.000,9999.000
202606081124,   7.355,9999.000,9999.000,9999.000,9999.000,9999.000,9999.000,9999.000,9999.000
202606081130,   7.182,9999.000,9999.000,9999.000,9999.000,9999.000,9999.000,9999.000,9999.000
202606081136,   7.004,9999.000,9999.000,9999.000,9999.000,9999.000,9999.000,9999.000,9999.000
202606081142,   6.823,9999.000,9999.000,9999.000,9999.000,9999.000,9999.000,9999.000,9999.000
202606081148,   6.639,9999.000,9999.000,9999.000,9999.000,9999.000,9999.000,9999.000,9999.000
202606081154,   6.451,9999.000,9999.000,9999.000,9999.000,9999.000,9999.000,9999.000,9999.000
202606081200,   6.261,9999.000,   0.700,   0.046,   7.007,   0.500,   6.807,   0.900,   7.207
202606081206,   6.070,9999.000,9999.000,9999.000,9999.000,9999.000,9999.000,9999.000,9999.000
202606081212,   5.877,9999.000,9999.000,9999.000,9999.000,9999.000,9999.000,9999.000,9999.000
202606081218,   5.683,9999.000,9999.000,9999.000,9999.000,9999.000,9999.000,9999.000,9999.000
202606081224,   5.488,9999.000,9999.000,9999.000,9999.000,9999.000,9999.000,9999.000,9999.000
202606081230,   5.293,9999.000,9999.000,9999.000,9999.000,9999.000,9999.000,9999.000,9999.000
202606081236,   5.099,9999.000,9999.000,9999.000,9999.000,9999.000,9999.000,9999.000,9999.000
202606081242,   4.905,9999.000,9999.000,9999.000,9999.000,9999.000,9999.000,9999.000,9999.000
202606081248,   4.712,9999.000,9999.000,9999.000,9999.000,9999.000,9999.000,9999.000,9999.000
202606081254,   4.520,9999.000,9999.000,9999.000,9999.000,9999.000,9999.000,9999.000,9999.000
202606081300,   4.331,9999.000,   0.700,   0.046,   5.077,   0.500,   4.877,   0.900,   5.277
202606081306,   4.142,9999.000,9999.000,9999.000,9999.000,9999.000,9999.000,9999.000,9999.000
202606081312,   3.957,9999.000,9999.000,9999.000,9999.000,9999.000,9999.000,9999.000,9999.000
202606081318,   3.773,9999.000,9999.000,9999.000,9999.000,9999.000,9999.000,9999.000,9999.000
202606081324,   3.592,9999.000,9999.000,9999.000,9999.000,9999.000,9999.000,9999.000,9999.000
202606081330,   3.415,9999.000,9999.000,9999.000,9999.000,9999.000,9999.000,9999.000,9999.000
202606081336,   3.240,9999.000,9999.000,9999.000,9999.000,9999.000,9999.000,9999.000,9999.000
202606081342,   3.069,9999.000,9999.000,9999.000,9999.000,9999.000,9999.000,9999.000,9999.000
202606081348,   2.901,9999.000,9999.000,9999.000,9999.000,9999.000,9999.000,9999.000,9999.000
202606081354,   2.738,9999.000,9999.000,9999.000,9999.000,9999.000,9999.000,9999.000,9999.000
202606081400,   2.579,9999.000,   0.700,   0.046,   3.325,   0.400,   3.025,   0.900,   3.525
202606081406,   2.425,9999.000,9999.000,9999.000,9999.000,9999.000,9999.000,9999.000,9999.000
202606081412,   2.275,9999.000,9999.000,9999.000,9999.000,9999.000,9999.000,9999.000,9999.000
202606081418,   2.132,9999.000,9999.000,9999.000,9999.000,9999.000,9999.000,9999.000,9999.000
202606081424,   1.994,9999.000,9999.000,9999.000,9999.000,9999.000,9999.000,9999.000,9999.000
202606081430,   1.862,9999.000,9999.000,9999.000,9999.000,9999.000,9999.000,9999.000,9999.000
202606081436,   1.738,9999.000,9999.000,9999.000,9999.000,9999.000,9999.000,9999.000,9999.000
202606081442,   1.621,9999.000,9999.000,9999.000,9999.000,9999.000,9999.000,9999.000,9999.000
202606081448,   1.512,9999.000,9999.000,9999.000,9999.000,9999.000,9999.000,9999.000,9999.000
202606081454,   1.412,9999.000,9999.000,9999.000,9999.000,9999.000,9999.000,9999.000,9999.000
202606081500,   1.321,9999.000,   0.600,   0.046,   1.967,   0.400,   1.767,   0.800,   2.167
202606081506,   1.239,9999.000,9999.000,9999.000,9999.000,9999.000,9999.000,9999.000,9999.000
202606081512,   1.168,9999.000,9999.000,9999.000,9999.000,9999.000,9999.000,9999.000,9999.000
202606081518,   1.108,9999.000,9999.000,9999.000,9999.000,9999.000,9999.000,9999.000,9999.000
202606081524,   1.060,9999.000,9999.000,9999.000,9999.000,9999.000,9999.000,9999.000,9999.000
202606081530,   1.023,9999.000,9999.000,9999.000,9999.000,9999.000,9999.000,9999.000,9999.000
202606081536,   0.999,9999.000,9999.000,9999.000,9999.000,9999.000,9999.000,9999.000,9999.000
202606081542,   0.987,9999.000,9999.000,9999.000,9999.000,9999.000,9999.000,9999.000,9999.000
202606081548,   0.988,9999.000,9999.000,9999.000,9999.000,9999.000,9999.000,9999.000,9999.000
202606081554,   1.003,9999.000,9999.000,9999.000,9999.000,9999.000,9999.000,9999.000,9999.000
202606081600,   1.030,9999.000,   0.600,   0.046,   1.676,   0.300,   1.376,   0.700,   1.776
202606081606,   1.071,9999.000,9999.000,9999.000,9999.000,9999.000,9999.000,9999.000,9999.000
202606081612,   1.125,9999.000,9999.000,9999.000,9999.000,9999.000,9999.000,9999.000,9999.000
202606081618,   1.191,9999.000,9999.000,9999.000,9999.000,9999.000,9999.000,9999.000,9999.000
202606081624,   1.270,9999.000,9999.000,9999.000,9999.000,9999.000,9999.000,9999.000,9999.000
202606081630,   1.361,9999.000,9999.000,9999.000,9999.000,9999.000,9999.000,9999.000,9999.000
202606081636,   1.463,9999.000,9999.000,9999.000,9999.000,9999.000,9999.000,9999.000,9999.000
202606081642,   1.577,9999.000,9999.000,9999.000,9999.000,9999.000,9999.000,9999.000,9999.000
202606081648,   1.700,9999.000,9999.000,9999.000,9999.000,9999.000,9999.000,9999.000,9999.000
202606081654,   1.833,9999.000,9999.000,9999.000,9999.000,9999.000,9999.000,9999.000,9999.000
202606081700,   1.975,9999.000,   0.500,   0.046,   2.521,   0.400,   2.421,   0.700,   2.721
202606081706,   2.125,9999.000,9999.000,9999.000,9999.000,9999.000,9999.000,9999.000,9999.000
202606081712,   2.282,9999.000,9999.000,9999.000,9999.000,9999.000,9999.000,9999.000,9999.000
202606081718,   2.445,9999.000,9999.000,9999.000,9999.000,9999.000,9999.000,9999.000,9999.000
202606081724,   2.614,9999.000,9999.000,9999.000,9999.000,9999.000,9999.000,9999.000,9999.000
202606081730,   2.787,9999.000,9999.000,9999.000,9999.000,9999.000,9999.000,9999.000,9999.000
202606081736,   2.965,9999.000,9999.000,9999.000,9999.000,9999.000,9999.000,9999.000,9999.000
202606081742,   3.145,9999.000,9999.000,9999.000,9999.000,9999.000,9999.000,9999.000,9999.000
202606081748,   3.328,9999.000,9999.000,9999.000,9999.000,9999.000,9999.000,9999.000,9999.000
202606081754,   3.513,9999.000,9999.000,9999.000,9999.000,9999.000,9999.000,9999.000,9999.000
202606081800,   3.699,9999.000,   0.500,   0.046,   4.245,   0.400,   4.145,   0.700,   4.445
202606081806,   3.887,9999.000,9999.000,9999.000,9999.000,9999.000,9999.000,9999.000,9999.000
202606081812,   4.074,9999.000,9999.000,9999.000,9999.000,9999.000,9999.000,9999.000,9999.000
202606081818,   4.262,9999.000,9999.000,9999.000,9999.000,9999.000,9999.000,9999.000,9999.000
202606081824,   4.450,9999.000,9999.000,9999.000,9999.000,9999.000,9999.000,9999.000,9999.000
202606081830,   4.637,9999.000,9999.000,9999.000,9999.000,9999.000,9999.000,9999.000,9999.000
202606081836,   4.824,9999.000,9999.000,9999.000,9999.000,9999.000,9999.000,9999.000,9999.000
202606081842,   5.010,9999.000,9999.000,9999.000,9999.000,9999.000,9999.000,9999.000,9999.000
202606081848,   5.196,9999.000,9999.000,9999.000,9999.000,9999.000,9999.000,9999.000,9999.000
202606081854,   5.381,9999.000,9999.000,9999.000,9999.000,9999.000,9999.000,9999.000,9999.000
202606081900,   5.565,9999.000,   0.600,   0.046,   6.211,   0.400,   6.011,   0.700,   6.311
202606081906,   5.748,9999.000,9999.000,9999.000,9999.000,9999.000,9999.000,9999.000,9999.000
202606081912,   5.930,9999.000,9999.000,9999.000,9999.000,9999.000,9999.000,9999.000,9999.000
202606081918,   6.110,9999.000,9999.000,9999.000,9999.000,9999.000,9999.000,9999.000,9999.000
202606081924,   6.290,9999.000,9999.000,9999.000,9999.000,9999.000,9999.000,9999.000,9999.000
202606081930,   6.468,9999.000,9999.000,9999.000,9999.000,9999.000,9999.000,9999.000,9999.000
202606081936,   6.645,9999.000,9999.000,9999.000,9999.000,9999.000,9999.000,9999.000,9999.000
202606081942,   6.819,9999.000,9999.000,9999.000,9999.000,9999.000,9999.000,9999.000,9999.000
202606081948,   6.992,9999.000,9999.000,9999.000,9999.000,9999.000,9999.000,9999.000,9999.000
202606081954,   7.162,9999.000,9999.000,9999.000,9999.000,9999.000,9999.000,9999.000,9999.000
202606082000,   7.329,9999.000,   0.600,   0.046,   7.975,   0.400,   7.775,   0.800,   8.175
202606082006,   7.492,9999.000,9999.000,9999.000,9999.000,9999.000,9999.000,9999.000,9999.000
202606082012,   7.652,9999.000,9999.000,9999.000,9999.000,9999.000,9999.000,9999.000,9999.000
202606082018,   7.807,9999.000,9999.000,9999.000,9999.000,9999.000,9999.000,9999.000,9999.000
202606082024,   7.957,9999.000,9999.000,9999.000,9999.000,9999.000,9999.000,9999.000,9999.000
202606082030,   8.102,9999.000,9999.000,9999.000,9999.000,9999.000,9999.000,9999.000,9999.000
202606082036,   8.240,9999.000,9999.000,9999.000,9999.000,9999.000,9999.000,9999.000,9999.000
202606082042,   8.372,9999.000,9999.000,9999.000,9999.000,9999.000,9999.000,9999.000,9999.000
202606082048,   8.497,9999.000,9999.000,9999.000,9999.000,9999.000,9999.000,9999.000,9999.000
202606082054,   8.613,9999.000,9999.000,9999.000,9999.000,9999.000,9999.000,9999.000,9999.000
202606082100,   8.722,9999.000,   0.700,   0.046,   9.468,   0.400,   9.168,   0.900,   9.668
202606082106,   8.821,9999.000,9999.000,9999.000,9999.000,9999.000,9999.000,9999.000,9999.000
202606082112,   8.911,9999.000,9999.000,9999.000,9999.000,9999.000,9999.000,9999.000,9999.000
202606082118,   8.991,9999.000,9999.000,9999.000,9999.000,9999.000,9999.000,9999.000,9999.000
202606082124,   9.062,9999.000,9999.000,9999.000,9999.000,9999.000,9999.000,9999.000,9999.000
202606082130,   9.122,9999.000,9999.000,9999.000,9999.000,9999.000,9999.000,9999.000,9999.000
202606082136,   9.171,9999.000,9999.000,9999.000,9999.000,9999.000,9999.000,9999.000,9999.000
202606082142,   9.209,9999.000,9999.000,9999.000,9999.000,9999.000,9999.000,9999.000,9999.000
202606082148,   9.237,9999.000,9999.000,9999.000,9999.000,9999.000,9999.000,9999.000,9999.000
202606082154,   9.253,9999.000,9999.000,9999.000,9999.000,9999.000,9999.000,9999.000,9999.000
202606082200,   9.259,9999.000,   0.700,   0.046,  10.005,   0.400,   9.705,   1.000,  10.305
202606082206,   9.253,9999.000,9999.000,9999.000,9999.000,9999.000,9999.000,9999.000,9999.000
202606082212,   9.237,9999.000,9999.000,9999.000,9999.000,9999.000,9999.000,9999.000,9999.000
202606082218,   9.209,9999.000,9999.000,9999.000,9999.000,9999.000,9999.000,9999.000,9999.000
202606082224,   9.171,9999.000,9999.000,9999.000,9999.000,9999.000,9999.000,9999.000,9999.000
202606082230,   9.123,9999.000,9999.000,9999.000,9999.000,9999.000,9999.000,9999.000,9999.000
202606082236,   9.065,9999.000,9999.000,9999.000,9999.000,9999.000,9999.000,9999.000,9999.000
202606082242,   8.996,9999.000,9999.000,9999.000,9999.000,9999.000,9999.000,9999.000,9999.000
202606082248,   8.918,9999.000,9999.000,9999.000,9999.000,9999.000,9999.000,9999.000,9999.000
202606082254,   8.831,9999.000,9999.000,9999.000,9999.000,9999.000,9999.000,9999.000,9999.000
202606082300,   8.735,9999.000,   0.700,   0.046,   9.481,   0.400,   9.181,   1.000,   9.781
202606082306,   8.631,9999.000,9999.000,9999.000,9999.000,9999.000,9999.000,9999.000,9999.000
202606082312,   8.518,9999.000,9999.000,9999.000,9999.000,9999.000,9999.000,9999.000,9999.000
202606082318,   8.397,9999.000,9999.000,9999.000,9999.000,9999.000,9999.000,9999.000,9999.000
202606082324,   8.269,9999.000,9999.000,9999.000,9999.000,9999.000,9999.000,9999.000,9999.000
202606082330,   8.134,9999.000,9999.000,9999.000,9999.000,9999.000,9999.000,9999.000,9999.000
202606082336,   7.993,9999.000,9999.000,9999.000,9999.000,9999.000,9999.000,9999.000,9999.000
202606082342,   7.846,9999.000,9999.000,9999.000,9999.000,9999.000,9999.000,9999.000,9999.000
202606082348,   7.693,9999.000,9999.000,9999.000,9999.000,9999.000,9999.000,9999.000,9999.000
202606082354,   7.535,9999.000,9999.000,9999.000,9999.000,9999.000,9999.000,9999.000,9999.000
202606090000,   7.372,9999.000,   0.700,   0.046,   8.118,   0.400,   7.818,   1.000,   8.418
202606090006,   7.205,9999.000,9999.000,9999.000,9999.000,9999.000,9999.000,9999.000,9999.000
202606090012,   7.034,9999.000,9999.000,9999.000,9999.000,9999.000,9999.000,9999.000,9999.000
202606090018,   6.860,9999.000,9999.000,9999.000,9999.000,9999.000,9999.000,9999.000,9999.000
202606090024,   6.683,9999.000,9999.000,9999.000,9999.000,9999.000,9999.000,9999.000,9999.000
202606090030,   6.504,9999.000,9999.000,9999.000,9999.000,9999.000,9999.000,9999.000,9999.000
202606090036,   6.323,9999.000,9999.000,9999.000,9999.000,9999.000,9999.000,9999.000,9999.000
202606090042,   6.140,9999.000,9999.000,9999.000,9999.000,9999.000,9999.000,9999.000,9999.000
202606090048,   5.957,9999.000,9999.000,9999.000,9999.000,9999.000,9999.000,9999.000,9999.000
202606090054,   5.772,9999.000,9999.000,9999.000,9999.000,9999.000,9999.000,9999.000,9999.000
202606090100,   5.587,9999.000,   0.700,   0.046,   6.333,   0.400,   6.033,   1.000,   6.633
202606090106,   5.403,9999.000,9999.000,9999.000,9999.000,9999.000,9999.000,9999.000,9999.000
202606090112,   5.218,9999.000,9999.000,9999.000,9999.000,9999.000,9999.000,9999.000,9999.000
202606090118,   5.035,9999.000,9999.000,9999.000,9999.000,9999.000,9999.000,9999.000,9999.000
202606090124,   4.852,9999.000,9999.000,9999.000,9999.000,9999.000,9999.000,9999.000,9999.000
202606090130,   4.670,9999.000,9999.000,9999.000,9999.000,9999.000,9999.000,9999.000,9999.000
202606090136,   4.490,9999.000,9999.000,9999.000,9999.000,9999.000,9999.000,9999.000,9999.000
202606090142,   4.312,9999.000,9999.000,9999.000,9999.000,9999.000,9999.000,9999.000,9999.000
202606090148,   4.136,9999.000,9999.000,9999.000,9999.000,9999.000,9999.000,9999.000,9999.000
202606090154,   3.962,9999.000,9999.000,9999.000,9999.000,9999.000,9999.000,9999.000,9999.000
202606090200,   3.790,9999.000,   0.600,   0.046,   4.436,   0.400,   4.236,   0.800,   4.636
202606090206,   3.621,9999.000,9999.000,9999.000,9999.000,9999.000,9999.000,9999.000,9999.000
202606090212,   3.455,9999.000,9999.000,9999.000,9999.000,9999.000,9999.000,9999.000,9999.000
202606090218,   3.293,9999.000,9999.000,9999.000,9999.000,9999.000,9999.000,9999.000,9999.000
202606090224,   3.134,9999.000,9999.000,9999.000,9999.000,9999.000,9999.000,9999.000,9999.000
202606090230,   2.980,9999.000,9999.000,9999.000,9999.000,9999.000,9999.000,9999.000,9999.000
202606090236,   2.829,9999.000,9999.000,9999.000,9999.000,9999.000,9999.000,9999.000,9999.000
202606090242,   2.684,9999.000,9999.000,9999.000,9999.000,9999.000,9999.000,9999.000,9999.000
202606090248,   2.544,9999.000,9999.000,9999.000,9999.000,9999.000,9999.000,9999.000,9999.000
202606090254,   2.410,9999.000,9999.000,9999.000,9999.000,9999.000,9999.000,9999.000,9999.000
202606090300,   2.282,9999.000,   0.500,   0.046,   2.828,   0.300,   2.628,   0.800,   3.128
202606090306,   2.162,9999.000,9999.000,9999.000,9999.000,9999.000,9999.000,9999.000,9999.000
202606090312,   2.048,9999.000,9999.000,9999.000,9999.000,9999.000,9999.000,9999.000,9999.000
202606090318,   1.943,9999.000,9999.000,9999.000,9999.000,9999.000,9999.000,9999.000,9999.000
202606090324,   1.847,9999.000,9999.000,9999.000,9999.000,9999.000,9999.000,9999.000,9999.000
202606090330,   1.760,9999.000,9999.000,9999.000,9999.000,9999.000,9999.000,9999.000,9999.000
202606090336,   1.684,9999.000,9999.000,9999.000,9999.000,9999.000,9999.000,9999.000,9999.000
202606090342,   1.617,9999.000,9999.000,9999.000,9999.000,9999.000,9999.000,9999.000,9999.000
202606090348,   1.562,9999.000,9999.000,9999.000,9999.000,9999.000,9999.000,9999.000,9999.000
202606090354,   1.519,9999.000,9999.000,9999.000,9999.000,9999.000,9999.000,9999.000,9999.000
202606090400,   1.488,9999.000,   0.500,   0.046,   2.034,   0.300,   1.834,   0.700,   2.234
202606090406,   1.469,9999.000,9999.000,9999.000,9999.000,9999.000,9999.000,9999.000,9999.000
202606090412,   1.463,9999.000,9999.000,9999.000,9999.000,9999.000,9999.000,9999.000,9999.000
202606090418,   1.470,9999.000,9999.000,9999.000,9999.000,9999.000,9999.000,9999.000,9999.000
202606090424,   1.490,9999.000,9999.000,9999.000,9999.000,9999.000,9999.000,9999.000,9999.000
202606090430,   1.523,9999.000,9999.000,9999.000,9999.000,9999.000,9999.000,9999.000,9999.000
202606090436,   1.569,9999.000,9999.000,9999.000,9999.000,9999.000,9999.000,9999.000,9999.000
202606090442,   1.628,9999.000,9999.000,9999.000,9999.000,9999.000,9999.000,9999.000,9999.000
202606090448,   1.699,9999.000,9999.000,9999.000,9999.000,9999.000,9999.000,9999.000,9999.000
202606090454,   1.782,9999.000,9999.000,9999.000,9999.000,9999.000,9999.000,9999.000,9999.000
202606090500,   1.877,9999.000,   0.400,   0.046,   2.323,   0.200,   2.123,   0.600,   2.523
202606090506,   1.983,9999.000,9999.000,9999.000,9999.000,9999.000,9999.000,9999.000,9999.000
202606090512,   2.099,9999.000,9999.000,9999.000,9999.000,9999.000,9999.000,9999.000,9999.000
202606090518,   2.224,9999.000,9999.000,9999.000,9999.000,9999.000,9999.000,9999.000,9999.000
202606090524,   2.359,9999.000,9999.000,9999.000,9999.000,9999.000,9999.000,9999.000,9999.000
202606090530,   2.501,9999.000,9999.000,9999.000,9999.000,9999.000,9999.000,9999.000,9999.000
202606090536,   2.651,9999.000,9999.000,9999.000,9999.000,9999.000,9999.000,9999.000,9999.000
202606090542,   2.806,9999.000,9999.000,9999.000,9999.000,9999.000,9999.000,9999.000,9999.000
202606090548,   2.968,9999.000,9999.000,9999.000,9999.000,9999.000,9999.000,9999.000,9999.000
202606090554,   3.133,9999.000,9999.000,9999.000,9999.000,9999.000,9999.000,9999.000,9999.000
202606090600,   3.303,9999.000,   0.400,   0.046,   3.749,   0.100,   3.449,   0.600,   3.949
202606090606,   3.476,9999.000,9999.000,9999.000,9999.000,9999.000,9999.000,9999.000,9999.000
202606090612,   3.652,9999.000,9999.000,9999.000,9999.000,9999.000,9999.000,9999.000,9999.000
202606090618,   3.829,9999.000,9999.000,9999.000,9999.000,9999.000,9999.000,9999.000,9999.000
202606090624,   4.007,9999.000,9999.000,9999.000,9999.000,9999.000,9999.000,9999.000,9999.000
202606090630,   4.187,9999.000,9999.000,9999.000,9999.000,9999.000,9999.000,9999.000,9999.000
202606090636,   4.367,9999.000,9999.000,9999.000,9999.000,9999.000,9999.000,9999.000,9999.000
202606090642,   4.547,9999.000,9999.000,9999.000,9999.000,9999.000,9999.000,9999.000,9999.000
202606090648,   4.726,9999.000,9999.000,9999.000,9999.000,9999.000,9999.000,9999.000,9999.000
202606090654,   4.905,9999.000,9999.000,9999.000,9999.000,9999.000,9999.000,9999.000,9999.000
202606090700,   5.084,9999.000,   0.300,   0.046,   5.430,   0.100,   5.230,   0.600,   5.730
202606090706,   5.262,9999.000,9999.000,9999.000,9999.000,9999.000,9999.000,9999.000,9999.000
202606090712,   5.439,9999.000,9999.000,9999.000,9999.000,9999.000,9999.000,9999.000,9999.000
202606090718,   5.616,9999.000,9999.000,9999.000,9999.000,9999.000,9999.000,9999.000,9999.000
202606090724,   5.791,9999.000,9999.000,9999.000,9999.000,9999.000,9999.000,9999.000,9999.000
202606090730,   5.965,9999.000,9999.000,9999.000,9999.000,9999.000,9999.000,9999.000,9999.000
202606090736,   6.139,9999.000,9999.000,9999.000,9999.000,9999.000,9999.000,9999.000,9999.000
202606090742,   6.311,9999.000,9999.000,9999.000,9999.000,9999.000,9999.000,9999.000,9999.000
202606090748,   6.481,9999.000,9999.000,9999.000,9999.000,9999.000,9999.000,9999.000,9999.000
202606090754,   6.651,9999.000,9999.000,9999.000,9999.000,9999.000,9999.000,9999.000,9999.000
202606090800,   6.819,9999.000,   0.400,   0.046,   7.265,   0.100,   6.965,   0.600,   7.465
202606090806,   6.984,9999.000,9999.000,9999.000,9999.000,9999.000,9999.000,9999.000,9999.000
202606090812,   7.148,9999.000,9999.000,9999.000,9999.000,9999.000,9999.000,9999.000,9999.000
202606090818,   7.309,9999.000,9999.000,9999.000,9999.000,9999.000,9999.000,9999.000,9999.000
202606090824,   7.467,9999.000,9999.000,9999.000,9999.000,9999.000,9999.000,9999.000,9999.000
202606090830,   7.621,9999.000,9999.000,9999.000,9999.000,9999.000,9999.000,9999.000,9999.000
202606090836,   7.772,9999.000,9999.000,9999.000,9999.000,9999.000,9999.000,9999.000,9999.000
202606090842,   7.918,9999.000,9999.000,9999.000,9999.000,9999.000,9999.000,9999.000,9999.000
202606090848,   8.059,9999.000,9999.000,9999.000,9999.000,9999.000,9999.000,9999.000,9999.000
202606090854,   8.194,9999.000,9999.000,9999.000,9999.000,9999.000,9999.000,9999.000,9999.000
202606090900,   8.323,9999.000,   0.400,   0.046,   8.769,   0.100,   8.469,   0.700,   9.069
202606090906,   8.446,9999.000,9999.000,9999.000,9999.000,9999.000,9999.000,9999.000,9999.000
202606090912,   8.561,9999.000,9999.000,9999.000,9999.000,9999.000,9999.000,9999.000,9999.000
202606090918,   8.667,9999.000,9999.000,9999.000,9999.000,9999.000,9999.000,9999.000,9999.000
202606090924,   8.766,9999.000,9999.000,9999.000,9999.000,9999.000,9999.000,9999.000,9999.000
202606090930,   8.855,9999.000,9999.000,9999.000,9999.000,9999.000,9999.000,9999.000,9999.000
202606090936,   8.935,9999.000,9999.000,9999.000,9999.000,9999.000,9999.000,9999.000,9999.000
202606090942,   9.005,9999.000,9999.000,9999.000,9999.000,9999.000,9999.000,9999.000,9999.000
202606090948,   9.065,9999.000,9999.000,9999.000,9999.000,9999.000,9999.000,9999.000,9999.000
202606090954,   9.114,9999.000,9999.000,9999.000,9999.000,9999.000,9999.000,9999.000,9999.000
202606091000,   9.152,9999.000,   0.500,   0.046,   9.698,   0.200,   9.398,   0.700,   9.898
202606091006,   9.179,9999.000,9999.000,9999.000,9999.000,9999.000,9999.000,9999.000,9999.000
202606091012,   9.195,9999.000,9999.000,9999.000,9999.000,9999.000,9999.000,9999.000,9999.000
202606091018,   9.200,9999.000,9999.000,9999.000,9999.000,9999.000,9999.000,9999.000,9999.000
202606091024,   9.193,9999.000,9999.000,9999.000,9999.000,9999.000,9999.000,9999.000,9999.000
202606091030,   9.176,9999.000,9999.000,9999.000,9999.000,9999.000,9999.000,9999.000,9999.000
202606091036,   9.147,9999.000,9999.000,9999.000,9999.000,9999.000,9999.000,9999.000,9999.000
202606091042,   9.108,9999.000,9999.000,9999.000,9999.000,9999.000,9999.000,9999.000,9999.000
202606091048,   9.057,9999.000,9999.000,9999.000,9999.000,9999.000,9999.000,9999.000,9999.000
202606091054,   8.996,9999.000,9999.000,9999.000,9999.000,9999.000,9999.000,9999.000,9999.000
202606091100,   8.925,9999.000,   0.500,   0.046,   9.471,   0.200,   9.171,   0.800,   9.771
202606091106,   8.844,9999.000,9999.000,9999.000,9999.000,9999.000,9999.000,9999.000,9999.000
202606091112,   8.754,9999.000,9999.000,9999.000,9999.000,9999.000,9999.000,9999.000,9999.000
202606091118,   8.654,9999.000,9999.000,9999.000,9999.000,9999.000,9999.000,9999.000,9999.000
202606091124,   8.545,9999.000,9999.000,9999.000,9999.000,9999.000,9999.000,9999.000,9999.000
202606091130,   8.428,9999.000,9999.000,9999.000,9999.000,9999.000,9999.000,9999.000,9999.000
202606091136,   8.303,9999.000,9999.000,9999.000,9999.000,9999.000,9999.000,9999.000,9999.000
202606091142,   8.170,9999.000,9999.000,9999.000,9999.000,9999.000,9999.000,9999.000,9999.000
202606091148,   8.030,9999.000,9999.000,9999.000,9999.000,9999.000,9999.000,9999.000,9999.000
202606091154,   7.883,9999.000,9999.000,9999.000,9999.000,9999.000,9999.000,9999.000,9999.000
202606091200,   7.730,9999.000,   0.500,   0.046,   8.276,   0.200,   7.976,   0.800,   8.576
202606091206,   7.571,9999.000,9999.000,9999.000,9999.000,9999.000,9999.000,9999.000,9999.000
202606091212,   7.407,9999.000,9999.000,9999.000,9999.000,9999.000,9999.000,9999.000,9999.000
202606091218,   7.238,9999.000,9999.000,9999.000,9999.000,9999.000,9999.000,9999.000,9999.000
202606091224,   7.064,9999.000,9999.000,9999.000,9999.000,9999.000,9999.000,9999.000,9999.000
202606091230,   6.886,9999.000,9999.000,9999.000,9999.000,9999.000,9999.000,9999.000,9999.000
202606091236,   6.705,9999.000,9999.000,9999.000,9999.000,9999.000,9999.000,9999.000,9999.000
202606091242,   6.521,9999.000,9999.000,9999.000,9999.000,9999.000,9999.000,9999.000,9999.000
202606091248,   6.334,9999.000,9999.000,9999.000,9999.000,9999.000,9999.000,9999.000,9999.000
202606091254,   6.145,9999.000,9999.000,9999.000,9999.000,9999.000,9999.000,9999.000,9999.000
202606091300,   5.955,9999.000,   0.500,   0.046,   6.501,   0.200,   6.201,   0.800,   6.801
202606091306,   5.763,9999.000,9999.000,9999.000,9999.000,9999.000,9999.000,9999.000,9999.000
202606091312,   5.570,9999.000,9999.000,9999.000,9999.000,9999.000,9999.000,9999.000,9999.000
202606091318,   5.377,9999.000,9999.000,9999.000,9999.000,9999.000,9999.000,9999.000,9999.000
202606091324,   5.183,9999.000,9999.000,9999.000,9999.000,9999.000,9999.000,9999.000,9999.000
202606091330,   4.990,9999.000,9999.000,9999.000,9999.000,9999.000,9999.000,9999.000,9999.000
202606091336,   4.798,9999.000,9999.000,9999.000,9999.000,9999.000,9999.000,9999.000,9999.000
202606091342,   4.606,9999.000,9999.000,9999.000,9999.000,9999.000,9999.000,9999.000,9999.000
202606091348,   4.416,9999.000,9999.000,9999.000,9999.000,9999.000,9999.000,9999.000,9999.000
202606091354,   4.227,9999.000,9999.000,9999.000,9999.000,9999.000,9999.000,9999.000,9999.000
202606091400,   4.040,9999.000,   0.500,   0.046,   4.586,   0.200,   4.286,   0.800,   4.886
202606091406,   3.855,9999.000,9999.000,9999.000,9999.000,9999.000,9999.000,9999.000,9999.000
202606091412,   3.672,9999.000,9999.000,9999.000,9999.000,9999.000,9999.000,9999.000,9999.000
202606091418,   3.492,9999.000,9999.000,9999.000,9999.000,9999.000,9999.000,9999.000,9999.000
202606091424,   3.314,9999.000,9999.000,9999.000,9999.000,9999.000,9999.000,9999.000,9999.000
202606091430,   3.140,9999.000,9999.000,9999.000,9999.000,9999.000,9999.000,9999.000,9999.000
202606091436,   2.969,9999.000,9999.000,9999.000,9999.000,9999.000,9999.000,9999.000,9999.000
202606091442,   2.802,9999.000,9999.000,9999.000,9999.000,9999.000,9999.000,9999.000,9999.000
202606091448,   2.638,9999.000,9999.000,9999.000,9999.000,9999.000,9999.000,9999.000,9999.000
202606091454,   2.480,9999.000,9999.000,9999.000,9999.000,9999.000,9999.000,9999.000,9999.000
202606091500,   2.326,9999.000,   0.400,   0.046,   2.772,   0.100,   2.472,   0.800,   3.172
202606091506,   2.177,9999.000,9999.000,9999.000,9999.000,9999.000,9999.000,9999.000,9999.000
202606091512,   2.035,9999.000,9999.000,9999.000,9999.000,9999.000,9999.000,9999.000,9999.000
202606091518,   1.898,9999.000,9999.000,9999.000,9999.000,9999.000,9999.000,9999.000,9999.000
202606091524,   1.769,9999.000,9999.000,9999.000,9999.000,9999.000,9999.000,9999.000,9999.000
202606091530,   1.647,9999.000,9999.000,9999.000,9999.000,9999.000,9999.000,9999.000,9999.000
202606091536,   1.533,9999.000,9999.000,9999.000,9999.000,9999.000,9999.000,9999.000,9999.000
202606091542,   1.428,9999.000,9999.000,9999.000,9999.000,9999.000,9999.000,9999.000,9999.000
202606091548,   1.332,9999.000,9999.000,9999.000,9999.000,9999.000,9999.000,9999.000,9999.000
202606091554,   1.246,9999.000,9999.000,9999.000,9999.000,9999.000,9999.000,9999.000,9999.000
202606091600,   1.171,9999.000,   0.400,   0.046,   1.617,   0.100,   1.317,   0.700,   1.917
202606091606,   1.107,9999.000,9999.000,9999.000,9999.000,9999.000,9999.000,9999.000,9999.000
202606091612,   1.054,9999.000,9999.000,9999.000,9999.000,9999.000,9999.000,9999.000,9999.000
202606091618,   1.014,9999.000,9999.000,9999.000,9999.000,9999.000,9999.000,9999.000,9999.000
202606091624,   0.987,9999.000,9999.000,9999.000,9999.000,9999.000,9999.000,9999.000,9999.000
202606091630,   0.973,9999.000,9999.000,9999.000,9999.000,9999.000,9999.000,9999.000,9999.000
202606091636,   0.972,9999.000,9999.000,9999.000,9999.000,9999.000,9999.000,9999.000,9999.000
202606091642,   0.984,9999.000,9999.000,9999.000,9999.000,9999.000,9999.000,9999.000,9999.000
202606091648,   1.011,9999.000,9999.000,9999.000,9999.000,9999.000,9999.000,9999.000,9999.000
202606091654,   1.050,9999.000,9999.000,9999.000,9999.000,9999.000,9999.000,9999.000,9999.000
202606091700,   1.104,9999.000,   0.400,   0.046,   1.550,   0.100,   1.250,   0.700,   1.850
202606091706,   1.171,9999.000,9999.000,9999.000,9999.000,9999.000,9999.000,9999.000,9999.000
202606091712,   1.251,9999.000,9999.000,9999.000,9999.000,9999.000,9999.000,9999.000,9999.000
202606091718,   1.343,9999.000,9999.000,9999.000,9999.000,9999.000,9999.000,9999.000,9999.000
202606091724,   1.448,9999.000,9999.000,9999.000,9999.000,9999.000,9999.000,9999.000,9999.000
202606091730,   1.564,9999.000,9999.000,9999.000,9999.000,9999.000,9999.000,9999.000,9999.000
202606091736,   1.691,9999.000,9999.000,9999.000,9999.000,9999.000,9999.000,9999.000,9999.000
202606091742,   1.828,9999.000,9999.000,9999.000,9999.000,9999.000,9999.000,9999.000,9999.000
202606091748,   1.975,9999.000,9999.000,9999.000,9999.000,9999.000,9999.000,9999.000,9999.000
202606091754,   2.130,9999.000,9999.000,9999.000,9999.000,9999.000,9999.000,9999.000,9999.000
202606091800,   2.293,9999.000,   0.400,   0.046,   2.739,   0.100,   2.439,   0.700,   3.039
202606091806,   2.462,9999.000,9999.000,9999.000,9999.000,9999.000,9999.000,9999.000,9999.000
202606091812,   2.638,9999.000,9999.000,9999.000,9999.000,9999.000,9999.000,9999.000,9999.000
202606091818,   2.818,9999.000,9999.000,9999.000,9999.000,9999.000,9999.000,9999.000,9999.000
202606091824,   3.003,9999.000,9999.000,9999.000,9999.000,9999.000,9999.000,9999.000,9999.000
202606091830,   3.191,9999.000,9999.000,9999.000,9999.000,9999.000,9999.000,9999.000,9999.000
202606091836,   3.383,9999.000,9999.000,9999.000,9999.000,9999.000,9999.000,9999.000,9999.000
202606091842,   3.576,9999.000,9999.000,9999.000,9999.000,9999.000,9999.000,9999.000,9999.000
202606091848,   3.772,9999.000,9999.000,9999.000,9999.000,9999.000,9999.000,9999.000,9999.000
202606091854,   3.968,9999.000,9999.000,9999.000,9999.000,9999.000,9999.000,9999.000,9999.000
202606091900,   4.165,9999.000,   0.400,   0.046,   4.611,   0.100,   4.311,   0.700,   4.911
202606091906,   4.362,9999.000,9999.000,9999.000,9999.000,9999.000,9999.000,9999.000,9999.000
202606091912,   4.560,9999.000,9999.000,9999.000,9999.000,9999.000,9999.000,9999.000,9999.000
202606091918,   4.757,9999.000,9999.000,9999.000,9999.000,9999.000,9999.000,9999.000,9999.000
202606091924,   4.954,9999.000,9999.000,9999.000,9999.000,9999.000,9999.000,9999.000,9999.000
202606091930,   5.151,9999.000,9999.000,9999.000,9999.000,9999.000,9999.000,9999.000,9999.000
202606091936,   5.347,9999.000,9999.000,9999.000,9999.000,9999.000,9999.000,9999.000,9999.000
202606091942,   5.542,9999.000,9999.000,9999.000,9999.000,9999.000,9999.000,9999.000,9999.000
202606091948,   5.736,9999.000,9999.000,9999.000,9999.000,9999.000,9999.000,9999.000,9999.000
202606091954,   5.930,9999.000,9999.000,9999.000,9999.000,9999.000,9999.000,9999.000,9999.000
202606092000,   6.122,9999.000,   0.400,   0.046,   6.568,   0.100,   6.268,   0.700,   6.868
202606092006,   6.314,9999.000,9999.000,9999.000,9999.000,9999.000,9999.000,9999.000,9999.000
202606092012,   6.504,9999.000,9999.000,9999.000,9999.000,9999.000,9999.000,9999.000,9999.000
202606092018,   6.693,9999.000,9999.000,9999.000,9999.000,9999.000,9999.000,9999.000,9999.000
202606092024,   6.880,9999.000,9999.000,9999.000,9999.000,9999.000,9999.000,9999.000,9999.000
202606092030,   7.066,9999.000,9999.000,9999.000,9999.000,9999.000,9999.000,9999.000,9999.000
202606092036,   7.249,9999.000,9999.000,9999.000,9999.000,9999.000,9999.000,9999.000,9999.000
202606092042,   7.429,9999.000,9999.000,9999.000,9999.000,9999.000,9999.000,9999.000,9999.000
202606092048,   7.607,9999.000,9999.000,9999.000,9999.000,9999.000,9999.000,9999.000,9999.000
202606092054,   7.781,9999.000,9999.000,9999.000,9999.000,9999.000,9999.000,9999.000,9999.000
202606092100,   7.951,9999.000,   0.400,   0.046,   8.397,   0.100,   8.097,   0.700,   8.697
202606092106,   8.116,9999.000,9999.000,9999.000,9999.000,9999.000,9999.000,9999.000,9999.000
202606092112,   8.276,9999.000,9999.000,9999.000,9999.000,9999.000,9999.000,9999.000,9999.000
202606092118,   8.430,9999.000,9999.000,9999.000,9999.000,9999.000,9999.000,9999.000,9999.000
202606092124,   8.578,9999.000,9999.000,9999.000,9999.000,9999.000,9999.000,9999.000,9999.000
202606092130,   8.718,9999.000,9999.000,9999.000,9999.000,9999.000,9999.000,9999.000,9999.000
202606092136,   8.851,9999.000,9999.000,9999.000,9999.000,9999.000,9999.000,9999.000,9999.000
202606092142,   8.976,9999.000,9999.000,9999.000,9999.000,9999.000,9999.000,9999.000,9999.000
202606092148,   9.091,9999.000,9999.000,9999.000,9999.000,9999.000,9999.000,9999.000,9999.000
202606092154,   9.198,9999.000,9999.000,9999.000,9999.000,9999.000,9999.000,9999.000,9999.000
202606092200,   9.294,9999.000,   0.500,   0.046,   9.840,   0.100,   9.440,   0.800,  10.140
202606092206,   9.380,9999.000,9999.000,9999.000,9999.000,9999.000,9999.000,9999.000,9999.000
202606092212,   9.455,9999.000,9999.000,9999.000,9999.000,9999.000,9999.000,9999.000,9999.000
202606092218,   9.519,9999.000,9999.000,9999.000,9999.000,9999.000,9999.000,9999.000,9999.000
202606092224,   9.572,9999.000,9999.000,9999.000,9999.000,9999.000,9999.000,9999.000,9999.000
202606092230,   9.614,9999.000,9999.000,9999.000,9999.000,9999.000,9999.000,9999.000,9999.000
202606092236,   9.644,9999.000,9999.000,9999.000,9999.000,9999.000,9999.000,9999.000,9999.000
202606092242,   9.662,9999.000,9999.000,9999.000,9999.000,9999.000,9999.000,9999.000,9999.000
202606092248,   9.668,9999.000,9999.000,9999.000,9999.000,9999.000,9999.000,9999.000,9999.000
202606092254,   9.663,9999.000,9999.000,9999.000,9999.000,9999.000,9999.000,9999.000,9999.000
202606092300,   9.646,9999.000,   0.500,   0.046,  10.192,   0.100,   9.792,   0.800,  10.492
202606092306,   9.617,9999.000,9999.000,9999.000,9999.000,9999.000,9999.000,9999.000,9999.000
202606092312,   9.578,9999.000,9999.000,9999.000,9999.000,9999.000,9999.000,9999.000,9999.000
202606092318,   9.527,9999.000,9999.000,9999.000,9999.000,9999.000,9999.000,9999.000,9999.000
202606092324,   9.466,9999.000,9999.000,9999.000,9999.000,9999.000,9999.000,9999.000,9999.000
202606092330,   9.394,9999.000,9999.000,9999.000,9999.000,9999.000,9999.000,9999.000,9999.000
202606092336,   9.312,9999.000,9999.000,9999.000,9999.000,9999.000,9999.000,9999.000,9999.000
202606092342,   9.221,9999.000,9999.000,9999.000,9999.000,9999.000,9999.000,9999.000,9999.000
202606092348,   9.120,9999.000,9999.000,9999.000,9999.000,9999.000,9999.000,9999.000,9999.000
202606092354,   9.010,9999.000,9999.000,9999.000,9999.000,9999.000,9999.000,9999.000,9999.000
202606100000,   8.892,9999.000,   0.500,   0.046,   9.438,   0.100,   9.038,   0.700,   9.638
202606100006,   8.765,9999.000,9999.000,9999.000,9999.000,9999.000,9999.000,9999.000,9999.000
202606100012,   8.631,9999.000,9999.000,9999.000,9999.000,9999.000,9999.000,9999.000,9999.000
202606100018,   8.489,9999.000,9999.000,9999.000,9999.000,9999.000,9999.000,9999.000,9999.000
202606100024,   8.340,9999.000,9999.000,9999.000,9999.000,9999.000,9999.000,9999.000,9999.000
202606100030,   8.185,9999.000,9999.000,9999.000,9999.000,9999.000,9999.000,9999.000,9999.000
202606100036,   8.024,9999.000,9999.000,9999.000,9999.000,9999.000,9999.000,9999.000,9999.000
202606100042,   7.858,9999.000,9999.000,9999.000,9999.000,9999.000,9999.000,9999.000,9999.000
202606100048,   7.686,9999.000,9999.000,9999.000,9999.000,9999.000,9999.000,9999.000,9999.000
202606100054,   7.510,9999.000,9999.000,9999.000,9999.000,9999.000,9999.000,9999.000,9999.000
202606100100,   7.330,9999.000,   0.400,   0.046,   7.776,   0.100,   7.476,   0.700,   8.076
202606100106,   7.146,9999.000,9999.000,9999.000,9999.000,9999.000,9999.000,9999.000,9999.000
202606100112,   6.958,9999.000,9999.000,9999.000,9999.000,9999.000,9999.000,9999.000,9999.000
202606100118,   6.768,9999.000,9999.000,9999.000,9999.000,9999.000,9999.000,9999.000,9999.000
202606100124,   6.575,9999.000,9999.000,9999.000,9999.000,9999.000,9999.000,9999.000,9999.000
202606100130,   6.380,9999.000,9999.000,9999.000,9999.000,9999.000,9999.000,9999.000,9999.000
202606100136,   6.184,9999.000,9999.000,9999.000,9999.000,9999.000,9999.000,9999.000,9999.000
202606100142,   5.986,9999.000,9999.000,9999.000,9999.000,9999.000,9999.000,9999.000,9999.000
202606100148,   5.787,9999.000,9999.000,9999.000,9999.000,9999.000,9999.000,9999.000,9999.000
202606100154,   5.588,9999.000,9999.000,9999.000,9999.000,9999.000,9999.000,9999.000,9999.000
202606100200,   5.389,9999.000,   0.400,   0.046,   5.835,   0.100,   5.535,   0.700,   6.135
202606100206,   5.189,9999.000,9999.000,9999.000,9999.000,9999.000,9999.000,9999.000,9999.000
202606100212,   4.990,9999.000,9999.000,9999.000,9999.000,9999.000,9999.000,9999.000,9999.000
202606100218,   4.792,9999.000,9999.000,9999.000,9999.000,9999.000,9999.000,9999.000,9999.000
202606100224,   4.595,9999.000,9999.000,9999.000,9999.000,9999.000,9999.000,9999.000,9999.000
202606100230,   4.399,9999.000,9999.000,9999.000,9999.000,9999.000,9999.000,9999.000,9999.000
202606100236,   4.204,9999.000,9999.000,9999.000,9999.000,9999.000,9999.000,9999.000,9999.000
202606100242,   4.012,9999.000,9999.000,9999.000,9999.000,9999.000,9999.000,9999.000,9999.000
202606100248,   3.821,9999.000,9999.000,9999.000,9999.000,9999.000,9999.000,9999.000,9999.000
202606100254,   3.633,9999.000,9999.000,9999.000,9999.000,9999.000,9999.000,9999.000,9999.000
202606100300,   3.448,9999.000,   0.400,   0.046,   3.894,   0.000,   3.494,   0.600,   4.094
202606100306,   3.266,9999.000,9999.000,9999.000,9999.000,9999.000,9999.000,9999.000,9999.000
202606100312,   3.088,9999.000,9999.000,9999.000,9999.000,9999.000,9999.000,9999.000,9999.000
202606100318,   2.913,9999.000,9999.000,9999.000,9999.000,9999.000,9999.000,9999.000,9999.000
202606100324,   2.743,9999.000,9999.000,9999.000,9999.000,9999.000,9999.000,9999.000,9999.000
202606100330,   2.577,9999.000,9999.000,9999.000,9999.000,9999.000,9999.000,9999.000,9999.000
202606100336,   2.417,9999.000,9999.000,9999.000,9999.000,9999.000,9999.000,9999.000,9999.000
202606100342,   2.263,9999.000,9999.000,9999.000,9999.000,9999.000,9999.000,9999.000,9999.000
202606100348,   2.116,9999.000,9999.000,9999.000,9999.000,9999.000,9999.000,9999.000,9999.000
202606100354,   1.975,9999.000,9999.000,9999.000,9999.000,9999.000,9999.000,9999.000,9999.000
202606100400,   1.842,9999.000,   0.300,   0.046,   2.188,   0.000,   1.888,   0.600,   2.488
202606100406,   1.718,9999.000,9999.000,9999.000,9999.000,9999.000,9999.000,9999.000,9999.000
202606100412,   1.602,9999.000,9999.000,9999.000,9999.000,9999.000,9999.000,9999.000,9999.000
202606100418,   1.497,9999.000,9999.000,9999.000,9999.000,9999.000,9999.000,9999.000,9999.000
202606100424,   1.401,9999.000,9999.000,9999.000,9999.000,9999.000,9999.000,9999.000,9999.000
202606100430,   1.317,9999.000,9999.000,9999.000,9999.000,9999.000,9999.000,9999.000,9999.000
202606100436,   1.244,9999.000,9999.000,9999.000,9999.000,9999.000,9999.000,9999.000,9999.000
202606100442,   1.183,9999.000,9999.000,9999.000,9999.000,9999.000,9999.000,9999.000,9999.000
202606100448,   1.135,9999.000,9999.000,9999.000,9999.000,9999.000,9999.000,9999.000,9999.000
202606100454,   1.100,9999.000,9999.000,9999.000,9999.000,9999.000,9999.000,9999.000,9999.000
202606100500,   1.078,9999.000,   0.300,   0.046,   1.424,   0.000,   1.124,   0.600,   1.724
202606100506,   1.070,9999.000,9999.000,9999.000,9999.000,9999.000,9999.000,9999.000,9999.000
202606100512,   1.075,9999.000,9999.000,9999.000,9999.000,9999.000,9999.000,9999.000,9999.000
202606100518,   1.094,9999.000,9999.000,9999.000,9999.000,9999.000,9999.000,9999.000,9999.000
202606100524,   1.126,9999.000,9999.000,9999.000,9999.000,9999.000,9999.000,9999.000,9999.000
202606100530,   1.172,9999.000,9999.000,9999.000,9999.000,9999.000,9999.000,9999.000,9999.000
202606100536,   1.231,9999.000,9999.000,9999.000,9999.000,9999.000,9999.000,9999.000,9999.000
202606100542,   1.303,9999.000,9999.000,9999.000,9999.000,9999.000,9999.000,9999.000,9999.000
202606100548,   1.388,9999.000,9999.000,9999.000,9999.000,9999.000,9999.000,9999.000,9999.000
202606100554,   1.484,9999.000,9999.000,9999.000,9999.000,9999.000,9999.000,9999.000,9999.000
202606100600,   1.591,9999.000,   0.300,   0.046,   1.937,   0.000,   1.637,   0.500,   2.137
202606100606,   1.709,9999.000,9999.000,9999.000,9999.000,9999.000,9999.000,9999.000,9999.000
202606100612,   1.836,9999.000,9999.000,9999.000,9999.000,9999.000,9999.000,9999.000,9999.000
202606100618,   1.972,9999.000,9999.000,9999.000,9999.000,9999.000,9999.000,9999.000,9999.000
202606100624,   2.117,9999.000,9999.000,9999.000,9999.000,9999.000,9999.000,9999.000,9999.000
202606100630,   2.268,9999.000,9999.000,9999.000,9999.000,9999.000,9999.000,9999.000,9999.000
202606100636,   2.427,9999.000,9999.000,9999.000,9999.000,9999.000,9999.000,9999.000,9999.000
202606100642,   2.590,9999.000,9999.000,9999.000,9999.000,9999.000,9999.000,9999.000,9999.000
202606100648,   2.759,9999.000,9999.000,9999.000,9999.000,9999.000,9999.000,9999.000,9999.000
202606100654,   2.931,9999.000,9999.000,9999.000,9999.000,9999.000,9999.000,9999.000,9999.000
202606100700,   3.108,9999.000,   0.300,   0.046,   3.454,   0.000,   3.154,   0.500,   3.654
202606100706,   3.286,9999.000,9999.000,9999.000,9999.000,9999.000,9999.000,9999.000,9999.000
202606100712,   3.468,9999.000,9999.000,9999.000,9999.000,9999.000,9999.000,9999.000,9999.000
202606100718,   3.651,9999.000,9999.000,9999.000,9999.000,9999.000,9999.000,9999.000,9999.000
202606100724,   3.835,9999.000,9999.000,9999.000,9999.000,9999.000,9999.000,9999.000,9999.000
202606100730,   4.020,9999.000,9999.000,9999.000,9999.000,9999.000,9999.000,9999.000,9999.000
202606100736,   4.206,9999.000,9999.000,9999.000,9999.000,9999.000,9999.000,9999.000,9999.000
202606100742,   4.392,9999.000,9999.000,9999.000,9999.000,9999.000,9999.000,9999.000,9999.000
202606100748,   4.579,9999.000,9999.000,9999.000,9999.000,9999.000,9999.000,9999.000,9999.000
202606100754,   4.766,9999.000,9999.000,9999.000,9999.000,9999.000,9999.000,9999.000,9999.000
202606100800,   4.952,9999.000,   0.300,   0.046,   5.298,   0.000,   4.998,   0.600,   5.598
202606100806,   5.139,9999.000,9999.000,9999.000,9999.000,9999.000,9999.000,9999.000,9999.000
202606100812,   5.325,9999.000,9999.000,9999.000,9999.000,9999.000,9999.000,9999.000,9999.000
202606100818,   5.511,9999.000,9999.000,9999.000,9999.000,9999.000,9999.000,9999.000,9999.000
202606100824,   5.697,9999.000,9999.000,9999.000,9999.000,9999.000,9999.000,9999.000,9999.000
202606100830,   5.882,9999.000,9999.000,9999.000,9999.000,9999.000,9999.000,9999.000,9999.000
202606100836,   6.066,9999.000,9999.000,9999.000,9999.000,9999.000,9999.000,9999.000,9999.000
202606100842,   6.250,9999.000,9999.000,9999.000,9999.000,9999.000,9999.000,9999.000,9999.000
202606100848,   6.432,9999.000,9999.000,9999.000,9999.000,9999.000,9999.000,9999.000,9999.000
202606100854,   6.613,9999.000,9999.000,9999.000,9999.000,9999.000,9999.000,9999.000,9999.000
202606100900,   6.792,9999.000,   0.300,   0.046,   7.138,   0.100,   6.938,   0.600,   7.438
202606100906,   6.969,9999.000,9999.000,9999.000,9999.000,9999.000,9999.000,9999.000,9999.000
202606100912,   7.143,9999.000,9999.000,9999.000,9999.000,9999.000,9999.000,9999.000,9999.000
202606100918,   7.314,9999.000,9999.000,9999.000,9999.000,9999.000,9999.000,9999.000,9999.000
202606100924,   7.481,9999.000,9999.000,9999.000,9999.000,9999.000,9999.000,9999.000,9999.000
202606100930,   7.644,9999.000,9999.000,9999.000,9999.000,9999.000,9999.000,9999.000,9999.000
202606100936,   7.802,9999.000,9999.000,9999.000,9999.000,9999.000,9999.000,9999.000,9999.000
202606100942,   7.955,9999.000,9999.000,9999.000,9999.000,9999.000,9999.000,9999.000,9999.000
202606100948,   8.101,9999.000,9999.000,9999.000,9999.000,9999.000,9999.000,9999.000,9999.000
202606100954,   8.241,9999.000,9999.000,9999.000,9999.000,9999.000,9999.000,9999.000,9999.000
202606101000,   8.373,9999.000,   0.400,   0.046,   8.819,   0.100,   8.519,   0.600,   9.019
202606101006,   8.497,9999.000,9999.000,9999.000,9999.000,9999.000,9999.000,9999.000,9999.000
202606101012,   8.612,9999.000,9999.000,9999.000,9999.000,9999.000,9999.000,9999.000,9999.000
202606101018,   8.718,9999.000,9999.000,9999.000,9999.000,9999.000,9999.000,9999.000,9999.000
202606101024,   8.814,9999.000,9999.000,9999.000,9999.000,9999.000,9999.000,9999.000,9999.000
202606101030,   8.900,9999.000,9999.000,9999.000,9999.000,9999.000,9999.000,9999.000,9999.000
202606101036,   8.976,9999.000,9999.000,9999.000,9999.000,9999.000,9999.000,9999.000,9999.000
202606101042,   9.040,9999.000,9999.000,9999.000,9999.000,9999.000,9999.000,9999.000,9999.000
202606101048,   9.094,9999.000,9999.000,9999.000,9999.000,9999.000,9999.000,9999.000,9999.000
202606101054,   9.136,9999.000,9999.000,9999.000,9999.000,9999.000,9999.000,9999.000,9999.000
202606101100,   9.167,9999.000,   0.400,   0.046,   9.613,   0.100,   9.313,   0.700,   9.913
202606101106,   9.185,9999.000,9999.000,9999.000,9999.000,9999.000,9999.000,9999.000,9999.000
202606101112,   9.193,9999.000,9999.000,9999.000,9999.000,9999.000,9999.000,9999.000,9999.000
202606101118,   9.189,9999.000,9999.000,9999.000,9999.000,9999.000,9999.000,9999.000,9999.000
202606101124,   9.173,9999.000,9999.000,9999.000,9999.000,9999.000,9999.000,9999.000,9999.000
202606101130,   9.146,9999.000,9999.000,9999.000,9999.000,9999.000,9999.000,9999.000,9999.000
202606101136,   9.108,9999.000,9999.000,9999.000,9999.000,9999.000,9999.000,9999.000,9999.000
202606101142,   9.059,9999.000,9999.000,9999.000,9999.000,9999.000,9999.000,9999.000,9999.000
202606101148,   8.999,9999.000,9999.000,9999.000,9999.000,9999.000,9999.000,9999.000,9999.000
202606101154,   8.929,9999.000,9999.000,9999.000,9999.000,9999.000,9999.000,9999.000,9999.000
202606101200,   8.849,9999.000,   0.400,   0.046,   9.295,   0.200,   9.095,   0.700,   9.595
202606101206,   8.760,9999.000,9999.000,9999.000,9999.000,9999.000,9999.000,9999.000,9999.000
202606101212,   8.661,9999.000,9999.000,9999.000,9999.000,9999.000,9999.000,9999.000,9999.000
202606101218,   8.553,9999.000,9999.000,9999.000,9999.000,9999.000,9999.000,9999.000,9999.000
202606101224,   8.437,9999.000,9999.000,9999.000,9999.000,9999.000,9999.000,9999.000,9999.000
202606101230,   8.313,9999.000,9999.000,9999.000,9999.000,9999.000,9999.000,9999.000,9999.000
202606101236,   8.181,9999.000,9999.000,9999.000,9999.000,9999.000,9999.000,9999.000,9999.000
202606101242,   8.042,9999.000,9999.000,9999.000,9999.000,9999.000,9999.000,9999.000,9999.000
202606101248,   7.896,9999.000,9999.000,9999.000,9999.000,9999.000,9999.000,9999.000,9999.000
202606101254,   7.744,9999.000,9999.000,9999.000,9999.000,9999.000,9999.000,9999.000,9999.000
202606101300,   7.585,9999.000,   0.400,   0.046,   8.031,   0.200,   7.831,   0.600,   8.231
202606101306,   7.422,9999.000,9999.000,9999.000,9999.000,9999.000,9999.000,9999.000,9999.000
202606101312,   7.253,9999.000,9999.000,9999.000,9999.000,9999.000,9999.000,9999.000,9999.000
202606101318,   7.079,9999.000,9999.000,9999.000,9999.000,9999.000,9999.000,9999.000,9999.000
202606101324,   6.901,9999.000,9999.000,9999.000,9999.000,9999.000,9999.000,9999.000,9999.000
202606101330,   6.720,9999.000,9999.000,9999.000,9999.000,9999.000,9999.000,9999.000,9999.000
202606101336,   6.535,9999.000,9999.000,9999.000,9999.000,9999.000,9999.000,9999.000,9999.000
202606101342,   6.347,9999.000,9999.000,9999.000,9999.000,9999.000,9999.000,9999.000,9999.000
202606101348,   6.157,9999.000,9999.000,9999.000,9999.000,9999.000,9999.000,9999.000,9999.000
202606101354,   5.965,9999.000,9999.000,9999.000,9999.000,9999.000,9999.000,9999.000,9999.000
202606101400,   5.771,9999.000,   0.400,   0.046,   6.217,   0.200,   6.017,   0.600,   6.417
202606101406,   5.575,9999.000,9999.000,9999.000,9999.000,9999.000,9999.000,9999.000,9999.000
202606101412,   5.379,9999.000,9999.000,9999.000,9999.000,9999.000,9999.000,9999.000,9999.000
202606101418,   5.183,9999.000,9999.000,9999.000,9999.000,9999.000,9999.000,9999.000,9999.000
202606101424,   4.986,9999.000,9999.000,9999.000,9999.000,9999.000,9999.000,9999.000,9999.000
202606101430,   4.789,9999.000,9999.000,9999.000,9999.000,9999.000,9999.000,9999.000,9999.000
202606101436,   4.593,9999.000,9999.000,9999.000,9999.000,9999.000,9999.000,9999.000,9999.000
202606101442,   4.398,9999.000,9999.000,9999.000,9999.000,9999.000,9999.000,9999.000,9999.000
202606101448,   4.204,9999.000,9999.000,9999.000,9999.000,9999.000,9999.000,9999.000,9999.000
202606101454,   4.012,9999.000,9999.000,9999.000,9999.000,9999.000,9999.000,9999.000,9999.000
202606101500,   3.821,9999.000,   0.400,   0.046,   4.267,   0.200,   4.067,   0.600,   4.467
202606101506,   3.633,9999.000,9999.000,9999.000,9999.000,9999.000,9999.000,9999.000,9999.000
202606101512,   3.447,9999.000,9999.000,9999.000,9999.000,9999.000,9999.000,9999.000,9999.000
202606101518,   3.264,9999.000,9999.000,9999.000,9999.000,9999.000,9999.000,9999.000,9999.000
202606101524,   3.084,9999.000,9999.000,9999.000,9999.000,9999.000,9999.000,9999.000,9999.000
202606101530,   2.907,9999.000,9999.000,9999.000,9999.000,9999.000,9999.000,9999.000,9999.000
202606101536,   2.735,9999.000,9999.000,9999.000,9999.000,9999.000,9999.000,9999.000,9999.000
202606101542,   2.566,9999.000,9999.000,9999.000,9999.000,9999.000,9999.000,9999.000,9999.000
202606101548,   2.403,9999.000,9999.000,9999.000,9999.000,9999.000,9999.000,9999.000,9999.000
202606101554,   2.245,9999.000,9999.000,9999.000,9999.000,9999.000,9999.000,9999.000,9999.000
202606101600,   2.093,9999.000,   0.400,   0.046,   2.539,   0.200,   2.339,   0.600,   2.739
202606101606,   1.947,9999.000,9999.000,9999.000,9999.000,9999.000,9999.000,9999.000,9999.000
202606101612,   1.808,9999.000,9999.000,9999.000,9999.000,9999.000,9999.000,9999.000,9999.000
202606101618,   1.677,9999.000,9999.000,9999.000,9999.000,9999.000,9999.000,9999.000,9999.000
202606101624,   1.553,9999.000,9999.000,9999.000,9999.000,9999.000,9999.000,9999.000,9999.000
202606101630,   1.439,9999.000,9999.000,9999.000,9999.000,9999.000,9999.000,9999.000,9999.000
202606101636,   1.334,9999.000,9999.000,9999.000,9999.000,9999.000,9999.000,9999.000,9999.000
202606101642,   1.240,9999.000,9999.000,9999.000,9999.000,9999.000,9999.000,9999.000,9999.000
202606101648,   1.156,9999.000,9999.000,9999.000,9999.000,9999.000,9999.000,9999.000,9999.000
202606101654,   1.084,9999.000,9999.000,9999.000,9999.000,9999.000,9999.000,9999.000,9999.000
202606101700,   1.024,9999.000,   0.400,   0.046,   1.470,   0.200,   1.270,   0.500,   1.570
202606101706,   0.976,9999.000,9999.000,9999.000,9999.000,9999.000,9999.000,9999.000,9999.000
202606101712,   0.941,9999.000,9999.000,9999.000,9999.000,9999.000,9999.000,9999.000,9999.000
202606101718,   0.919,9999.000,9999.000,9999.000,9999.000,9999.000,9999.000,9999.000,9999.000
202606101724,   0.912,9999.000,9999.000,9999.000,9999.000,9999.000,9999.000,9999.000,9999.000
202606101730,   0.918,9999.000,9999.000,9999.000,9999.000,9999.000,9999.000,9999.000,9999.000
202606101736,   0.938,9999.000,9999.000,9999.000,9999.000,9999.000,9999.000,9999.000,9999.000
202606101742,   0.973,9999.000,9999.000,9999.000,9999.000,9999.000,9999.000,9999.000,9999.000
202606101748,   1.022,9999.000,9999.000,9999.000,9999.000,9999.000,9999.000,9999.000,9999.000
202606101754,   1.084,9999.000,9999.000,9999.000,9999.000,9999.000,9999.000,9999.000,9999.000
202606101800,   1.160,9999.000,   0.400,   0.046,   1.606,   0.200,   1.406,   0.600,   1.806
