        TIME,    TIDE,      OB,   SURGE,    BIAS,     TWL,SURGE90p,  TWL90p,SURGE10p,   TWL10p
202607301200,   1.227,9999.000,   0.300,9999.000,   1.527,   0.300,   1.527,   0.400,   1.627
202607301206,   1.283,9999.000,9999.000,9999.000,9999.000,9999.000,9999.000,9999.000,9999.000
202607301212,   1.343,9999.000,9999.000,9999.000,9999.000,9999.000,9999.000,9999.000,9999.000
202607301218,   1.405,9999.000,9999.000,9999.000,9999.000,9999.000,9999.000,9999.000,9999.000
202607301224,   1.470,9999.000,9999.000,9999.000,9999.000,9999.000,9999.000,9999.000,9999.000
202607301230,   1.538,9999.000,9999.000,9999.000,9999.000,9999.000,9999.000,9999.000,9999.000
202607301236,   1.607,9999.000,9999.000,9999.000,9999.000,9999.000,9999.000,9999.000,9999.000
202607301242,   1.679,9999.000,9999.000,9999.000,9999.000,9999.000,9999.000,9999.000,9999.000
202607301248,   1.752,9999.000,9999.000,9999.000,9999.000,9999.000,9999.000,9999.000,9999.000
202607301254,   1.827,9999.000,9999.000,9999.000,9999.000,9999.000,9999.000,9999.000,9999.000
202607301300,   1.902,   2.289,   0.300,   0.087,   2.289,   0.300,   2.289,   0.400,   2.389
202607301306,   1.978,   2.377,9999.000,9999.000,9999.000,9999.000,9999.000,9999.000,9999.000
202607301312,   2.054,   2.469,9999.000,9999.000,9999.000,9999.000,9999.000,9999.000,9999.000
202607301318,   2.129,   2.538,9999.000,9999.000,9999.000,9999.000,9999.000,9999.000,9999.000
202607301324,   2.204,   2.597,9999.000,9999.000,9999.000,9999.000,9999.000,9999.000,9999.000
202607301330,   2.277,   2.640,9999.000,9999.000,9999.000,9999.000,9999.000,9999.000,9999.000
202607301336,   2.349,   2.728,9999.000,9999.000,9999.000,9999.000,9999.000,9999.000,9999.000
202607301342,   2.419,   2.797,9999.000,9999.000,9999.000,9999.000,9999.000,9999.000,9999.000
202607301348,   2.487,   2.860,9999.000,9999.000,9999.000,9999.000,9999.000,9999.000,9999.000
202607301354,   2.553,   2.909,9999.000,9999.000,9999.000,9999.000,9999.000,9999.000,9999.000
202607301400,   2.616,   2.997,   0.300,   0.081,   2.997,   0.300,   2.997,   0.400,   3.097
202607301406,   2.676,   3.060,9999.000,9999.000,9999.000,9999.000,9999.000,9999.000,9999.000
202607301412,   2.733,   3.099,9999.000,9999.000,9999.000,9999.000,9999.000,9999.000,9999.000
202607301418,   2.787,   3.148,9999.000,9999.000,9999.000,9999.000,9999.000,9999.000,9999.000
202607301424,   2.838,   3.207,9999.000,9999.000,9999.000,9999.000,9999.000,9999.000,9999.000
202607301430,   2.885,   3.260,9999.000,9999.000,9999.000,9999.000,9999.000,9999.000,9999.000
202607301436,   2.929,   3.299,9999.000,9999.000,9999.000,9999.000,9999.000,9999.000,9999.000
202607301442,   2.969,   3.339,9999.000,9999.000,9999.000,9999.000,9999.000,9999.000,9999.000
202607301448,   3.006,   3.378,9999.000,9999.000,9999.000,9999.000,9999.000,9999.000,9999.000
202607301454,   3.039,   3.417,9999.000,9999.000,9999.000,9999.000,9999.000,9999.000,9999.000
202607301500,   3.069,   3.427,   0.300,   0.058,   3.427,   0.200,   3.327,   0.400,   3.527
202607301506,   3.095,   3.440,9999.000,9999.000,9999.000,9999.000,9999.000,9999.000,9999.000
202607301512,   3.118,   3.460,9999.000,9999.000,9999.000,9999.000,9999.000,9999.000,9999.000
202607301518,   3.137,   3.489,9999.000,9999.000,9999.000,9999.000,9999.000,9999.000,9999.000
202607301524,   3.153,   3.509,9999.000,9999.000,9999.000,9999.000,9999.000,9999.000,9999.000
202607301530,   3.166,   3.519,9999.000,9999.000,9999.000,9999.000,9999.000,9999.000,9999.000
202607301536,   3.175,   3.499,9999.000,9999.000,9999.000,9999.000,9999.000,9999.000,9999.000
202607301542,   3.181,   3.499,9999.000,9999.000,9999.000,9999.000,9999.000,9999.000,9999.000
202607301548,   3.184,   3.499,9999.000,9999.000,9999.000,9999.000,9999.000,9999.000,9999.000
202607301554,   3.183,   3.499,9999.000,9999.000,9999.000,9999.000,9999.000,9999.000,9999.000
202607301600,   3.179,   3.480,   0.300,   0.001,   3.480,   0.200,   3.380,   0.400,   3.580
202607301606,   3.172,   3.450,9999.000,9999.000,9999.000,9999.000,9999.000,9999.000,9999.000
202607301612,   3.162,   3.417,9999.000,9999.000,9999.000,9999.000,9999.000,9999.000,9999.000
202607301618,   3.148,   3.388,9999.000,9999.000,9999.000,9999.000,9999.000,9999.000,9999.000
202607301624,   3.131,   3.358,9999.000,9999.000,9999.000,9999.000,9999.000,9999.000,9999.000
202607301630,   3.110,   3.339,9999.000,9999.000,9999.000,9999.000,9999.000,9999.000,9999.000
202607301636,   3.087,   3.289,9999.000,9999.000,9999.000,9999.000,9999.000,9999.000,9999.000
202607301642,   3.060,   3.260,9999.000,9999.000,9999.000,9999.000,9999.000,9999.000,9999.000
202607301648,   3.030,   3.217,9999.000,9999.000,9999.000,9999.000,9999.000,9999.000,9999.000
202607301654,   2.996,   3.168,9999.000,9999.000,9999.000,9999.000,9999.000,9999.000,9999.000
202607301700,   2.960,   3.148,   0.300,  -0.112,   3.148,   0.200,   3.048,   0.300,   3.148
202607301706,   2.921,   3.089,9999.000,9999.000,9999.000,9999.000,9999.000,9999.000,9999.000
202607301712,   2.878,   3.040,9999.000,9999.000,9999.000,9999.000,9999.000,9999.000,9999.000
202607301718,   2.833,   2.997,9999.000,9999.000,9999.000,9999.000,9999.000,9999.000,9999.000
202607301724,   2.786,   2.948,9999.000,9999.000,9999.000,9999.000,9999.000,9999.000,9999.000
202607301730,   2.736,   2.909,9999.000,9999.000,9999.000,9999.000,9999.000,9999.000,9999.000
202607301736,   2.683,   2.869,9999.000,9999.000,9999.000,9999.000,9999.000,9999.000,9999.000
202607301742,   2.628,   2.820,9999.000,9999.000,9999.000,9999.000,9999.000,9999.000,9999.000
202607301748,   2.572,   2.778,9999.000,9999.000,9999.000,9999.000,9999.000,9999.000,9999.000
202607301754,   2.513,   2.719,9999.000,9999.000,9999.000,9999.000,9999.000,9999.000,9999.000
202607301800,   2.453,   2.660,   0.300,  -0.093,   2.660,   0.300,   2.660,   0.400,   2.760
202607301806,   2.391,   2.610,9999.000,9999.000,9999.000,9999.000,9999.000,9999.000,9999.000
202607301812,   2.328,   2.538,9999.000,9999.000,9999.000,9999.000,9999.000,9999.000,9999.000
202607301818,   2.264,   2.469,9999.000,9999.000,9999.000,9999.000,9999.000,9999.000,9999.000
202607301824,   2.199,   2.410,9999.000,9999.000,9999.000,9999.000,9999.000,9999.000,9999.000
202607301830,   2.133,   2.328,9999.000,9999.000,9999.000,9999.000,9999.000,9999.000,9999.000
202607301836,   2.066,   2.250,9999.000,9999.000,9999.000,9999.000,9999.000,9999.000,9999.000
202607301842,   1.999,   2.177,9999.000,9999.000,9999.000,9999.000,9999.000,9999.000,9999.000
202607301848,   1.932,   2.099,9999.000,9999.000,9999.000,9999.000,9999.000,9999.000,9999.000
202607301854,   1.865,   2.030,9999.000,9999.000,9999.000,9999.000,9999.000,9999.000,9999.000
202607301900,   1.797,   1.967,   0.300,  -0.130,   1.967,   0.300,   1.967,   0.400,   2.067
202607301906,   1.730,   1.908,9999.000,9999.000,9999.000,9999.000,9999.000,9999.000,9999.000
202607301912,   1.663,   1.820,9999.000,9999.000,9999.000,9999.000,9999.000,9999.000,9999.000
202607301918,   1.597,   1.758,9999.000,9999.000,9999.000,9999.000,9999.000,9999.000,9999.000
202607301924,   1.531,   1.689,9999.000,9999.000,9999.000,9999.000,9999.000,9999.000,9999.000
202607301930,   1.466,   1.620,9999.000,9999.000,9999.000,9999.000,9999.000,9999.000,9999.000
202607301936,   1.402,   1.538,9999.000,9999.000,9999.000,9999.000,9999.000,9999.000,9999.000
202607301942,   1.339,   1.479,9999.000,9999.000,9999.000,9999.000,9999.000,9999.000,9999.000
202607301948,   1.276,   1.410,9999.000,9999.000,9999.000,9999.000,9999.000,9999.000,9999.000
202607301954,   1.216,   1.348,9999.000,9999.000,9999.000,9999.000,9999.000,9999.000,9999.000
202607302000,   1.156,   1.289,   0.300,  -0.167,   1.289,   0.200,   1.189,   0.400,   1.389
202607302006,   1.098,   1.279,9999.000,9999.000,9999.000,9999.000,9999.000,9999.000,9999.000
202607302012,   1.042,   1.161,9999.000,9999.000,9999.000,9999.000,9999.000,9999.000,9999.000
202607302018,   0.987,   1.098,9999.000,9999.000,9999.000,9999.000,9999.000,9999.000,9999.000
202607302024,   0.935,   1.039,9999.000,9999.000,9999.000,9999.000,9999.000,9999.000,9999.000
202607302030,   0.885,   0.980,9999.000,9999.000,9999.000,9999.000,9999.000,9999.000,9999.000
202607302036,   0.836,   0.941,9999.000,9999.000,9999.000,9999.000,9999.000,9999.000,9999.000
202607302042,   0.791,   0.869,9999.000,9999.000,9999.000,9999.000,9999.000,9999.000,9999.000
202607302048,   0.747,   0.819,9999.000,9999.000,9999.000,9999.000,9999.000,9999.000,9999.000
202607302054,   0.706,   0.770,9999.000,9999.000,9999.000,9999.000,9999.000,9999.000,9999.000
202607302100,   0.668,   0.708,   0.300,  -0.260,   0.708,   0.200,   0.608,   0.400,   0.808
202607302106,   0.633,   0.659,9999.000,9999.000,9999.000,9999.000,9999.000,9999.000,9999.000
202607302112,   0.600,   0.629,9999.000,9999.000,9999.000,9999.000,9999.000,9999.000,9999.000
202607302118,   0.570,   0.590,9999.000,9999.000,9999.000,9999.000,9999.000,9999.000,9999.000
202607302124,   0.543,   0.560,9999.000,9999.000,9999.000,9999.000,9999.000,9999.000,9999.000
202607302130,   0.518,   0.531,9999.000,9999.000,9999.000,9999.000,9999.000,9999.000,9999.000
202607302136,   0.497,   0.508,9999.000,9999.000,9999.000,9999.000,9999.000,9999.000,9999.000
202607302142,   0.478,   0.488,9999.000,9999.000,9999.000,9999.000,9999.000,9999.000,9999.000
202607302148,   0.462,   0.469,9999.000,9999.000,9999.000,9999.000,9999.000,9999.000,9999.000
202607302154,   0.449,   0.439,9999.000,9999.000,9999.000,9999.000,9999.000,9999.000,9999.000
202607302200,   0.438,   0.449,   0.300,  -0.289,   0.449,   0.200,   0.349,   0.400,   0.549
202607302206,   0.431,   0.439,9999.000,9999.000,9999.000,9999.000,9999.000,9999.000,9999.000
202607302212,   0.425,   0.439,9999.000,9999.000,9999.000,9999.000,9999.000,9999.000,9999.000
202607302218,   0.423,   0.439,9999.000,9999.000,9999.000,9999.000,9999.000,9999.000,9999.000
202607302224,   0.423,   0.449,9999.000,9999.000,9999.000,9999.000,9999.000,9999.000,9999.000
202607302230,   0.426,   0.459,9999.000,9999.000,9999.000,9999.000,9999.000,9999.000,9999.000
202607302236,   0.431,   0.439,9999.000,9999.000,9999.000,9999.000,9999.000,9999.000,9999.000
202607302242,   0.439,   0.439,9999.000,9999.000,9999.000,9999.000,9999.000,9999.000,9999.000
202607302248,   0.449,   0.429,9999.000,9999.000,9999.000,9999.000,9999.000,9999.000,9999.000
202607302254,   0.463,   0.439,9999.000,9999.000,9999.000,9999.000,9999.000,9999.000,9999.000
202607302300,   0.478,   0.459,   0.300,  -0.319,   0.459,   0.200,   0.359,   0.400,   0.559
202607302306,   0.497,   0.478,9999.000,9999.000,9999.000,9999.000,9999.000,9999.000,9999.000
202607302312,   0.519,   0.478,9999.000,9999.000,9999.000,9999.000,9999.000,9999.000,9999.000
202607302318,   0.544,   0.508,9999.000,9999.000,9999.000,9999.000,9999.000,9999.000,9999.000
202607302324,   0.572,   0.551,9999.000,9999.000,9999.000,9999.000,9999.000,9999.000,9999.000
202607302330,   0.603,   0.580,9999.000,9999.000,9999.000,9999.000,9999.000,9999.000,9999.000
202607302336,   0.638,   0.619,9999.000,9999.000,9999.000,9999.000,9999.000,9999.000,9999.000
202607302342,   0.676,   0.629,9999.000,9999.000,9999.000,9999.000,9999.000,9999.000,9999.000
202607302348,   0.717,   0.698,9999.000,9999.000,9999.000,9999.000,9999.000,9999.000,9999.000
202607302354,   0.763,   0.741,9999.000,9999.000,9999.000,9999.000,9999.000,9999.000,9999.000
202607310000,   0.811,   0.800,   0.400,  -0.411,   0.800,   0.400,   0.800,   0.500,   0.900
202607310006,   0.864,   0.869,9999.000,9999.000,9999.000,9999.000,9999.000,9999.000,9999.000
202607310012,   0.920,   0.951,9999.000,9999.000,9999.000,9999.000,9999.000,9999.000,9999.000
202607310018,   0.980,   1.039,9999.000,9999.000,9999.000,9999.000,9999.000,9999.000,9999.000
202607310024,   1.044,   1.151,9999.000,9999.000,9999.000,9999.000,9999.000,9999.000,9999.000
202607310030,   1.111,   1.279,9999.000,9999.000,9999.000,9999.000,9999.000,9999.000,9999.000
202607310036,   1.181,   1.390,9999.000,9999.000,9999.000,9999.000,9999.000,9999.000,9999.000
202607310042,   1.255,   1.489,9999.000,9999.000,9999.000,9999.000,9999.000,9999.000,9999.000
202607310048,   1.331,   1.620,9999.000,9999.000,9999.000,9999.000,9999.000,9999.000,9999.000
202607310054,   1.410,   1.748,9999.000,9999.000,9999.000,9999.000,9999.000,9999.000,9999.000
202607310100,   1.491,   1.869,   0.400,  -0.022,   1.869,   0.400,   1.869,   0.500,   1.969
202607310106,   1.574,   1.938,9999.000,9999.000,9999.000,9999.000,9999.000,9999.000,9999.000
202607310112,   1.658,   2.059,9999.000,9999.000,9999.000,9999.000,9999.000,9999.000,9999.000
202607310118,   1.744,   2.158,9999.000,9999.000,9999.000,9999.000,9999.000,9999.000,9999.000
202607310124,   1.830,   2.240,9999.000,9999.000,9999.000,9999.000,9999.000,9999.000,9999.000
202607310130,   1.916,   2.348,9999.000,9999.000,9999.000,9999.000,9999.000,9999.000,9999.000
202607310136,   2.003,   2.440,9999.000,9999.000,9999.000,9999.000,9999.000,9999.000,9999.000
202607310142,   2.089,   2.528,9999.000,9999.000,9999.000,9999.000,9999.000,9999.000,9999.000
202607310148,   2.173,   2.620,9999.000,9999.000,9999.000,9999.000,9999.000,9999.000,9999.000
202607310154,   2.257,   2.719,9999.000,9999.000,9999.000,9999.000,9999.000,9999.000,9999.000
202607310200,   2.338,   2.797,   0.400,   0.059,   2.797,   0.400,   2.797,   0.500,   2.897
202607310206,   2.418,   2.889,9999.000,9999.000,9999.000,9999.000,9999.000,9999.000,9999.000
202607310212,   2.494,   2.968,9999.000,9999.000,9999.000,9999.000,9999.000,9999.000,9999.000
202607310218,   2.568,   3.070,9999.000,9999.000,9999.000,9999.000,9999.000,9999.000,9999.000
202607310224,   2.639,   3.158,9999.000,9999.000,9999.000,9999.000,9999.000,9999.000,9999.000
202607310230,   2.707,   3.230,9999.000,9999.000,9999.000,9999.000,9999.000,9999.000,9999.000
202607310236,   2.771,   3.299,9999.000,9999.000,9999.000,9999.000,9999.000,9999.000,9999.000
202607310242,   2.831,   3.358,9999.000,9999.000,9999.000,9999.000,9999.000,9999.000,9999.000
202607310248,   2.888,   3.489,9999.000,9999.000,9999.000,9999.000,9999.000,9999.000,9999.000
202607310254,   2.941,   3.499,9999.000,9999.000,9999.000,9999.000,9999.000,9999.000,9999.000
202607310300,   2.990,   3.509,   0.500,   0.019,   3.509,   0.400,   3.409,   0.500,   3.509
202607310306,   3.034,   3.598,9999.000,9999.000,9999.000,9999.000,9999.000,9999.000,9999.000
202607310312,   3.075,   3.627,9999.000,9999.000,9999.000,9999.000,9999.000,9999.000,9999.000
202607310318,   3.112,   3.670,9999.000,9999.000,9999.000,9999.000,9999.000,9999.000,9999.000
202607310324,   3.144,   3.729,9999.000,9999.000,9999.000,9999.000,9999.000,9999.000,9999.000
202607310330,   3.173,   3.719,9999.000,9999.000,9999.000,9999.000,9999.000,9999.000,9999.000
202607310336,   3.198,   3.758,9999.000,9999.000,9999.000,9999.000,9999.000,9999.000,9999.000
202607310342,   3.219,   3.778,9999.000,9999.000,9999.000,9999.000,9999.000,9999.000,9999.000
202607310348,   3.236,   3.788,9999.000,9999.000,9999.000,9999.000,9999.000,9999.000,9999.000
202607310354,   3.250,   3.778,9999.000,9999.000,9999.000,9999.000,9999.000,9999.000,9999.000
202607310400,   3.260,   3.788,   0.500,   0.028,   3.788,   0.400,   3.688,   0.500,   3.788
202607310406,   3.266,   3.798,9999.000,9999.000,9999.000,9999.000,9999.000,9999.000,9999.000
202607310412,   3.268,   3.817,9999.000,9999.000,9999.000,9999.000,9999.000,9999.000,9999.000
202607310418,   3.267,   3.798,9999.000,9999.000,9999.000,9999.000,9999.000,9999.000,9999.000
202607310424,   3.263,   3.798,9999.000,9999.000,9999.000,9999.000,9999.000,9999.000,9999.000
202607310430,   3.255,   3.798,9999.000,9999.000,9999.000,9999.000,9999.000,9999.000,9999.000
202607310436,   3.243,   3.798,9999.000,9999.000,9999.000,9999.000,9999.000,9999.000,9999.000
202607310442,   3.228,   3.798,9999.000,9999.000,9999.000,9999.000,9999.000,9999.000,9999.000
202607310448,   3.210,   3.788,9999.000,9999.000,9999.000,9999.000,9999.000,9999.000,9999.000
202607310454,   3.188,   3.768,9999.000,9999.000,9999.000,9999.000,9999.000,9999.000,9999.000
202607310500,   3.163,   3.749,   0.500,   0.086,   3.749,   0.400,   3.649,   0.500,   3.749
202607310506,   3.134,   3.709,9999.000,9999.000,9999.000,9999.000,9999.000,9999.000,9999.000
202607310512,   3.103,   3.680,9999.000,9999.000,9999.000,9999.000,9999.000,9999.000,9999.000
202607310518,   3.069,   3.637,9999.000,9999.000,9999.000,9999.000,9999.000,9999.000,9999.000
202607310524,   3.031,   3.598,9999.000,9999.000,9999.000,9999.000,9999.000,9999.000,9999.000
202607310530,   2.991,   3.558,9999.000,9999.000,9999.000,9999.000,9999.000,9999.000,9999.000
202607310536,   2.948,   3.519,9999.000,9999.000,9999.000,9999.000,9999.000,9999.000,9999.000
202607310542,   2.902,   3.480,9999.000,9999.000,9999.000,9999.000,9999.000,9999.000,9999.000
202607310548,   2.854,   3.417,9999.000,9999.000,9999.000,9999.000,9999.000,9999.000,9999.000
202607310554,   2.803,   3.368,9999.000,9999.000,9999.000,9999.000,9999.000,9999.000,9999.000
202607310600,   2.751,   3.329,   0.500,   0.078,   3.329,   0.500,   3.329,   0.600,   3.429
202607310606,   2.696,   3.270,9999.000,9999.000,9999.000,9999.000,9999.000,9999.000,9999.000
202607310612,   2.640,   3.230,9999.000,9999.000,9999.000,9999.000,9999.000,9999.000,9999.000
202607310618,   2.582,   3.158,9999.000,9999.000,9999.000,9999.000,9999.000,9999.000,9999.000
202607310624,   2.523,   3.089,9999.000,9999.000,9999.000,9999.000,9999.000,9999.000,9999.000
202607310630,   2.462,   3.030,9999.000,9999.000,9999.000,9999.000,9999.000,9999.000,9999.000
202607310636,   2.401,   2.948,9999.000,9999.000,9999.000,9999.000,9999.000,9999.000,9999.000
202607310642,   2.338,   2.889,9999.000,9999.000,9999.000,9999.000,9999.000,9999.000,9999.000
202607310648,   2.275,   2.820,9999.000,9999.000,9999.000,9999.000,9999.000,9999.000,9999.000
202607310654,   2.212,   2.748,9999.000,9999.000,9999.000,9999.000,9999.000,9999.000,9999.000
202607310700,   2.148,   2.669,   0.500,   0.021,   2.669,   0.500,   2.669,   0.600,   2.769
202607310706,   2.085,   2.597,9999.000,9999.000,9999.000,9999.000,9999.000,9999.000,9999.000
202607310712,   2.021,   2.528,9999.000,9999.000,9999.000,9999.000,9999.000,9999.000,9999.000
202607310718,   1.958,   2.450,9999.000,9999.000,9999.000,9999.000,9999.000,9999.000,9999.000
202607310724,   1.894,   2.368,9999.000,9999.000,9999.000,9999.000,9999.000,9999.000,9999.000
202607310730,   1.832,   2.299,9999.000,9999.000,9999.000,9999.000,9999.000,9999.000,9999.000
202607310736,   1.769,   2.220,9999.000,9999.000,9999.000,9999.000,9999.000,9999.000,9999.000
202607310742,   1.708,   2.148,9999.000,9999.000,9999.000,9999.000,9999.000,9999.000,9999.000
202607310748,   1.647,   2.059,9999.000,9999.000,9999.000,9999.000,9999.000,9999.000,9999.000
202607310754,   1.588,   1.990,9999.000,9999.000,9999.000,9999.000,9999.000,9999.000,9999.000
202607310800,   1.529,   1.899,   0.600,  -0.230,   1.899,   0.500,   1.799,   0.600,   1.899
202607310806,   1.471,   1.840,9999.000,9999.000,9999.000,9999.000,9999.000,9999.000,9999.000
202607310812,   1.415,   1.767,9999.000,9999.000,9999.000,9999.000,9999.000,9999.000,9999.000
202607310818,   1.360,   1.699,9999.000,9999.000,9999.000,9999.000,9999.000,9999.000,9999.000
202607310824,   1.307,   1.639,9999.000,9999.000,9999.000,9999.000,9999.000,9999.000,9999.000
202607310830,   1.255,   1.580,9999.000,9999.000,9999.000,9999.000,9999.000,9999.000,9999.000
202607310836,   1.205,   1.518,9999.000,9999.000,9999.000,9999.000,9999.000,9999.000,9999.000
202607310842,   1.157,   1.459,9999.000,9999.000,9999.000,9999.000,9999.000,9999.000,9999.000
202607310848,   1.111,   1.400,9999.000,9999.000,9999.000,9999.000,9999.000,9999.000,9999.000
202607310854,   1.067,   1.338,9999.000,9999.000,9999.000,9999.000,9999.000,9999.000,9999.000
202607310900,   1.026,   1.298,   0.600,  -0.328,   1.298,   0.500,   1.198,   0.600,   1.298
202607310906,   0.986,   1.249,9999.000,9999.000,9999.000,9999.000,9999.000,9999.000,9999.000
202607310912,   0.949,   1.210,9999.000,9999.000,9999.000,9999.000,9999.000,9999.000,9999.000
202607310918,   0.914,   1.170,9999.000,9999.000,9999.000,9999.000,9999.000,9999.000,9999.000
202607310924,   0.882,   1.128,9999.000,9999.000,9999.000,9999.000,9999.000,9999.000,9999.000
202607310930,   0.853,   1.108,9999.000,9999.000,9999.000,9999.000,9999.000,9999.000,9999.000
202607310936,   0.826,   1.059,9999.000,9999.000,9999.000,9999.000,9999.000,9999.000,9999.000
202607310942,   0.802,   1.039,9999.000,9999.000,9999.000,9999.000,9999.000,9999.000,9999.000
202607310948,   0.780,   1.029,9999.000,9999.000,9999.000,9999.000,9999.000,9999.000,9999.000
202607310954,   0.761,   1.010,9999.000,9999.000,9999.000,9999.000,9999.000,9999.000,9999.000
202607311000,   0.744,   0.990,   0.600,  -0.354,   0.990,   0.500,   0.890,   0.600,   0.990
202607311006,   0.730,   0.980,9999.000,9999.000,9999.000,9999.000,9999.000,9999.000,9999.000
202607311012,   0.719,   0.970,9999.000,9999.000,9999.000,9999.000,9999.000,9999.000,9999.000
202607311018,   0.710,   0.970,9999.000,9999.000,9999.000,9999.000,9999.000,9999.000,9999.000
202607311024,   0.704,   0.980,9999.000,9999.000,9999.000,9999.000,9999.000,9999.000,9999.000
202607311030,   0.700,   0.990,9999.000,9999.000,9999.000,9999.000,9999.000,9999.000,9999.000
202607311036,   0.698,   1.010,9999.000,9999.000,9999.000,9999.000,9999.000,9999.000,9999.000
202607311042,   0.698,   1.020,9999.000,9999.000,9999.000,9999.000,9999.000,9999.000,9999.000
202607311048,   0.701,   1.039,9999.000,9999.000,9999.000,9999.000,9999.000,9999.000,9999.000
202607311054,   0.706,   1.069,9999.000,9999.000,9999.000,9999.000,9999.000,9999.000,9999.000
202607311100,   0.713,   1.098,   0.600,  -0.215,   1.098,   0.500,   0.998,   0.600,   1.098
202607311106,   0.723,   1.118,9999.000,9999.000,9999.000,9999.000,9999.000,9999.000,9999.000
202607311112,   0.735,   1.118,9999.000,9999.000,9999.000,9999.000,9999.000,9999.000,9999.000
202607311118,   0.749,   1.180,9999.000,9999.000,9999.000,9999.000,9999.000,9999.000,9999.000
202607311124,   0.765,   1.220,9999.000,9999.000,9999.000,9999.000,9999.000,9999.000,9999.000
202607311130,   0.784,   1.259,9999.000,9999.000,9999.000,9999.000,9999.000,9999.000,9999.000
202607311136,   0.805,   1.298,9999.000,9999.000,9999.000,9999.000,9999.000,9999.000,9999.000
202607311142,   0.829,   1.420,9999.000,9999.000,9999.000,9999.000,9999.000,9999.000,9999.000
202607311148,   0.856,   1.371,9999.000,9999.000,9999.000,9999.000,9999.000,9999.000,9999.000
202607311154,   0.885,   1.380,9999.000,9999.000,9999.000,9999.000,9999.000,9999.000,9999.000
202607311200,   0.918,   1.390,   0.700,  -0.228,   1.390,   0.600,   1.290,   0.700,   1.390
202607311206,   0.953,   1.420,9999.000,9999.000,9999.000,9999.000,9999.000,9999.000,9999.000
202607311212,   0.992,   1.459,9999.000,9999.000,9999.000,9999.000,9999.000,9999.000,9999.000
202607311218,   1.033,   1.498,9999.000,9999.000,9999.000,9999.000,9999.000,9999.000,9999.000
202607311224,   1.078,   1.518,9999.000,9999.000,9999.000,9999.000,9999.000,9999.000,9999.000
202607311230,   1.127,   1.557,9999.000,9999.000,9999.000,9999.000,9999.000,9999.000,9999.000
202607311236,   1.178,   1.610,9999.000,9999.000,9999.000,9999.000,9999.000,9999.000,9999.000
202607311242,   1.233,   1.649,9999.000,9999.000,9999.000,9999.000,9999.000,9999.000,9999.000
202607311248,   1.291,   1.689,9999.000,9999.000,9999.000,9999.000,9999.000,9999.000,9999.000
202607311254,   1.352,   1.758,9999.000,9999.000,9999.000,9999.000,9999.000,9999.000,9999.000
202607311300,   1.416,   1.830,   0.600,  -0.186,   1.830,   0.600,   1.830,   0.700,   1.930
202607311306,   1.483,   1.938,9999.000,9999.000,9999.000,9999.000,9999.000,9999.000,9999.000
202607311312,   1.552,   2.079,9999.000,9999.000,9999.000,9999.000,9999.000,9999.000,9999.000
202607311318,   1.624,   2.168,9999.000,9999.000,9999.000,9999.000,9999.000,9999.000,9999.000
202607311324,   1.697,   2.269,9999.000,9999.000,9999.000,9999.000,9999.000,9999.000,9999.000
202607311330,   1.772,   2.400,9999.000,9999.000,9999.000,9999.000,9999.000,9999.000,9999.000
202607311336,   1.849,   2.519,9999.000,9999.000,9999.000,9999.000,9999.000,9999.000,9999.000
202607311342,   1.926,   2.620,9999.000,9999.000,9999.000,9999.000,9999.000,9999.000,9999.000
202607311348,   2.004,   2.778,9999.000,9999.000,9999.000,9999.000,9999.000,9999.000,9999.000
202607311354,   2.082,   2.807,9999.000,9999.000,9999.000,9999.000,9999.000,9999.000,9999.000
202607311400,   2.159,   2.919,   0.600,   0.160,   2.919,   0.600,   2.919,   0.700,   3.019
202607311406,   2.236,   2.988,9999.000,9999.000,9999.000,9999.000,9999.000,9999.000,9999.000
202607311412,   2.312,   3.060,9999.000,9999.000,9999.000,9999.000,9999.000,9999.000,9999.000
202607311418,   2.386,   3.089,9999.000,9999.000,9999.000,9999.000,9999.000,9999.000,9999.000
202607311424,   2.458,   3.188,9999.000,9999.000,9999.000,9999.000,9999.000,9999.000,9999.000
202607311430,   2.528,   3.250,9999.000,9999.000,9999.000,9999.000,9999.000,9999.000,9999.000
202607311436,   2.596,   3.309,9999.000,9999.000,9999.000,9999.000,9999.000,9999.000,9999.000
202607311442,   2.660,   3.348,9999.000,9999.000,9999.000,9999.000,9999.000,9999.000,9999.000
202607311448,   2.721,   3.407,9999.000,9999.000,9999.000,9999.000,9999.000,9999.000,9999.000
202607311454,   2.779,   3.480,9999.000,9999.000,9999.000,9999.000,9999.000,9999.000,9999.000
202607311500,   2.834,   3.548,   0.600,   0.114,   3.548,   0.600,   3.548,   0.700,   3.648
202607311506,   2.885,   3.588,9999.000,9999.000,9999.000,9999.000,9999.000,9999.000,9999.000
202607311512,   2.932,   3.637,9999.000,9999.000,9999.000,9999.000,9999.000,9999.000,9999.000
202607311518,   2.975,   3.689,9999.000,9999.000,9999.000,9999.000,9999.000,9999.000,9999.000
202607311524,   3.014,   3.749,9999.000,9999.000,9999.000,9999.000,9999.000,9999.000,9999.000
202607311530,   3.049,   3.778,9999.000,9999.000,9999.000,9999.000,9999.000,9999.000,9999.000
202607311536,   3.080,   3.827,9999.000,9999.000,9999.000,9999.000,9999.000,9999.000,9999.000
202607311542,   3.108,   3.847,9999.000,9999.000,9999.000,9999.000,9999.000,9999.000,9999.000
202607311548,   3.131,   3.890,9999.000,9999.000,9999.000,9999.000,9999.000,9999.000,9999.000
202607311554,   3.151,   3.899,9999.000,9999.000,9999.000,9999.000,9999.000,9999.000,9999.000
202607311600,   3.167,   3.909,   0.600,   0.142,   3.909,   0.600,   3.909,   0.700,   4.009
202607311606,   3.179,   3.919,9999.000,9999.000,9999.000,9999.000,9999.000,9999.000,9999.000
202607311612,   3.187,   3.929,9999.000,9999.000,9999.000,9999.000,9999.000,9999.000,9999.000
202607311618,   3.192,   3.939,9999.000,9999.000,9999.000,9999.000,9999.000,9999.000,9999.000
202607311624,   3.193,   3.949,9999.000,9999.000,9999.000,9999.000,9999.000,9999.000,9999.000
202607311630,   3.191,   3.939,9999.000,9999.000,9999.000,9999.000,9999.000,9999.000,9999.000
202607311636,   3.185,   3.929,9999.000,9999.000,9999.000,9999.000,9999.000,9999.000,9999.000
202607311642,   3.177,   3.919,9999.000,9999.000,9999.000,9999.000,9999.000,9999.000,9999.000
202607311648,   3.164,   3.909,9999.000,9999.000,9999.000,9999.000,9999.000,9999.000,9999.000
202607311654,   3.149,   3.880,9999.000,9999.000,9999.000,9999.000,9999.000,9999.000,9999.000
202607311700,   3.130,   3.880,   0.600,   0.150,   3.880,   0.600,   3.880,   0.700,   3.980
202607311706,   3.108,   3.870,9999.000,9999.000,9999.000,9999.000,9999.000,9999.000,9999.000
202607311712,   3.083,   3.827,9999.000,9999.000,9999.000,9999.000,9999.000,9999.000,9999.000
202607311718,   3.054,   3.798,9999.000,9999.000,9999.000,9999.000,9999.000,9999.000,9999.000
202607311724,   3.023,   3.758,9999.000,9999.000,9999.000,9999.000,9999.000,9999.000,9999.000
202607311730,   2.989,   3.729,9999.000,9999.000,9999.000,9999.000,9999.000,9999.000,9999.000
202607311736,   2.951,   3.689,9999.000,9999.000,9999.000,9999.000,9999.000,9999.000,9999.000
202607311742,   2.911,   3.637,9999.000,9999.000,9999.000,9999.000,9999.000,9999.000,9999.000
202607311748,   2.868,   3.588,9999.000,9999.000,9999.000,9999.000,9999.000,9999.000,9999.000
202607311754,   2.823,   3.558,9999.000,9999.000,9999.000,9999.000,9999.000,9999.000,9999.000
202607311800,   2.774,   3.509,   0.700,   0.035,   3.509,   0.700,   3.509,   0.700,   3.509
202607311806,   2.724,   3.470,9999.000,9999.000,9999.000,9999.000,9999.000,9999.000,9999.000
202607311812,   2.671,   3.417,9999.000,9999.000,9999.000,9999.000,9999.000,9999.000,9999.000
202607311818,   2.616,   3.368,9999.000,9999.000,9999.000,9999.000,9999.000,9999.000,9999.000
202607311824,   2.558,   3.299,9999.000,9999.000,9999.000,9999.000,9999.000,9999.000,9999.000
202607311830,   2.500,   3.250,9999.000,9999.000,9999.000,9999.000,9999.000,9999.000,9999.000
202607311836,   2.439,   3.168,9999.000,9999.000,9999.000,9999.000,9999.000,9999.000,9999.000
202607311842,   2.377,   3.079,9999.000,9999.000,9999.000,9999.000,9999.000,9999.000,9999.000
202607311848,   2.314,   3.007,9999.000,9999.000,9999.000,9999.000,9999.000,9999.000,9999.000
202607311854,   2.249,   2.919,9999.000,9999.000,9999.000,9999.000,9999.000,9999.000,9999.000
202607311900,   2.184,   2.840,   0.700,  -0.044,   2.840,   0.700,   2.840,   0.700,   2.840
202607311906,   2.118,   2.758,9999.000,9999.000,9999.000,9999.000,9999.000,9999.000,9999.000
202607311912,   2.051,   2.679,9999.000,9999.000,9999.000,9999.000,9999.000,9999.000,9999.000
202607311918,   1.984,   2.597,9999.000,9999.000,9999.000,9999.000,9999.000,9999.000,9999.000
202607311924,   1.917,   2.509,9999.000,9999.000,9999.000,9999.000,9999.000,9999.000,9999.000
202607311930,   1.850,   2.440,9999.000,9999.000,9999.000,9999.000,9999.000,9999.000,9999.000
202607311936,   1.782,   2.358,9999.000,9999.000,9999.000,9999.000,9999.000,9999.000,9999.000
202607311942,   1.715,   2.279,9999.000,9999.000,9999.000,9999.000,9999.000,9999.000,9999.000
202607311948,   1.649,   2.200,9999.000,9999.000,9999.000,9999.000,9999.000,9999.000,9999.000
202607311954,   1.583,   2.118,9999.000,9999.000,9999.000,9999.000,9999.000,9999.000,9999.000
202607312000,   1.517,   2.040,   0.700,  -0.177,   2.040,   0.700,   2.040,   0.700,   2.040
202607312006,   1.452,   1.958,9999.000,9999.000,9999.000,9999.000,9999.000,9999.000,9999.000
202607312012,   1.388,   1.889,9999.000,9999.000,9999.000,9999.000,9999.000,9999.000,9999.000
202607312018,   1.326,   1.810,9999.000,9999.000,9999.000,9999.000,9999.000,9999.000,9999.000
202607312024,   1.264,   1.728,9999.000,9999.000,9999.000,9999.000,9999.000,9999.000,9999.000
202607312030,   1.203,   1.649,9999.000,9999.000,9999.000,9999.000,9999.000,9999.000,9999.000
202607312036,   1.144,   1.580,9999.000,9999.000,9999.000,9999.000,9999.000,9999.000,9999.000
202607312042,   1.087,   1.508,9999.000,9999.000,9999.000,9999.000,9999.000,9999.000,9999.000
202607312048,   1.031,   1.449,9999.000,9999.000,9999.000,9999.000,9999.000,9999.000,9999.000
202607312054,   0.977,   1.400,9999.000,9999.000,9999.000,9999.000,9999.000,9999.000,9999.000
202607312100,   0.924,   1.338,   0.700,  -0.286,   1.338,   0.700,   1.338,   0.700,   1.338
202607312106,   0.874,   1.289,9999.000,9999.000,9999.000,9999.000,9999.000,9999.000,9999.000
202607312112,   0.826,   1.239,9999.000,9999.000,9999.000,9999.000,9999.000,9999.000,9999.000
202607312118,   0.780,   1.190,9999.000,9999.000,9999.000,9999.000,9999.000,9999.000,9999.000
202607312124,   0.737,   1.200,9999.000,9999.000,9999.000,9999.000,9999.000,9999.000,9999.000
202607312130,   0.696,   1.108,9999.000,9999.000,9999.000,9999.000,9999.000,9999.000,9999.000
202607312136,   0.658,   1.079,9999.000,9999.000,9999.000,9999.000,9999.000,9999.000,9999.000
202607312142,   0.622,   1.029,9999.000,9999.000,9999.000,9999.000,9999.000,9999.000,9999.000
202607312148,   0.589,   1.000,9999.000,9999.000,9999.000,9999.000,9999.000,9999.000,9999.000
202607312154,   0.560,   0.980,9999.000,9999.000,9999.000,9999.000,9999.000,9999.000,9999.000
202607312200,   0.533,   0.951,   0.700,  -0.282,   0.951,   0.700,   0.951,   0.700,   0.951
202607312206,   0.509,   0.941,9999.000,9999.000,9999.000,9999.000,9999.000,9999.000,9999.000
202607312212,   0.488,   0.928,9999.000,9999.000,9999.000,9999.000,9999.000,9999.000,9999.000
202607312218,   0.470,   0.898,9999.000,9999.000,9999.000,9999.000,9999.000,9999.000,9999.000
202607312224,   0.455,   0.898,9999.000,9999.000,9999.000,9999.000,9999.000,9999.000,9999.000
202607312230,   0.443,   0.888,9999.000,9999.000,9999.000,9999.000,9999.000,9999.000,9999.000
202607312236,   0.434,   0.888,9999.000,9999.000,9999.000,9999.000,9999.000,9999.000,9999.000
202607312242,   0.427,   0.898,9999.000,9999.000,9999.000,9999.000,9999.000,9999.000,9999.000
202607312248,   0.424,   0.908,9999.000,9999.000,9999.000,9999.000,9999.000,9999.000,9999.000
202607312254,   0.424,   0.918,9999.000,9999.000,9999.000,9999.000,9999.000,9999.000,9999.000
202607312300,   0.426,   0.918,   0.700,  -0.208,   0.918,   0.700,   0.918,   0.700,   0.918
202607312306,   0.431,   0.928,9999.000,9999.000,9999.000,9999.000,9999.000,9999.000,9999.000
202607312312,   0.439,   0.941,9999.000,9999.000,9999.000,9999.000,9999.000,9999.000,9999.000
202607312318,   0.450,   0.961,9999.000,9999.000,9999.000,9999.000,9999.000,9999.000,9999.000
202607312324,   0.463,   1.275,9999.000,9999.000,9999.000,9999.000,9999.000,9999.000,9999.000
202607312330,   0.479,9999.000,9999.000,9999.000,9999.000,9999.000,9999.000,9999.000,9999.000
202607312336,   0.497,9999.000,9999.000,9999.000,9999.000,9999.000,9999.000,9999.000,9999.000
202607312342,   0.518,9999.000,9999.000,9999.000,9999.000,9999.000,9999.000,9999.000,9999.000
202607312348,   0.542,9999.000,9999.000,9999.000,9999.000,9999.000,9999.000,9999.000,9999.000
202607312354,   0.569,   1.088,9999.000,9999.000,9999.000,9999.000,9999.000,9999.000,9999.000
202608010000,   0.598,   1.279,   0.700,  -0.019,   1.279,   0.700,   1.279,   0.700,   1.279
202608010006,   0.631,   1.161,9999.000,9999.000,9999.000,9999.000,9999.000,9999.000,9999.000
202608010012,   0.666,   1.229,9999.000,9999.000,9999.000,9999.000,9999.000,9999.000,9999.000
202608010018,   0.705,   1.259,9999.000,9999.000,9999.000,9999.000,9999.000,9999.000,9999.000
202608010024,   0.747,   1.298,9999.000,9999.000,9999.000,9999.000,9999.000,9999.000,9999.000
202608010030,   0.792,   1.371,9999.000,9999.000,9999.000,9999.000,9999.000,9999.000,9999.000
202608010036,   0.840,   1.439,9999.000,9999.000,9999.000,9999.000,9999.000,9999.000,9999.000
202608010042,   0.892,   1.469,9999.000,9999.000,9999.000,9999.000,9999.000,9999.000,9999.000
202608010048,   0.947,   1.600,9999.000,9999.000,9999.000,9999.000,9999.000,9999.000,9999.000
202608010054,   1.005,   1.659,9999.000,9999.000,9999.000,9999.000,9999.000,9999.000,9999.000
202608010100,   1.067,   1.830,   0.700,   0.063,   1.830,   0.700,   1.830,   0.700,   1.830
202608010106,   1.133,   1.918,9999.000,9999.000,9999.000,9999.000,9999.000,9999.000,9999.000
202608010112,   1.201,   2.069,9999.000,9999.000,9999.000,9999.000,9999.000,9999.000,9999.000
202608010118,   1.273,   2.118,9999.000,9999.000,9999.000,9999.000,9999.000,9999.000,9999.000
202608010124,   1.347,   2.299,9999.000,9999.000,9999.000,9999.000,9999.000,9999.000,9999.000
202608010130,   1.425,   2.358,9999.000,9999.000,9999.000,9999.000,9999.000,9999.000,9999.000
202608010136,   1.504,   2.469,9999.000,9999.000,9999.000,9999.000,9999.000,9999.000,9999.000
202608010142,   1.586,   2.597,9999.000,9999.000,9999.000,9999.000,9999.000,9999.000,9999.000
202608010148,   1.670,   2.669,9999.000,9999.000,9999.000,9999.000,9999.000,9999.000,9999.000
202608010154,   1.755,   2.748,9999.000,9999.000,9999.000,9999.000,9999.000,9999.000,9999.000
202608010200,   1.842,   2.820,   0.700,   0.278,   2.820,   0.700,   2.820,   0.700,   2.820
202608010206,   1.929,   2.909,9999.000,9999.000,9999.000,9999.000,9999.000,9999.000,9999.000
202608010212,   2.017,   2.997,9999.000,9999.000,9999.000,9999.000,9999.000,9999.000,9999.000
202608010218,   2.104,   3.060,9999.000,9999.000,9999.000,9999.000,9999.000,9999.000,9999.000
202608010224,   2.191,   3.178,9999.000,9999.000,9999.000,9999.000,9999.000,9999.000,9999.000
202608010230,   2.276,   3.260,9999.000,9999.000,9999.000,9999.000,9999.000,9999.000,9999.000
202608010236,   2.361,   3.339,9999.000,9999.000,9999.000,9999.000,9999.000,9999.000,9999.000
202608010242,   2.443,   3.417,9999.000,9999.000,9999.000,9999.000,9999.000,9999.000,9999.000
202608010248,   2.523,   3.499,9999.000,9999.000,9999.000,9999.000,9999.000,9999.000,9999.000
202608010254,   2.601,   3.568,9999.000,9999.000,9999.000,9999.000,9999.000,9999.000,9999.000
202608010300,   2.676,   3.627,   0.700,   0.251,   3.627,   0.700,   3.627,   0.700,   3.627
202608010306,   2.747,   3.699,9999.000,9999.000,9999.000,9999.000,9999.000,9999.000,9999.000
202608010312,   2.815,   3.788,9999.000,9999.000,9999.000,9999.000,9999.000,9999.000,9999.000
202608010318,   2.879,   3.847,9999.000,9999.000,9999.000,9999.000,9999.000,9999.000,9999.000
202608010324,   2.939,   3.899,9999.000,9999.000,9999.000,9999.000,9999.000,9999.000,9999.000
202608010330,   2.995,   3.949,9999.000,9999.000,9999.000,9999.000,9999.000,9999.000,9999.000
202608010336,   3.047,   3.988,9999.000,9999.000,9999.000,9999.000,9999.000,9999.000,9999.000
202608010342,   3.094,   4.037,9999.000,9999.000,9999.000,9999.000,9999.000,9999.000,9999.000
202608010348,   3.137,   4.080,9999.000,9999.000,9999.000,9999.000,9999.000,9999.000,9999.000
202608010354,   3.176,   4.109,9999.000,9999.000,9999.000,9999.000,9999.000,9999.000,9999.000
202608010400,   3.210,   4.149,   0.700,   0.239,   4.149,   0.700,   4.149,   0.700,   4.149
202608010406,   3.241,   4.159,9999.000,9999.000,9999.000,9999.000,9999.000,9999.000,9999.000
202608010412,   3.266,   4.168,9999.000,9999.000,9999.000,9999.000,9999.000,9999.000,9999.000
202608010418,   3.288,   4.178,9999.000,9999.000,9999.000,9999.000,9999.000,9999.000,9999.000
202608010424,   3.305,   4.188,9999.000,9999.000,9999.000,9999.000,9999.000,9999.000,9999.000
202608010430,   3.319,   4.198,9999.000,9999.000,9999.000,9999.000,9999.000,9999.000,9999.000
202608010436,   3.328,   4.198,9999.000,9999.000,9999.000,9999.000,9999.000,9999.000,9999.000
202608010442,   3.333,   4.188,9999.000,9999.000,9999.000,9999.000,9999.000,9999.000,9999.000
202608010448,   3.335,   4.188,9999.000,9999.000,9999.000,9999.000,9999.000,9999.000,9999.000
202608010454,   3.333,   4.178,9999.000,9999.000,9999.000,9999.000,9999.000,9999.000,9999.000
202608010500,   3.327,   4.168,   0.700,   0.141,   4.168,   0.700,   4.168,   0.700,   4.168
202608010506,   3.318,   4.168,9999.000,9999.000,9999.000,9999.000,9999.000,9999.000,9999.000
202608010512,   3.305,   4.149,9999.000,9999.000,9999.000,9999.000,9999.000,9999.000,9999.000
202608010518,   3.289,   4.139,9999.000,9999.000,9999.000,9999.000,9999.000,9999.000,9999.000
202608010524,   3.269,   4.119,9999.000,9999.000,9999.000,9999.000,9999.000,9999.000,9999.000
202608010530,   3.246,   4.099,9999.000,9999.000,9999.000,9999.000,9999.000,9999.000,9999.000
202608010536,   3.220,   4.080,9999.000,9999.000,9999.000,9999.000,9999.000,9999.000,9999.000
202608010542,   3.191,   4.047,9999.000,9999.000,9999.000,9999.000,9999.000,9999.000,9999.000
202608010548,   3.159,   4.017,9999.000,9999.000,9999.000,9999.000,9999.000,9999.000,9999.000
202608010554,   3.123,   3.988,9999.000,9999.000,9999.000,9999.000,9999.000,9999.000,9999.000
202608010600,   3.085,   3.939,   0.700,   0.154,   3.939,   0.700,   3.939,   0.700,   3.939
202608010606,   3.044,   3.899,9999.000,9999.000,9999.000,9999.000,9999.000,9999.000,9999.000
202608010612,   3.000,   3.860,9999.000,9999.000,9999.000,9999.000,9999.000,9999.000,9999.000
202608010618,   2.953,   3.808,9999.000,9999.000,9999.000,9999.000,9999.000,9999.000,9999.000
202608010624,   2.904,   3.758,9999.000,9999.000,9999.000,9999.000,9999.000,9999.000,9999.000
202608010630,   2.853,   3.699,9999.000,9999.000,9999.000,9999.000,9999.000,9999.000,9999.000
202608010636,   2.799,   3.607,9999.000,9999.000,9999.000,9999.000,9999.000,9999.000,9999.000
202608010642,   2.744,   3.548,9999.000,9999.000,9999.000,9999.000,9999.000,9999.000,9999.000
202608010648,   2.686,   3.470,9999.000,9999.000,9999.000,9999.000,9999.000,9999.000,9999.000
202608010654,   2.627,   3.388,9999.000,9999.000,9999.000,9999.000,9999.000,9999.000,9999.000
202608010700,   2.567,   3.319,   0.700,   0.052,   3.319,   0.700,   3.319,   0.700,   3.319
202608010706,   2.505,   3.240,9999.000,9999.000,9999.000,9999.000,9999.000,9999.000,9999.000
202608010712,   2.442,   3.168,9999.000,9999.000,9999.000,9999.000,9999.000,9999.000,9999.000
202608010718,   2.377,   3.070,9999.000,9999.000,9999.000,9999.000,9999.000,9999.000,9999.000
202608010724,   2.313,   2.978,9999.000,9999.000,9999.000,9999.000,9999.000,9999.000,9999.000
202608010730,   2.247,   2.889,9999.000,9999.000,9999.000,9999.000,9999.000,9999.000,9999.000
202608010736,   2.182,   2.807,9999.000,9999.000,9999.000,9999.000,9999.000,9999.000,9999.000
202608010742,   2.116,   2.738,9999.000,9999.000,9999.000,9999.000,9999.000,9999.000,9999.000
202608010748,   2.050,   2.660,9999.000,9999.000,9999.000,9999.000,9999.000,9999.000,9999.000
202608010754,   1.984,   2.578,9999.000,9999.000,9999.000,9999.000,9999.000,9999.000,9999.000
202608010800,   1.918,   2.509,   0.700,  -0.109,   2.509,   0.700,   2.509,   0.700,   2.509
202608010806,   1.853,   2.420,9999.000,9999.000,9999.000,9999.000,9999.000,9999.000,9999.000
202608010812,   1.788,   2.338,9999.000,9999.000,9999.000,9999.000,9999.000,9999.000,9999.000
202608010818,   1.724,   2.250,9999.000,9999.000,9999.000,9999.000,9999.000,9999.000,9999.000
202608010824,   1.661,   2.191,9999.000,9999.000,9999.000,9999.000,9999.000,9999.000,9999.000
202608010830,   1.598,   2.109,9999.000,9999.000,9999.000,9999.000,9999.000,9999.000,9999.000
202608010836,   1.537,   2.030,9999.000,9999.000,9999.000,9999.000,9999.000,9999.000,9999.000
202608010842,   1.476,   1.958,9999.000,9999.000,9999.000,9999.000,9999.000,9999.000,9999.000
202608010848,   1.417,   1.899,9999.000,9999.000,9999.000,9999.000,9999.000,9999.000,9999.000
202608010854,   1.359,   1.840,9999.000,9999.000,9999.000,9999.000,9999.000,9999.000,9999.000
202608010900,   1.303,   1.781,   0.700,  -0.222,   1.781,   0.700,   1.781,   0.700,   1.781
202608010906,   1.248,   1.738,9999.000,9999.000,9999.000,9999.000,9999.000,9999.000,9999.000
202608010912,   1.195,   1.689,9999.000,9999.000,9999.000,9999.000,9999.000,9999.000,9999.000
202608010918,   1.144,   1.649,9999.000,9999.000,9999.000,9999.000,9999.000,9999.000,9999.000
202608010924,   1.095,   1.610,9999.000,9999.000,9999.000,9999.000,9999.000,9999.000,9999.000
202608010930,   1.047,   1.571,9999.000,9999.000,9999.000,9999.000,9999.000,9999.000,9999.000
202608010936,   1.002,   1.528,9999.000,9999.000,9999.000,9999.000,9999.000,9999.000,9999.000
202608010942,   0.959,   1.489,9999.000,9999.000,9999.000,9999.000,9999.000,9999.000,9999.000
202608010948,   0.918,   1.449,9999.000,9999.000,9999.000,9999.000,9999.000,9999.000,9999.000
202608010954,   0.880,   1.420,9999.000,9999.000,9999.000,9999.000,9999.000,9999.000,9999.000
202608011000,   0.845,   1.400,   0.700,  -0.145,   1.400,   0.700,   1.400,   0.700,   1.400
202608011006,   0.812,   1.380,9999.000,9999.000,9999.000,9999.000,9999.000,9999.000,9999.000
202608011012,   0.781,   1.361,9999.000,9999.000,9999.000,9999.000,9999.000,9999.000,9999.000
202608011018,   0.754,   1.459,9999.000,9999.000,9999.000,9999.000,9999.000,9999.000,9999.000
202608011024,   0.729,   1.328,9999.000,9999.000,9999.000,9999.000,9999.000,9999.000,9999.000
202608011030,   0.708,   1.318,9999.000,9999.000,9999.000,9999.000,9999.000,9999.000,9999.000
202608011036,   0.689,   1.318,9999.000,9999.000,9999.000,9999.000,9999.000,9999.000,9999.000
202608011042,   0.673,   1.318,9999.000,9999.000,9999.000,9999.000,9999.000,9999.000,9999.000
202608011048,   0.659,   1.318,9999.000,9999.000,9999.000,9999.000,9999.000,9999.000,9999.000
202608011054,   0.649,   1.328,9999.000,9999.000,9999.000,9999.000,9999.000,9999.000,9999.000
202608011100,   0.641,   1.328,   0.700,  -0.013,   1.328,   0.700,   1.328,   0.700,   1.328
202608011106,   0.637,   1.338,9999.000,9999.000,9999.000,9999.000,9999.000,9999.000,9999.000
202608011112,   0.634,   1.361,9999.000,9999.000,9999.000,9999.000,9999.000,9999.000,9999.000
202608011118,   0.635,   1.390,9999.000,9999.000,9999.000,9999.000,9999.000,9999.000,9999.000
202608011124,   0.638,   1.525,9999.000,9999.000,9999.000,9999.000,9999.000,9999.000,9999.000
202608011130,   0.644,9999.000,9999.000,9999.000,9999.000,9999.000,9999.000,9999.000,9999.000
202608011136,   0.652,9999.000,9999.000,9999.000,9999.000,9999.000,9999.000,9999.000,9999.000
202608011142,   0.662,   1.469,9999.000,9999.000,9999.000,9999.000,9999.000,9999.000,9999.000
202608011148,   0.675,   1.498,9999.000,9999.000,9999.000,9999.000,9999.000,9999.000,9999.000
202608011154,   0.691,   1.508,9999.000,9999.000,9999.000,9999.000,9999.000,9999.000,9999.000
202608011200,   0.708,   1.528,   0.700,   0.120,   1.528,   0.700,   1.528,   0.700,   1.528
202608011206,   0.729,   1.548,9999.000,9999.000,9999.000,9999.000,9999.000,9999.000,9999.000
202608011212,   0.751,   1.590,9999.000,9999.000,9999.000,9999.000,9999.000,9999.000,9999.000
202608011218,   0.776,   1.620,9999.000,9999.000,9999.000,9999.000,9999.000,9999.000,9999.000
202608011224,   0.804,   1.630,9999.000,9999.000,9999.000,9999.000,9999.000,9999.000,9999.000
202608011230,   0.834,   1.708,9999.000,9999.000,9999.000,9999.000,9999.000,9999.000,9999.000
202608011236,   0.867,   1.689,9999.000,9999.000,9999.000,9999.000,9999.000,9999.000,9999.000
202608011242,   0.903,   1.758,9999.000,9999.000,9999.000,9999.000,9999.000,9999.000,9999.000
202608011248,   0.941,   1.781,9999.000,9999.000,9999.000,9999.000,9999.000,9999.000,9999.000
202608011254,   0.983,   1.879,9999.000,9999.000,9999.000,9999.000,9999.000,9999.000,9999.000
202608011300,   1.027,   1.879,   0.700,   0.152,   1.879,   0.700,   1.879,   0.700,   1.879
202608011306,   1.075,   2.000,9999.000,9999.000,9999.000,9999.000,9999.000,9999.000,9999.000
202608011312,   1.126,   2.040,9999.000,9999.000,9999.000,9999.000,9999.000,9999.000,9999.000
202608011318,   1.179,   2.118,9999.000,9999.000,9999.000,9999.000,9999.000,9999.000,9999.000
202608011324,   1.236,   2.158,9999.000,9999.000,9999.000,9999.000,9999.000,9999.000,9999.000
202608011330,   1.296,   2.230,9999.000,9999.000,9999.000,9999.000,9999.000,9999.000,9999.000
202608011336,   1.359,   2.328,9999.000,9999.000,9999.000,9999.000,9999.000,9999.000,9999.000
202608011342,   1.425,   2.348,9999.000,9999.000,9999.000,9999.000,9999.000,9999.000,9999.000
202608011348,   1.493,   2.430,9999.000,9999.000,9999.000,9999.000,9999.000,9999.000,9999.000
202608011354,   1.564,   2.519,9999.000,9999.000,9999.000,9999.000,9999.000,9999.000,9999.000
202608011400,   1.637,   2.528,   0.700,   0.191,   2.528,   0.700,   2.528,   0.700,   2.528
202608011406,   1.712,   2.660,9999.000,9999.000,9999.000,9999.000,9999.000,9999.000,9999.000
202608011412,   1.789,   2.758,9999.000,9999.000,9999.000,9999.000,9999.000,9999.000,9999.000
202608011418,   1.867,   2.840,9999.000,9999.000,9999.000,9999.000,9999.000,9999.000,9999.000
202608011424,   1.946,   2.889,9999.000,9999.000,9999.000,9999.000,9999.000,9999.000,9999.000
202608011430,   2.025,   2.968,9999.000,9999.000,9999.000,9999.000,9999.000,9999.000,9999.000
202608011436,   2.105,   3.079,9999.000,9999.000,9999.000,9999.000,9999.000,9999.000,9999.000
202608011442,   2.185,   3.168,9999.000,9999.000,9999.000,9999.000,9999.000,9999.000,9999.000
202608011448,   2.263,   3.230,9999.000,9999.000,9999.000,9999.000,9999.000,9999.000,9999.000
202608011454,   2.341,   3.329,9999.000,9999.000,9999.000,9999.000,9999.000,9999.000,9999.000
202608011500,   2.417,   3.427,   0.700,   0.310,   3.427,   0.700,   3.427,   0.700,   3.427
202608011506,   2.491,   3.480,9999.000,9999.000,9999.000,9999.000,9999.000,9999.000,9999.000
202608011512,   2.563,   3.548,9999.000,9999.000,9999.000,9999.000,9999.000,9999.000,9999.000
202608011518,   2.633,   3.588,9999.000,9999.000,9999.000,9999.000,9999.000,9999.000,9999.000
202608011524,   2.699,   3.680,9999.000,9999.000,9999.000,9999.000,9999.000,9999.000,9999.000
202608011530,   2.762,   3.689,9999.000,9999.000,9999.000,9999.000,9999.000,9999.000,9999.000
202608011536,   2.821,   3.749,9999.000,9999.000,9999.000,9999.000,9999.000,9999.000,9999.000
202608011542,   2.877,   3.798,9999.000,9999.000,9999.000,9999.000,9999.000,9999.000,9999.000
202608011548,   2.928,   3.847,9999.000,9999.000,9999.000,9999.000,9999.000,9999.000,9999.000
202608011554,   2.976,   3.909,9999.000,9999.000,9999.000,9999.000,9999.000,9999.000,9999.000
202608011600,   3.019,   3.939,   0.700,   0.220,   3.939,   0.700,   3.939,   0.700,   3.939
202608011606,   3.058,   3.968,9999.000,9999.000,9999.000,9999.000,9999.000,9999.000,9999.000
202608011612,   3.093,   4.017,9999.000,9999.000,9999.000,9999.000,9999.000,9999.000,9999.000
202608011618,   3.123,   4.037,9999.000,9999.000,9999.000,9999.000,9999.000,9999.000,9999.000
202608011624,   3.150,   4.080,9999.000,9999.000,9999.000,9999.000,9999.000,9999.000,9999.000
202608011630,   3.171,   4.099,9999.000,9999.000,9999.000,9999.000,9999.000,9999.000,9999.000
202608011636,   3.189,   4.109,9999.000,9999.000,9999.000,9999.000,9999.000,9999.000,9999.000
202608011642,   3.202,   4.119,9999.000,9999.000,9999.000,9999.000,9999.000,9999.000,9999.000
202608011648,   3.212,   4.119,9999.000,9999.000,9999.000,9999.000,9999.000,9999.000,9999.000
202608011654,   3.217,   4.119,9999.000,9999.000,9999.000,9999.000,9999.000,9999.000,9999.000
202608011700,   3.219,   4.119,   0.700,   0.200,   4.119,   0.600,   4.019,   0.700,   4.119
202608011706,   3.217,   4.119,9999.000,9999.000,9999.000,9999.000,9999.000,9999.000,9999.000
202608011712,   3.211,   4.109,9999.000,9999.000,9999.000,9999.000,9999.000,9999.000,9999.000
202608011718,   3.201,   4.090,9999.000,9999.000,9999.000,9999.000,9999.000,9999.000,9999.000
202608011724,   3.188,   4.080,9999.000,9999.000,9999.000,9999.000,9999.000,9999.000,9999.000
202608011730,   3.172,   4.047,9999.000,9999.000,9999.000,9999.000,9999.000,9999.000,9999.000
202608011736,   3.152,   4.017,9999.000,9999.000,9999.000,9999.000,9999.000,9999.000,9999.000
202608011742,   3.130,   3.998,9999.000,9999.000,9999.000,9999.000,9999.000,9999.000,9999.000
202608011748,   3.104,   3.949,9999.000,9999.000,9999.000,9999.000,9999.000,9999.000,9999.000
202608011754,   3.074,   3.909,9999.000,9999.000,9999.000,9999.000,9999.000,9999.000,9999.000
202608011800,   3.042,   3.870,   0.700,   0.128,   3.870,   0.700,   3.870,   0.700,   3.870
202608011806,   3.007,   3.827,9999.000,9999.000,9999.000,9999.000,9999.000,9999.000,9999.000
202608011812,   2.969,   3.788,9999.000,9999.000,9999.000,9999.000,9999.000,9999.000,9999.000
202608011818,   2.928,   3.739,9999.000,9999.000,9999.000,9999.000,9999.000,9999.000,9999.000
202608011824,   2.884,   3.689,9999.000,9999.000,9999.000,9999.000,9999.000,9999.000,9999.000
202608011830,   2.838,   3.637,9999.000,9999.000,9999.000,9999.000,9999.000,9999.000,9999.000
202608011836,   2.789,   3.598,9999.000,9999.000,9999.000,9999.000,9999.000,9999.000,9999.000
202608011842,   2.738,   3.548,9999.000,9999.000,9999.000,9999.000,9999.000,9999.000,9999.000
202608011848,   2.684,   3.509,9999.000,9999.000,9999.000,9999.000,9999.000,9999.000,9999.000
202608011854,   2.629,   3.460,9999.000,9999.000,9999.000,9999.000,9999.000,9999.000,9999.000
202608011900,   2.571,   3.417,   0.700,   0.146,   3.417,   0.700,   3.417,   0.700,   3.417
202608011906,   2.511,   3.358,9999.000,9999.000,9999.000,9999.000,9999.000,9999.000,9999.000
202608011912,   2.450,   3.270,9999.000,9999.000,9999.000,9999.000,9999.000,9999.000,9999.000
202608011918,   2.387,   3.230,9999.000,9999.000,9999.000,9999.000,9999.000,9999.000,9999.000
202608011924,   2.323,   3.158,9999.000,9999.000,9999.000,9999.000,9999.000,9999.000,9999.000
202608011930,   2.258,   3.079,9999.000,9999.000,9999.000,9999.000,9999.000,9999.000,9999.000
202608011936,   2.191,   3.017,9999.000,9999.000,9999.000,9999.000,9999.000,9999.000,9999.000
202608011942,   2.124,   2.929,9999.000,9999.000,9999.000,9999.000,9999.000,9999.000,9999.000
202608011948,   2.056,   2.840,9999.000,9999.000,9999.000,9999.000,9999.000,9999.000,9999.000
202608011954,   1.988,   2.768,9999.000,9999.000,9999.000,9999.000,9999.000,9999.000,9999.000
202608012000,   1.920,   2.689,   0.700,   0.069,   2.689,   0.700,   2.689,   0.700,   2.689
202608012006,   1.852,   2.610,9999.000,9999.000,9999.000,9999.000,9999.000,9999.000,9999.000
202608012012,   1.783,   2.528,9999.000,9999.000,9999.000,9999.000,9999.000,9999.000,9999.000
202608012018,   1.715,   2.450,9999.000,9999.000,9999.000,9999.000,9999.000,9999.000,9999.000
202608012024,   1.647,   2.377,9999.000,9999.000,9999.000,9999.000,9999.000,9999.000,9999.000
202608012030,   1.580,   2.318,9999.000,9999.000,9999.000,9999.000,9999.000,9999.000,9999.000
202608012036,   1.514,   2.230,9999.000,9999.000,9999.000,9999.000,9999.000,9999.000,9999.000
202608012042,   1.448,   2.158,9999.000,9999.000,9999.000,9999.000,9999.000,9999.000,9999.000
202608012048,   1.384,   2.079,9999.000,9999.000,9999.000,9999.000,9999.000,9999.000,9999.000
202608012054,   1.320,   2.010,9999.000,9999.000,9999.000,9999.000,9999.000,9999.000,9999.000
202608012100,   1.258,   1.928,   0.700,  -0.030,   1.928,   0.700,   1.928,   0.700,   1.928
202608012106,   1.197,   1.869,9999.000,9999.000,9999.000,9999.000,9999.000,9999.000,9999.000
202608012112,   1.137,   1.810,9999.000,9999.000,9999.000,9999.000,9999.000,9999.000,9999.000
202608012118,   1.079,   1.738,9999.000,9999.000,9999.000,9999.000,9999.000,9999.000,9999.000
202608012124,   1.022,   1.679,9999.000,9999.000,9999.000,9999.000,9999.000,9999.000,9999.000
202608012130,   0.968,   1.620,9999.000,9999.000,9999.000,9999.000,9999.000,9999.000,9999.000
202608012136,   0.915,   1.571,9999.000,9999.000,9999.000,9999.000,9999.000,9999.000,9999.000
202608012142,   0.864,   1.518,9999.000,9999.000,9999.000,9999.000,9999.000,9999.000,9999.000
202608012148,   0.816,   1.469,9999.000,9999.000,9999.000,9999.000,9999.000,9999.000,9999.000
202608012154,   0.770,   1.420,9999.000,9999.000,9999.000,9999.000,9999.000,9999.000,9999.000
202608012200,   0.726,   1.361,   0.700,  -0.065,   1.361,   0.700,   1.361,   0.700,   1.361
202608012206,   0.685,   1.328,9999.000,9999.000,9999.000,9999.000,9999.000,9999.000,9999.000
202608012212,   0.646,   1.289,9999.000,9999.000,9999.000,9999.000,9999.000,9999.000,9999.000
202608012218,   0.610,   1.249,9999.000,9999.000,9999.000,9999.000,9999.000,9999.000,9999.000
202608012224,   0.577,   1.269,9999.000,9999.000,9999.000,9999.000,9999.000,9999.000,9999.000
202608012230,   0.547,   1.180,9999.000,9999.000,9999.000,9999.000,9999.000,9999.000,9999.000
202608012236,   0.520,   1.220,9999.000,9999.000,9999.000,9999.000,9999.000,9999.000,9999.000
202608012242,   0.496,   1.138,9999.000,9999.000,9999.000,9999.000,9999.000,9999.000,9999.000
202608012248,   0.475,   1.118,9999.000,9999.000,9999.000,9999.000,9999.000,9999.000,9999.000
202608012254,   0.458,   1.118,9999.000,9999.000,9999.000,9999.000,9999.000,9999.000,9999.000
202608012300,   0.443,   1.088,   0.700,  -0.055,   1.088,   0.700,   1.088,   0.800,   1.188
202608012306,   0.432,   1.088,9999.000,9999.000,9999.000,9999.000,9999.000,9999.000,9999.000
202608012312,   0.424,   1.108,9999.000,9999.000,9999.000,9999.000,9999.000,9999.000,9999.000
202608012318,   0.420,   1.098,9999.000,9999.000,9999.000,9999.000,9999.000,9999.000,9999.000
202608012324,   0.418,   1.118,9999.000,9999.000,9999.000,9999.000,9999.000,9999.000,9999.000
202608012330,   0.419,   1.118,9999.000,9999.000,9999.000,9999.000,9999.000,9999.000,9999.000
202608012336,   0.424,   1.151,9999.000,9999.000,9999.000,9999.000,9999.000,9999.000,9999.000
202608012342,   0.431,   1.170,9999.000,9999.000,9999.000,9999.000,9999.000,9999.000,9999.000
202608012348,   0.442,   1.190,9999.000,9999.000,9999.000,9999.000,9999.000,9999.000,9999.000
202608012354,   0.455,   1.269,9999.000,9999.000,9999.000,9999.000,9999.000,9999.000,9999.000
202608020000,   0.471,   1.220,   0.700,   0.049,   1.220,   0.700,   1.220,   0.800,   1.320
202608020006,   0.490,   1.249,9999.000,9999.000,9999.000,9999.000,9999.000,9999.000,9999.000
202608020012,   0.511,   1.279,9999.000,9999.000,9999.000,9999.000,9999.000,9999.000,9999.000
202608020018,   0.535,   1.318,9999.000,9999.000,9999.000,9999.000,9999.000,9999.000,9999.000
202608020024,   0.562,   1.338,9999.000,9999.000,9999.000,9999.000,9999.000,9999.000,9999.000
202608020030,   0.591,   1.380,9999.000,9999.000,9999.000,9999.000,9999.000,9999.000,9999.000
202608020036,   0.623,   1.430,9999.000,9999.000,9999.000,9999.000,9999.000,9999.000,9999.000
202608020042,   0.658,   1.459,9999.000,9999.000,9999.000,9999.000,9999.000,9999.000,9999.000
202608020048,   0.695,   1.548,9999.000,9999.000,9999.000,9999.000,9999.000,9999.000,9999.000
202608020054,   0.735,   1.571,9999.000,9999.000,9999.000,9999.000,9999.000,9999.000,9999.000
202608020100,   0.777,   1.679,   0.700,   0.202,   1.679,   0.700,   1.679,   0.800,   1.779
202608020106,   0.823,   1.708,9999.000,9999.000,9999.000,9999.000,9999.000,9999.000,9999.000
202608020112,   0.871,   1.758,9999.000,9999.000,9999.000,9999.000,9999.000,9999.000,9999.000
202608020118,   0.923,   1.869,9999.000,9999.000,9999.000,9999.000,9999.000,9999.000,9999.000
202608020124,   0.977,   1.899,9999.000,9999.000,9999.000,9999.000,9999.000,9999.000,9999.000
202608020130,   1.034,   2.010,9999.000,9999.000,9999.000,9999.000,9999.000,9999.000,9999.000
202608020136,   1.095,   2.089,9999.000,9999.000,9999.000,9999.000,9999.000,9999.000,9999.000
202608020142,   1.158,   2.191,9999.000,9999.000,9999.000,9999.000,9999.000,9999.000,9999.000
202608020148,   1.224,   2.279,9999.000,9999.000,9999.000,9999.000,9999.000,9999.000,9999.000
202608020154,   1.294,   2.387,9999.000,9999.000,9999.000,9999.000,9999.000,9999.000,9999.000
202608020200,   1.366,   2.509,   0.800,   0.343,   2.509,   0.700,   2.409,   0.800,   2.509
202608020206,   1.441,   2.568,9999.000,9999.000,9999.000,9999.000,9999.000,9999.000,9999.000
202608020212,   1.518,   2.660,9999.000,9999.000,9999.000,9999.000,9999.000,9999.000,9999.000
202608020218,   1.598,   2.807,9999.000,9999.000,9999.000,9999.000,9999.000,9999.000,9999.000
202608020224,   1.680,   2.869,9999.000,9999.000,9999.000,9999.000,9999.000,9999.000,9999.000
202608020230,   1.763,   2.958,9999.000,9999.000,9999.000,9999.000,9999.000,9999.000,9999.000
202608020236,   1.848,   3.050,9999.000,9999.000,9999.000,9999.000,9999.000,9999.000,9999.000
202608020242,   1.934,   3.197,9999.000,9999.000,9999.000,9999.000,9999.000,9999.000,9999.000
202608020248,   2.021,   3.230,9999.000,9999.000,9999.000,9999.000,9999.000,9999.000,9999.000
202608020254,   2.108,   3.319,9999.000,9999.000,9999.000,9999.000,9999.000,9999.000,9999.000
202608020300,   2.195,   3.398,   0.800,   0.403,   3.398,   0.700,   3.298,   0.800,   3.398
202608020306,   2.282,   3.440,9999.000,9999.000,9999.000,9999.000,9999.000,9999.000,9999.000
202608020312,   2.367,   3.598,9999.000,9999.000,9999.000,9999.000,9999.000,9999.000,9999.000
202608020318,   2.452,   3.650,9999.000,9999.000,9999.000,9999.000,9999.000,9999.000,9999.000
202608020324,   2.534,   3.719,9999.000,9999.000,9999.000,9999.000,9999.000,9999.000,9999.000
202608020330,   2.614,   3.798,9999.000,9999.000,9999.000,9999.000,9999.000,9999.000,9999.000
202608020336,   2.692,   3.808,9999.000,9999.000,9999.000,9999.000,9999.000,9999.000,9999.000
202608020342,   2.767,   3.880,9999.000,9999.000,9999.000,9999.000,9999.000,9999.000,9999.000
202608020348,   2.838,   4.047,9999.000,9999.000,9999.000,9999.000,9999.000,9999.000,9999.000
202608020354,   2.906,   4.047,9999.000,9999.000,9999.000,9999.000,9999.000,9999.000,9999.000
202608020400,   2.970,   4.057,   0.800,   0.287,   4.057,   0.700,   3.957,   0.800,   4.057
202608020406,   3.029,   4.139,9999.000,9999.000,9999.000,9999.000,9999.000,9999.000,9999.000
202608020412,   3.085,   4.159,9999.000,9999.000,9999.000,9999.000,9999.000,9999.000,9999.000
202608020418,   3.136,   4.218,9999.000,9999.000,9999.000,9999.000,9999.000,9999.000,9999.000
202608020424,   3.183,   4.280,9999.000,9999.000,9999.000,9999.000,9999.000,9999.000,9999.000
202608020430,   3.225,   4.319,9999.000,9999.000,9999.000,9999.000,9999.000,9999.000,9999.000
202608020436,   3.262,   4.359,9999.000,9999.000,9999.000,9999.000,9999.000,9999.000,9999.000
202608020442,   3.295,   4.418,9999.000,9999.000,9999.000,9999.000,9999.000,9999.000,9999.000
202608020448,   3.323,   4.457,9999.000,9999.000,9999.000,9999.000,9999.000,9999.000,9999.000
202608020454,   3.347,   4.490,9999.000,9999.000,9999.000,9999.000,9999.000,9999.000,9999.000
202608020500,   3.366,   4.509,   0.800,   0.343,   4.509,   0.700,   4.409,   0.800,   4.509
202608020506,   3.381,   4.519,9999.000,9999.000,9999.000,9999.000,9999.000,9999.000,9999.000
202608020512,   3.391,   4.539,9999.000,9999.000,9999.000,9999.000,9999.000,9999.000,9999.000
202608020518,   3.397,   4.549,9999.000,9999.000,9999.000,9999.000,9999.000,9999.000,9999.000
202608020524,   3.399,   4.549,9999.000,9999.000,9999.000,9999.000,9999.000,9999.000,9999.000
202608020530,   3.398,   4.549,9999.000,9999.000,9999.000,9999.000,9999.000,9999.000,9999.000
202608020536,   3.392,   4.539,9999.000,9999.000,9999.000,9999.000,9999.000,9999.000,9999.000
202608020542,   3.383,   4.529,9999.000,9999.000,9999.000,9999.000,9999.000,9999.000,9999.000
202608020548,   3.370,   4.519,9999.000,9999.000,9999.000,9999.000,9999.000,9999.000,9999.000
202608020554,   3.353,   4.509,9999.000,9999.000,9999.000,9999.000,9999.000,9999.000,9999.000
202608020600,   3.333,   4.490,   0.800,   0.357,   4.490,   0.700,   4.390,   0.800,   4.490
202608020606,   3.310,   4.480,9999.000,9999.000,9999.000,9999.000,9999.000,9999.000,9999.000
202608020612,   3.284,   4.457,9999.000,9999.000,9999.000,9999.000,9999.000,9999.000,9999.000
202608020618,   3.254,   4.437,9999.000,9999.000,9999.000,9999.000,9999.000,9999.000,9999.000
202608020624,   3.221,   4.408,9999.000,9999.000,9999.000,9999.000,9999.000,9999.000,9999.000
202608020630,   3.185,   4.378,9999.000,9999.000,9999.000,9999.000,9999.000,9999.000,9999.000
202608020636,   3.147,   4.339,9999.000,9999.000,9999.000,9999.000,9999.000,9999.000,9999.000
202608020642,   3.105,   4.309,9999.000,9999.000,9999.000,9999.000,9999.000,9999.000,9999.000
202608020648,   3.061,   4.257,9999.000,9999.000,9999.000,9999.000,9999.000,9999.000,9999.000
202608020654,   3.014,   4.227,9999.000,9999.000,9999.000,9999.000,9999.000,9999.000,9999.000
202608020700,   2.964,   4.188,   0.800,   0.424,   4.188,   0.700,   4.088,   0.800,   4.188
202608020706,   2.912,   4.129,9999.000,9999.000,9999.000,9999.000,9999.000,9999.000,9999.000
202608020712,   2.858,   4.080,9999.000,9999.000,9999.000,9999.000,9999.000,9999.000,9999.000
202608020718,   2.802,   4.008,9999.000,9999.000,9999.000,9999.000,9999.000,9999.000,9999.000
202608020724,   2.743,   3.949,9999.000,9999.000,9999.000,9999.000,9999.000,9999.000,9999.000
202608020730,   2.683,   3.890,9999.000,9999.000,9999.000,9999.000,9999.000,9999.000,9999.000
202608020736,   2.621,   3.817,9999.000,9999.000,9999.000,9999.000,9999.000,9999.000,9999.000
202608020742,   2.558,   3.749,9999.000,9999.000,9999.000,9999.000,9999.000,9999.000,9999.000
202608020748,   2.493,   3.680,9999.000,9999.000,9999.000,9999.000,9999.000,9999.000,9999.000
202608020754,   2.427,   3.607,9999.000,9999.000,9999.000,9999.000,9999.000,9999.000,9999.000
202608020800,   2.361,   3.519,   0.800,   0.358,   3.519,   0.800,   3.519,   0.800,   3.519
202608020806,   2.293,   3.417,9999.000,9999.000,9999.000,9999.000,9999.000,9999.000,9999.000
202608020812,   2.225,   3.339,9999.000,9999.000,9999.000,9999.000,9999.000,9999.000,9999.000
202608020818,   2.156,   3.270,9999.000,9999.000,9999.000,9999.000,9999.000,9999.000,9999.000
202608020824,   2.088,   3.188,9999.000,9999.000,9999.000,9999.000,9999.000,9999.000,9999.000
202608020830,   2.019,   3.119,9999.000,9999.000,9999.000,9999.000,9999.000,9999.000,9999.000
202608020836,   1.950,   3.040,9999.000,9999.000,9999.000,9999.000,9999.000,9999.000,9999.000
202608020842,   1.882,   2.948,9999.000,9999.000,9999.000,9999.000,9999.000,9999.000,9999.000
202608020848,   1.814,   2.899,9999.000,9999.000,9999.000,9999.000,9999.000,9999.000,9999.000
202608020854,   1.746,   2.840,9999.000,9999.000,9999.000,9999.000,9999.000,9999.000,9999.000
202608020900,   1.680,   2.768,   0.800,   0.288,   2.768,   0.800,   2.768,   0.800,   2.768
202608020906,   1.614,   2.719,9999.000,9999.000,9999.000,9999.000,9999.000,9999.000,9999.000
202608020912,   1.549,   2.640,9999.000,9999.000,9999.000,9999.000,9999.000,9999.000,9999.000
202608020918,   1.485,   2.597,9999.000,9999.000,9999.000,9999.000,9999.000,9999.000,9999.000
202608020924,   1.423,   2.548,9999.000,9999.000,9999.000,9999.000,9999.000,9999.000,9999.000
202608020930,   1.361,   2.489,9999.000,9999.000,9999.000,9999.000,9999.000,9999.000,9999.000
202608020936,   1.301,   2.430,9999.000,9999.000,9999.000,9999.000,9999.000,9999.000,9999.000
202608020942,   1.243,   2.387,9999.000,9999.000,9999.000,9999.000,9999.000,9999.000,9999.000
202608020948,   1.186,   2.328,9999.000,9999.000,9999.000,9999.000,9999.000,9999.000,9999.000
202608020954,   1.131,   2.279,9999.000,9999.000,9999.000,9999.000,9999.000,9999.000,9999.000
202608021000,   1.078,   2.230,   0.800,   0.352,   2.230,   0.700,   2.130,   0.800,   2.230
202608021006,   1.027,   2.200,9999.000,9999.000,9999.000,9999.000,9999.000,9999.000,9999.000
202608021012,   0.978,   2.158,9999.000,9999.000,9999.000,9999.000,9999.000,9999.000,9999.000
202608021018,   0.931,   2.118,9999.000,9999.000,9999.000,9999.000,9999.000,9999.000,9999.000
202608021024,   0.887,   2.089,9999.000,9999.000,9999.000,9999.000,9999.000,9999.000,9999.000
202608021030,   0.845,   2.059,9999.000,9999.000,9999.000,9999.000,9999.000,9999.000,9999.000
202608021036,   0.805,   2.030,9999.000,9999.000,9999.000,9999.000,9999.000,9999.000,9999.000
202608021042,   0.769,   2.010,9999.000,9999.000,9999.000,9999.000,9999.000,9999.000,9999.000
202608021048,   0.735,   1.990,9999.000,9999.000,9999.000,9999.000,9999.000,9999.000,9999.000
202608021054,   0.704,   1.967,9999.000,9999.000,9999.000,9999.000,9999.000,9999.000,9999.000
202608021100,   0.676,   1.948,   0.800,   0.472,   1.948,   0.700,   1.848,   0.800,   1.948
202608021106,   0.650,   1.938,9999.000,9999.000,9999.000,9999.000,9999.000,9999.000,9999.000
202608021112,   0.629,   1.918,9999.000,9999.000,9999.000,9999.000,9999.000,9999.000,9999.000
202608021118,   0.610,   1.908,9999.000,9999.000,9999.000,9999.000,9999.000,9999.000,9999.000
202608021124,   0.594,   1.908,9999.000,9999.000,9999.000,9999.000,9999.000,9999.000,9999.000
202608021130,   0.581,   1.899,9999.000,9999.000,9999.000,9999.000,9999.000,9999.000,9999.000
202608021136,   0.572,   1.879,9999.000,9999.000,9999.000,9999.000,9999.000,9999.000,9999.000
202608021142,   0.565,   1.879,9999.000,9999.000,9999.000,9999.000,9999.000,9999.000,9999.000
202608021148,   0.562,   1.889,9999.000,9999.000,9999.000,9999.000,9999.000,9999.000,9999.000
202608021154,   0.562,   1.879,9999.000,9999.000,9999.000,9999.000,9999.000,9999.000,9999.000
202608021200,   0.564,   1.889,   0.800,   0.525,   1.889,   0.800,   1.889,   0.800,   1.889
202608021206,   0.569,   1.889,9999.000,9999.000,9999.000,9999.000,9999.000,9999.000,9999.000
202608021212,   0.578,   1.899,9999.000,9999.000,9999.000,9999.000,9999.000,9999.000,9999.000
202608021218,   0.589,   1.908,9999.000,9999.000,9999.000,9999.000,9999.000,9999.000,9999.000
202608021224,   0.602,   1.928,9999.000,9999.000,9999.000,9999.000,9999.000,9999.000,9999.000
202608021230,   0.618,   1.928,9999.000,9999.000,9999.000,9999.000,9999.000,9999.000,9999.000
202608021236,   0.637,   1.981,9999.000,9999.000,9999.000,9999.000,9999.000,9999.000,9999.000
202608021242,   0.658,   1.948,9999.000,9999.000,9999.000,9999.000,9999.000,9999.000,9999.000
202608021248,   0.682,   2.000,9999.000,9999.000,9999.000,9999.000,9999.000,9999.000,9999.000
202608021254,   0.708,   2.020,9999.000,9999.000,9999.000,9999.000,9999.000,9999.000,9999.000
202608021300,   0.737,   2.059,   0.800,   0.522,   2.059,   0.800,   2.059,   0.800,   2.059
202608021306,   0.768,   2.059,9999.000,9999.000,9999.000,9999.000,9999.000,9999.000,9999.000
202608021312,   0.802,   2.158,9999.000,9999.000,9999.000,9999.000,9999.000,9999.000,9999.000
202608021318,   0.838,   2.138,9999.000,9999.000,9999.000,9999.000,9999.000,9999.000,9999.000
202608021324,   0.877,   2.148,9999.000,9999.000,9999.000,9999.000,9999.000,9999.000,9999.000
202608021330,   0.918,   2.220,9999.000,9999.000,9999.000,9999.000,9999.000,9999.000,9999.000
202608021336,   0.962,   2.210,9999.000,9999.000,9999.000,9999.000,9999.000,9999.000,9999.000
202608021342,   1.009,   2.250,9999.000,9999.000,9999.000,9999.000,9999.000,9999.000,9999.000
202608021348,   1.059,   2.318,9999.000,9999.000,9999.000,9999.000,9999.000,9999.000,9999.000
202608021354,   1.111,   2.400,9999.000,9999.000,9999.000,9999.000,9999.000,9999.000,9999.000
202608021400,   1.167,   2.377,   0.800,   0.410,   2.377,   0.800,   2.377,   0.800,   2.377
202608021406,   1.225,   2.450,9999.000,9999.000,9999.000,9999.000,9999.000,9999.000,9999.000
202608021412,   1.286,   2.568,9999.000,9999.000,9999.000,9999.000,9999.000,9999.000,9999.000
202608021418,   1.350,   2.597,9999.000,9999.000,9999.000,9999.000,9999.000,9999.000,9999.000
202608021424,   1.417,   2.689,9999.000,9999.000,9999.000,9999.000,9999.000,9999.000,9999.000
202608021430,   1.486,   2.807,9999.000,9999.000,9999.000,9999.000,9999.000,9999.000,9999.000
202608021436,   1.557,   2.889,9999.000,9999.000,9999.000,9999.000,9999.000,9999.000,9999.000
202608021442,   1.631,   2.988,9999.000,9999.000,9999.000,9999.000,9999.000,9999.000,9999.000
202608021448,   1.707,   3.089,9999.000,9999.000,9999.000,9999.000,9999.000,9999.000,9999.000
202608021454,   1.785,   3.168,9999.000,9999.000,9999.000,9999.000,9999.000,9999.000,9999.000
202608021500,   1.863,   3.230,   0.800,   0.567,   3.230,   0.800,   3.230,   0.800,   3.230
202608021506,   1.943,   3.348,9999.000,9999.000,9999.000,9999.000,9999.000,9999.000,9999.000
202608021512,   2.024,   3.450,9999.000,9999.000,9999.000,9999.000,9999.000,9999.000,9999.000
202608021518,   2.105,   3.440,9999.000,9999.000,9999.000,9999.000,9999.000,9999.000,9999.000
202608021524,   2.186,   3.539,9999.000,9999.000,9999.000,9999.000,9999.000,9999.000,9999.000
202608021530,   2.266,   3.627,9999.000,9999.000,9999.000,9999.000,9999.000,9999.000,9999.000
202608021536,   2.345,   3.670,9999.000,9999.000,9999.000,9999.000,9999.000,9999.000,9999.000
202608021542,   2.423,   3.749,9999.000,9999.000,9999.000,9999.000,9999.000,9999.000,9999.000
202608021548,   2.500,   3.817,9999.000,9999.000,9999.000,9999.000,9999.000,9999.000,9999.000
202608021554,   2.574,   3.919,9999.000,9999.000,9999.000,9999.000,9999.000,9999.000,9999.000
202608021600,   2.645,   3.939,   0.800,   0.494,   3.939,   0.800,   3.939,   0.900,   4.039
202608021606,   2.714,   4.008,9999.000,9999.000,9999.000,9999.000,9999.000,9999.000,9999.000
202608021612,   2.779,   4.027,9999.000,9999.000,9999.000,9999.000,9999.000,9999.000,9999.000
202608021618,   2.840,   4.099,9999.000,9999.000,9999.000,9999.000,9999.000,9999.000,9999.000
202608021624,   2.898,   4.178,9999.000,9999.000,9999.000,9999.000,9999.000,9999.000,9999.000
202608021630,   2.952,   4.198,9999.000,9999.000,9999.000,9999.000,9999.000,9999.000,9999.000
202608021636,   3.001,   4.267,9999.000,9999.000,9999.000,9999.000,9999.000,9999.000,9999.000
202608021642,   3.047,   4.280,9999.000,9999.000,9999.000,9999.000,9999.000,9999.000,9999.000
202608021648,   3.087,   4.309,9999.000,9999.000,9999.000,9999.000,9999.000,9999.000,9999.000
202608021654,   3.123,   4.339,9999.000,9999.000,9999.000,9999.000,9999.000,9999.000,9999.000
202608021700,   3.155,   4.378,   0.800,   0.423,   4.378,   0.800,   4.378,   0.900,   4.478
202608021706,   3.181,   4.408,9999.000,9999.000,9999.000,9999.000,9999.000,9999.000,9999.000
202608021712,   3.204,   4.408,9999.000,9999.000,9999.000,9999.000,9999.000,9999.000,9999.000
202608021718,   3.222,   4.427,9999.000,9999.000,9999.000,9999.000,9999.000,9999.000,9999.000
202608021724,   3.235,   4.437,9999.000,9999.000,9999.000,9999.000,9999.000,9999.000,9999.000
202608021730,   3.244,   4.457,9999.000,9999.000,9999.000,9999.000,9999.000,9999.000,9999.000
202608021736,   3.249,   4.418,9999.000,9999.000,9999.000,9999.000,9999.000,9999.000,9999.000
202608021742,   3.249,   4.418,9999.000,9999.000,9999.000,9999.000,9999.000,9999.000,9999.000
202608021748,   3.246,   4.427,9999.000,9999.000,9999.000,9999.000,9999.000,9999.000,9999.000
202608021754,   3.239,   4.388,9999.000,9999.000,9999.000,9999.000,9999.000,9999.000,9999.000
202608021800,   3.227,   4.388,   0.900,   0.261,   4.388,   0.800,   4.288,   0.900,   4.388
202608021806,   3.213,   4.359,9999.000,9999.000,9999.000,9999.000,9999.000,9999.000,9999.000
202608021812,   3.195,   4.319,9999.000,9999.000,9999.000,9999.000,9999.000,9999.000,9999.000
202608021818,   3.173,   4.300,9999.000,9999.000,9999.000,9999.000,9999.000,9999.000,9999.000
202608021824,   3.148,   4.257,9999.000,9999.000,9999.000,9999.000,9999.000,9999.000,9999.000
202608021830,   3.120,   4.237,9999.000,9999.000,9999.000,9999.000,9999.000,9999.000,9999.000
202608021836,   3.088,   4.208,9999.000,9999.000,9999.000,9999.000,9999.000,9999.000,9999.000
202608021842,   3.054,   4.168,9999.000,9999.000,9999.000,9999.000,9999.000,9999.000,9999.000
202608021848,   3.016,   4.139,9999.000,9999.000,9999.000,9999.000,9999.000,9999.000,9999.000
202608021854,   2.976,   4.080,9999.000,9999.000,9999.000,9999.000,9999.000,9999.000,9999.000
202608021900,   2.933,   4.037,   0.900,   0.204,   4.037,   0.800,   3.937,   0.900,   4.037
202608021906,   2.887,   3.998,9999.000,9999.000,9999.000,9999.000,9999.000,9999.000,9999.000
202608021912,   2.839,   3.939,9999.000,9999.000,9999.000,9999.000,9999.000,9999.000,9999.000
202608021918,   2.788,   3.899,9999.000,9999.000,9999.000,9999.000,9999.000,9999.000,9999.000
202608021924,   2.734,   3.860,9999.000,9999.000,9999.000,9999.000,9999.000,9999.000,9999.000
202608021930,   2.679,   3.808,9999.000,9999.000,9999.000,9999.000,9999.000,9999.000,9999.000
202608021936,   2.621,   3.758,9999.000,9999.000,9999.000,9999.000,9999.000,9999.000,9999.000
202608021942,   2.561,   3.709,9999.000,9999.000,9999.000,9999.000,9999.000,9999.000,9999.000
202608021948,   2.500,   3.650,9999.000,9999.000,9999.000,9999.000,9999.000,9999.000,9999.000
202608021954,   2.436,   3.588,9999.000,9999.000,9999.000,9999.000,9999.000,9999.000,9999.000
202608022000,   2.372,   3.529,   0.900,   0.257,   3.529,   0.800,   3.429,   1.000,   3.629
202608022006,   2.306,   3.470,9999.000,9999.000,9999.000,9999.000,9999.000,9999.000,9999.000
202608022012,   2.238,   3.398,9999.000,9999.000,9999.000,9999.000,9999.000,9999.000,9999.000
202608022018,   2.170,   3.319,9999.000,9999.000,9999.000,9999.000,9999.000,9999.000,9999.000
202608022024,   2.101,   3.260,9999.000,9999.000,9999.000,9999.000,9999.000,9999.000,9999.000
202608022030,   2.032,   3.188,9999.000,9999.000,9999.000,9999.000,9999.000,9999.000,9999.000
202608022036,   1.962,   3.099,9999.000,9999.000,9999.000,9999.000,9999.000,9999.000,9999.000
202608022042,   1.892,   3.030,9999.000,9999.000,9999.000,9999.000,9999.000,9999.000,9999.000
202608022048,   1.821,   2.948,9999.000,9999.000,9999.000,9999.000,9999.000,9999.000,9999.000
202608022054,   1.752,   2.869,9999.000,9999.000,9999.000,9999.000,9999.000,9999.000,9999.000
202608022100,   1.682,   2.797,   0.900,   0.215,   2.797,   0.800,   2.697,   1.000,   2.897
202608022106,   1.613,   2.719,9999.000,9999.000,9999.000,9999.000,9999.000,9999.000,9999.000
202608022112,   1.545,   2.640,9999.000,9999.000,9999.000,9999.000,9999.000,9999.000,9999.000
202608022118,   1.477,   2.568,9999.000,9999.000,9999.000,9999.000,9999.000,9999.000,9999.000
202608022124,   1.411,   2.489,9999.000,9999.000,9999.000,9999.000,9999.000,9999.000,9999.000
202608022130,   1.345,   2.420,9999.000,9999.000,9999.000,9999.000,9999.000,9999.000,9999.000
202608022136,   1.281,   2.368,9999.000,9999.000,9999.000,9999.000,9999.000,9999.000,9999.000
202608022142,   1.219,   2.299,9999.000,9999.000,9999.000,9999.000,9999.000,9999.000,9999.000
202608022148,   1.157,   2.250,9999.000,9999.000,9999.000,9999.000,9999.000,9999.000,9999.000
202608022154,   1.098,   2.191,9999.000,9999.000,9999.000,9999.000,9999.000,9999.000,9999.000
202608022200,   1.040,   2.138,   0.900,   0.198,   2.138,   0.800,   2.038,   1.000,   2.238
202608022206,   0.984,   2.079,9999.000,9999.000,9999.000,9999.000,9999.000,9999.000,9999.000
202608022212,   0.930,   2.030,9999.000,9999.000,9999.000,9999.000,9999.000,9999.000,9999.000
202608022218,   0.878,   1.981,9999.000,9999.000,9999.000,9999.000,9999.000,9999.000,9999.000
202608022224,   0.828,   1.928,9999.000,9999.000,9999.000,9999.000,9999.000,9999.000,9999.000
202608022230,   0.780,   1.889,9999.000,9999.000,9999.000,9999.000,9999.000,9999.000,9999.000
202608022236,   0.735,   1.840,9999.000,9999.000,9999.000,9999.000,9999.000,9999.000,9999.000
202608022242,   0.693,   1.790,9999.000,9999.000,9999.000,9999.000,9999.000,9999.000,9999.000
202608022248,   0.653,   1.748,9999.000,9999.000,9999.000,9999.000,9999.000,9999.000,9999.000
202608022254,   0.616,   1.718,9999.000,9999.000,9999.000,9999.000,9999.000,9999.000,9999.000
202608022300,   0.582,   1.679,   0.900,   0.197,   1.679,   0.800,   1.579,   1.000,   1.779
202608022306,   0.551,   1.649,9999.000,9999.000,9999.000,9999.000,9999.000,9999.000,9999.000
202608022312,   0.524,   1.620,9999.000,9999.000,9999.000,9999.000,9999.000,9999.000,9999.000
202608022318,   0.499,   1.600,9999.000,9999.000,9999.000,9999.000,9999.000,9999.000,9999.000
202608022324,   0.477,   1.590,9999.000,9999.000,9999.000,9999.000,9999.000,9999.000,9999.000
202608022330,   0.459,   1.580,9999.000,9999.000,9999.000,9999.000,9999.000,9999.000,9999.000
202608022336,   0.445,   1.580,9999.000,9999.000,9999.000,9999.000,9999.000,9999.000,9999.000
202608022342,   0.433,   1.571,9999.000,9999.000,9999.000,9999.000,9999.000,9999.000,9999.000
202608022348,   0.425,   1.580,9999.000,9999.000,9999.000,9999.000,9999.000,9999.000,9999.000
202608022354,   0.421,   1.590,9999.000,9999.000,9999.000,9999.000,9999.000,9999.000,9999.000
202608030000,   0.420,   1.610,   0.900,   0.290,   1.610,   0.800,   1.510,   1.000,   1.710
202608030006,   0.422,   1.649,9999.000,9999.000,9999.000,9999.000,9999.000,9999.000,9999.000
202608030012,   0.427,   1.659,9999.000,9999.000,9999.000,9999.000,9999.000,9999.000,9999.000
202608030018,   0.436,   1.639,9999.000,9999.000,9999.000,9999.000,9999.000,9999.000,9999.000
202608030024,   0.447,   1.630,9999.000,9999.000,9999.000,9999.000,9999.000,9999.000,9999.000
202608030030,   0.462,   1.649,9999.000,9999.000,9999.000,9999.000,9999.000,9999.000,9999.000
202608030036,   0.480,   1.669,9999.000,9999.000,9999.000,9999.000,9999.000,9999.000,9999.000
202608030042,   0.500,   1.708,9999.000,9999.000,9999.000,9999.000,9999.000,9999.000,9999.000
202608030048,   0.524,   1.738,9999.000,9999.000,9999.000,9999.000,9999.000,9999.000,9999.000
202608030054,   0.550,   1.738,9999.000,9999.000,9999.000,9999.000,9999.000,9999.000,9999.000
202608030100,   0.578,   1.748,   0.900,   0.270,   1.748,   0.800,   1.648,   1.000,   1.848
202608030106,   0.609,   1.781,9999.000,9999.000,9999.000,9999.000,9999.000,9999.000,9999.000
202608030112,   0.643,   1.830,9999.000,9999.000,9999.000,9999.000,9999.000,9999.000,9999.000
202608030118,   0.679,   1.830,9999.000,9999.000,9999.000,9999.000,9999.000,9999.000,9999.000
202608030124,   0.717,   1.879,9999.000,9999.000,9999.000,9999.000,9999.000,9999.000,9999.000
202608030130,   0.758,   1.899,9999.000,9999.000,9999.000,9999.000,9999.000,9999.000,9999.000
202608030136,   0.801,   1.958,9999.000,9999.000,9999.000,9999.000,9999.000,9999.000,9999.000
202608030142,   0.847,   2.020,9999.000,9999.000,9999.000,9999.000,9999.000,9999.000,9999.000
202608030148,   0.895,   2.059,9999.000,9999.000,9999.000,9999.000,9999.000,9999.000,9999.000
202608030154,   0.946,   2.118,9999.000,9999.000,9999.000,9999.000,9999.000,9999.000,9999.000
202608030200,   0.999,   2.240,   0.900,   0.341,   2.240,   0.800,   2.140,   0.900,   2.240
202608030206,   1.054,   2.318,9999.000,9999.000,9999.000,9999.000,9999.000,9999.000,9999.000
202608030212,   1.113,   2.377,9999.000,9999.000,9999.000,9999.000,9999.000,9999.000,9999.000
202608030218,   1.173,   2.459,9999.000,9999.000,9999.000,9999.000,9999.000,9999.000,9999.000
202608030224,   1.237,   2.587,9999.000,9999.000,9999.000,9999.000,9999.000,9999.000,9999.000
202608030230,   1.303,   2.620,9999.000,9999.000,9999.000,9999.000,9999.000,9999.000,9999.000
202608030236,   1.372,   2.728,9999.000,9999.000,9999.000,9999.000,9999.000,9999.000,9999.000
202608030242,   1.443,   2.869,9999.000,9999.000,9999.000,9999.000,9999.000,9999.000,9999.000
202608030248,   1.516,   2.968,9999.000,9999.000,9999.000,9999.000,9999.000,9999.000,9999.000
202608030254,   1.592,   3.050,9999.000,9999.000,9999.000,9999.000,9999.000,9999.000,9999.000
202608030300,   1.670,   3.279,   0.900,   0.709,   3.279,   0.800,   3.179,   0.900,   3.279
202608030306,   1.750,   3.207,9999.000,9999.000,9999.000,9999.000,9999.000,9999.000,9999.000
202608030312,   1.831,   3.299,9999.000,9999.000,9999.000,9999.000,9999.000,9999.000,9999.000
202608030318,   1.914,   3.378,9999.000,9999.000,9999.000,9999.000,9999.000,9999.000,9999.000
202608030324,   1.998,   3.460,9999.000,9999.000,9999.000,9999.000,9999.000,9999.000,9999.000
202608030330,   2.083,   3.558,9999.000,9999.000,9999.000,9999.000,9999.000,9999.000,9999.000
202608030336,   2.169,   3.607,9999.000,9999.000,9999.000,9999.000,9999.000,9999.000,9999.000
202608030342,   2.254,   3.699,9999.000,9999.000,9999.000,9999.000,9999.000,9999.000,9999.000
202608030348,   2.339,   3.689,9999.000,9999.000,9999.000,9999.000,9999.000,9999.000,9999.000
202608030354,   2.424,   3.808,9999.000,9999.000,9999.000,9999.000,9999.000,9999.000,9999.000
202608030400,   2.507,   3.880,   0.900,   0.473,   3.880,   0.800,   3.780,   0.900,   3.880
202608030406,   2.588,   3.939,9999.000,9999.000,9999.000,9999.000,9999.000,9999.000,9999.000
202608030412,   2.668,   3.998,9999.000,9999.000,9999.000,9999.000,9999.000,9999.000,9999.000
202608030418,   2.745,   4.080,9999.000,9999.000,9999.000,9999.000,9999.000,9999.000,9999.000
202608030424,   2.819,   4.149,9999.000,9999.000,9999.000,9999.000,9999.000,9999.000,9999.000
202608030430,   2.890,   4.198,9999.000,9999.000,9999.000,9999.000,9999.000,9999.000,9999.000
202608030436,   2.958,   4.227,9999.000,9999.000,9999.000,9999.000,9999.000,9999.000,9999.000
202608030442,   3.022,   4.339,9999.000,9999.000,9999.000,9999.000,9999.000,9999.000,9999.000
202608030448,   3.082,   4.339,9999.000,9999.000,9999.000,9999.000,9999.000,9999.000,9999.000
202608030454,   3.137,   4.378,9999.000,9999.000,9999.000,9999.000,9999.000,9999.000,9999.000
202608030500,   3.189,   4.427,   0.900,   0.338,   4.427,   0.800,   4.327,   0.900,   4.427
202608030506,   3.235,   4.467,9999.000,9999.000,9999.000,9999.000,9999.000,9999.000,9999.000
202608030512,   3.277,   4.500,9999.000,9999.000,9999.000,9999.000,9999.000,9999.000,9999.000
202608030518,   3.315,   4.539,9999.000,9999.000,9999.000,9999.000,9999.000,9999.000,9999.000
202608030524,   3.347,   4.549,9999.000,9999.000,9999.000,9999.000,9999.000,9999.000,9999.000
202608030530,   3.375,   4.569,9999.000,9999.000,9999.000,9999.000,9999.000,9999.000,9999.000
202608030536,   3.398,   4.569,9999.000,9999.000,9999.000,9999.000,9999.000,9999.000,9999.000
202608030542,   3.417,   4.578,9999.000,9999.000,9999.000,9999.000,9999.000,9999.000,9999.000
202608030548,   3.431,   4.598,9999.000,9999.000,9999.000,9999.000,9999.000,9999.000,9999.000
202608030554,   3.440,   4.608,9999.000,9999.000,9999.000,9999.000,9999.000,9999.000,9999.000
202608030600,   3.445,   4.608,   0.900,   0.263,   4.608,   0.800,   4.508,   1.000,   4.708
202608030606,   3.446,   4.608,9999.000,9999.000,9999.000,9999.000,9999.000,9999.000,9999.000
202608030612,   3.443,   4.588,9999.000,9999.000,9999.000,9999.000,9999.000,9999.000,9999.000
202608030618,   3.436,   4.578,9999.000,9999.000,9999.000,9999.000,9999.000,9999.000,9999.000
202608030624,   3.425,   4.559,9999.000,9999.000,9999.000,9999.000,9999.000,9999.000,9999.000
202608030630,   3.410,   4.539,9999.000,9999.000,9999.000,9999.000,9999.000,9999.000,9999.000
202608030636,   3.392,   4.519,9999.000,9999.000,9999.000,9999.000,9999.000,9999.000,9999.000
202608030642,   3.370,   4.509,9999.000,9999.000,9999.000,9999.000,9999.000,9999.000,9999.000
202608030648,   3.345,   4.490,9999.000,9999.000,9999.000,9999.000,9999.000,9999.000,9999.000
202608030654,   3.316,   4.467,9999.000,9999.000,9999.000,9999.000,9999.000,9999.000,9999.000
202608030700,   3.285,   4.447,   0.900,   0.262,   4.447,   0.800,   4.347,   0.900,   4.447
202608030706,   3.250,   4.418,9999.000,9999.000,9999.000,9999.000,9999.000,9999.000,9999.000
202608030712,   3.212,   4.398,9999.000,9999.000,9999.000,9999.000,9999.000,9999.000,9999.000
202608030718,   3.172,   4.398,9999.000,9999.000,9999.000,9999.000,9999.000,9999.000,9999.000
202608030724,   3.129,   4.368,9999.000,9999.000,9999.000,9999.000,9999.000,9999.000,9999.000
202608030730,   3.083,   4.339,9999.000,9999.000,9999.000,9999.000,9999.000,9999.000,9999.000
202608030736,   3.034,   4.309,9999.000,9999.000,9999.000,9999.000,9999.000,9999.000,9999.000
202608030742,   2.983,   4.267,9999.000,9999.000,9999.000,9999.000,9999.000,9999.000,9999.000
202608030748,   2.929,   4.227,9999.000,9999.000,9999.000,9999.000,9999.000,9999.000,9999.000
202608030754,   2.873,   4.178,9999.000,9999.000,9999.000,9999.000,9999.000,9999.000,9999.000
202608030800,   2.815,   4.119,   0.900,   0.404,   4.119,   0.800,   4.019,   0.900,   4.119
202608030806,   2.755,   4.057,9999.000,9999.000,9999.000,9999.000,9999.000,9999.000,9999.000
202608030812,   2.693,   3.998,9999.000,9999.000,9999.000,9999.000,9999.000,9999.000,9999.000
202608030818,   2.629,   3.929,9999.000,9999.000,9999.000,9999.000,9999.000,9999.000,9999.000
202608030824,   2.564,   3.860,9999.000,9999.000,9999.000,9999.000,9999.000,9999.000,9999.000
202608030830,   2.497,   3.788,9999.000,9999.000,9999.000,9999.000,9999.000,9999.000,9999.000
202608030836,   2.429,   3.709,9999.000,9999.000,9999.000,9999.000,9999.000,9999.000,9999.000
202608030842,   2.360,   3.617,9999.000,9999.000,9999.000,9999.000,9999.000,9999.000,9999.000
202608030848,   2.290,   3.548,9999.000,9999.000,9999.000,9999.000,9999.000,9999.000,9999.000
202608030854,   2.219,   3.460,9999.000,9999.000,9999.000,9999.000,9999.000,9999.000,9999.000
202608030900,   2.148,   3.398,   0.900,   0.350,   3.398,   0.800,   3.298,   0.900,   3.398
202608030906,   2.077,   3.339,9999.000,9999.000,9999.000,9999.000,9999.000,9999.000,9999.000
202608030912,   2.006,   3.260,9999.000,9999.000,9999.000,9999.000,9999.000,9999.000,9999.000
202608030918,   1.935,   3.188,9999.000,9999.000,9999.000,9999.000,9999.000,9999.000,9999.000
202608030924,   1.864,   3.109,9999.000,9999.000,9999.000,9999.000,9999.000,9999.000,9999.000
202608030930,   1.793,   3.030,9999.000,9999.000,9999.000,9999.000,9999.000,9999.000,9999.000
202608030936,   1.723,   2.958,9999.000,9999.000,9999.000,9999.000,9999.000,9999.000,9999.000
202608030942,   1.654,   2.889,9999.000,9999.000,9999.000,9999.000,9999.000,9999.000,9999.000
202608030948,   1.585,   2.830,9999.000,9999.000,9999.000,9999.000,9999.000,9999.000,9999.000
202608030954,   1.518,   2.699,9999.000,9999.000,9999.000,9999.000,9999.000,9999.000,9999.000
202608031000,   1.451,   2.669,   0.900,   0.318,   2.669,   0.800,   2.569,   0.900,   2.669
202608031006,   1.386,   2.597,9999.000,9999.000,9999.000,9999.000,9999.000,9999.000,9999.000
202608031012,   1.323,   2.528,9999.000,9999.000,9999.000,9999.000,9999.000,9999.000,9999.000
202608031018,   1.260,   2.499,9999.000,9999.000,9999.000,9999.000,9999.000,9999.000,9999.000
202608031024,   1.200,   2.440,9999.000,9999.000,9999.000,9999.000,9999.000,9999.000,9999.000
202608031030,   1.141,   2.387,9999.000,9999.000,9999.000,9999.000,9999.000,9999.000,9999.000
202608031036,   1.084,   2.338,9999.000,9999.000,9999.000,9999.000,9999.000,9999.000,9999.000
202608031042,   1.029,   2.309,9999.000,9999.000,9999.000,9999.000,9999.000,9999.000,9999.000
202608031048,   0.976,   2.279,9999.000,9999.000,9999.000,9999.000,9999.000,9999.000,9999.000
202608031054,   0.925,   2.240,9999.000,9999.000,9999.000,9999.000,9999.000,9999.000,9999.000
202608031100,   0.876,   2.177,   0.900,   0.401,   2.177,   0.800,   2.077,   0.900,   2.177
202608031106,   0.830,   2.128,9999.000,9999.000,9999.000,9999.000,9999.000,9999.000,9999.000
202608031112,   0.787,   2.089,9999.000,9999.000,9999.000,9999.000,9999.000,9999.000,9999.000
202608031118,   0.746,   2.069,9999.000,9999.000,9999.000,9999.000,9999.000,9999.000,9999.000
202608031124,   0.708,   2.049,9999.000,9999.000,9999.000,9999.000,9999.000,9999.000,9999.000
202608031130,   0.672,   2.020,9999.000,9999.000,9999.000,9999.000,9999.000,9999.000,9999.000
202608031136,   0.640,   2.030,9999.000,9999.000,9999.000,9999.000,9999.000,9999.000,9999.000
202608031142,   0.611,   1.981,9999.000,9999.000,9999.000,9999.000,9999.000,9999.000,9999.000
202608031148,   0.585,   1.948,9999.000,9999.000,9999.000,9999.000,9999.000,9999.000,9999.000
202608031154,   0.562,   1.948,9999.000,9999.000,9999.000,9999.000,9999.000,9999.000,9999.000
202608031200,   0.543,   1.938,   0.800,   0.595,   1.938,   0.800,   1.938,   0.900,   2.038
202608031206,   0.527,   1.948,9999.000,9999.000,9999.000,9999.000,9999.000,9999.000,9999.000
202608031212,   0.514,   1.948,9999.000,9999.000,9999.000,9999.000,9999.000,9999.000,9999.000
202608031218,   0.504,   1.967,9999.000,9999.000,9999.000,9999.000,9999.000,9999.000,9999.000
202608031224,   0.498,   1.967,9999.000,9999.000,9999.000,9999.000,9999.000,9999.000,9999.000
202608031230,   0.495,   1.981,9999.000,9999.000,9999.000,9999.000,9999.000,9999.000,9999.000
202608031236,   0.495,   1.981,9999.000,9999.000,9999.000,9999.000,9999.000,9999.000,9999.000
202608031242,   0.499,   1.967,9999.000,9999.000,9999.000,9999.000,9999.000,9999.000,9999.000
202608031248,   0.505,   1.990,9999.000,9999.000,9999.000,9999.000,9999.000,9999.000,9999.000
202608031254,   0.515,   1.990,9999.000,9999.000,9999.000,9999.000,9999.000,9999.000,9999.000
202608031300,   0.527,   1.981,   0.800,   0.654,   1.981,   0.700,   1.881,   0.900,   2.081
202608031306,   0.542,   1.967,9999.000,9999.000,9999.000,9999.000,9999.000,9999.000,9999.000
202608031312,   0.560,   1.990,9999.000,9999.000,9999.000,9999.000,9999.000,9999.000,9999.000
202608031318,   0.581,   2.010,9999.000,9999.000,9999.000,9999.000,9999.000,9999.000,9999.000
202608031324,   0.604,   2.030,9999.000,9999.000,9999.000,9999.000,9999.000,9999.000,9999.000
202608031330,   0.630,   2.049,9999.000,9999.000,9999.000,9999.000,9999.000,9999.000,9999.000
202608031336,   0.658,   2.059,9999.000,9999.000,9999.000,9999.000,9999.000,9999.000,9999.000
202608031342,   0.689,   2.099,9999.000,9999.000,9999.000,9999.000,9999.000,9999.000,9999.000
202608031348,   0.722,   2.128,9999.000,9999.000,9999.000,9999.000,9999.000,9999.000,9999.000
202608031354,   0.757,   2.168,9999.000,9999.000,9999.000,9999.000,9999.000,9999.000,9999.000
202608031400,   0.795,   2.191,   0.800,   0.596,   2.191,   0.700,   2.091,   0.900,   2.291
202608031406,   0.835,   2.240,9999.000,9999.000,9999.000,9999.000,9999.000,9999.000,9999.000
202608031412,   0.878,   2.289,9999.000,9999.000,9999.000,9999.000,9999.000,9999.000,9999.000
202608031418,   0.923,   2.269,9999.000,9999.000,9999.000,9999.000,9999.000,9999.000,9999.000
202608031424,   0.971,   2.348,9999.000,9999.000,9999.000,9999.000,9999.000,9999.000,9999.000
202608031430,   1.021,   2.358,9999.000,9999.000,9999.000,9999.000,9999.000,9999.000,9999.000
202608031436,   1.074,   2.377,9999.000,9999.000,9999.000,9999.000,9999.000,9999.000,9999.000
202608031442,   1.129,   2.440,9999.000,9999.000,9999.000,9999.000,9999.000,9999.000,9999.000
202608031448,   1.188,   2.479,9999.000,9999.000,9999.000,9999.000,9999.000,9999.000,9999.000
202608031454,   1.248,   2.509,9999.000,9999.000,9999.000,9999.000,9999.000,9999.000,9999.000
202608031500,   1.312,   2.597,   0.800,   0.485,   2.597,   0.700,   2.497,   0.900,   2.697
202608031506,   1.378,   2.650,9999.000,9999.000,9999.000,9999.000,9999.000,9999.000,9999.000
202608031512,   1.446,   2.728,9999.000,9999.000,9999.000,9999.000,9999.000,9999.000,9999.000
202608031518,   1.517,   2.820,9999.000,9999.000,9999.000,9999.000,9999.000,9999.000,9999.000
202608031524,   1.590,   2.889,9999.000,9999.000,9999.000,9999.000,9999.000,9999.000,9999.000
202608031530,   1.665,   2.958,9999.000,9999.000,9999.000,9999.000,9999.000,9999.000,9999.000
202608031536,   1.742,   3.060,9999.000,9999.000,9999.000,9999.000,9999.000,9999.000,9999.000
202608031542,   1.820,   3.138,9999.000,9999.000,9999.000,9999.000,9999.000,9999.000,9999.000
202608031548,   1.900,   3.197,9999.000,9999.000,9999.000,9999.000,9999.000,9999.000,9999.000
202608031554,   1.981,   3.217,9999.000,9999.000,9999.000,9999.000,9999.000,9999.000,9999.000
202608031600,   2.062,   3.279,   0.800,   0.417,   3.279,   0.700,   3.179,   0.800,   3.279
202608031606,   2.143,   3.329,9999.000,9999.000,9999.000,9999.000,9999.000,9999.000,9999.000
202608031612,   2.224,   3.440,9999.000,9999.000,9999.000,9999.000,9999.000,9999.000,9999.000
202608031618,   2.305,   3.440,9999.000,9999.000,9999.000,9999.000,9999.000,9999.000,9999.000
202608031624,   2.384,   3.578,9999.000,9999.000,9999.000,9999.000,9999.000,9999.000,9999.000
202608031630,   2.462,   3.607,9999.000,9999.000,9999.000,9999.000,9999.000,9999.000,9999.000
202608031636,   2.538,   3.689,9999.000,9999.000,9999.000,9999.000,9999.000,9999.000,9999.000
202608031642,   2.612,   3.768,9999.000,9999.000,9999.000,9999.000,9999.000,9999.000,9999.000
202608031648,   2.683,   3.808,9999.000,9999.000,9999.000,9999.000,9999.000,9999.000,9999.000
202608031654,   2.751,   3.847,9999.000,9999.000,9999.000,9999.000,9999.000,9999.000,9999.000
202608031700,   2.816,   3.919,   0.700,   0.403,   3.919,   0.700,   3.919,   0.800,   4.019
202608031706,   2.877,   3.919,9999.000,9999.000,9999.000,9999.000,9999.000,9999.000,9999.000
202608031712,   2.934,   4.008,9999.000,9999.000,9999.000,9999.000,9999.000,9999.000,9999.000
202608031718,   2.987,   4.027,9999.000,9999.000,9999.000,9999.000,9999.000,9999.000,9999.000
202608031724,   3.036,   4.047,9999.000,9999.000,9999.000,9999.000,9999.000,9999.000,9999.000
202608031730,   3.080,   4.080,9999.000,9999.000,9999.000,9999.000,9999.000,9999.000,9999.000
202608031736,   3.120,   4.119,9999.000,9999.000,9999.000,9999.000,9999.000,9999.000,9999.000
202608031742,   3.155,   4.139,9999.000,9999.000,9999.000,9999.000,9999.000,9999.000,9999.000
202608031748,   3.185,   4.159,9999.000,9999.000,9999.000,9999.000,9999.000,9999.000,9999.000
202608031754,   3.210,   4.139,9999.000,9999.000,9999.000,9999.000,9999.000,9999.000,9999.000
202608031800,   3.231,   4.149,   0.700,   0.218,   4.149,   0.600,   4.049,   0.700,   4.149
202608031806,   3.247,   4.149,9999.000,9999.000,9999.000,9999.000,9999.000,9999.000,9999.000
202608031812,   3.258,   4.149,9999.000,9999.000,9999.000,9999.000,9999.000,9999.000,9999.000
202608031818,   3.265,   4.139,9999.000,9999.000,9999.000,9999.000,9999.000,9999.000,9999.000
202608031824,   3.268,   4.129,9999.000,9999.000,9999.000,9999.000,9999.000,9999.000,9999.000
202608031830,   3.266,   4.109,9999.000,9999.000,9999.000,9999.000,9999.000,9999.000,9999.000
202608031836,   3.261,   4.109,9999.000,9999.000,9999.000,9999.000,9999.000,9999.000,9999.000
202608031842,   3.251,   4.109,9999.000,9999.000,9999.000,9999.000,9999.000,9999.000,9999.000
202608031848,   3.237,   4.080,9999.000,9999.000,9999.000,9999.000,9999.000,9999.000,9999.000
202608031854,   3.220,   4.027,9999.000,9999.000,9999.000,9999.000,9999.000,9999.000,9999.000
202608031900,   3.199,   3.988,   0.700,   0.089,   3.988,   0.600,   3.888,   0.700,   3.988
202608031906,   3.175,   3.939,9999.000,9999.000,9999.000,9999.000,9999.000,9999.000,9999.000
202608031912,   3.147,   3.919,9999.000,9999.000,9999.000,9999.000,9999.000,9999.000,9999.000
202608031918,   3.116,   3.870,9999.000,9999.000,9999.000,9999.000,9999.000,9999.000,9999.000
202608031924,   3.082,   3.817,9999.000,9999.000,9999.000,9999.000,9999.000,9999.000,9999.000
202608031930,   3.045,   3.758,9999.000,9999.000,9999.000,9999.000,9999.000,9999.000,9999.000
202608031936,   3.005,   3.699,9999.000,9999.000,9999.000,9999.000,9999.000,9999.000,9999.000
202608031942,   2.962,   3.650,9999.000,9999.000,9999.000,9999.000,9999.000,9999.000,9999.000
202608031948,   2.916,   3.607,9999.000,9999.000,9999.000,9999.000,9999.000,9999.000,9999.000
202608031954,   2.867,   3.558,9999.000,9999.000,9999.000,9999.000,9999.000,9999.000,9999.000
202608032000,   2.816,   3.519,   0.600,   0.103,   3.519,   0.600,   3.519,   0.700,   3.619
202608032006,   2.763,   3.480,9999.000,9999.000,9999.000,9999.000,9999.000,9999.000,9999.000
202608032012,   2.707,   3.417,9999.000,9999.000,9999.000,9999.000,9999.000,9999.000,9999.000
202608032018,   2.649,   3.378,9999.000,9999.000,9999.000,9999.000,9999.000,9999.000,9999.000
202608032024,   2.589,   3.299,9999.000,9999.000,9999.000,9999.000,9999.000,9999.000,9999.000
202608032030,   2.527,   3.260,9999.000,9999.000,9999.000,9999.000,9999.000,9999.000,9999.000
202608032036,   2.463,   3.197,9999.000,9999.000,9999.000,9999.000,9999.000,9999.000,9999.000
202608032042,   2.397,   3.119,9999.000,9999.000,9999.000,9999.000,9999.000,9999.000,9999.000
202608032048,   2.330,   3.050,9999.000,9999.000,9999.000,9999.000,9999.000,9999.000,9999.000
202608032054,   2.262,   2.968,9999.000,9999.000,9999.000,9999.000,9999.000,9999.000,9999.000
202608032100,   2.193,   2.889,   0.600,   0.096,   2.889,   0.500,   2.789,   0.600,   2.889
202608032106,   2.123,   2.797,9999.000,9999.000,9999.000,9999.000,9999.000,9999.000,9999.000
202608032112,   2.053,   2.709,9999.000,9999.000,9999.000,9999.000,9999.000,9999.000,9999.000
202608032118,   1.982,   2.630,9999.000,9999.000,9999.000,9999.000,9999.000,9999.000,9999.000
202608032124,   1.910,   2.538,9999.000,9999.000,9999.000,9999.000,9999.000,9999.000,9999.000
202608032130,   1.839,   2.469,9999.000,9999.000,9999.000,9999.000,9999.000,9999.000,9999.000
202608032136,   1.768,   2.377,9999.000,9999.000,9999.000,9999.000,9999.000,9999.000,9999.000
202608032142,   1.697,   2.309,9999.000,9999.000,9999.000,9999.000,9999.000,9999.000,9999.000
202608032148,   1.627,   2.230,9999.000,9999.000,9999.000,9999.000,9999.000,9999.000,9999.000
202608032154,   1.558,   2.168,9999.000,9999.000,9999.000,9999.000,9999.000,9999.000,9999.000
202608032200,   1.489,   2.099,   0.500,   0.110,   2.099,   0.500,   2.099,   0.600,   2.199
202608032206,   1.422,   2.040,9999.000,9999.000,9999.000,9999.000,9999.000,9999.000,9999.000
202608032212,   1.355,   1.990,9999.000,9999.000,9999.000,9999.000,9999.000,9999.000,9999.000
202608032218,   1.290,   1.928,9999.000,9999.000,9999.000,9999.000,9999.000,9999.000,9999.000
202608032224,   1.227,   1.869,9999.000,9999.000,9999.000,9999.000,9999.000,9999.000,9999.000
202608032230,   1.165,   1.790,9999.000,9999.000,9999.000,9999.000,9999.000,9999.000,9999.000
202608032236,   1.105,   1.728,9999.000,9999.000,9999.000,9999.000,9999.000,9999.000,9999.000
202608032242,   1.047,   1.659,9999.000,9999.000,9999.000,9999.000,9999.000,9999.000,9999.000
202608032248,   0.991,   1.600,9999.000,9999.000,9999.000,9999.000,9999.000,9999.000,9999.000
202608032254,   0.937,   1.538,9999.000,9999.000,9999.000,9999.000,9999.000,9999.000,9999.000
202608032300,   0.885,   1.479,   0.500,   0.094,   1.479,   0.400,   1.379,   0.600,   1.579
202608032306,   0.836,   1.420,9999.000,9999.000,9999.000,9999.000,9999.000,9999.000,9999.000
202608032312,   0.789,   1.371,9999.000,9999.000,9999.000,9999.000,9999.000,9999.000,9999.000
202608032318,   0.744,   1.318,9999.000,9999.000,9999.000,9999.000,9999.000,9999.000,9999.000
202608032324,   0.703,   1.269,9999.000,9999.000,9999.000,9999.000,9999.000,9999.000,9999.000
202608032330,   0.664,   1.239,9999.000,9999.000,9999.000,9999.000,9999.000,9999.000,9999.000
202608032336,   0.628,   1.200,9999.000,9999.000,9999.000,9999.000,9999.000,9999.000,9999.000
202608032342,   0.595,   1.170,9999.000,9999.000,9999.000,9999.000,9999.000,9999.000,9999.000
202608032348,   0.565,   1.138,9999.000,9999.000,9999.000,9999.000,9999.000,9999.000,9999.000
202608032354,   0.538,   1.108,9999.000,9999.000,9999.000,9999.000,9999.000,9999.000,9999.000
202608040000,   0.515,   1.098,   0.500,   0.083,   1.098,   0.500,   1.098,   0.600,   1.198
202608040006,   0.495,   1.069,9999.000,9999.000,9999.000,9999.000,9999.000,9999.000,9999.000
202608040012,   0.478,   1.039,9999.000,9999.000,9999.000,9999.000,9999.000,9999.000,9999.000
202608040018,   0.465,   1.020,9999.000,9999.000,9999.000,9999.000,9999.000,9999.000,9999.000
202608040024,   0.455,   1.000,9999.000,9999.000,9999.000,9999.000,9999.000,9999.000,9999.000
202608040030,   0.449,   0.990,9999.000,9999.000,9999.000,9999.000,9999.000,9999.000,9999.000
202608040036,   0.446,   0.980,9999.000,9999.000,9999.000,9999.000,9999.000,9999.000,9999.000
202608040042,   0.447,   0.970,9999.000,9999.000,9999.000,9999.000,9999.000,9999.000,9999.000
202608040048,   0.451,   0.961,9999.000,9999.000,9999.000,9999.000,9999.000,9999.000,9999.000
202608040054,   0.458,   0.961,9999.000,9999.000,9999.000,9999.000,9999.000,9999.000,9999.000
202608040100,   0.469,   0.961,   0.500,  -0.008,   0.961,   0.400,   0.861,   0.500,   0.961
202608040106,   0.483,   0.970,9999.000,9999.000,9999.000,9999.000,9999.000,9999.000,9999.000
202608040112,   0.500,   0.980,9999.000,9999.000,9999.000,9999.000,9999.000,9999.000,9999.000
202608040118,   0.520,   0.951,9999.000,9999.000,9999.000,9999.000,9999.000,9999.000,9999.000
202608040124,   0.543,   0.990,9999.000,9999.000,9999.000,9999.000,9999.000,9999.000,9999.000
202608040130,   0.569,   0.980,9999.000,9999.000,9999.000,9999.000,9999.000,9999.000,9999.000
202608040136,   0.597,   1.000,9999.000,9999.000,9999.000,9999.000,9999.000,9999.000,9999.000
202608040142,   0.628,   0.990,9999.000,9999.000,9999.000,9999.000,9999.000,9999.000,9999.000
202608040148,   0.661,   0.990,9999.000,9999.000,9999.000,9999.000,9999.000,9999.000,9999.000
202608040154,   0.696,   1.010,9999.000,9999.000,9999.000,9999.000,9999.000,9999.000,9999.000
202608040200,   0.734,   1.059,   0.500,  -0.175,   1.059,   0.400,   0.959,   0.500,   1.059
202608040206,   0.774,   1.039,9999.000,9999.000,9999.000,9999.000,9999.000,9999.000,9999.000
202608040212,   0.816,   1.069,9999.000,9999.000,9999.000,9999.000,9999.000,9999.000,9999.000
202608040218,   0.861,   1.098,9999.000,9999.000,9999.000,9999.000,9999.000,9999.000,9999.000
202608040224,   0.907,   1.098,9999.000,9999.000,9999.000,9999.000,9999.000,9999.000,9999.000
202608040230,   0.955,   1.180,9999.000,9999.000,9999.000,9999.000,9999.000,9999.000,9999.000
202608040236,   1.006,   1.170,9999.000,9999.000,9999.000,9999.000,9999.000,9999.000,9999.000
202608040242,   1.058,   1.239,9999.000,9999.000,9999.000,9999.000,9999.000,9999.000,9999.000
202608040248,   1.113,   1.269,9999.000,9999.000,9999.000,9999.000,9999.000,9999.000,9999.000
202608040254,   1.170,   1.318,9999.000,9999.000,9999.000,9999.000,9999.000,9999.000,9999.000
202608040300,   1.229,   1.361,   0.400,  -0.268,   1.361,   0.400,   1.361,   0.500,   1.461
202608040306,   1.290,   1.459,9999.000,9999.000,9999.000,9999.000,9999.000,9999.000,9999.000
202608040312,   1.354,   1.557,9999.000,9999.000,9999.000,9999.000,9999.000,9999.000,9999.000
202608040318,   1.420,   1.630,9999.000,9999.000,9999.000,9999.000,9999.000,9999.000,9999.000
202608040324,   1.488,   1.758,9999.000,9999.000,9999.000,9999.000,9999.000,9999.000,9999.000
202608040330,   1.558,   1.859,9999.000,9999.000,9999.000,9999.000,9999.000,9999.000,9999.000
202608040336,   1.630,   1.928,9999.000,9999.000,9999.000,9999.000,9999.000,9999.000,9999.000
202608040342,   1.704,   2.049,9999.000,9999.000,9999.000,9999.000,9999.000,9999.000,9999.000
202608040348,   1.780,   2.099,9999.000,9999.000,9999.000,9999.000,9999.000,9999.000,9999.000
202608040354,   1.858,   2.210,9999.000,9999.000,9999.000,9999.000,9999.000,9999.000,9999.000
202608040400,   1.937,   2.279,   0.400,  -0.058,   2.279,   0.400,   2.279,   0.500,   2.379
202608040406,   2.017,   2.348,9999.000,9999.000,9999.000,9999.000,9999.000,9999.000,9999.000
202608040412,   2.099,   2.430,9999.000,9999.000,9999.000,9999.000,9999.000,9999.000,9999.000
202608040418,   2.181,   2.519,9999.000,9999.000,9999.000,9999.000,9999.000,9999.000,9999.000
202608040424,   2.263,   2.578,9999.000,9999.000,9999.000,9999.000,9999.000,9999.000,9999.000
202608040430,   2.345,   2.660,9999.000,9999.000,9999.000,9999.000,9999.000,9999.000,9999.000
202608040436,   2.427,   2.738,9999.000,9999.000,9999.000,9999.000,9999.000,9999.000,9999.000
202608040442,   2.508,   2.807,9999.000,9999.000,9999.000,9999.000,9999.000,9999.000,9999.000
202608040448,   2.588,   2.879,9999.000,9999.000,9999.000,9999.000,9999.000,9999.000,9999.000
202608040454,   2.666,   2.938,9999.000,9999.000,9999.000,9999.000,9999.000,9999.000,9999.000
202608040500,   2.742,   3.017,   0.400,  -0.125,   3.017,   0.300,   2.917,   0.400,   3.017
202608040506,   2.816,   3.030,9999.000,9999.000,9999.000,9999.000,9999.000,9999.000,9999.000
202608040512,   2.886,   3.129,9999.000,9999.000,9999.000,9999.000,9999.000,9999.000,9999.000
202608040518,   2.954,   3.168,9999.000,9999.000,9999.000,9999.000,9999.000,9999.000,9999.000
202608040524,   3.019,   3.230,9999.000,9999.000,9999.000,9999.000,9999.000,9999.000,9999.000
202608040530,   3.079,   3.279,9999.000,9999.000,9999.000,9999.000,9999.000,9999.000,9999.000
202608040536,   3.136,   3.309,9999.000,9999.000,9999.000,9999.000,9999.000,9999.000,9999.000
202608040542,   3.188,   3.348,9999.000,9999.000,9999.000,9999.000,9999.000,9999.000,9999.000
202608040548,   3.236,   3.388,9999.000,9999.000,9999.000,9999.000,9999.000,9999.000,9999.000
202608040554,   3.280,   3.427,9999.000,9999.000,9999.000,9999.000,9999.000,9999.000,9999.000
202608040600,   3.319,   3.450,   0.400,  -0.269,   3.450,   0.300,   3.350,   0.400,   3.450
202608040606,   3.353,   3.470,9999.000,9999.000,9999.000,9999.000,9999.000,9999.000,9999.000
202608040612,   3.382,   3.499,9999.000,9999.000,9999.000,9999.000,9999.000,9999.000,9999.000
202608040618,   3.407,   3.509,9999.000,9999.000,9999.000,9999.000,9999.000,9999.000,9999.000
202608040624,   3.427,   3.519,9999.000,9999.000,9999.000,9999.000,9999.000,9999.000,9999.000
202608040630,   3.443,   3.519,9999.000,9999.000,9999.000,9999.000,9999.000,9999.000,9999.000
202608040636,   3.454,   3.529,9999.000,9999.000,9999.000,9999.000,9999.000,9999.000,9999.000
202608040642,   3.460,   3.519,9999.000,9999.000,9999.000,9999.000,9999.000,9999.000,9999.000
202608040648,   3.462,   3.509,9999.000,9999.000,9999.000,9999.000,9999.000,9999.000,9999.000
202608040654,   3.460,   3.509,9999.000,9999.000,9999.000,9999.000,9999.000,9999.000,9999.000
202608040700,   3.454,   3.480,   0.300,  -0.274,   3.480,   0.300,   3.480,   0.400,   3.580
202608040706,   3.444,   3.427,9999.000,9999.000,9999.000,9999.000,9999.000,9999.000,9999.000
202608040712,   3.430,   3.407,9999.000,9999.000,9999.000,9999.000,9999.000,9999.000,9999.000
202608040718,   3.413,   3.378,9999.000,9999.000,9999.000,9999.000,9999.000,9999.000,9999.000
202608040724,   3.392,   3.348,9999.000,9999.000,9999.000,9999.000,9999.000,9999.000,9999.000
202608040730,   3.367,   3.329,9999.000,9999.000,9999.000,9999.000,9999.000,9999.000,9999.000
202608040736,   3.340,   3.299,9999.000,9999.000,9999.000,9999.000,9999.000,9999.000,9999.000
202608040742,   3.309,   3.260,9999.000,9999.000,9999.000,9999.000,9999.000,9999.000,9999.000
202608040748,   3.275,   3.240,9999.000,9999.000,9999.000,9999.000,9999.000,9999.000,9999.000
202608040754,   3.238,   3.207,9999.000,9999.000,9999.000,9999.000,9999.000,9999.000,9999.000
202608040800,   3.198,   3.178,   0.300,  -0.320,   3.178,   0.300,   3.178,   0.400,   3.278
202608040806,   3.155,   3.138,9999.000,9999.000,9999.000,9999.000,9999.000,9999.000,9999.000
202608040812,   3.109,   3.099,9999.000,9999.000,9999.000,9999.000,9999.000,9999.000,9999.000
202608040818,   3.061,   3.050,9999.000,9999.000,9999.000,9999.000,9999.000,9999.000,9999.000
202608040824,   3.010,   3.007,9999.000,9999.000,9999.000,9999.000,9999.000,9999.000,9999.000
202608040830,   2.957,   2.958,9999.000,9999.000,9999.000,9999.000,9999.000,9999.000,9999.000
202608040836,   2.901,   2.899,9999.000,9999.000,9999.000,9999.000,9999.000,9999.000,9999.000
202608040842,   2.843,   2.820,9999.000,9999.000,9999.000,9999.000,9999.000,9999.000,9999.000
202608040848,   2.783,   2.758,9999.000,9999.000,9999.000,9999.000,9999.000,9999.000,9999.000
202608040854,   2.721,   2.679,9999.000,9999.000,9999.000,9999.000,9999.000,9999.000,9999.000
202608040900,   2.658,   2.597,   0.300,  -0.361,   2.597,   0.300,   2.597,   0.400,   2.697
202608040906,   2.592,   2.528,9999.000,9999.000,9999.000,9999.000,9999.000,9999.000,9999.000
202608040912,   2.525,   2.450,9999.000,9999.000,9999.000,9999.000,9999.000,9999.000,9999.000
202608040918,   2.457,   2.368,9999.000,9999.000,9999.000,9999.000,9999.000,9999.000,9999.000
202608040924,   2.387,   2.289,9999.000,9999.000,9999.000,9999.000,9999.000,9999.000,9999.000
202608040930,   2.316,   2.210,9999.000,9999.000,9999.000,9999.000,9999.000,9999.000,9999.000
202608040936,   2.245,   2.128,9999.000,9999.000,9999.000,9999.000,9999.000,9999.000,9999.000
202608040942,   2.173,   2.059,9999.000,9999.000,9999.000,9999.000,9999.000,9999.000,9999.000
202608040948,   2.100,   1.981,9999.000,9999.000,9999.000,9999.000,9999.000,9999.000,9999.000
202608040954,   2.028,   1.908,9999.000,9999.000,9999.000,9999.000,9999.000,9999.000,9999.000
202608041000,   1.955,   1.840,   0.300,  -0.415,   1.840,   0.200,   1.740,   0.300,   1.840
202608041006,   1.882,   1.758,9999.000,9999.000,9999.000,9999.000,9999.000,9999.000,9999.000
202608041012,   1.810,   1.689,9999.000,9999.000,9999.000,9999.000,9999.000,9999.000,9999.000
202608041018,   1.738,   1.620,9999.000,9999.000,9999.000,9999.000,9999.000,9999.000,9999.000
202608041024,   1.667,   1.538,9999.000,9999.000,9999.000,9999.000,9999.000,9999.000,9999.000
202608041030,   1.597,   1.479,9999.000,9999.000,9999.000,9999.000,9999.000,9999.000,9999.000
202608041036,   1.527,   1.430,9999.000,9999.000,9999.000,9999.000,9999.000,9999.000,9999.000
202608041042,   1.459,   1.328,9999.000,9999.000,9999.000,9999.000,9999.000,9999.000,9999.000
202608041048,   1.392,   1.279,9999.000,9999.000,9999.000,9999.000,9999.000,9999.000,9999.000
202608041054,   1.326,   1.220,9999.000,9999.000,9999.000,9999.000,9999.000,9999.000,9999.000
202608041100,   1.262,   1.151,   0.300,  -0.411,   1.151,   0.200,   1.051,   0.300,   1.151
202608041106,   1.199,   1.088,9999.000,9999.000,9999.000,9999.000,9999.000,9999.000,9999.000
202608041112,   1.138,   1.029,9999.000,9999.000,9999.000,9999.000,9999.000,9999.000,9999.000
202608041118,   1.079,   0.970,9999.000,9999.000,9999.000,9999.000,9999.000,9999.000,9999.000
202608041124,   1.022,   0.928,9999.000,9999.000,9999.000,9999.000,9999.000,9999.000,9999.000
202608041130,   0.967,   0.869,9999.000,9999.000,9999.000,9999.000,9999.000,9999.000,9999.000
202608041136,   0.914,   0.810,9999.000,9999.000,9999.000,9999.000,9999.000,9999.000,9999.000
202608041142,   0.864,   0.760,9999.000,9999.000,9999.000,9999.000,9999.000,9999.000,9999.000
202608041148,   0.816,   0.708,9999.000,9999.000,9999.000,9999.000,9999.000,9999.000,9999.000
202608041154,   0.770,   0.669,9999.000,9999.000,9999.000,9999.000,9999.000,9999.000,9999.000
202608041200,   0.727,   0.619,   0.300,  -0.408,   0.619,   0.200,   0.519,   0.300,   0.619
202608041206,   0.687,   0.580,9999.000,9999.000,9999.000,9999.000,9999.000,9999.000,9999.000
202608041212,   0.650,   0.541,9999.000,9999.000,9999.000,9999.000,9999.000,9999.000,9999.000
202608041218,   0.616,   0.498,9999.000,9999.000,9999.000,9999.000,9999.000,9999.000,9999.000
202608041224,   0.585,   0.469,9999.000,9999.000,9999.000,9999.000,9999.000,9999.000,9999.000
202608041230,   0.557,   0.439,9999.000,9999.000,9999.000,9999.000,9999.000,9999.000,9999.000
202608041236,   0.532,   0.400,9999.000,9999.000,9999.000,9999.000,9999.000,9999.000,9999.000
202608041242,   0.511,   0.380,9999.000,9999.000,9999.000,9999.000,9999.000,9999.000,9999.000
202608041248,   0.493,   0.360,9999.000,9999.000,9999.000,9999.000,9999.000,9999.000,9999.000
202608041254,   0.478,   0.341,9999.000,9999.000,9999.000,9999.000,9999.000,9999.000,9999.000
202608041300,   0.466,   0.350,   0.300,  -0.416,   0.350,   0.200,   0.250,   0.300,   0.350
202608041306,   0.459,   0.298,9999.000,9999.000,9999.000,9999.000,9999.000,9999.000,9999.000
202608041312,   0.454,   0.288,9999.000,9999.000,9999.000,9999.000,9999.000,9999.000,9999.000
202608041318,   0.453,   0.278,9999.000,9999.000,9999.000,9999.000,9999.000,9999.000,9999.000
202608041324,   0.455,   0.278,9999.000,9999.000,9999.000,9999.000,9999.000,9999.000,9999.000
202608041330,   0.460,   0.288,9999.000,9999.000,9999.000,9999.000,9999.000,9999.000,9999.000
202608041336,   0.468,   0.288,9999.000,9999.000,9999.000,9999.000,9999.000,9999.000,9999.000
202608041342,   0.479,   0.298,9999.000,9999.000,9999.000,9999.000,9999.000,9999.000,9999.000
202608041348,   0.493,   0.298,9999.000,9999.000,9999.000,9999.000,9999.000,9999.000,9999.000
202608041354,   0.510,   0.298,9999.000,9999.000,9999.000,9999.000,9999.000,9999.000,9999.000
202608041400,   0.530,   0.308,   0.300,  -0.522,   0.308,   0.200,   0.208,   0.300,   0.308
202608041406,   0.553,   0.331,9999.000,9999.000,9999.000,9999.000,9999.000,9999.000,9999.000
202608041412,   0.578,   0.350,9999.000,9999.000,9999.000,9999.000,9999.000,9999.000,9999.000
202608041418,   0.605,   0.370,9999.000,9999.000,9999.000,9999.000,9999.000,9999.000,9999.000
202608041424,   0.635,   0.380,9999.000,9999.000,9999.000,9999.000,9999.000,9999.000,9999.000
202608041430,   0.667,   0.400,9999.000,9999.000,9999.000,9999.000,9999.000,9999.000,9999.000
202608041436,   0.701,   0.429,9999.000,9999.000,9999.000,9999.000,9999.000,9999.000,9999.000
202608041442,   0.738,   0.459,9999.000,9999.000,9999.000,9999.000,9999.000,9999.000,9999.000
202608041448,   0.777,   0.478,9999.000,9999.000,9999.000,9999.000,9999.000,9999.000,9999.000
202608041454,   0.818,   0.518,9999.000,9999.000,9999.000,9999.000,9999.000,9999.000,9999.000
202608041500,   0.862,   0.560,   0.300,  -0.602,   0.560,   0.200,   0.460,   0.300,   0.560
202608041506,   0.908,   0.570,9999.000,9999.000,9999.000,9999.000,9999.000,9999.000,9999.000
202608041512,   0.956,   0.649,9999.000,9999.000,9999.000,9999.000,9999.000,9999.000,9999.000
202608041518,   1.007,   0.708,9999.000,9999.000,9999.000,9999.000,9999.000,9999.000,9999.000
202608041524,   1.060,   0.780,9999.000,9999.000,9999.000,9999.000,9999.000,9999.000,9999.000
202608041530,   1.115,   0.879,9999.000,9999.000,9999.000,9999.000,9999.000,9999.000,9999.000
202608041536,   1.173,   0.980,9999.000,9999.000,9999.000,9999.000,9999.000,9999.000,9999.000
202608041542,   1.234,   1.108,9999.000,9999.000,9999.000,9999.000,9999.000,9999.000,9999.000
202608041548,   1.297,   1.190,9999.000,9999.000,9999.000,9999.000,9999.000,9999.000,9999.000
202608041554,   1.362,   1.338,9999.000,9999.000,9999.000,9999.000,9999.000,9999.000,9999.000
202608041600,   1.430,   1.449,   0.300,  -0.281,   1.449,   0.200,   1.349,   0.300,   1.449
202608041606,   1.500,   1.571,9999.000,9999.000,9999.000,9999.000,9999.000,9999.000,9999.000
202608041612,   1.573,   1.659,9999.000,9999.000,9999.000,9999.000,9999.000,9999.000,9999.000
202608041618,   1.647,   1.758,9999.000,9999.000,9999.000,9999.000,9999.000,9999.000,9999.000
202608041624,   1.723,   1.869,9999.000,9999.000,9999.000,9999.000,9999.000,9999.000,9999.000
202608041630,   1.801,   1.938,9999.000,9999.000,9999.000,9999.000,9999.000,9999.000,9999.000
202608041636,   1.880,   2.030,9999.000,9999.000,9999.000,9999.000,9999.000,9999.000,9999.000
202608041642,   1.960,   2.109,9999.000,9999.000,9999.000,9999.000,9999.000,9999.000,9999.000
202608041648,   2.040,   2.191,9999.000,9999.000,9999.000,9999.000,9999.000,9999.000,9999.000
202608041654,   2.121,   2.259,9999.000,9999.000,9999.000,9999.000,9999.000,9999.000,9999.000
202608041700,   2.202,   2.348,   0.300,  -0.154,   2.348,   0.200,   2.248,   0.300,   2.348
202608041706,   2.282,   2.430,9999.000,9999.000,9999.000,9999.000,9999.000,9999.000,9999.000
202608041712,   2.361,   2.489,9999.000,9999.000,9999.000,9999.000,9999.000,9999.000,9999.000
202608041718,   2.439,   2.558,9999.000,9999.000,9999.000,9999.000,9999.000,9999.000,9999.000
202608041724,   2.515,   2.630,9999.000,9999.000,9999.000,9999.000,9999.000,9999.000,9999.000
202608041730,   2.589,   2.719,9999.000,9999.000,9999.000,9999.000,9999.000,9999.000,9999.000
202608041736,   2.661,   2.778,9999.000,9999.000,9999.000,9999.000,9999.000,9999.000,9999.000
202608041742,   2.729,   2.840,9999.000,9999.000,9999.000,9999.000,9999.000,9999.000,9999.000
202608041748,   2.794,   2.899,9999.000,9999.000,9999.000,9999.000,9999.000,9999.000,9999.000
202608041754,   2.856,9999.000,9999.000,9999.000,9999.000,9999.000,9999.000,9999.000,9999.000
202608041800,   2.914,9999.000,   0.300,  -0.134,   3.080,   0.200,   2.980,   0.300,   3.080
202608041806,   2.968,9999.000,9999.000,9999.000,9999.000,9999.000,9999.000,9999.000,9999.000
202608041812,   3.017,9999.000,9999.000,9999.000,9999.000,9999.000,9999.000,9999.000,9999.000
202608041818,   3.062,9999.000,9999.000,9999.000,9999.000,9999.000,9999.000,9999.000,9999.000
202608041824,   3.103,9999.000,9999.000,9999.000,9999.000,9999.000,9999.000,9999.000,9999.000
202608041830,   3.139,9999.000,9999.000,9999.000,9999.000,9999.000,9999.000,9999.000,9999.000
202608041836,   3.170,9999.000,9999.000,9999.000,9999.000,9999.000,9999.000,9999.000,9999.000
202608041842,   3.196,9999.000,9999.000,9999.000,9999.000,9999.000,9999.000,9999.000,9999.000
202608041848,   3.218,9999.000,9999.000,9999.000,9999.000,9999.000,9999.000,9999.000,9999.000
202608041854,   3.235,9999.000,9999.000,9999.000,9999.000,9999.000,9999.000,9999.000,9999.000
202608041900,   3.247,9999.000,   0.300,  -0.115,   3.432,   0.200,   3.332,   0.300,   3.432
202608041906,   3.255,9999.000,9999.000,9999.000,9999.000,9999.000,9999.000,9999.000,9999.000
202608041912,   3.258,9999.000,9999.000,9999.000,9999.000,9999.000,9999.000,9999.000,9999.000
202608041918,   3.258,9999.000,9999.000,9999.000,9999.000,9999.000,9999.000,9999.000,9999.000
202608041924,   3.253,9999.000,9999.000,9999.000,9999.000,9999.000,9999.000,9999.000,9999.000
202608041930,   3.244,9999.000,9999.000,9999.000,9999.000,9999.000,9999.000,9999.000,9999.000
202608041936,   3.231,9999.000,9999.000,9999.000,9999.000,9999.000,9999.000,9999.000,9999.000
202608041942,   3.214,9999.000,9999.000,9999.000,9999.000,9999.000,9999.000,9999.000,9999.000
202608041948,   3.193,9999.000,9999.000,9999.000,9999.000,9999.000,9999.000,9999.000,9999.000
202608041954,   3.170,9999.000,9999.000,9999.000,9999.000,9999.000,9999.000,9999.000,9999.000
202608042000,   3.142,9999.000,   0.300,  -0.095,   3.347,   0.200,   3.247,   0.300,   3.347
202608042006,   3.112,9999.000,9999.000,9999.000,9999.000,9999.000,9999.000,9999.000,9999.000
202608042012,   3.078,9999.000,9999.000,9999.000,9999.000,9999.000,9999.000,9999.000,9999.000
202608042018,   3.041,9999.000,9999.000,9999.000,9999.000,9999.000,9999.000,9999.000,9999.000
202608042024,   3.001,9999.000,9999.000,9999.000,9999.000,9999.000,9999.000,9999.000,9999.000
202608042030,   2.958,9999.000,9999.000,9999.000,9999.000,9999.000,9999.000,9999.000,9999.000
202608042036,   2.913,9999.000,9999.000,9999.000,9999.000,9999.000,9999.000,9999.000,9999.000
202608042042,   2.864,9999.000,9999.000,9999.000,9999.000,9999.000,9999.000,9999.000,9999.000
202608042048,   2.813,9999.000,9999.000,9999.000,9999.000,9999.000,9999.000,9999.000,9999.000
202608042054,   2.760,9999.000,9999.000,9999.000,9999.000,9999.000,9999.000,9999.000,9999.000
202608042100,   2.704,9999.000,   0.300,  -0.075,   2.929,   0.200,   2.829,   0.300,   2.929
202608042106,   2.646,9999.000,9999.000,9999.000,9999.000,9999.000,9999.000,9999.000,9999.000
202608042112,   2.586,9999.000,9999.000,9999.000,9999.000,9999.000,9999.000,9999.000,9999.000
202608042118,   2.524,9999.000,9999.000,9999.000,9999.000,9999.000,9999.000,9999.000,9999.000
202608042124,   2.461,9999.000,9999.000,9999.000,9999.000,9999.000,9999.000,9999.000,9999.000
202608042130,   2.395,9999.000,9999.000,9999.000,9999.000,9999.000,9999.000,9999.000,9999.000
202608042136,   2.328,9999.000,9999.000,9999.000,9999.000,9999.000,9999.000,9999.000,9999.000
202608042142,   2.260,9999.000,9999.000,9999.000,9999.000,9999.000,9999.000,9999.000,9999.000
202608042148,   2.191,9999.000,9999.000,9999.000,9999.000,9999.000,9999.000,9999.000,9999.000
202608042154,   2.122,9999.000,9999.000,9999.000,9999.000,9999.000,9999.000,9999.000,9999.000
202608042200,   2.051,9999.000,   0.300,  -0.056,   2.295,   0.200,   2.195,   0.300,   2.295
202608042206,   1.980,9999.000,9999.000,9999.000,9999.000,9999.000,9999.000,9999.000,9999.000
202608042212,   1.909,9999.000,9999.000,9999.000,9999.000,9999.000,9999.000,9999.000,9999.000
202608042218,   1.839,9999.000,9999.000,9999.000,9999.000,9999.000,9999.000,9999.000,9999.000
202608042224,   1.768,9999.000,9999.000,9999.000,9999.000,9999.000,9999.000,9999.000,9999.000
202608042230,   1.698,9999.000,9999.000,9999.000,9999.000,9999.000,9999.000,9999.000,9999.000
202608042236,   1.628,9999.000,9999.000,9999.000,9999.000,9999.000,9999.000,9999.000,9999.000
202608042242,   1.560,9999.000,9999.000,9999.000,9999.000,9999.000,9999.000,9999.000,9999.000
202608042248,   1.492,9999.000,9999.000,9999.000,9999.000,9999.000,9999.000,9999.000,9999.000
202608042254,   1.425,9999.000,9999.000,9999.000,9999.000,9999.000,9999.000,9999.000,9999.000
202608042300,   1.360,9999.000,   0.300,  -0.036,   1.624,   0.300,   1.624,   0.400,   1.724
202608042306,   1.296,9999.000,9999.000,9999.000,9999.000,9999.000,9999.000,9999.000,9999.000
202608042312,   1.234,9999.000,9999.000,9999.000,9999.000,9999.000,9999.000,9999.000,9999.000
202608042318,   1.174,9999.000,9999.000,9999.000,9999.000,9999.000,9999.000,9999.000,9999.000
202608042324,   1.116,9999.000,9999.000,9999.000,9999.000,9999.000,9999.000,9999.000,9999.000
202608042330,   1.059,9999.000,9999.000,9999.000,9999.000,9999.000,9999.000,9999.000,9999.000
202608042336,   1.005,9999.000,9999.000,9999.000,9999.000,9999.000,9999.000,9999.000,9999.000
202608042342,   0.953,9999.000,9999.000,9999.000,9999.000,9999.000,9999.000,9999.000,9999.000
202608042348,   0.904,9999.000,9999.000,9999.000,9999.000,9999.000,9999.000,9999.000,9999.000
202608042354,   0.856,9999.000,9999.000,9999.000,9999.000,9999.000,9999.000,9999.000,9999.000
202608050000,   0.812,9999.000,   0.300,  -0.017,   1.095,   0.300,   1.095,   0.400,   1.195
202608050006,   0.770,9999.000,9999.000,9999.000,9999.000,9999.000,9999.000,9999.000,9999.000
202608050012,   0.731,9999.000,9999.000,9999.000,9999.000,9999.000,9999.000,9999.000,9999.000
202608050018,   0.695,9999.000,9999.000,9999.000,9999.000,9999.000,9999.000,9999.000,9999.000
202608050024,   0.662,9999.000,9999.000,9999.000,9999.000,9999.000,9999.000,9999.000,9999.000
202608050030,   0.632,9999.000,9999.000,9999.000,9999.000,9999.000,9999.000,9999.000,9999.000
202608050036,   0.605,9999.000,9999.000,9999.000,9999.000,9999.000,9999.000,9999.000,9999.000
202608050042,   0.581,9999.000,9999.000,9999.000,9999.000,9999.000,9999.000,9999.000,9999.000
202608050048,   0.561,9999.000,9999.000,9999.000,9999.000,9999.000,9999.000,9999.000,9999.000
202608050054,   0.544,9999.000,9999.000,9999.000,9999.000,9999.000,9999.000,9999.000,9999.000
202608050100,   0.530,9999.000,   0.300,   0.003,   0.833,   0.300,   0.833,   0.400,   0.933
202608050106,   0.520,9999.000,9999.000,9999.000,9999.000,9999.000,9999.000,9999.000,9999.000
202608050112,   0.513,9999.000,9999.000,9999.000,9999.000,9999.000,9999.000,9999.000,9999.000
202608050118,   0.510,9999.000,9999.000,9999.000,9999.000,9999.000,9999.000,9999.000,9999.000
202608050124,   0.510,9999.000,9999.000,9999.000,9999.000,9999.000,9999.000,9999.000,9999.000
202608050130,   0.513,9999.000,9999.000,9999.000,9999.000,9999.000,9999.000,9999.000,9999.000
202608050136,   0.520,9999.000,9999.000,9999.000,9999.000,9999.000,9999.000,9999.000,9999.000
202608050142,   0.530,9999.000,9999.000,9999.000,9999.000,9999.000,9999.000,9999.000,9999.000
202608050148,   0.544,9999.000,9999.000,9999.000,9999.000,9999.000,9999.000,9999.000,9999.000
202608050154,   0.560,9999.000,9999.000,9999.000,9999.000,9999.000,9999.000,9999.000,9999.000
202608050200,   0.579,9999.000,   0.400,   0.023,   1.002,   0.300,   0.902,   0.400,   1.002
202608050206,   0.601,9999.000,9999.000,9999.000,9999.000,9999.000,9999.000,9999.000,9999.000
202608050212,   0.626,9999.000,9999.000,9999.000,9999.000,9999.000,9999.000,9999.000,9999.000
202608050218,   0.653,9999.000,9999.000,9999.000,9999.000,9999.000,9999.000,9999.000,9999.000
202608050224,   0.683,9999.000,9999.000,9999.000,9999.000,9999.000,9999.000,9999.000,9999.000
202608050230,   0.715,9999.000,9999.000,9999.000,9999.000,9999.000,9999.000,9999.000,9999.000
202608050236,   0.750,9999.000,9999.000,9999.000,9999.000,9999.000,9999.000,9999.000,9999.000
202608050242,   0.786,9999.000,9999.000,9999.000,9999.000,9999.000,9999.000,9999.000,9999.000
202608050248,   0.825,9999.000,9999.000,9999.000,9999.000,9999.000,9999.000,9999.000,9999.000
202608050254,   0.865,9999.000,9999.000,9999.000,9999.000,9999.000,9999.000,9999.000,9999.000
202608050300,   0.907,9999.000,   0.400,   0.042,   1.349,   0.300,   1.249,   0.400,   1.349
202608050306,   0.951,9999.000,9999.000,9999.000,9999.000,9999.000,9999.000,9999.000,9999.000
202608050312,   0.997,9999.000,9999.000,9999.000,9999.000,9999.000,9999.000,9999.000,9999.000
202608050318,   1.044,9999.000,9999.000,9999.000,9999.000,9999.000,9999.000,9999.000,9999.000
202608050324,   1.094,9999.000,9999.000,9999.000,9999.000,9999.000,9999.000,9999.000,9999.000
202608050330,   1.145,9999.000,9999.000,9999.000,9999.000,9999.000,9999.000,9999.000,9999.000
202608050336,   1.198,9999.000,9999.000,9999.000,9999.000,9999.000,9999.000,9999.000,9999.000
202608050342,   1.252,9999.000,9999.000,9999.000,9999.000,9999.000,9999.000,9999.000,9999.000
202608050348,   1.309,9999.000,9999.000,9999.000,9999.000,9999.000,9999.000,9999.000,9999.000
202608050354,   1.368,9999.000,9999.000,9999.000,9999.000,9999.000,9999.000,9999.000,9999.000
202608050400,   1.428,9999.000,   0.400,   0.062,   1.890,   0.300,   1.790,   0.400,   1.890
202608050406,   1.491,9999.000,9999.000,9999.000,9999.000,9999.000,9999.000,9999.000,9999.000
202608050412,   1.555,9999.000,9999.000,9999.000,9999.000,9999.000,9999.000,9999.000,9999.000
202608050418,   1.622,9999.000,9999.000,9999.000,9999.000,9999.000,9999.000,9999.000,9999.000
202608050424,   1.690,9999.000,9999.000,9999.000,9999.000,9999.000,9999.000,9999.000,9999.000
202608050430,   1.760,9999.000,9999.000,9999.000,9999.000,9999.000,9999.000,9999.000,9999.000
202608050436,   1.832,9999.000,9999.000,9999.000,9999.000,9999.000,9999.000,9999.000,9999.000
202608050442,   1.905,9999.000,9999.000,9999.000,9999.000,9999.000,9999.000,9999.000,9999.000
202608050448,   1.980,9999.000,9999.000,9999.000,9999.000,9999.000,9999.000,9999.000,9999.000
202608050454,   2.056,9999.000,9999.000,9999.000,9999.000,9999.000,9999.000,9999.000,9999.000
202608050500,   2.133,9999.000,   0.400,   0.082,   2.615,   0.300,   2.515,   0.400,   2.615
202608050506,   2.211,9999.000,9999.000,9999.000,9999.000,9999.000,9999.000,9999.000,9999.000
202608050512,   2.289,9999.000,9999.000,9999.000,9999.000,9999.000,9999.000,9999.000,9999.000
202608050518,   2.367,9999.000,9999.000,9999.000,9999.000,9999.000,9999.000,9999.000,9999.000
202608050524,   2.445,9999.000,9999.000,9999.000,9999.000,9999.000,9999.000,9999.000,9999.000
202608050530,   2.522,9999.000,9999.000,9999.000,9999.000,9999.000,9999.000,9999.000,9999.000
202608050536,   2.598,9999.000,9999.000,9999.000,9999.000,9999.000,9999.000,9999.000,9999.000
202608050542,   2.673,9999.000,9999.000,9999.000,9999.000,9999.000,9999.000,9999.000,9999.000
202608050548,   2.746,9999.000,9999.000,9999.000,9999.000,9999.000,9999.000,9999.000,9999.000
202608050554,   2.817,9999.000,9999.000,9999.000,9999.000,9999.000,9999.000,9999.000,9999.000
202608050600,   2.885,9999.000,   0.400,   0.082,   3.367,   0.300,   3.267,   0.400,   3.367
202608050606,   2.950,9999.000,9999.000,9999.000,9999.000,9999.000,9999.000,9999.000,9999.000
202608050612,   3.012,9999.000,9999.000,9999.000,9999.000,9999.000,9999.000,9999.000,9999.000
202608050618,   3.070,9999.000,9999.000,9999.000,9999.000,9999.000,9999.000,9999.000,9999.000
202608050624,   3.125,9999.000,9999.000,9999.000,9999.000,9999.000,9999.000,9999.000,9999.000
202608050630,   3.176,9999.000,9999.000,9999.000,9999.000,9999.000,9999.000,9999.000,9999.000
202608050636,   3.222,9999.000,9999.000,9999.000,9999.000,9999.000,9999.000,9999.000,9999.000
202608050642,   3.265,9999.000,9999.000,9999.000,9999.000,9999.000,9999.000,9999.000,9999.000
202608050648,   3.302,9999.000,9999.000,9999.000,9999.000,9999.000,9999.000,9999.000,9999.000
202608050654,   3.336,9999.000,9999.000,9999.000,9999.000,9999.000,9999.000,9999.000,9999.000
202608050700,   3.364,9999.000,   0.400,   0.082,   3.846,   0.300,   3.746,   0.400,   3.846
202608050706,   3.388,9999.000,9999.000,9999.000,9999.000,9999.000,9999.000,9999.000,9999.000
202608050712,   3.408,9999.000,9999.000,9999.000,9999.000,9999.000,9999.000,9999.000,9999.000
202608050718,   3.423,9999.000,9999.000,9999.000,9999.000,9999.000,9999.000,9999.000,9999.000
202608050724,   3.434,9999.000,9999.000,9999.000,9999.000,9999.000,9999.000,9999.000,9999.000
202608050730,   3.440,9999.000,9999.000,9999.000,9999.000,9999.000,9999.000,9999.000,9999.000
202608050736,   3.442,9999.000,9999.000,9999.000,9999.000,9999.000,9999.000,9999.000,9999.000
202608050742,   3.440,9999.000,9999.000,9999.000,9999.000,9999.000,9999.000,9999.000,9999.000
202608050748,   3.434,9999.000,9999.000,9999.000,9999.000,9999.000,9999.000,9999.000,9999.000
202608050754,   3.424,9999.000,9999.000,9999.000,9999.000,9999.000,9999.000,9999.000,9999.000
202608050800,   3.411,9999.000,   0.400,   0.082,   3.893,   0.300,   3.793,   0.400,   3.893
202608050806,   3.394,9999.000,9999.000,9999.000,9999.000,9999.000,9999.000,9999.000,9999.000
202608050812,   3.373,9999.000,9999.000,9999.000,9999.000,9999.000,9999.000,9999.000,9999.000
202608050818,   3.349,9999.000,9999.000,9999.000,9999.000,9999.000,9999.000,9999.000,9999.000
202608050824,   3.322,9999.000,9999.000,9999.000,9999.000,9999.000,9999.000,9999.000,9999.000
202608050830,   3.292,9999.000,9999.000,9999.000,9999.000,9999.000,9999.000,9999.000,9999.000
202608050836,   3.259,9999.000,9999.000,9999.000,9999.000,9999.000,9999.000,9999.000,9999.000
202608050842,   3.222,9999.000,9999.000,9999.000,9999.000,9999.000,9999.000,9999.000,9999.000
202608050848,   3.183,9999.000,9999.000,9999.000,9999.000,9999.000,9999.000,9999.000,9999.000
202608050854,   3.141,9999.000,9999.000,9999.000,9999.000,9999.000,9999.000,9999.000,9999.000
202608050900,   3.097,9999.000,   0.300,   0.082,   3.479,   0.300,   3.479,   0.400,   3.579
202608050906,   3.049,9999.000,9999.000,9999.000,9999.000,9999.000,9999.000,9999.000,9999.000
202608050912,   2.999,9999.000,9999.000,9999.000,9999.000,9999.000,9999.000,9999.000,9999.000
202608050918,   2.947,9999.000,9999.000,9999.000,9999.000,9999.000,9999.000,9999.000,9999.000
202608050924,   2.892,9999.000,9999.000,9999.000,9999.000,9999.000,9999.000,9999.000,9999.000
202608050930,   2.835,9999.000,9999.000,9999.000,9999.000,9999.000,9999.000,9999.000,9999.000
202608050936,   2.776,9999.000,9999.000,9999.000,9999.000,9999.000,9999.000,9999.000,9999.000
202608050942,   2.715,9999.000,9999.000,9999.000,9999.000,9999.000,9999.000,9999.000,9999.000
202608050948,   2.652,9999.000,9999.000,9999.000,9999.000,9999.000,9999.000,9999.000,9999.000
202608050954,   2.587,9999.000,9999.000,9999.000,9999.000,9999.000,9999.000,9999.000,9999.000
202608051000,   2.521,9999.000,   0.300,   0.082,   2.903,   0.300,   2.903,   0.400,   3.003
202608051006,   2.453,9999.000,9999.000,9999.000,9999.000,9999.000,9999.000,9999.000,9999.000
202608051012,   2.384,9999.000,9999.000,9999.000,9999.000,9999.000,9999.000,9999.000,9999.000
202608051018,   2.314,9999.000,9999.000,9999.000,9999.000,9999.000,9999.000,9999.000,9999.000
202608051024,   2.244,9999.000,9999.000,9999.000,9999.000,9999.000,9999.000,9999.000,9999.000
202608051030,   2.172,9999.000,9999.000,9999.000,9999.000,9999.000,9999.000,9999.000,9999.000
202608051036,   2.100,9999.000,9999.000,9999.000,9999.000,9999.000,9999.000,9999.000,9999.000
202608051042,   2.028,9999.000,9999.000,9999.000,9999.000,9999.000,9999.000,9999.000,9999.000
202608051048,   1.955,9999.000,9999.000,9999.000,9999.000,9999.000,9999.000,9999.000,9999.000
202608051054,   1.883,9999.000,9999.000,9999.000,9999.000,9999.000,9999.000,9999.000,9999.000
202608051100,   1.811,9999.000,   0.300,   0.082,   2.193,   0.300,   2.193,   0.400,   2.293
202608051106,   1.740,9999.000,9999.000,9999.000,9999.000,9999.000,9999.000,9999.000,9999.000
202608051112,   1.669,9999.000,9999.000,9999.000,9999.000,9999.000,9999.000,9999.000,9999.000
202608051118,   1.598,9999.000,9999.000,9999.000,9999.000,9999.000,9999.000,9999.000,9999.000
202608051124,   1.529,9999.000,9999.000,9999.000,9999.000,9999.000,9999.000,9999.000,9999.000
202608051130,   1.461,9999.000,9999.000,9999.000,9999.000,9999.000,9999.000,9999.000,9999.000
202608051136,   1.394,9999.000,9999.000,9999.000,9999.000,9999.000,9999.000,9999.000,9999.000
202608051142,   1.328,9999.000,9999.000,9999.000,9999.000,9999.000,9999.000,9999.000,9999.000
202608051148,   1.264,9999.000,9999.000,9999.000,9999.000,9999.000,9999.000,9999.000,9999.000
202608051154,   1.202,9999.000,9999.000,9999.000,9999.000,9999.000,9999.000,9999.000,9999.000
202608051200,   1.141,9999.000,   0.300,   0.082,   1.523,   0.300,   1.523,   0.400,   1.623
202608051206,   1.082,9999.000,9999.000,9999.000,9999.000,9999.000,9999.000,9999.000,9999.000
202608051212,   1.025,9999.000,9999.000,9999.000,9999.000,9999.000,9999.000,9999.000,9999.000
202608051218,   0.970,9999.000,9999.000,9999.000,9999.000,9999.000,9999.000,9999.000,9999.000
202608051224,   0.917,9999.000,9999.000,9999.000,9999.000,9999.000,9999.000,9999.000,9999.000
202608051230,   0.866,9999.000,9999.000,9999.000,9999.000,9999.000,9999.000,9999.000,9999.000
202608051236,   0.818,9999.000,9999.000,9999.000,9999.000,9999.000,9999.000,9999.000,9999.000
202608051242,   0.772,9999.000,9999.000,9999.000,9999.000,9999.000,9999.000,9999.000,9999.000
202608051248,   0.729,9999.000,9999.000,9999.000,9999.000,9999.000,9999.000,9999.000,9999.000
202608051254,   0.689,9999.000,9999.000,9999.000,9999.000,9999.000,9999.000,9999.000,9999.000
202608051300,   0.651,9999.000,   0.300,   0.082,   1.033,   0.300,   1.033,   0.400,   1.133
202608051306,   0.616,9999.000,9999.000,9999.000,9999.000,9999.000,9999.000,9999.000,9999.000
202608051312,   0.585,9999.000,9999.000,9999.000,9999.000,9999.000,9999.000,9999.000,9999.000
202608051318,   0.556,9999.000,9999.000,9999.000,9999.000,9999.000,9999.000,9999.000,9999.000
202608051324,   0.531,9999.000,9999.000,9999.000,9999.000,9999.000,9999.000,9999.000,9999.000
202608051330,   0.509,9999.000,9999.000,9999.000,9999.000,9999.000,9999.000,9999.000,9999.000
202608051336,   0.490,9999.000,9999.000,9999.000,9999.000,9999.000,9999.000,9999.000,9999.000
202608051342,   0.474,9999.000,9999.000,9999.000,9999.000,9999.000,9999.000,9999.000,9999.000
202608051348,   0.462,9999.000,9999.000,9999.000,9999.000,9999.000,9999.000,9999.000,9999.000
202608051354,   0.453,9999.000,9999.000,9999.000,9999.000,9999.000,9999.000,9999.000,9999.000
202608051400,   0.447,9999.000,   0.300,   0.082,   0.829,   0.300,   0.829,   0.400,   0.929
202608051406,   0.445,9999.000,9999.000,9999.000,9999.000,9999.000,9999.000,9999.000,9999.000
202608051412,   0.445,9999.000,9999.000,9999.000,9999.000,9999.000,9999.000,9999.000,9999.000
202608051418,   0.449,9999.000,9999.000,9999.000,9999.000,9999.000,9999.000,9999.000,9999.000
202608051424,   0.456,9999.000,9999.000,9999.000,9999.000,9999.000,9999.000,9999.000,9999.000
202608051430,   0.466,9999.000,9999.000,9999.000,9999.000,9999.000,9999.000,9999.000,9999.000
202608051436,   0.478,9999.000,9999.000,9999.000,9999.000,9999.000,9999.000,9999.000,9999.000
202608051442,   0.493,9999.000,9999.000,9999.000,9999.000,9999.000,9999.000,9999.000,9999.000
202608051448,   0.511,9999.000,9999.000,9999.000,9999.000,9999.000,9999.000,9999.000,9999.000
202608051454,   0.532,9999.000,9999.000,9999.000,9999.000,9999.000,9999.000,9999.000,9999.000
202608051500,   0.555,9999.000,   0.300,   0.082,   0.937,   0.300,   0.937,   0.400,   1.037
202608051506,   0.580,9999.000,9999.000,9999.000,9999.000,9999.000,9999.000,9999.000,9999.000
202608051512,   0.608,9999.000,9999.000,9999.000,9999.000,9999.000,9999.000,9999.000,9999.000
202608051518,   0.638,9999.000,9999.000,9999.000,9999.000,9999.000,9999.000,9999.000,9999.000
202608051524,   0.670,9999.000,9999.000,9999.000,9999.000,9999.000,9999.000,9999.000,9999.000
202608051530,   0.704,9999.000,9999.000,9999.000,9999.000,9999.000,9999.000,9999.000,9999.000
202608051536,   0.741,9999.000,9999.000,9999.000,9999.000,9999.000,9999.000,9999.000,9999.000
202608051542,   0.779,9999.000,9999.000,9999.000,9999.000,9999.000,9999.000,9999.000,9999.000
202608051548,   0.820,9999.000,9999.000,9999.000,9999.000,9999.000,9999.000,9999.000,9999.000
202608051554,   0.863,9999.000,9999.000,9999.000,9999.000,9999.000,9999.000,9999.000,9999.000
202608051600,   0.908,9999.000,   0.300,   0.082,   1.290,   0.300,   1.290,   0.400,   1.390
202608051606,   0.956,9999.000,9999.000,9999.000,9999.000,9999.000,9999.000,9999.000,9999.000
202608051612,   1.006,9999.000,9999.000,9999.000,9999.000,9999.000,9999.000,9999.000,9999.000
202608051618,   1.059,9999.000,9999.000,9999.000,9999.000,9999.000,9999.000,9999.000,9999.000
202608051624,   1.114,9999.000,9999.000,9999.000,9999.000,9999.000,9999.000,9999.000,9999.000
202608051630,   1.171,9999.000,9999.000,9999.000,9999.000,9999.000,9999.000,9999.000,9999.000
202608051636,   1.231,9999.000,9999.000,9999.000,9999.000,9999.000,9999.000,9999.000,9999.000
202608051642,   1.294,9999.000,9999.000,9999.000,9999.000,9999.000,9999.000,9999.000,9999.000
202608051648,   1.358,9999.000,9999.000,9999.000,9999.000,9999.000,9999.000,9999.000,9999.000
202608051654,   1.426,9999.000,9999.000,9999.000,9999.000,9999.000,9999.000,9999.000,9999.000
202608051700,   1.495,9999.000,   0.300,   0.082,   1.877,   0.300,   1.877,   0.400,   1.977
202608051706,   1.567,9999.000,9999.000,9999.000,9999.000,9999.000,9999.000,9999.000,9999.000
202608051712,   1.640,9999.000,9999.000,9999.000,9999.000,9999.000,9999.000,9999.000,9999.000
202608051718,   1.716,9999.000,9999.000,9999.000,9999.000,9999.000,9999.000,9999.000,9999.000
202608051724,   1.792,9999.000,9999.000,9999.000,9999.000,9999.000,9999.000,9999.000,9999.000
202608051730,   1.870,9999.000,9999.000,9999.000,9999.000,9999.000,9999.000,9999.000,9999.000
202608051736,   1.949,9999.000,9999.000,9999.000,9999.000,9999.000,9999.000,9999.000,9999.000
202608051742,   2.029,9999.000,9999.000,9999.000,9999.000,9999.000,9999.000,9999.000,9999.000
202608051748,   2.108,9999.000,9999.000,9999.000,9999.000,9999.000,9999.000,9999.000,9999.000
202608051754,   2.188,9999.000,9999.000,9999.000,9999.000,9999.000,9999.000,9999.000,9999.000
202608051800,   2.267,9999.000,   0.300,   0.082,   2.649,   0.300,   2.649,   0.400,   2.749
202608051806,   2.344,9999.000,9999.000,9999.000,9999.000,9999.000,9999.000,9999.000,9999.000
202608051812,   2.421,9999.000,9999.000,9999.000,9999.000,9999.000,9999.000,9999.000,9999.000
202608051818,   2.495,9999.000,9999.000,9999.000,9999.000,9999.000,9999.000,9999.000,9999.000
202608051824,   2.568,9999.000,9999.000,9999.000,9999.000,9999.000,9999.000,9999.000,9999.000
202608051830,   2.637,9999.000,9999.000,9999.000,9999.000,9999.000,9999.000,9999.000,9999.000
202608051836,   2.704,9999.000,9999.000,9999.000,9999.000,9999.000,9999.000,9999.000,9999.000
202608051842,   2.768,9999.000,9999.000,9999.000,9999.000,9999.000,9999.000,9999.000,9999.000
202608051848,   2.828,9999.000,9999.000,9999.000,9999.000,9999.000,9999.000,9999.000,9999.000
202608051854,   2.884,9999.000,9999.000,9999.000,9999.000,9999.000,9999.000,9999.000,9999.000
202608051900,   2.936,9999.000,   0.300,   0.082,   3.318,   0.300,   3.318,   0.400,   3.418
202608051906,   2.984,9999.000,9999.000,9999.000,9999.000,9999.000,9999.000,9999.000,9999.000
202608051912,   3.027,9999.000,9999.000,9999.000,9999.000,9999.000,9999.000,9999.000,9999.000
202608051918,   3.066,9999.000,9999.000,9999.000,9999.000,9999.000,9999.000,9999.000,9999.000
202608051924,   3.101,9999.000,9999.000,9999.000,9999.000,9999.000,9999.000,9999.000,9999.000
202608051930,   3.130,9999.000,9999.000,9999.000,9999.000,9999.000,9999.000,9999.000,9999.000
202608051936,   3.156,9999.000,9999.000,9999.000,9999.000,9999.000,9999.000,9999.000,9999.000
202608051942,   3.176,9999.000,9999.000,9999.000,9999.000,9999.000,9999.000,9999.000,9999.000
202608051948,   3.192,9999.000,9999.000,9999.000,9999.000,9999.000,9999.000,9999.000,9999.000
202608051954,   3.204,9999.000,9999.000,9999.000,9999.000,9999.000,9999.000,9999.000,9999.000
202608052000,   3.211,9999.000,   0.300,   0.082,   3.593,   0.300,   3.593,   0.400,   3.693
202608052006,   3.214,9999.000,9999.000,9999.000,9999.000,9999.000,9999.000,9999.000,9999.000
202608052012,   3.213,9999.000,9999.000,9999.000,9999.000,9999.000,9999.000,9999.000,9999.000
202608052018,   3.208,9999.000,9999.000,9999.000,9999.000,9999.000,9999.000,9999.000,9999.000
202608052024,   3.199,9999.000,9999.000,9999.000,9999.000,9999.000,9999.000,9999.000,9999.000
202608052030,   3.186,9999.000,9999.000,9999.000,9999.000,9999.000,9999.000,9999.000,9999.000
202608052036,   3.170,9999.000,9999.000,9999.000,9999.000,9999.000,9999.000,9999.000,9999.000
202608052042,   3.149,9999.000,9999.000,9999.000,9999.000,9999.000,9999.000,9999.000,9999.000
202608052048,   3.126,9999.000,9999.000,9999.000,9999.000,9999.000,9999.000,9999.000,9999.000
202608052054,   3.099,9999.000,9999.000,9999.000,9999.000,9999.000,9999.000,9999.000,9999.000
202608052100,   3.069,9999.000,   0.400,   0.082,   3.551,   0.300,   3.451,   0.400,   3.551
202608052106,   3.036,9999.000,9999.000,9999.000,9999.000,9999.000,9999.000,9999.000,9999.000
202608052112,   3.000,9999.000,9999.000,9999.000,9999.000,9999.000,9999.000,9999.000,9999.000
202608052118,   2.960,9999.000,9999.000,9999.000,9999.000,9999.000,9999.000,9999.000,9999.000
202608052124,   2.918,9999.000,9999.000,9999.000,9999.000,9999.000,9999.000,9999.000,9999.000
202608052130,   2.874,9999.000,9999.000,9999.000,9999.000,9999.000,9999.000,9999.000,9999.000
202608052136,   2.826,9999.000,9999.000,9999.000,9999.000,9999.000,9999.000,9999.000,9999.000
202608052142,   2.776,9999.000,9999.000,9999.000,9999.000,9999.000,9999.000,9999.000,9999.000
202608052148,   2.724,9999.000,9999.000,9999.000,9999.000,9999.000,9999.000,9999.000,9999.000
202608052154,   2.669,9999.000,9999.000,9999.000,9999.000,9999.000,9999.000,9999.000,9999.000
202608052200,   2.612,9999.000,   0.400,   0.082,   3.094,   0.300,   2.994,   0.400,   3.094
202608052206,   2.553,9999.000,9999.000,9999.000,9999.000,9999.000,9999.000,9999.000,9999.000
202608052212,   2.493,9999.000,9999.000,9999.000,9999.000,9999.000,9999.000,9999.000,9999.000
202608052218,   2.430,9999.000,9999.000,9999.000,9999.000,9999.000,9999.000,9999.000,9999.000
202608052224,   2.366,9999.000,9999.000,9999.000,9999.000,9999.000,9999.000,9999.000,9999.000
202608052230,   2.301,9999.000,9999.000,9999.000,9999.000,9999.000,9999.000,9999.000,9999.000
202608052236,   2.235,9999.000,9999.000,9999.000,9999.000,9999.000,9999.000,9999.000,9999.000
202608052242,   2.168,9999.000,9999.000,9999.000,9999.000,9999.000,9999.000,9999.000,9999.000
202608052248,   2.100,9999.000,9999.000,9999.000,9999.000,9999.000,9999.000,9999.000,9999.000
202608052254,   2.032,9999.000,9999.000,9999.000,9999.000,9999.000,9999.000,9999.000,9999.000
202608052300,   1.963,9999.000,   0.400,   0.082,   2.445,   0.300,   2.345,   0.400,   2.445
202608052306,   1.894,9999.000,9999.000,9999.000,9999.000,9999.000,9999.000,9999.000,9999.000
202608052312,   1.826,9999.000,9999.000,9999.000,9999.000,9999.000,9999.000,9999.000,9999.000
202608052318,   1.758,9999.000,9999.000,9999.000,9999.000,9999.000,9999.000,9999.000,9999.000
202608052324,   1.691,9999.000,9999.000,9999.000,9999.000,9999.000,9999.000,9999.000,9999.000
202608052330,   1.624,9999.000,9999.000,9999.000,9999.000,9999.000,9999.000,9999.000,9999.000
202608052336,   1.558,9999.000,9999.000,9999.000,9999.000,9999.000,9999.000,9999.000,9999.000
202608052342,   1.494,9999.000,9999.000,9999.000,9999.000,9999.000,9999.000,9999.000,9999.000
202608052348,   1.431,9999.000,9999.000,9999.000,9999.000,9999.000,9999.000,9999.000,9999.000
202608052354,   1.369,9999.000,9999.000,9999.000,9999.000,9999.000,9999.000,9999.000,9999.000
202608060000,   1.309,9999.000,   0.400,   0.082,   1.791,   0.300,   1.691,   0.400,   1.791
202608060006,   1.251,9999.000,9999.000,9999.000,9999.000,9999.000,9999.000,9999.000,9999.000
202608060012,   1.194,9999.000,9999.000,9999.000,9999.000,9999.000,9999.000,9999.000,9999.000
202608060018,   1.140,9999.000,9999.000,9999.000,9999.000,9999.000,9999.000,9999.000,9999.000
202608060024,   1.087,9999.000,9999.000,9999.000,9999.000,9999.000,9999.000,9999.000,9999.000
202608060030,   1.037,9999.000,9999.000,9999.000,9999.000,9999.000,9999.000,9999.000,9999.000
202608060036,   0.989,9999.000,9999.000,9999.000,9999.000,9999.000,9999.000,9999.000,9999.000
202608060042,   0.944,9999.000,9999.000,9999.000,9999.000,9999.000,9999.000,9999.000,9999.000
202608060048,   0.901,9999.000,9999.000,9999.000,9999.000,9999.000,9999.000,9999.000,9999.000
202608060054,   0.860,9999.000,9999.000,9999.000,9999.000,9999.000,9999.000,9999.000,9999.000
202608060100,   0.823,9999.000,   0.400,   0.082,   1.305,   0.300,   1.205,   0.500,   1.405
202608060106,   0.788,9999.000,9999.000,9999.000,9999.000,9999.000,9999.000,9999.000,9999.000
202608060112,   0.756,9999.000,9999.000,9999.000,9999.000,9999.000,9999.000,9999.000,9999.000
202608060118,   0.727,9999.000,9999.000,9999.000,9999.000,9999.000,9999.000,9999.000,9999.000
202608060124,   0.701,9999.000,9999.000,9999.000,9999.000,9999.000,9999.000,9999.000,9999.000
202608060130,   0.678,9999.000,9999.000,9999.000,9999.000,9999.000,9999.000,9999.000,9999.000
202608060136,   0.659,9999.000,9999.000,9999.000,9999.000,9999.000,9999.000,9999.000,9999.000
202608060142,   0.642,9999.000,9999.000,9999.000,9999.000,9999.000,9999.000,9999.000,9999.000
202608060148,   0.629,9999.000,9999.000,9999.000,9999.000,9999.000,9999.000,9999.000,9999.000
202608060154,   0.619,9999.000,9999.000,9999.000,9999.000,9999.000,9999.000,9999.000,9999.000
202608060200,   0.613,9999.000,   0.400,   0.082,   1.095,   0.300,   0.995,   0.500,   1.195
202608060206,   0.609,9999.000,9999.000,9999.000,9999.000,9999.000,9999.000,9999.000,9999.000
202608060212,   0.609,9999.000,9999.000,9999.000,9999.000,9999.000,9999.000,9999.000,9999.000
202608060218,   0.612,9999.000,9999.000,9999.000,9999.000,9999.000,9999.000,9999.000,9999.000
202608060224,   0.618,9999.000,9999.000,9999.000,9999.000,9999.000,9999.000,9999.000,9999.000
202608060230,   0.628,9999.000,9999.000,9999.000,9999.000,9999.000,9999.000,9999.000,9999.000
202608060236,   0.640,9999.000,9999.000,9999.000,9999.000,9999.000,9999.000,9999.000,9999.000
202608060242,   0.655,9999.000,9999.000,9999.000,9999.000,9999.000,9999.000,9999.000,9999.000
202608060248,   0.673,9999.000,9999.000,9999.000,9999.000,9999.000,9999.000,9999.000,9999.000
202608060254,   0.693,9999.000,9999.000,9999.000,9999.000,9999.000,9999.000,9999.000,9999.000
202608060300,   0.716,9999.000,   0.400,   0.082,   1.198,   0.300,   1.098,   0.500,   1.298
202608060306,   0.742,9999.000,9999.000,9999.000,9999.000,9999.000,9999.000,9999.000,9999.000
202608060312,   0.769,9999.000,9999.000,9999.000,9999.000,9999.000,9999.000,9999.000,9999.000
202608060318,   0.799,9999.000,9999.000,9999.000,9999.000,9999.000,9999.000,9999.000,9999.000
202608060324,   0.830,9999.000,9999.000,9999.000,9999.000,9999.000,9999.000,9999.000,9999.000
202608060330,   0.864,9999.000,9999.000,9999.000,9999.000,9999.000,9999.000,9999.000,9999.000
202608060336,   0.899,9999.000,9999.000,9999.000,9999.000,9999.000,9999.000,9999.000,9999.000
202608060342,   0.936,9999.000,9999.000,9999.000,9999.000,9999.000,9999.000,9999.000,9999.000
202608060348,   0.975,9999.000,9999.000,9999.000,9999.000,9999.000,9999.000,9999.000,9999.000
202608060354,   1.015,9999.000,9999.000,9999.000,9999.000,9999.000,9999.000,9999.000,9999.000
202608060400,   1.056,9999.000,   0.400,   0.082,   1.538,   0.300,   1.438,   0.500,   1.638
202608060406,   1.100,9999.000,9999.000,9999.000,9999.000,9999.000,9999.000,9999.000,9999.000
202608060412,   1.144,9999.000,9999.000,9999.000,9999.000,9999.000,9999.000,9999.000,9999.000
202608060418,   1.191,9999.000,9999.000,9999.000,9999.000,9999.000,9999.000,9999.000,9999.000
202608060424,   1.239,9999.000,9999.000,9999.000,9999.000,9999.000,9999.000,9999.000,9999.000
202608060430,   1.288,9999.000,9999.000,9999.000,9999.000,9999.000,9999.000,9999.000,9999.000
202608060436,   1.340,9999.000,9999.000,9999.000,9999.000,9999.000,9999.000,9999.000,9999.000
202608060442,   1.393,9999.000,9999.000,9999.000,9999.000,9999.000,9999.000,9999.000,9999.000
202608060448,   1.448,9999.000,9999.000,9999.000,9999.000,9999.000,9999.000,9999.000,9999.000
202608060454,   1.505,9999.000,9999.000,9999.000,9999.000,9999.000,9999.000,9999.000,9999.000
202608060500,   1.563,9999.000,   0.400,   0.082,   2.045,   0.300,   1.945,   0.500,   2.145
202608060506,   1.624,9999.000,9999.000,9999.000,9999.000,9999.000,9999.000,9999.000,9999.000
202608060512,   1.687,9999.000,9999.000,9999.000,9999.000,9999.000,9999.000,9999.000,9999.000
202608060518,   1.751,9999.000,9999.000,9999.000,9999.000,9999.000,9999.000,9999.000,9999.000
202608060524,   1.817,9999.000,9999.000,9999.000,9999.000,9999.000,9999.000,9999.000,9999.000
202608060530,   1.885,9999.000,9999.000,9999.000,9999.000,9999.000,9999.000,9999.000,9999.000
202608060536,   1.954,9999.000,9999.000,9999.000,9999.000,9999.000,9999.000,9999.000,9999.000
202608060542,   2.025,9999.000,9999.000,9999.000,9999.000,9999.000,9999.000,9999.000,9999.000
202608060548,   2.097,9999.000,9999.000,9999.000,9999.000,9999.000,9999.000,9999.000,9999.000
202608060554,   2.170,9999.000,9999.000,9999.000,9999.000,9999.000,9999.000,9999.000,9999.000
202608060600,   2.243,9999.000,   0.400,   0.082,   2.725,   0.400,   2.725,   0.500,   2.825
202608060606,   2.317,9999.000,9999.000,9999.000,9999.000,9999.000,9999.000,9999.000,9999.000
202608060612,   2.391,9999.000,9999.000,9999.000,9999.000,9999.000,9999.000,9999.000,9999.000
202608060618,   2.464,9999.000,9999.000,9999.000,9999.000,9999.000,9999.000,9999.000,9999.000
202608060624,   2.537,9999.000,9999.000,9999.000,9999.000,9999.000,9999.000,9999.000,9999.000
202608060630,   2.609,9999.000,9999.000,9999.000,9999.000,9999.000,9999.000,9999.000,9999.000
202608060636,   2.679,9999.000,9999.000,9999.000,9999.000,9999.000,9999.000,9999.000,9999.000
202608060642,   2.747,9999.000,9999.000,9999.000,9999.000,9999.000,9999.000,9999.000,9999.000
202608060648,   2.814,9999.000,9999.000,9999.000,9999.000,9999.000,9999.000,9999.000,9999.000
202608060654,   2.878,9999.000,9999.000,9999.000,9999.000,9999.000,9999.000,9999.000,9999.000
202608060700,   2.939,9999.000,   0.400,   0.082,   3.421,   0.400,   3.421,   0.500,   3.521
202608060706,   2.996,9999.000,9999.000,9999.000,9999.000,9999.000,9999.000,9999.000,9999.000
202608060712,   3.051,9999.000,9999.000,9999.000,9999.000,9999.000,9999.000,9999.000,9999.000
202608060718,   3.102,9999.000,9999.000,9999.000,9999.000,9999.000,9999.000,9999.000,9999.000
202608060724,   3.149,9999.000,9999.000,9999.000,9999.000,9999.000,9999.000,9999.000,9999.000
202608060730,   3.192,9999.000,9999.000,9999.000,9999.000,9999.000,9999.000,9999.000,9999.000
202608060736,   3.231,9999.000,9999.000,9999.000,9999.000,9999.000,9999.000,9999.000,9999.000
202608060742,   3.266,9999.000,9999.000,9999.000,9999.000,9999.000,9999.000,9999.000,9999.000
202608060748,   3.296,9999.000,9999.000,9999.000,9999.000,9999.000,9999.000,9999.000,9999.000
202608060754,   3.322,9999.000,9999.000,9999.000,9999.000,9999.000,9999.000,9999.000,9999.000
202608060800,   3.344,9999.000,   0.400,   0.082,   3.826,   0.300,   3.726,   0.500,   3.926
202608060806,   3.362,9999.000,9999.000,9999.000,9999.000,9999.000,9999.000,9999.000,9999.000
202608060812,   3.375,9999.000,9999.000,9999.000,9999.000,9999.000,9999.000,9999.000,9999.000
202608060818,   3.385,9999.000,9999.000,9999.000,9999.000,9999.000,9999.000,9999.000,9999.000
202608060824,   3.390,9999.000,9999.000,9999.000,9999.000,9999.000,9999.000,9999.000,9999.000
202608060830,   3.391,9999.000,9999.000,9999.000,9999.000,9999.000,9999.000,9999.000,9999.000
202608060836,   3.389,9999.000,9999.000,9999.000,9999.000,9999.000,9999.000,9999.000,9999.000
202608060842,   3.383,9999.000,9999.000,9999.000,9999.000,9999.000,9999.000,9999.000,9999.000
202608060848,   3.373,9999.000,9999.000,9999.000,9999.000,9999.000,9999.000,9999.000,9999.000
202608060854,   3.360,9999.000,9999.000,9999.000,9999.000,9999.000,9999.000,9999.000,9999.000
202608060900,   3.343,9999.000,   0.400,   0.082,   3.825,   0.300,   3.725,   0.500,   3.925
202608060906,   3.323,9999.000,9999.000,9999.000,9999.000,9999.000,9999.000,9999.000,9999.000
202608060912,   3.300,9999.000,9999.000,9999.000,9999.000,9999.000,9999.000,9999.000,9999.000
202608060918,   3.274,9999.000,9999.000,9999.000,9999.000,9999.000,9999.000,9999.000,9999.000
202608060924,   3.245,9999.000,9999.000,9999.000,9999.000,9999.000,9999.000,9999.000,9999.000
202608060930,   3.213,9999.000,9999.000,9999.000,9999.000,9999.000,9999.000,9999.000,9999.000
202608060936,   3.178,9999.000,9999.000,9999.000,9999.000,9999.000,9999.000,9999.000,9999.000
202608060942,   3.140,9999.000,9999.000,9999.000,9999.000,9999.000,9999.000,9999.000,9999.000
202608060948,   3.100,9999.000,9999.000,9999.000,9999.000,9999.000,9999.000,9999.000,9999.000
202608060954,   3.057,9999.000,9999.000,9999.000,9999.000,9999.000,9999.000,9999.000,9999.000
202608061000,   3.012,9999.000,   0.400,   0.082,   3.494,   0.300,   3.394,   0.500,   3.594
202608061006,   2.964,9999.000,9999.000,9999.000,9999.000,9999.000,9999.000,9999.000,9999.000
202608061012,   2.913,9999.000,9999.000,9999.000,9999.000,9999.000,9999.000,9999.000,9999.000
202608061018,   2.860,9999.000,9999.000,9999.000,9999.000,9999.000,9999.000,9999.000,9999.000
202608061024,   2.805,9999.000,9999.000,9999.000,9999.000,9999.000,9999.000,9999.000,9999.000
202608061030,   2.748,9999.000,9999.000,9999.000,9999.000,9999.000,9999.000,9999.000,9999.000
202608061036,   2.689,9999.000,9999.000,9999.000,9999.000,9999.000,9999.000,9999.000,9999.000
202608061042,   2.628,9999.000,9999.000,9999.000,9999.000,9999.000,9999.000,9999.000,9999.000
202608061048,   2.566,9999.000,9999.000,9999.000,9999.000,9999.000,9999.000,9999.000,9999.000
202608061054,   2.501,9999.000,9999.000,9999.000,9999.000,9999.000,9999.000,9999.000,9999.000
202608061100,   2.436,9999.000,   0.400,   0.082,   2.918,   0.300,   2.818,   0.500,   3.018
202608061106,   2.369,9999.000,9999.000,9999.000,9999.000,9999.000,9999.000,9999.000,9999.000
202608061112,   2.301,9999.000,9999.000,9999.000,9999.000,9999.000,9999.000,9999.000,9999.000
202608061118,   2.232,9999.000,9999.000,9999.000,9999.000,9999.000,9999.000,9999.000,9999.000
202608061124,   2.163,9999.000,9999.000,9999.000,9999.000,9999.000,9999.000,9999.000,9999.000
202608061130,   2.093,9999.000,9999.000,9999.000,9999.000,9999.000,9999.000,9999.000,9999.000
202608061136,   2.023,9999.000,9999.000,9999.000,9999.000,9999.000,9999.000,9999.000,9999.000
202608061142,   1.953,9999.000,9999.000,9999.000,9999.000,9999.000,9999.000,9999.000,9999.000
202608061148,   1.883,9999.000,9999.000,9999.000,9999.000,9999.000,9999.000,9999.000,9999.000
202608061154,   1.813,9999.000,9999.000,9999.000,9999.000,9999.000,9999.000,9999.000,9999.000
202608061200,   1.743,9999.000,   0.400,   0.082,   2.225,   0.300,   2.125,   0.500,   2.325
202608061206,   1.675,9999.000,9999.000,9999.000,9999.000,9999.000,9999.000,9999.000,9999.000
202608061212,   1.606,9999.000,9999.000,9999.000,9999.000,9999.000,9999.000,9999.000,9999.000
202608061218,   1.539,9999.000,9999.000,9999.000,9999.000,9999.000,9999.000,9999.000,9999.000
202608061224,   1.473,9999.000,9999.000,9999.000,9999.000,9999.000,9999.000,9999.000,9999.000
202608061230,   1.408,9999.000,9999.000,9999.000,9999.000,9999.000,9999.000,9999.000,9999.000
202608061236,   1.344,9999.000,9999.000,9999.000,9999.000,9999.000,9999.000,9999.000,9999.000
202608061242,   1.281,9999.000,9999.000,9999.000,9999.000,9999.000,9999.000,9999.000,9999.000
202608061248,   1.220,9999.000,9999.000,9999.000,9999.000,9999.000,9999.000,9999.000,9999.000
202608061254,   1.161,9999.000,9999.000,9999.000,9999.000,9999.000,9999.000,9999.000,9999.000
202608061300,   1.103,9999.000,   0.400,   0.082,   1.585,   0.300,   1.485,   0.500,   1.685
202608061306,   1.047,9999.000,9999.000,9999.000,9999.000,9999.000,9999.000,9999.000,9999.000
202608061312,   0.993,9999.000,9999.000,9999.000,9999.000,9999.000,9999.000,9999.000,9999.000
202608061318,   0.941,9999.000,9999.000,9999.000,9999.000,9999.000,9999.000,9999.000,9999.000
202608061324,   0.892,9999.000,9999.000,9999.000,9999.000,9999.000,9999.000,9999.000,9999.000
202608061330,   0.844,9999.000,9999.000,9999.000,9999.000,9999.000,9999.000,9999.000,9999.000
202608061336,   0.799,9999.000,9999.000,9999.000,9999.000,9999.000,9999.000,9999.000,9999.000
202608061342,   0.756,9999.000,9999.000,9999.000,9999.000,9999.000,9999.000,9999.000,9999.000
202608061348,   0.716,9999.000,9999.000,9999.000,9999.000,9999.000,9999.000,9999.000,9999.000
202608061354,   0.679,9999.000,9999.000,9999.000,9999.000,9999.000,9999.000,9999.000,9999.000
202608061400,   0.645,9999.000,   0.400,   0.082,   1.127,   0.300,   1.027,   0.500,   1.227
202608061406,   0.613,9999.000,9999.000,9999.000,9999.000,9999.000,9999.000,9999.000,9999.000
202608061412,   0.584,9999.000,9999.000,9999.000,9999.000,9999.000,9999.000,9999.000,9999.000
202608061418,   0.559,9999.000,9999.000,9999.000,9999.000,9999.000,9999.000,9999.000,9999.000
202608061424,   0.536,9999.000,9999.000,9999.000,9999.000,9999.000,9999.000,9999.000,9999.000
202608061430,   0.516,9999.000,9999.000,9999.000,9999.000,9999.000,9999.000,9999.000,9999.000
202608061436,   0.500,9999.000,9999.000,9999.000,9999.000,9999.000,9999.000,9999.000,9999.000
202608061442,   0.487,9999.000,9999.000,9999.000,9999.000,9999.000,9999.000,9999.000,9999.000
202608061448,   0.476,9999.000,9999.000,9999.000,9999.000,9999.000,9999.000,9999.000,9999.000
202608061454,   0.469,9999.000,9999.000,9999.000,9999.000,9999.000,9999.000,9999.000,9999.000
202608061500,   0.465,9999.000,   0.400,   0.082,   0.947,   0.300,   0.847,   0.500,   1.047
202608061506,   0.464,9999.000,9999.000,9999.000,9999.000,9999.000,9999.000,9999.000,9999.000
202608061512,   0.466,9999.000,9999.000,9999.000,9999.000,9999.000,9999.000,9999.000,9999.000
202608061518,   0.470,9999.000,9999.000,9999.000,9999.000,9999.000,9999.000,9999.000,9999.000
202608061524,   0.478,9999.000,9999.000,9999.000,9999.000,9999.000,9999.000,9999.000,9999.000
202608061530,   0.487,9999.000,9999.000,9999.000,9999.000,9999.000,9999.000,9999.000,9999.000
202608061536,   0.500,9999.000,9999.000,9999.000,9999.000,9999.000,9999.000,9999.000,9999.000
202608061542,   0.515,9999.000,9999.000,9999.000,9999.000,9999.000,9999.000,9999.000,9999.000
202608061548,   0.532,9999.000,9999.000,9999.000,9999.000,9999.000,9999.000,9999.000,9999.000
202608061554,   0.552,9999.000,9999.000,9999.000,9999.000,9999.000,9999.000,9999.000,9999.000
202608061600,   0.573,9999.000,   0.400,   0.082,   1.055,   0.300,   0.955,   0.500,   1.155
202608061606,   0.597,9999.000,9999.000,9999.000,9999.000,9999.000,9999.000,9999.000,9999.000
202608061612,   0.624,9999.000,9999.000,9999.000,9999.000,9999.000,9999.000,9999.000,9999.000
202608061618,   0.652,9999.000,9999.000,9999.000,9999.000,9999.000,9999.000,9999.000,9999.000
202608061624,   0.682,9999.000,9999.000,9999.000,9999.000,9999.000,9999.000,9999.000,9999.000
202608061630,   0.715,9999.000,9999.000,9999.000,9999.000,9999.000,9999.000,9999.000,9999.000
202608061636,   0.750,9999.000,9999.000,9999.000,9999.000,9999.000,9999.000,9999.000,9999.000
202608061642,   0.787,9999.000,9999.000,9999.000,9999.000,9999.000,9999.000,9999.000,9999.000
202608061648,   0.826,9999.000,9999.000,9999.000,9999.000,9999.000,9999.000,9999.000,9999.000
202608061654,   0.868,9999.000,9999.000,9999.000,9999.000,9999.000,9999.000,9999.000,9999.000
202608061700,   0.912,9999.000,   0.400,   0.082,   1.394,   0.300,   1.294,   0.500,   1.494
202608061706,   0.959,9999.000,9999.000,9999.000,9999.000,9999.000,9999.000,9999.000,9999.000
202608061712,   1.008,9999.000,9999.000,9999.000,9999.000,9999.000,9999.000,9999.000,9999.000
202608061718,   1.060,9999.000,9999.000,9999.000,9999.000,9999.000,9999.000,9999.000,9999.000
202608061724,   1.114,9999.000,9999.000,9999.000,9999.000,9999.000,9999.000,9999.000,9999.000
202608061730,   1.171,9999.000,9999.000,9999.000,9999.000,9999.000,9999.000,9999.000,9999.000
202608061736,   1.231,9999.000,9999.000,9999.000,9999.000,9999.000,9999.000,9999.000,9999.000
202608061742,   1.294,9999.000,9999.000,9999.000,9999.000,9999.000,9999.000,9999.000,9999.000
202608061748,   1.358,9999.000,9999.000,9999.000,9999.000,9999.000,9999.000,9999.000,9999.000
202608061754,   1.426,9999.000,9999.000,9999.000,9999.000,9999.000,9999.000,9999.000,9999.000
202608061800,   1.495,9999.000,   0.400,   0.082,   1.977,   0.300,   1.877,   0.500,   2.077
202608061806,   1.567,9999.000,9999.000,9999.000,9999.000,9999.000,9999.000,9999.000,9999.000
202608061812,   1.640,9999.000,9999.000,9999.000,9999.000,9999.000,9999.000,9999.000,9999.000
202608061818,   1.716,9999.000,9999.000,9999.000,9999.000,9999.000,9999.000,9999.000,9999.000
202608061824,   1.792,9999.000,9999.000,9999.000,9999.000,9999.000,9999.000,9999.000,9999.000
202608061830,   1.869,9999.000,9999.000,9999.000,9999.000,9999.000,9999.000,9999.000,9999.000
202608061836,   1.947,9999.000,9999.000,9999.000,9999.000,9999.000,9999.000,9999.000,9999.000
202608061842,   2.026,9999.000,9999.000,9999.000,9999.000,9999.000,9999.000,9999.000,9999.000
202608061848,   2.104,9999.000,9999.000,9999.000,9999.000,9999.000,9999.000,9999.000,9999.000
202608061854,   2.182,9999.000,9999.000,9999.000,9999.000,9999.000,9999.000,9999.000,9999.000
202608061900,   2.259,9999.000,   0.400,   0.082,   2.741,   0.300,   2.641,   0.500,   2.841
202608061906,   2.334,9999.000,9999.000,9999.000,9999.000,9999.000,9999.000,9999.000,9999.000
202608061912,   2.408,9999.000,9999.000,9999.000,9999.000,9999.000,9999.000,9999.000,9999.000
202608061918,   2.479,9999.000,9999.000,9999.000,9999.000,9999.000,9999.000,9999.000,9999.000
202608061924,   2.548,9999.000,9999.000,9999.000,9999.000,9999.000,9999.000,9999.000,9999.000
202608061930,   2.615,9999.000,9999.000,9999.000,9999.000,9999.000,9999.000,9999.000,9999.000
202608061936,   2.678,9999.000,9999.000,9999.000,9999.000,9999.000,9999.000,9999.000,9999.000
202608061942,   2.738,9999.000,9999.000,9999.000,9999.000,9999.000,9999.000,9999.000,9999.000
202608061948,   2.794,9999.000,9999.000,9999.000,9999.000,9999.000,9999.000,9999.000,9999.000
202608061954,   2.846,9999.000,9999.000,9999.000,9999.000,9999.000,9999.000,9999.000,9999.000
202608062000,   2.894,9999.000,   0.400,   0.082,   3.376,   0.300,   3.276,   0.500,   3.476
202608062006,   2.939,9999.000,9999.000,9999.000,9999.000,9999.000,9999.000,9999.000,9999.000
202608062012,   2.978,9999.000,9999.000,9999.000,9999.000,9999.000,9999.000,9999.000,9999.000
202608062018,   3.014,9999.000,9999.000,9999.000,9999.000,9999.000,9999.000,9999.000,9999.000
202608062024,   3.045,9999.000,9999.000,9999.000,9999.000,9999.000,9999.000,9999.000,9999.000
202608062030,   3.072,9999.000,9999.000,9999.000,9999.000,9999.000,9999.000,9999.000,9999.000
202608062036,   3.094,9999.000,9999.000,9999.000,9999.000,9999.000,9999.000,9999.000,9999.000
202608062042,   3.112,9999.000,9999.000,9999.000,9999.000,9999.000,9999.000,9999.000,9999.000
202608062048,   3.126,9999.000,9999.000,9999.000,9999.000,9999.000,9999.000,9999.000,9999.000
202608062054,   3.136,9999.000,9999.000,9999.000,9999.000,9999.000,9999.000,9999.000,9999.000
202608062100,   3.142,9999.000,   0.400,   0.082,   3.624,   0.300,   3.524,   0.500,   3.724
202608062106,   3.144,9999.000,9999.000,9999.000,9999.000,9999.000,9999.000,9999.000,9999.000
202608062112,   3.142,9999.000,9999.000,9999.000,9999.000,9999.000,9999.000,9999.000,9999.000
202608062118,   3.136,9999.000,9999.000,9999.000,9999.000,9999.000,9999.000,9999.000,9999.000
202608062124,   3.126,9999.000,9999.000,9999.000,9999.000,9999.000,9999.000,9999.000,9999.000
202608062130,   3.113,9999.000,9999.000,9999.000,9999.000,9999.000,9999.000,9999.000,9999.000
202608062136,   3.097,9999.000,9999.000,9999.000,9999.000,9999.000,9999.000,9999.000,9999.000
202608062142,   3.078,9999.000,9999.000,9999.000,9999.000,9999.000,9999.000,9999.000,9999.000
202608062148,   3.055,9999.000,9999.000,9999.000,9999.000,9999.000,9999.000,9999.000,9999.000
202608062154,   3.029,9999.000,9999.000,9999.000,9999.000,9999.000,9999.000,9999.000,9999.000
202608062200,   2.999,9999.000,   0.400,   0.082,   3.481,   0.300,   3.381,   0.500,   3.581
202608062206,   2.967,9999.000,9999.000,9999.000,9999.000,9999.000,9999.000,9999.000,9999.000
202608062212,   2.932,9999.000,9999.000,9999.000,9999.000,9999.000,9999.000,9999.000,9999.000
202608062218,   2.894,9999.000,9999.000,9999.000,9999.000,9999.000,9999.000,9999.000,9999.000
202608062224,   2.854,9999.000,9999.000,9999.000,9999.000,9999.000,9999.000,9999.000,9999.000
202608062230,   2.811,9999.000,9999.000,9999.000,9999.000,9999.000,9999.000,9999.000,9999.000
202608062236,   2.765,9999.000,9999.000,9999.000,9999.000,9999.000,9999.000,9999.000,9999.000
202608062242,   2.717,9999.000,9999.000,9999.000,9999.000,9999.000,9999.000,9999.000,9999.000
202608062248,   2.666,9999.000,9999.000,9999.000,9999.000,9999.000,9999.000,9999.000,9999.000
202608062254,   2.613,9999.000,9999.000,9999.000,9999.000,9999.000,9999.000,9999.000,9999.000
202608062300,   2.559,9999.000,   0.400,   0.082,   3.041,   0.300,   2.941,   0.500,   3.141
202608062306,   2.502,9999.000,9999.000,9999.000,9999.000,9999.000,9999.000,9999.000,9999.000
202608062312,   2.444,9999.000,9999.000,9999.000,9999.000,9999.000,9999.000,9999.000,9999.000
202608062318,   2.384,9999.000,9999.000,9999.000,9999.000,9999.000,9999.000,9999.000,9999.000
202608062324,   2.323,9999.000,9999.000,9999.000,9999.000,9999.000,9999.000,9999.000,9999.000
202608062330,   2.261,9999.000,9999.000,9999.000,9999.000,9999.000,9999.000,9999.000,9999.000
202608062336,   2.198,9999.000,9999.000,9999.000,9999.000,9999.000,9999.000,9999.000,9999.000
202608062342,   2.134,9999.000,9999.000,9999.000,9999.000,9999.000,9999.000,9999.000,9999.000
202608062348,   2.070,9999.000,9999.000,9999.000,9999.000,9999.000,9999.000,9999.000,9999.000
202608062354,   2.005,9999.000,9999.000,9999.000,9999.000,9999.000,9999.000,9999.000,9999.000
202608070000,   1.941,9999.000,   0.400,   0.082,   2.423,   0.300,   2.323,   0.500,   2.523
202608070006,   1.876,9999.000,9999.000,9999.000,9999.000,9999.000,9999.000,9999.000,9999.000
202608070012,   1.812,9999.000,9999.000,9999.000,9999.000,9999.000,9999.000,9999.000,9999.000
202608070018,   1.749,9999.000,9999.000,9999.000,9999.000,9999.000,9999.000,9999.000,9999.000
202608070024,   1.686,9999.000,9999.000,9999.000,9999.000,9999.000,9999.000,9999.000,9999.000
202608070030,   1.624,9999.000,9999.000,9999.000,9999.000,9999.000,9999.000,9999.000,9999.000
202608070036,   1.564,9999.000,9999.000,9999.000,9999.000,9999.000,9999.000,9999.000,9999.000
202608070042,   1.504,9999.000,9999.000,9999.000,9999.000,9999.000,9999.000,9999.000,9999.000
202608070048,   1.446,9999.000,9999.000,9999.000,9999.000,9999.000,9999.000,9999.000,9999.000
202608070054,   1.389,9999.000,9999.000,9999.000,9999.000,9999.000,9999.000,9999.000,9999.000
202608070100,   1.334,9999.000,   0.500,   0.082,   1.916,   0.300,   1.716,   0.500,   1.916
202608070106,   1.281,9999.000,9999.000,9999.000,9999.000,9999.000,9999.000,9999.000,9999.000
202608070112,   1.230,9999.000,9999.000,9999.000,9999.000,9999.000,9999.000,9999.000,9999.000
202608070118,   1.181,9999.000,9999.000,9999.000,9999.000,9999.000,9999.000,9999.000,9999.000
202608070124,   1.133,9999.000,9999.000,9999.000,9999.000,9999.000,9999.000,9999.000,9999.000
202608070130,   1.088,9999.000,9999.000,9999.000,9999.000,9999.000,9999.000,9999.000,9999.000
202608070136,   1.045,9999.000,9999.000,9999.000,9999.000,9999.000,9999.000,9999.000,9999.000
202608070142,   1.005,9999.000,9999.000,9999.000,9999.000,9999.000,9999.000,9999.000,9999.000
202608070148,   0.967,9999.000,9999.000,9999.000,9999.000,9999.000,9999.000,9999.000,9999.000
202608070154,   0.931,9999.000,9999.000,9999.000,9999.000,9999.000,9999.000,9999.000,9999.000
202608070200,   0.899,9999.000,   0.500,   0.082,   1.481,   0.300,   1.281,   0.500,   1.481
202608070206,   0.868,9999.000,9999.000,9999.000,9999.000,9999.000,9999.000,9999.000,9999.000
202608070212,   0.841,9999.000,9999.000,9999.000,9999.000,9999.000,9999.000,9999.000,9999.000
202608070218,   0.817,9999.000,9999.000,9999.000,9999.000,9999.000,9999.000,9999.000,9999.000
202608070224,   0.795,9999.000,9999.000,9999.000,9999.000,9999.000,9999.000,9999.000,9999.000
202608070230,   0.776,9999.000,9999.000,9999.000,9999.000,9999.000,9999.000,9999.000,9999.000
202608070236,   0.760,9999.000,9999.000,9999.000,9999.000,9999.000,9999.000,9999.000,9999.000
202608070242,   0.748,9999.000,9999.000,9999.000,9999.000,9999.000,9999.000,9999.000,9999.000
202608070248,   0.738,9999.000,9999.000,9999.000,9999.000,9999.000,9999.000,9999.000,9999.000
202608070254,   0.731,9999.000,9999.000,9999.000,9999.000,9999.000,9999.000,9999.000,9999.000
202608070300,   0.728,9999.000,   0.400,   0.082,   1.210,   0.300,   1.110,   0.500,   1.310
202608070306,   0.727,9999.000,9999.000,9999.000,9999.000,9999.000,9999.000,9999.000,9999.000
202608070312,   0.729,9999.000,9999.000,9999.000,9999.000,9999.000,9999.000,9999.000,9999.000
202608070318,   0.734,9999.000,9999.000,9999.000,9999.000,9999.000,9999.000,9999.000,9999.000
202608070324,   0.742,9999.000,9999.000,9999.000,9999.000,9999.000,9999.000,9999.000,9999.000
202608070330,   0.752,9999.000,9999.000,9999.000,9999.000,9999.000,9999.000,9999.000,9999.000
202608070336,   0.765,9999.000,9999.000,9999.000,9999.000,9999.000,9999.000,9999.000,9999.000
202608070342,   0.781,9999.000,9999.000,9999.000,9999.000,9999.000,9999.000,9999.000,9999.000
202608070348,   0.798,9999.000,9999.000,9999.000,9999.000,9999.000,9999.000,9999.000,9999.000
202608070354,   0.818,9999.000,9999.000,9999.000,9999.000,9999.000,9999.000,9999.000,9999.000
202608070400,   0.840,9999.000,   0.400,   0.082,   1.322,   0.300,   1.222,   0.500,   1.422
202608070406,   0.864,9999.000,9999.000,9999.000,9999.000,9999.000,9999.000,9999.000,9999.000
202608070412,   0.889,9999.000,9999.000,9999.000,9999.000,9999.000,9999.000,9999.000,9999.000
202608070418,   0.917,9999.000,9999.000,9999.000,9999.000,9999.000,9999.000,9999.000,9999.000
202608070424,   0.946,9999.000,9999.000,9999.000,9999.000,9999.000,9999.000,9999.000,9999.000
202608070430,   0.976,9999.000,9999.000,9999.000,9999.000,9999.000,9999.000,9999.000,9999.000
202608070436,   1.008,9999.000,9999.000,9999.000,9999.000,9999.000,9999.000,9999.000,9999.000
202608070442,   1.041,9999.000,9999.000,9999.000,9999.000,9999.000,9999.000,9999.000,9999.000
202608070448,   1.076,9999.000,9999.000,9999.000,9999.000,9999.000,9999.000,9999.000,9999.000
202608070454,   1.112,9999.000,9999.000,9999.000,9999.000,9999.000,9999.000,9999.000,9999.000
202608070500,   1.150,9999.000,   0.400,   0.082,   1.632,   0.300,   1.532,   0.500,   1.732
202608070506,   1.189,9999.000,9999.000,9999.000,9999.000,9999.000,9999.000,9999.000,9999.000
202608070512,   1.230,9999.000,9999.000,9999.000,9999.000,9999.000,9999.000,9999.000,9999.000
202608070518,   1.272,9999.000,9999.000,9999.000,9999.000,9999.000,9999.000,9999.000,9999.000
202608070524,   1.316,9999.000,9999.000,9999.000,9999.000,9999.000,9999.000,9999.000,9999.000
202608070530,   1.362,9999.000,9999.000,9999.000,9999.000,9999.000,9999.000,9999.000,9999.000
202608070536,   1.410,9999.000,9999.000,9999.000,9999.000,9999.000,9999.000,9999.000,9999.000
202608070542,   1.459,9999.000,9999.000,9999.000,9999.000,9999.000,9999.000,9999.000,9999.000
202608070548,   1.511,9999.000,9999.000,9999.000,9999.000,9999.000,9999.000,9999.000,9999.000
202608070554,   1.564,9999.000,9999.000,9999.000,9999.000,9999.000,9999.000,9999.000,9999.000
202608070600,   1.620,9999.000,   0.400,   0.082,   2.102,   0.300,   2.002,   0.500,   2.202
202608070606,   1.678,9999.000,9999.000,9999.000,9999.000,9999.000,9999.000,9999.000,9999.000
202608070612,   1.737,9999.000,9999.000,9999.000,9999.000,9999.000,9999.000,9999.000,9999.000
202608070618,   1.799,9999.000,9999.000,9999.000,9999.000,9999.000,9999.000,9999.000,9999.000
202608070624,   1.862,9999.000,9999.000,9999.000,9999.000,9999.000,9999.000,9999.000,9999.000
202608070630,   1.927,9999.000,9999.000,9999.000,9999.000,9999.000,9999.000,9999.000,9999.000
202608070636,   1.993,9999.000,9999.000,9999.000,9999.000,9999.000,9999.000,9999.000,9999.000
202608070642,   2.061,9999.000,9999.000,9999.000,9999.000,9999.000,9999.000,9999.000,9999.000
202608070648,   2.130,9999.000,9999.000,9999.000,9999.000,9999.000,9999.000,9999.000,9999.000
202608070654,   2.200,9999.000,9999.000,9999.000,9999.000,9999.000,9999.000,9999.000,9999.000
202608070700,   2.270,9999.000,   0.400,   0.082,   2.752,   0.300,   2.652,   0.500,   2.852
202608070706,   2.340,9999.000,9999.000,9999.000,9999.000,9999.000,9999.000,9999.000,9999.000
202608070712,   2.410,9999.000,9999.000,9999.000,9999.000,9999.000,9999.000,9999.000,9999.000
202608070718,   2.479,9999.000,9999.000,9999.000,9999.000,9999.000,9999.000,9999.000,9999.000
202608070724,   2.548,9999.000,9999.000,9999.000,9999.000,9999.000,9999.000,9999.000,9999.000
202608070730,   2.616,9999.000,9999.000,9999.000,9999.000,9999.000,9999.000,9999.000,9999.000
202608070736,   2.681,9999.000,9999.000,9999.000,9999.000,9999.000,9999.000,9999.000,9999.000
202608070742,   2.745,9999.000,9999.000,9999.000,9999.000,9999.000,9999.000,9999.000,9999.000
202608070748,   2.807,9999.000,9999.000,9999.000,9999.000,9999.000,9999.000,9999.000,9999.000
202608070754,   2.866,9999.000,9999.000,9999.000,9999.000,9999.000,9999.000,9999.000,9999.000
202608070800,   2.922,9999.000,   0.400,   0.082,   3.404,   0.300,   3.304,   0.500,   3.504
202608070806,   2.975,9999.000,9999.000,9999.000,9999.000,9999.000,9999.000,9999.000,9999.000
202608070812,   3.024,9999.000,9999.000,9999.000,9999.000,9999.000,9999.000,9999.000,9999.000
202608070818,   3.070,9999.000,9999.000,9999.000,9999.000,9999.000,9999.000,9999.000,9999.000
202608070824,   3.113,9999.000,9999.000,9999.000,9999.000,9999.000,9999.000,9999.000,9999.000
202608070830,   3.152,9999.000,9999.000,9999.000,9999.000,9999.000,9999.000,9999.000,9999.000
202608070836,   3.186,9999.000,9999.000,9999.000,9999.000,9999.000,9999.000,9999.000,9999.000
202608070842,   3.217,9999.000,9999.000,9999.000,9999.000,9999.000,9999.000,9999.000,9999.000
202608070848,   3.244,9999.000,9999.000,9999.000,9999.000,9999.000,9999.000,9999.000,9999.000
202608070854,   3.267,9999.000,9999.000,9999.000,9999.000,9999.000,9999.000,9999.000,9999.000
202608070900,   3.286,9999.000,   0.400,   0.082,   3.768,   0.300,   3.668,   0.500,   3.868
202608070906,   3.302,9999.000,9999.000,9999.000,9999.000,9999.000,9999.000,9999.000,9999.000
202608070912,   3.313,9999.000,9999.000,9999.000,9999.000,9999.000,9999.000,9999.000,9999.000
202608070918,   3.321,9999.000,9999.000,9999.000,9999.000,9999.000,9999.000,9999.000,9999.000
202608070924,   3.325,9999.000,9999.000,9999.000,9999.000,9999.000,9999.000,9999.000,9999.000
202608070930,   3.326,9999.000,9999.000,9999.000,9999.000,9999.000,9999.000,9999.000,9999.000
202608070936,   3.323,9999.000,9999.000,9999.000,9999.000,9999.000,9999.000,9999.000,9999.000
202608070942,   3.318,9999.000,9999.000,9999.000,9999.000,9999.000,9999.000,9999.000,9999.000
202608070948,   3.308,9999.000,9999.000,9999.000,9999.000,9999.000,9999.000,9999.000,9999.000
202608070954,   3.296,9999.000,9999.000,9999.000,9999.000,9999.000,9999.000,9999.000,9999.000
202608071000,   3.281,9999.000,   0.400,   0.082,   3.763,   0.300,   3.663,   0.500,   3.863
202608071006,   3.262,9999.000,9999.000,9999.000,9999.000,9999.000,9999.000,9999.000,9999.000
202608071012,   3.241,9999.000,9999.000,9999.000,9999.000,9999.000,9999.000,9999.000,9999.000
202608071018,   3.217,9999.000,9999.000,9999.000,9999.000,9999.000,9999.000,9999.000,9999.000
202608071024,   3.190,9999.000,9999.000,9999.000,9999.000,9999.000,9999.000,9999.000,9999.000
202608071030,   3.160,9999.000,9999.000,9999.000,9999.000,9999.000,9999.000,9999.000,9999.000
202608071036,   3.127,9999.000,9999.000,9999.000,9999.000,9999.000,9999.000,9999.000,9999.000
202608071042,   3.092,9999.000,9999.000,9999.000,9999.000,9999.000,9999.000,9999.000,9999.000
202608071048,   3.054,9999.000,9999.000,9999.000,9999.000,9999.000,9999.000,9999.000,9999.000
202608071054,   3.014,9999.000,9999.000,9999.000,9999.000,9999.000,9999.000,9999.000,9999.000
202608071100,   2.971,9999.000,   0.300,   0.082,   3.353,   0.300,   3.353,   0.400,   3.453
202608071106,   2.925,9999.000,9999.000,9999.000,9999.000,9999.000,9999.000,9999.000,9999.000
202608071112,   2.877,9999.000,9999.000,9999.000,9999.000,9999.000,9999.000,9999.000,9999.000
202608071118,   2.827,9999.000,9999.000,9999.000,9999.000,9999.000,9999.000,9999.000,9999.000
202608071124,   2.775,9999.000,9999.000,9999.000,9999.000,9999.000,9999.000,9999.000,9999.000
202608071130,   2.720,9999.000,9999.000,9999.000,9999.000,9999.000,9999.000,9999.000,9999.000
202608071136,   2.664,9999.000,9999.000,9999.000,9999.000,9999.000,9999.000,9999.000,9999.000
202608071142,   2.605,9999.000,9999.000,9999.000,9999.000,9999.000,9999.000,9999.000,9999.000
202608071148,   2.546,9999.000,9999.000,9999.000,9999.000,9999.000,9999.000,9999.000,9999.000
202608071154,   2.484,9999.000,9999.000,9999.000,9999.000,9999.000,9999.000,9999.000,9999.000
202608071200,   2.421,9999.000,   0.300,   0.082,   2.803,   0.200,   2.703,   0.400,   2.903
202608071206,   2.357,9999.000,9999.000,9999.000,9999.000,9999.000,9999.000,9999.000,9999.000
202608071212,   2.292,9999.000,9999.000,9999.000,9999.000,9999.000,9999.000,9999.000,9999.000
202608071218,   2.226,9999.000,9999.000,9999.000,9999.000,9999.000,9999.000,9999.000,9999.000
202608071224,   2.160,9999.000,9999.000,9999.000,9999.000,9999.000,9999.000,9999.000,9999.000
202608071230,   2.093,9999.000,9999.000,9999.000,9999.000,9999.000,9999.000,9999.000,9999.000
202608071236,   2.025,9999.000,9999.000,9999.000,9999.000,9999.000,9999.000,9999.000,9999.000
202608071242,   1.958,9999.000,9999.000,9999.000,9999.000,9999.000,9999.000,9999.000,9999.000
202608071248,   1.891,9999.000,9999.000,9999.000,9999.000,9999.000,9999.000,9999.000,9999.000
202608071254,   1.823,9999.000,9999.000,9999.000,9999.000,9999.000,9999.000,9999.000,9999.000
202608071300,   1.757,9999.000,   0.300,   0.082,   2.139,   0.200,   2.039,   0.400,   2.239
202608071306,   1.690,9999.000,9999.000,9999.000,9999.000,9999.000,9999.000,9999.000,9999.000
202608071312,   1.624,9999.000,9999.000,9999.000,9999.000,9999.000,9999.000,9999.000,9999.000
202608071318,   1.560,9999.000,9999.000,9999.000,9999.000,9999.000,9999.000,9999.000,9999.000
202608071324,   1.495,9999.000,9999.000,9999.000,9999.000,9999.000,9999.000,9999.000,9999.000
202608071330,   1.432,9999.000,9999.000,9999.000,9999.000,9999.000,9999.000,9999.000,9999.000
202608071336,   1.370,9999.000,9999.000,9999.000,9999.000,9999.000,9999.000,9999.000,9999.000
202608071342,   1.309,9999.000,9999.000,9999.000,9999.000,9999.000,9999.000,9999.000,9999.000
202608071348,   1.250,9999.000,9999.000,9999.000,9999.000,9999.000,9999.000,9999.000,9999.000
202608071354,   1.192,9999.000,9999.000,9999.000,9999.000,9999.000,9999.000,9999.000,9999.000
202608071400,   1.135,9999.000,   0.300,   0.082,   1.517,   0.200,   1.417,   0.400,   1.617
202608071406,   1.081,9999.000,9999.000,9999.000,9999.000,9999.000,9999.000,9999.000,9999.000
202608071412,   1.028,9999.000,9999.000,9999.000,9999.000,9999.000,9999.000,9999.000,9999.000
202608071418,   0.977,9999.000,9999.000,9999.000,9999.000,9999.000,9999.000,9999.000,9999.000
202608071424,   0.928,9999.000,9999.000,9999.000,9999.000,9999.000,9999.000,9999.000,9999.000
202608071430,   0.881,9999.000,9999.000,9999.000,9999.000,9999.000,9999.000,9999.000,9999.000
202608071436,   0.836,9999.000,9999.000,9999.000,9999.000,9999.000,9999.000,9999.000,9999.000
202608071442,   0.794,9999.000,9999.000,9999.000,9999.000,9999.000,9999.000,9999.000,9999.000
202608071448,   0.754,9999.000,9999.000,9999.000,9999.000,9999.000,9999.000,9999.000,9999.000
202608071454,   0.717,9999.000,9999.000,9999.000,9999.000,9999.000,9999.000,9999.000,9999.000
202608071500,   0.682,9999.000,   0.300,   0.082,   1.064,   0.200,   0.964,   0.400,   1.164
202608071506,   0.650,9999.000,9999.000,9999.000,9999.000,9999.000,9999.000,9999.000,9999.000
202608071512,   0.621,9999.000,9999.000,9999.000,9999.000,9999.000,9999.000,9999.000,9999.000
202608071518,   0.595,9999.000,9999.000,9999.000,9999.000,9999.000,9999.000,9999.000,9999.000
202608071524,   0.571,9999.000,9999.000,9999.000,9999.000,9999.000,9999.000,9999.000,9999.000
202608071530,   0.551,9999.000,9999.000,9999.000,9999.000,9999.000,9999.000,9999.000,9999.000
202608071536,   0.533,9999.000,9999.000,9999.000,9999.000,9999.000,9999.000,9999.000,9999.000
202608071542,   0.518,9999.000,9999.000,9999.000,9999.000,9999.000,9999.000,9999.000,9999.000
202608071548,   0.507,9999.000,9999.000,9999.000,9999.000,9999.000,9999.000,9999.000,9999.000
202608071554,   0.497,9999.000,9999.000,9999.000,9999.000,9999.000,9999.000,9999.000,9999.000
202608071600,   0.491,9999.000,   0.300,   0.082,   0.873,   0.200,   0.773,   0.300,   0.873
202608071606,   0.487,9999.000,9999.000,9999.000,9999.000,9999.000,9999.000,9999.000,9999.000
202608071612,   0.486,9999.000,9999.000,9999.000,9999.000,9999.000,9999.000,9999.000,9999.000
202608071618,   0.488,9999.000,9999.000,9999.000,9999.000,9999.000,9999.000,9999.000,9999.000
202608071624,   0.492,9999.000,9999.000,9999.000,9999.000,9999.000,9999.000,9999.000,9999.000
202608071630,   0.498,9999.000,9999.000,9999.000,9999.000,9999.000,9999.000,9999.000,9999.000
202608071636,   0.507,9999.000,9999.000,9999.000,9999.000,9999.000,9999.000,9999.000,9999.000
202608071642,   0.518,9999.000,9999.000,9999.000,9999.000,9999.000,9999.000,9999.000,9999.000
202608071648,   0.531,9999.000,9999.000,9999.000,9999.000,9999.000,9999.000,9999.000,9999.000
202608071654,   0.547,9999.000,9999.000,9999.000,9999.000,9999.000,9999.000,9999.000,9999.000
202608071700,   0.565,9999.000,   0.300,   0.082,   0.947,   0.200,   0.847,   0.300,   0.947
202608071706,   0.584,9999.000,9999.000,9999.000,9999.000,9999.000,9999.000,9999.000,9999.000
202608071712,   0.606,9999.000,9999.000,9999.000,9999.000,9999.000,9999.000,9999.000,9999.000
202608071718,   0.631,9999.000,9999.000,9999.000,9999.000,9999.000,9999.000,9999.000,9999.000
202608071724,   0.657,9999.000,9999.000,9999.000,9999.000,9999.000,9999.000,9999.000,9999.000
202608071730,   0.686,9999.000,9999.000,9999.000,9999.000,9999.000,9999.000,9999.000,9999.000
202608071736,   0.717,9999.000,9999.000,9999.000,9999.000,9999.000,9999.000,9999.000,9999.000
202608071742,   0.751,9999.000,9999.000,9999.000,9999.000,9999.000,9999.000,9999.000,9999.000
202608071748,   0.787,9999.000,9999.000,9999.000,9999.000,9999.000,9999.000,9999.000,9999.000
202608071754,   0.826,9999.000,9999.000,9999.000,9999.000,9999.000,9999.000,9999.000,9999.000
202608071800,   0.867,9999.000,   0.300,   0.082,   1.249,   0.200,   1.149,   0.300,   1.249
202608071806,   0.912,9999.000,9999.000,9999.000,9999.000,9999.000,9999.000,9999.000,9999.000
202608071812,   0.959,9999.000,9999.000,9999.000,9999.000,9999.000,9999.000,9999.000,9999.000
202608071818,   1.009,9999.000,9999.000,9999.000,9999.000,9999.000,9999.000,9999.000,9999.000
202608071824,   1.063,9999.000,9999.000,9999.000,9999.000,9999.000,9999.000,9999.000,9999.000
202608071830,   1.119,9999.000,9999.000,9999.000,9999.000,9999.000,9999.000,9999.000,9999.000
202608071836,   1.178,9999.000,9999.000,9999.000,9999.000,9999.000,9999.000,9999.000,9999.000
202608071842,   1.239,9999.000,9999.000,9999.000,9999.000,9999.000,9999.000,9999.000,9999.000
202608071848,   1.304,9999.000,9999.000,9999.000,9999.000,9999.000,9999.000,9999.000,9999.000
202608071854,   1.371,9999.000,9999.000,9999.000,9999.000,9999.000,9999.000,9999.000,9999.000
202608071900,   1.440,9999.000,   0.300,   0.082,   1.822,   0.200,   1.722,   0.300,   1.822
202608071906,   1.512,9999.000,9999.000,9999.000,9999.000,9999.000,9999.000,9999.000,9999.000
202608071912,   1.585,9999.000,9999.000,9999.000,9999.000,9999.000,9999.000,9999.000,9999.000
202608071918,   1.660,9999.000,9999.000,9999.000,9999.000,9999.000,9999.000,9999.000,9999.000
202608071924,   1.736,9999.000,9999.000,9999.000,9999.000,9999.000,9999.000,9999.000,9999.000
202608071930,   1.813,9999.000,9999.000,9999.000,9999.000,9999.000,9999.000,9999.000,9999.000
202608071936,   1.890,9999.000,9999.000,9999.000,9999.000,9999.000,9999.000,9999.000,9999.000
202608071942,   1.968,9999.000,9999.000,9999.000,9999.000,9999.000,9999.000,9999.000,9999.000
202608071948,   2.045,9999.000,9999.000,9999.000,9999.000,9999.000,9999.000,9999.000,9999.000
202608071954,   2.122,9999.000,9999.000,9999.000,9999.000,9999.000,9999.000,9999.000,9999.000
202608072000,   2.197,9999.000,   0.300,   0.082,   2.579,   0.200,   2.479,   0.300,   2.579
202608072006,   2.271,9999.000,9999.000,9999.000,9999.000,9999.000,9999.000,9999.000,9999.000
202608072012,   2.344,9999.000,9999.000,9999.000,9999.000,9999.000,9999.000,9999.000,9999.000
202608072018,   2.413,9999.000,9999.000,9999.000,9999.000,9999.000,9999.000,9999.000,9999.000
202608072024,   2.481,9999.000,9999.000,9999.000,9999.000,9999.000,9999.000,9999.000,9999.000
202608072030,   2.545,9999.000,9999.000,9999.000,9999.000,9999.000,9999.000,9999.000,9999.000
202608072036,   2.607,9999.000,9999.000,9999.000,9999.000,9999.000,9999.000,9999.000,9999.000
202608072042,   2.665,9999.000,9999.000,9999.000,9999.000,9999.000,9999.000,9999.000,9999.000
202608072048,   2.719,9999.000,9999.000,9999.000,9999.000,9999.000,9999.000,9999.000,9999.000
202608072054,   2.770,9999.000,9999.000,9999.000,9999.000,9999.000,9999.000,9999.000,9999.000
202608072100,   2.817,9999.000,   0.300,   0.082,   3.199,   0.200,   3.099,   0.300,   3.199
202608072106,   2.860,9999.000,9999.000,9999.000,9999.000,9999.000,9999.000,9999.000,9999.000
202608072112,   2.899,9999.000,9999.000,9999.000,9999.000,9999.000,9999.000,9999.000,9999.000
202608072118,   2.934,9999.000,9999.000,9999.000,9999.000,9999.000,9999.000,9999.000,9999.000
202608072124,   2.965,9999.000,9999.000,9999.000,9999.000,9999.000,9999.000,9999.000,9999.000
202608072130,   2.992,9999.000,9999.000,9999.000,9999.000,9999.000,9999.000,9999.000,9999.000
202608072136,   3.015,9999.000,9999.000,9999.000,9999.000,9999.000,9999.000,9999.000,9999.000
202608072142,   3.034,9999.000,9999.000,9999.000,9999.000,9999.000,9999.000,9999.000,9999.000
202608072148,   3.049,9999.000,9999.000,9999.000,9999.000,9999.000,9999.000,9999.000,9999.000
202608072154,   3.060,9999.000,9999.000,9999.000,9999.000,9999.000,9999.000,9999.000,9999.000
202608072200,   3.068,9999.000,   0.300,   0.082,   3.450,   0.200,   3.350,   0.300,   3.450
202608072206,   3.072,9999.000,9999.000,9999.000,9999.000,9999.000,9999.000,9999.000,9999.000
202608072212,   3.072,9999.000,9999.000,9999.000,9999.000,9999.000,9999.000,9999.000,9999.000
202608072218,   3.070,9999.000,9999.000,9999.000,9999.000,9999.000,9999.000,9999.000,9999.000
202608072224,   3.063,9999.000,9999.000,9999.000,9999.000,9999.000,9999.000,9999.000,9999.000
202608072230,   3.054,9999.000,9999.000,9999.000,9999.000,9999.000,9999.000,9999.000,9999.000
202608072236,   3.041,9999.000,9999.000,9999.000,9999.000,9999.000,9999.000,9999.000,9999.000
202608072242,   3.025,9999.000,9999.000,9999.000,9999.000,9999.000,9999.000,9999.000,9999.000
202608072248,   3.006,9999.000,9999.000,9999.000,9999.000,9999.000,9999.000,9999.000,9999.000
202608072254,   2.983,9999.000,9999.000,9999.000,9999.000,9999.000,9999.000,9999.000,9999.000
202608072300,   2.958,9999.000,   0.300,   0.082,   3.340,   0.200,   3.240,   0.400,   3.440
202608072306,   2.930,9999.000,9999.000,9999.000,9999.000,9999.000,9999.000,9999.000,9999.000
202608072312,   2.899,9999.000,9999.000,9999.000,9999.000,9999.000,9999.000,9999.000,9999.000
202608072318,   2.865,9999.000,9999.000,9999.000,9999.000,9999.000,9999.000,9999.000,9999.000
202608072324,   2.829,9999.000,9999.000,9999.000,9999.000,9999.000,9999.000,9999.000,9999.000
202608072330,   2.789,9999.000,9999.000,9999.000,9999.000,9999.000,9999.000,9999.000,9999.000
202608072336,   2.748,9999.000,9999.000,9999.000,9999.000,9999.000,9999.000,9999.000,9999.000
202608072342,   2.704,9999.000,9999.000,9999.000,9999.000,9999.000,9999.000,9999.000,9999.000
202608072348,   2.657,9999.000,9999.000,9999.000,9999.000,9999.000,9999.000,9999.000,9999.000
202608072354,   2.608,9999.000,9999.000,9999.000,9999.000,9999.000,9999.000,9999.000,9999.000
202608080000,   2.558,9999.000,   0.300,   0.082,   2.940,   0.200,   2.840,   0.400,   3.040
202608080006,   2.505,9999.000,9999.000,9999.000,9999.000,9999.000,9999.000,9999.000,9999.000
202608080012,   2.451,9999.000,9999.000,9999.000,9999.000,9999.000,9999.000,9999.000,9999.000
202608080018,   2.396,9999.000,9999.000,9999.000,9999.000,9999.000,9999.000,9999.000,9999.000
202608080024,   2.339,9999.000,9999.000,9999.000,9999.000,9999.000,9999.000,9999.000,9999.000
202608080030,   2.281,9999.000,9999.000,9999.000,9999.000,9999.000,9999.000,9999.000,9999.000
202608080036,   2.222,9999.000,9999.000,9999.000,9999.000,9999.000,9999.000,9999.000,9999.000
202608080042,   2.162,9999.000,9999.000,9999.000,9999.000,9999.000,9999.000,9999.000,9999.000
202608080048,   2.103,9999.000,9999.000,9999.000,9999.000,9999.000,9999.000,9999.000,9999.000
202608080054,   2.042,9999.000,9999.000,9999.000,9999.000,9999.000,9999.000,9999.000,9999.000
202608080100,   1.982,9999.000,   0.300,   0.082,   2.364,   0.200,   2.264,   0.400,   2.464
202608080106,   1.922,9999.000,9999.000,9999.000,9999.000,9999.000,9999.000,9999.000,9999.000
202608080112,   1.862,9999.000,9999.000,9999.000,9999.000,9999.000,9999.000,9999.000,9999.000
202608080118,   1.803,9999.000,9999.000,9999.000,9999.000,9999.000,9999.000,9999.000,9999.000
202608080124,   1.744,9999.000,9999.000,9999.000,9999.000,9999.000,9999.000,9999.000,9999.000
202608080130,   1.686,9999.000,9999.000,9999.000,9999.000,9999.000,9999.000,9999.000,9999.000
202608080136,   1.629,9999.000,9999.000,9999.000,9999.000,9999.000,9999.000,9999.000,9999.000
202608080142,   1.574,9999.000,9999.000,9999.000,9999.000,9999.000,9999.000,9999.000,9999.000
202608080148,   1.519,9999.000,9999.000,9999.000,9999.000,9999.000,9999.000,9999.000,9999.000
202608080154,   1.466,9999.000,9999.000,9999.000,9999.000,9999.000,9999.000,9999.000,9999.000
202608080200,   1.414,9999.000,   0.300,   0.082,   1.796,   0.200,   1.696,   0.400,   1.896
202608080206,   1.364,9999.000,9999.000,9999.000,9999.000,9999.000,9999.000,9999.000,9999.000
202608080212,   1.316,9999.000,9999.000,9999.000,9999.000,9999.000,9999.000,9999.000,9999.000
202608080218,   1.270,9999.000,9999.000,9999.000,9999.000,9999.000,9999.000,9999.000,9999.000
202608080224,   1.225,9999.000,9999.000,9999.000,9999.000,9999.000,9999.000,9999.000,9999.000
202608080230,   1.182,9999.000,9999.000,9999.000,9999.000,9999.000,9999.000,9999.000,9999.000
202608080236,   1.142,9999.000,9999.000,9999.000,9999.000,9999.000,9999.000,9999.000,9999.000
202608080242,   1.103,9999.000,9999.000,9999.000,9999.000,9999.000,9999.000,9999.000,9999.000
202608080248,   1.067,9999.000,9999.000,9999.000,9999.000,9999.000,9999.000,9999.000,9999.000
202608080254,   1.033,9999.000,9999.000,9999.000,9999.000,9999.000,9999.000,9999.000,9999.000
202608080300,   1.002,9999.000,   0.300,   0.082,   1.384,   0.200,   1.284,   0.400,   1.484
202608080306,   0.973,9999.000,9999.000,9999.000,9999.000,9999.000,9999.000,9999.000,9999.000
202608080312,   0.947,9999.000,9999.000,9999.000,9999.000,9999.000,9999.000,9999.000,9999.000
202608080318,   0.924,9999.000,9999.000,9999.000,9999.000,9999.000,9999.000,9999.000,9999.000
202608080324,   0.903,9999.000,9999.000,9999.000,9999.000,9999.000,9999.000,9999.000,9999.000
202608080330,   0.884,9999.000,9999.000,9999.000,9999.000,9999.000,9999.000,9999.000,9999.000
202608080336,   0.869,9999.000,9999.000,9999.000,9999.000,9999.000,9999.000,9999.000,9999.000
202608080342,   0.856,9999.000,9999.000,9999.000,9999.000,9999.000,9999.000,9999.000,9999.000
202608080348,   0.846,9999.000,9999.000,9999.000,9999.000,9999.000,9999.000,9999.000,9999.000
202608080354,   0.839,9999.000,9999.000,9999.000,9999.000,9999.000,9999.000,9999.000,9999.000
202608080400,   0.834,9999.000,   0.300,   0.082,   1.216,   0.200,   1.116,   0.400,   1.316
202608080406,   0.832,9999.000,9999.000,9999.000,9999.000,9999.000,9999.000,9999.000,9999.000
202608080412,   0.833,9999.000,9999.000,9999.000,9999.000,9999.000,9999.000,9999.000,9999.000
202608080418,   0.836,9999.000,9999.000,9999.000,9999.000,9999.000,9999.000,9999.000,9999.000
202608080424,   0.841,9999.000,9999.000,9999.000,9999.000,9999.000,9999.000,9999.000,9999.000
202608080430,   0.849,9999.000,9999.000,9999.000,9999.000,9999.000,9999.000,9999.000,9999.000
202608080436,   0.859,9999.000,9999.000,9999.000,9999.000,9999.000,9999.000,9999.000,9999.000
202608080442,   0.871,9999.000,9999.000,9999.000,9999.000,9999.000,9999.000,9999.000,9999.000
202608080448,   0.885,9999.000,9999.000,9999.000,9999.000,9999.000,9999.000,9999.000,9999.000
202608080454,   0.900,9999.000,9999.000,9999.000,9999.000,9999.000,9999.000,9999.000,9999.000
202608080500,   0.918,9999.000,   0.300,   0.082,   1.300,   0.200,   1.200,   0.400,   1.400
202608080506,   0.937,9999.000,9999.000,9999.000,9999.000,9999.000,9999.000,9999.000,9999.000
202608080512,   0.957,9999.000,9999.000,9999.000,9999.000,9999.000,9999.000,9999.000,9999.000
202608080518,   0.979,9999.000,9999.000,9999.000,9999.000,9999.000,9999.000,9999.000,9999.000
202608080524,   1.003,9999.000,9999.000,9999.000,9999.000,9999.000,9999.000,9999.000,9999.000
202608080530,   1.028,9999.000,9999.000,9999.000,9999.000,9999.000,9999.000,9999.000,9999.000
202608080536,   1.054,9999.000,9999.000,9999.000,9999.000,9999.000,9999.000,9999.000,9999.000
202608080542,   1.082,9999.000,9999.000,9999.000,9999.000,9999.000,9999.000,9999.000,9999.000
202608080548,   1.111,9999.000,9999.000,9999.000,9999.000,9999.000,9999.000,9999.000,9999.000
202608080554,   1.141,9999.000,9999.000,9999.000,9999.000,9999.000,9999.000,9999.000,9999.000
202608080600,   1.174,9999.000,   0.300,   0.082,   1.556,   0.200,   1.456,   0.400,   1.656
202608080606,   1.207,9999.000,9999.000,9999.000,9999.000,9999.000,9999.000,9999.000,9999.000
202608080612,   1.243,9999.000,9999.000,9999.000,9999.000,9999.000,9999.000,9999.000,9999.000
202608080618,   1.281,9999.000,9999.000,9999.000,9999.000,9999.000,9999.000,9999.000,9999.000
202608080624,   1.320,9999.000,9999.000,9999.000,9999.000,9999.000,9999.000,9999.000,9999.000
202608080630,   1.362,9999.000,9999.000,9999.000,9999.000,9999.000,9999.000,9999.000,9999.000
202608080636,   1.405,9999.000,9999.000,9999.000,9999.000,9999.000,9999.000,9999.000,9999.000
202608080642,   1.451,9999.000,9999.000,9999.000,9999.000,9999.000,9999.000,9999.000,9999.000
202608080648,   1.499,9999.000,9999.000,9999.000,9999.000,9999.000,9999.000,9999.000,9999.000
202608080654,   1.550,9999.000,9999.000,9999.000,9999.000,9999.000,9999.000,9999.000,9999.000
202608080700,   1.602,9999.000,   0.300,   0.082,   1.984,   0.200,   1.884,   0.400,   2.084
202608080706,   1.657,9999.000,9999.000,9999.000,9999.000,9999.000,9999.000,9999.000,9999.000
202608080712,   1.714,9999.000,9999.000,9999.000,9999.000,9999.000,9999.000,9999.000,9999.000
202608080718,   1.774,9999.000,9999.000,9999.000,9999.000,9999.000,9999.000,9999.000,9999.000
202608080724,   1.835,9999.000,9999.000,9999.000,9999.000,9999.000,9999.000,9999.000,9999.000
202608080730,   1.898,9999.000,9999.000,9999.000,9999.000,9999.000,9999.000,9999.000,9999.000
202608080736,   1.962,9999.000,9999.000,9999.000,9999.000,9999.000,9999.000,9999.000,9999.000
202608080742,   2.028,9999.000,9999.000,9999.000,9999.000,9999.000,9999.000,9999.000,9999.000
202608080748,   2.095,9999.000,9999.000,9999.000,9999.000,9999.000,9999.000,9999.000,9999.000
202608080754,   2.163,9999.000,9999.000,9999.000,9999.000,9999.000,9999.000,9999.000,9999.000
202608080800,   2.231,9999.000,   0.300,   0.082,   2.613,   0.100,   2.413,   0.400,   2.713
202608080806,   2.299,9999.000,9999.000,9999.000,9999.000,9999.000,9999.000,9999.000,9999.000
202608080812,   2.367,9999.000,9999.000,9999.000,9999.000,9999.000,9999.000,9999.000,9999.000
202608080818,   2.435,9999.000,9999.000,9999.000,9999.000,9999.000,9999.000,9999.000,9999.000
202608080824,   2.501,9999.000,9999.000,9999.000,9999.000,9999.000,9999.000,9999.000,9999.000
202608080830,   2.566,9999.000,9999.000,9999.000,9999.000,9999.000,9999.000,9999.000,9999.000
202608080836,   2.630,9999.000,9999.000,9999.000,9999.000,9999.000,9999.000,9999.000,9999.000
202608080842,   2.691,9999.000,9999.000,9999.000,9999.000,9999.000,9999.000,9999.000,9999.000
202608080848,   2.750,9999.000,9999.000,9999.000,9999.000,9999.000,9999.000,9999.000,9999.000
202608080854,   2.807,9999.000,9999.000,9999.000,9999.000,9999.000,9999.000,9999.000,9999.000
202608080900,   2.861,9999.000,   0.200,   0.082,   3.143,   0.100,   3.043,   0.300,   3.243
202608080906,   2.912,9999.000,9999.000,9999.000,9999.000,9999.000,9999.000,9999.000,9999.000
202608080912,   2.960,9999.000,9999.000,9999.000,9999.000,9999.000,9999.000,9999.000,9999.000
202608080918,   3.005,9999.000,9999.000,9999.000,9999.000,9999.000,9999.000,9999.000,9999.000
202608080924,   3.047,9999.000,9999.000,9999.000,9999.000,9999.000,9999.000,9999.000,9999.000
202608080930,   3.084,9999.000,9999.000,9999.000,9999.000,9999.000,9999.000,9999.000,9999.000
202608080936,   3.119,9999.000,9999.000,9999.000,9999.000,9999.000,9999.000,9999.000,9999.000
202608080942,   3.150,9999.000,9999.000,9999.000,9999.000,9999.000,9999.000,9999.000,9999.000
202608080948,   3.177,9999.000,9999.000,9999.000,9999.000,9999.000,9999.000,9999.000,9999.000
202608080954,   3.201,9999.000,9999.000,9999.000,9999.000,9999.000,9999.000,9999.000,9999.000
202608081000,   3.222,9999.000,   0.200,   0.082,   3.504,   0.100,   3.404,   0.300,   3.604
202608081006,   3.239,9999.000,9999.000,9999.000,9999.000,9999.000,9999.000,9999.000,9999.000
202608081012,   3.252,9999.000,9999.000,9999.000,9999.000,9999.000,9999.000,9999.000,9999.000
202608081018,   3.263,9999.000,9999.000,9999.000,9999.000,9999.000,9999.000,9999.000,9999.000
202608081024,   3.270,9999.000,9999.000,9999.000,9999.000,9999.000,9999.000,9999.000,9999.000
202608081030,   3.274,9999.000,9999.000,9999.000,9999.000,9999.000,9999.000,9999.000,9999.000
202608081036,   3.275,9999.000,9999.000,9999.000,9999.000,9999.000,9999.000,9999.000,9999.000
202608081042,   3.273,9999.000,9999.000,9999.000,9999.000,9999.000,9999.000,9999.000,9999.000
202608081048,   3.268,9999.000,9999.000,9999.000,9999.000,9999.000,9999.000,9999.000,9999.000
202608081054,   3.261,9999.000,9999.000,9999.000,9999.000,9999.000,9999.000,9999.000,9999.000
202608081100,   3.250,9999.000,   0.200,   0.082,   3.532,   0.100,   3.432,   0.300,   3.632
202608081106,   3.236,9999.000,9999.000,9999.000,9999.000,9999.000,9999.000,9999.000,9999.000
202608081112,   3.219,9999.000,9999.000,9999.000,9999.000,9999.000,9999.000,9999.000,9999.000
202608081118,   3.200,9999.000,9999.000,9999.000,9999.000,9999.000,9999.000,9999.000,9999.000
202608081124,   3.178,9999.000,9999.000,9999.000,9999.000,9999.000,9999.000,9999.000,9999.000
202608081130,   3.153,9999.000,9999.000,9999.000,9999.000,9999.000,9999.000,9999.000,9999.000
202608081136,   3.125,9999.000,9999.000,9999.000,9999.000,9999.000,9999.000,9999.000,9999.000
202608081142,   3.094,9999.000,9999.000,9999.000,9999.000,9999.000,9999.000,9999.000,9999.000
202608081148,   3.061,9999.000,9999.000,9999.000,9999.000,9999.000,9999.000,9999.000,9999.000
202608081154,   3.025,9999.000,9999.000,9999.000,9999.000,9999.000,9999.000,9999.000,9999.000
202608081200,   2.986,9999.000,   0.200,   0.082,   3.268,   0.100,   3.168,   0.300,   3.368
202608081206,   2.945,9999.000,9999.000,9999.000,9999.000,9999.000,9999.000,9999.000,9999.000
202608081212,   2.901,9999.000,9999.000,9999.000,9999.000,9999.000,9999.000,9999.000,9999.000
202608081218,   2.855,9999.000,9999.000,9999.000,9999.000,9999.000,9999.000,9999.000,9999.000
202608081224,   2.806,9999.000,9999.000,9999.000,9999.000,9999.000,9999.000,9999.000,9999.000
202608081230,   2.755,9999.000,9999.000,9999.000,9999.000,9999.000,9999.000,9999.000,9999.000
202608081236,   2.702,9999.000,9999.000,9999.000,9999.000,9999.000,9999.000,9999.000,9999.000
202608081242,   2.647,9999.000,9999.000,9999.000,9999.000,9999.000,9999.000,9999.000,9999.000
202608081248,   2.591,9999.000,9999.000,9999.000,9999.000,9999.000,9999.000,9999.000,9999.000
202608081254,   2.532,9999.000,9999.000,9999.000,9999.000,9999.000,9999.000,9999.000,9999.000
202608081300,   2.472,9999.000,   0.200,   0.082,   2.754,   0.100,   2.654,   0.300,   2.854
202608081306,   2.411,9999.000,9999.000,9999.000,9999.000,9999.000,9999.000,9999.000,9999.000
202608081312,   2.348,9999.000,9999.000,9999.000,9999.000,9999.000,9999.000,9999.000,9999.000
202608081318,   2.285,9999.000,9999.000,9999.000,9999.000,9999.000,9999.000,9999.000,9999.000
202608081324,   2.221,9999.000,9999.000,9999.000,9999.000,9999.000,9999.000,9999.000,9999.000
202608081330,   2.156,9999.000,9999.000,9999.000,9999.000,9999.000,9999.000,9999.000,9999.000
202608081336,   2.090,9999.000,9999.000,9999.000,9999.000,9999.000,9999.000,9999.000,9999.000
202608081342,   2.024,9999.000,9999.000,9999.000,9999.000,9999.000,9999.000,9999.000,9999.000
202608081348,   1.959,9999.000,9999.000,9999.000,9999.000,9999.000,9999.000,9999.000,9999.000
202608081354,   1.893,9999.000,9999.000,9999.000,9999.000,9999.000,9999.000,9999.000,9999.000
202608081400,   1.827,9999.000,   0.200,   0.082,   2.109,   0.100,   2.009,   0.300,   2.209
202608081406,   1.761,9999.000,9999.000,9999.000,9999.000,9999.000,9999.000,9999.000,9999.000
202608081412,   1.696,9999.000,9999.000,9999.000,9999.000,9999.000,9999.000,9999.000,9999.000
202608081418,   1.631,9999.000,9999.000,9999.000,9999.000,9999.000,9999.000,9999.000,9999.000
202608081424,   1.567,9999.000,9999.000,9999.000,9999.000,9999.000,9999.000,9999.000,9999.000
202608081430,   1.504,9999.000,9999.000,9999.000,9999.000,9999.000,9999.000,9999.000,9999.000
202608081436,   1.441,9999.000,9999.000,9999.000,9999.000,9999.000,9999.000,9999.000,9999.000
202608081442,   1.380,9999.000,9999.000,9999.000,9999.000,9999.000,9999.000,9999.000,9999.000
202608081448,   1.319,9999.000,9999.000,9999.000,9999.000,9999.000,9999.000,9999.000,9999.000
202608081454,   1.260,9999.000,9999.000,9999.000,9999.000,9999.000,9999.000,9999.000,9999.000
202608081500,   1.203,9999.000,   0.200,   0.082,   1.485,   0.100,   1.385,   0.300,   1.585
202608081506,   1.146,9999.000,9999.000,9999.000,9999.000,9999.000,9999.000,9999.000,9999.000
202608081512,   1.092,9999.000,9999.000,9999.000,9999.000,9999.000,9999.000,9999.000,9999.000
202608081518,   1.039,9999.000,9999.000,9999.000,9999.000,9999.000,9999.000,9999.000,9999.000
202608081524,   0.988,9999.000,9999.000,9999.000,9999.000,9999.000,9999.000,9999.000,9999.000
202608081530,   0.939,9999.000,9999.000,9999.000,9999.000,9999.000,9999.000,9999.000,9999.000
202608081536,   0.893,9999.000,9999.000,9999.000,9999.000,9999.000,9999.000,9999.000,9999.000
202608081542,   0.848,9999.000,9999.000,9999.000,9999.000,9999.000,9999.000,9999.000,9999.000
202608081548,   0.806,9999.000,9999.000,9999.000,9999.000,9999.000,9999.000,9999.000,9999.000
202608081554,   0.766,9999.000,9999.000,9999.000,9999.000,9999.000,9999.000,9999.000,9999.000
202608081600,   0.729,9999.000,   0.200,   0.082,   1.011,   0.100,   0.911,   0.300,   1.111
202608081606,   0.694,9999.000,9999.000,9999.000,9999.000,9999.000,9999.000,9999.000,9999.000
202608081612,   0.662,9999.000,9999.000,9999.000,9999.000,9999.000,9999.000,9999.000,9999.000
202608081618,   0.632,9999.000,9999.000,9999.000,9999.000,9999.000,9999.000,9999.000,9999.000
202608081624,   0.606,9999.000,9999.000,9999.000,9999.000,9999.000,9999.000,9999.000,9999.000
202608081630,   0.582,9999.000,9999.000,9999.000,9999.000,9999.000,9999.000,9999.000,9999.000
202608081636,   0.561,9999.000,9999.000,9999.000,9999.000,9999.000,9999.000,9999.000,9999.000
202608081642,   0.542,9999.000,9999.000,9999.000,9999.000,9999.000,9999.000,9999.000,9999.000
202608081648,   0.526,9999.000,9999.000,9999.000,9999.000,9999.000,9999.000,9999.000,9999.000
202608081654,   0.513,9999.000,9999.000,9999.000,9999.000,9999.000,9999.000,9999.000,9999.000
202608081700,   0.502,9999.000,   0.200,   0.082,   0.784,   0.100,   0.684,   0.300,   0.884
202608081706,   0.494,9999.000,9999.000,9999.000,9999.000,9999.000,9999.000,9999.000,9999.000
202608081712,   0.488,9999.000,9999.000,9999.000,9999.000,9999.000,9999.000,9999.000,9999.000
202608081718,   0.484,9999.000,9999.000,9999.000,9999.000,9999.000,9999.000,9999.000,9999.000
202608081724,   0.483,9999.000,9999.000,9999.000,9999.000,9999.000,9999.000,9999.000,9999.000
202608081730,   0.484,9999.000,9999.000,9999.000,9999.000,9999.000,9999.000,9999.000,9999.000
202608081736,   0.488,9999.000,9999.000,9999.000,9999.000,9999.000,9999.000,9999.000,9999.000
202608081742,   0.493,9999.000,9999.000,9999.000,9999.000,9999.000,9999.000,9999.000,9999.000
202608081748,   0.501,9999.000,9999.000,9999.000,9999.000,9999.000,9999.000,9999.000,9999.000
202608081754,   0.511,9999.000,9999.000,9999.000,9999.000,9999.000,9999.000,9999.000,9999.000
202608081800,   0.524,9999.000,   0.200,   0.082,   0.806,   0.100,   0.706,   0.300,   0.906
