        TIME,    TIDE,      OB,   SURGE,    BIAS,     TWL,SURGE90p,  TWL90p,SURGE10p,   TWL10p
202605190600,   1.359,   1.348,  -0.300,   0.289,   1.348,  -0.400,   1.248,  -0.200,   1.448
202605190606,   1.280,9999.000,9999.000,9999.000,9999.000,9999.000,9999.000,9999.000,9999.000
202605190612,   1.202,   1.269,9999.000,9999.000,9999.000,9999.000,9999.000,9999.000,9999.000
202605190618,   1.126,9999.000,9999.000,9999.000,9999.000,9999.000,9999.000,9999.000,9999.000
202605190624,   1.051,   1.108,9999.000,9999.000,9999.000,9999.000,9999.000,9999.000,9999.000
202605190630,   0.977,9999.000,9999.000,9999.000,9999.000,9999.000,9999.000,9999.000,9999.000
202605190636,   0.906,   0.980,9999.000,9999.000,9999.000,9999.000,9999.000,9999.000,9999.000
202605190642,   0.837,9999.000,9999.000,9999.000,9999.000,9999.000,9999.000,9999.000,9999.000
202605190648,   0.771,   0.819,9999.000,9999.000,9999.000,9999.000,9999.000,9999.000,9999.000
202605190654,   0.707,9999.000,9999.000,9999.000,9999.000,9999.000,9999.000,9999.000,9999.000
202605190700,   0.646,   0.731,  -0.300,   0.385,   0.731,  -0.400,   0.631,  -0.200,   0.831
202605190706,   0.589,   0.698,9999.000,9999.000,9999.000,9999.000,9999.000,9999.000,9999.000
202605190712,   0.535,   0.659,9999.000,9999.000,9999.000,9999.000,9999.000,9999.000,9999.000
202605190718,   0.484,   0.600,9999.000,9999.000,9999.000,9999.000,9999.000,9999.000,9999.000
202605190724,   0.436,   0.531,9999.000,9999.000,9999.000,9999.000,9999.000,9999.000,9999.000
202605190730,   0.393,   0.449,9999.000,9999.000,9999.000,9999.000,9999.000,9999.000,9999.000
202605190736,   0.353,   0.409,9999.000,9999.000,9999.000,9999.000,9999.000,9999.000,9999.000
202605190742,   0.317,   0.380,9999.000,9999.000,9999.000,9999.000,9999.000,9999.000,9999.000
202605190748,   0.284,   0.400,9999.000,9999.000,9999.000,9999.000,9999.000,9999.000,9999.000
202605190754,   0.256,   0.400,9999.000,9999.000,9999.000,9999.000,9999.000,9999.000,9999.000
202605190800,   0.231,   0.400,  -0.300,   0.469,   0.400,  -0.400,   0.300,  -0.200,   0.500
202605190806,   0.210,   0.370,9999.000,9999.000,9999.000,9999.000,9999.000,9999.000,9999.000
202605190812,   0.193,   0.350,9999.000,9999.000,9999.000,9999.000,9999.000,9999.000,9999.000
202605190818,   0.180,   0.321,9999.000,9999.000,9999.000,9999.000,9999.000,9999.000,9999.000
202605190824,   0.171,   0.331,9999.000,9999.000,9999.000,9999.000,9999.000,9999.000,9999.000
202605190830,   0.166,   0.341,9999.000,9999.000,9999.000,9999.000,9999.000,9999.000,9999.000
202605190836,   0.165,   0.331,9999.000,9999.000,9999.000,9999.000,9999.000,9999.000,9999.000
202605190842,   0.167,   0.360,9999.000,9999.000,9999.000,9999.000,9999.000,9999.000,9999.000
202605190848,   0.173,   0.350,9999.000,9999.000,9999.000,9999.000,9999.000,9999.000,9999.000
202605190854,   0.182,   0.350,9999.000,9999.000,9999.000,9999.000,9999.000,9999.000,9999.000
202605190900,   0.196,   0.350,  -0.300,   0.454,   0.350,  -0.300,   0.350,  -0.200,   0.450
202605190906,   0.213,   0.370,9999.000,9999.000,9999.000,9999.000,9999.000,9999.000,9999.000
202605190912,   0.233,   0.390,9999.000,9999.000,9999.000,9999.000,9999.000,9999.000,9999.000
202605190918,   0.256,   0.380,9999.000,9999.000,9999.000,9999.000,9999.000,9999.000,9999.000
202605190924,   0.283,   0.400,9999.000,9999.000,9999.000,9999.000,9999.000,9999.000,9999.000
202605190930,   0.313,   0.390,9999.000,9999.000,9999.000,9999.000,9999.000,9999.000,9999.000
202605190936,   0.346,   0.380,9999.000,9999.000,9999.000,9999.000,9999.000,9999.000,9999.000
202605190942,   0.382,   0.400,9999.000,9999.000,9999.000,9999.000,9999.000,9999.000,9999.000
202605190948,   0.420,   0.449,9999.000,9999.000,9999.000,9999.000,9999.000,9999.000,9999.000
202605190954,   0.461,   0.459,9999.000,9999.000,9999.000,9999.000,9999.000,9999.000,9999.000
202605191000,   0.504,   0.531,  -0.300,   0.327,   0.531,  -0.400,   0.431,  -0.200,   0.631
202605191006,   0.549,   0.551,9999.000,9999.000,9999.000,9999.000,9999.000,9999.000,9999.000
202605191012,   0.596,   0.580,9999.000,9999.000,9999.000,9999.000,9999.000,9999.000,9999.000
202605191018,   0.644,   0.629,9999.000,9999.000,9999.000,9999.000,9999.000,9999.000,9999.000
202605191024,   0.694,   0.698,9999.000,9999.000,9999.000,9999.000,9999.000,9999.000,9999.000
202605191030,   0.745,   0.718,9999.000,9999.000,9999.000,9999.000,9999.000,9999.000,9999.000
202605191036,   0.797,   0.770,9999.000,9999.000,9999.000,9999.000,9999.000,9999.000,9999.000
202605191042,   0.850,   0.800,9999.000,9999.000,9999.000,9999.000,9999.000,9999.000,9999.000
202605191048,   0.903,   0.869,9999.000,9999.000,9999.000,9999.000,9999.000,9999.000,9999.000
202605191054,   0.957,   0.928,9999.000,9999.000,9999.000,9999.000,9999.000,9999.000,9999.000
202605191100,   1.011,   0.941,  -0.300,   0.230,   0.941,  -0.300,   0.941,  -0.200,   1.041
202605191106,   1.065,   0.961,9999.000,9999.000,9999.000,9999.000,9999.000,9999.000,9999.000
202605191112,   1.118,   1.039,9999.000,9999.000,9999.000,9999.000,9999.000,9999.000,9999.000
202605191118,   1.172,   1.108,9999.000,9999.000,9999.000,9999.000,9999.000,9999.000,9999.000
202605191124,   1.225,   1.151,9999.000,9999.000,9999.000,9999.000,9999.000,9999.000,9999.000
202605191130,   1.277,   1.180,9999.000,9999.000,9999.000,9999.000,9999.000,9999.000,9999.000
202605191136,   1.329,   1.279,9999.000,9999.000,9999.000,9999.000,9999.000,9999.000,9999.000
202605191142,   1.379,   1.371,9999.000,9999.000,9999.000,9999.000,9999.000,9999.000,9999.000
202605191148,   1.429,   1.469,9999.000,9999.000,9999.000,9999.000,9999.000,9999.000,9999.000
202605191154,   1.478,   1.528,9999.000,9999.000,9999.000,9999.000,9999.000,9999.000,9999.000
202605191200,   1.527,   1.610,  -0.200,   0.283,   1.610,  -0.300,   1.510,  -0.200,   1.610
202605191206,   1.574,   1.689,9999.000,9999.000,9999.000,9999.000,9999.000,9999.000,9999.000
202605191212,   1.620,   1.728,9999.000,9999.000,9999.000,9999.000,9999.000,9999.000,9999.000
202605191218,   1.664,   1.748,9999.000,9999.000,9999.000,9999.000,9999.000,9999.000,9999.000
202605191224,   1.708,   1.748,9999.000,9999.000,9999.000,9999.000,9999.000,9999.000,9999.000
202605191230,   1.750,   1.790,9999.000,9999.000,9999.000,9999.000,9999.000,9999.000,9999.000
202605191236,   1.791,   1.859,9999.000,9999.000,9999.000,9999.000,9999.000,9999.000,9999.000
202605191242,   1.831,   1.899,9999.000,9999.000,9999.000,9999.000,9999.000,9999.000,9999.000
202605191248,   1.869,   1.938,9999.000,9999.000,9999.000,9999.000,9999.000,9999.000,9999.000
202605191254,   1.906,   1.967,9999.000,9999.000,9999.000,9999.000,9999.000,9999.000,9999.000
202605191300,   1.941,   2.000,  -0.300,   0.359,   2.000,  -0.300,   2.000,  -0.200,   2.100
202605191306,   1.975,   2.010,9999.000,9999.000,9999.000,9999.000,9999.000,9999.000,9999.000
202605191312,   2.007,   2.010,9999.000,9999.000,9999.000,9999.000,9999.000,9999.000,9999.000
202605191318,   2.037,   2.030,9999.000,9999.000,9999.000,9999.000,9999.000,9999.000,9999.000
202605191324,   2.065,   2.030,9999.000,9999.000,9999.000,9999.000,9999.000,9999.000,9999.000
202605191330,   2.092,   2.030,9999.000,9999.000,9999.000,9999.000,9999.000,9999.000,9999.000
202605191336,   2.116,   2.089,9999.000,9999.000,9999.000,9999.000,9999.000,9999.000,9999.000
202605191342,   2.138,   2.118,9999.000,9999.000,9999.000,9999.000,9999.000,9999.000,9999.000
202605191348,   2.158,   2.128,9999.000,9999.000,9999.000,9999.000,9999.000,9999.000,9999.000
202605191354,   2.176,   2.128,9999.000,9999.000,9999.000,9999.000,9999.000,9999.000,9999.000
202605191400,   2.191,   2.158,  -0.300,   0.267,   2.158,  -0.300,   2.158,  -0.200,   2.258
202605191406,   2.204,   2.177,9999.000,9999.000,9999.000,9999.000,9999.000,9999.000,9999.000
202605191412,   2.214,   2.200,9999.000,9999.000,9999.000,9999.000,9999.000,9999.000,9999.000
202605191418,   2.222,   2.177,9999.000,9999.000,9999.000,9999.000,9999.000,9999.000,9999.000
202605191424,   2.227,   2.168,9999.000,9999.000,9999.000,9999.000,9999.000,9999.000,9999.000
202605191430,   2.230,   2.177,9999.000,9999.000,9999.000,9999.000,9999.000,9999.000,9999.000
202605191436,   2.230,   2.191,9999.000,9999.000,9999.000,9999.000,9999.000,9999.000,9999.000
202605191442,   2.228,   2.158,9999.000,9999.000,9999.000,9999.000,9999.000,9999.000,9999.000
202605191448,   2.223,   2.128,9999.000,9999.000,9999.000,9999.000,9999.000,9999.000,9999.000
202605191454,   2.215,   2.109,9999.000,9999.000,9999.000,9999.000,9999.000,9999.000,9999.000
202605191500,   2.205,   2.089,  -0.200,   0.084,   2.089,  -0.300,   1.989,  -0.200,   2.089
202605191506,   2.193,   2.079,9999.000,9999.000,9999.000,9999.000,9999.000,9999.000,9999.000
202605191512,   2.178,   2.059,9999.000,9999.000,9999.000,9999.000,9999.000,9999.000,9999.000
202605191518,   2.160,   2.059,9999.000,9999.000,9999.000,9999.000,9999.000,9999.000,9999.000
202605191524,   2.140,   2.040,9999.000,9999.000,9999.000,9999.000,9999.000,9999.000,9999.000
202605191530,   2.118,   2.030,9999.000,9999.000,9999.000,9999.000,9999.000,9999.000,9999.000
202605191536,   2.094,   1.990,9999.000,9999.000,9999.000,9999.000,9999.000,9999.000,9999.000
202605191542,   2.067,   1.938,9999.000,9999.000,9999.000,9999.000,9999.000,9999.000,9999.000
202605191548,   2.037,   1.908,9999.000,9999.000,9999.000,9999.000,9999.000,9999.000,9999.000
202605191554,   2.006,   1.899,9999.000,9999.000,9999.000,9999.000,9999.000,9999.000,9999.000
202605191600,   1.972,   1.899,  -0.200,   0.127,   1.899,  -0.300,   1.799,  -0.200,   1.899
202605191606,   1.936,   1.879,9999.000,9999.000,9999.000,9999.000,9999.000,9999.000,9999.000
202605191612,   1.898,   1.859,9999.000,9999.000,9999.000,9999.000,9999.000,9999.000,9999.000
202605191618,   1.858,   1.840,9999.000,9999.000,9999.000,9999.000,9999.000,9999.000,9999.000
202605191624,   1.815,   1.781,9999.000,9999.000,9999.000,9999.000,9999.000,9999.000,9999.000
202605191630,   1.770,   1.738,9999.000,9999.000,9999.000,9999.000,9999.000,9999.000,9999.000
202605191636,   1.723,   1.679,9999.000,9999.000,9999.000,9999.000,9999.000,9999.000,9999.000
202605191642,   1.673,   1.610,9999.000,9999.000,9999.000,9999.000,9999.000,9999.000,9999.000
202605191648,   1.622,   1.528,9999.000,9999.000,9999.000,9999.000,9999.000,9999.000,9999.000
202605191654,   1.568,   1.420,9999.000,9999.000,9999.000,9999.000,9999.000,9999.000,9999.000
202605191700,   1.512,   1.400,  -0.300,   0.188,   1.400,  -0.300,   1.400,  -0.200,   1.500
202605191706,   1.455,   1.338,9999.000,9999.000,9999.000,9999.000,9999.000,9999.000,9999.000
202605191712,   1.396,   1.298,9999.000,9999.000,9999.000,9999.000,9999.000,9999.000,9999.000
202605191718,   1.335,   1.229,9999.000,9999.000,9999.000,9999.000,9999.000,9999.000,9999.000
202605191724,   1.272,   1.190,9999.000,9999.000,9999.000,9999.000,9999.000,9999.000,9999.000
202605191730,   1.208,   1.118,9999.000,9999.000,9999.000,9999.000,9999.000,9999.000,9999.000
202605191736,   1.143,   1.059,9999.000,9999.000,9999.000,9999.000,9999.000,9999.000,9999.000
202605191742,   1.077,   1.000,9999.000,9999.000,9999.000,9999.000,9999.000,9999.000,9999.000
202605191748,   1.011,   0.918,9999.000,9999.000,9999.000,9999.000,9999.000,9999.000,9999.000
202605191754,   0.944,   0.859,9999.000,9999.000,9999.000,9999.000,9999.000,9999.000,9999.000
202605191800,   0.877,   0.770,  -0.200,   0.093,   0.770,  -0.200,   0.770,  -0.100,   0.870
202605191806,   0.810,   0.698,9999.000,9999.000,9999.000,9999.000,9999.000,9999.000,9999.000
202605191812,   0.743,   0.629,9999.000,9999.000,9999.000,9999.000,9999.000,9999.000,9999.000
202605191818,   0.678,   0.600,9999.000,9999.000,9999.000,9999.000,9999.000,9999.000,9999.000
202605191824,   0.613,   0.531,9999.000,9999.000,9999.000,9999.000,9999.000,9999.000,9999.000
202605191830,   0.550,   0.488,9999.000,9999.000,9999.000,9999.000,9999.000,9999.000,9999.000
202605191836,   0.488,   0.429,9999.000,9999.000,9999.000,9999.000,9999.000,9999.000,9999.000
202605191842,   0.429,   0.390,9999.000,9999.000,9999.000,9999.000,9999.000,9999.000,9999.000
202605191848,   0.372,   0.331,9999.000,9999.000,9999.000,9999.000,9999.000,9999.000,9999.000
202605191854,   0.317,   0.278,9999.000,9999.000,9999.000,9999.000,9999.000,9999.000,9999.000
202605191900,   0.266,   0.219,  -0.200,   0.153,   0.219,  -0.300,   0.119,  -0.100,   0.319
202605191906,   0.217,   0.160,9999.000,9999.000,9999.000,9999.000,9999.000,9999.000,9999.000
202605191912,   0.172,   0.121,9999.000,9999.000,9999.000,9999.000,9999.000,9999.000,9999.000
202605191918,   0.130,   0.121,9999.000,9999.000,9999.000,9999.000,9999.000,9999.000,9999.000
202605191924,   0.091,   0.088,9999.000,9999.000,9999.000,9999.000,9999.000,9999.000,9999.000
202605191930,   0.057,   0.059,9999.000,9999.000,9999.000,9999.000,9999.000,9999.000,9999.000
202605191936,   0.026,   0.019,9999.000,9999.000,9999.000,9999.000,9999.000,9999.000,9999.000
202605191942,   0.000,  -0.009,9999.000,9999.000,9999.000,9999.000,9999.000,9999.000,9999.000
202605191948,  -0.023,  -0.039,9999.000,9999.000,9999.000,9999.000,9999.000,9999.000,9999.000
202605191954,  -0.041,  -0.068,9999.000,9999.000,9999.000,9999.000,9999.000,9999.000,9999.000
202605192000,  -0.056,  -0.078,  -0.200,   0.178,  -0.078,  -0.300,  -0.178,  -0.200,  -0.078
202605192006,  -0.067,  -0.059,9999.000,9999.000,9999.000,9999.000,9999.000,9999.000,9999.000
202605192012,  -0.073,  -0.068,9999.000,9999.000,9999.000,9999.000,9999.000,9999.000,9999.000
202605192018,  -0.075,  -0.068,9999.000,9999.000,9999.000,9999.000,9999.000,9999.000,9999.000
202605192024,  -0.073,  -0.098,9999.000,9999.000,9999.000,9999.000,9999.000,9999.000,9999.000
202605192030,  -0.068,  -0.098,9999.000,9999.000,9999.000,9999.000,9999.000,9999.000,9999.000
202605192036,  -0.058,  -0.088,9999.000,9999.000,9999.000,9999.000,9999.000,9999.000,9999.000
202605192042,  -0.044,  -0.068,9999.000,9999.000,9999.000,9999.000,9999.000,9999.000,9999.000
202605192048,  -0.027,  -0.049,9999.000,9999.000,9999.000,9999.000,9999.000,9999.000,9999.000
202605192054,  -0.005,  -0.019,9999.000,9999.000,9999.000,9999.000,9999.000,9999.000,9999.000
202605192100,   0.019,   0.000,  -0.200,   0.181,   0.000,  -0.300,  -0.100,  -0.200,   0.000
202605192106,   0.047,   0.049,9999.000,9999.000,9999.000,9999.000,9999.000,9999.000,9999.000
202605192112,   0.080,   0.059,9999.000,9999.000,9999.000,9999.000,9999.000,9999.000,9999.000
202605192118,   0.115,   0.098,9999.000,9999.000,9999.000,9999.000,9999.000,9999.000,9999.000
202605192124,   0.154,   0.098,9999.000,9999.000,9999.000,9999.000,9999.000,9999.000,9999.000
202605192130,   0.197,   0.141,9999.000,9999.000,9999.000,9999.000,9999.000,9999.000,9999.000
202605192136,   0.242,   0.160,9999.000,9999.000,9999.000,9999.000,9999.000,9999.000,9999.000
202605192142,   0.290,   0.209,9999.000,9999.000,9999.000,9999.000,9999.000,9999.000,9999.000
202605192148,   0.341,   0.249,9999.000,9999.000,9999.000,9999.000,9999.000,9999.000,9999.000
202605192154,   0.395,   0.288,9999.000,9999.000,9999.000,9999.000,9999.000,9999.000,9999.000
202605192200,   0.451,   0.331,  -0.200,   0.080,   0.331,  -0.300,   0.231,  -0.200,   0.331
202605192206,   0.510,   0.360,9999.000,9999.000,9999.000,9999.000,9999.000,9999.000,9999.000
202605192212,   0.570,   0.400,9999.000,9999.000,9999.000,9999.000,9999.000,9999.000,9999.000
202605192218,   0.633,   0.459,9999.000,9999.000,9999.000,9999.000,9999.000,9999.000,9999.000
202605192224,   0.697,   0.498,9999.000,9999.000,9999.000,9999.000,9999.000,9999.000,9999.000
202605192230,   0.763,   0.590,9999.000,9999.000,9999.000,9999.000,9999.000,9999.000,9999.000
202605192236,   0.830,   0.659,9999.000,9999.000,9999.000,9999.000,9999.000,9999.000,9999.000
202605192242,   0.899,   0.751,9999.000,9999.000,9999.000,9999.000,9999.000,9999.000,9999.000
202605192248,   0.967,   0.819,9999.000,9999.000,9999.000,9999.000,9999.000,9999.000,9999.000
202605192254,   1.037,   0.879,9999.000,9999.000,9999.000,9999.000,9999.000,9999.000,9999.000
202605192300,   1.107,   0.941,  -0.300,   0.134,   0.941,  -0.300,   0.941,  -0.200,   1.041
202605192306,   1.177,   1.020,9999.000,9999.000,9999.000,9999.000,9999.000,9999.000,9999.000
202605192312,   1.247,   1.088,9999.000,9999.000,9999.000,9999.000,9999.000,9999.000,9999.000
202605192318,   1.317,   1.128,9999.000,9999.000,9999.000,9999.000,9999.000,9999.000,9999.000
202605192324,   1.387,   1.180,9999.000,9999.000,9999.000,9999.000,9999.000,9999.000,9999.000
202605192330,   1.456,   1.239,9999.000,9999.000,9999.000,9999.000,9999.000,9999.000,9999.000
202605192336,   1.524,   1.338,9999.000,9999.000,9999.000,9999.000,9999.000,9999.000,9999.000
202605192342,   1.591,   1.420,9999.000,9999.000,9999.000,9999.000,9999.000,9999.000,9999.000
202605192348,   1.657,   1.508,9999.000,9999.000,9999.000,9999.000,9999.000,9999.000,9999.000
202605192354,   1.723,   1.557,9999.000,9999.000,9999.000,9999.000,9999.000,9999.000,9999.000
202605200000,   1.787,   1.639,  -0.200,   0.052,   1.639,  -0.300,   1.539,  -0.200,   1.639
202605200006,   1.849,   1.689,9999.000,9999.000,9999.000,9999.000,9999.000,9999.000,9999.000
202605200012,   1.911,   1.748,9999.000,9999.000,9999.000,9999.000,9999.000,9999.000,9999.000
202605200018,   1.971,   1.810,9999.000,9999.000,9999.000,9999.000,9999.000,9999.000,9999.000
202605200024,   2.030,   1.889,9999.000,9999.000,9999.000,9999.000,9999.000,9999.000,9999.000
202605200030,   2.087,   1.981,9999.000,9999.000,9999.000,9999.000,9999.000,9999.000,9999.000
202605200036,   2.143,   2.059,9999.000,9999.000,9999.000,9999.000,9999.000,9999.000,9999.000
202605200042,   2.197,   2.109,9999.000,9999.000,9999.000,9999.000,9999.000,9999.000,9999.000
202605200048,   2.250,   2.177,9999.000,9999.000,9999.000,9999.000,9999.000,9999.000,9999.000
202605200054,   2.301,   2.230,9999.000,9999.000,9999.000,9999.000,9999.000,9999.000,9999.000
202605200100,   2.351,   2.240,  -0.300,   0.189,   2.240,  -0.300,   2.240,  -0.200,   2.340
202605200106,   2.400,   2.259,9999.000,9999.000,9999.000,9999.000,9999.000,9999.000,9999.000
202605200112,   2.446,   2.309,9999.000,9999.000,9999.000,9999.000,9999.000,9999.000,9999.000
202605200118,   2.491,   2.348,9999.000,9999.000,9999.000,9999.000,9999.000,9999.000,9999.000
202605200124,   2.535,   2.377,9999.000,9999.000,9999.000,9999.000,9999.000,9999.000,9999.000
202605200130,   2.576,   2.420,9999.000,9999.000,9999.000,9999.000,9999.000,9999.000,9999.000
202605200136,   2.616,   2.450,9999.000,9999.000,9999.000,9999.000,9999.000,9999.000,9999.000
202605200142,   2.654,   2.479,9999.000,9999.000,9999.000,9999.000,9999.000,9999.000,9999.000
202605200148,   2.690,   2.519,9999.000,9999.000,9999.000,9999.000,9999.000,9999.000,9999.000
202605200154,   2.724,   2.538,9999.000,9999.000,9999.000,9999.000,9999.000,9999.000,9999.000
202605200200,   2.757,   2.578,  -0.300,   0.121,   2.578,  -0.300,   2.578,  -0.200,   2.678
202605200206,   2.787,   2.610,9999.000,9999.000,9999.000,9999.000,9999.000,9999.000,9999.000
202605200212,   2.815,   2.640,9999.000,9999.000,9999.000,9999.000,9999.000,9999.000,9999.000
202605200218,   2.840,   2.630,9999.000,9999.000,9999.000,9999.000,9999.000,9999.000,9999.000
202605200224,   2.864,   2.679,9999.000,9999.000,9999.000,9999.000,9999.000,9999.000,9999.000
202605200230,   2.885,   2.679,9999.000,9999.000,9999.000,9999.000,9999.000,9999.000,9999.000
202605200236,   2.903,   2.699,9999.000,9999.000,9999.000,9999.000,9999.000,9999.000,9999.000
202605200242,   2.920,   2.709,9999.000,9999.000,9999.000,9999.000,9999.000,9999.000,9999.000
202605200248,   2.934,   2.728,9999.000,9999.000,9999.000,9999.000,9999.000,9999.000,9999.000
202605200254,   2.945,   2.787,9999.000,9999.000,9999.000,9999.000,9999.000,9999.000,9999.000
202605200300,   2.954,   2.738,  -0.400,   0.184,   2.738,  -0.400,   2.738,  -0.300,   2.838
202605200306,   2.960,   2.748,9999.000,9999.000,9999.000,9999.000,9999.000,9999.000,9999.000
202605200312,   2.964,   2.738,9999.000,9999.000,9999.000,9999.000,9999.000,9999.000,9999.000
202605200318,   2.966,   2.748,9999.000,9999.000,9999.000,9999.000,9999.000,9999.000,9999.000
202605200324,   2.965,   2.768,9999.000,9999.000,9999.000,9999.000,9999.000,9999.000,9999.000
202605200330,   2.961,   2.738,9999.000,9999.000,9999.000,9999.000,9999.000,9999.000,9999.000
202605200336,   2.956,   2.719,9999.000,9999.000,9999.000,9999.000,9999.000,9999.000,9999.000
202605200342,   2.947,   2.689,9999.000,9999.000,9999.000,9999.000,9999.000,9999.000,9999.000
202605200348,   2.937,   2.679,9999.000,9999.000,9999.000,9999.000,9999.000,9999.000,9999.000
202605200354,   2.923,   2.669,9999.000,9999.000,9999.000,9999.000,9999.000,9999.000,9999.000
202605200400,   2.908,   2.640,  -0.400,   0.132,   2.640,  -0.500,   2.540,  -0.300,   2.740
202605200406,   2.890,   2.620,9999.000,9999.000,9999.000,9999.000,9999.000,9999.000,9999.000
202605200412,   2.870,   2.610,9999.000,9999.000,9999.000,9999.000,9999.000,9999.000,9999.000
202605200418,   2.847,   2.568,9999.000,9999.000,9999.000,9999.000,9999.000,9999.000,9999.000
202605200424,   2.821,   2.538,9999.000,9999.000,9999.000,9999.000,9999.000,9999.000,9999.000
202605200430,   2.794,   2.509,9999.000,9999.000,9999.000,9999.000,9999.000,9999.000,9999.000
202605200436,   2.763,   2.489,9999.000,9999.000,9999.000,9999.000,9999.000,9999.000,9999.000
202605200442,   2.730,   2.459,9999.000,9999.000,9999.000,9999.000,9999.000,9999.000,9999.000
202605200448,   2.695,   2.459,9999.000,9999.000,9999.000,9999.000,9999.000,9999.000,9999.000
202605200454,   2.657,   2.430,9999.000,9999.000,9999.000,9999.000,9999.000,9999.000,9999.000
202605200500,   2.616,   2.377,  -0.400,   0.161,   2.377,  -0.600,   2.177,  -0.400,   2.377
202605200506,   2.572,   2.338,9999.000,9999.000,9999.000,9999.000,9999.000,9999.000,9999.000
202605200512,   2.526,   2.279,9999.000,9999.000,9999.000,9999.000,9999.000,9999.000,9999.000
202605200518,   2.477,   2.200,9999.000,9999.000,9999.000,9999.000,9999.000,9999.000,9999.000
202605200524,   2.425,   2.118,9999.000,9999.000,9999.000,9999.000,9999.000,9999.000,9999.000
202605200530,   2.371,   2.089,9999.000,9999.000,9999.000,9999.000,9999.000,9999.000,9999.000
202605200536,   2.314,   2.079,9999.000,9999.000,9999.000,9999.000,9999.000,9999.000,9999.000
202605200542,   2.255,   2.040,9999.000,9999.000,9999.000,9999.000,9999.000,9999.000,9999.000
202605200548,   2.193,   1.967,9999.000,9999.000,9999.000,9999.000,9999.000,9999.000,9999.000
202605200554,   2.130,   1.889,9999.000,9999.000,9999.000,9999.000,9999.000,9999.000,9999.000
202605200600,   2.064,   1.781,  -0.400,   0.117,   1.781,  -0.500,   1.681,  -0.400,   1.781
202605200606,   1.996,   1.699,9999.000,9999.000,9999.000,9999.000,9999.000,9999.000,9999.000
202605200612,   1.926,   1.659,9999.000,9999.000,9999.000,9999.000,9999.000,9999.000,9999.000
202605200618,   1.855,   1.620,9999.000,9999.000,9999.000,9999.000,9999.000,9999.000,9999.000
202605200624,   1.783,   1.528,9999.000,9999.000,9999.000,9999.000,9999.000,9999.000,9999.000
202605200630,   1.710,   1.469,9999.000,9999.000,9999.000,9999.000,9999.000,9999.000,9999.000
202605200636,   1.636,   1.430,9999.000,9999.000,9999.000,9999.000,9999.000,9999.000,9999.000
202605200642,   1.562,   1.390,9999.000,9999.000,9999.000,9999.000,9999.000,9999.000,9999.000
202605200648,   1.487,   1.279,9999.000,9999.000,9999.000,9999.000,9999.000,9999.000,9999.000
202605200654,   1.413,   1.220,9999.000,9999.000,9999.000,9999.000,9999.000,9999.000,9999.000
202605200700,   1.340,   1.138,  -0.400,   0.198,   1.138,  -0.500,   1.038,  -0.400,   1.138
202605200706,   1.267,   1.088,9999.000,9999.000,9999.000,9999.000,9999.000,9999.000,9999.000
202605200712,   1.195,   1.029,9999.000,9999.000,9999.000,9999.000,9999.000,9999.000,9999.000
202605200718,   1.125,   0.970,9999.000,9999.000,9999.000,9999.000,9999.000,9999.000,9999.000
202605200724,   1.056,   0.908,9999.000,9999.000,9999.000,9999.000,9999.000,9999.000,9999.000
202605200730,   0.989,   0.859,9999.000,9999.000,9999.000,9999.000,9999.000,9999.000,9999.000
202605200736,   0.924,   0.790,9999.000,9999.000,9999.000,9999.000,9999.000,9999.000,9999.000
202605200742,   0.862,   0.731,9999.000,9999.000,9999.000,9999.000,9999.000,9999.000,9999.000
202605200748,   0.802,   0.669,9999.000,9999.000,9999.000,9999.000,9999.000,9999.000,9999.000
202605200754,   0.745,   0.619,9999.000,9999.000,9999.000,9999.000,9999.000,9999.000,9999.000
202605200800,   0.690,   0.570,  -0.400,   0.280,   0.570,  -0.500,   0.470,  -0.400,   0.570
202605200806,   0.639,   0.518,9999.000,9999.000,9999.000,9999.000,9999.000,9999.000,9999.000
202605200812,   0.590,   0.478,9999.000,9999.000,9999.000,9999.000,9999.000,9999.000,9999.000
202605200818,   0.545,   0.419,9999.000,9999.000,9999.000,9999.000,9999.000,9999.000,9999.000
202605200824,   0.503,   0.390,9999.000,9999.000,9999.000,9999.000,9999.000,9999.000,9999.000
202605200830,   0.464,   0.331,9999.000,9999.000,9999.000,9999.000,9999.000,9999.000,9999.000
202605200836,   0.429,   0.298,9999.000,9999.000,9999.000,9999.000,9999.000,9999.000,9999.000
202605200842,   0.397,   0.268,9999.000,9999.000,9999.000,9999.000,9999.000,9999.000,9999.000
202605200848,   0.368,   0.239,9999.000,9999.000,9999.000,9999.000,9999.000,9999.000,9999.000
202605200854,   0.343,   0.239,9999.000,9999.000,9999.000,9999.000,9999.000,9999.000,9999.000
202605200900,   0.322,   0.209,  -0.400,   0.287,   0.209,  -0.500,   0.109,  -0.400,   0.209
202605200906,   0.304,   0.200,9999.000,9999.000,9999.000,9999.000,9999.000,9999.000,9999.000
202605200912,   0.289,   0.170,9999.000,9999.000,9999.000,9999.000,9999.000,9999.000,9999.000
202605200918,   0.278,   0.141,9999.000,9999.000,9999.000,9999.000,9999.000,9999.000,9999.000
202605200924,   0.271,   0.141,9999.000,9999.000,9999.000,9999.000,9999.000,9999.000,9999.000
202605200930,   0.267,   0.170,9999.000,9999.000,9999.000,9999.000,9999.000,9999.000,9999.000
202605200936,   0.266,   0.200,9999.000,9999.000,9999.000,9999.000,9999.000,9999.000,9999.000
202605200942,   0.269,   0.190,9999.000,9999.000,9999.000,9999.000,9999.000,9999.000,9999.000
202605200948,   0.276,   0.180,9999.000,9999.000,9999.000,9999.000,9999.000,9999.000,9999.000
202605200954,   0.285,   0.190,9999.000,9999.000,9999.000,9999.000,9999.000,9999.000,9999.000
202605201000,   0.299,   0.190,  -0.400,   0.291,   0.190,  -0.500,   0.090,  -0.300,   0.290
202605201006,   0.315,   0.180,9999.000,9999.000,9999.000,9999.000,9999.000,9999.000,9999.000
202605201012,   0.334,   0.200,9999.000,9999.000,9999.000,9999.000,9999.000,9999.000,9999.000
202605201018,   0.357,   0.219,9999.000,9999.000,9999.000,9999.000,9999.000,9999.000,9999.000
202605201024,   0.383,   0.200,9999.000,9999.000,9999.000,9999.000,9999.000,9999.000,9999.000
202605201030,   0.411,   0.209,9999.000,9999.000,9999.000,9999.000,9999.000,9999.000,9999.000
202605201036,   0.442,   0.219,9999.000,9999.000,9999.000,9999.000,9999.000,9999.000,9999.000
202605201042,   0.476,   0.249,9999.000,9999.000,9999.000,9999.000,9999.000,9999.000,9999.000
202605201048,   0.512,   0.308,9999.000,9999.000,9999.000,9999.000,9999.000,9999.000,9999.000
202605201054,   0.550,   0.341,9999.000,9999.000,9999.000,9999.000,9999.000,9999.000,9999.000
202605201100,   0.590,   0.370,  -0.400,   0.180,   0.370,  -0.500,   0.270,  -0.300,   0.470
202605201106,   0.633,   0.400,9999.000,9999.000,9999.000,9999.000,9999.000,9999.000,9999.000
202605201112,   0.676,   0.439,9999.000,9999.000,9999.000,9999.000,9999.000,9999.000,9999.000
202605201118,   0.722,   0.488,9999.000,9999.000,9999.000,9999.000,9999.000,9999.000,9999.000
202605201124,   0.768,   0.551,9999.000,9999.000,9999.000,9999.000,9999.000,9999.000,9999.000
202605201130,   0.816,   0.590,9999.000,9999.000,9999.000,9999.000,9999.000,9999.000,9999.000
202605201136,   0.864,   0.639,9999.000,9999.000,9999.000,9999.000,9999.000,9999.000,9999.000
202605201142,   0.913,   0.688,9999.000,9999.000,9999.000,9999.000,9999.000,9999.000,9999.000
202605201148,   0.963,   0.718,9999.000,9999.000,9999.000,9999.000,9999.000,9999.000,9999.000
202605201154,   1.013,   0.741,9999.000,9999.000,9999.000,9999.000,9999.000,9999.000,9999.000
202605201200,   1.063,   0.780,  -0.500,   0.217,   0.780,  -0.600,   0.680,  -0.400,   0.880
202605201206,   1.113,   0.869,9999.000,9999.000,9999.000,9999.000,9999.000,9999.000,9999.000
202605201212,   1.163,   0.941,9999.000,9999.000,9999.000,9999.000,9999.000,9999.000,9999.000
202605201218,   1.212,   0.980,9999.000,9999.000,9999.000,9999.000,9999.000,9999.000,9999.000
202605201224,   1.262,   1.010,9999.000,9999.000,9999.000,9999.000,9999.000,9999.000,9999.000
202605201230,   1.311,   1.029,9999.000,9999.000,9999.000,9999.000,9999.000,9999.000,9999.000
202605201236,   1.359,   1.069,9999.000,9999.000,9999.000,9999.000,9999.000,9999.000,9999.000
202605201242,   1.406,   1.108,9999.000,9999.000,9999.000,9999.000,9999.000,9999.000,9999.000
202605201248,   1.453,   1.170,9999.000,9999.000,9999.000,9999.000,9999.000,9999.000,9999.000
202605201254,   1.499,   1.269,9999.000,9999.000,9999.000,9999.000,9999.000,9999.000,9999.000
202605201300,   1.545,   1.298,  -0.500,   0.253,   1.298,  -0.600,   1.198,  -0.400,   1.398
202605201306,   1.589,   1.348,9999.000,9999.000,9999.000,9999.000,9999.000,9999.000,9999.000
202605201312,   1.633,   1.390,9999.000,9999.000,9999.000,9999.000,9999.000,9999.000,9999.000
202605201318,   1.675,   1.459,9999.000,9999.000,9999.000,9999.000,9999.000,9999.000,9999.000
202605201324,   1.716,   1.508,9999.000,9999.000,9999.000,9999.000,9999.000,9999.000,9999.000
202605201330,   1.757,   1.571,9999.000,9999.000,9999.000,9999.000,9999.000,9999.000,9999.000
202605201336,   1.796,   1.580,9999.000,9999.000,9999.000,9999.000,9999.000,9999.000,9999.000
202605201342,   1.833,   1.630,9999.000,9999.000,9999.000,9999.000,9999.000,9999.000,9999.000
202605201348,   1.870,   1.679,9999.000,9999.000,9999.000,9999.000,9999.000,9999.000,9999.000
202605201354,   1.905,   1.748,9999.000,9999.000,9999.000,9999.000,9999.000,9999.000,9999.000
202605201400,   1.938,   1.810,  -0.500,   0.372,   1.810,  -0.600,   1.710,  -0.400,   1.910
202605201406,   1.970,   1.830,9999.000,9999.000,9999.000,9999.000,9999.000,9999.000,9999.000
202605201412,   2.000,   1.849,9999.000,9999.000,9999.000,9999.000,9999.000,9999.000,9999.000
202605201418,   2.029,   1.889,9999.000,9999.000,9999.000,9999.000,9999.000,9999.000,9999.000
202605201424,   2.055,   1.918,9999.000,9999.000,9999.000,9999.000,9999.000,9999.000,9999.000
202605201430,   2.080,   1.958,9999.000,9999.000,9999.000,9999.000,9999.000,9999.000,9999.000
202605201436,   2.102,   1.938,9999.000,9999.000,9999.000,9999.000,9999.000,9999.000,9999.000
202605201442,   2.123,   1.958,9999.000,9999.000,9999.000,9999.000,9999.000,9999.000,9999.000
202605201448,   2.141,   1.990,9999.000,9999.000,9999.000,9999.000,9999.000,9999.000,9999.000
202605201454,   2.157,   2.000,9999.000,9999.000,9999.000,9999.000,9999.000,9999.000,9999.000
202605201500,   2.170,   1.990,  -0.500,   0.320,   1.990,  -0.600,   1.890,  -0.400,   2.090
202605201506,   2.181,   1.990,9999.000,9999.000,9999.000,9999.000,9999.000,9999.000,9999.000
202605201512,   2.190,   1.967,9999.000,9999.000,9999.000,9999.000,9999.000,9999.000,9999.000
202605201518,   2.197,   1.967,9999.000,9999.000,9999.000,9999.000,9999.000,9999.000,9999.000
202605201524,   2.200,   1.967,9999.000,9999.000,9999.000,9999.000,9999.000,9999.000,9999.000
202605201530,   2.202,   1.948,9999.000,9999.000,9999.000,9999.000,9999.000,9999.000,9999.000
202605201536,   2.201,   1.928,9999.000,9999.000,9999.000,9999.000,9999.000,9999.000,9999.000
202605201542,   2.198,   1.908,9999.000,9999.000,9999.000,9999.000,9999.000,9999.000,9999.000
202605201548,   2.192,   1.899,9999.000,9999.000,9999.000,9999.000,9999.000,9999.000,9999.000
202605201554,   2.184,   1.889,9999.000,9999.000,9999.000,9999.000,9999.000,9999.000,9999.000
202605201600,   2.173,   1.899,  -0.500,   0.226,   1.899,  -0.500,   1.899,  -0.400,   1.999
202605201606,   2.161,   1.899,9999.000,9999.000,9999.000,9999.000,9999.000,9999.000,9999.000
202605201612,   2.146,   1.889,9999.000,9999.000,9999.000,9999.000,9999.000,9999.000,9999.000
202605201618,   2.129,   1.859,9999.000,9999.000,9999.000,9999.000,9999.000,9999.000,9999.000
202605201624,   2.109,   1.830,9999.000,9999.000,9999.000,9999.000,9999.000,9999.000,9999.000
202605201630,   2.088,   1.800,9999.000,9999.000,9999.000,9999.000,9999.000,9999.000,9999.000
202605201636,   2.064,   1.758,9999.000,9999.000,9999.000,9999.000,9999.000,9999.000,9999.000
202605201642,   2.039,   1.728,9999.000,9999.000,9999.000,9999.000,9999.000,9999.000,9999.000
202605201648,   2.011,   1.699,9999.000,9999.000,9999.000,9999.000,9999.000,9999.000,9999.000
202605201654,   1.981,   1.708,9999.000,9999.000,9999.000,9999.000,9999.000,9999.000,9999.000
202605201700,   1.949,   1.669,  -0.400,   0.120,   1.669,  -0.500,   1.569,  -0.300,   1.769
202605201706,   1.915,   1.659,9999.000,9999.000,9999.000,9999.000,9999.000,9999.000,9999.000
202605201712,   1.878,   1.620,9999.000,9999.000,9999.000,9999.000,9999.000,9999.000,9999.000
202605201718,   1.840,   1.580,9999.000,9999.000,9999.000,9999.000,9999.000,9999.000,9999.000
202605201724,   1.800,   1.518,9999.000,9999.000,9999.000,9999.000,9999.000,9999.000,9999.000
202605201730,   1.757,   1.528,9999.000,9999.000,9999.000,9999.000,9999.000,9999.000,9999.000
202605201736,   1.712,   1.528,9999.000,9999.000,9999.000,9999.000,9999.000,9999.000,9999.000
202605201742,   1.666,   1.469,9999.000,9999.000,9999.000,9999.000,9999.000,9999.000,9999.000
202605201748,   1.617,   1.430,9999.000,9999.000,9999.000,9999.000,9999.000,9999.000,9999.000
202605201754,   1.566,   1.338,9999.000,9999.000,9999.000,9999.000,9999.000,9999.000,9999.000
202605201800,   1.514,   1.249,  -0.400,   0.135,   1.249,  -0.500,   1.149,  -0.300,   1.349
202605201806,   1.460,   1.180,9999.000,9999.000,9999.000,9999.000,9999.000,9999.000,9999.000
202605201812,   1.404,   1.118,9999.000,9999.000,9999.000,9999.000,9999.000,9999.000,9999.000
202605201818,   1.347,   1.079,9999.000,9999.000,9999.000,9999.000,9999.000,9999.000,9999.000
202605201824,   1.288,   1.029,9999.000,9999.000,9999.000,9999.000,9999.000,9999.000,9999.000
202605201830,   1.228,   0.951,9999.000,9999.000,9999.000,9999.000,9999.000,9999.000,9999.000
202605201836,   1.168,   0.898,9999.000,9999.000,9999.000,9999.000,9999.000,9999.000,9999.000
202605201842,   1.107,   0.869,9999.000,9999.000,9999.000,9999.000,9999.000,9999.000,9999.000
202605201848,   1.045,   0.839,9999.000,9999.000,9999.000,9999.000,9999.000,9999.000,9999.000
202605201854,   0.983,   0.800,9999.000,9999.000,9999.000,9999.000,9999.000,9999.000,9999.000
202605201900,   0.921,   0.751,  -0.400,   0.230,   0.751,  -0.400,   0.751,  -0.300,   0.851
202605201906,   0.860,   0.669,9999.000,9999.000,9999.000,9999.000,9999.000,9999.000,9999.000
202605201912,   0.799,   0.590,9999.000,9999.000,9999.000,9999.000,9999.000,9999.000,9999.000
202605201918,   0.739,   0.541,9999.000,9999.000,9999.000,9999.000,9999.000,9999.000,9999.000
202605201924,   0.680,   0.498,9999.000,9999.000,9999.000,9999.000,9999.000,9999.000,9999.000
202605201930,   0.623,   0.469,9999.000,9999.000,9999.000,9999.000,9999.000,9999.000,9999.000
202605201936,   0.568,   0.429,9999.000,9999.000,9999.000,9999.000,9999.000,9999.000,9999.000
202605201942,   0.514,   0.380,9999.000,9999.000,9999.000,9999.000,9999.000,9999.000,9999.000
202605201948,   0.463,   0.321,9999.000,9999.000,9999.000,9999.000,9999.000,9999.000,9999.000
202605201954,   0.414,   0.268,9999.000,9999.000,9999.000,9999.000,9999.000,9999.000,9999.000
202605202000,   0.368,   0.239,  -0.400,   0.271,   0.239,  -0.400,   0.239,  -0.300,   0.339
202605202006,   0.325,   0.170,9999.000,9999.000,9999.000,9999.000,9999.000,9999.000,9999.000
202605202012,   0.285,   0.160,9999.000,9999.000,9999.000,9999.000,9999.000,9999.000,9999.000
202605202018,   0.248,   0.098,9999.000,9999.000,9999.000,9999.000,9999.000,9999.000,9999.000
202605202024,   0.215,   0.039,9999.000,9999.000,9999.000,9999.000,9999.000,9999.000,9999.000
202605202030,   0.185,  -0.009,9999.000,9999.000,9999.000,9999.000,9999.000,9999.000,9999.000
202605202036,   0.158,  -0.019,9999.000,9999.000,9999.000,9999.000,9999.000,9999.000,9999.000
202605202042,   0.135,  -0.029,9999.000,9999.000,9999.000,9999.000,9999.000,9999.000,9999.000
202605202048,   0.115,  -0.039,9999.000,9999.000,9999.000,9999.000,9999.000,9999.000,9999.000
202605202054,   0.099,  -0.059,9999.000,9999.000,9999.000,9999.000,9999.000,9999.000,9999.000
202605202100,   0.087,  -0.049,  -0.300,   0.164,  -0.049,  -0.400,  -0.149,  -0.200,   0.051
202605202106,   0.078,  -0.039,9999.000,9999.000,9999.000,9999.000,9999.000,9999.000,9999.000
202605202112,   0.073,  -0.059,9999.000,9999.000,9999.000,9999.000,9999.000,9999.000,9999.000
202605202118,   0.071,  -0.078,9999.000,9999.000,9999.000,9999.000,9999.000,9999.000,9999.000
202605202124,   0.073,  -0.098,9999.000,9999.000,9999.000,9999.000,9999.000,9999.000,9999.000
202605202130,   0.079,  -0.088,9999.000,9999.000,9999.000,9999.000,9999.000,9999.000,9999.000
202605202136,   0.088,  -0.039,9999.000,9999.000,9999.000,9999.000,9999.000,9999.000,9999.000
202605202142,   0.100,  -0.029,9999.000,9999.000,9999.000,9999.000,9999.000,9999.000,9999.000
202605202148,   0.116,  -0.029,9999.000,9999.000,9999.000,9999.000,9999.000,9999.000,9999.000
202605202154,   0.136,   0.000,9999.000,9999.000,9999.000,9999.000,9999.000,9999.000,9999.000
202605202200,   0.158,   0.019,  -0.300,   0.161,   0.019,  -0.400,  -0.081,  -0.200,   0.119
202605202206,   0.184,   0.049,9999.000,9999.000,9999.000,9999.000,9999.000,9999.000,9999.000
202605202212,   0.213,   0.068,9999.000,9999.000,9999.000,9999.000,9999.000,9999.000,9999.000
202605202218,   0.246,   0.131,9999.000,9999.000,9999.000,9999.000,9999.000,9999.000,9999.000
202605202224,   0.281,   0.160,9999.000,9999.000,9999.000,9999.000,9999.000,9999.000,9999.000
202605202230,   0.319,   0.190,9999.000,9999.000,9999.000,9999.000,9999.000,9999.000,9999.000
202605202236,   0.360,   0.229,9999.000,9999.000,9999.000,9999.000,9999.000,9999.000,9999.000
202605202242,   0.404,   0.249,9999.000,9999.000,9999.000,9999.000,9999.000,9999.000,9999.000
202605202248,   0.450,   0.278,9999.000,9999.000,9999.000,9999.000,9999.000,9999.000,9999.000
202605202254,   0.499,   0.308,9999.000,9999.000,9999.000,9999.000,9999.000,9999.000,9999.000
202605202300,   0.550,   0.360,  -0.300,   0.110,   0.360,  -0.400,   0.260,  -0.200,   0.460
202605202306,   0.603,   0.429,9999.000,9999.000,9999.000,9999.000,9999.000,9999.000,9999.000
202605202312,   0.658,   0.488,9999.000,9999.000,9999.000,9999.000,9999.000,9999.000,9999.000
202605202318,   0.715,   0.560,9999.000,9999.000,9999.000,9999.000,9999.000,9999.000,9999.000
202605202324,   0.774,   0.610,9999.000,9999.000,9999.000,9999.000,9999.000,9999.000,9999.000
202605202330,   0.833,   0.698,9999.000,9999.000,9999.000,9999.000,9999.000,9999.000,9999.000
202605202336,   0.894,   0.770,9999.000,9999.000,9999.000,9999.000,9999.000,9999.000,9999.000
202605202342,   0.956,   0.829,9999.000,9999.000,9999.000,9999.000,9999.000,9999.000,9999.000
202605202348,   1.019,   0.849,9999.000,9999.000,9999.000,9999.000,9999.000,9999.000,9999.000
202605202354,   1.082,   0.908,9999.000,9999.000,9999.000,9999.000,9999.000,9999.000,9999.000
202605210000,   1.145,   0.941,  -0.300,   0.096,   0.941,  -0.400,   0.841,  -0.200,   1.041
202605210006,   1.209,   0.990,9999.000,9999.000,9999.000,9999.000,9999.000,9999.000,9999.000
202605210012,   1.272,   1.069,9999.000,9999.000,9999.000,9999.000,9999.000,9999.000,9999.000
202605210018,   1.336,   1.118,9999.000,9999.000,9999.000,9999.000,9999.000,9999.000,9999.000
202605210024,   1.399,   1.249,9999.000,9999.000,9999.000,9999.000,9999.000,9999.000,9999.000
202605210030,   1.461,   1.338,9999.000,9999.000,9999.000,9999.000,9999.000,9999.000,9999.000
202605210036,   1.523,   1.439,9999.000,9999.000,9999.000,9999.000,9999.000,9999.000,9999.000
202605210042,   1.584,   1.498,9999.000,9999.000,9999.000,9999.000,9999.000,9999.000,9999.000
202605210048,   1.645,   1.538,9999.000,9999.000,9999.000,9999.000,9999.000,9999.000,9999.000
202605210054,   1.704,   1.600,9999.000,9999.000,9999.000,9999.000,9999.000,9999.000,9999.000
202605210100,   1.762,   1.620,  -0.300,   0.158,   1.620,  -0.400,   1.520,  -0.200,   1.720
202605210106,   1.820,   1.689,9999.000,9999.000,9999.000,9999.000,9999.000,9999.000,9999.000
202605210112,   1.876,   1.748,9999.000,9999.000,9999.000,9999.000,9999.000,9999.000,9999.000
202605210118,   1.931,   1.781,9999.000,9999.000,9999.000,9999.000,9999.000,9999.000,9999.000
202605210124,   1.985,   1.889,9999.000,9999.000,9999.000,9999.000,9999.000,9999.000,9999.000
202605210130,   2.038,   1.908,9999.000,9999.000,9999.000,9999.000,9999.000,9999.000,9999.000
202605210136,   2.089,   1.948,9999.000,9999.000,9999.000,9999.000,9999.000,9999.000,9999.000
202605210142,   2.140,   1.908,9999.000,9999.000,9999.000,9999.000,9999.000,9999.000,9999.000
202605210148,   2.189,   2.059,9999.000,9999.000,9999.000,9999.000,9999.000,9999.000,9999.000
202605210154,   2.236,   2.059,9999.000,9999.000,9999.000,9999.000,9999.000,9999.000,9999.000
202605210200,   2.283,   2.099,  -0.300,   0.116,   2.099,  -0.300,   2.099,  -0.200,   2.199
202605210206,   2.327,   2.128,9999.000,9999.000,9999.000,9999.000,9999.000,9999.000,9999.000
202605210212,   2.371,   2.220,9999.000,9999.000,9999.000,9999.000,9999.000,9999.000,9999.000
202605210218,   2.413,   2.230,9999.000,9999.000,9999.000,9999.000,9999.000,9999.000,9999.000
202605210224,   2.453,   2.259,9999.000,9999.000,9999.000,9999.000,9999.000,9999.000,9999.000
202605210230,   2.492,   2.299,9999.000,9999.000,9999.000,9999.000,9999.000,9999.000,9999.000
202605210236,   2.529,   2.318,9999.000,9999.000,9999.000,9999.000,9999.000,9999.000,9999.000
202605210242,   2.564,   2.259,9999.000,9999.000,9999.000,9999.000,9999.000,9999.000,9999.000
202605210248,   2.598,   2.430,9999.000,9999.000,9999.000,9999.000,9999.000,9999.000,9999.000
202605210254,   2.629,   2.519,9999.000,9999.000,9999.000,9999.000,9999.000,9999.000,9999.000
202605210300,   2.659,   2.459,  -0.300,   0.100,   2.459,  -0.400,   2.359,  -0.300,   2.459
202605210306,   2.686,   2.440,9999.000,9999.000,9999.000,9999.000,9999.000,9999.000,9999.000
202605210312,   2.712,   2.519,9999.000,9999.000,9999.000,9999.000,9999.000,9999.000,9999.000
202605210318,   2.735,   2.558,9999.000,9999.000,9999.000,9999.000,9999.000,9999.000,9999.000
202605210324,   2.756,   2.558,9999.000,9999.000,9999.000,9999.000,9999.000,9999.000,9999.000
202605210330,   2.775,   2.548,9999.000,9999.000,9999.000,9999.000,9999.000,9999.000,9999.000
202605210336,   2.792,   2.597,9999.000,9999.000,9999.000,9999.000,9999.000,9999.000,9999.000
202605210342,   2.806,   2.610,9999.000,9999.000,9999.000,9999.000,9999.000,9999.000,9999.000
202605210348,   2.818,   2.650,9999.000,9999.000,9999.000,9999.000,9999.000,9999.000,9999.000
202605210354,   2.828,   2.640,9999.000,9999.000,9999.000,9999.000,9999.000,9999.000,9999.000
202605210400,   2.836,   2.640,  -0.400,   0.204,   2.640,  -0.400,   2.640,  -0.300,   2.740
202605210406,   2.841,   2.610,9999.000,9999.000,9999.000,9999.000,9999.000,9999.000,9999.000
202605210412,   2.844,   2.640,9999.000,9999.000,9999.000,9999.000,9999.000,9999.000,9999.000
202605210418,   2.845,   2.610,9999.000,9999.000,9999.000,9999.000,9999.000,9999.000,9999.000
202605210424,   2.844,   2.610,9999.000,9999.000,9999.000,9999.000,9999.000,9999.000,9999.000
202605210430,   2.840,   2.620,9999.000,9999.000,9999.000,9999.000,9999.000,9999.000,9999.000
202605210436,   2.835,   2.620,9999.000,9999.000,9999.000,9999.000,9999.000,9999.000,9999.000
202605210442,   2.827,   2.587,9999.000,9999.000,9999.000,9999.000,9999.000,9999.000,9999.000
202605210448,   2.817,   2.558,9999.000,9999.000,9999.000,9999.000,9999.000,9999.000,9999.000
202605210454,   2.805,   2.519,9999.000,9999.000,9999.000,9999.000,9999.000,9999.000,9999.000
202605210500,   2.791,   2.519,  -0.300,   0.028,   2.519,  -0.400,   2.419,  -0.300,   2.519
202605210506,   2.774,   2.499,9999.000,9999.000,9999.000,9999.000,9999.000,9999.000,9999.000
202605210512,   2.755,   2.479,9999.000,9999.000,9999.000,9999.000,9999.000,9999.000,9999.000
202605210518,   2.734,   2.479,9999.000,9999.000,9999.000,9999.000,9999.000,9999.000,9999.000
202605210524,   2.711,   2.450,9999.000,9999.000,9999.000,9999.000,9999.000,9999.000,9999.000
202605210530,   2.686,   2.410,9999.000,9999.000,9999.000,9999.000,9999.000,9999.000,9999.000
202605210536,   2.658,   2.410,9999.000,9999.000,9999.000,9999.000,9999.000,9999.000,9999.000
202605210542,   2.627,   2.358,9999.000,9999.000,9999.000,9999.000,9999.000,9999.000,9999.000
202605210548,   2.594,   2.410,9999.000,9999.000,9999.000,9999.000,9999.000,9999.000,9999.000
202605210554,   2.559,   2.368,9999.000,9999.000,9999.000,9999.000,9999.000,9999.000,9999.000
202605210600,   2.521,   2.318,  -0.300,   0.097,   2.318,  -0.300,   2.318,  -0.200,   2.418
202605210606,   2.480,   2.279,9999.000,9999.000,9999.000,9999.000,9999.000,9999.000,9999.000
202605210612,   2.437,   2.269,9999.000,9999.000,9999.000,9999.000,9999.000,9999.000,9999.000
202605210618,   2.392,   2.210,9999.000,9999.000,9999.000,9999.000,9999.000,9999.000,9999.000
202605210624,   2.344,   2.230,9999.000,9999.000,9999.000,9999.000,9999.000,9999.000,9999.000
202605210630,   2.293,   2.158,9999.000,9999.000,9999.000,9999.000,9999.000,9999.000,9999.000
202605210636,   2.240,   2.109,9999.000,9999.000,9999.000,9999.000,9999.000,9999.000,9999.000
202605210642,   2.185,   2.059,9999.000,9999.000,9999.000,9999.000,9999.000,9999.000,9999.000
202605210648,   2.127,   2.049,9999.000,9999.000,9999.000,9999.000,9999.000,9999.000,9999.000
202605210654,   2.067,   2.040,9999.000,9999.000,9999.000,9999.000,9999.000,9999.000,9999.000
202605210700,   2.006,   1.908,  -0.200,   0.102,   1.908,  -0.300,   1.808,  -0.200,   1.908
202605210706,   1.943,   1.748,9999.000,9999.000,9999.000,9999.000,9999.000,9999.000,9999.000
202605210712,   1.878,   1.748,9999.000,9999.000,9999.000,9999.000,9999.000,9999.000,9999.000
202605210718,   1.812,   1.699,9999.000,9999.000,9999.000,9999.000,9999.000,9999.000,9999.000
202605210724,   1.745,   1.498,9999.000,9999.000,9999.000,9999.000,9999.000,9999.000,9999.000
202605210730,   1.677,   1.420,9999.000,9999.000,9999.000,9999.000,9999.000,9999.000,9999.000
202605210736,   1.609,   1.371,9999.000,9999.000,9999.000,9999.000,9999.000,9999.000,9999.000
202605210742,   1.541,   1.328,9999.000,9999.000,9999.000,9999.000,9999.000,9999.000,9999.000
202605210748,   1.472,   1.269,9999.000,9999.000,9999.000,9999.000,9999.000,9999.000,9999.000
202605210754,   1.404,   1.220,9999.000,9999.000,9999.000,9999.000,9999.000,9999.000,9999.000
202605210800,   1.337,   1.190,  -0.200,   0.053,   1.190,  -0.200,   1.190,  -0.100,   1.290
202605210806,   1.270,   1.128,9999.000,9999.000,9999.000,9999.000,9999.000,9999.000,9999.000
202605210812,   1.204,   1.069,9999.000,9999.000,9999.000,9999.000,9999.000,9999.000,9999.000
202605210818,   1.140,   1.020,9999.000,9999.000,9999.000,9999.000,9999.000,9999.000,9999.000
202605210824,   1.077,   0.961,9999.000,9999.000,9999.000,9999.000,9999.000,9999.000,9999.000
202605210830,   1.016,   0.888,9999.000,9999.000,9999.000,9999.000,9999.000,9999.000,9999.000
202605210836,   0.957,   0.829,9999.000,9999.000,9999.000,9999.000,9999.000,9999.000,9999.000
202605210842,   0.900,   0.810,9999.000,9999.000,9999.000,9999.000,9999.000,9999.000,9999.000
202605210848,   0.846,   0.800,9999.000,9999.000,9999.000,9999.000,9999.000,9999.000,9999.000
202605210854,   0.793,   0.760,9999.000,9999.000,9999.000,9999.000,9999.000,9999.000,9999.000
202605210900,   0.744,   0.751,  -0.200,   0.207,   0.751,  -0.200,   0.751,  -0.100,   0.851
202605210906,   0.697,   0.751,9999.000,9999.000,9999.000,9999.000,9999.000,9999.000,9999.000
202605210912,   0.652,   0.688,9999.000,9999.000,9999.000,9999.000,9999.000,9999.000,9999.000
202605210918,   0.611,   0.629,9999.000,9999.000,9999.000,9999.000,9999.000,9999.000,9999.000
202605210924,   0.572,   0.610,9999.000,9999.000,9999.000,9999.000,9999.000,9999.000,9999.000
202605210930,   0.536,   0.560,9999.000,9999.000,9999.000,9999.000,9999.000,9999.000,9999.000
202605210936,   0.504,   0.541,9999.000,9999.000,9999.000,9999.000,9999.000,9999.000,9999.000
202605210942,   0.474,   0.488,9999.000,9999.000,9999.000,9999.000,9999.000,9999.000,9999.000
202605210948,   0.448,   0.488,9999.000,9999.000,9999.000,9999.000,9999.000,9999.000,9999.000
202605210954,   0.424,   0.459,9999.000,9999.000,9999.000,9999.000,9999.000,9999.000,9999.000
202605211000,   0.404,   0.429,  -0.100,   0.125,   0.429,  -0.200,   0.329,  -0.100,   0.429
202605211006,   0.387,   0.409,9999.000,9999.000,9999.000,9999.000,9999.000,9999.000,9999.000
202605211012,   0.373,   0.439,9999.000,9999.000,9999.000,9999.000,9999.000,9999.000,9999.000
202605211018,   0.363,   0.390,9999.000,9999.000,9999.000,9999.000,9999.000,9999.000,9999.000
202605211024,   0.356,   0.341,9999.000,9999.000,9999.000,9999.000,9999.000,9999.000,9999.000
202605211030,   0.352,   0.360,9999.000,9999.000,9999.000,9999.000,9999.000,9999.000,9999.000
202605211036,   0.351,   0.341,9999.000,9999.000,9999.000,9999.000,9999.000,9999.000,9999.000
202605211042,   0.354,   0.380,9999.000,9999.000,9999.000,9999.000,9999.000,9999.000,9999.000
202605211048,   0.359,   0.439,9999.000,9999.000,9999.000,9999.000,9999.000,9999.000,9999.000
202605211054,   0.368,   0.429,9999.000,9999.000,9999.000,9999.000,9999.000,9999.000,9999.000
202605211100,   0.380,   0.429,  -0.100,   0.149,   0.429,  -0.100,   0.429,   0.000,   0.529
202605211106,   0.396,   0.419,9999.000,9999.000,9999.000,9999.000,9999.000,9999.000,9999.000
202605211112,   0.414,   0.419,9999.000,9999.000,9999.000,9999.000,9999.000,9999.000,9999.000
202605211118,   0.435,   0.469,9999.000,9999.000,9999.000,9999.000,9999.000,9999.000,9999.000
202605211124,   0.459,   0.508,9999.000,9999.000,9999.000,9999.000,9999.000,9999.000,9999.000
202605211130,   0.485,   0.531,9999.000,9999.000,9999.000,9999.000,9999.000,9999.000,9999.000
202605211136,   0.515,   0.570,9999.000,9999.000,9999.000,9999.000,9999.000,9999.000,9999.000
202605211142,   0.546,   0.560,9999.000,9999.000,9999.000,9999.000,9999.000,9999.000,9999.000
202605211148,   0.580,   0.560,9999.000,9999.000,9999.000,9999.000,9999.000,9999.000,9999.000
202605211154,   0.616,   0.570,9999.000,9999.000,9999.000,9999.000,9999.000,9999.000,9999.000
202605211200,   0.654,   0.639,  -0.100,   0.085,   0.639,  -0.200,   0.539,  -0.100,   0.639
202605211206,   0.694,   0.659,9999.000,9999.000,9999.000,9999.000,9999.000,9999.000,9999.000
202605211212,   0.735,   0.708,9999.000,9999.000,9999.000,9999.000,9999.000,9999.000,9999.000
202605211218,   0.777,   0.731,9999.000,9999.000,9999.000,9999.000,9999.000,9999.000,9999.000
202605211224,   0.821,   0.770,9999.000,9999.000,9999.000,9999.000,9999.000,9999.000,9999.000
202605211230,   0.866,   0.849,9999.000,9999.000,9999.000,9999.000,9999.000,9999.000,9999.000
202605211236,   0.911,   0.869,9999.000,9999.000,9999.000,9999.000,9999.000,9999.000,9999.000
202605211242,   0.957,   0.918,9999.000,9999.000,9999.000,9999.000,9999.000,9999.000,9999.000
202605211248,   1.003,   0.951,9999.000,9999.000,9999.000,9999.000,9999.000,9999.000,9999.000
202605211254,   1.050,   1.059,9999.000,9999.000,9999.000,9999.000,9999.000,9999.000,9999.000
202605211300,   1.097,   1.128,  -0.100,   0.131,   1.128,  -0.100,   1.128,   0.000,   1.228
202605211306,   1.144,   1.170,9999.000,9999.000,9999.000,9999.000,9999.000,9999.000,9999.000
202605211312,   1.191,   1.200,9999.000,9999.000,9999.000,9999.000,9999.000,9999.000,9999.000
202605211318,   1.238,   1.279,9999.000,9999.000,9999.000,9999.000,9999.000,9999.000,9999.000
202605211324,   1.284,   1.318,9999.000,9999.000,9999.000,9999.000,9999.000,9999.000,9999.000
202605211330,   1.330,   1.348,9999.000,9999.000,9999.000,9999.000,9999.000,9999.000,9999.000
202605211336,   1.376,   1.459,9999.000,9999.000,9999.000,9999.000,9999.000,9999.000,9999.000
202605211342,   1.421,   1.528,9999.000,9999.000,9999.000,9999.000,9999.000,9999.000,9999.000
202605211348,   1.465,   1.571,9999.000,9999.000,9999.000,9999.000,9999.000,9999.000,9999.000
202605211354,   1.509,   1.580,9999.000,9999.000,9999.000,9999.000,9999.000,9999.000,9999.000
202605211400,   1.552,   1.590,  -0.100,   0.138,   1.590,  -0.100,   1.590,   0.000,   1.690
202605211406,   1.594,   1.630,9999.000,9999.000,9999.000,9999.000,9999.000,9999.000,9999.000
202605211412,   1.636,   1.669,9999.000,9999.000,9999.000,9999.000,9999.000,9999.000,9999.000
202605211418,   1.676,   1.708,9999.000,9999.000,9999.000,9999.000,9999.000,9999.000,9999.000
202605211424,   1.715,   1.738,9999.000,9999.000,9999.000,9999.000,9999.000,9999.000,9999.000
202605211430,   1.754,   1.767,9999.000,9999.000,9999.000,9999.000,9999.000,9999.000,9999.000
202605211436,   1.791,   1.820,9999.000,9999.000,9999.000,9999.000,9999.000,9999.000,9999.000
202605211442,   1.827,   1.859,9999.000,9999.000,9999.000,9999.000,9999.000,9999.000,9999.000
202605211448,   1.862,   1.899,9999.000,9999.000,9999.000,9999.000,9999.000,9999.000,9999.000
202605211454,   1.895,   1.918,9999.000,9999.000,9999.000,9999.000,9999.000,9999.000,9999.000
202605211500,   1.927,   1.928,   0.000,   0.001,   1.928,   0.000,   1.928,   0.000,   1.928
202605211506,   1.957,   1.928,9999.000,9999.000,9999.000,9999.000,9999.000,9999.000,9999.000
202605211512,   1.986,   1.918,9999.000,9999.000,9999.000,9999.000,9999.000,9999.000,9999.000
202605211518,   2.013,   1.958,9999.000,9999.000,9999.000,9999.000,9999.000,9999.000,9999.000
202605211524,   2.038,   1.990,9999.000,9999.000,9999.000,9999.000,9999.000,9999.000,9999.000
202605211530,   2.061,   2.000,9999.000,9999.000,9999.000,9999.000,9999.000,9999.000,9999.000
202605211536,   2.082,   2.020,9999.000,9999.000,9999.000,9999.000,9999.000,9999.000,9999.000
202605211542,   2.101,   2.079,9999.000,9999.000,9999.000,9999.000,9999.000,9999.000,9999.000
202605211548,   2.118,   2.079,9999.000,9999.000,9999.000,9999.000,9999.000,9999.000,9999.000
202605211554,   2.133,   2.099,9999.000,9999.000,9999.000,9999.000,9999.000,9999.000,9999.000
202605211600,   2.146,   2.109,   0.000,  -0.037,   2.109,   0.000,   2.109,   0.000,   2.109
202605211606,   2.156,   2.109,9999.000,9999.000,9999.000,9999.000,9999.000,9999.000,9999.000
202605211612,   2.164,   2.158,9999.000,9999.000,9999.000,9999.000,9999.000,9999.000,9999.000
202605211618,   2.170,   2.200,9999.000,9999.000,9999.000,9999.000,9999.000,9999.000,9999.000
202605211624,   2.174,   2.210,9999.000,9999.000,9999.000,9999.000,9999.000,9999.000,9999.000
202605211630,   2.176,   2.210,9999.000,9999.000,9999.000,9999.000,9999.000,9999.000,9999.000
202605211636,   2.175,   2.148,9999.000,9999.000,9999.000,9999.000,9999.000,9999.000,9999.000
202605211642,   2.173,   2.191,9999.000,9999.000,9999.000,9999.000,9999.000,9999.000,9999.000
202605211648,   2.168,   2.191,9999.000,9999.000,9999.000,9999.000,9999.000,9999.000,9999.000
202605211654,   2.161,   2.168,9999.000,9999.000,9999.000,9999.000,9999.000,9999.000,9999.000
202605211700,   2.153,   2.148,   0.100,  -0.105,   2.148,   0.000,   2.048,   0.100,   2.148
202605211706,   2.142,   2.138,9999.000,9999.000,9999.000,9999.000,9999.000,9999.000,9999.000
202605211712,   2.129,   2.099,9999.000,9999.000,9999.000,9999.000,9999.000,9999.000,9999.000
202605211718,   2.115,   2.109,9999.000,9999.000,9999.000,9999.000,9999.000,9999.000,9999.000
202605211724,   2.098,   2.118,9999.000,9999.000,9999.000,9999.000,9999.000,9999.000,9999.000
202605211730,   2.080,   2.069,9999.000,9999.000,9999.000,9999.000,9999.000,9999.000,9999.000
202605211736,   2.060,   2.040,9999.000,9999.000,9999.000,9999.000,9999.000,9999.000,9999.000
202605211742,   2.038,   2.040,9999.000,9999.000,9999.000,9999.000,9999.000,9999.000,9999.000
202605211748,   2.014,   2.059,9999.000,9999.000,9999.000,9999.000,9999.000,9999.000,9999.000
202605211754,   1.988,   2.059,9999.000,9999.000,9999.000,9999.000,9999.000,9999.000,9999.000
202605211800,   1.960,   2.059,   0.100,  -0.001,   2.059,   0.000,   1.959,   0.100,   2.059
202605211806,   1.930,   2.030,9999.000,9999.000,9999.000,9999.000,9999.000,9999.000,9999.000
202605211812,   1.898,   2.040,9999.000,9999.000,9999.000,9999.000,9999.000,9999.000,9999.000
202605211818,   1.864,   2.030,9999.000,9999.000,9999.000,9999.000,9999.000,9999.000,9999.000
202605211824,   1.828,   2.010,9999.000,9999.000,9999.000,9999.000,9999.000,9999.000,9999.000
202605211830,   1.790,   1.990,9999.000,9999.000,9999.000,9999.000,9999.000,9999.000,9999.000
202605211836,   1.750,   1.928,9999.000,9999.000,9999.000,9999.000,9999.000,9999.000,9999.000
202605211842,   1.708,   1.928,9999.000,9999.000,9999.000,9999.000,9999.000,9999.000,9999.000
202605211848,   1.664,   1.908,9999.000,9999.000,9999.000,9999.000,9999.000,9999.000,9999.000
202605211854,   1.618,   1.869,9999.000,9999.000,9999.000,9999.000,9999.000,9999.000,9999.000
202605211900,   1.570,   1.781,   0.100,   0.111,   1.781,   0.000,   1.681,   0.200,   1.881
202605211906,   1.521,   1.718,9999.000,9999.000,9999.000,9999.000,9999.000,9999.000,9999.000
202605211912,   1.470,   1.620,9999.000,9999.000,9999.000,9999.000,9999.000,9999.000,9999.000
202605211918,   1.417,   1.548,9999.000,9999.000,9999.000,9999.000,9999.000,9999.000,9999.000
202605211924,   1.364,   1.518,9999.000,9999.000,9999.000,9999.000,9999.000,9999.000,9999.000
202605211930,   1.309,   1.469,9999.000,9999.000,9999.000,9999.000,9999.000,9999.000,9999.000
202605211936,   1.253,   1.449,9999.000,9999.000,9999.000,9999.000,9999.000,9999.000,9999.000
202605211942,   1.197,   1.410,9999.000,9999.000,9999.000,9999.000,9999.000,9999.000,9999.000
202605211948,   1.140,   1.338,9999.000,9999.000,9999.000,9999.000,9999.000,9999.000,9999.000
202605211954,   1.083,   1.229,9999.000,9999.000,9999.000,9999.000,9999.000,9999.000,9999.000
202605212000,   1.027,   1.151,   0.200,  -0.076,   1.151,   0.100,   1.051,   0.300,   1.251
202605212006,   0.970,   1.088,9999.000,9999.000,9999.000,9999.000,9999.000,9999.000,9999.000
202605212012,   0.914,   1.059,9999.000,9999.000,9999.000,9999.000,9999.000,9999.000,9999.000
202605212018,   0.859,   1.049,9999.000,9999.000,9999.000,9999.000,9999.000,9999.000,9999.000
202605212024,   0.805,   1.000,9999.000,9999.000,9999.000,9999.000,9999.000,9999.000,9999.000
202605212030,   0.753,   0.961,9999.000,9999.000,9999.000,9999.000,9999.000,9999.000,9999.000
202605212036,   0.702,   0.888,9999.000,9999.000,9999.000,9999.000,9999.000,9999.000,9999.000
202605212042,   0.653,   0.829,9999.000,9999.000,9999.000,9999.000,9999.000,9999.000,9999.000
202605212048,   0.606,   0.790,9999.000,9999.000,9999.000,9999.000,9999.000,9999.000,9999.000
202605212054,   0.561,   0.731,9999.000,9999.000,9999.000,9999.000,9999.000,9999.000,9999.000
202605212100,   0.518,   0.698,   0.300,  -0.120,   0.698,   0.200,   0.598,   0.300,   0.698
202605212106,   0.478,   0.639,9999.000,9999.000,9999.000,9999.000,9999.000,9999.000,9999.000
202605212112,   0.441,   0.600,9999.000,9999.000,9999.000,9999.000,9999.000,9999.000,9999.000
202605212118,   0.406,   0.531,9999.000,9999.000,9999.000,9999.000,9999.000,9999.000,9999.000
202605212124,   0.375,   0.449,9999.000,9999.000,9999.000,9999.000,9999.000,9999.000,9999.000
202605212130,   0.346,   0.429,9999.000,9999.000,9999.000,9999.000,9999.000,9999.000,9999.000
202605212136,   0.320,   0.439,9999.000,9999.000,9999.000,9999.000,9999.000,9999.000,9999.000
202605212142,   0.298,   0.459,9999.000,9999.000,9999.000,9999.000,9999.000,9999.000,9999.000
202605212148,   0.278,   0.370,9999.000,9999.000,9999.000,9999.000,9999.000,9999.000,9999.000
202605212154,   0.262,   0.409,9999.000,9999.000,9999.000,9999.000,9999.000,9999.000,9999.000
202605212200,   0.248,   0.400,   0.300,  -0.148,   0.400,   0.200,   0.300,   0.400,   0.500
202605212206,   0.238,   0.409,9999.000,9999.000,9999.000,9999.000,9999.000,9999.000,9999.000
202605212212,   0.231,   0.429,9999.000,9999.000,9999.000,9999.000,9999.000,9999.000,9999.000
202605212218,   0.227,   0.439,9999.000,9999.000,9999.000,9999.000,9999.000,9999.000,9999.000
202605212224,   0.227,   0.400,9999.000,9999.000,9999.000,9999.000,9999.000,9999.000,9999.000
202605212230,   0.229,   0.409,9999.000,9999.000,9999.000,9999.000,9999.000,9999.000,9999.000
202605212236,   0.235,   0.439,9999.000,9999.000,9999.000,9999.000,9999.000,9999.000,9999.000
202605212242,   0.244,   0.439,9999.000,9999.000,9999.000,9999.000,9999.000,9999.000,9999.000
202605212248,   0.256,   0.488,9999.000,9999.000,9999.000,9999.000,9999.000,9999.000,9999.000
202605212254,   0.271,   0.518,9999.000,9999.000,9999.000,9999.000,9999.000,9999.000,9999.000
202605212300,   0.289,   0.518,   0.400,  -0.171,   0.518,   0.300,   0.418,   0.500,   0.618
202605212306,   0.311,   0.551,9999.000,9999.000,9999.000,9999.000,9999.000,9999.000,9999.000
202605212312,   0.335,   0.580,9999.000,9999.000,9999.000,9999.000,9999.000,9999.000,9999.000
202605212318,   0.362,   0.600,9999.000,9999.000,9999.000,9999.000,9999.000,9999.000,9999.000
202605212324,   0.392,   0.659,9999.000,9999.000,9999.000,9999.000,9999.000,9999.000,9999.000
202605212330,   0.425,   0.678,9999.000,9999.000,9999.000,9999.000,9999.000,9999.000,9999.000
202605212336,   0.461,   0.751,9999.000,9999.000,9999.000,9999.000,9999.000,9999.000,9999.000
202605212342,   0.499,   0.829,9999.000,9999.000,9999.000,9999.000,9999.000,9999.000,9999.000
202605212348,   0.539,   0.888,9999.000,9999.000,9999.000,9999.000,9999.000,9999.000,9999.000
202605212354,   0.582,   0.990,9999.000,9999.000,9999.000,9999.000,9999.000,9999.000,9999.000
202605220000,   0.627,   1.108,   0.200,   0.281,   1.108,   0.100,   1.008,   0.300,   1.208
202605220006,   0.674,   1.098,9999.000,9999.000,9999.000,9999.000,9999.000,9999.000,9999.000
202605220012,   0.723,   1.128,9999.000,9999.000,9999.000,9999.000,9999.000,9999.000,9999.000
202605220018,   0.773,   1.190,9999.000,9999.000,9999.000,9999.000,9999.000,9999.000,9999.000
202605220024,   0.825,   1.318,9999.000,9999.000,9999.000,9999.000,9999.000,9999.000,9999.000
202605220030,   0.878,   1.348,9999.000,9999.000,9999.000,9999.000,9999.000,9999.000,9999.000
202605220036,   0.933,   1.420,9999.000,9999.000,9999.000,9999.000,9999.000,9999.000,9999.000
202605220042,   0.988,   1.459,9999.000,9999.000,9999.000,9999.000,9999.000,9999.000,9999.000
202605220048,   1.044,   1.459,9999.000,9999.000,9999.000,9999.000,9999.000,9999.000,9999.000
202605220054,   1.100,   1.489,9999.000,9999.000,9999.000,9999.000,9999.000,9999.000,9999.000
202605220100,   1.157,   1.528,   0.300,   0.071,   1.528,   0.200,   1.428,   0.400,   1.628
202605220106,   1.214,   1.580,9999.000,9999.000,9999.000,9999.000,9999.000,9999.000,9999.000
202605220112,   1.271,   1.580,9999.000,9999.000,9999.000,9999.000,9999.000,9999.000,9999.000
202605220118,   1.327,   1.649,9999.000,9999.000,9999.000,9999.000,9999.000,9999.000,9999.000
202605220124,   1.384,   1.718,9999.000,9999.000,9999.000,9999.000,9999.000,9999.000,9999.000
202605220130,   1.440,   1.738,9999.000,9999.000,9999.000,9999.000,9999.000,9999.000,9999.000
202605220136,   1.495,   1.748,9999.000,9999.000,9999.000,9999.000,9999.000,9999.000,9999.000
202605220142,   1.550,   1.810,9999.000,9999.000,9999.000,9999.000,9999.000,9999.000,9999.000
202605220148,   1.605,   1.869,9999.000,9999.000,9999.000,9999.000,9999.000,9999.000,9999.000
202605220154,   1.658,   1.899,9999.000,9999.000,9999.000,9999.000,9999.000,9999.000,9999.000
202605220200,   1.711,   2.000,   0.300,  -0.011,   2.000,   0.200,   1.900,   0.400,   2.100
202605220206,   1.763,   2.030,9999.000,9999.000,9999.000,9999.000,9999.000,9999.000,9999.000
202605220212,   1.814,   2.069,9999.000,9999.000,9999.000,9999.000,9999.000,9999.000,9999.000
202605220218,   1.864,   2.109,9999.000,9999.000,9999.000,9999.000,9999.000,9999.000,9999.000
202605220224,   1.913,   2.168,9999.000,9999.000,9999.000,9999.000,9999.000,9999.000,9999.000
202605220230,   1.960,   2.220,9999.000,9999.000,9999.000,9999.000,9999.000,9999.000,9999.000
202605220236,   2.007,   2.279,9999.000,9999.000,9999.000,9999.000,9999.000,9999.000,9999.000
202605220242,   2.053,   2.309,9999.000,9999.000,9999.000,9999.000,9999.000,9999.000,9999.000
202605220248,   2.098,   2.400,9999.000,9999.000,9999.000,9999.000,9999.000,9999.000,9999.000
202605220254,   2.141,   2.420,9999.000,9999.000,9999.000,9999.000,9999.000,9999.000,9999.000
202605220300,   2.184,   2.469,   0.400,  -0.115,   2.469,   0.200,   2.269,   0.500,   2.569
202605220306,   2.225,   2.528,9999.000,9999.000,9999.000,9999.000,9999.000,9999.000,9999.000
202605220312,   2.265,   2.568,9999.000,9999.000,9999.000,9999.000,9999.000,9999.000,9999.000
202605220318,   2.303,   2.630,9999.000,9999.000,9999.000,9999.000,9999.000,9999.000,9999.000
202605220324,   2.340,   2.650,9999.000,9999.000,9999.000,9999.000,9999.000,9999.000,9999.000
202605220330,   2.375,   2.709,9999.000,9999.000,9999.000,9999.000,9999.000,9999.000,9999.000
202605220336,   2.409,   2.748,9999.000,9999.000,9999.000,9999.000,9999.000,9999.000,9999.000
202605220342,   2.441,   2.787,9999.000,9999.000,9999.000,9999.000,9999.000,9999.000,9999.000
202605220348,   2.471,   2.850,9999.000,9999.000,9999.000,9999.000,9999.000,9999.000,9999.000
202605220354,   2.500,   2.840,9999.000,9999.000,9999.000,9999.000,9999.000,9999.000,9999.000
202605220400,   2.527,   2.879,   0.300,   0.052,   2.879,   0.200,   2.779,   0.500,   3.079
202605220406,   2.552,   2.899,9999.000,9999.000,9999.000,9999.000,9999.000,9999.000,9999.000
202605220412,   2.575,   2.919,9999.000,9999.000,9999.000,9999.000,9999.000,9999.000,9999.000
202605220418,   2.596,   2.948,9999.000,9999.000,9999.000,9999.000,9999.000,9999.000,9999.000
202605220424,   2.615,   2.968,9999.000,9999.000,9999.000,9999.000,9999.000,9999.000,9999.000
202605220430,   2.632,   2.938,9999.000,9999.000,9999.000,9999.000,9999.000,9999.000,9999.000
202605220436,   2.647,   2.958,9999.000,9999.000,9999.000,9999.000,9999.000,9999.000,9999.000
202605220442,   2.661,   2.938,9999.000,9999.000,9999.000,9999.000,9999.000,9999.000,9999.000
202605220448,   2.672,   2.988,9999.000,9999.000,9999.000,9999.000,9999.000,9999.000,9999.000
202605220454,   2.681,   2.988,9999.000,9999.000,9999.000,9999.000,9999.000,9999.000,9999.000
202605220500,   2.688,   2.948,   0.300,  -0.040,   2.948,   0.200,   2.848,   0.500,   3.148
202605220506,   2.694,   2.988,9999.000,9999.000,9999.000,9999.000,9999.000,9999.000,9999.000
202605220512,   2.697,   2.988,9999.000,9999.000,9999.000,9999.000,9999.000,9999.000,9999.000
202605220518,   2.699,   2.978,9999.000,9999.000,9999.000,9999.000,9999.000,9999.000,9999.000
202605220524,   2.698,   2.958,9999.000,9999.000,9999.000,9999.000,9999.000,9999.000,9999.000
202605220530,   2.696,   2.948,9999.000,9999.000,9999.000,9999.000,9999.000,9999.000,9999.000
202605220536,   2.692,   2.968,9999.000,9999.000,9999.000,9999.000,9999.000,9999.000,9999.000
202605220542,   2.686,   2.938,9999.000,9999.000,9999.000,9999.000,9999.000,9999.000,9999.000
202605220548,   2.678,   2.929,9999.000,9999.000,9999.000,9999.000,9999.000,9999.000,9999.000
202605220554,   2.669,   2.909,9999.000,9999.000,9999.000,9999.000,9999.000,9999.000,9999.000
202605220600,   2.657,   2.889,   0.500,  -0.268,   2.889,   0.400,   2.789,   0.600,   2.989
202605220606,   2.643,   2.879,9999.000,9999.000,9999.000,9999.000,9999.000,9999.000,9999.000
202605220612,   2.628,   2.879,9999.000,9999.000,9999.000,9999.000,9999.000,9999.000,9999.000
202605220618,   2.610,   2.879,9999.000,9999.000,9999.000,9999.000,9999.000,9999.000,9999.000
202605220624,   2.590,   2.860,9999.000,9999.000,9999.000,9999.000,9999.000,9999.000,9999.000
202605220630,   2.568,   2.850,9999.000,9999.000,9999.000,9999.000,9999.000,9999.000,9999.000
202605220636,   2.543,   2.850,9999.000,9999.000,9999.000,9999.000,9999.000,9999.000,9999.000
202605220642,   2.516,   2.830,9999.000,9999.000,9999.000,9999.000,9999.000,9999.000,9999.000
202605220648,   2.487,   2.807,9999.000,9999.000,9999.000,9999.000,9999.000,9999.000,9999.000
202605220654,   2.456,   2.748,9999.000,9999.000,9999.000,9999.000,9999.000,9999.000,9999.000
202605220700,   2.421,   2.679,   0.500,  -0.242,   2.679,   0.400,   2.579,   0.700,   2.879
202605220706,   2.385,   2.689,9999.000,9999.000,9999.000,9999.000,9999.000,9999.000,9999.000
202605220712,   2.345,   2.587,9999.000,9999.000,9999.000,9999.000,9999.000,9999.000,9999.000
202605220718,   2.304,   2.587,9999.000,9999.000,9999.000,9999.000,9999.000,9999.000,9999.000
202605220724,   2.260,   2.548,9999.000,9999.000,9999.000,9999.000,9999.000,9999.000,9999.000
202605220730,   2.213,   2.548,9999.000,9999.000,9999.000,9999.000,9999.000,9999.000,9999.000
202605220736,   2.164,   2.538,9999.000,9999.000,9999.000,9999.000,9999.000,9999.000,9999.000
202605220742,   2.113,   2.538,9999.000,9999.000,9999.000,9999.000,9999.000,9999.000,9999.000
202605220748,   2.059,   2.538,9999.000,9999.000,9999.000,9999.000,9999.000,9999.000,9999.000
202605220754,   2.004,   2.519,9999.000,9999.000,9999.000,9999.000,9999.000,9999.000,9999.000
202605220800,   1.947,   2.489,   0.500,   0.042,   2.489,   0.500,   2.489,   0.700,   2.689
202605220806,   1.888,   2.459,9999.000,9999.000,9999.000,9999.000,9999.000,9999.000,9999.000
202605220812,   1.828,   2.420,9999.000,9999.000,9999.000,9999.000,9999.000,9999.000,9999.000
202605220818,   1.767,   2.299,9999.000,9999.000,9999.000,9999.000,9999.000,9999.000,9999.000
202605220824,   1.704,   2.269,9999.000,9999.000,9999.000,9999.000,9999.000,9999.000,9999.000
202605220830,   1.642,   2.240,9999.000,9999.000,9999.000,9999.000,9999.000,9999.000,9999.000
202605220836,   1.578,   2.128,9999.000,9999.000,9999.000,9999.000,9999.000,9999.000,9999.000
202605220842,   1.515,   2.040,9999.000,9999.000,9999.000,9999.000,9999.000,9999.000,9999.000
202605220848,   1.451,   1.967,9999.000,9999.000,9999.000,9999.000,9999.000,9999.000,9999.000
202605220854,   1.388,   1.830,9999.000,9999.000,9999.000,9999.000,9999.000,9999.000,9999.000
202605220900,   1.326,   1.728,   0.500,  -0.098,   1.728,   0.500,   1.728,   0.700,   1.928
202605220906,   1.264,   1.649,9999.000,9999.000,9999.000,9999.000,9999.000,9999.000,9999.000
202605220912,   1.203,   1.620,9999.000,9999.000,9999.000,9999.000,9999.000,9999.000,9999.000
202605220918,   1.143,   1.548,9999.000,9999.000,9999.000,9999.000,9999.000,9999.000,9999.000
202605220924,   1.085,   1.459,9999.000,9999.000,9999.000,9999.000,9999.000,9999.000,9999.000
202605220930,   1.029,   1.420,9999.000,9999.000,9999.000,9999.000,9999.000,9999.000,9999.000
202605220936,   0.974,   1.410,9999.000,9999.000,9999.000,9999.000,9999.000,9999.000,9999.000
202605220942,   0.921,   1.298,9999.000,9999.000,9999.000,9999.000,9999.000,9999.000,9999.000
202605220948,   0.870,   1.180,9999.000,9999.000,9999.000,9999.000,9999.000,9999.000,9999.000
202605220954,   0.822,   1.170,9999.000,9999.000,9999.000,9999.000,9999.000,9999.000,9999.000
202605221000,   0.775,   1.161,   0.600,  -0.214,   1.161,   0.500,   1.061,   0.700,   1.261
202605221006,   0.731,   1.128,9999.000,9999.000,9999.000,9999.000,9999.000,9999.000,9999.000
202605221012,   0.690,   1.108,9999.000,9999.000,9999.000,9999.000,9999.000,9999.000,9999.000
202605221018,   0.651,   1.079,9999.000,9999.000,9999.000,9999.000,9999.000,9999.000,9999.000
202605221024,   0.615,   0.980,9999.000,9999.000,9999.000,9999.000,9999.000,9999.000,9999.000
202605221030,   0.581,   0.941,9999.000,9999.000,9999.000,9999.000,9999.000,9999.000,9999.000
202605221036,   0.550,   0.961,9999.000,9999.000,9999.000,9999.000,9999.000,9999.000,9999.000
202605221042,   0.522,   0.918,9999.000,9999.000,9999.000,9999.000,9999.000,9999.000,9999.000
202605221048,   0.497,   0.898,9999.000,9999.000,9999.000,9999.000,9999.000,9999.000,9999.000
202605221054,   0.475,   0.839,9999.000,9999.000,9999.000,9999.000,9999.000,9999.000,9999.000
202605221100,   0.456,   0.819,   0.600,  -0.237,   0.819,   0.500,   0.719,   0.700,   0.919
202605221106,   0.439,   0.760,9999.000,9999.000,9999.000,9999.000,9999.000,9999.000,9999.000
202605221112,   0.426,   0.790,9999.000,9999.000,9999.000,9999.000,9999.000,9999.000,9999.000
202605221118,   0.416,   0.810,9999.000,9999.000,9999.000,9999.000,9999.000,9999.000,9999.000
202605221124,   0.410,   0.829,9999.000,9999.000,9999.000,9999.000,9999.000,9999.000,9999.000
202605221130,   0.406,   0.829,9999.000,9999.000,9999.000,9999.000,9999.000,9999.000,9999.000
202605221136,   0.405,   0.819,9999.000,9999.000,9999.000,9999.000,9999.000,9999.000,9999.000
202605221142,   0.408,   0.829,9999.000,9999.000,9999.000,9999.000,9999.000,9999.000,9999.000
202605221148,   0.414,   0.849,9999.000,9999.000,9999.000,9999.000,9999.000,9999.000,9999.000
202605221154,   0.423,   0.869,9999.000,9999.000,9999.000,9999.000,9999.000,9999.000,9999.000
202605221200,   0.435,   0.869,   0.600,  -0.166,   0.869,   0.500,   0.769,   0.800,   1.069
202605221206,   0.449,   0.810,9999.000,9999.000,9999.000,9999.000,9999.000,9999.000,9999.000
202605221212,   0.467,   0.819,9999.000,9999.000,9999.000,9999.000,9999.000,9999.000,9999.000
202605221218,   0.488,   0.859,9999.000,9999.000,9999.000,9999.000,9999.000,9999.000,9999.000
202605221224,   0.511,   0.898,9999.000,9999.000,9999.000,9999.000,9999.000,9999.000,9999.000
202605221230,   0.537,   0.898,9999.000,9999.000,9999.000,9999.000,9999.000,9999.000,9999.000
202605221236,   0.566,   0.918,9999.000,9999.000,9999.000,9999.000,9999.000,9999.000,9999.000
202605221242,   0.596,   0.980,9999.000,9999.000,9999.000,9999.000,9999.000,9999.000,9999.000
202605221248,   0.629,   1.029,9999.000,9999.000,9999.000,9999.000,9999.000,9999.000,9999.000
202605221254,   0.664,   1.000,9999.000,9999.000,9999.000,9999.000,9999.000,9999.000,9999.000
202605221300,   0.700,   1.020,   0.600,  -0.280,   1.020,   0.500,   0.920,   0.800,   1.220
202605221306,   0.738,   1.098,9999.000,9999.000,9999.000,9999.000,9999.000,9999.000,9999.000
202605221312,   0.778,   1.180,9999.000,9999.000,9999.000,9999.000,9999.000,9999.000,9999.000
202605221318,   0.818,   1.239,9999.000,9999.000,9999.000,9999.000,9999.000,9999.000,9999.000
202605221324,   0.860,   1.279,9999.000,9999.000,9999.000,9999.000,9999.000,9999.000,9999.000
202605221330,   0.903,   1.338,9999.000,9999.000,9999.000,9999.000,9999.000,9999.000,9999.000
202605221336,   0.946,   1.410,9999.000,9999.000,9999.000,9999.000,9999.000,9999.000,9999.000
202605221342,   0.990,   1.410,9999.000,9999.000,9999.000,9999.000,9999.000,9999.000,9999.000
202605221348,   1.034,   1.390,9999.000,9999.000,9999.000,9999.000,9999.000,9999.000,9999.000
202605221354,   1.078,   1.459,9999.000,9999.000,9999.000,9999.000,9999.000,9999.000,9999.000
202605221400,   1.123,   1.528,   0.700,  -0.295,   1.528,   0.500,   1.328,   0.800,   1.628
202605221406,   1.168,   1.620,9999.000,9999.000,9999.000,9999.000,9999.000,9999.000,9999.000
202605221412,   1.212,   1.748,9999.000,9999.000,9999.000,9999.000,9999.000,9999.000,9999.000
202605221418,   1.257,   1.800,9999.000,9999.000,9999.000,9999.000,9999.000,9999.000,9999.000
202605221424,   1.301,   1.820,9999.000,9999.000,9999.000,9999.000,9999.000,9999.000,9999.000
202605221430,   1.345,   1.849,9999.000,9999.000,9999.000,9999.000,9999.000,9999.000,9999.000
202605221436,   1.388,   1.859,9999.000,9999.000,9999.000,9999.000,9999.000,9999.000,9999.000
202605221442,   1.431,   1.899,9999.000,9999.000,9999.000,9999.000,9999.000,9999.000,9999.000
202605221448,   1.474,   1.967,9999.000,9999.000,9999.000,9999.000,9999.000,9999.000,9999.000
202605221454,   1.516,   1.967,9999.000,9999.000,9999.000,9999.000,9999.000,9999.000,9999.000
202605221500,   1.557,   1.981,   0.600,  -0.176,   1.981,   0.500,   1.881,   0.800,   2.181
202605221506,   1.597,   2.030,9999.000,9999.000,9999.000,9999.000,9999.000,9999.000,9999.000
202605221512,   1.637,   2.069,9999.000,9999.000,9999.000,9999.000,9999.000,9999.000,9999.000
202605221518,   1.676,   2.109,9999.000,9999.000,9999.000,9999.000,9999.000,9999.000,9999.000
202605221524,   1.714,   2.138,9999.000,9999.000,9999.000,9999.000,9999.000,9999.000,9999.000
202605221530,   1.751,   2.138,9999.000,9999.000,9999.000,9999.000,9999.000,9999.000,9999.000
202605221536,   1.787,   2.168,9999.000,9999.000,9999.000,9999.000,9999.000,9999.000,9999.000
202605221542,   1.822,   2.220,9999.000,9999.000,9999.000,9999.000,9999.000,9999.000,9999.000
202605221548,   1.855,   2.259,9999.000,9999.000,9999.000,9999.000,9999.000,9999.000,9999.000
202605221554,   1.887,   2.250,9999.000,9999.000,9999.000,9999.000,9999.000,9999.000,9999.000
202605221600,   1.918,   2.289,   0.700,  -0.329,   2.289,   0.500,   2.089,   0.800,   2.389
202605221606,   1.948,   2.338,9999.000,9999.000,9999.000,9999.000,9999.000,9999.000,9999.000
202605221612,   1.975,   2.377,9999.000,9999.000,9999.000,9999.000,9999.000,9999.000,9999.000
202605221618,   2.001,   2.410,9999.000,9999.000,9999.000,9999.000,9999.000,9999.000,9999.000
202605221624,   2.026,   2.420,9999.000,9999.000,9999.000,9999.000,9999.000,9999.000,9999.000
202605221630,   2.048,   2.459,9999.000,9999.000,9999.000,9999.000,9999.000,9999.000,9999.000
202605221636,   2.069,   2.450,9999.000,9999.000,9999.000,9999.000,9999.000,9999.000,9999.000
202605221642,   2.088,   2.479,9999.000,9999.000,9999.000,9999.000,9999.000,9999.000,9999.000
202605221648,   2.105,   2.499,9999.000,9999.000,9999.000,9999.000,9999.000,9999.000,9999.000
202605221654,   2.120,   2.499,9999.000,9999.000,9999.000,9999.000,9999.000,9999.000,9999.000
202605221700,   2.134,   2.509,   0.700,  -0.325,   2.509,   0.600,   2.409,   0.800,   2.609
202605221706,   2.145,   2.509,9999.000,9999.000,9999.000,9999.000,9999.000,9999.000,9999.000
202605221712,   2.154,   2.519,9999.000,9999.000,9999.000,9999.000,9999.000,9999.000,9999.000
202605221718,   2.162,   2.528,9999.000,9999.000,9999.000,9999.000,9999.000,9999.000,9999.000
202605221724,   2.167,   2.538,9999.000,9999.000,9999.000,9999.000,9999.000,9999.000,9999.000
202605221730,   2.171,   2.548,9999.000,9999.000,9999.000,9999.000,9999.000,9999.000,9999.000
202605221736,   2.173,   2.558,9999.000,9999.000,9999.000,9999.000,9999.000,9999.000,9999.000
202605221742,   2.173,   2.509,9999.000,9999.000,9999.000,9999.000,9999.000,9999.000,9999.000
202605221748,   2.172,   2.528,9999.000,9999.000,9999.000,9999.000,9999.000,9999.000,9999.000
202605221754,   2.168,   2.519,9999.000,9999.000,9999.000,9999.000,9999.000,9999.000,9999.000
202605221800,   2.163,   2.519,   0.800,  -0.444,   2.519,   0.700,   2.419,   1.000,   2.719
202605221806,   2.157,   2.519,9999.000,9999.000,9999.000,9999.000,9999.000,9999.000,9999.000
202605221812,   2.148,   2.528,9999.000,9999.000,9999.000,9999.000,9999.000,9999.000,9999.000
202605221818,   2.138,   2.499,9999.000,9999.000,9999.000,9999.000,9999.000,9999.000,9999.000
202605221824,   2.126,   2.499,9999.000,9999.000,9999.000,9999.000,9999.000,9999.000,9999.000
202605221830,   2.112,   2.499,9999.000,9999.000,9999.000,9999.000,9999.000,9999.000,9999.000
202605221836,   2.097,   2.509,9999.000,9999.000,9999.000,9999.000,9999.000,9999.000,9999.000
202605221842,   2.080,   2.509,9999.000,9999.000,9999.000,9999.000,9999.000,9999.000,9999.000
202605221848,   2.061,   2.489,9999.000,9999.000,9999.000,9999.000,9999.000,9999.000,9999.000
202605221854,   2.040,   2.479,9999.000,9999.000,9999.000,9999.000,9999.000,9999.000,9999.000
202605221900,   2.017,   2.469,   0.900,  -0.448,   2.469,   0.700,   2.269,   1.000,   2.569
202605221906,   1.992,   2.469,9999.000,9999.000,9999.000,9999.000,9999.000,9999.000,9999.000
202605221912,   1.965,   2.469,9999.000,9999.000,9999.000,9999.000,9999.000,9999.000,9999.000
202605221918,   1.935,   2.459,9999.000,9999.000,9999.000,9999.000,9999.000,9999.000,9999.000
202605221924,   1.904,   2.430,9999.000,9999.000,9999.000,9999.000,9999.000,9999.000,9999.000
202605221930,   1.871,   2.420,9999.000,9999.000,9999.000,9999.000,9999.000,9999.000,9999.000
202605221936,   1.835,   2.400,9999.000,9999.000,9999.000,9999.000,9999.000,9999.000,9999.000
202605221942,   1.798,   2.338,9999.000,9999.000,9999.000,9999.000,9999.000,9999.000,9999.000
202605221948,   1.758,   2.309,9999.000,9999.000,9999.000,9999.000,9999.000,9999.000,9999.000
202605221954,   1.716,   2.299,9999.000,9999.000,9999.000,9999.000,9999.000,9999.000,9999.000
202605222000,   1.673,   2.240,   0.900,  -0.333,   2.240,   0.700,   2.040,   1.000,   2.340
202605222006,   1.627,   2.230,9999.000,9999.000,9999.000,9999.000,9999.000,9999.000,9999.000
202605222012,   1.580,   2.191,9999.000,9999.000,9999.000,9999.000,9999.000,9999.000,9999.000
202605222018,   1.532,   2.168,9999.000,9999.000,9999.000,9999.000,9999.000,9999.000,9999.000
202605222024,   1.482,   2.168,9999.000,9999.000,9999.000,9999.000,9999.000,9999.000,9999.000
202605222030,   1.431,   2.059,9999.000,9999.000,9999.000,9999.000,9999.000,9999.000,9999.000
202605222036,   1.379,   1.958,9999.000,9999.000,9999.000,9999.000,9999.000,9999.000,9999.000
202605222042,   1.326,   1.889,9999.000,9999.000,9999.000,9999.000,9999.000,9999.000,9999.000
202605222048,   1.272,   1.849,9999.000,9999.000,9999.000,9999.000,9999.000,9999.000,9999.000
202605222054,   1.219,   1.810,9999.000,9999.000,9999.000,9999.000,9999.000,9999.000,9999.000
202605222100,   1.165,   1.767,   0.900,  -0.298,   1.767,   0.800,   1.667,   1.100,   1.967
202605222106,   1.112,   1.699,9999.000,9999.000,9999.000,9999.000,9999.000,9999.000,9999.000
202605222112,   1.059,   1.649,9999.000,9999.000,9999.000,9999.000,9999.000,9999.000,9999.000
202605222118,   1.007,   1.580,9999.000,9999.000,9999.000,9999.000,9999.000,9999.000,9999.000
202605222124,   0.955,   1.548,9999.000,9999.000,9999.000,9999.000,9999.000,9999.000,9999.000
202605222130,   0.905,   1.508,9999.000,9999.000,9999.000,9999.000,9999.000,9999.000,9999.000
202605222136,   0.856,   1.469,9999.000,9999.000,9999.000,9999.000,9999.000,9999.000,9999.000
202605222142,   0.809,   1.400,9999.000,9999.000,9999.000,9999.000,9999.000,9999.000,9999.000
202605222148,   0.764,   1.348,9999.000,9999.000,9999.000,9999.000,9999.000,9999.000,9999.000
202605222154,   0.720,   1.308,9999.000,9999.000,9999.000,9999.000,9999.000,9999.000,9999.000
202605222200,   0.679,   1.289,   0.900,  -0.290,   1.289,   0.800,   1.189,   1.100,   1.489
202605222206,   0.639,   1.220,9999.000,9999.000,9999.000,9999.000,9999.000,9999.000,9999.000
202605222212,   0.602,   1.190,9999.000,9999.000,9999.000,9999.000,9999.000,9999.000,9999.000
202605222218,   0.567,   1.151,9999.000,9999.000,9999.000,9999.000,9999.000,9999.000,9999.000
202605222224,   0.535,   1.108,9999.000,9999.000,9999.000,9999.000,9999.000,9999.000,9999.000
202605222230,   0.506,   1.069,9999.000,9999.000,9999.000,9999.000,9999.000,9999.000,9999.000
202605222236,   0.479,   1.029,9999.000,9999.000,9999.000,9999.000,9999.000,9999.000,9999.000
202605222242,   0.455,   1.049,9999.000,9999.000,9999.000,9999.000,9999.000,9999.000,9999.000
202605222248,   0.433,   1.020,9999.000,9999.000,9999.000,9999.000,9999.000,9999.000,9999.000
202605222254,   0.414,   0.980,9999.000,9999.000,9999.000,9999.000,9999.000,9999.000,9999.000
202605222300,   0.398,   0.970,   0.900,  -0.328,   0.970,   0.800,   0.870,   1.100,   1.170
202605222306,   0.385,   0.951,9999.000,9999.000,9999.000,9999.000,9999.000,9999.000,9999.000
202605222312,   0.375,   0.941,9999.000,9999.000,9999.000,9999.000,9999.000,9999.000,9999.000
202605222318,   0.368,   0.928,9999.000,9999.000,9999.000,9999.000,9999.000,9999.000,9999.000
202605222324,   0.364,   0.941,9999.000,9999.000,9999.000,9999.000,9999.000,9999.000,9999.000
202605222330,   0.362,   0.918,9999.000,9999.000,9999.000,9999.000,9999.000,9999.000,9999.000
202605222336,   0.364,   0.918,9999.000,9999.000,9999.000,9999.000,9999.000,9999.000,9999.000
202605222342,   0.368,   0.918,9999.000,9999.000,9999.000,9999.000,9999.000,9999.000,9999.000
202605222348,   0.376,   0.941,9999.000,9999.000,9999.000,9999.000,9999.000,9999.000,9999.000
202605222354,   0.386,   0.928,9999.000,9999.000,9999.000,9999.000,9999.000,9999.000,9999.000
202605230000,   0.400,   1.000,   0.900,  -0.300,   1.000,   0.800,   0.900,   1.100,   1.200
202605230006,   0.416,   1.000,9999.000,9999.000,9999.000,9999.000,9999.000,9999.000,9999.000
202605230012,   0.435,   1.049,9999.000,9999.000,9999.000,9999.000,9999.000,9999.000,9999.000
202605230018,   0.457,   1.098,9999.000,9999.000,9999.000,9999.000,9999.000,9999.000,9999.000
202605230024,   0.482,   1.170,9999.000,9999.000,9999.000,9999.000,9999.000,9999.000,9999.000
202605230030,   0.510,   1.170,9999.000,9999.000,9999.000,9999.000,9999.000,9999.000,9999.000
202605230036,   0.540,   1.190,9999.000,9999.000,9999.000,9999.000,9999.000,9999.000,9999.000
202605230042,   0.572,   1.229,9999.000,9999.000,9999.000,9999.000,9999.000,9999.000,9999.000
202605230048,   0.607,   1.269,9999.000,9999.000,9999.000,9999.000,9999.000,9999.000,9999.000
202605230054,   0.644,   1.318,9999.000,9999.000,9999.000,9999.000,9999.000,9999.000,9999.000
202605230100,   0.684,   1.410,   0.900,  -0.174,   1.410,   0.800,   1.310,   1.100,   1.610
202605230106,   0.725,   1.430,9999.000,9999.000,9999.000,9999.000,9999.000,9999.000,9999.000
202605230112,   0.767,   1.518,9999.000,9999.000,9999.000,9999.000,9999.000,9999.000,9999.000
202605230118,   0.812,   1.557,9999.000,9999.000,9999.000,9999.000,9999.000,9999.000,9999.000
202605230124,   0.857,   1.630,9999.000,9999.000,9999.000,9999.000,9999.000,9999.000,9999.000
202605230130,   0.904,   1.699,9999.000,9999.000,9999.000,9999.000,9999.000,9999.000,9999.000
202605230136,   0.952,   1.748,9999.000,9999.000,9999.000,9999.000,9999.000,9999.000,9999.000
202605230142,   1.001,   1.748,9999.000,9999.000,9999.000,9999.000,9999.000,9999.000,9999.000
202605230148,   1.050,   1.810,9999.000,9999.000,9999.000,9999.000,9999.000,9999.000,9999.000
202605230154,   1.100,   1.869,9999.000,9999.000,9999.000,9999.000,9999.000,9999.000,9999.000
202605230200,   1.150,   1.889,   0.900,  -0.161,   1.889,   0.800,   1.789,   1.000,   1.989
202605230206,   1.200,   1.938,9999.000,9999.000,9999.000,9999.000,9999.000,9999.000,9999.000
202605230212,   1.251,   1.948,9999.000,9999.000,9999.000,9999.000,9999.000,9999.000,9999.000
202605230218,   1.301,   1.967,9999.000,9999.000,9999.000,9999.000,9999.000,9999.000,9999.000
202605230224,   1.351,   2.000,9999.000,9999.000,9999.000,9999.000,9999.000,9999.000,9999.000
202605230230,   1.401,   2.010,9999.000,9999.000,9999.000,9999.000,9999.000,9999.000,9999.000
202605230236,   1.450,   2.030,9999.000,9999.000,9999.000,9999.000,9999.000,9999.000,9999.000
202605230242,   1.499,   2.059,9999.000,9999.000,9999.000,9999.000,9999.000,9999.000,9999.000
202605230248,   1.547,   2.079,9999.000,9999.000,9999.000,9999.000,9999.000,9999.000,9999.000
202605230254,   1.595,   2.138,9999.000,9999.000,9999.000,9999.000,9999.000,9999.000,9999.000
202605230300,   1.642,   2.177,   0.900,  -0.365,   2.177,   0.800,   2.077,   1.000,   2.277
202605230306,   1.688,   2.191,9999.000,9999.000,9999.000,9999.000,9999.000,9999.000,9999.000
202605230312,   1.734,   2.269,9999.000,9999.000,9999.000,9999.000,9999.000,9999.000,9999.000
202605230318,   1.778,   2.299,9999.000,9999.000,9999.000,9999.000,9999.000,9999.000,9999.000
202605230324,   1.822,   2.309,9999.000,9999.000,9999.000,9999.000,9999.000,9999.000,9999.000
202605230330,   1.866,   2.377,9999.000,9999.000,9999.000,9999.000,9999.000,9999.000,9999.000
202605230336,   1.908,   2.440,9999.000,9999.000,9999.000,9999.000,9999.000,9999.000,9999.000
202605230342,   1.950,   2.450,9999.000,9999.000,9999.000,9999.000,9999.000,9999.000,9999.000
202605230348,   1.990,   2.509,9999.000,9999.000,9999.000,9999.000,9999.000,9999.000,9999.000
202605230354,   2.030,   2.578,9999.000,9999.000,9999.000,9999.000,9999.000,9999.000,9999.000
202605230400,   2.068,   2.630,   0.800,  -0.238,   2.630,   0.700,   2.530,   1.000,   2.830
202605230406,   2.105,   2.679,9999.000,9999.000,9999.000,9999.000,9999.000,9999.000,9999.000
202605230412,   2.141,   2.728,9999.000,9999.000,9999.000,9999.000,9999.000,9999.000,9999.000
202605230418,   2.176,   2.719,9999.000,9999.000,9999.000,9999.000,9999.000,9999.000,9999.000
202605230424,   2.210,   2.738,9999.000,9999.000,9999.000,9999.000,9999.000,9999.000,9999.000
202605230430,   2.242,   2.758,9999.000,9999.000,9999.000,9999.000,9999.000,9999.000,9999.000
202605230436,   2.273,   2.787,9999.000,9999.000,9999.000,9999.000,9999.000,9999.000,9999.000
202605230442,   2.303,   2.807,9999.000,9999.000,9999.000,9999.000,9999.000,9999.000,9999.000
202605230448,   2.330,   2.860,9999.000,9999.000,9999.000,9999.000,9999.000,9999.000,9999.000
202605230454,   2.357,   2.869,9999.000,9999.000,9999.000,9999.000,9999.000,9999.000,9999.000
202605230500,   2.381,   2.879,   0.800,  -0.302,   2.879,   0.700,   2.779,   0.900,   2.979
202605230506,   2.404,   2.929,9999.000,9999.000,9999.000,9999.000,9999.000,9999.000,9999.000
202605230512,   2.426,   2.958,9999.000,9999.000,9999.000,9999.000,9999.000,9999.000,9999.000
202605230518,   2.445,   2.948,9999.000,9999.000,9999.000,9999.000,9999.000,9999.000,9999.000
202605230524,   2.463,   2.958,9999.000,9999.000,9999.000,9999.000,9999.000,9999.000,9999.000
202605230530,   2.479,   2.968,9999.000,9999.000,9999.000,9999.000,9999.000,9999.000,9999.000
202605230536,   2.494,   2.988,9999.000,9999.000,9999.000,9999.000,9999.000,9999.000,9999.000
202605230542,   2.507,   2.938,9999.000,9999.000,9999.000,9999.000,9999.000,9999.000,9999.000
202605230548,   2.518,   2.948,9999.000,9999.000,9999.000,9999.000,9999.000,9999.000,9999.000
202605230554,   2.528,   2.997,9999.000,9999.000,9999.000,9999.000,9999.000,9999.000,9999.000
202605230600,   2.535,   2.997,   0.900,  -0.438,   2.997,   0.800,   2.897,   1.000,   3.097
202605230606,   2.542,   3.017,9999.000,9999.000,9999.000,9999.000,9999.000,9999.000,9999.000
202605230612,   2.546,   3.040,9999.000,9999.000,9999.000,9999.000,9999.000,9999.000,9999.000
202605230618,   2.549,   3.017,9999.000,9999.000,9999.000,9999.000,9999.000,9999.000,9999.000
202605230624,   2.551,   3.017,9999.000,9999.000,9999.000,9999.000,9999.000,9999.000,9999.000
202605230630,   2.551,   2.988,9999.000,9999.000,9999.000,9999.000,9999.000,9999.000,9999.000
202605230636,   2.549,   3.017,9999.000,9999.000,9999.000,9999.000,9999.000,9999.000,9999.000
202605230642,   2.545,   2.997,9999.000,9999.000,9999.000,9999.000,9999.000,9999.000,9999.000
202605230648,   2.540,   2.978,9999.000,9999.000,9999.000,9999.000,9999.000,9999.000,9999.000
202605230654,   2.533,   2.968,9999.000,9999.000,9999.000,9999.000,9999.000,9999.000,9999.000
202605230700,   2.524,   2.968,   0.900,  -0.456,   2.968,   0.800,   2.868,   1.000,   3.068
202605230706,   2.513,   2.899,9999.000,9999.000,9999.000,9999.000,9999.000,9999.000,9999.000
202605230712,   2.501,   2.958,9999.000,9999.000,9999.000,9999.000,9999.000,9999.000,9999.000
202605230718,   2.486,   2.929,9999.000,9999.000,9999.000,9999.000,9999.000,9999.000,9999.000
202605230724,   2.469,   2.909,9999.000,9999.000,9999.000,9999.000,9999.000,9999.000,9999.000
202605230730,   2.450,   2.919,9999.000,9999.000,9999.000,9999.000,9999.000,9999.000,9999.000
202605230736,   2.428,   2.899,9999.000,9999.000,9999.000,9999.000,9999.000,9999.000,9999.000
202605230742,   2.404,   2.879,9999.000,9999.000,9999.000,9999.000,9999.000,9999.000,9999.000
202605230748,   2.378,   2.850,9999.000,9999.000,9999.000,9999.000,9999.000,9999.000,9999.000
202605230754,   2.349,   2.830,9999.000,9999.000,9999.000,9999.000,9999.000,9999.000,9999.000
202605230800,   2.317,   2.787,   0.900,  -0.430,   2.787,   0.700,   2.587,   1.000,   2.887
202605230806,   2.283,   2.758,9999.000,9999.000,9999.000,9999.000,9999.000,9999.000,9999.000
202605230812,   2.247,   2.728,9999.000,9999.000,9999.000,9999.000,9999.000,9999.000,9999.000
202605230818,   2.208,   2.699,9999.000,9999.000,9999.000,9999.000,9999.000,9999.000,9999.000
202605230824,   2.166,   2.719,9999.000,9999.000,9999.000,9999.000,9999.000,9999.000,9999.000
202605230830,   2.122,   2.699,9999.000,9999.000,9999.000,9999.000,9999.000,9999.000,9999.000
202605230836,   2.076,   2.660,9999.000,9999.000,9999.000,9999.000,9999.000,9999.000,9999.000
202605230842,   2.027,   2.640,9999.000,9999.000,9999.000,9999.000,9999.000,9999.000,9999.000
202605230848,   1.976,   2.597,9999.000,9999.000,9999.000,9999.000,9999.000,9999.000,9999.000
202605230854,   1.924,   2.558,9999.000,9999.000,9999.000,9999.000,9999.000,9999.000,9999.000
202605230900,   1.870,   2.489,   0.900,  -0.281,   2.489,   0.700,   2.289,   1.100,   2.689
202605230906,   1.814,   2.420,9999.000,9999.000,9999.000,9999.000,9999.000,9999.000,9999.000
202605230912,   1.757,   2.338,9999.000,9999.000,9999.000,9999.000,9999.000,9999.000,9999.000
202605230918,   1.699,   2.279,9999.000,9999.000,9999.000,9999.000,9999.000,9999.000,9999.000
202605230924,   1.640,   2.250,9999.000,9999.000,9999.000,9999.000,9999.000,9999.000,9999.000
202605230930,   1.580,   2.200,9999.000,9999.000,9999.000,9999.000,9999.000,9999.000,9999.000
202605230936,   1.520,   2.128,9999.000,9999.000,9999.000,9999.000,9999.000,9999.000,9999.000
202605230942,   1.460,   2.030,9999.000,9999.000,9999.000,9999.000,9999.000,9999.000,9999.000
202605230948,   1.401,   1.967,9999.000,9999.000,9999.000,9999.000,9999.000,9999.000,9999.000
202605230954,   1.341,   1.889,9999.000,9999.000,9999.000,9999.000,9999.000,9999.000,9999.000
202605231000,   1.282,   1.781,   0.900,  -0.401,   1.781,   0.800,   1.681,   1.100,   1.981
202605231006,   1.224,   1.699,9999.000,9999.000,9999.000,9999.000,9999.000,9999.000,9999.000
202605231012,   1.167,   1.630,9999.000,9999.000,9999.000,9999.000,9999.000,9999.000,9999.000
202605231018,   1.112,   1.548,9999.000,9999.000,9999.000,9999.000,9999.000,9999.000,9999.000
202605231024,   1.057,   1.518,9999.000,9999.000,9999.000,9999.000,9999.000,9999.000,9999.000
202605231030,   1.004,   1.479,9999.000,9999.000,9999.000,9999.000,9999.000,9999.000,9999.000
202605231036,   0.953,   1.430,9999.000,9999.000,9999.000,9999.000,9999.000,9999.000,9999.000
202605231042,   0.904,   1.390,9999.000,9999.000,9999.000,9999.000,9999.000,9999.000,9999.000
202605231048,   0.856,   1.371,9999.000,9999.000,9999.000,9999.000,9999.000,9999.000,9999.000
202605231054,   0.811,   1.318,9999.000,9999.000,9999.000,9999.000,9999.000,9999.000,9999.000
202605231100,   0.767,   1.269,   0.900,  -0.398,   1.269,   0.800,   1.169,   1.100,   1.469
202605231106,   0.726,   1.249,9999.000,9999.000,9999.000,9999.000,9999.000,9999.000,9999.000
202605231112,   0.688,   1.200,9999.000,9999.000,9999.000,9999.000,9999.000,9999.000,9999.000
202605231118,   0.651,   1.161,9999.000,9999.000,9999.000,9999.000,9999.000,9999.000,9999.000
202605231124,   0.618,   1.108,9999.000,9999.000,9999.000,9999.000,9999.000,9999.000,9999.000
202605231130,   0.587,   1.098,9999.000,9999.000,9999.000,9999.000,9999.000,9999.000,9999.000
202605231136,   0.558,   1.069,9999.000,9999.000,9999.000,9999.000,9999.000,9999.000,9999.000
202605231142,   0.532,   1.079,9999.000,9999.000,9999.000,9999.000,9999.000,9999.000,9999.000
202605231148,   0.509,   1.029,9999.000,9999.000,9999.000,9999.000,9999.000,9999.000,9999.000
202605231154,   0.489,   1.039,9999.000,9999.000,9999.000,9999.000,9999.000,9999.000,9999.000
202605231200,   0.472,   1.029,   0.900,  -0.343,   1.029,   0.700,   0.829,   1.100,   1.229
202605231206,   0.458,   1.020,9999.000,9999.000,9999.000,9999.000,9999.000,9999.000,9999.000
202605231212,   0.447,   1.020,9999.000,9999.000,9999.000,9999.000,9999.000,9999.000,9999.000
202605231218,   0.439,   1.029,9999.000,9999.000,9999.000,9999.000,9999.000,9999.000,9999.000
202605231224,   0.434,   1.020,9999.000,9999.000,9999.000,9999.000,9999.000,9999.000,9999.000
202605231230,   0.432,   1.020,9999.000,9999.000,9999.000,9999.000,9999.000,9999.000,9999.000
202605231236,   0.433,   1.039,9999.000,9999.000,9999.000,9999.000,9999.000,9999.000,9999.000
202605231242,   0.437,   1.020,9999.000,9999.000,9999.000,9999.000,9999.000,9999.000,9999.000
202605231248,   0.444,   1.020,9999.000,9999.000,9999.000,9999.000,9999.000,9999.000,9999.000
202605231254,   0.455,   1.059,9999.000,9999.000,9999.000,9999.000,9999.000,9999.000,9999.000
202605231300,   0.468,   1.079,   0.900,  -0.289,   1.079,   0.800,   0.979,   1.100,   1.279
202605231306,   0.484,   1.059,9999.000,9999.000,9999.000,9999.000,9999.000,9999.000,9999.000
202605231312,   0.503,   1.079,9999.000,9999.000,9999.000,9999.000,9999.000,9999.000,9999.000
202605231318,   0.524,   1.098,9999.000,9999.000,9999.000,9999.000,9999.000,9999.000,9999.000
202605231324,   0.549,   1.128,9999.000,9999.000,9999.000,9999.000,9999.000,9999.000,9999.000
202605231330,   0.575,   1.180,9999.000,9999.000,9999.000,9999.000,9999.000,9999.000,9999.000
202605231336,   0.604,   1.210,9999.000,9999.000,9999.000,9999.000,9999.000,9999.000,9999.000
202605231342,   0.635,   1.239,9999.000,9999.000,9999.000,9999.000,9999.000,9999.000,9999.000
202605231348,   0.667,   1.279,9999.000,9999.000,9999.000,9999.000,9999.000,9999.000,9999.000
202605231354,   0.702,   1.308,9999.000,9999.000,9999.000,9999.000,9999.000,9999.000,9999.000
202605231400,   0.738,   1.308,   0.900,  -0.330,   1.308,   0.800,   1.208,   1.100,   1.508
202605231406,   0.776,   1.410,9999.000,9999.000,9999.000,9999.000,9999.000,9999.000,9999.000
202605231412,   0.814,   1.449,9999.000,9999.000,9999.000,9999.000,9999.000,9999.000,9999.000
202605231418,   0.854,   1.498,9999.000,9999.000,9999.000,9999.000,9999.000,9999.000,9999.000
202605231424,   0.895,   1.548,9999.000,9999.000,9999.000,9999.000,9999.000,9999.000,9999.000
202605231430,   0.936,   1.610,9999.000,9999.000,9999.000,9999.000,9999.000,9999.000,9999.000
202605231436,   0.978,   1.639,9999.000,9999.000,9999.000,9999.000,9999.000,9999.000,9999.000
202605231442,   1.021,   1.679,9999.000,9999.000,9999.000,9999.000,9999.000,9999.000,9999.000
202605231448,   1.063,   1.758,9999.000,9999.000,9999.000,9999.000,9999.000,9999.000,9999.000
202605231454,   1.106,   1.849,9999.000,9999.000,9999.000,9999.000,9999.000,9999.000,9999.000
202605231500,   1.149,   1.908,   0.900,  -0.141,   1.908,   0.800,   1.808,   1.100,   2.108
202605231506,   1.192,   1.948,9999.000,9999.000,9999.000,9999.000,9999.000,9999.000,9999.000
202605231512,   1.236,   1.967,9999.000,9999.000,9999.000,9999.000,9999.000,9999.000,9999.000
202605231518,   1.278,   2.020,9999.000,9999.000,9999.000,9999.000,9999.000,9999.000,9999.000
202605231524,   1.321,   2.059,9999.000,9999.000,9999.000,9999.000,9999.000,9999.000,9999.000
202605231530,   1.364,   2.079,9999.000,9999.000,9999.000,9999.000,9999.000,9999.000,9999.000
202605231536,   1.406,   2.099,9999.000,9999.000,9999.000,9999.000,9999.000,9999.000,9999.000
202605231542,   1.448,   2.118,9999.000,9999.000,9999.000,9999.000,9999.000,9999.000,9999.000
202605231548,   1.489,   2.148,9999.000,9999.000,9999.000,9999.000,9999.000,9999.000,9999.000
202605231554,   1.530,   2.168,9999.000,9999.000,9999.000,9999.000,9999.000,9999.000,9999.000
202605231600,   1.570,   2.177,   0.900,  -0.293,   2.177,   0.800,   2.077,   1.100,   2.377
202605231606,   1.610,   2.240,9999.000,9999.000,9999.000,9999.000,9999.000,9999.000,9999.000
202605231612,   1.649,   2.269,9999.000,9999.000,9999.000,9999.000,9999.000,9999.000,9999.000
202605231618,   1.687,   2.289,9999.000,9999.000,9999.000,9999.000,9999.000,9999.000,9999.000
202605231624,   1.725,   2.328,9999.000,9999.000,9999.000,9999.000,9999.000,9999.000,9999.000
202605231630,   1.761,   2.348,9999.000,9999.000,9999.000,9999.000,9999.000,9999.000,9999.000
202605231636,   1.797,   2.420,9999.000,9999.000,9999.000,9999.000,9999.000,9999.000,9999.000
202605231642,   1.832,   2.440,9999.000,9999.000,9999.000,9999.000,9999.000,9999.000,9999.000
202605231648,   1.865,   2.459,9999.000,9999.000,9999.000,9999.000,9999.000,9999.000,9999.000
202605231654,   1.897,   2.489,9999.000,9999.000,9999.000,9999.000,9999.000,9999.000,9999.000
202605231700,   1.928,   2.538,   1.000,  -0.390,   2.538,   0.800,   2.338,   1.100,   2.638
202605231706,   1.958,   2.558,9999.000,9999.000,9999.000,9999.000,9999.000,9999.000,9999.000
202605231712,   1.986,   2.578,9999.000,9999.000,9999.000,9999.000,9999.000,9999.000,9999.000
202605231718,   2.013,   2.630,9999.000,9999.000,9999.000,9999.000,9999.000,9999.000,9999.000
202605231724,   2.038,   2.669,9999.000,9999.000,9999.000,9999.000,9999.000,9999.000,9999.000
202605231730,   2.061,   2.679,9999.000,9999.000,9999.000,9999.000,9999.000,9999.000,9999.000
202605231736,   2.083,   2.709,9999.000,9999.000,9999.000,9999.000,9999.000,9999.000,9999.000
202605231742,   2.104,   2.719,9999.000,9999.000,9999.000,9999.000,9999.000,9999.000,9999.000
202605231748,   2.122,   2.748,9999.000,9999.000,9999.000,9999.000,9999.000,9999.000,9999.000
202605231754,   2.139,   2.728,9999.000,9999.000,9999.000,9999.000,9999.000,9999.000,9999.000
202605231800,   2.154,   2.758,   1.000,  -0.396,   2.758,   0.900,   2.658,   1.200,   2.958
202605231806,   2.168,   2.768,9999.000,9999.000,9999.000,9999.000,9999.000,9999.000,9999.000
202605231812,   2.180,   2.787,9999.000,9999.000,9999.000,9999.000,9999.000,9999.000,9999.000
202605231818,   2.190,   2.797,9999.000,9999.000,9999.000,9999.000,9999.000,9999.000,9999.000
202605231824,   2.199,   2.830,9999.000,9999.000,9999.000,9999.000,9999.000,9999.000,9999.000
202605231830,   2.206,   2.797,9999.000,9999.000,9999.000,9999.000,9999.000,9999.000,9999.000
202605231836,   2.211,   2.820,9999.000,9999.000,9999.000,9999.000,9999.000,9999.000,9999.000
202605231842,   2.215,   2.820,9999.000,9999.000,9999.000,9999.000,9999.000,9999.000,9999.000
202605231848,   2.217,   2.807,9999.000,9999.000,9999.000,9999.000,9999.000,9999.000,9999.000
202605231854,   2.218,   2.807,9999.000,9999.000,9999.000,9999.000,9999.000,9999.000,9999.000
202605231900,   2.217,   2.807,   1.000,  -0.410,   2.807,   0.900,   2.707,   1.200,   3.007
202605231906,   2.215,   2.807,9999.000,9999.000,9999.000,9999.000,9999.000,9999.000,9999.000
202605231912,   2.210,   2.778,9999.000,9999.000,9999.000,9999.000,9999.000,9999.000,9999.000
202605231918,   2.205,   2.787,9999.000,9999.000,9999.000,9999.000,9999.000,9999.000,9999.000
202605231924,   2.197,   2.797,9999.000,9999.000,9999.000,9999.000,9999.000,9999.000,9999.000
202605231930,   2.188,   2.807,9999.000,9999.000,9999.000,9999.000,9999.000,9999.000,9999.000
202605231936,   2.177,   2.778,9999.000,9999.000,9999.000,9999.000,9999.000,9999.000,9999.000
202605231942,   2.164,   2.768,9999.000,9999.000,9999.000,9999.000,9999.000,9999.000,9999.000
202605231948,   2.149,   2.778,9999.000,9999.000,9999.000,9999.000,9999.000,9999.000,9999.000
202605231954,   2.131,   2.778,9999.000,9999.000,9999.000,9999.000,9999.000,9999.000,9999.000
202605232000,   2.112,   2.778,   1.100,  -0.434,   2.778,   0.900,   2.578,   1.300,   2.978
202605232006,   2.091,   2.768,9999.000,9999.000,9999.000,9999.000,9999.000,9999.000,9999.000
202605232012,   2.067,   2.748,9999.000,9999.000,9999.000,9999.000,9999.000,9999.000,9999.000
202605232018,   2.041,   2.758,9999.000,9999.000,9999.000,9999.000,9999.000,9999.000,9999.000
202605232024,   2.013,   2.758,9999.000,9999.000,9999.000,9999.000,9999.000,9999.000,9999.000
202605232030,   1.982,   2.728,9999.000,9999.000,9999.000,9999.000,9999.000,9999.000,9999.000
202605232036,   1.949,   2.699,9999.000,9999.000,9999.000,9999.000,9999.000,9999.000,9999.000
202605232042,   1.914,   2.679,9999.000,9999.000,9999.000,9999.000,9999.000,9999.000,9999.000
202605232048,   1.876,   2.669,9999.000,9999.000,9999.000,9999.000,9999.000,9999.000,9999.000
202605232054,   1.836,   2.660,9999.000,9999.000,9999.000,9999.000,9999.000,9999.000,9999.000
202605232100,   1.795,   2.630,   1.100,  -0.265,   2.630,   0.900,   2.430,   1.300,   2.830
202605232106,   1.751,   2.578,9999.000,9999.000,9999.000,9999.000,9999.000,9999.000,9999.000
202605232112,   1.706,   2.538,9999.000,9999.000,9999.000,9999.000,9999.000,9999.000,9999.000
202605232118,   1.658,   2.509,9999.000,9999.000,9999.000,9999.000,9999.000,9999.000,9999.000
202605232124,   1.610,   2.440,9999.000,9999.000,9999.000,9999.000,9999.000,9999.000,9999.000
202605232130,   1.560,   2.420,9999.000,9999.000,9999.000,9999.000,9999.000,9999.000,9999.000
202605232136,   1.509,   2.358,9999.000,9999.000,9999.000,9999.000,9999.000,9999.000,9999.000
202605232142,   1.458,   2.309,9999.000,9999.000,9999.000,9999.000,9999.000,9999.000,9999.000
202605232148,   1.405,   2.210,9999.000,9999.000,9999.000,9999.000,9999.000,9999.000,9999.000
202605232154,   1.353,   2.168,9999.000,9999.000,9999.000,9999.000,9999.000,9999.000,9999.000
202605232200,   1.300,   2.128,   1.100,  -0.272,   2.128,   1.000,   2.028,   1.300,   2.328
202605232206,   1.248,   2.138,9999.000,9999.000,9999.000,9999.000,9999.000,9999.000,9999.000
202605232212,   1.196,   2.040,9999.000,9999.000,9999.000,9999.000,9999.000,9999.000,9999.000
202605232218,   1.144,   1.981,9999.000,9999.000,9999.000,9999.000,9999.000,9999.000,9999.000
202605232224,   1.094,   1.908,9999.000,9999.000,9999.000,9999.000,9999.000,9999.000,9999.000
202605232230,   1.044,   1.849,9999.000,9999.000,9999.000,9999.000,9999.000,9999.000,9999.000
202605232236,   0.995,   1.790,9999.000,9999.000,9999.000,9999.000,9999.000,9999.000,9999.000
202605232242,   0.948,   1.767,9999.000,9999.000,9999.000,9999.000,9999.000,9999.000,9999.000
202605232248,   0.903,   1.699,9999.000,9999.000,9999.000,9999.000,9999.000,9999.000,9999.000
202605232254,   0.859,   1.659,9999.000,9999.000,9999.000,9999.000,9999.000,9999.000,9999.000
202605232300,   0.817,   1.610,   1.100,  -0.307,   1.610,   1.000,   1.510,   1.300,   1.810
202605232306,   0.777,   1.548,9999.000,9999.000,9999.000,9999.000,9999.000,9999.000,9999.000
202605232312,   0.739,   1.508,9999.000,9999.000,9999.000,9999.000,9999.000,9999.000,9999.000
202605232318,   0.703,   1.469,9999.000,9999.000,9999.000,9999.000,9999.000,9999.000,9999.000
202605232324,   0.670,   1.420,9999.000,9999.000,9999.000,9999.000,9999.000,9999.000,9999.000
202605232330,   0.638,   1.410,9999.000,9999.000,9999.000,9999.000,9999.000,9999.000,9999.000
202605232336,   0.609,   1.400,9999.000,9999.000,9999.000,9999.000,9999.000,9999.000,9999.000
202605232342,   0.583,   1.380,9999.000,9999.000,9999.000,9999.000,9999.000,9999.000,9999.000
202605232348,   0.559,   1.338,9999.000,9999.000,9999.000,9999.000,9999.000,9999.000,9999.000
202605232354,   0.538,   1.308,9999.000,9999.000,9999.000,9999.000,9999.000,9999.000,9999.000
202605240000,   0.519,   1.289,   1.000,  -0.230,   1.289,   0.800,   1.089,   1.100,   1.389
202605240006,   0.503,   1.289,9999.000,9999.000,9999.000,9999.000,9999.000,9999.000,9999.000
202605240012,   0.490,   1.289,9999.000,9999.000,9999.000,9999.000,9999.000,9999.000,9999.000
202605240018,   0.479,   1.289,9999.000,9999.000,9999.000,9999.000,9999.000,9999.000,9999.000
202605240024,   0.471,   1.308,9999.000,9999.000,9999.000,9999.000,9999.000,9999.000,9999.000
202605240030,   0.466,   1.318,9999.000,9999.000,9999.000,9999.000,9999.000,9999.000,9999.000
202605240036,   0.464,   1.318,9999.000,9999.000,9999.000,9999.000,9999.000,9999.000,9999.000
202605240042,   0.464,   1.338,9999.000,9999.000,9999.000,9999.000,9999.000,9999.000,9999.000
202605240048,   0.468,   1.348,9999.000,9999.000,9999.000,9999.000,9999.000,9999.000,9999.000
202605240054,   0.474,   1.380,9999.000,9999.000,9999.000,9999.000,9999.000,9999.000,9999.000
202605240100,   0.484,   1.380,   1.000,  -0.104,   1.380,   0.800,   1.180,   1.100,   1.480
202605240106,   0.496,   1.400,9999.000,9999.000,9999.000,9999.000,9999.000,9999.000,9999.000
202605240112,   0.511,   1.380,9999.000,9999.000,9999.000,9999.000,9999.000,9999.000,9999.000
202605240118,   0.528,   1.410,9999.000,9999.000,9999.000,9999.000,9999.000,9999.000,9999.000
202605240124,   0.549,   1.361,9999.000,9999.000,9999.000,9999.000,9999.000,9999.000,9999.000
202605240130,   0.571,   1.410,9999.000,9999.000,9999.000,9999.000,9999.000,9999.000,9999.000
202605240136,   0.597,   1.420,9999.000,9999.000,9999.000,9999.000,9999.000,9999.000,9999.000
202605240142,   0.624,   1.469,9999.000,9999.000,9999.000,9999.000,9999.000,9999.000,9999.000
202605240148,   0.654,   1.489,9999.000,9999.000,9999.000,9999.000,9999.000,9999.000,9999.000
202605240154,   0.686,   1.518,9999.000,9999.000,9999.000,9999.000,9999.000,9999.000,9999.000
202605240200,   0.720,   1.518,   1.000,  -0.202,   1.518,   0.800,   1.318,   1.100,   1.618
202605240206,   0.756,   1.548,9999.000,9999.000,9999.000,9999.000,9999.000,9999.000,9999.000
202605240212,   0.793,   1.630,9999.000,9999.000,9999.000,9999.000,9999.000,9999.000,9999.000
202605240218,   0.832,   1.669,9999.000,9999.000,9999.000,9999.000,9999.000,9999.000,9999.000
202605240224,   0.872,   1.748,9999.000,9999.000,9999.000,9999.000,9999.000,9999.000,9999.000
202605240230,   0.913,   1.781,9999.000,9999.000,9999.000,9999.000,9999.000,9999.000,9999.000
202605240236,   0.955,   1.840,9999.000,9999.000,9999.000,9999.000,9999.000,9999.000,9999.000
202605240242,   0.997,   1.859,9999.000,9999.000,9999.000,9999.000,9999.000,9999.000,9999.000
202605240248,   1.041,   1.958,9999.000,9999.000,9999.000,9999.000,9999.000,9999.000,9999.000
202605240254,   1.084,   1.981,9999.000,9999.000,9999.000,9999.000,9999.000,9999.000,9999.000
202605240300,   1.128,   2.020,   0.900,  -0.008,   2.020,   0.800,   1.920,   1.100,   2.220
202605240306,   1.173,   2.059,9999.000,9999.000,9999.000,9999.000,9999.000,9999.000,9999.000
202605240312,   1.217,   2.079,9999.000,9999.000,9999.000,9999.000,9999.000,9999.000,9999.000
202605240318,   1.261,   2.128,9999.000,9999.000,9999.000,9999.000,9999.000,9999.000,9999.000
202605240324,   1.305,   2.148,9999.000,9999.000,9999.000,9999.000,9999.000,9999.000,9999.000
202605240330,   1.349,   2.191,9999.000,9999.000,9999.000,9999.000,9999.000,9999.000,9999.000
202605240336,   1.393,   2.191,9999.000,9999.000,9999.000,9999.000,9999.000,9999.000,9999.000
202605240342,   1.436,   2.220,9999.000,9999.000,9999.000,9999.000,9999.000,9999.000,9999.000
202605240348,   1.479,   2.230,9999.000,9999.000,9999.000,9999.000,9999.000,9999.000,9999.000
202605240354,   1.522,   2.259,9999.000,9999.000,9999.000,9999.000,9999.000,9999.000,9999.000
202605240400,   1.564,   2.279,   0.900,  -0.185,   2.279,   0.800,   2.179,   1.100,   2.479
202605240406,   1.606,   2.309,9999.000,9999.000,9999.000,9999.000,9999.000,9999.000,9999.000
202605240412,   1.647,   2.348,9999.000,9999.000,9999.000,9999.000,9999.000,9999.000,9999.000
202605240418,   1.688,   2.377,9999.000,9999.000,9999.000,9999.000,9999.000,9999.000,9999.000
202605240424,   1.728,   2.410,9999.000,9999.000,9999.000,9999.000,9999.000,9999.000,9999.000
202605240430,   1.767,   2.420,9999.000,9999.000,9999.000,9999.000,9999.000,9999.000,9999.000
202605240436,   1.806,   2.469,9999.000,9999.000,9999.000,9999.000,9999.000,9999.000,9999.000
202605240442,   1.844,   2.489,9999.000,9999.000,9999.000,9999.000,9999.000,9999.000,9999.000
202605240448,   1.881,   2.499,9999.000,9999.000,9999.000,9999.000,9999.000,9999.000,9999.000
202605240454,   1.918,   2.558,9999.000,9999.000,9999.000,9999.000,9999.000,9999.000,9999.000
202605240500,   1.953,   2.610,   0.900,  -0.243,   2.610,   0.700,   2.410,   1.000,   2.710
202605240506,   1.988,   2.630,9999.000,9999.000,9999.000,9999.000,9999.000,9999.000,9999.000
202605240512,   2.021,   2.669,9999.000,9999.000,9999.000,9999.000,9999.000,9999.000,9999.000
202605240518,   2.054,   2.709,9999.000,9999.000,9999.000,9999.000,9999.000,9999.000,9999.000
202605240524,   2.085,   2.748,9999.000,9999.000,9999.000,9999.000,9999.000,9999.000,9999.000
202605240530,   2.115,   2.787,9999.000,9999.000,9999.000,9999.000,9999.000,9999.000,9999.000
202605240536,   2.144,   2.830,9999.000,9999.000,9999.000,9999.000,9999.000,9999.000,9999.000
202605240542,   2.172,   2.830,9999.000,9999.000,9999.000,9999.000,9999.000,9999.000,9999.000
202605240548,   2.198,   2.850,9999.000,9999.000,9999.000,9999.000,9999.000,9999.000,9999.000
202605240554,   2.222,   2.869,9999.000,9999.000,9999.000,9999.000,9999.000,9999.000,9999.000
202605240600,   2.246,   2.938,   0.900,  -0.208,   2.938,   0.700,   2.738,   1.000,   3.038
202605240606,   2.268,   2.919,9999.000,9999.000,9999.000,9999.000,9999.000,9999.000,9999.000
202605240612,   2.288,   2.929,9999.000,9999.000,9999.000,9999.000,9999.000,9999.000,9999.000
202605240618,   2.307,   2.948,9999.000,9999.000,9999.000,9999.000,9999.000,9999.000,9999.000
202605240624,   2.324,   2.978,9999.000,9999.000,9999.000,9999.000,9999.000,9999.000,9999.000
202605240630,   2.340,   2.958,9999.000,9999.000,9999.000,9999.000,9999.000,9999.000,9999.000
202605240636,   2.355,   3.007,9999.000,9999.000,9999.000,9999.000,9999.000,9999.000,9999.000
202605240642,   2.367,   2.997,9999.000,9999.000,9999.000,9999.000,9999.000,9999.000,9999.000
202605240648,   2.379,   2.997,9999.000,9999.000,9999.000,9999.000,9999.000,9999.000,9999.000
202605240654,   2.389,   2.997,9999.000,9999.000,9999.000,9999.000,9999.000,9999.000,9999.000
202605240700,   2.397,   2.988,   0.800,  -0.209,   2.988,   0.700,   2.888,   1.000,   3.188
202605240706,   2.404,   2.997,9999.000,9999.000,9999.000,9999.000,9999.000,9999.000,9999.000
202605240712,   2.410,   3.007,9999.000,9999.000,9999.000,9999.000,9999.000,9999.000,9999.000
202605240718,   2.414,   2.997,9999.000,9999.000,9999.000,9999.000,9999.000,9999.000,9999.000
202605240724,   2.417,   2.988,9999.000,9999.000,9999.000,9999.000,9999.000,9999.000,9999.000
202605240730,   2.418,   2.997,9999.000,9999.000,9999.000,9999.000,9999.000,9999.000,9999.000
202605240736,   2.417,   2.988,9999.000,9999.000,9999.000,9999.000,9999.000,9999.000,9999.000
202605240742,   2.415,   2.988,9999.000,9999.000,9999.000,9999.000,9999.000,9999.000,9999.000
202605240748,   2.411,   2.978,9999.000,9999.000,9999.000,9999.000,9999.000,9999.000,9999.000
202605240754,   2.406,   2.978,9999.000,9999.000,9999.000,9999.000,9999.000,9999.000,9999.000
202605240800,   2.398,   2.938,   0.800,  -0.260,   2.938,   0.700,   2.838,   1.000,   3.138
202605240806,   2.388,   2.929,9999.000,9999.000,9999.000,9999.000,9999.000,9999.000,9999.000
202605240812,   2.377,   2.938,9999.000,9999.000,9999.000,9999.000,9999.000,9999.000,9999.000
202605240818,   2.363,   2.938,9999.000,9999.000,9999.000,9999.000,9999.000,9999.000,9999.000
202605240824,   2.347,   2.919,9999.000,9999.000,9999.000,9999.000,9999.000,9999.000,9999.000
202605240830,   2.329,   2.929,9999.000,9999.000,9999.000,9999.000,9999.000,9999.000,9999.000
202605240836,   2.308,   2.909,9999.000,9999.000,9999.000,9999.000,9999.000,9999.000,9999.000
202605240842,   2.285,   2.889,9999.000,9999.000,9999.000,9999.000,9999.000,9999.000,9999.000
202605240848,   2.259,   2.869,9999.000,9999.000,9999.000,9999.000,9999.000,9999.000,9999.000
202605240854,   2.230,   2.860,9999.000,9999.000,9999.000,9999.000,9999.000,9999.000,9999.000
202605240900,   2.199,   2.840,   0.800,  -0.159,   2.840,   0.600,   2.640,   0.900,   2.940
202605240906,   2.166,   2.807,9999.000,9999.000,9999.000,9999.000,9999.000,9999.000,9999.000
202605240912,   2.129,   2.758,9999.000,9999.000,9999.000,9999.000,9999.000,9999.000,9999.000
202605240918,   2.091,   2.748,9999.000,9999.000,9999.000,9999.000,9999.000,9999.000,9999.000
202605240924,   2.050,   2.699,9999.000,9999.000,9999.000,9999.000,9999.000,9999.000,9999.000
202605240930,   2.006,   2.669,9999.000,9999.000,9999.000,9999.000,9999.000,9999.000,9999.000
202605240936,   1.960,   2.660,9999.000,9999.000,9999.000,9999.000,9999.000,9999.000,9999.000
202605240942,   1.913,   2.630,9999.000,9999.000,9999.000,9999.000,9999.000,9999.000,9999.000
202605240948,   1.863,   2.578,9999.000,9999.000,9999.000,9999.000,9999.000,9999.000,9999.000
202605240954,   1.811,   2.538,9999.000,9999.000,9999.000,9999.000,9999.000,9999.000,9999.000
202605241000,   1.759,   2.479,   0.700,   0.020,   2.479,   0.600,   2.379,   0.800,   2.579
202605241006,   1.704,   2.400,9999.000,9999.000,9999.000,9999.000,9999.000,9999.000,9999.000
202605241012,   1.649,   2.318,9999.000,9999.000,9999.000,9999.000,9999.000,9999.000,9999.000
202605241018,   1.593,   2.240,9999.000,9999.000,9999.000,9999.000,9999.000,9999.000,9999.000
202605241024,   1.537,   2.168,9999.000,9999.000,9999.000,9999.000,9999.000,9999.000,9999.000
202605241030,   1.480,   2.118,9999.000,9999.000,9999.000,9999.000,9999.000,9999.000,9999.000
202605241036,   1.422,   2.079,9999.000,9999.000,9999.000,9999.000,9999.000,9999.000,9999.000
202605241042,   1.365,   2.020,9999.000,9999.000,9999.000,9999.000,9999.000,9999.000,9999.000
202605241048,   1.309,   1.981,9999.000,9999.000,9999.000,9999.000,9999.000,9999.000,9999.000
202605241054,   1.253,   1.938,9999.000,9999.000,9999.000,9999.000,9999.000,9999.000,9999.000
202605241100,   1.197,   1.908,   0.700,   0.011,   1.908,   0.600,   1.808,   0.800,   2.008
202605241106,   1.143,   1.859,9999.000,9999.000,9999.000,9999.000,9999.000,9999.000,9999.000
202605241112,   1.090,   1.810,9999.000,9999.000,9999.000,9999.000,9999.000,9999.000,9999.000
202605241118,   1.038,   1.781,9999.000,9999.000,9999.000,9999.000,9999.000,9999.000,9999.000
202605241124,   0.987,   1.758,9999.000,9999.000,9999.000,9999.000,9999.000,9999.000,9999.000
202605241130,   0.938,   1.728,9999.000,9999.000,9999.000,9999.000,9999.000,9999.000,9999.000
202605241136,   0.891,   1.699,9999.000,9999.000,9999.000,9999.000,9999.000,9999.000,9999.000
202605241142,   0.845,   1.649,9999.000,9999.000,9999.000,9999.000,9999.000,9999.000,9999.000
202605241148,   0.802,9999.000,9999.000,9999.000,9999.000,9999.000,9999.000,9999.000,9999.000
202605241154,   0.760,9999.000,9999.000,9999.000,9999.000,9999.000,9999.000,9999.000,9999.000
202605241200,   0.721,9999.000,   0.700,   0.008,   1.429,   0.600,   1.329,   0.700,   1.429
202605241206,   0.684,9999.000,9999.000,9999.000,9999.000,9999.000,9999.000,9999.000,9999.000
202605241212,   0.649,9999.000,9999.000,9999.000,9999.000,9999.000,9999.000,9999.000,9999.000
202605241218,   0.617,9999.000,9999.000,9999.000,9999.000,9999.000,9999.000,9999.000,9999.000
202605241224,   0.587,9999.000,9999.000,9999.000,9999.000,9999.000,9999.000,9999.000,9999.000
202605241230,   0.560,9999.000,9999.000,9999.000,9999.000,9999.000,9999.000,9999.000,9999.000
202605241236,   0.535,9999.000,9999.000,9999.000,9999.000,9999.000,9999.000,9999.000,9999.000
202605241242,   0.513,9999.000,9999.000,9999.000,9999.000,9999.000,9999.000,9999.000,9999.000
202605241248,   0.493,9999.000,9999.000,9999.000,9999.000,9999.000,9999.000,9999.000,9999.000
202605241254,   0.477,9999.000,9999.000,9999.000,9999.000,9999.000,9999.000,9999.000,9999.000
202605241300,   0.463,9999.000,   0.700,   0.004,   1.167,   0.600,   1.067,   0.700,   1.167
202605241306,   0.453,9999.000,9999.000,9999.000,9999.000,9999.000,9999.000,9999.000,9999.000
202605241312,   0.445,9999.000,9999.000,9999.000,9999.000,9999.000,9999.000,9999.000,9999.000
202605241318,   0.440,9999.000,9999.000,9999.000,9999.000,9999.000,9999.000,9999.000,9999.000
202605241324,   0.439,9999.000,9999.000,9999.000,9999.000,9999.000,9999.000,9999.000,9999.000
202605241330,   0.440,9999.000,9999.000,9999.000,9999.000,9999.000,9999.000,9999.000,9999.000
202605241336,   0.444,9999.000,9999.000,9999.000,9999.000,9999.000,9999.000,9999.000,9999.000
202605241342,   0.452,9999.000,9999.000,9999.000,9999.000,9999.000,9999.000,9999.000,9999.000
202605241348,   0.462,9999.000,9999.000,9999.000,9999.000,9999.000,9999.000,9999.000,9999.000
202605241354,   0.475,9999.000,9999.000,9999.000,9999.000,9999.000,9999.000,9999.000,9999.000
202605241400,   0.491,9999.000,   0.600,   0.001,   1.092,   0.500,   0.992,   0.700,   1.192
202605241406,   0.509,9999.000,9999.000,9999.000,9999.000,9999.000,9999.000,9999.000,9999.000
202605241412,   0.531,9999.000,9999.000,9999.000,9999.000,9999.000,9999.000,9999.000,9999.000
202605241418,   0.554,9999.000,9999.000,9999.000,9999.000,9999.000,9999.000,9999.000,9999.000
202605241424,   0.580,9999.000,9999.000,9999.000,9999.000,9999.000,9999.000,9999.000,9999.000
202605241430,   0.608,9999.000,9999.000,9999.000,9999.000,9999.000,9999.000,9999.000,9999.000
202605241436,   0.638,9999.000,9999.000,9999.000,9999.000,9999.000,9999.000,9999.000,9999.000
202605241442,   0.670,9999.000,9999.000,9999.000,9999.000,9999.000,9999.000,9999.000,9999.000
202605241448,   0.704,9999.000,9999.000,9999.000,9999.000,9999.000,9999.000,9999.000,9999.000
202605241454,   0.739,9999.000,9999.000,9999.000,9999.000,9999.000,9999.000,9999.000,9999.000
202605241500,   0.776,9999.000,   0.700,  -0.003,   1.473,   0.600,   1.373,   0.700,   1.473
202605241506,   0.814,9999.000,9999.000,9999.000,9999.000,9999.000,9999.000,9999.000,9999.000
202605241512,   0.853,9999.000,9999.000,9999.000,9999.000,9999.000,9999.000,9999.000,9999.000
202605241518,   0.893,9999.000,9999.000,9999.000,9999.000,9999.000,9999.000,9999.000,9999.000
202605241524,   0.933,9999.000,9999.000,9999.000,9999.000,9999.000,9999.000,9999.000,9999.000
202605241530,   0.974,9999.000,9999.000,9999.000,9999.000,9999.000,9999.000,9999.000,9999.000
202605241536,   1.016,9999.000,9999.000,9999.000,9999.000,9999.000,9999.000,9999.000,9999.000
202605241542,   1.058,9999.000,9999.000,9999.000,9999.000,9999.000,9999.000,9999.000,9999.000
202605241548,   1.101,9999.000,9999.000,9999.000,9999.000,9999.000,9999.000,9999.000,9999.000
202605241554,   1.143,9999.000,9999.000,9999.000,9999.000,9999.000,9999.000,9999.000,9999.000
202605241600,   1.186,9999.000,   0.700,  -0.006,   1.880,   0.600,   1.780,   0.700,   1.880
202605241606,   1.229,9999.000,9999.000,9999.000,9999.000,9999.000,9999.000,9999.000,9999.000
202605241612,   1.271,9999.000,9999.000,9999.000,9999.000,9999.000,9999.000,9999.000,9999.000
202605241618,   1.314,9999.000,9999.000,9999.000,9999.000,9999.000,9999.000,9999.000,9999.000
202605241624,   1.357,9999.000,9999.000,9999.000,9999.000,9999.000,9999.000,9999.000,9999.000
202605241630,   1.399,9999.000,9999.000,9999.000,9999.000,9999.000,9999.000,9999.000,9999.000
202605241636,   1.442,9999.000,9999.000,9999.000,9999.000,9999.000,9999.000,9999.000,9999.000
202605241642,   1.484,9999.000,9999.000,9999.000,9999.000,9999.000,9999.000,9999.000,9999.000
202605241648,   1.525,9999.000,9999.000,9999.000,9999.000,9999.000,9999.000,9999.000,9999.000
202605241654,   1.567,9999.000,9999.000,9999.000,9999.000,9999.000,9999.000,9999.000,9999.000
202605241700,   1.607,9999.000,   0.700,  -0.010,   2.297,   0.600,   2.197,   0.700,   2.297
202605241706,   1.648,9999.000,9999.000,9999.000,9999.000,9999.000,9999.000,9999.000,9999.000
202605241712,   1.687,9999.000,9999.000,9999.000,9999.000,9999.000,9999.000,9999.000,9999.000
202605241718,   1.727,9999.000,9999.000,9999.000,9999.000,9999.000,9999.000,9999.000,9999.000
202605241724,   1.765,9999.000,9999.000,9999.000,9999.000,9999.000,9999.000,9999.000,9999.000
202605241730,   1.802,9999.000,9999.000,9999.000,9999.000,9999.000,9999.000,9999.000,9999.000
202605241736,   1.839,9999.000,9999.000,9999.000,9999.000,9999.000,9999.000,9999.000,9999.000
202605241742,   1.875,9999.000,9999.000,9999.000,9999.000,9999.000,9999.000,9999.000,9999.000
202605241748,   1.909,9999.000,9999.000,9999.000,9999.000,9999.000,9999.000,9999.000,9999.000
202605241754,   1.943,9999.000,9999.000,9999.000,9999.000,9999.000,9999.000,9999.000,9999.000
202605241800,   1.975,9999.000,   0.700,  -0.013,   2.662,   0.600,   2.562,   0.800,   2.762
202605241806,   2.006,9999.000,9999.000,9999.000,9999.000,9999.000,9999.000,9999.000,9999.000
202605241812,   2.035,9999.000,9999.000,9999.000,9999.000,9999.000,9999.000,9999.000,9999.000
202605241818,   2.064,9999.000,9999.000,9999.000,9999.000,9999.000,9999.000,9999.000,9999.000
202605241824,   2.090,9999.000,9999.000,9999.000,9999.000,9999.000,9999.000,9999.000,9999.000
202605241830,   2.115,9999.000,9999.000,9999.000,9999.000,9999.000,9999.000,9999.000,9999.000
202605241836,   2.139,9999.000,9999.000,9999.000,9999.000,9999.000,9999.000,9999.000,9999.000
202605241842,   2.161,9999.000,9999.000,9999.000,9999.000,9999.000,9999.000,9999.000,9999.000
202605241848,   2.182,9999.000,9999.000,9999.000,9999.000,9999.000,9999.000,9999.000,9999.000
202605241854,   2.201,9999.000,9999.000,9999.000,9999.000,9999.000,9999.000,9999.000,9999.000
202605241900,   2.218,9999.000,   0.700,  -0.016,   2.902,   0.600,   2.802,   0.800,   3.002
202605241906,   2.234,9999.000,9999.000,9999.000,9999.000,9999.000,9999.000,9999.000,9999.000
202605241912,   2.248,9999.000,9999.000,9999.000,9999.000,9999.000,9999.000,9999.000,9999.000
202605241918,   2.261,9999.000,9999.000,9999.000,9999.000,9999.000,9999.000,9999.000,9999.000
202605241924,   2.272,9999.000,9999.000,9999.000,9999.000,9999.000,9999.000,9999.000,9999.000
202605241930,   2.282,9999.000,9999.000,9999.000,9999.000,9999.000,9999.000,9999.000,9999.000
202605241936,   2.290,9999.000,9999.000,9999.000,9999.000,9999.000,9999.000,9999.000,9999.000
202605241942,   2.297,9999.000,9999.000,9999.000,9999.000,9999.000,9999.000,9999.000,9999.000
202605241948,   2.302,9999.000,9999.000,9999.000,9999.000,9999.000,9999.000,9999.000,9999.000
202605241954,   2.305,9999.000,9999.000,9999.000,9999.000,9999.000,9999.000,9999.000,9999.000
202605242000,   2.307,9999.000,   0.700,  -0.020,   2.987,   0.600,   2.887,   0.800,   3.087
202605242006,   2.307,9999.000,9999.000,9999.000,9999.000,9999.000,9999.000,9999.000,9999.000
202605242012,   2.306,9999.000,9999.000,9999.000,9999.000,9999.000,9999.000,9999.000,9999.000
202605242018,   2.302,9999.000,9999.000,9999.000,9999.000,9999.000,9999.000,9999.000,9999.000
202605242024,   2.297,9999.000,9999.000,9999.000,9999.000,9999.000,9999.000,9999.000,9999.000
202605242030,   2.290,9999.000,9999.000,9999.000,9999.000,9999.000,9999.000,9999.000,9999.000
202605242036,   2.280,9999.000,9999.000,9999.000,9999.000,9999.000,9999.000,9999.000,9999.000
202605242042,   2.269,9999.000,9999.000,9999.000,9999.000,9999.000,9999.000,9999.000,9999.000
202605242048,   2.255,9999.000,9999.000,9999.000,9999.000,9999.000,9999.000,9999.000,9999.000
202605242054,   2.239,9999.000,9999.000,9999.000,9999.000,9999.000,9999.000,9999.000,9999.000
202605242100,   2.221,9999.000,   0.700,  -0.023,   2.898,   0.600,   2.798,   0.800,   2.998
202605242106,   2.200,9999.000,9999.000,9999.000,9999.000,9999.000,9999.000,9999.000,9999.000
202605242112,   2.177,9999.000,9999.000,9999.000,9999.000,9999.000,9999.000,9999.000,9999.000
202605242118,   2.151,9999.000,9999.000,9999.000,9999.000,9999.000,9999.000,9999.000,9999.000
202605242124,   2.123,9999.000,9999.000,9999.000,9999.000,9999.000,9999.000,9999.000,9999.000
202605242130,   2.092,9999.000,9999.000,9999.000,9999.000,9999.000,9999.000,9999.000,9999.000
202605242136,   2.058,9999.000,9999.000,9999.000,9999.000,9999.000,9999.000,9999.000,9999.000
202605242142,   2.023,9999.000,9999.000,9999.000,9999.000,9999.000,9999.000,9999.000,9999.000
202605242148,   1.985,9999.000,9999.000,9999.000,9999.000,9999.000,9999.000,9999.000,9999.000
202605242154,   1.944,9999.000,9999.000,9999.000,9999.000,9999.000,9999.000,9999.000,9999.000
202605242200,   1.902,9999.000,   0.700,  -0.027,   2.575,   0.600,   2.475,   0.800,   2.675
202605242206,   1.857,9999.000,9999.000,9999.000,9999.000,9999.000,9999.000,9999.000,9999.000
202605242212,   1.811,9999.000,9999.000,9999.000,9999.000,9999.000,9999.000,9999.000,9999.000
202605242218,   1.763,9999.000,9999.000,9999.000,9999.000,9999.000,9999.000,9999.000,9999.000
202605242224,   1.714,9999.000,9999.000,9999.000,9999.000,9999.000,9999.000,9999.000,9999.000
202605242230,   1.664,9999.000,9999.000,9999.000,9999.000,9999.000,9999.000,9999.000,9999.000
202605242236,   1.612,9999.000,9999.000,9999.000,9999.000,9999.000,9999.000,9999.000,9999.000
202605242242,   1.560,9999.000,9999.000,9999.000,9999.000,9999.000,9999.000,9999.000,9999.000
202605242248,   1.508,9999.000,9999.000,9999.000,9999.000,9999.000,9999.000,9999.000,9999.000
202605242254,   1.455,9999.000,9999.000,9999.000,9999.000,9999.000,9999.000,9999.000,9999.000
202605242300,   1.402,9999.000,   0.700,  -0.030,   2.072,   0.600,   1.972,   0.800,   2.172
202605242306,   1.349,9999.000,9999.000,9999.000,9999.000,9999.000,9999.000,9999.000,9999.000
202605242312,   1.297,9999.000,9999.000,9999.000,9999.000,9999.000,9999.000,9999.000,9999.000
202605242318,   1.245,9999.000,9999.000,9999.000,9999.000,9999.000,9999.000,9999.000,9999.000
202605242324,   1.194,9999.000,9999.000,9999.000,9999.000,9999.000,9999.000,9999.000,9999.000
202605242330,   1.144,9999.000,9999.000,9999.000,9999.000,9999.000,9999.000,9999.000,9999.000
202605242336,   1.095,9999.000,9999.000,9999.000,9999.000,9999.000,9999.000,9999.000,9999.000
202605242342,   1.047,9999.000,9999.000,9999.000,9999.000,9999.000,9999.000,9999.000,9999.000
202605242348,   1.001,9999.000,9999.000,9999.000,9999.000,9999.000,9999.000,9999.000,9999.000
202605242354,   0.957,9999.000,9999.000,9999.000,9999.000,9999.000,9999.000,9999.000,9999.000
202605250000,   0.914,9999.000,   0.700,  -0.030,   1.584,   0.600,   1.484,   0.800,   1.684
202605250006,   0.873,9999.000,9999.000,9999.000,9999.000,9999.000,9999.000,9999.000,9999.000
202605250012,   0.834,9999.000,9999.000,9999.000,9999.000,9999.000,9999.000,9999.000,9999.000
202605250018,   0.797,9999.000,9999.000,9999.000,9999.000,9999.000,9999.000,9999.000,9999.000
202605250024,   0.762,9999.000,9999.000,9999.000,9999.000,9999.000,9999.000,9999.000,9999.000
202605250030,   0.729,9999.000,9999.000,9999.000,9999.000,9999.000,9999.000,9999.000,9999.000
202605250036,   0.699,9999.000,9999.000,9999.000,9999.000,9999.000,9999.000,9999.000,9999.000
202605250042,   0.670,9999.000,9999.000,9999.000,9999.000,9999.000,9999.000,9999.000,9999.000
202605250048,   0.644,9999.000,9999.000,9999.000,9999.000,9999.000,9999.000,9999.000,9999.000
202605250054,   0.621,9999.000,9999.000,9999.000,9999.000,9999.000,9999.000,9999.000,9999.000
202605250100,   0.600,9999.000,   0.600,  -0.030,   1.170,   0.500,   1.070,   0.700,   1.270
202605250106,   0.581,9999.000,9999.000,9999.000,9999.000,9999.000,9999.000,9999.000,9999.000
202605250112,   0.565,9999.000,9999.000,9999.000,9999.000,9999.000,9999.000,9999.000,9999.000
202605250118,   0.552,9999.000,9999.000,9999.000,9999.000,9999.000,9999.000,9999.000,9999.000
202605250124,   0.541,9999.000,9999.000,9999.000,9999.000,9999.000,9999.000,9999.000,9999.000
202605250130,   0.534,9999.000,9999.000,9999.000,9999.000,9999.000,9999.000,9999.000,9999.000
202605250136,   0.528,9999.000,9999.000,9999.000,9999.000,9999.000,9999.000,9999.000,9999.000
202605250142,   0.526,9999.000,9999.000,9999.000,9999.000,9999.000,9999.000,9999.000,9999.000
202605250148,   0.527,9999.000,9999.000,9999.000,9999.000,9999.000,9999.000,9999.000,9999.000
202605250154,   0.530,9999.000,9999.000,9999.000,9999.000,9999.000,9999.000,9999.000,9999.000
202605250200,   0.536,9999.000,   0.600,  -0.030,   1.106,   0.500,   1.006,   0.700,   1.206
202605250206,   0.545,9999.000,9999.000,9999.000,9999.000,9999.000,9999.000,9999.000,9999.000
202605250212,   0.556,9999.000,9999.000,9999.000,9999.000,9999.000,9999.000,9999.000,9999.000
202605250218,   0.570,9999.000,9999.000,9999.000,9999.000,9999.000,9999.000,9999.000,9999.000
202605250224,   0.587,9999.000,9999.000,9999.000,9999.000,9999.000,9999.000,9999.000,9999.000
202605250230,   0.606,9999.000,9999.000,9999.000,9999.000,9999.000,9999.000,9999.000,9999.000
202605250236,   0.627,9999.000,9999.000,9999.000,9999.000,9999.000,9999.000,9999.000,9999.000
202605250242,   0.651,9999.000,9999.000,9999.000,9999.000,9999.000,9999.000,9999.000,9999.000
202605250248,   0.677,9999.000,9999.000,9999.000,9999.000,9999.000,9999.000,9999.000,9999.000
202605250254,   0.705,9999.000,9999.000,9999.000,9999.000,9999.000,9999.000,9999.000,9999.000
202605250300,   0.734,9999.000,   0.600,  -0.030,   1.304,   0.500,   1.204,   0.700,   1.404
202605250306,   0.766,9999.000,9999.000,9999.000,9999.000,9999.000,9999.000,9999.000,9999.000
202605250312,   0.798,9999.000,9999.000,9999.000,9999.000,9999.000,9999.000,9999.000,9999.000
202605250318,   0.833,9999.000,9999.000,9999.000,9999.000,9999.000,9999.000,9999.000,9999.000
202605250324,   0.868,9999.000,9999.000,9999.000,9999.000,9999.000,9999.000,9999.000,9999.000
202605250330,   0.904,9999.000,9999.000,9999.000,9999.000,9999.000,9999.000,9999.000,9999.000
202605250336,   0.941,9999.000,9999.000,9999.000,9999.000,9999.000,9999.000,9999.000,9999.000
202605250342,   0.979,9999.000,9999.000,9999.000,9999.000,9999.000,9999.000,9999.000,9999.000
202605250348,   1.018,9999.000,9999.000,9999.000,9999.000,9999.000,9999.000,9999.000,9999.000
202605250354,   1.057,9999.000,9999.000,9999.000,9999.000,9999.000,9999.000,9999.000,9999.000
202605250400,   1.096,9999.000,   0.600,  -0.030,   1.666,   0.500,   1.566,   0.700,   1.766
202605250406,   1.136,9999.000,9999.000,9999.000,9999.000,9999.000,9999.000,9999.000,9999.000
202605250412,   1.176,9999.000,9999.000,9999.000,9999.000,9999.000,9999.000,9999.000,9999.000
202605250418,   1.216,9999.000,9999.000,9999.000,9999.000,9999.000,9999.000,9999.000,9999.000
202605250424,   1.256,9999.000,9999.000,9999.000,9999.000,9999.000,9999.000,9999.000,9999.000
202605250430,   1.296,9999.000,9999.000,9999.000,9999.000,9999.000,9999.000,9999.000,9999.000
202605250436,   1.336,9999.000,9999.000,9999.000,9999.000,9999.000,9999.000,9999.000,9999.000
202605250442,   1.375,9999.000,9999.000,9999.000,9999.000,9999.000,9999.000,9999.000,9999.000
202605250448,   1.415,9999.000,9999.000,9999.000,9999.000,9999.000,9999.000,9999.000,9999.000
202605250454,   1.454,9999.000,9999.000,9999.000,9999.000,9999.000,9999.000,9999.000,9999.000
202605250500,   1.494,9999.000,   0.600,  -0.030,   2.064,   0.400,   1.864,   0.700,   2.164
202605250506,   1.532,9999.000,9999.000,9999.000,9999.000,9999.000,9999.000,9999.000,9999.000
202605250512,   1.571,9999.000,9999.000,9999.000,9999.000,9999.000,9999.000,9999.000,9999.000
202605250518,   1.609,9999.000,9999.000,9999.000,9999.000,9999.000,9999.000,9999.000,9999.000
202605250524,   1.647,9999.000,9999.000,9999.000,9999.000,9999.000,9999.000,9999.000,9999.000
202605250530,   1.684,9999.000,9999.000,9999.000,9999.000,9999.000,9999.000,9999.000,9999.000
202605250536,   1.721,9999.000,9999.000,9999.000,9999.000,9999.000,9999.000,9999.000,9999.000
202605250542,   1.757,9999.000,9999.000,9999.000,9999.000,9999.000,9999.000,9999.000,9999.000
202605250548,   1.792,9999.000,9999.000,9999.000,9999.000,9999.000,9999.000,9999.000,9999.000
202605250554,   1.827,9999.000,9999.000,9999.000,9999.000,9999.000,9999.000,9999.000,9999.000
202605250600,   1.861,9999.000,   0.600,  -0.030,   2.431,   0.500,   2.331,   0.700,   2.531
202605250606,   1.894,9999.000,9999.000,9999.000,9999.000,9999.000,9999.000,9999.000,9999.000
202605250612,   1.926,9999.000,9999.000,9999.000,9999.000,9999.000,9999.000,9999.000,9999.000
202605250618,   1.957,9999.000,9999.000,9999.000,9999.000,9999.000,9999.000,9999.000,9999.000
202605250624,   1.987,9999.000,9999.000,9999.000,9999.000,9999.000,9999.000,9999.000,9999.000
202605250630,   2.016,9999.000,9999.000,9999.000,9999.000,9999.000,9999.000,9999.000,9999.000
202605250636,   2.043,9999.000,9999.000,9999.000,9999.000,9999.000,9999.000,9999.000,9999.000
202605250642,   2.069,9999.000,9999.000,9999.000,9999.000,9999.000,9999.000,9999.000,9999.000
202605250648,   2.094,9999.000,9999.000,9999.000,9999.000,9999.000,9999.000,9999.000,9999.000
202605250654,   2.118,9999.000,9999.000,9999.000,9999.000,9999.000,9999.000,9999.000,9999.000
202605250700,   2.140,9999.000,   0.600,  -0.030,   2.710,   0.500,   2.610,   0.700,   2.810
202605250706,   2.160,9999.000,9999.000,9999.000,9999.000,9999.000,9999.000,9999.000,9999.000
202605250712,   2.180,9999.000,9999.000,9999.000,9999.000,9999.000,9999.000,9999.000,9999.000
202605250718,   2.197,9999.000,9999.000,9999.000,9999.000,9999.000,9999.000,9999.000,9999.000
202605250724,   2.214,9999.000,9999.000,9999.000,9999.000,9999.000,9999.000,9999.000,9999.000
202605250730,   2.229,9999.000,9999.000,9999.000,9999.000,9999.000,9999.000,9999.000,9999.000
202605250736,   2.242,9999.000,9999.000,9999.000,9999.000,9999.000,9999.000,9999.000,9999.000
202605250742,   2.254,9999.000,9999.000,9999.000,9999.000,9999.000,9999.000,9999.000,9999.000
202605250748,   2.265,9999.000,9999.000,9999.000,9999.000,9999.000,9999.000,9999.000,9999.000
202605250754,   2.274,9999.000,9999.000,9999.000,9999.000,9999.000,9999.000,9999.000,9999.000
202605250800,   2.282,9999.000,   0.600,  -0.030,   2.852,   0.400,   2.652,   0.700,   2.952
202605250806,   2.288,9999.000,9999.000,9999.000,9999.000,9999.000,9999.000,9999.000,9999.000
202605250812,   2.293,9999.000,9999.000,9999.000,9999.000,9999.000,9999.000,9999.000,9999.000
202605250818,   2.296,9999.000,9999.000,9999.000,9999.000,9999.000,9999.000,9999.000,9999.000
202605250824,   2.298,9999.000,9999.000,9999.000,9999.000,9999.000,9999.000,9999.000,9999.000
202605250830,   2.298,9999.000,9999.000,9999.000,9999.000,9999.000,9999.000,9999.000,9999.000
202605250836,   2.297,9999.000,9999.000,9999.000,9999.000,9999.000,9999.000,9999.000,9999.000
202605250842,   2.294,9999.000,9999.000,9999.000,9999.000,9999.000,9999.000,9999.000,9999.000
202605250848,   2.289,9999.000,9999.000,9999.000,9999.000,9999.000,9999.000,9999.000,9999.000
202605250854,   2.282,9999.000,9999.000,9999.000,9999.000,9999.000,9999.000,9999.000,9999.000
202605250900,   2.273,9999.000,   0.500,  -0.030,   2.743,   0.300,   2.543,   0.700,   2.943
202605250906,   2.262,9999.000,9999.000,9999.000,9999.000,9999.000,9999.000,9999.000,9999.000
202605250912,   2.249,9999.000,9999.000,9999.000,9999.000,9999.000,9999.000,9999.000,9999.000
202605250918,   2.234,9999.000,9999.000,9999.000,9999.000,9999.000,9999.000,9999.000,9999.000
202605250924,   2.216,9999.000,9999.000,9999.000,9999.000,9999.000,9999.000,9999.000,9999.000
202605250930,   2.196,9999.000,9999.000,9999.000,9999.000,9999.000,9999.000,9999.000,9999.000
202605250936,   2.173,9999.000,9999.000,9999.000,9999.000,9999.000,9999.000,9999.000,9999.000
202605250942,   2.148,9999.000,9999.000,9999.000,9999.000,9999.000,9999.000,9999.000,9999.000
202605250948,   2.121,9999.000,9999.000,9999.000,9999.000,9999.000,9999.000,9999.000,9999.000
202605250954,   2.090,9999.000,9999.000,9999.000,9999.000,9999.000,9999.000,9999.000,9999.000
202605251000,   2.058,9999.000,   0.500,  -0.030,   2.528,   0.300,   2.328,   0.600,   2.628
202605251006,   2.022,9999.000,9999.000,9999.000,9999.000,9999.000,9999.000,9999.000,9999.000
202605251012,   1.985,9999.000,9999.000,9999.000,9999.000,9999.000,9999.000,9999.000,9999.000
202605251018,   1.945,9999.000,9999.000,9999.000,9999.000,9999.000,9999.000,9999.000,9999.000
202605251024,   1.902,9999.000,9999.000,9999.000,9999.000,9999.000,9999.000,9999.000,9999.000
202605251030,   1.858,9999.000,9999.000,9999.000,9999.000,9999.000,9999.000,9999.000,9999.000
202605251036,   1.812,9999.000,9999.000,9999.000,9999.000,9999.000,9999.000,9999.000,9999.000
202605251042,   1.764,9999.000,9999.000,9999.000,9999.000,9999.000,9999.000,9999.000,9999.000
202605251048,   1.714,9999.000,9999.000,9999.000,9999.000,9999.000,9999.000,9999.000,9999.000
202605251054,   1.663,9999.000,9999.000,9999.000,9999.000,9999.000,9999.000,9999.000,9999.000
202605251100,   1.611,9999.000,   0.400,  -0.030,   1.981,   0.200,   1.781,   0.600,   2.181
202605251106,   1.558,9999.000,9999.000,9999.000,9999.000,9999.000,9999.000,9999.000,9999.000
202605251112,   1.505,9999.000,9999.000,9999.000,9999.000,9999.000,9999.000,9999.000,9999.000
202605251118,   1.450,9999.000,9999.000,9999.000,9999.000,9999.000,9999.000,9999.000,9999.000
202605251124,   1.396,9999.000,9999.000,9999.000,9999.000,9999.000,9999.000,9999.000,9999.000
202605251130,   1.342,9999.000,9999.000,9999.000,9999.000,9999.000,9999.000,9999.000,9999.000
202605251136,   1.288,9999.000,9999.000,9999.000,9999.000,9999.000,9999.000,9999.000,9999.000
202605251142,   1.234,9999.000,9999.000,9999.000,9999.000,9999.000,9999.000,9999.000,9999.000
202605251148,   1.181,9999.000,9999.000,9999.000,9999.000,9999.000,9999.000,9999.000,9999.000
202605251154,   1.128,9999.000,9999.000,9999.000,9999.000,9999.000,9999.000,9999.000,9999.000
202605251200,   1.077,9999.000,   0.300,  -0.030,   1.347,   0.100,   1.147,   0.500,   1.547
202605251206,   1.027,9999.000,9999.000,9999.000,9999.000,9999.000,9999.000,9999.000,9999.000
202605251212,   0.978,9999.000,9999.000,9999.000,9999.000,9999.000,9999.000,9999.000,9999.000
202605251218,   0.931,9999.000,9999.000,9999.000,9999.000,9999.000,9999.000,9999.000,9999.000
202605251224,   0.885,9999.000,9999.000,9999.000,9999.000,9999.000,9999.000,9999.000,9999.000
202605251230,   0.841,9999.000,9999.000,9999.000,9999.000,9999.000,9999.000,9999.000,9999.000
202605251236,   0.798,9999.000,9999.000,9999.000,9999.000,9999.000,9999.000,9999.000,9999.000
202605251242,   0.758,9999.000,9999.000,9999.000,9999.000,9999.000,9999.000,9999.000,9999.000
202605251248,   0.719,9999.000,9999.000,9999.000,9999.000,9999.000,9999.000,9999.000,9999.000
202605251254,   0.683,9999.000,9999.000,9999.000,9999.000,9999.000,9999.000,9999.000,9999.000
202605251300,   0.649,9999.000,   0.300,  -0.030,   0.919,   0.100,   0.719,   0.500,   1.119
202605251306,   0.617,9999.000,9999.000,9999.000,9999.000,9999.000,9999.000,9999.000,9999.000
202605251312,   0.587,9999.000,9999.000,9999.000,9999.000,9999.000,9999.000,9999.000,9999.000
202605251318,   0.559,9999.000,9999.000,9999.000,9999.000,9999.000,9999.000,9999.000,9999.000
202605251324,   0.534,9999.000,9999.000,9999.000,9999.000,9999.000,9999.000,9999.000,9999.000
202605251330,   0.512,9999.000,9999.000,9999.000,9999.000,9999.000,9999.000,9999.000,9999.000
202605251336,   0.492,9999.000,9999.000,9999.000,9999.000,9999.000,9999.000,9999.000,9999.000
202605251342,   0.475,9999.000,9999.000,9999.000,9999.000,9999.000,9999.000,9999.000,9999.000
202605251348,   0.461,9999.000,9999.000,9999.000,9999.000,9999.000,9999.000,9999.000,9999.000
202605251354,   0.449,9999.000,9999.000,9999.000,9999.000,9999.000,9999.000,9999.000,9999.000
202605251400,   0.440,9999.000,   0.200,  -0.030,   0.610,   0.000,   0.410,   0.400,   0.810
202605251406,   0.434,9999.000,9999.000,9999.000,9999.000,9999.000,9999.000,9999.000,9999.000
202605251412,   0.431,9999.000,9999.000,9999.000,9999.000,9999.000,9999.000,9999.000,9999.000
202605251418,   0.431,9999.000,9999.000,9999.000,9999.000,9999.000,9999.000,9999.000,9999.000
202605251424,   0.434,9999.000,9999.000,9999.000,9999.000,9999.000,9999.000,9999.000,9999.000
202605251430,   0.440,9999.000,9999.000,9999.000,9999.000,9999.000,9999.000,9999.000,9999.000
202605251436,   0.449,9999.000,9999.000,9999.000,9999.000,9999.000,9999.000,9999.000,9999.000
202605251442,   0.460,9999.000,9999.000,9999.000,9999.000,9999.000,9999.000,9999.000,9999.000
202605251448,   0.475,9999.000,9999.000,9999.000,9999.000,9999.000,9999.000,9999.000,9999.000
202605251454,   0.492,9999.000,9999.000,9999.000,9999.000,9999.000,9999.000,9999.000,9999.000
202605251500,   0.511,9999.000,   0.200,  -0.030,   0.681,   0.000,   0.481,   0.400,   0.881
202605251506,   0.533,9999.000,9999.000,9999.000,9999.000,9999.000,9999.000,9999.000,9999.000
202605251512,   0.558,9999.000,9999.000,9999.000,9999.000,9999.000,9999.000,9999.000,9999.000
202605251518,   0.584,9999.000,9999.000,9999.000,9999.000,9999.000,9999.000,9999.000,9999.000
202605251524,   0.613,9999.000,9999.000,9999.000,9999.000,9999.000,9999.000,9999.000,9999.000
202605251530,   0.644,9999.000,9999.000,9999.000,9999.000,9999.000,9999.000,9999.000,9999.000
202605251536,   0.677,9999.000,9999.000,9999.000,9999.000,9999.000,9999.000,9999.000,9999.000
202605251542,   0.711,9999.000,9999.000,9999.000,9999.000,9999.000,9999.000,9999.000,9999.000
202605251548,   0.747,9999.000,9999.000,9999.000,9999.000,9999.000,9999.000,9999.000,9999.000
202605251554,   0.784,9999.000,9999.000,9999.000,9999.000,9999.000,9999.000,9999.000,9999.000
202605251600,   0.823,9999.000,   0.200,  -0.030,   0.993,   0.000,   0.793,   0.400,   1.193
202605251606,   0.862,9999.000,9999.000,9999.000,9999.000,9999.000,9999.000,9999.000,9999.000
202605251612,   0.903,9999.000,9999.000,9999.000,9999.000,9999.000,9999.000,9999.000,9999.000
202605251618,   0.944,9999.000,9999.000,9999.000,9999.000,9999.000,9999.000,9999.000,9999.000
202605251624,   0.986,9999.000,9999.000,9999.000,9999.000,9999.000,9999.000,9999.000,9999.000
202605251630,   1.028,9999.000,9999.000,9999.000,9999.000,9999.000,9999.000,9999.000,9999.000
202605251636,   1.071,9999.000,9999.000,9999.000,9999.000,9999.000,9999.000,9999.000,9999.000
202605251642,   1.115,9999.000,9999.000,9999.000,9999.000,9999.000,9999.000,9999.000,9999.000
202605251648,   1.158,9999.000,9999.000,9999.000,9999.000,9999.000,9999.000,9999.000,9999.000
202605251654,   1.202,9999.000,9999.000,9999.000,9999.000,9999.000,9999.000,9999.000,9999.000
202605251700,   1.246,9999.000,   0.200,  -0.030,   1.416,   0.000,   1.216,   0.300,   1.516
202605251706,   1.290,9999.000,9999.000,9999.000,9999.000,9999.000,9999.000,9999.000,9999.000
202605251712,   1.335,9999.000,9999.000,9999.000,9999.000,9999.000,9999.000,9999.000,9999.000
202605251718,   1.379,9999.000,9999.000,9999.000,9999.000,9999.000,9999.000,9999.000,9999.000
202605251724,   1.423,9999.000,9999.000,9999.000,9999.000,9999.000,9999.000,9999.000,9999.000
202605251730,   1.467,9999.000,9999.000,9999.000,9999.000,9999.000,9999.000,9999.000,9999.000
202605251736,   1.511,9999.000,9999.000,9999.000,9999.000,9999.000,9999.000,9999.000,9999.000
202605251742,   1.555,9999.000,9999.000,9999.000,9999.000,9999.000,9999.000,9999.000,9999.000
202605251748,   1.598,9999.000,9999.000,9999.000,9999.000,9999.000,9999.000,9999.000,9999.000
202605251754,   1.641,9999.000,9999.000,9999.000,9999.000,9999.000,9999.000,9999.000,9999.000
202605251800,   1.684,9999.000,   0.200,  -0.030,   1.854,   0.000,   1.654,   0.400,   2.054
202605251806,   1.726,9999.000,9999.000,9999.000,9999.000,9999.000,9999.000,9999.000,9999.000
202605251812,   1.767,9999.000,9999.000,9999.000,9999.000,9999.000,9999.000,9999.000,9999.000
202605251818,   1.808,9999.000,9999.000,9999.000,9999.000,9999.000,9999.000,9999.000,9999.000
202605251824,   1.848,9999.000,9999.000,9999.000,9999.000,9999.000,9999.000,9999.000,9999.000
202605251830,   1.887,9999.000,9999.000,9999.000,9999.000,9999.000,9999.000,9999.000,9999.000
202605251836,   1.925,9999.000,9999.000,9999.000,9999.000,9999.000,9999.000,9999.000,9999.000
202605251842,   1.962,9999.000,9999.000,9999.000,9999.000,9999.000,9999.000,9999.000,9999.000
202605251848,   1.998,9999.000,9999.000,9999.000,9999.000,9999.000,9999.000,9999.000,9999.000
202605251854,   2.033,9999.000,9999.000,9999.000,9999.000,9999.000,9999.000,9999.000,9999.000
202605251900,   2.066,9999.000,   0.200,  -0.030,   2.236,   0.000,   2.036,   0.400,   2.436
202605251906,   2.098,9999.000,9999.000,9999.000,9999.000,9999.000,9999.000,9999.000,9999.000
202605251912,   2.129,9999.000,9999.000,9999.000,9999.000,9999.000,9999.000,9999.000,9999.000
202605251918,   2.158,9999.000,9999.000,9999.000,9999.000,9999.000,9999.000,9999.000,9999.000
202605251924,   2.185,9999.000,9999.000,9999.000,9999.000,9999.000,9999.000,9999.000,9999.000
202605251930,   2.211,9999.000,9999.000,9999.000,9999.000,9999.000,9999.000,9999.000,9999.000
202605251936,   2.236,9999.000,9999.000,9999.000,9999.000,9999.000,9999.000,9999.000,9999.000
202605251942,   2.259,9999.000,9999.000,9999.000,9999.000,9999.000,9999.000,9999.000,9999.000
202605251948,   2.280,9999.000,9999.000,9999.000,9999.000,9999.000,9999.000,9999.000,9999.000
202605251954,   2.300,9999.000,9999.000,9999.000,9999.000,9999.000,9999.000,9999.000,9999.000
202605252000,   2.318,9999.000,   0.200,  -0.030,   2.488,   0.000,   2.288,   0.400,   2.688
202605252006,   2.334,9999.000,9999.000,9999.000,9999.000,9999.000,9999.000,9999.000,9999.000
202605252012,   2.349,9999.000,9999.000,9999.000,9999.000,9999.000,9999.000,9999.000,9999.000
202605252018,   2.362,9999.000,9999.000,9999.000,9999.000,9999.000,9999.000,9999.000,9999.000
202605252024,   2.374,9999.000,9999.000,9999.000,9999.000,9999.000,9999.000,9999.000,9999.000
202605252030,   2.384,9999.000,9999.000,9999.000,9999.000,9999.000,9999.000,9999.000,9999.000
202605252036,   2.393,9999.000,9999.000,9999.000,9999.000,9999.000,9999.000,9999.000,9999.000
202605252042,   2.400,9999.000,9999.000,9999.000,9999.000,9999.000,9999.000,9999.000,9999.000
202605252048,   2.405,9999.000,9999.000,9999.000,9999.000,9999.000,9999.000,9999.000,9999.000
202605252054,   2.408,9999.000,9999.000,9999.000,9999.000,9999.000,9999.000,9999.000,9999.000
202605252100,   2.410,9999.000,   0.200,  -0.030,   2.580,   0.000,   2.380,   0.400,   2.780
202605252106,   2.410,9999.000,9999.000,9999.000,9999.000,9999.000,9999.000,9999.000,9999.000
202605252112,   2.407,9999.000,9999.000,9999.000,9999.000,9999.000,9999.000,9999.000,9999.000
202605252118,   2.403,9999.000,9999.000,9999.000,9999.000,9999.000,9999.000,9999.000,9999.000
202605252124,   2.397,9999.000,9999.000,9999.000,9999.000,9999.000,9999.000,9999.000,9999.000
202605252130,   2.389,9999.000,9999.000,9999.000,9999.000,9999.000,9999.000,9999.000,9999.000
202605252136,   2.378,9999.000,9999.000,9999.000,9999.000,9999.000,9999.000,9999.000,9999.000
202605252142,   2.365,9999.000,9999.000,9999.000,9999.000,9999.000,9999.000,9999.000,9999.000
202605252148,   2.350,9999.000,9999.000,9999.000,9999.000,9999.000,9999.000,9999.000,9999.000
202605252154,   2.332,9999.000,9999.000,9999.000,9999.000,9999.000,9999.000,9999.000,9999.000
202605252200,   2.311,9999.000,   0.200,  -0.030,   2.481,   0.000,   2.281,   0.400,   2.681
202605252206,   2.288,9999.000,9999.000,9999.000,9999.000,9999.000,9999.000,9999.000,9999.000
202605252212,   2.262,9999.000,9999.000,9999.000,9999.000,9999.000,9999.000,9999.000,9999.000
202605252218,   2.234,9999.000,9999.000,9999.000,9999.000,9999.000,9999.000,9999.000,9999.000
202605252224,   2.203,9999.000,9999.000,9999.000,9999.000,9999.000,9999.000,9999.000,9999.000
202605252230,   2.170,9999.000,9999.000,9999.000,9999.000,9999.000,9999.000,9999.000,9999.000
202605252236,   2.134,9999.000,9999.000,9999.000,9999.000,9999.000,9999.000,9999.000,9999.000
202605252242,   2.095,9999.000,9999.000,9999.000,9999.000,9999.000,9999.000,9999.000,9999.000
202605252248,   2.055,9999.000,9999.000,9999.000,9999.000,9999.000,9999.000,9999.000,9999.000
202605252254,   2.012,9999.000,9999.000,9999.000,9999.000,9999.000,9999.000,9999.000,9999.000
202605252300,   1.967,9999.000,   0.200,  -0.030,   2.137,   0.000,   1.937,   0.400,   2.337
202605252306,   1.920,9999.000,9999.000,9999.000,9999.000,9999.000,9999.000,9999.000,9999.000
202605252312,   1.872,9999.000,9999.000,9999.000,9999.000,9999.000,9999.000,9999.000,9999.000
202605252318,   1.822,9999.000,9999.000,9999.000,9999.000,9999.000,9999.000,9999.000,9999.000
202605252324,   1.771,9999.000,9999.000,9999.000,9999.000,9999.000,9999.000,9999.000,9999.000
202605252330,   1.719,9999.000,9999.000,9999.000,9999.000,9999.000,9999.000,9999.000,9999.000
202605252336,   1.666,9999.000,9999.000,9999.000,9999.000,9999.000,9999.000,9999.000,9999.000
202605252342,   1.613,9999.000,9999.000,9999.000,9999.000,9999.000,9999.000,9999.000,9999.000
202605252348,   1.559,9999.000,9999.000,9999.000,9999.000,9999.000,9999.000,9999.000,9999.000
202605252354,   1.505,9999.000,9999.000,9999.000,9999.000,9999.000,9999.000,9999.000,9999.000
202605260000,   1.451,9999.000,   0.200,  -0.030,   1.621,   0.000,   1.421,   0.400,   1.821
202605260006,   1.398,9999.000,9999.000,9999.000,9999.000,9999.000,9999.000,9999.000,9999.000
202605260012,   1.345,9999.000,9999.000,9999.000,9999.000,9999.000,9999.000,9999.000,9999.000
202605260018,   1.293,9999.000,9999.000,9999.000,9999.000,9999.000,9999.000,9999.000,9999.000
202605260024,   1.241,9999.000,9999.000,9999.000,9999.000,9999.000,9999.000,9999.000,9999.000
202605260030,   1.191,9999.000,9999.000,9999.000,9999.000,9999.000,9999.000,9999.000,9999.000
202605260036,   1.142,9999.000,9999.000,9999.000,9999.000,9999.000,9999.000,9999.000,9999.000
202605260042,   1.094,9999.000,9999.000,9999.000,9999.000,9999.000,9999.000,9999.000,9999.000
202605260048,   1.047,9999.000,9999.000,9999.000,9999.000,9999.000,9999.000,9999.000,9999.000
202605260054,   1.002,9999.000,9999.000,9999.000,9999.000,9999.000,9999.000,9999.000,9999.000
202605260100,   0.959,9999.000,   0.200,  -0.030,   1.129,   0.000,   0.929,   0.400,   1.329
202605260106,   0.917,9999.000,9999.000,9999.000,9999.000,9999.000,9999.000,9999.000,9999.000
202605260112,   0.877,9999.000,9999.000,9999.000,9999.000,9999.000,9999.000,9999.000,9999.000
202605260118,   0.839,9999.000,9999.000,9999.000,9999.000,9999.000,9999.000,9999.000,9999.000
202605260124,   0.803,9999.000,9999.000,9999.000,9999.000,9999.000,9999.000,9999.000,9999.000
202605260130,   0.769,9999.000,9999.000,9999.000,9999.000,9999.000,9999.000,9999.000,9999.000
202605260136,   0.737,9999.000,9999.000,9999.000,9999.000,9999.000,9999.000,9999.000,9999.000
202605260142,   0.708,9999.000,9999.000,9999.000,9999.000,9999.000,9999.000,9999.000,9999.000
202605260148,   0.680,9999.000,9999.000,9999.000,9999.000,9999.000,9999.000,9999.000,9999.000
202605260154,   0.655,9999.000,9999.000,9999.000,9999.000,9999.000,9999.000,9999.000,9999.000
202605260200,   0.633,9999.000,   0.100,  -0.030,   0.703,   0.000,   0.603,   0.300,   0.903
202605260206,   0.613,9999.000,9999.000,9999.000,9999.000,9999.000,9999.000,9999.000,9999.000
202605260212,   0.595,9999.000,9999.000,9999.000,9999.000,9999.000,9999.000,9999.000,9999.000
202605260218,   0.580,9999.000,9999.000,9999.000,9999.000,9999.000,9999.000,9999.000,9999.000
202605260224,   0.568,9999.000,9999.000,9999.000,9999.000,9999.000,9999.000,9999.000,9999.000
202605260230,   0.558,9999.000,9999.000,9999.000,9999.000,9999.000,9999.000,9999.000,9999.000
202605260236,   0.551,9999.000,9999.000,9999.000,9999.000,9999.000,9999.000,9999.000,9999.000
202605260242,   0.547,9999.000,9999.000,9999.000,9999.000,9999.000,9999.000,9999.000,9999.000
202605260248,   0.546,9999.000,9999.000,9999.000,9999.000,9999.000,9999.000,9999.000,9999.000
202605260254,   0.547,9999.000,9999.000,9999.000,9999.000,9999.000,9999.000,9999.000,9999.000
202605260300,   0.552,9999.000,   0.100,  -0.030,   0.622,   0.000,   0.522,   0.300,   0.822
202605260306,   0.559,9999.000,9999.000,9999.000,9999.000,9999.000,9999.000,9999.000,9999.000
202605260312,   0.568,9999.000,9999.000,9999.000,9999.000,9999.000,9999.000,9999.000,9999.000
202605260318,   0.580,9999.000,9999.000,9999.000,9999.000,9999.000,9999.000,9999.000,9999.000
202605260324,   0.595,9999.000,9999.000,9999.000,9999.000,9999.000,9999.000,9999.000,9999.000
202605260330,   0.612,9999.000,9999.000,9999.000,9999.000,9999.000,9999.000,9999.000,9999.000
202605260336,   0.631,9999.000,9999.000,9999.000,9999.000,9999.000,9999.000,9999.000,9999.000
202605260342,   0.653,9999.000,9999.000,9999.000,9999.000,9999.000,9999.000,9999.000,9999.000
202605260348,   0.676,9999.000,9999.000,9999.000,9999.000,9999.000,9999.000,9999.000,9999.000
202605260354,   0.702,9999.000,9999.000,9999.000,9999.000,9999.000,9999.000,9999.000,9999.000
202605260400,   0.729,9999.000,   0.100,  -0.030,   0.799,  -0.100,   0.599,   0.300,   0.999
202605260406,   0.758,9999.000,9999.000,9999.000,9999.000,9999.000,9999.000,9999.000,9999.000
202605260412,   0.788,9999.000,9999.000,9999.000,9999.000,9999.000,9999.000,9999.000,9999.000
202605260418,   0.820,9999.000,9999.000,9999.000,9999.000,9999.000,9999.000,9999.000,9999.000
202605260424,   0.853,9999.000,9999.000,9999.000,9999.000,9999.000,9999.000,9999.000,9999.000
202605260430,   0.887,9999.000,9999.000,9999.000,9999.000,9999.000,9999.000,9999.000,9999.000
202605260436,   0.921,9999.000,9999.000,9999.000,9999.000,9999.000,9999.000,9999.000,9999.000
202605260442,   0.957,9999.000,9999.000,9999.000,9999.000,9999.000,9999.000,9999.000,9999.000
202605260448,   0.993,9999.000,9999.000,9999.000,9999.000,9999.000,9999.000,9999.000,9999.000
202605260454,   1.030,9999.000,9999.000,9999.000,9999.000,9999.000,9999.000,9999.000,9999.000
202605260500,   1.067,9999.000,   0.100,  -0.030,   1.137,  -0.100,   0.937,   0.300,   1.337
202605260506,   1.105,9999.000,9999.000,9999.000,9999.000,9999.000,9999.000,9999.000,9999.000
202605260512,   1.143,9999.000,9999.000,9999.000,9999.000,9999.000,9999.000,9999.000,9999.000
202605260518,   1.181,9999.000,9999.000,9999.000,9999.000,9999.000,9999.000,9999.000,9999.000
202605260524,   1.219,9999.000,9999.000,9999.000,9999.000,9999.000,9999.000,9999.000,9999.000
202605260530,   1.258,9999.000,9999.000,9999.000,9999.000,9999.000,9999.000,9999.000,9999.000
202605260536,   1.296,9999.000,9999.000,9999.000,9999.000,9999.000,9999.000,9999.000,9999.000
202605260542,   1.335,9999.000,9999.000,9999.000,9999.000,9999.000,9999.000,9999.000,9999.000
202605260548,   1.374,9999.000,9999.000,9999.000,9999.000,9999.000,9999.000,9999.000,9999.000
202605260554,   1.412,9999.000,9999.000,9999.000,9999.000,9999.000,9999.000,9999.000,9999.000
202605260600,   1.450,9999.000,   0.200,  -0.030,   1.620,   0.000,   1.420,   0.400,   1.820
202605260606,   1.488,9999.000,9999.000,9999.000,9999.000,9999.000,9999.000,9999.000,9999.000
202605260612,   1.526,9999.000,9999.000,9999.000,9999.000,9999.000,9999.000,9999.000,9999.000
202605260618,   1.564,9999.000,9999.000,9999.000,9999.000,9999.000,9999.000,9999.000,9999.000
202605260624,   1.601,9999.000,9999.000,9999.000,9999.000,9999.000,9999.000,9999.000,9999.000
202605260630,   1.637,9999.000,9999.000,9999.000,9999.000,9999.000,9999.000,9999.000,9999.000
202605260636,   1.673,9999.000,9999.000,9999.000,9999.000,9999.000,9999.000,9999.000,9999.000
202605260642,   1.708,9999.000,9999.000,9999.000,9999.000,9999.000,9999.000,9999.000,9999.000
202605260648,   1.743,9999.000,9999.000,9999.000,9999.000,9999.000,9999.000,9999.000,9999.000
202605260654,   1.777,9999.000,9999.000,9999.000,9999.000,9999.000,9999.000,9999.000,9999.000
202605260700,   1.810,9999.000,   0.200,  -0.030,   1.980,   0.000,   1.780,   0.400,   2.180
202605260706,   1.841,9999.000,9999.000,9999.000,9999.000,9999.000,9999.000,9999.000,9999.000
202605260712,   1.872,9999.000,9999.000,9999.000,9999.000,9999.000,9999.000,9999.000,9999.000
202605260718,   1.902,9999.000,9999.000,9999.000,9999.000,9999.000,9999.000,9999.000,9999.000
202605260724,   1.930,9999.000,9999.000,9999.000,9999.000,9999.000,9999.000,9999.000,9999.000
202605260730,   1.957,9999.000,9999.000,9999.000,9999.000,9999.000,9999.000,9999.000,9999.000
202605260736,   1.982,9999.000,9999.000,9999.000,9999.000,9999.000,9999.000,9999.000,9999.000
202605260742,   2.006,9999.000,9999.000,9999.000,9999.000,9999.000,9999.000,9999.000,9999.000
202605260748,   2.029,9999.000,9999.000,9999.000,9999.000,9999.000,9999.000,9999.000,9999.000
202605260754,   2.050,9999.000,9999.000,9999.000,9999.000,9999.000,9999.000,9999.000,9999.000
202605260800,   2.070,9999.000,   0.200,  -0.030,   2.240,   0.000,   2.040,   0.400,   2.440
202605260806,   2.088,9999.000,9999.000,9999.000,9999.000,9999.000,9999.000,9999.000,9999.000
202605260812,   2.105,9999.000,9999.000,9999.000,9999.000,9999.000,9999.000,9999.000,9999.000
202605260818,   2.120,9999.000,9999.000,9999.000,9999.000,9999.000,9999.000,9999.000,9999.000
202605260824,   2.134,9999.000,9999.000,9999.000,9999.000,9999.000,9999.000,9999.000,9999.000
202605260830,   2.146,9999.000,9999.000,9999.000,9999.000,9999.000,9999.000,9999.000,9999.000
202605260836,   2.157,9999.000,9999.000,9999.000,9999.000,9999.000,9999.000,9999.000,9999.000
202605260842,   2.166,9999.000,9999.000,9999.000,9999.000,9999.000,9999.000,9999.000,9999.000
202605260848,   2.174,9999.000,9999.000,9999.000,9999.000,9999.000,9999.000,9999.000,9999.000
202605260854,   2.180,9999.000,9999.000,9999.000,9999.000,9999.000,9999.000,9999.000,9999.000
202605260900,   2.185,9999.000,   0.200,  -0.030,   2.355,   0.000,   2.155,   0.400,   2.555
202605260906,   2.188,9999.000,9999.000,9999.000,9999.000,9999.000,9999.000,9999.000,9999.000
202605260912,   2.190,9999.000,9999.000,9999.000,9999.000,9999.000,9999.000,9999.000,9999.000
202605260918,   2.190,9999.000,9999.000,9999.000,9999.000,9999.000,9999.000,9999.000,9999.000
202605260924,   2.189,9999.000,9999.000,9999.000,9999.000,9999.000,9999.000,9999.000,9999.000
202605260930,   2.186,9999.000,9999.000,9999.000,9999.000,9999.000,9999.000,9999.000,9999.000
202605260936,   2.181,9999.000,9999.000,9999.000,9999.000,9999.000,9999.000,9999.000,9999.000
202605260942,   2.174,9999.000,9999.000,9999.000,9999.000,9999.000,9999.000,9999.000,9999.000
202605260948,   2.166,9999.000,9999.000,9999.000,9999.000,9999.000,9999.000,9999.000,9999.000
202605260954,   2.155,9999.000,9999.000,9999.000,9999.000,9999.000,9999.000,9999.000,9999.000
202605261000,   2.143,9999.000,   0.200,  -0.030,   2.313,   0.000,   2.113,   0.400,   2.513
202605261006,   2.128,9999.000,9999.000,9999.000,9999.000,9999.000,9999.000,9999.000,9999.000
202605261012,   2.112,9999.000,9999.000,9999.000,9999.000,9999.000,9999.000,9999.000,9999.000
202605261018,   2.092,9999.000,9999.000,9999.000,9999.000,9999.000,9999.000,9999.000,9999.000
202605261024,   2.071,9999.000,9999.000,9999.000,9999.000,9999.000,9999.000,9999.000,9999.000
202605261030,   2.047,9999.000,9999.000,9999.000,9999.000,9999.000,9999.000,9999.000,9999.000
202605261036,   2.021,9999.000,9999.000,9999.000,9999.000,9999.000,9999.000,9999.000,9999.000
202605261042,   1.993,9999.000,9999.000,9999.000,9999.000,9999.000,9999.000,9999.000,9999.000
202605261048,   1.962,9999.000,9999.000,9999.000,9999.000,9999.000,9999.000,9999.000,9999.000
202605261054,   1.928,9999.000,9999.000,9999.000,9999.000,9999.000,9999.000,9999.000,9999.000
202605261100,   1.893,9999.000,   0.200,  -0.030,   2.063,   0.000,   1.863,   0.400,   2.263
202605261106,   1.855,9999.000,9999.000,9999.000,9999.000,9999.000,9999.000,9999.000,9999.000
202605261112,   1.815,9999.000,9999.000,9999.000,9999.000,9999.000,9999.000,9999.000,9999.000
202605261118,   1.773,9999.000,9999.000,9999.000,9999.000,9999.000,9999.000,9999.000,9999.000
202605261124,   1.729,9999.000,9999.000,9999.000,9999.000,9999.000,9999.000,9999.000,9999.000
202605261130,   1.683,9999.000,9999.000,9999.000,9999.000,9999.000,9999.000,9999.000,9999.000
202605261136,   1.636,9999.000,9999.000,9999.000,9999.000,9999.000,9999.000,9999.000,9999.000
202605261142,   1.588,9999.000,9999.000,9999.000,9999.000,9999.000,9999.000,9999.000,9999.000
202605261148,   1.539,9999.000,9999.000,9999.000,9999.000,9999.000,9999.000,9999.000,9999.000
202605261154,   1.488,9999.000,9999.000,9999.000,9999.000,9999.000,9999.000,9999.000,9999.000
202605261200,   1.437,9999.000,   0.100,  -0.030,   1.507,   0.000,   1.407,   0.300,   1.707
202605261206,   1.386,9999.000,9999.000,9999.000,9999.000,9999.000,9999.000,9999.000,9999.000
202605261212,   1.334,9999.000,9999.000,9999.000,9999.000,9999.000,9999.000,9999.000,9999.000
202605261218,   1.282,9999.000,9999.000,9999.000,9999.000,9999.000,9999.000,9999.000,9999.000
202605261224,   1.231,9999.000,9999.000,9999.000,9999.000,9999.000,9999.000,9999.000,9999.000
202605261230,   1.180,9999.000,9999.000,9999.000,9999.000,9999.000,9999.000,9999.000,9999.000
202605261236,   1.129,9999.000,9999.000,9999.000,9999.000,9999.000,9999.000,9999.000,9999.000
202605261242,   1.079,9999.000,9999.000,9999.000,9999.000,9999.000,9999.000,9999.000,9999.000
202605261248,   1.030,9999.000,9999.000,9999.000,9999.000,9999.000,9999.000,9999.000,9999.000
202605261254,   0.983,9999.000,9999.000,9999.000,9999.000,9999.000,9999.000,9999.000,9999.000
202605261300,   0.936,9999.000,   0.200,  -0.030,   1.106,   0.000,   0.906,   0.400,   1.306
202605261306,   0.891,9999.000,9999.000,9999.000,9999.000,9999.000,9999.000,9999.000,9999.000
202605261312,   0.847,9999.000,9999.000,9999.000,9999.000,9999.000,9999.000,9999.000,9999.000
202605261318,   0.805,9999.000,9999.000,9999.000,9999.000,9999.000,9999.000,9999.000,9999.000
202605261324,   0.764,9999.000,9999.000,9999.000,9999.000,9999.000,9999.000,9999.000,9999.000
202605261330,   0.726,9999.000,9999.000,9999.000,9999.000,9999.000,9999.000,9999.000,9999.000
202605261336,   0.689,9999.000,9999.000,9999.000,9999.000,9999.000,9999.000,9999.000,9999.000
202605261342,   0.654,9999.000,9999.000,9999.000,9999.000,9999.000,9999.000,9999.000,9999.000
202605261348,   0.621,9999.000,9999.000,9999.000,9999.000,9999.000,9999.000,9999.000,9999.000
202605261354,   0.590,9999.000,9999.000,9999.000,9999.000,9999.000,9999.000,9999.000,9999.000
202605261400,   0.562,9999.000,   0.200,  -0.030,   0.732,   0.000,   0.532,   0.300,   0.832
202605261406,   0.535,9999.000,9999.000,9999.000,9999.000,9999.000,9999.000,9999.000,9999.000
202605261412,   0.511,9999.000,9999.000,9999.000,9999.000,9999.000,9999.000,9999.000,9999.000
202605261418,   0.490,9999.000,9999.000,9999.000,9999.000,9999.000,9999.000,9999.000,9999.000
202605261424,   0.471,9999.000,9999.000,9999.000,9999.000,9999.000,9999.000,9999.000,9999.000
202605261430,   0.454,9999.000,9999.000,9999.000,9999.000,9999.000,9999.000,9999.000,9999.000
202605261436,   0.440,9999.000,9999.000,9999.000,9999.000,9999.000,9999.000,9999.000,9999.000
202605261442,   0.429,9999.000,9999.000,9999.000,9999.000,9999.000,9999.000,9999.000,9999.000
202605261448,   0.420,9999.000,9999.000,9999.000,9999.000,9999.000,9999.000,9999.000,9999.000
202605261454,   0.414,9999.000,9999.000,9999.000,9999.000,9999.000,9999.000,9999.000,9999.000
202605261500,   0.412,9999.000,   0.200,  -0.030,   0.582,   0.100,   0.482,   0.400,   0.782
202605261506,   0.412,9999.000,9999.000,9999.000,9999.000,9999.000,9999.000,9999.000,9999.000
202605261512,   0.414,9999.000,9999.000,9999.000,9999.000,9999.000,9999.000,9999.000,9999.000
202605261518,   0.420,9999.000,9999.000,9999.000,9999.000,9999.000,9999.000,9999.000,9999.000
202605261524,   0.429,9999.000,9999.000,9999.000,9999.000,9999.000,9999.000,9999.000,9999.000
202605261530,   0.440,9999.000,9999.000,9999.000,9999.000,9999.000,9999.000,9999.000,9999.000
202605261536,   0.454,9999.000,9999.000,9999.000,9999.000,9999.000,9999.000,9999.000,9999.000
202605261542,   0.471,9999.000,9999.000,9999.000,9999.000,9999.000,9999.000,9999.000,9999.000
202605261548,   0.491,9999.000,9999.000,9999.000,9999.000,9999.000,9999.000,9999.000,9999.000
202605261554,   0.513,9999.000,9999.000,9999.000,9999.000,9999.000,9999.000,9999.000,9999.000
202605261600,   0.538,9999.000,   0.300,  -0.030,   0.808,   0.100,   0.608,   0.500,   1.008
202605261606,   0.565,9999.000,9999.000,9999.000,9999.000,9999.000,9999.000,9999.000,9999.000
202605261612,   0.594,9999.000,9999.000,9999.000,9999.000,9999.000,9999.000,9999.000,9999.000
202605261618,   0.625,9999.000,9999.000,9999.000,9999.000,9999.000,9999.000,9999.000,9999.000
202605261624,   0.658,9999.000,9999.000,9999.000,9999.000,9999.000,9999.000,9999.000,9999.000
202605261630,   0.694,9999.000,9999.000,9999.000,9999.000,9999.000,9999.000,9999.000,9999.000
202605261636,   0.730,9999.000,9999.000,9999.000,9999.000,9999.000,9999.000,9999.000,9999.000
202605261642,   0.769,9999.000,9999.000,9999.000,9999.000,9999.000,9999.000,9999.000,9999.000
202605261648,   0.808,9999.000,9999.000,9999.000,9999.000,9999.000,9999.000,9999.000,9999.000
202605261654,   0.849,9999.000,9999.000,9999.000,9999.000,9999.000,9999.000,9999.000,9999.000
202605261700,   0.891,9999.000,   0.300,  -0.030,   1.161,   0.100,   0.961,   0.500,   1.361
202605261706,   0.934,9999.000,9999.000,9999.000,9999.000,9999.000,9999.000,9999.000,9999.000
202605261712,   0.977,9999.000,9999.000,9999.000,9999.000,9999.000,9999.000,9999.000,9999.000
202605261718,   1.022,9999.000,9999.000,9999.000,9999.000,9999.000,9999.000,9999.000,9999.000
202605261724,   1.067,9999.000,9999.000,9999.000,9999.000,9999.000,9999.000,9999.000,9999.000
202605261730,   1.112,9999.000,9999.000,9999.000,9999.000,9999.000,9999.000,9999.000,9999.000
202605261736,   1.158,9999.000,9999.000,9999.000,9999.000,9999.000,9999.000,9999.000,9999.000
202605261742,   1.204,9999.000,9999.000,9999.000,9999.000,9999.000,9999.000,9999.000,9999.000
202605261748,   1.251,9999.000,9999.000,9999.000,9999.000,9999.000,9999.000,9999.000,9999.000
202605261754,   1.297,9999.000,9999.000,9999.000,9999.000,9999.000,9999.000,9999.000,9999.000
202605261800,   1.344,9999.000,   0.300,  -0.030,   1.614,   0.200,   1.514,   0.500,   1.814
202605261806,   1.391,9999.000,9999.000,9999.000,9999.000,9999.000,9999.000,9999.000,9999.000
202605261812,   1.438,9999.000,9999.000,9999.000,9999.000,9999.000,9999.000,9999.000,9999.000
202605261818,   1.485,9999.000,9999.000,9999.000,9999.000,9999.000,9999.000,9999.000,9999.000
202605261824,   1.532,9999.000,9999.000,9999.000,9999.000,9999.000,9999.000,9999.000,9999.000
202605261830,   1.578,9999.000,9999.000,9999.000,9999.000,9999.000,9999.000,9999.000,9999.000
202605261836,   1.624,9999.000,9999.000,9999.000,9999.000,9999.000,9999.000,9999.000,9999.000
202605261842,   1.670,9999.000,9999.000,9999.000,9999.000,9999.000,9999.000,9999.000,9999.000
202605261848,   1.716,9999.000,9999.000,9999.000,9999.000,9999.000,9999.000,9999.000,9999.000
202605261854,   1.761,9999.000,9999.000,9999.000,9999.000,9999.000,9999.000,9999.000,9999.000
202605261900,   1.805,9999.000,   0.300,  -0.030,   2.075,   0.200,   1.975,   0.400,   2.175
202605261906,   1.849,9999.000,9999.000,9999.000,9999.000,9999.000,9999.000,9999.000,9999.000
202605261912,   1.891,9999.000,9999.000,9999.000,9999.000,9999.000,9999.000,9999.000,9999.000
202605261918,   1.933,9999.000,9999.000,9999.000,9999.000,9999.000,9999.000,9999.000,9999.000
202605261924,   1.974,9999.000,9999.000,9999.000,9999.000,9999.000,9999.000,9999.000,9999.000
202605261930,   2.014,9999.000,9999.000,9999.000,9999.000,9999.000,9999.000,9999.000,9999.000
202605261936,   2.052,9999.000,9999.000,9999.000,9999.000,9999.000,9999.000,9999.000,9999.000
202605261942,   2.089,9999.000,9999.000,9999.000,9999.000,9999.000,9999.000,9999.000,9999.000
202605261948,   2.125,9999.000,9999.000,9999.000,9999.000,9999.000,9999.000,9999.000,9999.000
202605261954,   2.160,9999.000,9999.000,9999.000,9999.000,9999.000,9999.000,9999.000,9999.000
202605262000,   2.192,9999.000,   0.400,  -0.030,   2.562,   0.200,   2.362,   0.500,   2.662
202605262006,   2.224,9999.000,9999.000,9999.000,9999.000,9999.000,9999.000,9999.000,9999.000
202605262012,   2.253,9999.000,9999.000,9999.000,9999.000,9999.000,9999.000,9999.000,9999.000
202605262018,   2.281,9999.000,9999.000,9999.000,9999.000,9999.000,9999.000,9999.000,9999.000
202605262024,   2.307,9999.000,9999.000,9999.000,9999.000,9999.000,9999.000,9999.000,9999.000
202605262030,   2.332,9999.000,9999.000,9999.000,9999.000,9999.000,9999.000,9999.000,9999.000
202605262036,   2.355,9999.000,9999.000,9999.000,9999.000,9999.000,9999.000,9999.000,9999.000
202605262042,   2.376,9999.000,9999.000,9999.000,9999.000,9999.000,9999.000,9999.000,9999.000
202605262048,   2.395,9999.000,9999.000,9999.000,9999.000,9999.000,9999.000,9999.000,9999.000
202605262054,   2.413,9999.000,9999.000,9999.000,9999.000,9999.000,9999.000,9999.000,9999.000
202605262100,   2.429,9999.000,   0.400,  -0.030,   2.799,   0.300,   2.699,   0.600,   2.999
202605262106,   2.443,9999.000,9999.000,9999.000,9999.000,9999.000,9999.000,9999.000,9999.000
202605262112,   2.456,9999.000,9999.000,9999.000,9999.000,9999.000,9999.000,9999.000,9999.000
202605262118,   2.467,9999.000,9999.000,9999.000,9999.000,9999.000,9999.000,9999.000,9999.000
202605262124,   2.477,9999.000,9999.000,9999.000,9999.000,9999.000,9999.000,9999.000,9999.000
202605262130,   2.484,9999.000,9999.000,9999.000,9999.000,9999.000,9999.000,9999.000,9999.000
202605262136,   2.490,9999.000,9999.000,9999.000,9999.000,9999.000,9999.000,9999.000,9999.000
202605262142,   2.494,9999.000,9999.000,9999.000,9999.000,9999.000,9999.000,9999.000,9999.000
202605262148,   2.497,9999.000,9999.000,9999.000,9999.000,9999.000,9999.000,9999.000,9999.000
202605262154,   2.497,9999.000,9999.000,9999.000,9999.000,9999.000,9999.000,9999.000,9999.000
202605262200,   2.496,9999.000,   0.500,  -0.030,   2.966,   0.300,   2.766,   0.600,   3.066
202605262206,   2.492,9999.000,9999.000,9999.000,9999.000,9999.000,9999.000,9999.000,9999.000
202605262212,   2.487,9999.000,9999.000,9999.000,9999.000,9999.000,9999.000,9999.000,9999.000
202605262218,   2.479,9999.000,9999.000,9999.000,9999.000,9999.000,9999.000,9999.000,9999.000
202605262224,   2.469,9999.000,9999.000,9999.000,9999.000,9999.000,9999.000,9999.000,9999.000
202605262230,   2.457,9999.000,9999.000,9999.000,9999.000,9999.000,9999.000,9999.000,9999.000
202605262236,   2.442,9999.000,9999.000,9999.000,9999.000,9999.000,9999.000,9999.000,9999.000
202605262242,   2.425,9999.000,9999.000,9999.000,9999.000,9999.000,9999.000,9999.000,9999.000
202605262248,   2.406,9999.000,9999.000,9999.000,9999.000,9999.000,9999.000,9999.000,9999.000
202605262254,   2.383,9999.000,9999.000,9999.000,9999.000,9999.000,9999.000,9999.000,9999.000
202605262300,   2.359,9999.000,   0.500,  -0.030,   2.829,   0.300,   2.629,   0.600,   2.929
202605262306,   2.331,9999.000,9999.000,9999.000,9999.000,9999.000,9999.000,9999.000,9999.000
202605262312,   2.301,9999.000,9999.000,9999.000,9999.000,9999.000,9999.000,9999.000,9999.000
202605262318,   2.269,9999.000,9999.000,9999.000,9999.000,9999.000,9999.000,9999.000,9999.000
202605262324,   2.234,9999.000,9999.000,9999.000,9999.000,9999.000,9999.000,9999.000,9999.000
202605262330,   2.196,9999.000,9999.000,9999.000,9999.000,9999.000,9999.000,9999.000,9999.000
202605262336,   2.156,9999.000,9999.000,9999.000,9999.000,9999.000,9999.000,9999.000,9999.000
202605262342,   2.114,9999.000,9999.000,9999.000,9999.000,9999.000,9999.000,9999.000,9999.000
202605262348,   2.069,9999.000,9999.000,9999.000,9999.000,9999.000,9999.000,9999.000,9999.000
202605262354,   2.023,9999.000,9999.000,9999.000,9999.000,9999.000,9999.000,9999.000,9999.000
202605270000,   1.975,9999.000,   0.500,  -0.030,   2.445,   0.300,   2.245,   0.500,   2.445
202605270006,   1.925,9999.000,9999.000,9999.000,9999.000,9999.000,9999.000,9999.000,9999.000
202605270012,   1.874,9999.000,9999.000,9999.000,9999.000,9999.000,9999.000,9999.000,9999.000
202605270018,   1.822,9999.000,9999.000,9999.000,9999.000,9999.000,9999.000,9999.000,9999.000
202605270024,   1.769,9999.000,9999.000,9999.000,9999.000,9999.000,9999.000,9999.000,9999.000
202605270030,   1.715,9999.000,9999.000,9999.000,9999.000,9999.000,9999.000,9999.000,9999.000
202605270036,   1.660,9999.000,9999.000,9999.000,9999.000,9999.000,9999.000,9999.000,9999.000
202605270042,   1.606,9999.000,9999.000,9999.000,9999.000,9999.000,9999.000,9999.000,9999.000
202605270048,   1.551,9999.000,9999.000,9999.000,9999.000,9999.000,9999.000,9999.000,9999.000
202605270054,   1.496,9999.000,9999.000,9999.000,9999.000,9999.000,9999.000,9999.000,9999.000
202605270100,   1.441,9999.000,   0.400,  -0.030,   1.811,   0.300,   1.711,   0.500,   1.911
202605270106,   1.387,9999.000,9999.000,9999.000,9999.000,9999.000,9999.000,9999.000,9999.000
202605270112,   1.333,9999.000,9999.000,9999.000,9999.000,9999.000,9999.000,9999.000,9999.000
202605270118,   1.281,9999.000,9999.000,9999.000,9999.000,9999.000,9999.000,9999.000,9999.000
202605270124,   1.229,9999.000,9999.000,9999.000,9999.000,9999.000,9999.000,9999.000,9999.000
202605270130,   1.178,9999.000,9999.000,9999.000,9999.000,9999.000,9999.000,9999.000,9999.000
202605270136,   1.128,9999.000,9999.000,9999.000,9999.000,9999.000,9999.000,9999.000,9999.000
202605270142,   1.080,9999.000,9999.000,9999.000,9999.000,9999.000,9999.000,9999.000,9999.000
202605270148,   1.033,9999.000,9999.000,9999.000,9999.000,9999.000,9999.000,9999.000,9999.000
202605270154,   0.988,9999.000,9999.000,9999.000,9999.000,9999.000,9999.000,9999.000,9999.000
202605270200,   0.944,9999.000,   0.400,  -0.030,   1.314,   0.300,   1.214,   0.500,   1.414
202605270206,   0.902,9999.000,9999.000,9999.000,9999.000,9999.000,9999.000,9999.000,9999.000
202605270212,   0.862,9999.000,9999.000,9999.000,9999.000,9999.000,9999.000,9999.000,9999.000
202605270218,   0.824,9999.000,9999.000,9999.000,9999.000,9999.000,9999.000,9999.000,9999.000
202605270224,   0.787,9999.000,9999.000,9999.000,9999.000,9999.000,9999.000,9999.000,9999.000
202605270230,   0.753,9999.000,9999.000,9999.000,9999.000,9999.000,9999.000,9999.000,9999.000
202605270236,   0.721,9999.000,9999.000,9999.000,9999.000,9999.000,9999.000,9999.000,9999.000
202605270242,   0.691,9999.000,9999.000,9999.000,9999.000,9999.000,9999.000,9999.000,9999.000
202605270248,   0.663,9999.000,9999.000,9999.000,9999.000,9999.000,9999.000,9999.000,9999.000
202605270254,   0.638,9999.000,9999.000,9999.000,9999.000,9999.000,9999.000,9999.000,9999.000
202605270300,   0.615,9999.000,   0.400,  -0.030,   0.985,   0.300,   0.885,   0.500,   1.085
202605270306,   0.595,9999.000,9999.000,9999.000,9999.000,9999.000,9999.000,9999.000,9999.000
202605270312,   0.577,9999.000,9999.000,9999.000,9999.000,9999.000,9999.000,9999.000,9999.000
202605270318,   0.562,9999.000,9999.000,9999.000,9999.000,9999.000,9999.000,9999.000,9999.000
202605270324,   0.550,9999.000,9999.000,9999.000,9999.000,9999.000,9999.000,9999.000,9999.000
202605270330,   0.540,9999.000,9999.000,9999.000,9999.000,9999.000,9999.000,9999.000,9999.000
202605270336,   0.534,9999.000,9999.000,9999.000,9999.000,9999.000,9999.000,9999.000,9999.000
202605270342,   0.530,9999.000,9999.000,9999.000,9999.000,9999.000,9999.000,9999.000,9999.000
202605270348,   0.529,9999.000,9999.000,9999.000,9999.000,9999.000,9999.000,9999.000,9999.000
202605270354,   0.531,9999.000,9999.000,9999.000,9999.000,9999.000,9999.000,9999.000,9999.000
202605270400,   0.536,9999.000,   0.400,  -0.030,   0.906,   0.300,   0.806,   0.500,   1.006
202605270406,   0.543,9999.000,9999.000,9999.000,9999.000,9999.000,9999.000,9999.000,9999.000
202605270412,   0.553,9999.000,9999.000,9999.000,9999.000,9999.000,9999.000,9999.000,9999.000
202605270418,   0.566,9999.000,9999.000,9999.000,9999.000,9999.000,9999.000,9999.000,9999.000
202605270424,   0.581,9999.000,9999.000,9999.000,9999.000,9999.000,9999.000,9999.000,9999.000
202605270430,   0.599,9999.000,9999.000,9999.000,9999.000,9999.000,9999.000,9999.000,9999.000
202605270436,   0.619,9999.000,9999.000,9999.000,9999.000,9999.000,9999.000,9999.000,9999.000
202605270442,   0.641,9999.000,9999.000,9999.000,9999.000,9999.000,9999.000,9999.000,9999.000
202605270448,   0.665,9999.000,9999.000,9999.000,9999.000,9999.000,9999.000,9999.000,9999.000
202605270454,   0.691,9999.000,9999.000,9999.000,9999.000,9999.000,9999.000,9999.000,9999.000
202605270500,   0.719,9999.000,   0.400,  -0.030,   1.089,   0.300,   0.989,   0.500,   1.189
202605270506,   0.748,9999.000,9999.000,9999.000,9999.000,9999.000,9999.000,9999.000,9999.000
202605270512,   0.779,9999.000,9999.000,9999.000,9999.000,9999.000,9999.000,9999.000,9999.000
202605270518,   0.811,9999.000,9999.000,9999.000,9999.000,9999.000,9999.000,9999.000,9999.000
202605270524,   0.844,9999.000,9999.000,9999.000,9999.000,9999.000,9999.000,9999.000,9999.000
202605270530,   0.879,9999.000,9999.000,9999.000,9999.000,9999.000,9999.000,9999.000,9999.000
202605270536,   0.914,9999.000,9999.000,9999.000,9999.000,9999.000,9999.000,9999.000,9999.000
202605270542,   0.950,9999.000,9999.000,9999.000,9999.000,9999.000,9999.000,9999.000,9999.000
202605270548,   0.987,9999.000,9999.000,9999.000,9999.000,9999.000,9999.000,9999.000,9999.000
202605270554,   1.024,9999.000,9999.000,9999.000,9999.000,9999.000,9999.000,9999.000,9999.000
202605270600,   1.062,9999.000,   0.500,  -0.030,   1.532,   0.400,   1.432,   0.600,   1.632
202605270606,   1.100,9999.000,9999.000,9999.000,9999.000,9999.000,9999.000,9999.000,9999.000
202605270612,   1.139,9999.000,9999.000,9999.000,9999.000,9999.000,9999.000,9999.000,9999.000
202605270618,   1.178,9999.000,9999.000,9999.000,9999.000,9999.000,9999.000,9999.000,9999.000
202605270624,   1.217,9999.000,9999.000,9999.000,9999.000,9999.000,9999.000,9999.000,9999.000
202605270630,   1.256,9999.000,9999.000,9999.000,9999.000,9999.000,9999.000,9999.000,9999.000
202605270636,   1.295,9999.000,9999.000,9999.000,9999.000,9999.000,9999.000,9999.000,9999.000
202605270642,   1.334,9999.000,9999.000,9999.000,9999.000,9999.000,9999.000,9999.000,9999.000
202605270648,   1.373,9999.000,9999.000,9999.000,9999.000,9999.000,9999.000,9999.000,9999.000
202605270654,   1.412,9999.000,9999.000,9999.000,9999.000,9999.000,9999.000,9999.000,9999.000
202605270700,   1.451,9999.000,   0.500,  -0.030,   1.921,   0.400,   1.821,   0.600,   2.021
202605270706,   1.489,9999.000,9999.000,9999.000,9999.000,9999.000,9999.000,9999.000,9999.000
202605270712,   1.527,9999.000,9999.000,9999.000,9999.000,9999.000,9999.000,9999.000,9999.000
202605270718,   1.564,9999.000,9999.000,9999.000,9999.000,9999.000,9999.000,9999.000,9999.000
202605270724,   1.601,9999.000,9999.000,9999.000,9999.000,9999.000,9999.000,9999.000,9999.000
202605270730,   1.637,9999.000,9999.000,9999.000,9999.000,9999.000,9999.000,9999.000,9999.000
202605270736,   1.672,9999.000,9999.000,9999.000,9999.000,9999.000,9999.000,9999.000,9999.000
202605270742,   1.706,9999.000,9999.000,9999.000,9999.000,9999.000,9999.000,9999.000,9999.000
202605270748,   1.739,9999.000,9999.000,9999.000,9999.000,9999.000,9999.000,9999.000,9999.000
202605270754,   1.771,9999.000,9999.000,9999.000,9999.000,9999.000,9999.000,9999.000,9999.000
202605270800,   1.802,9999.000,   0.500,  -0.030,   2.272,   0.400,   2.172,   0.600,   2.372
202605270806,   1.832,9999.000,9999.000,9999.000,9999.000,9999.000,9999.000,9999.000,9999.000
202605270812,   1.860,9999.000,9999.000,9999.000,9999.000,9999.000,9999.000,9999.000,9999.000
202605270818,   1.886,9999.000,9999.000,9999.000,9999.000,9999.000,9999.000,9999.000,9999.000
202605270824,   1.912,9999.000,9999.000,9999.000,9999.000,9999.000,9999.000,9999.000,9999.000
202605270830,   1.935,9999.000,9999.000,9999.000,9999.000,9999.000,9999.000,9999.000,9999.000
202605270836,   1.957,9999.000,9999.000,9999.000,9999.000,9999.000,9999.000,9999.000,9999.000
202605270842,   1.978,9999.000,9999.000,9999.000,9999.000,9999.000,9999.000,9999.000,9999.000
202605270848,   1.996,9999.000,9999.000,9999.000,9999.000,9999.000,9999.000,9999.000,9999.000
202605270854,   2.014,9999.000,9999.000,9999.000,9999.000,9999.000,9999.000,9999.000,9999.000
202605270900,   2.029,9999.000,   0.500,  -0.030,   2.499,   0.300,   2.299,   0.600,   2.599
202605270906,   2.043,9999.000,9999.000,9999.000,9999.000,9999.000,9999.000,9999.000,9999.000
202605270912,   2.055,9999.000,9999.000,9999.000,9999.000,9999.000,9999.000,9999.000,9999.000
202605270918,   2.066,9999.000,9999.000,9999.000,9999.000,9999.000,9999.000,9999.000,9999.000
202605270924,   2.075,9999.000,9999.000,9999.000,9999.000,9999.000,9999.000,9999.000,9999.000
202605270930,   2.082,9999.000,9999.000,9999.000,9999.000,9999.000,9999.000,9999.000,9999.000
202605270936,   2.088,9999.000,9999.000,9999.000,9999.000,9999.000,9999.000,9999.000,9999.000
202605270942,   2.092,9999.000,9999.000,9999.000,9999.000,9999.000,9999.000,9999.000,9999.000
202605270948,   2.095,9999.000,9999.000,9999.000,9999.000,9999.000,9999.000,9999.000,9999.000
202605270954,   2.097,9999.000,9999.000,9999.000,9999.000,9999.000,9999.000,9999.000,9999.000
202605271000,   2.097,9999.000,   0.400,  -0.030,   2.467,   0.300,   2.367,   0.500,   2.567
202605271006,   2.095,9999.000,9999.000,9999.000,9999.000,9999.000,9999.000,9999.000,9999.000
202605271012,   2.092,9999.000,9999.000,9999.000,9999.000,9999.000,9999.000,9999.000,9999.000
202605271018,   2.087,9999.000,9999.000,9999.000,9999.000,9999.000,9999.000,9999.000,9999.000
202605271024,   2.081,9999.000,9999.000,9999.000,9999.000,9999.000,9999.000,9999.000,9999.000
202605271030,   2.073,9999.000,9999.000,9999.000,9999.000,9999.000,9999.000,9999.000,9999.000
202605271036,   2.063,9999.000,9999.000,9999.000,9999.000,9999.000,9999.000,9999.000,9999.000
202605271042,   2.052,9999.000,9999.000,9999.000,9999.000,9999.000,9999.000,9999.000,9999.000
202605271048,   2.038,9999.000,9999.000,9999.000,9999.000,9999.000,9999.000,9999.000,9999.000
202605271054,   2.023,9999.000,9999.000,9999.000,9999.000,9999.000,9999.000,9999.000,9999.000
202605271100,   2.005,9999.000,   0.400,  -0.030,   2.375,   0.300,   2.275,   0.600,   2.575
202605271106,   1.986,9999.000,9999.000,9999.000,9999.000,9999.000,9999.000,9999.000,9999.000
202605271112,   1.964,9999.000,9999.000,9999.000,9999.000,9999.000,9999.000,9999.000,9999.000
202605271118,   1.940,9999.000,9999.000,9999.000,9999.000,9999.000,9999.000,9999.000,9999.000
202605271124,   1.914,9999.000,9999.000,9999.000,9999.000,9999.000,9999.000,9999.000,9999.000
202605271130,   1.886,9999.000,9999.000,9999.000,9999.000,9999.000,9999.000,9999.000,9999.000
202605271136,   1.855,9999.000,9999.000,9999.000,9999.000,9999.000,9999.000,9999.000,9999.000
202605271142,   1.823,9999.000,9999.000,9999.000,9999.000,9999.000,9999.000,9999.000,9999.000
202605271148,   1.788,9999.000,9999.000,9999.000,9999.000,9999.000,9999.000,9999.000,9999.000
202605271154,   1.751,9999.000,9999.000,9999.000,9999.000,9999.000,9999.000,9999.000,9999.000
202605271200,   1.713,9999.000,   0.400,  -0.030,   2.083,   0.300,   1.983,   0.500,   2.183
202605271206,   1.672,9999.000,9999.000,9999.000,9999.000,9999.000,9999.000,9999.000,9999.000
202605271212,   1.630,9999.000,9999.000,9999.000,9999.000,9999.000,9999.000,9999.000,9999.000
202605271218,   1.586,9999.000,9999.000,9999.000,9999.000,9999.000,9999.000,9999.000,9999.000
202605271224,   1.540,9999.000,9999.000,9999.000,9999.000,9999.000,9999.000,9999.000,9999.000
202605271230,   1.494,9999.000,9999.000,9999.000,9999.000,9999.000,9999.000,9999.000,9999.000
202605271236,   1.446,9999.000,9999.000,9999.000,9999.000,9999.000,9999.000,9999.000,9999.000
202605271242,   1.398,9999.000,9999.000,9999.000,9999.000,9999.000,9999.000,9999.000,9999.000
202605271248,   1.349,9999.000,9999.000,9999.000,9999.000,9999.000,9999.000,9999.000,9999.000
202605271254,   1.300,9999.000,9999.000,9999.000,9999.000,9999.000,9999.000,9999.000,9999.000
202605271300,   1.250,9999.000,   0.400,  -0.030,   1.620,   0.300,   1.520,   0.500,   1.720
202605271306,   1.201,9999.000,9999.000,9999.000,9999.000,9999.000,9999.000,9999.000,9999.000
202605271312,   1.151,9999.000,9999.000,9999.000,9999.000,9999.000,9999.000,9999.000,9999.000
202605271318,   1.102,9999.000,9999.000,9999.000,9999.000,9999.000,9999.000,9999.000,9999.000
202605271324,   1.054,9999.000,9999.000,9999.000,9999.000,9999.000,9999.000,9999.000,9999.000
202605271330,   1.006,9999.000,9999.000,9999.000,9999.000,9999.000,9999.000,9999.000,9999.000
202605271336,   0.960,9999.000,9999.000,9999.000,9999.000,9999.000,9999.000,9999.000,9999.000
202605271342,   0.914,9999.000,9999.000,9999.000,9999.000,9999.000,9999.000,9999.000,9999.000
202605271348,   0.869,9999.000,9999.000,9999.000,9999.000,9999.000,9999.000,9999.000,9999.000
202605271354,   0.826,9999.000,9999.000,9999.000,9999.000,9999.000,9999.000,9999.000,9999.000
202605271400,   0.785,9999.000,   0.400,  -0.030,   1.155,   0.300,   1.055,   0.500,   1.255
202605271406,   0.745,9999.000,9999.000,9999.000,9999.000,9999.000,9999.000,9999.000,9999.000
202605271412,   0.706,9999.000,9999.000,9999.000,9999.000,9999.000,9999.000,9999.000,9999.000
202605271418,   0.669,9999.000,9999.000,9999.000,9999.000,9999.000,9999.000,9999.000,9999.000
202605271424,   0.635,9999.000,9999.000,9999.000,9999.000,9999.000,9999.000,9999.000,9999.000
202605271430,   0.602,9999.000,9999.000,9999.000,9999.000,9999.000,9999.000,9999.000,9999.000
202605271436,   0.571,9999.000,9999.000,9999.000,9999.000,9999.000,9999.000,9999.000,9999.000
202605271442,   0.542,9999.000,9999.000,9999.000,9999.000,9999.000,9999.000,9999.000,9999.000
202605271448,   0.515,9999.000,9999.000,9999.000,9999.000,9999.000,9999.000,9999.000,9999.000
202605271454,   0.490,9999.000,9999.000,9999.000,9999.000,9999.000,9999.000,9999.000,9999.000
202605271500,   0.468,9999.000,   0.400,  -0.030,   0.838,   0.300,   0.738,   0.500,   0.938
202605271506,   0.448,9999.000,9999.000,9999.000,9999.000,9999.000,9999.000,9999.000,9999.000
202605271512,   0.431,9999.000,9999.000,9999.000,9999.000,9999.000,9999.000,9999.000,9999.000
202605271518,   0.416,9999.000,9999.000,9999.000,9999.000,9999.000,9999.000,9999.000,9999.000
202605271524,   0.403,9999.000,9999.000,9999.000,9999.000,9999.000,9999.000,9999.000,9999.000
202605271530,   0.394,9999.000,9999.000,9999.000,9999.000,9999.000,9999.000,9999.000,9999.000
202605271536,   0.387,9999.000,9999.000,9999.000,9999.000,9999.000,9999.000,9999.000,9999.000
202605271542,   0.382,9999.000,9999.000,9999.000,9999.000,9999.000,9999.000,9999.000,9999.000
202605271548,   0.381,9999.000,9999.000,9999.000,9999.000,9999.000,9999.000,9999.000,9999.000
202605271554,   0.382,9999.000,9999.000,9999.000,9999.000,9999.000,9999.000,9999.000,9999.000
202605271600,   0.387,9999.000,   0.400,  -0.030,   0.757,   0.300,   0.657,   0.500,   0.857
202605271606,   0.394,9999.000,9999.000,9999.000,9999.000,9999.000,9999.000,9999.000,9999.000
202605271612,   0.404,9999.000,9999.000,9999.000,9999.000,9999.000,9999.000,9999.000,9999.000
202605271618,   0.417,9999.000,9999.000,9999.000,9999.000,9999.000,9999.000,9999.000,9999.000
202605271624,   0.433,9999.000,9999.000,9999.000,9999.000,9999.000,9999.000,9999.000,9999.000
202605271630,   0.451,9999.000,9999.000,9999.000,9999.000,9999.000,9999.000,9999.000,9999.000
202605271636,   0.473,9999.000,9999.000,9999.000,9999.000,9999.000,9999.000,9999.000,9999.000
202605271642,   0.497,9999.000,9999.000,9999.000,9999.000,9999.000,9999.000,9999.000,9999.000
202605271648,   0.524,9999.000,9999.000,9999.000,9999.000,9999.000,9999.000,9999.000,9999.000
202605271654,   0.553,9999.000,9999.000,9999.000,9999.000,9999.000,9999.000,9999.000,9999.000
202605271700,   0.584,9999.000,   0.400,  -0.030,   0.954,   0.300,   0.854,   0.500,   1.054
202605271706,   0.618,9999.000,9999.000,9999.000,9999.000,9999.000,9999.000,9999.000,9999.000
202605271712,   0.653,9999.000,9999.000,9999.000,9999.000,9999.000,9999.000,9999.000,9999.000
202605271718,   0.691,9999.000,9999.000,9999.000,9999.000,9999.000,9999.000,9999.000,9999.000
202605271724,   0.730,9999.000,9999.000,9999.000,9999.000,9999.000,9999.000,9999.000,9999.000
202605271730,   0.771,9999.000,9999.000,9999.000,9999.000,9999.000,9999.000,9999.000,9999.000
202605271736,   0.813,9999.000,9999.000,9999.000,9999.000,9999.000,9999.000,9999.000,9999.000
202605271742,   0.857,9999.000,9999.000,9999.000,9999.000,9999.000,9999.000,9999.000,9999.000
202605271748,   0.902,9999.000,9999.000,9999.000,9999.000,9999.000,9999.000,9999.000,9999.000
202605271754,   0.948,9999.000,9999.000,9999.000,9999.000,9999.000,9999.000,9999.000,9999.000
202605271800,   0.994,9999.000,   0.500,  -0.030,   1.464,   0.400,   1.364,   0.600,   1.564
202605271806,   1.042,9999.000,9999.000,9999.000,9999.000,9999.000,9999.000,9999.000,9999.000
202605271812,   1.090,9999.000,9999.000,9999.000,9999.000,9999.000,9999.000,9999.000,9999.000
202605271818,   1.138,9999.000,9999.000,9999.000,9999.000,9999.000,9999.000,9999.000,9999.000
202605271824,   1.187,9999.000,9999.000,9999.000,9999.000,9999.000,9999.000,9999.000,9999.000
202605271830,   1.237,9999.000,9999.000,9999.000,9999.000,9999.000,9999.000,9999.000,9999.000
202605271836,   1.286,9999.000,9999.000,9999.000,9999.000,9999.000,9999.000,9999.000,9999.000
202605271842,   1.336,9999.000,9999.000,9999.000,9999.000,9999.000,9999.000,9999.000,9999.000
202605271848,   1.386,9999.000,9999.000,9999.000,9999.000,9999.000,9999.000,9999.000,9999.000
202605271854,   1.435,9999.000,9999.000,9999.000,9999.000,9999.000,9999.000,9999.000,9999.000
202605271900,   1.485,9999.000,   0.500,  -0.030,   1.955,   0.400,   1.855,   0.600,   2.055
202605271906,   1.535,9999.000,9999.000,9999.000,9999.000,9999.000,9999.000,9999.000,9999.000
202605271912,   1.584,9999.000,9999.000,9999.000,9999.000,9999.000,9999.000,9999.000,9999.000
202605271918,   1.633,9999.000,9999.000,9999.000,9999.000,9999.000,9999.000,9999.000,9999.000
202605271924,   1.682,9999.000,9999.000,9999.000,9999.000,9999.000,9999.000,9999.000,9999.000
202605271930,   1.730,9999.000,9999.000,9999.000,9999.000,9999.000,9999.000,9999.000,9999.000
202605271936,   1.777,9999.000,9999.000,9999.000,9999.000,9999.000,9999.000,9999.000,9999.000
202605271942,   1.824,9999.000,9999.000,9999.000,9999.000,9999.000,9999.000,9999.000,9999.000
202605271948,   1.871,9999.000,9999.000,9999.000,9999.000,9999.000,9999.000,9999.000,9999.000
202605271954,   1.916,9999.000,9999.000,9999.000,9999.000,9999.000,9999.000,9999.000,9999.000
202605272000,   1.960,9999.000,   0.500,  -0.030,   2.430,   0.400,   2.330,   0.600,   2.530
202605272006,   2.003,9999.000,9999.000,9999.000,9999.000,9999.000,9999.000,9999.000,9999.000
202605272012,   2.045,9999.000,9999.000,9999.000,9999.000,9999.000,9999.000,9999.000,9999.000
202605272018,   2.086,9999.000,9999.000,9999.000,9999.000,9999.000,9999.000,9999.000,9999.000
202605272024,   2.126,9999.000,9999.000,9999.000,9999.000,9999.000,9999.000,9999.000,9999.000
202605272030,   2.164,9999.000,9999.000,9999.000,9999.000,9999.000,9999.000,9999.000,9999.000
202605272036,   2.200,9999.000,9999.000,9999.000,9999.000,9999.000,9999.000,9999.000,9999.000
202605272042,   2.235,9999.000,9999.000,9999.000,9999.000,9999.000,9999.000,9999.000,9999.000
202605272048,   2.268,9999.000,9999.000,9999.000,9999.000,9999.000,9999.000,9999.000,9999.000
202605272054,   2.299,9999.000,9999.000,9999.000,9999.000,9999.000,9999.000,9999.000,9999.000
202605272100,   2.329,9999.000,   0.500,  -0.030,   2.799,   0.400,   2.699,   0.600,   2.899
202605272106,   2.357,9999.000,9999.000,9999.000,9999.000,9999.000,9999.000,9999.000,9999.000
202605272112,   2.383,9999.000,9999.000,9999.000,9999.000,9999.000,9999.000,9999.000,9999.000
202605272118,   2.407,9999.000,9999.000,9999.000,9999.000,9999.000,9999.000,9999.000,9999.000
202605272124,   2.429,9999.000,9999.000,9999.000,9999.000,9999.000,9999.000,9999.000,9999.000
202605272130,   2.449,9999.000,9999.000,9999.000,9999.000,9999.000,9999.000,9999.000,9999.000
202605272136,   2.468,9999.000,9999.000,9999.000,9999.000,9999.000,9999.000,9999.000,9999.000
202605272142,   2.485,9999.000,9999.000,9999.000,9999.000,9999.000,9999.000,9999.000,9999.000
202605272148,   2.500,9999.000,9999.000,9999.000,9999.000,9999.000,9999.000,9999.000,9999.000
202605272154,   2.513,9999.000,9999.000,9999.000,9999.000,9999.000,9999.000,9999.000,9999.000
202605272200,   2.525,9999.000,   0.500,  -0.030,   2.995,   0.400,   2.895,   0.700,   3.195
202605272206,   2.534,9999.000,9999.000,9999.000,9999.000,9999.000,9999.000,9999.000,9999.000
202605272212,   2.542,9999.000,9999.000,9999.000,9999.000,9999.000,9999.000,9999.000,9999.000
202605272218,   2.549,9999.000,9999.000,9999.000,9999.000,9999.000,9999.000,9999.000,9999.000
202605272224,   2.553,9999.000,9999.000,9999.000,9999.000,9999.000,9999.000,9999.000,9999.000
202605272230,   2.556,9999.000,9999.000,9999.000,9999.000,9999.000,9999.000,9999.000,9999.000
202605272236,   2.557,9999.000,9999.000,9999.000,9999.000,9999.000,9999.000,9999.000,9999.000
202605272242,   2.557,9999.000,9999.000,9999.000,9999.000,9999.000,9999.000,9999.000,9999.000
202605272248,   2.554,9999.000,9999.000,9999.000,9999.000,9999.000,9999.000,9999.000,9999.000
202605272254,   2.550,9999.000,9999.000,9999.000,9999.000,9999.000,9999.000,9999.000,9999.000
202605272300,   2.543,9999.000,   0.600,  -0.030,   3.113,   0.400,   2.913,   0.700,   3.213
202605272306,   2.534,9999.000,9999.000,9999.000,9999.000,9999.000,9999.000,9999.000,9999.000
202605272312,   2.524,9999.000,9999.000,9999.000,9999.000,9999.000,9999.000,9999.000,9999.000
202605272318,   2.511,9999.000,9999.000,9999.000,9999.000,9999.000,9999.000,9999.000,9999.000
202605272324,   2.495,9999.000,9999.000,9999.000,9999.000,9999.000,9999.000,9999.000,9999.000
202605272330,   2.478,9999.000,9999.000,9999.000,9999.000,9999.000,9999.000,9999.000,9999.000
202605272336,   2.458,9999.000,9999.000,9999.000,9999.000,9999.000,9999.000,9999.000,9999.000
202605272342,   2.435,9999.000,9999.000,9999.000,9999.000,9999.000,9999.000,9999.000,9999.000
202605272348,   2.410,9999.000,9999.000,9999.000,9999.000,9999.000,9999.000,9999.000,9999.000
202605272354,   2.382,9999.000,9999.000,9999.000,9999.000,9999.000,9999.000,9999.000,9999.000
202605280000,   2.352,9999.000,   0.500,  -0.030,   2.822,   0.400,   2.722,   0.600,   2.922
202605280006,   2.319,9999.000,9999.000,9999.000,9999.000,9999.000,9999.000,9999.000,9999.000
202605280012,   2.284,9999.000,9999.000,9999.000,9999.000,9999.000,9999.000,9999.000,9999.000
202605280018,   2.246,9999.000,9999.000,9999.000,9999.000,9999.000,9999.000,9999.000,9999.000
202605280024,   2.206,9999.000,9999.000,9999.000,9999.000,9999.000,9999.000,9999.000,9999.000
202605280030,   2.163,9999.000,9999.000,9999.000,9999.000,9999.000,9999.000,9999.000,9999.000
202605280036,   2.119,9999.000,9999.000,9999.000,9999.000,9999.000,9999.000,9999.000,9999.000
202605280042,   2.072,9999.000,9999.000,9999.000,9999.000,9999.000,9999.000,9999.000,9999.000
202605280048,   2.024,9999.000,9999.000,9999.000,9999.000,9999.000,9999.000,9999.000,9999.000
202605280054,   1.973,9999.000,9999.000,9999.000,9999.000,9999.000,9999.000,9999.000,9999.000
202605280100,   1.922,9999.000,   0.500,  -0.030,   2.392,   0.300,   2.192,   0.600,   2.492
202605280106,   1.869,9999.000,9999.000,9999.000,9999.000,9999.000,9999.000,9999.000,9999.000
202605280112,   1.815,9999.000,9999.000,9999.000,9999.000,9999.000,9999.000,9999.000,9999.000
202605280118,   1.760,9999.000,9999.000,9999.000,9999.000,9999.000,9999.000,9999.000,9999.000
202605280124,   1.704,9999.000,9999.000,9999.000,9999.000,9999.000,9999.000,9999.000,9999.000
202605280130,   1.648,9999.000,9999.000,9999.000,9999.000,9999.000,9999.000,9999.000,9999.000
202605280136,   1.592,9999.000,9999.000,9999.000,9999.000,9999.000,9999.000,9999.000,9999.000
202605280142,   1.535,9999.000,9999.000,9999.000,9999.000,9999.000,9999.000,9999.000,9999.000
202605280148,   1.479,9999.000,9999.000,9999.000,9999.000,9999.000,9999.000,9999.000,9999.000
202605280154,   1.423,9999.000,9999.000,9999.000,9999.000,9999.000,9999.000,9999.000,9999.000
202605280200,   1.368,9999.000,   0.400,  -0.030,   1.738,   0.300,   1.638,   0.600,   1.938
202605280206,   1.313,9999.000,9999.000,9999.000,9999.000,9999.000,9999.000,9999.000,9999.000
202605280212,   1.259,9999.000,9999.000,9999.000,9999.000,9999.000,9999.000,9999.000,9999.000
202605280218,   1.206,9999.000,9999.000,9999.000,9999.000,9999.000,9999.000,9999.000,9999.000
202605280224,   1.154,9999.000,9999.000,9999.000,9999.000,9999.000,9999.000,9999.000,9999.000
202605280230,   1.103,9999.000,9999.000,9999.000,9999.000,9999.000,9999.000,9999.000,9999.000
202605280236,   1.054,9999.000,9999.000,9999.000,9999.000,9999.000,9999.000,9999.000,9999.000
202605280242,   1.006,9999.000,9999.000,9999.000,9999.000,9999.000,9999.000,9999.000,9999.000
202605280248,   0.959,9999.000,9999.000,9999.000,9999.000,9999.000,9999.000,9999.000,9999.000
202605280254,   0.914,9999.000,9999.000,9999.000,9999.000,9999.000,9999.000,9999.000,9999.000
202605280300,   0.871,9999.000,   0.400,  -0.030,   1.241,   0.300,   1.141,   0.600,   1.441
202605280306,   0.830,9999.000,9999.000,9999.000,9999.000,9999.000,9999.000,9999.000,9999.000
202605280312,   0.791,9999.000,9999.000,9999.000,9999.000,9999.000,9999.000,9999.000,9999.000
202605280318,   0.753,9999.000,9999.000,9999.000,9999.000,9999.000,9999.000,9999.000,9999.000
202605280324,   0.718,9999.000,9999.000,9999.000,9999.000,9999.000,9999.000,9999.000,9999.000
202605280330,   0.685,9999.000,9999.000,9999.000,9999.000,9999.000,9999.000,9999.000,9999.000
202605280336,   0.654,9999.000,9999.000,9999.000,9999.000,9999.000,9999.000,9999.000,9999.000
202605280342,   0.626,9999.000,9999.000,9999.000,9999.000,9999.000,9999.000,9999.000,9999.000
202605280348,   0.600,9999.000,9999.000,9999.000,9999.000,9999.000,9999.000,9999.000,9999.000
202605280354,   0.576,9999.000,9999.000,9999.000,9999.000,9999.000,9999.000,9999.000,9999.000
202605280400,   0.556,9999.000,   0.500,  -0.030,   1.026,   0.300,   0.826,   0.600,   1.126
202605280406,   0.538,9999.000,9999.000,9999.000,9999.000,9999.000,9999.000,9999.000,9999.000
202605280412,   0.523,9999.000,9999.000,9999.000,9999.000,9999.000,9999.000,9999.000,9999.000
202605280418,   0.510,9999.000,9999.000,9999.000,9999.000,9999.000,9999.000,9999.000,9999.000
202605280424,   0.501,9999.000,9999.000,9999.000,9999.000,9999.000,9999.000,9999.000,9999.000
202605280430,   0.495,9999.000,9999.000,9999.000,9999.000,9999.000,9999.000,9999.000,9999.000
202605280436,   0.491,9999.000,9999.000,9999.000,9999.000,9999.000,9999.000,9999.000,9999.000
202605280442,   0.491,9999.000,9999.000,9999.000,9999.000,9999.000,9999.000,9999.000,9999.000
202605280448,   0.494,9999.000,9999.000,9999.000,9999.000,9999.000,9999.000,9999.000,9999.000
202605280454,   0.499,9999.000,9999.000,9999.000,9999.000,9999.000,9999.000,9999.000,9999.000
202605280500,   0.508,9999.000,   0.400,  -0.030,   0.878,   0.300,   0.778,   0.600,   1.078
202605280506,   0.519,9999.000,9999.000,9999.000,9999.000,9999.000,9999.000,9999.000,9999.000
202605280512,   0.533,9999.000,9999.000,9999.000,9999.000,9999.000,9999.000,9999.000,9999.000
202605280518,   0.549,9999.000,9999.000,9999.000,9999.000,9999.000,9999.000,9999.000,9999.000
202605280524,   0.568,9999.000,9999.000,9999.000,9999.000,9999.000,9999.000,9999.000,9999.000
202605280530,   0.590,9999.000,9999.000,9999.000,9999.000,9999.000,9999.000,9999.000,9999.000
202605280536,   0.614,9999.000,9999.000,9999.000,9999.000,9999.000,9999.000,9999.000,9999.000
202605280542,   0.639,9999.000,9999.000,9999.000,9999.000,9999.000,9999.000,9999.000,9999.000
202605280548,   0.667,9999.000,9999.000,9999.000,9999.000,9999.000,9999.000,9999.000,9999.000
202605280554,   0.697,9999.000,9999.000,9999.000,9999.000,9999.000,9999.000,9999.000,9999.000
202605280600,   0.728,9999.000,   0.500,  -0.030,   1.198,   0.400,   1.098,   0.600,   1.298
202605280606,   0.761,9999.000,9999.000,9999.000,9999.000,9999.000,9999.000,9999.000,9999.000
202605280612,   0.795,9999.000,9999.000,9999.000,9999.000,9999.000,9999.000,9999.000,9999.000
202605280618,   0.830,9999.000,9999.000,9999.000,9999.000,9999.000,9999.000,9999.000,9999.000
202605280624,   0.866,9999.000,9999.000,9999.000,9999.000,9999.000,9999.000,9999.000,9999.000
202605280630,   0.903,9999.000,9999.000,9999.000,9999.000,9999.000,9999.000,9999.000,9999.000
202605280636,   0.941,9999.000,9999.000,9999.000,9999.000,9999.000,9999.000,9999.000,9999.000
202605280642,   0.980,9999.000,9999.000,9999.000,9999.000,9999.000,9999.000,9999.000,9999.000
202605280648,   1.019,9999.000,9999.000,9999.000,9999.000,9999.000,9999.000,9999.000,9999.000
202605280654,   1.058,9999.000,9999.000,9999.000,9999.000,9999.000,9999.000,9999.000,9999.000
202605280700,   1.098,9999.000,   0.500,  -0.030,   1.568,   0.400,   1.468,   0.700,   1.768
202605280706,   1.138,9999.000,9999.000,9999.000,9999.000,9999.000,9999.000,9999.000,9999.000
202605280712,   1.179,9999.000,9999.000,9999.000,9999.000,9999.000,9999.000,9999.000,9999.000
202605280718,   1.219,9999.000,9999.000,9999.000,9999.000,9999.000,9999.000,9999.000,9999.000
202605280724,   1.259,9999.000,9999.000,9999.000,9999.000,9999.000,9999.000,9999.000,9999.000
202605280730,   1.300,9999.000,9999.000,9999.000,9999.000,9999.000,9999.000,9999.000,9999.000
202605280736,   1.340,9999.000,9999.000,9999.000,9999.000,9999.000,9999.000,9999.000,9999.000
202605280742,   1.380,9999.000,9999.000,9999.000,9999.000,9999.000,9999.000,9999.000,9999.000
202605280748,   1.419,9999.000,9999.000,9999.000,9999.000,9999.000,9999.000,9999.000,9999.000
202605280754,   1.458,9999.000,9999.000,9999.000,9999.000,9999.000,9999.000,9999.000,9999.000
202605280800,   1.496,9999.000,   0.600,  -0.030,   2.066,   0.400,   1.866,   0.700,   2.166
202605280806,   1.534,9999.000,9999.000,9999.000,9999.000,9999.000,9999.000,9999.000,9999.000
202605280812,   1.571,9999.000,9999.000,9999.000,9999.000,9999.000,9999.000,9999.000,9999.000
202605280818,   1.607,9999.000,9999.000,9999.000,9999.000,9999.000,9999.000,9999.000,9999.000
202605280824,   1.642,9999.000,9999.000,9999.000,9999.000,9999.000,9999.000,9999.000,9999.000
202605280830,   1.676,9999.000,9999.000,9999.000,9999.000,9999.000,9999.000,9999.000,9999.000
202605280836,   1.709,9999.000,9999.000,9999.000,9999.000,9999.000,9999.000,9999.000,9999.000
202605280842,   1.741,9999.000,9999.000,9999.000,9999.000,9999.000,9999.000,9999.000,9999.000
202605280848,   1.771,9999.000,9999.000,9999.000,9999.000,9999.000,9999.000,9999.000,9999.000
202605280854,   1.799,9999.000,9999.000,9999.000,9999.000,9999.000,9999.000,9999.000,9999.000
202605280900,   1.827,9999.000,   0.500,  -0.030,   2.297,   0.400,   2.197,   0.700,   2.497
202605280906,   1.852,9999.000,9999.000,9999.000,9999.000,9999.000,9999.000,9999.000,9999.000
202605280912,   1.876,9999.000,9999.000,9999.000,9999.000,9999.000,9999.000,9999.000,9999.000
202605280918,   1.898,9999.000,9999.000,9999.000,9999.000,9999.000,9999.000,9999.000,9999.000
202605280924,   1.918,9999.000,9999.000,9999.000,9999.000,9999.000,9999.000,9999.000,9999.000
202605280930,   1.937,9999.000,9999.000,9999.000,9999.000,9999.000,9999.000,9999.000,9999.000
202605280936,   1.953,9999.000,9999.000,9999.000,9999.000,9999.000,9999.000,9999.000,9999.000
202605280942,   1.968,9999.000,9999.000,9999.000,9999.000,9999.000,9999.000,9999.000,9999.000
202605280948,   1.982,9999.000,9999.000,9999.000,9999.000,9999.000,9999.000,9999.000,9999.000
202605280954,   1.993,9999.000,9999.000,9999.000,9999.000,9999.000,9999.000,9999.000,9999.000
202605281000,   2.003,9999.000,   0.500,  -0.030,   2.473,   0.400,   2.373,   0.700,   2.673
202605281006,   2.010,9999.000,9999.000,9999.000,9999.000,9999.000,9999.000,9999.000,9999.000
202605281012,   2.017,9999.000,9999.000,9999.000,9999.000,9999.000,9999.000,9999.000,9999.000
202605281018,   2.021,9999.000,9999.000,9999.000,9999.000,9999.000,9999.000,9999.000,9999.000
202605281024,   2.024,9999.000,9999.000,9999.000,9999.000,9999.000,9999.000,9999.000,9999.000
202605281030,   2.026,9999.000,9999.000,9999.000,9999.000,9999.000,9999.000,9999.000,9999.000
202605281036,   2.026,9999.000,9999.000,9999.000,9999.000,9999.000,9999.000,9999.000,9999.000
202605281042,   2.025,9999.000,9999.000,9999.000,9999.000,9999.000,9999.000,9999.000,9999.000
202605281048,   2.022,9999.000,9999.000,9999.000,9999.000,9999.000,9999.000,9999.000,9999.000
202605281054,   2.017,9999.000,9999.000,9999.000,9999.000,9999.000,9999.000,9999.000,9999.000
202605281100,   2.011,9999.000,   0.600,  -0.030,   2.581,   0.400,   2.381,   0.700,   2.681
202605281106,   2.004,9999.000,9999.000,9999.000,9999.000,9999.000,9999.000,9999.000,9999.000
202605281112,   1.995,9999.000,9999.000,9999.000,9999.000,9999.000,9999.000,9999.000,9999.000
202605281118,   1.984,9999.000,9999.000,9999.000,9999.000,9999.000,9999.000,9999.000,9999.000
202605281124,   1.972,9999.000,9999.000,9999.000,9999.000,9999.000,9999.000,9999.000,9999.000
202605281130,   1.959,9999.000,9999.000,9999.000,9999.000,9999.000,9999.000,9999.000,9999.000
202605281136,   1.943,9999.000,9999.000,9999.000,9999.000,9999.000,9999.000,9999.000,9999.000
202605281142,   1.926,9999.000,9999.000,9999.000,9999.000,9999.000,9999.000,9999.000,9999.000
202605281148,   1.907,9999.000,9999.000,9999.000,9999.000,9999.000,9999.000,9999.000,9999.000
202605281154,   1.886,9999.000,9999.000,9999.000,9999.000,9999.000,9999.000,9999.000,9999.000
202605281200,   1.863,9999.000,   0.500,  -0.030,   2.333,   0.400,   2.233,   0.700,   2.533
