        TIME,    TIDE,      OB,   SURGE,    BIAS,     TWL,SURGE90p,  TWL90p,SURGE10p,   TWL10p
202605190600,  -0.428,   0.370,   0.700,   0.098,   0.370,   0.700,   0.370,   0.800,   0.470
202605190606,  -0.429,9999.000,9999.000,9999.000,9999.000,9999.000,9999.000,9999.000,9999.000
202605190612,  -0.429,   0.331,9999.000,9999.000,9999.000,9999.000,9999.000,9999.000,9999.000
202605190618,  -0.428,9999.000,9999.000,9999.000,9999.000,9999.000,9999.000,9999.000,9999.000
202605190624,  -0.426,   0.321,9999.000,9999.000,9999.000,9999.000,9999.000,9999.000,9999.000
202605190630,  -0.423,9999.000,9999.000,9999.000,9999.000,9999.000,9999.000,9999.000,9999.000
202605190636,  -0.419,   0.298,9999.000,9999.000,9999.000,9999.000,9999.000,9999.000,9999.000
202605190642,  -0.414,9999.000,9999.000,9999.000,9999.000,9999.000,9999.000,9999.000,9999.000
202605190648,  -0.407,   0.288,9999.000,9999.000,9999.000,9999.000,9999.000,9999.000,9999.000
202605190654,  -0.399,9999.000,9999.000,9999.000,9999.000,9999.000,9999.000,9999.000,9999.000
202605190700,  -0.391,   0.249,   0.700,  -0.060,   0.249,   0.700,   0.249,   0.800,   0.349
202605190706,  -0.381,   0.249,9999.000,9999.000,9999.000,9999.000,9999.000,9999.000,9999.000
202605190712,  -0.369,   0.249,9999.000,9999.000,9999.000,9999.000,9999.000,9999.000,9999.000
202605190718,  -0.357,   0.249,9999.000,9999.000,9999.000,9999.000,9999.000,9999.000,9999.000
202605190724,  -0.343,   0.249,9999.000,9999.000,9999.000,9999.000,9999.000,9999.000,9999.000
202605190730,  -0.328,   0.321,9999.000,9999.000,9999.000,9999.000,9999.000,9999.000,9999.000
202605190736,  -0.312,   0.298,9999.000,9999.000,9999.000,9999.000,9999.000,9999.000,9999.000
202605190742,  -0.295,   0.350,9999.000,9999.000,9999.000,9999.000,9999.000,9999.000,9999.000
202605190748,  -0.277,   0.360,9999.000,9999.000,9999.000,9999.000,9999.000,9999.000,9999.000
202605190754,  -0.258,   0.229,9999.000,9999.000,9999.000,9999.000,9999.000,9999.000,9999.000
202605190800,  -0.237,   0.288,   0.700,  -0.175,   0.288,   0.700,   0.288,   0.800,   0.388
202605190806,  -0.216,   0.229,9999.000,9999.000,9999.000,9999.000,9999.000,9999.000,9999.000
202605190812,  -0.193,   0.288,9999.000,9999.000,9999.000,9999.000,9999.000,9999.000,9999.000
202605190818,  -0.170,   0.298,9999.000,9999.000,9999.000,9999.000,9999.000,9999.000,9999.000
202605190824,  -0.145,   0.429,9999.000,9999.000,9999.000,9999.000,9999.000,9999.000,9999.000
202605190830,  -0.120,   0.390,9999.000,9999.000,9999.000,9999.000,9999.000,9999.000,9999.000
202605190836,  -0.094,   0.551,9999.000,9999.000,9999.000,9999.000,9999.000,9999.000,9999.000
202605190842,  -0.067,   0.469,9999.000,9999.000,9999.000,9999.000,9999.000,9999.000,9999.000
202605190848,  -0.039,   0.531,9999.000,9999.000,9999.000,9999.000,9999.000,9999.000,9999.000
202605190854,  -0.011,   0.541,9999.000,9999.000,9999.000,9999.000,9999.000,9999.000,9999.000
202605190900,   0.017,   0.488,   0.700,  -0.229,   0.488,   0.700,   0.488,   0.800,   0.588
202605190906,   0.046,   0.590,9999.000,9999.000,9999.000,9999.000,9999.000,9999.000,9999.000
202605190912,   0.076,   0.551,9999.000,9999.000,9999.000,9999.000,9999.000,9999.000,9999.000
202605190918,   0.107,   0.629,9999.000,9999.000,9999.000,9999.000,9999.000,9999.000,9999.000
202605190924,   0.137,   0.649,9999.000,9999.000,9999.000,9999.000,9999.000,9999.000,9999.000
202605190930,   0.168,   0.708,9999.000,9999.000,9999.000,9999.000,9999.000,9999.000,9999.000
202605190936,   0.200,   0.760,9999.000,9999.000,9999.000,9999.000,9999.000,9999.000,9999.000
202605190942,   0.232,   0.800,9999.000,9999.000,9999.000,9999.000,9999.000,9999.000,9999.000
202605190948,   0.264,   0.839,9999.000,9999.000,9999.000,9999.000,9999.000,9999.000,9999.000
202605190954,   0.296,   0.898,9999.000,9999.000,9999.000,9999.000,9999.000,9999.000,9999.000
202605191000,   0.328,   0.928,   0.700,  -0.100,   0.928,   0.700,   0.928,   0.700,   0.928
202605191006,   0.360,   0.961,9999.000,9999.000,9999.000,9999.000,9999.000,9999.000,9999.000
202605191012,   0.392,   1.000,9999.000,9999.000,9999.000,9999.000,9999.000,9999.000,9999.000
202605191018,   0.424,   1.010,9999.000,9999.000,9999.000,9999.000,9999.000,9999.000,9999.000
202605191024,   0.457,   1.059,9999.000,9999.000,9999.000,9999.000,9999.000,9999.000,9999.000
202605191030,   0.489,   1.069,9999.000,9999.000,9999.000,9999.000,9999.000,9999.000,9999.000
202605191036,   0.521,   1.128,9999.000,9999.000,9999.000,9999.000,9999.000,9999.000,9999.000
202605191042,   0.552,   1.151,9999.000,9999.000,9999.000,9999.000,9999.000,9999.000,9999.000
202605191048,   0.584,   1.190,9999.000,9999.000,9999.000,9999.000,9999.000,9999.000,9999.000
202605191054,   0.615,   1.229,9999.000,9999.000,9999.000,9999.000,9999.000,9999.000,9999.000
202605191100,   0.646,   1.249,   0.700,  -0.097,   1.249,   0.700,   1.249,   0.700,   1.249
202605191106,   0.677,   1.279,9999.000,9999.000,9999.000,9999.000,9999.000,9999.000,9999.000
202605191112,   0.708,   1.298,9999.000,9999.000,9999.000,9999.000,9999.000,9999.000,9999.000
202605191118,   0.738,   1.308,9999.000,9999.000,9999.000,9999.000,9999.000,9999.000,9999.000
202605191124,   0.768,   1.338,9999.000,9999.000,9999.000,9999.000,9999.000,9999.000,9999.000
202605191130,   0.798,   1.348,9999.000,9999.000,9999.000,9999.000,9999.000,9999.000,9999.000
202605191136,   0.827,   1.390,9999.000,9999.000,9999.000,9999.000,9999.000,9999.000,9999.000
202605191142,   0.856,   1.420,9999.000,9999.000,9999.000,9999.000,9999.000,9999.000,9999.000
202605191148,   0.884,   1.459,9999.000,9999.000,9999.000,9999.000,9999.000,9999.000,9999.000
202605191154,   0.912,   1.489,9999.000,9999.000,9999.000,9999.000,9999.000,9999.000,9999.000
202605191200,   0.940,   1.508,   0.700,  -0.132,   1.508,   0.600,   1.408,   0.700,   1.508
202605191206,   0.968,   1.528,9999.000,9999.000,9999.000,9999.000,9999.000,9999.000,9999.000
202605191212,   0.995,   1.548,9999.000,9999.000,9999.000,9999.000,9999.000,9999.000,9999.000
202605191218,   1.022,   1.580,9999.000,9999.000,9999.000,9999.000,9999.000,9999.000,9999.000
202605191224,   1.048,   1.620,9999.000,9999.000,9999.000,9999.000,9999.000,9999.000,9999.000
202605191230,   1.075,   1.639,9999.000,9999.000,9999.000,9999.000,9999.000,9999.000,9999.000
202605191236,   1.101,   1.669,9999.000,9999.000,9999.000,9999.000,9999.000,9999.000,9999.000
202605191242,   1.126,   1.659,9999.000,9999.000,9999.000,9999.000,9999.000,9999.000,9999.000
202605191248,   1.152,   1.669,9999.000,9999.000,9999.000,9999.000,9999.000,9999.000,9999.000
202605191254,   1.178,   1.669,9999.000,9999.000,9999.000,9999.000,9999.000,9999.000,9999.000
202605191300,   1.203,   1.669,   0.700,  -0.234,   1.669,   0.600,   1.569,   0.700,   1.669
202605191306,   1.228,   1.699,9999.000,9999.000,9999.000,9999.000,9999.000,9999.000,9999.000
202605191312,   1.254,   1.728,9999.000,9999.000,9999.000,9999.000,9999.000,9999.000,9999.000
202605191318,   1.279,   1.748,9999.000,9999.000,9999.000,9999.000,9999.000,9999.000,9999.000
202605191324,   1.304,   1.781,9999.000,9999.000,9999.000,9999.000,9999.000,9999.000,9999.000
202605191330,   1.330,   1.800,9999.000,9999.000,9999.000,9999.000,9999.000,9999.000,9999.000
202605191336,   1.356,   1.820,9999.000,9999.000,9999.000,9999.000,9999.000,9999.000,9999.000
202605191342,   1.381,   1.840,9999.000,9999.000,9999.000,9999.000,9999.000,9999.000,9999.000
202605191348,   1.407,   1.869,9999.000,9999.000,9999.000,9999.000,9999.000,9999.000,9999.000
202605191354,   1.433,   1.889,9999.000,9999.000,9999.000,9999.000,9999.000,9999.000,9999.000
202605191400,   1.459,   1.938,   0.600,  -0.121,   1.938,   0.600,   1.938,   0.700,   2.038
202605191406,   1.486,   1.967,9999.000,9999.000,9999.000,9999.000,9999.000,9999.000,9999.000
202605191412,   1.513,   1.990,9999.000,9999.000,9999.000,9999.000,9999.000,9999.000,9999.000
202605191418,   1.540,   2.020,9999.000,9999.000,9999.000,9999.000,9999.000,9999.000,9999.000
202605191424,   1.567,   2.030,9999.000,9999.000,9999.000,9999.000,9999.000,9999.000,9999.000
202605191430,   1.595,   2.030,9999.000,9999.000,9999.000,9999.000,9999.000,9999.000,9999.000
202605191436,   1.623,   2.059,9999.000,9999.000,9999.000,9999.000,9999.000,9999.000,9999.000
202605191442,   1.651,   2.089,9999.000,9999.000,9999.000,9999.000,9999.000,9999.000,9999.000
202605191448,   1.679,   2.128,9999.000,9999.000,9999.000,9999.000,9999.000,9999.000,9999.000
202605191454,   1.708,   2.191,9999.000,9999.000,9999.000,9999.000,9999.000,9999.000,9999.000
202605191500,   1.737,   2.230,   0.600,  -0.107,   2.230,   0.600,   2.230,   0.700,   2.330
202605191506,   1.765,   2.269,9999.000,9999.000,9999.000,9999.000,9999.000,9999.000,9999.000
202605191512,   1.794,   2.318,9999.000,9999.000,9999.000,9999.000,9999.000,9999.000,9999.000
202605191518,   1.823,   2.328,9999.000,9999.000,9999.000,9999.000,9999.000,9999.000,9999.000
202605191524,   1.852,   2.348,9999.000,9999.000,9999.000,9999.000,9999.000,9999.000,9999.000
202605191530,   1.881,   2.368,9999.000,9999.000,9999.000,9999.000,9999.000,9999.000,9999.000
202605191536,   1.910,   2.377,9999.000,9999.000,9999.000,9999.000,9999.000,9999.000,9999.000
202605191542,   1.939,   2.410,9999.000,9999.000,9999.000,9999.000,9999.000,9999.000,9999.000
202605191548,   1.967,   2.430,9999.000,9999.000,9999.000,9999.000,9999.000,9999.000,9999.000
202605191554,   1.996,   2.469,9999.000,9999.000,9999.000,9999.000,9999.000,9999.000,9999.000
202605191600,   2.023,   2.509,   0.700,  -0.214,   2.509,   0.600,   2.409,   0.700,   2.509
202605191606,   2.051,   2.558,9999.000,9999.000,9999.000,9999.000,9999.000,9999.000,9999.000
202605191612,   2.078,   2.587,9999.000,9999.000,9999.000,9999.000,9999.000,9999.000,9999.000
202605191618,   2.104,   2.630,9999.000,9999.000,9999.000,9999.000,9999.000,9999.000,9999.000
202605191624,   2.129,   2.660,9999.000,9999.000,9999.000,9999.000,9999.000,9999.000,9999.000
202605191630,   2.154,   2.679,9999.000,9999.000,9999.000,9999.000,9999.000,9999.000,9999.000
202605191636,   2.179,   2.689,9999.000,9999.000,9999.000,9999.000,9999.000,9999.000,9999.000
202605191642,   2.202,   2.709,9999.000,9999.000,9999.000,9999.000,9999.000,9999.000,9999.000
202605191648,   2.224,   2.738,9999.000,9999.000,9999.000,9999.000,9999.000,9999.000,9999.000
202605191654,   2.246,   2.758,9999.000,9999.000,9999.000,9999.000,9999.000,9999.000,9999.000
202605191700,   2.266,   2.787,   0.700,  -0.179,   2.787,   0.600,   2.687,   0.700,   2.787
202605191706,   2.286,   2.840,9999.000,9999.000,9999.000,9999.000,9999.000,9999.000,9999.000
202605191712,   2.305,   2.850,9999.000,9999.000,9999.000,9999.000,9999.000,9999.000,9999.000
202605191718,   2.322,   2.869,9999.000,9999.000,9999.000,9999.000,9999.000,9999.000,9999.000
202605191724,   2.338,   2.899,9999.000,9999.000,9999.000,9999.000,9999.000,9999.000,9999.000
202605191730,   2.353,   2.919,9999.000,9999.000,9999.000,9999.000,9999.000,9999.000,9999.000
202605191736,   2.368,   2.929,9999.000,9999.000,9999.000,9999.000,9999.000,9999.000,9999.000
202605191742,   2.380,   2.929,9999.000,9999.000,9999.000,9999.000,9999.000,9999.000,9999.000
202605191748,   2.392,   2.958,9999.000,9999.000,9999.000,9999.000,9999.000,9999.000,9999.000
202605191754,   2.403,   2.968,9999.000,9999.000,9999.000,9999.000,9999.000,9999.000,9999.000
202605191800,   2.412,   2.968,   0.500,   0.056,   2.968,   0.500,   2.968,   0.500,   2.968
202605191806,   2.420,   2.968,9999.000,9999.000,9999.000,9999.000,9999.000,9999.000,9999.000
202605191812,   2.427,   2.988,9999.000,9999.000,9999.000,9999.000,9999.000,9999.000,9999.000
202605191818,   2.433,   2.988,9999.000,9999.000,9999.000,9999.000,9999.000,9999.000,9999.000
202605191824,   2.438,   2.997,9999.000,9999.000,9999.000,9999.000,9999.000,9999.000,9999.000
202605191830,   2.442,   2.997,9999.000,9999.000,9999.000,9999.000,9999.000,9999.000,9999.000
202605191836,   2.444,   2.997,9999.000,9999.000,9999.000,9999.000,9999.000,9999.000,9999.000
202605191842,   2.446,   3.007,9999.000,9999.000,9999.000,9999.000,9999.000,9999.000,9999.000
202605191848,   2.446,   3.017,9999.000,9999.000,9999.000,9999.000,9999.000,9999.000,9999.000
202605191854,   2.445,   3.007,9999.000,9999.000,9999.000,9999.000,9999.000,9999.000,9999.000
202605191900,   2.443,   2.997,   0.500,   0.054,   2.997,   0.500,   2.997,   0.600,   3.097
202605191906,   2.440,   2.997,9999.000,9999.000,9999.000,9999.000,9999.000,9999.000,9999.000
202605191912,   2.436,   2.988,9999.000,9999.000,9999.000,9999.000,9999.000,9999.000,9999.000
202605191918,   2.431,   2.968,9999.000,9999.000,9999.000,9999.000,9999.000,9999.000,9999.000
202605191924,   2.426,   2.988,9999.000,9999.000,9999.000,9999.000,9999.000,9999.000,9999.000
202605191930,   2.419,   2.978,9999.000,9999.000,9999.000,9999.000,9999.000,9999.000,9999.000
202605191936,   2.411,   2.988,9999.000,9999.000,9999.000,9999.000,9999.000,9999.000,9999.000
202605191942,   2.402,   2.997,9999.000,9999.000,9999.000,9999.000,9999.000,9999.000,9999.000
202605191948,   2.392,   2.997,9999.000,9999.000,9999.000,9999.000,9999.000,9999.000,9999.000
202605191954,   2.381,   3.007,9999.000,9999.000,9999.000,9999.000,9999.000,9999.000,9999.000
202605192000,   2.370,   3.007,   0.500,   0.137,   3.007,   0.500,   3.007,   0.600,   3.107
202605192006,   2.357,   2.988,9999.000,9999.000,9999.000,9999.000,9999.000,9999.000,9999.000
202605192012,   2.343,   2.988,9999.000,9999.000,9999.000,9999.000,9999.000,9999.000,9999.000
202605192018,   2.329,   2.968,9999.000,9999.000,9999.000,9999.000,9999.000,9999.000,9999.000
202605192024,   2.314,   2.968,9999.000,9999.000,9999.000,9999.000,9999.000,9999.000,9999.000
202605192030,   2.298,   2.958,9999.000,9999.000,9999.000,9999.000,9999.000,9999.000,9999.000
202605192036,   2.281,   2.948,9999.000,9999.000,9999.000,9999.000,9999.000,9999.000,9999.000
202605192042,   2.263,   2.948,9999.000,9999.000,9999.000,9999.000,9999.000,9999.000,9999.000
202605192048,   2.244,   2.929,9999.000,9999.000,9999.000,9999.000,9999.000,9999.000,9999.000
202605192054,   2.225,   2.919,9999.000,9999.000,9999.000,9999.000,9999.000,9999.000,9999.000
202605192100,   2.205,   2.909,   0.500,   0.204,   2.909,   0.500,   2.909,   0.600,   3.009
202605192106,   2.184,   2.899,9999.000,9999.000,9999.000,9999.000,9999.000,9999.000,9999.000
202605192112,   2.162,   2.889,9999.000,9999.000,9999.000,9999.000,9999.000,9999.000,9999.000
202605192118,   2.139,   2.889,9999.000,9999.000,9999.000,9999.000,9999.000,9999.000,9999.000
202605192124,   2.116,   2.879,9999.000,9999.000,9999.000,9999.000,9999.000,9999.000,9999.000
202605192130,   2.092,   2.850,9999.000,9999.000,9999.000,9999.000,9999.000,9999.000,9999.000
202605192136,   2.068,   2.830,9999.000,9999.000,9999.000,9999.000,9999.000,9999.000,9999.000
202605192142,   2.042,   2.807,9999.000,9999.000,9999.000,9999.000,9999.000,9999.000,9999.000
202605192148,   2.016,   2.778,9999.000,9999.000,9999.000,9999.000,9999.000,9999.000,9999.000
202605192154,   1.990,   2.748,9999.000,9999.000,9999.000,9999.000,9999.000,9999.000,9999.000
202605192200,   1.962,   2.719,   0.500,   0.257,   2.719,   0.500,   2.719,   0.600,   2.819
202605192206,   1.934,   2.669,9999.000,9999.000,9999.000,9999.000,9999.000,9999.000,9999.000
202605192212,   1.906,   2.640,9999.000,9999.000,9999.000,9999.000,9999.000,9999.000,9999.000
202605192218,   1.877,   2.597,9999.000,9999.000,9999.000,9999.000,9999.000,9999.000,9999.000
202605192224,   1.847,   2.568,9999.000,9999.000,9999.000,9999.000,9999.000,9999.000,9999.000
202605192230,   1.817,   2.548,9999.000,9999.000,9999.000,9999.000,9999.000,9999.000,9999.000
202605192236,   1.786,   2.509,9999.000,9999.000,9999.000,9999.000,9999.000,9999.000,9999.000
202605192242,   1.754,   2.489,9999.000,9999.000,9999.000,9999.000,9999.000,9999.000,9999.000
202605192248,   1.722,   2.450,9999.000,9999.000,9999.000,9999.000,9999.000,9999.000,9999.000
202605192254,   1.690,   2.420,9999.000,9999.000,9999.000,9999.000,9999.000,9999.000,9999.000
202605192300,   1.657,   2.377,   0.600,   0.120,   2.377,   0.500,   2.277,   0.600,   2.377
202605192306,   1.624,   2.338,9999.000,9999.000,9999.000,9999.000,9999.000,9999.000,9999.000
202605192312,   1.590,   2.299,9999.000,9999.000,9999.000,9999.000,9999.000,9999.000,9999.000
202605192318,   1.556,   2.269,9999.000,9999.000,9999.000,9999.000,9999.000,9999.000,9999.000
202605192324,   1.521,   2.220,9999.000,9999.000,9999.000,9999.000,9999.000,9999.000,9999.000
202605192330,   1.486,   2.191,9999.000,9999.000,9999.000,9999.000,9999.000,9999.000,9999.000
202605192336,   1.450,   2.148,9999.000,9999.000,9999.000,9999.000,9999.000,9999.000,9999.000
202605192342,   1.414,   2.099,9999.000,9999.000,9999.000,9999.000,9999.000,9999.000,9999.000
202605192348,   1.378,   2.079,9999.000,9999.000,9999.000,9999.000,9999.000,9999.000,9999.000
202605192354,   1.341,   2.049,9999.000,9999.000,9999.000,9999.000,9999.000,9999.000,9999.000
202605200000,   1.304,   2.020,   0.500,   0.216,   2.020,   0.500,   2.020,   0.500,   2.020
202605200006,   1.267,   2.000,9999.000,9999.000,9999.000,9999.000,9999.000,9999.000,9999.000
202605200012,   1.229,   1.967,9999.000,9999.000,9999.000,9999.000,9999.000,9999.000,9999.000
202605200018,   1.191,   1.918,9999.000,9999.000,9999.000,9999.000,9999.000,9999.000,9999.000
202605200024,   1.153,   1.889,9999.000,9999.000,9999.000,9999.000,9999.000,9999.000,9999.000
202605200030,   1.115,   1.840,9999.000,9999.000,9999.000,9999.000,9999.000,9999.000,9999.000
202605200036,   1.076,   1.800,9999.000,9999.000,9999.000,9999.000,9999.000,9999.000,9999.000
202605200042,   1.038,   1.758,9999.000,9999.000,9999.000,9999.000,9999.000,9999.000,9999.000
202605200048,   0.999,   1.718,9999.000,9999.000,9999.000,9999.000,9999.000,9999.000,9999.000
202605200054,   0.960,   1.679,9999.000,9999.000,9999.000,9999.000,9999.000,9999.000,9999.000
202605200100,   0.922,   1.649,   0.500,   0.227,   1.649,   0.500,   1.649,   0.600,   1.749
202605200106,   0.883,   1.620,9999.000,9999.000,9999.000,9999.000,9999.000,9999.000,9999.000
202605200112,   0.845,   1.580,9999.000,9999.000,9999.000,9999.000,9999.000,9999.000,9999.000
202605200118,   0.806,   1.548,9999.000,9999.000,9999.000,9999.000,9999.000,9999.000,9999.000
202605200124,   0.768,   1.528,9999.000,9999.000,9999.000,9999.000,9999.000,9999.000,9999.000
202605200130,   0.730,   1.498,9999.000,9999.000,9999.000,9999.000,9999.000,9999.000,9999.000
202605200136,   0.693,   1.469,9999.000,9999.000,9999.000,9999.000,9999.000,9999.000,9999.000
202605200142,   0.656,   1.459,9999.000,9999.000,9999.000,9999.000,9999.000,9999.000,9999.000
202605200148,   0.619,   1.439,9999.000,9999.000,9999.000,9999.000,9999.000,9999.000,9999.000
202605200154,   0.583,   1.420,9999.000,9999.000,9999.000,9999.000,9999.000,9999.000,9999.000
202605200200,   0.547,   1.400,   0.500,   0.353,   1.400,   0.500,   1.400,   0.600,   1.500
202605200206,   0.512,   1.371,9999.000,9999.000,9999.000,9999.000,9999.000,9999.000,9999.000
202605200212,   0.477,   1.328,9999.000,9999.000,9999.000,9999.000,9999.000,9999.000,9999.000
202605200218,   0.443,   1.298,9999.000,9999.000,9999.000,9999.000,9999.000,9999.000,9999.000
202605200224,   0.409,   1.279,9999.000,9999.000,9999.000,9999.000,9999.000,9999.000,9999.000
202605200230,   0.377,   1.249,9999.000,9999.000,9999.000,9999.000,9999.000,9999.000,9999.000
202605200236,   0.344,   1.229,9999.000,9999.000,9999.000,9999.000,9999.000,9999.000,9999.000
202605200242,   0.313,   1.200,9999.000,9999.000,9999.000,9999.000,9999.000,9999.000,9999.000
202605200248,   0.282,   1.180,9999.000,9999.000,9999.000,9999.000,9999.000,9999.000,9999.000
202605200254,   0.252,   1.161,9999.000,9999.000,9999.000,9999.000,9999.000,9999.000,9999.000
202605200300,   0.223,   1.180,   0.500,   0.457,   1.180,   0.500,   1.180,   0.500,   1.180
202605200306,   0.195,   0.990,9999.000,9999.000,9999.000,9999.000,9999.000,9999.000,9999.000
202605200312,   0.167,   1.138,9999.000,9999.000,9999.000,9999.000,9999.000,9999.000,9999.000
202605200318,   0.140,   0.941,9999.000,9999.000,9999.000,9999.000,9999.000,9999.000,9999.000
202605200324,   0.114,   0.951,9999.000,9999.000,9999.000,9999.000,9999.000,9999.000,9999.000
202605200330,   0.088,   0.990,9999.000,9999.000,9999.000,9999.000,9999.000,9999.000,9999.000
202605200336,   0.063,   0.941,9999.000,9999.000,9999.000,9999.000,9999.000,9999.000,9999.000
202605200342,   0.039,   0.941,9999.000,9999.000,9999.000,9999.000,9999.000,9999.000,9999.000
202605200348,   0.015,   0.990,9999.000,9999.000,9999.000,9999.000,9999.000,9999.000,9999.000
202605200354,  -0.007,   0.908,9999.000,9999.000,9999.000,9999.000,9999.000,9999.000,9999.000
202605200400,  -0.029,   0.898,   0.500,   0.427,   0.898,   0.500,   0.898,   0.500,   0.898
202605200406,  -0.051,   0.839,9999.000,9999.000,9999.000,9999.000,9999.000,9999.000,9999.000
202605200412,  -0.072,   0.819,9999.000,9999.000,9999.000,9999.000,9999.000,9999.000,9999.000
202605200418,  -0.093,   0.810,9999.000,9999.000,9999.000,9999.000,9999.000,9999.000,9999.000
202605200424,  -0.113,   0.770,9999.000,9999.000,9999.000,9999.000,9999.000,9999.000,9999.000
202605200430,  -0.133,   0.790,9999.000,9999.000,9999.000,9999.000,9999.000,9999.000,9999.000
202605200436,  -0.152,   0.741,9999.000,9999.000,9999.000,9999.000,9999.000,9999.000,9999.000
202605200442,  -0.171,   0.751,9999.000,9999.000,9999.000,9999.000,9999.000,9999.000,9999.000
202605200448,  -0.189,   0.731,9999.000,9999.000,9999.000,9999.000,9999.000,9999.000,9999.000
202605200454,  -0.206,   0.708,9999.000,9999.000,9999.000,9999.000,9999.000,9999.000,9999.000
202605200500,  -0.223,   0.688,   0.500,   0.411,   0.688,   0.500,   0.688,   0.500,   0.688
202605200506,  -0.240,   0.669,9999.000,9999.000,9999.000,9999.000,9999.000,9999.000,9999.000
202605200512,  -0.256,   0.639,9999.000,9999.000,9999.000,9999.000,9999.000,9999.000,9999.000
202605200518,  -0.272,   0.619,9999.000,9999.000,9999.000,9999.000,9999.000,9999.000,9999.000
202605200524,  -0.287,   0.590,9999.000,9999.000,9999.000,9999.000,9999.000,9999.000,9999.000
202605200530,  -0.301,   0.580,9999.000,9999.000,9999.000,9999.000,9999.000,9999.000,9999.000
202605200536,  -0.315,   0.560,9999.000,9999.000,9999.000,9999.000,9999.000,9999.000,9999.000
202605200542,  -0.329,   0.551,9999.000,9999.000,9999.000,9999.000,9999.000,9999.000,9999.000
202605200548,  -0.341,   0.541,9999.000,9999.000,9999.000,9999.000,9999.000,9999.000,9999.000
202605200554,  -0.353,   0.518,9999.000,9999.000,9999.000,9999.000,9999.000,9999.000,9999.000
202605200600,  -0.364,   0.498,   0.600,   0.262,   0.498,   0.600,   0.498,   0.700,   0.598
202605200606,  -0.375,   0.478,9999.000,9999.000,9999.000,9999.000,9999.000,9999.000,9999.000
202605200612,  -0.385,   0.449,9999.000,9999.000,9999.000,9999.000,9999.000,9999.000,9999.000
202605200618,  -0.394,   0.429,9999.000,9999.000,9999.000,9999.000,9999.000,9999.000,9999.000
202605200624,  -0.402,   0.409,9999.000,9999.000,9999.000,9999.000,9999.000,9999.000,9999.000
202605200630,  -0.409,   0.400,9999.000,9999.000,9999.000,9999.000,9999.000,9999.000,9999.000
202605200636,  -0.415,   0.380,9999.000,9999.000,9999.000,9999.000,9999.000,9999.000,9999.000
202605200642,  -0.421,   0.370,9999.000,9999.000,9999.000,9999.000,9999.000,9999.000,9999.000
202605200648,  -0.425,   0.350,9999.000,9999.000,9999.000,9999.000,9999.000,9999.000,9999.000
202605200654,  -0.428,   0.350,9999.000,9999.000,9999.000,9999.000,9999.000,9999.000,9999.000
202605200700,  -0.430,   0.331,   0.600,   0.161,   0.331,   0.600,   0.331,   0.700,   0.431
202605200706,  -0.432,   0.308,9999.000,9999.000,9999.000,9999.000,9999.000,9999.000,9999.000
202605200712,  -0.432,   0.308,9999.000,9999.000,9999.000,9999.000,9999.000,9999.000,9999.000
202605200718,  -0.430,   0.288,9999.000,9999.000,9999.000,9999.000,9999.000,9999.000,9999.000
202605200724,  -0.428,   0.288,9999.000,9999.000,9999.000,9999.000,9999.000,9999.000,9999.000
202605200730,  -0.425,   0.298,9999.000,9999.000,9999.000,9999.000,9999.000,9999.000,9999.000
202605200736,  -0.420,   0.298,9999.000,9999.000,9999.000,9999.000,9999.000,9999.000,9999.000
202605200742,  -0.414,   0.308,9999.000,9999.000,9999.000,9999.000,9999.000,9999.000,9999.000
202605200748,  -0.407,   0.321,9999.000,9999.000,9999.000,9999.000,9999.000,9999.000,9999.000
202605200754,  -0.399,   0.321,9999.000,9999.000,9999.000,9999.000,9999.000,9999.000,9999.000
202605200800,  -0.390,   0.331,   0.600,   0.121,   0.331,   0.600,   0.331,   0.700,   0.431
202605200806,  -0.379,   0.331,9999.000,9999.000,9999.000,9999.000,9999.000,9999.000,9999.000
202605200812,  -0.367,   0.321,9999.000,9999.000,9999.000,9999.000,9999.000,9999.000,9999.000
202605200818,  -0.354,   0.321,9999.000,9999.000,9999.000,9999.000,9999.000,9999.000,9999.000
202605200824,  -0.340,   0.331,9999.000,9999.000,9999.000,9999.000,9999.000,9999.000,9999.000
202605200830,  -0.325,   0.341,9999.000,9999.000,9999.000,9999.000,9999.000,9999.000,9999.000
202605200836,  -0.309,   0.350,9999.000,9999.000,9999.000,9999.000,9999.000,9999.000,9999.000
202605200842,  -0.291,   0.380,9999.000,9999.000,9999.000,9999.000,9999.000,9999.000,9999.000
202605200848,  -0.272,   0.400,9999.000,9999.000,9999.000,9999.000,9999.000,9999.000,9999.000
202605200854,  -0.253,   0.429,9999.000,9999.000,9999.000,9999.000,9999.000,9999.000,9999.000
202605200900,  -0.232,   0.449,   0.600,   0.081,   0.449,   0.600,   0.449,   0.600,   0.449
202605200906,  -0.211,   0.469,9999.000,9999.000,9999.000,9999.000,9999.000,9999.000,9999.000
202605200912,  -0.188,   0.478,9999.000,9999.000,9999.000,9999.000,9999.000,9999.000,9999.000
202605200918,  -0.165,   0.488,9999.000,9999.000,9999.000,9999.000,9999.000,9999.000,9999.000
202605200924,  -0.140,   0.508,9999.000,9999.000,9999.000,9999.000,9999.000,9999.000,9999.000
202605200930,  -0.115,   0.531,9999.000,9999.000,9999.000,9999.000,9999.000,9999.000,9999.000
202605200936,  -0.089,   0.560,9999.000,9999.000,9999.000,9999.000,9999.000,9999.000,9999.000
202605200942,  -0.062,   0.600,9999.000,9999.000,9999.000,9999.000,9999.000,9999.000,9999.000
202605200948,  -0.035,   0.688,9999.000,9999.000,9999.000,9999.000,9999.000,9999.000,9999.000
202605200954,  -0.006,   0.770,9999.000,9999.000,9999.000,9999.000,9999.000,9999.000,9999.000
202605201000,   0.021,   0.580,   0.600,  -0.041,   0.580,   0.600,   0.580,   0.600,   0.580
202605201006,   0.051,   0.751,9999.000,9999.000,9999.000,9999.000,9999.000,9999.000,9999.000
202605201012,   0.081,   0.659,9999.000,9999.000,9999.000,9999.000,9999.000,9999.000,9999.000
202605201018,   0.111,   0.678,9999.000,9999.000,9999.000,9999.000,9999.000,9999.000,9999.000
202605201024,   0.142,   0.731,9999.000,9999.000,9999.000,9999.000,9999.000,9999.000,9999.000
202605201030,   0.173,   0.849,9999.000,9999.000,9999.000,9999.000,9999.000,9999.000,9999.000
202605201036,   0.204,   0.859,9999.000,9999.000,9999.000,9999.000,9999.000,9999.000,9999.000
202605201042,   0.236,   0.980,9999.000,9999.000,9999.000,9999.000,9999.000,9999.000,9999.000
202605201048,   0.268,   0.941,9999.000,9999.000,9999.000,9999.000,9999.000,9999.000,9999.000
202605201054,   0.300,   1.010,9999.000,9999.000,9999.000,9999.000,9999.000,9999.000,9999.000
202605201100,   0.332,   0.918,   0.600,  -0.014,   0.918,   0.600,   0.918,   0.600,   0.918
202605201106,   0.364,   1.029,9999.000,9999.000,9999.000,9999.000,9999.000,9999.000,9999.000
202605201112,   0.396,   1.010,9999.000,9999.000,9999.000,9999.000,9999.000,9999.000,9999.000
202605201118,   0.429,   1.049,9999.000,9999.000,9999.000,9999.000,9999.000,9999.000,9999.000
202605201124,   0.460,   1.128,9999.000,9999.000,9999.000,9999.000,9999.000,9999.000,9999.000
202605201130,   0.492,   1.161,9999.000,9999.000,9999.000,9999.000,9999.000,9999.000,9999.000
202605201136,   0.524,   1.210,9999.000,9999.000,9999.000,9999.000,9999.000,9999.000,9999.000
202605201142,   0.555,   1.239,9999.000,9999.000,9999.000,9999.000,9999.000,9999.000,9999.000
202605201148,   0.586,   1.269,9999.000,9999.000,9999.000,9999.000,9999.000,9999.000,9999.000
202605201154,   0.617,   1.279,9999.000,9999.000,9999.000,9999.000,9999.000,9999.000,9999.000
202605201200,   0.647,   1.298,   0.600,   0.051,   1.298,   0.600,   1.298,   0.700,   1.398
202605201206,   0.677,   1.328,9999.000,9999.000,9999.000,9999.000,9999.000,9999.000,9999.000
202605201212,   0.707,   1.348,9999.000,9999.000,9999.000,9999.000,9999.000,9999.000,9999.000
202605201218,   0.736,   1.361,9999.000,9999.000,9999.000,9999.000,9999.000,9999.000,9999.000
202605201224,   0.765,   1.410,9999.000,9999.000,9999.000,9999.000,9999.000,9999.000,9999.000
202605201230,   0.793,   1.430,9999.000,9999.000,9999.000,9999.000,9999.000,9999.000,9999.000
202605201236,   0.821,   1.479,9999.000,9999.000,9999.000,9999.000,9999.000,9999.000,9999.000
202605201242,   0.849,   1.508,9999.000,9999.000,9999.000,9999.000,9999.000,9999.000,9999.000
202605201248,   0.876,   1.528,9999.000,9999.000,9999.000,9999.000,9999.000,9999.000,9999.000
202605201254,   0.903,   1.580,9999.000,9999.000,9999.000,9999.000,9999.000,9999.000,9999.000
202605201300,   0.929,   1.571,   0.600,   0.042,   1.571,   0.600,   1.571,   0.700,   1.671
202605201306,   0.955,   1.630,9999.000,9999.000,9999.000,9999.000,9999.000,9999.000,9999.000
202605201312,   0.981,   1.639,9999.000,9999.000,9999.000,9999.000,9999.000,9999.000,9999.000
202605201318,   1.007,   1.669,9999.000,9999.000,9999.000,9999.000,9999.000,9999.000,9999.000
202605201324,   1.032,   1.699,9999.000,9999.000,9999.000,9999.000,9999.000,9999.000,9999.000
202605201330,   1.057,   1.728,9999.000,9999.000,9999.000,9999.000,9999.000,9999.000,9999.000
202605201336,   1.082,   1.758,9999.000,9999.000,9999.000,9999.000,9999.000,9999.000,9999.000
202605201342,   1.107,   1.767,9999.000,9999.000,9999.000,9999.000,9999.000,9999.000,9999.000
202605201348,   1.132,   1.781,9999.000,9999.000,9999.000,9999.000,9999.000,9999.000,9999.000
202605201354,   1.157,   1.810,9999.000,9999.000,9999.000,9999.000,9999.000,9999.000,9999.000
202605201400,   1.181,   1.820,   0.600,   0.039,   1.820,   0.600,   1.820,   0.700,   1.920
202605201406,   1.206,   1.869,9999.000,9999.000,9999.000,9999.000,9999.000,9999.000,9999.000
202605201412,   1.231,   1.879,9999.000,9999.000,9999.000,9999.000,9999.000,9999.000,9999.000
202605201418,   1.256,   1.938,9999.000,9999.000,9999.000,9999.000,9999.000,9999.000,9999.000
202605201424,   1.282,   1.967,9999.000,9999.000,9999.000,9999.000,9999.000,9999.000,9999.000
202605201430,   1.307,   2.000,9999.000,9999.000,9999.000,9999.000,9999.000,9999.000,9999.000
202605201436,   1.332,   2.020,9999.000,9999.000,9999.000,9999.000,9999.000,9999.000,9999.000
202605201442,   1.358,   2.030,9999.000,9999.000,9999.000,9999.000,9999.000,9999.000,9999.000
202605201448,   1.384,   2.049,9999.000,9999.000,9999.000,9999.000,9999.000,9999.000,9999.000
202605201454,   1.411,   2.069,9999.000,9999.000,9999.000,9999.000,9999.000,9999.000,9999.000
202605201500,   1.437,   2.099,   0.600,   0.062,   2.099,   0.600,   2.099,   0.700,   2.199
202605201506,   1.464,   2.138,9999.000,9999.000,9999.000,9999.000,9999.000,9999.000,9999.000
202605201512,   1.491,   2.168,9999.000,9999.000,9999.000,9999.000,9999.000,9999.000,9999.000
202605201518,   1.518,   2.220,9999.000,9999.000,9999.000,9999.000,9999.000,9999.000,9999.000
202605201524,   1.545,   2.250,9999.000,9999.000,9999.000,9999.000,9999.000,9999.000,9999.000
202605201530,   1.573,   2.269,9999.000,9999.000,9999.000,9999.000,9999.000,9999.000,9999.000
202605201536,   1.601,   2.289,9999.000,9999.000,9999.000,9999.000,9999.000,9999.000,9999.000
202605201542,   1.628,   2.309,9999.000,9999.000,9999.000,9999.000,9999.000,9999.000,9999.000
202605201548,   1.656,   2.318,9999.000,9999.000,9999.000,9999.000,9999.000,9999.000,9999.000
202605201554,   1.684,   2.328,9999.000,9999.000,9999.000,9999.000,9999.000,9999.000,9999.000
202605201600,   1.712,   2.358,   0.700,  -0.054,   2.358,   0.600,   2.258,   0.700,   2.358
202605201606,   1.740,   2.387,9999.000,9999.000,9999.000,9999.000,9999.000,9999.000,9999.000
202605201612,   1.767,   2.420,9999.000,9999.000,9999.000,9999.000,9999.000,9999.000,9999.000
202605201618,   1.795,   2.459,9999.000,9999.000,9999.000,9999.000,9999.000,9999.000,9999.000
202605201624,   1.822,   2.499,9999.000,9999.000,9999.000,9999.000,9999.000,9999.000,9999.000
202605201630,   1.849,   2.528,9999.000,9999.000,9999.000,9999.000,9999.000,9999.000,9999.000
202605201636,   1.876,   2.548,9999.000,9999.000,9999.000,9999.000,9999.000,9999.000,9999.000
202605201642,   1.902,   2.578,9999.000,9999.000,9999.000,9999.000,9999.000,9999.000,9999.000
202605201648,   1.928,   2.597,9999.000,9999.000,9999.000,9999.000,9999.000,9999.000,9999.000
202605201654,   1.953,   2.620,9999.000,9999.000,9999.000,9999.000,9999.000,9999.000,9999.000
202605201700,   1.978,   2.650,   0.700,  -0.028,   2.650,   0.600,   2.550,   0.700,   2.650
202605201706,   2.002,   2.650,9999.000,9999.000,9999.000,9999.000,9999.000,9999.000,9999.000
202605201712,   2.026,   2.699,9999.000,9999.000,9999.000,9999.000,9999.000,9999.000,9999.000
202605201718,   2.049,   2.719,9999.000,9999.000,9999.000,9999.000,9999.000,9999.000,9999.000
202605201724,   2.071,   2.758,9999.000,9999.000,9999.000,9999.000,9999.000,9999.000,9999.000
202605201730,   2.093,   2.748,9999.000,9999.000,9999.000,9999.000,9999.000,9999.000,9999.000
202605201736,   2.114,   2.768,9999.000,9999.000,9999.000,9999.000,9999.000,9999.000,9999.000
202605201742,   2.134,   2.787,9999.000,9999.000,9999.000,9999.000,9999.000,9999.000,9999.000
202605201748,   2.153,   2.807,9999.000,9999.000,9999.000,9999.000,9999.000,9999.000,9999.000
202605201754,   2.171,   2.807,9999.000,9999.000,9999.000,9999.000,9999.000,9999.000,9999.000
202605201800,   2.189,   2.830,   0.700,  -0.059,   2.830,   0.600,   2.730,   0.700,   2.830
202605201806,   2.205,   2.830,9999.000,9999.000,9999.000,9999.000,9999.000,9999.000,9999.000
202605201812,   2.221,   2.850,9999.000,9999.000,9999.000,9999.000,9999.000,9999.000,9999.000
202605201818,   2.235,   2.850,9999.000,9999.000,9999.000,9999.000,9999.000,9999.000,9999.000
202605201824,   2.249,   2.869,9999.000,9999.000,9999.000,9999.000,9999.000,9999.000,9999.000
202605201830,   2.262,   2.879,9999.000,9999.000,9999.000,9999.000,9999.000,9999.000,9999.000
202605201836,   2.274,   2.879,9999.000,9999.000,9999.000,9999.000,9999.000,9999.000,9999.000
202605201842,   2.284,   2.919,9999.000,9999.000,9999.000,9999.000,9999.000,9999.000,9999.000
202605201848,   2.294,   2.919,9999.000,9999.000,9999.000,9999.000,9999.000,9999.000,9999.000
202605201854,   2.303,   2.958,9999.000,9999.000,9999.000,9999.000,9999.000,9999.000,9999.000
202605201900,   2.311,   2.978,   0.700,  -0.033,   2.978,   0.700,   2.978,   0.700,   2.978
202605201906,   2.318,   2.997,9999.000,9999.000,9999.000,9999.000,9999.000,9999.000,9999.000
202605201912,   2.323,   3.017,9999.000,9999.000,9999.000,9999.000,9999.000,9999.000,9999.000
202605201918,   2.328,   3.017,9999.000,9999.000,9999.000,9999.000,9999.000,9999.000,9999.000
202605201924,   2.332,   2.958,9999.000,9999.000,9999.000,9999.000,9999.000,9999.000,9999.000
202605201930,   2.335,   3.040,9999.000,9999.000,9999.000,9999.000,9999.000,9999.000,9999.000
202605201936,   2.336,   2.929,9999.000,9999.000,9999.000,9999.000,9999.000,9999.000,9999.000
202605201942,   2.337,   3.040,9999.000,9999.000,9999.000,9999.000,9999.000,9999.000,9999.000
202605201948,   2.337,   3.030,9999.000,9999.000,9999.000,9999.000,9999.000,9999.000,9999.000
202605201954,   2.335,   3.079,9999.000,9999.000,9999.000,9999.000,9999.000,9999.000,9999.000
202605202000,   2.333,   3.089,   0.700,   0.056,   3.089,   0.700,   3.089,   0.700,   3.089
202605202006,   2.330,   3.089,9999.000,9999.000,9999.000,9999.000,9999.000,9999.000,9999.000
202605202012,   2.326,   3.070,9999.000,9999.000,9999.000,9999.000,9999.000,9999.000,9999.000
202605202018,   2.320,   3.040,9999.000,9999.000,9999.000,9999.000,9999.000,9999.000,9999.000
202605202024,   2.314,   3.040,9999.000,9999.000,9999.000,9999.000,9999.000,9999.000,9999.000
202605202030,   2.307,   3.040,9999.000,9999.000,9999.000,9999.000,9999.000,9999.000,9999.000
202605202036,   2.299,   3.060,9999.000,9999.000,9999.000,9999.000,9999.000,9999.000,9999.000
202605202042,   2.290,   3.070,9999.000,9999.000,9999.000,9999.000,9999.000,9999.000,9999.000
202605202048,   2.280,   3.109,9999.000,9999.000,9999.000,9999.000,9999.000,9999.000,9999.000
202605202054,   2.269,   3.099,9999.000,9999.000,9999.000,9999.000,9999.000,9999.000,9999.000
202605202100,   2.258,   3.089,   0.700,   0.131,   3.089,   0.700,   3.089,   0.700,   3.089
202605202106,   2.245,   3.070,9999.000,9999.000,9999.000,9999.000,9999.000,9999.000,9999.000
202605202112,   2.232,   3.060,9999.000,9999.000,9999.000,9999.000,9999.000,9999.000,9999.000
202605202118,   2.218,   3.030,9999.000,9999.000,9999.000,9999.000,9999.000,9999.000,9999.000
202605202124,   2.203,   3.030,9999.000,9999.000,9999.000,9999.000,9999.000,9999.000,9999.000
202605202130,   2.187,   3.040,9999.000,9999.000,9999.000,9999.000,9999.000,9999.000,9999.000
202605202136,   2.171,   3.030,9999.000,9999.000,9999.000,9999.000,9999.000,9999.000,9999.000
202605202142,   2.154,   3.017,9999.000,9999.000,9999.000,9999.000,9999.000,9999.000,9999.000
202605202148,   2.136,   3.017,9999.000,9999.000,9999.000,9999.000,9999.000,9999.000,9999.000
202605202154,   2.118,   2.988,9999.000,9999.000,9999.000,9999.000,9999.000,9999.000,9999.000
202605202200,   2.099,   2.968,   0.700,   0.169,   2.968,   0.700,   2.968,   0.800,   3.068
202605202206,   2.079,   2.929,9999.000,9999.000,9999.000,9999.000,9999.000,9999.000,9999.000
202605202212,   2.059,   2.899,9999.000,9999.000,9999.000,9999.000,9999.000,9999.000,9999.000
202605202218,   2.038,   2.869,9999.000,9999.000,9999.000,9999.000,9999.000,9999.000,9999.000
202605202224,   2.017,   2.840,9999.000,9999.000,9999.000,9999.000,9999.000,9999.000,9999.000
202605202230,   1.995,   2.830,9999.000,9999.000,9999.000,9999.000,9999.000,9999.000,9999.000
202605202236,   1.972,   2.797,9999.000,9999.000,9999.000,9999.000,9999.000,9999.000,9999.000
202605202242,   1.949,   2.787,9999.000,9999.000,9999.000,9999.000,9999.000,9999.000,9999.000
202605202248,   1.925,   2.807,9999.000,9999.000,9999.000,9999.000,9999.000,9999.000,9999.000
202605202254,   1.901,   2.699,9999.000,9999.000,9999.000,9999.000,9999.000,9999.000,9999.000
202605202300,   1.876,   2.630,   0.700,   0.054,   2.630,   0.700,   2.630,   0.800,   2.730
202605202306,   1.851,   2.709,9999.000,9999.000,9999.000,9999.000,9999.000,9999.000,9999.000
202605202312,   1.825,   2.709,9999.000,9999.000,9999.000,9999.000,9999.000,9999.000,9999.000
202605202318,   1.799,   2.610,9999.000,9999.000,9999.000,9999.000,9999.000,9999.000,9999.000
202605202324,   1.772,   2.620,9999.000,9999.000,9999.000,9999.000,9999.000,9999.000,9999.000
202605202330,   1.744,   2.597,9999.000,9999.000,9999.000,9999.000,9999.000,9999.000,9999.000
202605202336,   1.716,   2.597,9999.000,9999.000,9999.000,9999.000,9999.000,9999.000,9999.000
202605202342,   1.688,   2.558,9999.000,9999.000,9999.000,9999.000,9999.000,9999.000,9999.000
202605202348,   1.659,   2.509,9999.000,9999.000,9999.000,9999.000,9999.000,9999.000,9999.000
202605202354,   1.629,   2.440,9999.000,9999.000,9999.000,9999.000,9999.000,9999.000,9999.000
202605210000,   1.599,   2.400,   0.700,   0.101,   2.400,   0.700,   2.400,   0.700,   2.400
202605210006,   1.568,   2.368,9999.000,9999.000,9999.000,9999.000,9999.000,9999.000,9999.000
202605210012,   1.537,   2.318,9999.000,9999.000,9999.000,9999.000,9999.000,9999.000,9999.000
202605210018,   1.505,   2.299,9999.000,9999.000,9999.000,9999.000,9999.000,9999.000,9999.000
202605210024,   1.473,   2.269,9999.000,9999.000,9999.000,9999.000,9999.000,9999.000,9999.000
202605210030,   1.440,   2.250,9999.000,9999.000,9999.000,9999.000,9999.000,9999.000,9999.000
202605210036,   1.407,   2.220,9999.000,9999.000,9999.000,9999.000,9999.000,9999.000,9999.000
202605210042,   1.373,   2.138,9999.000,9999.000,9999.000,9999.000,9999.000,9999.000,9999.000
202605210048,   1.339,   2.138,9999.000,9999.000,9999.000,9999.000,9999.000,9999.000,9999.000
202605210054,   1.305,   2.089,9999.000,9999.000,9999.000,9999.000,9999.000,9999.000,9999.000
202605210100,   1.270,   2.049,   0.700,   0.079,   2.049,   0.700,   2.049,   0.700,   2.049
202605210106,   1.235,   2.010,9999.000,9999.000,9999.000,9999.000,9999.000,9999.000,9999.000
202605210112,   1.200,   1.981,9999.000,9999.000,9999.000,9999.000,9999.000,9999.000,9999.000
202605210118,   1.164,   1.928,9999.000,9999.000,9999.000,9999.000,9999.000,9999.000,9999.000
202605210124,   1.129,   1.918,9999.000,9999.000,9999.000,9999.000,9999.000,9999.000,9999.000
202605210130,   1.093,   1.869,9999.000,9999.000,9999.000,9999.000,9999.000,9999.000,9999.000
202605210136,   1.057,   1.840,9999.000,9999.000,9999.000,9999.000,9999.000,9999.000,9999.000
202605210142,   1.021,   1.810,9999.000,9999.000,9999.000,9999.000,9999.000,9999.000,9999.000
202605210148,   0.985,   1.767,9999.000,9999.000,9999.000,9999.000,9999.000,9999.000,9999.000
202605210154,   0.949,   1.728,9999.000,9999.000,9999.000,9999.000,9999.000,9999.000,9999.000
202605210200,   0.914,   1.699,   0.700,   0.085,   1.699,   0.700,   1.699,   0.700,   1.699
202605210206,   0.878,   1.649,9999.000,9999.000,9999.000,9999.000,9999.000,9999.000,9999.000
202605210212,   0.843,   1.620,9999.000,9999.000,9999.000,9999.000,9999.000,9999.000,9999.000
202605210218,   0.808,   1.590,9999.000,9999.000,9999.000,9999.000,9999.000,9999.000,9999.000
202605210224,   0.773,   1.571,9999.000,9999.000,9999.000,9999.000,9999.000,9999.000,9999.000
202605210230,   0.739,   1.538,9999.000,9999.000,9999.000,9999.000,9999.000,9999.000,9999.000
202605210236,   0.705,   1.528,9999.000,9999.000,9999.000,9999.000,9999.000,9999.000,9999.000
202605210242,   0.671,   1.489,9999.000,9999.000,9999.000,9999.000,9999.000,9999.000,9999.000
202605210248,   0.638,   1.459,9999.000,9999.000,9999.000,9999.000,9999.000,9999.000,9999.000
202605210254,   0.605,   1.439,9999.000,9999.000,9999.000,9999.000,9999.000,9999.000,9999.000
202605210300,   0.573,   1.390,   0.700,   0.117,   1.390,   0.700,   1.390,   0.700,   1.390
202605210306,   0.541,   1.361,9999.000,9999.000,9999.000,9999.000,9999.000,9999.000,9999.000
202605210312,   0.510,   1.338,9999.000,9999.000,9999.000,9999.000,9999.000,9999.000,9999.000
202605210318,   0.479,   1.318,9999.000,9999.000,9999.000,9999.000,9999.000,9999.000,9999.000
202605210324,   0.449,   1.298,9999.000,9999.000,9999.000,9999.000,9999.000,9999.000,9999.000
202605210330,   0.419,   1.279,9999.000,9999.000,9999.000,9999.000,9999.000,9999.000,9999.000
202605210336,   0.390,   1.259,9999.000,9999.000,9999.000,9999.000,9999.000,9999.000,9999.000
202605210342,   0.362,   1.229,9999.000,9999.000,9999.000,9999.000,9999.000,9999.000,9999.000
202605210348,   0.334,   1.200,9999.000,9999.000,9999.000,9999.000,9999.000,9999.000,9999.000
202605210354,   0.306,   1.170,9999.000,9999.000,9999.000,9999.000,9999.000,9999.000,9999.000
202605210400,   0.279,   1.151,   0.700,   0.172,   1.151,   0.700,   1.151,   0.700,   1.151
202605210406,   0.253,   1.128,9999.000,9999.000,9999.000,9999.000,9999.000,9999.000,9999.000
202605210412,   0.227,   1.098,9999.000,9999.000,9999.000,9999.000,9999.000,9999.000,9999.000
202605210418,   0.201,   1.098,9999.000,9999.000,9999.000,9999.000,9999.000,9999.000,9999.000
202605210424,   0.177,   1.069,9999.000,9999.000,9999.000,9999.000,9999.000,9999.000,9999.000
202605210430,   0.152,   1.069,9999.000,9999.000,9999.000,9999.000,9999.000,9999.000,9999.000
202605210436,   0.128,   1.039,9999.000,9999.000,9999.000,9999.000,9999.000,9999.000,9999.000
202605210442,   0.105,   1.039,9999.000,9999.000,9999.000,9999.000,9999.000,9999.000,9999.000
202605210448,   0.082,   1.029,9999.000,9999.000,9999.000,9999.000,9999.000,9999.000,9999.000
202605210454,   0.059,   1.000,9999.000,9999.000,9999.000,9999.000,9999.000,9999.000,9999.000
202605210500,   0.037,   0.961,   0.700,   0.224,   0.961,   0.700,   0.961,   0.700,   0.961
202605210506,   0.015,   0.970,9999.000,9999.000,9999.000,9999.000,9999.000,9999.000,9999.000
202605210512,  -0.005,   0.961,9999.000,9999.000,9999.000,9999.000,9999.000,9999.000,9999.000
202605210518,  -0.025,   0.951,9999.000,9999.000,9999.000,9999.000,9999.000,9999.000,9999.000
202605210524,  -0.046,   0.908,9999.000,9999.000,9999.000,9999.000,9999.000,9999.000,9999.000
202605210530,  -0.065,   0.918,9999.000,9999.000,9999.000,9999.000,9999.000,9999.000,9999.000
202605210536,  -0.085,   0.869,9999.000,9999.000,9999.000,9999.000,9999.000,9999.000,9999.000
202605210542,  -0.103,   0.849,9999.000,9999.000,9999.000,9999.000,9999.000,9999.000,9999.000
202605210548,  -0.121,   0.829,9999.000,9999.000,9999.000,9999.000,9999.000,9999.000,9999.000
202605210554,  -0.139,   0.790,9999.000,9999.000,9999.000,9999.000,9999.000,9999.000,9999.000
202605210600,  -0.156,   0.780,   0.700,   0.236,   0.780,   0.700,   0.780,   0.700,   0.780
202605210606,  -0.172,   0.760,9999.000,9999.000,9999.000,9999.000,9999.000,9999.000,9999.000
202605210612,  -0.188,   0.731,9999.000,9999.000,9999.000,9999.000,9999.000,9999.000,9999.000
202605210618,  -0.203,   0.718,9999.000,9999.000,9999.000,9999.000,9999.000,9999.000,9999.000
202605210624,  -0.218,   0.698,9999.000,9999.000,9999.000,9999.000,9999.000,9999.000,9999.000
202605210630,  -0.231,   0.678,9999.000,9999.000,9999.000,9999.000,9999.000,9999.000,9999.000
202605210636,  -0.244,   0.678,9999.000,9999.000,9999.000,9999.000,9999.000,9999.000,9999.000
202605210642,  -0.257,   0.669,9999.000,9999.000,9999.000,9999.000,9999.000,9999.000,9999.000
202605210648,  -0.268,   0.669,9999.000,9999.000,9999.000,9999.000,9999.000,9999.000,9999.000
202605210654,  -0.279,   0.649,9999.000,9999.000,9999.000,9999.000,9999.000,9999.000,9999.000
202605210700,  -0.288,   0.639,   0.700,   0.227,   0.639,   0.700,   0.639,   0.700,   0.639
202605210706,  -0.297,   0.580,9999.000,9999.000,9999.000,9999.000,9999.000,9999.000,9999.000
202605210712,  -0.305,   0.600,9999.000,9999.000,9999.000,9999.000,9999.000,9999.000,9999.000
202605210718,  -0.312,   0.508,9999.000,9999.000,9999.000,9999.000,9999.000,9999.000,9999.000
202605210724,  -0.319,   0.498,9999.000,9999.000,9999.000,9999.000,9999.000,9999.000,9999.000
202605210730,  -0.324,   0.498,9999.000,9999.000,9999.000,9999.000,9999.000,9999.000,9999.000
202605210736,  -0.328,   0.449,9999.000,9999.000,9999.000,9999.000,9999.000,9999.000,9999.000
202605210742,  -0.331,   0.498,9999.000,9999.000,9999.000,9999.000,9999.000,9999.000,9999.000
202605210748,  -0.334,   0.429,9999.000,9999.000,9999.000,9999.000,9999.000,9999.000,9999.000
202605210754,  -0.335,   0.449,9999.000,9999.000,9999.000,9999.000,9999.000,9999.000,9999.000
202605210800,  -0.335,   0.449,   0.700,   0.084,   0.449,   0.700,   0.449,   0.700,   0.449
202605210806,  -0.334,   0.459,9999.000,9999.000,9999.000,9999.000,9999.000,9999.000,9999.000
202605210812,  -0.332,   0.449,9999.000,9999.000,9999.000,9999.000,9999.000,9999.000,9999.000
202605210818,  -0.330,   0.469,9999.000,9999.000,9999.000,9999.000,9999.000,9999.000,9999.000
202605210824,  -0.326,   0.469,9999.000,9999.000,9999.000,9999.000,9999.000,9999.000,9999.000
202605210830,  -0.321,   0.459,9999.000,9999.000,9999.000,9999.000,9999.000,9999.000,9999.000
202605210836,  -0.314,   0.449,9999.000,9999.000,9999.000,9999.000,9999.000,9999.000,9999.000
202605210842,  -0.307,   0.449,9999.000,9999.000,9999.000,9999.000,9999.000,9999.000,9999.000
202605210848,  -0.299,   0.459,9999.000,9999.000,9999.000,9999.000,9999.000,9999.000,9999.000
202605210854,  -0.289,   0.449,9999.000,9999.000,9999.000,9999.000,9999.000,9999.000,9999.000
202605210900,  -0.279,   0.469,   0.700,   0.048,   0.469,   0.700,   0.469,   0.700,   0.469
202605210906,  -0.267,   0.469,9999.000,9999.000,9999.000,9999.000,9999.000,9999.000,9999.000
202605210912,  -0.255,   0.459,9999.000,9999.000,9999.000,9999.000,9999.000,9999.000,9999.000
202605210918,  -0.241,   0.449,9999.000,9999.000,9999.000,9999.000,9999.000,9999.000,9999.000
202605210924,  -0.226,   0.488,9999.000,9999.000,9999.000,9999.000,9999.000,9999.000,9999.000
202605210930,  -0.210,   0.459,9999.000,9999.000,9999.000,9999.000,9999.000,9999.000,9999.000
202605210936,  -0.193,   0.508,9999.000,9999.000,9999.000,9999.000,9999.000,9999.000,9999.000
202605210942,  -0.175,   0.541,9999.000,9999.000,9999.000,9999.000,9999.000,9999.000,9999.000
202605210948,  -0.156,   0.560,9999.000,9999.000,9999.000,9999.000,9999.000,9999.000,9999.000
202605210954,  -0.136,   0.619,9999.000,9999.000,9999.000,9999.000,9999.000,9999.000,9999.000
202605211000,  -0.115,   0.610,   0.700,   0.025,   0.610,   0.700,   0.610,   0.700,   0.610
202605211006,  -0.093,   0.619,9999.000,9999.000,9999.000,9999.000,9999.000,9999.000,9999.000
202605211012,  -0.070,   0.678,9999.000,9999.000,9999.000,9999.000,9999.000,9999.000,9999.000
202605211018,  -0.047,   0.639,9999.000,9999.000,9999.000,9999.000,9999.000,9999.000,9999.000
202605211024,  -0.022,   0.698,9999.000,9999.000,9999.000,9999.000,9999.000,9999.000,9999.000
202605211030,   0.002,   0.678,9999.000,9999.000,9999.000,9999.000,9999.000,9999.000,9999.000
202605211036,   0.028,   0.731,9999.000,9999.000,9999.000,9999.000,9999.000,9999.000,9999.000
202605211042,   0.055,   0.741,9999.000,9999.000,9999.000,9999.000,9999.000,9999.000,9999.000
202605211048,   0.082,   0.800,9999.000,9999.000,9999.000,9999.000,9999.000,9999.000,9999.000
202605211054,   0.110,   0.800,9999.000,9999.000,9999.000,9999.000,9999.000,9999.000,9999.000
202605211100,   0.138,   0.879,   0.700,   0.041,   0.879,   0.700,   0.879,   0.700,   0.879
202605211106,   0.167,   0.879,9999.000,9999.000,9999.000,9999.000,9999.000,9999.000,9999.000
202605211112,   0.196,   0.918,9999.000,9999.000,9999.000,9999.000,9999.000,9999.000,9999.000
202605211118,   0.226,   0.941,9999.000,9999.000,9999.000,9999.000,9999.000,9999.000,9999.000
202605211124,   0.256,   0.970,9999.000,9999.000,9999.000,9999.000,9999.000,9999.000,9999.000
202605211130,   0.285,   1.010,9999.000,9999.000,9999.000,9999.000,9999.000,9999.000,9999.000
202605211136,   0.316,   1.049,9999.000,9999.000,9999.000,9999.000,9999.000,9999.000,9999.000
202605211142,   0.346,   1.079,9999.000,9999.000,9999.000,9999.000,9999.000,9999.000,9999.000
202605211148,   0.376,   1.138,9999.000,9999.000,9999.000,9999.000,9999.000,9999.000,9999.000
202605211154,   0.406,   1.170,9999.000,9999.000,9999.000,9999.000,9999.000,9999.000,9999.000
202605211200,   0.436,   1.210,   0.700,   0.074,   1.210,   0.700,   1.210,   0.700,   1.210
202605211206,   0.466,   1.249,9999.000,9999.000,9999.000,9999.000,9999.000,9999.000,9999.000
202605211212,   0.496,   1.289,9999.000,9999.000,9999.000,9999.000,9999.000,9999.000,9999.000
202605211218,   0.525,   1.318,9999.000,9999.000,9999.000,9999.000,9999.000,9999.000,9999.000
202605211224,   0.554,   1.328,9999.000,9999.000,9999.000,9999.000,9999.000,9999.000,9999.000
202605211230,   0.583,   1.361,9999.000,9999.000,9999.000,9999.000,9999.000,9999.000,9999.000
202605211236,   0.612,   1.400,9999.000,9999.000,9999.000,9999.000,9999.000,9999.000,9999.000
202605211242,   0.640,   1.410,9999.000,9999.000,9999.000,9999.000,9999.000,9999.000,9999.000
202605211248,   0.668,   1.439,9999.000,9999.000,9999.000,9999.000,9999.000,9999.000,9999.000
202605211254,   0.695,   1.479,9999.000,9999.000,9999.000,9999.000,9999.000,9999.000,9999.000
202605211300,   0.722,   1.508,   0.700,   0.086,   1.508,   0.700,   1.508,   0.700,   1.508
202605211306,   0.748,   1.528,9999.000,9999.000,9999.000,9999.000,9999.000,9999.000,9999.000
202605211312,   0.774,   1.548,9999.000,9999.000,9999.000,9999.000,9999.000,9999.000,9999.000
202605211318,   0.800,   1.590,9999.000,9999.000,9999.000,9999.000,9999.000,9999.000,9999.000
202605211324,   0.825,   1.600,9999.000,9999.000,9999.000,9999.000,9999.000,9999.000,9999.000
202605211330,   0.849,   1.630,9999.000,9999.000,9999.000,9999.000,9999.000,9999.000,9999.000
202605211336,   0.874,   1.659,9999.000,9999.000,9999.000,9999.000,9999.000,9999.000,9999.000
202605211342,   0.898,   1.699,9999.000,9999.000,9999.000,9999.000,9999.000,9999.000,9999.000
202605211348,   0.922,   1.728,9999.000,9999.000,9999.000,9999.000,9999.000,9999.000,9999.000
202605211354,   0.945,   1.767,9999.000,9999.000,9999.000,9999.000,9999.000,9999.000,9999.000
202605211400,   0.968,   1.810,   0.700,   0.142,   1.810,   0.700,   1.810,   0.700,   1.810
202605211406,   0.991,   1.840,9999.000,9999.000,9999.000,9999.000,9999.000,9999.000,9999.000
202605211412,   1.014,   1.859,9999.000,9999.000,9999.000,9999.000,9999.000,9999.000,9999.000
202605211418,   1.037,   1.889,9999.000,9999.000,9999.000,9999.000,9999.000,9999.000,9999.000
202605211424,   1.059,   1.889,9999.000,9999.000,9999.000,9999.000,9999.000,9999.000,9999.000
202605211430,   1.081,   1.908,9999.000,9999.000,9999.000,9999.000,9999.000,9999.000,9999.000
202605211436,   1.104,   1.908,9999.000,9999.000,9999.000,9999.000,9999.000,9999.000,9999.000
202605211442,   1.126,   1.967,9999.000,9999.000,9999.000,9999.000,9999.000,9999.000,9999.000
202605211448,   1.148,   2.049,9999.000,9999.000,9999.000,9999.000,9999.000,9999.000,9999.000
202605211454,   1.171,   2.020,9999.000,9999.000,9999.000,9999.000,9999.000,9999.000,9999.000
202605211500,   1.193,   1.928,   0.700,   0.035,   1.928,   0.700,   1.928,   0.700,   1.928
202605211506,   1.215,   2.079,9999.000,9999.000,9999.000,9999.000,9999.000,9999.000,9999.000
202605211512,   1.238,   2.148,9999.000,9999.000,9999.000,9999.000,9999.000,9999.000,9999.000
202605211518,   1.260,   2.118,9999.000,9999.000,9999.000,9999.000,9999.000,9999.000,9999.000
202605211524,   1.283,   2.148,9999.000,9999.000,9999.000,9999.000,9999.000,9999.000,9999.000
202605211530,   1.306,   2.220,9999.000,9999.000,9999.000,9999.000,9999.000,9999.000,9999.000
202605211536,   1.329,   2.279,9999.000,9999.000,9999.000,9999.000,9999.000,9999.000,9999.000
202605211542,   1.351,   2.279,9999.000,9999.000,9999.000,9999.000,9999.000,9999.000,9999.000
202605211548,   1.374,   2.358,9999.000,9999.000,9999.000,9999.000,9999.000,9999.000,9999.000
202605211554,   1.398,   2.299,9999.000,9999.000,9999.000,9999.000,9999.000,9999.000,9999.000
202605211600,   1.421,   2.328,   0.700,   0.207,   2.328,   0.700,   2.328,   0.800,   2.428
202605211606,   1.444,   2.420,9999.000,9999.000,9999.000,9999.000,9999.000,9999.000,9999.000
202605211612,   1.467,   2.377,9999.000,9999.000,9999.000,9999.000,9999.000,9999.000,9999.000
202605211618,   1.490,   2.450,9999.000,9999.000,9999.000,9999.000,9999.000,9999.000,9999.000
202605211624,   1.513,   2.479,9999.000,9999.000,9999.000,9999.000,9999.000,9999.000,9999.000
202605211630,   1.537,   2.489,9999.000,9999.000,9999.000,9999.000,9999.000,9999.000,9999.000
202605211636,   1.560,   2.489,9999.000,9999.000,9999.000,9999.000,9999.000,9999.000,9999.000
202605211642,   1.583,   2.528,9999.000,9999.000,9999.000,9999.000,9999.000,9999.000,9999.000
202605211648,   1.606,   2.558,9999.000,9999.000,9999.000,9999.000,9999.000,9999.000,9999.000
202605211654,   1.629,   2.568,9999.000,9999.000,9999.000,9999.000,9999.000,9999.000,9999.000
202605211700,   1.651,   2.610,   0.700,   0.259,   2.610,   0.700,   2.610,   0.800,   2.710
202605211706,   1.674,   2.630,9999.000,9999.000,9999.000,9999.000,9999.000,9999.000,9999.000
202605211712,   1.696,   2.660,9999.000,9999.000,9999.000,9999.000,9999.000,9999.000,9999.000
202605211718,   1.718,   2.669,9999.000,9999.000,9999.000,9999.000,9999.000,9999.000,9999.000
202605211724,   1.739,   2.709,9999.000,9999.000,9999.000,9999.000,9999.000,9999.000,9999.000
202605211730,   1.761,   2.699,9999.000,9999.000,9999.000,9999.000,9999.000,9999.000,9999.000
202605211736,   1.782,   2.728,9999.000,9999.000,9999.000,9999.000,9999.000,9999.000,9999.000
202605211742,   1.803,   2.748,9999.000,9999.000,9999.000,9999.000,9999.000,9999.000,9999.000
202605211748,   1.823,   2.758,9999.000,9999.000,9999.000,9999.000,9999.000,9999.000,9999.000
202605211754,   1.843,   2.768,9999.000,9999.000,9999.000,9999.000,9999.000,9999.000,9999.000
202605211800,   1.862,   2.778,   0.700,   0.216,   2.778,   0.700,   2.778,   0.800,   2.878
202605211806,   1.881,   2.787,9999.000,9999.000,9999.000,9999.000,9999.000,9999.000,9999.000
202605211812,   1.900,   2.807,9999.000,9999.000,9999.000,9999.000,9999.000,9999.000,9999.000
202605211818,   1.918,   2.830,9999.000,9999.000,9999.000,9999.000,9999.000,9999.000,9999.000
202605211824,   1.935,   2.860,9999.000,9999.000,9999.000,9999.000,9999.000,9999.000,9999.000
202605211830,   1.952,   2.889,9999.000,9999.000,9999.000,9999.000,9999.000,9999.000,9999.000
202605211836,   1.968,   2.919,9999.000,9999.000,9999.000,9999.000,9999.000,9999.000,9999.000
202605211842,   1.984,   2.938,9999.000,9999.000,9999.000,9999.000,9999.000,9999.000,9999.000
202605211848,   1.999,   2.968,9999.000,9999.000,9999.000,9999.000,9999.000,9999.000,9999.000
202605211854,   2.013,   2.997,9999.000,9999.000,9999.000,9999.000,9999.000,9999.000,9999.000
202605211900,   2.027,   3.017,   0.800,   0.190,   3.017,   0.700,   2.917,   0.800,   3.017
202605211906,   2.039,   3.040,9999.000,9999.000,9999.000,9999.000,9999.000,9999.000,9999.000
202605211912,   2.052,   3.060,9999.000,9999.000,9999.000,9999.000,9999.000,9999.000,9999.000
202605211918,   2.063,   3.060,9999.000,9999.000,9999.000,9999.000,9999.000,9999.000,9999.000
202605211924,   2.073,   3.070,9999.000,9999.000,9999.000,9999.000,9999.000,9999.000,9999.000
202605211930,   2.083,   3.079,9999.000,9999.000,9999.000,9999.000,9999.000,9999.000,9999.000
202605211936,   2.092,   3.079,9999.000,9999.000,9999.000,9999.000,9999.000,9999.000,9999.000
202605211942,   2.100,   3.079,9999.000,9999.000,9999.000,9999.000,9999.000,9999.000,9999.000
202605211948,   2.107,   3.070,9999.000,9999.000,9999.000,9999.000,9999.000,9999.000,9999.000
202605211954,   2.113,   3.089,9999.000,9999.000,9999.000,9999.000,9999.000,9999.000,9999.000
202605212000,   2.119,   3.099,   0.800,   0.180,   3.099,   0.800,   3.099,   0.800,   3.099
202605212006,   2.123,   3.109,9999.000,9999.000,9999.000,9999.000,9999.000,9999.000,9999.000
202605212012,   2.127,   3.119,9999.000,9999.000,9999.000,9999.000,9999.000,9999.000,9999.000
202605212018,   2.129,   3.138,9999.000,9999.000,9999.000,9999.000,9999.000,9999.000,9999.000
202605212024,   2.131,   3.129,9999.000,9999.000,9999.000,9999.000,9999.000,9999.000,9999.000
202605212030,   2.132,   3.138,9999.000,9999.000,9999.000,9999.000,9999.000,9999.000,9999.000
202605212036,   2.131,   3.148,9999.000,9999.000,9999.000,9999.000,9999.000,9999.000,9999.000
202605212042,   2.130,   3.148,9999.000,9999.000,9999.000,9999.000,9999.000,9999.000,9999.000
202605212048,   2.128,   3.178,9999.000,9999.000,9999.000,9999.000,9999.000,9999.000,9999.000
202605212054,   2.125,   3.207,9999.000,9999.000,9999.000,9999.000,9999.000,9999.000,9999.000
202605212100,   2.122,   3.217,   0.800,   0.295,   3.217,   0.800,   3.217,   0.900,   3.317
202605212106,   2.117,   3.230,9999.000,9999.000,9999.000,9999.000,9999.000,9999.000,9999.000
202605212112,   2.111,   3.207,9999.000,9999.000,9999.000,9999.000,9999.000,9999.000,9999.000
202605212118,   2.105,   3.188,9999.000,9999.000,9999.000,9999.000,9999.000,9999.000,9999.000
202605212124,   2.098,   3.230,9999.000,9999.000,9999.000,9999.000,9999.000,9999.000,9999.000
202605212130,   2.090,   3.158,9999.000,9999.000,9999.000,9999.000,9999.000,9999.000,9999.000
202605212136,   2.081,   3.188,9999.000,9999.000,9999.000,9999.000,9999.000,9999.000,9999.000
202605212142,   2.072,   3.158,9999.000,9999.000,9999.000,9999.000,9999.000,9999.000,9999.000
202605212148,   2.062,   3.158,9999.000,9999.000,9999.000,9999.000,9999.000,9999.000,9999.000
202605212154,   2.051,   3.138,9999.000,9999.000,9999.000,9999.000,9999.000,9999.000,9999.000
202605212200,   2.040,   3.119,   0.800,   0.279,   3.119,   0.800,   3.119,   0.900,   3.219
202605212206,   2.028,   3.129,9999.000,9999.000,9999.000,9999.000,9999.000,9999.000,9999.000
202605212212,   2.015,   3.119,9999.000,9999.000,9999.000,9999.000,9999.000,9999.000,9999.000
202605212218,   2.002,   3.109,9999.000,9999.000,9999.000,9999.000,9999.000,9999.000,9999.000
202605212224,   1.989,   3.109,9999.000,9999.000,9999.000,9999.000,9999.000,9999.000,9999.000
202605212230,   1.974,   3.089,9999.000,9999.000,9999.000,9999.000,9999.000,9999.000,9999.000
202605212236,   1.960,   3.089,9999.000,9999.000,9999.000,9999.000,9999.000,9999.000,9999.000
202605212242,   1.944,   3.089,9999.000,9999.000,9999.000,9999.000,9999.000,9999.000,9999.000
202605212248,   1.929,   3.109,9999.000,9999.000,9999.000,9999.000,9999.000,9999.000,9999.000
202605212254,   1.912,   3.129,9999.000,9999.000,9999.000,9999.000,9999.000,9999.000,9999.000
202605212300,   1.895,   3.109,   0.900,   0.314,   3.109,   0.800,   3.009,   0.900,   3.109
202605212306,   1.878,   3.109,9999.000,9999.000,9999.000,9999.000,9999.000,9999.000,9999.000
202605212312,   1.861,   3.060,9999.000,9999.000,9999.000,9999.000,9999.000,9999.000,9999.000
202605212318,   1.842,   3.030,9999.000,9999.000,9999.000,9999.000,9999.000,9999.000,9999.000
202605212324,   1.824,   2.968,9999.000,9999.000,9999.000,9999.000,9999.000,9999.000,9999.000
202605212330,   1.804,   2.929,9999.000,9999.000,9999.000,9999.000,9999.000,9999.000,9999.000
202605212336,   1.785,   2.889,9999.000,9999.000,9999.000,9999.000,9999.000,9999.000,9999.000
202605212342,   1.765,   2.850,9999.000,9999.000,9999.000,9999.000,9999.000,9999.000,9999.000
202605212348,   1.744,   2.840,9999.000,9999.000,9999.000,9999.000,9999.000,9999.000,9999.000
202605212354,   1.723,   2.797,9999.000,9999.000,9999.000,9999.000,9999.000,9999.000,9999.000
202605220000,   1.701,   2.787,   0.800,   0.286,   2.787,   0.800,   2.787,   0.900,   2.887
202605220006,   1.679,   2.758,9999.000,9999.000,9999.000,9999.000,9999.000,9999.000,9999.000
202605220012,   1.656,   2.748,9999.000,9999.000,9999.000,9999.000,9999.000,9999.000,9999.000
202605220018,   1.633,   2.709,9999.000,9999.000,9999.000,9999.000,9999.000,9999.000,9999.000
202605220024,   1.609,   2.689,9999.000,9999.000,9999.000,9999.000,9999.000,9999.000,9999.000
202605220030,   1.584,   2.669,9999.000,9999.000,9999.000,9999.000,9999.000,9999.000,9999.000
202605220036,   1.560,   2.650,9999.000,9999.000,9999.000,9999.000,9999.000,9999.000,9999.000
202605220042,   1.534,   2.620,9999.000,9999.000,9999.000,9999.000,9999.000,9999.000,9999.000
202605220048,   1.508,   2.620,9999.000,9999.000,9999.000,9999.000,9999.000,9999.000,9999.000
202605220054,   1.482,   2.587,9999.000,9999.000,9999.000,9999.000,9999.000,9999.000,9999.000
202605220100,   1.455,   2.538,   0.900,   0.183,   2.538,   0.800,   2.438,   0.900,   2.538
202605220106,   1.428,   2.578,9999.000,9999.000,9999.000,9999.000,9999.000,9999.000,9999.000
202605220112,   1.400,   2.387,9999.000,9999.000,9999.000,9999.000,9999.000,9999.000,9999.000
202605220118,   1.372,   2.430,9999.000,9999.000,9999.000,9999.000,9999.000,9999.000,9999.000
202605220124,   1.343,   2.420,9999.000,9999.000,9999.000,9999.000,9999.000,9999.000,9999.000
202605220130,   1.314,   2.400,9999.000,9999.000,9999.000,9999.000,9999.000,9999.000,9999.000
202605220136,   1.285,   2.358,9999.000,9999.000,9999.000,9999.000,9999.000,9999.000,9999.000
202605220142,   1.256,   2.410,9999.000,9999.000,9999.000,9999.000,9999.000,9999.000,9999.000
202605220148,   1.226,   2.358,9999.000,9999.000,9999.000,9999.000,9999.000,9999.000,9999.000
202605220154,   1.196,   2.348,9999.000,9999.000,9999.000,9999.000,9999.000,9999.000,9999.000
202605220200,   1.166,   2.299,   0.900,   0.233,   2.299,   0.800,   2.199,   0.900,   2.299
202605220206,   1.136,   2.250,9999.000,9999.000,9999.000,9999.000,9999.000,9999.000,9999.000
202605220212,   1.105,   2.210,9999.000,9999.000,9999.000,9999.000,9999.000,9999.000,9999.000
202605220218,   1.075,   2.168,9999.000,9999.000,9999.000,9999.000,9999.000,9999.000,9999.000
202605220224,   1.045,   2.168,9999.000,9999.000,9999.000,9999.000,9999.000,9999.000,9999.000
202605220230,   1.014,   2.148,9999.000,9999.000,9999.000,9999.000,9999.000,9999.000,9999.000
202605220236,   0.984,   2.109,9999.000,9999.000,9999.000,9999.000,9999.000,9999.000,9999.000
202605220242,   0.954,   2.089,9999.000,9999.000,9999.000,9999.000,9999.000,9999.000,9999.000
202605220248,   0.924,   2.069,9999.000,9999.000,9999.000,9999.000,9999.000,9999.000,9999.000
202605220254,   0.894,   2.040,9999.000,9999.000,9999.000,9999.000,9999.000,9999.000,9999.000
202605220300,   0.864,   2.040,   0.900,   0.276,   2.040,   0.800,   1.940,   0.900,   2.040
202605220306,   0.834,   2.020,9999.000,9999.000,9999.000,9999.000,9999.000,9999.000,9999.000
202605220312,   0.805,   1.990,9999.000,9999.000,9999.000,9999.000,9999.000,9999.000,9999.000
202605220318,   0.776,   1.990,9999.000,9999.000,9999.000,9999.000,9999.000,9999.000,9999.000
202605220324,   0.747,   1.928,9999.000,9999.000,9999.000,9999.000,9999.000,9999.000,9999.000
202605220330,   0.719,   1.908,9999.000,9999.000,9999.000,9999.000,9999.000,9999.000,9999.000
202605220336,   0.690,   1.879,9999.000,9999.000,9999.000,9999.000,9999.000,9999.000,9999.000
202605220342,   0.663,   1.869,9999.000,9999.000,9999.000,9999.000,9999.000,9999.000,9999.000
202605220348,   0.635,   1.849,9999.000,9999.000,9999.000,9999.000,9999.000,9999.000,9999.000
202605220354,   0.608,   1.810,9999.000,9999.000,9999.000,9999.000,9999.000,9999.000,9999.000
202605220400,   0.581,   1.781,   0.900,   0.300,   1.781,   0.800,   1.681,   1.000,   1.881
202605220406,   0.554,   1.748,9999.000,9999.000,9999.000,9999.000,9999.000,9999.000,9999.000
202605220412,   0.528,   1.728,9999.000,9999.000,9999.000,9999.000,9999.000,9999.000,9999.000
202605220418,   0.502,   1.718,9999.000,9999.000,9999.000,9999.000,9999.000,9999.000,9999.000
202605220424,   0.476,   1.689,9999.000,9999.000,9999.000,9999.000,9999.000,9999.000,9999.000
202605220430,   0.451,   1.689,9999.000,9999.000,9999.000,9999.000,9999.000,9999.000,9999.000
202605220436,   0.426,   1.679,9999.000,9999.000,9999.000,9999.000,9999.000,9999.000,9999.000
202605220442,   0.401,   1.649,9999.000,9999.000,9999.000,9999.000,9999.000,9999.000,9999.000
202605220448,   0.377,   1.639,9999.000,9999.000,9999.000,9999.000,9999.000,9999.000,9999.000
202605220454,   0.354,   1.620,9999.000,9999.000,9999.000,9999.000,9999.000,9999.000,9999.000
202605220500,   0.330,   1.610,   0.900,   0.380,   1.610,   0.800,   1.510,   1.000,   1.710
202605220506,   0.307,   1.571,9999.000,9999.000,9999.000,9999.000,9999.000,9999.000,9999.000
202605220512,   0.285,   1.557,9999.000,9999.000,9999.000,9999.000,9999.000,9999.000,9999.000
202605220518,   0.263,   1.528,9999.000,9999.000,9999.000,9999.000,9999.000,9999.000,9999.000
202605220524,   0.241,   1.508,9999.000,9999.000,9999.000,9999.000,9999.000,9999.000,9999.000
202605220530,   0.220,   1.498,9999.000,9999.000,9999.000,9999.000,9999.000,9999.000,9999.000
202605220536,   0.199,   1.479,9999.000,9999.000,9999.000,9999.000,9999.000,9999.000,9999.000
202605220542,   0.178,   1.489,9999.000,9999.000,9999.000,9999.000,9999.000,9999.000,9999.000
202605220548,   0.159,   1.489,9999.000,9999.000,9999.000,9999.000,9999.000,9999.000,9999.000
202605220554,   0.139,   1.498,9999.000,9999.000,9999.000,9999.000,9999.000,9999.000,9999.000
202605220600,   0.121,   1.508,   0.900,   0.487,   1.508,   0.900,   1.508,   1.000,   1.608
202605220606,   0.102,   1.508,9999.000,9999.000,9999.000,9999.000,9999.000,9999.000,9999.000
202605220612,   0.085,   1.508,9999.000,9999.000,9999.000,9999.000,9999.000,9999.000,9999.000
202605220618,   0.068,   1.498,9999.000,9999.000,9999.000,9999.000,9999.000,9999.000,9999.000
202605220624,   0.051,   1.459,9999.000,9999.000,9999.000,9999.000,9999.000,9999.000,9999.000
202605220630,   0.035,   1.439,9999.000,9999.000,9999.000,9999.000,9999.000,9999.000,9999.000
202605220636,   0.020,   1.400,9999.000,9999.000,9999.000,9999.000,9999.000,9999.000,9999.000
202605220642,   0.005,   1.371,9999.000,9999.000,9999.000,9999.000,9999.000,9999.000,9999.000
202605220648,  -0.008,   1.348,9999.000,9999.000,9999.000,9999.000,9999.000,9999.000,9999.000
202605220654,  -0.021,   1.361,9999.000,9999.000,9999.000,9999.000,9999.000,9999.000,9999.000
202605220700,  -0.033,   1.449,   0.900,   0.582,   1.449,   0.900,   1.449,   1.000,   1.549
202605220706,  -0.045,   1.298,9999.000,9999.000,9999.000,9999.000,9999.000,9999.000,9999.000
202605220712,  -0.057,   1.328,9999.000,9999.000,9999.000,9999.000,9999.000,9999.000,9999.000
202605220718,  -0.067,   1.338,9999.000,9999.000,9999.000,9999.000,9999.000,9999.000,9999.000
202605220724,  -0.077,   1.308,9999.000,9999.000,9999.000,9999.000,9999.000,9999.000,9999.000
202605220730,  -0.086,   1.210,9999.000,9999.000,9999.000,9999.000,9999.000,9999.000,9999.000
202605220736,  -0.094,   1.308,9999.000,9999.000,9999.000,9999.000,9999.000,9999.000,9999.000
202605220742,  -0.102,   1.289,9999.000,9999.000,9999.000,9999.000,9999.000,9999.000,9999.000
202605220748,  -0.109,   1.298,9999.000,9999.000,9999.000,9999.000,9999.000,9999.000,9999.000
202605220754,  -0.115,   1.289,9999.000,9999.000,9999.000,9999.000,9999.000,9999.000,9999.000
202605220800,  -0.120,   1.318,   0.900,   0.538,   1.318,   0.900,   1.318,   1.000,   1.418
202605220806,  -0.125,   1.279,9999.000,9999.000,9999.000,9999.000,9999.000,9999.000,9999.000
202605220812,  -0.128,   1.318,9999.000,9999.000,9999.000,9999.000,9999.000,9999.000,9999.000
202605220818,  -0.131,   1.269,9999.000,9999.000,9999.000,9999.000,9999.000,9999.000,9999.000
202605220824,  -0.134,   1.279,9999.000,9999.000,9999.000,9999.000,9999.000,9999.000,9999.000
202605220830,  -0.135,   1.259,9999.000,9999.000,9999.000,9999.000,9999.000,9999.000,9999.000
202605220836,  -0.135,   1.239,9999.000,9999.000,9999.000,9999.000,9999.000,9999.000,9999.000
202605220842,  -0.135,   1.239,9999.000,9999.000,9999.000,9999.000,9999.000,9999.000,9999.000
202605220848,  -0.134,   1.239,9999.000,9999.000,9999.000,9999.000,9999.000,9999.000,9999.000
202605220854,  -0.132,   1.239,9999.000,9999.000,9999.000,9999.000,9999.000,9999.000,9999.000
202605220900,  -0.129,   1.259,   1.000,   0.388,   1.259,   0.900,   1.159,   1.000,   1.259
202605220906,  -0.125,   1.249,9999.000,9999.000,9999.000,9999.000,9999.000,9999.000,9999.000
202605220912,  -0.120,   1.269,9999.000,9999.000,9999.000,9999.000,9999.000,9999.000,9999.000
202605220918,  -0.114,   1.269,9999.000,9999.000,9999.000,9999.000,9999.000,9999.000,9999.000
202605220924,  -0.108,   1.269,9999.000,9999.000,9999.000,9999.000,9999.000,9999.000,9999.000
202605220930,  -0.100,   1.279,9999.000,9999.000,9999.000,9999.000,9999.000,9999.000,9999.000
202605220936,  -0.092,   1.298,9999.000,9999.000,9999.000,9999.000,9999.000,9999.000,9999.000
202605220942,  -0.082,   1.298,9999.000,9999.000,9999.000,9999.000,9999.000,9999.000,9999.000
202605220948,  -0.072,   1.328,9999.000,9999.000,9999.000,9999.000,9999.000,9999.000,9999.000
202605220954,  -0.061,   1.338,9999.000,9999.000,9999.000,9999.000,9999.000,9999.000,9999.000
202605221000,  -0.048,   1.361,   1.000,   0.409,   1.361,   0.900,   1.261,   1.000,   1.361
202605221006,  -0.035,   1.371,9999.000,9999.000,9999.000,9999.000,9999.000,9999.000,9999.000
202605221012,  -0.021,   1.371,9999.000,9999.000,9999.000,9999.000,9999.000,9999.000,9999.000
202605221018,  -0.005,   1.390,9999.000,9999.000,9999.000,9999.000,9999.000,9999.000,9999.000
202605221024,   0.010,   1.390,9999.000,9999.000,9999.000,9999.000,9999.000,9999.000,9999.000
202605221030,   0.027,   1.400,9999.000,9999.000,9999.000,9999.000,9999.000,9999.000,9999.000
202605221036,   0.045,   1.430,9999.000,9999.000,9999.000,9999.000,9999.000,9999.000,9999.000
202605221042,   0.064,   1.449,9999.000,9999.000,9999.000,9999.000,9999.000,9999.000,9999.000
202605221048,   0.083,   1.469,9999.000,9999.000,9999.000,9999.000,9999.000,9999.000,9999.000
202605221054,   0.104,   1.479,9999.000,9999.000,9999.000,9999.000,9999.000,9999.000,9999.000
202605221100,   0.125,   1.498,   1.000,   0.373,   1.498,   0.900,   1.398,   1.100,   1.598
202605221106,   0.147,   1.508,9999.000,9999.000,9999.000,9999.000,9999.000,9999.000,9999.000
202605221112,   0.170,   1.538,9999.000,9999.000,9999.000,9999.000,9999.000,9999.000,9999.000
202605221118,   0.193,   1.580,9999.000,9999.000,9999.000,9999.000,9999.000,9999.000,9999.000
202605221124,   0.217,   1.630,9999.000,9999.000,9999.000,9999.000,9999.000,9999.000,9999.000
202605221130,   0.241,   1.679,9999.000,9999.000,9999.000,9999.000,9999.000,9999.000,9999.000
202605221136,   0.266,   1.728,9999.000,9999.000,9999.000,9999.000,9999.000,9999.000,9999.000
202605221142,   0.291,   1.758,9999.000,9999.000,9999.000,9999.000,9999.000,9999.000,9999.000
202605221148,   0.316,   1.781,9999.000,9999.000,9999.000,9999.000,9999.000,9999.000,9999.000
202605221154,   0.342,   1.810,9999.000,9999.000,9999.000,9999.000,9999.000,9999.000,9999.000
202605221200,   0.368,   1.830,   1.000,   0.462,   1.830,   0.900,   1.730,   1.100,   1.930
202605221206,   0.394,   1.859,9999.000,9999.000,9999.000,9999.000,9999.000,9999.000,9999.000
202605221212,   0.420,   1.889,9999.000,9999.000,9999.000,9999.000,9999.000,9999.000,9999.000
202605221218,   0.446,   1.948,9999.000,9999.000,9999.000,9999.000,9999.000,9999.000,9999.000
202605221224,   0.472,   1.958,9999.000,9999.000,9999.000,9999.000,9999.000,9999.000,9999.000
202605221230,   0.499,   2.010,9999.000,9999.000,9999.000,9999.000,9999.000,9999.000,9999.000
202605221236,   0.525,   2.079,9999.000,9999.000,9999.000,9999.000,9999.000,9999.000,9999.000
202605221242,   0.550,   2.020,9999.000,9999.000,9999.000,9999.000,9999.000,9999.000,9999.000
202605221248,   0.576,   2.040,9999.000,9999.000,9999.000,9999.000,9999.000,9999.000,9999.000
202605221254,   0.601,   2.089,9999.000,9999.000,9999.000,9999.000,9999.000,9999.000,9999.000
202605221300,   0.626,   2.059,   1.000,   0.433,   2.059,   0.900,   1.959,   1.100,   2.159
202605221306,   0.651,   2.079,9999.000,9999.000,9999.000,9999.000,9999.000,9999.000,9999.000
202605221312,   0.676,   2.099,9999.000,9999.000,9999.000,9999.000,9999.000,9999.000,9999.000
202605221318,   0.700,   2.118,9999.000,9999.000,9999.000,9999.000,9999.000,9999.000,9999.000
202605221324,   0.723,   2.148,9999.000,9999.000,9999.000,9999.000,9999.000,9999.000,9999.000
202605221330,   0.747,   2.168,9999.000,9999.000,9999.000,9999.000,9999.000,9999.000,9999.000
202605221336,   0.770,   2.210,9999.000,9999.000,9999.000,9999.000,9999.000,9999.000,9999.000
202605221342,   0.792,   2.240,9999.000,9999.000,9999.000,9999.000,9999.000,9999.000,9999.000
202605221348,   0.814,   2.358,9999.000,9999.000,9999.000,9999.000,9999.000,9999.000,9999.000
202605221354,   0.836,   2.410,9999.000,9999.000,9999.000,9999.000,9999.000,9999.000,9999.000
202605221400,   0.857,   2.489,   1.000,   0.632,   2.489,   0.900,   2.389,   1.100,   2.589
202605221406,   0.878,   2.528,9999.000,9999.000,9999.000,9999.000,9999.000,9999.000,9999.000
202605221412,   0.899,   2.519,9999.000,9999.000,9999.000,9999.000,9999.000,9999.000,9999.000
202605221418,   0.919,   2.528,9999.000,9999.000,9999.000,9999.000,9999.000,9999.000,9999.000
202605221424,   0.939,   2.499,9999.000,9999.000,9999.000,9999.000,9999.000,9999.000,9999.000
202605221430,   0.959,   2.519,9999.000,9999.000,9999.000,9999.000,9999.000,9999.000,9999.000
202605221436,   0.978,   2.538,9999.000,9999.000,9999.000,9999.000,9999.000,9999.000,9999.000
202605221442,   0.997,   2.578,9999.000,9999.000,9999.000,9999.000,9999.000,9999.000,9999.000
202605221448,   1.015,   2.630,9999.000,9999.000,9999.000,9999.000,9999.000,9999.000,9999.000
202605221454,   1.034,   2.669,9999.000,9999.000,9999.000,9999.000,9999.000,9999.000,9999.000
202605221500,   1.052,   2.699,   1.000,   0.647,   2.699,   1.000,   2.699,   1.100,   2.799
202605221506,   1.070,   2.719,9999.000,9999.000,9999.000,9999.000,9999.000,9999.000,9999.000
202605221512,   1.088,   2.719,9999.000,9999.000,9999.000,9999.000,9999.000,9999.000,9999.000
202605221518,   1.105,   2.768,9999.000,9999.000,9999.000,9999.000,9999.000,9999.000,9999.000
202605221524,   1.123,   2.820,9999.000,9999.000,9999.000,9999.000,9999.000,9999.000,9999.000
202605221530,   1.140,   2.899,9999.000,9999.000,9999.000,9999.000,9999.000,9999.000,9999.000
202605221536,   1.157,   3.017,9999.000,9999.000,9999.000,9999.000,9999.000,9999.000,9999.000
202605221542,   1.174,   2.709,9999.000,9999.000,9999.000,9999.000,9999.000,9999.000,9999.000
202605221548,   1.190,   2.899,9999.000,9999.000,9999.000,9999.000,9999.000,9999.000,9999.000
202605221554,   1.207,   2.807,9999.000,9999.000,9999.000,9999.000,9999.000,9999.000,9999.000
202605221600,   1.223,   2.840,   1.100,   0.517,   2.840,   1.000,   2.740,   1.200,   2.940
202605221606,   1.239,   2.860,9999.000,9999.000,9999.000,9999.000,9999.000,9999.000,9999.000
202605221612,   1.256,   2.869,9999.000,9999.000,9999.000,9999.000,9999.000,9999.000,9999.000
202605221618,   1.272,   2.948,9999.000,9999.000,9999.000,9999.000,9999.000,9999.000,9999.000
202605221624,   1.288,   2.968,9999.000,9999.000,9999.000,9999.000,9999.000,9999.000,9999.000
202605221630,   1.304,   3.017,9999.000,9999.000,9999.000,9999.000,9999.000,9999.000,9999.000
202605221636,   1.319,   3.040,9999.000,9999.000,9999.000,9999.000,9999.000,9999.000,9999.000
202605221642,   1.335,   3.017,9999.000,9999.000,9999.000,9999.000,9999.000,9999.000,9999.000
202605221648,   1.351,   3.040,9999.000,9999.000,9999.000,9999.000,9999.000,9999.000,9999.000
202605221654,   1.366,   3.040,9999.000,9999.000,9999.000,9999.000,9999.000,9999.000,9999.000
202605221700,   1.382,   3.070,   1.100,   0.588,   3.070,   1.000,   2.970,   1.200,   3.170
202605221706,   1.397,   3.070,9999.000,9999.000,9999.000,9999.000,9999.000,9999.000,9999.000
202605221712,   1.413,   3.109,9999.000,9999.000,9999.000,9999.000,9999.000,9999.000,9999.000
202605221718,   1.428,   3.138,9999.000,9999.000,9999.000,9999.000,9999.000,9999.000,9999.000
202605221724,   1.443,   3.158,9999.000,9999.000,9999.000,9999.000,9999.000,9999.000,9999.000
202605221730,   1.458,   3.188,9999.000,9999.000,9999.000,9999.000,9999.000,9999.000,9999.000
202605221736,   1.473,   3.197,9999.000,9999.000,9999.000,9999.000,9999.000,9999.000,9999.000
202605221742,   1.489,   3.188,9999.000,9999.000,9999.000,9999.000,9999.000,9999.000,9999.000
202605221748,   1.504,   3.188,9999.000,9999.000,9999.000,9999.000,9999.000,9999.000,9999.000
202605221754,   1.518,   3.188,9999.000,9999.000,9999.000,9999.000,9999.000,9999.000,9999.000
202605221800,   1.533,   3.207,   1.000,   0.674,   3.207,   0.900,   3.107,   1.100,   3.307
202605221806,   1.548,   3.207,9999.000,9999.000,9999.000,9999.000,9999.000,9999.000,9999.000
202605221812,   1.563,   3.188,9999.000,9999.000,9999.000,9999.000,9999.000,9999.000,9999.000
202605221818,   1.577,   3.207,9999.000,9999.000,9999.000,9999.000,9999.000,9999.000,9999.000
202605221824,   1.592,   3.158,9999.000,9999.000,9999.000,9999.000,9999.000,9999.000,9999.000
202605221830,   1.606,   3.119,9999.000,9999.000,9999.000,9999.000,9999.000,9999.000,9999.000
202605221836,   1.620,   3.099,9999.000,9999.000,9999.000,9999.000,9999.000,9999.000,9999.000
202605221842,   1.634,   3.030,9999.000,9999.000,9999.000,9999.000,9999.000,9999.000,9999.000
202605221848,   1.648,   2.988,9999.000,9999.000,9999.000,9999.000,9999.000,9999.000,9999.000
202605221854,   1.661,   2.978,9999.000,9999.000,9999.000,9999.000,9999.000,9999.000,9999.000
202605221900,   1.674,   2.978,   1.000,   0.304,   2.978,   0.900,   2.878,   1.100,   3.078
202605221906,   1.687,   3.017,9999.000,9999.000,9999.000,9999.000,9999.000,9999.000,9999.000
202605221912,   1.700,   3.040,9999.000,9999.000,9999.000,9999.000,9999.000,9999.000,9999.000
202605221918,   1.712,   3.089,9999.000,9999.000,9999.000,9999.000,9999.000,9999.000,9999.000
202605221924,   1.724,   3.089,9999.000,9999.000,9999.000,9999.000,9999.000,9999.000,9999.000
202605221930,   1.735,   3.099,9999.000,9999.000,9999.000,9999.000,9999.000,9999.000,9999.000
202605221936,   1.746,   3.040,9999.000,9999.000,9999.000,9999.000,9999.000,9999.000,9999.000
202605221942,   1.757,   3.017,9999.000,9999.000,9999.000,9999.000,9999.000,9999.000,9999.000
202605221948,   1.767,   2.958,9999.000,9999.000,9999.000,9999.000,9999.000,9999.000,9999.000
202605221954,   1.776,   2.919,9999.000,9999.000,9999.000,9999.000,9999.000,9999.000,9999.000
202605222000,   1.785,   2.919,   1.000,   0.134,   2.919,   0.900,   2.819,   1.100,   3.019
202605222006,   1.793,   2.948,9999.000,9999.000,9999.000,9999.000,9999.000,9999.000,9999.000
202605222012,   1.800,   2.997,9999.000,9999.000,9999.000,9999.000,9999.000,9999.000,9999.000
202605222018,   1.807,   2.988,9999.000,9999.000,9999.000,9999.000,9999.000,9999.000,9999.000
202605222024,   1.813,   2.988,9999.000,9999.000,9999.000,9999.000,9999.000,9999.000,9999.000
202605222030,   1.819,   2.988,9999.000,9999.000,9999.000,9999.000,9999.000,9999.000,9999.000
202605222036,   1.823,   2.968,9999.000,9999.000,9999.000,9999.000,9999.000,9999.000,9999.000
202605222042,   1.827,   2.968,9999.000,9999.000,9999.000,9999.000,9999.000,9999.000,9999.000
202605222048,   1.831,   2.948,9999.000,9999.000,9999.000,9999.000,9999.000,9999.000,9999.000
202605222054,   1.833,   2.968,9999.000,9999.000,9999.000,9999.000,9999.000,9999.000,9999.000
202605222100,   1.835,   2.968,   1.000,   0.133,   2.968,   0.900,   2.868,   1.100,   3.068
202605222106,   1.836,   2.978,9999.000,9999.000,9999.000,9999.000,9999.000,9999.000,9999.000
202605222112,   1.836,   2.978,9999.000,9999.000,9999.000,9999.000,9999.000,9999.000,9999.000
202605222118,   1.835,   2.938,9999.000,9999.000,9999.000,9999.000,9999.000,9999.000,9999.000
202605222124,   1.834,   2.929,9999.000,9999.000,9999.000,9999.000,9999.000,9999.000,9999.000
202605222130,   1.832,   2.958,9999.000,9999.000,9999.000,9999.000,9999.000,9999.000,9999.000
202605222136,   1.829,   2.919,9999.000,9999.000,9999.000,9999.000,9999.000,9999.000,9999.000
202605222142,   1.826,   2.978,9999.000,9999.000,9999.000,9999.000,9999.000,9999.000,9999.000
202605222148,   1.822,   2.997,9999.000,9999.000,9999.000,9999.000,9999.000,9999.000,9999.000
202605222154,   1.817,   3.030,9999.000,9999.000,9999.000,9999.000,9999.000,9999.000,9999.000
202605222200,   1.812,   3.007,   1.000,   0.195,   3.007,   0.900,   2.907,   1.100,   3.107
202605222206,   1.806,   2.978,9999.000,9999.000,9999.000,9999.000,9999.000,9999.000,9999.000
202605222212,   1.800,   2.958,9999.000,9999.000,9999.000,9999.000,9999.000,9999.000,9999.000
202605222218,   1.793,   2.889,9999.000,9999.000,9999.000,9999.000,9999.000,9999.000,9999.000
202605222224,   1.786,   2.879,9999.000,9999.000,9999.000,9999.000,9999.000,9999.000,9999.000
202605222230,   1.778,   2.830,9999.000,9999.000,9999.000,9999.000,9999.000,9999.000,9999.000
202605222236,   1.769,   2.830,9999.000,9999.000,9999.000,9999.000,9999.000,9999.000,9999.000
202605222242,   1.760,   2.787,9999.000,9999.000,9999.000,9999.000,9999.000,9999.000,9999.000
202605222248,   1.751,   2.787,9999.000,9999.000,9999.000,9999.000,9999.000,9999.000,9999.000
202605222254,   1.741,   2.748,9999.000,9999.000,9999.000,9999.000,9999.000,9999.000,9999.000
202605222300,   1.731,   2.709,   1.000,  -0.022,   2.709,   0.900,   2.609,   1.100,   2.809
202605222306,   1.720,   2.669,9999.000,9999.000,9999.000,9999.000,9999.000,9999.000,9999.000
202605222312,   1.709,   2.640,9999.000,9999.000,9999.000,9999.000,9999.000,9999.000,9999.000
202605222318,   1.698,   2.610,9999.000,9999.000,9999.000,9999.000,9999.000,9999.000,9999.000
202605222324,   1.686,   2.587,9999.000,9999.000,9999.000,9999.000,9999.000,9999.000,9999.000
202605222330,   1.674,   2.568,9999.000,9999.000,9999.000,9999.000,9999.000,9999.000,9999.000
202605222336,   1.661,   2.558,9999.000,9999.000,9999.000,9999.000,9999.000,9999.000,9999.000
202605222342,   1.648,   2.568,9999.000,9999.000,9999.000,9999.000,9999.000,9999.000,9999.000
202605222348,   1.635,   2.528,9999.000,9999.000,9999.000,9999.000,9999.000,9999.000,9999.000
202605222354,   1.621,   2.519,9999.000,9999.000,9999.000,9999.000,9999.000,9999.000,9999.000
202605230000,   1.607,   2.469,   0.900,  -0.038,   2.469,   0.900,   2.469,   1.000,   2.569
202605230006,   1.592,   2.400,9999.000,9999.000,9999.000,9999.000,9999.000,9999.000,9999.000
202605230012,   1.577,   2.328,9999.000,9999.000,9999.000,9999.000,9999.000,9999.000,9999.000
202605230018,   1.562,   2.289,9999.000,9999.000,9999.000,9999.000,9999.000,9999.000,9999.000
202605230024,   1.546,   2.250,9999.000,9999.000,9999.000,9999.000,9999.000,9999.000,9999.000
202605230030,   1.530,   2.230,9999.000,9999.000,9999.000,9999.000,9999.000,9999.000,9999.000
202605230036,   1.513,   2.250,9999.000,9999.000,9999.000,9999.000,9999.000,9999.000,9999.000
202605230042,   1.496,   2.220,9999.000,9999.000,9999.000,9999.000,9999.000,9999.000,9999.000
202605230048,   1.479,   2.191,9999.000,9999.000,9999.000,9999.000,9999.000,9999.000,9999.000
202605230054,   1.461,   2.118,9999.000,9999.000,9999.000,9999.000,9999.000,9999.000,9999.000
202605230100,   1.443,   2.118,   0.900,  -0.225,   2.118,   0.900,   2.118,   0.900,   2.118
202605230106,   1.424,   2.069,9999.000,9999.000,9999.000,9999.000,9999.000,9999.000,9999.000
202605230112,   1.405,   2.089,9999.000,9999.000,9999.000,9999.000,9999.000,9999.000,9999.000
202605230118,   1.386,   2.168,9999.000,9999.000,9999.000,9999.000,9999.000,9999.000,9999.000
202605230124,   1.366,   2.259,9999.000,9999.000,9999.000,9999.000,9999.000,9999.000,9999.000
202605230130,   1.346,   2.368,9999.000,9999.000,9999.000,9999.000,9999.000,9999.000,9999.000
202605230136,   1.326,   2.430,9999.000,9999.000,9999.000,9999.000,9999.000,9999.000,9999.000
202605230142,   1.305,   2.387,9999.000,9999.000,9999.000,9999.000,9999.000,9999.000,9999.000
202605230148,   1.284,   2.328,9999.000,9999.000,9999.000,9999.000,9999.000,9999.000,9999.000
202605230154,   1.263,   2.168,9999.000,9999.000,9999.000,9999.000,9999.000,9999.000,9999.000
202605230200,   1.241,   2.000,   0.900,  -0.141,   2.000,   0.800,   1.900,   0.900,   2.000
202605230206,   1.220,   1.889,9999.000,9999.000,9999.000,9999.000,9999.000,9999.000,9999.000
202605230212,   1.198,   1.820,9999.000,9999.000,9999.000,9999.000,9999.000,9999.000,9999.000
202605230218,   1.176,   1.820,9999.000,9999.000,9999.000,9999.000,9999.000,9999.000,9999.000
202605230224,   1.154,   1.889,9999.000,9999.000,9999.000,9999.000,9999.000,9999.000,9999.000
202605230230,   1.132,   1.958,9999.000,9999.000,9999.000,9999.000,9999.000,9999.000,9999.000
202605230236,   1.109,   1.990,9999.000,9999.000,9999.000,9999.000,9999.000,9999.000,9999.000
202605230242,   1.087,   2.030,9999.000,9999.000,9999.000,9999.000,9999.000,9999.000,9999.000
202605230248,   1.064,   2.049,9999.000,9999.000,9999.000,9999.000,9999.000,9999.000,9999.000
202605230254,   1.042,   2.020,9999.000,9999.000,9999.000,9999.000,9999.000,9999.000,9999.000
202605230300,   1.019,   2.000,   0.900,   0.081,   2.000,   0.800,   1.900,   0.900,   2.000
202605230306,   0.997,   2.030,9999.000,9999.000,9999.000,9999.000,9999.000,9999.000,9999.000
202605230312,   0.974,   2.049,9999.000,9999.000,9999.000,9999.000,9999.000,9999.000,9999.000
202605230318,   0.951,   2.040,9999.000,9999.000,9999.000,9999.000,9999.000,9999.000,9999.000
202605230324,   0.929,   2.030,9999.000,9999.000,9999.000,9999.000,9999.000,9999.000,9999.000
202605230330,   0.906,   1.990,9999.000,9999.000,9999.000,9999.000,9999.000,9999.000,9999.000
202605230336,   0.884,   1.938,9999.000,9999.000,9999.000,9999.000,9999.000,9999.000,9999.000
202605230342,   0.861,   1.879,9999.000,9999.000,9999.000,9999.000,9999.000,9999.000,9999.000
202605230348,   0.840,   1.849,9999.000,9999.000,9999.000,9999.000,9999.000,9999.000,9999.000
202605230354,   0.817,   1.869,9999.000,9999.000,9999.000,9999.000,9999.000,9999.000,9999.000
202605230400,   0.794,   1.899,   0.800,   0.305,   1.899,   0.800,   1.899,   0.900,   1.999
202605230406,   0.772,   1.938,9999.000,9999.000,9999.000,9999.000,9999.000,9999.000,9999.000
202605230412,   0.750,   1.958,9999.000,9999.000,9999.000,9999.000,9999.000,9999.000,9999.000
202605230418,   0.728,   1.990,9999.000,9999.000,9999.000,9999.000,9999.000,9999.000,9999.000
202605230424,   0.707,   1.981,9999.000,9999.000,9999.000,9999.000,9999.000,9999.000,9999.000
202605230430,   0.685,   1.928,9999.000,9999.000,9999.000,9999.000,9999.000,9999.000,9999.000
202605230436,   0.663,   1.889,9999.000,9999.000,9999.000,9999.000,9999.000,9999.000,9999.000
202605230442,   0.642,   1.840,9999.000,9999.000,9999.000,9999.000,9999.000,9999.000,9999.000
202605230448,   0.621,   1.767,9999.000,9999.000,9999.000,9999.000,9999.000,9999.000,9999.000
202605230454,   0.600,   1.728,9999.000,9999.000,9999.000,9999.000,9999.000,9999.000,9999.000
202605230500,   0.579,   1.699,   0.800,   0.320,   1.699,   0.800,   1.699,   0.900,   1.799
202605230506,   0.559,   1.689,9999.000,9999.000,9999.000,9999.000,9999.000,9999.000,9999.000
202605230512,   0.539,   1.689,9999.000,9999.000,9999.000,9999.000,9999.000,9999.000,9999.000
202605230518,   0.519,   1.669,9999.000,9999.000,9999.000,9999.000,9999.000,9999.000,9999.000
202605230524,   0.499,   1.639,9999.000,9999.000,9999.000,9999.000,9999.000,9999.000,9999.000
202605230530,   0.480,   1.580,9999.000,9999.000,9999.000,9999.000,9999.000,9999.000,9999.000
202605230536,   0.461,   1.508,9999.000,9999.000,9999.000,9999.000,9999.000,9999.000,9999.000
202605230542,   0.443,   1.430,9999.000,9999.000,9999.000,9999.000,9999.000,9999.000,9999.000
202605230548,   0.425,   1.400,9999.000,9999.000,9999.000,9999.000,9999.000,9999.000,9999.000
202605230554,   0.407,   1.348,9999.000,9999.000,9999.000,9999.000,9999.000,9999.000,9999.000
202605230600,   0.390,   1.361,   0.800,   0.171,   1.361,   0.800,   1.361,   0.900,   1.461
202605230606,   0.373,   1.390,9999.000,9999.000,9999.000,9999.000,9999.000,9999.000,9999.000
202605230612,   0.357,   1.390,9999.000,9999.000,9999.000,9999.000,9999.000,9999.000,9999.000
202605230618,   0.341,   1.380,9999.000,9999.000,9999.000,9999.000,9999.000,9999.000,9999.000
202605230624,   0.326,   1.380,9999.000,9999.000,9999.000,9999.000,9999.000,9999.000,9999.000
202605230630,   0.312,   1.328,9999.000,9999.000,9999.000,9999.000,9999.000,9999.000,9999.000
202605230636,   0.298,   1.289,9999.000,9999.000,9999.000,9999.000,9999.000,9999.000,9999.000
202605230642,   0.284,   1.239,9999.000,9999.000,9999.000,9999.000,9999.000,9999.000,9999.000
202605230648,   0.272,   1.200,9999.000,9999.000,9999.000,9999.000,9999.000,9999.000,9999.000
202605230654,   0.260,   1.190,9999.000,9999.000,9999.000,9999.000,9999.000,9999.000,9999.000
202605230700,   0.248,   1.180,   0.800,   0.132,   1.180,   0.800,   1.180,   0.900,   1.280
202605230706,   0.237,   1.180,9999.000,9999.000,9999.000,9999.000,9999.000,9999.000,9999.000
202605230712,   0.227,   1.220,9999.000,9999.000,9999.000,9999.000,9999.000,9999.000,9999.000
202605230718,   0.217,   1.220,9999.000,9999.000,9999.000,9999.000,9999.000,9999.000,9999.000
202605230724,   0.208,   1.249,9999.000,9999.000,9999.000,9999.000,9999.000,9999.000,9999.000
202605230730,   0.199,   1.249,9999.000,9999.000,9999.000,9999.000,9999.000,9999.000,9999.000
202605230736,   0.192,   1.249,9999.000,9999.000,9999.000,9999.000,9999.000,9999.000,9999.000
202605230742,   0.184,   1.239,9999.000,9999.000,9999.000,9999.000,9999.000,9999.000,9999.000
202605230748,   0.178,   1.239,9999.000,9999.000,9999.000,9999.000,9999.000,9999.000,9999.000
202605230754,   0.172,   1.239,9999.000,9999.000,9999.000,9999.000,9999.000,9999.000,9999.000
202605230800,   0.166,   1.269,   0.800,   0.303,   1.269,   0.800,   1.269,   0.900,   1.369
202605230806,   0.161,   1.298,9999.000,9999.000,9999.000,9999.000,9999.000,9999.000,9999.000
202605230812,   0.157,   1.308,9999.000,9999.000,9999.000,9999.000,9999.000,9999.000,9999.000
202605230818,   0.153,   1.318,9999.000,9999.000,9999.000,9999.000,9999.000,9999.000,9999.000
202605230824,   0.150,   1.318,9999.000,9999.000,9999.000,9999.000,9999.000,9999.000,9999.000
202605230830,   0.148,   1.318,9999.000,9999.000,9999.000,9999.000,9999.000,9999.000,9999.000
202605230836,   0.146,   1.318,9999.000,9999.000,9999.000,9999.000,9999.000,9999.000,9999.000
202605230842,   0.144,   1.318,9999.000,9999.000,9999.000,9999.000,9999.000,9999.000,9999.000
202605230848,   0.143,   1.328,9999.000,9999.000,9999.000,9999.000,9999.000,9999.000,9999.000
202605230854,   0.143,   1.361,9999.000,9999.000,9999.000,9999.000,9999.000,9999.000,9999.000
202605230900,   0.143,   1.410,   0.800,   0.467,   1.410,   0.800,   1.410,   0.900,   1.510
202605230906,   0.144,   1.469,9999.000,9999.000,9999.000,9999.000,9999.000,9999.000,9999.000
202605230912,   0.146,   1.518,9999.000,9999.000,9999.000,9999.000,9999.000,9999.000,9999.000
202605230918,   0.148,   1.548,9999.000,9999.000,9999.000,9999.000,9999.000,9999.000,9999.000
202605230924,   0.151,   1.548,9999.000,9999.000,9999.000,9999.000,9999.000,9999.000,9999.000
202605230930,   0.154,   1.590,9999.000,9999.000,9999.000,9999.000,9999.000,9999.000,9999.000
202605230936,   0.159,   1.580,9999.000,9999.000,9999.000,9999.000,9999.000,9999.000,9999.000
202605230942,   0.163,   1.538,9999.000,9999.000,9999.000,9999.000,9999.000,9999.000,9999.000
202605230948,   0.169,   1.600,9999.000,9999.000,9999.000,9999.000,9999.000,9999.000,9999.000
202605230954,   0.175,   1.580,9999.000,9999.000,9999.000,9999.000,9999.000,9999.000,9999.000
202605231000,   0.182,   1.620,   0.800,   0.638,   1.620,   0.800,   1.620,   0.800,   1.620
202605231006,   0.190,   1.659,9999.000,9999.000,9999.000,9999.000,9999.000,9999.000,9999.000
202605231012,   0.198,   1.708,9999.000,9999.000,9999.000,9999.000,9999.000,9999.000,9999.000
202605231018,   0.207,   1.728,9999.000,9999.000,9999.000,9999.000,9999.000,9999.000,9999.000
202605231024,   0.217,   1.738,9999.000,9999.000,9999.000,9999.000,9999.000,9999.000,9999.000
202605231030,   0.228,   1.748,9999.000,9999.000,9999.000,9999.000,9999.000,9999.000,9999.000
202605231036,   0.239,   1.699,9999.000,9999.000,9999.000,9999.000,9999.000,9999.000,9999.000
202605231042,   0.251,   1.669,9999.000,9999.000,9999.000,9999.000,9999.000,9999.000,9999.000
202605231048,   0.264,   1.620,9999.000,9999.000,9999.000,9999.000,9999.000,9999.000,9999.000
202605231054,   0.278,   1.649,9999.000,9999.000,9999.000,9999.000,9999.000,9999.000,9999.000
202605231100,   0.292,   1.689,   0.800,   0.597,   1.689,   0.800,   1.689,   0.800,   1.689
202605231106,   0.307,   1.718,9999.000,9999.000,9999.000,9999.000,9999.000,9999.000,9999.000
202605231112,   0.322,   1.728,9999.000,9999.000,9999.000,9999.000,9999.000,9999.000,9999.000
202605231118,   0.338,   1.800,9999.000,9999.000,9999.000,9999.000,9999.000,9999.000,9999.000
202605231124,   0.355,   1.781,9999.000,9999.000,9999.000,9999.000,9999.000,9999.000,9999.000
202605231130,   0.372,   1.738,9999.000,9999.000,9999.000,9999.000,9999.000,9999.000,9999.000
202605231136,   0.390,   1.767,9999.000,9999.000,9999.000,9999.000,9999.000,9999.000,9999.000
202605231142,   0.408,   1.738,9999.000,9999.000,9999.000,9999.000,9999.000,9999.000,9999.000
202605231148,   0.427,   1.758,9999.000,9999.000,9999.000,9999.000,9999.000,9999.000,9999.000
202605231154,   0.446,   1.800,9999.000,9999.000,9999.000,9999.000,9999.000,9999.000,9999.000
202605231200,   0.465,   1.810,   0.800,   0.545,   1.810,   0.700,   1.710,   0.800,   1.810
202605231206,   0.485,   1.820,9999.000,9999.000,9999.000,9999.000,9999.000,9999.000,9999.000
202605231212,   0.505,   1.849,9999.000,9999.000,9999.000,9999.000,9999.000,9999.000,9999.000
202605231218,   0.525,   1.840,9999.000,9999.000,9999.000,9999.000,9999.000,9999.000,9999.000
202605231224,   0.545,   1.859,9999.000,9999.000,9999.000,9999.000,9999.000,9999.000,9999.000
202605231230,   0.566,   1.869,9999.000,9999.000,9999.000,9999.000,9999.000,9999.000,9999.000
202605231236,   0.586,   1.899,9999.000,9999.000,9999.000,9999.000,9999.000,9999.000,9999.000
202605231242,   0.607,   1.908,9999.000,9999.000,9999.000,9999.000,9999.000,9999.000,9999.000
202605231248,   0.628,   1.918,9999.000,9999.000,9999.000,9999.000,9999.000,9999.000,9999.000
202605231254,   0.648,   1.938,9999.000,9999.000,9999.000,9999.000,9999.000,9999.000,9999.000
202605231300,   0.669,   1.918,   0.800,   0.449,   1.918,   0.700,   1.818,   0.800,   1.918
202605231306,   0.689,   1.928,9999.000,9999.000,9999.000,9999.000,9999.000,9999.000,9999.000
202605231312,   0.709,   1.928,9999.000,9999.000,9999.000,9999.000,9999.000,9999.000,9999.000
202605231318,   0.729,   1.948,9999.000,9999.000,9999.000,9999.000,9999.000,9999.000,9999.000
202605231324,   0.749,   1.981,9999.000,9999.000,9999.000,9999.000,9999.000,9999.000,9999.000
202605231330,   0.769,   2.000,9999.000,9999.000,9999.000,9999.000,9999.000,9999.000,9999.000
202605231336,   0.788,   2.030,9999.000,9999.000,9999.000,9999.000,9999.000,9999.000,9999.000
202605231342,   0.807,   2.040,9999.000,9999.000,9999.000,9999.000,9999.000,9999.000,9999.000
202605231348,   0.826,   2.069,9999.000,9999.000,9999.000,9999.000,9999.000,9999.000,9999.000
202605231354,   0.845,   2.069,9999.000,9999.000,9999.000,9999.000,9999.000,9999.000,9999.000
202605231400,   0.863,   2.079,   0.800,   0.416,   2.079,   0.700,   1.979,   0.800,   2.079
202605231406,   0.881,   2.099,9999.000,9999.000,9999.000,9999.000,9999.000,9999.000,9999.000
202605231412,   0.898,   2.109,9999.000,9999.000,9999.000,9999.000,9999.000,9999.000,9999.000
202605231418,   0.915,   2.138,9999.000,9999.000,9999.000,9999.000,9999.000,9999.000,9999.000
202605231424,   0.932,   2.138,9999.000,9999.000,9999.000,9999.000,9999.000,9999.000,9999.000
202605231430,   0.949,   2.158,9999.000,9999.000,9999.000,9999.000,9999.000,9999.000,9999.000
202605231436,   0.965,   2.168,9999.000,9999.000,9999.000,9999.000,9999.000,9999.000,9999.000
202605231442,   0.980,   2.158,9999.000,9999.000,9999.000,9999.000,9999.000,9999.000,9999.000
202605231448,   0.995,   2.168,9999.000,9999.000,9999.000,9999.000,9999.000,9999.000,9999.000
202605231454,   1.010,   2.168,9999.000,9999.000,9999.000,9999.000,9999.000,9999.000,9999.000
202605231500,   1.025,   2.158,   0.800,   0.333,   2.158,   0.700,   2.058,   0.800,   2.158
202605231506,   1.039,   2.168,9999.000,9999.000,9999.000,9999.000,9999.000,9999.000,9999.000
202605231512,   1.052,   2.177,9999.000,9999.000,9999.000,9999.000,9999.000,9999.000,9999.000
202605231518,   1.065,   2.200,9999.000,9999.000,9999.000,9999.000,9999.000,9999.000,9999.000
202605231524,   1.078,   2.200,9999.000,9999.000,9999.000,9999.000,9999.000,9999.000,9999.000
202605231530,   1.090,   2.210,9999.000,9999.000,9999.000,9999.000,9999.000,9999.000,9999.000
202605231536,   1.102,   2.210,9999.000,9999.000,9999.000,9999.000,9999.000,9999.000,9999.000
202605231542,   1.114,   2.200,9999.000,9999.000,9999.000,9999.000,9999.000,9999.000,9999.000
202605231548,   1.125,   2.210,9999.000,9999.000,9999.000,9999.000,9999.000,9999.000,9999.000
202605231554,   1.135,   2.220,9999.000,9999.000,9999.000,9999.000,9999.000,9999.000,9999.000
202605231600,   1.146,   2.259,   0.800,   0.313,   2.259,   0.700,   2.159,   0.800,   2.259
202605231606,   1.155,   2.289,9999.000,9999.000,9999.000,9999.000,9999.000,9999.000,9999.000
202605231612,   1.165,   2.318,9999.000,9999.000,9999.000,9999.000,9999.000,9999.000,9999.000
202605231618,   1.174,   2.338,9999.000,9999.000,9999.000,9999.000,9999.000,9999.000,9999.000
202605231624,   1.182,   2.358,9999.000,9999.000,9999.000,9999.000,9999.000,9999.000,9999.000
202605231630,   1.191,   2.348,9999.000,9999.000,9999.000,9999.000,9999.000,9999.000,9999.000
202605231636,   1.199,   2.368,9999.000,9999.000,9999.000,9999.000,9999.000,9999.000,9999.000
202605231642,   1.206,   2.377,9999.000,9999.000,9999.000,9999.000,9999.000,9999.000,9999.000
202605231648,   1.214,   2.400,9999.000,9999.000,9999.000,9999.000,9999.000,9999.000,9999.000
202605231654,   1.221,   2.430,9999.000,9999.000,9999.000,9999.000,9999.000,9999.000,9999.000
202605231700,   1.228,   2.450,   0.800,   0.422,   2.450,   0.700,   2.350,   0.800,   2.450
202605231706,   1.234,   2.459,9999.000,9999.000,9999.000,9999.000,9999.000,9999.000,9999.000
202605231712,   1.241,   2.469,9999.000,9999.000,9999.000,9999.000,9999.000,9999.000,9999.000
202605231718,   1.247,   2.459,9999.000,9999.000,9999.000,9999.000,9999.000,9999.000,9999.000
202605231724,   1.253,   2.469,9999.000,9999.000,9999.000,9999.000,9999.000,9999.000,9999.000
202605231730,   1.259,   2.479,9999.000,9999.000,9999.000,9999.000,9999.000,9999.000,9999.000
202605231736,   1.265,   2.548,9999.000,9999.000,9999.000,9999.000,9999.000,9999.000,9999.000
202605231742,   1.271,   2.630,9999.000,9999.000,9999.000,9999.000,9999.000,9999.000,9999.000
202605231748,   1.277,   2.358,9999.000,9999.000,9999.000,9999.000,9999.000,9999.000,9999.000
202605231754,   1.283,   2.499,9999.000,9999.000,9999.000,9999.000,9999.000,9999.000,9999.000
202605231800,   1.289,   2.459,   0.800,   0.370,   2.459,   0.700,   2.359,   0.800,   2.459
202605231806,   1.295,   2.538,9999.000,9999.000,9999.000,9999.000,9999.000,9999.000,9999.000
202605231812,   1.301,   2.528,9999.000,9999.000,9999.000,9999.000,9999.000,9999.000,9999.000
202605231818,   1.307,   2.528,9999.000,9999.000,9999.000,9999.000,9999.000,9999.000,9999.000
202605231824,   1.313,   2.558,9999.000,9999.000,9999.000,9999.000,9999.000,9999.000,9999.000
202605231830,   1.319,   2.528,9999.000,9999.000,9999.000,9999.000,9999.000,9999.000,9999.000
202605231836,   1.326,   2.528,9999.000,9999.000,9999.000,9999.000,9999.000,9999.000,9999.000
202605231842,   1.332,   2.509,9999.000,9999.000,9999.000,9999.000,9999.000,9999.000,9999.000
202605231848,   1.339,   2.519,9999.000,9999.000,9999.000,9999.000,9999.000,9999.000,9999.000
202605231854,   1.345,   2.519,9999.000,9999.000,9999.000,9999.000,9999.000,9999.000,9999.000
202605231900,   1.352,   2.528,   0.800,   0.376,   2.528,   0.700,   2.428,   0.800,   2.528
202605231906,   1.359,   2.538,9999.000,9999.000,9999.000,9999.000,9999.000,9999.000,9999.000
202605231912,   1.366,   2.578,9999.000,9999.000,9999.000,9999.000,9999.000,9999.000,9999.000
202605231918,   1.373,   2.620,9999.000,9999.000,9999.000,9999.000,9999.000,9999.000,9999.000
202605231924,   1.380,   2.630,9999.000,9999.000,9999.000,9999.000,9999.000,9999.000,9999.000
202605231930,   1.387,   2.630,9999.000,9999.000,9999.000,9999.000,9999.000,9999.000,9999.000
202605231936,   1.394,   2.578,9999.000,9999.000,9999.000,9999.000,9999.000,9999.000,9999.000
202605231942,   1.401,   2.597,9999.000,9999.000,9999.000,9999.000,9999.000,9999.000,9999.000
202605231948,   1.407,   2.548,9999.000,9999.000,9999.000,9999.000,9999.000,9999.000,9999.000
202605231954,   1.414,   2.538,9999.000,9999.000,9999.000,9999.000,9999.000,9999.000,9999.000
202605232000,   1.420,   2.548,   0.800,   0.328,   2.548,   0.700,   2.448,   0.800,   2.548
202605232006,   1.427,   2.528,9999.000,9999.000,9999.000,9999.000,9999.000,9999.000,9999.000
202605232012,   1.433,   2.558,9999.000,9999.000,9999.000,9999.000,9999.000,9999.000,9999.000
202605232018,   1.439,   2.568,9999.000,9999.000,9999.000,9999.000,9999.000,9999.000,9999.000
202605232024,   1.444,   2.587,9999.000,9999.000,9999.000,9999.000,9999.000,9999.000,9999.000
202605232030,   1.449,   2.597,9999.000,9999.000,9999.000,9999.000,9999.000,9999.000,9999.000
202605232036,   1.454,   2.548,9999.000,9999.000,9999.000,9999.000,9999.000,9999.000,9999.000
202605232042,   1.459,   2.528,9999.000,9999.000,9999.000,9999.000,9999.000,9999.000,9999.000
202605232048,   1.463,   2.528,9999.000,9999.000,9999.000,9999.000,9999.000,9999.000,9999.000
202605232054,   1.466,   2.519,9999.000,9999.000,9999.000,9999.000,9999.000,9999.000,9999.000
202605232100,   1.469,   2.519,   0.800,   0.250,   2.519,   0.700,   2.419,   0.900,   2.619
202605232106,   1.472,   2.548,9999.000,9999.000,9999.000,9999.000,9999.000,9999.000,9999.000
202605232112,   1.474,   2.558,9999.000,9999.000,9999.000,9999.000,9999.000,9999.000,9999.000
202605232118,   1.476,   2.558,9999.000,9999.000,9999.000,9999.000,9999.000,9999.000,9999.000
202605232124,   1.478,   2.538,9999.000,9999.000,9999.000,9999.000,9999.000,9999.000,9999.000
202605232130,   1.478,   2.528,9999.000,9999.000,9999.000,9999.000,9999.000,9999.000,9999.000
202605232136,   1.479,   2.548,9999.000,9999.000,9999.000,9999.000,9999.000,9999.000,9999.000
202605232142,   1.479,   2.377,9999.000,9999.000,9999.000,9999.000,9999.000,9999.000,9999.000
202605232148,   1.478,   2.479,9999.000,9999.000,9999.000,9999.000,9999.000,9999.000,9999.000
202605232154,   1.477,   2.499,9999.000,9999.000,9999.000,9999.000,9999.000,9999.000,9999.000
202605232200,   1.476,   2.459,   0.800,   0.183,   2.459,   0.700,   2.359,   0.900,   2.559
202605232206,   1.474,   2.528,9999.000,9999.000,9999.000,9999.000,9999.000,9999.000,9999.000
202605232212,   1.471,   2.328,9999.000,9999.000,9999.000,9999.000,9999.000,9999.000,9999.000
202605232218,   1.469,   2.459,9999.000,9999.000,9999.000,9999.000,9999.000,9999.000,9999.000
202605232224,   1.465,   2.420,9999.000,9999.000,9999.000,9999.000,9999.000,9999.000,9999.000
202605232230,   1.462,   2.420,9999.000,9999.000,9999.000,9999.000,9999.000,9999.000,9999.000
202605232236,   1.458,   2.420,9999.000,9999.000,9999.000,9999.000,9999.000,9999.000,9999.000
202605232242,   1.453,   2.420,9999.000,9999.000,9999.000,9999.000,9999.000,9999.000,9999.000
202605232248,   1.449,   2.469,9999.000,9999.000,9999.000,9999.000,9999.000,9999.000,9999.000
202605232254,   1.444,   2.400,9999.000,9999.000,9999.000,9999.000,9999.000,9999.000,9999.000
202605232300,   1.438,   2.400,   0.800,   0.162,   2.400,   0.700,   2.300,   0.900,   2.500
202605232306,   1.432,   2.377,9999.000,9999.000,9999.000,9999.000,9999.000,9999.000,9999.000
202605232312,   1.426,   2.358,9999.000,9999.000,9999.000,9999.000,9999.000,9999.000,9999.000
202605232318,   1.420,   2.348,9999.000,9999.000,9999.000,9999.000,9999.000,9999.000,9999.000
202605232324,   1.413,   2.338,9999.000,9999.000,9999.000,9999.000,9999.000,9999.000,9999.000
202605232330,   1.406,   2.309,9999.000,9999.000,9999.000,9999.000,9999.000,9999.000,9999.000
202605232336,   1.398,   2.289,9999.000,9999.000,9999.000,9999.000,9999.000,9999.000,9999.000
202605232342,   1.391,   2.279,9999.000,9999.000,9999.000,9999.000,9999.000,9999.000,9999.000
202605232348,   1.383,   2.250,9999.000,9999.000,9999.000,9999.000,9999.000,9999.000,9999.000
202605232354,   1.374,   2.230,9999.000,9999.000,9999.000,9999.000,9999.000,9999.000,9999.000
202605240000,   1.366,   2.220,   0.700,   0.154,   2.220,   0.700,   2.220,   0.800,   2.320
202605240006,   1.357,   2.191,9999.000,9999.000,9999.000,9999.000,9999.000,9999.000,9999.000
202605240012,   1.348,   2.168,9999.000,9999.000,9999.000,9999.000,9999.000,9999.000,9999.000
202605240018,   1.338,   2.128,9999.000,9999.000,9999.000,9999.000,9999.000,9999.000,9999.000
202605240024,   1.328,   2.099,9999.000,9999.000,9999.000,9999.000,9999.000,9999.000,9999.000
202605240030,   1.318,   2.089,9999.000,9999.000,9999.000,9999.000,9999.000,9999.000,9999.000
202605240036,   1.308,   2.049,9999.000,9999.000,9999.000,9999.000,9999.000,9999.000,9999.000
202605240042,   1.298,   2.069,9999.000,9999.000,9999.000,9999.000,9999.000,9999.000,9999.000
202605240048,   1.287,   2.079,9999.000,9999.000,9999.000,9999.000,9999.000,9999.000,9999.000
202605240054,   1.276,   2.069,9999.000,9999.000,9999.000,9999.000,9999.000,9999.000,9999.000
202605240100,   1.265,   2.030,   0.700,   0.065,   2.030,   0.700,   2.030,   0.800,   2.130
202605240106,   1.253,   1.938,9999.000,9999.000,9999.000,9999.000,9999.000,9999.000,9999.000
202605240112,   1.241,   1.958,9999.000,9999.000,9999.000,9999.000,9999.000,9999.000,9999.000
202605240118,   1.230,   1.918,9999.000,9999.000,9999.000,9999.000,9999.000,9999.000,9999.000
202605240124,   1.218,   1.859,9999.000,9999.000,9999.000,9999.000,9999.000,9999.000,9999.000
202605240130,   1.205,   1.879,9999.000,9999.000,9999.000,9999.000,9999.000,9999.000,9999.000
202605240136,   1.193,   1.899,9999.000,9999.000,9999.000,9999.000,9999.000,9999.000,9999.000
202605240142,   1.180,   1.869,9999.000,9999.000,9999.000,9999.000,9999.000,9999.000,9999.000
202605240148,   1.168,   1.889,9999.000,9999.000,9999.000,9999.000,9999.000,9999.000,9999.000
202605240154,   1.155,   1.849,9999.000,9999.000,9999.000,9999.000,9999.000,9999.000,9999.000
202605240200,   1.142,   1.840,   0.700,  -0.002,   1.840,   0.700,   1.840,   0.800,   1.940
202605240206,   1.129,   1.810,9999.000,9999.000,9999.000,9999.000,9999.000,9999.000,9999.000
202605240212,   1.116,   1.781,9999.000,9999.000,9999.000,9999.000,9999.000,9999.000,9999.000
202605240218,   1.103,   1.758,9999.000,9999.000,9999.000,9999.000,9999.000,9999.000,9999.000
202605240224,   1.090,   1.758,9999.000,9999.000,9999.000,9999.000,9999.000,9999.000,9999.000
202605240230,   1.077,   1.758,9999.000,9999.000,9999.000,9999.000,9999.000,9999.000,9999.000
202605240236,   1.064,   1.758,9999.000,9999.000,9999.000,9999.000,9999.000,9999.000,9999.000
202605240242,   1.050,   1.748,9999.000,9999.000,9999.000,9999.000,9999.000,9999.000,9999.000
202605240248,   1.037,   1.738,9999.000,9999.000,9999.000,9999.000,9999.000,9999.000,9999.000
202605240254,   1.024,   1.708,9999.000,9999.000,9999.000,9999.000,9999.000,9999.000,9999.000
202605240300,   1.010,   1.708,   0.700,  -0.002,   1.708,   0.700,   1.708,   0.800,   1.808
202605240306,   0.997,   1.689,9999.000,9999.000,9999.000,9999.000,9999.000,9999.000,9999.000
202605240312,   0.983,   1.689,9999.000,9999.000,9999.000,9999.000,9999.000,9999.000,9999.000
202605240318,   0.970,   1.708,9999.000,9999.000,9999.000,9999.000,9999.000,9999.000,9999.000
202605240324,   0.956,   1.718,9999.000,9999.000,9999.000,9999.000,9999.000,9999.000,9999.000
202605240330,   0.943,   1.738,9999.000,9999.000,9999.000,9999.000,9999.000,9999.000,9999.000
202605240336,   0.929,   1.738,9999.000,9999.000,9999.000,9999.000,9999.000,9999.000,9999.000
202605240342,   0.915,   1.718,9999.000,9999.000,9999.000,9999.000,9999.000,9999.000,9999.000
202605240348,   0.901,   1.718,9999.000,9999.000,9999.000,9999.000,9999.000,9999.000,9999.000
202605240354,   0.888,   1.728,9999.000,9999.000,9999.000,9999.000,9999.000,9999.000,9999.000
202605240400,   0.874,   1.439,   0.700,  -0.135,   1.439,   0.700,   1.439,   0.800,   1.539
202605240406,   0.860,   1.548,9999.000,9999.000,9999.000,9999.000,9999.000,9999.000,9999.000
202605240412,   0.845,   1.528,9999.000,9999.000,9999.000,9999.000,9999.000,9999.000,9999.000
202605240418,   0.831,   1.538,9999.000,9999.000,9999.000,9999.000,9999.000,9999.000,9999.000
202605240424,   0.817,   1.518,9999.000,9999.000,9999.000,9999.000,9999.000,9999.000,9999.000
202605240430,   0.803,   1.590,9999.000,9999.000,9999.000,9999.000,9999.000,9999.000,9999.000
202605240436,   0.788,   1.620,9999.000,9999.000,9999.000,9999.000,9999.000,9999.000,9999.000
202605240442,   0.774,   1.528,9999.000,9999.000,9999.000,9999.000,9999.000,9999.000,9999.000
202605240448,   0.759,   1.548,9999.000,9999.000,9999.000,9999.000,9999.000,9999.000,9999.000
202605240454,   0.745,   1.508,9999.000,9999.000,9999.000,9999.000,9999.000,9999.000,9999.000
202605240500,   0.731,   1.489,   0.700,   0.058,   1.489,   0.700,   1.489,   0.800,   1.589
202605240506,   0.716,   1.518,9999.000,9999.000,9999.000,9999.000,9999.000,9999.000,9999.000
202605240512,   0.702,   1.489,9999.000,9999.000,9999.000,9999.000,9999.000,9999.000,9999.000
202605240518,   0.688,   1.489,9999.000,9999.000,9999.000,9999.000,9999.000,9999.000,9999.000
202605240524,   0.673,   1.459,9999.000,9999.000,9999.000,9999.000,9999.000,9999.000,9999.000
202605240530,   0.660,   1.449,9999.000,9999.000,9999.000,9999.000,9999.000,9999.000,9999.000
202605240536,   0.646,   1.538,9999.000,9999.000,9999.000,9999.000,9999.000,9999.000,9999.000
202605240542,   0.632,   1.410,9999.000,9999.000,9999.000,9999.000,9999.000,9999.000,9999.000
202605240548,   0.619,   1.420,9999.000,9999.000,9999.000,9999.000,9999.000,9999.000,9999.000
202605240554,   0.606,   1.348,9999.000,9999.000,9999.000,9999.000,9999.000,9999.000,9999.000
202605240600,   0.593,   1.390,   0.700,   0.097,   1.390,   0.700,   1.390,   0.800,   1.490
202605240606,   0.581,   1.229,9999.000,9999.000,9999.000,9999.000,9999.000,9999.000,9999.000
202605240612,   0.569,   1.269,9999.000,9999.000,9999.000,9999.000,9999.000,9999.000,9999.000
202605240618,   0.557,   1.259,9999.000,9999.000,9999.000,9999.000,9999.000,9999.000,9999.000
202605240624,   0.546,   1.298,9999.000,9999.000,9999.000,9999.000,9999.000,9999.000,9999.000
202605240630,   0.536,   1.371,9999.000,9999.000,9999.000,9999.000,9999.000,9999.000,9999.000
202605240636,   0.525,   1.390,9999.000,9999.000,9999.000,9999.000,9999.000,9999.000,9999.000
202605240642,   0.516,   1.459,9999.000,9999.000,9999.000,9999.000,9999.000,9999.000,9999.000
202605240648,   0.507,   1.449,9999.000,9999.000,9999.000,9999.000,9999.000,9999.000,9999.000
202605240654,   0.498,   1.390,9999.000,9999.000,9999.000,9999.000,9999.000,9999.000,9999.000
202605240700,   0.490,   1.410,   0.700,   0.220,   1.410,   0.700,   1.410,   0.800,   1.510
202605240706,   0.482,   1.328,9999.000,9999.000,9999.000,9999.000,9999.000,9999.000,9999.000
202605240712,   0.476,   1.318,9999.000,9999.000,9999.000,9999.000,9999.000,9999.000,9999.000
202605240718,   0.469,   1.361,9999.000,9999.000,9999.000,9999.000,9999.000,9999.000,9999.000
202605240724,   0.463,   1.361,9999.000,9999.000,9999.000,9999.000,9999.000,9999.000,9999.000
202605240730,   0.458,   1.390,9999.000,9999.000,9999.000,9999.000,9999.000,9999.000,9999.000
202605240736,   0.454,   1.410,9999.000,9999.000,9999.000,9999.000,9999.000,9999.000,9999.000
202605240742,   0.449,   1.449,9999.000,9999.000,9999.000,9999.000,9999.000,9999.000,9999.000
202605240748,   0.446,   1.439,9999.000,9999.000,9999.000,9999.000,9999.000,9999.000,9999.000
202605240754,   0.443,   1.449,9999.000,9999.000,9999.000,9999.000,9999.000,9999.000,9999.000
202605240800,   0.440,   1.439,   0.700,   0.299,   1.439,   0.700,   1.439,   0.800,   1.539
202605240806,   0.438,   1.449,9999.000,9999.000,9999.000,9999.000,9999.000,9999.000,9999.000
202605240812,   0.437,   1.459,9999.000,9999.000,9999.000,9999.000,9999.000,9999.000,9999.000
202605240818,   0.436,   1.469,9999.000,9999.000,9999.000,9999.000,9999.000,9999.000,9999.000
202605240824,   0.436,   1.489,9999.000,9999.000,9999.000,9999.000,9999.000,9999.000,9999.000
202605240830,   0.436,   1.518,9999.000,9999.000,9999.000,9999.000,9999.000,9999.000,9999.000
202605240836,   0.436,   1.590,9999.000,9999.000,9999.000,9999.000,9999.000,9999.000,9999.000
202605240842,   0.437,   1.718,9999.000,9999.000,9999.000,9999.000,9999.000,9999.000,9999.000
202605240848,   0.438,   1.610,9999.000,9999.000,9999.000,9999.000,9999.000,9999.000,9999.000
202605240854,   0.440,   1.659,9999.000,9999.000,9999.000,9999.000,9999.000,9999.000,9999.000
202605240900,   0.442,   1.557,   0.700,   0.415,   1.557,   0.700,   1.557,   0.800,   1.657
202605240906,   0.445,   1.548,9999.000,9999.000,9999.000,9999.000,9999.000,9999.000,9999.000
202605240912,   0.448,   1.659,9999.000,9999.000,9999.000,9999.000,9999.000,9999.000,9999.000
202605240918,   0.451,   1.639,9999.000,9999.000,9999.000,9999.000,9999.000,9999.000,9999.000
202605240924,   0.455,   1.718,9999.000,9999.000,9999.000,9999.000,9999.000,9999.000,9999.000
202605240930,   0.459,   1.810,9999.000,9999.000,9999.000,9999.000,9999.000,9999.000,9999.000
202605240936,   0.464,   1.767,9999.000,9999.000,9999.000,9999.000,9999.000,9999.000,9999.000
202605240942,   0.469,   1.830,9999.000,9999.000,9999.000,9999.000,9999.000,9999.000,9999.000
202605240948,   0.475,   1.758,9999.000,9999.000,9999.000,9999.000,9999.000,9999.000,9999.000
202605240954,   0.480,   1.830,9999.000,9999.000,9999.000,9999.000,9999.000,9999.000,9999.000
202605241000,   0.487,   1.879,   0.700,   0.692,   1.879,   0.700,   1.879,   0.800,   1.979
202605241006,   0.494,   1.990,9999.000,9999.000,9999.000,9999.000,9999.000,9999.000,9999.000
202605241012,   0.501,   2.020,9999.000,9999.000,9999.000,9999.000,9999.000,9999.000,9999.000
202605241018,   0.508,   2.089,9999.000,9999.000,9999.000,9999.000,9999.000,9999.000,9999.000
202605241024,   0.516,   2.059,9999.000,9999.000,9999.000,9999.000,9999.000,9999.000,9999.000
202605241030,   0.525,   1.967,9999.000,9999.000,9999.000,9999.000,9999.000,9999.000,9999.000
202605241036,   0.534,   1.967,9999.000,9999.000,9999.000,9999.000,9999.000,9999.000,9999.000
202605241042,   0.543,   1.981,9999.000,9999.000,9999.000,9999.000,9999.000,9999.000,9999.000
202605241048,   0.553,   2.040,9999.000,9999.000,9999.000,9999.000,9999.000,9999.000,9999.000
202605241054,   0.563,   2.240,9999.000,9999.000,9999.000,9999.000,9999.000,9999.000,9999.000
202605241100,   0.574,   2.318,   0.700,   1.044,   2.318,   0.700,   2.318,   0.800,   2.418
202605241106,   0.585,   2.400,9999.000,9999.000,9999.000,9999.000,9999.000,9999.000,9999.000
202605241112,   0.596,   2.368,9999.000,9999.000,9999.000,9999.000,9999.000,9999.000,9999.000
202605241118,   0.608,   2.338,9999.000,9999.000,9999.000,9999.000,9999.000,9999.000,9999.000
202605241124,   0.620,   2.309,9999.000,9999.000,9999.000,9999.000,9999.000,9999.000,9999.000
202605241130,   0.632,   2.220,9999.000,9999.000,9999.000,9999.000,9999.000,9999.000,9999.000
202605241136,   0.645,   2.128,9999.000,9999.000,9999.000,9999.000,9999.000,9999.000,9999.000
202605241142,   0.658,   2.000,9999.000,9999.000,9999.000,9999.000,9999.000,9999.000,9999.000
202605241148,   0.671,   1.967,9999.000,9999.000,9999.000,9999.000,9999.000,9999.000,9999.000
202605241154,   0.684,9999.000,9999.000,9999.000,9999.000,9999.000,9999.000,9999.000,9999.000
202605241200,   0.698,9999.000,   0.800,   0.973,   2.471,   0.700,   2.371,   0.800,   2.471
202605241206,   0.712,9999.000,9999.000,9999.000,9999.000,9999.000,9999.000,9999.000,9999.000
202605241212,   0.726,9999.000,9999.000,9999.000,9999.000,9999.000,9999.000,9999.000,9999.000
202605241218,   0.740,9999.000,9999.000,9999.000,9999.000,9999.000,9999.000,9999.000,9999.000
202605241224,   0.754,9999.000,9999.000,9999.000,9999.000,9999.000,9999.000,9999.000,9999.000
202605241230,   0.769,9999.000,9999.000,9999.000,9999.000,9999.000,9999.000,9999.000,9999.000
202605241236,   0.783,9999.000,9999.000,9999.000,9999.000,9999.000,9999.000,9999.000,9999.000
202605241242,   0.797,9999.000,9999.000,9999.000,9999.000,9999.000,9999.000,9999.000,9999.000
202605241248,   0.812,9999.000,9999.000,9999.000,9999.000,9999.000,9999.000,9999.000,9999.000
202605241254,   0.826,9999.000,9999.000,9999.000,9999.000,9999.000,9999.000,9999.000,9999.000
202605241300,   0.841,9999.000,   0.800,   0.903,   2.544,   0.700,   2.444,   0.800,   2.544
202605241306,   0.855,9999.000,9999.000,9999.000,9999.000,9999.000,9999.000,9999.000,9999.000
202605241312,   0.869,9999.000,9999.000,9999.000,9999.000,9999.000,9999.000,9999.000,9999.000
202605241318,   0.884,9999.000,9999.000,9999.000,9999.000,9999.000,9999.000,9999.000,9999.000
202605241324,   0.898,9999.000,9999.000,9999.000,9999.000,9999.000,9999.000,9999.000,9999.000
202605241330,   0.912,9999.000,9999.000,9999.000,9999.000,9999.000,9999.000,9999.000,9999.000
202605241336,   0.926,9999.000,9999.000,9999.000,9999.000,9999.000,9999.000,9999.000,9999.000
202605241342,   0.940,9999.000,9999.000,9999.000,9999.000,9999.000,9999.000,9999.000,9999.000
202605241348,   0.953,9999.000,9999.000,9999.000,9999.000,9999.000,9999.000,9999.000,9999.000
202605241354,   0.967,9999.000,9999.000,9999.000,9999.000,9999.000,9999.000,9999.000,9999.000
202605241400,   0.980,9999.000,   0.800,   0.832,   2.612,   0.700,   2.512,   0.900,   2.712
202605241406,   0.993,9999.000,9999.000,9999.000,9999.000,9999.000,9999.000,9999.000,9999.000
202605241412,   1.006,9999.000,9999.000,9999.000,9999.000,9999.000,9999.000,9999.000,9999.000
202605241418,   1.018,9999.000,9999.000,9999.000,9999.000,9999.000,9999.000,9999.000,9999.000
202605241424,   1.030,9999.000,9999.000,9999.000,9999.000,9999.000,9999.000,9999.000,9999.000
202605241430,   1.042,9999.000,9999.000,9999.000,9999.000,9999.000,9999.000,9999.000,9999.000
202605241436,   1.054,9999.000,9999.000,9999.000,9999.000,9999.000,9999.000,9999.000,9999.000
202605241442,   1.065,9999.000,9999.000,9999.000,9999.000,9999.000,9999.000,9999.000,9999.000
202605241448,   1.076,9999.000,9999.000,9999.000,9999.000,9999.000,9999.000,9999.000,9999.000
202605241454,   1.087,9999.000,9999.000,9999.000,9999.000,9999.000,9999.000,9999.000,9999.000
202605241500,   1.097,9999.000,   0.800,   0.762,   2.659,   0.700,   2.559,   0.900,   2.759
202605241506,   1.107,9999.000,9999.000,9999.000,9999.000,9999.000,9999.000,9999.000,9999.000
202605241512,   1.116,9999.000,9999.000,9999.000,9999.000,9999.000,9999.000,9999.000,9999.000
202605241518,   1.125,9999.000,9999.000,9999.000,9999.000,9999.000,9999.000,9999.000,9999.000
202605241524,   1.134,9999.000,9999.000,9999.000,9999.000,9999.000,9999.000,9999.000,9999.000
202605241530,   1.142,9999.000,9999.000,9999.000,9999.000,9999.000,9999.000,9999.000,9999.000
202605241536,   1.149,9999.000,9999.000,9999.000,9999.000,9999.000,9999.000,9999.000,9999.000
202605241542,   1.156,9999.000,9999.000,9999.000,9999.000,9999.000,9999.000,9999.000,9999.000
202605241548,   1.162,9999.000,9999.000,9999.000,9999.000,9999.000,9999.000,9999.000,9999.000
202605241554,   1.168,9999.000,9999.000,9999.000,9999.000,9999.000,9999.000,9999.000,9999.000
202605241600,   1.173,9999.000,   0.800,   0.691,   2.664,   0.700,   2.564,   0.900,   2.764
202605241606,   1.178,9999.000,9999.000,9999.000,9999.000,9999.000,9999.000,9999.000,9999.000
202605241612,   1.182,9999.000,9999.000,9999.000,9999.000,9999.000,9999.000,9999.000,9999.000
202605241618,   1.185,9999.000,9999.000,9999.000,9999.000,9999.000,9999.000,9999.000,9999.000
202605241624,   1.188,9999.000,9999.000,9999.000,9999.000,9999.000,9999.000,9999.000,9999.000
202605241630,   1.190,9999.000,9999.000,9999.000,9999.000,9999.000,9999.000,9999.000,9999.000
202605241636,   1.192,9999.000,9999.000,9999.000,9999.000,9999.000,9999.000,9999.000,9999.000
202605241642,   1.193,9999.000,9999.000,9999.000,9999.000,9999.000,9999.000,9999.000,9999.000
202605241648,   1.194,9999.000,9999.000,9999.000,9999.000,9999.000,9999.000,9999.000,9999.000
202605241654,   1.194,9999.000,9999.000,9999.000,9999.000,9999.000,9999.000,9999.000,9999.000
202605241700,   1.193,9999.000,   0.800,   0.621,   2.614,   0.700,   2.514,   0.900,   2.714
202605241706,   1.192,9999.000,9999.000,9999.000,9999.000,9999.000,9999.000,9999.000,9999.000
202605241712,   1.191,9999.000,9999.000,9999.000,9999.000,9999.000,9999.000,9999.000,9999.000
202605241718,   1.189,9999.000,9999.000,9999.000,9999.000,9999.000,9999.000,9999.000,9999.000
202605241724,   1.187,9999.000,9999.000,9999.000,9999.000,9999.000,9999.000,9999.000,9999.000
202605241730,   1.184,9999.000,9999.000,9999.000,9999.000,9999.000,9999.000,9999.000,9999.000
202605241736,   1.181,9999.000,9999.000,9999.000,9999.000,9999.000,9999.000,9999.000,9999.000
202605241742,   1.178,9999.000,9999.000,9999.000,9999.000,9999.000,9999.000,9999.000,9999.000
202605241748,   1.175,9999.000,9999.000,9999.000,9999.000,9999.000,9999.000,9999.000,9999.000
202605241754,   1.171,9999.000,9999.000,9999.000,9999.000,9999.000,9999.000,9999.000,9999.000
202605241800,   1.168,9999.000,   0.800,   0.550,   2.518,   0.600,   2.318,   0.800,   2.518
202605241806,   1.164,9999.000,9999.000,9999.000,9999.000,9999.000,9999.000,9999.000,9999.000
202605241812,   1.160,9999.000,9999.000,9999.000,9999.000,9999.000,9999.000,9999.000,9999.000
202605241818,   1.156,9999.000,9999.000,9999.000,9999.000,9999.000,9999.000,9999.000,9999.000
202605241824,   1.152,9999.000,9999.000,9999.000,9999.000,9999.000,9999.000,9999.000,9999.000
202605241830,   1.149,9999.000,9999.000,9999.000,9999.000,9999.000,9999.000,9999.000,9999.000
202605241836,   1.145,9999.000,9999.000,9999.000,9999.000,9999.000,9999.000,9999.000,9999.000
202605241842,   1.142,9999.000,9999.000,9999.000,9999.000,9999.000,9999.000,9999.000,9999.000
202605241848,   1.138,9999.000,9999.000,9999.000,9999.000,9999.000,9999.000,9999.000,9999.000
202605241854,   1.135,9999.000,9999.000,9999.000,9999.000,9999.000,9999.000,9999.000,9999.000
202605241900,   1.132,9999.000,   0.700,   0.480,   2.312,   0.700,   2.312,   0.800,   2.412
202605241906,   1.129,9999.000,9999.000,9999.000,9999.000,9999.000,9999.000,9999.000,9999.000
202605241912,   1.127,9999.000,9999.000,9999.000,9999.000,9999.000,9999.000,9999.000,9999.000
202605241918,   1.124,9999.000,9999.000,9999.000,9999.000,9999.000,9999.000,9999.000,9999.000
202605241924,   1.122,9999.000,9999.000,9999.000,9999.000,9999.000,9999.000,9999.000,9999.000
202605241930,   1.121,9999.000,9999.000,9999.000,9999.000,9999.000,9999.000,9999.000,9999.000
202605241936,   1.119,9999.000,9999.000,9999.000,9999.000,9999.000,9999.000,9999.000,9999.000
202605241942,   1.118,9999.000,9999.000,9999.000,9999.000,9999.000,9999.000,9999.000,9999.000
202605241948,   1.116,9999.000,9999.000,9999.000,9999.000,9999.000,9999.000,9999.000,9999.000
202605241954,   1.115,9999.000,9999.000,9999.000,9999.000,9999.000,9999.000,9999.000,9999.000
202605242000,   1.114,9999.000,   0.700,   0.409,   2.223,   0.700,   2.223,   0.800,   2.323
202605242006,   1.114,9999.000,9999.000,9999.000,9999.000,9999.000,9999.000,9999.000,9999.000
202605242012,   1.113,9999.000,9999.000,9999.000,9999.000,9999.000,9999.000,9999.000,9999.000
202605242018,   1.113,9999.000,9999.000,9999.000,9999.000,9999.000,9999.000,9999.000,9999.000
202605242024,   1.113,9999.000,9999.000,9999.000,9999.000,9999.000,9999.000,9999.000,9999.000
202605242030,   1.112,9999.000,9999.000,9999.000,9999.000,9999.000,9999.000,9999.000,9999.000
202605242036,   1.112,9999.000,9999.000,9999.000,9999.000,9999.000,9999.000,9999.000,9999.000
202605242042,   1.112,9999.000,9999.000,9999.000,9999.000,9999.000,9999.000,9999.000,9999.000
202605242048,   1.112,9999.000,9999.000,9999.000,9999.000,9999.000,9999.000,9999.000,9999.000
202605242054,   1.112,9999.000,9999.000,9999.000,9999.000,9999.000,9999.000,9999.000,9999.000
202605242100,   1.112,9999.000,   0.700,   0.339,   2.151,   0.600,   2.051,   0.800,   2.251
202605242106,   1.112,9999.000,9999.000,9999.000,9999.000,9999.000,9999.000,9999.000,9999.000
202605242112,   1.112,9999.000,9999.000,9999.000,9999.000,9999.000,9999.000,9999.000,9999.000
202605242118,   1.112,9999.000,9999.000,9999.000,9999.000,9999.000,9999.000,9999.000,9999.000
202605242124,   1.111,9999.000,9999.000,9999.000,9999.000,9999.000,9999.000,9999.000,9999.000
202605242130,   1.111,9999.000,9999.000,9999.000,9999.000,9999.000,9999.000,9999.000,9999.000
202605242136,   1.110,9999.000,9999.000,9999.000,9999.000,9999.000,9999.000,9999.000,9999.000
202605242142,   1.110,9999.000,9999.000,9999.000,9999.000,9999.000,9999.000,9999.000,9999.000
202605242148,   1.109,9999.000,9999.000,9999.000,9999.000,9999.000,9999.000,9999.000,9999.000
202605242154,   1.108,9999.000,9999.000,9999.000,9999.000,9999.000,9999.000,9999.000,9999.000
202605242200,   1.107,9999.000,   0.700,   0.268,   2.075,   0.600,   1.975,   0.800,   2.175
202605242206,   1.106,9999.000,9999.000,9999.000,9999.000,9999.000,9999.000,9999.000,9999.000
202605242212,   1.104,9999.000,9999.000,9999.000,9999.000,9999.000,9999.000,9999.000,9999.000
202605242218,   1.103,9999.000,9999.000,9999.000,9999.000,9999.000,9999.000,9999.000,9999.000
202605242224,   1.101,9999.000,9999.000,9999.000,9999.000,9999.000,9999.000,9999.000,9999.000
202605242230,   1.099,9999.000,9999.000,9999.000,9999.000,9999.000,9999.000,9999.000,9999.000
202605242236,   1.097,9999.000,9999.000,9999.000,9999.000,9999.000,9999.000,9999.000,9999.000
202605242242,   1.095,9999.000,9999.000,9999.000,9999.000,9999.000,9999.000,9999.000,9999.000
202605242248,   1.093,9999.000,9999.000,9999.000,9999.000,9999.000,9999.000,9999.000,9999.000
202605242254,   1.090,9999.000,9999.000,9999.000,9999.000,9999.000,9999.000,9999.000,9999.000
202605242300,   1.087,9999.000,   0.700,   0.197,   1.984,   0.600,   1.884,   0.800,   2.084
202605242306,   1.084,9999.000,9999.000,9999.000,9999.000,9999.000,9999.000,9999.000,9999.000
202605242312,   1.081,9999.000,9999.000,9999.000,9999.000,9999.000,9999.000,9999.000,9999.000
202605242318,   1.078,9999.000,9999.000,9999.000,9999.000,9999.000,9999.000,9999.000,9999.000
202605242324,   1.074,9999.000,9999.000,9999.000,9999.000,9999.000,9999.000,9999.000,9999.000
202605242330,   1.070,9999.000,9999.000,9999.000,9999.000,9999.000,9999.000,9999.000,9999.000
202605242336,   1.066,9999.000,9999.000,9999.000,9999.000,9999.000,9999.000,9999.000,9999.000
202605242342,   1.062,9999.000,9999.000,9999.000,9999.000,9999.000,9999.000,9999.000,9999.000
202605242348,   1.058,9999.000,9999.000,9999.000,9999.000,9999.000,9999.000,9999.000,9999.000
202605242354,   1.053,9999.000,9999.000,9999.000,9999.000,9999.000,9999.000,9999.000,9999.000
202605250000,   1.048,9999.000,   0.700,   0.197,   1.945,   0.600,   1.845,   0.800,   2.045
202605250006,   1.043,9999.000,9999.000,9999.000,9999.000,9999.000,9999.000,9999.000,9999.000
202605250012,   1.038,9999.000,9999.000,9999.000,9999.000,9999.000,9999.000,9999.000,9999.000
202605250018,   1.032,9999.000,9999.000,9999.000,9999.000,9999.000,9999.000,9999.000,9999.000
202605250024,   1.027,9999.000,9999.000,9999.000,9999.000,9999.000,9999.000,9999.000,9999.000
202605250030,   1.021,9999.000,9999.000,9999.000,9999.000,9999.000,9999.000,9999.000,9999.000
202605250036,   1.015,9999.000,9999.000,9999.000,9999.000,9999.000,9999.000,9999.000,9999.000
202605250042,   1.009,9999.000,9999.000,9999.000,9999.000,9999.000,9999.000,9999.000,9999.000
202605250048,   1.002,9999.000,9999.000,9999.000,9999.000,9999.000,9999.000,9999.000,9999.000
202605250054,   0.996,9999.000,9999.000,9999.000,9999.000,9999.000,9999.000,9999.000,9999.000
202605250100,   0.989,9999.000,   0.700,   0.197,   1.886,   0.600,   1.786,   0.800,   1.986
202605250106,   0.983,9999.000,9999.000,9999.000,9999.000,9999.000,9999.000,9999.000,9999.000
202605250112,   0.976,9999.000,9999.000,9999.000,9999.000,9999.000,9999.000,9999.000,9999.000
202605250118,   0.969,9999.000,9999.000,9999.000,9999.000,9999.000,9999.000,9999.000,9999.000
202605250124,   0.963,9999.000,9999.000,9999.000,9999.000,9999.000,9999.000,9999.000,9999.000
202605250130,   0.956,9999.000,9999.000,9999.000,9999.000,9999.000,9999.000,9999.000,9999.000
202605250136,   0.949,9999.000,9999.000,9999.000,9999.000,9999.000,9999.000,9999.000,9999.000
202605250142,   0.943,9999.000,9999.000,9999.000,9999.000,9999.000,9999.000,9999.000,9999.000
202605250148,   0.936,9999.000,9999.000,9999.000,9999.000,9999.000,9999.000,9999.000,9999.000
202605250154,   0.929,9999.000,9999.000,9999.000,9999.000,9999.000,9999.000,9999.000,9999.000
202605250200,   0.923,9999.000,   0.700,   0.197,   1.820,   0.700,   1.820,   0.800,   1.920
202605250206,   0.917,9999.000,9999.000,9999.000,9999.000,9999.000,9999.000,9999.000,9999.000
202605250212,   0.910,9999.000,9999.000,9999.000,9999.000,9999.000,9999.000,9999.000,9999.000
202605250218,   0.904,9999.000,9999.000,9999.000,9999.000,9999.000,9999.000,9999.000,9999.000
202605250224,   0.898,9999.000,9999.000,9999.000,9999.000,9999.000,9999.000,9999.000,9999.000
202605250230,   0.892,9999.000,9999.000,9999.000,9999.000,9999.000,9999.000,9999.000,9999.000
202605250236,   0.887,9999.000,9999.000,9999.000,9999.000,9999.000,9999.000,9999.000,9999.000
202605250242,   0.881,9999.000,9999.000,9999.000,9999.000,9999.000,9999.000,9999.000,9999.000
202605250248,   0.876,9999.000,9999.000,9999.000,9999.000,9999.000,9999.000,9999.000,9999.000
202605250254,   0.870,9999.000,9999.000,9999.000,9999.000,9999.000,9999.000,9999.000,9999.000
202605250300,   0.865,9999.000,   0.700,   0.197,   1.762,   0.700,   1.762,   0.800,   1.862
202605250306,   0.860,9999.000,9999.000,9999.000,9999.000,9999.000,9999.000,9999.000,9999.000
202605250312,   0.855,9999.000,9999.000,9999.000,9999.000,9999.000,9999.000,9999.000,9999.000
202605250318,   0.850,9999.000,9999.000,9999.000,9999.000,9999.000,9999.000,9999.000,9999.000
202605250324,   0.846,9999.000,9999.000,9999.000,9999.000,9999.000,9999.000,9999.000,9999.000
202605250330,   0.841,9999.000,9999.000,9999.000,9999.000,9999.000,9999.000,9999.000,9999.000
202605250336,   0.836,9999.000,9999.000,9999.000,9999.000,9999.000,9999.000,9999.000,9999.000
202605250342,   0.831,9999.000,9999.000,9999.000,9999.000,9999.000,9999.000,9999.000,9999.000
202605250348,   0.827,9999.000,9999.000,9999.000,9999.000,9999.000,9999.000,9999.000,9999.000
202605250354,   0.822,9999.000,9999.000,9999.000,9999.000,9999.000,9999.000,9999.000,9999.000
202605250400,   0.817,9999.000,   0.700,   0.197,   1.714,   0.600,   1.614,   0.800,   1.814
202605250406,   0.812,9999.000,9999.000,9999.000,9999.000,9999.000,9999.000,9999.000,9999.000
202605250412,   0.807,9999.000,9999.000,9999.000,9999.000,9999.000,9999.000,9999.000,9999.000
202605250418,   0.802,9999.000,9999.000,9999.000,9999.000,9999.000,9999.000,9999.000,9999.000
202605250424,   0.797,9999.000,9999.000,9999.000,9999.000,9999.000,9999.000,9999.000,9999.000
202605250430,   0.792,9999.000,9999.000,9999.000,9999.000,9999.000,9999.000,9999.000,9999.000
202605250436,   0.786,9999.000,9999.000,9999.000,9999.000,9999.000,9999.000,9999.000,9999.000
202605250442,   0.781,9999.000,9999.000,9999.000,9999.000,9999.000,9999.000,9999.000,9999.000
202605250448,   0.775,9999.000,9999.000,9999.000,9999.000,9999.000,9999.000,9999.000,9999.000
202605250454,   0.769,9999.000,9999.000,9999.000,9999.000,9999.000,9999.000,9999.000,9999.000
202605250500,   0.763,9999.000,   0.700,   0.197,   1.660,   0.600,   1.560,   0.800,   1.760
202605250506,   0.757,9999.000,9999.000,9999.000,9999.000,9999.000,9999.000,9999.000,9999.000
202605250512,   0.751,9999.000,9999.000,9999.000,9999.000,9999.000,9999.000,9999.000,9999.000
202605250518,   0.745,9999.000,9999.000,9999.000,9999.000,9999.000,9999.000,9999.000,9999.000
202605250524,   0.739,9999.000,9999.000,9999.000,9999.000,9999.000,9999.000,9999.000,9999.000
202605250530,   0.732,9999.000,9999.000,9999.000,9999.000,9999.000,9999.000,9999.000,9999.000
202605250536,   0.726,9999.000,9999.000,9999.000,9999.000,9999.000,9999.000,9999.000,9999.000
202605250542,   0.720,9999.000,9999.000,9999.000,9999.000,9999.000,9999.000,9999.000,9999.000
202605250548,   0.713,9999.000,9999.000,9999.000,9999.000,9999.000,9999.000,9999.000,9999.000
202605250554,   0.707,9999.000,9999.000,9999.000,9999.000,9999.000,9999.000,9999.000,9999.000
202605250600,   0.701,9999.000,   0.700,   0.197,   1.598,   0.600,   1.498,   0.800,   1.698
202605250606,   0.695,9999.000,9999.000,9999.000,9999.000,9999.000,9999.000,9999.000,9999.000
202605250612,   0.690,9999.000,9999.000,9999.000,9999.000,9999.000,9999.000,9999.000,9999.000
202605250618,   0.684,9999.000,9999.000,9999.000,9999.000,9999.000,9999.000,9999.000,9999.000
202605250624,   0.679,9999.000,9999.000,9999.000,9999.000,9999.000,9999.000,9999.000,9999.000
202605250630,   0.674,9999.000,9999.000,9999.000,9999.000,9999.000,9999.000,9999.000,9999.000
202605250636,   0.669,9999.000,9999.000,9999.000,9999.000,9999.000,9999.000,9999.000,9999.000
202605250642,   0.665,9999.000,9999.000,9999.000,9999.000,9999.000,9999.000,9999.000,9999.000
202605250648,   0.661,9999.000,9999.000,9999.000,9999.000,9999.000,9999.000,9999.000,9999.000
202605250654,   0.658,9999.000,9999.000,9999.000,9999.000,9999.000,9999.000,9999.000,9999.000
202605250700,   0.655,9999.000,   0.700,   0.197,   1.552,   0.600,   1.452,   0.800,   1.652
202605250706,   0.652,9999.000,9999.000,9999.000,9999.000,9999.000,9999.000,9999.000,9999.000
202605250712,   0.650,9999.000,9999.000,9999.000,9999.000,9999.000,9999.000,9999.000,9999.000
202605250718,   0.648,9999.000,9999.000,9999.000,9999.000,9999.000,9999.000,9999.000,9999.000
202605250724,   0.647,9999.000,9999.000,9999.000,9999.000,9999.000,9999.000,9999.000,9999.000
202605250730,   0.646,9999.000,9999.000,9999.000,9999.000,9999.000,9999.000,9999.000,9999.000
202605250736,   0.645,9999.000,9999.000,9999.000,9999.000,9999.000,9999.000,9999.000,9999.000
202605250742,   0.646,9999.000,9999.000,9999.000,9999.000,9999.000,9999.000,9999.000,9999.000
202605250748,   0.646,9999.000,9999.000,9999.000,9999.000,9999.000,9999.000,9999.000,9999.000
202605250754,   0.647,9999.000,9999.000,9999.000,9999.000,9999.000,9999.000,9999.000,9999.000
202605250800,   0.649,9999.000,   0.700,   0.197,   1.546,   0.600,   1.446,   0.800,   1.646
202605250806,   0.651,9999.000,9999.000,9999.000,9999.000,9999.000,9999.000,9999.000,9999.000
202605250812,   0.654,9999.000,9999.000,9999.000,9999.000,9999.000,9999.000,9999.000,9999.000
202605250818,   0.657,9999.000,9999.000,9999.000,9999.000,9999.000,9999.000,9999.000,9999.000
202605250824,   0.660,9999.000,9999.000,9999.000,9999.000,9999.000,9999.000,9999.000,9999.000
202605250830,   0.664,9999.000,9999.000,9999.000,9999.000,9999.000,9999.000,9999.000,9999.000
202605250836,   0.668,9999.000,9999.000,9999.000,9999.000,9999.000,9999.000,9999.000,9999.000
202605250842,   0.673,9999.000,9999.000,9999.000,9999.000,9999.000,9999.000,9999.000,9999.000
202605250848,   0.678,9999.000,9999.000,9999.000,9999.000,9999.000,9999.000,9999.000,9999.000
202605250854,   0.684,9999.000,9999.000,9999.000,9999.000,9999.000,9999.000,9999.000,9999.000
202605250900,   0.690,9999.000,   0.700,   0.197,   1.587,   0.600,   1.487,   0.800,   1.687
202605250906,   0.696,9999.000,9999.000,9999.000,9999.000,9999.000,9999.000,9999.000,9999.000
202605250912,   0.703,9999.000,9999.000,9999.000,9999.000,9999.000,9999.000,9999.000,9999.000
202605250918,   0.710,9999.000,9999.000,9999.000,9999.000,9999.000,9999.000,9999.000,9999.000
202605250924,   0.718,9999.000,9999.000,9999.000,9999.000,9999.000,9999.000,9999.000,9999.000
202605250930,   0.725,9999.000,9999.000,9999.000,9999.000,9999.000,9999.000,9999.000,9999.000
202605250936,   0.733,9999.000,9999.000,9999.000,9999.000,9999.000,9999.000,9999.000,9999.000
202605250942,   0.742,9999.000,9999.000,9999.000,9999.000,9999.000,9999.000,9999.000,9999.000
202605250948,   0.751,9999.000,9999.000,9999.000,9999.000,9999.000,9999.000,9999.000,9999.000
202605250954,   0.760,9999.000,9999.000,9999.000,9999.000,9999.000,9999.000,9999.000,9999.000
202605251000,   0.769,9999.000,   0.700,   0.197,   1.666,   0.600,   1.566,   0.800,   1.766
202605251006,   0.779,9999.000,9999.000,9999.000,9999.000,9999.000,9999.000,9999.000,9999.000
202605251012,   0.788,9999.000,9999.000,9999.000,9999.000,9999.000,9999.000,9999.000,9999.000
202605251018,   0.798,9999.000,9999.000,9999.000,9999.000,9999.000,9999.000,9999.000,9999.000
202605251024,   0.809,9999.000,9999.000,9999.000,9999.000,9999.000,9999.000,9999.000,9999.000
202605251030,   0.819,9999.000,9999.000,9999.000,9999.000,9999.000,9999.000,9999.000,9999.000
202605251036,   0.830,9999.000,9999.000,9999.000,9999.000,9999.000,9999.000,9999.000,9999.000
202605251042,   0.841,9999.000,9999.000,9999.000,9999.000,9999.000,9999.000,9999.000,9999.000
202605251048,   0.852,9999.000,9999.000,9999.000,9999.000,9999.000,9999.000,9999.000,9999.000
202605251054,   0.863,9999.000,9999.000,9999.000,9999.000,9999.000,9999.000,9999.000,9999.000
202605251100,   0.875,9999.000,   0.700,   0.197,   1.772,   0.600,   1.672,   0.900,   1.972
202605251106,   0.886,9999.000,9999.000,9999.000,9999.000,9999.000,9999.000,9999.000,9999.000
202605251112,   0.898,9999.000,9999.000,9999.000,9999.000,9999.000,9999.000,9999.000,9999.000
202605251118,   0.909,9999.000,9999.000,9999.000,9999.000,9999.000,9999.000,9999.000,9999.000
202605251124,   0.921,9999.000,9999.000,9999.000,9999.000,9999.000,9999.000,9999.000,9999.000
202605251130,   0.933,9999.000,9999.000,9999.000,9999.000,9999.000,9999.000,9999.000,9999.000
202605251136,   0.944,9999.000,9999.000,9999.000,9999.000,9999.000,9999.000,9999.000,9999.000
202605251142,   0.956,9999.000,9999.000,9999.000,9999.000,9999.000,9999.000,9999.000,9999.000
202605251148,   0.967,9999.000,9999.000,9999.000,9999.000,9999.000,9999.000,9999.000,9999.000
202605251154,   0.979,9999.000,9999.000,9999.000,9999.000,9999.000,9999.000,9999.000,9999.000
202605251200,   0.990,9999.000,   0.800,   0.197,   1.987,   0.700,   1.887,   0.900,   2.087
202605251206,   1.002,9999.000,9999.000,9999.000,9999.000,9999.000,9999.000,9999.000,9999.000
202605251212,   1.013,9999.000,9999.000,9999.000,9999.000,9999.000,9999.000,9999.000,9999.000
202605251218,   1.024,9999.000,9999.000,9999.000,9999.000,9999.000,9999.000,9999.000,9999.000
202605251224,   1.035,9999.000,9999.000,9999.000,9999.000,9999.000,9999.000,9999.000,9999.000
202605251230,   1.045,9999.000,9999.000,9999.000,9999.000,9999.000,9999.000,9999.000,9999.000
202605251236,   1.056,9999.000,9999.000,9999.000,9999.000,9999.000,9999.000,9999.000,9999.000
202605251242,   1.066,9999.000,9999.000,9999.000,9999.000,9999.000,9999.000,9999.000,9999.000
202605251248,   1.076,9999.000,9999.000,9999.000,9999.000,9999.000,9999.000,9999.000,9999.000
202605251254,   1.086,9999.000,9999.000,9999.000,9999.000,9999.000,9999.000,9999.000,9999.000
202605251300,   1.096,9999.000,   0.800,   0.197,   2.093,   0.700,   1.993,   0.900,   2.193
202605251306,   1.106,9999.000,9999.000,9999.000,9999.000,9999.000,9999.000,9999.000,9999.000
202605251312,   1.115,9999.000,9999.000,9999.000,9999.000,9999.000,9999.000,9999.000,9999.000
202605251318,   1.124,9999.000,9999.000,9999.000,9999.000,9999.000,9999.000,9999.000,9999.000
202605251324,   1.133,9999.000,9999.000,9999.000,9999.000,9999.000,9999.000,9999.000,9999.000
202605251330,   1.142,9999.000,9999.000,9999.000,9999.000,9999.000,9999.000,9999.000,9999.000
202605251336,   1.150,9999.000,9999.000,9999.000,9999.000,9999.000,9999.000,9999.000,9999.000
202605251342,   1.158,9999.000,9999.000,9999.000,9999.000,9999.000,9999.000,9999.000,9999.000
202605251348,   1.166,9999.000,9999.000,9999.000,9999.000,9999.000,9999.000,9999.000,9999.000
202605251354,   1.174,9999.000,9999.000,9999.000,9999.000,9999.000,9999.000,9999.000,9999.000
202605251400,   1.182,9999.000,   0.800,   0.197,   2.179,   0.700,   2.079,   0.900,   2.279
202605251406,   1.189,9999.000,9999.000,9999.000,9999.000,9999.000,9999.000,9999.000,9999.000
202605251412,   1.196,9999.000,9999.000,9999.000,9999.000,9999.000,9999.000,9999.000,9999.000
202605251418,   1.204,9999.000,9999.000,9999.000,9999.000,9999.000,9999.000,9999.000,9999.000
202605251424,   1.210,9999.000,9999.000,9999.000,9999.000,9999.000,9999.000,9999.000,9999.000
202605251430,   1.217,9999.000,9999.000,9999.000,9999.000,9999.000,9999.000,9999.000,9999.000
202605251436,   1.223,9999.000,9999.000,9999.000,9999.000,9999.000,9999.000,9999.000,9999.000
202605251442,   1.229,9999.000,9999.000,9999.000,9999.000,9999.000,9999.000,9999.000,9999.000
202605251448,   1.235,9999.000,9999.000,9999.000,9999.000,9999.000,9999.000,9999.000,9999.000
202605251454,   1.241,9999.000,9999.000,9999.000,9999.000,9999.000,9999.000,9999.000,9999.000
202605251500,   1.246,9999.000,   0.800,   0.197,   2.243,   0.700,   2.143,   0.900,   2.343
202605251506,   1.251,9999.000,9999.000,9999.000,9999.000,9999.000,9999.000,9999.000,9999.000
202605251512,   1.255,9999.000,9999.000,9999.000,9999.000,9999.000,9999.000,9999.000,9999.000
202605251518,   1.259,9999.000,9999.000,9999.000,9999.000,9999.000,9999.000,9999.000,9999.000
202605251524,   1.263,9999.000,9999.000,9999.000,9999.000,9999.000,9999.000,9999.000,9999.000
202605251530,   1.266,9999.000,9999.000,9999.000,9999.000,9999.000,9999.000,9999.000,9999.000
202605251536,   1.269,9999.000,9999.000,9999.000,9999.000,9999.000,9999.000,9999.000,9999.000
202605251542,   1.272,9999.000,9999.000,9999.000,9999.000,9999.000,9999.000,9999.000,9999.000
202605251548,   1.273,9999.000,9999.000,9999.000,9999.000,9999.000,9999.000,9999.000,9999.000
202605251554,   1.275,9999.000,9999.000,9999.000,9999.000,9999.000,9999.000,9999.000,9999.000
202605251600,   1.275,9999.000,   0.800,   0.197,   2.272,   0.700,   2.172,   0.900,   2.372
202605251606,   1.276,9999.000,9999.000,9999.000,9999.000,9999.000,9999.000,9999.000,9999.000
202605251612,   1.275,9999.000,9999.000,9999.000,9999.000,9999.000,9999.000,9999.000,9999.000
202605251618,   1.274,9999.000,9999.000,9999.000,9999.000,9999.000,9999.000,9999.000,9999.000
202605251624,   1.272,9999.000,9999.000,9999.000,9999.000,9999.000,9999.000,9999.000,9999.000
202605251630,   1.270,9999.000,9999.000,9999.000,9999.000,9999.000,9999.000,9999.000,9999.000
202605251636,   1.267,9999.000,9999.000,9999.000,9999.000,9999.000,9999.000,9999.000,9999.000
202605251642,   1.263,9999.000,9999.000,9999.000,9999.000,9999.000,9999.000,9999.000,9999.000
202605251648,   1.258,9999.000,9999.000,9999.000,9999.000,9999.000,9999.000,9999.000,9999.000
202605251654,   1.253,9999.000,9999.000,9999.000,9999.000,9999.000,9999.000,9999.000,9999.000
202605251700,   1.248,9999.000,   0.800,   0.197,   2.245,   0.700,   2.145,   0.900,   2.345
202605251706,   1.241,9999.000,9999.000,9999.000,9999.000,9999.000,9999.000,9999.000,9999.000
202605251712,   1.234,9999.000,9999.000,9999.000,9999.000,9999.000,9999.000,9999.000,9999.000
202605251718,   1.226,9999.000,9999.000,9999.000,9999.000,9999.000,9999.000,9999.000,9999.000
202605251724,   1.218,9999.000,9999.000,9999.000,9999.000,9999.000,9999.000,9999.000,9999.000
202605251730,   1.209,9999.000,9999.000,9999.000,9999.000,9999.000,9999.000,9999.000,9999.000
202605251736,   1.200,9999.000,9999.000,9999.000,9999.000,9999.000,9999.000,9999.000,9999.000
202605251742,   1.190,9999.000,9999.000,9999.000,9999.000,9999.000,9999.000,9999.000,9999.000
202605251748,   1.180,9999.000,9999.000,9999.000,9999.000,9999.000,9999.000,9999.000,9999.000
202605251754,   1.169,9999.000,9999.000,9999.000,9999.000,9999.000,9999.000,9999.000,9999.000
202605251800,   1.158,9999.000,   0.800,   0.197,   2.155,   0.700,   2.055,   0.900,   2.255
202605251806,   1.147,9999.000,9999.000,9999.000,9999.000,9999.000,9999.000,9999.000,9999.000
202605251812,   1.135,9999.000,9999.000,9999.000,9999.000,9999.000,9999.000,9999.000,9999.000
202605251818,   1.123,9999.000,9999.000,9999.000,9999.000,9999.000,9999.000,9999.000,9999.000
202605251824,   1.111,9999.000,9999.000,9999.000,9999.000,9999.000,9999.000,9999.000,9999.000
202605251830,   1.099,9999.000,9999.000,9999.000,9999.000,9999.000,9999.000,9999.000,9999.000
202605251836,   1.087,9999.000,9999.000,9999.000,9999.000,9999.000,9999.000,9999.000,9999.000
202605251842,   1.074,9999.000,9999.000,9999.000,9999.000,9999.000,9999.000,9999.000,9999.000
202605251848,   1.062,9999.000,9999.000,9999.000,9999.000,9999.000,9999.000,9999.000,9999.000
202605251854,   1.049,9999.000,9999.000,9999.000,9999.000,9999.000,9999.000,9999.000,9999.000
202605251900,   1.037,9999.000,   0.800,   0.197,   2.034,   0.700,   1.934,   0.900,   2.134
202605251906,   1.025,9999.000,9999.000,9999.000,9999.000,9999.000,9999.000,9999.000,9999.000
202605251912,   1.013,9999.000,9999.000,9999.000,9999.000,9999.000,9999.000,9999.000,9999.000
202605251918,   1.001,9999.000,9999.000,9999.000,9999.000,9999.000,9999.000,9999.000,9999.000
202605251924,   0.989,9999.000,9999.000,9999.000,9999.000,9999.000,9999.000,9999.000,9999.000
202605251930,   0.977,9999.000,9999.000,9999.000,9999.000,9999.000,9999.000,9999.000,9999.000
202605251936,   0.966,9999.000,9999.000,9999.000,9999.000,9999.000,9999.000,9999.000,9999.000
202605251942,   0.955,9999.000,9999.000,9999.000,9999.000,9999.000,9999.000,9999.000,9999.000
202605251948,   0.944,9999.000,9999.000,9999.000,9999.000,9999.000,9999.000,9999.000,9999.000
202605251954,   0.933,9999.000,9999.000,9999.000,9999.000,9999.000,9999.000,9999.000,9999.000
202605252000,   0.923,9999.000,   0.800,   0.197,   1.920,   0.700,   1.820,   0.900,   2.020
202605252006,   0.913,9999.000,9999.000,9999.000,9999.000,9999.000,9999.000,9999.000,9999.000
202605252012,   0.903,9999.000,9999.000,9999.000,9999.000,9999.000,9999.000,9999.000,9999.000
202605252018,   0.894,9999.000,9999.000,9999.000,9999.000,9999.000,9999.000,9999.000,9999.000
202605252024,   0.885,9999.000,9999.000,9999.000,9999.000,9999.000,9999.000,9999.000,9999.000
202605252030,   0.876,9999.000,9999.000,9999.000,9999.000,9999.000,9999.000,9999.000,9999.000
202605252036,   0.868,9999.000,9999.000,9999.000,9999.000,9999.000,9999.000,9999.000,9999.000
202605252042,   0.860,9999.000,9999.000,9999.000,9999.000,9999.000,9999.000,9999.000,9999.000
202605252048,   0.852,9999.000,9999.000,9999.000,9999.000,9999.000,9999.000,9999.000,9999.000
202605252054,   0.844,9999.000,9999.000,9999.000,9999.000,9999.000,9999.000,9999.000,9999.000
202605252100,   0.837,9999.000,   0.800,   0.197,   1.834,   0.700,   1.734,   0.900,   1.934
202605252106,   0.830,9999.000,9999.000,9999.000,9999.000,9999.000,9999.000,9999.000,9999.000
202605252112,   0.824,9999.000,9999.000,9999.000,9999.000,9999.000,9999.000,9999.000,9999.000
202605252118,   0.817,9999.000,9999.000,9999.000,9999.000,9999.000,9999.000,9999.000,9999.000
202605252124,   0.811,9999.000,9999.000,9999.000,9999.000,9999.000,9999.000,9999.000,9999.000
202605252130,   0.806,9999.000,9999.000,9999.000,9999.000,9999.000,9999.000,9999.000,9999.000
202605252136,   0.800,9999.000,9999.000,9999.000,9999.000,9999.000,9999.000,9999.000,9999.000
202605252142,   0.795,9999.000,9999.000,9999.000,9999.000,9999.000,9999.000,9999.000,9999.000
202605252148,   0.790,9999.000,9999.000,9999.000,9999.000,9999.000,9999.000,9999.000,9999.000
202605252154,   0.785,9999.000,9999.000,9999.000,9999.000,9999.000,9999.000,9999.000,9999.000
202605252200,   0.781,9999.000,   0.800,   0.197,   1.778,   0.700,   1.678,   0.900,   1.878
202605252206,   0.777,9999.000,9999.000,9999.000,9999.000,9999.000,9999.000,9999.000,9999.000
202605252212,   0.773,9999.000,9999.000,9999.000,9999.000,9999.000,9999.000,9999.000,9999.000
202605252218,   0.769,9999.000,9999.000,9999.000,9999.000,9999.000,9999.000,9999.000,9999.000
202605252224,   0.766,9999.000,9999.000,9999.000,9999.000,9999.000,9999.000,9999.000,9999.000
202605252230,   0.762,9999.000,9999.000,9999.000,9999.000,9999.000,9999.000,9999.000,9999.000
202605252236,   0.759,9999.000,9999.000,9999.000,9999.000,9999.000,9999.000,9999.000,9999.000
202605252242,   0.756,9999.000,9999.000,9999.000,9999.000,9999.000,9999.000,9999.000,9999.000
202605252248,   0.753,9999.000,9999.000,9999.000,9999.000,9999.000,9999.000,9999.000,9999.000
202605252254,   0.750,9999.000,9999.000,9999.000,9999.000,9999.000,9999.000,9999.000,9999.000
202605252300,   0.748,9999.000,   0.800,   0.197,   1.745,   0.700,   1.645,   0.900,   1.845
202605252306,   0.745,9999.000,9999.000,9999.000,9999.000,9999.000,9999.000,9999.000,9999.000
202605252312,   0.743,9999.000,9999.000,9999.000,9999.000,9999.000,9999.000,9999.000,9999.000
202605252318,   0.740,9999.000,9999.000,9999.000,9999.000,9999.000,9999.000,9999.000,9999.000
202605252324,   0.737,9999.000,9999.000,9999.000,9999.000,9999.000,9999.000,9999.000,9999.000
202605252330,   0.735,9999.000,9999.000,9999.000,9999.000,9999.000,9999.000,9999.000,9999.000
202605252336,   0.732,9999.000,9999.000,9999.000,9999.000,9999.000,9999.000,9999.000,9999.000
202605252342,   0.730,9999.000,9999.000,9999.000,9999.000,9999.000,9999.000,9999.000,9999.000
202605252348,   0.727,9999.000,9999.000,9999.000,9999.000,9999.000,9999.000,9999.000,9999.000
202605252354,   0.724,9999.000,9999.000,9999.000,9999.000,9999.000,9999.000,9999.000,9999.000
202605260000,   0.722,9999.000,   0.800,   0.197,   1.719,   0.700,   1.619,   0.900,   1.819
202605260006,   0.719,9999.000,9999.000,9999.000,9999.000,9999.000,9999.000,9999.000,9999.000
202605260012,   0.716,9999.000,9999.000,9999.000,9999.000,9999.000,9999.000,9999.000,9999.000
202605260018,   0.713,9999.000,9999.000,9999.000,9999.000,9999.000,9999.000,9999.000,9999.000
202605260024,   0.710,9999.000,9999.000,9999.000,9999.000,9999.000,9999.000,9999.000,9999.000
202605260030,   0.706,9999.000,9999.000,9999.000,9999.000,9999.000,9999.000,9999.000,9999.000
202605260036,   0.703,9999.000,9999.000,9999.000,9999.000,9999.000,9999.000,9999.000,9999.000
202605260042,   0.700,9999.000,9999.000,9999.000,9999.000,9999.000,9999.000,9999.000,9999.000
202605260048,   0.696,9999.000,9999.000,9999.000,9999.000,9999.000,9999.000,9999.000,9999.000
202605260054,   0.693,9999.000,9999.000,9999.000,9999.000,9999.000,9999.000,9999.000,9999.000
202605260100,   0.689,9999.000,   0.800,   0.197,   1.686,   0.700,   1.586,   0.900,   1.786
202605260106,   0.685,9999.000,9999.000,9999.000,9999.000,9999.000,9999.000,9999.000,9999.000
202605260112,   0.682,9999.000,9999.000,9999.000,9999.000,9999.000,9999.000,9999.000,9999.000
202605260118,   0.678,9999.000,9999.000,9999.000,9999.000,9999.000,9999.000,9999.000,9999.000
202605260124,   0.675,9999.000,9999.000,9999.000,9999.000,9999.000,9999.000,9999.000,9999.000
202605260130,   0.671,9999.000,9999.000,9999.000,9999.000,9999.000,9999.000,9999.000,9999.000
202605260136,   0.668,9999.000,9999.000,9999.000,9999.000,9999.000,9999.000,9999.000,9999.000
202605260142,   0.665,9999.000,9999.000,9999.000,9999.000,9999.000,9999.000,9999.000,9999.000
202605260148,   0.662,9999.000,9999.000,9999.000,9999.000,9999.000,9999.000,9999.000,9999.000
202605260154,   0.659,9999.000,9999.000,9999.000,9999.000,9999.000,9999.000,9999.000,9999.000
202605260200,   0.657,9999.000,   0.800,   0.197,   1.654,   0.700,   1.554,   0.900,   1.754
202605260206,   0.654,9999.000,9999.000,9999.000,9999.000,9999.000,9999.000,9999.000,9999.000
202605260212,   0.652,9999.000,9999.000,9999.000,9999.000,9999.000,9999.000,9999.000,9999.000
202605260218,   0.650,9999.000,9999.000,9999.000,9999.000,9999.000,9999.000,9999.000,9999.000
202605260224,   0.649,9999.000,9999.000,9999.000,9999.000,9999.000,9999.000,9999.000,9999.000
202605260230,   0.648,9999.000,9999.000,9999.000,9999.000,9999.000,9999.000,9999.000,9999.000
202605260236,   0.647,9999.000,9999.000,9999.000,9999.000,9999.000,9999.000,9999.000,9999.000
202605260242,   0.646,9999.000,9999.000,9999.000,9999.000,9999.000,9999.000,9999.000,9999.000
202605260248,   0.646,9999.000,9999.000,9999.000,9999.000,9999.000,9999.000,9999.000,9999.000
202605260254,   0.646,9999.000,9999.000,9999.000,9999.000,9999.000,9999.000,9999.000,9999.000
202605260300,   0.646,9999.000,   0.800,   0.197,   1.643,   0.700,   1.543,   0.900,   1.743
202605260306,   0.647,9999.000,9999.000,9999.000,9999.000,9999.000,9999.000,9999.000,9999.000
202605260312,   0.648,9999.000,9999.000,9999.000,9999.000,9999.000,9999.000,9999.000,9999.000
202605260318,   0.649,9999.000,9999.000,9999.000,9999.000,9999.000,9999.000,9999.000,9999.000
202605260324,   0.651,9999.000,9999.000,9999.000,9999.000,9999.000,9999.000,9999.000,9999.000
202605260330,   0.653,9999.000,9999.000,9999.000,9999.000,9999.000,9999.000,9999.000,9999.000
202605260336,   0.655,9999.000,9999.000,9999.000,9999.000,9999.000,9999.000,9999.000,9999.000
202605260342,   0.657,9999.000,9999.000,9999.000,9999.000,9999.000,9999.000,9999.000,9999.000
202605260348,   0.659,9999.000,9999.000,9999.000,9999.000,9999.000,9999.000,9999.000,9999.000
202605260354,   0.662,9999.000,9999.000,9999.000,9999.000,9999.000,9999.000,9999.000,9999.000
202605260400,   0.664,9999.000,   0.800,   0.197,   1.661,   0.700,   1.561,   0.900,   1.761
202605260406,   0.667,9999.000,9999.000,9999.000,9999.000,9999.000,9999.000,9999.000,9999.000
202605260412,   0.670,9999.000,9999.000,9999.000,9999.000,9999.000,9999.000,9999.000,9999.000
202605260418,   0.673,9999.000,9999.000,9999.000,9999.000,9999.000,9999.000,9999.000,9999.000
202605260424,   0.676,9999.000,9999.000,9999.000,9999.000,9999.000,9999.000,9999.000,9999.000
202605260430,   0.678,9999.000,9999.000,9999.000,9999.000,9999.000,9999.000,9999.000,9999.000
202605260436,   0.681,9999.000,9999.000,9999.000,9999.000,9999.000,9999.000,9999.000,9999.000
202605260442,   0.684,9999.000,9999.000,9999.000,9999.000,9999.000,9999.000,9999.000,9999.000
202605260448,   0.687,9999.000,9999.000,9999.000,9999.000,9999.000,9999.000,9999.000,9999.000
202605260454,   0.689,9999.000,9999.000,9999.000,9999.000,9999.000,9999.000,9999.000,9999.000
202605260500,   0.692,9999.000,   0.800,   0.197,   1.689,   0.700,   1.589,   1.000,   1.889
202605260506,   0.694,9999.000,9999.000,9999.000,9999.000,9999.000,9999.000,9999.000,9999.000
202605260512,   0.696,9999.000,9999.000,9999.000,9999.000,9999.000,9999.000,9999.000,9999.000
202605260518,   0.698,9999.000,9999.000,9999.000,9999.000,9999.000,9999.000,9999.000,9999.000
202605260524,   0.701,9999.000,9999.000,9999.000,9999.000,9999.000,9999.000,9999.000,9999.000
202605260530,   0.703,9999.000,9999.000,9999.000,9999.000,9999.000,9999.000,9999.000,9999.000
202605260536,   0.704,9999.000,9999.000,9999.000,9999.000,9999.000,9999.000,9999.000,9999.000
202605260542,   0.706,9999.000,9999.000,9999.000,9999.000,9999.000,9999.000,9999.000,9999.000
202605260548,   0.708,9999.000,9999.000,9999.000,9999.000,9999.000,9999.000,9999.000,9999.000
202605260554,   0.710,9999.000,9999.000,9999.000,9999.000,9999.000,9999.000,9999.000,9999.000
202605260600,   0.711,9999.000,   0.800,   0.197,   1.708,   0.700,   1.608,   1.000,   1.908
202605260606,   0.713,9999.000,9999.000,9999.000,9999.000,9999.000,9999.000,9999.000,9999.000
202605260612,   0.715,9999.000,9999.000,9999.000,9999.000,9999.000,9999.000,9999.000,9999.000
202605260618,   0.716,9999.000,9999.000,9999.000,9999.000,9999.000,9999.000,9999.000,9999.000
202605260624,   0.718,9999.000,9999.000,9999.000,9999.000,9999.000,9999.000,9999.000,9999.000
202605260630,   0.720,9999.000,9999.000,9999.000,9999.000,9999.000,9999.000,9999.000,9999.000
202605260636,   0.722,9999.000,9999.000,9999.000,9999.000,9999.000,9999.000,9999.000,9999.000
202605260642,   0.724,9999.000,9999.000,9999.000,9999.000,9999.000,9999.000,9999.000,9999.000
202605260648,   0.727,9999.000,9999.000,9999.000,9999.000,9999.000,9999.000,9999.000,9999.000
202605260654,   0.729,9999.000,9999.000,9999.000,9999.000,9999.000,9999.000,9999.000,9999.000
202605260700,   0.732,9999.000,   0.800,   0.197,   1.729,   0.700,   1.629,   1.000,   1.929
202605260706,   0.735,9999.000,9999.000,9999.000,9999.000,9999.000,9999.000,9999.000,9999.000
202605260712,   0.738,9999.000,9999.000,9999.000,9999.000,9999.000,9999.000,9999.000,9999.000
202605260718,   0.742,9999.000,9999.000,9999.000,9999.000,9999.000,9999.000,9999.000,9999.000
202605260724,   0.745,9999.000,9999.000,9999.000,9999.000,9999.000,9999.000,9999.000,9999.000
202605260730,   0.749,9999.000,9999.000,9999.000,9999.000,9999.000,9999.000,9999.000,9999.000
202605260736,   0.754,9999.000,9999.000,9999.000,9999.000,9999.000,9999.000,9999.000,9999.000
202605260742,   0.758,9999.000,9999.000,9999.000,9999.000,9999.000,9999.000,9999.000,9999.000
202605260748,   0.764,9999.000,9999.000,9999.000,9999.000,9999.000,9999.000,9999.000,9999.000
202605260754,   0.769,9999.000,9999.000,9999.000,9999.000,9999.000,9999.000,9999.000,9999.000
202605260800,   0.775,9999.000,   0.800,   0.197,   1.772,   0.700,   1.672,   1.000,   1.972
202605260806,   0.781,9999.000,9999.000,9999.000,9999.000,9999.000,9999.000,9999.000,9999.000
202605260812,   0.787,9999.000,9999.000,9999.000,9999.000,9999.000,9999.000,9999.000,9999.000
202605260818,   0.794,9999.000,9999.000,9999.000,9999.000,9999.000,9999.000,9999.000,9999.000
202605260824,   0.801,9999.000,9999.000,9999.000,9999.000,9999.000,9999.000,9999.000,9999.000
202605260830,   0.809,9999.000,9999.000,9999.000,9999.000,9999.000,9999.000,9999.000,9999.000
202605260836,   0.817,9999.000,9999.000,9999.000,9999.000,9999.000,9999.000,9999.000,9999.000
202605260842,   0.825,9999.000,9999.000,9999.000,9999.000,9999.000,9999.000,9999.000,9999.000
202605260848,   0.834,9999.000,9999.000,9999.000,9999.000,9999.000,9999.000,9999.000,9999.000
202605260854,   0.843,9999.000,9999.000,9999.000,9999.000,9999.000,9999.000,9999.000,9999.000
202605260900,   0.853,9999.000,   0.800,   0.197,   1.850,   0.700,   1.750,   1.000,   2.050
202605260906,   0.863,9999.000,9999.000,9999.000,9999.000,9999.000,9999.000,9999.000,9999.000
202605260912,   0.873,9999.000,9999.000,9999.000,9999.000,9999.000,9999.000,9999.000,9999.000
202605260918,   0.884,9999.000,9999.000,9999.000,9999.000,9999.000,9999.000,9999.000,9999.000
202605260924,   0.895,9999.000,9999.000,9999.000,9999.000,9999.000,9999.000,9999.000,9999.000
202605260930,   0.906,9999.000,9999.000,9999.000,9999.000,9999.000,9999.000,9999.000,9999.000
202605260936,   0.918,9999.000,9999.000,9999.000,9999.000,9999.000,9999.000,9999.000,9999.000
202605260942,   0.930,9999.000,9999.000,9999.000,9999.000,9999.000,9999.000,9999.000,9999.000
202605260948,   0.942,9999.000,9999.000,9999.000,9999.000,9999.000,9999.000,9999.000,9999.000
202605260954,   0.955,9999.000,9999.000,9999.000,9999.000,9999.000,9999.000,9999.000,9999.000
202605261000,   0.968,9999.000,   0.800,   0.197,   1.965,   0.700,   1.865,   1.000,   2.165
202605261006,   0.982,9999.000,9999.000,9999.000,9999.000,9999.000,9999.000,9999.000,9999.000
202605261012,   0.995,9999.000,9999.000,9999.000,9999.000,9999.000,9999.000,9999.000,9999.000
202605261018,   1.009,9999.000,9999.000,9999.000,9999.000,9999.000,9999.000,9999.000,9999.000
202605261024,   1.023,9999.000,9999.000,9999.000,9999.000,9999.000,9999.000,9999.000,9999.000
202605261030,   1.038,9999.000,9999.000,9999.000,9999.000,9999.000,9999.000,9999.000,9999.000
202605261036,   1.052,9999.000,9999.000,9999.000,9999.000,9999.000,9999.000,9999.000,9999.000
202605261042,   1.067,9999.000,9999.000,9999.000,9999.000,9999.000,9999.000,9999.000,9999.000
202605261048,   1.081,9999.000,9999.000,9999.000,9999.000,9999.000,9999.000,9999.000,9999.000
202605261054,   1.096,9999.000,9999.000,9999.000,9999.000,9999.000,9999.000,9999.000,9999.000
202605261100,   1.111,9999.000,   0.800,   0.197,   2.108,   0.700,   2.008,   1.000,   2.308
202605261106,   1.126,9999.000,9999.000,9999.000,9999.000,9999.000,9999.000,9999.000,9999.000
202605261112,   1.141,9999.000,9999.000,9999.000,9999.000,9999.000,9999.000,9999.000,9999.000
202605261118,   1.155,9999.000,9999.000,9999.000,9999.000,9999.000,9999.000,9999.000,9999.000
202605261124,   1.170,9999.000,9999.000,9999.000,9999.000,9999.000,9999.000,9999.000,9999.000
202605261130,   1.185,9999.000,9999.000,9999.000,9999.000,9999.000,9999.000,9999.000,9999.000
202605261136,   1.199,9999.000,9999.000,9999.000,9999.000,9999.000,9999.000,9999.000,9999.000
202605261142,   1.213,9999.000,9999.000,9999.000,9999.000,9999.000,9999.000,9999.000,9999.000
202605261148,   1.227,9999.000,9999.000,9999.000,9999.000,9999.000,9999.000,9999.000,9999.000
202605261154,   1.240,9999.000,9999.000,9999.000,9999.000,9999.000,9999.000,9999.000,9999.000
202605261200,   1.253,9999.000,   0.900,   0.197,   2.350,   0.700,   2.150,   1.000,   2.450
202605261206,   1.266,9999.000,9999.000,9999.000,9999.000,9999.000,9999.000,9999.000,9999.000
202605261212,   1.279,9999.000,9999.000,9999.000,9999.000,9999.000,9999.000,9999.000,9999.000
202605261218,   1.291,9999.000,9999.000,9999.000,9999.000,9999.000,9999.000,9999.000,9999.000
202605261224,   1.302,9999.000,9999.000,9999.000,9999.000,9999.000,9999.000,9999.000,9999.000
202605261230,   1.313,9999.000,9999.000,9999.000,9999.000,9999.000,9999.000,9999.000,9999.000
202605261236,   1.324,9999.000,9999.000,9999.000,9999.000,9999.000,9999.000,9999.000,9999.000
202605261242,   1.334,9999.000,9999.000,9999.000,9999.000,9999.000,9999.000,9999.000,9999.000
202605261248,   1.344,9999.000,9999.000,9999.000,9999.000,9999.000,9999.000,9999.000,9999.000
202605261254,   1.353,9999.000,9999.000,9999.000,9999.000,9999.000,9999.000,9999.000,9999.000
202605261300,   1.362,9999.000,   0.900,   0.197,   2.459,   0.700,   2.259,   1.000,   2.559
202605261306,   1.370,9999.000,9999.000,9999.000,9999.000,9999.000,9999.000,9999.000,9999.000
202605261312,   1.377,9999.000,9999.000,9999.000,9999.000,9999.000,9999.000,9999.000,9999.000
202605261318,   1.385,9999.000,9999.000,9999.000,9999.000,9999.000,9999.000,9999.000,9999.000
202605261324,   1.391,9999.000,9999.000,9999.000,9999.000,9999.000,9999.000,9999.000,9999.000
202605261330,   1.397,9999.000,9999.000,9999.000,9999.000,9999.000,9999.000,9999.000,9999.000
202605261336,   1.403,9999.000,9999.000,9999.000,9999.000,9999.000,9999.000,9999.000,9999.000
202605261342,   1.408,9999.000,9999.000,9999.000,9999.000,9999.000,9999.000,9999.000,9999.000
202605261348,   1.413,9999.000,9999.000,9999.000,9999.000,9999.000,9999.000,9999.000,9999.000
202605261354,   1.417,9999.000,9999.000,9999.000,9999.000,9999.000,9999.000,9999.000,9999.000
202605261400,   1.421,9999.000,   0.900,   0.197,   2.518,   0.800,   2.418,   1.000,   2.618
202605261406,   1.425,9999.000,9999.000,9999.000,9999.000,9999.000,9999.000,9999.000,9999.000
202605261412,   1.428,9999.000,9999.000,9999.000,9999.000,9999.000,9999.000,9999.000,9999.000
202605261418,   1.431,9999.000,9999.000,9999.000,9999.000,9999.000,9999.000,9999.000,9999.000
202605261424,   1.433,9999.000,9999.000,9999.000,9999.000,9999.000,9999.000,9999.000,9999.000
202605261430,   1.435,9999.000,9999.000,9999.000,9999.000,9999.000,9999.000,9999.000,9999.000
202605261436,   1.437,9999.000,9999.000,9999.000,9999.000,9999.000,9999.000,9999.000,9999.000
202605261442,   1.439,9999.000,9999.000,9999.000,9999.000,9999.000,9999.000,9999.000,9999.000
202605261448,   1.440,9999.000,9999.000,9999.000,9999.000,9999.000,9999.000,9999.000,9999.000
202605261454,   1.440,9999.000,9999.000,9999.000,9999.000,9999.000,9999.000,9999.000,9999.000
202605261500,   1.441,9999.000,   0.900,   0.197,   2.538,   0.800,   2.438,   1.000,   2.638
202605261506,   1.441,9999.000,9999.000,9999.000,9999.000,9999.000,9999.000,9999.000,9999.000
202605261512,   1.440,9999.000,9999.000,9999.000,9999.000,9999.000,9999.000,9999.000,9999.000
202605261518,   1.440,9999.000,9999.000,9999.000,9999.000,9999.000,9999.000,9999.000,9999.000
202605261524,   1.439,9999.000,9999.000,9999.000,9999.000,9999.000,9999.000,9999.000,9999.000
202605261530,   1.437,9999.000,9999.000,9999.000,9999.000,9999.000,9999.000,9999.000,9999.000
202605261536,   1.435,9999.000,9999.000,9999.000,9999.000,9999.000,9999.000,9999.000,9999.000
202605261542,   1.433,9999.000,9999.000,9999.000,9999.000,9999.000,9999.000,9999.000,9999.000
202605261548,   1.430,9999.000,9999.000,9999.000,9999.000,9999.000,9999.000,9999.000,9999.000
202605261554,   1.427,9999.000,9999.000,9999.000,9999.000,9999.000,9999.000,9999.000,9999.000
202605261600,   1.423,9999.000,   0.900,   0.197,   2.520,   0.800,   2.420,   1.100,   2.720
202605261606,   1.419,9999.000,9999.000,9999.000,9999.000,9999.000,9999.000,9999.000,9999.000
202605261612,   1.414,9999.000,9999.000,9999.000,9999.000,9999.000,9999.000,9999.000,9999.000
202605261618,   1.409,9999.000,9999.000,9999.000,9999.000,9999.000,9999.000,9999.000,9999.000
202605261624,   1.403,9999.000,9999.000,9999.000,9999.000,9999.000,9999.000,9999.000,9999.000
202605261630,   1.396,9999.000,9999.000,9999.000,9999.000,9999.000,9999.000,9999.000,9999.000
202605261636,   1.389,9999.000,9999.000,9999.000,9999.000,9999.000,9999.000,9999.000,9999.000
202605261642,   1.381,9999.000,9999.000,9999.000,9999.000,9999.000,9999.000,9999.000,9999.000
202605261648,   1.373,9999.000,9999.000,9999.000,9999.000,9999.000,9999.000,9999.000,9999.000
202605261654,   1.363,9999.000,9999.000,9999.000,9999.000,9999.000,9999.000,9999.000,9999.000
202605261700,   1.354,9999.000,   0.900,   0.197,   2.451,   0.800,   2.351,   1.100,   2.651
202605261706,   1.343,9999.000,9999.000,9999.000,9999.000,9999.000,9999.000,9999.000,9999.000
202605261712,   1.332,9999.000,9999.000,9999.000,9999.000,9999.000,9999.000,9999.000,9999.000
202605261718,   1.321,9999.000,9999.000,9999.000,9999.000,9999.000,9999.000,9999.000,9999.000
202605261724,   1.308,9999.000,9999.000,9999.000,9999.000,9999.000,9999.000,9999.000,9999.000
202605261730,   1.295,9999.000,9999.000,9999.000,9999.000,9999.000,9999.000,9999.000,9999.000
202605261736,   1.282,9999.000,9999.000,9999.000,9999.000,9999.000,9999.000,9999.000,9999.000
202605261742,   1.268,9999.000,9999.000,9999.000,9999.000,9999.000,9999.000,9999.000,9999.000
202605261748,   1.253,9999.000,9999.000,9999.000,9999.000,9999.000,9999.000,9999.000,9999.000
202605261754,   1.238,9999.000,9999.000,9999.000,9999.000,9999.000,9999.000,9999.000,9999.000
202605261800,   1.222,9999.000,   0.900,   0.197,   2.319,   0.800,   2.219,   1.100,   2.519
202605261806,   1.206,9999.000,9999.000,9999.000,9999.000,9999.000,9999.000,9999.000,9999.000
202605261812,   1.190,9999.000,9999.000,9999.000,9999.000,9999.000,9999.000,9999.000,9999.000
202605261818,   1.173,9999.000,9999.000,9999.000,9999.000,9999.000,9999.000,9999.000,9999.000
202605261824,   1.155,9999.000,9999.000,9999.000,9999.000,9999.000,9999.000,9999.000,9999.000
202605261830,   1.138,9999.000,9999.000,9999.000,9999.000,9999.000,9999.000,9999.000,9999.000
202605261836,   1.120,9999.000,9999.000,9999.000,9999.000,9999.000,9999.000,9999.000,9999.000
202605261842,   1.102,9999.000,9999.000,9999.000,9999.000,9999.000,9999.000,9999.000,9999.000
202605261848,   1.083,9999.000,9999.000,9999.000,9999.000,9999.000,9999.000,9999.000,9999.000
202605261854,   1.064,9999.000,9999.000,9999.000,9999.000,9999.000,9999.000,9999.000,9999.000
202605261900,   1.046,9999.000,   0.900,   0.197,   2.143,   0.800,   2.043,   1.100,   2.343
202605261906,   1.027,9999.000,9999.000,9999.000,9999.000,9999.000,9999.000,9999.000,9999.000
202605261912,   1.008,9999.000,9999.000,9999.000,9999.000,9999.000,9999.000,9999.000,9999.000
202605261918,   0.989,9999.000,9999.000,9999.000,9999.000,9999.000,9999.000,9999.000,9999.000
202605261924,   0.969,9999.000,9999.000,9999.000,9999.000,9999.000,9999.000,9999.000,9999.000
202605261930,   0.950,9999.000,9999.000,9999.000,9999.000,9999.000,9999.000,9999.000,9999.000
202605261936,   0.931,9999.000,9999.000,9999.000,9999.000,9999.000,9999.000,9999.000,9999.000
202605261942,   0.912,9999.000,9999.000,9999.000,9999.000,9999.000,9999.000,9999.000,9999.000
202605261948,   0.893,9999.000,9999.000,9999.000,9999.000,9999.000,9999.000,9999.000,9999.000
202605261954,   0.875,9999.000,9999.000,9999.000,9999.000,9999.000,9999.000,9999.000,9999.000
202605262000,   0.856,9999.000,   0.900,   0.197,   1.953,   0.800,   1.853,   1.100,   2.153
202605262006,   0.838,9999.000,9999.000,9999.000,9999.000,9999.000,9999.000,9999.000,9999.000
202605262012,   0.819,9999.000,9999.000,9999.000,9999.000,9999.000,9999.000,9999.000,9999.000
202605262018,   0.801,9999.000,9999.000,9999.000,9999.000,9999.000,9999.000,9999.000,9999.000
202605262024,   0.784,9999.000,9999.000,9999.000,9999.000,9999.000,9999.000,9999.000,9999.000
202605262030,   0.766,9999.000,9999.000,9999.000,9999.000,9999.000,9999.000,9999.000,9999.000
202605262036,   0.749,9999.000,9999.000,9999.000,9999.000,9999.000,9999.000,9999.000,9999.000
202605262042,   0.733,9999.000,9999.000,9999.000,9999.000,9999.000,9999.000,9999.000,9999.000
202605262048,   0.716,9999.000,9999.000,9999.000,9999.000,9999.000,9999.000,9999.000,9999.000
202605262054,   0.700,9999.000,9999.000,9999.000,9999.000,9999.000,9999.000,9999.000,9999.000
202605262100,   0.685,9999.000,   0.900,   0.197,   1.782,   0.800,   1.682,   1.100,   1.982
202605262106,   0.669,9999.000,9999.000,9999.000,9999.000,9999.000,9999.000,9999.000,9999.000
202605262112,   0.655,9999.000,9999.000,9999.000,9999.000,9999.000,9999.000,9999.000,9999.000
202605262118,   0.640,9999.000,9999.000,9999.000,9999.000,9999.000,9999.000,9999.000,9999.000
202605262124,   0.627,9999.000,9999.000,9999.000,9999.000,9999.000,9999.000,9999.000,9999.000
202605262130,   0.613,9999.000,9999.000,9999.000,9999.000,9999.000,9999.000,9999.000,9999.000
202605262136,   0.601,9999.000,9999.000,9999.000,9999.000,9999.000,9999.000,9999.000,9999.000
202605262142,   0.588,9999.000,9999.000,9999.000,9999.000,9999.000,9999.000,9999.000,9999.000
202605262148,   0.577,9999.000,9999.000,9999.000,9999.000,9999.000,9999.000,9999.000,9999.000
202605262154,   0.565,9999.000,9999.000,9999.000,9999.000,9999.000,9999.000,9999.000,9999.000
202605262200,   0.555,9999.000,   0.900,   0.197,   1.652,   0.800,   1.552,   1.100,   1.852
202605262206,   0.545,9999.000,9999.000,9999.000,9999.000,9999.000,9999.000,9999.000,9999.000
202605262212,   0.535,9999.000,9999.000,9999.000,9999.000,9999.000,9999.000,9999.000,9999.000
202605262218,   0.526,9999.000,9999.000,9999.000,9999.000,9999.000,9999.000,9999.000,9999.000
202605262224,   0.518,9999.000,9999.000,9999.000,9999.000,9999.000,9999.000,9999.000,9999.000
202605262230,   0.510,9999.000,9999.000,9999.000,9999.000,9999.000,9999.000,9999.000,9999.000
202605262236,   0.502,9999.000,9999.000,9999.000,9999.000,9999.000,9999.000,9999.000,9999.000
202605262242,   0.495,9999.000,9999.000,9999.000,9999.000,9999.000,9999.000,9999.000,9999.000
202605262248,   0.489,9999.000,9999.000,9999.000,9999.000,9999.000,9999.000,9999.000,9999.000
202605262254,   0.483,9999.000,9999.000,9999.000,9999.000,9999.000,9999.000,9999.000,9999.000
202605262300,   0.477,9999.000,   0.900,   0.197,   1.574,   0.800,   1.474,   1.100,   1.774
202605262306,   0.472,9999.000,9999.000,9999.000,9999.000,9999.000,9999.000,9999.000,9999.000
202605262312,   0.467,9999.000,9999.000,9999.000,9999.000,9999.000,9999.000,9999.000,9999.000
202605262318,   0.463,9999.000,9999.000,9999.000,9999.000,9999.000,9999.000,9999.000,9999.000
202605262324,   0.459,9999.000,9999.000,9999.000,9999.000,9999.000,9999.000,9999.000,9999.000
202605262330,   0.455,9999.000,9999.000,9999.000,9999.000,9999.000,9999.000,9999.000,9999.000
202605262336,   0.451,9999.000,9999.000,9999.000,9999.000,9999.000,9999.000,9999.000,9999.000
202605262342,   0.448,9999.000,9999.000,9999.000,9999.000,9999.000,9999.000,9999.000,9999.000
202605262348,   0.445,9999.000,9999.000,9999.000,9999.000,9999.000,9999.000,9999.000,9999.000
202605262354,   0.442,9999.000,9999.000,9999.000,9999.000,9999.000,9999.000,9999.000,9999.000
202605270000,   0.439,9999.000,   0.900,   0.197,   1.536,   0.800,   1.436,   1.100,   1.736
202605270006,   0.437,9999.000,9999.000,9999.000,9999.000,9999.000,9999.000,9999.000,9999.000
202605270012,   0.434,9999.000,9999.000,9999.000,9999.000,9999.000,9999.000,9999.000,9999.000
202605270018,   0.432,9999.000,9999.000,9999.000,9999.000,9999.000,9999.000,9999.000,9999.000
202605270024,   0.429,9999.000,9999.000,9999.000,9999.000,9999.000,9999.000,9999.000,9999.000
202605270030,   0.427,9999.000,9999.000,9999.000,9999.000,9999.000,9999.000,9999.000,9999.000
202605270036,   0.425,9999.000,9999.000,9999.000,9999.000,9999.000,9999.000,9999.000,9999.000
202605270042,   0.423,9999.000,9999.000,9999.000,9999.000,9999.000,9999.000,9999.000,9999.000
202605270048,   0.421,9999.000,9999.000,9999.000,9999.000,9999.000,9999.000,9999.000,9999.000
202605270054,   0.419,9999.000,9999.000,9999.000,9999.000,9999.000,9999.000,9999.000,9999.000
202605270100,   0.417,9999.000,   0.900,   0.197,   1.514,   0.800,   1.414,   1.100,   1.714
202605270106,   0.415,9999.000,9999.000,9999.000,9999.000,9999.000,9999.000,9999.000,9999.000
202605270112,   0.413,9999.000,9999.000,9999.000,9999.000,9999.000,9999.000,9999.000,9999.000
202605270118,   0.411,9999.000,9999.000,9999.000,9999.000,9999.000,9999.000,9999.000,9999.000
202605270124,   0.410,9999.000,9999.000,9999.000,9999.000,9999.000,9999.000,9999.000,9999.000
202605270130,   0.408,9999.000,9999.000,9999.000,9999.000,9999.000,9999.000,9999.000,9999.000
202605270136,   0.407,9999.000,9999.000,9999.000,9999.000,9999.000,9999.000,9999.000,9999.000
202605270142,   0.406,9999.000,9999.000,9999.000,9999.000,9999.000,9999.000,9999.000,9999.000
202605270148,   0.405,9999.000,9999.000,9999.000,9999.000,9999.000,9999.000,9999.000,9999.000
202605270154,   0.404,9999.000,9999.000,9999.000,9999.000,9999.000,9999.000,9999.000,9999.000
202605270200,   0.403,9999.000,   0.900,   0.197,   1.500,   0.800,   1.400,   1.100,   1.700
202605270206,   0.403,9999.000,9999.000,9999.000,9999.000,9999.000,9999.000,9999.000,9999.000
202605270212,   0.403,9999.000,9999.000,9999.000,9999.000,9999.000,9999.000,9999.000,9999.000
202605270218,   0.404,9999.000,9999.000,9999.000,9999.000,9999.000,9999.000,9999.000,9999.000
202605270224,   0.405,9999.000,9999.000,9999.000,9999.000,9999.000,9999.000,9999.000,9999.000
202605270230,   0.406,9999.000,9999.000,9999.000,9999.000,9999.000,9999.000,9999.000,9999.000
202605270236,   0.407,9999.000,9999.000,9999.000,9999.000,9999.000,9999.000,9999.000,9999.000
202605270242,   0.409,9999.000,9999.000,9999.000,9999.000,9999.000,9999.000,9999.000,9999.000
202605270248,   0.412,9999.000,9999.000,9999.000,9999.000,9999.000,9999.000,9999.000,9999.000
202605270254,   0.414,9999.000,9999.000,9999.000,9999.000,9999.000,9999.000,9999.000,9999.000
202605270300,   0.418,9999.000,   0.900,   0.197,   1.515,   0.800,   1.415,   1.100,   1.715
202605270306,   0.421,9999.000,9999.000,9999.000,9999.000,9999.000,9999.000,9999.000,9999.000
202605270312,   0.425,9999.000,9999.000,9999.000,9999.000,9999.000,9999.000,9999.000,9999.000
202605270318,   0.430,9999.000,9999.000,9999.000,9999.000,9999.000,9999.000,9999.000,9999.000
202605270324,   0.435,9999.000,9999.000,9999.000,9999.000,9999.000,9999.000,9999.000,9999.000
202605270330,   0.440,9999.000,9999.000,9999.000,9999.000,9999.000,9999.000,9999.000,9999.000
202605270336,   0.446,9999.000,9999.000,9999.000,9999.000,9999.000,9999.000,9999.000,9999.000
202605270342,   0.452,9999.000,9999.000,9999.000,9999.000,9999.000,9999.000,9999.000,9999.000
202605270348,   0.458,9999.000,9999.000,9999.000,9999.000,9999.000,9999.000,9999.000,9999.000
202605270354,   0.465,9999.000,9999.000,9999.000,9999.000,9999.000,9999.000,9999.000,9999.000
202605270400,   0.472,9999.000,   0.900,   0.197,   1.569,   0.800,   1.469,   1.000,   1.669
202605270406,   0.480,9999.000,9999.000,9999.000,9999.000,9999.000,9999.000,9999.000,9999.000
202605270412,   0.487,9999.000,9999.000,9999.000,9999.000,9999.000,9999.000,9999.000,9999.000
202605270418,   0.495,9999.000,9999.000,9999.000,9999.000,9999.000,9999.000,9999.000,9999.000
202605270424,   0.503,9999.000,9999.000,9999.000,9999.000,9999.000,9999.000,9999.000,9999.000
202605270430,   0.511,9999.000,9999.000,9999.000,9999.000,9999.000,9999.000,9999.000,9999.000
202605270436,   0.520,9999.000,9999.000,9999.000,9999.000,9999.000,9999.000,9999.000,9999.000
202605270442,   0.528,9999.000,9999.000,9999.000,9999.000,9999.000,9999.000,9999.000,9999.000
202605270448,   0.537,9999.000,9999.000,9999.000,9999.000,9999.000,9999.000,9999.000,9999.000
202605270454,   0.545,9999.000,9999.000,9999.000,9999.000,9999.000,9999.000,9999.000,9999.000
202605270500,   0.554,9999.000,   0.900,   0.197,   1.651,   0.800,   1.551,   1.000,   1.751
202605270506,   0.563,9999.000,9999.000,9999.000,9999.000,9999.000,9999.000,9999.000,9999.000
202605270512,   0.572,9999.000,9999.000,9999.000,9999.000,9999.000,9999.000,9999.000,9999.000
202605270518,   0.581,9999.000,9999.000,9999.000,9999.000,9999.000,9999.000,9999.000,9999.000
202605270524,   0.589,9999.000,9999.000,9999.000,9999.000,9999.000,9999.000,9999.000,9999.000
202605270530,   0.598,9999.000,9999.000,9999.000,9999.000,9999.000,9999.000,9999.000,9999.000
202605270536,   0.607,9999.000,9999.000,9999.000,9999.000,9999.000,9999.000,9999.000,9999.000
202605270542,   0.616,9999.000,9999.000,9999.000,9999.000,9999.000,9999.000,9999.000,9999.000
202605270548,   0.625,9999.000,9999.000,9999.000,9999.000,9999.000,9999.000,9999.000,9999.000
202605270554,   0.633,9999.000,9999.000,9999.000,9999.000,9999.000,9999.000,9999.000,9999.000
202605270600,   0.642,9999.000,   0.900,   0.197,   1.739,   0.800,   1.639,   1.000,   1.839
202605270606,   0.651,9999.000,9999.000,9999.000,9999.000,9999.000,9999.000,9999.000,9999.000
202605270612,   0.659,9999.000,9999.000,9999.000,9999.000,9999.000,9999.000,9999.000,9999.000
202605270618,   0.668,9999.000,9999.000,9999.000,9999.000,9999.000,9999.000,9999.000,9999.000
202605270624,   0.677,9999.000,9999.000,9999.000,9999.000,9999.000,9999.000,9999.000,9999.000
202605270630,   0.685,9999.000,9999.000,9999.000,9999.000,9999.000,9999.000,9999.000,9999.000
202605270636,   0.694,9999.000,9999.000,9999.000,9999.000,9999.000,9999.000,9999.000,9999.000
202605270642,   0.703,9999.000,9999.000,9999.000,9999.000,9999.000,9999.000,9999.000,9999.000
202605270648,   0.712,9999.000,9999.000,9999.000,9999.000,9999.000,9999.000,9999.000,9999.000
202605270654,   0.720,9999.000,9999.000,9999.000,9999.000,9999.000,9999.000,9999.000,9999.000
202605270700,   0.729,9999.000,   0.900,   0.197,   1.826,   0.800,   1.726,   1.000,   1.926
202605270706,   0.738,9999.000,9999.000,9999.000,9999.000,9999.000,9999.000,9999.000,9999.000
202605270712,   0.747,9999.000,9999.000,9999.000,9999.000,9999.000,9999.000,9999.000,9999.000
202605270718,   0.756,9999.000,9999.000,9999.000,9999.000,9999.000,9999.000,9999.000,9999.000
202605270724,   0.765,9999.000,9999.000,9999.000,9999.000,9999.000,9999.000,9999.000,9999.000
202605270730,   0.774,9999.000,9999.000,9999.000,9999.000,9999.000,9999.000,9999.000,9999.000
202605270736,   0.784,9999.000,9999.000,9999.000,9999.000,9999.000,9999.000,9999.000,9999.000
202605270742,   0.793,9999.000,9999.000,9999.000,9999.000,9999.000,9999.000,9999.000,9999.000
202605270748,   0.803,9999.000,9999.000,9999.000,9999.000,9999.000,9999.000,9999.000,9999.000
202605270754,   0.812,9999.000,9999.000,9999.000,9999.000,9999.000,9999.000,9999.000,9999.000
202605270800,   0.822,9999.000,   0.900,   0.197,   1.919,   0.800,   1.819,   1.000,   2.019
202605270806,   0.832,9999.000,9999.000,9999.000,9999.000,9999.000,9999.000,9999.000,9999.000
202605270812,   0.842,9999.000,9999.000,9999.000,9999.000,9999.000,9999.000,9999.000,9999.000
202605270818,   0.853,9999.000,9999.000,9999.000,9999.000,9999.000,9999.000,9999.000,9999.000
202605270824,   0.863,9999.000,9999.000,9999.000,9999.000,9999.000,9999.000,9999.000,9999.000
202605270830,   0.874,9999.000,9999.000,9999.000,9999.000,9999.000,9999.000,9999.000,9999.000
202605270836,   0.885,9999.000,9999.000,9999.000,9999.000,9999.000,9999.000,9999.000,9999.000
202605270842,   0.896,9999.000,9999.000,9999.000,9999.000,9999.000,9999.000,9999.000,9999.000
202605270848,   0.908,9999.000,9999.000,9999.000,9999.000,9999.000,9999.000,9999.000,9999.000
202605270854,   0.920,9999.000,9999.000,9999.000,9999.000,9999.000,9999.000,9999.000,9999.000
202605270900,   0.932,9999.000,   0.900,   0.197,   2.029,   0.800,   1.929,   1.000,   2.129
202605270906,   0.944,9999.000,9999.000,9999.000,9999.000,9999.000,9999.000,9999.000,9999.000
202605270912,   0.957,9999.000,9999.000,9999.000,9999.000,9999.000,9999.000,9999.000,9999.000
202605270918,   0.970,9999.000,9999.000,9999.000,9999.000,9999.000,9999.000,9999.000,9999.000
202605270924,   0.983,9999.000,9999.000,9999.000,9999.000,9999.000,9999.000,9999.000,9999.000
202605270930,   0.997,9999.000,9999.000,9999.000,9999.000,9999.000,9999.000,9999.000,9999.000
202605270936,   1.011,9999.000,9999.000,9999.000,9999.000,9999.000,9999.000,9999.000,9999.000
202605270942,   1.026,9999.000,9999.000,9999.000,9999.000,9999.000,9999.000,9999.000,9999.000
202605270948,   1.040,9999.000,9999.000,9999.000,9999.000,9999.000,9999.000,9999.000,9999.000
202605270954,   1.055,9999.000,9999.000,9999.000,9999.000,9999.000,9999.000,9999.000,9999.000
202605271000,   1.071,9999.000,   0.900,   0.197,   2.168,   0.800,   2.068,   1.000,   2.268
202605271006,   1.087,9999.000,9999.000,9999.000,9999.000,9999.000,9999.000,9999.000,9999.000
202605271012,   1.103,9999.000,9999.000,9999.000,9999.000,9999.000,9999.000,9999.000,9999.000
202605271018,   1.120,9999.000,9999.000,9999.000,9999.000,9999.000,9999.000,9999.000,9999.000
202605271024,   1.137,9999.000,9999.000,9999.000,9999.000,9999.000,9999.000,9999.000,9999.000
202605271030,   1.154,9999.000,9999.000,9999.000,9999.000,9999.000,9999.000,9999.000,9999.000
202605271036,   1.171,9999.000,9999.000,9999.000,9999.000,9999.000,9999.000,9999.000,9999.000
202605271042,   1.189,9999.000,9999.000,9999.000,9999.000,9999.000,9999.000,9999.000,9999.000
202605271048,   1.207,9999.000,9999.000,9999.000,9999.000,9999.000,9999.000,9999.000,9999.000
202605271054,   1.225,9999.000,9999.000,9999.000,9999.000,9999.000,9999.000,9999.000,9999.000
202605271100,   1.243,9999.000,   0.900,   0.197,   2.340,   0.800,   2.240,   1.100,   2.540
202605271106,   1.261,9999.000,9999.000,9999.000,9999.000,9999.000,9999.000,9999.000,9999.000
202605271112,   1.280,9999.000,9999.000,9999.000,9999.000,9999.000,9999.000,9999.000,9999.000
202605271118,   1.298,9999.000,9999.000,9999.000,9999.000,9999.000,9999.000,9999.000,9999.000
202605271124,   1.317,9999.000,9999.000,9999.000,9999.000,9999.000,9999.000,9999.000,9999.000
202605271130,   1.335,9999.000,9999.000,9999.000,9999.000,9999.000,9999.000,9999.000,9999.000
202605271136,   1.353,9999.000,9999.000,9999.000,9999.000,9999.000,9999.000,9999.000,9999.000
202605271142,   1.371,9999.000,9999.000,9999.000,9999.000,9999.000,9999.000,9999.000,9999.000
202605271148,   1.389,9999.000,9999.000,9999.000,9999.000,9999.000,9999.000,9999.000,9999.000
202605271154,   1.406,9999.000,9999.000,9999.000,9999.000,9999.000,9999.000,9999.000,9999.000
202605271200,   1.423,9999.000,   1.000,   0.197,   2.620,   0.800,   2.420,   1.100,   2.720
202605271206,   1.440,9999.000,9999.000,9999.000,9999.000,9999.000,9999.000,9999.000,9999.000
202605271212,   1.456,9999.000,9999.000,9999.000,9999.000,9999.000,9999.000,9999.000,9999.000
202605271218,   1.472,9999.000,9999.000,9999.000,9999.000,9999.000,9999.000,9999.000,9999.000
202605271224,   1.487,9999.000,9999.000,9999.000,9999.000,9999.000,9999.000,9999.000,9999.000
202605271230,   1.501,9999.000,9999.000,9999.000,9999.000,9999.000,9999.000,9999.000,9999.000
202605271236,   1.515,9999.000,9999.000,9999.000,9999.000,9999.000,9999.000,9999.000,9999.000
202605271242,   1.529,9999.000,9999.000,9999.000,9999.000,9999.000,9999.000,9999.000,9999.000
202605271248,   1.542,9999.000,9999.000,9999.000,9999.000,9999.000,9999.000,9999.000,9999.000
202605271254,   1.554,9999.000,9999.000,9999.000,9999.000,9999.000,9999.000,9999.000,9999.000
202605271300,   1.565,9999.000,   1.000,   0.197,   2.762,   0.800,   2.562,   1.100,   2.862
202605271306,   1.576,9999.000,9999.000,9999.000,9999.000,9999.000,9999.000,9999.000,9999.000
202605271312,   1.585,9999.000,9999.000,9999.000,9999.000,9999.000,9999.000,9999.000,9999.000
202605271318,   1.595,9999.000,9999.000,9999.000,9999.000,9999.000,9999.000,9999.000,9999.000
202605271324,   1.603,9999.000,9999.000,9999.000,9999.000,9999.000,9999.000,9999.000,9999.000
202605271330,   1.611,9999.000,9999.000,9999.000,9999.000,9999.000,9999.000,9999.000,9999.000
202605271336,   1.617,9999.000,9999.000,9999.000,9999.000,9999.000,9999.000,9999.000,9999.000
202605271342,   1.624,9999.000,9999.000,9999.000,9999.000,9999.000,9999.000,9999.000,9999.000
202605271348,   1.629,9999.000,9999.000,9999.000,9999.000,9999.000,9999.000,9999.000,9999.000
202605271354,   1.634,9999.000,9999.000,9999.000,9999.000,9999.000,9999.000,9999.000,9999.000
202605271400,   1.638,9999.000,   1.000,   0.197,   2.835,   0.800,   2.635,   1.100,   2.935
202605271406,   1.641,9999.000,9999.000,9999.000,9999.000,9999.000,9999.000,9999.000,9999.000
202605271412,   1.644,9999.000,9999.000,9999.000,9999.000,9999.000,9999.000,9999.000,9999.000
202605271418,   1.646,9999.000,9999.000,9999.000,9999.000,9999.000,9999.000,9999.000,9999.000
202605271424,   1.647,9999.000,9999.000,9999.000,9999.000,9999.000,9999.000,9999.000,9999.000
202605271430,   1.648,9999.000,9999.000,9999.000,9999.000,9999.000,9999.000,9999.000,9999.000
202605271436,   1.648,9999.000,9999.000,9999.000,9999.000,9999.000,9999.000,9999.000,9999.000
202605271442,   1.648,9999.000,9999.000,9999.000,9999.000,9999.000,9999.000,9999.000,9999.000
202605271448,   1.647,9999.000,9999.000,9999.000,9999.000,9999.000,9999.000,9999.000,9999.000
202605271454,   1.646,9999.000,9999.000,9999.000,9999.000,9999.000,9999.000,9999.000,9999.000
202605271500,   1.644,9999.000,   1.000,   0.197,   2.841,   0.800,   2.641,   1.100,   2.941
202605271506,   1.641,9999.000,9999.000,9999.000,9999.000,9999.000,9999.000,9999.000,9999.000
202605271512,   1.638,9999.000,9999.000,9999.000,9999.000,9999.000,9999.000,9999.000,9999.000
202605271518,   1.634,9999.000,9999.000,9999.000,9999.000,9999.000,9999.000,9999.000,9999.000
202605271524,   1.630,9999.000,9999.000,9999.000,9999.000,9999.000,9999.000,9999.000,9999.000
202605271530,   1.625,9999.000,9999.000,9999.000,9999.000,9999.000,9999.000,9999.000,9999.000
202605271536,   1.620,9999.000,9999.000,9999.000,9999.000,9999.000,9999.000,9999.000,9999.000
202605271542,   1.614,9999.000,9999.000,9999.000,9999.000,9999.000,9999.000,9999.000,9999.000
202605271548,   1.608,9999.000,9999.000,9999.000,9999.000,9999.000,9999.000,9999.000,9999.000
202605271554,   1.601,9999.000,9999.000,9999.000,9999.000,9999.000,9999.000,9999.000,9999.000
202605271600,   1.593,9999.000,   1.000,   0.197,   2.790,   0.800,   2.590,   1.100,   2.890
202605271606,   1.585,9999.000,9999.000,9999.000,9999.000,9999.000,9999.000,9999.000,9999.000
202605271612,   1.577,9999.000,9999.000,9999.000,9999.000,9999.000,9999.000,9999.000,9999.000
202605271618,   1.568,9999.000,9999.000,9999.000,9999.000,9999.000,9999.000,9999.000,9999.000
202605271624,   1.558,9999.000,9999.000,9999.000,9999.000,9999.000,9999.000,9999.000,9999.000
202605271630,   1.548,9999.000,9999.000,9999.000,9999.000,9999.000,9999.000,9999.000,9999.000
202605271636,   1.537,9999.000,9999.000,9999.000,9999.000,9999.000,9999.000,9999.000,9999.000
202605271642,   1.526,9999.000,9999.000,9999.000,9999.000,9999.000,9999.000,9999.000,9999.000
202605271648,   1.514,9999.000,9999.000,9999.000,9999.000,9999.000,9999.000,9999.000,9999.000
202605271654,   1.501,9999.000,9999.000,9999.000,9999.000,9999.000,9999.000,9999.000,9999.000
202605271700,   1.488,9999.000,   1.000,   0.197,   2.685,   0.800,   2.485,   1.100,   2.785
202605271706,   1.475,9999.000,9999.000,9999.000,9999.000,9999.000,9999.000,9999.000,9999.000
202605271712,   1.460,9999.000,9999.000,9999.000,9999.000,9999.000,9999.000,9999.000,9999.000
202605271718,   1.445,9999.000,9999.000,9999.000,9999.000,9999.000,9999.000,9999.000,9999.000
202605271724,   1.430,9999.000,9999.000,9999.000,9999.000,9999.000,9999.000,9999.000,9999.000
202605271730,   1.414,9999.000,9999.000,9999.000,9999.000,9999.000,9999.000,9999.000,9999.000
202605271736,   1.398,9999.000,9999.000,9999.000,9999.000,9999.000,9999.000,9999.000,9999.000
202605271742,   1.381,9999.000,9999.000,9999.000,9999.000,9999.000,9999.000,9999.000,9999.000
202605271748,   1.363,9999.000,9999.000,9999.000,9999.000,9999.000,9999.000,9999.000,9999.000
202605271754,   1.345,9999.000,9999.000,9999.000,9999.000,9999.000,9999.000,9999.000,9999.000
202605271800,   1.327,9999.000,   1.000,   0.197,   2.524,   0.800,   2.324,   1.100,   2.624
202605271806,   1.308,9999.000,9999.000,9999.000,9999.000,9999.000,9999.000,9999.000,9999.000
202605271812,   1.288,9999.000,9999.000,9999.000,9999.000,9999.000,9999.000,9999.000,9999.000
202605271818,   1.269,9999.000,9999.000,9999.000,9999.000,9999.000,9999.000,9999.000,9999.000
202605271824,   1.248,9999.000,9999.000,9999.000,9999.000,9999.000,9999.000,9999.000,9999.000
202605271830,   1.228,9999.000,9999.000,9999.000,9999.000,9999.000,9999.000,9999.000,9999.000
202605271836,   1.207,9999.000,9999.000,9999.000,9999.000,9999.000,9999.000,9999.000,9999.000
202605271842,   1.186,9999.000,9999.000,9999.000,9999.000,9999.000,9999.000,9999.000,9999.000
202605271848,   1.164,9999.000,9999.000,9999.000,9999.000,9999.000,9999.000,9999.000,9999.000
202605271854,   1.142,9999.000,9999.000,9999.000,9999.000,9999.000,9999.000,9999.000,9999.000
202605271900,   1.120,9999.000,   1.000,   0.197,   2.317,   0.800,   2.117,   1.100,   2.417
202605271906,   1.097,9999.000,9999.000,9999.000,9999.000,9999.000,9999.000,9999.000,9999.000
202605271912,   1.075,9999.000,9999.000,9999.000,9999.000,9999.000,9999.000,9999.000,9999.000
202605271918,   1.052,9999.000,9999.000,9999.000,9999.000,9999.000,9999.000,9999.000,9999.000
202605271924,   1.029,9999.000,9999.000,9999.000,9999.000,9999.000,9999.000,9999.000,9999.000
202605271930,   1.006,9999.000,9999.000,9999.000,9999.000,9999.000,9999.000,9999.000,9999.000
202605271936,   0.982,9999.000,9999.000,9999.000,9999.000,9999.000,9999.000,9999.000,9999.000
202605271942,   0.959,9999.000,9999.000,9999.000,9999.000,9999.000,9999.000,9999.000,9999.000
202605271948,   0.935,9999.000,9999.000,9999.000,9999.000,9999.000,9999.000,9999.000,9999.000
202605271954,   0.911,9999.000,9999.000,9999.000,9999.000,9999.000,9999.000,9999.000,9999.000
202605272000,   0.888,9999.000,   1.000,   0.197,   2.085,   0.800,   1.885,   1.100,   2.185
202605272006,   0.864,9999.000,9999.000,9999.000,9999.000,9999.000,9999.000,9999.000,9999.000
202605272012,   0.840,9999.000,9999.000,9999.000,9999.000,9999.000,9999.000,9999.000,9999.000
202605272018,   0.817,9999.000,9999.000,9999.000,9999.000,9999.000,9999.000,9999.000,9999.000
202605272024,   0.793,9999.000,9999.000,9999.000,9999.000,9999.000,9999.000,9999.000,9999.000
202605272030,   0.769,9999.000,9999.000,9999.000,9999.000,9999.000,9999.000,9999.000,9999.000
202605272036,   0.746,9999.000,9999.000,9999.000,9999.000,9999.000,9999.000,9999.000,9999.000
202605272042,   0.723,9999.000,9999.000,9999.000,9999.000,9999.000,9999.000,9999.000,9999.000
202605272048,   0.700,9999.000,9999.000,9999.000,9999.000,9999.000,9999.000,9999.000,9999.000
202605272054,   0.677,9999.000,9999.000,9999.000,9999.000,9999.000,9999.000,9999.000,9999.000
202605272100,   0.655,9999.000,   1.000,   0.197,   1.852,   0.800,   1.652,   1.100,   1.952
202605272106,   0.632,9999.000,9999.000,9999.000,9999.000,9999.000,9999.000,9999.000,9999.000
202605272112,   0.611,9999.000,9999.000,9999.000,9999.000,9999.000,9999.000,9999.000,9999.000
202605272118,   0.589,9999.000,9999.000,9999.000,9999.000,9999.000,9999.000,9999.000,9999.000
202605272124,   0.568,9999.000,9999.000,9999.000,9999.000,9999.000,9999.000,9999.000,9999.000
202605272130,   0.548,9999.000,9999.000,9999.000,9999.000,9999.000,9999.000,9999.000,9999.000
202605272136,   0.528,9999.000,9999.000,9999.000,9999.000,9999.000,9999.000,9999.000,9999.000
202605272142,   0.508,9999.000,9999.000,9999.000,9999.000,9999.000,9999.000,9999.000,9999.000
202605272148,   0.489,9999.000,9999.000,9999.000,9999.000,9999.000,9999.000,9999.000,9999.000
202605272154,   0.471,9999.000,9999.000,9999.000,9999.000,9999.000,9999.000,9999.000,9999.000
202605272200,   0.453,9999.000,   1.000,   0.197,   1.650,   0.900,   1.550,   1.100,   1.750
202605272206,   0.436,9999.000,9999.000,9999.000,9999.000,9999.000,9999.000,9999.000,9999.000
202605272212,   0.420,9999.000,9999.000,9999.000,9999.000,9999.000,9999.000,9999.000,9999.000
202605272218,   0.404,9999.000,9999.000,9999.000,9999.000,9999.000,9999.000,9999.000,9999.000
202605272224,   0.389,9999.000,9999.000,9999.000,9999.000,9999.000,9999.000,9999.000,9999.000
202605272230,   0.374,9999.000,9999.000,9999.000,9999.000,9999.000,9999.000,9999.000,9999.000
202605272236,   0.361,9999.000,9999.000,9999.000,9999.000,9999.000,9999.000,9999.000,9999.000
202605272242,   0.348,9999.000,9999.000,9999.000,9999.000,9999.000,9999.000,9999.000,9999.000
202605272248,   0.336,9999.000,9999.000,9999.000,9999.000,9999.000,9999.000,9999.000,9999.000
202605272254,   0.324,9999.000,9999.000,9999.000,9999.000,9999.000,9999.000,9999.000,9999.000
202605272300,   0.313,9999.000,   1.000,   0.197,   1.510,   0.900,   1.410,   1.100,   1.610
202605272306,   0.303,9999.000,9999.000,9999.000,9999.000,9999.000,9999.000,9999.000,9999.000
202605272312,   0.294,9999.000,9999.000,9999.000,9999.000,9999.000,9999.000,9999.000,9999.000
202605272318,   0.285,9999.000,9999.000,9999.000,9999.000,9999.000,9999.000,9999.000,9999.000
202605272324,   0.277,9999.000,9999.000,9999.000,9999.000,9999.000,9999.000,9999.000,9999.000
202605272330,   0.269,9999.000,9999.000,9999.000,9999.000,9999.000,9999.000,9999.000,9999.000
202605272336,   0.262,9999.000,9999.000,9999.000,9999.000,9999.000,9999.000,9999.000,9999.000
202605272342,   0.255,9999.000,9999.000,9999.000,9999.000,9999.000,9999.000,9999.000,9999.000
202605272348,   0.249,9999.000,9999.000,9999.000,9999.000,9999.000,9999.000,9999.000,9999.000
202605272354,   0.243,9999.000,9999.000,9999.000,9999.000,9999.000,9999.000,9999.000,9999.000
202605280000,   0.238,9999.000,   1.000,   0.197,   1.435,   0.800,   1.235,   1.100,   1.535
202605280006,   0.234,9999.000,9999.000,9999.000,9999.000,9999.000,9999.000,9999.000,9999.000
202605280012,   0.229,9999.000,9999.000,9999.000,9999.000,9999.000,9999.000,9999.000,9999.000
202605280018,   0.225,9999.000,9999.000,9999.000,9999.000,9999.000,9999.000,9999.000,9999.000
202605280024,   0.221,9999.000,9999.000,9999.000,9999.000,9999.000,9999.000,9999.000,9999.000
202605280030,   0.218,9999.000,9999.000,9999.000,9999.000,9999.000,9999.000,9999.000,9999.000
202605280036,   0.215,9999.000,9999.000,9999.000,9999.000,9999.000,9999.000,9999.000,9999.000
202605280042,   0.212,9999.000,9999.000,9999.000,9999.000,9999.000,9999.000,9999.000,9999.000
202605280048,   0.210,9999.000,9999.000,9999.000,9999.000,9999.000,9999.000,9999.000,9999.000
202605280054,   0.207,9999.000,9999.000,9999.000,9999.000,9999.000,9999.000,9999.000,9999.000
202605280100,   0.205,9999.000,   1.000,   0.197,   1.402,   0.800,   1.202,   1.100,   1.502
202605280106,   0.203,9999.000,9999.000,9999.000,9999.000,9999.000,9999.000,9999.000,9999.000
202605280112,   0.201,9999.000,9999.000,9999.000,9999.000,9999.000,9999.000,9999.000,9999.000
202605280118,   0.200,9999.000,9999.000,9999.000,9999.000,9999.000,9999.000,9999.000,9999.000
202605280124,   0.199,9999.000,9999.000,9999.000,9999.000,9999.000,9999.000,9999.000,9999.000
202605280130,   0.198,9999.000,9999.000,9999.000,9999.000,9999.000,9999.000,9999.000,9999.000
202605280136,   0.197,9999.000,9999.000,9999.000,9999.000,9999.000,9999.000,9999.000,9999.000
202605280142,   0.196,9999.000,9999.000,9999.000,9999.000,9999.000,9999.000,9999.000,9999.000
202605280148,   0.196,9999.000,9999.000,9999.000,9999.000,9999.000,9999.000,9999.000,9999.000
202605280154,   0.196,9999.000,9999.000,9999.000,9999.000,9999.000,9999.000,9999.000,9999.000
202605280200,   0.197,9999.000,   1.000,   0.197,   1.394,   0.800,   1.194,   1.100,   1.494
202605280206,   0.197,9999.000,9999.000,9999.000,9999.000,9999.000,9999.000,9999.000,9999.000
202605280212,   0.198,9999.000,9999.000,9999.000,9999.000,9999.000,9999.000,9999.000,9999.000
202605280218,   0.199,9999.000,9999.000,9999.000,9999.000,9999.000,9999.000,9999.000,9999.000
202605280224,   0.201,9999.000,9999.000,9999.000,9999.000,9999.000,9999.000,9999.000,9999.000
202605280230,   0.203,9999.000,9999.000,9999.000,9999.000,9999.000,9999.000,9999.000,9999.000
202605280236,   0.206,9999.000,9999.000,9999.000,9999.000,9999.000,9999.000,9999.000,9999.000
202605280242,   0.209,9999.000,9999.000,9999.000,9999.000,9999.000,9999.000,9999.000,9999.000
202605280248,   0.212,9999.000,9999.000,9999.000,9999.000,9999.000,9999.000,9999.000,9999.000
202605280254,   0.216,9999.000,9999.000,9999.000,9999.000,9999.000,9999.000,9999.000,9999.000
202605280300,   0.220,9999.000,   1.000,   0.197,   1.417,   0.800,   1.217,   1.100,   1.517
202605280306,   0.225,9999.000,9999.000,9999.000,9999.000,9999.000,9999.000,9999.000,9999.000
202605280312,   0.230,9999.000,9999.000,9999.000,9999.000,9999.000,9999.000,9999.000,9999.000
202605280318,   0.235,9999.000,9999.000,9999.000,9999.000,9999.000,9999.000,9999.000,9999.000
202605280324,   0.242,9999.000,9999.000,9999.000,9999.000,9999.000,9999.000,9999.000,9999.000
202605280330,   0.248,9999.000,9999.000,9999.000,9999.000,9999.000,9999.000,9999.000,9999.000
202605280336,   0.255,9999.000,9999.000,9999.000,9999.000,9999.000,9999.000,9999.000,9999.000
202605280342,   0.262,9999.000,9999.000,9999.000,9999.000,9999.000,9999.000,9999.000,9999.000
202605280348,   0.270,9999.000,9999.000,9999.000,9999.000,9999.000,9999.000,9999.000,9999.000
202605280354,   0.279,9999.000,9999.000,9999.000,9999.000,9999.000,9999.000,9999.000,9999.000
202605280400,   0.287,9999.000,   0.900,   0.197,   1.384,   0.800,   1.284,   1.000,   1.484
202605280406,   0.296,9999.000,9999.000,9999.000,9999.000,9999.000,9999.000,9999.000,9999.000
202605280412,   0.306,9999.000,9999.000,9999.000,9999.000,9999.000,9999.000,9999.000,9999.000
202605280418,   0.316,9999.000,9999.000,9999.000,9999.000,9999.000,9999.000,9999.000,9999.000
202605280424,   0.326,9999.000,9999.000,9999.000,9999.000,9999.000,9999.000,9999.000,9999.000
202605280430,   0.336,9999.000,9999.000,9999.000,9999.000,9999.000,9999.000,9999.000,9999.000
202605280436,   0.347,9999.000,9999.000,9999.000,9999.000,9999.000,9999.000,9999.000,9999.000
202605280442,   0.358,9999.000,9999.000,9999.000,9999.000,9999.000,9999.000,9999.000,9999.000
202605280448,   0.370,9999.000,9999.000,9999.000,9999.000,9999.000,9999.000,9999.000,9999.000
202605280454,   0.381,9999.000,9999.000,9999.000,9999.000,9999.000,9999.000,9999.000,9999.000
202605280500,   0.393,9999.000,   0.900,   0.197,   1.490,   0.800,   1.390,   1.000,   1.590
202605280506,   0.405,9999.000,9999.000,9999.000,9999.000,9999.000,9999.000,9999.000,9999.000
202605280512,   0.418,9999.000,9999.000,9999.000,9999.000,9999.000,9999.000,9999.000,9999.000
202605280518,   0.430,9999.000,9999.000,9999.000,9999.000,9999.000,9999.000,9999.000,9999.000
202605280524,   0.443,9999.000,9999.000,9999.000,9999.000,9999.000,9999.000,9999.000,9999.000
202605280530,   0.456,9999.000,9999.000,9999.000,9999.000,9999.000,9999.000,9999.000,9999.000
202605280536,   0.469,9999.000,9999.000,9999.000,9999.000,9999.000,9999.000,9999.000,9999.000
202605280542,   0.482,9999.000,9999.000,9999.000,9999.000,9999.000,9999.000,9999.000,9999.000
202605280548,   0.495,9999.000,9999.000,9999.000,9999.000,9999.000,9999.000,9999.000,9999.000
202605280554,   0.509,9999.000,9999.000,9999.000,9999.000,9999.000,9999.000,9999.000,9999.000
202605280600,   0.522,9999.000,   0.900,   0.197,   1.619,   0.800,   1.519,   1.000,   1.719
202605280606,   0.536,9999.000,9999.000,9999.000,9999.000,9999.000,9999.000,9999.000,9999.000
202605280612,   0.550,9999.000,9999.000,9999.000,9999.000,9999.000,9999.000,9999.000,9999.000
202605280618,   0.564,9999.000,9999.000,9999.000,9999.000,9999.000,9999.000,9999.000,9999.000
202605280624,   0.577,9999.000,9999.000,9999.000,9999.000,9999.000,9999.000,9999.000,9999.000
202605280630,   0.591,9999.000,9999.000,9999.000,9999.000,9999.000,9999.000,9999.000,9999.000
202605280636,   0.605,9999.000,9999.000,9999.000,9999.000,9999.000,9999.000,9999.000,9999.000
202605280642,   0.620,9999.000,9999.000,9999.000,9999.000,9999.000,9999.000,9999.000,9999.000
202605280648,   0.634,9999.000,9999.000,9999.000,9999.000,9999.000,9999.000,9999.000,9999.000
202605280654,   0.648,9999.000,9999.000,9999.000,9999.000,9999.000,9999.000,9999.000,9999.000
202605280700,   0.662,9999.000,   0.900,   0.197,   1.759,   0.800,   1.659,   1.000,   1.859
202605280706,   0.676,9999.000,9999.000,9999.000,9999.000,9999.000,9999.000,9999.000,9999.000
202605280712,   0.690,9999.000,9999.000,9999.000,9999.000,9999.000,9999.000,9999.000,9999.000
202605280718,   0.704,9999.000,9999.000,9999.000,9999.000,9999.000,9999.000,9999.000,9999.000
202605280724,   0.718,9999.000,9999.000,9999.000,9999.000,9999.000,9999.000,9999.000,9999.000
202605280730,   0.733,9999.000,9999.000,9999.000,9999.000,9999.000,9999.000,9999.000,9999.000
202605280736,   0.747,9999.000,9999.000,9999.000,9999.000,9999.000,9999.000,9999.000,9999.000
202605280742,   0.761,9999.000,9999.000,9999.000,9999.000,9999.000,9999.000,9999.000,9999.000
202605280748,   0.775,9999.000,9999.000,9999.000,9999.000,9999.000,9999.000,9999.000,9999.000
202605280754,   0.789,9999.000,9999.000,9999.000,9999.000,9999.000,9999.000,9999.000,9999.000
202605280800,   0.803,9999.000,   0.900,   0.197,   1.900,   0.800,   1.800,   1.000,   2.000
202605280806,   0.816,9999.000,9999.000,9999.000,9999.000,9999.000,9999.000,9999.000,9999.000
202605280812,   0.830,9999.000,9999.000,9999.000,9999.000,9999.000,9999.000,9999.000,9999.000
202605280818,   0.844,9999.000,9999.000,9999.000,9999.000,9999.000,9999.000,9999.000,9999.000
202605280824,   0.858,9999.000,9999.000,9999.000,9999.000,9999.000,9999.000,9999.000,9999.000
202605280830,   0.872,9999.000,9999.000,9999.000,9999.000,9999.000,9999.000,9999.000,9999.000
202605280836,   0.886,9999.000,9999.000,9999.000,9999.000,9999.000,9999.000,9999.000,9999.000
202605280842,   0.900,9999.000,9999.000,9999.000,9999.000,9999.000,9999.000,9999.000,9999.000
202605280848,   0.914,9999.000,9999.000,9999.000,9999.000,9999.000,9999.000,9999.000,9999.000
202605280854,   0.928,9999.000,9999.000,9999.000,9999.000,9999.000,9999.000,9999.000,9999.000
202605280900,   0.942,9999.000,   0.900,   0.197,   2.039,   0.800,   1.939,   1.000,   2.139
202605280906,   0.956,9999.000,9999.000,9999.000,9999.000,9999.000,9999.000,9999.000,9999.000
202605280912,   0.970,9999.000,9999.000,9999.000,9999.000,9999.000,9999.000,9999.000,9999.000
202605280918,   0.985,9999.000,9999.000,9999.000,9999.000,9999.000,9999.000,9999.000,9999.000
202605280924,   1.000,9999.000,9999.000,9999.000,9999.000,9999.000,9999.000,9999.000,9999.000
202605280930,   1.015,9999.000,9999.000,9999.000,9999.000,9999.000,9999.000,9999.000,9999.000
202605280936,   1.030,9999.000,9999.000,9999.000,9999.000,9999.000,9999.000,9999.000,9999.000
202605280942,   1.045,9999.000,9999.000,9999.000,9999.000,9999.000,9999.000,9999.000,9999.000
202605280948,   1.061,9999.000,9999.000,9999.000,9999.000,9999.000,9999.000,9999.000,9999.000
202605280954,   1.077,9999.000,9999.000,9999.000,9999.000,9999.000,9999.000,9999.000,9999.000
202605281000,   1.094,9999.000,   0.900,   0.197,   2.191,   0.800,   2.091,   1.000,   2.291
202605281006,   1.110,9999.000,9999.000,9999.000,9999.000,9999.000,9999.000,9999.000,9999.000
202605281012,   1.127,9999.000,9999.000,9999.000,9999.000,9999.000,9999.000,9999.000,9999.000
202605281018,   1.145,9999.000,9999.000,9999.000,9999.000,9999.000,9999.000,9999.000,9999.000
202605281024,   1.163,9999.000,9999.000,9999.000,9999.000,9999.000,9999.000,9999.000,9999.000
202605281030,   1.181,9999.000,9999.000,9999.000,9999.000,9999.000,9999.000,9999.000,9999.000
202605281036,   1.199,9999.000,9999.000,9999.000,9999.000,9999.000,9999.000,9999.000,9999.000
202605281042,   1.218,9999.000,9999.000,9999.000,9999.000,9999.000,9999.000,9999.000,9999.000
202605281048,   1.237,9999.000,9999.000,9999.000,9999.000,9999.000,9999.000,9999.000,9999.000
202605281054,   1.257,9999.000,9999.000,9999.000,9999.000,9999.000,9999.000,9999.000,9999.000
202605281100,   1.276,9999.000,   0.900,   0.197,   2.373,   0.800,   2.273,   1.000,   2.473
202605281106,   1.296,9999.000,9999.000,9999.000,9999.000,9999.000,9999.000,9999.000,9999.000
202605281112,   1.316,9999.000,9999.000,9999.000,9999.000,9999.000,9999.000,9999.000,9999.000
202605281118,   1.337,9999.000,9999.000,9999.000,9999.000,9999.000,9999.000,9999.000,9999.000
202605281124,   1.357,9999.000,9999.000,9999.000,9999.000,9999.000,9999.000,9999.000,9999.000
202605281130,   1.378,9999.000,9999.000,9999.000,9999.000,9999.000,9999.000,9999.000,9999.000
202605281136,   1.399,9999.000,9999.000,9999.000,9999.000,9999.000,9999.000,9999.000,9999.000
202605281142,   1.419,9999.000,9999.000,9999.000,9999.000,9999.000,9999.000,9999.000,9999.000
202605281148,   1.440,9999.000,9999.000,9999.000,9999.000,9999.000,9999.000,9999.000,9999.000
202605281154,   1.460,9999.000,9999.000,9999.000,9999.000,9999.000,9999.000,9999.000,9999.000
202605281200,   1.480,9999.000,   0.900,   0.197,   2.577,   0.800,   2.477,   1.000,   2.677
