        TIME,    TIDE,      OB,   SURGE,    BIAS,     TWL,SURGE90p,  TWL90p,SURGE10p,   TWL10p
202607210000,   0.318,9999.000,   0.600,9999.000,   0.918,   0.600,   0.918,   0.700,   1.018
202607210006,   0.316,9999.000,9999.000,9999.000,9999.000,9999.000,9999.000,9999.000,9999.000
202607210012,   0.314,9999.000,9999.000,9999.000,9999.000,9999.000,9999.000,9999.000,9999.000
202607210018,   0.312,9999.000,9999.000,9999.000,9999.000,9999.000,9999.000,9999.000,9999.000
202607210024,   0.310,9999.000,9999.000,9999.000,9999.000,9999.000,9999.000,9999.000,9999.000
202607210030,   0.309,9999.000,9999.000,9999.000,9999.000,9999.000,9999.000,9999.000,9999.000
202607210036,   0.307,9999.000,9999.000,9999.000,9999.000,9999.000,9999.000,9999.000,9999.000
202607210042,   0.306,9999.000,9999.000,9999.000,9999.000,9999.000,9999.000,9999.000,9999.000
202607210048,   0.305,9999.000,9999.000,9999.000,9999.000,9999.000,9999.000,9999.000,9999.000
202607210054,   0.304,9999.000,9999.000,9999.000,9999.000,9999.000,9999.000,9999.000,9999.000
202607210100,   0.303,   1.420,   0.700,   0.417,   1.420,   0.600,   1.320,   0.700,   1.420
202607210106,   0.302,   1.400,9999.000,9999.000,9999.000,9999.000,9999.000,9999.000,9999.000
202607210112,   0.301,   1.400,9999.000,9999.000,9999.000,9999.000,9999.000,9999.000,9999.000
202607210118,   0.301,   1.400,9999.000,9999.000,9999.000,9999.000,9999.000,9999.000,9999.000
202607210124,   0.301,   1.400,9999.000,9999.000,9999.000,9999.000,9999.000,9999.000,9999.000
202607210130,   0.301,   1.430,9999.000,9999.000,9999.000,9999.000,9999.000,9999.000,9999.000
202607210136,   0.301,   1.430,9999.000,9999.000,9999.000,9999.000,9999.000,9999.000,9999.000
202607210142,   0.301,   1.439,9999.000,9999.000,9999.000,9999.000,9999.000,9999.000,9999.000
202607210148,   0.302,   1.430,9999.000,9999.000,9999.000,9999.000,9999.000,9999.000,9999.000
202607210154,   0.302,   1.469,9999.000,9999.000,9999.000,9999.000,9999.000,9999.000,9999.000
202607210200,   0.303,   1.498,   0.700,   0.495,   1.498,   0.600,   1.398,   0.700,   1.498
202607210206,   0.304,   1.528,9999.000,9999.000,9999.000,9999.000,9999.000,9999.000,9999.000
202607210212,   0.305,   1.528,9999.000,9999.000,9999.000,9999.000,9999.000,9999.000,9999.000
202607210218,   0.306,   1.390,9999.000,9999.000,9999.000,9999.000,9999.000,9999.000,9999.000
202607210224,   0.308,   1.430,9999.000,9999.000,9999.000,9999.000,9999.000,9999.000,9999.000
202607210230,   0.309,   1.430,9999.000,9999.000,9999.000,9999.000,9999.000,9999.000,9999.000
202607210236,   0.311,   1.459,9999.000,9999.000,9999.000,9999.000,9999.000,9999.000,9999.000
202607210242,   0.313,   1.469,9999.000,9999.000,9999.000,9999.000,9999.000,9999.000,9999.000
202607210248,   0.315,   1.489,9999.000,9999.000,9999.000,9999.000,9999.000,9999.000,9999.000
202607210254,   0.317,   1.528,9999.000,9999.000,9999.000,9999.000,9999.000,9999.000,9999.000
202607210300,   0.319,   1.528,   0.700,   0.509,   1.528,   0.600,   1.428,   0.700,   1.528
202607210306,   0.321,   1.469,9999.000,9999.000,9999.000,9999.000,9999.000,9999.000,9999.000
202607210312,   0.324,   1.338,9999.000,9999.000,9999.000,9999.000,9999.000,9999.000,9999.000
202607210318,   0.326,   1.420,9999.000,9999.000,9999.000,9999.000,9999.000,9999.000,9999.000
202607210324,   0.329,   1.380,9999.000,9999.000,9999.000,9999.000,9999.000,9999.000,9999.000
202607210330,   0.332,   1.380,9999.000,9999.000,9999.000,9999.000,9999.000,9999.000,9999.000
202607210336,   0.335,   1.380,9999.000,9999.000,9999.000,9999.000,9999.000,9999.000,9999.000
202607210342,   0.339,   1.430,9999.000,9999.000,9999.000,9999.000,9999.000,9999.000,9999.000
202607210348,   0.342,   1.410,9999.000,9999.000,9999.000,9999.000,9999.000,9999.000,9999.000
202607210354,   0.346,   1.380,9999.000,9999.000,9999.000,9999.000,9999.000,9999.000,9999.000
202607210400,   0.350,   1.410,   0.700,   0.360,   1.410,   0.600,   1.310,   0.700,   1.410
202607210406,   0.354,   1.430,9999.000,9999.000,9999.000,9999.000,9999.000,9999.000,9999.000
202607210412,   0.358,   1.479,9999.000,9999.000,9999.000,9999.000,9999.000,9999.000,9999.000
202607210418,   0.363,   1.489,9999.000,9999.000,9999.000,9999.000,9999.000,9999.000,9999.000
202607210424,   0.368,   1.508,9999.000,9999.000,9999.000,9999.000,9999.000,9999.000,9999.000
202607210430,   0.372,   1.508,9999.000,9999.000,9999.000,9999.000,9999.000,9999.000,9999.000
202607210436,   0.378,   1.508,9999.000,9999.000,9999.000,9999.000,9999.000,9999.000,9999.000
202607210442,   0.383,   1.571,9999.000,9999.000,9999.000,9999.000,9999.000,9999.000,9999.000
202607210448,   0.388,   1.571,9999.000,9999.000,9999.000,9999.000,9999.000,9999.000,9999.000
202607210454,   0.394,   1.571,9999.000,9999.000,9999.000,9999.000,9999.000,9999.000,9999.000
202607210500,   0.400,   1.610,   0.700,   0.510,   1.610,   0.600,   1.510,   0.700,   1.610
202607210506,   0.406,   1.600,9999.000,9999.000,9999.000,9999.000,9999.000,9999.000,9999.000
202607210512,   0.412,   1.571,9999.000,9999.000,9999.000,9999.000,9999.000,9999.000,9999.000
202607210518,   0.418,   1.580,9999.000,9999.000,9999.000,9999.000,9999.000,9999.000,9999.000
202607210524,   0.425,   1.580,9999.000,9999.000,9999.000,9999.000,9999.000,9999.000,9999.000
202607210530,   0.431,   1.590,9999.000,9999.000,9999.000,9999.000,9999.000,9999.000,9999.000
202607210536,   0.438,   1.600,9999.000,9999.000,9999.000,9999.000,9999.000,9999.000,9999.000
202607210542,   0.445,   1.620,9999.000,9999.000,9999.000,9999.000,9999.000,9999.000,9999.000
202607210548,   0.452,   1.649,9999.000,9999.000,9999.000,9999.000,9999.000,9999.000,9999.000
202607210554,   0.459,   1.669,9999.000,9999.000,9999.000,9999.000,9999.000,9999.000,9999.000
202607210600,   0.466,   1.669,   0.700,   0.503,   1.669,   0.700,   1.669,   0.800,   1.769
202607210606,   0.473,   1.708,9999.000,9999.000,9999.000,9999.000,9999.000,9999.000,9999.000
202607210612,   0.480,   1.738,9999.000,9999.000,9999.000,9999.000,9999.000,9999.000,9999.000
202607210618,   0.487,   1.781,9999.000,9999.000,9999.000,9999.000,9999.000,9999.000,9999.000
202607210624,   0.495,   1.820,9999.000,9999.000,9999.000,9999.000,9999.000,9999.000,9999.000
202607210630,   0.502,   1.840,9999.000,9999.000,9999.000,9999.000,9999.000,9999.000,9999.000
202607210636,   0.510,   1.859,9999.000,9999.000,9999.000,9999.000,9999.000,9999.000,9999.000
202607210642,   0.517,   1.889,9999.000,9999.000,9999.000,9999.000,9999.000,9999.000,9999.000
202607210648,   0.525,   1.899,9999.000,9999.000,9999.000,9999.000,9999.000,9999.000,9999.000
202607210654,   0.532,   1.908,9999.000,9999.000,9999.000,9999.000,9999.000,9999.000,9999.000
202607210700,   0.540,   1.918,   0.700,   0.678,   1.918,   0.700,   1.918,   0.800,   2.018
202607210706,   0.548,   1.928,9999.000,9999.000,9999.000,9999.000,9999.000,9999.000,9999.000
202607210712,   0.556,   1.958,9999.000,9999.000,9999.000,9999.000,9999.000,9999.000,9999.000
202607210718,   0.565,   1.981,9999.000,9999.000,9999.000,9999.000,9999.000,9999.000,9999.000
202607210724,   0.573,   1.967,9999.000,9999.000,9999.000,9999.000,9999.000,9999.000,9999.000
202607210730,   0.582,   1.981,9999.000,9999.000,9999.000,9999.000,9999.000,9999.000,9999.000
202607210736,   0.591,   1.981,9999.000,9999.000,9999.000,9999.000,9999.000,9999.000,9999.000
202607210742,   0.600,   1.990,9999.000,9999.000,9999.000,9999.000,9999.000,9999.000,9999.000
202607210748,   0.609,   2.000,9999.000,9999.000,9999.000,9999.000,9999.000,9999.000,9999.000
202607210754,   0.619,   2.010,9999.000,9999.000,9999.000,9999.000,9999.000,9999.000,9999.000
202607210800,   0.629,   2.059,   0.800,   0.630,   2.059,   0.700,   1.959,   0.800,   2.059
202607210806,   0.639,   2.069,9999.000,9999.000,9999.000,9999.000,9999.000,9999.000,9999.000
202607210812,   0.650,   2.099,9999.000,9999.000,9999.000,9999.000,9999.000,9999.000,9999.000
202607210818,   0.660,   2.128,9999.000,9999.000,9999.000,9999.000,9999.000,9999.000,9999.000
202607210824,   0.672,   2.168,9999.000,9999.000,9999.000,9999.000,9999.000,9999.000,9999.000
202607210830,   0.683,   2.191,9999.000,9999.000,9999.000,9999.000,9999.000,9999.000,9999.000
202607210836,   0.695,   2.220,9999.000,9999.000,9999.000,9999.000,9999.000,9999.000,9999.000
202607210842,   0.707,   2.250,9999.000,9999.000,9999.000,9999.000,9999.000,9999.000,9999.000
202607210848,   0.719,   2.289,9999.000,9999.000,9999.000,9999.000,9999.000,9999.000,9999.000
202607210854,   0.732,   2.309,9999.000,9999.000,9999.000,9999.000,9999.000,9999.000,9999.000
202607210900,   0.745,   2.328,   0.800,   0.783,   2.328,   0.700,   2.228,   0.800,   2.328
202607210906,   0.758,   2.368,9999.000,9999.000,9999.000,9999.000,9999.000,9999.000,9999.000
202607210912,   0.772,   2.377,9999.000,9999.000,9999.000,9999.000,9999.000,9999.000,9999.000
202607210918,   0.786,   2.400,9999.000,9999.000,9999.000,9999.000,9999.000,9999.000,9999.000
202607210924,   0.800,   2.420,9999.000,9999.000,9999.000,9999.000,9999.000,9999.000,9999.000
202607210930,   0.814,   2.430,9999.000,9999.000,9999.000,9999.000,9999.000,9999.000,9999.000
202607210936,   0.828,   2.459,9999.000,9999.000,9999.000,9999.000,9999.000,9999.000,9999.000
202607210942,   0.843,   2.479,9999.000,9999.000,9999.000,9999.000,9999.000,9999.000,9999.000
202607210948,   0.857,   2.499,9999.000,9999.000,9999.000,9999.000,9999.000,9999.000,9999.000
202607210954,   0.872,   2.499,9999.000,9999.000,9999.000,9999.000,9999.000,9999.000,9999.000
202607211000,   0.886,   2.499,   0.800,   0.813,   2.499,   0.700,   2.399,   0.800,   2.499
202607211006,   0.900,   2.509,9999.000,9999.000,9999.000,9999.000,9999.000,9999.000,9999.000
202607211012,   0.915,   2.519,9999.000,9999.000,9999.000,9999.000,9999.000,9999.000,9999.000
202607211018,   0.929,   2.528,9999.000,9999.000,9999.000,9999.000,9999.000,9999.000,9999.000
202607211024,   0.943,   2.538,9999.000,9999.000,9999.000,9999.000,9999.000,9999.000,9999.000
202607211030,   0.957,   2.558,9999.000,9999.000,9999.000,9999.000,9999.000,9999.000,9999.000
202607211036,   0.971,   2.558,9999.000,9999.000,9999.000,9999.000,9999.000,9999.000,9999.000
202607211042,   0.984,   2.568,9999.000,9999.000,9999.000,9999.000,9999.000,9999.000,9999.000
202607211048,   0.998,   2.587,9999.000,9999.000,9999.000,9999.000,9999.000,9999.000,9999.000
202607211054,   1.011,   2.597,9999.000,9999.000,9999.000,9999.000,9999.000,9999.000,9999.000
202607211100,   1.023,   2.620,   0.800,   0.797,   2.620,   0.700,   2.520,   0.800,   2.620
202607211106,   1.035,   2.620,9999.000,9999.000,9999.000,9999.000,9999.000,9999.000,9999.000
202607211112,   1.047,   2.640,9999.000,9999.000,9999.000,9999.000,9999.000,9999.000,9999.000
202607211118,   1.059,   2.660,9999.000,9999.000,9999.000,9999.000,9999.000,9999.000,9999.000
202607211124,   1.070,   2.669,9999.000,9999.000,9999.000,9999.000,9999.000,9999.000,9999.000
202607211130,   1.080,   2.669,9999.000,9999.000,9999.000,9999.000,9999.000,9999.000,9999.000
202607211136,   1.091,   2.679,9999.000,9999.000,9999.000,9999.000,9999.000,9999.000,9999.000
202607211142,   1.100,   2.689,9999.000,9999.000,9999.000,9999.000,9999.000,9999.000,9999.000
202607211148,   1.110,   2.709,9999.000,9999.000,9999.000,9999.000,9999.000,9999.000,9999.000
202607211154,   1.118,   2.709,9999.000,9999.000,9999.000,9999.000,9999.000,9999.000,9999.000
202607211200,   1.127,   2.719,   0.800,   0.792,   2.719,   0.700,   2.619,   0.800,   2.719
202607211206,   1.134,   2.728,9999.000,9999.000,9999.000,9999.000,9999.000,9999.000,9999.000
202607211212,   1.142,   2.738,9999.000,9999.000,9999.000,9999.000,9999.000,9999.000,9999.000
202607211218,   1.149,   2.738,9999.000,9999.000,9999.000,9999.000,9999.000,9999.000,9999.000
202607211224,   1.155,   2.758,9999.000,9999.000,9999.000,9999.000,9999.000,9999.000,9999.000
202607211230,   1.161,   2.758,9999.000,9999.000,9999.000,9999.000,9999.000,9999.000,9999.000
202607211236,   1.166,   2.797,9999.000,9999.000,9999.000,9999.000,9999.000,9999.000,9999.000
202607211242,   1.171,   2.787,9999.000,9999.000,9999.000,9999.000,9999.000,9999.000,9999.000
202607211248,   1.175,   2.807,9999.000,9999.000,9999.000,9999.000,9999.000,9999.000,9999.000
202607211254,   1.178,   2.807,9999.000,9999.000,9999.000,9999.000,9999.000,9999.000,9999.000
202607211300,   1.181,   2.807,   0.800,   0.826,   2.807,   0.700,   2.707,   0.800,   2.807
202607211306,   1.184,   2.820,9999.000,9999.000,9999.000,9999.000,9999.000,9999.000,9999.000
202607211312,   1.186,   2.840,9999.000,9999.000,9999.000,9999.000,9999.000,9999.000,9999.000
202607211318,   1.187,   2.830,9999.000,9999.000,9999.000,9999.000,9999.000,9999.000,9999.000
202607211324,   1.188,   2.830,9999.000,9999.000,9999.000,9999.000,9999.000,9999.000,9999.000
202607211330,   1.188,   2.840,9999.000,9999.000,9999.000,9999.000,9999.000,9999.000,9999.000
202607211336,   1.187,   2.840,9999.000,9999.000,9999.000,9999.000,9999.000,9999.000,9999.000
202607211342,   1.186,   2.820,9999.000,9999.000,9999.000,9999.000,9999.000,9999.000,9999.000
202607211348,   1.185,   2.830,9999.000,9999.000,9999.000,9999.000,9999.000,9999.000,9999.000
202607211354,   1.182,   2.807,9999.000,9999.000,9999.000,9999.000,9999.000,9999.000,9999.000
202607211400,   1.179,   2.797,   0.800,   0.818,   2.797,   0.700,   2.697,   0.900,   2.897
202607211406,   1.176,   2.758,9999.000,9999.000,9999.000,9999.000,9999.000,9999.000,9999.000
202607211412,   1.172,   2.758,9999.000,9999.000,9999.000,9999.000,9999.000,9999.000,9999.000
202607211418,   1.167,   2.768,9999.000,9999.000,9999.000,9999.000,9999.000,9999.000,9999.000
202607211424,   1.162,   2.728,9999.000,9999.000,9999.000,9999.000,9999.000,9999.000,9999.000
202607211430,   1.156,   2.728,9999.000,9999.000,9999.000,9999.000,9999.000,9999.000,9999.000
202607211436,   1.149,   2.738,9999.000,9999.000,9999.000,9999.000,9999.000,9999.000,9999.000
202607211442,   1.142,   2.709,9999.000,9999.000,9999.000,9999.000,9999.000,9999.000,9999.000
202607211448,   1.134,   2.709,9999.000,9999.000,9999.000,9999.000,9999.000,9999.000,9999.000
202607211454,   1.126,   2.709,9999.000,9999.000,9999.000,9999.000,9999.000,9999.000,9999.000
202607211500,   1.117,   2.699,   0.800,   0.782,   2.699,   0.700,   2.599,   0.900,   2.799
202607211506,   1.108,   2.689,9999.000,9999.000,9999.000,9999.000,9999.000,9999.000,9999.000
202607211512,   1.098,   2.679,9999.000,9999.000,9999.000,9999.000,9999.000,9999.000,9999.000
202607211518,   1.088,   2.689,9999.000,9999.000,9999.000,9999.000,9999.000,9999.000,9999.000
202607211524,   1.078,   2.669,9999.000,9999.000,9999.000,9999.000,9999.000,9999.000,9999.000
202607211530,   1.067,   2.679,9999.000,9999.000,9999.000,9999.000,9999.000,9999.000,9999.000
202607211536,   1.055,   2.669,9999.000,9999.000,9999.000,9999.000,9999.000,9999.000,9999.000
202607211542,   1.044,   2.650,9999.000,9999.000,9999.000,9999.000,9999.000,9999.000,9999.000
202607211548,   1.032,   2.660,9999.000,9999.000,9999.000,9999.000,9999.000,9999.000,9999.000
202607211554,   1.019,   2.640,9999.000,9999.000,9999.000,9999.000,9999.000,9999.000,9999.000
202607211600,   1.007,   2.640,   0.800,   0.833,   2.640,   0.700,   2.540,   0.900,   2.740
202607211606,   0.994,   2.620,9999.000,9999.000,9999.000,9999.000,9999.000,9999.000,9999.000
202607211612,   0.981,   2.620,9999.000,9999.000,9999.000,9999.000,9999.000,9999.000,9999.000
202607211618,   0.968,   2.597,9999.000,9999.000,9999.000,9999.000,9999.000,9999.000,9999.000
202607211624,   0.954,   2.587,9999.000,9999.000,9999.000,9999.000,9999.000,9999.000,9999.000
202607211630,   0.941,   2.568,9999.000,9999.000,9999.000,9999.000,9999.000,9999.000,9999.000
202607211636,   0.927,   2.558,9999.000,9999.000,9999.000,9999.000,9999.000,9999.000,9999.000
202607211642,   0.913,   2.558,9999.000,9999.000,9999.000,9999.000,9999.000,9999.000,9999.000
202607211648,   0.899,   2.548,9999.000,9999.000,9999.000,9999.000,9999.000,9999.000,9999.000
202607211654,   0.885,   2.548,9999.000,9999.000,9999.000,9999.000,9999.000,9999.000,9999.000
202607211700,   0.871,   2.548,   0.800,   0.877,   2.548,   0.700,   2.448,   0.900,   2.648
202607211706,   0.856,   2.538,9999.000,9999.000,9999.000,9999.000,9999.000,9999.000,9999.000
202607211712,   0.842,   2.528,9999.000,9999.000,9999.000,9999.000,9999.000,9999.000,9999.000
202607211718,   0.828,   2.509,9999.000,9999.000,9999.000,9999.000,9999.000,9999.000,9999.000
202607211724,   0.813,   2.499,9999.000,9999.000,9999.000,9999.000,9999.000,9999.000,9999.000
202607211730,   0.798,   2.499,9999.000,9999.000,9999.000,9999.000,9999.000,9999.000,9999.000
202607211736,   0.784,   2.489,9999.000,9999.000,9999.000,9999.000,9999.000,9999.000,9999.000
202607211742,   0.769,   2.499,9999.000,9999.000,9999.000,9999.000,9999.000,9999.000,9999.000
202607211748,   0.754,   2.479,9999.000,9999.000,9999.000,9999.000,9999.000,9999.000,9999.000
202607211754,   0.739,   2.469,9999.000,9999.000,9999.000,9999.000,9999.000,9999.000,9999.000
202607211800,   0.724,   2.469,   0.900,   0.845,   2.469,   0.800,   2.369,   0.900,   2.469
202607211806,   0.709,   2.450,9999.000,9999.000,9999.000,9999.000,9999.000,9999.000,9999.000
202607211812,   0.694,   2.450,9999.000,9999.000,9999.000,9999.000,9999.000,9999.000,9999.000
202607211818,   0.678,   2.440,9999.000,9999.000,9999.000,9999.000,9999.000,9999.000,9999.000
202607211824,   0.663,   2.430,9999.000,9999.000,9999.000,9999.000,9999.000,9999.000,9999.000
202607211830,   0.648,   2.420,9999.000,9999.000,9999.000,9999.000,9999.000,9999.000,9999.000
202607211836,   0.632,   2.410,9999.000,9999.000,9999.000,9999.000,9999.000,9999.000,9999.000
202607211842,   0.617,   2.400,9999.000,9999.000,9999.000,9999.000,9999.000,9999.000,9999.000
202607211848,   0.601,   2.377,9999.000,9999.000,9999.000,9999.000,9999.000,9999.000,9999.000
202607211854,   0.586,   2.348,9999.000,9999.000,9999.000,9999.000,9999.000,9999.000,9999.000
202607211900,   0.570,   2.348,   0.900,   0.878,   2.348,   0.800,   2.248,   0.900,   2.348
202607211906,   0.555,   2.328,9999.000,9999.000,9999.000,9999.000,9999.000,9999.000,9999.000
202607211912,   0.539,   2.309,9999.000,9999.000,9999.000,9999.000,9999.000,9999.000,9999.000
202607211918,   0.524,   2.279,9999.000,9999.000,9999.000,9999.000,9999.000,9999.000,9999.000
202607211924,   0.509,   2.259,9999.000,9999.000,9999.000,9999.000,9999.000,9999.000,9999.000
202607211930,   0.494,   2.240,9999.000,9999.000,9999.000,9999.000,9999.000,9999.000,9999.000
202607211936,   0.479,   2.210,9999.000,9999.000,9999.000,9999.000,9999.000,9999.000,9999.000
202607211942,   0.464,   2.210,9999.000,9999.000,9999.000,9999.000,9999.000,9999.000,9999.000
202607211948,   0.449,   2.210,9999.000,9999.000,9999.000,9999.000,9999.000,9999.000,9999.000
202607211954,   0.435,   2.191,9999.000,9999.000,9999.000,9999.000,9999.000,9999.000,9999.000
202607212000,   0.421,   2.138,   0.900,   0.817,   2.138,   0.800,   2.038,   0.900,   2.138
202607212006,   0.407,   2.138,9999.000,9999.000,9999.000,9999.000,9999.000,9999.000,9999.000
202607212012,   0.393,   2.118,9999.000,9999.000,9999.000,9999.000,9999.000,9999.000,9999.000
202607212018,   0.380,   2.118,9999.000,9999.000,9999.000,9999.000,9999.000,9999.000,9999.000
202607212024,   0.367,   2.109,9999.000,9999.000,9999.000,9999.000,9999.000,9999.000,9999.000
202607212030,   0.354,   2.079,9999.000,9999.000,9999.000,9999.000,9999.000,9999.000,9999.000
202607212036,   0.342,   2.089,9999.000,9999.000,9999.000,9999.000,9999.000,9999.000,9999.000
202607212042,   0.330,   2.040,9999.000,9999.000,9999.000,9999.000,9999.000,9999.000,9999.000
202607212048,   0.318,   2.030,9999.000,9999.000,9999.000,9999.000,9999.000,9999.000,9999.000
202607212054,   0.307,   2.000,9999.000,9999.000,9999.000,9999.000,9999.000,9999.000,9999.000
202607212100,   0.296,   2.010,   0.900,   0.814,   2.010,   0.800,   1.910,   0.900,   2.010
202607212106,   0.285,   2.010,9999.000,9999.000,9999.000,9999.000,9999.000,9999.000,9999.000
202607212112,   0.275,   2.020,9999.000,9999.000,9999.000,9999.000,9999.000,9999.000,9999.000
202607212118,   0.265,   1.990,9999.000,9999.000,9999.000,9999.000,9999.000,9999.000,9999.000
202607212124,   0.256,   1.990,9999.000,9999.000,9999.000,9999.000,9999.000,9999.000,9999.000
202607212130,   0.246,   1.990,9999.000,9999.000,9999.000,9999.000,9999.000,9999.000,9999.000
202607212136,   0.237,   1.967,9999.000,9999.000,9999.000,9999.000,9999.000,9999.000,9999.000
202607212142,   0.229,   1.958,9999.000,9999.000,9999.000,9999.000,9999.000,9999.000,9999.000
202607212148,   0.221,   1.958,9999.000,9999.000,9999.000,9999.000,9999.000,9999.000,9999.000
202607212154,   0.212,   1.958,9999.000,9999.000,9999.000,9999.000,9999.000,9999.000,9999.000
202607212200,   0.205,   1.948,   0.900,   0.843,   1.948,   0.800,   1.848,   1.000,   2.048
202607212206,   0.197,   1.938,9999.000,9999.000,9999.000,9999.000,9999.000,9999.000,9999.000
202607212212,   0.190,   1.938,9999.000,9999.000,9999.000,9999.000,9999.000,9999.000,9999.000
202607212218,   0.183,   1.958,9999.000,9999.000,9999.000,9999.000,9999.000,9999.000,9999.000
202607212224,   0.176,   1.938,9999.000,9999.000,9999.000,9999.000,9999.000,9999.000,9999.000
202607212230,   0.169,   1.948,9999.000,9999.000,9999.000,9999.000,9999.000,9999.000,9999.000
202607212236,   0.162,   1.948,9999.000,9999.000,9999.000,9999.000,9999.000,9999.000,9999.000
202607212242,   0.156,   1.938,9999.000,9999.000,9999.000,9999.000,9999.000,9999.000,9999.000
202607212248,   0.150,   1.958,9999.000,9999.000,9999.000,9999.000,9999.000,9999.000,9999.000
202607212254,   0.143,   1.967,9999.000,9999.000,9999.000,9999.000,9999.000,9999.000,9999.000
202607212300,   0.137,   1.958,   0.900,   0.921,   1.958,   0.800,   1.858,   1.000,   2.058
202607212306,   0.132,   1.967,9999.000,9999.000,9999.000,9999.000,9999.000,9999.000,9999.000
202607212312,   0.126,   1.990,9999.000,9999.000,9999.000,9999.000,9999.000,9999.000,9999.000
202607212318,   0.120,   1.990,9999.000,9999.000,9999.000,9999.000,9999.000,9999.000,9999.000
202607212324,   0.115,   1.981,9999.000,9999.000,9999.000,9999.000,9999.000,9999.000,9999.000
202607212330,   0.110,   1.981,9999.000,9999.000,9999.000,9999.000,9999.000,9999.000,9999.000
202607212336,   0.105,   2.000,9999.000,9999.000,9999.000,9999.000,9999.000,9999.000,9999.000
202607212342,   0.100,   2.000,9999.000,9999.000,9999.000,9999.000,9999.000,9999.000,9999.000
202607212348,   0.095,   2.030,9999.000,9999.000,9999.000,9999.000,9999.000,9999.000,9999.000
202607212354,   0.091,   2.040,9999.000,9999.000,9999.000,9999.000,9999.000,9999.000,9999.000
202607220000,   0.086,   2.059,   1.000,   0.973,   2.059,   0.900,   1.959,   1.000,   2.059
202607220006,   0.082,   2.069,9999.000,9999.000,9999.000,9999.000,9999.000,9999.000,9999.000
202607220012,   0.079,   2.109,9999.000,9999.000,9999.000,9999.000,9999.000,9999.000,9999.000
202607220018,   0.075,   2.128,9999.000,9999.000,9999.000,9999.000,9999.000,9999.000,9999.000
202607220024,   0.071,   2.148,9999.000,9999.000,9999.000,9999.000,9999.000,9999.000,9999.000
202607220030,   0.068,   2.177,9999.000,9999.000,9999.000,9999.000,9999.000,9999.000,9999.000
202607220036,   0.065,   2.191,9999.000,9999.000,9999.000,9999.000,9999.000,9999.000,9999.000
202607220042,   0.063,   2.240,9999.000,9999.000,9999.000,9999.000,9999.000,9999.000,9999.000
202607220048,   0.060,   2.299,9999.000,9999.000,9999.000,9999.000,9999.000,9999.000,9999.000
202607220054,   0.058,   2.318,9999.000,9999.000,9999.000,9999.000,9999.000,9999.000,9999.000
202607220100,   0.056,   2.318,   1.000,   1.262,   2.318,   1.000,   2.318,   1.000,   2.318
202607220106,   0.055,   2.368,9999.000,9999.000,9999.000,9999.000,9999.000,9999.000,9999.000
202607220112,   0.053,   2.400,9999.000,9999.000,9999.000,9999.000,9999.000,9999.000,9999.000
202607220118,   0.052,   2.440,9999.000,9999.000,9999.000,9999.000,9999.000,9999.000,9999.000
202607220124,   0.052,   2.489,9999.000,9999.000,9999.000,9999.000,9999.000,9999.000,9999.000
202607220130,   0.051,   2.578,9999.000,9999.000,9999.000,9999.000,9999.000,9999.000,9999.000
202607220136,   0.051,   2.630,9999.000,9999.000,9999.000,9999.000,9999.000,9999.000,9999.000
202607220142,   0.051,   2.728,9999.000,9999.000,9999.000,9999.000,9999.000,9999.000,9999.000
202607220148,   0.052,   2.768,9999.000,9999.000,9999.000,9999.000,9999.000,9999.000,9999.000
202607220154,   0.052,   2.778,9999.000,9999.000,9999.000,9999.000,9999.000,9999.000,9999.000
202607220200,   0.053,   2.830,   1.000,   1.777,   2.830,   1.000,   2.830,   1.100,   2.930
202607220206,   0.055,   2.899,9999.000,9999.000,9999.000,9999.000,9999.000,9999.000,9999.000
202607220212,   0.056,   2.948,9999.000,9999.000,9999.000,9999.000,9999.000,9999.000,9999.000
202607220218,   0.058,   2.988,9999.000,9999.000,9999.000,9999.000,9999.000,9999.000,9999.000
202607220224,   0.060,   2.938,9999.000,9999.000,9999.000,9999.000,9999.000,9999.000,9999.000
202607220230,   0.063,   2.958,9999.000,9999.000,9999.000,9999.000,9999.000,9999.000,9999.000
202607220236,   0.065,   2.938,9999.000,9999.000,9999.000,9999.000,9999.000,9999.000,9999.000
202607220242,   0.068,   2.899,9999.000,9999.000,9999.000,9999.000,9999.000,9999.000,9999.000
202607220248,   0.072,   2.840,9999.000,9999.000,9999.000,9999.000,9999.000,9999.000,9999.000
202607220254,   0.076,   2.830,9999.000,9999.000,9999.000,9999.000,9999.000,9999.000,9999.000
202607220300,   0.080,   2.840,   1.000,   1.760,   2.840,   1.000,   2.840,   1.100,   2.940
202607220306,   0.084,   2.860,9999.000,9999.000,9999.000,9999.000,9999.000,9999.000,9999.000
202607220312,   0.089,   2.879,9999.000,9999.000,9999.000,9999.000,9999.000,9999.000,9999.000
202607220318,   0.094,   2.879,9999.000,9999.000,9999.000,9999.000,9999.000,9999.000,9999.000
202607220324,   0.100,   2.929,9999.000,9999.000,9999.000,9999.000,9999.000,9999.000,9999.000
202607220330,   0.106,   2.929,9999.000,9999.000,9999.000,9999.000,9999.000,9999.000,9999.000
202607220336,   0.112,   2.958,9999.000,9999.000,9999.000,9999.000,9999.000,9999.000,9999.000
202607220342,   0.119,   2.997,9999.000,9999.000,9999.000,9999.000,9999.000,9999.000,9999.000
202607220348,   0.126,   3.050,9999.000,9999.000,9999.000,9999.000,9999.000,9999.000,9999.000
202607220354,   0.133,   3.060,9999.000,9999.000,9999.000,9999.000,9999.000,9999.000,9999.000
202607220400,   0.141,   3.129,   1.000,   1.988,   3.129,   1.000,   3.129,   1.100,   3.229
202607220406,   0.150,   3.099,9999.000,9999.000,9999.000,9999.000,9999.000,9999.000,9999.000
202607220412,   0.159,   3.109,9999.000,9999.000,9999.000,9999.000,9999.000,9999.000,9999.000
202607220418,   0.168,   3.138,9999.000,9999.000,9999.000,9999.000,9999.000,9999.000,9999.000
202607220424,   0.178,   3.138,9999.000,9999.000,9999.000,9999.000,9999.000,9999.000,9999.000
202607220430,   0.188,   3.158,9999.000,9999.000,9999.000,9999.000,9999.000,9999.000,9999.000
202607220436,   0.199,   3.178,9999.000,9999.000,9999.000,9999.000,9999.000,9999.000,9999.000
202607220442,   0.210,   3.188,9999.000,9999.000,9999.000,9999.000,9999.000,9999.000,9999.000
202607220448,   0.221,   3.207,9999.000,9999.000,9999.000,9999.000,9999.000,9999.000,9999.000
202607220454,   0.233,   3.197,9999.000,9999.000,9999.000,9999.000,9999.000,9999.000,9999.000
202607220500,   0.245,   3.207,   1.100,   1.862,   3.207,   1.000,   3.107,   1.100,   3.207
202607220506,   0.257,   3.168,9999.000,9999.000,9999.000,9999.000,9999.000,9999.000,9999.000
202607220512,   0.270,   3.178,9999.000,9999.000,9999.000,9999.000,9999.000,9999.000,9999.000
202607220518,   0.283,   3.168,9999.000,9999.000,9999.000,9999.000,9999.000,9999.000,9999.000
202607220524,   0.296,   3.168,9999.000,9999.000,9999.000,9999.000,9999.000,9999.000,9999.000
202607220530,   0.310,   3.158,9999.000,9999.000,9999.000,9999.000,9999.000,9999.000,9999.000
202607220536,   0.323,   3.188,9999.000,9999.000,9999.000,9999.000,9999.000,9999.000,9999.000
202607220542,   0.337,   3.168,9999.000,9999.000,9999.000,9999.000,9999.000,9999.000,9999.000
202607220548,   0.351,   3.168,9999.000,9999.000,9999.000,9999.000,9999.000,9999.000,9999.000
202607220554,   0.365,   3.197,9999.000,9999.000,9999.000,9999.000,9999.000,9999.000,9999.000
202607220600,   0.379,   3.188,   1.100,   1.709,   3.188,   1.000,   3.088,   1.200,   3.288
202607220606,   0.393,   3.207,9999.000,9999.000,9999.000,9999.000,9999.000,9999.000,9999.000
202607220612,   0.407,   3.217,9999.000,9999.000,9999.000,9999.000,9999.000,9999.000,9999.000
202607220618,   0.422,   3.230,9999.000,9999.000,9999.000,9999.000,9999.000,9999.000,9999.000
202607220624,   0.436,   3.250,9999.000,9999.000,9999.000,9999.000,9999.000,9999.000,9999.000
202607220630,   0.450,   3.260,9999.000,9999.000,9999.000,9999.000,9999.000,9999.000,9999.000
202607220636,   0.464,   3.289,9999.000,9999.000,9999.000,9999.000,9999.000,9999.000,9999.000
202607220642,   0.478,   3.319,9999.000,9999.000,9999.000,9999.000,9999.000,9999.000,9999.000
202607220648,   0.492,   3.339,9999.000,9999.000,9999.000,9999.000,9999.000,9999.000,9999.000
202607220654,   0.506,   3.358,9999.000,9999.000,9999.000,9999.000,9999.000,9999.000,9999.000
202607220700,   0.520,   3.398,   1.100,   1.778,   3.398,   1.100,   3.398,   1.200,   3.498
202607220706,   0.534,   3.398,9999.000,9999.000,9999.000,9999.000,9999.000,9999.000,9999.000
202607220712,   0.547,   3.427,9999.000,9999.000,9999.000,9999.000,9999.000,9999.000,9999.000
202607220718,   0.561,   3.440,9999.000,9999.000,9999.000,9999.000,9999.000,9999.000,9999.000
202607220724,   0.575,   3.440,9999.000,9999.000,9999.000,9999.000,9999.000,9999.000,9999.000
202607220730,   0.588,   3.480,9999.000,9999.000,9999.000,9999.000,9999.000,9999.000,9999.000
202607220736,   0.602,   3.529,9999.000,9999.000,9999.000,9999.000,9999.000,9999.000,9999.000
202607220742,   0.615,   3.558,9999.000,9999.000,9999.000,9999.000,9999.000,9999.000,9999.000
202607220748,   0.629,   3.578,9999.000,9999.000,9999.000,9999.000,9999.000,9999.000,9999.000
202607220754,   0.642,   3.607,9999.000,9999.000,9999.000,9999.000,9999.000,9999.000,9999.000
202607220800,   0.656,   3.627,   1.100,   1.871,   3.627,   1.100,   3.627,   1.200,   3.727
202607220806,   0.670,   3.650,9999.000,9999.000,9999.000,9999.000,9999.000,9999.000,9999.000
202607220812,   0.684,   3.670,9999.000,9999.000,9999.000,9999.000,9999.000,9999.000,9999.000
202607220818,   0.697,   3.670,9999.000,9999.000,9999.000,9999.000,9999.000,9999.000,9999.000
202607220824,   0.711,   3.709,9999.000,9999.000,9999.000,9999.000,9999.000,9999.000,9999.000
202607220830,   0.725,   3.709,9999.000,9999.000,9999.000,9999.000,9999.000,9999.000,9999.000
202607220836,   0.739,   3.788,9999.000,9999.000,9999.000,9999.000,9999.000,9999.000,9999.000
202607220842,   0.754,   3.778,9999.000,9999.000,9999.000,9999.000,9999.000,9999.000,9999.000
202607220848,   0.768,   3.827,9999.000,9999.000,9999.000,9999.000,9999.000,9999.000,9999.000
202607220854,   0.783,   3.880,9999.000,9999.000,9999.000,9999.000,9999.000,9999.000,9999.000
202607220900,   0.797,   3.909,   1.200,   1.912,   3.909,   1.100,   3.809,   1.300,   4.009
202607220906,   0.812,   3.890,9999.000,9999.000,9999.000,9999.000,9999.000,9999.000,9999.000
202607220912,   0.827,   3.958,9999.000,9999.000,9999.000,9999.000,9999.000,9999.000,9999.000
202607220918,   0.842,   3.958,9999.000,9999.000,9999.000,9999.000,9999.000,9999.000,9999.000
202607220924,   0.857,   3.998,9999.000,9999.000,9999.000,9999.000,9999.000,9999.000,9999.000
202607220930,   0.872,   3.998,9999.000,9999.000,9999.000,9999.000,9999.000,9999.000,9999.000
202607220936,   0.888,   4.027,9999.000,9999.000,9999.000,9999.000,9999.000,9999.000,9999.000
202607220942,   0.903,   4.037,9999.000,9999.000,9999.000,9999.000,9999.000,9999.000,9999.000
202607220948,   0.918,   4.057,9999.000,9999.000,9999.000,9999.000,9999.000,9999.000,9999.000
202607220954,   0.934,   4.037,9999.000,9999.000,9999.000,9999.000,9999.000,9999.000,9999.000
202607221000,   0.949,   4.090,   1.200,   1.941,   4.090,   1.100,   3.990,   1.300,   4.190
202607221006,   0.965,   4.080,9999.000,9999.000,9999.000,9999.000,9999.000,9999.000,9999.000
202607221012,   0.980,   4.109,9999.000,9999.000,9999.000,9999.000,9999.000,9999.000,9999.000
202607221018,   0.995,   4.159,9999.000,9999.000,9999.000,9999.000,9999.000,9999.000,9999.000
202607221024,   1.011,   4.159,9999.000,9999.000,9999.000,9999.000,9999.000,9999.000,9999.000
202607221030,   1.026,   4.149,9999.000,9999.000,9999.000,9999.000,9999.000,9999.000,9999.000
202607221036,   1.041,   4.139,9999.000,9999.000,9999.000,9999.000,9999.000,9999.000,9999.000
202607221042,   1.056,   4.168,9999.000,9999.000,9999.000,9999.000,9999.000,9999.000,9999.000
202607221048,   1.070,   4.188,9999.000,9999.000,9999.000,9999.000,9999.000,9999.000,9999.000
202607221054,   1.085,   4.208,9999.000,9999.000,9999.000,9999.000,9999.000,9999.000,9999.000
202607221100,   1.099,   4.188,   1.200,   1.889,   4.188,   1.100,   4.088,   1.300,   4.288
202607221106,   1.113,   4.218,9999.000,9999.000,9999.000,9999.000,9999.000,9999.000,9999.000
202607221112,   1.127,   4.198,9999.000,9999.000,9999.000,9999.000,9999.000,9999.000,9999.000
202607221118,   1.141,   4.208,9999.000,9999.000,9999.000,9999.000,9999.000,9999.000,9999.000
202607221124,   1.154,   4.227,9999.000,9999.000,9999.000,9999.000,9999.000,9999.000,9999.000
202607221130,   1.167,   4.208,9999.000,9999.000,9999.000,9999.000,9999.000,9999.000,9999.000
202607221136,   1.179,   4.218,9999.000,9999.000,9999.000,9999.000,9999.000,9999.000,9999.000
202607221142,   1.192,   4.227,9999.000,9999.000,9999.000,9999.000,9999.000,9999.000,9999.000
202607221148,   1.204,   4.237,9999.000,9999.000,9999.000,9999.000,9999.000,9999.000,9999.000
202607221154,   1.215,   4.257,9999.000,9999.000,9999.000,9999.000,9999.000,9999.000,9999.000
202607221200,   1.226,   4.257,   1.200,   1.831,   4.257,   1.100,   4.157,   1.300,   4.357
202607221206,   1.237,   4.247,9999.000,9999.000,9999.000,9999.000,9999.000,9999.000,9999.000
202607221212,   1.247,   4.290,9999.000,9999.000,9999.000,9999.000,9999.000,9999.000,9999.000
202607221218,   1.257,   4.280,9999.000,9999.000,9999.000,9999.000,9999.000,9999.000,9999.000
202607221224,   1.266,   4.309,9999.000,9999.000,9999.000,9999.000,9999.000,9999.000,9999.000
202607221230,   1.275,   4.339,9999.000,9999.000,9999.000,9999.000,9999.000,9999.000,9999.000
202607221236,   1.283,   4.359,9999.000,9999.000,9999.000,9999.000,9999.000,9999.000,9999.000
202607221242,   1.291,   4.359,9999.000,9999.000,9999.000,9999.000,9999.000,9999.000,9999.000
202607221248,   1.298,   4.378,9999.000,9999.000,9999.000,9999.000,9999.000,9999.000,9999.000
202607221254,   1.305,   4.418,9999.000,9999.000,9999.000,9999.000,9999.000,9999.000,9999.000
202607221300,   1.311,   4.398,   1.200,   1.887,   4.398,   1.100,   4.298,   1.300,   4.498
202607221306,   1.316,   4.447,9999.000,9999.000,9999.000,9999.000,9999.000,9999.000,9999.000
202607221312,   1.321,   4.447,9999.000,9999.000,9999.000,9999.000,9999.000,9999.000,9999.000
202607221318,   1.325,   4.437,9999.000,9999.000,9999.000,9999.000,9999.000,9999.000,9999.000
202607221324,   1.328,   4.408,9999.000,9999.000,9999.000,9999.000,9999.000,9999.000,9999.000
202607221330,   1.331,   4.437,9999.000,9999.000,9999.000,9999.000,9999.000,9999.000,9999.000
202607221336,   1.332,   4.447,9999.000,9999.000,9999.000,9999.000,9999.000,9999.000,9999.000
202607221342,   1.334,   4.427,9999.000,9999.000,9999.000,9999.000,9999.000,9999.000,9999.000
202607221348,   1.334,   4.418,9999.000,9999.000,9999.000,9999.000,9999.000,9999.000,9999.000
202607221354,   1.333,   4.427,9999.000,9999.000,9999.000,9999.000,9999.000,9999.000,9999.000
202607221400,   1.332,   4.427,   1.200,   1.895,   4.427,   1.100,   4.327,   1.300,   4.527
202607221406,   1.330,   4.378,9999.000,9999.000,9999.000,9999.000,9999.000,9999.000,9999.000
202607221412,   1.328,   4.398,9999.000,9999.000,9999.000,9999.000,9999.000,9999.000,9999.000
202607221418,   1.324,   4.349,9999.000,9999.000,9999.000,9999.000,9999.000,9999.000,9999.000
202607221424,   1.320,   4.349,9999.000,9999.000,9999.000,9999.000,9999.000,9999.000,9999.000
202607221430,   1.314,   4.368,9999.000,9999.000,9999.000,9999.000,9999.000,9999.000,9999.000
202607221436,   1.309,   4.290,9999.000,9999.000,9999.000,9999.000,9999.000,9999.000,9999.000
202607221442,   1.302,   4.290,9999.000,9999.000,9999.000,9999.000,9999.000,9999.000,9999.000
202607221448,   1.294,   4.257,9999.000,9999.000,9999.000,9999.000,9999.000,9999.000,9999.000
202607221454,   1.286,   4.257,9999.000,9999.000,9999.000,9999.000,9999.000,9999.000,9999.000
202607221500,   1.277,   4.218,   1.200,   1.741,   4.218,   1.100,   4.118,   1.300,   4.318
202607221506,   1.268,   4.227,9999.000,9999.000,9999.000,9999.000,9999.000,9999.000,9999.000
202607221512,   1.258,   4.227,9999.000,9999.000,9999.000,9999.000,9999.000,9999.000,9999.000
202607221518,   1.247,   4.218,9999.000,9999.000,9999.000,9999.000,9999.000,9999.000,9999.000
202607221524,   1.236,   4.208,9999.000,9999.000,9999.000,9999.000,9999.000,9999.000,9999.000
202607221530,   1.224,   4.198,9999.000,9999.000,9999.000,9999.000,9999.000,9999.000,9999.000
202607221536,   1.211,   4.237,9999.000,9999.000,9999.000,9999.000,9999.000,9999.000,9999.000
202607221542,   1.198,   4.237,9999.000,9999.000,9999.000,9999.000,9999.000,9999.000,9999.000
202607221548,   1.185,   4.227,9999.000,9999.000,9999.000,9999.000,9999.000,9999.000,9999.000
202607221554,   1.171,   4.208,9999.000,9999.000,9999.000,9999.000,9999.000,9999.000,9999.000
202607221600,   1.157,   4.218,   1.200,   1.861,   4.218,   1.100,   4.118,   1.300,   4.318
202607221606,   1.142,   4.218,9999.000,9999.000,9999.000,9999.000,9999.000,9999.000,9999.000
202607221612,   1.128,   4.247,9999.000,9999.000,9999.000,9999.000,9999.000,9999.000,9999.000
202607221618,   1.113,   4.237,9999.000,9999.000,9999.000,9999.000,9999.000,9999.000,9999.000
202607221624,   1.097,   4.227,9999.000,9999.000,9999.000,9999.000,9999.000,9999.000,9999.000
202607221630,   1.082,   4.237,9999.000,9999.000,9999.000,9999.000,9999.000,9999.000,9999.000
202607221636,   1.066,   4.280,9999.000,9999.000,9999.000,9999.000,9999.000,9999.000,9999.000
202607221642,   1.050,   4.257,9999.000,9999.000,9999.000,9999.000,9999.000,9999.000,9999.000
202607221648,   1.034,   4.227,9999.000,9999.000,9999.000,9999.000,9999.000,9999.000,9999.000
202607221654,   1.018,   4.218,9999.000,9999.000,9999.000,9999.000,9999.000,9999.000,9999.000
202607221700,   1.001,   4.218,   1.200,   2.017,   4.218,   1.100,   4.118,   1.300,   4.318
202607221706,   0.985,   4.237,9999.000,9999.000,9999.000,9999.000,9999.000,9999.000,9999.000
202607221712,   0.969,   4.188,9999.000,9999.000,9999.000,9999.000,9999.000,9999.000,9999.000
202607221718,   0.952,   4.198,9999.000,9999.000,9999.000,9999.000,9999.000,9999.000,9999.000
202607221724,   0.935,   4.237,9999.000,9999.000,9999.000,9999.000,9999.000,9999.000,9999.000
202607221730,   0.919,   4.218,9999.000,9999.000,9999.000,9999.000,9999.000,9999.000,9999.000
202607221736,   0.902,   4.227,9999.000,9999.000,9999.000,9999.000,9999.000,9999.000,9999.000
202607221742,   0.885,   4.257,9999.000,9999.000,9999.000,9999.000,9999.000,9999.000,9999.000
202607221748,   0.868,   4.227,9999.000,9999.000,9999.000,9999.000,9999.000,9999.000,9999.000
202607221754,   0.851,   4.247,9999.000,9999.000,9999.000,9999.000,9999.000,9999.000,9999.000
202607221800,   0.834,   4.267,   1.200,   2.233,   4.267,   1.100,   4.167,   1.300,   4.367
202607221806,   0.816,   4.257,9999.000,9999.000,9999.000,9999.000,9999.000,9999.000,9999.000
202607221812,   0.799,   4.300,9999.000,9999.000,9999.000,9999.000,9999.000,9999.000,9999.000
202607221818,   0.782,   4.290,9999.000,9999.000,9999.000,9999.000,9999.000,9999.000,9999.000
202607221824,   0.764,   4.267,9999.000,9999.000,9999.000,9999.000,9999.000,9999.000,9999.000
202607221830,   0.747,   4.280,9999.000,9999.000,9999.000,9999.000,9999.000,9999.000,9999.000
202607221836,   0.729,   4.257,9999.000,9999.000,9999.000,9999.000,9999.000,9999.000,9999.000
202607221842,   0.711,   4.280,9999.000,9999.000,9999.000,9999.000,9999.000,9999.000,9999.000
202607221848,   0.694,   4.290,9999.000,9999.000,9999.000,9999.000,9999.000,9999.000,9999.000
202607221854,   0.676,   4.339,9999.000,9999.000,9999.000,9999.000,9999.000,9999.000,9999.000
202607221900,   0.658,   4.349,   1.200,   2.491,   4.349,   1.100,   4.249,   1.400,   4.549
202607221906,   0.640,   4.408,9999.000,9999.000,9999.000,9999.000,9999.000,9999.000,9999.000
202607221912,   0.622,   4.437,9999.000,9999.000,9999.000,9999.000,9999.000,9999.000,9999.000
202607221918,   0.605,   4.539,9999.000,9999.000,9999.000,9999.000,9999.000,9999.000,9999.000
202607221924,   0.587,   4.578,9999.000,9999.000,9999.000,9999.000,9999.000,9999.000,9999.000
202607221930,   0.569,   4.608,9999.000,9999.000,9999.000,9999.000,9999.000,9999.000,9999.000
202607221936,   0.551,   4.559,9999.000,9999.000,9999.000,9999.000,9999.000,9999.000,9999.000
202607221942,   0.534,   4.509,9999.000,9999.000,9999.000,9999.000,9999.000,9999.000,9999.000
202607221948,   0.516,   4.509,9999.000,9999.000,9999.000,9999.000,9999.000,9999.000,9999.000
202607221954,   0.499,   4.408,9999.000,9999.000,9999.000,9999.000,9999.000,9999.000,9999.000
202607222000,   0.481,   4.339,   1.300,   2.558,   4.339,   1.100,   4.139,   1.600,   4.639
202607222006,   0.464,   4.257,9999.000,9999.000,9999.000,9999.000,9999.000,9999.000,9999.000
202607222012,   0.447,   4.227,9999.000,9999.000,9999.000,9999.000,9999.000,9999.000,9999.000
202607222018,   0.430,   4.168,9999.000,9999.000,9999.000,9999.000,9999.000,9999.000,9999.000
202607222024,   0.414,   4.109,9999.000,9999.000,9999.000,9999.000,9999.000,9999.000,9999.000
202607222030,   0.397,   4.057,9999.000,9999.000,9999.000,9999.000,9999.000,9999.000,9999.000
202607222036,   0.381,   4.070,9999.000,9999.000,9999.000,9999.000,9999.000,9999.000,9999.000
202607222042,   0.365,   4.037,9999.000,9999.000,9999.000,9999.000,9999.000,9999.000,9999.000
202607222048,   0.350,   4.017,9999.000,9999.000,9999.000,9999.000,9999.000,9999.000,9999.000
202607222054,   0.334,   3.988,9999.000,9999.000,9999.000,9999.000,9999.000,9999.000,9999.000
202607222100,   0.319,   3.939,   1.300,   2.320,   3.939,   1.200,   3.839,   1.600,   4.239
202607222106,   0.304,   3.939,9999.000,9999.000,9999.000,9999.000,9999.000,9999.000,9999.000
202607222112,   0.289,   3.939,9999.000,9999.000,9999.000,9999.000,9999.000,9999.000,9999.000
202607222118,   0.275,   3.919,9999.000,9999.000,9999.000,9999.000,9999.000,9999.000,9999.000
202607222124,   0.261,   3.919,9999.000,9999.000,9999.000,9999.000,9999.000,9999.000,9999.000
202607222130,   0.247,   3.958,9999.000,9999.000,9999.000,9999.000,9999.000,9999.000,9999.000
202607222136,   0.233,   3.998,9999.000,9999.000,9999.000,9999.000,9999.000,9999.000,9999.000
202607222142,   0.220,   4.037,9999.000,9999.000,9999.000,9999.000,9999.000,9999.000,9999.000
202607222148,   0.207,   4.080,9999.000,9999.000,9999.000,9999.000,9999.000,9999.000,9999.000
202607222154,   0.194,   4.099,9999.000,9999.000,9999.000,9999.000,9999.000,9999.000,9999.000
202607222200,   0.181,   4.109,   1.400,   2.528,   4.109,   1.200,   3.909,   1.600,   4.309
202607222206,   0.169,   4.099,9999.000,9999.000,9999.000,9999.000,9999.000,9999.000,9999.000
202607222212,   0.156,   4.099,9999.000,9999.000,9999.000,9999.000,9999.000,9999.000,9999.000
202607222218,   0.144,   4.099,9999.000,9999.000,9999.000,9999.000,9999.000,9999.000,9999.000
202607222224,   0.133,   4.119,9999.000,9999.000,9999.000,9999.000,9999.000,9999.000,9999.000
202607222230,   0.121,   4.129,9999.000,9999.000,9999.000,9999.000,9999.000,9999.000,9999.000
202607222236,   0.110,   4.129,9999.000,9999.000,9999.000,9999.000,9999.000,9999.000,9999.000
202607222242,   0.098,   4.119,9999.000,9999.000,9999.000,9999.000,9999.000,9999.000,9999.000
202607222248,   0.087,   4.109,9999.000,9999.000,9999.000,9999.000,9999.000,9999.000,9999.000
202607222254,   0.077,   4.070,9999.000,9999.000,9999.000,9999.000,9999.000,9999.000,9999.000
202607222300,   0.066,   4.017,   1.400,   2.551,   4.017,   1.200,   3.817,   1.700,   4.317
202607222306,   0.056,   3.968,9999.000,9999.000,9999.000,9999.000,9999.000,9999.000,9999.000
202607222312,   0.045,   3.949,9999.000,9999.000,9999.000,9999.000,9999.000,9999.000,9999.000
202607222318,   0.036,   3.890,9999.000,9999.000,9999.000,9999.000,9999.000,9999.000,9999.000
202607222324,   0.026,   3.827,9999.000,9999.000,9999.000,9999.000,9999.000,9999.000,9999.000
202607222330,   0.016,   3.778,9999.000,9999.000,9999.000,9999.000,9999.000,9999.000,9999.000
202607222336,   0.007,   3.729,9999.000,9999.000,9999.000,9999.000,9999.000,9999.000,9999.000
202607222342,  -0.001,   3.670,9999.000,9999.000,9999.000,9999.000,9999.000,9999.000,9999.000
202607222348,  -0.009,   3.617,9999.000,9999.000,9999.000,9999.000,9999.000,9999.000,9999.000
202607222354,  -0.018,   3.578,9999.000,9999.000,9999.000,9999.000,9999.000,9999.000,9999.000
202607230000,  -0.026,   3.509,   1.300,   2.235,   3.509,   1.200,   3.409,   1.600,   3.809
202607230006,  -0.034,   3.427,9999.000,9999.000,9999.000,9999.000,9999.000,9999.000,9999.000
202607230012,  -0.041,   3.368,9999.000,9999.000,9999.000,9999.000,9999.000,9999.000,9999.000
202607230018,  -0.048,   3.289,9999.000,9999.000,9999.000,9999.000,9999.000,9999.000,9999.000
202607230024,  -0.055,   3.230,9999.000,9999.000,9999.000,9999.000,9999.000,9999.000,9999.000
202607230030,  -0.062,   3.168,9999.000,9999.000,9999.000,9999.000,9999.000,9999.000,9999.000
202607230036,  -0.068,   3.129,9999.000,9999.000,9999.000,9999.000,9999.000,9999.000,9999.000
202607230042,  -0.073,   3.109,9999.000,9999.000,9999.000,9999.000,9999.000,9999.000,9999.000
202607230048,  -0.079,   3.060,9999.000,9999.000,9999.000,9999.000,9999.000,9999.000,9999.000
202607230054,  -0.084,   3.007,9999.000,9999.000,9999.000,9999.000,9999.000,9999.000,9999.000
202607230100,  -0.089,   2.968,   1.300,   1.757,   2.968,   1.200,   2.868,   1.600,   3.268
202607230106,  -0.093,   2.958,9999.000,9999.000,9999.000,9999.000,9999.000,9999.000,9999.000
202607230112,  -0.097,   2.938,9999.000,9999.000,9999.000,9999.000,9999.000,9999.000,9999.000
202607230118,  -0.101,   2.929,9999.000,9999.000,9999.000,9999.000,9999.000,9999.000,9999.000
202607230124,  -0.104,   2.909,9999.000,9999.000,9999.000,9999.000,9999.000,9999.000,9999.000
202607230130,  -0.107,   2.899,9999.000,9999.000,9999.000,9999.000,9999.000,9999.000,9999.000
202607230136,  -0.110,   2.860,9999.000,9999.000,9999.000,9999.000,9999.000,9999.000,9999.000
202607230142,  -0.112,   2.830,9999.000,9999.000,9999.000,9999.000,9999.000,9999.000,9999.000
202607230148,  -0.114,   2.787,9999.000,9999.000,9999.000,9999.000,9999.000,9999.000,9999.000
202607230154,  -0.116,   2.758,9999.000,9999.000,9999.000,9999.000,9999.000,9999.000,9999.000
202607230200,  -0.117,   2.738,   1.300,   1.555,   2.738,   1.200,   2.638,   1.600,   3.038
202607230206,  -0.118,   2.728,9999.000,9999.000,9999.000,9999.000,9999.000,9999.000,9999.000
202607230212,  -0.118,   2.679,9999.000,9999.000,9999.000,9999.000,9999.000,9999.000,9999.000
202607230218,  -0.119,   2.650,9999.000,9999.000,9999.000,9999.000,9999.000,9999.000,9999.000
202607230224,  -0.118,   2.597,9999.000,9999.000,9999.000,9999.000,9999.000,9999.000,9999.000
202607230230,  -0.118,   2.538,9999.000,9999.000,9999.000,9999.000,9999.000,9999.000,9999.000
202607230236,  -0.117,   2.459,9999.000,9999.000,9999.000,9999.000,9999.000,9999.000,9999.000
202607230242,  -0.115,   2.410,9999.000,9999.000,9999.000,9999.000,9999.000,9999.000,9999.000
202607230248,  -0.114,   2.377,9999.000,9999.000,9999.000,9999.000,9999.000,9999.000,9999.000
202607230254,  -0.111,   2.368,9999.000,9999.000,9999.000,9999.000,9999.000,9999.000,9999.000
202607230300,  -0.109,   2.338,   1.400,   1.047,   2.338,   1.200,   2.138,   1.600,   2.538
202607230306,  -0.105,   2.289,9999.000,9999.000,9999.000,9999.000,9999.000,9999.000,9999.000
202607230312,  -0.102,   2.250,9999.000,9999.000,9999.000,9999.000,9999.000,9999.000,9999.000
202607230318,  -0.098,   2.191,9999.000,9999.000,9999.000,9999.000,9999.000,9999.000,9999.000
202607230324,  -0.093,   2.128,9999.000,9999.000,9999.000,9999.000,9999.000,9999.000,9999.000
202607230330,  -0.088,   2.079,9999.000,9999.000,9999.000,9999.000,9999.000,9999.000,9999.000
202607230336,  -0.082,   2.059,9999.000,9999.000,9999.000,9999.000,9999.000,9999.000,9999.000
202607230342,  -0.075,   2.059,9999.000,9999.000,9999.000,9999.000,9999.000,9999.000,9999.000
202607230348,  -0.068,   2.049,9999.000,9999.000,9999.000,9999.000,9999.000,9999.000,9999.000
202607230354,  -0.061,   2.040,9999.000,9999.000,9999.000,9999.000,9999.000,9999.000,9999.000
202607230400,  -0.052,   2.000,   1.400,   0.652,   2.000,   1.200,   1.800,   1.600,   2.200
202607230406,  -0.044,   1.958,9999.000,9999.000,9999.000,9999.000,9999.000,9999.000,9999.000
202607230412,  -0.034,   1.938,9999.000,9999.000,9999.000,9999.000,9999.000,9999.000,9999.000
202607230418,  -0.024,   1.928,9999.000,9999.000,9999.000,9999.000,9999.000,9999.000,9999.000
202607230424,  -0.013,   1.908,9999.000,9999.000,9999.000,9999.000,9999.000,9999.000,9999.000
202607230430,  -0.002,   1.889,9999.000,9999.000,9999.000,9999.000,9999.000,9999.000,9999.000
202607230436,   0.010,   1.899,9999.000,9999.000,9999.000,9999.000,9999.000,9999.000,9999.000
202607230442,   0.022,   1.918,9999.000,9999.000,9999.000,9999.000,9999.000,9999.000,9999.000
202607230448,   0.036,   1.889,9999.000,9999.000,9999.000,9999.000,9999.000,9999.000,9999.000
202607230454,   0.050,   1.879,9999.000,9999.000,9999.000,9999.000,9999.000,9999.000,9999.000
202607230500,   0.064,   1.849,   1.400,   0.385,   1.849,   1.200,   1.649,   1.600,   2.049
202607230506,   0.079,   1.859,9999.000,9999.000,9999.000,9999.000,9999.000,9999.000,9999.000
202607230512,   0.095,   1.849,9999.000,9999.000,9999.000,9999.000,9999.000,9999.000,9999.000
202607230518,   0.111,   1.830,9999.000,9999.000,9999.000,9999.000,9999.000,9999.000,9999.000
202607230524,   0.127,   1.781,9999.000,9999.000,9999.000,9999.000,9999.000,9999.000,9999.000
202607230530,   0.144,   1.781,9999.000,9999.000,9999.000,9999.000,9999.000,9999.000,9999.000
202607230536,   0.162,   1.748,9999.000,9999.000,9999.000,9999.000,9999.000,9999.000,9999.000
202607230542,   0.180,   1.781,9999.000,9999.000,9999.000,9999.000,9999.000,9999.000,9999.000
202607230548,   0.198,   1.810,9999.000,9999.000,9999.000,9999.000,9999.000,9999.000,9999.000
202607230554,   0.216,   1.849,9999.000,9999.000,9999.000,9999.000,9999.000,9999.000,9999.000
202607230600,   0.235,   1.859,   1.400,   0.224,   1.859,   1.200,   1.659,   1.600,   2.059
202607230606,   0.253,   1.859,9999.000,9999.000,9999.000,9999.000,9999.000,9999.000,9999.000
202607230612,   0.272,   1.889,9999.000,9999.000,9999.000,9999.000,9999.000,9999.000,9999.000
202607230618,   0.291,   1.899,9999.000,9999.000,9999.000,9999.000,9999.000,9999.000,9999.000
202607230624,   0.310,   1.918,9999.000,9999.000,9999.000,9999.000,9999.000,9999.000,9999.000
202607230630,   0.330,   1.948,9999.000,9999.000,9999.000,9999.000,9999.000,9999.000,9999.000
202607230636,   0.349,   1.967,9999.000,9999.000,9999.000,9999.000,9999.000,9999.000,9999.000
202607230642,   0.368,   1.958,9999.000,9999.000,9999.000,9999.000,9999.000,9999.000,9999.000
202607230648,   0.387,   2.000,9999.000,9999.000,9999.000,9999.000,9999.000,9999.000,9999.000
202607230654,   0.406,   2.030,9999.000,9999.000,9999.000,9999.000,9999.000,9999.000,9999.000
202607230700,   0.425,   2.030,   1.400,   0.205,   2.030,   1.200,   1.830,   1.500,   2.130
202607230706,   0.444,   2.030,9999.000,9999.000,9999.000,9999.000,9999.000,9999.000,9999.000
202607230712,   0.463,   2.040,9999.000,9999.000,9999.000,9999.000,9999.000,9999.000,9999.000
202607230718,   0.482,   2.079,9999.000,9999.000,9999.000,9999.000,9999.000,9999.000,9999.000
202607230724,   0.500,   2.118,9999.000,9999.000,9999.000,9999.000,9999.000,9999.000,9999.000
202607230730,   0.519,   2.128,9999.000,9999.000,9999.000,9999.000,9999.000,9999.000,9999.000
202607230736,   0.537,   2.118,9999.000,9999.000,9999.000,9999.000,9999.000,9999.000,9999.000
202607230742,   0.555,   2.128,9999.000,9999.000,9999.000,9999.000,9999.000,9999.000,9999.000
202607230748,   0.573,   2.148,9999.000,9999.000,9999.000,9999.000,9999.000,9999.000,9999.000
202607230754,   0.591,   2.191,9999.000,9999.000,9999.000,9999.000,9999.000,9999.000,9999.000
202607230800,   0.609,   2.210,   1.400,   0.201,   2.210,   1.300,   2.110,   1.500,   2.310
202607230806,   0.627,   2.230,9999.000,9999.000,9999.000,9999.000,9999.000,9999.000,9999.000
202607230812,   0.644,   2.240,9999.000,9999.000,9999.000,9999.000,9999.000,9999.000,9999.000
202607230818,   0.662,   2.259,9999.000,9999.000,9999.000,9999.000,9999.000,9999.000,9999.000
202607230824,   0.679,   2.279,9999.000,9999.000,9999.000,9999.000,9999.000,9999.000,9999.000
202607230830,   0.696,   2.289,9999.000,9999.000,9999.000,9999.000,9999.000,9999.000,9999.000
202607230836,   0.713,   2.309,9999.000,9999.000,9999.000,9999.000,9999.000,9999.000,9999.000
202607230842,   0.730,   2.338,9999.000,9999.000,9999.000,9999.000,9999.000,9999.000,9999.000
202607230848,   0.747,   2.368,9999.000,9999.000,9999.000,9999.000,9999.000,9999.000,9999.000
202607230854,   0.764,   2.400,9999.000,9999.000,9999.000,9999.000,9999.000,9999.000,9999.000
202607230900,   0.781,   2.430,   1.400,   0.249,   2.430,   1.200,   2.230,   1.400,   2.430
202607230906,   0.797,   2.450,9999.000,9999.000,9999.000,9999.000,9999.000,9999.000,9999.000
202607230912,   0.814,   2.469,9999.000,9999.000,9999.000,9999.000,9999.000,9999.000,9999.000
202607230918,   0.830,   2.499,9999.000,9999.000,9999.000,9999.000,9999.000,9999.000,9999.000
202607230924,   0.847,   2.528,9999.000,9999.000,9999.000,9999.000,9999.000,9999.000,9999.000
202607230930,   0.863,   2.538,9999.000,9999.000,9999.000,9999.000,9999.000,9999.000,9999.000
202607230936,   0.879,   2.558,9999.000,9999.000,9999.000,9999.000,9999.000,9999.000,9999.000
202607230942,   0.896,   2.578,9999.000,9999.000,9999.000,9999.000,9999.000,9999.000,9999.000
202607230948,   0.912,   2.610,9999.000,9999.000,9999.000,9999.000,9999.000,9999.000,9999.000
202607230954,   0.928,   2.620,9999.000,9999.000,9999.000,9999.000,9999.000,9999.000,9999.000
202607231000,   0.944,   2.640,   1.300,   0.396,   2.640,   1.200,   2.540,   1.400,   2.740
202607231006,   0.960,   2.660,9999.000,9999.000,9999.000,9999.000,9999.000,9999.000,9999.000
202607231012,   0.975,   2.679,9999.000,9999.000,9999.000,9999.000,9999.000,9999.000,9999.000
202607231018,   0.991,   2.689,9999.000,9999.000,9999.000,9999.000,9999.000,9999.000,9999.000
202607231024,   1.006,   2.699,9999.000,9999.000,9999.000,9999.000,9999.000,9999.000,9999.000
202607231030,   1.022,   2.709,9999.000,9999.000,9999.000,9999.000,9999.000,9999.000,9999.000
202607231036,   1.037,   2.719,9999.000,9999.000,9999.000,9999.000,9999.000,9999.000,9999.000
202607231042,   1.052,   2.728,9999.000,9999.000,9999.000,9999.000,9999.000,9999.000,9999.000
202607231048,   1.067,   2.738,9999.000,9999.000,9999.000,9999.000,9999.000,9999.000,9999.000
202607231054,   1.082,   2.758,9999.000,9999.000,9999.000,9999.000,9999.000,9999.000,9999.000
202607231100,   1.097,   2.768,   1.300,   0.371,   2.768,   1.200,   2.668,   1.400,   2.868
202607231106,   1.112,   2.778,9999.000,9999.000,9999.000,9999.000,9999.000,9999.000,9999.000
202607231112,   1.126,   2.787,9999.000,9999.000,9999.000,9999.000,9999.000,9999.000,9999.000
202607231118,   1.141,   2.797,9999.000,9999.000,9999.000,9999.000,9999.000,9999.000,9999.000
202607231124,   1.155,   2.807,9999.000,9999.000,9999.000,9999.000,9999.000,9999.000,9999.000
202607231130,   1.169,   2.820,9999.000,9999.000,9999.000,9999.000,9999.000,9999.000,9999.000
202607231136,   1.183,   2.820,9999.000,9999.000,9999.000,9999.000,9999.000,9999.000,9999.000
202607231142,   1.196,   2.830,9999.000,9999.000,9999.000,9999.000,9999.000,9999.000,9999.000
202607231148,   1.210,   2.820,9999.000,9999.000,9999.000,9999.000,9999.000,9999.000,9999.000
202607231154,   1.223,   2.820,9999.000,9999.000,9999.000,9999.000,9999.000,9999.000,9999.000
202607231200,   1.236,   2.830,   1.200,   0.394,   2.830,   1.100,   2.730,   1.300,   2.930
202607231206,   1.249,   2.820,9999.000,9999.000,9999.000,9999.000,9999.000,9999.000,9999.000
202607231212,   1.262,   2.820,9999.000,9999.000,9999.000,9999.000,9999.000,9999.000,9999.000
202607231218,   1.274,   2.807,9999.000,9999.000,9999.000,9999.000,9999.000,9999.000,9999.000
202607231224,   1.286,   2.830,9999.000,9999.000,9999.000,9999.000,9999.000,9999.000,9999.000
202607231230,   1.298,   2.830,9999.000,9999.000,9999.000,9999.000,9999.000,9999.000,9999.000
202607231236,   1.309,   2.830,9999.000,9999.000,9999.000,9999.000,9999.000,9999.000,9999.000
202607231242,   1.320,   2.830,9999.000,9999.000,9999.000,9999.000,9999.000,9999.000,9999.000
202607231248,   1.331,   2.840,9999.000,9999.000,9999.000,9999.000,9999.000,9999.000,9999.000
202607231254,   1.341,   2.840,9999.000,9999.000,9999.000,9999.000,9999.000,9999.000,9999.000
202607231300,   1.350,   2.830,   1.200,   0.280,   2.830,   1.100,   2.730,   1.300,   2.930
202607231306,   1.360,   2.840,9999.000,9999.000,9999.000,9999.000,9999.000,9999.000,9999.000
202607231312,   1.368,   2.840,9999.000,9999.000,9999.000,9999.000,9999.000,9999.000,9999.000
202607231318,   1.377,   2.850,9999.000,9999.000,9999.000,9999.000,9999.000,9999.000,9999.000
202607231324,   1.384,   2.850,9999.000,9999.000,9999.000,9999.000,9999.000,9999.000,9999.000
202607231330,   1.391,   2.840,9999.000,9999.000,9999.000,9999.000,9999.000,9999.000,9999.000
202607231336,   1.397,   2.850,9999.000,9999.000,9999.000,9999.000,9999.000,9999.000,9999.000
202607231342,   1.403,   2.850,9999.000,9999.000,9999.000,9999.000,9999.000,9999.000,9999.000
202607231348,   1.408,   2.850,9999.000,9999.000,9999.000,9999.000,9999.000,9999.000,9999.000
202607231354,   1.412,   2.840,9999.000,9999.000,9999.000,9999.000,9999.000,9999.000,9999.000
202607231400,   1.415,   2.840,   1.200,   0.225,   2.840,   1.100,   2.740,   1.300,   2.940
202607231406,   1.418,   2.840,9999.000,9999.000,9999.000,9999.000,9999.000,9999.000,9999.000
202607231412,   1.420,   2.830,9999.000,9999.000,9999.000,9999.000,9999.000,9999.000,9999.000
202607231418,   1.420,   2.830,9999.000,9999.000,9999.000,9999.000,9999.000,9999.000,9999.000
202607231424,   1.420,   2.830,9999.000,9999.000,9999.000,9999.000,9999.000,9999.000,9999.000
202607231430,   1.420,   2.820,9999.000,9999.000,9999.000,9999.000,9999.000,9999.000,9999.000
202607231436,   1.418,   2.807,9999.000,9999.000,9999.000,9999.000,9999.000,9999.000,9999.000
202607231442,   1.415,   2.807,9999.000,9999.000,9999.000,9999.000,9999.000,9999.000,9999.000
202607231448,   1.412,   2.820,9999.000,9999.000,9999.000,9999.000,9999.000,9999.000,9999.000
202607231454,   1.408,   2.820,9999.000,9999.000,9999.000,9999.000,9999.000,9999.000,9999.000
202607231500,   1.403,   2.807,   1.200,   0.204,   2.807,   1.100,   2.707,   1.200,   2.807
202607231506,   1.397,   2.830,9999.000,9999.000,9999.000,9999.000,9999.000,9999.000,9999.000
202607231512,   1.390,   2.830,9999.000,9999.000,9999.000,9999.000,9999.000,9999.000,9999.000
202607231518,   1.383,   2.787,9999.000,9999.000,9999.000,9999.000,9999.000,9999.000,9999.000
202607231524,   1.374,   2.728,9999.000,9999.000,9999.000,9999.000,9999.000,9999.000,9999.000
202607231530,   1.365,   2.738,9999.000,9999.000,9999.000,9999.000,9999.000,9999.000,9999.000
202607231536,   1.356,   2.719,9999.000,9999.000,9999.000,9999.000,9999.000,9999.000,9999.000
202607231542,   1.345,   2.738,9999.000,9999.000,9999.000,9999.000,9999.000,9999.000,9999.000
202607231548,   1.334,   2.768,9999.000,9999.000,9999.000,9999.000,9999.000,9999.000,9999.000
202607231554,   1.323,   2.768,9999.000,9999.000,9999.000,9999.000,9999.000,9999.000,9999.000
202607231600,   1.311,   2.709,   1.100,   0.298,   2.709,   1.100,   2.709,   1.200,   2.809
202607231606,   1.298,   2.689,9999.000,9999.000,9999.000,9999.000,9999.000,9999.000,9999.000
202607231612,   1.285,   2.669,9999.000,9999.000,9999.000,9999.000,9999.000,9999.000,9999.000
202607231618,   1.271,   2.669,9999.000,9999.000,9999.000,9999.000,9999.000,9999.000,9999.000
202607231624,   1.257,   2.660,9999.000,9999.000,9999.000,9999.000,9999.000,9999.000,9999.000
202607231630,   1.243,   2.650,9999.000,9999.000,9999.000,9999.000,9999.000,9999.000,9999.000
202607231636,   1.228,   2.630,9999.000,9999.000,9999.000,9999.000,9999.000,9999.000,9999.000
202607231642,   1.213,   2.630,9999.000,9999.000,9999.000,9999.000,9999.000,9999.000,9999.000
202607231648,   1.198,   2.620,9999.000,9999.000,9999.000,9999.000,9999.000,9999.000,9999.000
202607231654,   1.182,   2.610,9999.000,9999.000,9999.000,9999.000,9999.000,9999.000,9999.000
202607231700,   1.166,   2.558,   1.100,   0.292,   2.558,   1.000,   2.458,   1.200,   2.658
202607231706,   1.150,   2.548,9999.000,9999.000,9999.000,9999.000,9999.000,9999.000,9999.000
202607231712,   1.133,   2.528,9999.000,9999.000,9999.000,9999.000,9999.000,9999.000,9999.000
202607231718,   1.117,   2.509,9999.000,9999.000,9999.000,9999.000,9999.000,9999.000,9999.000
202607231724,   1.100,   2.499,9999.000,9999.000,9999.000,9999.000,9999.000,9999.000,9999.000
202607231730,   1.083,   2.499,9999.000,9999.000,9999.000,9999.000,9999.000,9999.000,9999.000
202607231736,   1.066,   2.499,9999.000,9999.000,9999.000,9999.000,9999.000,9999.000,9999.000
202607231742,   1.048,   2.459,9999.000,9999.000,9999.000,9999.000,9999.000,9999.000,9999.000
202607231748,   1.031,   2.400,9999.000,9999.000,9999.000,9999.000,9999.000,9999.000,9999.000
202607231754,   1.013,   2.410,9999.000,9999.000,9999.000,9999.000,9999.000,9999.000,9999.000
202607231800,   0.995,   2.440,   1.100,   0.345,   2.440,   1.000,   2.340,   1.100,   2.440
202607231806,   0.977,   2.400,9999.000,9999.000,9999.000,9999.000,9999.000,9999.000,9999.000
202607231812,   0.959,   2.368,9999.000,9999.000,9999.000,9999.000,9999.000,9999.000,9999.000
202607231818,   0.941,   2.328,9999.000,9999.000,9999.000,9999.000,9999.000,9999.000,9999.000
202607231824,   0.923,   2.338,9999.000,9999.000,9999.000,9999.000,9999.000,9999.000,9999.000
202607231830,   0.904,   2.358,9999.000,9999.000,9999.000,9999.000,9999.000,9999.000,9999.000
202607231836,   0.886,   2.358,9999.000,9999.000,9999.000,9999.000,9999.000,9999.000,9999.000
202607231842,   0.867,   2.348,9999.000,9999.000,9999.000,9999.000,9999.000,9999.000,9999.000
202607231848,   0.848,   2.348,9999.000,9999.000,9999.000,9999.000,9999.000,9999.000,9999.000
202607231854,   0.830,   2.358,9999.000,9999.000,9999.000,9999.000,9999.000,9999.000,9999.000
202607231900,   0.811,   2.338,   1.000,   0.527,   2.338,   0.900,   2.238,   1.100,   2.438
202607231906,   0.792,   2.299,9999.000,9999.000,9999.000,9999.000,9999.000,9999.000,9999.000
202607231912,   0.773,   2.279,9999.000,9999.000,9999.000,9999.000,9999.000,9999.000,9999.000
202607231918,   0.753,   2.269,9999.000,9999.000,9999.000,9999.000,9999.000,9999.000,9999.000
202607231924,   0.734,   2.279,9999.000,9999.000,9999.000,9999.000,9999.000,9999.000,9999.000
202607231930,   0.715,   2.289,9999.000,9999.000,9999.000,9999.000,9999.000,9999.000,9999.000
202607231936,   0.696,   2.299,9999.000,9999.000,9999.000,9999.000,9999.000,9999.000,9999.000
202607231942,   0.677,   2.289,9999.000,9999.000,9999.000,9999.000,9999.000,9999.000,9999.000
202607231948,   0.658,   2.240,9999.000,9999.000,9999.000,9999.000,9999.000,9999.000,9999.000
202607231954,   0.639,   2.191,9999.000,9999.000,9999.000,9999.000,9999.000,9999.000,9999.000
202607232000,   0.620,   2.138,   1.000,   0.518,   2.138,   0.900,   2.038,   1.100,   2.238
202607232006,   0.601,   2.118,9999.000,9999.000,9999.000,9999.000,9999.000,9999.000,9999.000
202607232012,   0.582,   2.069,9999.000,9999.000,9999.000,9999.000,9999.000,9999.000,9999.000
202607232018,   0.564,   2.040,9999.000,9999.000,9999.000,9999.000,9999.000,9999.000,9999.000
202607232024,   0.545,   2.020,9999.000,9999.000,9999.000,9999.000,9999.000,9999.000,9999.000
202607232030,   0.527,   2.000,9999.000,9999.000,9999.000,9999.000,9999.000,9999.000,9999.000
202607232036,   0.508,   1.981,9999.000,9999.000,9999.000,9999.000,9999.000,9999.000,9999.000
202607232042,   0.490,   1.948,9999.000,9999.000,9999.000,9999.000,9999.000,9999.000,9999.000
202607232048,   0.472,   1.938,9999.000,9999.000,9999.000,9999.000,9999.000,9999.000,9999.000
202607232054,   0.454,   1.928,9999.000,9999.000,9999.000,9999.000,9999.000,9999.000,9999.000
202607232100,   0.437,   1.928,   1.000,   0.491,   1.928,   0.900,   1.828,   1.100,   2.028
202607232106,   0.419,   1.899,9999.000,9999.000,9999.000,9999.000,9999.000,9999.000,9999.000
202607232112,   0.402,   1.889,9999.000,9999.000,9999.000,9999.000,9999.000,9999.000,9999.000
202607232118,   0.385,   1.859,9999.000,9999.000,9999.000,9999.000,9999.000,9999.000,9999.000
202607232124,   0.368,   1.849,9999.000,9999.000,9999.000,9999.000,9999.000,9999.000,9999.000
202607232130,   0.351,   1.849,9999.000,9999.000,9999.000,9999.000,9999.000,9999.000,9999.000
202607232136,   0.334,   1.810,9999.000,9999.000,9999.000,9999.000,9999.000,9999.000,9999.000
202607232142,   0.317,   1.767,9999.000,9999.000,9999.000,9999.000,9999.000,9999.000,9999.000
202607232148,   0.301,   1.758,9999.000,9999.000,9999.000,9999.000,9999.000,9999.000,9999.000
202607232154,   0.285,   1.767,9999.000,9999.000,9999.000,9999.000,9999.000,9999.000,9999.000
202607232200,   0.268,   1.767,   0.900,   0.599,   1.767,   0.900,   1.767,   1.000,   1.867
202607232206,   0.252,   1.748,9999.000,9999.000,9999.000,9999.000,9999.000,9999.000,9999.000
202607232212,   0.236,   1.718,9999.000,9999.000,9999.000,9999.000,9999.000,9999.000,9999.000
202607232218,   0.221,   1.679,9999.000,9999.000,9999.000,9999.000,9999.000,9999.000,9999.000
202607232224,   0.205,   1.679,9999.000,9999.000,9999.000,9999.000,9999.000,9999.000,9999.000
202607232230,   0.190,   1.669,9999.000,9999.000,9999.000,9999.000,9999.000,9999.000,9999.000
202607232236,   0.174,   1.630,9999.000,9999.000,9999.000,9999.000,9999.000,9999.000,9999.000
202607232242,   0.159,   1.630,9999.000,9999.000,9999.000,9999.000,9999.000,9999.000,9999.000
202607232248,   0.144,   1.590,9999.000,9999.000,9999.000,9999.000,9999.000,9999.000,9999.000
202607232254,   0.129,   1.580,9999.000,9999.000,9999.000,9999.000,9999.000,9999.000,9999.000
202607232300,   0.114,   1.571,   0.900,   0.557,   1.571,   0.900,   1.571,   1.000,   1.671
202607232306,   0.100,   1.548,9999.000,9999.000,9999.000,9999.000,9999.000,9999.000,9999.000
202607232312,   0.085,   1.518,9999.000,9999.000,9999.000,9999.000,9999.000,9999.000,9999.000
202607232318,   0.071,   1.518,9999.000,9999.000,9999.000,9999.000,9999.000,9999.000,9999.000
202607232324,   0.057,   1.479,9999.000,9999.000,9999.000,9999.000,9999.000,9999.000,9999.000
202607232330,   0.044,   1.459,9999.000,9999.000,9999.000,9999.000,9999.000,9999.000,9999.000
202607232336,   0.030,   1.420,9999.000,9999.000,9999.000,9999.000,9999.000,9999.000,9999.000
202607232342,   0.017,   1.410,9999.000,9999.000,9999.000,9999.000,9999.000,9999.000,9999.000
202607232348,   0.004,   1.390,9999.000,9999.000,9999.000,9999.000,9999.000,9999.000,9999.000
202607232354,  -0.008,   1.390,9999.000,9999.000,9999.000,9999.000,9999.000,9999.000,9999.000
202607240000,  -0.020,   1.361,   0.900,   0.481,   1.361,   0.900,   1.361,   0.900,   1.361
202607240006,  -0.032,   1.338,9999.000,9999.000,9999.000,9999.000,9999.000,9999.000,9999.000
202607240012,  -0.044,   1.328,9999.000,9999.000,9999.000,9999.000,9999.000,9999.000,9999.000
202607240018,  -0.055,   1.328,9999.000,9999.000,9999.000,9999.000,9999.000,9999.000,9999.000
202607240024,  -0.066,   1.308,9999.000,9999.000,9999.000,9999.000,9999.000,9999.000,9999.000
202607240030,  -0.077,   1.308,9999.000,9999.000,9999.000,9999.000,9999.000,9999.000,9999.000
202607240036,  -0.087,   1.298,9999.000,9999.000,9999.000,9999.000,9999.000,9999.000,9999.000
202607240042,  -0.097,   1.279,9999.000,9999.000,9999.000,9999.000,9999.000,9999.000,9999.000
202607240048,  -0.106,   1.269,9999.000,9999.000,9999.000,9999.000,9999.000,9999.000,9999.000
202607240054,  -0.115,   1.249,9999.000,9999.000,9999.000,9999.000,9999.000,9999.000,9999.000
202607240100,  -0.124,   1.229,   0.900,   0.453,   1.229,   0.900,   1.229,   0.900,   1.229
202607240106,  -0.132,   1.210,9999.000,9999.000,9999.000,9999.000,9999.000,9999.000,9999.000
202607240112,  -0.140,   1.190,9999.000,9999.000,9999.000,9999.000,9999.000,9999.000,9999.000
202607240118,  -0.148,   1.180,9999.000,9999.000,9999.000,9999.000,9999.000,9999.000,9999.000
202607240124,  -0.155,   1.170,9999.000,9999.000,9999.000,9999.000,9999.000,9999.000,9999.000
202607240130,  -0.162,   1.151,9999.000,9999.000,9999.000,9999.000,9999.000,9999.000,9999.000
202607240136,  -0.169,   1.138,9999.000,9999.000,9999.000,9999.000,9999.000,9999.000,9999.000
202607240142,  -0.175,   1.118,9999.000,9999.000,9999.000,9999.000,9999.000,9999.000,9999.000
202607240148,  -0.181,   1.108,9999.000,9999.000,9999.000,9999.000,9999.000,9999.000,9999.000
202607240154,  -0.186,   1.088,9999.000,9999.000,9999.000,9999.000,9999.000,9999.000,9999.000
202607240200,  -0.191,   1.079,   0.900,   0.370,   1.079,   0.900,   1.079,   0.900,   1.079
202607240206,  -0.196,   1.079,9999.000,9999.000,9999.000,9999.000,9999.000,9999.000,9999.000
202607240212,  -0.200,   1.059,9999.000,9999.000,9999.000,9999.000,9999.000,9999.000,9999.000
202607240218,  -0.204,   1.049,9999.000,9999.000,9999.000,9999.000,9999.000,9999.000,9999.000
202607240224,  -0.207,   1.039,9999.000,9999.000,9999.000,9999.000,9999.000,9999.000,9999.000
202607240230,  -0.210,   1.029,9999.000,9999.000,9999.000,9999.000,9999.000,9999.000,9999.000
202607240236,  -0.213,   1.010,9999.000,9999.000,9999.000,9999.000,9999.000,9999.000,9999.000
202607240242,  -0.215,   0.990,9999.000,9999.000,9999.000,9999.000,9999.000,9999.000,9999.000
202607240248,  -0.217,   0.990,9999.000,9999.000,9999.000,9999.000,9999.000,9999.000,9999.000
202607240254,  -0.218,   0.970,9999.000,9999.000,9999.000,9999.000,9999.000,9999.000,9999.000
202607240300,  -0.219,   0.970,   0.900,   0.289,   0.970,   0.900,   0.970,   0.900,   0.970
202607240306,  -0.220,   0.970,9999.000,9999.000,9999.000,9999.000,9999.000,9999.000,9999.000
202607240312,  -0.219,   0.951,9999.000,9999.000,9999.000,9999.000,9999.000,9999.000,9999.000
202607240318,  -0.219,   0.941,9999.000,9999.000,9999.000,9999.000,9999.000,9999.000,9999.000
202607240324,  -0.217,   0.928,9999.000,9999.000,9999.000,9999.000,9999.000,9999.000,9999.000
202607240330,  -0.215,   0.918,9999.000,9999.000,9999.000,9999.000,9999.000,9999.000,9999.000
202607240336,  -0.213,   0.908,9999.000,9999.000,9999.000,9999.000,9999.000,9999.000,9999.000
202607240342,  -0.210,   0.888,9999.000,9999.000,9999.000,9999.000,9999.000,9999.000,9999.000
202607240348,  -0.206,   0.869,9999.000,9999.000,9999.000,9999.000,9999.000,9999.000,9999.000
202607240354,  -0.201,   0.859,9999.000,9999.000,9999.000,9999.000,9999.000,9999.000,9999.000
202607240400,  -0.196,   0.859,   0.900,   0.155,   0.859,   0.800,   0.759,   0.900,   0.859
202607240406,  -0.189,   0.859,9999.000,9999.000,9999.000,9999.000,9999.000,9999.000,9999.000
202607240412,  -0.182,   0.839,9999.000,9999.000,9999.000,9999.000,9999.000,9999.000,9999.000
202607240418,  -0.175,   0.829,9999.000,9999.000,9999.000,9999.000,9999.000,9999.000,9999.000
202607240424,  -0.166,   0.829,9999.000,9999.000,9999.000,9999.000,9999.000,9999.000,9999.000
202607240430,  -0.157,   0.819,9999.000,9999.000,9999.000,9999.000,9999.000,9999.000,9999.000
202607240436,  -0.147,   0.800,9999.000,9999.000,9999.000,9999.000,9999.000,9999.000,9999.000
202607240442,  -0.136,   0.800,9999.000,9999.000,9999.000,9999.000,9999.000,9999.000,9999.000
202607240448,  -0.124,   0.800,9999.000,9999.000,9999.000,9999.000,9999.000,9999.000,9999.000
202607240454,  -0.112,   0.780,9999.000,9999.000,9999.000,9999.000,9999.000,9999.000,9999.000
202607240500,  -0.099,   0.790,   0.900,  -0.011,   0.790,   0.800,   0.690,   0.900,   0.790
202607240506,  -0.085,   0.780,9999.000,9999.000,9999.000,9999.000,9999.000,9999.000,9999.000
202607240512,  -0.070,   0.790,9999.000,9999.000,9999.000,9999.000,9999.000,9999.000,9999.000
202607240518,  -0.055,   0.790,9999.000,9999.000,9999.000,9999.000,9999.000,9999.000,9999.000
202607240524,  -0.038,   0.790,9999.000,9999.000,9999.000,9999.000,9999.000,9999.000,9999.000
202607240530,  -0.022,   0.800,9999.000,9999.000,9999.000,9999.000,9999.000,9999.000,9999.000
202607240536,  -0.004,   0.819,9999.000,9999.000,9999.000,9999.000,9999.000,9999.000,9999.000
202607240542,   0.013,   0.829,9999.000,9999.000,9999.000,9999.000,9999.000,9999.000,9999.000
202607240548,   0.031,   0.849,9999.000,9999.000,9999.000,9999.000,9999.000,9999.000,9999.000
202607240554,   0.050,   0.859,9999.000,9999.000,9999.000,9999.000,9999.000,9999.000,9999.000
202607240600,   0.070,   0.859,   0.900,  -0.111,   0.859,   0.800,   0.759,   0.900,   0.859
202607240606,   0.090,   0.859,9999.000,9999.000,9999.000,9999.000,9999.000,9999.000,9999.000
202607240612,   0.110,   0.888,9999.000,9999.000,9999.000,9999.000,9999.000,9999.000,9999.000
202607240618,   0.131,   0.908,9999.000,9999.000,9999.000,9999.000,9999.000,9999.000,9999.000
202607240624,   0.152,   0.928,9999.000,9999.000,9999.000,9999.000,9999.000,9999.000,9999.000
202607240630,   0.173,   0.961,9999.000,9999.000,9999.000,9999.000,9999.000,9999.000,9999.000
202607240636,   0.195,   0.970,9999.000,9999.000,9999.000,9999.000,9999.000,9999.000,9999.000
202607240642,   0.216,   1.000,9999.000,9999.000,9999.000,9999.000,9999.000,9999.000,9999.000
202607240648,   0.238,   1.020,9999.000,9999.000,9999.000,9999.000,9999.000,9999.000,9999.000
202607240654,   0.260,   1.039,9999.000,9999.000,9999.000,9999.000,9999.000,9999.000,9999.000
202607240700,   0.282,   1.049,   0.900,  -0.133,   1.049,   0.800,   0.949,   0.900,   1.049
202607240706,   0.304,   1.069,9999.000,9999.000,9999.000,9999.000,9999.000,9999.000,9999.000
202607240712,   0.326,   1.088,9999.000,9999.000,9999.000,9999.000,9999.000,9999.000,9999.000
202607240718,   0.348,   1.108,9999.000,9999.000,9999.000,9999.000,9999.000,9999.000,9999.000
202607240724,   0.370,   1.138,9999.000,9999.000,9999.000,9999.000,9999.000,9999.000,9999.000
202607240730,   0.392,   1.161,9999.000,9999.000,9999.000,9999.000,9999.000,9999.000,9999.000
202607240736,   0.414,   1.180,9999.000,9999.000,9999.000,9999.000,9999.000,9999.000,9999.000
202607240742,   0.436,   1.210,9999.000,9999.000,9999.000,9999.000,9999.000,9999.000,9999.000
202607240748,   0.458,   1.210,9999.000,9999.000,9999.000,9999.000,9999.000,9999.000,9999.000
202607240754,   0.479,   1.239,9999.000,9999.000,9999.000,9999.000,9999.000,9999.000,9999.000
202607240800,   0.501,   1.269,   0.800,  -0.032,   1.269,   0.800,   1.269,   0.900,   1.369
202607240806,   0.522,   1.298,9999.000,9999.000,9999.000,9999.000,9999.000,9999.000,9999.000
202607240812,   0.543,   1.328,9999.000,9999.000,9999.000,9999.000,9999.000,9999.000,9999.000
202607240818,   0.564,   1.361,9999.000,9999.000,9999.000,9999.000,9999.000,9999.000,9999.000
202607240824,   0.585,   1.390,9999.000,9999.000,9999.000,9999.000,9999.000,9999.000,9999.000
202607240830,   0.606,   1.430,9999.000,9999.000,9999.000,9999.000,9999.000,9999.000,9999.000
202607240836,   0.626,   1.469,9999.000,9999.000,9999.000,9999.000,9999.000,9999.000,9999.000
202607240842,   0.646,   1.498,9999.000,9999.000,9999.000,9999.000,9999.000,9999.000,9999.000
202607240848,   0.666,   1.528,9999.000,9999.000,9999.000,9999.000,9999.000,9999.000,9999.000
202607240854,   0.686,   1.571,9999.000,9999.000,9999.000,9999.000,9999.000,9999.000,9999.000
202607240900,   0.705,   1.610,   0.800,   0.105,   1.610,   0.800,   1.610,   0.900,   1.710
202607240906,   0.724,   1.649,9999.000,9999.000,9999.000,9999.000,9999.000,9999.000,9999.000
202607240912,   0.744,   1.689,9999.000,9999.000,9999.000,9999.000,9999.000,9999.000,9999.000
202607240918,   0.762,   1.708,9999.000,9999.000,9999.000,9999.000,9999.000,9999.000,9999.000
202607240924,   0.781,   1.738,9999.000,9999.000,9999.000,9999.000,9999.000,9999.000,9999.000
202607240930,   0.799,   1.781,9999.000,9999.000,9999.000,9999.000,9999.000,9999.000,9999.000
202607240936,   0.817,   1.810,9999.000,9999.000,9999.000,9999.000,9999.000,9999.000,9999.000
202607240942,   0.835,   1.840,9999.000,9999.000,9999.000,9999.000,9999.000,9999.000,9999.000
202607240948,   0.852,   1.879,9999.000,9999.000,9999.000,9999.000,9999.000,9999.000,9999.000
202607240954,   0.870,   1.908,9999.000,9999.000,9999.000,9999.000,9999.000,9999.000,9999.000
202607241000,   0.887,   1.928,   0.800,   0.241,   1.928,   0.800,   1.928,   0.900,   2.028
202607241006,   0.903,   1.958,9999.000,9999.000,9999.000,9999.000,9999.000,9999.000,9999.000
202607241012,   0.920,   1.990,9999.000,9999.000,9999.000,9999.000,9999.000,9999.000,9999.000
202607241018,   0.936,   2.020,9999.000,9999.000,9999.000,9999.000,9999.000,9999.000,9999.000
202607241024,   0.952,   2.049,9999.000,9999.000,9999.000,9999.000,9999.000,9999.000,9999.000
202607241030,   0.968,   2.079,9999.000,9999.000,9999.000,9999.000,9999.000,9999.000,9999.000
202607241036,   0.983,   2.099,9999.000,9999.000,9999.000,9999.000,9999.000,9999.000,9999.000
202607241042,   0.999,   2.128,9999.000,9999.000,9999.000,9999.000,9999.000,9999.000,9999.000
202607241048,   1.014,   2.148,9999.000,9999.000,9999.000,9999.000,9999.000,9999.000,9999.000
202607241054,   1.029,   2.168,9999.000,9999.000,9999.000,9999.000,9999.000,9999.000,9999.000
202607241100,   1.044,   2.177,   0.800,   0.333,   2.177,   0.800,   2.177,   0.800,   2.177
202607241106,   1.058,   2.210,9999.000,9999.000,9999.000,9999.000,9999.000,9999.000,9999.000
202607241112,   1.073,   2.220,9999.000,9999.000,9999.000,9999.000,9999.000,9999.000,9999.000
202607241118,   1.087,   2.240,9999.000,9999.000,9999.000,9999.000,9999.000,9999.000,9999.000
202607241124,   1.101,   2.259,9999.000,9999.000,9999.000,9999.000,9999.000,9999.000,9999.000
202607241130,   1.115,   2.269,9999.000,9999.000,9999.000,9999.000,9999.000,9999.000,9999.000
202607241136,   1.129,   2.299,9999.000,9999.000,9999.000,9999.000,9999.000,9999.000,9999.000
202607241142,   1.143,   2.318,9999.000,9999.000,9999.000,9999.000,9999.000,9999.000,9999.000
202607241148,   1.157,   2.338,9999.000,9999.000,9999.000,9999.000,9999.000,9999.000,9999.000
202607241154,   1.171,   2.348,9999.000,9999.000,9999.000,9999.000,9999.000,9999.000,9999.000
202607241200,   1.185,   2.377,   0.800,   0.392,   2.377,   0.800,   2.377,   0.800,   2.377
202607241206,   1.198,   2.387,9999.000,9999.000,9999.000,9999.000,9999.000,9999.000,9999.000
202607241212,   1.212,   2.387,9999.000,9999.000,9999.000,9999.000,9999.000,9999.000,9999.000
202607241218,   1.225,   2.410,9999.000,9999.000,9999.000,9999.000,9999.000,9999.000,9999.000
202607241224,   1.239,   2.430,9999.000,9999.000,9999.000,9999.000,9999.000,9999.000,9999.000
202607241230,   1.252,   2.440,9999.000,9999.000,9999.000,9999.000,9999.000,9999.000,9999.000
202607241236,   1.265,   2.430,9999.000,9999.000,9999.000,9999.000,9999.000,9999.000,9999.000
202607241242,   1.278,   2.440,9999.000,9999.000,9999.000,9999.000,9999.000,9999.000,9999.000
202607241248,   1.291,   2.440,9999.000,9999.000,9999.000,9999.000,9999.000,9999.000,9999.000
202607241254,   1.304,   2.440,9999.000,9999.000,9999.000,9999.000,9999.000,9999.000,9999.000
202607241300,   1.316,   2.459,   0.800,   0.343,   2.459,   0.800,   2.459,   0.800,   2.459
202607241306,   1.328,   2.469,9999.000,9999.000,9999.000,9999.000,9999.000,9999.000,9999.000
202607241312,   1.340,   2.469,9999.000,9999.000,9999.000,9999.000,9999.000,9999.000,9999.000
202607241318,   1.352,   2.479,9999.000,9999.000,9999.000,9999.000,9999.000,9999.000,9999.000
202607241324,   1.363,   2.489,9999.000,9999.000,9999.000,9999.000,9999.000,9999.000,9999.000
202607241330,   1.374,   2.509,9999.000,9999.000,9999.000,9999.000,9999.000,9999.000,9999.000
202607241336,   1.384,   2.509,9999.000,9999.000,9999.000,9999.000,9999.000,9999.000,9999.000
202607241342,   1.394,   2.509,9999.000,9999.000,9999.000,9999.000,9999.000,9999.000,9999.000
202607241348,   1.404,   2.509,9999.000,9999.000,9999.000,9999.000,9999.000,9999.000,9999.000
202607241354,   1.413,   2.528,9999.000,9999.000,9999.000,9999.000,9999.000,9999.000,9999.000
202607241400,   1.421,   2.528,   0.800,   0.307,   2.528,   0.800,   2.528,   0.800,   2.528
202607241406,   1.429,   2.538,9999.000,9999.000,9999.000,9999.000,9999.000,9999.000,9999.000
202607241412,   1.436,   2.528,9999.000,9999.000,9999.000,9999.000,9999.000,9999.000,9999.000
202607241418,   1.442,   2.528,9999.000,9999.000,9999.000,9999.000,9999.000,9999.000,9999.000
202607241424,   1.448,   2.538,9999.000,9999.000,9999.000,9999.000,9999.000,9999.000,9999.000
202607241430,   1.453,   2.528,9999.000,9999.000,9999.000,9999.000,9999.000,9999.000,9999.000
202607241436,   1.457,   2.519,9999.000,9999.000,9999.000,9999.000,9999.000,9999.000,9999.000
202607241442,   1.460,   2.519,9999.000,9999.000,9999.000,9999.000,9999.000,9999.000,9999.000
202607241448,   1.463,   2.509,9999.000,9999.000,9999.000,9999.000,9999.000,9999.000,9999.000
202607241454,   1.465,   2.499,9999.000,9999.000,9999.000,9999.000,9999.000,9999.000,9999.000
202607241500,   1.466,   2.509,   0.800,   0.243,   2.509,   0.800,   2.509,   0.800,   2.509
202607241506,   1.466,   2.499,9999.000,9999.000,9999.000,9999.000,9999.000,9999.000,9999.000
202607241512,   1.465,   2.479,9999.000,9999.000,9999.000,9999.000,9999.000,9999.000,9999.000
202607241518,   1.464,   2.479,9999.000,9999.000,9999.000,9999.000,9999.000,9999.000,9999.000
202607241524,   1.462,   2.469,9999.000,9999.000,9999.000,9999.000,9999.000,9999.000,9999.000
202607241530,   1.459,   2.459,9999.000,9999.000,9999.000,9999.000,9999.000,9999.000,9999.000
202607241536,   1.455,   2.450,9999.000,9999.000,9999.000,9999.000,9999.000,9999.000,9999.000
202607241542,   1.450,   2.440,9999.000,9999.000,9999.000,9999.000,9999.000,9999.000,9999.000
202607241548,   1.445,   2.430,9999.000,9999.000,9999.000,9999.000,9999.000,9999.000,9999.000
202607241554,   1.439,   2.420,9999.000,9999.000,9999.000,9999.000,9999.000,9999.000,9999.000
202607241600,   1.433,   2.400,   0.800,   0.167,   2.400,   0.800,   2.400,   0.800,   2.400
202607241606,   1.425,   2.387,9999.000,9999.000,9999.000,9999.000,9999.000,9999.000,9999.000
202607241612,   1.417,   2.377,9999.000,9999.000,9999.000,9999.000,9999.000,9999.000,9999.000
202607241618,   1.409,   2.358,9999.000,9999.000,9999.000,9999.000,9999.000,9999.000,9999.000
202607241624,   1.400,   2.358,9999.000,9999.000,9999.000,9999.000,9999.000,9999.000,9999.000
202607241630,   1.390,   2.338,9999.000,9999.000,9999.000,9999.000,9999.000,9999.000,9999.000
202607241636,   1.380,   2.318,9999.000,9999.000,9999.000,9999.000,9999.000,9999.000,9999.000
202607241642,   1.369,   2.309,9999.000,9999.000,9999.000,9999.000,9999.000,9999.000,9999.000
202607241648,   1.357,   2.289,9999.000,9999.000,9999.000,9999.000,9999.000,9999.000,9999.000
202607241654,   1.346,   2.269,9999.000,9999.000,9999.000,9999.000,9999.000,9999.000,9999.000
202607241700,   1.333,   2.259,   0.800,   0.126,   2.259,   0.800,   2.259,   0.800,   2.259
202607241706,   1.321,   2.250,9999.000,9999.000,9999.000,9999.000,9999.000,9999.000,9999.000
202607241712,   1.307,   2.230,9999.000,9999.000,9999.000,9999.000,9999.000,9999.000,9999.000
202607241718,   1.294,   2.210,9999.000,9999.000,9999.000,9999.000,9999.000,9999.000,9999.000
202607241724,   1.280,   2.191,9999.000,9999.000,9999.000,9999.000,9999.000,9999.000,9999.000
202607241730,   1.265,   2.168,9999.000,9999.000,9999.000,9999.000,9999.000,9999.000,9999.000
202607241736,   1.251,   2.158,9999.000,9999.000,9999.000,9999.000,9999.000,9999.000,9999.000
202607241742,   1.236,   2.128,9999.000,9999.000,9999.000,9999.000,9999.000,9999.000,9999.000
202607241748,   1.220,   2.109,9999.000,9999.000,9999.000,9999.000,9999.000,9999.000,9999.000
202607241754,   1.204,   2.089,9999.000,9999.000,9999.000,9999.000,9999.000,9999.000,9999.000
202607241800,   1.188,   2.069,   0.800,   0.081,   2.069,   0.800,   2.069,   0.800,   2.069
202607241806,   1.172,   2.030,9999.000,9999.000,9999.000,9999.000,9999.000,9999.000,9999.000
202607241812,   1.155,   2.000,9999.000,9999.000,9999.000,9999.000,9999.000,9999.000,9999.000
202607241818,   1.138,   1.981,9999.000,9999.000,9999.000,9999.000,9999.000,9999.000,9999.000
202607241824,   1.121,   1.958,9999.000,9999.000,9999.000,9999.000,9999.000,9999.000,9999.000
202607241830,   1.103,   1.928,9999.000,9999.000,9999.000,9999.000,9999.000,9999.000,9999.000
202607241836,   1.085,   1.899,9999.000,9999.000,9999.000,9999.000,9999.000,9999.000,9999.000
202607241842,   1.067,   1.889,9999.000,9999.000,9999.000,9999.000,9999.000,9999.000,9999.000
202607241848,   1.049,   1.869,9999.000,9999.000,9999.000,9999.000,9999.000,9999.000,9999.000
202607241854,   1.030,   1.859,9999.000,9999.000,9999.000,9999.000,9999.000,9999.000,9999.000
202607241900,   1.011,   1.840,   0.800,   0.029,   1.840,   0.800,   1.840,   0.800,   1.840
202607241906,   0.992,   1.820,9999.000,9999.000,9999.000,9999.000,9999.000,9999.000,9999.000
202607241912,   0.973,   1.810,9999.000,9999.000,9999.000,9999.000,9999.000,9999.000,9999.000
202607241918,   0.954,   1.800,9999.000,9999.000,9999.000,9999.000,9999.000,9999.000,9999.000
202607241924,   0.935,   1.781,9999.000,9999.000,9999.000,9999.000,9999.000,9999.000,9999.000
202607241930,   0.915,   1.758,9999.000,9999.000,9999.000,9999.000,9999.000,9999.000,9999.000
202607241936,   0.896,   1.748,9999.000,9999.000,9999.000,9999.000,9999.000,9999.000,9999.000
202607241942,   0.876,   1.708,9999.000,9999.000,9999.000,9999.000,9999.000,9999.000,9999.000
202607241948,   0.856,   1.689,9999.000,9999.000,9999.000,9999.000,9999.000,9999.000,9999.000
202607241954,   0.837,   1.679,9999.000,9999.000,9999.000,9999.000,9999.000,9999.000,9999.000
202607242000,   0.817,   1.639,   0.800,   0.022,   1.639,   0.800,   1.639,   0.800,   1.639
202607242006,   0.797,   1.600,9999.000,9999.000,9999.000,9999.000,9999.000,9999.000,9999.000
202607242012,   0.777,   1.571,9999.000,9999.000,9999.000,9999.000,9999.000,9999.000,9999.000
202607242018,   0.758,   1.538,9999.000,9999.000,9999.000,9999.000,9999.000,9999.000,9999.000
202607242024,   0.738,   1.508,9999.000,9999.000,9999.000,9999.000,9999.000,9999.000,9999.000
202607242030,   0.718,   1.469,9999.000,9999.000,9999.000,9999.000,9999.000,9999.000,9999.000
202607242036,   0.699,   1.420,9999.000,9999.000,9999.000,9999.000,9999.000,9999.000,9999.000
202607242042,   0.679,   1.400,9999.000,9999.000,9999.000,9999.000,9999.000,9999.000,9999.000
202607242048,   0.660,   1.380,9999.000,9999.000,9999.000,9999.000,9999.000,9999.000,9999.000
202607242054,   0.641,   1.361,9999.000,9999.000,9999.000,9999.000,9999.000,9999.000,9999.000
202607242100,   0.622,   1.338,   0.800,  -0.084,   1.338,   0.800,   1.338,   0.800,   1.338
202607242106,   0.602,   1.318,9999.000,9999.000,9999.000,9999.000,9999.000,9999.000,9999.000
202607242112,   0.583,   1.289,9999.000,9999.000,9999.000,9999.000,9999.000,9999.000,9999.000
202607242118,   0.564,   1.269,9999.000,9999.000,9999.000,9999.000,9999.000,9999.000,9999.000
202607242124,   0.546,   1.269,9999.000,9999.000,9999.000,9999.000,9999.000,9999.000,9999.000
202607242130,   0.527,   1.239,9999.000,9999.000,9999.000,9999.000,9999.000,9999.000,9999.000
202607242136,   0.508,   1.220,9999.000,9999.000,9999.000,9999.000,9999.000,9999.000,9999.000
202607242142,   0.489,   1.200,9999.000,9999.000,9999.000,9999.000,9999.000,9999.000,9999.000
202607242148,   0.471,   1.180,9999.000,9999.000,9999.000,9999.000,9999.000,9999.000,9999.000
202607242154,   0.452,   1.161,9999.000,9999.000,9999.000,9999.000,9999.000,9999.000,9999.000
202607242200,   0.433,   1.138,   0.800,  -0.095,   1.138,   0.800,   1.138,   0.800,   1.138
202607242206,   0.415,   1.128,9999.000,9999.000,9999.000,9999.000,9999.000,9999.000,9999.000
202607242212,   0.396,   1.108,9999.000,9999.000,9999.000,9999.000,9999.000,9999.000,9999.000
202607242218,   0.378,   1.098,9999.000,9999.000,9999.000,9999.000,9999.000,9999.000,9999.000
202607242224,   0.360,   1.088,9999.000,9999.000,9999.000,9999.000,9999.000,9999.000,9999.000
202607242230,   0.341,   1.059,9999.000,9999.000,9999.000,9999.000,9999.000,9999.000,9999.000
202607242236,   0.323,   1.049,9999.000,9999.000,9999.000,9999.000,9999.000,9999.000,9999.000
202607242242,   0.305,   1.020,9999.000,9999.000,9999.000,9999.000,9999.000,9999.000,9999.000
202607242248,   0.287,   0.990,9999.000,9999.000,9999.000,9999.000,9999.000,9999.000,9999.000
202607242254,   0.269,   0.961,9999.000,9999.000,9999.000,9999.000,9999.000,9999.000,9999.000
202607242300,   0.251,   0.941,   0.800,  -0.110,   0.941,   0.800,   0.941,   0.800,   0.941
202607242306,   0.233,   0.928,9999.000,9999.000,9999.000,9999.000,9999.000,9999.000,9999.000
202607242312,   0.215,   0.898,9999.000,9999.000,9999.000,9999.000,9999.000,9999.000,9999.000
202607242318,   0.198,   0.869,9999.000,9999.000,9999.000,9999.000,9999.000,9999.000,9999.000
202607242324,   0.180,   0.859,9999.000,9999.000,9999.000,9999.000,9999.000,9999.000,9999.000
202607242330,   0.163,   0.819,9999.000,9999.000,9999.000,9999.000,9999.000,9999.000,9999.000
202607242336,   0.146,   0.800,9999.000,9999.000,9999.000,9999.000,9999.000,9999.000,9999.000
202607242342,   0.129,   0.770,9999.000,9999.000,9999.000,9999.000,9999.000,9999.000,9999.000
202607242348,   0.112,   0.751,9999.000,9999.000,9999.000,9999.000,9999.000,9999.000,9999.000
202607242354,   0.096,   0.731,9999.000,9999.000,9999.000,9999.000,9999.000,9999.000,9999.000
202607250000,   0.080,   0.718,   0.500,   0.138,   0.718,   0.500,   0.718,   0.500,   0.718
202607250006,   0.064,   0.708,9999.000,9999.000,9999.000,9999.000,9999.000,9999.000,9999.000
202607250012,   0.048,   0.688,9999.000,9999.000,9999.000,9999.000,9999.000,9999.000,9999.000
202607250018,   0.033,   0.659,9999.000,9999.000,9999.000,9999.000,9999.000,9999.000,9999.000
202607250024,   0.018,   0.639,9999.000,9999.000,9999.000,9999.000,9999.000,9999.000,9999.000
202607250030,   0.003,   0.619,9999.000,9999.000,9999.000,9999.000,9999.000,9999.000,9999.000
202607250036,  -0.010,   0.600,9999.000,9999.000,9999.000,9999.000,9999.000,9999.000,9999.000
202607250042,  -0.024,   0.580,9999.000,9999.000,9999.000,9999.000,9999.000,9999.000,9999.000
202607250048,  -0.038,   0.560,9999.000,9999.000,9999.000,9999.000,9999.000,9999.000,9999.000
202607250054,  -0.051,   0.531,9999.000,9999.000,9999.000,9999.000,9999.000,9999.000,9999.000
202607250100,  -0.064,   0.508,   0.500,   0.072,   0.508,   0.500,   0.508,   0.500,   0.508
202607250106,  -0.076,   0.488,9999.000,9999.000,9999.000,9999.000,9999.000,9999.000,9999.000
202607250112,  -0.089,   0.469,9999.000,9999.000,9999.000,9999.000,9999.000,9999.000,9999.000
202607250118,  -0.101,   0.449,9999.000,9999.000,9999.000,9999.000,9999.000,9999.000,9999.000
202607250124,  -0.112,   0.429,9999.000,9999.000,9999.000,9999.000,9999.000,9999.000,9999.000
202607250130,  -0.123,   0.419,9999.000,9999.000,9999.000,9999.000,9999.000,9999.000,9999.000
202607250136,  -0.134,   0.390,9999.000,9999.000,9999.000,9999.000,9999.000,9999.000,9999.000
202607250142,  -0.145,   0.370,9999.000,9999.000,9999.000,9999.000,9999.000,9999.000,9999.000
202607250148,  -0.155,   0.370,9999.000,9999.000,9999.000,9999.000,9999.000,9999.000,9999.000
202607250154,  -0.165,   0.360,9999.000,9999.000,9999.000,9999.000,9999.000,9999.000,9999.000
202607250200,  -0.174,   0.341,   0.500,   0.015,   0.341,   0.500,   0.341,   0.500,   0.341
202607250206,  -0.183,   0.321,9999.000,9999.000,9999.000,9999.000,9999.000,9999.000,9999.000
202607250212,  -0.192,   0.321,9999.000,9999.000,9999.000,9999.000,9999.000,9999.000,9999.000
202607250218,  -0.200,   0.288,9999.000,9999.000,9999.000,9999.000,9999.000,9999.000,9999.000
202607250224,  -0.208,   0.278,9999.000,9999.000,9999.000,9999.000,9999.000,9999.000,9999.000
202607250230,  -0.216,   0.259,9999.000,9999.000,9999.000,9999.000,9999.000,9999.000,9999.000
202607250236,  -0.223,   0.249,9999.000,9999.000,9999.000,9999.000,9999.000,9999.000,9999.000
202607250242,  -0.230,   0.239,9999.000,9999.000,9999.000,9999.000,9999.000,9999.000,9999.000
202607250248,  -0.236,   0.229,9999.000,9999.000,9999.000,9999.000,9999.000,9999.000,9999.000
202607250254,  -0.242,   0.229,9999.000,9999.000,9999.000,9999.000,9999.000,9999.000,9999.000
202607250300,  -0.248,   0.209,   0.500,  -0.043,   0.209,   0.500,   0.209,   0.500,   0.209
202607250306,  -0.253,   0.209,9999.000,9999.000,9999.000,9999.000,9999.000,9999.000,9999.000
202607250312,  -0.257,   0.209,9999.000,9999.000,9999.000,9999.000,9999.000,9999.000,9999.000
202607250318,  -0.261,   0.209,9999.000,9999.000,9999.000,9999.000,9999.000,9999.000,9999.000
202607250324,  -0.265,   0.200,9999.000,9999.000,9999.000,9999.000,9999.000,9999.000,9999.000
202607250330,  -0.267,   0.200,9999.000,9999.000,9999.000,9999.000,9999.000,9999.000,9999.000
202607250336,  -0.270,   0.190,9999.000,9999.000,9999.000,9999.000,9999.000,9999.000,9999.000
202607250342,  -0.271,   0.190,9999.000,9999.000,9999.000,9999.000,9999.000,9999.000,9999.000
202607250348,  -0.272,   0.180,9999.000,9999.000,9999.000,9999.000,9999.000,9999.000,9999.000
202607250354,  -0.272,   0.190,9999.000,9999.000,9999.000,9999.000,9999.000,9999.000,9999.000
202607250400,  -0.271,   0.180,   0.500,  -0.049,   0.180,   0.500,   0.180,   0.500,   0.180
202607250406,  -0.270,   0.170,9999.000,9999.000,9999.000,9999.000,9999.000,9999.000,9999.000
202607250412,  -0.267,   0.170,9999.000,9999.000,9999.000,9999.000,9999.000,9999.000,9999.000
202607250418,  -0.264,   0.150,9999.000,9999.000,9999.000,9999.000,9999.000,9999.000,9999.000
202607250424,  -0.260,   0.160,9999.000,9999.000,9999.000,9999.000,9999.000,9999.000,9999.000
202607250430,  -0.255,   0.170,9999.000,9999.000,9999.000,9999.000,9999.000,9999.000,9999.000
202607250436,  -0.250,   0.170,9999.000,9999.000,9999.000,9999.000,9999.000,9999.000,9999.000
202607250442,  -0.243,   0.180,9999.000,9999.000,9999.000,9999.000,9999.000,9999.000,9999.000
202607250448,  -0.236,   0.180,9999.000,9999.000,9999.000,9999.000,9999.000,9999.000,9999.000
202607250454,  -0.227,   0.200,9999.000,9999.000,9999.000,9999.000,9999.000,9999.000,9999.000
202607250500,  -0.218,   0.200,   0.500,  -0.082,   0.200,   0.500,   0.200,   0.500,   0.200
202607250506,  -0.208,   0.219,9999.000,9999.000,9999.000,9999.000,9999.000,9999.000,9999.000
202607250512,  -0.197,   0.219,9999.000,9999.000,9999.000,9999.000,9999.000,9999.000,9999.000
202607250518,  -0.185,   0.229,9999.000,9999.000,9999.000,9999.000,9999.000,9999.000,9999.000
202607250524,  -0.172,   0.239,9999.000,9999.000,9999.000,9999.000,9999.000,9999.000,9999.000
202607250530,  -0.158,   0.249,9999.000,9999.000,9999.000,9999.000,9999.000,9999.000,9999.000
202607250536,  -0.144,   0.268,9999.000,9999.000,9999.000,9999.000,9999.000,9999.000,9999.000
202607250542,  -0.129,   0.278,9999.000,9999.000,9999.000,9999.000,9999.000,9999.000,9999.000
202607250548,  -0.113,   0.288,9999.000,9999.000,9999.000,9999.000,9999.000,9999.000,9999.000
202607250554,  -0.096,   0.298,9999.000,9999.000,9999.000,9999.000,9999.000,9999.000,9999.000
202607250600,  -0.079,   0.321,   0.400,   0.000,   0.321,   0.400,   0.321,   0.500,   0.421
202607250606,  -0.061,   0.331,9999.000,9999.000,9999.000,9999.000,9999.000,9999.000,9999.000
202607250612,  -0.043,   0.350,9999.000,9999.000,9999.000,9999.000,9999.000,9999.000,9999.000
202607250618,  -0.023,   0.360,9999.000,9999.000,9999.000,9999.000,9999.000,9999.000,9999.000
202607250624,  -0.004,   0.390,9999.000,9999.000,9999.000,9999.000,9999.000,9999.000,9999.000
202607250630,   0.015,   0.409,9999.000,9999.000,9999.000,9999.000,9999.000,9999.000,9999.000
202607250636,   0.036,   0.449,9999.000,9999.000,9999.000,9999.000,9999.000,9999.000,9999.000
202607250642,   0.057,   0.459,9999.000,9999.000,9999.000,9999.000,9999.000,9999.000,9999.000
202607250648,   0.079,   0.488,9999.000,9999.000,9999.000,9999.000,9999.000,9999.000,9999.000
202607250654,   0.100,   0.518,9999.000,9999.000,9999.000,9999.000,9999.000,9999.000,9999.000
202607250700,   0.123,   0.541,   0.400,   0.018,   0.541,   0.400,   0.541,   0.500,   0.641
202607250706,   0.145,   0.570,9999.000,9999.000,9999.000,9999.000,9999.000,9999.000,9999.000
202607250712,   0.168,   0.610,9999.000,9999.000,9999.000,9999.000,9999.000,9999.000,9999.000
202607250718,   0.191,   0.649,9999.000,9999.000,9999.000,9999.000,9999.000,9999.000,9999.000
202607250724,   0.214,   0.678,9999.000,9999.000,9999.000,9999.000,9999.000,9999.000,9999.000
202607250730,   0.237,   0.718,9999.000,9999.000,9999.000,9999.000,9999.000,9999.000,9999.000
202607250736,   0.260,   0.770,9999.000,9999.000,9999.000,9999.000,9999.000,9999.000,9999.000
202607250742,   0.284,   0.810,9999.000,9999.000,9999.000,9999.000,9999.000,9999.000,9999.000
202607250748,   0.307,   0.839,9999.000,9999.000,9999.000,9999.000,9999.000,9999.000,9999.000
202607250754,   0.331,   0.888,9999.000,9999.000,9999.000,9999.000,9999.000,9999.000,9999.000
202607250800,   0.354,   0.928,   0.400,   0.174,   0.928,   0.400,   0.928,   0.400,   0.928
202607250806,   0.378,   0.970,9999.000,9999.000,9999.000,9999.000,9999.000,9999.000,9999.000
202607250812,   0.402,   1.010,9999.000,9999.000,9999.000,9999.000,9999.000,9999.000,9999.000
202607250818,   0.425,   1.049,9999.000,9999.000,9999.000,9999.000,9999.000,9999.000,9999.000
202607250824,   0.448,   1.088,9999.000,9999.000,9999.000,9999.000,9999.000,9999.000,9999.000
202607250830,   0.472,   1.118,9999.000,9999.000,9999.000,9999.000,9999.000,9999.000,9999.000
202607250836,   0.495,   1.170,9999.000,9999.000,9999.000,9999.000,9999.000,9999.000,9999.000
202607250842,   0.518,   1.200,9999.000,9999.000,9999.000,9999.000,9999.000,9999.000,9999.000
202607250848,   0.540,   1.239,9999.000,9999.000,9999.000,9999.000,9999.000,9999.000,9999.000
202607250854,   0.563,   1.269,9999.000,9999.000,9999.000,9999.000,9999.000,9999.000,9999.000
202607250900,   0.585,   1.298,   0.400,   0.313,   1.298,   0.400,   1.298,   0.400,   1.298
202607250906,   0.607,   1.338,9999.000,9999.000,9999.000,9999.000,9999.000,9999.000,9999.000
202607250912,   0.629,   1.380,9999.000,9999.000,9999.000,9999.000,9999.000,9999.000,9999.000
202607250918,   0.651,   1.410,9999.000,9999.000,9999.000,9999.000,9999.000,9999.000,9999.000
202607250924,   0.672,   1.449,9999.000,9999.000,9999.000,9999.000,9999.000,9999.000,9999.000
202607250930,   0.693,   1.479,9999.000,9999.000,9999.000,9999.000,9999.000,9999.000,9999.000
202607250936,   0.713,   1.518,9999.000,9999.000,9999.000,9999.000,9999.000,9999.000,9999.000
202607250942,   0.733,   1.548,9999.000,9999.000,9999.000,9999.000,9999.000,9999.000,9999.000
202607250948,   0.753,   1.580,9999.000,9999.000,9999.000,9999.000,9999.000,9999.000,9999.000
202607250954,   0.773,   1.610,9999.000,9999.000,9999.000,9999.000,9999.000,9999.000,9999.000
202607251000,   0.792,   1.649,   0.400,   0.457,   1.649,   0.400,   1.649,   0.400,   1.649
202607251006,   0.810,   1.679,9999.000,9999.000,9999.000,9999.000,9999.000,9999.000,9999.000
202607251012,   0.829,   1.718,9999.000,9999.000,9999.000,9999.000,9999.000,9999.000,9999.000
202607251018,   0.846,   1.738,9999.000,9999.000,9999.000,9999.000,9999.000,9999.000,9999.000
202607251024,   0.864,   1.758,9999.000,9999.000,9999.000,9999.000,9999.000,9999.000,9999.000
202607251030,   0.881,   1.790,9999.000,9999.000,9999.000,9999.000,9999.000,9999.000,9999.000
202607251036,   0.898,   1.820,9999.000,9999.000,9999.000,9999.000,9999.000,9999.000,9999.000
202607251042,   0.914,   1.840,9999.000,9999.000,9999.000,9999.000,9999.000,9999.000,9999.000
202607251048,   0.930,   1.869,9999.000,9999.000,9999.000,9999.000,9999.000,9999.000,9999.000
202607251054,   0.946,   1.899,9999.000,9999.000,9999.000,9999.000,9999.000,9999.000,9999.000
202607251100,   0.962,   1.918,   0.400,   0.556,   1.918,   0.400,   1.918,   0.400,   1.918
202607251106,   0.977,   1.938,9999.000,9999.000,9999.000,9999.000,9999.000,9999.000,9999.000
202607251112,   0.992,   1.958,9999.000,9999.000,9999.000,9999.000,9999.000,9999.000,9999.000
202607251118,   1.006,   1.981,9999.000,9999.000,9999.000,9999.000,9999.000,9999.000,9999.000
202607251124,   1.021,   2.000,9999.000,9999.000,9999.000,9999.000,9999.000,9999.000,9999.000
202607251130,   1.035,   2.010,9999.000,9999.000,9999.000,9999.000,9999.000,9999.000,9999.000
202607251136,   1.049,   2.030,9999.000,9999.000,9999.000,9999.000,9999.000,9999.000,9999.000
202607251142,   1.063,   2.049,9999.000,9999.000,9999.000,9999.000,9999.000,9999.000,9999.000
202607251148,   1.077,   2.069,9999.000,9999.000,9999.000,9999.000,9999.000,9999.000,9999.000
202607251154,   1.091,   2.089,9999.000,9999.000,9999.000,9999.000,9999.000,9999.000,9999.000
202607251200,   1.105,   2.099,   0.500,   0.494,   2.099,   0.500,   2.099,   0.500,   2.099
202607251206,   1.119,   2.109,9999.000,9999.000,9999.000,9999.000,9999.000,9999.000,9999.000
202607251212,   1.132,   2.109,9999.000,9999.000,9999.000,9999.000,9999.000,9999.000,9999.000
202607251218,   1.146,   2.118,9999.000,9999.000,9999.000,9999.000,9999.000,9999.000,9999.000
202607251224,   1.160,   2.128,9999.000,9999.000,9999.000,9999.000,9999.000,9999.000,9999.000
202607251230,   1.173,   2.138,9999.000,9999.000,9999.000,9999.000,9999.000,9999.000,9999.000
202607251236,   1.187,   2.138,9999.000,9999.000,9999.000,9999.000,9999.000,9999.000,9999.000
202607251242,   1.201,   2.138,9999.000,9999.000,9999.000,9999.000,9999.000,9999.000,9999.000
202607251248,   1.214,   2.148,9999.000,9999.000,9999.000,9999.000,9999.000,9999.000,9999.000
202607251254,   1.228,   2.158,9999.000,9999.000,9999.000,9999.000,9999.000,9999.000,9999.000
202607251300,   1.242,   2.168,   0.500,   0.426,   2.168,   0.500,   2.168,   0.500,   2.168
202607251306,   1.255,   2.168,9999.000,9999.000,9999.000,9999.000,9999.000,9999.000,9999.000
202607251312,   1.269,   2.191,9999.000,9999.000,9999.000,9999.000,9999.000,9999.000,9999.000
202607251318,   1.282,   2.191,9999.000,9999.000,9999.000,9999.000,9999.000,9999.000,9999.000
202607251324,   1.295,   2.200,9999.000,9999.000,9999.000,9999.000,9999.000,9999.000,9999.000
202607251330,   1.308,   2.210,9999.000,9999.000,9999.000,9999.000,9999.000,9999.000,9999.000
202607251336,   1.321,   2.210,9999.000,9999.000,9999.000,9999.000,9999.000,9999.000,9999.000
202607251342,   1.334,   2.210,9999.000,9999.000,9999.000,9999.000,9999.000,9999.000,9999.000
202607251348,   1.346,   2.230,9999.000,9999.000,9999.000,9999.000,9999.000,9999.000,9999.000
202607251354,   1.358,   2.240,9999.000,9999.000,9999.000,9999.000,9999.000,9999.000,9999.000
202607251400,   1.370,   2.250,   0.500,   0.380,   2.250,   0.400,   2.150,   0.500,   2.250
202607251406,   1.382,   2.259,9999.000,9999.000,9999.000,9999.000,9999.000,9999.000,9999.000
202607251412,   1.393,   2.259,9999.000,9999.000,9999.000,9999.000,9999.000,9999.000,9999.000
202607251418,   1.404,   2.259,9999.000,9999.000,9999.000,9999.000,9999.000,9999.000,9999.000
202607251424,   1.414,   2.269,9999.000,9999.000,9999.000,9999.000,9999.000,9999.000,9999.000
202607251430,   1.424,   2.259,9999.000,9999.000,9999.000,9999.000,9999.000,9999.000,9999.000
202607251436,   1.433,   2.250,9999.000,9999.000,9999.000,9999.000,9999.000,9999.000,9999.000
202607251442,   1.441,   2.240,9999.000,9999.000,9999.000,9999.000,9999.000,9999.000,9999.000
202607251448,   1.450,   2.240,9999.000,9999.000,9999.000,9999.000,9999.000,9999.000,9999.000
202607251454,   1.457,   2.220,9999.000,9999.000,9999.000,9999.000,9999.000,9999.000,9999.000
202607251500,   1.464,   2.210,   0.500,   0.246,   2.210,   0.400,   2.110,   0.500,   2.210
202607251506,   1.471,   2.210,9999.000,9999.000,9999.000,9999.000,9999.000,9999.000,9999.000
202607251512,   1.476,   2.200,9999.000,9999.000,9999.000,9999.000,9999.000,9999.000,9999.000
202607251518,   1.481,   2.210,9999.000,9999.000,9999.000,9999.000,9999.000,9999.000,9999.000
202607251524,   1.486,   2.200,9999.000,9999.000,9999.000,9999.000,9999.000,9999.000,9999.000
202607251530,   1.490,   2.191,9999.000,9999.000,9999.000,9999.000,9999.000,9999.000,9999.000
202607251536,   1.493,   2.191,9999.000,9999.000,9999.000,9999.000,9999.000,9999.000,9999.000
202607251542,   1.495,   2.191,9999.000,9999.000,9999.000,9999.000,9999.000,9999.000,9999.000
202607251548,   1.497,   2.168,9999.000,9999.000,9999.000,9999.000,9999.000,9999.000,9999.000
202607251554,   1.498,   2.177,9999.000,9999.000,9999.000,9999.000,9999.000,9999.000,9999.000
202607251600,   1.499,   2.168,   0.500,   0.169,   2.168,   0.400,   2.068,   0.500,   2.168
202607251606,   1.499,   2.168,9999.000,9999.000,9999.000,9999.000,9999.000,9999.000,9999.000
202607251612,   1.498,   2.158,9999.000,9999.000,9999.000,9999.000,9999.000,9999.000,9999.000
202607251618,   1.497,   2.168,9999.000,9999.000,9999.000,9999.000,9999.000,9999.000,9999.000
202607251624,   1.495,   2.158,9999.000,9999.000,9999.000,9999.000,9999.000,9999.000,9999.000
202607251630,   1.492,   2.138,9999.000,9999.000,9999.000,9999.000,9999.000,9999.000,9999.000
202607251636,   1.489,   2.128,9999.000,9999.000,9999.000,9999.000,9999.000,9999.000,9999.000
202607251642,   1.485,   2.138,9999.000,9999.000,9999.000,9999.000,9999.000,9999.000,9999.000
202607251648,   1.480,   2.118,9999.000,9999.000,9999.000,9999.000,9999.000,9999.000,9999.000
202607251654,   1.475,   2.109,9999.000,9999.000,9999.000,9999.000,9999.000,9999.000,9999.000
202607251700,   1.469,   2.099,   0.500,   0.130,   2.099,   0.400,   1.999,   0.500,   2.099
202607251706,   1.463,   2.079,9999.000,9999.000,9999.000,9999.000,9999.000,9999.000,9999.000
202607251712,   1.456,   2.069,9999.000,9999.000,9999.000,9999.000,9999.000,9999.000,9999.000
202607251718,   1.449,   2.059,9999.000,9999.000,9999.000,9999.000,9999.000,9999.000,9999.000
202607251724,   1.441,   2.040,9999.000,9999.000,9999.000,9999.000,9999.000,9999.000,9999.000
202607251730,   1.432,   2.030,9999.000,9999.000,9999.000,9999.000,9999.000,9999.000,9999.000
202607251736,   1.423,   2.010,9999.000,9999.000,9999.000,9999.000,9999.000,9999.000,9999.000
202607251742,   1.413,   1.990,9999.000,9999.000,9999.000,9999.000,9999.000,9999.000,9999.000
202607251748,   1.402,   1.981,9999.000,9999.000,9999.000,9999.000,9999.000,9999.000,9999.000
202607251754,   1.391,   1.967,9999.000,9999.000,9999.000,9999.000,9999.000,9999.000,9999.000
202607251800,   1.380,   1.948,   0.500,   0.068,   1.948,   0.500,   1.948,   0.500,   1.948
202607251806,   1.368,   1.948,9999.000,9999.000,9999.000,9999.000,9999.000,9999.000,9999.000
202607251812,   1.355,   1.928,9999.000,9999.000,9999.000,9999.000,9999.000,9999.000,9999.000
202607251818,   1.342,   1.918,9999.000,9999.000,9999.000,9999.000,9999.000,9999.000,9999.000
202607251824,   1.328,   1.908,9999.000,9999.000,9999.000,9999.000,9999.000,9999.000,9999.000
202607251830,   1.314,   1.899,9999.000,9999.000,9999.000,9999.000,9999.000,9999.000,9999.000
202607251836,   1.299,   1.889,9999.000,9999.000,9999.000,9999.000,9999.000,9999.000,9999.000
202607251842,   1.284,   1.869,9999.000,9999.000,9999.000,9999.000,9999.000,9999.000,9999.000
202607251848,   1.268,   1.859,9999.000,9999.000,9999.000,9999.000,9999.000,9999.000,9999.000
202607251854,   1.252,   1.849,9999.000,9999.000,9999.000,9999.000,9999.000,9999.000,9999.000
202607251900,   1.235,   1.830,   0.500,   0.095,   1.830,   0.500,   1.830,   0.500,   1.830
202607251906,   1.218,   1.810,9999.000,9999.000,9999.000,9999.000,9999.000,9999.000,9999.000
202607251912,   1.201,   1.800,9999.000,9999.000,9999.000,9999.000,9999.000,9999.000,9999.000
202607251918,   1.183,   1.790,9999.000,9999.000,9999.000,9999.000,9999.000,9999.000,9999.000
202607251924,   1.165,   1.781,9999.000,9999.000,9999.000,9999.000,9999.000,9999.000,9999.000
202607251930,   1.147,   1.767,9999.000,9999.000,9999.000,9999.000,9999.000,9999.000,9999.000
202607251936,   1.128,   1.738,9999.000,9999.000,9999.000,9999.000,9999.000,9999.000,9999.000
202607251942,   1.109,   1.738,9999.000,9999.000,9999.000,9999.000,9999.000,9999.000,9999.000
202607251948,   1.090,   1.708,9999.000,9999.000,9999.000,9999.000,9999.000,9999.000,9999.000
202607251954,   1.071,   1.689,9999.000,9999.000,9999.000,9999.000,9999.000,9999.000,9999.000
202607252000,   1.052,   1.659,   0.500,   0.107,   1.659,   0.500,   1.659,   0.500,   1.659
202607252006,   1.032,   1.639,9999.000,9999.000,9999.000,9999.000,9999.000,9999.000,9999.000
202607252012,   1.012,   1.610,9999.000,9999.000,9999.000,9999.000,9999.000,9999.000,9999.000
202607252018,   0.992,   1.580,9999.000,9999.000,9999.000,9999.000,9999.000,9999.000,9999.000
202607252024,   0.972,   1.548,9999.000,9999.000,9999.000,9999.000,9999.000,9999.000,9999.000
202607252030,   0.952,   1.528,9999.000,9999.000,9999.000,9999.000,9999.000,9999.000,9999.000
202607252036,   0.932,   1.489,9999.000,9999.000,9999.000,9999.000,9999.000,9999.000,9999.000
202607252042,   0.912,   1.469,9999.000,9999.000,9999.000,9999.000,9999.000,9999.000,9999.000
202607252048,   0.892,   1.439,9999.000,9999.000,9999.000,9999.000,9999.000,9999.000,9999.000
202607252054,   0.871,   1.410,9999.000,9999.000,9999.000,9999.000,9999.000,9999.000,9999.000
202607252100,   0.851,   1.380,   0.500,   0.029,   1.380,   0.500,   1.380,   0.500,   1.380
202607252106,   0.831,   1.361,9999.000,9999.000,9999.000,9999.000,9999.000,9999.000,9999.000
202607252112,   0.811,   1.328,9999.000,9999.000,9999.000,9999.000,9999.000,9999.000,9999.000
202607252118,   0.790,   1.308,9999.000,9999.000,9999.000,9999.000,9999.000,9999.000,9999.000
202607252124,   0.770,   1.289,9999.000,9999.000,9999.000,9999.000,9999.000,9999.000,9999.000
202607252130,   0.750,   1.269,9999.000,9999.000,9999.000,9999.000,9999.000,9999.000,9999.000
202607252136,   0.729,   1.259,9999.000,9999.000,9999.000,9999.000,9999.000,9999.000,9999.000
202607252142,   0.709,   1.229,9999.000,9999.000,9999.000,9999.000,9999.000,9999.000,9999.000
202607252148,   0.688,   1.200,9999.000,9999.000,9999.000,9999.000,9999.000,9999.000,9999.000
202607252154,   0.668,   1.180,9999.000,9999.000,9999.000,9999.000,9999.000,9999.000,9999.000
202607252200,   0.647,   1.151,   0.500,   0.004,   1.151,   0.500,   1.151,   0.500,   1.151
202607252206,   0.627,   1.118,9999.000,9999.000,9999.000,9999.000,9999.000,9999.000,9999.000
202607252212,   0.606,   1.098,9999.000,9999.000,9999.000,9999.000,9999.000,9999.000,9999.000
202607252218,   0.586,   1.079,9999.000,9999.000,9999.000,9999.000,9999.000,9999.000,9999.000
202607252224,   0.565,   1.059,9999.000,9999.000,9999.000,9999.000,9999.000,9999.000,9999.000
202607252230,   0.545,   1.039,9999.000,9999.000,9999.000,9999.000,9999.000,9999.000,9999.000
202607252236,   0.524,   1.000,9999.000,9999.000,9999.000,9999.000,9999.000,9999.000,9999.000
202607252242,   0.503,   0.990,9999.000,9999.000,9999.000,9999.000,9999.000,9999.000,9999.000
202607252248,   0.483,   0.961,9999.000,9999.000,9999.000,9999.000,9999.000,9999.000,9999.000
202607252254,   0.462,   0.928,9999.000,9999.000,9999.000,9999.000,9999.000,9999.000,9999.000
202607252300,   0.442,   0.908,   0.500,  -0.034,   0.908,   0.500,   0.908,   0.500,   0.908
202607252306,   0.421,   0.879,9999.000,9999.000,9999.000,9999.000,9999.000,9999.000,9999.000
202607252312,   0.401,   0.859,9999.000,9999.000,9999.000,9999.000,9999.000,9999.000,9999.000
202607252318,   0.380,   0.829,9999.000,9999.000,9999.000,9999.000,9999.000,9999.000,9999.000
202607252324,   0.360,   0.800,9999.000,9999.000,9999.000,9999.000,9999.000,9999.000,9999.000
202607252330,   0.340,   0.780,9999.000,9999.000,9999.000,9999.000,9999.000,9999.000,9999.000
202607252336,   0.320,   0.751,9999.000,9999.000,9999.000,9999.000,9999.000,9999.000,9999.000
202607252342,   0.300,   0.708,9999.000,9999.000,9999.000,9999.000,9999.000,9999.000,9999.000
202607252348,   0.280,   0.698,9999.000,9999.000,9999.000,9999.000,9999.000,9999.000,9999.000
202607252354,   0.260,   0.669,9999.000,9999.000,9999.000,9999.000,9999.000,9999.000,9999.000
202607260000,   0.241,   0.659,   0.400,   0.018,   0.659,   0.400,   0.659,   0.400,   0.659
202607260006,   0.221,   0.639,9999.000,9999.000,9999.000,9999.000,9999.000,9999.000,9999.000
202607260012,   0.202,   0.619,9999.000,9999.000,9999.000,9999.000,9999.000,9999.000,9999.000
202607260018,   0.184,   0.610,9999.000,9999.000,9999.000,9999.000,9999.000,9999.000,9999.000
202607260024,   0.165,   0.610,9999.000,9999.000,9999.000,9999.000,9999.000,9999.000,9999.000
202607260030,   0.147,   0.590,9999.000,9999.000,9999.000,9999.000,9999.000,9999.000,9999.000
202607260036,   0.129,   0.580,9999.000,9999.000,9999.000,9999.000,9999.000,9999.000,9999.000
202607260042,   0.111,   0.580,9999.000,9999.000,9999.000,9999.000,9999.000,9999.000,9999.000
202607260048,   0.094,   0.551,9999.000,9999.000,9999.000,9999.000,9999.000,9999.000,9999.000
202607260054,   0.077,   0.531,9999.000,9999.000,9999.000,9999.000,9999.000,9999.000,9999.000
202607260100,   0.060,   0.518,   0.400,   0.058,   0.518,   0.400,   0.518,   0.400,   0.518
202607260106,   0.044,   0.488,9999.000,9999.000,9999.000,9999.000,9999.000,9999.000,9999.000
202607260112,   0.028,   0.469,9999.000,9999.000,9999.000,9999.000,9999.000,9999.000,9999.000
202607260118,   0.012,   0.449,9999.000,9999.000,9999.000,9999.000,9999.000,9999.000,9999.000
202607260124,  -0.003,   0.429,9999.000,9999.000,9999.000,9999.000,9999.000,9999.000,9999.000
202607260130,  -0.018,   0.400,9999.000,9999.000,9999.000,9999.000,9999.000,9999.000,9999.000
202607260136,  -0.033,   0.400,9999.000,9999.000,9999.000,9999.000,9999.000,9999.000,9999.000
202607260142,  -0.048,   0.380,9999.000,9999.000,9999.000,9999.000,9999.000,9999.000,9999.000
202607260148,  -0.062,   0.360,9999.000,9999.000,9999.000,9999.000,9999.000,9999.000,9999.000
202607260154,  -0.076,   0.341,9999.000,9999.000,9999.000,9999.000,9999.000,9999.000,9999.000
202607260200,  -0.090,   0.321,   0.400,   0.011,   0.321,   0.400,   0.321,   0.500,   0.421
202607260206,  -0.103,   0.308,9999.000,9999.000,9999.000,9999.000,9999.000,9999.000,9999.000
202607260212,  -0.116,   0.288,9999.000,9999.000,9999.000,9999.000,9999.000,9999.000,9999.000
202607260218,  -0.129,   0.278,9999.000,9999.000,9999.000,9999.000,9999.000,9999.000,9999.000
202607260224,  -0.142,   0.259,9999.000,9999.000,9999.000,9999.000,9999.000,9999.000,9999.000
202607260230,  -0.154,   0.249,9999.000,9999.000,9999.000,9999.000,9999.000,9999.000,9999.000
202607260236,  -0.166,   0.239,9999.000,9999.000,9999.000,9999.000,9999.000,9999.000,9999.000
202607260242,  -0.177,   0.219,9999.000,9999.000,9999.000,9999.000,9999.000,9999.000,9999.000
202607260248,  -0.188,   0.209,9999.000,9999.000,9999.000,9999.000,9999.000,9999.000,9999.000
202607260254,  -0.199,   0.180,9999.000,9999.000,9999.000,9999.000,9999.000,9999.000,9999.000
202607260300,  -0.209,   0.170,   0.400,  -0.021,   0.170,   0.400,   0.170,   0.500,   0.270
202607260306,  -0.219,   0.150,9999.000,9999.000,9999.000,9999.000,9999.000,9999.000,9999.000
202607260312,  -0.229,   0.150,9999.000,9999.000,9999.000,9999.000,9999.000,9999.000,9999.000
202607260318,  -0.238,   0.141,9999.000,9999.000,9999.000,9999.000,9999.000,9999.000,9999.000
202607260324,  -0.246,   0.121,9999.000,9999.000,9999.000,9999.000,9999.000,9999.000,9999.000
202607260330,  -0.254,   0.098,9999.000,9999.000,9999.000,9999.000,9999.000,9999.000,9999.000
202607260336,  -0.261,   0.098,9999.000,9999.000,9999.000,9999.000,9999.000,9999.000,9999.000
202607260342,  -0.267,   0.078,9999.000,9999.000,9999.000,9999.000,9999.000,9999.000,9999.000
202607260348,  -0.273,   0.068,9999.000,9999.000,9999.000,9999.000,9999.000,9999.000,9999.000
202607260354,  -0.279,   0.068,9999.000,9999.000,9999.000,9999.000,9999.000,9999.000,9999.000
202607260400,  -0.283,   0.059,   0.400,  -0.058,   0.059,   0.400,   0.059,   0.500,   0.159
202607260406,  -0.287,   0.059,9999.000,9999.000,9999.000,9999.000,9999.000,9999.000,9999.000
202607260412,  -0.290,   0.049,9999.000,9999.000,9999.000,9999.000,9999.000,9999.000,9999.000
202607260418,  -0.292,   0.049,9999.000,9999.000,9999.000,9999.000,9999.000,9999.000,9999.000
202607260424,  -0.293,   0.039,9999.000,9999.000,9999.000,9999.000,9999.000,9999.000,9999.000
202607260430,  -0.294,   0.029,9999.000,9999.000,9999.000,9999.000,9999.000,9999.000,9999.000
202607260436,  -0.293,   0.029,9999.000,9999.000,9999.000,9999.000,9999.000,9999.000,9999.000
202607260442,  -0.292,   0.019,9999.000,9999.000,9999.000,9999.000,9999.000,9999.000,9999.000
202607260448,  -0.290,   0.000,9999.000,9999.000,9999.000,9999.000,9999.000,9999.000,9999.000
202607260454,  -0.287,   0.000,9999.000,9999.000,9999.000,9999.000,9999.000,9999.000,9999.000
202607260500,  -0.283,   0.000,   0.400,  -0.117,   0.000,   0.400,   0.000,   0.400,   0.000
202607260506,  -0.278,   0.000,9999.000,9999.000,9999.000,9999.000,9999.000,9999.000,9999.000
202607260512,  -0.272,   0.000,9999.000,9999.000,9999.000,9999.000,9999.000,9999.000,9999.000
202607260518,  -0.265,  -0.009,9999.000,9999.000,9999.000,9999.000,9999.000,9999.000,9999.000
202607260524,  -0.257,   0.000,9999.000,9999.000,9999.000,9999.000,9999.000,9999.000,9999.000
202607260530,  -0.248,   0.009,9999.000,9999.000,9999.000,9999.000,9999.000,9999.000,9999.000
202607260536,  -0.239,   0.009,9999.000,9999.000,9999.000,9999.000,9999.000,9999.000,9999.000
202607260542,  -0.228,   0.009,9999.000,9999.000,9999.000,9999.000,9999.000,9999.000,9999.000
202607260548,  -0.217,   0.009,9999.000,9999.000,9999.000,9999.000,9999.000,9999.000,9999.000
202607260554,  -0.205,   0.019,9999.000,9999.000,9999.000,9999.000,9999.000,9999.000,9999.000
202607260600,  -0.192,   0.019,   0.400,  -0.189,   0.019,   0.300,  -0.081,   0.400,   0.019
202607260606,  -0.178,9999.000,9999.000,9999.000,9999.000,9999.000,9999.000,9999.000,9999.000
202607260612,  -0.164,9999.000,9999.000,9999.000,9999.000,9999.000,9999.000,9999.000,9999.000
202607260618,  -0.148,9999.000,9999.000,9999.000,9999.000,9999.000,9999.000,9999.000,9999.000
202607260624,  -0.132,9999.000,9999.000,9999.000,9999.000,9999.000,9999.000,9999.000,9999.000
202607260630,  -0.115,9999.000,9999.000,9999.000,9999.000,9999.000,9999.000,9999.000,9999.000
202607260636,  -0.098,9999.000,9999.000,9999.000,9999.000,9999.000,9999.000,9999.000,9999.000
202607260642,  -0.080,9999.000,9999.000,9999.000,9999.000,9999.000,9999.000,9999.000,9999.000
202607260648,  -0.061,9999.000,9999.000,9999.000,9999.000,9999.000,9999.000,9999.000,9999.000
202607260654,  -0.042,9999.000,9999.000,9999.000,9999.000,9999.000,9999.000,9999.000,9999.000
202607260700,  -0.022,9999.000,   0.400,  -0.118,   0.260,   0.300,   0.160,   0.400,   0.260
202607260706,  -0.002,9999.000,9999.000,9999.000,9999.000,9999.000,9999.000,9999.000,9999.000
202607260712,   0.018,9999.000,9999.000,9999.000,9999.000,9999.000,9999.000,9999.000,9999.000
202607260718,   0.039,9999.000,9999.000,9999.000,9999.000,9999.000,9999.000,9999.000,9999.000
202607260724,   0.061,9999.000,9999.000,9999.000,9999.000,9999.000,9999.000,9999.000,9999.000
202607260730,   0.083,9999.000,9999.000,9999.000,9999.000,9999.000,9999.000,9999.000,9999.000
202607260736,   0.105,9999.000,9999.000,9999.000,9999.000,9999.000,9999.000,9999.000,9999.000
202607260742,   0.128,9999.000,9999.000,9999.000,9999.000,9999.000,9999.000,9999.000,9999.000
202607260748,   0.151,9999.000,9999.000,9999.000,9999.000,9999.000,9999.000,9999.000,9999.000
202607260754,   0.175,9999.000,9999.000,9999.000,9999.000,9999.000,9999.000,9999.000,9999.000
202607260800,   0.199,9999.000,   0.400,  -0.047,   0.552,   0.300,   0.452,   0.400,   0.552
202607260806,   0.222,9999.000,9999.000,9999.000,9999.000,9999.000,9999.000,9999.000,9999.000
202607260812,   0.246,9999.000,9999.000,9999.000,9999.000,9999.000,9999.000,9999.000,9999.000
202607260818,   0.271,9999.000,9999.000,9999.000,9999.000,9999.000,9999.000,9999.000,9999.000
202607260824,   0.295,9999.000,9999.000,9999.000,9999.000,9999.000,9999.000,9999.000,9999.000
202607260830,   0.319,9999.000,9999.000,9999.000,9999.000,9999.000,9999.000,9999.000,9999.000
202607260836,   0.344,9999.000,9999.000,9999.000,9999.000,9999.000,9999.000,9999.000,9999.000
202607260842,   0.368,9999.000,9999.000,9999.000,9999.000,9999.000,9999.000,9999.000,9999.000
202607260848,   0.393,9999.000,9999.000,9999.000,9999.000,9999.000,9999.000,9999.000,9999.000
202607260854,   0.417,9999.000,9999.000,9999.000,9999.000,9999.000,9999.000,9999.000,9999.000
202607260900,   0.442,9999.000,   0.300,   0.024,   0.766,   0.300,   0.766,   0.400,   0.866
202607260906,   0.466,9999.000,9999.000,9999.000,9999.000,9999.000,9999.000,9999.000,9999.000
202607260912,   0.490,9999.000,9999.000,9999.000,9999.000,9999.000,9999.000,9999.000,9999.000
202607260918,   0.514,9999.000,9999.000,9999.000,9999.000,9999.000,9999.000,9999.000,9999.000
202607260924,   0.537,9999.000,9999.000,9999.000,9999.000,9999.000,9999.000,9999.000,9999.000
202607260930,   0.561,9999.000,9999.000,9999.000,9999.000,9999.000,9999.000,9999.000,9999.000
202607260936,   0.584,9999.000,9999.000,9999.000,9999.000,9999.000,9999.000,9999.000,9999.000
202607260942,   0.606,9999.000,9999.000,9999.000,9999.000,9999.000,9999.000,9999.000,9999.000
202607260948,   0.629,9999.000,9999.000,9999.000,9999.000,9999.000,9999.000,9999.000,9999.000
202607260954,   0.651,9999.000,9999.000,9999.000,9999.000,9999.000,9999.000,9999.000,9999.000
202607261000,   0.672,9999.000,   0.300,   0.095,   1.067,   0.300,   1.067,   0.300,   1.067
202607261006,   0.694,9999.000,9999.000,9999.000,9999.000,9999.000,9999.000,9999.000,9999.000
202607261012,   0.714,9999.000,9999.000,9999.000,9999.000,9999.000,9999.000,9999.000,9999.000
202607261018,   0.735,9999.000,9999.000,9999.000,9999.000,9999.000,9999.000,9999.000,9999.000
202607261024,   0.754,9999.000,9999.000,9999.000,9999.000,9999.000,9999.000,9999.000,9999.000
202607261030,   0.774,9999.000,9999.000,9999.000,9999.000,9999.000,9999.000,9999.000,9999.000
202607261036,   0.793,9999.000,9999.000,9999.000,9999.000,9999.000,9999.000,9999.000,9999.000
202607261042,   0.811,9999.000,9999.000,9999.000,9999.000,9999.000,9999.000,9999.000,9999.000
202607261048,   0.829,9999.000,9999.000,9999.000,9999.000,9999.000,9999.000,9999.000,9999.000
202607261054,   0.847,9999.000,9999.000,9999.000,9999.000,9999.000,9999.000,9999.000,9999.000
202607261100,   0.864,9999.000,   0.300,   0.166,   1.330,   0.300,   1.330,   0.300,   1.330
202607261106,   0.881,9999.000,9999.000,9999.000,9999.000,9999.000,9999.000,9999.000,9999.000
202607261112,   0.898,9999.000,9999.000,9999.000,9999.000,9999.000,9999.000,9999.000,9999.000
202607261118,   0.914,9999.000,9999.000,9999.000,9999.000,9999.000,9999.000,9999.000,9999.000
202607261124,   0.930,9999.000,9999.000,9999.000,9999.000,9999.000,9999.000,9999.000,9999.000
202607261130,   0.945,9999.000,9999.000,9999.000,9999.000,9999.000,9999.000,9999.000,9999.000
202607261136,   0.960,9999.000,9999.000,9999.000,9999.000,9999.000,9999.000,9999.000,9999.000
202607261142,   0.975,9999.000,9999.000,9999.000,9999.000,9999.000,9999.000,9999.000,9999.000
202607261148,   0.990,9999.000,9999.000,9999.000,9999.000,9999.000,9999.000,9999.000,9999.000
202607261154,   1.005,9999.000,9999.000,9999.000,9999.000,9999.000,9999.000,9999.000,9999.000
202607261200,   1.019,9999.000,   0.300,   0.237,   1.556,   0.200,   1.456,   0.300,   1.556
202607261206,   1.033,9999.000,9999.000,9999.000,9999.000,9999.000,9999.000,9999.000,9999.000
202607261212,   1.047,9999.000,9999.000,9999.000,9999.000,9999.000,9999.000,9999.000,9999.000
202607261218,   1.061,9999.000,9999.000,9999.000,9999.000,9999.000,9999.000,9999.000,9999.000
202607261224,   1.075,9999.000,9999.000,9999.000,9999.000,9999.000,9999.000,9999.000,9999.000
202607261230,   1.089,9999.000,9999.000,9999.000,9999.000,9999.000,9999.000,9999.000,9999.000
202607261236,   1.103,9999.000,9999.000,9999.000,9999.000,9999.000,9999.000,9999.000,9999.000
202607261242,   1.117,9999.000,9999.000,9999.000,9999.000,9999.000,9999.000,9999.000,9999.000
202607261248,   1.131,9999.000,9999.000,9999.000,9999.000,9999.000,9999.000,9999.000,9999.000
202607261254,   1.145,9999.000,9999.000,9999.000,9999.000,9999.000,9999.000,9999.000,9999.000
202607261300,   1.159,9999.000,   0.300,   0.308,   1.767,   0.200,   1.667,   0.300,   1.767
202607261306,   1.173,9999.000,9999.000,9999.000,9999.000,9999.000,9999.000,9999.000,9999.000
202607261312,   1.187,9999.000,9999.000,9999.000,9999.000,9999.000,9999.000,9999.000,9999.000
202607261318,   1.200,9999.000,9999.000,9999.000,9999.000,9999.000,9999.000,9999.000,9999.000
202607261324,   1.214,9999.000,9999.000,9999.000,9999.000,9999.000,9999.000,9999.000,9999.000
202607261330,   1.228,9999.000,9999.000,9999.000,9999.000,9999.000,9999.000,9999.000,9999.000
202607261336,   1.242,9999.000,9999.000,9999.000,9999.000,9999.000,9999.000,9999.000,9999.000
202607261342,   1.256,9999.000,9999.000,9999.000,9999.000,9999.000,9999.000,9999.000,9999.000
202607261348,   1.269,9999.000,9999.000,9999.000,9999.000,9999.000,9999.000,9999.000,9999.000
202607261354,   1.283,9999.000,9999.000,9999.000,9999.000,9999.000,9999.000,9999.000,9999.000
202607261400,   1.296,9999.000,   0.300,   0.379,   1.975,   0.200,   1.875,   0.300,   1.975
202607261406,   1.309,9999.000,9999.000,9999.000,9999.000,9999.000,9999.000,9999.000,9999.000
202607261412,   1.322,9999.000,9999.000,9999.000,9999.000,9999.000,9999.000,9999.000,9999.000
202607261418,   1.335,9999.000,9999.000,9999.000,9999.000,9999.000,9999.000,9999.000,9999.000
202607261424,   1.348,9999.000,9999.000,9999.000,9999.000,9999.000,9999.000,9999.000,9999.000
202607261430,   1.360,9999.000,9999.000,9999.000,9999.000,9999.000,9999.000,9999.000,9999.000
202607261436,   1.373,9999.000,9999.000,9999.000,9999.000,9999.000,9999.000,9999.000,9999.000
202607261442,   1.385,9999.000,9999.000,9999.000,9999.000,9999.000,9999.000,9999.000,9999.000
202607261448,   1.396,9999.000,9999.000,9999.000,9999.000,9999.000,9999.000,9999.000,9999.000
202607261454,   1.407,9999.000,9999.000,9999.000,9999.000,9999.000,9999.000,9999.000,9999.000
202607261500,   1.418,9999.000,   0.300,   0.450,   2.168,   0.200,   2.068,   0.300,   2.168
202607261506,   1.429,9999.000,9999.000,9999.000,9999.000,9999.000,9999.000,9999.000,9999.000
202607261512,   1.439,9999.000,9999.000,9999.000,9999.000,9999.000,9999.000,9999.000,9999.000
202607261518,   1.449,9999.000,9999.000,9999.000,9999.000,9999.000,9999.000,9999.000,9999.000
202607261524,   1.459,9999.000,9999.000,9999.000,9999.000,9999.000,9999.000,9999.000,9999.000
202607261530,   1.468,9999.000,9999.000,9999.000,9999.000,9999.000,9999.000,9999.000,9999.000
202607261536,   1.477,9999.000,9999.000,9999.000,9999.000,9999.000,9999.000,9999.000,9999.000
202607261542,   1.485,9999.000,9999.000,9999.000,9999.000,9999.000,9999.000,9999.000,9999.000
202607261548,   1.493,9999.000,9999.000,9999.000,9999.000,9999.000,9999.000,9999.000,9999.000
202607261554,   1.500,9999.000,9999.000,9999.000,9999.000,9999.000,9999.000,9999.000,9999.000
202607261600,   1.507,9999.000,   0.200,   0.521,   2.228,   0.200,   2.228,   0.300,   2.328
202607261606,   1.513,9999.000,9999.000,9999.000,9999.000,9999.000,9999.000,9999.000,9999.000
202607261612,   1.519,9999.000,9999.000,9999.000,9999.000,9999.000,9999.000,9999.000,9999.000
202607261618,   1.525,9999.000,9999.000,9999.000,9999.000,9999.000,9999.000,9999.000,9999.000
202607261624,   1.530,9999.000,9999.000,9999.000,9999.000,9999.000,9999.000,9999.000,9999.000
202607261630,   1.534,9999.000,9999.000,9999.000,9999.000,9999.000,9999.000,9999.000,9999.000
202607261636,   1.538,9999.000,9999.000,9999.000,9999.000,9999.000,9999.000,9999.000,9999.000
202607261642,   1.542,9999.000,9999.000,9999.000,9999.000,9999.000,9999.000,9999.000,9999.000
202607261648,   1.545,9999.000,9999.000,9999.000,9999.000,9999.000,9999.000,9999.000,9999.000
202607261654,   1.547,9999.000,9999.000,9999.000,9999.000,9999.000,9999.000,9999.000,9999.000
202607261700,   1.549,9999.000,   0.200,   0.591,   2.340,   0.200,   2.340,   0.300,   2.440
202607261706,   1.550,9999.000,9999.000,9999.000,9999.000,9999.000,9999.000,9999.000,9999.000
202607261712,   1.550,9999.000,9999.000,9999.000,9999.000,9999.000,9999.000,9999.000,9999.000
202607261718,   1.550,9999.000,9999.000,9999.000,9999.000,9999.000,9999.000,9999.000,9999.000
202607261724,   1.550,9999.000,9999.000,9999.000,9999.000,9999.000,9999.000,9999.000,9999.000
202607261730,   1.548,9999.000,9999.000,9999.000,9999.000,9999.000,9999.000,9999.000,9999.000
202607261736,   1.546,9999.000,9999.000,9999.000,9999.000,9999.000,9999.000,9999.000,9999.000
202607261742,   1.544,9999.000,9999.000,9999.000,9999.000,9999.000,9999.000,9999.000,9999.000
202607261748,   1.540,9999.000,9999.000,9999.000,9999.000,9999.000,9999.000,9999.000,9999.000
202607261754,   1.536,9999.000,9999.000,9999.000,9999.000,9999.000,9999.000,9999.000,9999.000
202607261800,   1.532,9999.000,   0.200,   0.662,   2.394,   0.200,   2.394,   0.300,   2.494
202607261806,   1.526,9999.000,9999.000,9999.000,9999.000,9999.000,9999.000,9999.000,9999.000
202607261812,   1.520,9999.000,9999.000,9999.000,9999.000,9999.000,9999.000,9999.000,9999.000
202607261818,   1.513,9999.000,9999.000,9999.000,9999.000,9999.000,9999.000,9999.000,9999.000
202607261824,   1.505,9999.000,9999.000,9999.000,9999.000,9999.000,9999.000,9999.000,9999.000
202607261830,   1.497,9999.000,9999.000,9999.000,9999.000,9999.000,9999.000,9999.000,9999.000
202607261836,   1.488,9999.000,9999.000,9999.000,9999.000,9999.000,9999.000,9999.000,9999.000
202607261842,   1.478,9999.000,9999.000,9999.000,9999.000,9999.000,9999.000,9999.000,9999.000
202607261848,   1.468,9999.000,9999.000,9999.000,9999.000,9999.000,9999.000,9999.000,9999.000
202607261854,   1.456,9999.000,9999.000,9999.000,9999.000,9999.000,9999.000,9999.000,9999.000
202607261900,   1.444,9999.000,   0.200,   0.662,   2.306,   0.200,   2.306,   0.300,   2.406
202607261906,   1.432,9999.000,9999.000,9999.000,9999.000,9999.000,9999.000,9999.000,9999.000
202607261912,   1.419,9999.000,9999.000,9999.000,9999.000,9999.000,9999.000,9999.000,9999.000
202607261918,   1.405,9999.000,9999.000,9999.000,9999.000,9999.000,9999.000,9999.000,9999.000
202607261924,   1.391,9999.000,9999.000,9999.000,9999.000,9999.000,9999.000,9999.000,9999.000
202607261930,   1.376,9999.000,9999.000,9999.000,9999.000,9999.000,9999.000,9999.000,9999.000
202607261936,   1.360,9999.000,9999.000,9999.000,9999.000,9999.000,9999.000,9999.000,9999.000
202607261942,   1.344,9999.000,9999.000,9999.000,9999.000,9999.000,9999.000,9999.000,9999.000
202607261948,   1.328,9999.000,9999.000,9999.000,9999.000,9999.000,9999.000,9999.000,9999.000
202607261954,   1.311,9999.000,9999.000,9999.000,9999.000,9999.000,9999.000,9999.000,9999.000
202607262000,   1.294,9999.000,   0.200,   0.662,   2.156,   0.200,   2.156,   0.300,   2.256
202607262006,   1.276,9999.000,9999.000,9999.000,9999.000,9999.000,9999.000,9999.000,9999.000
202607262012,   1.258,9999.000,9999.000,9999.000,9999.000,9999.000,9999.000,9999.000,9999.000
202607262018,   1.239,9999.000,9999.000,9999.000,9999.000,9999.000,9999.000,9999.000,9999.000
202607262024,   1.220,9999.000,9999.000,9999.000,9999.000,9999.000,9999.000,9999.000,9999.000
202607262030,   1.201,9999.000,9999.000,9999.000,9999.000,9999.000,9999.000,9999.000,9999.000
202607262036,   1.182,9999.000,9999.000,9999.000,9999.000,9999.000,9999.000,9999.000,9999.000
202607262042,   1.162,9999.000,9999.000,9999.000,9999.000,9999.000,9999.000,9999.000,9999.000
202607262048,   1.142,9999.000,9999.000,9999.000,9999.000,9999.000,9999.000,9999.000,9999.000
202607262054,   1.122,9999.000,9999.000,9999.000,9999.000,9999.000,9999.000,9999.000,9999.000
202607262100,   1.102,9999.000,   0.200,   0.662,   1.964,   0.200,   1.964,   0.300,   2.064
202607262106,   1.081,9999.000,9999.000,9999.000,9999.000,9999.000,9999.000,9999.000,9999.000
202607262112,   1.060,9999.000,9999.000,9999.000,9999.000,9999.000,9999.000,9999.000,9999.000
202607262118,   1.039,9999.000,9999.000,9999.000,9999.000,9999.000,9999.000,9999.000,9999.000
202607262124,   1.018,9999.000,9999.000,9999.000,9999.000,9999.000,9999.000,9999.000,9999.000
202607262130,   0.997,9999.000,9999.000,9999.000,9999.000,9999.000,9999.000,9999.000,9999.000
202607262136,   0.975,9999.000,9999.000,9999.000,9999.000,9999.000,9999.000,9999.000,9999.000
202607262142,   0.954,9999.000,9999.000,9999.000,9999.000,9999.000,9999.000,9999.000,9999.000
202607262148,   0.932,9999.000,9999.000,9999.000,9999.000,9999.000,9999.000,9999.000,9999.000
202607262154,   0.910,9999.000,9999.000,9999.000,9999.000,9999.000,9999.000,9999.000,9999.000
202607262200,   0.888,9999.000,   0.300,   0.662,   1.850,   0.200,   1.750,   0.300,   1.850
202607262206,   0.865,9999.000,9999.000,9999.000,9999.000,9999.000,9999.000,9999.000,9999.000
202607262212,   0.843,9999.000,9999.000,9999.000,9999.000,9999.000,9999.000,9999.000,9999.000
202607262218,   0.821,9999.000,9999.000,9999.000,9999.000,9999.000,9999.000,9999.000,9999.000
202607262224,   0.798,9999.000,9999.000,9999.000,9999.000,9999.000,9999.000,9999.000,9999.000
202607262230,   0.775,9999.000,9999.000,9999.000,9999.000,9999.000,9999.000,9999.000,9999.000
202607262236,   0.752,9999.000,9999.000,9999.000,9999.000,9999.000,9999.000,9999.000,9999.000
202607262242,   0.729,9999.000,9999.000,9999.000,9999.000,9999.000,9999.000,9999.000,9999.000
202607262248,   0.706,9999.000,9999.000,9999.000,9999.000,9999.000,9999.000,9999.000,9999.000
202607262254,   0.683,9999.000,9999.000,9999.000,9999.000,9999.000,9999.000,9999.000,9999.000
202607262300,   0.660,9999.000,   0.300,   0.662,   1.622,   0.200,   1.522,   0.300,   1.622
202607262306,   0.637,9999.000,9999.000,9999.000,9999.000,9999.000,9999.000,9999.000,9999.000
202607262312,   0.614,9999.000,9999.000,9999.000,9999.000,9999.000,9999.000,9999.000,9999.000
202607262318,   0.591,9999.000,9999.000,9999.000,9999.000,9999.000,9999.000,9999.000,9999.000
202607262324,   0.568,9999.000,9999.000,9999.000,9999.000,9999.000,9999.000,9999.000,9999.000
202607262330,   0.544,9999.000,9999.000,9999.000,9999.000,9999.000,9999.000,9999.000,9999.000
202607262336,   0.521,9999.000,9999.000,9999.000,9999.000,9999.000,9999.000,9999.000,9999.000
202607262342,   0.499,9999.000,9999.000,9999.000,9999.000,9999.000,9999.000,9999.000,9999.000
202607262348,   0.476,9999.000,9999.000,9999.000,9999.000,9999.000,9999.000,9999.000,9999.000
202607262354,   0.453,9999.000,9999.000,9999.000,9999.000,9999.000,9999.000,9999.000,9999.000
202607270000,   0.431,9999.000,   0.300,   0.662,   1.393,   0.200,   1.293,   0.300,   1.393
202607270006,   0.408,9999.000,9999.000,9999.000,9999.000,9999.000,9999.000,9999.000,9999.000
202607270012,   0.386,9999.000,9999.000,9999.000,9999.000,9999.000,9999.000,9999.000,9999.000
202607270018,   0.364,9999.000,9999.000,9999.000,9999.000,9999.000,9999.000,9999.000,9999.000
202607270024,   0.343,9999.000,9999.000,9999.000,9999.000,9999.000,9999.000,9999.000,9999.000
202607270030,   0.321,9999.000,9999.000,9999.000,9999.000,9999.000,9999.000,9999.000,9999.000
202607270036,   0.300,9999.000,9999.000,9999.000,9999.000,9999.000,9999.000,9999.000,9999.000
202607270042,   0.279,9999.000,9999.000,9999.000,9999.000,9999.000,9999.000,9999.000,9999.000
202607270048,   0.258,9999.000,9999.000,9999.000,9999.000,9999.000,9999.000,9999.000,9999.000
202607270054,   0.238,9999.000,9999.000,9999.000,9999.000,9999.000,9999.000,9999.000,9999.000
202607270100,   0.218,9999.000,   0.300,   0.662,   1.180,   0.200,   1.080,   0.300,   1.180
202607270106,   0.198,9999.000,9999.000,9999.000,9999.000,9999.000,9999.000,9999.000,9999.000
202607270112,   0.178,9999.000,9999.000,9999.000,9999.000,9999.000,9999.000,9999.000,9999.000
202607270118,   0.159,9999.000,9999.000,9999.000,9999.000,9999.000,9999.000,9999.000,9999.000
202607270124,   0.140,9999.000,9999.000,9999.000,9999.000,9999.000,9999.000,9999.000,9999.000
202607270130,   0.121,9999.000,9999.000,9999.000,9999.000,9999.000,9999.000,9999.000,9999.000
202607270136,   0.102,9999.000,9999.000,9999.000,9999.000,9999.000,9999.000,9999.000,9999.000
202607270142,   0.084,9999.000,9999.000,9999.000,9999.000,9999.000,9999.000,9999.000,9999.000
202607270148,   0.066,9999.000,9999.000,9999.000,9999.000,9999.000,9999.000,9999.000,9999.000
202607270154,   0.048,9999.000,9999.000,9999.000,9999.000,9999.000,9999.000,9999.000,9999.000
202607270200,   0.031,9999.000,   0.300,   0.662,   0.993,   0.200,   0.893,   0.300,   0.993
202607270206,   0.013,9999.000,9999.000,9999.000,9999.000,9999.000,9999.000,9999.000,9999.000
202607270212,  -0.002,9999.000,9999.000,9999.000,9999.000,9999.000,9999.000,9999.000,9999.000
202607270218,  -0.019,9999.000,9999.000,9999.000,9999.000,9999.000,9999.000,9999.000,9999.000
202607270224,  -0.036,9999.000,9999.000,9999.000,9999.000,9999.000,9999.000,9999.000,9999.000
202607270230,  -0.052,9999.000,9999.000,9999.000,9999.000,9999.000,9999.000,9999.000,9999.000
202607270236,  -0.068,9999.000,9999.000,9999.000,9999.000,9999.000,9999.000,9999.000,9999.000
202607270242,  -0.083,9999.000,9999.000,9999.000,9999.000,9999.000,9999.000,9999.000,9999.000
202607270248,  -0.098,9999.000,9999.000,9999.000,9999.000,9999.000,9999.000,9999.000,9999.000
202607270254,  -0.113,9999.000,9999.000,9999.000,9999.000,9999.000,9999.000,9999.000,9999.000
202607270300,  -0.128,9999.000,   0.300,   0.662,   0.834,   0.200,   0.734,   0.300,   0.834
202607270306,  -0.142,9999.000,9999.000,9999.000,9999.000,9999.000,9999.000,9999.000,9999.000
202607270312,  -0.156,9999.000,9999.000,9999.000,9999.000,9999.000,9999.000,9999.000,9999.000
202607270318,  -0.169,9999.000,9999.000,9999.000,9999.000,9999.000,9999.000,9999.000,9999.000
202607270324,  -0.182,9999.000,9999.000,9999.000,9999.000,9999.000,9999.000,9999.000,9999.000
202607270330,  -0.194,9999.000,9999.000,9999.000,9999.000,9999.000,9999.000,9999.000,9999.000
202607270336,  -0.206,9999.000,9999.000,9999.000,9999.000,9999.000,9999.000,9999.000,9999.000
202607270342,  -0.217,9999.000,9999.000,9999.000,9999.000,9999.000,9999.000,9999.000,9999.000
202607270348,  -0.228,9999.000,9999.000,9999.000,9999.000,9999.000,9999.000,9999.000,9999.000
202607270354,  -0.237,9999.000,9999.000,9999.000,9999.000,9999.000,9999.000,9999.000,9999.000
202607270400,  -0.247,9999.000,   0.200,   0.662,   0.615,   0.100,   0.515,   0.300,   0.715
202607270406,  -0.255,9999.000,9999.000,9999.000,9999.000,9999.000,9999.000,9999.000,9999.000
202607270412,  -0.263,9999.000,9999.000,9999.000,9999.000,9999.000,9999.000,9999.000,9999.000
202607270418,  -0.270,9999.000,9999.000,9999.000,9999.000,9999.000,9999.000,9999.000,9999.000
202607270424,  -0.277,9999.000,9999.000,9999.000,9999.000,9999.000,9999.000,9999.000,9999.000
202607270430,  -0.282,9999.000,9999.000,9999.000,9999.000,9999.000,9999.000,9999.000,9999.000
202607270436,  -0.287,9999.000,9999.000,9999.000,9999.000,9999.000,9999.000,9999.000,9999.000
202607270442,  -0.291,9999.000,9999.000,9999.000,9999.000,9999.000,9999.000,9999.000,9999.000
202607270448,  -0.293,9999.000,9999.000,9999.000,9999.000,9999.000,9999.000,9999.000,9999.000
202607270454,  -0.295,9999.000,9999.000,9999.000,9999.000,9999.000,9999.000,9999.000,9999.000
202607270500,  -0.297,9999.000,   0.200,   0.662,   0.565,   0.100,   0.465,   0.300,   0.665
202607270506,  -0.297,9999.000,9999.000,9999.000,9999.000,9999.000,9999.000,9999.000,9999.000
202607270512,  -0.296,9999.000,9999.000,9999.000,9999.000,9999.000,9999.000,9999.000,9999.000
202607270518,  -0.294,9999.000,9999.000,9999.000,9999.000,9999.000,9999.000,9999.000,9999.000
202607270524,  -0.292,9999.000,9999.000,9999.000,9999.000,9999.000,9999.000,9999.000,9999.000
202607270530,  -0.288,9999.000,9999.000,9999.000,9999.000,9999.000,9999.000,9999.000,9999.000
202607270536,  -0.284,9999.000,9999.000,9999.000,9999.000,9999.000,9999.000,9999.000,9999.000
202607270542,  -0.279,9999.000,9999.000,9999.000,9999.000,9999.000,9999.000,9999.000,9999.000
202607270548,  -0.272,9999.000,9999.000,9999.000,9999.000,9999.000,9999.000,9999.000,9999.000
202607270554,  -0.265,9999.000,9999.000,9999.000,9999.000,9999.000,9999.000,9999.000,9999.000
202607270600,  -0.257,9999.000,   0.200,   0.662,   0.605,   0.100,   0.505,   0.300,   0.705
202607270606,  -0.248,9999.000,9999.000,9999.000,9999.000,9999.000,9999.000,9999.000,9999.000
202607270612,  -0.239,9999.000,9999.000,9999.000,9999.000,9999.000,9999.000,9999.000,9999.000
202607270618,  -0.228,9999.000,9999.000,9999.000,9999.000,9999.000,9999.000,9999.000,9999.000
202607270624,  -0.217,9999.000,9999.000,9999.000,9999.000,9999.000,9999.000,9999.000,9999.000
202607270630,  -0.205,9999.000,9999.000,9999.000,9999.000,9999.000,9999.000,9999.000,9999.000
202607270636,  -0.192,9999.000,9999.000,9999.000,9999.000,9999.000,9999.000,9999.000,9999.000
202607270642,  -0.178,9999.000,9999.000,9999.000,9999.000,9999.000,9999.000,9999.000,9999.000
202607270648,  -0.163,9999.000,9999.000,9999.000,9999.000,9999.000,9999.000,9999.000,9999.000
202607270654,  -0.148,9999.000,9999.000,9999.000,9999.000,9999.000,9999.000,9999.000,9999.000
202607270700,  -0.132,9999.000,   0.200,   0.662,   0.730,   0.100,   0.630,   0.200,   0.730
202607270706,  -0.115,9999.000,9999.000,9999.000,9999.000,9999.000,9999.000,9999.000,9999.000
202607270712,  -0.098,9999.000,9999.000,9999.000,9999.000,9999.000,9999.000,9999.000,9999.000
202607270718,  -0.080,9999.000,9999.000,9999.000,9999.000,9999.000,9999.000,9999.000,9999.000
202607270724,  -0.061,9999.000,9999.000,9999.000,9999.000,9999.000,9999.000,9999.000,9999.000
202607270730,  -0.042,9999.000,9999.000,9999.000,9999.000,9999.000,9999.000,9999.000,9999.000
202607270736,  -0.022,9999.000,9999.000,9999.000,9999.000,9999.000,9999.000,9999.000,9999.000
202607270742,  -0.002,9999.000,9999.000,9999.000,9999.000,9999.000,9999.000,9999.000,9999.000
202607270748,   0.018,9999.000,9999.000,9999.000,9999.000,9999.000,9999.000,9999.000,9999.000
202607270754,   0.039,9999.000,9999.000,9999.000,9999.000,9999.000,9999.000,9999.000,9999.000
202607270800,   0.061,9999.000,   0.100,   0.662,   0.823,   0.100,   0.823,   0.200,   0.923
202607270806,   0.084,9999.000,9999.000,9999.000,9999.000,9999.000,9999.000,9999.000,9999.000
202607270812,   0.106,9999.000,9999.000,9999.000,9999.000,9999.000,9999.000,9999.000,9999.000
202607270818,   0.130,9999.000,9999.000,9999.000,9999.000,9999.000,9999.000,9999.000,9999.000
202607270824,   0.153,9999.000,9999.000,9999.000,9999.000,9999.000,9999.000,9999.000,9999.000
202607270830,   0.177,9999.000,9999.000,9999.000,9999.000,9999.000,9999.000,9999.000,9999.000
202607270836,   0.201,9999.000,9999.000,9999.000,9999.000,9999.000,9999.000,9999.000,9999.000
202607270842,   0.226,9999.000,9999.000,9999.000,9999.000,9999.000,9999.000,9999.000,9999.000
202607270848,   0.250,9999.000,9999.000,9999.000,9999.000,9999.000,9999.000,9999.000,9999.000
202607270854,   0.275,9999.000,9999.000,9999.000,9999.000,9999.000,9999.000,9999.000,9999.000
202607270900,   0.300,9999.000,   0.100,   0.662,   1.062,   0.000,   0.962,   0.200,   1.162
202607270906,   0.325,9999.000,9999.000,9999.000,9999.000,9999.000,9999.000,9999.000,9999.000
202607270912,   0.350,9999.000,9999.000,9999.000,9999.000,9999.000,9999.000,9999.000,9999.000
202607270918,   0.375,9999.000,9999.000,9999.000,9999.000,9999.000,9999.000,9999.000,9999.000
202607270924,   0.400,9999.000,9999.000,9999.000,9999.000,9999.000,9999.000,9999.000,9999.000
202607270930,   0.425,9999.000,9999.000,9999.000,9999.000,9999.000,9999.000,9999.000,9999.000
202607270936,   0.449,9999.000,9999.000,9999.000,9999.000,9999.000,9999.000,9999.000,9999.000
202607270942,   0.474,9999.000,9999.000,9999.000,9999.000,9999.000,9999.000,9999.000,9999.000
202607270948,   0.498,9999.000,9999.000,9999.000,9999.000,9999.000,9999.000,9999.000,9999.000
202607270954,   0.522,9999.000,9999.000,9999.000,9999.000,9999.000,9999.000,9999.000,9999.000
202607271000,   0.546,9999.000,   0.100,   0.662,   1.308,   0.000,   1.208,   0.200,   1.408
202607271006,   0.569,9999.000,9999.000,9999.000,9999.000,9999.000,9999.000,9999.000,9999.000
202607271012,   0.592,9999.000,9999.000,9999.000,9999.000,9999.000,9999.000,9999.000,9999.000
202607271018,   0.615,9999.000,9999.000,9999.000,9999.000,9999.000,9999.000,9999.000,9999.000
202607271024,   0.637,9999.000,9999.000,9999.000,9999.000,9999.000,9999.000,9999.000,9999.000
202607271030,   0.659,9999.000,9999.000,9999.000,9999.000,9999.000,9999.000,9999.000,9999.000
202607271036,   0.681,9999.000,9999.000,9999.000,9999.000,9999.000,9999.000,9999.000,9999.000
202607271042,   0.702,9999.000,9999.000,9999.000,9999.000,9999.000,9999.000,9999.000,9999.000
202607271048,   0.722,9999.000,9999.000,9999.000,9999.000,9999.000,9999.000,9999.000,9999.000
202607271054,   0.742,9999.000,9999.000,9999.000,9999.000,9999.000,9999.000,9999.000,9999.000
202607271100,   0.762,9999.000,   0.100,   0.662,   1.524,   0.000,   1.424,   0.200,   1.624
202607271106,   0.781,9999.000,9999.000,9999.000,9999.000,9999.000,9999.000,9999.000,9999.000
202607271112,   0.800,9999.000,9999.000,9999.000,9999.000,9999.000,9999.000,9999.000,9999.000
202607271118,   0.818,9999.000,9999.000,9999.000,9999.000,9999.000,9999.000,9999.000,9999.000
202607271124,   0.836,9999.000,9999.000,9999.000,9999.000,9999.000,9999.000,9999.000,9999.000
202607271130,   0.854,9999.000,9999.000,9999.000,9999.000,9999.000,9999.000,9999.000,9999.000
202607271136,   0.871,9999.000,9999.000,9999.000,9999.000,9999.000,9999.000,9999.000,9999.000
202607271142,   0.888,9999.000,9999.000,9999.000,9999.000,9999.000,9999.000,9999.000,9999.000
202607271148,   0.904,9999.000,9999.000,9999.000,9999.000,9999.000,9999.000,9999.000,9999.000
202607271154,   0.921,9999.000,9999.000,9999.000,9999.000,9999.000,9999.000,9999.000,9999.000
202607271200,   0.936,9999.000,   0.100,   0.662,   1.698,   0.000,   1.598,   0.200,   1.798
202607271206,   0.952,9999.000,9999.000,9999.000,9999.000,9999.000,9999.000,9999.000,9999.000
202607271212,   0.967,9999.000,9999.000,9999.000,9999.000,9999.000,9999.000,9999.000,9999.000
202607271218,   0.983,9999.000,9999.000,9999.000,9999.000,9999.000,9999.000,9999.000,9999.000
202607271224,   0.998,9999.000,9999.000,9999.000,9999.000,9999.000,9999.000,9999.000,9999.000
202607271230,   1.012,9999.000,9999.000,9999.000,9999.000,9999.000,9999.000,9999.000,9999.000
202607271236,   1.027,9999.000,9999.000,9999.000,9999.000,9999.000,9999.000,9999.000,9999.000
202607271242,   1.042,9999.000,9999.000,9999.000,9999.000,9999.000,9999.000,9999.000,9999.000
202607271248,   1.056,9999.000,9999.000,9999.000,9999.000,9999.000,9999.000,9999.000,9999.000
202607271254,   1.070,9999.000,9999.000,9999.000,9999.000,9999.000,9999.000,9999.000,9999.000
202607271300,   1.085,9999.000,   0.100,   0.662,   1.847,   0.000,   1.747,   0.200,   1.947
202607271306,   1.099,9999.000,9999.000,9999.000,9999.000,9999.000,9999.000,9999.000,9999.000
202607271312,   1.113,9999.000,9999.000,9999.000,9999.000,9999.000,9999.000,9999.000,9999.000
202607271318,   1.127,9999.000,9999.000,9999.000,9999.000,9999.000,9999.000,9999.000,9999.000
202607271324,   1.141,9999.000,9999.000,9999.000,9999.000,9999.000,9999.000,9999.000,9999.000
202607271330,   1.155,9999.000,9999.000,9999.000,9999.000,9999.000,9999.000,9999.000,9999.000
202607271336,   1.169,9999.000,9999.000,9999.000,9999.000,9999.000,9999.000,9999.000,9999.000
202607271342,   1.183,9999.000,9999.000,9999.000,9999.000,9999.000,9999.000,9999.000,9999.000
202607271348,   1.196,9999.000,9999.000,9999.000,9999.000,9999.000,9999.000,9999.000,9999.000
202607271354,   1.210,9999.000,9999.000,9999.000,9999.000,9999.000,9999.000,9999.000,9999.000
202607271400,   1.224,9999.000,   0.100,   0.662,   1.986,   0.000,   1.886,   0.200,   2.086
202607271406,   1.237,9999.000,9999.000,9999.000,9999.000,9999.000,9999.000,9999.000,9999.000
202607271412,   1.251,9999.000,9999.000,9999.000,9999.000,9999.000,9999.000,9999.000,9999.000
202607271418,   1.264,9999.000,9999.000,9999.000,9999.000,9999.000,9999.000,9999.000,9999.000
202607271424,   1.277,9999.000,9999.000,9999.000,9999.000,9999.000,9999.000,9999.000,9999.000
202607271430,   1.290,9999.000,9999.000,9999.000,9999.000,9999.000,9999.000,9999.000,9999.000
202607271436,   1.303,9999.000,9999.000,9999.000,9999.000,9999.000,9999.000,9999.000,9999.000
202607271442,   1.316,9999.000,9999.000,9999.000,9999.000,9999.000,9999.000,9999.000,9999.000
202607271448,   1.329,9999.000,9999.000,9999.000,9999.000,9999.000,9999.000,9999.000,9999.000
202607271454,   1.341,9999.000,9999.000,9999.000,9999.000,9999.000,9999.000,9999.000,9999.000
202607271500,   1.354,9999.000,   0.100,   0.662,   2.116,   0.000,   2.016,   0.200,   2.216
202607271506,   1.366,9999.000,9999.000,9999.000,9999.000,9999.000,9999.000,9999.000,9999.000
202607271512,   1.378,9999.000,9999.000,9999.000,9999.000,9999.000,9999.000,9999.000,9999.000
202607271518,   1.391,9999.000,9999.000,9999.000,9999.000,9999.000,9999.000,9999.000,9999.000
202607271524,   1.402,9999.000,9999.000,9999.000,9999.000,9999.000,9999.000,9999.000,9999.000
202607271530,   1.414,9999.000,9999.000,9999.000,9999.000,9999.000,9999.000,9999.000,9999.000
202607271536,   1.426,9999.000,9999.000,9999.000,9999.000,9999.000,9999.000,9999.000,9999.000
202607271542,   1.437,9999.000,9999.000,9999.000,9999.000,9999.000,9999.000,9999.000,9999.000
202607271548,   1.448,9999.000,9999.000,9999.000,9999.000,9999.000,9999.000,9999.000,9999.000
202607271554,   1.459,9999.000,9999.000,9999.000,9999.000,9999.000,9999.000,9999.000,9999.000
202607271600,   1.470,9999.000,   0.100,   0.662,   2.232,   0.000,   2.132,   0.200,   2.332
202607271606,   1.481,9999.000,9999.000,9999.000,9999.000,9999.000,9999.000,9999.000,9999.000
202607271612,   1.491,9999.000,9999.000,9999.000,9999.000,9999.000,9999.000,9999.000,9999.000
202607271618,   1.501,9999.000,9999.000,9999.000,9999.000,9999.000,9999.000,9999.000,9999.000
202607271624,   1.511,9999.000,9999.000,9999.000,9999.000,9999.000,9999.000,9999.000,9999.000
202607271630,   1.520,9999.000,9999.000,9999.000,9999.000,9999.000,9999.000,9999.000,9999.000
202607271636,   1.530,9999.000,9999.000,9999.000,9999.000,9999.000,9999.000,9999.000,9999.000
202607271642,   1.539,9999.000,9999.000,9999.000,9999.000,9999.000,9999.000,9999.000,9999.000
202607271648,   1.547,9999.000,9999.000,9999.000,9999.000,9999.000,9999.000,9999.000,9999.000
202607271654,   1.556,9999.000,9999.000,9999.000,9999.000,9999.000,9999.000,9999.000,9999.000
202607271700,   1.563,9999.000,   0.100,   0.662,   2.325,   0.000,   2.225,   0.200,   2.425
202607271706,   1.571,9999.000,9999.000,9999.000,9999.000,9999.000,9999.000,9999.000,9999.000
202607271712,   1.578,9999.000,9999.000,9999.000,9999.000,9999.000,9999.000,9999.000,9999.000
202607271718,   1.585,9999.000,9999.000,9999.000,9999.000,9999.000,9999.000,9999.000,9999.000
202607271724,   1.591,9999.000,9999.000,9999.000,9999.000,9999.000,9999.000,9999.000,9999.000
202607271730,   1.596,9999.000,9999.000,9999.000,9999.000,9999.000,9999.000,9999.000,9999.000
202607271736,   1.601,9999.000,9999.000,9999.000,9999.000,9999.000,9999.000,9999.000,9999.000
202607271742,   1.605,9999.000,9999.000,9999.000,9999.000,9999.000,9999.000,9999.000,9999.000
202607271748,   1.609,9999.000,9999.000,9999.000,9999.000,9999.000,9999.000,9999.000,9999.000
202607271754,   1.612,9999.000,9999.000,9999.000,9999.000,9999.000,9999.000,9999.000,9999.000
202607271800,   1.615,9999.000,   0.100,   0.662,   2.377,   0.000,   2.277,   0.200,   2.477
202607271806,   1.616,9999.000,9999.000,9999.000,9999.000,9999.000,9999.000,9999.000,9999.000
202607271812,   1.617,9999.000,9999.000,9999.000,9999.000,9999.000,9999.000,9999.000,9999.000
202607271818,   1.618,9999.000,9999.000,9999.000,9999.000,9999.000,9999.000,9999.000,9999.000
202607271824,   1.617,9999.000,9999.000,9999.000,9999.000,9999.000,9999.000,9999.000,9999.000
202607271830,   1.616,9999.000,9999.000,9999.000,9999.000,9999.000,9999.000,9999.000,9999.000
202607271836,   1.614,9999.000,9999.000,9999.000,9999.000,9999.000,9999.000,9999.000,9999.000
202607271842,   1.611,9999.000,9999.000,9999.000,9999.000,9999.000,9999.000,9999.000,9999.000
202607271848,   1.607,9999.000,9999.000,9999.000,9999.000,9999.000,9999.000,9999.000,9999.000
202607271854,   1.602,9999.000,9999.000,9999.000,9999.000,9999.000,9999.000,9999.000,9999.000
202607271900,   1.597,9999.000,   0.100,   0.662,   2.359,   0.000,   2.259,   0.200,   2.459
202607271906,   1.591,9999.000,9999.000,9999.000,9999.000,9999.000,9999.000,9999.000,9999.000
202607271912,   1.584,9999.000,9999.000,9999.000,9999.000,9999.000,9999.000,9999.000,9999.000
202607271918,   1.576,9999.000,9999.000,9999.000,9999.000,9999.000,9999.000,9999.000,9999.000
202607271924,   1.568,9999.000,9999.000,9999.000,9999.000,9999.000,9999.000,9999.000,9999.000
202607271930,   1.558,9999.000,9999.000,9999.000,9999.000,9999.000,9999.000,9999.000,9999.000
202607271936,   1.548,9999.000,9999.000,9999.000,9999.000,9999.000,9999.000,9999.000,9999.000
202607271942,   1.537,9999.000,9999.000,9999.000,9999.000,9999.000,9999.000,9999.000,9999.000
202607271948,   1.526,9999.000,9999.000,9999.000,9999.000,9999.000,9999.000,9999.000,9999.000
202607271954,   1.514,9999.000,9999.000,9999.000,9999.000,9999.000,9999.000,9999.000,9999.000
202607272000,   1.501,9999.000,   0.200,   0.662,   2.363,   0.100,   2.263,   0.200,   2.363
202607272006,   1.487,9999.000,9999.000,9999.000,9999.000,9999.000,9999.000,9999.000,9999.000
202607272012,   1.473,9999.000,9999.000,9999.000,9999.000,9999.000,9999.000,9999.000,9999.000
202607272018,   1.458,9999.000,9999.000,9999.000,9999.000,9999.000,9999.000,9999.000,9999.000
202607272024,   1.443,9999.000,9999.000,9999.000,9999.000,9999.000,9999.000,9999.000,9999.000
202607272030,   1.427,9999.000,9999.000,9999.000,9999.000,9999.000,9999.000,9999.000,9999.000
202607272036,   1.410,9999.000,9999.000,9999.000,9999.000,9999.000,9999.000,9999.000,9999.000
202607272042,   1.393,9999.000,9999.000,9999.000,9999.000,9999.000,9999.000,9999.000,9999.000
202607272048,   1.375,9999.000,9999.000,9999.000,9999.000,9999.000,9999.000,9999.000,9999.000
202607272054,   1.357,9999.000,9999.000,9999.000,9999.000,9999.000,9999.000,9999.000,9999.000
202607272100,   1.339,9999.000,   0.200,   0.662,   2.201,   0.100,   2.101,   0.300,   2.301
202607272106,   1.320,9999.000,9999.000,9999.000,9999.000,9999.000,9999.000,9999.000,9999.000
202607272112,   1.300,9999.000,9999.000,9999.000,9999.000,9999.000,9999.000,9999.000,9999.000
202607272118,   1.280,9999.000,9999.000,9999.000,9999.000,9999.000,9999.000,9999.000,9999.000
202607272124,   1.260,9999.000,9999.000,9999.000,9999.000,9999.000,9999.000,9999.000,9999.000
202607272130,   1.239,9999.000,9999.000,9999.000,9999.000,9999.000,9999.000,9999.000,9999.000
202607272136,   1.218,9999.000,9999.000,9999.000,9999.000,9999.000,9999.000,9999.000,9999.000
202607272142,   1.196,9999.000,9999.000,9999.000,9999.000,9999.000,9999.000,9999.000,9999.000
202607272148,   1.175,9999.000,9999.000,9999.000,9999.000,9999.000,9999.000,9999.000,9999.000
202607272154,   1.152,9999.000,9999.000,9999.000,9999.000,9999.000,9999.000,9999.000,9999.000
202607272200,   1.130,9999.000,   0.200,   0.662,   1.992,   0.100,   1.892,   0.300,   2.092
202607272206,   1.107,9999.000,9999.000,9999.000,9999.000,9999.000,9999.000,9999.000,9999.000
202607272212,   1.083,9999.000,9999.000,9999.000,9999.000,9999.000,9999.000,9999.000,9999.000
202607272218,   1.060,9999.000,9999.000,9999.000,9999.000,9999.000,9999.000,9999.000,9999.000
202607272224,   1.036,9999.000,9999.000,9999.000,9999.000,9999.000,9999.000,9999.000,9999.000
202607272230,   1.011,9999.000,9999.000,9999.000,9999.000,9999.000,9999.000,9999.000,9999.000
202607272236,   0.987,9999.000,9999.000,9999.000,9999.000,9999.000,9999.000,9999.000,9999.000
202607272242,   0.962,9999.000,9999.000,9999.000,9999.000,9999.000,9999.000,9999.000,9999.000
202607272248,   0.937,9999.000,9999.000,9999.000,9999.000,9999.000,9999.000,9999.000,9999.000
202607272254,   0.912,9999.000,9999.000,9999.000,9999.000,9999.000,9999.000,9999.000,9999.000
202607272300,   0.887,9999.000,   0.200,   0.662,   1.749,   0.100,   1.649,   0.300,   1.849
202607272306,   0.861,9999.000,9999.000,9999.000,9999.000,9999.000,9999.000,9999.000,9999.000
202607272312,   0.836,9999.000,9999.000,9999.000,9999.000,9999.000,9999.000,9999.000,9999.000
202607272318,   0.810,9999.000,9999.000,9999.000,9999.000,9999.000,9999.000,9999.000,9999.000
202607272324,   0.784,9999.000,9999.000,9999.000,9999.000,9999.000,9999.000,9999.000,9999.000
202607272330,   0.759,9999.000,9999.000,9999.000,9999.000,9999.000,9999.000,9999.000,9999.000
202607272336,   0.733,9999.000,9999.000,9999.000,9999.000,9999.000,9999.000,9999.000,9999.000
202607272342,   0.707,9999.000,9999.000,9999.000,9999.000,9999.000,9999.000,9999.000,9999.000
202607272348,   0.681,9999.000,9999.000,9999.000,9999.000,9999.000,9999.000,9999.000,9999.000
202607272354,   0.656,9999.000,9999.000,9999.000,9999.000,9999.000,9999.000,9999.000,9999.000
202607280000,   0.630,9999.000,   0.200,   0.662,   1.492,   0.200,   1.492,   0.300,   1.592
202607280006,   0.605,9999.000,9999.000,9999.000,9999.000,9999.000,9999.000,9999.000,9999.000
202607280012,   0.580,9999.000,9999.000,9999.000,9999.000,9999.000,9999.000,9999.000,9999.000
202607280018,   0.555,9999.000,9999.000,9999.000,9999.000,9999.000,9999.000,9999.000,9999.000
202607280024,   0.530,9999.000,9999.000,9999.000,9999.000,9999.000,9999.000,9999.000,9999.000
202607280030,   0.505,9999.000,9999.000,9999.000,9999.000,9999.000,9999.000,9999.000,9999.000
202607280036,   0.481,9999.000,9999.000,9999.000,9999.000,9999.000,9999.000,9999.000,9999.000
202607280042,   0.456,9999.000,9999.000,9999.000,9999.000,9999.000,9999.000,9999.000,9999.000
202607280048,   0.432,9999.000,9999.000,9999.000,9999.000,9999.000,9999.000,9999.000,9999.000
202607280054,   0.409,9999.000,9999.000,9999.000,9999.000,9999.000,9999.000,9999.000,9999.000
202607280100,   0.385,9999.000,   0.300,   0.662,   1.347,   0.200,   1.247,   0.300,   1.347
202607280106,   0.362,9999.000,9999.000,9999.000,9999.000,9999.000,9999.000,9999.000,9999.000
202607280112,   0.339,9999.000,9999.000,9999.000,9999.000,9999.000,9999.000,9999.000,9999.000
202607280118,   0.317,9999.000,9999.000,9999.000,9999.000,9999.000,9999.000,9999.000,9999.000
202607280124,   0.294,9999.000,9999.000,9999.000,9999.000,9999.000,9999.000,9999.000,9999.000
202607280130,   0.272,9999.000,9999.000,9999.000,9999.000,9999.000,9999.000,9999.000,9999.000
202607280136,   0.250,9999.000,9999.000,9999.000,9999.000,9999.000,9999.000,9999.000,9999.000
202607280142,   0.229,9999.000,9999.000,9999.000,9999.000,9999.000,9999.000,9999.000,9999.000
202607280148,   0.207,9999.000,9999.000,9999.000,9999.000,9999.000,9999.000,9999.000,9999.000
202607280154,   0.186,9999.000,9999.000,9999.000,9999.000,9999.000,9999.000,9999.000,9999.000
202607280200,   0.166,9999.000,   0.300,   0.662,   1.128,   0.200,   1.028,   0.300,   1.128
202607280206,   0.145,9999.000,9999.000,9999.000,9999.000,9999.000,9999.000,9999.000,9999.000
202607280212,   0.125,9999.000,9999.000,9999.000,9999.000,9999.000,9999.000,9999.000,9999.000
202607280218,   0.105,9999.000,9999.000,9999.000,9999.000,9999.000,9999.000,9999.000,9999.000
202607280224,   0.085,9999.000,9999.000,9999.000,9999.000,9999.000,9999.000,9999.000,9999.000
202607280230,   0.066,9999.000,9999.000,9999.000,9999.000,9999.000,9999.000,9999.000,9999.000
202607280236,   0.046,9999.000,9999.000,9999.000,9999.000,9999.000,9999.000,9999.000,9999.000
202607280242,   0.028,9999.000,9999.000,9999.000,9999.000,9999.000,9999.000,9999.000,9999.000
202607280248,   0.009,9999.000,9999.000,9999.000,9999.000,9999.000,9999.000,9999.000,9999.000
202607280254,  -0.008,9999.000,9999.000,9999.000,9999.000,9999.000,9999.000,9999.000,9999.000
202607280300,  -0.026,9999.000,   0.300,   0.662,   0.936,   0.200,   0.836,   0.300,   0.936
202607280306,  -0.044,9999.000,9999.000,9999.000,9999.000,9999.000,9999.000,9999.000,9999.000
202607280312,  -0.061,9999.000,9999.000,9999.000,9999.000,9999.000,9999.000,9999.000,9999.000
202607280318,  -0.077,9999.000,9999.000,9999.000,9999.000,9999.000,9999.000,9999.000,9999.000
202607280324,  -0.094,9999.000,9999.000,9999.000,9999.000,9999.000,9999.000,9999.000,9999.000
202607280330,  -0.110,9999.000,9999.000,9999.000,9999.000,9999.000,9999.000,9999.000,9999.000
202607280336,  -0.125,9999.000,9999.000,9999.000,9999.000,9999.000,9999.000,9999.000,9999.000
202607280342,  -0.140,9999.000,9999.000,9999.000,9999.000,9999.000,9999.000,9999.000,9999.000
202607280348,  -0.154,9999.000,9999.000,9999.000,9999.000,9999.000,9999.000,9999.000,9999.000
202607280354,  -0.167,9999.000,9999.000,9999.000,9999.000,9999.000,9999.000,9999.000,9999.000
202607280400,  -0.180,9999.000,   0.300,   0.662,   0.782,   0.200,   0.682,   0.400,   0.882
202607280406,  -0.193,9999.000,9999.000,9999.000,9999.000,9999.000,9999.000,9999.000,9999.000
202607280412,  -0.204,9999.000,9999.000,9999.000,9999.000,9999.000,9999.000,9999.000,9999.000
202607280418,  -0.215,9999.000,9999.000,9999.000,9999.000,9999.000,9999.000,9999.000,9999.000
202607280424,  -0.226,9999.000,9999.000,9999.000,9999.000,9999.000,9999.000,9999.000,9999.000
202607280430,  -0.235,9999.000,9999.000,9999.000,9999.000,9999.000,9999.000,9999.000,9999.000
202607280436,  -0.244,9999.000,9999.000,9999.000,9999.000,9999.000,9999.000,9999.000,9999.000
202607280442,  -0.251,9999.000,9999.000,9999.000,9999.000,9999.000,9999.000,9999.000,9999.000
202607280448,  -0.259,9999.000,9999.000,9999.000,9999.000,9999.000,9999.000,9999.000,9999.000
202607280454,  -0.265,9999.000,9999.000,9999.000,9999.000,9999.000,9999.000,9999.000,9999.000
202607280500,  -0.270,9999.000,   0.300,   0.662,   0.692,   0.200,   0.592,   0.300,   0.692
202607280506,  -0.274,9999.000,9999.000,9999.000,9999.000,9999.000,9999.000,9999.000,9999.000
202607280512,  -0.278,9999.000,9999.000,9999.000,9999.000,9999.000,9999.000,9999.000,9999.000
202607280518,  -0.281,9999.000,9999.000,9999.000,9999.000,9999.000,9999.000,9999.000,9999.000
202607280524,  -0.283,9999.000,9999.000,9999.000,9999.000,9999.000,9999.000,9999.000,9999.000
202607280530,  -0.284,9999.000,9999.000,9999.000,9999.000,9999.000,9999.000,9999.000,9999.000
202607280536,  -0.284,9999.000,9999.000,9999.000,9999.000,9999.000,9999.000,9999.000,9999.000
202607280542,  -0.283,9999.000,9999.000,9999.000,9999.000,9999.000,9999.000,9999.000,9999.000
202607280548,  -0.281,9999.000,9999.000,9999.000,9999.000,9999.000,9999.000,9999.000,9999.000
202607280554,  -0.278,9999.000,9999.000,9999.000,9999.000,9999.000,9999.000,9999.000,9999.000
202607280600,  -0.275,9999.000,   0.300,   0.662,   0.687,   0.200,   0.587,   0.300,   0.687
202607280606,  -0.270,9999.000,9999.000,9999.000,9999.000,9999.000,9999.000,9999.000,9999.000
202607280612,  -0.265,9999.000,9999.000,9999.000,9999.000,9999.000,9999.000,9999.000,9999.000
202607280618,  -0.259,9999.000,9999.000,9999.000,9999.000,9999.000,9999.000,9999.000,9999.000
202607280624,  -0.252,9999.000,9999.000,9999.000,9999.000,9999.000,9999.000,9999.000,9999.000
202607280630,  -0.244,9999.000,9999.000,9999.000,9999.000,9999.000,9999.000,9999.000,9999.000
202607280636,  -0.236,9999.000,9999.000,9999.000,9999.000,9999.000,9999.000,9999.000,9999.000
202607280642,  -0.226,9999.000,9999.000,9999.000,9999.000,9999.000,9999.000,9999.000,9999.000
202607280648,  -0.216,9999.000,9999.000,9999.000,9999.000,9999.000,9999.000,9999.000,9999.000
202607280654,  -0.205,9999.000,9999.000,9999.000,9999.000,9999.000,9999.000,9999.000,9999.000
202607280700,  -0.193,9999.000,   0.300,   0.662,   0.769,   0.200,   0.669,   0.300,   0.769
202607280706,  -0.181,9999.000,9999.000,9999.000,9999.000,9999.000,9999.000,9999.000,9999.000
202607280712,  -0.167,9999.000,9999.000,9999.000,9999.000,9999.000,9999.000,9999.000,9999.000
202607280718,  -0.153,9999.000,9999.000,9999.000,9999.000,9999.000,9999.000,9999.000,9999.000
202607280724,  -0.138,9999.000,9999.000,9999.000,9999.000,9999.000,9999.000,9999.000,9999.000
202607280730,  -0.123,9999.000,9999.000,9999.000,9999.000,9999.000,9999.000,9999.000,9999.000
202607280736,  -0.106,9999.000,9999.000,9999.000,9999.000,9999.000,9999.000,9999.000,9999.000
202607280742,  -0.089,9999.000,9999.000,9999.000,9999.000,9999.000,9999.000,9999.000,9999.000
202607280748,  -0.072,9999.000,9999.000,9999.000,9999.000,9999.000,9999.000,9999.000,9999.000
202607280754,  -0.053,9999.000,9999.000,9999.000,9999.000,9999.000,9999.000,9999.000,9999.000
202607280800,  -0.034,9999.000,   0.200,   0.662,   0.828,   0.200,   0.828,   0.300,   0.928
202607280806,  -0.015,9999.000,9999.000,9999.000,9999.000,9999.000,9999.000,9999.000,9999.000
202607280812,   0.005,9999.000,9999.000,9999.000,9999.000,9999.000,9999.000,9999.000,9999.000
202607280818,   0.026,9999.000,9999.000,9999.000,9999.000,9999.000,9999.000,9999.000,9999.000
202607280824,   0.047,9999.000,9999.000,9999.000,9999.000,9999.000,9999.000,9999.000,9999.000
202607280830,   0.069,9999.000,9999.000,9999.000,9999.000,9999.000,9999.000,9999.000,9999.000
202607280836,   0.091,9999.000,9999.000,9999.000,9999.000,9999.000,9999.000,9999.000,9999.000
202607280842,   0.114,9999.000,9999.000,9999.000,9999.000,9999.000,9999.000,9999.000,9999.000
202607280848,   0.138,9999.000,9999.000,9999.000,9999.000,9999.000,9999.000,9999.000,9999.000
202607280854,   0.161,9999.000,9999.000,9999.000,9999.000,9999.000,9999.000,9999.000,9999.000
202607280900,   0.185,9999.000,   0.200,   0.662,   1.047,   0.100,   0.947,   0.300,   1.147
202607280906,   0.210,9999.000,9999.000,9999.000,9999.000,9999.000,9999.000,9999.000,9999.000
202607280912,   0.234,9999.000,9999.000,9999.000,9999.000,9999.000,9999.000,9999.000,9999.000
202607280918,   0.259,9999.000,9999.000,9999.000,9999.000,9999.000,9999.000,9999.000,9999.000
202607280924,   0.284,9999.000,9999.000,9999.000,9999.000,9999.000,9999.000,9999.000,9999.000
202607280930,   0.309,9999.000,9999.000,9999.000,9999.000,9999.000,9999.000,9999.000,9999.000
202607280936,   0.334,9999.000,9999.000,9999.000,9999.000,9999.000,9999.000,9999.000,9999.000
202607280942,   0.359,9999.000,9999.000,9999.000,9999.000,9999.000,9999.000,9999.000,9999.000
202607280948,   0.384,9999.000,9999.000,9999.000,9999.000,9999.000,9999.000,9999.000,9999.000
202607280954,   0.409,9999.000,9999.000,9999.000,9999.000,9999.000,9999.000,9999.000,9999.000
202607281000,   0.433,9999.000,   0.200,   0.662,   1.295,   0.100,   1.195,   0.300,   1.395
202607281006,   0.458,9999.000,9999.000,9999.000,9999.000,9999.000,9999.000,9999.000,9999.000
202607281012,   0.482,9999.000,9999.000,9999.000,9999.000,9999.000,9999.000,9999.000,9999.000
202607281018,   0.507,9999.000,9999.000,9999.000,9999.000,9999.000,9999.000,9999.000,9999.000
202607281024,   0.530,9999.000,9999.000,9999.000,9999.000,9999.000,9999.000,9999.000,9999.000
202607281030,   0.554,9999.000,9999.000,9999.000,9999.000,9999.000,9999.000,9999.000,9999.000
202607281036,   0.577,9999.000,9999.000,9999.000,9999.000,9999.000,9999.000,9999.000,9999.000
202607281042,   0.600,9999.000,9999.000,9999.000,9999.000,9999.000,9999.000,9999.000,9999.000
202607281048,   0.623,9999.000,9999.000,9999.000,9999.000,9999.000,9999.000,9999.000,9999.000
202607281054,   0.645,9999.000,9999.000,9999.000,9999.000,9999.000,9999.000,9999.000,9999.000
202607281100,   0.667,9999.000,   0.200,   0.662,   1.529,   0.100,   1.429,   0.300,   1.629
202607281106,   0.688,9999.000,9999.000,9999.000,9999.000,9999.000,9999.000,9999.000,9999.000
202607281112,   0.709,9999.000,9999.000,9999.000,9999.000,9999.000,9999.000,9999.000,9999.000
202607281118,   0.729,9999.000,9999.000,9999.000,9999.000,9999.000,9999.000,9999.000,9999.000
202607281124,   0.750,9999.000,9999.000,9999.000,9999.000,9999.000,9999.000,9999.000,9999.000
202607281130,   0.769,9999.000,9999.000,9999.000,9999.000,9999.000,9999.000,9999.000,9999.000
202607281136,   0.788,9999.000,9999.000,9999.000,9999.000,9999.000,9999.000,9999.000,9999.000
202607281142,   0.807,9999.000,9999.000,9999.000,9999.000,9999.000,9999.000,9999.000,9999.000
202607281148,   0.825,9999.000,9999.000,9999.000,9999.000,9999.000,9999.000,9999.000,9999.000
202607281154,   0.843,9999.000,9999.000,9999.000,9999.000,9999.000,9999.000,9999.000,9999.000
202607281200,   0.861,9999.000,   0.200,   0.662,   1.723,   0.100,   1.623,   0.300,   1.823
202607281206,   0.878,9999.000,9999.000,9999.000,9999.000,9999.000,9999.000,9999.000,9999.000
202607281212,   0.896,9999.000,9999.000,9999.000,9999.000,9999.000,9999.000,9999.000,9999.000
202607281218,   0.912,9999.000,9999.000,9999.000,9999.000,9999.000,9999.000,9999.000,9999.000
202607281224,   0.929,9999.000,9999.000,9999.000,9999.000,9999.000,9999.000,9999.000,9999.000
202607281230,   0.945,9999.000,9999.000,9999.000,9999.000,9999.000,9999.000,9999.000,9999.000
202607281236,   0.961,9999.000,9999.000,9999.000,9999.000,9999.000,9999.000,9999.000,9999.000
202607281242,   0.976,9999.000,9999.000,9999.000,9999.000,9999.000,9999.000,9999.000,9999.000
202607281248,   0.992,9999.000,9999.000,9999.000,9999.000,9999.000,9999.000,9999.000,9999.000
202607281254,   1.007,9999.000,9999.000,9999.000,9999.000,9999.000,9999.000,9999.000,9999.000
202607281300,   1.022,9999.000,   0.200,   0.662,   1.884,   0.100,   1.784,   0.300,   1.984
202607281306,   1.037,9999.000,9999.000,9999.000,9999.000,9999.000,9999.000,9999.000,9999.000
202607281312,   1.051,9999.000,9999.000,9999.000,9999.000,9999.000,9999.000,9999.000,9999.000
202607281318,   1.066,9999.000,9999.000,9999.000,9999.000,9999.000,9999.000,9999.000,9999.000
202607281324,   1.080,9999.000,9999.000,9999.000,9999.000,9999.000,9999.000,9999.000,9999.000
202607281330,   1.094,9999.000,9999.000,9999.000,9999.000,9999.000,9999.000,9999.000,9999.000
202607281336,   1.108,9999.000,9999.000,9999.000,9999.000,9999.000,9999.000,9999.000,9999.000
202607281342,   1.121,9999.000,9999.000,9999.000,9999.000,9999.000,9999.000,9999.000,9999.000
202607281348,   1.135,9999.000,9999.000,9999.000,9999.000,9999.000,9999.000,9999.000,9999.000
202607281354,   1.148,9999.000,9999.000,9999.000,9999.000,9999.000,9999.000,9999.000,9999.000
202607281400,   1.162,9999.000,   0.300,   0.662,   2.124,   0.100,   1.924,   0.300,   2.124
202607281406,   1.175,9999.000,9999.000,9999.000,9999.000,9999.000,9999.000,9999.000,9999.000
202607281412,   1.188,9999.000,9999.000,9999.000,9999.000,9999.000,9999.000,9999.000,9999.000
202607281418,   1.200,9999.000,9999.000,9999.000,9999.000,9999.000,9999.000,9999.000,9999.000
202607281424,   1.213,9999.000,9999.000,9999.000,9999.000,9999.000,9999.000,9999.000,9999.000
202607281430,   1.226,9999.000,9999.000,9999.000,9999.000,9999.000,9999.000,9999.000,9999.000
202607281436,   1.238,9999.000,9999.000,9999.000,9999.000,9999.000,9999.000,9999.000,9999.000
202607281442,   1.251,9999.000,9999.000,9999.000,9999.000,9999.000,9999.000,9999.000,9999.000
202607281448,   1.263,9999.000,9999.000,9999.000,9999.000,9999.000,9999.000,9999.000,9999.000
202607281454,   1.275,9999.000,9999.000,9999.000,9999.000,9999.000,9999.000,9999.000,9999.000
202607281500,   1.287,9999.000,   0.300,   0.662,   2.249,   0.100,   2.049,   0.300,   2.249
202607281506,   1.299,9999.000,9999.000,9999.000,9999.000,9999.000,9999.000,9999.000,9999.000
202607281512,   1.311,9999.000,9999.000,9999.000,9999.000,9999.000,9999.000,9999.000,9999.000
202607281518,   1.323,9999.000,9999.000,9999.000,9999.000,9999.000,9999.000,9999.000,9999.000
202607281524,   1.335,9999.000,9999.000,9999.000,9999.000,9999.000,9999.000,9999.000,9999.000
202607281530,   1.347,9999.000,9999.000,9999.000,9999.000,9999.000,9999.000,9999.000,9999.000
202607281536,   1.359,9999.000,9999.000,9999.000,9999.000,9999.000,9999.000,9999.000,9999.000
202607281542,   1.371,9999.000,9999.000,9999.000,9999.000,9999.000,9999.000,9999.000,9999.000
202607281548,   1.382,9999.000,9999.000,9999.000,9999.000,9999.000,9999.000,9999.000,9999.000
202607281554,   1.394,9999.000,9999.000,9999.000,9999.000,9999.000,9999.000,9999.000,9999.000
202607281600,   1.406,9999.000,   0.300,   0.662,   2.368,   0.200,   2.268,   0.400,   2.468
202607281606,   1.418,9999.000,9999.000,9999.000,9999.000,9999.000,9999.000,9999.000,9999.000
202607281612,   1.429,9999.000,9999.000,9999.000,9999.000,9999.000,9999.000,9999.000,9999.000
202607281618,   1.441,9999.000,9999.000,9999.000,9999.000,9999.000,9999.000,9999.000,9999.000
202607281624,   1.453,9999.000,9999.000,9999.000,9999.000,9999.000,9999.000,9999.000,9999.000
202607281630,   1.465,9999.000,9999.000,9999.000,9999.000,9999.000,9999.000,9999.000,9999.000
202607281636,   1.476,9999.000,9999.000,9999.000,9999.000,9999.000,9999.000,9999.000,9999.000
202607281642,   1.488,9999.000,9999.000,9999.000,9999.000,9999.000,9999.000,9999.000,9999.000
202607281648,   1.499,9999.000,9999.000,9999.000,9999.000,9999.000,9999.000,9999.000,9999.000
202607281654,   1.510,9999.000,9999.000,9999.000,9999.000,9999.000,9999.000,9999.000,9999.000
202607281700,   1.522,9999.000,   0.300,   0.662,   2.484,   0.200,   2.384,   0.400,   2.584
202607281706,   1.533,9999.000,9999.000,9999.000,9999.000,9999.000,9999.000,9999.000,9999.000
202607281712,   1.543,9999.000,9999.000,9999.000,9999.000,9999.000,9999.000,9999.000,9999.000
202607281718,   1.554,9999.000,9999.000,9999.000,9999.000,9999.000,9999.000,9999.000,9999.000
202607281724,   1.564,9999.000,9999.000,9999.000,9999.000,9999.000,9999.000,9999.000,9999.000
202607281730,   1.574,9999.000,9999.000,9999.000,9999.000,9999.000,9999.000,9999.000,9999.000
202607281736,   1.584,9999.000,9999.000,9999.000,9999.000,9999.000,9999.000,9999.000,9999.000
202607281742,   1.593,9999.000,9999.000,9999.000,9999.000,9999.000,9999.000,9999.000,9999.000
202607281748,   1.602,9999.000,9999.000,9999.000,9999.000,9999.000,9999.000,9999.000,9999.000
202607281754,   1.610,9999.000,9999.000,9999.000,9999.000,9999.000,9999.000,9999.000,9999.000
202607281800,   1.618,9999.000,   0.300,   0.662,   2.580,   0.200,   2.480,   0.400,   2.680
202607281806,   1.626,9999.000,9999.000,9999.000,9999.000,9999.000,9999.000,9999.000,9999.000
202607281812,   1.632,9999.000,9999.000,9999.000,9999.000,9999.000,9999.000,9999.000,9999.000
202607281818,   1.639,9999.000,9999.000,9999.000,9999.000,9999.000,9999.000,9999.000,9999.000
202607281824,   1.644,9999.000,9999.000,9999.000,9999.000,9999.000,9999.000,9999.000,9999.000
202607281830,   1.649,9999.000,9999.000,9999.000,9999.000,9999.000,9999.000,9999.000,9999.000
202607281836,   1.653,9999.000,9999.000,9999.000,9999.000,9999.000,9999.000,9999.000,9999.000
202607281842,   1.657,9999.000,9999.000,9999.000,9999.000,9999.000,9999.000,9999.000,9999.000
202607281848,   1.659,9999.000,9999.000,9999.000,9999.000,9999.000,9999.000,9999.000,9999.000
202607281854,   1.661,9999.000,9999.000,9999.000,9999.000,9999.000,9999.000,9999.000,9999.000
202607281900,   1.662,9999.000,   0.300,   0.662,   2.624,   0.200,   2.524,   0.400,   2.724
202607281906,   1.663,9999.000,9999.000,9999.000,9999.000,9999.000,9999.000,9999.000,9999.000
202607281912,   1.662,9999.000,9999.000,9999.000,9999.000,9999.000,9999.000,9999.000,9999.000
202607281918,   1.661,9999.000,9999.000,9999.000,9999.000,9999.000,9999.000,9999.000,9999.000
202607281924,   1.659,9999.000,9999.000,9999.000,9999.000,9999.000,9999.000,9999.000,9999.000
202607281930,   1.656,9999.000,9999.000,9999.000,9999.000,9999.000,9999.000,9999.000,9999.000
202607281936,   1.653,9999.000,9999.000,9999.000,9999.000,9999.000,9999.000,9999.000,9999.000
202607281942,   1.648,9999.000,9999.000,9999.000,9999.000,9999.000,9999.000,9999.000,9999.000
202607281948,   1.643,9999.000,9999.000,9999.000,9999.000,9999.000,9999.000,9999.000,9999.000
202607281954,   1.637,9999.000,9999.000,9999.000,9999.000,9999.000,9999.000,9999.000,9999.000
202607282000,   1.630,9999.000,   0.300,   0.662,   2.592,   0.200,   2.492,   0.400,   2.692
202607282006,   1.622,9999.000,9999.000,9999.000,9999.000,9999.000,9999.000,9999.000,9999.000
202607282012,   1.614,9999.000,9999.000,9999.000,9999.000,9999.000,9999.000,9999.000,9999.000
202607282018,   1.605,9999.000,9999.000,9999.000,9999.000,9999.000,9999.000,9999.000,9999.000
202607282024,   1.595,9999.000,9999.000,9999.000,9999.000,9999.000,9999.000,9999.000,9999.000
202607282030,   1.584,9999.000,9999.000,9999.000,9999.000,9999.000,9999.000,9999.000,9999.000
202607282036,   1.573,9999.000,9999.000,9999.000,9999.000,9999.000,9999.000,9999.000,9999.000
202607282042,   1.560,9999.000,9999.000,9999.000,9999.000,9999.000,9999.000,9999.000,9999.000
202607282048,   1.547,9999.000,9999.000,9999.000,9999.000,9999.000,9999.000,9999.000,9999.000
202607282054,   1.534,9999.000,9999.000,9999.000,9999.000,9999.000,9999.000,9999.000,9999.000
202607282100,   1.519,9999.000,   0.300,   0.662,   2.481,   0.200,   2.381,   0.400,   2.581
202607282106,   1.504,9999.000,9999.000,9999.000,9999.000,9999.000,9999.000,9999.000,9999.000
202607282112,   1.488,9999.000,9999.000,9999.000,9999.000,9999.000,9999.000,9999.000,9999.000
202607282118,   1.472,9999.000,9999.000,9999.000,9999.000,9999.000,9999.000,9999.000,9999.000
202607282124,   1.455,9999.000,9999.000,9999.000,9999.000,9999.000,9999.000,9999.000,9999.000
202607282130,   1.437,9999.000,9999.000,9999.000,9999.000,9999.000,9999.000,9999.000,9999.000
202607282136,   1.419,9999.000,9999.000,9999.000,9999.000,9999.000,9999.000,9999.000,9999.000
202607282142,   1.399,9999.000,9999.000,9999.000,9999.000,9999.000,9999.000,9999.000,9999.000
202607282148,   1.380,9999.000,9999.000,9999.000,9999.000,9999.000,9999.000,9999.000,9999.000
202607282154,   1.359,9999.000,9999.000,9999.000,9999.000,9999.000,9999.000,9999.000,9999.000
202607282200,   1.338,9999.000,   0.300,   0.662,   2.300,   0.300,   2.300,   0.400,   2.400
202607282206,   1.317,9999.000,9999.000,9999.000,9999.000,9999.000,9999.000,9999.000,9999.000
202607282212,   1.295,9999.000,9999.000,9999.000,9999.000,9999.000,9999.000,9999.000,9999.000
202607282218,   1.272,9999.000,9999.000,9999.000,9999.000,9999.000,9999.000,9999.000,9999.000
202607282224,   1.249,9999.000,9999.000,9999.000,9999.000,9999.000,9999.000,9999.000,9999.000
202607282230,   1.225,9999.000,9999.000,9999.000,9999.000,9999.000,9999.000,9999.000,9999.000
202607282236,   1.201,9999.000,9999.000,9999.000,9999.000,9999.000,9999.000,9999.000,9999.000
202607282242,   1.176,9999.000,9999.000,9999.000,9999.000,9999.000,9999.000,9999.000,9999.000
202607282248,   1.151,9999.000,9999.000,9999.000,9999.000,9999.000,9999.000,9999.000,9999.000
202607282254,   1.125,9999.000,9999.000,9999.000,9999.000,9999.000,9999.000,9999.000,9999.000
202607282300,   1.099,9999.000,   0.400,   0.662,   2.161,   0.300,   2.061,   0.500,   2.261
202607282306,   1.073,9999.000,9999.000,9999.000,9999.000,9999.000,9999.000,9999.000,9999.000
202607282312,   1.046,9999.000,9999.000,9999.000,9999.000,9999.000,9999.000,9999.000,9999.000
202607282318,   1.019,9999.000,9999.000,9999.000,9999.000,9999.000,9999.000,9999.000,9999.000
202607282324,   0.992,9999.000,9999.000,9999.000,9999.000,9999.000,9999.000,9999.000,9999.000
202607282330,   0.965,9999.000,9999.000,9999.000,9999.000,9999.000,9999.000,9999.000,9999.000
202607282336,   0.937,9999.000,9999.000,9999.000,9999.000,9999.000,9999.000,9999.000,9999.000
202607282342,   0.910,9999.000,9999.000,9999.000,9999.000,9999.000,9999.000,9999.000,9999.000
202607282348,   0.882,9999.000,9999.000,9999.000,9999.000,9999.000,9999.000,9999.000,9999.000
202607282354,   0.854,9999.000,9999.000,9999.000,9999.000,9999.000,9999.000,9999.000,9999.000
202607290000,   0.826,9999.000,   0.400,   0.662,   1.888,   0.300,   1.788,   0.500,   1.988
202607290006,   0.798,9999.000,9999.000,9999.000,9999.000,9999.000,9999.000,9999.000,9999.000
202607290012,   0.771,9999.000,9999.000,9999.000,9999.000,9999.000,9999.000,9999.000,9999.000
202607290018,   0.743,9999.000,9999.000,9999.000,9999.000,9999.000,9999.000,9999.000,9999.000
202607290024,   0.715,9999.000,9999.000,9999.000,9999.000,9999.000,9999.000,9999.000,9999.000
202607290030,   0.688,9999.000,9999.000,9999.000,9999.000,9999.000,9999.000,9999.000,9999.000
202607290036,   0.661,9999.000,9999.000,9999.000,9999.000,9999.000,9999.000,9999.000,9999.000
202607290042,   0.633,9999.000,9999.000,9999.000,9999.000,9999.000,9999.000,9999.000,9999.000
202607290048,   0.607,9999.000,9999.000,9999.000,9999.000,9999.000,9999.000,9999.000,9999.000
202607290054,   0.580,9999.000,9999.000,9999.000,9999.000,9999.000,9999.000,9999.000,9999.000
202607290100,   0.553,9999.000,   0.400,   0.662,   1.615,   0.300,   1.515,   0.500,   1.715
202607290106,   0.527,9999.000,9999.000,9999.000,9999.000,9999.000,9999.000,9999.000,9999.000
202607290112,   0.501,9999.000,9999.000,9999.000,9999.000,9999.000,9999.000,9999.000,9999.000
202607290118,   0.475,9999.000,9999.000,9999.000,9999.000,9999.000,9999.000,9999.000,9999.000
202607290124,   0.450,9999.000,9999.000,9999.000,9999.000,9999.000,9999.000,9999.000,9999.000
202607290130,   0.425,9999.000,9999.000,9999.000,9999.000,9999.000,9999.000,9999.000,9999.000
202607290136,   0.400,9999.000,9999.000,9999.000,9999.000,9999.000,9999.000,9999.000,9999.000
202607290142,   0.375,9999.000,9999.000,9999.000,9999.000,9999.000,9999.000,9999.000,9999.000
202607290148,   0.351,9999.000,9999.000,9999.000,9999.000,9999.000,9999.000,9999.000,9999.000
202607290154,   0.327,9999.000,9999.000,9999.000,9999.000,9999.000,9999.000,9999.000,9999.000
202607290200,   0.303,9999.000,   0.400,   0.662,   1.365,   0.300,   1.265,   0.500,   1.465
202607290206,   0.279,9999.000,9999.000,9999.000,9999.000,9999.000,9999.000,9999.000,9999.000
202607290212,   0.256,9999.000,9999.000,9999.000,9999.000,9999.000,9999.000,9999.000,9999.000
202607290218,   0.233,9999.000,9999.000,9999.000,9999.000,9999.000,9999.000,9999.000,9999.000
202607290224,   0.210,9999.000,9999.000,9999.000,9999.000,9999.000,9999.000,9999.000,9999.000
202607290230,   0.188,9999.000,9999.000,9999.000,9999.000,9999.000,9999.000,9999.000,9999.000
202607290236,   0.166,9999.000,9999.000,9999.000,9999.000,9999.000,9999.000,9999.000,9999.000
202607290242,   0.144,9999.000,9999.000,9999.000,9999.000,9999.000,9999.000,9999.000,9999.000
202607290248,   0.123,9999.000,9999.000,9999.000,9999.000,9999.000,9999.000,9999.000,9999.000
202607290254,   0.102,9999.000,9999.000,9999.000,9999.000,9999.000,9999.000,9999.000,9999.000
202607290300,   0.081,9999.000,   0.400,   0.662,   1.143,   0.300,   1.043,   0.500,   1.243
202607290306,   0.061,9999.000,9999.000,9999.000,9999.000,9999.000,9999.000,9999.000,9999.000
202607290312,   0.041,9999.000,9999.000,9999.000,9999.000,9999.000,9999.000,9999.000,9999.000
202607290318,   0.022,9999.000,9999.000,9999.000,9999.000,9999.000,9999.000,9999.000,9999.000
202607290324,   0.003,9999.000,9999.000,9999.000,9999.000,9999.000,9999.000,9999.000,9999.000
202607290330,  -0.014,9999.000,9999.000,9999.000,9999.000,9999.000,9999.000,9999.000,9999.000
202607290336,  -0.032,9999.000,9999.000,9999.000,9999.000,9999.000,9999.000,9999.000,9999.000
202607290342,  -0.049,9999.000,9999.000,9999.000,9999.000,9999.000,9999.000,9999.000,9999.000
202607290348,  -0.066,9999.000,9999.000,9999.000,9999.000,9999.000,9999.000,9999.000,9999.000
202607290354,  -0.082,9999.000,9999.000,9999.000,9999.000,9999.000,9999.000,9999.000,9999.000
202607290400,  -0.098,9999.000,   0.400,   0.662,   0.964,   0.300,   0.864,   0.500,   1.064
202607290406,  -0.113,9999.000,9999.000,9999.000,9999.000,9999.000,9999.000,9999.000,9999.000
202607290412,  -0.127,9999.000,9999.000,9999.000,9999.000,9999.000,9999.000,9999.000,9999.000
202607290418,  -0.141,9999.000,9999.000,9999.000,9999.000,9999.000,9999.000,9999.000,9999.000
202607290424,  -0.153,9999.000,9999.000,9999.000,9999.000,9999.000,9999.000,9999.000,9999.000
202607290430,  -0.165,9999.000,9999.000,9999.000,9999.000,9999.000,9999.000,9999.000,9999.000
202607290436,  -0.177,9999.000,9999.000,9999.000,9999.000,9999.000,9999.000,9999.000,9999.000
202607290442,  -0.187,9999.000,9999.000,9999.000,9999.000,9999.000,9999.000,9999.000,9999.000
202607290448,  -0.197,9999.000,9999.000,9999.000,9999.000,9999.000,9999.000,9999.000,9999.000
202607290454,  -0.206,9999.000,9999.000,9999.000,9999.000,9999.000,9999.000,9999.000,9999.000
202607290500,  -0.214,9999.000,   0.400,   0.662,   0.848,   0.300,   0.748,   0.500,   0.948
202607290506,  -0.221,9999.000,9999.000,9999.000,9999.000,9999.000,9999.000,9999.000,9999.000
202607290512,  -0.228,9999.000,9999.000,9999.000,9999.000,9999.000,9999.000,9999.000,9999.000
202607290518,  -0.233,9999.000,9999.000,9999.000,9999.000,9999.000,9999.000,9999.000,9999.000
202607290524,  -0.238,9999.000,9999.000,9999.000,9999.000,9999.000,9999.000,9999.000,9999.000
202607290530,  -0.242,9999.000,9999.000,9999.000,9999.000,9999.000,9999.000,9999.000,9999.000
202607290536,  -0.245,9999.000,9999.000,9999.000,9999.000,9999.000,9999.000,9999.000,9999.000
202607290542,  -0.247,9999.000,9999.000,9999.000,9999.000,9999.000,9999.000,9999.000,9999.000
202607290548,  -0.249,9999.000,9999.000,9999.000,9999.000,9999.000,9999.000,9999.000,9999.000
202607290554,  -0.249,9999.000,9999.000,9999.000,9999.000,9999.000,9999.000,9999.000,9999.000
202607290600,  -0.249,9999.000,   0.400,   0.662,   0.813,   0.300,   0.713,   0.500,   0.913
202607290606,  -0.248,9999.000,9999.000,9999.000,9999.000,9999.000,9999.000,9999.000,9999.000
202607290612,  -0.246,9999.000,9999.000,9999.000,9999.000,9999.000,9999.000,9999.000,9999.000
202607290618,  -0.243,9999.000,9999.000,9999.000,9999.000,9999.000,9999.000,9999.000,9999.000
202607290624,  -0.240,9999.000,9999.000,9999.000,9999.000,9999.000,9999.000,9999.000,9999.000
202607290630,  -0.235,9999.000,9999.000,9999.000,9999.000,9999.000,9999.000,9999.000,9999.000
202607290636,  -0.230,9999.000,9999.000,9999.000,9999.000,9999.000,9999.000,9999.000,9999.000
202607290642,  -0.224,9999.000,9999.000,9999.000,9999.000,9999.000,9999.000,9999.000,9999.000
202607290648,  -0.217,9999.000,9999.000,9999.000,9999.000,9999.000,9999.000,9999.000,9999.000
202607290654,  -0.210,9999.000,9999.000,9999.000,9999.000,9999.000,9999.000,9999.000,9999.000
202607290700,  -0.202,9999.000,   0.400,   0.662,   0.860,   0.200,   0.660,   0.500,   0.960
202607290706,  -0.192,9999.000,9999.000,9999.000,9999.000,9999.000,9999.000,9999.000,9999.000
202607290712,  -0.183,9999.000,9999.000,9999.000,9999.000,9999.000,9999.000,9999.000,9999.000
202607290718,  -0.172,9999.000,9999.000,9999.000,9999.000,9999.000,9999.000,9999.000,9999.000
202607290724,  -0.160,9999.000,9999.000,9999.000,9999.000,9999.000,9999.000,9999.000,9999.000
202607290730,  -0.148,9999.000,9999.000,9999.000,9999.000,9999.000,9999.000,9999.000,9999.000
202607290736,  -0.135,9999.000,9999.000,9999.000,9999.000,9999.000,9999.000,9999.000,9999.000
202607290742,  -0.122,9999.000,9999.000,9999.000,9999.000,9999.000,9999.000,9999.000,9999.000
202607290748,  -0.107,9999.000,9999.000,9999.000,9999.000,9999.000,9999.000,9999.000,9999.000
202607290754,  -0.092,9999.000,9999.000,9999.000,9999.000,9999.000,9999.000,9999.000,9999.000
202607290800,  -0.076,9999.000,   0.400,   0.662,   0.986,   0.200,   0.786,   0.500,   1.086
202607290806,  -0.059,9999.000,9999.000,9999.000,9999.000,9999.000,9999.000,9999.000,9999.000
202607290812,  -0.042,9999.000,9999.000,9999.000,9999.000,9999.000,9999.000,9999.000,9999.000
202607290818,  -0.024,9999.000,9999.000,9999.000,9999.000,9999.000,9999.000,9999.000,9999.000
202607290824,  -0.005,9999.000,9999.000,9999.000,9999.000,9999.000,9999.000,9999.000,9999.000
202607290830,   0.013,9999.000,9999.000,9999.000,9999.000,9999.000,9999.000,9999.000,9999.000
202607290836,   0.033,9999.000,9999.000,9999.000,9999.000,9999.000,9999.000,9999.000,9999.000
202607290842,   0.053,9999.000,9999.000,9999.000,9999.000,9999.000,9999.000,9999.000,9999.000
202607290848,   0.075,9999.000,9999.000,9999.000,9999.000,9999.000,9999.000,9999.000,9999.000
202607290854,   0.096,9999.000,9999.000,9999.000,9999.000,9999.000,9999.000,9999.000,9999.000
202607290900,   0.118,9999.000,   0.300,   0.662,   1.080,   0.200,   0.980,   0.500,   1.280
202607290906,   0.141,9999.000,9999.000,9999.000,9999.000,9999.000,9999.000,9999.000,9999.000
202607290912,   0.163,9999.000,9999.000,9999.000,9999.000,9999.000,9999.000,9999.000,9999.000
202607290918,   0.187,9999.000,9999.000,9999.000,9999.000,9999.000,9999.000,9999.000,9999.000
202607290924,   0.210,9999.000,9999.000,9999.000,9999.000,9999.000,9999.000,9999.000,9999.000
202607290930,   0.234,9999.000,9999.000,9999.000,9999.000,9999.000,9999.000,9999.000,9999.000
202607290936,   0.258,9999.000,9999.000,9999.000,9999.000,9999.000,9999.000,9999.000,9999.000
202607290942,   0.282,9999.000,9999.000,9999.000,9999.000,9999.000,9999.000,9999.000,9999.000
202607290948,   0.306,9999.000,9999.000,9999.000,9999.000,9999.000,9999.000,9999.000,9999.000
202607290954,   0.331,9999.000,9999.000,9999.000,9999.000,9999.000,9999.000,9999.000,9999.000
202607291000,   0.355,9999.000,   0.300,   0.662,   1.317,   0.200,   1.217,   0.500,   1.517
202607291006,   0.380,9999.000,9999.000,9999.000,9999.000,9999.000,9999.000,9999.000,9999.000
202607291012,   0.404,9999.000,9999.000,9999.000,9999.000,9999.000,9999.000,9999.000,9999.000
202607291018,   0.428,9999.000,9999.000,9999.000,9999.000,9999.000,9999.000,9999.000,9999.000
202607291024,   0.452,9999.000,9999.000,9999.000,9999.000,9999.000,9999.000,9999.000,9999.000
202607291030,   0.476,9999.000,9999.000,9999.000,9999.000,9999.000,9999.000,9999.000,9999.000
202607291036,   0.500,9999.000,9999.000,9999.000,9999.000,9999.000,9999.000,9999.000,9999.000
202607291042,   0.523,9999.000,9999.000,9999.000,9999.000,9999.000,9999.000,9999.000,9999.000
202607291048,   0.546,9999.000,9999.000,9999.000,9999.000,9999.000,9999.000,9999.000,9999.000
202607291054,   0.569,9999.000,9999.000,9999.000,9999.000,9999.000,9999.000,9999.000,9999.000
202607291100,   0.592,9999.000,   0.300,   0.662,   1.554,   0.200,   1.454,   0.500,   1.754
202607291106,   0.614,9999.000,9999.000,9999.000,9999.000,9999.000,9999.000,9999.000,9999.000
202607291112,   0.636,9999.000,9999.000,9999.000,9999.000,9999.000,9999.000,9999.000,9999.000
202607291118,   0.658,9999.000,9999.000,9999.000,9999.000,9999.000,9999.000,9999.000,9999.000
202607291124,   0.679,9999.000,9999.000,9999.000,9999.000,9999.000,9999.000,9999.000,9999.000
202607291130,   0.700,9999.000,9999.000,9999.000,9999.000,9999.000,9999.000,9999.000,9999.000
202607291136,   0.720,9999.000,9999.000,9999.000,9999.000,9999.000,9999.000,9999.000,9999.000
202607291142,   0.740,9999.000,9999.000,9999.000,9999.000,9999.000,9999.000,9999.000,9999.000
202607291148,   0.760,9999.000,9999.000,9999.000,9999.000,9999.000,9999.000,9999.000,9999.000
202607291154,   0.779,9999.000,9999.000,9999.000,9999.000,9999.000,9999.000,9999.000,9999.000
202607291200,   0.798,9999.000,   0.300,   0.662,   1.760,   0.100,   1.560,   0.500,   1.960
202607291206,   0.817,9999.000,9999.000,9999.000,9999.000,9999.000,9999.000,9999.000,9999.000
202607291212,   0.835,9999.000,9999.000,9999.000,9999.000,9999.000,9999.000,9999.000,9999.000
202607291218,   0.853,9999.000,9999.000,9999.000,9999.000,9999.000,9999.000,9999.000,9999.000
202607291224,   0.870,9999.000,9999.000,9999.000,9999.000,9999.000,9999.000,9999.000,9999.000
202607291230,   0.888,9999.000,9999.000,9999.000,9999.000,9999.000,9999.000,9999.000,9999.000
202607291236,   0.904,9999.000,9999.000,9999.000,9999.000,9999.000,9999.000,9999.000,9999.000
202607291242,   0.921,9999.000,9999.000,9999.000,9999.000,9999.000,9999.000,9999.000,9999.000
202607291248,   0.937,9999.000,9999.000,9999.000,9999.000,9999.000,9999.000,9999.000,9999.000
202607291254,   0.953,9999.000,9999.000,9999.000,9999.000,9999.000,9999.000,9999.000,9999.000
202607291300,   0.968,9999.000,   0.300,   0.662,   1.930,   0.100,   1.730,   0.500,   2.130
202607291306,   0.983,9999.000,9999.000,9999.000,9999.000,9999.000,9999.000,9999.000,9999.000
202607291312,   0.998,9999.000,9999.000,9999.000,9999.000,9999.000,9999.000,9999.000,9999.000
202607291318,   1.013,9999.000,9999.000,9999.000,9999.000,9999.000,9999.000,9999.000,9999.000
202607291324,   1.027,9999.000,9999.000,9999.000,9999.000,9999.000,9999.000,9999.000,9999.000
202607291330,   1.041,9999.000,9999.000,9999.000,9999.000,9999.000,9999.000,9999.000,9999.000
202607291336,   1.055,9999.000,9999.000,9999.000,9999.000,9999.000,9999.000,9999.000,9999.000
202607291342,   1.068,9999.000,9999.000,9999.000,9999.000,9999.000,9999.000,9999.000,9999.000
202607291348,   1.081,9999.000,9999.000,9999.000,9999.000,9999.000,9999.000,9999.000,9999.000
202607291354,   1.094,9999.000,9999.000,9999.000,9999.000,9999.000,9999.000,9999.000,9999.000
202607291400,   1.107,9999.000,   0.300,   0.662,   2.069,   0.100,   1.869,   0.500,   2.269
202607291406,   1.119,9999.000,9999.000,9999.000,9999.000,9999.000,9999.000,9999.000,9999.000
202607291412,   1.131,9999.000,9999.000,9999.000,9999.000,9999.000,9999.000,9999.000,9999.000
202607291418,   1.143,9999.000,9999.000,9999.000,9999.000,9999.000,9999.000,9999.000,9999.000
202607291424,   1.155,9999.000,9999.000,9999.000,9999.000,9999.000,9999.000,9999.000,9999.000
202607291430,   1.166,9999.000,9999.000,9999.000,9999.000,9999.000,9999.000,9999.000,9999.000
202607291436,   1.177,9999.000,9999.000,9999.000,9999.000,9999.000,9999.000,9999.000,9999.000
202607291442,   1.188,9999.000,9999.000,9999.000,9999.000,9999.000,9999.000,9999.000,9999.000
202607291448,   1.199,9999.000,9999.000,9999.000,9999.000,9999.000,9999.000,9999.000,9999.000
202607291454,   1.210,9999.000,9999.000,9999.000,9999.000,9999.000,9999.000,9999.000,9999.000
202607291500,   1.221,9999.000,   0.300,   0.662,   2.183,   0.100,   1.983,   0.500,   2.383
202607291506,   1.231,9999.000,9999.000,9999.000,9999.000,9999.000,9999.000,9999.000,9999.000
202607291512,   1.242,9999.000,9999.000,9999.000,9999.000,9999.000,9999.000,9999.000,9999.000
202607291518,   1.252,9999.000,9999.000,9999.000,9999.000,9999.000,9999.000,9999.000,9999.000
202607291524,   1.262,9999.000,9999.000,9999.000,9999.000,9999.000,9999.000,9999.000,9999.000
202607291530,   1.273,9999.000,9999.000,9999.000,9999.000,9999.000,9999.000,9999.000,9999.000
202607291536,   1.283,9999.000,9999.000,9999.000,9999.000,9999.000,9999.000,9999.000,9999.000
202607291542,   1.293,9999.000,9999.000,9999.000,9999.000,9999.000,9999.000,9999.000,9999.000
202607291548,   1.304,9999.000,9999.000,9999.000,9999.000,9999.000,9999.000,9999.000,9999.000
202607291554,   1.314,9999.000,9999.000,9999.000,9999.000,9999.000,9999.000,9999.000,9999.000
202607291600,   1.325,9999.000,   0.300,   0.662,   2.287,   0.100,   2.087,   0.500,   2.487
202607291606,   1.336,9999.000,9999.000,9999.000,9999.000,9999.000,9999.000,9999.000,9999.000
202607291612,   1.346,9999.000,9999.000,9999.000,9999.000,9999.000,9999.000,9999.000,9999.000
202607291618,   1.357,9999.000,9999.000,9999.000,9999.000,9999.000,9999.000,9999.000,9999.000
202607291624,   1.368,9999.000,9999.000,9999.000,9999.000,9999.000,9999.000,9999.000,9999.000
202607291630,   1.379,9999.000,9999.000,9999.000,9999.000,9999.000,9999.000,9999.000,9999.000
202607291636,   1.390,9999.000,9999.000,9999.000,9999.000,9999.000,9999.000,9999.000,9999.000
202607291642,   1.402,9999.000,9999.000,9999.000,9999.000,9999.000,9999.000,9999.000,9999.000
202607291648,   1.413,9999.000,9999.000,9999.000,9999.000,9999.000,9999.000,9999.000,9999.000
202607291654,   1.425,9999.000,9999.000,9999.000,9999.000,9999.000,9999.000,9999.000,9999.000
202607291700,   1.436,9999.000,   0.300,   0.662,   2.398,   0.100,   2.198,   0.400,   2.498
202607291706,   1.448,9999.000,9999.000,9999.000,9999.000,9999.000,9999.000,9999.000,9999.000
202607291712,   1.459,9999.000,9999.000,9999.000,9999.000,9999.000,9999.000,9999.000,9999.000
202607291718,   1.471,9999.000,9999.000,9999.000,9999.000,9999.000,9999.000,9999.000,9999.000
202607291724,   1.482,9999.000,9999.000,9999.000,9999.000,9999.000,9999.000,9999.000,9999.000
202607291730,   1.494,9999.000,9999.000,9999.000,9999.000,9999.000,9999.000,9999.000,9999.000
202607291736,   1.505,9999.000,9999.000,9999.000,9999.000,9999.000,9999.000,9999.000,9999.000
202607291742,   1.516,9999.000,9999.000,9999.000,9999.000,9999.000,9999.000,9999.000,9999.000
202607291748,   1.527,9999.000,9999.000,9999.000,9999.000,9999.000,9999.000,9999.000,9999.000
202607291754,   1.538,9999.000,9999.000,9999.000,9999.000,9999.000,9999.000,9999.000,9999.000
202607291800,   1.548,9999.000,   0.300,   0.662,   2.510,   0.100,   2.310,   0.400,   2.610
202607291806,   1.558,9999.000,9999.000,9999.000,9999.000,9999.000,9999.000,9999.000,9999.000
202607291812,   1.568,9999.000,9999.000,9999.000,9999.000,9999.000,9999.000,9999.000,9999.000
202607291818,   1.578,9999.000,9999.000,9999.000,9999.000,9999.000,9999.000,9999.000,9999.000
202607291824,   1.587,9999.000,9999.000,9999.000,9999.000,9999.000,9999.000,9999.000,9999.000
202607291830,   1.596,9999.000,9999.000,9999.000,9999.000,9999.000,9999.000,9999.000,9999.000
202607291836,   1.604,9999.000,9999.000,9999.000,9999.000,9999.000,9999.000,9999.000,9999.000
202607291842,   1.611,9999.000,9999.000,9999.000,9999.000,9999.000,9999.000,9999.000,9999.000
202607291848,   1.618,9999.000,9999.000,9999.000,9999.000,9999.000,9999.000,9999.000,9999.000
202607291854,   1.625,9999.000,9999.000,9999.000,9999.000,9999.000,9999.000,9999.000,9999.000
202607291900,   1.631,9999.000,   0.300,   0.662,   2.593,   0.100,   2.393,   0.500,   2.793
202607291906,   1.636,9999.000,9999.000,9999.000,9999.000,9999.000,9999.000,9999.000,9999.000
202607291912,   1.641,9999.000,9999.000,9999.000,9999.000,9999.000,9999.000,9999.000,9999.000
202607291918,   1.645,9999.000,9999.000,9999.000,9999.000,9999.000,9999.000,9999.000,9999.000
202607291924,   1.649,9999.000,9999.000,9999.000,9999.000,9999.000,9999.000,9999.000,9999.000
202607291930,   1.651,9999.000,9999.000,9999.000,9999.000,9999.000,9999.000,9999.000,9999.000
202607291936,   1.653,9999.000,9999.000,9999.000,9999.000,9999.000,9999.000,9999.000,9999.000
202607291942,   1.655,9999.000,9999.000,9999.000,9999.000,9999.000,9999.000,9999.000,9999.000
202607291948,   1.655,9999.000,9999.000,9999.000,9999.000,9999.000,9999.000,9999.000,9999.000
202607291954,   1.655,9999.000,9999.000,9999.000,9999.000,9999.000,9999.000,9999.000,9999.000
202607292000,   1.654,9999.000,   0.300,   0.662,   2.616,   0.100,   2.416,   0.500,   2.816
202607292006,   1.653,9999.000,9999.000,9999.000,9999.000,9999.000,9999.000,9999.000,9999.000
202607292012,   1.650,9999.000,9999.000,9999.000,9999.000,9999.000,9999.000,9999.000,9999.000
202607292018,   1.647,9999.000,9999.000,9999.000,9999.000,9999.000,9999.000,9999.000,9999.000
202607292024,   1.643,9999.000,9999.000,9999.000,9999.000,9999.000,9999.000,9999.000,9999.000
202607292030,   1.639,9999.000,9999.000,9999.000,9999.000,9999.000,9999.000,9999.000,9999.000
202607292036,   1.633,9999.000,9999.000,9999.000,9999.000,9999.000,9999.000,9999.000,9999.000
202607292042,   1.627,9999.000,9999.000,9999.000,9999.000,9999.000,9999.000,9999.000,9999.000
202607292048,   1.620,9999.000,9999.000,9999.000,9999.000,9999.000,9999.000,9999.000,9999.000
202607292054,   1.612,9999.000,9999.000,9999.000,9999.000,9999.000,9999.000,9999.000,9999.000
202607292100,   1.604,9999.000,   0.300,   0.662,   2.566,   0.100,   2.366,   0.500,   2.766
202607292106,   1.594,9999.000,9999.000,9999.000,9999.000,9999.000,9999.000,9999.000,9999.000
202607292112,   1.584,9999.000,9999.000,9999.000,9999.000,9999.000,9999.000,9999.000,9999.000
202607292118,   1.573,9999.000,9999.000,9999.000,9999.000,9999.000,9999.000,9999.000,9999.000
202607292124,   1.561,9999.000,9999.000,9999.000,9999.000,9999.000,9999.000,9999.000,9999.000
202607292130,   1.549,9999.000,9999.000,9999.000,9999.000,9999.000,9999.000,9999.000,9999.000
202607292136,   1.535,9999.000,9999.000,9999.000,9999.000,9999.000,9999.000,9999.000,9999.000
202607292142,   1.521,9999.000,9999.000,9999.000,9999.000,9999.000,9999.000,9999.000,9999.000
202607292148,   1.506,9999.000,9999.000,9999.000,9999.000,9999.000,9999.000,9999.000,9999.000
202607292154,   1.490,9999.000,9999.000,9999.000,9999.000,9999.000,9999.000,9999.000,9999.000
202607292200,   1.474,9999.000,   0.300,   0.662,   2.436,   0.200,   2.336,   0.500,   2.636
202607292206,   1.456,9999.000,9999.000,9999.000,9999.000,9999.000,9999.000,9999.000,9999.000
202607292212,   1.438,9999.000,9999.000,9999.000,9999.000,9999.000,9999.000,9999.000,9999.000
202607292218,   1.419,9999.000,9999.000,9999.000,9999.000,9999.000,9999.000,9999.000,9999.000
202607292224,   1.399,9999.000,9999.000,9999.000,9999.000,9999.000,9999.000,9999.000,9999.000
202607292230,   1.379,9999.000,9999.000,9999.000,9999.000,9999.000,9999.000,9999.000,9999.000
202607292236,   1.357,9999.000,9999.000,9999.000,9999.000,9999.000,9999.000,9999.000,9999.000
202607292242,   1.335,9999.000,9999.000,9999.000,9999.000,9999.000,9999.000,9999.000,9999.000
202607292248,   1.313,9999.000,9999.000,9999.000,9999.000,9999.000,9999.000,9999.000,9999.000
202607292254,   1.289,9999.000,9999.000,9999.000,9999.000,9999.000,9999.000,9999.000,9999.000
202607292300,   1.265,9999.000,   0.300,   0.662,   2.227,   0.200,   2.127,   0.500,   2.427
202607292306,   1.241,9999.000,9999.000,9999.000,9999.000,9999.000,9999.000,9999.000,9999.000
202607292312,   1.216,9999.000,9999.000,9999.000,9999.000,9999.000,9999.000,9999.000,9999.000
202607292318,   1.190,9999.000,9999.000,9999.000,9999.000,9999.000,9999.000,9999.000,9999.000
202607292324,   1.164,9999.000,9999.000,9999.000,9999.000,9999.000,9999.000,9999.000,9999.000
202607292330,   1.138,9999.000,9999.000,9999.000,9999.000,9999.000,9999.000,9999.000,9999.000
202607292336,   1.111,9999.000,9999.000,9999.000,9999.000,9999.000,9999.000,9999.000,9999.000
202607292342,   1.084,9999.000,9999.000,9999.000,9999.000,9999.000,9999.000,9999.000,9999.000
202607292348,   1.056,9999.000,9999.000,9999.000,9999.000,9999.000,9999.000,9999.000,9999.000
202607292354,   1.028,9999.000,9999.000,9999.000,9999.000,9999.000,9999.000,9999.000,9999.000
202607300000,   1.000,9999.000,   0.300,   0.662,   1.962,   0.200,   1.862,   0.500,   2.162
202607300006,   0.972,9999.000,9999.000,9999.000,9999.000,9999.000,9999.000,9999.000,9999.000
202607300012,   0.944,9999.000,9999.000,9999.000,9999.000,9999.000,9999.000,9999.000,9999.000
202607300018,   0.915,9999.000,9999.000,9999.000,9999.000,9999.000,9999.000,9999.000,9999.000
202607300024,   0.887,9999.000,9999.000,9999.000,9999.000,9999.000,9999.000,9999.000,9999.000
202607300030,   0.858,9999.000,9999.000,9999.000,9999.000,9999.000,9999.000,9999.000,9999.000
202607300036,   0.830,9999.000,9999.000,9999.000,9999.000,9999.000,9999.000,9999.000,9999.000
202607300042,   0.801,9999.000,9999.000,9999.000,9999.000,9999.000,9999.000,9999.000,9999.000
202607300048,   0.772,9999.000,9999.000,9999.000,9999.000,9999.000,9999.000,9999.000,9999.000
202607300054,   0.744,9999.000,9999.000,9999.000,9999.000,9999.000,9999.000,9999.000,9999.000
202607300100,   0.716,9999.000,   0.300,   0.662,   1.678,   0.200,   1.578,   0.500,   1.878
202607300106,   0.688,9999.000,9999.000,9999.000,9999.000,9999.000,9999.000,9999.000,9999.000
202607300112,   0.659,9999.000,9999.000,9999.000,9999.000,9999.000,9999.000,9999.000,9999.000
202607300118,   0.632,9999.000,9999.000,9999.000,9999.000,9999.000,9999.000,9999.000,9999.000
202607300124,   0.604,9999.000,9999.000,9999.000,9999.000,9999.000,9999.000,9999.000,9999.000
202607300130,   0.576,9999.000,9999.000,9999.000,9999.000,9999.000,9999.000,9999.000,9999.000
202607300136,   0.549,9999.000,9999.000,9999.000,9999.000,9999.000,9999.000,9999.000,9999.000
202607300142,   0.522,9999.000,9999.000,9999.000,9999.000,9999.000,9999.000,9999.000,9999.000
202607300148,   0.495,9999.000,9999.000,9999.000,9999.000,9999.000,9999.000,9999.000,9999.000
202607300154,   0.469,9999.000,9999.000,9999.000,9999.000,9999.000,9999.000,9999.000,9999.000
202607300200,   0.442,9999.000,   0.300,   0.662,   1.404,   0.200,   1.304,   0.500,   1.604
202607300206,   0.416,9999.000,9999.000,9999.000,9999.000,9999.000,9999.000,9999.000,9999.000
202607300212,   0.390,9999.000,9999.000,9999.000,9999.000,9999.000,9999.000,9999.000,9999.000
202607300218,   0.365,9999.000,9999.000,9999.000,9999.000,9999.000,9999.000,9999.000,9999.000
202607300224,   0.340,9999.000,9999.000,9999.000,9999.000,9999.000,9999.000,9999.000,9999.000
202607300230,   0.315,9999.000,9999.000,9999.000,9999.000,9999.000,9999.000,9999.000,9999.000
202607300236,   0.290,9999.000,9999.000,9999.000,9999.000,9999.000,9999.000,9999.000,9999.000
202607300242,   0.266,9999.000,9999.000,9999.000,9999.000,9999.000,9999.000,9999.000,9999.000
202607300248,   0.242,9999.000,9999.000,9999.000,9999.000,9999.000,9999.000,9999.000,9999.000
202607300254,   0.219,9999.000,9999.000,9999.000,9999.000,9999.000,9999.000,9999.000,9999.000
202607300300,   0.196,9999.000,   0.300,   0.662,   1.158,   0.200,   1.058,   0.400,   1.258
202607300306,   0.174,9999.000,9999.000,9999.000,9999.000,9999.000,9999.000,9999.000,9999.000
202607300312,   0.152,9999.000,9999.000,9999.000,9999.000,9999.000,9999.000,9999.000,9999.000
202607300318,   0.130,9999.000,9999.000,9999.000,9999.000,9999.000,9999.000,9999.000,9999.000
202607300324,   0.109,9999.000,9999.000,9999.000,9999.000,9999.000,9999.000,9999.000,9999.000
202607300330,   0.089,9999.000,9999.000,9999.000,9999.000,9999.000,9999.000,9999.000,9999.000
202607300336,   0.069,9999.000,9999.000,9999.000,9999.000,9999.000,9999.000,9999.000,9999.000
202607300342,   0.050,9999.000,9999.000,9999.000,9999.000,9999.000,9999.000,9999.000,9999.000
202607300348,   0.031,9999.000,9999.000,9999.000,9999.000,9999.000,9999.000,9999.000,9999.000
202607300354,   0.013,9999.000,9999.000,9999.000,9999.000,9999.000,9999.000,9999.000,9999.000
202607300400,  -0.003,9999.000,   0.300,   0.662,   0.959,   0.200,   0.859,   0.400,   1.059
202607300406,  -0.020,9999.000,9999.000,9999.000,9999.000,9999.000,9999.000,9999.000,9999.000
202607300412,  -0.036,9999.000,9999.000,9999.000,9999.000,9999.000,9999.000,9999.000,9999.000
202607300418,  -0.051,9999.000,9999.000,9999.000,9999.000,9999.000,9999.000,9999.000,9999.000
202607300424,  -0.065,9999.000,9999.000,9999.000,9999.000,9999.000,9999.000,9999.000,9999.000
202607300430,  -0.079,9999.000,9999.000,9999.000,9999.000,9999.000,9999.000,9999.000,9999.000
202607300436,  -0.092,9999.000,9999.000,9999.000,9999.000,9999.000,9999.000,9999.000,9999.000
202607300442,  -0.104,9999.000,9999.000,9999.000,9999.000,9999.000,9999.000,9999.000,9999.000
202607300448,  -0.115,9999.000,9999.000,9999.000,9999.000,9999.000,9999.000,9999.000,9999.000
202607300454,  -0.126,9999.000,9999.000,9999.000,9999.000,9999.000,9999.000,9999.000,9999.000
202607300500,  -0.135,9999.000,   0.300,   0.662,   0.827,   0.200,   0.727,   0.400,   0.927
202607300506,  -0.144,9999.000,9999.000,9999.000,9999.000,9999.000,9999.000,9999.000,9999.000
202607300512,  -0.152,9999.000,9999.000,9999.000,9999.000,9999.000,9999.000,9999.000,9999.000
202607300518,  -0.159,9999.000,9999.000,9999.000,9999.000,9999.000,9999.000,9999.000,9999.000
202607300524,  -0.165,9999.000,9999.000,9999.000,9999.000,9999.000,9999.000,9999.000,9999.000
202607300530,  -0.170,9999.000,9999.000,9999.000,9999.000,9999.000,9999.000,9999.000,9999.000
202607300536,  -0.175,9999.000,9999.000,9999.000,9999.000,9999.000,9999.000,9999.000,9999.000
202607300542,  -0.179,9999.000,9999.000,9999.000,9999.000,9999.000,9999.000,9999.000,9999.000
202607300548,  -0.182,9999.000,9999.000,9999.000,9999.000,9999.000,9999.000,9999.000,9999.000
202607300554,  -0.184,9999.000,9999.000,9999.000,9999.000,9999.000,9999.000,9999.000,9999.000
202607300600,  -0.185,9999.000,   0.300,   0.662,   0.777,   0.200,   0.677,   0.400,   0.877
