        TIME,    TIDE,      OB,   SURGE,    BIAS,     TWL,SURGE90p,  TWL90p,SURGE10p,   TWL10p
202603230600,   5.578,   6.379,   0.400,   0.401,   6.379,   0.300,   6.279,   0.400,   6.379
202603230606,   5.629,9999.000,9999.000,9999.000,9999.000,9999.000,9999.000,9999.000,9999.000
202603230612,   5.676,   6.399,9999.000,9999.000,9999.000,9999.000,9999.000,9999.000,9999.000
202603230618,   5.718,9999.000,9999.000,9999.000,9999.000,9999.000,9999.000,9999.000,9999.000
202603230624,   5.755,   6.468,9999.000,9999.000,9999.000,9999.000,9999.000,9999.000,9999.000
202603230630,   5.788,9999.000,9999.000,9999.000,9999.000,9999.000,9999.000,9999.000,9999.000
202603230636,   5.816,   6.537,9999.000,9999.000,9999.000,9999.000,9999.000,9999.000,9999.000
202603230642,   5.839,9999.000,9999.000,9999.000,9999.000,9999.000,9999.000,9999.000,9999.000
202603230648,   5.857,   6.619,9999.000,9999.000,9999.000,9999.000,9999.000,9999.000,9999.000
202603230654,   5.870,9999.000,9999.000,9999.000,9999.000,9999.000,9999.000,9999.000,9999.000
202603230700,   5.878,   6.628,   0.300,   0.450,   6.628,   0.300,   6.628,   0.300,   6.628
202603230706,   5.880,   6.609,9999.000,9999.000,9999.000,9999.000,9999.000,9999.000,9999.000
202603230712,   5.877,   6.599,9999.000,9999.000,9999.000,9999.000,9999.000,9999.000,9999.000
202603230718,   5.869,   6.546,9999.000,9999.000,9999.000,9999.000,9999.000,9999.000,9999.000
202603230724,   5.855,   6.537,9999.000,9999.000,9999.000,9999.000,9999.000,9999.000,9999.000
202603230730,   5.836,   6.527,9999.000,9999.000,9999.000,9999.000,9999.000,9999.000,9999.000
202603230736,   5.811,   6.507,9999.000,9999.000,9999.000,9999.000,9999.000,9999.000,9999.000
202603230742,   5.781,   6.468,9999.000,9999.000,9999.000,9999.000,9999.000,9999.000,9999.000
202603230748,   5.745,   6.389,9999.000,9999.000,9999.000,9999.000,9999.000,9999.000,9999.000
202603230754,   5.704,   6.317,9999.000,9999.000,9999.000,9999.000,9999.000,9999.000,9999.000
202603230800,   5.657,   6.268,   0.300,   0.311,   6.268,   0.300,   6.268,   0.300,   6.268
202603230806,   5.605,   6.218,9999.000,9999.000,9999.000,9999.000,9999.000,9999.000,9999.000
202603230812,   5.547,   6.159,9999.000,9999.000,9999.000,9999.000,9999.000,9999.000,9999.000
202603230818,   5.484,   6.087,9999.000,9999.000,9999.000,9999.000,9999.000,9999.000,9999.000
202603230824,   5.416,   5.989,9999.000,9999.000,9999.000,9999.000,9999.000,9999.000,9999.000
202603230830,   5.343,   5.907,9999.000,9999.000,9999.000,9999.000,9999.000,9999.000,9999.000
202603230836,   5.265,   5.808,9999.000,9999.000,9999.000,9999.000,9999.000,9999.000,9999.000
202603230842,   5.181,   5.717,9999.000,9999.000,9999.000,9999.000,9999.000,9999.000,9999.000
202603230848,   5.094,   5.628,9999.000,9999.000,9999.000,9999.000,9999.000,9999.000,9999.000
202603230854,   5.001,   5.539,9999.000,9999.000,9999.000,9999.000,9999.000,9999.000,9999.000
202603230900,   4.905,   5.457,   0.300,   0.252,   5.457,   0.300,   5.457,   0.300,   5.457
202603230906,   4.804,   5.369,9999.000,9999.000,9999.000,9999.000,9999.000,9999.000,9999.000
202603230912,   4.700,   5.277,9999.000,9999.000,9999.000,9999.000,9999.000,9999.000,9999.000
202603230918,   4.592,   5.208,9999.000,9999.000,9999.000,9999.000,9999.000,9999.000,9999.000
202603230924,   4.480,   5.110,9999.000,9999.000,9999.000,9999.000,9999.000,9999.000,9999.000
202603230930,   4.366,   4.969,9999.000,9999.000,9999.000,9999.000,9999.000,9999.000,9999.000
202603230936,   4.249,   4.818,9999.000,9999.000,9999.000,9999.000,9999.000,9999.000,9999.000
202603230942,   4.129,   4.690,9999.000,9999.000,9999.000,9999.000,9999.000,9999.000,9999.000
202603230948,   4.007,   4.578,9999.000,9999.000,9999.000,9999.000,9999.000,9999.000,9999.000
202603230954,   3.883,   4.539,9999.000,9999.000,9999.000,9999.000,9999.000,9999.000,9999.000
202603231000,   3.757,   4.437,   0.300,   0.380,   4.437,   0.300,   4.437,   0.300,   4.437
202603231006,   3.630,   4.280,9999.000,9999.000,9999.000,9999.000,9999.000,9999.000,9999.000
202603231012,   3.502,   4.139,9999.000,9999.000,9999.000,9999.000,9999.000,9999.000,9999.000
202603231018,   3.373,   4.027,9999.000,9999.000,9999.000,9999.000,9999.000,9999.000,9999.000
202603231024,   3.244,   3.949,9999.000,9999.000,9999.000,9999.000,9999.000,9999.000,9999.000
202603231030,   3.114,   3.827,9999.000,9999.000,9999.000,9999.000,9999.000,9999.000,9999.000
202603231036,   2.985,   3.680,9999.000,9999.000,9999.000,9999.000,9999.000,9999.000,9999.000
202603231042,   2.855,   3.519,9999.000,9999.000,9999.000,9999.000,9999.000,9999.000,9999.000
202603231048,   2.727,   3.388,9999.000,9999.000,9999.000,9999.000,9999.000,9999.000,9999.000
202603231054,   2.599,   3.299,9999.000,9999.000,9999.000,9999.000,9999.000,9999.000,9999.000
202603231100,   2.472,   3.188,   0.300,   0.416,   3.188,   0.300,   3.188,   0.300,   3.188
202603231106,   2.347,   3.017,9999.000,9999.000,9999.000,9999.000,9999.000,9999.000,9999.000
202603231112,   2.223,   2.860,9999.000,9999.000,9999.000,9999.000,9999.000,9999.000,9999.000
202603231118,   2.100,   2.719,9999.000,9999.000,9999.000,9999.000,9999.000,9999.000,9999.000
202603231124,   1.980,   2.610,9999.000,9999.000,9999.000,9999.000,9999.000,9999.000,9999.000
202603231130,   1.861,   2.528,9999.000,9999.000,9999.000,9999.000,9999.000,9999.000,9999.000
202603231136,   1.745,   2.420,9999.000,9999.000,9999.000,9999.000,9999.000,9999.000,9999.000
202603231142,   1.631,   2.299,9999.000,9999.000,9999.000,9999.000,9999.000,9999.000,9999.000
202603231148,   1.519,   2.177,9999.000,9999.000,9999.000,9999.000,9999.000,9999.000,9999.000
202603231154,   1.411,   2.040,9999.000,9999.000,9999.000,9999.000,9999.000,9999.000,9999.000
202603231200,   1.305,   1.908,   0.300,   0.303,   1.908,   0.300,   1.908,   0.400,   2.008
202603231206,   1.202,   1.767,9999.000,9999.000,9999.000,9999.000,9999.000,9999.000,9999.000
202603231212,   1.102,   1.679,9999.000,9999.000,9999.000,9999.000,9999.000,9999.000,9999.000
202603231218,   1.005,   1.600,9999.000,9999.000,9999.000,9999.000,9999.000,9999.000,9999.000
202603231224,   0.911,   1.508,9999.000,9999.000,9999.000,9999.000,9999.000,9999.000,9999.000
202603231230,   0.821,   1.420,9999.000,9999.000,9999.000,9999.000,9999.000,9999.000,9999.000
202603231236,   0.735,   1.348,9999.000,9999.000,9999.000,9999.000,9999.000,9999.000,9999.000
202603231242,   0.652,   1.249,9999.000,9999.000,9999.000,9999.000,9999.000,9999.000,9999.000
202603231248,   0.573,   1.151,9999.000,9999.000,9999.000,9999.000,9999.000,9999.000,9999.000
202603231254,   0.498,   1.059,9999.000,9999.000,9999.000,9999.000,9999.000,9999.000,9999.000
202603231300,   0.427,   0.970,   0.300,   0.243,   0.970,   0.300,   0.970,   0.400,   1.070
202603231306,   0.360,   0.908,9999.000,9999.000,9999.000,9999.000,9999.000,9999.000,9999.000
202603231312,   0.297,   0.879,9999.000,9999.000,9999.000,9999.000,9999.000,9999.000,9999.000
202603231318,   0.238,   0.879,9999.000,9999.000,9999.000,9999.000,9999.000,9999.000,9999.000
202603231324,   0.184,   0.780,9999.000,9999.000,9999.000,9999.000,9999.000,9999.000,9999.000
202603231330,   0.134,   0.698,9999.000,9999.000,9999.000,9999.000,9999.000,9999.000,9999.000
202603231336,   0.089,   0.629,9999.000,9999.000,9999.000,9999.000,9999.000,9999.000,9999.000
202603231342,   0.048,   0.619,9999.000,9999.000,9999.000,9999.000,9999.000,9999.000,9999.000
202603231348,   0.013,   0.619,9999.000,9999.000,9999.000,9999.000,9999.000,9999.000,9999.000
202603231354,  -0.017,   0.610,9999.000,9999.000,9999.000,9999.000,9999.000,9999.000,9999.000
202603231400,  -0.044,   0.610,   0.300,   0.354,   0.610,   0.300,   0.610,   0.400,   0.710
202603231406,  -0.065,   0.570,9999.000,9999.000,9999.000,9999.000,9999.000,9999.000,9999.000
202603231412,  -0.081,   0.531,9999.000,9999.000,9999.000,9999.000,9999.000,9999.000,9999.000
202603231418,  -0.093,   0.541,9999.000,9999.000,9999.000,9999.000,9999.000,9999.000,9999.000
202603231424,  -0.099,   0.551,9999.000,9999.000,9999.000,9999.000,9999.000,9999.000,9999.000
202603231430,  -0.101,   0.551,9999.000,9999.000,9999.000,9999.000,9999.000,9999.000,9999.000
202603231436,  -0.098,   0.570,9999.000,9999.000,9999.000,9999.000,9999.000,9999.000,9999.000
202603231442,  -0.090,   0.570,9999.000,9999.000,9999.000,9999.000,9999.000,9999.000,9999.000
202603231448,  -0.077,   0.600,9999.000,9999.000,9999.000,9999.000,9999.000,9999.000,9999.000
202603231454,  -0.060,   0.610,9999.000,9999.000,9999.000,9999.000,9999.000,9999.000,9999.000
202603231500,  -0.038,   0.669,   0.300,   0.407,   0.669,   0.300,   0.669,   0.300,   0.669
202603231506,  -0.012,   0.698,9999.000,9999.000,9999.000,9999.000,9999.000,9999.000,9999.000
202603231512,   0.017,   0.698,9999.000,9999.000,9999.000,9999.000,9999.000,9999.000,9999.000
202603231518,   0.052,   0.760,9999.000,9999.000,9999.000,9999.000,9999.000,9999.000,9999.000
202603231524,   0.091,   0.829,9999.000,9999.000,9999.000,9999.000,9999.000,9999.000,9999.000
202603231530,   0.133,   0.888,9999.000,9999.000,9999.000,9999.000,9999.000,9999.000,9999.000
202603231536,   0.179,   0.951,9999.000,9999.000,9999.000,9999.000,9999.000,9999.000,9999.000
202603231542,   0.228,   1.020,9999.000,9999.000,9999.000,9999.000,9999.000,9999.000,9999.000
202603231548,   0.281,   1.049,9999.000,9999.000,9999.000,9999.000,9999.000,9999.000,9999.000
202603231554,   0.337,   1.039,9999.000,9999.000,9999.000,9999.000,9999.000,9999.000,9999.000
202603231600,   0.395,   1.049,   0.300,   0.354,   1.049,   0.300,   1.049,   0.300,   1.049
202603231606,   0.456,   1.118,9999.000,9999.000,9999.000,9999.000,9999.000,9999.000,9999.000
202603231612,   0.519,   1.220,9999.000,9999.000,9999.000,9999.000,9999.000,9999.000,9999.000
202603231618,   0.585,   1.289,9999.000,9999.000,9999.000,9999.000,9999.000,9999.000,9999.000
202603231624,   0.652,   1.400,9999.000,9999.000,9999.000,9999.000,9999.000,9999.000,9999.000
202603231630,   0.721,   1.459,9999.000,9999.000,9999.000,9999.000,9999.000,9999.000,9999.000
202603231636,   0.791,   1.518,9999.000,9999.000,9999.000,9999.000,9999.000,9999.000,9999.000
202603231642,   0.863,   1.580,9999.000,9999.000,9999.000,9999.000,9999.000,9999.000,9999.000
202603231648,   0.936,   1.610,9999.000,9999.000,9999.000,9999.000,9999.000,9999.000,9999.000
202603231654,   1.009,   1.639,9999.000,9999.000,9999.000,9999.000,9999.000,9999.000,9999.000
202603231700,   1.083,   1.699,   0.300,   0.316,   1.699,   0.300,   1.699,   0.300,   1.699
202603231706,   1.157,   1.810,9999.000,9999.000,9999.000,9999.000,9999.000,9999.000,9999.000
202603231712,   1.232,   1.889,9999.000,9999.000,9999.000,9999.000,9999.000,9999.000,9999.000
202603231718,   1.307,   1.908,9999.000,9999.000,9999.000,9999.000,9999.000,9999.000,9999.000
202603231724,   1.381,   1.981,9999.000,9999.000,9999.000,9999.000,9999.000,9999.000,9999.000
202603231730,   1.456,   2.040,9999.000,9999.000,9999.000,9999.000,9999.000,9999.000,9999.000
202603231736,   1.530,   2.148,9999.000,9999.000,9999.000,9999.000,9999.000,9999.000,9999.000
202603231742,   1.603,   2.259,9999.000,9999.000,9999.000,9999.000,9999.000,9999.000,9999.000
202603231748,   1.676,   2.299,9999.000,9999.000,9999.000,9999.000,9999.000,9999.000,9999.000
202603231754,   1.748,   2.328,9999.000,9999.000,9999.000,9999.000,9999.000,9999.000,9999.000
202603231800,   1.818,   2.348,   0.300,   0.230,   2.348,   0.300,   2.348,   0.300,   2.348
202603231806,   1.888,   2.420,9999.000,9999.000,9999.000,9999.000,9999.000,9999.000,9999.000
202603231812,   1.957,   2.558,9999.000,9999.000,9999.000,9999.000,9999.000,9999.000,9999.000
202603231818,   2.024,   2.620,9999.000,9999.000,9999.000,9999.000,9999.000,9999.000,9999.000
202603231824,   2.090,   2.660,9999.000,9999.000,9999.000,9999.000,9999.000,9999.000,9999.000
202603231830,   2.155,   2.738,9999.000,9999.000,9999.000,9999.000,9999.000,9999.000,9999.000
202603231836,   2.218,   2.820,9999.000,9999.000,9999.000,9999.000,9999.000,9999.000,9999.000
202603231842,   2.279,   2.909,9999.000,9999.000,9999.000,9999.000,9999.000,9999.000,9999.000
202603231848,   2.338,   2.997,9999.000,9999.000,9999.000,9999.000,9999.000,9999.000,9999.000
202603231854,   2.395,   3.017,9999.000,9999.000,9999.000,9999.000,9999.000,9999.000,9999.000
202603231900,   2.450,   3.060,   0.300,   0.310,   3.060,   0.300,   3.060,   0.300,   3.060
202603231906,   2.503,   3.089,9999.000,9999.000,9999.000,9999.000,9999.000,9999.000,9999.000
202603231912,   2.554,   3.148,9999.000,9999.000,9999.000,9999.000,9999.000,9999.000,9999.000
202603231918,   2.602,   3.217,9999.000,9999.000,9999.000,9999.000,9999.000,9999.000,9999.000
202603231924,   2.647,   3.309,9999.000,9999.000,9999.000,9999.000,9999.000,9999.000,9999.000
202603231930,   2.690,   3.407,9999.000,9999.000,9999.000,9999.000,9999.000,9999.000,9999.000
202603231936,   2.731,   3.470,9999.000,9999.000,9999.000,9999.000,9999.000,9999.000,9999.000
202603231942,   2.768,   3.450,9999.000,9999.000,9999.000,9999.000,9999.000,9999.000,9999.000
202603231948,   2.803,   3.450,9999.000,9999.000,9999.000,9999.000,9999.000,9999.000,9999.000
202603231954,   2.834,   3.489,9999.000,9999.000,9999.000,9999.000,9999.000,9999.000,9999.000
202603232000,   2.863,   3.558,   0.300,   0.395,   3.558,   0.300,   3.558,   0.300,   3.558
202603232006,   2.888,   3.598,9999.000,9999.000,9999.000,9999.000,9999.000,9999.000,9999.000
202603232012,   2.910,   3.627,9999.000,9999.000,9999.000,9999.000,9999.000,9999.000,9999.000
202603232018,   2.929,   3.660,9999.000,9999.000,9999.000,9999.000,9999.000,9999.000,9999.000
202603232024,   2.945,   3.709,9999.000,9999.000,9999.000,9999.000,9999.000,9999.000,9999.000
202603232030,   2.957,   3.709,9999.000,9999.000,9999.000,9999.000,9999.000,9999.000,9999.000
202603232036,   2.967,   3.660,9999.000,9999.000,9999.000,9999.000,9999.000,9999.000,9999.000
202603232042,   2.972,   3.598,9999.000,9999.000,9999.000,9999.000,9999.000,9999.000,9999.000
202603232048,   2.975,   3.588,9999.000,9999.000,9999.000,9999.000,9999.000,9999.000,9999.000
202603232054,   2.975,   3.617,9999.000,9999.000,9999.000,9999.000,9999.000,9999.000,9999.000
202603232100,   2.971,   3.660,   0.300,   0.389,   3.660,   0.300,   3.660,   0.300,   3.660
202603232106,   2.964,   3.637,9999.000,9999.000,9999.000,9999.000,9999.000,9999.000,9999.000
202603232112,   2.955,   3.627,9999.000,9999.000,9999.000,9999.000,9999.000,9999.000,9999.000
202603232118,   2.942,   3.607,9999.000,9999.000,9999.000,9999.000,9999.000,9999.000,9999.000
202603232124,   2.927,   3.558,9999.000,9999.000,9999.000,9999.000,9999.000,9999.000,9999.000
202603232130,   2.910,   3.519,9999.000,9999.000,9999.000,9999.000,9999.000,9999.000,9999.000
202603232136,   2.890,   3.489,9999.000,9999.000,9999.000,9999.000,9999.000,9999.000,9999.000
202603232142,   2.867,   3.450,9999.000,9999.000,9999.000,9999.000,9999.000,9999.000,9999.000
202603232148,   2.843,   3.427,9999.000,9999.000,9999.000,9999.000,9999.000,9999.000,9999.000
202603232154,   2.817,   3.358,9999.000,9999.000,9999.000,9999.000,9999.000,9999.000,9999.000
202603232200,   2.789,   3.279,   0.300,   0.190,   3.279,   0.300,   3.279,   0.300,   3.279
202603232206,   2.760,   3.260,9999.000,9999.000,9999.000,9999.000,9999.000,9999.000,9999.000
202603232212,   2.730,   3.260,9999.000,9999.000,9999.000,9999.000,9999.000,9999.000,9999.000
202603232218,   2.698,   3.250,9999.000,9999.000,9999.000,9999.000,9999.000,9999.000,9999.000
202603232224,   2.666,   3.230,9999.000,9999.000,9999.000,9999.000,9999.000,9999.000,9999.000
202603232230,   2.633,   3.197,9999.000,9999.000,9999.000,9999.000,9999.000,9999.000,9999.000
202603232236,   2.600,   3.158,9999.000,9999.000,9999.000,9999.000,9999.000,9999.000,9999.000
202603232242,   2.566,   3.119,9999.000,9999.000,9999.000,9999.000,9999.000,9999.000,9999.000
202603232248,   2.533,   3.050,9999.000,9999.000,9999.000,9999.000,9999.000,9999.000,9999.000
202603232254,   2.500,   3.017,9999.000,9999.000,9999.000,9999.000,9999.000,9999.000,9999.000
202603232300,   2.467,   3.007,   0.300,   0.240,   3.007,   0.300,   3.007,   0.300,   3.007
202603232306,   2.434,   2.997,9999.000,9999.000,9999.000,9999.000,9999.000,9999.000,9999.000
202603232312,   2.403,   2.988,9999.000,9999.000,9999.000,9999.000,9999.000,9999.000,9999.000
202603232318,   2.372,   2.968,9999.000,9999.000,9999.000,9999.000,9999.000,9999.000,9999.000
202603232324,   2.342,   2.929,9999.000,9999.000,9999.000,9999.000,9999.000,9999.000,9999.000
202603232330,   2.313,   2.919,9999.000,9999.000,9999.000,9999.000,9999.000,9999.000,9999.000
202603232336,   2.286,   2.889,9999.000,9999.000,9999.000,9999.000,9999.000,9999.000,9999.000
202603232342,   2.260,   2.840,9999.000,9999.000,9999.000,9999.000,9999.000,9999.000,9999.000
202603232348,   2.235,   2.850,9999.000,9999.000,9999.000,9999.000,9999.000,9999.000,9999.000
202603232354,   2.212,9999.000,9999.000,9999.000,9999.000,9999.000,9999.000,9999.000,9999.000
202603240000,   2.191,   2.909,   0.300,   0.418,   2.909,   0.300,   2.909,   0.300,   2.909
202603240006,   2.172,   2.909,9999.000,9999.000,9999.000,9999.000,9999.000,9999.000,9999.000
202603240012,   2.154,   2.860,9999.000,9999.000,9999.000,9999.000,9999.000,9999.000,9999.000
202603240018,   2.138,   2.797,9999.000,9999.000,9999.000,9999.000,9999.000,9999.000,9999.000
202603240024,   2.125,9999.000,9999.000,9999.000,9999.000,9999.000,9999.000,9999.000,9999.000
202603240030,   2.113,   2.768,9999.000,9999.000,9999.000,9999.000,9999.000,9999.000,9999.000
202603240036,   2.104,   2.787,9999.000,9999.000,9999.000,9999.000,9999.000,9999.000,9999.000
202603240042,   2.096,   2.807,9999.000,9999.000,9999.000,9999.000,9999.000,9999.000,9999.000
202603240048,   2.091,   2.840,9999.000,9999.000,9999.000,9999.000,9999.000,9999.000,9999.000
202603240054,   2.089,   2.860,9999.000,9999.000,9999.000,9999.000,9999.000,9999.000,9999.000
202603240100,   2.088,   2.850,   0.300,   0.462,   2.850,   0.300,   2.850,   0.400,   2.950
202603240106,   2.090,   2.830,9999.000,9999.000,9999.000,9999.000,9999.000,9999.000,9999.000
202603240112,   2.095,   2.797,9999.000,9999.000,9999.000,9999.000,9999.000,9999.000,9999.000
202603240118,   2.102,   2.787,9999.000,9999.000,9999.000,9999.000,9999.000,9999.000,9999.000
202603240124,   2.112,   2.807,9999.000,9999.000,9999.000,9999.000,9999.000,9999.000,9999.000
202603240130,   2.124,   2.807,9999.000,9999.000,9999.000,9999.000,9999.000,9999.000,9999.000
202603240136,   2.139,   2.820,9999.000,9999.000,9999.000,9999.000,9999.000,9999.000,9999.000
202603240142,   2.157,   2.840,9999.000,9999.000,9999.000,9999.000,9999.000,9999.000,9999.000
202603240148,   2.178,   2.889,9999.000,9999.000,9999.000,9999.000,9999.000,9999.000,9999.000
202603240154,   2.202,   2.919,9999.000,9999.000,9999.000,9999.000,9999.000,9999.000,9999.000
202603240200,   2.228,   2.929,   0.300,   0.401,   2.929,   0.300,   2.929,   0.300,   2.929
202603240206,   2.258,   2.929,9999.000,9999.000,9999.000,9999.000,9999.000,9999.000,9999.000
202603240212,   2.290,   2.929,9999.000,9999.000,9999.000,9999.000,9999.000,9999.000,9999.000
202603240218,   2.325,   2.988,9999.000,9999.000,9999.000,9999.000,9999.000,9999.000,9999.000
202603240224,   2.364,   3.079,9999.000,9999.000,9999.000,9999.000,9999.000,9999.000,9999.000
202603240230,   2.405,   3.109,9999.000,9999.000,9999.000,9999.000,9999.000,9999.000,9999.000
202603240236,   2.449,   3.129,9999.000,9999.000,9999.000,9999.000,9999.000,9999.000,9999.000
202603240242,   2.497,   3.178,9999.000,9999.000,9999.000,9999.000,9999.000,9999.000,9999.000
202603240248,   2.547,   3.217,9999.000,9999.000,9999.000,9999.000,9999.000,9999.000,9999.000
202603240254,   2.600,   3.309,9999.000,9999.000,9999.000,9999.000,9999.000,9999.000,9999.000
202603240300,   2.656,   3.348,   0.300,   0.392,   3.348,   0.300,   3.348,   0.300,   3.348
202603240306,   2.714,   3.407,9999.000,9999.000,9999.000,9999.000,9999.000,9999.000,9999.000
202603240312,   2.775,   3.470,9999.000,9999.000,9999.000,9999.000,9999.000,9999.000,9999.000
202603240318,   2.839,   3.598,9999.000,9999.000,9999.000,9999.000,9999.000,9999.000,9999.000
202603240324,   2.905,   3.680,9999.000,9999.000,9999.000,9999.000,9999.000,9999.000,9999.000
202603240330,   2.974,   3.739,9999.000,9999.000,9999.000,9999.000,9999.000,9999.000,9999.000
202603240336,   3.044,   3.768,9999.000,9999.000,9999.000,9999.000,9999.000,9999.000,9999.000
202603240342,   3.117,   3.837,9999.000,9999.000,9999.000,9999.000,9999.000,9999.000,9999.000
202603240348,   3.191,   3.939,9999.000,9999.000,9999.000,9999.000,9999.000,9999.000,9999.000
202603240354,   3.267,   4.037,9999.000,9999.000,9999.000,9999.000,9999.000,9999.000,9999.000
202603240400,   3.344,   4.119,   0.300,   0.475,   4.119,   0.300,   4.119,   0.300,   4.119
202603240406,   3.422,   4.198,9999.000,9999.000,9999.000,9999.000,9999.000,9999.000,9999.000
202603240412,   3.502,   4.280,9999.000,9999.000,9999.000,9999.000,9999.000,9999.000,9999.000
202603240418,   3.582,   4.388,9999.000,9999.000,9999.000,9999.000,9999.000,9999.000,9999.000
202603240424,   3.663,   4.447,9999.000,9999.000,9999.000,9999.000,9999.000,9999.000,9999.000
202603240430,   3.745,   4.500,9999.000,9999.000,9999.000,9999.000,9999.000,9999.000,9999.000
202603240436,   3.826,   4.559,9999.000,9999.000,9999.000,9999.000,9999.000,9999.000,9999.000
202603240442,   3.908,   4.647,9999.000,9999.000,9999.000,9999.000,9999.000,9999.000,9999.000
202603240448,   3.989,   4.759,9999.000,9999.000,9999.000,9999.000,9999.000,9999.000,9999.000
202603240454,   4.070,   4.847,9999.000,9999.000,9999.000,9999.000,9999.000,9999.000,9999.000
202603240500,   4.150,   4.919,   0.300,   0.469,   4.919,   0.300,   4.919,   0.300,   4.919
202603240506,   4.230,   4.959,9999.000,9999.000,9999.000,9999.000,9999.000,9999.000,9999.000
202603240512,   4.308,   5.067,9999.000,9999.000,9999.000,9999.000,9999.000,9999.000,9999.000
202603240518,   4.385,   5.129,9999.000,9999.000,9999.000,9999.000,9999.000,9999.000,9999.000
202603240524,   4.461,   5.188,9999.000,9999.000,9999.000,9999.000,9999.000,9999.000,9999.000
202603240530,   4.536,   5.218,9999.000,9999.000,9999.000,9999.000,9999.000,9999.000,9999.000
202603240536,   4.608,   5.257,9999.000,9999.000,9999.000,9999.000,9999.000,9999.000,9999.000
202603240542,   4.679,   5.339,9999.000,9999.000,9999.000,9999.000,9999.000,9999.000,9999.000
202603240548,   4.748,   5.418,9999.000,9999.000,9999.000,9999.000,9999.000,9999.000,9999.000
202603240554,   4.815,   5.507,9999.000,9999.000,9999.000,9999.000,9999.000,9999.000,9999.000
202603240600,   4.880,   5.569,   0.300,   0.389,   5.569,   0.300,   5.569,   0.300,   5.569
202603240606,   4.943,   5.608,9999.000,9999.000,9999.000,9999.000,9999.000,9999.000,9999.000
202603240612,   5.003,   5.657,9999.000,9999.000,9999.000,9999.000,9999.000,9999.000,9999.000
202603240618,   5.060,   5.697,9999.000,9999.000,9999.000,9999.000,9999.000,9999.000,9999.000
202603240624,   5.115,   5.759,9999.000,9999.000,9999.000,9999.000,9999.000,9999.000,9999.000
202603240630,   5.167,   5.799,9999.000,9999.000,9999.000,9999.000,9999.000,9999.000,9999.000
202603240636,   5.217,   5.818,9999.000,9999.000,9999.000,9999.000,9999.000,9999.000,9999.000
202603240642,   5.263,   5.867,9999.000,9999.000,9999.000,9999.000,9999.000,9999.000,9999.000
202603240648,   5.307,   5.897,9999.000,9999.000,9999.000,9999.000,9999.000,9999.000,9999.000
202603240654,   5.347,   5.949,9999.000,9999.000,9999.000,9999.000,9999.000,9999.000,9999.000
202603240700,   5.384,   6.018,   0.300,   0.334,   6.018,   0.300,   6.018,   0.300,   6.018
202603240706,   5.418,   6.058,9999.000,9999.000,9999.000,9999.000,9999.000,9999.000,9999.000
202603240712,   5.448,   6.087,9999.000,9999.000,9999.000,9999.000,9999.000,9999.000,9999.000
202603240718,   5.476,   6.117,9999.000,9999.000,9999.000,9999.000,9999.000,9999.000,9999.000
202603240724,   5.499,   6.149,9999.000,9999.000,9999.000,9999.000,9999.000,9999.000,9999.000
202603240730,   5.519,   6.159,9999.000,9999.000,9999.000,9999.000,9999.000,9999.000,9999.000
202603240736,   5.535,   6.169,9999.000,9999.000,9999.000,9999.000,9999.000,9999.000,9999.000
202603240742,   5.547,   6.169,9999.000,9999.000,9999.000,9999.000,9999.000,9999.000,9999.000
202603240748,   5.556,   6.127,9999.000,9999.000,9999.000,9999.000,9999.000,9999.000,9999.000
202603240754,   5.560,   6.136,9999.000,9999.000,9999.000,9999.000,9999.000,9999.000,9999.000
202603240800,   5.560,   6.179,   0.300,   0.319,   6.179,   0.300,   6.179,   0.300,   6.179
202603240806,   5.557,   6.209,9999.000,9999.000,9999.000,9999.000,9999.000,9999.000,9999.000
202603240812,   5.549,   6.248,9999.000,9999.000,9999.000,9999.000,9999.000,9999.000,9999.000
202603240818,   5.536,   6.218,9999.000,9999.000,9999.000,9999.000,9999.000,9999.000,9999.000
202603240824,   5.520,   6.159,9999.000,9999.000,9999.000,9999.000,9999.000,9999.000,9999.000
202603240830,   5.499,   6.117,9999.000,9999.000,9999.000,9999.000,9999.000,9999.000,9999.000
202603240836,   5.473,   6.077,9999.000,9999.000,9999.000,9999.000,9999.000,9999.000,9999.000
202603240842,   5.443,   6.048,9999.000,9999.000,9999.000,9999.000,9999.000,9999.000,9999.000
202603240848,   5.409,   6.028,9999.000,9999.000,9999.000,9999.000,9999.000,9999.000,9999.000
202603240854,   5.370,   5.989,9999.000,9999.000,9999.000,9999.000,9999.000,9999.000,9999.000
202603240900,   5.327,   5.949,   0.300,   0.322,   5.949,   0.300,   5.949,   0.300,   5.949
202603240906,   5.280,   5.907,9999.000,9999.000,9999.000,9999.000,9999.000,9999.000,9999.000
202603240912,   5.228,   5.877,9999.000,9999.000,9999.000,9999.000,9999.000,9999.000,9999.000
202603240918,   5.172,   5.799,9999.000,9999.000,9999.000,9999.000,9999.000,9999.000,9999.000
202603240924,   5.112,   5.717,9999.000,9999.000,9999.000,9999.000,9999.000,9999.000,9999.000
202603240930,   5.048,   5.628,9999.000,9999.000,9999.000,9999.000,9999.000,9999.000,9999.000
202603240936,   4.979,   5.530,9999.000,9999.000,9999.000,9999.000,9999.000,9999.000,9999.000
202603240942,   4.907,   5.457,9999.000,9999.000,9999.000,9999.000,9999.000,9999.000,9999.000
202603240948,   4.832,   5.408,9999.000,9999.000,9999.000,9999.000,9999.000,9999.000,9999.000
202603240954,   4.753,   5.398,9999.000,9999.000,9999.000,9999.000,9999.000,9999.000,9999.000
202603241000,   4.670,   5.349,   0.300,   0.379,   5.349,   0.300,   5.349,   0.300,   5.349
202603241006,   4.584,   5.238,9999.000,9999.000,9999.000,9999.000,9999.000,9999.000,9999.000
202603241012,   4.496,   5.067,9999.000,9999.000,9999.000,9999.000,9999.000,9999.000,9999.000
202603241018,   4.404,   4.939,9999.000,9999.000,9999.000,9999.000,9999.000,9999.000,9999.000
202603241024,   4.310,   4.867,9999.000,9999.000,9999.000,9999.000,9999.000,9999.000,9999.000
202603241030,   4.214,   4.808,9999.000,9999.000,9999.000,9999.000,9999.000,9999.000,9999.000
202603241036,   4.115,   4.700,9999.000,9999.000,9999.000,9999.000,9999.000,9999.000,9999.000
202603241042,   4.015,   4.588,9999.000,9999.000,9999.000,9999.000,9999.000,9999.000,9999.000
202603241048,   3.912,   4.500,9999.000,9999.000,9999.000,9999.000,9999.000,9999.000,9999.000
202603241054,   3.809,   4.388,9999.000,9999.000,9999.000,9999.000,9999.000,9999.000,9999.000
202603241100,   3.704,   4.300,   0.300,   0.296,   4.300,   0.200,   4.200,   0.300,   4.300
202603241106,   3.597,   4.188,9999.000,9999.000,9999.000,9999.000,9999.000,9999.000,9999.000
202603241112,   3.490,   4.057,9999.000,9999.000,9999.000,9999.000,9999.000,9999.000,9999.000
202603241118,   3.383,   3.978,9999.000,9999.000,9999.000,9999.000,9999.000,9999.000,9999.000
202603241124,   3.275,   3.899,9999.000,9999.000,9999.000,9999.000,9999.000,9999.000,9999.000
202603241130,   3.166,   3.798,9999.000,9999.000,9999.000,9999.000,9999.000,9999.000,9999.000
202603241136,   3.057,   3.680,9999.000,9999.000,9999.000,9999.000,9999.000,9999.000,9999.000
202603241142,   2.949,   3.548,9999.000,9999.000,9999.000,9999.000,9999.000,9999.000,9999.000
202603241148,   2.841,   3.440,9999.000,9999.000,9999.000,9999.000,9999.000,9999.000,9999.000
202603241154,   2.733,   3.339,9999.000,9999.000,9999.000,9999.000,9999.000,9999.000,9999.000
202603241200,   2.625,   3.250,   0.400,   0.225,   3.250,   0.400,   3.250,   0.400,   3.250
202603241206,   2.519,   3.148,9999.000,9999.000,9999.000,9999.000,9999.000,9999.000,9999.000
202603241212,   2.413,   3.060,9999.000,9999.000,9999.000,9999.000,9999.000,9999.000,9999.000
202603241218,   2.308,   2.938,9999.000,9999.000,9999.000,9999.000,9999.000,9999.000,9999.000
202603241224,   2.204,   2.807,9999.000,9999.000,9999.000,9999.000,9999.000,9999.000,9999.000
202603241230,   2.101,   2.679,9999.000,9999.000,9999.000,9999.000,9999.000,9999.000,9999.000
202603241236,   2.000,   2.568,9999.000,9999.000,9999.000,9999.000,9999.000,9999.000,9999.000
202603241242,   1.900,   2.489,9999.000,9999.000,9999.000,9999.000,9999.000,9999.000,9999.000
202603241248,   1.801,   2.400,9999.000,9999.000,9999.000,9999.000,9999.000,9999.000,9999.000
202603241254,   1.705,   2.318,9999.000,9999.000,9999.000,9999.000,9999.000,9999.000,9999.000
202603241300,   1.610,   2.230,   0.400,   0.220,   2.230,   0.400,   2.230,   0.400,   2.230
202603241306,   1.516,   2.099,9999.000,9999.000,9999.000,9999.000,9999.000,9999.000,9999.000
202603241312,   1.425,   1.967,9999.000,9999.000,9999.000,9999.000,9999.000,9999.000,9999.000
202603241318,   1.336,   1.879,9999.000,9999.000,9999.000,9999.000,9999.000,9999.000,9999.000
202603241324,   1.249,   1.758,9999.000,9999.000,9999.000,9999.000,9999.000,9999.000,9999.000
202603241330,   1.165,   1.689,9999.000,9999.000,9999.000,9999.000,9999.000,9999.000,9999.000
202603241336,   1.083,   1.620,9999.000,9999.000,9999.000,9999.000,9999.000,9999.000,9999.000
202603241342,   1.003,   1.538,9999.000,9999.000,9999.000,9999.000,9999.000,9999.000,9999.000
202603241348,   0.926,   1.459,9999.000,9999.000,9999.000,9999.000,9999.000,9999.000,9999.000
202603241354,   0.852,   1.400,9999.000,9999.000,9999.000,9999.000,9999.000,9999.000,9999.000
202603241400,   0.780,   1.318,   0.400,   0.138,   1.318,   0.400,   1.318,   0.400,   1.318
202603241406,   0.712,   1.229,9999.000,9999.000,9999.000,9999.000,9999.000,9999.000,9999.000
202603241412,   0.647,   1.118,9999.000,9999.000,9999.000,9999.000,9999.000,9999.000,9999.000
202603241418,   0.585,   1.079,9999.000,9999.000,9999.000,9999.000,9999.000,9999.000,9999.000
202603241424,   0.526,   1.029,9999.000,9999.000,9999.000,9999.000,9999.000,9999.000,9999.000
202603241430,   0.471,   1.010,9999.000,9999.000,9999.000,9999.000,9999.000,9999.000,9999.000
202603241436,   0.419,   0.951,9999.000,9999.000,9999.000,9999.000,9999.000,9999.000,9999.000
202603241442,   0.371,   0.879,9999.000,9999.000,9999.000,9999.000,9999.000,9999.000,9999.000
202603241448,   0.326,   0.819,9999.000,9999.000,9999.000,9999.000,9999.000,9999.000,9999.000
202603241454,   0.285,   0.760,9999.000,9999.000,9999.000,9999.000,9999.000,9999.000,9999.000
202603241500,   0.248,   0.760,   0.400,   0.112,   0.760,   0.300,   0.660,   0.400,   0.760
202603241506,   0.215,   0.760,9999.000,9999.000,9999.000,9999.000,9999.000,9999.000,9999.000
202603241512,   0.185,   0.718,9999.000,9999.000,9999.000,9999.000,9999.000,9999.000,9999.000
202603241518,   0.159,   0.688,9999.000,9999.000,9999.000,9999.000,9999.000,9999.000,9999.000
202603241524,   0.138,   0.678,9999.000,9999.000,9999.000,9999.000,9999.000,9999.000,9999.000
202603241530,   0.120,   0.669,9999.000,9999.000,9999.000,9999.000,9999.000,9999.000,9999.000
202603241536,   0.106,   0.678,9999.000,9999.000,9999.000,9999.000,9999.000,9999.000,9999.000
202603241542,   0.096,   0.659,9999.000,9999.000,9999.000,9999.000,9999.000,9999.000,9999.000
202603241548,   0.089,   0.669,9999.000,9999.000,9999.000,9999.000,9999.000,9999.000,9999.000
202603241554,   0.087,   0.678,9999.000,9999.000,9999.000,9999.000,9999.000,9999.000,9999.000
202603241600,   0.088,   0.688,   0.400,   0.200,   0.688,   0.300,   0.588,   0.400,   0.688
202603241606,   0.092,   0.698,9999.000,9999.000,9999.000,9999.000,9999.000,9999.000,9999.000
202603241612,   0.100,   0.688,9999.000,9999.000,9999.000,9999.000,9999.000,9999.000,9999.000
202603241618,   0.112,   0.718,9999.000,9999.000,9999.000,9999.000,9999.000,9999.000,9999.000
202603241624,   0.127,   0.760,9999.000,9999.000,9999.000,9999.000,9999.000,9999.000,9999.000
202603241630,   0.144,   0.790,9999.000,9999.000,9999.000,9999.000,9999.000,9999.000,9999.000
202603241636,   0.166,   0.800,9999.000,9999.000,9999.000,9999.000,9999.000,9999.000,9999.000
202603241642,   0.190,   0.819,9999.000,9999.000,9999.000,9999.000,9999.000,9999.000,9999.000
202603241648,   0.216,   0.819,9999.000,9999.000,9999.000,9999.000,9999.000,9999.000,9999.000
202603241654,   0.246,   0.859,9999.000,9999.000,9999.000,9999.000,9999.000,9999.000,9999.000
202603241700,   0.278,   0.898,   0.300,   0.320,   0.898,   0.300,   0.898,   0.400,   0.998
202603241706,   0.312,   0.941,9999.000,9999.000,9999.000,9999.000,9999.000,9999.000,9999.000
202603241712,   0.349,   0.980,9999.000,9999.000,9999.000,9999.000,9999.000,9999.000,9999.000
202603241718,   0.388,   1.020,9999.000,9999.000,9999.000,9999.000,9999.000,9999.000,9999.000
202603241724,   0.429,   1.088,9999.000,9999.000,9999.000,9999.000,9999.000,9999.000,9999.000
202603241730,   0.472,   1.128,9999.000,9999.000,9999.000,9999.000,9999.000,9999.000,9999.000
202603241736,   0.517,   1.151,9999.000,9999.000,9999.000,9999.000,9999.000,9999.000,9999.000
202603241742,   0.563,   1.170,9999.000,9999.000,9999.000,9999.000,9999.000,9999.000,9999.000
202603241748,   0.611,   1.180,9999.000,9999.000,9999.000,9999.000,9999.000,9999.000,9999.000
202603241754,   0.660,   1.229,9999.000,9999.000,9999.000,9999.000,9999.000,9999.000,9999.000
202603241800,   0.711,   1.279,   0.400,   0.168,   1.279,   0.400,   1.279,   0.400,   1.279
202603241806,   0.763,   1.328,9999.000,9999.000,9999.000,9999.000,9999.000,9999.000,9999.000
202603241812,   0.816,   1.410,9999.000,9999.000,9999.000,9999.000,9999.000,9999.000,9999.000
202603241818,   0.870,   1.459,9999.000,9999.000,9999.000,9999.000,9999.000,9999.000,9999.000
202603241824,   0.925,   1.508,9999.000,9999.000,9999.000,9999.000,9999.000,9999.000,9999.000
202603241830,   0.981,   1.557,9999.000,9999.000,9999.000,9999.000,9999.000,9999.000,9999.000
202603241836,   1.037,   1.571,9999.000,9999.000,9999.000,9999.000,9999.000,9999.000,9999.000
202603241842,   1.094,   1.620,9999.000,9999.000,9999.000,9999.000,9999.000,9999.000,9999.000
202603241848,   1.152,   1.679,9999.000,9999.000,9999.000,9999.000,9999.000,9999.000,9999.000
202603241854,   1.210,   1.738,9999.000,9999.000,9999.000,9999.000,9999.000,9999.000,9999.000
202603241900,   1.269,   1.810,   0.400,   0.141,   1.810,   0.400,   1.810,   0.400,   1.810
202603241906,   1.328,   1.879,9999.000,9999.000,9999.000,9999.000,9999.000,9999.000,9999.000
202603241912,   1.386,   1.938,9999.000,9999.000,9999.000,9999.000,9999.000,9999.000,9999.000
202603241918,   1.445,   1.981,9999.000,9999.000,9999.000,9999.000,9999.000,9999.000,9999.000
202603241924,   1.504,   2.020,9999.000,9999.000,9999.000,9999.000,9999.000,9999.000,9999.000
202603241930,   1.563,   2.069,9999.000,9999.000,9999.000,9999.000,9999.000,9999.000,9999.000
202603241936,   1.621,   2.118,9999.000,9999.000,9999.000,9999.000,9999.000,9999.000,9999.000
202603241942,   1.679,   2.191,9999.000,9999.000,9999.000,9999.000,9999.000,9999.000,9999.000
202603241948,   1.737,   2.279,9999.000,9999.000,9999.000,9999.000,9999.000,9999.000,9999.000
202603241954,   1.794,   2.358,9999.000,9999.000,9999.000,9999.000,9999.000,9999.000,9999.000
202603242000,   1.850,   2.440,   0.400,   0.190,   2.440,   0.400,   2.440,   0.400,   2.440
202603242006,   1.905,   2.479,9999.000,9999.000,9999.000,9999.000,9999.000,9999.000,9999.000
202603242012,   1.959,   2.519,9999.000,9999.000,9999.000,9999.000,9999.000,9999.000,9999.000
202603242018,   2.012,   2.548,9999.000,9999.000,9999.000,9999.000,9999.000,9999.000,9999.000
202603242024,   2.064,   2.630,9999.000,9999.000,9999.000,9999.000,9999.000,9999.000,9999.000
202603242030,   2.114,   2.699,9999.000,9999.000,9999.000,9999.000,9999.000,9999.000,9999.000
202603242036,   2.163,   2.787,9999.000,9999.000,9999.000,9999.000,9999.000,9999.000,9999.000
202603242042,   2.210,   2.820,9999.000,9999.000,9999.000,9999.000,9999.000,9999.000,9999.000
202603242048,   2.255,   2.869,9999.000,9999.000,9999.000,9999.000,9999.000,9999.000,9999.000
202603242054,   2.299,   2.938,9999.000,9999.000,9999.000,9999.000,9999.000,9999.000,9999.000
202603242100,   2.340,   2.988,   0.400,   0.248,   2.988,   0.400,   2.988,   0.400,   2.988
202603242106,   2.380,   3.040,9999.000,9999.000,9999.000,9999.000,9999.000,9999.000,9999.000
202603242112,   2.417,   3.070,9999.000,9999.000,9999.000,9999.000,9999.000,9999.000,9999.000
202603242118,   2.453,   3.079,9999.000,9999.000,9999.000,9999.000,9999.000,9999.000,9999.000
202603242124,   2.486,   3.119,9999.000,9999.000,9999.000,9999.000,9999.000,9999.000,9999.000
202603242130,   2.517,   3.168,9999.000,9999.000,9999.000,9999.000,9999.000,9999.000,9999.000
202603242136,   2.545,   3.217,9999.000,9999.000,9999.000,9999.000,9999.000,9999.000,9999.000
202603242142,   2.572,   3.250,9999.000,9999.000,9999.000,9999.000,9999.000,9999.000,9999.000
202603242148,   2.596,   3.240,9999.000,9999.000,9999.000,9999.000,9999.000,9999.000,9999.000
202603242154,   2.618,   3.230,9999.000,9999.000,9999.000,9999.000,9999.000,9999.000,9999.000
202603242200,   2.637,   3.250,   0.400,   0.213,   3.250,   0.400,   3.250,   0.400,   3.250
202603242206,   2.655,   3.309,9999.000,9999.000,9999.000,9999.000,9999.000,9999.000,9999.000
202603242212,   2.670,   3.329,9999.000,9999.000,9999.000,9999.000,9999.000,9999.000,9999.000
202603242218,   2.683,   3.299,9999.000,9999.000,9999.000,9999.000,9999.000,9999.000,9999.000
202603242224,   2.694,   3.270,9999.000,9999.000,9999.000,9999.000,9999.000,9999.000,9999.000
202603242230,   2.704,   3.260,9999.000,9999.000,9999.000,9999.000,9999.000,9999.000,9999.000
202603242236,   2.711,   3.279,9999.000,9999.000,9999.000,9999.000,9999.000,9999.000,9999.000
202603242242,   2.717,   3.309,9999.000,9999.000,9999.000,9999.000,9999.000,9999.000,9999.000
202603242248,   2.721,   3.329,9999.000,9999.000,9999.000,9999.000,9999.000,9999.000,9999.000
202603242254,   2.724,   3.319,9999.000,9999.000,9999.000,9999.000,9999.000,9999.000,9999.000
202603242300,   2.725,   3.329,   0.400,   0.204,   3.329,   0.400,   3.329,   0.400,   3.329
202603242306,   2.726,   3.309,9999.000,9999.000,9999.000,9999.000,9999.000,9999.000,9999.000
202603242312,   2.725,   3.279,9999.000,9999.000,9999.000,9999.000,9999.000,9999.000,9999.000
202603242318,   2.723,   3.240,9999.000,9999.000,9999.000,9999.000,9999.000,9999.000,9999.000
202603242324,   2.720,   3.240,9999.000,9999.000,9999.000,9999.000,9999.000,9999.000,9999.000
202603242330,   2.716,   3.260,9999.000,9999.000,9999.000,9999.000,9999.000,9999.000,9999.000
202603242336,   2.712,   3.299,9999.000,9999.000,9999.000,9999.000,9999.000,9999.000,9999.000
202603242342,   2.707,   3.299,9999.000,9999.000,9999.000,9999.000,9999.000,9999.000,9999.000
202603242348,   2.702,   3.289,9999.000,9999.000,9999.000,9999.000,9999.000,9999.000,9999.000
202603242354,   2.697,9999.000,9999.000,9999.000,9999.000,9999.000,9999.000,9999.000,9999.000
202603250000,   2.691,   3.319,   0.400,   0.228,   3.319,   0.400,   3.319,   0.400,   3.319
202603250006,   2.685,   3.319,9999.000,9999.000,9999.000,9999.000,9999.000,9999.000,9999.000
202603250012,   2.679,   3.289,9999.000,9999.000,9999.000,9999.000,9999.000,9999.000,9999.000
202603250018,   2.673,   3.279,9999.000,9999.000,9999.000,9999.000,9999.000,9999.000,9999.000
202603250024,   2.668,   3.279,9999.000,9999.000,9999.000,9999.000,9999.000,9999.000,9999.000
202603250030,   2.662,   3.279,9999.000,9999.000,9999.000,9999.000,9999.000,9999.000,9999.000
202603250036,   2.657,   3.329,9999.000,9999.000,9999.000,9999.000,9999.000,9999.000,9999.000
202603250042,   2.652,   3.339,9999.000,9999.000,9999.000,9999.000,9999.000,9999.000,9999.000
202603250048,   2.648,   3.358,9999.000,9999.000,9999.000,9999.000,9999.000,9999.000,9999.000
202603250054,   2.644,   3.339,9999.000,9999.000,9999.000,9999.000,9999.000,9999.000,9999.000
202603250100,   2.640,   3.339,   0.400,   0.299,   3.339,   0.400,   3.339,   0.400,   3.339
202603250106,   2.637,   3.319,9999.000,9999.000,9999.000,9999.000,9999.000,9999.000,9999.000
202603250112,   2.635,   3.289,9999.000,9999.000,9999.000,9999.000,9999.000,9999.000,9999.000
202603250118,   2.633,   3.270,9999.000,9999.000,9999.000,9999.000,9999.000,9999.000,9999.000
202603250124,   2.632,   3.299,9999.000,9999.000,9999.000,9999.000,9999.000,9999.000,9999.000
202603250130,   2.632,   3.348,9999.000,9999.000,9999.000,9999.000,9999.000,9999.000,9999.000
202603250136,   2.633,   3.388,9999.000,9999.000,9999.000,9999.000,9999.000,9999.000,9999.000
202603250142,   2.634,   3.378,9999.000,9999.000,9999.000,9999.000,9999.000,9999.000,9999.000
202603250148,   2.637,   3.368,9999.000,9999.000,9999.000,9999.000,9999.000,9999.000,9999.000
202603250154,   2.640,   3.339,9999.000,9999.000,9999.000,9999.000,9999.000,9999.000,9999.000
202603250200,   2.645,   3.319,   0.400,   0.274,   3.319,   0.400,   3.319,   0.400,   3.319
202603250206,   2.651,   3.299,9999.000,9999.000,9999.000,9999.000,9999.000,9999.000,9999.000
202603250212,   2.658,   3.289,9999.000,9999.000,9999.000,9999.000,9999.000,9999.000,9999.000
202603250218,   2.666,   3.270,9999.000,9999.000,9999.000,9999.000,9999.000,9999.000,9999.000
202603250224,   2.675,   3.319,9999.000,9999.000,9999.000,9999.000,9999.000,9999.000,9999.000
202603250230,   2.686,   3.378,9999.000,9999.000,9999.000,9999.000,9999.000,9999.000,9999.000
202603250236,   2.699,   3.417,9999.000,9999.000,9999.000,9999.000,9999.000,9999.000,9999.000
202603250242,   2.712,   3.427,9999.000,9999.000,9999.000,9999.000,9999.000,9999.000,9999.000
202603250248,   2.728,   3.407,9999.000,9999.000,9999.000,9999.000,9999.000,9999.000,9999.000
202603250254,   2.745,   3.388,9999.000,9999.000,9999.000,9999.000,9999.000,9999.000,9999.000
202603250300,   2.764,   3.398,   0.400,   0.234,   3.398,   0.400,   3.398,   0.400,   3.398
202603250306,   2.784,   3.378,9999.000,9999.000,9999.000,9999.000,9999.000,9999.000,9999.000
202603250312,   2.806,   3.388,9999.000,9999.000,9999.000,9999.000,9999.000,9999.000,9999.000
202603250318,   2.830,   3.398,9999.000,9999.000,9999.000,9999.000,9999.000,9999.000,9999.000
202603250324,   2.856,   3.450,9999.000,9999.000,9999.000,9999.000,9999.000,9999.000,9999.000
202603250330,   2.884,   3.529,9999.000,9999.000,9999.000,9999.000,9999.000,9999.000,9999.000
202603250336,   2.913,   3.568,9999.000,9999.000,9999.000,9999.000,9999.000,9999.000,9999.000
202603250342,   2.944,   3.568,9999.000,9999.000,9999.000,9999.000,9999.000,9999.000,9999.000
202603250348,   2.978,   3.588,9999.000,9999.000,9999.000,9999.000,9999.000,9999.000,9999.000
202603250354,   3.013,   3.650,9999.000,9999.000,9999.000,9999.000,9999.000,9999.000,9999.000
202603250400,   3.049,   3.689,   0.400,   0.240,   3.689,   0.300,   3.589,   0.400,   3.689
202603250406,   3.088,   3.719,9999.000,9999.000,9999.000,9999.000,9999.000,9999.000,9999.000
202603250412,   3.128,   3.749,9999.000,9999.000,9999.000,9999.000,9999.000,9999.000,9999.000
202603250418,   3.170,   3.758,9999.000,9999.000,9999.000,9999.000,9999.000,9999.000,9999.000
202603250424,   3.213,   3.817,9999.000,9999.000,9999.000,9999.000,9999.000,9999.000,9999.000
202603250430,   3.258,   3.860,9999.000,9999.000,9999.000,9999.000,9999.000,9999.000,9999.000
202603250436,   3.304,   3.899,9999.000,9999.000,9999.000,9999.000,9999.000,9999.000,9999.000
202603250442,   3.352,   3.968,9999.000,9999.000,9999.000,9999.000,9999.000,9999.000,9999.000
202603250448,   3.401,   3.998,9999.000,9999.000,9999.000,9999.000,9999.000,9999.000,9999.000
202603250454,   3.451,   4.037,9999.000,9999.000,9999.000,9999.000,9999.000,9999.000,9999.000
202603250500,   3.502,   4.080,   0.400,   0.178,   4.080,   0.300,   3.980,   0.400,   4.080
202603250506,   3.554,   4.139,9999.000,9999.000,9999.000,9999.000,9999.000,9999.000,9999.000
202603250512,   3.606,   4.218,9999.000,9999.000,9999.000,9999.000,9999.000,9999.000,9999.000
202603250518,   3.660,   4.290,9999.000,9999.000,9999.000,9999.000,9999.000,9999.000,9999.000
202603250524,   3.713,   4.349,9999.000,9999.000,9999.000,9999.000,9999.000,9999.000,9999.000
202603250530,   3.768,   4.388,9999.000,9999.000,9999.000,9999.000,9999.000,9999.000,9999.000
202603250536,   3.822,   4.447,9999.000,9999.000,9999.000,9999.000,9999.000,9999.000,9999.000
202603250542,   3.877,   4.480,9999.000,9999.000,9999.000,9999.000,9999.000,9999.000,9999.000
202603250548,   3.932,   4.480,9999.000,9999.000,9999.000,9999.000,9999.000,9999.000,9999.000
202603250554,   3.987,   4.509,9999.000,9999.000,9999.000,9999.000,9999.000,9999.000,9999.000
202603250600,   4.042,   4.569,   0.300,   0.227,   4.569,   0.300,   4.569,   0.300,   4.569
202603250606,   4.097,   4.677,9999.000,9999.000,9999.000,9999.000,9999.000,9999.000,9999.000
202603250612,   4.151,   4.778,9999.000,9999.000,9999.000,9999.000,9999.000,9999.000,9999.000
202603250618,   4.205,   4.847,9999.000,9999.000,9999.000,9999.000,9999.000,9999.000,9999.000
202603250624,   4.258,   4.877,9999.000,9999.000,9999.000,9999.000,9999.000,9999.000,9999.000
202603250630,   4.311,   4.910,9999.000,9999.000,9999.000,9999.000,9999.000,9999.000,9999.000
202603250636,   4.363,   4.949,9999.000,9999.000,9999.000,9999.000,9999.000,9999.000,9999.000
202603250642,   4.414,   4.939,9999.000,9999.000,9999.000,9999.000,9999.000,9999.000,9999.000
202603250648,   4.464,   4.969,9999.000,9999.000,9999.000,9999.000,9999.000,9999.000,9999.000
202603250654,   4.514,   5.028,9999.000,9999.000,9999.000,9999.000,9999.000,9999.000,9999.000
202603250700,   4.562,   5.097,   0.300,   0.235,   5.097,   0.300,   5.097,   0.300,   5.097
202603250706,   4.609,   5.169,9999.000,9999.000,9999.000,9999.000,9999.000,9999.000,9999.000
202603250712,   4.655,   5.198,9999.000,9999.000,9999.000,9999.000,9999.000,9999.000,9999.000
202603250718,   4.700,   5.218,9999.000,9999.000,9999.000,9999.000,9999.000,9999.000,9999.000
202603250724,   4.743,   5.297,9999.000,9999.000,9999.000,9999.000,9999.000,9999.000,9999.000
202603250730,   4.785,   5.359,9999.000,9999.000,9999.000,9999.000,9999.000,9999.000,9999.000
202603250736,   4.826,   5.379,9999.000,9999.000,9999.000,9999.000,9999.000,9999.000,9999.000
202603250742,   4.864,   5.369,9999.000,9999.000,9999.000,9999.000,9999.000,9999.000,9999.000
202603250748,   4.901,   5.379,9999.000,9999.000,9999.000,9999.000,9999.000,9999.000,9999.000
202603250754,   4.936,   5.438,9999.000,9999.000,9999.000,9999.000,9999.000,9999.000,9999.000
202603250800,   4.969,   5.487,   0.300,   0.218,   5.487,   0.300,   5.487,   0.300,   5.487
202603250806,   5.001,   5.497,9999.000,9999.000,9999.000,9999.000,9999.000,9999.000,9999.000
202603250812,   5.030,   5.507,9999.000,9999.000,9999.000,9999.000,9999.000,9999.000,9999.000
202603250818,   5.056,   5.569,9999.000,9999.000,9999.000,9999.000,9999.000,9999.000,9999.000
202603250824,   5.081,   5.657,9999.000,9999.000,9999.000,9999.000,9999.000,9999.000,9999.000
202603250830,   5.103,   5.687,9999.000,9999.000,9999.000,9999.000,9999.000,9999.000,9999.000
202603250836,   5.122,   5.667,9999.000,9999.000,9999.000,9999.000,9999.000,9999.000,9999.000
202603250842,   5.139,   5.638,9999.000,9999.000,9999.000,9999.000,9999.000,9999.000,9999.000
202603250848,   5.153,   5.628,9999.000,9999.000,9999.000,9999.000,9999.000,9999.000,9999.000
202603250854,   5.164,   5.667,9999.000,9999.000,9999.000,9999.000,9999.000,9999.000,9999.000
202603250900,   5.172,   5.687,   0.300,   0.215,   5.687,   0.300,   5.687,   0.300,   5.687
202603250906,   5.177,   5.697,9999.000,9999.000,9999.000,9999.000,9999.000,9999.000,9999.000
202603250912,   5.179,   5.730,9999.000,9999.000,9999.000,9999.000,9999.000,9999.000,9999.000
202603250918,   5.178,   5.749,9999.000,9999.000,9999.000,9999.000,9999.000,9999.000,9999.000
202603250924,   5.173,   5.759,9999.000,9999.000,9999.000,9999.000,9999.000,9999.000,9999.000
202603250930,   5.165,   5.717,9999.000,9999.000,9999.000,9999.000,9999.000,9999.000,9999.000
202603250936,   5.154,   5.697,9999.000,9999.000,9999.000,9999.000,9999.000,9999.000,9999.000
202603250942,   5.139,   5.717,9999.000,9999.000,9999.000,9999.000,9999.000,9999.000,9999.000
202603250948,   5.121,   5.749,9999.000,9999.000,9999.000,9999.000,9999.000,9999.000,9999.000
202603250954,   5.099,   5.697,9999.000,9999.000,9999.000,9999.000,9999.000,9999.000,9999.000
202603251000,   5.073,   5.638,   0.300,   0.265,   5.638,   0.300,   5.638,   0.300,   5.638
202603251006,   5.044,   5.559,9999.000,9999.000,9999.000,9999.000,9999.000,9999.000,9999.000
202603251012,   5.012,   5.539,9999.000,9999.000,9999.000,9999.000,9999.000,9999.000,9999.000
202603251018,   4.975,   5.507,9999.000,9999.000,9999.000,9999.000,9999.000,9999.000,9999.000
202603251024,   4.936,   5.477,9999.000,9999.000,9999.000,9999.000,9999.000,9999.000,9999.000
202603251030,   4.893,   5.418,9999.000,9999.000,9999.000,9999.000,9999.000,9999.000,9999.000
202603251036,   4.846,   5.389,9999.000,9999.000,9999.000,9999.000,9999.000,9999.000,9999.000
202603251042,   4.797,   5.349,9999.000,9999.000,9999.000,9999.000,9999.000,9999.000,9999.000
202603251048,   4.744,   5.287,9999.000,9999.000,9999.000,9999.000,9999.000,9999.000,9999.000
202603251054,   4.687,   5.238,9999.000,9999.000,9999.000,9999.000,9999.000,9999.000,9999.000
202603251100,   4.628,   5.149,   0.300,   0.221,   5.149,   0.300,   5.149,   0.300,   5.149
202603251106,   4.566,   5.077,9999.000,9999.000,9999.000,9999.000,9999.000,9999.000,9999.000
202603251112,   4.501,   5.018,9999.000,9999.000,9999.000,9999.000,9999.000,9999.000,9999.000
202603251118,   4.433,   4.949,9999.000,9999.000,9999.000,9999.000,9999.000,9999.000,9999.000
202603251124,   4.363,   4.867,9999.000,9999.000,9999.000,9999.000,9999.000,9999.000,9999.000
202603251130,   4.290,   4.788,9999.000,9999.000,9999.000,9999.000,9999.000,9999.000,9999.000
202603251136,   4.215,   4.700,9999.000,9999.000,9999.000,9999.000,9999.000,9999.000,9999.000
202603251142,   4.138,   4.608,9999.000,9999.000,9999.000,9999.000,9999.000,9999.000,9999.000
202603251148,   4.058,   4.529,9999.000,9999.000,9999.000,9999.000,9999.000,9999.000,9999.000
202603251154,   3.977,   4.457,9999.000,9999.000,9999.000,9999.000,9999.000,9999.000,9999.000
202603251200,   3.894,   4.398,   0.500,   0.004,   4.398,   0.500,   4.398,   0.500,   4.398
202603251206,   3.809,   4.339,9999.000,9999.000,9999.000,9999.000,9999.000,9999.000,9999.000
202603251212,   3.723,   4.309,9999.000,9999.000,9999.000,9999.000,9999.000,9999.000,9999.000
202603251218,   3.635,   4.227,9999.000,9999.000,9999.000,9999.000,9999.000,9999.000,9999.000
202603251224,   3.546,   4.099,9999.000,9999.000,9999.000,9999.000,9999.000,9999.000,9999.000
202603251230,   3.456,   3.998,9999.000,9999.000,9999.000,9999.000,9999.000,9999.000,9999.000
202603251236,   3.365,   3.870,9999.000,9999.000,9999.000,9999.000,9999.000,9999.000,9999.000
202603251242,   3.273,   3.739,9999.000,9999.000,9999.000,9999.000,9999.000,9999.000,9999.000
202603251248,   3.180,   3.670,9999.000,9999.000,9999.000,9999.000,9999.000,9999.000,9999.000
202603251254,   3.087,   3.607,9999.000,9999.000,9999.000,9999.000,9999.000,9999.000,9999.000
202603251300,   2.993,   3.607,   0.500,   0.114,   3.607,   0.500,   3.607,   0.500,   3.607
202603251306,   2.899,   3.489,9999.000,9999.000,9999.000,9999.000,9999.000,9999.000,9999.000
202603251312,   2.804,   3.427,9999.000,9999.000,9999.000,9999.000,9999.000,9999.000,9999.000
202603251318,   2.709,   3.329,9999.000,9999.000,9999.000,9999.000,9999.000,9999.000,9999.000
202603251324,   2.614,   3.230,9999.000,9999.000,9999.000,9999.000,9999.000,9999.000,9999.000
202603251330,   2.519,   3.119,9999.000,9999.000,9999.000,9999.000,9999.000,9999.000,9999.000
202603251336,   2.424,   2.978,9999.000,9999.000,9999.000,9999.000,9999.000,9999.000,9999.000
202603251342,   2.329,   2.860,9999.000,9999.000,9999.000,9999.000,9999.000,9999.000,9999.000
202603251348,   2.235,   2.748,9999.000,9999.000,9999.000,9999.000,9999.000,9999.000,9999.000
202603251354,   2.141,   2.679,9999.000,9999.000,9999.000,9999.000,9999.000,9999.000,9999.000
202603251400,   2.047,   2.610,   0.500,   0.063,   2.610,   0.500,   2.610,   0.500,   2.610
202603251406,   1.954,   2.519,9999.000,9999.000,9999.000,9999.000,9999.000,9999.000,9999.000
202603251412,   1.862,   2.420,9999.000,9999.000,9999.000,9999.000,9999.000,9999.000,9999.000
202603251418,   1.771,   2.299,9999.000,9999.000,9999.000,9999.000,9999.000,9999.000,9999.000
202603251424,   1.681,   2.200,9999.000,9999.000,9999.000,9999.000,9999.000,9999.000,9999.000
202603251430,   1.591,   2.109,9999.000,9999.000,9999.000,9999.000,9999.000,9999.000,9999.000
202603251436,   1.504,   2.000,9999.000,9999.000,9999.000,9999.000,9999.000,9999.000,9999.000
202603251442,   1.417,   1.908,9999.000,9999.000,9999.000,9999.000,9999.000,9999.000,9999.000
202603251448,   1.332,   1.820,9999.000,9999.000,9999.000,9999.000,9999.000,9999.000,9999.000
202603251454,   1.249,   1.728,9999.000,9999.000,9999.000,9999.000,9999.000,9999.000,9999.000
202603251500,   1.167,   1.639,   0.500,  -0.028,   1.639,   0.500,   1.639,   0.500,   1.639
202603251506,   1.087,   1.557,9999.000,9999.000,9999.000,9999.000,9999.000,9999.000,9999.000
202603251512,   1.010,   1.449,9999.000,9999.000,9999.000,9999.000,9999.000,9999.000,9999.000
202603251518,   0.934,   1.348,9999.000,9999.000,9999.000,9999.000,9999.000,9999.000,9999.000
202603251524,   0.861,   1.289,9999.000,9999.000,9999.000,9999.000,9999.000,9999.000,9999.000
202603251530,   0.790,   1.210,9999.000,9999.000,9999.000,9999.000,9999.000,9999.000,9999.000
202603251536,   0.722,   1.151,9999.000,9999.000,9999.000,9999.000,9999.000,9999.000,9999.000
202603251542,   0.656,   1.098,9999.000,9999.000,9999.000,9999.000,9999.000,9999.000,9999.000
202603251548,   0.593,   1.059,9999.000,9999.000,9999.000,9999.000,9999.000,9999.000,9999.000
202603251554,   0.533,   1.049,9999.000,9999.000,9999.000,9999.000,9999.000,9999.000,9999.000
202603251600,   0.476,   1.010,   0.500,   0.034,   1.010,   0.500,   1.010,   0.500,   1.010
202603251606,   0.422,   0.928,9999.000,9999.000,9999.000,9999.000,9999.000,9999.000,9999.000
202603251612,   0.371,   0.849,9999.000,9999.000,9999.000,9999.000,9999.000,9999.000,9999.000
202603251618,   0.323,   0.790,9999.000,9999.000,9999.000,9999.000,9999.000,9999.000,9999.000
202603251624,   0.279,   0.731,9999.000,9999.000,9999.000,9999.000,9999.000,9999.000,9999.000
202603251630,   0.238,   0.741,9999.000,9999.000,9999.000,9999.000,9999.000,9999.000,9999.000
202603251636,   0.200,   0.731,9999.000,9999.000,9999.000,9999.000,9999.000,9999.000,9999.000
202603251642,   0.165,   0.718,9999.000,9999.000,9999.000,9999.000,9999.000,9999.000,9999.000
202603251648,   0.134,   0.688,9999.000,9999.000,9999.000,9999.000,9999.000,9999.000,9999.000
202603251654,   0.106,   0.669,9999.000,9999.000,9999.000,9999.000,9999.000,9999.000,9999.000
202603251700,   0.082,   0.659,   0.500,   0.077,   0.659,   0.500,   0.659,   0.500,   0.659
202603251706,   0.061,   0.639,9999.000,9999.000,9999.000,9999.000,9999.000,9999.000,9999.000
202603251712,   0.044,   0.619,9999.000,9999.000,9999.000,9999.000,9999.000,9999.000,9999.000
202603251718,   0.030,   0.610,9999.000,9999.000,9999.000,9999.000,9999.000,9999.000,9999.000
202603251724,   0.020,   0.600,9999.000,9999.000,9999.000,9999.000,9999.000,9999.000,9999.000
202603251730,   0.013,   0.600,9999.000,9999.000,9999.000,9999.000,9999.000,9999.000,9999.000
202603251736,   0.009,   0.619,9999.000,9999.000,9999.000,9999.000,9999.000,9999.000,9999.000
202603251742,   0.008,   0.610,9999.000,9999.000,9999.000,9999.000,9999.000,9999.000,9999.000
202603251748,   0.011,   0.610,9999.000,9999.000,9999.000,9999.000,9999.000,9999.000,9999.000
202603251754,   0.017,   0.600,9999.000,9999.000,9999.000,9999.000,9999.000,9999.000,9999.000
202603251800,   0.026,   0.600,   0.500,   0.074,   0.600,   0.500,   0.600,   0.500,   0.600
202603251806,   0.039,   0.639,9999.000,9999.000,9999.000,9999.000,9999.000,9999.000,9999.000
202603251812,   0.054,   0.659,9999.000,9999.000,9999.000,9999.000,9999.000,9999.000,9999.000
202603251818,   0.072,   0.659,9999.000,9999.000,9999.000,9999.000,9999.000,9999.000,9999.000
202603251824,   0.093,   0.688,9999.000,9999.000,9999.000,9999.000,9999.000,9999.000,9999.000
202603251830,   0.118,   0.718,9999.000,9999.000,9999.000,9999.000,9999.000,9999.000,9999.000
202603251836,   0.144,   0.731,9999.000,9999.000,9999.000,9999.000,9999.000,9999.000,9999.000
202603251842,   0.174,   0.731,9999.000,9999.000,9999.000,9999.000,9999.000,9999.000,9999.000
202603251848,   0.206,   0.741,9999.000,9999.000,9999.000,9999.000,9999.000,9999.000,9999.000
202603251854,   0.241,   0.741,9999.000,9999.000,9999.000,9999.000,9999.000,9999.000,9999.000
202603251900,   0.279,   0.780,   0.500,   0.001,   0.780,   0.500,   0.780,   0.500,   0.780
202603251906,   0.319,   0.849,9999.000,9999.000,9999.000,9999.000,9999.000,9999.000,9999.000
202603251912,   0.361,   0.908,9999.000,9999.000,9999.000,9999.000,9999.000,9999.000,9999.000
202603251918,   0.406,   0.951,9999.000,9999.000,9999.000,9999.000,9999.000,9999.000,9999.000
202603251924,   0.452,   1.020,9999.000,9999.000,9999.000,9999.000,9999.000,9999.000,9999.000
202603251930,   0.501,   1.069,9999.000,9999.000,9999.000,9999.000,9999.000,9999.000,9999.000
202603251936,   0.552,   1.128,9999.000,9999.000,9999.000,9999.000,9999.000,9999.000,9999.000
202603251942,   0.605,   1.180,9999.000,9999.000,9999.000,9999.000,9999.000,9999.000,9999.000
202603251948,   0.660,   1.220,9999.000,9999.000,9999.000,9999.000,9999.000,9999.000,9999.000
202603251954,   0.717,   1.289,9999.000,9999.000,9999.000,9999.000,9999.000,9999.000,9999.000
202603252000,   0.775,   1.328,   0.500,   0.053,   1.328,   0.500,   1.328,   0.500,   1.328
202603252006,   0.835,   1.410,9999.000,9999.000,9999.000,9999.000,9999.000,9999.000,9999.000
202603252012,   0.897,   1.498,9999.000,9999.000,9999.000,9999.000,9999.000,9999.000,9999.000
202603252018,   0.959,   1.548,9999.000,9999.000,9999.000,9999.000,9999.000,9999.000,9999.000
202603252024,   1.023,   1.610,9999.000,9999.000,9999.000,9999.000,9999.000,9999.000,9999.000
202603252030,   1.088,   1.689,9999.000,9999.000,9999.000,9999.000,9999.000,9999.000,9999.000
202603252036,   1.154,   1.738,9999.000,9999.000,9999.000,9999.000,9999.000,9999.000,9999.000
202603252042,   1.220,   1.810,9999.000,9999.000,9999.000,9999.000,9999.000,9999.000,9999.000
202603252048,   1.288,   1.889,9999.000,9999.000,9999.000,9999.000,9999.000,9999.000,9999.000
202603252054,   1.355,   1.958,9999.000,9999.000,9999.000,9999.000,9999.000,9999.000,9999.000
202603252100,   1.423,   2.010,   0.500,   0.087,   2.010,   0.500,   2.010,   0.500,   2.010
202603252106,   1.492,   2.079,9999.000,9999.000,9999.000,9999.000,9999.000,9999.000,9999.000
202603252112,   1.560,   2.158,9999.000,9999.000,9999.000,9999.000,9999.000,9999.000,9999.000
202603252118,   1.628,   2.210,9999.000,9999.000,9999.000,9999.000,9999.000,9999.000,9999.000
202603252124,   1.696,   2.259,9999.000,9999.000,9999.000,9999.000,9999.000,9999.000,9999.000
202603252130,   1.763,   2.358,9999.000,9999.000,9999.000,9999.000,9999.000,9999.000,9999.000
202603252136,   1.830,   2.430,9999.000,9999.000,9999.000,9999.000,9999.000,9999.000,9999.000
202603252142,   1.896,   2.489,9999.000,9999.000,9999.000,9999.000,9999.000,9999.000,9999.000
202603252148,   1.961,   2.578,9999.000,9999.000,9999.000,9999.000,9999.000,9999.000,9999.000
202603252154,   2.026,   2.620,9999.000,9999.000,9999.000,9999.000,9999.000,9999.000,9999.000
202603252200,   2.088,   2.640,   0.500,   0.052,   2.640,   0.500,   2.640,   0.500,   2.640
202603252206,   2.150,   2.699,9999.000,9999.000,9999.000,9999.000,9999.000,9999.000,9999.000
202603252212,   2.210,   2.758,9999.000,9999.000,9999.000,9999.000,9999.000,9999.000,9999.000
202603252218,   2.269,   2.807,9999.000,9999.000,9999.000,9999.000,9999.000,9999.000,9999.000
202603252224,   2.326,   2.899,9999.000,9999.000,9999.000,9999.000,9999.000,9999.000,9999.000
202603252230,   2.381,   2.968,9999.000,9999.000,9999.000,9999.000,9999.000,9999.000,9999.000
202603252236,   2.435,   2.997,9999.000,9999.000,9999.000,9999.000,9999.000,9999.000,9999.000
202603252242,   2.486,   3.050,9999.000,9999.000,9999.000,9999.000,9999.000,9999.000,9999.000
202603252248,   2.536,   3.109,9999.000,9999.000,9999.000,9999.000,9999.000,9999.000,9999.000
202603252254,   2.583,   3.158,9999.000,9999.000,9999.000,9999.000,9999.000,9999.000,9999.000
202603252300,   2.628,   3.178,   0.500,   0.050,   3.178,   0.500,   3.178,   0.500,   3.178
202603252306,   2.672,   3.217,9999.000,9999.000,9999.000,9999.000,9999.000,9999.000,9999.000
202603252312,   2.713,   3.260,9999.000,9999.000,9999.000,9999.000,9999.000,9999.000,9999.000
202603252318,   2.752,   3.339,9999.000,9999.000,9999.000,9999.000,9999.000,9999.000,9999.000
202603252324,   2.789,   3.398,9999.000,9999.000,9999.000,9999.000,9999.000,9999.000,9999.000
202603252330,   2.824,   3.398,9999.000,9999.000,9999.000,9999.000,9999.000,9999.000,9999.000
202603252336,   2.857,   3.398,9999.000,9999.000,9999.000,9999.000,9999.000,9999.000,9999.000
202603252342,   2.887,   3.427,9999.000,9999.000,9999.000,9999.000,9999.000,9999.000,9999.000
202603252348,   2.916,   3.480,9999.000,9999.000,9999.000,9999.000,9999.000,9999.000,9999.000
202603252354,   2.943,   3.558,9999.000,9999.000,9999.000,9999.000,9999.000,9999.000,9999.000
202603260000,   2.968,   3.558,   0.300,   0.290,   3.558,   0.300,   3.558,   0.300,   3.558
202603260006,   2.990,   3.548,9999.000,9999.000,9999.000,9999.000,9999.000,9999.000,9999.000
202603260012,   3.011,   3.578,9999.000,9999.000,9999.000,9999.000,9999.000,9999.000,9999.000
202603260018,   3.031,   3.650,9999.000,9999.000,9999.000,9999.000,9999.000,9999.000,9999.000
202603260024,   3.048,   3.670,9999.000,9999.000,9999.000,9999.000,9999.000,9999.000,9999.000
202603260030,   3.064,   3.650,9999.000,9999.000,9999.000,9999.000,9999.000,9999.000,9999.000
202603260036,   3.078,   3.598,9999.000,9999.000,9999.000,9999.000,9999.000,9999.000,9999.000
202603260042,   3.091,   3.637,9999.000,9999.000,9999.000,9999.000,9999.000,9999.000,9999.000
202603260048,   3.102,   3.680,9999.000,9999.000,9999.000,9999.000,9999.000,9999.000,9999.000
202603260054,   3.112,   3.729,9999.000,9999.000,9999.000,9999.000,9999.000,9999.000,9999.000
202603260100,   3.121,   3.739,   0.300,   0.318,   3.739,   0.300,   3.739,   0.400,   3.839
202603260106,   3.128,   3.739,9999.000,9999.000,9999.000,9999.000,9999.000,9999.000,9999.000
202603260112,   3.134,   3.758,9999.000,9999.000,9999.000,9999.000,9999.000,9999.000,9999.000
202603260118,   3.139,   3.758,9999.000,9999.000,9999.000,9999.000,9999.000,9999.000,9999.000
202603260124,   3.142,   3.758,9999.000,9999.000,9999.000,9999.000,9999.000,9999.000,9999.000
202603260130,   3.145,9999.000,9999.000,9999.000,9999.000,9999.000,9999.000,9999.000,9999.000
202603260136,   3.146,   3.768,9999.000,9999.000,9999.000,9999.000,9999.000,9999.000,9999.000
202603260142,   3.147,   3.778,9999.000,9999.000,9999.000,9999.000,9999.000,9999.000,9999.000
202603260148,   3.147,   3.768,9999.000,9999.000,9999.000,9999.000,9999.000,9999.000,9999.000
202603260154,   3.146,   3.719,9999.000,9999.000,9999.000,9999.000,9999.000,9999.000,9999.000
202603260200,   3.144,   3.739,   0.300,   0.295,   3.739,   0.300,   3.739,   0.300,   3.739
202603260206,   3.141,   3.758,9999.000,9999.000,9999.000,9999.000,9999.000,9999.000,9999.000
202603260212,   3.137,   3.798,9999.000,9999.000,9999.000,9999.000,9999.000,9999.000,9999.000
202603260218,   3.133,   3.808,9999.000,9999.000,9999.000,9999.000,9999.000,9999.000,9999.000
202603260224,   3.129,   3.808,9999.000,9999.000,9999.000,9999.000,9999.000,9999.000,9999.000
202603260230,   3.124,   3.808,9999.000,9999.000,9999.000,9999.000,9999.000,9999.000,9999.000
202603260236,   3.118,   3.778,9999.000,9999.000,9999.000,9999.000,9999.000,9999.000,9999.000
202603260242,   3.112,   3.768,9999.000,9999.000,9999.000,9999.000,9999.000,9999.000,9999.000
202603260248,   3.106,   3.758,9999.000,9999.000,9999.000,9999.000,9999.000,9999.000,9999.000
202603260254,   3.100,   3.749,9999.000,9999.000,9999.000,9999.000,9999.000,9999.000,9999.000
202603260300,   3.093,   3.758,   0.300,   0.365,   3.758,   0.300,   3.758,   0.300,   3.758
202603260306,   3.087,   3.768,9999.000,9999.000,9999.000,9999.000,9999.000,9999.000,9999.000
202603260312,   3.080,   3.739,9999.000,9999.000,9999.000,9999.000,9999.000,9999.000,9999.000
202603260318,   3.074,   3.719,9999.000,9999.000,9999.000,9999.000,9999.000,9999.000,9999.000
202603260324,   3.068,   3.680,9999.000,9999.000,9999.000,9999.000,9999.000,9999.000,9999.000
202603260330,   3.062,   3.699,9999.000,9999.000,9999.000,9999.000,9999.000,9999.000,9999.000
202603260336,   3.057,   3.729,9999.000,9999.000,9999.000,9999.000,9999.000,9999.000,9999.000
202603260342,   3.052,   3.749,9999.000,9999.000,9999.000,9999.000,9999.000,9999.000,9999.000
202603260348,   3.048,   3.778,9999.000,9999.000,9999.000,9999.000,9999.000,9999.000,9999.000
202603260354,   3.044,   3.749,9999.000,9999.000,9999.000,9999.000,9999.000,9999.000,9999.000
202603260400,   3.041,   3.680,   0.300,   0.339,   3.680,   0.300,   3.680,   0.300,   3.680
202603260406,   3.040,   3.637,9999.000,9999.000,9999.000,9999.000,9999.000,9999.000,9999.000
202603260412,   3.039,   3.637,9999.000,9999.000,9999.000,9999.000,9999.000,9999.000,9999.000
202603260418,   3.039,   3.670,9999.000,9999.000,9999.000,9999.000,9999.000,9999.000,9999.000
202603260424,   3.041,   3.689,9999.000,9999.000,9999.000,9999.000,9999.000,9999.000,9999.000
202603260430,   3.043,   3.680,9999.000,9999.000,9999.000,9999.000,9999.000,9999.000,9999.000
202603260436,   3.047,   3.670,9999.000,9999.000,9999.000,9999.000,9999.000,9999.000,9999.000
202603260442,   3.053,   3.660,9999.000,9999.000,9999.000,9999.000,9999.000,9999.000,9999.000
202603260448,   3.060,   3.660,9999.000,9999.000,9999.000,9999.000,9999.000,9999.000,9999.000
202603260454,   3.068,   3.670,9999.000,9999.000,9999.000,9999.000,9999.000,9999.000,9999.000
202603260500,   3.078,   3.660,   0.300,   0.282,   3.660,   0.300,   3.660,   0.300,   3.660
202603260506,   3.090,   3.670,9999.000,9999.000,9999.000,9999.000,9999.000,9999.000,9999.000
202603260512,   3.103,   3.699,9999.000,9999.000,9999.000,9999.000,9999.000,9999.000,9999.000
202603260518,   3.118,   3.768,9999.000,9999.000,9999.000,9999.000,9999.000,9999.000,9999.000
202603260524,   3.134,   3.749,9999.000,9999.000,9999.000,9999.000,9999.000,9999.000,9999.000
202603260530,   3.152,   3.709,9999.000,9999.000,9999.000,9999.000,9999.000,9999.000,9999.000
202603260536,   3.172,   3.689,9999.000,9999.000,9999.000,9999.000,9999.000,9999.000,9999.000
202603260542,   3.194,   3.689,9999.000,9999.000,9999.000,9999.000,9999.000,9999.000,9999.000
202603260548,   3.217,   3.749,9999.000,9999.000,9999.000,9999.000,9999.000,9999.000,9999.000
202603260554,   3.242,   3.827,9999.000,9999.000,9999.000,9999.000,9999.000,9999.000,9999.000
202603260600,   3.268,   3.890,   0.200,   0.422,   3.890,   0.200,   3.890,   0.200,   3.890
202603260606,   3.296,   3.909,9999.000,9999.000,9999.000,9999.000,9999.000,9999.000,9999.000
202603260612,   3.325,   3.919,9999.000,9999.000,9999.000,9999.000,9999.000,9999.000,9999.000
202603260618,   3.356,   3.890,9999.000,9999.000,9999.000,9999.000,9999.000,9999.000,9999.000
202603260624,   3.388,   3.860,9999.000,9999.000,9999.000,9999.000,9999.000,9999.000,9999.000
202603260630,   3.421,   3.890,9999.000,9999.000,9999.000,9999.000,9999.000,9999.000,9999.000
202603260636,   3.456,   3.929,9999.000,9999.000,9999.000,9999.000,9999.000,9999.000,9999.000
202603260642,   3.492,   3.998,9999.000,9999.000,9999.000,9999.000,9999.000,9999.000,9999.000
202603260648,   3.529,   4.070,9999.000,9999.000,9999.000,9999.000,9999.000,9999.000,9999.000
202603260654,   3.568,   4.139,9999.000,9999.000,9999.000,9999.000,9999.000,9999.000,9999.000
202603260700,   3.607,   4.168,   0.200,   0.361,   4.168,   0.100,   4.068,   0.200,   4.168
202603260706,   3.647,   4.178,9999.000,9999.000,9999.000,9999.000,9999.000,9999.000,9999.000
202603260712,   3.688,   4.198,9999.000,9999.000,9999.000,9999.000,9999.000,9999.000,9999.000
202603260718,   3.730,   4.188,9999.000,9999.000,9999.000,9999.000,9999.000,9999.000,9999.000
202603260724,   3.773,   4.247,9999.000,9999.000,9999.000,9999.000,9999.000,9999.000,9999.000
202603260730,   3.816,   4.300,9999.000,9999.000,9999.000,9999.000,9999.000,9999.000,9999.000
202603260736,   3.860,   4.349,9999.000,9999.000,9999.000,9999.000,9999.000,9999.000,9999.000
202603260742,   3.905,   4.398,9999.000,9999.000,9999.000,9999.000,9999.000,9999.000,9999.000
202603260748,   3.950,   4.437,9999.000,9999.000,9999.000,9999.000,9999.000,9999.000,9999.000
202603260754,   3.995,   4.480,9999.000,9999.000,9999.000,9999.000,9999.000,9999.000,9999.000
202603260800,   4.040,   4.500,   0.200,   0.260,   4.500,   0.100,   4.400,   0.200,   4.500
202603260806,   4.086,   4.549,9999.000,9999.000,9999.000,9999.000,9999.000,9999.000,9999.000
202603260812,   4.132,   4.588,9999.000,9999.000,9999.000,9999.000,9999.000,9999.000,9999.000
202603260818,   4.178,   4.667,9999.000,9999.000,9999.000,9999.000,9999.000,9999.000,9999.000
202603260824,   4.224,   4.729,9999.000,9999.000,9999.000,9999.000,9999.000,9999.000,9999.000
202603260830,   4.269,   4.769,9999.000,9999.000,9999.000,9999.000,9999.000,9999.000,9999.000
202603260836,   4.315,   4.798,9999.000,9999.000,9999.000,9999.000,9999.000,9999.000,9999.000
202603260842,   4.360,   4.857,9999.000,9999.000,9999.000,9999.000,9999.000,9999.000,9999.000
202603260848,   4.404,   4.929,9999.000,9999.000,9999.000,9999.000,9999.000,9999.000,9999.000
202603260854,   4.448,   4.998,9999.000,9999.000,9999.000,9999.000,9999.000,9999.000,9999.000
202603260900,   4.492,   4.998,   0.200,   0.306,   4.998,   0.100,   4.898,   0.200,   4.998
202603260906,   4.534,   4.998,9999.000,9999.000,9999.000,9999.000,9999.000,9999.000,9999.000
202603260912,   4.575,   5.008,9999.000,9999.000,9999.000,9999.000,9999.000,9999.000,9999.000
202603260918,   4.615,   5.077,9999.000,9999.000,9999.000,9999.000,9999.000,9999.000,9999.000
202603260924,   4.654,   5.169,9999.000,9999.000,9999.000,9999.000,9999.000,9999.000,9999.000
202603260930,   4.692,   5.238,9999.000,9999.000,9999.000,9999.000,9999.000,9999.000,9999.000
202603260936,   4.728,   5.287,9999.000,9999.000,9999.000,9999.000,9999.000,9999.000,9999.000
202603260942,   4.762,   5.329,9999.000,9999.000,9999.000,9999.000,9999.000,9999.000,9999.000
202603260948,   4.795,   5.369,9999.000,9999.000,9999.000,9999.000,9999.000,9999.000,9999.000
202603260954,   4.825,   5.349,9999.000,9999.000,9999.000,9999.000,9999.000,9999.000,9999.000
202603261000,   4.854,   5.369,   0.200,   0.315,   5.369,   0.100,   5.269,   0.200,   5.369
202603261006,   4.880,   5.369,9999.000,9999.000,9999.000,9999.000,9999.000,9999.000,9999.000
202603261012,   4.903,   5.408,9999.000,9999.000,9999.000,9999.000,9999.000,9999.000,9999.000
202603261018,   4.924,   5.448,9999.000,9999.000,9999.000,9999.000,9999.000,9999.000,9999.000
202603261024,   4.943,   5.477,9999.000,9999.000,9999.000,9999.000,9999.000,9999.000,9999.000
202603261030,   4.958,   5.487,9999.000,9999.000,9999.000,9999.000,9999.000,9999.000,9999.000
202603261036,   4.971,   5.507,9999.000,9999.000,9999.000,9999.000,9999.000,9999.000,9999.000
202603261042,   4.980,   5.497,9999.000,9999.000,9999.000,9999.000,9999.000,9999.000,9999.000
202603261048,   4.986,   5.477,9999.000,9999.000,9999.000,9999.000,9999.000,9999.000,9999.000
202603261054,   4.989,   5.457,9999.000,9999.000,9999.000,9999.000,9999.000,9999.000,9999.000
202603261100,   4.989,   5.448,   0.200,   0.259,   5.448,   0.100,   5.348,   0.200,   5.448
202603261106,   4.985,   5.487,9999.000,9999.000,9999.000,9999.000,9999.000,9999.000,9999.000
202603261112,   4.978,   5.516,9999.000,9999.000,9999.000,9999.000,9999.000,9999.000,9999.000
202603261118,   4.967,   5.516,9999.000,9999.000,9999.000,9999.000,9999.000,9999.000,9999.000
202603261124,   4.952,   5.467,9999.000,9999.000,9999.000,9999.000,9999.000,9999.000,9999.000
202603261130,   4.934,   5.428,9999.000,9999.000,9999.000,9999.000,9999.000,9999.000,9999.000
202603261136,   4.913,   5.408,9999.000,9999.000,9999.000,9999.000,9999.000,9999.000,9999.000
202603261142,   4.887,   5.389,9999.000,9999.000,9999.000,9999.000,9999.000,9999.000,9999.000
202603261148,   4.858,   5.349,9999.000,9999.000,9999.000,9999.000,9999.000,9999.000,9999.000
202603261154,   4.826,   5.297,9999.000,9999.000,9999.000,9999.000,9999.000,9999.000,9999.000
202603261200,   4.790,   5.247,   0.300,   0.157,   5.247,   0.300,   5.247,   0.300,   5.247
202603261206,   4.750,   5.228,9999.000,9999.000,9999.000,9999.000,9999.000,9999.000,9999.000
202603261212,   4.707,   5.208,9999.000,9999.000,9999.000,9999.000,9999.000,9999.000,9999.000
202603261218,   4.660,   5.149,9999.000,9999.000,9999.000,9999.000,9999.000,9999.000,9999.000
202603261224,   4.611,   5.077,9999.000,9999.000,9999.000,9999.000,9999.000,9999.000,9999.000
202603261230,   4.557,   5.057,9999.000,9999.000,9999.000,9999.000,9999.000,9999.000,9999.000
202603261236,   4.501,   5.018,9999.000,9999.000,9999.000,9999.000,9999.000,9999.000,9999.000
202603261242,   4.442,   4.959,9999.000,9999.000,9999.000,9999.000,9999.000,9999.000,9999.000
202603261248,   4.379,   4.900,9999.000,9999.000,9999.000,9999.000,9999.000,9999.000,9999.000
202603261254,   4.314,   4.788,9999.000,9999.000,9999.000,9999.000,9999.000,9999.000,9999.000
202603261300,   4.246,   4.719,   0.300,   0.173,   4.719,   0.300,   4.719,   0.300,   4.719
202603261306,   4.175,   4.700,9999.000,9999.000,9999.000,9999.000,9999.000,9999.000,9999.000
202603261312,   4.102,   4.608,9999.000,9999.000,9999.000,9999.000,9999.000,9999.000,9999.000
202603261318,   4.026,   4.509,9999.000,9999.000,9999.000,9999.000,9999.000,9999.000,9999.000
202603261324,   3.947,   4.418,9999.000,9999.000,9999.000,9999.000,9999.000,9999.000,9999.000
202603261330,   3.867,   4.368,9999.000,9999.000,9999.000,9999.000,9999.000,9999.000,9999.000
202603261336,   3.784,   4.300,9999.000,9999.000,9999.000,9999.000,9999.000,9999.000,9999.000
202603261342,   3.699,   4.218,9999.000,9999.000,9999.000,9999.000,9999.000,9999.000,9999.000
202603261348,   3.612,   4.080,9999.000,9999.000,9999.000,9999.000,9999.000,9999.000,9999.000
202603261354,   3.524,   3.949,9999.000,9999.000,9999.000,9999.000,9999.000,9999.000,9999.000
202603261400,   3.433,   3.880,   0.300,   0.147,   3.880,   0.300,   3.880,   0.300,   3.880
202603261406,   3.341,   3.817,9999.000,9999.000,9999.000,9999.000,9999.000,9999.000,9999.000
202603261412,   3.247,   3.758,9999.000,9999.000,9999.000,9999.000,9999.000,9999.000,9999.000
202603261418,   3.152,   3.670,9999.000,9999.000,9999.000,9999.000,9999.000,9999.000,9999.000
202603261424,   3.056,   3.548,9999.000,9999.000,9999.000,9999.000,9999.000,9999.000,9999.000
202603261430,   2.958,   3.427,9999.000,9999.000,9999.000,9999.000,9999.000,9999.000,9999.000
202603261436,   2.860,   3.319,9999.000,9999.000,9999.000,9999.000,9999.000,9999.000,9999.000
202603261442,   2.760,   3.188,9999.000,9999.000,9999.000,9999.000,9999.000,9999.000,9999.000
202603261448,   2.659,   3.070,9999.000,9999.000,9999.000,9999.000,9999.000,9999.000,9999.000
202603261454,   2.558,   2.988,9999.000,9999.000,9999.000,9999.000,9999.000,9999.000,9999.000
202603261500,   2.456,   2.889,   0.300,   0.133,   2.889,   0.300,   2.889,   0.300,   2.889
202603261506,   2.354,   2.830,9999.000,9999.000,9999.000,9999.000,9999.000,9999.000,9999.000
202603261512,   2.251,   2.748,9999.000,9999.000,9999.000,9999.000,9999.000,9999.000,9999.000
202603261518,   2.148,   2.630,9999.000,9999.000,9999.000,9999.000,9999.000,9999.000,9999.000
202603261524,   2.045,   2.528,9999.000,9999.000,9999.000,9999.000,9999.000,9999.000,9999.000
202603261530,   1.942,   2.420,9999.000,9999.000,9999.000,9999.000,9999.000,9999.000,9999.000
202603261536,   1.839,   2.309,9999.000,9999.000,9999.000,9999.000,9999.000,9999.000,9999.000
202603261542,   1.737,   2.200,9999.000,9999.000,9999.000,9999.000,9999.000,9999.000,9999.000
202603261548,   1.636,   2.109,9999.000,9999.000,9999.000,9999.000,9999.000,9999.000,9999.000
202603261554,   1.535,   2.020,9999.000,9999.000,9999.000,9999.000,9999.000,9999.000,9999.000
202603261600,   1.435,   1.928,   0.300,   0.193,   1.928,   0.300,   1.928,   0.300,   1.928
202603261606,   1.337,   1.830,9999.000,9999.000,9999.000,9999.000,9999.000,9999.000,9999.000
202603261612,   1.239,   1.748,9999.000,9999.000,9999.000,9999.000,9999.000,9999.000,9999.000
202603261618,   1.144,   1.649,9999.000,9999.000,9999.000,9999.000,9999.000,9999.000,9999.000
202603261624,   1.050,   1.548,9999.000,9999.000,9999.000,9999.000,9999.000,9999.000,9999.000
202603261630,   0.957,   1.459,9999.000,9999.000,9999.000,9999.000,9999.000,9999.000,9999.000
202603261636,   0.867,   1.390,9999.000,9999.000,9999.000,9999.000,9999.000,9999.000,9999.000
202603261642,   0.780,   1.308,9999.000,9999.000,9999.000,9999.000,9999.000,9999.000,9999.000
202603261648,   0.694,   1.200,9999.000,9999.000,9999.000,9999.000,9999.000,9999.000,9999.000
202603261654,   0.612,   1.108,9999.000,9999.000,9999.000,9999.000,9999.000,9999.000,9999.000
202603261700,   0.532,   1.049,   0.300,   0.217,   1.049,   0.300,   1.049,   0.300,   1.049
202603261706,   0.455,   0.980,9999.000,9999.000,9999.000,9999.000,9999.000,9999.000,9999.000
202603261712,   0.381,   0.928,9999.000,9999.000,9999.000,9999.000,9999.000,9999.000,9999.000
202603261718,   0.311,   0.879,9999.000,9999.000,9999.000,9999.000,9999.000,9999.000,9999.000
202603261724,   0.244,   0.829,9999.000,9999.000,9999.000,9999.000,9999.000,9999.000,9999.000
202603261730,   0.180,   0.741,9999.000,9999.000,9999.000,9999.000,9999.000,9999.000,9999.000
202603261736,   0.120,   0.649,9999.000,9999.000,9999.000,9999.000,9999.000,9999.000,9999.000
202603261742,   0.064,   0.590,9999.000,9999.000,9999.000,9999.000,9999.000,9999.000,9999.000
202603261748,   0.012,   0.518,9999.000,9999.000,9999.000,9999.000,9999.000,9999.000,9999.000
202603261754,  -0.035,   0.449,9999.000,9999.000,9999.000,9999.000,9999.000,9999.000,9999.000
202603261800,  -0.079,   0.419,   0.300,   0.198,   0.419,   0.300,   0.419,   0.300,   0.419
202603261806,  -0.119,   0.400,9999.000,9999.000,9999.000,9999.000,9999.000,9999.000,9999.000
202603261812,  -0.155,   0.360,9999.000,9999.000,9999.000,9999.000,9999.000,9999.000,9999.000
202603261818,  -0.187,   0.360,9999.000,9999.000,9999.000,9999.000,9999.000,9999.000,9999.000
202603261824,  -0.215,   0.390,9999.000,9999.000,9999.000,9999.000,9999.000,9999.000,9999.000
202603261830,  -0.238,   0.341,9999.000,9999.000,9999.000,9999.000,9999.000,9999.000,9999.000
202603261836,  -0.257,   0.278,9999.000,9999.000,9999.000,9999.000,9999.000,9999.000,9999.000
202603261842,  -0.272,   0.219,9999.000,9999.000,9999.000,9999.000,9999.000,9999.000,9999.000
202603261848,  -0.283,   0.200,9999.000,9999.000,9999.000,9999.000,9999.000,9999.000,9999.000
202603261854,  -0.289,   0.229,9999.000,9999.000,9999.000,9999.000,9999.000,9999.000,9999.000
202603261900,  -0.291,   0.268,   0.300,   0.259,   0.268,   0.300,   0.268,   0.300,   0.268
202603261906,  -0.289,   0.298,9999.000,9999.000,9999.000,9999.000,9999.000,9999.000,9999.000
202603261912,  -0.283,   0.268,9999.000,9999.000,9999.000,9999.000,9999.000,9999.000,9999.000
202603261918,  -0.273,   0.229,9999.000,9999.000,9999.000,9999.000,9999.000,9999.000,9999.000
202603261924,  -0.258,   0.239,9999.000,9999.000,9999.000,9999.000,9999.000,9999.000,9999.000
202603261930,  -0.240,   0.321,9999.000,9999.000,9999.000,9999.000,9999.000,9999.000,9999.000
202603261936,  -0.217,   0.321,9999.000,9999.000,9999.000,9999.000,9999.000,9999.000,9999.000
202603261942,  -0.191,   0.370,9999.000,9999.000,9999.000,9999.000,9999.000,9999.000,9999.000
202603261948,  -0.161,   0.390,9999.000,9999.000,9999.000,9999.000,9999.000,9999.000,9999.000
202603261954,  -0.127,   0.439,9999.000,9999.000,9999.000,9999.000,9999.000,9999.000,9999.000
202603262000,  -0.089,   0.508,   0.300,   0.297,   0.508,   0.300,   0.508,   0.300,   0.508
202603262006,  -0.047,   0.560,9999.000,9999.000,9999.000,9999.000,9999.000,9999.000,9999.000
202603262012,  -0.002,   0.600,9999.000,9999.000,9999.000,9999.000,9999.000,9999.000,9999.000
202603262018,   0.045,9999.000,9999.000,9999.000,9999.000,9999.000,9999.000,9999.000,9999.000
202603262024,   0.097,9999.000,9999.000,9999.000,9999.000,9999.000,9999.000,9999.000,9999.000
202603262030,   0.152,9999.000,9999.000,9999.000,9999.000,9999.000,9999.000,9999.000,9999.000
202603262036,   0.211,9999.000,9999.000,9999.000,9999.000,9999.000,9999.000,9999.000,9999.000
202603262042,   0.272,   0.849,9999.000,9999.000,9999.000,9999.000,9999.000,9999.000,9999.000
202603262048,   0.337,   0.908,9999.000,9999.000,9999.000,9999.000,9999.000,9999.000,9999.000
202603262054,   0.405,   0.951,9999.000,9999.000,9999.000,9999.000,9999.000,9999.000,9999.000
202603262100,   0.475,   1.029,   0.300,   0.254,   1.029,   0.300,   1.029,   0.300,   1.029
202603262106,   0.548,   1.151,9999.000,9999.000,9999.000,9999.000,9999.000,9999.000,9999.000
202603262112,   0.623,   1.239,9999.000,9999.000,9999.000,9999.000,9999.000,9999.000,9999.000
202603262118,   0.701,   1.318,9999.000,9999.000,9999.000,9999.000,9999.000,9999.000,9999.000
202603262124,   0.781,   1.361,9999.000,9999.000,9999.000,9999.000,9999.000,9999.000,9999.000
202603262130,   0.862,   1.420,9999.000,9999.000,9999.000,9999.000,9999.000,9999.000,9999.000
202603262136,   0.946,   1.469,9999.000,9999.000,9999.000,9999.000,9999.000,9999.000,9999.000
202603262142,   1.031,   1.528,9999.000,9999.000,9999.000,9999.000,9999.000,9999.000,9999.000
202603262148,   1.118,   1.639,9999.000,9999.000,9999.000,9999.000,9999.000,9999.000,9999.000
202603262154,   1.206,   1.767,9999.000,9999.000,9999.000,9999.000,9999.000,9999.000,9999.000
202603262200,   1.295,   1.869,   0.300,   0.274,   1.869,   0.300,   1.869,   0.300,   1.869
202603262206,   1.385,   1.990,9999.000,9999.000,9999.000,9999.000,9999.000,9999.000,9999.000
202603262212,   1.475,   2.069,9999.000,9999.000,9999.000,9999.000,9999.000,9999.000,9999.000
202603262218,   1.566,   2.099,9999.000,9999.000,9999.000,9999.000,9999.000,9999.000,9999.000
202603262224,   1.657,   2.138,9999.000,9999.000,9999.000,9999.000,9999.000,9999.000,9999.000
202603262230,   1.747,   2.200,9999.000,9999.000,9999.000,9999.000,9999.000,9999.000,9999.000
202603262236,   1.838,   2.318,9999.000,9999.000,9999.000,9999.000,9999.000,9999.000,9999.000
202603262242,   1.928,   2.440,9999.000,9999.000,9999.000,9999.000,9999.000,9999.000,9999.000
202603262248,   2.017,   2.587,9999.000,9999.000,9999.000,9999.000,9999.000,9999.000,9999.000
202603262254,   2.105,   2.699,9999.000,9999.000,9999.000,9999.000,9999.000,9999.000,9999.000
202603262300,   2.192,   2.728,   0.300,   0.236,   2.728,   0.300,   2.728,   0.300,   2.728
202603262306,   2.277,   2.768,9999.000,9999.000,9999.000,9999.000,9999.000,9999.000,9999.000
202603262312,   2.361,   2.830,9999.000,9999.000,9999.000,9999.000,9999.000,9999.000,9999.000
202603262318,   2.443,   2.899,9999.000,9999.000,9999.000,9999.000,9999.000,9999.000,9999.000
202603262324,   2.524,   2.997,9999.000,9999.000,9999.000,9999.000,9999.000,9999.000,9999.000
202603262330,   2.602,   3.109,9999.000,9999.000,9999.000,9999.000,9999.000,9999.000,9999.000
202603262336,   2.677,   3.188,9999.000,9999.000,9999.000,9999.000,9999.000,9999.000,9999.000
202603262342,   2.750,   3.270,9999.000,9999.000,9999.000,9999.000,9999.000,9999.000,9999.000
202603262348,   2.821,   3.388,9999.000,9999.000,9999.000,9999.000,9999.000,9999.000,9999.000
202603262354,   2.889,   3.460,9999.000,9999.000,9999.000,9999.000,9999.000,9999.000,9999.000
202603270000,   2.954,   3.489,   0.200,   0.335,   3.489,   0.100,   3.389,   0.200,   3.489
202603270006,   3.017,   3.539,9999.000,9999.000,9999.000,9999.000,9999.000,9999.000,9999.000
202603270012,   3.076,   3.588,9999.000,9999.000,9999.000,9999.000,9999.000,9999.000,9999.000
202603270018,   3.133,   3.670,9999.000,9999.000,9999.000,9999.000,9999.000,9999.000,9999.000
202603270024,   3.186,   3.749,9999.000,9999.000,9999.000,9999.000,9999.000,9999.000,9999.000
202603270030,   3.236,   3.808,9999.000,9999.000,9999.000,9999.000,9999.000,9999.000,9999.000
202603270036,   3.284,   3.847,9999.000,9999.000,9999.000,9999.000,9999.000,9999.000,9999.000
202603270042,   3.328,   3.899,9999.000,9999.000,9999.000,9999.000,9999.000,9999.000,9999.000
202603270048,   3.369,   3.958,9999.000,9999.000,9999.000,9999.000,9999.000,9999.000,9999.000
202603270054,   3.407,   4.008,9999.000,9999.000,9999.000,9999.000,9999.000,9999.000,9999.000
202603270100,   3.442,   4.057,   0.200,   0.415,   4.057,   0.100,   3.957,   0.200,   4.057
202603270106,   3.474,   4.090,9999.000,9999.000,9999.000,9999.000,9999.000,9999.000,9999.000
202603270112,   3.502,   4.139,9999.000,9999.000,9999.000,9999.000,9999.000,9999.000,9999.000
202603270118,   3.528,   4.149,9999.000,9999.000,9999.000,9999.000,9999.000,9999.000,9999.000
202603270124,   3.551,   4.159,9999.000,9999.000,9999.000,9999.000,9999.000,9999.000,9999.000
202603270130,   3.571,   4.188,9999.000,9999.000,9999.000,9999.000,9999.000,9999.000,9999.000
202603270136,   3.589,   4.227,9999.000,9999.000,9999.000,9999.000,9999.000,9999.000,9999.000
202603270142,   3.603,   4.290,9999.000,9999.000,9999.000,9999.000,9999.000,9999.000,9999.000
202603270148,   3.615,   4.300,9999.000,9999.000,9999.000,9999.000,9999.000,9999.000,9999.000
202603270154,   3.624,   4.290,9999.000,9999.000,9999.000,9999.000,9999.000,9999.000,9999.000
202603270200,   3.630,   4.267,   0.200,   0.437,   4.267,   0.100,   4.167,   0.200,   4.267
202603270206,   3.634,   4.280,9999.000,9999.000,9999.000,9999.000,9999.000,9999.000,9999.000
202603270212,   3.636,   4.290,9999.000,9999.000,9999.000,9999.000,9999.000,9999.000,9999.000
202603270218,   3.635,   4.247,9999.000,9999.000,9999.000,9999.000,9999.000,9999.000,9999.000
202603270224,   3.632,   4.247,9999.000,9999.000,9999.000,9999.000,9999.000,9999.000,9999.000
202603270230,   3.626,   4.267,9999.000,9999.000,9999.000,9999.000,9999.000,9999.000,9999.000
202603270236,   3.618,   4.290,9999.000,9999.000,9999.000,9999.000,9999.000,9999.000,9999.000
202603270242,   3.608,   4.280,9999.000,9999.000,9999.000,9999.000,9999.000,9999.000,9999.000
202603270248,   3.596,   4.267,9999.000,9999.000,9999.000,9999.000,9999.000,9999.000,9999.000
202603270254,   3.581,   4.227,9999.000,9999.000,9999.000,9999.000,9999.000,9999.000,9999.000
202603270300,   3.565,   4.218,   0.200,   0.453,   4.218,   0.100,   4.118,   0.200,   4.218
202603270306,   3.547,   4.198,9999.000,9999.000,9999.000,9999.000,9999.000,9999.000,9999.000
202603270312,   3.527,   4.198,9999.000,9999.000,9999.000,9999.000,9999.000,9999.000,9999.000
202603270318,   3.505,   4.159,9999.000,9999.000,9999.000,9999.000,9999.000,9999.000,9999.000
202603270324,   3.482,   4.139,9999.000,9999.000,9999.000,9999.000,9999.000,9999.000,9999.000
202603270330,   3.457,   4.090,9999.000,9999.000,9999.000,9999.000,9999.000,9999.000,9999.000
202603270336,   3.431,   4.027,9999.000,9999.000,9999.000,9999.000,9999.000,9999.000,9999.000
202603270342,   3.403,   3.988,9999.000,9999.000,9999.000,9999.000,9999.000,9999.000,9999.000
202603270348,   3.374,   3.978,9999.000,9999.000,9999.000,9999.000,9999.000,9999.000,9999.000
202603270354,   3.344,   3.988,9999.000,9999.000,9999.000,9999.000,9999.000,9999.000,9999.000
202603270400,   3.313,   3.978,   0.200,   0.465,   3.978,   0.100,   3.878,   0.200,   3.978
202603270406,   3.282,   3.919,9999.000,9999.000,9999.000,9999.000,9999.000,9999.000,9999.000
202603270412,   3.249,   3.847,9999.000,9999.000,9999.000,9999.000,9999.000,9999.000,9999.000
202603270418,   3.217,   3.817,9999.000,9999.000,9999.000,9999.000,9999.000,9999.000,9999.000
202603270424,   3.184,   3.798,9999.000,9999.000,9999.000,9999.000,9999.000,9999.000,9999.000
202603270430,   3.150,   3.798,9999.000,9999.000,9999.000,9999.000,9999.000,9999.000,9999.000
202603270436,   3.117,   3.788,9999.000,9999.000,9999.000,9999.000,9999.000,9999.000,9999.000
202603270442,   3.084,   3.749,9999.000,9999.000,9999.000,9999.000,9999.000,9999.000,9999.000
202603270448,   3.052,   3.680,9999.000,9999.000,9999.000,9999.000,9999.000,9999.000,9999.000
202603270454,   3.020,   3.650,9999.000,9999.000,9999.000,9999.000,9999.000,9999.000,9999.000
202603270500,   2.988,   3.598,   0.100,   0.510,   3.598,   0.100,   3.598,   0.200,   3.698
202603270506,   2.958,   3.568,9999.000,9999.000,9999.000,9999.000,9999.000,9999.000,9999.000
202603270512,   2.929,   3.568,9999.000,9999.000,9999.000,9999.000,9999.000,9999.000,9999.000
202603270518,   2.901,   3.539,9999.000,9999.000,9999.000,9999.000,9999.000,9999.000,9999.000
202603270524,   2.875,   3.529,9999.000,9999.000,9999.000,9999.000,9999.000,9999.000,9999.000
202603270530,   2.850,   3.519,9999.000,9999.000,9999.000,9999.000,9999.000,9999.000,9999.000
202603270536,   2.827,   3.529,9999.000,9999.000,9999.000,9999.000,9999.000,9999.000,9999.000
202603270542,   2.805,   3.529,9999.000,9999.000,9999.000,9999.000,9999.000,9999.000,9999.000
202603270548,   2.786,   3.480,9999.000,9999.000,9999.000,9999.000,9999.000,9999.000,9999.000
202603270554,   2.769,   3.417,9999.000,9999.000,9999.000,9999.000,9999.000,9999.000,9999.000
202603270600,   2.754,   3.358,   0.000,   0.604,   3.358,   0.000,   3.358,   0.000,   3.358
202603270606,   2.742,   3.378,9999.000,9999.000,9999.000,9999.000,9999.000,9999.000,9999.000
202603270612,   2.732,   3.427,9999.000,9999.000,9999.000,9999.000,9999.000,9999.000,9999.000
202603270618,   2.724,   3.440,9999.000,9999.000,9999.000,9999.000,9999.000,9999.000,9999.000
202603270624,   2.719,   3.417,9999.000,9999.000,9999.000,9999.000,9999.000,9999.000,9999.000
202603270630,   2.717,   3.348,9999.000,9999.000,9999.000,9999.000,9999.000,9999.000,9999.000
202603270636,   2.718,   3.329,9999.000,9999.000,9999.000,9999.000,9999.000,9999.000,9999.000
202603270642,   2.721,   3.339,9999.000,9999.000,9999.000,9999.000,9999.000,9999.000,9999.000
202603270648,   2.726,   3.348,9999.000,9999.000,9999.000,9999.000,9999.000,9999.000,9999.000
202603270654,   2.735,   3.348,9999.000,9999.000,9999.000,9999.000,9999.000,9999.000,9999.000
202603270700,   2.746,   3.329,   0.000,   0.583,   3.329,   0.000,   3.329,   0.000,   3.329
202603270706,   2.760,   3.368,9999.000,9999.000,9999.000,9999.000,9999.000,9999.000,9999.000
202603270712,   2.777,   3.398,9999.000,9999.000,9999.000,9999.000,9999.000,9999.000,9999.000
202603270718,   2.796,   3.417,9999.000,9999.000,9999.000,9999.000,9999.000,9999.000,9999.000
202603270724,   2.818,   3.378,9999.000,9999.000,9999.000,9999.000,9999.000,9999.000,9999.000
202603270730,   2.843,   3.329,9999.000,9999.000,9999.000,9999.000,9999.000,9999.000,9999.000
202603270736,   2.870,   3.339,9999.000,9999.000,9999.000,9999.000,9999.000,9999.000,9999.000
202603270742,   2.899,   3.398,9999.000,9999.000,9999.000,9999.000,9999.000,9999.000,9999.000
202603270748,   2.931,   3.470,9999.000,9999.000,9999.000,9999.000,9999.000,9999.000,9999.000
202603270754,   2.965,   3.489,9999.000,9999.000,9999.000,9999.000,9999.000,9999.000,9999.000
202603270800,   3.002,   3.509,   0.000,   0.507,   3.509,   0.000,   3.509,   0.000,   3.509
202603270806,   3.041,   3.509,9999.000,9999.000,9999.000,9999.000,9999.000,9999.000,9999.000
202603270812,   3.082,   3.529,9999.000,9999.000,9999.000,9999.000,9999.000,9999.000,9999.000
202603270818,   3.125,   3.568,9999.000,9999.000,9999.000,9999.000,9999.000,9999.000,9999.000
202603270824,   3.170,   3.578,9999.000,9999.000,9999.000,9999.000,9999.000,9999.000,9999.000
202603270830,   3.218,   3.650,9999.000,9999.000,9999.000,9999.000,9999.000,9999.000,9999.000
202603270836,   3.267,   3.739,9999.000,9999.000,9999.000,9999.000,9999.000,9999.000,9999.000
202603270842,   3.318,   3.827,9999.000,9999.000,9999.000,9999.000,9999.000,9999.000,9999.000
202603270848,   3.370,   3.890,9999.000,9999.000,9999.000,9999.000,9999.000,9999.000,9999.000
202603270854,   3.424,9999.000,9999.000,9999.000,9999.000,9999.000,9999.000,9999.000,9999.000
202603270900,   3.480,   3.998,   0.000,   0.518,   3.998,   0.000,   3.998,   0.000,   3.998
202603270906,   3.537,   3.998,9999.000,9999.000,9999.000,9999.000,9999.000,9999.000,9999.000
202603270912,   3.596,   4.080,9999.000,9999.000,9999.000,9999.000,9999.000,9999.000,9999.000
202603270918,   3.656,   4.149,9999.000,9999.000,9999.000,9999.000,9999.000,9999.000,9999.000
202603270924,   3.716,   4.168,9999.000,9999.000,9999.000,9999.000,9999.000,9999.000,9999.000
202603270930,   3.778,   4.257,9999.000,9999.000,9999.000,9999.000,9999.000,9999.000,9999.000
202603270936,   3.841,   4.359,9999.000,9999.000,9999.000,9999.000,9999.000,9999.000,9999.000
202603270942,   3.904,   4.447,9999.000,9999.000,9999.000,9999.000,9999.000,9999.000,9999.000
202603270948,   3.968,   4.509,9999.000,9999.000,9999.000,9999.000,9999.000,9999.000,9999.000
202603270954,   4.032,   4.559,9999.000,9999.000,9999.000,9999.000,9999.000,9999.000,9999.000
202603271000,   4.096,   4.598,   0.000,   0.502,   4.598,   0.000,   4.598,   0.000,   4.598
202603271006,   4.160,   4.690,9999.000,9999.000,9999.000,9999.000,9999.000,9999.000,9999.000
202603271012,   4.224,   4.788,9999.000,9999.000,9999.000,9999.000,9999.000,9999.000,9999.000
202603271018,   4.287,   4.828,9999.000,9999.000,9999.000,9999.000,9999.000,9999.000,9999.000
202603271024,   4.350,   4.867,9999.000,9999.000,9999.000,9999.000,9999.000,9999.000,9999.000
202603271030,   4.412,   4.959,9999.000,9999.000,9999.000,9999.000,9999.000,9999.000,9999.000
202603271036,   4.473,   5.038,9999.000,9999.000,9999.000,9999.000,9999.000,9999.000,9999.000
202603271042,   4.533,   5.110,9999.000,9999.000,9999.000,9999.000,9999.000,9999.000,9999.000
202603271048,   4.591,   5.149,9999.000,9999.000,9999.000,9999.000,9999.000,9999.000,9999.000
202603271054,   4.647,   5.169,9999.000,9999.000,9999.000,9999.000,9999.000,9999.000,9999.000
202603271100,   4.701,   5.188,   0.000,   0.487,   5.188,   0.000,   5.188,   0.000,   5.188
202603271106,   4.753,   5.228,9999.000,9999.000,9999.000,9999.000,9999.000,9999.000,9999.000
202603271112,   4.803,   5.287,9999.000,9999.000,9999.000,9999.000,9999.000,9999.000,9999.000
202603271118,   4.849,   5.369,9999.000,9999.000,9999.000,9999.000,9999.000,9999.000,9999.000
202603271124,   4.893,   5.467,9999.000,9999.000,9999.000,9999.000,9999.000,9999.000,9999.000
202603271130,   4.934,   5.530,9999.000,9999.000,9999.000,9999.000,9999.000,9999.000,9999.000
202603271136,   4.972,   5.539,9999.000,9999.000,9999.000,9999.000,9999.000,9999.000,9999.000
202603271142,   5.006,   5.530,9999.000,9999.000,9999.000,9999.000,9999.000,9999.000,9999.000
202603271148,   5.036,   5.516,9999.000,9999.000,9999.000,9999.000,9999.000,9999.000,9999.000
202603271154,   5.062,   5.539,9999.000,9999.000,9999.000,9999.000,9999.000,9999.000,9999.000
202603271200,   5.085,   5.589,   0.300,   0.204,   5.589,   0.200,   5.489,   0.300,   5.589
202603271206,   5.103,   5.618,9999.000,9999.000,9999.000,9999.000,9999.000,9999.000,9999.000
202603271212,   5.118,   5.628,9999.000,9999.000,9999.000,9999.000,9999.000,9999.000,9999.000
202603271218,   5.128,   5.667,9999.000,9999.000,9999.000,9999.000,9999.000,9999.000,9999.000
202603271224,   5.133,   5.687,9999.000,9999.000,9999.000,9999.000,9999.000,9999.000,9999.000
202603271230,   5.134,   5.677,9999.000,9999.000,9999.000,9999.000,9999.000,9999.000,9999.000
202603271236,   5.131,   5.667,9999.000,9999.000,9999.000,9999.000,9999.000,9999.000,9999.000
202603271242,   5.123,   5.638,9999.000,9999.000,9999.000,9999.000,9999.000,9999.000,9999.000
202603271248,   5.110,   5.618,9999.000,9999.000,9999.000,9999.000,9999.000,9999.000,9999.000
202603271254,   5.093,   5.638,9999.000,9999.000,9999.000,9999.000,9999.000,9999.000,9999.000
202603271300,   5.071,   5.628,   0.200,   0.357,   5.628,   0.200,   5.628,   0.300,   5.728
202603271306,   5.045,   5.579,9999.000,9999.000,9999.000,9999.000,9999.000,9999.000,9999.000
202603271312,   5.014,   5.579,9999.000,9999.000,9999.000,9999.000,9999.000,9999.000,9999.000
202603271318,   4.979,   5.539,9999.000,9999.000,9999.000,9999.000,9999.000,9999.000,9999.000
202603271324,   4.940,   5.487,9999.000,9999.000,9999.000,9999.000,9999.000,9999.000,9999.000
202603271330,   4.896,   5.418,9999.000,9999.000,9999.000,9999.000,9999.000,9999.000,9999.000
202603271336,   4.848,   5.359,9999.000,9999.000,9999.000,9999.000,9999.000,9999.000,9999.000
202603271342,   4.796,   5.307,9999.000,9999.000,9999.000,9999.000,9999.000,9999.000,9999.000
202603271348,   4.739,   5.247,9999.000,9999.000,9999.000,9999.000,9999.000,9999.000,9999.000
202603271354,   4.679,   5.228,9999.000,9999.000,9999.000,9999.000,9999.000,9999.000,9999.000
202603271400,   4.615,   5.159,   0.200,   0.344,   5.159,   0.200,   5.159,   0.300,   5.259
202603271406,   4.547,   5.097,9999.000,9999.000,9999.000,9999.000,9999.000,9999.000,9999.000
202603271412,   4.475,   5.008,9999.000,9999.000,9999.000,9999.000,9999.000,9999.000,9999.000
202603271418,   4.400,   4.910,9999.000,9999.000,9999.000,9999.000,9999.000,9999.000,9999.000
202603271424,   4.321,   4.818,9999.000,9999.000,9999.000,9999.000,9999.000,9999.000,9999.000
202603271430,   4.239,   4.739,9999.000,9999.000,9999.000,9999.000,9999.000,9999.000,9999.000
202603271436,   4.154,   4.647,9999.000,9999.000,9999.000,9999.000,9999.000,9999.000,9999.000
202603271442,   4.066,   4.559,9999.000,9999.000,9999.000,9999.000,9999.000,9999.000,9999.000
202603271448,   3.974,   4.490,9999.000,9999.000,9999.000,9999.000,9999.000,9999.000,9999.000
202603271454,   3.880,   4.378,9999.000,9999.000,9999.000,9999.000,9999.000,9999.000,9999.000
202603271500,   3.782,   4.267,   0.200,   0.285,   4.267,   0.200,   4.267,   0.200,   4.267
202603271506,   3.682,   4.159,9999.000,9999.000,9999.000,9999.000,9999.000,9999.000,9999.000
202603271512,   3.580,   4.037,9999.000,9999.000,9999.000,9999.000,9999.000,9999.000,9999.000
202603271518,   3.475,   3.949,9999.000,9999.000,9999.000,9999.000,9999.000,9999.000,9999.000
202603271524,   3.367,   3.817,9999.000,9999.000,9999.000,9999.000,9999.000,9999.000,9999.000
202603271530,   3.258,   3.680,9999.000,9999.000,9999.000,9999.000,9999.000,9999.000,9999.000
202603271536,   3.146,   3.578,9999.000,9999.000,9999.000,9999.000,9999.000,9999.000,9999.000
202603271542,   3.033,   3.470,9999.000,9999.000,9999.000,9999.000,9999.000,9999.000,9999.000
202603271548,   2.918,   3.378,9999.000,9999.000,9999.000,9999.000,9999.000,9999.000,9999.000
202603271554,   2.801,   3.279,9999.000,9999.000,9999.000,9999.000,9999.000,9999.000,9999.000
202603271600,   2.683,   3.138,   0.200,   0.255,   3.138,   0.200,   3.138,   0.200,   3.138
202603271606,   2.564,   3.017,9999.000,9999.000,9999.000,9999.000,9999.000,9999.000,9999.000
202603271612,   2.444,   2.899,9999.000,9999.000,9999.000,9999.000,9999.000,9999.000,9999.000
202603271618,   2.323,   2.807,9999.000,9999.000,9999.000,9999.000,9999.000,9999.000,9999.000
202603271624,   2.201,   2.679,9999.000,9999.000,9999.000,9999.000,9999.000,9999.000,9999.000
202603271630,   2.079,   2.538,9999.000,9999.000,9999.000,9999.000,9999.000,9999.000,9999.000
202603271636,   1.957,   2.430,9999.000,9999.000,9999.000,9999.000,9999.000,9999.000,9999.000
202603271642,   1.836,   2.348,9999.000,9999.000,9999.000,9999.000,9999.000,9999.000,9999.000
202603271648,   1.714,   2.250,9999.000,9999.000,9999.000,9999.000,9999.000,9999.000,9999.000
202603271654,   1.594,   2.158,9999.000,9999.000,9999.000,9999.000,9999.000,9999.000,9999.000
202603271700,   1.474,   2.030,   0.200,   0.356,   2.030,   0.200,   2.030,   0.200,   2.030
202603271706,   1.356,   1.879,9999.000,9999.000,9999.000,9999.000,9999.000,9999.000,9999.000
202603271712,   1.239,   1.758,9999.000,9999.000,9999.000,9999.000,9999.000,9999.000,9999.000
202603271718,   1.123,   1.659,9999.000,9999.000,9999.000,9999.000,9999.000,9999.000,9999.000
202603271724,   1.010,   1.557,9999.000,9999.000,9999.000,9999.000,9999.000,9999.000,9999.000
202603271730,   0.899,   1.459,9999.000,9999.000,9999.000,9999.000,9999.000,9999.000,9999.000
202603271736,   0.791,   1.348,9999.000,9999.000,9999.000,9999.000,9999.000,9999.000,9999.000
202603271742,   0.685,   1.269,9999.000,9999.000,9999.000,9999.000,9999.000,9999.000,9999.000
202603271748,   0.582,   1.180,9999.000,9999.000,9999.000,9999.000,9999.000,9999.000,9999.000
202603271754,   0.483,   1.079,9999.000,9999.000,9999.000,9999.000,9999.000,9999.000,9999.000
202603271800,   0.387,   0.961,   0.400,   0.174,   0.961,   0.400,   0.961,   0.400,   0.961
202603271806,   0.295,   0.869,9999.000,9999.000,9999.000,9999.000,9999.000,9999.000,9999.000
202603271812,   0.207,   0.760,9999.000,9999.000,9999.000,9999.000,9999.000,9999.000,9999.000
202603271818,   0.123,   0.678,9999.000,9999.000,9999.000,9999.000,9999.000,9999.000,9999.000
202603271824,   0.043,   0.619,9999.000,9999.000,9999.000,9999.000,9999.000,9999.000,9999.000
202603271830,  -0.032,   0.531,9999.000,9999.000,9999.000,9999.000,9999.000,9999.000,9999.000
202603271836,  -0.102,   0.419,9999.000,9999.000,9999.000,9999.000,9999.000,9999.000,9999.000
202603271842,  -0.168,   0.350,9999.000,9999.000,9999.000,9999.000,9999.000,9999.000,9999.000
202603271848,  -0.229,   0.308,9999.000,9999.000,9999.000,9999.000,9999.000,9999.000,9999.000
202603271854,  -0.285,   0.278,9999.000,9999.000,9999.000,9999.000,9999.000,9999.000,9999.000
202603271900,  -0.337,   0.249,   0.400,   0.186,   0.249,   0.400,   0.249,   0.400,   0.249
202603271906,  -0.383,   0.170,9999.000,9999.000,9999.000,9999.000,9999.000,9999.000,9999.000
202603271912,  -0.423,   0.088,9999.000,9999.000,9999.000,9999.000,9999.000,9999.000,9999.000
202603271918,  -0.459,   0.019,9999.000,9999.000,9999.000,9999.000,9999.000,9999.000,9999.000
202603271924,  -0.489,  -0.029,9999.000,9999.000,9999.000,9999.000,9999.000,9999.000,9999.000
202603271930,  -0.514,  -0.068,9999.000,9999.000,9999.000,9999.000,9999.000,9999.000,9999.000
202603271936,  -0.534,  -0.098,9999.000,9999.000,9999.000,9999.000,9999.000,9999.000,9999.000
202603271942,  -0.548,  -0.088,9999.000,9999.000,9999.000,9999.000,9999.000,9999.000,9999.000
202603271948,  -0.557,  -0.049,9999.000,9999.000,9999.000,9999.000,9999.000,9999.000,9999.000
202603271954,  -0.561,  -0.049,9999.000,9999.000,9999.000,9999.000,9999.000,9999.000,9999.000
202603272000,  -0.560,  -0.059,   0.400,   0.101,  -0.059,   0.400,  -0.059,   0.400,  -0.059
202603272006,  -0.553,  -0.068,9999.000,9999.000,9999.000,9999.000,9999.000,9999.000,9999.000
202603272012,  -0.541,  -0.111,9999.000,9999.000,9999.000,9999.000,9999.000,9999.000,9999.000
202603272018,  -0.524,  -0.098,9999.000,9999.000,9999.000,9999.000,9999.000,9999.000,9999.000
202603272024,  -0.502,  -0.049,9999.000,9999.000,9999.000,9999.000,9999.000,9999.000,9999.000
202603272030,  -0.474,  -0.009,9999.000,9999.000,9999.000,9999.000,9999.000,9999.000,9999.000
202603272036,  -0.442,   0.049,9999.000,9999.000,9999.000,9999.000,9999.000,9999.000,9999.000
202603272042,  -0.405,   0.131,9999.000,9999.000,9999.000,9999.000,9999.000,9999.000,9999.000
202603272048,  -0.363,   0.180,9999.000,9999.000,9999.000,9999.000,9999.000,9999.000,9999.000
202603272054,  -0.316,   0.219,9999.000,9999.000,9999.000,9999.000,9999.000,9999.000,9999.000
202603272100,  -0.265,   0.229,   0.400,   0.094,   0.229,   0.400,   0.229,   0.400,   0.229
202603272106,  -0.208,   0.249,9999.000,9999.000,9999.000,9999.000,9999.000,9999.000,9999.000
202603272112,  -0.148,   0.298,9999.000,9999.000,9999.000,9999.000,9999.000,9999.000,9999.000
202603272118,  -0.083,   0.360,9999.000,9999.000,9999.000,9999.000,9999.000,9999.000,9999.000
202603272124,  -0.013,   0.469,9999.000,9999.000,9999.000,9999.000,9999.000,9999.000,9999.000
202603272130,   0.059,   0.590,9999.000,9999.000,9999.000,9999.000,9999.000,9999.000,9999.000
202603272136,   0.137,   0.659,9999.000,9999.000,9999.000,9999.000,9999.000,9999.000,9999.000
202603272142,   0.219,   0.731,9999.000,9999.000,9999.000,9999.000,9999.000,9999.000,9999.000
202603272148,   0.304,   0.819,9999.000,9999.000,9999.000,9999.000,9999.000,9999.000,9999.000
202603272154,   0.393,   0.908,9999.000,9999.000,9999.000,9999.000,9999.000,9999.000,9999.000
202603272200,   0.485,   1.000,   0.500,   0.015,   1.000,   0.400,   0.900,   0.500,   1.000
202603272206,   0.580,   1.079,9999.000,9999.000,9999.000,9999.000,9999.000,9999.000,9999.000
202603272212,   0.678,   1.170,9999.000,9999.000,9999.000,9999.000,9999.000,9999.000,9999.000
202603272218,   0.779,   1.269,9999.000,9999.000,9999.000,9999.000,9999.000,9999.000,9999.000
202603272224,   0.883,   1.380,9999.000,9999.000,9999.000,9999.000,9999.000,9999.000,9999.000
202603272230,   0.989,   1.518,9999.000,9999.000,9999.000,9999.000,9999.000,9999.000,9999.000
202603272236,   1.097,   1.620,9999.000,9999.000,9999.000,9999.000,9999.000,9999.000,9999.000
202603272242,   1.206,   1.718,9999.000,9999.000,9999.000,9999.000,9999.000,9999.000,9999.000
202603272248,   1.317,   1.820,9999.000,9999.000,9999.000,9999.000,9999.000,9999.000,9999.000
202603272254,   1.430,   1.918,9999.000,9999.000,9999.000,9999.000,9999.000,9999.000,9999.000
202603272300,   1.543,   2.010,   0.500,  -0.033,   2.010,   0.400,   1.910,   0.500,   2.010
202603272306,   1.656,   2.118,9999.000,9999.000,9999.000,9999.000,9999.000,9999.000,9999.000
202603272312,   1.770,   2.230,9999.000,9999.000,9999.000,9999.000,9999.000,9999.000,9999.000
202603272318,   1.884,   2.368,9999.000,9999.000,9999.000,9999.000,9999.000,9999.000,9999.000
202603272324,   1.997,   2.479,9999.000,9999.000,9999.000,9999.000,9999.000,9999.000,9999.000
202603272330,   2.110,   2.620,9999.000,9999.000,9999.000,9999.000,9999.000,9999.000,9999.000
202603272336,   2.222,   2.719,9999.000,9999.000,9999.000,9999.000,9999.000,9999.000,9999.000
202603272342,   2.332,   2.797,9999.000,9999.000,9999.000,9999.000,9999.000,9999.000,9999.000
202603272348,   2.441,   2.909,9999.000,9999.000,9999.000,9999.000,9999.000,9999.000,9999.000
202603272354,   2.548,   2.997,9999.000,9999.000,9999.000,9999.000,9999.000,9999.000,9999.000
202603280000,   2.653,   3.070,   0.300,   0.117,   3.070,   0.300,   3.070,   0.400,   3.170
202603280006,   2.756,   3.188,9999.000,9999.000,9999.000,9999.000,9999.000,9999.000,9999.000
202603280012,   2.856,   3.299,9999.000,9999.000,9999.000,9999.000,9999.000,9999.000,9999.000
202603280018,   2.953,   3.450,9999.000,9999.000,9999.000,9999.000,9999.000,9999.000,9999.000
202603280024,   3.047,   3.588,9999.000,9999.000,9999.000,9999.000,9999.000,9999.000,9999.000
202603280030,   3.137,   3.680,9999.000,9999.000,9999.000,9999.000,9999.000,9999.000,9999.000
202603280036,   3.224,   3.729,9999.000,9999.000,9999.000,9999.000,9999.000,9999.000,9999.000
202603280042,   3.308,   3.768,9999.000,9999.000,9999.000,9999.000,9999.000,9999.000,9999.000
202603280048,   3.387,   3.860,9999.000,9999.000,9999.000,9999.000,9999.000,9999.000,9999.000
202603280054,   3.463,   3.939,9999.000,9999.000,9999.000,9999.000,9999.000,9999.000,9999.000
202603280100,   3.535,   4.047,   0.400,   0.112,   4.047,   0.300,   3.947,   0.400,   4.047
202603280106,   3.602,   4.099,9999.000,9999.000,9999.000,9999.000,9999.000,9999.000,9999.000
202603280112,   3.666,   4.159,9999.000,9999.000,9999.000,9999.000,9999.000,9999.000,9999.000
202603280118,   3.725,   4.257,9999.000,9999.000,9999.000,9999.000,9999.000,9999.000,9999.000
202603280124,   3.780,   4.329,9999.000,9999.000,9999.000,9999.000,9999.000,9999.000,9999.000
202603280130,   3.830,   4.388,9999.000,9999.000,9999.000,9999.000,9999.000,9999.000,9999.000
202603280136,   3.877,   4.418,9999.000,9999.000,9999.000,9999.000,9999.000,9999.000,9999.000
202603280142,   3.918,   4.447,9999.000,9999.000,9999.000,9999.000,9999.000,9999.000,9999.000
202603280148,   3.956,   4.500,9999.000,9999.000,9999.000,9999.000,9999.000,9999.000,9999.000
202603280154,   3.989,   4.549,9999.000,9999.000,9999.000,9999.000,9999.000,9999.000,9999.000
202603280200,   4.018,   4.618,   0.400,   0.200,   4.618,   0.300,   4.518,   0.400,   4.618
202603280206,   4.043,   4.628,9999.000,9999.000,9999.000,9999.000,9999.000,9999.000,9999.000
202603280212,   4.063,   4.637,9999.000,9999.000,9999.000,9999.000,9999.000,9999.000,9999.000
202603280218,   4.080,   4.667,9999.000,9999.000,9999.000,9999.000,9999.000,9999.000,9999.000
202603280224,   4.092,   4.690,9999.000,9999.000,9999.000,9999.000,9999.000,9999.000,9999.000
202603280230,   4.100,   4.700,9999.000,9999.000,9999.000,9999.000,9999.000,9999.000,9999.000
202603280236,   4.104,   4.690,9999.000,9999.000,9999.000,9999.000,9999.000,9999.000,9999.000
202603280242,   4.104,   4.667,9999.000,9999.000,9999.000,9999.000,9999.000,9999.000,9999.000
202603280248,   4.101,   4.690,9999.000,9999.000,9999.000,9999.000,9999.000,9999.000,9999.000
202603280254,   4.093,   4.690,9999.000,9999.000,9999.000,9999.000,9999.000,9999.000,9999.000
202603280300,   4.082,   4.637,   0.300,   0.255,   4.637,   0.300,   4.637,   0.400,   4.737
202603280306,   4.068,   4.608,9999.000,9999.000,9999.000,9999.000,9999.000,9999.000,9999.000
202603280312,   4.049,   4.608,9999.000,9999.000,9999.000,9999.000,9999.000,9999.000,9999.000
202603280318,   4.027,   4.628,9999.000,9999.000,9999.000,9999.000,9999.000,9999.000,9999.000
202603280324,   4.002,   4.618,9999.000,9999.000,9999.000,9999.000,9999.000,9999.000,9999.000
202603280330,   3.974,   4.578,9999.000,9999.000,9999.000,9999.000,9999.000,9999.000,9999.000
202603280336,   3.942,   4.500,9999.000,9999.000,9999.000,9999.000,9999.000,9999.000,9999.000
202603280342,   3.907,   4.427,9999.000,9999.000,9999.000,9999.000,9999.000,9999.000,9999.000
202603280348,   3.869,   4.418,9999.000,9999.000,9999.000,9999.000,9999.000,9999.000,9999.000
202603280354,   3.828,   4.359,9999.000,9999.000,9999.000,9999.000,9999.000,9999.000,9999.000
202603280400,   3.785,   4.339,   0.300,   0.254,   4.339,   0.300,   4.339,   0.300,   4.339
202603280406,   3.738,   4.309,9999.000,9999.000,9999.000,9999.000,9999.000,9999.000,9999.000
202603280412,   3.690,   4.280,9999.000,9999.000,9999.000,9999.000,9999.000,9999.000,9999.000
202603280418,   3.639,   4.237,9999.000,9999.000,9999.000,9999.000,9999.000,9999.000,9999.000
202603280424,   3.586,   4.159,9999.000,9999.000,9999.000,9999.000,9999.000,9999.000,9999.000
202603280430,   3.531,   4.047,9999.000,9999.000,9999.000,9999.000,9999.000,9999.000,9999.000
202603280436,   3.474,   3.968,9999.000,9999.000,9999.000,9999.000,9999.000,9999.000,9999.000
202603280442,   3.415,   3.949,9999.000,9999.000,9999.000,9999.000,9999.000,9999.000,9999.000
202603280448,   3.355,   3.958,9999.000,9999.000,9999.000,9999.000,9999.000,9999.000,9999.000
202603280454,   3.294,   3.949,9999.000,9999.000,9999.000,9999.000,9999.000,9999.000,9999.000
202603280500,   3.232,   3.890,   0.300,   0.358,   3.890,   0.300,   3.890,   0.300,   3.890
202603280506,   3.170,   3.788,9999.000,9999.000,9999.000,9999.000,9999.000,9999.000,9999.000
202603280512,   3.107,   3.689,9999.000,9999.000,9999.000,9999.000,9999.000,9999.000,9999.000
202603280518,   3.044,   3.598,9999.000,9999.000,9999.000,9999.000,9999.000,9999.000,9999.000
202603280524,   2.980,   3.558,9999.000,9999.000,9999.000,9999.000,9999.000,9999.000,9999.000
202603280530,   2.918,   3.548,9999.000,9999.000,9999.000,9999.000,9999.000,9999.000,9999.000
202603280536,   2.855,   3.499,9999.000,9999.000,9999.000,9999.000,9999.000,9999.000,9999.000
202603280542,   2.794,   3.440,9999.000,9999.000,9999.000,9999.000,9999.000,9999.000,9999.000
202603280548,   2.734,   3.388,9999.000,9999.000,9999.000,9999.000,9999.000,9999.000,9999.000
202603280554,   2.675,   3.329,9999.000,9999.000,9999.000,9999.000,9999.000,9999.000,9999.000
202603280600,   2.618,   3.279,   0.100,   0.561,   3.279,   0.100,   3.279,   0.100,   3.279
202603280606,   2.562,   3.207,9999.000,9999.000,9999.000,9999.000,9999.000,9999.000,9999.000
202603280612,   2.509,   3.148,9999.000,9999.000,9999.000,9999.000,9999.000,9999.000,9999.000
202603280618,   2.458,   3.070,9999.000,9999.000,9999.000,9999.000,9999.000,9999.000,9999.000
202603280624,   2.409,   3.030,9999.000,9999.000,9999.000,9999.000,9999.000,9999.000,9999.000
202603280630,   2.363,   3.017,9999.000,9999.000,9999.000,9999.000,9999.000,9999.000,9999.000
202603280636,   2.320,   2.938,9999.000,9999.000,9999.000,9999.000,9999.000,9999.000,9999.000
202603280642,   2.281,   2.879,9999.000,9999.000,9999.000,9999.000,9999.000,9999.000,9999.000
202603280648,   2.244,   2.850,9999.000,9999.000,9999.000,9999.000,9999.000,9999.000,9999.000
202603280654,   2.211,   2.820,9999.000,9999.000,9999.000,9999.000,9999.000,9999.000,9999.000
202603280700,   2.181,   2.768,   0.100,   0.487,   2.768,   0.100,   2.768,   0.100,   2.768
202603280706,   2.155,   2.719,9999.000,9999.000,9999.000,9999.000,9999.000,9999.000,9999.000
202603280712,   2.132,   2.669,9999.000,9999.000,9999.000,9999.000,9999.000,9999.000,9999.000
202603280718,   2.113,   2.640,9999.000,9999.000,9999.000,9999.000,9999.000,9999.000,9999.000
202603280724,   2.099,   2.679,9999.000,9999.000,9999.000,9999.000,9999.000,9999.000,9999.000
202603280730,   2.088,   2.669,9999.000,9999.000,9999.000,9999.000,9999.000,9999.000,9999.000
202603280736,   2.081,   2.610,9999.000,9999.000,9999.000,9999.000,9999.000,9999.000,9999.000
202603280742,   2.077,   2.587,9999.000,9999.000,9999.000,9999.000,9999.000,9999.000,9999.000
202603280748,   2.078,   2.578,9999.000,9999.000,9999.000,9999.000,9999.000,9999.000,9999.000
202603280754,   2.083,   2.597,9999.000,9999.000,9999.000,9999.000,9999.000,9999.000,9999.000
202603280800,   2.092,   2.587,   0.100,   0.395,   2.587,   0.100,   2.587,   0.100,   2.587
202603280806,   2.105,   2.587,9999.000,9999.000,9999.000,9999.000,9999.000,9999.000,9999.000
202603280812,   2.121,   2.568,9999.000,9999.000,9999.000,9999.000,9999.000,9999.000,9999.000
202603280818,   2.142,   2.597,9999.000,9999.000,9999.000,9999.000,9999.000,9999.000,9999.000
202603280824,   2.166,   2.660,9999.000,9999.000,9999.000,9999.000,9999.000,9999.000,9999.000
202603280830,   2.194,   2.679,9999.000,9999.000,9999.000,9999.000,9999.000,9999.000,9999.000
202603280836,   2.226,   2.709,9999.000,9999.000,9999.000,9999.000,9999.000,9999.000,9999.000
202603280842,   2.262,   2.738,9999.000,9999.000,9999.000,9999.000,9999.000,9999.000,9999.000
202603280848,   2.301,   2.807,9999.000,9999.000,9999.000,9999.000,9999.000,9999.000,9999.000
202603280854,   2.344,   2.860,9999.000,9999.000,9999.000,9999.000,9999.000,9999.000,9999.000
202603280900,   2.390,   2.899,   0.100,   0.409,   2.899,   0.100,   2.899,   0.100,   2.899
202603280906,   2.440,   2.929,9999.000,9999.000,9999.000,9999.000,9999.000,9999.000,9999.000
202603280912,   2.493,   2.978,9999.000,9999.000,9999.000,9999.000,9999.000,9999.000,9999.000
202603280918,   2.550,   3.070,9999.000,9999.000,9999.000,9999.000,9999.000,9999.000,9999.000
202603280924,   2.609,   3.129,9999.000,9999.000,9999.000,9999.000,9999.000,9999.000,9999.000
202603280930,   2.672,   3.207,9999.000,9999.000,9999.000,9999.000,9999.000,9999.000,9999.000
202603280936,   2.737,   3.299,9999.000,9999.000,9999.000,9999.000,9999.000,9999.000,9999.000
202603280942,   2.806,   3.378,9999.000,9999.000,9999.000,9999.000,9999.000,9999.000,9999.000
202603280948,   2.877,   3.460,9999.000,9999.000,9999.000,9999.000,9999.000,9999.000,9999.000
202603280954,   2.951,   3.529,9999.000,9999.000,9999.000,9999.000,9999.000,9999.000,9999.000
202603281000,   3.027,   3.578,   0.100,   0.451,   3.578,   0.100,   3.578,   0.100,   3.578
202603281006,   3.105,   3.650,9999.000,9999.000,9999.000,9999.000,9999.000,9999.000,9999.000
202603281012,   3.186,   3.768,9999.000,9999.000,9999.000,9999.000,9999.000,9999.000,9999.000
202603281018,   3.268,   3.847,9999.000,9999.000,9999.000,9999.000,9999.000,9999.000,9999.000
202603281024,   3.352,   3.909,9999.000,9999.000,9999.000,9999.000,9999.000,9999.000,9999.000
202603281030,   3.438,   4.037,9999.000,9999.000,9999.000,9999.000,9999.000,9999.000,9999.000
202603281036,   3.525,   4.149,9999.000,9999.000,9999.000,9999.000,9999.000,9999.000,9999.000
202603281042,   3.613,   4.247,9999.000,9999.000,9999.000,9999.000,9999.000,9999.000,9999.000
202603281048,   3.702,   4.309,9999.000,9999.000,9999.000,9999.000,9999.000,9999.000,9999.000
202603281054,   3.792,   4.359,9999.000,9999.000,9999.000,9999.000,9999.000,9999.000,9999.000
202603281100,   3.881,   4.418,   0.100,   0.437,   4.418,   0.100,   4.418,   0.100,   4.418
202603281106,   3.971,   4.539,9999.000,9999.000,9999.000,9999.000,9999.000,9999.000,9999.000
202603281112,   4.061,   4.657,9999.000,9999.000,9999.000,9999.000,9999.000,9999.000,9999.000
202603281118,   4.150,   4.749,9999.000,9999.000,9999.000,9999.000,9999.000,9999.000,9999.000
202603281124,   4.238,   4.837,9999.000,9999.000,9999.000,9999.000,9999.000,9999.000,9999.000
202603281130,   4.325,   4.910,9999.000,9999.000,9999.000,9999.000,9999.000,9999.000,9999.000
202603281136,   4.410,   4.988,9999.000,9999.000,9999.000,9999.000,9999.000,9999.000,9999.000
202603281142,   4.493,   5.028,9999.000,9999.000,9999.000,9999.000,9999.000,9999.000,9999.000
202603281148,   4.575,   5.097,9999.000,9999.000,9999.000,9999.000,9999.000,9999.000,9999.000
202603281154,   4.654,   5.179,9999.000,9999.000,9999.000,9999.000,9999.000,9999.000,9999.000
202603281200,   4.730,   5.277,   0.100,   0.447,   5.277,   0.100,   5.277,   0.100,   5.277
202603281206,   4.804,9999.000,9999.000,9999.000,9999.000,9999.000,9999.000,9999.000,9999.000
202603281212,   4.874,9999.000,9999.000,9999.000,9999.000,9999.000,9999.000,9999.000,9999.000
202603281218,   4.940,9999.000,9999.000,9999.000,9999.000,9999.000,9999.000,9999.000,9999.000
202603281224,   5.003,9999.000,9999.000,9999.000,9999.000,9999.000,9999.000,9999.000,9999.000
202603281230,   5.061,9999.000,9999.000,9999.000,9999.000,9999.000,9999.000,9999.000,9999.000
202603281236,   5.115,9999.000,9999.000,9999.000,9999.000,9999.000,9999.000,9999.000,9999.000
202603281242,   5.165,9999.000,9999.000,9999.000,9999.000,9999.000,9999.000,9999.000,9999.000
202603281248,   5.210,9999.000,9999.000,9999.000,9999.000,9999.000,9999.000,9999.000,9999.000
202603281254,   5.250,9999.000,9999.000,9999.000,9999.000,9999.000,9999.000,9999.000,9999.000
202603281300,   5.285,9999.000,   0.100,   0.433,   5.818,   0.100,   5.818,   0.100,   5.818
202603281306,   5.315,9999.000,9999.000,9999.000,9999.000,9999.000,9999.000,9999.000,9999.000
202603281312,   5.340,9999.000,9999.000,9999.000,9999.000,9999.000,9999.000,9999.000,9999.000
202603281318,   5.359,9999.000,9999.000,9999.000,9999.000,9999.000,9999.000,9999.000,9999.000
202603281324,   5.373,9999.000,9999.000,9999.000,9999.000,9999.000,9999.000,9999.000,9999.000
202603281330,   5.381,9999.000,9999.000,9999.000,9999.000,9999.000,9999.000,9999.000,9999.000
202603281336,   5.384,9999.000,9999.000,9999.000,9999.000,9999.000,9999.000,9999.000,9999.000
202603281342,   5.381,9999.000,9999.000,9999.000,9999.000,9999.000,9999.000,9999.000,9999.000
202603281348,   5.373,9999.000,9999.000,9999.000,9999.000,9999.000,9999.000,9999.000,9999.000
202603281354,   5.359,9999.000,9999.000,9999.000,9999.000,9999.000,9999.000,9999.000,9999.000
202603281400,   5.339,9999.000,   0.100,   0.419,   5.858,   0.100,   5.858,   0.100,   5.858
202603281406,   5.314,9999.000,9999.000,9999.000,9999.000,9999.000,9999.000,9999.000,9999.000
202603281412,   5.283,9999.000,9999.000,9999.000,9999.000,9999.000,9999.000,9999.000,9999.000
202603281418,   5.247,9999.000,9999.000,9999.000,9999.000,9999.000,9999.000,9999.000,9999.000
202603281424,   5.206,9999.000,9999.000,9999.000,9999.000,9999.000,9999.000,9999.000,9999.000
202603281430,   5.160,9999.000,9999.000,9999.000,9999.000,9999.000,9999.000,9999.000,9999.000
202603281436,   5.108,9999.000,9999.000,9999.000,9999.000,9999.000,9999.000,9999.000,9999.000
202603281442,   5.051,9999.000,9999.000,9999.000,9999.000,9999.000,9999.000,9999.000,9999.000
202603281448,   4.990,9999.000,9999.000,9999.000,9999.000,9999.000,9999.000,9999.000,9999.000
202603281454,   4.923,9999.000,9999.000,9999.000,9999.000,9999.000,9999.000,9999.000,9999.000
202603281500,   4.851,9999.000,   0.100,   0.405,   5.356,   0.100,   5.356,   0.100,   5.356
202603281506,   4.775,9999.000,9999.000,9999.000,9999.000,9999.000,9999.000,9999.000,9999.000
202603281512,   4.695,9999.000,9999.000,9999.000,9999.000,9999.000,9999.000,9999.000,9999.000
202603281518,   4.610,9999.000,9999.000,9999.000,9999.000,9999.000,9999.000,9999.000,9999.000
202603281524,   4.521,9999.000,9999.000,9999.000,9999.000,9999.000,9999.000,9999.000,9999.000
202603281530,   4.427,9999.000,9999.000,9999.000,9999.000,9999.000,9999.000,9999.000,9999.000
202603281536,   4.329,9999.000,9999.000,9999.000,9999.000,9999.000,9999.000,9999.000,9999.000
202603281542,   4.228,9999.000,9999.000,9999.000,9999.000,9999.000,9999.000,9999.000,9999.000
202603281548,   4.123,9999.000,9999.000,9999.000,9999.000,9999.000,9999.000,9999.000,9999.000
202603281554,   4.014,9999.000,9999.000,9999.000,9999.000,9999.000,9999.000,9999.000,9999.000
202603281600,   3.902,9999.000,   0.100,   0.391,   4.393,   0.100,   4.393,   0.100,   4.393
202603281606,   3.786,9999.000,9999.000,9999.000,9999.000,9999.000,9999.000,9999.000,9999.000
202603281612,   3.668,9999.000,9999.000,9999.000,9999.000,9999.000,9999.000,9999.000,9999.000
202603281618,   3.546,9999.000,9999.000,9999.000,9999.000,9999.000,9999.000,9999.000,9999.000
202603281624,   3.422,9999.000,9999.000,9999.000,9999.000,9999.000,9999.000,9999.000,9999.000
202603281630,   3.295,9999.000,9999.000,9999.000,9999.000,9999.000,9999.000,9999.000,9999.000
202603281636,   3.166,9999.000,9999.000,9999.000,9999.000,9999.000,9999.000,9999.000,9999.000
202603281642,   3.035,9999.000,9999.000,9999.000,9999.000,9999.000,9999.000,9999.000,9999.000
202603281648,   2.902,9999.000,9999.000,9999.000,9999.000,9999.000,9999.000,9999.000,9999.000
202603281654,   2.768,9999.000,9999.000,9999.000,9999.000,9999.000,9999.000,9999.000,9999.000
202603281700,   2.632,9999.000,   0.100,   0.377,   3.109,   0.100,   3.109,   0.100,   3.109
202603281706,   2.495,9999.000,9999.000,9999.000,9999.000,9999.000,9999.000,9999.000,9999.000
202603281712,   2.357,9999.000,9999.000,9999.000,9999.000,9999.000,9999.000,9999.000,9999.000
202603281718,   2.219,9999.000,9999.000,9999.000,9999.000,9999.000,9999.000,9999.000,9999.000
202603281724,   2.081,9999.000,9999.000,9999.000,9999.000,9999.000,9999.000,9999.000,9999.000
202603281730,   1.943,9999.000,9999.000,9999.000,9999.000,9999.000,9999.000,9999.000,9999.000
202603281736,   1.806,9999.000,9999.000,9999.000,9999.000,9999.000,9999.000,9999.000,9999.000
202603281742,   1.669,9999.000,9999.000,9999.000,9999.000,9999.000,9999.000,9999.000,9999.000
202603281748,   1.534,9999.000,9999.000,9999.000,9999.000,9999.000,9999.000,9999.000,9999.000
202603281754,   1.400,9999.000,9999.000,9999.000,9999.000,9999.000,9999.000,9999.000,9999.000
202603281800,   1.268,9999.000,   0.100,   0.363,   1.731,   0.100,   1.731,   0.100,   1.731
202603281806,   1.137,9999.000,9999.000,9999.000,9999.000,9999.000,9999.000,9999.000,9999.000
202603281812,   1.010,9999.000,9999.000,9999.000,9999.000,9999.000,9999.000,9999.000,9999.000
202603281818,   0.885,9999.000,9999.000,9999.000,9999.000,9999.000,9999.000,9999.000,9999.000
202603281824,   0.763,9999.000,9999.000,9999.000,9999.000,9999.000,9999.000,9999.000,9999.000
202603281830,   0.644,9999.000,9999.000,9999.000,9999.000,9999.000,9999.000,9999.000,9999.000
202603281836,   0.529,9999.000,9999.000,9999.000,9999.000,9999.000,9999.000,9999.000,9999.000
202603281842,   0.419,9999.000,9999.000,9999.000,9999.000,9999.000,9999.000,9999.000,9999.000
202603281848,   0.312,9999.000,9999.000,9999.000,9999.000,9999.000,9999.000,9999.000,9999.000
202603281854,   0.209,9999.000,9999.000,9999.000,9999.000,9999.000,9999.000,9999.000,9999.000
202603281900,   0.112,9999.000,   0.100,   0.349,   0.561,   0.100,   0.561,   0.100,   0.561
202603281906,   0.019,9999.000,9999.000,9999.000,9999.000,9999.000,9999.000,9999.000,9999.000
202603281912,  -0.068,9999.000,9999.000,9999.000,9999.000,9999.000,9999.000,9999.000,9999.000
202603281918,  -0.151,9999.000,9999.000,9999.000,9999.000,9999.000,9999.000,9999.000,9999.000
202603281924,  -0.228,9999.000,9999.000,9999.000,9999.000,9999.000,9999.000,9999.000,9999.000
202603281930,  -0.299,9999.000,9999.000,9999.000,9999.000,9999.000,9999.000,9999.000,9999.000
202603281936,  -0.365,9999.000,9999.000,9999.000,9999.000,9999.000,9999.000,9999.000,9999.000
202603281942,  -0.425,9999.000,9999.000,9999.000,9999.000,9999.000,9999.000,9999.000,9999.000
202603281948,  -0.479,9999.000,9999.000,9999.000,9999.000,9999.000,9999.000,9999.000,9999.000
202603281954,  -0.527,9999.000,9999.000,9999.000,9999.000,9999.000,9999.000,9999.000,9999.000
202603282000,  -0.569,9999.000,   0.100,   0.335,  -0.134,   0.100,  -0.134,   0.100,  -0.134
202603282006,  -0.605,9999.000,9999.000,9999.000,9999.000,9999.000,9999.000,9999.000,9999.000
202603282012,  -0.635,9999.000,9999.000,9999.000,9999.000,9999.000,9999.000,9999.000,9999.000
202603282018,  -0.659,9999.000,9999.000,9999.000,9999.000,9999.000,9999.000,9999.000,9999.000
202603282024,  -0.676,9999.000,9999.000,9999.000,9999.000,9999.000,9999.000,9999.000,9999.000
202603282030,  -0.687,9999.000,9999.000,9999.000,9999.000,9999.000,9999.000,9999.000,9999.000
202603282036,  -0.692,9999.000,9999.000,9999.000,9999.000,9999.000,9999.000,9999.000,9999.000
202603282042,  -0.691,9999.000,9999.000,9999.000,9999.000,9999.000,9999.000,9999.000,9999.000
202603282048,  -0.684,9999.000,9999.000,9999.000,9999.000,9999.000,9999.000,9999.000,9999.000
202603282054,  -0.671,9999.000,9999.000,9999.000,9999.000,9999.000,9999.000,9999.000,9999.000
202603282100,  -0.651,9999.000,   0.100,   0.321,  -0.230,   0.100,  -0.230,   0.100,  -0.230
202603282106,  -0.626,9999.000,9999.000,9999.000,9999.000,9999.000,9999.000,9999.000,9999.000
202603282112,  -0.594,9999.000,9999.000,9999.000,9999.000,9999.000,9999.000,9999.000,9999.000
202603282118,  -0.557,9999.000,9999.000,9999.000,9999.000,9999.000,9999.000,9999.000,9999.000
202603282124,  -0.513,9999.000,9999.000,9999.000,9999.000,9999.000,9999.000,9999.000,9999.000
202603282130,  -0.464,9999.000,9999.000,9999.000,9999.000,9999.000,9999.000,9999.000,9999.000
202603282136,  -0.410,9999.000,9999.000,9999.000,9999.000,9999.000,9999.000,9999.000,9999.000
202603282142,  -0.349,9999.000,9999.000,9999.000,9999.000,9999.000,9999.000,9999.000,9999.000
202603282148,  -0.284,9999.000,9999.000,9999.000,9999.000,9999.000,9999.000,9999.000,9999.000
202603282154,  -0.213,9999.000,9999.000,9999.000,9999.000,9999.000,9999.000,9999.000,9999.000
202603282200,  -0.136,9999.000,   0.100,   0.307,   0.271,   0.100,   0.271,   0.100,   0.271
202603282206,  -0.055,9999.000,9999.000,9999.000,9999.000,9999.000,9999.000,9999.000,9999.000
202603282212,   0.030,9999.000,9999.000,9999.000,9999.000,9999.000,9999.000,9999.000,9999.000
202603282218,   0.121,9999.000,9999.000,9999.000,9999.000,9999.000,9999.000,9999.000,9999.000
202603282224,   0.217,9999.000,9999.000,9999.000,9999.000,9999.000,9999.000,9999.000,9999.000
202603282230,   0.317,9999.000,9999.000,9999.000,9999.000,9999.000,9999.000,9999.000,9999.000
202603282236,   0.421,9999.000,9999.000,9999.000,9999.000,9999.000,9999.000,9999.000,9999.000
202603282242,   0.529,9999.000,9999.000,9999.000,9999.000,9999.000,9999.000,9999.000,9999.000
202603282248,   0.641,9999.000,9999.000,9999.000,9999.000,9999.000,9999.000,9999.000,9999.000
202603282254,   0.756,9999.000,9999.000,9999.000,9999.000,9999.000,9999.000,9999.000,9999.000
202603282300,   0.874,9999.000,   0.100,   0.293,   1.267,   0.100,   1.267,   0.200,   1.367
202603282306,   0.995,9999.000,9999.000,9999.000,9999.000,9999.000,9999.000,9999.000,9999.000
202603282312,   1.118,9999.000,9999.000,9999.000,9999.000,9999.000,9999.000,9999.000,9999.000
202603282318,   1.244,9999.000,9999.000,9999.000,9999.000,9999.000,9999.000,9999.000,9999.000
202603282324,   1.372,9999.000,9999.000,9999.000,9999.000,9999.000,9999.000,9999.000,9999.000
202603282330,   1.501,9999.000,9999.000,9999.000,9999.000,9999.000,9999.000,9999.000,9999.000
202603282336,   1.631,9999.000,9999.000,9999.000,9999.000,9999.000,9999.000,9999.000,9999.000
202603282342,   1.763,9999.000,9999.000,9999.000,9999.000,9999.000,9999.000,9999.000,9999.000
202603282348,   1.894,9999.000,9999.000,9999.000,9999.000,9999.000,9999.000,9999.000,9999.000
202603282354,   2.026,9999.000,9999.000,9999.000,9999.000,9999.000,9999.000,9999.000,9999.000
202603290000,   2.158,9999.000,   0.200,   0.279,   2.637,   0.100,   2.537,   0.200,   2.637
202603290006,   2.289,9999.000,9999.000,9999.000,9999.000,9999.000,9999.000,9999.000,9999.000
202603290012,   2.419,9999.000,9999.000,9999.000,9999.000,9999.000,9999.000,9999.000,9999.000
202603290018,   2.547,9999.000,9999.000,9999.000,9999.000,9999.000,9999.000,9999.000,9999.000
202603290024,   2.674,9999.000,9999.000,9999.000,9999.000,9999.000,9999.000,9999.000,9999.000
202603290030,   2.799,9999.000,9999.000,9999.000,9999.000,9999.000,9999.000,9999.000,9999.000
202603290036,   2.921,9999.000,9999.000,9999.000,9999.000,9999.000,9999.000,9999.000,9999.000
202603290042,   3.041,9999.000,9999.000,9999.000,9999.000,9999.000,9999.000,9999.000,9999.000
202603290048,   3.157,9999.000,9999.000,9999.000,9999.000,9999.000,9999.000,9999.000,9999.000
202603290054,   3.271,9999.000,9999.000,9999.000,9999.000,9999.000,9999.000,9999.000,9999.000
202603290100,   3.380,9999.000,   0.200,   0.279,   3.859,   0.200,   3.859,   0.200,   3.859
202603290106,   3.486,9999.000,9999.000,9999.000,9999.000,9999.000,9999.000,9999.000,9999.000
202603290112,   3.587,9999.000,9999.000,9999.000,9999.000,9999.000,9999.000,9999.000,9999.000
202603290118,   3.685,9999.000,9999.000,9999.000,9999.000,9999.000,9999.000,9999.000,9999.000
202603290124,   3.777,9999.000,9999.000,9999.000,9999.000,9999.000,9999.000,9999.000,9999.000
202603290130,   3.865,9999.000,9999.000,9999.000,9999.000,9999.000,9999.000,9999.000,9999.000
202603290136,   3.948,9999.000,9999.000,9999.000,9999.000,9999.000,9999.000,9999.000,9999.000
202603290142,   4.026,9999.000,9999.000,9999.000,9999.000,9999.000,9999.000,9999.000,9999.000
202603290148,   4.099,9999.000,9999.000,9999.000,9999.000,9999.000,9999.000,9999.000,9999.000
202603290154,   4.166,9999.000,9999.000,9999.000,9999.000,9999.000,9999.000,9999.000,9999.000
202603290200,   4.228,9999.000,   0.200,   0.279,   4.707,   0.200,   4.707,   0.200,   4.707
202603290206,   4.285,9999.000,9999.000,9999.000,9999.000,9999.000,9999.000,9999.000,9999.000
202603290212,   4.336,9999.000,9999.000,9999.000,9999.000,9999.000,9999.000,9999.000,9999.000
202603290218,   4.382,9999.000,9999.000,9999.000,9999.000,9999.000,9999.000,9999.000,9999.000
202603290224,   4.422,9999.000,9999.000,9999.000,9999.000,9999.000,9999.000,9999.000,9999.000
202603290230,   4.457,9999.000,9999.000,9999.000,9999.000,9999.000,9999.000,9999.000,9999.000
202603290236,   4.486,9999.000,9999.000,9999.000,9999.000,9999.000,9999.000,9999.000,9999.000
202603290242,   4.510,9999.000,9999.000,9999.000,9999.000,9999.000,9999.000,9999.000,9999.000
202603290248,   4.528,9999.000,9999.000,9999.000,9999.000,9999.000,9999.000,9999.000,9999.000
202603290254,   4.541,9999.000,9999.000,9999.000,9999.000,9999.000,9999.000,9999.000,9999.000
202603290300,   4.548,9999.000,   0.200,   0.279,   5.027,   0.100,   4.927,   0.200,   5.027
202603290306,   4.550,9999.000,9999.000,9999.000,9999.000,9999.000,9999.000,9999.000,9999.000
202603290312,   4.547,9999.000,9999.000,9999.000,9999.000,9999.000,9999.000,9999.000,9999.000
202603290318,   4.539,9999.000,9999.000,9999.000,9999.000,9999.000,9999.000,9999.000,9999.000
202603290324,   4.526,9999.000,9999.000,9999.000,9999.000,9999.000,9999.000,9999.000,9999.000
202603290330,   4.508,9999.000,9999.000,9999.000,9999.000,9999.000,9999.000,9999.000,9999.000
202603290336,   4.485,9999.000,9999.000,9999.000,9999.000,9999.000,9999.000,9999.000,9999.000
202603290342,   4.457,9999.000,9999.000,9999.000,9999.000,9999.000,9999.000,9999.000,9999.000
202603290348,   4.424,9999.000,9999.000,9999.000,9999.000,9999.000,9999.000,9999.000,9999.000
202603290354,   4.387,9999.000,9999.000,9999.000,9999.000,9999.000,9999.000,9999.000,9999.000
202603290400,   4.346,9999.000,   0.200,   0.279,   4.825,   0.100,   4.725,   0.200,   4.825
202603290406,   4.300,9999.000,9999.000,9999.000,9999.000,9999.000,9999.000,9999.000,9999.000
202603290412,   4.250,9999.000,9999.000,9999.000,9999.000,9999.000,9999.000,9999.000,9999.000
202603290418,   4.196,9999.000,9999.000,9999.000,9999.000,9999.000,9999.000,9999.000,9999.000
202603290424,   4.138,9999.000,9999.000,9999.000,9999.000,9999.000,9999.000,9999.000,9999.000
202603290430,   4.077,9999.000,9999.000,9999.000,9999.000,9999.000,9999.000,9999.000,9999.000
202603290436,   4.012,9999.000,9999.000,9999.000,9999.000,9999.000,9999.000,9999.000,9999.000
202603290442,   3.943,9999.000,9999.000,9999.000,9999.000,9999.000,9999.000,9999.000,9999.000
202603290448,   3.872,9999.000,9999.000,9999.000,9999.000,9999.000,9999.000,9999.000,9999.000
202603290454,   3.797,9999.000,9999.000,9999.000,9999.000,9999.000,9999.000,9999.000,9999.000
202603290500,   3.720,9999.000,   0.200,   0.279,   4.199,   0.100,   4.099,   0.200,   4.199
202603290506,   3.640,9999.000,9999.000,9999.000,9999.000,9999.000,9999.000,9999.000,9999.000
202603290512,   3.558,9999.000,9999.000,9999.000,9999.000,9999.000,9999.000,9999.000,9999.000
202603290518,   3.474,9999.000,9999.000,9999.000,9999.000,9999.000,9999.000,9999.000,9999.000
202603290524,   3.389,9999.000,9999.000,9999.000,9999.000,9999.000,9999.000,9999.000,9999.000
202603290530,   3.301,9999.000,9999.000,9999.000,9999.000,9999.000,9999.000,9999.000,9999.000
202603290536,   3.213,9999.000,9999.000,9999.000,9999.000,9999.000,9999.000,9999.000,9999.000
202603290542,   3.124,9999.000,9999.000,9999.000,9999.000,9999.000,9999.000,9999.000,9999.000
202603290548,   3.034,9999.000,9999.000,9999.000,9999.000,9999.000,9999.000,9999.000,9999.000
202603290554,   2.944,9999.000,9999.000,9999.000,9999.000,9999.000,9999.000,9999.000,9999.000
202603290600,   2.854,9999.000,   0.100,   0.279,   3.233,   0.100,   3.233,   0.200,   3.333
202603290606,   2.764,9999.000,9999.000,9999.000,9999.000,9999.000,9999.000,9999.000,9999.000
202603290612,   2.675,9999.000,9999.000,9999.000,9999.000,9999.000,9999.000,9999.000,9999.000
202603290618,   2.587,9999.000,9999.000,9999.000,9999.000,9999.000,9999.000,9999.000,9999.000
202603290624,   2.500,9999.000,9999.000,9999.000,9999.000,9999.000,9999.000,9999.000,9999.000
202603290630,   2.414,9999.000,9999.000,9999.000,9999.000,9999.000,9999.000,9999.000,9999.000
202603290636,   2.331,9999.000,9999.000,9999.000,9999.000,9999.000,9999.000,9999.000,9999.000
202603290642,   2.250,9999.000,9999.000,9999.000,9999.000,9999.000,9999.000,9999.000,9999.000
202603290648,   2.171,9999.000,9999.000,9999.000,9999.000,9999.000,9999.000,9999.000,9999.000
202603290654,   2.095,9999.000,9999.000,9999.000,9999.000,9999.000,9999.000,9999.000,9999.000
202603290700,   2.021,9999.000,   0.100,   0.279,   2.400,   0.100,   2.400,   0.200,   2.500
202603290706,   1.951,9999.000,9999.000,9999.000,9999.000,9999.000,9999.000,9999.000,9999.000
202603290712,   1.885,9999.000,9999.000,9999.000,9999.000,9999.000,9999.000,9999.000,9999.000
202603290718,   1.822,9999.000,9999.000,9999.000,9999.000,9999.000,9999.000,9999.000,9999.000
202603290724,   1.763,9999.000,9999.000,9999.000,9999.000,9999.000,9999.000,9999.000,9999.000
202603290730,   1.709,9999.000,9999.000,9999.000,9999.000,9999.000,9999.000,9999.000,9999.000
202603290736,   1.658,9999.000,9999.000,9999.000,9999.000,9999.000,9999.000,9999.000,9999.000
202603290742,   1.612,9999.000,9999.000,9999.000,9999.000,9999.000,9999.000,9999.000,9999.000
202603290748,   1.571,9999.000,9999.000,9999.000,9999.000,9999.000,9999.000,9999.000,9999.000
202603290754,   1.534,9999.000,9999.000,9999.000,9999.000,9999.000,9999.000,9999.000,9999.000
202603290800,   1.502,9999.000,   0.100,   0.279,   1.881,   0.100,   1.881,   0.200,   1.981
202603290806,   1.475,9999.000,9999.000,9999.000,9999.000,9999.000,9999.000,9999.000,9999.000
202603290812,   1.452,9999.000,9999.000,9999.000,9999.000,9999.000,9999.000,9999.000,9999.000
202603290818,   1.435,9999.000,9999.000,9999.000,9999.000,9999.000,9999.000,9999.000,9999.000
202603290824,   1.423,9999.000,9999.000,9999.000,9999.000,9999.000,9999.000,9999.000,9999.000
202603290830,   1.416,9999.000,9999.000,9999.000,9999.000,9999.000,9999.000,9999.000,9999.000
202603290836,   1.414,9999.000,9999.000,9999.000,9999.000,9999.000,9999.000,9999.000,9999.000
202603290842,   1.418,9999.000,9999.000,9999.000,9999.000,9999.000,9999.000,9999.000,9999.000
202603290848,   1.426,9999.000,9999.000,9999.000,9999.000,9999.000,9999.000,9999.000,9999.000
202603290854,   1.439,9999.000,9999.000,9999.000,9999.000,9999.000,9999.000,9999.000,9999.000
202603290900,   1.458,9999.000,   0.100,   0.279,   1.837,   0.100,   1.837,   0.200,   1.937
202603290906,   1.482,9999.000,9999.000,9999.000,9999.000,9999.000,9999.000,9999.000,9999.000
202603290912,   1.510,9999.000,9999.000,9999.000,9999.000,9999.000,9999.000,9999.000,9999.000
202603290918,   1.544,9999.000,9999.000,9999.000,9999.000,9999.000,9999.000,9999.000,9999.000
202603290924,   1.582,9999.000,9999.000,9999.000,9999.000,9999.000,9999.000,9999.000,9999.000
202603290930,   1.625,9999.000,9999.000,9999.000,9999.000,9999.000,9999.000,9999.000,9999.000
202603290936,   1.673,9999.000,9999.000,9999.000,9999.000,9999.000,9999.000,9999.000,9999.000
202603290942,   1.726,9999.000,9999.000,9999.000,9999.000,9999.000,9999.000,9999.000,9999.000
202603290948,   1.783,9999.000,9999.000,9999.000,9999.000,9999.000,9999.000,9999.000,9999.000
202603290954,   1.845,9999.000,9999.000,9999.000,9999.000,9999.000,9999.000,9999.000,9999.000
202603291000,   1.911,9999.000,   0.200,   0.279,   2.390,   0.100,   2.290,   0.200,   2.390
202603291006,   1.981,9999.000,9999.000,9999.000,9999.000,9999.000,9999.000,9999.000,9999.000
202603291012,   2.055,9999.000,9999.000,9999.000,9999.000,9999.000,9999.000,9999.000,9999.000
202603291018,   2.134,9999.000,9999.000,9999.000,9999.000,9999.000,9999.000,9999.000,9999.000
202603291024,   2.216,9999.000,9999.000,9999.000,9999.000,9999.000,9999.000,9999.000,9999.000
202603291030,   2.301,9999.000,9999.000,9999.000,9999.000,9999.000,9999.000,9999.000,9999.000
202603291036,   2.391,9999.000,9999.000,9999.000,9999.000,9999.000,9999.000,9999.000,9999.000
202603291042,   2.483,9999.000,9999.000,9999.000,9999.000,9999.000,9999.000,9999.000,9999.000
202603291048,   2.578,9999.000,9999.000,9999.000,9999.000,9999.000,9999.000,9999.000,9999.000
202603291054,   2.677,9999.000,9999.000,9999.000,9999.000,9999.000,9999.000,9999.000,9999.000
202603291100,   2.777,9999.000,   0.200,   0.279,   3.256,   0.100,   3.156,   0.200,   3.256
202603291106,   2.881,9999.000,9999.000,9999.000,9999.000,9999.000,9999.000,9999.000,9999.000
202603291112,   2.986,9999.000,9999.000,9999.000,9999.000,9999.000,9999.000,9999.000,9999.000
202603291118,   3.093,9999.000,9999.000,9999.000,9999.000,9999.000,9999.000,9999.000,9999.000
202603291124,   3.202,9999.000,9999.000,9999.000,9999.000,9999.000,9999.000,9999.000,9999.000
202603291130,   3.312,9999.000,9999.000,9999.000,9999.000,9999.000,9999.000,9999.000,9999.000
202603291136,   3.422,9999.000,9999.000,9999.000,9999.000,9999.000,9999.000,9999.000,9999.000
202603291142,   3.534,9999.000,9999.000,9999.000,9999.000,9999.000,9999.000,9999.000,9999.000
202603291148,   3.645,9999.000,9999.000,9999.000,9999.000,9999.000,9999.000,9999.000,9999.000
202603291154,   3.757,9999.000,9999.000,9999.000,9999.000,9999.000,9999.000,9999.000,9999.000
202603291200,   3.868,9999.000,   0.200,   0.279,   4.347,   0.200,   4.347,   0.200,   4.347
202603291206,   3.978,9999.000,9999.000,9999.000,9999.000,9999.000,9999.000,9999.000,9999.000
202603291212,   4.087,9999.000,9999.000,9999.000,9999.000,9999.000,9999.000,9999.000,9999.000
202603291218,   4.194,9999.000,9999.000,9999.000,9999.000,9999.000,9999.000,9999.000,9999.000
202603291224,   4.300,9999.000,9999.000,9999.000,9999.000,9999.000,9999.000,9999.000,9999.000
202603291230,   4.403,9999.000,9999.000,9999.000,9999.000,9999.000,9999.000,9999.000,9999.000
202603291236,   4.504,9999.000,9999.000,9999.000,9999.000,9999.000,9999.000,9999.000,9999.000
202603291242,   4.602,9999.000,9999.000,9999.000,9999.000,9999.000,9999.000,9999.000,9999.000
202603291248,   4.696,9999.000,9999.000,9999.000,9999.000,9999.000,9999.000,9999.000,9999.000
202603291254,   4.787,9999.000,9999.000,9999.000,9999.000,9999.000,9999.000,9999.000,9999.000
202603291300,   4.875,9999.000,   0.200,   0.279,   5.354,   0.200,   5.354,   0.200,   5.354
202603291306,   4.957,9999.000,9999.000,9999.000,9999.000,9999.000,9999.000,9999.000,9999.000
202603291312,   5.036,9999.000,9999.000,9999.000,9999.000,9999.000,9999.000,9999.000,9999.000
202603291318,   5.109,9999.000,9999.000,9999.000,9999.000,9999.000,9999.000,9999.000,9999.000
202603291324,   5.178,9999.000,9999.000,9999.000,9999.000,9999.000,9999.000,9999.000,9999.000
202603291330,   5.241,9999.000,9999.000,9999.000,9999.000,9999.000,9999.000,9999.000,9999.000
202603291336,   5.299,9999.000,9999.000,9999.000,9999.000,9999.000,9999.000,9999.000,9999.000
202603291342,   5.351,9999.000,9999.000,9999.000,9999.000,9999.000,9999.000,9999.000,9999.000
202603291348,   5.397,9999.000,9999.000,9999.000,9999.000,9999.000,9999.000,9999.000,9999.000
202603291354,   5.438,9999.000,9999.000,9999.000,9999.000,9999.000,9999.000,9999.000,9999.000
202603291400,   5.472,9999.000,   0.200,   0.279,   5.951,   0.200,   5.951,   0.200,   5.951
202603291406,   5.500,9999.000,9999.000,9999.000,9999.000,9999.000,9999.000,9999.000,9999.000
202603291412,   5.521,9999.000,9999.000,9999.000,9999.000,9999.000,9999.000,9999.000,9999.000
202603291418,   5.537,9999.000,9999.000,9999.000,9999.000,9999.000,9999.000,9999.000,9999.000
202603291424,   5.546,9999.000,9999.000,9999.000,9999.000,9999.000,9999.000,9999.000,9999.000
202603291430,   5.548,9999.000,9999.000,9999.000,9999.000,9999.000,9999.000,9999.000,9999.000
202603291436,   5.544,9999.000,9999.000,9999.000,9999.000,9999.000,9999.000,9999.000,9999.000
202603291442,   5.534,9999.000,9999.000,9999.000,9999.000,9999.000,9999.000,9999.000,9999.000
202603291448,   5.517,9999.000,9999.000,9999.000,9999.000,9999.000,9999.000,9999.000,9999.000
202603291454,   5.494,9999.000,9999.000,9999.000,9999.000,9999.000,9999.000,9999.000,9999.000
202603291500,   5.464,9999.000,   0.200,   0.279,   5.943,   0.200,   5.943,   0.200,   5.943
202603291506,   5.429,9999.000,9999.000,9999.000,9999.000,9999.000,9999.000,9999.000,9999.000
202603291512,   5.387,9999.000,9999.000,9999.000,9999.000,9999.000,9999.000,9999.000,9999.000
202603291518,   5.339,9999.000,9999.000,9999.000,9999.000,9999.000,9999.000,9999.000,9999.000
202603291524,   5.285,9999.000,9999.000,9999.000,9999.000,9999.000,9999.000,9999.000,9999.000
202603291530,   5.225,9999.000,9999.000,9999.000,9999.000,9999.000,9999.000,9999.000,9999.000
202603291536,   5.159,9999.000,9999.000,9999.000,9999.000,9999.000,9999.000,9999.000,9999.000
202603291542,   5.088,9999.000,9999.000,9999.000,9999.000,9999.000,9999.000,9999.000,9999.000
202603291548,   5.011,9999.000,9999.000,9999.000,9999.000,9999.000,9999.000,9999.000,9999.000
202603291554,   4.929,9999.000,9999.000,9999.000,9999.000,9999.000,9999.000,9999.000,9999.000
202603291600,   4.842,9999.000,   0.200,   0.279,   5.321,   0.200,   5.321,   0.200,   5.321
202603291606,   4.749,9999.000,9999.000,9999.000,9999.000,9999.000,9999.000,9999.000,9999.000
202603291612,   4.652,9999.000,9999.000,9999.000,9999.000,9999.000,9999.000,9999.000,9999.000
202603291618,   4.550,9999.000,9999.000,9999.000,9999.000,9999.000,9999.000,9999.000,9999.000
202603291624,   4.443,9999.000,9999.000,9999.000,9999.000,9999.000,9999.000,9999.000,9999.000
202603291630,   4.333,9999.000,9999.000,9999.000,9999.000,9999.000,9999.000,9999.000,9999.000
202603291636,   4.218,9999.000,9999.000,9999.000,9999.000,9999.000,9999.000,9999.000,9999.000
202603291642,   4.099,9999.000,9999.000,9999.000,9999.000,9999.000,9999.000,9999.000,9999.000
202603291648,   3.976,9999.000,9999.000,9999.000,9999.000,9999.000,9999.000,9999.000,9999.000
202603291654,   3.850,9999.000,9999.000,9999.000,9999.000,9999.000,9999.000,9999.000,9999.000
202603291700,   3.721,9999.000,   0.200,   0.279,   4.200,   0.100,   4.100,   0.200,   4.200
202603291706,   3.589,9999.000,9999.000,9999.000,9999.000,9999.000,9999.000,9999.000,9999.000
202603291712,   3.454,9999.000,9999.000,9999.000,9999.000,9999.000,9999.000,9999.000,9999.000
202603291718,   3.316,9999.000,9999.000,9999.000,9999.000,9999.000,9999.000,9999.000,9999.000
202603291724,   3.177,9999.000,9999.000,9999.000,9999.000,9999.000,9999.000,9999.000,9999.000
202603291730,   3.035,9999.000,9999.000,9999.000,9999.000,9999.000,9999.000,9999.000,9999.000
202603291736,   2.892,9999.000,9999.000,9999.000,9999.000,9999.000,9999.000,9999.000,9999.000
202603291742,   2.747,9999.000,9999.000,9999.000,9999.000,9999.000,9999.000,9999.000,9999.000
202603291748,   2.602,9999.000,9999.000,9999.000,9999.000,9999.000,9999.000,9999.000,9999.000
202603291754,   2.456,9999.000,9999.000,9999.000,9999.000,9999.000,9999.000,9999.000,9999.000
202603291800,   2.310,9999.000,   0.200,   0.279,   2.789,   0.100,   2.689,   0.200,   2.789
202603291806,   2.163,9999.000,9999.000,9999.000,9999.000,9999.000,9999.000,9999.000,9999.000
202603291812,   2.017,9999.000,9999.000,9999.000,9999.000,9999.000,9999.000,9999.000,9999.000
202603291818,   1.872,9999.000,9999.000,9999.000,9999.000,9999.000,9999.000,9999.000,9999.000
202603291824,   1.728,9999.000,9999.000,9999.000,9999.000,9999.000,9999.000,9999.000,9999.000
202603291830,   1.585,9999.000,9999.000,9999.000,9999.000,9999.000,9999.000,9999.000,9999.000
202603291836,   1.444,9999.000,9999.000,9999.000,9999.000,9999.000,9999.000,9999.000,9999.000
202603291842,   1.305,9999.000,9999.000,9999.000,9999.000,9999.000,9999.000,9999.000,9999.000
202603291848,   1.168,9999.000,9999.000,9999.000,9999.000,9999.000,9999.000,9999.000,9999.000
202603291854,   1.035,9999.000,9999.000,9999.000,9999.000,9999.000,9999.000,9999.000,9999.000
202603291900,   0.904,9999.000,   0.100,   0.279,   1.283,   0.100,   1.283,   0.200,   1.383
202603291906,   0.777,9999.000,9999.000,9999.000,9999.000,9999.000,9999.000,9999.000,9999.000
202603291912,   0.654,9999.000,9999.000,9999.000,9999.000,9999.000,9999.000,9999.000,9999.000
202603291918,   0.535,9999.000,9999.000,9999.000,9999.000,9999.000,9999.000,9999.000,9999.000
202603291924,   0.420,9999.000,9999.000,9999.000,9999.000,9999.000,9999.000,9999.000,9999.000
202603291930,   0.309,9999.000,9999.000,9999.000,9999.000,9999.000,9999.000,9999.000,9999.000
202603291936,   0.204,9999.000,9999.000,9999.000,9999.000,9999.000,9999.000,9999.000,9999.000
202603291942,   0.104,9999.000,9999.000,9999.000,9999.000,9999.000,9999.000,9999.000,9999.000
202603291948,   0.009,9999.000,9999.000,9999.000,9999.000,9999.000,9999.000,9999.000,9999.000
202603291954,  -0.079,9999.000,9999.000,9999.000,9999.000,9999.000,9999.000,9999.000,9999.000
202603292000,  -0.162,9999.000,   0.100,   0.279,   0.217,   0.100,   0.217,   0.200,   0.317
202603292006,  -0.240,9999.000,9999.000,9999.000,9999.000,9999.000,9999.000,9999.000,9999.000
202603292012,  -0.311,9999.000,9999.000,9999.000,9999.000,9999.000,9999.000,9999.000,9999.000
202603292018,  -0.376,9999.000,9999.000,9999.000,9999.000,9999.000,9999.000,9999.000,9999.000
202603292024,  -0.435,9999.000,9999.000,9999.000,9999.000,9999.000,9999.000,9999.000,9999.000
202603292030,  -0.487,9999.000,9999.000,9999.000,9999.000,9999.000,9999.000,9999.000,9999.000
202603292036,  -0.532,9999.000,9999.000,9999.000,9999.000,9999.000,9999.000,9999.000,9999.000
202603292042,  -0.571,9999.000,9999.000,9999.000,9999.000,9999.000,9999.000,9999.000,9999.000
202603292048,  -0.603,9999.000,9999.000,9999.000,9999.000,9999.000,9999.000,9999.000,9999.000
202603292054,  -0.628,9999.000,9999.000,9999.000,9999.000,9999.000,9999.000,9999.000,9999.000
202603292100,  -0.646,9999.000,   0.100,   0.279,  -0.267,   0.100,  -0.267,   0.200,  -0.167
202603292106,  -0.658,9999.000,9999.000,9999.000,9999.000,9999.000,9999.000,9999.000,9999.000
202603292112,  -0.663,9999.000,9999.000,9999.000,9999.000,9999.000,9999.000,9999.000,9999.000
202603292118,  -0.660,9999.000,9999.000,9999.000,9999.000,9999.000,9999.000,9999.000,9999.000
202603292124,  -0.651,9999.000,9999.000,9999.000,9999.000,9999.000,9999.000,9999.000,9999.000
202603292130,  -0.635,9999.000,9999.000,9999.000,9999.000,9999.000,9999.000,9999.000,9999.000
202603292136,  -0.613,9999.000,9999.000,9999.000,9999.000,9999.000,9999.000,9999.000,9999.000
202603292142,  -0.584,9999.000,9999.000,9999.000,9999.000,9999.000,9999.000,9999.000,9999.000
202603292148,  -0.548,9999.000,9999.000,9999.000,9999.000,9999.000,9999.000,9999.000,9999.000
202603292154,  -0.505,9999.000,9999.000,9999.000,9999.000,9999.000,9999.000,9999.000,9999.000
202603292200,  -0.456,9999.000,   0.100,   0.279,  -0.077,   0.100,  -0.077,   0.200,   0.023
202603292206,  -0.401,9999.000,9999.000,9999.000,9999.000,9999.000,9999.000,9999.000,9999.000
202603292212,  -0.340,9999.000,9999.000,9999.000,9999.000,9999.000,9999.000,9999.000,9999.000
202603292218,  -0.272,9999.000,9999.000,9999.000,9999.000,9999.000,9999.000,9999.000,9999.000
202603292224,  -0.199,9999.000,9999.000,9999.000,9999.000,9999.000,9999.000,9999.000,9999.000
202603292230,  -0.119,9999.000,9999.000,9999.000,9999.000,9999.000,9999.000,9999.000,9999.000
202603292236,  -0.034,9999.000,9999.000,9999.000,9999.000,9999.000,9999.000,9999.000,9999.000
202603292242,   0.055,9999.000,9999.000,9999.000,9999.000,9999.000,9999.000,9999.000,9999.000
202603292248,   0.151,9999.000,9999.000,9999.000,9999.000,9999.000,9999.000,9999.000,9999.000
202603292254,   0.252,9999.000,9999.000,9999.000,9999.000,9999.000,9999.000,9999.000,9999.000
202603292300,   0.357,9999.000,   0.100,   0.279,   0.736,   0.100,   0.736,   0.200,   0.836
202603292306,   0.468,9999.000,9999.000,9999.000,9999.000,9999.000,9999.000,9999.000,9999.000
202603292312,   0.582,9999.000,9999.000,9999.000,9999.000,9999.000,9999.000,9999.000,9999.000
202603292318,   0.701,9999.000,9999.000,9999.000,9999.000,9999.000,9999.000,9999.000,9999.000
202603292324,   0.824,9999.000,9999.000,9999.000,9999.000,9999.000,9999.000,9999.000,9999.000
202603292330,   0.950,9999.000,9999.000,9999.000,9999.000,9999.000,9999.000,9999.000,9999.000
202603292336,   1.080,9999.000,9999.000,9999.000,9999.000,9999.000,9999.000,9999.000,9999.000
202603292342,   1.212,9999.000,9999.000,9999.000,9999.000,9999.000,9999.000,9999.000,9999.000
202603292348,   1.347,9999.000,9999.000,9999.000,9999.000,9999.000,9999.000,9999.000,9999.000
202603292354,   1.484,9999.000,9999.000,9999.000,9999.000,9999.000,9999.000,9999.000,9999.000
202603300000,   1.623,9999.000,   0.200,   0.279,   2.102,   0.100,   2.002,   0.200,   2.102
202603300006,   1.764,9999.000,9999.000,9999.000,9999.000,9999.000,9999.000,9999.000,9999.000
202603300012,   1.906,9999.000,9999.000,9999.000,9999.000,9999.000,9999.000,9999.000,9999.000
202603300018,   2.048,9999.000,9999.000,9999.000,9999.000,9999.000,9999.000,9999.000,9999.000
202603300024,   2.191,9999.000,9999.000,9999.000,9999.000,9999.000,9999.000,9999.000,9999.000
202603300030,   2.334,9999.000,9999.000,9999.000,9999.000,9999.000,9999.000,9999.000,9999.000
202603300036,   2.477,9999.000,9999.000,9999.000,9999.000,9999.000,9999.000,9999.000,9999.000
202603300042,   2.619,9999.000,9999.000,9999.000,9999.000,9999.000,9999.000,9999.000,9999.000
202603300048,   2.759,9999.000,9999.000,9999.000,9999.000,9999.000,9999.000,9999.000,9999.000
202603300054,   2.898,9999.000,9999.000,9999.000,9999.000,9999.000,9999.000,9999.000,9999.000
202603300100,   3.035,9999.000,   0.200,   0.279,   3.514,   0.200,   3.514,   0.200,   3.514
202603300106,   3.169,9999.000,9999.000,9999.000,9999.000,9999.000,9999.000,9999.000,9999.000
202603300112,   3.301,9999.000,9999.000,9999.000,9999.000,9999.000,9999.000,9999.000,9999.000
202603300118,   3.430,9999.000,9999.000,9999.000,9999.000,9999.000,9999.000,9999.000,9999.000
202603300124,   3.555,9999.000,9999.000,9999.000,9999.000,9999.000,9999.000,9999.000,9999.000
202603300130,   3.677,9999.000,9999.000,9999.000,9999.000,9999.000,9999.000,9999.000,9999.000
202603300136,   3.794,9999.000,9999.000,9999.000,9999.000,9999.000,9999.000,9999.000,9999.000
202603300142,   3.907,9999.000,9999.000,9999.000,9999.000,9999.000,9999.000,9999.000,9999.000
202603300148,   4.015,9999.000,9999.000,9999.000,9999.000,9999.000,9999.000,9999.000,9999.000
202603300154,   4.118,9999.000,9999.000,9999.000,9999.000,9999.000,9999.000,9999.000,9999.000
202603300200,   4.216,9999.000,   0.200,   0.279,   4.695,   0.200,   4.695,   0.200,   4.695
202603300206,   4.309,9999.000,9999.000,9999.000,9999.000,9999.000,9999.000,9999.000,9999.000
202603300212,   4.396,9999.000,9999.000,9999.000,9999.000,9999.000,9999.000,9999.000,9999.000
202603300218,   4.477,9999.000,9999.000,9999.000,9999.000,9999.000,9999.000,9999.000,9999.000
202603300224,   4.552,9999.000,9999.000,9999.000,9999.000,9999.000,9999.000,9999.000,9999.000
202603300230,   4.621,9999.000,9999.000,9999.000,9999.000,9999.000,9999.000,9999.000,9999.000
202603300236,   4.683,9999.000,9999.000,9999.000,9999.000,9999.000,9999.000,9999.000,9999.000
202603300242,   4.740,9999.000,9999.000,9999.000,9999.000,9999.000,9999.000,9999.000,9999.000
202603300248,   4.790,9999.000,9999.000,9999.000,9999.000,9999.000,9999.000,9999.000,9999.000
202603300254,   4.833,9999.000,9999.000,9999.000,9999.000,9999.000,9999.000,9999.000,9999.000
202603300300,   4.870,9999.000,   0.200,   0.279,   5.349,   0.200,   5.349,   0.200,   5.349
202603300306,   4.901,9999.000,9999.000,9999.000,9999.000,9999.000,9999.000,9999.000,9999.000
202603300312,   4.925,9999.000,9999.000,9999.000,9999.000,9999.000,9999.000,9999.000,9999.000
202603300318,   4.942,9999.000,9999.000,9999.000,9999.000,9999.000,9999.000,9999.000,9999.000
202603300324,   4.953,9999.000,9999.000,9999.000,9999.000,9999.000,9999.000,9999.000,9999.000
202603300330,   4.958,9999.000,9999.000,9999.000,9999.000,9999.000,9999.000,9999.000,9999.000
202603300336,   4.956,9999.000,9999.000,9999.000,9999.000,9999.000,9999.000,9999.000,9999.000
202603300342,   4.948,9999.000,9999.000,9999.000,9999.000,9999.000,9999.000,9999.000,9999.000
202603300348,   4.933,9999.000,9999.000,9999.000,9999.000,9999.000,9999.000,9999.000,9999.000
202603300354,   4.913,9999.000,9999.000,9999.000,9999.000,9999.000,9999.000,9999.000,9999.000
202603300400,   4.886,9999.000,   0.200,   0.279,   5.365,   0.200,   5.365,   0.200,   5.365
202603300406,   4.854,9999.000,9999.000,9999.000,9999.000,9999.000,9999.000,9999.000,9999.000
202603300412,   4.816,9999.000,9999.000,9999.000,9999.000,9999.000,9999.000,9999.000,9999.000
202603300418,   4.773,9999.000,9999.000,9999.000,9999.000,9999.000,9999.000,9999.000,9999.000
202603300424,   4.723,9999.000,9999.000,9999.000,9999.000,9999.000,9999.000,9999.000,9999.000
202603300430,   4.669,9999.000,9999.000,9999.000,9999.000,9999.000,9999.000,9999.000,9999.000
202603300436,   4.610,9999.000,9999.000,9999.000,9999.000,9999.000,9999.000,9999.000,9999.000
202603300442,   4.545,9999.000,9999.000,9999.000,9999.000,9999.000,9999.000,9999.000,9999.000
202603300448,   4.476,9999.000,9999.000,9999.000,9999.000,9999.000,9999.000,9999.000,9999.000
202603300454,   4.403,9999.000,9999.000,9999.000,9999.000,9999.000,9999.000,9999.000,9999.000
202603300500,   4.325,9999.000,   0.200,   0.279,   4.804,   0.200,   4.804,   0.200,   4.804
202603300506,   4.243,9999.000,9999.000,9999.000,9999.000,9999.000,9999.000,9999.000,9999.000
202603300512,   4.157,9999.000,9999.000,9999.000,9999.000,9999.000,9999.000,9999.000,9999.000
202603300518,   4.067,9999.000,9999.000,9999.000,9999.000,9999.000,9999.000,9999.000,9999.000
202603300524,   3.974,9999.000,9999.000,9999.000,9999.000,9999.000,9999.000,9999.000,9999.000
202603300530,   3.878,9999.000,9999.000,9999.000,9999.000,9999.000,9999.000,9999.000,9999.000
202603300536,   3.779,9999.000,9999.000,9999.000,9999.000,9999.000,9999.000,9999.000,9999.000
202603300542,   3.677,9999.000,9999.000,9999.000,9999.000,9999.000,9999.000,9999.000,9999.000
202603300548,   3.573,9999.000,9999.000,9999.000,9999.000,9999.000,9999.000,9999.000,9999.000
202603300554,   3.467,9999.000,9999.000,9999.000,9999.000,9999.000,9999.000,9999.000,9999.000
202603300600,   3.359,9999.000,   0.200,   0.279,   3.838,   0.100,   3.738,   0.200,   3.838
202603300606,   3.250,9999.000,9999.000,9999.000,9999.000,9999.000,9999.000,9999.000,9999.000
202603300612,   3.139,9999.000,9999.000,9999.000,9999.000,9999.000,9999.000,9999.000,9999.000
202603300618,   3.028,9999.000,9999.000,9999.000,9999.000,9999.000,9999.000,9999.000,9999.000
202603300624,   2.916,9999.000,9999.000,9999.000,9999.000,9999.000,9999.000,9999.000,9999.000
202603300630,   2.804,9999.000,9999.000,9999.000,9999.000,9999.000,9999.000,9999.000,9999.000
202603300636,   2.693,9999.000,9999.000,9999.000,9999.000,9999.000,9999.000,9999.000,9999.000
202603300642,   2.581,9999.000,9999.000,9999.000,9999.000,9999.000,9999.000,9999.000,9999.000
202603300648,   2.471,9999.000,9999.000,9999.000,9999.000,9999.000,9999.000,9999.000,9999.000
202603300654,   2.362,9999.000,9999.000,9999.000,9999.000,9999.000,9999.000,9999.000,9999.000
202603300700,   2.254,9999.000,   0.100,   0.279,   2.633,   0.100,   2.633,   0.200,   2.733
202603300706,   2.148,9999.000,9999.000,9999.000,9999.000,9999.000,9999.000,9999.000,9999.000
202603300712,   2.044,9999.000,9999.000,9999.000,9999.000,9999.000,9999.000,9999.000,9999.000
202603300718,   1.943,9999.000,9999.000,9999.000,9999.000,9999.000,9999.000,9999.000,9999.000
202603300724,   1.844,9999.000,9999.000,9999.000,9999.000,9999.000,9999.000,9999.000,9999.000
202603300730,   1.749,9999.000,9999.000,9999.000,9999.000,9999.000,9999.000,9999.000,9999.000
202603300736,   1.656,9999.000,9999.000,9999.000,9999.000,9999.000,9999.000,9999.000,9999.000
202603300742,   1.568,9999.000,9999.000,9999.000,9999.000,9999.000,9999.000,9999.000,9999.000
202603300748,   1.484,9999.000,9999.000,9999.000,9999.000,9999.000,9999.000,9999.000,9999.000
202603300754,   1.403,9999.000,9999.000,9999.000,9999.000,9999.000,9999.000,9999.000,9999.000
202603300800,   1.327,9999.000,   0.100,   0.279,   1.706,   0.100,   1.706,   0.200,   1.806
202603300806,   1.256,9999.000,9999.000,9999.000,9999.000,9999.000,9999.000,9999.000,9999.000
202603300812,   1.190,9999.000,9999.000,9999.000,9999.000,9999.000,9999.000,9999.000,9999.000
202603300818,   1.129,9999.000,9999.000,9999.000,9999.000,9999.000,9999.000,9999.000,9999.000
202603300824,   1.073,9999.000,9999.000,9999.000,9999.000,9999.000,9999.000,9999.000,9999.000
202603300830,   1.022,9999.000,9999.000,9999.000,9999.000,9999.000,9999.000,9999.000,9999.000
202603300836,   0.977,9999.000,9999.000,9999.000,9999.000,9999.000,9999.000,9999.000,9999.000
202603300842,   0.938,9999.000,9999.000,9999.000,9999.000,9999.000,9999.000,9999.000,9999.000
202603300848,   0.904,9999.000,9999.000,9999.000,9999.000,9999.000,9999.000,9999.000,9999.000
202603300854,   0.877,9999.000,9999.000,9999.000,9999.000,9999.000,9999.000,9999.000,9999.000
202603300900,   0.855,9999.000,   0.100,   0.279,   1.234,   0.100,   1.234,   0.200,   1.334
202603300906,   0.839,9999.000,9999.000,9999.000,9999.000,9999.000,9999.000,9999.000,9999.000
202603300912,   0.830,9999.000,9999.000,9999.000,9999.000,9999.000,9999.000,9999.000,9999.000
202603300918,   0.826,9999.000,9999.000,9999.000,9999.000,9999.000,9999.000,9999.000,9999.000
202603300924,   0.829,9999.000,9999.000,9999.000,9999.000,9999.000,9999.000,9999.000,9999.000
202603300930,   0.837,9999.000,9999.000,9999.000,9999.000,9999.000,9999.000,9999.000,9999.000
202603300936,   0.852,9999.000,9999.000,9999.000,9999.000,9999.000,9999.000,9999.000,9999.000
202603300942,   0.873,9999.000,9999.000,9999.000,9999.000,9999.000,9999.000,9999.000,9999.000
202603300948,   0.900,9999.000,9999.000,9999.000,9999.000,9999.000,9999.000,9999.000,9999.000
202603300954,   0.932,9999.000,9999.000,9999.000,9999.000,9999.000,9999.000,9999.000,9999.000
202603301000,   0.971,9999.000,   0.200,   0.279,   1.450,   0.100,   1.350,   0.200,   1.450
202603301006,   1.015,9999.000,9999.000,9999.000,9999.000,9999.000,9999.000,9999.000,9999.000
202603301012,   1.065,9999.000,9999.000,9999.000,9999.000,9999.000,9999.000,9999.000,9999.000
202603301018,   1.121,9999.000,9999.000,9999.000,9999.000,9999.000,9999.000,9999.000,9999.000
202603301024,   1.182,9999.000,9999.000,9999.000,9999.000,9999.000,9999.000,9999.000,9999.000
202603301030,   1.248,9999.000,9999.000,9999.000,9999.000,9999.000,9999.000,9999.000,9999.000
202603301036,   1.320,9999.000,9999.000,9999.000,9999.000,9999.000,9999.000,9999.000,9999.000
202603301042,   1.396,9999.000,9999.000,9999.000,9999.000,9999.000,9999.000,9999.000,9999.000
202603301048,   1.478,9999.000,9999.000,9999.000,9999.000,9999.000,9999.000,9999.000,9999.000
202603301054,   1.564,9999.000,9999.000,9999.000,9999.000,9999.000,9999.000,9999.000,9999.000
202603301100,   1.654,9999.000,   0.100,   0.279,   2.033,   0.100,   2.033,   0.200,   2.133
202603301106,   1.749,9999.000,9999.000,9999.000,9999.000,9999.000,9999.000,9999.000,9999.000
202603301112,   1.847,9999.000,9999.000,9999.000,9999.000,9999.000,9999.000,9999.000,9999.000
202603301118,   1.950,9999.000,9999.000,9999.000,9999.000,9999.000,9999.000,9999.000,9999.000
202603301124,   2.056,9999.000,9999.000,9999.000,9999.000,9999.000,9999.000,9999.000,9999.000
202603301130,   2.165,9999.000,9999.000,9999.000,9999.000,9999.000,9999.000,9999.000,9999.000
202603301136,   2.278,9999.000,9999.000,9999.000,9999.000,9999.000,9999.000,9999.000,9999.000
202603301142,   2.393,9999.000,9999.000,9999.000,9999.000,9999.000,9999.000,9999.000,9999.000
202603301148,   2.511,9999.000,9999.000,9999.000,9999.000,9999.000,9999.000,9999.000,9999.000
202603301154,   2.631,9999.000,9999.000,9999.000,9999.000,9999.000,9999.000,9999.000,9999.000
202603301200,   2.752,9999.000,   0.200,   0.279,   3.231,   0.100,   3.131,   0.200,   3.231
202603301206,   2.875,9999.000,9999.000,9999.000,9999.000,9999.000,9999.000,9999.000,9999.000
202603301212,   3.000,9999.000,9999.000,9999.000,9999.000,9999.000,9999.000,9999.000,9999.000
202603301218,   3.125,9999.000,9999.000,9999.000,9999.000,9999.000,9999.000,9999.000,9999.000
202603301224,   3.251,9999.000,9999.000,9999.000,9999.000,9999.000,9999.000,9999.000,9999.000
202603301230,   3.377,9999.000,9999.000,9999.000,9999.000,9999.000,9999.000,9999.000,9999.000
202603301236,   3.502,9999.000,9999.000,9999.000,9999.000,9999.000,9999.000,9999.000,9999.000
202603301242,   3.627,9999.000,9999.000,9999.000,9999.000,9999.000,9999.000,9999.000,9999.000
202603301248,   3.752,9999.000,9999.000,9999.000,9999.000,9999.000,9999.000,9999.000,9999.000
202603301254,   3.874,9999.000,9999.000,9999.000,9999.000,9999.000,9999.000,9999.000,9999.000
202603301300,   3.995,9999.000,   0.200,   0.279,   4.474,   0.100,   4.374,   0.200,   4.474
202603301306,   4.114,9999.000,9999.000,9999.000,9999.000,9999.000,9999.000,9999.000,9999.000
202603301312,   4.231,9999.000,9999.000,9999.000,9999.000,9999.000,9999.000,9999.000,9999.000
202603301318,   4.344,9999.000,9999.000,9999.000,9999.000,9999.000,9999.000,9999.000,9999.000
202603301324,   4.454,9999.000,9999.000,9999.000,9999.000,9999.000,9999.000,9999.000,9999.000
202603301330,   4.561,9999.000,9999.000,9999.000,9999.000,9999.000,9999.000,9999.000,9999.000
202603301336,   4.664,9999.000,9999.000,9999.000,9999.000,9999.000,9999.000,9999.000,9999.000
202603301342,   4.763,9999.000,9999.000,9999.000,9999.000,9999.000,9999.000,9999.000,9999.000
202603301348,   4.857,9999.000,9999.000,9999.000,9999.000,9999.000,9999.000,9999.000,9999.000
202603301354,   4.946,9999.000,9999.000,9999.000,9999.000,9999.000,9999.000,9999.000,9999.000
202603301400,   5.030,9999.000,   0.200,   0.279,   5.509,   0.100,   5.409,   0.200,   5.509
202603301406,   5.108,9999.000,9999.000,9999.000,9999.000,9999.000,9999.000,9999.000,9999.000
202603301412,   5.181,9999.000,9999.000,9999.000,9999.000,9999.000,9999.000,9999.000,9999.000
202603301418,   5.248,9999.000,9999.000,9999.000,9999.000,9999.000,9999.000,9999.000,9999.000
202603301424,   5.309,9999.000,9999.000,9999.000,9999.000,9999.000,9999.000,9999.000,9999.000
202603301430,   5.363,9999.000,9999.000,9999.000,9999.000,9999.000,9999.000,9999.000,9999.000
202603301436,   5.411,9999.000,9999.000,9999.000,9999.000,9999.000,9999.000,9999.000,9999.000
202603301442,   5.453,9999.000,9999.000,9999.000,9999.000,9999.000,9999.000,9999.000,9999.000
202603301448,   5.487,9999.000,9999.000,9999.000,9999.000,9999.000,9999.000,9999.000,9999.000
202603301454,   5.515,9999.000,9999.000,9999.000,9999.000,9999.000,9999.000,9999.000,9999.000
202603301500,   5.536,9999.000,   0.100,   0.279,   5.915,   0.100,   5.915,   0.200,   6.015
202603301506,   5.549,9999.000,9999.000,9999.000,9999.000,9999.000,9999.000,9999.000,9999.000
202603301512,   5.556,9999.000,9999.000,9999.000,9999.000,9999.000,9999.000,9999.000,9999.000
202603301518,   5.555,9999.000,9999.000,9999.000,9999.000,9999.000,9999.000,9999.000,9999.000
202603301524,   5.548,9999.000,9999.000,9999.000,9999.000,9999.000,9999.000,9999.000,9999.000
202603301530,   5.534,9999.000,9999.000,9999.000,9999.000,9999.000,9999.000,9999.000,9999.000
202603301536,   5.512,9999.000,9999.000,9999.000,9999.000,9999.000,9999.000,9999.000,9999.000
202603301542,   5.484,9999.000,9999.000,9999.000,9999.000,9999.000,9999.000,9999.000,9999.000
202603301548,   5.448,9999.000,9999.000,9999.000,9999.000,9999.000,9999.000,9999.000,9999.000
202603301554,   5.406,9999.000,9999.000,9999.000,9999.000,9999.000,9999.000,9999.000,9999.000
202603301600,   5.358,9999.000,   0.100,   0.279,   5.737,   0.100,   5.737,   0.200,   5.837
202603301606,   5.302,9999.000,9999.000,9999.000,9999.000,9999.000,9999.000,9999.000,9999.000
202603301612,   5.241,9999.000,9999.000,9999.000,9999.000,9999.000,9999.000,9999.000,9999.000
202603301618,   5.173,9999.000,9999.000,9999.000,9999.000,9999.000,9999.000,9999.000,9999.000
202603301624,   5.099,9999.000,9999.000,9999.000,9999.000,9999.000,9999.000,9999.000,9999.000
202603301630,   5.020,9999.000,9999.000,9999.000,9999.000,9999.000,9999.000,9999.000,9999.000
202603301636,   4.935,9999.000,9999.000,9999.000,9999.000,9999.000,9999.000,9999.000,9999.000
202603301642,   4.844,9999.000,9999.000,9999.000,9999.000,9999.000,9999.000,9999.000,9999.000
202603301648,   4.748,9999.000,9999.000,9999.000,9999.000,9999.000,9999.000,9999.000,9999.000
202603301654,   4.647,9999.000,9999.000,9999.000,9999.000,9999.000,9999.000,9999.000,9999.000
202603301700,   4.541,9999.000,   0.100,   0.279,   4.920,   0.100,   4.920,   0.200,   5.020
202603301706,   4.430,9999.000,9999.000,9999.000,9999.000,9999.000,9999.000,9999.000,9999.000
202603301712,   4.315,9999.000,9999.000,9999.000,9999.000,9999.000,9999.000,9999.000,9999.000
202603301718,   4.197,9999.000,9999.000,9999.000,9999.000,9999.000,9999.000,9999.000,9999.000
202603301724,   4.074,9999.000,9999.000,9999.000,9999.000,9999.000,9999.000,9999.000,9999.000
202603301730,   3.947,9999.000,9999.000,9999.000,9999.000,9999.000,9999.000,9999.000,9999.000
202603301736,   3.818,9999.000,9999.000,9999.000,9999.000,9999.000,9999.000,9999.000,9999.000
202603301742,   3.685,9999.000,9999.000,9999.000,9999.000,9999.000,9999.000,9999.000,9999.000
202603301748,   3.550,9999.000,9999.000,9999.000,9999.000,9999.000,9999.000,9999.000,9999.000
202603301754,   3.412,9999.000,9999.000,9999.000,9999.000,9999.000,9999.000,9999.000,9999.000
202603301800,   3.272,9999.000,   0.100,   0.279,   3.651,   0.100,   3.651,   0.100,   3.651
202603301806,   3.130,9999.000,9999.000,9999.000,9999.000,9999.000,9999.000,9999.000,9999.000
202603301812,   2.987,9999.000,9999.000,9999.000,9999.000,9999.000,9999.000,9999.000,9999.000
202603301818,   2.843,9999.000,9999.000,9999.000,9999.000,9999.000,9999.000,9999.000,9999.000
202603301824,   2.697,9999.000,9999.000,9999.000,9999.000,9999.000,9999.000,9999.000,9999.000
202603301830,   2.552,9999.000,9999.000,9999.000,9999.000,9999.000,9999.000,9999.000,9999.000
202603301836,   2.405,9999.000,9999.000,9999.000,9999.000,9999.000,9999.000,9999.000,9999.000
202603301842,   2.260,9999.000,9999.000,9999.000,9999.000,9999.000,9999.000,9999.000,9999.000
202603301848,   2.114,9999.000,9999.000,9999.000,9999.000,9999.000,9999.000,9999.000,9999.000
202603301854,   1.969,9999.000,9999.000,9999.000,9999.000,9999.000,9999.000,9999.000,9999.000
202603301900,   1.826,9999.000,   0.100,   0.279,   2.205,   0.100,   2.205,   0.100,   2.205
202603301906,   1.684,9999.000,9999.000,9999.000,9999.000,9999.000,9999.000,9999.000,9999.000
202603301912,   1.544,9999.000,9999.000,9999.000,9999.000,9999.000,9999.000,9999.000,9999.000
202603301918,   1.406,9999.000,9999.000,9999.000,9999.000,9999.000,9999.000,9999.000,9999.000
202603301924,   1.271,9999.000,9999.000,9999.000,9999.000,9999.000,9999.000,9999.000,9999.000
202603301930,   1.138,9999.000,9999.000,9999.000,9999.000,9999.000,9999.000,9999.000,9999.000
202603301936,   1.009,9999.000,9999.000,9999.000,9999.000,9999.000,9999.000,9999.000,9999.000
202603301942,   0.883,9999.000,9999.000,9999.000,9999.000,9999.000,9999.000,9999.000,9999.000
202603301948,   0.761,9999.000,9999.000,9999.000,9999.000,9999.000,9999.000,9999.000,9999.000
202603301954,   0.644,9999.000,9999.000,9999.000,9999.000,9999.000,9999.000,9999.000,9999.000
202603302000,   0.530,9999.000,   0.100,   0.279,   0.909,   0.100,   0.909,   0.100,   0.909
202603302006,   0.422,9999.000,9999.000,9999.000,9999.000,9999.000,9999.000,9999.000,9999.000
202603302012,   0.319,9999.000,9999.000,9999.000,9999.000,9999.000,9999.000,9999.000,9999.000
202603302018,   0.221,9999.000,9999.000,9999.000,9999.000,9999.000,9999.000,9999.000,9999.000
202603302024,   0.128,9999.000,9999.000,9999.000,9999.000,9999.000,9999.000,9999.000,9999.000
202603302030,   0.041,9999.000,9999.000,9999.000,9999.000,9999.000,9999.000,9999.000,9999.000
202603302036,  -0.038,9999.000,9999.000,9999.000,9999.000,9999.000,9999.000,9999.000,9999.000
202603302042,  -0.113,9999.000,9999.000,9999.000,9999.000,9999.000,9999.000,9999.000,9999.000
202603302048,  -0.181,9999.000,9999.000,9999.000,9999.000,9999.000,9999.000,9999.000,9999.000
202603302054,  -0.242,9999.000,9999.000,9999.000,9999.000,9999.000,9999.000,9999.000,9999.000
202603302100,  -0.297,9999.000,   0.100,   0.279,   0.082,   0.100,   0.082,   0.100,   0.082
202603302106,  -0.345,9999.000,9999.000,9999.000,9999.000,9999.000,9999.000,9999.000,9999.000
202603302112,  -0.386,9999.000,9999.000,9999.000,9999.000,9999.000,9999.000,9999.000,9999.000
202603302118,  -0.420,9999.000,9999.000,9999.000,9999.000,9999.000,9999.000,9999.000,9999.000
202603302124,  -0.446,9999.000,9999.000,9999.000,9999.000,9999.000,9999.000,9999.000,9999.000
202603302130,  -0.466,9999.000,9999.000,9999.000,9999.000,9999.000,9999.000,9999.000,9999.000
202603302136,  -0.478,9999.000,9999.000,9999.000,9999.000,9999.000,9999.000,9999.000,9999.000
202603302142,  -0.484,9999.000,9999.000,9999.000,9999.000,9999.000,9999.000,9999.000,9999.000
202603302148,  -0.482,9999.000,9999.000,9999.000,9999.000,9999.000,9999.000,9999.000,9999.000
202603302154,  -0.472,9999.000,9999.000,9999.000,9999.000,9999.000,9999.000,9999.000,9999.000
202603302200,  -0.456,9999.000,   0.100,   0.279,  -0.077,   0.100,  -0.077,   0.200,   0.023
202603302206,  -0.432,9999.000,9999.000,9999.000,9999.000,9999.000,9999.000,9999.000,9999.000
202603302212,  -0.402,9999.000,9999.000,9999.000,9999.000,9999.000,9999.000,9999.000,9999.000
202603302218,  -0.364,9999.000,9999.000,9999.000,9999.000,9999.000,9999.000,9999.000,9999.000
202603302224,  -0.320,9999.000,9999.000,9999.000,9999.000,9999.000,9999.000,9999.000,9999.000
202603302230,  -0.268,9999.000,9999.000,9999.000,9999.000,9999.000,9999.000,9999.000,9999.000
202603302236,  -0.210,9999.000,9999.000,9999.000,9999.000,9999.000,9999.000,9999.000,9999.000
202603302242,  -0.146,9999.000,9999.000,9999.000,9999.000,9999.000,9999.000,9999.000,9999.000
202603302248,  -0.075,9999.000,9999.000,9999.000,9999.000,9999.000,9999.000,9999.000,9999.000
202603302254,   0.000,9999.000,9999.000,9999.000,9999.000,9999.000,9999.000,9999.000,9999.000
202603302300,   0.083,9999.000,   0.100,   0.279,   0.462,   0.100,   0.462,   0.200,   0.562
202603302306,   0.172,9999.000,9999.000,9999.000,9999.000,9999.000,9999.000,9999.000,9999.000
202603302312,   0.266,9999.000,9999.000,9999.000,9999.000,9999.000,9999.000,9999.000,9999.000
202603302318,   0.366,9999.000,9999.000,9999.000,9999.000,9999.000,9999.000,9999.000,9999.000
202603302324,   0.471,9999.000,9999.000,9999.000,9999.000,9999.000,9999.000,9999.000,9999.000
202603302330,   0.580,9999.000,9999.000,9999.000,9999.000,9999.000,9999.000,9999.000,9999.000
202603302336,   0.695,9999.000,9999.000,9999.000,9999.000,9999.000,9999.000,9999.000,9999.000
202603302342,   0.814,9999.000,9999.000,9999.000,9999.000,9999.000,9999.000,9999.000,9999.000
202603302348,   0.937,9999.000,9999.000,9999.000,9999.000,9999.000,9999.000,9999.000,9999.000
202603302354,   1.063,9999.000,9999.000,9999.000,9999.000,9999.000,9999.000,9999.000,9999.000
202603310000,   1.194,9999.000,   0.200,   0.279,   1.673,   0.100,   1.573,   0.200,   1.673
202603310006,   1.327,9999.000,9999.000,9999.000,9999.000,9999.000,9999.000,9999.000,9999.000
202603310012,   1.464,9999.000,9999.000,9999.000,9999.000,9999.000,9999.000,9999.000,9999.000
202603310018,   1.603,9999.000,9999.000,9999.000,9999.000,9999.000,9999.000,9999.000,9999.000
202603310024,   1.744,9999.000,9999.000,9999.000,9999.000,9999.000,9999.000,9999.000,9999.000
202603310030,   1.887,9999.000,9999.000,9999.000,9999.000,9999.000,9999.000,9999.000,9999.000
202603310036,   2.032,9999.000,9999.000,9999.000,9999.000,9999.000,9999.000,9999.000,9999.000
202603310042,   2.178,9999.000,9999.000,9999.000,9999.000,9999.000,9999.000,9999.000,9999.000
202603310048,   2.324,9999.000,9999.000,9999.000,9999.000,9999.000,9999.000,9999.000,9999.000
202603310054,   2.471,9999.000,9999.000,9999.000,9999.000,9999.000,9999.000,9999.000,9999.000
202603310100,   2.619,9999.000,   0.200,   0.279,   3.098,   0.100,   2.998,   0.200,   3.098
202603310106,   2.765,9999.000,9999.000,9999.000,9999.000,9999.000,9999.000,9999.000,9999.000
202603310112,   2.911,9999.000,9999.000,9999.000,9999.000,9999.000,9999.000,9999.000,9999.000
202603310118,   3.056,9999.000,9999.000,9999.000,9999.000,9999.000,9999.000,9999.000,9999.000
202603310124,   3.200,9999.000,9999.000,9999.000,9999.000,9999.000,9999.000,9999.000,9999.000
202603310130,   3.341,9999.000,9999.000,9999.000,9999.000,9999.000,9999.000,9999.000,9999.000
202603310136,   3.480,9999.000,9999.000,9999.000,9999.000,9999.000,9999.000,9999.000,9999.000
202603310142,   3.616,9999.000,9999.000,9999.000,9999.000,9999.000,9999.000,9999.000,9999.000
202603310148,   3.750,9999.000,9999.000,9999.000,9999.000,9999.000,9999.000,9999.000,9999.000
202603310154,   3.879,9999.000,9999.000,9999.000,9999.000,9999.000,9999.000,9999.000,9999.000
202603310200,   4.005,9999.000,   0.200,   0.279,   4.484,   0.100,   4.384,   0.200,   4.484
202603310206,   4.127,9999.000,9999.000,9999.000,9999.000,9999.000,9999.000,9999.000,9999.000
202603310212,   4.244,9999.000,9999.000,9999.000,9999.000,9999.000,9999.000,9999.000,9999.000
202603310218,   4.357,9999.000,9999.000,9999.000,9999.000,9999.000,9999.000,9999.000,9999.000
202603310224,   4.464,9999.000,9999.000,9999.000,9999.000,9999.000,9999.000,9999.000,9999.000
202603310230,   4.565,9999.000,9999.000,9999.000,9999.000,9999.000,9999.000,9999.000,9999.000
202603310236,   4.661,9999.000,9999.000,9999.000,9999.000,9999.000,9999.000,9999.000,9999.000
202603310242,   4.752,9999.000,9999.000,9999.000,9999.000,9999.000,9999.000,9999.000,9999.000
202603310248,   4.835,9999.000,9999.000,9999.000,9999.000,9999.000,9999.000,9999.000,9999.000
202603310254,   4.913,9999.000,9999.000,9999.000,9999.000,9999.000,9999.000,9999.000,9999.000
202603310300,   4.983,9999.000,   0.200,   0.279,   5.462,   0.100,   5.362,   0.200,   5.462
202603310306,   5.047,9999.000,9999.000,9999.000,9999.000,9999.000,9999.000,9999.000,9999.000
202603310312,   5.105,9999.000,9999.000,9999.000,9999.000,9999.000,9999.000,9999.000,9999.000
202603310318,   5.155,9999.000,9999.000,9999.000,9999.000,9999.000,9999.000,9999.000,9999.000
202603310324,   5.197,9999.000,9999.000,9999.000,9999.000,9999.000,9999.000,9999.000,9999.000
202603310330,   5.233,9999.000,9999.000,9999.000,9999.000,9999.000,9999.000,9999.000,9999.000
202603310336,   5.262,9999.000,9999.000,9999.000,9999.000,9999.000,9999.000,9999.000,9999.000
202603310342,   5.283,9999.000,9999.000,9999.000,9999.000,9999.000,9999.000,9999.000,9999.000
202603310348,   5.297,9999.000,9999.000,9999.000,9999.000,9999.000,9999.000,9999.000,9999.000
202603310354,   5.303,9999.000,9999.000,9999.000,9999.000,9999.000,9999.000,9999.000,9999.000
202603310400,   5.303,9999.000,   0.200,   0.279,   5.782,   0.100,   5.682,   0.200,   5.782
202603310406,   5.295,9999.000,9999.000,9999.000,9999.000,9999.000,9999.000,9999.000,9999.000
202603310412,   5.280,9999.000,9999.000,9999.000,9999.000,9999.000,9999.000,9999.000,9999.000
202603310418,   5.259,9999.000,9999.000,9999.000,9999.000,9999.000,9999.000,9999.000,9999.000
202603310424,   5.230,9999.000,9999.000,9999.000,9999.000,9999.000,9999.000,9999.000,9999.000
202603310430,   5.195,9999.000,9999.000,9999.000,9999.000,9999.000,9999.000,9999.000,9999.000
202603310436,   5.153,9999.000,9999.000,9999.000,9999.000,9999.000,9999.000,9999.000,9999.000
202603310442,   5.105,9999.000,9999.000,9999.000,9999.000,9999.000,9999.000,9999.000,9999.000
202603310448,   5.050,9999.000,9999.000,9999.000,9999.000,9999.000,9999.000,9999.000,9999.000
202603310454,   4.990,9999.000,9999.000,9999.000,9999.000,9999.000,9999.000,9999.000,9999.000
202603310500,   4.924,9999.000,   0.200,   0.279,   5.403,   0.100,   5.303,   0.200,   5.403
202603310506,   4.852,9999.000,9999.000,9999.000,9999.000,9999.000,9999.000,9999.000,9999.000
202603310512,   4.775,9999.000,9999.000,9999.000,9999.000,9999.000,9999.000,9999.000,9999.000
202603310518,   4.693,9999.000,9999.000,9999.000,9999.000,9999.000,9999.000,9999.000,9999.000
202603310524,   4.605,9999.000,9999.000,9999.000,9999.000,9999.000,9999.000,9999.000,9999.000
202603310530,   4.513,9999.000,9999.000,9999.000,9999.000,9999.000,9999.000,9999.000,9999.000
202603310536,   4.417,9999.000,9999.000,9999.000,9999.000,9999.000,9999.000,9999.000,9999.000
202603310542,   4.317,9999.000,9999.000,9999.000,9999.000,9999.000,9999.000,9999.000,9999.000
202603310548,   4.213,9999.000,9999.000,9999.000,9999.000,9999.000,9999.000,9999.000,9999.000
202603310554,   4.105,9999.000,9999.000,9999.000,9999.000,9999.000,9999.000,9999.000,9999.000
202603310600,   3.994,9999.000,   0.100,   0.279,   4.373,   0.100,   4.373,   0.200,   4.473
202603310606,   3.879,9999.000,9999.000,9999.000,9999.000,9999.000,9999.000,9999.000,9999.000
202603310612,   3.762,9999.000,9999.000,9999.000,9999.000,9999.000,9999.000,9999.000,9999.000
202603310618,   3.643,9999.000,9999.000,9999.000,9999.000,9999.000,9999.000,9999.000,9999.000
202603310624,   3.522,9999.000,9999.000,9999.000,9999.000,9999.000,9999.000,9999.000,9999.000
202603310630,   3.398,9999.000,9999.000,9999.000,9999.000,9999.000,9999.000,9999.000,9999.000
202603310636,   3.273,9999.000,9999.000,9999.000,9999.000,9999.000,9999.000,9999.000,9999.000
202603310642,   3.147,9999.000,9999.000,9999.000,9999.000,9999.000,9999.000,9999.000,9999.000
202603310648,   3.020,9999.000,9999.000,9999.000,9999.000,9999.000,9999.000,9999.000,9999.000
202603310654,   2.893,9999.000,9999.000,9999.000,9999.000,9999.000,9999.000,9999.000,9999.000
202603310700,   2.765,9999.000,   0.100,   0.279,   3.144,   0.100,   3.144,   0.200,   3.244
202603310706,   2.637,9999.000,9999.000,9999.000,9999.000,9999.000,9999.000,9999.000,9999.000
202603310712,   2.510,9999.000,9999.000,9999.000,9999.000,9999.000,9999.000,9999.000,9999.000
202603310718,   2.383,9999.000,9999.000,9999.000,9999.000,9999.000,9999.000,9999.000,9999.000
202603310724,   2.258,9999.000,9999.000,9999.000,9999.000,9999.000,9999.000,9999.000,9999.000
202603310730,   2.134,9999.000,9999.000,9999.000,9999.000,9999.000,9999.000,9999.000,9999.000
202603310736,   2.011,9999.000,9999.000,9999.000,9999.000,9999.000,9999.000,9999.000,9999.000
202603310742,   1.891,9999.000,9999.000,9999.000,9999.000,9999.000,9999.000,9999.000,9999.000
202603310748,   1.773,9999.000,9999.000,9999.000,9999.000,9999.000,9999.000,9999.000,9999.000
202603310754,   1.658,9999.000,9999.000,9999.000,9999.000,9999.000,9999.000,9999.000,9999.000
202603310800,   1.546,9999.000,   0.100,   0.279,   1.925,   0.100,   1.925,   0.200,   2.025
202603310806,   1.438,9999.000,9999.000,9999.000,9999.000,9999.000,9999.000,9999.000,9999.000
202603310812,   1.333,9999.000,9999.000,9999.000,9999.000,9999.000,9999.000,9999.000,9999.000
202603310818,   1.232,9999.000,9999.000,9999.000,9999.000,9999.000,9999.000,9999.000,9999.000
202603310824,   1.135,9999.000,9999.000,9999.000,9999.000,9999.000,9999.000,9999.000,9999.000
202603310830,   1.043,9999.000,9999.000,9999.000,9999.000,9999.000,9999.000,9999.000,9999.000
202603310836,   0.956,9999.000,9999.000,9999.000,9999.000,9999.000,9999.000,9999.000,9999.000
202603310842,   0.874,9999.000,9999.000,9999.000,9999.000,9999.000,9999.000,9999.000,9999.000
202603310848,   0.797,9999.000,9999.000,9999.000,9999.000,9999.000,9999.000,9999.000,9999.000
202603310854,   0.726,9999.000,9999.000,9999.000,9999.000,9999.000,9999.000,9999.000,9999.000
202603310900,   0.660,9999.000,   0.100,   0.279,   1.039,   0.100,   1.039,   0.200,   1.139
202603310906,   0.601,9999.000,9999.000,9999.000,9999.000,9999.000,9999.000,9999.000,9999.000
202603310912,   0.548,9999.000,9999.000,9999.000,9999.000,9999.000,9999.000,9999.000,9999.000
202603310918,   0.500,9999.000,9999.000,9999.000,9999.000,9999.000,9999.000,9999.000,9999.000
202603310924,   0.460,9999.000,9999.000,9999.000,9999.000,9999.000,9999.000,9999.000,9999.000
202603310930,   0.426,9999.000,9999.000,9999.000,9999.000,9999.000,9999.000,9999.000,9999.000
202603310936,   0.398,9999.000,9999.000,9999.000,9999.000,9999.000,9999.000,9999.000,9999.000
202603310942,   0.377,9999.000,9999.000,9999.000,9999.000,9999.000,9999.000,9999.000,9999.000
202603310948,   0.363,9999.000,9999.000,9999.000,9999.000,9999.000,9999.000,9999.000,9999.000
202603310954,   0.356,9999.000,9999.000,9999.000,9999.000,9999.000,9999.000,9999.000,9999.000
202603311000,   0.356,9999.000,   0.100,   0.279,   0.735,   0.100,   0.735,   0.200,   0.835
202603311006,   0.362,9999.000,9999.000,9999.000,9999.000,9999.000,9999.000,9999.000,9999.000
202603311012,   0.375,9999.000,9999.000,9999.000,9999.000,9999.000,9999.000,9999.000,9999.000
202603311018,   0.395,9999.000,9999.000,9999.000,9999.000,9999.000,9999.000,9999.000,9999.000
202603311024,   0.422,9999.000,9999.000,9999.000,9999.000,9999.000,9999.000,9999.000,9999.000
202603311030,   0.455,9999.000,9999.000,9999.000,9999.000,9999.000,9999.000,9999.000,9999.000
202603311036,   0.494,9999.000,9999.000,9999.000,9999.000,9999.000,9999.000,9999.000,9999.000
202603311042,   0.540,9999.000,9999.000,9999.000,9999.000,9999.000,9999.000,9999.000,9999.000
202603311048,   0.592,9999.000,9999.000,9999.000,9999.000,9999.000,9999.000,9999.000,9999.000
202603311054,   0.651,9999.000,9999.000,9999.000,9999.000,9999.000,9999.000,9999.000,9999.000
202603311100,   0.715,9999.000,   0.100,   0.279,   1.094,   0.100,   1.094,   0.200,   1.194
202603311106,   0.785,9999.000,9999.000,9999.000,9999.000,9999.000,9999.000,9999.000,9999.000
202603311112,   0.860,9999.000,9999.000,9999.000,9999.000,9999.000,9999.000,9999.000,9999.000
202603311118,   0.941,9999.000,9999.000,9999.000,9999.000,9999.000,9999.000,9999.000,9999.000
202603311124,   1.027,9999.000,9999.000,9999.000,9999.000,9999.000,9999.000,9999.000,9999.000
202603311130,   1.118,9999.000,9999.000,9999.000,9999.000,9999.000,9999.000,9999.000,9999.000
202603311136,   1.214,9999.000,9999.000,9999.000,9999.000,9999.000,9999.000,9999.000,9999.000
202603311142,   1.314,9999.000,9999.000,9999.000,9999.000,9999.000,9999.000,9999.000,9999.000
202603311148,   1.418,9999.000,9999.000,9999.000,9999.000,9999.000,9999.000,9999.000,9999.000
202603311154,   1.526,9999.000,9999.000,9999.000,9999.000,9999.000,9999.000,9999.000,9999.000
202603311200,   1.638,9999.000,   0.200,   0.279,   2.117,   0.100,   2.017,   0.200,   2.117
202603311206,   1.754,9999.000,9999.000,9999.000,9999.000,9999.000,9999.000,9999.000,9999.000
202603311212,   1.872,9999.000,9999.000,9999.000,9999.000,9999.000,9999.000,9999.000,9999.000
202603311218,   1.994,9999.000,9999.000,9999.000,9999.000,9999.000,9999.000,9999.000,9999.000
202603311224,   2.117,9999.000,9999.000,9999.000,9999.000,9999.000,9999.000,9999.000,9999.000
202603311230,   2.244,9999.000,9999.000,9999.000,9999.000,9999.000,9999.000,9999.000,9999.000
202603311236,   2.372,9999.000,9999.000,9999.000,9999.000,9999.000,9999.000,9999.000,9999.000
202603311242,   2.501,9999.000,9999.000,9999.000,9999.000,9999.000,9999.000,9999.000,9999.000
202603311248,   2.632,9999.000,9999.000,9999.000,9999.000,9999.000,9999.000,9999.000,9999.000
202603311254,   2.764,9999.000,9999.000,9999.000,9999.000,9999.000,9999.000,9999.000,9999.000
202603311300,   2.896,9999.000,   0.200,   0.279,   3.375,   0.100,   3.275,   0.200,   3.375
202603311306,   3.028,9999.000,9999.000,9999.000,9999.000,9999.000,9999.000,9999.000,9999.000
202603311312,   3.160,9999.000,9999.000,9999.000,9999.000,9999.000,9999.000,9999.000,9999.000
202603311318,   3.292,9999.000,9999.000,9999.000,9999.000,9999.000,9999.000,9999.000,9999.000
202603311324,   3.423,9999.000,9999.000,9999.000,9999.000,9999.000,9999.000,9999.000,9999.000
202603311330,   3.553,9999.000,9999.000,9999.000,9999.000,9999.000,9999.000,9999.000,9999.000
202603311336,   3.681,9999.000,9999.000,9999.000,9999.000,9999.000,9999.000,9999.000,9999.000
202603311342,   3.807,9999.000,9999.000,9999.000,9999.000,9999.000,9999.000,9999.000,9999.000
202603311348,   3.930,9999.000,9999.000,9999.000,9999.000,9999.000,9999.000,9999.000,9999.000
202603311354,   4.051,9999.000,9999.000,9999.000,9999.000,9999.000,9999.000,9999.000,9999.000
202603311400,   4.169,9999.000,   0.200,   0.279,   4.648,   0.100,   4.548,   0.200,   4.648
202603311406,   4.283,9999.000,9999.000,9999.000,9999.000,9999.000,9999.000,9999.000,9999.000
202603311412,   4.393,9999.000,9999.000,9999.000,9999.000,9999.000,9999.000,9999.000,9999.000
202603311418,   4.499,9999.000,9999.000,9999.000,9999.000,9999.000,9999.000,9999.000,9999.000
202603311424,   4.601,9999.000,9999.000,9999.000,9999.000,9999.000,9999.000,9999.000,9999.000
202603311430,   4.698,9999.000,9999.000,9999.000,9999.000,9999.000,9999.000,9999.000,9999.000
202603311436,   4.789,9999.000,9999.000,9999.000,9999.000,9999.000,9999.000,9999.000,9999.000
202603311442,   4.876,9999.000,9999.000,9999.000,9999.000,9999.000,9999.000,9999.000,9999.000
202603311448,   4.956,9999.000,9999.000,9999.000,9999.000,9999.000,9999.000,9999.000,9999.000
202603311454,   5.031,9999.000,9999.000,9999.000,9999.000,9999.000,9999.000,9999.000,9999.000
202603311500,   5.099,9999.000,   0.200,   0.279,   5.578,   0.100,   5.478,   0.200,   5.578
202603311506,   5.161,9999.000,9999.000,9999.000,9999.000,9999.000,9999.000,9999.000,9999.000
202603311512,   5.216,9999.000,9999.000,9999.000,9999.000,9999.000,9999.000,9999.000,9999.000
202603311518,   5.264,9999.000,9999.000,9999.000,9999.000,9999.000,9999.000,9999.000,9999.000
202603311524,   5.306,9999.000,9999.000,9999.000,9999.000,9999.000,9999.000,9999.000,9999.000
202603311530,   5.340,9999.000,9999.000,9999.000,9999.000,9999.000,9999.000,9999.000,9999.000
202603311536,   5.367,9999.000,9999.000,9999.000,9999.000,9999.000,9999.000,9999.000,9999.000
202603311542,   5.387,9999.000,9999.000,9999.000,9999.000,9999.000,9999.000,9999.000,9999.000
202603311548,   5.399,9999.000,9999.000,9999.000,9999.000,9999.000,9999.000,9999.000,9999.000
202603311554,   5.404,9999.000,9999.000,9999.000,9999.000,9999.000,9999.000,9999.000,9999.000
202603311600,   5.402,9999.000,   0.100,   0.279,   5.781,   0.100,   5.781,   0.200,   5.881
202603311606,   5.393,9999.000,9999.000,9999.000,9999.000,9999.000,9999.000,9999.000,9999.000
202603311612,   5.376,9999.000,9999.000,9999.000,9999.000,9999.000,9999.000,9999.000,9999.000
202603311618,   5.352,9999.000,9999.000,9999.000,9999.000,9999.000,9999.000,9999.000,9999.000
202603311624,   5.320,9999.000,9999.000,9999.000,9999.000,9999.000,9999.000,9999.000,9999.000
202603311630,   5.282,9999.000,9999.000,9999.000,9999.000,9999.000,9999.000,9999.000,9999.000
202603311636,   5.237,9999.000,9999.000,9999.000,9999.000,9999.000,9999.000,9999.000,9999.000
202603311642,   5.185,9999.000,9999.000,9999.000,9999.000,9999.000,9999.000,9999.000,9999.000
202603311648,   5.127,9999.000,9999.000,9999.000,9999.000,9999.000,9999.000,9999.000,9999.000
202603311654,   5.063,9999.000,9999.000,9999.000,9999.000,9999.000,9999.000,9999.000,9999.000
202603311700,   4.992,9999.000,   0.100,   0.279,   5.371,   0.100,   5.371,   0.200,   5.471
202603311706,   4.915,9999.000,9999.000,9999.000,9999.000,9999.000,9999.000,9999.000,9999.000
202603311712,   4.833,9999.000,9999.000,9999.000,9999.000,9999.000,9999.000,9999.000,9999.000
202603311718,   4.745,9999.000,9999.000,9999.000,9999.000,9999.000,9999.000,9999.000,9999.000
202603311724,   4.652,9999.000,9999.000,9999.000,9999.000,9999.000,9999.000,9999.000,9999.000
202603311730,   4.554,9999.000,9999.000,9999.000,9999.000,9999.000,9999.000,9999.000,9999.000
202603311736,   4.451,9999.000,9999.000,9999.000,9999.000,9999.000,9999.000,9999.000,9999.000
202603311742,   4.344,9999.000,9999.000,9999.000,9999.000,9999.000,9999.000,9999.000,9999.000
202603311748,   4.232,9999.000,9999.000,9999.000,9999.000,9999.000,9999.000,9999.000,9999.000
202603311754,   4.117,9999.000,9999.000,9999.000,9999.000,9999.000,9999.000,9999.000,9999.000
202603311800,   3.999,9999.000,   0.100,   0.279,   4.378,   0.100,   4.378,   0.200,   4.478
202603311806,   3.877,9999.000,9999.000,9999.000,9999.000,9999.000,9999.000,9999.000,9999.000
202603311812,   3.752,9999.000,9999.000,9999.000,9999.000,9999.000,9999.000,9999.000,9999.000
202603311818,   3.624,9999.000,9999.000,9999.000,9999.000,9999.000,9999.000,9999.000,9999.000
202603311824,   3.494,9999.000,9999.000,9999.000,9999.000,9999.000,9999.000,9999.000,9999.000
202603311830,   3.362,9999.000,9999.000,9999.000,9999.000,9999.000,9999.000,9999.000,9999.000
202603311836,   3.228,9999.000,9999.000,9999.000,9999.000,9999.000,9999.000,9999.000,9999.000
202603311842,   3.092,9999.000,9999.000,9999.000,9999.000,9999.000,9999.000,9999.000,9999.000
202603311848,   2.955,9999.000,9999.000,9999.000,9999.000,9999.000,9999.000,9999.000,9999.000
202603311854,   2.818,9999.000,9999.000,9999.000,9999.000,9999.000,9999.000,9999.000,9999.000
202603311900,   2.680,9999.000,   0.100,   0.279,   3.059,   0.100,   3.059,   0.200,   3.159
202603311906,   2.542,9999.000,9999.000,9999.000,9999.000,9999.000,9999.000,9999.000,9999.000
202603311912,   2.403,9999.000,9999.000,9999.000,9999.000,9999.000,9999.000,9999.000,9999.000
202603311918,   2.265,9999.000,9999.000,9999.000,9999.000,9999.000,9999.000,9999.000,9999.000
202603311924,   2.128,9999.000,9999.000,9999.000,9999.000,9999.000,9999.000,9999.000,9999.000
202603311930,   1.992,9999.000,9999.000,9999.000,9999.000,9999.000,9999.000,9999.000,9999.000
202603311936,   1.857,9999.000,9999.000,9999.000,9999.000,9999.000,9999.000,9999.000,9999.000
202603311942,   1.724,9999.000,9999.000,9999.000,9999.000,9999.000,9999.000,9999.000,9999.000
202603311948,   1.593,9999.000,9999.000,9999.000,9999.000,9999.000,9999.000,9999.000,9999.000
202603311954,   1.465,9999.000,9999.000,9999.000,9999.000,9999.000,9999.000,9999.000,9999.000
202603312000,   1.339,9999.000,   0.100,   0.279,   1.718,   0.100,   1.718,   0.200,   1.818
202603312006,   1.215,9999.000,9999.000,9999.000,9999.000,9999.000,9999.000,9999.000,9999.000
202603312012,   1.096,9999.000,9999.000,9999.000,9999.000,9999.000,9999.000,9999.000,9999.000
202603312018,   0.980,9999.000,9999.000,9999.000,9999.000,9999.000,9999.000,9999.000,9999.000
202603312024,   0.867,9999.000,9999.000,9999.000,9999.000,9999.000,9999.000,9999.000,9999.000
202603312030,   0.759,9999.000,9999.000,9999.000,9999.000,9999.000,9999.000,9999.000,9999.000
202603312036,   0.656,9999.000,9999.000,9999.000,9999.000,9999.000,9999.000,9999.000,9999.000
202603312042,   0.557,9999.000,9999.000,9999.000,9999.000,9999.000,9999.000,9999.000,9999.000
202603312048,   0.464,9999.000,9999.000,9999.000,9999.000,9999.000,9999.000,9999.000,9999.000
202603312054,   0.376,9999.000,9999.000,9999.000,9999.000,9999.000,9999.000,9999.000,9999.000
202603312100,   0.293,9999.000,   0.100,   0.279,   0.672,   0.100,   0.672,   0.200,   0.772
202603312106,   0.217,9999.000,9999.000,9999.000,9999.000,9999.000,9999.000,9999.000,9999.000
202603312112,   0.146,9999.000,9999.000,9999.000,9999.000,9999.000,9999.000,9999.000,9999.000
202603312118,   0.082,9999.000,9999.000,9999.000,9999.000,9999.000,9999.000,9999.000,9999.000
202603312124,   0.024,9999.000,9999.000,9999.000,9999.000,9999.000,9999.000,9999.000,9999.000
202603312130,  -0.026,9999.000,9999.000,9999.000,9999.000,9999.000,9999.000,9999.000,9999.000
202603312136,  -0.070,9999.000,9999.000,9999.000,9999.000,9999.000,9999.000,9999.000,9999.000
202603312142,  -0.107,9999.000,9999.000,9999.000,9999.000,9999.000,9999.000,9999.000,9999.000
202603312148,  -0.137,9999.000,9999.000,9999.000,9999.000,9999.000,9999.000,9999.000,9999.000
202603312154,  -0.160,9999.000,9999.000,9999.000,9999.000,9999.000,9999.000,9999.000,9999.000
202603312200,  -0.176,9999.000,   0.100,   0.279,   0.203,   0.100,   0.203,   0.200,   0.303
202603312206,  -0.185,9999.000,9999.000,9999.000,9999.000,9999.000,9999.000,9999.000,9999.000
202603312212,  -0.186,9999.000,9999.000,9999.000,9999.000,9999.000,9999.000,9999.000,9999.000
202603312218,  -0.180,9999.000,9999.000,9999.000,9999.000,9999.000,9999.000,9999.000,9999.000
202603312224,  -0.167,9999.000,9999.000,9999.000,9999.000,9999.000,9999.000,9999.000,9999.000
202603312230,  -0.146,9999.000,9999.000,9999.000,9999.000,9999.000,9999.000,9999.000,9999.000
202603312236,  -0.118,9999.000,9999.000,9999.000,9999.000,9999.000,9999.000,9999.000,9999.000
202603312242,  -0.084,9999.000,9999.000,9999.000,9999.000,9999.000,9999.000,9999.000,9999.000
202603312248,  -0.042,9999.000,9999.000,9999.000,9999.000,9999.000,9999.000,9999.000,9999.000
202603312254,   0.006,9999.000,9999.000,9999.000,9999.000,9999.000,9999.000,9999.000,9999.000
202603312300,   0.061,9999.000,   0.200,   0.279,   0.540,   0.100,   0.440,   0.200,   0.540
202603312306,   0.123,9999.000,9999.000,9999.000,9999.000,9999.000,9999.000,9999.000,9999.000
202603312312,   0.191,9999.000,9999.000,9999.000,9999.000,9999.000,9999.000,9999.000,9999.000
202603312318,   0.266,9999.000,9999.000,9999.000,9999.000,9999.000,9999.000,9999.000,9999.000
202603312324,   0.346,9999.000,9999.000,9999.000,9999.000,9999.000,9999.000,9999.000,9999.000
202603312330,   0.432,9999.000,9999.000,9999.000,9999.000,9999.000,9999.000,9999.000,9999.000
202603312336,   0.524,9999.000,9999.000,9999.000,9999.000,9999.000,9999.000,9999.000,9999.000
202603312342,   0.622,9999.000,9999.000,9999.000,9999.000,9999.000,9999.000,9999.000,9999.000
202603312348,   0.724,9999.000,9999.000,9999.000,9999.000,9999.000,9999.000,9999.000,9999.000
202603312354,   0.831,9999.000,9999.000,9999.000,9999.000,9999.000,9999.000,9999.000,9999.000
202604010000,   0.943,9999.000,   0.200,   0.279,   1.422,   0.100,   1.322,   0.200,   1.422
202604010006,   1.059,9999.000,9999.000,9999.000,9999.000,9999.000,9999.000,9999.000,9999.000
202604010012,   1.179,9999.000,9999.000,9999.000,9999.000,9999.000,9999.000,9999.000,9999.000
202604010018,   1.303,9999.000,9999.000,9999.000,9999.000,9999.000,9999.000,9999.000,9999.000
202604010024,   1.431,9999.000,9999.000,9999.000,9999.000,9999.000,9999.000,9999.000,9999.000
202604010030,   1.561,9999.000,9999.000,9999.000,9999.000,9999.000,9999.000,9999.000,9999.000
202604010036,   1.695,9999.000,9999.000,9999.000,9999.000,9999.000,9999.000,9999.000,9999.000
202604010042,   1.831,9999.000,9999.000,9999.000,9999.000,9999.000,9999.000,9999.000,9999.000
202604010048,   1.970,9999.000,9999.000,9999.000,9999.000,9999.000,9999.000,9999.000,9999.000
202604010054,   2.110,9999.000,9999.000,9999.000,9999.000,9999.000,9999.000,9999.000,9999.000
202604010100,   2.252,9999.000,   0.200,   0.279,   2.731,   0.100,   2.631,   0.200,   2.731
202604010106,   2.395,9999.000,9999.000,9999.000,9999.000,9999.000,9999.000,9999.000,9999.000
202604010112,   2.539,9999.000,9999.000,9999.000,9999.000,9999.000,9999.000,9999.000,9999.000
202604010118,   2.684,9999.000,9999.000,9999.000,9999.000,9999.000,9999.000,9999.000,9999.000
202604010124,   2.829,9999.000,9999.000,9999.000,9999.000,9999.000,9999.000,9999.000,9999.000
202604010130,   2.974,9999.000,9999.000,9999.000,9999.000,9999.000,9999.000,9999.000,9999.000
202604010136,   3.119,9999.000,9999.000,9999.000,9999.000,9999.000,9999.000,9999.000,9999.000
202604010142,   3.262,9999.000,9999.000,9999.000,9999.000,9999.000,9999.000,9999.000,9999.000
202604010148,   3.405,9999.000,9999.000,9999.000,9999.000,9999.000,9999.000,9999.000,9999.000
202604010154,   3.546,9999.000,9999.000,9999.000,9999.000,9999.000,9999.000,9999.000,9999.000
202604010200,   3.684,9999.000,   0.200,   0.279,   4.163,   0.100,   4.063,   0.200,   4.163
202604010206,   3.821,9999.000,9999.000,9999.000,9999.000,9999.000,9999.000,9999.000,9999.000
202604010212,   3.955,9999.000,9999.000,9999.000,9999.000,9999.000,9999.000,9999.000,9999.000
202604010218,   4.085,9999.000,9999.000,9999.000,9999.000,9999.000,9999.000,9999.000,9999.000
202604010224,   4.213,9999.000,9999.000,9999.000,9999.000,9999.000,9999.000,9999.000,9999.000
202604010230,   4.336,9999.000,9999.000,9999.000,9999.000,9999.000,9999.000,9999.000,9999.000
202604010236,   4.455,9999.000,9999.000,9999.000,9999.000,9999.000,9999.000,9999.000,9999.000
202604010242,   4.570,9999.000,9999.000,9999.000,9999.000,9999.000,9999.000,9999.000,9999.000
202604010248,   4.680,9999.000,9999.000,9999.000,9999.000,9999.000,9999.000,9999.000,9999.000
202604010254,   4.784,9999.000,9999.000,9999.000,9999.000,9999.000,9999.000,9999.000,9999.000
202604010300,   4.884,9999.000,   0.200,   0.279,   5.363,   0.100,   5.263,   0.200,   5.363
202604010306,   4.977,9999.000,9999.000,9999.000,9999.000,9999.000,9999.000,9999.000,9999.000
202604010312,   5.064,9999.000,9999.000,9999.000,9999.000,9999.000,9999.000,9999.000,9999.000
202604010318,   5.145,9999.000,9999.000,9999.000,9999.000,9999.000,9999.000,9999.000,9999.000
202604010324,   5.219,9999.000,9999.000,9999.000,9999.000,9999.000,9999.000,9999.000,9999.000
202604010330,   5.287,9999.000,9999.000,9999.000,9999.000,9999.000,9999.000,9999.000,9999.000
202604010336,   5.347,9999.000,9999.000,9999.000,9999.000,9999.000,9999.000,9999.000,9999.000
202604010342,   5.400,9999.000,9999.000,9999.000,9999.000,9999.000,9999.000,9999.000,9999.000
202604010348,   5.446,9999.000,9999.000,9999.000,9999.000,9999.000,9999.000,9999.000,9999.000
202604010354,   5.485,9999.000,9999.000,9999.000,9999.000,9999.000,9999.000,9999.000,9999.000
202604010400,   5.516,9999.000,   0.200,   0.279,   5.995,   0.100,   5.895,   0.200,   5.995
202604010406,   5.539,9999.000,9999.000,9999.000,9999.000,9999.000,9999.000,9999.000,9999.000
202604010412,   5.555,9999.000,9999.000,9999.000,9999.000,9999.000,9999.000,9999.000,9999.000
202604010418,   5.563,9999.000,9999.000,9999.000,9999.000,9999.000,9999.000,9999.000,9999.000
202604010424,   5.563,9999.000,9999.000,9999.000,9999.000,9999.000,9999.000,9999.000,9999.000
202604010430,   5.556,9999.000,9999.000,9999.000,9999.000,9999.000,9999.000,9999.000,9999.000
202604010436,   5.541,9999.000,9999.000,9999.000,9999.000,9999.000,9999.000,9999.000,9999.000
202604010442,   5.519,9999.000,9999.000,9999.000,9999.000,9999.000,9999.000,9999.000,9999.000
202604010448,   5.490,9999.000,9999.000,9999.000,9999.000,9999.000,9999.000,9999.000,9999.000
202604010454,   5.453,9999.000,9999.000,9999.000,9999.000,9999.000,9999.000,9999.000,9999.000
202604010500,   5.409,9999.000,   0.200,   0.279,   5.888,   0.100,   5.788,   0.200,   5.888
202604010506,   5.358,9999.000,9999.000,9999.000,9999.000,9999.000,9999.000,9999.000,9999.000
202604010512,   5.301,9999.000,9999.000,9999.000,9999.000,9999.000,9999.000,9999.000,9999.000
202604010518,   5.237,9999.000,9999.000,9999.000,9999.000,9999.000,9999.000,9999.000,9999.000
202604010524,   5.167,9999.000,9999.000,9999.000,9999.000,9999.000,9999.000,9999.000,9999.000
202604010530,   5.091,9999.000,9999.000,9999.000,9999.000,9999.000,9999.000,9999.000,9999.000
202604010536,   5.009,9999.000,9999.000,9999.000,9999.000,9999.000,9999.000,9999.000,9999.000
202604010542,   4.921,9999.000,9999.000,9999.000,9999.000,9999.000,9999.000,9999.000,9999.000
202604010548,   4.829,9999.000,9999.000,9999.000,9999.000,9999.000,9999.000,9999.000,9999.000
202604010554,   4.731,9999.000,9999.000,9999.000,9999.000,9999.000,9999.000,9999.000,9999.000
202604010600,   4.629,9999.000,   0.100,   0.279,   5.008,   0.100,   5.008,   0.200,   5.108
202604010606,   4.522,9999.000,9999.000,9999.000,9999.000,9999.000,9999.000,9999.000,9999.000
202604010612,   4.411,9999.000,9999.000,9999.000,9999.000,9999.000,9999.000,9999.000,9999.000
202604010618,   4.296,9999.000,9999.000,9999.000,9999.000,9999.000,9999.000,9999.000,9999.000
202604010624,   4.178,9999.000,9999.000,9999.000,9999.000,9999.000,9999.000,9999.000,9999.000
202604010630,   4.056,9999.000,9999.000,9999.000,9999.000,9999.000,9999.000,9999.000,9999.000
202604010636,   3.931,9999.000,9999.000,9999.000,9999.000,9999.000,9999.000,9999.000,9999.000
202604010642,   3.804,9999.000,9999.000,9999.000,9999.000,9999.000,9999.000,9999.000,9999.000
202604010648,   3.674,9999.000,9999.000,9999.000,9999.000,9999.000,9999.000,9999.000,9999.000
202604010654,   3.543,9999.000,9999.000,9999.000,9999.000,9999.000,9999.000,9999.000,9999.000
202604010700,   3.409,9999.000,   0.100,   0.279,   3.788,   0.100,   3.788,   0.200,   3.888
202604010706,   3.274,9999.000,9999.000,9999.000,9999.000,9999.000,9999.000,9999.000,9999.000
202604010712,   3.138,9999.000,9999.000,9999.000,9999.000,9999.000,9999.000,9999.000,9999.000
202604010718,   3.001,9999.000,9999.000,9999.000,9999.000,9999.000,9999.000,9999.000,9999.000
202604010724,   2.864,9999.000,9999.000,9999.000,9999.000,9999.000,9999.000,9999.000,9999.000
202604010730,   2.726,9999.000,9999.000,9999.000,9999.000,9999.000,9999.000,9999.000,9999.000
202604010736,   2.588,9999.000,9999.000,9999.000,9999.000,9999.000,9999.000,9999.000,9999.000
202604010742,   2.451,9999.000,9999.000,9999.000,9999.000,9999.000,9999.000,9999.000,9999.000
202604010748,   2.315,9999.000,9999.000,9999.000,9999.000,9999.000,9999.000,9999.000,9999.000
202604010754,   2.179,9999.000,9999.000,9999.000,9999.000,9999.000,9999.000,9999.000,9999.000
202604010800,   2.045,9999.000,   0.100,   0.279,   2.424,   0.100,   2.424,   0.200,   2.524
202604010806,   1.913,9999.000,9999.000,9999.000,9999.000,9999.000,9999.000,9999.000,9999.000
202604010812,   1.782,9999.000,9999.000,9999.000,9999.000,9999.000,9999.000,9999.000,9999.000
202604010818,   1.654,9999.000,9999.000,9999.000,9999.000,9999.000,9999.000,9999.000,9999.000
202604010824,   1.529,9999.000,9999.000,9999.000,9999.000,9999.000,9999.000,9999.000,9999.000
202604010830,   1.406,9999.000,9999.000,9999.000,9999.000,9999.000,9999.000,9999.000,9999.000
202604010836,   1.287,9999.000,9999.000,9999.000,9999.000,9999.000,9999.000,9999.000,9999.000
202604010842,   1.172,9999.000,9999.000,9999.000,9999.000,9999.000,9999.000,9999.000,9999.000
202604010848,   1.061,9999.000,9999.000,9999.000,9999.000,9999.000,9999.000,9999.000,9999.000
202604010854,   0.953,9999.000,9999.000,9999.000,9999.000,9999.000,9999.000,9999.000,9999.000
202604010900,   0.851,9999.000,   0.100,   0.279,   1.230,   0.100,   1.230,   0.200,   1.330
202604010906,   0.753,9999.000,9999.000,9999.000,9999.000,9999.000,9999.000,9999.000,9999.000
202604010912,   0.660,9999.000,9999.000,9999.000,9999.000,9999.000,9999.000,9999.000,9999.000
202604010918,   0.573,9999.000,9999.000,9999.000,9999.000,9999.000,9999.000,9999.000,9999.000
202604010924,   0.491,9999.000,9999.000,9999.000,9999.000,9999.000,9999.000,9999.000,9999.000
202604010930,   0.416,9999.000,9999.000,9999.000,9999.000,9999.000,9999.000,9999.000,9999.000
202604010936,   0.346,9999.000,9999.000,9999.000,9999.000,9999.000,9999.000,9999.000,9999.000
202604010942,   0.283,9999.000,9999.000,9999.000,9999.000,9999.000,9999.000,9999.000,9999.000
202604010948,   0.226,9999.000,9999.000,9999.000,9999.000,9999.000,9999.000,9999.000,9999.000
202604010954,   0.176,9999.000,9999.000,9999.000,9999.000,9999.000,9999.000,9999.000,9999.000
202604011000,   0.132,9999.000,   0.100,   0.279,   0.511,   0.100,   0.511,   0.200,   0.611
202604011006,   0.096,9999.000,9999.000,9999.000,9999.000,9999.000,9999.000,9999.000,9999.000
202604011012,   0.066,9999.000,9999.000,9999.000,9999.000,9999.000,9999.000,9999.000,9999.000
202604011018,   0.044,9999.000,9999.000,9999.000,9999.000,9999.000,9999.000,9999.000,9999.000
202604011024,   0.029,9999.000,9999.000,9999.000,9999.000,9999.000,9999.000,9999.000,9999.000
202604011030,   0.021,9999.000,9999.000,9999.000,9999.000,9999.000,9999.000,9999.000,9999.000
202604011036,   0.020,9999.000,9999.000,9999.000,9999.000,9999.000,9999.000,9999.000,9999.000
202604011042,   0.026,9999.000,9999.000,9999.000,9999.000,9999.000,9999.000,9999.000,9999.000
202604011048,   0.039,9999.000,9999.000,9999.000,9999.000,9999.000,9999.000,9999.000,9999.000
202604011054,   0.060,9999.000,9999.000,9999.000,9999.000,9999.000,9999.000,9999.000,9999.000
202604011100,   0.087,9999.000,   0.100,   0.279,   0.466,   0.100,   0.466,   0.200,   0.566
202604011106,   0.121,9999.000,9999.000,9999.000,9999.000,9999.000,9999.000,9999.000,9999.000
202604011112,   0.162,9999.000,9999.000,9999.000,9999.000,9999.000,9999.000,9999.000,9999.000
202604011118,   0.209,9999.000,9999.000,9999.000,9999.000,9999.000,9999.000,9999.000,9999.000
202604011124,   0.263,9999.000,9999.000,9999.000,9999.000,9999.000,9999.000,9999.000,9999.000
202604011130,   0.323,9999.000,9999.000,9999.000,9999.000,9999.000,9999.000,9999.000,9999.000
202604011136,   0.389,9999.000,9999.000,9999.000,9999.000,9999.000,9999.000,9999.000,9999.000
202604011142,   0.461,9999.000,9999.000,9999.000,9999.000,9999.000,9999.000,9999.000,9999.000
202604011148,   0.538,9999.000,9999.000,9999.000,9999.000,9999.000,9999.000,9999.000,9999.000
202604011154,   0.621,9999.000,9999.000,9999.000,9999.000,9999.000,9999.000,9999.000,9999.000
202604011200,   0.709,9999.000,   0.100,   0.279,   1.088,   0.100,   1.088,   0.200,   1.188
