        TIME,    TIDE,      OB,   SURGE,    BIAS,     TWL,SURGE90p,  TWL90p,SURGE10p,   TWL10p
202604301200,   0.008,   1.049,   0.300,   0.741,   1.049,   0.300,   1.049,   0.300,   1.049
202604301206,  -0.060,9999.000,9999.000,9999.000,9999.000,9999.000,9999.000,9999.000,9999.000
202604301212,  -0.121,   0.770,9999.000,9999.000,9999.000,9999.000,9999.000,9999.000,9999.000
202604301218,  -0.174,9999.000,9999.000,9999.000,9999.000,9999.000,9999.000,9999.000,9999.000
202604301224,  -0.218,   0.688,9999.000,9999.000,9999.000,9999.000,9999.000,9999.000,9999.000
202604301230,  -0.254,9999.000,9999.000,9999.000,9999.000,9999.000,9999.000,9999.000,9999.000
202604301236,  -0.282,   0.570,9999.000,9999.000,9999.000,9999.000,9999.000,9999.000,9999.000
202604301242,  -0.302,9999.000,9999.000,9999.000,9999.000,9999.000,9999.000,9999.000,9999.000
202604301248,  -0.313,   0.498,9999.000,9999.000,9999.000,9999.000,9999.000,9999.000,9999.000
202604301254,  -0.317,9999.000,9999.000,9999.000,9999.000,9999.000,9999.000,9999.000,9999.000
202604301300,  -0.312,   0.469,   0.300,   0.481,   0.469,   0.300,   0.469,   0.300,   0.469
202604301306,  -0.300,   0.498,9999.000,9999.000,9999.000,9999.000,9999.000,9999.000,9999.000
202604301312,  -0.279,   0.541,9999.000,9999.000,9999.000,9999.000,9999.000,9999.000,9999.000
202604301318,  -0.252,   0.560,9999.000,9999.000,9999.000,9999.000,9999.000,9999.000,9999.000
202604301324,  -0.217,   0.518,9999.000,9999.000,9999.000,9999.000,9999.000,9999.000,9999.000
202604301330,  -0.175,   0.580,9999.000,9999.000,9999.000,9999.000,9999.000,9999.000,9999.000
202604301336,  -0.126,   0.590,9999.000,9999.000,9999.000,9999.000,9999.000,9999.000,9999.000
202604301342,  -0.070,   0.678,9999.000,9999.000,9999.000,9999.000,9999.000,9999.000,9999.000
202604301348,  -0.008,   0.760,9999.000,9999.000,9999.000,9999.000,9999.000,9999.000,9999.000
202604301354,   0.059,   0.819,9999.000,9999.000,9999.000,9999.000,9999.000,9999.000,9999.000
202604301400,   0.133,   0.898,   0.300,   0.465,   0.898,   0.300,   0.898,   0.300,   0.898
202604301406,   0.212,   0.990,9999.000,9999.000,9999.000,9999.000,9999.000,9999.000,9999.000
202604301412,   0.297,   1.098,9999.000,9999.000,9999.000,9999.000,9999.000,9999.000,9999.000
202604301418,   0.387,   1.180,9999.000,9999.000,9999.000,9999.000,9999.000,9999.000,9999.000
202604301424,   0.481,   1.269,9999.000,9999.000,9999.000,9999.000,9999.000,9999.000,9999.000
202604301430,   0.581,   1.318,9999.000,9999.000,9999.000,9999.000,9999.000,9999.000,9999.000
202604301436,   0.684,   1.439,9999.000,9999.000,9999.000,9999.000,9999.000,9999.000,9999.000
202604301442,   0.791,   1.557,9999.000,9999.000,9999.000,9999.000,9999.000,9999.000,9999.000
202604301448,   0.902,   1.639,9999.000,9999.000,9999.000,9999.000,9999.000,9999.000,9999.000
202604301454,   1.016,   1.790,9999.000,9999.000,9999.000,9999.000,9999.000,9999.000,9999.000
202604301500,   1.133,   1.879,   0.300,   0.446,   1.879,   0.300,   1.879,   0.300,   1.879
202604301506,   1.254,   1.990,9999.000,9999.000,9999.000,9999.000,9999.000,9999.000,9999.000
202604301512,   1.376,   2.109,9999.000,9999.000,9999.000,9999.000,9999.000,9999.000,9999.000
202604301518,   1.502,   2.240,9999.000,9999.000,9999.000,9999.000,9999.000,9999.000,9999.000
202604301524,   1.629,   2.377,9999.000,9999.000,9999.000,9999.000,9999.000,9999.000,9999.000
202604301530,   1.758,   2.519,9999.000,9999.000,9999.000,9999.000,9999.000,9999.000,9999.000
202604301536,   1.888,   2.669,9999.000,9999.000,9999.000,9999.000,9999.000,9999.000,9999.000
202604301542,   2.020,   2.820,9999.000,9999.000,9999.000,9999.000,9999.000,9999.000,9999.000
202604301548,   2.153,   2.899,9999.000,9999.000,9999.000,9999.000,9999.000,9999.000,9999.000
202604301554,   2.286,   2.978,9999.000,9999.000,9999.000,9999.000,9999.000,9999.000,9999.000
202604301600,   2.420,   3.119,   0.300,   0.399,   3.119,   0.300,   3.119,   0.300,   3.119
202604301606,   2.554,   3.260,9999.000,9999.000,9999.000,9999.000,9999.000,9999.000,9999.000
202604301612,   2.688,   3.407,9999.000,9999.000,9999.000,9999.000,9999.000,9999.000,9999.000
202604301618,   2.822,   3.539,9999.000,9999.000,9999.000,9999.000,9999.000,9999.000,9999.000
202604301624,   2.955,   3.627,9999.000,9999.000,9999.000,9999.000,9999.000,9999.000,9999.000
202604301630,   3.086,   3.768,9999.000,9999.000,9999.000,9999.000,9999.000,9999.000,9999.000
202604301636,   3.217,   3.909,9999.000,9999.000,9999.000,9999.000,9999.000,9999.000,9999.000
202604301642,   3.345,   3.978,9999.000,9999.000,9999.000,9999.000,9999.000,9999.000,9999.000
202604301648,   3.472,   4.080,9999.000,9999.000,9999.000,9999.000,9999.000,9999.000,9999.000
202604301654,   3.596,   4.188,9999.000,9999.000,9999.000,9999.000,9999.000,9999.000,9999.000
202604301700,   3.718,   4.368,   0.300,   0.350,   4.368,   0.300,   4.368,   0.300,   4.368
202604301706,   3.837,   4.519,9999.000,9999.000,9999.000,9999.000,9999.000,9999.000,9999.000
202604301712,   3.953,   4.628,9999.000,9999.000,9999.000,9999.000,9999.000,9999.000,9999.000
202604301718,   4.065,   4.729,9999.000,9999.000,9999.000,9999.000,9999.000,9999.000,9999.000
202604301724,   4.174,   4.847,9999.000,9999.000,9999.000,9999.000,9999.000,9999.000,9999.000
202604301730,   4.279,   4.959,9999.000,9999.000,9999.000,9999.000,9999.000,9999.000,9999.000
202604301736,   4.379,   5.057,9999.000,9999.000,9999.000,9999.000,9999.000,9999.000,9999.000
202604301742,   4.475,   5.120,9999.000,9999.000,9999.000,9999.000,9999.000,9999.000,9999.000
202604301748,   4.566,   5.198,9999.000,9999.000,9999.000,9999.000,9999.000,9999.000,9999.000
202604301754,   4.652,   5.257,9999.000,9999.000,9999.000,9999.000,9999.000,9999.000,9999.000
202604301800,   4.733,   5.307,   0.200,   0.374,   5.307,   0.200,   5.307,   0.200,   5.307
202604301806,   4.809,   5.438,9999.000,9999.000,9999.000,9999.000,9999.000,9999.000,9999.000
202604301812,   4.879,   5.487,9999.000,9999.000,9999.000,9999.000,9999.000,9999.000,9999.000
202604301818,   4.943,   5.589,9999.000,9999.000,9999.000,9999.000,9999.000,9999.000,9999.000
202604301824,   5.002,   5.657,9999.000,9999.000,9999.000,9999.000,9999.000,9999.000,9999.000
202604301830,   5.054,   5.707,9999.000,9999.000,9999.000,9999.000,9999.000,9999.000,9999.000
202604301836,   5.101,   5.769,9999.000,9999.000,9999.000,9999.000,9999.000,9999.000,9999.000
202604301842,   5.142,   5.828,9999.000,9999.000,9999.000,9999.000,9999.000,9999.000,9999.000
202604301848,   5.176,   5.799,9999.000,9999.000,9999.000,9999.000,9999.000,9999.000,9999.000
202604301854,   5.205,   5.887,9999.000,9999.000,9999.000,9999.000,9999.000,9999.000,9999.000
202604301900,   5.227,   5.940,   0.200,   0.513,   5.940,   0.200,   5.940,   0.200,   5.940
202604301906,   5.244,   5.926,9999.000,9999.000,9999.000,9999.000,9999.000,9999.000,9999.000
202604301912,   5.254,   5.959,9999.000,9999.000,9999.000,9999.000,9999.000,9999.000,9999.000
202604301918,   5.258,   5.999,9999.000,9999.000,9999.000,9999.000,9999.000,9999.000,9999.000
202604301924,   5.257,   5.999,9999.000,9999.000,9999.000,9999.000,9999.000,9999.000,9999.000
202604301930,   5.250,   6.028,9999.000,9999.000,9999.000,9999.000,9999.000,9999.000,9999.000
202604301936,   5.237,   6.028,9999.000,9999.000,9999.000,9999.000,9999.000,9999.000,9999.000
202604301942,   5.218,   5.979,9999.000,9999.000,9999.000,9999.000,9999.000,9999.000,9999.000
202604301948,   5.194,   5.917,9999.000,9999.000,9999.000,9999.000,9999.000,9999.000,9999.000
202604301954,   5.165,   5.897,9999.000,9999.000,9999.000,9999.000,9999.000,9999.000,9999.000
202604302000,   5.130,   5.848,   0.200,   0.518,   5.848,   0.200,   5.848,   0.200,   5.848
202604302006,   5.090,   5.828,9999.000,9999.000,9999.000,9999.000,9999.000,9999.000,9999.000
202604302012,   5.046,   5.789,9999.000,9999.000,9999.000,9999.000,9999.000,9999.000,9999.000
202604302018,   4.997,   5.799,9999.000,9999.000,9999.000,9999.000,9999.000,9999.000,9999.000
202604302024,   4.943,   5.749,9999.000,9999.000,9999.000,9999.000,9999.000,9999.000,9999.000
202604302030,   4.885,   5.687,9999.000,9999.000,9999.000,9999.000,9999.000,9999.000,9999.000
202604302036,   4.823,   5.648,9999.000,9999.000,9999.000,9999.000,9999.000,9999.000,9999.000
202604302042,   4.757,   5.608,9999.000,9999.000,9999.000,9999.000,9999.000,9999.000,9999.000
202604302048,   4.687,   5.457,9999.000,9999.000,9999.000,9999.000,9999.000,9999.000,9999.000
202604302054,   4.613,   5.287,9999.000,9999.000,9999.000,9999.000,9999.000,9999.000,9999.000
202604302100,   4.536,   5.228,   0.200,   0.492,   5.228,   0.200,   5.228,   0.300,   5.328
202604302106,   4.456,   5.139,9999.000,9999.000,9999.000,9999.000,9999.000,9999.000,9999.000
202604302112,   4.374,   5.169,9999.000,9999.000,9999.000,9999.000,9999.000,9999.000,9999.000
202604302118,   4.288,   5.149,9999.000,9999.000,9999.000,9999.000,9999.000,9999.000,9999.000
202604302124,   4.200,   5.038,9999.000,9999.000,9999.000,9999.000,9999.000,9999.000,9999.000
202604302130,   4.110,   4.919,9999.000,9999.000,9999.000,9999.000,9999.000,9999.000,9999.000
202604302136,   4.018,   4.769,9999.000,9999.000,9999.000,9999.000,9999.000,9999.000,9999.000
202604302142,   3.924,   4.667,9999.000,9999.000,9999.000,9999.000,9999.000,9999.000,9999.000
202604302148,   3.829,   4.549,9999.000,9999.000,9999.000,9999.000,9999.000,9999.000,9999.000
202604302154,   3.733,   4.467,9999.000,9999.000,9999.000,9999.000,9999.000,9999.000,9999.000
202604302200,   3.636,   4.368,   0.300,   0.432,   4.368,   0.200,   4.268,   0.300,   4.368
202604302206,   3.538,   4.290,9999.000,9999.000,9999.000,9999.000,9999.000,9999.000,9999.000
202604302212,   3.441,   4.267,9999.000,9999.000,9999.000,9999.000,9999.000,9999.000,9999.000
202604302218,   3.343,   4.188,9999.000,9999.000,9999.000,9999.000,9999.000,9999.000,9999.000
202604302224,   3.247,   3.998,9999.000,9999.000,9999.000,9999.000,9999.000,9999.000,9999.000
202604302230,   3.151,   3.909,9999.000,9999.000,9999.000,9999.000,9999.000,9999.000,9999.000
202604302236,   3.056,   3.837,9999.000,9999.000,9999.000,9999.000,9999.000,9999.000,9999.000
202604302242,   2.962,   3.798,9999.000,9999.000,9999.000,9999.000,9999.000,9999.000,9999.000
202604302248,   2.871,   3.650,9999.000,9999.000,9999.000,9999.000,9999.000,9999.000,9999.000
202604302254,   2.782,   3.539,9999.000,9999.000,9999.000,9999.000,9999.000,9999.000,9999.000
202604302300,   2.696,   3.499,   0.200,   0.603,   3.499,   0.200,   3.499,   0.300,   3.599
202604302306,   2.613,   3.398,9999.000,9999.000,9999.000,9999.000,9999.000,9999.000,9999.000
202604302312,   2.533,   3.378,9999.000,9999.000,9999.000,9999.000,9999.000,9999.000,9999.000
202604302318,   2.457,   3.230,9999.000,9999.000,9999.000,9999.000,9999.000,9999.000,9999.000
202604302324,   2.385,   3.207,9999.000,9999.000,9999.000,9999.000,9999.000,9999.000,9999.000
202604302330,   2.317,   3.099,9999.000,9999.000,9999.000,9999.000,9999.000,9999.000,9999.000
202604302336,   2.254,   3.079,9999.000,9999.000,9999.000,9999.000,9999.000,9999.000,9999.000
202604302342,   2.197,   2.938,9999.000,9999.000,9999.000,9999.000,9999.000,9999.000,9999.000
202604302348,   2.144,   2.909,9999.000,9999.000,9999.000,9999.000,9999.000,9999.000,9999.000
202604302354,   2.097,   2.850,9999.000,9999.000,9999.000,9999.000,9999.000,9999.000,9999.000
202605010000,   2.056,   2.840,   0.200,   0.584,   2.840,   0.200,   2.840,   0.300,   2.940
202605010006,   2.021,   2.778,9999.000,9999.000,9999.000,9999.000,9999.000,9999.000,9999.000
202605010012,   1.993,   2.778,9999.000,9999.000,9999.000,9999.000,9999.000,9999.000,9999.000
202605010018,   1.970,   2.768,9999.000,9999.000,9999.000,9999.000,9999.000,9999.000,9999.000
202605010024,   1.954,   2.728,9999.000,9999.000,9999.000,9999.000,9999.000,9999.000,9999.000
202605010030,   1.945,   2.679,9999.000,9999.000,9999.000,9999.000,9999.000,9999.000,9999.000
202605010036,   1.943,   2.669,9999.000,9999.000,9999.000,9999.000,9999.000,9999.000,9999.000
202605010042,   1.947,   2.650,9999.000,9999.000,9999.000,9999.000,9999.000,9999.000,9999.000
202605010048,   1.958,   2.699,9999.000,9999.000,9999.000,9999.000,9999.000,9999.000,9999.000
202605010054,   1.975,   2.728,9999.000,9999.000,9999.000,9999.000,9999.000,9999.000,9999.000
202605010100,   2.000,   2.778,   0.300,   0.478,   2.778,   0.200,   2.678,   0.300,   2.778
202605010106,   2.030,   2.807,9999.000,9999.000,9999.000,9999.000,9999.000,9999.000,9999.000
202605010112,   2.068,   2.778,9999.000,9999.000,9999.000,9999.000,9999.000,9999.000,9999.000
202605010118,   2.111,   2.840,9999.000,9999.000,9999.000,9999.000,9999.000,9999.000,9999.000
202605010124,   2.161,   2.919,9999.000,9999.000,9999.000,9999.000,9999.000,9999.000,9999.000
202605010130,   2.217,   2.899,9999.000,9999.000,9999.000,9999.000,9999.000,9999.000,9999.000
202605010136,   2.278,   2.988,9999.000,9999.000,9999.000,9999.000,9999.000,9999.000,9999.000
202605010142,   2.345,   3.017,9999.000,9999.000,9999.000,9999.000,9999.000,9999.000,9999.000
202605010148,   2.418,   3.119,9999.000,9999.000,9999.000,9999.000,9999.000,9999.000,9999.000
202605010154,   2.495,   3.158,9999.000,9999.000,9999.000,9999.000,9999.000,9999.000,9999.000
202605010200,   2.577,   3.260,   0.300,   0.383,   3.260,   0.200,   3.160,   0.300,   3.260
202605010206,   2.664,   3.309,9999.000,9999.000,9999.000,9999.000,9999.000,9999.000,9999.000
202605010212,   2.755,   3.417,9999.000,9999.000,9999.000,9999.000,9999.000,9999.000,9999.000
202605010218,   2.850,   3.519,9999.000,9999.000,9999.000,9999.000,9999.000,9999.000,9999.000
202605010224,   2.949,   3.627,9999.000,9999.000,9999.000,9999.000,9999.000,9999.000,9999.000
202605010230,   3.051,   3.680,9999.000,9999.000,9999.000,9999.000,9999.000,9999.000,9999.000
202605010236,   3.156,   3.758,9999.000,9999.000,9999.000,9999.000,9999.000,9999.000,9999.000
202605010242,   3.264,   3.860,9999.000,9999.000,9999.000,9999.000,9999.000,9999.000,9999.000
202605010248,   3.375,   3.988,9999.000,9999.000,9999.000,9999.000,9999.000,9999.000,9999.000
202605010254,   3.488,   4.080,9999.000,9999.000,9999.000,9999.000,9999.000,9999.000,9999.000
202605010300,   3.602,   4.208,   0.200,   0.406,   4.208,   0.200,   4.208,   0.300,   4.308
202605010306,   3.719,   4.319,9999.000,9999.000,9999.000,9999.000,9999.000,9999.000,9999.000
202605010312,   3.837,   4.398,9999.000,9999.000,9999.000,9999.000,9999.000,9999.000,9999.000
202605010318,   3.956,   4.529,9999.000,9999.000,9999.000,9999.000,9999.000,9999.000,9999.000
202605010324,   4.076,   4.618,9999.000,9999.000,9999.000,9999.000,9999.000,9999.000,9999.000
202605010330,   4.197,   4.759,9999.000,9999.000,9999.000,9999.000,9999.000,9999.000,9999.000
202605010336,   4.318,   4.929,9999.000,9999.000,9999.000,9999.000,9999.000,9999.000,9999.000
202605010342,   4.439,   5.018,9999.000,9999.000,9999.000,9999.000,9999.000,9999.000,9999.000
202605010348,   4.561,   5.179,9999.000,9999.000,9999.000,9999.000,9999.000,9999.000,9999.000
202605010354,   4.681,   5.247,9999.000,9999.000,9999.000,9999.000,9999.000,9999.000,9999.000
202605010400,   4.802,   5.379,   0.200,   0.377,   5.379,   0.200,   5.379,   0.200,   5.379
202605010406,   4.921,   5.467,9999.000,9999.000,9999.000,9999.000,9999.000,9999.000,9999.000
202605010412,   5.039,   5.549,9999.000,9999.000,9999.000,9999.000,9999.000,9999.000,9999.000
202605010418,   5.156,   5.648,9999.000,9999.000,9999.000,9999.000,9999.000,9999.000,9999.000
202605010424,   5.272,   5.808,9999.000,9999.000,9999.000,9999.000,9999.000,9999.000,9999.000
202605010430,   5.385,   5.907,9999.000,9999.000,9999.000,9999.000,9999.000,9999.000,9999.000
202605010436,   5.497,   6.018,9999.000,9999.000,9999.000,9999.000,9999.000,9999.000,9999.000
202605010442,   5.606,   6.149,9999.000,9999.000,9999.000,9999.000,9999.000,9999.000,9999.000
202605010448,   5.712,   6.307,9999.000,9999.000,9999.000,9999.000,9999.000,9999.000,9999.000
202605010454,   5.815,   6.369,9999.000,9999.000,9999.000,9999.000,9999.000,9999.000,9999.000
202605010500,   5.915,   6.468,   0.200,   0.353,   6.468,   0.200,   6.468,   0.300,   6.568
202605010506,   6.012,   6.507,9999.000,9999.000,9999.000,9999.000,9999.000,9999.000,9999.000
202605010512,   6.105,   6.638,9999.000,9999.000,9999.000,9999.000,9999.000,9999.000,9999.000
202605010518,   6.194,   6.707,9999.000,9999.000,9999.000,9999.000,9999.000,9999.000,9999.000
202605010524,   6.278,   6.838,9999.000,9999.000,9999.000,9999.000,9999.000,9999.000,9999.000
202605010530,   6.358,   6.966,9999.000,9999.000,9999.000,9999.000,9999.000,9999.000,9999.000
202605010536,   6.433,   7.029,9999.000,9999.000,9999.000,9999.000,9999.000,9999.000,9999.000
202605010542,   6.503,   7.107,9999.000,9999.000,9999.000,9999.000,9999.000,9999.000,9999.000
202605010548,   6.567,   7.156,9999.000,9999.000,9999.000,9999.000,9999.000,9999.000,9999.000
202605010554,   6.626,   7.209,9999.000,9999.000,9999.000,9999.000,9999.000,9999.000,9999.000
202605010600,   6.679,   7.268,   0.200,   0.389,   7.268,   0.200,   7.268,   0.200,   7.268
202605010606,   6.726,   7.278,9999.000,9999.000,9999.000,9999.000,9999.000,9999.000,9999.000
202605010612,   6.767,   7.317,9999.000,9999.000,9999.000,9999.000,9999.000,9999.000,9999.000
202605010618,   6.801,   7.376,9999.000,9999.000,9999.000,9999.000,9999.000,9999.000,9999.000
202605010624,   6.829,   7.429,9999.000,9999.000,9999.000,9999.000,9999.000,9999.000,9999.000
202605010630,   6.849,   7.429,9999.000,9999.000,9999.000,9999.000,9999.000,9999.000,9999.000
202605010636,   6.863,   7.507,9999.000,9999.000,9999.000,9999.000,9999.000,9999.000,9999.000
202605010642,   6.870,   7.557,9999.000,9999.000,9999.000,9999.000,9999.000,9999.000,9999.000
202605010648,   6.869,   7.517,9999.000,9999.000,9999.000,9999.000,9999.000,9999.000,9999.000
202605010654,   6.862,   7.498,9999.000,9999.000,9999.000,9999.000,9999.000,9999.000,9999.000
202605010700,   6.847,   7.429,   0.200,   0.382,   7.429,   0.100,   7.329,   0.200,   7.429
202605010706,   6.825,   7.376,9999.000,9999.000,9999.000,9999.000,9999.000,9999.000,9999.000
202605010712,   6.795,   7.419,9999.000,9999.000,9999.000,9999.000,9999.000,9999.000,9999.000
202605010718,   6.758,   7.409,9999.000,9999.000,9999.000,9999.000,9999.000,9999.000,9999.000
202605010724,   6.714,   7.357,9999.000,9999.000,9999.000,9999.000,9999.000,9999.000,9999.000
202605010730,   6.663,   7.327,9999.000,9999.000,9999.000,9999.000,9999.000,9999.000,9999.000
202605010736,   6.605,   7.219,9999.000,9999.000,9999.000,9999.000,9999.000,9999.000,9999.000
202605010742,   6.540,   7.156,9999.000,9999.000,9999.000,9999.000,9999.000,9999.000,9999.000
202605010748,   6.467,   7.078,9999.000,9999.000,9999.000,9999.000,9999.000,9999.000,9999.000
202605010754,   6.389,   7.029,9999.000,9999.000,9999.000,9999.000,9999.000,9999.000,9999.000
202605010800,   6.303,   6.956,   0.200,   0.453,   6.956,   0.100,   6.856,   0.200,   6.956
202605010806,   6.211,   6.838,9999.000,9999.000,9999.000,9999.000,9999.000,9999.000,9999.000
202605010812,   6.113,   6.789,9999.000,9999.000,9999.000,9999.000,9999.000,9999.000,9999.000
202605010818,   6.008,   6.638,9999.000,9999.000,9999.000,9999.000,9999.000,9999.000,9999.000
202605010824,   5.898,   6.546,9999.000,9999.000,9999.000,9999.000,9999.000,9999.000,9999.000
202605010830,   5.782,   6.369,9999.000,9999.000,9999.000,9999.000,9999.000,9999.000,9999.000
202605010836,   5.661,   6.287,9999.000,9999.000,9999.000,9999.000,9999.000,9999.000,9999.000
202605010842,   5.534,   6.189,9999.000,9999.000,9999.000,9999.000,9999.000,9999.000,9999.000
202605010848,   5.402,   6.048,9999.000,9999.000,9999.000,9999.000,9999.000,9999.000,9999.000
202605010854,   5.266,   5.917,9999.000,9999.000,9999.000,9999.000,9999.000,9999.000,9999.000
202605010900,   5.125,   5.759,   0.200,   0.434,   5.759,   0.200,   5.759,   0.200,   5.759
202605010906,   4.979,   5.598,9999.000,9999.000,9999.000,9999.000,9999.000,9999.000,9999.000
202605010912,   4.830,   5.457,9999.000,9999.000,9999.000,9999.000,9999.000,9999.000,9999.000
202605010918,   4.677,   5.349,9999.000,9999.000,9999.000,9999.000,9999.000,9999.000,9999.000
202605010924,   4.520,   5.169,9999.000,9999.000,9999.000,9999.000,9999.000,9999.000,9999.000
202605010930,   4.361,   5.028,9999.000,9999.000,9999.000,9999.000,9999.000,9999.000,9999.000
202605010936,   4.198,   4.837,9999.000,9999.000,9999.000,9999.000,9999.000,9999.000,9999.000
202605010942,   4.033,   4.719,9999.000,9999.000,9999.000,9999.000,9999.000,9999.000,9999.000
202605010948,   3.865,   4.539,9999.000,9999.000,9999.000,9999.000,9999.000,9999.000,9999.000
202605010954,   3.695,   4.408,9999.000,9999.000,9999.000,9999.000,9999.000,9999.000,9999.000
202605011000,   3.524,   4.257,   0.200,   0.533,   4.257,   0.200,   4.257,   0.200,   4.257
202605011006,   3.352,   4.099,9999.000,9999.000,9999.000,9999.000,9999.000,9999.000,9999.000
202605011012,   3.178,   3.978,9999.000,9999.000,9999.000,9999.000,9999.000,9999.000,9999.000
202605011018,   3.004,   3.808,9999.000,9999.000,9999.000,9999.000,9999.000,9999.000,9999.000
202605011024,   2.829,   3.617,9999.000,9999.000,9999.000,9999.000,9999.000,9999.000,9999.000
202605011030,   2.655,   3.460,9999.000,9999.000,9999.000,9999.000,9999.000,9999.000,9999.000
202605011036,   2.481,   3.279,9999.000,9999.000,9999.000,9999.000,9999.000,9999.000,9999.000
202605011042,   2.308,   3.119,9999.000,9999.000,9999.000,9999.000,9999.000,9999.000,9999.000
202605011048,   2.136,   2.938,9999.000,9999.000,9999.000,9999.000,9999.000,9999.000,9999.000
202605011054,   1.966,   2.820,9999.000,9999.000,9999.000,9999.000,9999.000,9999.000,9999.000
202605011100,   1.798,   2.719,   0.200,   0.721,   2.719,   0.200,   2.719,   0.200,   2.719
202605011106,   1.633,   2.568,9999.000,9999.000,9999.000,9999.000,9999.000,9999.000,9999.000
202605011112,   1.470,   2.420,9999.000,9999.000,9999.000,9999.000,9999.000,9999.000,9999.000
202605011118,   1.311,   2.220,9999.000,9999.000,9999.000,9999.000,9999.000,9999.000,9999.000
202605011124,   1.156,   2.079,9999.000,9999.000,9999.000,9999.000,9999.000,9999.000,9999.000
202605011130,   1.004,   1.908,9999.000,9999.000,9999.000,9999.000,9999.000,9999.000,9999.000
202605011136,   0.858,   1.820,9999.000,9999.000,9999.000,9999.000,9999.000,9999.000,9999.000
202605011142,   0.716,   1.639,9999.000,9999.000,9999.000,9999.000,9999.000,9999.000,9999.000
202605011148,   0.580,   1.557,9999.000,9999.000,9999.000,9999.000,9999.000,9999.000,9999.000
202605011154,   0.450,   1.371,9999.000,9999.000,9999.000,9999.000,9999.000,9999.000,9999.000
202605011200,   0.326,   1.269,   0.100,   0.843,   1.269,   0.100,   1.269,   0.200,   1.369
202605011206,   0.208,   1.151,9999.000,9999.000,9999.000,9999.000,9999.000,9999.000,9999.000
202605011212,   0.098,   1.039,9999.000,9999.000,9999.000,9999.000,9999.000,9999.000,9999.000
202605011218,  -0.005,   0.898,9999.000,9999.000,9999.000,9999.000,9999.000,9999.000,9999.000
202605011224,  -0.101,   0.790,9999.000,9999.000,9999.000,9999.000,9999.000,9999.000,9999.000
202605011230,  -0.190,   0.678,9999.000,9999.000,9999.000,9999.000,9999.000,9999.000,9999.000
202605011236,  -0.271,   0.580,9999.000,9999.000,9999.000,9999.000,9999.000,9999.000,9999.000
202605011242,  -0.343,   0.508,9999.000,9999.000,9999.000,9999.000,9999.000,9999.000,9999.000
202605011248,  -0.408,   0.370,9999.000,9999.000,9999.000,9999.000,9999.000,9999.000,9999.000
202605011254,  -0.464,   0.308,9999.000,9999.000,9999.000,9999.000,9999.000,9999.000,9999.000
202605011300,  -0.511,   0.278,   0.200,   0.589,   0.278,   0.100,   0.178,   0.200,   0.278
202605011306,  -0.550,   0.239,9999.000,9999.000,9999.000,9999.000,9999.000,9999.000,9999.000
202605011312,  -0.581,   0.200,9999.000,9999.000,9999.000,9999.000,9999.000,9999.000,9999.000
202605011318,  -0.603,   0.121,9999.000,9999.000,9999.000,9999.000,9999.000,9999.000,9999.000
202605011324,  -0.616,   0.068,9999.000,9999.000,9999.000,9999.000,9999.000,9999.000,9999.000
202605011330,  -0.622,   0.029,9999.000,9999.000,9999.000,9999.000,9999.000,9999.000,9999.000
202605011336,  -0.618,   0.039,9999.000,9999.000,9999.000,9999.000,9999.000,9999.000,9999.000
202605011342,  -0.607,   0.049,9999.000,9999.000,9999.000,9999.000,9999.000,9999.000,9999.000
202605011348,  -0.588,   0.039,9999.000,9999.000,9999.000,9999.000,9999.000,9999.000,9999.000
202605011354,  -0.560,   0.088,9999.000,9999.000,9999.000,9999.000,9999.000,9999.000,9999.000
202605011400,  -0.525,   0.141,   0.200,   0.466,   0.141,   0.200,   0.141,   0.200,   0.141
202605011406,  -0.483,   0.229,9999.000,9999.000,9999.000,9999.000,9999.000,9999.000,9999.000
202605011412,  -0.434,   0.259,9999.000,9999.000,9999.000,9999.000,9999.000,9999.000,9999.000
202605011418,  -0.377,   0.278,9999.000,9999.000,9999.000,9999.000,9999.000,9999.000,9999.000
202605011424,  -0.314,   0.331,9999.000,9999.000,9999.000,9999.000,9999.000,9999.000,9999.000
202605011430,  -0.244,   0.370,9999.000,9999.000,9999.000,9999.000,9999.000,9999.000,9999.000
202605011436,  -0.169,   0.459,9999.000,9999.000,9999.000,9999.000,9999.000,9999.000,9999.000
202605011442,  -0.087,   0.590,9999.000,9999.000,9999.000,9999.000,9999.000,9999.000,9999.000
202605011448,   0.000,   0.678,9999.000,9999.000,9999.000,9999.000,9999.000,9999.000,9999.000
202605011454,   0.091,   0.780,9999.000,9999.000,9999.000,9999.000,9999.000,9999.000,9999.000
202605011500,   0.188,   0.839,   0.100,   0.551,   0.839,   0.100,   0.839,   0.100,   0.839
202605011506,   0.290,   0.941,9999.000,9999.000,9999.000,9999.000,9999.000,9999.000,9999.000
202605011512,   0.396,   1.049,9999.000,9999.000,9999.000,9999.000,9999.000,9999.000,9999.000
202605011518,   0.507,   1.210,9999.000,9999.000,9999.000,9999.000,9999.000,9999.000,9999.000
202605011524,   0.620,   1.318,9999.000,9999.000,9999.000,9999.000,9999.000,9999.000,9999.000
202605011530,   0.738,   1.439,9999.000,9999.000,9999.000,9999.000,9999.000,9999.000,9999.000
202605011536,   0.858,   1.489,9999.000,9999.000,9999.000,9999.000,9999.000,9999.000,9999.000
202605011542,   0.982,   1.610,9999.000,9999.000,9999.000,9999.000,9999.000,9999.000,9999.000
202605011548,   1.108,   1.748,9999.000,9999.000,9999.000,9999.000,9999.000,9999.000,9999.000
202605011554,   1.236,   1.840,9999.000,9999.000,9999.000,9999.000,9999.000,9999.000,9999.000
202605011600,   1.366,   1.981,   0.100,   0.515,   1.981,   0.100,   1.981,   0.200,   2.081
202605011606,   1.498,   2.118,9999.000,9999.000,9999.000,9999.000,9999.000,9999.000,9999.000
202605011612,   1.632,   2.240,9999.000,9999.000,9999.000,9999.000,9999.000,9999.000,9999.000
202605011618,   1.767,   2.368,9999.000,9999.000,9999.000,9999.000,9999.000,9999.000,9999.000
202605011624,   1.902,   2.558,9999.000,9999.000,9999.000,9999.000,9999.000,9999.000,9999.000
202605011630,   2.039,   2.679,9999.000,9999.000,9999.000,9999.000,9999.000,9999.000,9999.000
202605011636,   2.176,   2.807,9999.000,9999.000,9999.000,9999.000,9999.000,9999.000,9999.000
202605011642,   2.313,   2.919,9999.000,9999.000,9999.000,9999.000,9999.000,9999.000,9999.000
202605011648,   2.450,   3.060,9999.000,9999.000,9999.000,9999.000,9999.000,9999.000,9999.000
202605011654,   2.587,   3.148,9999.000,9999.000,9999.000,9999.000,9999.000,9999.000,9999.000
202605011700,   2.723,   3.270,   0.200,   0.347,   3.270,   0.100,   3.170,   0.200,   3.270
202605011706,   2.858,   3.378,9999.000,9999.000,9999.000,9999.000,9999.000,9999.000,9999.000
202605011712,   2.992,   3.539,9999.000,9999.000,9999.000,9999.000,9999.000,9999.000,9999.000
202605011718,   3.125,   3.680,9999.000,9999.000,9999.000,9999.000,9999.000,9999.000,9999.000
202605011724,   3.255,   3.827,9999.000,9999.000,9999.000,9999.000,9999.000,9999.000,9999.000
202605011730,   3.384,   3.949,9999.000,9999.000,9999.000,9999.000,9999.000,9999.000,9999.000
202605011736,   3.510,   4.047,9999.000,9999.000,9999.000,9999.000,9999.000,9999.000,9999.000
202605011742,   3.634,   4.129,9999.000,9999.000,9999.000,9999.000,9999.000,9999.000,9999.000
202605011748,   3.755,   4.237,9999.000,9999.000,9999.000,9999.000,9999.000,9999.000,9999.000
202605011754,   3.872,   4.339,9999.000,9999.000,9999.000,9999.000,9999.000,9999.000,9999.000
202605011800,   3.986,   4.457,   0.100,   0.371,   4.457,   0.100,   4.457,   0.100,   4.457
202605011806,   4.097,   4.578,9999.000,9999.000,9999.000,9999.000,9999.000,9999.000,9999.000
202605011812,   4.203,   4.667,9999.000,9999.000,9999.000,9999.000,9999.000,9999.000,9999.000
202605011818,   4.306,   4.828,9999.000,9999.000,9999.000,9999.000,9999.000,9999.000,9999.000
202605011824,   4.403,   4.949,9999.000,9999.000,9999.000,9999.000,9999.000,9999.000,9999.000
202605011830,   4.496,   5.047,9999.000,9999.000,9999.000,9999.000,9999.000,9999.000,9999.000
202605011836,   4.584,   5.110,9999.000,9999.000,9999.000,9999.000,9999.000,9999.000,9999.000
202605011842,   4.667,   5.129,9999.000,9999.000,9999.000,9999.000,9999.000,9999.000,9999.000
202605011848,   4.745,   5.198,9999.000,9999.000,9999.000,9999.000,9999.000,9999.000,9999.000
202605011854,   4.817,   5.277,9999.000,9999.000,9999.000,9999.000,9999.000,9999.000,9999.000
202605011900,   4.884,   5.320,   0.100,   0.336,   5.320,   0.000,   5.220,   0.100,   5.320
202605011906,   4.945,   5.408,9999.000,9999.000,9999.000,9999.000,9999.000,9999.000,9999.000
202605011912,   5.000,   5.516,9999.000,9999.000,9999.000,9999.000,9999.000,9999.000,9999.000
202605011918,   5.049,   5.569,9999.000,9999.000,9999.000,9999.000,9999.000,9999.000,9999.000
202605011924,   5.092,   5.657,9999.000,9999.000,9999.000,9999.000,9999.000,9999.000,9999.000
202605011930,   5.130,   5.707,9999.000,9999.000,9999.000,9999.000,9999.000,9999.000,9999.000
202605011936,   5.161,   5.739,9999.000,9999.000,9999.000,9999.000,9999.000,9999.000,9999.000
202605011942,   5.186,   5.717,9999.000,9999.000,9999.000,9999.000,9999.000,9999.000,9999.000
202605011948,   5.205,   5.717,9999.000,9999.000,9999.000,9999.000,9999.000,9999.000,9999.000
202605011954,   5.219,   5.749,9999.000,9999.000,9999.000,9999.000,9999.000,9999.000,9999.000
202605012000,   5.226,   5.739,   0.100,   0.413,   5.739,   0.100,   5.739,   0.100,   5.739
202605012006,   5.228,   5.799,9999.000,9999.000,9999.000,9999.000,9999.000,9999.000,9999.000
202605012012,   5.224,   5.799,9999.000,9999.000,9999.000,9999.000,9999.000,9999.000,9999.000
202605012018,   5.214,   5.789,9999.000,9999.000,9999.000,9999.000,9999.000,9999.000,9999.000
202605012024,   5.199,   5.858,9999.000,9999.000,9999.000,9999.000,9999.000,9999.000,9999.000
202605012030,   5.179,   5.828,9999.000,9999.000,9999.000,9999.000,9999.000,9999.000,9999.000
202605012036,   5.153,   5.799,9999.000,9999.000,9999.000,9999.000,9999.000,9999.000,9999.000
202605012042,   5.123,   5.730,9999.000,9999.000,9999.000,9999.000,9999.000,9999.000,9999.000
202605012048,   5.088,   5.687,9999.000,9999.000,9999.000,9999.000,9999.000,9999.000,9999.000
202605012054,   5.048,   5.657,9999.000,9999.000,9999.000,9999.000,9999.000,9999.000,9999.000
202605012100,   5.003,   5.638,   0.100,   0.535,   5.638,   0.100,   5.638,   0.100,   5.638
202605012106,   4.955,   5.589,9999.000,9999.000,9999.000,9999.000,9999.000,9999.000,9999.000
202605012112,   4.902,   5.549,9999.000,9999.000,9999.000,9999.000,9999.000,9999.000,9999.000
202605012118,   4.845,   5.497,9999.000,9999.000,9999.000,9999.000,9999.000,9999.000,9999.000
202605012124,   4.785,   5.428,9999.000,9999.000,9999.000,9999.000,9999.000,9999.000,9999.000
202605012130,   4.721,   5.389,9999.000,9999.000,9999.000,9999.000,9999.000,9999.000,9999.000
202605012136,   4.655,   5.287,9999.000,9999.000,9999.000,9999.000,9999.000,9999.000,9999.000
202605012142,   4.585,   5.287,9999.000,9999.000,9999.000,9999.000,9999.000,9999.000,9999.000
202605012148,   4.512,   5.179,9999.000,9999.000,9999.000,9999.000,9999.000,9999.000,9999.000
202605012154,   4.437,   5.097,9999.000,9999.000,9999.000,9999.000,9999.000,9999.000,9999.000
202605012200,   4.359,   4.939,   0.200,   0.380,   4.939,   0.100,   4.839,   0.200,   4.939
202605012206,   4.280,   4.857,9999.000,9999.000,9999.000,9999.000,9999.000,9999.000,9999.000
202605012212,   4.198,   4.769,9999.000,9999.000,9999.000,9999.000,9999.000,9999.000,9999.000
202605012218,   4.115,   4.739,9999.000,9999.000,9999.000,9999.000,9999.000,9999.000,9999.000
202605012224,   4.031,   4.677,9999.000,9999.000,9999.000,9999.000,9999.000,9999.000,9999.000
202605012230,   3.945,   4.608,9999.000,9999.000,9999.000,9999.000,9999.000,9999.000,9999.000
202605012236,   3.859,   4.519,9999.000,9999.000,9999.000,9999.000,9999.000,9999.000,9999.000
202605012242,   3.772,   4.437,9999.000,9999.000,9999.000,9999.000,9999.000,9999.000,9999.000
202605012248,   3.685,   4.309,9999.000,9999.000,9999.000,9999.000,9999.000,9999.000,9999.000
202605012254,   3.599,   4.218,9999.000,9999.000,9999.000,9999.000,9999.000,9999.000,9999.000
202605012300,   3.512,   4.129,   0.100,   0.517,   4.129,   0.100,   4.129,   0.200,   4.229
202605012306,   3.426,   4.090,9999.000,9999.000,9999.000,9999.000,9999.000,9999.000,9999.000
202605012312,   3.341,   3.978,9999.000,9999.000,9999.000,9999.000,9999.000,9999.000,9999.000
202605012318,   3.258,   3.860,9999.000,9999.000,9999.000,9999.000,9999.000,9999.000,9999.000
202605012324,   3.176,   3.808,9999.000,9999.000,9999.000,9999.000,9999.000,9999.000,9999.000
202605012330,   3.096,   3.709,9999.000,9999.000,9999.000,9999.000,9999.000,9999.000,9999.000
202605012336,   3.019,   3.670,9999.000,9999.000,9999.000,9999.000,9999.000,9999.000,9999.000
202605012342,   2.944,   3.617,9999.000,9999.000,9999.000,9999.000,9999.000,9999.000,9999.000
202605012348,   2.872,   3.499,9999.000,9999.000,9999.000,9999.000,9999.000,9999.000,9999.000
202605012354,   2.804,   3.470,9999.000,9999.000,9999.000,9999.000,9999.000,9999.000,9999.000
202605020000,   2.739,   3.450,   0.200,   0.511,   3.450,   0.100,   3.350,   0.200,   3.450
202605020006,   2.678,   3.348,9999.000,9999.000,9999.000,9999.000,9999.000,9999.000,9999.000
202605020012,   2.622,   3.309,9999.000,9999.000,9999.000,9999.000,9999.000,9999.000,9999.000
202605020018,   2.570,   3.207,9999.000,9999.000,9999.000,9999.000,9999.000,9999.000,9999.000
202605020024,   2.522,   3.129,9999.000,9999.000,9999.000,9999.000,9999.000,9999.000,9999.000
202605020030,   2.480,   3.109,9999.000,9999.000,9999.000,9999.000,9999.000,9999.000,9999.000
202605020036,   2.444,   3.129,9999.000,9999.000,9999.000,9999.000,9999.000,9999.000,9999.000
202605020042,   2.412,   3.089,9999.000,9999.000,9999.000,9999.000,9999.000,9999.000,9999.000
202605020048,   2.387,   3.079,9999.000,9999.000,9999.000,9999.000,9999.000,9999.000,9999.000
202605020054,   2.368,   3.079,9999.000,9999.000,9999.000,9999.000,9999.000,9999.000,9999.000
202605020100,   2.354,   2.997,   0.200,   0.443,   2.997,   0.100,   2.897,   0.200,   2.997
202605020106,   2.347,   2.988,9999.000,9999.000,9999.000,9999.000,9999.000,9999.000,9999.000
202605020112,   2.346,   2.938,9999.000,9999.000,9999.000,9999.000,9999.000,9999.000,9999.000
202605020118,   2.351,   2.978,9999.000,9999.000,9999.000,9999.000,9999.000,9999.000,9999.000
202605020124,   2.363,   2.968,9999.000,9999.000,9999.000,9999.000,9999.000,9999.000,9999.000
202605020130,   2.381,   2.988,9999.000,9999.000,9999.000,9999.000,9999.000,9999.000,9999.000
202605020136,   2.406,   3.007,9999.000,9999.000,9999.000,9999.000,9999.000,9999.000,9999.000
202605020142,   2.437,   3.089,9999.000,9999.000,9999.000,9999.000,9999.000,9999.000,9999.000
202605020148,   2.474,   3.178,9999.000,9999.000,9999.000,9999.000,9999.000,9999.000,9999.000
202605020154,   2.517,   3.188,9999.000,9999.000,9999.000,9999.000,9999.000,9999.000,9999.000
202605020200,   2.566,   3.207,   0.200,   0.441,   3.207,   0.100,   3.107,   0.200,   3.207
202605020206,   2.620,   3.240,9999.000,9999.000,9999.000,9999.000,9999.000,9999.000,9999.000
202605020212,   2.680,   3.240,9999.000,9999.000,9999.000,9999.000,9999.000,9999.000,9999.000
202605020218,   2.746,   3.279,9999.000,9999.000,9999.000,9999.000,9999.000,9999.000,9999.000
202605020224,   2.817,   3.378,9999.000,9999.000,9999.000,9999.000,9999.000,9999.000,9999.000
202605020230,   2.892,   3.407,9999.000,9999.000,9999.000,9999.000,9999.000,9999.000,9999.000
202605020236,   2.973,   3.558,9999.000,9999.000,9999.000,9999.000,9999.000,9999.000,9999.000
202605020242,   3.057,   3.607,9999.000,9999.000,9999.000,9999.000,9999.000,9999.000,9999.000
202605020248,   3.146,   3.689,9999.000,9999.000,9999.000,9999.000,9999.000,9999.000,9999.000
202605020254,   3.238,   3.768,9999.000,9999.000,9999.000,9999.000,9999.000,9999.000,9999.000
202605020300,   3.334,   3.827,   0.200,   0.293,   3.827,   0.100,   3.727,   0.200,   3.827
202605020306,   3.433,   3.939,9999.000,9999.000,9999.000,9999.000,9999.000,9999.000,9999.000
202605020312,   3.534,   3.998,9999.000,9999.000,9999.000,9999.000,9999.000,9999.000,9999.000
202605020318,   3.638,   4.119,9999.000,9999.000,9999.000,9999.000,9999.000,9999.000,9999.000
202605020324,   3.745,   4.168,9999.000,9999.000,9999.000,9999.000,9999.000,9999.000,9999.000
202605020330,   3.853,   4.339,9999.000,9999.000,9999.000,9999.000,9999.000,9999.000,9999.000
202605020336,   3.963,   4.467,9999.000,9999.000,9999.000,9999.000,9999.000,9999.000,9999.000
202605020342,   4.075,   4.618,9999.000,9999.000,9999.000,9999.000,9999.000,9999.000,9999.000
202605020348,   4.187,   4.710,9999.000,9999.000,9999.000,9999.000,9999.000,9999.000,9999.000
202605020354,   4.300,   4.798,9999.000,9999.000,9999.000,9999.000,9999.000,9999.000,9999.000
202605020400,   4.414,   4.919,   0.200,   0.305,   4.919,   0.100,   4.819,   0.200,   4.919
202605020406,   4.528,   5.008,9999.000,9999.000,9999.000,9999.000,9999.000,9999.000,9999.000
202605020412,   4.642,   5.097,9999.000,9999.000,9999.000,9999.000,9999.000,9999.000,9999.000
202605020418,   4.756,   5.228,9999.000,9999.000,9999.000,9999.000,9999.000,9999.000,9999.000
202605020424,   4.869,   5.398,9999.000,9999.000,9999.000,9999.000,9999.000,9999.000,9999.000
202605020430,   4.982,   5.507,9999.000,9999.000,9999.000,9999.000,9999.000,9999.000,9999.000
202605020436,   5.094,   5.589,9999.000,9999.000,9999.000,9999.000,9999.000,9999.000,9999.000
202605020442,   5.204,   5.687,9999.000,9999.000,9999.000,9999.000,9999.000,9999.000,9999.000
202605020448,   5.313,   5.789,9999.000,9999.000,9999.000,9999.000,9999.000,9999.000,9999.000
202605020454,   5.420,   5.897,9999.000,9999.000,9999.000,9999.000,9999.000,9999.000,9999.000
202605020500,   5.525,   6.048,   0.200,   0.323,   6.048,   0.200,   6.048,   0.200,   6.048
202605020506,   5.629,   6.127,9999.000,9999.000,9999.000,9999.000,9999.000,9999.000,9999.000
202605020512,   5.730,   6.218,9999.000,9999.000,9999.000,9999.000,9999.000,9999.000,9999.000
202605020518,   5.828,   6.307,9999.000,9999.000,9999.000,9999.000,9999.000,9999.000,9999.000
202605020524,   5.923,   6.458,9999.000,9999.000,9999.000,9999.000,9999.000,9999.000,9999.000
202605020530,   6.016,   6.527,9999.000,9999.000,9999.000,9999.000,9999.000,9999.000,9999.000
202605020536,   6.105,   6.668,9999.000,9999.000,9999.000,9999.000,9999.000,9999.000,9999.000
202605020542,   6.190,   6.779,9999.000,9999.000,9999.000,9999.000,9999.000,9999.000,9999.000
202605020548,   6.272,   6.819,9999.000,9999.000,9999.000,9999.000,9999.000,9999.000,9999.000
202605020554,   6.350,   6.878,9999.000,9999.000,9999.000,9999.000,9999.000,9999.000,9999.000
202605020600,   6.423,   6.917,   0.200,   0.294,   6.917,   0.100,   6.817,   0.200,   6.917
202605020606,   6.492,   6.989,9999.000,9999.000,9999.000,9999.000,9999.000,9999.000,9999.000
202605020612,   6.556,   7.078,9999.000,9999.000,9999.000,9999.000,9999.000,9999.000,9999.000
202605020618,   6.615,   7.166,9999.000,9999.000,9999.000,9999.000,9999.000,9999.000,9999.000
202605020624,   6.669,   7.297,9999.000,9999.000,9999.000,9999.000,9999.000,9999.000,9999.000
202605020630,   6.717,   7.327,9999.000,9999.000,9999.000,9999.000,9999.000,9999.000,9999.000
202605020636,   6.760,   7.357,9999.000,9999.000,9999.000,9999.000,9999.000,9999.000,9999.000
202605020642,   6.796,   7.386,9999.000,9999.000,9999.000,9999.000,9999.000,9999.000,9999.000
202605020648,   6.827,   7.419,9999.000,9999.000,9999.000,9999.000,9999.000,9999.000,9999.000
202605020654,   6.851,   7.439,9999.000,9999.000,9999.000,9999.000,9999.000,9999.000,9999.000
202605020700,   6.869,   7.488,   0.200,   0.419,   7.488,   0.100,   7.388,   0.200,   7.488
202605020706,   6.881,   7.498,9999.000,9999.000,9999.000,9999.000,9999.000,9999.000,9999.000
202605020712,   6.885,   7.507,9999.000,9999.000,9999.000,9999.000,9999.000,9999.000,9999.000
202605020718,   6.883,   7.517,9999.000,9999.000,9999.000,9999.000,9999.000,9999.000,9999.000
202605020724,   6.874,   7.547,9999.000,9999.000,9999.000,9999.000,9999.000,9999.000,9999.000
202605020730,   6.857,   7.586,9999.000,9999.000,9999.000,9999.000,9999.000,9999.000,9999.000
202605020736,   6.834,   7.507,9999.000,9999.000,9999.000,9999.000,9999.000,9999.000,9999.000
202605020742,   6.803,   7.488,9999.000,9999.000,9999.000,9999.000,9999.000,9999.000,9999.000
202605020748,   6.766,   7.419,9999.000,9999.000,9999.000,9999.000,9999.000,9999.000,9999.000
202605020754,   6.721,   7.327,9999.000,9999.000,9999.000,9999.000,9999.000,9999.000,9999.000
202605020800,   6.669,   7.307,   0.200,   0.438,   7.307,   0.100,   7.207,   0.200,   7.307
202605020806,   6.610,   7.268,9999.000,9999.000,9999.000,9999.000,9999.000,9999.000,9999.000
202605020812,   6.544,   7.229,9999.000,9999.000,9999.000,9999.000,9999.000,9999.000,9999.000
202605020818,   6.471,   7.219,9999.000,9999.000,9999.000,9999.000,9999.000,9999.000,9999.000
202605020824,   6.391,   7.117,9999.000,9999.000,9999.000,9999.000,9999.000,9999.000,9999.000
202605020830,   6.305,   7.038,9999.000,9999.000,9999.000,9999.000,9999.000,9999.000,9999.000
202605020836,   6.212,   6.937,9999.000,9999.000,9999.000,9999.000,9999.000,9999.000,9999.000
202605020842,   6.113,   6.838,9999.000,9999.000,9999.000,9999.000,9999.000,9999.000,9999.000
202605020848,   6.008,   6.687,9999.000,9999.000,9999.000,9999.000,9999.000,9999.000,9999.000
202605020854,   5.897,   6.507,9999.000,9999.000,9999.000,9999.000,9999.000,9999.000,9999.000
202605020900,   5.781,   6.438,   0.200,   0.457,   6.438,   0.200,   6.438,   0.200,   6.438
202605020906,   5.658,   6.327,9999.000,9999.000,9999.000,9999.000,9999.000,9999.000,9999.000
202605020912,   5.531,   6.277,9999.000,9999.000,9999.000,9999.000,9999.000,9999.000,9999.000
202605020918,   5.398,   6.159,9999.000,9999.000,9999.000,9999.000,9999.000,9999.000,9999.000
202605020924,   5.261,   5.999,9999.000,9999.000,9999.000,9999.000,9999.000,9999.000,9999.000
202605020930,   5.119,   5.867,9999.000,9999.000,9999.000,9999.000,9999.000,9999.000,9999.000
202605020936,   4.974,   5.687,9999.000,9999.000,9999.000,9999.000,9999.000,9999.000,9999.000
202605020942,   4.824,   5.539,9999.000,9999.000,9999.000,9999.000,9999.000,9999.000,9999.000
202605020948,   4.670,   5.418,9999.000,9999.000,9999.000,9999.000,9999.000,9999.000,9999.000
202605020954,   4.513,   5.257,9999.000,9999.000,9999.000,9999.000,9999.000,9999.000,9999.000
202605021000,   4.353,   5.067,   0.200,   0.514,   5.067,   0.200,   5.067,   0.200,   5.067
202605021006,   4.191,   4.919,9999.000,9999.000,9999.000,9999.000,9999.000,9999.000,9999.000
202605021012,   4.025,   4.788,9999.000,9999.000,9999.000,9999.000,9999.000,9999.000,9999.000
202605021018,   3.858,   4.618,9999.000,9999.000,9999.000,9999.000,9999.000,9999.000,9999.000
202605021024,   3.688,   4.529,9999.000,9999.000,9999.000,9999.000,9999.000,9999.000,9999.000
202605021030,   3.517,   4.349,9999.000,9999.000,9999.000,9999.000,9999.000,9999.000,9999.000
202605021036,   3.345,   4.208,9999.000,9999.000,9999.000,9999.000,9999.000,9999.000,9999.000
202605021042,   3.172,   4.047,9999.000,9999.000,9999.000,9999.000,9999.000,9999.000,9999.000
202605021048,   2.998,   3.837,9999.000,9999.000,9999.000,9999.000,9999.000,9999.000,9999.000
202605021054,   2.824,   3.627,9999.000,9999.000,9999.000,9999.000,9999.000,9999.000,9999.000
202605021100,   2.650,   3.529,   0.200,   0.679,   3.529,   0.200,   3.529,   0.200,   3.529
202605021106,   2.476,   3.358,9999.000,9999.000,9999.000,9999.000,9999.000,9999.000,9999.000
202605021112,   2.303,   3.217,9999.000,9999.000,9999.000,9999.000,9999.000,9999.000,9999.000
202605021118,   2.131,   3.119,9999.000,9999.000,9999.000,9999.000,9999.000,9999.000,9999.000
202605021124,   1.961,   2.997,9999.000,9999.000,9999.000,9999.000,9999.000,9999.000,9999.000
202605021130,   1.793,   2.830,9999.000,9999.000,9999.000,9999.000,9999.000,9999.000,9999.000
202605021136,   1.627,   2.689,9999.000,9999.000,9999.000,9999.000,9999.000,9999.000,9999.000
202605021142,   1.463,   2.479,9999.000,9999.000,9999.000,9999.000,9999.000,9999.000,9999.000
202605021148,   1.302,   2.269,9999.000,9999.000,9999.000,9999.000,9999.000,9999.000,9999.000
202605021154,   1.145,   2.158,9999.000,9999.000,9999.000,9999.000,9999.000,9999.000,9999.000
202605021200,   0.992,   1.981,   0.200,   0.789,   1.981,   0.200,   1.981,   0.200,   1.981
202605021206,   0.843,   1.899,9999.000,9999.000,9999.000,9999.000,9999.000,9999.000,9999.000
202605021212,   0.698,   1.728,9999.000,9999.000,9999.000,9999.000,9999.000,9999.000,9999.000
202605021218,   0.558,   1.590,9999.000,9999.000,9999.000,9999.000,9999.000,9999.000,9999.000
202605021224,   0.424,   1.459,9999.000,9999.000,9999.000,9999.000,9999.000,9999.000,9999.000
202605021230,   0.295,   1.328,9999.000,9999.000,9999.000,9999.000,9999.000,9999.000,9999.000
202605021236,   0.172,   1.190,9999.000,9999.000,9999.000,9999.000,9999.000,9999.000,9999.000
202605021242,   0.056,   1.039,9999.000,9999.000,9999.000,9999.000,9999.000,9999.000,9999.000
202605021248,  -0.053,   0.888,9999.000,9999.000,9999.000,9999.000,9999.000,9999.000,9999.000
202605021254,  -0.155,   0.718,9999.000,9999.000,9999.000,9999.000,9999.000,9999.000,9999.000
202605021300,  -0.251,   0.590,   0.200,   0.641,   0.590,   0.200,   0.590,   0.200,   0.590
202605021306,  -0.339,   0.469,9999.000,9999.000,9999.000,9999.000,9999.000,9999.000,9999.000
202605021312,  -0.419,   0.498,9999.000,9999.000,9999.000,9999.000,9999.000,9999.000,9999.000
202605021318,  -0.491,   0.409,9999.000,9999.000,9999.000,9999.000,9999.000,9999.000,9999.000
202605021324,  -0.556,   0.350,9999.000,9999.000,9999.000,9999.000,9999.000,9999.000,9999.000
202605021330,  -0.612,   0.249,9999.000,9999.000,9999.000,9999.000,9999.000,9999.000,9999.000
202605021336,  -0.659,   0.180,9999.000,9999.000,9999.000,9999.000,9999.000,9999.000,9999.000
202605021342,  -0.698,   0.078,9999.000,9999.000,9999.000,9999.000,9999.000,9999.000,9999.000
202605021348,  -0.729,   0.019,9999.000,9999.000,9999.000,9999.000,9999.000,9999.000,9999.000
202605021354,  -0.751,  -0.049,9999.000,9999.000,9999.000,9999.000,9999.000,9999.000,9999.000
202605021400,  -0.765,  -0.029,   0.200,   0.536,  -0.029,   0.200,  -0.029,   0.200,  -0.029
202605021406,  -0.770,  -0.039,9999.000,9999.000,9999.000,9999.000,9999.000,9999.000,9999.000
202605021412,  -0.767,  -0.039,9999.000,9999.000,9999.000,9999.000,9999.000,9999.000,9999.000
202605021418,  -0.756,  -0.009,9999.000,9999.000,9999.000,9999.000,9999.000,9999.000,9999.000
202605021424,  -0.737,   0.000,9999.000,9999.000,9999.000,9999.000,9999.000,9999.000,9999.000
202605021430,  -0.710,  -0.029,9999.000,9999.000,9999.000,9999.000,9999.000,9999.000,9999.000
202605021436,  -0.675,   0.019,9999.000,9999.000,9999.000,9999.000,9999.000,9999.000,9999.000
202605021442,  -0.632,   0.068,9999.000,9999.000,9999.000,9999.000,9999.000,9999.000,9999.000
202605021448,  -0.582,   0.078,9999.000,9999.000,9999.000,9999.000,9999.000,9999.000,9999.000
202605021454,  -0.526,   0.141,9999.000,9999.000,9999.000,9999.000,9999.000,9999.000,9999.000
202605021500,  -0.462,   0.259,   0.200,   0.521,   0.259,   0.200,   0.259,   0.200,   0.259
202605021506,  -0.392,   0.298,9999.000,9999.000,9999.000,9999.000,9999.000,9999.000,9999.000
202605021512,  -0.316,   0.380,9999.000,9999.000,9999.000,9999.000,9999.000,9999.000,9999.000
202605021518,  -0.234,   0.469,9999.000,9999.000,9999.000,9999.000,9999.000,9999.000,9999.000
202605021524,  -0.146,   0.610,9999.000,9999.000,9999.000,9999.000,9999.000,9999.000,9999.000
202605021530,  -0.053,   0.688,9999.000,9999.000,9999.000,9999.000,9999.000,9999.000,9999.000
202605021536,   0.044,   0.780,9999.000,9999.000,9999.000,9999.000,9999.000,9999.000,9999.000
202605021542,   0.146,   0.898,9999.000,9999.000,9999.000,9999.000,9999.000,9999.000,9999.000
202605021548,   0.253,   1.020,9999.000,9999.000,9999.000,9999.000,9999.000,9999.000,9999.000
202605021554,   0.364,   1.098,9999.000,9999.000,9999.000,9999.000,9999.000,9999.000,9999.000
202605021600,   0.478,   1.180,   0.200,   0.502,   1.180,   0.100,   1.080,   0.200,   1.180
202605021606,   0.596,   1.249,9999.000,9999.000,9999.000,9999.000,9999.000,9999.000,9999.000
202605021612,   0.716,   1.390,9999.000,9999.000,9999.000,9999.000,9999.000,9999.000,9999.000
202605021618,   0.840,   1.498,9999.000,9999.000,9999.000,9999.000,9999.000,9999.000,9999.000
202605021624,   0.966,   1.669,9999.000,9999.000,9999.000,9999.000,9999.000,9999.000,9999.000
202605021630,   1.094,   1.748,9999.000,9999.000,9999.000,9999.000,9999.000,9999.000,9999.000
202605021636,   1.224,   1.879,9999.000,9999.000,9999.000,9999.000,9999.000,9999.000,9999.000
202605021642,   1.356,   2.000,9999.000,9999.000,9999.000,9999.000,9999.000,9999.000,9999.000
202605021648,   1.489,   2.168,9999.000,9999.000,9999.000,9999.000,9999.000,9999.000,9999.000
202605021654,   1.623,   2.269,9999.000,9999.000,9999.000,9999.000,9999.000,9999.000,9999.000
202605021700,   1.758,   2.430,   0.200,   0.472,   2.430,   0.200,   2.430,   0.200,   2.430
202605021706,   1.894,   2.538,9999.000,9999.000,9999.000,9999.000,9999.000,9999.000,9999.000
202605021712,   2.030,   2.650,9999.000,9999.000,9999.000,9999.000,9999.000,9999.000,9999.000
202605021718,   2.166,   2.797,9999.000,9999.000,9999.000,9999.000,9999.000,9999.000,9999.000
202605021724,   2.302,   2.919,9999.000,9999.000,9999.000,9999.000,9999.000,9999.000,9999.000
202605021730,   2.438,   3.089,9999.000,9999.000,9999.000,9999.000,9999.000,9999.000,9999.000
202605021736,   2.573,   3.148,9999.000,9999.000,9999.000,9999.000,9999.000,9999.000,9999.000
202605021742,   2.707,   3.309,9999.000,9999.000,9999.000,9999.000,9999.000,9999.000,9999.000
202605021748,   2.840,   3.460,9999.000,9999.000,9999.000,9999.000,9999.000,9999.000,9999.000
202605021754,   2.971,   3.607,9999.000,9999.000,9999.000,9999.000,9999.000,9999.000,9999.000
202605021800,   3.101,   3.709,   0.200,   0.408,   3.709,   0.100,   3.609,   0.200,   3.709
202605021806,   3.229,   3.837,9999.000,9999.000,9999.000,9999.000,9999.000,9999.000,9999.000
202605021812,   3.355,   3.949,9999.000,9999.000,9999.000,9999.000,9999.000,9999.000,9999.000
202605021818,   3.479,   4.047,9999.000,9999.000,9999.000,9999.000,9999.000,9999.000,9999.000
202605021824,   3.600,   4.129,9999.000,9999.000,9999.000,9999.000,9999.000,9999.000,9999.000
202605021830,   3.718,   4.247,9999.000,9999.000,9999.000,9999.000,9999.000,9999.000,9999.000
202605021836,   3.833,   4.359,9999.000,9999.000,9999.000,9999.000,9999.000,9999.000,9999.000
202605021842,   3.944,   4.500,9999.000,9999.000,9999.000,9999.000,9999.000,9999.000,9999.000
202605021848,   4.052,   4.598,9999.000,9999.000,9999.000,9999.000,9999.000,9999.000,9999.000
202605021854,   4.156,   4.759,9999.000,9999.000,9999.000,9999.000,9999.000,9999.000,9999.000
202605021900,   4.255,   4.818,   0.200,   0.363,   4.818,   0.100,   4.718,   0.200,   4.818
202605021906,   4.351,   4.979,9999.000,9999.000,9999.000,9999.000,9999.000,9999.000,9999.000
202605021912,   4.441,   4.998,9999.000,9999.000,9999.000,9999.000,9999.000,9999.000,9999.000
202605021918,   4.527,   5.077,9999.000,9999.000,9999.000,9999.000,9999.000,9999.000,9999.000
202605021924,   4.608,   5.149,9999.000,9999.000,9999.000,9999.000,9999.000,9999.000,9999.000
202605021930,   4.684,   5.208,9999.000,9999.000,9999.000,9999.000,9999.000,9999.000,9999.000
202605021936,   4.755,   5.287,9999.000,9999.000,9999.000,9999.000,9999.000,9999.000,9999.000
202605021942,   4.820,   5.369,9999.000,9999.000,9999.000,9999.000,9999.000,9999.000,9999.000
202605021948,   4.880,   5.477,9999.000,9999.000,9999.000,9999.000,9999.000,9999.000,9999.000
202605021954,   4.934,   5.589,9999.000,9999.000,9999.000,9999.000,9999.000,9999.000,9999.000
202605022000,   4.982,   5.638,   0.200,   0.456,   5.638,   0.100,   5.538,   0.200,   5.638
202605022006,   5.025,   5.608,9999.000,9999.000,9999.000,9999.000,9999.000,9999.000,9999.000
202605022012,   5.062,   5.628,9999.000,9999.000,9999.000,9999.000,9999.000,9999.000,9999.000
202605022018,   5.093,   5.628,9999.000,9999.000,9999.000,9999.000,9999.000,9999.000,9999.000
202605022024,   5.118,   5.638,9999.000,9999.000,9999.000,9999.000,9999.000,9999.000,9999.000
202605022030,   5.137,   5.717,9999.000,9999.000,9999.000,9999.000,9999.000,9999.000,9999.000
202605022036,   5.151,   5.749,9999.000,9999.000,9999.000,9999.000,9999.000,9999.000,9999.000
202605022042,   5.159,   5.858,9999.000,9999.000,9999.000,9999.000,9999.000,9999.000,9999.000
202605022048,   5.162,   5.907,9999.000,9999.000,9999.000,9999.000,9999.000,9999.000,9999.000
202605022054,   5.159,   5.907,9999.000,9999.000,9999.000,9999.000,9999.000,9999.000,9999.000
202605022100,   5.151,   5.887,   0.200,   0.536,   5.887,   0.200,   5.887,   0.200,   5.887
202605022106,   5.137,   5.858,9999.000,9999.000,9999.000,9999.000,9999.000,9999.000,9999.000
202605022112,   5.119,   5.818,9999.000,9999.000,9999.000,9999.000,9999.000,9999.000,9999.000
202605022118,   5.096,   5.717,9999.000,9999.000,9999.000,9999.000,9999.000,9999.000,9999.000
202605022124,   5.068,   5.749,9999.000,9999.000,9999.000,9999.000,9999.000,9999.000,9999.000
202605022130,   5.036,   5.717,9999.000,9999.000,9999.000,9999.000,9999.000,9999.000,9999.000
202605022136,   4.999,   5.717,9999.000,9999.000,9999.000,9999.000,9999.000,9999.000,9999.000
202605022142,   4.958,   5.707,9999.000,9999.000,9999.000,9999.000,9999.000,9999.000,9999.000
202605022148,   4.913,   5.667,9999.000,9999.000,9999.000,9999.000,9999.000,9999.000,9999.000
202605022154,   4.865,   5.657,9999.000,9999.000,9999.000,9999.000,9999.000,9999.000,9999.000
202605022200,   4.813,   5.618,   0.200,   0.605,   5.618,   0.200,   5.618,   0.200,   5.618
202605022206,   4.758,   5.516,9999.000,9999.000,9999.000,9999.000,9999.000,9999.000,9999.000
202605022212,   4.700,   5.418,9999.000,9999.000,9999.000,9999.000,9999.000,9999.000,9999.000
202605022218,   4.639,   5.349,9999.000,9999.000,9999.000,9999.000,9999.000,9999.000,9999.000
202605022224,   4.576,   5.277,9999.000,9999.000,9999.000,9999.000,9999.000,9999.000,9999.000
202605022230,   4.510,   5.267,9999.000,9999.000,9999.000,9999.000,9999.000,9999.000,9999.000
202605022236,   4.442,   5.208,9999.000,9999.000,9999.000,9999.000,9999.000,9999.000,9999.000
202605022242,   4.373,   5.159,9999.000,9999.000,9999.000,9999.000,9999.000,9999.000,9999.000
202605022248,   4.301,   5.087,9999.000,9999.000,9999.000,9999.000,9999.000,9999.000,9999.000
202605022254,   4.229,   5.008,9999.000,9999.000,9999.000,9999.000,9999.000,9999.000,9999.000
202605022300,   4.155,   4.949,   0.200,   0.594,   4.949,   0.200,   4.949,   0.200,   4.949
202605022306,   4.080,   4.808,9999.000,9999.000,9999.000,9999.000,9999.000,9999.000,9999.000
202605022312,   4.004,   4.739,9999.000,9999.000,9999.000,9999.000,9999.000,9999.000,9999.000
202605022318,   3.929,   4.637,9999.000,9999.000,9999.000,9999.000,9999.000,9999.000,9999.000
202605022324,   3.853,   4.588,9999.000,9999.000,9999.000,9999.000,9999.000,9999.000,9999.000
202605022330,   3.777,   4.457,9999.000,9999.000,9999.000,9999.000,9999.000,9999.000,9999.000
202605022336,   3.701,   4.457,9999.000,9999.000,9999.000,9999.000,9999.000,9999.000,9999.000
202605022342,   3.626,   4.437,9999.000,9999.000,9999.000,9999.000,9999.000,9999.000,9999.000
202605022348,   3.552,   4.319,9999.000,9999.000,9999.000,9999.000,9999.000,9999.000,9999.000
202605022354,   3.480,   4.290,9999.000,9999.000,9999.000,9999.000,9999.000,9999.000,9999.000
202605030000,   3.408,   4.218,   0.300,   0.510,   4.218,   0.300,   4.218,   0.300,   4.218
202605030006,   3.339,   4.119,9999.000,9999.000,9999.000,9999.000,9999.000,9999.000,9999.000
202605030012,   3.272,   4.090,9999.000,9999.000,9999.000,9999.000,9999.000,9999.000,9999.000
202605030018,   3.206,   4.008,9999.000,9999.000,9999.000,9999.000,9999.000,9999.000,9999.000
202605030024,   3.144,   3.919,9999.000,9999.000,9999.000,9999.000,9999.000,9999.000,9999.000
202605030030,   3.085,   3.909,9999.000,9999.000,9999.000,9999.000,9999.000,9999.000,9999.000
202605030036,   3.028,   3.870,9999.000,9999.000,9999.000,9999.000,9999.000,9999.000,9999.000
202605030042,   2.976,   3.798,9999.000,9999.000,9999.000,9999.000,9999.000,9999.000,9999.000
202605030048,   2.927,   3.758,9999.000,9999.000,9999.000,9999.000,9999.000,9999.000,9999.000
202605030054,   2.882,   3.680,9999.000,9999.000,9999.000,9999.000,9999.000,9999.000,9999.000
202605030100,   2.841,   3.689,   0.300,   0.548,   3.689,   0.300,   3.689,   0.300,   3.689
202605030106,   2.805,   3.598,9999.000,9999.000,9999.000,9999.000,9999.000,9999.000,9999.000
202605030112,   2.774,   3.607,9999.000,9999.000,9999.000,9999.000,9999.000,9999.000,9999.000
202605030118,   2.747,   3.568,9999.000,9999.000,9999.000,9999.000,9999.000,9999.000,9999.000
202605030124,   2.726,   3.539,9999.000,9999.000,9999.000,9999.000,9999.000,9999.000,9999.000
202605030130,   2.711,   3.519,9999.000,9999.000,9999.000,9999.000,9999.000,9999.000,9999.000
202605030136,   2.700,   3.529,9999.000,9999.000,9999.000,9999.000,9999.000,9999.000,9999.000
202605030142,   2.696,   3.529,9999.000,9999.000,9999.000,9999.000,9999.000,9999.000,9999.000
202605030148,   2.697,   3.558,9999.000,9999.000,9999.000,9999.000,9999.000,9999.000,9999.000
202605030154,   2.704,   3.558,9999.000,9999.000,9999.000,9999.000,9999.000,9999.000,9999.000
202605030200,   2.717,   3.568,   0.300,   0.551,   3.568,   0.300,   3.568,   0.400,   3.668
202605030206,   2.736,   3.578,9999.000,9999.000,9999.000,9999.000,9999.000,9999.000,9999.000
202605030212,   2.760,   3.558,9999.000,9999.000,9999.000,9999.000,9999.000,9999.000,9999.000
202605030218,   2.791,   3.588,9999.000,9999.000,9999.000,9999.000,9999.000,9999.000,9999.000
202605030224,   2.827,   3.607,9999.000,9999.000,9999.000,9999.000,9999.000,9999.000,9999.000
202605030230,   2.869,   3.739,9999.000,9999.000,9999.000,9999.000,9999.000,9999.000,9999.000
202605030236,   2.916,   3.709,9999.000,9999.000,9999.000,9999.000,9999.000,9999.000,9999.000
202605030242,   2.969,   3.808,9999.000,9999.000,9999.000,9999.000,9999.000,9999.000,9999.000
202605030248,   3.027,   3.870,9999.000,9999.000,9999.000,9999.000,9999.000,9999.000,9999.000
202605030254,   3.090,   3.899,9999.000,9999.000,9999.000,9999.000,9999.000,9999.000,9999.000
202605030300,   3.158,   3.949,   0.300,   0.491,   3.949,   0.300,   3.949,   0.300,   3.949
202605030306,   3.230,   3.968,9999.000,9999.000,9999.000,9999.000,9999.000,9999.000,9999.000
202605030312,   3.307,   4.080,9999.000,9999.000,9999.000,9999.000,9999.000,9999.000,9999.000
202605030318,   3.388,   4.178,9999.000,9999.000,9999.000,9999.000,9999.000,9999.000,9999.000
202605030324,   3.472,   4.280,9999.000,9999.000,9999.000,9999.000,9999.000,9999.000,9999.000
202605030330,   3.560,   4.339,9999.000,9999.000,9999.000,9999.000,9999.000,9999.000,9999.000
202605030336,   3.651,   4.427,9999.000,9999.000,9999.000,9999.000,9999.000,9999.000,9999.000
202605030342,   3.746,   4.490,9999.000,9999.000,9999.000,9999.000,9999.000,9999.000,9999.000
202605030348,   3.842,   4.598,9999.000,9999.000,9999.000,9999.000,9999.000,9999.000,9999.000
202605030354,   3.941,   4.667,9999.000,9999.000,9999.000,9999.000,9999.000,9999.000,9999.000
202605030400,   4.042,   4.719,   0.300,   0.377,   4.719,   0.300,   4.719,   0.300,   4.719
202605030406,   4.144,   4.828,9999.000,9999.000,9999.000,9999.000,9999.000,9999.000,9999.000
202605030412,   4.248,   4.998,9999.000,9999.000,9999.000,9999.000,9999.000,9999.000,9999.000
202605030418,   4.353,   5.067,9999.000,9999.000,9999.000,9999.000,9999.000,9999.000,9999.000
202605030424,   4.458,   5.228,9999.000,9999.000,9999.000,9999.000,9999.000,9999.000,9999.000
202605030430,   4.564,   5.320,9999.000,9999.000,9999.000,9999.000,9999.000,9999.000,9999.000
202605030436,   4.670,   5.408,9999.000,9999.000,9999.000,9999.000,9999.000,9999.000,9999.000
202605030442,   4.776,   5.467,9999.000,9999.000,9999.000,9999.000,9999.000,9999.000,9999.000
202605030448,   4.882,   5.549,9999.000,9999.000,9999.000,9999.000,9999.000,9999.000,9999.000
202605030454,   4.987,   5.608,9999.000,9999.000,9999.000,9999.000,9999.000,9999.000,9999.000
202605030500,   5.091,   5.717,   0.300,   0.326,   5.717,   0.300,   5.717,   0.300,   5.717
202605030506,   5.194,   5.848,9999.000,9999.000,9999.000,9999.000,9999.000,9999.000,9999.000
202605030512,   5.296,   5.999,9999.000,9999.000,9999.000,9999.000,9999.000,9999.000,9999.000
202605030518,   5.396,   6.149,9999.000,9999.000,9999.000,9999.000,9999.000,9999.000,9999.000
202605030524,   5.495,   6.189,9999.000,9999.000,9999.000,9999.000,9999.000,9999.000,9999.000
202605030530,   5.591,   6.307,9999.000,9999.000,9999.000,9999.000,9999.000,9999.000,9999.000
202605030536,   5.686,   6.409,9999.000,9999.000,9999.000,9999.000,9999.000,9999.000,9999.000
202605030542,   5.778,   6.477,9999.000,9999.000,9999.000,9999.000,9999.000,9999.000,9999.000
202605030548,   5.868,   6.517,9999.000,9999.000,9999.000,9999.000,9999.000,9999.000,9999.000
202605030554,   5.955,   6.589,9999.000,9999.000,9999.000,9999.000,9999.000,9999.000,9999.000
202605030600,   6.039,   6.687,   0.300,   0.348,   6.687,   0.300,   6.687,   0.300,   6.687
202605030606,   6.120,   6.848,9999.000,9999.000,9999.000,9999.000,9999.000,9999.000,9999.000
202605030612,   6.197,   6.927,9999.000,9999.000,9999.000,9999.000,9999.000,9999.000,9999.000
202605030618,   6.271,   7.029,9999.000,9999.000,9999.000,9999.000,9999.000,9999.000,9999.000
202605030624,   6.341,   7.088,9999.000,9999.000,9999.000,9999.000,9999.000,9999.000,9999.000
202605030630,   6.407,   7.176,9999.000,9999.000,9999.000,9999.000,9999.000,9999.000,9999.000
202605030636,   6.469,   7.229,9999.000,9999.000,9999.000,9999.000,9999.000,9999.000,9999.000
202605030642,   6.527,   7.248,9999.000,9999.000,9999.000,9999.000,9999.000,9999.000,9999.000
202605030648,   6.580,   7.317,9999.000,9999.000,9999.000,9999.000,9999.000,9999.000,9999.000
202605030654,   6.628,   7.327,9999.000,9999.000,9999.000,9999.000,9999.000,9999.000,9999.000
202605030700,   6.672,   7.366,   0.300,   0.394,   7.366,   0.300,   7.366,   0.300,   7.366
202605030706,   6.710,   7.458,9999.000,9999.000,9999.000,9999.000,9999.000,9999.000,9999.000
202605030712,   6.743,   7.566,9999.000,9999.000,9999.000,9999.000,9999.000,9999.000,9999.000
202605030718,   6.770,   7.639,9999.000,9999.000,9999.000,9999.000,9999.000,9999.000,9999.000
202605030724,   6.791,   7.688,9999.000,9999.000,9999.000,9999.000,9999.000,9999.000,9999.000
202605030730,   6.807,   7.678,9999.000,9999.000,9999.000,9999.000,9999.000,9999.000,9999.000
202605030736,   6.816,   7.639,9999.000,9999.000,9999.000,9999.000,9999.000,9999.000,9999.000
202605030742,   6.819,   7.619,9999.000,9999.000,9999.000,9999.000,9999.000,9999.000,9999.000
202605030748,   6.816,   7.537,9999.000,9999.000,9999.000,9999.000,9999.000,9999.000,9999.000
202605030754,   6.807,   7.537,9999.000,9999.000,9999.000,9999.000,9999.000,9999.000,9999.000
202605030800,   6.790,   7.609,   0.300,   0.519,   7.609,   0.300,   7.609,   0.300,   7.609
202605030806,   6.767,   7.566,9999.000,9999.000,9999.000,9999.000,9999.000,9999.000,9999.000
202605030812,   6.737,   7.619,9999.000,9999.000,9999.000,9999.000,9999.000,9999.000,9999.000
202605030818,   6.701,   7.586,9999.000,9999.000,9999.000,9999.000,9999.000,9999.000,9999.000
202605030824,   6.657,   7.596,9999.000,9999.000,9999.000,9999.000,9999.000,9999.000,9999.000
202605030830,   6.607,   7.517,9999.000,9999.000,9999.000,9999.000,9999.000,9999.000,9999.000
202605030836,   6.550,   7.376,9999.000,9999.000,9999.000,9999.000,9999.000,9999.000,9999.000
202605030842,   6.486,   7.288,9999.000,9999.000,9999.000,9999.000,9999.000,9999.000,9999.000
202605030848,   6.416,   7.248,9999.000,9999.000,9999.000,9999.000,9999.000,9999.000,9999.000
202605030854,   6.339,   7.137,9999.000,9999.000,9999.000,9999.000,9999.000,9999.000,9999.000
202605030900,   6.255,   7.107,   0.300,   0.552,   7.107,   0.300,   7.107,   0.400,   7.207
202605030906,   6.165,   7.038,9999.000,9999.000,9999.000,9999.000,9999.000,9999.000,9999.000
202605030912,   6.069,   6.989,9999.000,9999.000,9999.000,9999.000,9999.000,9999.000,9999.000
202605030918,   5.967,   6.887,9999.000,9999.000,9999.000,9999.000,9999.000,9999.000,9999.000
202605030924,   5.859,   6.756,9999.000,9999.000,9999.000,9999.000,9999.000,9999.000,9999.000
202605030930,   5.745,   6.628,9999.000,9999.000,9999.000,9999.000,9999.000,9999.000,9999.000
202605030936,   5.626,   6.487,9999.000,9999.000,9999.000,9999.000,9999.000,9999.000,9999.000
202605030942,   5.501,   6.409,9999.000,9999.000,9999.000,9999.000,9999.000,9999.000,9999.000
202605030948,   5.372,   6.248,9999.000,9999.000,9999.000,9999.000,9999.000,9999.000,9999.000
202605030954,   5.238,   6.159,9999.000,9999.000,9999.000,9999.000,9999.000,9999.000,9999.000
202605031000,   5.100,   5.949,   0.400,   0.449,   5.949,   0.300,   5.849,   0.400,   5.949
202605031006,   4.957,   5.897,9999.000,9999.000,9999.000,9999.000,9999.000,9999.000,9999.000
202605031012,   4.810,   5.730,9999.000,9999.000,9999.000,9999.000,9999.000,9999.000,9999.000
202605031018,   4.660,   5.579,9999.000,9999.000,9999.000,9999.000,9999.000,9999.000,9999.000
202605031024,   4.507,   5.438,9999.000,9999.000,9999.000,9999.000,9999.000,9999.000,9999.000
202605031030,   4.350,   5.287,9999.000,9999.000,9999.000,9999.000,9999.000,9999.000,9999.000
202605031036,   4.191,   5.110,9999.000,9999.000,9999.000,9999.000,9999.000,9999.000,9999.000
202605031042,   4.030,   5.028,9999.000,9999.000,9999.000,9999.000,9999.000,9999.000,9999.000
202605031048,   3.866,   4.857,9999.000,9999.000,9999.000,9999.000,9999.000,9999.000,9999.000
202605031054,   3.701,   4.719,9999.000,9999.000,9999.000,9999.000,9999.000,9999.000,9999.000
202605031100,   3.534,   4.549,   0.400,   0.615,   4.549,   0.300,   4.449,   0.400,   4.549
202605031106,   3.366,   4.388,9999.000,9999.000,9999.000,9999.000,9999.000,9999.000,9999.000
202605031112,   3.197,   4.208,9999.000,9999.000,9999.000,9999.000,9999.000,9999.000,9999.000
202605031118,   3.027,   4.057,9999.000,9999.000,9999.000,9999.000,9999.000,9999.000,9999.000
202605031124,   2.857,   3.949,9999.000,9999.000,9999.000,9999.000,9999.000,9999.000,9999.000
202605031130,   2.688,   3.768,9999.000,9999.000,9999.000,9999.000,9999.000,9999.000,9999.000
202605031136,   2.518,   3.617,9999.000,9999.000,9999.000,9999.000,9999.000,9999.000,9999.000
202605031142,   2.350,   3.480,9999.000,9999.000,9999.000,9999.000,9999.000,9999.000,9999.000
202605031148,   2.182,   3.289,9999.000,9999.000,9999.000,9999.000,9999.000,9999.000,9999.000
202605031154,   2.016,   3.158,9999.000,9999.000,9999.000,9999.000,9999.000,9999.000,9999.000
202605031200,   1.851,   2.997,   0.300,   0.846,   2.997,   0.300,   2.997,   0.400,   3.097
202605031206,   1.689,   2.820,9999.000,9999.000,9999.000,9999.000,9999.000,9999.000,9999.000
202605031212,   1.529,   2.709,9999.000,9999.000,9999.000,9999.000,9999.000,9999.000,9999.000
202605031218,   1.371,   2.538,9999.000,9999.000,9999.000,9999.000,9999.000,9999.000,9999.000
202605031224,   1.217,   2.377,9999.000,9999.000,9999.000,9999.000,9999.000,9999.000,9999.000
202605031230,   1.066,   2.210,9999.000,9999.000,9999.000,9999.000,9999.000,9999.000,9999.000
202605031236,   0.919,   2.069,9999.000,9999.000,9999.000,9999.000,9999.000,9999.000,9999.000
202605031242,   0.775,   1.967,9999.000,9999.000,9999.000,9999.000,9999.000,9999.000,9999.000
202605031248,   0.637,   1.840,9999.000,9999.000,9999.000,9999.000,9999.000,9999.000,9999.000
202605031254,   0.503,   1.649,9999.000,9999.000,9999.000,9999.000,9999.000,9999.000,9999.000
202605031300,   0.374,   1.508,   0.400,   0.734,   1.508,   0.300,   1.408,   0.400,   1.508
202605031306,   0.250,   1.410,9999.000,9999.000,9999.000,9999.000,9999.000,9999.000,9999.000
202605031312,   0.132,   1.269,9999.000,9999.000,9999.000,9999.000,9999.000,9999.000,9999.000
202605031318,   0.021,   1.138,9999.000,9999.000,9999.000,9999.000,9999.000,9999.000,9999.000
202605031324,  -0.084,   1.039,9999.000,9999.000,9999.000,9999.000,9999.000,9999.000,9999.000
202605031330,  -0.183,   0.888,9999.000,9999.000,9999.000,9999.000,9999.000,9999.000,9999.000
202605031336,  -0.274,   0.800,9999.000,9999.000,9999.000,9999.000,9999.000,9999.000,9999.000
202605031342,  -0.359,   0.731,9999.000,9999.000,9999.000,9999.000,9999.000,9999.000,9999.000
202605031348,  -0.437,   0.649,9999.000,9999.000,9999.000,9999.000,9999.000,9999.000,9999.000
202605031354,  -0.507,   0.531,9999.000,9999.000,9999.000,9999.000,9999.000,9999.000,9999.000
202605031400,  -0.569,   0.478,   0.400,   0.647,   0.478,   0.400,   0.478,   0.400,   0.478
202605031406,  -0.623,   0.360,9999.000,9999.000,9999.000,9999.000,9999.000,9999.000,9999.000
202605031412,  -0.669,   0.331,9999.000,9999.000,9999.000,9999.000,9999.000,9999.000,9999.000
202605031418,  -0.708,   0.239,9999.000,9999.000,9999.000,9999.000,9999.000,9999.000,9999.000
202605031424,  -0.738,   0.150,9999.000,9999.000,9999.000,9999.000,9999.000,9999.000,9999.000
202605031430,  -0.760,   0.131,9999.000,9999.000,9999.000,9999.000,9999.000,9999.000,9999.000
202605031436,  -0.773,   0.049,9999.000,9999.000,9999.000,9999.000,9999.000,9999.000,9999.000
202605031442,  -0.779,   0.180,9999.000,9999.000,9999.000,9999.000,9999.000,9999.000,9999.000
202605031448,  -0.776,   0.200,9999.000,9999.000,9999.000,9999.000,9999.000,9999.000,9999.000
202605031454,  -0.766,   0.160,9999.000,9999.000,9999.000,9999.000,9999.000,9999.000,9999.000
202605031500,  -0.747,   0.131,   0.300,   0.578,   0.131,   0.300,   0.131,   0.300,   0.131
202605031506,  -0.721,   0.160,9999.000,9999.000,9999.000,9999.000,9999.000,9999.000,9999.000
202605031512,  -0.688,   0.111,9999.000,9999.000,9999.000,9999.000,9999.000,9999.000,9999.000
202605031518,  -0.647,   0.160,9999.000,9999.000,9999.000,9999.000,9999.000,9999.000,9999.000
202605031524,  -0.598,   0.180,9999.000,9999.000,9999.000,9999.000,9999.000,9999.000,9999.000
202605031530,  -0.543,   0.341,9999.000,9999.000,9999.000,9999.000,9999.000,9999.000,9999.000
202605031536,  -0.481,   0.419,9999.000,9999.000,9999.000,9999.000,9999.000,9999.000,9999.000
202605031542,  -0.413,   0.459,9999.000,9999.000,9999.000,9999.000,9999.000,9999.000,9999.000
202605031548,  -0.339,   0.459,9999.000,9999.000,9999.000,9999.000,9999.000,9999.000,9999.000
202605031554,  -0.259,   0.560,9999.000,9999.000,9999.000,9999.000,9999.000,9999.000,9999.000
202605031600,  -0.174,   0.669,   0.300,   0.543,   0.669,   0.300,   0.669,   0.300,   0.669
202605031606,  -0.083,   0.741,9999.000,9999.000,9999.000,9999.000,9999.000,9999.000,9999.000
202605031612,   0.011,   0.888,9999.000,9999.000,9999.000,9999.000,9999.000,9999.000,9999.000
202605031618,   0.111,   0.980,9999.000,9999.000,9999.000,9999.000,9999.000,9999.000,9999.000
202605031624,   0.215,   1.138,9999.000,9999.000,9999.000,9999.000,9999.000,9999.000,9999.000
202605031630,   0.323,   1.161,9999.000,9999.000,9999.000,9999.000,9999.000,9999.000,9999.000
202605031636,   0.435,   1.298,9999.000,9999.000,9999.000,9999.000,9999.000,9999.000,9999.000
202605031642,   0.549,   1.380,9999.000,9999.000,9999.000,9999.000,9999.000,9999.000,9999.000
202605031648,   0.667,   1.508,9999.000,9999.000,9999.000,9999.000,9999.000,9999.000,9999.000
202605031654,   0.787,   1.659,9999.000,9999.000,9999.000,9999.000,9999.000,9999.000,9999.000
202605031700,   0.910,   1.718,   0.300,   0.508,   1.718,   0.300,   1.718,   0.400,   1.818
202605031706,   1.034,   1.889,9999.000,9999.000,9999.000,9999.000,9999.000,9999.000,9999.000
202605031712,   1.160,   1.967,9999.000,9999.000,9999.000,9999.000,9999.000,9999.000,9999.000
202605031718,   1.288,   2.079,9999.000,9999.000,9999.000,9999.000,9999.000,9999.000,9999.000
202605031724,   1.417,   2.220,9999.000,9999.000,9999.000,9999.000,9999.000,9999.000,9999.000
202605031730,   1.547,   2.387,9999.000,9999.000,9999.000,9999.000,9999.000,9999.000,9999.000
202605031736,   1.677,   2.538,9999.000,9999.000,9999.000,9999.000,9999.000,9999.000,9999.000
202605031742,   1.808,   2.669,9999.000,9999.000,9999.000,9999.000,9999.000,9999.000,9999.000
202605031748,   1.940,   2.728,9999.000,9999.000,9999.000,9999.000,9999.000,9999.000,9999.000
202605031754,   2.071,   2.787,9999.000,9999.000,9999.000,9999.000,9999.000,9999.000,9999.000
202605031800,   2.202,   2.958,   0.300,   0.456,   2.958,   0.300,   2.958,   0.300,   2.958
202605031806,   2.333,   3.148,9999.000,9999.000,9999.000,9999.000,9999.000,9999.000,9999.000
202605031812,   2.463,   3.309,9999.000,9999.000,9999.000,9999.000,9999.000,9999.000,9999.000
202605031818,   2.592,   3.460,9999.000,9999.000,9999.000,9999.000,9999.000,9999.000,9999.000
202605031824,   2.721,   3.499,9999.000,9999.000,9999.000,9999.000,9999.000,9999.000,9999.000
202605031830,   2.848,   3.660,9999.000,9999.000,9999.000,9999.000,9999.000,9999.000,9999.000
202605031836,   2.973,   3.778,9999.000,9999.000,9999.000,9999.000,9999.000,9999.000,9999.000
202605031842,   3.097,   3.919,9999.000,9999.000,9999.000,9999.000,9999.000,9999.000,9999.000
202605031848,   3.218,   3.958,9999.000,9999.000,9999.000,9999.000,9999.000,9999.000,9999.000
202605031854,   3.338,   4.080,9999.000,9999.000,9999.000,9999.000,9999.000,9999.000,9999.000
202605031900,   3.455,   4.168,   0.300,   0.413,   4.168,   0.300,   4.168,   0.300,   4.168
202605031906,   3.570,   4.319,9999.000,9999.000,9999.000,9999.000,9999.000,9999.000,9999.000
202605031912,   3.681,   4.408,9999.000,9999.000,9999.000,9999.000,9999.000,9999.000,9999.000
202605031918,   3.790,   4.539,9999.000,9999.000,9999.000,9999.000,9999.000,9999.000,9999.000
202605031924,   3.896,   4.637,9999.000,9999.000,9999.000,9999.000,9999.000,9999.000,9999.000
202605031930,   3.997,   4.749,9999.000,9999.000,9999.000,9999.000,9999.000,9999.000,9999.000
202605031936,   4.096,   4.818,9999.000,9999.000,9999.000,9999.000,9999.000,9999.000,9999.000
202605031942,   4.190,   4.929,9999.000,9999.000,9999.000,9999.000,9999.000,9999.000,9999.000
202605031948,   4.280,   4.998,9999.000,9999.000,9999.000,9999.000,9999.000,9999.000,9999.000
202605031954,   4.366,   5.057,9999.000,9999.000,9999.000,9999.000,9999.000,9999.000,9999.000
202605032000,   4.447,   5.120,   0.300,   0.373,   5.120,   0.300,   5.120,   0.300,   5.120
202605032006,   4.524,   5.238,9999.000,9999.000,9999.000,9999.000,9999.000,9999.000,9999.000
202605032012,   4.596,   5.369,9999.000,9999.000,9999.000,9999.000,9999.000,9999.000,9999.000
202605032018,   4.663,   5.448,9999.000,9999.000,9999.000,9999.000,9999.000,9999.000,9999.000
202605032024,   4.725,   5.487,9999.000,9999.000,9999.000,9999.000,9999.000,9999.000,9999.000
202605032030,   4.781,   5.539,9999.000,9999.000,9999.000,9999.000,9999.000,9999.000,9999.000
202605032036,   4.832,   5.657,9999.000,9999.000,9999.000,9999.000,9999.000,9999.000,9999.000
202605032042,   4.878,   5.687,9999.000,9999.000,9999.000,9999.000,9999.000,9999.000,9999.000
202605032048,   4.919,   5.648,9999.000,9999.000,9999.000,9999.000,9999.000,9999.000,9999.000
202605032054,   4.954,   5.638,9999.000,9999.000,9999.000,9999.000,9999.000,9999.000,9999.000
202605032100,   4.983,   5.749,   0.300,   0.466,   5.749,   0.300,   5.749,   0.300,   5.749
202605032106,   5.008,   5.739,9999.000,9999.000,9999.000,9999.000,9999.000,9999.000,9999.000
202605032112,   5.026,   5.877,9999.000,9999.000,9999.000,9999.000,9999.000,9999.000,9999.000
202605032118,   5.039,   5.926,9999.000,9999.000,9999.000,9999.000,9999.000,9999.000,9999.000
202605032124,   5.048,   5.979,9999.000,9999.000,9999.000,9999.000,9999.000,9999.000,9999.000
202605032130,   5.050,   5.999,9999.000,9999.000,9999.000,9999.000,9999.000,9999.000,9999.000
202605032136,   5.048,   5.877,9999.000,9999.000,9999.000,9999.000,9999.000,9999.000,9999.000
202605032142,   5.041,   5.848,9999.000,9999.000,9999.000,9999.000,9999.000,9999.000,9999.000
202605032148,   5.029,   5.838,9999.000,9999.000,9999.000,9999.000,9999.000,9999.000,9999.000
202605032154,   5.012,   5.808,9999.000,9999.000,9999.000,9999.000,9999.000,9999.000,9999.000
202605032200,   4.991,   5.887,   0.300,   0.596,   5.887,   0.300,   5.887,   0.300,   5.887
202605032206,   4.965,   5.877,9999.000,9999.000,9999.000,9999.000,9999.000,9999.000,9999.000
202605032212,   4.936,   5.897,9999.000,9999.000,9999.000,9999.000,9999.000,9999.000,9999.000
202605032218,   4.902,   5.848,9999.000,9999.000,9999.000,9999.000,9999.000,9999.000,9999.000
202605032224,   4.865,   5.917,9999.000,9999.000,9999.000,9999.000,9999.000,9999.000,9999.000
202605032230,   4.825,   5.858,9999.000,9999.000,9999.000,9999.000,9999.000,9999.000,9999.000
202605032236,   4.781,   5.789,9999.000,9999.000,9999.000,9999.000,9999.000,9999.000,9999.000
202605032242,   4.734,   5.648,9999.000,9999.000,9999.000,9999.000,9999.000,9999.000,9999.000
202605032248,   4.684,   5.539,9999.000,9999.000,9999.000,9999.000,9999.000,9999.000,9999.000
202605032254,   4.632,   5.507,9999.000,9999.000,9999.000,9999.000,9999.000,9999.000,9999.000
202605032300,   4.577,   5.467,   0.300,   0.590,   5.467,   0.300,   5.467,   0.300,   5.467
202605032306,   4.521,   5.507,9999.000,9999.000,9999.000,9999.000,9999.000,9999.000,9999.000
202605032312,   4.462,   5.497,9999.000,9999.000,9999.000,9999.000,9999.000,9999.000,9999.000
202605032318,   4.402,   5.467,9999.000,9999.000,9999.000,9999.000,9999.000,9999.000,9999.000
202605032324,   4.340,   5.369,9999.000,9999.000,9999.000,9999.000,9999.000,9999.000,9999.000
202605032330,   4.278,   5.297,9999.000,9999.000,9999.000,9999.000,9999.000,9999.000,9999.000
202605032336,   4.214,   5.208,9999.000,9999.000,9999.000,9999.000,9999.000,9999.000,9999.000
202605032342,   4.150,   5.129,9999.000,9999.000,9999.000,9999.000,9999.000,9999.000,9999.000
202605032348,   4.085,   5.067,9999.000,9999.000,9999.000,9999.000,9999.000,9999.000,9999.000
202605032354,   4.019,   4.929,9999.000,9999.000,9999.000,9999.000,9999.000,9999.000,9999.000
202605040000,   3.954,   4.808,   0.300,   0.554,   4.808,   0.300,   4.808,   0.400,   4.908
202605040006,   3.889,   4.788,9999.000,9999.000,9999.000,9999.000,9999.000,9999.000,9999.000
202605040012,   3.825,   4.847,9999.000,9999.000,9999.000,9999.000,9999.000,9999.000,9999.000
202605040018,   3.761,   4.769,9999.000,9999.000,9999.000,9999.000,9999.000,9999.000,9999.000
202605040024,   3.698,   4.690,9999.000,9999.000,9999.000,9999.000,9999.000,9999.000,9999.000
202605040030,   3.636,   4.578,9999.000,9999.000,9999.000,9999.000,9999.000,9999.000,9999.000
202605040036,   3.575,   4.569,9999.000,9999.000,9999.000,9999.000,9999.000,9999.000,9999.000
202605040042,   3.516,   4.457,9999.000,9999.000,9999.000,9999.000,9999.000,9999.000,9999.000
202605040048,   3.459,   4.359,9999.000,9999.000,9999.000,9999.000,9999.000,9999.000,9999.000
202605040054,   3.404,   4.329,9999.000,9999.000,9999.000,9999.000,9999.000,9999.000,9999.000
202605040100,   3.351,   4.257,   0.400,   0.506,   4.257,   0.300,   4.157,   0.400,   4.257
202605040106,   3.301,   4.218,9999.000,9999.000,9999.000,9999.000,9999.000,9999.000,9999.000
202605040112,   3.254,   4.119,9999.000,9999.000,9999.000,9999.000,9999.000,9999.000,9999.000
202605040118,   3.209,   4.237,9999.000,9999.000,9999.000,9999.000,9999.000,9999.000,9999.000
202605040124,   3.168,   4.139,9999.000,9999.000,9999.000,9999.000,9999.000,9999.000,9999.000
202605040130,   3.131,   4.090,9999.000,9999.000,9999.000,9999.000,9999.000,9999.000,9999.000
202605040136,   3.097,   4.129,9999.000,9999.000,9999.000,9999.000,9999.000,9999.000,9999.000
202605040142,   3.068,   3.978,9999.000,9999.000,9999.000,9999.000,9999.000,9999.000,9999.000
202605040148,   3.042,   3.988,9999.000,9999.000,9999.000,9999.000,9999.000,9999.000,9999.000
202605040154,   3.021,   3.909,9999.000,9999.000,9999.000,9999.000,9999.000,9999.000,9999.000
202605040200,   3.004,   4.047,   0.300,   0.743,   4.047,   0.300,   4.047,   0.400,   4.147
202605040206,   2.992,   3.968,9999.000,9999.000,9999.000,9999.000,9999.000,9999.000,9999.000
202605040212,   2.985,   3.978,9999.000,9999.000,9999.000,9999.000,9999.000,9999.000,9999.000
202605040218,   2.983,   3.909,9999.000,9999.000,9999.000,9999.000,9999.000,9999.000,9999.000
202605040224,   2.986,   3.890,9999.000,9999.000,9999.000,9999.000,9999.000,9999.000,9999.000
202605040230,   2.994,   3.998,9999.000,9999.000,9999.000,9999.000,9999.000,9999.000,9999.000
202605040236,   3.008,   3.880,9999.000,9999.000,9999.000,9999.000,9999.000,9999.000,9999.000
202605040242,   3.026,   4.008,9999.000,9999.000,9999.000,9999.000,9999.000,9999.000,9999.000
202605040248,   3.050,   3.988,9999.000,9999.000,9999.000,9999.000,9999.000,9999.000,9999.000
202605040254,   3.079,   3.998,9999.000,9999.000,9999.000,9999.000,9999.000,9999.000,9999.000
202605040300,   3.114,   3.978,   0.300,   0.564,   3.978,   0.300,   3.978,   0.300,   3.978
202605040306,   3.153,   4.080,9999.000,9999.000,9999.000,9999.000,9999.000,9999.000,9999.000
202605040312,   3.198,   4.099,9999.000,9999.000,9999.000,9999.000,9999.000,9999.000,9999.000
202605040318,   3.248,   4.149,9999.000,9999.000,9999.000,9999.000,9999.000,9999.000,9999.000
202605040324,   3.302,   4.198,9999.000,9999.000,9999.000,9999.000,9999.000,9999.000,9999.000
202605040330,   3.361,   4.247,9999.000,9999.000,9999.000,9999.000,9999.000,9999.000,9999.000
202605040336,   3.424,   4.247,9999.000,9999.000,9999.000,9999.000,9999.000,9999.000,9999.000
202605040342,   3.492,   4.368,9999.000,9999.000,9999.000,9999.000,9999.000,9999.000,9999.000
202605040348,   3.564,   4.480,9999.000,9999.000,9999.000,9999.000,9999.000,9999.000,9999.000
202605040354,   3.639,   4.490,9999.000,9999.000,9999.000,9999.000,9999.000,9999.000,9999.000
202605040400,   3.718,   4.608,   0.300,   0.590,   4.608,   0.300,   4.608,   0.300,   4.608
202605040406,   3.800,   4.690,9999.000,9999.000,9999.000,9999.000,9999.000,9999.000,9999.000
202605040412,   3.884,   4.788,9999.000,9999.000,9999.000,9999.000,9999.000,9999.000,9999.000
202605040418,   3.972,   4.929,9999.000,9999.000,9999.000,9999.000,9999.000,9999.000,9999.000
202605040424,   4.062,   4.939,9999.000,9999.000,9999.000,9999.000,9999.000,9999.000,9999.000
202605040430,   4.153,   5.038,9999.000,9999.000,9999.000,9999.000,9999.000,9999.000,9999.000
202605040436,   4.247,   5.057,9999.000,9999.000,9999.000,9999.000,9999.000,9999.000,9999.000
202605040442,   4.342,   5.149,9999.000,9999.000,9999.000,9999.000,9999.000,9999.000,9999.000
202605040448,   4.437,   5.247,9999.000,9999.000,9999.000,9999.000,9999.000,9999.000,9999.000
202605040454,   4.534,   5.389,9999.000,9999.000,9999.000,9999.000,9999.000,9999.000,9999.000
202605040500,   4.631,   5.530,   0.300,   0.599,   5.530,   0.300,   5.530,   0.400,   5.630
202605040506,   4.729,   5.569,9999.000,9999.000,9999.000,9999.000,9999.000,9999.000,9999.000
202605040512,   4.826,   5.657,9999.000,9999.000,9999.000,9999.000,9999.000,9999.000,9999.000
202605040518,   4.923,   5.730,9999.000,9999.000,9999.000,9999.000,9999.000,9999.000,9999.000
202605040524,   5.020,   5.759,9999.000,9999.000,9999.000,9999.000,9999.000,9999.000,9999.000
202605040530,   5.115,   5.897,9999.000,9999.000,9999.000,9999.000,9999.000,9999.000,9999.000
202605040536,   5.210,   6.097,9999.000,9999.000,9999.000,9999.000,9999.000,9999.000,9999.000
202605040542,   5.303,   6.169,9999.000,9999.000,9999.000,9999.000,9999.000,9999.000,9999.000
202605040548,   5.395,   6.238,9999.000,9999.000,9999.000,9999.000,9999.000,9999.000,9999.000
202605040554,   5.485,   6.389,9999.000,9999.000,9999.000,9999.000,9999.000,9999.000,9999.000
202605040600,   5.573,   6.448,   0.300,   0.575,   6.448,   0.300,   6.448,   0.300,   6.448
202605040606,   5.659,   6.487,9999.000,9999.000,9999.000,9999.000,9999.000,9999.000,9999.000
202605040612,   5.743,   6.569,9999.000,9999.000,9999.000,9999.000,9999.000,9999.000,9999.000
202605040618,   5.824,   6.687,9999.000,9999.000,9999.000,9999.000,9999.000,9999.000,9999.000
202605040624,   5.903,   6.838,9999.000,9999.000,9999.000,9999.000,9999.000,9999.000,9999.000
202605040630,   5.979,   6.887,9999.000,9999.000,9999.000,9999.000,9999.000,9999.000,9999.000
202605040636,   6.052,   6.878,9999.000,9999.000,9999.000,9999.000,9999.000,9999.000,9999.000
202605040642,   6.121,   6.927,9999.000,9999.000,9999.000,9999.000,9999.000,9999.000,9999.000
202605040648,   6.188,   7.097,9999.000,9999.000,9999.000,9999.000,9999.000,9999.000,9999.000
202605040654,   6.251,   7.166,9999.000,9999.000,9999.000,9999.000,9999.000,9999.000,9999.000
202605040700,   6.311,   7.297,   0.300,   0.686,   7.297,   0.300,   7.297,   0.300,   7.297
202605040706,   6.366,   7.268,9999.000,9999.000,9999.000,9999.000,9999.000,9999.000,9999.000
202605040712,   6.418,   7.317,9999.000,9999.000,9999.000,9999.000,9999.000,9999.000,9999.000
202605040718,   6.466,   7.458,9999.000,9999.000,9999.000,9999.000,9999.000,9999.000,9999.000
202605040724,   6.509,   7.448,9999.000,9999.000,9999.000,9999.000,9999.000,9999.000,9999.000
202605040730,   6.548,   7.439,9999.000,9999.000,9999.000,9999.000,9999.000,9999.000,9999.000
202605040736,   6.583,   7.586,9999.000,9999.000,9999.000,9999.000,9999.000,9999.000,9999.000
202605040742,   6.612,   7.707,9999.000,9999.000,9999.000,9999.000,9999.000,9999.000,9999.000
202605040748,   6.637,   7.678,9999.000,9999.000,9999.000,9999.000,9999.000,9999.000,9999.000
202605040754,   6.657,   7.537,9999.000,9999.000,9999.000,9999.000,9999.000,9999.000,9999.000
202605040800,   6.671,   7.537,   0.300,   0.566,   7.537,   0.200,   7.437,   0.300,   7.537
202605040806,   6.680,   7.527,9999.000,9999.000,9999.000,9999.000,9999.000,9999.000,9999.000
202605040812,   6.683,   7.527,9999.000,9999.000,9999.000,9999.000,9999.000,9999.000,9999.000
202605040818,   6.680,   7.629,9999.000,9999.000,9999.000,9999.000,9999.000,9999.000,9999.000
202605040824,   6.672,   7.586,9999.000,9999.000,9999.000,9999.000,9999.000,9999.000,9999.000
202605040830,   6.658,   7.658,9999.000,9999.000,9999.000,9999.000,9999.000,9999.000,9999.000
202605040836,   6.637,   7.566,9999.000,9999.000,9999.000,9999.000,9999.000,9999.000,9999.000
202605040842,   6.611,   7.468,9999.000,9999.000,9999.000,9999.000,9999.000,9999.000,9999.000
202605040848,   6.578,   7.337,9999.000,9999.000,9999.000,9999.000,9999.000,9999.000,9999.000
202605040854,   6.539,   7.409,9999.000,9999.000,9999.000,9999.000,9999.000,9999.000,9999.000
202605040900,   6.493,   7.409,   0.300,   0.616,   7.409,   0.300,   7.409,   0.300,   7.409
202605040906,   6.441,   7.366,9999.000,9999.000,9999.000,9999.000,9999.000,9999.000,9999.000
202605040912,   6.383,   7.366,9999.000,9999.000,9999.000,9999.000,9999.000,9999.000,9999.000
202605040918,   6.318,   7.307,9999.000,9999.000,9999.000,9999.000,9999.000,9999.000,9999.000
202605040924,   6.247,   7.219,9999.000,9999.000,9999.000,9999.000,9999.000,9999.000,9999.000
202605040930,   6.170,   7.038,9999.000,9999.000,9999.000,9999.000,9999.000,9999.000,9999.000
202605040936,   6.087,   6.917,9999.000,9999.000,9999.000,9999.000,9999.000,9999.000,9999.000
202605040942,   5.998,   6.819,9999.000,9999.000,9999.000,9999.000,9999.000,9999.000,9999.000
202605040948,   5.902,   6.779,9999.000,9999.000,9999.000,9999.000,9999.000,9999.000,9999.000
202605040954,   5.801,   6.678,9999.000,9999.000,9999.000,9999.000,9999.000,9999.000,9999.000
202605041000,   5.695,   6.687,   0.300,   0.692,   6.687,   0.300,   6.687,   0.300,   6.687
202605041006,   5.583,   6.569,9999.000,9999.000,9999.000,9999.000,9999.000,9999.000,9999.000
202605041012,   5.466,   6.327,9999.000,9999.000,9999.000,9999.000,9999.000,9999.000,9999.000
202605041018,   5.344,   6.218,9999.000,9999.000,9999.000,9999.000,9999.000,9999.000,9999.000
202605041024,   5.217,   6.149,9999.000,9999.000,9999.000,9999.000,9999.000,9999.000,9999.000
202605041030,   5.086,   6.048,9999.000,9999.000,9999.000,9999.000,9999.000,9999.000,9999.000
202605041036,   4.951,   5.877,9999.000,9999.000,9999.000,9999.000,9999.000,9999.000,9999.000
202605041042,   4.812,   5.779,9999.000,9999.000,9999.000,9999.000,9999.000,9999.000,9999.000
202605041048,   4.669,   5.530,9999.000,9999.000,9999.000,9999.000,9999.000,9999.000,9999.000
202605041054,   4.523,   5.467,9999.000,9999.000,9999.000,9999.000,9999.000,9999.000,9999.000
202605041100,   4.374,   5.320,   0.300,   0.646,   5.320,   0.300,   5.320,   0.300,   5.320
202605041106,   4.222,   5.247,9999.000,9999.000,9999.000,9999.000,9999.000,9999.000,9999.000
202605041112,   4.068,   5.028,9999.000,9999.000,9999.000,9999.000,9999.000,9999.000,9999.000
202605041118,   3.912,   4.857,9999.000,9999.000,9999.000,9999.000,9999.000,9999.000,9999.000
202605041124,   3.754,   4.729,9999.000,9999.000,9999.000,9999.000,9999.000,9999.000,9999.000
202605041130,   3.594,   4.628,9999.000,9999.000,9999.000,9999.000,9999.000,9999.000,9999.000
202605041136,   3.433,   4.490,9999.000,9999.000,9999.000,9999.000,9999.000,9999.000,9999.000
202605041142,   3.272,   4.300,9999.000,9999.000,9999.000,9999.000,9999.000,9999.000,9999.000
202605041148,   3.110,   4.139,9999.000,9999.000,9999.000,9999.000,9999.000,9999.000,9999.000
202605041154,   2.947,   3.968,9999.000,9999.000,9999.000,9999.000,9999.000,9999.000,9999.000
202605041200,   2.785,   3.798,   0.300,   0.713,   3.798,   0.300,   3.798,   0.300,   3.798
202605041206,   2.622,   3.680,9999.000,9999.000,9999.000,9999.000,9999.000,9999.000,9999.000
202605041212,   2.461,   3.558,9999.000,9999.000,9999.000,9999.000,9999.000,9999.000,9999.000
202605041218,   2.300,   3.440,9999.000,9999.000,9999.000,9999.000,9999.000,9999.000,9999.000
202605041224,   2.141,   3.319,9999.000,9999.000,9999.000,9999.000,9999.000,9999.000,9999.000
202605041230,   1.983,   3.099,9999.000,9999.000,9999.000,9999.000,9999.000,9999.000,9999.000
202605041236,   1.827,   2.978,9999.000,9999.000,9999.000,9999.000,9999.000,9999.000,9999.000
202605041242,   1.673,   2.758,9999.000,9999.000,9999.000,9999.000,9999.000,9999.000,9999.000
202605041248,   1.522,   2.568,9999.000,9999.000,9999.000,9999.000,9999.000,9999.000,9999.000
202605041254,   1.373,   2.519,9999.000,9999.000,9999.000,9999.000,9999.000,9999.000,9999.000
202605041300,   1.227,   2.387,   0.300,   0.860,   2.387,   0.300,   2.387,   0.300,   2.387
202605041306,   1.085,   2.230,9999.000,9999.000,9999.000,9999.000,9999.000,9999.000,9999.000
202605041312,   0.946,   2.138,9999.000,9999.000,9999.000,9999.000,9999.000,9999.000,9999.000
202605041318,   0.811,   1.918,9999.000,9999.000,9999.000,9999.000,9999.000,9999.000,9999.000
202605041324,   0.680,   1.810,9999.000,9999.000,9999.000,9999.000,9999.000,9999.000,9999.000
202605041330,   0.554,   1.679,9999.000,9999.000,9999.000,9999.000,9999.000,9999.000,9999.000
202605041336,   0.432,   1.528,9999.000,9999.000,9999.000,9999.000,9999.000,9999.000,9999.000
202605041342,   0.316,   1.390,9999.000,9999.000,9999.000,9999.000,9999.000,9999.000,9999.000
202605041348,   0.204,   1.220,9999.000,9999.000,9999.000,9999.000,9999.000,9999.000,9999.000
202605041354,   0.099,   1.108,9999.000,9999.000,9999.000,9999.000,9999.000,9999.000,9999.000
202605041400,   0.000,   1.010,   0.300,   0.710,   1.010,   0.300,   1.010,   0.300,   1.010
202605041406,  -0.094,   0.961,9999.000,9999.000,9999.000,9999.000,9999.000,9999.000,9999.000
202605041412,  -0.181,   0.869,9999.000,9999.000,9999.000,9999.000,9999.000,9999.000,9999.000
202605041418,  -0.262,   0.800,9999.000,9999.000,9999.000,9999.000,9999.000,9999.000,9999.000
202605041424,  -0.336,   0.619,9999.000,9999.000,9999.000,9999.000,9999.000,9999.000,9999.000
202605041430,  -0.403,   0.531,9999.000,9999.000,9999.000,9999.000,9999.000,9999.000,9999.000
202605041436,  -0.463,   0.400,9999.000,9999.000,9999.000,9999.000,9999.000,9999.000,9999.000
202605041442,  -0.516,   0.390,9999.000,9999.000,9999.000,9999.000,9999.000,9999.000,9999.000
202605041448,  -0.561,   0.400,9999.000,9999.000,9999.000,9999.000,9999.000,9999.000,9999.000
202605041454,  -0.599,   0.321,9999.000,9999.000,9999.000,9999.000,9999.000,9999.000,9999.000
202605041500,  -0.629,   0.288,   0.300,   0.617,   0.288,   0.200,   0.188,   0.300,   0.288
202605041506,  -0.651,   0.249,9999.000,9999.000,9999.000,9999.000,9999.000,9999.000,9999.000
202605041512,  -0.666,   0.229,9999.000,9999.000,9999.000,9999.000,9999.000,9999.000,9999.000
202605041518,  -0.674,   0.200,9999.000,9999.000,9999.000,9999.000,9999.000,9999.000,9999.000
202605041524,  -0.673,   0.200,9999.000,9999.000,9999.000,9999.000,9999.000,9999.000,9999.000
202605041530,  -0.665,   0.170,9999.000,9999.000,9999.000,9999.000,9999.000,9999.000,9999.000
202605041536,  -0.650,   0.219,9999.000,9999.000,9999.000,9999.000,9999.000,9999.000,9999.000
202605041542,  -0.627,   0.268,9999.000,9999.000,9999.000,9999.000,9999.000,9999.000,9999.000
202605041548,  -0.597,   0.239,9999.000,9999.000,9999.000,9999.000,9999.000,9999.000,9999.000
202605041554,  -0.560,   0.249,9999.000,9999.000,9999.000,9999.000,9999.000,9999.000,9999.000
202605041600,  -0.516,   0.308,   0.200,   0.624,   0.308,   0.200,   0.308,   0.300,   0.408
202605041606,  -0.466,   0.419,9999.000,9999.000,9999.000,9999.000,9999.000,9999.000,9999.000
202605041612,  -0.409,   0.449,9999.000,9999.000,9999.000,9999.000,9999.000,9999.000,9999.000
202605041618,  -0.346,   0.508,9999.000,9999.000,9999.000,9999.000,9999.000,9999.000,9999.000
202605041624,  -0.277,   0.518,9999.000,9999.000,9999.000,9999.000,9999.000,9999.000,9999.000
202605041630,  -0.203,   0.619,9999.000,9999.000,9999.000,9999.000,9999.000,9999.000,9999.000
202605041636,  -0.123,   0.760,9999.000,9999.000,9999.000,9999.000,9999.000,9999.000,9999.000
202605041642,  -0.038,   0.869,9999.000,9999.000,9999.000,9999.000,9999.000,9999.000,9999.000
202605041648,   0.050,   0.990,9999.000,9999.000,9999.000,9999.000,9999.000,9999.000,9999.000
202605041654,   0.144,   1.000,9999.000,9999.000,9999.000,9999.000,9999.000,9999.000,9999.000
202605041700,   0.242,   1.039,   0.300,   0.497,   1.039,   0.200,   0.939,   0.300,   1.039
202605041706,   0.343,   1.108,9999.000,9999.000,9999.000,9999.000,9999.000,9999.000,9999.000
202605041712,   0.448,   1.279,9999.000,9999.000,9999.000,9999.000,9999.000,9999.000,9999.000
202605041718,   0.556,   1.390,9999.000,9999.000,9999.000,9999.000,9999.000,9999.000,9999.000
202605041724,   0.667,   1.498,9999.000,9999.000,9999.000,9999.000,9999.000,9999.000,9999.000
202605041730,   0.780,   1.580,9999.000,9999.000,9999.000,9999.000,9999.000,9999.000,9999.000
202605041736,   0.895,   1.758,9999.000,9999.000,9999.000,9999.000,9999.000,9999.000,9999.000
202605041742,   1.013,   1.810,9999.000,9999.000,9999.000,9999.000,9999.000,9999.000,9999.000
202605041748,   1.132,   1.938,9999.000,9999.000,9999.000,9999.000,9999.000,9999.000,9999.000
202605041754,   1.252,   2.099,9999.000,9999.000,9999.000,9999.000,9999.000,9999.000,9999.000
202605041800,   1.373,   2.279,   0.200,   0.706,   2.279,   0.200,   2.279,   0.200,   2.279
202605041806,   1.496,   2.299,9999.000,9999.000,9999.000,9999.000,9999.000,9999.000,9999.000
202605041812,   1.619,   2.450,9999.000,9999.000,9999.000,9999.000,9999.000,9999.000,9999.000
202605041818,   1.742,   2.558,9999.000,9999.000,9999.000,9999.000,9999.000,9999.000,9999.000
202605041824,   1.865,   2.660,9999.000,9999.000,9999.000,9999.000,9999.000,9999.000,9999.000
202605041830,   1.989,   2.807,9999.000,9999.000,9999.000,9999.000,9999.000,9999.000,9999.000
202605041836,   2.112,   2.978,9999.000,9999.000,9999.000,9999.000,9999.000,9999.000,9999.000
202605041842,   2.235,   3.050,9999.000,9999.000,9999.000,9999.000,9999.000,9999.000,9999.000
202605041848,   2.357,   3.129,9999.000,9999.000,9999.000,9999.000,9999.000,9999.000,9999.000
202605041854,   2.479,   3.207,9999.000,9999.000,9999.000,9999.000,9999.000,9999.000,9999.000
202605041900,   2.599,   3.329,   0.200,   0.530,   3.329,   0.200,   3.329,   0.200,   3.329
202605041906,   2.719,   3.460,9999.000,9999.000,9999.000,9999.000,9999.000,9999.000,9999.000
202605041912,   2.837,   3.558,9999.000,9999.000,9999.000,9999.000,9999.000,9999.000,9999.000
202605041918,   2.954,   3.670,9999.000,9999.000,9999.000,9999.000,9999.000,9999.000,9999.000
202605041924,   3.068,   3.778,9999.000,9999.000,9999.000,9999.000,9999.000,9999.000,9999.000
202605041930,   3.181,   3.919,9999.000,9999.000,9999.000,9999.000,9999.000,9999.000,9999.000
202605041936,   3.292,   4.047,9999.000,9999.000,9999.000,9999.000,9999.000,9999.000,9999.000
202605041942,   3.401,   4.080,9999.000,9999.000,9999.000,9999.000,9999.000,9999.000,9999.000
202605041948,   3.507,   4.208,9999.000,9999.000,9999.000,9999.000,9999.000,9999.000,9999.000
202605041954,   3.611,   4.309,9999.000,9999.000,9999.000,9999.000,9999.000,9999.000,9999.000
202605042000,   3.712,   4.457,   0.200,   0.545,   4.457,   0.200,   4.457,   0.200,   4.457
202605042006,   3.810,   4.490,9999.000,9999.000,9999.000,9999.000,9999.000,9999.000,9999.000
202605042012,   3.904,   4.598,9999.000,9999.000,9999.000,9999.000,9999.000,9999.000,9999.000
202605042018,   3.996,   4.647,9999.000,9999.000,9999.000,9999.000,9999.000,9999.000,9999.000
202605042024,   4.083,   4.769,9999.000,9999.000,9999.000,9999.000,9999.000,9999.000,9999.000
202605042030,   4.167,   4.818,9999.000,9999.000,9999.000,9999.000,9999.000,9999.000,9999.000
202605042036,   4.247,   4.919,9999.000,9999.000,9999.000,9999.000,9999.000,9999.000,9999.000
202605042042,   4.323,   5.008,9999.000,9999.000,9999.000,9999.000,9999.000,9999.000,9999.000
202605042048,   4.395,   5.120,9999.000,9999.000,9999.000,9999.000,9999.000,9999.000,9999.000
202605042054,   4.462,   5.188,9999.000,9999.000,9999.000,9999.000,9999.000,9999.000,9999.000
202605042100,   4.525,   5.257,   0.200,   0.532,   5.257,   0.200,   5.257,   0.300,   5.357
202605042106,   4.583,   5.267,9999.000,9999.000,9999.000,9999.000,9999.000,9999.000,9999.000
202605042112,   4.636,   5.307,9999.000,9999.000,9999.000,9999.000,9999.000,9999.000,9999.000
202605042118,   4.685,   5.389,9999.000,9999.000,9999.000,9999.000,9999.000,9999.000,9999.000
202605042124,   4.728,   5.497,9999.000,9999.000,9999.000,9999.000,9999.000,9999.000,9999.000
202605042130,   4.767,   5.487,9999.000,9999.000,9999.000,9999.000,9999.000,9999.000,9999.000
202605042136,   4.801,   5.516,9999.000,9999.000,9999.000,9999.000,9999.000,9999.000,9999.000
202605042142,   4.829,   5.618,9999.000,9999.000,9999.000,9999.000,9999.000,9999.000,9999.000
202605042148,   4.853,   5.638,9999.000,9999.000,9999.000,9999.000,9999.000,9999.000,9999.000
202605042154,   4.871,   5.648,9999.000,9999.000,9999.000,9999.000,9999.000,9999.000,9999.000
202605042200,   4.885,   5.648,   0.200,   0.563,   5.648,   0.200,   5.648,   0.300,   5.748
202605042206,   4.894,   5.657,9999.000,9999.000,9999.000,9999.000,9999.000,9999.000,9999.000
202605042212,   4.897,   5.759,9999.000,9999.000,9999.000,9999.000,9999.000,9999.000,9999.000
202605042218,   4.897,   5.697,9999.000,9999.000,9999.000,9999.000,9999.000,9999.000,9999.000
202605042224,   4.891,   5.628,9999.000,9999.000,9999.000,9999.000,9999.000,9999.000,9999.000
202605042230,   4.882,   5.628,9999.000,9999.000,9999.000,9999.000,9999.000,9999.000,9999.000
202605042236,   4.868,   5.730,9999.000,9999.000,9999.000,9999.000,9999.000,9999.000,9999.000
202605042242,   4.849,   5.697,9999.000,9999.000,9999.000,9999.000,9999.000,9999.000,9999.000
202605042248,   4.827,   5.697,9999.000,9999.000,9999.000,9999.000,9999.000,9999.000,9999.000
202605042254,   4.802,   5.618,9999.000,9999.000,9999.000,9999.000,9999.000,9999.000,9999.000
202605042300,   4.772,   5.618,   0.200,   0.646,   5.618,   0.200,   5.618,   0.200,   5.618
202605042306,   4.740,   5.530,9999.000,9999.000,9999.000,9999.000,9999.000,9999.000,9999.000
202605042312,   4.704,   5.516,9999.000,9999.000,9999.000,9999.000,9999.000,9999.000,9999.000
202605042318,   4.666,   5.530,9999.000,9999.000,9999.000,9999.000,9999.000,9999.000,9999.000
202605042324,   4.625,   5.467,9999.000,9999.000,9999.000,9999.000,9999.000,9999.000,9999.000
202605042330,   4.581,   5.487,9999.000,9999.000,9999.000,9999.000,9999.000,9999.000,9999.000
202605042336,   4.536,   5.448,9999.000,9999.000,9999.000,9999.000,9999.000,9999.000,9999.000
202605042342,   4.488,   5.428,9999.000,9999.000,9999.000,9999.000,9999.000,9999.000,9999.000
202605042348,   4.439,   5.329,9999.000,9999.000,9999.000,9999.000,9999.000,9999.000,9999.000
202605042354,   4.388,   5.257,9999.000,9999.000,9999.000,9999.000,9999.000,9999.000,9999.000
202605050000,   4.336,   5.228,   0.200,   0.692,   5.228,   0.200,   5.228,   0.300,   5.328
202605050006,   4.284,   5.139,9999.000,9999.000,9999.000,9999.000,9999.000,9999.000,9999.000
202605050012,   4.230,   5.087,9999.000,9999.000,9999.000,9999.000,9999.000,9999.000,9999.000
202605050018,   4.175,   5.057,9999.000,9999.000,9999.000,9999.000,9999.000,9999.000,9999.000
202605050024,   4.121,   4.979,9999.000,9999.000,9999.000,9999.000,9999.000,9999.000,9999.000
202605050030,   4.066,   4.867,9999.000,9999.000,9999.000,9999.000,9999.000,9999.000,9999.000
202605050036,   4.011,   4.877,9999.000,9999.000,9999.000,9999.000,9999.000,9999.000,9999.000
202605050042,   3.956,   4.887,9999.000,9999.000,9999.000,9999.000,9999.000,9999.000,9999.000
202605050048,   3.902,   4.749,9999.000,9999.000,9999.000,9999.000,9999.000,9999.000,9999.000
202605050054,   3.849,   4.700,9999.000,9999.000,9999.000,9999.000,9999.000,9999.000,9999.000
202605050100,   3.796,   4.637,   0.300,   0.541,   4.637,   0.200,   4.537,   0.300,   4.637
202605050106,   3.744,   4.588,9999.000,9999.000,9999.000,9999.000,9999.000,9999.000,9999.000
202605050112,   3.694,   4.539,9999.000,9999.000,9999.000,9999.000,9999.000,9999.000,9999.000
202605050118,   3.645,   4.500,9999.000,9999.000,9999.000,9999.000,9999.000,9999.000,9999.000
202605050124,   3.597,   4.500,9999.000,9999.000,9999.000,9999.000,9999.000,9999.000,9999.000
202605050130,   3.552,   4.408,9999.000,9999.000,9999.000,9999.000,9999.000,9999.000,9999.000
202605050136,   3.508,   4.309,9999.000,9999.000,9999.000,9999.000,9999.000,9999.000,9999.000
202605050142,   3.467,   4.290,9999.000,9999.000,9999.000,9999.000,9999.000,9999.000,9999.000
202605050148,   3.428,   4.329,9999.000,9999.000,9999.000,9999.000,9999.000,9999.000,9999.000
202605050154,   3.391,   4.227,9999.000,9999.000,9999.000,9999.000,9999.000,9999.000,9999.000
202605050200,   3.358,   4.218,   0.300,   0.560,   4.218,   0.200,   4.118,   0.300,   4.218
202605050206,   3.327,   4.227,9999.000,9999.000,9999.000,9999.000,9999.000,9999.000,9999.000
202605050212,   3.300,   4.168,9999.000,9999.000,9999.000,9999.000,9999.000,9999.000,9999.000
202605050218,   3.276,   4.139,9999.000,9999.000,9999.000,9999.000,9999.000,9999.000,9999.000
202605050224,   3.255,   4.149,9999.000,9999.000,9999.000,9999.000,9999.000,9999.000,9999.000
202605050230,   3.238,   4.109,9999.000,9999.000,9999.000,9999.000,9999.000,9999.000,9999.000
202605050236,   3.225,   4.090,9999.000,9999.000,9999.000,9999.000,9999.000,9999.000,9999.000
202605050242,   3.216,   4.129,9999.000,9999.000,9999.000,9999.000,9999.000,9999.000,9999.000
202605050248,   3.212,   4.178,9999.000,9999.000,9999.000,9999.000,9999.000,9999.000,9999.000
202605050254,   3.211,   4.109,9999.000,9999.000,9999.000,9999.000,9999.000,9999.000,9999.000
202605050300,   3.215,   4.109,   0.200,   0.694,   4.109,   0.200,   4.109,   0.200,   4.109
202605050306,   3.223,   4.109,9999.000,9999.000,9999.000,9999.000,9999.000,9999.000,9999.000
202605050312,   3.236,   4.109,9999.000,9999.000,9999.000,9999.000,9999.000,9999.000,9999.000
202605050318,   3.253,   4.168,9999.000,9999.000,9999.000,9999.000,9999.000,9999.000,9999.000
202605050324,   3.275,   4.149,9999.000,9999.000,9999.000,9999.000,9999.000,9999.000,9999.000
202605050330,   3.302,   4.218,9999.000,9999.000,9999.000,9999.000,9999.000,9999.000,9999.000
202605050336,   3.333,   4.208,9999.000,9999.000,9999.000,9999.000,9999.000,9999.000,9999.000
202605050342,   3.368,   4.257,9999.000,9999.000,9999.000,9999.000,9999.000,9999.000,9999.000
202605050348,   3.409,   4.349,9999.000,9999.000,9999.000,9999.000,9999.000,9999.000,9999.000
202605050354,   3.453,   4.418,9999.000,9999.000,9999.000,9999.000,9999.000,9999.000,9999.000
202605050400,   3.502,   4.408,   0.200,   0.706,   4.408,   0.200,   4.408,   0.200,   4.408
202605050406,   3.555,   4.467,9999.000,9999.000,9999.000,9999.000,9999.000,9999.000,9999.000
202605050412,   3.612,   4.457,9999.000,9999.000,9999.000,9999.000,9999.000,9999.000,9999.000
202605050418,   3.673,   4.529,9999.000,9999.000,9999.000,9999.000,9999.000,9999.000,9999.000
202605050424,   3.737,   4.569,9999.000,9999.000,9999.000,9999.000,9999.000,9999.000,9999.000
202605050430,   3.805,   4.647,9999.000,9999.000,9999.000,9999.000,9999.000,9999.000,9999.000
202605050436,   3.876,   4.769,9999.000,9999.000,9999.000,9999.000,9999.000,9999.000,9999.000
202605050442,   3.950,   4.857,9999.000,9999.000,9999.000,9999.000,9999.000,9999.000,9999.000
202605050448,   4.026,   4.818,9999.000,9999.000,9999.000,9999.000,9999.000,9999.000,9999.000
202605050454,   4.105,   4.900,9999.000,9999.000,9999.000,9999.000,9999.000,9999.000,9999.000
202605050500,   4.187,   4.998,   0.200,   0.611,   4.998,   0.200,   4.998,   0.300,   5.098
202605050506,   4.270,   5.129,9999.000,9999.000,9999.000,9999.000,9999.000,9999.000,9999.000
202605050512,   4.354,   5.139,9999.000,9999.000,9999.000,9999.000,9999.000,9999.000,9999.000
202605050518,   4.440,   5.218,9999.000,9999.000,9999.000,9999.000,9999.000,9999.000,9999.000
202605050524,   4.526,   5.329,9999.000,9999.000,9999.000,9999.000,9999.000,9999.000,9999.000
202605050530,   4.614,   5.408,9999.000,9999.000,9999.000,9999.000,9999.000,9999.000,9999.000
202605050536,   4.702,   5.497,9999.000,9999.000,9999.000,9999.000,9999.000,9999.000,9999.000
202605050542,   4.790,   5.579,9999.000,9999.000,9999.000,9999.000,9999.000,9999.000,9999.000
202605050548,   4.877,   5.677,9999.000,9999.000,9999.000,9999.000,9999.000,9999.000,9999.000
202605050554,   4.965,   5.730,9999.000,9999.000,9999.000,9999.000,9999.000,9999.000,9999.000
202605050600,   5.051,   5.838,   0.200,   0.587,   5.838,   0.200,   5.838,   0.200,   5.838
202605050606,   5.137,   5.877,9999.000,9999.000,9999.000,9999.000,9999.000,9999.000,9999.000
202605050612,   5.222,   5.999,9999.000,9999.000,9999.000,9999.000,9999.000,9999.000,9999.000
202605050618,   5.305,   6.077,9999.000,9999.000,9999.000,9999.000,9999.000,9999.000,9999.000
202605050624,   5.387,   6.136,9999.000,9999.000,9999.000,9999.000,9999.000,9999.000,9999.000
202605050630,   5.467,   6.248,9999.000,9999.000,9999.000,9999.000,9999.000,9999.000,9999.000
202605050636,   5.545,   6.248,9999.000,9999.000,9999.000,9999.000,9999.000,9999.000,9999.000
202605050642,   5.621,   6.399,9999.000,9999.000,9999.000,9999.000,9999.000,9999.000,9999.000
202605050648,   5.695,   6.487,9999.000,9999.000,9999.000,9999.000,9999.000,9999.000,9999.000
202605050654,   5.766,   6.556,9999.000,9999.000,9999.000,9999.000,9999.000,9999.000,9999.000
202605050700,   5.835,   6.668,   0.200,   0.633,   6.668,   0.200,   6.668,   0.200,   6.668
202605050706,   5.901,   6.717,9999.000,9999.000,9999.000,9999.000,9999.000,9999.000,9999.000
202605050712,   5.965,   6.779,9999.000,9999.000,9999.000,9999.000,9999.000,9999.000,9999.000
202605050718,   6.025,   6.819,9999.000,9999.000,9999.000,9999.000,9999.000,9999.000,9999.000
202605050724,   6.082,   6.887,9999.000,9999.000,9999.000,9999.000,9999.000,9999.000,9999.000
202605050730,   6.136,   6.937,9999.000,9999.000,9999.000,9999.000,9999.000,9999.000,9999.000
202605050736,   6.187,   6.989,9999.000,9999.000,9999.000,9999.000,9999.000,9999.000,9999.000
202605050742,   6.234,   7.068,9999.000,9999.000,9999.000,9999.000,9999.000,9999.000,9999.000
202605050748,   6.277,   7.166,9999.000,9999.000,9999.000,9999.000,9999.000,9999.000,9999.000
202605050754,   6.317,   7.166,9999.000,9999.000,9999.000,9999.000,9999.000,9999.000,9999.000
202605050800,   6.353,   7.147,   0.200,   0.594,   7.147,   0.200,   7.147,   0.200,   7.147
202605050806,   6.385,   7.199,9999.000,9999.000,9999.000,9999.000,9999.000,9999.000,9999.000
202605050812,   6.413,   7.248,9999.000,9999.000,9999.000,9999.000,9999.000,9999.000,9999.000
202605050818,   6.436,   7.248,9999.000,9999.000,9999.000,9999.000,9999.000,9999.000,9999.000
202605050824,   6.455,   7.278,9999.000,9999.000,9999.000,9999.000,9999.000,9999.000,9999.000
202605050830,   6.470,   7.297,9999.000,9999.000,9999.000,9999.000,9999.000,9999.000,9999.000
202605050836,   6.480,   7.268,9999.000,9999.000,9999.000,9999.000,9999.000,9999.000,9999.000
202605050842,   6.485,   7.327,9999.000,9999.000,9999.000,9999.000,9999.000,9999.000,9999.000
202605050848,   6.485,   7.317,9999.000,9999.000,9999.000,9999.000,9999.000,9999.000,9999.000
202605050854,   6.480,   7.327,9999.000,9999.000,9999.000,9999.000,9999.000,9999.000,9999.000
202605050900,   6.469,   7.327,   0.200,   0.658,   7.327,   0.200,   7.327,   0.200,   7.327
202605050906,   6.454,   7.238,9999.000,9999.000,9999.000,9999.000,9999.000,9999.000,9999.000
202605050912,   6.433,   7.268,9999.000,9999.000,9999.000,9999.000,9999.000,9999.000,9999.000
202605050918,   6.406,   7.297,9999.000,9999.000,9999.000,9999.000,9999.000,9999.000,9999.000
202605050924,   6.374,   7.229,9999.000,9999.000,9999.000,9999.000,9999.000,9999.000,9999.000
202605050930,   6.336,   7.176,9999.000,9999.000,9999.000,9999.000,9999.000,9999.000,9999.000
202605050936,   6.292,   7.156,9999.000,9999.000,9999.000,9999.000,9999.000,9999.000,9999.000
202605050942,   6.242,   7.097,9999.000,9999.000,9999.000,9999.000,9999.000,9999.000,9999.000
202605050948,   6.187,   7.029,9999.000,9999.000,9999.000,9999.000,9999.000,9999.000,9999.000
202605050954,   6.126,   6.917,9999.000,9999.000,9999.000,9999.000,9999.000,9999.000,9999.000
202605051000,   6.059,   6.887,   0.200,   0.628,   6.887,   0.200,   6.887,   0.300,   6.987
202605051006,   5.986,   6.858,9999.000,9999.000,9999.000,9999.000,9999.000,9999.000,9999.000
202605051012,   5.907,   6.756,9999.000,9999.000,9999.000,9999.000,9999.000,9999.000,9999.000
202605051018,   5.823,   6.658,9999.000,9999.000,9999.000,9999.000,9999.000,9999.000,9999.000
202605051024,   5.734,   6.579,9999.000,9999.000,9999.000,9999.000,9999.000,9999.000,9999.000
202605051030,   5.639,   6.477,9999.000,9999.000,9999.000,9999.000,9999.000,9999.000,9999.000
202605051036,   5.538,   6.409,9999.000,9999.000,9999.000,9999.000,9999.000,9999.000,9999.000
202605051042,   5.433,   6.307,9999.000,9999.000,9999.000,9999.000,9999.000,9999.000,9999.000
202605051048,   5.323,   6.149,9999.000,9999.000,9999.000,9999.000,9999.000,9999.000,9999.000
202605051054,   5.208,   6.107,9999.000,9999.000,9999.000,9999.000,9999.000,9999.000,9999.000
202605051100,   5.088,   5.969,   0.200,   0.681,   5.969,   0.200,   5.969,   0.200,   5.969
202605051106,   4.965,   5.828,9999.000,9999.000,9999.000,9999.000,9999.000,9999.000,9999.000
202605051112,   4.837,   5.618,9999.000,9999.000,9999.000,9999.000,9999.000,9999.000,9999.000
202605051118,   4.706,   5.539,9999.000,9999.000,9999.000,9999.000,9999.000,9999.000,9999.000
202605051124,   4.571,   5.497,9999.000,9999.000,9999.000,9999.000,9999.000,9999.000,9999.000
202605051130,   4.433,   5.428,9999.000,9999.000,9999.000,9999.000,9999.000,9999.000,9999.000
202605051136,   4.292,   5.228,9999.000,9999.000,9999.000,9999.000,9999.000,9999.000,9999.000
202605051142,   4.149,   5.087,9999.000,9999.000,9999.000,9999.000,9999.000,9999.000,9999.000
202605051148,   4.003,   4.929,9999.000,9999.000,9999.000,9999.000,9999.000,9999.000,9999.000
202605051154,   3.856,   4.808,9999.000,9999.000,9999.000,9999.000,9999.000,9999.000,9999.000
202605051200,   3.706,   4.647,   0.300,   0.641,   4.647,   0.200,   4.547,   0.300,   4.647
202605051206,   3.556,   4.500,9999.000,9999.000,9999.000,9999.000,9999.000,9999.000,9999.000
202605051212,   3.404,   4.368,9999.000,9999.000,9999.000,9999.000,9999.000,9999.000,9999.000
202605051218,   3.252,   4.257,9999.000,9999.000,9999.000,9999.000,9999.000,9999.000,9999.000
202605051224,   3.099,   4.119,9999.000,9999.000,9999.000,9999.000,9999.000,9999.000,9999.000
202605051230,   2.946,   3.978,9999.000,9999.000,9999.000,9999.000,9999.000,9999.000,9999.000
202605051236,   2.793,   3.817,9999.000,9999.000,9999.000,9999.000,9999.000,9999.000,9999.000
202605051242,   2.641,   3.650,9999.000,9999.000,9999.000,9999.000,9999.000,9999.000,9999.000
202605051248,   2.489,   3.480,9999.000,9999.000,9999.000,9999.000,9999.000,9999.000,9999.000
202605051254,   2.338,   3.329,9999.000,9999.000,9999.000,9999.000,9999.000,9999.000,9999.000
202605051300,   2.189,   3.230,   0.300,   0.741,   3.230,   0.200,   3.130,   0.300,   3.230
202605051306,   2.041,   3.070,9999.000,9999.000,9999.000,9999.000,9999.000,9999.000,9999.000
202605051312,   1.895,   2.978,9999.000,9999.000,9999.000,9999.000,9999.000,9999.000,9999.000
202605051318,   1.751,   2.830,9999.000,9999.000,9999.000,9999.000,9999.000,9999.000,9999.000
202605051324,   1.609,   2.719,9999.000,9999.000,9999.000,9999.000,9999.000,9999.000,9999.000
202605051330,   1.470,   2.558,9999.000,9999.000,9999.000,9999.000,9999.000,9999.000,9999.000
202605051336,   1.333,   2.400,9999.000,9999.000,9999.000,9999.000,9999.000,9999.000,9999.000
202605051342,   1.200,   2.269,9999.000,9999.000,9999.000,9999.000,9999.000,9999.000,9999.000
202605051348,   1.070,   2.138,9999.000,9999.000,9999.000,9999.000,9999.000,9999.000,9999.000
202605051354,   0.944,   1.967,9999.000,9999.000,9999.000,9999.000,9999.000,9999.000,9999.000
202605051400,   0.821,   1.840,   0.300,   0.719,   1.840,   0.200,   1.740,   0.300,   1.840
202605051406,   0.703,   1.689,9999.000,9999.000,9999.000,9999.000,9999.000,9999.000,9999.000
202605051412,   0.588,   1.590,9999.000,9999.000,9999.000,9999.000,9999.000,9999.000,9999.000
202605051418,   0.479,   1.469,9999.000,9999.000,9999.000,9999.000,9999.000,9999.000,9999.000
202605051424,   0.374,   1.400,9999.000,9999.000,9999.000,9999.000,9999.000,9999.000,9999.000
202605051430,   0.274,   1.308,9999.000,9999.000,9999.000,9999.000,9999.000,9999.000,9999.000
202605051436,   0.180,   1.180,9999.000,9999.000,9999.000,9999.000,9999.000,9999.000,9999.000
202605051442,   0.091,   1.020,9999.000,9999.000,9999.000,9999.000,9999.000,9999.000,9999.000
202605051448,   0.007,   0.941,9999.000,9999.000,9999.000,9999.000,9999.000,9999.000,9999.000
202605051454,  -0.069,   0.839,9999.000,9999.000,9999.000,9999.000,9999.000,9999.000,9999.000
202605051500,  -0.141,   0.770,   0.200,   0.711,   0.770,   0.200,   0.770,   0.200,   0.770
202605051506,  -0.206,   0.678,9999.000,9999.000,9999.000,9999.000,9999.000,9999.000,9999.000
202605051512,  -0.265,   0.688,9999.000,9999.000,9999.000,9999.000,9999.000,9999.000,9999.000
202605051518,  -0.317,   0.649,9999.000,9999.000,9999.000,9999.000,9999.000,9999.000,9999.000
202605051524,  -0.363,   0.590,9999.000,9999.000,9999.000,9999.000,9999.000,9999.000,9999.000
202605051530,  -0.402,   0.498,9999.000,9999.000,9999.000,9999.000,9999.000,9999.000,9999.000
202605051536,  -0.434,   0.400,9999.000,9999.000,9999.000,9999.000,9999.000,9999.000,9999.000
202605051542,  -0.459,   0.341,9999.000,9999.000,9999.000,9999.000,9999.000,9999.000,9999.000
202605051548,  -0.477,   0.360,9999.000,9999.000,9999.000,9999.000,9999.000,9999.000,9999.000
202605051554,  -0.488,   0.370,9999.000,9999.000,9999.000,9999.000,9999.000,9999.000,9999.000
202605051600,  -0.492,   0.400,   0.200,   0.692,   0.400,   0.200,   0.400,   0.200,   0.400
202605051606,  -0.489,   0.400,9999.000,9999.000,9999.000,9999.000,9999.000,9999.000,9999.000
202605051612,  -0.480,   0.380,9999.000,9999.000,9999.000,9999.000,9999.000,9999.000,9999.000
202605051618,  -0.463,   0.409,9999.000,9999.000,9999.000,9999.000,9999.000,9999.000,9999.000
202605051624,  -0.440,   0.419,9999.000,9999.000,9999.000,9999.000,9999.000,9999.000,9999.000
202605051630,  -0.410,   0.469,9999.000,9999.000,9999.000,9999.000,9999.000,9999.000,9999.000
202605051636,  -0.374,   0.508,9999.000,9999.000,9999.000,9999.000,9999.000,9999.000,9999.000
202605051642,  -0.331,   0.551,9999.000,9999.000,9999.000,9999.000,9999.000,9999.000,9999.000
202605051648,  -0.283,   0.580,9999.000,9999.000,9999.000,9999.000,9999.000,9999.000,9999.000
202605051654,  -0.228,   0.659,9999.000,9999.000,9999.000,9999.000,9999.000,9999.000,9999.000
202605051700,  -0.168,   0.731,   0.200,   0.699,   0.731,   0.200,   0.731,   0.200,   0.731
202605051706,  -0.103,   0.829,9999.000,9999.000,9999.000,9999.000,9999.000,9999.000,9999.000
202605051712,  -0.032,   0.869,9999.000,9999.000,9999.000,9999.000,9999.000,9999.000,9999.000
202605051718,   0.042,   0.951,9999.000,9999.000,9999.000,9999.000,9999.000,9999.000,9999.000
202605051724,   0.122,9999.000,9999.000,9999.000,9999.000,9999.000,9999.000,9999.000,9999.000
202605051730,   0.206,9999.000,9999.000,9999.000,9999.000,9999.000,9999.000,9999.000,9999.000
202605051736,   0.294,9999.000,9999.000,9999.000,9999.000,9999.000,9999.000,9999.000,9999.000
202605051742,   0.386,9999.000,9999.000,9999.000,9999.000,9999.000,9999.000,9999.000,9999.000
202605051748,   0.481,9999.000,9999.000,9999.000,9999.000,9999.000,9999.000,9999.000,9999.000
202605051754,   0.579,9999.000,9999.000,9999.000,9999.000,9999.000,9999.000,9999.000,9999.000
202605051800,   0.679,9999.000,   0.200,   0.686,   1.565,   0.200,   1.565,   0.200,   1.565
202605051806,   0.783,9999.000,9999.000,9999.000,9999.000,9999.000,9999.000,9999.000,9999.000
202605051812,   0.888,9999.000,9999.000,9999.000,9999.000,9999.000,9999.000,9999.000,9999.000
202605051818,   0.995,9999.000,9999.000,9999.000,9999.000,9999.000,9999.000,9999.000,9999.000
202605051824,   1.104,9999.000,9999.000,9999.000,9999.000,9999.000,9999.000,9999.000,9999.000
202605051830,   1.214,9999.000,9999.000,9999.000,9999.000,9999.000,9999.000,9999.000,9999.000
202605051836,   1.326,9999.000,9999.000,9999.000,9999.000,9999.000,9999.000,9999.000,9999.000
202605051842,   1.438,9999.000,9999.000,9999.000,9999.000,9999.000,9999.000,9999.000,9999.000
202605051848,   1.551,9999.000,9999.000,9999.000,9999.000,9999.000,9999.000,9999.000,9999.000
202605051854,   1.665,9999.000,9999.000,9999.000,9999.000,9999.000,9999.000,9999.000,9999.000
202605051900,   1.778,9999.000,   0.200,   0.672,   2.650,   0.200,   2.650,   0.200,   2.650
202605051906,   1.892,9999.000,9999.000,9999.000,9999.000,9999.000,9999.000,9999.000,9999.000
202605051912,   2.006,9999.000,9999.000,9999.000,9999.000,9999.000,9999.000,9999.000,9999.000
202605051918,   2.119,9999.000,9999.000,9999.000,9999.000,9999.000,9999.000,9999.000,9999.000
202605051924,   2.232,9999.000,9999.000,9999.000,9999.000,9999.000,9999.000,9999.000,9999.000
202605051930,   2.344,9999.000,9999.000,9999.000,9999.000,9999.000,9999.000,9999.000,9999.000
202605051936,   2.456,9999.000,9999.000,9999.000,9999.000,9999.000,9999.000,9999.000,9999.000
202605051942,   2.566,9999.000,9999.000,9999.000,9999.000,9999.000,9999.000,9999.000,9999.000
202605051948,   2.676,9999.000,9999.000,9999.000,9999.000,9999.000,9999.000,9999.000,9999.000
202605051954,   2.784,9999.000,9999.000,9999.000,9999.000,9999.000,9999.000,9999.000,9999.000
202605052000,   2.891,9999.000,   0.200,   0.659,   3.750,   0.200,   3.750,   0.200,   3.750
202605052006,   2.996,9999.000,9999.000,9999.000,9999.000,9999.000,9999.000,9999.000,9999.000
202605052012,   3.100,9999.000,9999.000,9999.000,9999.000,9999.000,9999.000,9999.000,9999.000
202605052018,   3.202,9999.000,9999.000,9999.000,9999.000,9999.000,9999.000,9999.000,9999.000
202605052024,   3.302,9999.000,9999.000,9999.000,9999.000,9999.000,9999.000,9999.000,9999.000
202605052030,   3.400,9999.000,9999.000,9999.000,9999.000,9999.000,9999.000,9999.000,9999.000
202605052036,   3.495,9999.000,9999.000,9999.000,9999.000,9999.000,9999.000,9999.000,9999.000
202605052042,   3.588,9999.000,9999.000,9999.000,9999.000,9999.000,9999.000,9999.000,9999.000
202605052048,   3.679,9999.000,9999.000,9999.000,9999.000,9999.000,9999.000,9999.000,9999.000
202605052054,   3.766,9999.000,9999.000,9999.000,9999.000,9999.000,9999.000,9999.000,9999.000
202605052100,   3.851,9999.000,   0.200,   0.645,   4.696,   0.200,   4.696,   0.300,   4.796
202605052106,   3.933,9999.000,9999.000,9999.000,9999.000,9999.000,9999.000,9999.000,9999.000
202605052112,   4.011,9999.000,9999.000,9999.000,9999.000,9999.000,9999.000,9999.000,9999.000
202605052118,   4.086,9999.000,9999.000,9999.000,9999.000,9999.000,9999.000,9999.000,9999.000
202605052124,   4.158,9999.000,9999.000,9999.000,9999.000,9999.000,9999.000,9999.000,9999.000
202605052130,   4.225,9999.000,9999.000,9999.000,9999.000,9999.000,9999.000,9999.000,9999.000
202605052136,   4.289,9999.000,9999.000,9999.000,9999.000,9999.000,9999.000,9999.000,9999.000
202605052142,   4.349,9999.000,9999.000,9999.000,9999.000,9999.000,9999.000,9999.000,9999.000
202605052148,   4.405,9999.000,9999.000,9999.000,9999.000,9999.000,9999.000,9999.000,9999.000
202605052154,   4.456,9999.000,9999.000,9999.000,9999.000,9999.000,9999.000,9999.000,9999.000
202605052200,   4.504,9999.000,   0.300,   0.632,   5.436,   0.200,   5.336,   0.300,   5.436
202605052206,   4.546,9999.000,9999.000,9999.000,9999.000,9999.000,9999.000,9999.000,9999.000
202605052212,   4.585,9999.000,9999.000,9999.000,9999.000,9999.000,9999.000,9999.000,9999.000
202605052218,   4.619,9999.000,9999.000,9999.000,9999.000,9999.000,9999.000,9999.000,9999.000
202605052224,   4.648,9999.000,9999.000,9999.000,9999.000,9999.000,9999.000,9999.000,9999.000
202605052230,   4.673,9999.000,9999.000,9999.000,9999.000,9999.000,9999.000,9999.000,9999.000
202605052236,   4.693,9999.000,9999.000,9999.000,9999.000,9999.000,9999.000,9999.000,9999.000
202605052242,   4.709,9999.000,9999.000,9999.000,9999.000,9999.000,9999.000,9999.000,9999.000
202605052248,   4.720,9999.000,9999.000,9999.000,9999.000,9999.000,9999.000,9999.000,9999.000
202605052254,   4.727,9999.000,9999.000,9999.000,9999.000,9999.000,9999.000,9999.000,9999.000
202605052300,   4.729,9999.000,   0.200,   0.619,   5.548,   0.200,   5.548,   0.200,   5.548
202605052306,   4.728,9999.000,9999.000,9999.000,9999.000,9999.000,9999.000,9999.000,9999.000
202605052312,   4.722,9999.000,9999.000,9999.000,9999.000,9999.000,9999.000,9999.000,9999.000
202605052318,   4.713,9999.000,9999.000,9999.000,9999.000,9999.000,9999.000,9999.000,9999.000
202605052324,   4.699,9999.000,9999.000,9999.000,9999.000,9999.000,9999.000,9999.000,9999.000
202605052330,   4.683,9999.000,9999.000,9999.000,9999.000,9999.000,9999.000,9999.000,9999.000
202605052336,   4.662,9999.000,9999.000,9999.000,9999.000,9999.000,9999.000,9999.000,9999.000
202605052342,   4.639,9999.000,9999.000,9999.000,9999.000,9999.000,9999.000,9999.000,9999.000
202605052348,   4.613,9999.000,9999.000,9999.000,9999.000,9999.000,9999.000,9999.000,9999.000
202605052354,   4.583,9999.000,9999.000,9999.000,9999.000,9999.000,9999.000,9999.000,9999.000
202605060000,   4.552,9999.000,   0.300,   0.605,   5.457,   0.200,   5.357,   0.300,   5.457
202605060006,   4.518,9999.000,9999.000,9999.000,9999.000,9999.000,9999.000,9999.000,9999.000
202605060012,   4.481,9999.000,9999.000,9999.000,9999.000,9999.000,9999.000,9999.000,9999.000
202605060018,   4.443,9999.000,9999.000,9999.000,9999.000,9999.000,9999.000,9999.000,9999.000
202605060024,   4.404,9999.000,9999.000,9999.000,9999.000,9999.000,9999.000,9999.000,9999.000
202605060030,   4.362,9999.000,9999.000,9999.000,9999.000,9999.000,9999.000,9999.000,9999.000
202605060036,   4.320,9999.000,9999.000,9999.000,9999.000,9999.000,9999.000,9999.000,9999.000
202605060042,   4.277,9999.000,9999.000,9999.000,9999.000,9999.000,9999.000,9999.000,9999.000
202605060048,   4.233,9999.000,9999.000,9999.000,9999.000,9999.000,9999.000,9999.000,9999.000
202605060054,   4.188,9999.000,9999.000,9999.000,9999.000,9999.000,9999.000,9999.000,9999.000
202605060100,   4.143,9999.000,   0.300,   0.592,   5.035,   0.200,   4.935,   0.300,   5.035
202605060106,   4.097,9999.000,9999.000,9999.000,9999.000,9999.000,9999.000,9999.000,9999.000
202605060112,   4.052,9999.000,9999.000,9999.000,9999.000,9999.000,9999.000,9999.000,9999.000
202605060118,   4.007,9999.000,9999.000,9999.000,9999.000,9999.000,9999.000,9999.000,9999.000
202605060124,   3.962,9999.000,9999.000,9999.000,9999.000,9999.000,9999.000,9999.000,9999.000
202605060130,   3.917,9999.000,9999.000,9999.000,9999.000,9999.000,9999.000,9999.000,9999.000
202605060136,   3.874,9999.000,9999.000,9999.000,9999.000,9999.000,9999.000,9999.000,9999.000
202605060142,   3.831,9999.000,9999.000,9999.000,9999.000,9999.000,9999.000,9999.000,9999.000
202605060148,   3.789,9999.000,9999.000,9999.000,9999.000,9999.000,9999.000,9999.000,9999.000
202605060154,   3.749,9999.000,9999.000,9999.000,9999.000,9999.000,9999.000,9999.000,9999.000
202605060200,   3.710,9999.000,   0.300,   0.578,   4.588,   0.200,   4.488,   0.300,   4.588
202605060206,   3.672,9999.000,9999.000,9999.000,9999.000,9999.000,9999.000,9999.000,9999.000
202605060212,   3.636,9999.000,9999.000,9999.000,9999.000,9999.000,9999.000,9999.000,9999.000
202605060218,   3.602,9999.000,9999.000,9999.000,9999.000,9999.000,9999.000,9999.000,9999.000
202605060224,   3.570,9999.000,9999.000,9999.000,9999.000,9999.000,9999.000,9999.000,9999.000
202605060230,   3.539,9999.000,9999.000,9999.000,9999.000,9999.000,9999.000,9999.000,9999.000
202605060236,   3.512,9999.000,9999.000,9999.000,9999.000,9999.000,9999.000,9999.000,9999.000
202605060242,   3.486,9999.000,9999.000,9999.000,9999.000,9999.000,9999.000,9999.000,9999.000
202605060248,   3.463,9999.000,9999.000,9999.000,9999.000,9999.000,9999.000,9999.000,9999.000
202605060254,   3.443,9999.000,9999.000,9999.000,9999.000,9999.000,9999.000,9999.000,9999.000
202605060300,   3.426,9999.000,   0.200,   0.565,   4.191,   0.200,   4.191,   0.200,   4.191
202605060306,   3.412,9999.000,9999.000,9999.000,9999.000,9999.000,9999.000,9999.000,9999.000
202605060312,   3.401,9999.000,9999.000,9999.000,9999.000,9999.000,9999.000,9999.000,9999.000
202605060318,   3.393,9999.000,9999.000,9999.000,9999.000,9999.000,9999.000,9999.000,9999.000
202605060324,   3.389,9999.000,9999.000,9999.000,9999.000,9999.000,9999.000,9999.000,9999.000
202605060330,   3.388,9999.000,9999.000,9999.000,9999.000,9999.000,9999.000,9999.000,9999.000
202605060336,   3.390,9999.000,9999.000,9999.000,9999.000,9999.000,9999.000,9999.000,9999.000
202605060342,   3.397,9999.000,9999.000,9999.000,9999.000,9999.000,9999.000,9999.000,9999.000
202605060348,   3.407,9999.000,9999.000,9999.000,9999.000,9999.000,9999.000,9999.000,9999.000
202605060354,   3.421,9999.000,9999.000,9999.000,9999.000,9999.000,9999.000,9999.000,9999.000
202605060400,   3.439,9999.000,   0.200,   0.552,   4.191,   0.200,   4.191,   0.200,   4.191
202605060406,   3.460,9999.000,9999.000,9999.000,9999.000,9999.000,9999.000,9999.000,9999.000
202605060412,   3.486,9999.000,9999.000,9999.000,9999.000,9999.000,9999.000,9999.000,9999.000
202605060418,   3.516,9999.000,9999.000,9999.000,9999.000,9999.000,9999.000,9999.000,9999.000
202605060424,   3.549,9999.000,9999.000,9999.000,9999.000,9999.000,9999.000,9999.000,9999.000
202605060430,   3.587,9999.000,9999.000,9999.000,9999.000,9999.000,9999.000,9999.000,9999.000
202605060436,   3.628,9999.000,9999.000,9999.000,9999.000,9999.000,9999.000,9999.000,9999.000
202605060442,   3.673,9999.000,9999.000,9999.000,9999.000,9999.000,9999.000,9999.000,9999.000
202605060448,   3.721,9999.000,9999.000,9999.000,9999.000,9999.000,9999.000,9999.000,9999.000
202605060454,   3.773,9999.000,9999.000,9999.000,9999.000,9999.000,9999.000,9999.000,9999.000
202605060500,   3.828,9999.000,   0.200,   0.538,   4.566,   0.200,   4.566,   0.200,   4.566
202605060506,   3.886,9999.000,9999.000,9999.000,9999.000,9999.000,9999.000,9999.000,9999.000
202605060512,   3.947,9999.000,9999.000,9999.000,9999.000,9999.000,9999.000,9999.000,9999.000
202605060518,   4.011,9999.000,9999.000,9999.000,9999.000,9999.000,9999.000,9999.000,9999.000
202605060524,   4.077,9999.000,9999.000,9999.000,9999.000,9999.000,9999.000,9999.000,9999.000
202605060530,   4.146,9999.000,9999.000,9999.000,9999.000,9999.000,9999.000,9999.000,9999.000
202605060536,   4.216,9999.000,9999.000,9999.000,9999.000,9999.000,9999.000,9999.000,9999.000
202605060542,   4.288,9999.000,9999.000,9999.000,9999.000,9999.000,9999.000,9999.000,9999.000
202605060548,   4.362,9999.000,9999.000,9999.000,9999.000,9999.000,9999.000,9999.000,9999.000
202605060554,   4.437,9999.000,9999.000,9999.000,9999.000,9999.000,9999.000,9999.000,9999.000
202605060600,   4.514,9999.000,   0.200,   0.538,   5.252,   0.200,   5.252,   0.200,   5.252
202605060606,   4.590,9999.000,9999.000,9999.000,9999.000,9999.000,9999.000,9999.000,9999.000
202605060612,   4.668,9999.000,9999.000,9999.000,9999.000,9999.000,9999.000,9999.000,9999.000
202605060618,   4.745,9999.000,9999.000,9999.000,9999.000,9999.000,9999.000,9999.000,9999.000
202605060624,   4.823,9999.000,9999.000,9999.000,9999.000,9999.000,9999.000,9999.000,9999.000
202605060630,   4.900,9999.000,9999.000,9999.000,9999.000,9999.000,9999.000,9999.000,9999.000
202605060636,   4.977,9999.000,9999.000,9999.000,9999.000,9999.000,9999.000,9999.000,9999.000
202605060642,   5.053,9999.000,9999.000,9999.000,9999.000,9999.000,9999.000,9999.000,9999.000
202605060648,   5.128,9999.000,9999.000,9999.000,9999.000,9999.000,9999.000,9999.000,9999.000
202605060654,   5.201,9999.000,9999.000,9999.000,9999.000,9999.000,9999.000,9999.000,9999.000
202605060700,   5.274,9999.000,   0.100,   0.538,   5.912,   0.100,   5.912,   0.200,   6.012
202605060706,   5.344,9999.000,9999.000,9999.000,9999.000,9999.000,9999.000,9999.000,9999.000
202605060712,   5.413,9999.000,9999.000,9999.000,9999.000,9999.000,9999.000,9999.000,9999.000
202605060718,   5.480,9999.000,9999.000,9999.000,9999.000,9999.000,9999.000,9999.000,9999.000
202605060724,   5.545,9999.000,9999.000,9999.000,9999.000,9999.000,9999.000,9999.000,9999.000
202605060730,   5.608,9999.000,9999.000,9999.000,9999.000,9999.000,9999.000,9999.000,9999.000
202605060736,   5.669,9999.000,9999.000,9999.000,9999.000,9999.000,9999.000,9999.000,9999.000
202605060742,   5.727,9999.000,9999.000,9999.000,9999.000,9999.000,9999.000,9999.000,9999.000
202605060748,   5.782,9999.000,9999.000,9999.000,9999.000,9999.000,9999.000,9999.000,9999.000
202605060754,   5.835,9999.000,9999.000,9999.000,9999.000,9999.000,9999.000,9999.000,9999.000
202605060800,   5.885,9999.000,   0.100,   0.538,   6.523,   0.100,   6.523,   0.100,   6.523
202605060806,   5.932,9999.000,9999.000,9999.000,9999.000,9999.000,9999.000,9999.000,9999.000
202605060812,   5.976,9999.000,9999.000,9999.000,9999.000,9999.000,9999.000,9999.000,9999.000
202605060818,   6.017,9999.000,9999.000,9999.000,9999.000,9999.000,9999.000,9999.000,9999.000
202605060824,   6.055,9999.000,9999.000,9999.000,9999.000,9999.000,9999.000,9999.000,9999.000
202605060830,   6.089,9999.000,9999.000,9999.000,9999.000,9999.000,9999.000,9999.000,9999.000
202605060836,   6.120,9999.000,9999.000,9999.000,9999.000,9999.000,9999.000,9999.000,9999.000
202605060842,   6.148,9999.000,9999.000,9999.000,9999.000,9999.000,9999.000,9999.000,9999.000
202605060848,   6.172,9999.000,9999.000,9999.000,9999.000,9999.000,9999.000,9999.000,9999.000
202605060854,   6.192,9999.000,9999.000,9999.000,9999.000,9999.000,9999.000,9999.000,9999.000
202605060900,   6.209,9999.000,   0.100,   0.538,   6.847,   0.100,   6.847,   0.200,   6.947
202605060906,   6.221,9999.000,9999.000,9999.000,9999.000,9999.000,9999.000,9999.000,9999.000
202605060912,   6.230,9999.000,9999.000,9999.000,9999.000,9999.000,9999.000,9999.000,9999.000
202605060918,   6.234,9999.000,9999.000,9999.000,9999.000,9999.000,9999.000,9999.000,9999.000
202605060924,   6.234,9999.000,9999.000,9999.000,9999.000,9999.000,9999.000,9999.000,9999.000
202605060930,   6.230,9999.000,9999.000,9999.000,9999.000,9999.000,9999.000,9999.000,9999.000
202605060936,   6.221,9999.000,9999.000,9999.000,9999.000,9999.000,9999.000,9999.000,9999.000
202605060942,   6.208,9999.000,9999.000,9999.000,9999.000,9999.000,9999.000,9999.000,9999.000
202605060948,   6.189,9999.000,9999.000,9999.000,9999.000,9999.000,9999.000,9999.000,9999.000
202605060954,   6.166,9999.000,9999.000,9999.000,9999.000,9999.000,9999.000,9999.000,9999.000
202605061000,   6.138,9999.000,   0.200,   0.538,   6.876,   0.100,   6.776,   0.200,   6.876
202605061006,   6.105,9999.000,9999.000,9999.000,9999.000,9999.000,9999.000,9999.000,9999.000
202605061012,   6.067,9999.000,9999.000,9999.000,9999.000,9999.000,9999.000,9999.000,9999.000
202605061018,   6.024,9999.000,9999.000,9999.000,9999.000,9999.000,9999.000,9999.000,9999.000
202605061024,   5.975,9999.000,9999.000,9999.000,9999.000,9999.000,9999.000,9999.000,9999.000
202605061030,   5.922,9999.000,9999.000,9999.000,9999.000,9999.000,9999.000,9999.000,9999.000
202605061036,   5.863,9999.000,9999.000,9999.000,9999.000,9999.000,9999.000,9999.000,9999.000
202605061042,   5.798,9999.000,9999.000,9999.000,9999.000,9999.000,9999.000,9999.000,9999.000
202605061048,   5.729,9999.000,9999.000,9999.000,9999.000,9999.000,9999.000,9999.000,9999.000
202605061054,   5.654,9999.000,9999.000,9999.000,9999.000,9999.000,9999.000,9999.000,9999.000
202605061100,   5.574,9999.000,   0.100,   0.538,   6.212,   0.100,   6.212,   0.100,   6.212
202605061106,   5.489,9999.000,9999.000,9999.000,9999.000,9999.000,9999.000,9999.000,9999.000
202605061112,   5.400,9999.000,9999.000,9999.000,9999.000,9999.000,9999.000,9999.000,9999.000
202605061118,   5.305,9999.000,9999.000,9999.000,9999.000,9999.000,9999.000,9999.000,9999.000
202605061124,   5.206,9999.000,9999.000,9999.000,9999.000,9999.000,9999.000,9999.000,9999.000
202605061130,   5.102,9999.000,9999.000,9999.000,9999.000,9999.000,9999.000,9999.000,9999.000
202605061136,   4.994,9999.000,9999.000,9999.000,9999.000,9999.000,9999.000,9999.000,9999.000
202605061142,   4.882,9999.000,9999.000,9999.000,9999.000,9999.000,9999.000,9999.000,9999.000
202605061148,   4.766,9999.000,9999.000,9999.000,9999.000,9999.000,9999.000,9999.000,9999.000
202605061154,   4.646,9999.000,9999.000,9999.000,9999.000,9999.000,9999.000,9999.000,9999.000
202605061200,   4.523,9999.000,   0.100,   0.538,   5.161,   0.100,   5.161,   0.200,   5.261
202605061206,   4.396,9999.000,9999.000,9999.000,9999.000,9999.000,9999.000,9999.000,9999.000
202605061212,   4.267,9999.000,9999.000,9999.000,9999.000,9999.000,9999.000,9999.000,9999.000
202605061218,   4.136,9999.000,9999.000,9999.000,9999.000,9999.000,9999.000,9999.000,9999.000
202605061224,   4.002,9999.000,9999.000,9999.000,9999.000,9999.000,9999.000,9999.000,9999.000
202605061230,   3.866,9999.000,9999.000,9999.000,9999.000,9999.000,9999.000,9999.000,9999.000
202605061236,   3.728,9999.000,9999.000,9999.000,9999.000,9999.000,9999.000,9999.000,9999.000
202605061242,   3.589,9999.000,9999.000,9999.000,9999.000,9999.000,9999.000,9999.000,9999.000
202605061248,   3.448,9999.000,9999.000,9999.000,9999.000,9999.000,9999.000,9999.000,9999.000
202605061254,   3.307,9999.000,9999.000,9999.000,9999.000,9999.000,9999.000,9999.000,9999.000
202605061300,   3.166,9999.000,   0.100,   0.538,   3.804,   0.100,   3.804,   0.200,   3.904
202605061306,   3.024,9999.000,9999.000,9999.000,9999.000,9999.000,9999.000,9999.000,9999.000
202605061312,   2.882,9999.000,9999.000,9999.000,9999.000,9999.000,9999.000,9999.000,9999.000
202605061318,   2.740,9999.000,9999.000,9999.000,9999.000,9999.000,9999.000,9999.000,9999.000
202605061324,   2.599,9999.000,9999.000,9999.000,9999.000,9999.000,9999.000,9999.000,9999.000
202605061330,   2.459,9999.000,9999.000,9999.000,9999.000,9999.000,9999.000,9999.000,9999.000
202605061336,   2.320,9999.000,9999.000,9999.000,9999.000,9999.000,9999.000,9999.000,9999.000
202605061342,   2.182,9999.000,9999.000,9999.000,9999.000,9999.000,9999.000,9999.000,9999.000
202605061348,   2.046,9999.000,9999.000,9999.000,9999.000,9999.000,9999.000,9999.000,9999.000
202605061354,   1.912,9999.000,9999.000,9999.000,9999.000,9999.000,9999.000,9999.000,9999.000
202605061400,   1.780,9999.000,   0.100,   0.538,   2.418,   0.100,   2.418,   0.100,   2.418
202605061406,   1.650,9999.000,9999.000,9999.000,9999.000,9999.000,9999.000,9999.000,9999.000
202605061412,   1.522,9999.000,9999.000,9999.000,9999.000,9999.000,9999.000,9999.000,9999.000
202605061418,   1.398,9999.000,9999.000,9999.000,9999.000,9999.000,9999.000,9999.000,9999.000
202605061424,   1.276,9999.000,9999.000,9999.000,9999.000,9999.000,9999.000,9999.000,9999.000
202605061430,   1.158,9999.000,9999.000,9999.000,9999.000,9999.000,9999.000,9999.000,9999.000
202605061436,   1.042,9999.000,9999.000,9999.000,9999.000,9999.000,9999.000,9999.000,9999.000
202605061442,   0.931,9999.000,9999.000,9999.000,9999.000,9999.000,9999.000,9999.000,9999.000
202605061448,   0.823,9999.000,9999.000,9999.000,9999.000,9999.000,9999.000,9999.000,9999.000
202605061454,   0.719,9999.000,9999.000,9999.000,9999.000,9999.000,9999.000,9999.000,9999.000
202605061500,   0.620,9999.000,   0.100,   0.538,   1.258,   0.100,   1.258,   0.100,   1.258
202605061506,   0.524,9999.000,9999.000,9999.000,9999.000,9999.000,9999.000,9999.000,9999.000
202605061512,   0.434,9999.000,9999.000,9999.000,9999.000,9999.000,9999.000,9999.000,9999.000
202605061518,   0.348,9999.000,9999.000,9999.000,9999.000,9999.000,9999.000,9999.000,9999.000
202605061524,   0.266,9999.000,9999.000,9999.000,9999.000,9999.000,9999.000,9999.000,9999.000
202605061530,   0.191,9999.000,9999.000,9999.000,9999.000,9999.000,9999.000,9999.000,9999.000
202605061536,   0.120,9999.000,9999.000,9999.000,9999.000,9999.000,9999.000,9999.000,9999.000
202605061542,   0.055,9999.000,9999.000,9999.000,9999.000,9999.000,9999.000,9999.000,9999.000
202605061548,  -0.004,9999.000,9999.000,9999.000,9999.000,9999.000,9999.000,9999.000,9999.000
202605061554,  -0.058,9999.000,9999.000,9999.000,9999.000,9999.000,9999.000,9999.000,9999.000
202605061600,  -0.106,9999.000,   0.100,   0.538,   0.532,   0.000,   0.432,   0.100,   0.532
202605061606,  -0.148,9999.000,9999.000,9999.000,9999.000,9999.000,9999.000,9999.000,9999.000
202605061612,  -0.184,9999.000,9999.000,9999.000,9999.000,9999.000,9999.000,9999.000,9999.000
202605061618,  -0.214,9999.000,9999.000,9999.000,9999.000,9999.000,9999.000,9999.000,9999.000
202605061624,  -0.238,9999.000,9999.000,9999.000,9999.000,9999.000,9999.000,9999.000,9999.000
202605061630,  -0.255,9999.000,9999.000,9999.000,9999.000,9999.000,9999.000,9999.000,9999.000
202605061636,  -0.267,9999.000,9999.000,9999.000,9999.000,9999.000,9999.000,9999.000,9999.000
202605061642,  -0.272,9999.000,9999.000,9999.000,9999.000,9999.000,9999.000,9999.000,9999.000
202605061648,  -0.270,9999.000,9999.000,9999.000,9999.000,9999.000,9999.000,9999.000,9999.000
202605061654,  -0.263,9999.000,9999.000,9999.000,9999.000,9999.000,9999.000,9999.000,9999.000
202605061700,  -0.249,9999.000,   0.100,   0.538,   0.389,   0.100,   0.389,   0.100,   0.389
202605061706,  -0.229,9999.000,9999.000,9999.000,9999.000,9999.000,9999.000,9999.000,9999.000
202605061712,  -0.203,9999.000,9999.000,9999.000,9999.000,9999.000,9999.000,9999.000,9999.000
202605061718,  -0.172,9999.000,9999.000,9999.000,9999.000,9999.000,9999.000,9999.000,9999.000
202605061724,  -0.134,9999.000,9999.000,9999.000,9999.000,9999.000,9999.000,9999.000,9999.000
202605061730,  -0.091,9999.000,9999.000,9999.000,9999.000,9999.000,9999.000,9999.000,9999.000
202605061736,  -0.043,9999.000,9999.000,9999.000,9999.000,9999.000,9999.000,9999.000,9999.000
202605061742,   0.009,9999.000,9999.000,9999.000,9999.000,9999.000,9999.000,9999.000,9999.000
202605061748,   0.068,9999.000,9999.000,9999.000,9999.000,9999.000,9999.000,9999.000,9999.000
202605061754,   0.131,9999.000,9999.000,9999.000,9999.000,9999.000,9999.000,9999.000,9999.000
202605061800,   0.198,9999.000,   0.100,   0.538,   0.836,   0.100,   0.836,   0.100,   0.836
202605061806,   0.270,9999.000,9999.000,9999.000,9999.000,9999.000,9999.000,9999.000,9999.000
202605061812,   0.346,9999.000,9999.000,9999.000,9999.000,9999.000,9999.000,9999.000,9999.000
202605061818,   0.425,9999.000,9999.000,9999.000,9999.000,9999.000,9999.000,9999.000,9999.000
202605061824,   0.508,9999.000,9999.000,9999.000,9999.000,9999.000,9999.000,9999.000,9999.000
202605061830,   0.593,9999.000,9999.000,9999.000,9999.000,9999.000,9999.000,9999.000,9999.000
202605061836,   0.682,9999.000,9999.000,9999.000,9999.000,9999.000,9999.000,9999.000,9999.000
202605061842,   0.773,9999.000,9999.000,9999.000,9999.000,9999.000,9999.000,9999.000,9999.000
202605061848,   0.867,9999.000,9999.000,9999.000,9999.000,9999.000,9999.000,9999.000,9999.000
202605061854,   0.962,9999.000,9999.000,9999.000,9999.000,9999.000,9999.000,9999.000,9999.000
202605061900,   1.060,9999.000,   0.100,   0.538,   1.698,   0.000,   1.598,   0.100,   1.698
202605061906,   1.159,9999.000,9999.000,9999.000,9999.000,9999.000,9999.000,9999.000,9999.000
202605061912,   1.259,9999.000,9999.000,9999.000,9999.000,9999.000,9999.000,9999.000,9999.000
202605061918,   1.360,9999.000,9999.000,9999.000,9999.000,9999.000,9999.000,9999.000,9999.000
202605061924,   1.462,9999.000,9999.000,9999.000,9999.000,9999.000,9999.000,9999.000,9999.000
202605061930,   1.565,9999.000,9999.000,9999.000,9999.000,9999.000,9999.000,9999.000,9999.000
202605061936,   1.668,9999.000,9999.000,9999.000,9999.000,9999.000,9999.000,9999.000,9999.000
202605061942,   1.772,9999.000,9999.000,9999.000,9999.000,9999.000,9999.000,9999.000,9999.000
202605061948,   1.876,9999.000,9999.000,9999.000,9999.000,9999.000,9999.000,9999.000,9999.000
202605061954,   1.979,9999.000,9999.000,9999.000,9999.000,9999.000,9999.000,9999.000,9999.000
202605062000,   2.083,9999.000,   0.100,   0.538,   2.721,   0.000,   2.621,   0.100,   2.721
202605062006,   2.186,9999.000,9999.000,9999.000,9999.000,9999.000,9999.000,9999.000,9999.000
202605062012,   2.288,9999.000,9999.000,9999.000,9999.000,9999.000,9999.000,9999.000,9999.000
202605062018,   2.390,9999.000,9999.000,9999.000,9999.000,9999.000,9999.000,9999.000,9999.000
202605062024,   2.492,9999.000,9999.000,9999.000,9999.000,9999.000,9999.000,9999.000,9999.000
202605062030,   2.592,9999.000,9999.000,9999.000,9999.000,9999.000,9999.000,9999.000,9999.000
202605062036,   2.692,9999.000,9999.000,9999.000,9999.000,9999.000,9999.000,9999.000,9999.000
202605062042,   2.790,9999.000,9999.000,9999.000,9999.000,9999.000,9999.000,9999.000,9999.000
202605062048,   2.887,9999.000,9999.000,9999.000,9999.000,9999.000,9999.000,9999.000,9999.000
202605062054,   2.983,9999.000,9999.000,9999.000,9999.000,9999.000,9999.000,9999.000,9999.000
202605062100,   3.077,9999.000,   0.100,   0.538,   3.715,   0.100,   3.715,   0.200,   3.815
202605062106,   3.170,9999.000,9999.000,9999.000,9999.000,9999.000,9999.000,9999.000,9999.000
202605062112,   3.261,9999.000,9999.000,9999.000,9999.000,9999.000,9999.000,9999.000,9999.000
202605062118,   3.350,9999.000,9999.000,9999.000,9999.000,9999.000,9999.000,9999.000,9999.000
202605062124,   3.437,9999.000,9999.000,9999.000,9999.000,9999.000,9999.000,9999.000,9999.000
202605062130,   3.522,9999.000,9999.000,9999.000,9999.000,9999.000,9999.000,9999.000,9999.000
202605062136,   3.605,9999.000,9999.000,9999.000,9999.000,9999.000,9999.000,9999.000,9999.000
202605062142,   3.685,9999.000,9999.000,9999.000,9999.000,9999.000,9999.000,9999.000,9999.000
202605062148,   3.763,9999.000,9999.000,9999.000,9999.000,9999.000,9999.000,9999.000,9999.000
202605062154,   3.838,9999.000,9999.000,9999.000,9999.000,9999.000,9999.000,9999.000,9999.000
202605062200,   3.911,9999.000,   0.100,   0.538,   4.549,   0.100,   4.549,   0.200,   4.649
202605062206,   3.980,9999.000,9999.000,9999.000,9999.000,9999.000,9999.000,9999.000,9999.000
202605062212,   4.046,9999.000,9999.000,9999.000,9999.000,9999.000,9999.000,9999.000,9999.000
202605062218,   4.109,9999.000,9999.000,9999.000,9999.000,9999.000,9999.000,9999.000,9999.000
202605062224,   4.168,9999.000,9999.000,9999.000,9999.000,9999.000,9999.000,9999.000,9999.000
202605062230,   4.224,9999.000,9999.000,9999.000,9999.000,9999.000,9999.000,9999.000,9999.000
202605062236,   4.276,9999.000,9999.000,9999.000,9999.000,9999.000,9999.000,9999.000,9999.000
202605062242,   4.324,9999.000,9999.000,9999.000,9999.000,9999.000,9999.000,9999.000,9999.000
202605062248,   4.369,9999.000,9999.000,9999.000,9999.000,9999.000,9999.000,9999.000,9999.000
202605062254,   4.409,9999.000,9999.000,9999.000,9999.000,9999.000,9999.000,9999.000,9999.000
202605062300,   4.446,9999.000,   0.100,   0.538,   5.084,   0.100,   5.084,   0.100,   5.084
202605062306,   4.478,9999.000,9999.000,9999.000,9999.000,9999.000,9999.000,9999.000,9999.000
202605062312,   4.507,9999.000,9999.000,9999.000,9999.000,9999.000,9999.000,9999.000,9999.000
202605062318,   4.531,9999.000,9999.000,9999.000,9999.000,9999.000,9999.000,9999.000,9999.000
202605062324,   4.551,9999.000,9999.000,9999.000,9999.000,9999.000,9999.000,9999.000,9999.000
202605062330,   4.567,9999.000,9999.000,9999.000,9999.000,9999.000,9999.000,9999.000,9999.000
202605062336,   4.579,9999.000,9999.000,9999.000,9999.000,9999.000,9999.000,9999.000,9999.000
202605062342,   4.587,9999.000,9999.000,9999.000,9999.000,9999.000,9999.000,9999.000,9999.000
202605062348,   4.592,9999.000,9999.000,9999.000,9999.000,9999.000,9999.000,9999.000,9999.000
202605062354,   4.592,9999.000,9999.000,9999.000,9999.000,9999.000,9999.000,9999.000,9999.000
202605070000,   4.589,9999.000,   0.100,   0.538,   5.227,   0.100,   5.227,   0.200,   5.327
202605070006,   4.582,9999.000,9999.000,9999.000,9999.000,9999.000,9999.000,9999.000,9999.000
202605070012,   4.572,9999.000,9999.000,9999.000,9999.000,9999.000,9999.000,9999.000,9999.000
202605070018,   4.559,9999.000,9999.000,9999.000,9999.000,9999.000,9999.000,9999.000,9999.000
202605070024,   4.543,9999.000,9999.000,9999.000,9999.000,9999.000,9999.000,9999.000,9999.000
202605070030,   4.524,9999.000,9999.000,9999.000,9999.000,9999.000,9999.000,9999.000,9999.000
202605070036,   4.502,9999.000,9999.000,9999.000,9999.000,9999.000,9999.000,9999.000,9999.000
202605070042,   4.478,9999.000,9999.000,9999.000,9999.000,9999.000,9999.000,9999.000,9999.000
202605070048,   4.451,9999.000,9999.000,9999.000,9999.000,9999.000,9999.000,9999.000,9999.000
202605070054,   4.423,9999.000,9999.000,9999.000,9999.000,9999.000,9999.000,9999.000,9999.000
202605070100,   4.393,9999.000,   0.100,   0.538,   5.031,   0.100,   5.031,   0.200,   5.131
202605070106,   4.361,9999.000,9999.000,9999.000,9999.000,9999.000,9999.000,9999.000,9999.000
202605070112,   4.328,9999.000,9999.000,9999.000,9999.000,9999.000,9999.000,9999.000,9999.000
202605070118,   4.293,9999.000,9999.000,9999.000,9999.000,9999.000,9999.000,9999.000,9999.000
202605070124,   4.258,9999.000,9999.000,9999.000,9999.000,9999.000,9999.000,9999.000,9999.000
202605070130,   4.222,9999.000,9999.000,9999.000,9999.000,9999.000,9999.000,9999.000,9999.000
202605070136,   4.185,9999.000,9999.000,9999.000,9999.000,9999.000,9999.000,9999.000,9999.000
202605070142,   4.148,9999.000,9999.000,9999.000,9999.000,9999.000,9999.000,9999.000,9999.000
202605070148,   4.110,9999.000,9999.000,9999.000,9999.000,9999.000,9999.000,9999.000,9999.000
202605070154,   4.073,9999.000,9999.000,9999.000,9999.000,9999.000,9999.000,9999.000,9999.000
202605070200,   4.035,9999.000,   0.100,   0.538,   4.673,   0.100,   4.673,   0.200,   4.773
202605070206,   3.998,9999.000,9999.000,9999.000,9999.000,9999.000,9999.000,9999.000,9999.000
202605070212,   3.962,9999.000,9999.000,9999.000,9999.000,9999.000,9999.000,9999.000,9999.000
202605070218,   3.925,9999.000,9999.000,9999.000,9999.000,9999.000,9999.000,9999.000,9999.000
202605070224,   3.890,9999.000,9999.000,9999.000,9999.000,9999.000,9999.000,9999.000,9999.000
202605070230,   3.856,9999.000,9999.000,9999.000,9999.000,9999.000,9999.000,9999.000,9999.000
202605070236,   3.822,9999.000,9999.000,9999.000,9999.000,9999.000,9999.000,9999.000,9999.000
202605070242,   3.790,9999.000,9999.000,9999.000,9999.000,9999.000,9999.000,9999.000,9999.000
202605070248,   3.758,9999.000,9999.000,9999.000,9999.000,9999.000,9999.000,9999.000,9999.000
202605070254,   3.729,9999.000,9999.000,9999.000,9999.000,9999.000,9999.000,9999.000,9999.000
202605070300,   3.700,9999.000,   0.100,   0.538,   4.338,   0.100,   4.338,   0.100,   4.338
202605070306,   3.673,9999.000,9999.000,9999.000,9999.000,9999.000,9999.000,9999.000,9999.000
202605070312,   3.648,9999.000,9999.000,9999.000,9999.000,9999.000,9999.000,9999.000,9999.000
202605070318,   3.625,9999.000,9999.000,9999.000,9999.000,9999.000,9999.000,9999.000,9999.000
202605070324,   3.604,9999.000,9999.000,9999.000,9999.000,9999.000,9999.000,9999.000,9999.000
202605070330,   3.585,9999.000,9999.000,9999.000,9999.000,9999.000,9999.000,9999.000,9999.000
202605070336,   3.568,9999.000,9999.000,9999.000,9999.000,9999.000,9999.000,9999.000,9999.000
202605070342,   3.554,9999.000,9999.000,9999.000,9999.000,9999.000,9999.000,9999.000,9999.000
202605070348,   3.541,9999.000,9999.000,9999.000,9999.000,9999.000,9999.000,9999.000,9999.000
202605070354,   3.532,9999.000,9999.000,9999.000,9999.000,9999.000,9999.000,9999.000,9999.000
202605070400,   3.525,9999.000,   0.100,   0.538,   4.163,   0.100,   4.163,   0.100,   4.163
202605070406,   3.521,9999.000,9999.000,9999.000,9999.000,9999.000,9999.000,9999.000,9999.000
202605070412,   3.519,9999.000,9999.000,9999.000,9999.000,9999.000,9999.000,9999.000,9999.000
202605070418,   3.521,9999.000,9999.000,9999.000,9999.000,9999.000,9999.000,9999.000,9999.000
202605070424,   3.525,9999.000,9999.000,9999.000,9999.000,9999.000,9999.000,9999.000,9999.000
202605070430,   3.533,9999.000,9999.000,9999.000,9999.000,9999.000,9999.000,9999.000,9999.000
202605070436,   3.544,9999.000,9999.000,9999.000,9999.000,9999.000,9999.000,9999.000,9999.000
202605070442,   3.558,9999.000,9999.000,9999.000,9999.000,9999.000,9999.000,9999.000,9999.000
202605070448,   3.576,9999.000,9999.000,9999.000,9999.000,9999.000,9999.000,9999.000,9999.000
202605070454,   3.596,9999.000,9999.000,9999.000,9999.000,9999.000,9999.000,9999.000,9999.000
202605070500,   3.620,9999.000,   0.100,   0.538,   4.258,   0.100,   4.258,   0.200,   4.358
202605070506,   3.648,9999.000,9999.000,9999.000,9999.000,9999.000,9999.000,9999.000,9999.000
202605070512,   3.678,9999.000,9999.000,9999.000,9999.000,9999.000,9999.000,9999.000,9999.000
202605070518,   3.712,9999.000,9999.000,9999.000,9999.000,9999.000,9999.000,9999.000,9999.000
202605070524,   3.749,9999.000,9999.000,9999.000,9999.000,9999.000,9999.000,9999.000,9999.000
202605070530,   3.789,9999.000,9999.000,9999.000,9999.000,9999.000,9999.000,9999.000,9999.000
202605070536,   3.832,9999.000,9999.000,9999.000,9999.000,9999.000,9999.000,9999.000,9999.000
202605070542,   3.878,9999.000,9999.000,9999.000,9999.000,9999.000,9999.000,9999.000,9999.000
202605070548,   3.927,9999.000,9999.000,9999.000,9999.000,9999.000,9999.000,9999.000,9999.000
202605070554,   3.978,9999.000,9999.000,9999.000,9999.000,9999.000,9999.000,9999.000,9999.000
202605070600,   4.032,9999.000,   0.100,   0.538,   4.670,   0.100,   4.670,   0.100,   4.670
202605070606,   4.088,9999.000,9999.000,9999.000,9999.000,9999.000,9999.000,9999.000,9999.000
202605070612,   4.146,9999.000,9999.000,9999.000,9999.000,9999.000,9999.000,9999.000,9999.000
202605070618,   4.206,9999.000,9999.000,9999.000,9999.000,9999.000,9999.000,9999.000,9999.000
202605070624,   4.267,9999.000,9999.000,9999.000,9999.000,9999.000,9999.000,9999.000,9999.000
202605070630,   4.330,9999.000,9999.000,9999.000,9999.000,9999.000,9999.000,9999.000,9999.000
202605070636,   4.394,9999.000,9999.000,9999.000,9999.000,9999.000,9999.000,9999.000,9999.000
202605070642,   4.460,9999.000,9999.000,9999.000,9999.000,9999.000,9999.000,9999.000,9999.000
202605070648,   4.525,9999.000,9999.000,9999.000,9999.000,9999.000,9999.000,9999.000,9999.000
202605070654,   4.592,9999.000,9999.000,9999.000,9999.000,9999.000,9999.000,9999.000,9999.000
202605070700,   4.658,9999.000,   0.100,   0.538,   5.296,   0.100,   5.296,   0.100,   5.296
202605070706,   4.725,9999.000,9999.000,9999.000,9999.000,9999.000,9999.000,9999.000,9999.000
202605070712,   4.791,9999.000,9999.000,9999.000,9999.000,9999.000,9999.000,9999.000,9999.000
202605070718,   4.857,9999.000,9999.000,9999.000,9999.000,9999.000,9999.000,9999.000,9999.000
202605070724,   4.923,9999.000,9999.000,9999.000,9999.000,9999.000,9999.000,9999.000,9999.000
202605070730,   4.987,9999.000,9999.000,9999.000,9999.000,9999.000,9999.000,9999.000,9999.000
202605070736,   5.051,9999.000,9999.000,9999.000,9999.000,9999.000,9999.000,9999.000,9999.000
202605070742,   5.113,9999.000,9999.000,9999.000,9999.000,9999.000,9999.000,9999.000,9999.000
202605070748,   5.174,9999.000,9999.000,9999.000,9999.000,9999.000,9999.000,9999.000,9999.000
202605070754,   5.234,9999.000,9999.000,9999.000,9999.000,9999.000,9999.000,9999.000,9999.000
202605070800,   5.291,9999.000,   0.100,   0.538,   5.929,   0.100,   5.929,   0.100,   5.929
202605070806,   5.347,9999.000,9999.000,9999.000,9999.000,9999.000,9999.000,9999.000,9999.000
202605070812,   5.401,9999.000,9999.000,9999.000,9999.000,9999.000,9999.000,9999.000,9999.000
202605070818,   5.453,9999.000,9999.000,9999.000,9999.000,9999.000,9999.000,9999.000,9999.000
202605070824,   5.503,9999.000,9999.000,9999.000,9999.000,9999.000,9999.000,9999.000,9999.000
202605070830,   5.551,9999.000,9999.000,9999.000,9999.000,9999.000,9999.000,9999.000,9999.000
202605070836,   5.596,9999.000,9999.000,9999.000,9999.000,9999.000,9999.000,9999.000,9999.000
202605070842,   5.639,9999.000,9999.000,9999.000,9999.000,9999.000,9999.000,9999.000,9999.000
202605070848,   5.679,9999.000,9999.000,9999.000,9999.000,9999.000,9999.000,9999.000,9999.000
202605070854,   5.717,9999.000,9999.000,9999.000,9999.000,9999.000,9999.000,9999.000,9999.000
202605070900,   5.752,9999.000,   0.100,   0.538,   6.390,   0.100,   6.390,   0.200,   6.490
202605070906,   5.784,9999.000,9999.000,9999.000,9999.000,9999.000,9999.000,9999.000,9999.000
202605070912,   5.813,9999.000,9999.000,9999.000,9999.000,9999.000,9999.000,9999.000,9999.000
202605070918,   5.840,9999.000,9999.000,9999.000,9999.000,9999.000,9999.000,9999.000,9999.000
202605070924,   5.863,9999.000,9999.000,9999.000,9999.000,9999.000,9999.000,9999.000,9999.000
202605070930,   5.884,9999.000,9999.000,9999.000,9999.000,9999.000,9999.000,9999.000,9999.000
202605070936,   5.901,9999.000,9999.000,9999.000,9999.000,9999.000,9999.000,9999.000,9999.000
202605070942,   5.915,9999.000,9999.000,9999.000,9999.000,9999.000,9999.000,9999.000,9999.000
202605070948,   5.926,9999.000,9999.000,9999.000,9999.000,9999.000,9999.000,9999.000,9999.000
202605070954,   5.933,9999.000,9999.000,9999.000,9999.000,9999.000,9999.000,9999.000,9999.000
202605071000,   5.936,9999.000,   0.100,   0.538,   6.574,   0.100,   6.574,   0.200,   6.674
202605071006,   5.936,9999.000,9999.000,9999.000,9999.000,9999.000,9999.000,9999.000,9999.000
202605071012,   5.932,9999.000,9999.000,9999.000,9999.000,9999.000,9999.000,9999.000,9999.000
202605071018,   5.925,9999.000,9999.000,9999.000,9999.000,9999.000,9999.000,9999.000,9999.000
202605071024,   5.913,9999.000,9999.000,9999.000,9999.000,9999.000,9999.000,9999.000,9999.000
202605071030,   5.897,9999.000,9999.000,9999.000,9999.000,9999.000,9999.000,9999.000,9999.000
202605071036,   5.877,9999.000,9999.000,9999.000,9999.000,9999.000,9999.000,9999.000,9999.000
202605071042,   5.852,9999.000,9999.000,9999.000,9999.000,9999.000,9999.000,9999.000,9999.000
202605071048,   5.823,9999.000,9999.000,9999.000,9999.000,9999.000,9999.000,9999.000,9999.000
202605071054,   5.790,9999.000,9999.000,9999.000,9999.000,9999.000,9999.000,9999.000,9999.000
202605071100,   5.752,9999.000,   0.100,   0.538,   6.390,   0.100,   6.390,   0.100,   6.390
202605071106,   5.710,9999.000,9999.000,9999.000,9999.000,9999.000,9999.000,9999.000,9999.000
202605071112,   5.662,9999.000,9999.000,9999.000,9999.000,9999.000,9999.000,9999.000,9999.000
202605071118,   5.610,9999.000,9999.000,9999.000,9999.000,9999.000,9999.000,9999.000,9999.000
202605071124,   5.554,9999.000,9999.000,9999.000,9999.000,9999.000,9999.000,9999.000,9999.000
202605071130,   5.492,9999.000,9999.000,9999.000,9999.000,9999.000,9999.000,9999.000,9999.000
202605071136,   5.426,9999.000,9999.000,9999.000,9999.000,9999.000,9999.000,9999.000,9999.000
202605071142,   5.355,9999.000,9999.000,9999.000,9999.000,9999.000,9999.000,9999.000,9999.000
202605071148,   5.279,9999.000,9999.000,9999.000,9999.000,9999.000,9999.000,9999.000,9999.000
202605071154,   5.199,9999.000,9999.000,9999.000,9999.000,9999.000,9999.000,9999.000,9999.000
202605071200,   5.115,9999.000,   0.100,   0.538,   5.753,   0.100,   5.753,   0.200,   5.853
202605071206,   5.026,9999.000,9999.000,9999.000,9999.000,9999.000,9999.000,9999.000,9999.000
202605071212,   4.932,9999.000,9999.000,9999.000,9999.000,9999.000,9999.000,9999.000,9999.000
202605071218,   4.835,9999.000,9999.000,9999.000,9999.000,9999.000,9999.000,9999.000,9999.000
202605071224,   4.734,9999.000,9999.000,9999.000,9999.000,9999.000,9999.000,9999.000,9999.000
202605071230,   4.629,9999.000,9999.000,9999.000,9999.000,9999.000,9999.000,9999.000,9999.000
202605071236,   4.521,9999.000,9999.000,9999.000,9999.000,9999.000,9999.000,9999.000,9999.000
202605071242,   4.409,9999.000,9999.000,9999.000,9999.000,9999.000,9999.000,9999.000,9999.000
202605071248,   4.295,9999.000,9999.000,9999.000,9999.000,9999.000,9999.000,9999.000,9999.000
202605071254,   4.177,9999.000,9999.000,9999.000,9999.000,9999.000,9999.000,9999.000,9999.000
202605071300,   4.058,9999.000,   0.200,   0.538,   4.796,   0.100,   4.696,   0.200,   4.796
202605071306,   3.936,9999.000,9999.000,9999.000,9999.000,9999.000,9999.000,9999.000,9999.000
202605071312,   3.811,9999.000,9999.000,9999.000,9999.000,9999.000,9999.000,9999.000,9999.000
202605071318,   3.686,9999.000,9999.000,9999.000,9999.000,9999.000,9999.000,9999.000,9999.000
202605071324,   3.559,9999.000,9999.000,9999.000,9999.000,9999.000,9999.000,9999.000,9999.000
202605071330,   3.430,9999.000,9999.000,9999.000,9999.000,9999.000,9999.000,9999.000,9999.000
202605071336,   3.301,9999.000,9999.000,9999.000,9999.000,9999.000,9999.000,9999.000,9999.000
202605071342,   3.171,9999.000,9999.000,9999.000,9999.000,9999.000,9999.000,9999.000,9999.000
202605071348,   3.041,9999.000,9999.000,9999.000,9999.000,9999.000,9999.000,9999.000,9999.000
202605071354,   2.911,9999.000,9999.000,9999.000,9999.000,9999.000,9999.000,9999.000,9999.000
202605071400,   2.781,9999.000,   0.200,   0.538,   3.519,   0.100,   3.419,   0.200,   3.519
202605071406,   2.652,9999.000,9999.000,9999.000,9999.000,9999.000,9999.000,9999.000,9999.000
202605071412,   2.523,9999.000,9999.000,9999.000,9999.000,9999.000,9999.000,9999.000,9999.000
202605071418,   2.395,9999.000,9999.000,9999.000,9999.000,9999.000,9999.000,9999.000,9999.000
202605071424,   2.269,9999.000,9999.000,9999.000,9999.000,9999.000,9999.000,9999.000,9999.000
202605071430,   2.144,9999.000,9999.000,9999.000,9999.000,9999.000,9999.000,9999.000,9999.000
202605071436,   2.020,9999.000,9999.000,9999.000,9999.000,9999.000,9999.000,9999.000,9999.000
202605071442,   1.899,9999.000,9999.000,9999.000,9999.000,9999.000,9999.000,9999.000,9999.000
202605071448,   1.779,9999.000,9999.000,9999.000,9999.000,9999.000,9999.000,9999.000,9999.000
202605071454,   1.662,9999.000,9999.000,9999.000,9999.000,9999.000,9999.000,9999.000,9999.000
202605071500,   1.547,9999.000,   0.100,   0.538,   2.185,   0.100,   2.185,   0.200,   2.285
202605071506,   1.435,9999.000,9999.000,9999.000,9999.000,9999.000,9999.000,9999.000,9999.000
202605071512,   1.325,9999.000,9999.000,9999.000,9999.000,9999.000,9999.000,9999.000,9999.000
202605071518,   1.219,9999.000,9999.000,9999.000,9999.000,9999.000,9999.000,9999.000,9999.000
202605071524,   1.116,9999.000,9999.000,9999.000,9999.000,9999.000,9999.000,9999.000,9999.000
202605071530,   1.016,9999.000,9999.000,9999.000,9999.000,9999.000,9999.000,9999.000,9999.000
202605071536,   0.920,9999.000,9999.000,9999.000,9999.000,9999.000,9999.000,9999.000,9999.000
202605071542,   0.827,9999.000,9999.000,9999.000,9999.000,9999.000,9999.000,9999.000,9999.000
202605071548,   0.738,9999.000,9999.000,9999.000,9999.000,9999.000,9999.000,9999.000,9999.000
202605071554,   0.653,9999.000,9999.000,9999.000,9999.000,9999.000,9999.000,9999.000,9999.000
202605071600,   0.572,9999.000,   0.100,   0.538,   1.210,   0.100,   1.210,   0.200,   1.310
202605071606,   0.496,9999.000,9999.000,9999.000,9999.000,9999.000,9999.000,9999.000,9999.000
202605071612,   0.424,9999.000,9999.000,9999.000,9999.000,9999.000,9999.000,9999.000,9999.000
202605071618,   0.357,9999.000,9999.000,9999.000,9999.000,9999.000,9999.000,9999.000,9999.000
202605071624,   0.294,9999.000,9999.000,9999.000,9999.000,9999.000,9999.000,9999.000,9999.000
202605071630,   0.236,9999.000,9999.000,9999.000,9999.000,9999.000,9999.000,9999.000,9999.000
202605071636,   0.184,9999.000,9999.000,9999.000,9999.000,9999.000,9999.000,9999.000,9999.000
202605071642,   0.136,9999.000,9999.000,9999.000,9999.000,9999.000,9999.000,9999.000,9999.000
202605071648,   0.094,9999.000,9999.000,9999.000,9999.000,9999.000,9999.000,9999.000,9999.000
202605071654,   0.057,9999.000,9999.000,9999.000,9999.000,9999.000,9999.000,9999.000,9999.000
202605071700,   0.025,9999.000,   0.100,   0.538,   0.663,   0.100,   0.663,   0.200,   0.763
202605071706,   0.000,9999.000,9999.000,9999.000,9999.000,9999.000,9999.000,9999.000,9999.000
202605071712,  -0.020,9999.000,9999.000,9999.000,9999.000,9999.000,9999.000,9999.000,9999.000
202605071718,  -0.035,9999.000,9999.000,9999.000,9999.000,9999.000,9999.000,9999.000,9999.000
202605071724,  -0.044,9999.000,9999.000,9999.000,9999.000,9999.000,9999.000,9999.000,9999.000
202605071730,  -0.048,9999.000,9999.000,9999.000,9999.000,9999.000,9999.000,9999.000,9999.000
202605071736,  -0.046,9999.000,9999.000,9999.000,9999.000,9999.000,9999.000,9999.000,9999.000
202605071742,  -0.038,9999.000,9999.000,9999.000,9999.000,9999.000,9999.000,9999.000,9999.000
202605071748,  -0.025,9999.000,9999.000,9999.000,9999.000,9999.000,9999.000,9999.000,9999.000
202605071754,  -0.006,9999.000,9999.000,9999.000,9999.000,9999.000,9999.000,9999.000,9999.000
202605071800,   0.017,9999.000,   0.100,   0.538,   0.655,   0.100,   0.655,   0.200,   0.755
202605071806,   0.047,9999.000,9999.000,9999.000,9999.000,9999.000,9999.000,9999.000,9999.000
202605071812,   0.081,9999.000,9999.000,9999.000,9999.000,9999.000,9999.000,9999.000,9999.000
202605071818,   0.121,9999.000,9999.000,9999.000,9999.000,9999.000,9999.000,9999.000,9999.000
202605071824,   0.165,9999.000,9999.000,9999.000,9999.000,9999.000,9999.000,9999.000,9999.000
202605071830,   0.214,9999.000,9999.000,9999.000,9999.000,9999.000,9999.000,9999.000,9999.000
202605071836,   0.268,9999.000,9999.000,9999.000,9999.000,9999.000,9999.000,9999.000,9999.000
202605071842,   0.326,9999.000,9999.000,9999.000,9999.000,9999.000,9999.000,9999.000,9999.000
202605071848,   0.388,9999.000,9999.000,9999.000,9999.000,9999.000,9999.000,9999.000,9999.000
202605071854,   0.453,9999.000,9999.000,9999.000,9999.000,9999.000,9999.000,9999.000,9999.000
202605071900,   0.523,9999.000,   0.100,   0.538,   1.161,   0.100,   1.161,   0.200,   1.261
202605071906,   0.595,9999.000,9999.000,9999.000,9999.000,9999.000,9999.000,9999.000,9999.000
202605071912,   0.671,9999.000,9999.000,9999.000,9999.000,9999.000,9999.000,9999.000,9999.000
202605071918,   0.750,9999.000,9999.000,9999.000,9999.000,9999.000,9999.000,9999.000,9999.000
202605071924,   0.831,9999.000,9999.000,9999.000,9999.000,9999.000,9999.000,9999.000,9999.000
202605071930,   0.914,9999.000,9999.000,9999.000,9999.000,9999.000,9999.000,9999.000,9999.000
202605071936,   1.000,9999.000,9999.000,9999.000,9999.000,9999.000,9999.000,9999.000,9999.000
202605071942,   1.088,9999.000,9999.000,9999.000,9999.000,9999.000,9999.000,9999.000,9999.000
202605071948,   1.177,9999.000,9999.000,9999.000,9999.000,9999.000,9999.000,9999.000,9999.000
202605071954,   1.268,9999.000,9999.000,9999.000,9999.000,9999.000,9999.000,9999.000,9999.000
202605072000,   1.360,9999.000,   0.100,   0.538,   1.998,   0.100,   1.998,   0.200,   2.098
202605072006,   1.453,9999.000,9999.000,9999.000,9999.000,9999.000,9999.000,9999.000,9999.000
202605072012,   1.546,9999.000,9999.000,9999.000,9999.000,9999.000,9999.000,9999.000,9999.000
202605072018,   1.641,9999.000,9999.000,9999.000,9999.000,9999.000,9999.000,9999.000,9999.000
202605072024,   1.736,9999.000,9999.000,9999.000,9999.000,9999.000,9999.000,9999.000,9999.000
202605072030,   1.831,9999.000,9999.000,9999.000,9999.000,9999.000,9999.000,9999.000,9999.000
202605072036,   1.927,9999.000,9999.000,9999.000,9999.000,9999.000,9999.000,9999.000,9999.000
202605072042,   2.022,9999.000,9999.000,9999.000,9999.000,9999.000,9999.000,9999.000,9999.000
202605072048,   2.118,9999.000,9999.000,9999.000,9999.000,9999.000,9999.000,9999.000,9999.000
202605072054,   2.213,9999.000,9999.000,9999.000,9999.000,9999.000,9999.000,9999.000,9999.000
202605072100,   2.308,9999.000,   0.200,   0.538,   3.046,   0.100,   2.946,   0.200,   3.046
202605072106,   2.402,9999.000,9999.000,9999.000,9999.000,9999.000,9999.000,9999.000,9999.000
202605072112,   2.496,9999.000,9999.000,9999.000,9999.000,9999.000,9999.000,9999.000,9999.000
202605072118,   2.590,9999.000,9999.000,9999.000,9999.000,9999.000,9999.000,9999.000,9999.000
202605072124,   2.682,9999.000,9999.000,9999.000,9999.000,9999.000,9999.000,9999.000,9999.000
202605072130,   2.774,9999.000,9999.000,9999.000,9999.000,9999.000,9999.000,9999.000,9999.000
202605072136,   2.865,9999.000,9999.000,9999.000,9999.000,9999.000,9999.000,9999.000,9999.000
202605072142,   2.955,9999.000,9999.000,9999.000,9999.000,9999.000,9999.000,9999.000,9999.000
202605072148,   3.043,9999.000,9999.000,9999.000,9999.000,9999.000,9999.000,9999.000,9999.000
202605072154,   3.131,9999.000,9999.000,9999.000,9999.000,9999.000,9999.000,9999.000,9999.000
202605072200,   3.217,9999.000,   0.200,   0.538,   3.955,   0.100,   3.855,   0.200,   3.955
202605072206,   3.301,9999.000,9999.000,9999.000,9999.000,9999.000,9999.000,9999.000,9999.000
202605072212,   3.384,9999.000,9999.000,9999.000,9999.000,9999.000,9999.000,9999.000,9999.000
202605072218,   3.465,9999.000,9999.000,9999.000,9999.000,9999.000,9999.000,9999.000,9999.000
202605072224,   3.544,9999.000,9999.000,9999.000,9999.000,9999.000,9999.000,9999.000,9999.000
202605072230,   3.621,9999.000,9999.000,9999.000,9999.000,9999.000,9999.000,9999.000,9999.000
202605072236,   3.696,9999.000,9999.000,9999.000,9999.000,9999.000,9999.000,9999.000,9999.000
202605072242,   3.769,9999.000,9999.000,9999.000,9999.000,9999.000,9999.000,9999.000,9999.000
202605072248,   3.839,9999.000,9999.000,9999.000,9999.000,9999.000,9999.000,9999.000,9999.000
202605072254,   3.906,9999.000,9999.000,9999.000,9999.000,9999.000,9999.000,9999.000,9999.000
202605072300,   3.971,9999.000,   0.200,   0.538,   4.709,   0.100,   4.609,   0.200,   4.709
202605072306,   4.032,9999.000,9999.000,9999.000,9999.000,9999.000,9999.000,9999.000,9999.000
202605072312,   4.091,9999.000,9999.000,9999.000,9999.000,9999.000,9999.000,9999.000,9999.000
202605072318,   4.147,9999.000,9999.000,9999.000,9999.000,9999.000,9999.000,9999.000,9999.000
202605072324,   4.199,9999.000,9999.000,9999.000,9999.000,9999.000,9999.000,9999.000,9999.000
202605072330,   4.247,9999.000,9999.000,9999.000,9999.000,9999.000,9999.000,9999.000,9999.000
202605072336,   4.293,9999.000,9999.000,9999.000,9999.000,9999.000,9999.000,9999.000,9999.000
202605072342,   4.334,9999.000,9999.000,9999.000,9999.000,9999.000,9999.000,9999.000,9999.000
202605072348,   4.372,9999.000,9999.000,9999.000,9999.000,9999.000,9999.000,9999.000,9999.000
202605072354,   4.406,9999.000,9999.000,9999.000,9999.000,9999.000,9999.000,9999.000,9999.000
202605080000,   4.437,9999.000,   0.200,   0.538,   5.175,   0.100,   5.075,   0.200,   5.175
202605080006,   4.463,9999.000,9999.000,9999.000,9999.000,9999.000,9999.000,9999.000,9999.000
202605080012,   4.486,9999.000,9999.000,9999.000,9999.000,9999.000,9999.000,9999.000,9999.000
202605080018,   4.505,9999.000,9999.000,9999.000,9999.000,9999.000,9999.000,9999.000,9999.000
202605080024,   4.520,9999.000,9999.000,9999.000,9999.000,9999.000,9999.000,9999.000,9999.000
202605080030,   4.532,9999.000,9999.000,9999.000,9999.000,9999.000,9999.000,9999.000,9999.000
202605080036,   4.540,9999.000,9999.000,9999.000,9999.000,9999.000,9999.000,9999.000,9999.000
202605080042,   4.544,9999.000,9999.000,9999.000,9999.000,9999.000,9999.000,9999.000,9999.000
202605080048,   4.545,9999.000,9999.000,9999.000,9999.000,9999.000,9999.000,9999.000,9999.000
202605080054,   4.542,9999.000,9999.000,9999.000,9999.000,9999.000,9999.000,9999.000,9999.000
202605080100,   4.537,9999.000,   0.200,   0.538,   5.275,   0.100,   5.175,   0.200,   5.275
202605080106,   4.528,9999.000,9999.000,9999.000,9999.000,9999.000,9999.000,9999.000,9999.000
202605080112,   4.516,9999.000,9999.000,9999.000,9999.000,9999.000,9999.000,9999.000,9999.000
202605080118,   4.502,9999.000,9999.000,9999.000,9999.000,9999.000,9999.000,9999.000,9999.000
202605080124,   4.485,9999.000,9999.000,9999.000,9999.000,9999.000,9999.000,9999.000,9999.000
202605080130,   4.465,9999.000,9999.000,9999.000,9999.000,9999.000,9999.000,9999.000,9999.000
202605080136,   4.444,9999.000,9999.000,9999.000,9999.000,9999.000,9999.000,9999.000,9999.000
202605080142,   4.420,9999.000,9999.000,9999.000,9999.000,9999.000,9999.000,9999.000,9999.000
202605080148,   4.395,9999.000,9999.000,9999.000,9999.000,9999.000,9999.000,9999.000,9999.000
202605080154,   4.368,9999.000,9999.000,9999.000,9999.000,9999.000,9999.000,9999.000,9999.000
202605080200,   4.340,9999.000,   0.200,   0.538,   5.078,   0.100,   4.978,   0.200,   5.078
202605080206,   4.311,9999.000,9999.000,9999.000,9999.000,9999.000,9999.000,9999.000,9999.000
202605080212,   4.280,9999.000,9999.000,9999.000,9999.000,9999.000,9999.000,9999.000,9999.000
202605080218,   4.249,9999.000,9999.000,9999.000,9999.000,9999.000,9999.000,9999.000,9999.000
202605080224,   4.217,9999.000,9999.000,9999.000,9999.000,9999.000,9999.000,9999.000,9999.000
202605080230,   4.184,9999.000,9999.000,9999.000,9999.000,9999.000,9999.000,9999.000,9999.000
202605080236,   4.151,9999.000,9999.000,9999.000,9999.000,9999.000,9999.000,9999.000,9999.000
202605080242,   4.118,9999.000,9999.000,9999.000,9999.000,9999.000,9999.000,9999.000,9999.000
202605080248,   4.085,9999.000,9999.000,9999.000,9999.000,9999.000,9999.000,9999.000,9999.000
202605080254,   4.053,9999.000,9999.000,9999.000,9999.000,9999.000,9999.000,9999.000,9999.000
202605080300,   4.020,9999.000,   0.200,   0.538,   4.758,   0.100,   4.658,   0.200,   4.758
202605080306,   3.988,9999.000,9999.000,9999.000,9999.000,9999.000,9999.000,9999.000,9999.000
202605080312,   3.956,9999.000,9999.000,9999.000,9999.000,9999.000,9999.000,9999.000,9999.000
202605080318,   3.925,9999.000,9999.000,9999.000,9999.000,9999.000,9999.000,9999.000,9999.000
202605080324,   3.894,9999.000,9999.000,9999.000,9999.000,9999.000,9999.000,9999.000,9999.000
202605080330,   3.864,9999.000,9999.000,9999.000,9999.000,9999.000,9999.000,9999.000,9999.000
202605080336,   3.836,9999.000,9999.000,9999.000,9999.000,9999.000,9999.000,9999.000,9999.000
202605080342,   3.808,9999.000,9999.000,9999.000,9999.000,9999.000,9999.000,9999.000,9999.000
202605080348,   3.782,9999.000,9999.000,9999.000,9999.000,9999.000,9999.000,9999.000,9999.000
202605080354,   3.756,9999.000,9999.000,9999.000,9999.000,9999.000,9999.000,9999.000,9999.000
202605080400,   3.732,9999.000,   0.100,   0.538,   4.370,   0.100,   4.370,   0.200,   4.470
202605080406,   3.710,9999.000,9999.000,9999.000,9999.000,9999.000,9999.000,9999.000,9999.000
202605080412,   3.689,9999.000,9999.000,9999.000,9999.000,9999.000,9999.000,9999.000,9999.000
202605080418,   3.670,9999.000,9999.000,9999.000,9999.000,9999.000,9999.000,9999.000,9999.000
202605080424,   3.652,9999.000,9999.000,9999.000,9999.000,9999.000,9999.000,9999.000,9999.000
202605080430,   3.637,9999.000,9999.000,9999.000,9999.000,9999.000,9999.000,9999.000,9999.000
202605080436,   3.623,9999.000,9999.000,9999.000,9999.000,9999.000,9999.000,9999.000,9999.000
202605080442,   3.611,9999.000,9999.000,9999.000,9999.000,9999.000,9999.000,9999.000,9999.000
202605080448,   3.602,9999.000,9999.000,9999.000,9999.000,9999.000,9999.000,9999.000,9999.000
202605080454,   3.595,9999.000,9999.000,9999.000,9999.000,9999.000,9999.000,9999.000,9999.000
202605080500,   3.590,9999.000,   0.100,   0.538,   4.228,   0.100,   4.228,   0.200,   4.328
202605080506,   3.587,9999.000,9999.000,9999.000,9999.000,9999.000,9999.000,9999.000,9999.000
202605080512,   3.587,9999.000,9999.000,9999.000,9999.000,9999.000,9999.000,9999.000,9999.000
202605080518,   3.590,9999.000,9999.000,9999.000,9999.000,9999.000,9999.000,9999.000,9999.000
202605080524,   3.596,9999.000,9999.000,9999.000,9999.000,9999.000,9999.000,9999.000,9999.000
202605080530,   3.604,9999.000,9999.000,9999.000,9999.000,9999.000,9999.000,9999.000,9999.000
202605080536,   3.615,9999.000,9999.000,9999.000,9999.000,9999.000,9999.000,9999.000,9999.000
202605080542,   3.628,9999.000,9999.000,9999.000,9999.000,9999.000,9999.000,9999.000,9999.000
202605080548,   3.645,9999.000,9999.000,9999.000,9999.000,9999.000,9999.000,9999.000,9999.000
202605080554,   3.665,9999.000,9999.000,9999.000,9999.000,9999.000,9999.000,9999.000,9999.000
202605080600,   3.687,9999.000,   0.100,   0.538,   4.325,   0.100,   4.325,   0.200,   4.425
202605080606,   3.712,9999.000,9999.000,9999.000,9999.000,9999.000,9999.000,9999.000,9999.000
202605080612,   3.740,9999.000,9999.000,9999.000,9999.000,9999.000,9999.000,9999.000,9999.000
202605080618,   3.771,9999.000,9999.000,9999.000,9999.000,9999.000,9999.000,9999.000,9999.000
202605080624,   3.805,9999.000,9999.000,9999.000,9999.000,9999.000,9999.000,9999.000,9999.000
202605080630,   3.841,9999.000,9999.000,9999.000,9999.000,9999.000,9999.000,9999.000,9999.000
202605080636,   3.880,9999.000,9999.000,9999.000,9999.000,9999.000,9999.000,9999.000,9999.000
202605080642,   3.921,9999.000,9999.000,9999.000,9999.000,9999.000,9999.000,9999.000,9999.000
202605080648,   3.964,9999.000,9999.000,9999.000,9999.000,9999.000,9999.000,9999.000,9999.000
202605080654,   4.009,9999.000,9999.000,9999.000,9999.000,9999.000,9999.000,9999.000,9999.000
202605080700,   4.057,9999.000,   0.100,   0.538,   4.695,   0.100,   4.695,   0.200,   4.795
202605080706,   4.106,9999.000,9999.000,9999.000,9999.000,9999.000,9999.000,9999.000,9999.000
202605080712,   4.156,9999.000,9999.000,9999.000,9999.000,9999.000,9999.000,9999.000,9999.000
202605080718,   4.208,9999.000,9999.000,9999.000,9999.000,9999.000,9999.000,9999.000,9999.000
202605080724,   4.262,9999.000,9999.000,9999.000,9999.000,9999.000,9999.000,9999.000,9999.000
202605080730,   4.316,9999.000,9999.000,9999.000,9999.000,9999.000,9999.000,9999.000,9999.000
202605080736,   4.371,9999.000,9999.000,9999.000,9999.000,9999.000,9999.000,9999.000,9999.000
202605080742,   4.427,9999.000,9999.000,9999.000,9999.000,9999.000,9999.000,9999.000,9999.000
202605080748,   4.483,9999.000,9999.000,9999.000,9999.000,9999.000,9999.000,9999.000,9999.000
202605080754,   4.539,9999.000,9999.000,9999.000,9999.000,9999.000,9999.000,9999.000,9999.000
202605080800,   4.595,9999.000,   0.100,   0.538,   5.233,   0.100,   5.233,   0.200,   5.333
202605080806,   4.651,9999.000,9999.000,9999.000,9999.000,9999.000,9999.000,9999.000,9999.000
202605080812,   4.707,9999.000,9999.000,9999.000,9999.000,9999.000,9999.000,9999.000,9999.000
202605080818,   4.762,9999.000,9999.000,9999.000,9999.000,9999.000,9999.000,9999.000,9999.000
202605080824,   4.816,9999.000,9999.000,9999.000,9999.000,9999.000,9999.000,9999.000,9999.000
202605080830,   4.870,9999.000,9999.000,9999.000,9999.000,9999.000,9999.000,9999.000,9999.000
202605080836,   4.922,9999.000,9999.000,9999.000,9999.000,9999.000,9999.000,9999.000,9999.000
202605080842,   4.973,9999.000,9999.000,9999.000,9999.000,9999.000,9999.000,9999.000,9999.000
202605080848,   5.023,9999.000,9999.000,9999.000,9999.000,9999.000,9999.000,9999.000,9999.000
202605080854,   5.072,9999.000,9999.000,9999.000,9999.000,9999.000,9999.000,9999.000,9999.000
202605080900,   5.118,9999.000,   0.100,   0.538,   5.756,   0.100,   5.756,   0.200,   5.856
202605080906,   5.164,9999.000,9999.000,9999.000,9999.000,9999.000,9999.000,9999.000,9999.000
202605080912,   5.207,9999.000,9999.000,9999.000,9999.000,9999.000,9999.000,9999.000,9999.000
202605080918,   5.249,9999.000,9999.000,9999.000,9999.000,9999.000,9999.000,9999.000,9999.000
202605080924,   5.288,9999.000,9999.000,9999.000,9999.000,9999.000,9999.000,9999.000,9999.000
202605080930,   5.326,9999.000,9999.000,9999.000,9999.000,9999.000,9999.000,9999.000,9999.000
202605080936,   5.361,9999.000,9999.000,9999.000,9999.000,9999.000,9999.000,9999.000,9999.000
202605080942,   5.395,9999.000,9999.000,9999.000,9999.000,9999.000,9999.000,9999.000,9999.000
202605080948,   5.426,9999.000,9999.000,9999.000,9999.000,9999.000,9999.000,9999.000,9999.000
202605080954,   5.455,9999.000,9999.000,9999.000,9999.000,9999.000,9999.000,9999.000,9999.000
202605081000,   5.482,9999.000,   0.200,   0.538,   6.220,   0.100,   6.120,   0.200,   6.220
202605081006,   5.506,9999.000,9999.000,9999.000,9999.000,9999.000,9999.000,9999.000,9999.000
202605081012,   5.527,9999.000,9999.000,9999.000,9999.000,9999.000,9999.000,9999.000,9999.000
202605081018,   5.547,9999.000,9999.000,9999.000,9999.000,9999.000,9999.000,9999.000,9999.000
202605081024,   5.563,9999.000,9999.000,9999.000,9999.000,9999.000,9999.000,9999.000,9999.000
202605081030,   5.577,9999.000,9999.000,9999.000,9999.000,9999.000,9999.000,9999.000,9999.000
202605081036,   5.587,9999.000,9999.000,9999.000,9999.000,9999.000,9999.000,9999.000,9999.000
202605081042,   5.595,9999.000,9999.000,9999.000,9999.000,9999.000,9999.000,9999.000,9999.000
202605081048,   5.600,9999.000,9999.000,9999.000,9999.000,9999.000,9999.000,9999.000,9999.000
202605081054,   5.601,9999.000,9999.000,9999.000,9999.000,9999.000,9999.000,9999.000,9999.000
202605081100,   5.600,9999.000,   0.100,   0.538,   6.238,   0.100,   6.238,   0.200,   6.338
202605081106,   5.595,9999.000,9999.000,9999.000,9999.000,9999.000,9999.000,9999.000,9999.000
202605081112,   5.586,9999.000,9999.000,9999.000,9999.000,9999.000,9999.000,9999.000,9999.000
202605081118,   5.574,9999.000,9999.000,9999.000,9999.000,9999.000,9999.000,9999.000,9999.000
202605081124,   5.558,9999.000,9999.000,9999.000,9999.000,9999.000,9999.000,9999.000,9999.000
202605081130,   5.538,9999.000,9999.000,9999.000,9999.000,9999.000,9999.000,9999.000,9999.000
202605081136,   5.514,9999.000,9999.000,9999.000,9999.000,9999.000,9999.000,9999.000,9999.000
202605081142,   5.486,9999.000,9999.000,9999.000,9999.000,9999.000,9999.000,9999.000,9999.000
202605081148,   5.454,9999.000,9999.000,9999.000,9999.000,9999.000,9999.000,9999.000,9999.000
202605081154,   5.418,9999.000,9999.000,9999.000,9999.000,9999.000,9999.000,9999.000,9999.000
202605081200,   5.377,9999.000,   0.100,   0.538,   6.015,   0.100,   6.015,   0.200,   6.115
202605081206,   5.332,9999.000,9999.000,9999.000,9999.000,9999.000,9999.000,9999.000,9999.000
202605081212,   5.283,9999.000,9999.000,9999.000,9999.000,9999.000,9999.000,9999.000,9999.000
202605081218,   5.230,9999.000,9999.000,9999.000,9999.000,9999.000,9999.000,9999.000,9999.000
202605081224,   5.172,9999.000,9999.000,9999.000,9999.000,9999.000,9999.000,9999.000,9999.000
202605081230,   5.109,9999.000,9999.000,9999.000,9999.000,9999.000,9999.000,9999.000,9999.000
202605081236,   5.043,9999.000,9999.000,9999.000,9999.000,9999.000,9999.000,9999.000,9999.000
202605081242,   4.972,9999.000,9999.000,9999.000,9999.000,9999.000,9999.000,9999.000,9999.000
202605081248,   4.897,9999.000,9999.000,9999.000,9999.000,9999.000,9999.000,9999.000,9999.000
202605081254,   4.818,9999.000,9999.000,9999.000,9999.000,9999.000,9999.000,9999.000,9999.000
202605081300,   4.734,9999.000,   0.100,   0.538,   5.372,   0.100,   5.372,   0.200,   5.472
202605081306,   4.648,9999.000,9999.000,9999.000,9999.000,9999.000,9999.000,9999.000,9999.000
202605081312,   4.557,9999.000,9999.000,9999.000,9999.000,9999.000,9999.000,9999.000,9999.000
202605081318,   4.463,9999.000,9999.000,9999.000,9999.000,9999.000,9999.000,9999.000,9999.000
202605081324,   4.365,9999.000,9999.000,9999.000,9999.000,9999.000,9999.000,9999.000,9999.000
202605081330,   4.265,9999.000,9999.000,9999.000,9999.000,9999.000,9999.000,9999.000,9999.000
202605081336,   4.162,9999.000,9999.000,9999.000,9999.000,9999.000,9999.000,9999.000,9999.000
202605081342,   4.056,9999.000,9999.000,9999.000,9999.000,9999.000,9999.000,9999.000,9999.000
202605081348,   3.947,9999.000,9999.000,9999.000,9999.000,9999.000,9999.000,9999.000,9999.000
202605081354,   3.837,9999.000,9999.000,9999.000,9999.000,9999.000,9999.000,9999.000,9999.000
202605081400,   3.724,9999.000,   0.200,   0.538,   4.462,   0.100,   4.362,   0.200,   4.462
202605081406,   3.610,9999.000,9999.000,9999.000,9999.000,9999.000,9999.000,9999.000,9999.000
202605081412,   3.494,9999.000,9999.000,9999.000,9999.000,9999.000,9999.000,9999.000,9999.000
202605081418,   3.378,9999.000,9999.000,9999.000,9999.000,9999.000,9999.000,9999.000,9999.000
202605081424,   3.260,9999.000,9999.000,9999.000,9999.000,9999.000,9999.000,9999.000,9999.000
202605081430,   3.142,9999.000,9999.000,9999.000,9999.000,9999.000,9999.000,9999.000,9999.000
202605081436,   3.024,9999.000,9999.000,9999.000,9999.000,9999.000,9999.000,9999.000,9999.000
202605081442,   2.905,9999.000,9999.000,9999.000,9999.000,9999.000,9999.000,9999.000,9999.000
202605081448,   2.787,9999.000,9999.000,9999.000,9999.000,9999.000,9999.000,9999.000,9999.000
202605081454,   2.669,9999.000,9999.000,9999.000,9999.000,9999.000,9999.000,9999.000,9999.000
202605081500,   2.551,9999.000,   0.100,   0.538,   3.189,   0.000,   3.089,   0.100,   3.189
202605081506,   2.435,9999.000,9999.000,9999.000,9999.000,9999.000,9999.000,9999.000,9999.000
202605081512,   2.319,9999.000,9999.000,9999.000,9999.000,9999.000,9999.000,9999.000,9999.000
202605081518,   2.205,9999.000,9999.000,9999.000,9999.000,9999.000,9999.000,9999.000,9999.000
202605081524,   2.092,9999.000,9999.000,9999.000,9999.000,9999.000,9999.000,9999.000,9999.000
202605081530,   1.980,9999.000,9999.000,9999.000,9999.000,9999.000,9999.000,9999.000,9999.000
202605081536,   1.871,9999.000,9999.000,9999.000,9999.000,9999.000,9999.000,9999.000,9999.000
202605081542,   1.764,9999.000,9999.000,9999.000,9999.000,9999.000,9999.000,9999.000,9999.000
202605081548,   1.658,9999.000,9999.000,9999.000,9999.000,9999.000,9999.000,9999.000,9999.000
202605081554,   1.555,9999.000,9999.000,9999.000,9999.000,9999.000,9999.000,9999.000,9999.000
202605081600,   1.455,9999.000,   0.100,   0.538,   2.093,   0.000,   1.993,   0.100,   2.093
202605081606,   1.357,9999.000,9999.000,9999.000,9999.000,9999.000,9999.000,9999.000,9999.000
202605081612,   1.262,9999.000,9999.000,9999.000,9999.000,9999.000,9999.000,9999.000,9999.000
202605081618,   1.170,9999.000,9999.000,9999.000,9999.000,9999.000,9999.000,9999.000,9999.000
202605081624,   1.081,9999.000,9999.000,9999.000,9999.000,9999.000,9999.000,9999.000,9999.000
202605081630,   0.995,9999.000,9999.000,9999.000,9999.000,9999.000,9999.000,9999.000,9999.000
202605081636,   0.913,9999.000,9999.000,9999.000,9999.000,9999.000,9999.000,9999.000,9999.000
202605081642,   0.834,9999.000,9999.000,9999.000,9999.000,9999.000,9999.000,9999.000,9999.000
202605081648,   0.759,9999.000,9999.000,9999.000,9999.000,9999.000,9999.000,9999.000,9999.000
202605081654,   0.687,9999.000,9999.000,9999.000,9999.000,9999.000,9999.000,9999.000,9999.000
202605081700,   0.620,9999.000,   0.100,   0.538,   1.258,   0.100,   1.258,   0.200,   1.358
202605081706,   0.557,9999.000,9999.000,9999.000,9999.000,9999.000,9999.000,9999.000,9999.000
202605081712,   0.498,9999.000,9999.000,9999.000,9999.000,9999.000,9999.000,9999.000,9999.000
202605081718,   0.443,9999.000,9999.000,9999.000,9999.000,9999.000,9999.000,9999.000,9999.000
202605081724,   0.393,9999.000,9999.000,9999.000,9999.000,9999.000,9999.000,9999.000,9999.000
202605081730,   0.347,9999.000,9999.000,9999.000,9999.000,9999.000,9999.000,9999.000,9999.000
202605081736,   0.306,9999.000,9999.000,9999.000,9999.000,9999.000,9999.000,9999.000,9999.000
202605081742,   0.270,9999.000,9999.000,9999.000,9999.000,9999.000,9999.000,9999.000,9999.000
202605081748,   0.239,9999.000,9999.000,9999.000,9999.000,9999.000,9999.000,9999.000,9999.000
202605081754,   0.213,9999.000,9999.000,9999.000,9999.000,9999.000,9999.000,9999.000,9999.000
202605081800,   0.192,9999.000,   0.100,   0.538,   0.830,   0.000,   0.730,   0.100,   0.830
202605081806,   0.176,9999.000,9999.000,9999.000,9999.000,9999.000,9999.000,9999.000,9999.000
202605081812,   0.165,9999.000,9999.000,9999.000,9999.000,9999.000,9999.000,9999.000,9999.000
202605081818,   0.160,9999.000,9999.000,9999.000,9999.000,9999.000,9999.000,9999.000,9999.000
202605081824,   0.159,9999.000,9999.000,9999.000,9999.000,9999.000,9999.000,9999.000,9999.000
202605081830,   0.164,9999.000,9999.000,9999.000,9999.000,9999.000,9999.000,9999.000,9999.000
202605081836,   0.174,9999.000,9999.000,9999.000,9999.000,9999.000,9999.000,9999.000,9999.000
202605081842,   0.189,9999.000,9999.000,9999.000,9999.000,9999.000,9999.000,9999.000,9999.000
202605081848,   0.209,9999.000,9999.000,9999.000,9999.000,9999.000,9999.000,9999.000,9999.000
202605081854,   0.234,9999.000,9999.000,9999.000,9999.000,9999.000,9999.000,9999.000,9999.000
202605081900,   0.264,9999.000,   0.100,   0.538,   0.902,   0.000,   0.802,   0.100,   0.902
202605081906,   0.298,9999.000,9999.000,9999.000,9999.000,9999.000,9999.000,9999.000,9999.000
202605081912,   0.338,9999.000,9999.000,9999.000,9999.000,9999.000,9999.000,9999.000,9999.000
202605081918,   0.381,9999.000,9999.000,9999.000,9999.000,9999.000,9999.000,9999.000,9999.000
202605081924,   0.429,9999.000,9999.000,9999.000,9999.000,9999.000,9999.000,9999.000,9999.000
202605081930,   0.481,9999.000,9999.000,9999.000,9999.000,9999.000,9999.000,9999.000,9999.000
202605081936,   0.537,9999.000,9999.000,9999.000,9999.000,9999.000,9999.000,9999.000,9999.000
202605081942,   0.597,9999.000,9999.000,9999.000,9999.000,9999.000,9999.000,9999.000,9999.000
202605081948,   0.660,9999.000,9999.000,9999.000,9999.000,9999.000,9999.000,9999.000,9999.000
202605081954,   0.727,9999.000,9999.000,9999.000,9999.000,9999.000,9999.000,9999.000,9999.000
202605082000,   0.797,9999.000,   0.100,   0.538,   1.435,   0.000,   1.335,   0.100,   1.435
202605082006,   0.869,9999.000,9999.000,9999.000,9999.000,9999.000,9999.000,9999.000,9999.000
202605082012,   0.944,9999.000,9999.000,9999.000,9999.000,9999.000,9999.000,9999.000,9999.000
202605082018,   1.022,9999.000,9999.000,9999.000,9999.000,9999.000,9999.000,9999.000,9999.000
202605082024,   1.102,9999.000,9999.000,9999.000,9999.000,9999.000,9999.000,9999.000,9999.000
202605082030,   1.183,9999.000,9999.000,9999.000,9999.000,9999.000,9999.000,9999.000,9999.000
202605082036,   1.267,9999.000,9999.000,9999.000,9999.000,9999.000,9999.000,9999.000,9999.000
202605082042,   1.352,9999.000,9999.000,9999.000,9999.000,9999.000,9999.000,9999.000,9999.000
202605082048,   1.438,9999.000,9999.000,9999.000,9999.000,9999.000,9999.000,9999.000,9999.000
202605082054,   1.526,9999.000,9999.000,9999.000,9999.000,9999.000,9999.000,9999.000,9999.000
202605082100,   1.615,9999.000,   0.100,   0.538,   2.253,   0.100,   2.253,   0.100,   2.253
202605082106,   1.704,9999.000,9999.000,9999.000,9999.000,9999.000,9999.000,9999.000,9999.000
202605082112,   1.795,9999.000,9999.000,9999.000,9999.000,9999.000,9999.000,9999.000,9999.000
202605082118,   1.885,9999.000,9999.000,9999.000,9999.000,9999.000,9999.000,9999.000,9999.000
202605082124,   1.977,9999.000,9999.000,9999.000,9999.000,9999.000,9999.000,9999.000,9999.000
202605082130,   2.068,9999.000,9999.000,9999.000,9999.000,9999.000,9999.000,9999.000,9999.000
202605082136,   2.160,9999.000,9999.000,9999.000,9999.000,9999.000,9999.000,9999.000,9999.000
202605082142,   2.252,9999.000,9999.000,9999.000,9999.000,9999.000,9999.000,9999.000,9999.000
202605082148,   2.343,9999.000,9999.000,9999.000,9999.000,9999.000,9999.000,9999.000,9999.000
202605082154,   2.435,9999.000,9999.000,9999.000,9999.000,9999.000,9999.000,9999.000,9999.000
202605082200,   2.526,9999.000,   0.100,   0.538,   3.164,   0.100,   3.164,   0.200,   3.264
202605082206,   2.617,9999.000,9999.000,9999.000,9999.000,9999.000,9999.000,9999.000,9999.000
202605082212,   2.707,9999.000,9999.000,9999.000,9999.000,9999.000,9999.000,9999.000,9999.000
202605082218,   2.797,9999.000,9999.000,9999.000,9999.000,9999.000,9999.000,9999.000,9999.000
202605082224,   2.886,9999.000,9999.000,9999.000,9999.000,9999.000,9999.000,9999.000,9999.000
202605082230,   2.975,9999.000,9999.000,9999.000,9999.000,9999.000,9999.000,9999.000,9999.000
202605082236,   3.062,9999.000,9999.000,9999.000,9999.000,9999.000,9999.000,9999.000,9999.000
202605082242,   3.149,9999.000,9999.000,9999.000,9999.000,9999.000,9999.000,9999.000,9999.000
202605082248,   3.234,9999.000,9999.000,9999.000,9999.000,9999.000,9999.000,9999.000,9999.000
202605082254,   3.318,9999.000,9999.000,9999.000,9999.000,9999.000,9999.000,9999.000,9999.000
202605082300,   3.401,9999.000,   0.100,   0.538,   4.039,   0.100,   4.039,   0.200,   4.139
202605082306,   3.482,9999.000,9999.000,9999.000,9999.000,9999.000,9999.000,9999.000,9999.000
202605082312,   3.562,9999.000,9999.000,9999.000,9999.000,9999.000,9999.000,9999.000,9999.000
202605082318,   3.640,9999.000,9999.000,9999.000,9999.000,9999.000,9999.000,9999.000,9999.000
202605082324,   3.716,9999.000,9999.000,9999.000,9999.000,9999.000,9999.000,9999.000,9999.000
202605082330,   3.790,9999.000,9999.000,9999.000,9999.000,9999.000,9999.000,9999.000,9999.000
202605082336,   3.862,9999.000,9999.000,9999.000,9999.000,9999.000,9999.000,9999.000,9999.000
202605082342,   3.931,9999.000,9999.000,9999.000,9999.000,9999.000,9999.000,9999.000,9999.000
202605082348,   3.997,9999.000,9999.000,9999.000,9999.000,9999.000,9999.000,9999.000,9999.000
202605082354,   4.061,9999.000,9999.000,9999.000,9999.000,9999.000,9999.000,9999.000,9999.000
202605090000,   4.123,9999.000,   0.100,   0.538,   4.761,   0.100,   4.761,   0.200,   4.861
202605090006,   4.181,9999.000,9999.000,9999.000,9999.000,9999.000,9999.000,9999.000,9999.000
202605090012,   4.236,9999.000,9999.000,9999.000,9999.000,9999.000,9999.000,9999.000,9999.000
202605090018,   4.287,9999.000,9999.000,9999.000,9999.000,9999.000,9999.000,9999.000,9999.000
202605090024,   4.336,9999.000,9999.000,9999.000,9999.000,9999.000,9999.000,9999.000,9999.000
202605090030,   4.381,9999.000,9999.000,9999.000,9999.000,9999.000,9999.000,9999.000,9999.000
202605090036,   4.422,9999.000,9999.000,9999.000,9999.000,9999.000,9999.000,9999.000,9999.000
202605090042,   4.460,9999.000,9999.000,9999.000,9999.000,9999.000,9999.000,9999.000,9999.000
202605090048,   4.493,9999.000,9999.000,9999.000,9999.000,9999.000,9999.000,9999.000,9999.000
202605090054,   4.524,9999.000,9999.000,9999.000,9999.000,9999.000,9999.000,9999.000,9999.000
202605090100,   4.550,9999.000,   0.100,   0.538,   5.188,   0.100,   5.188,   0.200,   5.288
202605090106,   4.573,9999.000,9999.000,9999.000,9999.000,9999.000,9999.000,9999.000,9999.000
202605090112,   4.591,9999.000,9999.000,9999.000,9999.000,9999.000,9999.000,9999.000,9999.000
202605090118,   4.607,9999.000,9999.000,9999.000,9999.000,9999.000,9999.000,9999.000,9999.000
202605090124,   4.618,9999.000,9999.000,9999.000,9999.000,9999.000,9999.000,9999.000,9999.000
202605090130,   4.626,9999.000,9999.000,9999.000,9999.000,9999.000,9999.000,9999.000,9999.000
202605090136,   4.630,9999.000,9999.000,9999.000,9999.000,9999.000,9999.000,9999.000,9999.000
202605090142,   4.631,9999.000,9999.000,9999.000,9999.000,9999.000,9999.000,9999.000,9999.000
202605090148,   4.628,9999.000,9999.000,9999.000,9999.000,9999.000,9999.000,9999.000,9999.000
202605090154,   4.622,9999.000,9999.000,9999.000,9999.000,9999.000,9999.000,9999.000,9999.000
202605090200,   4.613,9999.000,   0.100,   0.538,   5.251,   0.100,   5.251,   0.200,   5.351
202605090206,   4.602,9999.000,9999.000,9999.000,9999.000,9999.000,9999.000,9999.000,9999.000
202605090212,   4.587,9999.000,9999.000,9999.000,9999.000,9999.000,9999.000,9999.000,9999.000
202605090218,   4.570,9999.000,9999.000,9999.000,9999.000,9999.000,9999.000,9999.000,9999.000
202605090224,   4.551,9999.000,9999.000,9999.000,9999.000,9999.000,9999.000,9999.000,9999.000
202605090230,   4.529,9999.000,9999.000,9999.000,9999.000,9999.000,9999.000,9999.000,9999.000
202605090236,   4.505,9999.000,9999.000,9999.000,9999.000,9999.000,9999.000,9999.000,9999.000
202605090242,   4.480,9999.000,9999.000,9999.000,9999.000,9999.000,9999.000,9999.000,9999.000
202605090248,   4.452,9999.000,9999.000,9999.000,9999.000,9999.000,9999.000,9999.000,9999.000
202605090254,   4.424,9999.000,9999.000,9999.000,9999.000,9999.000,9999.000,9999.000,9999.000
202605090300,   4.394,9999.000,   0.100,   0.538,   5.032,   0.100,   5.032,   0.200,   5.132
202605090306,   4.362,9999.000,9999.000,9999.000,9999.000,9999.000,9999.000,9999.000,9999.000
202605090312,   4.330,9999.000,9999.000,9999.000,9999.000,9999.000,9999.000,9999.000,9999.000
202605090318,   4.297,9999.000,9999.000,9999.000,9999.000,9999.000,9999.000,9999.000,9999.000
202605090324,   4.263,9999.000,9999.000,9999.000,9999.000,9999.000,9999.000,9999.000,9999.000
202605090330,   4.229,9999.000,9999.000,9999.000,9999.000,9999.000,9999.000,9999.000,9999.000
202605090336,   4.194,9999.000,9999.000,9999.000,9999.000,9999.000,9999.000,9999.000,9999.000
202605090342,   4.159,9999.000,9999.000,9999.000,9999.000,9999.000,9999.000,9999.000,9999.000
202605090348,   4.124,9999.000,9999.000,9999.000,9999.000,9999.000,9999.000,9999.000,9999.000
202605090354,   4.089,9999.000,9999.000,9999.000,9999.000,9999.000,9999.000,9999.000,9999.000
202605090400,   4.054,9999.000,   0.100,   0.538,   4.692,   0.100,   4.692,   0.200,   4.792
202605090406,   4.019,9999.000,9999.000,9999.000,9999.000,9999.000,9999.000,9999.000,9999.000
202605090412,   3.984,9999.000,9999.000,9999.000,9999.000,9999.000,9999.000,9999.000,9999.000
202605090418,   3.950,9999.000,9999.000,9999.000,9999.000,9999.000,9999.000,9999.000,9999.000
202605090424,   3.917,9999.000,9999.000,9999.000,9999.000,9999.000,9999.000,9999.000,9999.000
202605090430,   3.884,9999.000,9999.000,9999.000,9999.000,9999.000,9999.000,9999.000,9999.000
202605090436,   3.851,9999.000,9999.000,9999.000,9999.000,9999.000,9999.000,9999.000,9999.000
202605090442,   3.820,9999.000,9999.000,9999.000,9999.000,9999.000,9999.000,9999.000,9999.000
202605090448,   3.789,9999.000,9999.000,9999.000,9999.000,9999.000,9999.000,9999.000,9999.000
202605090454,   3.760,9999.000,9999.000,9999.000,9999.000,9999.000,9999.000,9999.000,9999.000
202605090500,   3.732,9999.000,   0.100,   0.538,   4.370,   0.100,   4.370,   0.200,   4.470
202605090506,   3.704,9999.000,9999.000,9999.000,9999.000,9999.000,9999.000,9999.000,9999.000
202605090512,   3.679,9999.000,9999.000,9999.000,9999.000,9999.000,9999.000,9999.000,9999.000
202605090518,   3.654,9999.000,9999.000,9999.000,9999.000,9999.000,9999.000,9999.000,9999.000
202605090524,   3.631,9999.000,9999.000,9999.000,9999.000,9999.000,9999.000,9999.000,9999.000
202605090530,   3.610,9999.000,9999.000,9999.000,9999.000,9999.000,9999.000,9999.000,9999.000
202605090536,   3.591,9999.000,9999.000,9999.000,9999.000,9999.000,9999.000,9999.000,9999.000
202605090542,   3.573,9999.000,9999.000,9999.000,9999.000,9999.000,9999.000,9999.000,9999.000
202605090548,   3.558,9999.000,9999.000,9999.000,9999.000,9999.000,9999.000,9999.000,9999.000
202605090554,   3.545,9999.000,9999.000,9999.000,9999.000,9999.000,9999.000,9999.000,9999.000
202605090600,   3.534,9999.000,   0.100,   0.538,   4.172,   0.100,   4.172,   0.100,   4.172
202605090606,   3.525,9999.000,9999.000,9999.000,9999.000,9999.000,9999.000,9999.000,9999.000
202605090612,   3.518,9999.000,9999.000,9999.000,9999.000,9999.000,9999.000,9999.000,9999.000
202605090618,   3.515,9999.000,9999.000,9999.000,9999.000,9999.000,9999.000,9999.000,9999.000
202605090624,   3.513,9999.000,9999.000,9999.000,9999.000,9999.000,9999.000,9999.000,9999.000
202605090630,   3.515,9999.000,9999.000,9999.000,9999.000,9999.000,9999.000,9999.000,9999.000
202605090636,   3.519,9999.000,9999.000,9999.000,9999.000,9999.000,9999.000,9999.000,9999.000
202605090642,   3.526,9999.000,9999.000,9999.000,9999.000,9999.000,9999.000,9999.000,9999.000
202605090648,   3.536,9999.000,9999.000,9999.000,9999.000,9999.000,9999.000,9999.000,9999.000
202605090654,   3.548,9999.000,9999.000,9999.000,9999.000,9999.000,9999.000,9999.000,9999.000
202605090700,   3.563,9999.000,   0.100,   0.538,   4.201,   0.000,   4.101,   0.100,   4.201
202605090706,   3.581,9999.000,9999.000,9999.000,9999.000,9999.000,9999.000,9999.000,9999.000
202605090712,   3.602,9999.000,9999.000,9999.000,9999.000,9999.000,9999.000,9999.000,9999.000
202605090718,   3.626,9999.000,9999.000,9999.000,9999.000,9999.000,9999.000,9999.000,9999.000
202605090724,   3.652,9999.000,9999.000,9999.000,9999.000,9999.000,9999.000,9999.000,9999.000
202605090730,   3.680,9999.000,9999.000,9999.000,9999.000,9999.000,9999.000,9999.000,9999.000
202605090736,   3.711,9999.000,9999.000,9999.000,9999.000,9999.000,9999.000,9999.000,9999.000
202605090742,   3.745,9999.000,9999.000,9999.000,9999.000,9999.000,9999.000,9999.000,9999.000
202605090748,   3.780,9999.000,9999.000,9999.000,9999.000,9999.000,9999.000,9999.000,9999.000
202605090754,   3.818,9999.000,9999.000,9999.000,9999.000,9999.000,9999.000,9999.000,9999.000
202605090800,   3.858,9999.000,   0.100,   0.538,   4.496,   0.000,   4.396,   0.100,   4.496
202605090806,   3.899,9999.000,9999.000,9999.000,9999.000,9999.000,9999.000,9999.000,9999.000
202605090812,   3.942,9999.000,9999.000,9999.000,9999.000,9999.000,9999.000,9999.000,9999.000
202605090818,   3.986,9999.000,9999.000,9999.000,9999.000,9999.000,9999.000,9999.000,9999.000
202605090824,   4.032,9999.000,9999.000,9999.000,9999.000,9999.000,9999.000,9999.000,9999.000
202605090830,   4.079,9999.000,9999.000,9999.000,9999.000,9999.000,9999.000,9999.000,9999.000
202605090836,   4.126,9999.000,9999.000,9999.000,9999.000,9999.000,9999.000,9999.000,9999.000
202605090842,   4.174,9999.000,9999.000,9999.000,9999.000,9999.000,9999.000,9999.000,9999.000
202605090848,   4.223,9999.000,9999.000,9999.000,9999.000,9999.000,9999.000,9999.000,9999.000
202605090854,   4.272,9999.000,9999.000,9999.000,9999.000,9999.000,9999.000,9999.000,9999.000
202605090900,   4.321,9999.000,   0.100,   0.538,   4.959,   0.100,   4.959,   0.200,   5.059
202605090906,   4.370,9999.000,9999.000,9999.000,9999.000,9999.000,9999.000,9999.000,9999.000
202605090912,   4.419,9999.000,9999.000,9999.000,9999.000,9999.000,9999.000,9999.000,9999.000
202605090918,   4.468,9999.000,9999.000,9999.000,9999.000,9999.000,9999.000,9999.000,9999.000
202605090924,   4.516,9999.000,9999.000,9999.000,9999.000,9999.000,9999.000,9999.000,9999.000
202605090930,   4.563,9999.000,9999.000,9999.000,9999.000,9999.000,9999.000,9999.000,9999.000
202605090936,   4.610,9999.000,9999.000,9999.000,9999.000,9999.000,9999.000,9999.000,9999.000
202605090942,   4.656,9999.000,9999.000,9999.000,9999.000,9999.000,9999.000,9999.000,9999.000
202605090948,   4.701,9999.000,9999.000,9999.000,9999.000,9999.000,9999.000,9999.000,9999.000
202605090954,   4.744,9999.000,9999.000,9999.000,9999.000,9999.000,9999.000,9999.000,9999.000
202605091000,   4.787,9999.000,   0.200,   0.538,   5.525,   0.100,   5.425,   0.200,   5.525
202605091006,   4.828,9999.000,9999.000,9999.000,9999.000,9999.000,9999.000,9999.000,9999.000
202605091012,   4.868,9999.000,9999.000,9999.000,9999.000,9999.000,9999.000,9999.000,9999.000
202605091018,   4.907,9999.000,9999.000,9999.000,9999.000,9999.000,9999.000,9999.000,9999.000
202605091024,   4.944,9999.000,9999.000,9999.000,9999.000,9999.000,9999.000,9999.000,9999.000
202605091030,   4.979,9999.000,9999.000,9999.000,9999.000,9999.000,9999.000,9999.000,9999.000
202605091036,   5.013,9999.000,9999.000,9999.000,9999.000,9999.000,9999.000,9999.000,9999.000
202605091042,   5.045,9999.000,9999.000,9999.000,9999.000,9999.000,9999.000,9999.000,9999.000
202605091048,   5.075,9999.000,9999.000,9999.000,9999.000,9999.000,9999.000,9999.000,9999.000
202605091054,   5.103,9999.000,9999.000,9999.000,9999.000,9999.000,9999.000,9999.000,9999.000
202605091100,   5.130,9999.000,   0.100,   0.538,   5.768,   0.100,   5.768,   0.200,   5.868
202605091106,   5.154,9999.000,9999.000,9999.000,9999.000,9999.000,9999.000,9999.000,9999.000
202605091112,   5.176,9999.000,9999.000,9999.000,9999.000,9999.000,9999.000,9999.000,9999.000
202605091118,   5.196,9999.000,9999.000,9999.000,9999.000,9999.000,9999.000,9999.000,9999.000
202605091124,   5.213,9999.000,9999.000,9999.000,9999.000,9999.000,9999.000,9999.000,9999.000
202605091130,   5.228,9999.000,9999.000,9999.000,9999.000,9999.000,9999.000,9999.000,9999.000
202605091136,   5.240,9999.000,9999.000,9999.000,9999.000,9999.000,9999.000,9999.000,9999.000
202605091142,   5.249,9999.000,9999.000,9999.000,9999.000,9999.000,9999.000,9999.000,9999.000
202605091148,   5.256,9999.000,9999.000,9999.000,9999.000,9999.000,9999.000,9999.000,9999.000
202605091154,   5.260,9999.000,9999.000,9999.000,9999.000,9999.000,9999.000,9999.000,9999.000
202605091200,   5.260,9999.000,   0.200,   0.538,   5.998,   0.100,   5.898,   0.200,   5.998
202605091206,   5.257,9999.000,9999.000,9999.000,9999.000,9999.000,9999.000,9999.000,9999.000
202605091212,   5.251,9999.000,9999.000,9999.000,9999.000,9999.000,9999.000,9999.000,9999.000
202605091218,   5.241,9999.000,9999.000,9999.000,9999.000,9999.000,9999.000,9999.000,9999.000
202605091224,   5.228,9999.000,9999.000,9999.000,9999.000,9999.000,9999.000,9999.000,9999.000
202605091230,   5.211,9999.000,9999.000,9999.000,9999.000,9999.000,9999.000,9999.000,9999.000
202605091236,   5.190,9999.000,9999.000,9999.000,9999.000,9999.000,9999.000,9999.000,9999.000
202605091242,   5.165,9999.000,9999.000,9999.000,9999.000,9999.000,9999.000,9999.000,9999.000
202605091248,   5.137,9999.000,9999.000,9999.000,9999.000,9999.000,9999.000,9999.000,9999.000
202605091254,   5.104,9999.000,9999.000,9999.000,9999.000,9999.000,9999.000,9999.000,9999.000
202605091300,   5.067,9999.000,   0.200,   0.538,   5.805,   0.100,   5.705,   0.200,   5.805
202605091306,   5.025,9999.000,9999.000,9999.000,9999.000,9999.000,9999.000,9999.000,9999.000
202605091312,   4.980,9999.000,9999.000,9999.000,9999.000,9999.000,9999.000,9999.000,9999.000
202605091318,   4.930,9999.000,9999.000,9999.000,9999.000,9999.000,9999.000,9999.000,9999.000
202605091324,   4.877,9999.000,9999.000,9999.000,9999.000,9999.000,9999.000,9999.000,9999.000
202605091330,   4.818,9999.000,9999.000,9999.000,9999.000,9999.000,9999.000,9999.000,9999.000
202605091336,   4.756,9999.000,9999.000,9999.000,9999.000,9999.000,9999.000,9999.000,9999.000
202605091342,   4.690,9999.000,9999.000,9999.000,9999.000,9999.000,9999.000,9999.000,9999.000
202605091348,   4.620,9999.000,9999.000,9999.000,9999.000,9999.000,9999.000,9999.000,9999.000
202605091354,   4.546,9999.000,9999.000,9999.000,9999.000,9999.000,9999.000,9999.000,9999.000
202605091400,   4.469,9999.000,   0.200,   0.538,   5.207,   0.100,   5.107,   0.200,   5.207
202605091406,   4.388,9999.000,9999.000,9999.000,9999.000,9999.000,9999.000,9999.000,9999.000
202605091412,   4.303,9999.000,9999.000,9999.000,9999.000,9999.000,9999.000,9999.000,9999.000
202605091418,   4.215,9999.000,9999.000,9999.000,9999.000,9999.000,9999.000,9999.000,9999.000
202605091424,   4.125,9999.000,9999.000,9999.000,9999.000,9999.000,9999.000,9999.000,9999.000
202605091430,   4.031,9999.000,9999.000,9999.000,9999.000,9999.000,9999.000,9999.000,9999.000
202605091436,   3.935,9999.000,9999.000,9999.000,9999.000,9999.000,9999.000,9999.000,9999.000
202605091442,   3.837,9999.000,9999.000,9999.000,9999.000,9999.000,9999.000,9999.000,9999.000
202605091448,   3.737,9999.000,9999.000,9999.000,9999.000,9999.000,9999.000,9999.000,9999.000
202605091454,   3.635,9999.000,9999.000,9999.000,9999.000,9999.000,9999.000,9999.000,9999.000
202605091500,   3.531,9999.000,   0.100,   0.538,   4.169,   0.100,   4.169,   0.200,   4.269
202605091506,   3.425,9999.000,9999.000,9999.000,9999.000,9999.000,9999.000,9999.000,9999.000
202605091512,   3.319,9999.000,9999.000,9999.000,9999.000,9999.000,9999.000,9999.000,9999.000
202605091518,   3.212,9999.000,9999.000,9999.000,9999.000,9999.000,9999.000,9999.000,9999.000
202605091524,   3.104,9999.000,9999.000,9999.000,9999.000,9999.000,9999.000,9999.000,9999.000
202605091530,   2.996,9999.000,9999.000,9999.000,9999.000,9999.000,9999.000,9999.000,9999.000
202605091536,   2.887,9999.000,9999.000,9999.000,9999.000,9999.000,9999.000,9999.000,9999.000
202605091542,   2.779,9999.000,9999.000,9999.000,9999.000,9999.000,9999.000,9999.000,9999.000
202605091548,   2.671,9999.000,9999.000,9999.000,9999.000,9999.000,9999.000,9999.000,9999.000
202605091554,   2.563,9999.000,9999.000,9999.000,9999.000,9999.000,9999.000,9999.000,9999.000
202605091600,   2.456,9999.000,   0.100,   0.538,   3.094,   0.100,   3.094,   0.200,   3.194
202605091606,   2.350,9999.000,9999.000,9999.000,9999.000,9999.000,9999.000,9999.000,9999.000
202605091612,   2.245,9999.000,9999.000,9999.000,9999.000,9999.000,9999.000,9999.000,9999.000
202605091618,   2.141,9999.000,9999.000,9999.000,9999.000,9999.000,9999.000,9999.000,9999.000
202605091624,   2.039,9999.000,9999.000,9999.000,9999.000,9999.000,9999.000,9999.000,9999.000
202605091630,   1.938,9999.000,9999.000,9999.000,9999.000,9999.000,9999.000,9999.000,9999.000
202605091636,   1.839,9999.000,9999.000,9999.000,9999.000,9999.000,9999.000,9999.000,9999.000
202605091642,   1.742,9999.000,9999.000,9999.000,9999.000,9999.000,9999.000,9999.000,9999.000
202605091648,   1.647,9999.000,9999.000,9999.000,9999.000,9999.000,9999.000,9999.000,9999.000
202605091654,   1.554,9999.000,9999.000,9999.000,9999.000,9999.000,9999.000,9999.000,9999.000
202605091700,   1.463,9999.000,   0.200,   0.538,   2.201,   0.100,   2.101,   0.200,   2.201
202605091706,   1.375,9999.000,9999.000,9999.000,9999.000,9999.000,9999.000,9999.000,9999.000
202605091712,   1.289,9999.000,9999.000,9999.000,9999.000,9999.000,9999.000,9999.000,9999.000
202605091718,   1.207,9999.000,9999.000,9999.000,9999.000,9999.000,9999.000,9999.000,9999.000
202605091724,   1.127,9999.000,9999.000,9999.000,9999.000,9999.000,9999.000,9999.000,9999.000
202605091730,   1.050,9999.000,9999.000,9999.000,9999.000,9999.000,9999.000,9999.000,9999.000
202605091736,   0.977,9999.000,9999.000,9999.000,9999.000,9999.000,9999.000,9999.000,9999.000
202605091742,   0.907,9999.000,9999.000,9999.000,9999.000,9999.000,9999.000,9999.000,9999.000
202605091748,   0.840,9999.000,9999.000,9999.000,9999.000,9999.000,9999.000,9999.000,9999.000
202605091754,   0.777,9999.000,9999.000,9999.000,9999.000,9999.000,9999.000,9999.000,9999.000
202605091800,   0.718,9999.000,   0.200,   0.538,   1.456,   0.100,   1.356,   0.200,   1.456
