        TIME,    TIDE,      OB,   SURGE,    BIAS,     TWL,SURGE90p,  TWL90p,SURGE10p,   TWL10p
202608061800,   7.145,9999.000,   0.100,9999.000,   7.245,   0.100,   7.245,   0.100,   7.245
202608061806,   7.205,9999.000,9999.000,9999.000,9999.000,9999.000,9999.000,9999.000,9999.000
202608061812,   7.255,9999.000,9999.000,9999.000,9999.000,9999.000,9999.000,9999.000,9999.000
202608061818,   7.295,9999.000,9999.000,9999.000,9999.000,9999.000,9999.000,9999.000,9999.000
202608061824,   7.325,9999.000,9999.000,9999.000,9999.000,9999.000,9999.000,9999.000,9999.000
202608061830,   7.346,9999.000,9999.000,9999.000,9999.000,9999.000,9999.000,9999.000,9999.000
202608061836,   7.358,9999.000,9999.000,9999.000,9999.000,9999.000,9999.000,9999.000,9999.000
202608061842,   7.361,9999.000,9999.000,9999.000,9999.000,9999.000,9999.000,9999.000,9999.000
202608061848,   7.357,9999.000,9999.000,9999.000,9999.000,9999.000,9999.000,9999.000,9999.000
202608061854,   7.345,9999.000,9999.000,9999.000,9999.000,9999.000,9999.000,9999.000,9999.000
202608061900,   7.327,   8.588,   0.100,   1.161,   7.427,   0.100,   7.427,   0.100,   7.427
202608061906,   7.301,9999.000,9999.000,9999.000,9999.000,9999.000,9999.000,9999.000,9999.000
202608061912,   7.269,9999.000,9999.000,9999.000,9999.000,9999.000,9999.000,9999.000,9999.000
202608061918,   7.231,9999.000,9999.000,9999.000,9999.000,9999.000,9999.000,9999.000,9999.000
202608061924,   7.187,9999.000,9999.000,9999.000,9999.000,9999.000,9999.000,9999.000,9999.000
202608061930,   7.137,   8.579,9999.000,9999.000,9999.000,9999.000,9999.000,9999.000,9999.000
202608061936,   7.082,9999.000,9999.000,9999.000,9999.000,9999.000,9999.000,9999.000,9999.000
202608061942,   7.020,9999.000,9999.000,9999.000,9999.000,9999.000,9999.000,9999.000,9999.000
202608061948,   6.953,9999.000,9999.000,9999.000,9999.000,9999.000,9999.000,9999.000,9999.000
202608061954,   6.879,9999.000,9999.000,9999.000,9999.000,9999.000,9999.000,9999.000,9999.000
202608062000,   6.799,   8.418,   0.100,   1.519,   6.899,   0.100,   6.899,   0.200,   6.999
202608062006,   6.712,9999.000,9999.000,9999.000,9999.000,9999.000,9999.000,9999.000,9999.000
202608062012,   6.619,9999.000,9999.000,9999.000,9999.000,9999.000,9999.000,9999.000,9999.000
202608062018,   6.519,9999.000,9999.000,9999.000,9999.000,9999.000,9999.000,9999.000,9999.000
202608062024,   6.412,9999.000,9999.000,9999.000,9999.000,9999.000,9999.000,9999.000,9999.000
202608062030,   6.297,   8.090,9999.000,9999.000,9999.000,9999.000,9999.000,9999.000,9999.000
202608062036,   6.175,9999.000,9999.000,9999.000,9999.000,9999.000,9999.000,9999.000,9999.000
202608062042,   6.045,9999.000,9999.000,9999.000,9999.000,9999.000,9999.000,9999.000,9999.000
202608062048,   5.908,9999.000,9999.000,9999.000,9999.000,9999.000,9999.000,9999.000,9999.000
202608062054,   5.764,9999.000,9999.000,9999.000,9999.000,9999.000,9999.000,9999.000,9999.000
202608062100,   5.612,   7.558,   0.200,   1.746,   5.812,   0.100,   5.712,   0.200,   5.812
202608062106,   5.454,9999.000,9999.000,9999.000,9999.000,9999.000,9999.000,9999.000,9999.000
202608062112,   5.289,9999.000,9999.000,9999.000,9999.000,9999.000,9999.000,9999.000,9999.000
202608062118,   5.118,9999.000,9999.000,9999.000,9999.000,9999.000,9999.000,9999.000,9999.000
202608062124,   4.942,9999.000,9999.000,9999.000,9999.000,9999.000,9999.000,9999.000,9999.000
202608062130,   4.761,   6.807,9999.000,9999.000,9999.000,9999.000,9999.000,9999.000,9999.000
202608062136,   4.575,9999.000,9999.000,9999.000,9999.000,9999.000,9999.000,9999.000,9999.000
202608062142,   4.386,9999.000,9999.000,9999.000,9999.000,9999.000,9999.000,9999.000,9999.000
202608062148,   4.195,9999.000,9999.000,9999.000,9999.000,9999.000,9999.000,9999.000,9999.000
202608062154,   4.001,9999.000,9999.000,9999.000,9999.000,9999.000,9999.000,9999.000,9999.000
202608062200,   3.807,   5.869,   0.200,   1.862,   4.007,   0.100,   3.907,   0.200,   4.007
202608062206,   3.612,9999.000,9999.000,9999.000,9999.000,9999.000,9999.000,9999.000,9999.000
202608062212,   3.418,9999.000,9999.000,9999.000,9999.000,9999.000,9999.000,9999.000,9999.000
202608062218,   3.225,9999.000,9999.000,9999.000,9999.000,9999.000,9999.000,9999.000,9999.000
202608062224,   3.034,9999.000,9999.000,9999.000,9999.000,9999.000,9999.000,9999.000,9999.000
202608062230,   2.846,   4.741,9999.000,9999.000,9999.000,9999.000,9999.000,9999.000,9999.000
202608062236,   2.662,9999.000,9999.000,9999.000,9999.000,9999.000,9999.000,9999.000,9999.000
202608062242,   2.481,9999.000,9999.000,9999.000,9999.000,9999.000,9999.000,9999.000,9999.000
202608062248,   2.304,9999.000,9999.000,9999.000,9999.000,9999.000,9999.000,9999.000,9999.000
202608062254,   2.132,9999.000,9999.000,9999.000,9999.000,9999.000,9999.000,9999.000,9999.000
202608062300,   1.965,9999.000,   0.200,9999.000,   2.165,   0.100,   2.065,   0.200,   2.165
202608062306,   1.804,9999.000,9999.000,9999.000,9999.000,9999.000,9999.000,9999.000,9999.000
202608062312,   1.649,9999.000,9999.000,9999.000,9999.000,9999.000,9999.000,9999.000,9999.000
202608062318,   1.499,9999.000,9999.000,9999.000,9999.000,9999.000,9999.000,9999.000,9999.000
202608062324,   1.356,9999.000,9999.000,9999.000,9999.000,9999.000,9999.000,9999.000,9999.000
202608062330,   1.218,9999.000,9999.000,9999.000,9999.000,9999.000,9999.000,9999.000,9999.000
202608062336,   1.088,9999.000,9999.000,9999.000,9999.000,9999.000,9999.000,9999.000,9999.000
202608062342,   0.963,9999.000,9999.000,9999.000,9999.000,9999.000,9999.000,9999.000,9999.000
202608062348,   0.846,9999.000,9999.000,9999.000,9999.000,9999.000,9999.000,9999.000,9999.000
202608062354,   0.735,9999.000,9999.000,9999.000,9999.000,9999.000,9999.000,9999.000,9999.000
202608070000,   0.631,9999.000,   0.200,9999.000,   0.831,   0.200,   0.831,   0.200,   0.831
202608070006,   0.535,9999.000,9999.000,9999.000,9999.000,9999.000,9999.000,9999.000,9999.000
202608070012,   0.445,9999.000,9999.000,9999.000,9999.000,9999.000,9999.000,9999.000,9999.000
202608070018,   0.363,9999.000,9999.000,9999.000,9999.000,9999.000,9999.000,9999.000,9999.000
202608070024,   0.289,9999.000,9999.000,9999.000,9999.000,9999.000,9999.000,9999.000,9999.000
202608070030,   0.222,9999.000,9999.000,9999.000,9999.000,9999.000,9999.000,9999.000,9999.000
202608070036,   0.163,9999.000,9999.000,9999.000,9999.000,9999.000,9999.000,9999.000,9999.000
202608070042,   0.113,9999.000,9999.000,9999.000,9999.000,9999.000,9999.000,9999.000,9999.000
202608070048,   0.071,9999.000,9999.000,9999.000,9999.000,9999.000,9999.000,9999.000,9999.000
202608070054,   0.037,9999.000,9999.000,9999.000,9999.000,9999.000,9999.000,9999.000,9999.000
202608070100,   0.012,9999.000,   0.200,9999.000,   0.212,   0.200,   0.212,   0.200,   0.212
202608070106,  -0.003,9999.000,9999.000,9999.000,9999.000,9999.000,9999.000,9999.000,9999.000
202608070112,  -0.010,9999.000,9999.000,9999.000,9999.000,9999.000,9999.000,9999.000,9999.000
202608070118,  -0.009,9999.000,9999.000,9999.000,9999.000,9999.000,9999.000,9999.000,9999.000
202608070124,   0.001,9999.000,9999.000,9999.000,9999.000,9999.000,9999.000,9999.000,9999.000
202608070130,   0.020,9999.000,9999.000,9999.000,9999.000,9999.000,9999.000,9999.000,9999.000
202608070136,   0.048,9999.000,9999.000,9999.000,9999.000,9999.000,9999.000,9999.000,9999.000
202608070142,   0.084,9999.000,9999.000,9999.000,9999.000,9999.000,9999.000,9999.000,9999.000
202608070148,   0.129,9999.000,9999.000,9999.000,9999.000,9999.000,9999.000,9999.000,9999.000
202608070154,   0.182,9999.000,9999.000,9999.000,9999.000,9999.000,9999.000,9999.000,9999.000
202608070200,   0.243,9999.000,   0.200,9999.000,   0.443,   0.200,   0.443,   0.200,   0.443
202608070206,   0.312,9999.000,9999.000,9999.000,9999.000,9999.000,9999.000,9999.000,9999.000
202608070212,   0.388,9999.000,9999.000,9999.000,9999.000,9999.000,9999.000,9999.000,9999.000
202608070218,   0.470,9999.000,9999.000,9999.000,9999.000,9999.000,9999.000,9999.000,9999.000
202608070224,   0.559,9999.000,9999.000,9999.000,9999.000,9999.000,9999.000,9999.000,9999.000
202608070230,   0.654,9999.000,9999.000,9999.000,9999.000,9999.000,9999.000,9999.000,9999.000
202608070236,   0.755,9999.000,9999.000,9999.000,9999.000,9999.000,9999.000,9999.000,9999.000
202608070242,   0.862,9999.000,9999.000,9999.000,9999.000,9999.000,9999.000,9999.000,9999.000
202608070248,   0.974,9999.000,9999.000,9999.000,9999.000,9999.000,9999.000,9999.000,9999.000
202608070254,   1.091,9999.000,9999.000,9999.000,9999.000,9999.000,9999.000,9999.000,9999.000
202608070300,   1.212,9999.000,   0.200,9999.000,   1.412,   0.200,   1.412,   0.200,   1.412
202608070306,   1.338,9999.000,9999.000,9999.000,9999.000,9999.000,9999.000,9999.000,9999.000
202608070312,   1.468,9999.000,9999.000,9999.000,9999.000,9999.000,9999.000,9999.000,9999.000
202608070318,   1.602,9999.000,9999.000,9999.000,9999.000,9999.000,9999.000,9999.000,9999.000
202608070324,   1.740,9999.000,9999.000,9999.000,9999.000,9999.000,9999.000,9999.000,9999.000
202608070330,   1.883,9999.000,9999.000,9999.000,9999.000,9999.000,9999.000,9999.000,9999.000
202608070336,   2.028,9999.000,9999.000,9999.000,9999.000,9999.000,9999.000,9999.000,9999.000
202608070342,   2.178,9999.000,9999.000,9999.000,9999.000,9999.000,9999.000,9999.000,9999.000
202608070348,   2.331,9999.000,9999.000,9999.000,9999.000,9999.000,9999.000,9999.000,9999.000
202608070354,   2.487,9999.000,9999.000,9999.000,9999.000,9999.000,9999.000,9999.000,9999.000
202608070400,   2.646,9999.000,   0.200,9999.000,   2.846,   0.200,   2.846,   0.200,   2.846
202608070406,   2.808,9999.000,9999.000,9999.000,9999.000,9999.000,9999.000,9999.000,9999.000
202608070412,   2.973,9999.000,9999.000,9999.000,9999.000,9999.000,9999.000,9999.000,9999.000
202608070418,   3.140,9999.000,9999.000,9999.000,9999.000,9999.000,9999.000,9999.000,9999.000
202608070424,   3.308,9999.000,9999.000,9999.000,9999.000,9999.000,9999.000,9999.000,9999.000
202608070430,   3.478,   4.790,9999.000,9999.000,9999.000,9999.000,9999.000,9999.000,9999.000
202608070436,   3.649,9999.000,9999.000,9999.000,9999.000,9999.000,9999.000,9999.000,9999.000
202608070442,   3.819,9999.000,9999.000,9999.000,9999.000,9999.000,9999.000,9999.000,9999.000
202608070448,   3.989,9999.000,9999.000,9999.000,9999.000,9999.000,9999.000,9999.000,9999.000
202608070454,   4.158,9999.000,9999.000,9999.000,9999.000,9999.000,9999.000,9999.000,9999.000
202608070500,   4.324,   5.649,   0.200,   1.125,   4.524,   0.200,   4.524,   0.200,   4.524
202608070506,   4.488,9999.000,9999.000,9999.000,9999.000,9999.000,9999.000,9999.000,9999.000
202608070512,   4.647,9999.000,9999.000,9999.000,9999.000,9999.000,9999.000,9999.000,9999.000
202608070518,   4.802,9999.000,9999.000,9999.000,9999.000,9999.000,9999.000,9999.000,9999.000
202608070524,   4.952,9999.000,9999.000,9999.000,9999.000,9999.000,9999.000,9999.000,9999.000
202608070530,   5.095,   6.309,9999.000,9999.000,9999.000,9999.000,9999.000,9999.000,9999.000
202608070536,   5.232,9999.000,9999.000,9999.000,9999.000,9999.000,9999.000,9999.000,9999.000
202608070542,   5.361,9999.000,9999.000,9999.000,9999.000,9999.000,9999.000,9999.000,9999.000
202608070548,   5.481,9999.000,9999.000,9999.000,9999.000,9999.000,9999.000,9999.000,9999.000
202608070554,   5.593,9999.000,9999.000,9999.000,9999.000,9999.000,9999.000,9999.000,9999.000
202608070600,   5.696,   6.909,   0.100,   1.113,   5.796,   0.100,   5.796,   0.100,   5.796
202608070606,   5.789,9999.000,9999.000,9999.000,9999.000,9999.000,9999.000,9999.000,9999.000
202608070612,   5.873,9999.000,9999.000,9999.000,9999.000,9999.000,9999.000,9999.000,9999.000
202608070618,   5.947,9999.000,9999.000,9999.000,9999.000,9999.000,9999.000,9999.000,9999.000
202608070624,   6.011,9999.000,9999.000,9999.000,9999.000,9999.000,9999.000,9999.000,9999.000
202608070630,   6.065,   7.398,9999.000,9999.000,9999.000,9999.000,9999.000,9999.000,9999.000
202608070636,   6.110,9999.000,9999.000,9999.000,9999.000,9999.000,9999.000,9999.000,9999.000
202608070642,   6.145,9999.000,9999.000,9999.000,9999.000,9999.000,9999.000,9999.000,9999.000
202608070648,   6.172,9999.000,9999.000,9999.000,9999.000,9999.000,9999.000,9999.000,9999.000
202608070654,   6.189,9999.000,9999.000,9999.000,9999.000,9999.000,9999.000,9999.000,9999.000
202608070700,   6.199,   7.608,   0.100,   1.309,   6.299,   0.100,   6.299,   0.100,   6.299
202608070706,   6.201,9999.000,9999.000,9999.000,9999.000,9999.000,9999.000,9999.000,9999.000
202608070712,   6.196,9999.000,9999.000,9999.000,9999.000,9999.000,9999.000,9999.000,9999.000
202608070718,   6.184,9999.000,9999.000,9999.000,9999.000,9999.000,9999.000,9999.000,9999.000
202608070724,   6.165,9999.000,9999.000,9999.000,9999.000,9999.000,9999.000,9999.000,9999.000
202608070730,   6.140,   7.660,9999.000,9999.000,9999.000,9999.000,9999.000,9999.000,9999.000
202608070736,   6.110,9999.000,9999.000,9999.000,9999.000,9999.000,9999.000,9999.000,9999.000
202608070742,   6.073,9999.000,9999.000,9999.000,9999.000,9999.000,9999.000,9999.000,9999.000
202608070748,   6.032,9999.000,9999.000,9999.000,9999.000,9999.000,9999.000,9999.000,9999.000
202608070754,   5.985,9999.000,9999.000,9999.000,9999.000,9999.000,9999.000,9999.000,9999.000
202608070800,   5.933,   7.709,   0.100,   1.676,   6.033,   0.100,   6.033,   0.100,   6.033
202608070806,   5.875,9999.000,9999.000,9999.000,9999.000,9999.000,9999.000,9999.000,9999.000
202608070812,   5.812,9999.000,9999.000,9999.000,9999.000,9999.000,9999.000,9999.000,9999.000
202608070818,   5.743,9999.000,9999.000,9999.000,9999.000,9999.000,9999.000,9999.000,9999.000
202608070824,   5.669,9999.000,9999.000,9999.000,9999.000,9999.000,9999.000,9999.000,9999.000
202608070830,   5.589,   7.417,9999.000,9999.000,9999.000,9999.000,9999.000,9999.000,9999.000
202608070836,   5.502,9999.000,9999.000,9999.000,9999.000,9999.000,9999.000,9999.000,9999.000
202608070842,   5.409,9999.000,9999.000,9999.000,9999.000,9999.000,9999.000,9999.000,9999.000
202608070848,   5.310,9999.000,9999.000,9999.000,9999.000,9999.000,9999.000,9999.000,9999.000
202608070854,   5.203,9999.000,9999.000,9999.000,9999.000,9999.000,9999.000,9999.000,9999.000
202608070900,   5.090,   7.017,   0.100,   1.827,   5.190,   0.000,   5.090,   0.100,   5.190
202608070906,   4.970,9999.000,9999.000,9999.000,9999.000,9999.000,9999.000,9999.000,9999.000
202608070912,   4.842,9999.000,9999.000,9999.000,9999.000,9999.000,9999.000,9999.000,9999.000
202608070918,   4.708,9999.000,9999.000,9999.000,9999.000,9999.000,9999.000,9999.000,9999.000
202608070924,   4.567,9999.000,9999.000,9999.000,9999.000,9999.000,9999.000,9999.000,9999.000
202608070930,   4.420,   6.358,9999.000,9999.000,9999.000,9999.000,9999.000,9999.000,9999.000
202608070936,   4.266,9999.000,9999.000,9999.000,9999.000,9999.000,9999.000,9999.000,9999.000
202608070942,   4.107,9999.000,9999.000,9999.000,9999.000,9999.000,9999.000,9999.000,9999.000
202608070948,   3.943,9999.000,9999.000,9999.000,9999.000,9999.000,9999.000,9999.000,9999.000
202608070954,   3.774,9999.000,9999.000,9999.000,9999.000,9999.000,9999.000,9999.000,9999.000
202608071000,   3.601,   5.430,   0.100,   1.729,   3.701,   0.100,   3.701,   0.100,   3.701
202608071006,   3.425,9999.000,9999.000,9999.000,9999.000,9999.000,9999.000,9999.000,9999.000
202608071012,   3.247,9999.000,9999.000,9999.000,9999.000,9999.000,9999.000,9999.000,9999.000
202608071018,   3.067,9999.000,9999.000,9999.000,9999.000,9999.000,9999.000,9999.000,9999.000
202608071024,   2.886,9999.000,9999.000,9999.000,9999.000,9999.000,9999.000,9999.000,9999.000
202608071030,   2.705,   4.449,9999.000,9999.000,9999.000,9999.000,9999.000,9999.000,9999.000
202608071036,   2.525,9999.000,9999.000,9999.000,9999.000,9999.000,9999.000,9999.000,9999.000
202608071042,   2.346,9999.000,9999.000,9999.000,9999.000,9999.000,9999.000,9999.000,9999.000
202608071048,   2.170,9999.000,9999.000,9999.000,9999.000,9999.000,9999.000,9999.000,9999.000
202608071054,   1.996,9999.000,9999.000,9999.000,9999.000,9999.000,9999.000,9999.000,9999.000
202608071100,   1.826,9999.000,   0.100,9999.000,   1.926,   0.100,   1.926,   0.100,   1.926
202608071106,   1.660,9999.000,9999.000,9999.000,9999.000,9999.000,9999.000,9999.000,9999.000
202608071112,   1.499,9999.000,9999.000,9999.000,9999.000,9999.000,9999.000,9999.000,9999.000
202608071118,   1.342,9999.000,9999.000,9999.000,9999.000,9999.000,9999.000,9999.000,9999.000
202608071124,   1.191,9999.000,9999.000,9999.000,9999.000,9999.000,9999.000,9999.000,9999.000
202608071130,   1.045,9999.000,9999.000,9999.000,9999.000,9999.000,9999.000,9999.000,9999.000
202608071136,   0.906,9999.000,9999.000,9999.000,9999.000,9999.000,9999.000,9999.000,9999.000
202608071142,   0.772,9999.000,9999.000,9999.000,9999.000,9999.000,9999.000,9999.000,9999.000
202608071148,   0.645,9999.000,9999.000,9999.000,9999.000,9999.000,9999.000,9999.000,9999.000
202608071154,   0.524,9999.000,9999.000,9999.000,9999.000,9999.000,9999.000,9999.000,9999.000
202608071200,   0.409,9999.000,   0.100,9999.000,   0.509,   0.100,   0.509,   0.200,   0.609
202608071206,   0.301,9999.000,9999.000,9999.000,9999.000,9999.000,9999.000,9999.000,9999.000
202608071212,   0.201,9999.000,9999.000,9999.000,9999.000,9999.000,9999.000,9999.000,9999.000
202608071218,   0.106,9999.000,9999.000,9999.000,9999.000,9999.000,9999.000,9999.000,9999.000
202608071224,   0.019,9999.000,9999.000,9999.000,9999.000,9999.000,9999.000,9999.000,9999.000
202608071230,  -0.059,9999.000,9999.000,9999.000,9999.000,9999.000,9999.000,9999.000,9999.000
202608071236,  -0.132,9999.000,9999.000,9999.000,9999.000,9999.000,9999.000,9999.000,9999.000
202608071242,  -0.197,9999.000,9999.000,9999.000,9999.000,9999.000,9999.000,9999.000,9999.000
202608071248,  -0.255,9999.000,9999.000,9999.000,9999.000,9999.000,9999.000,9999.000,9999.000
202608071254,  -0.304,9999.000,9999.000,9999.000,9999.000,9999.000,9999.000,9999.000,9999.000
202608071300,  -0.346,9999.000,   0.100,9999.000,  -0.246,   0.100,  -0.246,   0.200,  -0.146
202608071306,  -0.379,9999.000,9999.000,9999.000,9999.000,9999.000,9999.000,9999.000,9999.000
202608071312,  -0.404,9999.000,9999.000,9999.000,9999.000,9999.000,9999.000,9999.000,9999.000
202608071318,  -0.420,9999.000,9999.000,9999.000,9999.000,9999.000,9999.000,9999.000,9999.000
202608071324,  -0.427,9999.000,9999.000,9999.000,9999.000,9999.000,9999.000,9999.000,9999.000
202608071330,  -0.426,9999.000,9999.000,9999.000,9999.000,9999.000,9999.000,9999.000,9999.000
202608071336,  -0.415,9999.000,9999.000,9999.000,9999.000,9999.000,9999.000,9999.000,9999.000
202608071342,  -0.396,9999.000,9999.000,9999.000,9999.000,9999.000,9999.000,9999.000,9999.000
202608071348,  -0.367,9999.000,9999.000,9999.000,9999.000,9999.000,9999.000,9999.000,9999.000
202608071354,  -0.329,9999.000,9999.000,9999.000,9999.000,9999.000,9999.000,9999.000,9999.000
202608071400,  -0.283,9999.000,   0.100,9999.000,  -0.183,   0.100,  -0.183,   0.200,  -0.083
202608071406,  -0.227,9999.000,9999.000,9999.000,9999.000,9999.000,9999.000,9999.000,9999.000
202608071412,  -0.163,9999.000,9999.000,9999.000,9999.000,9999.000,9999.000,9999.000,9999.000
202608071418,  -0.090,9999.000,9999.000,9999.000,9999.000,9999.000,9999.000,9999.000,9999.000
202608071424,  -0.009,9999.000,9999.000,9999.000,9999.000,9999.000,9999.000,9999.000,9999.000
202608071430,   0.080,9999.000,9999.000,9999.000,9999.000,9999.000,9999.000,9999.000,9999.000
202608071436,   0.176,9999.000,9999.000,9999.000,9999.000,9999.000,9999.000,9999.000,9999.000
202608071442,   0.280,9999.000,9999.000,9999.000,9999.000,9999.000,9999.000,9999.000,9999.000
202608071448,   0.392,9999.000,9999.000,9999.000,9999.000,9999.000,9999.000,9999.000,9999.000
202608071454,   0.509,9999.000,9999.000,9999.000,9999.000,9999.000,9999.000,9999.000,9999.000
202608071500,   0.633,9999.000,   0.100,9999.000,   0.733,   0.100,   0.733,   0.200,   0.833
202608071506,   0.763,9999.000,9999.000,9999.000,9999.000,9999.000,9999.000,9999.000,9999.000
202608071512,   0.899,9999.000,9999.000,9999.000,9999.000,9999.000,9999.000,9999.000,9999.000
202608071518,   1.041,9999.000,9999.000,9999.000,9999.000,9999.000,9999.000,9999.000,9999.000
202608071524,   1.187,9999.000,9999.000,9999.000,9999.000,9999.000,9999.000,9999.000,9999.000
202608071530,   1.339,9999.000,9999.000,9999.000,9999.000,9999.000,9999.000,9999.000,9999.000
202608071536,   1.495,9999.000,9999.000,9999.000,9999.000,9999.000,9999.000,9999.000,9999.000
202608071542,   1.656,9999.000,9999.000,9999.000,9999.000,9999.000,9999.000,9999.000,9999.000
202608071548,   1.821,9999.000,9999.000,9999.000,9999.000,9999.000,9999.000,9999.000,9999.000
202608071554,   1.991,9999.000,9999.000,9999.000,9999.000,9999.000,9999.000,9999.000,9999.000
202608071600,   2.164,9999.000,   0.100,9999.000,   2.264,   0.100,   2.264,   0.200,   2.364
202608071606,   2.342,9999.000,9999.000,9999.000,9999.000,9999.000,9999.000,9999.000,9999.000
202608071612,   2.524,9999.000,9999.000,9999.000,9999.000,9999.000,9999.000,9999.000,9999.000
202608071618,   2.709,9999.000,9999.000,9999.000,9999.000,9999.000,9999.000,9999.000,9999.000
202608071624,   2.898,9999.000,9999.000,9999.000,9999.000,9999.000,9999.000,9999.000,9999.000
202608071630,   3.090,9999.000,9999.000,9999.000,9999.000,9999.000,9999.000,9999.000,9999.000
202608071636,   3.285,9999.000,9999.000,9999.000,9999.000,9999.000,9999.000,9999.000,9999.000
202608071642,   3.483,9999.000,9999.000,9999.000,9999.000,9999.000,9999.000,9999.000,9999.000
202608071648,   3.682,9999.000,9999.000,9999.000,9999.000,9999.000,9999.000,9999.000,9999.000
202608071654,   3.883,9999.000,9999.000,9999.000,9999.000,9999.000,9999.000,9999.000,9999.000
202608071700,   4.085,   5.499,   0.100,   1.314,   4.185,   0.100,   4.185,   0.200,   4.285
202608071706,   4.286,9999.000,9999.000,9999.000,9999.000,9999.000,9999.000,9999.000,9999.000
202608071712,   4.488,9999.000,9999.000,9999.000,9999.000,9999.000,9999.000,9999.000,9999.000
202608071718,   4.688,9999.000,9999.000,9999.000,9999.000,9999.000,9999.000,9999.000,9999.000
202608071724,   4.886,9999.000,9999.000,9999.000,9999.000,9999.000,9999.000,9999.000,9999.000
202608071730,   5.081,   6.578,9999.000,9999.000,9999.000,9999.000,9999.000,9999.000,9999.000
202608071736,   5.273,9999.000,9999.000,9999.000,9999.000,9999.000,9999.000,9999.000,9999.000
202608071742,   5.459,9999.000,9999.000,9999.000,9999.000,9999.000,9999.000,9999.000,9999.000
202608071748,   5.640,9999.000,9999.000,9999.000,9999.000,9999.000,9999.000,9999.000,9999.000
202608071754,   5.815,9999.000,9999.000,9999.000,9999.000,9999.000,9999.000,9999.000,9999.000
202608071800,   5.982,   7.460,   0.200,   1.278,   6.182,   0.200,   6.182,   0.300,   6.282
202608071806,   6.141,9999.000,9999.000,9999.000,9999.000,9999.000,9999.000,9999.000,9999.000
202608071812,   6.292,9999.000,9999.000,9999.000,9999.000,9999.000,9999.000,9999.000,9999.000
202608071818,   6.434,9999.000,9999.000,9999.000,9999.000,9999.000,9999.000,9999.000,9999.000
202608071824,   6.565,9999.000,9999.000,9999.000,9999.000,9999.000,9999.000,9999.000,9999.000
202608071830,   6.687,   8.047,9999.000,9999.000,9999.000,9999.000,9999.000,9999.000,9999.000
202608071836,   6.798,9999.000,9999.000,9999.000,9999.000,9999.000,9999.000,9999.000,9999.000
202608071842,   6.899,9999.000,9999.000,9999.000,9999.000,9999.000,9999.000,9999.000,9999.000
202608071848,   6.990,9999.000,9999.000,9999.000,9999.000,9999.000,9999.000,9999.000,9999.000
202608071854,   7.069,9999.000,9999.000,9999.000,9999.000,9999.000,9999.000,9999.000,9999.000
202608071900,   7.138,   8.598,   0.200,   1.260,   7.338,   0.200,   7.338,   0.300,   7.438
202608071906,   7.198,9999.000,9999.000,9999.000,9999.000,9999.000,9999.000,9999.000,9999.000
202608071912,   7.247,9999.000,9999.000,9999.000,9999.000,9999.000,9999.000,9999.000,9999.000
202608071918,   7.286,9999.000,9999.000,9999.000,9999.000,9999.000,9999.000,9999.000,9999.000
202608071924,   7.317,9999.000,9999.000,9999.000,9999.000,9999.000,9999.000,9999.000,9999.000
202608071930,   7.339,   8.808,9999.000,9999.000,9999.000,9999.000,9999.000,9999.000,9999.000
202608071936,   7.352,9999.000,9999.000,9999.000,9999.000,9999.000,9999.000,9999.000,9999.000
202608071942,   7.358,9999.000,9999.000,9999.000,9999.000,9999.000,9999.000,9999.000,9999.000
202608071948,   7.356,9999.000,9999.000,9999.000,9999.000,9999.000,9999.000,9999.000,9999.000
202608071954,   7.347,9999.000,9999.000,9999.000,9999.000,9999.000,9999.000,9999.000,9999.000
202608072000,   7.332,   8.929,   0.200,   1.397,   7.532,   0.200,   7.532,   0.300,   7.632
202608072006,   7.310,9999.000,9999.000,9999.000,9999.000,9999.000,9999.000,9999.000,9999.000
202608072012,   7.281,9999.000,9999.000,9999.000,9999.000,9999.000,9999.000,9999.000,9999.000
202608072018,   7.246,9999.000,9999.000,9999.000,9999.000,9999.000,9999.000,9999.000,9999.000
202608072024,   7.206,9999.000,9999.000,9999.000,9999.000,9999.000,9999.000,9999.000,9999.000
202608072030,   7.159,   8.847,9999.000,9999.000,9999.000,9999.000,9999.000,9999.000,9999.000
202608072036,   7.106,9999.000,9999.000,9999.000,9999.000,9999.000,9999.000,9999.000,9999.000
202608072042,   7.046,9999.000,9999.000,9999.000,9999.000,9999.000,9999.000,9999.000,9999.000
202608072048,   6.981,9999.000,9999.000,9999.000,9999.000,9999.000,9999.000,9999.000,9999.000
202608072054,   6.908,9999.000,9999.000,9999.000,9999.000,9999.000,9999.000,9999.000,9999.000
202608072100,   6.829,   8.720,   0.200,   1.691,   7.029,   0.200,   7.029,   0.300,   7.129
202608072106,   6.742,9999.000,9999.000,9999.000,9999.000,9999.000,9999.000,9999.000,9999.000
202608072112,   6.649,9999.000,9999.000,9999.000,9999.000,9999.000,9999.000,9999.000,9999.000
202608072118,   6.548,9999.000,9999.000,9999.000,9999.000,9999.000,9999.000,9999.000,9999.000
202608072124,   6.439,9999.000,9999.000,9999.000,9999.000,9999.000,9999.000,9999.000,9999.000
202608072130,   6.323,   8.388,9999.000,9999.000,9999.000,9999.000,9999.000,9999.000,9999.000
202608072136,   6.199,9999.000,9999.000,9999.000,9999.000,9999.000,9999.000,9999.000,9999.000
202608072142,   6.068,9999.000,9999.000,9999.000,9999.000,9999.000,9999.000,9999.000,9999.000
202608072148,   5.929,9999.000,9999.000,9999.000,9999.000,9999.000,9999.000,9999.000,9999.000
202608072154,   5.783,9999.000,9999.000,9999.000,9999.000,9999.000,9999.000,9999.000,9999.000
202608072200,   5.630,   7.968,   0.300,   2.038,   5.930,   0.200,   5.830,   0.300,   5.930
202608072206,   5.471,9999.000,9999.000,9999.000,9999.000,9999.000,9999.000,9999.000,9999.000
202608072212,   5.307,9999.000,9999.000,9999.000,9999.000,9999.000,9999.000,9999.000,9999.000
202608072218,   5.137,9999.000,9999.000,9999.000,9999.000,9999.000,9999.000,9999.000,9999.000
202608072224,   4.962,9999.000,9999.000,9999.000,9999.000,9999.000,9999.000,9999.000,9999.000
202608072230,   4.783,   7.329,9999.000,9999.000,9999.000,9999.000,9999.000,9999.000,9999.000
202608072236,   4.601,9999.000,9999.000,9999.000,9999.000,9999.000,9999.000,9999.000,9999.000
202608072242,   4.417,9999.000,9999.000,9999.000,9999.000,9999.000,9999.000,9999.000,9999.000
202608072248,   4.231,9999.000,9999.000,9999.000,9999.000,9999.000,9999.000,9999.000,9999.000
202608072254,   4.044,9999.000,9999.000,9999.000,9999.000,9999.000,9999.000,9999.000,9999.000
202608072300,   3.857,   6.328,   0.300,   2.171,   4.157,   0.300,   4.157,   0.400,   4.257
202608072306,   3.670,9999.000,9999.000,9999.000,9999.000,9999.000,9999.000,9999.000,9999.000
202608072312,   3.485,9999.000,9999.000,9999.000,9999.000,9999.000,9999.000,9999.000,9999.000
202608072318,   3.301,9999.000,9999.000,9999.000,9999.000,9999.000,9999.000,9999.000,9999.000
202608072324,   3.120,9999.000,9999.000,9999.000,9999.000,9999.000,9999.000,9999.000,9999.000
202608072330,   2.942,   5.171,9999.000,9999.000,9999.000,9999.000,9999.000,9999.000,9999.000
202608072336,   2.768,9999.000,9999.000,9999.000,9999.000,9999.000,9999.000,9999.000,9999.000
202608072342,   2.597,9999.000,9999.000,9999.000,9999.000,9999.000,9999.000,9999.000,9999.000
202608072348,   2.431,9999.000,9999.000,9999.000,9999.000,9999.000,9999.000,9999.000,9999.000
202608072354,   2.269,9999.000,9999.000,9999.000,9999.000,9999.000,9999.000,9999.000,9999.000
202608080000,   2.112,9999.000,   0.300,9999.000,   2.412,   0.300,   2.412,   0.300,   2.412
202608080006,   1.960,9999.000,9999.000,9999.000,9999.000,9999.000,9999.000,9999.000,9999.000
202608080012,   1.812,9999.000,9999.000,9999.000,9999.000,9999.000,9999.000,9999.000,9999.000
202608080018,   1.670,9999.000,9999.000,9999.000,9999.000,9999.000,9999.000,9999.000,9999.000
202608080024,   1.534,9999.000,9999.000,9999.000,9999.000,9999.000,9999.000,9999.000,9999.000
202608080030,   1.402,9999.000,9999.000,9999.000,9999.000,9999.000,9999.000,9999.000,9999.000
202608080036,   1.276,9999.000,9999.000,9999.000,9999.000,9999.000,9999.000,9999.000,9999.000
202608080042,   1.156,9999.000,9999.000,9999.000,9999.000,9999.000,9999.000,9999.000,9999.000
202608080048,   1.041,9999.000,9999.000,9999.000,9999.000,9999.000,9999.000,9999.000,9999.000
202608080054,   0.933,9999.000,9999.000,9999.000,9999.000,9999.000,9999.000,9999.000,9999.000
202608080100,   0.830,9999.000,   0.300,9999.000,   1.130,   0.300,   1.130,   0.300,   1.130
202608080106,   0.733,9999.000,9999.000,9999.000,9999.000,9999.000,9999.000,9999.000,9999.000
202608080112,   0.643,9999.000,9999.000,9999.000,9999.000,9999.000,9999.000,9999.000,9999.000
202608080118,   0.559,9999.000,9999.000,9999.000,9999.000,9999.000,9999.000,9999.000,9999.000
202608080124,   0.482,9999.000,9999.000,9999.000,9999.000,9999.000,9999.000,9999.000,9999.000
202608080130,   0.411,9999.000,9999.000,9999.000,9999.000,9999.000,9999.000,9999.000,9999.000
202608080136,   0.348,9999.000,9999.000,9999.000,9999.000,9999.000,9999.000,9999.000,9999.000
202608080142,   0.293,9999.000,9999.000,9999.000,9999.000,9999.000,9999.000,9999.000,9999.000
202608080148,   0.245,9999.000,9999.000,9999.000,9999.000,9999.000,9999.000,9999.000,9999.000
202608080154,   0.204,9999.000,9999.000,9999.000,9999.000,9999.000,9999.000,9999.000,9999.000
202608080200,   0.172,9999.000,   0.300,9999.000,   0.472,   0.300,   0.472,   0.300,   0.472
202608080206,   0.148,9999.000,9999.000,9999.000,9999.000,9999.000,9999.000,9999.000,9999.000
202608080212,   0.132,9999.000,9999.000,9999.000,9999.000,9999.000,9999.000,9999.000,9999.000
202608080218,   0.124,9999.000,9999.000,9999.000,9999.000,9999.000,9999.000,9999.000,9999.000
202608080224,   0.125,9999.000,9999.000,9999.000,9999.000,9999.000,9999.000,9999.000,9999.000
202608080230,   0.133,9999.000,9999.000,9999.000,9999.000,9999.000,9999.000,9999.000,9999.000
202608080236,   0.150,9999.000,9999.000,9999.000,9999.000,9999.000,9999.000,9999.000,9999.000
202608080242,   0.175,9999.000,9999.000,9999.000,9999.000,9999.000,9999.000,9999.000,9999.000
202608080248,   0.207,9999.000,9999.000,9999.000,9999.000,9999.000,9999.000,9999.000,9999.000
202608080254,   0.248,9999.000,9999.000,9999.000,9999.000,9999.000,9999.000,9999.000,9999.000
202608080300,   0.295,9999.000,   0.300,9999.000,   0.595,   0.300,   0.595,   0.400,   0.695
202608080306,   0.350,9999.000,9999.000,9999.000,9999.000,9999.000,9999.000,9999.000,9999.000
202608080312,   0.412,9999.000,9999.000,9999.000,9999.000,9999.000,9999.000,9999.000,9999.000
202608080318,   0.481,9999.000,9999.000,9999.000,9999.000,9999.000,9999.000,9999.000,9999.000
202608080324,   0.556,9999.000,9999.000,9999.000,9999.000,9999.000,9999.000,9999.000,9999.000
202608080330,   0.637,9999.000,9999.000,9999.000,9999.000,9999.000,9999.000,9999.000,9999.000
202608080336,   0.724,9999.000,9999.000,9999.000,9999.000,9999.000,9999.000,9999.000,9999.000
202608080342,   0.818,9999.000,9999.000,9999.000,9999.000,9999.000,9999.000,9999.000,9999.000
202608080348,   0.916,9999.000,9999.000,9999.000,9999.000,9999.000,9999.000,9999.000,9999.000
202608080354,   1.021,9999.000,9999.000,9999.000,9999.000,9999.000,9999.000,9999.000,9999.000
202608080400,   1.131,9999.000,   0.300,9999.000,   1.431,   0.300,   1.431,   0.400,   1.531
202608080406,   1.246,9999.000,9999.000,9999.000,9999.000,9999.000,9999.000,9999.000,9999.000
202608080412,   1.366,9999.000,9999.000,9999.000,9999.000,9999.000,9999.000,9999.000,9999.000
202608080418,   1.492,9999.000,9999.000,9999.000,9999.000,9999.000,9999.000,9999.000,9999.000
202608080424,   1.623,9999.000,9999.000,9999.000,9999.000,9999.000,9999.000,9999.000,9999.000
202608080430,   1.758,9999.000,9999.000,9999.000,9999.000,9999.000,9999.000,9999.000,9999.000
202608080436,   1.899,9999.000,9999.000,9999.000,9999.000,9999.000,9999.000,9999.000,9999.000
202608080442,   2.044,9999.000,9999.000,9999.000,9999.000,9999.000,9999.000,9999.000,9999.000
202608080448,   2.194,9999.000,9999.000,9999.000,9999.000,9999.000,9999.000,9999.000,9999.000
202608080454,   2.349,9999.000,9999.000,9999.000,9999.000,9999.000,9999.000,9999.000,9999.000
202608080500,   2.507,9999.000,   0.300,9999.000,   2.807,   0.300,   2.807,   0.400,   2.907
202608080506,   2.670,9999.000,9999.000,9999.000,9999.000,9999.000,9999.000,9999.000,9999.000
202608080512,   2.835,9999.000,9999.000,9999.000,9999.000,9999.000,9999.000,9999.000,9999.000
202608080518,   3.004,9999.000,9999.000,9999.000,9999.000,9999.000,9999.000,9999.000,9999.000
202608080524,   3.175,9999.000,9999.000,9999.000,9999.000,9999.000,9999.000,9999.000,9999.000
202608080530,   3.347,   5.010,9999.000,9999.000,9999.000,9999.000,9999.000,9999.000,9999.000
202608080536,   3.521,9999.000,9999.000,9999.000,9999.000,9999.000,9999.000,9999.000,9999.000
202608080542,   3.695,9999.000,9999.000,9999.000,9999.000,9999.000,9999.000,9999.000,9999.000
202608080548,   3.868,9999.000,9999.000,9999.000,9999.000,9999.000,9999.000,9999.000,9999.000
202608080554,   4.039,9999.000,9999.000,9999.000,9999.000,9999.000,9999.000,9999.000,9999.000
202608080600,   4.209,   5.859,   0.200,   1.450,   4.409,   0.200,   4.409,   0.200,   4.409
202608080606,   4.375,9999.000,9999.000,9999.000,9999.000,9999.000,9999.000,9999.000,9999.000
202608080612,   4.536,9999.000,9999.000,9999.000,9999.000,9999.000,9999.000,9999.000,9999.000
202608080618,   4.693,9999.000,9999.000,9999.000,9999.000,9999.000,9999.000,9999.000,9999.000
202608080624,   4.844,9999.000,9999.000,9999.000,9999.000,9999.000,9999.000,9999.000,9999.000
202608080630,   4.989,   6.558,9999.000,9999.000,9999.000,9999.000,9999.000,9999.000,9999.000
202608080636,   5.125,9999.000,9999.000,9999.000,9999.000,9999.000,9999.000,9999.000,9999.000
202608080642,   5.254,9999.000,9999.000,9999.000,9999.000,9999.000,9999.000,9999.000,9999.000
202608080648,   5.375,9999.000,9999.000,9999.000,9999.000,9999.000,9999.000,9999.000,9999.000
202608080654,   5.486,9999.000,9999.000,9999.000,9999.000,9999.000,9999.000,9999.000,9999.000
202608080700,   5.589,   7.109,   0.200,   1.320,   5.789,   0.200,   5.789,   0.200,   5.789
202608080706,   5.681,9999.000,9999.000,9999.000,9999.000,9999.000,9999.000,9999.000,9999.000
202608080712,   5.764,9999.000,9999.000,9999.000,9999.000,9999.000,9999.000,9999.000,9999.000
202608080718,   5.838,9999.000,9999.000,9999.000,9999.000,9999.000,9999.000,9999.000,9999.000
202608080724,   5.901,9999.000,9999.000,9999.000,9999.000,9999.000,9999.000,9999.000,9999.000
202608080730,   5.956,   7.490,9999.000,9999.000,9999.000,9999.000,9999.000,9999.000,9999.000
202608080736,   6.001,9999.000,9999.000,9999.000,9999.000,9999.000,9999.000,9999.000,9999.000
202608080742,   6.037,9999.000,9999.000,9999.000,9999.000,9999.000,9999.000,9999.000,9999.000
202608080748,   6.065,9999.000,9999.000,9999.000,9999.000,9999.000,9999.000,9999.000,9999.000
202608080754,   6.085,9999.000,9999.000,9999.000,9999.000,9999.000,9999.000,9999.000,9999.000
202608080800,   6.098,   7.739,   0.200,   1.441,   6.298,   0.200,   6.298,   0.200,   6.298
202608080806,   6.102,9999.000,9999.000,9999.000,9999.000,9999.000,9999.000,9999.000,9999.000
202608080812,   6.101,9999.000,9999.000,9999.000,9999.000,9999.000,9999.000,9999.000,9999.000
202608080818,   6.092,9999.000,9999.000,9999.000,9999.000,9999.000,9999.000,9999.000,9999.000
202608080824,   6.077,9999.000,9999.000,9999.000,9999.000,9999.000,9999.000,9999.000,9999.000
202608080830,   6.057,   7.827,9999.000,9999.000,9999.000,9999.000,9999.000,9999.000,9999.000
202608080836,   6.030,9999.000,9999.000,9999.000,9999.000,9999.000,9999.000,9999.000,9999.000
202608080842,   5.998,9999.000,9999.000,9999.000,9999.000,9999.000,9999.000,9999.000,9999.000
202608080848,   5.961,9999.000,9999.000,9999.000,9999.000,9999.000,9999.000,9999.000,9999.000
202608080854,   5.917,9999.000,9999.000,9999.000,9999.000,9999.000,9999.000,9999.000,9999.000
202608080900,   5.869,   7.637,   0.200,   1.568,   6.069,   0.200,   6.069,   0.200,   6.069
202608080906,   5.814,9999.000,9999.000,9999.000,9999.000,9999.000,9999.000,9999.000,9999.000
202608080912,   5.753,9999.000,9999.000,9999.000,9999.000,9999.000,9999.000,9999.000,9999.000
202608080918,   5.687,9999.000,9999.000,9999.000,9999.000,9999.000,9999.000,9999.000,9999.000
202608080924,   5.614,9999.000,9999.000,9999.000,9999.000,9999.000,9999.000,9999.000,9999.000
202608080930,   5.535,   7.349,9999.000,9999.000,9999.000,9999.000,9999.000,9999.000,9999.000
202608080936,   5.448,9999.000,9999.000,9999.000,9999.000,9999.000,9999.000,9999.000,9999.000
202608080942,   5.355,9999.000,9999.000,9999.000,9999.000,9999.000,9999.000,9999.000,9999.000
202608080948,   5.255,9999.000,9999.000,9999.000,9999.000,9999.000,9999.000,9999.000,9999.000
202608080954,   5.148,9999.000,9999.000,9999.000,9999.000,9999.000,9999.000,9999.000,9999.000
202608081000,   5.034,   6.958,   0.200,   1.724,   5.234,   0.200,   5.234,   0.200,   5.234
202608081006,   4.913,9999.000,9999.000,9999.000,9999.000,9999.000,9999.000,9999.000,9999.000
202608081012,   4.785,9999.000,9999.000,9999.000,9999.000,9999.000,9999.000,9999.000,9999.000
202608081018,   4.650,9999.000,9999.000,9999.000,9999.000,9999.000,9999.000,9999.000,9999.000
202608081024,   4.509,9999.000,9999.000,9999.000,9999.000,9999.000,9999.000,9999.000,9999.000
202608081030,   4.362,   6.309,9999.000,9999.000,9999.000,9999.000,9999.000,9999.000,9999.000
202608081036,   4.209,9999.000,9999.000,9999.000,9999.000,9999.000,9999.000,9999.000,9999.000
202608081042,   4.052,9999.000,9999.000,9999.000,9999.000,9999.000,9999.000,9999.000,9999.000
202608081048,   3.890,9999.000,9999.000,9999.000,9999.000,9999.000,9999.000,9999.000,9999.000
202608081054,   3.724,9999.000,9999.000,9999.000,9999.000,9999.000,9999.000,9999.000,9999.000
202608081100,   3.556,   5.469,   0.200,   1.713,   3.756,   0.200,   3.756,   0.200,   3.756
202608081106,   3.386,9999.000,9999.000,9999.000,9999.000,9999.000,9999.000,9999.000,9999.000
202608081112,   3.214,9999.000,9999.000,9999.000,9999.000,9999.000,9999.000,9999.000,9999.000
202608081118,   3.041,9999.000,9999.000,9999.000,9999.000,9999.000,9999.000,9999.000,9999.000
202608081124,   2.869,9999.000,9999.000,9999.000,9999.000,9999.000,9999.000,9999.000,9999.000
202608081130,   2.697,   4.561,9999.000,9999.000,9999.000,9999.000,9999.000,9999.000,9999.000
202608081136,   2.527,9999.000,9999.000,9999.000,9999.000,9999.000,9999.000,9999.000,9999.000
202608081142,   2.359,9999.000,9999.000,9999.000,9999.000,9999.000,9999.000,9999.000,9999.000
202608081148,   2.194,9999.000,9999.000,9999.000,9999.000,9999.000,9999.000,9999.000,9999.000
202608081154,   2.032,9999.000,9999.000,9999.000,9999.000,9999.000,9999.000,9999.000,9999.000
202608081200,   1.873,9999.000,   0.200,9999.000,   2.073,   0.100,   1.973,   0.200,   2.073
202608081206,   1.719,9999.000,9999.000,9999.000,9999.000,9999.000,9999.000,9999.000,9999.000
202608081212,   1.569,9999.000,9999.000,9999.000,9999.000,9999.000,9999.000,9999.000,9999.000
202608081218,   1.424,9999.000,9999.000,9999.000,9999.000,9999.000,9999.000,9999.000,9999.000
202608081224,   1.284,9999.000,9999.000,9999.000,9999.000,9999.000,9999.000,9999.000,9999.000
202608081230,   1.148,9999.000,9999.000,9999.000,9999.000,9999.000,9999.000,9999.000,9999.000
202608081236,   1.019,9999.000,9999.000,9999.000,9999.000,9999.000,9999.000,9999.000,9999.000
202608081242,   0.894,9999.000,9999.000,9999.000,9999.000,9999.000,9999.000,9999.000,9999.000
202608081248,   0.775,9999.000,9999.000,9999.000,9999.000,9999.000,9999.000,9999.000,9999.000
202608081254,   0.661,9999.000,9999.000,9999.000,9999.000,9999.000,9999.000,9999.000,9999.000
202608081300,   0.553,9999.000,   0.100,9999.000,   0.653,   0.100,   0.653,   0.200,   0.753
202608081306,   0.451,9999.000,9999.000,9999.000,9999.000,9999.000,9999.000,9999.000,9999.000
202608081312,   0.355,9999.000,9999.000,9999.000,9999.000,9999.000,9999.000,9999.000,9999.000
202608081318,   0.264,9999.000,9999.000,9999.000,9999.000,9999.000,9999.000,9999.000,9999.000
202608081324,   0.180,9999.000,9999.000,9999.000,9999.000,9999.000,9999.000,9999.000,9999.000
202608081330,   0.102,9999.000,9999.000,9999.000,9999.000,9999.000,9999.000,9999.000,9999.000
202608081336,   0.030,9999.000,9999.000,9999.000,9999.000,9999.000,9999.000,9999.000,9999.000
202608081342,  -0.034,9999.000,9999.000,9999.000,9999.000,9999.000,9999.000,9999.000,9999.000
202608081348,  -0.092,9999.000,9999.000,9999.000,9999.000,9999.000,9999.000,9999.000,9999.000
202608081354,  -0.144,9999.000,9999.000,9999.000,9999.000,9999.000,9999.000,9999.000,9999.000
202608081400,  -0.188,9999.000,   0.100,9999.000,  -0.088,   0.100,  -0.088,   0.200,   0.012
202608081406,  -0.224,9999.000,9999.000,9999.000,9999.000,9999.000,9999.000,9999.000,9999.000
202608081412,  -0.253,9999.000,9999.000,9999.000,9999.000,9999.000,9999.000,9999.000,9999.000
202608081418,  -0.273,9999.000,9999.000,9999.000,9999.000,9999.000,9999.000,9999.000,9999.000
202608081424,  -0.286,9999.000,9999.000,9999.000,9999.000,9999.000,9999.000,9999.000,9999.000
202608081430,  -0.290,9999.000,9999.000,9999.000,9999.000,9999.000,9999.000,9999.000,9999.000
202608081436,  -0.286,9999.000,9999.000,9999.000,9999.000,9999.000,9999.000,9999.000,9999.000
202608081442,  -0.274,9999.000,9999.000,9999.000,9999.000,9999.000,9999.000,9999.000,9999.000
202608081448,  -0.252,9999.000,9999.000,9999.000,9999.000,9999.000,9999.000,9999.000,9999.000
202608081454,  -0.223,9999.000,9999.000,9999.000,9999.000,9999.000,9999.000,9999.000,9999.000
202608081500,  -0.185,9999.000,   0.100,9999.000,  -0.085,   0.100,  -0.085,   0.200,   0.015
202608081506,  -0.138,9999.000,9999.000,9999.000,9999.000,9999.000,9999.000,9999.000,9999.000
202608081512,  -0.084,9999.000,9999.000,9999.000,9999.000,9999.000,9999.000,9999.000,9999.000
202608081518,  -0.021,9999.000,9999.000,9999.000,9999.000,9999.000,9999.000,9999.000,9999.000
202608081524,   0.049,9999.000,9999.000,9999.000,9999.000,9999.000,9999.000,9999.000,9999.000
202608081530,   0.127,9999.000,9999.000,9999.000,9999.000,9999.000,9999.000,9999.000,9999.000
202608081536,   0.213,9999.000,9999.000,9999.000,9999.000,9999.000,9999.000,9999.000,9999.000
202608081542,   0.306,9999.000,9999.000,9999.000,9999.000,9999.000,9999.000,9999.000,9999.000
202608081548,   0.405,9999.000,9999.000,9999.000,9999.000,9999.000,9999.000,9999.000,9999.000
202608081554,   0.512,9999.000,9999.000,9999.000,9999.000,9999.000,9999.000,9999.000,9999.000
202608081600,   0.625,9999.000,   0.100,9999.000,   0.725,   0.100,   0.725,   0.200,   0.825
202608081606,   0.744,9999.000,9999.000,9999.000,9999.000,9999.000,9999.000,9999.000,9999.000
202608081612,   0.870,9999.000,9999.000,9999.000,9999.000,9999.000,9999.000,9999.000,9999.000
202608081618,   1.002,9999.000,9999.000,9999.000,9999.000,9999.000,9999.000,9999.000,9999.000
202608081624,   1.139,9999.000,9999.000,9999.000,9999.000,9999.000,9999.000,9999.000,9999.000
202608081630,   1.282,9999.000,9999.000,9999.000,9999.000,9999.000,9999.000,9999.000,9999.000
202608081636,   1.431,9999.000,9999.000,9999.000,9999.000,9999.000,9999.000,9999.000,9999.000
202608081642,   1.586,9999.000,9999.000,9999.000,9999.000,9999.000,9999.000,9999.000,9999.000
202608081648,   1.746,9999.000,9999.000,9999.000,9999.000,9999.000,9999.000,9999.000,9999.000
202608081654,   1.911,9999.000,9999.000,9999.000,9999.000,9999.000,9999.000,9999.000,9999.000
202608081700,   2.082,9999.000,   0.100,9999.000,   2.182,   0.100,   2.182,   0.100,   2.182
202608081706,   2.258,9999.000,9999.000,9999.000,9999.000,9999.000,9999.000,9999.000,9999.000
202608081712,   2.439,9999.000,9999.000,9999.000,9999.000,9999.000,9999.000,9999.000,9999.000
202608081718,   2.624,9999.000,9999.000,9999.000,9999.000,9999.000,9999.000,9999.000,9999.000
202608081724,   2.814,9999.000,9999.000,9999.000,9999.000,9999.000,9999.000,9999.000,9999.000
202608081730,   3.008,9999.000,9999.000,9999.000,9999.000,9999.000,9999.000,9999.000,9999.000
202608081736,   3.205,9999.000,9999.000,9999.000,9999.000,9999.000,9999.000,9999.000,9999.000
202608081742,   3.406,9999.000,9999.000,9999.000,9999.000,9999.000,9999.000,9999.000,9999.000
202608081748,   3.609,9999.000,9999.000,9999.000,9999.000,9999.000,9999.000,9999.000,9999.000
202608081754,   3.814,9999.000,9999.000,9999.000,9999.000,9999.000,9999.000,9999.000,9999.000
202608081800,   4.020,   5.118,   0.200,   0.898,   4.220,   0.200,   4.220,   0.200,   4.220
202608081806,   4.226,9999.000,9999.000,9999.000,9999.000,9999.000,9999.000,9999.000,9999.000
202608081812,   4.431,9999.000,9999.000,9999.000,9999.000,9999.000,9999.000,9999.000,9999.000
202608081818,   4.635,9999.000,9999.000,9999.000,9999.000,9999.000,9999.000,9999.000,9999.000
202608081824,   4.837,9999.000,9999.000,9999.000,9999.000,9999.000,9999.000,9999.000,9999.000
202608081830,   5.035,   6.210,9999.000,9999.000,9999.000,9999.000,9999.000,9999.000,9999.000
202608081836,   5.229,9999.000,9999.000,9999.000,9999.000,9999.000,9999.000,9999.000,9999.000
202608081842,   5.418,9999.000,9999.000,9999.000,9999.000,9999.000,9999.000,9999.000,9999.000
202608081848,   5.600,9999.000,9999.000,9999.000,9999.000,9999.000,9999.000,9999.000,9999.000
202608081854,   5.776,9999.000,9999.000,9999.000,9999.000,9999.000,9999.000,9999.000,9999.000
202608081900,   5.943,   7.250,   0.200,   1.107,   6.143,   0.200,   6.143,   0.200,   6.143
202608081906,   6.103,9999.000,9999.000,9999.000,9999.000,9999.000,9999.000,9999.000,9999.000
202608081912,   6.253,9999.000,9999.000,9999.000,9999.000,9999.000,9999.000,9999.000,9999.000
202608081918,   6.394,9999.000,9999.000,9999.000,9999.000,9999.000,9999.000,9999.000,9999.000
202608081924,   6.525,9999.000,9999.000,9999.000,9999.000,9999.000,9999.000,9999.000,9999.000
202608081930,   6.645,   8.100,9999.000,9999.000,9999.000,9999.000,9999.000,9999.000,9999.000
202608081936,   6.756,9999.000,9999.000,9999.000,9999.000,9999.000,9999.000,9999.000,9999.000
202608081942,   6.856,9999.000,9999.000,9999.000,9999.000,9999.000,9999.000,9999.000,9999.000
202608081948,   6.945,9999.000,9999.000,9999.000,9999.000,9999.000,9999.000,9999.000,9999.000
202608081954,   7.025,9999.000,9999.000,9999.000,9999.000,9999.000,9999.000,9999.000,9999.000
202608082000,   7.094,   8.687,   0.200,   1.393,   7.294,   0.200,   7.294,   0.200,   7.294
202608082006,   7.154,9999.000,9999.000,9999.000,9999.000,9999.000,9999.000,9999.000,9999.000
202608082012,   7.204,9999.000,9999.000,9999.000,9999.000,9999.000,9999.000,9999.000,9999.000
202608082018,   7.246,9999.000,9999.000,9999.000,9999.000,9999.000,9999.000,9999.000,9999.000
202608082024,   7.278,9999.000,9999.000,9999.000,9999.000,9999.000,9999.000,9999.000,9999.000
202608082030,   7.303,   8.989,9999.000,9999.000,9999.000,9999.000,9999.000,9999.000,9999.000
202608082036,   7.320,9999.000,9999.000,9999.000,9999.000,9999.000,9999.000,9999.000,9999.000
202608082042,   7.329,9999.000,9999.000,9999.000,9999.000,9999.000,9999.000,9999.000,9999.000
202608082048,   7.332,9999.000,9999.000,9999.000,9999.000,9999.000,9999.000,9999.000,9999.000
202608082054,   7.327,9999.000,9999.000,9999.000,9999.000,9999.000,9999.000,9999.000,9999.000
202608082100,   7.316,   9.110,   0.200,   1.594,   7.516,   0.200,   7.516,   0.200,   7.516
202608082106,   7.299,9999.000,9999.000,9999.000,9999.000,9999.000,9999.000,9999.000,9999.000
202608082112,   7.275,9999.000,9999.000,9999.000,9999.000,9999.000,9999.000,9999.000,9999.000
202608082118,   7.245,9999.000,9999.000,9999.000,9999.000,9999.000,9999.000,9999.000,9999.000
202608082124,   7.209,9999.000,9999.000,9999.000,9999.000,9999.000,9999.000,9999.000,9999.000
202608082130,   7.166,   9.097,9999.000,9999.000,9999.000,9999.000,9999.000,9999.000,9999.000
202608082136,   7.116,9999.000,9999.000,9999.000,9999.000,9999.000,9999.000,9999.000,9999.000
202608082142,   7.060,9999.000,9999.000,9999.000,9999.000,9999.000,9999.000,9999.000,9999.000
202608082148,   6.997,9999.000,9999.000,9999.000,9999.000,9999.000,9999.000,9999.000,9999.000
202608082154,   6.927,9999.000,9999.000,9999.000,9999.000,9999.000,9999.000,9999.000,9999.000
202608082200,   6.850,   9.018,   0.200,   1.968,   7.050,   0.200,   7.050,   0.200,   7.050
202608082206,   6.765,9999.000,9999.000,9999.000,9999.000,9999.000,9999.000,9999.000,9999.000
202608082212,   6.672,9999.000,9999.000,9999.000,9999.000,9999.000,9999.000,9999.000,9999.000
202608082218,   6.572,9999.000,9999.000,9999.000,9999.000,9999.000,9999.000,9999.000,9999.000
202608082224,   6.464,9999.000,9999.000,9999.000,9999.000,9999.000,9999.000,9999.000,9999.000
202608082230,   6.348,   8.720,9999.000,9999.000,9999.000,9999.000,9999.000,9999.000,9999.000
202608082236,   6.225,9999.000,9999.000,9999.000,9999.000,9999.000,9999.000,9999.000,9999.000
202608082242,   6.095,9999.000,9999.000,9999.000,9999.000,9999.000,9999.000,9999.000,9999.000
202608082248,   5.957,9999.000,9999.000,9999.000,9999.000,9999.000,9999.000,9999.000,9999.000
202608082254,   5.813,9999.000,9999.000,9999.000,9999.000,9999.000,9999.000,9999.000,9999.000
202608082300,   5.662,   8.290,   0.200,   2.428,   5.862,   0.200,   5.862,   0.300,   5.962
202608082306,   5.506,9999.000,9999.000,9999.000,9999.000,9999.000,9999.000,9999.000,9999.000
202608082312,   5.344,9999.000,9999.000,9999.000,9999.000,9999.000,9999.000,9999.000,9999.000
202608082318,   5.178,9999.000,9999.000,9999.000,9999.000,9999.000,9999.000,9999.000,9999.000
202608082324,   5.008,9999.000,9999.000,9999.000,9999.000,9999.000,9999.000,9999.000,9999.000
202608082330,   4.835,   7.568,9999.000,9999.000,9999.000,9999.000,9999.000,9999.000,9999.000
202608082336,   4.659,9999.000,9999.000,9999.000,9999.000,9999.000,9999.000,9999.000,9999.000
202608082342,   4.482,9999.000,9999.000,9999.000,9999.000,9999.000,9999.000,9999.000,9999.000
202608082348,   4.304,9999.000,9999.000,9999.000,9999.000,9999.000,9999.000,9999.000,9999.000
202608082354,   4.125,9999.000,9999.000,9999.000,9999.000,9999.000,9999.000,9999.000,9999.000
202608090000,   3.947,   6.738,   0.300,   2.491,   4.247,   0.200,   4.147,   0.300,   4.247
202608090006,   3.770,9999.000,9999.000,9999.000,9999.000,9999.000,9999.000,9999.000,9999.000
202608090012,   3.594,9999.000,9999.000,9999.000,9999.000,9999.000,9999.000,9999.000,9999.000
202608090018,   3.420,9999.000,9999.000,9999.000,9999.000,9999.000,9999.000,9999.000,9999.000
202608090024,   3.249,9999.000,9999.000,9999.000,9999.000,9999.000,9999.000,9999.000,9999.000
202608090030,   3.080,   5.581,9999.000,9999.000,9999.000,9999.000,9999.000,9999.000,9999.000
202608090036,   2.915,9999.000,9999.000,9999.000,9999.000,9999.000,9999.000,9999.000,9999.000
202608090042,   2.753,9999.000,9999.000,9999.000,9999.000,9999.000,9999.000,9999.000,9999.000
202608090048,   2.594,9999.000,9999.000,9999.000,9999.000,9999.000,9999.000,9999.000,9999.000
202608090054,   2.440,9999.000,9999.000,9999.000,9999.000,9999.000,9999.000,9999.000,9999.000
202608090100,   2.289,   4.459,   0.300,   1.870,   2.589,   0.300,   2.589,   0.300,   2.589
202608090106,   2.142,9999.000,9999.000,9999.000,9999.000,9999.000,9999.000,9999.000,9999.000
202608090112,   1.998,9999.000,9999.000,9999.000,9999.000,9999.000,9999.000,9999.000,9999.000
202608090118,   1.859,9999.000,9999.000,9999.000,9999.000,9999.000,9999.000,9999.000,9999.000
202608090124,   1.725,9999.000,9999.000,9999.000,9999.000,9999.000,9999.000,9999.000,9999.000
202608090130,   1.594,9999.000,9999.000,9999.000,9999.000,9999.000,9999.000,9999.000,9999.000
202608090136,   1.468,9999.000,9999.000,9999.000,9999.000,9999.000,9999.000,9999.000,9999.000
202608090142,   1.346,9999.000,9999.000,9999.000,9999.000,9999.000,9999.000,9999.000,9999.000
202608090148,   1.228,9999.000,9999.000,9999.000,9999.000,9999.000,9999.000,9999.000,9999.000
202608090154,   1.116,9999.000,9999.000,9999.000,9999.000,9999.000,9999.000,9999.000,9999.000
202608090200,   1.008,9999.000,   0.300,9999.000,   1.308,   0.300,   1.308,   0.300,   1.308
202608090206,   0.906,9999.000,9999.000,9999.000,9999.000,9999.000,9999.000,9999.000,9999.000
202608090212,   0.809,9999.000,9999.000,9999.000,9999.000,9999.000,9999.000,9999.000,9999.000
202608090218,   0.718,9999.000,9999.000,9999.000,9999.000,9999.000,9999.000,9999.000,9999.000
202608090224,   0.632,9999.000,9999.000,9999.000,9999.000,9999.000,9999.000,9999.000,9999.000
202608090230,   0.553,9999.000,9999.000,9999.000,9999.000,9999.000,9999.000,9999.000,9999.000
202608090236,   0.481,9999.000,9999.000,9999.000,9999.000,9999.000,9999.000,9999.000,9999.000
202608090242,   0.415,9999.000,9999.000,9999.000,9999.000,9999.000,9999.000,9999.000,9999.000
202608090248,   0.356,9999.000,9999.000,9999.000,9999.000,9999.000,9999.000,9999.000,9999.000
202608090254,   0.305,9999.000,9999.000,9999.000,9999.000,9999.000,9999.000,9999.000,9999.000
202608090300,   0.261,9999.000,   0.300,9999.000,   0.561,   0.300,   0.561,   0.300,   0.561
202608090306,   0.225,9999.000,9999.000,9999.000,9999.000,9999.000,9999.000,9999.000,9999.000
202608090312,   0.197,9999.000,9999.000,9999.000,9999.000,9999.000,9999.000,9999.000,9999.000
202608090318,   0.176,9999.000,9999.000,9999.000,9999.000,9999.000,9999.000,9999.000,9999.000
202608090324,   0.163,9999.000,9999.000,9999.000,9999.000,9999.000,9999.000,9999.000,9999.000
202608090330,   0.159,9999.000,9999.000,9999.000,9999.000,9999.000,9999.000,9999.000,9999.000
202608090336,   0.162,9999.000,9999.000,9999.000,9999.000,9999.000,9999.000,9999.000,9999.000
202608090342,   0.173,9999.000,9999.000,9999.000,9999.000,9999.000,9999.000,9999.000,9999.000
202608090348,   0.192,9999.000,9999.000,9999.000,9999.000,9999.000,9999.000,9999.000,9999.000
202608090354,   0.218,9999.000,9999.000,9999.000,9999.000,9999.000,9999.000,9999.000,9999.000
202608090400,   0.252,9999.000,   0.300,9999.000,   0.552,   0.300,   0.552,   0.300,   0.552
202608090406,   0.293,9999.000,9999.000,9999.000,9999.000,9999.000,9999.000,9999.000,9999.000
202608090412,   0.342,9999.000,9999.000,9999.000,9999.000,9999.000,9999.000,9999.000,9999.000
202608090418,   0.398,9999.000,9999.000,9999.000,9999.000,9999.000,9999.000,9999.000,9999.000
202608090424,   0.460,9999.000,9999.000,9999.000,9999.000,9999.000,9999.000,9999.000,9999.000
202608090430,   0.530,9999.000,9999.000,9999.000,9999.000,9999.000,9999.000,9999.000,9999.000
202608090436,   0.606,9999.000,9999.000,9999.000,9999.000,9999.000,9999.000,9999.000,9999.000
202608090442,   0.689,9999.000,9999.000,9999.000,9999.000,9999.000,9999.000,9999.000,9999.000
202608090448,   0.779,9999.000,9999.000,9999.000,9999.000,9999.000,9999.000,9999.000,9999.000
202608090454,   0.875,9999.000,9999.000,9999.000,9999.000,9999.000,9999.000,9999.000,9999.000
202608090500,   0.978,9999.000,   0.300,9999.000,   1.278,   0.300,   1.278,   0.300,   1.278
202608090506,   1.087,9999.000,9999.000,9999.000,9999.000,9999.000,9999.000,9999.000,9999.000
202608090512,   1.203,9999.000,9999.000,9999.000,9999.000,9999.000,9999.000,9999.000,9999.000
202608090518,   1.326,9999.000,9999.000,9999.000,9999.000,9999.000,9999.000,9999.000,9999.000
202608090524,   1.455,9999.000,9999.000,9999.000,9999.000,9999.000,9999.000,9999.000,9999.000
202608090530,   1.590,9999.000,9999.000,9999.000,9999.000,9999.000,9999.000,9999.000,9999.000
202608090536,   1.732,9999.000,9999.000,9999.000,9999.000,9999.000,9999.000,9999.000,9999.000
202608090542,   1.880,9999.000,9999.000,9999.000,9999.000,9999.000,9999.000,9999.000,9999.000
202608090548,   2.033,9999.000,9999.000,9999.000,9999.000,9999.000,9999.000,9999.000,9999.000
202608090554,   2.192,9999.000,9999.000,9999.000,9999.000,9999.000,9999.000,9999.000,9999.000
202608090600,   2.356,9999.000,   0.200,9999.000,   2.556,   0.200,   2.556,   0.200,   2.556
202608090606,   2.524,9999.000,9999.000,9999.000,9999.000,9999.000,9999.000,9999.000,9999.000
202608090612,   2.696,9999.000,9999.000,9999.000,9999.000,9999.000,9999.000,9999.000,9999.000
202608090618,   2.872,9999.000,9999.000,9999.000,9999.000,9999.000,9999.000,9999.000,9999.000
202608090624,   3.050,9999.000,9999.000,9999.000,9999.000,9999.000,9999.000,9999.000,9999.000
202608090630,   3.230,   4.429,9999.000,9999.000,9999.000,9999.000,9999.000,9999.000,9999.000
202608090636,   3.410,9999.000,9999.000,9999.000,9999.000,9999.000,9999.000,9999.000,9999.000
202608090642,   3.591,9999.000,9999.000,9999.000,9999.000,9999.000,9999.000,9999.000,9999.000
202608090648,   3.771,9999.000,9999.000,9999.000,9999.000,9999.000,9999.000,9999.000,9999.000
202608090654,   3.949,9999.000,9999.000,9999.000,9999.000,9999.000,9999.000,9999.000,9999.000
202608090700,   4.124,   5.361,   0.200,   1.037,   4.324,   0.200,   4.324,   0.200,   4.324
202608090706,   4.295,9999.000,9999.000,9999.000,9999.000,9999.000,9999.000,9999.000,9999.000
202608090712,   4.462,9999.000,9999.000,9999.000,9999.000,9999.000,9999.000,9999.000,9999.000
202608090718,   4.622,9999.000,9999.000,9999.000,9999.000,9999.000,9999.000,9999.000,9999.000
202608090724,   4.777,9999.000,9999.000,9999.000,9999.000,9999.000,9999.000,9999.000,9999.000
202608090730,   4.924,   6.328,9999.000,9999.000,9999.000,9999.000,9999.000,9999.000,9999.000
202608090736,   5.063,9999.000,9999.000,9999.000,9999.000,9999.000,9999.000,9999.000,9999.000
202608090742,   5.193,9999.000,9999.000,9999.000,9999.000,9999.000,9999.000,9999.000,9999.000
202608090748,   5.315,9999.000,9999.000,9999.000,9999.000,9999.000,9999.000,9999.000,9999.000
202608090754,   5.428,9999.000,9999.000,9999.000,9999.000,9999.000,9999.000,9999.000,9999.000
202608090800,   5.531,   7.030,   0.200,   1.299,   5.731,   0.100,   5.631,   0.200,   5.731
202608090806,   5.625,9999.000,9999.000,9999.000,9999.000,9999.000,9999.000,9999.000,9999.000
202608090812,   5.709,9999.000,9999.000,9999.000,9999.000,9999.000,9999.000,9999.000,9999.000
202608090818,   5.783,9999.000,9999.000,9999.000,9999.000,9999.000,9999.000,9999.000,9999.000
202608090824,   5.849,9999.000,9999.000,9999.000,9999.000,9999.000,9999.000,9999.000,9999.000
202608090830,   5.905,   7.549,9999.000,9999.000,9999.000,9999.000,9999.000,9999.000,9999.000
202608090836,   5.952,9999.000,9999.000,9999.000,9999.000,9999.000,9999.000,9999.000,9999.000
202608090842,   5.991,9999.000,9999.000,9999.000,9999.000,9999.000,9999.000,9999.000,9999.000
202608090848,   6.022,9999.000,9999.000,9999.000,9999.000,9999.000,9999.000,9999.000,9999.000
202608090854,   6.045,9999.000,9999.000,9999.000,9999.000,9999.000,9999.000,9999.000,9999.000
202608090900,   6.062,   7.870,   0.200,   1.608,   6.262,   0.100,   6.162,   0.200,   6.262
202608090906,   6.071,9999.000,9999.000,9999.000,9999.000,9999.000,9999.000,9999.000,9999.000
202608090912,   6.073,9999.000,9999.000,9999.000,9999.000,9999.000,9999.000,9999.000,9999.000
202608090918,   6.070,9999.000,9999.000,9999.000,9999.000,9999.000,9999.000,9999.000,9999.000
202608090924,   6.060,9999.000,9999.000,9999.000,9999.000,9999.000,9999.000,9999.000,9999.000
202608090930,   6.044,   7.988,9999.000,9999.000,9999.000,9999.000,9999.000,9999.000,9999.000
202608090936,   6.022,9999.000,9999.000,9999.000,9999.000,9999.000,9999.000,9999.000,9999.000
202608090942,   5.995,9999.000,9999.000,9999.000,9999.000,9999.000,9999.000,9999.000,9999.000
202608090948,   5.962,9999.000,9999.000,9999.000,9999.000,9999.000,9999.000,9999.000,9999.000
202608090954,   5.923,9999.000,9999.000,9999.000,9999.000,9999.000,9999.000,9999.000,9999.000
202608091000,   5.877,   7.929,   0.200,   1.852,   6.077,   0.100,   5.977,   0.200,   6.077
202608091006,   5.826,9999.000,9999.000,9999.000,9999.000,9999.000,9999.000,9999.000,9999.000
202608091012,   5.768,9999.000,9999.000,9999.000,9999.000,9999.000,9999.000,9999.000,9999.000
202608091018,   5.704,9999.000,9999.000,9999.000,9999.000,9999.000,9999.000,9999.000,9999.000
202608091024,   5.633,9999.000,9999.000,9999.000,9999.000,9999.000,9999.000,9999.000,9999.000
202608091030,   5.555,   7.798,9999.000,9999.000,9999.000,9999.000,9999.000,9999.000,9999.000
202608091036,   5.470,9999.000,9999.000,9999.000,9999.000,9999.000,9999.000,9999.000,9999.000
202608091042,   5.377,9999.000,9999.000,9999.000,9999.000,9999.000,9999.000,9999.000,9999.000
202608091048,   5.278,9999.000,9999.000,9999.000,9999.000,9999.000,9999.000,9999.000,9999.000
202608091054,   5.171,9999.000,9999.000,9999.000,9999.000,9999.000,9999.000,9999.000,9999.000
202608091100,   5.057,   7.490,   0.200,   2.233,   5.257,   0.100,   5.157,   0.200,   5.257
202608091106,   4.936,9999.000,9999.000,9999.000,9999.000,9999.000,9999.000,9999.000,9999.000
202608091112,   4.809,9999.000,9999.000,9999.000,9999.000,9999.000,9999.000,9999.000,9999.000
202608091118,   4.675,9999.000,9999.000,9999.000,9999.000,9999.000,9999.000,9999.000,9999.000
202608091124,   4.536,9999.000,9999.000,9999.000,9999.000,9999.000,9999.000,9999.000,9999.000
202608091130,   4.391,   6.998,9999.000,9999.000,9999.000,9999.000,9999.000,9999.000,9999.000
202608091136,   4.241,9999.000,9999.000,9999.000,9999.000,9999.000,9999.000,9999.000,9999.000
202608091142,   4.087,9999.000,9999.000,9999.000,9999.000,9999.000,9999.000,9999.000,9999.000
202608091148,   3.930,9999.000,9999.000,9999.000,9999.000,9999.000,9999.000,9999.000,9999.000
202608091154,   3.770,9999.000,9999.000,9999.000,9999.000,9999.000,9999.000,9999.000,9999.000
202608091200,   3.607,   6.148,   0.200,   2.341,   3.807,   0.200,   3.807,   0.200,   3.807
202608091206,   3.444,9999.000,9999.000,9999.000,9999.000,9999.000,9999.000,9999.000,9999.000
202608091212,   3.279,9999.000,9999.000,9999.000,9999.000,9999.000,9999.000,9999.000,9999.000
202608091218,   3.115,9999.000,9999.000,9999.000,9999.000,9999.000,9999.000,9999.000,9999.000
202608091224,   2.951,9999.000,9999.000,9999.000,9999.000,9999.000,9999.000,9999.000,9999.000
202608091230,   2.788,   5.161,9999.000,9999.000,9999.000,9999.000,9999.000,9999.000,9999.000
202608091236,   2.628,9999.000,9999.000,9999.000,9999.000,9999.000,9999.000,9999.000,9999.000
202608091242,   2.469,9999.000,9999.000,9999.000,9999.000,9999.000,9999.000,9999.000,9999.000
202608091248,   2.313,9999.000,9999.000,9999.000,9999.000,9999.000,9999.000,9999.000,9999.000
202608091254,   2.160,9999.000,9999.000,9999.000,9999.000,9999.000,9999.000,9999.000,9999.000
202608091300,   2.011,9999.000,   0.200,9999.000,   2.211,   0.200,   2.211,   0.200,   2.211
202608091306,   1.865,9999.000,9999.000,9999.000,9999.000,9999.000,9999.000,9999.000,9999.000
202608091312,   1.723,9999.000,9999.000,9999.000,9999.000,9999.000,9999.000,9999.000,9999.000
202608091318,   1.585,9999.000,9999.000,9999.000,9999.000,9999.000,9999.000,9999.000,9999.000
202608091324,   1.451,9999.000,9999.000,9999.000,9999.000,9999.000,9999.000,9999.000,9999.000
202608091330,   1.321,9999.000,9999.000,9999.000,9999.000,9999.000,9999.000,9999.000,9999.000
202608091336,   1.195,9999.000,9999.000,9999.000,9999.000,9999.000,9999.000,9999.000,9999.000
202608091342,   1.074,9999.000,9999.000,9999.000,9999.000,9999.000,9999.000,9999.000,9999.000
202608091348,   0.957,9999.000,9999.000,9999.000,9999.000,9999.000,9999.000,9999.000,9999.000
202608091354,   0.844,9999.000,9999.000,9999.000,9999.000,9999.000,9999.000,9999.000,9999.000
202608091400,   0.736,9999.000,   0.200,9999.000,   0.936,   0.200,   0.936,   0.200,   0.936
202608091406,   0.632,9999.000,9999.000,9999.000,9999.000,9999.000,9999.000,9999.000,9999.000
202608091412,   0.533,9999.000,9999.000,9999.000,9999.000,9999.000,9999.000,9999.000,9999.000
202608091418,   0.440,9999.000,9999.000,9999.000,9999.000,9999.000,9999.000,9999.000,9999.000
202608091424,   0.351,9999.000,9999.000,9999.000,9999.000,9999.000,9999.000,9999.000,9999.000
202608091430,   0.267,9999.000,9999.000,9999.000,9999.000,9999.000,9999.000,9999.000,9999.000
202608091436,   0.189,9999.000,9999.000,9999.000,9999.000,9999.000,9999.000,9999.000,9999.000
202608091442,   0.117,9999.000,9999.000,9999.000,9999.000,9999.000,9999.000,9999.000,9999.000
202608091448,   0.052,9999.000,9999.000,9999.000,9999.000,9999.000,9999.000,9999.000,9999.000
202608091454,  -0.007,9999.000,9999.000,9999.000,9999.000,9999.000,9999.000,9999.000,9999.000
202608091500,  -0.060,9999.000,   0.200,9999.000,   0.140,   0.100,   0.040,   0.200,   0.140
202608091506,  -0.105,9999.000,9999.000,9999.000,9999.000,9999.000,9999.000,9999.000,9999.000
202608091512,  -0.144,9999.000,9999.000,9999.000,9999.000,9999.000,9999.000,9999.000,9999.000
202608091518,  -0.175,9999.000,9999.000,9999.000,9999.000,9999.000,9999.000,9999.000,9999.000
202608091524,  -0.198,9999.000,9999.000,9999.000,9999.000,9999.000,9999.000,9999.000,9999.000
202608091530,  -0.213,9999.000,9999.000,9999.000,9999.000,9999.000,9999.000,9999.000,9999.000
202608091536,  -0.220,9999.000,9999.000,9999.000,9999.000,9999.000,9999.000,9999.000,9999.000
202608091542,  -0.219,9999.000,9999.000,9999.000,9999.000,9999.000,9999.000,9999.000,9999.000
202608091548,  -0.210,9999.000,9999.000,9999.000,9999.000,9999.000,9999.000,9999.000,9999.000
202608091554,  -0.192,9999.000,9999.000,9999.000,9999.000,9999.000,9999.000,9999.000,9999.000
202608091600,  -0.167,9999.000,   0.100,9999.000,  -0.067,   0.100,  -0.067,   0.200,   0.033
202608091606,  -0.132,9999.000,9999.000,9999.000,9999.000,9999.000,9999.000,9999.000,9999.000
202608091612,  -0.090,9999.000,9999.000,9999.000,9999.000,9999.000,9999.000,9999.000,9999.000
202608091618,  -0.040,9999.000,9999.000,9999.000,9999.000,9999.000,9999.000,9999.000,9999.000
202608091624,   0.018,9999.000,9999.000,9999.000,9999.000,9999.000,9999.000,9999.000,9999.000
202608091630,   0.084,9999.000,9999.000,9999.000,9999.000,9999.000,9999.000,9999.000,9999.000
202608091636,   0.157,9999.000,9999.000,9999.000,9999.000,9999.000,9999.000,9999.000,9999.000
202608091642,   0.239,9999.000,9999.000,9999.000,9999.000,9999.000,9999.000,9999.000,9999.000
202608091648,   0.328,9999.000,9999.000,9999.000,9999.000,9999.000,9999.000,9999.000,9999.000
202608091654,   0.424,9999.000,9999.000,9999.000,9999.000,9999.000,9999.000,9999.000,9999.000
202608091700,   0.527,9999.000,   0.100,9999.000,   0.627,   0.100,   0.627,   0.200,   0.727
202608091706,   0.638,9999.000,9999.000,9999.000,9999.000,9999.000,9999.000,9999.000,9999.000
202608091712,   0.755,9999.000,9999.000,9999.000,9999.000,9999.000,9999.000,9999.000,9999.000
202608091718,   0.880,9999.000,9999.000,9999.000,9999.000,9999.000,9999.000,9999.000,9999.000
202608091724,   1.012,9999.000,9999.000,9999.000,9999.000,9999.000,9999.000,9999.000,9999.000
202608091730,   1.150,9999.000,9999.000,9999.000,9999.000,9999.000,9999.000,9999.000,9999.000
202608091736,   1.296,9999.000,9999.000,9999.000,9999.000,9999.000,9999.000,9999.000,9999.000
202608091742,   1.448,9999.000,9999.000,9999.000,9999.000,9999.000,9999.000,9999.000,9999.000
202608091748,   1.607,9999.000,9999.000,9999.000,9999.000,9999.000,9999.000,9999.000,9999.000
202608091754,   1.772,9999.000,9999.000,9999.000,9999.000,9999.000,9999.000,9999.000,9999.000
202608091800,   1.945,9999.000,   0.200,9999.000,   2.145,   0.200,   2.145,   0.200,   2.145
202608091806,   2.123,9999.000,9999.000,9999.000,9999.000,9999.000,9999.000,9999.000,9999.000
202608091812,   2.307,9999.000,9999.000,9999.000,9999.000,9999.000,9999.000,9999.000,9999.000
202608091818,   2.497,9999.000,9999.000,9999.000,9999.000,9999.000,9999.000,9999.000,9999.000
202608091824,   2.692,9999.000,9999.000,9999.000,9999.000,9999.000,9999.000,9999.000,9999.000
202608091830,   2.891,9999.000,9999.000,9999.000,9999.000,9999.000,9999.000,9999.000,9999.000
202608091836,   3.095,9999.000,9999.000,9999.000,9999.000,9999.000,9999.000,9999.000,9999.000
202608091842,   3.302,9999.000,9999.000,9999.000,9999.000,9999.000,9999.000,9999.000,9999.000
202608091848,   3.512,9999.000,9999.000,9999.000,9999.000,9999.000,9999.000,9999.000,9999.000
202608091854,   3.723,9999.000,9999.000,9999.000,9999.000,9999.000,9999.000,9999.000,9999.000
202608091900,   3.936,   5.079,   0.200,   0.943,   4.136,   0.200,   4.136,   0.200,   4.136
202608091906,   4.148,9999.000,9999.000,9999.000,9999.000,9999.000,9999.000,9999.000,9999.000
202608091912,   4.359,9999.000,9999.000,9999.000,9999.000,9999.000,9999.000,9999.000,9999.000
202608091918,   4.568,9999.000,9999.000,9999.000,9999.000,9999.000,9999.000,9999.000,9999.000
202608091924,   4.774,9999.000,9999.000,9999.000,9999.000,9999.000,9999.000,9999.000,9999.000
202608091930,   4.976,   6.410,9999.000,9999.000,9999.000,9999.000,9999.000,9999.000,9999.000
202608091936,   5.173,9999.000,9999.000,9999.000,9999.000,9999.000,9999.000,9999.000,9999.000
202608091942,   5.364,9999.000,9999.000,9999.000,9999.000,9999.000,9999.000,9999.000,9999.000
202608091948,   5.548,9999.000,9999.000,9999.000,9999.000,9999.000,9999.000,9999.000,9999.000
202608091954,   5.725,9999.000,9999.000,9999.000,9999.000,9999.000,9999.000,9999.000,9999.000
202608092000,   5.893,   7.450,   0.200,   1.357,   6.093,   0.200,   6.093,   0.200,   6.093
202608092006,   6.052,9999.000,9999.000,9999.000,9999.000,9999.000,9999.000,9999.000,9999.000
202608092012,   6.202,9999.000,9999.000,9999.000,9999.000,9999.000,9999.000,9999.000,9999.000
202608092018,   6.342,9999.000,9999.000,9999.000,9999.000,9999.000,9999.000,9999.000,9999.000
202608092024,   6.472,9999.000,9999.000,9999.000,9999.000,9999.000,9999.000,9999.000,9999.000
202608092030,   6.591,   8.339,9999.000,9999.000,9999.000,9999.000,9999.000,9999.000,9999.000
202608092036,   6.701,9999.000,9999.000,9999.000,9999.000,9999.000,9999.000,9999.000,9999.000
202608092042,   6.800,9999.000,9999.000,9999.000,9999.000,9999.000,9999.000,9999.000,9999.000
202608092048,   6.889,9999.000,9999.000,9999.000,9999.000,9999.000,9999.000,9999.000,9999.000
202608092054,   6.968,9999.000,9999.000,9999.000,9999.000,9999.000,9999.000,9999.000,9999.000
202608092100,   7.038,   8.828,   0.200,   1.590,   7.238,   0.200,   7.238,   0.200,   7.238
202608092106,   7.099,9999.000,9999.000,9999.000,9999.000,9999.000,9999.000,9999.000,9999.000
202608092112,   7.151,9999.000,9999.000,9999.000,9999.000,9999.000,9999.000,9999.000,9999.000
202608092118,   7.194,9999.000,9999.000,9999.000,9999.000,9999.000,9999.000,9999.000,9999.000
202608092124,   7.229,9999.000,9999.000,9999.000,9999.000,9999.000,9999.000,9999.000,9999.000
202608092130,   7.257,   9.130,9999.000,9999.000,9999.000,9999.000,9999.000,9999.000,9999.000
202608092136,   7.277,9999.000,9999.000,9999.000,9999.000,9999.000,9999.000,9999.000,9999.000
202608092142,   7.291,9999.000,9999.000,9999.000,9999.000,9999.000,9999.000,9999.000,9999.000
202608092148,   7.297,9999.000,9999.000,9999.000,9999.000,9999.000,9999.000,9999.000,9999.000
202608092154,   7.297,9999.000,9999.000,9999.000,9999.000,9999.000,9999.000,9999.000,9999.000
202608092200,   7.290,   9.277,   0.200,   1.787,   7.490,   0.200,   7.490,   0.300,   7.590
202608092206,   7.277,9999.000,9999.000,9999.000,9999.000,9999.000,9999.000,9999.000,9999.000
202608092212,   7.258,9999.000,9999.000,9999.000,9999.000,9999.000,9999.000,9999.000,9999.000
202608092218,   7.232,9999.000,9999.000,9999.000,9999.000,9999.000,9999.000,9999.000,9999.000
202608092224,   7.200,9999.000,9999.000,9999.000,9999.000,9999.000,9999.000,9999.000,9999.000
202608092230,   7.161,   9.307,9999.000,9999.000,9999.000,9999.000,9999.000,9999.000,9999.000
202608092236,   7.114,9999.000,9999.000,9999.000,9999.000,9999.000,9999.000,9999.000,9999.000
202608092242,   7.061,9999.000,9999.000,9999.000,9999.000,9999.000,9999.000,9999.000,9999.000
202608092248,   7.001,9999.000,9999.000,9999.000,9999.000,9999.000,9999.000,9999.000,9999.000
202608092254,   6.933,9999.000,9999.000,9999.000,9999.000,9999.000,9999.000,9999.000,9999.000
202608092300,   6.857,   9.228,   0.200,   2.171,   7.057,   0.200,   7.057,   0.300,   7.157
202608092306,   6.774,9999.000,9999.000,9999.000,9999.000,9999.000,9999.000,9999.000,9999.000
202608092312,   6.682,9999.000,9999.000,9999.000,9999.000,9999.000,9999.000,9999.000,9999.000
202608092318,   6.583,9999.000,9999.000,9999.000,9999.000,9999.000,9999.000,9999.000,9999.000
202608092324,   6.477,9999.000,9999.000,9999.000,9999.000,9999.000,9999.000,9999.000,9999.000
202608092330,   6.362,   9.008,9999.000,9999.000,9999.000,9999.000,9999.000,9999.000,9999.000
202608092336,   6.241,9999.000,9999.000,9999.000,9999.000,9999.000,9999.000,9999.000,9999.000
202608092342,   6.112,9999.000,9999.000,9999.000,9999.000,9999.000,9999.000,9999.000,9999.000
202608092348,   5.976,9999.000,9999.000,9999.000,9999.000,9999.000,9999.000,9999.000,9999.000
202608092354,   5.835,9999.000,9999.000,9999.000,9999.000,9999.000,9999.000,9999.000,9999.000
202608100000,   5.687,   8.579,   0.200,   2.692,   5.887,   0.200,   5.887,   0.200,   5.887
202608100006,   5.535,9999.000,9999.000,9999.000,9999.000,9999.000,9999.000,9999.000,9999.000
202608100012,   5.378,9999.000,9999.000,9999.000,9999.000,9999.000,9999.000,9999.000,9999.000
202608100018,   5.217,9999.000,9999.000,9999.000,9999.000,9999.000,9999.000,9999.000,9999.000
202608100024,   5.052,9999.000,9999.000,9999.000,9999.000,9999.000,9999.000,9999.000,9999.000
202608100030,   4.886,   7.968,9999.000,9999.000,9999.000,9999.000,9999.000,9999.000,9999.000
202608100036,   4.717,9999.000,9999.000,9999.000,9999.000,9999.000,9999.000,9999.000,9999.000
202608100042,   4.547,9999.000,9999.000,9999.000,9999.000,9999.000,9999.000,9999.000,9999.000
202608100048,   4.377,9999.000,9999.000,9999.000,9999.000,9999.000,9999.000,9999.000,9999.000
202608100054,   4.206,9999.000,9999.000,9999.000,9999.000,9999.000,9999.000,9999.000,9999.000
202608100100,   4.036,   7.119,   0.200,   2.883,   4.236,   0.200,   4.236,   0.200,   4.236
202608100106,   3.867,9999.000,9999.000,9999.000,9999.000,9999.000,9999.000,9999.000,9999.000
202608100112,   3.699,9999.000,9999.000,9999.000,9999.000,9999.000,9999.000,9999.000,9999.000
202608100118,   3.533,9999.000,9999.000,9999.000,9999.000,9999.000,9999.000,9999.000,9999.000
202608100124,   3.369,9999.000,9999.000,9999.000,9999.000,9999.000,9999.000,9999.000,9999.000
202608100130,   3.207,   6.020,9999.000,9999.000,9999.000,9999.000,9999.000,9999.000,9999.000
202608100136,   3.047,9999.000,9999.000,9999.000,9999.000,9999.000,9999.000,9999.000,9999.000
202608100142,   2.889,9999.000,9999.000,9999.000,9999.000,9999.000,9999.000,9999.000,9999.000
202608100148,   2.734,9999.000,9999.000,9999.000,9999.000,9999.000,9999.000,9999.000,9999.000
202608100154,   2.582,9999.000,9999.000,9999.000,9999.000,9999.000,9999.000,9999.000,9999.000
202608100200,   2.433,   4.849,   0.200,   2.216,   2.633,   0.200,   2.633,   0.200,   2.633
202608100206,   2.286,9999.000,9999.000,9999.000,9999.000,9999.000,9999.000,9999.000,9999.000
202608100212,   2.142,9999.000,9999.000,9999.000,9999.000,9999.000,9999.000,9999.000,9999.000
202608100218,   2.001,9999.000,9999.000,9999.000,9999.000,9999.000,9999.000,9999.000,9999.000
202608100224,   1.863,9999.000,9999.000,9999.000,9999.000,9999.000,9999.000,9999.000,9999.000
202608100230,   1.728,9999.000,9999.000,9999.000,9999.000,9999.000,9999.000,9999.000,9999.000
202608100236,   1.596,9999.000,9999.000,9999.000,9999.000,9999.000,9999.000,9999.000,9999.000
202608100242,   1.467,9999.000,9999.000,9999.000,9999.000,9999.000,9999.000,9999.000,9999.000
202608100248,   1.343,9999.000,9999.000,9999.000,9999.000,9999.000,9999.000,9999.000,9999.000
202608100254,   1.222,9999.000,9999.000,9999.000,9999.000,9999.000,9999.000,9999.000,9999.000
202608100300,   1.105,9999.000,   0.200,9999.000,   1.305,   0.200,   1.305,   0.200,   1.305
202608100306,   0.993,9999.000,9999.000,9999.000,9999.000,9999.000,9999.000,9999.000,9999.000
202608100312,   0.885,9999.000,9999.000,9999.000,9999.000,9999.000,9999.000,9999.000,9999.000
202608100318,   0.783,9999.000,9999.000,9999.000,9999.000,9999.000,9999.000,9999.000,9999.000
202608100324,   0.687,9999.000,9999.000,9999.000,9999.000,9999.000,9999.000,9999.000,9999.000
202608100330,   0.596,9999.000,9999.000,9999.000,9999.000,9999.000,9999.000,9999.000,9999.000
202608100336,   0.511,9999.000,9999.000,9999.000,9999.000,9999.000,9999.000,9999.000,9999.000
202608100342,   0.434,9999.000,9999.000,9999.000,9999.000,9999.000,9999.000,9999.000,9999.000
202608100348,   0.363,9999.000,9999.000,9999.000,9999.000,9999.000,9999.000,9999.000,9999.000
202608100354,   0.299,9999.000,9999.000,9999.000,9999.000,9999.000,9999.000,9999.000,9999.000
202608100400,   0.243,9999.000,   0.200,9999.000,   0.443,   0.200,   0.443,   0.200,   0.443
202608100406,   0.194,9999.000,9999.000,9999.000,9999.000,9999.000,9999.000,9999.000,9999.000
202608100412,   0.153,9999.000,9999.000,9999.000,9999.000,9999.000,9999.000,9999.000,9999.000
202608100418,   0.121,9999.000,9999.000,9999.000,9999.000,9999.000,9999.000,9999.000,9999.000
202608100424,   0.096,9999.000,9999.000,9999.000,9999.000,9999.000,9999.000,9999.000,9999.000
202608100430,   0.079,9999.000,9999.000,9999.000,9999.000,9999.000,9999.000,9999.000,9999.000
202608100436,   0.071,9999.000,9999.000,9999.000,9999.000,9999.000,9999.000,9999.000,9999.000
202608100442,   0.071,9999.000,9999.000,9999.000,9999.000,9999.000,9999.000,9999.000,9999.000
202608100448,   0.078,9999.000,9999.000,9999.000,9999.000,9999.000,9999.000,9999.000,9999.000
202608100454,   0.094,9999.000,9999.000,9999.000,9999.000,9999.000,9999.000,9999.000,9999.000
202608100500,   0.119,9999.000,   0.200,9999.000,   0.319,   0.200,   0.319,   0.200,   0.319
202608100506,   0.151,9999.000,9999.000,9999.000,9999.000,9999.000,9999.000,9999.000,9999.000
202608100512,   0.191,9999.000,9999.000,9999.000,9999.000,9999.000,9999.000,9999.000,9999.000
202608100518,   0.239,9999.000,9999.000,9999.000,9999.000,9999.000,9999.000,9999.000,9999.000
202608100524,   0.295,9999.000,9999.000,9999.000,9999.000,9999.000,9999.000,9999.000,9999.000
202608100530,   0.359,9999.000,9999.000,9999.000,9999.000,9999.000,9999.000,9999.000,9999.000
202608100536,   0.431,9999.000,9999.000,9999.000,9999.000,9999.000,9999.000,9999.000,9999.000
202608100542,   0.511,9999.000,9999.000,9999.000,9999.000,9999.000,9999.000,9999.000,9999.000
202608100548,   0.599,9999.000,9999.000,9999.000,9999.000,9999.000,9999.000,9999.000,9999.000
202608100554,   0.695,9999.000,9999.000,9999.000,9999.000,9999.000,9999.000,9999.000,9999.000
202608100600,   0.799,9999.000,   0.100,9999.000,   0.899,   0.100,   0.899,   0.100,   0.899
202608100606,   0.911,9999.000,9999.000,9999.000,9999.000,9999.000,9999.000,9999.000,9999.000
202608100612,   1.030,9999.000,9999.000,9999.000,9999.000,9999.000,9999.000,9999.000,9999.000
202608100618,   1.158,9999.000,9999.000,9999.000,9999.000,9999.000,9999.000,9999.000,9999.000
202608100624,   1.293,9999.000,9999.000,9999.000,9999.000,9999.000,9999.000,9999.000,9999.000
202608100630,   1.436,9999.000,9999.000,9999.000,9999.000,9999.000,9999.000,9999.000,9999.000
202608100636,   1.587,9999.000,9999.000,9999.000,9999.000,9999.000,9999.000,9999.000,9999.000
202608100642,   1.744,9999.000,9999.000,9999.000,9999.000,9999.000,9999.000,9999.000,9999.000
202608100648,   1.907,9999.000,9999.000,9999.000,9999.000,9999.000,9999.000,9999.000,9999.000
202608100654,   2.077,9999.000,9999.000,9999.000,9999.000,9999.000,9999.000,9999.000,9999.000
202608100700,   2.252,9999.000,   0.100,9999.000,   2.352,   0.000,   2.252,   0.100,   2.352
202608100706,   2.432,9999.000,9999.000,9999.000,9999.000,9999.000,9999.000,9999.000,9999.000
202608100712,   2.617,9999.000,9999.000,9999.000,9999.000,9999.000,9999.000,9999.000,9999.000
202608100718,   2.804,9999.000,9999.000,9999.000,9999.000,9999.000,9999.000,9999.000,9999.000
202608100724,   2.993,9999.000,9999.000,9999.000,9999.000,9999.000,9999.000,9999.000,9999.000
202608100730,   3.184,   4.429,9999.000,9999.000,9999.000,9999.000,9999.000,9999.000,9999.000
202608100736,   3.375,9999.000,9999.000,9999.000,9999.000,9999.000,9999.000,9999.000,9999.000
202608100742,   3.566,9999.000,9999.000,9999.000,9999.000,9999.000,9999.000,9999.000,9999.000
202608100748,   3.755,9999.000,9999.000,9999.000,9999.000,9999.000,9999.000,9999.000,9999.000
202608100754,   3.941,9999.000,9999.000,9999.000,9999.000,9999.000,9999.000,9999.000,9999.000
202608100800,   4.123,   5.381,   0.000,   1.258,   4.123,   0.000,   4.123,   0.100,   4.223
202608100806,   4.300,9999.000,9999.000,9999.000,9999.000,9999.000,9999.000,9999.000,9999.000
202608100812,   4.472,9999.000,9999.000,9999.000,9999.000,9999.000,9999.000,9999.000,9999.000
202608100818,   4.637,9999.000,9999.000,9999.000,9999.000,9999.000,9999.000,9999.000,9999.000
202608100824,   4.795,9999.000,9999.000,9999.000,9999.000,9999.000,9999.000,9999.000,9999.000
202608100830,   4.944,   6.430,9999.000,9999.000,9999.000,9999.000,9999.000,9999.000,9999.000
202608100836,   5.086,9999.000,9999.000,9999.000,9999.000,9999.000,9999.000,9999.000,9999.000
202608100842,   5.218,9999.000,9999.000,9999.000,9999.000,9999.000,9999.000,9999.000,9999.000
202608100848,   5.341,9999.000,9999.000,9999.000,9999.000,9999.000,9999.000,9999.000,9999.000
202608100854,   5.454,9999.000,9999.000,9999.000,9999.000,9999.000,9999.000,9999.000,9999.000
202608100900,   5.558,   6.968,   0.000,   1.410,   5.558,   0.000,   5.558,   0.000,   5.558
202608100906,   5.653,9999.000,9999.000,9999.000,9999.000,9999.000,9999.000,9999.000,9999.000
202608100912,   5.737,9999.000,9999.000,9999.000,9999.000,9999.000,9999.000,9999.000,9999.000
202608100918,   5.813,9999.000,9999.000,9999.000,9999.000,9999.000,9999.000,9999.000,9999.000
202608100924,   5.879,9999.000,9999.000,9999.000,9999.000,9999.000,9999.000,9999.000,9999.000
202608100930,   5.937,   7.598,9999.000,9999.000,9999.000,9999.000,9999.000,9999.000,9999.000
202608100936,   5.986,9999.000,9999.000,9999.000,9999.000,9999.000,9999.000,9999.000,9999.000
202608100942,   6.027,9999.000,9999.000,9999.000,9999.000,9999.000,9999.000,9999.000,9999.000
202608100948,   6.061,9999.000,9999.000,9999.000,9999.000,9999.000,9999.000,9999.000,9999.000
202608100954,   6.087,9999.000,9999.000,9999.000,9999.000,9999.000,9999.000,9999.000,9999.000
202608101000,   6.107,   7.959,   0.000,   1.852,   6.107,   0.000,   6.107,   0.000,   6.107
202608101006,   6.119,9999.000,9999.000,9999.000,9999.000,9999.000,9999.000,9999.000,9999.000
202608101012,   6.126,9999.000,9999.000,9999.000,9999.000,9999.000,9999.000,9999.000,9999.000
202608101018,   6.126,9999.000,9999.000,9999.000,9999.000,9999.000,9999.000,9999.000,9999.000
202608101024,   6.120,9999.000,9999.000,9999.000,9999.000,9999.000,9999.000,9999.000,9999.000
202608101030,   6.108,   8.057,9999.000,9999.000,9999.000,9999.000,9999.000,9999.000,9999.000
202608101036,   6.090,9999.000,9999.000,9999.000,9999.000,9999.000,9999.000,9999.000,9999.000
202608101042,   6.066,9999.000,9999.000,9999.000,9999.000,9999.000,9999.000,9999.000,9999.000
202608101048,   6.036,9999.000,9999.000,9999.000,9999.000,9999.000,9999.000,9999.000,9999.000
202608101054,   6.000,9999.000,9999.000,9999.000,9999.000,9999.000,9999.000,9999.000,9999.000
202608101100,   5.957,   7.998,   0.000,   2.041,   5.957,   0.000,   5.957,   0.000,   5.957
202608101106,   5.908,9999.000,9999.000,9999.000,9999.000,9999.000,9999.000,9999.000,9999.000
202608101112,   5.851,9999.000,9999.000,9999.000,9999.000,9999.000,9999.000,9999.000,9999.000
202608101118,   5.788,9999.000,9999.000,9999.000,9999.000,9999.000,9999.000,9999.000,9999.000
202608101124,   5.718,9999.000,9999.000,9999.000,9999.000,9999.000,9999.000,9999.000,9999.000
202608101130,   5.640,   7.870,9999.000,9999.000,9999.000,9999.000,9999.000,9999.000,9999.000
202608101136,   5.555,9999.000,9999.000,9999.000,9999.000,9999.000,9999.000,9999.000,9999.000
202608101142,   5.463,9999.000,9999.000,9999.000,9999.000,9999.000,9999.000,9999.000,9999.000
202608101148,   5.364,9999.000,9999.000,9999.000,9999.000,9999.000,9999.000,9999.000,9999.000
202608101154,   5.257,9999.000,9999.000,9999.000,9999.000,9999.000,9999.000,9999.000,9999.000
202608101200,   5.143,   7.598,   0.000,   2.455,   5.143,   0.000,   5.143,   0.000,   5.143
202608101206,   5.023,9999.000,9999.000,9999.000,9999.000,9999.000,9999.000,9999.000,9999.000
202608101212,   4.896,9999.000,9999.000,9999.000,9999.000,9999.000,9999.000,9999.000,9999.000
202608101218,   4.764,9999.000,9999.000,9999.000,9999.000,9999.000,9999.000,9999.000,9999.000
202608101224,   4.626,9999.000,9999.000,9999.000,9999.000,9999.000,9999.000,9999.000,9999.000
202608101230,   4.484,   7.129,9999.000,9999.000,9999.000,9999.000,9999.000,9999.000,9999.000
202608101236,   4.337,9999.000,9999.000,9999.000,9999.000,9999.000,9999.000,9999.000,9999.000
202608101242,   4.187,9999.000,9999.000,9999.000,9999.000,9999.000,9999.000,9999.000,9999.000
202608101248,   4.033,9999.000,9999.000,9999.000,9999.000,9999.000,9999.000,9999.000,9999.000
202608101254,   3.878,9999.000,9999.000,9999.000,9999.000,9999.000,9999.000,9999.000,9999.000
202608101300,   3.721,   6.348,   0.000,   2.627,   3.721,   0.000,   3.721,   0.000,   3.721
202608101306,   3.563,9999.000,9999.000,9999.000,9999.000,9999.000,9999.000,9999.000,9999.000
202608101312,   3.405,9999.000,9999.000,9999.000,9999.000,9999.000,9999.000,9999.000,9999.000
202608101318,   3.247,9999.000,9999.000,9999.000,9999.000,9999.000,9999.000,9999.000,9999.000
202608101324,   3.089,9999.000,9999.000,9999.000,9999.000,9999.000,9999.000,9999.000,9999.000
202608101330,   2.933,   5.171,9999.000,9999.000,9999.000,9999.000,9999.000,9999.000,9999.000
202608101336,   2.779,9999.000,9999.000,9999.000,9999.000,9999.000,9999.000,9999.000,9999.000
202608101342,   2.626,9999.000,9999.000,9999.000,9999.000,9999.000,9999.000,9999.000,9999.000
202608101348,   2.476,9999.000,9999.000,9999.000,9999.000,9999.000,9999.000,9999.000,9999.000
202608101354,   2.328,9999.000,9999.000,9999.000,9999.000,9999.000,9999.000,9999.000,9999.000
202608101400,   2.182,9999.000,   0.000,9999.000,   2.182,   0.000,   2.182,   0.000,   2.182
202608101406,   2.040,9999.000,9999.000,9999.000,9999.000,9999.000,9999.000,9999.000,9999.000
202608101412,   1.900,9999.000,9999.000,9999.000,9999.000,9999.000,9999.000,9999.000,9999.000
202608101418,   1.763,9999.000,9999.000,9999.000,9999.000,9999.000,9999.000,9999.000,9999.000
202608101424,   1.629,9999.000,9999.000,9999.000,9999.000,9999.000,9999.000,9999.000,9999.000
202608101430,   1.498,9999.000,9999.000,9999.000,9999.000,9999.000,9999.000,9999.000,9999.000
202608101436,   1.371,9999.000,9999.000,9999.000,9999.000,9999.000,9999.000,9999.000,9999.000
202608101442,   1.246,9999.000,9999.000,9999.000,9999.000,9999.000,9999.000,9999.000,9999.000
202608101448,   1.124,9999.000,9999.000,9999.000,9999.000,9999.000,9999.000,9999.000,9999.000
202608101454,   1.006,9999.000,9999.000,9999.000,9999.000,9999.000,9999.000,9999.000,9999.000
202608101500,   0.892,9999.000,   0.000,9999.000,   0.892,   0.000,   0.892,   0.000,   0.892
202608101506,   0.780,9999.000,9999.000,9999.000,9999.000,9999.000,9999.000,9999.000,9999.000
202608101512,   0.673,9999.000,9999.000,9999.000,9999.000,9999.000,9999.000,9999.000,9999.000
202608101518,   0.570,9999.000,9999.000,9999.000,9999.000,9999.000,9999.000,9999.000,9999.000
202608101524,   0.472,9999.000,9999.000,9999.000,9999.000,9999.000,9999.000,9999.000,9999.000
202608101530,   0.378,9999.000,9999.000,9999.000,9999.000,9999.000,9999.000,9999.000,9999.000
202608101536,   0.289,9999.000,9999.000,9999.000,9999.000,9999.000,9999.000,9999.000,9999.000
202608101542,   0.205,9999.000,9999.000,9999.000,9999.000,9999.000,9999.000,9999.000,9999.000
202608101548,   0.128,9999.000,9999.000,9999.000,9999.000,9999.000,9999.000,9999.000,9999.000
202608101554,   0.056,9999.000,9999.000,9999.000,9999.000,9999.000,9999.000,9999.000,9999.000
202608101600,  -0.008,9999.000,   0.000,9999.000,  -0.008,   0.000,  -0.008,   0.000,  -0.008
202608101606,  -0.066,9999.000,9999.000,9999.000,9999.000,9999.000,9999.000,9999.000,9999.000
202608101612,  -0.117,9999.000,9999.000,9999.000,9999.000,9999.000,9999.000,9999.000,9999.000
202608101618,  -0.160,9999.000,9999.000,9999.000,9999.000,9999.000,9999.000,9999.000,9999.000
202608101624,  -0.196,9999.000,9999.000,9999.000,9999.000,9999.000,9999.000,9999.000,9999.000
202608101630,  -0.223,9999.000,9999.000,9999.000,9999.000,9999.000,9999.000,9999.000,9999.000
202608101636,  -0.243,9999.000,9999.000,9999.000,9999.000,9999.000,9999.000,9999.000,9999.000
202608101642,  -0.254,9999.000,9999.000,9999.000,9999.000,9999.000,9999.000,9999.000,9999.000
202608101648,  -0.256,9999.000,9999.000,9999.000,9999.000,9999.000,9999.000,9999.000,9999.000
202608101654,  -0.250,9999.000,9999.000,9999.000,9999.000,9999.000,9999.000,9999.000,9999.000
202608101700,  -0.235,9999.000,   0.000,9999.000,  -0.235,   0.000,  -0.235,   0.000,  -0.235
202608101706,  -0.212,9999.000,9999.000,9999.000,9999.000,9999.000,9999.000,9999.000,9999.000
202608101712,  -0.181,9999.000,9999.000,9999.000,9999.000,9999.000,9999.000,9999.000,9999.000
202608101718,  -0.140,9999.000,9999.000,9999.000,9999.000,9999.000,9999.000,9999.000,9999.000
202608101724,  -0.092,9999.000,9999.000,9999.000,9999.000,9999.000,9999.000,9999.000,9999.000
202608101730,  -0.034,9999.000,9999.000,9999.000,9999.000,9999.000,9999.000,9999.000,9999.000
202608101736,   0.030,9999.000,9999.000,9999.000,9999.000,9999.000,9999.000,9999.000,9999.000
202608101742,   0.104,9999.000,9999.000,9999.000,9999.000,9999.000,9999.000,9999.000,9999.000
202608101748,   0.187,9999.000,9999.000,9999.000,9999.000,9999.000,9999.000,9999.000,9999.000
202608101754,   0.277,9999.000,9999.000,9999.000,9999.000,9999.000,9999.000,9999.000,9999.000
202608101800,   0.376,9999.000,   0.000,9999.000,   0.376,   0.000,   0.376,   0.000,   0.376
202608101806,   0.483,9999.000,9999.000,9999.000,9999.000,9999.000,9999.000,9999.000,9999.000
202608101812,   0.599,9999.000,9999.000,9999.000,9999.000,9999.000,9999.000,9999.000,9999.000
202608101818,   0.722,9999.000,9999.000,9999.000,9999.000,9999.000,9999.000,9999.000,9999.000
202608101824,   0.854,9999.000,9999.000,9999.000,9999.000,9999.000,9999.000,9999.000,9999.000
202608101830,   0.994,9999.000,9999.000,9999.000,9999.000,9999.000,9999.000,9999.000,9999.000
202608101836,   1.143,9999.000,9999.000,9999.000,9999.000,9999.000,9999.000,9999.000,9999.000
202608101842,   1.299,9999.000,9999.000,9999.000,9999.000,9999.000,9999.000,9999.000,9999.000
202608101848,   1.463,9999.000,9999.000,9999.000,9999.000,9999.000,9999.000,9999.000,9999.000
202608101854,   1.634,9999.000,9999.000,9999.000,9999.000,9999.000,9999.000,9999.000,9999.000
202608101900,   1.814,9999.000,   0.000,9999.000,   1.814,   0.000,   1.814,   0.000,   1.814
202608101906,   2.000,9999.000,9999.000,9999.000,9999.000,9999.000,9999.000,9999.000,9999.000
202608101912,   2.192,9999.000,9999.000,9999.000,9999.000,9999.000,9999.000,9999.000,9999.000
202608101918,   2.391,9999.000,9999.000,9999.000,9999.000,9999.000,9999.000,9999.000,9999.000
202608101924,   2.595,9999.000,9999.000,9999.000,9999.000,9999.000,9999.000,9999.000,9999.000
202608101930,   2.804,9999.000,9999.000,9999.000,9999.000,9999.000,9999.000,9999.000,9999.000
202608101936,   3.017,9999.000,9999.000,9999.000,9999.000,9999.000,9999.000,9999.000,9999.000
202608101942,   3.233,9999.000,9999.000,9999.000,9999.000,9999.000,9999.000,9999.000,9999.000
202608101948,   3.451,9999.000,9999.000,9999.000,9999.000,9999.000,9999.000,9999.000,9999.000
202608101954,   3.670,9999.000,9999.000,9999.000,9999.000,9999.000,9999.000,9999.000,9999.000
202608102000,   3.890,   4.849,   0.000,   0.959,   3.890,   0.000,   3.890,   0.000,   3.890
202608102006,   4.108,9999.000,9999.000,9999.000,9999.000,9999.000,9999.000,9999.000,9999.000
202608102012,   4.325,9999.000,9999.000,9999.000,9999.000,9999.000,9999.000,9999.000,9999.000
202608102018,   4.539,9999.000,9999.000,9999.000,9999.000,9999.000,9999.000,9999.000,9999.000
202608102024,   4.748,9999.000,9999.000,9999.000,9999.000,9999.000,9999.000,9999.000,9999.000
202608102030,   4.953,   6.328,9999.000,9999.000,9999.000,9999.000,9999.000,9999.000,9999.000
202608102036,   5.151,9999.000,9999.000,9999.000,9999.000,9999.000,9999.000,9999.000,9999.000
202608102042,   5.342,9999.000,9999.000,9999.000,9999.000,9999.000,9999.000,9999.000,9999.000
202608102048,   5.526,9999.000,9999.000,9999.000,9999.000,9999.000,9999.000,9999.000,9999.000
202608102054,   5.701,9999.000,9999.000,9999.000,9999.000,9999.000,9999.000,9999.000,9999.000
202608102100,   5.868,   7.470,   0.000,   1.602,   5.868,   0.000,   5.868,   0.000,   5.868
202608102106,   6.024,9999.000,9999.000,9999.000,9999.000,9999.000,9999.000,9999.000,9999.000
202608102112,   6.171,9999.000,9999.000,9999.000,9999.000,9999.000,9999.000,9999.000,9999.000
202608102118,   6.308,9999.000,9999.000,9999.000,9999.000,9999.000,9999.000,9999.000,9999.000
202608102124,   6.435,9999.000,9999.000,9999.000,9999.000,9999.000,9999.000,9999.000,9999.000
202608102130,   6.551,   8.398,9999.000,9999.000,9999.000,9999.000,9999.000,9999.000,9999.000
202608102136,   6.658,9999.000,9999.000,9999.000,9999.000,9999.000,9999.000,9999.000,9999.000
202608102142,   6.754,9999.000,9999.000,9999.000,9999.000,9999.000,9999.000,9999.000,9999.000
202608102148,   6.841,9999.000,9999.000,9999.000,9999.000,9999.000,9999.000,9999.000,9999.000
202608102154,   6.918,9999.000,9999.000,9999.000,9999.000,9999.000,9999.000,9999.000,9999.000
202608102200,   6.986,   8.998,   0.000,   2.012,   6.986,   0.000,   6.986,   0.000,   6.986
202608102206,   7.046,9999.000,9999.000,9999.000,9999.000,9999.000,9999.000,9999.000,9999.000
202608102212,   7.097,9999.000,9999.000,9999.000,9999.000,9999.000,9999.000,9999.000,9999.000
202608102218,   7.141,9999.000,9999.000,9999.000,9999.000,9999.000,9999.000,9999.000,9999.000
202608102224,   7.177,9999.000,9999.000,9999.000,9999.000,9999.000,9999.000,9999.000,9999.000
202608102230,   7.206,   9.287,9999.000,9999.000,9999.000,9999.000,9999.000,9999.000,9999.000
202608102236,   7.228,9999.000,9999.000,9999.000,9999.000,9999.000,9999.000,9999.000,9999.000
202608102242,   7.243,9999.000,9999.000,9999.000,9999.000,9999.000,9999.000,9999.000,9999.000
202608102248,   7.252,9999.000,9999.000,9999.000,9999.000,9999.000,9999.000,9999.000,9999.000
202608102254,   7.254,9999.000,9999.000,9999.000,9999.000,9999.000,9999.000,9999.000,9999.000
202608102300,   7.250,   9.507,   0.000,   2.257,   7.250,   0.000,   7.250,   0.000,   7.250
202608102306,   7.239,9999.000,9999.000,9999.000,9999.000,9999.000,9999.000,9999.000,9999.000
202608102312,   7.222,9999.000,9999.000,9999.000,9999.000,9999.000,9999.000,9999.000,9999.000
202608102318,   7.198,9999.000,9999.000,9999.000,9999.000,9999.000,9999.000,9999.000,9999.000
202608102324,   7.168,9999.000,9999.000,9999.000,9999.000,9999.000,9999.000,9999.000,9999.000
202608102330,   7.130,   9.648,9999.000,9999.000,9999.000,9999.000,9999.000,9999.000,9999.000
202608102336,   7.085,9999.000,9999.000,9999.000,9999.000,9999.000,9999.000,9999.000,9999.000
202608102342,   7.033,9999.000,9999.000,9999.000,9999.000,9999.000,9999.000,9999.000,9999.000
202608102348,   6.974,9999.000,9999.000,9999.000,9999.000,9999.000,9999.000,9999.000,9999.000
202608102354,   6.906,9999.000,9999.000,9999.000,9999.000,9999.000,9999.000,9999.000,9999.000
202608110000,   6.831,   9.648,   0.000,   2.817,   6.831,   0.000,   6.831,   0.100,   6.931
202608110006,   6.748,9999.000,9999.000,9999.000,9999.000,9999.000,9999.000,9999.000,9999.000
202608110012,   6.656,9999.000,9999.000,9999.000,9999.000,9999.000,9999.000,9999.000,9999.000
202608110018,   6.558,9999.000,9999.000,9999.000,9999.000,9999.000,9999.000,9999.000,9999.000
202608110024,   6.451,9999.000,9999.000,9999.000,9999.000,9999.000,9999.000,9999.000,9999.000
202608110030,   6.338,   9.428,9999.000,9999.000,9999.000,9999.000,9999.000,9999.000,9999.000
202608110036,   6.217,9999.000,9999.000,9999.000,9999.000,9999.000,9999.000,9999.000,9999.000
202608110042,   6.089,9999.000,9999.000,9999.000,9999.000,9999.000,9999.000,9999.000,9999.000
202608110048,   5.956,9999.000,9999.000,9999.000,9999.000,9999.000,9999.000,9999.000,9999.000
202608110054,   5.816,9999.000,9999.000,9999.000,9999.000,9999.000,9999.000,9999.000,9999.000
202608110100,   5.672,   8.920,   0.000,   3.248,   5.672,   0.000,   5.672,   0.100,   5.772
202608110106,   5.522,9999.000,9999.000,9999.000,9999.000,9999.000,9999.000,9999.000,9999.000
202608110112,   5.369,9999.000,9999.000,9999.000,9999.000,9999.000,9999.000,9999.000,9999.000
202608110118,   5.213,9999.000,9999.000,9999.000,9999.000,9999.000,9999.000,9999.000,9999.000
202608110124,   5.053,9999.000,9999.000,9999.000,9999.000,9999.000,9999.000,9999.000,9999.000
202608110130,   4.892,   8.159,9999.000,9999.000,9999.000,9999.000,9999.000,9999.000,9999.000
202608110136,   4.729,9999.000,9999.000,9999.000,9999.000,9999.000,9999.000,9999.000,9999.000
202608110142,   4.565,9999.000,9999.000,9999.000,9999.000,9999.000,9999.000,9999.000,9999.000
202608110148,   4.400,9999.000,9999.000,9999.000,9999.000,9999.000,9999.000,9999.000,9999.000
202608110154,   4.235,9999.000,9999.000,9999.000,9999.000,9999.000,9999.000,9999.000,9999.000
202608110200,   4.070,   7.250,   0.000,   3.180,   4.070,   0.000,   4.070,   0.000,   4.070
202608110206,   3.906,9999.000,9999.000,9999.000,9999.000,9999.000,9999.000,9999.000,9999.000
202608110212,   3.743,9999.000,9999.000,9999.000,9999.000,9999.000,9999.000,9999.000,9999.000
202608110218,   3.580,9999.000,9999.000,9999.000,9999.000,9999.000,9999.000,9999.000,9999.000
202608110224,   3.419,9999.000,9999.000,9999.000,9999.000,9999.000,9999.000,9999.000,9999.000
202608110230,   3.259,   6.099,9999.000,9999.000,9999.000,9999.000,9999.000,9999.000,9999.000
202608110236,   3.100,9999.000,9999.000,9999.000,9999.000,9999.000,9999.000,9999.000,9999.000
202608110242,   2.943,9999.000,9999.000,9999.000,9999.000,9999.000,9999.000,9999.000,9999.000
202608110248,   2.787,9999.000,9999.000,9999.000,9999.000,9999.000,9999.000,9999.000,9999.000
202608110254,   2.633,9999.000,9999.000,9999.000,9999.000,9999.000,9999.000,9999.000,9999.000
202608110300,   2.480,   4.879,   0.000,   2.399,   2.480,   0.000,   2.480,   0.100,   2.580
202608110306,   2.329,9999.000,9999.000,9999.000,9999.000,9999.000,9999.000,9999.000,9999.000
202608110312,   2.179,9999.000,9999.000,9999.000,9999.000,9999.000,9999.000,9999.000,9999.000
202608110318,   2.032,9999.000,9999.000,9999.000,9999.000,9999.000,9999.000,9999.000,9999.000
202608110324,   1.886,9999.000,9999.000,9999.000,9999.000,9999.000,9999.000,9999.000,9999.000
202608110330,   1.743,9999.000,9999.000,9999.000,9999.000,9999.000,9999.000,9999.000,9999.000
202608110336,   1.603,9999.000,9999.000,9999.000,9999.000,9999.000,9999.000,9999.000,9999.000
202608110342,   1.465,9999.000,9999.000,9999.000,9999.000,9999.000,9999.000,9999.000,9999.000
202608110348,   1.330,9999.000,9999.000,9999.000,9999.000,9999.000,9999.000,9999.000,9999.000
202608110354,   1.199,9999.000,9999.000,9999.000,9999.000,9999.000,9999.000,9999.000,9999.000
202608110400,   1.072,9999.000,   0.000,9999.000,   1.072,   0.000,   1.072,   0.100,   1.172
202608110406,   0.949,9999.000,9999.000,9999.000,9999.000,9999.000,9999.000,9999.000,9999.000
202608110412,   0.830,9999.000,9999.000,9999.000,9999.000,9999.000,9999.000,9999.000,9999.000
202608110418,   0.718,9999.000,9999.000,9999.000,9999.000,9999.000,9999.000,9999.000,9999.000
202608110424,   0.610,9999.000,9999.000,9999.000,9999.000,9999.000,9999.000,9999.000,9999.000
202608110430,   0.509,9999.000,9999.000,9999.000,9999.000,9999.000,9999.000,9999.000,9999.000
202608110436,   0.415,9999.000,9999.000,9999.000,9999.000,9999.000,9999.000,9999.000,9999.000
202608110442,   0.327,9999.000,9999.000,9999.000,9999.000,9999.000,9999.000,9999.000,9999.000
202608110448,   0.247,9999.000,9999.000,9999.000,9999.000,9999.000,9999.000,9999.000,9999.000
202608110454,   0.174,9999.000,9999.000,9999.000,9999.000,9999.000,9999.000,9999.000,9999.000
202608110500,   0.109,9999.000,   0.000,9999.000,   0.109,   0.000,   0.109,   0.000,   0.109
202608110506,   0.053,9999.000,9999.000,9999.000,9999.000,9999.000,9999.000,9999.000,9999.000
202608110512,   0.005,9999.000,9999.000,9999.000,9999.000,9999.000,9999.000,9999.000,9999.000
202608110518,  -0.034,9999.000,9999.000,9999.000,9999.000,9999.000,9999.000,9999.000,9999.000
202608110524,  -0.065,9999.000,9999.000,9999.000,9999.000,9999.000,9999.000,9999.000,9999.000
202608110530,  -0.087,9999.000,9999.000,9999.000,9999.000,9999.000,9999.000,9999.000,9999.000
202608110536,  -0.101,9999.000,9999.000,9999.000,9999.000,9999.000,9999.000,9999.000,9999.000
202608110542,  -0.105,9999.000,9999.000,9999.000,9999.000,9999.000,9999.000,9999.000,9999.000
202608110548,  -0.100,9999.000,9999.000,9999.000,9999.000,9999.000,9999.000,9999.000,9999.000
202608110554,  -0.087,9999.000,9999.000,9999.000,9999.000,9999.000,9999.000,9999.000,9999.000
202608110600,  -0.064,9999.000,   0.100,9999.000,   0.036,   0.000,  -0.064,   0.100,   0.036
202608110606,  -0.032,9999.000,9999.000,9999.000,9999.000,9999.000,9999.000,9999.000,9999.000
202608110612,   0.008,9999.000,9999.000,9999.000,9999.000,9999.000,9999.000,9999.000,9999.000
202608110618,   0.058,9999.000,9999.000,9999.000,9999.000,9999.000,9999.000,9999.000,9999.000
202608110624,   0.117,9999.000,9999.000,9999.000,9999.000,9999.000,9999.000,9999.000,9999.000
202608110630,   0.185,9999.000,9999.000,9999.000,9999.000,9999.000,9999.000,9999.000,9999.000
202608110636,   0.263,9999.000,9999.000,9999.000,9999.000,9999.000,9999.000,9999.000,9999.000
202608110642,   0.349,9999.000,9999.000,9999.000,9999.000,9999.000,9999.000,9999.000,9999.000
202608110648,   0.445,9999.000,9999.000,9999.000,9999.000,9999.000,9999.000,9999.000,9999.000
202608110654,   0.551,9999.000,9999.000,9999.000,9999.000,9999.000,9999.000,9999.000,9999.000
202608110700,   0.665,9999.000,   0.000,9999.000,   0.665,   0.000,   0.665,   0.100,   0.765
202608110706,   0.789,9999.000,9999.000,9999.000,9999.000,9999.000,9999.000,9999.000,9999.000
202608110712,   0.921,9999.000,9999.000,9999.000,9999.000,9999.000,9999.000,9999.000,9999.000
202608110718,   1.063,9999.000,9999.000,9999.000,9999.000,9999.000,9999.000,9999.000,9999.000
202608110724,   1.213,9999.000,9999.000,9999.000,9999.000,9999.000,9999.000,9999.000,9999.000
202608110730,   1.371,9999.000,9999.000,9999.000,9999.000,9999.000,9999.000,9999.000,9999.000
202608110736,   1.537,9999.000,9999.000,9999.000,9999.000,9999.000,9999.000,9999.000,9999.000
202608110742,   1.710,9999.000,9999.000,9999.000,9999.000,9999.000,9999.000,9999.000,9999.000
202608110748,   1.890,9999.000,9999.000,9999.000,9999.000,9999.000,9999.000,9999.000,9999.000
202608110754,   2.076,9999.000,9999.000,9999.000,9999.000,9999.000,9999.000,9999.000,9999.000
202608110800,   2.268,9999.000,   0.000,9999.000,   2.268,   0.000,   2.268,   0.000,   2.268
202608110806,   2.463,9999.000,9999.000,9999.000,9999.000,9999.000,9999.000,9999.000,9999.000
202608110812,   2.662,9999.000,9999.000,9999.000,9999.000,9999.000,9999.000,9999.000,9999.000
202608110818,   2.863,9999.000,9999.000,9999.000,9999.000,9999.000,9999.000,9999.000,9999.000
202608110824,   3.066,9999.000,9999.000,9999.000,9999.000,9999.000,9999.000,9999.000,9999.000
202608110830,   3.268,   4.420,9999.000,9999.000,9999.000,9999.000,9999.000,9999.000,9999.000
202608110836,   3.470,9999.000,9999.000,9999.000,9999.000,9999.000,9999.000,9999.000,9999.000
202608110842,   3.670,9999.000,9999.000,9999.000,9999.000,9999.000,9999.000,9999.000,9999.000
202608110848,   3.867,9999.000,9999.000,9999.000,9999.000,9999.000,9999.000,9999.000,9999.000
202608110854,   4.060,9999.000,9999.000,9999.000,9999.000,9999.000,9999.000,9999.000,9999.000
202608110900,   4.247,   5.420,   0.000,   1.173,   4.247,   0.000,   4.247,   0.000,   4.247
202608110906,   4.429,9999.000,9999.000,9999.000,9999.000,9999.000,9999.000,9999.000,9999.000
202608110912,   4.603,9999.000,9999.000,9999.000,9999.000,9999.000,9999.000,9999.000,9999.000
202608110918,   4.770,9999.000,9999.000,9999.000,9999.000,9999.000,9999.000,9999.000,9999.000
202608110924,   4.929,9999.000,9999.000,9999.000,9999.000,9999.000,9999.000,9999.000,9999.000
202608110930,   5.078,   6.378,9999.000,9999.000,9999.000,9999.000,9999.000,9999.000,9999.000
202608110936,   5.219,9999.000,9999.000,9999.000,9999.000,9999.000,9999.000,9999.000,9999.000
202608110942,   5.349,9999.000,9999.000,9999.000,9999.000,9999.000,9999.000,9999.000,9999.000
202608110948,   5.471,9999.000,9999.000,9999.000,9999.000,9999.000,9999.000,9999.000,9999.000
202608110954,   5.582,9999.000,9999.000,9999.000,9999.000,9999.000,9999.000,9999.000,9999.000
202608111000,   5.684,   7.119,   0.000,   1.435,   5.684,   0.000,   5.684,   0.000,   5.684
202608111006,   5.776,9999.000,9999.000,9999.000,9999.000,9999.000,9999.000,9999.000,9999.000
202608111012,   5.858,9999.000,9999.000,9999.000,9999.000,9999.000,9999.000,9999.000,9999.000
202608111018,   5.932,9999.000,9999.000,9999.000,9999.000,9999.000,9999.000,9999.000,9999.000
202608111024,   5.997,9999.000,9999.000,9999.000,9999.000,9999.000,9999.000,9999.000,9999.000
202608111030,   6.054,   7.690,9999.000,9999.000,9999.000,9999.000,9999.000,9999.000,9999.000
202608111036,   6.102,9999.000,9999.000,9999.000,9999.000,9999.000,9999.000,9999.000,9999.000
202608111042,   6.143,9999.000,9999.000,9999.000,9999.000,9999.000,9999.000,9999.000,9999.000
202608111048,   6.177,9999.000,9999.000,9999.000,9999.000,9999.000,9999.000,9999.000,9999.000
202608111054,   6.204,9999.000,9999.000,9999.000,9999.000,9999.000,9999.000,9999.000,9999.000
202608111100,   6.224,   8.139,   0.000,   1.915,   6.224,   0.000,   6.224,   0.000,   6.224
202608111106,   6.237,9999.000,9999.000,9999.000,9999.000,9999.000,9999.000,9999.000,9999.000
202608111112,   6.245,9999.000,9999.000,9999.000,9999.000,9999.000,9999.000,9999.000,9999.000
202608111118,   6.246,9999.000,9999.000,9999.000,9999.000,9999.000,9999.000,9999.000,9999.000
202608111124,   6.242,9999.000,9999.000,9999.000,9999.000,9999.000,9999.000,9999.000,9999.000
202608111130,   6.231,   8.290,9999.000,9999.000,9999.000,9999.000,9999.000,9999.000,9999.000
202608111136,   6.214,9999.000,9999.000,9999.000,9999.000,9999.000,9999.000,9999.000,9999.000
202608111142,   6.191,9999.000,9999.000,9999.000,9999.000,9999.000,9999.000,9999.000,9999.000
202608111148,   6.161,9999.000,9999.000,9999.000,9999.000,9999.000,9999.000,9999.000,9999.000
202608111154,   6.125,9999.000,9999.000,9999.000,9999.000,9999.000,9999.000,9999.000,9999.000
202608111200,   6.082,   8.418,   0.100,   2.236,   6.182,   0.100,   6.182,   0.100,   6.182
202608111206,   6.032,9999.000,9999.000,9999.000,9999.000,9999.000,9999.000,9999.000,9999.000
202608111212,   5.975,9999.000,9999.000,9999.000,9999.000,9999.000,9999.000,9999.000,9999.000
202608111218,   5.911,9999.000,9999.000,9999.000,9999.000,9999.000,9999.000,9999.000,9999.000
202608111224,   5.839,9999.000,9999.000,9999.000,9999.000,9999.000,9999.000,9999.000,9999.000
202608111230,   5.760,   8.378,9999.000,9999.000,9999.000,9999.000,9999.000,9999.000,9999.000
202608111236,   5.673,9999.000,9999.000,9999.000,9999.000,9999.000,9999.000,9999.000,9999.000
202608111242,   5.580,9999.000,9999.000,9999.000,9999.000,9999.000,9999.000,9999.000,9999.000
202608111248,   5.478,9999.000,9999.000,9999.000,9999.000,9999.000,9999.000,9999.000,9999.000
202608111254,   5.370,9999.000,9999.000,9999.000,9999.000,9999.000,9999.000,9999.000,9999.000
202608111300,   5.255,   8.109,   0.100,   2.754,   5.355,   0.100,   5.355,   0.100,   5.355
202608111306,   5.134,9999.000,9999.000,9999.000,9999.000,9999.000,9999.000,9999.000,9999.000
202608111312,   5.007,9999.000,9999.000,9999.000,9999.000,9999.000,9999.000,9999.000,9999.000
202608111318,   4.875,9999.000,9999.000,9999.000,9999.000,9999.000,9999.000,9999.000,9999.000
202608111324,   4.737,9999.000,9999.000,9999.000,9999.000,9999.000,9999.000,9999.000,9999.000
202608111330,   4.596,   7.617,9999.000,9999.000,9999.000,9999.000,9999.000,9999.000,9999.000
202608111336,   4.450,9999.000,9999.000,9999.000,9999.000,9999.000,9999.000,9999.000,9999.000
202608111342,   4.302,9999.000,9999.000,9999.000,9999.000,9999.000,9999.000,9999.000,9999.000
202608111348,   4.151,9999.000,9999.000,9999.000,9999.000,9999.000,9999.000,9999.000,9999.000
202608111354,   3.998,9999.000,9999.000,9999.000,9999.000,9999.000,9999.000,9999.000,9999.000
202608111400,   3.844,   6.909,   0.100,   2.965,   3.944,   0.100,   3.944,   0.100,   3.944
202608111406,   3.689,9999.000,9999.000,9999.000,9999.000,9999.000,9999.000,9999.000,9999.000
202608111412,   3.534,9999.000,9999.000,9999.000,9999.000,9999.000,9999.000,9999.000,9999.000
202608111418,   3.379,9999.000,9999.000,9999.000,9999.000,9999.000,9999.000,9999.000,9999.000
202608111424,   3.224,9999.000,9999.000,9999.000,9999.000,9999.000,9999.000,9999.000,9999.000
202608111430,   3.070,   5.869,9999.000,9999.000,9999.000,9999.000,9999.000,9999.000,9999.000
202608111436,   2.918,9999.000,9999.000,9999.000,9999.000,9999.000,9999.000,9999.000,9999.000
202608111442,   2.766,9999.000,9999.000,9999.000,9999.000,9999.000,9999.000,9999.000,9999.000
202608111448,   2.616,9999.000,9999.000,9999.000,9999.000,9999.000,9999.000,9999.000,9999.000
202608111454,   2.468,9999.000,9999.000,9999.000,9999.000,9999.000,9999.000,9999.000,9999.000
202608111500,   2.321,   4.561,   0.100,   2.140,   2.421,   0.100,   2.421,   0.100,   2.421
202608111506,   2.177,9999.000,9999.000,9999.000,9999.000,9999.000,9999.000,9999.000,9999.000
202608111512,   2.033,9999.000,9999.000,9999.000,9999.000,9999.000,9999.000,9999.000,9999.000
202608111518,   1.892,9999.000,9999.000,9999.000,9999.000,9999.000,9999.000,9999.000,9999.000
202608111524,   1.753,9999.000,9999.000,9999.000,9999.000,9999.000,9999.000,9999.000,9999.000
202608111530,   1.615,9999.000,9999.000,9999.000,9999.000,9999.000,9999.000,9999.000,9999.000
202608111536,   1.480,9999.000,9999.000,9999.000,9999.000,9999.000,9999.000,9999.000,9999.000
202608111542,   1.347,9999.000,9999.000,9999.000,9999.000,9999.000,9999.000,9999.000,9999.000
202608111548,   1.216,9999.000,9999.000,9999.000,9999.000,9999.000,9999.000,9999.000,9999.000
202608111554,   1.088,9999.000,9999.000,9999.000,9999.000,9999.000,9999.000,9999.000,9999.000
202608111600,   0.963,9999.000,   0.100,9999.000,   1.063,   0.000,   0.963,   0.100,   1.063
202608111606,   0.841,9999.000,9999.000,9999.000,9999.000,9999.000,9999.000,9999.000,9999.000
202608111612,   0.722,9999.000,9999.000,9999.000,9999.000,9999.000,9999.000,9999.000,9999.000
202608111618,   0.607,9999.000,9999.000,9999.000,9999.000,9999.000,9999.000,9999.000,9999.000
202608111624,   0.497,9999.000,9999.000,9999.000,9999.000,9999.000,9999.000,9999.000,9999.000
202608111630,   0.391,9999.000,9999.000,9999.000,9999.000,9999.000,9999.000,9999.000,9999.000
202608111636,   0.290,9999.000,9999.000,9999.000,9999.000,9999.000,9999.000,9999.000,9999.000
202608111642,   0.195,9999.000,9999.000,9999.000,9999.000,9999.000,9999.000,9999.000,9999.000
202608111648,   0.105,9999.000,9999.000,9999.000,9999.000,9999.000,9999.000,9999.000,9999.000
202608111654,   0.023,9999.000,9999.000,9999.000,9999.000,9999.000,9999.000,9999.000,9999.000
202608111700,  -0.052,9999.000,   0.100,9999.000,   0.048,   0.000,  -0.052,   0.100,   0.048
202608111706,  -0.121,9999.000,9999.000,9999.000,9999.000,9999.000,9999.000,9999.000,9999.000
202608111712,  -0.182,9999.000,9999.000,9999.000,9999.000,9999.000,9999.000,9999.000,9999.000
202608111718,  -0.235,9999.000,9999.000,9999.000,9999.000,9999.000,9999.000,9999.000,9999.000
202608111724,  -0.280,9999.000,9999.000,9999.000,9999.000,9999.000,9999.000,9999.000,9999.000
202608111730,  -0.316,9999.000,9999.000,9999.000,9999.000,9999.000,9999.000,9999.000,9999.000
202608111736,  -0.343,9999.000,9999.000,9999.000,9999.000,9999.000,9999.000,9999.000,9999.000
202608111742,  -0.361,9999.000,9999.000,9999.000,9999.000,9999.000,9999.000,9999.000,9999.000
202608111748,  -0.371,9999.000,9999.000,9999.000,9999.000,9999.000,9999.000,9999.000,9999.000
202608111754,  -0.371,9999.000,9999.000,9999.000,9999.000,9999.000,9999.000,9999.000,9999.000
202608111800,  -0.361,9999.000,   0.200,9999.000,  -0.161,   0.100,  -0.261,   0.200,  -0.161
202608111806,  -0.343,9999.000,9999.000,9999.000,9999.000,9999.000,9999.000,9999.000,9999.000
202608111812,  -0.315,9999.000,9999.000,9999.000,9999.000,9999.000,9999.000,9999.000,9999.000
202608111818,  -0.278,9999.000,9999.000,9999.000,9999.000,9999.000,9999.000,9999.000,9999.000
202608111824,  -0.232,9999.000,9999.000,9999.000,9999.000,9999.000,9999.000,9999.000,9999.000
202608111830,  -0.176,9999.000,9999.000,9999.000,9999.000,9999.000,9999.000,9999.000,9999.000
202608111836,  -0.111,9999.000,9999.000,9999.000,9999.000,9999.000,9999.000,9999.000,9999.000
202608111842,  -0.036,9999.000,9999.000,9999.000,9999.000,9999.000,9999.000,9999.000,9999.000
202608111848,   0.046,9999.000,9999.000,9999.000,9999.000,9999.000,9999.000,9999.000,9999.000
202608111854,   0.140,9999.000,9999.000,9999.000,9999.000,9999.000,9999.000,9999.000,9999.000
202608111900,   0.242,9999.000,   0.200,   0.000,   0.442,   0.100,   0.342,   0.200,   0.442
202608111906,   0.354,9999.000,9999.000,9999.000,9999.000,9999.000,9999.000,9999.000,9999.000
202608111912,   0.475,9999.000,9999.000,9999.000,9999.000,9999.000,9999.000,9999.000,9999.000
202608111918,   0.606,9999.000,9999.000,9999.000,9999.000,9999.000,9999.000,9999.000,9999.000
202608111924,   0.745,9999.000,9999.000,9999.000,9999.000,9999.000,9999.000,9999.000,9999.000
202608111930,   0.894,9999.000,9999.000,9999.000,9999.000,9999.000,9999.000,9999.000,9999.000
202608111936,   1.052,9999.000,9999.000,9999.000,9999.000,9999.000,9999.000,9999.000,9999.000
202608111942,   1.218,9999.000,9999.000,9999.000,9999.000,9999.000,9999.000,9999.000,9999.000
202608111948,   1.393,9999.000,9999.000,9999.000,9999.000,9999.000,9999.000,9999.000,9999.000
202608111954,   1.576,9999.000,9999.000,9999.000,9999.000,9999.000,9999.000,9999.000,9999.000
202608112000,   1.766,9999.000,   0.200,   0.000,   1.966,   0.200,   1.966,   0.200,   1.966
202608112006,   1.964,9999.000,9999.000,9999.000,9999.000,9999.000,9999.000,9999.000,9999.000
202608112012,   2.168,9999.000,9999.000,9999.000,9999.000,9999.000,9999.000,9999.000,9999.000
202608112018,   2.378,9999.000,9999.000,9999.000,9999.000,9999.000,9999.000,9999.000,9999.000
202608112024,   2.593,9999.000,9999.000,9999.000,9999.000,9999.000,9999.000,9999.000,9999.000
202608112030,   2.812,9999.000,9999.000,9999.000,9999.000,9999.000,9999.000,9999.000,9999.000
202608112036,   3.035,9999.000,9999.000,9999.000,9999.000,9999.000,9999.000,9999.000,9999.000
202608112042,   3.259,9999.000,9999.000,9999.000,9999.000,9999.000,9999.000,9999.000,9999.000
202608112048,   3.484,9999.000,9999.000,9999.000,9999.000,9999.000,9999.000,9999.000,9999.000
202608112054,   3.710,9999.000,9999.000,9999.000,9999.000,9999.000,9999.000,9999.000,9999.000
202608112100,   3.934,   4.961,   0.200,   0.827,   4.134,   0.200,   4.134,   0.300,   4.234
202608112106,   4.156,9999.000,9999.000,9999.000,9999.000,9999.000,9999.000,9999.000,9999.000
202608112112,   4.375,9999.000,9999.000,9999.000,9999.000,9999.000,9999.000,9999.000,9999.000
202608112118,   4.589,9999.000,9999.000,9999.000,9999.000,9999.000,9999.000,9999.000,9999.000
202608112124,   4.797,9999.000,9999.000,9999.000,9999.000,9999.000,9999.000,9999.000,9999.000
202608112130,   5.000,   6.387,9999.000,9999.000,9999.000,9999.000,9999.000,9999.000,9999.000
202608112136,   5.195,9999.000,9999.000,9999.000,9999.000,9999.000,9999.000,9999.000,9999.000
202608112142,   5.381,9999.000,9999.000,9999.000,9999.000,9999.000,9999.000,9999.000,9999.000
202608112148,   5.560,9999.000,9999.000,9999.000,9999.000,9999.000,9999.000,9999.000,9999.000
202608112154,   5.728,9999.000,9999.000,9999.000,9999.000,9999.000,9999.000,9999.000,9999.000
202608112200,   5.888,   7.670,   0.200,   1.582,   6.088,   0.200,   6.088,   0.300,   6.188
202608112206,   6.037,9999.000,9999.000,9999.000,9999.000,9999.000,9999.000,9999.000,9999.000
202608112212,   6.176,9999.000,9999.000,9999.000,9999.000,9999.000,9999.000,9999.000,9999.000
202608112218,   6.305,9999.000,9999.000,9999.000,9999.000,9999.000,9999.000,9999.000,9999.000
202608112224,   6.423,9999.000,9999.000,9999.000,9999.000,9999.000,9999.000,9999.000,9999.000
202608112230,   6.532,   8.628,9999.000,9999.000,9999.000,9999.000,9999.000,9999.000,9999.000
202608112236,   6.631,9999.000,9999.000,9999.000,9999.000,9999.000,9999.000,9999.000,9999.000
202608112242,   6.720,9999.000,9999.000,9999.000,9999.000,9999.000,9999.000,9999.000,9999.000
202608112248,   6.800,9999.000,9999.000,9999.000,9999.000,9999.000,9999.000,9999.000,9999.000
202608112254,   6.872,9999.000,9999.000,9999.000,9999.000,9999.000,9999.000,9999.000,9999.000
202608112300,   6.935,   9.087,   0.200,   1.952,   7.135,   0.200,   7.135,   0.300,   7.235
202608112306,   6.990,9999.000,9999.000,9999.000,9999.000,9999.000,9999.000,9999.000,9999.000
202608112312,   7.037,9999.000,9999.000,9999.000,9999.000,9999.000,9999.000,9999.000,9999.000
202608112318,   7.077,9999.000,9999.000,9999.000,9999.000,9999.000,9999.000,9999.000,9999.000
202608112324,   7.111,9999.000,9999.000,9999.000,9999.000,9999.000,9999.000,9999.000,9999.000
202608112330,   7.137,   9.428,9999.000,9999.000,9999.000,9999.000,9999.000,9999.000,9999.000
202608112336,   7.157,9999.000,9999.000,9999.000,9999.000,9999.000,9999.000,9999.000,9999.000
202608112342,   7.171,9999.000,9999.000,9999.000,9999.000,9999.000,9999.000,9999.000,9999.000
202608112348,   7.179,9999.000,9999.000,9999.000,9999.000,9999.000,9999.000,9999.000,9999.000
202608112354,   7.180,9999.000,9999.000,9999.000,9999.000,9999.000,9999.000,9999.000,9999.000
202608120000,   7.175,9999.000,   0.300,   0.000,   7.475,   0.200,   7.375,   0.300,   7.475
202608120006,   7.163,9999.000,9999.000,9999.000,9999.000,9999.000,9999.000,9999.000,9999.000
202608120012,   7.145,9999.000,9999.000,9999.000,9999.000,9999.000,9999.000,9999.000,9999.000
202608120018,   7.120,9999.000,9999.000,9999.000,9999.000,9999.000,9999.000,9999.000,9999.000
202608120024,   7.088,9999.000,9999.000,9999.000,9999.000,9999.000,9999.000,9999.000,9999.000
202608120030,   7.049,9999.000,9999.000,9999.000,9999.000,9999.000,9999.000,9999.000,9999.000
202608120036,   7.003,9999.000,9999.000,9999.000,9999.000,9999.000,9999.000,9999.000,9999.000
202608120042,   6.949,9999.000,9999.000,9999.000,9999.000,9999.000,9999.000,9999.000,9999.000
202608120048,   6.887,9999.000,9999.000,9999.000,9999.000,9999.000,9999.000,9999.000,9999.000
202608120054,   6.817,9999.000,9999.000,9999.000,9999.000,9999.000,9999.000,9999.000,9999.000
202608120100,   6.740,9999.000,   0.300,   0.000,   7.040,   0.200,   6.940,   0.300,   7.040
202608120106,   6.654,9999.000,9999.000,9999.000,9999.000,9999.000,9999.000,9999.000,9999.000
202608120112,   6.561,9999.000,9999.000,9999.000,9999.000,9999.000,9999.000,9999.000,9999.000
202608120118,   6.461,9999.000,9999.000,9999.000,9999.000,9999.000,9999.000,9999.000,9999.000
202608120124,   6.353,9999.000,9999.000,9999.000,9999.000,9999.000,9999.000,9999.000,9999.000
202608120130,   6.238,9999.000,9999.000,9999.000,9999.000,9999.000,9999.000,9999.000,9999.000
202608120136,   6.116,9999.000,9999.000,9999.000,9999.000,9999.000,9999.000,9999.000,9999.000
202608120142,   5.988,9999.000,9999.000,9999.000,9999.000,9999.000,9999.000,9999.000,9999.000
202608120148,   5.854,9999.000,9999.000,9999.000,9999.000,9999.000,9999.000,9999.000,9999.000
202608120154,   5.715,9999.000,9999.000,9999.000,9999.000,9999.000,9999.000,9999.000,9999.000
202608120200,   5.572,9999.000,   0.300,   0.000,   5.872,   0.200,   5.772,   0.300,   5.872
202608120206,   5.424,9999.000,9999.000,9999.000,9999.000,9999.000,9999.000,9999.000,9999.000
202608120212,   5.272,9999.000,9999.000,9999.000,9999.000,9999.000,9999.000,9999.000,9999.000
202608120218,   5.118,9999.000,9999.000,9999.000,9999.000,9999.000,9999.000,9999.000,9999.000
202608120224,   4.961,9999.000,9999.000,9999.000,9999.000,9999.000,9999.000,9999.000,9999.000
202608120230,   4.802,9999.000,9999.000,9999.000,9999.000,9999.000,9999.000,9999.000,9999.000
202608120236,   4.642,9999.000,9999.000,9999.000,9999.000,9999.000,9999.000,9999.000,9999.000
202608120242,   4.480,9999.000,9999.000,9999.000,9999.000,9999.000,9999.000,9999.000,9999.000
202608120248,   4.317,9999.000,9999.000,9999.000,9999.000,9999.000,9999.000,9999.000,9999.000
202608120254,   4.155,9999.000,9999.000,9999.000,9999.000,9999.000,9999.000,9999.000,9999.000
202608120300,   3.991,9999.000,   0.300,   0.000,   4.291,   0.200,   4.191,   0.300,   4.291
202608120306,   3.828,9999.000,9999.000,9999.000,9999.000,9999.000,9999.000,9999.000,9999.000
202608120312,   3.665,9999.000,9999.000,9999.000,9999.000,9999.000,9999.000,9999.000,9999.000
202608120318,   3.502,9999.000,9999.000,9999.000,9999.000,9999.000,9999.000,9999.000,9999.000
202608120324,   3.340,9999.000,9999.000,9999.000,9999.000,9999.000,9999.000,9999.000,9999.000
202608120330,   3.178,9999.000,9999.000,9999.000,9999.000,9999.000,9999.000,9999.000,9999.000
202608120336,   3.016,9999.000,9999.000,9999.000,9999.000,9999.000,9999.000,9999.000,9999.000
202608120342,   2.855,9999.000,9999.000,9999.000,9999.000,9999.000,9999.000,9999.000,9999.000
202608120348,   2.695,9999.000,9999.000,9999.000,9999.000,9999.000,9999.000,9999.000,9999.000
202608120354,   2.535,9999.000,9999.000,9999.000,9999.000,9999.000,9999.000,9999.000,9999.000
202608120400,   2.377,9999.000,   0.300,   0.000,   2.677,   0.200,   2.577,   0.300,   2.677
202608120406,   2.219,9999.000,9999.000,9999.000,9999.000,9999.000,9999.000,9999.000,9999.000
202608120412,   2.062,9999.000,9999.000,9999.000,9999.000,9999.000,9999.000,9999.000,9999.000
202608120418,   1.907,9999.000,9999.000,9999.000,9999.000,9999.000,9999.000,9999.000,9999.000
202608120424,   1.754,9999.000,9999.000,9999.000,9999.000,9999.000,9999.000,9999.000,9999.000
202608120430,   1.602,9999.000,9999.000,9999.000,9999.000,9999.000,9999.000,9999.000,9999.000
202608120436,   1.453,9999.000,9999.000,9999.000,9999.000,9999.000,9999.000,9999.000,9999.000
202608120442,   1.307,9999.000,9999.000,9999.000,9999.000,9999.000,9999.000,9999.000,9999.000
202608120448,   1.165,9999.000,9999.000,9999.000,9999.000,9999.000,9999.000,9999.000,9999.000
202608120454,   1.026,9999.000,9999.000,9999.000,9999.000,9999.000,9999.000,9999.000,9999.000
202608120500,   0.891,9999.000,   0.300,   0.000,   1.191,   0.200,   1.091,   0.300,   1.191
202608120506,   0.762,9999.000,9999.000,9999.000,9999.000,9999.000,9999.000,9999.000,9999.000
202608120512,   0.637,9999.000,9999.000,9999.000,9999.000,9999.000,9999.000,9999.000,9999.000
202608120518,   0.519,9999.000,9999.000,9999.000,9999.000,9999.000,9999.000,9999.000,9999.000
202608120524,   0.407,9999.000,9999.000,9999.000,9999.000,9999.000,9999.000,9999.000,9999.000
202608120530,   0.302,9999.000,9999.000,9999.000,9999.000,9999.000,9999.000,9999.000,9999.000
202608120536,   0.205,9999.000,9999.000,9999.000,9999.000,9999.000,9999.000,9999.000,9999.000
202608120542,   0.115,9999.000,9999.000,9999.000,9999.000,9999.000,9999.000,9999.000,9999.000
202608120548,   0.033,9999.000,9999.000,9999.000,9999.000,9999.000,9999.000,9999.000,9999.000
202608120554,  -0.039,9999.000,9999.000,9999.000,9999.000,9999.000,9999.000,9999.000,9999.000
202608120600,  -0.103,9999.000,   0.200,   0.000,   0.097,   0.200,   0.097,   0.300,   0.197
202608120606,  -0.158,9999.000,9999.000,9999.000,9999.000,9999.000,9999.000,9999.000,9999.000
202608120612,  -0.204,9999.000,9999.000,9999.000,9999.000,9999.000,9999.000,9999.000,9999.000
202608120618,  -0.240,9999.000,9999.000,9999.000,9999.000,9999.000,9999.000,9999.000,9999.000
202608120624,  -0.267,9999.000,9999.000,9999.000,9999.000,9999.000,9999.000,9999.000,9999.000
202608120630,  -0.283,9999.000,9999.000,9999.000,9999.000,9999.000,9999.000,9999.000,9999.000
202608120636,  -0.291,9999.000,9999.000,9999.000,9999.000,9999.000,9999.000,9999.000,9999.000
202608120642,  -0.288,9999.000,9999.000,9999.000,9999.000,9999.000,9999.000,9999.000,9999.000
202608120648,  -0.275,9999.000,9999.000,9999.000,9999.000,9999.000,9999.000,9999.000,9999.000
202608120654,  -0.252,9999.000,9999.000,9999.000,9999.000,9999.000,9999.000,9999.000,9999.000
202608120700,  -0.219,9999.000,   0.200,   0.000,  -0.019,   0.100,  -0.119,   0.300,   0.081
202608120706,  -0.177,9999.000,9999.000,9999.000,9999.000,9999.000,9999.000,9999.000,9999.000
202608120712,  -0.124,9999.000,9999.000,9999.000,9999.000,9999.000,9999.000,9999.000,9999.000
202608120718,  -0.061,9999.000,9999.000,9999.000,9999.000,9999.000,9999.000,9999.000,9999.000
202608120724,   0.012,9999.000,9999.000,9999.000,9999.000,9999.000,9999.000,9999.000,9999.000
202608120730,   0.095,9999.000,9999.000,9999.000,9999.000,9999.000,9999.000,9999.000,9999.000
202608120736,   0.189,9999.000,9999.000,9999.000,9999.000,9999.000,9999.000,9999.000,9999.000
202608120742,   0.293,9999.000,9999.000,9999.000,9999.000,9999.000,9999.000,9999.000,9999.000
202608120748,   0.407,9999.000,9999.000,9999.000,9999.000,9999.000,9999.000,9999.000,9999.000
202608120754,   0.530,9999.000,9999.000,9999.000,9999.000,9999.000,9999.000,9999.000,9999.000
202608120800,   0.664,9999.000,   0.200,   0.000,   0.864,   0.100,   0.764,   0.300,   0.964
202608120806,   0.808,9999.000,9999.000,9999.000,9999.000,9999.000,9999.000,9999.000,9999.000
202608120812,   0.960,9999.000,9999.000,9999.000,9999.000,9999.000,9999.000,9999.000,9999.000
202608120818,   1.122,9999.000,9999.000,9999.000,9999.000,9999.000,9999.000,9999.000,9999.000
202608120824,   1.292,9999.000,9999.000,9999.000,9999.000,9999.000,9999.000,9999.000,9999.000
202608120830,   1.470,9999.000,9999.000,9999.000,9999.000,9999.000,9999.000,9999.000,9999.000
202608120836,   1.656,9999.000,9999.000,9999.000,9999.000,9999.000,9999.000,9999.000,9999.000
202608120842,   1.848,9999.000,9999.000,9999.000,9999.000,9999.000,9999.000,9999.000,9999.000
202608120848,   2.047,9999.000,9999.000,9999.000,9999.000,9999.000,9999.000,9999.000,9999.000
202608120854,   2.250,9999.000,9999.000,9999.000,9999.000,9999.000,9999.000,9999.000,9999.000
202608120900,   2.457,9999.000,   0.200,   0.000,   2.657,   0.100,   2.557,   0.200,   2.657
202608120906,   2.667,9999.000,9999.000,9999.000,9999.000,9999.000,9999.000,9999.000,9999.000
202608120912,   2.880,9999.000,9999.000,9999.000,9999.000,9999.000,9999.000,9999.000,9999.000
202608120918,   3.093,9999.000,9999.000,9999.000,9999.000,9999.000,9999.000,9999.000,9999.000
202608120924,   3.305,9999.000,9999.000,9999.000,9999.000,9999.000,9999.000,9999.000,9999.000
202608120930,   3.516,9999.000,9999.000,9999.000,9999.000,9999.000,9999.000,9999.000,9999.000
202608120936,   3.724,9999.000,9999.000,9999.000,9999.000,9999.000,9999.000,9999.000,9999.000
202608120942,   3.929,9999.000,9999.000,9999.000,9999.000,9999.000,9999.000,9999.000,9999.000
202608120948,   4.129,9999.000,9999.000,9999.000,9999.000,9999.000,9999.000,9999.000,9999.000
202608120954,   4.323,9999.000,9999.000,9999.000,9999.000,9999.000,9999.000,9999.000,9999.000
202608121000,   4.510,9999.000,   0.200,   0.000,   4.710,   0.100,   4.610,   0.200,   4.710
202608121006,   4.689,9999.000,9999.000,9999.000,9999.000,9999.000,9999.000,9999.000,9999.000
202608121012,   4.861,9999.000,9999.000,9999.000,9999.000,9999.000,9999.000,9999.000,9999.000
202608121018,   5.023,9999.000,9999.000,9999.000,9999.000,9999.000,9999.000,9999.000,9999.000
202608121024,   5.176,9999.000,9999.000,9999.000,9999.000,9999.000,9999.000,9999.000,9999.000
202608121030,   5.320,9999.000,9999.000,9999.000,9999.000,9999.000,9999.000,9999.000,9999.000
202608121036,   5.454,9999.000,9999.000,9999.000,9999.000,9999.000,9999.000,9999.000,9999.000
202608121042,   5.577,9999.000,9999.000,9999.000,9999.000,9999.000,9999.000,9999.000,9999.000
202608121048,   5.691,9999.000,9999.000,9999.000,9999.000,9999.000,9999.000,9999.000,9999.000
202608121054,   5.795,9999.000,9999.000,9999.000,9999.000,9999.000,9999.000,9999.000,9999.000
202608121100,   5.889,9999.000,   0.200,   0.000,   6.089,   0.100,   5.989,   0.300,   6.189
202608121106,   5.974,9999.000,9999.000,9999.000,9999.000,9999.000,9999.000,9999.000,9999.000
202608121112,   6.050,9999.000,9999.000,9999.000,9999.000,9999.000,9999.000,9999.000,9999.000
202608121118,   6.117,9999.000,9999.000,9999.000,9999.000,9999.000,9999.000,9999.000,9999.000
202608121124,   6.176,9999.000,9999.000,9999.000,9999.000,9999.000,9999.000,9999.000,9999.000
202608121130,   6.228,9999.000,9999.000,9999.000,9999.000,9999.000,9999.000,9999.000,9999.000
202608121136,   6.271,9999.000,9999.000,9999.000,9999.000,9999.000,9999.000,9999.000,9999.000
202608121142,   6.308,9999.000,9999.000,9999.000,9999.000,9999.000,9999.000,9999.000,9999.000
202608121148,   6.338,9999.000,9999.000,9999.000,9999.000,9999.000,9999.000,9999.000,9999.000
202608121154,   6.362,9999.000,9999.000,9999.000,9999.000,9999.000,9999.000,9999.000,9999.000
202608121200,   6.379,9999.000,   0.200,   0.000,   6.579,   0.100,   6.479,   0.300,   6.679
202608121206,   6.390,9999.000,9999.000,9999.000,9999.000,9999.000,9999.000,9999.000,9999.000
202608121212,   6.395,9999.000,9999.000,9999.000,9999.000,9999.000,9999.000,9999.000,9999.000
202608121218,   6.394,9999.000,9999.000,9999.000,9999.000,9999.000,9999.000,9999.000,9999.000
202608121224,   6.387,9999.000,9999.000,9999.000,9999.000,9999.000,9999.000,9999.000,9999.000
202608121230,   6.374,9999.000,9999.000,9999.000,9999.000,9999.000,9999.000,9999.000,9999.000
202608121236,   6.354,9999.000,9999.000,9999.000,9999.000,9999.000,9999.000,9999.000,9999.000
202608121242,   6.328,9999.000,9999.000,9999.000,9999.000,9999.000,9999.000,9999.000,9999.000
202608121248,   6.296,9999.000,9999.000,9999.000,9999.000,9999.000,9999.000,9999.000,9999.000
202608121254,   6.257,9999.000,9999.000,9999.000,9999.000,9999.000,9999.000,9999.000,9999.000
202608121300,   6.210,9999.000,   0.200,   0.000,   6.410,   0.100,   6.310,   0.200,   6.410
202608121306,   6.156,9999.000,9999.000,9999.000,9999.000,9999.000,9999.000,9999.000,9999.000
202608121312,   6.095,9999.000,9999.000,9999.000,9999.000,9999.000,9999.000,9999.000,9999.000
202608121318,   6.027,9999.000,9999.000,9999.000,9999.000,9999.000,9999.000,9999.000,9999.000
202608121324,   5.951,9999.000,9999.000,9999.000,9999.000,9999.000,9999.000,9999.000,9999.000
202608121330,   5.867,9999.000,9999.000,9999.000,9999.000,9999.000,9999.000,9999.000,9999.000
202608121336,   5.776,9999.000,9999.000,9999.000,9999.000,9999.000,9999.000,9999.000,9999.000
202608121342,   5.678,9999.000,9999.000,9999.000,9999.000,9999.000,9999.000,9999.000,9999.000
202608121348,   5.573,9999.000,9999.000,9999.000,9999.000,9999.000,9999.000,9999.000,9999.000
202608121354,   5.461,9999.000,9999.000,9999.000,9999.000,9999.000,9999.000,9999.000,9999.000
202608121400,   5.342,9999.000,   0.200,   0.000,   5.542,   0.100,   5.442,   0.200,   5.542
202608121406,   5.218,9999.000,9999.000,9999.000,9999.000,9999.000,9999.000,9999.000,9999.000
202608121412,   5.088,9999.000,9999.000,9999.000,9999.000,9999.000,9999.000,9999.000,9999.000
202608121418,   4.953,9999.000,9999.000,9999.000,9999.000,9999.000,9999.000,9999.000,9999.000
202608121424,   4.813,9999.000,9999.000,9999.000,9999.000,9999.000,9999.000,9999.000,9999.000
202608121430,   4.670,9999.000,9999.000,9999.000,9999.000,9999.000,9999.000,9999.000,9999.000
202608121436,   4.523,9999.000,9999.000,9999.000,9999.000,9999.000,9999.000,9999.000,9999.000
202608121442,   4.373,9999.000,9999.000,9999.000,9999.000,9999.000,9999.000,9999.000,9999.000
202608121448,   4.222,9999.000,9999.000,9999.000,9999.000,9999.000,9999.000,9999.000,9999.000
202608121454,   4.068,9999.000,9999.000,9999.000,9999.000,9999.000,9999.000,9999.000,9999.000
202608121500,   3.913,9999.000,   0.200,   0.000,   4.113,   0.100,   4.013,   0.200,   4.113
202608121506,   3.758,9999.000,9999.000,9999.000,9999.000,9999.000,9999.000,9999.000,9999.000
202608121512,   3.602,9999.000,9999.000,9999.000,9999.000,9999.000,9999.000,9999.000,9999.000
202608121518,   3.445,9999.000,9999.000,9999.000,9999.000,9999.000,9999.000,9999.000,9999.000
202608121524,   3.289,9999.000,9999.000,9999.000,9999.000,9999.000,9999.000,9999.000,9999.000
202608121530,   3.133,9999.000,9999.000,9999.000,9999.000,9999.000,9999.000,9999.000,9999.000
202608121536,   2.978,9999.000,9999.000,9999.000,9999.000,9999.000,9999.000,9999.000,9999.000
202608121542,   2.823,9999.000,9999.000,9999.000,9999.000,9999.000,9999.000,9999.000,9999.000
202608121548,   2.669,9999.000,9999.000,9999.000,9999.000,9999.000,9999.000,9999.000,9999.000
202608121554,   2.516,9999.000,9999.000,9999.000,9999.000,9999.000,9999.000,9999.000,9999.000
202608121600,   2.364,9999.000,   0.100,   0.000,   2.464,   0.100,   2.464,   0.200,   2.564
202608121606,   2.213,9999.000,9999.000,9999.000,9999.000,9999.000,9999.000,9999.000,9999.000
202608121612,   2.062,9999.000,9999.000,9999.000,9999.000,9999.000,9999.000,9999.000,9999.000
202608121618,   1.913,9999.000,9999.000,9999.000,9999.000,9999.000,9999.000,9999.000,9999.000
202608121624,   1.766,9999.000,9999.000,9999.000,9999.000,9999.000,9999.000,9999.000,9999.000
202608121630,   1.619,9999.000,9999.000,9999.000,9999.000,9999.000,9999.000,9999.000,9999.000
202608121636,   1.474,9999.000,9999.000,9999.000,9999.000,9999.000,9999.000,9999.000,9999.000
202608121642,   1.332,9999.000,9999.000,9999.000,9999.000,9999.000,9999.000,9999.000,9999.000
202608121648,   1.191,9999.000,9999.000,9999.000,9999.000,9999.000,9999.000,9999.000,9999.000
202608121654,   1.053,9999.000,9999.000,9999.000,9999.000,9999.000,9999.000,9999.000,9999.000
202608121700,   0.917,9999.000,   0.100,   0.000,   1.017,   0.100,   1.017,   0.200,   1.117
202608121706,   0.785,9999.000,9999.000,9999.000,9999.000,9999.000,9999.000,9999.000,9999.000
202608121712,   0.657,9999.000,9999.000,9999.000,9999.000,9999.000,9999.000,9999.000,9999.000
202608121718,   0.533,9999.000,9999.000,9999.000,9999.000,9999.000,9999.000,9999.000,9999.000
202608121724,   0.414,9999.000,9999.000,9999.000,9999.000,9999.000,9999.000,9999.000,9999.000
202608121730,   0.300,9999.000,9999.000,9999.000,9999.000,9999.000,9999.000,9999.000,9999.000
202608121736,   0.192,9999.000,9999.000,9999.000,9999.000,9999.000,9999.000,9999.000,9999.000
202608121742,   0.090,9999.000,9999.000,9999.000,9999.000,9999.000,9999.000,9999.000,9999.000
202608121748,  -0.004,9999.000,9999.000,9999.000,9999.000,9999.000,9999.000,9999.000,9999.000
202608121754,  -0.092,9999.000,9999.000,9999.000,9999.000,9999.000,9999.000,9999.000,9999.000
202608121800,  -0.172,9999.000,   0.200,   0.000,   0.028,   0.100,  -0.072,   0.300,   0.128
202608121806,  -0.243,9999.000,9999.000,9999.000,9999.000,9999.000,9999.000,9999.000,9999.000
202608121812,  -0.307,9999.000,9999.000,9999.000,9999.000,9999.000,9999.000,9999.000,9999.000
202608121818,  -0.361,9999.000,9999.000,9999.000,9999.000,9999.000,9999.000,9999.000,9999.000
202608121824,  -0.406,9999.000,9999.000,9999.000,9999.000,9999.000,9999.000,9999.000,9999.000
202608121830,  -0.442,9999.000,9999.000,9999.000,9999.000,9999.000,9999.000,9999.000,9999.000
202608121836,  -0.468,9999.000,9999.000,9999.000,9999.000,9999.000,9999.000,9999.000,9999.000
202608121842,  -0.484,9999.000,9999.000,9999.000,9999.000,9999.000,9999.000,9999.000,9999.000
202608121848,  -0.490,9999.000,9999.000,9999.000,9999.000,9999.000,9999.000,9999.000,9999.000
202608121854,  -0.487,9999.000,9999.000,9999.000,9999.000,9999.000,9999.000,9999.000,9999.000
202608121900,  -0.473,9999.000,   0.200,   0.000,  -0.273,   0.100,  -0.373,   0.300,  -0.173
202608121906,  -0.450,9999.000,9999.000,9999.000,9999.000,9999.000,9999.000,9999.000,9999.000
202608121912,  -0.416,9999.000,9999.000,9999.000,9999.000,9999.000,9999.000,9999.000,9999.000
202608121918,  -0.372,9999.000,9999.000,9999.000,9999.000,9999.000,9999.000,9999.000,9999.000
202608121924,  -0.318,9999.000,9999.000,9999.000,9999.000,9999.000,9999.000,9999.000,9999.000
202608121930,  -0.254,9999.000,9999.000,9999.000,9999.000,9999.000,9999.000,9999.000,9999.000
202608121936,  -0.180,9999.000,9999.000,9999.000,9999.000,9999.000,9999.000,9999.000,9999.000
202608121942,  -0.096,9999.000,9999.000,9999.000,9999.000,9999.000,9999.000,9999.000,9999.000
202608121948,  -0.002,9999.000,9999.000,9999.000,9999.000,9999.000,9999.000,9999.000,9999.000
202608121954,   0.101,9999.000,9999.000,9999.000,9999.000,9999.000,9999.000,9999.000,9999.000
202608122000,   0.215,9999.000,   0.200,   0.000,   0.415,   0.100,   0.315,   0.300,   0.515
202608122006,   0.339,9999.000,9999.000,9999.000,9999.000,9999.000,9999.000,9999.000,9999.000
202608122012,   0.473,9999.000,9999.000,9999.000,9999.000,9999.000,9999.000,9999.000,9999.000
202608122018,   0.617,9999.000,9999.000,9999.000,9999.000,9999.000,9999.000,9999.000,9999.000
202608122024,   0.770,9999.000,9999.000,9999.000,9999.000,9999.000,9999.000,9999.000,9999.000
202608122030,   0.932,9999.000,9999.000,9999.000,9999.000,9999.000,9999.000,9999.000,9999.000
202608122036,   1.104,9999.000,9999.000,9999.000,9999.000,9999.000,9999.000,9999.000,9999.000
202608122042,   1.284,9999.000,9999.000,9999.000,9999.000,9999.000,9999.000,9999.000,9999.000
202608122048,   1.472,9999.000,9999.000,9999.000,9999.000,9999.000,9999.000,9999.000,9999.000
202608122054,   1.668,9999.000,9999.000,9999.000,9999.000,9999.000,9999.000,9999.000,9999.000
202608122100,   1.871,9999.000,   0.300,   0.000,   2.171,   0.200,   2.071,   0.300,   2.171
202608122106,   2.080,9999.000,9999.000,9999.000,9999.000,9999.000,9999.000,9999.000,9999.000
202608122112,   2.295,9999.000,9999.000,9999.000,9999.000,9999.000,9999.000,9999.000,9999.000
202608122118,   2.514,9999.000,9999.000,9999.000,9999.000,9999.000,9999.000,9999.000,9999.000
202608122124,   2.737,9999.000,9999.000,9999.000,9999.000,9999.000,9999.000,9999.000,9999.000
202608122130,   2.963,9999.000,9999.000,9999.000,9999.000,9999.000,9999.000,9999.000,9999.000
202608122136,   3.190,9999.000,9999.000,9999.000,9999.000,9999.000,9999.000,9999.000,9999.000
202608122142,   3.418,9999.000,9999.000,9999.000,9999.000,9999.000,9999.000,9999.000,9999.000
202608122148,   3.645,9999.000,9999.000,9999.000,9999.000,9999.000,9999.000,9999.000,9999.000
202608122154,   3.870,9999.000,9999.000,9999.000,9999.000,9999.000,9999.000,9999.000,9999.000
202608122200,   4.092,9999.000,   0.300,   0.000,   4.392,   0.200,   4.292,   0.400,   4.492
202608122206,   4.310,9999.000,9999.000,9999.000,9999.000,9999.000,9999.000,9999.000,9999.000
202608122212,   4.523,9999.000,9999.000,9999.000,9999.000,9999.000,9999.000,9999.000,9999.000
202608122218,   4.730,9999.000,9999.000,9999.000,9999.000,9999.000,9999.000,9999.000,9999.000
202608122224,   4.929,9999.000,9999.000,9999.000,9999.000,9999.000,9999.000,9999.000,9999.000
202608122230,   5.121,9999.000,9999.000,9999.000,9999.000,9999.000,9999.000,9999.000,9999.000
202608122236,   5.305,9999.000,9999.000,9999.000,9999.000,9999.000,9999.000,9999.000,9999.000
202608122242,   5.479,9999.000,9999.000,9999.000,9999.000,9999.000,9999.000,9999.000,9999.000
202608122248,   5.644,9999.000,9999.000,9999.000,9999.000,9999.000,9999.000,9999.000,9999.000
202608122254,   5.798,9999.000,9999.000,9999.000,9999.000,9999.000,9999.000,9999.000,9999.000
202608122300,   5.943,9999.000,   0.300,   0.000,   6.243,   0.200,   6.143,   0.400,   6.343
202608122306,   6.077,9999.000,9999.000,9999.000,9999.000,9999.000,9999.000,9999.000,9999.000
202608122312,   6.202,9999.000,9999.000,9999.000,9999.000,9999.000,9999.000,9999.000,9999.000
202608122318,   6.316,9999.000,9999.000,9999.000,9999.000,9999.000,9999.000,9999.000,9999.000
202608122324,   6.420,9999.000,9999.000,9999.000,9999.000,9999.000,9999.000,9999.000,9999.000
202608122330,   6.515,9999.000,9999.000,9999.000,9999.000,9999.000,9999.000,9999.000,9999.000
202608122336,   6.601,9999.000,9999.000,9999.000,9999.000,9999.000,9999.000,9999.000,9999.000
202608122342,   6.678,9999.000,9999.000,9999.000,9999.000,9999.000,9999.000,9999.000,9999.000
202608122348,   6.746,9999.000,9999.000,9999.000,9999.000,9999.000,9999.000,9999.000,9999.000
202608122354,   6.807,9999.000,9999.000,9999.000,9999.000,9999.000,9999.000,9999.000,9999.000
202608130000,   6.860,9999.000,   0.300,   0.000,   7.160,   0.200,   7.060,   0.400,   7.260
202608130006,   6.906,9999.000,9999.000,9999.000,9999.000,9999.000,9999.000,9999.000,9999.000
202608130012,   6.945,9999.000,9999.000,9999.000,9999.000,9999.000,9999.000,9999.000,9999.000
202608130018,   6.978,9999.000,9999.000,9999.000,9999.000,9999.000,9999.000,9999.000,9999.000
202608130024,   7.004,9999.000,9999.000,9999.000,9999.000,9999.000,9999.000,9999.000,9999.000
202608130030,   7.025,9999.000,9999.000,9999.000,9999.000,9999.000,9999.000,9999.000,9999.000
202608130036,   7.039,9999.000,9999.000,9999.000,9999.000,9999.000,9999.000,9999.000,9999.000
202608130042,   7.048,9999.000,9999.000,9999.000,9999.000,9999.000,9999.000,9999.000,9999.000
202608130048,   7.050,9999.000,9999.000,9999.000,9999.000,9999.000,9999.000,9999.000,9999.000
202608130054,   7.046,9999.000,9999.000,9999.000,9999.000,9999.000,9999.000,9999.000,9999.000
202608130100,   7.036,9999.000,   0.400,   0.000,   7.436,   0.300,   7.336,   0.400,   7.436
202608130106,   7.020,9999.000,9999.000,9999.000,9999.000,9999.000,9999.000,9999.000,9999.000
202608130112,   6.997,9999.000,9999.000,9999.000,9999.000,9999.000,9999.000,9999.000,9999.000
202608130118,   6.967,9999.000,9999.000,9999.000,9999.000,9999.000,9999.000,9999.000,9999.000
202608130124,   6.930,9999.000,9999.000,9999.000,9999.000,9999.000,9999.000,9999.000,9999.000
202608130130,   6.886,9999.000,9999.000,9999.000,9999.000,9999.000,9999.000,9999.000,9999.000
202608130136,   6.834,9999.000,9999.000,9999.000,9999.000,9999.000,9999.000,9999.000,9999.000
202608130142,   6.774,9999.000,9999.000,9999.000,9999.000,9999.000,9999.000,9999.000,9999.000
202608130148,   6.707,9999.000,9999.000,9999.000,9999.000,9999.000,9999.000,9999.000,9999.000
202608130154,   6.632,9999.000,9999.000,9999.000,9999.000,9999.000,9999.000,9999.000,9999.000
202608130200,   6.549,9999.000,   0.400,   0.000,   6.949,   0.300,   6.849,   0.400,   6.949
202608130206,   6.458,9999.000,9999.000,9999.000,9999.000,9999.000,9999.000,9999.000,9999.000
202608130212,   6.360,9999.000,9999.000,9999.000,9999.000,9999.000,9999.000,9999.000,9999.000
202608130218,   6.255,9999.000,9999.000,9999.000,9999.000,9999.000,9999.000,9999.000,9999.000
202608130224,   6.142,9999.000,9999.000,9999.000,9999.000,9999.000,9999.000,9999.000,9999.000
202608130230,   6.023,9999.000,9999.000,9999.000,9999.000,9999.000,9999.000,9999.000,9999.000
202608130236,   5.897,9999.000,9999.000,9999.000,9999.000,9999.000,9999.000,9999.000,9999.000
202608130242,   5.766,9999.000,9999.000,9999.000,9999.000,9999.000,9999.000,9999.000,9999.000
202608130248,   5.630,9999.000,9999.000,9999.000,9999.000,9999.000,9999.000,9999.000,9999.000
202608130254,   5.488,9999.000,9999.000,9999.000,9999.000,9999.000,9999.000,9999.000,9999.000
202608130300,   5.343,9999.000,   0.400,   0.000,   5.743,   0.300,   5.643,   0.400,   5.743
202608130306,   5.193,9999.000,9999.000,9999.000,9999.000,9999.000,9999.000,9999.000,9999.000
202608130312,   5.041,9999.000,9999.000,9999.000,9999.000,9999.000,9999.000,9999.000,9999.000
202608130318,   4.885,9999.000,9999.000,9999.000,9999.000,9999.000,9999.000,9999.000,9999.000
202608130324,   4.728,9999.000,9999.000,9999.000,9999.000,9999.000,9999.000,9999.000,9999.000
202608130330,   4.568,9999.000,9999.000,9999.000,9999.000,9999.000,9999.000,9999.000,9999.000
202608130336,   4.407,9999.000,9999.000,9999.000,9999.000,9999.000,9999.000,9999.000,9999.000
202608130342,   4.244,9999.000,9999.000,9999.000,9999.000,9999.000,9999.000,9999.000,9999.000
202608130348,   4.081,9999.000,9999.000,9999.000,9999.000,9999.000,9999.000,9999.000,9999.000
202608130354,   3.917,9999.000,9999.000,9999.000,9999.000,9999.000,9999.000,9999.000,9999.000
202608130400,   3.752,9999.000,   0.400,   0.000,   4.152,   0.300,   4.052,   0.400,   4.152
202608130406,   3.587,9999.000,9999.000,9999.000,9999.000,9999.000,9999.000,9999.000,9999.000
202608130412,   3.422,9999.000,9999.000,9999.000,9999.000,9999.000,9999.000,9999.000,9999.000
202608130418,   3.256,9999.000,9999.000,9999.000,9999.000,9999.000,9999.000,9999.000,9999.000
202608130424,   3.091,9999.000,9999.000,9999.000,9999.000,9999.000,9999.000,9999.000,9999.000
202608130430,   2.925,9999.000,9999.000,9999.000,9999.000,9999.000,9999.000,9999.000,9999.000
202608130436,   2.760,9999.000,9999.000,9999.000,9999.000,9999.000,9999.000,9999.000,9999.000
202608130442,   2.595,9999.000,9999.000,9999.000,9999.000,9999.000,9999.000,9999.000,9999.000
202608130448,   2.430,9999.000,9999.000,9999.000,9999.000,9999.000,9999.000,9999.000,9999.000
202608130454,   2.265,9999.000,9999.000,9999.000,9999.000,9999.000,9999.000,9999.000,9999.000
202608130500,   2.102,9999.000,   0.300,   0.000,   2.402,   0.300,   2.402,   0.400,   2.502
202608130506,   1.940,9999.000,9999.000,9999.000,9999.000,9999.000,9999.000,9999.000,9999.000
202608130512,   1.779,9999.000,9999.000,9999.000,9999.000,9999.000,9999.000,9999.000,9999.000
202608130518,   1.619,9999.000,9999.000,9999.000,9999.000,9999.000,9999.000,9999.000,9999.000
202608130524,   1.462,9999.000,9999.000,9999.000,9999.000,9999.000,9999.000,9999.000,9999.000
202608130530,   1.308,9999.000,9999.000,9999.000,9999.000,9999.000,9999.000,9999.000,9999.000
202608130536,   1.157,9999.000,9999.000,9999.000,9999.000,9999.000,9999.000,9999.000,9999.000
202608130542,   1.009,9999.000,9999.000,9999.000,9999.000,9999.000,9999.000,9999.000,9999.000
202608130548,   0.866,9999.000,9999.000,9999.000,9999.000,9999.000,9999.000,9999.000,9999.000
202608130554,   0.728,9999.000,9999.000,9999.000,9999.000,9999.000,9999.000,9999.000,9999.000
202608130600,   0.595,9999.000,   0.300,   0.000,   0.895,   0.300,   0.895,   0.400,   0.995
202608130606,   0.469,9999.000,9999.000,9999.000,9999.000,9999.000,9999.000,9999.000,9999.000
202608130612,   0.349,9999.000,9999.000,9999.000,9999.000,9999.000,9999.000,9999.000,9999.000
202608130618,   0.236,9999.000,9999.000,9999.000,9999.000,9999.000,9999.000,9999.000,9999.000
202608130624,   0.131,9999.000,9999.000,9999.000,9999.000,9999.000,9999.000,9999.000,9999.000
202608130630,   0.034,9999.000,9999.000,9999.000,9999.000,9999.000,9999.000,9999.000,9999.000
202608130636,  -0.054,9999.000,9999.000,9999.000,9999.000,9999.000,9999.000,9999.000,9999.000
202608130642,  -0.133,9999.000,9999.000,9999.000,9999.000,9999.000,9999.000,9999.000,9999.000
202608130648,  -0.203,9999.000,9999.000,9999.000,9999.000,9999.000,9999.000,9999.000,9999.000
202608130654,  -0.264,9999.000,9999.000,9999.000,9999.000,9999.000,9999.000,9999.000,9999.000
202608130700,  -0.314,9999.000,   0.300,   0.000,  -0.014,   0.200,  -0.114,   0.400,   0.086
202608130706,  -0.354,9999.000,9999.000,9999.000,9999.000,9999.000,9999.000,9999.000,9999.000
202608130712,  -0.385,9999.000,9999.000,9999.000,9999.000,9999.000,9999.000,9999.000,9999.000
202608130718,  -0.404,9999.000,9999.000,9999.000,9999.000,9999.000,9999.000,9999.000,9999.000
202608130724,  -0.414,9999.000,9999.000,9999.000,9999.000,9999.000,9999.000,9999.000,9999.000
202608130730,  -0.413,9999.000,9999.000,9999.000,9999.000,9999.000,9999.000,9999.000,9999.000
202608130736,  -0.401,9999.000,9999.000,9999.000,9999.000,9999.000,9999.000,9999.000,9999.000
202608130742,  -0.379,9999.000,9999.000,9999.000,9999.000,9999.000,9999.000,9999.000,9999.000
202608130748,  -0.346,9999.000,9999.000,9999.000,9999.000,9999.000,9999.000,9999.000,9999.000
202608130754,  -0.302,9999.000,9999.000,9999.000,9999.000,9999.000,9999.000,9999.000,9999.000
202608130800,  -0.248,9999.000,   0.300,   0.000,   0.052,   0.200,  -0.048,   0.300,   0.052
202608130806,  -0.183,9999.000,9999.000,9999.000,9999.000,9999.000,9999.000,9999.000,9999.000
202608130812,  -0.107,9999.000,9999.000,9999.000,9999.000,9999.000,9999.000,9999.000,9999.000
202608130818,  -0.021,9999.000,9999.000,9999.000,9999.000,9999.000,9999.000,9999.000,9999.000
202608130824,   0.074,9999.000,9999.000,9999.000,9999.000,9999.000,9999.000,9999.000,9999.000
202608130830,   0.181,9999.000,9999.000,9999.000,9999.000,9999.000,9999.000,9999.000,9999.000
202608130836,   0.299,9999.000,9999.000,9999.000,9999.000,9999.000,9999.000,9999.000,9999.000
202608130842,   0.426,9999.000,9999.000,9999.000,9999.000,9999.000,9999.000,9999.000,9999.000
202608130848,   0.564,9999.000,9999.000,9999.000,9999.000,9999.000,9999.000,9999.000,9999.000
202608130854,   0.711,9999.000,9999.000,9999.000,9999.000,9999.000,9999.000,9999.000,9999.000
202608130900,   0.869,9999.000,   0.300,   0.000,   1.169,   0.200,   1.069,   0.300,   1.169
202608130906,   1.035,9999.000,9999.000,9999.000,9999.000,9999.000,9999.000,9999.000,9999.000
202608130912,   1.210,9999.000,9999.000,9999.000,9999.000,9999.000,9999.000,9999.000,9999.000
202608130918,   1.393,9999.000,9999.000,9999.000,9999.000,9999.000,9999.000,9999.000,9999.000
202608130924,   1.583,9999.000,9999.000,9999.000,9999.000,9999.000,9999.000,9999.000,9999.000
202608130930,   1.781,9999.000,9999.000,9999.000,9999.000,9999.000,9999.000,9999.000,9999.000
202608130936,   1.984,9999.000,9999.000,9999.000,9999.000,9999.000,9999.000,9999.000,9999.000
202608130942,   2.193,9999.000,9999.000,9999.000,9999.000,9999.000,9999.000,9999.000,9999.000
202608130948,   2.405,9999.000,9999.000,9999.000,9999.000,9999.000,9999.000,9999.000,9999.000
202608130954,   2.621,9999.000,9999.000,9999.000,9999.000,9999.000,9999.000,9999.000,9999.000
202608131000,   2.839,9999.000,   0.300,   0.000,   3.139,   0.200,   3.039,   0.400,   3.239
202608131006,   3.058,9999.000,9999.000,9999.000,9999.000,9999.000,9999.000,9999.000,9999.000
202608131012,   3.276,9999.000,9999.000,9999.000,9999.000,9999.000,9999.000,9999.000,9999.000
202608131018,   3.493,9999.000,9999.000,9999.000,9999.000,9999.000,9999.000,9999.000,9999.000
202608131024,   3.708,9999.000,9999.000,9999.000,9999.000,9999.000,9999.000,9999.000,9999.000
202608131030,   3.919,9999.000,9999.000,9999.000,9999.000,9999.000,9999.000,9999.000,9999.000
202608131036,   4.125,9999.000,9999.000,9999.000,9999.000,9999.000,9999.000,9999.000,9999.000
202608131042,   4.325,9999.000,9999.000,9999.000,9999.000,9999.000,9999.000,9999.000,9999.000
202608131048,   4.518,9999.000,9999.000,9999.000,9999.000,9999.000,9999.000,9999.000,9999.000
202608131054,   4.704,9999.000,9999.000,9999.000,9999.000,9999.000,9999.000,9999.000,9999.000
202608131100,   4.882,9999.000,   0.300,   0.000,   5.182,   0.200,   5.082,   0.400,   5.282
202608131106,   5.051,9999.000,9999.000,9999.000,9999.000,9999.000,9999.000,9999.000,9999.000
202608131112,   5.210,9999.000,9999.000,9999.000,9999.000,9999.000,9999.000,9999.000,9999.000
202608131118,   5.359,9999.000,9999.000,9999.000,9999.000,9999.000,9999.000,9999.000,9999.000
202608131124,   5.499,9999.000,9999.000,9999.000,9999.000,9999.000,9999.000,9999.000,9999.000
202608131130,   5.629,9999.000,9999.000,9999.000,9999.000,9999.000,9999.000,9999.000,9999.000
202608131136,   5.748,9999.000,9999.000,9999.000,9999.000,9999.000,9999.000,9999.000,9999.000
202608131142,   5.857,9999.000,9999.000,9999.000,9999.000,9999.000,9999.000,9999.000,9999.000
202608131148,   5.957,9999.000,9999.000,9999.000,9999.000,9999.000,9999.000,9999.000,9999.000
202608131154,   6.047,9999.000,9999.000,9999.000,9999.000,9999.000,9999.000,9999.000,9999.000
202608131200,   6.128,9999.000,   0.300,   0.000,   6.428,   0.300,   6.428,   0.400,   6.528
202608131206,   6.200,9999.000,9999.000,9999.000,9999.000,9999.000,9999.000,9999.000,9999.000
202608131212,   6.264,9999.000,9999.000,9999.000,9999.000,9999.000,9999.000,9999.000,9999.000
202608131218,   6.320,9999.000,9999.000,9999.000,9999.000,9999.000,9999.000,9999.000,9999.000
202608131224,   6.369,9999.000,9999.000,9999.000,9999.000,9999.000,9999.000,9999.000,9999.000
202608131230,   6.410,9999.000,9999.000,9999.000,9999.000,9999.000,9999.000,9999.000,9999.000
202608131236,   6.445,9999.000,9999.000,9999.000,9999.000,9999.000,9999.000,9999.000,9999.000
202608131242,   6.473,9999.000,9999.000,9999.000,9999.000,9999.000,9999.000,9999.000,9999.000
202608131248,   6.496,9999.000,9999.000,9999.000,9999.000,9999.000,9999.000,9999.000,9999.000
202608131254,   6.512,9999.000,9999.000,9999.000,9999.000,9999.000,9999.000,9999.000,9999.000
202608131300,   6.522,9999.000,   0.300,   0.000,   6.822,   0.300,   6.822,   0.400,   6.922
202608131306,   6.527,9999.000,9999.000,9999.000,9999.000,9999.000,9999.000,9999.000,9999.000
202608131312,   6.526,9999.000,9999.000,9999.000,9999.000,9999.000,9999.000,9999.000,9999.000
202608131318,   6.518,9999.000,9999.000,9999.000,9999.000,9999.000,9999.000,9999.000,9999.000
202608131324,   6.505,9999.000,9999.000,9999.000,9999.000,9999.000,9999.000,9999.000,9999.000
202608131330,   6.486,9999.000,9999.000,9999.000,9999.000,9999.000,9999.000,9999.000,9999.000
202608131336,   6.460,9999.000,9999.000,9999.000,9999.000,9999.000,9999.000,9999.000,9999.000
202608131342,   6.428,9999.000,9999.000,9999.000,9999.000,9999.000,9999.000,9999.000,9999.000
202608131348,   6.388,9999.000,9999.000,9999.000,9999.000,9999.000,9999.000,9999.000,9999.000
202608131354,   6.342,9999.000,9999.000,9999.000,9999.000,9999.000,9999.000,9999.000,9999.000
202608131400,   6.288,9999.000,   0.300,   0.000,   6.588,   0.300,   6.588,   0.400,   6.688
202608131406,   6.227,9999.000,9999.000,9999.000,9999.000,9999.000,9999.000,9999.000,9999.000
202608131412,   6.159,9999.000,9999.000,9999.000,9999.000,9999.000,9999.000,9999.000,9999.000
202608131418,   6.082,9999.000,9999.000,9999.000,9999.000,9999.000,9999.000,9999.000,9999.000
202608131424,   5.999,9999.000,9999.000,9999.000,9999.000,9999.000,9999.000,9999.000,9999.000
202608131430,   5.907,9999.000,9999.000,9999.000,9999.000,9999.000,9999.000,9999.000,9999.000
202608131436,   5.809,9999.000,9999.000,9999.000,9999.000,9999.000,9999.000,9999.000,9999.000
202608131442,   5.703,9999.000,9999.000,9999.000,9999.000,9999.000,9999.000,9999.000,9999.000
202608131448,   5.590,9999.000,9999.000,9999.000,9999.000,9999.000,9999.000,9999.000,9999.000
202608131454,   5.471,9999.000,9999.000,9999.000,9999.000,9999.000,9999.000,9999.000,9999.000
202608131500,   5.346,9999.000,   0.300,   0.000,   5.646,   0.200,   5.546,   0.400,   5.746
202608131506,   5.215,9999.000,9999.000,9999.000,9999.000,9999.000,9999.000,9999.000,9999.000
202608131512,   5.079,9999.000,9999.000,9999.000,9999.000,9999.000,9999.000,9999.000,9999.000
202608131518,   4.938,9999.000,9999.000,9999.000,9999.000,9999.000,9999.000,9999.000,9999.000
202608131524,   4.794,9999.000,9999.000,9999.000,9999.000,9999.000,9999.000,9999.000,9999.000
202608131530,   4.645,9999.000,9999.000,9999.000,9999.000,9999.000,9999.000,9999.000,9999.000
202608131536,   4.494,9999.000,9999.000,9999.000,9999.000,9999.000,9999.000,9999.000,9999.000
202608131542,   4.340,9999.000,9999.000,9999.000,9999.000,9999.000,9999.000,9999.000,9999.000
202608131548,   4.185,9999.000,9999.000,9999.000,9999.000,9999.000,9999.000,9999.000,9999.000
202608131554,   4.027,9999.000,9999.000,9999.000,9999.000,9999.000,9999.000,9999.000,9999.000
202608131600,   3.868,9999.000,   0.300,   0.000,   4.168,   0.200,   4.068,   0.400,   4.268
202608131606,   3.709,9999.000,9999.000,9999.000,9999.000,9999.000,9999.000,9999.000,9999.000
202608131612,   3.549,9999.000,9999.000,9999.000,9999.000,9999.000,9999.000,9999.000,9999.000
202608131618,   3.388,9999.000,9999.000,9999.000,9999.000,9999.000,9999.000,9999.000,9999.000
202608131624,   3.228,9999.000,9999.000,9999.000,9999.000,9999.000,9999.000,9999.000,9999.000
202608131630,   3.067,9999.000,9999.000,9999.000,9999.000,9999.000,9999.000,9999.000,9999.000
202608131636,   2.907,9999.000,9999.000,9999.000,9999.000,9999.000,9999.000,9999.000,9999.000
202608131642,   2.747,9999.000,9999.000,9999.000,9999.000,9999.000,9999.000,9999.000,9999.000
202608131648,   2.587,9999.000,9999.000,9999.000,9999.000,9999.000,9999.000,9999.000,9999.000
202608131654,   2.428,9999.000,9999.000,9999.000,9999.000,9999.000,9999.000,9999.000,9999.000
202608131700,   2.270,9999.000,   0.300,   0.000,   2.570,   0.200,   2.470,   0.400,   2.670
202608131706,   2.112,9999.000,9999.000,9999.000,9999.000,9999.000,9999.000,9999.000,9999.000
202608131712,   1.955,9999.000,9999.000,9999.000,9999.000,9999.000,9999.000,9999.000,9999.000
202608131718,   1.800,9999.000,9999.000,9999.000,9999.000,9999.000,9999.000,9999.000,9999.000
202608131724,   1.646,9999.000,9999.000,9999.000,9999.000,9999.000,9999.000,9999.000,9999.000
202608131730,   1.493,9999.000,9999.000,9999.000,9999.000,9999.000,9999.000,9999.000,9999.000
202608131736,   1.342,9999.000,9999.000,9999.000,9999.000,9999.000,9999.000,9999.000,9999.000
202608131742,   1.194,9999.000,9999.000,9999.000,9999.000,9999.000,9999.000,9999.000,9999.000
202608131748,   1.048,9999.000,9999.000,9999.000,9999.000,9999.000,9999.000,9999.000,9999.000
202608131754,   0.906,9999.000,9999.000,9999.000,9999.000,9999.000,9999.000,9999.000,9999.000
202608131800,   0.767,9999.000,   0.300,   0.000,   1.067,   0.200,   0.967,   0.400,   1.167
202608131806,   0.633,9999.000,9999.000,9999.000,9999.000,9999.000,9999.000,9999.000,9999.000
202608131812,   0.503,9999.000,9999.000,9999.000,9999.000,9999.000,9999.000,9999.000,9999.000
202608131818,   0.378,9999.000,9999.000,9999.000,9999.000,9999.000,9999.000,9999.000,9999.000
202608131824,   0.260,9999.000,9999.000,9999.000,9999.000,9999.000,9999.000,9999.000,9999.000
202608131830,   0.148,9999.000,9999.000,9999.000,9999.000,9999.000,9999.000,9999.000,9999.000
202608131836,   0.043,9999.000,9999.000,9999.000,9999.000,9999.000,9999.000,9999.000,9999.000
202608131842,  -0.054,9999.000,9999.000,9999.000,9999.000,9999.000,9999.000,9999.000,9999.000
202608131848,  -0.144,9999.000,9999.000,9999.000,9999.000,9999.000,9999.000,9999.000,9999.000
202608131854,  -0.225,9999.000,9999.000,9999.000,9999.000,9999.000,9999.000,9999.000,9999.000
202608131900,  -0.297,9999.000,   0.300,   0.000,   0.003,   0.200,  -0.097,   0.400,   0.103
202608131906,  -0.360,9999.000,9999.000,9999.000,9999.000,9999.000,9999.000,9999.000,9999.000
202608131912,  -0.413,9999.000,9999.000,9999.000,9999.000,9999.000,9999.000,9999.000,9999.000
202608131918,  -0.457,9999.000,9999.000,9999.000,9999.000,9999.000,9999.000,9999.000,9999.000
202608131924,  -0.491,9999.000,9999.000,9999.000,9999.000,9999.000,9999.000,9999.000,9999.000
202608131930,  -0.514,9999.000,9999.000,9999.000,9999.000,9999.000,9999.000,9999.000,9999.000
202608131936,  -0.527,9999.000,9999.000,9999.000,9999.000,9999.000,9999.000,9999.000,9999.000
202608131942,  -0.530,9999.000,9999.000,9999.000,9999.000,9999.000,9999.000,9999.000,9999.000
202608131948,  -0.522,9999.000,9999.000,9999.000,9999.000,9999.000,9999.000,9999.000,9999.000
202608131954,  -0.504,9999.000,9999.000,9999.000,9999.000,9999.000,9999.000,9999.000,9999.000
202608132000,  -0.475,9999.000,   0.300,   0.000,  -0.175,   0.300,  -0.175,   0.400,  -0.075
202608132006,  -0.436,9999.000,9999.000,9999.000,9999.000,9999.000,9999.000,9999.000,9999.000
202608132012,  -0.387,9999.000,9999.000,9999.000,9999.000,9999.000,9999.000,9999.000,9999.000
202608132018,  -0.327,9999.000,9999.000,9999.000,9999.000,9999.000,9999.000,9999.000,9999.000
202608132024,  -0.257,9999.000,9999.000,9999.000,9999.000,9999.000,9999.000,9999.000,9999.000
202608132030,  -0.177,9999.000,9999.000,9999.000,9999.000,9999.000,9999.000,9999.000,9999.000
202608132036,  -0.087,9999.000,9999.000,9999.000,9999.000,9999.000,9999.000,9999.000,9999.000
202608132042,   0.013,9999.000,9999.000,9999.000,9999.000,9999.000,9999.000,9999.000,9999.000
202608132048,   0.123,9999.000,9999.000,9999.000,9999.000,9999.000,9999.000,9999.000,9999.000
202608132054,   0.244,9999.000,9999.000,9999.000,9999.000,9999.000,9999.000,9999.000,9999.000
202608132100,   0.374,9999.000,   0.400,   0.000,   0.774,   0.300,   0.674,   0.400,   0.774
202608132106,   0.514,9999.000,9999.000,9999.000,9999.000,9999.000,9999.000,9999.000,9999.000
202608132112,   0.664,9999.000,9999.000,9999.000,9999.000,9999.000,9999.000,9999.000,9999.000
202608132118,   0.822,9999.000,9999.000,9999.000,9999.000,9999.000,9999.000,9999.000,9999.000
202608132124,   0.990,9999.000,9999.000,9999.000,9999.000,9999.000,9999.000,9999.000,9999.000
202608132130,   1.166,9999.000,9999.000,9999.000,9999.000,9999.000,9999.000,9999.000,9999.000
202608132136,   1.350,9999.000,9999.000,9999.000,9999.000,9999.000,9999.000,9999.000,9999.000
202608132142,   1.542,9999.000,9999.000,9999.000,9999.000,9999.000,9999.000,9999.000,9999.000
202608132148,   1.741,9999.000,9999.000,9999.000,9999.000,9999.000,9999.000,9999.000,9999.000
202608132154,   1.946,9999.000,9999.000,9999.000,9999.000,9999.000,9999.000,9999.000,9999.000
202608132200,   2.156,9999.000,   0.400,   0.000,   2.556,   0.300,   2.456,   0.500,   2.656
202608132206,   2.371,9999.000,9999.000,9999.000,9999.000,9999.000,9999.000,9999.000,9999.000
202608132212,   2.590,9999.000,9999.000,9999.000,9999.000,9999.000,9999.000,9999.000,9999.000
202608132218,   2.812,9999.000,9999.000,9999.000,9999.000,9999.000,9999.000,9999.000,9999.000
202608132224,   3.035,9999.000,9999.000,9999.000,9999.000,9999.000,9999.000,9999.000,9999.000
202608132230,   3.258,9999.000,9999.000,9999.000,9999.000,9999.000,9999.000,9999.000,9999.000
202608132236,   3.481,9999.000,9999.000,9999.000,9999.000,9999.000,9999.000,9999.000,9999.000
202608132242,   3.702,9999.000,9999.000,9999.000,9999.000,9999.000,9999.000,9999.000,9999.000
202608132248,   3.921,9999.000,9999.000,9999.000,9999.000,9999.000,9999.000,9999.000,9999.000
202608132254,   4.135,9999.000,9999.000,9999.000,9999.000,9999.000,9999.000,9999.000,9999.000
202608132300,   4.345,9999.000,   0.400,   0.000,   4.745,   0.400,   4.745,   0.500,   4.845
202608132306,   4.548,9999.000,9999.000,9999.000,9999.000,9999.000,9999.000,9999.000,9999.000
202608132312,   4.745,9999.000,9999.000,9999.000,9999.000,9999.000,9999.000,9999.000,9999.000
202608132318,   4.934,9999.000,9999.000,9999.000,9999.000,9999.000,9999.000,9999.000,9999.000
202608132324,   5.114,9999.000,9999.000,9999.000,9999.000,9999.000,9999.000,9999.000,9999.000
202608132330,   5.286,9999.000,9999.000,9999.000,9999.000,9999.000,9999.000,9999.000,9999.000
202608132336,   5.448,9999.000,9999.000,9999.000,9999.000,9999.000,9999.000,9999.000,9999.000
202608132342,   5.601,9999.000,9999.000,9999.000,9999.000,9999.000,9999.000,9999.000,9999.000
202608132348,   5.743,9999.000,9999.000,9999.000,9999.000,9999.000,9999.000,9999.000,9999.000
202608132354,   5.875,9999.000,9999.000,9999.000,9999.000,9999.000,9999.000,9999.000,9999.000
202608140000,   5.998,9999.000,   0.400,   0.000,   6.398,   0.400,   6.398,   0.500,   6.498
202608140006,   6.110,9999.000,9999.000,9999.000,9999.000,9999.000,9999.000,9999.000,9999.000
202608140012,   6.213,9999.000,9999.000,9999.000,9999.000,9999.000,9999.000,9999.000,9999.000
202608140018,   6.306,9999.000,9999.000,9999.000,9999.000,9999.000,9999.000,9999.000,9999.000
202608140024,   6.390,9999.000,9999.000,9999.000,9999.000,9999.000,9999.000,9999.000,9999.000
202608140030,   6.466,9999.000,9999.000,9999.000,9999.000,9999.000,9999.000,9999.000,9999.000
202608140036,   6.533,9999.000,9999.000,9999.000,9999.000,9999.000,9999.000,9999.000,9999.000
202608140042,   6.593,9999.000,9999.000,9999.000,9999.000,9999.000,9999.000,9999.000,9999.000
202608140048,   6.645,9999.000,9999.000,9999.000,9999.000,9999.000,9999.000,9999.000,9999.000
202608140054,   6.691,9999.000,9999.000,9999.000,9999.000,9999.000,9999.000,9999.000,9999.000
202608140100,   6.730,9999.000,   0.400,   0.000,   7.130,   0.400,   7.130,   0.500,   7.230
202608140106,   6.763,9999.000,9999.000,9999.000,9999.000,9999.000,9999.000,9999.000,9999.000
202608140112,   6.790,9999.000,9999.000,9999.000,9999.000,9999.000,9999.000,9999.000,9999.000
202608140118,   6.812,9999.000,9999.000,9999.000,9999.000,9999.000,9999.000,9999.000,9999.000
202608140124,   6.828,9999.000,9999.000,9999.000,9999.000,9999.000,9999.000,9999.000,9999.000
202608140130,   6.838,9999.000,9999.000,9999.000,9999.000,9999.000,9999.000,9999.000,9999.000
202608140136,   6.843,9999.000,9999.000,9999.000,9999.000,9999.000,9999.000,9999.000,9999.000
202608140142,   6.842,9999.000,9999.000,9999.000,9999.000,9999.000,9999.000,9999.000,9999.000
202608140148,   6.836,9999.000,9999.000,9999.000,9999.000,9999.000,9999.000,9999.000,9999.000
202608140154,   6.823,9999.000,9999.000,9999.000,9999.000,9999.000,9999.000,9999.000,9999.000
202608140200,   6.804,9999.000,   0.400,   0.000,   7.204,   0.400,   7.204,   0.500,   7.304
202608140206,   6.779,9999.000,9999.000,9999.000,9999.000,9999.000,9999.000,9999.000,9999.000
202608140212,   6.747,9999.000,9999.000,9999.000,9999.000,9999.000,9999.000,9999.000,9999.000
202608140218,   6.708,9999.000,9999.000,9999.000,9999.000,9999.000,9999.000,9999.000,9999.000
202608140224,   6.662,9999.000,9999.000,9999.000,9999.000,9999.000,9999.000,9999.000,9999.000
202608140230,   6.609,9999.000,9999.000,9999.000,9999.000,9999.000,9999.000,9999.000,9999.000
202608140236,   6.547,9999.000,9999.000,9999.000,9999.000,9999.000,9999.000,9999.000,9999.000
202608140242,   6.479,9999.000,9999.000,9999.000,9999.000,9999.000,9999.000,9999.000,9999.000
202608140248,   6.402,9999.000,9999.000,9999.000,9999.000,9999.000,9999.000,9999.000,9999.000
202608140254,   6.318,9999.000,9999.000,9999.000,9999.000,9999.000,9999.000,9999.000,9999.000
202608140300,   6.226,9999.000,   0.400,   0.000,   6.626,   0.400,   6.626,   0.500,   6.726
202608140306,   6.126,9999.000,9999.000,9999.000,9999.000,9999.000,9999.000,9999.000,9999.000
202608140312,   6.019,9999.000,9999.000,9999.000,9999.000,9999.000,9999.000,9999.000,9999.000
202608140318,   5.906,9999.000,9999.000,9999.000,9999.000,9999.000,9999.000,9999.000,9999.000
202608140324,   5.785,9999.000,9999.000,9999.000,9999.000,9999.000,9999.000,9999.000,9999.000
202608140330,   5.659,9999.000,9999.000,9999.000,9999.000,9999.000,9999.000,9999.000,9999.000
202608140336,   5.527,9999.000,9999.000,9999.000,9999.000,9999.000,9999.000,9999.000,9999.000
202608140342,   5.389,9999.000,9999.000,9999.000,9999.000,9999.000,9999.000,9999.000,9999.000
202608140348,   5.247,9999.000,9999.000,9999.000,9999.000,9999.000,9999.000,9999.000,9999.000
202608140354,   5.101,9999.000,9999.000,9999.000,9999.000,9999.000,9999.000,9999.000,9999.000
202608140400,   4.951,9999.000,   0.400,   0.000,   5.351,   0.300,   5.251,   0.500,   5.451
202608140406,   4.797,9999.000,9999.000,9999.000,9999.000,9999.000,9999.000,9999.000,9999.000
202608140412,   4.641,9999.000,9999.000,9999.000,9999.000,9999.000,9999.000,9999.000,9999.000
202608140418,   4.483,9999.000,9999.000,9999.000,9999.000,9999.000,9999.000,9999.000,9999.000
202608140424,   4.322,9999.000,9999.000,9999.000,9999.000,9999.000,9999.000,9999.000,9999.000
202608140430,   4.160,9999.000,9999.000,9999.000,9999.000,9999.000,9999.000,9999.000,9999.000
202608140436,   3.997,9999.000,9999.000,9999.000,9999.000,9999.000,9999.000,9999.000,9999.000
202608140442,   3.833,9999.000,9999.000,9999.000,9999.000,9999.000,9999.000,9999.000,9999.000
202608140448,   3.667,9999.000,9999.000,9999.000,9999.000,9999.000,9999.000,9999.000,9999.000
202608140454,   3.502,9999.000,9999.000,9999.000,9999.000,9999.000,9999.000,9999.000,9999.000
202608140500,   3.336,9999.000,   0.400,   0.000,   3.736,   0.300,   3.636,   0.500,   3.836
202608140506,   3.169,9999.000,9999.000,9999.000,9999.000,9999.000,9999.000,9999.000,9999.000
202608140512,   3.003,9999.000,9999.000,9999.000,9999.000,9999.000,9999.000,9999.000,9999.000
202608140518,   2.836,9999.000,9999.000,9999.000,9999.000,9999.000,9999.000,9999.000,9999.000
202608140524,   2.670,9999.000,9999.000,9999.000,9999.000,9999.000,9999.000,9999.000,9999.000
202608140530,   2.503,9999.000,9999.000,9999.000,9999.000,9999.000,9999.000,9999.000,9999.000
202608140536,   2.338,9999.000,9999.000,9999.000,9999.000,9999.000,9999.000,9999.000,9999.000
202608140542,   2.173,9999.000,9999.000,9999.000,9999.000,9999.000,9999.000,9999.000,9999.000
202608140548,   2.009,9999.000,9999.000,9999.000,9999.000,9999.000,9999.000,9999.000,9999.000
202608140554,   1.846,9999.000,9999.000,9999.000,9999.000,9999.000,9999.000,9999.000,9999.000
202608140600,   1.685,9999.000,   0.400,   0.000,   2.085,   0.300,   1.985,   0.400,   2.085
202608140606,   1.526,9999.000,9999.000,9999.000,9999.000,9999.000,9999.000,9999.000,9999.000
202608140612,   1.369,9999.000,9999.000,9999.000,9999.000,9999.000,9999.000,9999.000,9999.000
202608140618,   1.215,9999.000,9999.000,9999.000,9999.000,9999.000,9999.000,9999.000,9999.000
202608140624,   1.065,9999.000,9999.000,9999.000,9999.000,9999.000,9999.000,9999.000,9999.000
202608140630,   0.919,9999.000,9999.000,9999.000,9999.000,9999.000,9999.000,9999.000,9999.000
202608140636,   0.777,9999.000,9999.000,9999.000,9999.000,9999.000,9999.000,9999.000,9999.000
202608140642,   0.641,9999.000,9999.000,9999.000,9999.000,9999.000,9999.000,9999.000,9999.000
202608140648,   0.510,9999.000,9999.000,9999.000,9999.000,9999.000,9999.000,9999.000,9999.000
202608140654,   0.386,9999.000,9999.000,9999.000,9999.000,9999.000,9999.000,9999.000,9999.000
202608140700,   0.269,9999.000,   0.300,   0.000,   0.569,   0.300,   0.569,   0.400,   0.669
202608140706,   0.159,9999.000,9999.000,9999.000,9999.000,9999.000,9999.000,9999.000,9999.000
202608140712,   0.058,9999.000,9999.000,9999.000,9999.000,9999.000,9999.000,9999.000,9999.000
202608140718,  -0.034,9999.000,9999.000,9999.000,9999.000,9999.000,9999.000,9999.000,9999.000
202608140724,  -0.118,9999.000,9999.000,9999.000,9999.000,9999.000,9999.000,9999.000,9999.000
202608140730,  -0.193,9999.000,9999.000,9999.000,9999.000,9999.000,9999.000,9999.000,9999.000
202608140736,  -0.257,9999.000,9999.000,9999.000,9999.000,9999.000,9999.000,9999.000,9999.000
202608140742,  -0.312,9999.000,9999.000,9999.000,9999.000,9999.000,9999.000,9999.000,9999.000
202608140748,  -0.357,9999.000,9999.000,9999.000,9999.000,9999.000,9999.000,9999.000,9999.000
202608140754,  -0.391,9999.000,9999.000,9999.000,9999.000,9999.000,9999.000,9999.000,9999.000
202608140800,  -0.414,9999.000,   0.300,   0.000,  -0.114,   0.200,  -0.214,   0.400,  -0.014
202608140806,  -0.427,9999.000,9999.000,9999.000,9999.000,9999.000,9999.000,9999.000,9999.000
202608140812,  -0.429,9999.000,9999.000,9999.000,9999.000,9999.000,9999.000,9999.000,9999.000
202608140818,  -0.420,9999.000,9999.000,9999.000,9999.000,9999.000,9999.000,9999.000,9999.000
202608140824,  -0.401,9999.000,9999.000,9999.000,9999.000,9999.000,9999.000,9999.000,9999.000
202608140830,  -0.371,9999.000,9999.000,9999.000,9999.000,9999.000,9999.000,9999.000,9999.000
202608140836,  -0.330,9999.000,9999.000,9999.000,9999.000,9999.000,9999.000,9999.000,9999.000
202608140842,  -0.279,9999.000,9999.000,9999.000,9999.000,9999.000,9999.000,9999.000,9999.000
202608140848,  -0.217,9999.000,9999.000,9999.000,9999.000,9999.000,9999.000,9999.000,9999.000
202608140854,  -0.145,9999.000,9999.000,9999.000,9999.000,9999.000,9999.000,9999.000,9999.000
202608140900,  -0.062,9999.000,   0.300,   0.000,   0.238,   0.200,   0.138,   0.400,   0.338
202608140906,   0.030,9999.000,9999.000,9999.000,9999.000,9999.000,9999.000,9999.000,9999.000
202608140912,   0.133,9999.000,9999.000,9999.000,9999.000,9999.000,9999.000,9999.000,9999.000
202608140918,   0.246,9999.000,9999.000,9999.000,9999.000,9999.000,9999.000,9999.000,9999.000
202608140924,   0.369,9999.000,9999.000,9999.000,9999.000,9999.000,9999.000,9999.000,9999.000
202608140930,   0.502,9999.000,9999.000,9999.000,9999.000,9999.000,9999.000,9999.000,9999.000
202608140936,   0.645,9999.000,9999.000,9999.000,9999.000,9999.000,9999.000,9999.000,9999.000
202608140942,   0.797,9999.000,9999.000,9999.000,9999.000,9999.000,9999.000,9999.000,9999.000
202608140948,   0.958,9999.000,9999.000,9999.000,9999.000,9999.000,9999.000,9999.000,9999.000
202608140954,   1.127,9999.000,9999.000,9999.000,9999.000,9999.000,9999.000,9999.000,9999.000
202608141000,   1.305,9999.000,   0.300,   0.000,   1.605,   0.200,   1.505,   0.400,   1.705
202608141006,   1.490,9999.000,9999.000,9999.000,9999.000,9999.000,9999.000,9999.000,9999.000
202608141012,   1.683,9999.000,9999.000,9999.000,9999.000,9999.000,9999.000,9999.000,9999.000
202608141018,   1.882,9999.000,9999.000,9999.000,9999.000,9999.000,9999.000,9999.000,9999.000
202608141024,   2.086,9999.000,9999.000,9999.000,9999.000,9999.000,9999.000,9999.000,9999.000
202608141030,   2.295,9999.000,9999.000,9999.000,9999.000,9999.000,9999.000,9999.000,9999.000
202608141036,   2.508,9999.000,9999.000,9999.000,9999.000,9999.000,9999.000,9999.000,9999.000
202608141042,   2.724,9999.000,9999.000,9999.000,9999.000,9999.000,9999.000,9999.000,9999.000
202608141048,   2.941,9999.000,9999.000,9999.000,9999.000,9999.000,9999.000,9999.000,9999.000
202608141054,   3.160,9999.000,9999.000,9999.000,9999.000,9999.000,9999.000,9999.000,9999.000
202608141100,   3.377,9999.000,   0.300,   0.000,   3.677,   0.200,   3.577,   0.400,   3.777
202608141106,   3.593,9999.000,9999.000,9999.000,9999.000,9999.000,9999.000,9999.000,9999.000
202608141112,   3.807,9999.000,9999.000,9999.000,9999.000,9999.000,9999.000,9999.000,9999.000
202608141118,   4.017,9999.000,9999.000,9999.000,9999.000,9999.000,9999.000,9999.000,9999.000
202608141124,   4.221,9999.000,9999.000,9999.000,9999.000,9999.000,9999.000,9999.000,9999.000
202608141130,   4.420,9999.000,9999.000,9999.000,9999.000,9999.000,9999.000,9999.000,9999.000
202608141136,   4.612,9999.000,9999.000,9999.000,9999.000,9999.000,9999.000,9999.000,9999.000
202608141142,   4.797,9999.000,9999.000,9999.000,9999.000,9999.000,9999.000,9999.000,9999.000
202608141148,   4.973,9999.000,9999.000,9999.000,9999.000,9999.000,9999.000,9999.000,9999.000
202608141154,   5.141,9999.000,9999.000,9999.000,9999.000,9999.000,9999.000,9999.000,9999.000
202608141200,   5.299,9999.000,   0.300,   0.000,   5.599,   0.200,   5.499,   0.400,   5.699
202608141206,   5.447,9999.000,9999.000,9999.000,9999.000,9999.000,9999.000,9999.000,9999.000
202608141212,   5.585,9999.000,9999.000,9999.000,9999.000,9999.000,9999.000,9999.000,9999.000
202608141218,   5.713,9999.000,9999.000,9999.000,9999.000,9999.000,9999.000,9999.000,9999.000
202608141224,   5.831,9999.000,9999.000,9999.000,9999.000,9999.000,9999.000,9999.000,9999.000
202608141230,   5.939,9999.000,9999.000,9999.000,9999.000,9999.000,9999.000,9999.000,9999.000
202608141236,   6.037,9999.000,9999.000,9999.000,9999.000,9999.000,9999.000,9999.000,9999.000
202608141242,   6.126,9999.000,9999.000,9999.000,9999.000,9999.000,9999.000,9999.000,9999.000
202608141248,   6.206,9999.000,9999.000,9999.000,9999.000,9999.000,9999.000,9999.000,9999.000
202608141254,   6.277,9999.000,9999.000,9999.000,9999.000,9999.000,9999.000,9999.000,9999.000
202608141300,   6.340,9999.000,   0.300,   0.000,   6.640,   0.200,   6.540,   0.400,   6.740
202608141306,   6.395,9999.000,9999.000,9999.000,9999.000,9999.000,9999.000,9999.000,9999.000
202608141312,   6.443,9999.000,9999.000,9999.000,9999.000,9999.000,9999.000,9999.000,9999.000
202608141318,   6.484,9999.000,9999.000,9999.000,9999.000,9999.000,9999.000,9999.000,9999.000
202608141324,   6.518,9999.000,9999.000,9999.000,9999.000,9999.000,9999.000,9999.000,9999.000
202608141330,   6.546,9999.000,9999.000,9999.000,9999.000,9999.000,9999.000,9999.000,9999.000
202608141336,   6.568,9999.000,9999.000,9999.000,9999.000,9999.000,9999.000,9999.000,9999.000
202608141342,   6.585,9999.000,9999.000,9999.000,9999.000,9999.000,9999.000,9999.000,9999.000
202608141348,   6.596,9999.000,9999.000,9999.000,9999.000,9999.000,9999.000,9999.000,9999.000
202608141354,   6.602,9999.000,9999.000,9999.000,9999.000,9999.000,9999.000,9999.000,9999.000
202608141400,   6.602,9999.000,   0.300,   0.000,   6.902,   0.100,   6.702,   0.400,   7.002
202608141406,   6.597,9999.000,9999.000,9999.000,9999.000,9999.000,9999.000,9999.000,9999.000
202608141412,   6.586,9999.000,9999.000,9999.000,9999.000,9999.000,9999.000,9999.000,9999.000
202608141418,   6.569,9999.000,9999.000,9999.000,9999.000,9999.000,9999.000,9999.000,9999.000
202608141424,   6.546,9999.000,9999.000,9999.000,9999.000,9999.000,9999.000,9999.000,9999.000
202608141430,   6.516,9999.000,9999.000,9999.000,9999.000,9999.000,9999.000,9999.000,9999.000
202608141436,   6.480,9999.000,9999.000,9999.000,9999.000,9999.000,9999.000,9999.000,9999.000
202608141442,   6.438,9999.000,9999.000,9999.000,9999.000,9999.000,9999.000,9999.000,9999.000
202608141448,   6.388,9999.000,9999.000,9999.000,9999.000,9999.000,9999.000,9999.000,9999.000
202608141454,   6.330,9999.000,9999.000,9999.000,9999.000,9999.000,9999.000,9999.000,9999.000
202608141500,   6.266,9999.000,   0.200,   0.000,   6.466,   0.100,   6.366,   0.400,   6.666
202608141506,   6.193,9999.000,9999.000,9999.000,9999.000,9999.000,9999.000,9999.000,9999.000
202608141512,   6.113,9999.000,9999.000,9999.000,9999.000,9999.000,9999.000,9999.000,9999.000
202608141518,   6.026,9999.000,9999.000,9999.000,9999.000,9999.000,9999.000,9999.000,9999.000
202608141524,   5.931,9999.000,9999.000,9999.000,9999.000,9999.000,9999.000,9999.000,9999.000
202608141530,   5.828,9999.000,9999.000,9999.000,9999.000,9999.000,9999.000,9999.000,9999.000
202608141536,   5.718,9999.000,9999.000,9999.000,9999.000,9999.000,9999.000,9999.000,9999.000
202608141542,   5.602,9999.000,9999.000,9999.000,9999.000,9999.000,9999.000,9999.000,9999.000
202608141548,   5.479,9999.000,9999.000,9999.000,9999.000,9999.000,9999.000,9999.000,9999.000
202608141554,   5.350,9999.000,9999.000,9999.000,9999.000,9999.000,9999.000,9999.000,9999.000
202608141600,   5.215,9999.000,   0.200,   0.000,   5.415,   0.100,   5.315,   0.400,   5.615
202608141606,   5.075,9999.000,9999.000,9999.000,9999.000,9999.000,9999.000,9999.000,9999.000
202608141612,   4.931,9999.000,9999.000,9999.000,9999.000,9999.000,9999.000,9999.000,9999.000
202608141618,   4.783,9999.000,9999.000,9999.000,9999.000,9999.000,9999.000,9999.000,9999.000
202608141624,   4.631,9999.000,9999.000,9999.000,9999.000,9999.000,9999.000,9999.000,9999.000
202608141630,   4.476,9999.000,9999.000,9999.000,9999.000,9999.000,9999.000,9999.000,9999.000
202608141636,   4.318,9999.000,9999.000,9999.000,9999.000,9999.000,9999.000,9999.000,9999.000
202608141642,   4.159,9999.000,9999.000,9999.000,9999.000,9999.000,9999.000,9999.000,9999.000
202608141648,   3.998,9999.000,9999.000,9999.000,9999.000,9999.000,9999.000,9999.000,9999.000
202608141654,   3.836,9999.000,9999.000,9999.000,9999.000,9999.000,9999.000,9999.000,9999.000
202608141700,   3.673,9999.000,   0.200,   0.000,   3.873,   0.100,   3.773,   0.300,   3.973
202608141706,   3.509,9999.000,9999.000,9999.000,9999.000,9999.000,9999.000,9999.000,9999.000
202608141712,   3.345,9999.000,9999.000,9999.000,9999.000,9999.000,9999.000,9999.000,9999.000
202608141718,   3.181,9999.000,9999.000,9999.000,9999.000,9999.000,9999.000,9999.000,9999.000
202608141724,   3.018,9999.000,9999.000,9999.000,9999.000,9999.000,9999.000,9999.000,9999.000
202608141730,   2.854,9999.000,9999.000,9999.000,9999.000,9999.000,9999.000,9999.000,9999.000
202608141736,   2.691,9999.000,9999.000,9999.000,9999.000,9999.000,9999.000,9999.000,9999.000
202608141742,   2.528,9999.000,9999.000,9999.000,9999.000,9999.000,9999.000,9999.000,9999.000
202608141748,   2.367,9999.000,9999.000,9999.000,9999.000,9999.000,9999.000,9999.000,9999.000
202608141754,   2.206,9999.000,9999.000,9999.000,9999.000,9999.000,9999.000,9999.000,9999.000
202608141800,   2.046,9999.000,   0.200,   0.000,   2.246,   0.100,   2.146,   0.300,   2.346
202608141806,   1.888,9999.000,9999.000,9999.000,9999.000,9999.000,9999.000,9999.000,9999.000
202608141812,   1.731,9999.000,9999.000,9999.000,9999.000,9999.000,9999.000,9999.000,9999.000
202608141818,   1.576,9999.000,9999.000,9999.000,9999.000,9999.000,9999.000,9999.000,9999.000
202608141824,   1.423,9999.000,9999.000,9999.000,9999.000,9999.000,9999.000,9999.000,9999.000
202608141830,   1.273,9999.000,9999.000,9999.000,9999.000,9999.000,9999.000,9999.000,9999.000
202608141836,   1.126,9999.000,9999.000,9999.000,9999.000,9999.000,9999.000,9999.000,9999.000
202608141842,   0.982,9999.000,9999.000,9999.000,9999.000,9999.000,9999.000,9999.000,9999.000
202608141848,   0.842,9999.000,9999.000,9999.000,9999.000,9999.000,9999.000,9999.000,9999.000
202608141854,   0.707,9999.000,9999.000,9999.000,9999.000,9999.000,9999.000,9999.000,9999.000
202608141900,   0.577,9999.000,   0.200,   0.000,   0.777,   0.100,   0.677,   0.300,   0.877
202608141906,   0.452,9999.000,9999.000,9999.000,9999.000,9999.000,9999.000,9999.000,9999.000
202608141912,   0.333,9999.000,9999.000,9999.000,9999.000,9999.000,9999.000,9999.000,9999.000
202608141918,   0.222,9999.000,9999.000,9999.000,9999.000,9999.000,9999.000,9999.000,9999.000
202608141924,   0.117,9999.000,9999.000,9999.000,9999.000,9999.000,9999.000,9999.000,9999.000
202608141930,   0.021,9999.000,9999.000,9999.000,9999.000,9999.000,9999.000,9999.000,9999.000
202608141936,  -0.067,9999.000,9999.000,9999.000,9999.000,9999.000,9999.000,9999.000,9999.000
202608141942,  -0.147,9999.000,9999.000,9999.000,9999.000,9999.000,9999.000,9999.000,9999.000
202608141948,  -0.217,9999.000,9999.000,9999.000,9999.000,9999.000,9999.000,9999.000,9999.000
202608141954,  -0.278,9999.000,9999.000,9999.000,9999.000,9999.000,9999.000,9999.000,9999.000
202608142000,  -0.330,9999.000,   0.200,   0.000,  -0.130,   0.100,  -0.230,   0.300,  -0.030
202608142006,  -0.371,9999.000,9999.000,9999.000,9999.000,9999.000,9999.000,9999.000,9999.000
202608142012,  -0.403,9999.000,9999.000,9999.000,9999.000,9999.000,9999.000,9999.000,9999.000
202608142018,  -0.424,9999.000,9999.000,9999.000,9999.000,9999.000,9999.000,9999.000,9999.000
202608142024,  -0.435,9999.000,9999.000,9999.000,9999.000,9999.000,9999.000,9999.000,9999.000
202608142030,  -0.435,9999.000,9999.000,9999.000,9999.000,9999.000,9999.000,9999.000,9999.000
202608142036,  -0.425,9999.000,9999.000,9999.000,9999.000,9999.000,9999.000,9999.000,9999.000
202608142042,  -0.405,9999.000,9999.000,9999.000,9999.000,9999.000,9999.000,9999.000,9999.000
202608142048,  -0.375,9999.000,9999.000,9999.000,9999.000,9999.000,9999.000,9999.000,9999.000
202608142054,  -0.334,9999.000,9999.000,9999.000,9999.000,9999.000,9999.000,9999.000,9999.000
202608142100,  -0.283,9999.000,   0.200,   0.000,  -0.083,   0.100,  -0.183,   0.400,   0.117
202608142106,  -0.223,9999.000,9999.000,9999.000,9999.000,9999.000,9999.000,9999.000,9999.000
202608142112,  -0.152,9999.000,9999.000,9999.000,9999.000,9999.000,9999.000,9999.000,9999.000
202608142118,  -0.072,9999.000,9999.000,9999.000,9999.000,9999.000,9999.000,9999.000,9999.000
202608142124,   0.017,9999.000,9999.000,9999.000,9999.000,9999.000,9999.000,9999.000,9999.000
202608142130,   0.116,9999.000,9999.000,9999.000,9999.000,9999.000,9999.000,9999.000,9999.000
202608142136,   0.225,9999.000,9999.000,9999.000,9999.000,9999.000,9999.000,9999.000,9999.000
202608142142,   0.343,9999.000,9999.000,9999.000,9999.000,9999.000,9999.000,9999.000,9999.000
202608142148,   0.470,9999.000,9999.000,9999.000,9999.000,9999.000,9999.000,9999.000,9999.000
202608142154,   0.606,9999.000,9999.000,9999.000,9999.000,9999.000,9999.000,9999.000,9999.000
202608142200,   0.751,9999.000,   0.300,   0.000,   1.051,   0.100,   0.851,   0.400,   1.151
202608142206,   0.905,9999.000,9999.000,9999.000,9999.000,9999.000,9999.000,9999.000,9999.000
202608142212,   1.066,9999.000,9999.000,9999.000,9999.000,9999.000,9999.000,9999.000,9999.000
202608142218,   1.236,9999.000,9999.000,9999.000,9999.000,9999.000,9999.000,9999.000,9999.000
202608142224,   1.412,9999.000,9999.000,9999.000,9999.000,9999.000,9999.000,9999.000,9999.000
202608142230,   1.596,9999.000,9999.000,9999.000,9999.000,9999.000,9999.000,9999.000,9999.000
202608142236,   1.786,9999.000,9999.000,9999.000,9999.000,9999.000,9999.000,9999.000,9999.000
202608142242,   1.981,9999.000,9999.000,9999.000,9999.000,9999.000,9999.000,9999.000,9999.000
202608142248,   2.182,9999.000,9999.000,9999.000,9999.000,9999.000,9999.000,9999.000,9999.000
202608142254,   2.387,9999.000,9999.000,9999.000,9999.000,9999.000,9999.000,9999.000,9999.000
202608142300,   2.595,9999.000,   0.300,   0.000,   2.895,   0.200,   2.795,   0.400,   2.995
202608142306,   2.805,9999.000,9999.000,9999.000,9999.000,9999.000,9999.000,9999.000,9999.000
202608142312,   3.017,9999.000,9999.000,9999.000,9999.000,9999.000,9999.000,9999.000,9999.000
202608142318,   3.229,9999.000,9999.000,9999.000,9999.000,9999.000,9999.000,9999.000,9999.000
202608142324,   3.441,9999.000,9999.000,9999.000,9999.000,9999.000,9999.000,9999.000,9999.000
202608142330,   3.650,9999.000,9999.000,9999.000,9999.000,9999.000,9999.000,9999.000,9999.000
202608142336,   3.857,9999.000,9999.000,9999.000,9999.000,9999.000,9999.000,9999.000,9999.000
202608142342,   4.060,9999.000,9999.000,9999.000,9999.000,9999.000,9999.000,9999.000,9999.000
202608142348,   4.258,9999.000,9999.000,9999.000,9999.000,9999.000,9999.000,9999.000,9999.000
202608142354,   4.450,9999.000,9999.000,9999.000,9999.000,9999.000,9999.000,9999.000,9999.000
202608150000,   4.636,9999.000,   0.300,   0.000,   4.936,   0.100,   4.736,   0.400,   5.036
202608150006,   4.814,9999.000,9999.000,9999.000,9999.000,9999.000,9999.000,9999.000,9999.000
202608150012,   4.983,9999.000,9999.000,9999.000,9999.000,9999.000,9999.000,9999.000,9999.000
202608150018,   5.144,9999.000,9999.000,9999.000,9999.000,9999.000,9999.000,9999.000,9999.000
202608150024,   5.296,9999.000,9999.000,9999.000,9999.000,9999.000,9999.000,9999.000,9999.000
202608150030,   5.439,9999.000,9999.000,9999.000,9999.000,9999.000,9999.000,9999.000,9999.000
202608150036,   5.571,9999.000,9999.000,9999.000,9999.000,9999.000,9999.000,9999.000,9999.000
202608150042,   5.694,9999.000,9999.000,9999.000,9999.000,9999.000,9999.000,9999.000,9999.000
202608150048,   5.807,9999.000,9999.000,9999.000,9999.000,9999.000,9999.000,9999.000,9999.000
202608150054,   5.911,9999.000,9999.000,9999.000,9999.000,9999.000,9999.000,9999.000,9999.000
202608150100,   6.005,9999.000,   0.300,   0.000,   6.305,   0.100,   6.105,   0.400,   6.405
202608150106,   6.090,9999.000,9999.000,9999.000,9999.000,9999.000,9999.000,9999.000,9999.000
202608150112,   6.166,9999.000,9999.000,9999.000,9999.000,9999.000,9999.000,9999.000,9999.000
202608150118,   6.234,9999.000,9999.000,9999.000,9999.000,9999.000,9999.000,9999.000,9999.000
202608150124,   6.294,9999.000,9999.000,9999.000,9999.000,9999.000,9999.000,9999.000,9999.000
202608150130,   6.347,9999.000,9999.000,9999.000,9999.000,9999.000,9999.000,9999.000,9999.000
202608150136,   6.393,9999.000,9999.000,9999.000,9999.000,9999.000,9999.000,9999.000,9999.000
202608150142,   6.433,9999.000,9999.000,9999.000,9999.000,9999.000,9999.000,9999.000,9999.000
202608150148,   6.466,9999.000,9999.000,9999.000,9999.000,9999.000,9999.000,9999.000,9999.000
202608150154,   6.494,9999.000,9999.000,9999.000,9999.000,9999.000,9999.000,9999.000,9999.000
202608150200,   6.517,9999.000,   0.300,   0.000,   6.817,   0.200,   6.717,   0.400,   6.917
202608150206,   6.534,9999.000,9999.000,9999.000,9999.000,9999.000,9999.000,9999.000,9999.000
202608150212,   6.546,9999.000,9999.000,9999.000,9999.000,9999.000,9999.000,9999.000,9999.000
202608150218,   6.554,9999.000,9999.000,9999.000,9999.000,9999.000,9999.000,9999.000,9999.000
202608150224,   6.556,9999.000,9999.000,9999.000,9999.000,9999.000,9999.000,9999.000,9999.000
202608150230,   6.553,9999.000,9999.000,9999.000,9999.000,9999.000,9999.000,9999.000,9999.000
202608150236,   6.545,9999.000,9999.000,9999.000,9999.000,9999.000,9999.000,9999.000,9999.000
202608150242,   6.532,9999.000,9999.000,9999.000,9999.000,9999.000,9999.000,9999.000,9999.000
202608150248,   6.513,9999.000,9999.000,9999.000,9999.000,9999.000,9999.000,9999.000,9999.000
202608150254,   6.488,9999.000,9999.000,9999.000,9999.000,9999.000,9999.000,9999.000,9999.000
202608150300,   6.457,9999.000,   0.300,   0.000,   6.757,   0.200,   6.657,   0.400,   6.857
202608150306,   6.419,9999.000,9999.000,9999.000,9999.000,9999.000,9999.000,9999.000,9999.000
202608150312,   6.374,9999.000,9999.000,9999.000,9999.000,9999.000,9999.000,9999.000,9999.000
202608150318,   6.323,9999.000,9999.000,9999.000,9999.000,9999.000,9999.000,9999.000,9999.000
202608150324,   6.263,9999.000,9999.000,9999.000,9999.000,9999.000,9999.000,9999.000,9999.000
202608150330,   6.197,9999.000,9999.000,9999.000,9999.000,9999.000,9999.000,9999.000,9999.000
202608150336,   6.123,9999.000,9999.000,9999.000,9999.000,9999.000,9999.000,9999.000,9999.000
202608150342,   6.041,9999.000,9999.000,9999.000,9999.000,9999.000,9999.000,9999.000,9999.000
202608150348,   5.951,9999.000,9999.000,9999.000,9999.000,9999.000,9999.000,9999.000,9999.000
202608150354,   5.854,9999.000,9999.000,9999.000,9999.000,9999.000,9999.000,9999.000,9999.000
202608150400,   5.750,9999.000,   0.200,   0.000,   5.950,   0.100,   5.850,   0.400,   6.150
202608150406,   5.639,9999.000,9999.000,9999.000,9999.000,9999.000,9999.000,9999.000,9999.000
202608150412,   5.521,9999.000,9999.000,9999.000,9999.000,9999.000,9999.000,9999.000,9999.000
202608150418,   5.396,9999.000,9999.000,9999.000,9999.000,9999.000,9999.000,9999.000,9999.000
202608150424,   5.266,9999.000,9999.000,9999.000,9999.000,9999.000,9999.000,9999.000,9999.000
202608150430,   5.131,9999.000,9999.000,9999.000,9999.000,9999.000,9999.000,9999.000,9999.000
202608150436,   4.990,9999.000,9999.000,9999.000,9999.000,9999.000,9999.000,9999.000,9999.000
202608150442,   4.845,9999.000,9999.000,9999.000,9999.000,9999.000,9999.000,9999.000,9999.000
202608150448,   4.696,9999.000,9999.000,9999.000,9999.000,9999.000,9999.000,9999.000,9999.000
202608150454,   4.544,9999.000,9999.000,9999.000,9999.000,9999.000,9999.000,9999.000,9999.000
202608150500,   4.390,9999.000,   0.200,   0.000,   4.590,   0.100,   4.490,   0.300,   4.690
202608150506,   4.232,9999.000,9999.000,9999.000,9999.000,9999.000,9999.000,9999.000,9999.000
202608150512,   4.073,9999.000,9999.000,9999.000,9999.000,9999.000,9999.000,9999.000,9999.000
202608150518,   3.913,9999.000,9999.000,9999.000,9999.000,9999.000,9999.000,9999.000,9999.000
202608150524,   3.751,9999.000,9999.000,9999.000,9999.000,9999.000,9999.000,9999.000,9999.000
202608150530,   3.588,9999.000,9999.000,9999.000,9999.000,9999.000,9999.000,9999.000,9999.000
202608150536,   3.425,9999.000,9999.000,9999.000,9999.000,9999.000,9999.000,9999.000,9999.000
202608150542,   3.262,9999.000,9999.000,9999.000,9999.000,9999.000,9999.000,9999.000,9999.000
202608150548,   3.099,9999.000,9999.000,9999.000,9999.000,9999.000,9999.000,9999.000,9999.000
202608150554,   2.935,9999.000,9999.000,9999.000,9999.000,9999.000,9999.000,9999.000,9999.000
202608150600,   2.773,9999.000,   0.200,   0.000,   2.973,   0.100,   2.873,   0.300,   3.073
202608150606,   2.610,9999.000,9999.000,9999.000,9999.000,9999.000,9999.000,9999.000,9999.000
202608150612,   2.449,9999.000,9999.000,9999.000,9999.000,9999.000,9999.000,9999.000,9999.000
202608150618,   2.288,9999.000,9999.000,9999.000,9999.000,9999.000,9999.000,9999.000,9999.000
202608150624,   2.128,9999.000,9999.000,9999.000,9999.000,9999.000,9999.000,9999.000,9999.000
202608150630,   1.970,9999.000,9999.000,9999.000,9999.000,9999.000,9999.000,9999.000,9999.000
202608150636,   1.813,9999.000,9999.000,9999.000,9999.000,9999.000,9999.000,9999.000,9999.000
202608150642,   1.659,9999.000,9999.000,9999.000,9999.000,9999.000,9999.000,9999.000,9999.000
202608150648,   1.506,9999.000,9999.000,9999.000,9999.000,9999.000,9999.000,9999.000,9999.000
202608150654,   1.356,9999.000,9999.000,9999.000,9999.000,9999.000,9999.000,9999.000,9999.000
202608150700,   1.210,9999.000,   0.200,   0.000,   1.410,   0.000,   1.210,   0.300,   1.510
202608150706,   1.067,9999.000,9999.000,9999.000,9999.000,9999.000,9999.000,9999.000,9999.000
202608150712,   0.928,9999.000,9999.000,9999.000,9999.000,9999.000,9999.000,9999.000,9999.000
202608150718,   0.793,9999.000,9999.000,9999.000,9999.000,9999.000,9999.000,9999.000,9999.000
202608150724,   0.664,9999.000,9999.000,9999.000,9999.000,9999.000,9999.000,9999.000,9999.000
202608150730,   0.540,9999.000,9999.000,9999.000,9999.000,9999.000,9999.000,9999.000,9999.000
202608150736,   0.423,9999.000,9999.000,9999.000,9999.000,9999.000,9999.000,9999.000,9999.000
202608150742,   0.313,9999.000,9999.000,9999.000,9999.000,9999.000,9999.000,9999.000,9999.000
202608150748,   0.210,9999.000,9999.000,9999.000,9999.000,9999.000,9999.000,9999.000,9999.000
202608150754,   0.115,9999.000,9999.000,9999.000,9999.000,9999.000,9999.000,9999.000,9999.000
202608150800,   0.028,9999.000,   0.100,   0.000,   0.128,   0.000,   0.028,   0.300,   0.328
202608150806,  -0.049,9999.000,9999.000,9999.000,9999.000,9999.000,9999.000,9999.000,9999.000
202608150812,  -0.117,9999.000,9999.000,9999.000,9999.000,9999.000,9999.000,9999.000,9999.000
202608150818,  -0.176,9999.000,9999.000,9999.000,9999.000,9999.000,9999.000,9999.000,9999.000
202608150824,  -0.226,9999.000,9999.000,9999.000,9999.000,9999.000,9999.000,9999.000,9999.000
202608150830,  -0.265,9999.000,9999.000,9999.000,9999.000,9999.000,9999.000,9999.000,9999.000
202608150836,  -0.293,9999.000,9999.000,9999.000,9999.000,9999.000,9999.000,9999.000,9999.000
202608150842,  -0.312,9999.000,9999.000,9999.000,9999.000,9999.000,9999.000,9999.000,9999.000
202608150848,  -0.320,9999.000,9999.000,9999.000,9999.000,9999.000,9999.000,9999.000,9999.000
202608150854,  -0.318,9999.000,9999.000,9999.000,9999.000,9999.000,9999.000,9999.000,9999.000
202608150900,  -0.305,9999.000,   0.100,   0.000,  -0.205,   0.000,  -0.305,   0.300,  -0.005
202608150906,  -0.282,9999.000,9999.000,9999.000,9999.000,9999.000,9999.000,9999.000,9999.000
202608150912,  -0.249,9999.000,9999.000,9999.000,9999.000,9999.000,9999.000,9999.000,9999.000
202608150918,  -0.205,9999.000,9999.000,9999.000,9999.000,9999.000,9999.000,9999.000,9999.000
202608150924,  -0.152,9999.000,9999.000,9999.000,9999.000,9999.000,9999.000,9999.000,9999.000
202608150930,  -0.088,9999.000,9999.000,9999.000,9999.000,9999.000,9999.000,9999.000,9999.000
202608150936,  -0.015,9999.000,9999.000,9999.000,9999.000,9999.000,9999.000,9999.000,9999.000
202608150942,   0.067,9999.000,9999.000,9999.000,9999.000,9999.000,9999.000,9999.000,9999.000
202608150948,   0.159,9999.000,9999.000,9999.000,9999.000,9999.000,9999.000,9999.000,9999.000
202608150954,   0.260,9999.000,9999.000,9999.000,9999.000,9999.000,9999.000,9999.000,9999.000
202608151000,   0.371,9999.000,   0.100,   0.000,   0.471,   0.000,   0.371,   0.300,   0.671
202608151006,   0.491,9999.000,9999.000,9999.000,9999.000,9999.000,9999.000,9999.000,9999.000
202608151012,   0.619,9999.000,9999.000,9999.000,9999.000,9999.000,9999.000,9999.000,9999.000
202608151018,   0.756,9999.000,9999.000,9999.000,9999.000,9999.000,9999.000,9999.000,9999.000
202608151024,   0.902,9999.000,9999.000,9999.000,9999.000,9999.000,9999.000,9999.000,9999.000
202608151030,   1.056,9999.000,9999.000,9999.000,9999.000,9999.000,9999.000,9999.000,9999.000
202608151036,   1.218,9999.000,9999.000,9999.000,9999.000,9999.000,9999.000,9999.000,9999.000
202608151042,   1.387,9999.000,9999.000,9999.000,9999.000,9999.000,9999.000,9999.000,9999.000
202608151048,   1.564,9999.000,9999.000,9999.000,9999.000,9999.000,9999.000,9999.000,9999.000
202608151054,   1.747,9999.000,9999.000,9999.000,9999.000,9999.000,9999.000,9999.000,9999.000
202608151100,   1.936,9999.000,   0.100,   0.000,   2.036,   0.000,   1.936,   0.300,   2.236
202608151106,   2.131,9999.000,9999.000,9999.000,9999.000,9999.000,9999.000,9999.000,9999.000
202608151112,   2.330,9999.000,9999.000,9999.000,9999.000,9999.000,9999.000,9999.000,9999.000
202608151118,   2.534,9999.000,9999.000,9999.000,9999.000,9999.000,9999.000,9999.000,9999.000
202608151124,   2.740,9999.000,9999.000,9999.000,9999.000,9999.000,9999.000,9999.000,9999.000
202608151130,   2.949,9999.000,9999.000,9999.000,9999.000,9999.000,9999.000,9999.000,9999.000
202608151136,   3.159,9999.000,9999.000,9999.000,9999.000,9999.000,9999.000,9999.000,9999.000
202608151142,   3.369,9999.000,9999.000,9999.000,9999.000,9999.000,9999.000,9999.000,9999.000
202608151148,   3.579,9999.000,9999.000,9999.000,9999.000,9999.000,9999.000,9999.000,9999.000
202608151154,   3.786,9999.000,9999.000,9999.000,9999.000,9999.000,9999.000,9999.000,9999.000
202608151200,   3.991,9999.000,   0.100,   0.000,   4.091,   0.000,   3.991,   0.300,   4.291
202608151206,   4.192,9999.000,9999.000,9999.000,9999.000,9999.000,9999.000,9999.000,9999.000
202608151212,   4.387,9999.000,9999.000,9999.000,9999.000,9999.000,9999.000,9999.000,9999.000
202608151218,   4.577,9999.000,9999.000,9999.000,9999.000,9999.000,9999.000,9999.000,9999.000
202608151224,   4.760,9999.000,9999.000,9999.000,9999.000,9999.000,9999.000,9999.000,9999.000
202608151230,   4.936,9999.000,9999.000,9999.000,9999.000,9999.000,9999.000,9999.000,9999.000
202608151236,   5.103,9999.000,9999.000,9999.000,9999.000,9999.000,9999.000,9999.000,9999.000
202608151242,   5.262,9999.000,9999.000,9999.000,9999.000,9999.000,9999.000,9999.000,9999.000
202608151248,   5.411,9999.000,9999.000,9999.000,9999.000,9999.000,9999.000,9999.000,9999.000
202608151254,   5.551,9999.000,9999.000,9999.000,9999.000,9999.000,9999.000,9999.000,9999.000
202608151300,   5.681,9999.000,   0.100,   0.000,   5.781,   0.000,   5.681,   0.300,   5.981
202608151306,   5.801,9999.000,9999.000,9999.000,9999.000,9999.000,9999.000,9999.000,9999.000
202608151312,   5.911,9999.000,9999.000,9999.000,9999.000,9999.000,9999.000,9999.000,9999.000
202608151318,   6.012,9999.000,9999.000,9999.000,9999.000,9999.000,9999.000,9999.000,9999.000
202608151324,   6.103,9999.000,9999.000,9999.000,9999.000,9999.000,9999.000,9999.000,9999.000
202608151330,   6.184,9999.000,9999.000,9999.000,9999.000,9999.000,9999.000,9999.000,9999.000
202608151336,   6.257,9999.000,9999.000,9999.000,9999.000,9999.000,9999.000,9999.000,9999.000
202608151342,   6.321,9999.000,9999.000,9999.000,9999.000,9999.000,9999.000,9999.000,9999.000
202608151348,   6.378,9999.000,9999.000,9999.000,9999.000,9999.000,9999.000,9999.000,9999.000
202608151354,   6.427,9999.000,9999.000,9999.000,9999.000,9999.000,9999.000,9999.000,9999.000
202608151400,   6.469,9999.000,   0.100,   0.000,   6.569,   0.000,   6.469,   0.300,   6.769
202608151406,   6.504,9999.000,9999.000,9999.000,9999.000,9999.000,9999.000,9999.000,9999.000
202608151412,   6.534,9999.000,9999.000,9999.000,9999.000,9999.000,9999.000,9999.000,9999.000
202608151418,   6.557,9999.000,9999.000,9999.000,9999.000,9999.000,9999.000,9999.000,9999.000
202608151424,   6.575,9999.000,9999.000,9999.000,9999.000,9999.000,9999.000,9999.000,9999.000
202608151430,   6.588,9999.000,9999.000,9999.000,9999.000,9999.000,9999.000,9999.000,9999.000
202608151436,   6.595,9999.000,9999.000,9999.000,9999.000,9999.000,9999.000,9999.000,9999.000
202608151442,   6.598,9999.000,9999.000,9999.000,9999.000,9999.000,9999.000,9999.000,9999.000
202608151448,   6.595,9999.000,9999.000,9999.000,9999.000,9999.000,9999.000,9999.000,9999.000
202608151454,   6.588,9999.000,9999.000,9999.000,9999.000,9999.000,9999.000,9999.000,9999.000
202608151500,   6.575,9999.000,   0.100,   0.000,   6.675,   0.000,   6.575,   0.200,   6.775
202608151506,   6.557,9999.000,9999.000,9999.000,9999.000,9999.000,9999.000,9999.000,9999.000
202608151512,   6.533,9999.000,9999.000,9999.000,9999.000,9999.000,9999.000,9999.000,9999.000
202608151518,   6.503,9999.000,9999.000,9999.000,9999.000,9999.000,9999.000,9999.000,9999.000
202608151524,   6.467,9999.000,9999.000,9999.000,9999.000,9999.000,9999.000,9999.000,9999.000
202608151530,   6.424,9999.000,9999.000,9999.000,9999.000,9999.000,9999.000,9999.000,9999.000
202608151536,   6.374,9999.000,9999.000,9999.000,9999.000,9999.000,9999.000,9999.000,9999.000
202608151542,   6.317,9999.000,9999.000,9999.000,9999.000,9999.000,9999.000,9999.000,9999.000
202608151548,   6.253,9999.000,9999.000,9999.000,9999.000,9999.000,9999.000,9999.000,9999.000
202608151554,   6.182,9999.000,9999.000,9999.000,9999.000,9999.000,9999.000,9999.000,9999.000
202608151600,   6.103,9999.000,   0.100,   0.000,   6.203,   0.000,   6.103,   0.200,   6.303
202608151606,   6.016,9999.000,9999.000,9999.000,9999.000,9999.000,9999.000,9999.000,9999.000
202608151612,   5.922,9999.000,9999.000,9999.000,9999.000,9999.000,9999.000,9999.000,9999.000
202608151618,   5.820,9999.000,9999.000,9999.000,9999.000,9999.000,9999.000,9999.000,9999.000
202608151624,   5.711,9999.000,9999.000,9999.000,9999.000,9999.000,9999.000,9999.000,9999.000
202608151630,   5.595,9999.000,9999.000,9999.000,9999.000,9999.000,9999.000,9999.000,9999.000
202608151636,   5.472,9999.000,9999.000,9999.000,9999.000,9999.000,9999.000,9999.000,9999.000
202608151642,   5.343,9999.000,9999.000,9999.000,9999.000,9999.000,9999.000,9999.000,9999.000
202608151648,   5.208,9999.000,9999.000,9999.000,9999.000,9999.000,9999.000,9999.000,9999.000
202608151654,   5.069,9999.000,9999.000,9999.000,9999.000,9999.000,9999.000,9999.000,9999.000
202608151700,   4.924,9999.000,   0.100,   0.000,   5.024,   0.000,   4.924,   0.200,   5.124
202608151706,   4.775,9999.000,9999.000,9999.000,9999.000,9999.000,9999.000,9999.000,9999.000
202608151712,   4.623,9999.000,9999.000,9999.000,9999.000,9999.000,9999.000,9999.000,9999.000
202608151718,   4.467,9999.000,9999.000,9999.000,9999.000,9999.000,9999.000,9999.000,9999.000
202608151724,   4.309,9999.000,9999.000,9999.000,9999.000,9999.000,9999.000,9999.000,9999.000
202608151730,   4.149,9999.000,9999.000,9999.000,9999.000,9999.000,9999.000,9999.000,9999.000
202608151736,   3.987,9999.000,9999.000,9999.000,9999.000,9999.000,9999.000,9999.000,9999.000
202608151742,   3.825,9999.000,9999.000,9999.000,9999.000,9999.000,9999.000,9999.000,9999.000
202608151748,   3.661,9999.000,9999.000,9999.000,9999.000,9999.000,9999.000,9999.000,9999.000
202608151754,   3.498,9999.000,9999.000,9999.000,9999.000,9999.000,9999.000,9999.000,9999.000
202608151800,   3.334,9999.000,   0.100,   0.000,   3.434,   0.000,   3.334,   0.200,   3.534
202608151806,   3.171,9999.000,9999.000,9999.000,9999.000,9999.000,9999.000,9999.000,9999.000
202608151812,   3.008,9999.000,9999.000,9999.000,9999.000,9999.000,9999.000,9999.000,9999.000
202608151818,   2.846,9999.000,9999.000,9999.000,9999.000,9999.000,9999.000,9999.000,9999.000
202608151824,   2.686,9999.000,9999.000,9999.000,9999.000,9999.000,9999.000,9999.000,9999.000
202608151830,   2.526,9999.000,9999.000,9999.000,9999.000,9999.000,9999.000,9999.000,9999.000
202608151836,   2.367,9999.000,9999.000,9999.000,9999.000,9999.000,9999.000,9999.000,9999.000
202608151842,   2.211,9999.000,9999.000,9999.000,9999.000,9999.000,9999.000,9999.000,9999.000
202608151848,   2.055,9999.000,9999.000,9999.000,9999.000,9999.000,9999.000,9999.000,9999.000
202608151854,   1.902,9999.000,9999.000,9999.000,9999.000,9999.000,9999.000,9999.000,9999.000
202608151900,   1.751,9999.000,   0.100,   0.000,   1.851,   0.000,   1.751,   0.300,   2.051
202608151906,   1.603,9999.000,9999.000,9999.000,9999.000,9999.000,9999.000,9999.000,9999.000
202608151912,   1.457,9999.000,9999.000,9999.000,9999.000,9999.000,9999.000,9999.000,9999.000
202608151918,   1.315,9999.000,9999.000,9999.000,9999.000,9999.000,9999.000,9999.000,9999.000
202608151924,   1.176,9999.000,9999.000,9999.000,9999.000,9999.000,9999.000,9999.000,9999.000
202608151930,   1.041,9999.000,9999.000,9999.000,9999.000,9999.000,9999.000,9999.000,9999.000
202608151936,   0.911,9999.000,9999.000,9999.000,9999.000,9999.000,9999.000,9999.000,9999.000
202608151942,   0.785,9999.000,9999.000,9999.000,9999.000,9999.000,9999.000,9999.000,9999.000
202608151948,   0.665,9999.000,9999.000,9999.000,9999.000,9999.000,9999.000,9999.000,9999.000
202608151954,   0.551,9999.000,9999.000,9999.000,9999.000,9999.000,9999.000,9999.000,9999.000
202608152000,   0.443,9999.000,   0.100,   0.000,   0.543,   0.000,   0.443,   0.300,   0.743
202608152006,   0.342,9999.000,9999.000,9999.000,9999.000,9999.000,9999.000,9999.000,9999.000
202608152012,   0.249,9999.000,9999.000,9999.000,9999.000,9999.000,9999.000,9999.000,9999.000
202608152018,   0.164,9999.000,9999.000,9999.000,9999.000,9999.000,9999.000,9999.000,9999.000
202608152024,   0.087,9999.000,9999.000,9999.000,9999.000,9999.000,9999.000,9999.000,9999.000
202608152030,   0.018,9999.000,9999.000,9999.000,9999.000,9999.000,9999.000,9999.000,9999.000
202608152036,  -0.040,9999.000,9999.000,9999.000,9999.000,9999.000,9999.000,9999.000,9999.000
202608152042,  -0.090,9999.000,9999.000,9999.000,9999.000,9999.000,9999.000,9999.000,9999.000
202608152048,  -0.131,9999.000,9999.000,9999.000,9999.000,9999.000,9999.000,9999.000,9999.000
202608152054,  -0.161,9999.000,9999.000,9999.000,9999.000,9999.000,9999.000,9999.000,9999.000
202608152100,  -0.182,9999.000,   0.200,   0.000,   0.018,   0.000,  -0.182,   0.300,   0.118
202608152106,  -0.194,9999.000,9999.000,9999.000,9999.000,9999.000,9999.000,9999.000,9999.000
202608152112,  -0.195,9999.000,9999.000,9999.000,9999.000,9999.000,9999.000,9999.000,9999.000
202608152118,  -0.187,9999.000,9999.000,9999.000,9999.000,9999.000,9999.000,9999.000,9999.000
202608152124,  -0.169,9999.000,9999.000,9999.000,9999.000,9999.000,9999.000,9999.000,9999.000
202608152130,  -0.141,9999.000,9999.000,9999.000,9999.000,9999.000,9999.000,9999.000,9999.000
202608152136,  -0.104,9999.000,9999.000,9999.000,9999.000,9999.000,9999.000,9999.000,9999.000
202608152142,  -0.058,9999.000,9999.000,9999.000,9999.000,9999.000,9999.000,9999.000,9999.000
202608152148,  -0.002,9999.000,9999.000,9999.000,9999.000,9999.000,9999.000,9999.000,9999.000
202608152154,   0.061,9999.000,9999.000,9999.000,9999.000,9999.000,9999.000,9999.000,9999.000
202608152200,   0.135,9999.000,   0.200,   0.000,   0.335,   0.000,   0.135,   0.400,   0.535
202608152206,   0.216,9999.000,9999.000,9999.000,9999.000,9999.000,9999.000,9999.000,9999.000
202608152212,   0.307,9999.000,9999.000,9999.000,9999.000,9999.000,9999.000,9999.000,9999.000
202608152218,   0.405,9999.000,9999.000,9999.000,9999.000,9999.000,9999.000,9999.000,9999.000
202608152224,   0.512,9999.000,9999.000,9999.000,9999.000,9999.000,9999.000,9999.000,9999.000
202608152230,   0.627,9999.000,9999.000,9999.000,9999.000,9999.000,9999.000,9999.000,9999.000
202608152236,   0.749,9999.000,9999.000,9999.000,9999.000,9999.000,9999.000,9999.000,9999.000
202608152242,   0.879,9999.000,9999.000,9999.000,9999.000,9999.000,9999.000,9999.000,9999.000
202608152248,   1.017,9999.000,9999.000,9999.000,9999.000,9999.000,9999.000,9999.000,9999.000
202608152254,   1.161,9999.000,9999.000,9999.000,9999.000,9999.000,9999.000,9999.000,9999.000
202608152300,   1.313,9999.000,   0.200,   0.000,   1.513,   0.100,   1.413,   0.400,   1.713
202608152306,   1.471,9999.000,9999.000,9999.000,9999.000,9999.000,9999.000,9999.000,9999.000
202608152312,   1.636,9999.000,9999.000,9999.000,9999.000,9999.000,9999.000,9999.000,9999.000
202608152318,   1.806,9999.000,9999.000,9999.000,9999.000,9999.000,9999.000,9999.000,9999.000
202608152324,   1.982,9999.000,9999.000,9999.000,9999.000,9999.000,9999.000,9999.000,9999.000
202608152330,   2.163,9999.000,9999.000,9999.000,9999.000,9999.000,9999.000,9999.000,9999.000
202608152336,   2.347,9999.000,9999.000,9999.000,9999.000,9999.000,9999.000,9999.000,9999.000
202608152342,   2.535,9999.000,9999.000,9999.000,9999.000,9999.000,9999.000,9999.000,9999.000
202608152348,   2.726,9999.000,9999.000,9999.000,9999.000,9999.000,9999.000,9999.000,9999.000
202608152354,   2.919,9999.000,9999.000,9999.000,9999.000,9999.000,9999.000,9999.000,9999.000
202608160000,   3.113,9999.000,   0.300,   0.000,   3.413,   0.100,   3.213,   0.400,   3.513
