        TIME,    TIDE,      OB,   SURGE,    BIAS,     TWL,SURGE90p,  TWL90p,SURGE10p,   TWL10p
202608061800,   1.696,9999.000,   0.200,9999.000,   1.896,   0.100,   1.796,   0.200,   1.896
202608061806,   1.759,9999.000,9999.000,9999.000,9999.000,9999.000,9999.000,9999.000,9999.000
202608061812,   1.821,9999.000,9999.000,9999.000,9999.000,9999.000,9999.000,9999.000,9999.000
202608061818,   1.880,9999.000,9999.000,9999.000,9999.000,9999.000,9999.000,9999.000,9999.000
202608061824,   1.938,9999.000,9999.000,9999.000,9999.000,9999.000,9999.000,9999.000,9999.000
202608061830,   1.994,9999.000,9999.000,9999.000,9999.000,9999.000,9999.000,9999.000,9999.000
202608061836,   2.048,9999.000,9999.000,9999.000,9999.000,9999.000,9999.000,9999.000,9999.000
202608061842,   2.099,9999.000,9999.000,9999.000,9999.000,9999.000,9999.000,9999.000,9999.000
202608061848,   2.149,9999.000,9999.000,9999.000,9999.000,9999.000,9999.000,9999.000,9999.000
202608061854,   2.197,9999.000,9999.000,9999.000,9999.000,9999.000,9999.000,9999.000,9999.000
202608061900,   2.243,   3.348,   0.200,   0.905,   3.348,   0.100,   3.248,   0.200,   3.348
202608061906,   2.286,   3.368,9999.000,9999.000,9999.000,9999.000,9999.000,9999.000,9999.000
202608061912,   2.327,   3.407,9999.000,9999.000,9999.000,9999.000,9999.000,9999.000,9999.000
202608061918,   2.366,   3.450,9999.000,9999.000,9999.000,9999.000,9999.000,9999.000,9999.000
202608061924,   2.403,   3.450,9999.000,9999.000,9999.000,9999.000,9999.000,9999.000,9999.000
202608061930,   2.437,   3.480,9999.000,9999.000,9999.000,9999.000,9999.000,9999.000,9999.000
202608061936,   2.468,   3.470,9999.000,9999.000,9999.000,9999.000,9999.000,9999.000,9999.000
202608061942,   2.497,   3.519,9999.000,9999.000,9999.000,9999.000,9999.000,9999.000,9999.000
202608061948,   2.522,   3.499,9999.000,9999.000,9999.000,9999.000,9999.000,9999.000,9999.000
202608061954,   2.544,   3.509,9999.000,9999.000,9999.000,9999.000,9999.000,9999.000,9999.000
202608062000,   2.563,   3.519,   0.200,   0.756,   3.519,   0.100,   3.419,   0.200,   3.519
202608062006,   2.579,   3.519,9999.000,9999.000,9999.000,9999.000,9999.000,9999.000,9999.000
202608062012,   2.591,   3.509,9999.000,9999.000,9999.000,9999.000,9999.000,9999.000,9999.000
202608062018,   2.599,   3.499,9999.000,9999.000,9999.000,9999.000,9999.000,9999.000,9999.000
202608062024,   2.603,   3.480,9999.000,9999.000,9999.000,9999.000,9999.000,9999.000,9999.000
202608062030,   2.603,   3.460,9999.000,9999.000,9999.000,9999.000,9999.000,9999.000,9999.000
202608062036,   2.599,   3.440,9999.000,9999.000,9999.000,9999.000,9999.000,9999.000,9999.000
202608062042,   2.592,   3.417,9999.000,9999.000,9999.000,9999.000,9999.000,9999.000,9999.000
202608062048,   2.580,   3.388,9999.000,9999.000,9999.000,9999.000,9999.000,9999.000,9999.000
202608062054,   2.564,   3.358,9999.000,9999.000,9999.000,9999.000,9999.000,9999.000,9999.000
202608062100,   2.545,   3.329,   0.200,   0.584,   3.329,   0.100,   3.229,   0.200,   3.329
202608062106,   2.521,   3.309,9999.000,9999.000,9999.000,9999.000,9999.000,9999.000,9999.000
202608062112,   2.494,   3.270,9999.000,9999.000,9999.000,9999.000,9999.000,9999.000,9999.000
202608062118,   2.464,   3.240,9999.000,9999.000,9999.000,9999.000,9999.000,9999.000,9999.000
202608062124,   2.431,   3.188,9999.000,9999.000,9999.000,9999.000,9999.000,9999.000,9999.000
202608062130,   2.395,   3.129,9999.000,9999.000,9999.000,9999.000,9999.000,9999.000,9999.000
202608062136,   2.356,   3.089,9999.000,9999.000,9999.000,9999.000,9999.000,9999.000,9999.000
202608062142,   2.314,   3.017,9999.000,9999.000,9999.000,9999.000,9999.000,9999.000,9999.000
202608062148,   2.271,   2.958,9999.000,9999.000,9999.000,9999.000,9999.000,9999.000,9999.000
202608062154,   2.226,   2.899,9999.000,9999.000,9999.000,9999.000,9999.000,9999.000,9999.000
202608062200,   2.179,   2.840,   0.200,   0.461,   2.840,   0.100,   2.740,   0.200,   2.840
202608062206,   2.132,   2.778,9999.000,9999.000,9999.000,9999.000,9999.000,9999.000,9999.000
202608062212,   2.083,   2.719,9999.000,9999.000,9999.000,9999.000,9999.000,9999.000,9999.000
202608062218,   2.034,   2.669,9999.000,9999.000,9999.000,9999.000,9999.000,9999.000,9999.000
202608062224,   1.985,   2.620,9999.000,9999.000,9999.000,9999.000,9999.000,9999.000,9999.000
202608062230,   1.935,   2.587,9999.000,9999.000,9999.000,9999.000,9999.000,9999.000,9999.000
202608062236,   1.885,   2.548,9999.000,9999.000,9999.000,9999.000,9999.000,9999.000,9999.000
202608062242,   1.836,   2.509,9999.000,9999.000,9999.000,9999.000,9999.000,9999.000,9999.000
202608062248,   1.787,   2.489,9999.000,9999.000,9999.000,9999.000,9999.000,9999.000,9999.000
202608062254,   1.739,   2.459,9999.000,9999.000,9999.000,9999.000,9999.000,9999.000,9999.000
202608062300,   1.691,   2.420,   0.100,   0.629,   2.420,   0.100,   2.420,   0.200,   2.520
202608062306,   1.644,   2.377,9999.000,9999.000,9999.000,9999.000,9999.000,9999.000,9999.000
202608062312,   1.598,   2.348,9999.000,9999.000,9999.000,9999.000,9999.000,9999.000,9999.000
202608062318,   1.553,   2.309,9999.000,9999.000,9999.000,9999.000,9999.000,9999.000,9999.000
202608062324,   1.508,   2.269,9999.000,9999.000,9999.000,9999.000,9999.000,9999.000,9999.000
202608062330,   1.463,   2.230,9999.000,9999.000,9999.000,9999.000,9999.000,9999.000,9999.000
202608062336,   1.420,   2.177,9999.000,9999.000,9999.000,9999.000,9999.000,9999.000,9999.000
202608062342,   1.377,   2.128,9999.000,9999.000,9999.000,9999.000,9999.000,9999.000,9999.000
202608062348,   1.334,   2.069,9999.000,9999.000,9999.000,9999.000,9999.000,9999.000,9999.000
202608062354,   1.292,   2.010,9999.000,9999.000,9999.000,9999.000,9999.000,9999.000,9999.000
202608070000,   1.250,   1.967,   0.100,   0.617,   1.967,   0.100,   1.967,   0.200,   2.067
202608070006,   1.209,   1.918,9999.000,9999.000,9999.000,9999.000,9999.000,9999.000,9999.000
202608070012,   1.167,   1.869,9999.000,9999.000,9999.000,9999.000,9999.000,9999.000,9999.000
202608070018,   1.126,   1.810,9999.000,9999.000,9999.000,9999.000,9999.000,9999.000,9999.000
202608070024,   1.085,   1.748,9999.000,9999.000,9999.000,9999.000,9999.000,9999.000,9999.000
202608070030,   1.044,   1.708,9999.000,9999.000,9999.000,9999.000,9999.000,9999.000,9999.000
202608070036,   1.004,   1.659,9999.000,9999.000,9999.000,9999.000,9999.000,9999.000,9999.000
202608070042,   0.963,   1.620,9999.000,9999.000,9999.000,9999.000,9999.000,9999.000,9999.000
202608070048,   0.922,   1.580,9999.000,9999.000,9999.000,9999.000,9999.000,9999.000,9999.000
202608070054,   0.881,   1.528,9999.000,9999.000,9999.000,9999.000,9999.000,9999.000,9999.000
202608070100,   0.841,   1.469,   0.100,   0.528,   1.469,   0.100,   1.469,   0.100,   1.469
202608070106,   0.800,   1.439,9999.000,9999.000,9999.000,9999.000,9999.000,9999.000,9999.000
202608070112,   0.760,   1.400,9999.000,9999.000,9999.000,9999.000,9999.000,9999.000,9999.000
202608070118,   0.720,   1.361,9999.000,9999.000,9999.000,9999.000,9999.000,9999.000,9999.000
202608070124,   0.680,   1.308,9999.000,9999.000,9999.000,9999.000,9999.000,9999.000,9999.000
202608070130,   0.640,   1.279,9999.000,9999.000,9999.000,9999.000,9999.000,9999.000,9999.000
202608070136,   0.601,   1.229,9999.000,9999.000,9999.000,9999.000,9999.000,9999.000,9999.000
202608070142,   0.562,   1.190,9999.000,9999.000,9999.000,9999.000,9999.000,9999.000,9999.000
202608070148,   0.524,   1.151,9999.000,9999.000,9999.000,9999.000,9999.000,9999.000,9999.000
202608070154,   0.487,   1.118,9999.000,9999.000,9999.000,9999.000,9999.000,9999.000,9999.000
202608070200,   0.451,   1.098,   0.100,   0.547,   1.098,   0.100,   1.098,   0.100,   1.098
202608070206,   0.415,   1.069,9999.000,9999.000,9999.000,9999.000,9999.000,9999.000,9999.000
202608070212,   0.381,   1.049,9999.000,9999.000,9999.000,9999.000,9999.000,9999.000,9999.000
202608070218,   0.348,   1.029,9999.000,9999.000,9999.000,9999.000,9999.000,9999.000,9999.000
202608070224,   0.317,   1.010,9999.000,9999.000,9999.000,9999.000,9999.000,9999.000,9999.000
202608070230,   0.287,   0.980,9999.000,9999.000,9999.000,9999.000,9999.000,9999.000,9999.000
202608070236,   0.259,   0.951,9999.000,9999.000,9999.000,9999.000,9999.000,9999.000,9999.000
202608070242,   0.233,   0.928,9999.000,9999.000,9999.000,9999.000,9999.000,9999.000,9999.000
202608070248,   0.209,   0.898,9999.000,9999.000,9999.000,9999.000,9999.000,9999.000,9999.000
202608070254,   0.188,   0.898,9999.000,9999.000,9999.000,9999.000,9999.000,9999.000,9999.000
202608070300,   0.169,   0.888,   0.100,   0.619,   0.888,   0.100,   0.888,   0.100,   0.888
202608070306,   0.153,   0.879,9999.000,9999.000,9999.000,9999.000,9999.000,9999.000,9999.000
202608070312,   0.139,   0.888,9999.000,9999.000,9999.000,9999.000,9999.000,9999.000,9999.000
202608070318,   0.129,   0.898,9999.000,9999.000,9999.000,9999.000,9999.000,9999.000,9999.000
202608070324,   0.122,   0.908,9999.000,9999.000,9999.000,9999.000,9999.000,9999.000,9999.000
202608070330,   0.118,   0.918,9999.000,9999.000,9999.000,9999.000,9999.000,9999.000,9999.000
202608070336,   0.118,   0.928,9999.000,9999.000,9999.000,9999.000,9999.000,9999.000,9999.000
202608070342,   0.121,   0.951,9999.000,9999.000,9999.000,9999.000,9999.000,9999.000,9999.000
202608070348,   0.128,   0.990,9999.000,9999.000,9999.000,9999.000,9999.000,9999.000,9999.000
202608070354,   0.139,   1.029,9999.000,9999.000,9999.000,9999.000,9999.000,9999.000,9999.000
202608070400,   0.153,   1.059,   0.100,   0.806,   1.059,   0.100,   1.059,   0.100,   1.059
202608070406,   0.171,   1.128,9999.000,9999.000,9999.000,9999.000,9999.000,9999.000,9999.000
202608070412,   0.193,   1.180,9999.000,9999.000,9999.000,9999.000,9999.000,9999.000,9999.000
202608070418,   0.218,   1.220,9999.000,9999.000,9999.000,9999.000,9999.000,9999.000,9999.000
202608070424,   0.246,   1.289,9999.000,9999.000,9999.000,9999.000,9999.000,9999.000,9999.000
202608070430,   0.278,   1.348,9999.000,9999.000,9999.000,9999.000,9999.000,9999.000,9999.000
202608070436,   0.313,   1.420,9999.000,9999.000,9999.000,9999.000,9999.000,9999.000,9999.000
202608070442,   0.350,   1.489,9999.000,9999.000,9999.000,9999.000,9999.000,9999.000,9999.000
202608070448,   0.390,   1.548,9999.000,9999.000,9999.000,9999.000,9999.000,9999.000,9999.000
202608070454,   0.433,   1.620,9999.000,9999.000,9999.000,9999.000,9999.000,9999.000,9999.000
202608070500,   0.477,   1.669,   0.100,   1.092,   1.669,   0.000,   1.569,   0.100,   1.669
202608070506,   0.524,   1.718,9999.000,9999.000,9999.000,9999.000,9999.000,9999.000,9999.000
202608070512,   0.572,   1.767,9999.000,9999.000,9999.000,9999.000,9999.000,9999.000,9999.000
202608070518,   0.621,   1.820,9999.000,9999.000,9999.000,9999.000,9999.000,9999.000,9999.000
202608070524,   0.670,   1.869,9999.000,9999.000,9999.000,9999.000,9999.000,9999.000,9999.000
202608070530,   0.721,   1.908,9999.000,9999.000,9999.000,9999.000,9999.000,9999.000,9999.000
202608070536,   0.772,   1.948,9999.000,9999.000,9999.000,9999.000,9999.000,9999.000,9999.000
202608070542,   0.823,   1.990,9999.000,9999.000,9999.000,9999.000,9999.000,9999.000,9999.000
202608070548,   0.874,   2.040,9999.000,9999.000,9999.000,9999.000,9999.000,9999.000,9999.000
202608070554,   0.924,   2.079,9999.000,9999.000,9999.000,9999.000,9999.000,9999.000,9999.000
202608070600,   0.974,   2.128,   0.100,   1.054,   2.128,   0.000,   2.028,   0.100,   2.128
202608070606,   1.023,   2.177,9999.000,9999.000,9999.000,9999.000,9999.000,9999.000,9999.000
202608070612,   1.072,   2.220,9999.000,9999.000,9999.000,9999.000,9999.000,9999.000,9999.000
202608070618,   1.120,   2.269,9999.000,9999.000,9999.000,9999.000,9999.000,9999.000,9999.000
202608070624,   1.166,   2.318,9999.000,9999.000,9999.000,9999.000,9999.000,9999.000,9999.000
202608070630,   1.212,   2.348,9999.000,9999.000,9999.000,9999.000,9999.000,9999.000,9999.000
202608070636,   1.257,   2.400,9999.000,9999.000,9999.000,9999.000,9999.000,9999.000,9999.000
202608070642,   1.300,   2.430,9999.000,9999.000,9999.000,9999.000,9999.000,9999.000,9999.000
202608070648,   1.342,   2.479,9999.000,9999.000,9999.000,9999.000,9999.000,9999.000,9999.000
202608070654,   1.383,   2.519,9999.000,9999.000,9999.000,9999.000,9999.000,9999.000,9999.000
202608070700,   1.423,   2.568,   0.100,   1.045,   2.568,   0.000,   2.468,   0.100,   2.568
202608070706,   1.462,   2.597,9999.000,9999.000,9999.000,9999.000,9999.000,9999.000,9999.000
202608070712,   1.500,   2.640,9999.000,9999.000,9999.000,9999.000,9999.000,9999.000,9999.000
202608070718,   1.536,   2.660,9999.000,9999.000,9999.000,9999.000,9999.000,9999.000,9999.000
202608070724,   1.571,   2.679,9999.000,9999.000,9999.000,9999.000,9999.000,9999.000,9999.000
202608070730,   1.605,   2.709,9999.000,9999.000,9999.000,9999.000,9999.000,9999.000,9999.000
202608070736,   1.637,   2.709,9999.000,9999.000,9999.000,9999.000,9999.000,9999.000,9999.000
202608070742,   1.668,   2.709,9999.000,9999.000,9999.000,9999.000,9999.000,9999.000,9999.000
202608070748,   1.697,   2.709,9999.000,9999.000,9999.000,9999.000,9999.000,9999.000,9999.000
202608070754,   1.724,   2.719,9999.000,9999.000,9999.000,9999.000,9999.000,9999.000,9999.000
202608070800,   1.749,   2.719,   0.100,   0.870,   2.719,   0.000,   2.619,   0.100,   2.719
202608070806,   1.772,   2.719,9999.000,9999.000,9999.000,9999.000,9999.000,9999.000,9999.000
202608070812,   1.793,   2.719,9999.000,9999.000,9999.000,9999.000,9999.000,9999.000,9999.000
202608070818,   1.811,   2.728,9999.000,9999.000,9999.000,9999.000,9999.000,9999.000,9999.000
202608070824,   1.826,   2.738,9999.000,9999.000,9999.000,9999.000,9999.000,9999.000,9999.000
202608070830,   1.839,   2.738,9999.000,9999.000,9999.000,9999.000,9999.000,9999.000,9999.000
202608070836,   1.848,   2.738,9999.000,9999.000,9999.000,9999.000,9999.000,9999.000,9999.000
202608070842,   1.854,   2.719,9999.000,9999.000,9999.000,9999.000,9999.000,9999.000,9999.000
202608070848,   1.857,   2.689,9999.000,9999.000,9999.000,9999.000,9999.000,9999.000,9999.000
202608070854,   1.856,   2.669,9999.000,9999.000,9999.000,9999.000,9999.000,9999.000,9999.000
202608070900,   1.852,   2.640,   0.100,   0.688,   2.640,   0.000,   2.540,   0.100,   2.640
202608070906,   1.844,   2.597,9999.000,9999.000,9999.000,9999.000,9999.000,9999.000,9999.000
202608070912,   1.832,   2.568,9999.000,9999.000,9999.000,9999.000,9999.000,9999.000,9999.000
202608070918,   1.817,   2.519,9999.000,9999.000,9999.000,9999.000,9999.000,9999.000,9999.000
202608070924,   1.798,   2.479,9999.000,9999.000,9999.000,9999.000,9999.000,9999.000,9999.000
202608070930,   1.776,   2.459,9999.000,9999.000,9999.000,9999.000,9999.000,9999.000,9999.000
202608070936,   1.750,   2.410,9999.000,9999.000,9999.000,9999.000,9999.000,9999.000,9999.000
202608070942,   1.721,   2.338,9999.000,9999.000,9999.000,9999.000,9999.000,9999.000,9999.000
202608070948,   1.690,   2.299,9999.000,9999.000,9999.000,9999.000,9999.000,9999.000,9999.000
202608070954,   1.655,   2.250,9999.000,9999.000,9999.000,9999.000,9999.000,9999.000,9999.000
202608071000,   1.618,   2.210,   0.000,   0.592,   2.210,   0.000,   2.210,   0.100,   2.310
202608071006,   1.579,   2.158,9999.000,9999.000,9999.000,9999.000,9999.000,9999.000,9999.000
202608071012,   1.537,   2.109,9999.000,9999.000,9999.000,9999.000,9999.000,9999.000,9999.000
202608071018,   1.495,   2.069,9999.000,9999.000,9999.000,9999.000,9999.000,9999.000,9999.000
202608071024,   1.450,   2.030,9999.000,9999.000,9999.000,9999.000,9999.000,9999.000,9999.000
202608071030,   1.405,   1.967,9999.000,9999.000,9999.000,9999.000,9999.000,9999.000,9999.000
202608071036,   1.359,   1.948,9999.000,9999.000,9999.000,9999.000,9999.000,9999.000,9999.000
202608071042,   1.313,   1.908,9999.000,9999.000,9999.000,9999.000,9999.000,9999.000,9999.000
202608071048,   1.266,   1.869,9999.000,9999.000,9999.000,9999.000,9999.000,9999.000,9999.000
202608071054,   1.219,   1.830,9999.000,9999.000,9999.000,9999.000,9999.000,9999.000,9999.000
202608071100,   1.173,   1.790,   0.000,   0.617,   1.790,   0.000,   1.790,   0.100,   1.890
202608071106,   1.127,   1.748,9999.000,9999.000,9999.000,9999.000,9999.000,9999.000,9999.000
202608071112,   1.081,   1.708,9999.000,9999.000,9999.000,9999.000,9999.000,9999.000,9999.000
202608071118,   1.036,   1.669,9999.000,9999.000,9999.000,9999.000,9999.000,9999.000,9999.000
202608071124,   0.992,   1.630,9999.000,9999.000,9999.000,9999.000,9999.000,9999.000,9999.000
202608071130,   0.949,   1.590,9999.000,9999.000,9999.000,9999.000,9999.000,9999.000,9999.000
202608071136,   0.907,   1.548,9999.000,9999.000,9999.000,9999.000,9999.000,9999.000,9999.000
202608071142,   0.865,   1.498,9999.000,9999.000,9999.000,9999.000,9999.000,9999.000,9999.000
202608071148,   0.825,   1.449,9999.000,9999.000,9999.000,9999.000,9999.000,9999.000,9999.000
202608071154,   0.785,   1.410,9999.000,9999.000,9999.000,9999.000,9999.000,9999.000,9999.000
202608071200,   0.747,   1.348,   0.000,   0.601,   1.348,   0.000,   1.348,   0.000,   1.348
202608071206,   0.709,   1.318,9999.000,9999.000,9999.000,9999.000,9999.000,9999.000,9999.000
202608071212,   0.672,   1.279,9999.000,9999.000,9999.000,9999.000,9999.000,9999.000,9999.000
202608071218,   0.636,   1.229,9999.000,9999.000,9999.000,9999.000,9999.000,9999.000,9999.000
202608071224,   0.600,   1.170,9999.000,9999.000,9999.000,9999.000,9999.000,9999.000,9999.000
202608071230,   0.566,   1.128,9999.000,9999.000,9999.000,9999.000,9999.000,9999.000,9999.000
202608071236,   0.531,   1.088,9999.000,9999.000,9999.000,9999.000,9999.000,9999.000,9999.000
202608071242,   0.498,   1.049,9999.000,9999.000,9999.000,9999.000,9999.000,9999.000,9999.000
202608071248,   0.464,   1.000,9999.000,9999.000,9999.000,9999.000,9999.000,9999.000,9999.000
202608071254,   0.431,   0.951,9999.000,9999.000,9999.000,9999.000,9999.000,9999.000,9999.000
202608071300,   0.399,   0.888,   0.000,   0.489,   0.888,   0.000,   0.888,   0.000,   0.888
202608071306,   0.367,   0.849,9999.000,9999.000,9999.000,9999.000,9999.000,9999.000,9999.000
202608071312,   0.336,   0.810,9999.000,9999.000,9999.000,9999.000,9999.000,9999.000,9999.000
202608071318,   0.305,   0.770,9999.000,9999.000,9999.000,9999.000,9999.000,9999.000,9999.000
202608071324,   0.274,   0.718,9999.000,9999.000,9999.000,9999.000,9999.000,9999.000,9999.000
202608071330,   0.244,   0.688,9999.000,9999.000,9999.000,9999.000,9999.000,9999.000,9999.000
202608071336,   0.214,   0.659,9999.000,9999.000,9999.000,9999.000,9999.000,9999.000,9999.000
202608071342,   0.185,   0.619,9999.000,9999.000,9999.000,9999.000,9999.000,9999.000,9999.000
202608071348,   0.157,   0.610,9999.000,9999.000,9999.000,9999.000,9999.000,9999.000,9999.000
202608071354,   0.129,   0.590,9999.000,9999.000,9999.000,9999.000,9999.000,9999.000,9999.000
202608071400,   0.103,   0.551,   0.000,   0.448,   0.551,   0.000,   0.551,   0.000,   0.551
202608071406,   0.077,   0.531,9999.000,9999.000,9999.000,9999.000,9999.000,9999.000,9999.000
202608071412,   0.052,   0.508,9999.000,9999.000,9999.000,9999.000,9999.000,9999.000,9999.000
202608071418,   0.028,   0.478,9999.000,9999.000,9999.000,9999.000,9999.000,9999.000,9999.000
202608071424,   0.006,   0.459,9999.000,9999.000,9999.000,9999.000,9999.000,9999.000,9999.000
202608071430,  -0.014,   0.449,9999.000,9999.000,9999.000,9999.000,9999.000,9999.000,9999.000
202608071436,  -0.034,   0.429,9999.000,9999.000,9999.000,9999.000,9999.000,9999.000,9999.000
202608071442,  -0.052,   0.439,9999.000,9999.000,9999.000,9999.000,9999.000,9999.000,9999.000
202608071448,  -0.069,   0.439,9999.000,9999.000,9999.000,9999.000,9999.000,9999.000,9999.000
202608071454,  -0.083,   0.429,9999.000,9999.000,9999.000,9999.000,9999.000,9999.000,9999.000
202608071500,  -0.095,   0.469,   0.000,   0.564,   0.469,   0.000,   0.469,   0.000,   0.469
202608071506,  -0.105,   0.478,9999.000,9999.000,9999.000,9999.000,9999.000,9999.000,9999.000
202608071512,  -0.113,   0.518,9999.000,9999.000,9999.000,9999.000,9999.000,9999.000,9999.000
202608071518,  -0.118,   0.551,9999.000,9999.000,9999.000,9999.000,9999.000,9999.000,9999.000
202608071524,  -0.120,   0.600,9999.000,9999.000,9999.000,9999.000,9999.000,9999.000,9999.000
202608071530,  -0.119,   0.639,9999.000,9999.000,9999.000,9999.000,9999.000,9999.000,9999.000
202608071536,  -0.115,   0.698,9999.000,9999.000,9999.000,9999.000,9999.000,9999.000,9999.000
202608071542,  -0.108,   0.751,9999.000,9999.000,9999.000,9999.000,9999.000,9999.000,9999.000
202608071548,  -0.098,   0.829,9999.000,9999.000,9999.000,9999.000,9999.000,9999.000,9999.000
202608071554,  -0.083,   0.888,9999.000,9999.000,9999.000,9999.000,9999.000,9999.000,9999.000
202608071600,  -0.066,   0.970,   0.000,   1.036,   0.970,   0.000,   0.970,   0.000,   0.970
202608071606,  -0.044,   1.020,9999.000,9999.000,9999.000,9999.000,9999.000,9999.000,9999.000
202608071612,  -0.019,   1.098,9999.000,9999.000,9999.000,9999.000,9999.000,9999.000,9999.000
202608071618,   0.009,   1.180,9999.000,9999.000,9999.000,9999.000,9999.000,9999.000,9999.000
202608071624,   0.042,   1.249,9999.000,9999.000,9999.000,9999.000,9999.000,9999.000,9999.000
202608071630,   0.079,   1.318,9999.000,9999.000,9999.000,9999.000,9999.000,9999.000,9999.000
202608071636,   0.119,   1.380,9999.000,9999.000,9999.000,9999.000,9999.000,9999.000,9999.000
202608071642,   0.163,   1.449,9999.000,9999.000,9999.000,9999.000,9999.000,9999.000,9999.000
202608071648,   0.211,   1.518,9999.000,9999.000,9999.000,9999.000,9999.000,9999.000,9999.000
202608071654,   0.262,   1.590,9999.000,9999.000,9999.000,9999.000,9999.000,9999.000,9999.000
202608071700,   0.316,   1.649,   0.000,   1.333,   1.649,   0.000,   1.649,   0.000,   1.649
202608071706,   0.373,   1.718,9999.000,9999.000,9999.000,9999.000,9999.000,9999.000,9999.000
202608071712,   0.433,   1.781,9999.000,9999.000,9999.000,9999.000,9999.000,9999.000,9999.000
202608071718,   0.495,   1.810,9999.000,9999.000,9999.000,9999.000,9999.000,9999.000,9999.000
202608071724,   0.560,   1.899,9999.000,9999.000,9999.000,9999.000,9999.000,9999.000,9999.000
202608071730,   0.626,   1.958,9999.000,9999.000,9999.000,9999.000,9999.000,9999.000,9999.000
202608071736,   0.694,   2.020,9999.000,9999.000,9999.000,9999.000,9999.000,9999.000,9999.000
202608071742,   0.763,   2.089,9999.000,9999.000,9999.000,9999.000,9999.000,9999.000,9999.000
202608071748,   0.833,   2.158,9999.000,9999.000,9999.000,9999.000,9999.000,9999.000,9999.000
202608071754,   0.903,   2.230,9999.000,9999.000,9999.000,9999.000,9999.000,9999.000,9999.000
202608071800,   0.974,   2.289,   0.000,   1.315,   2.289,   0.000,   2.289,   0.000,   2.289
202608071806,   1.045,   2.358,9999.000,9999.000,9999.000,9999.000,9999.000,9999.000,9999.000
202608071812,   1.116,   2.430,9999.000,9999.000,9999.000,9999.000,9999.000,9999.000,9999.000
202608071818,   1.187,   2.509,9999.000,9999.000,9999.000,9999.000,9999.000,9999.000,9999.000
202608071824,   1.257,   2.558,9999.000,9999.000,9999.000,9999.000,9999.000,9999.000,9999.000
202608071830,   1.326,   2.610,9999.000,9999.000,9999.000,9999.000,9999.000,9999.000,9999.000
202608071836,   1.395,   2.689,9999.000,9999.000,9999.000,9999.000,9999.000,9999.000,9999.000
202608071842,   1.462,   2.758,9999.000,9999.000,9999.000,9999.000,9999.000,9999.000,9999.000
202608071848,   1.528,   2.807,9999.000,9999.000,9999.000,9999.000,9999.000,9999.000,9999.000
202608071854,   1.593,   2.860,9999.000,9999.000,9999.000,9999.000,9999.000,9999.000,9999.000
202608071900,   1.657,   2.929,   0.000,   1.272,   2.929,   0.000,   2.929,   0.000,   2.929
202608071906,   1.720,   2.997,9999.000,9999.000,9999.000,9999.000,9999.000,9999.000,9999.000
202608071912,   1.781,   3.050,9999.000,9999.000,9999.000,9999.000,9999.000,9999.000,9999.000
202608071918,   1.841,   3.099,9999.000,9999.000,9999.000,9999.000,9999.000,9999.000,9999.000
202608071924,   1.899,   3.148,9999.000,9999.000,9999.000,9999.000,9999.000,9999.000,9999.000
202608071930,   1.956,   3.240,9999.000,9999.000,9999.000,9999.000,9999.000,9999.000,9999.000
202608071936,   2.011,   3.279,9999.000,9999.000,9999.000,9999.000,9999.000,9999.000,9999.000
202608071942,   2.065,   3.329,9999.000,9999.000,9999.000,9999.000,9999.000,9999.000,9999.000
202608071948,   2.118,   3.358,9999.000,9999.000,9999.000,9999.000,9999.000,9999.000,9999.000
202608071954,   2.168,   3.388,9999.000,9999.000,9999.000,9999.000,9999.000,9999.000,9999.000
202608072000,   2.217,   3.398,   0.000,   1.181,   3.398,   0.000,   3.398,   0.000,   3.398
202608072006,   2.264,   3.440,9999.000,9999.000,9999.000,9999.000,9999.000,9999.000,9999.000
202608072012,   2.309,   3.470,9999.000,9999.000,9999.000,9999.000,9999.000,9999.000,9999.000
202608072018,   2.351,   3.489,9999.000,9999.000,9999.000,9999.000,9999.000,9999.000,9999.000
202608072024,   2.391,   3.509,9999.000,9999.000,9999.000,9999.000,9999.000,9999.000,9999.000
202608072030,   2.429,   3.539,9999.000,9999.000,9999.000,9999.000,9999.000,9999.000,9999.000
202608072036,   2.464,   3.539,9999.000,9999.000,9999.000,9999.000,9999.000,9999.000,9999.000
202608072042,   2.496,   3.568,9999.000,9999.000,9999.000,9999.000,9999.000,9999.000,9999.000
202608072048,   2.525,   3.578,9999.000,9999.000,9999.000,9999.000,9999.000,9999.000,9999.000
202608072054,   2.550,   3.598,9999.000,9999.000,9999.000,9999.000,9999.000,9999.000,9999.000
202608072100,   2.572,   3.598,   0.000,   1.026,   3.598,   0.000,   3.598,   0.000,   3.598
202608072106,   2.591,   3.607,9999.000,9999.000,9999.000,9999.000,9999.000,9999.000,9999.000
202608072112,   2.605,   3.607,9999.000,9999.000,9999.000,9999.000,9999.000,9999.000,9999.000
202608072118,   2.615,   3.598,9999.000,9999.000,9999.000,9999.000,9999.000,9999.000,9999.000
202608072124,   2.622,   3.617,9999.000,9999.000,9999.000,9999.000,9999.000,9999.000,9999.000
202608072130,   2.624,   3.617,9999.000,9999.000,9999.000,9999.000,9999.000,9999.000,9999.000
202608072136,   2.622,   3.588,9999.000,9999.000,9999.000,9999.000,9999.000,9999.000,9999.000
202608072142,   2.616,   3.578,9999.000,9999.000,9999.000,9999.000,9999.000,9999.000,9999.000
202608072148,   2.606,   3.568,9999.000,9999.000,9999.000,9999.000,9999.000,9999.000,9999.000
202608072154,   2.592,   3.548,9999.000,9999.000,9999.000,9999.000,9999.000,9999.000,9999.000
202608072200,   2.574,   3.529,   0.000,   0.955,   3.529,   0.000,   3.529,   0.000,   3.529
202608072206,   2.552,   3.480,9999.000,9999.000,9999.000,9999.000,9999.000,9999.000,9999.000
202608072212,   2.527,   3.460,9999.000,9999.000,9999.000,9999.000,9999.000,9999.000,9999.000
202608072218,   2.498,   3.450,9999.000,9999.000,9999.000,9999.000,9999.000,9999.000,9999.000
202608072224,   2.467,   3.407,9999.000,9999.000,9999.000,9999.000,9999.000,9999.000,9999.000
202608072230,   2.432,   3.378,9999.000,9999.000,9999.000,9999.000,9999.000,9999.000,9999.000
202608072236,   2.396,   3.329,9999.000,9999.000,9999.000,9999.000,9999.000,9999.000,9999.000
202608072242,   2.357,   3.279,9999.000,9999.000,9999.000,9999.000,9999.000,9999.000,9999.000
202608072248,   2.316,   3.197,9999.000,9999.000,9999.000,9999.000,9999.000,9999.000,9999.000
202608072254,   2.274,   3.148,9999.000,9999.000,9999.000,9999.000,9999.000,9999.000,9999.000
202608072300,   2.230,   3.089,   0.000,   0.859,   3.089,   0.000,   3.089,   0.000,   3.089
202608072306,   2.185,   3.017,9999.000,9999.000,9999.000,9999.000,9999.000,9999.000,9999.000
202608072312,   2.140,   2.958,9999.000,9999.000,9999.000,9999.000,9999.000,9999.000,9999.000
202608072318,   2.094,   2.889,9999.000,9999.000,9999.000,9999.000,9999.000,9999.000,9999.000
202608072324,   2.048,   2.830,9999.000,9999.000,9999.000,9999.000,9999.000,9999.000,9999.000
202608072330,   2.002,   2.787,9999.000,9999.000,9999.000,9999.000,9999.000,9999.000,9999.000
202608072336,   1.956,   2.748,9999.000,9999.000,9999.000,9999.000,9999.000,9999.000,9999.000
202608072342,   1.911,   2.709,9999.000,9999.000,9999.000,9999.000,9999.000,9999.000,9999.000
202608072348,   1.865,   2.669,9999.000,9999.000,9999.000,9999.000,9999.000,9999.000,9999.000
202608072354,   1.820,   2.640,9999.000,9999.000,9999.000,9999.000,9999.000,9999.000,9999.000
202608080000,   1.776,   2.620,   0.000,   0.844,   2.620,   0.000,   2.620,   0.100,   2.720
202608080006,   1.732,   2.578,9999.000,9999.000,9999.000,9999.000,9999.000,9999.000,9999.000
202608080012,   1.689,   2.538,9999.000,9999.000,9999.000,9999.000,9999.000,9999.000,9999.000
202608080018,   1.646,   2.489,9999.000,9999.000,9999.000,9999.000,9999.000,9999.000,9999.000
202608080024,   1.604,   2.450,9999.000,9999.000,9999.000,9999.000,9999.000,9999.000,9999.000
202608080030,   1.562,   2.400,9999.000,9999.000,9999.000,9999.000,9999.000,9999.000,9999.000
202608080036,   1.520,   2.348,9999.000,9999.000,9999.000,9999.000,9999.000,9999.000,9999.000
202608080042,   1.479,   2.289,9999.000,9999.000,9999.000,9999.000,9999.000,9999.000,9999.000
202608080048,   1.438,   2.230,9999.000,9999.000,9999.000,9999.000,9999.000,9999.000,9999.000
202608080054,   1.397,   2.168,9999.000,9999.000,9999.000,9999.000,9999.000,9999.000,9999.000
202608080100,   1.356,   2.118,   0.000,   0.762,   2.118,   0.000,   2.118,   0.100,   2.218
202608080106,   1.316,   2.069,9999.000,9999.000,9999.000,9999.000,9999.000,9999.000,9999.000
202608080112,   1.275,   2.010,9999.000,9999.000,9999.000,9999.000,9999.000,9999.000,9999.000
202608080118,   1.234,   1.958,9999.000,9999.000,9999.000,9999.000,9999.000,9999.000,9999.000
202608080124,   1.194,   1.908,9999.000,9999.000,9999.000,9999.000,9999.000,9999.000,9999.000
202608080130,   1.153,   1.859,9999.000,9999.000,9999.000,9999.000,9999.000,9999.000,9999.000
202608080136,   1.112,   1.820,9999.000,9999.000,9999.000,9999.000,9999.000,9999.000,9999.000
202608080142,   1.071,   1.767,9999.000,9999.000,9999.000,9999.000,9999.000,9999.000,9999.000
202608080148,   1.029,   1.718,9999.000,9999.000,9999.000,9999.000,9999.000,9999.000,9999.000
202608080154,   0.988,   1.669,9999.000,9999.000,9999.000,9999.000,9999.000,9999.000,9999.000
202608080200,   0.946,   1.630,   0.000,   0.684,   1.630,   0.000,   1.630,   0.100,   1.730
202608080206,   0.905,   1.590,9999.000,9999.000,9999.000,9999.000,9999.000,9999.000,9999.000
202608080212,   0.863,   1.548,9999.000,9999.000,9999.000,9999.000,9999.000,9999.000,9999.000
202608080218,   0.822,   1.498,9999.000,9999.000,9999.000,9999.000,9999.000,9999.000,9999.000
202608080224,   0.780,   1.459,9999.000,9999.000,9999.000,9999.000,9999.000,9999.000,9999.000
202608080230,   0.739,   1.410,9999.000,9999.000,9999.000,9999.000,9999.000,9999.000,9999.000
202608080236,   0.698,   1.380,9999.000,9999.000,9999.000,9999.000,9999.000,9999.000,9999.000
202608080242,   0.657,   1.338,9999.000,9999.000,9999.000,9999.000,9999.000,9999.000,9999.000
202608080248,   0.617,   1.298,9999.000,9999.000,9999.000,9999.000,9999.000,9999.000,9999.000
202608080254,   0.578,   1.249,9999.000,9999.000,9999.000,9999.000,9999.000,9999.000,9999.000
202608080300,   0.539,   1.220,   0.000,   0.681,   1.220,   0.000,   1.220,   0.100,   1.320
202608080306,   0.501,   1.170,9999.000,9999.000,9999.000,9999.000,9999.000,9999.000,9999.000
202608080312,   0.464,   1.151,9999.000,9999.000,9999.000,9999.000,9999.000,9999.000,9999.000
202608080318,   0.429,   1.118,9999.000,9999.000,9999.000,9999.000,9999.000,9999.000,9999.000
202608080324,   0.395,   1.088,9999.000,9999.000,9999.000,9999.000,9999.000,9999.000,9999.000
202608080330,   0.362,   1.069,9999.000,9999.000,9999.000,9999.000,9999.000,9999.000,9999.000
202608080336,   0.331,   1.029,9999.000,9999.000,9999.000,9999.000,9999.000,9999.000,9999.000
202608080342,   0.302,   1.010,9999.000,9999.000,9999.000,9999.000,9999.000,9999.000,9999.000
202608080348,   0.275,   1.000,9999.000,9999.000,9999.000,9999.000,9999.000,9999.000,9999.000
202608080354,   0.250,   0.990,9999.000,9999.000,9999.000,9999.000,9999.000,9999.000,9999.000
202608080400,   0.228,   0.990,   0.000,   0.762,   0.990,   0.000,   0.990,   0.100,   1.090
202608080406,   0.208,   0.990,9999.000,9999.000,9999.000,9999.000,9999.000,9999.000,9999.000
202608080412,   0.192,   0.990,9999.000,9999.000,9999.000,9999.000,9999.000,9999.000,9999.000
202608080418,   0.178,   0.990,9999.000,9999.000,9999.000,9999.000,9999.000,9999.000,9999.000
202608080424,   0.168,   0.970,9999.000,9999.000,9999.000,9999.000,9999.000,9999.000,9999.000
202608080430,   0.161,   0.961,9999.000,9999.000,9999.000,9999.000,9999.000,9999.000,9999.000
202608080436,   0.157,   0.961,9999.000,9999.000,9999.000,9999.000,9999.000,9999.000,9999.000
202608080442,   0.157,   0.951,9999.000,9999.000,9999.000,9999.000,9999.000,9999.000,9999.000
202608080448,   0.160,   0.951,9999.000,9999.000,9999.000,9999.000,9999.000,9999.000,9999.000
202608080454,   0.167,   0.970,9999.000,9999.000,9999.000,9999.000,9999.000,9999.000,9999.000
202608080500,   0.177,   0.990,   0.000,   0.813,   0.990,   0.000,   0.990,   0.100,   1.090
202608080506,   0.191,   1.029,9999.000,9999.000,9999.000,9999.000,9999.000,9999.000,9999.000
202608080512,   0.209,   1.079,9999.000,9999.000,9999.000,9999.000,9999.000,9999.000,9999.000
202608080518,   0.230,   1.128,9999.000,9999.000,9999.000,9999.000,9999.000,9999.000,9999.000
202608080524,   0.254,   1.200,9999.000,9999.000,9999.000,9999.000,9999.000,9999.000,9999.000
202608080530,   0.281,   1.269,9999.000,9999.000,9999.000,9999.000,9999.000,9999.000,9999.000
202608080536,   0.311,   1.318,9999.000,9999.000,9999.000,9999.000,9999.000,9999.000,9999.000
202608080542,   0.343,   1.390,9999.000,9999.000,9999.000,9999.000,9999.000,9999.000,9999.000
202608080548,   0.378,   1.449,9999.000,9999.000,9999.000,9999.000,9999.000,9999.000,9999.000
202608080554,   0.416,   1.518,9999.000,9999.000,9999.000,9999.000,9999.000,9999.000,9999.000
202608080600,   0.455,   1.580,   0.000,   1.125,   1.580,   0.000,   1.580,   0.100,   1.680
202608080606,   0.496,   1.639,9999.000,9999.000,9999.000,9999.000,9999.000,9999.000,9999.000
202608080612,   0.538,   1.699,9999.000,9999.000,9999.000,9999.000,9999.000,9999.000,9999.000
202608080618,   0.582,   1.758,9999.000,9999.000,9999.000,9999.000,9999.000,9999.000,9999.000
202608080624,   0.626,   1.810,9999.000,9999.000,9999.000,9999.000,9999.000,9999.000,9999.000
202608080630,   0.671,   1.869,9999.000,9999.000,9999.000,9999.000,9999.000,9999.000,9999.000
202608080636,   0.717,   1.918,9999.000,9999.000,9999.000,9999.000,9999.000,9999.000,9999.000
202608080642,   0.763,   1.967,9999.000,9999.000,9999.000,9999.000,9999.000,9999.000,9999.000
202608080648,   0.809,   2.010,9999.000,9999.000,9999.000,9999.000,9999.000,9999.000,9999.000
202608080654,   0.855,   2.049,9999.000,9999.000,9999.000,9999.000,9999.000,9999.000,9999.000
202608080700,   0.901,   2.099,   0.000,   1.198,   2.099,   0.000,   2.099,   0.100,   2.199
202608080706,   0.946,   2.148,9999.000,9999.000,9999.000,9999.000,9999.000,9999.000,9999.000
202608080712,   0.992,   2.200,9999.000,9999.000,9999.000,9999.000,9999.000,9999.000,9999.000
202608080718,   1.037,   2.240,9999.000,9999.000,9999.000,9999.000,9999.000,9999.000,9999.000
202608080724,   1.081,   2.289,9999.000,9999.000,9999.000,9999.000,9999.000,9999.000,9999.000
202608080730,   1.125,   2.328,9999.000,9999.000,9999.000,9999.000,9999.000,9999.000,9999.000
202608080736,   1.169,   2.377,9999.000,9999.000,9999.000,9999.000,9999.000,9999.000,9999.000
202608080742,   1.212,   2.420,9999.000,9999.000,9999.000,9999.000,9999.000,9999.000,9999.000
202608080748,   1.254,   2.459,9999.000,9999.000,9999.000,9999.000,9999.000,9999.000,9999.000
202608080754,   1.296,   2.499,9999.000,9999.000,9999.000,9999.000,9999.000,9999.000,9999.000
202608080800,   1.337,   2.528,   0.000,   1.191,   2.528,   0.000,   2.528,   0.100,   2.628
202608080806,   1.377,   2.558,9999.000,9999.000,9999.000,9999.000,9999.000,9999.000,9999.000
202608080812,   1.416,   2.587,9999.000,9999.000,9999.000,9999.000,9999.000,9999.000,9999.000
202608080818,   1.455,   2.620,9999.000,9999.000,9999.000,9999.000,9999.000,9999.000,9999.000
202608080824,   1.493,   2.660,9999.000,9999.000,9999.000,9999.000,9999.000,9999.000,9999.000
202608080830,   1.529,   2.679,9999.000,9999.000,9999.000,9999.000,9999.000,9999.000,9999.000
202608080836,   1.565,   2.699,9999.000,9999.000,9999.000,9999.000,9999.000,9999.000,9999.000
202608080842,   1.598,   2.719,9999.000,9999.000,9999.000,9999.000,9999.000,9999.000,9999.000
202608080848,   1.631,   2.738,9999.000,9999.000,9999.000,9999.000,9999.000,9999.000,9999.000
202608080854,   1.661,   2.758,9999.000,9999.000,9999.000,9999.000,9999.000,9999.000,9999.000
202608080900,   1.689,   2.778,   0.000,   1.089,   2.778,   0.000,   2.778,   0.100,   2.878
202608080906,   1.715,   2.797,9999.000,9999.000,9999.000,9999.000,9999.000,9999.000,9999.000
202608080912,   1.739,   2.807,9999.000,9999.000,9999.000,9999.000,9999.000,9999.000,9999.000
202608080918,   1.759,   2.840,9999.000,9999.000,9999.000,9999.000,9999.000,9999.000,9999.000
202608080924,   1.777,   2.850,9999.000,9999.000,9999.000,9999.000,9999.000,9999.000,9999.000
202608080930,   1.792,   2.850,9999.000,9999.000,9999.000,9999.000,9999.000,9999.000,9999.000
202608080936,   1.803,   2.840,9999.000,9999.000,9999.000,9999.000,9999.000,9999.000,9999.000
202608080942,   1.811,   2.830,9999.000,9999.000,9999.000,9999.000,9999.000,9999.000,9999.000
202608080948,   1.815,   2.820,9999.000,9999.000,9999.000,9999.000,9999.000,9999.000,9999.000
202608080954,   1.816,   2.797,9999.000,9999.000,9999.000,9999.000,9999.000,9999.000,9999.000
202608081000,   1.813,   2.758,   0.000,   0.945,   2.758,   0.000,   2.758,   0.100,   2.858
202608081006,   1.806,   2.738,9999.000,9999.000,9999.000,9999.000,9999.000,9999.000,9999.000
202608081012,   1.795,   2.699,9999.000,9999.000,9999.000,9999.000,9999.000,9999.000,9999.000
202608081018,   1.780,   2.650,9999.000,9999.000,9999.000,9999.000,9999.000,9999.000,9999.000
202608081024,   1.762,   2.620,9999.000,9999.000,9999.000,9999.000,9999.000,9999.000,9999.000
202608081030,   1.741,   2.568,9999.000,9999.000,9999.000,9999.000,9999.000,9999.000,9999.000
202608081036,   1.716,   2.519,9999.000,9999.000,9999.000,9999.000,9999.000,9999.000,9999.000
202608081042,   1.688,   2.469,9999.000,9999.000,9999.000,9999.000,9999.000,9999.000,9999.000
202608081048,   1.657,   2.410,9999.000,9999.000,9999.000,9999.000,9999.000,9999.000,9999.000
202608081054,   1.624,   2.358,9999.000,9999.000,9999.000,9999.000,9999.000,9999.000,9999.000
202608081100,   1.588,   2.299,   0.000,   0.711,   2.299,   0.000,   2.299,   0.100,   2.399
202608081106,   1.550,   2.250,9999.000,9999.000,9999.000,9999.000,9999.000,9999.000,9999.000
202608081112,   1.511,   2.200,9999.000,9999.000,9999.000,9999.000,9999.000,9999.000,9999.000
202608081118,   1.470,   2.148,9999.000,9999.000,9999.000,9999.000,9999.000,9999.000,9999.000
202608081124,   1.428,   2.109,9999.000,9999.000,9999.000,9999.000,9999.000,9999.000,9999.000
202608081130,   1.385,   2.069,9999.000,9999.000,9999.000,9999.000,9999.000,9999.000,9999.000
202608081136,   1.342,   2.010,9999.000,9999.000,9999.000,9999.000,9999.000,9999.000,9999.000
202608081142,   1.298,   1.990,9999.000,9999.000,9999.000,9999.000,9999.000,9999.000,9999.000
202608081148,   1.254,   1.948,9999.000,9999.000,9999.000,9999.000,9999.000,9999.000,9999.000
202608081154,   1.210,   1.908,9999.000,9999.000,9999.000,9999.000,9999.000,9999.000,9999.000
202608081200,   1.167,   1.859,   0.000,   0.692,   1.859,   0.000,   1.859,   0.000,   1.859
202608081206,   1.124,   1.840,9999.000,9999.000,9999.000,9999.000,9999.000,9999.000,9999.000
202608081212,   1.082,   1.781,9999.000,9999.000,9999.000,9999.000,9999.000,9999.000,9999.000
202608081218,   1.040,   1.748,9999.000,9999.000,9999.000,9999.000,9999.000,9999.000,9999.000
202608081224,   0.999,   1.708,9999.000,9999.000,9999.000,9999.000,9999.000,9999.000,9999.000
202608081230,   0.959,   1.669,9999.000,9999.000,9999.000,9999.000,9999.000,9999.000,9999.000
202608081236,   0.919,   1.620,9999.000,9999.000,9999.000,9999.000,9999.000,9999.000,9999.000
202608081242,   0.881,   1.571,9999.000,9999.000,9999.000,9999.000,9999.000,9999.000,9999.000
202608081248,   0.843,   1.538,9999.000,9999.000,9999.000,9999.000,9999.000,9999.000,9999.000
202608081254,   0.806,   1.489,9999.000,9999.000,9999.000,9999.000,9999.000,9999.000,9999.000
202608081300,   0.770,   1.439,   0.000,   0.669,   1.439,   0.000,   1.439,   0.000,   1.439
202608081306,   0.734,   1.380,9999.000,9999.000,9999.000,9999.000,9999.000,9999.000,9999.000
202608081312,   0.699,   1.361,9999.000,9999.000,9999.000,9999.000,9999.000,9999.000,9999.000
202608081318,   0.664,   1.289,9999.000,9999.000,9999.000,9999.000,9999.000,9999.000,9999.000
202608081324,   0.630,   1.229,9999.000,9999.000,9999.000,9999.000,9999.000,9999.000,9999.000
202608081330,   0.597,   1.190,9999.000,9999.000,9999.000,9999.000,9999.000,9999.000,9999.000
202608081336,   0.564,   1.128,9999.000,9999.000,9999.000,9999.000,9999.000,9999.000,9999.000
202608081342,   0.531,   1.088,9999.000,9999.000,9999.000,9999.000,9999.000,9999.000,9999.000
202608081348,   0.498,   1.059,9999.000,9999.000,9999.000,9999.000,9999.000,9999.000,9999.000
202608081354,   0.466,   1.010,9999.000,9999.000,9999.000,9999.000,9999.000,9999.000,9999.000
202608081400,   0.434,   0.970,   0.000,   0.536,   0.970,   0.000,   0.970,   0.000,   0.970
202608081406,   0.403,   0.918,9999.000,9999.000,9999.000,9999.000,9999.000,9999.000,9999.000
202608081412,   0.372,   0.888,9999.000,9999.000,9999.000,9999.000,9999.000,9999.000,9999.000
202608081418,   0.341,   0.839,9999.000,9999.000,9999.000,9999.000,9999.000,9999.000,9999.000
202608081424,   0.310,   0.800,9999.000,9999.000,9999.000,9999.000,9999.000,9999.000,9999.000
202608081430,   0.280,   0.751,9999.000,9999.000,9999.000,9999.000,9999.000,9999.000,9999.000
202608081436,   0.250,   0.708,9999.000,9999.000,9999.000,9999.000,9999.000,9999.000,9999.000
202608081442,   0.220,   0.669,9999.000,9999.000,9999.000,9999.000,9999.000,9999.000,9999.000
202608081448,   0.192,   0.649,9999.000,9999.000,9999.000,9999.000,9999.000,9999.000,9999.000
202608081454,   0.163,   0.619,9999.000,9999.000,9999.000,9999.000,9999.000,9999.000,9999.000
202608081500,   0.136,   0.590,   0.000,   0.454,   0.590,   0.000,   0.590,   0.000,   0.590
202608081506,   0.109,   0.560,9999.000,9999.000,9999.000,9999.000,9999.000,9999.000,9999.000
202608081512,   0.083,   0.541,9999.000,9999.000,9999.000,9999.000,9999.000,9999.000,9999.000
202608081518,   0.058,   0.531,9999.000,9999.000,9999.000,9999.000,9999.000,9999.000,9999.000
202608081524,   0.034,   0.531,9999.000,9999.000,9999.000,9999.000,9999.000,9999.000,9999.000
202608081530,   0.012,   0.498,9999.000,9999.000,9999.000,9999.000,9999.000,9999.000,9999.000
202608081536,  -0.008,   0.498,9999.000,9999.000,9999.000,9999.000,9999.000,9999.000,9999.000
202608081542,  -0.028,   0.508,9999.000,9999.000,9999.000,9999.000,9999.000,9999.000,9999.000
202608081548,  -0.046,   0.518,9999.000,9999.000,9999.000,9999.000,9999.000,9999.000,9999.000
202608081554,  -0.062,   0.531,9999.000,9999.000,9999.000,9999.000,9999.000,9999.000,9999.000
202608081600,  -0.076,   0.531,   0.000,   0.607,   0.531,   0.000,   0.531,   0.000,   0.531
202608081606,  -0.087,   0.560,9999.000,9999.000,9999.000,9999.000,9999.000,9999.000,9999.000
202608081612,  -0.097,   0.600,9999.000,9999.000,9999.000,9999.000,9999.000,9999.000,9999.000
202608081618,  -0.104,   0.629,9999.000,9999.000,9999.000,9999.000,9999.000,9999.000,9999.000
202608081624,  -0.108,   0.659,9999.000,9999.000,9999.000,9999.000,9999.000,9999.000,9999.000
202608081630,  -0.109,   0.718,9999.000,9999.000,9999.000,9999.000,9999.000,9999.000,9999.000
202608081636,  -0.107,   0.770,9999.000,9999.000,9999.000,9999.000,9999.000,9999.000,9999.000
202608081642,  -0.101,   0.849,9999.000,9999.000,9999.000,9999.000,9999.000,9999.000,9999.000
202608081648,  -0.093,   0.898,9999.000,9999.000,9999.000,9999.000,9999.000,9999.000,9999.000
202608081654,  -0.080,   0.980,9999.000,9999.000,9999.000,9999.000,9999.000,9999.000,9999.000
202608081700,  -0.065,   1.039,   0.000,   1.104,   1.039,   0.000,   1.039,   0.000,   1.039
202608081706,  -0.045,   1.088,9999.000,9999.000,9999.000,9999.000,9999.000,9999.000,9999.000
202608081712,  -0.022,   1.170,9999.000,9999.000,9999.000,9999.000,9999.000,9999.000,9999.000
202608081718,   0.004,   1.239,9999.000,9999.000,9999.000,9999.000,9999.000,9999.000,9999.000
202608081724,   0.035,   1.289,9999.000,9999.000,9999.000,9999.000,9999.000,9999.000,9999.000
202608081730,   0.070,   1.361,9999.000,9999.000,9999.000,9999.000,9999.000,9999.000,9999.000
202608081736,   0.108,   1.420,9999.000,9999.000,9999.000,9999.000,9999.000,9999.000,9999.000
202608081742,   0.150,   1.479,9999.000,9999.000,9999.000,9999.000,9999.000,9999.000,9999.000
202608081748,   0.195,   1.548,9999.000,9999.000,9999.000,9999.000,9999.000,9999.000,9999.000
202608081754,   0.244,   1.610,9999.000,9999.000,9999.000,9999.000,9999.000,9999.000,9999.000
202608081800,   0.295,   1.649,   0.000,   1.354,   1.649,   0.000,   1.649,   0.000,   1.649
202608081806,   0.349,   1.708,9999.000,9999.000,9999.000,9999.000,9999.000,9999.000,9999.000
202608081812,   0.406,   1.790,9999.000,9999.000,9999.000,9999.000,9999.000,9999.000,9999.000
202608081818,   0.465,   1.859,9999.000,9999.000,9999.000,9999.000,9999.000,9999.000,9999.000
202608081824,   0.527,   1.928,9999.000,9999.000,9999.000,9999.000,9999.000,9999.000,9999.000
202608081830,   0.590,   2.000,9999.000,9999.000,9999.000,9999.000,9999.000,9999.000,9999.000
202608081836,   0.654,   2.040,9999.000,9999.000,9999.000,9999.000,9999.000,9999.000,9999.000
202608081842,   0.720,   2.128,9999.000,9999.000,9999.000,9999.000,9999.000,9999.000,9999.000
202608081848,   0.787,   2.200,9999.000,9999.000,9999.000,9999.000,9999.000,9999.000,9999.000
202608081854,   0.854,   2.250,9999.000,9999.000,9999.000,9999.000,9999.000,9999.000,9999.000
202608081900,   0.922,   2.309,   0.000,   1.387,   2.309,   0.000,   2.309,   0.000,   2.309
202608081906,   0.990,   2.387,9999.000,9999.000,9999.000,9999.000,9999.000,9999.000,9999.000
202608081912,   1.059,   2.459,9999.000,9999.000,9999.000,9999.000,9999.000,9999.000,9999.000
202608081918,   1.127,   2.548,9999.000,9999.000,9999.000,9999.000,9999.000,9999.000,9999.000
202608081924,   1.195,   2.620,9999.000,9999.000,9999.000,9999.000,9999.000,9999.000,9999.000
202608081930,   1.263,   2.719,9999.000,9999.000,9999.000,9999.000,9999.000,9999.000,9999.000
202608081936,   1.330,   2.758,9999.000,9999.000,9999.000,9999.000,9999.000,9999.000,9999.000
202608081942,   1.397,   2.860,9999.000,9999.000,9999.000,9999.000,9999.000,9999.000,9999.000
202608081948,   1.463,   2.909,9999.000,9999.000,9999.000,9999.000,9999.000,9999.000,9999.000
202608081954,   1.529,   2.988,9999.000,9999.000,9999.000,9999.000,9999.000,9999.000,9999.000
202608082000,   1.594,   3.050,   0.000,   1.456,   3.050,   0.000,   3.050,   0.000,   3.050
202608082006,   1.657,   3.119,9999.000,9999.000,9999.000,9999.000,9999.000,9999.000,9999.000
202608082012,   1.721,   3.178,9999.000,9999.000,9999.000,9999.000,9999.000,9999.000,9999.000
202608082018,   1.783,   3.240,9999.000,9999.000,9999.000,9999.000,9999.000,9999.000,9999.000
202608082024,   1.844,   3.309,9999.000,9999.000,9999.000,9999.000,9999.000,9999.000,9999.000
202608082030,   1.904,   3.378,9999.000,9999.000,9999.000,9999.000,9999.000,9999.000,9999.000
202608082036,   1.963,   3.440,9999.000,9999.000,9999.000,9999.000,9999.000,9999.000,9999.000
202608082042,   2.021,   3.489,9999.000,9999.000,9999.000,9999.000,9999.000,9999.000,9999.000
202608082048,   2.078,   3.529,9999.000,9999.000,9999.000,9999.000,9999.000,9999.000,9999.000
202608082054,   2.133,   3.578,9999.000,9999.000,9999.000,9999.000,9999.000,9999.000,9999.000
202608082100,   2.186,   3.637,   0.000,   1.451,   3.637,   0.000,   3.637,   0.000,   3.637
202608082106,   2.238,   3.670,9999.000,9999.000,9999.000,9999.000,9999.000,9999.000,9999.000
202608082112,   2.287,   3.709,9999.000,9999.000,9999.000,9999.000,9999.000,9999.000,9999.000
202608082118,   2.335,   3.768,9999.000,9999.000,9999.000,9999.000,9999.000,9999.000,9999.000
202608082124,   2.379,   3.798,9999.000,9999.000,9999.000,9999.000,9999.000,9999.000,9999.000
202608082130,   2.421,   3.778,9999.000,9999.000,9999.000,9999.000,9999.000,9999.000,9999.000
202608082136,   2.460,   3.860,9999.000,9999.000,9999.000,9999.000,9999.000,9999.000,9999.000
202608082142,   2.496,   3.870,9999.000,9999.000,9999.000,9999.000,9999.000,9999.000,9999.000
202608082148,   2.529,   3.870,9999.000,9999.000,9999.000,9999.000,9999.000,9999.000,9999.000
202608082154,   2.558,   3.919,9999.000,9999.000,9999.000,9999.000,9999.000,9999.000,9999.000
202608082200,   2.583,   3.939,   0.000,   1.356,   3.939,   0.000,   3.939,   0.000,   3.939
202608082206,   2.604,   3.949,9999.000,9999.000,9999.000,9999.000,9999.000,9999.000,9999.000
202608082212,   2.621,   3.968,9999.000,9999.000,9999.000,9999.000,9999.000,9999.000,9999.000
202608082218,   2.633,   3.968,9999.000,9999.000,9999.000,9999.000,9999.000,9999.000,9999.000
202608082224,   2.642,   3.958,9999.000,9999.000,9999.000,9999.000,9999.000,9999.000,9999.000
202608082230,   2.646,   3.939,9999.000,9999.000,9999.000,9999.000,9999.000,9999.000,9999.000
202608082236,   2.645,   3.939,9999.000,9999.000,9999.000,9999.000,9999.000,9999.000,9999.000
202608082242,   2.641,   3.919,9999.000,9999.000,9999.000,9999.000,9999.000,9999.000,9999.000
202608082248,   2.632,   3.929,9999.000,9999.000,9999.000,9999.000,9999.000,9999.000,9999.000
202608082254,   2.619,   3.899,9999.000,9999.000,9999.000,9999.000,9999.000,9999.000,9999.000
202608082300,   2.603,   3.890,   0.000,   1.287,   3.890,   0.000,   3.890,   0.100,   3.990
202608082306,   2.582,   3.860,9999.000,9999.000,9999.000,9999.000,9999.000,9999.000,9999.000
202608082312,   2.559,   3.837,9999.000,9999.000,9999.000,9999.000,9999.000,9999.000,9999.000
202608082318,   2.532,   3.798,9999.000,9999.000,9999.000,9999.000,9999.000,9999.000,9999.000
202608082324,   2.502,   3.768,9999.000,9999.000,9999.000,9999.000,9999.000,9999.000,9999.000
202608082330,   2.470,   3.758,9999.000,9999.000,9999.000,9999.000,9999.000,9999.000,9999.000
202608082336,   2.435,   3.719,9999.000,9999.000,9999.000,9999.000,9999.000,9999.000,9999.000
202608082342,   2.398,   3.660,9999.000,9999.000,9999.000,9999.000,9999.000,9999.000,9999.000
202608082348,   2.360,   3.588,9999.000,9999.000,9999.000,9999.000,9999.000,9999.000,9999.000
202608082354,   2.320,   3.519,9999.000,9999.000,9999.000,9999.000,9999.000,9999.000,9999.000
202608090000,   2.279,   3.440,   0.100,   1.061,   3.440,   0.000,   3.340,   0.100,   3.440
202608090006,   2.238,   3.368,9999.000,9999.000,9999.000,9999.000,9999.000,9999.000,9999.000
202608090012,   2.196,   3.289,9999.000,9999.000,9999.000,9999.000,9999.000,9999.000,9999.000
202608090018,   2.153,   3.230,9999.000,9999.000,9999.000,9999.000,9999.000,9999.000,9999.000
202608090024,   2.110,   3.158,9999.000,9999.000,9999.000,9999.000,9999.000,9999.000,9999.000
202608090030,   2.067,   3.099,9999.000,9999.000,9999.000,9999.000,9999.000,9999.000,9999.000
202608090036,   2.024,   3.050,9999.000,9999.000,9999.000,9999.000,9999.000,9999.000,9999.000
202608090042,   1.982,   2.997,9999.000,9999.000,9999.000,9999.000,9999.000,9999.000,9999.000
202608090048,   1.940,   2.948,9999.000,9999.000,9999.000,9999.000,9999.000,9999.000,9999.000
202608090054,   1.898,   2.899,9999.000,9999.000,9999.000,9999.000,9999.000,9999.000,9999.000
202608090100,   1.856,   2.860,   0.100,   0.904,   2.860,   0.000,   2.760,   0.100,   2.860
202608090106,   1.815,   2.820,9999.000,9999.000,9999.000,9999.000,9999.000,9999.000,9999.000
202608090112,   1.774,   2.778,9999.000,9999.000,9999.000,9999.000,9999.000,9999.000,9999.000
202608090118,   1.733,   2.728,9999.000,9999.000,9999.000,9999.000,9999.000,9999.000,9999.000
202608090124,   1.693,   2.679,9999.000,9999.000,9999.000,9999.000,9999.000,9999.000,9999.000
202608090130,   1.652,   2.630,9999.000,9999.000,9999.000,9999.000,9999.000,9999.000,9999.000
202608090136,   1.612,   2.578,9999.000,9999.000,9999.000,9999.000,9999.000,9999.000,9999.000
202608090142,   1.572,   2.538,9999.000,9999.000,9999.000,9999.000,9999.000,9999.000,9999.000
202608090148,   1.532,   2.479,9999.000,9999.000,9999.000,9999.000,9999.000,9999.000,9999.000
202608090154,   1.492,   2.430,9999.000,9999.000,9999.000,9999.000,9999.000,9999.000,9999.000
202608090200,   1.451,   2.377,   0.100,   0.826,   2.377,   0.000,   2.277,   0.100,   2.377
202608090206,   1.411,   2.328,9999.000,9999.000,9999.000,9999.000,9999.000,9999.000,9999.000
202608090212,   1.370,   2.269,9999.000,9999.000,9999.000,9999.000,9999.000,9999.000,9999.000
202608090218,   1.329,   2.210,9999.000,9999.000,9999.000,9999.000,9999.000,9999.000,9999.000
202608090224,   1.288,   2.148,9999.000,9999.000,9999.000,9999.000,9999.000,9999.000,9999.000
202608090230,   1.246,   2.099,9999.000,9999.000,9999.000,9999.000,9999.000,9999.000,9999.000
202608090236,   1.204,   2.049,9999.000,9999.000,9999.000,9999.000,9999.000,9999.000,9999.000
202608090242,   1.162,   1.990,9999.000,9999.000,9999.000,9999.000,9999.000,9999.000,9999.000
202608090248,   1.119,   1.938,9999.000,9999.000,9999.000,9999.000,9999.000,9999.000,9999.000
202608090254,   1.076,   1.889,9999.000,9999.000,9999.000,9999.000,9999.000,9999.000,9999.000
202608090300,   1.032,   1.849,   0.100,   0.717,   1.849,   0.000,   1.749,   0.100,   1.849
202608090306,   0.989,   1.790,9999.000,9999.000,9999.000,9999.000,9999.000,9999.000,9999.000
202608090312,   0.945,   1.748,9999.000,9999.000,9999.000,9999.000,9999.000,9999.000,9999.000
202608090318,   0.901,   1.708,9999.000,9999.000,9999.000,9999.000,9999.000,9999.000,9999.000
202608090324,   0.857,   1.659,9999.000,9999.000,9999.000,9999.000,9999.000,9999.000,9999.000
202608090330,   0.813,   1.610,9999.000,9999.000,9999.000,9999.000,9999.000,9999.000,9999.000
202608090336,   0.769,   1.557,9999.000,9999.000,9999.000,9999.000,9999.000,9999.000,9999.000
202608090342,   0.725,   1.518,9999.000,9999.000,9999.000,9999.000,9999.000,9999.000,9999.000
202608090348,   0.682,   1.469,9999.000,9999.000,9999.000,9999.000,9999.000,9999.000,9999.000
202608090354,   0.639,   1.420,9999.000,9999.000,9999.000,9999.000,9999.000,9999.000,9999.000
202608090400,   0.597,   1.380,   0.100,   0.683,   1.380,   0.000,   1.280,   0.100,   1.380
202608090406,   0.556,   1.328,9999.000,9999.000,9999.000,9999.000,9999.000,9999.000,9999.000
202608090412,   0.515,   1.289,9999.000,9999.000,9999.000,9999.000,9999.000,9999.000,9999.000
202608090418,   0.476,   1.249,9999.000,9999.000,9999.000,9999.000,9999.000,9999.000,9999.000
202608090424,   0.438,   1.229,9999.000,9999.000,9999.000,9999.000,9999.000,9999.000,9999.000
202608090430,   0.401,   1.190,9999.000,9999.000,9999.000,9999.000,9999.000,9999.000,9999.000
202608090436,   0.367,   1.170,9999.000,9999.000,9999.000,9999.000,9999.000,9999.000,9999.000
202608090442,   0.334,   1.138,9999.000,9999.000,9999.000,9999.000,9999.000,9999.000,9999.000
202608090448,   0.303,   1.118,9999.000,9999.000,9999.000,9999.000,9999.000,9999.000,9999.000
202608090454,   0.275,   1.098,9999.000,9999.000,9999.000,9999.000,9999.000,9999.000,9999.000
202608090500,   0.249,   1.079,   0.100,   0.730,   1.079,   0.000,   0.979,   0.100,   1.079
202608090506,   0.226,   1.059,9999.000,9999.000,9999.000,9999.000,9999.000,9999.000,9999.000
202608090512,   0.206,   1.039,9999.000,9999.000,9999.000,9999.000,9999.000,9999.000,9999.000
202608090518,   0.189,   1.029,9999.000,9999.000,9999.000,9999.000,9999.000,9999.000,9999.000
202608090524,   0.175,   1.029,9999.000,9999.000,9999.000,9999.000,9999.000,9999.000,9999.000
202608090530,   0.165,   1.020,9999.000,9999.000,9999.000,9999.000,9999.000,9999.000,9999.000
202608090536,   0.158,   1.020,9999.000,9999.000,9999.000,9999.000,9999.000,9999.000,9999.000
202608090542,   0.154,   1.020,9999.000,9999.000,9999.000,9999.000,9999.000,9999.000,9999.000
202608090548,   0.155,   1.029,9999.000,9999.000,9999.000,9999.000,9999.000,9999.000,9999.000
202608090554,   0.158,   1.029,9999.000,9999.000,9999.000,9999.000,9999.000,9999.000,9999.000
202608090600,   0.166,   1.059,   0.100,   0.793,   1.059,   0.000,   0.959,   0.200,   1.159
202608090606,   0.177,   1.079,9999.000,9999.000,9999.000,9999.000,9999.000,9999.000,9999.000
202608090612,   0.191,   1.108,9999.000,9999.000,9999.000,9999.000,9999.000,9999.000,9999.000
202608090618,   0.209,   1.161,9999.000,9999.000,9999.000,9999.000,9999.000,9999.000,9999.000
202608090624,   0.230,   1.200,9999.000,9999.000,9999.000,9999.000,9999.000,9999.000,9999.000
202608090630,   0.253,   1.249,9999.000,9999.000,9999.000,9999.000,9999.000,9999.000,9999.000
202608090636,   0.280,   1.289,9999.000,9999.000,9999.000,9999.000,9999.000,9999.000,9999.000
202608090642,   0.310,   1.328,9999.000,9999.000,9999.000,9999.000,9999.000,9999.000,9999.000
202608090648,   0.341,   1.390,9999.000,9999.000,9999.000,9999.000,9999.000,9999.000,9999.000
202608090654,   0.375,   1.439,9999.000,9999.000,9999.000,9999.000,9999.000,9999.000,9999.000
202608090700,   0.411,   1.508,   0.100,   0.997,   1.508,   0.000,   1.408,   0.200,   1.608
202608090706,   0.449,   1.557,9999.000,9999.000,9999.000,9999.000,9999.000,9999.000,9999.000
202608090712,   0.488,   1.630,9999.000,9999.000,9999.000,9999.000,9999.000,9999.000,9999.000
202608090718,   0.529,   1.689,9999.000,9999.000,9999.000,9999.000,9999.000,9999.000,9999.000
202608090724,   0.571,   1.748,9999.000,9999.000,9999.000,9999.000,9999.000,9999.000,9999.000
202608090730,   0.613,   1.820,9999.000,9999.000,9999.000,9999.000,9999.000,9999.000,9999.000
202608090736,   0.657,   1.879,9999.000,9999.000,9999.000,9999.000,9999.000,9999.000,9999.000
202608090742,   0.701,   1.928,9999.000,9999.000,9999.000,9999.000,9999.000,9999.000,9999.000
202608090748,   0.746,   1.981,9999.000,9999.000,9999.000,9999.000,9999.000,9999.000,9999.000
202608090754,   0.791,   2.030,9999.000,9999.000,9999.000,9999.000,9999.000,9999.000,9999.000
202608090800,   0.836,   2.079,   0.100,   1.143,   2.079,   0.000,   1.979,   0.200,   2.179
202608090806,   0.881,   2.118,9999.000,9999.000,9999.000,9999.000,9999.000,9999.000,9999.000
202608090812,   0.927,   2.168,9999.000,9999.000,9999.000,9999.000,9999.000,9999.000,9999.000
202608090818,   0.973,   2.220,9999.000,9999.000,9999.000,9999.000,9999.000,9999.000,9999.000
202608090824,   1.018,   2.269,9999.000,9999.000,9999.000,9999.000,9999.000,9999.000,9999.000
202608090830,   1.064,   2.328,9999.000,9999.000,9999.000,9999.000,9999.000,9999.000,9999.000
202608090836,   1.110,   2.368,9999.000,9999.000,9999.000,9999.000,9999.000,9999.000,9999.000
202608090842,   1.156,   2.420,9999.000,9999.000,9999.000,9999.000,9999.000,9999.000,9999.000
202608090848,   1.201,   2.459,9999.000,9999.000,9999.000,9999.000,9999.000,9999.000,9999.000
202608090854,   1.247,   2.509,9999.000,9999.000,9999.000,9999.000,9999.000,9999.000,9999.000
202608090900,   1.292,   2.538,   0.100,   1.146,   2.538,   0.000,   2.438,   0.200,   2.638
202608090906,   1.336,   2.578,9999.000,9999.000,9999.000,9999.000,9999.000,9999.000,9999.000
202608090912,   1.380,   2.630,9999.000,9999.000,9999.000,9999.000,9999.000,9999.000,9999.000
202608090918,   1.423,   2.669,9999.000,9999.000,9999.000,9999.000,9999.000,9999.000,9999.000
202608090924,   1.466,   2.699,9999.000,9999.000,9999.000,9999.000,9999.000,9999.000,9999.000
202608090930,   1.507,   2.738,9999.000,9999.000,9999.000,9999.000,9999.000,9999.000,9999.000
202608090936,   1.547,   2.768,9999.000,9999.000,9999.000,9999.000,9999.000,9999.000,9999.000
202608090942,   1.585,   2.807,9999.000,9999.000,9999.000,9999.000,9999.000,9999.000,9999.000
202608090948,   1.622,   2.830,9999.000,9999.000,9999.000,9999.000,9999.000,9999.000,9999.000
202608090954,   1.656,   2.840,9999.000,9999.000,9999.000,9999.000,9999.000,9999.000,9999.000
202608091000,   1.688,   2.850,   0.100,   1.062,   2.850,   0.000,   2.750,   0.200,   2.950
202608091006,   1.718,   2.860,9999.000,9999.000,9999.000,9999.000,9999.000,9999.000,9999.000
202608091012,   1.744,   2.869,9999.000,9999.000,9999.000,9999.000,9999.000,9999.000,9999.000
202608091018,   1.768,   2.879,9999.000,9999.000,9999.000,9999.000,9999.000,9999.000,9999.000
202608091024,   1.788,   2.869,9999.000,9999.000,9999.000,9999.000,9999.000,9999.000,9999.000
202608091030,   1.805,   2.869,9999.000,9999.000,9999.000,9999.000,9999.000,9999.000,9999.000
202608091036,   1.818,   2.879,9999.000,9999.000,9999.000,9999.000,9999.000,9999.000,9999.000
202608091042,   1.828,   2.869,9999.000,9999.000,9999.000,9999.000,9999.000,9999.000,9999.000
202608091048,   1.833,   2.850,9999.000,9999.000,9999.000,9999.000,9999.000,9999.000,9999.000
202608091054,   1.834,   2.830,9999.000,9999.000,9999.000,9999.000,9999.000,9999.000,9999.000
202608091100,   1.832,   2.807,   0.100,   0.875,   2.807,   0.000,   2.707,   0.100,   2.807
202608091106,   1.825,   2.797,9999.000,9999.000,9999.000,9999.000,9999.000,9999.000,9999.000
202608091112,   1.815,   2.768,9999.000,9999.000,9999.000,9999.000,9999.000,9999.000,9999.000
202608091118,   1.801,   2.728,9999.000,9999.000,9999.000,9999.000,9999.000,9999.000,9999.000
202608091124,   1.783,   2.689,9999.000,9999.000,9999.000,9999.000,9999.000,9999.000,9999.000
202608091130,   1.762,   2.650,9999.000,9999.000,9999.000,9999.000,9999.000,9999.000,9999.000
202608091136,   1.737,   2.610,9999.000,9999.000,9999.000,9999.000,9999.000,9999.000,9999.000
202608091142,   1.710,   2.558,9999.000,9999.000,9999.000,9999.000,9999.000,9999.000,9999.000
202608091148,   1.680,   2.499,9999.000,9999.000,9999.000,9999.000,9999.000,9999.000,9999.000
202608091154,   1.647,   2.469,9999.000,9999.000,9999.000,9999.000,9999.000,9999.000,9999.000
202608091200,   1.613,   2.410,   0.100,   0.697,   2.410,   0.100,   2.410,   0.200,   2.510
202608091206,   1.576,   2.338,9999.000,9999.000,9999.000,9999.000,9999.000,9999.000,9999.000
202608091212,   1.538,   2.289,9999.000,9999.000,9999.000,9999.000,9999.000,9999.000,9999.000
202608091218,   1.499,   2.240,9999.000,9999.000,9999.000,9999.000,9999.000,9999.000,9999.000
202608091224,   1.459,   2.191,9999.000,9999.000,9999.000,9999.000,9999.000,9999.000,9999.000
202608091230,   1.418,   2.148,9999.000,9999.000,9999.000,9999.000,9999.000,9999.000,9999.000
202608091236,   1.376,   2.109,9999.000,9999.000,9999.000,9999.000,9999.000,9999.000,9999.000
202608091242,   1.335,   2.059,9999.000,9999.000,9999.000,9999.000,9999.000,9999.000,9999.000
202608091248,   1.293,   2.020,9999.000,9999.000,9999.000,9999.000,9999.000,9999.000,9999.000
202608091254,   1.252,   1.981,9999.000,9999.000,9999.000,9999.000,9999.000,9999.000,9999.000
202608091300,   1.211,   1.958,   0.100,   0.647,   1.958,   0.100,   1.958,   0.200,   2.058
202608091306,   1.170,   1.908,9999.000,9999.000,9999.000,9999.000,9999.000,9999.000,9999.000
202608091312,   1.130,   1.859,9999.000,9999.000,9999.000,9999.000,9999.000,9999.000,9999.000
202608091318,   1.091,   1.830,9999.000,9999.000,9999.000,9999.000,9999.000,9999.000,9999.000
202608091324,   1.052,   1.790,9999.000,9999.000,9999.000,9999.000,9999.000,9999.000,9999.000
202608091330,   1.014,   1.748,9999.000,9999.000,9999.000,9999.000,9999.000,9999.000,9999.000
202608091336,   0.977,   1.708,9999.000,9999.000,9999.000,9999.000,9999.000,9999.000,9999.000
202608091342,   0.940,   1.659,9999.000,9999.000,9999.000,9999.000,9999.000,9999.000,9999.000
202608091348,   0.903,   1.630,9999.000,9999.000,9999.000,9999.000,9999.000,9999.000,9999.000
202608091354,   0.868,   1.600,9999.000,9999.000,9999.000,9999.000,9999.000,9999.000,9999.000
202608091400,   0.832,   1.538,   0.100,   0.606,   1.538,   0.100,   1.538,   0.100,   1.538
202608091406,   0.798,   1.489,9999.000,9999.000,9999.000,9999.000,9999.000,9999.000,9999.000
202608091412,   0.763,   1.439,9999.000,9999.000,9999.000,9999.000,9999.000,9999.000,9999.000
202608091418,   0.729,   1.380,9999.000,9999.000,9999.000,9999.000,9999.000,9999.000,9999.000
202608091424,   0.695,   1.338,9999.000,9999.000,9999.000,9999.000,9999.000,9999.000,9999.000
202608091430,   0.662,   1.269,9999.000,9999.000,9999.000,9999.000,9999.000,9999.000,9999.000
202608091436,   0.628,   1.229,9999.000,9999.000,9999.000,9999.000,9999.000,9999.000,9999.000
202608091442,   0.595,   1.170,9999.000,9999.000,9999.000,9999.000,9999.000,9999.000,9999.000
202608091448,   0.562,   1.118,9999.000,9999.000,9999.000,9999.000,9999.000,9999.000,9999.000
202608091454,   0.529,   1.079,9999.000,9999.000,9999.000,9999.000,9999.000,9999.000,9999.000
202608091500,   0.496,   1.029,   0.100,   0.433,   1.029,   0.100,   1.029,   0.100,   1.029
202608091506,   0.463,   0.980,9999.000,9999.000,9999.000,9999.000,9999.000,9999.000,9999.000
202608091512,   0.430,   0.951,9999.000,9999.000,9999.000,9999.000,9999.000,9999.000,9999.000
202608091518,   0.398,   0.898,9999.000,9999.000,9999.000,9999.000,9999.000,9999.000,9999.000
202608091524,   0.365,   0.849,9999.000,9999.000,9999.000,9999.000,9999.000,9999.000,9999.000
202608091530,   0.333,   0.810,9999.000,9999.000,9999.000,9999.000,9999.000,9999.000,9999.000
202608091536,   0.301,   0.770,9999.000,9999.000,9999.000,9999.000,9999.000,9999.000,9999.000
202608091542,   0.269,   0.708,9999.000,9999.000,9999.000,9999.000,9999.000,9999.000,9999.000
202608091548,   0.238,   0.688,9999.000,9999.000,9999.000,9999.000,9999.000,9999.000,9999.000
202608091554,   0.207,   0.639,9999.000,9999.000,9999.000,9999.000,9999.000,9999.000,9999.000
202608091600,   0.176,   0.619,   0.100,   0.343,   0.619,   0.100,   0.619,   0.100,   0.619
202608091606,   0.147,   0.580,9999.000,9999.000,9999.000,9999.000,9999.000,9999.000,9999.000
202608091612,   0.118,   0.570,9999.000,9999.000,9999.000,9999.000,9999.000,9999.000,9999.000
202608091618,   0.090,   0.518,9999.000,9999.000,9999.000,9999.000,9999.000,9999.000,9999.000
202608091624,   0.063,   0.518,9999.000,9999.000,9999.000,9999.000,9999.000,9999.000,9999.000
202608091630,   0.037,   0.488,9999.000,9999.000,9999.000,9999.000,9999.000,9999.000,9999.000
202608091636,   0.012,   0.459,9999.000,9999.000,9999.000,9999.000,9999.000,9999.000,9999.000
202608091642,  -0.010,   0.459,9999.000,9999.000,9999.000,9999.000,9999.000,9999.000,9999.000
202608091648,  -0.031,   0.449,9999.000,9999.000,9999.000,9999.000,9999.000,9999.000,9999.000
202608091654,  -0.051,   0.459,9999.000,9999.000,9999.000,9999.000,9999.000,9999.000,9999.000
202608091700,  -0.068,   0.469,   0.100,   0.437,   0.469,   0.100,   0.469,   0.200,   0.569
202608091706,  -0.083,   0.478,9999.000,9999.000,9999.000,9999.000,9999.000,9999.000,9999.000
202608091712,  -0.096,   0.498,9999.000,9999.000,9999.000,9999.000,9999.000,9999.000,9999.000
202608091718,  -0.106,   0.518,9999.000,9999.000,9999.000,9999.000,9999.000,9999.000,9999.000
202608091724,  -0.113,   0.551,9999.000,9999.000,9999.000,9999.000,9999.000,9999.000,9999.000
202608091730,  -0.117,   0.600,9999.000,9999.000,9999.000,9999.000,9999.000,9999.000,9999.000
202608091736,  -0.118,   0.659,9999.000,9999.000,9999.000,9999.000,9999.000,9999.000,9999.000
202608091742,  -0.116,   0.731,9999.000,9999.000,9999.000,9999.000,9999.000,9999.000,9999.000
202608091748,  -0.110,   0.790,9999.000,9999.000,9999.000,9999.000,9999.000,9999.000,9999.000
202608091754,  -0.100,   0.849,9999.000,9999.000,9999.000,9999.000,9999.000,9999.000,9999.000
202608091800,  -0.087,   0.941,   0.100,   0.928,   0.941,   0.100,   0.941,   0.200,   1.041
202608091806,  -0.070,   1.010,9999.000,9999.000,9999.000,9999.000,9999.000,9999.000,9999.000
202608091812,  -0.049,   1.079,9999.000,9999.000,9999.000,9999.000,9999.000,9999.000,9999.000
202608091818,  -0.025,   1.161,9999.000,9999.000,9999.000,9999.000,9999.000,9999.000,9999.000
202608091824,   0.003,   1.239,9999.000,9999.000,9999.000,9999.000,9999.000,9999.000,9999.000
202608091830,   0.035,   1.318,9999.000,9999.000,9999.000,9999.000,9999.000,9999.000,9999.000
202608091836,   0.071,   1.390,9999.000,9999.000,9999.000,9999.000,9999.000,9999.000,9999.000
202608091842,   0.111,   1.449,9999.000,9999.000,9999.000,9999.000,9999.000,9999.000,9999.000
202608091848,   0.154,   1.508,9999.000,9999.000,9999.000,9999.000,9999.000,9999.000,9999.000
202608091854,   0.200,   1.600,9999.000,9999.000,9999.000,9999.000,9999.000,9999.000,9999.000
202608091900,   0.249,   1.659,   0.100,   1.310,   1.659,   0.100,   1.659,   0.200,   1.759
202608091906,   0.301,   1.738,9999.000,9999.000,9999.000,9999.000,9999.000,9999.000,9999.000
202608091912,   0.355,   1.820,9999.000,9999.000,9999.000,9999.000,9999.000,9999.000,9999.000
202608091918,   0.412,   1.869,9999.000,9999.000,9999.000,9999.000,9999.000,9999.000,9999.000
202608091924,   0.471,   1.918,9999.000,9999.000,9999.000,9999.000,9999.000,9999.000,9999.000
202608091930,   0.532,   1.990,9999.000,9999.000,9999.000,9999.000,9999.000,9999.000,9999.000
202608091936,   0.594,   2.069,9999.000,9999.000,9999.000,9999.000,9999.000,9999.000,9999.000
202608091942,   0.658,   2.128,9999.000,9999.000,9999.000,9999.000,9999.000,9999.000,9999.000
202608091948,   0.723,   2.220,9999.000,9999.000,9999.000,9999.000,9999.000,9999.000,9999.000
202608091954,   0.789,   2.279,9999.000,9999.000,9999.000,9999.000,9999.000,9999.000,9999.000
202608092000,   0.855,   2.348,   0.200,   1.293,   2.348,   0.100,   2.248,   0.200,   2.348
202608092006,   0.923,   2.430,9999.000,9999.000,9999.000,9999.000,9999.000,9999.000,9999.000
202608092012,   0.990,   2.489,9999.000,9999.000,9999.000,9999.000,9999.000,9999.000,9999.000
202608092018,   1.058,   2.558,9999.000,9999.000,9999.000,9999.000,9999.000,9999.000,9999.000
202608092024,   1.126,   2.640,9999.000,9999.000,9999.000,9999.000,9999.000,9999.000,9999.000
202608092030,   1.195,   2.699,9999.000,9999.000,9999.000,9999.000,9999.000,9999.000,9999.000
202608092036,   1.263,   2.778,9999.000,9999.000,9999.000,9999.000,9999.000,9999.000,9999.000
202608092042,   1.331,   2.850,9999.000,9999.000,9999.000,9999.000,9999.000,9999.000,9999.000
202608092048,   1.399,   2.919,9999.000,9999.000,9999.000,9999.000,9999.000,9999.000,9999.000
202608092054,   1.467,   2.997,9999.000,9999.000,9999.000,9999.000,9999.000,9999.000,9999.000
202608092100,   1.534,   3.060,   0.200,   1.326,   3.060,   0.100,   2.960,   0.200,   3.060
202608092106,   1.601,   3.119,9999.000,9999.000,9999.000,9999.000,9999.000,9999.000,9999.000
202608092112,   1.668,   3.188,9999.000,9999.000,9999.000,9999.000,9999.000,9999.000,9999.000
202608092118,   1.734,   3.240,9999.000,9999.000,9999.000,9999.000,9999.000,9999.000,9999.000
202608092124,   1.799,   3.299,9999.000,9999.000,9999.000,9999.000,9999.000,9999.000,9999.000
202608092130,   1.864,   3.358,9999.000,9999.000,9999.000,9999.000,9999.000,9999.000,9999.000
202608092136,   1.928,   3.407,9999.000,9999.000,9999.000,9999.000,9999.000,9999.000,9999.000
202608092142,   1.990,   3.480,9999.000,9999.000,9999.000,9999.000,9999.000,9999.000,9999.000
202608092148,   2.052,   3.529,9999.000,9999.000,9999.000,9999.000,9999.000,9999.000,9999.000
202608092154,   2.111,   3.578,9999.000,9999.000,9999.000,9999.000,9999.000,9999.000,9999.000
202608092200,   2.170,   3.617,   0.200,   1.247,   3.617,   0.100,   3.517,   0.200,   3.617
202608092206,   2.226,   3.660,9999.000,9999.000,9999.000,9999.000,9999.000,9999.000,9999.000
202608092212,   2.279,   3.709,9999.000,9999.000,9999.000,9999.000,9999.000,9999.000,9999.000
202608092218,   2.331,   3.758,9999.000,9999.000,9999.000,9999.000,9999.000,9999.000,9999.000
202608092224,   2.379,   3.798,9999.000,9999.000,9999.000,9999.000,9999.000,9999.000,9999.000
202608092230,   2.425,   3.827,9999.000,9999.000,9999.000,9999.000,9999.000,9999.000,9999.000
202608092236,   2.467,   3.899,9999.000,9999.000,9999.000,9999.000,9999.000,9999.000,9999.000
202608092242,   2.506,   3.899,9999.000,9999.000,9999.000,9999.000,9999.000,9999.000,9999.000
202608092248,   2.541,   3.919,9999.000,9999.000,9999.000,9999.000,9999.000,9999.000,9999.000
202608092254,   2.572,   3.949,9999.000,9999.000,9999.000,9999.000,9999.000,9999.000,9999.000
202608092300,   2.598,   3.968,   0.200,   1.170,   3.968,   0.100,   3.868,   0.200,   3.968
202608092306,   2.621,   3.998,9999.000,9999.000,9999.000,9999.000,9999.000,9999.000,9999.000
202608092312,   2.638,   4.008,9999.000,9999.000,9999.000,9999.000,9999.000,9999.000,9999.000
202608092318,   2.652,   4.037,9999.000,9999.000,9999.000,9999.000,9999.000,9999.000,9999.000
202608092324,   2.661,   4.047,9999.000,9999.000,9999.000,9999.000,9999.000,9999.000,9999.000
202608092330,   2.665,   4.057,9999.000,9999.000,9999.000,9999.000,9999.000,9999.000,9999.000
202608092336,   2.665,   4.070,9999.000,9999.000,9999.000,9999.000,9999.000,9999.000,9999.000
202608092342,   2.661,   4.070,9999.000,9999.000,9999.000,9999.000,9999.000,9999.000,9999.000
202608092348,   2.652,   4.070,9999.000,9999.000,9999.000,9999.000,9999.000,9999.000,9999.000
202608092354,   2.639,   4.057,9999.000,9999.000,9999.000,9999.000,9999.000,9999.000,9999.000
202608100000,   2.623,   4.047,   0.200,   1.224,   4.047,   0.200,   4.047,   0.200,   4.047
202608100006,   2.603,   4.037,9999.000,9999.000,9999.000,9999.000,9999.000,9999.000,9999.000
202608100012,   2.580,   4.008,9999.000,9999.000,9999.000,9999.000,9999.000,9999.000,9999.000
202608100018,   2.553,   3.978,9999.000,9999.000,9999.000,9999.000,9999.000,9999.000,9999.000
202608100024,   2.524,   3.958,9999.000,9999.000,9999.000,9999.000,9999.000,9999.000,9999.000
202608100030,   2.493,   3.909,9999.000,9999.000,9999.000,9999.000,9999.000,9999.000,9999.000
202608100036,   2.460,   3.880,9999.000,9999.000,9999.000,9999.000,9999.000,9999.000,9999.000
202608100042,   2.424,   3.817,9999.000,9999.000,9999.000,9999.000,9999.000,9999.000,9999.000
202608100048,   2.388,   3.758,9999.000,9999.000,9999.000,9999.000,9999.000,9999.000,9999.000
202608100054,   2.350,   3.689,9999.000,9999.000,9999.000,9999.000,9999.000,9999.000,9999.000
202608100100,   2.311,   3.607,   0.200,   1.096,   3.607,   0.200,   3.607,   0.200,   3.607
202608100106,   2.271,   3.529,9999.000,9999.000,9999.000,9999.000,9999.000,9999.000,9999.000
202608100112,   2.231,   3.450,9999.000,9999.000,9999.000,9999.000,9999.000,9999.000,9999.000
202608100118,   2.191,   3.368,9999.000,9999.000,9999.000,9999.000,9999.000,9999.000,9999.000
202608100124,   2.151,   3.289,9999.000,9999.000,9999.000,9999.000,9999.000,9999.000,9999.000
202608100130,   2.110,   3.217,9999.000,9999.000,9999.000,9999.000,9999.000,9999.000,9999.000
202608100136,   2.070,   3.148,9999.000,9999.000,9999.000,9999.000,9999.000,9999.000,9999.000
202608100142,   2.029,   3.089,9999.000,9999.000,9999.000,9999.000,9999.000,9999.000,9999.000
202608100148,   1.989,   3.040,9999.000,9999.000,9999.000,9999.000,9999.000,9999.000,9999.000
202608100154,   1.949,   2.997,9999.000,9999.000,9999.000,9999.000,9999.000,9999.000,9999.000
202608100200,   1.909,   2.948,   0.200,   0.839,   2.948,   0.200,   2.948,   0.300,   3.048
202608100206,   1.869,   2.909,9999.000,9999.000,9999.000,9999.000,9999.000,9999.000,9999.000
202608100212,   1.830,   2.879,9999.000,9999.000,9999.000,9999.000,9999.000,9999.000,9999.000
202608100218,   1.790,   2.830,9999.000,9999.000,9999.000,9999.000,9999.000,9999.000,9999.000
202608100224,   1.751,   2.778,9999.000,9999.000,9999.000,9999.000,9999.000,9999.000,9999.000
202608100230,   1.711,   2.728,9999.000,9999.000,9999.000,9999.000,9999.000,9999.000,9999.000
202608100236,   1.671,   2.689,9999.000,9999.000,9999.000,9999.000,9999.000,9999.000,9999.000
202608100242,   1.631,   2.630,9999.000,9999.000,9999.000,9999.000,9999.000,9999.000,9999.000
202608100248,   1.591,   2.568,9999.000,9999.000,9999.000,9999.000,9999.000,9999.000,9999.000
202608100254,   1.550,   2.519,9999.000,9999.000,9999.000,9999.000,9999.000,9999.000,9999.000
202608100300,   1.509,   2.459,   0.200,   0.750,   2.459,   0.200,   2.459,   0.300,   2.559
202608100306,   1.468,   2.410,9999.000,9999.000,9999.000,9999.000,9999.000,9999.000,9999.000
202608100312,   1.426,   2.348,9999.000,9999.000,9999.000,9999.000,9999.000,9999.000,9999.000
202608100318,   1.383,   2.289,9999.000,9999.000,9999.000,9999.000,9999.000,9999.000,9999.000
202608100324,   1.340,   2.240,9999.000,9999.000,9999.000,9999.000,9999.000,9999.000,9999.000
202608100330,   1.297,   2.177,9999.000,9999.000,9999.000,9999.000,9999.000,9999.000,9999.000
202608100336,   1.253,   2.128,9999.000,9999.000,9999.000,9999.000,9999.000,9999.000,9999.000
202608100342,   1.208,   2.069,9999.000,9999.000,9999.000,9999.000,9999.000,9999.000,9999.000
202608100348,   1.163,   2.020,9999.000,9999.000,9999.000,9999.000,9999.000,9999.000,9999.000
202608100354,   1.117,   1.958,9999.000,9999.000,9999.000,9999.000,9999.000,9999.000,9999.000
202608100400,   1.071,   1.908,   0.200,   0.637,   1.908,   0.200,   1.908,   0.300,   2.008
202608100406,   1.025,   1.859,9999.000,9999.000,9999.000,9999.000,9999.000,9999.000,9999.000
202608100412,   0.978,   1.820,9999.000,9999.000,9999.000,9999.000,9999.000,9999.000,9999.000
202608100418,   0.931,   1.781,9999.000,9999.000,9999.000,9999.000,9999.000,9999.000,9999.000
202608100424,   0.883,   1.728,9999.000,9999.000,9999.000,9999.000,9999.000,9999.000,9999.000
202608100430,   0.836,   1.679,9999.000,9999.000,9999.000,9999.000,9999.000,9999.000,9999.000
202608100436,   0.788,   1.639,9999.000,9999.000,9999.000,9999.000,9999.000,9999.000,9999.000
202608100442,   0.741,   1.590,9999.000,9999.000,9999.000,9999.000,9999.000,9999.000,9999.000
202608100448,   0.694,   1.548,9999.000,9999.000,9999.000,9999.000,9999.000,9999.000,9999.000
202608100454,   0.648,   1.498,9999.000,9999.000,9999.000,9999.000,9999.000,9999.000,9999.000
202608100500,   0.602,   1.459,   0.200,   0.657,   1.459,   0.200,   1.459,   0.300,   1.559
202608100506,   0.557,   1.410,9999.000,9999.000,9999.000,9999.000,9999.000,9999.000,9999.000
202608100512,   0.513,   1.371,9999.000,9999.000,9999.000,9999.000,9999.000,9999.000,9999.000
202608100518,   0.470,   1.328,9999.000,9999.000,9999.000,9999.000,9999.000,9999.000,9999.000
202608100524,   0.429,   1.298,9999.000,9999.000,9999.000,9999.000,9999.000,9999.000,9999.000
202608100530,   0.389,   1.259,9999.000,9999.000,9999.000,9999.000,9999.000,9999.000,9999.000
202608100536,   0.351,   1.229,9999.000,9999.000,9999.000,9999.000,9999.000,9999.000,9999.000
202608100542,   0.315,   1.190,9999.000,9999.000,9999.000,9999.000,9999.000,9999.000,9999.000
202608100548,   0.282,   1.151,9999.000,9999.000,9999.000,9999.000,9999.000,9999.000,9999.000
202608100554,   0.251,   1.128,9999.000,9999.000,9999.000,9999.000,9999.000,9999.000,9999.000
202608100600,   0.222,   1.098,   0.300,   0.576,   1.098,   0.200,   0.998,   0.300,   1.098
202608100606,   0.197,   1.079,9999.000,9999.000,9999.000,9999.000,9999.000,9999.000,9999.000
202608100612,   0.175,   1.049,9999.000,9999.000,9999.000,9999.000,9999.000,9999.000,9999.000
202608100618,   0.156,   1.039,9999.000,9999.000,9999.000,9999.000,9999.000,9999.000,9999.000
202608100624,   0.141,   1.020,9999.000,9999.000,9999.000,9999.000,9999.000,9999.000,9999.000
202608100630,   0.129,   1.020,9999.000,9999.000,9999.000,9999.000,9999.000,9999.000,9999.000
202608100636,   0.121,   1.010,9999.000,9999.000,9999.000,9999.000,9999.000,9999.000,9999.000
202608100642,   0.117,   1.020,9999.000,9999.000,9999.000,9999.000,9999.000,9999.000,9999.000
202608100648,   0.116,   1.020,9999.000,9999.000,9999.000,9999.000,9999.000,9999.000,9999.000
202608100654,   0.119,   1.039,9999.000,9999.000,9999.000,9999.000,9999.000,9999.000,9999.000
202608100700,   0.126,   1.059,   0.300,   0.633,   1.059,   0.200,   0.959,   0.300,   1.059
202608100706,   0.136,   1.069,9999.000,9999.000,9999.000,9999.000,9999.000,9999.000,9999.000
202608100712,   0.150,   1.088,9999.000,9999.000,9999.000,9999.000,9999.000,9999.000,9999.000
202608100718,   0.167,   1.118,9999.000,9999.000,9999.000,9999.000,9999.000,9999.000,9999.000
202608100724,   0.188,   1.161,9999.000,9999.000,9999.000,9999.000,9999.000,9999.000,9999.000
202608100730,   0.211,   1.200,9999.000,9999.000,9999.000,9999.000,9999.000,9999.000,9999.000
202608100736,   0.238,   1.269,9999.000,9999.000,9999.000,9999.000,9999.000,9999.000,9999.000
202608100742,   0.267,   1.328,9999.000,9999.000,9999.000,9999.000,9999.000,9999.000,9999.000
202608100748,   0.299,   1.400,9999.000,9999.000,9999.000,9999.000,9999.000,9999.000,9999.000
202608100754,   0.333,   1.498,9999.000,9999.000,9999.000,9999.000,9999.000,9999.000,9999.000
202608100800,   0.369,   1.571,   0.300,   0.902,   1.571,   0.200,   1.471,   0.300,   1.571
202608100806,   0.407,   1.649,9999.000,9999.000,9999.000,9999.000,9999.000,9999.000,9999.000
202608100812,   0.447,   1.718,9999.000,9999.000,9999.000,9999.000,9999.000,9999.000,9999.000
202608100818,   0.488,   1.781,9999.000,9999.000,9999.000,9999.000,9999.000,9999.000,9999.000
202608100824,   0.530,   1.859,9999.000,9999.000,9999.000,9999.000,9999.000,9999.000,9999.000
202608100830,   0.574,   1.918,9999.000,9999.000,9999.000,9999.000,9999.000,9999.000,9999.000
202608100836,   0.619,   1.990,9999.000,9999.000,9999.000,9999.000,9999.000,9999.000,9999.000
202608100842,   0.665,   2.049,9999.000,9999.000,9999.000,9999.000,9999.000,9999.000,9999.000
202608100848,   0.711,   2.118,9999.000,9999.000,9999.000,9999.000,9999.000,9999.000,9999.000
202608100854,   0.759,   2.191,9999.000,9999.000,9999.000,9999.000,9999.000,9999.000,9999.000
202608100900,   0.807,   2.250,   0.300,   1.143,   2.250,   0.200,   2.150,   0.300,   2.250
202608100906,   0.855,   2.309,9999.000,9999.000,9999.000,9999.000,9999.000,9999.000,9999.000
202608100912,   0.905,   2.368,9999.000,9999.000,9999.000,9999.000,9999.000,9999.000,9999.000
202608100918,   0.954,   2.430,9999.000,9999.000,9999.000,9999.000,9999.000,9999.000,9999.000
202608100924,   1.004,   2.479,9999.000,9999.000,9999.000,9999.000,9999.000,9999.000,9999.000
202608100930,   1.055,   2.528,9999.000,9999.000,9999.000,9999.000,9999.000,9999.000,9999.000
202608100936,   1.105,   2.587,9999.000,9999.000,9999.000,9999.000,9999.000,9999.000,9999.000
202608100942,   1.156,   2.640,9999.000,9999.000,9999.000,9999.000,9999.000,9999.000,9999.000
202608100948,   1.207,   2.689,9999.000,9999.000,9999.000,9999.000,9999.000,9999.000,9999.000
202608100954,   1.258,   2.738,9999.000,9999.000,9999.000,9999.000,9999.000,9999.000,9999.000
202608101000,   1.308,   2.787,   0.300,   1.179,   2.787,   0.200,   2.687,   0.300,   2.787
202608101006,   1.358,   2.840,9999.000,9999.000,9999.000,9999.000,9999.000,9999.000,9999.000
202608101012,   1.408,   2.889,9999.000,9999.000,9999.000,9999.000,9999.000,9999.000,9999.000
202608101018,   1.457,   2.929,9999.000,9999.000,9999.000,9999.000,9999.000,9999.000,9999.000
202608101024,   1.504,   2.958,9999.000,9999.000,9999.000,9999.000,9999.000,9999.000,9999.000
202608101030,   1.550,   2.997,9999.000,9999.000,9999.000,9999.000,9999.000,9999.000,9999.000
202608101036,   1.595,   3.030,9999.000,9999.000,9999.000,9999.000,9999.000,9999.000,9999.000
202608101042,   1.638,   3.070,9999.000,9999.000,9999.000,9999.000,9999.000,9999.000,9999.000
202608101048,   1.678,   3.089,9999.000,9999.000,9999.000,9999.000,9999.000,9999.000,9999.000
202608101054,   1.716,   3.119,9999.000,9999.000,9999.000,9999.000,9999.000,9999.000,9999.000
202608101100,   1.751,   3.138,   0.300,   1.087,   3.138,   0.200,   3.038,   0.300,   3.138
202608101106,   1.783,   3.158,9999.000,9999.000,9999.000,9999.000,9999.000,9999.000,9999.000
202608101112,   1.812,   3.178,9999.000,9999.000,9999.000,9999.000,9999.000,9999.000,9999.000
202608101118,   1.837,   3.178,9999.000,9999.000,9999.000,9999.000,9999.000,9999.000,9999.000
202608101124,   1.859,   3.197,9999.000,9999.000,9999.000,9999.000,9999.000,9999.000,9999.000
202608101130,   1.876,   3.217,9999.000,9999.000,9999.000,9999.000,9999.000,9999.000,9999.000
202608101136,   1.890,   3.197,9999.000,9999.000,9999.000,9999.000,9999.000,9999.000,9999.000
202608101142,   1.899,   3.207,9999.000,9999.000,9999.000,9999.000,9999.000,9999.000,9999.000
202608101148,   1.905,   3.207,9999.000,9999.000,9999.000,9999.000,9999.000,9999.000,9999.000
202608101154,   1.905,   3.197,9999.000,9999.000,9999.000,9999.000,9999.000,9999.000,9999.000
202608101200,   1.902,   3.197,   0.300,   0.995,   3.197,   0.200,   3.097,   0.300,   3.197
202608101206,   1.895,   3.178,9999.000,9999.000,9999.000,9999.000,9999.000,9999.000,9999.000
202608101212,   1.884,   3.158,9999.000,9999.000,9999.000,9999.000,9999.000,9999.000,9999.000
202608101218,   1.869,   3.129,9999.000,9999.000,9999.000,9999.000,9999.000,9999.000,9999.000
202608101224,   1.850,   3.109,9999.000,9999.000,9999.000,9999.000,9999.000,9999.000,9999.000
202608101230,   1.828,   3.079,9999.000,9999.000,9999.000,9999.000,9999.000,9999.000,9999.000
202608101236,   1.803,   3.050,9999.000,9999.000,9999.000,9999.000,9999.000,9999.000,9999.000
202608101242,   1.775,   3.017,9999.000,9999.000,9999.000,9999.000,9999.000,9999.000,9999.000
202608101248,   1.745,   2.968,9999.000,9999.000,9999.000,9999.000,9999.000,9999.000,9999.000
202608101254,   1.712,   2.919,9999.000,9999.000,9999.000,9999.000,9999.000,9999.000,9999.000
202608101300,   1.678,   2.850,   0.300,   0.872,   2.850,   0.200,   2.750,   0.300,   2.850
202608101306,   1.642,   2.797,9999.000,9999.000,9999.000,9999.000,9999.000,9999.000,9999.000
202608101312,   1.604,   2.719,9999.000,9999.000,9999.000,9999.000,9999.000,9999.000,9999.000
202608101318,   1.566,   2.669,9999.000,9999.000,9999.000,9999.000,9999.000,9999.000,9999.000
202608101324,   1.526,   2.610,9999.000,9999.000,9999.000,9999.000,9999.000,9999.000,9999.000
202608101330,   1.487,   2.538,9999.000,9999.000,9999.000,9999.000,9999.000,9999.000,9999.000
202608101336,   1.447,   2.489,9999.000,9999.000,9999.000,9999.000,9999.000,9999.000,9999.000
202608101342,   1.407,   2.430,9999.000,9999.000,9999.000,9999.000,9999.000,9999.000,9999.000
202608101348,   1.366,   2.387,9999.000,9999.000,9999.000,9999.000,9999.000,9999.000,9999.000
202608101354,   1.327,   2.348,9999.000,9999.000,9999.000,9999.000,9999.000,9999.000,9999.000
202608101400,   1.287,   2.299,   0.300,   0.712,   2.299,   0.200,   2.199,   0.300,   2.299
202608101406,   1.248,   2.250,9999.000,9999.000,9999.000,9999.000,9999.000,9999.000,9999.000
202608101412,   1.209,   2.210,9999.000,9999.000,9999.000,9999.000,9999.000,9999.000,9999.000
202608101418,   1.171,   2.158,9999.000,9999.000,9999.000,9999.000,9999.000,9999.000,9999.000
202608101424,   1.133,   2.109,9999.000,9999.000,9999.000,9999.000,9999.000,9999.000,9999.000
202608101430,   1.096,   2.059,9999.000,9999.000,9999.000,9999.000,9999.000,9999.000,9999.000
202608101436,   1.059,   2.020,9999.000,9999.000,9999.000,9999.000,9999.000,9999.000,9999.000
202608101442,   1.023,   1.981,9999.000,9999.000,9999.000,9999.000,9999.000,9999.000,9999.000
202608101448,   0.986,   1.928,9999.000,9999.000,9999.000,9999.000,9999.000,9999.000,9999.000
202608101454,   0.951,   1.879,9999.000,9999.000,9999.000,9999.000,9999.000,9999.000,9999.000
202608101500,   0.915,   1.830,   0.300,   0.615,   1.830,   0.300,   1.830,   0.300,   1.830
202608101506,   0.880,   1.781,9999.000,9999.000,9999.000,9999.000,9999.000,9999.000,9999.000
202608101512,   0.845,   1.728,9999.000,9999.000,9999.000,9999.000,9999.000,9999.000,9999.000
202608101518,   0.809,   1.659,9999.000,9999.000,9999.000,9999.000,9999.000,9999.000,9999.000
202608101524,   0.774,   1.610,9999.000,9999.000,9999.000,9999.000,9999.000,9999.000,9999.000
202608101530,   0.739,   1.557,9999.000,9999.000,9999.000,9999.000,9999.000,9999.000,9999.000
202608101536,   0.704,   1.498,9999.000,9999.000,9999.000,9999.000,9999.000,9999.000,9999.000
202608101542,   0.669,   1.449,9999.000,9999.000,9999.000,9999.000,9999.000,9999.000,9999.000
202608101548,   0.633,   1.390,9999.000,9999.000,9999.000,9999.000,9999.000,9999.000,9999.000
202608101554,   0.598,   1.338,9999.000,9999.000,9999.000,9999.000,9999.000,9999.000,9999.000
202608101600,   0.562,   1.289,   0.300,   0.427,   1.289,   0.300,   1.289,   0.300,   1.289
202608101606,   0.527,   1.239,9999.000,9999.000,9999.000,9999.000,9999.000,9999.000,9999.000
202608101612,   0.491,   1.200,9999.000,9999.000,9999.000,9999.000,9999.000,9999.000,9999.000
202608101618,   0.455,   1.138,9999.000,9999.000,9999.000,9999.000,9999.000,9999.000,9999.000
202608101624,   0.419,   1.098,9999.000,9999.000,9999.000,9999.000,9999.000,9999.000,9999.000
202608101630,   0.383,   1.049,9999.000,9999.000,9999.000,9999.000,9999.000,9999.000,9999.000
202608101636,   0.348,   1.010,9999.000,9999.000,9999.000,9999.000,9999.000,9999.000,9999.000
202608101642,   0.312,   0.961,9999.000,9999.000,9999.000,9999.000,9999.000,9999.000,9999.000
202608101648,   0.277,   0.918,9999.000,9999.000,9999.000,9999.000,9999.000,9999.000,9999.000
202608101654,   0.242,   0.879,9999.000,9999.000,9999.000,9999.000,9999.000,9999.000,9999.000
202608101700,   0.207,   0.839,   0.300,   0.332,   0.839,   0.300,   0.839,   0.300,   0.839
202608101706,   0.173,   0.800,9999.000,9999.000,9999.000,9999.000,9999.000,9999.000,9999.000
202608101712,   0.140,   0.780,9999.000,9999.000,9999.000,9999.000,9999.000,9999.000,9999.000
202608101718,   0.108,   0.751,9999.000,9999.000,9999.000,9999.000,9999.000,9999.000,9999.000
202608101724,   0.076,   0.731,9999.000,9999.000,9999.000,9999.000,9999.000,9999.000,9999.000
202608101730,   0.046,   0.731,9999.000,9999.000,9999.000,9999.000,9999.000,9999.000,9999.000
202608101736,   0.017,   0.708,9999.000,9999.000,9999.000,9999.000,9999.000,9999.000,9999.000
202608101742,  -0.009,   0.698,9999.000,9999.000,9999.000,9999.000,9999.000,9999.000,9999.000
202608101748,  -0.034,   0.698,9999.000,9999.000,9999.000,9999.000,9999.000,9999.000,9999.000
202608101754,  -0.058,   0.688,9999.000,9999.000,9999.000,9999.000,9999.000,9999.000,9999.000
202608101800,  -0.079,   0.698,   0.300,   0.477,   0.698,   0.300,   0.698,   0.400,   0.798
202608101806,  -0.098,   0.708,9999.000,9999.000,9999.000,9999.000,9999.000,9999.000,9999.000
202608101812,  -0.114,   0.718,9999.000,9999.000,9999.000,9999.000,9999.000,9999.000,9999.000
202608101818,  -0.127,   0.741,9999.000,9999.000,9999.000,9999.000,9999.000,9999.000,9999.000
202608101824,  -0.137,   0.790,9999.000,9999.000,9999.000,9999.000,9999.000,9999.000,9999.000
202608101830,  -0.144,   0.839,9999.000,9999.000,9999.000,9999.000,9999.000,9999.000,9999.000
202608101836,  -0.147,   0.869,9999.000,9999.000,9999.000,9999.000,9999.000,9999.000,9999.000
202608101842,  -0.147,   0.961,9999.000,9999.000,9999.000,9999.000,9999.000,9999.000,9999.000
202608101848,  -0.144,   1.029,9999.000,9999.000,9999.000,9999.000,9999.000,9999.000,9999.000
202608101854,  -0.136,   1.088,9999.000,9999.000,9999.000,9999.000,9999.000,9999.000,9999.000
202608101900,  -0.124,   1.161,   0.400,   0.885,   1.161,   0.300,   1.061,   0.400,   1.161
202608101906,  -0.109,   1.249,9999.000,9999.000,9999.000,9999.000,9999.000,9999.000,9999.000
202608101912,  -0.089,   1.328,9999.000,9999.000,9999.000,9999.000,9999.000,9999.000,9999.000
202608101918,  -0.066,   1.410,9999.000,9999.000,9999.000,9999.000,9999.000,9999.000,9999.000
202608101924,  -0.038,   1.479,9999.000,9999.000,9999.000,9999.000,9999.000,9999.000,9999.000
202608101930,  -0.007,   1.548,9999.000,9999.000,9999.000,9999.000,9999.000,9999.000,9999.000
202608101936,   0.027,   1.630,9999.000,9999.000,9999.000,9999.000,9999.000,9999.000,9999.000
202608101942,   0.066,   1.699,9999.000,9999.000,9999.000,9999.000,9999.000,9999.000,9999.000
202608101948,   0.108,   1.758,9999.000,9999.000,9999.000,9999.000,9999.000,9999.000,9999.000
202608101954,   0.153,   1.859,9999.000,9999.000,9999.000,9999.000,9999.000,9999.000,9999.000
202608102000,   0.201,   1.938,   0.400,   1.337,   1.938,   0.300,   1.838,   0.400,   1.938
202608102006,   0.253,   1.990,9999.000,9999.000,9999.000,9999.000,9999.000,9999.000,9999.000
202608102012,   0.306,   2.069,9999.000,9999.000,9999.000,9999.000,9999.000,9999.000,9999.000
202608102018,   0.363,   2.128,9999.000,9999.000,9999.000,9999.000,9999.000,9999.000,9999.000
202608102024,   0.421,   2.200,9999.000,9999.000,9999.000,9999.000,9999.000,9999.000,9999.000
202608102030,   0.481,   2.259,9999.000,9999.000,9999.000,9999.000,9999.000,9999.000,9999.000
202608102036,   0.543,   2.348,9999.000,9999.000,9999.000,9999.000,9999.000,9999.000,9999.000
202608102042,   0.607,   2.420,9999.000,9999.000,9999.000,9999.000,9999.000,9999.000,9999.000
202608102048,   0.672,   2.479,9999.000,9999.000,9999.000,9999.000,9999.000,9999.000,9999.000
202608102054,   0.738,   2.578,9999.000,9999.000,9999.000,9999.000,9999.000,9999.000,9999.000
202608102100,   0.805,   2.640,   0.400,   1.435,   2.640,   0.300,   2.540,   0.400,   2.640
202608102106,   0.873,   2.719,9999.000,9999.000,9999.000,9999.000,9999.000,9999.000,9999.000
202608102112,   0.941,   2.797,9999.000,9999.000,9999.000,9999.000,9999.000,9999.000,9999.000
202608102118,   1.010,   2.879,9999.000,9999.000,9999.000,9999.000,9999.000,9999.000,9999.000
202608102124,   1.080,   2.938,9999.000,9999.000,9999.000,9999.000,9999.000,9999.000,9999.000
202608102130,   1.150,   3.040,9999.000,9999.000,9999.000,9999.000,9999.000,9999.000,9999.000
202608102136,   1.221,   3.129,9999.000,9999.000,9999.000,9999.000,9999.000,9999.000,9999.000
202608102142,   1.291,   3.197,9999.000,9999.000,9999.000,9999.000,9999.000,9999.000,9999.000
202608102148,   1.362,   3.260,9999.000,9999.000,9999.000,9999.000,9999.000,9999.000,9999.000
202608102154,   1.433,   3.348,9999.000,9999.000,9999.000,9999.000,9999.000,9999.000,9999.000
202608102200,   1.504,   3.417,   0.400,   1.513,   3.417,   0.300,   3.317,   0.400,   3.417
202608102206,   1.575,   3.480,9999.000,9999.000,9999.000,9999.000,9999.000,9999.000,9999.000
202608102212,   1.645,   3.548,9999.000,9999.000,9999.000,9999.000,9999.000,9999.000,9999.000
202608102218,   1.715,   3.607,9999.000,9999.000,9999.000,9999.000,9999.000,9999.000,9999.000
202608102224,   1.785,   3.670,9999.000,9999.000,9999.000,9999.000,9999.000,9999.000,9999.000
202608102230,   1.853,   3.739,9999.000,9999.000,9999.000,9999.000,9999.000,9999.000,9999.000
202608102236,   1.921,   6.067,9999.000,9999.000,9999.000,9999.000,9999.000,9999.000,9999.000
202608102242,   1.987,   3.837,9999.000,9999.000,9999.000,9999.000,9999.000,9999.000,9999.000
202608102248,   2.052,   3.890,9999.000,9999.000,9999.000,9999.000,9999.000,9999.000,9999.000
202608102254,   2.115,   3.939,9999.000,9999.000,9999.000,9999.000,9999.000,9999.000,9999.000
202608102300,   2.177,   3.978,   0.400,   1.401,   3.978,   0.300,   3.878,   0.400,   3.978
202608102306,   2.235,   4.037,9999.000,9999.000,9999.000,9999.000,9999.000,9999.000,9999.000
202608102312,   2.292,   4.027,9999.000,9999.000,9999.000,9999.000,9999.000,9999.000,9999.000
202608102318,   2.345,   4.037,9999.000,9999.000,9999.000,9999.000,9999.000,9999.000,9999.000
202608102324,   2.395,   4.027,9999.000,9999.000,9999.000,9999.000,9999.000,9999.000,9999.000
202608102330,   2.442,   4.090,9999.000,9999.000,9999.000,9999.000,9999.000,9999.000,9999.000
202608102336,   2.485,   4.057,9999.000,9999.000,9999.000,9999.000,9999.000,9999.000,9999.000
202608102342,   2.523,   4.119,9999.000,9999.000,9999.000,9999.000,9999.000,9999.000,9999.000
202608102348,   2.558,   4.159,9999.000,9999.000,9999.000,9999.000,9999.000,9999.000,9999.000
202608102354,   2.588,   4.218,9999.000,9999.000,9999.000,9999.000,9999.000,9999.000,9999.000
202608110000,   2.614,   4.300,   0.400,   1.286,   4.300,   0.400,   4.300,   0.400,   4.300
202608110006,   2.635,   4.378,9999.000,9999.000,9999.000,9999.000,9999.000,9999.000,9999.000
202608110012,   2.651,   4.447,9999.000,9999.000,9999.000,9999.000,9999.000,9999.000,9999.000
202608110018,   2.663,   4.467,9999.000,9999.000,9999.000,9999.000,9999.000,9999.000,9999.000
202608110024,   2.670,   4.490,9999.000,9999.000,9999.000,9999.000,9999.000,9999.000,9999.000
202608110030,   2.672,   4.480,9999.000,9999.000,9999.000,9999.000,9999.000,9999.000,9999.000
202608110036,   2.670,   4.437,9999.000,9999.000,9999.000,9999.000,9999.000,9999.000,9999.000
202608110042,   2.664,   4.408,9999.000,9999.000,9999.000,9999.000,9999.000,9999.000,9999.000
202608110048,   2.653,   4.408,9999.000,9999.000,9999.000,9999.000,9999.000,9999.000,9999.000
202608110054,   2.639,   4.398,9999.000,9999.000,9999.000,9999.000,9999.000,9999.000,9999.000
202608110100,   2.621,   4.368,   0.400,   1.347,   4.368,   0.300,   4.268,   0.400,   4.368
202608110106,   2.599,   4.280,9999.000,9999.000,9999.000,9999.000,9999.000,9999.000,9999.000
202608110112,   2.575,   4.257,9999.000,9999.000,9999.000,9999.000,9999.000,9999.000,9999.000
202608110118,   2.548,   4.267,9999.000,9999.000,9999.000,9999.000,9999.000,9999.000,9999.000
202608110124,   2.518,   4.188,9999.000,9999.000,9999.000,9999.000,9999.000,9999.000,9999.000
202608110130,   2.487,   4.149,9999.000,9999.000,9999.000,9999.000,9999.000,9999.000,9999.000
202608110136,   2.453,   4.027,9999.000,9999.000,9999.000,9999.000,9999.000,9999.000,9999.000
202608110142,   2.418,   3.929,9999.000,9999.000,9999.000,9999.000,9999.000,9999.000,9999.000
202608110148,   2.382,   3.860,9999.000,9999.000,9999.000,9999.000,9999.000,9999.000,9999.000
202608110154,   2.345,   3.758,9999.000,9999.000,9999.000,9999.000,9999.000,9999.000,9999.000
202608110200,   2.307,   3.689,   0.400,   0.982,   3.689,   0.300,   3.589,   0.400,   3.689
202608110206,   2.268,   3.627,9999.000,9999.000,9999.000,9999.000,9999.000,9999.000,9999.000
202608110212,   2.229,   3.558,9999.000,9999.000,9999.000,9999.000,9999.000,9999.000,9999.000
202608110218,   2.190,   3.480,9999.000,9999.000,9999.000,9999.000,9999.000,9999.000,9999.000
202608110224,   2.151,   3.407,9999.000,9999.000,9999.000,9999.000,9999.000,9999.000,9999.000
202608110230,   2.111,   3.358,9999.000,9999.000,9999.000,9999.000,9999.000,9999.000,9999.000
202608110236,   2.072,   3.289,9999.000,9999.000,9999.000,9999.000,9999.000,9999.000,9999.000
202608110242,   2.032,   3.250,9999.000,9999.000,9999.000,9999.000,9999.000,9999.000,9999.000
202608110248,   1.993,   3.188,9999.000,9999.000,9999.000,9999.000,9999.000,9999.000,9999.000
202608110254,   1.954,   3.168,9999.000,9999.000,9999.000,9999.000,9999.000,9999.000,9999.000
202608110300,   1.914,   3.129,   0.400,   0.815,   3.129,   0.300,   3.029,   0.400,   3.129
202608110306,   1.875,   3.079,9999.000,9999.000,9999.000,9999.000,9999.000,9999.000,9999.000
202608110312,   1.835,   3.030,9999.000,9999.000,9999.000,9999.000,9999.000,9999.000,9999.000
202608110318,   1.796,   2.958,9999.000,9999.000,9999.000,9999.000,9999.000,9999.000,9999.000
202608110324,   1.756,   2.909,9999.000,9999.000,9999.000,9999.000,9999.000,9999.000,9999.000
202608110330,   1.716,   2.860,9999.000,9999.000,9999.000,9999.000,9999.000,9999.000,9999.000
202608110336,   1.675,   2.797,9999.000,9999.000,9999.000,9999.000,9999.000,9999.000,9999.000
202608110342,   1.634,   2.748,9999.000,9999.000,9999.000,9999.000,9999.000,9999.000,9999.000
202608110348,   1.593,   2.689,9999.000,9999.000,9999.000,9999.000,9999.000,9999.000,9999.000
202608110354,   1.551,   2.640,9999.000,9999.000,9999.000,9999.000,9999.000,9999.000,9999.000
202608110400,   1.508,   2.568,   0.400,   0.660,   2.568,   0.300,   2.468,   0.400,   2.568
202608110406,   1.465,   2.499,9999.000,9999.000,9999.000,9999.000,9999.000,9999.000,9999.000
202608110412,   1.421,   2.430,9999.000,9999.000,9999.000,9999.000,9999.000,9999.000,9999.000
202608110418,   1.376,   2.377,9999.000,9999.000,9999.000,9999.000,9999.000,9999.000,9999.000
202608110424,   1.330,   2.318,9999.000,9999.000,9999.000,9999.000,9999.000,9999.000,9999.000
202608110430,   1.284,   2.269,9999.000,9999.000,9999.000,9999.000,9999.000,9999.000,9999.000
202608110436,   1.238,   2.210,9999.000,9999.000,9999.000,9999.000,9999.000,9999.000,9999.000
202608110442,   1.190,   2.148,9999.000,9999.000,9999.000,9999.000,9999.000,9999.000,9999.000
202608110448,   1.142,   2.099,9999.000,9999.000,9999.000,9999.000,9999.000,9999.000,9999.000
202608110454,   1.093,   2.069,9999.000,9999.000,9999.000,9999.000,9999.000,9999.000,9999.000
202608110500,   1.044,   2.020,   0.400,   0.576,   2.020,   0.300,   1.920,   0.400,   2.020
202608110506,   0.994,   1.967,9999.000,9999.000,9999.000,9999.000,9999.000,9999.000,9999.000
202608110512,   0.944,   1.918,9999.000,9999.000,9999.000,9999.000,9999.000,9999.000,9999.000
202608110518,   0.894,   1.859,9999.000,9999.000,9999.000,9999.000,9999.000,9999.000,9999.000
202608110524,   0.843,   1.790,9999.000,9999.000,9999.000,9999.000,9999.000,9999.000,9999.000
202608110530,   0.793,   1.738,9999.000,9999.000,9999.000,9999.000,9999.000,9999.000,9999.000
202608110536,   0.742,   1.669,9999.000,9999.000,9999.000,9999.000,9999.000,9999.000,9999.000
202608110542,   0.692,   1.610,9999.000,9999.000,9999.000,9999.000,9999.000,9999.000,9999.000
202608110548,   0.642,   1.557,9999.000,9999.000,9999.000,9999.000,9999.000,9999.000,9999.000
202608110554,   0.593,   1.518,9999.000,9999.000,9999.000,9999.000,9999.000,9999.000,9999.000
202608110600,   0.544,   1.479,   0.400,   0.535,   1.479,   0.300,   1.379,   0.400,   1.479
202608110606,   0.497,   1.439,9999.000,9999.000,9999.000,9999.000,9999.000,9999.000,9999.000
202608110612,   0.451,   1.390,9999.000,9999.000,9999.000,9999.000,9999.000,9999.000,9999.000
202608110618,   0.406,   1.338,9999.000,9999.000,9999.000,9999.000,9999.000,9999.000,9999.000
202608110624,   0.363,   1.308,9999.000,9999.000,9999.000,9999.000,9999.000,9999.000,9999.000
202608110630,   0.322,   1.259,9999.000,9999.000,9999.000,9999.000,9999.000,9999.000,9999.000
202608110636,   0.283,   1.220,9999.000,9999.000,9999.000,9999.000,9999.000,9999.000,9999.000
202608110642,   0.246,   1.180,9999.000,9999.000,9999.000,9999.000,9999.000,9999.000,9999.000
202608110648,   0.212,   1.138,9999.000,9999.000,9999.000,9999.000,9999.000,9999.000,9999.000
202608110654,   0.182,   1.098,9999.000,9999.000,9999.000,9999.000,9999.000,9999.000,9999.000
202608110700,   0.154,   1.088,   0.400,   0.534,   1.088,   0.300,   0.988,   0.400,   1.088
202608110706,   0.129,   1.059,9999.000,9999.000,9999.000,9999.000,9999.000,9999.000,9999.000
202608110712,   0.108,   1.049,9999.000,9999.000,9999.000,9999.000,9999.000,9999.000,9999.000
202608110718,   0.091,   1.020,9999.000,9999.000,9999.000,9999.000,9999.000,9999.000,9999.000
202608110724,   0.077,   1.000,9999.000,9999.000,9999.000,9999.000,9999.000,9999.000,9999.000
202608110730,   0.068,   0.990,9999.000,9999.000,9999.000,9999.000,9999.000,9999.000,9999.000
202608110736,   0.062,   0.990,9999.000,9999.000,9999.000,9999.000,9999.000,9999.000,9999.000
202608110742,   0.060,   0.990,9999.000,9999.000,9999.000,9999.000,9999.000,9999.000,9999.000
202608110748,   0.062,   1.010,9999.000,9999.000,9999.000,9999.000,9999.000,9999.000,9999.000
202608110754,   0.068,   1.029,9999.000,9999.000,9999.000,9999.000,9999.000,9999.000,9999.000
202608110800,   0.078,   1.029,   0.400,   0.551,   1.029,   0.300,   0.929,   0.400,   1.029
202608110806,   0.091,   1.029,9999.000,9999.000,9999.000,9999.000,9999.000,9999.000,9999.000
202608110812,   0.108,   1.029,9999.000,9999.000,9999.000,9999.000,9999.000,9999.000,9999.000
202608110818,   0.129,   1.069,9999.000,9999.000,9999.000,9999.000,9999.000,9999.000,9999.000
202608110824,   0.153,   1.098,9999.000,9999.000,9999.000,9999.000,9999.000,9999.000,9999.000
202608110830,   0.179,   1.128,9999.000,9999.000,9999.000,9999.000,9999.000,9999.000,9999.000
202608110836,   0.209,   1.170,9999.000,9999.000,9999.000,9999.000,9999.000,9999.000,9999.000
202608110842,   0.242,   1.259,9999.000,9999.000,9999.000,9999.000,9999.000,9999.000,9999.000
202608110848,   0.277,   1.348,9999.000,9999.000,9999.000,9999.000,9999.000,9999.000,9999.000
202608110854,   0.315,   1.430,9999.000,9999.000,9999.000,9999.000,9999.000,9999.000,9999.000
202608110900,   0.354,   1.518,   0.400,   0.764,   1.518,   0.300,   1.418,   0.400,   1.518
202608110906,   0.396,   1.610,9999.000,9999.000,9999.000,9999.000,9999.000,9999.000,9999.000
202608110912,   0.440,   1.689,9999.000,9999.000,9999.000,9999.000,9999.000,9999.000,9999.000
202608110918,   0.485,   1.767,9999.000,9999.000,9999.000,9999.000,9999.000,9999.000,9999.000
202608110924,   0.531,   1.849,9999.000,9999.000,9999.000,9999.000,9999.000,9999.000,9999.000
202608110930,   0.579,   1.918,9999.000,9999.000,9999.000,9999.000,9999.000,9999.000,9999.000
202608110936,   0.628,   1.967,9999.000,9999.000,9999.000,9999.000,9999.000,9999.000,9999.000
202608110942,   0.679,   2.040,9999.000,9999.000,9999.000,9999.000,9999.000,9999.000,9999.000
202608110948,   0.730,   2.109,9999.000,9999.000,9999.000,9999.000,9999.000,9999.000,9999.000
202608110954,   0.782,   2.177,9999.000,9999.000,9999.000,9999.000,9999.000,9999.000,9999.000
202608111000,   0.835,   2.240,   0.400,   1.005,   2.240,   0.300,   2.140,   0.400,   2.240
202608111006,   0.889,   2.309,9999.000,9999.000,9999.000,9999.000,9999.000,9999.000,9999.000
202608111012,   0.944,   2.368,9999.000,9999.000,9999.000,9999.000,9999.000,9999.000,9999.000
202608111018,   0.999,   2.450,9999.000,9999.000,9999.000,9999.000,9999.000,9999.000,9999.000
202608111024,   1.055,   2.528,9999.000,9999.000,9999.000,9999.000,9999.000,9999.000,9999.000
202608111030,   1.111,   2.597,9999.000,9999.000,9999.000,9999.000,9999.000,9999.000,9999.000
202608111036,   1.168,   2.689,9999.000,9999.000,9999.000,9999.000,9999.000,9999.000,9999.000
202608111042,   1.224,   2.758,9999.000,9999.000,9999.000,9999.000,9999.000,9999.000,9999.000
202608111048,   1.281,   2.830,9999.000,9999.000,9999.000,9999.000,9999.000,9999.000,9999.000
202608111054,   1.337,   2.879,9999.000,9999.000,9999.000,9999.000,9999.000,9999.000,9999.000
202608111100,   1.393,   2.929,   0.400,   1.136,   2.929,   0.300,   2.829,   0.400,   2.929
202608111106,   1.448,   2.968,9999.000,9999.000,9999.000,9999.000,9999.000,9999.000,9999.000
202608111112,   1.503,   3.007,9999.000,9999.000,9999.000,9999.000,9999.000,9999.000,9999.000
202608111118,   1.556,   3.050,9999.000,9999.000,9999.000,9999.000,9999.000,9999.000,9999.000
202608111124,   1.607,   3.099,9999.000,9999.000,9999.000,9999.000,9999.000,9999.000,9999.000
202608111130,   1.657,   3.158,9999.000,9999.000,9999.000,9999.000,9999.000,9999.000,9999.000
202608111136,   1.705,   3.188,9999.000,9999.000,9999.000,9999.000,9999.000,9999.000,9999.000
202608111142,   1.750,   3.230,9999.000,9999.000,9999.000,9999.000,9999.000,9999.000,9999.000
202608111148,   1.792,   3.250,9999.000,9999.000,9999.000,9999.000,9999.000,9999.000,9999.000
202608111154,   1.831,   3.299,9999.000,9999.000,9999.000,9999.000,9999.000,9999.000,9999.000
202608111200,   1.867,   3.299,   0.400,   1.032,   3.299,   0.400,   3.299,   0.500,   3.399
202608111206,   1.900,   3.299,9999.000,9999.000,9999.000,9999.000,9999.000,9999.000,9999.000
202608111212,   1.928,   3.319,9999.000,9999.000,9999.000,9999.000,9999.000,9999.000,9999.000
202608111218,   1.953,   3.339,9999.000,9999.000,9999.000,9999.000,9999.000,9999.000,9999.000
202608111224,   1.973,   3.339,9999.000,9999.000,9999.000,9999.000,9999.000,9999.000,9999.000
202608111230,   1.989,   3.368,9999.000,9999.000,9999.000,9999.000,9999.000,9999.000,9999.000
202608111236,   2.001,   3.368,9999.000,9999.000,9999.000,9999.000,9999.000,9999.000,9999.000
202608111242,   2.008,   3.368,9999.000,9999.000,9999.000,9999.000,9999.000,9999.000,9999.000
202608111248,   2.011,   3.368,9999.000,9999.000,9999.000,9999.000,9999.000,9999.000,9999.000
202608111254,   2.010,   3.368,9999.000,9999.000,9999.000,9999.000,9999.000,9999.000,9999.000
202608111300,   2.004,   3.388,   0.400,   0.984,   3.388,   0.400,   3.388,   0.500,   3.488
202608111306,   1.994,   3.427,9999.000,9999.000,9999.000,9999.000,9999.000,9999.000,9999.000
202608111312,   1.980,   3.440,9999.000,9999.000,9999.000,9999.000,9999.000,9999.000,9999.000
202608111318,   1.963,   3.440,9999.000,9999.000,9999.000,9999.000,9999.000,9999.000,9999.000
202608111324,   1.942,   3.440,9999.000,9999.000,9999.000,9999.000,9999.000,9999.000,9999.000
202608111330,   1.918,   3.440,9999.000,9999.000,9999.000,9999.000,9999.000,9999.000,9999.000
202608111336,   1.891,   3.417,9999.000,9999.000,9999.000,9999.000,9999.000,9999.000,9999.000
202608111342,   1.862,   3.368,9999.000,9999.000,9999.000,9999.000,9999.000,9999.000,9999.000
202608111348,   1.830,   3.348,9999.000,9999.000,9999.000,9999.000,9999.000,9999.000,9999.000
202608111354,   1.796,   3.309,9999.000,9999.000,9999.000,9999.000,9999.000,9999.000,9999.000
202608111400,   1.761,   3.270,   0.400,   1.109,   3.270,   0.400,   3.270,   0.500,   3.370
202608111406,   1.724,   3.178,9999.000,9999.000,9999.000,9999.000,9999.000,9999.000,9999.000
202608111412,   1.686,   3.099,9999.000,9999.000,9999.000,9999.000,9999.000,9999.000,9999.000
202608111418,   1.648,   3.007,9999.000,9999.000,9999.000,9999.000,9999.000,9999.000,9999.000
202608111424,   1.608,   2.958,9999.000,9999.000,9999.000,9999.000,9999.000,9999.000,9999.000
202608111430,   1.569,   2.879,9999.000,9999.000,9999.000,9999.000,9999.000,9999.000,9999.000
202608111436,   1.529,   2.820,9999.000,9999.000,9999.000,9999.000,9999.000,9999.000,9999.000
202608111442,   1.489,   2.758,9999.000,9999.000,9999.000,9999.000,9999.000,9999.000,9999.000
202608111448,   1.450,   2.689,9999.000,9999.000,9999.000,9999.000,9999.000,9999.000,9999.000
202608111454,   1.410,   2.610,9999.000,9999.000,9999.000,9999.000,9999.000,9999.000,9999.000
202608111500,   1.371,   2.538,   0.400,   0.767,   2.538,   0.400,   2.538,   0.500,   2.638
202608111506,   1.332,   2.479,9999.000,9999.000,9999.000,9999.000,9999.000,9999.000,9999.000
202608111512,   1.294,   2.420,9999.000,9999.000,9999.000,9999.000,9999.000,9999.000,9999.000
202608111518,   1.256,   2.368,9999.000,9999.000,9999.000,9999.000,9999.000,9999.000,9999.000
202608111524,   1.218,   2.328,9999.000,9999.000,9999.000,9999.000,9999.000,9999.000,9999.000
202608111530,   1.180,   2.299,9999.000,9999.000,9999.000,9999.000,9999.000,9999.000,9999.000
202608111536,   1.143,   2.259,9999.000,9999.000,9999.000,9999.000,9999.000,9999.000,9999.000
202608111542,   1.105,9999.000,9999.000,9999.000,9999.000,9999.000,9999.000,9999.000,9999.000
202608111548,   1.068,9999.000,9999.000,9999.000,9999.000,9999.000,9999.000,9999.000,9999.000
202608111554,   1.031,9999.000,9999.000,9999.000,9999.000,9999.000,9999.000,9999.000,9999.000
202608111600,   0.994,9999.000,   0.400,9999.000,   1.394,   0.400,   1.394,   0.500,   1.494
202608111606,   0.957,9999.000,9999.000,9999.000,9999.000,9999.000,9999.000,9999.000,9999.000
202608111612,   0.920,9999.000,9999.000,9999.000,9999.000,9999.000,9999.000,9999.000,9999.000
202608111618,   0.882,9999.000,9999.000,9999.000,9999.000,9999.000,9999.000,9999.000,9999.000
202608111624,   0.845,9999.000,9999.000,9999.000,9999.000,9999.000,9999.000,9999.000,9999.000
202608111630,   0.807,9999.000,9999.000,9999.000,9999.000,9999.000,9999.000,9999.000,9999.000
202608111636,   0.769,9999.000,9999.000,9999.000,9999.000,9999.000,9999.000,9999.000,9999.000
202608111642,   0.730,   1.708,9999.000,9999.000,9999.000,9999.000,9999.000,9999.000,9999.000
202608111648,   0.692,   1.659,9999.000,9999.000,9999.000,9999.000,9999.000,9999.000,9999.000
202608111654,   0.653,   1.610,9999.000,9999.000,9999.000,9999.000,9999.000,9999.000,9999.000
202608111700,   0.613,   1.538,   0.500,   0.425,   1.538,   0.400,   1.438,   0.500,   1.538
202608111706,   0.574,   1.489,9999.000,9999.000,9999.000,9999.000,9999.000,9999.000,9999.000
202608111712,   0.534,   1.430,9999.000,9999.000,9999.000,9999.000,9999.000,9999.000,9999.000
202608111718,   0.494,   1.380,9999.000,9999.000,9999.000,9999.000,9999.000,9999.000,9999.000
202608111724,   0.454,   1.328,9999.000,9999.000,9999.000,9999.000,9999.000,9999.000,9999.000
202608111730,   0.414,   1.289,9999.000,9999.000,9999.000,9999.000,9999.000,9999.000,9999.000
202608111736,   0.374,   1.239,9999.000,9999.000,9999.000,9999.000,9999.000,9999.000,9999.000
202608111742,   0.334,   1.200,9999.000,9999.000,9999.000,9999.000,9999.000,9999.000,9999.000
202608111748,   0.294,   1.161,9999.000,9999.000,9999.000,9999.000,9999.000,9999.000,9999.000
202608111754,   0.255,   1.108,9999.000,9999.000,9999.000,9999.000,9999.000,9999.000,9999.000
202608111800,   0.216,   1.069,   0.400,   0.453,   1.069,   0.400,   1.069,   0.400,   1.069
202608111806,   0.178,   1.029,9999.000,9999.000,9999.000,9999.000,9999.000,9999.000,9999.000
202608111812,   0.140,   0.980,9999.000,9999.000,9999.000,9999.000,9999.000,9999.000,9999.000
202608111818,   0.104,   0.951,9999.000,9999.000,9999.000,9999.000,9999.000,9999.000,9999.000
202608111824,   0.069,   0.898,9999.000,9999.000,9999.000,9999.000,9999.000,9999.000,9999.000
202608111830,   0.035,   0.859,9999.000,9999.000,9999.000,9999.000,9999.000,9999.000,9999.000
202608111836,   0.003,   0.829,9999.000,9999.000,9999.000,9999.000,9999.000,9999.000,9999.000
202608111842,  -0.027,   0.810,9999.000,9999.000,9999.000,9999.000,9999.000,9999.000,9999.000
202608111848,  -0.055,   0.770,9999.000,9999.000,9999.000,9999.000,9999.000,9999.000,9999.000
202608111854,  -0.081,   0.741,9999.000,9999.000,9999.000,9999.000,9999.000,9999.000,9999.000
202608111900,  -0.105,   0.718,   0.400,   0.423,   0.718,   0.400,   0.718,   0.500,   0.818
202608111906,  -0.126,   0.678,9999.000,9999.000,9999.000,9999.000,9999.000,9999.000,9999.000
202608111912,  -0.144,   0.718,9999.000,9999.000,9999.000,9999.000,9999.000,9999.000,9999.000
202608111918,  -0.158,   0.688,9999.000,9999.000,9999.000,9999.000,9999.000,9999.000,9999.000
202608111924,  -0.170,   0.708,9999.000,9999.000,9999.000,9999.000,9999.000,9999.000,9999.000
202608111930,  -0.177,   0.731,9999.000,9999.000,9999.000,9999.000,9999.000,9999.000,9999.000
202608111936,  -0.181,   0.760,9999.000,9999.000,9999.000,9999.000,9999.000,9999.000,9999.000
202608111942,  -0.181,   0.810,9999.000,9999.000,9999.000,9999.000,9999.000,9999.000,9999.000
202608111948,  -0.177,   0.859,9999.000,9999.000,9999.000,9999.000,9999.000,9999.000,9999.000
202608111954,  -0.169,   0.898,9999.000,9999.000,9999.000,9999.000,9999.000,9999.000,9999.000
202608112000,  -0.157,   0.941,   0.400,   0.698,   0.941,   0.400,   0.941,   0.500,   1.041
202608112006,  -0.141,   1.010,9999.000,9999.000,9999.000,9999.000,9999.000,9999.000,9999.000
202608112012,  -0.120,   1.049,9999.000,9999.000,9999.000,9999.000,9999.000,9999.000,9999.000
202608112018,  -0.096,   1.118,9999.000,9999.000,9999.000,9999.000,9999.000,9999.000,9999.000
202608112024,  -0.067,   1.200,9999.000,9999.000,9999.000,9999.000,9999.000,9999.000,9999.000
202608112030,  -0.035,   1.289,9999.000,9999.000,9999.000,9999.000,9999.000,9999.000,9999.000
202608112036,   0.001,   1.371,9999.000,9999.000,9999.000,9999.000,9999.000,9999.000,9999.000
202608112042,   0.040,   1.469,9999.000,9999.000,9999.000,9999.000,9999.000,9999.000,9999.000
202608112048,   0.084,   1.548,9999.000,9999.000,9999.000,9999.000,9999.000,9999.000,9999.000
202608112054,   0.130,   1.639,9999.000,9999.000,9999.000,9999.000,9999.000,9999.000,9999.000
202608112100,   0.180,   1.728,   0.400,   1.148,   1.728,   0.400,   1.728,   0.500,   1.828
202608112106,   0.232,   1.820,9999.000,9999.000,9999.000,9999.000,9999.000,9999.000,9999.000
202608112112,   0.287,   1.908,9999.000,9999.000,9999.000,9999.000,9999.000,9999.000,9999.000
202608112118,   0.345,   1.967,9999.000,9999.000,9999.000,9999.000,9999.000,9999.000,9999.000
202608112124,   0.404,   2.059,9999.000,9999.000,9999.000,9999.000,9999.000,9999.000,9999.000
202608112130,   0.466,   2.148,9999.000,9999.000,9999.000,9999.000,9999.000,9999.000,9999.000
202608112136,   0.529,   2.240,9999.000,9999.000,9999.000,9999.000,9999.000,9999.000,9999.000
202608112142,   0.593,   2.309,9999.000,9999.000,9999.000,9999.000,9999.000,9999.000,9999.000
202608112148,   0.660,   2.410,9999.000,9999.000,9999.000,9999.000,9999.000,9999.000,9999.000
202608112154,   0.727,   2.499,9999.000,9999.000,9999.000,9999.000,9999.000,9999.000,9999.000
202608112200,   0.796,   2.578,   0.500,   1.282,   2.578,   0.400,   2.478,   0.500,   2.578
202608112206,   0.865,   2.669,9999.000,9999.000,9999.000,9999.000,9999.000,9999.000,9999.000
202608112212,   0.935,   2.758,9999.000,9999.000,9999.000,9999.000,9999.000,9999.000,9999.000
202608112218,   1.007,   2.840,9999.000,9999.000,9999.000,9999.000,9999.000,9999.000,9999.000
202608112224,   1.078,   2.938,9999.000,9999.000,9999.000,9999.000,9999.000,9999.000,9999.000
202608112230,   1.151,   3.007,9999.000,9999.000,9999.000,9999.000,9999.000,9999.000,9999.000
202608112236,   1.223,   3.099,9999.000,9999.000,9999.000,9999.000,9999.000,9999.000,9999.000
202608112242,   1.296,   3.178,9999.000,9999.000,9999.000,9999.000,9999.000,9999.000,9999.000
202608112248,   1.370,   3.260,9999.000,9999.000,9999.000,9999.000,9999.000,9999.000,9999.000
202608112254,   1.443,   3.329,9999.000,9999.000,9999.000,9999.000,9999.000,9999.000,9999.000
202608112300,   1.517,   3.417,   0.500,   1.400,   3.417,   0.400,   3.317,   0.500,   3.417
202608112306,   1.590,   3.480,9999.000,9999.000,9999.000,9999.000,9999.000,9999.000,9999.000
202608112312,   1.663,   3.548,9999.000,9999.000,9999.000,9999.000,9999.000,9999.000,9999.000
202608112318,   1.735,   3.617,9999.000,9999.000,9999.000,9999.000,9999.000,9999.000,9999.000
202608112324,   1.807,   3.689,9999.000,9999.000,9999.000,9999.000,9999.000,9999.000,9999.000
202608112330,   1.877,   3.749,9999.000,9999.000,9999.000,9999.000,9999.000,9999.000,9999.000
202608112336,   1.946,   3.798,9999.000,9999.000,9999.000,9999.000,9999.000,9999.000,9999.000
202608112342,   2.014,9999.000,9999.000,9999.000,9999.000,9999.000,9999.000,9999.000,9999.000
202608112348,   2.080,9999.000,9999.000,9999.000,9999.000,9999.000,9999.000,9999.000,9999.000
202608112354,   2.144,9999.000,9999.000,9999.000,9999.000,9999.000,9999.000,9999.000,9999.000
202608120000,   2.205,9999.000,   0.500,   1.356,   4.061,   0.400,   3.961,   0.500,   4.061
202608120006,   2.263,9999.000,9999.000,9999.000,9999.000,9999.000,9999.000,9999.000,9999.000
202608120012,   2.318,9999.000,9999.000,9999.000,9999.000,9999.000,9999.000,9999.000,9999.000
202608120018,   2.370,9999.000,9999.000,9999.000,9999.000,9999.000,9999.000,9999.000,9999.000
202608120024,   2.418,9999.000,9999.000,9999.000,9999.000,9999.000,9999.000,9999.000,9999.000
202608120030,   2.463,9999.000,9999.000,9999.000,9999.000,9999.000,9999.000,9999.000,9999.000
202608120036,   2.503,9999.000,9999.000,9999.000,9999.000,9999.000,9999.000,9999.000,9999.000
202608120042,   2.538,9999.000,9999.000,9999.000,9999.000,9999.000,9999.000,9999.000,9999.000
202608120048,   2.569,9999.000,9999.000,9999.000,9999.000,9999.000,9999.000,9999.000,9999.000
202608120054,   2.595,9999.000,9999.000,9999.000,9999.000,9999.000,9999.000,9999.000,9999.000
202608120100,   2.617,9999.000,   0.500,   1.312,   4.429,   0.500,   4.429,   0.500,   4.429
202608120106,   2.633,9999.000,9999.000,9999.000,9999.000,9999.000,9999.000,9999.000,9999.000
202608120112,   2.645,9999.000,9999.000,9999.000,9999.000,9999.000,9999.000,9999.000,9999.000
202608120118,   2.652,9999.000,9999.000,9999.000,9999.000,9999.000,9999.000,9999.000,9999.000
202608120124,   2.655,9999.000,9999.000,9999.000,9999.000,9999.000,9999.000,9999.000,9999.000
202608120130,   2.652,9999.000,9999.000,9999.000,9999.000,9999.000,9999.000,9999.000,9999.000
202608120136,   2.646,9999.000,9999.000,9999.000,9999.000,9999.000,9999.000,9999.000,9999.000
202608120142,   2.635,9999.000,9999.000,9999.000,9999.000,9999.000,9999.000,9999.000,9999.000
202608120148,   2.621,9999.000,9999.000,9999.000,9999.000,9999.000,9999.000,9999.000,9999.000
202608120154,   2.603,9999.000,9999.000,9999.000,9999.000,9999.000,9999.000,9999.000,9999.000
202608120200,   2.581,9999.000,   0.500,   1.268,   4.349,   0.500,   4.349,   0.500,   4.349
202608120206,   2.557,9999.000,9999.000,9999.000,9999.000,9999.000,9999.000,9999.000,9999.000
202608120212,   2.530,9999.000,9999.000,9999.000,9999.000,9999.000,9999.000,9999.000,9999.000
202608120218,   2.500,9999.000,9999.000,9999.000,9999.000,9999.000,9999.000,9999.000,9999.000
202608120224,   2.469,9999.000,9999.000,9999.000,9999.000,9999.000,9999.000,9999.000,9999.000
202608120230,   2.435,9999.000,9999.000,9999.000,9999.000,9999.000,9999.000,9999.000,9999.000
202608120236,   2.400,9999.000,9999.000,9999.000,9999.000,9999.000,9999.000,9999.000,9999.000
202608120242,   2.364,9999.000,9999.000,9999.000,9999.000,9999.000,9999.000,9999.000,9999.000
202608120248,   2.327,9999.000,9999.000,9999.000,9999.000,9999.000,9999.000,9999.000,9999.000
202608120254,   2.290,9999.000,9999.000,9999.000,9999.000,9999.000,9999.000,9999.000,9999.000
202608120300,   2.251,9999.000,   0.500,   1.223,   3.974,   0.500,   3.974,   0.500,   3.974
202608120306,   2.212,9999.000,9999.000,9999.000,9999.000,9999.000,9999.000,9999.000,9999.000
202608120312,   2.173,9999.000,9999.000,9999.000,9999.000,9999.000,9999.000,9999.000,9999.000
202608120318,   2.134,9999.000,9999.000,9999.000,9999.000,9999.000,9999.000,9999.000,9999.000
202608120324,   2.095,9999.000,9999.000,9999.000,9999.000,9999.000,9999.000,9999.000,9999.000
202608120330,   2.055,9999.000,9999.000,9999.000,9999.000,9999.000,9999.000,9999.000,9999.000
202608120336,   2.016,9999.000,9999.000,9999.000,9999.000,9999.000,9999.000,9999.000,9999.000
202608120342,   1.976,9999.000,9999.000,9999.000,9999.000,9999.000,9999.000,9999.000,9999.000
202608120348,   1.936,9999.000,9999.000,9999.000,9999.000,9999.000,9999.000,9999.000,9999.000
202608120354,   1.897,9999.000,9999.000,9999.000,9999.000,9999.000,9999.000,9999.000,9999.000
202608120400,   1.857,9999.000,   0.500,   1.179,   3.536,   0.500,   3.536,   0.500,   3.536
202608120406,   1.817,9999.000,9999.000,9999.000,9999.000,9999.000,9999.000,9999.000,9999.000
202608120412,   1.776,9999.000,9999.000,9999.000,9999.000,9999.000,9999.000,9999.000,9999.000
202608120418,   1.735,9999.000,9999.000,9999.000,9999.000,9999.000,9999.000,9999.000,9999.000
202608120424,   1.694,9999.000,9999.000,9999.000,9999.000,9999.000,9999.000,9999.000,9999.000
202608120430,   1.652,9999.000,9999.000,9999.000,9999.000,9999.000,9999.000,9999.000,9999.000
202608120436,   1.610,9999.000,9999.000,9999.000,9999.000,9999.000,9999.000,9999.000,9999.000
202608120442,   1.567,9999.000,9999.000,9999.000,9999.000,9999.000,9999.000,9999.000,9999.000
202608120448,   1.524,9999.000,9999.000,9999.000,9999.000,9999.000,9999.000,9999.000,9999.000
202608120454,   1.480,9999.000,9999.000,9999.000,9999.000,9999.000,9999.000,9999.000,9999.000
202608120500,   1.435,9999.000,   0.500,   1.135,   3.070,   0.500,   3.070,   0.500,   3.070
202608120506,   1.389,9999.000,9999.000,9999.000,9999.000,9999.000,9999.000,9999.000,9999.000
202608120512,   1.343,9999.000,9999.000,9999.000,9999.000,9999.000,9999.000,9999.000,9999.000
202608120518,   1.295,9999.000,9999.000,9999.000,9999.000,9999.000,9999.000,9999.000,9999.000
202608120524,   1.248,9999.000,9999.000,9999.000,9999.000,9999.000,9999.000,9999.000,9999.000
202608120530,   1.199,9999.000,9999.000,9999.000,9999.000,9999.000,9999.000,9999.000,9999.000
202608120536,   1.149,9999.000,9999.000,9999.000,9999.000,9999.000,9999.000,9999.000,9999.000
202608120542,   1.099,9999.000,9999.000,9999.000,9999.000,9999.000,9999.000,9999.000,9999.000
202608120548,   1.049,9999.000,9999.000,9999.000,9999.000,9999.000,9999.000,9999.000,9999.000
202608120554,   0.997,9999.000,9999.000,9999.000,9999.000,9999.000,9999.000,9999.000,9999.000
202608120600,   0.946,9999.000,   0.500,   1.091,   2.537,   0.500,   2.537,   0.500,   2.537
202608120606,   0.894,9999.000,9999.000,9999.000,9999.000,9999.000,9999.000,9999.000,9999.000
202608120612,   0.841,9999.000,9999.000,9999.000,9999.000,9999.000,9999.000,9999.000,9999.000
202608120618,   0.789,9999.000,9999.000,9999.000,9999.000,9999.000,9999.000,9999.000,9999.000
202608120624,   0.736,9999.000,9999.000,9999.000,9999.000,9999.000,9999.000,9999.000,9999.000
202608120630,   0.684,9999.000,9999.000,9999.000,9999.000,9999.000,9999.000,9999.000,9999.000
202608120636,   0.632,9999.000,9999.000,9999.000,9999.000,9999.000,9999.000,9999.000,9999.000
202608120642,   0.581,9999.000,9999.000,9999.000,9999.000,9999.000,9999.000,9999.000,9999.000
202608120648,   0.530,9999.000,9999.000,9999.000,9999.000,9999.000,9999.000,9999.000,9999.000
202608120654,   0.480,9999.000,9999.000,9999.000,9999.000,9999.000,9999.000,9999.000,9999.000
202608120700,   0.431,9999.000,   0.500,   1.047,   1.978,   0.400,   1.878,   0.500,   1.978
202608120706,   0.384,9999.000,9999.000,9999.000,9999.000,9999.000,9999.000,9999.000,9999.000
202608120712,   0.339,9999.000,9999.000,9999.000,9999.000,9999.000,9999.000,9999.000,9999.000
202608120718,   0.295,9999.000,9999.000,9999.000,9999.000,9999.000,9999.000,9999.000,9999.000
202608120724,   0.254,9999.000,9999.000,9999.000,9999.000,9999.000,9999.000,9999.000,9999.000
202608120730,   0.215,9999.000,9999.000,9999.000,9999.000,9999.000,9999.000,9999.000,9999.000
202608120736,   0.179,9999.000,9999.000,9999.000,9999.000,9999.000,9999.000,9999.000,9999.000
202608120742,   0.145,9999.000,9999.000,9999.000,9999.000,9999.000,9999.000,9999.000,9999.000
202608120748,   0.115,9999.000,9999.000,9999.000,9999.000,9999.000,9999.000,9999.000,9999.000
202608120754,   0.088,9999.000,9999.000,9999.000,9999.000,9999.000,9999.000,9999.000,9999.000
202608120800,   0.065,9999.000,   0.500,   1.003,   1.568,   0.400,   1.468,   0.500,   1.568
202608120806,   0.045,9999.000,9999.000,9999.000,9999.000,9999.000,9999.000,9999.000,9999.000
202608120812,   0.029,9999.000,9999.000,9999.000,9999.000,9999.000,9999.000,9999.000,9999.000
202608120818,   0.018,9999.000,9999.000,9999.000,9999.000,9999.000,9999.000,9999.000,9999.000
202608120824,   0.010,9999.000,9999.000,9999.000,9999.000,9999.000,9999.000,9999.000,9999.000
202608120830,   0.006,9999.000,9999.000,9999.000,9999.000,9999.000,9999.000,9999.000,9999.000
202608120836,   0.007,9999.000,9999.000,9999.000,9999.000,9999.000,9999.000,9999.000,9999.000
202608120842,   0.011,9999.000,9999.000,9999.000,9999.000,9999.000,9999.000,9999.000,9999.000
202608120848,   0.020,9999.000,9999.000,9999.000,9999.000,9999.000,9999.000,9999.000,9999.000
202608120854,   0.033,9999.000,9999.000,9999.000,9999.000,9999.000,9999.000,9999.000,9999.000
202608120900,   0.049,9999.000,   0.500,   0.959,   1.508,   0.400,   1.408,   0.500,   1.508
202608120906,   0.070,9999.000,9999.000,9999.000,9999.000,9999.000,9999.000,9999.000,9999.000
202608120912,   0.094,9999.000,9999.000,9999.000,9999.000,9999.000,9999.000,9999.000,9999.000
202608120918,   0.121,9999.000,9999.000,9999.000,9999.000,9999.000,9999.000,9999.000,9999.000
202608120924,   0.151,9999.000,9999.000,9999.000,9999.000,9999.000,9999.000,9999.000,9999.000
202608120930,   0.185,9999.000,9999.000,9999.000,9999.000,9999.000,9999.000,9999.000,9999.000
202608120936,   0.221,9999.000,9999.000,9999.000,9999.000,9999.000,9999.000,9999.000,9999.000
202608120942,   0.261,9999.000,9999.000,9999.000,9999.000,9999.000,9999.000,9999.000,9999.000
202608120948,   0.302,9999.000,9999.000,9999.000,9999.000,9999.000,9999.000,9999.000,9999.000
202608120954,   0.346,9999.000,9999.000,9999.000,9999.000,9999.000,9999.000,9999.000,9999.000
202608121000,   0.392,9999.000,   0.500,   0.914,   1.806,   0.400,   1.706,   0.500,   1.806
202608121006,   0.439,9999.000,9999.000,9999.000,9999.000,9999.000,9999.000,9999.000,9999.000
202608121012,   0.489,9999.000,9999.000,9999.000,9999.000,9999.000,9999.000,9999.000,9999.000
202608121018,   0.540,9999.000,9999.000,9999.000,9999.000,9999.000,9999.000,9999.000,9999.000
202608121024,   0.592,9999.000,9999.000,9999.000,9999.000,9999.000,9999.000,9999.000,9999.000
202608121030,   0.646,9999.000,9999.000,9999.000,9999.000,9999.000,9999.000,9999.000,9999.000
202608121036,   0.701,9999.000,9999.000,9999.000,9999.000,9999.000,9999.000,9999.000,9999.000
202608121042,   0.757,9999.000,9999.000,9999.000,9999.000,9999.000,9999.000,9999.000,9999.000
202608121048,   0.814,9999.000,9999.000,9999.000,9999.000,9999.000,9999.000,9999.000,9999.000
202608121054,   0.872,9999.000,9999.000,9999.000,9999.000,9999.000,9999.000,9999.000,9999.000
202608121100,   0.931,9999.000,   0.500,   0.870,   2.301,   0.400,   2.201,   0.500,   2.301
202608121106,   0.991,9999.000,9999.000,9999.000,9999.000,9999.000,9999.000,9999.000,9999.000
202608121112,   1.051,9999.000,9999.000,9999.000,9999.000,9999.000,9999.000,9999.000,9999.000
202608121118,   1.112,9999.000,9999.000,9999.000,9999.000,9999.000,9999.000,9999.000,9999.000
202608121124,   1.173,9999.000,9999.000,9999.000,9999.000,9999.000,9999.000,9999.000,9999.000
202608121130,   1.234,9999.000,9999.000,9999.000,9999.000,9999.000,9999.000,9999.000,9999.000
202608121136,   1.295,9999.000,9999.000,9999.000,9999.000,9999.000,9999.000,9999.000,9999.000
202608121142,   1.356,9999.000,9999.000,9999.000,9999.000,9999.000,9999.000,9999.000,9999.000
202608121148,   1.417,9999.000,9999.000,9999.000,9999.000,9999.000,9999.000,9999.000,9999.000
202608121154,   1.477,9999.000,9999.000,9999.000,9999.000,9999.000,9999.000,9999.000,9999.000
202608121200,   1.537,9999.000,   0.500,   0.870,   2.907,   0.400,   2.807,   0.500,   2.907
202608121206,   1.595,9999.000,9999.000,9999.000,9999.000,9999.000,9999.000,9999.000,9999.000
202608121212,   1.651,9999.000,9999.000,9999.000,9999.000,9999.000,9999.000,9999.000,9999.000
202608121218,   1.706,9999.000,9999.000,9999.000,9999.000,9999.000,9999.000,9999.000,9999.000
202608121224,   1.759,9999.000,9999.000,9999.000,9999.000,9999.000,9999.000,9999.000,9999.000
202608121230,   1.810,9999.000,9999.000,9999.000,9999.000,9999.000,9999.000,9999.000,9999.000
202608121236,   1.857,9999.000,9999.000,9999.000,9999.000,9999.000,9999.000,9999.000,9999.000
202608121242,   1.902,9999.000,9999.000,9999.000,9999.000,9999.000,9999.000,9999.000,9999.000
202608121248,   1.943,9999.000,9999.000,9999.000,9999.000,9999.000,9999.000,9999.000,9999.000
202608121254,   1.981,9999.000,9999.000,9999.000,9999.000,9999.000,9999.000,9999.000,9999.000
202608121300,   2.014,9999.000,   0.500,   0.870,   3.384,   0.400,   3.284,   0.500,   3.384
202608121306,   2.044,9999.000,9999.000,9999.000,9999.000,9999.000,9999.000,9999.000,9999.000
202608121312,   2.069,9999.000,9999.000,9999.000,9999.000,9999.000,9999.000,9999.000,9999.000
202608121318,   2.090,9999.000,9999.000,9999.000,9999.000,9999.000,9999.000,9999.000,9999.000
202608121324,   2.106,9999.000,9999.000,9999.000,9999.000,9999.000,9999.000,9999.000,9999.000
202608121330,   2.118,9999.000,9999.000,9999.000,9999.000,9999.000,9999.000,9999.000,9999.000
202608121336,   2.125,9999.000,9999.000,9999.000,9999.000,9999.000,9999.000,9999.000,9999.000
202608121342,   2.128,9999.000,9999.000,9999.000,9999.000,9999.000,9999.000,9999.000,9999.000
202608121348,   2.126,9999.000,9999.000,9999.000,9999.000,9999.000,9999.000,9999.000,9999.000
202608121354,   2.120,9999.000,9999.000,9999.000,9999.000,9999.000,9999.000,9999.000,9999.000
202608121400,   2.110,9999.000,   0.500,   0.870,   3.480,   0.400,   3.380,   0.500,   3.480
202608121406,   2.096,9999.000,9999.000,9999.000,9999.000,9999.000,9999.000,9999.000,9999.000
202608121412,   2.078,9999.000,9999.000,9999.000,9999.000,9999.000,9999.000,9999.000,9999.000
202608121418,   2.056,9999.000,9999.000,9999.000,9999.000,9999.000,9999.000,9999.000,9999.000
202608121424,   2.032,9999.000,9999.000,9999.000,9999.000,9999.000,9999.000,9999.000,9999.000
202608121430,   2.005,9999.000,9999.000,9999.000,9999.000,9999.000,9999.000,9999.000,9999.000
202608121436,   1.975,9999.000,9999.000,9999.000,9999.000,9999.000,9999.000,9999.000,9999.000
202608121442,   1.942,9999.000,9999.000,9999.000,9999.000,9999.000,9999.000,9999.000,9999.000
202608121448,   1.908,9999.000,9999.000,9999.000,9999.000,9999.000,9999.000,9999.000,9999.000
202608121454,   1.873,9999.000,9999.000,9999.000,9999.000,9999.000,9999.000,9999.000,9999.000
202608121500,   1.836,9999.000,   0.500,   0.870,   3.206,   0.400,   3.106,   0.500,   3.206
202608121506,   1.797,9999.000,9999.000,9999.000,9999.000,9999.000,9999.000,9999.000,9999.000
202608121512,   1.759,9999.000,9999.000,9999.000,9999.000,9999.000,9999.000,9999.000,9999.000
202608121518,   1.719,9999.000,9999.000,9999.000,9999.000,9999.000,9999.000,9999.000,9999.000
202608121524,   1.679,9999.000,9999.000,9999.000,9999.000,9999.000,9999.000,9999.000,9999.000
202608121530,   1.639,9999.000,9999.000,9999.000,9999.000,9999.000,9999.000,9999.000,9999.000
202608121536,   1.599,9999.000,9999.000,9999.000,9999.000,9999.000,9999.000,9999.000,9999.000
202608121542,   1.559,9999.000,9999.000,9999.000,9999.000,9999.000,9999.000,9999.000,9999.000
202608121548,   1.519,9999.000,9999.000,9999.000,9999.000,9999.000,9999.000,9999.000,9999.000
202608121554,   1.479,9999.000,9999.000,9999.000,9999.000,9999.000,9999.000,9999.000,9999.000
202608121600,   1.439,9999.000,   0.500,   0.870,   2.809,   0.500,   2.809,   0.600,   2.909
202608121606,   1.400,9999.000,9999.000,9999.000,9999.000,9999.000,9999.000,9999.000,9999.000
202608121612,   1.360,9999.000,9999.000,9999.000,9999.000,9999.000,9999.000,9999.000,9999.000
202608121618,   1.321,9999.000,9999.000,9999.000,9999.000,9999.000,9999.000,9999.000,9999.000
202608121624,   1.282,9999.000,9999.000,9999.000,9999.000,9999.000,9999.000,9999.000,9999.000
202608121630,   1.243,9999.000,9999.000,9999.000,9999.000,9999.000,9999.000,9999.000,9999.000
202608121636,   1.204,9999.000,9999.000,9999.000,9999.000,9999.000,9999.000,9999.000,9999.000
202608121642,   1.165,9999.000,9999.000,9999.000,9999.000,9999.000,9999.000,9999.000,9999.000
202608121648,   1.126,9999.000,9999.000,9999.000,9999.000,9999.000,9999.000,9999.000,9999.000
202608121654,   1.087,9999.000,9999.000,9999.000,9999.000,9999.000,9999.000,9999.000,9999.000
202608121700,   1.047,9999.000,   0.500,   0.870,   2.417,   0.500,   2.417,   0.600,   2.517
202608121706,   1.008,9999.000,9999.000,9999.000,9999.000,9999.000,9999.000,9999.000,9999.000
202608121712,   0.968,9999.000,9999.000,9999.000,9999.000,9999.000,9999.000,9999.000,9999.000
202608121718,   0.927,9999.000,9999.000,9999.000,9999.000,9999.000,9999.000,9999.000,9999.000
202608121724,   0.886,9999.000,9999.000,9999.000,9999.000,9999.000,9999.000,9999.000,9999.000
202608121730,   0.845,9999.000,9999.000,9999.000,9999.000,9999.000,9999.000,9999.000,9999.000
202608121736,   0.804,9999.000,9999.000,9999.000,9999.000,9999.000,9999.000,9999.000,9999.000
202608121742,   0.762,9999.000,9999.000,9999.000,9999.000,9999.000,9999.000,9999.000,9999.000
202608121748,   0.719,9999.000,9999.000,9999.000,9999.000,9999.000,9999.000,9999.000,9999.000
202608121754,   0.676,9999.000,9999.000,9999.000,9999.000,9999.000,9999.000,9999.000,9999.000
202608121800,   0.633,9999.000,   0.500,   0.870,   2.003,   0.500,   2.003,   0.600,   2.103
202608121806,   0.590,9999.000,9999.000,9999.000,9999.000,9999.000,9999.000,9999.000,9999.000
202608121812,   0.546,9999.000,9999.000,9999.000,9999.000,9999.000,9999.000,9999.000,9999.000
202608121818,   0.503,9999.000,9999.000,9999.000,9999.000,9999.000,9999.000,9999.000,9999.000
202608121824,   0.459,9999.000,9999.000,9999.000,9999.000,9999.000,9999.000,9999.000,9999.000
202608121830,   0.415,9999.000,9999.000,9999.000,9999.000,9999.000,9999.000,9999.000,9999.000
202608121836,   0.371,9999.000,9999.000,9999.000,9999.000,9999.000,9999.000,9999.000,9999.000
202608121842,   0.327,9999.000,9999.000,9999.000,9999.000,9999.000,9999.000,9999.000,9999.000
202608121848,   0.284,9999.000,9999.000,9999.000,9999.000,9999.000,9999.000,9999.000,9999.000
202608121854,   0.242,9999.000,9999.000,9999.000,9999.000,9999.000,9999.000,9999.000,9999.000
202608121900,   0.200,9999.000,   0.500,   0.870,   1.570,   0.500,   1.570,   0.600,   1.670
202608121906,   0.158,9999.000,9999.000,9999.000,9999.000,9999.000,9999.000,9999.000,9999.000
202608121912,   0.118,9999.000,9999.000,9999.000,9999.000,9999.000,9999.000,9999.000,9999.000
202608121918,   0.080,9999.000,9999.000,9999.000,9999.000,9999.000,9999.000,9999.000,9999.000
202608121924,   0.042,9999.000,9999.000,9999.000,9999.000,9999.000,9999.000,9999.000,9999.000
202608121930,   0.007,9999.000,9999.000,9999.000,9999.000,9999.000,9999.000,9999.000,9999.000
202608121936,  -0.026,9999.000,9999.000,9999.000,9999.000,9999.000,9999.000,9999.000,9999.000
202608121942,  -0.057,9999.000,9999.000,9999.000,9999.000,9999.000,9999.000,9999.000,9999.000
202608121948,  -0.086,9999.000,9999.000,9999.000,9999.000,9999.000,9999.000,9999.000,9999.000
202608121954,  -0.112,9999.000,9999.000,9999.000,9999.000,9999.000,9999.000,9999.000,9999.000
202608122000,  -0.135,9999.000,   0.500,   0.870,   1.235,   0.500,   1.235,   0.600,   1.335
202608122006,  -0.155,9999.000,9999.000,9999.000,9999.000,9999.000,9999.000,9999.000,9999.000
202608122012,  -0.172,9999.000,9999.000,9999.000,9999.000,9999.000,9999.000,9999.000,9999.000
202608122018,  -0.185,9999.000,9999.000,9999.000,9999.000,9999.000,9999.000,9999.000,9999.000
202608122024,  -0.195,9999.000,9999.000,9999.000,9999.000,9999.000,9999.000,9999.000,9999.000
202608122030,  -0.200,9999.000,9999.000,9999.000,9999.000,9999.000,9999.000,9999.000,9999.000
202608122036,  -0.201,9999.000,9999.000,9999.000,9999.000,9999.000,9999.000,9999.000,9999.000
202608122042,  -0.198,9999.000,9999.000,9999.000,9999.000,9999.000,9999.000,9999.000,9999.000
202608122048,  -0.191,9999.000,9999.000,9999.000,9999.000,9999.000,9999.000,9999.000,9999.000
202608122054,  -0.180,9999.000,9999.000,9999.000,9999.000,9999.000,9999.000,9999.000,9999.000
202608122100,  -0.164,9999.000,   0.600,   0.870,   1.306,   0.500,   1.206,   0.600,   1.306
202608122106,  -0.144,9999.000,9999.000,9999.000,9999.000,9999.000,9999.000,9999.000,9999.000
202608122112,  -0.120,9999.000,9999.000,9999.000,9999.000,9999.000,9999.000,9999.000,9999.000
202608122118,  -0.092,9999.000,9999.000,9999.000,9999.000,9999.000,9999.000,9999.000,9999.000
202608122124,  -0.060,9999.000,9999.000,9999.000,9999.000,9999.000,9999.000,9999.000,9999.000
202608122130,  -0.024,9999.000,9999.000,9999.000,9999.000,9999.000,9999.000,9999.000,9999.000
202608122136,   0.015,9999.000,9999.000,9999.000,9999.000,9999.000,9999.000,9999.000,9999.000
202608122142,   0.058,9999.000,9999.000,9999.000,9999.000,9999.000,9999.000,9999.000,9999.000
202608122148,   0.104,9999.000,9999.000,9999.000,9999.000,9999.000,9999.000,9999.000,9999.000
202608122154,   0.154,9999.000,9999.000,9999.000,9999.000,9999.000,9999.000,9999.000,9999.000
202608122200,   0.206,9999.000,   0.600,   0.870,   1.676,   0.500,   1.576,   0.600,   1.676
202608122206,   0.261,9999.000,9999.000,9999.000,9999.000,9999.000,9999.000,9999.000,9999.000
202608122212,   0.318,9999.000,9999.000,9999.000,9999.000,9999.000,9999.000,9999.000,9999.000
202608122218,   0.378,9999.000,9999.000,9999.000,9999.000,9999.000,9999.000,9999.000,9999.000
202608122224,   0.439,9999.000,9999.000,9999.000,9999.000,9999.000,9999.000,9999.000,9999.000
202608122230,   0.503,9999.000,9999.000,9999.000,9999.000,9999.000,9999.000,9999.000,9999.000
202608122236,   0.568,9999.000,9999.000,9999.000,9999.000,9999.000,9999.000,9999.000,9999.000
202608122242,   0.634,9999.000,9999.000,9999.000,9999.000,9999.000,9999.000,9999.000,9999.000
202608122248,   0.702,9999.000,9999.000,9999.000,9999.000,9999.000,9999.000,9999.000,9999.000
202608122254,   0.770,9999.000,9999.000,9999.000,9999.000,9999.000,9999.000,9999.000,9999.000
202608122300,   0.840,9999.000,   0.600,   0.870,   2.310,   0.500,   2.210,   0.600,   2.310
202608122306,   0.911,9999.000,9999.000,9999.000,9999.000,9999.000,9999.000,9999.000,9999.000
202608122312,   0.982,9999.000,9999.000,9999.000,9999.000,9999.000,9999.000,9999.000,9999.000
202608122318,   1.055,9999.000,9999.000,9999.000,9999.000,9999.000,9999.000,9999.000,9999.000
202608122324,   1.127,9999.000,9999.000,9999.000,9999.000,9999.000,9999.000,9999.000,9999.000
202608122330,   1.201,9999.000,9999.000,9999.000,9999.000,9999.000,9999.000,9999.000,9999.000
202608122336,   1.274,9999.000,9999.000,9999.000,9999.000,9999.000,9999.000,9999.000,9999.000
202608122342,   1.348,9999.000,9999.000,9999.000,9999.000,9999.000,9999.000,9999.000,9999.000
202608122348,   1.422,9999.000,9999.000,9999.000,9999.000,9999.000,9999.000,9999.000,9999.000
202608122354,   1.496,9999.000,9999.000,9999.000,9999.000,9999.000,9999.000,9999.000,9999.000
202608130000,   1.569,9999.000,   0.600,   0.870,   3.039,   0.600,   3.039,   0.600,   3.039
202608130006,   1.643,9999.000,9999.000,9999.000,9999.000,9999.000,9999.000,9999.000,9999.000
202608130012,   1.715,9999.000,9999.000,9999.000,9999.000,9999.000,9999.000,9999.000,9999.000
202608130018,   1.787,9999.000,9999.000,9999.000,9999.000,9999.000,9999.000,9999.000,9999.000
202608130024,   1.857,9999.000,9999.000,9999.000,9999.000,9999.000,9999.000,9999.000,9999.000
202608130030,   1.926,9999.000,9999.000,9999.000,9999.000,9999.000,9999.000,9999.000,9999.000
202608130036,   1.994,9999.000,9999.000,9999.000,9999.000,9999.000,9999.000,9999.000,9999.000
202608130042,   2.059,9999.000,9999.000,9999.000,9999.000,9999.000,9999.000,9999.000,9999.000
202608130048,   2.122,9999.000,9999.000,9999.000,9999.000,9999.000,9999.000,9999.000,9999.000
202608130054,   2.182,9999.000,9999.000,9999.000,9999.000,9999.000,9999.000,9999.000,9999.000
202608130100,   2.239,9999.000,   0.600,   0.870,   3.709,   0.600,   3.709,   0.600,   3.709
202608130106,   2.293,9999.000,9999.000,9999.000,9999.000,9999.000,9999.000,9999.000,9999.000
202608130112,   2.344,9999.000,9999.000,9999.000,9999.000,9999.000,9999.000,9999.000,9999.000
202608130118,   2.390,9999.000,9999.000,9999.000,9999.000,9999.000,9999.000,9999.000,9999.000
202608130124,   2.432,9999.000,9999.000,9999.000,9999.000,9999.000,9999.000,9999.000,9999.000
202608130130,   2.470,9999.000,9999.000,9999.000,9999.000,9999.000,9999.000,9999.000,9999.000
202608130136,   2.504,9999.000,9999.000,9999.000,9999.000,9999.000,9999.000,9999.000,9999.000
202608130142,   2.532,9999.000,9999.000,9999.000,9999.000,9999.000,9999.000,9999.000,9999.000
202608130148,   2.556,9999.000,9999.000,9999.000,9999.000,9999.000,9999.000,9999.000,9999.000
202608130154,   2.575,9999.000,9999.000,9999.000,9999.000,9999.000,9999.000,9999.000,9999.000
202608130200,   2.589,9999.000,   0.600,   0.870,   4.059,   0.600,   4.059,   0.600,   4.059
202608130206,   2.599,9999.000,9999.000,9999.000,9999.000,9999.000,9999.000,9999.000,9999.000
202608130212,   2.603,9999.000,9999.000,9999.000,9999.000,9999.000,9999.000,9999.000,9999.000
202608130218,   2.603,9999.000,9999.000,9999.000,9999.000,9999.000,9999.000,9999.000,9999.000
202608130224,   2.599,9999.000,9999.000,9999.000,9999.000,9999.000,9999.000,9999.000,9999.000
202608130230,   2.590,9999.000,9999.000,9999.000,9999.000,9999.000,9999.000,9999.000,9999.000
202608130236,   2.577,9999.000,9999.000,9999.000,9999.000,9999.000,9999.000,9999.000,9999.000
202608130242,   2.560,9999.000,9999.000,9999.000,9999.000,9999.000,9999.000,9999.000,9999.000
202608130248,   2.540,9999.000,9999.000,9999.000,9999.000,9999.000,9999.000,9999.000,9999.000
202608130254,   2.517,9999.000,9999.000,9999.000,9999.000,9999.000,9999.000,9999.000,9999.000
202608130300,   2.491,9999.000,   0.600,   0.870,   3.961,   0.600,   3.961,   0.700,   4.061
202608130306,   2.462,9999.000,9999.000,9999.000,9999.000,9999.000,9999.000,9999.000,9999.000
202608130312,   2.431,9999.000,9999.000,9999.000,9999.000,9999.000,9999.000,9999.000,9999.000
202608130318,   2.398,9999.000,9999.000,9999.000,9999.000,9999.000,9999.000,9999.000,9999.000
202608130324,   2.363,9999.000,9999.000,9999.000,9999.000,9999.000,9999.000,9999.000,9999.000
202608130330,   2.328,9999.000,9999.000,9999.000,9999.000,9999.000,9999.000,9999.000,9999.000
202608130336,   2.290,9999.000,9999.000,9999.000,9999.000,9999.000,9999.000,9999.000,9999.000
202608130342,   2.253,9999.000,9999.000,9999.000,9999.000,9999.000,9999.000,9999.000,9999.000
202608130348,   2.214,9999.000,9999.000,9999.000,9999.000,9999.000,9999.000,9999.000,9999.000
202608130354,   2.175,9999.000,9999.000,9999.000,9999.000,9999.000,9999.000,9999.000,9999.000
202608130400,   2.135,9999.000,   0.600,   0.870,   3.605,   0.600,   3.605,   0.600,   3.605
202608130406,   2.095,9999.000,9999.000,9999.000,9999.000,9999.000,9999.000,9999.000,9999.000
202608130412,   2.055,9999.000,9999.000,9999.000,9999.000,9999.000,9999.000,9999.000,9999.000
202608130418,   2.015,9999.000,9999.000,9999.000,9999.000,9999.000,9999.000,9999.000,9999.000
202608130424,   1.975,9999.000,9999.000,9999.000,9999.000,9999.000,9999.000,9999.000,9999.000
202608130430,   1.935,9999.000,9999.000,9999.000,9999.000,9999.000,9999.000,9999.000,9999.000
202608130436,   1.894,9999.000,9999.000,9999.000,9999.000,9999.000,9999.000,9999.000,9999.000
202608130442,   1.854,9999.000,9999.000,9999.000,9999.000,9999.000,9999.000,9999.000,9999.000
202608130448,   1.813,9999.000,9999.000,9999.000,9999.000,9999.000,9999.000,9999.000,9999.000
202608130454,   1.772,9999.000,9999.000,9999.000,9999.000,9999.000,9999.000,9999.000,9999.000
202608130500,   1.731,9999.000,   0.600,   0.870,   3.201,   0.600,   3.201,   0.600,   3.201
202608130506,   1.689,9999.000,9999.000,9999.000,9999.000,9999.000,9999.000,9999.000,9999.000
202608130512,   1.647,9999.000,9999.000,9999.000,9999.000,9999.000,9999.000,9999.000,9999.000
202608130518,   1.605,9999.000,9999.000,9999.000,9999.000,9999.000,9999.000,9999.000,9999.000
202608130524,   1.562,9999.000,9999.000,9999.000,9999.000,9999.000,9999.000,9999.000,9999.000
202608130530,   1.518,9999.000,9999.000,9999.000,9999.000,9999.000,9999.000,9999.000,9999.000
202608130536,   1.474,9999.000,9999.000,9999.000,9999.000,9999.000,9999.000,9999.000,9999.000
202608130542,   1.429,9999.000,9999.000,9999.000,9999.000,9999.000,9999.000,9999.000,9999.000
202608130548,   1.384,9999.000,9999.000,9999.000,9999.000,9999.000,9999.000,9999.000,9999.000
202608130554,   1.338,9999.000,9999.000,9999.000,9999.000,9999.000,9999.000,9999.000,9999.000
202608130600,   1.291,9999.000,   0.600,   0.870,   2.761,   0.600,   2.761,   0.600,   2.761
202608130606,   1.243,9999.000,9999.000,9999.000,9999.000,9999.000,9999.000,9999.000,9999.000
202608130612,   1.195,9999.000,9999.000,9999.000,9999.000,9999.000,9999.000,9999.000,9999.000
202608130618,   1.145,9999.000,9999.000,9999.000,9999.000,9999.000,9999.000,9999.000,9999.000
202608130624,   1.096,9999.000,9999.000,9999.000,9999.000,9999.000,9999.000,9999.000,9999.000
202608130630,   1.045,9999.000,9999.000,9999.000,9999.000,9999.000,9999.000,9999.000,9999.000
202608130636,   0.994,9999.000,9999.000,9999.000,9999.000,9999.000,9999.000,9999.000,9999.000
202608130642,   0.943,9999.000,9999.000,9999.000,9999.000,9999.000,9999.000,9999.000,9999.000
202608130648,   0.891,9999.000,9999.000,9999.000,9999.000,9999.000,9999.000,9999.000,9999.000
202608130654,   0.839,9999.000,9999.000,9999.000,9999.000,9999.000,9999.000,9999.000,9999.000
202608130700,   0.787,9999.000,   0.600,   0.870,   2.257,   0.500,   2.157,   0.600,   2.257
202608130706,   0.734,9999.000,9999.000,9999.000,9999.000,9999.000,9999.000,9999.000,9999.000
202608130712,   0.682,9999.000,9999.000,9999.000,9999.000,9999.000,9999.000,9999.000,9999.000
202608130718,   0.630,9999.000,9999.000,9999.000,9999.000,9999.000,9999.000,9999.000,9999.000
202608130724,   0.578,9999.000,9999.000,9999.000,9999.000,9999.000,9999.000,9999.000,9999.000
202608130730,   0.527,9999.000,9999.000,9999.000,9999.000,9999.000,9999.000,9999.000,9999.000
202608130736,   0.476,9999.000,9999.000,9999.000,9999.000,9999.000,9999.000,9999.000,9999.000
202608130742,   0.427,9999.000,9999.000,9999.000,9999.000,9999.000,9999.000,9999.000,9999.000
202608130748,   0.379,9999.000,9999.000,9999.000,9999.000,9999.000,9999.000,9999.000,9999.000
202608130754,   0.332,9999.000,9999.000,9999.000,9999.000,9999.000,9999.000,9999.000,9999.000
202608130800,   0.287,9999.000,   0.600,   0.870,   1.757,   0.500,   1.657,   0.600,   1.757
202608130806,   0.244,9999.000,9999.000,9999.000,9999.000,9999.000,9999.000,9999.000,9999.000
202608130812,   0.203,9999.000,9999.000,9999.000,9999.000,9999.000,9999.000,9999.000,9999.000
202608130818,   0.165,9999.000,9999.000,9999.000,9999.000,9999.000,9999.000,9999.000,9999.000
202608130824,   0.129,9999.000,9999.000,9999.000,9999.000,9999.000,9999.000,9999.000,9999.000
202608130830,   0.097,9999.000,9999.000,9999.000,9999.000,9999.000,9999.000,9999.000,9999.000
202608130836,   0.068,9999.000,9999.000,9999.000,9999.000,9999.000,9999.000,9999.000,9999.000
202608130842,   0.042,9999.000,9999.000,9999.000,9999.000,9999.000,9999.000,9999.000,9999.000
202608130848,   0.019,9999.000,9999.000,9999.000,9999.000,9999.000,9999.000,9999.000,9999.000
202608130854,   0.001,9999.000,9999.000,9999.000,9999.000,9999.000,9999.000,9999.000,9999.000
202608130900,  -0.013,9999.000,   0.600,   0.870,   1.457,   0.500,   1.357,   0.600,   1.457
202608130906,  -0.023,9999.000,9999.000,9999.000,9999.000,9999.000,9999.000,9999.000,9999.000
202608130912,  -0.029,9999.000,9999.000,9999.000,9999.000,9999.000,9999.000,9999.000,9999.000
202608130918,  -0.031,9999.000,9999.000,9999.000,9999.000,9999.000,9999.000,9999.000,9999.000
202608130924,  -0.029,9999.000,9999.000,9999.000,9999.000,9999.000,9999.000,9999.000,9999.000
202608130930,  -0.023,9999.000,9999.000,9999.000,9999.000,9999.000,9999.000,9999.000,9999.000
202608130936,  -0.012,9999.000,9999.000,9999.000,9999.000,9999.000,9999.000,9999.000,9999.000
202608130942,   0.002,9999.000,9999.000,9999.000,9999.000,9999.000,9999.000,9999.000,9999.000
202608130948,   0.020,9999.000,9999.000,9999.000,9999.000,9999.000,9999.000,9999.000,9999.000
202608130954,   0.043,9999.000,9999.000,9999.000,9999.000,9999.000,9999.000,9999.000,9999.000
202608131000,   0.069,9999.000,   0.600,   0.870,   1.539,   0.500,   1.439,   0.600,   1.539
202608131006,   0.099,9999.000,9999.000,9999.000,9999.000,9999.000,9999.000,9999.000,9999.000
202608131012,   0.133,9999.000,9999.000,9999.000,9999.000,9999.000,9999.000,9999.000,9999.000
202608131018,   0.169,9999.000,9999.000,9999.000,9999.000,9999.000,9999.000,9999.000,9999.000
202608131024,   0.208,9999.000,9999.000,9999.000,9999.000,9999.000,9999.000,9999.000,9999.000
202608131030,   0.251,9999.000,9999.000,9999.000,9999.000,9999.000,9999.000,9999.000,9999.000
202608131036,   0.295,9999.000,9999.000,9999.000,9999.000,9999.000,9999.000,9999.000,9999.000
202608131042,   0.342,9999.000,9999.000,9999.000,9999.000,9999.000,9999.000,9999.000,9999.000
202608131048,   0.391,9999.000,9999.000,9999.000,9999.000,9999.000,9999.000,9999.000,9999.000
202608131054,   0.442,9999.000,9999.000,9999.000,9999.000,9999.000,9999.000,9999.000,9999.000
202608131100,   0.495,9999.000,   0.600,   0.870,   1.965,   0.500,   1.865,   0.600,   1.965
202608131106,   0.549,9999.000,9999.000,9999.000,9999.000,9999.000,9999.000,9999.000,9999.000
202608131112,   0.605,9999.000,9999.000,9999.000,9999.000,9999.000,9999.000,9999.000,9999.000
202608131118,   0.662,9999.000,9999.000,9999.000,9999.000,9999.000,9999.000,9999.000,9999.000
202608131124,   0.721,9999.000,9999.000,9999.000,9999.000,9999.000,9999.000,9999.000,9999.000
202608131130,   0.780,9999.000,9999.000,9999.000,9999.000,9999.000,9999.000,9999.000,9999.000
202608131136,   0.840,9999.000,9999.000,9999.000,9999.000,9999.000,9999.000,9999.000,9999.000
202608131142,   0.902,9999.000,9999.000,9999.000,9999.000,9999.000,9999.000,9999.000,9999.000
202608131148,   0.964,9999.000,9999.000,9999.000,9999.000,9999.000,9999.000,9999.000,9999.000
202608131154,   1.026,9999.000,9999.000,9999.000,9999.000,9999.000,9999.000,9999.000,9999.000
202608131200,   1.089,9999.000,   0.600,   0.870,   2.559,   0.500,   2.459,   0.600,   2.559
202608131206,   1.153,9999.000,9999.000,9999.000,9999.000,9999.000,9999.000,9999.000,9999.000
202608131212,   1.217,9999.000,9999.000,9999.000,9999.000,9999.000,9999.000,9999.000,9999.000
202608131218,   1.281,9999.000,9999.000,9999.000,9999.000,9999.000,9999.000,9999.000,9999.000
202608131224,   1.345,9999.000,9999.000,9999.000,9999.000,9999.000,9999.000,9999.000,9999.000
202608131230,   1.409,9999.000,9999.000,9999.000,9999.000,9999.000,9999.000,9999.000,9999.000
202608131236,   1.473,9999.000,9999.000,9999.000,9999.000,9999.000,9999.000,9999.000,9999.000
202608131242,   1.535,9999.000,9999.000,9999.000,9999.000,9999.000,9999.000,9999.000,9999.000
202608131248,   1.597,9999.000,9999.000,9999.000,9999.000,9999.000,9999.000,9999.000,9999.000
202608131254,   1.658,9999.000,9999.000,9999.000,9999.000,9999.000,9999.000,9999.000,9999.000
202608131300,   1.717,9999.000,   0.600,   0.870,   3.187,   0.500,   3.087,   0.600,   3.187
202608131306,   1.775,9999.000,9999.000,9999.000,9999.000,9999.000,9999.000,9999.000,9999.000
202608131312,   1.830,9999.000,9999.000,9999.000,9999.000,9999.000,9999.000,9999.000,9999.000
202608131318,   1.884,9999.000,9999.000,9999.000,9999.000,9999.000,9999.000,9999.000,9999.000
202608131324,   1.934,9999.000,9999.000,9999.000,9999.000,9999.000,9999.000,9999.000,9999.000
202608131330,   1.981,9999.000,9999.000,9999.000,9999.000,9999.000,9999.000,9999.000,9999.000
202608131336,   2.025,9999.000,9999.000,9999.000,9999.000,9999.000,9999.000,9999.000,9999.000
202608131342,   2.065,9999.000,9999.000,9999.000,9999.000,9999.000,9999.000,9999.000,9999.000
202608131348,   2.102,9999.000,9999.000,9999.000,9999.000,9999.000,9999.000,9999.000,9999.000
202608131354,   2.134,9999.000,9999.000,9999.000,9999.000,9999.000,9999.000,9999.000,9999.000
202608131400,   2.162,9999.000,   0.500,   0.870,   3.532,   0.500,   3.532,   0.600,   3.632
202608131406,   2.186,9999.000,9999.000,9999.000,9999.000,9999.000,9999.000,9999.000,9999.000
202608131412,   2.205,9999.000,9999.000,9999.000,9999.000,9999.000,9999.000,9999.000,9999.000
202608131418,   2.219,9999.000,9999.000,9999.000,9999.000,9999.000,9999.000,9999.000,9999.000
202608131424,   2.229,9999.000,9999.000,9999.000,9999.000,9999.000,9999.000,9999.000,9999.000
202608131430,   2.234,9999.000,9999.000,9999.000,9999.000,9999.000,9999.000,9999.000,9999.000
202608131436,   2.235,9999.000,9999.000,9999.000,9999.000,9999.000,9999.000,9999.000,9999.000
202608131442,   2.231,9999.000,9999.000,9999.000,9999.000,9999.000,9999.000,9999.000,9999.000
202608131448,   2.222,9999.000,9999.000,9999.000,9999.000,9999.000,9999.000,9999.000,9999.000
202608131454,   2.210,9999.000,9999.000,9999.000,9999.000,9999.000,9999.000,9999.000,9999.000
202608131500,   2.194,9999.000,   0.500,   0.870,   3.564,   0.500,   3.564,   0.600,   3.664
202608131506,   2.174,9999.000,9999.000,9999.000,9999.000,9999.000,9999.000,9999.000,9999.000
202608131512,   2.150,9999.000,9999.000,9999.000,9999.000,9999.000,9999.000,9999.000,9999.000
202608131518,   2.124,9999.000,9999.000,9999.000,9999.000,9999.000,9999.000,9999.000,9999.000
202608131524,   2.095,9999.000,9999.000,9999.000,9999.000,9999.000,9999.000,9999.000,9999.000
202608131530,   2.064,9999.000,9999.000,9999.000,9999.000,9999.000,9999.000,9999.000,9999.000
202608131536,   2.030,9999.000,9999.000,9999.000,9999.000,9999.000,9999.000,9999.000,9999.000
202608131542,   1.994,9999.000,9999.000,9999.000,9999.000,9999.000,9999.000,9999.000,9999.000
202608131548,   1.958,9999.000,9999.000,9999.000,9999.000,9999.000,9999.000,9999.000,9999.000
202608131554,   1.919,9999.000,9999.000,9999.000,9999.000,9999.000,9999.000,9999.000,9999.000
202608131600,   1.880,9999.000,   0.500,   0.870,   3.250,   0.500,   3.250,   0.600,   3.350
202608131606,   1.840,9999.000,9999.000,9999.000,9999.000,9999.000,9999.000,9999.000,9999.000
202608131612,   1.800,9999.000,9999.000,9999.000,9999.000,9999.000,9999.000,9999.000,9999.000
202608131618,   1.759,9999.000,9999.000,9999.000,9999.000,9999.000,9999.000,9999.000,9999.000
202608131624,   1.718,9999.000,9999.000,9999.000,9999.000,9999.000,9999.000,9999.000,9999.000
202608131630,   1.677,9999.000,9999.000,9999.000,9999.000,9999.000,9999.000,9999.000,9999.000
202608131636,   1.635,9999.000,9999.000,9999.000,9999.000,9999.000,9999.000,9999.000,9999.000
202608131642,   1.594,9999.000,9999.000,9999.000,9999.000,9999.000,9999.000,9999.000,9999.000
202608131648,   1.553,9999.000,9999.000,9999.000,9999.000,9999.000,9999.000,9999.000,9999.000
202608131654,   1.512,9999.000,9999.000,9999.000,9999.000,9999.000,9999.000,9999.000,9999.000
202608131700,   1.472,9999.000,   0.500,   0.870,   2.842,   0.500,   2.842,   0.600,   2.942
202608131706,   1.431,9999.000,9999.000,9999.000,9999.000,9999.000,9999.000,9999.000,9999.000
202608131712,   1.390,9999.000,9999.000,9999.000,9999.000,9999.000,9999.000,9999.000,9999.000
202608131718,   1.350,9999.000,9999.000,9999.000,9999.000,9999.000,9999.000,9999.000,9999.000
202608131724,   1.309,9999.000,9999.000,9999.000,9999.000,9999.000,9999.000,9999.000,9999.000
202608131730,   1.268,9999.000,9999.000,9999.000,9999.000,9999.000,9999.000,9999.000,9999.000
202608131736,   1.227,9999.000,9999.000,9999.000,9999.000,9999.000,9999.000,9999.000,9999.000
202608131742,   1.186,9999.000,9999.000,9999.000,9999.000,9999.000,9999.000,9999.000,9999.000
202608131748,   1.145,9999.000,9999.000,9999.000,9999.000,9999.000,9999.000,9999.000,9999.000
202608131754,   1.103,9999.000,9999.000,9999.000,9999.000,9999.000,9999.000,9999.000,9999.000
202608131800,   1.061,9999.000,   0.500,   0.870,   2.431,   0.400,   2.331,   0.600,   2.531
202608131806,   1.018,9999.000,9999.000,9999.000,9999.000,9999.000,9999.000,9999.000,9999.000
202608131812,   0.975,9999.000,9999.000,9999.000,9999.000,9999.000,9999.000,9999.000,9999.000
202608131818,   0.932,9999.000,9999.000,9999.000,9999.000,9999.000,9999.000,9999.000,9999.000
202608131824,   0.888,9999.000,9999.000,9999.000,9999.000,9999.000,9999.000,9999.000,9999.000
202608131830,   0.844,9999.000,9999.000,9999.000,9999.000,9999.000,9999.000,9999.000,9999.000
202608131836,   0.799,9999.000,9999.000,9999.000,9999.000,9999.000,9999.000,9999.000,9999.000
202608131842,   0.754,9999.000,9999.000,9999.000,9999.000,9999.000,9999.000,9999.000,9999.000
202608131848,   0.709,9999.000,9999.000,9999.000,9999.000,9999.000,9999.000,9999.000,9999.000
202608131854,   0.663,9999.000,9999.000,9999.000,9999.000,9999.000,9999.000,9999.000,9999.000
202608131900,   0.617,9999.000,   0.500,   0.870,   1.987,   0.400,   1.887,   0.600,   2.087
202608131906,   0.571,9999.000,9999.000,9999.000,9999.000,9999.000,9999.000,9999.000,9999.000
202608131912,   0.524,9999.000,9999.000,9999.000,9999.000,9999.000,9999.000,9999.000,9999.000
202608131918,   0.478,9999.000,9999.000,9999.000,9999.000,9999.000,9999.000,9999.000,9999.000
202608131924,   0.432,9999.000,9999.000,9999.000,9999.000,9999.000,9999.000,9999.000,9999.000
202608131930,   0.386,9999.000,9999.000,9999.000,9999.000,9999.000,9999.000,9999.000,9999.000
202608131936,   0.340,9999.000,9999.000,9999.000,9999.000,9999.000,9999.000,9999.000,9999.000
202608131942,   0.295,9999.000,9999.000,9999.000,9999.000,9999.000,9999.000,9999.000,9999.000
202608131948,   0.251,9999.000,9999.000,9999.000,9999.000,9999.000,9999.000,9999.000,9999.000
202608131954,   0.207,9999.000,9999.000,9999.000,9999.000,9999.000,9999.000,9999.000,9999.000
202608132000,   0.164,9999.000,   0.500,   0.870,   1.534,   0.400,   1.434,   0.600,   1.634
202608132006,   0.123,9999.000,9999.000,9999.000,9999.000,9999.000,9999.000,9999.000,9999.000
202608132012,   0.083,9999.000,9999.000,9999.000,9999.000,9999.000,9999.000,9999.000,9999.000
202608132018,   0.045,9999.000,9999.000,9999.000,9999.000,9999.000,9999.000,9999.000,9999.000
202608132024,   0.009,9999.000,9999.000,9999.000,9999.000,9999.000,9999.000,9999.000,9999.000
202608132030,  -0.024,9999.000,9999.000,9999.000,9999.000,9999.000,9999.000,9999.000,9999.000
202608132036,  -0.055,9999.000,9999.000,9999.000,9999.000,9999.000,9999.000,9999.000,9999.000
202608132042,  -0.084,9999.000,9999.000,9999.000,9999.000,9999.000,9999.000,9999.000,9999.000
202608132048,  -0.110,9999.000,9999.000,9999.000,9999.000,9999.000,9999.000,9999.000,9999.000
202608132054,  -0.133,9999.000,9999.000,9999.000,9999.000,9999.000,9999.000,9999.000,9999.000
202608132100,  -0.152,9999.000,   0.500,   0.870,   1.218,   0.400,   1.118,   0.600,   1.318
202608132106,  -0.168,9999.000,9999.000,9999.000,9999.000,9999.000,9999.000,9999.000,9999.000
202608132112,  -0.180,9999.000,9999.000,9999.000,9999.000,9999.000,9999.000,9999.000,9999.000
202608132118,  -0.188,9999.000,9999.000,9999.000,9999.000,9999.000,9999.000,9999.000,9999.000
202608132124,  -0.192,9999.000,9999.000,9999.000,9999.000,9999.000,9999.000,9999.000,9999.000
202608132130,  -0.192,9999.000,9999.000,9999.000,9999.000,9999.000,9999.000,9999.000,9999.000
202608132136,  -0.188,9999.000,9999.000,9999.000,9999.000,9999.000,9999.000,9999.000,9999.000
202608132142,  -0.179,9999.000,9999.000,9999.000,9999.000,9999.000,9999.000,9999.000,9999.000
202608132148,  -0.166,9999.000,9999.000,9999.000,9999.000,9999.000,9999.000,9999.000,9999.000
202608132154,  -0.149,9999.000,9999.000,9999.000,9999.000,9999.000,9999.000,9999.000,9999.000
202608132200,  -0.127,9999.000,   0.500,   0.870,   1.243,   0.400,   1.143,   0.600,   1.343
202608132206,  -0.101,9999.000,9999.000,9999.000,9999.000,9999.000,9999.000,9999.000,9999.000
202608132212,  -0.072,9999.000,9999.000,9999.000,9999.000,9999.000,9999.000,9999.000,9999.000
202608132218,  -0.038,9999.000,9999.000,9999.000,9999.000,9999.000,9999.000,9999.000,9999.000
202608132224,   0.000,9999.000,9999.000,9999.000,9999.000,9999.000,9999.000,9999.000,9999.000
202608132230,   0.040,9999.000,9999.000,9999.000,9999.000,9999.000,9999.000,9999.000,9999.000
202608132236,   0.084,9999.000,9999.000,9999.000,9999.000,9999.000,9999.000,9999.000,9999.000
202608132242,   0.131,9999.000,9999.000,9999.000,9999.000,9999.000,9999.000,9999.000,9999.000
202608132248,   0.181,9999.000,9999.000,9999.000,9999.000,9999.000,9999.000,9999.000,9999.000
202608132254,   0.234,9999.000,9999.000,9999.000,9999.000,9999.000,9999.000,9999.000,9999.000
202608132300,   0.290,9999.000,   0.500,   0.870,   1.660,   0.400,   1.560,   0.600,   1.760
202608132306,   0.347,9999.000,9999.000,9999.000,9999.000,9999.000,9999.000,9999.000,9999.000
202608132312,   0.407,9999.000,9999.000,9999.000,9999.000,9999.000,9999.000,9999.000,9999.000
202608132318,   0.468,9999.000,9999.000,9999.000,9999.000,9999.000,9999.000,9999.000,9999.000
202608132324,   0.531,9999.000,9999.000,9999.000,9999.000,9999.000,9999.000,9999.000,9999.000
202608132330,   0.596,9999.000,9999.000,9999.000,9999.000,9999.000,9999.000,9999.000,9999.000
202608132336,   0.661,9999.000,9999.000,9999.000,9999.000,9999.000,9999.000,9999.000,9999.000
202608132342,   0.728,9999.000,9999.000,9999.000,9999.000,9999.000,9999.000,9999.000,9999.000
202608132348,   0.796,9999.000,9999.000,9999.000,9999.000,9999.000,9999.000,9999.000,9999.000
202608132354,   0.865,9999.000,9999.000,9999.000,9999.000,9999.000,9999.000,9999.000,9999.000
202608140000,   0.934,9999.000,   0.500,   0.870,   2.304,   0.400,   2.204,   0.500,   2.304
202608140006,   1.004,9999.000,9999.000,9999.000,9999.000,9999.000,9999.000,9999.000,9999.000
202608140012,   1.075,9999.000,9999.000,9999.000,9999.000,9999.000,9999.000,9999.000,9999.000
202608140018,   1.146,9999.000,9999.000,9999.000,9999.000,9999.000,9999.000,9999.000,9999.000
202608140024,   1.217,9999.000,9999.000,9999.000,9999.000,9999.000,9999.000,9999.000,9999.000
202608140030,   1.289,9999.000,9999.000,9999.000,9999.000,9999.000,9999.000,9999.000,9999.000
202608140036,   1.360,9999.000,9999.000,9999.000,9999.000,9999.000,9999.000,9999.000,9999.000
202608140042,   1.432,9999.000,9999.000,9999.000,9999.000,9999.000,9999.000,9999.000,9999.000
202608140048,   1.503,9999.000,9999.000,9999.000,9999.000,9999.000,9999.000,9999.000,9999.000
202608140054,   1.574,9999.000,9999.000,9999.000,9999.000,9999.000,9999.000,9999.000,9999.000
202608140100,   1.645,9999.000,   0.500,   0.870,   3.015,   0.400,   2.915,   0.500,   3.015
202608140106,   1.714,9999.000,9999.000,9999.000,9999.000,9999.000,9999.000,9999.000,9999.000
202608140112,   1.783,9999.000,9999.000,9999.000,9999.000,9999.000,9999.000,9999.000,9999.000
202608140118,   1.850,9999.000,9999.000,9999.000,9999.000,9999.000,9999.000,9999.000,9999.000
202608140124,   1.916,9999.000,9999.000,9999.000,9999.000,9999.000,9999.000,9999.000,9999.000
202608140130,   1.979,9999.000,9999.000,9999.000,9999.000,9999.000,9999.000,9999.000,9999.000
202608140136,   2.041,9999.000,9999.000,9999.000,9999.000,9999.000,9999.000,9999.000,9999.000
202608140142,   2.100,9999.000,9999.000,9999.000,9999.000,9999.000,9999.000,9999.000,9999.000
202608140148,   2.156,9999.000,9999.000,9999.000,9999.000,9999.000,9999.000,9999.000,9999.000
202608140154,   2.209,9999.000,9999.000,9999.000,9999.000,9999.000,9999.000,9999.000,9999.000
202608140200,   2.258,9999.000,   0.500,   0.870,   3.628,   0.400,   3.528,   0.500,   3.628
202608140206,   2.304,9999.000,9999.000,9999.000,9999.000,9999.000,9999.000,9999.000,9999.000
202608140212,   2.345,9999.000,9999.000,9999.000,9999.000,9999.000,9999.000,9999.000,9999.000
202608140218,   2.383,9999.000,9999.000,9999.000,9999.000,9999.000,9999.000,9999.000,9999.000
202608140224,   2.416,9999.000,9999.000,9999.000,9999.000,9999.000,9999.000,9999.000,9999.000
202608140230,   2.444,9999.000,9999.000,9999.000,9999.000,9999.000,9999.000,9999.000,9999.000
202608140236,   2.468,9999.000,9999.000,9999.000,9999.000,9999.000,9999.000,9999.000,9999.000
202608140242,   2.487,9999.000,9999.000,9999.000,9999.000,9999.000,9999.000,9999.000,9999.000
202608140248,   2.501,9999.000,9999.000,9999.000,9999.000,9999.000,9999.000,9999.000,9999.000
202608140254,   2.510,9999.000,9999.000,9999.000,9999.000,9999.000,9999.000,9999.000,9999.000
202608140300,   2.515,9999.000,   0.500,   0.870,   3.885,   0.400,   3.785,   0.500,   3.885
202608140306,   2.515,9999.000,9999.000,9999.000,9999.000,9999.000,9999.000,9999.000,9999.000
202608140312,   2.510,9999.000,9999.000,9999.000,9999.000,9999.000,9999.000,9999.000,9999.000
202608140318,   2.502,9999.000,9999.000,9999.000,9999.000,9999.000,9999.000,9999.000,9999.000
202608140324,   2.489,9999.000,9999.000,9999.000,9999.000,9999.000,9999.000,9999.000,9999.000
202608140330,   2.472,9999.000,9999.000,9999.000,9999.000,9999.000,9999.000,9999.000,9999.000
202608140336,   2.452,9999.000,9999.000,9999.000,9999.000,9999.000,9999.000,9999.000,9999.000
202608140342,   2.428,9999.000,9999.000,9999.000,9999.000,9999.000,9999.000,9999.000,9999.000
202608140348,   2.402,9999.000,9999.000,9999.000,9999.000,9999.000,9999.000,9999.000,9999.000
202608140354,   2.373,9999.000,9999.000,9999.000,9999.000,9999.000,9999.000,9999.000,9999.000
202608140400,   2.341,9999.000,   0.500,   0.870,   3.711,   0.400,   3.611,   0.500,   3.711
202608140406,   2.308,9999.000,9999.000,9999.000,9999.000,9999.000,9999.000,9999.000,9999.000
202608140412,   2.273,9999.000,9999.000,9999.000,9999.000,9999.000,9999.000,9999.000,9999.000
202608140418,   2.236,9999.000,9999.000,9999.000,9999.000,9999.000,9999.000,9999.000,9999.000
202608140424,   2.198,9999.000,9999.000,9999.000,9999.000,9999.000,9999.000,9999.000,9999.000
202608140430,   2.160,9999.000,9999.000,9999.000,9999.000,9999.000,9999.000,9999.000,9999.000
202608140436,   2.120,9999.000,9999.000,9999.000,9999.000,9999.000,9999.000,9999.000,9999.000
202608140442,   2.080,9999.000,9999.000,9999.000,9999.000,9999.000,9999.000,9999.000,9999.000
202608140448,   2.040,9999.000,9999.000,9999.000,9999.000,9999.000,9999.000,9999.000,9999.000
202608140454,   1.999,9999.000,9999.000,9999.000,9999.000,9999.000,9999.000,9999.000,9999.000
202608140500,   1.958,9999.000,   0.500,   0.870,   3.328,   0.400,   3.228,   0.500,   3.328
202608140506,   1.917,9999.000,9999.000,9999.000,9999.000,9999.000,9999.000,9999.000,9999.000
202608140512,   1.876,9999.000,9999.000,9999.000,9999.000,9999.000,9999.000,9999.000,9999.000
202608140518,   1.834,9999.000,9999.000,9999.000,9999.000,9999.000,9999.000,9999.000,9999.000
202608140524,   1.793,9999.000,9999.000,9999.000,9999.000,9999.000,9999.000,9999.000,9999.000
202608140530,   1.752,9999.000,9999.000,9999.000,9999.000,9999.000,9999.000,9999.000,9999.000
202608140536,   1.710,9999.000,9999.000,9999.000,9999.000,9999.000,9999.000,9999.000,9999.000
202608140542,   1.668,9999.000,9999.000,9999.000,9999.000,9999.000,9999.000,9999.000,9999.000
202608140548,   1.627,9999.000,9999.000,9999.000,9999.000,9999.000,9999.000,9999.000,9999.000
202608140554,   1.584,9999.000,9999.000,9999.000,9999.000,9999.000,9999.000,9999.000,9999.000
202608140600,   1.542,9999.000,   0.500,   0.870,   2.912,   0.400,   2.812,   0.500,   2.912
202608140606,   1.499,9999.000,9999.000,9999.000,9999.000,9999.000,9999.000,9999.000,9999.000
202608140612,   1.456,9999.000,9999.000,9999.000,9999.000,9999.000,9999.000,9999.000,9999.000
202608140618,   1.412,9999.000,9999.000,9999.000,9999.000,9999.000,9999.000,9999.000,9999.000
202608140624,   1.368,9999.000,9999.000,9999.000,9999.000,9999.000,9999.000,9999.000,9999.000
202608140630,   1.323,9999.000,9999.000,9999.000,9999.000,9999.000,9999.000,9999.000,9999.000
202608140636,   1.277,9999.000,9999.000,9999.000,9999.000,9999.000,9999.000,9999.000,9999.000
202608140642,   1.231,9999.000,9999.000,9999.000,9999.000,9999.000,9999.000,9999.000,9999.000
202608140648,   1.185,9999.000,9999.000,9999.000,9999.000,9999.000,9999.000,9999.000,9999.000
202608140654,   1.137,9999.000,9999.000,9999.000,9999.000,9999.000,9999.000,9999.000,9999.000
202608140700,   1.090,9999.000,   0.500,   0.870,   2.460,   0.400,   2.360,   0.500,   2.460
202608140706,   1.041,9999.000,9999.000,9999.000,9999.000,9999.000,9999.000,9999.000,9999.000
202608140712,   0.992,9999.000,9999.000,9999.000,9999.000,9999.000,9999.000,9999.000,9999.000
202608140718,   0.943,9999.000,9999.000,9999.000,9999.000,9999.000,9999.000,9999.000,9999.000
202608140724,   0.893,9999.000,9999.000,9999.000,9999.000,9999.000,9999.000,9999.000,9999.000
202608140730,   0.843,9999.000,9999.000,9999.000,9999.000,9999.000,9999.000,9999.000,9999.000
202608140736,   0.793,9999.000,9999.000,9999.000,9999.000,9999.000,9999.000,9999.000,9999.000
202608140742,   0.742,9999.000,9999.000,9999.000,9999.000,9999.000,9999.000,9999.000,9999.000
202608140748,   0.692,9999.000,9999.000,9999.000,9999.000,9999.000,9999.000,9999.000,9999.000
202608140754,   0.642,9999.000,9999.000,9999.000,9999.000,9999.000,9999.000,9999.000,9999.000
202608140800,   0.591,9999.000,   0.500,   0.870,   1.961,   0.400,   1.861,   0.500,   1.961
202608140806,   0.542,9999.000,9999.000,9999.000,9999.000,9999.000,9999.000,9999.000,9999.000
202608140812,   0.493,9999.000,9999.000,9999.000,9999.000,9999.000,9999.000,9999.000,9999.000
202608140818,   0.444,9999.000,9999.000,9999.000,9999.000,9999.000,9999.000,9999.000,9999.000
202608140824,   0.397,9999.000,9999.000,9999.000,9999.000,9999.000,9999.000,9999.000,9999.000
202608140830,   0.350,9999.000,9999.000,9999.000,9999.000,9999.000,9999.000,9999.000,9999.000
202608140836,   0.305,9999.000,9999.000,9999.000,9999.000,9999.000,9999.000,9999.000,9999.000
202608140842,   0.262,9999.000,9999.000,9999.000,9999.000,9999.000,9999.000,9999.000,9999.000
202608140848,   0.220,9999.000,9999.000,9999.000,9999.000,9999.000,9999.000,9999.000,9999.000
202608140854,   0.181,9999.000,9999.000,9999.000,9999.000,9999.000,9999.000,9999.000,9999.000
202608140900,   0.144,9999.000,   0.500,   0.870,   1.514,   0.400,   1.414,   0.500,   1.514
202608140906,   0.109,9999.000,9999.000,9999.000,9999.000,9999.000,9999.000,9999.000,9999.000
202608140912,   0.078,9999.000,9999.000,9999.000,9999.000,9999.000,9999.000,9999.000,9999.000
202608140918,   0.049,9999.000,9999.000,9999.000,9999.000,9999.000,9999.000,9999.000,9999.000
202608140924,   0.024,9999.000,9999.000,9999.000,9999.000,9999.000,9999.000,9999.000,9999.000
202608140930,   0.002,9999.000,9999.000,9999.000,9999.000,9999.000,9999.000,9999.000,9999.000
202608140936,  -0.015,9999.000,9999.000,9999.000,9999.000,9999.000,9999.000,9999.000,9999.000
202608140942,  -0.030,9999.000,9999.000,9999.000,9999.000,9999.000,9999.000,9999.000,9999.000
202608140948,  -0.040,9999.000,9999.000,9999.000,9999.000,9999.000,9999.000,9999.000,9999.000
202608140954,  -0.046,9999.000,9999.000,9999.000,9999.000,9999.000,9999.000,9999.000,9999.000
202608141000,  -0.048,9999.000,   0.500,   0.870,   1.322,   0.400,   1.222,   0.500,   1.322
202608141006,  -0.046,9999.000,9999.000,9999.000,9999.000,9999.000,9999.000,9999.000,9999.000
202608141012,  -0.039,9999.000,9999.000,9999.000,9999.000,9999.000,9999.000,9999.000,9999.000
202608141018,  -0.028,9999.000,9999.000,9999.000,9999.000,9999.000,9999.000,9999.000,9999.000
202608141024,  -0.013,9999.000,9999.000,9999.000,9999.000,9999.000,9999.000,9999.000,9999.000
202608141030,   0.005,9999.000,9999.000,9999.000,9999.000,9999.000,9999.000,9999.000,9999.000
202608141036,   0.028,9999.000,9999.000,9999.000,9999.000,9999.000,9999.000,9999.000,9999.000
202608141042,   0.055,9999.000,9999.000,9999.000,9999.000,9999.000,9999.000,9999.000,9999.000
202608141048,   0.085,9999.000,9999.000,9999.000,9999.000,9999.000,9999.000,9999.000,9999.000
202608141054,   0.119,9999.000,9999.000,9999.000,9999.000,9999.000,9999.000,9999.000,9999.000
202608141100,   0.157,9999.000,   0.500,   0.870,   1.527,   0.400,   1.427,   0.500,   1.527
202608141106,   0.197,9999.000,9999.000,9999.000,9999.000,9999.000,9999.000,9999.000,9999.000
202608141112,   0.241,9999.000,9999.000,9999.000,9999.000,9999.000,9999.000,9999.000,9999.000
202608141118,   0.287,9999.000,9999.000,9999.000,9999.000,9999.000,9999.000,9999.000,9999.000
202608141124,   0.335,9999.000,9999.000,9999.000,9999.000,9999.000,9999.000,9999.000,9999.000
202608141130,   0.386,9999.000,9999.000,9999.000,9999.000,9999.000,9999.000,9999.000,9999.000
202608141136,   0.438,9999.000,9999.000,9999.000,9999.000,9999.000,9999.000,9999.000,9999.000
202608141142,   0.493,9999.000,9999.000,9999.000,9999.000,9999.000,9999.000,9999.000,9999.000
202608141148,   0.548,9999.000,9999.000,9999.000,9999.000,9999.000,9999.000,9999.000,9999.000
202608141154,   0.606,9999.000,9999.000,9999.000,9999.000,9999.000,9999.000,9999.000,9999.000
202608141200,   0.664,9999.000,   0.500,   0.870,   2.034,   0.400,   1.934,   0.500,   2.034
202608141206,   0.724,9999.000,9999.000,9999.000,9999.000,9999.000,9999.000,9999.000,9999.000
202608141212,   0.785,9999.000,9999.000,9999.000,9999.000,9999.000,9999.000,9999.000,9999.000
202608141218,   0.846,9999.000,9999.000,9999.000,9999.000,9999.000,9999.000,9999.000,9999.000
202608141224,   0.908,9999.000,9999.000,9999.000,9999.000,9999.000,9999.000,9999.000,9999.000
202608141230,   0.971,9999.000,9999.000,9999.000,9999.000,9999.000,9999.000,9999.000,9999.000
202608141236,   1.035,9999.000,9999.000,9999.000,9999.000,9999.000,9999.000,9999.000,9999.000
202608141242,   1.099,9999.000,9999.000,9999.000,9999.000,9999.000,9999.000,9999.000,9999.000
202608141248,   1.163,9999.000,9999.000,9999.000,9999.000,9999.000,9999.000,9999.000,9999.000
202608141254,   1.227,9999.000,9999.000,9999.000,9999.000,9999.000,9999.000,9999.000,9999.000
202608141300,   1.292,9999.000,   0.500,   0.870,   2.662,   0.400,   2.562,   0.500,   2.662
202608141306,   1.356,9999.000,9999.000,9999.000,9999.000,9999.000,9999.000,9999.000,9999.000
202608141312,   1.421,9999.000,9999.000,9999.000,9999.000,9999.000,9999.000,9999.000,9999.000
202608141318,   1.485,9999.000,9999.000,9999.000,9999.000,9999.000,9999.000,9999.000,9999.000
202608141324,   1.549,9999.000,9999.000,9999.000,9999.000,9999.000,9999.000,9999.000,9999.000
202608141330,   1.611,9999.000,9999.000,9999.000,9999.000,9999.000,9999.000,9999.000,9999.000
202608141336,   1.673,9999.000,9999.000,9999.000,9999.000,9999.000,9999.000,9999.000,9999.000
202608141342,   1.734,9999.000,9999.000,9999.000,9999.000,9999.000,9999.000,9999.000,9999.000
202608141348,   1.793,9999.000,9999.000,9999.000,9999.000,9999.000,9999.000,9999.000,9999.000
202608141354,   1.851,9999.000,9999.000,9999.000,9999.000,9999.000,9999.000,9999.000,9999.000
202608141400,   1.906,9999.000,   0.500,   0.870,   3.276,   0.400,   3.176,   0.600,   3.376
202608141406,   1.959,9999.000,9999.000,9999.000,9999.000,9999.000,9999.000,9999.000,9999.000
202608141412,   2.010,9999.000,9999.000,9999.000,9999.000,9999.000,9999.000,9999.000,9999.000
202608141418,   2.057,9999.000,9999.000,9999.000,9999.000,9999.000,9999.000,9999.000,9999.000
202608141424,   2.101,9999.000,9999.000,9999.000,9999.000,9999.000,9999.000,9999.000,9999.000
202608141430,   2.142,9999.000,9999.000,9999.000,9999.000,9999.000,9999.000,9999.000,9999.000
202608141436,   2.179,9999.000,9999.000,9999.000,9999.000,9999.000,9999.000,9999.000,9999.000
202608141442,   2.212,9999.000,9999.000,9999.000,9999.000,9999.000,9999.000,9999.000,9999.000
202608141448,   2.240,9999.000,9999.000,9999.000,9999.000,9999.000,9999.000,9999.000,9999.000
202608141454,   2.264,9999.000,9999.000,9999.000,9999.000,9999.000,9999.000,9999.000,9999.000
202608141500,   2.284,9999.000,   0.500,   0.870,   3.654,   0.300,   3.454,   0.600,   3.754
202608141506,   2.299,9999.000,9999.000,9999.000,9999.000,9999.000,9999.000,9999.000,9999.000
202608141512,   2.309,9999.000,9999.000,9999.000,9999.000,9999.000,9999.000,9999.000,9999.000
202608141518,   2.315,9999.000,9999.000,9999.000,9999.000,9999.000,9999.000,9999.000,9999.000
202608141524,   2.316,9999.000,9999.000,9999.000,9999.000,9999.000,9999.000,9999.000,9999.000
202608141530,   2.313,9999.000,9999.000,9999.000,9999.000,9999.000,9999.000,9999.000,9999.000
202608141536,   2.305,9999.000,9999.000,9999.000,9999.000,9999.000,9999.000,9999.000,9999.000
202608141542,   2.293,9999.000,9999.000,9999.000,9999.000,9999.000,9999.000,9999.000,9999.000
202608141548,   2.277,9999.000,9999.000,9999.000,9999.000,9999.000,9999.000,9999.000,9999.000
202608141554,   2.258,9999.000,9999.000,9999.000,9999.000,9999.000,9999.000,9999.000,9999.000
202608141600,   2.235,9999.000,   0.500,   0.870,   3.605,   0.300,   3.405,   0.600,   3.705
202608141606,   2.209,9999.000,9999.000,9999.000,9999.000,9999.000,9999.000,9999.000,9999.000
202608141612,   2.180,9999.000,9999.000,9999.000,9999.000,9999.000,9999.000,9999.000,9999.000
202608141618,   2.148,9999.000,9999.000,9999.000,9999.000,9999.000,9999.000,9999.000,9999.000
202608141624,   2.114,9999.000,9999.000,9999.000,9999.000,9999.000,9999.000,9999.000,9999.000
202608141630,   2.079,9999.000,9999.000,9999.000,9999.000,9999.000,9999.000,9999.000,9999.000
202608141636,   2.041,9999.000,9999.000,9999.000,9999.000,9999.000,9999.000,9999.000,9999.000
202608141642,   2.003,9999.000,9999.000,9999.000,9999.000,9999.000,9999.000,9999.000,9999.000
202608141648,   1.963,9999.000,9999.000,9999.000,9999.000,9999.000,9999.000,9999.000,9999.000
202608141654,   1.922,9999.000,9999.000,9999.000,9999.000,9999.000,9999.000,9999.000,9999.000
202608141700,   1.881,9999.000,   0.500,   0.870,   3.251,   0.400,   3.151,   0.600,   3.351
202608141706,   1.839,9999.000,9999.000,9999.000,9999.000,9999.000,9999.000,9999.000,9999.000
202608141712,   1.797,9999.000,9999.000,9999.000,9999.000,9999.000,9999.000,9999.000,9999.000
202608141718,   1.755,9999.000,9999.000,9999.000,9999.000,9999.000,9999.000,9999.000,9999.000
202608141724,   1.713,9999.000,9999.000,9999.000,9999.000,9999.000,9999.000,9999.000,9999.000
202608141730,   1.671,9999.000,9999.000,9999.000,9999.000,9999.000,9999.000,9999.000,9999.000
202608141736,   1.628,9999.000,9999.000,9999.000,9999.000,9999.000,9999.000,9999.000,9999.000
202608141742,   1.586,9999.000,9999.000,9999.000,9999.000,9999.000,9999.000,9999.000,9999.000
202608141748,   1.544,9999.000,9999.000,9999.000,9999.000,9999.000,9999.000,9999.000,9999.000
202608141754,   1.502,9999.000,9999.000,9999.000,9999.000,9999.000,9999.000,9999.000,9999.000
202608141800,   1.460,9999.000,   0.500,   0.870,   2.830,   0.400,   2.730,   0.600,   2.930
202608141806,   1.418,9999.000,9999.000,9999.000,9999.000,9999.000,9999.000,9999.000,9999.000
202608141812,   1.376,9999.000,9999.000,9999.000,9999.000,9999.000,9999.000,9999.000,9999.000
202608141818,   1.334,9999.000,9999.000,9999.000,9999.000,9999.000,9999.000,9999.000,9999.000
202608141824,   1.291,9999.000,9999.000,9999.000,9999.000,9999.000,9999.000,9999.000,9999.000
202608141830,   1.249,9999.000,9999.000,9999.000,9999.000,9999.000,9999.000,9999.000,9999.000
202608141836,   1.206,9999.000,9999.000,9999.000,9999.000,9999.000,9999.000,9999.000,9999.000
202608141842,   1.163,9999.000,9999.000,9999.000,9999.000,9999.000,9999.000,9999.000,9999.000
202608141848,   1.119,9999.000,9999.000,9999.000,9999.000,9999.000,9999.000,9999.000,9999.000
202608141854,   1.076,9999.000,9999.000,9999.000,9999.000,9999.000,9999.000,9999.000,9999.000
202608141900,   1.031,9999.000,   0.500,   0.870,   2.401,   0.400,   2.301,   0.600,   2.501
202608141906,   0.987,9999.000,9999.000,9999.000,9999.000,9999.000,9999.000,9999.000,9999.000
202608141912,   0.942,9999.000,9999.000,9999.000,9999.000,9999.000,9999.000,9999.000,9999.000
202608141918,   0.896,9999.000,9999.000,9999.000,9999.000,9999.000,9999.000,9999.000,9999.000
202608141924,   0.851,9999.000,9999.000,9999.000,9999.000,9999.000,9999.000,9999.000,9999.000
202608141930,   0.805,9999.000,9999.000,9999.000,9999.000,9999.000,9999.000,9999.000,9999.000
202608141936,   0.758,9999.000,9999.000,9999.000,9999.000,9999.000,9999.000,9999.000,9999.000
202608141942,   0.711,9999.000,9999.000,9999.000,9999.000,9999.000,9999.000,9999.000,9999.000
202608141948,   0.664,9999.000,9999.000,9999.000,9999.000,9999.000,9999.000,9999.000,9999.000
202608141954,   0.617,9999.000,9999.000,9999.000,9999.000,9999.000,9999.000,9999.000,9999.000
202608142000,   0.570,9999.000,   0.500,   0.870,   1.940,   0.400,   1.840,   0.600,   2.040
202608142006,   0.523,9999.000,9999.000,9999.000,9999.000,9999.000,9999.000,9999.000,9999.000
202608142012,   0.477,9999.000,9999.000,9999.000,9999.000,9999.000,9999.000,9999.000,9999.000
202608142018,   0.430,9999.000,9999.000,9999.000,9999.000,9999.000,9999.000,9999.000,9999.000
202608142024,   0.384,9999.000,9999.000,9999.000,9999.000,9999.000,9999.000,9999.000,9999.000
202608142030,   0.338,9999.000,9999.000,9999.000,9999.000,9999.000,9999.000,9999.000,9999.000
202608142036,   0.294,9999.000,9999.000,9999.000,9999.000,9999.000,9999.000,9999.000,9999.000
202608142042,   0.250,9999.000,9999.000,9999.000,9999.000,9999.000,9999.000,9999.000,9999.000
202608142048,   0.207,9999.000,9999.000,9999.000,9999.000,9999.000,9999.000,9999.000,9999.000
202608142054,   0.166,9999.000,9999.000,9999.000,9999.000,9999.000,9999.000,9999.000,9999.000
202608142100,   0.126,9999.000,   0.500,   0.870,   1.496,   0.400,   1.396,   0.600,   1.596
202608142106,   0.088,9999.000,9999.000,9999.000,9999.000,9999.000,9999.000,9999.000,9999.000
202608142112,   0.051,9999.000,9999.000,9999.000,9999.000,9999.000,9999.000,9999.000,9999.000
202608142118,   0.017,9999.000,9999.000,9999.000,9999.000,9999.000,9999.000,9999.000,9999.000
202608142124,  -0.013,9999.000,9999.000,9999.000,9999.000,9999.000,9999.000,9999.000,9999.000
202608142130,  -0.042,9999.000,9999.000,9999.000,9999.000,9999.000,9999.000,9999.000,9999.000
202608142136,  -0.068,9999.000,9999.000,9999.000,9999.000,9999.000,9999.000,9999.000,9999.000
202608142142,  -0.091,9999.000,9999.000,9999.000,9999.000,9999.000,9999.000,9999.000,9999.000
202608142148,  -0.110,9999.000,9999.000,9999.000,9999.000,9999.000,9999.000,9999.000,9999.000
202608142154,  -0.126,9999.000,9999.000,9999.000,9999.000,9999.000,9999.000,9999.000,9999.000
202608142200,  -0.139,9999.000,   0.500,   0.870,   1.231,   0.400,   1.131,   0.600,   1.331
202608142206,  -0.147,9999.000,9999.000,9999.000,9999.000,9999.000,9999.000,9999.000,9999.000
202608142212,  -0.151,9999.000,9999.000,9999.000,9999.000,9999.000,9999.000,9999.000,9999.000
202608142218,  -0.152,9999.000,9999.000,9999.000,9999.000,9999.000,9999.000,9999.000,9999.000
202608142224,  -0.148,9999.000,9999.000,9999.000,9999.000,9999.000,9999.000,9999.000,9999.000
202608142230,  -0.139,9999.000,9999.000,9999.000,9999.000,9999.000,9999.000,9999.000,9999.000
202608142236,  -0.127,9999.000,9999.000,9999.000,9999.000,9999.000,9999.000,9999.000,9999.000
202608142242,  -0.110,9999.000,9999.000,9999.000,9999.000,9999.000,9999.000,9999.000,9999.000
202608142248,  -0.090,9999.000,9999.000,9999.000,9999.000,9999.000,9999.000,9999.000,9999.000
202608142254,  -0.065,9999.000,9999.000,9999.000,9999.000,9999.000,9999.000,9999.000,9999.000
202608142300,  -0.036,9999.000,   0.500,   0.870,   1.334,   0.400,   1.234,   0.600,   1.434
202608142306,  -0.004,9999.000,9999.000,9999.000,9999.000,9999.000,9999.000,9999.000,9999.000
202608142312,   0.032,9999.000,9999.000,9999.000,9999.000,9999.000,9999.000,9999.000,9999.000
202608142318,   0.071,9999.000,9999.000,9999.000,9999.000,9999.000,9999.000,9999.000,9999.000
202608142324,   0.114,9999.000,9999.000,9999.000,9999.000,9999.000,9999.000,9999.000,9999.000
202608142330,   0.160,9999.000,9999.000,9999.000,9999.000,9999.000,9999.000,9999.000,9999.000
202608142336,   0.208,9999.000,9999.000,9999.000,9999.000,9999.000,9999.000,9999.000,9999.000
202608142342,   0.259,9999.000,9999.000,9999.000,9999.000,9999.000,9999.000,9999.000,9999.000
202608142348,   0.313,9999.000,9999.000,9999.000,9999.000,9999.000,9999.000,9999.000,9999.000
202608142354,   0.368,9999.000,9999.000,9999.000,9999.000,9999.000,9999.000,9999.000,9999.000
202608150000,   0.425,9999.000,   0.500,   0.870,   1.795,   0.400,   1.695,   0.600,   1.895
202608150006,   0.484,9999.000,9999.000,9999.000,9999.000,9999.000,9999.000,9999.000,9999.000
202608150012,   0.544,9999.000,9999.000,9999.000,9999.000,9999.000,9999.000,9999.000,9999.000
202608150018,   0.605,9999.000,9999.000,9999.000,9999.000,9999.000,9999.000,9999.000,9999.000
202608150024,   0.668,9999.000,9999.000,9999.000,9999.000,9999.000,9999.000,9999.000,9999.000
202608150030,   0.731,9999.000,9999.000,9999.000,9999.000,9999.000,9999.000,9999.000,9999.000
202608150036,   0.795,9999.000,9999.000,9999.000,9999.000,9999.000,9999.000,9999.000,9999.000
202608150042,   0.860,9999.000,9999.000,9999.000,9999.000,9999.000,9999.000,9999.000,9999.000
202608150048,   0.925,9999.000,9999.000,9999.000,9999.000,9999.000,9999.000,9999.000,9999.000
202608150054,   0.991,9999.000,9999.000,9999.000,9999.000,9999.000,9999.000,9999.000,9999.000
202608150100,   1.057,9999.000,   0.500,   0.870,   2.427,   0.400,   2.327,   0.600,   2.527
202608150106,   1.124,9999.000,9999.000,9999.000,9999.000,9999.000,9999.000,9999.000,9999.000
202608150112,   1.191,9999.000,9999.000,9999.000,9999.000,9999.000,9999.000,9999.000,9999.000
202608150118,   1.257,9999.000,9999.000,9999.000,9999.000,9999.000,9999.000,9999.000,9999.000
202608150124,   1.324,9999.000,9999.000,9999.000,9999.000,9999.000,9999.000,9999.000,9999.000
202608150130,   1.391,9999.000,9999.000,9999.000,9999.000,9999.000,9999.000,9999.000,9999.000
202608150136,   1.457,9999.000,9999.000,9999.000,9999.000,9999.000,9999.000,9999.000,9999.000
202608150142,   1.523,9999.000,9999.000,9999.000,9999.000,9999.000,9999.000,9999.000,9999.000
202608150148,   1.589,9999.000,9999.000,9999.000,9999.000,9999.000,9999.000,9999.000,9999.000
202608150154,   1.653,9999.000,9999.000,9999.000,9999.000,9999.000,9999.000,9999.000,9999.000
202608150200,   1.717,9999.000,   0.500,   0.870,   3.087,   0.400,   2.987,   0.700,   3.287
202608150206,   1.779,9999.000,9999.000,9999.000,9999.000,9999.000,9999.000,9999.000,9999.000
202608150212,   1.840,9999.000,9999.000,9999.000,9999.000,9999.000,9999.000,9999.000,9999.000
202608150218,   1.899,9999.000,9999.000,9999.000,9999.000,9999.000,9999.000,9999.000,9999.000
202608150224,   1.956,9999.000,9999.000,9999.000,9999.000,9999.000,9999.000,9999.000,9999.000
202608150230,   2.011,9999.000,9999.000,9999.000,9999.000,9999.000,9999.000,9999.000,9999.000
202608150236,   2.063,9999.000,9999.000,9999.000,9999.000,9999.000,9999.000,9999.000,9999.000
202608150242,   2.112,9999.000,9999.000,9999.000,9999.000,9999.000,9999.000,9999.000,9999.000
202608150248,   2.157,9999.000,9999.000,9999.000,9999.000,9999.000,9999.000,9999.000,9999.000
202608150254,   2.200,9999.000,9999.000,9999.000,9999.000,9999.000,9999.000,9999.000,9999.000
202608150300,   2.238,9999.000,   0.500,   0.870,   3.608,   0.400,   3.508,   0.700,   3.808
202608150306,   2.273,9999.000,9999.000,9999.000,9999.000,9999.000,9999.000,9999.000,9999.000
202608150312,   2.303,9999.000,9999.000,9999.000,9999.000,9999.000,9999.000,9999.000,9999.000
202608150318,   2.329,9999.000,9999.000,9999.000,9999.000,9999.000,9999.000,9999.000,9999.000
202608150324,   2.351,9999.000,9999.000,9999.000,9999.000,9999.000,9999.000,9999.000,9999.000
202608150330,   2.367,9999.000,9999.000,9999.000,9999.000,9999.000,9999.000,9999.000,9999.000
202608150336,   2.380,9999.000,9999.000,9999.000,9999.000,9999.000,9999.000,9999.000,9999.000
202608150342,   2.387,9999.000,9999.000,9999.000,9999.000,9999.000,9999.000,9999.000,9999.000
202608150348,   2.390,9999.000,9999.000,9999.000,9999.000,9999.000,9999.000,9999.000,9999.000
202608150354,   2.389,9999.000,9999.000,9999.000,9999.000,9999.000,9999.000,9999.000,9999.000
202608150400,   2.383,9999.000,   0.500,   0.870,   3.753,   0.500,   3.753,   0.700,   3.953
202608150406,   2.373,9999.000,9999.000,9999.000,9999.000,9999.000,9999.000,9999.000,9999.000
202608150412,   2.359,9999.000,9999.000,9999.000,9999.000,9999.000,9999.000,9999.000,9999.000
202608150418,   2.341,9999.000,9999.000,9999.000,9999.000,9999.000,9999.000,9999.000,9999.000
202608150424,   2.320,9999.000,9999.000,9999.000,9999.000,9999.000,9999.000,9999.000,9999.000
202608150430,   2.295,9999.000,9999.000,9999.000,9999.000,9999.000,9999.000,9999.000,9999.000
202608150436,   2.268,9999.000,9999.000,9999.000,9999.000,9999.000,9999.000,9999.000,9999.000
202608150442,   2.238,9999.000,9999.000,9999.000,9999.000,9999.000,9999.000,9999.000,9999.000
202608150448,   2.205,9999.000,9999.000,9999.000,9999.000,9999.000,9999.000,9999.000,9999.000
202608150454,   2.171,9999.000,9999.000,9999.000,9999.000,9999.000,9999.000,9999.000,9999.000
202608150500,   2.135,9999.000,   0.500,   0.870,   3.505,   0.400,   3.405,   0.700,   3.705
202608150506,   2.097,9999.000,9999.000,9999.000,9999.000,9999.000,9999.000,9999.000,9999.000
202608150512,   2.059,9999.000,9999.000,9999.000,9999.000,9999.000,9999.000,9999.000,9999.000
202608150518,   2.019,9999.000,9999.000,9999.000,9999.000,9999.000,9999.000,9999.000,9999.000
202608150524,   1.978,9999.000,9999.000,9999.000,9999.000,9999.000,9999.000,9999.000,9999.000
202608150530,   1.937,9999.000,9999.000,9999.000,9999.000,9999.000,9999.000,9999.000,9999.000
202608150536,   1.896,9999.000,9999.000,9999.000,9999.000,9999.000,9999.000,9999.000,9999.000
202608150542,   1.854,9999.000,9999.000,9999.000,9999.000,9999.000,9999.000,9999.000,9999.000
202608150548,   1.813,9999.000,9999.000,9999.000,9999.000,9999.000,9999.000,9999.000,9999.000
202608150554,   1.771,9999.000,9999.000,9999.000,9999.000,9999.000,9999.000,9999.000,9999.000
202608150600,   1.729,9999.000,   0.500,   0.870,   3.099,   0.400,   2.999,   0.600,   3.199
202608150606,   1.687,9999.000,9999.000,9999.000,9999.000,9999.000,9999.000,9999.000,9999.000
202608150612,   1.645,9999.000,9999.000,9999.000,9999.000,9999.000,9999.000,9999.000,9999.000
202608150618,   1.603,9999.000,9999.000,9999.000,9999.000,9999.000,9999.000,9999.000,9999.000
202608150624,   1.561,9999.000,9999.000,9999.000,9999.000,9999.000,9999.000,9999.000,9999.000
202608150630,   1.519,9999.000,9999.000,9999.000,9999.000,9999.000,9999.000,9999.000,9999.000
202608150636,   1.477,9999.000,9999.000,9999.000,9999.000,9999.000,9999.000,9999.000,9999.000
202608150642,   1.435,9999.000,9999.000,9999.000,9999.000,9999.000,9999.000,9999.000,9999.000
202608150648,   1.392,9999.000,9999.000,9999.000,9999.000,9999.000,9999.000,9999.000,9999.000
202608150654,   1.349,9999.000,9999.000,9999.000,9999.000,9999.000,9999.000,9999.000,9999.000
202608150700,   1.306,9999.000,   0.500,   0.870,   2.676,   0.400,   2.576,   0.600,   2.776
202608150706,   1.263,9999.000,9999.000,9999.000,9999.000,9999.000,9999.000,9999.000,9999.000
202608150712,   1.219,9999.000,9999.000,9999.000,9999.000,9999.000,9999.000,9999.000,9999.000
202608150718,   1.175,9999.000,9999.000,9999.000,9999.000,9999.000,9999.000,9999.000,9999.000
202608150724,   1.131,9999.000,9999.000,9999.000,9999.000,9999.000,9999.000,9999.000,9999.000
202608150730,   1.086,9999.000,9999.000,9999.000,9999.000,9999.000,9999.000,9999.000,9999.000
202608150736,   1.041,9999.000,9999.000,9999.000,9999.000,9999.000,9999.000,9999.000,9999.000
202608150742,   0.995,9999.000,9999.000,9999.000,9999.000,9999.000,9999.000,9999.000,9999.000
202608150748,   0.949,9999.000,9999.000,9999.000,9999.000,9999.000,9999.000,9999.000,9999.000
202608150754,   0.903,9999.000,9999.000,9999.000,9999.000,9999.000,9999.000,9999.000,9999.000
202608150800,   0.856,9999.000,   0.500,   0.870,   2.226,   0.400,   2.126,   0.600,   2.326
202608150806,   0.810,9999.000,9999.000,9999.000,9999.000,9999.000,9999.000,9999.000,9999.000
202608150812,   0.763,9999.000,9999.000,9999.000,9999.000,9999.000,9999.000,9999.000,9999.000
202608150818,   0.716,9999.000,9999.000,9999.000,9999.000,9999.000,9999.000,9999.000,9999.000
202608150824,   0.669,9999.000,9999.000,9999.000,9999.000,9999.000,9999.000,9999.000,9999.000
202608150830,   0.622,9999.000,9999.000,9999.000,9999.000,9999.000,9999.000,9999.000,9999.000
202608150836,   0.575,9999.000,9999.000,9999.000,9999.000,9999.000,9999.000,9999.000,9999.000
202608150842,   0.529,9999.000,9999.000,9999.000,9999.000,9999.000,9999.000,9999.000,9999.000
202608150848,   0.483,9999.000,9999.000,9999.000,9999.000,9999.000,9999.000,9999.000,9999.000
202608150854,   0.438,9999.000,9999.000,9999.000,9999.000,9999.000,9999.000,9999.000,9999.000
202608150900,   0.393,9999.000,   0.500,   0.870,   1.763,   0.400,   1.663,   0.600,   1.863
202608150906,   0.350,9999.000,9999.000,9999.000,9999.000,9999.000,9999.000,9999.000,9999.000
202608150912,   0.307,9999.000,9999.000,9999.000,9999.000,9999.000,9999.000,9999.000,9999.000
202608150918,   0.266,9999.000,9999.000,9999.000,9999.000,9999.000,9999.000,9999.000,9999.000
202608150924,   0.227,9999.000,9999.000,9999.000,9999.000,9999.000,9999.000,9999.000,9999.000
202608150930,   0.190,9999.000,9999.000,9999.000,9999.000,9999.000,9999.000,9999.000,9999.000
202608150936,   0.154,9999.000,9999.000,9999.000,9999.000,9999.000,9999.000,9999.000,9999.000
202608150942,   0.121,9999.000,9999.000,9999.000,9999.000,9999.000,9999.000,9999.000,9999.000
202608150948,   0.090,9999.000,9999.000,9999.000,9999.000,9999.000,9999.000,9999.000,9999.000
202608150954,   0.061,9999.000,9999.000,9999.000,9999.000,9999.000,9999.000,9999.000,9999.000
202608151000,   0.036,9999.000,   0.500,   0.870,   1.406,   0.400,   1.306,   0.600,   1.506
202608151006,   0.014,9999.000,9999.000,9999.000,9999.000,9999.000,9999.000,9999.000,9999.000
202608151012,  -0.004,9999.000,9999.000,9999.000,9999.000,9999.000,9999.000,9999.000,9999.000
202608151018,  -0.019,9999.000,9999.000,9999.000,9999.000,9999.000,9999.000,9999.000,9999.000
202608151024,  -0.031,9999.000,9999.000,9999.000,9999.000,9999.000,9999.000,9999.000,9999.000
202608151030,  -0.039,9999.000,9999.000,9999.000,9999.000,9999.000,9999.000,9999.000,9999.000
202608151036,  -0.043,9999.000,9999.000,9999.000,9999.000,9999.000,9999.000,9999.000,9999.000
202608151042,  -0.042,9999.000,9999.000,9999.000,9999.000,9999.000,9999.000,9999.000,9999.000
202608151048,  -0.038,9999.000,9999.000,9999.000,9999.000,9999.000,9999.000,9999.000,9999.000
202608151054,  -0.030,9999.000,9999.000,9999.000,9999.000,9999.000,9999.000,9999.000,9999.000
202608151100,  -0.017,9999.000,   0.500,   0.870,   1.353,   0.400,   1.253,   0.600,   1.453
202608151106,   0.000,9999.000,9999.000,9999.000,9999.000,9999.000,9999.000,9999.000,9999.000
202608151112,   0.020,9999.000,9999.000,9999.000,9999.000,9999.000,9999.000,9999.000,9999.000
202608151118,   0.044,9999.000,9999.000,9999.000,9999.000,9999.000,9999.000,9999.000,9999.000
202608151124,   0.073,9999.000,9999.000,9999.000,9999.000,9999.000,9999.000,9999.000,9999.000
202608151130,   0.105,9999.000,9999.000,9999.000,9999.000,9999.000,9999.000,9999.000,9999.000
202608151136,   0.141,9999.000,9999.000,9999.000,9999.000,9999.000,9999.000,9999.000,9999.000
202608151142,   0.180,9999.000,9999.000,9999.000,9999.000,9999.000,9999.000,9999.000,9999.000
202608151148,   0.222,9999.000,9999.000,9999.000,9999.000,9999.000,9999.000,9999.000,9999.000
202608151154,   0.267,9999.000,9999.000,9999.000,9999.000,9999.000,9999.000,9999.000,9999.000
202608151200,   0.315,9999.000,   0.500,   0.870,   1.685,   0.400,   1.585,   0.700,   1.885
202608151206,   0.365,9999.000,9999.000,9999.000,9999.000,9999.000,9999.000,9999.000,9999.000
202608151212,   0.417,9999.000,9999.000,9999.000,9999.000,9999.000,9999.000,9999.000,9999.000
202608151218,   0.471,9999.000,9999.000,9999.000,9999.000,9999.000,9999.000,9999.000,9999.000
202608151224,   0.526,9999.000,9999.000,9999.000,9999.000,9999.000,9999.000,9999.000,9999.000
202608151230,   0.583,9999.000,9999.000,9999.000,9999.000,9999.000,9999.000,9999.000,9999.000
202608151236,   0.642,9999.000,9999.000,9999.000,9999.000,9999.000,9999.000,9999.000,9999.000
202608151242,   0.701,9999.000,9999.000,9999.000,9999.000,9999.000,9999.000,9999.000,9999.000
202608151248,   0.761,9999.000,9999.000,9999.000,9999.000,9999.000,9999.000,9999.000,9999.000
202608151254,   0.822,9999.000,9999.000,9999.000,9999.000,9999.000,9999.000,9999.000,9999.000
202608151300,   0.884,9999.000,   0.600,   0.870,   2.354,   0.400,   2.154,   0.700,   2.454
202608151306,   0.946,9999.000,9999.000,9999.000,9999.000,9999.000,9999.000,9999.000,9999.000
202608151312,   1.008,9999.000,9999.000,9999.000,9999.000,9999.000,9999.000,9999.000,9999.000
202608151318,   1.071,9999.000,9999.000,9999.000,9999.000,9999.000,9999.000,9999.000,9999.000
202608151324,   1.133,9999.000,9999.000,9999.000,9999.000,9999.000,9999.000,9999.000,9999.000
202608151330,   1.196,9999.000,9999.000,9999.000,9999.000,9999.000,9999.000,9999.000,9999.000
202608151336,   1.259,9999.000,9999.000,9999.000,9999.000,9999.000,9999.000,9999.000,9999.000
202608151342,   1.322,9999.000,9999.000,9999.000,9999.000,9999.000,9999.000,9999.000,9999.000
202608151348,   1.385,9999.000,9999.000,9999.000,9999.000,9999.000,9999.000,9999.000,9999.000
202608151354,   1.448,9999.000,9999.000,9999.000,9999.000,9999.000,9999.000,9999.000,9999.000
202608151400,   1.510,9999.000,   0.500,   0.870,   2.880,   0.400,   2.780,   0.700,   3.080
202608151406,   1.572,9999.000,9999.000,9999.000,9999.000,9999.000,9999.000,9999.000,9999.000
202608151412,   1.633,9999.000,9999.000,9999.000,9999.000,9999.000,9999.000,9999.000,9999.000
202608151418,   1.694,9999.000,9999.000,9999.000,9999.000,9999.000,9999.000,9999.000,9999.000
202608151424,   1.753,9999.000,9999.000,9999.000,9999.000,9999.000,9999.000,9999.000,9999.000
202608151430,   1.811,9999.000,9999.000,9999.000,9999.000,9999.000,9999.000,9999.000,9999.000
202608151436,   1.868,9999.000,9999.000,9999.000,9999.000,9999.000,9999.000,9999.000,9999.000
202608151442,   1.922,9999.000,9999.000,9999.000,9999.000,9999.000,9999.000,9999.000,9999.000
202608151448,   1.975,9999.000,9999.000,9999.000,9999.000,9999.000,9999.000,9999.000,9999.000
202608151454,   2.026,9999.000,9999.000,9999.000,9999.000,9999.000,9999.000,9999.000,9999.000
202608151500,   2.074,9999.000,   0.600,   0.870,   3.544,   0.400,   3.344,   0.700,   3.644
202608151506,   2.119,9999.000,9999.000,9999.000,9999.000,9999.000,9999.000,9999.000,9999.000
202608151512,   2.161,9999.000,9999.000,9999.000,9999.000,9999.000,9999.000,9999.000,9999.000
202608151518,   2.200,9999.000,9999.000,9999.000,9999.000,9999.000,9999.000,9999.000,9999.000
202608151524,   2.235,9999.000,9999.000,9999.000,9999.000,9999.000,9999.000,9999.000,9999.000
202608151530,   2.266,9999.000,9999.000,9999.000,9999.000,9999.000,9999.000,9999.000,9999.000
202608151536,   2.293,9999.000,9999.000,9999.000,9999.000,9999.000,9999.000,9999.000,9999.000
202608151542,   2.316,9999.000,9999.000,9999.000,9999.000,9999.000,9999.000,9999.000,9999.000
202608151548,   2.335,9999.000,9999.000,9999.000,9999.000,9999.000,9999.000,9999.000,9999.000
202608151554,   2.349,9999.000,9999.000,9999.000,9999.000,9999.000,9999.000,9999.000,9999.000
202608151600,   2.358,9999.000,   0.600,   0.870,   3.828,   0.400,   3.628,   0.700,   3.928
202608151606,   2.363,9999.000,9999.000,9999.000,9999.000,9999.000,9999.000,9999.000,9999.000
202608151612,   2.364,9999.000,9999.000,9999.000,9999.000,9999.000,9999.000,9999.000,9999.000
202608151618,   2.360,9999.000,9999.000,9999.000,9999.000,9999.000,9999.000,9999.000,9999.000
202608151624,   2.352,9999.000,9999.000,9999.000,9999.000,9999.000,9999.000,9999.000,9999.000
202608151630,   2.339,9999.000,9999.000,9999.000,9999.000,9999.000,9999.000,9999.000,9999.000
202608151636,   2.323,9999.000,9999.000,9999.000,9999.000,9999.000,9999.000,9999.000,9999.000
202608151642,   2.303,9999.000,9999.000,9999.000,9999.000,9999.000,9999.000,9999.000,9999.000
202608151648,   2.280,9999.000,9999.000,9999.000,9999.000,9999.000,9999.000,9999.000,9999.000
202608151654,   2.254,9999.000,9999.000,9999.000,9999.000,9999.000,9999.000,9999.000,9999.000
202608151700,   2.224,9999.000,   0.600,   0.870,   3.694,   0.400,   3.494,   0.700,   3.794
202608151706,   2.192,9999.000,9999.000,9999.000,9999.000,9999.000,9999.000,9999.000,9999.000
202608151712,   2.158,9999.000,9999.000,9999.000,9999.000,9999.000,9999.000,9999.000,9999.000
202608151718,   2.122,9999.000,9999.000,9999.000,9999.000,9999.000,9999.000,9999.000,9999.000
202608151724,   2.084,9999.000,9999.000,9999.000,9999.000,9999.000,9999.000,9999.000,9999.000
202608151730,   2.045,9999.000,9999.000,9999.000,9999.000,9999.000,9999.000,9999.000,9999.000
202608151736,   2.005,9999.000,9999.000,9999.000,9999.000,9999.000,9999.000,9999.000,9999.000
202608151742,   1.964,9999.000,9999.000,9999.000,9999.000,9999.000,9999.000,9999.000,9999.000
202608151748,   1.922,9999.000,9999.000,9999.000,9999.000,9999.000,9999.000,9999.000,9999.000
202608151754,   1.879,9999.000,9999.000,9999.000,9999.000,9999.000,9999.000,9999.000,9999.000
202608151800,   1.837,9999.000,   0.600,   0.870,   3.307,   0.400,   3.107,   0.800,   3.507
202608151806,   1.794,9999.000,9999.000,9999.000,9999.000,9999.000,9999.000,9999.000,9999.000
202608151812,   1.751,9999.000,9999.000,9999.000,9999.000,9999.000,9999.000,9999.000,9999.000
202608151818,   1.708,9999.000,9999.000,9999.000,9999.000,9999.000,9999.000,9999.000,9999.000
202608151824,   1.664,9999.000,9999.000,9999.000,9999.000,9999.000,9999.000,9999.000,9999.000
202608151830,   1.621,9999.000,9999.000,9999.000,9999.000,9999.000,9999.000,9999.000,9999.000
202608151836,   1.579,9999.000,9999.000,9999.000,9999.000,9999.000,9999.000,9999.000,9999.000
202608151842,   1.536,9999.000,9999.000,9999.000,9999.000,9999.000,9999.000,9999.000,9999.000
202608151848,   1.493,9999.000,9999.000,9999.000,9999.000,9999.000,9999.000,9999.000,9999.000
202608151854,   1.450,9999.000,9999.000,9999.000,9999.000,9999.000,9999.000,9999.000,9999.000
202608151900,   1.407,9999.000,   0.600,   0.870,   2.877,   0.400,   2.677,   0.700,   2.977
202608151906,   1.364,9999.000,9999.000,9999.000,9999.000,9999.000,9999.000,9999.000,9999.000
202608151912,   1.321,9999.000,9999.000,9999.000,9999.000,9999.000,9999.000,9999.000,9999.000
202608151918,   1.278,9999.000,9999.000,9999.000,9999.000,9999.000,9999.000,9999.000,9999.000
202608151924,   1.235,9999.000,9999.000,9999.000,9999.000,9999.000,9999.000,9999.000,9999.000
202608151930,   1.191,9999.000,9999.000,9999.000,9999.000,9999.000,9999.000,9999.000,9999.000
202608151936,   1.147,9999.000,9999.000,9999.000,9999.000,9999.000,9999.000,9999.000,9999.000
202608151942,   1.103,9999.000,9999.000,9999.000,9999.000,9999.000,9999.000,9999.000,9999.000
202608151948,   1.059,9999.000,9999.000,9999.000,9999.000,9999.000,9999.000,9999.000,9999.000
202608151954,   1.014,9999.000,9999.000,9999.000,9999.000,9999.000,9999.000,9999.000,9999.000
202608152000,   0.969,9999.000,   0.600,   0.870,   2.439,   0.400,   2.239,   0.800,   2.639
202608152006,   0.924,9999.000,9999.000,9999.000,9999.000,9999.000,9999.000,9999.000,9999.000
202608152012,   0.878,9999.000,9999.000,9999.000,9999.000,9999.000,9999.000,9999.000,9999.000
202608152018,   0.832,9999.000,9999.000,9999.000,9999.000,9999.000,9999.000,9999.000,9999.000
202608152024,   0.786,9999.000,9999.000,9999.000,9999.000,9999.000,9999.000,9999.000,9999.000
202608152030,   0.740,9999.000,9999.000,9999.000,9999.000,9999.000,9999.000,9999.000,9999.000
202608152036,   0.694,9999.000,9999.000,9999.000,9999.000,9999.000,9999.000,9999.000,9999.000
202608152042,   0.647,9999.000,9999.000,9999.000,9999.000,9999.000,9999.000,9999.000,9999.000
202608152048,   0.601,9999.000,9999.000,9999.000,9999.000,9999.000,9999.000,9999.000,9999.000
202608152054,   0.555,9999.000,9999.000,9999.000,9999.000,9999.000,9999.000,9999.000,9999.000
202608152100,   0.510,9999.000,   0.600,   0.870,   1.980,   0.400,   1.780,   0.800,   2.180
202608152106,   0.464,9999.000,9999.000,9999.000,9999.000,9999.000,9999.000,9999.000,9999.000
202608152112,   0.420,9999.000,9999.000,9999.000,9999.000,9999.000,9999.000,9999.000,9999.000
202608152118,   0.376,9999.000,9999.000,9999.000,9999.000,9999.000,9999.000,9999.000,9999.000
202608152124,   0.333,9999.000,9999.000,9999.000,9999.000,9999.000,9999.000,9999.000,9999.000
202608152130,   0.291,9999.000,9999.000,9999.000,9999.000,9999.000,9999.000,9999.000,9999.000
202608152136,   0.250,9999.000,9999.000,9999.000,9999.000,9999.000,9999.000,9999.000,9999.000
202608152142,   0.210,9999.000,9999.000,9999.000,9999.000,9999.000,9999.000,9999.000,9999.000
202608152148,   0.173,9999.000,9999.000,9999.000,9999.000,9999.000,9999.000,9999.000,9999.000
202608152154,   0.136,9999.000,9999.000,9999.000,9999.000,9999.000,9999.000,9999.000,9999.000
202608152200,   0.102,9999.000,   0.600,   0.870,   1.572,   0.400,   1.372,   0.800,   1.772
202608152206,   0.070,9999.000,9999.000,9999.000,9999.000,9999.000,9999.000,9999.000,9999.000
202608152212,   0.041,9999.000,9999.000,9999.000,9999.000,9999.000,9999.000,9999.000,9999.000
202608152218,   0.014,9999.000,9999.000,9999.000,9999.000,9999.000,9999.000,9999.000,9999.000
202608152224,  -0.009,9999.000,9999.000,9999.000,9999.000,9999.000,9999.000,9999.000,9999.000
202608152230,  -0.030,9999.000,9999.000,9999.000,9999.000,9999.000,9999.000,9999.000,9999.000
202608152236,  -0.047,9999.000,9999.000,9999.000,9999.000,9999.000,9999.000,9999.000,9999.000
202608152242,  -0.061,9999.000,9999.000,9999.000,9999.000,9999.000,9999.000,9999.000,9999.000
202608152248,  -0.072,9999.000,9999.000,9999.000,9999.000,9999.000,9999.000,9999.000,9999.000
202608152254,  -0.079,9999.000,9999.000,9999.000,9999.000,9999.000,9999.000,9999.000,9999.000
202608152300,  -0.082,9999.000,   0.600,   0.870,   1.388,   0.400,   1.188,   0.800,   1.588
202608152306,  -0.081,9999.000,9999.000,9999.000,9999.000,9999.000,9999.000,9999.000,9999.000
202608152312,  -0.076,9999.000,9999.000,9999.000,9999.000,9999.000,9999.000,9999.000,9999.000
202608152318,  -0.067,9999.000,9999.000,9999.000,9999.000,9999.000,9999.000,9999.000,9999.000
202608152324,  -0.053,9999.000,9999.000,9999.000,9999.000,9999.000,9999.000,9999.000,9999.000
202608152330,  -0.036,9999.000,9999.000,9999.000,9999.000,9999.000,9999.000,9999.000,9999.000
202608152336,  -0.015,9999.000,9999.000,9999.000,9999.000,9999.000,9999.000,9999.000,9999.000
202608152342,   0.008,9999.000,9999.000,9999.000,9999.000,9999.000,9999.000,9999.000,9999.000
202608152348,   0.037,9999.000,9999.000,9999.000,9999.000,9999.000,9999.000,9999.000,9999.000
202608152354,   0.069,9999.000,9999.000,9999.000,9999.000,9999.000,9999.000,9999.000,9999.000
202608160000,   0.104,9999.000,   0.600,   0.870,   1.574,   0.400,   1.374,   0.800,   1.774
