        TIME,    TIDE,      OB,   SURGE,    BIAS,     TWL,SURGE90p,  TWL90p,SURGE10p,   TWL10p
202603180600,   0.652,   0.580,  -0.700,   0.628,   0.580,  -0.800,   0.480,  -0.600,   0.680
202603180606,   0.630,9999.000,9999.000,9999.000,9999.000,9999.000,9999.000,9999.000,9999.000
202603180612,   0.608,   0.541,9999.000,9999.000,9999.000,9999.000,9999.000,9999.000,9999.000
202603180618,   0.586,9999.000,9999.000,9999.000,9999.000,9999.000,9999.000,9999.000,9999.000
202603180624,   0.565,   0.478,9999.000,9999.000,9999.000,9999.000,9999.000,9999.000,9999.000
202603180630,   0.543,9999.000,9999.000,9999.000,9999.000,9999.000,9999.000,9999.000,9999.000
202603180636,   0.522,   0.409,9999.000,9999.000,9999.000,9999.000,9999.000,9999.000,9999.000
202603180642,   0.502,9999.000,9999.000,9999.000,9999.000,9999.000,9999.000,9999.000,9999.000
202603180648,   0.481,   0.400,9999.000,9999.000,9999.000,9999.000,9999.000,9999.000,9999.000
202603180654,   0.461,9999.000,9999.000,9999.000,9999.000,9999.000,9999.000,9999.000,9999.000
202603180700,   0.441,   0.308,  -0.600,   0.467,   0.308,  -0.700,   0.208,  -0.600,   0.308
202603180706,   0.421,   0.259,9999.000,9999.000,9999.000,9999.000,9999.000,9999.000,9999.000
202603180712,   0.402,   0.239,9999.000,9999.000,9999.000,9999.000,9999.000,9999.000,9999.000
202603180718,   0.383,   0.200,9999.000,9999.000,9999.000,9999.000,9999.000,9999.000,9999.000
202603180724,   0.364,   0.200,9999.000,9999.000,9999.000,9999.000,9999.000,9999.000,9999.000
202603180730,   0.346,   0.209,9999.000,9999.000,9999.000,9999.000,9999.000,9999.000,9999.000
202603180736,   0.328,   0.200,9999.000,9999.000,9999.000,9999.000,9999.000,9999.000,9999.000
202603180742,   0.310,   0.160,9999.000,9999.000,9999.000,9999.000,9999.000,9999.000,9999.000
202603180748,   0.293,   0.098,9999.000,9999.000,9999.000,9999.000,9999.000,9999.000,9999.000
202603180754,   0.276,   0.068,9999.000,9999.000,9999.000,9999.000,9999.000,9999.000,9999.000
202603180800,   0.260,   0.049,  -0.600,   0.389,   0.049,  -0.700,  -0.051,  -0.500,   0.149
202603180806,   0.245,   0.039,9999.000,9999.000,9999.000,9999.000,9999.000,9999.000,9999.000
202603180812,   0.230,   0.019,9999.000,9999.000,9999.000,9999.000,9999.000,9999.000,9999.000
202603180818,   0.216,  -0.009,9999.000,9999.000,9999.000,9999.000,9999.000,9999.000,9999.000
202603180824,   0.202,  -0.029,9999.000,9999.000,9999.000,9999.000,9999.000,9999.000,9999.000
202603180830,   0.190,  -0.059,9999.000,9999.000,9999.000,9999.000,9999.000,9999.000,9999.000
202603180836,   0.178,  -0.078,9999.000,9999.000,9999.000,9999.000,9999.000,9999.000,9999.000
202603180842,   0.168,  -0.088,9999.000,9999.000,9999.000,9999.000,9999.000,9999.000,9999.000
202603180848,   0.158,  -0.078,9999.000,9999.000,9999.000,9999.000,9999.000,9999.000,9999.000
202603180854,   0.150,  -0.068,9999.000,9999.000,9999.000,9999.000,9999.000,9999.000,9999.000
202603180900,   0.143,  -0.078,  -0.600,   0.379,  -0.078,  -0.700,  -0.178,  -0.500,   0.022
202603180906,   0.137,  -0.098,9999.000,9999.000,9999.000,9999.000,9999.000,9999.000,9999.000
202603180912,   0.132,  -0.131,9999.000,9999.000,9999.000,9999.000,9999.000,9999.000,9999.000
202603180918,   0.129,  -0.200,9999.000,9999.000,9999.000,9999.000,9999.000,9999.000,9999.000
202603180924,   0.128,  -0.200,9999.000,9999.000,9999.000,9999.000,9999.000,9999.000,9999.000
202603180930,   0.128,  -0.200,9999.000,9999.000,9999.000,9999.000,9999.000,9999.000,9999.000
202603180936,   0.129,  -0.190,9999.000,9999.000,9999.000,9999.000,9999.000,9999.000,9999.000
202603180942,   0.132,  -0.180,9999.000,9999.000,9999.000,9999.000,9999.000,9999.000,9999.000
202603180948,   0.137,  -0.190,9999.000,9999.000,9999.000,9999.000,9999.000,9999.000,9999.000
202603180954,   0.143,  -0.160,9999.000,9999.000,9999.000,9999.000,9999.000,9999.000,9999.000
202603181000,   0.151,  -0.200,  -0.500,   0.149,  -0.200,  -0.600,  -0.300,  -0.400,  -0.100
202603181006,   0.161,  -0.190,9999.000,9999.000,9999.000,9999.000,9999.000,9999.000,9999.000
202603181012,   0.172,  -0.219,9999.000,9999.000,9999.000,9999.000,9999.000,9999.000,9999.000
202603181018,   0.185,  -0.160,9999.000,9999.000,9999.000,9999.000,9999.000,9999.000,9999.000
202603181024,   0.200,  -0.180,9999.000,9999.000,9999.000,9999.000,9999.000,9999.000,9999.000
202603181030,   0.215,  -0.141,9999.000,9999.000,9999.000,9999.000,9999.000,9999.000,9999.000
202603181036,   0.233,  -0.111,9999.000,9999.000,9999.000,9999.000,9999.000,9999.000,9999.000
202603181042,   0.251,  -0.078,9999.000,9999.000,9999.000,9999.000,9999.000,9999.000,9999.000
202603181048,   0.271,  -0.059,9999.000,9999.000,9999.000,9999.000,9999.000,9999.000,9999.000
202603181054,   0.292,  -0.059,9999.000,9999.000,9999.000,9999.000,9999.000,9999.000,9999.000
202603181100,   0.314,  -0.019,  -0.500,   0.167,  -0.019,  -0.500,  -0.019,  -0.400,   0.081
202603181106,   0.337,   0.000,9999.000,9999.000,9999.000,9999.000,9999.000,9999.000,9999.000
202603181112,   0.360,   0.039,9999.000,9999.000,9999.000,9999.000,9999.000,9999.000,9999.000
202603181118,   0.385,   0.049,9999.000,9999.000,9999.000,9999.000,9999.000,9999.000,9999.000
202603181124,   0.410,   0.088,9999.000,9999.000,9999.000,9999.000,9999.000,9999.000,9999.000
202603181130,   0.435,   0.088,9999.000,9999.000,9999.000,9999.000,9999.000,9999.000,9999.000
202603181136,   0.461,   0.121,9999.000,9999.000,9999.000,9999.000,9999.000,9999.000,9999.000
202603181142,   0.487,   0.131,9999.000,9999.000,9999.000,9999.000,9999.000,9999.000,9999.000
202603181148,   0.514,   0.141,9999.000,9999.000,9999.000,9999.000,9999.000,9999.000,9999.000
202603181154,   0.541,   0.190,9999.000,9999.000,9999.000,9999.000,9999.000,9999.000,9999.000
202603181200,   0.568,   0.209,  -0.600,   0.241,   0.209,  -0.700,   0.109,  -0.600,   0.209
202603181206,   0.594,   0.229,9999.000,9999.000,9999.000,9999.000,9999.000,9999.000,9999.000
202603181212,   0.621,   0.239,9999.000,9999.000,9999.000,9999.000,9999.000,9999.000,9999.000
202603181218,   0.648,   0.268,9999.000,9999.000,9999.000,9999.000,9999.000,9999.000,9999.000
202603181224,   0.675,   0.298,9999.000,9999.000,9999.000,9999.000,9999.000,9999.000,9999.000
202603181230,   0.702,   0.341,9999.000,9999.000,9999.000,9999.000,9999.000,9999.000,9999.000
202603181236,   0.728,   0.360,9999.000,9999.000,9999.000,9999.000,9999.000,9999.000,9999.000
202603181242,   0.755,   0.409,9999.000,9999.000,9999.000,9999.000,9999.000,9999.000,9999.000
202603181248,   0.781,   0.409,9999.000,9999.000,9999.000,9999.000,9999.000,9999.000,9999.000
202603181254,   0.807,   0.469,9999.000,9999.000,9999.000,9999.000,9999.000,9999.000,9999.000
202603181300,   0.832,   0.469,  -0.600,   0.237,   0.469,  -0.600,   0.469,  -0.500,   0.569
202603181306,   0.858,   0.531,9999.000,9999.000,9999.000,9999.000,9999.000,9999.000,9999.000
202603181312,   0.883,   0.531,9999.000,9999.000,9999.000,9999.000,9999.000,9999.000,9999.000
202603181318,   0.907,   0.570,9999.000,9999.000,9999.000,9999.000,9999.000,9999.000,9999.000
202603181324,   0.932,   0.610,9999.000,9999.000,9999.000,9999.000,9999.000,9999.000,9999.000
202603181330,   0.955,   0.600,9999.000,9999.000,9999.000,9999.000,9999.000,9999.000,9999.000
202603181336,   0.979,   0.659,9999.000,9999.000,9999.000,9999.000,9999.000,9999.000,9999.000
202603181342,   1.001,   0.619,9999.000,9999.000,9999.000,9999.000,9999.000,9999.000,9999.000
202603181348,   1.023,   0.718,9999.000,9999.000,9999.000,9999.000,9999.000,9999.000,9999.000
202603181354,   1.044,   0.669,9999.000,9999.000,9999.000,9999.000,9999.000,9999.000,9999.000
202603181400,   1.064,   0.741,  -0.500,   0.177,   0.741,  -0.600,   0.641,  -0.500,   0.741
202603181406,   1.083,   0.760,9999.000,9999.000,9999.000,9999.000,9999.000,9999.000,9999.000
202603181412,   1.101,   0.751,9999.000,9999.000,9999.000,9999.000,9999.000,9999.000,9999.000
202603181418,   1.118,   0.780,9999.000,9999.000,9999.000,9999.000,9999.000,9999.000,9999.000
202603181424,   1.134,   0.829,9999.000,9999.000,9999.000,9999.000,9999.000,9999.000,9999.000
202603181430,   1.148,   0.760,9999.000,9999.000,9999.000,9999.000,9999.000,9999.000,9999.000
202603181436,   1.161,   0.839,9999.000,9999.000,9999.000,9999.000,9999.000,9999.000,9999.000
202603181442,   1.172,   0.800,9999.000,9999.000,9999.000,9999.000,9999.000,9999.000,9999.000
202603181448,   1.181,   0.849,9999.000,9999.000,9999.000,9999.000,9999.000,9999.000,9999.000
202603181454,   1.189,   0.770,9999.000,9999.000,9999.000,9999.000,9999.000,9999.000,9999.000
202603181500,   1.195,   0.849,  -0.400,   0.054,   0.849,  -0.500,   0.749,  -0.400,   0.849
202603181506,   1.199,   0.849,9999.000,9999.000,9999.000,9999.000,9999.000,9999.000,9999.000
202603181512,   1.202,   0.770,9999.000,9999.000,9999.000,9999.000,9999.000,9999.000,9999.000
202603181518,   1.202,   0.810,9999.000,9999.000,9999.000,9999.000,9999.000,9999.000,9999.000
202603181524,   1.201,   0.800,9999.000,9999.000,9999.000,9999.000,9999.000,9999.000,9999.000
202603181530,   1.198,   0.741,9999.000,9999.000,9999.000,9999.000,9999.000,9999.000,9999.000
202603181536,   1.193,   0.780,9999.000,9999.000,9999.000,9999.000,9999.000,9999.000,9999.000
202603181542,   1.186,   0.770,9999.000,9999.000,9999.000,9999.000,9999.000,9999.000,9999.000
202603181548,   1.177,   0.760,9999.000,9999.000,9999.000,9999.000,9999.000,9999.000,9999.000
202603181554,   1.167,   0.688,9999.000,9999.000,9999.000,9999.000,9999.000,9999.000,9999.000
202603181600,   1.156,   0.629,  -0.300,  -0.227,   0.629,  -0.400,   0.529,  -0.300,   0.629
202603181606,   1.143,   0.659,9999.000,9999.000,9999.000,9999.000,9999.000,9999.000,9999.000
202603181612,   1.129,   0.600,9999.000,9999.000,9999.000,9999.000,9999.000,9999.000,9999.000
202603181618,   1.113,   0.590,9999.000,9999.000,9999.000,9999.000,9999.000,9999.000,9999.000
202603181624,   1.097,   0.600,9999.000,9999.000,9999.000,9999.000,9999.000,9999.000,9999.000
202603181630,   1.079,   0.531,9999.000,9999.000,9999.000,9999.000,9999.000,9999.000,9999.000
202603181636,   1.060,   0.498,9999.000,9999.000,9999.000,9999.000,9999.000,9999.000,9999.000
202603181642,   1.041,   0.478,9999.000,9999.000,9999.000,9999.000,9999.000,9999.000,9999.000
202603181648,   1.021,   0.478,9999.000,9999.000,9999.000,9999.000,9999.000,9999.000,9999.000
202603181654,   1.001,   0.429,9999.000,9999.000,9999.000,9999.000,9999.000,9999.000,9999.000
202603181700,   0.980,   0.449,  -0.200,  -0.331,   0.449,  -0.200,   0.449,  -0.100,   0.549
202603181706,   0.959,   0.409,9999.000,9999.000,9999.000,9999.000,9999.000,9999.000,9999.000
202603181712,   0.937,   0.400,9999.000,9999.000,9999.000,9999.000,9999.000,9999.000,9999.000
202603181718,   0.915,   0.360,9999.000,9999.000,9999.000,9999.000,9999.000,9999.000,9999.000
202603181724,   0.893,   0.341,9999.000,9999.000,9999.000,9999.000,9999.000,9999.000,9999.000
202603181730,   0.871,   0.331,9999.000,9999.000,9999.000,9999.000,9999.000,9999.000,9999.000
202603181736,   0.849,   0.288,9999.000,9999.000,9999.000,9999.000,9999.000,9999.000,9999.000
202603181742,   0.828,   0.288,9999.000,9999.000,9999.000,9999.000,9999.000,9999.000,9999.000
202603181748,   0.806,   0.239,9999.000,9999.000,9999.000,9999.000,9999.000,9999.000,9999.000
202603181754,   0.784,   0.229,9999.000,9999.000,9999.000,9999.000,9999.000,9999.000,9999.000
202603181800,   0.762,   0.200,  -0.200,  -0.362,   0.200,  -0.200,   0.200,  -0.100,   0.300
202603181806,   0.741,   0.170,9999.000,9999.000,9999.000,9999.000,9999.000,9999.000,9999.000
202603181812,   0.720,   0.150,9999.000,9999.000,9999.000,9999.000,9999.000,9999.000,9999.000
202603181818,   0.698,   0.121,9999.000,9999.000,9999.000,9999.000,9999.000,9999.000,9999.000
202603181824,   0.677,   0.111,9999.000,9999.000,9999.000,9999.000,9999.000,9999.000,9999.000
202603181830,   0.657,   0.068,9999.000,9999.000,9999.000,9999.000,9999.000,9999.000,9999.000
202603181836,   0.636,   0.078,9999.000,9999.000,9999.000,9999.000,9999.000,9999.000,9999.000
202603181842,   0.616,   0.039,9999.000,9999.000,9999.000,9999.000,9999.000,9999.000,9999.000
202603181848,   0.595,   0.029,9999.000,9999.000,9999.000,9999.000,9999.000,9999.000,9999.000
202603181854,   0.575,   0.009,9999.000,9999.000,9999.000,9999.000,9999.000,9999.000,9999.000
202603181900,   0.555,  -0.009,  -0.200,  -0.364,  -0.009,  -0.300,  -0.109,  -0.100,   0.091
202603181906,   0.536,  -0.029,9999.000,9999.000,9999.000,9999.000,9999.000,9999.000,9999.000
202603181912,   0.516,  -0.049,9999.000,9999.000,9999.000,9999.000,9999.000,9999.000,9999.000
202603181918,   0.497,  -0.068,9999.000,9999.000,9999.000,9999.000,9999.000,9999.000,9999.000
202603181924,   0.478,  -0.078,9999.000,9999.000,9999.000,9999.000,9999.000,9999.000,9999.000
202603181930,   0.459,  -0.098,9999.000,9999.000,9999.000,9999.000,9999.000,9999.000,9999.000
202603181936,   0.440,  -0.121,9999.000,9999.000,9999.000,9999.000,9999.000,9999.000,9999.000
202603181942,   0.421,  -0.131,9999.000,9999.000,9999.000,9999.000,9999.000,9999.000,9999.000
202603181948,   0.403,  -0.160,9999.000,9999.000,9999.000,9999.000,9999.000,9999.000,9999.000
202603181954,   0.385,  -0.170,9999.000,9999.000,9999.000,9999.000,9999.000,9999.000,9999.000
202603182000,   0.367,  -0.209,  -0.200,  -0.376,  -0.209,  -0.300,  -0.309,  -0.200,  -0.209
202603182006,   0.349,  -0.190,9999.000,9999.000,9999.000,9999.000,9999.000,9999.000,9999.000
202603182012,   0.332,  -0.239,9999.000,9999.000,9999.000,9999.000,9999.000,9999.000,9999.000
202603182018,   0.315,  -0.200,9999.000,9999.000,9999.000,9999.000,9999.000,9999.000,9999.000
202603182024,   0.299,  -0.259,9999.000,9999.000,9999.000,9999.000,9999.000,9999.000,9999.000
202603182030,   0.283,  -0.229,9999.000,9999.000,9999.000,9999.000,9999.000,9999.000,9999.000
202603182036,   0.267,  -0.259,9999.000,9999.000,9999.000,9999.000,9999.000,9999.000,9999.000
202603182042,   0.253,  -0.288,9999.000,9999.000,9999.000,9999.000,9999.000,9999.000,9999.000
202603182048,   0.239,  -0.298,9999.000,9999.000,9999.000,9999.000,9999.000,9999.000,9999.000
202603182054,   0.225,  -0.288,9999.000,9999.000,9999.000,9999.000,9999.000,9999.000,9999.000
202603182100,   0.213,  -0.288,  -0.200,  -0.301,  -0.288,  -0.300,  -0.388,  -0.100,  -0.188
202603182106,   0.201,  -0.308,9999.000,9999.000,9999.000,9999.000,9999.000,9999.000,9999.000
202603182112,   0.190,  -0.298,9999.000,9999.000,9999.000,9999.000,9999.000,9999.000,9999.000
202603182118,   0.180,  -0.341,9999.000,9999.000,9999.000,9999.000,9999.000,9999.000,9999.000
202603182124,   0.172,  -0.308,9999.000,9999.000,9999.000,9999.000,9999.000,9999.000,9999.000
202603182130,   0.165,  -0.360,9999.000,9999.000,9999.000,9999.000,9999.000,9999.000,9999.000
202603182136,   0.159,  -0.321,9999.000,9999.000,9999.000,9999.000,9999.000,9999.000,9999.000
202603182142,   0.154,  -0.350,9999.000,9999.000,9999.000,9999.000,9999.000,9999.000,9999.000
202603182148,   0.151,  -0.360,9999.000,9999.000,9999.000,9999.000,9999.000,9999.000,9999.000
202603182154,   0.149,  -0.350,9999.000,9999.000,9999.000,9999.000,9999.000,9999.000,9999.000
202603182200,   0.149,  -0.360,  -0.200,  -0.309,  -0.360,  -0.200,  -0.360,  -0.100,  -0.260
202603182206,   0.151,  -0.360,9999.000,9999.000,9999.000,9999.000,9999.000,9999.000,9999.000
202603182212,   0.154,  -0.350,9999.000,9999.000,9999.000,9999.000,9999.000,9999.000,9999.000
202603182218,   0.159,  -0.341,9999.000,9999.000,9999.000,9999.000,9999.000,9999.000,9999.000
202603182224,   0.165,  -0.321,9999.000,9999.000,9999.000,9999.000,9999.000,9999.000,9999.000
202603182230,   0.173,  -0.298,9999.000,9999.000,9999.000,9999.000,9999.000,9999.000,9999.000
202603182236,   0.183,  -0.288,9999.000,9999.000,9999.000,9999.000,9999.000,9999.000,9999.000
202603182242,   0.195,  -0.239,9999.000,9999.000,9999.000,9999.000,9999.000,9999.000,9999.000
202603182248,   0.208,  -0.219,9999.000,9999.000,9999.000,9999.000,9999.000,9999.000,9999.000
202603182254,   0.223,  -0.180,9999.000,9999.000,9999.000,9999.000,9999.000,9999.000,9999.000
202603182300,   0.239,  -0.160,  -0.100,  -0.299,  -0.160,  -0.100,  -0.160,   0.000,  -0.060
202603182306,   0.256,  -0.131,9999.000,9999.000,9999.000,9999.000,9999.000,9999.000,9999.000
202603182312,   0.275,  -0.121,9999.000,9999.000,9999.000,9999.000,9999.000,9999.000,9999.000
202603182318,   0.295,  -0.068,9999.000,9999.000,9999.000,9999.000,9999.000,9999.000,9999.000
202603182324,   0.317,  -0.068,9999.000,9999.000,9999.000,9999.000,9999.000,9999.000,9999.000
202603182330,   0.339,  -0.029,9999.000,9999.000,9999.000,9999.000,9999.000,9999.000,9999.000
202603182336,   0.362,  -0.019,9999.000,9999.000,9999.000,9999.000,9999.000,9999.000,9999.000
202603182342,   0.386,   0.009,9999.000,9999.000,9999.000,9999.000,9999.000,9999.000,9999.000
202603182348,   0.411,   0.029,9999.000,9999.000,9999.000,9999.000,9999.000,9999.000,9999.000
202603182354,   0.437,   0.049,9999.000,9999.000,9999.000,9999.000,9999.000,9999.000,9999.000
202603190000,   0.463,   0.068,   0.000,  -0.395,   0.068,   0.000,   0.068,   0.000,   0.068
202603190006,   0.489,   0.111,9999.000,9999.000,9999.000,9999.000,9999.000,9999.000,9999.000
202603190012,   0.516,   0.121,9999.000,9999.000,9999.000,9999.000,9999.000,9999.000,9999.000
202603190018,   0.543,   0.160,9999.000,9999.000,9999.000,9999.000,9999.000,9999.000,9999.000
202603190024,   0.571,   0.180,9999.000,9999.000,9999.000,9999.000,9999.000,9999.000,9999.000
202603190030,   0.598,   0.229,9999.000,9999.000,9999.000,9999.000,9999.000,9999.000,9999.000
202603190036,   0.626,   0.249,9999.000,9999.000,9999.000,9999.000,9999.000,9999.000,9999.000
202603190042,   0.653,   0.288,9999.000,9999.000,9999.000,9999.000,9999.000,9999.000,9999.000
202603190048,   0.681,   0.321,9999.000,9999.000,9999.000,9999.000,9999.000,9999.000,9999.000
202603190054,   0.708,   0.350,9999.000,9999.000,9999.000,9999.000,9999.000,9999.000,9999.000
202603190100,   0.736,   0.390,   0.000,  -0.346,   0.390,   0.000,   0.390,   0.000,   0.390
202603190106,   0.763,   0.419,9999.000,9999.000,9999.000,9999.000,9999.000,9999.000,9999.000
202603190112,   0.791,   0.449,9999.000,9999.000,9999.000,9999.000,9999.000,9999.000,9999.000
202603190118,   0.818,   0.488,9999.000,9999.000,9999.000,9999.000,9999.000,9999.000,9999.000
202603190124,   0.844,   0.508,9999.000,9999.000,9999.000,9999.000,9999.000,9999.000,9999.000
202603190130,   0.871,   0.541,9999.000,9999.000,9999.000,9999.000,9999.000,9999.000,9999.000
202603190136,   0.897,   0.580,9999.000,9999.000,9999.000,9999.000,9999.000,9999.000,9999.000
202603190142,   0.923,   0.600,9999.000,9999.000,9999.000,9999.000,9999.000,9999.000,9999.000
202603190148,   0.948,   0.639,9999.000,9999.000,9999.000,9999.000,9999.000,9999.000,9999.000
202603190154,   0.973,   0.669,9999.000,9999.000,9999.000,9999.000,9999.000,9999.000,9999.000
202603190200,   0.998,   0.688,   0.000,  -0.310,   0.688,   0.000,   0.688,   0.000,   0.688
202603190206,   1.021,   0.718,9999.000,9999.000,9999.000,9999.000,9999.000,9999.000,9999.000
202603190212,   1.044,   0.751,9999.000,9999.000,9999.000,9999.000,9999.000,9999.000,9999.000
202603190218,   1.066,   0.770,9999.000,9999.000,9999.000,9999.000,9999.000,9999.000,9999.000
202603190224,   1.088,   0.800,9999.000,9999.000,9999.000,9999.000,9999.000,9999.000,9999.000
202603190230,   1.108,   0.819,9999.000,9999.000,9999.000,9999.000,9999.000,9999.000,9999.000
202603190236,   1.127,   0.839,9999.000,9999.000,9999.000,9999.000,9999.000,9999.000,9999.000
202603190242,   1.145,   0.879,9999.000,9999.000,9999.000,9999.000,9999.000,9999.000,9999.000
202603190248,   1.161,   0.888,9999.000,9999.000,9999.000,9999.000,9999.000,9999.000,9999.000
202603190254,   1.176,   0.918,9999.000,9999.000,9999.000,9999.000,9999.000,9999.000,9999.000
202603190300,   1.190,   0.928,   0.000,  -0.262,   0.928,   0.000,   0.928,   0.000,   0.928
202603190306,   1.201,   0.941,9999.000,9999.000,9999.000,9999.000,9999.000,9999.000,9999.000
202603190312,   1.212,   0.961,9999.000,9999.000,9999.000,9999.000,9999.000,9999.000,9999.000
202603190318,   1.220,   0.970,9999.000,9999.000,9999.000,9999.000,9999.000,9999.000,9999.000
202603190324,   1.226,   0.980,9999.000,9999.000,9999.000,9999.000,9999.000,9999.000,9999.000
202603190330,   1.231,   0.990,9999.000,9999.000,9999.000,9999.000,9999.000,9999.000,9999.000
202603190336,   1.234,   1.010,9999.000,9999.000,9999.000,9999.000,9999.000,9999.000,9999.000
202603190342,   1.234,9999.000,9999.000,9999.000,9999.000,9999.000,9999.000,9999.000,9999.000
202603190348,   1.233,   1.020,9999.000,9999.000,9999.000,9999.000,9999.000,9999.000,9999.000
202603190354,   1.230,   1.000,9999.000,9999.000,9999.000,9999.000,9999.000,9999.000,9999.000
202603190400,   1.225,   1.000,   0.000,  -0.225,   1.000,   0.000,   1.000,   0.000,   1.000
202603190406,   1.218,   0.980,9999.000,9999.000,9999.000,9999.000,9999.000,9999.000,9999.000
202603190412,   1.210,   0.961,9999.000,9999.000,9999.000,9999.000,9999.000,9999.000,9999.000
202603190418,   1.199,   0.941,9999.000,9999.000,9999.000,9999.000,9999.000,9999.000,9999.000
202603190424,   1.187,   0.908,9999.000,9999.000,9999.000,9999.000,9999.000,9999.000,9999.000
202603190430,   1.174,   0.879,9999.000,9999.000,9999.000,9999.000,9999.000,9999.000,9999.000
202603190436,   1.159,   0.849,9999.000,9999.000,9999.000,9999.000,9999.000,9999.000,9999.000
202603190442,   1.143,   0.839,9999.000,9999.000,9999.000,9999.000,9999.000,9999.000,9999.000
202603190448,   1.125,   0.810,9999.000,9999.000,9999.000,9999.000,9999.000,9999.000,9999.000
202603190454,   1.107,   0.790,9999.000,9999.000,9999.000,9999.000,9999.000,9999.000,9999.000
202603190500,   1.087,   0.770,   0.000,  -0.317,   0.770,   0.000,   0.770,   0.000,   0.770
202603190506,   1.067,   0.760,9999.000,9999.000,9999.000,9999.000,9999.000,9999.000,9999.000
202603190512,   1.045,   0.741,9999.000,9999.000,9999.000,9999.000,9999.000,9999.000,9999.000
202603190518,   1.024,   0.708,9999.000,9999.000,9999.000,9999.000,9999.000,9999.000,9999.000
202603190524,   1.001,   0.688,9999.000,9999.000,9999.000,9999.000,9999.000,9999.000,9999.000
202603190530,   0.979,   0.669,9999.000,9999.000,9999.000,9999.000,9999.000,9999.000,9999.000
202603190536,   0.955,   0.649,9999.000,9999.000,9999.000,9999.000,9999.000,9999.000,9999.000
202603190542,   0.932,   0.629,9999.000,9999.000,9999.000,9999.000,9999.000,9999.000,9999.000
202603190548,   0.908,   0.610,9999.000,9999.000,9999.000,9999.000,9999.000,9999.000,9999.000
202603190554,   0.885,   0.580,9999.000,9999.000,9999.000,9999.000,9999.000,9999.000,9999.000
202603190600,   0.861,   0.560,   0.100,  -0.401,   0.560,   0.000,   0.460,   0.100,   0.560
202603190606,   0.837,   0.531,9999.000,9999.000,9999.000,9999.000,9999.000,9999.000,9999.000
202603190612,   0.814,   0.498,9999.000,9999.000,9999.000,9999.000,9999.000,9999.000,9999.000
202603190618,   0.790,   0.478,9999.000,9999.000,9999.000,9999.000,9999.000,9999.000,9999.000
202603190624,   0.767,   0.449,9999.000,9999.000,9999.000,9999.000,9999.000,9999.000,9999.000
202603190630,   0.743,   0.429,9999.000,9999.000,9999.000,9999.000,9999.000,9999.000,9999.000
202603190636,   0.720,   0.400,9999.000,9999.000,9999.000,9999.000,9999.000,9999.000,9999.000
202603190642,   0.697,   0.380,9999.000,9999.000,9999.000,9999.000,9999.000,9999.000,9999.000
202603190648,   0.674,   0.360,9999.000,9999.000,9999.000,9999.000,9999.000,9999.000,9999.000
202603190654,   0.651,   0.341,9999.000,9999.000,9999.000,9999.000,9999.000,9999.000,9999.000
202603190700,   0.629,   0.298,   0.100,  -0.431,   0.298,   0.100,   0.298,   0.100,   0.298
202603190706,   0.607,   0.288,9999.000,9999.000,9999.000,9999.000,9999.000,9999.000,9999.000
202603190712,   0.585,   0.259,9999.000,9999.000,9999.000,9999.000,9999.000,9999.000,9999.000
202603190718,   0.563,   0.239,9999.000,9999.000,9999.000,9999.000,9999.000,9999.000,9999.000
202603190724,   0.541,   0.219,9999.000,9999.000,9999.000,9999.000,9999.000,9999.000,9999.000
202603190730,   0.520,   0.200,9999.000,9999.000,9999.000,9999.000,9999.000,9999.000,9999.000
202603190736,   0.499,   0.190,9999.000,9999.000,9999.000,9999.000,9999.000,9999.000,9999.000
202603190742,   0.478,   0.160,9999.000,9999.000,9999.000,9999.000,9999.000,9999.000,9999.000
202603190748,   0.457,   0.141,9999.000,9999.000,9999.000,9999.000,9999.000,9999.000,9999.000
202603190754,   0.437,   0.121,9999.000,9999.000,9999.000,9999.000,9999.000,9999.000,9999.000
202603190800,   0.416,   0.098,   0.100,  -0.418,   0.098,   0.100,   0.098,   0.200,   0.198
202603190806,   0.397,   0.078,9999.000,9999.000,9999.000,9999.000,9999.000,9999.000,9999.000
202603190812,   0.377,   0.059,9999.000,9999.000,9999.000,9999.000,9999.000,9999.000,9999.000
202603190818,   0.358,   0.049,9999.000,9999.000,9999.000,9999.000,9999.000,9999.000,9999.000
202603190824,   0.339,   0.029,9999.000,9999.000,9999.000,9999.000,9999.000,9999.000,9999.000
202603190830,   0.320,   0.009,9999.000,9999.000,9999.000,9999.000,9999.000,9999.000,9999.000
202603190836,   0.302,  -0.009,9999.000,9999.000,9999.000,9999.000,9999.000,9999.000,9999.000
202603190842,   0.285,  -0.019,9999.000,9999.000,9999.000,9999.000,9999.000,9999.000,9999.000
202603190848,   0.268,  -0.039,9999.000,9999.000,9999.000,9999.000,9999.000,9999.000,9999.000
202603190854,   0.252,  -0.059,9999.000,9999.000,9999.000,9999.000,9999.000,9999.000,9999.000
202603190900,   0.236,  -0.068,   0.100,  -0.404,  -0.068,   0.100,  -0.068,   0.200,   0.032
202603190906,   0.221,  -0.078,9999.000,9999.000,9999.000,9999.000,9999.000,9999.000,9999.000
202603190912,   0.206,  -0.098,9999.000,9999.000,9999.000,9999.000,9999.000,9999.000,9999.000
202603190918,   0.193,  -0.111,9999.000,9999.000,9999.000,9999.000,9999.000,9999.000,9999.000
202603190924,   0.180,  -0.131,9999.000,9999.000,9999.000,9999.000,9999.000,9999.000,9999.000
202603190930,   0.169,  -0.141,9999.000,9999.000,9999.000,9999.000,9999.000,9999.000,9999.000
202603190936,   0.158,  -0.150,9999.000,9999.000,9999.000,9999.000,9999.000,9999.000,9999.000
202603190942,   0.149,  -0.160,9999.000,9999.000,9999.000,9999.000,9999.000,9999.000,9999.000
202603190948,   0.141,  -0.160,9999.000,9999.000,9999.000,9999.000,9999.000,9999.000,9999.000
202603190954,   0.134,  -0.170,9999.000,9999.000,9999.000,9999.000,9999.000,9999.000,9999.000
202603191000,   0.129,  -0.180,   0.200,  -0.509,  -0.180,   0.100,  -0.280,   0.200,  -0.180
202603191006,   0.125,  -0.180,9999.000,9999.000,9999.000,9999.000,9999.000,9999.000,9999.000
202603191012,   0.123,  -0.170,9999.000,9999.000,9999.000,9999.000,9999.000,9999.000,9999.000
202603191018,   0.122,  -0.160,9999.000,9999.000,9999.000,9999.000,9999.000,9999.000,9999.000
202603191024,   0.123,  -0.150,9999.000,9999.000,9999.000,9999.000,9999.000,9999.000,9999.000
202603191030,   0.125,  -0.141,9999.000,9999.000,9999.000,9999.000,9999.000,9999.000,9999.000
202603191036,   0.130,  -0.121,9999.000,9999.000,9999.000,9999.000,9999.000,9999.000,9999.000
202603191042,   0.136,  -0.098,9999.000,9999.000,9999.000,9999.000,9999.000,9999.000,9999.000
202603191048,   0.143,  -0.078,9999.000,9999.000,9999.000,9999.000,9999.000,9999.000,9999.000
202603191054,   0.153,  -0.049,9999.000,9999.000,9999.000,9999.000,9999.000,9999.000,9999.000
202603191100,   0.164,  -0.019,   0.200,  -0.383,  -0.019,   0.100,  -0.119,   0.200,  -0.019
202603191106,   0.177,   0.009,9999.000,9999.000,9999.000,9999.000,9999.000,9999.000,9999.000
202603191112,   0.191,   0.029,9999.000,9999.000,9999.000,9999.000,9999.000,9999.000,9999.000
202603191118,   0.208,   0.059,9999.000,9999.000,9999.000,9999.000,9999.000,9999.000,9999.000
202603191124,   0.225,   0.088,9999.000,9999.000,9999.000,9999.000,9999.000,9999.000,9999.000
202603191130,   0.244,   0.111,9999.000,9999.000,9999.000,9999.000,9999.000,9999.000,9999.000
202603191136,   0.264,   0.131,9999.000,9999.000,9999.000,9999.000,9999.000,9999.000,9999.000
202603191142,   0.286,   0.150,9999.000,9999.000,9999.000,9999.000,9999.000,9999.000,9999.000
202603191148,   0.309,   0.160,9999.000,9999.000,9999.000,9999.000,9999.000,9999.000,9999.000
202603191154,   0.332,   0.209,9999.000,9999.000,9999.000,9999.000,9999.000,9999.000,9999.000
202603191200,   0.357,   0.219,   0.200,  -0.338,   0.219,   0.100,   0.119,   0.200,   0.219
202603191206,   0.382,   0.249,9999.000,9999.000,9999.000,9999.000,9999.000,9999.000,9999.000
202603191212,   0.408,   0.268,9999.000,9999.000,9999.000,9999.000,9999.000,9999.000,9999.000
202603191218,   0.434,   0.298,9999.000,9999.000,9999.000,9999.000,9999.000,9999.000,9999.000
202603191224,   0.461,   0.321,9999.000,9999.000,9999.000,9999.000,9999.000,9999.000,9999.000
202603191230,   0.489,   0.370,9999.000,9999.000,9999.000,9999.000,9999.000,9999.000,9999.000
202603191236,   0.516,   0.380,9999.000,9999.000,9999.000,9999.000,9999.000,9999.000,9999.000
202603191242,   0.544,   0.419,9999.000,9999.000,9999.000,9999.000,9999.000,9999.000,9999.000
202603191248,   0.572,   0.449,9999.000,9999.000,9999.000,9999.000,9999.000,9999.000,9999.000
202603191254,   0.599,   0.488,9999.000,9999.000,9999.000,9999.000,9999.000,9999.000,9999.000
202603191300,   0.627,   0.498,   0.200,  -0.329,   0.498,   0.200,   0.498,   0.200,   0.498
202603191306,   0.655,   0.551,9999.000,9999.000,9999.000,9999.000,9999.000,9999.000,9999.000
202603191312,   0.682,   0.570,9999.000,9999.000,9999.000,9999.000,9999.000,9999.000,9999.000
202603191318,   0.709,   0.600,9999.000,9999.000,9999.000,9999.000,9999.000,9999.000,9999.000
202603191324,   0.736,   0.639,9999.000,9999.000,9999.000,9999.000,9999.000,9999.000,9999.000
202603191330,   0.763,   0.669,9999.000,9999.000,9999.000,9999.000,9999.000,9999.000,9999.000
202603191336,   0.789,   0.708,9999.000,9999.000,9999.000,9999.000,9999.000,9999.000,9999.000
202603191342,   0.815,   0.731,9999.000,9999.000,9999.000,9999.000,9999.000,9999.000,9999.000
202603191348,   0.841,   0.770,9999.000,9999.000,9999.000,9999.000,9999.000,9999.000,9999.000
202603191354,   0.866,   0.800,9999.000,9999.000,9999.000,9999.000,9999.000,9999.000,9999.000
202603191400,   0.891,   0.819,   0.200,  -0.272,   0.819,   0.200,   0.819,   0.300,   0.919
202603191406,   0.915,   0.849,9999.000,9999.000,9999.000,9999.000,9999.000,9999.000,9999.000
202603191412,   0.938,   0.879,9999.000,9999.000,9999.000,9999.000,9999.000,9999.000,9999.000
202603191418,   0.961,   0.908,9999.000,9999.000,9999.000,9999.000,9999.000,9999.000,9999.000
202603191424,   0.984,   0.951,9999.000,9999.000,9999.000,9999.000,9999.000,9999.000,9999.000
202603191430,   1.005,   0.970,9999.000,9999.000,9999.000,9999.000,9999.000,9999.000,9999.000
202603191436,   1.026,   1.010,9999.000,9999.000,9999.000,9999.000,9999.000,9999.000,9999.000
202603191442,   1.046,   1.029,9999.000,9999.000,9999.000,9999.000,9999.000,9999.000,9999.000
202603191448,   1.065,   1.039,9999.000,9999.000,9999.000,9999.000,9999.000,9999.000,9999.000
202603191454,   1.083,   1.079,9999.000,9999.000,9999.000,9999.000,9999.000,9999.000,9999.000
202603191500,   1.099,   1.098,   0.300,  -0.301,   1.098,   0.200,   0.998,   0.300,   1.098
202603191506,   1.114,   1.128,9999.000,9999.000,9999.000,9999.000,9999.000,9999.000,9999.000
202603191512,   1.128,   1.151,9999.000,9999.000,9999.000,9999.000,9999.000,9999.000,9999.000
202603191518,   1.141,   1.161,9999.000,9999.000,9999.000,9999.000,9999.000,9999.000,9999.000
202603191524,   1.152,   1.200,9999.000,9999.000,9999.000,9999.000,9999.000,9999.000,9999.000
202603191530,   1.161,   1.200,9999.000,9999.000,9999.000,9999.000,9999.000,9999.000,9999.000
202603191536,   1.168,   1.220,9999.000,9999.000,9999.000,9999.000,9999.000,9999.000,9999.000
202603191542,   1.174,   1.239,9999.000,9999.000,9999.000,9999.000,9999.000,9999.000,9999.000
202603191548,   1.178,   1.249,9999.000,9999.000,9999.000,9999.000,9999.000,9999.000,9999.000
202603191554,   1.180,   1.259,9999.000,9999.000,9999.000,9999.000,9999.000,9999.000,9999.000
202603191600,   1.181,   1.259,   0.300,  -0.222,   1.259,   0.200,   1.159,   0.300,   1.259
202603191606,   1.179,   1.259,9999.000,9999.000,9999.000,9999.000,9999.000,9999.000,9999.000
202603191612,   1.176,   1.259,9999.000,9999.000,9999.000,9999.000,9999.000,9999.000,9999.000
202603191618,   1.171,   1.249,9999.000,9999.000,9999.000,9999.000,9999.000,9999.000,9999.000
202603191624,   1.164,   1.229,9999.000,9999.000,9999.000,9999.000,9999.000,9999.000,9999.000
202603191630,   1.155,   1.210,9999.000,9999.000,9999.000,9999.000,9999.000,9999.000,9999.000
202603191636,   1.144,   1.190,9999.000,9999.000,9999.000,9999.000,9999.000,9999.000,9999.000
202603191642,   1.132,   1.170,9999.000,9999.000,9999.000,9999.000,9999.000,9999.000,9999.000
202603191648,   1.119,   1.161,9999.000,9999.000,9999.000,9999.000,9999.000,9999.000,9999.000
202603191654,   1.104,   1.118,9999.000,9999.000,9999.000,9999.000,9999.000,9999.000,9999.000
202603191700,   1.088,   1.088,   0.300,  -0.300,   1.088,   0.200,   0.988,   0.300,   1.088
202603191706,   1.070,   1.069,9999.000,9999.000,9999.000,9999.000,9999.000,9999.000,9999.000
202603191712,   1.052,   1.049,9999.000,9999.000,9999.000,9999.000,9999.000,9999.000,9999.000
202603191718,   1.032,   1.029,9999.000,9999.000,9999.000,9999.000,9999.000,9999.000,9999.000
202603191724,   1.012,   1.000,9999.000,9999.000,9999.000,9999.000,9999.000,9999.000,9999.000
202603191730,   0.991,   0.980,9999.000,9999.000,9999.000,9999.000,9999.000,9999.000,9999.000
202603191736,   0.969,   0.961,9999.000,9999.000,9999.000,9999.000,9999.000,9999.000,9999.000
202603191742,   0.947,   0.928,9999.000,9999.000,9999.000,9999.000,9999.000,9999.000,9999.000
202603191748,   0.924,   0.908,9999.000,9999.000,9999.000,9999.000,9999.000,9999.000,9999.000
202603191754,   0.902,   0.879,9999.000,9999.000,9999.000,9999.000,9999.000,9999.000,9999.000
202603191800,   0.878,   0.859,   0.300,  -0.319,   0.859,   0.300,   0.859,   0.300,   0.859
202603191806,   0.855,   0.849,9999.000,9999.000,9999.000,9999.000,9999.000,9999.000,9999.000
202603191812,   0.832,   0.810,9999.000,9999.000,9999.000,9999.000,9999.000,9999.000,9999.000
202603191818,   0.809,   0.800,9999.000,9999.000,9999.000,9999.000,9999.000,9999.000,9999.000
202603191824,   0.786,   0.770,9999.000,9999.000,9999.000,9999.000,9999.000,9999.000,9999.000
202603191830,   0.763,   0.731,9999.000,9999.000,9999.000,9999.000,9999.000,9999.000,9999.000
202603191836,   0.740,   0.708,9999.000,9999.000,9999.000,9999.000,9999.000,9999.000,9999.000
202603191842,   0.718,   0.698,9999.000,9999.000,9999.000,9999.000,9999.000,9999.000,9999.000
202603191848,   0.695,   0.659,9999.000,9999.000,9999.000,9999.000,9999.000,9999.000,9999.000
202603191854,   0.673,   0.639,9999.000,9999.000,9999.000,9999.000,9999.000,9999.000,9999.000
202603191900,   0.651,   0.610,   0.300,  -0.341,   0.610,   0.300,   0.610,   0.400,   0.710
202603191906,   0.630,   0.580,9999.000,9999.000,9999.000,9999.000,9999.000,9999.000,9999.000
202603191912,   0.608,   0.551,9999.000,9999.000,9999.000,9999.000,9999.000,9999.000,9999.000
202603191918,   0.587,   0.531,9999.000,9999.000,9999.000,9999.000,9999.000,9999.000,9999.000
202603191924,   0.566,   0.508,9999.000,9999.000,9999.000,9999.000,9999.000,9999.000,9999.000
202603191930,   0.546,   0.488,9999.000,9999.000,9999.000,9999.000,9999.000,9999.000,9999.000
202603191936,   0.525,   0.459,9999.000,9999.000,9999.000,9999.000,9999.000,9999.000,9999.000
202603191942,   0.505,   0.429,9999.000,9999.000,9999.000,9999.000,9999.000,9999.000,9999.000
202603191948,   0.486,   0.409,9999.000,9999.000,9999.000,9999.000,9999.000,9999.000,9999.000
202603191954,   0.466,   0.380,9999.000,9999.000,9999.000,9999.000,9999.000,9999.000,9999.000
202603192000,   0.447,   0.370,   0.400,  -0.477,   0.370,   0.300,   0.270,   0.400,   0.370
202603192006,   0.428,   0.341,9999.000,9999.000,9999.000,9999.000,9999.000,9999.000,9999.000
202603192012,   0.409,   0.321,9999.000,9999.000,9999.000,9999.000,9999.000,9999.000,9999.000
202603192018,   0.391,   0.308,9999.000,9999.000,9999.000,9999.000,9999.000,9999.000,9999.000
202603192024,   0.373,   0.278,9999.000,9999.000,9999.000,9999.000,9999.000,9999.000,9999.000
202603192030,   0.355,   0.268,9999.000,9999.000,9999.000,9999.000,9999.000,9999.000,9999.000
202603192036,   0.337,   0.229,9999.000,9999.000,9999.000,9999.000,9999.000,9999.000,9999.000
202603192042,   0.320,   0.229,9999.000,9999.000,9999.000,9999.000,9999.000,9999.000,9999.000
202603192048,   0.303,   0.200,9999.000,9999.000,9999.000,9999.000,9999.000,9999.000,9999.000
202603192054,   0.287,   0.180,9999.000,9999.000,9999.000,9999.000,9999.000,9999.000,9999.000
202603192100,   0.270,   0.160,   0.400,  -0.510,   0.160,   0.400,   0.160,   0.400,   0.160
202603192106,   0.255,   0.141,9999.000,9999.000,9999.000,9999.000,9999.000,9999.000,9999.000
202603192112,   0.240,   0.131,9999.000,9999.000,9999.000,9999.000,9999.000,9999.000,9999.000
202603192118,   0.225,   0.111,9999.000,9999.000,9999.000,9999.000,9999.000,9999.000,9999.000
202603192124,   0.211,   0.088,9999.000,9999.000,9999.000,9999.000,9999.000,9999.000,9999.000
202603192130,   0.198,   0.078,9999.000,9999.000,9999.000,9999.000,9999.000,9999.000,9999.000
202603192136,   0.185,   0.049,9999.000,9999.000,9999.000,9999.000,9999.000,9999.000,9999.000
202603192142,   0.174,   0.059,9999.000,9999.000,9999.000,9999.000,9999.000,9999.000,9999.000
202603192148,   0.163,   0.039,9999.000,9999.000,9999.000,9999.000,9999.000,9999.000,9999.000
202603192154,   0.153,   0.029,9999.000,9999.000,9999.000,9999.000,9999.000,9999.000,9999.000
202603192200,   0.144,   0.000,   0.400,  -0.544,   0.000,   0.400,   0.000,   0.400,   0.000
202603192206,   0.137,   0.009,9999.000,9999.000,9999.000,9999.000,9999.000,9999.000,9999.000
202603192212,   0.130,   0.000,9999.000,9999.000,9999.000,9999.000,9999.000,9999.000,9999.000
202603192218,   0.125,   0.000,9999.000,9999.000,9999.000,9999.000,9999.000,9999.000,9999.000
202603192224,   0.121,  -0.009,9999.000,9999.000,9999.000,9999.000,9999.000,9999.000,9999.000
202603192230,   0.119,  -0.009,9999.000,9999.000,9999.000,9999.000,9999.000,9999.000,9999.000
202603192236,   0.118,  -0.009,9999.000,9999.000,9999.000,9999.000,9999.000,9999.000,9999.000
202603192242,   0.119,   0.009,9999.000,9999.000,9999.000,9999.000,9999.000,9999.000,9999.000
202603192248,   0.121,   0.009,9999.000,9999.000,9999.000,9999.000,9999.000,9999.000,9999.000
202603192254,   0.126,   0.059,9999.000,9999.000,9999.000,9999.000,9999.000,9999.000,9999.000
202603192300,   0.132,   0.078,   0.400,  -0.454,   0.078,   0.400,   0.078,   0.500,   0.178
202603192306,   0.139,   0.111,9999.000,9999.000,9999.000,9999.000,9999.000,9999.000,9999.000
202603192312,   0.149,   0.141,9999.000,9999.000,9999.000,9999.000,9999.000,9999.000,9999.000
202603192318,   0.160,   0.180,9999.000,9999.000,9999.000,9999.000,9999.000,9999.000,9999.000
202603192324,   0.173,   0.219,9999.000,9999.000,9999.000,9999.000,9999.000,9999.000,9999.000
202603192330,   0.187,   0.239,9999.000,9999.000,9999.000,9999.000,9999.000,9999.000,9999.000
202603192336,   0.203,   0.288,9999.000,9999.000,9999.000,9999.000,9999.000,9999.000,9999.000
202603192342,   0.221,   0.308,9999.000,9999.000,9999.000,9999.000,9999.000,9999.000,9999.000
202603192348,   0.241,   0.341,9999.000,9999.000,9999.000,9999.000,9999.000,9999.000,9999.000
202603192354,   0.261,   0.360,9999.000,9999.000,9999.000,9999.000,9999.000,9999.000,9999.000
202603200000,   0.284,   0.390,   0.400,  -0.294,   0.390,   0.300,   0.290,   0.400,   0.390
202603200006,   0.307,   0.419,9999.000,9999.000,9999.000,9999.000,9999.000,9999.000,9999.000
202603200012,   0.332,   0.439,9999.000,9999.000,9999.000,9999.000,9999.000,9999.000,9999.000
202603200018,   0.357,   0.469,9999.000,9999.000,9999.000,9999.000,9999.000,9999.000,9999.000
202603200024,   0.384,   0.498,9999.000,9999.000,9999.000,9999.000,9999.000,9999.000,9999.000
202603200030,   0.411,   0.531,9999.000,9999.000,9999.000,9999.000,9999.000,9999.000,9999.000
202603200036,   0.439,   0.551,9999.000,9999.000,9999.000,9999.000,9999.000,9999.000,9999.000
202603200042,   0.468,   0.580,9999.000,9999.000,9999.000,9999.000,9999.000,9999.000,9999.000
202603200048,   0.497,   0.619,9999.000,9999.000,9999.000,9999.000,9999.000,9999.000,9999.000
202603200054,   0.527,   0.659,9999.000,9999.000,9999.000,9999.000,9999.000,9999.000,9999.000
202603200100,   0.557,   0.688,   0.400,  -0.269,   0.688,   0.300,   0.588,   0.400,   0.688
202603200106,   0.587,   0.718,9999.000,9999.000,9999.000,9999.000,9999.000,9999.000,9999.000
202603200112,   0.617,   0.760,9999.000,9999.000,9999.000,9999.000,9999.000,9999.000,9999.000
202603200118,   0.647,   0.790,9999.000,9999.000,9999.000,9999.000,9999.000,9999.000,9999.000
202603200124,   0.677,   0.829,9999.000,9999.000,9999.000,9999.000,9999.000,9999.000,9999.000
202603200130,   0.706,   0.859,9999.000,9999.000,9999.000,9999.000,9999.000,9999.000,9999.000
202603200136,   0.736,   0.898,9999.000,9999.000,9999.000,9999.000,9999.000,9999.000,9999.000
202603200142,   0.766,   0.918,9999.000,9999.000,9999.000,9999.000,9999.000,9999.000,9999.000
202603200148,   0.795,   0.961,9999.000,9999.000,9999.000,9999.000,9999.000,9999.000,9999.000
202603200154,   0.824,   0.990,9999.000,9999.000,9999.000,9999.000,9999.000,9999.000,9999.000
202603200200,   0.852,   1.029,   0.400,  -0.223,   1.029,   0.300,   0.929,   0.400,   1.029
202603200206,   0.881,   1.059,9999.000,9999.000,9999.000,9999.000,9999.000,9999.000,9999.000
202603200212,   0.908,   1.088,9999.000,9999.000,9999.000,9999.000,9999.000,9999.000,9999.000
202603200218,   0.936,   1.108,9999.000,9999.000,9999.000,9999.000,9999.000,9999.000,9999.000
202603200224,   0.962,   1.138,9999.000,9999.000,9999.000,9999.000,9999.000,9999.000,9999.000
202603200230,   0.989,   1.180,9999.000,9999.000,9999.000,9999.000,9999.000,9999.000,9999.000
202603200236,   1.014,   1.200,9999.000,9999.000,9999.000,9999.000,9999.000,9999.000,9999.000
202603200242,   1.039,   1.229,9999.000,9999.000,9999.000,9999.000,9999.000,9999.000,9999.000
202603200248,   1.064,   1.269,9999.000,9999.000,9999.000,9999.000,9999.000,9999.000,9999.000
202603200254,   1.087,   1.298,9999.000,9999.000,9999.000,9999.000,9999.000,9999.000,9999.000
202603200300,   1.110,   1.298,   0.400,  -0.212,   1.298,   0.400,   1.298,   0.400,   1.298
202603200306,   1.132,   1.338,9999.000,9999.000,9999.000,9999.000,9999.000,9999.000,9999.000
202603200312,   1.152,   1.371,9999.000,9999.000,9999.000,9999.000,9999.000,9999.000,9999.000
202603200318,   1.172,   1.400,9999.000,9999.000,9999.000,9999.000,9999.000,9999.000,9999.000
202603200324,   1.190,   1.410,9999.000,9999.000,9999.000,9999.000,9999.000,9999.000,9999.000
202603200330,   1.207,   1.420,9999.000,9999.000,9999.000,9999.000,9999.000,9999.000,9999.000
202603200336,   1.222,   1.439,9999.000,9999.000,9999.000,9999.000,9999.000,9999.000,9999.000
202603200342,   1.236,   1.449,9999.000,9999.000,9999.000,9999.000,9999.000,9999.000,9999.000
202603200348,   1.249,   1.469,9999.000,9999.000,9999.000,9999.000,9999.000,9999.000,9999.000
202603200354,   1.260,   1.479,9999.000,9999.000,9999.000,9999.000,9999.000,9999.000,9999.000
202603200400,   1.269,   1.489,   0.400,  -0.180,   1.489,   0.400,   1.489,   0.400,   1.489
202603200406,   1.276,   1.508,9999.000,9999.000,9999.000,9999.000,9999.000,9999.000,9999.000
202603200412,   1.281,   1.518,9999.000,9999.000,9999.000,9999.000,9999.000,9999.000,9999.000
202603200418,   1.284,   1.518,9999.000,9999.000,9999.000,9999.000,9999.000,9999.000,9999.000
202603200424,   1.286,   1.508,9999.000,9999.000,9999.000,9999.000,9999.000,9999.000,9999.000
202603200430,   1.285,   1.498,9999.000,9999.000,9999.000,9999.000,9999.000,9999.000,9999.000
202603200436,   1.283,   1.498,9999.000,9999.000,9999.000,9999.000,9999.000,9999.000,9999.000
202603200442,   1.279,   1.489,9999.000,9999.000,9999.000,9999.000,9999.000,9999.000,9999.000
202603200448,   1.272,   1.449,9999.000,9999.000,9999.000,9999.000,9999.000,9999.000,9999.000
202603200454,   1.264,   1.439,9999.000,9999.000,9999.000,9999.000,9999.000,9999.000,9999.000
202603200500,   1.255,   1.410,   0.400,  -0.245,   1.410,   0.400,   1.410,   0.400,   1.410
202603200506,   1.243,   1.380,9999.000,9999.000,9999.000,9999.000,9999.000,9999.000,9999.000
202603200512,   1.230,   1.361,9999.000,9999.000,9999.000,9999.000,9999.000,9999.000,9999.000
202603200518,   1.215,   1.328,9999.000,9999.000,9999.000,9999.000,9999.000,9999.000,9999.000
202603200524,   1.199,   1.308,9999.000,9999.000,9999.000,9999.000,9999.000,9999.000,9999.000
202603200530,   1.182,   1.298,9999.000,9999.000,9999.000,9999.000,9999.000,9999.000,9999.000
202603200536,   1.163,   1.279,9999.000,9999.000,9999.000,9999.000,9999.000,9999.000,9999.000
202603200542,   1.144,   1.249,9999.000,9999.000,9999.000,9999.000,9999.000,9999.000,9999.000
202603200548,   1.123,   1.229,9999.000,9999.000,9999.000,9999.000,9999.000,9999.000,9999.000
202603200554,   1.102,   1.200,9999.000,9999.000,9999.000,9999.000,9999.000,9999.000,9999.000
202603200600,   1.080,   1.180,   0.300,  -0.200,   1.180,   0.300,   1.180,   0.400,   1.280
202603200606,   1.057,   1.170,9999.000,9999.000,9999.000,9999.000,9999.000,9999.000,9999.000
202603200612,   1.034,   1.151,9999.000,9999.000,9999.000,9999.000,9999.000,9999.000,9999.000
202603200618,   1.010,   1.128,9999.000,9999.000,9999.000,9999.000,9999.000,9999.000,9999.000
202603200624,   0.986,   1.088,9999.000,9999.000,9999.000,9999.000,9999.000,9999.000,9999.000
202603200630,   0.962,   1.069,9999.000,9999.000,9999.000,9999.000,9999.000,9999.000,9999.000
202603200636,   0.938,   1.049,9999.000,9999.000,9999.000,9999.000,9999.000,9999.000,9999.000
202603200642,   0.913,   1.029,9999.000,9999.000,9999.000,9999.000,9999.000,9999.000,9999.000
202603200648,   0.889,   1.010,9999.000,9999.000,9999.000,9999.000,9999.000,9999.000,9999.000
202603200654,   0.864,   1.010,9999.000,9999.000,9999.000,9999.000,9999.000,9999.000,9999.000
202603200700,   0.840,   0.961,   0.300,  -0.179,   0.961,   0.300,   0.961,   0.400,   1.061
202603200706,   0.816,   0.951,9999.000,9999.000,9999.000,9999.000,9999.000,9999.000,9999.000
202603200712,   0.792,   0.918,9999.000,9999.000,9999.000,9999.000,9999.000,9999.000,9999.000
202603200718,   0.768,   0.898,9999.000,9999.000,9999.000,9999.000,9999.000,9999.000,9999.000
202603200724,   0.744,   0.879,9999.000,9999.000,9999.000,9999.000,9999.000,9999.000,9999.000
202603200730,   0.721,   0.839,9999.000,9999.000,9999.000,9999.000,9999.000,9999.000,9999.000
202603200736,   0.698,   0.819,9999.000,9999.000,9999.000,9999.000,9999.000,9999.000,9999.000
202603200742,   0.674,   0.790,9999.000,9999.000,9999.000,9999.000,9999.000,9999.000,9999.000
202603200748,   0.652,   0.760,9999.000,9999.000,9999.000,9999.000,9999.000,9999.000,9999.000
202603200754,   0.629,   0.760,9999.000,9999.000,9999.000,9999.000,9999.000,9999.000,9999.000
202603200800,   0.606,   0.718,   0.300,  -0.188,   0.718,   0.300,   0.718,   0.400,   0.818
202603200806,   0.584,   0.698,9999.000,9999.000,9999.000,9999.000,9999.000,9999.000,9999.000
202603200812,   0.562,   0.669,9999.000,9999.000,9999.000,9999.000,9999.000,9999.000,9999.000
202603200818,   0.540,   0.649,9999.000,9999.000,9999.000,9999.000,9999.000,9999.000,9999.000
202603200824,   0.519,   0.639,9999.000,9999.000,9999.000,9999.000,9999.000,9999.000,9999.000
202603200830,   0.497,   0.619,9999.000,9999.000,9999.000,9999.000,9999.000,9999.000,9999.000
202603200836,   0.476,   0.600,9999.000,9999.000,9999.000,9999.000,9999.000,9999.000,9999.000
202603200842,   0.455,   0.580,9999.000,9999.000,9999.000,9999.000,9999.000,9999.000,9999.000
202603200848,   0.435,   0.551,9999.000,9999.000,9999.000,9999.000,9999.000,9999.000,9999.000
202603200854,   0.415,   0.518,9999.000,9999.000,9999.000,9999.000,9999.000,9999.000,9999.000
202603200900,   0.395,   0.498,   0.300,  -0.197,   0.498,   0.300,   0.498,   0.400,   0.598
202603200906,   0.375,   0.478,9999.000,9999.000,9999.000,9999.000,9999.000,9999.000,9999.000
202603200912,   0.356,   0.469,9999.000,9999.000,9999.000,9999.000,9999.000,9999.000,9999.000
202603200918,   0.337,   0.439,9999.000,9999.000,9999.000,9999.000,9999.000,9999.000,9999.000
202603200924,   0.318,   0.419,9999.000,9999.000,9999.000,9999.000,9999.000,9999.000,9999.000
202603200930,   0.300,   0.390,9999.000,9999.000,9999.000,9999.000,9999.000,9999.000,9999.000
202603200936,   0.282,   0.380,9999.000,9999.000,9999.000,9999.000,9999.000,9999.000,9999.000
202603200942,   0.266,   0.360,9999.000,9999.000,9999.000,9999.000,9999.000,9999.000,9999.000
202603200948,   0.249,   0.341,9999.000,9999.000,9999.000,9999.000,9999.000,9999.000,9999.000
202603200954,   0.234,   0.331,9999.000,9999.000,9999.000,9999.000,9999.000,9999.000,9999.000
202603201000,   0.219,   0.308,   0.400,  -0.311,   0.308,   0.300,   0.208,   0.400,   0.308
202603201006,   0.205,   0.308,9999.000,9999.000,9999.000,9999.000,9999.000,9999.000,9999.000
202603201012,   0.192,   0.288,9999.000,9999.000,9999.000,9999.000,9999.000,9999.000,9999.000
202603201018,   0.180,   0.278,9999.000,9999.000,9999.000,9999.000,9999.000,9999.000,9999.000
202603201024,   0.169,   0.268,9999.000,9999.000,9999.000,9999.000,9999.000,9999.000,9999.000
202603201030,   0.159,   0.268,9999.000,9999.000,9999.000,9999.000,9999.000,9999.000,9999.000
202603201036,   0.150,   0.239,9999.000,9999.000,9999.000,9999.000,9999.000,9999.000,9999.000
202603201042,   0.143,   0.229,9999.000,9999.000,9999.000,9999.000,9999.000,9999.000,9999.000
202603201048,   0.137,   0.239,9999.000,9999.000,9999.000,9999.000,9999.000,9999.000,9999.000
202603201054,   0.133,   0.239,9999.000,9999.000,9999.000,9999.000,9999.000,9999.000,9999.000
202603201100,   0.130,   0.239,   0.400,  -0.291,   0.239,   0.300,   0.139,   0.400,   0.239
202603201106,   0.129,   0.249,9999.000,9999.000,9999.000,9999.000,9999.000,9999.000,9999.000
202603201112,   0.129,   0.239,9999.000,9999.000,9999.000,9999.000,9999.000,9999.000,9999.000
202603201118,   0.131,   0.239,9999.000,9999.000,9999.000,9999.000,9999.000,9999.000,9999.000
202603201124,   0.135,   0.259,9999.000,9999.000,9999.000,9999.000,9999.000,9999.000,9999.000
202603201130,   0.141,   0.288,9999.000,9999.000,9999.000,9999.000,9999.000,9999.000,9999.000
202603201136,   0.148,   0.298,9999.000,9999.000,9999.000,9999.000,9999.000,9999.000,9999.000
202603201142,   0.158,   0.321,9999.000,9999.000,9999.000,9999.000,9999.000,9999.000,9999.000
202603201148,   0.169,   0.341,9999.000,9999.000,9999.000,9999.000,9999.000,9999.000,9999.000
202603201154,   0.181,   0.370,9999.000,9999.000,9999.000,9999.000,9999.000,9999.000,9999.000
202603201200,   0.196,   0.400,   0.300,  -0.096,   0.400,   0.300,   0.400,   0.400,   0.500
202603201206,   0.212,   0.429,9999.000,9999.000,9999.000,9999.000,9999.000,9999.000,9999.000
202603201212,   0.229,   0.469,9999.000,9999.000,9999.000,9999.000,9999.000,9999.000,9999.000
202603201218,   0.248,   0.488,9999.000,9999.000,9999.000,9999.000,9999.000,9999.000,9999.000
202603201224,   0.269,   0.518,9999.000,9999.000,9999.000,9999.000,9999.000,9999.000,9999.000
202603201230,   0.290,   0.551,9999.000,9999.000,9999.000,9999.000,9999.000,9999.000,9999.000
202603201236,   0.313,   0.580,9999.000,9999.000,9999.000,9999.000,9999.000,9999.000,9999.000
202603201242,   0.337,   0.600,9999.000,9999.000,9999.000,9999.000,9999.000,9999.000,9999.000
202603201248,   0.361,   0.619,9999.000,9999.000,9999.000,9999.000,9999.000,9999.000,9999.000
202603201254,   0.387,   0.649,9999.000,9999.000,9999.000,9999.000,9999.000,9999.000,9999.000
202603201300,   0.413,   0.678,   0.300,  -0.035,   0.678,   0.300,   0.678,   0.400,   0.778
202603201306,   0.439,   0.688,9999.000,9999.000,9999.000,9999.000,9999.000,9999.000,9999.000
202603201312,   0.466,   0.718,9999.000,9999.000,9999.000,9999.000,9999.000,9999.000,9999.000
202603201318,   0.494,   0.751,9999.000,9999.000,9999.000,9999.000,9999.000,9999.000,9999.000
202603201324,   0.521,   0.780,9999.000,9999.000,9999.000,9999.000,9999.000,9999.000,9999.000
202603201330,   0.549,   0.800,9999.000,9999.000,9999.000,9999.000,9999.000,9999.000,9999.000
202603201336,   0.577,   0.839,9999.000,9999.000,9999.000,9999.000,9999.000,9999.000,9999.000
202603201342,   0.604,   0.869,9999.000,9999.000,9999.000,9999.000,9999.000,9999.000,9999.000
202603201348,   0.632,   0.908,9999.000,9999.000,9999.000,9999.000,9999.000,9999.000,9999.000
202603201354,   0.660,   0.928,9999.000,9999.000,9999.000,9999.000,9999.000,9999.000,9999.000
202603201400,   0.686,   0.980,   0.300,  -0.006,   0.980,   0.300,   0.980,   0.400,   1.080
202603201406,   0.713,   1.010,9999.000,9999.000,9999.000,9999.000,9999.000,9999.000,9999.000
202603201412,   0.740,   1.039,9999.000,9999.000,9999.000,9999.000,9999.000,9999.000,9999.000
202603201418,   0.766,   1.059,9999.000,9999.000,9999.000,9999.000,9999.000,9999.000,9999.000
202603201424,   0.791,   1.088,9999.000,9999.000,9999.000,9999.000,9999.000,9999.000,9999.000
202603201430,   0.816,   1.118,9999.000,9999.000,9999.000,9999.000,9999.000,9999.000,9999.000
202603201436,   0.841,   1.151,9999.000,9999.000,9999.000,9999.000,9999.000,9999.000,9999.000
202603201442,   0.865,   1.180,9999.000,9999.000,9999.000,9999.000,9999.000,9999.000,9999.000
202603201448,   0.889,   1.210,9999.000,9999.000,9999.000,9999.000,9999.000,9999.000,9999.000
202603201454,   0.912,   1.229,9999.000,9999.000,9999.000,9999.000,9999.000,9999.000,9999.000
202603201500,   0.934,   1.259,   0.400,  -0.075,   1.259,   0.300,   1.159,   0.400,   1.259
202603201506,   0.956,   1.289,9999.000,9999.000,9999.000,9999.000,9999.000,9999.000,9999.000
202603201512,   0.977,   1.318,9999.000,9999.000,9999.000,9999.000,9999.000,9999.000,9999.000
202603201518,   0.997,   1.328,9999.000,9999.000,9999.000,9999.000,9999.000,9999.000,9999.000
202603201524,   1.016,   1.361,9999.000,9999.000,9999.000,9999.000,9999.000,9999.000,9999.000
202603201530,   1.035,   1.380,9999.000,9999.000,9999.000,9999.000,9999.000,9999.000,9999.000
202603201536,   1.052,   1.410,9999.000,9999.000,9999.000,9999.000,9999.000,9999.000,9999.000
202603201542,   1.068,   1.430,9999.000,9999.000,9999.000,9999.000,9999.000,9999.000,9999.000
202603201548,   1.083,   1.430,9999.000,9999.000,9999.000,9999.000,9999.000,9999.000,9999.000
202603201554,   1.096,   1.449,9999.000,9999.000,9999.000,9999.000,9999.000,9999.000,9999.000
202603201600,   1.109,   1.469,   0.400,  -0.040,   1.469,   0.400,   1.469,   0.400,   1.469
202603201606,   1.119,   1.479,9999.000,9999.000,9999.000,9999.000,9999.000,9999.000,9999.000
202603201612,   1.129,   1.498,9999.000,9999.000,9999.000,9999.000,9999.000,9999.000,9999.000
202603201618,   1.136,   1.498,9999.000,9999.000,9999.000,9999.000,9999.000,9999.000,9999.000
202603201624,   1.142,   1.498,9999.000,9999.000,9999.000,9999.000,9999.000,9999.000,9999.000
202603201630,   1.146,   1.489,9999.000,9999.000,9999.000,9999.000,9999.000,9999.000,9999.000
202603201636,   1.149,   1.508,9999.000,9999.000,9999.000,9999.000,9999.000,9999.000,9999.000
202603201642,   1.149,   1.479,9999.000,9999.000,9999.000,9999.000,9999.000,9999.000,9999.000
202603201648,   1.148,   1.469,9999.000,9999.000,9999.000,9999.000,9999.000,9999.000,9999.000
202603201654,   1.145,   1.459,9999.000,9999.000,9999.000,9999.000,9999.000,9999.000,9999.000
202603201700,   1.140,   1.439,   0.400,  -0.101,   1.439,   0.400,   1.439,   0.500,   1.539
202603201706,   1.133,   1.420,9999.000,9999.000,9999.000,9999.000,9999.000,9999.000,9999.000
202603201712,   1.125,   1.400,9999.000,9999.000,9999.000,9999.000,9999.000,9999.000,9999.000
202603201718,   1.114,   1.371,9999.000,9999.000,9999.000,9999.000,9999.000,9999.000,9999.000
202603201724,   1.102,   1.348,9999.000,9999.000,9999.000,9999.000,9999.000,9999.000,9999.000
202603201730,   1.089,   1.318,9999.000,9999.000,9999.000,9999.000,9999.000,9999.000,9999.000
202603201736,   1.074,   1.298,9999.000,9999.000,9999.000,9999.000,9999.000,9999.000,9999.000
202603201742,   1.057,   1.269,9999.000,9999.000,9999.000,9999.000,9999.000,9999.000,9999.000
202603201748,   1.040,   1.249,9999.000,9999.000,9999.000,9999.000,9999.000,9999.000,9999.000
202603201754,   1.021,   1.229,9999.000,9999.000,9999.000,9999.000,9999.000,9999.000,9999.000
202603201800,   1.001,   1.200,   0.500,  -0.301,   1.200,   0.500,   1.200,   0.500,   1.200
202603201806,   0.980,   1.190,9999.000,9999.000,9999.000,9999.000,9999.000,9999.000,9999.000
202603201812,   0.959,   1.151,9999.000,9999.000,9999.000,9999.000,9999.000,9999.000,9999.000
202603201818,   0.936,   1.151,9999.000,9999.000,9999.000,9999.000,9999.000,9999.000,9999.000
202603201824,   0.914,   1.118,9999.000,9999.000,9999.000,9999.000,9999.000,9999.000,9999.000
202603201830,   0.890,   1.108,9999.000,9999.000,9999.000,9999.000,9999.000,9999.000,9999.000
202603201836,   0.867,   1.088,9999.000,9999.000,9999.000,9999.000,9999.000,9999.000,9999.000
202603201842,   0.843,   1.059,9999.000,9999.000,9999.000,9999.000,9999.000,9999.000,9999.000
202603201848,   0.819,   1.029,9999.000,9999.000,9999.000,9999.000,9999.000,9999.000,9999.000
202603201854,   0.795,   1.010,9999.000,9999.000,9999.000,9999.000,9999.000,9999.000,9999.000
202603201900,   0.771,   0.990,   0.500,  -0.281,   0.990,   0.500,   0.990,   0.600,   1.090
202603201906,   0.747,   0.951,9999.000,9999.000,9999.000,9999.000,9999.000,9999.000,9999.000
202603201912,   0.723,   0.928,9999.000,9999.000,9999.000,9999.000,9999.000,9999.000,9999.000
202603201918,   0.699,   0.888,9999.000,9999.000,9999.000,9999.000,9999.000,9999.000,9999.000
202603201924,   0.676,   0.869,9999.000,9999.000,9999.000,9999.000,9999.000,9999.000,9999.000
202603201930,   0.652,   0.829,9999.000,9999.000,9999.000,9999.000,9999.000,9999.000,9999.000
202603201936,   0.629,   0.819,9999.000,9999.000,9999.000,9999.000,9999.000,9999.000,9999.000
202603201942,   0.607,   0.810,9999.000,9999.000,9999.000,9999.000,9999.000,9999.000,9999.000
202603201948,   0.585,   0.790,9999.000,9999.000,9999.000,9999.000,9999.000,9999.000,9999.000
202603201954,   0.563,   0.760,9999.000,9999.000,9999.000,9999.000,9999.000,9999.000,9999.000
202603202000,   0.541,   0.731,   0.600,  -0.410,   0.731,   0.500,   0.631,   0.600,   0.731
202603202006,   0.520,   0.751,9999.000,9999.000,9999.000,9999.000,9999.000,9999.000,9999.000
202603202012,   0.499,   0.718,9999.000,9999.000,9999.000,9999.000,9999.000,9999.000,9999.000
202603202018,   0.479,   0.731,9999.000,9999.000,9999.000,9999.000,9999.000,9999.000,9999.000
202603202024,   0.458,   0.698,9999.000,9999.000,9999.000,9999.000,9999.000,9999.000,9999.000
202603202030,   0.439,   0.688,9999.000,9999.000,9999.000,9999.000,9999.000,9999.000,9999.000
202603202036,   0.419,   0.629,9999.000,9999.000,9999.000,9999.000,9999.000,9999.000,9999.000
202603202042,   0.400,   0.629,9999.000,9999.000,9999.000,9999.000,9999.000,9999.000,9999.000
202603202048,   0.381,   0.600,9999.000,9999.000,9999.000,9999.000,9999.000,9999.000,9999.000
202603202054,   0.363,   0.610,9999.000,9999.000,9999.000,9999.000,9999.000,9999.000,9999.000
202603202100,   0.345,   0.610,   0.600,  -0.335,   0.610,   0.600,   0.610,   0.600,   0.610
202603202106,   0.327,   0.590,9999.000,9999.000,9999.000,9999.000,9999.000,9999.000,9999.000
202603202112,   0.310,   0.580,9999.000,9999.000,9999.000,9999.000,9999.000,9999.000,9999.000
202603202118,   0.293,   0.551,9999.000,9999.000,9999.000,9999.000,9999.000,9999.000,9999.000
202603202124,   0.277,   0.531,9999.000,9999.000,9999.000,9999.000,9999.000,9999.000,9999.000
202603202130,   0.261,   0.498,9999.000,9999.000,9999.000,9999.000,9999.000,9999.000,9999.000
202603202136,   0.245,   0.518,9999.000,9999.000,9999.000,9999.000,9999.000,9999.000,9999.000
202603202142,   0.230,   0.508,9999.000,9999.000,9999.000,9999.000,9999.000,9999.000,9999.000
202603202148,   0.215,   0.488,9999.000,9999.000,9999.000,9999.000,9999.000,9999.000,9999.000
202603202154,   0.201,   0.488,9999.000,9999.000,9999.000,9999.000,9999.000,9999.000,9999.000
202603202200,   0.187,   0.459,   0.600,  -0.328,   0.459,   0.600,   0.459,   0.700,   0.559
202603202206,   0.175,   0.459,9999.000,9999.000,9999.000,9999.000,9999.000,9999.000,9999.000
202603202212,   0.162,   0.449,9999.000,9999.000,9999.000,9999.000,9999.000,9999.000,9999.000
202603202218,   0.151,   0.449,9999.000,9999.000,9999.000,9999.000,9999.000,9999.000,9999.000
202603202224,   0.140,   0.469,9999.000,9999.000,9999.000,9999.000,9999.000,9999.000,9999.000
202603202230,   0.131,   0.498,9999.000,9999.000,9999.000,9999.000,9999.000,9999.000,9999.000
202603202236,   0.122,   0.508,9999.000,9999.000,9999.000,9999.000,9999.000,9999.000,9999.000
202603202242,   0.114,   0.488,9999.000,9999.000,9999.000,9999.000,9999.000,9999.000,9999.000
202603202248,   0.108,   0.498,9999.000,9999.000,9999.000,9999.000,9999.000,9999.000,9999.000
202603202254,   0.102,   0.488,9999.000,9999.000,9999.000,9999.000,9999.000,9999.000,9999.000
202603202300,   0.098,   0.488,   0.600,  -0.210,   0.488,   0.500,   0.388,   0.700,   0.588
202603202306,   0.096,9999.000,9999.000,9999.000,9999.000,9999.000,9999.000,9999.000,9999.000
202603202312,   0.094,9999.000,9999.000,9999.000,9999.000,9999.000,9999.000,9999.000,9999.000
202603202318,   0.095,9999.000,9999.000,9999.000,9999.000,9999.000,9999.000,9999.000,9999.000
202603202324,   0.096,9999.000,9999.000,9999.000,9999.000,9999.000,9999.000,9999.000,9999.000
202603202330,   0.100,9999.000,9999.000,9999.000,9999.000,9999.000,9999.000,9999.000,9999.000
202603202336,   0.105,   0.600,9999.000,9999.000,9999.000,9999.000,9999.000,9999.000,9999.000
202603202342,   0.112,   0.619,9999.000,9999.000,9999.000,9999.000,9999.000,9999.000,9999.000
202603202348,   0.120,   0.619,9999.000,9999.000,9999.000,9999.000,9999.000,9999.000,9999.000
202603202354,   0.130,   0.659,9999.000,9999.000,9999.000,9999.000,9999.000,9999.000,9999.000
202603210000,   0.143,   0.669,   0.500,   0.026,   0.669,   0.500,   0.669,   0.600,   0.769
202603210006,   0.156,   0.698,9999.000,9999.000,9999.000,9999.000,9999.000,9999.000,9999.000
202603210012,   0.172,   0.741,9999.000,9999.000,9999.000,9999.000,9999.000,9999.000,9999.000
202603210018,   0.189,   0.751,9999.000,9999.000,9999.000,9999.000,9999.000,9999.000,9999.000
202603210024,   0.208,   0.751,9999.000,9999.000,9999.000,9999.000,9999.000,9999.000,9999.000
202603210030,   0.229,   0.819,9999.000,9999.000,9999.000,9999.000,9999.000,9999.000,9999.000
202603210036,   0.251,   0.819,9999.000,9999.000,9999.000,9999.000,9999.000,9999.000,9999.000
202603210042,   0.275,   0.869,9999.000,9999.000,9999.000,9999.000,9999.000,9999.000,9999.000
202603210048,   0.299,   0.928,9999.000,9999.000,9999.000,9999.000,9999.000,9999.000,9999.000
202603210054,   0.326,   0.990,9999.000,9999.000,9999.000,9999.000,9999.000,9999.000,9999.000
202603210100,   0.353,   1.010,   0.500,   0.157,   1.010,   0.500,   1.010,   0.600,   1.110
202603210106,   0.381,   1.059,9999.000,9999.000,9999.000,9999.000,9999.000,9999.000,9999.000
202603210112,   0.410,   1.088,9999.000,9999.000,9999.000,9999.000,9999.000,9999.000,9999.000
202603210118,   0.440,   1.170,9999.000,9999.000,9999.000,9999.000,9999.000,9999.000,9999.000
202603210124,   0.471,   1.180,9999.000,9999.000,9999.000,9999.000,9999.000,9999.000,9999.000
202603210130,   0.502,   1.128,9999.000,9999.000,9999.000,9999.000,9999.000,9999.000,9999.000
202603210136,   0.533,   1.269,9999.000,9999.000,9999.000,9999.000,9999.000,9999.000,9999.000
202603210142,   0.565,   1.210,9999.000,9999.000,9999.000,9999.000,9999.000,9999.000,9999.000
202603210148,   0.596,   1.298,9999.000,9999.000,9999.000,9999.000,9999.000,9999.000,9999.000
202603210154,   0.628,   1.298,9999.000,9999.000,9999.000,9999.000,9999.000,9999.000,9999.000
202603210200,   0.660,   1.361,   0.500,   0.201,   1.361,   0.400,   1.261,   0.600,   1.461
202603210206,   0.692,   1.410,9999.000,9999.000,9999.000,9999.000,9999.000,9999.000,9999.000
202603210212,   0.723,   1.338,9999.000,9999.000,9999.000,9999.000,9999.000,9999.000,9999.000
202603210218,   0.754,   1.449,9999.000,9999.000,9999.000,9999.000,9999.000,9999.000,9999.000
202603210224,   0.785,   1.430,9999.000,9999.000,9999.000,9999.000,9999.000,9999.000,9999.000
202603210230,   0.816,   1.479,9999.000,9999.000,9999.000,9999.000,9999.000,9999.000,9999.000
202603210236,   0.846,   1.489,9999.000,9999.000,9999.000,9999.000,9999.000,9999.000,9999.000
202603210242,   0.876,   1.580,9999.000,9999.000,9999.000,9999.000,9999.000,9999.000,9999.000
202603210248,   0.905,   1.571,9999.000,9999.000,9999.000,9999.000,9999.000,9999.000,9999.000
202603210254,   0.934,   1.600,9999.000,9999.000,9999.000,9999.000,9999.000,9999.000,9999.000
202603210300,   0.962,   1.669,   0.400,   0.307,   1.669,   0.300,   1.569,   0.500,   1.769
202603210306,   0.989,   1.728,9999.000,9999.000,9999.000,9999.000,9999.000,9999.000,9999.000
202603210312,   1.016,   1.679,9999.000,9999.000,9999.000,9999.000,9999.000,9999.000,9999.000
202603210318,   1.042,   1.748,9999.000,9999.000,9999.000,9999.000,9999.000,9999.000,9999.000
202603210324,   1.068,   1.781,9999.000,9999.000,9999.000,9999.000,9999.000,9999.000,9999.000
202603210330,   1.092,   1.767,9999.000,9999.000,9999.000,9999.000,9999.000,9999.000,9999.000
202603210336,   1.116,   1.820,9999.000,9999.000,9999.000,9999.000,9999.000,9999.000,9999.000
202603210342,   1.139,   1.869,9999.000,9999.000,9999.000,9999.000,9999.000,9999.000,9999.000
202603210348,   1.161,   1.889,9999.000,9999.000,9999.000,9999.000,9999.000,9999.000,9999.000
202603210354,   1.182,   1.889,9999.000,9999.000,9999.000,9999.000,9999.000,9999.000,9999.000
202603210400,   1.202,   1.928,   0.300,   0.426,   1.928,   0.200,   1.828,   0.500,   2.128
202603210406,   1.221,   1.967,9999.000,9999.000,9999.000,9999.000,9999.000,9999.000,9999.000
202603210412,   1.239,   1.981,9999.000,9999.000,9999.000,9999.000,9999.000,9999.000,9999.000
202603210418,   1.255,   1.990,9999.000,9999.000,9999.000,9999.000,9999.000,9999.000,9999.000
202603210424,   1.269,   2.049,9999.000,9999.000,9999.000,9999.000,9999.000,9999.000,9999.000
202603210430,   1.283,   2.049,9999.000,9999.000,9999.000,9999.000,9999.000,9999.000,9999.000
202603210436,   1.294,   2.040,9999.000,9999.000,9999.000,9999.000,9999.000,9999.000,9999.000
202603210442,   1.304,   2.069,9999.000,9999.000,9999.000,9999.000,9999.000,9999.000,9999.000
202603210448,   1.312,   2.118,9999.000,9999.000,9999.000,9999.000,9999.000,9999.000,9999.000
202603210454,   1.319,   2.089,9999.000,9999.000,9999.000,9999.000,9999.000,9999.000,9999.000
202603210500,   1.323,   2.148,   0.200,   0.625,   2.148,   0.100,   2.048,   0.400,   2.348
202603210506,   1.326,   2.128,9999.000,9999.000,9999.000,9999.000,9999.000,9999.000,9999.000
202603210512,   1.326,   2.059,9999.000,9999.000,9999.000,9999.000,9999.000,9999.000,9999.000
202603210518,   1.325,   2.079,9999.000,9999.000,9999.000,9999.000,9999.000,9999.000,9999.000
202603210524,   1.322,   2.049,9999.000,9999.000,9999.000,9999.000,9999.000,9999.000,9999.000
202603210530,   1.317,   2.040,9999.000,9999.000,9999.000,9999.000,9999.000,9999.000,9999.000
202603210536,   1.310,   2.040,9999.000,9999.000,9999.000,9999.000,9999.000,9999.000,9999.000
202603210542,   1.302,   2.020,9999.000,9999.000,9999.000,9999.000,9999.000,9999.000,9999.000
202603210548,   1.291,   1.981,9999.000,9999.000,9999.000,9999.000,9999.000,9999.000,9999.000
202603210554,   1.279,   1.928,9999.000,9999.000,9999.000,9999.000,9999.000,9999.000,9999.000
202603210600,   1.265,   1.948,   0.200,   0.483,   1.948,   0.100,   1.848,   0.400,   2.148
202603210606,   1.250,   1.908,9999.000,9999.000,9999.000,9999.000,9999.000,9999.000,9999.000
202603210612,   1.233,   1.889,9999.000,9999.000,9999.000,9999.000,9999.000,9999.000,9999.000
202603210618,   1.215,   1.869,9999.000,9999.000,9999.000,9999.000,9999.000,9999.000,9999.000
202603210624,   1.196,   1.830,9999.000,9999.000,9999.000,9999.000,9999.000,9999.000,9999.000
202603210630,   1.176,   1.810,9999.000,9999.000,9999.000,9999.000,9999.000,9999.000,9999.000
202603210636,   1.155,   1.767,9999.000,9999.000,9999.000,9999.000,9999.000,9999.000,9999.000
202603210642,   1.133,   1.748,9999.000,9999.000,9999.000,9999.000,9999.000,9999.000,9999.000
202603210648,   1.111,   1.738,9999.000,9999.000,9999.000,9999.000,9999.000,9999.000,9999.000
202603210654,   1.087,   1.689,9999.000,9999.000,9999.000,9999.000,9999.000,9999.000,9999.000
202603210700,   1.064,   1.639,   0.300,   0.275,   1.639,   0.100,   1.439,   0.400,   1.739
202603210706,   1.040,   1.600,9999.000,9999.000,9999.000,9999.000,9999.000,9999.000,9999.000
202603210712,   1.015,   1.580,9999.000,9999.000,9999.000,9999.000,9999.000,9999.000,9999.000
202603210718,   0.991,   1.548,9999.000,9999.000,9999.000,9999.000,9999.000,9999.000,9999.000
202603210724,   0.966,   1.528,9999.000,9999.000,9999.000,9999.000,9999.000,9999.000,9999.000
202603210730,   0.941,   1.479,9999.000,9999.000,9999.000,9999.000,9999.000,9999.000,9999.000
202603210736,   0.917,   1.449,9999.000,9999.000,9999.000,9999.000,9999.000,9999.000,9999.000
202603210742,   0.892,   1.410,9999.000,9999.000,9999.000,9999.000,9999.000,9999.000,9999.000
202603210748,   0.867,   1.380,9999.000,9999.000,9999.000,9999.000,9999.000,9999.000,9999.000
202603210754,   0.843,   1.361,9999.000,9999.000,9999.000,9999.000,9999.000,9999.000,9999.000
202603210800,   0.819,   1.318,   0.300,   0.199,   1.318,   0.200,   1.218,   0.400,   1.418
202603210806,   0.795,   1.279,9999.000,9999.000,9999.000,9999.000,9999.000,9999.000,9999.000
202603210812,   0.771,   1.259,9999.000,9999.000,9999.000,9999.000,9999.000,9999.000,9999.000
202603210818,   0.747,   1.229,9999.000,9999.000,9999.000,9999.000,9999.000,9999.000,9999.000
202603210824,   0.723,   1.200,9999.000,9999.000,9999.000,9999.000,9999.000,9999.000,9999.000
202603210830,   0.700,   1.180,9999.000,9999.000,9999.000,9999.000,9999.000,9999.000,9999.000
202603210836,   0.677,   1.138,9999.000,9999.000,9999.000,9999.000,9999.000,9999.000,9999.000
202603210842,   0.654,   1.108,9999.000,9999.000,9999.000,9999.000,9999.000,9999.000,9999.000
202603210848,   0.632,   1.079,9999.000,9999.000,9999.000,9999.000,9999.000,9999.000,9999.000
202603210854,   0.609,   1.039,9999.000,9999.000,9999.000,9999.000,9999.000,9999.000,9999.000
202603210900,   0.587,   1.049,   0.300,   0.162,   1.049,   0.200,   0.949,   0.400,   1.149
202603210906,   0.565,   0.980,9999.000,9999.000,9999.000,9999.000,9999.000,9999.000,9999.000
202603210912,   0.543,   0.980,9999.000,9999.000,9999.000,9999.000,9999.000,9999.000,9999.000
202603210918,   0.522,   0.928,9999.000,9999.000,9999.000,9999.000,9999.000,9999.000,9999.000
202603210924,   0.501,   0.908,9999.000,9999.000,9999.000,9999.000,9999.000,9999.000,9999.000
202603210930,   0.480,   0.888,9999.000,9999.000,9999.000,9999.000,9999.000,9999.000,9999.000
202603210936,   0.459,   0.859,9999.000,9999.000,9999.000,9999.000,9999.000,9999.000,9999.000
202603210942,   0.439,   0.839,9999.000,9999.000,9999.000,9999.000,9999.000,9999.000,9999.000
202603210948,   0.418,   0.819,9999.000,9999.000,9999.000,9999.000,9999.000,9999.000,9999.000
202603210954,   0.399,   0.800,9999.000,9999.000,9999.000,9999.000,9999.000,9999.000,9999.000
202603211000,   0.379,   0.770,   0.300,   0.091,   0.770,   0.200,   0.670,   0.400,   0.870
202603211006,   0.360,   0.770,9999.000,9999.000,9999.000,9999.000,9999.000,9999.000,9999.000
202603211012,   0.342,   0.731,9999.000,9999.000,9999.000,9999.000,9999.000,9999.000,9999.000
202603211018,   0.323,   0.718,9999.000,9999.000,9999.000,9999.000,9999.000,9999.000,9999.000
202603211024,   0.306,   0.698,9999.000,9999.000,9999.000,9999.000,9999.000,9999.000,9999.000
202603211030,   0.289,   0.688,9999.000,9999.000,9999.000,9999.000,9999.000,9999.000,9999.000
202603211036,   0.272,   0.669,9999.000,9999.000,9999.000,9999.000,9999.000,9999.000,9999.000
202603211042,   0.256,   0.629,9999.000,9999.000,9999.000,9999.000,9999.000,9999.000,9999.000
202603211048,   0.241,   0.639,9999.000,9999.000,9999.000,9999.000,9999.000,9999.000,9999.000
202603211054,   0.227,   0.600,9999.000,9999.000,9999.000,9999.000,9999.000,9999.000,9999.000
202603211100,   0.214,   0.580,   0.300,   0.066,   0.580,   0.100,   0.380,   0.400,   0.680
202603211106,   0.201,   0.560,9999.000,9999.000,9999.000,9999.000,9999.000,9999.000,9999.000
202603211112,   0.190,   0.560,9999.000,9999.000,9999.000,9999.000,9999.000,9999.000,9999.000
202603211118,   0.180,   0.541,9999.000,9999.000,9999.000,9999.000,9999.000,9999.000,9999.000
202603211124,   0.171,   0.508,9999.000,9999.000,9999.000,9999.000,9999.000,9999.000,9999.000
202603211130,   0.163,   0.508,9999.000,9999.000,9999.000,9999.000,9999.000,9999.000,9999.000
202603211136,   0.157,   0.488,9999.000,9999.000,9999.000,9999.000,9999.000,9999.000,9999.000
202603211142,   0.152,   0.488,9999.000,9999.000,9999.000,9999.000,9999.000,9999.000,9999.000
202603211148,   0.149,   0.488,9999.000,9999.000,9999.000,9999.000,9999.000,9999.000,9999.000
202603211154,   0.147,   0.459,9999.000,9999.000,9999.000,9999.000,9999.000,9999.000,9999.000
202603211200,   0.147,   0.478,   0.400,  -0.069,   0.478,   0.300,   0.378,   0.400,   0.478
202603211206,   0.148,   0.459,9999.000,9999.000,9999.000,9999.000,9999.000,9999.000,9999.000
202603211212,   0.152,   0.508,9999.000,9999.000,9999.000,9999.000,9999.000,9999.000,9999.000
202603211218,   0.157,   0.488,9999.000,9999.000,9999.000,9999.000,9999.000,9999.000,9999.000
202603211224,   0.164,   0.508,9999.000,9999.000,9999.000,9999.000,9999.000,9999.000,9999.000
202603211230,   0.172,   0.498,9999.000,9999.000,9999.000,9999.000,9999.000,9999.000,9999.000
202603211236,   0.183,   0.541,9999.000,9999.000,9999.000,9999.000,9999.000,9999.000,9999.000
202603211242,   0.195,   0.590,9999.000,9999.000,9999.000,9999.000,9999.000,9999.000,9999.000
202603211248,   0.208,   0.600,9999.000,9999.000,9999.000,9999.000,9999.000,9999.000,9999.000
202603211254,   0.224,   0.649,9999.000,9999.000,9999.000,9999.000,9999.000,9999.000,9999.000
202603211300,   0.240,   0.649,   0.400,   0.009,   0.649,   0.300,   0.549,   0.500,   0.749
202603211306,   0.259,   0.698,9999.000,9999.000,9999.000,9999.000,9999.000,9999.000,9999.000
202603211312,   0.278,   0.708,9999.000,9999.000,9999.000,9999.000,9999.000,9999.000,9999.000
202603211318,   0.299,   0.760,9999.000,9999.000,9999.000,9999.000,9999.000,9999.000,9999.000
202603211324,   0.321,   0.770,9999.000,9999.000,9999.000,9999.000,9999.000,9999.000,9999.000
202603211330,   0.344,   0.819,9999.000,9999.000,9999.000,9999.000,9999.000,9999.000,9999.000
202603211336,   0.368,   0.849,9999.000,9999.000,9999.000,9999.000,9999.000,9999.000,9999.000
202603211342,   0.392,   0.879,9999.000,9999.000,9999.000,9999.000,9999.000,9999.000,9999.000
202603211348,   0.418,   0.888,9999.000,9999.000,9999.000,9999.000,9999.000,9999.000,9999.000
202603211354,   0.444,   0.918,9999.000,9999.000,9999.000,9999.000,9999.000,9999.000,9999.000
202603211400,   0.470,   0.941,   0.500,  -0.029,   0.941,   0.400,   0.841,   0.500,   0.941
202603211406,   0.496,9999.000,9999.000,9999.000,9999.000,9999.000,9999.000,9999.000,9999.000
202603211412,   0.523,9999.000,9999.000,9999.000,9999.000,9999.000,9999.000,9999.000,9999.000
202603211418,   0.550,9999.000,9999.000,9999.000,9999.000,9999.000,9999.000,9999.000,9999.000
202603211424,   0.576,9999.000,9999.000,9999.000,9999.000,9999.000,9999.000,9999.000,9999.000
202603211430,   0.603,9999.000,9999.000,9999.000,9999.000,9999.000,9999.000,9999.000,9999.000
202603211436,   0.630,9999.000,9999.000,9999.000,9999.000,9999.000,9999.000,9999.000,9999.000
202603211442,   0.656,9999.000,9999.000,9999.000,9999.000,9999.000,9999.000,9999.000,9999.000
202603211448,   0.682,9999.000,9999.000,9999.000,9999.000,9999.000,9999.000,9999.000,9999.000
202603211454,   0.707,9999.000,9999.000,9999.000,9999.000,9999.000,9999.000,9999.000,9999.000
202603211500,   0.733,   1.289,   0.500,   0.056,   1.289,   0.400,   1.189,   0.500,   1.289
202603211506,   0.758,   1.289,9999.000,9999.000,9999.000,9999.000,9999.000,9999.000,9999.000
202603211512,   0.782,   1.298,9999.000,9999.000,9999.000,9999.000,9999.000,9999.000,9999.000
202603211518,   0.806,   1.348,9999.000,9999.000,9999.000,9999.000,9999.000,9999.000,9999.000
202603211524,   0.829,   1.390,9999.000,9999.000,9999.000,9999.000,9999.000,9999.000,9999.000
202603211530,   0.852,   1.430,9999.000,9999.000,9999.000,9999.000,9999.000,9999.000,9999.000
202603211536,   0.874,   1.459,9999.000,9999.000,9999.000,9999.000,9999.000,9999.000,9999.000
202603211542,   0.896,   1.469,9999.000,9999.000,9999.000,9999.000,9999.000,9999.000,9999.000
202603211548,   0.917,   1.479,9999.000,9999.000,9999.000,9999.000,9999.000,9999.000,9999.000
202603211554,   0.937,   1.518,9999.000,9999.000,9999.000,9999.000,9999.000,9999.000,9999.000
202603211600,   0.956,   1.528,   0.400,   0.172,   1.528,   0.400,   1.528,   0.500,   1.628
202603211606,   0.975,   1.590,9999.000,9999.000,9999.000,9999.000,9999.000,9999.000,9999.000
202603211612,   0.993,   1.571,9999.000,9999.000,9999.000,9999.000,9999.000,9999.000,9999.000
202603211618,   1.009,   1.590,9999.000,9999.000,9999.000,9999.000,9999.000,9999.000,9999.000
202603211624,   1.025,   1.610,9999.000,9999.000,9999.000,9999.000,9999.000,9999.000,9999.000
202603211630,   1.040,   1.600,9999.000,9999.000,9999.000,9999.000,9999.000,9999.000,9999.000
202603211636,   1.054,   1.630,9999.000,9999.000,9999.000,9999.000,9999.000,9999.000,9999.000
202603211642,   1.066,   1.679,9999.000,9999.000,9999.000,9999.000,9999.000,9999.000,9999.000
202603211648,   1.077,   1.649,9999.000,9999.000,9999.000,9999.000,9999.000,9999.000,9999.000
202603211654,   1.087,   1.639,9999.000,9999.000,9999.000,9999.000,9999.000,9999.000,9999.000
202603211700,   1.095,   1.699,   0.400,   0.204,   1.699,   0.300,   1.599,   0.500,   1.799
202603211706,   1.101,   1.649,9999.000,9999.000,9999.000,9999.000,9999.000,9999.000,9999.000
202603211712,   1.106,   1.659,9999.000,9999.000,9999.000,9999.000,9999.000,9999.000,9999.000
202603211718,   1.109,   1.649,9999.000,9999.000,9999.000,9999.000,9999.000,9999.000,9999.000
202603211724,   1.111,   1.679,9999.000,9999.000,9999.000,9999.000,9999.000,9999.000,9999.000
202603211730,   1.110,   1.649,9999.000,9999.000,9999.000,9999.000,9999.000,9999.000,9999.000
202603211736,   1.108,   1.600,9999.000,9999.000,9999.000,9999.000,9999.000,9999.000,9999.000
202603211742,   1.104,   1.590,9999.000,9999.000,9999.000,9999.000,9999.000,9999.000,9999.000
202603211748,   1.099,   1.571,9999.000,9999.000,9999.000,9999.000,9999.000,9999.000,9999.000
202603211754,   1.091,   1.518,9999.000,9999.000,9999.000,9999.000,9999.000,9999.000,9999.000
202603211800,   1.082,   1.518,   0.500,  -0.064,   1.518,   0.400,   1.418,   0.500,   1.518
202603211806,   1.071,9999.000,9999.000,9999.000,9999.000,9999.000,9999.000,9999.000,9999.000
202603211812,   1.059,9999.000,9999.000,9999.000,9999.000,9999.000,9999.000,9999.000,9999.000
202603211818,   1.045,9999.000,9999.000,9999.000,9999.000,9999.000,9999.000,9999.000,9999.000
202603211824,   1.029,9999.000,9999.000,9999.000,9999.000,9999.000,9999.000,9999.000,9999.000
202603211830,   1.012,   1.371,9999.000,9999.000,9999.000,9999.000,9999.000,9999.000,9999.000
202603211836,   0.994,   1.390,9999.000,9999.000,9999.000,9999.000,9999.000,9999.000,9999.000
202603211842,   0.974,   1.318,9999.000,9999.000,9999.000,9999.000,9999.000,9999.000,9999.000
202603211848,   0.954,   1.308,9999.000,9999.000,9999.000,9999.000,9999.000,9999.000,9999.000
202603211854,   0.933,   1.308,9999.000,9999.000,9999.000,9999.000,9999.000,9999.000,9999.000
202603211900,   0.910,   1.239,   0.500,  -0.171,   1.239,   0.400,   1.139,   0.500,   1.239
202603211906,   0.888,   1.259,9999.000,9999.000,9999.000,9999.000,9999.000,9999.000,9999.000
202603211912,   0.864,   1.229,9999.000,9999.000,9999.000,9999.000,9999.000,9999.000,9999.000
202603211918,   0.840,   1.190,9999.000,9999.000,9999.000,9999.000,9999.000,9999.000,9999.000
202603211924,   0.816,9999.000,9999.000,9999.000,9999.000,9999.000,9999.000,9999.000,9999.000
202603211930,   0.792,   1.108,9999.000,9999.000,9999.000,9999.000,9999.000,9999.000,9999.000
202603211936,   0.767,   1.079,9999.000,9999.000,9999.000,9999.000,9999.000,9999.000,9999.000
202603211942,   0.743,   1.020,9999.000,9999.000,9999.000,9999.000,9999.000,9999.000,9999.000
202603211948,   0.718,   1.039,9999.000,9999.000,9999.000,9999.000,9999.000,9999.000,9999.000
202603211954,   0.694,   1.000,9999.000,9999.000,9999.000,9999.000,9999.000,9999.000,9999.000
202603212000,   0.669,   0.951,   0.500,  -0.218,   0.951,   0.500,   0.951,   0.600,   1.051
202603212006,   0.645,   0.961,9999.000,9999.000,9999.000,9999.000,9999.000,9999.000,9999.000
202603212012,   0.621,   0.888,9999.000,9999.000,9999.000,9999.000,9999.000,9999.000,9999.000
202603212018,   0.598,   0.879,9999.000,9999.000,9999.000,9999.000,9999.000,9999.000,9999.000
202603212024,   0.575,   0.829,9999.000,9999.000,9999.000,9999.000,9999.000,9999.000,9999.000
202603212030,   0.552,   0.800,9999.000,9999.000,9999.000,9999.000,9999.000,9999.000,9999.000
202603212036,   0.530,   0.849,9999.000,9999.000,9999.000,9999.000,9999.000,9999.000,9999.000
202603212042,   0.508,   0.741,9999.000,9999.000,9999.000,9999.000,9999.000,9999.000,9999.000
202603212048,   0.486,   0.790,9999.000,9999.000,9999.000,9999.000,9999.000,9999.000,9999.000
202603212054,   0.465,   0.688,9999.000,9999.000,9999.000,9999.000,9999.000,9999.000,9999.000
202603212100,   0.444,   0.741,   0.600,  -0.303,   0.741,   0.500,   0.641,   0.600,   0.741
202603212106,   0.424,   0.639,9999.000,9999.000,9999.000,9999.000,9999.000,9999.000,9999.000
202603212112,   0.404,   0.639,9999.000,9999.000,9999.000,9999.000,9999.000,9999.000,9999.000
202603212118,   0.385,   0.600,9999.000,9999.000,9999.000,9999.000,9999.000,9999.000,9999.000
202603212124,   0.366,   0.629,9999.000,9999.000,9999.000,9999.000,9999.000,9999.000,9999.000
202603212130,   0.348,   0.610,9999.000,9999.000,9999.000,9999.000,9999.000,9999.000,9999.000
202603212136,   0.329,   0.518,9999.000,9999.000,9999.000,9999.000,9999.000,9999.000,9999.000
202603212142,   0.312,   0.531,9999.000,9999.000,9999.000,9999.000,9999.000,9999.000,9999.000
202603212148,   0.295,   0.488,9999.000,9999.000,9999.000,9999.000,9999.000,9999.000,9999.000
202603212154,   0.278,   0.459,9999.000,9999.000,9999.000,9999.000,9999.000,9999.000,9999.000
202603212200,   0.262,   0.449,   0.600,  -0.413,   0.449,   0.500,   0.349,   0.700,   0.549
202603212206,   0.246,   0.419,9999.000,9999.000,9999.000,9999.000,9999.000,9999.000,9999.000
202603212212,   0.230,   0.409,9999.000,9999.000,9999.000,9999.000,9999.000,9999.000,9999.000
202603212218,   0.216,   0.370,9999.000,9999.000,9999.000,9999.000,9999.000,9999.000,9999.000
202603212224,   0.201,   0.350,9999.000,9999.000,9999.000,9999.000,9999.000,9999.000,9999.000
202603212230,   0.188,   0.331,9999.000,9999.000,9999.000,9999.000,9999.000,9999.000,9999.000
202603212236,   0.174,   0.321,9999.000,9999.000,9999.000,9999.000,9999.000,9999.000,9999.000
202603212242,   0.162,   0.321,9999.000,9999.000,9999.000,9999.000,9999.000,9999.000,9999.000
202603212248,   0.150,   0.278,9999.000,9999.000,9999.000,9999.000,9999.000,9999.000,9999.000
202603212254,   0.139,   0.278,9999.000,9999.000,9999.000,9999.000,9999.000,9999.000,9999.000
202603212300,   0.129,   0.239,   0.600,  -0.490,   0.239,   0.600,   0.239,   0.700,   0.339
202603212306,   0.119,   0.239,9999.000,9999.000,9999.000,9999.000,9999.000,9999.000,9999.000
202603212312,   0.110,   0.209,9999.000,9999.000,9999.000,9999.000,9999.000,9999.000,9999.000
202603212318,   0.103,   0.229,9999.000,9999.000,9999.000,9999.000,9999.000,9999.000,9999.000
202603212324,   0.096,   0.190,9999.000,9999.000,9999.000,9999.000,9999.000,9999.000,9999.000
202603212330,   0.090,   0.209,9999.000,9999.000,9999.000,9999.000,9999.000,9999.000,9999.000
202603212336,   0.086,   0.180,9999.000,9999.000,9999.000,9999.000,9999.000,9999.000,9999.000
202603212342,   0.082,   0.200,9999.000,9999.000,9999.000,9999.000,9999.000,9999.000,9999.000
202603212348,   0.080,   0.170,9999.000,9999.000,9999.000,9999.000,9999.000,9999.000,9999.000
202603212354,   0.080,   0.170,9999.000,9999.000,9999.000,9999.000,9999.000,9999.000,9999.000
202603220000,   0.080,   0.180,   0.600,  -0.500,   0.180,   0.500,   0.080,   0.600,   0.180
202603220006,   0.083,   0.229,9999.000,9999.000,9999.000,9999.000,9999.000,9999.000,9999.000
202603220012,   0.086,   0.229,9999.000,9999.000,9999.000,9999.000,9999.000,9999.000,9999.000
202603220018,   0.092,   0.268,9999.000,9999.000,9999.000,9999.000,9999.000,9999.000,9999.000
202603220024,   0.099,   0.259,9999.000,9999.000,9999.000,9999.000,9999.000,9999.000,9999.000
202603220030,   0.108,   0.341,9999.000,9999.000,9999.000,9999.000,9999.000,9999.000,9999.000
202603220036,   0.118,   0.331,9999.000,9999.000,9999.000,9999.000,9999.000,9999.000,9999.000
202603220042,   0.131,   0.390,9999.000,9999.000,9999.000,9999.000,9999.000,9999.000,9999.000
202603220048,   0.145,   0.409,9999.000,9999.000,9999.000,9999.000,9999.000,9999.000,9999.000
202603220054,   0.160,   0.459,9999.000,9999.000,9999.000,9999.000,9999.000,9999.000,9999.000
202603220100,   0.178,   0.478,   0.500,  -0.200,   0.478,   0.500,   0.478,   0.600,   0.578
202603220106,   0.197,   0.508,9999.000,9999.000,9999.000,9999.000,9999.000,9999.000,9999.000
202603220112,   0.218,   0.541,9999.000,9999.000,9999.000,9999.000,9999.000,9999.000,9999.000
202603220118,   0.240,   0.560,9999.000,9999.000,9999.000,9999.000,9999.000,9999.000,9999.000
202603220124,   0.264,   0.590,9999.000,9999.000,9999.000,9999.000,9999.000,9999.000,9999.000
202603220130,   0.289,   0.629,9999.000,9999.000,9999.000,9999.000,9999.000,9999.000,9999.000
202603220136,   0.315,   0.669,9999.000,9999.000,9999.000,9999.000,9999.000,9999.000,9999.000
202603220142,   0.343,   0.698,9999.000,9999.000,9999.000,9999.000,9999.000,9999.000,9999.000
202603220148,   0.372,   0.708,9999.000,9999.000,9999.000,9999.000,9999.000,9999.000,9999.000
202603220154,   0.401,   0.741,9999.000,9999.000,9999.000,9999.000,9999.000,9999.000,9999.000
202603220200,   0.432,   0.790,   0.500,  -0.142,   0.790,   0.500,   0.790,   0.600,   0.890
202603220206,   0.463,   0.829,9999.000,9999.000,9999.000,9999.000,9999.000,9999.000,9999.000
202603220212,   0.495,   0.859,9999.000,9999.000,9999.000,9999.000,9999.000,9999.000,9999.000
202603220218,   0.527,   0.898,9999.000,9999.000,9999.000,9999.000,9999.000,9999.000,9999.000
202603220224,   0.559,   0.941,9999.000,9999.000,9999.000,9999.000,9999.000,9999.000,9999.000
202603220230,   0.592,   0.980,9999.000,9999.000,9999.000,9999.000,9999.000,9999.000,9999.000
202603220236,   0.625,   1.020,9999.000,9999.000,9999.000,9999.000,9999.000,9999.000,9999.000
202603220242,   0.657,   1.059,9999.000,9999.000,9999.000,9999.000,9999.000,9999.000,9999.000
202603220248,   0.690,   1.098,9999.000,9999.000,9999.000,9999.000,9999.000,9999.000,9999.000
202603220254,   0.722,   1.138,9999.000,9999.000,9999.000,9999.000,9999.000,9999.000,9999.000
202603220300,   0.754,   1.170,   0.600,  -0.184,   1.170,   0.600,   1.170,   0.600,   1.170
202603220306,   0.786,9999.000,9999.000,9999.000,9999.000,9999.000,9999.000,9999.000,9999.000
202603220312,   0.817,9999.000,9999.000,9999.000,9999.000,9999.000,9999.000,9999.000,9999.000
202603220318,   0.848,9999.000,9999.000,9999.000,9999.000,9999.000,9999.000,9999.000,9999.000
202603220324,   0.879,9999.000,9999.000,9999.000,9999.000,9999.000,9999.000,9999.000,9999.000
202603220330,   0.908,9999.000,9999.000,9999.000,9999.000,9999.000,9999.000,9999.000,9999.000
202603220336,   0.937,9999.000,9999.000,9999.000,9999.000,9999.000,9999.000,9999.000,9999.000
202603220342,   0.966,9999.000,9999.000,9999.000,9999.000,9999.000,9999.000,9999.000,9999.000
202603220348,   0.994,9999.000,9999.000,9999.000,9999.000,9999.000,9999.000,9999.000,9999.000
202603220354,   1.021,9999.000,9999.000,9999.000,9999.000,9999.000,9999.000,9999.000,9999.000
202603220400,   1.048,   1.518,   0.600,  -0.130,   1.518,   0.600,   1.518,   0.700,   1.618
202603220406,   1.074,   1.518,9999.000,9999.000,9999.000,9999.000,9999.000,9999.000,9999.000
202603220412,   1.099,   1.518,9999.000,9999.000,9999.000,9999.000,9999.000,9999.000,9999.000
202603220418,   1.123,   1.548,9999.000,9999.000,9999.000,9999.000,9999.000,9999.000,9999.000
202603220424,   1.147,   1.600,9999.000,9999.000,9999.000,9999.000,9999.000,9999.000,9999.000
202603220430,   1.169,   1.600,9999.000,9999.000,9999.000,9999.000,9999.000,9999.000,9999.000
202603220436,   1.191,   1.620,9999.000,9999.000,9999.000,9999.000,9999.000,9999.000,9999.000
202603220442,   1.211,   1.639,9999.000,9999.000,9999.000,9999.000,9999.000,9999.000,9999.000
202603220448,   1.231,   1.659,9999.000,9999.000,9999.000,9999.000,9999.000,9999.000,9999.000
202603220454,   1.249,   1.669,9999.000,9999.000,9999.000,9999.000,9999.000,9999.000,9999.000
202603220500,   1.266,   1.689,   0.700,  -0.277,   1.689,   0.600,   1.589,   0.700,   1.689
202603220506,   1.282,   1.718,9999.000,9999.000,9999.000,9999.000,9999.000,9999.000,9999.000
202603220512,   1.296,   1.738,9999.000,9999.000,9999.000,9999.000,9999.000,9999.000,9999.000
202603220518,   1.309,   1.758,9999.000,9999.000,9999.000,9999.000,9999.000,9999.000,9999.000
202603220524,   1.320,   1.781,9999.000,9999.000,9999.000,9999.000,9999.000,9999.000,9999.000
202603220530,   1.330,   1.781,9999.000,9999.000,9999.000,9999.000,9999.000,9999.000,9999.000
202603220536,   1.338,   1.781,9999.000,9999.000,9999.000,9999.000,9999.000,9999.000,9999.000
202603220542,   1.344,   1.810,9999.000,9999.000,9999.000,9999.000,9999.000,9999.000,9999.000
202603220548,   1.348,   1.820,9999.000,9999.000,9999.000,9999.000,9999.000,9999.000,9999.000
202603220554,   1.351,   1.800,9999.000,9999.000,9999.000,9999.000,9999.000,9999.000,9999.000
202603220600,   1.352,   1.810,   0.600,  -0.142,   1.810,   0.600,   1.810,   0.700,   1.910
202603220606,   1.350,   1.790,9999.000,9999.000,9999.000,9999.000,9999.000,9999.000,9999.000
202603220612,   1.347,   1.767,9999.000,9999.000,9999.000,9999.000,9999.000,9999.000,9999.000
202603220618,   1.342,   1.758,9999.000,9999.000,9999.000,9999.000,9999.000,9999.000,9999.000
202603220624,   1.336,   1.767,9999.000,9999.000,9999.000,9999.000,9999.000,9999.000,9999.000
202603220630,   1.327,   1.728,9999.000,9999.000,9999.000,9999.000,9999.000,9999.000,9999.000
202603220636,   1.317,   1.708,9999.000,9999.000,9999.000,9999.000,9999.000,9999.000,9999.000
202603220642,   1.305,   1.679,9999.000,9999.000,9999.000,9999.000,9999.000,9999.000,9999.000
202603220648,   1.291,   1.659,9999.000,9999.000,9999.000,9999.000,9999.000,9999.000,9999.000
202603220654,   1.276,   1.620,9999.000,9999.000,9999.000,9999.000,9999.000,9999.000,9999.000
202603220700,   1.259,   1.590,   0.600,  -0.269,   1.590,   0.600,   1.590,   0.700,   1.690
202603220706,   1.242,   1.580,9999.000,9999.000,9999.000,9999.000,9999.000,9999.000,9999.000
202603220712,   1.223,   1.557,9999.000,9999.000,9999.000,9999.000,9999.000,9999.000,9999.000
202603220718,   1.203,   1.538,9999.000,9999.000,9999.000,9999.000,9999.000,9999.000,9999.000
202603220724,   1.182,   1.508,9999.000,9999.000,9999.000,9999.000,9999.000,9999.000,9999.000
202603220730,   1.160,   1.449,9999.000,9999.000,9999.000,9999.000,9999.000,9999.000,9999.000
202603220736,   1.138,   1.400,9999.000,9999.000,9999.000,9999.000,9999.000,9999.000,9999.000
202603220742,   1.115,   1.400,9999.000,9999.000,9999.000,9999.000,9999.000,9999.000,9999.000
202603220748,   1.091,   1.380,9999.000,9999.000,9999.000,9999.000,9999.000,9999.000,9999.000
202603220754,   1.067,   1.371,9999.000,9999.000,9999.000,9999.000,9999.000,9999.000,9999.000
202603220800,   1.043,   1.348,   0.700,  -0.395,   1.348,   0.600,   1.248,   0.700,   1.348
202603220806,   1.018,   1.318,9999.000,9999.000,9999.000,9999.000,9999.000,9999.000,9999.000
202603220812,   0.994,   1.269,9999.000,9999.000,9999.000,9999.000,9999.000,9999.000,9999.000
202603220818,   0.969,   1.220,9999.000,9999.000,9999.000,9999.000,9999.000,9999.000,9999.000
202603220824,   0.945,   1.220,9999.000,9999.000,9999.000,9999.000,9999.000,9999.000,9999.000
202603220830,   0.920,   1.220,9999.000,9999.000,9999.000,9999.000,9999.000,9999.000,9999.000
202603220836,   0.896,   1.200,9999.000,9999.000,9999.000,9999.000,9999.000,9999.000,9999.000
202603220842,   0.871,   1.170,9999.000,9999.000,9999.000,9999.000,9999.000,9999.000,9999.000
202603220848,   0.847,   1.128,9999.000,9999.000,9999.000,9999.000,9999.000,9999.000,9999.000
202603220854,   0.823,   1.088,9999.000,9999.000,9999.000,9999.000,9999.000,9999.000,9999.000
202603220900,   0.799,   1.039,   0.700,  -0.460,   1.039,   0.600,   0.939,   0.700,   1.039
202603220906,   0.776,   1.039,9999.000,9999.000,9999.000,9999.000,9999.000,9999.000,9999.000
202603220912,   0.752,   1.029,9999.000,9999.000,9999.000,9999.000,9999.000,9999.000,9999.000
202603220918,   0.729,   1.000,9999.000,9999.000,9999.000,9999.000,9999.000,9999.000,9999.000
202603220924,   0.707,   0.990,9999.000,9999.000,9999.000,9999.000,9999.000,9999.000,9999.000
202603220930,   0.684,   0.941,9999.000,9999.000,9999.000,9999.000,9999.000,9999.000,9999.000
202603220936,   0.662,   0.908,9999.000,9999.000,9999.000,9999.000,9999.000,9999.000,9999.000
202603220942,   0.639,   0.869,9999.000,9999.000,9999.000,9999.000,9999.000,9999.000,9999.000
202603220948,   0.618,   0.869,9999.000,9999.000,9999.000,9999.000,9999.000,9999.000,9999.000
202603220954,   0.596,   0.849,9999.000,9999.000,9999.000,9999.000,9999.000,9999.000,9999.000
202603221000,   0.575,   0.800,   0.700,  -0.475,   0.800,   0.600,   0.700,   0.700,   0.800
202603221006,   0.553,   0.790,9999.000,9999.000,9999.000,9999.000,9999.000,9999.000,9999.000
202603221012,   0.532,   0.770,9999.000,9999.000,9999.000,9999.000,9999.000,9999.000,9999.000
202603221018,   0.512,   0.751,9999.000,9999.000,9999.000,9999.000,9999.000,9999.000,9999.000
202603221024,   0.491,   0.708,9999.000,9999.000,9999.000,9999.000,9999.000,9999.000,9999.000
202603221030,   0.471,   0.698,9999.000,9999.000,9999.000,9999.000,9999.000,9999.000,9999.000
202603221036,   0.451,   0.639,9999.000,9999.000,9999.000,9999.000,9999.000,9999.000,9999.000
202603221042,   0.432,   0.610,9999.000,9999.000,9999.000,9999.000,9999.000,9999.000,9999.000
202603221048,   0.412,   0.600,9999.000,9999.000,9999.000,9999.000,9999.000,9999.000,9999.000
202603221054,   0.394,   0.629,9999.000,9999.000,9999.000,9999.000,9999.000,9999.000,9999.000
202603221100,   0.375,   0.590,   0.700,  -0.485,   0.590,   0.700,   0.590,   0.700,   0.590
202603221106,   0.357,   0.560,9999.000,9999.000,9999.000,9999.000,9999.000,9999.000,9999.000
202603221112,   0.339,   0.531,9999.000,9999.000,9999.000,9999.000,9999.000,9999.000,9999.000
202603221118,   0.322,   0.498,9999.000,9999.000,9999.000,9999.000,9999.000,9999.000,9999.000
202603221124,   0.306,   0.478,9999.000,9999.000,9999.000,9999.000,9999.000,9999.000,9999.000
202603221130,   0.290,   0.488,9999.000,9999.000,9999.000,9999.000,9999.000,9999.000,9999.000
202603221136,   0.275,   0.508,9999.000,9999.000,9999.000,9999.000,9999.000,9999.000,9999.000
202603221142,   0.260,   0.488,9999.000,9999.000,9999.000,9999.000,9999.000,9999.000,9999.000
202603221148,   0.247,   0.449,9999.000,9999.000,9999.000,9999.000,9999.000,9999.000,9999.000
202603221154,   0.234,   0.409,9999.000,9999.000,9999.000,9999.000,9999.000,9999.000,9999.000
202603221200,   0.223,   0.390,   0.800,  -0.633,   0.390,   0.700,   0.290,   0.800,   0.390
202603221206,   0.212,   0.390,9999.000,9999.000,9999.000,9999.000,9999.000,9999.000,9999.000
202603221212,   0.202,   0.419,9999.000,9999.000,9999.000,9999.000,9999.000,9999.000,9999.000
202603221218,   0.194,   0.419,9999.000,9999.000,9999.000,9999.000,9999.000,9999.000,9999.000
202603221224,   0.187,   0.409,9999.000,9999.000,9999.000,9999.000,9999.000,9999.000,9999.000
202603221230,   0.182,   0.360,9999.000,9999.000,9999.000,9999.000,9999.000,9999.000,9999.000
202603221236,   0.178,   0.360,9999.000,9999.000,9999.000,9999.000,9999.000,9999.000,9999.000
202603221242,   0.175,   0.380,9999.000,9999.000,9999.000,9999.000,9999.000,9999.000,9999.000
202603221248,   0.174,   0.409,9999.000,9999.000,9999.000,9999.000,9999.000,9999.000,9999.000
202603221254,   0.174,   0.459,9999.000,9999.000,9999.000,9999.000,9999.000,9999.000,9999.000
202603221300,   0.177,   0.469,   0.800,  -0.508,   0.469,   0.700,   0.369,   0.900,   0.569
202603221306,   0.180,   0.478,9999.000,9999.000,9999.000,9999.000,9999.000,9999.000,9999.000
202603221312,   0.186,   0.478,9999.000,9999.000,9999.000,9999.000,9999.000,9999.000,9999.000
202603221318,   0.193,   0.508,9999.000,9999.000,9999.000,9999.000,9999.000,9999.000,9999.000
202603221324,   0.202,   0.570,9999.000,9999.000,9999.000,9999.000,9999.000,9999.000,9999.000
202603221330,   0.213,   0.610,9999.000,9999.000,9999.000,9999.000,9999.000,9999.000,9999.000
202603221336,   0.225,   0.639,9999.000,9999.000,9999.000,9999.000,9999.000,9999.000,9999.000
202603221342,   0.238,   0.669,9999.000,9999.000,9999.000,9999.000,9999.000,9999.000,9999.000
202603221348,   0.254,   0.678,9999.000,9999.000,9999.000,9999.000,9999.000,9999.000,9999.000
202603221354,   0.270,   0.708,9999.000,9999.000,9999.000,9999.000,9999.000,9999.000,9999.000
202603221400,   0.288,   0.741,   0.800,  -0.347,   0.741,   0.700,   0.641,   0.900,   0.841
202603221406,   0.307,   0.770,9999.000,9999.000,9999.000,9999.000,9999.000,9999.000,9999.000
202603221412,   0.328,   0.790,9999.000,9999.000,9999.000,9999.000,9999.000,9999.000,9999.000
202603221418,   0.349,   0.819,9999.000,9999.000,9999.000,9999.000,9999.000,9999.000,9999.000
202603221424,   0.371,   0.849,9999.000,9999.000,9999.000,9999.000,9999.000,9999.000,9999.000
202603221430,   0.394,   0.839,9999.000,9999.000,9999.000,9999.000,9999.000,9999.000,9999.000
202603221436,   0.418,   0.918,9999.000,9999.000,9999.000,9999.000,9999.000,9999.000,9999.000
202603221442,   0.442,   0.951,9999.000,9999.000,9999.000,9999.000,9999.000,9999.000,9999.000
202603221448,   0.466,   1.010,9999.000,9999.000,9999.000,9999.000,9999.000,9999.000,9999.000
202603221454,   0.491,   1.010,9999.000,9999.000,9999.000,9999.000,9999.000,9999.000,9999.000
202603221500,   0.516,   1.059,   0.800,  -0.257,   1.059,   0.800,   1.059,   0.800,   1.059
202603221506,   0.541,   1.088,9999.000,9999.000,9999.000,9999.000,9999.000,9999.000,9999.000
202603221512,   0.566,   1.118,9999.000,9999.000,9999.000,9999.000,9999.000,9999.000,9999.000
202603221518,   0.591,   1.170,9999.000,9999.000,9999.000,9999.000,9999.000,9999.000,9999.000
202603221524,   0.616,   1.190,9999.000,9999.000,9999.000,9999.000,9999.000,9999.000,9999.000
202603221530,   0.641,   1.249,9999.000,9999.000,9999.000,9999.000,9999.000,9999.000,9999.000
202603221536,   0.665,   1.239,9999.000,9999.000,9999.000,9999.000,9999.000,9999.000,9999.000
202603221542,   0.689,   1.289,9999.000,9999.000,9999.000,9999.000,9999.000,9999.000,9999.000
202603221548,   0.713,   1.338,9999.000,9999.000,9999.000,9999.000,9999.000,9999.000,9999.000
202603221554,   0.736,   1.380,9999.000,9999.000,9999.000,9999.000,9999.000,9999.000,9999.000
202603221600,   0.759,   1.410,   0.800,  -0.149,   1.410,   0.800,   1.410,   0.900,   1.510
202603221606,   0.781,   1.420,9999.000,9999.000,9999.000,9999.000,9999.000,9999.000,9999.000
202603221612,   0.803,   1.449,9999.000,9999.000,9999.000,9999.000,9999.000,9999.000,9999.000
202603221618,   0.824,   1.479,9999.000,9999.000,9999.000,9999.000,9999.000,9999.000,9999.000
202603221624,   0.845,   1.518,9999.000,9999.000,9999.000,9999.000,9999.000,9999.000,9999.000
202603221630,   0.865,   1.580,9999.000,9999.000,9999.000,9999.000,9999.000,9999.000,9999.000
202603221636,   0.885,   1.590,9999.000,9999.000,9999.000,9999.000,9999.000,9999.000,9999.000
202603221642,   0.904,   1.600,9999.000,9999.000,9999.000,9999.000,9999.000,9999.000,9999.000
202603221648,   0.922,   1.600,9999.000,9999.000,9999.000,9999.000,9999.000,9999.000,9999.000
202603221654,   0.940,   1.659,9999.000,9999.000,9999.000,9999.000,9999.000,9999.000,9999.000
202603221700,   0.957,   1.639,   0.800,  -0.118,   1.639,   0.700,   1.539,   0.900,   1.739
202603221706,   0.973,   1.699,9999.000,9999.000,9999.000,9999.000,9999.000,9999.000,9999.000
202603221712,   0.988,   1.748,9999.000,9999.000,9999.000,9999.000,9999.000,9999.000,9999.000
202603221718,   1.002,   1.748,9999.000,9999.000,9999.000,9999.000,9999.000,9999.000,9999.000
202603221724,   1.015,   1.781,9999.000,9999.000,9999.000,9999.000,9999.000,9999.000,9999.000
202603221730,   1.026,   1.800,9999.000,9999.000,9999.000,9999.000,9999.000,9999.000,9999.000
202603221736,   1.037,   1.767,9999.000,9999.000,9999.000,9999.000,9999.000,9999.000,9999.000
202603221742,   1.046,   1.800,9999.000,9999.000,9999.000,9999.000,9999.000,9999.000,9999.000
202603221748,   1.054,   1.810,9999.000,9999.000,9999.000,9999.000,9999.000,9999.000,9999.000
202603221754,   1.060,   1.820,9999.000,9999.000,9999.000,9999.000,9999.000,9999.000,9999.000
202603221800,   1.065,   1.820,   0.700,   0.055,   1.820,   0.700,   1.820,   0.800,   1.920
202603221806,   1.068,9999.000,9999.000,9999.000,9999.000,9999.000,9999.000,9999.000,9999.000
202603221812,   1.070,9999.000,9999.000,9999.000,9999.000,9999.000,9999.000,9999.000,9999.000
202603221818,   1.070,9999.000,9999.000,9999.000,9999.000,9999.000,9999.000,9999.000,9999.000
202603221824,   1.068,9999.000,9999.000,9999.000,9999.000,9999.000,9999.000,9999.000,9999.000
202603221830,   1.064,9999.000,9999.000,9999.000,9999.000,9999.000,9999.000,9999.000,9999.000
202603221836,   1.059,9999.000,9999.000,9999.000,9999.000,9999.000,9999.000,9999.000,9999.000
202603221842,   1.051,9999.000,9999.000,9999.000,9999.000,9999.000,9999.000,9999.000,9999.000
202603221848,   1.043,9999.000,9999.000,9999.000,9999.000,9999.000,9999.000,9999.000,9999.000
202603221854,   1.032,9999.000,9999.000,9999.000,9999.000,9999.000,9999.000,9999.000,9999.000
202603221900,   1.020,   1.630,   0.700,  -0.090,   1.630,   0.700,   1.630,   0.800,   1.730
202603221906,   1.006,   1.620,9999.000,9999.000,9999.000,9999.000,9999.000,9999.000,9999.000
202603221912,   0.991,   1.590,9999.000,9999.000,9999.000,9999.000,9999.000,9999.000,9999.000
202603221918,   0.974,   1.557,9999.000,9999.000,9999.000,9999.000,9999.000,9999.000,9999.000
202603221924,   0.956,   1.518,9999.000,9999.000,9999.000,9999.000,9999.000,9999.000,9999.000
202603221930,   0.937,   1.508,9999.000,9999.000,9999.000,9999.000,9999.000,9999.000,9999.000
202603221936,   0.917,   1.469,9999.000,9999.000,9999.000,9999.000,9999.000,9999.000,9999.000
202603221942,   0.896,   1.449,9999.000,9999.000,9999.000,9999.000,9999.000,9999.000,9999.000
202603221948,   0.874,   1.439,9999.000,9999.000,9999.000,9999.000,9999.000,9999.000,9999.000
202603221954,   0.852,   1.400,9999.000,9999.000,9999.000,9999.000,9999.000,9999.000,9999.000
202603222000,   0.828,   1.390,   0.700,  -0.138,   1.390,   0.600,   1.290,   0.800,   1.490
202603222006,   0.805,9999.000,9999.000,9999.000,9999.000,9999.000,9999.000,9999.000,9999.000
202603222012,   0.781,9999.000,9999.000,9999.000,9999.000,9999.000,9999.000,9999.000,9999.000
202603222018,   0.756,9999.000,9999.000,9999.000,9999.000,9999.000,9999.000,9999.000,9999.000
202603222024,   0.732,9999.000,9999.000,9999.000,9999.000,9999.000,9999.000,9999.000,9999.000
202603222030,   0.708,9999.000,9999.000,9999.000,9999.000,9999.000,9999.000,9999.000,9999.000
202603222036,   0.683,9999.000,9999.000,9999.000,9999.000,9999.000,9999.000,9999.000,9999.000
202603222042,   0.660,9999.000,9999.000,9999.000,9999.000,9999.000,9999.000,9999.000,9999.000
202603222048,   0.635,9999.000,9999.000,9999.000,9999.000,9999.000,9999.000,9999.000,9999.000
202603222054,   0.611,9999.000,9999.000,9999.000,9999.000,9999.000,9999.000,9999.000,9999.000
202603222100,   0.587,   1.098,   0.700,  -0.189,   1.098,   0.600,   0.998,   0.700,   1.098
202603222106,   0.564,   1.049,9999.000,9999.000,9999.000,9999.000,9999.000,9999.000,9999.000
202603222112,   0.541,   1.029,9999.000,9999.000,9999.000,9999.000,9999.000,9999.000,9999.000
202603222118,   0.518,   1.000,9999.000,9999.000,9999.000,9999.000,9999.000,9999.000,9999.000
202603222124,   0.496,   0.961,9999.000,9999.000,9999.000,9999.000,9999.000,9999.000,9999.000
202603222130,   0.475,   0.951,9999.000,9999.000,9999.000,9999.000,9999.000,9999.000,9999.000
202603222136,   0.453,   0.951,9999.000,9999.000,9999.000,9999.000,9999.000,9999.000,9999.000
202603222142,   0.433,   0.898,9999.000,9999.000,9999.000,9999.000,9999.000,9999.000,9999.000
202603222148,   0.412,9999.000,9999.000,9999.000,9999.000,9999.000,9999.000,9999.000,9999.000
202603222154,   0.393,   0.859,9999.000,9999.000,9999.000,9999.000,9999.000,9999.000,9999.000
202603222200,   0.373,   0.790,   0.700,  -0.283,   0.790,   0.600,   0.690,   0.700,   0.790
202603222206,   0.355,   0.810,9999.000,9999.000,9999.000,9999.000,9999.000,9999.000,9999.000
202603222212,   0.336,   0.770,9999.000,9999.000,9999.000,9999.000,9999.000,9999.000,9999.000
202603222218,   0.318,   0.741,9999.000,9999.000,9999.000,9999.000,9999.000,9999.000,9999.000
202603222224,   0.301,   0.731,9999.000,9999.000,9999.000,9999.000,9999.000,9999.000,9999.000
202603222230,   0.284,   0.639,9999.000,9999.000,9999.000,9999.000,9999.000,9999.000,9999.000
202603222236,   0.268,   0.708,9999.000,9999.000,9999.000,9999.000,9999.000,9999.000,9999.000
202603222242,   0.252,   0.619,9999.000,9999.000,9999.000,9999.000,9999.000,9999.000,9999.000
202603222248,   0.237,   0.659,9999.000,9999.000,9999.000,9999.000,9999.000,9999.000,9999.000
202603222254,   0.222,   0.639,9999.000,9999.000,9999.000,9999.000,9999.000,9999.000,9999.000
202603222300,   0.208,   0.610,   0.600,  -0.198,   0.610,   0.600,   0.610,   0.700,   0.710
202603222306,   0.194,   0.610,9999.000,9999.000,9999.000,9999.000,9999.000,9999.000,9999.000
202603222312,   0.181,   0.518,9999.000,9999.000,9999.000,9999.000,9999.000,9999.000,9999.000
202603222318,   0.168,   0.580,9999.000,9999.000,9999.000,9999.000,9999.000,9999.000,9999.000
202603222324,   0.156,   0.478,9999.000,9999.000,9999.000,9999.000,9999.000,9999.000,9999.000
202603222330,   0.145,   0.541,9999.000,9999.000,9999.000,9999.000,9999.000,9999.000,9999.000
202603222336,   0.135,   0.508,9999.000,9999.000,9999.000,9999.000,9999.000,9999.000,9999.000
202603222342,   0.125,   0.469,9999.000,9999.000,9999.000,9999.000,9999.000,9999.000,9999.000
202603222348,   0.116,   0.459,9999.000,9999.000,9999.000,9999.000,9999.000,9999.000,9999.000
202603222354,   0.107,   0.419,9999.000,9999.000,9999.000,9999.000,9999.000,9999.000,9999.000
202603230000,   0.100,   0.439,   0.600,  -0.261,   0.439,   0.600,   0.439,   0.700,   0.539
202603230006,   0.094,   0.380,9999.000,9999.000,9999.000,9999.000,9999.000,9999.000,9999.000
202603230012,   0.088,   0.409,9999.000,9999.000,9999.000,9999.000,9999.000,9999.000,9999.000
202603230018,   0.084,   0.380,9999.000,9999.000,9999.000,9999.000,9999.000,9999.000,9999.000
202603230024,   0.080,   0.419,9999.000,9999.000,9999.000,9999.000,9999.000,9999.000,9999.000
202603230030,   0.078,   0.439,9999.000,9999.000,9999.000,9999.000,9999.000,9999.000,9999.000
202603230036,   0.077,   0.469,9999.000,9999.000,9999.000,9999.000,9999.000,9999.000,9999.000
202603230042,   0.078,   0.488,9999.000,9999.000,9999.000,9999.000,9999.000,9999.000,9999.000
202603230048,   0.080,   0.469,9999.000,9999.000,9999.000,9999.000,9999.000,9999.000,9999.000
202603230054,   0.083,   0.469,9999.000,9999.000,9999.000,9999.000,9999.000,9999.000,9999.000
202603230100,   0.088,   0.478,   0.700,  -0.310,   0.478,   0.600,   0.378,   0.700,   0.478
202603230106,   0.094,   0.541,9999.000,9999.000,9999.000,9999.000,9999.000,9999.000,9999.000
202603230112,   0.102,   0.629,9999.000,9999.000,9999.000,9999.000,9999.000,9999.000,9999.000
202603230118,   0.112,   0.659,9999.000,9999.000,9999.000,9999.000,9999.000,9999.000,9999.000
202603230124,   0.123,   0.669,9999.000,9999.000,9999.000,9999.000,9999.000,9999.000,9999.000
202603230130,   0.136,   0.639,9999.000,9999.000,9999.000,9999.000,9999.000,9999.000,9999.000
202603230136,   0.150,   0.678,9999.000,9999.000,9999.000,9999.000,9999.000,9999.000,9999.000
202603230142,   0.167,   0.678,9999.000,9999.000,9999.000,9999.000,9999.000,9999.000,9999.000
202603230148,   0.185,   0.751,9999.000,9999.000,9999.000,9999.000,9999.000,9999.000,9999.000
202603230154,   0.204,   0.819,9999.000,9999.000,9999.000,9999.000,9999.000,9999.000,9999.000
202603230200,   0.225,   0.839,   0.700,  -0.086,   0.839,   0.600,   0.739,   0.700,   0.839
202603230206,   0.248,   0.849,9999.000,9999.000,9999.000,9999.000,9999.000,9999.000,9999.000
202603230212,   0.272,   0.849,9999.000,9999.000,9999.000,9999.000,9999.000,9999.000,9999.000
202603230218,   0.297,   0.839,9999.000,9999.000,9999.000,9999.000,9999.000,9999.000,9999.000
202603230224,   0.324,   0.908,9999.000,9999.000,9999.000,9999.000,9999.000,9999.000,9999.000
202603230230,   0.352,   0.918,9999.000,9999.000,9999.000,9999.000,9999.000,9999.000,9999.000
202603230236,   0.380,   1.000,9999.000,9999.000,9999.000,9999.000,9999.000,9999.000,9999.000
202603230242,   0.410,   1.039,9999.000,9999.000,9999.000,9999.000,9999.000,9999.000,9999.000
202603230248,   0.440,   1.039,9999.000,9999.000,9999.000,9999.000,9999.000,9999.000,9999.000
202603230254,   0.472,   1.079,9999.000,9999.000,9999.000,9999.000,9999.000,9999.000,9999.000
202603230300,   0.503,   1.088,   0.700,  -0.115,   1.088,   0.600,   0.988,   0.700,   1.088
202603230306,   0.535,   1.161,9999.000,9999.000,9999.000,9999.000,9999.000,9999.000,9999.000
202603230312,   0.568,   1.180,9999.000,9999.000,9999.000,9999.000,9999.000,9999.000,9999.000
202603230318,   0.600,   1.249,9999.000,9999.000,9999.000,9999.000,9999.000,9999.000,9999.000
202603230324,   0.633,   1.249,9999.000,9999.000,9999.000,9999.000,9999.000,9999.000,9999.000
202603230330,   0.665,   1.318,9999.000,9999.000,9999.000,9999.000,9999.000,9999.000,9999.000
202603230336,   0.697,   1.318,9999.000,9999.000,9999.000,9999.000,9999.000,9999.000,9999.000
202603230342,   0.729,   1.348,9999.000,9999.000,9999.000,9999.000,9999.000,9999.000,9999.000
202603230348,   0.761,   1.410,9999.000,9999.000,9999.000,9999.000,9999.000,9999.000,9999.000
202603230354,   0.793,   1.420,9999.000,9999.000,9999.000,9999.000,9999.000,9999.000,9999.000
202603230400,   0.824,   1.518,   0.700,  -0.006,   1.518,   0.600,   1.418,   0.700,   1.518
202603230406,   0.854,   1.528,9999.000,9999.000,9999.000,9999.000,9999.000,9999.000,9999.000
202603230412,   0.884,   1.557,9999.000,9999.000,9999.000,9999.000,9999.000,9999.000,9999.000
202603230418,   0.913,   1.580,9999.000,9999.000,9999.000,9999.000,9999.000,9999.000,9999.000
202603230424,   0.942,   1.600,9999.000,9999.000,9999.000,9999.000,9999.000,9999.000,9999.000
202603230430,   0.970,   1.630,9999.000,9999.000,9999.000,9999.000,9999.000,9999.000,9999.000
202603230436,   0.998,   1.659,9999.000,9999.000,9999.000,9999.000,9999.000,9999.000,9999.000
202603230442,   1.025,   1.699,9999.000,9999.000,9999.000,9999.000,9999.000,9999.000,9999.000
202603230448,   1.051,   1.748,9999.000,9999.000,9999.000,9999.000,9999.000,9999.000,9999.000
202603230454,   1.076,   1.767,9999.000,9999.000,9999.000,9999.000,9999.000,9999.000,9999.000
202603230500,   1.101,   1.810,   0.700,   0.009,   1.810,   0.600,   1.710,   0.700,   1.810
202603230506,   1.125,   1.810,9999.000,9999.000,9999.000,9999.000,9999.000,9999.000,9999.000
202603230512,   1.148,   1.840,9999.000,9999.000,9999.000,9999.000,9999.000,9999.000,9999.000
202603230518,   1.170,   1.908,9999.000,9999.000,9999.000,9999.000,9999.000,9999.000,9999.000
202603230524,   1.192,   1.849,9999.000,9999.000,9999.000,9999.000,9999.000,9999.000,9999.000
202603230530,   1.212,   1.889,9999.000,9999.000,9999.000,9999.000,9999.000,9999.000,9999.000
202603230536,   1.232,   1.908,9999.000,9999.000,9999.000,9999.000,9999.000,9999.000,9999.000
202603230542,   1.250,   1.958,9999.000,9999.000,9999.000,9999.000,9999.000,9999.000,9999.000
202603230548,   1.267,   1.928,9999.000,9999.000,9999.000,9999.000,9999.000,9999.000,9999.000
202603230554,   1.283,   1.981,9999.000,9999.000,9999.000,9999.000,9999.000,9999.000,9999.000
202603230600,   1.297,   2.010,   0.700,   0.013,   2.010,   0.700,   2.010,   0.800,   2.110
202603230606,   1.310,   1.990,9999.000,9999.000,9999.000,9999.000,9999.000,9999.000,9999.000
202603230612,   1.322,   2.030,9999.000,9999.000,9999.000,9999.000,9999.000,9999.000,9999.000
202603230618,   1.332,   2.040,9999.000,9999.000,9999.000,9999.000,9999.000,9999.000,9999.000
202603230624,   1.341,   2.040,9999.000,9999.000,9999.000,9999.000,9999.000,9999.000,9999.000
202603230630,   1.347,   2.049,9999.000,9999.000,9999.000,9999.000,9999.000,9999.000,9999.000
202603230636,   1.352,   2.079,9999.000,9999.000,9999.000,9999.000,9999.000,9999.000,9999.000
202603230642,   1.356,   2.069,9999.000,9999.000,9999.000,9999.000,9999.000,9999.000,9999.000
202603230648,   1.357,   2.049,9999.000,9999.000,9999.000,9999.000,9999.000,9999.000,9999.000
202603230654,   1.357,   2.020,9999.000,9999.000,9999.000,9999.000,9999.000,9999.000,9999.000
202603230700,   1.355,   2.040,   0.800,  -0.115,   2.040,   0.700,   1.940,   0.800,   2.040
202603230706,   1.351,   2.049,9999.000,9999.000,9999.000,9999.000,9999.000,9999.000,9999.000
202603230712,   1.345,   2.059,9999.000,9999.000,9999.000,9999.000,9999.000,9999.000,9999.000
202603230718,   1.337,   2.030,9999.000,9999.000,9999.000,9999.000,9999.000,9999.000,9999.000
202603230724,   1.328,   1.981,9999.000,9999.000,9999.000,9999.000,9999.000,9999.000,9999.000
202603230730,   1.317,   1.958,9999.000,9999.000,9999.000,9999.000,9999.000,9999.000,9999.000
202603230736,   1.304,   1.948,9999.000,9999.000,9999.000,9999.000,9999.000,9999.000,9999.000
202603230742,   1.290,   1.938,9999.000,9999.000,9999.000,9999.000,9999.000,9999.000,9999.000
202603230748,   1.275,   1.908,9999.000,9999.000,9999.000,9999.000,9999.000,9999.000,9999.000
202603230754,   1.258,   1.889,9999.000,9999.000,9999.000,9999.000,9999.000,9999.000,9999.000
202603230800,   1.240,   1.849,   0.900,  -0.291,   1.849,   0.800,   1.749,   0.900,   1.849
202603230806,   1.221,   1.810,9999.000,9999.000,9999.000,9999.000,9999.000,9999.000,9999.000
202603230812,   1.201,   1.800,9999.000,9999.000,9999.000,9999.000,9999.000,9999.000,9999.000
202603230818,   1.180,   1.781,9999.000,9999.000,9999.000,9999.000,9999.000,9999.000,9999.000
202603230824,   1.159,   1.738,9999.000,9999.000,9999.000,9999.000,9999.000,9999.000,9999.000
202603230830,   1.137,   1.738,9999.000,9999.000,9999.000,9999.000,9999.000,9999.000,9999.000
202603230836,   1.114,   1.708,9999.000,9999.000,9999.000,9999.000,9999.000,9999.000,9999.000
202603230842,   1.091,   1.659,9999.000,9999.000,9999.000,9999.000,9999.000,9999.000,9999.000
202603230848,   1.067,   1.590,9999.000,9999.000,9999.000,9999.000,9999.000,9999.000,9999.000
202603230854,   1.044,   1.508,9999.000,9999.000,9999.000,9999.000,9999.000,9999.000,9999.000
202603230900,   1.020,   1.489,   0.900,  -0.431,   1.489,   0.900,   1.489,   0.900,   1.489
202603230906,   0.996,   1.449,9999.000,9999.000,9999.000,9999.000,9999.000,9999.000,9999.000
202603230912,   0.972,   1.430,9999.000,9999.000,9999.000,9999.000,9999.000,9999.000,9999.000
202603230918,   0.949,   1.420,9999.000,9999.000,9999.000,9999.000,9999.000,9999.000,9999.000
202603230924,   0.925,   1.380,9999.000,9999.000,9999.000,9999.000,9999.000,9999.000,9999.000
202603230930,   0.901,   1.318,9999.000,9999.000,9999.000,9999.000,9999.000,9999.000,9999.000
202603230936,   0.878,   1.308,9999.000,9999.000,9999.000,9999.000,9999.000,9999.000,9999.000
202603230942,   0.855,   1.279,9999.000,9999.000,9999.000,9999.000,9999.000,9999.000,9999.000
202603230948,   0.832,   1.279,9999.000,9999.000,9999.000,9999.000,9999.000,9999.000,9999.000
202603230954,   0.809,   1.239,9999.000,9999.000,9999.000,9999.000,9999.000,9999.000,9999.000
202603231000,   0.786,   1.229,   0.900,  -0.457,   1.229,   0.800,   1.129,   1.000,   1.329
202603231006,   0.764,   1.200,9999.000,9999.000,9999.000,9999.000,9999.000,9999.000,9999.000
202603231012,   0.742,   1.180,9999.000,9999.000,9999.000,9999.000,9999.000,9999.000,9999.000
202603231018,   0.720,   1.138,9999.000,9999.000,9999.000,9999.000,9999.000,9999.000,9999.000
202603231024,   0.699,   1.088,9999.000,9999.000,9999.000,9999.000,9999.000,9999.000,9999.000
202603231030,   0.677,   1.108,9999.000,9999.000,9999.000,9999.000,9999.000,9999.000,9999.000
202603231036,   0.656,   1.079,9999.000,9999.000,9999.000,9999.000,9999.000,9999.000,9999.000
202603231042,   0.635,   1.020,9999.000,9999.000,9999.000,9999.000,9999.000,9999.000,9999.000
202603231048,   0.614,   1.059,9999.000,9999.000,9999.000,9999.000,9999.000,9999.000,9999.000
202603231054,   0.594,   1.029,9999.000,9999.000,9999.000,9999.000,9999.000,9999.000,9999.000
202603231100,   0.574,   1.000,   1.000,  -0.574,   1.000,   0.900,   0.900,   1.000,   1.000
202603231106,   0.554,   0.970,9999.000,9999.000,9999.000,9999.000,9999.000,9999.000,9999.000
202603231112,   0.534,   0.928,9999.000,9999.000,9999.000,9999.000,9999.000,9999.000,9999.000
202603231118,   0.514,   0.961,9999.000,9999.000,9999.000,9999.000,9999.000,9999.000,9999.000
202603231124,   0.495,   0.839,9999.000,9999.000,9999.000,9999.000,9999.000,9999.000,9999.000
202603231130,   0.476,   0.898,9999.000,9999.000,9999.000,9999.000,9999.000,9999.000,9999.000
202603231136,   0.457,   0.869,9999.000,9999.000,9999.000,9999.000,9999.000,9999.000,9999.000
202603231142,   0.438,   0.780,9999.000,9999.000,9999.000,9999.000,9999.000,9999.000,9999.000
202603231148,   0.420,   0.810,9999.000,9999.000,9999.000,9999.000,9999.000,9999.000,9999.000
202603231154,   0.402,   0.760,9999.000,9999.000,9999.000,9999.000,9999.000,9999.000,9999.000
202603231200,   0.385,   0.790,   1.000,  -0.595,   0.790,   0.900,   0.690,   1.100,   0.890
202603231206,   0.368,9999.000,9999.000,9999.000,9999.000,9999.000,9999.000,9999.000,9999.000
202603231212,   0.351,9999.000,9999.000,9999.000,9999.000,9999.000,9999.000,9999.000,9999.000
202603231218,   0.335,9999.000,9999.000,9999.000,9999.000,9999.000,9999.000,9999.000,9999.000
202603231224,   0.320,9999.000,9999.000,9999.000,9999.000,9999.000,9999.000,9999.000,9999.000
202603231230,   0.305,9999.000,9999.000,9999.000,9999.000,9999.000,9999.000,9999.000,9999.000
202603231236,   0.291,9999.000,9999.000,9999.000,9999.000,9999.000,9999.000,9999.000,9999.000
202603231242,   0.278,9999.000,9999.000,9999.000,9999.000,9999.000,9999.000,9999.000,9999.000
202603231248,   0.265,9999.000,9999.000,9999.000,9999.000,9999.000,9999.000,9999.000,9999.000
202603231254,   0.254,9999.000,9999.000,9999.000,9999.000,9999.000,9999.000,9999.000,9999.000
202603231300,   0.244,9999.000,   1.100,  -0.560,   0.784,   1.000,   0.684,   1.200,   0.884
202603231306,   0.234,9999.000,9999.000,9999.000,9999.000,9999.000,9999.000,9999.000,9999.000
202603231312,   0.226,9999.000,9999.000,9999.000,9999.000,9999.000,9999.000,9999.000,9999.000
202603231318,   0.219,9999.000,9999.000,9999.000,9999.000,9999.000,9999.000,9999.000,9999.000
202603231324,   0.214,9999.000,9999.000,9999.000,9999.000,9999.000,9999.000,9999.000,9999.000
202603231330,   0.209,9999.000,9999.000,9999.000,9999.000,9999.000,9999.000,9999.000,9999.000
202603231336,   0.207,9999.000,9999.000,9999.000,9999.000,9999.000,9999.000,9999.000,9999.000
202603231342,   0.205,9999.000,9999.000,9999.000,9999.000,9999.000,9999.000,9999.000,9999.000
202603231348,   0.206,9999.000,9999.000,9999.000,9999.000,9999.000,9999.000,9999.000,9999.000
202603231354,   0.208,9999.000,9999.000,9999.000,9999.000,9999.000,9999.000,9999.000,9999.000
202603231400,   0.211,9999.000,   1.100,  -0.524,   0.787,   1.000,   0.687,   1.300,   0.987
202603231406,   0.216,9999.000,9999.000,9999.000,9999.000,9999.000,9999.000,9999.000,9999.000
202603231412,   0.223,9999.000,9999.000,9999.000,9999.000,9999.000,9999.000,9999.000,9999.000
202603231418,   0.231,9999.000,9999.000,9999.000,9999.000,9999.000,9999.000,9999.000,9999.000
202603231424,   0.241,9999.000,9999.000,9999.000,9999.000,9999.000,9999.000,9999.000,9999.000
202603231430,   0.252,9999.000,9999.000,9999.000,9999.000,9999.000,9999.000,9999.000,9999.000
202603231436,   0.265,9999.000,9999.000,9999.000,9999.000,9999.000,9999.000,9999.000,9999.000
202603231442,   0.279,9999.000,9999.000,9999.000,9999.000,9999.000,9999.000,9999.000,9999.000
202603231448,   0.294,9999.000,9999.000,9999.000,9999.000,9999.000,9999.000,9999.000,9999.000
202603231454,   0.311,9999.000,9999.000,9999.000,9999.000,9999.000,9999.000,9999.000,9999.000
202603231500,   0.329,9999.000,   1.200,  -0.489,   1.040,   1.100,   0.940,   1.300,   1.140
202603231506,   0.347,9999.000,9999.000,9999.000,9999.000,9999.000,9999.000,9999.000,9999.000
202603231512,   0.367,9999.000,9999.000,9999.000,9999.000,9999.000,9999.000,9999.000,9999.000
202603231518,   0.387,9999.000,9999.000,9999.000,9999.000,9999.000,9999.000,9999.000,9999.000
202603231524,   0.409,9999.000,9999.000,9999.000,9999.000,9999.000,9999.000,9999.000,9999.000
202603231530,   0.430,9999.000,9999.000,9999.000,9999.000,9999.000,9999.000,9999.000,9999.000
202603231536,   0.452,9999.000,9999.000,9999.000,9999.000,9999.000,9999.000,9999.000,9999.000
202603231542,   0.475,9999.000,9999.000,9999.000,9999.000,9999.000,9999.000,9999.000,9999.000
202603231548,   0.498,9999.000,9999.000,9999.000,9999.000,9999.000,9999.000,9999.000,9999.000
202603231554,   0.521,9999.000,9999.000,9999.000,9999.000,9999.000,9999.000,9999.000,9999.000
202603231600,   0.543,9999.000,   1.200,  -0.453,   1.290,   1.100,   1.190,   1.300,   1.390
202603231606,   0.566,9999.000,9999.000,9999.000,9999.000,9999.000,9999.000,9999.000,9999.000
202603231612,   0.589,9999.000,9999.000,9999.000,9999.000,9999.000,9999.000,9999.000,9999.000
202603231618,   0.612,9999.000,9999.000,9999.000,9999.000,9999.000,9999.000,9999.000,9999.000
202603231624,   0.635,9999.000,9999.000,9999.000,9999.000,9999.000,9999.000,9999.000,9999.000
202603231630,   0.657,9999.000,9999.000,9999.000,9999.000,9999.000,9999.000,9999.000,9999.000
202603231636,   0.679,9999.000,9999.000,9999.000,9999.000,9999.000,9999.000,9999.000,9999.000
202603231642,   0.701,9999.000,9999.000,9999.000,9999.000,9999.000,9999.000,9999.000,9999.000
202603231648,   0.722,9999.000,9999.000,9999.000,9999.000,9999.000,9999.000,9999.000,9999.000
202603231654,   0.743,9999.000,9999.000,9999.000,9999.000,9999.000,9999.000,9999.000,9999.000
202603231700,   0.763,9999.000,   1.200,  -0.418,   1.545,   1.100,   1.445,   1.300,   1.645
202603231706,   0.784,9999.000,9999.000,9999.000,9999.000,9999.000,9999.000,9999.000,9999.000
202603231712,   0.803,9999.000,9999.000,9999.000,9999.000,9999.000,9999.000,9999.000,9999.000
202603231718,   0.823,9999.000,9999.000,9999.000,9999.000,9999.000,9999.000,9999.000,9999.000
202603231724,   0.841,9999.000,9999.000,9999.000,9999.000,9999.000,9999.000,9999.000,9999.000
202603231730,   0.860,9999.000,9999.000,9999.000,9999.000,9999.000,9999.000,9999.000,9999.000
202603231736,   0.877,9999.000,9999.000,9999.000,9999.000,9999.000,9999.000,9999.000,9999.000
202603231742,   0.895,9999.000,9999.000,9999.000,9999.000,9999.000,9999.000,9999.000,9999.000
202603231748,   0.911,9999.000,9999.000,9999.000,9999.000,9999.000,9999.000,9999.000,9999.000
202603231754,   0.927,9999.000,9999.000,9999.000,9999.000,9999.000,9999.000,9999.000,9999.000
202603231800,   0.942,9999.000,   1.200,  -0.382,   1.760,   1.100,   1.660,   1.300,   1.860
202603231806,   0.956,9999.000,9999.000,9999.000,9999.000,9999.000,9999.000,9999.000,9999.000
202603231812,   0.969,9999.000,9999.000,9999.000,9999.000,9999.000,9999.000,9999.000,9999.000
202603231818,   0.981,9999.000,9999.000,9999.000,9999.000,9999.000,9999.000,9999.000,9999.000
202603231824,   0.992,9999.000,9999.000,9999.000,9999.000,9999.000,9999.000,9999.000,9999.000
202603231830,   1.002,9999.000,9999.000,9999.000,9999.000,9999.000,9999.000,9999.000,9999.000
202603231836,   1.010,9999.000,9999.000,9999.000,9999.000,9999.000,9999.000,9999.000,9999.000
202603231842,   1.017,9999.000,9999.000,9999.000,9999.000,9999.000,9999.000,9999.000,9999.000
202603231848,   1.023,9999.000,9999.000,9999.000,9999.000,9999.000,9999.000,9999.000,9999.000
202603231854,   1.027,9999.000,9999.000,9999.000,9999.000,9999.000,9999.000,9999.000,9999.000
202603231900,   1.030,9999.000,   1.200,  -0.347,   1.883,   1.000,   1.683,   1.300,   1.983
202603231906,   1.031,9999.000,9999.000,9999.000,9999.000,9999.000,9999.000,9999.000,9999.000
202603231912,   1.030,9999.000,9999.000,9999.000,9999.000,9999.000,9999.000,9999.000,9999.000
202603231918,   1.028,9999.000,9999.000,9999.000,9999.000,9999.000,9999.000,9999.000,9999.000
202603231924,   1.024,9999.000,9999.000,9999.000,9999.000,9999.000,9999.000,9999.000,9999.000
202603231930,   1.018,9999.000,9999.000,9999.000,9999.000,9999.000,9999.000,9999.000,9999.000
202603231936,   1.011,9999.000,9999.000,9999.000,9999.000,9999.000,9999.000,9999.000,9999.000
202603231942,   1.001,9999.000,9999.000,9999.000,9999.000,9999.000,9999.000,9999.000,9999.000
202603231948,   0.991,9999.000,9999.000,9999.000,9999.000,9999.000,9999.000,9999.000,9999.000
202603231954,   0.978,9999.000,9999.000,9999.000,9999.000,9999.000,9999.000,9999.000,9999.000
202603232000,   0.965,9999.000,   1.200,  -0.311,   1.854,   1.000,   1.654,   1.300,   1.954
202603232006,   0.950,9999.000,9999.000,9999.000,9999.000,9999.000,9999.000,9999.000,9999.000
202603232012,   0.933,9999.000,9999.000,9999.000,9999.000,9999.000,9999.000,9999.000,9999.000
202603232018,   0.915,9999.000,9999.000,9999.000,9999.000,9999.000,9999.000,9999.000,9999.000
202603232024,   0.897,9999.000,9999.000,9999.000,9999.000,9999.000,9999.000,9999.000,9999.000
202603232030,   0.877,9999.000,9999.000,9999.000,9999.000,9999.000,9999.000,9999.000,9999.000
202603232036,   0.856,9999.000,9999.000,9999.000,9999.000,9999.000,9999.000,9999.000,9999.000
202603232042,   0.835,9999.000,9999.000,9999.000,9999.000,9999.000,9999.000,9999.000,9999.000
202603232048,   0.813,9999.000,9999.000,9999.000,9999.000,9999.000,9999.000,9999.000,9999.000
202603232054,   0.790,9999.000,9999.000,9999.000,9999.000,9999.000,9999.000,9999.000,9999.000
202603232100,   0.767,9999.000,   1.200,  -0.276,   1.691,   1.000,   1.491,   1.300,   1.791
202603232106,   0.744,9999.000,9999.000,9999.000,9999.000,9999.000,9999.000,9999.000,9999.000
202603232112,   0.721,9999.000,9999.000,9999.000,9999.000,9999.000,9999.000,9999.000,9999.000
202603232118,   0.697,9999.000,9999.000,9999.000,9999.000,9999.000,9999.000,9999.000,9999.000
202603232124,   0.673,9999.000,9999.000,9999.000,9999.000,9999.000,9999.000,9999.000,9999.000
202603232130,   0.650,9999.000,9999.000,9999.000,9999.000,9999.000,9999.000,9999.000,9999.000
202603232136,   0.627,9999.000,9999.000,9999.000,9999.000,9999.000,9999.000,9999.000,9999.000
202603232142,   0.603,9999.000,9999.000,9999.000,9999.000,9999.000,9999.000,9999.000,9999.000
202603232148,   0.581,9999.000,9999.000,9999.000,9999.000,9999.000,9999.000,9999.000,9999.000
202603232154,   0.558,9999.000,9999.000,9999.000,9999.000,9999.000,9999.000,9999.000,9999.000
202603232200,   0.536,9999.000,   1.200,  -0.240,   1.496,   1.000,   1.296,   1.300,   1.596
202603232206,   0.514,9999.000,9999.000,9999.000,9999.000,9999.000,9999.000,9999.000,9999.000
202603232212,   0.493,9999.000,9999.000,9999.000,9999.000,9999.000,9999.000,9999.000,9999.000
202603232218,   0.472,9999.000,9999.000,9999.000,9999.000,9999.000,9999.000,9999.000,9999.000
202603232224,   0.451,9999.000,9999.000,9999.000,9999.000,9999.000,9999.000,9999.000,9999.000
202603232230,   0.431,9999.000,9999.000,9999.000,9999.000,9999.000,9999.000,9999.000,9999.000
202603232236,   0.411,9999.000,9999.000,9999.000,9999.000,9999.000,9999.000,9999.000,9999.000
202603232242,   0.392,9999.000,9999.000,9999.000,9999.000,9999.000,9999.000,9999.000,9999.000
202603232248,   0.374,9999.000,9999.000,9999.000,9999.000,9999.000,9999.000,9999.000,9999.000
202603232254,   0.355,9999.000,9999.000,9999.000,9999.000,9999.000,9999.000,9999.000,9999.000
202603232300,   0.338,9999.000,   1.200,  -0.205,   1.333,   1.100,   1.233,   1.300,   1.433
202603232306,   0.321,9999.000,9999.000,9999.000,9999.000,9999.000,9999.000,9999.000,9999.000
202603232312,   0.304,9999.000,9999.000,9999.000,9999.000,9999.000,9999.000,9999.000,9999.000
202603232318,   0.288,9999.000,9999.000,9999.000,9999.000,9999.000,9999.000,9999.000,9999.000
202603232324,   0.272,9999.000,9999.000,9999.000,9999.000,9999.000,9999.000,9999.000,9999.000
202603232330,   0.257,9999.000,9999.000,9999.000,9999.000,9999.000,9999.000,9999.000,9999.000
202603232336,   0.242,9999.000,9999.000,9999.000,9999.000,9999.000,9999.000,9999.000,9999.000
202603232342,   0.228,9999.000,9999.000,9999.000,9999.000,9999.000,9999.000,9999.000,9999.000
202603232348,   0.215,9999.000,9999.000,9999.000,9999.000,9999.000,9999.000,9999.000,9999.000
202603232354,   0.201,9999.000,9999.000,9999.000,9999.000,9999.000,9999.000,9999.000,9999.000
202603240000,   0.189,9999.000,   1.200,  -0.170,   1.219,   1.100,   1.119,   1.300,   1.319
202603240006,   0.177,9999.000,9999.000,9999.000,9999.000,9999.000,9999.000,9999.000,9999.000
202603240012,   0.166,9999.000,9999.000,9999.000,9999.000,9999.000,9999.000,9999.000,9999.000
202603240018,   0.155,9999.000,9999.000,9999.000,9999.000,9999.000,9999.000,9999.000,9999.000
202603240024,   0.145,9999.000,9999.000,9999.000,9999.000,9999.000,9999.000,9999.000,9999.000
202603240030,   0.135,9999.000,9999.000,9999.000,9999.000,9999.000,9999.000,9999.000,9999.000
202603240036,   0.127,9999.000,9999.000,9999.000,9999.000,9999.000,9999.000,9999.000,9999.000
202603240042,   0.119,9999.000,9999.000,9999.000,9999.000,9999.000,9999.000,9999.000,9999.000
202603240048,   0.112,9999.000,9999.000,9999.000,9999.000,9999.000,9999.000,9999.000,9999.000
202603240054,   0.106,9999.000,9999.000,9999.000,9999.000,9999.000,9999.000,9999.000,9999.000
202603240100,   0.100,9999.000,   1.100,  -0.170,   1.030,   1.000,   0.930,   1.200,   1.130
202603240106,   0.096,9999.000,9999.000,9999.000,9999.000,9999.000,9999.000,9999.000,9999.000
202603240112,   0.093,9999.000,9999.000,9999.000,9999.000,9999.000,9999.000,9999.000,9999.000
202603240118,   0.090,9999.000,9999.000,9999.000,9999.000,9999.000,9999.000,9999.000,9999.000
202603240124,   0.089,9999.000,9999.000,9999.000,9999.000,9999.000,9999.000,9999.000,9999.000
202603240130,   0.090,9999.000,9999.000,9999.000,9999.000,9999.000,9999.000,9999.000,9999.000
202603240136,   0.091,9999.000,9999.000,9999.000,9999.000,9999.000,9999.000,9999.000,9999.000
202603240142,   0.094,9999.000,9999.000,9999.000,9999.000,9999.000,9999.000,9999.000,9999.000
202603240148,   0.098,9999.000,9999.000,9999.000,9999.000,9999.000,9999.000,9999.000,9999.000
202603240154,   0.104,9999.000,9999.000,9999.000,9999.000,9999.000,9999.000,9999.000,9999.000
202603240200,   0.111,9999.000,   1.000,  -0.170,   0.941,   0.900,   0.841,   1.200,   1.141
202603240206,   0.120,9999.000,9999.000,9999.000,9999.000,9999.000,9999.000,9999.000,9999.000
202603240212,   0.130,9999.000,9999.000,9999.000,9999.000,9999.000,9999.000,9999.000,9999.000
202603240218,   0.142,9999.000,9999.000,9999.000,9999.000,9999.000,9999.000,9999.000,9999.000
202603240224,   0.156,9999.000,9999.000,9999.000,9999.000,9999.000,9999.000,9999.000,9999.000
202603240230,   0.171,9999.000,9999.000,9999.000,9999.000,9999.000,9999.000,9999.000,9999.000
202603240236,   0.188,9999.000,9999.000,9999.000,9999.000,9999.000,9999.000,9999.000,9999.000
202603240242,   0.206,9999.000,9999.000,9999.000,9999.000,9999.000,9999.000,9999.000,9999.000
202603240248,   0.226,9999.000,9999.000,9999.000,9999.000,9999.000,9999.000,9999.000,9999.000
202603240254,   0.247,9999.000,9999.000,9999.000,9999.000,9999.000,9999.000,9999.000,9999.000
202603240300,   0.270,9999.000,   1.000,  -0.170,   1.100,   0.800,   0.900,   1.200,   1.300
202603240306,   0.294,9999.000,9999.000,9999.000,9999.000,9999.000,9999.000,9999.000,9999.000
202603240312,   0.319,9999.000,9999.000,9999.000,9999.000,9999.000,9999.000,9999.000,9999.000
202603240318,   0.346,9999.000,9999.000,9999.000,9999.000,9999.000,9999.000,9999.000,9999.000
202603240324,   0.373,9999.000,9999.000,9999.000,9999.000,9999.000,9999.000,9999.000,9999.000
202603240330,   0.401,9999.000,9999.000,9999.000,9999.000,9999.000,9999.000,9999.000,9999.000
202603240336,   0.430,9999.000,9999.000,9999.000,9999.000,9999.000,9999.000,9999.000,9999.000
202603240342,   0.460,9999.000,9999.000,9999.000,9999.000,9999.000,9999.000,9999.000,9999.000
202603240348,   0.490,9999.000,9999.000,9999.000,9999.000,9999.000,9999.000,9999.000,9999.000
202603240354,   0.521,9999.000,9999.000,9999.000,9999.000,9999.000,9999.000,9999.000,9999.000
202603240400,   0.552,9999.000,   1.000,  -0.170,   1.382,   0.800,   1.182,   1.200,   1.582
202603240406,   0.583,9999.000,9999.000,9999.000,9999.000,9999.000,9999.000,9999.000,9999.000
202603240412,   0.615,9999.000,9999.000,9999.000,9999.000,9999.000,9999.000,9999.000,9999.000
202603240418,   0.646,9999.000,9999.000,9999.000,9999.000,9999.000,9999.000,9999.000,9999.000
202603240424,   0.677,9999.000,9999.000,9999.000,9999.000,9999.000,9999.000,9999.000,9999.000
202603240430,   0.708,9999.000,9999.000,9999.000,9999.000,9999.000,9999.000,9999.000,9999.000
202603240436,   0.739,9999.000,9999.000,9999.000,9999.000,9999.000,9999.000,9999.000,9999.000
202603240442,   0.769,9999.000,9999.000,9999.000,9999.000,9999.000,9999.000,9999.000,9999.000
202603240448,   0.799,9999.000,9999.000,9999.000,9999.000,9999.000,9999.000,9999.000,9999.000
202603240454,   0.829,9999.000,9999.000,9999.000,9999.000,9999.000,9999.000,9999.000,9999.000
202603240500,   0.858,9999.000,   1.000,  -0.170,   1.688,   0.800,   1.488,   1.200,   1.888
202603240506,   0.886,9999.000,9999.000,9999.000,9999.000,9999.000,9999.000,9999.000,9999.000
202603240512,   0.914,9999.000,9999.000,9999.000,9999.000,9999.000,9999.000,9999.000,9999.000
202603240518,   0.942,9999.000,9999.000,9999.000,9999.000,9999.000,9999.000,9999.000,9999.000
202603240524,   0.969,9999.000,9999.000,9999.000,9999.000,9999.000,9999.000,9999.000,9999.000
202603240530,   0.995,9999.000,9999.000,9999.000,9999.000,9999.000,9999.000,9999.000,9999.000
202603240536,   1.021,9999.000,9999.000,9999.000,9999.000,9999.000,9999.000,9999.000,9999.000
202603240542,   1.046,9999.000,9999.000,9999.000,9999.000,9999.000,9999.000,9999.000,9999.000
202603240548,   1.071,9999.000,9999.000,9999.000,9999.000,9999.000,9999.000,9999.000,9999.000
202603240554,   1.094,9999.000,9999.000,9999.000,9999.000,9999.000,9999.000,9999.000,9999.000
202603240600,   1.117,9999.000,   0.900,  -0.170,   1.847,   0.800,   1.747,   1.100,   2.047
202603240606,   1.140,9999.000,9999.000,9999.000,9999.000,9999.000,9999.000,9999.000,9999.000
202603240612,   1.161,9999.000,9999.000,9999.000,9999.000,9999.000,9999.000,9999.000,9999.000
202603240618,   1.182,9999.000,9999.000,9999.000,9999.000,9999.000,9999.000,9999.000,9999.000
202603240624,   1.202,9999.000,9999.000,9999.000,9999.000,9999.000,9999.000,9999.000,9999.000
202603240630,   1.220,9999.000,9999.000,9999.000,9999.000,9999.000,9999.000,9999.000,9999.000
202603240636,   1.238,9999.000,9999.000,9999.000,9999.000,9999.000,9999.000,9999.000,9999.000
202603240642,   1.255,9999.000,9999.000,9999.000,9999.000,9999.000,9999.000,9999.000,9999.000
202603240648,   1.270,9999.000,9999.000,9999.000,9999.000,9999.000,9999.000,9999.000,9999.000
202603240654,   1.284,9999.000,9999.000,9999.000,9999.000,9999.000,9999.000,9999.000,9999.000
202603240700,   1.297,9999.000,   0.900,  -0.170,   2.027,   0.800,   1.927,   1.100,   2.227
202603240706,   1.308,9999.000,9999.000,9999.000,9999.000,9999.000,9999.000,9999.000,9999.000
202603240712,   1.318,9999.000,9999.000,9999.000,9999.000,9999.000,9999.000,9999.000,9999.000
202603240718,   1.326,9999.000,9999.000,9999.000,9999.000,9999.000,9999.000,9999.000,9999.000
202603240724,   1.333,9999.000,9999.000,9999.000,9999.000,9999.000,9999.000,9999.000,9999.000
202603240730,   1.338,9999.000,9999.000,9999.000,9999.000,9999.000,9999.000,9999.000,9999.000
202603240736,   1.341,9999.000,9999.000,9999.000,9999.000,9999.000,9999.000,9999.000,9999.000
202603240742,   1.342,9999.000,9999.000,9999.000,9999.000,9999.000,9999.000,9999.000,9999.000
202603240748,   1.342,9999.000,9999.000,9999.000,9999.000,9999.000,9999.000,9999.000,9999.000
202603240754,   1.340,9999.000,9999.000,9999.000,9999.000,9999.000,9999.000,9999.000,9999.000
202603240800,   1.336,9999.000,   0.900,  -0.170,   2.066,   0.800,   1.966,   1.100,   2.266
202603240806,   1.330,9999.000,9999.000,9999.000,9999.000,9999.000,9999.000,9999.000,9999.000
202603240812,   1.323,9999.000,9999.000,9999.000,9999.000,9999.000,9999.000,9999.000,9999.000
202603240818,   1.314,9999.000,9999.000,9999.000,9999.000,9999.000,9999.000,9999.000,9999.000
202603240824,   1.303,9999.000,9999.000,9999.000,9999.000,9999.000,9999.000,9999.000,9999.000
202603240830,   1.291,9999.000,9999.000,9999.000,9999.000,9999.000,9999.000,9999.000,9999.000
202603240836,   1.278,9999.000,9999.000,9999.000,9999.000,9999.000,9999.000,9999.000,9999.000
202603240842,   1.263,9999.000,9999.000,9999.000,9999.000,9999.000,9999.000,9999.000,9999.000
202603240848,   1.247,9999.000,9999.000,9999.000,9999.000,9999.000,9999.000,9999.000,9999.000
202603240854,   1.230,9999.000,9999.000,9999.000,9999.000,9999.000,9999.000,9999.000,9999.000
202603240900,   1.212,9999.000,   1.000,  -0.170,   2.042,   0.800,   1.842,   1.100,   2.142
202603240906,   1.193,9999.000,9999.000,9999.000,9999.000,9999.000,9999.000,9999.000,9999.000
202603240912,   1.174,9999.000,9999.000,9999.000,9999.000,9999.000,9999.000,9999.000,9999.000
202603240918,   1.153,9999.000,9999.000,9999.000,9999.000,9999.000,9999.000,9999.000,9999.000
202603240924,   1.133,9999.000,9999.000,9999.000,9999.000,9999.000,9999.000,9999.000,9999.000
202603240930,   1.111,9999.000,9999.000,9999.000,9999.000,9999.000,9999.000,9999.000,9999.000
202603240936,   1.090,9999.000,9999.000,9999.000,9999.000,9999.000,9999.000,9999.000,9999.000
202603240942,   1.068,9999.000,9999.000,9999.000,9999.000,9999.000,9999.000,9999.000,9999.000
202603240948,   1.046,9999.000,9999.000,9999.000,9999.000,9999.000,9999.000,9999.000,9999.000
202603240954,   1.024,9999.000,9999.000,9999.000,9999.000,9999.000,9999.000,9999.000,9999.000
202603241000,   1.001,9999.000,   1.000,  -0.170,   1.831,   0.800,   1.631,   1.100,   1.931
202603241006,   0.979,9999.000,9999.000,9999.000,9999.000,9999.000,9999.000,9999.000,9999.000
202603241012,   0.957,9999.000,9999.000,9999.000,9999.000,9999.000,9999.000,9999.000,9999.000
202603241018,   0.935,9999.000,9999.000,9999.000,9999.000,9999.000,9999.000,9999.000,9999.000
202603241024,   0.913,9999.000,9999.000,9999.000,9999.000,9999.000,9999.000,9999.000,9999.000
202603241030,   0.891,9999.000,9999.000,9999.000,9999.000,9999.000,9999.000,9999.000,9999.000
202603241036,   0.870,9999.000,9999.000,9999.000,9999.000,9999.000,9999.000,9999.000,9999.000
202603241042,   0.848,9999.000,9999.000,9999.000,9999.000,9999.000,9999.000,9999.000,9999.000
202603241048,   0.827,9999.000,9999.000,9999.000,9999.000,9999.000,9999.000,9999.000,9999.000
202603241054,   0.806,9999.000,9999.000,9999.000,9999.000,9999.000,9999.000,9999.000,9999.000
202603241100,   0.785,9999.000,   1.000,  -0.170,   1.615,   0.800,   1.415,   1.200,   1.815
202603241106,   0.765,9999.000,9999.000,9999.000,9999.000,9999.000,9999.000,9999.000,9999.000
202603241112,   0.744,9999.000,9999.000,9999.000,9999.000,9999.000,9999.000,9999.000,9999.000
202603241118,   0.724,9999.000,9999.000,9999.000,9999.000,9999.000,9999.000,9999.000,9999.000
202603241124,   0.704,9999.000,9999.000,9999.000,9999.000,9999.000,9999.000,9999.000,9999.000
202603241130,   0.684,9999.000,9999.000,9999.000,9999.000,9999.000,9999.000,9999.000,9999.000
202603241136,   0.664,9999.000,9999.000,9999.000,9999.000,9999.000,9999.000,9999.000,9999.000
202603241142,   0.645,9999.000,9999.000,9999.000,9999.000,9999.000,9999.000,9999.000,9999.000
202603241148,   0.625,9999.000,9999.000,9999.000,9999.000,9999.000,9999.000,9999.000,9999.000
202603241154,   0.606,9999.000,9999.000,9999.000,9999.000,9999.000,9999.000,9999.000,9999.000
202603241200,   0.587,9999.000,   1.000,  -0.170,   1.417,   0.800,   1.217,   1.200,   1.617
202603241206,   0.568,9999.000,9999.000,9999.000,9999.000,9999.000,9999.000,9999.000,9999.000
202603241212,   0.549,9999.000,9999.000,9999.000,9999.000,9999.000,9999.000,9999.000,9999.000
202603241218,   0.530,9999.000,9999.000,9999.000,9999.000,9999.000,9999.000,9999.000,9999.000
202603241224,   0.511,9999.000,9999.000,9999.000,9999.000,9999.000,9999.000,9999.000,9999.000
202603241230,   0.493,9999.000,9999.000,9999.000,9999.000,9999.000,9999.000,9999.000,9999.000
202603241236,   0.475,9999.000,9999.000,9999.000,9999.000,9999.000,9999.000,9999.000,9999.000
202603241242,   0.457,9999.000,9999.000,9999.000,9999.000,9999.000,9999.000,9999.000,9999.000
202603241248,   0.439,9999.000,9999.000,9999.000,9999.000,9999.000,9999.000,9999.000,9999.000
202603241254,   0.422,9999.000,9999.000,9999.000,9999.000,9999.000,9999.000,9999.000,9999.000
202603241300,   0.405,9999.000,   1.000,  -0.170,   1.235,   0.900,   1.135,   1.200,   1.435
202603241306,   0.389,9999.000,9999.000,9999.000,9999.000,9999.000,9999.000,9999.000,9999.000
202603241312,   0.373,9999.000,9999.000,9999.000,9999.000,9999.000,9999.000,9999.000,9999.000
202603241318,   0.357,9999.000,9999.000,9999.000,9999.000,9999.000,9999.000,9999.000,9999.000
202603241324,   0.342,9999.000,9999.000,9999.000,9999.000,9999.000,9999.000,9999.000,9999.000
202603241330,   0.328,9999.000,9999.000,9999.000,9999.000,9999.000,9999.000,9999.000,9999.000
202603241336,   0.314,9999.000,9999.000,9999.000,9999.000,9999.000,9999.000,9999.000,9999.000
202603241342,   0.301,9999.000,9999.000,9999.000,9999.000,9999.000,9999.000,9999.000,9999.000
202603241348,   0.289,9999.000,9999.000,9999.000,9999.000,9999.000,9999.000,9999.000,9999.000
202603241354,   0.278,9999.000,9999.000,9999.000,9999.000,9999.000,9999.000,9999.000,9999.000
202603241400,   0.268,9999.000,   1.000,  -0.170,   1.098,   0.800,   0.898,   1.100,   1.198
202603241406,   0.260,9999.000,9999.000,9999.000,9999.000,9999.000,9999.000,9999.000,9999.000
202603241412,   0.252,9999.000,9999.000,9999.000,9999.000,9999.000,9999.000,9999.000,9999.000
202603241418,   0.245,9999.000,9999.000,9999.000,9999.000,9999.000,9999.000,9999.000,9999.000
202603241424,   0.240,9999.000,9999.000,9999.000,9999.000,9999.000,9999.000,9999.000,9999.000
202603241430,   0.236,9999.000,9999.000,9999.000,9999.000,9999.000,9999.000,9999.000,9999.000
202603241436,   0.234,9999.000,9999.000,9999.000,9999.000,9999.000,9999.000,9999.000,9999.000
202603241442,   0.233,9999.000,9999.000,9999.000,9999.000,9999.000,9999.000,9999.000,9999.000
202603241448,   0.234,9999.000,9999.000,9999.000,9999.000,9999.000,9999.000,9999.000,9999.000
202603241454,   0.236,9999.000,9999.000,9999.000,9999.000,9999.000,9999.000,9999.000,9999.000
202603241500,   0.240,9999.000,   1.000,  -0.170,   1.070,   0.800,   0.870,   1.100,   1.170
202603241506,   0.245,9999.000,9999.000,9999.000,9999.000,9999.000,9999.000,9999.000,9999.000
202603241512,   0.252,9999.000,9999.000,9999.000,9999.000,9999.000,9999.000,9999.000,9999.000
202603241518,   0.260,9999.000,9999.000,9999.000,9999.000,9999.000,9999.000,9999.000,9999.000
202603241524,   0.269,9999.000,9999.000,9999.000,9999.000,9999.000,9999.000,9999.000,9999.000
202603241530,   0.280,9999.000,9999.000,9999.000,9999.000,9999.000,9999.000,9999.000,9999.000
202603241536,   0.292,9999.000,9999.000,9999.000,9999.000,9999.000,9999.000,9999.000,9999.000
202603241542,   0.306,9999.000,9999.000,9999.000,9999.000,9999.000,9999.000,9999.000,9999.000
202603241548,   0.320,9999.000,9999.000,9999.000,9999.000,9999.000,9999.000,9999.000,9999.000
202603241554,   0.336,9999.000,9999.000,9999.000,9999.000,9999.000,9999.000,9999.000,9999.000
202603241600,   0.353,9999.000,   1.000,  -0.170,   1.183,   0.800,   0.983,   1.100,   1.283
202603241606,   0.370,9999.000,9999.000,9999.000,9999.000,9999.000,9999.000,9999.000,9999.000
202603241612,   0.388,9999.000,9999.000,9999.000,9999.000,9999.000,9999.000,9999.000,9999.000
202603241618,   0.407,9999.000,9999.000,9999.000,9999.000,9999.000,9999.000,9999.000,9999.000
202603241624,   0.427,9999.000,9999.000,9999.000,9999.000,9999.000,9999.000,9999.000,9999.000
202603241630,   0.447,9999.000,9999.000,9999.000,9999.000,9999.000,9999.000,9999.000,9999.000
202603241636,   0.467,9999.000,9999.000,9999.000,9999.000,9999.000,9999.000,9999.000,9999.000
202603241642,   0.487,9999.000,9999.000,9999.000,9999.000,9999.000,9999.000,9999.000,9999.000
202603241648,   0.508,9999.000,9999.000,9999.000,9999.000,9999.000,9999.000,9999.000,9999.000
202603241654,   0.529,9999.000,9999.000,9999.000,9999.000,9999.000,9999.000,9999.000,9999.000
202603241700,   0.550,9999.000,   1.000,  -0.170,   1.380,   0.900,   1.280,   1.100,   1.480
202603241706,   0.570,9999.000,9999.000,9999.000,9999.000,9999.000,9999.000,9999.000,9999.000
202603241712,   0.591,9999.000,9999.000,9999.000,9999.000,9999.000,9999.000,9999.000,9999.000
202603241718,   0.612,9999.000,9999.000,9999.000,9999.000,9999.000,9999.000,9999.000,9999.000
202603241724,   0.632,9999.000,9999.000,9999.000,9999.000,9999.000,9999.000,9999.000,9999.000
202603241730,   0.652,9999.000,9999.000,9999.000,9999.000,9999.000,9999.000,9999.000,9999.000
202603241736,   0.672,9999.000,9999.000,9999.000,9999.000,9999.000,9999.000,9999.000,9999.000
202603241742,   0.692,9999.000,9999.000,9999.000,9999.000,9999.000,9999.000,9999.000,9999.000
202603241748,   0.712,9999.000,9999.000,9999.000,9999.000,9999.000,9999.000,9999.000,9999.000
202603241754,   0.731,9999.000,9999.000,9999.000,9999.000,9999.000,9999.000,9999.000,9999.000
202603241800,   0.750,9999.000,   1.000,  -0.170,   1.580,   0.900,   1.480,   1.100,   1.680
202603241806,   0.769,9999.000,9999.000,9999.000,9999.000,9999.000,9999.000,9999.000,9999.000
202603241812,   0.788,9999.000,9999.000,9999.000,9999.000,9999.000,9999.000,9999.000,9999.000
202603241818,   0.806,9999.000,9999.000,9999.000,9999.000,9999.000,9999.000,9999.000,9999.000
202603241824,   0.824,9999.000,9999.000,9999.000,9999.000,9999.000,9999.000,9999.000,9999.000
202603241830,   0.841,9999.000,9999.000,9999.000,9999.000,9999.000,9999.000,9999.000,9999.000
202603241836,   0.858,9999.000,9999.000,9999.000,9999.000,9999.000,9999.000,9999.000,9999.000
202603241842,   0.874,9999.000,9999.000,9999.000,9999.000,9999.000,9999.000,9999.000,9999.000
202603241848,   0.890,9999.000,9999.000,9999.000,9999.000,9999.000,9999.000,9999.000,9999.000
202603241854,   0.905,9999.000,9999.000,9999.000,9999.000,9999.000,9999.000,9999.000,9999.000
202603241900,   0.919,9999.000,   1.000,  -0.170,   1.749,   0.900,   1.649,   1.100,   1.849
202603241906,   0.932,9999.000,9999.000,9999.000,9999.000,9999.000,9999.000,9999.000,9999.000
202603241912,   0.944,9999.000,9999.000,9999.000,9999.000,9999.000,9999.000,9999.000,9999.000
202603241918,   0.956,9999.000,9999.000,9999.000,9999.000,9999.000,9999.000,9999.000,9999.000
202603241924,   0.966,9999.000,9999.000,9999.000,9999.000,9999.000,9999.000,9999.000,9999.000
202603241930,   0.975,9999.000,9999.000,9999.000,9999.000,9999.000,9999.000,9999.000,9999.000
202603241936,   0.982,9999.000,9999.000,9999.000,9999.000,9999.000,9999.000,9999.000,9999.000
202603241942,   0.989,9999.000,9999.000,9999.000,9999.000,9999.000,9999.000,9999.000,9999.000
202603241948,   0.994,9999.000,9999.000,9999.000,9999.000,9999.000,9999.000,9999.000,9999.000
202603241954,   0.997,9999.000,9999.000,9999.000,9999.000,9999.000,9999.000,9999.000,9999.000
202603242000,   0.999,9999.000,   0.900,  -0.170,   1.729,   0.800,   1.629,   1.100,   1.929
202603242006,   0.999,9999.000,9999.000,9999.000,9999.000,9999.000,9999.000,9999.000,9999.000
202603242012,   0.997,9999.000,9999.000,9999.000,9999.000,9999.000,9999.000,9999.000,9999.000
202603242018,   0.994,9999.000,9999.000,9999.000,9999.000,9999.000,9999.000,9999.000,9999.000
202603242024,   0.989,9999.000,9999.000,9999.000,9999.000,9999.000,9999.000,9999.000,9999.000
202603242030,   0.983,9999.000,9999.000,9999.000,9999.000,9999.000,9999.000,9999.000,9999.000
202603242036,   0.975,9999.000,9999.000,9999.000,9999.000,9999.000,9999.000,9999.000,9999.000
202603242042,   0.965,9999.000,9999.000,9999.000,9999.000,9999.000,9999.000,9999.000,9999.000
202603242048,   0.954,9999.000,9999.000,9999.000,9999.000,9999.000,9999.000,9999.000,9999.000
202603242054,   0.941,9999.000,9999.000,9999.000,9999.000,9999.000,9999.000,9999.000,9999.000
202603242100,   0.928,9999.000,   0.900,  -0.170,   1.658,   0.700,   1.458,   1.000,   1.758
202603242106,   0.913,9999.000,9999.000,9999.000,9999.000,9999.000,9999.000,9999.000,9999.000
202603242112,   0.896,9999.000,9999.000,9999.000,9999.000,9999.000,9999.000,9999.000,9999.000
202603242118,   0.879,9999.000,9999.000,9999.000,9999.000,9999.000,9999.000,9999.000,9999.000
202603242124,   0.861,9999.000,9999.000,9999.000,9999.000,9999.000,9999.000,9999.000,9999.000
202603242130,   0.842,9999.000,9999.000,9999.000,9999.000,9999.000,9999.000,9999.000,9999.000
202603242136,   0.822,9999.000,9999.000,9999.000,9999.000,9999.000,9999.000,9999.000,9999.000
202603242142,   0.801,9999.000,9999.000,9999.000,9999.000,9999.000,9999.000,9999.000,9999.000
202603242148,   0.780,9999.000,9999.000,9999.000,9999.000,9999.000,9999.000,9999.000,9999.000
202603242154,   0.759,9999.000,9999.000,9999.000,9999.000,9999.000,9999.000,9999.000,9999.000
202603242200,   0.738,9999.000,   0.800,  -0.170,   1.368,   0.700,   1.268,   0.900,   1.468
202603242206,   0.716,9999.000,9999.000,9999.000,9999.000,9999.000,9999.000,9999.000,9999.000
202603242212,   0.694,9999.000,9999.000,9999.000,9999.000,9999.000,9999.000,9999.000,9999.000
202603242218,   0.672,9999.000,9999.000,9999.000,9999.000,9999.000,9999.000,9999.000,9999.000
202603242224,   0.650,9999.000,9999.000,9999.000,9999.000,9999.000,9999.000,9999.000,9999.000
202603242230,   0.629,9999.000,9999.000,9999.000,9999.000,9999.000,9999.000,9999.000,9999.000
202603242236,   0.607,9999.000,9999.000,9999.000,9999.000,9999.000,9999.000,9999.000,9999.000
202603242242,   0.586,9999.000,9999.000,9999.000,9999.000,9999.000,9999.000,9999.000,9999.000
202603242248,   0.565,9999.000,9999.000,9999.000,9999.000,9999.000,9999.000,9999.000,9999.000
202603242254,   0.544,9999.000,9999.000,9999.000,9999.000,9999.000,9999.000,9999.000,9999.000
202603242300,   0.524,9999.000,   0.800,  -0.170,   1.154,   0.700,   1.054,   0.900,   1.254
202603242306,   0.504,9999.000,9999.000,9999.000,9999.000,9999.000,9999.000,9999.000,9999.000
202603242312,   0.484,9999.000,9999.000,9999.000,9999.000,9999.000,9999.000,9999.000,9999.000
202603242318,   0.465,9999.000,9999.000,9999.000,9999.000,9999.000,9999.000,9999.000,9999.000
202603242324,   0.446,9999.000,9999.000,9999.000,9999.000,9999.000,9999.000,9999.000,9999.000
202603242330,   0.428,9999.000,9999.000,9999.000,9999.000,9999.000,9999.000,9999.000,9999.000
202603242336,   0.410,9999.000,9999.000,9999.000,9999.000,9999.000,9999.000,9999.000,9999.000
202603242342,   0.392,9999.000,9999.000,9999.000,9999.000,9999.000,9999.000,9999.000,9999.000
202603242348,   0.375,9999.000,9999.000,9999.000,9999.000,9999.000,9999.000,9999.000,9999.000
202603242354,   0.358,9999.000,9999.000,9999.000,9999.000,9999.000,9999.000,9999.000,9999.000
202603250000,   0.342,9999.000,   0.700,  -0.170,   0.872,   0.600,   0.772,   0.800,   0.972
202603250006,   0.326,9999.000,9999.000,9999.000,9999.000,9999.000,9999.000,9999.000,9999.000
202603250012,   0.311,9999.000,9999.000,9999.000,9999.000,9999.000,9999.000,9999.000,9999.000
202603250018,   0.296,9999.000,9999.000,9999.000,9999.000,9999.000,9999.000,9999.000,9999.000
202603250024,   0.281,9999.000,9999.000,9999.000,9999.000,9999.000,9999.000,9999.000,9999.000
202603250030,   0.267,9999.000,9999.000,9999.000,9999.000,9999.000,9999.000,9999.000,9999.000
202603250036,   0.253,9999.000,9999.000,9999.000,9999.000,9999.000,9999.000,9999.000,9999.000
202603250042,   0.240,9999.000,9999.000,9999.000,9999.000,9999.000,9999.000,9999.000,9999.000
202603250048,   0.227,9999.000,9999.000,9999.000,9999.000,9999.000,9999.000,9999.000,9999.000
202603250054,   0.215,9999.000,9999.000,9999.000,9999.000,9999.000,9999.000,9999.000,9999.000
202603250100,   0.203,9999.000,   0.700,  -0.170,   0.733,   0.600,   0.633,   0.700,   0.733
202603250106,   0.192,9999.000,9999.000,9999.000,9999.000,9999.000,9999.000,9999.000,9999.000
202603250112,   0.181,9999.000,9999.000,9999.000,9999.000,9999.000,9999.000,9999.000,9999.000
202603250118,   0.171,9999.000,9999.000,9999.000,9999.000,9999.000,9999.000,9999.000,9999.000
202603250124,   0.161,9999.000,9999.000,9999.000,9999.000,9999.000,9999.000,9999.000,9999.000
202603250130,   0.152,9999.000,9999.000,9999.000,9999.000,9999.000,9999.000,9999.000,9999.000
202603250136,   0.144,9999.000,9999.000,9999.000,9999.000,9999.000,9999.000,9999.000,9999.000
202603250142,   0.137,9999.000,9999.000,9999.000,9999.000,9999.000,9999.000,9999.000,9999.000
202603250148,   0.130,9999.000,9999.000,9999.000,9999.000,9999.000,9999.000,9999.000,9999.000
202603250154,   0.125,9999.000,9999.000,9999.000,9999.000,9999.000,9999.000,9999.000,9999.000
202603250200,   0.120,9999.000,   0.600,  -0.170,   0.550,   0.500,   0.450,   0.700,   0.650
202603250206,   0.116,9999.000,9999.000,9999.000,9999.000,9999.000,9999.000,9999.000,9999.000
202603250212,   0.114,9999.000,9999.000,9999.000,9999.000,9999.000,9999.000,9999.000,9999.000
202603250218,   0.112,9999.000,9999.000,9999.000,9999.000,9999.000,9999.000,9999.000,9999.000
202603250224,   0.112,9999.000,9999.000,9999.000,9999.000,9999.000,9999.000,9999.000,9999.000
202603250230,   0.113,9999.000,9999.000,9999.000,9999.000,9999.000,9999.000,9999.000,9999.000
202603250236,   0.115,9999.000,9999.000,9999.000,9999.000,9999.000,9999.000,9999.000,9999.000
202603250242,   0.118,9999.000,9999.000,9999.000,9999.000,9999.000,9999.000,9999.000,9999.000
202603250248,   0.123,9999.000,9999.000,9999.000,9999.000,9999.000,9999.000,9999.000,9999.000
202603250254,   0.130,9999.000,9999.000,9999.000,9999.000,9999.000,9999.000,9999.000,9999.000
202603250300,   0.138,9999.000,   0.500,  -0.170,   0.468,   0.500,   0.468,   0.600,   0.568
202603250306,   0.147,9999.000,9999.000,9999.000,9999.000,9999.000,9999.000,9999.000,9999.000
202603250312,   0.158,9999.000,9999.000,9999.000,9999.000,9999.000,9999.000,9999.000,9999.000
202603250318,   0.171,9999.000,9999.000,9999.000,9999.000,9999.000,9999.000,9999.000,9999.000
202603250324,   0.185,9999.000,9999.000,9999.000,9999.000,9999.000,9999.000,9999.000,9999.000
202603250330,   0.200,9999.000,9999.000,9999.000,9999.000,9999.000,9999.000,9999.000,9999.000
202603250336,   0.218,9999.000,9999.000,9999.000,9999.000,9999.000,9999.000,9999.000,9999.000
202603250342,   0.236,9999.000,9999.000,9999.000,9999.000,9999.000,9999.000,9999.000,9999.000
202603250348,   0.256,9999.000,9999.000,9999.000,9999.000,9999.000,9999.000,9999.000,9999.000
202603250354,   0.277,9999.000,9999.000,9999.000,9999.000,9999.000,9999.000,9999.000,9999.000
202603250400,   0.300,9999.000,   0.500,  -0.170,   0.630,   0.400,   0.530,   0.600,   0.730
202603250406,   0.323,9999.000,9999.000,9999.000,9999.000,9999.000,9999.000,9999.000,9999.000
202603250412,   0.348,9999.000,9999.000,9999.000,9999.000,9999.000,9999.000,9999.000,9999.000
202603250418,   0.374,9999.000,9999.000,9999.000,9999.000,9999.000,9999.000,9999.000,9999.000
202603250424,   0.400,9999.000,9999.000,9999.000,9999.000,9999.000,9999.000,9999.000,9999.000
202603250430,   0.428,9999.000,9999.000,9999.000,9999.000,9999.000,9999.000,9999.000,9999.000
202603250436,   0.455,9999.000,9999.000,9999.000,9999.000,9999.000,9999.000,9999.000,9999.000
202603250442,   0.484,9999.000,9999.000,9999.000,9999.000,9999.000,9999.000,9999.000,9999.000
202603250448,   0.512,9999.000,9999.000,9999.000,9999.000,9999.000,9999.000,9999.000,9999.000
202603250454,   0.541,9999.000,9999.000,9999.000,9999.000,9999.000,9999.000,9999.000,9999.000
202603250500,   0.571,9999.000,   0.400,  -0.170,   0.801,   0.300,   0.701,   0.500,   0.901
202603250506,   0.600,9999.000,9999.000,9999.000,9999.000,9999.000,9999.000,9999.000,9999.000
202603250512,   0.629,9999.000,9999.000,9999.000,9999.000,9999.000,9999.000,9999.000,9999.000
202603250518,   0.658,9999.000,9999.000,9999.000,9999.000,9999.000,9999.000,9999.000,9999.000
202603250524,   0.687,9999.000,9999.000,9999.000,9999.000,9999.000,9999.000,9999.000,9999.000
202603250530,   0.716,9999.000,9999.000,9999.000,9999.000,9999.000,9999.000,9999.000,9999.000
202603250536,   0.745,9999.000,9999.000,9999.000,9999.000,9999.000,9999.000,9999.000,9999.000
202603250542,   0.773,9999.000,9999.000,9999.000,9999.000,9999.000,9999.000,9999.000,9999.000
202603250548,   0.801,9999.000,9999.000,9999.000,9999.000,9999.000,9999.000,9999.000,9999.000
202603250554,   0.828,9999.000,9999.000,9999.000,9999.000,9999.000,9999.000,9999.000,9999.000
202603250600,   0.856,9999.000,   0.400,  -0.170,   1.086,   0.300,   0.986,   0.400,   1.086
202603250606,   0.882,9999.000,9999.000,9999.000,9999.000,9999.000,9999.000,9999.000,9999.000
202603250612,   0.908,9999.000,9999.000,9999.000,9999.000,9999.000,9999.000,9999.000,9999.000
202603250618,   0.934,9999.000,9999.000,9999.000,9999.000,9999.000,9999.000,9999.000,9999.000
202603250624,   0.960,9999.000,9999.000,9999.000,9999.000,9999.000,9999.000,9999.000,9999.000
202603250630,   0.984,9999.000,9999.000,9999.000,9999.000,9999.000,9999.000,9999.000,9999.000
202603250636,   1.009,9999.000,9999.000,9999.000,9999.000,9999.000,9999.000,9999.000,9999.000
202603250642,   1.032,9999.000,9999.000,9999.000,9999.000,9999.000,9999.000,9999.000,9999.000
202603250648,   1.056,9999.000,9999.000,9999.000,9999.000,9999.000,9999.000,9999.000,9999.000
202603250654,   1.078,9999.000,9999.000,9999.000,9999.000,9999.000,9999.000,9999.000,9999.000
202603250700,   1.100,9999.000,   0.300,  -0.170,   1.230,   0.200,   1.130,   0.400,   1.330
202603250706,   1.122,9999.000,9999.000,9999.000,9999.000,9999.000,9999.000,9999.000,9999.000
202603250712,   1.142,9999.000,9999.000,9999.000,9999.000,9999.000,9999.000,9999.000,9999.000
202603250718,   1.162,9999.000,9999.000,9999.000,9999.000,9999.000,9999.000,9999.000,9999.000
202603250724,   1.181,9999.000,9999.000,9999.000,9999.000,9999.000,9999.000,9999.000,9999.000
202603250730,   1.199,9999.000,9999.000,9999.000,9999.000,9999.000,9999.000,9999.000,9999.000
202603250736,   1.216,9999.000,9999.000,9999.000,9999.000,9999.000,9999.000,9999.000,9999.000
202603250742,   1.232,9999.000,9999.000,9999.000,9999.000,9999.000,9999.000,9999.000,9999.000
202603250748,   1.246,9999.000,9999.000,9999.000,9999.000,9999.000,9999.000,9999.000,9999.000
202603250754,   1.259,9999.000,9999.000,9999.000,9999.000,9999.000,9999.000,9999.000,9999.000
202603250800,   1.271,9999.000,   0.200,  -0.170,   1.301,   0.100,   1.201,   0.300,   1.401
202603250806,   1.282,9999.000,9999.000,9999.000,9999.000,9999.000,9999.000,9999.000,9999.000
202603250812,   1.291,9999.000,9999.000,9999.000,9999.000,9999.000,9999.000,9999.000,9999.000
202603250818,   1.298,9999.000,9999.000,9999.000,9999.000,9999.000,9999.000,9999.000,9999.000
202603250824,   1.304,9999.000,9999.000,9999.000,9999.000,9999.000,9999.000,9999.000,9999.000
202603250830,   1.308,9999.000,9999.000,9999.000,9999.000,9999.000,9999.000,9999.000,9999.000
202603250836,   1.311,9999.000,9999.000,9999.000,9999.000,9999.000,9999.000,9999.000,9999.000
202603250842,   1.311,9999.000,9999.000,9999.000,9999.000,9999.000,9999.000,9999.000,9999.000
202603250848,   1.310,9999.000,9999.000,9999.000,9999.000,9999.000,9999.000,9999.000,9999.000
202603250854,   1.308,9999.000,9999.000,9999.000,9999.000,9999.000,9999.000,9999.000,9999.000
202603250900,   1.304,9999.000,   0.200,  -0.170,   1.334,   0.100,   1.234,   0.300,   1.434
202603250906,   1.298,9999.000,9999.000,9999.000,9999.000,9999.000,9999.000,9999.000,9999.000
202603250912,   1.290,9999.000,9999.000,9999.000,9999.000,9999.000,9999.000,9999.000,9999.000
202603250918,   1.281,9999.000,9999.000,9999.000,9999.000,9999.000,9999.000,9999.000,9999.000
202603250924,   1.271,9999.000,9999.000,9999.000,9999.000,9999.000,9999.000,9999.000,9999.000
202603250930,   1.259,9999.000,9999.000,9999.000,9999.000,9999.000,9999.000,9999.000,9999.000
202603250936,   1.247,9999.000,9999.000,9999.000,9999.000,9999.000,9999.000,9999.000,9999.000
202603250942,   1.233,9999.000,9999.000,9999.000,9999.000,9999.000,9999.000,9999.000,9999.000
202603250948,   1.218,9999.000,9999.000,9999.000,9999.000,9999.000,9999.000,9999.000,9999.000
202603250954,   1.202,9999.000,9999.000,9999.000,9999.000,9999.000,9999.000,9999.000,9999.000
202603251000,   1.185,9999.000,   0.100,  -0.170,   1.115,   0.000,   1.015,   0.200,   1.215
202603251006,   1.168,9999.000,9999.000,9999.000,9999.000,9999.000,9999.000,9999.000,9999.000
202603251012,   1.149,9999.000,9999.000,9999.000,9999.000,9999.000,9999.000,9999.000,9999.000
202603251018,   1.131,9999.000,9999.000,9999.000,9999.000,9999.000,9999.000,9999.000,9999.000
202603251024,   1.112,9999.000,9999.000,9999.000,9999.000,9999.000,9999.000,9999.000,9999.000
202603251030,   1.093,9999.000,9999.000,9999.000,9999.000,9999.000,9999.000,9999.000,9999.000
202603251036,   1.073,9999.000,9999.000,9999.000,9999.000,9999.000,9999.000,9999.000,9999.000
202603251042,   1.053,9999.000,9999.000,9999.000,9999.000,9999.000,9999.000,9999.000,9999.000
202603251048,   1.033,9999.000,9999.000,9999.000,9999.000,9999.000,9999.000,9999.000,9999.000
202603251054,   1.013,9999.000,9999.000,9999.000,9999.000,9999.000,9999.000,9999.000,9999.000
202603251100,   0.993,9999.000,   0.100,  -0.170,   0.923,   0.000,   0.823,   0.200,   1.023
202603251106,   0.974,9999.000,9999.000,9999.000,9999.000,9999.000,9999.000,9999.000,9999.000
202603251112,   0.954,9999.000,9999.000,9999.000,9999.000,9999.000,9999.000,9999.000,9999.000
202603251118,   0.934,9999.000,9999.000,9999.000,9999.000,9999.000,9999.000,9999.000,9999.000
202603251124,   0.914,9999.000,9999.000,9999.000,9999.000,9999.000,9999.000,9999.000,9999.000
202603251130,   0.894,9999.000,9999.000,9999.000,9999.000,9999.000,9999.000,9999.000,9999.000
202603251136,   0.875,9999.000,9999.000,9999.000,9999.000,9999.000,9999.000,9999.000,9999.000
202603251142,   0.855,9999.000,9999.000,9999.000,9999.000,9999.000,9999.000,9999.000,9999.000
202603251148,   0.836,9999.000,9999.000,9999.000,9999.000,9999.000,9999.000,9999.000,9999.000
202603251154,   0.817,9999.000,9999.000,9999.000,9999.000,9999.000,9999.000,9999.000,9999.000
202603251200,   0.798,9999.000,   0.000,  -0.170,   0.628,   0.000,   0.628,   0.100,   0.728
202603251206,   0.779,9999.000,9999.000,9999.000,9999.000,9999.000,9999.000,9999.000,9999.000
202603251212,   0.760,9999.000,9999.000,9999.000,9999.000,9999.000,9999.000,9999.000,9999.000
202603251218,   0.741,9999.000,9999.000,9999.000,9999.000,9999.000,9999.000,9999.000,9999.000
202603251224,   0.722,9999.000,9999.000,9999.000,9999.000,9999.000,9999.000,9999.000,9999.000
202603251230,   0.703,9999.000,9999.000,9999.000,9999.000,9999.000,9999.000,9999.000,9999.000
202603251236,   0.684,9999.000,9999.000,9999.000,9999.000,9999.000,9999.000,9999.000,9999.000
202603251242,   0.665,9999.000,9999.000,9999.000,9999.000,9999.000,9999.000,9999.000,9999.000
202603251248,   0.646,9999.000,9999.000,9999.000,9999.000,9999.000,9999.000,9999.000,9999.000
202603251254,   0.628,9999.000,9999.000,9999.000,9999.000,9999.000,9999.000,9999.000,9999.000
202603251300,   0.609,9999.000,   0.000,  -0.170,   0.439,   0.000,   0.439,   0.100,   0.539
202603251306,   0.590,9999.000,9999.000,9999.000,9999.000,9999.000,9999.000,9999.000,9999.000
202603251312,   0.572,9999.000,9999.000,9999.000,9999.000,9999.000,9999.000,9999.000,9999.000
202603251318,   0.553,9999.000,9999.000,9999.000,9999.000,9999.000,9999.000,9999.000,9999.000
202603251324,   0.535,9999.000,9999.000,9999.000,9999.000,9999.000,9999.000,9999.000,9999.000
202603251330,   0.516,9999.000,9999.000,9999.000,9999.000,9999.000,9999.000,9999.000,9999.000
202603251336,   0.498,9999.000,9999.000,9999.000,9999.000,9999.000,9999.000,9999.000,9999.000
202603251342,   0.480,9999.000,9999.000,9999.000,9999.000,9999.000,9999.000,9999.000,9999.000
202603251348,   0.462,9999.000,9999.000,9999.000,9999.000,9999.000,9999.000,9999.000,9999.000
202603251354,   0.445,9999.000,9999.000,9999.000,9999.000,9999.000,9999.000,9999.000,9999.000
202603251400,   0.427,9999.000,   0.000,  -0.170,   0.257,  -0.100,   0.157,   0.100,   0.357
202603251406,   0.410,9999.000,9999.000,9999.000,9999.000,9999.000,9999.000,9999.000,9999.000
202603251412,   0.394,9999.000,9999.000,9999.000,9999.000,9999.000,9999.000,9999.000,9999.000
202603251418,   0.378,9999.000,9999.000,9999.000,9999.000,9999.000,9999.000,9999.000,9999.000
202603251424,   0.362,9999.000,9999.000,9999.000,9999.000,9999.000,9999.000,9999.000,9999.000
202603251430,   0.348,9999.000,9999.000,9999.000,9999.000,9999.000,9999.000,9999.000,9999.000
202603251436,   0.333,9999.000,9999.000,9999.000,9999.000,9999.000,9999.000,9999.000,9999.000
202603251442,   0.320,9999.000,9999.000,9999.000,9999.000,9999.000,9999.000,9999.000,9999.000
202603251448,   0.308,9999.000,9999.000,9999.000,9999.000,9999.000,9999.000,9999.000,9999.000
202603251454,   0.296,9999.000,9999.000,9999.000,9999.000,9999.000,9999.000,9999.000,9999.000
202603251500,   0.286,9999.000,   0.000,  -0.170,   0.116,   0.000,   0.116,   0.100,   0.216
202603251506,   0.277,9999.000,9999.000,9999.000,9999.000,9999.000,9999.000,9999.000,9999.000
202603251512,   0.269,9999.000,9999.000,9999.000,9999.000,9999.000,9999.000,9999.000,9999.000
202603251518,   0.262,9999.000,9999.000,9999.000,9999.000,9999.000,9999.000,9999.000,9999.000
202603251524,   0.256,9999.000,9999.000,9999.000,9999.000,9999.000,9999.000,9999.000,9999.000
202603251530,   0.252,9999.000,9999.000,9999.000,9999.000,9999.000,9999.000,9999.000,9999.000
202603251536,   0.249,9999.000,9999.000,9999.000,9999.000,9999.000,9999.000,9999.000,9999.000
202603251542,   0.248,9999.000,9999.000,9999.000,9999.000,9999.000,9999.000,9999.000,9999.000
202603251548,   0.248,9999.000,9999.000,9999.000,9999.000,9999.000,9999.000,9999.000,9999.000
202603251554,   0.250,9999.000,9999.000,9999.000,9999.000,9999.000,9999.000,9999.000,9999.000
202603251600,   0.253,9999.000,   0.000,  -0.170,   0.083,  -0.100,  -0.017,   0.100,   0.183
202603251606,   0.258,9999.000,9999.000,9999.000,9999.000,9999.000,9999.000,9999.000,9999.000
202603251612,   0.264,9999.000,9999.000,9999.000,9999.000,9999.000,9999.000,9999.000,9999.000
202603251618,   0.271,9999.000,9999.000,9999.000,9999.000,9999.000,9999.000,9999.000,9999.000
202603251624,   0.280,9999.000,9999.000,9999.000,9999.000,9999.000,9999.000,9999.000,9999.000
202603251630,   0.290,9999.000,9999.000,9999.000,9999.000,9999.000,9999.000,9999.000,9999.000
202603251636,   0.301,9999.000,9999.000,9999.000,9999.000,9999.000,9999.000,9999.000,9999.000
202603251642,   0.313,9999.000,9999.000,9999.000,9999.000,9999.000,9999.000,9999.000,9999.000
202603251648,   0.327,9999.000,9999.000,9999.000,9999.000,9999.000,9999.000,9999.000,9999.000
202603251654,   0.341,9999.000,9999.000,9999.000,9999.000,9999.000,9999.000,9999.000,9999.000
202603251700,   0.356,9999.000,   0.000,  -0.170,   0.186,  -0.100,   0.086,   0.100,   0.286
202603251706,   0.372,9999.000,9999.000,9999.000,9999.000,9999.000,9999.000,9999.000,9999.000
202603251712,   0.389,9999.000,9999.000,9999.000,9999.000,9999.000,9999.000,9999.000,9999.000
202603251718,   0.406,9999.000,9999.000,9999.000,9999.000,9999.000,9999.000,9999.000,9999.000
202603251724,   0.423,9999.000,9999.000,9999.000,9999.000,9999.000,9999.000,9999.000,9999.000
202603251730,   0.441,9999.000,9999.000,9999.000,9999.000,9999.000,9999.000,9999.000,9999.000
202603251736,   0.460,9999.000,9999.000,9999.000,9999.000,9999.000,9999.000,9999.000,9999.000
202603251742,   0.478,9999.000,9999.000,9999.000,9999.000,9999.000,9999.000,9999.000,9999.000
202603251748,   0.497,9999.000,9999.000,9999.000,9999.000,9999.000,9999.000,9999.000,9999.000
202603251754,   0.516,9999.000,9999.000,9999.000,9999.000,9999.000,9999.000,9999.000,9999.000
202603251800,   0.535,9999.000,   0.000,  -0.170,   0.365,  -0.100,   0.265,   0.100,   0.465
202603251806,   0.554,9999.000,9999.000,9999.000,9999.000,9999.000,9999.000,9999.000,9999.000
202603251812,   0.574,9999.000,9999.000,9999.000,9999.000,9999.000,9999.000,9999.000,9999.000
202603251818,   0.593,9999.000,9999.000,9999.000,9999.000,9999.000,9999.000,9999.000,9999.000
202603251824,   0.612,9999.000,9999.000,9999.000,9999.000,9999.000,9999.000,9999.000,9999.000
202603251830,   0.631,9999.000,9999.000,9999.000,9999.000,9999.000,9999.000,9999.000,9999.000
202603251836,   0.650,9999.000,9999.000,9999.000,9999.000,9999.000,9999.000,9999.000,9999.000
202603251842,   0.669,9999.000,9999.000,9999.000,9999.000,9999.000,9999.000,9999.000,9999.000
202603251848,   0.688,9999.000,9999.000,9999.000,9999.000,9999.000,9999.000,9999.000,9999.000
202603251854,   0.707,9999.000,9999.000,9999.000,9999.000,9999.000,9999.000,9999.000,9999.000
202603251900,   0.726,9999.000,   0.000,  -0.170,   0.556,   0.000,   0.556,   0.100,   0.656
202603251906,   0.744,9999.000,9999.000,9999.000,9999.000,9999.000,9999.000,9999.000,9999.000
202603251912,   0.763,9999.000,9999.000,9999.000,9999.000,9999.000,9999.000,9999.000,9999.000
202603251918,   0.781,9999.000,9999.000,9999.000,9999.000,9999.000,9999.000,9999.000,9999.000
202603251924,   0.799,9999.000,9999.000,9999.000,9999.000,9999.000,9999.000,9999.000,9999.000
202603251930,   0.816,9999.000,9999.000,9999.000,9999.000,9999.000,9999.000,9999.000,9999.000
202603251936,   0.834,9999.000,9999.000,9999.000,9999.000,9999.000,9999.000,9999.000,9999.000
202603251942,   0.850,9999.000,9999.000,9999.000,9999.000,9999.000,9999.000,9999.000,9999.000
202603251948,   0.866,9999.000,9999.000,9999.000,9999.000,9999.000,9999.000,9999.000,9999.000
202603251954,   0.882,9999.000,9999.000,9999.000,9999.000,9999.000,9999.000,9999.000,9999.000
202603252000,   0.896,9999.000,   0.000,  -0.170,   0.726,   0.000,   0.726,   0.100,   0.826
202603252006,   0.910,9999.000,9999.000,9999.000,9999.000,9999.000,9999.000,9999.000,9999.000
202603252012,   0.923,9999.000,9999.000,9999.000,9999.000,9999.000,9999.000,9999.000,9999.000
202603252018,   0.935,9999.000,9999.000,9999.000,9999.000,9999.000,9999.000,9999.000,9999.000
202603252024,   0.946,9999.000,9999.000,9999.000,9999.000,9999.000,9999.000,9999.000,9999.000
202603252030,   0.955,9999.000,9999.000,9999.000,9999.000,9999.000,9999.000,9999.000,9999.000
202603252036,   0.963,9999.000,9999.000,9999.000,9999.000,9999.000,9999.000,9999.000,9999.000
202603252042,   0.970,9999.000,9999.000,9999.000,9999.000,9999.000,9999.000,9999.000,9999.000
202603252048,   0.975,9999.000,9999.000,9999.000,9999.000,9999.000,9999.000,9999.000,9999.000
202603252054,   0.979,9999.000,9999.000,9999.000,9999.000,9999.000,9999.000,9999.000,9999.000
202603252100,   0.981,9999.000,   0.000,  -0.170,   0.811,   0.000,   0.811,   0.100,   0.911
202603252106,   0.982,9999.000,9999.000,9999.000,9999.000,9999.000,9999.000,9999.000,9999.000
202603252112,   0.981,9999.000,9999.000,9999.000,9999.000,9999.000,9999.000,9999.000,9999.000
202603252118,   0.979,9999.000,9999.000,9999.000,9999.000,9999.000,9999.000,9999.000,9999.000
202603252124,   0.974,9999.000,9999.000,9999.000,9999.000,9999.000,9999.000,9999.000,9999.000
202603252130,   0.969,9999.000,9999.000,9999.000,9999.000,9999.000,9999.000,9999.000,9999.000
202603252136,   0.961,9999.000,9999.000,9999.000,9999.000,9999.000,9999.000,9999.000,9999.000
202603252142,   0.953,9999.000,9999.000,9999.000,9999.000,9999.000,9999.000,9999.000,9999.000
202603252148,   0.943,9999.000,9999.000,9999.000,9999.000,9999.000,9999.000,9999.000,9999.000
202603252154,   0.931,9999.000,9999.000,9999.000,9999.000,9999.000,9999.000,9999.000,9999.000
202603252200,   0.919,9999.000,   0.000,  -0.170,   0.749,   0.000,   0.749,   0.100,   0.849
202603252206,   0.905,9999.000,9999.000,9999.000,9999.000,9999.000,9999.000,9999.000,9999.000
202603252212,   0.890,9999.000,9999.000,9999.000,9999.000,9999.000,9999.000,9999.000,9999.000
202603252218,   0.874,9999.000,9999.000,9999.000,9999.000,9999.000,9999.000,9999.000,9999.000
202603252224,   0.858,9999.000,9999.000,9999.000,9999.000,9999.000,9999.000,9999.000,9999.000
202603252230,   0.840,9999.000,9999.000,9999.000,9999.000,9999.000,9999.000,9999.000,9999.000
202603252236,   0.822,9999.000,9999.000,9999.000,9999.000,9999.000,9999.000,9999.000,9999.000
202603252242,   0.804,9999.000,9999.000,9999.000,9999.000,9999.000,9999.000,9999.000,9999.000
202603252248,   0.785,9999.000,9999.000,9999.000,9999.000,9999.000,9999.000,9999.000,9999.000
202603252254,   0.766,9999.000,9999.000,9999.000,9999.000,9999.000,9999.000,9999.000,9999.000
202603252300,   0.747,9999.000,   0.000,  -0.170,   0.577,   0.000,   0.577,   0.100,   0.677
202603252306,   0.727,9999.000,9999.000,9999.000,9999.000,9999.000,9999.000,9999.000,9999.000
202603252312,   0.707,9999.000,9999.000,9999.000,9999.000,9999.000,9999.000,9999.000,9999.000
202603252318,   0.687,9999.000,9999.000,9999.000,9999.000,9999.000,9999.000,9999.000,9999.000
202603252324,   0.668,9999.000,9999.000,9999.000,9999.000,9999.000,9999.000,9999.000,9999.000
202603252330,   0.648,9999.000,9999.000,9999.000,9999.000,9999.000,9999.000,9999.000,9999.000
202603252336,   0.629,9999.000,9999.000,9999.000,9999.000,9999.000,9999.000,9999.000,9999.000
202603252342,   0.609,9999.000,9999.000,9999.000,9999.000,9999.000,9999.000,9999.000,9999.000
202603252348,   0.590,9999.000,9999.000,9999.000,9999.000,9999.000,9999.000,9999.000,9999.000
202603252354,   0.571,9999.000,9999.000,9999.000,9999.000,9999.000,9999.000,9999.000,9999.000
202603260000,   0.552,9999.000,   0.000,  -0.170,   0.382,   0.000,   0.382,   0.100,   0.482
202603260006,   0.534,9999.000,9999.000,9999.000,9999.000,9999.000,9999.000,9999.000,9999.000
202603260012,   0.516,9999.000,9999.000,9999.000,9999.000,9999.000,9999.000,9999.000,9999.000
202603260018,   0.498,9999.000,9999.000,9999.000,9999.000,9999.000,9999.000,9999.000,9999.000
202603260024,   0.480,9999.000,9999.000,9999.000,9999.000,9999.000,9999.000,9999.000,9999.000
202603260030,   0.463,9999.000,9999.000,9999.000,9999.000,9999.000,9999.000,9999.000,9999.000
202603260036,   0.446,9999.000,9999.000,9999.000,9999.000,9999.000,9999.000,9999.000,9999.000
202603260042,   0.429,9999.000,9999.000,9999.000,9999.000,9999.000,9999.000,9999.000,9999.000
202603260048,   0.412,9999.000,9999.000,9999.000,9999.000,9999.000,9999.000,9999.000,9999.000
202603260054,   0.396,9999.000,9999.000,9999.000,9999.000,9999.000,9999.000,9999.000,9999.000
202603260100,   0.380,9999.000,   0.000,  -0.170,   0.210,  -0.100,   0.110,   0.100,   0.310
202603260106,   0.364,9999.000,9999.000,9999.000,9999.000,9999.000,9999.000,9999.000,9999.000
202603260112,   0.349,9999.000,9999.000,9999.000,9999.000,9999.000,9999.000,9999.000,9999.000
202603260118,   0.334,9999.000,9999.000,9999.000,9999.000,9999.000,9999.000,9999.000,9999.000
202603260124,   0.319,9999.000,9999.000,9999.000,9999.000,9999.000,9999.000,9999.000,9999.000
202603260130,   0.305,9999.000,9999.000,9999.000,9999.000,9999.000,9999.000,9999.000,9999.000
202603260136,   0.290,9999.000,9999.000,9999.000,9999.000,9999.000,9999.000,9999.000,9999.000
202603260142,   0.277,9999.000,9999.000,9999.000,9999.000,9999.000,9999.000,9999.000,9999.000
202603260148,   0.263,9999.000,9999.000,9999.000,9999.000,9999.000,9999.000,9999.000,9999.000
202603260154,   0.250,9999.000,9999.000,9999.000,9999.000,9999.000,9999.000,9999.000,9999.000
202603260200,   0.238,9999.000,   0.000,  -0.170,   0.068,  -0.100,  -0.032,   0.100,   0.168
202603260206,   0.226,9999.000,9999.000,9999.000,9999.000,9999.000,9999.000,9999.000,9999.000
202603260212,   0.214,9999.000,9999.000,9999.000,9999.000,9999.000,9999.000,9999.000,9999.000
202603260218,   0.203,9999.000,9999.000,9999.000,9999.000,9999.000,9999.000,9999.000,9999.000
202603260224,   0.193,9999.000,9999.000,9999.000,9999.000,9999.000,9999.000,9999.000,9999.000
202603260230,   0.183,9999.000,9999.000,9999.000,9999.000,9999.000,9999.000,9999.000,9999.000
202603260236,   0.174,9999.000,9999.000,9999.000,9999.000,9999.000,9999.000,9999.000,9999.000
202603260242,   0.166,9999.000,9999.000,9999.000,9999.000,9999.000,9999.000,9999.000,9999.000
202603260248,   0.158,9999.000,9999.000,9999.000,9999.000,9999.000,9999.000,9999.000,9999.000
202603260254,   0.152,9999.000,9999.000,9999.000,9999.000,9999.000,9999.000,9999.000,9999.000
202603260300,   0.146,9999.000,   0.000,  -0.170,  -0.024,  -0.100,  -0.124,   0.100,   0.076
202603260306,   0.142,9999.000,9999.000,9999.000,9999.000,9999.000,9999.000,9999.000,9999.000
202603260312,   0.138,9999.000,9999.000,9999.000,9999.000,9999.000,9999.000,9999.000,9999.000
202603260318,   0.136,9999.000,9999.000,9999.000,9999.000,9999.000,9999.000,9999.000,9999.000
202603260324,   0.134,9999.000,9999.000,9999.000,9999.000,9999.000,9999.000,9999.000,9999.000
202603260330,   0.135,9999.000,9999.000,9999.000,9999.000,9999.000,9999.000,9999.000,9999.000
202603260336,   0.136,9999.000,9999.000,9999.000,9999.000,9999.000,9999.000,9999.000,9999.000
202603260342,   0.139,9999.000,9999.000,9999.000,9999.000,9999.000,9999.000,9999.000,9999.000
202603260348,   0.143,9999.000,9999.000,9999.000,9999.000,9999.000,9999.000,9999.000,9999.000
202603260354,   0.149,9999.000,9999.000,9999.000,9999.000,9999.000,9999.000,9999.000,9999.000
202603260400,   0.156,9999.000,   0.000,  -0.170,  -0.014,  -0.100,  -0.114,   0.100,   0.086
202603260406,   0.165,9999.000,9999.000,9999.000,9999.000,9999.000,9999.000,9999.000,9999.000
202603260412,   0.175,9999.000,9999.000,9999.000,9999.000,9999.000,9999.000,9999.000,9999.000
202603260418,   0.187,9999.000,9999.000,9999.000,9999.000,9999.000,9999.000,9999.000,9999.000
202603260424,   0.200,9999.000,9999.000,9999.000,9999.000,9999.000,9999.000,9999.000,9999.000
202603260430,   0.215,9999.000,9999.000,9999.000,9999.000,9999.000,9999.000,9999.000,9999.000
202603260436,   0.231,9999.000,9999.000,9999.000,9999.000,9999.000,9999.000,9999.000,9999.000
202603260442,   0.248,9999.000,9999.000,9999.000,9999.000,9999.000,9999.000,9999.000,9999.000
202603260448,   0.267,9999.000,9999.000,9999.000,9999.000,9999.000,9999.000,9999.000,9999.000
202603260454,   0.287,9999.000,9999.000,9999.000,9999.000,9999.000,9999.000,9999.000,9999.000
202603260500,   0.308,9999.000,   0.000,  -0.170,   0.138,  -0.100,   0.038,   0.100,   0.238
202603260506,   0.330,9999.000,9999.000,9999.000,9999.000,9999.000,9999.000,9999.000,9999.000
202603260512,   0.353,9999.000,9999.000,9999.000,9999.000,9999.000,9999.000,9999.000,9999.000
202603260518,   0.377,9999.000,9999.000,9999.000,9999.000,9999.000,9999.000,9999.000,9999.000
202603260524,   0.402,9999.000,9999.000,9999.000,9999.000,9999.000,9999.000,9999.000,9999.000
202603260530,   0.427,9999.000,9999.000,9999.000,9999.000,9999.000,9999.000,9999.000,9999.000
202603260536,   0.453,9999.000,9999.000,9999.000,9999.000,9999.000,9999.000,9999.000,9999.000
202603260542,   0.479,9999.000,9999.000,9999.000,9999.000,9999.000,9999.000,9999.000,9999.000
202603260548,   0.505,9999.000,9999.000,9999.000,9999.000,9999.000,9999.000,9999.000,9999.000
202603260554,   0.532,9999.000,9999.000,9999.000,9999.000,9999.000,9999.000,9999.000,9999.000
202603260600,   0.559,9999.000,   0.000,  -0.170,   0.389,  -0.100,   0.289,   0.100,   0.489
202603260606,   0.586,9999.000,9999.000,9999.000,9999.000,9999.000,9999.000,9999.000,9999.000
202603260612,   0.612,9999.000,9999.000,9999.000,9999.000,9999.000,9999.000,9999.000,9999.000
202603260618,   0.639,9999.000,9999.000,9999.000,9999.000,9999.000,9999.000,9999.000,9999.000
202603260624,   0.666,9999.000,9999.000,9999.000,9999.000,9999.000,9999.000,9999.000,9999.000
202603260630,   0.693,9999.000,9999.000,9999.000,9999.000,9999.000,9999.000,9999.000,9999.000
202603260636,   0.719,9999.000,9999.000,9999.000,9999.000,9999.000,9999.000,9999.000,9999.000
202603260642,   0.745,9999.000,9999.000,9999.000,9999.000,9999.000,9999.000,9999.000,9999.000
202603260648,   0.771,9999.000,9999.000,9999.000,9999.000,9999.000,9999.000,9999.000,9999.000
202603260654,   0.797,9999.000,9999.000,9999.000,9999.000,9999.000,9999.000,9999.000,9999.000
202603260700,   0.823,9999.000,   0.000,  -0.170,   0.653,  -0.100,   0.553,   0.100,   0.753
202603260706,   0.848,9999.000,9999.000,9999.000,9999.000,9999.000,9999.000,9999.000,9999.000
202603260712,   0.873,9999.000,9999.000,9999.000,9999.000,9999.000,9999.000,9999.000,9999.000
202603260718,   0.897,9999.000,9999.000,9999.000,9999.000,9999.000,9999.000,9999.000,9999.000
202603260724,   0.922,9999.000,9999.000,9999.000,9999.000,9999.000,9999.000,9999.000,9999.000
202603260730,   0.946,9999.000,9999.000,9999.000,9999.000,9999.000,9999.000,9999.000,9999.000
202603260736,   0.970,9999.000,9999.000,9999.000,9999.000,9999.000,9999.000,9999.000,9999.000
202603260742,   0.993,9999.000,9999.000,9999.000,9999.000,9999.000,9999.000,9999.000,9999.000
202603260748,   1.016,9999.000,9999.000,9999.000,9999.000,9999.000,9999.000,9999.000,9999.000
202603260754,   1.038,9999.000,9999.000,9999.000,9999.000,9999.000,9999.000,9999.000,9999.000
202603260800,   1.060,9999.000,   0.000,  -0.170,   0.890,  -0.100,   0.790,   0.000,   0.890
202603260806,   1.081,9999.000,9999.000,9999.000,9999.000,9999.000,9999.000,9999.000,9999.000
202603260812,   1.102,9999.000,9999.000,9999.000,9999.000,9999.000,9999.000,9999.000,9999.000
202603260818,   1.122,9999.000,9999.000,9999.000,9999.000,9999.000,9999.000,9999.000,9999.000
202603260824,   1.141,9999.000,9999.000,9999.000,9999.000,9999.000,9999.000,9999.000,9999.000
202603260830,   1.159,9999.000,9999.000,9999.000,9999.000,9999.000,9999.000,9999.000,9999.000
202603260836,   1.176,9999.000,9999.000,9999.000,9999.000,9999.000,9999.000,9999.000,9999.000
202603260842,   1.192,9999.000,9999.000,9999.000,9999.000,9999.000,9999.000,9999.000,9999.000
202603260848,   1.207,9999.000,9999.000,9999.000,9999.000,9999.000,9999.000,9999.000,9999.000
202603260854,   1.221,9999.000,9999.000,9999.000,9999.000,9999.000,9999.000,9999.000,9999.000
202603260900,   1.233,9999.000,  -0.100,  -0.170,   0.963,  -0.200,   0.863,   0.000,   1.063
202603260906,   1.244,9999.000,9999.000,9999.000,9999.000,9999.000,9999.000,9999.000,9999.000
202603260912,   1.253,9999.000,9999.000,9999.000,9999.000,9999.000,9999.000,9999.000,9999.000
202603260918,   1.261,9999.000,9999.000,9999.000,9999.000,9999.000,9999.000,9999.000,9999.000
202603260924,   1.267,9999.000,9999.000,9999.000,9999.000,9999.000,9999.000,9999.000,9999.000
202603260930,   1.272,9999.000,9999.000,9999.000,9999.000,9999.000,9999.000,9999.000,9999.000
202603260936,   1.275,9999.000,9999.000,9999.000,9999.000,9999.000,9999.000,9999.000,9999.000
202603260942,   1.276,9999.000,9999.000,9999.000,9999.000,9999.000,9999.000,9999.000,9999.000
202603260948,   1.276,9999.000,9999.000,9999.000,9999.000,9999.000,9999.000,9999.000,9999.000
202603260954,   1.274,9999.000,9999.000,9999.000,9999.000,9999.000,9999.000,9999.000,9999.000
202603261000,   1.271,9999.000,  -0.100,  -0.170,   1.001,  -0.200,   0.901,   0.000,   1.101
202603261006,   1.266,9999.000,9999.000,9999.000,9999.000,9999.000,9999.000,9999.000,9999.000
202603261012,   1.259,9999.000,9999.000,9999.000,9999.000,9999.000,9999.000,9999.000,9999.000
202603261018,   1.252,9999.000,9999.000,9999.000,9999.000,9999.000,9999.000,9999.000,9999.000
202603261024,   1.243,9999.000,9999.000,9999.000,9999.000,9999.000,9999.000,9999.000,9999.000
202603261030,   1.233,9999.000,9999.000,9999.000,9999.000,9999.000,9999.000,9999.000,9999.000
202603261036,   1.221,9999.000,9999.000,9999.000,9999.000,9999.000,9999.000,9999.000,9999.000
202603261042,   1.209,9999.000,9999.000,9999.000,9999.000,9999.000,9999.000,9999.000,9999.000
202603261048,   1.196,9999.000,9999.000,9999.000,9999.000,9999.000,9999.000,9999.000,9999.000
202603261054,   1.182,9999.000,9999.000,9999.000,9999.000,9999.000,9999.000,9999.000,9999.000
202603261100,   1.167,9999.000,  -0.100,  -0.170,   0.897,  -0.300,   0.697,   0.000,   0.997
202603261106,   1.152,9999.000,9999.000,9999.000,9999.000,9999.000,9999.000,9999.000,9999.000
202603261112,   1.136,9999.000,9999.000,9999.000,9999.000,9999.000,9999.000,9999.000,9999.000
202603261118,   1.120,9999.000,9999.000,9999.000,9999.000,9999.000,9999.000,9999.000,9999.000
202603261124,   1.103,9999.000,9999.000,9999.000,9999.000,9999.000,9999.000,9999.000,9999.000
202603261130,   1.086,9999.000,9999.000,9999.000,9999.000,9999.000,9999.000,9999.000,9999.000
202603261136,   1.069,9999.000,9999.000,9999.000,9999.000,9999.000,9999.000,9999.000,9999.000
202603261142,   1.052,9999.000,9999.000,9999.000,9999.000,9999.000,9999.000,9999.000,9999.000
202603261148,   1.034,9999.000,9999.000,9999.000,9999.000,9999.000,9999.000,9999.000,9999.000
202603261154,   1.016,9999.000,9999.000,9999.000,9999.000,9999.000,9999.000,9999.000,9999.000
202603261200,   0.998,9999.000,  -0.100,  -0.170,   0.728,  -0.300,   0.528,   0.000,   0.828
202603261206,   0.981,9999.000,9999.000,9999.000,9999.000,9999.000,9999.000,9999.000,9999.000
202603261212,   0.963,9999.000,9999.000,9999.000,9999.000,9999.000,9999.000,9999.000,9999.000
202603261218,   0.945,9999.000,9999.000,9999.000,9999.000,9999.000,9999.000,9999.000,9999.000
202603261224,   0.927,9999.000,9999.000,9999.000,9999.000,9999.000,9999.000,9999.000,9999.000
202603261230,   0.909,9999.000,9999.000,9999.000,9999.000,9999.000,9999.000,9999.000,9999.000
202603261236,   0.891,9999.000,9999.000,9999.000,9999.000,9999.000,9999.000,9999.000,9999.000
202603261242,   0.872,9999.000,9999.000,9999.000,9999.000,9999.000,9999.000,9999.000,9999.000
202603261248,   0.854,9999.000,9999.000,9999.000,9999.000,9999.000,9999.000,9999.000,9999.000
202603261254,   0.836,9999.000,9999.000,9999.000,9999.000,9999.000,9999.000,9999.000,9999.000
202603261300,   0.818,9999.000,  -0.100,  -0.170,   0.548,  -0.300,   0.348,   0.000,   0.648
202603261306,   0.799,9999.000,9999.000,9999.000,9999.000,9999.000,9999.000,9999.000,9999.000
202603261312,   0.781,9999.000,9999.000,9999.000,9999.000,9999.000,9999.000,9999.000,9999.000
202603261318,   0.762,9999.000,9999.000,9999.000,9999.000,9999.000,9999.000,9999.000,9999.000
202603261324,   0.744,9999.000,9999.000,9999.000,9999.000,9999.000,9999.000,9999.000,9999.000
202603261330,   0.725,9999.000,9999.000,9999.000,9999.000,9999.000,9999.000,9999.000,9999.000
202603261336,   0.706,9999.000,9999.000,9999.000,9999.000,9999.000,9999.000,9999.000,9999.000
202603261342,   0.687,9999.000,9999.000,9999.000,9999.000,9999.000,9999.000,9999.000,9999.000
202603261348,   0.668,9999.000,9999.000,9999.000,9999.000,9999.000,9999.000,9999.000,9999.000
202603261354,   0.649,9999.000,9999.000,9999.000,9999.000,9999.000,9999.000,9999.000,9999.000
202603261400,   0.630,9999.000,  -0.100,  -0.170,   0.360,  -0.300,   0.160,   0.000,   0.460
202603261406,   0.610,9999.000,9999.000,9999.000,9999.000,9999.000,9999.000,9999.000,9999.000
202603261412,   0.591,9999.000,9999.000,9999.000,9999.000,9999.000,9999.000,9999.000,9999.000
202603261418,   0.571,9999.000,9999.000,9999.000,9999.000,9999.000,9999.000,9999.000,9999.000
202603261424,   0.552,9999.000,9999.000,9999.000,9999.000,9999.000,9999.000,9999.000,9999.000
202603261430,   0.533,9999.000,9999.000,9999.000,9999.000,9999.000,9999.000,9999.000,9999.000
202603261436,   0.513,9999.000,9999.000,9999.000,9999.000,9999.000,9999.000,9999.000,9999.000
202603261442,   0.494,9999.000,9999.000,9999.000,9999.000,9999.000,9999.000,9999.000,9999.000
202603261448,   0.475,9999.000,9999.000,9999.000,9999.000,9999.000,9999.000,9999.000,9999.000
202603261454,   0.456,9999.000,9999.000,9999.000,9999.000,9999.000,9999.000,9999.000,9999.000
202603261500,   0.438,9999.000,  -0.100,  -0.170,   0.168,  -0.300,  -0.032,   0.000,   0.268
202603261506,   0.420,9999.000,9999.000,9999.000,9999.000,9999.000,9999.000,9999.000,9999.000
202603261512,   0.402,9999.000,9999.000,9999.000,9999.000,9999.000,9999.000,9999.000,9999.000
202603261518,   0.385,9999.000,9999.000,9999.000,9999.000,9999.000,9999.000,9999.000,9999.000
202603261524,   0.368,9999.000,9999.000,9999.000,9999.000,9999.000,9999.000,9999.000,9999.000
202603261530,   0.352,9999.000,9999.000,9999.000,9999.000,9999.000,9999.000,9999.000,9999.000
202603261536,   0.337,9999.000,9999.000,9999.000,9999.000,9999.000,9999.000,9999.000,9999.000
202603261542,   0.323,9999.000,9999.000,9999.000,9999.000,9999.000,9999.000,9999.000,9999.000
202603261548,   0.309,9999.000,9999.000,9999.000,9999.000,9999.000,9999.000,9999.000,9999.000
202603261554,   0.297,9999.000,9999.000,9999.000,9999.000,9999.000,9999.000,9999.000,9999.000
202603261600,   0.286,9999.000,  -0.100,  -0.170,   0.016,  -0.300,  -0.184,   0.000,   0.116
202603261606,   0.276,9999.000,9999.000,9999.000,9999.000,9999.000,9999.000,9999.000,9999.000
202603261612,   0.267,9999.000,9999.000,9999.000,9999.000,9999.000,9999.000,9999.000,9999.000
202603261618,   0.259,9999.000,9999.000,9999.000,9999.000,9999.000,9999.000,9999.000,9999.000
202603261624,   0.253,9999.000,9999.000,9999.000,9999.000,9999.000,9999.000,9999.000,9999.000
202603261630,   0.248,9999.000,9999.000,9999.000,9999.000,9999.000,9999.000,9999.000,9999.000
202603261636,   0.245,9999.000,9999.000,9999.000,9999.000,9999.000,9999.000,9999.000,9999.000
202603261642,   0.243,9999.000,9999.000,9999.000,9999.000,9999.000,9999.000,9999.000,9999.000
202603261648,   0.242,9999.000,9999.000,9999.000,9999.000,9999.000,9999.000,9999.000,9999.000
202603261654,   0.243,9999.000,9999.000,9999.000,9999.000,9999.000,9999.000,9999.000,9999.000
202603261700,   0.246,9999.000,  -0.100,  -0.170,  -0.024,  -0.300,  -0.224,   0.000,   0.076
202603261706,   0.250,9999.000,9999.000,9999.000,9999.000,9999.000,9999.000,9999.000,9999.000
202603261712,   0.255,9999.000,9999.000,9999.000,9999.000,9999.000,9999.000,9999.000,9999.000
202603261718,   0.262,9999.000,9999.000,9999.000,9999.000,9999.000,9999.000,9999.000,9999.000
202603261724,   0.269,9999.000,9999.000,9999.000,9999.000,9999.000,9999.000,9999.000,9999.000
202603261730,   0.278,9999.000,9999.000,9999.000,9999.000,9999.000,9999.000,9999.000,9999.000
202603261736,   0.289,9999.000,9999.000,9999.000,9999.000,9999.000,9999.000,9999.000,9999.000
202603261742,   0.300,9999.000,9999.000,9999.000,9999.000,9999.000,9999.000,9999.000,9999.000
202603261748,   0.312,9999.000,9999.000,9999.000,9999.000,9999.000,9999.000,9999.000,9999.000
202603261754,   0.325,9999.000,9999.000,9999.000,9999.000,9999.000,9999.000,9999.000,9999.000
202603261800,   0.339,9999.000,  -0.100,  -0.170,   0.069,  -0.300,  -0.131,   0.000,   0.169
202603261806,   0.354,9999.000,9999.000,9999.000,9999.000,9999.000,9999.000,9999.000,9999.000
202603261812,   0.369,9999.000,9999.000,9999.000,9999.000,9999.000,9999.000,9999.000,9999.000
202603261818,   0.385,9999.000,9999.000,9999.000,9999.000,9999.000,9999.000,9999.000,9999.000
202603261824,   0.401,9999.000,9999.000,9999.000,9999.000,9999.000,9999.000,9999.000,9999.000
202603261830,   0.418,9999.000,9999.000,9999.000,9999.000,9999.000,9999.000,9999.000,9999.000
202603261836,   0.435,9999.000,9999.000,9999.000,9999.000,9999.000,9999.000,9999.000,9999.000
202603261842,   0.452,9999.000,9999.000,9999.000,9999.000,9999.000,9999.000,9999.000,9999.000
202603261848,   0.470,9999.000,9999.000,9999.000,9999.000,9999.000,9999.000,9999.000,9999.000
202603261854,   0.488,9999.000,9999.000,9999.000,9999.000,9999.000,9999.000,9999.000,9999.000
202603261900,   0.506,9999.000,  -0.100,  -0.170,   0.236,  -0.400,  -0.064,   0.100,   0.436
202603261906,   0.525,9999.000,9999.000,9999.000,9999.000,9999.000,9999.000,9999.000,9999.000
202603261912,   0.544,9999.000,9999.000,9999.000,9999.000,9999.000,9999.000,9999.000,9999.000
202603261918,   0.562,9999.000,9999.000,9999.000,9999.000,9999.000,9999.000,9999.000,9999.000
202603261924,   0.582,9999.000,9999.000,9999.000,9999.000,9999.000,9999.000,9999.000,9999.000
202603261930,   0.601,9999.000,9999.000,9999.000,9999.000,9999.000,9999.000,9999.000,9999.000
202603261936,   0.620,9999.000,9999.000,9999.000,9999.000,9999.000,9999.000,9999.000,9999.000
202603261942,   0.640,9999.000,9999.000,9999.000,9999.000,9999.000,9999.000,9999.000,9999.000
202603261948,   0.660,9999.000,9999.000,9999.000,9999.000,9999.000,9999.000,9999.000,9999.000
202603261954,   0.679,9999.000,9999.000,9999.000,9999.000,9999.000,9999.000,9999.000,9999.000
202603262000,   0.699,9999.000,  -0.100,  -0.170,   0.429,  -0.400,   0.129,   0.100,   0.629
202603262006,   0.719,9999.000,9999.000,9999.000,9999.000,9999.000,9999.000,9999.000,9999.000
202603262012,   0.738,9999.000,9999.000,9999.000,9999.000,9999.000,9999.000,9999.000,9999.000
202603262018,   0.758,9999.000,9999.000,9999.000,9999.000,9999.000,9999.000,9999.000,9999.000
202603262024,   0.777,9999.000,9999.000,9999.000,9999.000,9999.000,9999.000,9999.000,9999.000
202603262030,   0.797,9999.000,9999.000,9999.000,9999.000,9999.000,9999.000,9999.000,9999.000
202603262036,   0.815,9999.000,9999.000,9999.000,9999.000,9999.000,9999.000,9999.000,9999.000
202603262042,   0.834,9999.000,9999.000,9999.000,9999.000,9999.000,9999.000,9999.000,9999.000
202603262048,   0.852,9999.000,9999.000,9999.000,9999.000,9999.000,9999.000,9999.000,9999.000
202603262054,   0.869,9999.000,9999.000,9999.000,9999.000,9999.000,9999.000,9999.000,9999.000
202603262100,   0.886,9999.000,  -0.100,  -0.170,   0.616,  -0.300,   0.416,   0.200,   0.916
202603262106,   0.901,9999.000,9999.000,9999.000,9999.000,9999.000,9999.000,9999.000,9999.000
202603262112,   0.916,9999.000,9999.000,9999.000,9999.000,9999.000,9999.000,9999.000,9999.000
202603262118,   0.930,9999.000,9999.000,9999.000,9999.000,9999.000,9999.000,9999.000,9999.000
202603262124,   0.942,9999.000,9999.000,9999.000,9999.000,9999.000,9999.000,9999.000,9999.000
202603262130,   0.953,9999.000,9999.000,9999.000,9999.000,9999.000,9999.000,9999.000,9999.000
202603262136,   0.963,9999.000,9999.000,9999.000,9999.000,9999.000,9999.000,9999.000,9999.000
202603262142,   0.972,9999.000,9999.000,9999.000,9999.000,9999.000,9999.000,9999.000,9999.000
202603262148,   0.979,9999.000,9999.000,9999.000,9999.000,9999.000,9999.000,9999.000,9999.000
202603262154,   0.984,9999.000,9999.000,9999.000,9999.000,9999.000,9999.000,9999.000,9999.000
202603262200,   0.988,9999.000,   0.000,  -0.170,   0.818,  -0.300,   0.518,   0.200,   1.018
202603262206,   0.991,9999.000,9999.000,9999.000,9999.000,9999.000,9999.000,9999.000,9999.000
202603262212,   0.991,9999.000,9999.000,9999.000,9999.000,9999.000,9999.000,9999.000,9999.000
202603262218,   0.990,9999.000,9999.000,9999.000,9999.000,9999.000,9999.000,9999.000,9999.000
202603262224,   0.988,9999.000,9999.000,9999.000,9999.000,9999.000,9999.000,9999.000,9999.000
202603262230,   0.984,9999.000,9999.000,9999.000,9999.000,9999.000,9999.000,9999.000,9999.000
202603262236,   0.979,9999.000,9999.000,9999.000,9999.000,9999.000,9999.000,9999.000,9999.000
202603262242,   0.972,9999.000,9999.000,9999.000,9999.000,9999.000,9999.000,9999.000,9999.000
202603262248,   0.964,9999.000,9999.000,9999.000,9999.000,9999.000,9999.000,9999.000,9999.000
202603262254,   0.954,9999.000,9999.000,9999.000,9999.000,9999.000,9999.000,9999.000,9999.000
202603262300,   0.944,9999.000,   0.000,  -0.170,   0.774,  -0.300,   0.474,   0.200,   0.974
202603262306,   0.932,9999.000,9999.000,9999.000,9999.000,9999.000,9999.000,9999.000,9999.000
202603262312,   0.919,9999.000,9999.000,9999.000,9999.000,9999.000,9999.000,9999.000,9999.000
202603262318,   0.906,9999.000,9999.000,9999.000,9999.000,9999.000,9999.000,9999.000,9999.000
202603262324,   0.891,9999.000,9999.000,9999.000,9999.000,9999.000,9999.000,9999.000,9999.000
202603262330,   0.876,9999.000,9999.000,9999.000,9999.000,9999.000,9999.000,9999.000,9999.000
202603262336,   0.860,9999.000,9999.000,9999.000,9999.000,9999.000,9999.000,9999.000,9999.000
202603262342,   0.844,9999.000,9999.000,9999.000,9999.000,9999.000,9999.000,9999.000,9999.000
202603262348,   0.827,9999.000,9999.000,9999.000,9999.000,9999.000,9999.000,9999.000,9999.000
202603262354,   0.810,9999.000,9999.000,9999.000,9999.000,9999.000,9999.000,9999.000,9999.000
202603270000,   0.793,9999.000,  -0.100,  -0.170,   0.523,  -0.300,   0.323,   0.200,   0.823
202603270006,   0.775,9999.000,9999.000,9999.000,9999.000,9999.000,9999.000,9999.000,9999.000
202603270012,   0.757,9999.000,9999.000,9999.000,9999.000,9999.000,9999.000,9999.000,9999.000
202603270018,   0.739,9999.000,9999.000,9999.000,9999.000,9999.000,9999.000,9999.000,9999.000
202603270024,   0.721,9999.000,9999.000,9999.000,9999.000,9999.000,9999.000,9999.000,9999.000
202603270030,   0.703,9999.000,9999.000,9999.000,9999.000,9999.000,9999.000,9999.000,9999.000
202603270036,   0.685,9999.000,9999.000,9999.000,9999.000,9999.000,9999.000,9999.000,9999.000
202603270042,   0.666,9999.000,9999.000,9999.000,9999.000,9999.000,9999.000,9999.000,9999.000
202603270048,   0.648,9999.000,9999.000,9999.000,9999.000,9999.000,9999.000,9999.000,9999.000
202603270054,   0.630,9999.000,9999.000,9999.000,9999.000,9999.000,9999.000,9999.000,9999.000
202603270100,   0.612,9999.000,  -0.100,  -0.170,   0.342,  -0.400,   0.042,   0.200,   0.642
202603270106,   0.594,9999.000,9999.000,9999.000,9999.000,9999.000,9999.000,9999.000,9999.000
202603270112,   0.576,9999.000,9999.000,9999.000,9999.000,9999.000,9999.000,9999.000,9999.000
202603270118,   0.559,9999.000,9999.000,9999.000,9999.000,9999.000,9999.000,9999.000,9999.000
202603270124,   0.541,9999.000,9999.000,9999.000,9999.000,9999.000,9999.000,9999.000,9999.000
202603270130,   0.523,9999.000,9999.000,9999.000,9999.000,9999.000,9999.000,9999.000,9999.000
202603270136,   0.506,9999.000,9999.000,9999.000,9999.000,9999.000,9999.000,9999.000,9999.000
202603270142,   0.488,9999.000,9999.000,9999.000,9999.000,9999.000,9999.000,9999.000,9999.000
202603270148,   0.471,9999.000,9999.000,9999.000,9999.000,9999.000,9999.000,9999.000,9999.000
202603270154,   0.454,9999.000,9999.000,9999.000,9999.000,9999.000,9999.000,9999.000,9999.000
202603270200,   0.437,9999.000,  -0.100,  -0.170,   0.167,  -0.400,  -0.133,   0.200,   0.467
202603270206,   0.420,9999.000,9999.000,9999.000,9999.000,9999.000,9999.000,9999.000,9999.000
202603270212,   0.404,9999.000,9999.000,9999.000,9999.000,9999.000,9999.000,9999.000,9999.000
202603270218,   0.387,9999.000,9999.000,9999.000,9999.000,9999.000,9999.000,9999.000,9999.000
202603270224,   0.371,9999.000,9999.000,9999.000,9999.000,9999.000,9999.000,9999.000,9999.000
202603270230,   0.355,9999.000,9999.000,9999.000,9999.000,9999.000,9999.000,9999.000,9999.000
202603270236,   0.339,9999.000,9999.000,9999.000,9999.000,9999.000,9999.000,9999.000,9999.000
202603270242,   0.324,9999.000,9999.000,9999.000,9999.000,9999.000,9999.000,9999.000,9999.000
202603270248,   0.308,9999.000,9999.000,9999.000,9999.000,9999.000,9999.000,9999.000,9999.000
202603270254,   0.293,9999.000,9999.000,9999.000,9999.000,9999.000,9999.000,9999.000,9999.000
202603270300,   0.279,9999.000,  -0.200,  -0.170,  -0.091,  -0.500,  -0.391,   0.200,   0.309
202603270306,   0.265,9999.000,9999.000,9999.000,9999.000,9999.000,9999.000,9999.000,9999.000
202603270312,   0.251,9999.000,9999.000,9999.000,9999.000,9999.000,9999.000,9999.000,9999.000
202603270318,   0.238,9999.000,9999.000,9999.000,9999.000,9999.000,9999.000,9999.000,9999.000
202603270324,   0.226,9999.000,9999.000,9999.000,9999.000,9999.000,9999.000,9999.000,9999.000
202603270330,   0.214,9999.000,9999.000,9999.000,9999.000,9999.000,9999.000,9999.000,9999.000
202603270336,   0.203,9999.000,9999.000,9999.000,9999.000,9999.000,9999.000,9999.000,9999.000
202603270342,   0.193,9999.000,9999.000,9999.000,9999.000,9999.000,9999.000,9999.000,9999.000
202603270348,   0.183,9999.000,9999.000,9999.000,9999.000,9999.000,9999.000,9999.000,9999.000
202603270354,   0.175,9999.000,9999.000,9999.000,9999.000,9999.000,9999.000,9999.000,9999.000
202603270400,   0.167,9999.000,  -0.200,  -0.170,  -0.203,  -0.500,  -0.503,   0.200,   0.197
202603270406,   0.161,9999.000,9999.000,9999.000,9999.000,9999.000,9999.000,9999.000,9999.000
202603270412,   0.155,9999.000,9999.000,9999.000,9999.000,9999.000,9999.000,9999.000,9999.000
202603270418,   0.151,9999.000,9999.000,9999.000,9999.000,9999.000,9999.000,9999.000,9999.000
202603270424,   0.148,9999.000,9999.000,9999.000,9999.000,9999.000,9999.000,9999.000,9999.000
202603270430,   0.147,9999.000,9999.000,9999.000,9999.000,9999.000,9999.000,9999.000,9999.000
202603270436,   0.147,9999.000,9999.000,9999.000,9999.000,9999.000,9999.000,9999.000,9999.000
202603270442,   0.148,9999.000,9999.000,9999.000,9999.000,9999.000,9999.000,9999.000,9999.000
202603270448,   0.151,9999.000,9999.000,9999.000,9999.000,9999.000,9999.000,9999.000,9999.000
202603270454,   0.155,9999.000,9999.000,9999.000,9999.000,9999.000,9999.000,9999.000,9999.000
202603270500,   0.161,9999.000,  -0.200,  -0.170,  -0.209,  -0.600,  -0.609,   0.200,   0.191
202603270506,   0.168,9999.000,9999.000,9999.000,9999.000,9999.000,9999.000,9999.000,9999.000
202603270512,   0.176,9999.000,9999.000,9999.000,9999.000,9999.000,9999.000,9999.000,9999.000
202603270518,   0.187,9999.000,9999.000,9999.000,9999.000,9999.000,9999.000,9999.000,9999.000
202603270524,   0.198,9999.000,9999.000,9999.000,9999.000,9999.000,9999.000,9999.000,9999.000
202603270530,   0.211,9999.000,9999.000,9999.000,9999.000,9999.000,9999.000,9999.000,9999.000
202603270536,   0.226,9999.000,9999.000,9999.000,9999.000,9999.000,9999.000,9999.000,9999.000
202603270542,   0.241,9999.000,9999.000,9999.000,9999.000,9999.000,9999.000,9999.000,9999.000
202603270548,   0.258,9999.000,9999.000,9999.000,9999.000,9999.000,9999.000,9999.000,9999.000
202603270554,   0.276,9999.000,9999.000,9999.000,9999.000,9999.000,9999.000,9999.000,9999.000
202603270600,   0.296,9999.000,  -0.300,  -0.170,  -0.174,  -0.700,  -0.574,   0.100,   0.226
202603270606,   0.316,9999.000,9999.000,9999.000,9999.000,9999.000,9999.000,9999.000,9999.000
202603270612,   0.336,9999.000,9999.000,9999.000,9999.000,9999.000,9999.000,9999.000,9999.000
202603270618,   0.358,9999.000,9999.000,9999.000,9999.000,9999.000,9999.000,9999.000,9999.000
202603270624,   0.380,9999.000,9999.000,9999.000,9999.000,9999.000,9999.000,9999.000,9999.000
202603270630,   0.403,9999.000,9999.000,9999.000,9999.000,9999.000,9999.000,9999.000,9999.000
202603270636,   0.427,9999.000,9999.000,9999.000,9999.000,9999.000,9999.000,9999.000,9999.000
202603270642,   0.451,9999.000,9999.000,9999.000,9999.000,9999.000,9999.000,9999.000,9999.000
202603270648,   0.475,9999.000,9999.000,9999.000,9999.000,9999.000,9999.000,9999.000,9999.000
202603270654,   0.499,9999.000,9999.000,9999.000,9999.000,9999.000,9999.000,9999.000,9999.000
202603270700,   0.524,9999.000,  -0.300,  -0.170,   0.054,  -0.800,  -0.446,   0.100,   0.454
202603270706,   0.548,9999.000,9999.000,9999.000,9999.000,9999.000,9999.000,9999.000,9999.000
202603270712,   0.573,9999.000,9999.000,9999.000,9999.000,9999.000,9999.000,9999.000,9999.000
202603270718,   0.598,9999.000,9999.000,9999.000,9999.000,9999.000,9999.000,9999.000,9999.000
202603270724,   0.623,9999.000,9999.000,9999.000,9999.000,9999.000,9999.000,9999.000,9999.000
202603270730,   0.648,9999.000,9999.000,9999.000,9999.000,9999.000,9999.000,9999.000,9999.000
202603270736,   0.673,9999.000,9999.000,9999.000,9999.000,9999.000,9999.000,9999.000,9999.000
202603270742,   0.698,9999.000,9999.000,9999.000,9999.000,9999.000,9999.000,9999.000,9999.000
202603270748,   0.723,9999.000,9999.000,9999.000,9999.000,9999.000,9999.000,9999.000,9999.000
202603270754,   0.747,9999.000,9999.000,9999.000,9999.000,9999.000,9999.000,9999.000,9999.000
202603270800,   0.772,9999.000,  -0.400,  -0.170,   0.202,  -0.800,  -0.198,   0.100,   0.702
202603270806,   0.797,9999.000,9999.000,9999.000,9999.000,9999.000,9999.000,9999.000,9999.000
202603270812,   0.822,9999.000,9999.000,9999.000,9999.000,9999.000,9999.000,9999.000,9999.000
202603270818,   0.846,9999.000,9999.000,9999.000,9999.000,9999.000,9999.000,9999.000,9999.000
202603270824,   0.871,9999.000,9999.000,9999.000,9999.000,9999.000,9999.000,9999.000,9999.000
202603270830,   0.895,9999.000,9999.000,9999.000,9999.000,9999.000,9999.000,9999.000,9999.000
202603270836,   0.919,9999.000,9999.000,9999.000,9999.000,9999.000,9999.000,9999.000,9999.000
202603270842,   0.943,9999.000,9999.000,9999.000,9999.000,9999.000,9999.000,9999.000,9999.000
202603270848,   0.967,9999.000,9999.000,9999.000,9999.000,9999.000,9999.000,9999.000,9999.000
202603270854,   0.990,9999.000,9999.000,9999.000,9999.000,9999.000,9999.000,9999.000,9999.000
202603270900,   1.013,9999.000,  -0.400,  -0.170,   0.443,  -0.900,  -0.057,   0.000,   0.843
202603270906,   1.036,9999.000,9999.000,9999.000,9999.000,9999.000,9999.000,9999.000,9999.000
202603270912,   1.057,9999.000,9999.000,9999.000,9999.000,9999.000,9999.000,9999.000,9999.000
202603270918,   1.079,9999.000,9999.000,9999.000,9999.000,9999.000,9999.000,9999.000,9999.000
202603270924,   1.099,9999.000,9999.000,9999.000,9999.000,9999.000,9999.000,9999.000,9999.000
202603270930,   1.118,9999.000,9999.000,9999.000,9999.000,9999.000,9999.000,9999.000,9999.000
202603270936,   1.137,9999.000,9999.000,9999.000,9999.000,9999.000,9999.000,9999.000,9999.000
202603270942,   1.154,9999.000,9999.000,9999.000,9999.000,9999.000,9999.000,9999.000,9999.000
202603270948,   1.170,9999.000,9999.000,9999.000,9999.000,9999.000,9999.000,9999.000,9999.000
202603270954,   1.185,9999.000,9999.000,9999.000,9999.000,9999.000,9999.000,9999.000,9999.000
202603271000,   1.198,9999.000,  -0.400,  -0.170,   0.628,  -0.900,   0.128,   0.000,   1.028
202603271006,   1.210,9999.000,9999.000,9999.000,9999.000,9999.000,9999.000,9999.000,9999.000
202603271012,   1.221,9999.000,9999.000,9999.000,9999.000,9999.000,9999.000,9999.000,9999.000
202603271018,   1.230,9999.000,9999.000,9999.000,9999.000,9999.000,9999.000,9999.000,9999.000
202603271024,   1.237,9999.000,9999.000,9999.000,9999.000,9999.000,9999.000,9999.000,9999.000
202603271030,   1.243,9999.000,9999.000,9999.000,9999.000,9999.000,9999.000,9999.000,9999.000
202603271036,   1.247,9999.000,9999.000,9999.000,9999.000,9999.000,9999.000,9999.000,9999.000
202603271042,   1.250,9999.000,9999.000,9999.000,9999.000,9999.000,9999.000,9999.000,9999.000
202603271048,   1.251,9999.000,9999.000,9999.000,9999.000,9999.000,9999.000,9999.000,9999.000
202603271054,   1.251,9999.000,9999.000,9999.000,9999.000,9999.000,9999.000,9999.000,9999.000
202603271100,   1.249,9999.000,  -0.500,  -0.170,   0.579,  -0.900,   0.179,   0.000,   1.079
202603271106,   1.245,9999.000,9999.000,9999.000,9999.000,9999.000,9999.000,9999.000,9999.000
202603271112,   1.241,9999.000,9999.000,9999.000,9999.000,9999.000,9999.000,9999.000,9999.000
202603271118,   1.235,9999.000,9999.000,9999.000,9999.000,9999.000,9999.000,9999.000,9999.000
202603271124,   1.227,9999.000,9999.000,9999.000,9999.000,9999.000,9999.000,9999.000,9999.000
202603271130,   1.219,9999.000,9999.000,9999.000,9999.000,9999.000,9999.000,9999.000,9999.000
202603271136,   1.209,9999.000,9999.000,9999.000,9999.000,9999.000,9999.000,9999.000,9999.000
202603271142,   1.199,9999.000,9999.000,9999.000,9999.000,9999.000,9999.000,9999.000,9999.000
202603271148,   1.188,9999.000,9999.000,9999.000,9999.000,9999.000,9999.000,9999.000,9999.000
202603271154,   1.176,9999.000,9999.000,9999.000,9999.000,9999.000,9999.000,9999.000,9999.000
202603271200,   1.163,9999.000,  -0.500,  -0.170,   0.493,  -0.900,   0.093,   0.000,   0.993
