        TIME,    TIDE,      OB,   SURGE,    BIAS,     TWL,SURGE90p,  TWL90p,SURGE10p,   TWL10p
202604261200,   3.845,   4.119,   0.300,  -0.026,   4.119,   0.300,   4.119,   0.300,   4.119
202604261206,   3.904,9999.000,9999.000,9999.000,9999.000,9999.000,9999.000,9999.000,9999.000
202604261212,   3.960,   4.247,9999.000,9999.000,9999.000,9999.000,9999.000,9999.000,9999.000
202604261218,   4.014,9999.000,9999.000,9999.000,9999.000,9999.000,9999.000,9999.000,9999.000
202604261224,   4.064,   4.408,9999.000,9999.000,9999.000,9999.000,9999.000,9999.000,9999.000
202604261230,   4.111,9999.000,9999.000,9999.000,9999.000,9999.000,9999.000,9999.000,9999.000
202604261236,   4.154,   4.509,9999.000,9999.000,9999.000,9999.000,9999.000,9999.000,9999.000
202604261242,   4.194,9999.000,9999.000,9999.000,9999.000,9999.000,9999.000,9999.000,9999.000
202604261248,   4.230,   4.519,9999.000,9999.000,9999.000,9999.000,9999.000,9999.000,9999.000
202604261254,   4.263,9999.000,9999.000,9999.000,9999.000,9999.000,9999.000,9999.000,9999.000
202604261300,   4.291,   4.608,   0.400,  -0.083,   4.608,   0.300,   4.508,   0.400,   4.608
202604261306,   4.314,   4.598,9999.000,9999.000,9999.000,9999.000,9999.000,9999.000,9999.000
202604261312,   4.334,   4.559,9999.000,9999.000,9999.000,9999.000,9999.000,9999.000,9999.000
202604261318,   4.349,   4.608,9999.000,9999.000,9999.000,9999.000,9999.000,9999.000,9999.000
202604261324,   4.360,   4.559,9999.000,9999.000,9999.000,9999.000,9999.000,9999.000,9999.000
202604261330,   4.366,   4.598,9999.000,9999.000,9999.000,9999.000,9999.000,9999.000,9999.000
202604261336,   4.368,   4.647,9999.000,9999.000,9999.000,9999.000,9999.000,9999.000,9999.000
202604261342,   4.365,   4.677,9999.000,9999.000,9999.000,9999.000,9999.000,9999.000,9999.000
202604261348,   4.357,   4.759,9999.000,9999.000,9999.000,9999.000,9999.000,9999.000,9999.000
202604261354,   4.345,   4.628,9999.000,9999.000,9999.000,9999.000,9999.000,9999.000,9999.000
202604261400,   4.329,   4.690,   0.300,   0.061,   4.690,   0.300,   4.690,   0.400,   4.790
202604261406,   4.308,   4.628,9999.000,9999.000,9999.000,9999.000,9999.000,9999.000,9999.000
202604261412,   4.282,   4.710,9999.000,9999.000,9999.000,9999.000,9999.000,9999.000,9999.000
202604261418,   4.252,   4.598,9999.000,9999.000,9999.000,9999.000,9999.000,9999.000,9999.000
202604261424,   4.218,   4.539,9999.000,9999.000,9999.000,9999.000,9999.000,9999.000,9999.000
202604261430,   4.179,   4.598,9999.000,9999.000,9999.000,9999.000,9999.000,9999.000,9999.000
202604261436,   4.136,   4.339,9999.000,9999.000,9999.000,9999.000,9999.000,9999.000,9999.000
202604261442,   4.089,   4.519,9999.000,9999.000,9999.000,9999.000,9999.000,9999.000,9999.000
202604261448,   4.038,   4.300,9999.000,9999.000,9999.000,9999.000,9999.000,9999.000,9999.000
202604261454,   3.983,   4.290,9999.000,9999.000,9999.000,9999.000,9999.000,9999.000,9999.000
202604261500,   3.925,   4.227,   0.200,   0.102,   4.227,   0.200,   4.227,   0.300,   4.327
202604261506,   3.862,   4.129,9999.000,9999.000,9999.000,9999.000,9999.000,9999.000,9999.000
202604261512,   3.796,   4.090,9999.000,9999.000,9999.000,9999.000,9999.000,9999.000,9999.000
202604261518,   3.726,   4.057,9999.000,9999.000,9999.000,9999.000,9999.000,9999.000,9999.000
202604261524,   3.653,   3.949,9999.000,9999.000,9999.000,9999.000,9999.000,9999.000,9999.000
202604261530,   3.576,   3.949,9999.000,9999.000,9999.000,9999.000,9999.000,9999.000,9999.000
202604261536,   3.497,   3.729,9999.000,9999.000,9999.000,9999.000,9999.000,9999.000,9999.000
202604261542,   3.414,   3.817,9999.000,9999.000,9999.000,9999.000,9999.000,9999.000,9999.000
202604261548,   3.329,   3.617,9999.000,9999.000,9999.000,9999.000,9999.000,9999.000,9999.000
202604261554,   3.240,   3.660,9999.000,9999.000,9999.000,9999.000,9999.000,9999.000,9999.000
202604261600,   3.150,   3.499,   0.300,   0.049,   3.499,   0.200,   3.399,   0.300,   3.499
202604261606,   3.056,   3.398,9999.000,9999.000,9999.000,9999.000,9999.000,9999.000,9999.000
202604261612,   2.961,   3.299,9999.000,9999.000,9999.000,9999.000,9999.000,9999.000,9999.000
202604261618,   2.863,   3.129,9999.000,9999.000,9999.000,9999.000,9999.000,9999.000,9999.000
202604261624,   2.764,   3.138,9999.000,9999.000,9999.000,9999.000,9999.000,9999.000,9999.000
202604261630,   2.663,   2.919,9999.000,9999.000,9999.000,9999.000,9999.000,9999.000,9999.000
202604261636,   2.561,   2.860,9999.000,9999.000,9999.000,9999.000,9999.000,9999.000,9999.000
202604261642,   2.458,   2.748,9999.000,9999.000,9999.000,9999.000,9999.000,9999.000,9999.000
202604261648,   2.354,   2.640,9999.000,9999.000,9999.000,9999.000,9999.000,9999.000,9999.000
202604261654,   2.249,   2.509,9999.000,9999.000,9999.000,9999.000,9999.000,9999.000,9999.000
202604261700,   2.144,   2.400,   0.300,  -0.044,   2.400,   0.300,   2.400,   0.300,   2.400
202604261706,   2.039,   2.348,9999.000,9999.000,9999.000,9999.000,9999.000,9999.000,9999.000
202604261712,   1.934,   2.191,9999.000,9999.000,9999.000,9999.000,9999.000,9999.000,9999.000
202604261718,   1.829,   2.040,9999.000,9999.000,9999.000,9999.000,9999.000,9999.000,9999.000
202604261724,   1.725,   2.020,9999.000,9999.000,9999.000,9999.000,9999.000,9999.000,9999.000
202604261730,   1.622,   1.908,9999.000,9999.000,9999.000,9999.000,9999.000,9999.000,9999.000
202604261736,   1.520,   1.840,9999.000,9999.000,9999.000,9999.000,9999.000,9999.000,9999.000
202604261742,   1.420,   1.718,9999.000,9999.000,9999.000,9999.000,9999.000,9999.000,9999.000
202604261748,   1.322,   1.600,9999.000,9999.000,9999.000,9999.000,9999.000,9999.000,9999.000
202604261754,   1.225,   1.528,9999.000,9999.000,9999.000,9999.000,9999.000,9999.000,9999.000
202604261800,   1.131,   1.479,   0.300,   0.048,   1.479,   0.300,   1.479,   0.400,   1.579
202604261806,   1.039,   1.371,9999.000,9999.000,9999.000,9999.000,9999.000,9999.000,9999.000
202604261812,   0.950,   1.298,9999.000,9999.000,9999.000,9999.000,9999.000,9999.000,9999.000
202604261818,   0.863,   1.190,9999.000,9999.000,9999.000,9999.000,9999.000,9999.000,9999.000
202604261824,   0.780,   1.108,9999.000,9999.000,9999.000,9999.000,9999.000,9999.000,9999.000
202604261830,   0.700,   0.918,9999.000,9999.000,9999.000,9999.000,9999.000,9999.000,9999.000
202604261836,   0.624,   1.039,9999.000,9999.000,9999.000,9999.000,9999.000,9999.000,9999.000
202604261842,   0.551,   0.790,9999.000,9999.000,9999.000,9999.000,9999.000,9999.000,9999.000
202604261848,   0.482,   0.829,9999.000,9999.000,9999.000,9999.000,9999.000,9999.000,9999.000
202604261854,   0.417,   0.751,9999.000,9999.000,9999.000,9999.000,9999.000,9999.000,9999.000
202604261900,   0.356,   0.590,   0.300,  -0.066,   0.590,   0.300,   0.590,   0.300,   0.590
202604261906,   0.299,   0.698,9999.000,9999.000,9999.000,9999.000,9999.000,9999.000,9999.000
202604261912,   0.247,   0.531,9999.000,9999.000,9999.000,9999.000,9999.000,9999.000,9999.000
202604261918,   0.199,   0.541,9999.000,9999.000,9999.000,9999.000,9999.000,9999.000,9999.000
202604261924,   0.155,   0.390,9999.000,9999.000,9999.000,9999.000,9999.000,9999.000,9999.000
202604261930,   0.117,   0.419,9999.000,9999.000,9999.000,9999.000,9999.000,9999.000,9999.000
202604261936,   0.083,   0.370,9999.000,9999.000,9999.000,9999.000,9999.000,9999.000,9999.000
202604261942,   0.054,   0.341,9999.000,9999.000,9999.000,9999.000,9999.000,9999.000,9999.000
202604261948,   0.030,   0.360,9999.000,9999.000,9999.000,9999.000,9999.000,9999.000,9999.000
202604261954,   0.011,   0.321,9999.000,9999.000,9999.000,9999.000,9999.000,9999.000,9999.000
202604262000,  -0.002,   0.350,   0.400,  -0.048,   0.350,   0.300,   0.250,   0.400,   0.350
202604262006,  -0.010,   0.219,9999.000,9999.000,9999.000,9999.000,9999.000,9999.000,9999.000
202604262012,  -0.013,   0.370,9999.000,9999.000,9999.000,9999.000,9999.000,9999.000,9999.000
202604262018,  -0.011,   0.219,9999.000,9999.000,9999.000,9999.000,9999.000,9999.000,9999.000
202604262024,  -0.004,   0.321,9999.000,9999.000,9999.000,9999.000,9999.000,9999.000,9999.000
202604262030,   0.007,   0.200,9999.000,9999.000,9999.000,9999.000,9999.000,9999.000,9999.000
202604262036,   0.025,   0.308,9999.000,9999.000,9999.000,9999.000,9999.000,9999.000,9999.000
202604262042,   0.048,   0.331,9999.000,9999.000,9999.000,9999.000,9999.000,9999.000,9999.000
202604262048,   0.077,   0.229,9999.000,9999.000,9999.000,9999.000,9999.000,9999.000,9999.000
202604262054,   0.110,   0.449,9999.000,9999.000,9999.000,9999.000,9999.000,9999.000,9999.000
202604262100,   0.149,   0.350,   0.400,  -0.199,   0.350,   0.400,   0.350,   0.400,   0.350
202604262106,   0.193,   0.429,9999.000,9999.000,9999.000,9999.000,9999.000,9999.000,9999.000
202604262112,   0.242,   0.488,9999.000,9999.000,9999.000,9999.000,9999.000,9999.000,9999.000
202604262118,   0.295,   0.508,9999.000,9999.000,9999.000,9999.000,9999.000,9999.000,9999.000
202604262124,   0.354,   0.570,9999.000,9999.000,9999.000,9999.000,9999.000,9999.000,9999.000
202604262130,   0.417,   0.770,9999.000,9999.000,9999.000,9999.000,9999.000,9999.000,9999.000
202604262136,   0.484,   0.580,9999.000,9999.000,9999.000,9999.000,9999.000,9999.000,9999.000
202604262142,   0.556,   0.859,9999.000,9999.000,9999.000,9999.000,9999.000,9999.000,9999.000
202604262148,   0.632,   0.819,9999.000,9999.000,9999.000,9999.000,9999.000,9999.000,9999.000
202604262154,   0.712,   0.970,9999.000,9999.000,9999.000,9999.000,9999.000,9999.000,9999.000
202604262200,   0.795,   1.029,   0.300,  -0.066,   1.029,   0.300,   1.029,   0.400,   1.129
202604262206,   0.883,   1.108,9999.000,9999.000,9999.000,9999.000,9999.000,9999.000,9999.000
202604262212,   0.973,   1.210,9999.000,9999.000,9999.000,9999.000,9999.000,9999.000,9999.000
202604262218,   1.067,   1.328,9999.000,9999.000,9999.000,9999.000,9999.000,9999.000,9999.000
202604262224,   1.164,   1.328,9999.000,9999.000,9999.000,9999.000,9999.000,9999.000,9999.000
202604262230,   1.263,   1.420,9999.000,9999.000,9999.000,9999.000,9999.000,9999.000,9999.000
202604262236,   1.365,   1.580,9999.000,9999.000,9999.000,9999.000,9999.000,9999.000,9999.000
202604262242,   1.469,   1.679,9999.000,9999.000,9999.000,9999.000,9999.000,9999.000,9999.000
202604262248,   1.575,   1.699,9999.000,9999.000,9999.000,9999.000,9999.000,9999.000,9999.000
202604262254,   1.683,   2.000,9999.000,9999.000,9999.000,9999.000,9999.000,9999.000,9999.000
202604262300,   1.793,   1.918,   0.300,  -0.175,   1.918,   0.300,   1.918,   0.300,   1.918
202604262306,   1.904,   2.200,9999.000,9999.000,9999.000,9999.000,9999.000,9999.000,9999.000
202604262312,   2.016,   2.177,9999.000,9999.000,9999.000,9999.000,9999.000,9999.000,9999.000
202604262318,   2.128,   2.348,9999.000,9999.000,9999.000,9999.000,9999.000,9999.000,9999.000
202604262324,   2.242,   2.440,9999.000,9999.000,9999.000,9999.000,9999.000,9999.000,9999.000
202604262330,   2.356,   2.499,9999.000,9999.000,9999.000,9999.000,9999.000,9999.000,9999.000
202604262336,   2.469,   2.689,9999.000,9999.000,9999.000,9999.000,9999.000,9999.000,9999.000
202604262342,   2.583,   2.768,9999.000,9999.000,9999.000,9999.000,9999.000,9999.000,9999.000
202604262348,   2.696,   2.850,9999.000,9999.000,9999.000,9999.000,9999.000,9999.000,9999.000
202604262354,   2.808,   2.968,9999.000,9999.000,9999.000,9999.000,9999.000,9999.000,9999.000
202604270000,   2.920,   3.060,   0.300,  -0.160,   3.060,   0.300,   3.060,   0.300,   3.060
202604270006,   3.030,   3.158,9999.000,9999.000,9999.000,9999.000,9999.000,9999.000,9999.000
202604270012,   3.138,   3.309,9999.000,9999.000,9999.000,9999.000,9999.000,9999.000,9999.000
202604270018,   3.245,   3.398,9999.000,9999.000,9999.000,9999.000,9999.000,9999.000,9999.000
202604270024,   3.350,   3.440,9999.000,9999.000,9999.000,9999.000,9999.000,9999.000,9999.000
202604270030,   3.452,   3.519,9999.000,9999.000,9999.000,9999.000,9999.000,9999.000,9999.000
202604270036,   3.552,   3.699,9999.000,9999.000,9999.000,9999.000,9999.000,9999.000,9999.000
202604270042,   3.649,   3.719,9999.000,9999.000,9999.000,9999.000,9999.000,9999.000,9999.000
202604270048,   3.743,   3.837,9999.000,9999.000,9999.000,9999.000,9999.000,9999.000,9999.000
202604270054,   3.833,   3.929,9999.000,9999.000,9999.000,9999.000,9999.000,9999.000,9999.000
202604270100,   3.920,   4.090,   0.400,  -0.230,   4.090,   0.300,   3.990,   0.400,   4.090
202604270106,   4.004,   4.057,9999.000,9999.000,9999.000,9999.000,9999.000,9999.000,9999.000
202604270112,   4.083,   4.257,9999.000,9999.000,9999.000,9999.000,9999.000,9999.000,9999.000
202604270118,   4.158,   4.319,9999.000,9999.000,9999.000,9999.000,9999.000,9999.000,9999.000
202604270124,   4.229,   4.339,9999.000,9999.000,9999.000,9999.000,9999.000,9999.000,9999.000
202604270130,   4.296,   4.388,9999.000,9999.000,9999.000,9999.000,9999.000,9999.000,9999.000
202604270136,   4.357,   4.437,9999.000,9999.000,9999.000,9999.000,9999.000,9999.000,9999.000
202604270142,   4.414,   4.569,9999.000,9999.000,9999.000,9999.000,9999.000,9999.000,9999.000
202604270148,   4.467,   4.549,9999.000,9999.000,9999.000,9999.000,9999.000,9999.000,9999.000
202604270154,   4.514,   4.637,9999.000,9999.000,9999.000,9999.000,9999.000,9999.000,9999.000
202604270200,   4.556,   4.769,   0.300,  -0.087,   4.769,   0.300,   4.769,   0.300,   4.769
202604270206,   4.594,   4.667,9999.000,9999.000,9999.000,9999.000,9999.000,9999.000,9999.000
202604270212,   4.626,   4.769,9999.000,9999.000,9999.000,9999.000,9999.000,9999.000,9999.000
202604270218,   4.653,   4.818,9999.000,9999.000,9999.000,9999.000,9999.000,9999.000,9999.000
202604270224,   4.675,   4.847,9999.000,9999.000,9999.000,9999.000,9999.000,9999.000,9999.000
202604270230,   4.692,   4.837,9999.000,9999.000,9999.000,9999.000,9999.000,9999.000,9999.000
202604270236,   4.703,   4.857,9999.000,9999.000,9999.000,9999.000,9999.000,9999.000,9999.000
202604270242,   4.710,   4.877,9999.000,9999.000,9999.000,9999.000,9999.000,9999.000,9999.000
202604270248,   4.712,   4.877,9999.000,9999.000,9999.000,9999.000,9999.000,9999.000,9999.000
202604270254,   4.708,   4.929,9999.000,9999.000,9999.000,9999.000,9999.000,9999.000,9999.000
202604270300,   4.700,   4.857,   0.200,  -0.043,   4.857,   0.200,   4.857,   0.300,   4.957
202604270306,   4.686,   4.857,9999.000,9999.000,9999.000,9999.000,9999.000,9999.000,9999.000
202604270312,   4.668,   4.837,9999.000,9999.000,9999.000,9999.000,9999.000,9999.000,9999.000
202604270318,   4.645,   4.828,9999.000,9999.000,9999.000,9999.000,9999.000,9999.000,9999.000
202604270324,   4.617,   4.778,9999.000,9999.000,9999.000,9999.000,9999.000,9999.000,9999.000
202604270330,   4.585,   4.808,9999.000,9999.000,9999.000,9999.000,9999.000,9999.000,9999.000
202604270336,   4.548,   4.710,9999.000,9999.000,9999.000,9999.000,9999.000,9999.000,9999.000
202604270342,   4.507,   4.700,9999.000,9999.000,9999.000,9999.000,9999.000,9999.000,9999.000
202604270348,   4.461,   4.608,9999.000,9999.000,9999.000,9999.000,9999.000,9999.000,9999.000
202604270354,   4.411,   4.647,9999.000,9999.000,9999.000,9999.000,9999.000,9999.000,9999.000
202604270400,   4.357,   4.539,   0.300,  -0.118,   4.539,   0.200,   4.439,   0.300,   4.539
202604270406,   4.299,   4.539,9999.000,9999.000,9999.000,9999.000,9999.000,9999.000,9999.000
202604270412,   4.237,   4.427,9999.000,9999.000,9999.000,9999.000,9999.000,9999.000,9999.000
202604270418,   4.172,   4.427,9999.000,9999.000,9999.000,9999.000,9999.000,9999.000,9999.000
202604270424,   4.103,   4.339,9999.000,9999.000,9999.000,9999.000,9999.000,9999.000,9999.000
202604270430,   4.030,   4.290,9999.000,9999.000,9999.000,9999.000,9999.000,9999.000,9999.000
202604270436,   3.954,   4.280,9999.000,9999.000,9999.000,9999.000,9999.000,9999.000,9999.000
202604270442,   3.876,   4.129,9999.000,9999.000,9999.000,9999.000,9999.000,9999.000,9999.000
202604270448,   3.794,   3.968,9999.000,9999.000,9999.000,9999.000,9999.000,9999.000,9999.000
202604270454,   3.711,   4.008,9999.000,9999.000,9999.000,9999.000,9999.000,9999.000,9999.000
202604270500,   3.624,   3.798,   0.300,  -0.126,   3.798,   0.300,   3.798,   0.300,   3.798
202604270506,   3.536,   3.827,9999.000,9999.000,9999.000,9999.000,9999.000,9999.000,9999.000
202604270512,   3.446,   3.660,9999.000,9999.000,9999.000,9999.000,9999.000,9999.000,9999.000
202604270518,   3.355,   3.480,9999.000,9999.000,9999.000,9999.000,9999.000,9999.000,9999.000
202604270524,   3.262,   3.440,9999.000,9999.000,9999.000,9999.000,9999.000,9999.000,9999.000
202604270530,   3.168,   3.329,9999.000,9999.000,9999.000,9999.000,9999.000,9999.000,9999.000
202604270536,   3.074,   3.279,9999.000,9999.000,9999.000,9999.000,9999.000,9999.000,9999.000
202604270542,   2.979,   3.240,9999.000,9999.000,9999.000,9999.000,9999.000,9999.000,9999.000
202604270548,   2.884,   3.040,9999.000,9999.000,9999.000,9999.000,9999.000,9999.000,9999.000
202604270554,   2.789,   3.017,9999.000,9999.000,9999.000,9999.000,9999.000,9999.000,9999.000
202604270600,   2.695,   2.978,   0.100,   0.183,   2.978,   0.100,   2.978,   0.200,   3.078
202604270606,   2.602,   2.807,9999.000,9999.000,9999.000,9999.000,9999.000,9999.000,9999.000
202604270612,   2.509,   2.748,9999.000,9999.000,9999.000,9999.000,9999.000,9999.000,9999.000
202604270618,   2.417,   2.768,9999.000,9999.000,9999.000,9999.000,9999.000,9999.000,9999.000
202604270624,   2.327,   2.568,9999.000,9999.000,9999.000,9999.000,9999.000,9999.000,9999.000
202604270630,   2.239,   2.440,9999.000,9999.000,9999.000,9999.000,9999.000,9999.000,9999.000
202604270636,   2.153,   2.489,9999.000,9999.000,9999.000,9999.000,9999.000,9999.000,9999.000
202604270642,   2.068,   2.230,9999.000,9999.000,9999.000,9999.000,9999.000,9999.000,9999.000
202604270648,   1.987,   2.358,9999.000,9999.000,9999.000,9999.000,9999.000,9999.000,9999.000
202604270654,   1.907,   2.049,9999.000,9999.000,9999.000,9999.000,9999.000,9999.000,9999.000
202604270700,   1.831,   2.099,   0.100,   0.168,   2.099,   0.100,   2.099,   0.100,   2.099
202604270706,   1.757,   2.020,9999.000,9999.000,9999.000,9999.000,9999.000,9999.000,9999.000
202604270712,   1.686,   1.800,9999.000,9999.000,9999.000,9999.000,9999.000,9999.000,9999.000
202604270718,   1.619,   1.948,9999.000,9999.000,9999.000,9999.000,9999.000,9999.000,9999.000
202604270724,   1.555,   1.699,9999.000,9999.000,9999.000,9999.000,9999.000,9999.000,9999.000
202604270730,   1.494,   1.679,9999.000,9999.000,9999.000,9999.000,9999.000,9999.000,9999.000
202604270736,   1.437,   1.649,9999.000,9999.000,9999.000,9999.000,9999.000,9999.000,9999.000
202604270742,   1.384,   1.600,9999.000,9999.000,9999.000,9999.000,9999.000,9999.000,9999.000
202604270748,   1.335,   1.498,9999.000,9999.000,9999.000,9999.000,9999.000,9999.000,9999.000
202604270754,   1.290,   1.538,9999.000,9999.000,9999.000,9999.000,9999.000,9999.000,9999.000
202604270800,   1.248,   1.528,   0.200,   0.080,   1.528,   0.100,   1.428,   0.200,   1.528
202604270806,   1.211,   1.439,9999.000,9999.000,9999.000,9999.000,9999.000,9999.000,9999.000
202604270812,   1.179,   1.361,9999.000,9999.000,9999.000,9999.000,9999.000,9999.000,9999.000
202604270818,   1.151,   1.469,9999.000,9999.000,9999.000,9999.000,9999.000,9999.000,9999.000
202604270824,   1.127,   1.371,9999.000,9999.000,9999.000,9999.000,9999.000,9999.000,9999.000
202604270830,   1.107,   1.361,9999.000,9999.000,9999.000,9999.000,9999.000,9999.000,9999.000
202604270836,   1.093,   1.259,9999.000,9999.000,9999.000,9999.000,9999.000,9999.000,9999.000
202604270842,   1.083,   1.348,9999.000,9999.000,9999.000,9999.000,9999.000,9999.000,9999.000
202604270848,   1.077,   1.190,9999.000,9999.000,9999.000,9999.000,9999.000,9999.000,9999.000
202604270854,   1.076,   1.338,9999.000,9999.000,9999.000,9999.000,9999.000,9999.000,9999.000
202604270900,   1.080,   1.220,   0.200,  -0.060,   1.220,   0.200,   1.220,   0.200,   1.220
202604270906,   1.089,   1.308,9999.000,9999.000,9999.000,9999.000,9999.000,9999.000,9999.000
202604270912,   1.102,   1.138,9999.000,9999.000,9999.000,9999.000,9999.000,9999.000,9999.000
202604270918,   1.120,   1.328,9999.000,9999.000,9999.000,9999.000,9999.000,9999.000,9999.000
202604270924,   1.143,   1.229,9999.000,9999.000,9999.000,9999.000,9999.000,9999.000,9999.000
202604270930,   1.170,   1.420,9999.000,9999.000,9999.000,9999.000,9999.000,9999.000,9999.000
202604270936,   1.202,   1.298,9999.000,9999.000,9999.000,9999.000,9999.000,9999.000,9999.000
202604270942,   1.238,   1.548,9999.000,9999.000,9999.000,9999.000,9999.000,9999.000,9999.000
202604270948,   1.278,   1.298,9999.000,9999.000,9999.000,9999.000,9999.000,9999.000,9999.000
202604270954,   1.322,   1.600,9999.000,9999.000,9999.000,9999.000,9999.000,9999.000,9999.000
202604271000,   1.370,   1.489,   0.100,   0.019,   1.489,   0.100,   1.489,   0.200,   1.589
202604271006,   1.422,   1.708,9999.000,9999.000,9999.000,9999.000,9999.000,9999.000,9999.000
202604271012,   1.478,   1.639,9999.000,9999.000,9999.000,9999.000,9999.000,9999.000,9999.000
202604271018,   1.537,   1.820,9999.000,9999.000,9999.000,9999.000,9999.000,9999.000,9999.000
202604271024,   1.600,   1.767,9999.000,9999.000,9999.000,9999.000,9999.000,9999.000,9999.000
202604271030,   1.666,   1.928,9999.000,9999.000,9999.000,9999.000,9999.000,9999.000,9999.000
202604271036,   1.734,   1.889,9999.000,9999.000,9999.000,9999.000,9999.000,9999.000,9999.000
202604271042,   1.806,   2.020,9999.000,9999.000,9999.000,9999.000,9999.000,9999.000,9999.000
202604271048,   1.880,   2.079,9999.000,9999.000,9999.000,9999.000,9999.000,9999.000,9999.000
202604271054,   1.956,   2.069,9999.000,9999.000,9999.000,9999.000,9999.000,9999.000,9999.000
202604271100,   2.034,   2.191,   0.100,   0.057,   2.191,   0.100,   2.191,   0.100,   2.191
202604271106,   2.114,   2.358,9999.000,9999.000,9999.000,9999.000,9999.000,9999.000,9999.000
202604271112,   2.196,   2.338,9999.000,9999.000,9999.000,9999.000,9999.000,9999.000,9999.000
202604271118,   2.279,   2.597,9999.000,9999.000,9999.000,9999.000,9999.000,9999.000,9999.000
202604271124,   2.363,   2.499,9999.000,9999.000,9999.000,9999.000,9999.000,9999.000,9999.000
202604271130,   2.448,   2.699,9999.000,9999.000,9999.000,9999.000,9999.000,9999.000,9999.000
202604271136,   2.534,   2.738,9999.000,9999.000,9999.000,9999.000,9999.000,9999.000,9999.000
202604271142,   2.620,   2.860,9999.000,9999.000,9999.000,9999.000,9999.000,9999.000,9999.000
202604271148,   2.706,   2.958,9999.000,9999.000,9999.000,9999.000,9999.000,9999.000,9999.000
202604271154,   2.792,   3.040,9999.000,9999.000,9999.000,9999.000,9999.000,9999.000,9999.000
202604271200,   2.878,   3.158,   0.200,   0.080,   3.158,   0.200,   3.158,   0.200,   3.158
202604271206,   2.963,   3.217,9999.000,9999.000,9999.000,9999.000,9999.000,9999.000,9999.000
202604271212,   3.048,   3.289,9999.000,9999.000,9999.000,9999.000,9999.000,9999.000,9999.000
202604271218,   3.131,   3.407,9999.000,9999.000,9999.000,9999.000,9999.000,9999.000,9999.000
202604271224,   3.214,   3.450,9999.000,9999.000,9999.000,9999.000,9999.000,9999.000,9999.000
202604271230,   3.294,   3.578,9999.000,9999.000,9999.000,9999.000,9999.000,9999.000,9999.000
202604271236,   3.373,   3.499,9999.000,9999.000,9999.000,9999.000,9999.000,9999.000,9999.000
202604271242,   3.450,   3.808,9999.000,9999.000,9999.000,9999.000,9999.000,9999.000,9999.000
202604271248,   3.524,   3.699,9999.000,9999.000,9999.000,9999.000,9999.000,9999.000,9999.000
202604271254,   3.596,   3.890,9999.000,9999.000,9999.000,9999.000,9999.000,9999.000,9999.000
202604271300,   3.666,   3.837,   0.300,  -0.129,   3.837,   0.200,   3.737,   0.300,   3.837
202604271306,   3.732,   3.909,9999.000,9999.000,9999.000,9999.000,9999.000,9999.000,9999.000
202604271312,   3.795,   3.988,9999.000,9999.000,9999.000,9999.000,9999.000,9999.000,9999.000
202604271318,   3.855,   4.027,9999.000,9999.000,9999.000,9999.000,9999.000,9999.000,9999.000
202604271324,   3.911,   4.129,9999.000,9999.000,9999.000,9999.000,9999.000,9999.000,9999.000
202604271330,   3.963,   4.227,9999.000,9999.000,9999.000,9999.000,9999.000,9999.000,9999.000
202604271336,   4.011,   4.178,9999.000,9999.000,9999.000,9999.000,9999.000,9999.000,9999.000
202604271342,   4.056,   4.290,9999.000,9999.000,9999.000,9999.000,9999.000,9999.000,9999.000
202604271348,   4.096,   4.237,9999.000,9999.000,9999.000,9999.000,9999.000,9999.000,9999.000
202604271354,   4.131,   4.408,9999.000,9999.000,9999.000,9999.000,9999.000,9999.000,9999.000
202604271400,   4.162,   4.368,   0.200,   0.006,   4.368,   0.200,   4.368,   0.200,   4.368
202604271406,   4.189,   4.569,9999.000,9999.000,9999.000,9999.000,9999.000,9999.000,9999.000
202604271412,   4.211,   4.368,9999.000,9999.000,9999.000,9999.000,9999.000,9999.000,9999.000
202604271418,   4.228,   4.628,9999.000,9999.000,9999.000,9999.000,9999.000,9999.000,9999.000
202604271424,   4.240,   4.539,9999.000,9999.000,9999.000,9999.000,9999.000,9999.000,9999.000
202604271430,   4.248,   4.519,9999.000,9999.000,9999.000,9999.000,9999.000,9999.000,9999.000
202604271436,   4.250,   4.549,9999.000,9999.000,9999.000,9999.000,9999.000,9999.000,9999.000
202604271442,   4.248,   4.529,9999.000,9999.000,9999.000,9999.000,9999.000,9999.000,9999.000
202604271448,   4.241,   4.490,9999.000,9999.000,9999.000,9999.000,9999.000,9999.000,9999.000
202604271454,   4.230,   4.519,9999.000,9999.000,9999.000,9999.000,9999.000,9999.000,9999.000
202604271500,   4.213,   4.519,   0.100,   0.206,   4.519,   0.100,   4.519,   0.200,   4.619
202604271506,   4.192,   4.519,9999.000,9999.000,9999.000,9999.000,9999.000,9999.000,9999.000
202604271512,   4.166,   4.437,9999.000,9999.000,9999.000,9999.000,9999.000,9999.000,9999.000
202604271518,   4.135,   4.418,9999.000,9999.000,9999.000,9999.000,9999.000,9999.000,9999.000
202604271524,   4.100,   4.388,9999.000,9999.000,9999.000,9999.000,9999.000,9999.000,9999.000
202604271530,   4.061,   4.339,9999.000,9999.000,9999.000,9999.000,9999.000,9999.000,9999.000
202604271536,   4.017,   4.309,9999.000,9999.000,9999.000,9999.000,9999.000,9999.000,9999.000
202604271542,   3.969,   4.290,9999.000,9999.000,9999.000,9999.000,9999.000,9999.000,9999.000
202604271548,   3.916,   4.319,9999.000,9999.000,9999.000,9999.000,9999.000,9999.000,9999.000
202604271554,   3.860,   3.978,9999.000,9999.000,9999.000,9999.000,9999.000,9999.000,9999.000
202604271600,   3.799,   4.188,   0.200,   0.189,   4.188,   0.100,   4.088,   0.200,   4.188
202604271606,   3.735,   3.978,9999.000,9999.000,9999.000,9999.000,9999.000,9999.000,9999.000
202604271612,   3.667,   3.949,9999.000,9999.000,9999.000,9999.000,9999.000,9999.000,9999.000
202604271618,   3.596,   3.899,9999.000,9999.000,9999.000,9999.000,9999.000,9999.000,9999.000
202604271624,   3.521,   3.798,9999.000,9999.000,9999.000,9999.000,9999.000,9999.000,9999.000
202604271630,   3.443,   3.650,9999.000,9999.000,9999.000,9999.000,9999.000,9999.000,9999.000
202604271636,   3.361,   3.670,9999.000,9999.000,9999.000,9999.000,9999.000,9999.000,9999.000
202604271642,   3.277,   3.558,9999.000,9999.000,9999.000,9999.000,9999.000,9999.000,9999.000
202604271648,   3.190,   3.450,9999.000,9999.000,9999.000,9999.000,9999.000,9999.000,9999.000
202604271654,   3.101,   3.319,9999.000,9999.000,9999.000,9999.000,9999.000,9999.000,9999.000
202604271700,   3.009,   3.217,   0.200,   0.008,   3.217,   0.200,   3.217,   0.200,   3.217
202604271706,   2.915,   3.138,9999.000,9999.000,9999.000,9999.000,9999.000,9999.000,9999.000
202604271712,   2.819,   3.099,9999.000,9999.000,9999.000,9999.000,9999.000,9999.000,9999.000
202604271718,   2.722,   2.968,9999.000,9999.000,9999.000,9999.000,9999.000,9999.000,9999.000
202604271724,   2.624,   2.968,9999.000,9999.000,9999.000,9999.000,9999.000,9999.000,9999.000
202604271730,   2.524,   2.758,9999.000,9999.000,9999.000,9999.000,9999.000,9999.000,9999.000
202604271736,   2.423,   2.679,9999.000,9999.000,9999.000,9999.000,9999.000,9999.000,9999.000
202604271742,   2.323,   2.519,9999.000,9999.000,9999.000,9999.000,9999.000,9999.000,9999.000
202604271748,   2.222,   2.528,9999.000,9999.000,9999.000,9999.000,9999.000,9999.000,9999.000
202604271754,   2.121,   2.318,9999.000,9999.000,9999.000,9999.000,9999.000,9999.000,9999.000
202604271800,   2.020,   2.358,   0.300,   0.038,   2.358,   0.200,   2.258,   0.400,   2.458
202604271806,   1.920,   2.148,9999.000,9999.000,9999.000,9999.000,9999.000,9999.000,9999.000
202604271812,   1.821,   2.099,9999.000,9999.000,9999.000,9999.000,9999.000,9999.000,9999.000
202604271818,   1.723,   1.948,9999.000,9999.000,9999.000,9999.000,9999.000,9999.000,9999.000
202604271824,   1.627,   2.030,9999.000,9999.000,9999.000,9999.000,9999.000,9999.000,9999.000
202604271830,   1.532,   1.600,9999.000,9999.000,9999.000,9999.000,9999.000,9999.000,9999.000
202604271836,   1.440,   1.758,9999.000,9999.000,9999.000,9999.000,9999.000,9999.000,9999.000
202604271842,   1.350,   1.489,9999.000,9999.000,9999.000,9999.000,9999.000,9999.000,9999.000
202604271848,   1.262,   1.498,9999.000,9999.000,9999.000,9999.000,9999.000,9999.000,9999.000
202604271854,   1.177,   1.400,9999.000,9999.000,9999.000,9999.000,9999.000,9999.000,9999.000
202604271900,   1.095,   1.308,   0.200,   0.013,   1.308,   0.200,   1.308,   0.300,   1.408
202604271906,   1.016,   1.308,9999.000,9999.000,9999.000,9999.000,9999.000,9999.000,9999.000
202604271912,   0.941,   1.088,9999.000,9999.000,9999.000,9999.000,9999.000,9999.000,9999.000
202604271918,   0.869,   1.118,9999.000,9999.000,9999.000,9999.000,9999.000,9999.000,9999.000
202604271924,   0.801,   1.020,9999.000,9999.000,9999.000,9999.000,9999.000,9999.000,9999.000
202604271930,   0.736,   0.941,9999.000,9999.000,9999.000,9999.000,9999.000,9999.000,9999.000
202604271936,   0.676,   1.059,9999.000,9999.000,9999.000,9999.000,9999.000,9999.000,9999.000
202604271942,   0.620,   0.770,9999.000,9999.000,9999.000,9999.000,9999.000,9999.000,9999.000
202604271948,   0.568,   0.869,9999.000,9999.000,9999.000,9999.000,9999.000,9999.000,9999.000
202604271954,   0.520,   0.669,9999.000,9999.000,9999.000,9999.000,9999.000,9999.000,9999.000
202604272000,   0.477,   0.760,   0.300,  -0.017,   0.760,   0.300,   0.760,   0.300,   0.760
202604272006,   0.439,   0.619,9999.000,9999.000,9999.000,9999.000,9999.000,9999.000,9999.000
202604272012,   0.406,   0.678,9999.000,9999.000,9999.000,9999.000,9999.000,9999.000,9999.000
202604272018,   0.377,   0.531,9999.000,9999.000,9999.000,9999.000,9999.000,9999.000,9999.000
202604272024,   0.353,   0.669,9999.000,9999.000,9999.000,9999.000,9999.000,9999.000,9999.000
202604272030,   0.334,   0.518,9999.000,9999.000,9999.000,9999.000,9999.000,9999.000,9999.000
202604272036,   0.320,   0.580,9999.000,9999.000,9999.000,9999.000,9999.000,9999.000,9999.000
202604272042,   0.311,   0.610,9999.000,9999.000,9999.000,9999.000,9999.000,9999.000,9999.000
202604272048,   0.308,   0.508,9999.000,9999.000,9999.000,9999.000,9999.000,9999.000,9999.000
202604272054,   0.310,   0.580,9999.000,9999.000,9999.000,9999.000,9999.000,9999.000,9999.000
202604272100,   0.316,   0.518,   0.400,  -0.198,   0.518,   0.300,   0.418,   0.400,   0.518
202604272106,   0.329,   0.619,9999.000,9999.000,9999.000,9999.000,9999.000,9999.000,9999.000
202604272112,   0.346,   0.590,9999.000,9999.000,9999.000,9999.000,9999.000,9999.000,9999.000
202604272118,   0.369,   0.629,9999.000,9999.000,9999.000,9999.000,9999.000,9999.000,9999.000
202604272124,   0.397,   0.698,9999.000,9999.000,9999.000,9999.000,9999.000,9999.000,9999.000
202604272130,   0.431,   0.590,9999.000,9999.000,9999.000,9999.000,9999.000,9999.000,9999.000
202604272136,   0.470,   0.741,9999.000,9999.000,9999.000,9999.000,9999.000,9999.000,9999.000
202604272142,   0.514,   0.669,9999.000,9999.000,9999.000,9999.000,9999.000,9999.000,9999.000
202604272148,   0.563,   0.869,9999.000,9999.000,9999.000,9999.000,9999.000,9999.000,9999.000
202604272154,   0.617,   0.770,9999.000,9999.000,9999.000,9999.000,9999.000,9999.000,9999.000
202604272200,   0.676,   0.869,   0.300,  -0.107,   0.869,   0.300,   0.869,   0.400,   0.969
202604272206,   0.740,   1.000,9999.000,9999.000,9999.000,9999.000,9999.000,9999.000,9999.000
202604272212,   0.809,   0.970,9999.000,9999.000,9999.000,9999.000,9999.000,9999.000,9999.000
202604272218,   0.882,   1.180,9999.000,9999.000,9999.000,9999.000,9999.000,9999.000,9999.000
202604272224,   0.959,   1.049,9999.000,9999.000,9999.000,9999.000,9999.000,9999.000,9999.000
202604272230,   1.041,   1.348,9999.000,9999.000,9999.000,9999.000,9999.000,9999.000,9999.000
202604272236,   1.126,   1.289,9999.000,9999.000,9999.000,9999.000,9999.000,9999.000,9999.000
202604272242,   1.216,   1.469,9999.000,9999.000,9999.000,9999.000,9999.000,9999.000,9999.000
202604272248,   1.309,   1.548,9999.000,9999.000,9999.000,9999.000,9999.000,9999.000,9999.000
202604272254,   1.405,   1.689,9999.000,9999.000,9999.000,9999.000,9999.000,9999.000,9999.000
202604272300,   1.505,   1.767,   0.300,  -0.038,   1.767,   0.200,   1.667,   0.300,   1.767
202604272306,   1.607,   1.849,9999.000,9999.000,9999.000,9999.000,9999.000,9999.000,9999.000
202604272312,   1.712,   1.908,9999.000,9999.000,9999.000,9999.000,9999.000,9999.000,9999.000
202604272318,   1.819,   2.020,9999.000,9999.000,9999.000,9999.000,9999.000,9999.000,9999.000
202604272324,   1.928,   2.089,9999.000,9999.000,9999.000,9999.000,9999.000,9999.000,9999.000
202604272330,   2.039,   2.309,9999.000,9999.000,9999.000,9999.000,9999.000,9999.000,9999.000
202604272336,   2.151,   2.400,9999.000,9999.000,9999.000,9999.000,9999.000,9999.000,9999.000
202604272342,   2.265,   2.368,9999.000,9999.000,9999.000,9999.000,9999.000,9999.000,9999.000
202604272348,   2.380,   2.597,9999.000,9999.000,9999.000,9999.000,9999.000,9999.000,9999.000
202604272354,   2.495,   2.660,9999.000,9999.000,9999.000,9999.000,9999.000,9999.000,9999.000
202604280000,   2.611,   2.709,   0.400,  -0.302,   2.709,   0.300,   2.609,   0.400,   2.709
202604280006,   2.728,   2.997,9999.000,9999.000,9999.000,9999.000,9999.000,9999.000,9999.000
202604280012,   2.844,   2.978,9999.000,9999.000,9999.000,9999.000,9999.000,9999.000,9999.000
202604280018,   2.959,   3.217,9999.000,9999.000,9999.000,9999.000,9999.000,9999.000,9999.000
202604280024,   3.074,   3.197,9999.000,9999.000,9999.000,9999.000,9999.000,9999.000,9999.000
202604280030,   3.188,   3.450,9999.000,9999.000,9999.000,9999.000,9999.000,9999.000,9999.000
202604280036,   3.301,   3.398,9999.000,9999.000,9999.000,9999.000,9999.000,9999.000,9999.000
202604280042,   3.413,   3.539,9999.000,9999.000,9999.000,9999.000,9999.000,9999.000,9999.000
202604280048,   3.523,   3.729,9999.000,9999.000,9999.000,9999.000,9999.000,9999.000,9999.000
202604280054,   3.631,   3.699,9999.000,9999.000,9999.000,9999.000,9999.000,9999.000,9999.000
202604280100,   3.736,   3.958,   0.400,  -0.178,   3.958,   0.400,   3.958,   0.400,   3.958
202604280106,   3.839,   3.929,9999.000,9999.000,9999.000,9999.000,9999.000,9999.000,9999.000
202604280112,   3.940,   4.129,9999.000,9999.000,9999.000,9999.000,9999.000,9999.000,9999.000
202604280118,   4.037,   4.149,9999.000,9999.000,9999.000,9999.000,9999.000,9999.000,9999.000
202604280124,   4.131,   4.247,9999.000,9999.000,9999.000,9999.000,9999.000,9999.000,9999.000
202604280130,   4.221,   4.329,9999.000,9999.000,9999.000,9999.000,9999.000,9999.000,9999.000
202604280136,   4.308,   4.490,9999.000,9999.000,9999.000,9999.000,9999.000,9999.000,9999.000
202604280142,   4.391,   4.457,9999.000,9999.000,9999.000,9999.000,9999.000,9999.000,9999.000
202604280148,   4.470,   4.719,9999.000,9999.000,9999.000,9999.000,9999.000,9999.000,9999.000
202604280154,   4.544,   4.637,9999.000,9999.000,9999.000,9999.000,9999.000,9999.000,9999.000
202604280200,   4.613,   4.798,   0.300,  -0.115,   4.798,   0.300,   4.798,   0.400,   4.898
202604280206,   4.678,   4.877,9999.000,9999.000,9999.000,9999.000,9999.000,9999.000,9999.000
202604280212,   4.738,   4.887,9999.000,9999.000,9999.000,9999.000,9999.000,9999.000,9999.000
202604280218,   4.793,   4.959,9999.000,9999.000,9999.000,9999.000,9999.000,9999.000,9999.000
202604280224,   4.842,   4.988,9999.000,9999.000,9999.000,9999.000,9999.000,9999.000,9999.000
202604280230,   4.887,   5.008,9999.000,9999.000,9999.000,9999.000,9999.000,9999.000,9999.000
202604280236,   4.926,   5.087,9999.000,9999.000,9999.000,9999.000,9999.000,9999.000,9999.000
202604280242,   4.959,   5.077,9999.000,9999.000,9999.000,9999.000,9999.000,9999.000,9999.000
202604280248,   4.987,   5.149,9999.000,9999.000,9999.000,9999.000,9999.000,9999.000,9999.000
202604280254,   5.009,   5.087,9999.000,9999.000,9999.000,9999.000,9999.000,9999.000,9999.000
202604280300,   5.025,   5.188,   0.300,  -0.137,   5.188,   0.300,   5.188,   0.400,   5.288
202604280306,   5.036,   5.057,9999.000,9999.000,9999.000,9999.000,9999.000,9999.000,9999.000
202604280312,   5.041,   5.198,9999.000,9999.000,9999.000,9999.000,9999.000,9999.000,9999.000
202604280318,   5.041,   5.110,9999.000,9999.000,9999.000,9999.000,9999.000,9999.000,9999.000
202604280324,   5.034,   5.238,9999.000,9999.000,9999.000,9999.000,9999.000,9999.000,9999.000
202604280330,   5.023,   5.129,9999.000,9999.000,9999.000,9999.000,9999.000,9999.000,9999.000
202604280336,   5.005,   5.067,9999.000,9999.000,9999.000,9999.000,9999.000,9999.000,9999.000
202604280342,   4.982,   5.198,9999.000,9999.000,9999.000,9999.000,9999.000,9999.000,9999.000
202604280348,   4.954,   5.047,9999.000,9999.000,9999.000,9999.000,9999.000,9999.000,9999.000
202604280354,   4.920,   5.038,9999.000,9999.000,9999.000,9999.000,9999.000,9999.000,9999.000
202604280400,   4.881,   5.028,   0.300,  -0.153,   5.028,   0.300,   5.028,   0.400,   5.128
202604280406,   4.837,   5.067,9999.000,9999.000,9999.000,9999.000,9999.000,9999.000,9999.000
202604280412,   4.788,   4.939,9999.000,9999.000,9999.000,9999.000,9999.000,9999.000,9999.000
202604280418,   4.733,   4.857,9999.000,9999.000,9999.000,9999.000,9999.000,9999.000,9999.000
202604280424,   4.674,   4.988,9999.000,9999.000,9999.000,9999.000,9999.000,9999.000,9999.000
202604280430,   4.611,   4.657,9999.000,9999.000,9999.000,9999.000,9999.000,9999.000,9999.000
202604280436,   4.542,   4.788,9999.000,9999.000,9999.000,9999.000,9999.000,9999.000,9999.000
202604280442,   4.470,   4.608,9999.000,9999.000,9999.000,9999.000,9999.000,9999.000,9999.000
202604280448,   4.393,   4.569,9999.000,9999.000,9999.000,9999.000,9999.000,9999.000,9999.000
202604280454,   4.312,   4.500,9999.000,9999.000,9999.000,9999.000,9999.000,9999.000,9999.000
202604280500,   4.227,   4.398,   0.400,  -0.229,   4.398,   0.300,   4.298,   0.400,   4.398
202604280506,   4.138,   4.290,9999.000,9999.000,9999.000,9999.000,9999.000,9999.000,9999.000
202604280512,   4.046,   4.178,9999.000,9999.000,9999.000,9999.000,9999.000,9999.000,9999.000
202604280518,   3.951,   4.090,9999.000,9999.000,9999.000,9999.000,9999.000,9999.000,9999.000
202604280524,   3.853,   4.070,9999.000,9999.000,9999.000,9999.000,9999.000,9999.000,9999.000
202604280530,   3.752,   3.847,9999.000,9999.000,9999.000,9999.000,9999.000,9999.000,9999.000
202604280536,   3.649,   3.899,9999.000,9999.000,9999.000,9999.000,9999.000,9999.000,9999.000
202604280542,   3.543,   3.680,9999.000,9999.000,9999.000,9999.000,9999.000,9999.000,9999.000
202604280548,   3.436,   3.670,9999.000,9999.000,9999.000,9999.000,9999.000,9999.000,9999.000
202604280554,   3.326,   3.427,9999.000,9999.000,9999.000,9999.000,9999.000,9999.000,9999.000
202604280600,   3.216,   3.407,   0.200,  -0.009,   3.407,   0.200,   3.407,   0.300,   3.507
202604280606,   3.105,   3.178,9999.000,9999.000,9999.000,9999.000,9999.000,9999.000,9999.000
202604280612,   2.992,   3.138,9999.000,9999.000,9999.000,9999.000,9999.000,9999.000,9999.000
202604280618,   2.880,   2.929,9999.000,9999.000,9999.000,9999.000,9999.000,9999.000,9999.000
202604280624,   2.767,   2.929,9999.000,9999.000,9999.000,9999.000,9999.000,9999.000,9999.000
202604280630,   2.654,   2.768,9999.000,9999.000,9999.000,9999.000,9999.000,9999.000,9999.000
202604280636,   2.542,   2.630,9999.000,9999.000,9999.000,9999.000,9999.000,9999.000,9999.000
202604280642,   2.431,   2.558,9999.000,9999.000,9999.000,9999.000,9999.000,9999.000,9999.000
202604280648,   2.321,   2.440,9999.000,9999.000,9999.000,9999.000,9999.000,9999.000,9999.000
202604280654,   2.212,   2.387,9999.000,9999.000,9999.000,9999.000,9999.000,9999.000,9999.000
202604280700,   2.105,   2.177,   0.200,  -0.128,   2.177,   0.200,   2.177,   0.200,   2.177
202604280706,   1.999,   2.158,9999.000,9999.000,9999.000,9999.000,9999.000,9999.000,9999.000
202604280712,   1.896,   2.069,9999.000,9999.000,9999.000,9999.000,9999.000,9999.000,9999.000
202604280718,   1.795,   1.938,9999.000,9999.000,9999.000,9999.000,9999.000,9999.000,9999.000
202604280724,   1.697,   1.908,9999.000,9999.000,9999.000,9999.000,9999.000,9999.000,9999.000
202604280730,   1.601,   1.849,9999.000,9999.000,9999.000,9999.000,9999.000,9999.000,9999.000
202604280736,   1.509,   1.580,9999.000,9999.000,9999.000,9999.000,9999.000,9999.000,9999.000
202604280742,   1.420,   1.738,9999.000,9999.000,9999.000,9999.000,9999.000,9999.000,9999.000
202604280748,   1.334,   1.469,9999.000,9999.000,9999.000,9999.000,9999.000,9999.000,9999.000
202604280754,   1.252,   1.459,9999.000,9999.000,9999.000,9999.000,9999.000,9999.000,9999.000
202604280800,   1.173,   1.328,   0.300,  -0.145,   1.328,   0.200,   1.228,   0.300,   1.328
202604280806,   1.098,   1.239,9999.000,9999.000,9999.000,9999.000,9999.000,9999.000,9999.000
202604280812,   1.027,   1.229,9999.000,9999.000,9999.000,9999.000,9999.000,9999.000,9999.000
202604280818,   0.961,   1.059,9999.000,9999.000,9999.000,9999.000,9999.000,9999.000,9999.000
202604280824,   0.898,   1.010,9999.000,9999.000,9999.000,9999.000,9999.000,9999.000,9999.000
202604280830,   0.841,   0.888,9999.000,9999.000,9999.000,9999.000,9999.000,9999.000,9999.000
202604280836,   0.787,   0.908,9999.000,9999.000,9999.000,9999.000,9999.000,9999.000,9999.000
202604280842,   0.738,   0.879,9999.000,9999.000,9999.000,9999.000,9999.000,9999.000,9999.000
202604280848,   0.694,   0.770,9999.000,9999.000,9999.000,9999.000,9999.000,9999.000,9999.000
202604280854,   0.655,   0.898,9999.000,9999.000,9999.000,9999.000,9999.000,9999.000,9999.000
202604280900,   0.620,   0.718,   0.300,  -0.202,   0.718,   0.300,   0.718,   0.300,   0.718
202604280906,   0.591,   0.688,9999.000,9999.000,9999.000,9999.000,9999.000,9999.000,9999.000
202604280912,   0.566,   0.800,9999.000,9999.000,9999.000,9999.000,9999.000,9999.000,9999.000
202604280918,   0.547,   0.610,9999.000,9999.000,9999.000,9999.000,9999.000,9999.000,9999.000
202604280924,   0.533,   0.751,9999.000,9999.000,9999.000,9999.000,9999.000,9999.000,9999.000
202604280930,   0.524,   0.629,9999.000,9999.000,9999.000,9999.000,9999.000,9999.000,9999.000
202604280936,   0.520,   0.770,9999.000,9999.000,9999.000,9999.000,9999.000,9999.000,9999.000
202604280942,   0.521,   0.570,9999.000,9999.000,9999.000,9999.000,9999.000,9999.000,9999.000
202604280948,   0.528,   0.780,9999.000,9999.000,9999.000,9999.000,9999.000,9999.000,9999.000
202604280954,   0.540,   0.669,9999.000,9999.000,9999.000,9999.000,9999.000,9999.000,9999.000
202604281000,   0.557,   0.741,   0.200,  -0.016,   0.741,   0.200,   0.741,   0.300,   0.841
202604281006,   0.580,   0.731,9999.000,9999.000,9999.000,9999.000,9999.000,9999.000,9999.000
202604281012,   0.607,   0.859,9999.000,9999.000,9999.000,9999.000,9999.000,9999.000,9999.000
202604281018,   0.640,   0.741,9999.000,9999.000,9999.000,9999.000,9999.000,9999.000,9999.000
202604281024,   0.678,   0.849,9999.000,9999.000,9999.000,9999.000,9999.000,9999.000,9999.000
202604281030,   0.720,   0.898,9999.000,9999.000,9999.000,9999.000,9999.000,9999.000,9999.000
202604281036,   0.767,   1.020,9999.000,9999.000,9999.000,9999.000,9999.000,9999.000,9999.000
202604281042,   0.818,   0.970,9999.000,9999.000,9999.000,9999.000,9999.000,9999.000,9999.000
202604281048,   0.874,   1.118,9999.000,9999.000,9999.000,9999.000,9999.000,9999.000,9999.000
202604281054,   0.935,   1.151,9999.000,9999.000,9999.000,9999.000,9999.000,9999.000,9999.000
202604281100,   0.999,   1.229,   0.200,   0.030,   1.229,   0.200,   1.229,   0.200,   1.229
202604281106,   1.066,   1.220,9999.000,9999.000,9999.000,9999.000,9999.000,9999.000,9999.000
202604281112,   1.138,   1.420,9999.000,9999.000,9999.000,9999.000,9999.000,9999.000,9999.000
202604281118,   1.213,   1.361,9999.000,9999.000,9999.000,9999.000,9999.000,9999.000,9999.000
202604281124,   1.291,   1.548,9999.000,9999.000,9999.000,9999.000,9999.000,9999.000,9999.000
202604281130,   1.371,   1.590,9999.000,9999.000,9999.000,9999.000,9999.000,9999.000,9999.000
202604281136,   1.455,   1.600,9999.000,9999.000,9999.000,9999.000,9999.000,9999.000,9999.000
202604281142,   1.540,   1.649,9999.000,9999.000,9999.000,9999.000,9999.000,9999.000,9999.000
202604281148,   1.628,   1.859,9999.000,9999.000,9999.000,9999.000,9999.000,9999.000,9999.000
202604281154,   1.718,   1.889,9999.000,9999.000,9999.000,9999.000,9999.000,9999.000,9999.000
202604281200,   1.809,   2.049,   0.300,  -0.060,   2.049,   0.300,   2.049,   0.300,   2.049
202604281206,   1.901,   2.109,9999.000,9999.000,9999.000,9999.000,9999.000,9999.000,9999.000
202604281212,   1.995,   2.200,9999.000,9999.000,9999.000,9999.000,9999.000,9999.000,9999.000
202604281218,   2.089,   2.230,9999.000,9999.000,9999.000,9999.000,9999.000,9999.000,9999.000
202604281224,   2.184,   2.400,9999.000,9999.000,9999.000,9999.000,9999.000,9999.000,9999.000
202604281230,   2.279,   2.440,9999.000,9999.000,9999.000,9999.000,9999.000,9999.000,9999.000
202604281236,   2.374,   2.630,9999.000,9999.000,9999.000,9999.000,9999.000,9999.000,9999.000
202604281242,   2.469,   2.640,9999.000,9999.000,9999.000,9999.000,9999.000,9999.000,9999.000
202604281248,   2.564,   2.840,9999.000,9999.000,9999.000,9999.000,9999.000,9999.000,9999.000
202604281254,   2.658,   2.850,9999.000,9999.000,9999.000,9999.000,9999.000,9999.000,9999.000
202604281300,   2.750,   2.988,   0.300,  -0.062,   2.988,   0.300,   2.988,   0.400,   3.088
202604281306,   2.842,   3.040,9999.000,9999.000,9999.000,9999.000,9999.000,9999.000,9999.000
202604281312,   2.932,   3.240,9999.000,9999.000,9999.000,9999.000,9999.000,9999.000,9999.000
202604281318,   3.020,   3.217,9999.000,9999.000,9999.000,9999.000,9999.000,9999.000,9999.000
202604281324,   3.107,   3.358,9999.000,9999.000,9999.000,9999.000,9999.000,9999.000,9999.000
202604281330,   3.191,   3.417,9999.000,9999.000,9999.000,9999.000,9999.000,9999.000,9999.000
202604281336,   3.272,   3.519,9999.000,9999.000,9999.000,9999.000,9999.000,9999.000,9999.000
202604281342,   3.352,   3.470,9999.000,9999.000,9999.000,9999.000,9999.000,9999.000,9999.000
202604281348,   3.428,   3.689,9999.000,9999.000,9999.000,9999.000,9999.000,9999.000,9999.000
202604281354,   3.501,   3.558,9999.000,9999.000,9999.000,9999.000,9999.000,9999.000,9999.000
202604281400,   3.570,   3.870,   0.300,   0.000,   3.870,   0.300,   3.870,   0.300,   3.870
202604281406,   3.637,   3.798,9999.000,9999.000,9999.000,9999.000,9999.000,9999.000,9999.000
202604281412,   3.699,   3.978,9999.000,9999.000,9999.000,9999.000,9999.000,9999.000,9999.000
202604281418,   3.758,   3.949,9999.000,9999.000,9999.000,9999.000,9999.000,9999.000,9999.000
202604281424,   3.812,   4.037,9999.000,9999.000,9999.000,9999.000,9999.000,9999.000,9999.000
202604281430,   3.862,   4.080,9999.000,9999.000,9999.000,9999.000,9999.000,9999.000,9999.000
202604281436,   3.908,   4.119,9999.000,9999.000,9999.000,9999.000,9999.000,9999.000,9999.000
202604281442,   3.949,   4.168,9999.000,9999.000,9999.000,9999.000,9999.000,9999.000,9999.000
202604281448,   3.986,   4.218,9999.000,9999.000,9999.000,9999.000,9999.000,9999.000,9999.000
202604281454,   4.018,   4.159,9999.000,9999.000,9999.000,9999.000,9999.000,9999.000,9999.000
202604281500,   4.045,   4.280,   0.200,   0.035,   4.280,   0.200,   4.280,   0.300,   4.380
202604281506,   4.067,   4.208,9999.000,9999.000,9999.000,9999.000,9999.000,9999.000,9999.000
202604281512,   4.084,   4.480,9999.000,9999.000,9999.000,9999.000,9999.000,9999.000,9999.000
202604281518,   4.096,   4.227,9999.000,9999.000,9999.000,9999.000,9999.000,9999.000,9999.000
202604281524,   4.103,   4.437,9999.000,9999.000,9999.000,9999.000,9999.000,9999.000,9999.000
202604281530,   4.105,   4.188,9999.000,9999.000,9999.000,9999.000,9999.000,9999.000,9999.000
202604281536,   4.103,   4.437,9999.000,9999.000,9999.000,9999.000,9999.000,9999.000,9999.000
202604281542,   4.095,   4.247,9999.000,9999.000,9999.000,9999.000,9999.000,9999.000,9999.000
202604281548,   4.082,   4.388,9999.000,9999.000,9999.000,9999.000,9999.000,9999.000,9999.000
202604281554,   4.064,   4.329,9999.000,9999.000,9999.000,9999.000,9999.000,9999.000,9999.000
202604281600,   4.042,   4.198,   0.200,  -0.044,   4.198,   0.200,   4.198,   0.200,   4.198
202604281606,   4.014,   4.257,9999.000,9999.000,9999.000,9999.000,9999.000,9999.000,9999.000
202604281612,   3.983,   4.178,9999.000,9999.000,9999.000,9999.000,9999.000,9999.000,9999.000
202604281618,   3.946,   4.149,9999.000,9999.000,9999.000,9999.000,9999.000,9999.000,9999.000
202604281624,   3.905,   4.267,9999.000,9999.000,9999.000,9999.000,9999.000,9999.000,9999.000
202604281630,   3.860,   4.008,9999.000,9999.000,9999.000,9999.000,9999.000,9999.000,9999.000
202604281636,   3.811,   4.090,9999.000,9999.000,9999.000,9999.000,9999.000,9999.000,9999.000
202604281642,   3.757,   3.899,9999.000,9999.000,9999.000,9999.000,9999.000,9999.000,9999.000
202604281648,   3.700,   3.958,9999.000,9999.000,9999.000,9999.000,9999.000,9999.000,9999.000
202604281654,   3.638,   3.899,9999.000,9999.000,9999.000,9999.000,9999.000,9999.000,9999.000
202604281700,   3.574,   3.749,   0.300,  -0.125,   3.749,   0.200,   3.649,   0.300,   3.749
202604281706,   3.506,   3.808,9999.000,9999.000,9999.000,9999.000,9999.000,9999.000,9999.000
202604281712,   3.434,   3.650,9999.000,9999.000,9999.000,9999.000,9999.000,9999.000,9999.000
202604281718,   3.360,   3.650,9999.000,9999.000,9999.000,9999.000,9999.000,9999.000,9999.000
202604281724,   3.282,   3.548,9999.000,9999.000,9999.000,9999.000,9999.000,9999.000,9999.000
202604281730,   3.202,   3.509,9999.000,9999.000,9999.000,9999.000,9999.000,9999.000,9999.000
202604281736,   3.120,   3.358,9999.000,9999.000,9999.000,9999.000,9999.000,9999.000,9999.000
202604281742,   3.036,   3.289,9999.000,9999.000,9999.000,9999.000,9999.000,9999.000,9999.000
202604281748,   2.949,   3.178,9999.000,9999.000,9999.000,9999.000,9999.000,9999.000,9999.000
202604281754,   2.861,   3.060,9999.000,9999.000,9999.000,9999.000,9999.000,9999.000,9999.000
202604281800,   2.772,   2.929,   0.300,  -0.143,   2.929,   0.200,   2.829,   0.300,   2.929
202604281806,   2.681,   2.988,9999.000,9999.000,9999.000,9999.000,9999.000,9999.000,9999.000
202604281812,   2.589,   2.689,9999.000,9999.000,9999.000,9999.000,9999.000,9999.000,9999.000
202604281818,   2.497,   2.899,9999.000,9999.000,9999.000,9999.000,9999.000,9999.000,9999.000
202604281824,   2.405,   2.440,9999.000,9999.000,9999.000,9999.000,9999.000,9999.000,9999.000
202604281830,   2.312,   2.669,9999.000,9999.000,9999.000,9999.000,9999.000,9999.000,9999.000
202604281836,   2.220,   2.358,9999.000,9999.000,9999.000,9999.000,9999.000,9999.000,9999.000
202604281842,   2.128,   2.328,9999.000,9999.000,9999.000,9999.000,9999.000,9999.000,9999.000
202604281848,   2.037,   2.299,9999.000,9999.000,9999.000,9999.000,9999.000,9999.000,9999.000
202604281854,   1.947,   2.020,9999.000,9999.000,9999.000,9999.000,9999.000,9999.000,9999.000
202604281900,   1.859,   2.118,   0.200,   0.059,   2.118,   0.200,   2.118,   0.300,   2.218
202604281906,   1.772,   1.938,9999.000,9999.000,9999.000,9999.000,9999.000,9999.000,9999.000
202604281912,   1.687,   1.879,9999.000,9999.000,9999.000,9999.000,9999.000,9999.000,9999.000
202604281918,   1.605,   1.699,9999.000,9999.000,9999.000,9999.000,9999.000,9999.000,9999.000
202604281924,   1.524,   1.669,9999.000,9999.000,9999.000,9999.000,9999.000,9999.000,9999.000
202604281930,   1.447,   1.718,9999.000,9999.000,9999.000,9999.000,9999.000,9999.000,9999.000
202604281936,   1.372,   1.459,9999.000,9999.000,9999.000,9999.000,9999.000,9999.000,9999.000
202604281942,   1.300,   1.649,9999.000,9999.000,9999.000,9999.000,9999.000,9999.000,9999.000
202604281948,   1.231,   1.348,9999.000,9999.000,9999.000,9999.000,9999.000,9999.000,9999.000
202604281954,   1.166,   1.410,9999.000,9999.000,9999.000,9999.000,9999.000,9999.000,9999.000
202604282000,   1.105,   1.210,   0.300,  -0.195,   1.210,   0.200,   1.110,   0.300,   1.210
202604282006,   1.047,   1.239,9999.000,9999.000,9999.000,9999.000,9999.000,9999.000,9999.000
202604282012,   0.993,   1.161,9999.000,9999.000,9999.000,9999.000,9999.000,9999.000,9999.000
202604282018,   0.943,   1.200,9999.000,9999.000,9999.000,9999.000,9999.000,9999.000,9999.000
202604282024,   0.897,   1.138,9999.000,9999.000,9999.000,9999.000,9999.000,9999.000,9999.000
202604282030,   0.856,   1.088,9999.000,9999.000,9999.000,9999.000,9999.000,9999.000,9999.000
202604282036,   0.819,   1.029,9999.000,9999.000,9999.000,9999.000,9999.000,9999.000,9999.000
202604282042,   0.786,   1.059,9999.000,9999.000,9999.000,9999.000,9999.000,9999.000,9999.000
202604282048,   0.758,   1.020,9999.000,9999.000,9999.000,9999.000,9999.000,9999.000,9999.000
202604282054,   0.735,   0.951,9999.000,9999.000,9999.000,9999.000,9999.000,9999.000,9999.000
202604282100,   0.716,   1.010,   0.400,  -0.106,   1.010,   0.300,   0.910,   0.400,   1.010
202604282106,   0.702,   0.928,9999.000,9999.000,9999.000,9999.000,9999.000,9999.000,9999.000
202604282112,   0.693,   1.000,9999.000,9999.000,9999.000,9999.000,9999.000,9999.000,9999.000
202604282118,   0.689,   0.819,9999.000,9999.000,9999.000,9999.000,9999.000,9999.000,9999.000
202604282124,   0.690,   1.108,9999.000,9999.000,9999.000,9999.000,9999.000,9999.000,9999.000
202604282130,   0.697,   0.888,9999.000,9999.000,9999.000,9999.000,9999.000,9999.000,9999.000
202604282136,   0.708,   1.020,9999.000,9999.000,9999.000,9999.000,9999.000,9999.000,9999.000
202604282142,   0.724,   0.879,9999.000,9999.000,9999.000,9999.000,9999.000,9999.000,9999.000
202604282148,   0.746,   1.049,9999.000,9999.000,9999.000,9999.000,9999.000,9999.000,9999.000
202604282154,   0.772,   0.770,9999.000,9999.000,9999.000,9999.000,9999.000,9999.000,9999.000
202604282200,   0.804,   1.210,   0.300,   0.106,   1.210,   0.300,   1.210,   0.400,   1.310
202604282206,   0.841,   0.869,9999.000,9999.000,9999.000,9999.000,9999.000,9999.000,9999.000
202604282212,   0.883,   1.151,9999.000,9999.000,9999.000,9999.000,9999.000,9999.000,9999.000
202604282218,   0.930,   0.879,9999.000,9999.000,9999.000,9999.000,9999.000,9999.000,9999.000
202604282224,   0.983,   1.229,9999.000,9999.000,9999.000,9999.000,9999.000,9999.000,9999.000
202604282230,   1.040,   1.020,9999.000,9999.000,9999.000,9999.000,9999.000,9999.000,9999.000
202604282236,   1.101,   1.430,9999.000,9999.000,9999.000,9999.000,9999.000,9999.000,9999.000
202604282242,   1.168,   1.180,9999.000,9999.000,9999.000,9999.000,9999.000,9999.000,9999.000
202604282248,   1.239,   1.669,9999.000,9999.000,9999.000,9999.000,9999.000,9999.000,9999.000
202604282254,   1.315,   1.449,9999.000,9999.000,9999.000,9999.000,9999.000,9999.000,9999.000
202604282300,   1.394,   1.600,   0.300,  -0.094,   1.600,   0.200,   1.500,   0.300,   1.600
202604282306,   1.478,   1.849,9999.000,9999.000,9999.000,9999.000,9999.000,9999.000,9999.000
202604282312,   1.566,   1.571,9999.000,9999.000,9999.000,9999.000,9999.000,9999.000,9999.000
202604282318,   1.657,   1.967,9999.000,9999.000,9999.000,9999.000,9999.000,9999.000,9999.000
202604282324,   1.752,   1.981,9999.000,9999.000,9999.000,9999.000,9999.000,9999.000,9999.000
202604282330,   1.850,   1.958,9999.000,9999.000,9999.000,9999.000,9999.000,9999.000,9999.000
202604282336,   1.950,   2.279,9999.000,9999.000,9999.000,9999.000,9999.000,9999.000,9999.000
202604282342,   2.054,   2.191,9999.000,9999.000,9999.000,9999.000,9999.000,9999.000,9999.000
202604282348,   2.159,   2.450,9999.000,9999.000,9999.000,9999.000,9999.000,9999.000,9999.000
202604282354,   2.267,   2.299,9999.000,9999.000,9999.000,9999.000,9999.000,9999.000,9999.000
202604290000,   2.377,   2.528,   0.300,  -0.149,   2.528,   0.300,   2.528,   0.400,   2.628
202604290006,   2.488,   2.440,9999.000,9999.000,9999.000,9999.000,9999.000,9999.000,9999.000
202604290012,   2.600,   2.919,9999.000,9999.000,9999.000,9999.000,9999.000,9999.000,9999.000
202604290018,   2.713,   2.738,9999.000,9999.000,9999.000,9999.000,9999.000,9999.000,9999.000
202604290024,   2.827,   3.060,9999.000,9999.000,9999.000,9999.000,9999.000,9999.000,9999.000
202604290030,   2.942,   3.099,9999.000,9999.000,9999.000,9999.000,9999.000,9999.000,9999.000
202604290036,   3.056,   3.197,9999.000,9999.000,9999.000,9999.000,9999.000,9999.000,9999.000
202604290042,   3.171,   3.329,9999.000,9999.000,9999.000,9999.000,9999.000,9999.000,9999.000
202604290048,   3.285,   3.568,9999.000,9999.000,9999.000,9999.000,9999.000,9999.000,9999.000
202604290054,   3.398,   3.607,9999.000,9999.000,9999.000,9999.000,9999.000,9999.000,9999.000
202604290100,   3.510,   3.778,   0.400,  -0.132,   3.778,   0.300,   3.678,   0.400,   3.778
202604290106,   3.622,   3.880,9999.000,9999.000,9999.000,9999.000,9999.000,9999.000,9999.000
202604290112,   3.731,   4.027,9999.000,9999.000,9999.000,9999.000,9999.000,9999.000,9999.000
202604290118,   3.839,   3.958,9999.000,9999.000,9999.000,9999.000,9999.000,9999.000,9999.000
202604290124,   3.945,   4.139,9999.000,9999.000,9999.000,9999.000,9999.000,9999.000,9999.000
202604290130,   4.049,   4.090,9999.000,9999.000,9999.000,9999.000,9999.000,9999.000,9999.000
202604290136,   4.150,   4.359,9999.000,9999.000,9999.000,9999.000,9999.000,9999.000,9999.000
202604290142,   4.249,   4.188,9999.000,9999.000,9999.000,9999.000,9999.000,9999.000,9999.000
202604290148,   4.344,   4.578,9999.000,9999.000,9999.000,9999.000,9999.000,9999.000,9999.000
202604290154,   4.436,   4.480,9999.000,9999.000,9999.000,9999.000,9999.000,9999.000,9999.000
202604290200,   4.525,   4.719,   0.300,  -0.106,   4.719,   0.300,   4.719,   0.400,   4.819
202604290206,   4.610,   4.598,9999.000,9999.000,9999.000,9999.000,9999.000,9999.000,9999.000
202604290212,   4.692,   4.919,9999.000,9999.000,9999.000,9999.000,9999.000,9999.000,9999.000
202604290218,   4.769,   4.608,9999.000,9999.000,9999.000,9999.000,9999.000,9999.000,9999.000
202604290224,   4.841,   5.139,9999.000,9999.000,9999.000,9999.000,9999.000,9999.000,9999.000
202604290230,   4.909,   5.057,9999.000,9999.000,9999.000,9999.000,9999.000,9999.000,9999.000
202604290236,   4.972,   5.129,9999.000,9999.000,9999.000,9999.000,9999.000,9999.000,9999.000
202604290242,   5.031,   5.228,9999.000,9999.000,9999.000,9999.000,9999.000,9999.000,9999.000
202604290248,   5.084,   5.320,9999.000,9999.000,9999.000,9999.000,9999.000,9999.000,9999.000
202604290254,   5.132,   5.218,9999.000,9999.000,9999.000,9999.000,9999.000,9999.000,9999.000
202604290300,   5.174,   5.477,   0.300,   0.003,   5.477,   0.300,   5.477,   0.300,   5.477
202604290306,   5.211,   5.297,9999.000,9999.000,9999.000,9999.000,9999.000,9999.000,9999.000
202604290312,   5.242,   5.569,9999.000,9999.000,9999.000,9999.000,9999.000,9999.000,9999.000
202604290318,   5.267,   5.349,9999.000,9999.000,9999.000,9999.000,9999.000,9999.000,9999.000
202604290324,   5.286,   5.477,9999.000,9999.000,9999.000,9999.000,9999.000,9999.000,9999.000
202604290330,   5.299,   5.467,9999.000,9999.000,9999.000,9999.000,9999.000,9999.000,9999.000
202604290336,   5.306,   5.507,9999.000,9999.000,9999.000,9999.000,9999.000,9999.000,9999.000
202604290342,   5.307,   5.398,9999.000,9999.000,9999.000,9999.000,9999.000,9999.000,9999.000
202604290348,   5.302,   5.579,9999.000,9999.000,9999.000,9999.000,9999.000,9999.000,9999.000
202604290354,   5.291,   5.339,9999.000,9999.000,9999.000,9999.000,9999.000,9999.000,9999.000
202604290400,   5.274,   5.477,   0.300,  -0.097,   5.477,   0.300,   5.477,   0.400,   5.577
202604290406,   5.251,   5.457,9999.000,9999.000,9999.000,9999.000,9999.000,9999.000,9999.000
202604290412,   5.222,   5.516,9999.000,9999.000,9999.000,9999.000,9999.000,9999.000,9999.000
202604290418,   5.187,   5.349,9999.000,9999.000,9999.000,9999.000,9999.000,9999.000,9999.000
202604290424,   5.146,   5.497,9999.000,9999.000,9999.000,9999.000,9999.000,9999.000,9999.000
202604290430,   5.100,   5.097,9999.000,9999.000,9999.000,9999.000,9999.000,9999.000,9999.000
202604290436,   5.048,   5.329,9999.000,9999.000,9999.000,9999.000,9999.000,9999.000,9999.000
202604290442,   4.990,   5.087,9999.000,9999.000,9999.000,9999.000,9999.000,9999.000,9999.000
202604290448,   4.928,   5.339,9999.000,9999.000,9999.000,9999.000,9999.000,9999.000,9999.000
202604290454,   4.860,   5.097,9999.000,9999.000,9999.000,9999.000,9999.000,9999.000,9999.000
202604290500,   4.787,   4.949,   0.400,  -0.238,   4.949,   0.300,   4.849,   0.400,   4.949
202604290506,   4.709,   5.139,9999.000,9999.000,9999.000,9999.000,9999.000,9999.000,9999.000
202604290512,   4.627,   4.637,9999.000,9999.000,9999.000,9999.000,9999.000,9999.000,9999.000
202604290518,   4.540,   4.979,9999.000,9999.000,9999.000,9999.000,9999.000,9999.000,9999.000
202604290524,   4.449,   4.559,9999.000,9999.000,9999.000,9999.000,9999.000,9999.000,9999.000
202604290530,   4.354,   4.667,9999.000,9999.000,9999.000,9999.000,9999.000,9999.000,9999.000
202604290536,   4.255,   4.500,9999.000,9999.000,9999.000,9999.000,9999.000,9999.000,9999.000
202604290542,   4.153,   4.398,9999.000,9999.000,9999.000,9999.000,9999.000,9999.000,9999.000
202604290548,   4.047,   4.309,9999.000,9999.000,9999.000,9999.000,9999.000,9999.000,9999.000
202604290554,   3.938,   4.247,9999.000,9999.000,9999.000,9999.000,9999.000,9999.000,9999.000
202604290600,   3.826,   3.929,   0.300,  -0.197,   3.929,   0.300,   3.929,   0.300,   3.929
202604290606,   3.712,   4.017,9999.000,9999.000,9999.000,9999.000,9999.000,9999.000,9999.000
202604290612,   3.595,   3.758,9999.000,9999.000,9999.000,9999.000,9999.000,9999.000,9999.000
202604290618,   3.476,   3.680,9999.000,9999.000,9999.000,9999.000,9999.000,9999.000,9999.000
202604290624,   3.355,   3.660,9999.000,9999.000,9999.000,9999.000,9999.000,9999.000,9999.000
202604290630,   3.233,   3.378,9999.000,9999.000,9999.000,9999.000,9999.000,9999.000,9999.000
202604290636,   3.110,   3.368,9999.000,9999.000,9999.000,9999.000,9999.000,9999.000,9999.000
202604290642,   2.985,   3.060,9999.000,9999.000,9999.000,9999.000,9999.000,9999.000,9999.000
202604290648,   2.860,   3.040,9999.000,9999.000,9999.000,9999.000,9999.000,9999.000,9999.000
202604290654,   2.735,   2.899,9999.000,9999.000,9999.000,9999.000,9999.000,9999.000,9999.000
202604290700,   2.610,   2.787,   0.200,  -0.023,   2.787,   0.200,   2.787,   0.300,   2.887
202604290706,   2.485,   2.699,9999.000,9999.000,9999.000,9999.000,9999.000,9999.000,9999.000
202604290712,   2.361,   2.650,9999.000,9999.000,9999.000,9999.000,9999.000,9999.000,9999.000
202604290718,   2.238,   2.440,9999.000,9999.000,9999.000,9999.000,9999.000,9999.000,9999.000
202604290724,   2.116,   2.358,9999.000,9999.000,9999.000,9999.000,9999.000,9999.000,9999.000
202604290730,   1.995,   2.318,9999.000,9999.000,9999.000,9999.000,9999.000,9999.000,9999.000
202604290736,   1.876,   1.967,9999.000,9999.000,9999.000,9999.000,9999.000,9999.000,9999.000
202604290742,   1.760,   1.990,9999.000,9999.000,9999.000,9999.000,9999.000,9999.000,9999.000
202604290748,   1.645,   1.810,9999.000,9999.000,9999.000,9999.000,9999.000,9999.000,9999.000
202604290754,   1.533,   1.758,9999.000,9999.000,9999.000,9999.000,9999.000,9999.000,9999.000
202604290800,   1.424,   1.639,   0.300,  -0.085,   1.639,   0.300,   1.639,   0.400,   1.739
202604290806,   1.318,   1.580,9999.000,9999.000,9999.000,9999.000,9999.000,9999.000,9999.000
202604290812,   1.216,   1.348,9999.000,9999.000,9999.000,9999.000,9999.000,9999.000,9999.000
202604290818,   1.116,   1.289,9999.000,9999.000,9999.000,9999.000,9999.000,9999.000,9999.000
202604290824,   1.021,   1.190,9999.000,9999.000,9999.000,9999.000,9999.000,9999.000,9999.000
202604290830,   0.929,   0.970,9999.000,9999.000,9999.000,9999.000,9999.000,9999.000,9999.000
202604290836,   0.841,   1.229,9999.000,9999.000,9999.000,9999.000,9999.000,9999.000,9999.000
202604290842,   0.758,   0.898,9999.000,9999.000,9999.000,9999.000,9999.000,9999.000,9999.000
202604290848,   0.678,   0.928,9999.000,9999.000,9999.000,9999.000,9999.000,9999.000,9999.000
202604290854,   0.603,   0.898,9999.000,9999.000,9999.000,9999.000,9999.000,9999.000,9999.000
202604290900,   0.533,   0.600,   0.400,  -0.333,   0.600,   0.300,   0.500,   0.400,   0.600
202604290906,   0.467,   0.751,9999.000,9999.000,9999.000,9999.000,9999.000,9999.000,9999.000
202604290912,   0.407,   0.619,9999.000,9999.000,9999.000,9999.000,9999.000,9999.000,9999.000
202604290918,   0.351,   0.649,9999.000,9999.000,9999.000,9999.000,9999.000,9999.000,9999.000
202604290924,   0.300,   0.590,9999.000,9999.000,9999.000,9999.000,9999.000,9999.000,9999.000
202604290930,   0.254,   0.380,9999.000,9999.000,9999.000,9999.000,9999.000,9999.000,9999.000
202604290936,   0.214,   0.708,9999.000,9999.000,9999.000,9999.000,9999.000,9999.000,9999.000
202604290942,   0.179,   0.229,9999.000,9999.000,9999.000,9999.000,9999.000,9999.000,9999.000
202604290948,   0.149,   0.518,9999.000,9999.000,9999.000,9999.000,9999.000,9999.000,9999.000
202604290954,   0.124,   0.209,9999.000,9999.000,9999.000,9999.000,9999.000,9999.000,9999.000
202604291000,   0.106,   0.278,   0.300,  -0.128,   0.278,   0.300,   0.278,   0.400,   0.378
202604291006,   0.092,   0.360,9999.000,9999.000,9999.000,9999.000,9999.000,9999.000,9999.000
202604291012,   0.085,   0.288,9999.000,9999.000,9999.000,9999.000,9999.000,9999.000,9999.000
202604291018,   0.083,   0.390,9999.000,9999.000,9999.000,9999.000,9999.000,9999.000,9999.000
202604291024,   0.086,   0.380,9999.000,9999.000,9999.000,9999.000,9999.000,9999.000,9999.000
202604291030,   0.095,   0.390,9999.000,9999.000,9999.000,9999.000,9999.000,9999.000,9999.000
202604291036,   0.110,   0.370,9999.000,9999.000,9999.000,9999.000,9999.000,9999.000,9999.000
202604291042,   0.130,   0.409,9999.000,9999.000,9999.000,9999.000,9999.000,9999.000,9999.000
202604291048,   0.155,   0.360,9999.000,9999.000,9999.000,9999.000,9999.000,9999.000,9999.000
202604291054,   0.186,   0.639,9999.000,9999.000,9999.000,9999.000,9999.000,9999.000,9999.000
202604291100,   0.223,   0.488,   0.300,  -0.035,   0.488,   0.200,   0.388,   0.300,   0.488
202604291106,   0.264,   0.629,9999.000,9999.000,9999.000,9999.000,9999.000,9999.000,9999.000
202604291112,   0.310,   0.570,9999.000,9999.000,9999.000,9999.000,9999.000,9999.000,9999.000
202604291118,   0.362,   0.718,9999.000,9999.000,9999.000,9999.000,9999.000,9999.000,9999.000
202604291124,   0.418,   0.580,9999.000,9999.000,9999.000,9999.000,9999.000,9999.000,9999.000
202604291130,   0.478,   0.770,9999.000,9999.000,9999.000,9999.000,9999.000,9999.000,9999.000
202604291136,   0.543,   0.708,9999.000,9999.000,9999.000,9999.000,9999.000,9999.000,9999.000
202604291142,   0.612,   0.760,9999.000,9999.000,9999.000,9999.000,9999.000,9999.000,9999.000
202604291148,   0.685,   0.928,9999.000,9999.000,9999.000,9999.000,9999.000,9999.000,9999.000
202604291154,   0.761,   0.869,9999.000,9999.000,9999.000,9999.000,9999.000,9999.000,9999.000
202604291200,   0.841,   1.069,   0.300,  -0.072,   1.069,   0.300,   1.069,   0.400,   1.169
202604291206,   0.924,   1.098,9999.000,9999.000,9999.000,9999.000,9999.000,9999.000,9999.000
202604291212,   1.010,   1.088,9999.000,9999.000,9999.000,9999.000,9999.000,9999.000,9999.000
202604291218,   1.098,   1.390,9999.000,9999.000,9999.000,9999.000,9999.000,9999.000,9999.000
202604291224,   1.189,   1.289,9999.000,9999.000,9999.000,9999.000,9999.000,9999.000,9999.000
202604291230,   1.282,   1.557,9999.000,9999.000,9999.000,9999.000,9999.000,9999.000,9999.000
202604291236,   1.376,   1.659,9999.000,9999.000,9999.000,9999.000,9999.000,9999.000,9999.000
202604291242,   1.472,   1.767,9999.000,9999.000,9999.000,9999.000,9999.000,9999.000,9999.000
202604291248,   1.570,   1.708,9999.000,9999.000,9999.000,9999.000,9999.000,9999.000,9999.000
202604291254,   1.668,   2.030,9999.000,9999.000,9999.000,9999.000,9999.000,9999.000,9999.000
202604291300,   1.768,   1.889,   0.400,  -0.279,   1.889,   0.300,   1.789,   0.400,   1.889
202604291306,   1.867,   2.200,9999.000,9999.000,9999.000,9999.000,9999.000,9999.000,9999.000
202604291312,   1.967,   2.269,9999.000,9999.000,9999.000,9999.000,9999.000,9999.000,9999.000
202604291318,   2.067,   2.377,9999.000,9999.000,9999.000,9999.000,9999.000,9999.000,9999.000
202604291324,   2.167,   2.377,9999.000,9999.000,9999.000,9999.000,9999.000,9999.000,9999.000
202604291330,   2.266,   2.587,9999.000,9999.000,9999.000,9999.000,9999.000,9999.000,9999.000
202604291336,   2.364,   2.630,9999.000,9999.000,9999.000,9999.000,9999.000,9999.000,9999.000
202604291342,   2.461,   2.748,9999.000,9999.000,9999.000,9999.000,9999.000,9999.000,9999.000
202604291348,   2.557,   2.820,9999.000,9999.000,9999.000,9999.000,9999.000,9999.000,9999.000
202604291354,   2.652,   2.820,9999.000,9999.000,9999.000,9999.000,9999.000,9999.000,9999.000
202604291400,   2.745,   3.060,   0.300,   0.015,   3.060,   0.300,   3.060,   0.400,   3.160
202604291406,   2.836,   2.988,9999.000,9999.000,9999.000,9999.000,9999.000,9999.000,9999.000
202604291412,   2.925,   3.358,9999.000,9999.000,9999.000,9999.000,9999.000,9999.000,9999.000
202604291418,   3.011,   3.240,9999.000,9999.000,9999.000,9999.000,9999.000,9999.000,9999.000
202604291424,   3.095,   3.398,9999.000,9999.000,9999.000,9999.000,9999.000,9999.000,9999.000
202604291430,   3.175,   3.460,9999.000,9999.000,9999.000,9999.000,9999.000,9999.000,9999.000
202604291436,   3.253,   3.460,9999.000,9999.000,9999.000,9999.000,9999.000,9999.000,9999.000
202604291442,   3.328,   3.660,9999.000,9999.000,9999.000,9999.000,9999.000,9999.000,9999.000
202604291448,   3.399,   3.719,9999.000,9999.000,9999.000,9999.000,9999.000,9999.000,9999.000
202604291454,   3.466,   3.880,9999.000,9999.000,9999.000,9999.000,9999.000,9999.000,9999.000
202604291500,   3.529,   3.788,   0.300,  -0.041,   3.788,   0.200,   3.688,   0.300,   3.788
202604291506,   3.589,   3.909,9999.000,9999.000,9999.000,9999.000,9999.000,9999.000,9999.000
202604291512,   3.644,   3.880,9999.000,9999.000,9999.000,9999.000,9999.000,9999.000,9999.000
202604291518,   3.694,   3.988,9999.000,9999.000,9999.000,9999.000,9999.000,9999.000,9999.000
202604291524,   3.740,   3.958,9999.000,9999.000,9999.000,9999.000,9999.000,9999.000,9999.000
202604291530,   3.782,   4.099,9999.000,9999.000,9999.000,9999.000,9999.000,9999.000,9999.000
202604291536,   3.818,   3.949,9999.000,9999.000,9999.000,9999.000,9999.000,9999.000,9999.000
202604291542,   3.850,   4.099,9999.000,9999.000,9999.000,9999.000,9999.000,9999.000,9999.000
202604291548,   3.877,   4.047,9999.000,9999.000,9999.000,9999.000,9999.000,9999.000,9999.000
202604291554,   3.898,   4.149,9999.000,9999.000,9999.000,9999.000,9999.000,9999.000,9999.000
202604291600,   3.915,   4.057,   0.300,  -0.158,   4.057,   0.300,   4.057,   0.300,   4.057
202604291606,   3.927,   4.159,9999.000,9999.000,9999.000,9999.000,9999.000,9999.000,9999.000
202604291612,   3.933,   3.939,9999.000,9999.000,9999.000,9999.000,9999.000,9999.000,9999.000
202604291618,   3.935,   4.227,9999.000,9999.000,9999.000,9999.000,9999.000,9999.000,9999.000
202604291624,   3.931,   4.198,9999.000,9999.000,9999.000,9999.000,9999.000,9999.000,9999.000
202604291630,   3.923,   4.188,9999.000,9999.000,9999.000,9999.000,9999.000,9999.000,9999.000
202604291636,   3.910,   4.280,9999.000,9999.000,9999.000,9999.000,9999.000,9999.000,9999.000
202604291642,   3.892,   4.188,9999.000,9999.000,9999.000,9999.000,9999.000,9999.000,9999.000
202604291648,   3.869,   4.149,9999.000,9999.000,9999.000,9999.000,9999.000,9999.000,9999.000
202604291654,   3.842,   4.159,9999.000,9999.000,9999.000,9999.000,9999.000,9999.000,9999.000
202604291700,   3.810,   4.168,   0.300,   0.058,   4.168,   0.300,   4.168,   0.400,   4.268
202604291706,   3.774,   4.027,9999.000,9999.000,9999.000,9999.000,9999.000,9999.000,9999.000
202604291712,   3.734,   4.159,9999.000,9999.000,9999.000,9999.000,9999.000,9999.000,9999.000
202604291718,   3.690,   3.939,9999.000,9999.000,9999.000,9999.000,9999.000,9999.000,9999.000
202604291724,   3.642,   3.968,9999.000,9999.000,9999.000,9999.000,9999.000,9999.000,9999.000
202604291730,   3.590,   3.827,9999.000,9999.000,9999.000,9999.000,9999.000,9999.000,9999.000
202604291736,   3.535,   3.870,9999.000,9999.000,9999.000,9999.000,9999.000,9999.000,9999.000
202604291742,   3.477,   3.670,9999.000,9999.000,9999.000,9999.000,9999.000,9999.000,9999.000
202604291748,   3.415,   3.607,9999.000,9999.000,9999.000,9999.000,9999.000,9999.000,9999.000
202604291754,   3.351,   3.548,9999.000,9999.000,9999.000,9999.000,9999.000,9999.000,9999.000
202604291800,   3.284,   3.598,   0.300,   0.014,   3.598,   0.300,   3.598,   0.400,   3.698
202604291806,   3.214,   3.460,9999.000,9999.000,9999.000,9999.000,9999.000,9999.000,9999.000
202604291812,   3.143,   3.460,9999.000,9999.000,9999.000,9999.000,9999.000,9999.000,9999.000
202604291818,   3.069,   3.299,9999.000,9999.000,9999.000,9999.000,9999.000,9999.000,9999.000
202604291824,   2.994,   3.197,9999.000,9999.000,9999.000,9999.000,9999.000,9999.000,9999.000
202604291830,   2.917,   3.138,9999.000,9999.000,9999.000,9999.000,9999.000,9999.000,9999.000
202604291836,   2.839,   3.178,9999.000,9999.000,9999.000,9999.000,9999.000,9999.000,9999.000
202604291842,   2.759,   3.099,9999.000,9999.000,9999.000,9999.000,9999.000,9999.000,9999.000
202604291848,   2.679,   2.958,9999.000,9999.000,9999.000,9999.000,9999.000,9999.000,9999.000
202604291854,   2.599,   2.978,9999.000,9999.000,9999.000,9999.000,9999.000,9999.000,9999.000
202604291900,   2.518,   2.830,   0.300,   0.012,   2.830,   0.300,   2.830,   0.400,   2.930
202604291906,   2.437,   2.669,9999.000,9999.000,9999.000,9999.000,9999.000,9999.000,9999.000
202604291912,   2.356,   2.689,9999.000,9999.000,9999.000,9999.000,9999.000,9999.000,9999.000
202604291918,   2.276,   2.587,9999.000,9999.000,9999.000,9999.000,9999.000,9999.000,9999.000
202604291924,   2.197,   2.479,9999.000,9999.000,9999.000,9999.000,9999.000,9999.000,9999.000
202604291930,   2.118,   2.338,9999.000,9999.000,9999.000,9999.000,9999.000,9999.000,9999.000
202604291936,   2.041,   2.368,9999.000,9999.000,9999.000,9999.000,9999.000,9999.000,9999.000
202604291942,   1.965,   2.240,9999.000,9999.000,9999.000,9999.000,9999.000,9999.000,9999.000
202604291948,   1.892,   2.158,9999.000,9999.000,9999.000,9999.000,9999.000,9999.000,9999.000
202604291954,   1.820,   2.250,9999.000,9999.000,9999.000,9999.000,9999.000,9999.000,9999.000
202604292000,   1.750,   1.820,   0.400,  -0.330,   1.820,   0.300,   1.720,   0.400,   1.820
202604292006,   1.683,   2.040,9999.000,9999.000,9999.000,9999.000,9999.000,9999.000,9999.000
202604292012,   1.619,   1.800,9999.000,9999.000,9999.000,9999.000,9999.000,9999.000,9999.000
202604292018,   1.558,   1.928,9999.000,9999.000,9999.000,9999.000,9999.000,9999.000,9999.000
202604292024,   1.499,   1.781,9999.000,9999.000,9999.000,9999.000,9999.000,9999.000,9999.000
202604292030,   1.444,   1.810,9999.000,9999.000,9999.000,9999.000,9999.000,9999.000,9999.000
202604292036,   1.393,   1.557,9999.000,9999.000,9999.000,9999.000,9999.000,9999.000,9999.000
202604292042,   1.345,   1.610,9999.000,9999.000,9999.000,9999.000,9999.000,9999.000,9999.000
202604292048,   1.301,   1.489,9999.000,9999.000,9999.000,9999.000,9999.000,9999.000,9999.000
202604292054,   1.260,   1.669,9999.000,9999.000,9999.000,9999.000,9999.000,9999.000,9999.000
202604292100,   1.224,   1.449,   0.400,  -0.175,   1.449,   0.400,   1.449,   0.400,   1.449
202604292106,   1.192,   1.580,9999.000,9999.000,9999.000,9999.000,9999.000,9999.000,9999.000
202604292112,   1.164,   1.361,9999.000,9999.000,9999.000,9999.000,9999.000,9999.000,9999.000
202604292118,   1.140,   1.390,9999.000,9999.000,9999.000,9999.000,9999.000,9999.000,9999.000
202604292124,   1.121,   1.449,9999.000,9999.000,9999.000,9999.000,9999.000,9999.000,9999.000
202604292130,   1.106,   1.289,9999.000,9999.000,9999.000,9999.000,9999.000,9999.000,9999.000
202604292136,   1.096,   1.371,9999.000,9999.000,9999.000,9999.000,9999.000,9999.000,9999.000
202604292142,   1.091,   1.420,9999.000,9999.000,9999.000,9999.000,9999.000,9999.000,9999.000
202604292148,   1.090,   1.269,9999.000,9999.000,9999.000,9999.000,9999.000,9999.000,9999.000
202604292154,   1.094,   1.289,9999.000,9999.000,9999.000,9999.000,9999.000,9999.000,9999.000
202604292200,   1.102,   1.269,   0.400,  -0.233,   1.269,   0.300,   1.169,   0.500,   1.369
202604292206,   1.116,   1.580,9999.000,9999.000,9999.000,9999.000,9999.000,9999.000,9999.000
202604292212,   1.134,   1.200,9999.000,9999.000,9999.000,9999.000,9999.000,9999.000,9999.000
202604292218,   1.157,   1.498,9999.000,9999.000,9999.000,9999.000,9999.000,9999.000,9999.000
202604292224,   1.185,   1.289,9999.000,9999.000,9999.000,9999.000,9999.000,9999.000,9999.000
202604292230,   1.218,   1.538,9999.000,9999.000,9999.000,9999.000,9999.000,9999.000,9999.000
202604292236,   1.255,   1.669,9999.000,9999.000,9999.000,9999.000,9999.000,9999.000,9999.000
202604292242,   1.297,   1.528,9999.000,9999.000,9999.000,9999.000,9999.000,9999.000,9999.000
202604292248,   1.344,   1.689,9999.000,9999.000,9999.000,9999.000,9999.000,9999.000,9999.000
202604292254,   1.396,   1.639,9999.000,9999.000,9999.000,9999.000,9999.000,9999.000,9999.000
202604292300,   1.452,   1.820,   0.400,  -0.032,   1.820,   0.400,   1.820,   0.400,   1.820
202604292306,   1.513,   1.748,9999.000,9999.000,9999.000,9999.000,9999.000,9999.000,9999.000
202604292312,   1.579,   1.908,9999.000,9999.000,9999.000,9999.000,9999.000,9999.000,9999.000
202604292318,   1.648,   1.889,9999.000,9999.000,9999.000,9999.000,9999.000,9999.000,9999.000
202604292324,   1.722,   2.089,9999.000,9999.000,9999.000,9999.000,9999.000,9999.000,9999.000
202604292330,   1.799,   2.000,9999.000,9999.000,9999.000,9999.000,9999.000,9999.000,9999.000
202604292336,   1.881,   2.099,9999.000,9999.000,9999.000,9999.000,9999.000,9999.000,9999.000
202604292342,   1.966,   2.259,9999.000,9999.000,9999.000,9999.000,9999.000,9999.000,9999.000
202604292348,   2.054,   2.269,9999.000,9999.000,9999.000,9999.000,9999.000,9999.000,9999.000
202604292354,   2.146,   2.440,9999.000,9999.000,9999.000,9999.000,9999.000,9999.000,9999.000
202604300000,   2.240,   2.328,   0.500,  -0.412,   2.328,   0.400,   2.228,   0.500,   2.328
202604300006,   2.338,   2.679,9999.000,9999.000,9999.000,9999.000,9999.000,9999.000,9999.000
202604300012,   2.438,   2.568,9999.000,9999.000,9999.000,9999.000,9999.000,9999.000,9999.000
202604300018,   2.540,   2.830,9999.000,9999.000,9999.000,9999.000,9999.000,9999.000,9999.000
202604300024,   2.644,   3.089,9999.000,9999.000,9999.000,9999.000,9999.000,9999.000,9999.000
202604300030,   2.749,   2.748,9999.000,9999.000,9999.000,9999.000,9999.000,9999.000,9999.000
202604300036,   2.856,   3.260,9999.000,9999.000,9999.000,9999.000,9999.000,9999.000,9999.000
202604300042,   2.964,   2.997,9999.000,9999.000,9999.000,9999.000,9999.000,9999.000,9999.000
202604300048,   3.073,   3.499,9999.000,9999.000,9999.000,9999.000,9999.000,9999.000,9999.000
202604300054,   3.183,   3.329,9999.000,9999.000,9999.000,9999.000,9999.000,9999.000,9999.000
202604300100,   3.293,   3.548,   0.500,  -0.245,   3.548,   0.400,   3.448,   0.500,   3.548
202604300106,   3.403,   3.729,9999.000,9999.000,9999.000,9999.000,9999.000,9999.000,9999.000
202604300112,   3.512,   3.689,9999.000,9999.000,9999.000,9999.000,9999.000,9999.000,9999.000
202604300118,   3.621,   3.939,9999.000,9999.000,9999.000,9999.000,9999.000,9999.000,9999.000
202604300124,   3.730,   3.958,9999.000,9999.000,9999.000,9999.000,9999.000,9999.000,9999.000
202604300130,   3.837,   4.017,9999.000,9999.000,9999.000,9999.000,9999.000,9999.000,9999.000
202604300136,   3.943,   4.159,9999.000,9999.000,9999.000,9999.000,9999.000,9999.000,9999.000
202604300142,   4.047,   4.309,9999.000,9999.000,9999.000,9999.000,9999.000,9999.000,9999.000
202604300148,   4.150,   4.398,9999.000,9999.000,9999.000,9999.000,9999.000,9999.000,9999.000
202604300154,   4.250,   4.549,9999.000,9999.000,9999.000,9999.000,9999.000,9999.000,9999.000
202604300200,   4.349,   4.637,   0.500,  -0.212,   4.637,   0.400,   4.537,   0.500,   4.637
202604300206,   4.444,   4.710,9999.000,9999.000,9999.000,9999.000,9999.000,9999.000,9999.000
202604300212,   4.537,   4.637,9999.000,9999.000,9999.000,9999.000,9999.000,9999.000,9999.000
202604300218,   4.627,   4.979,9999.000,9999.000,9999.000,9999.000,9999.000,9999.000,9999.000
202604300224,   4.714,   4.910,9999.000,9999.000,9999.000,9999.000,9999.000,9999.000,9999.000
202604300230,   4.798,   5.297,9999.000,9999.000,9999.000,9999.000,9999.000,9999.000,9999.000
202604300236,   4.877,   4.969,9999.000,9999.000,9999.000,9999.000,9999.000,9999.000,9999.000
202604300242,   4.953,   5.398,9999.000,9999.000,9999.000,9999.000,9999.000,9999.000,9999.000
202604300248,   5.025,   5.077,9999.000,9999.000,9999.000,9999.000,9999.000,9999.000,9999.000
202604300254,   5.092,   5.418,9999.000,9999.000,9999.000,9999.000,9999.000,9999.000,9999.000
202604300300,   5.155,   5.320,   0.400,  -0.235,   5.320,   0.400,   5.320,   0.400,   5.320
202604300306,   5.213,   5.608,9999.000,9999.000,9999.000,9999.000,9999.000,9999.000,9999.000
202604300312,   5.266,   5.448,9999.000,9999.000,9999.000,9999.000,9999.000,9999.000,9999.000
202604300318,   5.314,   5.539,9999.000,9999.000,9999.000,9999.000,9999.000,9999.000,9999.000
202604300324,   5.357,   5.648,9999.000,9999.000,9999.000,9999.000,9999.000,9999.000,9999.000
202604300330,   5.394,   5.618,9999.000,9999.000,9999.000,9999.000,9999.000,9999.000,9999.000
202604300336,   5.425,   5.657,9999.000,9999.000,9999.000,9999.000,9999.000,9999.000,9999.000
202604300342,   5.451,   5.759,9999.000,9999.000,9999.000,9999.000,9999.000,9999.000,9999.000
202604300348,   5.471,   5.608,9999.000,9999.000,9999.000,9999.000,9999.000,9999.000,9999.000
202604300354,   5.485,   5.759,9999.000,9999.000,9999.000,9999.000,9999.000,9999.000,9999.000
202604300400,   5.493,   5.808,   0.400,  -0.085,   5.808,   0.400,   5.808,   0.500,   5.908
202604300406,   5.494,   5.749,9999.000,9999.000,9999.000,9999.000,9999.000,9999.000,9999.000
202604300412,   5.490,   5.917,9999.000,9999.000,9999.000,9999.000,9999.000,9999.000,9999.000
202604300418,   5.479,   5.539,9999.000,9999.000,9999.000,9999.000,9999.000,9999.000,9999.000
202604300424,   5.462,   5.789,9999.000,9999.000,9999.000,9999.000,9999.000,9999.000,9999.000
202604300430,   5.439,   5.677,9999.000,9999.000,9999.000,9999.000,9999.000,9999.000,9999.000
202604300436,   5.409,   5.648,9999.000,9999.000,9999.000,9999.000,9999.000,9999.000,9999.000
202604300442,   5.374,   5.707,9999.000,9999.000,9999.000,9999.000,9999.000,9999.000,9999.000
202604300448,   5.332,   5.648,9999.000,9999.000,9999.000,9999.000,9999.000,9999.000,9999.000
202604300454,   5.284,   5.408,9999.000,9999.000,9999.000,9999.000,9999.000,9999.000,9999.000
202604300500,   5.231,   5.539,   0.500,  -0.192,   5.539,   0.400,   5.439,   0.500,   5.539
202604300506,   5.172,   5.418,9999.000,9999.000,9999.000,9999.000,9999.000,9999.000,9999.000
202604300512,   5.107,   5.339,9999.000,9999.000,9999.000,9999.000,9999.000,9999.000,9999.000
202604300518,   5.037,   5.307,9999.000,9999.000,9999.000,9999.000,9999.000,9999.000,9999.000
202604300524,   4.962,   5.320,9999.000,9999.000,9999.000,9999.000,9999.000,9999.000,9999.000
202604300530,   4.882,   5.047,9999.000,9999.000,9999.000,9999.000,9999.000,9999.000,9999.000
202604300536,   4.797,   5.188,9999.000,9999.000,9999.000,9999.000,9999.000,9999.000,9999.000
202604300542,   4.707,   4.969,9999.000,9999.000,9999.000,9999.000,9999.000,9999.000,9999.000
202604300548,   4.613,   5.077,9999.000,9999.000,9999.000,9999.000,9999.000,9999.000,9999.000
202604300554,   4.514,   4.677,9999.000,9999.000,9999.000,9999.000,9999.000,9999.000,9999.000
202604300600,   4.412,   4.739,   0.400,  -0.073,   4.739,   0.400,   4.739,   0.500,   4.839
202604300606,   4.306,   4.667,9999.000,9999.000,9999.000,9999.000,9999.000,9999.000,9999.000
202604300612,   4.196,   4.588,9999.000,9999.000,9999.000,9999.000,9999.000,9999.000,9999.000
202604300618,   4.083,   4.519,9999.000,9999.000,9999.000,9999.000,9999.000,9999.000,9999.000
202604300624,   3.967,   4.247,9999.000,9999.000,9999.000,9999.000,9999.000,9999.000,9999.000
202604300630,   3.848,   4.168,9999.000,9999.000,9999.000,9999.000,9999.000,9999.000,9999.000
202604300636,   3.726,   3.939,9999.000,9999.000,9999.000,9999.000,9999.000,9999.000,9999.000
202604300642,   3.602,   3.909,9999.000,9999.000,9999.000,9999.000,9999.000,9999.000,9999.000
202604300648,   3.477,   3.729,9999.000,9999.000,9999.000,9999.000,9999.000,9999.000,9999.000
202604300654,   3.349,   3.719,9999.000,9999.000,9999.000,9999.000,9999.000,9999.000,9999.000
202604300700,   3.220,   3.388,   0.400,  -0.232,   3.388,   0.400,   3.388,   0.400,   3.388
202604300706,   3.090,   3.480,9999.000,9999.000,9999.000,9999.000,9999.000,9999.000,9999.000
202604300712,   2.958,   3.089,9999.000,9999.000,9999.000,9999.000,9999.000,9999.000,9999.000
202604300718,   2.826,   3.207,9999.000,9999.000,9999.000,9999.000,9999.000,9999.000,9999.000
202604300724,   2.694,   3.017,9999.000,9999.000,9999.000,9999.000,9999.000,9999.000,9999.000
202604300730,   2.562,   2.948,9999.000,9999.000,9999.000,9999.000,9999.000,9999.000,9999.000
202604300736,   2.429,   2.748,9999.000,9999.000,9999.000,9999.000,9999.000,9999.000,9999.000
202604300742,   2.298,   2.709,9999.000,9999.000,9999.000,9999.000,9999.000,9999.000,9999.000
202604300748,   2.167,   2.528,9999.000,9999.000,9999.000,9999.000,9999.000,9999.000,9999.000
202604300754,   2.037,   2.410,9999.000,9999.000,9999.000,9999.000,9999.000,9999.000,9999.000
202604300800,   1.909,   2.318,   0.500,  -0.091,   2.318,   0.400,   2.218,   0.500,   2.318
202604300806,   1.782,   2.240,9999.000,9999.000,9999.000,9999.000,9999.000,9999.000,9999.000
202604300812,   1.657,   1.810,9999.000,9999.000,9999.000,9999.000,9999.000,9999.000,9999.000
202604300818,   1.534,   1.967,9999.000,9999.000,9999.000,9999.000,9999.000,9999.000,9999.000
202604300824,   1.414,   1.708,9999.000,9999.000,9999.000,9999.000,9999.000,9999.000,9999.000
202604300830,   1.296,   1.738,9999.000,9999.000,9999.000,9999.000,9999.000,9999.000,9999.000
202604300836,   1.182,   1.459,9999.000,9999.000,9999.000,9999.000,9999.000,9999.000,9999.000
202604300842,   1.071,   1.361,9999.000,9999.000,9999.000,9999.000,9999.000,9999.000,9999.000
202604300848,   0.963,   1.279,9999.000,9999.000,9999.000,9999.000,9999.000,9999.000,9999.000
202604300854,   0.859,   1.108,9999.000,9999.000,9999.000,9999.000,9999.000,9999.000,9999.000
202604300900,   0.758,   1.098,   0.500,  -0.160,   1.098,   0.500,   1.098,   0.600,   1.198
202604300906,   0.662,   0.928,9999.000,9999.000,9999.000,9999.000,9999.000,9999.000,9999.000
202604300912,   0.570,   0.908,9999.000,9999.000,9999.000,9999.000,9999.000,9999.000,9999.000
202604300918,   0.482,   0.718,9999.000,9999.000,9999.000,9999.000,9999.000,9999.000,9999.000
202604300924,   0.399,   0.780,9999.000,9999.000,9999.000,9999.000,9999.000,9999.000,9999.000
202604300930,   0.321,   0.629,9999.000,9999.000,9999.000,9999.000,9999.000,9999.000,9999.000
202604300936,   0.248,   0.678,9999.000,9999.000,9999.000,9999.000,9999.000,9999.000,9999.000
202604300942,   0.179,   0.508,9999.000,9999.000,9999.000,9999.000,9999.000,9999.000,9999.000
202604300948,   0.116,   0.590,9999.000,9999.000,9999.000,9999.000,9999.000,9999.000,9999.000
202604300954,   0.058,   0.249,9999.000,9999.000,9999.000,9999.000,9999.000,9999.000,9999.000
202604301000,   0.005,   0.380,   0.500,  -0.125,   0.380,   0.400,   0.280,   0.500,   0.380
202604301006,  -0.042,   0.350,9999.000,9999.000,9999.000,9999.000,9999.000,9999.000,9999.000
202604301012,  -0.084,   0.278,9999.000,9999.000,9999.000,9999.000,9999.000,9999.000,9999.000
202604301018,  -0.121,   0.239,9999.000,9999.000,9999.000,9999.000,9999.000,9999.000,9999.000
202604301024,  -0.152,   0.239,9999.000,9999.000,9999.000,9999.000,9999.000,9999.000,9999.000
202604301030,  -0.177,   0.268,9999.000,9999.000,9999.000,9999.000,9999.000,9999.000,9999.000
202604301036,  -0.197,   0.141,9999.000,9999.000,9999.000,9999.000,9999.000,9999.000,9999.000
202604301042,  -0.211,   0.170,9999.000,9999.000,9999.000,9999.000,9999.000,9999.000,9999.000
202604301048,  -0.220,   0.200,9999.000,9999.000,9999.000,9999.000,9999.000,9999.000,9999.000
202604301054,  -0.222,   0.141,9999.000,9999.000,9999.000,9999.000,9999.000,9999.000,9999.000
202604301100,  -0.219,   0.068,   0.400,  -0.113,   0.068,   0.400,   0.068,   0.400,   0.068
202604301106,  -0.211,   0.150,9999.000,9999.000,9999.000,9999.000,9999.000,9999.000,9999.000
202604301112,  -0.197,   0.121,9999.000,9999.000,9999.000,9999.000,9999.000,9999.000,9999.000
202604301118,  -0.177,   0.278,9999.000,9999.000,9999.000,9999.000,9999.000,9999.000,9999.000
202604301124,  -0.152,   0.131,9999.000,9999.000,9999.000,9999.000,9999.000,9999.000,9999.000
202604301130,  -0.121,   0.341,9999.000,9999.000,9999.000,9999.000,9999.000,9999.000,9999.000
202604301136,  -0.086,   0.239,9999.000,9999.000,9999.000,9999.000,9999.000,9999.000,9999.000
202604301142,  -0.045,   0.409,9999.000,9999.000,9999.000,9999.000,9999.000,9999.000,9999.000
202604301148,   0.001,   0.400,9999.000,9999.000,9999.000,9999.000,9999.000,9999.000,9999.000
202604301154,   0.052,   0.560,9999.000,9999.000,9999.000,9999.000,9999.000,9999.000,9999.000
202604301200,   0.107,   0.390,   0.400,  -0.117,   0.390,   0.400,   0.390,   0.500,   0.490
202604301206,   0.167,   0.560,9999.000,9999.000,9999.000,9999.000,9999.000,9999.000,9999.000
202604301212,   0.232,   0.518,9999.000,9999.000,9999.000,9999.000,9999.000,9999.000,9999.000
202604301218,   0.301,   0.688,9999.000,9999.000,9999.000,9999.000,9999.000,9999.000,9999.000
202604301224,   0.374,   0.619,9999.000,9999.000,9999.000,9999.000,9999.000,9999.000,9999.000
202604301230,   0.450,   0.760,9999.000,9999.000,9999.000,9999.000,9999.000,9999.000,9999.000
202604301236,   0.530,   0.961,9999.000,9999.000,9999.000,9999.000,9999.000,9999.000,9999.000
202604301242,   0.613,   0.800,9999.000,9999.000,9999.000,9999.000,9999.000,9999.000,9999.000
202604301248,   0.699,   1.059,9999.000,9999.000,9999.000,9999.000,9999.000,9999.000,9999.000
202604301254,   0.788,   1.039,9999.000,9999.000,9999.000,9999.000,9999.000,9999.000,9999.000
202604301300,   0.879,   1.229,   0.500,  -0.150,   1.229,   0.400,   1.129,   0.500,   1.229
202604301306,   0.972,   1.249,9999.000,9999.000,9999.000,9999.000,9999.000,9999.000,9999.000
202604301312,   1.068,   1.439,9999.000,9999.000,9999.000,9999.000,9999.000,9999.000,9999.000
202604301318,   1.164,   1.439,9999.000,9999.000,9999.000,9999.000,9999.000,9999.000,9999.000
202604301324,   1.263,   1.571,9999.000,9999.000,9999.000,9999.000,9999.000,9999.000,9999.000
202604301330,   1.362,   1.849,9999.000,9999.000,9999.000,9999.000,9999.000,9999.000,9999.000
202604301336,   1.462,   1.899,9999.000,9999.000,9999.000,9999.000,9999.000,9999.000,9999.000
202604301342,   1.563,   1.948,9999.000,9999.000,9999.000,9999.000,9999.000,9999.000,9999.000
202604301348,   1.664,   2.109,9999.000,9999.000,9999.000,9999.000,9999.000,9999.000,9999.000
202604301354,   1.766,   2.118,9999.000,9999.000,9999.000,9999.000,9999.000,9999.000,9999.000
202604301400,   1.867,   2.279,   0.400,   0.012,   2.279,   0.400,   2.279,   0.400,   2.279
202604301406,   1.968,   2.269,9999.000,9999.000,9999.000,9999.000,9999.000,9999.000,9999.000
202604301412,   2.068,   2.479,9999.000,9999.000,9999.000,9999.000,9999.000,9999.000,9999.000
202604301418,   2.167,   2.358,9999.000,9999.000,9999.000,9999.000,9999.000,9999.000,9999.000
202604301424,   2.265,   2.679,9999.000,9999.000,9999.000,9999.000,9999.000,9999.000,9999.000
202604301430,   2.362,   2.578,9999.000,9999.000,9999.000,9999.000,9999.000,9999.000,9999.000
202604301436,   2.457,   2.860,9999.000,9999.000,9999.000,9999.000,9999.000,9999.000,9999.000
202604301442,   2.551,   2.840,9999.000,9999.000,9999.000,9999.000,9999.000,9999.000,9999.000
202604301448,   2.642,   3.040,9999.000,9999.000,9999.000,9999.000,9999.000,9999.000,9999.000
202604301454,   2.732,   2.997,9999.000,9999.000,9999.000,9999.000,9999.000,9999.000,9999.000
202604301500,   2.818,   3.240,   0.400,   0.022,   3.240,   0.400,   3.240,   0.400,   3.240
202604301506,   2.902,   3.207,9999.000,9999.000,9999.000,9999.000,9999.000,9999.000,9999.000
202604301512,   2.984,   3.398,9999.000,9999.000,9999.000,9999.000,9999.000,9999.000,9999.000
202604301518,   3.062,   3.417,9999.000,9999.000,9999.000,9999.000,9999.000,9999.000,9999.000
202604301524,   3.136,   3.427,9999.000,9999.000,9999.000,9999.000,9999.000,9999.000,9999.000
202604301530,   3.208,   3.539,9999.000,9999.000,9999.000,9999.000,9999.000,9999.000,9999.000
202604301536,   3.275,   3.689,9999.000,9999.000,9999.000,9999.000,9999.000,9999.000,9999.000
202604301542,   3.339,   3.650,9999.000,9999.000,9999.000,9999.000,9999.000,9999.000,9999.000
202604301548,   3.398,   3.899,9999.000,9999.000,9999.000,9999.000,9999.000,9999.000,9999.000
202604301554,   3.453,   3.729,9999.000,9999.000,9999.000,9999.000,9999.000,9999.000,9999.000
202604301600,   3.504,   3.890,   0.400,  -0.014,   3.890,   0.400,   3.890,   0.400,   3.890
202604301606,   3.551,   3.860,9999.000,9999.000,9999.000,9999.000,9999.000,9999.000,9999.000
202604301612,   3.592,   4.080,9999.000,9999.000,9999.000,9999.000,9999.000,9999.000,9999.000
202604301618,   3.630,   3.939,9999.000,9999.000,9999.000,9999.000,9999.000,9999.000,9999.000
202604301624,   3.662,   4.109,9999.000,9999.000,9999.000,9999.000,9999.000,9999.000,9999.000
202604301630,   3.689,   4.027,9999.000,9999.000,9999.000,9999.000,9999.000,9999.000,9999.000
202604301636,   3.712,   4.080,9999.000,9999.000,9999.000,9999.000,9999.000,9999.000,9999.000
202604301642,   3.729,   4.119,9999.000,9999.000,9999.000,9999.000,9999.000,9999.000,9999.000
202604301648,   3.742,   4.099,9999.000,9999.000,9999.000,9999.000,9999.000,9999.000,9999.000
202604301654,   3.750,   4.188,9999.000,9999.000,9999.000,9999.000,9999.000,9999.000,9999.000
202604301700,   3.753,   4.090,   0.500,  -0.163,   4.090,   0.400,   3.990,   0.500,   4.090
202604301706,   3.751,   4.099,9999.000,9999.000,9999.000,9999.000,9999.000,9999.000,9999.000
202604301712,   3.744,   4.047,9999.000,9999.000,9999.000,9999.000,9999.000,9999.000,9999.000
202604301718,   3.733,   4.149,9999.000,9999.000,9999.000,9999.000,9999.000,9999.000,9999.000
202604301724,   3.717,   4.129,9999.000,9999.000,9999.000,9999.000,9999.000,9999.000,9999.000
202604301730,   3.698,   4.090,9999.000,9999.000,9999.000,9999.000,9999.000,9999.000,9999.000
202604301736,   3.673,   3.978,9999.000,9999.000,9999.000,9999.000,9999.000,9999.000,9999.000
202604301742,   3.645,   4.027,9999.000,9999.000,9999.000,9999.000,9999.000,9999.000,9999.000
202604301748,   3.613,   4.017,9999.000,9999.000,9999.000,9999.000,9999.000,9999.000,9999.000
202604301754,   3.577,   4.080,9999.000,9999.000,9999.000,9999.000,9999.000,9999.000,9999.000
202604301800,   3.538,   3.899,   0.300,   0.061,   3.899,   0.300,   3.899,   0.400,   3.999
202604301806,   3.496,   4.017,9999.000,9999.000,9999.000,9999.000,9999.000,9999.000,9999.000
202604301812,   3.450,   3.758,9999.000,9999.000,9999.000,9999.000,9999.000,9999.000,9999.000
202604301818,   3.401,   3.929,9999.000,9999.000,9999.000,9999.000,9999.000,9999.000,9999.000
202604301824,   3.350,   3.729,9999.000,9999.000,9999.000,9999.000,9999.000,9999.000,9999.000
202604301830,   3.296,   3.860,9999.000,9999.000,9999.000,9999.000,9999.000,9999.000,9999.000
202604301836,   3.239,   3.548,9999.000,9999.000,9999.000,9999.000,9999.000,9999.000,9999.000
202604301842,   3.181,   3.749,9999.000,9999.000,9999.000,9999.000,9999.000,9999.000,9999.000
202604301848,   3.120,   3.358,9999.000,9999.000,9999.000,9999.000,9999.000,9999.000,9999.000
202604301854,   3.058,   3.607,9999.000,9999.000,9999.000,9999.000,9999.000,9999.000,9999.000
202604301900,   2.995,   3.388,   0.300,   0.093,   3.388,   0.300,   3.388,   0.300,   3.388
202604301906,   2.930,   3.378,9999.000,9999.000,9999.000,9999.000,9999.000,9999.000,9999.000
202604301912,   2.864,   3.217,9999.000,9999.000,9999.000,9999.000,9999.000,9999.000,9999.000
202604301918,   2.797,   3.197,9999.000,9999.000,9999.000,9999.000,9999.000,9999.000,9999.000
202604301924,   2.729,   3.089,9999.000,9999.000,9999.000,9999.000,9999.000,9999.000,9999.000
202604301930,   2.661,   3.119,9999.000,9999.000,9999.000,9999.000,9999.000,9999.000,9999.000
202604301936,   2.593,   3.040,9999.000,9999.000,9999.000,9999.000,9999.000,9999.000,9999.000
202604301942,   2.525,   2.938,9999.000,9999.000,9999.000,9999.000,9999.000,9999.000,9999.000
202604301948,   2.457,   2.889,9999.000,9999.000,9999.000,9999.000,9999.000,9999.000,9999.000
202604301954,   2.390,   2.738,9999.000,9999.000,9999.000,9999.000,9999.000,9999.000,9999.000
202604302000,   2.323,   2.830,   0.400,   0.107,   2.830,   0.300,   2.730,   0.400,   2.830
202604302006,   2.258,   2.630,9999.000,9999.000,9999.000,9999.000,9999.000,9999.000,9999.000
202604302012,   2.193,   2.597,9999.000,9999.000,9999.000,9999.000,9999.000,9999.000,9999.000
202604302018,   2.130,   2.548,9999.000,9999.000,9999.000,9999.000,9999.000,9999.000,9999.000
202604302024,   2.069,   2.489,9999.000,9999.000,9999.000,9999.000,9999.000,9999.000,9999.000
202604302030,   2.010,   2.348,9999.000,9999.000,9999.000,9999.000,9999.000,9999.000,9999.000
202604302036,   1.952,   2.377,9999.000,9999.000,9999.000,9999.000,9999.000,9999.000,9999.000
202604302042,   1.897,   2.289,9999.000,9999.000,9999.000,9999.000,9999.000,9999.000,9999.000
202604302048,   1.845,   2.299,9999.000,9999.000,9999.000,9999.000,9999.000,9999.000,9999.000
202604302054,   1.795,   2.138,9999.000,9999.000,9999.000,9999.000,9999.000,9999.000,9999.000
202604302100,   1.749,   2.128,   0.400,  -0.021,   2.128,   0.400,   2.128,   0.400,   2.128
202604302106,   1.705,   2.000,9999.000,9999.000,9999.000,9999.000,9999.000,9999.000,9999.000
202604302112,   1.665,   2.089,9999.000,9999.000,9999.000,9999.000,9999.000,9999.000,9999.000
202604302118,   1.628,   2.010,9999.000,9999.000,9999.000,9999.000,9999.000,9999.000,9999.000
202604302124,   1.595,   2.010,9999.000,9999.000,9999.000,9999.000,9999.000,9999.000,9999.000
202604302130,   1.565,   1.840,9999.000,9999.000,9999.000,9999.000,9999.000,9999.000,9999.000
202604302136,   1.540,   1.918,9999.000,9999.000,9999.000,9999.000,9999.000,9999.000,9999.000
202604302142,   1.518,   1.990,9999.000,9999.000,9999.000,9999.000,9999.000,9999.000,9999.000
202604302148,   1.501,   1.918,9999.000,9999.000,9999.000,9999.000,9999.000,9999.000,9999.000
202604302154,   1.487,   1.820,9999.000,9999.000,9999.000,9999.000,9999.000,9999.000,9999.000
202604302200,   1.478,   1.928,   0.400,   0.050,   1.928,   0.400,   1.928,   0.500,   2.028
202604302206,   1.473,   1.859,9999.000,9999.000,9999.000,9999.000,9999.000,9999.000,9999.000
202604302212,   1.472,   1.899,9999.000,9999.000,9999.000,9999.000,9999.000,9999.000,9999.000
202604302218,   1.476,   1.859,9999.000,9999.000,9999.000,9999.000,9999.000,9999.000,9999.000
202604302224,   1.485,   1.790,9999.000,9999.000,9999.000,9999.000,9999.000,9999.000,9999.000
202604302230,   1.497,   1.899,9999.000,9999.000,9999.000,9999.000,9999.000,9999.000,9999.000
202604302236,   1.514,   1.899,9999.000,9999.000,9999.000,9999.000,9999.000,9999.000,9999.000
202604302242,   1.536,   1.879,9999.000,9999.000,9999.000,9999.000,9999.000,9999.000,9999.000
202604302248,   1.562,   1.879,9999.000,9999.000,9999.000,9999.000,9999.000,9999.000,9999.000
202604302254,   1.592,   2.089,9999.000,9999.000,9999.000,9999.000,9999.000,9999.000,9999.000
202604302300,   1.627,   2.040,   0.300,   0.113,   2.040,   0.300,   2.040,   0.400,   2.140
202604302306,   1.666,   2.010,9999.000,9999.000,9999.000,9999.000,9999.000,9999.000,9999.000
202604302312,   1.709,   2.079,9999.000,9999.000,9999.000,9999.000,9999.000,9999.000,9999.000
202604302318,   1.757,   2.109,9999.000,9999.000,9999.000,9999.000,9999.000,9999.000,9999.000
202604302324,   1.809,   2.158,9999.000,9999.000,9999.000,9999.000,9999.000,9999.000,9999.000
202604302330,   1.864,   2.348,9999.000,9999.000,9999.000,9999.000,9999.000,9999.000,9999.000
202604302336,   1.924,   2.269,9999.000,9999.000,9999.000,9999.000,9999.000,9999.000,9999.000
202604302342,   1.988,   2.410,9999.000,9999.000,9999.000,9999.000,9999.000,9999.000,9999.000
202604302348,   2.056,   2.489,9999.000,9999.000,9999.000,9999.000,9999.000,9999.000,9999.000
202604302354,   2.127,   2.499,9999.000,9999.000,9999.000,9999.000,9999.000,9999.000,9999.000
202605010000,   2.201,   2.630,   0.400,   0.029,   2.630,   0.400,   2.630,   0.400,   2.630
202605010006,   2.280,   2.738,9999.000,9999.000,9999.000,9999.000,9999.000,9999.000,9999.000
202605010012,   2.361,   2.709,9999.000,9999.000,9999.000,9999.000,9999.000,9999.000,9999.000
202605010018,   2.445,   2.830,9999.000,9999.000,9999.000,9999.000,9999.000,9999.000,9999.000
202605010024,   2.532,   2.807,9999.000,9999.000,9999.000,9999.000,9999.000,9999.000,9999.000
202605010030,   2.622,   2.869,9999.000,9999.000,9999.000,9999.000,9999.000,9999.000,9999.000
202605010036,   2.715,   3.119,9999.000,9999.000,9999.000,9999.000,9999.000,9999.000,9999.000
202605010042,   2.809,   3.079,9999.000,9999.000,9999.000,9999.000,9999.000,9999.000,9999.000
202605010048,   2.905,   3.138,9999.000,9999.000,9999.000,9999.000,9999.000,9999.000,9999.000
202605010054,   3.004,   3.358,9999.000,9999.000,9999.000,9999.000,9999.000,9999.000,9999.000
202605010100,   3.103,   3.250,   0.500,  -0.353,   3.250,   0.400,   3.150,   0.500,   3.250
202605010106,   3.204,   3.539,9999.000,9999.000,9999.000,9999.000,9999.000,9999.000,9999.000
202605010112,   3.306,   3.650,9999.000,9999.000,9999.000,9999.000,9999.000,9999.000,9999.000
202605010118,   3.408,   3.719,9999.000,9999.000,9999.000,9999.000,9999.000,9999.000,9999.000
202605010124,   3.511,   3.847,9999.000,9999.000,9999.000,9999.000,9999.000,9999.000,9999.000
202605010130,   3.614,   3.939,9999.000,9999.000,9999.000,9999.000,9999.000,9999.000,9999.000
202605010136,   3.717,   4.099,9999.000,9999.000,9999.000,9999.000,9999.000,9999.000,9999.000
202605010142,   3.820,   4.218,9999.000,9999.000,9999.000,9999.000,9999.000,9999.000,9999.000
202605010148,   3.922,   4.319,9999.000,9999.000,9999.000,9999.000,9999.000,9999.000,9999.000
202605010154,   4.023,   4.349,9999.000,9999.000,9999.000,9999.000,9999.000,9999.000,9999.000
202605010200,   4.123,   4.490,   0.400,  -0.033,   4.490,   0.400,   4.490,   0.400,   4.490
202605010206,   4.222,   4.549,9999.000,9999.000,9999.000,9999.000,9999.000,9999.000,9999.000
202605010212,   4.319,   4.710,9999.000,9999.000,9999.000,9999.000,9999.000,9999.000,9999.000
202605010218,   4.414,   4.739,9999.000,9999.000,9999.000,9999.000,9999.000,9999.000,9999.000
202605010224,   4.507,   4.857,9999.000,9999.000,9999.000,9999.000,9999.000,9999.000,9999.000
202605010230,   4.598,   4.900,9999.000,9999.000,9999.000,9999.000,9999.000,9999.000,9999.000
202605010236,   4.686,   4.847,9999.000,9999.000,9999.000,9999.000,9999.000,9999.000,9999.000
202605010242,   4.771,   5.077,9999.000,9999.000,9999.000,9999.000,9999.000,9999.000,9999.000
202605010248,   4.853,   5.159,9999.000,9999.000,9999.000,9999.000,9999.000,9999.000,9999.000
202605010254,   4.932,   5.297,9999.000,9999.000,9999.000,9999.000,9999.000,9999.000,9999.000
202605010300,   5.008,   5.238,   0.300,  -0.070,   5.238,   0.300,   5.238,   0.300,   5.238
202605010306,   5.080,   5.389,9999.000,9999.000,9999.000,9999.000,9999.000,9999.000,9999.000
202605010312,   5.148,   5.428,9999.000,9999.000,9999.000,9999.000,9999.000,9999.000,9999.000
202605010318,   5.212,   5.497,9999.000,9999.000,9999.000,9999.000,9999.000,9999.000,9999.000
202605010324,   5.272,   5.638,9999.000,9999.000,9999.000,9999.000,9999.000,9999.000,9999.000
202605010330,   5.327,   5.667,9999.000,9999.000,9999.000,9999.000,9999.000,9999.000,9999.000
202605010336,   5.378,   5.569,9999.000,9999.000,9999.000,9999.000,9999.000,9999.000,9999.000
202605010342,   5.423,   5.759,9999.000,9999.000,9999.000,9999.000,9999.000,9999.000,9999.000
202605010348,   5.464,   5.730,9999.000,9999.000,9999.000,9999.000,9999.000,9999.000,9999.000
202605010354,   5.500,   5.887,9999.000,9999.000,9999.000,9999.000,9999.000,9999.000,9999.000
202605010400,   5.530,   5.858,   0.400,  -0.072,   5.858,   0.300,   5.758,   0.400,   5.858
202605010406,   5.554,   5.808,9999.000,9999.000,9999.000,9999.000,9999.000,9999.000,9999.000
202605010412,   5.573,   5.858,9999.000,9999.000,9999.000,9999.000,9999.000,9999.000,9999.000
202605010418,   5.587,   5.897,9999.000,9999.000,9999.000,9999.000,9999.000,9999.000,9999.000
202605010424,   5.594,   5.887,9999.000,9999.000,9999.000,9999.000,9999.000,9999.000,9999.000
202605010430,   5.596,   6.008,9999.000,9999.000,9999.000,9999.000,9999.000,9999.000,9999.000
202605010436,   5.591,   5.877,9999.000,9999.000,9999.000,9999.000,9999.000,9999.000,9999.000
202605010442,   5.580,   5.897,9999.000,9999.000,9999.000,9999.000,9999.000,9999.000,9999.000
202605010448,   5.564,   5.907,9999.000,9999.000,9999.000,9999.000,9999.000,9999.000,9999.000
202605010454,   5.541,   5.828,9999.000,9999.000,9999.000,9999.000,9999.000,9999.000,9999.000
202605010500,   5.512,   5.867,   0.400,  -0.045,   5.867,   0.400,   5.867,   0.500,   5.967
202605010506,   5.477,   5.877,9999.000,9999.000,9999.000,9999.000,9999.000,9999.000,9999.000
202605010512,   5.436,   5.749,9999.000,9999.000,9999.000,9999.000,9999.000,9999.000,9999.000
202605010518,   5.389,   5.739,9999.000,9999.000,9999.000,9999.000,9999.000,9999.000,9999.000
202605010524,   5.336,   5.677,9999.000,9999.000,9999.000,9999.000,9999.000,9999.000,9999.000
202605010530,   5.277,   5.628,9999.000,9999.000,9999.000,9999.000,9999.000,9999.000,9999.000
202605010536,   5.213,   5.638,9999.000,9999.000,9999.000,9999.000,9999.000,9999.000,9999.000
202605010542,   5.143,   5.398,9999.000,9999.000,9999.000,9999.000,9999.000,9999.000,9999.000
202605010548,   5.069,   5.418,9999.000,9999.000,9999.000,9999.000,9999.000,9999.000,9999.000
202605010554,   4.989,   5.257,9999.000,9999.000,9999.000,9999.000,9999.000,9999.000,9999.000
202605010600,   4.904,   5.320,   0.300,   0.116,   5.320,   0.300,   5.320,   0.300,   5.320
202605010606,   4.814,   5.169,9999.000,9999.000,9999.000,9999.000,9999.000,9999.000,9999.000
202605010612,   4.720,   5.159,9999.000,9999.000,9999.000,9999.000,9999.000,9999.000,9999.000
202605010618,   4.622,   4.988,9999.000,9999.000,9999.000,9999.000,9999.000,9999.000,9999.000
202605010624,   4.519,   4.798,9999.000,9999.000,9999.000,9999.000,9999.000,9999.000,9999.000
202605010630,   4.413,   4.769,9999.000,9999.000,9999.000,9999.000,9999.000,9999.000,9999.000
202605010636,   4.303,   4.677,9999.000,9999.000,9999.000,9999.000,9999.000,9999.000,9999.000
202605010642,   4.189,   4.549,9999.000,9999.000,9999.000,9999.000,9999.000,9999.000,9999.000
202605010648,   4.073,   4.457,9999.000,9999.000,9999.000,9999.000,9999.000,9999.000,9999.000
202605010654,   3.954,   4.329,9999.000,9999.000,9999.000,9999.000,9999.000,9999.000,9999.000
202605010700,   3.832,   4.237,   0.200,   0.205,   4.237,   0.200,   4.237,   0.300,   4.337
202605010706,   3.707,   4.119,9999.000,9999.000,9999.000,9999.000,9999.000,9999.000,9999.000
202605010712,   3.581,   3.968,9999.000,9999.000,9999.000,9999.000,9999.000,9999.000,9999.000
202605010718,   3.452,   3.788,9999.000,9999.000,9999.000,9999.000,9999.000,9999.000,9999.000
202605010724,   3.322,   3.699,9999.000,9999.000,9999.000,9999.000,9999.000,9999.000,9999.000
202605010730,   3.191,   3.460,9999.000,9999.000,9999.000,9999.000,9999.000,9999.000,9999.000
202605010736,   3.058,   3.489,9999.000,9999.000,9999.000,9999.000,9999.000,9999.000,9999.000
202605010742,   2.924,   3.260,9999.000,9999.000,9999.000,9999.000,9999.000,9999.000,9999.000
202605010748,   2.790,   3.158,9999.000,9999.000,9999.000,9999.000,9999.000,9999.000,9999.000
202605010754,   2.655,   3.040,9999.000,9999.000,9999.000,9999.000,9999.000,9999.000,9999.000
202605010800,   2.520,   2.778,   0.400,  -0.142,   2.778,   0.300,   2.678,   0.400,   2.778
202605010806,   2.385,   2.699,9999.000,9999.000,9999.000,9999.000,9999.000,9999.000,9999.000
202605010812,   2.251,   2.578,9999.000,9999.000,9999.000,9999.000,9999.000,9999.000,9999.000
202605010818,   2.117,   2.469,9999.000,9999.000,9999.000,9999.000,9999.000,9999.000,9999.000
202605010824,   1.985,   2.318,9999.000,9999.000,9999.000,9999.000,9999.000,9999.000,9999.000
202605010830,   1.853,   2.191,9999.000,9999.000,9999.000,9999.000,9999.000,9999.000,9999.000
202605010836,   1.723,   2.109,9999.000,9999.000,9999.000,9999.000,9999.000,9999.000,9999.000
202605010842,   1.595,   1.767,9999.000,9999.000,9999.000,9999.000,9999.000,9999.000,9999.000
202605010848,   1.469,   1.869,9999.000,9999.000,9999.000,9999.000,9999.000,9999.000,9999.000
202605010854,   1.345,   1.620,9999.000,9999.000,9999.000,9999.000,9999.000,9999.000,9999.000
202605010900,   1.223,   1.580,   0.400,  -0.043,   1.580,   0.300,   1.480,   0.400,   1.580
202605010906,   1.105,   1.459,9999.000,9999.000,9999.000,9999.000,9999.000,9999.000,9999.000
202605010912,   0.990,   1.338,9999.000,9999.000,9999.000,9999.000,9999.000,9999.000,9999.000
202605010918,   0.878,   1.259,9999.000,9999.000,9999.000,9999.000,9999.000,9999.000,9999.000
202605010924,   0.769,   1.151,9999.000,9999.000,9999.000,9999.000,9999.000,9999.000,9999.000
202605010930,   0.665,   1.039,9999.000,9999.000,9999.000,9999.000,9999.000,9999.000,9999.000
202605010936,   0.564,   0.961,9999.000,9999.000,9999.000,9999.000,9999.000,9999.000,9999.000
202605010942,   0.468,   0.669,9999.000,9999.000,9999.000,9999.000,9999.000,9999.000,9999.000
202605010948,   0.376,   0.790,9999.000,9999.000,9999.000,9999.000,9999.000,9999.000,9999.000
202605010954,   0.288,   0.508,9999.000,9999.000,9999.000,9999.000,9999.000,9999.000,9999.000
202605011000,   0.206,   0.508,   0.300,   0.002,   0.508,   0.300,   0.508,   0.300,   0.508
202605011006,   0.128,   0.459,9999.000,9999.000,9999.000,9999.000,9999.000,9999.000,9999.000
202605011012,   0.055,   0.341,9999.000,9999.000,9999.000,9999.000,9999.000,9999.000,9999.000
202605011018,  -0.011,   0.321,9999.000,9999.000,9999.000,9999.000,9999.000,9999.000,9999.000
202605011024,  -0.074,   0.121,9999.000,9999.000,9999.000,9999.000,9999.000,9999.000,9999.000
202605011030,  -0.131,   0.150,9999.000,9999.000,9999.000,9999.000,9999.000,9999.000,9999.000
202605011036,  -0.182,   0.131,9999.000,9999.000,9999.000,9999.000,9999.000,9999.000,9999.000
202605011042,  -0.229,   0.098,9999.000,9999.000,9999.000,9999.000,9999.000,9999.000,9999.000
202605011048,  -0.269,   0.019,9999.000,9999.000,9999.000,9999.000,9999.000,9999.000,9999.000
202605011054,  -0.304,   0.009,9999.000,9999.000,9999.000,9999.000,9999.000,9999.000,9999.000
202605011100,  -0.334,  -0.068,   0.300,  -0.034,  -0.068,   0.200,  -0.168,   0.300,  -0.068
202605011106,  -0.358,  -0.009,9999.000,9999.000,9999.000,9999.000,9999.000,9999.000,9999.000
202605011112,  -0.377,  -0.049,9999.000,9999.000,9999.000,9999.000,9999.000,9999.000,9999.000
202605011118,  -0.390,  -0.039,9999.000,9999.000,9999.000,9999.000,9999.000,9999.000,9999.000
202605011124,  -0.397,  -0.131,9999.000,9999.000,9999.000,9999.000,9999.000,9999.000,9999.000
202605011130,  -0.399,  -0.088,9999.000,9999.000,9999.000,9999.000,9999.000,9999.000,9999.000
202605011136,  -0.395,  -0.078,9999.000,9999.000,9999.000,9999.000,9999.000,9999.000,9999.000
202605011142,  -0.386,  -0.019,9999.000,9999.000,9999.000,9999.000,9999.000,9999.000,9999.000
202605011148,  -0.371,  -0.059,9999.000,9999.000,9999.000,9999.000,9999.000,9999.000,9999.000
202605011154,  -0.352,  -0.068,9999.000,9999.000,9999.000,9999.000,9999.000,9999.000,9999.000
202605011200,  -0.326,  -0.049,   0.300,  -0.023,  -0.049,   0.200,  -0.149,   0.300,  -0.049
202605011206,  -0.296,  -0.009,9999.000,9999.000,9999.000,9999.000,9999.000,9999.000,9999.000
202605011212,  -0.261,   0.029,9999.000,9999.000,9999.000,9999.000,9999.000,9999.000,9999.000
202605011218,  -0.220,   0.068,9999.000,9999.000,9999.000,9999.000,9999.000,9999.000,9999.000
202605011224,  -0.175,   0.141,9999.000,9999.000,9999.000,9999.000,9999.000,9999.000,9999.000
202605011230,  -0.125,   0.131,9999.000,9999.000,9999.000,9999.000,9999.000,9999.000,9999.000
202605011236,  -0.071,   0.239,9999.000,9999.000,9999.000,9999.000,9999.000,9999.000,9999.000
202605011242,  -0.012,   0.170,9999.000,9999.000,9999.000,9999.000,9999.000,9999.000,9999.000
202605011248,   0.050,   0.321,9999.000,9999.000,9999.000,9999.000,9999.000,9999.000,9999.000
202605011254,   0.118,   0.341,9999.000,9999.000,9999.000,9999.000,9999.000,9999.000,9999.000
202605011300,   0.189,   0.570,   0.300,   0.081,   0.570,   0.200,   0.470,   0.300,   0.570
202605011306,   0.263,   0.429,9999.000,9999.000,9999.000,9999.000,9999.000,9999.000,9999.000
202605011312,   0.341,   0.678,9999.000,9999.000,9999.000,9999.000,9999.000,9999.000,9999.000
202605011318,   0.423,   0.619,9999.000,9999.000,9999.000,9999.000,9999.000,9999.000,9999.000
202605011324,   0.507,   0.819,9999.000,9999.000,9999.000,9999.000,9999.000,9999.000,9999.000
202605011330,   0.594,   0.810,9999.000,9999.000,9999.000,9999.000,9999.000,9999.000,9999.000
202605011336,   0.683,   0.859,9999.000,9999.000,9999.000,9999.000,9999.000,9999.000,9999.000
202605011342,   0.775,   1.079,9999.000,9999.000,9999.000,9999.000,9999.000,9999.000,9999.000
202605011348,   0.869,   0.970,9999.000,9999.000,9999.000,9999.000,9999.000,9999.000,9999.000
202605011354,   0.964,   1.249,9999.000,9999.000,9999.000,9999.000,9999.000,9999.000,9999.000
202605011400,   1.061,   1.249,   0.200,  -0.012,   1.249,   0.200,   1.249,   0.300,   1.349
202605011406,   1.158,   1.380,9999.000,9999.000,9999.000,9999.000,9999.000,9999.000,9999.000
202605011412,   1.257,   1.498,9999.000,9999.000,9999.000,9999.000,9999.000,9999.000,9999.000
202605011418,   1.357,   1.459,9999.000,9999.000,9999.000,9999.000,9999.000,9999.000,9999.000
202605011424,   1.457,   1.718,9999.000,9999.000,9999.000,9999.000,9999.000,9999.000,9999.000
202605011430,   1.557,   1.708,9999.000,9999.000,9999.000,9999.000,9999.000,9999.000,9999.000
202605011436,   1.656,   1.967,9999.000,9999.000,9999.000,9999.000,9999.000,9999.000,9999.000
202605011442,   1.756,   1.849,9999.000,9999.000,9999.000,9999.000,9999.000,9999.000,9999.000
202605011448,   1.855,   2.191,9999.000,9999.000,9999.000,9999.000,9999.000,9999.000,9999.000
202605011454,   1.953,   2.059,9999.000,9999.000,9999.000,9999.000,9999.000,9999.000,9999.000
202605011500,   2.050,   2.358,   0.200,   0.108,   2.358,   0.200,   2.358,   0.200,   2.358
202605011506,   2.146,   2.269,9999.000,9999.000,9999.000,9999.000,9999.000,9999.000,9999.000
202605011512,   2.240,   2.469,9999.000,9999.000,9999.000,9999.000,9999.000,9999.000,9999.000
202605011518,   2.333,   2.568,9999.000,9999.000,9999.000,9999.000,9999.000,9999.000,9999.000
202605011524,   2.424,   2.630,9999.000,9999.000,9999.000,9999.000,9999.000,9999.000,9999.000
202605011530,   2.512,   2.728,9999.000,9999.000,9999.000,9999.000,9999.000,9999.000,9999.000
202605011536,   2.598,   2.850,9999.000,9999.000,9999.000,9999.000,9999.000,9999.000,9999.000
202605011542,   2.682,   2.909,9999.000,9999.000,9999.000,9999.000,9999.000,9999.000,9999.000
202605011548,   2.763,   3.030,9999.000,9999.000,9999.000,9999.000,9999.000,9999.000,9999.000
202605011554,   2.841,   2.997,9999.000,9999.000,9999.000,9999.000,9999.000,9999.000,9999.000
202605011600,   2.915,   3.188,   0.200,   0.073,   3.188,   0.200,   3.188,   0.300,   3.288
202605011606,   2.987,   3.207,9999.000,9999.000,9999.000,9999.000,9999.000,9999.000,9999.000
202605011612,   3.054,   3.407,9999.000,9999.000,9999.000,9999.000,9999.000,9999.000,9999.000
202605011618,   3.119,   3.368,9999.000,9999.000,9999.000,9999.000,9999.000,9999.000,9999.000
202605011624,   3.179,   3.509,9999.000,9999.000,9999.000,9999.000,9999.000,9999.000,9999.000
202605011630,   3.235,   3.499,9999.000,9999.000,9999.000,9999.000,9999.000,9999.000,9999.000
202605011636,   3.287,   3.607,9999.000,9999.000,9999.000,9999.000,9999.000,9999.000,9999.000
202605011642,   3.335,   3.509,9999.000,9999.000,9999.000,9999.000,9999.000,9999.000,9999.000
202605011648,   3.379,   3.778,9999.000,9999.000,9999.000,9999.000,9999.000,9999.000,9999.000
202605011654,   3.418,   3.578,9999.000,9999.000,9999.000,9999.000,9999.000,9999.000,9999.000
202605011700,   3.453,   3.778,   0.300,   0.025,   3.778,   0.200,   3.678,   0.300,   3.778
202605011706,   3.483,   3.670,9999.000,9999.000,9999.000,9999.000,9999.000,9999.000,9999.000
202605011712,   3.509,   3.798,9999.000,9999.000,9999.000,9999.000,9999.000,9999.000,9999.000
202605011718,   3.530,   3.739,9999.000,9999.000,9999.000,9999.000,9999.000,9999.000,9999.000
202605011724,   3.547,   3.670,9999.000,9999.000,9999.000,9999.000,9999.000,9999.000,9999.000
202605011730,   3.559,   3.827,9999.000,9999.000,9999.000,9999.000,9999.000,9999.000,9999.000
202605011736,   3.567,   3.680,9999.000,9999.000,9999.000,9999.000,9999.000,9999.000,9999.000
202605011742,   3.570,   3.778,9999.000,9999.000,9999.000,9999.000,9999.000,9999.000,9999.000
202605011748,   3.569,   3.768,9999.000,9999.000,9999.000,9999.000,9999.000,9999.000,9999.000
202605011754,   3.564,9999.000,9999.000,9999.000,9999.000,9999.000,9999.000,9999.000,9999.000
202605011800,   3.554,9999.000,   0.200,   0.018,   3.772,   0.200,   3.772,   0.300,   3.872
202605011806,   3.541,9999.000,9999.000,9999.000,9999.000,9999.000,9999.000,9999.000,9999.000
202605011812,   3.524,9999.000,9999.000,9999.000,9999.000,9999.000,9999.000,9999.000,9999.000
202605011818,   3.503,9999.000,9999.000,9999.000,9999.000,9999.000,9999.000,9999.000,9999.000
202605011824,   3.479,9999.000,9999.000,9999.000,9999.000,9999.000,9999.000,9999.000,9999.000
202605011830,   3.451,9999.000,9999.000,9999.000,9999.000,9999.000,9999.000,9999.000,9999.000
202605011836,   3.420,9999.000,9999.000,9999.000,9999.000,9999.000,9999.000,9999.000,9999.000
202605011842,   3.386,9999.000,9999.000,9999.000,9999.000,9999.000,9999.000,9999.000,9999.000
202605011848,   3.350,9999.000,9999.000,9999.000,9999.000,9999.000,9999.000,9999.000,9999.000
202605011854,   3.311,9999.000,9999.000,9999.000,9999.000,9999.000,9999.000,9999.000,9999.000
202605011900,   3.269,9999.000,   0.200,   0.010,   3.479,   0.100,   3.379,   0.200,   3.479
202605011906,   3.225,9999.000,9999.000,9999.000,9999.000,9999.000,9999.000,9999.000,9999.000
202605011912,   3.179,9999.000,9999.000,9999.000,9999.000,9999.000,9999.000,9999.000,9999.000
202605011918,   3.132,9999.000,9999.000,9999.000,9999.000,9999.000,9999.000,9999.000,9999.000
202605011924,   3.083,9999.000,9999.000,9999.000,9999.000,9999.000,9999.000,9999.000,9999.000
202605011930,   3.032,9999.000,9999.000,9999.000,9999.000,9999.000,9999.000,9999.000,9999.000
202605011936,   2.980,9999.000,9999.000,9999.000,9999.000,9999.000,9999.000,9999.000,9999.000
202605011942,   2.927,9999.000,9999.000,9999.000,9999.000,9999.000,9999.000,9999.000,9999.000
202605011948,   2.873,9999.000,9999.000,9999.000,9999.000,9999.000,9999.000,9999.000,9999.000
202605011954,   2.818,9999.000,9999.000,9999.000,9999.000,9999.000,9999.000,9999.000,9999.000
202605012000,   2.763,9999.000,   0.200,   0.003,   2.966,   0.200,   2.966,   0.300,   3.066
202605012006,   2.708,9999.000,9999.000,9999.000,9999.000,9999.000,9999.000,9999.000,9999.000
202605012012,   2.652,9999.000,9999.000,9999.000,9999.000,9999.000,9999.000,9999.000,9999.000
202605012018,   2.597,9999.000,9999.000,9999.000,9999.000,9999.000,9999.000,9999.000,9999.000
202605012024,   2.542,9999.000,9999.000,9999.000,9999.000,9999.000,9999.000,9999.000,9999.000
202605012030,   2.487,9999.000,9999.000,9999.000,9999.000,9999.000,9999.000,9999.000,9999.000
202605012036,   2.433,9999.000,9999.000,9999.000,9999.000,9999.000,9999.000,9999.000,9999.000
202605012042,   2.381,9999.000,9999.000,9999.000,9999.000,9999.000,9999.000,9999.000,9999.000
202605012048,   2.329,9999.000,9999.000,9999.000,9999.000,9999.000,9999.000,9999.000,9999.000
202605012054,   2.278,9999.000,9999.000,9999.000,9999.000,9999.000,9999.000,9999.000,9999.000
202605012100,   2.229,9999.000,   0.300,  -0.005,   2.524,   0.300,   2.524,   0.400,   2.624
202605012106,   2.182,9999.000,9999.000,9999.000,9999.000,9999.000,9999.000,9999.000,9999.000
202605012112,   2.137,9999.000,9999.000,9999.000,9999.000,9999.000,9999.000,9999.000,9999.000
202605012118,   2.094,9999.000,9999.000,9999.000,9999.000,9999.000,9999.000,9999.000,9999.000
202605012124,   2.054,9999.000,9999.000,9999.000,9999.000,9999.000,9999.000,9999.000,9999.000
202605012130,   2.016,9999.000,9999.000,9999.000,9999.000,9999.000,9999.000,9999.000,9999.000
202605012136,   1.981,9999.000,9999.000,9999.000,9999.000,9999.000,9999.000,9999.000,9999.000
202605012142,   1.949,9999.000,9999.000,9999.000,9999.000,9999.000,9999.000,9999.000,9999.000
202605012148,   1.920,9999.000,9999.000,9999.000,9999.000,9999.000,9999.000,9999.000,9999.000
202605012154,   1.894,9999.000,9999.000,9999.000,9999.000,9999.000,9999.000,9999.000,9999.000
202605012200,   1.872,9999.000,   0.300,  -0.012,   2.160,   0.300,   2.160,   0.300,   2.160
202605012206,   1.853,9999.000,9999.000,9999.000,9999.000,9999.000,9999.000,9999.000,9999.000
202605012212,   1.838,9999.000,9999.000,9999.000,9999.000,9999.000,9999.000,9999.000,9999.000
202605012218,   1.827,9999.000,9999.000,9999.000,9999.000,9999.000,9999.000,9999.000,9999.000
202605012224,   1.819,9999.000,9999.000,9999.000,9999.000,9999.000,9999.000,9999.000,9999.000
202605012230,   1.815,9999.000,9999.000,9999.000,9999.000,9999.000,9999.000,9999.000,9999.000
202605012236,   1.816,9999.000,9999.000,9999.000,9999.000,9999.000,9999.000,9999.000,9999.000
202605012242,   1.820,9999.000,9999.000,9999.000,9999.000,9999.000,9999.000,9999.000,9999.000
202605012248,   1.829,9999.000,9999.000,9999.000,9999.000,9999.000,9999.000,9999.000,9999.000
202605012254,   1.841,9999.000,9999.000,9999.000,9999.000,9999.000,9999.000,9999.000,9999.000
202605012300,   1.857,9999.000,   0.200,  -0.019,   2.038,   0.200,   2.038,   0.200,   2.038
202605012306,   1.878,9999.000,9999.000,9999.000,9999.000,9999.000,9999.000,9999.000,9999.000
202605012312,   1.902,9999.000,9999.000,9999.000,9999.000,9999.000,9999.000,9999.000,9999.000
202605012318,   1.931,9999.000,9999.000,9999.000,9999.000,9999.000,9999.000,9999.000,9999.000
202605012324,   1.963,9999.000,9999.000,9999.000,9999.000,9999.000,9999.000,9999.000,9999.000
202605012330,   2.000,9999.000,9999.000,9999.000,9999.000,9999.000,9999.000,9999.000,9999.000
202605012336,   2.040,9999.000,9999.000,9999.000,9999.000,9999.000,9999.000,9999.000,9999.000
202605012342,   2.084,9999.000,9999.000,9999.000,9999.000,9999.000,9999.000,9999.000,9999.000
202605012348,   2.131,9999.000,9999.000,9999.000,9999.000,9999.000,9999.000,9999.000,9999.000
202605012354,   2.182,9999.000,9999.000,9999.000,9999.000,9999.000,9999.000,9999.000,9999.000
202605020000,   2.237,9999.000,   0.300,  -0.027,   2.510,   0.300,   2.510,   0.300,   2.510
202605020006,   2.295,9999.000,9999.000,9999.000,9999.000,9999.000,9999.000,9999.000,9999.000
202605020012,   2.357,9999.000,9999.000,9999.000,9999.000,9999.000,9999.000,9999.000,9999.000
202605020018,   2.421,9999.000,9999.000,9999.000,9999.000,9999.000,9999.000,9999.000,9999.000
202605020024,   2.489,9999.000,9999.000,9999.000,9999.000,9999.000,9999.000,9999.000,9999.000
202605020030,   2.560,9999.000,9999.000,9999.000,9999.000,9999.000,9999.000,9999.000,9999.000
202605020036,   2.633,9999.000,9999.000,9999.000,9999.000,9999.000,9999.000,9999.000,9999.000
202605020042,   2.710,9999.000,9999.000,9999.000,9999.000,9999.000,9999.000,9999.000,9999.000
202605020048,   2.789,9999.000,9999.000,9999.000,9999.000,9999.000,9999.000,9999.000,9999.000
202605020054,   2.870,9999.000,9999.000,9999.000,9999.000,9999.000,9999.000,9999.000,9999.000
202605020100,   2.954,9999.000,   0.400,  -0.034,   3.320,   0.400,   3.320,   0.400,   3.320
202605020106,   3.039,9999.000,9999.000,9999.000,9999.000,9999.000,9999.000,9999.000,9999.000
202605020112,   3.127,9999.000,9999.000,9999.000,9999.000,9999.000,9999.000,9999.000,9999.000
202605020118,   3.216,9999.000,9999.000,9999.000,9999.000,9999.000,9999.000,9999.000,9999.000
202605020124,   3.307,9999.000,9999.000,9999.000,9999.000,9999.000,9999.000,9999.000,9999.000
202605020130,   3.399,9999.000,9999.000,9999.000,9999.000,9999.000,9999.000,9999.000,9999.000
202605020136,   3.492,9999.000,9999.000,9999.000,9999.000,9999.000,9999.000,9999.000,9999.000
202605020142,   3.586,9999.000,9999.000,9999.000,9999.000,9999.000,9999.000,9999.000,9999.000
202605020148,   3.680,9999.000,9999.000,9999.000,9999.000,9999.000,9999.000,9999.000,9999.000
202605020154,   3.775,9999.000,9999.000,9999.000,9999.000,9999.000,9999.000,9999.000,9999.000
202605020200,   3.870,9999.000,   0.300,  -0.042,   4.128,   0.300,   4.128,   0.300,   4.128
202605020206,   3.964,9999.000,9999.000,9999.000,9999.000,9999.000,9999.000,9999.000,9999.000
202605020212,   4.059,9999.000,9999.000,9999.000,9999.000,9999.000,9999.000,9999.000,9999.000
202605020218,   4.152,9999.000,9999.000,9999.000,9999.000,9999.000,9999.000,9999.000,9999.000
202605020224,   4.245,9999.000,9999.000,9999.000,9999.000,9999.000,9999.000,9999.000,9999.000
202605020230,   4.337,9999.000,9999.000,9999.000,9999.000,9999.000,9999.000,9999.000,9999.000
202605020236,   4.427,9999.000,9999.000,9999.000,9999.000,9999.000,9999.000,9999.000,9999.000
202605020242,   4.515,9999.000,9999.000,9999.000,9999.000,9999.000,9999.000,9999.000,9999.000
202605020248,   4.602,9999.000,9999.000,9999.000,9999.000,9999.000,9999.000,9999.000,9999.000
202605020254,   4.686,9999.000,9999.000,9999.000,9999.000,9999.000,9999.000,9999.000,9999.000
202605020300,   4.768,9999.000,   0.200,  -0.049,   4.919,   0.200,   4.919,   0.200,   4.919
202605020306,   4.847,9999.000,9999.000,9999.000,9999.000,9999.000,9999.000,9999.000,9999.000
202605020312,   4.924,9999.000,9999.000,9999.000,9999.000,9999.000,9999.000,9999.000,9999.000
202605020318,   4.998,9999.000,9999.000,9999.000,9999.000,9999.000,9999.000,9999.000,9999.000
202605020324,   5.068,9999.000,9999.000,9999.000,9999.000,9999.000,9999.000,9999.000,9999.000
202605020330,   5.135,9999.000,9999.000,9999.000,9999.000,9999.000,9999.000,9999.000,9999.000
202605020336,   5.198,9999.000,9999.000,9999.000,9999.000,9999.000,9999.000,9999.000,9999.000
202605020342,   5.257,9999.000,9999.000,9999.000,9999.000,9999.000,9999.000,9999.000,9999.000
202605020348,   5.313,9999.000,9999.000,9999.000,9999.000,9999.000,9999.000,9999.000,9999.000
202605020354,   5.364,9999.000,9999.000,9999.000,9999.000,9999.000,9999.000,9999.000,9999.000
202605020400,   5.411,9999.000,   0.300,  -0.056,   5.655,   0.300,   5.655,   0.400,   5.755
202605020406,   5.453,9999.000,9999.000,9999.000,9999.000,9999.000,9999.000,9999.000,9999.000
202605020412,   5.491,9999.000,9999.000,9999.000,9999.000,9999.000,9999.000,9999.000,9999.000
202605020418,   5.523,9999.000,9999.000,9999.000,9999.000,9999.000,9999.000,9999.000,9999.000
202605020424,   5.551,9999.000,9999.000,9999.000,9999.000,9999.000,9999.000,9999.000,9999.000
202605020430,   5.574,9999.000,9999.000,9999.000,9999.000,9999.000,9999.000,9999.000,9999.000
202605020436,   5.592,9999.000,9999.000,9999.000,9999.000,9999.000,9999.000,9999.000,9999.000
202605020442,   5.604,9999.000,9999.000,9999.000,9999.000,9999.000,9999.000,9999.000,9999.000
202605020448,   5.610,9999.000,9999.000,9999.000,9999.000,9999.000,9999.000,9999.000,9999.000
202605020454,   5.612,9999.000,9999.000,9999.000,9999.000,9999.000,9999.000,9999.000,9999.000
202605020500,   5.607,9999.000,   0.400,  -0.064,   5.943,   0.300,   5.843,   0.400,   5.943
202605020506,   5.597,9999.000,9999.000,9999.000,9999.000,9999.000,9999.000,9999.000,9999.000
202605020512,   5.581,9999.000,9999.000,9999.000,9999.000,9999.000,9999.000,9999.000,9999.000
202605020518,   5.560,9999.000,9999.000,9999.000,9999.000,9999.000,9999.000,9999.000,9999.000
202605020524,   5.533,9999.000,9999.000,9999.000,9999.000,9999.000,9999.000,9999.000,9999.000
202605020530,   5.500,9999.000,9999.000,9999.000,9999.000,9999.000,9999.000,9999.000,9999.000
202605020536,   5.461,9999.000,9999.000,9999.000,9999.000,9999.000,9999.000,9999.000,9999.000
202605020542,   5.417,9999.000,9999.000,9999.000,9999.000,9999.000,9999.000,9999.000,9999.000
202605020548,   5.367,9999.000,9999.000,9999.000,9999.000,9999.000,9999.000,9999.000,9999.000
202605020554,   5.312,9999.000,9999.000,9999.000,9999.000,9999.000,9999.000,9999.000,9999.000
202605020600,   5.251,9999.000,   0.200,  -0.064,   5.387,   0.200,   5.387,   0.200,   5.387
202605020606,   5.185,9999.000,9999.000,9999.000,9999.000,9999.000,9999.000,9999.000,9999.000
202605020612,   5.113,9999.000,9999.000,9999.000,9999.000,9999.000,9999.000,9999.000,9999.000
202605020618,   5.037,9999.000,9999.000,9999.000,9999.000,9999.000,9999.000,9999.000,9999.000
202605020624,   4.956,9999.000,9999.000,9999.000,9999.000,9999.000,9999.000,9999.000,9999.000
202605020630,   4.870,9999.000,9999.000,9999.000,9999.000,9999.000,9999.000,9999.000,9999.000
202605020636,   4.780,9999.000,9999.000,9999.000,9999.000,9999.000,9999.000,9999.000,9999.000
202605020642,   4.685,9999.000,9999.000,9999.000,9999.000,9999.000,9999.000,9999.000,9999.000
202605020648,   4.587,9999.000,9999.000,9999.000,9999.000,9999.000,9999.000,9999.000,9999.000
202605020654,   4.484,9999.000,9999.000,9999.000,9999.000,9999.000,9999.000,9999.000,9999.000
202605020700,   4.378,9999.000,   0.200,  -0.064,   4.514,   0.100,   4.414,   0.200,   4.514
202605020706,   4.268,9999.000,9999.000,9999.000,9999.000,9999.000,9999.000,9999.000,9999.000
202605020712,   4.156,9999.000,9999.000,9999.000,9999.000,9999.000,9999.000,9999.000,9999.000
202605020718,   4.040,9999.000,9999.000,9999.000,9999.000,9999.000,9999.000,9999.000,9999.000
202605020724,   3.921,9999.000,9999.000,9999.000,9999.000,9999.000,9999.000,9999.000,9999.000
202605020730,   3.800,9999.000,9999.000,9999.000,9999.000,9999.000,9999.000,9999.000,9999.000
202605020736,   3.677,9999.000,9999.000,9999.000,9999.000,9999.000,9999.000,9999.000,9999.000
202605020742,   3.552,9999.000,9999.000,9999.000,9999.000,9999.000,9999.000,9999.000,9999.000
202605020748,   3.425,9999.000,9999.000,9999.000,9999.000,9999.000,9999.000,9999.000,9999.000
202605020754,   3.296,9999.000,9999.000,9999.000,9999.000,9999.000,9999.000,9999.000,9999.000
202605020800,   3.166,9999.000,   0.300,  -0.064,   3.402,   0.300,   3.402,   0.300,   3.402
202605020806,   3.035,9999.000,9999.000,9999.000,9999.000,9999.000,9999.000,9999.000,9999.000
202605020812,   2.903,9999.000,9999.000,9999.000,9999.000,9999.000,9999.000,9999.000,9999.000
202605020818,   2.770,9999.000,9999.000,9999.000,9999.000,9999.000,9999.000,9999.000,9999.000
202605020824,   2.637,9999.000,9999.000,9999.000,9999.000,9999.000,9999.000,9999.000,9999.000
202605020830,   2.504,9999.000,9999.000,9999.000,9999.000,9999.000,9999.000,9999.000,9999.000
202605020836,   2.371,9999.000,9999.000,9999.000,9999.000,9999.000,9999.000,9999.000,9999.000
202605020842,   2.238,9999.000,9999.000,9999.000,9999.000,9999.000,9999.000,9999.000,9999.000
202605020848,   2.106,9999.000,9999.000,9999.000,9999.000,9999.000,9999.000,9999.000,9999.000
202605020854,   1.974,9999.000,9999.000,9999.000,9999.000,9999.000,9999.000,9999.000,9999.000
202605020900,   1.844,9999.000,   0.300,  -0.064,   2.080,   0.300,   2.080,   0.400,   2.180
202605020906,   1.715,9999.000,9999.000,9999.000,9999.000,9999.000,9999.000,9999.000,9999.000
202605020912,   1.587,9999.000,9999.000,9999.000,9999.000,9999.000,9999.000,9999.000,9999.000
202605020918,   1.462,9999.000,9999.000,9999.000,9999.000,9999.000,9999.000,9999.000,9999.000
202605020924,   1.338,9999.000,9999.000,9999.000,9999.000,9999.000,9999.000,9999.000,9999.000
202605020930,   1.218,9999.000,9999.000,9999.000,9999.000,9999.000,9999.000,9999.000,9999.000
202605020936,   1.099,9999.000,9999.000,9999.000,9999.000,9999.000,9999.000,9999.000,9999.000
202605020942,   0.984,9999.000,9999.000,9999.000,9999.000,9999.000,9999.000,9999.000,9999.000
202605020948,   0.872,9999.000,9999.000,9999.000,9999.000,9999.000,9999.000,9999.000,9999.000
202605020954,   0.763,9999.000,9999.000,9999.000,9999.000,9999.000,9999.000,9999.000,9999.000
202605021000,   0.657,9999.000,   0.200,  -0.064,   0.793,   0.200,   0.793,   0.300,   0.893
202605021006,   0.556,9999.000,9999.000,9999.000,9999.000,9999.000,9999.000,9999.000,9999.000
202605021012,   0.459,9999.000,9999.000,9999.000,9999.000,9999.000,9999.000,9999.000,9999.000
202605021018,   0.365,9999.000,9999.000,9999.000,9999.000,9999.000,9999.000,9999.000,9999.000
202605021024,   0.277,9999.000,9999.000,9999.000,9999.000,9999.000,9999.000,9999.000,9999.000
202605021030,   0.193,9999.000,9999.000,9999.000,9999.000,9999.000,9999.000,9999.000,9999.000
202605021036,   0.113,9999.000,9999.000,9999.000,9999.000,9999.000,9999.000,9999.000,9999.000
202605021042,   0.039,9999.000,9999.000,9999.000,9999.000,9999.000,9999.000,9999.000,9999.000
202605021048,  -0.030,9999.000,9999.000,9999.000,9999.000,9999.000,9999.000,9999.000,9999.000
202605021054,  -0.094,9999.000,9999.000,9999.000,9999.000,9999.000,9999.000,9999.000,9999.000
202605021100,  -0.154,9999.000,   0.200,  -0.064,  -0.018,   0.200,  -0.018,   0.200,  -0.018
202605021106,  -0.208,9999.000,9999.000,9999.000,9999.000,9999.000,9999.000,9999.000,9999.000
202605021112,  -0.257,9999.000,9999.000,9999.000,9999.000,9999.000,9999.000,9999.000,9999.000
202605021118,  -0.300,9999.000,9999.000,9999.000,9999.000,9999.000,9999.000,9999.000,9999.000
202605021124,  -0.338,9999.000,9999.000,9999.000,9999.000,9999.000,9999.000,9999.000,9999.000
202605021130,  -0.371,9999.000,9999.000,9999.000,9999.000,9999.000,9999.000,9999.000,9999.000
202605021136,  -0.399,9999.000,9999.000,9999.000,9999.000,9999.000,9999.000,9999.000,9999.000
202605021142,  -0.421,9999.000,9999.000,9999.000,9999.000,9999.000,9999.000,9999.000,9999.000
202605021148,  -0.437,9999.000,9999.000,9999.000,9999.000,9999.000,9999.000,9999.000,9999.000
202605021154,  -0.449,9999.000,9999.000,9999.000,9999.000,9999.000,9999.000,9999.000,9999.000
202605021200,  -0.455,9999.000,   0.300,  -0.064,  -0.219,   0.300,  -0.219,   0.300,  -0.219
202605021206,  -0.456,9999.000,9999.000,9999.000,9999.000,9999.000,9999.000,9999.000,9999.000
202605021212,  -0.452,9999.000,9999.000,9999.000,9999.000,9999.000,9999.000,9999.000,9999.000
202605021218,  -0.443,9999.000,9999.000,9999.000,9999.000,9999.000,9999.000,9999.000,9999.000
202605021224,  -0.428,9999.000,9999.000,9999.000,9999.000,9999.000,9999.000,9999.000,9999.000
202605021230,  -0.409,9999.000,9999.000,9999.000,9999.000,9999.000,9999.000,9999.000,9999.000
202605021236,  -0.385,9999.000,9999.000,9999.000,9999.000,9999.000,9999.000,9999.000,9999.000
202605021242,  -0.355,9999.000,9999.000,9999.000,9999.000,9999.000,9999.000,9999.000,9999.000
202605021248,  -0.322,9999.000,9999.000,9999.000,9999.000,9999.000,9999.000,9999.000,9999.000
202605021254,  -0.283,9999.000,9999.000,9999.000,9999.000,9999.000,9999.000,9999.000,9999.000
202605021300,  -0.240,9999.000,   0.300,  -0.064,  -0.004,   0.300,  -0.004,   0.300,  -0.004
202605021306,  -0.192,9999.000,9999.000,9999.000,9999.000,9999.000,9999.000,9999.000,9999.000
202605021312,  -0.141,9999.000,9999.000,9999.000,9999.000,9999.000,9999.000,9999.000,9999.000
202605021318,  -0.085,9999.000,9999.000,9999.000,9999.000,9999.000,9999.000,9999.000,9999.000
202605021324,  -0.025,9999.000,9999.000,9999.000,9999.000,9999.000,9999.000,9999.000,9999.000
202605021330,   0.038,9999.000,9999.000,9999.000,9999.000,9999.000,9999.000,9999.000,9999.000
202605021336,   0.106,9999.000,9999.000,9999.000,9999.000,9999.000,9999.000,9999.000,9999.000
202605021342,   0.177,9999.000,9999.000,9999.000,9999.000,9999.000,9999.000,9999.000,9999.000
202605021348,   0.251,9999.000,9999.000,9999.000,9999.000,9999.000,9999.000,9999.000,9999.000
202605021354,   0.329,9999.000,9999.000,9999.000,9999.000,9999.000,9999.000,9999.000,9999.000
202605021400,   0.409,9999.000,   0.200,  -0.064,   0.545,   0.200,   0.545,   0.200,   0.545
202605021406,   0.492,9999.000,9999.000,9999.000,9999.000,9999.000,9999.000,9999.000,9999.000
202605021412,   0.578,9999.000,9999.000,9999.000,9999.000,9999.000,9999.000,9999.000,9999.000
202605021418,   0.665,9999.000,9999.000,9999.000,9999.000,9999.000,9999.000,9999.000,9999.000
202605021424,   0.755,9999.000,9999.000,9999.000,9999.000,9999.000,9999.000,9999.000,9999.000
202605021430,   0.846,9999.000,9999.000,9999.000,9999.000,9999.000,9999.000,9999.000,9999.000
202605021436,   0.939,9999.000,9999.000,9999.000,9999.000,9999.000,9999.000,9999.000,9999.000
202605021442,   1.033,9999.000,9999.000,9999.000,9999.000,9999.000,9999.000,9999.000,9999.000
202605021448,   1.128,9999.000,9999.000,9999.000,9999.000,9999.000,9999.000,9999.000,9999.000
202605021454,   1.223,9999.000,9999.000,9999.000,9999.000,9999.000,9999.000,9999.000,9999.000
202605021500,   1.319,9999.000,   0.200,  -0.064,   1.455,   0.200,   1.455,   0.200,   1.455
202605021506,   1.415,9999.000,9999.000,9999.000,9999.000,9999.000,9999.000,9999.000,9999.000
202605021512,   1.511,9999.000,9999.000,9999.000,9999.000,9999.000,9999.000,9999.000,9999.000
202605021518,   1.607,9999.000,9999.000,9999.000,9999.000,9999.000,9999.000,9999.000,9999.000
202605021524,   1.702,9999.000,9999.000,9999.000,9999.000,9999.000,9999.000,9999.000,9999.000
202605021530,   1.796,9999.000,9999.000,9999.000,9999.000,9999.000,9999.000,9999.000,9999.000
202605021536,   1.889,9999.000,9999.000,9999.000,9999.000,9999.000,9999.000,9999.000,9999.000
202605021542,   1.981,9999.000,9999.000,9999.000,9999.000,9999.000,9999.000,9999.000,9999.000
202605021548,   2.072,9999.000,9999.000,9999.000,9999.000,9999.000,9999.000,9999.000,9999.000
202605021554,   2.161,9999.000,9999.000,9999.000,9999.000,9999.000,9999.000,9999.000,9999.000
202605021600,   2.248,9999.000,   0.300,  -0.064,   2.484,   0.200,   2.384,   0.300,   2.484
202605021606,   2.332,9999.000,9999.000,9999.000,9999.000,9999.000,9999.000,9999.000,9999.000
202605021612,   2.415,9999.000,9999.000,9999.000,9999.000,9999.000,9999.000,9999.000,9999.000
202605021618,   2.495,9999.000,9999.000,9999.000,9999.000,9999.000,9999.000,9999.000,9999.000
202605021624,   2.573,9999.000,9999.000,9999.000,9999.000,9999.000,9999.000,9999.000,9999.000
202605021630,   2.648,9999.000,9999.000,9999.000,9999.000,9999.000,9999.000,9999.000,9999.000
202605021636,   2.719,9999.000,9999.000,9999.000,9999.000,9999.000,9999.000,9999.000,9999.000
202605021642,   2.788,9999.000,9999.000,9999.000,9999.000,9999.000,9999.000,9999.000,9999.000
202605021648,   2.854,9999.000,9999.000,9999.000,9999.000,9999.000,9999.000,9999.000,9999.000
202605021654,   2.916,9999.000,9999.000,9999.000,9999.000,9999.000,9999.000,9999.000,9999.000
202605021700,   2.975,9999.000,   0.300,  -0.064,   3.211,   0.200,   3.111,   0.300,   3.211
202605021706,   3.030,9999.000,9999.000,9999.000,9999.000,9999.000,9999.000,9999.000,9999.000
202605021712,   3.081,9999.000,9999.000,9999.000,9999.000,9999.000,9999.000,9999.000,9999.000
202605021718,   3.129,9999.000,9999.000,9999.000,9999.000,9999.000,9999.000,9999.000,9999.000
202605021724,   3.173,9999.000,9999.000,9999.000,9999.000,9999.000,9999.000,9999.000,9999.000
202605021730,   3.213,9999.000,9999.000,9999.000,9999.000,9999.000,9999.000,9999.000,9999.000
202605021736,   3.249,9999.000,9999.000,9999.000,9999.000,9999.000,9999.000,9999.000,9999.000
202605021742,   3.280,9999.000,9999.000,9999.000,9999.000,9999.000,9999.000,9999.000,9999.000
202605021748,   3.308,9999.000,9999.000,9999.000,9999.000,9999.000,9999.000,9999.000,9999.000
202605021754,   3.332,9999.000,9999.000,9999.000,9999.000,9999.000,9999.000,9999.000,9999.000
202605021800,   3.352,9999.000,   0.200,  -0.064,   3.488,   0.200,   3.488,   0.200,   3.488
202605021806,   3.368,9999.000,9999.000,9999.000,9999.000,9999.000,9999.000,9999.000,9999.000
202605021812,   3.380,9999.000,9999.000,9999.000,9999.000,9999.000,9999.000,9999.000,9999.000
202605021818,   3.388,9999.000,9999.000,9999.000,9999.000,9999.000,9999.000,9999.000,9999.000
202605021824,   3.392,9999.000,9999.000,9999.000,9999.000,9999.000,9999.000,9999.000,9999.000
202605021830,   3.392,9999.000,9999.000,9999.000,9999.000,9999.000,9999.000,9999.000,9999.000
202605021836,   3.389,9999.000,9999.000,9999.000,9999.000,9999.000,9999.000,9999.000,9999.000
202605021842,   3.383,9999.000,9999.000,9999.000,9999.000,9999.000,9999.000,9999.000,9999.000
202605021848,   3.372,9999.000,9999.000,9999.000,9999.000,9999.000,9999.000,9999.000,9999.000
202605021854,   3.359,9999.000,9999.000,9999.000,9999.000,9999.000,9999.000,9999.000,9999.000
202605021900,   3.342,9999.000,   0.200,  -0.064,   3.478,   0.200,   3.478,   0.200,   3.478
202605021906,   3.323,9999.000,9999.000,9999.000,9999.000,9999.000,9999.000,9999.000,9999.000
202605021912,   3.301,9999.000,9999.000,9999.000,9999.000,9999.000,9999.000,9999.000,9999.000
202605021918,   3.276,9999.000,9999.000,9999.000,9999.000,9999.000,9999.000,9999.000,9999.000
202605021924,   3.248,9999.000,9999.000,9999.000,9999.000,9999.000,9999.000,9999.000,9999.000
202605021930,   3.219,9999.000,9999.000,9999.000,9999.000,9999.000,9999.000,9999.000,9999.000
202605021936,   3.187,9999.000,9999.000,9999.000,9999.000,9999.000,9999.000,9999.000,9999.000
202605021942,   3.153,9999.000,9999.000,9999.000,9999.000,9999.000,9999.000,9999.000,9999.000
202605021948,   3.118,9999.000,9999.000,9999.000,9999.000,9999.000,9999.000,9999.000,9999.000
202605021954,   3.081,9999.000,9999.000,9999.000,9999.000,9999.000,9999.000,9999.000,9999.000
202605022000,   3.042,9999.000,   0.300,  -0.064,   3.278,   0.200,   3.178,   0.300,   3.278
202605022006,   3.002,9999.000,9999.000,9999.000,9999.000,9999.000,9999.000,9999.000,9999.000
202605022012,   2.961,9999.000,9999.000,9999.000,9999.000,9999.000,9999.000,9999.000,9999.000
202605022018,   2.920,9999.000,9999.000,9999.000,9999.000,9999.000,9999.000,9999.000,9999.000
202605022024,   2.877,9999.000,9999.000,9999.000,9999.000,9999.000,9999.000,9999.000,9999.000
202605022030,   2.834,9999.000,9999.000,9999.000,9999.000,9999.000,9999.000,9999.000,9999.000
202605022036,   2.791,9999.000,9999.000,9999.000,9999.000,9999.000,9999.000,9999.000,9999.000
202605022042,   2.748,9999.000,9999.000,9999.000,9999.000,9999.000,9999.000,9999.000,9999.000
202605022048,   2.704,9999.000,9999.000,9999.000,9999.000,9999.000,9999.000,9999.000,9999.000
202605022054,   2.661,9999.000,9999.000,9999.000,9999.000,9999.000,9999.000,9999.000,9999.000
202605022100,   2.618,9999.000,   0.300,  -0.064,   2.854,   0.300,   2.854,   0.400,   2.954
202605022106,   2.575,9999.000,9999.000,9999.000,9999.000,9999.000,9999.000,9999.000,9999.000
202605022112,   2.534,9999.000,9999.000,9999.000,9999.000,9999.000,9999.000,9999.000,9999.000
202605022118,   2.493,9999.000,9999.000,9999.000,9999.000,9999.000,9999.000,9999.000,9999.000
202605022124,   2.453,9999.000,9999.000,9999.000,9999.000,9999.000,9999.000,9999.000,9999.000
202605022130,   2.415,9999.000,9999.000,9999.000,9999.000,9999.000,9999.000,9999.000,9999.000
202605022136,   2.378,9999.000,9999.000,9999.000,9999.000,9999.000,9999.000,9999.000,9999.000
202605022142,   2.342,9999.000,9999.000,9999.000,9999.000,9999.000,9999.000,9999.000,9999.000
202605022148,   2.309,9999.000,9999.000,9999.000,9999.000,9999.000,9999.000,9999.000,9999.000
202605022154,   2.278,9999.000,9999.000,9999.000,9999.000,9999.000,9999.000,9999.000,9999.000
202605022200,   2.248,9999.000,   0.300,  -0.064,   2.484,   0.300,   2.484,   0.300,   2.484
202605022206,   2.222,9999.000,9999.000,9999.000,9999.000,9999.000,9999.000,9999.000,9999.000
202605022212,   2.197,9999.000,9999.000,9999.000,9999.000,9999.000,9999.000,9999.000,9999.000
202605022218,   2.176,9999.000,9999.000,9999.000,9999.000,9999.000,9999.000,9999.000,9999.000
202605022224,   2.157,9999.000,9999.000,9999.000,9999.000,9999.000,9999.000,9999.000,9999.000
202605022230,   2.142,9999.000,9999.000,9999.000,9999.000,9999.000,9999.000,9999.000,9999.000
202605022236,   2.129,9999.000,9999.000,9999.000,9999.000,9999.000,9999.000,9999.000,9999.000
202605022242,   2.120,9999.000,9999.000,9999.000,9999.000,9999.000,9999.000,9999.000,9999.000
202605022248,   2.114,9999.000,9999.000,9999.000,9999.000,9999.000,9999.000,9999.000,9999.000
202605022254,   2.111,9999.000,9999.000,9999.000,9999.000,9999.000,9999.000,9999.000,9999.000
202605022300,   2.112,9999.000,   0.200,  -0.064,   2.248,   0.200,   2.248,   0.300,   2.348
202605022306,   2.117,9999.000,9999.000,9999.000,9999.000,9999.000,9999.000,9999.000,9999.000
202605022312,   2.125,9999.000,9999.000,9999.000,9999.000,9999.000,9999.000,9999.000,9999.000
202605022318,   2.137,9999.000,9999.000,9999.000,9999.000,9999.000,9999.000,9999.000,9999.000
202605022324,   2.152,9999.000,9999.000,9999.000,9999.000,9999.000,9999.000,9999.000,9999.000
202605022330,   2.171,9999.000,9999.000,9999.000,9999.000,9999.000,9999.000,9999.000,9999.000
202605022336,   2.194,9999.000,9999.000,9999.000,9999.000,9999.000,9999.000,9999.000,9999.000
202605022342,   2.220,9999.000,9999.000,9999.000,9999.000,9999.000,9999.000,9999.000,9999.000
202605022348,   2.249,9999.000,9999.000,9999.000,9999.000,9999.000,9999.000,9999.000,9999.000
202605022354,   2.282,9999.000,9999.000,9999.000,9999.000,9999.000,9999.000,9999.000,9999.000
202605030000,   2.318,9999.000,   0.400,  -0.064,   2.654,   0.300,   2.554,   0.400,   2.654
202605030006,   2.358,9999.000,9999.000,9999.000,9999.000,9999.000,9999.000,9999.000,9999.000
202605030012,   2.401,9999.000,9999.000,9999.000,9999.000,9999.000,9999.000,9999.000,9999.000
202605030018,   2.447,9999.000,9999.000,9999.000,9999.000,9999.000,9999.000,9999.000,9999.000
202605030024,   2.496,9999.000,9999.000,9999.000,9999.000,9999.000,9999.000,9999.000,9999.000
202605030030,   2.548,9999.000,9999.000,9999.000,9999.000,9999.000,9999.000,9999.000,9999.000
202605030036,   2.603,9999.000,9999.000,9999.000,9999.000,9999.000,9999.000,9999.000,9999.000
202605030042,   2.661,9999.000,9999.000,9999.000,9999.000,9999.000,9999.000,9999.000,9999.000
202605030048,   2.721,9999.000,9999.000,9999.000,9999.000,9999.000,9999.000,9999.000,9999.000
202605030054,   2.784,9999.000,9999.000,9999.000,9999.000,9999.000,9999.000,9999.000,9999.000
202605030100,   2.850,9999.000,   0.400,  -0.064,   3.186,   0.400,   3.186,   0.400,   3.186
202605030106,   2.918,9999.000,9999.000,9999.000,9999.000,9999.000,9999.000,9999.000,9999.000
202605030112,   2.988,9999.000,9999.000,9999.000,9999.000,9999.000,9999.000,9999.000,9999.000
202605030118,   3.060,9999.000,9999.000,9999.000,9999.000,9999.000,9999.000,9999.000,9999.000
202605030124,   3.134,9999.000,9999.000,9999.000,9999.000,9999.000,9999.000,9999.000,9999.000
202605030130,   3.210,9999.000,9999.000,9999.000,9999.000,9999.000,9999.000,9999.000,9999.000
202605030136,   3.288,9999.000,9999.000,9999.000,9999.000,9999.000,9999.000,9999.000,9999.000
202605030142,   3.368,9999.000,9999.000,9999.000,9999.000,9999.000,9999.000,9999.000,9999.000
202605030148,   3.448,9999.000,9999.000,9999.000,9999.000,9999.000,9999.000,9999.000,9999.000
202605030154,   3.531,9999.000,9999.000,9999.000,9999.000,9999.000,9999.000,9999.000,9999.000
202605030200,   3.614,9999.000,   0.300,  -0.064,   3.850,   0.300,   3.850,   0.300,   3.850
202605030206,   3.698,9999.000,9999.000,9999.000,9999.000,9999.000,9999.000,9999.000,9999.000
202605030212,   3.783,9999.000,9999.000,9999.000,9999.000,9999.000,9999.000,9999.000,9999.000
202605030218,   3.868,9999.000,9999.000,9999.000,9999.000,9999.000,9999.000,9999.000,9999.000
202605030224,   3.953,9999.000,9999.000,9999.000,9999.000,9999.000,9999.000,9999.000,9999.000
202605030230,   4.039,9999.000,9999.000,9999.000,9999.000,9999.000,9999.000,9999.000,9999.000
202605030236,   4.124,9999.000,9999.000,9999.000,9999.000,9999.000,9999.000,9999.000,9999.000
202605030242,   4.209,9999.000,9999.000,9999.000,9999.000,9999.000,9999.000,9999.000,9999.000
202605030248,   4.293,9999.000,9999.000,9999.000,9999.000,9999.000,9999.000,9999.000,9999.000
202605030254,   4.377,9999.000,9999.000,9999.000,9999.000,9999.000,9999.000,9999.000,9999.000
202605030300,   4.459,9999.000,   0.300,  -0.064,   4.695,   0.200,   4.595,   0.300,   4.695
202605030306,   4.540,9999.000,9999.000,9999.000,9999.000,9999.000,9999.000,9999.000,9999.000
202605030312,   4.619,9999.000,9999.000,9999.000,9999.000,9999.000,9999.000,9999.000,9999.000
202605030318,   4.696,9999.000,9999.000,9999.000,9999.000,9999.000,9999.000,9999.000,9999.000
202605030324,   4.772,9999.000,9999.000,9999.000,9999.000,9999.000,9999.000,9999.000,9999.000
202605030330,   4.845,9999.000,9999.000,9999.000,9999.000,9999.000,9999.000,9999.000,9999.000
202605030336,   4.915,9999.000,9999.000,9999.000,9999.000,9999.000,9999.000,9999.000,9999.000
202605030342,   4.983,9999.000,9999.000,9999.000,9999.000,9999.000,9999.000,9999.000,9999.000
202605030348,   5.047,9999.000,9999.000,9999.000,9999.000,9999.000,9999.000,9999.000,9999.000
202605030354,   5.109,9999.000,9999.000,9999.000,9999.000,9999.000,9999.000,9999.000,9999.000
202605030400,   5.167,9999.000,   0.400,  -0.064,   5.503,   0.300,   5.403,   0.400,   5.503
202605030406,   5.221,9999.000,9999.000,9999.000,9999.000,9999.000,9999.000,9999.000,9999.000
202605030412,   5.272,9999.000,9999.000,9999.000,9999.000,9999.000,9999.000,9999.000,9999.000
202605030418,   5.319,9999.000,9999.000,9999.000,9999.000,9999.000,9999.000,9999.000,9999.000
202605030424,   5.362,9999.000,9999.000,9999.000,9999.000,9999.000,9999.000,9999.000,9999.000
202605030430,   5.401,9999.000,9999.000,9999.000,9999.000,9999.000,9999.000,9999.000,9999.000
202605030436,   5.436,9999.000,9999.000,9999.000,9999.000,9999.000,9999.000,9999.000,9999.000
202605030442,   5.466,9999.000,9999.000,9999.000,9999.000,9999.000,9999.000,9999.000,9999.000
202605030448,   5.491,9999.000,9999.000,9999.000,9999.000,9999.000,9999.000,9999.000,9999.000
202605030454,   5.512,9999.000,9999.000,9999.000,9999.000,9999.000,9999.000,9999.000,9999.000
202605030500,   5.528,9999.000,   0.400,  -0.064,   5.864,   0.400,   5.864,   0.400,   5.864
202605030506,   5.540,9999.000,9999.000,9999.000,9999.000,9999.000,9999.000,9999.000,9999.000
202605030512,   5.546,9999.000,9999.000,9999.000,9999.000,9999.000,9999.000,9999.000,9999.000
202605030518,   5.548,9999.000,9999.000,9999.000,9999.000,9999.000,9999.000,9999.000,9999.000
202605030524,   5.544,9999.000,9999.000,9999.000,9999.000,9999.000,9999.000,9999.000,9999.000
202605030530,   5.536,9999.000,9999.000,9999.000,9999.000,9999.000,9999.000,9999.000,9999.000
202605030536,   5.522,9999.000,9999.000,9999.000,9999.000,9999.000,9999.000,9999.000,9999.000
202605030542,   5.503,9999.000,9999.000,9999.000,9999.000,9999.000,9999.000,9999.000,9999.000
202605030548,   5.480,9999.000,9999.000,9999.000,9999.000,9999.000,9999.000,9999.000,9999.000
202605030554,   5.450,9999.000,9999.000,9999.000,9999.000,9999.000,9999.000,9999.000,9999.000
202605030600,   5.416,9999.000,   0.200,  -0.064,   5.552,   0.200,   5.552,   0.300,   5.652
202605030606,   5.377,9999.000,9999.000,9999.000,9999.000,9999.000,9999.000,9999.000,9999.000
202605030612,   5.332,9999.000,9999.000,9999.000,9999.000,9999.000,9999.000,9999.000,9999.000
202605030618,   5.283,9999.000,9999.000,9999.000,9999.000,9999.000,9999.000,9999.000,9999.000
202605030624,   5.228,9999.000,9999.000,9999.000,9999.000,9999.000,9999.000,9999.000,9999.000
202605030630,   5.169,9999.000,9999.000,9999.000,9999.000,9999.000,9999.000,9999.000,9999.000
202605030636,   5.104,9999.000,9999.000,9999.000,9999.000,9999.000,9999.000,9999.000,9999.000
202605030642,   5.035,9999.000,9999.000,9999.000,9999.000,9999.000,9999.000,9999.000,9999.000
202605030648,   4.962,9999.000,9999.000,9999.000,9999.000,9999.000,9999.000,9999.000,9999.000
202605030654,   4.883,9999.000,9999.000,9999.000,9999.000,9999.000,9999.000,9999.000,9999.000
202605030700,   4.801,9999.000,   0.200,  -0.064,   4.937,   0.200,   4.937,   0.200,   4.937
202605030706,   4.714,9999.000,9999.000,9999.000,9999.000,9999.000,9999.000,9999.000,9999.000
202605030712,   4.623,9999.000,9999.000,9999.000,9999.000,9999.000,9999.000,9999.000,9999.000
202605030718,   4.529,9999.000,9999.000,9999.000,9999.000,9999.000,9999.000,9999.000,9999.000
202605030724,   4.430,9999.000,9999.000,9999.000,9999.000,9999.000,9999.000,9999.000,9999.000
202605030730,   4.329,9999.000,9999.000,9999.000,9999.000,9999.000,9999.000,9999.000,9999.000
202605030736,   4.224,9999.000,9999.000,9999.000,9999.000,9999.000,9999.000,9999.000,9999.000
202605030742,   4.115,9999.000,9999.000,9999.000,9999.000,9999.000,9999.000,9999.000,9999.000
202605030748,   4.004,9999.000,9999.000,9999.000,9999.000,9999.000,9999.000,9999.000,9999.000
202605030754,   3.891,9999.000,9999.000,9999.000,9999.000,9999.000,9999.000,9999.000,9999.000
202605030800,   3.775,9999.000,   0.400,  -0.064,   4.111,   0.300,   4.011,   0.400,   4.111
202605030806,   3.657,9999.000,9999.000,9999.000,9999.000,9999.000,9999.000,9999.000,9999.000
202605030812,   3.536,9999.000,9999.000,9999.000,9999.000,9999.000,9999.000,9999.000,9999.000
202605030818,   3.414,9999.000,9999.000,9999.000,9999.000,9999.000,9999.000,9999.000,9999.000
202605030824,   3.291,9999.000,9999.000,9999.000,9999.000,9999.000,9999.000,9999.000,9999.000
202605030830,   3.166,9999.000,9999.000,9999.000,9999.000,9999.000,9999.000,9999.000,9999.000
202605030836,   3.040,9999.000,9999.000,9999.000,9999.000,9999.000,9999.000,9999.000,9999.000
202605030842,   2.914,9999.000,9999.000,9999.000,9999.000,9999.000,9999.000,9999.000,9999.000
202605030848,   2.786,9999.000,9999.000,9999.000,9999.000,9999.000,9999.000,9999.000,9999.000
202605030854,   2.658,9999.000,9999.000,9999.000,9999.000,9999.000,9999.000,9999.000,9999.000
202605030900,   2.530,9999.000,   0.300,  -0.064,   2.766,   0.300,   2.766,   0.400,   2.866
202605030906,   2.403,9999.000,9999.000,9999.000,9999.000,9999.000,9999.000,9999.000,9999.000
202605030912,   2.275,9999.000,9999.000,9999.000,9999.000,9999.000,9999.000,9999.000,9999.000
202605030918,   2.148,9999.000,9999.000,9999.000,9999.000,9999.000,9999.000,9999.000,9999.000
202605030924,   2.021,9999.000,9999.000,9999.000,9999.000,9999.000,9999.000,9999.000,9999.000
202605030930,   1.896,9999.000,9999.000,9999.000,9999.000,9999.000,9999.000,9999.000,9999.000
202605030936,   1.772,9999.000,9999.000,9999.000,9999.000,9999.000,9999.000,9999.000,9999.000
202605030942,   1.649,9999.000,9999.000,9999.000,9999.000,9999.000,9999.000,9999.000,9999.000
202605030948,   1.528,9999.000,9999.000,9999.000,9999.000,9999.000,9999.000,9999.000,9999.000
202605030954,   1.408,9999.000,9999.000,9999.000,9999.000,9999.000,9999.000,9999.000,9999.000
202605031000,   1.291,9999.000,   0.300,  -0.064,   1.527,   0.200,   1.427,   0.300,   1.527
202605031006,   1.176,9999.000,9999.000,9999.000,9999.000,9999.000,9999.000,9999.000,9999.000
202605031012,   1.064,9999.000,9999.000,9999.000,9999.000,9999.000,9999.000,9999.000,9999.000
202605031018,   0.955,9999.000,9999.000,9999.000,9999.000,9999.000,9999.000,9999.000,9999.000
202605031024,   0.848,9999.000,9999.000,9999.000,9999.000,9999.000,9999.000,9999.000,9999.000
202605031030,   0.745,9999.000,9999.000,9999.000,9999.000,9999.000,9999.000,9999.000,9999.000
202605031036,   0.646,9999.000,9999.000,9999.000,9999.000,9999.000,9999.000,9999.000,9999.000
202605031042,   0.550,9999.000,9999.000,9999.000,9999.000,9999.000,9999.000,9999.000,9999.000
202605031048,   0.458,9999.000,9999.000,9999.000,9999.000,9999.000,9999.000,9999.000,9999.000
202605031054,   0.370,9999.000,9999.000,9999.000,9999.000,9999.000,9999.000,9999.000,9999.000
202605031100,   0.286,9999.000,   0.300,  -0.064,   0.522,   0.200,   0.422,   0.300,   0.522
202605031106,   0.207,9999.000,9999.000,9999.000,9999.000,9999.000,9999.000,9999.000,9999.000
202605031112,   0.131,9999.000,9999.000,9999.000,9999.000,9999.000,9999.000,9999.000,9999.000
202605031118,   0.061,9999.000,9999.000,9999.000,9999.000,9999.000,9999.000,9999.000,9999.000
202605031124,  -0.004,9999.000,9999.000,9999.000,9999.000,9999.000,9999.000,9999.000,9999.000
202605031130,  -0.065,9999.000,9999.000,9999.000,9999.000,9999.000,9999.000,9999.000,9999.000
202605031136,  -0.121,9999.000,9999.000,9999.000,9999.000,9999.000,9999.000,9999.000,9999.000
202605031142,  -0.172,9999.000,9999.000,9999.000,9999.000,9999.000,9999.000,9999.000,9999.000
202605031148,  -0.218,9999.000,9999.000,9999.000,9999.000,9999.000,9999.000,9999.000,9999.000
202605031154,  -0.259,9999.000,9999.000,9999.000,9999.000,9999.000,9999.000,9999.000,9999.000
202605031200,  -0.295,9999.000,   0.300,  -0.064,  -0.059,   0.300,  -0.059,   0.400,   0.041
202605031206,  -0.327,9999.000,9999.000,9999.000,9999.000,9999.000,9999.000,9999.000,9999.000
202605031212,  -0.353,9999.000,9999.000,9999.000,9999.000,9999.000,9999.000,9999.000,9999.000
202605031218,  -0.374,9999.000,9999.000,9999.000,9999.000,9999.000,9999.000,9999.000,9999.000
202605031224,  -0.390,9999.000,9999.000,9999.000,9999.000,9999.000,9999.000,9999.000,9999.000
202605031230,  -0.402,9999.000,9999.000,9999.000,9999.000,9999.000,9999.000,9999.000,9999.000
202605031236,  -0.408,9999.000,9999.000,9999.000,9999.000,9999.000,9999.000,9999.000,9999.000
202605031242,  -0.410,9999.000,9999.000,9999.000,9999.000,9999.000,9999.000,9999.000,9999.000
202605031248,  -0.407,9999.000,9999.000,9999.000,9999.000,9999.000,9999.000,9999.000,9999.000
202605031254,  -0.399,9999.000,9999.000,9999.000,9999.000,9999.000,9999.000,9999.000,9999.000
202605031300,  -0.387,9999.000,   0.300,  -0.064,  -0.151,   0.300,  -0.151,   0.400,  -0.051
202605031306,  -0.370,9999.000,9999.000,9999.000,9999.000,9999.000,9999.000,9999.000,9999.000
202605031312,  -0.348,9999.000,9999.000,9999.000,9999.000,9999.000,9999.000,9999.000,9999.000
202605031318,  -0.322,9999.000,9999.000,9999.000,9999.000,9999.000,9999.000,9999.000,9999.000
202605031324,  -0.291,9999.000,9999.000,9999.000,9999.000,9999.000,9999.000,9999.000,9999.000
202605031330,  -0.257,9999.000,9999.000,9999.000,9999.000,9999.000,9999.000,9999.000,9999.000
202605031336,  -0.218,9999.000,9999.000,9999.000,9999.000,9999.000,9999.000,9999.000,9999.000
202605031342,  -0.175,9999.000,9999.000,9999.000,9999.000,9999.000,9999.000,9999.000,9999.000
202605031348,  -0.127,9999.000,9999.000,9999.000,9999.000,9999.000,9999.000,9999.000,9999.000
202605031354,  -0.076,9999.000,9999.000,9999.000,9999.000,9999.000,9999.000,9999.000,9999.000
202605031400,  -0.022,9999.000,   0.300,  -0.064,   0.214,   0.200,   0.114,   0.300,   0.214
202605031406,   0.036,9999.000,9999.000,9999.000,9999.000,9999.000,9999.000,9999.000,9999.000
202605031412,   0.097,9999.000,9999.000,9999.000,9999.000,9999.000,9999.000,9999.000,9999.000
202605031418,   0.163,9999.000,9999.000,9999.000,9999.000,9999.000,9999.000,9999.000,9999.000
202605031424,   0.231,9999.000,9999.000,9999.000,9999.000,9999.000,9999.000,9999.000,9999.000
202605031430,   0.302,9999.000,9999.000,9999.000,9999.000,9999.000,9999.000,9999.000,9999.000
202605031436,   0.376,9999.000,9999.000,9999.000,9999.000,9999.000,9999.000,9999.000,9999.000
202605031442,   0.453,9999.000,9999.000,9999.000,9999.000,9999.000,9999.000,9999.000,9999.000
202605031448,   0.532,9999.000,9999.000,9999.000,9999.000,9999.000,9999.000,9999.000,9999.000
202605031454,   0.613,9999.000,9999.000,9999.000,9999.000,9999.000,9999.000,9999.000,9999.000
202605031500,   0.696,9999.000,   0.200,  -0.064,   0.832,   0.200,   0.832,   0.300,   0.932
202605031506,   0.780,9999.000,9999.000,9999.000,9999.000,9999.000,9999.000,9999.000,9999.000
202605031512,   0.867,9999.000,9999.000,9999.000,9999.000,9999.000,9999.000,9999.000,9999.000
202605031518,   0.954,9999.000,9999.000,9999.000,9999.000,9999.000,9999.000,9999.000,9999.000
202605031524,   1.042,9999.000,9999.000,9999.000,9999.000,9999.000,9999.000,9999.000,9999.000
202605031530,   1.131,9999.000,9999.000,9999.000,9999.000,9999.000,9999.000,9999.000,9999.000
202605031536,   1.220,9999.000,9999.000,9999.000,9999.000,9999.000,9999.000,9999.000,9999.000
202605031542,   1.310,9999.000,9999.000,9999.000,9999.000,9999.000,9999.000,9999.000,9999.000
202605031548,   1.399,9999.000,9999.000,9999.000,9999.000,9999.000,9999.000,9999.000,9999.000
202605031554,   1.488,9999.000,9999.000,9999.000,9999.000,9999.000,9999.000,9999.000,9999.000
202605031600,   1.576,9999.000,   0.300,  -0.064,   1.812,   0.200,   1.712,   0.300,   1.812
202605031606,   1.664,9999.000,9999.000,9999.000,9999.000,9999.000,9999.000,9999.000,9999.000
202605031612,   1.751,9999.000,9999.000,9999.000,9999.000,9999.000,9999.000,9999.000,9999.000
202605031618,   1.837,9999.000,9999.000,9999.000,9999.000,9999.000,9999.000,9999.000,9999.000
202605031624,   1.921,9999.000,9999.000,9999.000,9999.000,9999.000,9999.000,9999.000,9999.000
202605031630,   2.004,9999.000,9999.000,9999.000,9999.000,9999.000,9999.000,9999.000,9999.000
202605031636,   2.085,9999.000,9999.000,9999.000,9999.000,9999.000,9999.000,9999.000,9999.000
202605031642,   2.164,9999.000,9999.000,9999.000,9999.000,9999.000,9999.000,9999.000,9999.000
202605031648,   2.241,9999.000,9999.000,9999.000,9999.000,9999.000,9999.000,9999.000,9999.000
202605031654,   2.315,9999.000,9999.000,9999.000,9999.000,9999.000,9999.000,9999.000,9999.000
202605031700,   2.388,9999.000,   0.300,  -0.064,   2.624,   0.300,   2.624,   0.300,   2.624
202605031706,   2.458,9999.000,9999.000,9999.000,9999.000,9999.000,9999.000,9999.000,9999.000
202605031712,   2.525,9999.000,9999.000,9999.000,9999.000,9999.000,9999.000,9999.000,9999.000
202605031718,   2.590,9999.000,9999.000,9999.000,9999.000,9999.000,9999.000,9999.000,9999.000
202605031724,   2.652,9999.000,9999.000,9999.000,9999.000,9999.000,9999.000,9999.000,9999.000
202605031730,   2.711,9999.000,9999.000,9999.000,9999.000,9999.000,9999.000,9999.000,9999.000
202605031736,   2.768,9999.000,9999.000,9999.000,9999.000,9999.000,9999.000,9999.000,9999.000
202605031742,   2.821,9999.000,9999.000,9999.000,9999.000,9999.000,9999.000,9999.000,9999.000
202605031748,   2.871,9999.000,9999.000,9999.000,9999.000,9999.000,9999.000,9999.000,9999.000
202605031754,   2.917,9999.000,9999.000,9999.000,9999.000,9999.000,9999.000,9999.000,9999.000
202605031800,   2.961,9999.000,   0.300,  -0.064,   3.197,   0.200,   3.097,   0.300,   3.197
202605031806,   3.001,9999.000,9999.000,9999.000,9999.000,9999.000,9999.000,9999.000,9999.000
202605031812,   3.038,9999.000,9999.000,9999.000,9999.000,9999.000,9999.000,9999.000,9999.000
202605031818,   3.072,9999.000,9999.000,9999.000,9999.000,9999.000,9999.000,9999.000,9999.000
202605031824,   3.102,9999.000,9999.000,9999.000,9999.000,9999.000,9999.000,9999.000,9999.000
202605031830,   3.129,9999.000,9999.000,9999.000,9999.000,9999.000,9999.000,9999.000,9999.000
202605031836,   3.152,9999.000,9999.000,9999.000,9999.000,9999.000,9999.000,9999.000,9999.000
202605031842,   3.172,9999.000,9999.000,9999.000,9999.000,9999.000,9999.000,9999.000,9999.000
202605031848,   3.189,9999.000,9999.000,9999.000,9999.000,9999.000,9999.000,9999.000,9999.000
202605031854,   3.202,9999.000,9999.000,9999.000,9999.000,9999.000,9999.000,9999.000,9999.000
202605031900,   3.212,9999.000,   0.200,  -0.064,   3.348,   0.200,   3.348,   0.200,   3.348
202605031906,   3.218,9999.000,9999.000,9999.000,9999.000,9999.000,9999.000,9999.000,9999.000
202605031912,   3.222,9999.000,9999.000,9999.000,9999.000,9999.000,9999.000,9999.000,9999.000
202605031918,   3.222,9999.000,9999.000,9999.000,9999.000,9999.000,9999.000,9999.000,9999.000
202605031924,   3.220,9999.000,9999.000,9999.000,9999.000,9999.000,9999.000,9999.000,9999.000
202605031930,   3.214,9999.000,9999.000,9999.000,9999.000,9999.000,9999.000,9999.000,9999.000
202605031936,   3.206,9999.000,9999.000,9999.000,9999.000,9999.000,9999.000,9999.000,9999.000
202605031942,   3.195,9999.000,9999.000,9999.000,9999.000,9999.000,9999.000,9999.000,9999.000
202605031948,   3.181,9999.000,9999.000,9999.000,9999.000,9999.000,9999.000,9999.000,9999.000
202605031954,   3.166,9999.000,9999.000,9999.000,9999.000,9999.000,9999.000,9999.000,9999.000
202605032000,   3.148,9999.000,   0.300,  -0.064,   3.384,   0.200,   3.284,   0.300,   3.384
202605032006,   3.127,9999.000,9999.000,9999.000,9999.000,9999.000,9999.000,9999.000,9999.000
202605032012,   3.105,9999.000,9999.000,9999.000,9999.000,9999.000,9999.000,9999.000,9999.000
202605032018,   3.082,9999.000,9999.000,9999.000,9999.000,9999.000,9999.000,9999.000,9999.000
202605032024,   3.056,9999.000,9999.000,9999.000,9999.000,9999.000,9999.000,9999.000,9999.000
202605032030,   3.029,9999.000,9999.000,9999.000,9999.000,9999.000,9999.000,9999.000,9999.000
202605032036,   3.001,9999.000,9999.000,9999.000,9999.000,9999.000,9999.000,9999.000,9999.000
202605032042,   2.972,9999.000,9999.000,9999.000,9999.000,9999.000,9999.000,9999.000,9999.000
202605032048,   2.942,9999.000,9999.000,9999.000,9999.000,9999.000,9999.000,9999.000,9999.000
202605032054,   2.912,9999.000,9999.000,9999.000,9999.000,9999.000,9999.000,9999.000,9999.000
202605032100,   2.880,9999.000,   0.300,  -0.064,   3.116,   0.300,   3.116,   0.400,   3.216
202605032106,   2.849,9999.000,9999.000,9999.000,9999.000,9999.000,9999.000,9999.000,9999.000
202605032112,   2.816,9999.000,9999.000,9999.000,9999.000,9999.000,9999.000,9999.000,9999.000
202605032118,   2.784,9999.000,9999.000,9999.000,9999.000,9999.000,9999.000,9999.000,9999.000
202605032124,   2.752,9999.000,9999.000,9999.000,9999.000,9999.000,9999.000,9999.000,9999.000
202605032130,   2.721,9999.000,9999.000,9999.000,9999.000,9999.000,9999.000,9999.000,9999.000
202605032136,   2.689,9999.000,9999.000,9999.000,9999.000,9999.000,9999.000,9999.000,9999.000
202605032142,   2.658,9999.000,9999.000,9999.000,9999.000,9999.000,9999.000,9999.000,9999.000
202605032148,   2.628,9999.000,9999.000,9999.000,9999.000,9999.000,9999.000,9999.000,9999.000
202605032154,   2.599,9999.000,9999.000,9999.000,9999.000,9999.000,9999.000,9999.000,9999.000
202605032200,   2.571,9999.000,   0.300,  -0.064,   2.807,   0.200,   2.707,   0.300,   2.807
202605032206,   2.543,9999.000,9999.000,9999.000,9999.000,9999.000,9999.000,9999.000,9999.000
202605032212,   2.518,9999.000,9999.000,9999.000,9999.000,9999.000,9999.000,9999.000,9999.000
202605032218,   2.493,9999.000,9999.000,9999.000,9999.000,9999.000,9999.000,9999.000,9999.000
202605032224,   2.471,9999.000,9999.000,9999.000,9999.000,9999.000,9999.000,9999.000,9999.000
202605032230,   2.450,9999.000,9999.000,9999.000,9999.000,9999.000,9999.000,9999.000,9999.000
202605032236,   2.431,9999.000,9999.000,9999.000,9999.000,9999.000,9999.000,9999.000,9999.000
202605032242,   2.414,9999.000,9999.000,9999.000,9999.000,9999.000,9999.000,9999.000,9999.000
202605032248,   2.400,9999.000,9999.000,9999.000,9999.000,9999.000,9999.000,9999.000,9999.000
202605032254,   2.388,9999.000,9999.000,9999.000,9999.000,9999.000,9999.000,9999.000,9999.000
202605032300,   2.378,9999.000,   0.200,  -0.064,   2.514,   0.200,   2.514,   0.200,   2.514
202605032306,   2.371,9999.000,9999.000,9999.000,9999.000,9999.000,9999.000,9999.000,9999.000
202605032312,   2.367,9999.000,9999.000,9999.000,9999.000,9999.000,9999.000,9999.000,9999.000
202605032318,   2.365,9999.000,9999.000,9999.000,9999.000,9999.000,9999.000,9999.000,9999.000
202605032324,   2.366,9999.000,9999.000,9999.000,9999.000,9999.000,9999.000,9999.000,9999.000
202605032330,   2.370,9999.000,9999.000,9999.000,9999.000,9999.000,9999.000,9999.000,9999.000
202605032336,   2.378,9999.000,9999.000,9999.000,9999.000,9999.000,9999.000,9999.000,9999.000
202605032342,   2.388,9999.000,9999.000,9999.000,9999.000,9999.000,9999.000,9999.000,9999.000
202605032348,   2.401,9999.000,9999.000,9999.000,9999.000,9999.000,9999.000,9999.000,9999.000
202605032354,   2.417,9999.000,9999.000,9999.000,9999.000,9999.000,9999.000,9999.000,9999.000
202605040000,   2.437,9999.000,   0.300,  -0.064,   2.673,   0.300,   2.673,   0.400,   2.773
202605040006,   2.459,9999.000,9999.000,9999.000,9999.000,9999.000,9999.000,9999.000,9999.000
202605040012,   2.485,9999.000,9999.000,9999.000,9999.000,9999.000,9999.000,9999.000,9999.000
202605040018,   2.513,9999.000,9999.000,9999.000,9999.000,9999.000,9999.000,9999.000,9999.000
202605040024,   2.544,9999.000,9999.000,9999.000,9999.000,9999.000,9999.000,9999.000,9999.000
202605040030,   2.579,9999.000,9999.000,9999.000,9999.000,9999.000,9999.000,9999.000,9999.000
202605040036,   2.616,9999.000,9999.000,9999.000,9999.000,9999.000,9999.000,9999.000,9999.000
202605040042,   2.656,9999.000,9999.000,9999.000,9999.000,9999.000,9999.000,9999.000,9999.000
202605040048,   2.698,9999.000,9999.000,9999.000,9999.000,9999.000,9999.000,9999.000,9999.000
202605040054,   2.744,9999.000,9999.000,9999.000,9999.000,9999.000,9999.000,9999.000,9999.000
202605040100,   2.791,9999.000,   0.400,  -0.064,   3.127,   0.300,   3.027,   0.400,   3.127
202605040106,   2.841,9999.000,9999.000,9999.000,9999.000,9999.000,9999.000,9999.000,9999.000
202605040112,   2.894,9999.000,9999.000,9999.000,9999.000,9999.000,9999.000,9999.000,9999.000
202605040118,   2.949,9999.000,9999.000,9999.000,9999.000,9999.000,9999.000,9999.000,9999.000
202605040124,   3.006,9999.000,9999.000,9999.000,9999.000,9999.000,9999.000,9999.000,9999.000
202605040130,   3.065,9999.000,9999.000,9999.000,9999.000,9999.000,9999.000,9999.000,9999.000
202605040136,   3.125,9999.000,9999.000,9999.000,9999.000,9999.000,9999.000,9999.000,9999.000
202605040142,   3.188,9999.000,9999.000,9999.000,9999.000,9999.000,9999.000,9999.000,9999.000
202605040148,   3.253,9999.000,9999.000,9999.000,9999.000,9999.000,9999.000,9999.000,9999.000
202605040154,   3.319,9999.000,9999.000,9999.000,9999.000,9999.000,9999.000,9999.000,9999.000
202605040200,   3.387,9999.000,   0.200,  -0.064,   3.523,   0.200,   3.523,   0.300,   3.623
202605040206,   3.456,9999.000,9999.000,9999.000,9999.000,9999.000,9999.000,9999.000,9999.000
202605040212,   3.526,9999.000,9999.000,9999.000,9999.000,9999.000,9999.000,9999.000,9999.000
202605040218,   3.598,9999.000,9999.000,9999.000,9999.000,9999.000,9999.000,9999.000,9999.000
202605040224,   3.670,9999.000,9999.000,9999.000,9999.000,9999.000,9999.000,9999.000,9999.000
202605040230,   3.744,9999.000,9999.000,9999.000,9999.000,9999.000,9999.000,9999.000,9999.000
202605040236,   3.818,9999.000,9999.000,9999.000,9999.000,9999.000,9999.000,9999.000,9999.000
202605040242,   3.892,9999.000,9999.000,9999.000,9999.000,9999.000,9999.000,9999.000,9999.000
202605040248,   3.967,9999.000,9999.000,9999.000,9999.000,9999.000,9999.000,9999.000,9999.000
202605040254,   4.043,9999.000,9999.000,9999.000,9999.000,9999.000,9999.000,9999.000,9999.000
202605040300,   4.118,9999.000,   0.200,  -0.064,   4.254,   0.200,   4.254,   0.200,   4.254
202605040306,   4.193,9999.000,9999.000,9999.000,9999.000,9999.000,9999.000,9999.000,9999.000
202605040312,   4.268,9999.000,9999.000,9999.000,9999.000,9999.000,9999.000,9999.000,9999.000
202605040318,   4.342,9999.000,9999.000,9999.000,9999.000,9999.000,9999.000,9999.000,9999.000
202605040324,   4.415,9999.000,9999.000,9999.000,9999.000,9999.000,9999.000,9999.000,9999.000
202605040330,   4.487,9999.000,9999.000,9999.000,9999.000,9999.000,9999.000,9999.000,9999.000
202605040336,   4.558,9999.000,9999.000,9999.000,9999.000,9999.000,9999.000,9999.000,9999.000
202605040342,   4.628,9999.000,9999.000,9999.000,9999.000,9999.000,9999.000,9999.000,9999.000
202605040348,   4.695,9999.000,9999.000,9999.000,9999.000,9999.000,9999.000,9999.000,9999.000
202605040354,   4.761,9999.000,9999.000,9999.000,9999.000,9999.000,9999.000,9999.000,9999.000
202605040400,   4.825,9999.000,   0.300,  -0.064,   5.061,   0.200,   4.961,   0.300,   5.061
202605040406,   4.886,9999.000,9999.000,9999.000,9999.000,9999.000,9999.000,9999.000,9999.000
202605040412,   4.945,9999.000,9999.000,9999.000,9999.000,9999.000,9999.000,9999.000,9999.000
202605040418,   5.001,9999.000,9999.000,9999.000,9999.000,9999.000,9999.000,9999.000,9999.000
202605040424,   5.054,9999.000,9999.000,9999.000,9999.000,9999.000,9999.000,9999.000,9999.000
202605040430,   5.104,9999.000,9999.000,9999.000,9999.000,9999.000,9999.000,9999.000,9999.000
202605040436,   5.150,9999.000,9999.000,9999.000,9999.000,9999.000,9999.000,9999.000,9999.000
202605040442,   5.193,9999.000,9999.000,9999.000,9999.000,9999.000,9999.000,9999.000,9999.000
202605040448,   5.233,9999.000,9999.000,9999.000,9999.000,9999.000,9999.000,9999.000,9999.000
202605040454,   5.269,9999.000,9999.000,9999.000,9999.000,9999.000,9999.000,9999.000,9999.000
202605040500,   5.301,9999.000,   0.300,  -0.064,   5.537,   0.200,   5.437,   0.300,   5.537
202605040506,   5.329,9999.000,9999.000,9999.000,9999.000,9999.000,9999.000,9999.000,9999.000
202605040512,   5.353,9999.000,9999.000,9999.000,9999.000,9999.000,9999.000,9999.000,9999.000
202605040518,   5.373,9999.000,9999.000,9999.000,9999.000,9999.000,9999.000,9999.000,9999.000
202605040524,   5.389,9999.000,9999.000,9999.000,9999.000,9999.000,9999.000,9999.000,9999.000
202605040530,   5.401,9999.000,9999.000,9999.000,9999.000,9999.000,9999.000,9999.000,9999.000
202605040536,   5.408,9999.000,9999.000,9999.000,9999.000,9999.000,9999.000,9999.000,9999.000
202605040542,   5.411,9999.000,9999.000,9999.000,9999.000,9999.000,9999.000,9999.000,9999.000
202605040548,   5.410,9999.000,9999.000,9999.000,9999.000,9999.000,9999.000,9999.000,9999.000
202605040554,   5.404,9999.000,9999.000,9999.000,9999.000,9999.000,9999.000,9999.000,9999.000
202605040600,   5.394,9999.000,   0.200,  -0.064,   5.530,   0.100,   5.430,   0.200,   5.530
202605040606,   5.380,9999.000,9999.000,9999.000,9999.000,9999.000,9999.000,9999.000,9999.000
202605040612,   5.361,9999.000,9999.000,9999.000,9999.000,9999.000,9999.000,9999.000,9999.000
202605040618,   5.337,9999.000,9999.000,9999.000,9999.000,9999.000,9999.000,9999.000,9999.000
202605040624,   5.309,9999.000,9999.000,9999.000,9999.000,9999.000,9999.000,9999.000,9999.000
202605040630,   5.277,9999.000,9999.000,9999.000,9999.000,9999.000,9999.000,9999.000,9999.000
202605040636,   5.240,9999.000,9999.000,9999.000,9999.000,9999.000,9999.000,9999.000,9999.000
202605040642,   5.198,9999.000,9999.000,9999.000,9999.000,9999.000,9999.000,9999.000,9999.000
202605040648,   5.152,9999.000,9999.000,9999.000,9999.000,9999.000,9999.000,9999.000,9999.000
202605040654,   5.102,9999.000,9999.000,9999.000,9999.000,9999.000,9999.000,9999.000,9999.000
202605040700,   5.047,9999.000,   0.100,  -0.064,   5.083,   0.100,   5.083,   0.200,   5.183
202605040706,   4.989,9999.000,9999.000,9999.000,9999.000,9999.000,9999.000,9999.000,9999.000
202605040712,   4.925,9999.000,9999.000,9999.000,9999.000,9999.000,9999.000,9999.000,9999.000
202605040718,   4.858,9999.000,9999.000,9999.000,9999.000,9999.000,9999.000,9999.000,9999.000
202605040724,   4.787,9999.000,9999.000,9999.000,9999.000,9999.000,9999.000,9999.000,9999.000
202605040730,   4.711,9999.000,9999.000,9999.000,9999.000,9999.000,9999.000,9999.000,9999.000
202605040736,   4.632,9999.000,9999.000,9999.000,9999.000,9999.000,9999.000,9999.000,9999.000
202605040742,   4.549,9999.000,9999.000,9999.000,9999.000,9999.000,9999.000,9999.000,9999.000
202605040748,   4.462,9999.000,9999.000,9999.000,9999.000,9999.000,9999.000,9999.000,9999.000
202605040754,   4.372,9999.000,9999.000,9999.000,9999.000,9999.000,9999.000,9999.000,9999.000
202605040800,   4.279,9999.000,   0.200,  -0.064,   4.415,   0.200,   4.415,   0.200,   4.415
202605040806,   4.182,9999.000,9999.000,9999.000,9999.000,9999.000,9999.000,9999.000,9999.000
202605040812,   4.083,9999.000,9999.000,9999.000,9999.000,9999.000,9999.000,9999.000,9999.000
202605040818,   3.980,9999.000,9999.000,9999.000,9999.000,9999.000,9999.000,9999.000,9999.000
202605040824,   3.875,9999.000,9999.000,9999.000,9999.000,9999.000,9999.000,9999.000,9999.000
202605040830,   3.768,9999.000,9999.000,9999.000,9999.000,9999.000,9999.000,9999.000,9999.000
202605040836,   3.659,9999.000,9999.000,9999.000,9999.000,9999.000,9999.000,9999.000,9999.000
202605040842,   3.547,9999.000,9999.000,9999.000,9999.000,9999.000,9999.000,9999.000,9999.000
202605040848,   3.434,9999.000,9999.000,9999.000,9999.000,9999.000,9999.000,9999.000,9999.000
202605040854,   3.319,9999.000,9999.000,9999.000,9999.000,9999.000,9999.000,9999.000,9999.000
202605040900,   3.203,9999.000,   0.300,  -0.064,   3.439,   0.200,   3.339,   0.300,   3.439
202605040906,   3.086,9999.000,9999.000,9999.000,9999.000,9999.000,9999.000,9999.000,9999.000
202605040912,   2.968,9999.000,9999.000,9999.000,9999.000,9999.000,9999.000,9999.000,9999.000
202605040918,   2.850,9999.000,9999.000,9999.000,9999.000,9999.000,9999.000,9999.000,9999.000
202605040924,   2.730,9999.000,9999.000,9999.000,9999.000,9999.000,9999.000,9999.000,9999.000
202605040930,   2.611,9999.000,9999.000,9999.000,9999.000,9999.000,9999.000,9999.000,9999.000
202605040936,   2.491,9999.000,9999.000,9999.000,9999.000,9999.000,9999.000,9999.000,9999.000
202605040942,   2.372,9999.000,9999.000,9999.000,9999.000,9999.000,9999.000,9999.000,9999.000
202605040948,   2.253,9999.000,9999.000,9999.000,9999.000,9999.000,9999.000,9999.000,9999.000
202605040954,   2.135,9999.000,9999.000,9999.000,9999.000,9999.000,9999.000,9999.000,9999.000
202605041000,   2.017,9999.000,   0.200,  -0.064,   2.153,   0.200,   2.153,   0.200,   2.153
202605041006,   1.901,9999.000,9999.000,9999.000,9999.000,9999.000,9999.000,9999.000,9999.000
202605041012,   1.785,9999.000,9999.000,9999.000,9999.000,9999.000,9999.000,9999.000,9999.000
202605041018,   1.671,9999.000,9999.000,9999.000,9999.000,9999.000,9999.000,9999.000,9999.000
202605041024,   1.559,9999.000,9999.000,9999.000,9999.000,9999.000,9999.000,9999.000,9999.000
202605041030,   1.448,9999.000,9999.000,9999.000,9999.000,9999.000,9999.000,9999.000,9999.000
202605041036,   1.340,9999.000,9999.000,9999.000,9999.000,9999.000,9999.000,9999.000,9999.000
202605041042,   1.233,9999.000,9999.000,9999.000,9999.000,9999.000,9999.000,9999.000,9999.000
202605041048,   1.129,9999.000,9999.000,9999.000,9999.000,9999.000,9999.000,9999.000,9999.000
202605041054,   1.028,9999.000,9999.000,9999.000,9999.000,9999.000,9999.000,9999.000,9999.000
202605041100,   0.929,9999.000,   0.100,  -0.064,   0.965,   0.100,   0.965,   0.200,   1.065
202605041106,   0.833,9999.000,9999.000,9999.000,9999.000,9999.000,9999.000,9999.000,9999.000
202605041112,   0.740,9999.000,9999.000,9999.000,9999.000,9999.000,9999.000,9999.000,9999.000
202605041118,   0.651,9999.000,9999.000,9999.000,9999.000,9999.000,9999.000,9999.000,9999.000
202605041124,   0.565,9999.000,9999.000,9999.000,9999.000,9999.000,9999.000,9999.000,9999.000
202605041130,   0.482,9999.000,9999.000,9999.000,9999.000,9999.000,9999.000,9999.000,9999.000
202605041136,   0.403,9999.000,9999.000,9999.000,9999.000,9999.000,9999.000,9999.000,9999.000
202605041142,   0.328,9999.000,9999.000,9999.000,9999.000,9999.000,9999.000,9999.000,9999.000
202605041148,   0.258,9999.000,9999.000,9999.000,9999.000,9999.000,9999.000,9999.000,9999.000
202605041154,   0.191,9999.000,9999.000,9999.000,9999.000,9999.000,9999.000,9999.000,9999.000
202605041200,   0.128,9999.000,   0.200,  -0.064,   0.264,   0.200,   0.264,   0.200,   0.264
202605041206,   0.070,9999.000,9999.000,9999.000,9999.000,9999.000,9999.000,9999.000,9999.000
202605041212,   0.016,9999.000,9999.000,9999.000,9999.000,9999.000,9999.000,9999.000,9999.000
202605041218,  -0.033,9999.000,9999.000,9999.000,9999.000,9999.000,9999.000,9999.000,9999.000
202605041224,  -0.078,9999.000,9999.000,9999.000,9999.000,9999.000,9999.000,9999.000,9999.000
202605041230,  -0.119,9999.000,9999.000,9999.000,9999.000,9999.000,9999.000,9999.000,9999.000
202605041236,  -0.155,9999.000,9999.000,9999.000,9999.000,9999.000,9999.000,9999.000,9999.000
202605041242,  -0.187,9999.000,9999.000,9999.000,9999.000,9999.000,9999.000,9999.000,9999.000
202605041248,  -0.214,9999.000,9999.000,9999.000,9999.000,9999.000,9999.000,9999.000,9999.000
202605041254,  -0.236,9999.000,9999.000,9999.000,9999.000,9999.000,9999.000,9999.000,9999.000
202605041300,  -0.254,9999.000,   0.300,  -0.064,  -0.018,   0.200,  -0.118,   0.300,  -0.018
202605041306,  -0.268,9999.000,9999.000,9999.000,9999.000,9999.000,9999.000,9999.000,9999.000
202605041312,  -0.277,9999.000,9999.000,9999.000,9999.000,9999.000,9999.000,9999.000,9999.000
202605041318,  -0.282,9999.000,9999.000,9999.000,9999.000,9999.000,9999.000,9999.000,9999.000
202605041324,  -0.282,9999.000,9999.000,9999.000,9999.000,9999.000,9999.000,9999.000,9999.000
202605041330,  -0.278,9999.000,9999.000,9999.000,9999.000,9999.000,9999.000,9999.000,9999.000
202605041336,  -0.270,9999.000,9999.000,9999.000,9999.000,9999.000,9999.000,9999.000,9999.000
202605041342,  -0.258,9999.000,9999.000,9999.000,9999.000,9999.000,9999.000,9999.000,9999.000
202605041348,  -0.241,9999.000,9999.000,9999.000,9999.000,9999.000,9999.000,9999.000,9999.000
202605041354,  -0.220,9999.000,9999.000,9999.000,9999.000,9999.000,9999.000,9999.000,9999.000
202605041400,  -0.196,9999.000,   0.200,  -0.064,  -0.060,   0.100,  -0.160,   0.200,  -0.060
202605041406,  -0.167,9999.000,9999.000,9999.000,9999.000,9999.000,9999.000,9999.000,9999.000
202605041412,  -0.134,9999.000,9999.000,9999.000,9999.000,9999.000,9999.000,9999.000,9999.000
202605041418,  -0.098,9999.000,9999.000,9999.000,9999.000,9999.000,9999.000,9999.000,9999.000
202605041424,  -0.058,9999.000,9999.000,9999.000,9999.000,9999.000,9999.000,9999.000,9999.000
202605041430,  -0.015,9999.000,9999.000,9999.000,9999.000,9999.000,9999.000,9999.000,9999.000
202605041436,   0.031,9999.000,9999.000,9999.000,9999.000,9999.000,9999.000,9999.000,9999.000
202605041442,   0.082,9999.000,9999.000,9999.000,9999.000,9999.000,9999.000,9999.000,9999.000
202605041448,   0.135,9999.000,9999.000,9999.000,9999.000,9999.000,9999.000,9999.000,9999.000
202605041454,   0.192,9999.000,9999.000,9999.000,9999.000,9999.000,9999.000,9999.000,9999.000
202605041500,   0.251,9999.000,   0.100,  -0.064,   0.287,   0.100,   0.287,   0.100,   0.287
202605041506,   0.314,9999.000,9999.000,9999.000,9999.000,9999.000,9999.000,9999.000,9999.000
202605041512,   0.379,9999.000,9999.000,9999.000,9999.000,9999.000,9999.000,9999.000,9999.000
202605041518,   0.446,9999.000,9999.000,9999.000,9999.000,9999.000,9999.000,9999.000,9999.000
202605041524,   0.516,9999.000,9999.000,9999.000,9999.000,9999.000,9999.000,9999.000,9999.000
202605041530,   0.587,9999.000,9999.000,9999.000,9999.000,9999.000,9999.000,9999.000,9999.000
202605041536,   0.661,9999.000,9999.000,9999.000,9999.000,9999.000,9999.000,9999.000,9999.000
202605041542,   0.736,9999.000,9999.000,9999.000,9999.000,9999.000,9999.000,9999.000,9999.000
202605041548,   0.812,9999.000,9999.000,9999.000,9999.000,9999.000,9999.000,9999.000,9999.000
202605041554,   0.890,9999.000,9999.000,9999.000,9999.000,9999.000,9999.000,9999.000,9999.000
202605041600,   0.969,9999.000,   0.200,  -0.064,   1.105,   0.100,   1.005,   0.200,   1.105
202605041606,   1.048,9999.000,9999.000,9999.000,9999.000,9999.000,9999.000,9999.000,9999.000
202605041612,   1.128,9999.000,9999.000,9999.000,9999.000,9999.000,9999.000,9999.000,9999.000
202605041618,   1.208,9999.000,9999.000,9999.000,9999.000,9999.000,9999.000,9999.000,9999.000
202605041624,   1.288,9999.000,9999.000,9999.000,9999.000,9999.000,9999.000,9999.000,9999.000
202605041630,   1.369,9999.000,9999.000,9999.000,9999.000,9999.000,9999.000,9999.000,9999.000
202605041636,   1.448,9999.000,9999.000,9999.000,9999.000,9999.000,9999.000,9999.000,9999.000
202605041642,   1.527,9999.000,9999.000,9999.000,9999.000,9999.000,9999.000,9999.000,9999.000
202605041648,   1.606,9999.000,9999.000,9999.000,9999.000,9999.000,9999.000,9999.000,9999.000
202605041654,   1.683,9999.000,9999.000,9999.000,9999.000,9999.000,9999.000,9999.000,9999.000
202605041700,   1.760,9999.000,   0.200,  -0.064,   1.896,   0.200,   1.896,   0.300,   1.996
202605041706,   1.835,9999.000,9999.000,9999.000,9999.000,9999.000,9999.000,9999.000,9999.000
202605041712,   1.909,9999.000,9999.000,9999.000,9999.000,9999.000,9999.000,9999.000,9999.000
202605041718,   1.981,9999.000,9999.000,9999.000,9999.000,9999.000,9999.000,9999.000,9999.000
202605041724,   2.052,9999.000,9999.000,9999.000,9999.000,9999.000,9999.000,9999.000,9999.000
202605041730,   2.121,9999.000,9999.000,9999.000,9999.000,9999.000,9999.000,9999.000,9999.000
202605041736,   2.188,9999.000,9999.000,9999.000,9999.000,9999.000,9999.000,9999.000,9999.000
202605041742,   2.253,9999.000,9999.000,9999.000,9999.000,9999.000,9999.000,9999.000,9999.000
202605041748,   2.316,9999.000,9999.000,9999.000,9999.000,9999.000,9999.000,9999.000,9999.000
202605041754,   2.376,9999.000,9999.000,9999.000,9999.000,9999.000,9999.000,9999.000,9999.000
202605041800,   2.435,9999.000,   0.100,  -0.064,   2.471,   0.100,   2.471,   0.200,   2.571
202605041806,   2.491,9999.000,9999.000,9999.000,9999.000,9999.000,9999.000,9999.000,9999.000
202605041812,   2.545,9999.000,9999.000,9999.000,9999.000,9999.000,9999.000,9999.000,9999.000
202605041818,   2.597,9999.000,9999.000,9999.000,9999.000,9999.000,9999.000,9999.000,9999.000
202605041824,   2.646,9999.000,9999.000,9999.000,9999.000,9999.000,9999.000,9999.000,9999.000
202605041830,   2.692,9999.000,9999.000,9999.000,9999.000,9999.000,9999.000,9999.000,9999.000
202605041836,   2.736,9999.000,9999.000,9999.000,9999.000,9999.000,9999.000,9999.000,9999.000
202605041842,   2.778,9999.000,9999.000,9999.000,9999.000,9999.000,9999.000,9999.000,9999.000
202605041848,   2.816,9999.000,9999.000,9999.000,9999.000,9999.000,9999.000,9999.000,9999.000
202605041854,   2.852,9999.000,9999.000,9999.000,9999.000,9999.000,9999.000,9999.000,9999.000
202605041900,   2.885,9999.000,   0.100,  -0.064,   2.921,   0.100,   2.921,   0.200,   3.021
202605041906,   2.916,9999.000,9999.000,9999.000,9999.000,9999.000,9999.000,9999.000,9999.000
202605041912,   2.943,9999.000,9999.000,9999.000,9999.000,9999.000,9999.000,9999.000,9999.000
202605041918,   2.968,9999.000,9999.000,9999.000,9999.000,9999.000,9999.000,9999.000,9999.000
202605041924,   2.990,9999.000,9999.000,9999.000,9999.000,9999.000,9999.000,9999.000,9999.000
202605041930,   3.009,9999.000,9999.000,9999.000,9999.000,9999.000,9999.000,9999.000,9999.000
202605041936,   3.026,9999.000,9999.000,9999.000,9999.000,9999.000,9999.000,9999.000,9999.000
202605041942,   3.039,9999.000,9999.000,9999.000,9999.000,9999.000,9999.000,9999.000,9999.000
202605041948,   3.050,9999.000,9999.000,9999.000,9999.000,9999.000,9999.000,9999.000,9999.000
202605041954,   3.059,9999.000,9999.000,9999.000,9999.000,9999.000,9999.000,9999.000,9999.000
202605042000,   3.064,9999.000,   0.200,  -0.064,   3.200,   0.200,   3.200,   0.300,   3.300
202605042006,   3.067,9999.000,9999.000,9999.000,9999.000,9999.000,9999.000,9999.000,9999.000
202605042012,   3.068,9999.000,9999.000,9999.000,9999.000,9999.000,9999.000,9999.000,9999.000
202605042018,   3.066,9999.000,9999.000,9999.000,9999.000,9999.000,9999.000,9999.000,9999.000
202605042024,   3.062,9999.000,9999.000,9999.000,9999.000,9999.000,9999.000,9999.000,9999.000
202605042030,   3.056,9999.000,9999.000,9999.000,9999.000,9999.000,9999.000,9999.000,9999.000
202605042036,   3.047,9999.000,9999.000,9999.000,9999.000,9999.000,9999.000,9999.000,9999.000
202605042042,   3.037,9999.000,9999.000,9999.000,9999.000,9999.000,9999.000,9999.000,9999.000
202605042048,   3.025,9999.000,9999.000,9999.000,9999.000,9999.000,9999.000,9999.000,9999.000
202605042054,   3.012,9999.000,9999.000,9999.000,9999.000,9999.000,9999.000,9999.000,9999.000
202605042100,   2.997,9999.000,   0.200,  -0.064,   3.133,   0.200,   3.133,   0.300,   3.233
202605042106,   2.981,9999.000,9999.000,9999.000,9999.000,9999.000,9999.000,9999.000,9999.000
202605042112,   2.963,9999.000,9999.000,9999.000,9999.000,9999.000,9999.000,9999.000,9999.000
202605042118,   2.945,9999.000,9999.000,9999.000,9999.000,9999.000,9999.000,9999.000,9999.000
202605042124,   2.926,9999.000,9999.000,9999.000,9999.000,9999.000,9999.000,9999.000,9999.000
202605042130,   2.906,9999.000,9999.000,9999.000,9999.000,9999.000,9999.000,9999.000,9999.000
202605042136,   2.886,9999.000,9999.000,9999.000,9999.000,9999.000,9999.000,9999.000,9999.000
202605042142,   2.865,9999.000,9999.000,9999.000,9999.000,9999.000,9999.000,9999.000,9999.000
202605042148,   2.844,9999.000,9999.000,9999.000,9999.000,9999.000,9999.000,9999.000,9999.000
202605042154,   2.824,9999.000,9999.000,9999.000,9999.000,9999.000,9999.000,9999.000,9999.000
202605042200,   2.803,9999.000,   0.200,  -0.064,   2.939,   0.200,   2.939,   0.200,   2.939
202605042206,   2.782,9999.000,9999.000,9999.000,9999.000,9999.000,9999.000,9999.000,9999.000
202605042212,   2.762,9999.000,9999.000,9999.000,9999.000,9999.000,9999.000,9999.000,9999.000
202605042218,   2.742,9999.000,9999.000,9999.000,9999.000,9999.000,9999.000,9999.000,9999.000
202605042224,   2.723,9999.000,9999.000,9999.000,9999.000,9999.000,9999.000,9999.000,9999.000
202605042230,   2.705,9999.000,9999.000,9999.000,9999.000,9999.000,9999.000,9999.000,9999.000
202605042236,   2.687,9999.000,9999.000,9999.000,9999.000,9999.000,9999.000,9999.000,9999.000
202605042242,   2.671,9999.000,9999.000,9999.000,9999.000,9999.000,9999.000,9999.000,9999.000
202605042248,   2.655,9999.000,9999.000,9999.000,9999.000,9999.000,9999.000,9999.000,9999.000
202605042254,   2.641,9999.000,9999.000,9999.000,9999.000,9999.000,9999.000,9999.000,9999.000
202605042300,   2.628,9999.000,   0.200,  -0.064,   2.764,   0.100,   2.664,   0.200,   2.764
202605042306,   2.617,9999.000,9999.000,9999.000,9999.000,9999.000,9999.000,9999.000,9999.000
202605042312,   2.607,9999.000,9999.000,9999.000,9999.000,9999.000,9999.000,9999.000,9999.000
202605042318,   2.599,9999.000,9999.000,9999.000,9999.000,9999.000,9999.000,9999.000,9999.000
202605042324,   2.592,9999.000,9999.000,9999.000,9999.000,9999.000,9999.000,9999.000,9999.000
202605042330,   2.588,9999.000,9999.000,9999.000,9999.000,9999.000,9999.000,9999.000,9999.000
202605042336,   2.585,9999.000,9999.000,9999.000,9999.000,9999.000,9999.000,9999.000,9999.000
202605042342,   2.584,9999.000,9999.000,9999.000,9999.000,9999.000,9999.000,9999.000,9999.000
202605042348,   2.586,9999.000,9999.000,9999.000,9999.000,9999.000,9999.000,9999.000,9999.000
202605042354,   2.589,9999.000,9999.000,9999.000,9999.000,9999.000,9999.000,9999.000,9999.000
202605050000,   2.595,9999.000,   0.300,  -0.064,   2.831,   0.200,   2.731,   0.300,   2.831
202605050006,   2.603,9999.000,9999.000,9999.000,9999.000,9999.000,9999.000,9999.000,9999.000
202605050012,   2.614,9999.000,9999.000,9999.000,9999.000,9999.000,9999.000,9999.000,9999.000
202605050018,   2.627,9999.000,9999.000,9999.000,9999.000,9999.000,9999.000,9999.000,9999.000
202605050024,   2.642,9999.000,9999.000,9999.000,9999.000,9999.000,9999.000,9999.000,9999.000
202605050030,   2.660,9999.000,9999.000,9999.000,9999.000,9999.000,9999.000,9999.000,9999.000
202605050036,   2.681,9999.000,9999.000,9999.000,9999.000,9999.000,9999.000,9999.000,9999.000
202605050042,   2.704,9999.000,9999.000,9999.000,9999.000,9999.000,9999.000,9999.000,9999.000
202605050048,   2.729,9999.000,9999.000,9999.000,9999.000,9999.000,9999.000,9999.000,9999.000
202605050054,   2.757,9999.000,9999.000,9999.000,9999.000,9999.000,9999.000,9999.000,9999.000
202605050100,   2.787,9999.000,   0.300,  -0.064,   3.023,   0.300,   3.023,   0.400,   3.123
202605050106,   2.819,9999.000,9999.000,9999.000,9999.000,9999.000,9999.000,9999.000,9999.000
202605050112,   2.854,9999.000,9999.000,9999.000,9999.000,9999.000,9999.000,9999.000,9999.000
202605050118,   2.891,9999.000,9999.000,9999.000,9999.000,9999.000,9999.000,9999.000,9999.000
202605050124,   2.931,9999.000,9999.000,9999.000,9999.000,9999.000,9999.000,9999.000,9999.000
202605050130,   2.972,9999.000,9999.000,9999.000,9999.000,9999.000,9999.000,9999.000,9999.000
202605050136,   3.016,9999.000,9999.000,9999.000,9999.000,9999.000,9999.000,9999.000,9999.000
202605050142,   3.062,9999.000,9999.000,9999.000,9999.000,9999.000,9999.000,9999.000,9999.000
202605050148,   3.109,9999.000,9999.000,9999.000,9999.000,9999.000,9999.000,9999.000,9999.000
202605050154,   3.158,9999.000,9999.000,9999.000,9999.000,9999.000,9999.000,9999.000,9999.000
202605050200,   3.209,9999.000,   0.200,  -0.064,   3.345,   0.200,   3.345,   0.300,   3.445
202605050206,   3.262,9999.000,9999.000,9999.000,9999.000,9999.000,9999.000,9999.000,9999.000
202605050212,   3.316,9999.000,9999.000,9999.000,9999.000,9999.000,9999.000,9999.000,9999.000
202605050218,   3.372,9999.000,9999.000,9999.000,9999.000,9999.000,9999.000,9999.000,9999.000
202605050224,   3.429,9999.000,9999.000,9999.000,9999.000,9999.000,9999.000,9999.000,9999.000
202605050230,   3.487,9999.000,9999.000,9999.000,9999.000,9999.000,9999.000,9999.000,9999.000
202605050236,   3.547,9999.000,9999.000,9999.000,9999.000,9999.000,9999.000,9999.000,9999.000
202605050242,   3.607,9999.000,9999.000,9999.000,9999.000,9999.000,9999.000,9999.000,9999.000
202605050248,   3.668,9999.000,9999.000,9999.000,9999.000,9999.000,9999.000,9999.000,9999.000
202605050254,   3.731,9999.000,9999.000,9999.000,9999.000,9999.000,9999.000,9999.000,9999.000
202605050300,   3.793,9999.000,   0.200,  -0.064,   3.929,   0.100,   3.829,   0.200,   3.929
202605050306,   3.857,9999.000,9999.000,9999.000,9999.000,9999.000,9999.000,9999.000,9999.000
202605050312,   3.921,9999.000,9999.000,9999.000,9999.000,9999.000,9999.000,9999.000,9999.000
202605050318,   3.985,9999.000,9999.000,9999.000,9999.000,9999.000,9999.000,9999.000,9999.000
202605050324,   4.049,9999.000,9999.000,9999.000,9999.000,9999.000,9999.000,9999.000,9999.000
202605050330,   4.113,9999.000,9999.000,9999.000,9999.000,9999.000,9999.000,9999.000,9999.000
202605050336,   4.177,9999.000,9999.000,9999.000,9999.000,9999.000,9999.000,9999.000,9999.000
202605050342,   4.240,9999.000,9999.000,9999.000,9999.000,9999.000,9999.000,9999.000,9999.000
202605050348,   4.303,9999.000,9999.000,9999.000,9999.000,9999.000,9999.000,9999.000,9999.000
202605050354,   4.366,9999.000,9999.000,9999.000,9999.000,9999.000,9999.000,9999.000,9999.000
202605050400,   4.427,9999.000,   0.200,  -0.064,   4.563,   0.200,   4.563,   0.300,   4.663
202605050406,   4.488,9999.000,9999.000,9999.000,9999.000,9999.000,9999.000,9999.000,9999.000
202605050412,   4.547,9999.000,9999.000,9999.000,9999.000,9999.000,9999.000,9999.000,9999.000
202605050418,   4.604,9999.000,9999.000,9999.000,9999.000,9999.000,9999.000,9999.000,9999.000
202605050424,   4.660,9999.000,9999.000,9999.000,9999.000,9999.000,9999.000,9999.000,9999.000
202605050430,   4.714,9999.000,9999.000,9999.000,9999.000,9999.000,9999.000,9999.000,9999.000
202605050436,   4.767,9999.000,9999.000,9999.000,9999.000,9999.000,9999.000,9999.000,9999.000
202605050442,   4.817,9999.000,9999.000,9999.000,9999.000,9999.000,9999.000,9999.000,9999.000
202605050448,   4.864,9999.000,9999.000,9999.000,9999.000,9999.000,9999.000,9999.000,9999.000
202605050454,   4.909,9999.000,9999.000,9999.000,9999.000,9999.000,9999.000,9999.000,9999.000
202605050500,   4.952,9999.000,   0.300,  -0.064,   5.188,   0.300,   5.188,   0.300,   5.188
202605050506,   4.991,9999.000,9999.000,9999.000,9999.000,9999.000,9999.000,9999.000,9999.000
202605050512,   5.028,9999.000,9999.000,9999.000,9999.000,9999.000,9999.000,9999.000,9999.000
202605050518,   5.062,9999.000,9999.000,9999.000,9999.000,9999.000,9999.000,9999.000,9999.000
202605050524,   5.092,9999.000,9999.000,9999.000,9999.000,9999.000,9999.000,9999.000,9999.000
202605050530,   5.119,9999.000,9999.000,9999.000,9999.000,9999.000,9999.000,9999.000,9999.000
202605050536,   5.143,9999.000,9999.000,9999.000,9999.000,9999.000,9999.000,9999.000,9999.000
202605050542,   5.163,9999.000,9999.000,9999.000,9999.000,9999.000,9999.000,9999.000,9999.000
202605050548,   5.180,9999.000,9999.000,9999.000,9999.000,9999.000,9999.000,9999.000,9999.000
202605050554,   5.193,9999.000,9999.000,9999.000,9999.000,9999.000,9999.000,9999.000,9999.000
202605050600,   5.203,9999.000,   0.200,  -0.064,   5.339,   0.100,   5.239,   0.200,   5.339
202605050606,   5.209,9999.000,9999.000,9999.000,9999.000,9999.000,9999.000,9999.000,9999.000
202605050612,   5.211,9999.000,9999.000,9999.000,9999.000,9999.000,9999.000,9999.000,9999.000
202605050618,   5.210,9999.000,9999.000,9999.000,9999.000,9999.000,9999.000,9999.000,9999.000
202605050624,   5.205,9999.000,9999.000,9999.000,9999.000,9999.000,9999.000,9999.000,9999.000
202605050630,   5.196,9999.000,9999.000,9999.000,9999.000,9999.000,9999.000,9999.000,9999.000
202605050636,   5.183,9999.000,9999.000,9999.000,9999.000,9999.000,9999.000,9999.000,9999.000
202605050642,   5.167,9999.000,9999.000,9999.000,9999.000,9999.000,9999.000,9999.000,9999.000
202605050648,   5.146,9999.000,9999.000,9999.000,9999.000,9999.000,9999.000,9999.000,9999.000
202605050654,   5.122,9999.000,9999.000,9999.000,9999.000,9999.000,9999.000,9999.000,9999.000
202605050700,   5.094,9999.000,   0.100,  -0.064,   5.130,   0.000,   5.030,   0.100,   5.130
202605050706,   5.063,9999.000,9999.000,9999.000,9999.000,9999.000,9999.000,9999.000,9999.000
202605050712,   5.027,9999.000,9999.000,9999.000,9999.000,9999.000,9999.000,9999.000,9999.000
202605050718,   4.988,9999.000,9999.000,9999.000,9999.000,9999.000,9999.000,9999.000,9999.000
202605050724,   4.945,9999.000,9999.000,9999.000,9999.000,9999.000,9999.000,9999.000,9999.000
202605050730,   4.898,9999.000,9999.000,9999.000,9999.000,9999.000,9999.000,9999.000,9999.000
202605050736,   4.848,9999.000,9999.000,9999.000,9999.000,9999.000,9999.000,9999.000,9999.000
202605050742,   4.794,9999.000,9999.000,9999.000,9999.000,9999.000,9999.000,9999.000,9999.000
202605050748,   4.736,9999.000,9999.000,9999.000,9999.000,9999.000,9999.000,9999.000,9999.000
202605050754,   4.674,9999.000,9999.000,9999.000,9999.000,9999.000,9999.000,9999.000,9999.000
202605050800,   4.609,9999.000,   0.200,  -0.064,   4.745,   0.200,   4.745,   0.300,   4.845
202605050806,   4.541,9999.000,9999.000,9999.000,9999.000,9999.000,9999.000,9999.000,9999.000
202605050812,   4.469,9999.000,9999.000,9999.000,9999.000,9999.000,9999.000,9999.000,9999.000
202605050818,   4.393,9999.000,9999.000,9999.000,9999.000,9999.000,9999.000,9999.000,9999.000
202605050824,   4.315,9999.000,9999.000,9999.000,9999.000,9999.000,9999.000,9999.000,9999.000
202605050830,   4.233,9999.000,9999.000,9999.000,9999.000,9999.000,9999.000,9999.000,9999.000
202605050836,   4.149,9999.000,9999.000,9999.000,9999.000,9999.000,9999.000,9999.000,9999.000
202605050842,   4.061,9999.000,9999.000,9999.000,9999.000,9999.000,9999.000,9999.000,9999.000
202605050848,   3.971,9999.000,9999.000,9999.000,9999.000,9999.000,9999.000,9999.000,9999.000
202605050854,   3.878,9999.000,9999.000,9999.000,9999.000,9999.000,9999.000,9999.000,9999.000
202605050900,   3.783,9999.000,   0.300,  -0.064,   4.019,   0.300,   4.019,   0.400,   4.119
202605050906,   3.686,9999.000,9999.000,9999.000,9999.000,9999.000,9999.000,9999.000,9999.000
202605050912,   3.587,9999.000,9999.000,9999.000,9999.000,9999.000,9999.000,9999.000,9999.000
202605050918,   3.486,9999.000,9999.000,9999.000,9999.000,9999.000,9999.000,9999.000,9999.000
202605050924,   3.383,9999.000,9999.000,9999.000,9999.000,9999.000,9999.000,9999.000,9999.000
202605050930,   3.279,9999.000,9999.000,9999.000,9999.000,9999.000,9999.000,9999.000,9999.000
202605050936,   3.174,9999.000,9999.000,9999.000,9999.000,9999.000,9999.000,9999.000,9999.000
202605050942,   3.067,9999.000,9999.000,9999.000,9999.000,9999.000,9999.000,9999.000,9999.000
202605050948,   2.960,9999.000,9999.000,9999.000,9999.000,9999.000,9999.000,9999.000,9999.000
202605050954,   2.853,9999.000,9999.000,9999.000,9999.000,9999.000,9999.000,9999.000,9999.000
202605051000,   2.745,9999.000,   0.200,  -0.064,   2.881,   0.200,   2.881,   0.200,   2.881
202605051006,   2.636,9999.000,9999.000,9999.000,9999.000,9999.000,9999.000,9999.000,9999.000
202605051012,   2.528,9999.000,9999.000,9999.000,9999.000,9999.000,9999.000,9999.000,9999.000
202605051018,   2.420,9999.000,9999.000,9999.000,9999.000,9999.000,9999.000,9999.000,9999.000
202605051024,   2.312,9999.000,9999.000,9999.000,9999.000,9999.000,9999.000,9999.000,9999.000
202605051030,   2.205,9999.000,9999.000,9999.000,9999.000,9999.000,9999.000,9999.000,9999.000
202605051036,   2.098,9999.000,9999.000,9999.000,9999.000,9999.000,9999.000,9999.000,9999.000
202605051042,   1.992,9999.000,9999.000,9999.000,9999.000,9999.000,9999.000,9999.000,9999.000
202605051048,   1.888,9999.000,9999.000,9999.000,9999.000,9999.000,9999.000,9999.000,9999.000
202605051054,   1.784,9999.000,9999.000,9999.000,9999.000,9999.000,9999.000,9999.000,9999.000
202605051100,   1.682,9999.000,   0.200,  -0.064,   1.818,   0.100,   1.718,   0.200,   1.818
202605051106,   1.581,9999.000,9999.000,9999.000,9999.000,9999.000,9999.000,9999.000,9999.000
202605051112,   1.482,9999.000,9999.000,9999.000,9999.000,9999.000,9999.000,9999.000,9999.000
202605051118,   1.385,9999.000,9999.000,9999.000,9999.000,9999.000,9999.000,9999.000,9999.000
202605051124,   1.289,9999.000,9999.000,9999.000,9999.000,9999.000,9999.000,9999.000,9999.000
202605051130,   1.196,9999.000,9999.000,9999.000,9999.000,9999.000,9999.000,9999.000,9999.000
202605051136,   1.105,9999.000,9999.000,9999.000,9999.000,9999.000,9999.000,9999.000,9999.000
202605051142,   1.016,9999.000,9999.000,9999.000,9999.000,9999.000,9999.000,9999.000,9999.000
202605051148,   0.930,9999.000,9999.000,9999.000,9999.000,9999.000,9999.000,9999.000,9999.000
202605051154,   0.846,9999.000,9999.000,9999.000,9999.000,9999.000,9999.000,9999.000,9999.000
202605051200,   0.766,9999.000,   0.300,  -0.064,   1.002,   0.200,   0.902,   0.300,   1.002
202605051206,   0.688,9999.000,9999.000,9999.000,9999.000,9999.000,9999.000,9999.000,9999.000
202605051212,   0.613,9999.000,9999.000,9999.000,9999.000,9999.000,9999.000,9999.000,9999.000
202605051218,   0.542,9999.000,9999.000,9999.000,9999.000,9999.000,9999.000,9999.000,9999.000
202605051224,   0.473,9999.000,9999.000,9999.000,9999.000,9999.000,9999.000,9999.000,9999.000
202605051230,   0.409,9999.000,9999.000,9999.000,9999.000,9999.000,9999.000,9999.000,9999.000
202605051236,   0.347,9999.000,9999.000,9999.000,9999.000,9999.000,9999.000,9999.000,9999.000
202605051242,   0.290,9999.000,9999.000,9999.000,9999.000,9999.000,9999.000,9999.000,9999.000
202605051248,   0.236,9999.000,9999.000,9999.000,9999.000,9999.000,9999.000,9999.000,9999.000
202605051254,   0.186,9999.000,9999.000,9999.000,9999.000,9999.000,9999.000,9999.000,9999.000
202605051300,   0.139,9999.000,   0.300,  -0.064,   0.375,   0.300,   0.375,   0.300,   0.375
202605051306,   0.097,9999.000,9999.000,9999.000,9999.000,9999.000,9999.000,9999.000,9999.000
202605051312,   0.059,9999.000,9999.000,9999.000,9999.000,9999.000,9999.000,9999.000,9999.000
202605051318,   0.024,9999.000,9999.000,9999.000,9999.000,9999.000,9999.000,9999.000,9999.000
202605051324,  -0.005,9999.000,9999.000,9999.000,9999.000,9999.000,9999.000,9999.000,9999.000
202605051330,  -0.032,9999.000,9999.000,9999.000,9999.000,9999.000,9999.000,9999.000,9999.000
202605051336,  -0.054,9999.000,9999.000,9999.000,9999.000,9999.000,9999.000,9999.000,9999.000
202605051342,  -0.072,9999.000,9999.000,9999.000,9999.000,9999.000,9999.000,9999.000,9999.000
202605051348,  -0.086,9999.000,9999.000,9999.000,9999.000,9999.000,9999.000,9999.000,9999.000
202605051354,  -0.097,9999.000,9999.000,9999.000,9999.000,9999.000,9999.000,9999.000,9999.000
202605051400,  -0.103,9999.000,   0.200,  -0.064,   0.033,   0.200,   0.033,   0.200,   0.033
202605051406,  -0.105,9999.000,9999.000,9999.000,9999.000,9999.000,9999.000,9999.000,9999.000
202605051412,  -0.104,9999.000,9999.000,9999.000,9999.000,9999.000,9999.000,9999.000,9999.000
202605051418,  -0.099,9999.000,9999.000,9999.000,9999.000,9999.000,9999.000,9999.000,9999.000
202605051424,  -0.090,9999.000,9999.000,9999.000,9999.000,9999.000,9999.000,9999.000,9999.000
202605051430,  -0.077,9999.000,9999.000,9999.000,9999.000,9999.000,9999.000,9999.000,9999.000
202605051436,  -0.060,9999.000,9999.000,9999.000,9999.000,9999.000,9999.000,9999.000,9999.000
202605051442,  -0.040,9999.000,9999.000,9999.000,9999.000,9999.000,9999.000,9999.000,9999.000
202605051448,  -0.017,9999.000,9999.000,9999.000,9999.000,9999.000,9999.000,9999.000,9999.000
202605051454,   0.009,9999.000,9999.000,9999.000,9999.000,9999.000,9999.000,9999.000,9999.000
202605051500,   0.039,9999.000,   0.100,  -0.064,   0.075,   0.100,   0.075,   0.200,   0.175
202605051506,   0.073,9999.000,9999.000,9999.000,9999.000,9999.000,9999.000,9999.000,9999.000
202605051512,   0.110,9999.000,9999.000,9999.000,9999.000,9999.000,9999.000,9999.000,9999.000
202605051518,   0.149,9999.000,9999.000,9999.000,9999.000,9999.000,9999.000,9999.000,9999.000
202605051524,   0.192,9999.000,9999.000,9999.000,9999.000,9999.000,9999.000,9999.000,9999.000
202605051530,   0.238,9999.000,9999.000,9999.000,9999.000,9999.000,9999.000,9999.000,9999.000
202605051536,   0.286,9999.000,9999.000,9999.000,9999.000,9999.000,9999.000,9999.000,9999.000
202605051542,   0.336,9999.000,9999.000,9999.000,9999.000,9999.000,9999.000,9999.000,9999.000
202605051548,   0.390,9999.000,9999.000,9999.000,9999.000,9999.000,9999.000,9999.000,9999.000
202605051554,   0.445,9999.000,9999.000,9999.000,9999.000,9999.000,9999.000,9999.000,9999.000
202605051600,   0.503,9999.000,   0.200,  -0.064,   0.639,   0.100,   0.539,   0.200,   0.639
202605051606,   0.562,9999.000,9999.000,9999.000,9999.000,9999.000,9999.000,9999.000,9999.000
202605051612,   0.624,9999.000,9999.000,9999.000,9999.000,9999.000,9999.000,9999.000,9999.000
202605051618,   0.687,9999.000,9999.000,9999.000,9999.000,9999.000,9999.000,9999.000,9999.000
202605051624,   0.752,9999.000,9999.000,9999.000,9999.000,9999.000,9999.000,9999.000,9999.000
202605051630,   0.817,9999.000,9999.000,9999.000,9999.000,9999.000,9999.000,9999.000,9999.000
202605051636,   0.884,9999.000,9999.000,9999.000,9999.000,9999.000,9999.000,9999.000,9999.000
202605051642,   0.952,9999.000,9999.000,9999.000,9999.000,9999.000,9999.000,9999.000,9999.000
202605051648,   1.021,9999.000,9999.000,9999.000,9999.000,9999.000,9999.000,9999.000,9999.000
202605051654,   1.090,9999.000,9999.000,9999.000,9999.000,9999.000,9999.000,9999.000,9999.000
202605051700,   1.160,9999.000,   0.200,  -0.064,   1.296,   0.200,   1.296,   0.300,   1.396
202605051706,   1.230,9999.000,9999.000,9999.000,9999.000,9999.000,9999.000,9999.000,9999.000
202605051712,   1.300,9999.000,9999.000,9999.000,9999.000,9999.000,9999.000,9999.000,9999.000
202605051718,   1.369,9999.000,9999.000,9999.000,9999.000,9999.000,9999.000,9999.000,9999.000
202605051724,   1.439,9999.000,9999.000,9999.000,9999.000,9999.000,9999.000,9999.000,9999.000
202605051730,   1.508,9999.000,9999.000,9999.000,9999.000,9999.000,9999.000,9999.000,9999.000
202605051736,   1.576,9999.000,9999.000,9999.000,9999.000,9999.000,9999.000,9999.000,9999.000
202605051742,   1.644,9999.000,9999.000,9999.000,9999.000,9999.000,9999.000,9999.000,9999.000
202605051748,   1.711,9999.000,9999.000,9999.000,9999.000,9999.000,9999.000,9999.000,9999.000
202605051754,   1.777,9999.000,9999.000,9999.000,9999.000,9999.000,9999.000,9999.000,9999.000
202605051800,   1.841,9999.000,   0.200,  -0.064,   1.977,   0.100,   1.877,   0.200,   1.977
