        TIME,    TIDE,      OB,   SURGE,    BIAS,     TWL,SURGE90p,  TWL90p,SURGE10p,   TWL10p
202603010600,   0.611,   1.059,   0.500,  -0.052,   1.059,   0.500,   1.059,   0.600,   1.159
202603010606,   0.584,9999.000,9999.000,9999.000,9999.000,9999.000,9999.000,9999.000,9999.000
202603010612,   0.556,   1.010,9999.000,9999.000,9999.000,9999.000,9999.000,9999.000,9999.000
202603010618,   0.528,9999.000,9999.000,9999.000,9999.000,9999.000,9999.000,9999.000,9999.000
202603010624,   0.500,   0.980,9999.000,9999.000,9999.000,9999.000,9999.000,9999.000,9999.000
202603010630,   0.472,9999.000,9999.000,9999.000,9999.000,9999.000,9999.000,9999.000,9999.000
202603010636,   0.443,   0.941,9999.000,9999.000,9999.000,9999.000,9999.000,9999.000,9999.000
202603010642,   0.415,9999.000,9999.000,9999.000,9999.000,9999.000,9999.000,9999.000,9999.000
202603010648,   0.386,   0.898,9999.000,9999.000,9999.000,9999.000,9999.000,9999.000,9999.000
202603010654,   0.357,9999.000,9999.000,9999.000,9999.000,9999.000,9999.000,9999.000,9999.000
202603010700,   0.328,   0.839,   0.500,   0.011,   0.839,   0.500,   0.839,   0.500,   0.839
202603010706,   0.299,   0.810,9999.000,9999.000,9999.000,9999.000,9999.000,9999.000,9999.000
202603010712,   0.270,   0.790,9999.000,9999.000,9999.000,9999.000,9999.000,9999.000,9999.000
202603010718,   0.241,   0.770,9999.000,9999.000,9999.000,9999.000,9999.000,9999.000,9999.000
202603010724,   0.212,   0.760,9999.000,9999.000,9999.000,9999.000,9999.000,9999.000,9999.000
202603010730,   0.184,   0.731,9999.000,9999.000,9999.000,9999.000,9999.000,9999.000,9999.000
202603010736,   0.155,   0.698,9999.000,9999.000,9999.000,9999.000,9999.000,9999.000,9999.000
202603010742,   0.127,   0.669,9999.000,9999.000,9999.000,9999.000,9999.000,9999.000,9999.000
202603010748,   0.098,   0.639,9999.000,9999.000,9999.000,9999.000,9999.000,9999.000,9999.000
202603010754,   0.070,   0.619,9999.000,9999.000,9999.000,9999.000,9999.000,9999.000,9999.000
202603010800,   0.043,   0.570,   0.500,   0.027,   0.570,   0.500,   0.570,   0.500,   0.570
202603010806,   0.015,   0.531,9999.000,9999.000,9999.000,9999.000,9999.000,9999.000,9999.000
202603010812,  -0.011,   0.518,9999.000,9999.000,9999.000,9999.000,9999.000,9999.000,9999.000
202603010818,  -0.037,   0.498,9999.000,9999.000,9999.000,9999.000,9999.000,9999.000,9999.000
202603010824,  -0.063,   0.469,9999.000,9999.000,9999.000,9999.000,9999.000,9999.000,9999.000
202603010830,  -0.088,   0.439,9999.000,9999.000,9999.000,9999.000,9999.000,9999.000,9999.000
202603010836,  -0.113,   0.409,9999.000,9999.000,9999.000,9999.000,9999.000,9999.000,9999.000
202603010842,  -0.138,   0.390,9999.000,9999.000,9999.000,9999.000,9999.000,9999.000,9999.000
202603010848,  -0.161,   0.341,9999.000,9999.000,9999.000,9999.000,9999.000,9999.000,9999.000
202603010854,  -0.184,   0.298,9999.000,9999.000,9999.000,9999.000,9999.000,9999.000,9999.000
202603010900,  -0.207,   0.288,   0.500,  -0.005,   0.288,   0.500,   0.288,   0.500,   0.288
202603010906,  -0.229,   0.268,9999.000,9999.000,9999.000,9999.000,9999.000,9999.000,9999.000
202603010912,  -0.250,   0.239,9999.000,9999.000,9999.000,9999.000,9999.000,9999.000,9999.000
202603010918,  -0.270,   0.229,9999.000,9999.000,9999.000,9999.000,9999.000,9999.000,9999.000
202603010924,  -0.289,   0.209,9999.000,9999.000,9999.000,9999.000,9999.000,9999.000,9999.000
202603010930,  -0.308,   0.190,9999.000,9999.000,9999.000,9999.000,9999.000,9999.000,9999.000
202603010936,  -0.326,   0.170,9999.000,9999.000,9999.000,9999.000,9999.000,9999.000,9999.000
202603010942,  -0.344,   0.160,9999.000,9999.000,9999.000,9999.000,9999.000,9999.000,9999.000
202603010948,  -0.360,   0.141,9999.000,9999.000,9999.000,9999.000,9999.000,9999.000,9999.000
202603010954,  -0.376,   0.121,9999.000,9999.000,9999.000,9999.000,9999.000,9999.000,9999.000
202603011000,  -0.391,   0.098,   0.500,  -0.011,   0.098,   0.500,   0.098,   0.500,   0.098
202603011006,  -0.406,   0.068,9999.000,9999.000,9999.000,9999.000,9999.000,9999.000,9999.000
202603011012,  -0.419,   0.049,9999.000,9999.000,9999.000,9999.000,9999.000,9999.000,9999.000
202603011018,  -0.432,   0.039,9999.000,9999.000,9999.000,9999.000,9999.000,9999.000,9999.000
202603011024,  -0.445,   0.019,9999.000,9999.000,9999.000,9999.000,9999.000,9999.000,9999.000
202603011030,  -0.456,   0.009,9999.000,9999.000,9999.000,9999.000,9999.000,9999.000,9999.000
202603011036,  -0.467,   0.009,9999.000,9999.000,9999.000,9999.000,9999.000,9999.000,9999.000
202603011042,  -0.478,   0.000,9999.000,9999.000,9999.000,9999.000,9999.000,9999.000,9999.000
202603011048,  -0.488,  -0.009,9999.000,9999.000,9999.000,9999.000,9999.000,9999.000,9999.000
202603011054,  -0.497,  -0.019,9999.000,9999.000,9999.000,9999.000,9999.000,9999.000,9999.000
202603011100,  -0.505,  -0.039,   0.500,  -0.034,  -0.039,   0.500,  -0.039,   0.500,  -0.039
202603011106,  -0.513,  -0.059,9999.000,9999.000,9999.000,9999.000,9999.000,9999.000,9999.000
202603011112,  -0.520,  -0.068,9999.000,9999.000,9999.000,9999.000,9999.000,9999.000,9999.000
202603011118,  -0.527,  -0.088,9999.000,9999.000,9999.000,9999.000,9999.000,9999.000,9999.000
202603011124,  -0.533,  -0.098,9999.000,9999.000,9999.000,9999.000,9999.000,9999.000,9999.000
202603011130,  -0.538,  -0.121,9999.000,9999.000,9999.000,9999.000,9999.000,9999.000,9999.000
202603011136,  -0.543,  -0.131,9999.000,9999.000,9999.000,9999.000,9999.000,9999.000,9999.000
202603011142,  -0.547,  -0.131,9999.000,9999.000,9999.000,9999.000,9999.000,9999.000,9999.000
202603011148,  -0.550,  -0.141,9999.000,9999.000,9999.000,9999.000,9999.000,9999.000,9999.000
202603011154,  -0.553,  -0.141,9999.000,9999.000,9999.000,9999.000,9999.000,9999.000,9999.000
202603011200,  -0.555,  -0.141,   0.500,  -0.086,  -0.141,   0.400,  -0.241,   0.500,  -0.141
202603011206,  -0.556,  -0.170,9999.000,9999.000,9999.000,9999.000,9999.000,9999.000,9999.000
202603011212,  -0.556,  -0.170,9999.000,9999.000,9999.000,9999.000,9999.000,9999.000,9999.000
202603011218,  -0.556,  -0.180,9999.000,9999.000,9999.000,9999.000,9999.000,9999.000,9999.000
202603011224,  -0.554,  -0.190,9999.000,9999.000,9999.000,9999.000,9999.000,9999.000,9999.000
202603011230,  -0.552,  -0.200,9999.000,9999.000,9999.000,9999.000,9999.000,9999.000,9999.000
202603011236,  -0.550,  -0.209,9999.000,9999.000,9999.000,9999.000,9999.000,9999.000,9999.000
202603011242,  -0.546,  -0.229,9999.000,9999.000,9999.000,9999.000,9999.000,9999.000,9999.000
202603011248,  -0.542,  -0.219,9999.000,9999.000,9999.000,9999.000,9999.000,9999.000,9999.000
202603011254,  -0.536,  -0.219,9999.000,9999.000,9999.000,9999.000,9999.000,9999.000,9999.000
202603011300,  -0.530,  -0.229,   0.500,  -0.199,  -0.229,   0.400,  -0.329,   0.500,  -0.229
202603011306,  -0.524,  -0.229,9999.000,9999.000,9999.000,9999.000,9999.000,9999.000,9999.000
202603011312,  -0.516,  -0.209,9999.000,9999.000,9999.000,9999.000,9999.000,9999.000,9999.000
202603011318,  -0.508,  -0.200,9999.000,9999.000,9999.000,9999.000,9999.000,9999.000,9999.000
202603011324,  -0.499,  -0.180,9999.000,9999.000,9999.000,9999.000,9999.000,9999.000,9999.000
202603011330,  -0.489,  -0.190,9999.000,9999.000,9999.000,9999.000,9999.000,9999.000,9999.000
202603011336,  -0.478,  -0.170,9999.000,9999.000,9999.000,9999.000,9999.000,9999.000,9999.000
202603011342,  -0.467,  -0.170,9999.000,9999.000,9999.000,9999.000,9999.000,9999.000,9999.000
202603011348,  -0.456,  -0.131,9999.000,9999.000,9999.000,9999.000,9999.000,9999.000,9999.000
202603011354,  -0.443,  -0.121,9999.000,9999.000,9999.000,9999.000,9999.000,9999.000,9999.000
202603011400,  -0.431,  -0.098,   0.400,  -0.067,  -0.098,   0.400,  -0.098,   0.500,   0.002
202603011406,  -0.418,  -0.098,9999.000,9999.000,9999.000,9999.000,9999.000,9999.000,9999.000
202603011412,  -0.404,  -0.078,9999.000,9999.000,9999.000,9999.000,9999.000,9999.000,9999.000
202603011418,  -0.390,  -0.068,9999.000,9999.000,9999.000,9999.000,9999.000,9999.000,9999.000
202603011424,  -0.376,  -0.039,9999.000,9999.000,9999.000,9999.000,9999.000,9999.000,9999.000
202603011430,  -0.362,  -0.039,9999.000,9999.000,9999.000,9999.000,9999.000,9999.000,9999.000
202603011436,  -0.347,  -0.019,9999.000,9999.000,9999.000,9999.000,9999.000,9999.000,9999.000
202603011442,  -0.333,  -0.009,9999.000,9999.000,9999.000,9999.000,9999.000,9999.000,9999.000
202603011448,  -0.318,   0.009,9999.000,9999.000,9999.000,9999.000,9999.000,9999.000,9999.000
202603011454,  -0.303,   0.009,9999.000,9999.000,9999.000,9999.000,9999.000,9999.000,9999.000
202603011500,  -0.289,   0.019,   0.400,  -0.092,   0.019,   0.400,   0.019,   0.500,   0.119
202603011506,  -0.274,   0.029,9999.000,9999.000,9999.000,9999.000,9999.000,9999.000,9999.000
202603011512,  -0.260,   0.059,9999.000,9999.000,9999.000,9999.000,9999.000,9999.000,9999.000
202603011518,  -0.245,   0.078,9999.000,9999.000,9999.000,9999.000,9999.000,9999.000,9999.000
202603011524,  -0.231,   0.098,9999.000,9999.000,9999.000,9999.000,9999.000,9999.000,9999.000
202603011530,  -0.217,   0.098,9999.000,9999.000,9999.000,9999.000,9999.000,9999.000,9999.000
202603011536,  -0.204,   0.131,9999.000,9999.000,9999.000,9999.000,9999.000,9999.000,9999.000
202603011542,  -0.190,   0.141,9999.000,9999.000,9999.000,9999.000,9999.000,9999.000,9999.000
202603011548,  -0.177,   0.150,9999.000,9999.000,9999.000,9999.000,9999.000,9999.000,9999.000
202603011554,  -0.164,   0.160,9999.000,9999.000,9999.000,9999.000,9999.000,9999.000,9999.000
202603011600,  -0.151,   0.170,   0.400,  -0.079,   0.170,   0.400,   0.170,   0.400,   0.170
202603011606,  -0.138,   0.160,9999.000,9999.000,9999.000,9999.000,9999.000,9999.000,9999.000
202603011612,  -0.126,   0.170,9999.000,9999.000,9999.000,9999.000,9999.000,9999.000,9999.000
202603011618,  -0.114,   0.180,9999.000,9999.000,9999.000,9999.000,9999.000,9999.000,9999.000
202603011624,  -0.102,   0.200,9999.000,9999.000,9999.000,9999.000,9999.000,9999.000,9999.000
202603011630,  -0.091,   0.219,9999.000,9999.000,9999.000,9999.000,9999.000,9999.000,9999.000
202603011636,  -0.079,   0.209,9999.000,9999.000,9999.000,9999.000,9999.000,9999.000,9999.000
202603011642,  -0.068,   0.229,9999.000,9999.000,9999.000,9999.000,9999.000,9999.000,9999.000
202603011648,  -0.057,   0.239,9999.000,9999.000,9999.000,9999.000,9999.000,9999.000,9999.000
202603011654,  -0.046,   0.239,9999.000,9999.000,9999.000,9999.000,9999.000,9999.000,9999.000
202603011700,  -0.035,   0.259,   0.400,  -0.106,   0.259,   0.400,   0.259,   0.400,   0.259
202603011706,  -0.024,   0.268,9999.000,9999.000,9999.000,9999.000,9999.000,9999.000,9999.000
202603011712,  -0.013,   0.298,9999.000,9999.000,9999.000,9999.000,9999.000,9999.000,9999.000
202603011718,  -0.002,   0.298,9999.000,9999.000,9999.000,9999.000,9999.000,9999.000,9999.000
202603011724,   0.008,   0.321,9999.000,9999.000,9999.000,9999.000,9999.000,9999.000,9999.000
202603011730,   0.019,   0.341,9999.000,9999.000,9999.000,9999.000,9999.000,9999.000,9999.000
202603011736,   0.030,   0.350,9999.000,9999.000,9999.000,9999.000,9999.000,9999.000,9999.000
202603011742,   0.040,   0.350,9999.000,9999.000,9999.000,9999.000,9999.000,9999.000,9999.000
202603011748,   0.051,   0.360,9999.000,9999.000,9999.000,9999.000,9999.000,9999.000,9999.000
202603011754,   0.062,   0.350,9999.000,9999.000,9999.000,9999.000,9999.000,9999.000,9999.000
202603011800,   0.073,   0.360,   0.400,  -0.113,   0.360,   0.300,   0.260,   0.400,   0.360
202603011806,   0.084,   0.390,9999.000,9999.000,9999.000,9999.000,9999.000,9999.000,9999.000
202603011812,   0.095,   0.400,9999.000,9999.000,9999.000,9999.000,9999.000,9999.000,9999.000
202603011818,   0.107,   0.409,9999.000,9999.000,9999.000,9999.000,9999.000,9999.000,9999.000
202603011824,   0.118,   0.429,9999.000,9999.000,9999.000,9999.000,9999.000,9999.000,9999.000
202603011830,   0.129,   0.449,9999.000,9999.000,9999.000,9999.000,9999.000,9999.000,9999.000
202603011836,   0.140,   0.478,9999.000,9999.000,9999.000,9999.000,9999.000,9999.000,9999.000
202603011842,   0.151,   0.518,9999.000,9999.000,9999.000,9999.000,9999.000,9999.000,9999.000
202603011848,   0.163,   0.551,9999.000,9999.000,9999.000,9999.000,9999.000,9999.000,9999.000
202603011854,   0.174,   0.551,9999.000,9999.000,9999.000,9999.000,9999.000,9999.000,9999.000
202603011900,   0.186,   0.560,   0.400,  -0.026,   0.560,   0.300,   0.460,   0.400,   0.560
202603011906,   0.197,   0.580,9999.000,9999.000,9999.000,9999.000,9999.000,9999.000,9999.000
202603011912,   0.209,   0.600,9999.000,9999.000,9999.000,9999.000,9999.000,9999.000,9999.000
202603011918,   0.220,   0.629,9999.000,9999.000,9999.000,9999.000,9999.000,9999.000,9999.000
202603011924,   0.232,   0.649,9999.000,9999.000,9999.000,9999.000,9999.000,9999.000,9999.000
202603011930,   0.243,   0.649,9999.000,9999.000,9999.000,9999.000,9999.000,9999.000,9999.000
202603011936,   0.255,   0.669,9999.000,9999.000,9999.000,9999.000,9999.000,9999.000,9999.000
202603011942,   0.267,   0.678,9999.000,9999.000,9999.000,9999.000,9999.000,9999.000,9999.000
202603011948,   0.279,   0.688,9999.000,9999.000,9999.000,9999.000,9999.000,9999.000,9999.000
202603011954,   0.291,   0.688,9999.000,9999.000,9999.000,9999.000,9999.000,9999.000,9999.000
202603012000,   0.303,   0.718,   0.400,   0.015,   0.718,   0.300,   0.618,   0.400,   0.718
202603012006,   0.315,   0.731,9999.000,9999.000,9999.000,9999.000,9999.000,9999.000,9999.000
202603012012,   0.328,   0.751,9999.000,9999.000,9999.000,9999.000,9999.000,9999.000,9999.000
202603012018,   0.340,   0.741,9999.000,9999.000,9999.000,9999.000,9999.000,9999.000,9999.000
202603012024,   0.353,   0.751,9999.000,9999.000,9999.000,9999.000,9999.000,9999.000,9999.000
202603012030,   0.366,   0.751,9999.000,9999.000,9999.000,9999.000,9999.000,9999.000,9999.000
202603012036,   0.379,   0.780,9999.000,9999.000,9999.000,9999.000,9999.000,9999.000,9999.000
202603012042,   0.393,   0.780,9999.000,9999.000,9999.000,9999.000,9999.000,9999.000,9999.000
202603012048,   0.406,   0.810,9999.000,9999.000,9999.000,9999.000,9999.000,9999.000,9999.000
202603012054,   0.420,   0.839,9999.000,9999.000,9999.000,9999.000,9999.000,9999.000,9999.000
202603012100,   0.435,   0.849,   0.400,   0.014,   0.849,   0.300,   0.749,   0.400,   0.849
202603012106,   0.449,   0.869,9999.000,9999.000,9999.000,9999.000,9999.000,9999.000,9999.000
202603012112,   0.464,   0.898,9999.000,9999.000,9999.000,9999.000,9999.000,9999.000,9999.000
202603012118,   0.479,   0.918,9999.000,9999.000,9999.000,9999.000,9999.000,9999.000,9999.000
202603012124,   0.494,   0.961,9999.000,9999.000,9999.000,9999.000,9999.000,9999.000,9999.000
202603012130,   0.510,   0.970,9999.000,9999.000,9999.000,9999.000,9999.000,9999.000,9999.000
202603012136,   0.526,   1.000,9999.000,9999.000,9999.000,9999.000,9999.000,9999.000,9999.000
202603012142,   0.542,   1.000,9999.000,9999.000,9999.000,9999.000,9999.000,9999.000,9999.000
202603012148,   0.558,   1.020,9999.000,9999.000,9999.000,9999.000,9999.000,9999.000,9999.000
202603012154,   0.574,   1.029,9999.000,9999.000,9999.000,9999.000,9999.000,9999.000,9999.000
202603012200,   0.591,   1.059,   0.400,   0.068,   1.059,   0.400,   1.059,   0.400,   1.059
202603012206,   0.607,   1.069,9999.000,9999.000,9999.000,9999.000,9999.000,9999.000,9999.000
202603012212,   0.624,   1.098,9999.000,9999.000,9999.000,9999.000,9999.000,9999.000,9999.000
202603012218,   0.641,   1.108,9999.000,9999.000,9999.000,9999.000,9999.000,9999.000,9999.000
202603012224,   0.658,   1.128,9999.000,9999.000,9999.000,9999.000,9999.000,9999.000,9999.000
202603012230,   0.674,   1.151,9999.000,9999.000,9999.000,9999.000,9999.000,9999.000,9999.000
202603012236,   0.691,   1.161,9999.000,9999.000,9999.000,9999.000,9999.000,9999.000,9999.000
202603012242,   0.708,   1.170,9999.000,9999.000,9999.000,9999.000,9999.000,9999.000,9999.000
202603012248,   0.724,   1.200,9999.000,9999.000,9999.000,9999.000,9999.000,9999.000,9999.000
202603012254,   0.741,   1.210,9999.000,9999.000,9999.000,9999.000,9999.000,9999.000,9999.000
202603012300,   0.757,   1.229,   0.400,   0.072,   1.229,   0.400,   1.229,   0.400,   1.229
202603012306,   0.772,   1.249,9999.000,9999.000,9999.000,9999.000,9999.000,9999.000,9999.000
202603012312,   0.788,   1.259,9999.000,9999.000,9999.000,9999.000,9999.000,9999.000,9999.000
202603012318,   0.803,   1.279,9999.000,9999.000,9999.000,9999.000,9999.000,9999.000,9999.000
202603012324,   0.818,   1.298,9999.000,9999.000,9999.000,9999.000,9999.000,9999.000,9999.000
202603012330,   0.833,   1.318,9999.000,9999.000,9999.000,9999.000,9999.000,9999.000,9999.000
202603012336,   0.847,   1.338,9999.000,9999.000,9999.000,9999.000,9999.000,9999.000,9999.000
202603012342,   0.861,   1.361,9999.000,9999.000,9999.000,9999.000,9999.000,9999.000,9999.000
202603012348,   0.874,   1.371,9999.000,9999.000,9999.000,9999.000,9999.000,9999.000,9999.000
202603012354,   0.887,   1.380,9999.000,9999.000,9999.000,9999.000,9999.000,9999.000,9999.000
202603020000,   0.900,   1.380,   0.300,   0.180,   1.380,   0.300,   1.380,   0.400,   1.480
202603020006,   0.912,   1.420,9999.000,9999.000,9999.000,9999.000,9999.000,9999.000,9999.000
202603020012,   0.924,   1.439,9999.000,9999.000,9999.000,9999.000,9999.000,9999.000,9999.000
202603020018,   0.936,   1.449,9999.000,9999.000,9999.000,9999.000,9999.000,9999.000,9999.000
202603020024,   0.947,   1.459,9999.000,9999.000,9999.000,9999.000,9999.000,9999.000,9999.000
202603020030,   0.958,   1.469,9999.000,9999.000,9999.000,9999.000,9999.000,9999.000,9999.000
202603020036,   0.968,   1.489,9999.000,9999.000,9999.000,9999.000,9999.000,9999.000,9999.000
202603020042,   0.979,   1.498,9999.000,9999.000,9999.000,9999.000,9999.000,9999.000,9999.000
202603020048,   0.988,   1.508,9999.000,9999.000,9999.000,9999.000,9999.000,9999.000,9999.000
202603020054,   0.998,   1.528,9999.000,9999.000,9999.000,9999.000,9999.000,9999.000,9999.000
202603020100,   1.007,   1.538,   0.300,   0.231,   1.538,   0.300,   1.538,   0.400,   1.638
202603020106,   1.016,   1.548,9999.000,9999.000,9999.000,9999.000,9999.000,9999.000,9999.000
202603020112,   1.025,   1.548,9999.000,9999.000,9999.000,9999.000,9999.000,9999.000,9999.000
202603020118,   1.033,   1.548,9999.000,9999.000,9999.000,9999.000,9999.000,9999.000,9999.000
202603020124,   1.041,   1.548,9999.000,9999.000,9999.000,9999.000,9999.000,9999.000,9999.000
202603020130,   1.049,   1.548,9999.000,9999.000,9999.000,9999.000,9999.000,9999.000,9999.000
202603020136,   1.057,   1.548,9999.000,9999.000,9999.000,9999.000,9999.000,9999.000,9999.000
202603020142,   1.064,   1.548,9999.000,9999.000,9999.000,9999.000,9999.000,9999.000,9999.000
202603020148,   1.071,   1.548,9999.000,9999.000,9999.000,9999.000,9999.000,9999.000,9999.000
202603020154,   1.077,   1.557,9999.000,9999.000,9999.000,9999.000,9999.000,9999.000,9999.000
202603020200,   1.083,   1.557,   0.300,   0.174,   1.557,   0.300,   1.557,   0.300,   1.557
202603020206,   1.089,   1.580,9999.000,9999.000,9999.000,9999.000,9999.000,9999.000,9999.000
202603020212,   1.095,   1.580,9999.000,9999.000,9999.000,9999.000,9999.000,9999.000,9999.000
202603020218,   1.100,   1.580,9999.000,9999.000,9999.000,9999.000,9999.000,9999.000,9999.000
202603020224,   1.104,   1.580,9999.000,9999.000,9999.000,9999.000,9999.000,9999.000,9999.000
202603020230,   1.108,   1.580,9999.000,9999.000,9999.000,9999.000,9999.000,9999.000,9999.000
202603020236,   1.111,   1.580,9999.000,9999.000,9999.000,9999.000,9999.000,9999.000,9999.000
202603020242,   1.114,   1.571,9999.000,9999.000,9999.000,9999.000,9999.000,9999.000,9999.000
202603020248,   1.117,   1.580,9999.000,9999.000,9999.000,9999.000,9999.000,9999.000,9999.000
202603020254,   1.118,   1.580,9999.000,9999.000,9999.000,9999.000,9999.000,9999.000,9999.000
202603020300,   1.119,   1.590,   0.300,   0.171,   1.590,   0.300,   1.590,   0.300,   1.590
202603020306,   1.119,   1.600,9999.000,9999.000,9999.000,9999.000,9999.000,9999.000,9999.000
202603020312,   1.118,   1.600,9999.000,9999.000,9999.000,9999.000,9999.000,9999.000,9999.000
202603020318,   1.117,   1.620,9999.000,9999.000,9999.000,9999.000,9999.000,9999.000,9999.000
202603020324,   1.114,   1.610,9999.000,9999.000,9999.000,9999.000,9999.000,9999.000,9999.000
202603020330,   1.111,   1.600,9999.000,9999.000,9999.000,9999.000,9999.000,9999.000,9999.000
202603020336,   1.107,   1.610,9999.000,9999.000,9999.000,9999.000,9999.000,9999.000,9999.000
202603020342,   1.102,   1.590,9999.000,9999.000,9999.000,9999.000,9999.000,9999.000,9999.000
202603020348,   1.096,   1.580,9999.000,9999.000,9999.000,9999.000,9999.000,9999.000,9999.000
202603020354,   1.089,   1.580,9999.000,9999.000,9999.000,9999.000,9999.000,9999.000,9999.000
202603020400,   1.081,   1.571,   0.300,   0.190,   1.571,   0.300,   1.571,   0.300,   1.571
202603020406,   1.072,   1.557,9999.000,9999.000,9999.000,9999.000,9999.000,9999.000,9999.000
202603020412,   1.062,   1.538,9999.000,9999.000,9999.000,9999.000,9999.000,9999.000,9999.000
202603020418,   1.052,   1.528,9999.000,9999.000,9999.000,9999.000,9999.000,9999.000,9999.000
202603020424,   1.040,   1.528,9999.000,9999.000,9999.000,9999.000,9999.000,9999.000,9999.000
202603020430,   1.028,   1.498,9999.000,9999.000,9999.000,9999.000,9999.000,9999.000,9999.000
202603020436,   1.014,   1.479,9999.000,9999.000,9999.000,9999.000,9999.000,9999.000,9999.000
202603020442,   1.000,   1.449,9999.000,9999.000,9999.000,9999.000,9999.000,9999.000,9999.000
202603020448,   0.985,   1.430,9999.000,9999.000,9999.000,9999.000,9999.000,9999.000,9999.000
202603020454,   0.970,   1.420,9999.000,9999.000,9999.000,9999.000,9999.000,9999.000,9999.000
202603020500,   0.953,   1.400,   0.300,   0.147,   1.400,   0.300,   1.400,   0.300,   1.400
202603020506,   0.936,   1.380,9999.000,9999.000,9999.000,9999.000,9999.000,9999.000,9999.000
202603020512,   0.918,   1.361,9999.000,9999.000,9999.000,9999.000,9999.000,9999.000,9999.000
202603020518,   0.900,   1.338,9999.000,9999.000,9999.000,9999.000,9999.000,9999.000,9999.000
202603020524,   0.881,   1.318,9999.000,9999.000,9999.000,9999.000,9999.000,9999.000,9999.000
202603020530,   0.861,   1.289,9999.000,9999.000,9999.000,9999.000,9999.000,9999.000,9999.000
202603020536,   0.841,   1.249,9999.000,9999.000,9999.000,9999.000,9999.000,9999.000,9999.000
202603020542,   0.821,   1.220,9999.000,9999.000,9999.000,9999.000,9999.000,9999.000,9999.000
202603020548,   0.800,   1.200,9999.000,9999.000,9999.000,9999.000,9999.000,9999.000,9999.000
202603020554,   0.779,   1.180,9999.000,9999.000,9999.000,9999.000,9999.000,9999.000,9999.000
202603020600,   0.757,   1.151,   0.400,  -0.006,   1.151,   0.400,   1.151,   0.400,   1.151
202603020606,   0.735,   1.118,9999.000,9999.000,9999.000,9999.000,9999.000,9999.000,9999.000
202603020612,   0.712,   1.088,9999.000,9999.000,9999.000,9999.000,9999.000,9999.000,9999.000
202603020618,   0.690,   1.059,9999.000,9999.000,9999.000,9999.000,9999.000,9999.000,9999.000
202603020624,   0.667,   1.039,9999.000,9999.000,9999.000,9999.000,9999.000,9999.000,9999.000
202603020630,   0.644,   1.010,9999.000,9999.000,9999.000,9999.000,9999.000,9999.000,9999.000
202603020636,   0.620,   0.990,9999.000,9999.000,9999.000,9999.000,9999.000,9999.000,9999.000
202603020642,   0.597,   0.980,9999.000,9999.000,9999.000,9999.000,9999.000,9999.000,9999.000
202603020648,   0.573,   0.951,9999.000,9999.000,9999.000,9999.000,9999.000,9999.000,9999.000
202603020654,   0.549,   0.918,9999.000,9999.000,9999.000,9999.000,9999.000,9999.000,9999.000
202603020700,   0.525,   0.908,   0.400,  -0.017,   0.908,   0.400,   0.908,   0.400,   0.908
202603020706,   0.500,   0.879,9999.000,9999.000,9999.000,9999.000,9999.000,9999.000,9999.000
202603020712,   0.476,   0.869,9999.000,9999.000,9999.000,9999.000,9999.000,9999.000,9999.000
202603020718,   0.452,   0.859,9999.000,9999.000,9999.000,9999.000,9999.000,9999.000,9999.000
202603020724,   0.427,   0.839,9999.000,9999.000,9999.000,9999.000,9999.000,9999.000,9999.000
202603020730,   0.402,   0.829,9999.000,9999.000,9999.000,9999.000,9999.000,9999.000,9999.000
202603020736,   0.378,   0.819,9999.000,9999.000,9999.000,9999.000,9999.000,9999.000,9999.000
202603020742,   0.353,   0.790,9999.000,9999.000,9999.000,9999.000,9999.000,9999.000,9999.000
202603020748,   0.328,   0.760,9999.000,9999.000,9999.000,9999.000,9999.000,9999.000,9999.000
202603020754,   0.304,   0.741,9999.000,9999.000,9999.000,9999.000,9999.000,9999.000,9999.000
202603020800,   0.279,   0.731,   0.400,   0.052,   0.731,   0.400,   0.731,   0.400,   0.731
202603020806,   0.255,   0.708,9999.000,9999.000,9999.000,9999.000,9999.000,9999.000,9999.000
202603020812,   0.231,   0.688,9999.000,9999.000,9999.000,9999.000,9999.000,9999.000,9999.000
202603020818,   0.207,   0.659,9999.000,9999.000,9999.000,9999.000,9999.000,9999.000,9999.000
202603020824,   0.183,   0.629,9999.000,9999.000,9999.000,9999.000,9999.000,9999.000,9999.000
202603020830,   0.159,   0.610,9999.000,9999.000,9999.000,9999.000,9999.000,9999.000,9999.000
202603020836,   0.136,   0.600,9999.000,9999.000,9999.000,9999.000,9999.000,9999.000,9999.000
202603020842,   0.113,   0.570,9999.000,9999.000,9999.000,9999.000,9999.000,9999.000,9999.000
202603020848,   0.091,   0.518,9999.000,9999.000,9999.000,9999.000,9999.000,9999.000,9999.000
202603020854,   0.069,   0.498,9999.000,9999.000,9999.000,9999.000,9999.000,9999.000,9999.000
202603020900,   0.047,   0.459,   0.400,   0.012,   0.459,   0.400,   0.459,   0.400,   0.459
202603020906,   0.026,   0.429,9999.000,9999.000,9999.000,9999.000,9999.000,9999.000,9999.000
202603020912,   0.005,   0.400,9999.000,9999.000,9999.000,9999.000,9999.000,9999.000,9999.000
202603020918,  -0.014,   0.370,9999.000,9999.000,9999.000,9999.000,9999.000,9999.000,9999.000
202603020924,  -0.033,   0.350,9999.000,9999.000,9999.000,9999.000,9999.000,9999.000,9999.000
202603020930,  -0.052,   0.321,9999.000,9999.000,9999.000,9999.000,9999.000,9999.000,9999.000
202603020936,  -0.070,   0.298,9999.000,9999.000,9999.000,9999.000,9999.000,9999.000,9999.000
202603020942,  -0.087,   0.268,9999.000,9999.000,9999.000,9999.000,9999.000,9999.000,9999.000
202603020948,  -0.104,   0.249,9999.000,9999.000,9999.000,9999.000,9999.000,9999.000,9999.000
202603020954,  -0.120,   0.229,9999.000,9999.000,9999.000,9999.000,9999.000,9999.000,9999.000
202603021000,  -0.136,   0.219,   0.400,  -0.045,   0.219,   0.400,   0.219,   0.400,   0.219
202603021006,  -0.150,   0.209,9999.000,9999.000,9999.000,9999.000,9999.000,9999.000,9999.000
202603021012,  -0.164,   0.200,9999.000,9999.000,9999.000,9999.000,9999.000,9999.000,9999.000
202603021018,  -0.177,   0.190,9999.000,9999.000,9999.000,9999.000,9999.000,9999.000,9999.000
202603021024,  -0.190,   0.180,9999.000,9999.000,9999.000,9999.000,9999.000,9999.000,9999.000
202603021030,  -0.202,   0.170,9999.000,9999.000,9999.000,9999.000,9999.000,9999.000,9999.000
202603021036,  -0.213,   0.150,9999.000,9999.000,9999.000,9999.000,9999.000,9999.000,9999.000
202603021042,  -0.223,   0.141,9999.000,9999.000,9999.000,9999.000,9999.000,9999.000,9999.000
202603021048,  -0.233,   0.121,9999.000,9999.000,9999.000,9999.000,9999.000,9999.000,9999.000
202603021054,  -0.242,   0.121,9999.000,9999.000,9999.000,9999.000,9999.000,9999.000,9999.000
202603021100,  -0.251,   0.121,   0.400,  -0.028,   0.121,   0.400,   0.121,   0.500,   0.221
202603021106,  -0.259,   0.111,9999.000,9999.000,9999.000,9999.000,9999.000,9999.000,9999.000
202603021112,  -0.266,   0.098,9999.000,9999.000,9999.000,9999.000,9999.000,9999.000,9999.000
202603021118,  -0.273,   0.098,9999.000,9999.000,9999.000,9999.000,9999.000,9999.000,9999.000
202603021124,  -0.280,   0.088,9999.000,9999.000,9999.000,9999.000,9999.000,9999.000,9999.000
202603021130,  -0.285,   0.088,9999.000,9999.000,9999.000,9999.000,9999.000,9999.000,9999.000
202603021136,  -0.291,   0.078,9999.000,9999.000,9999.000,9999.000,9999.000,9999.000,9999.000
202603021142,  -0.296,   0.078,9999.000,9999.000,9999.000,9999.000,9999.000,9999.000,9999.000
202603021148,  -0.300,   0.068,9999.000,9999.000,9999.000,9999.000,9999.000,9999.000,9999.000
202603021154,  -0.304,   0.068,9999.000,9999.000,9999.000,9999.000,9999.000,9999.000,9999.000
202603021200,  -0.308,   0.059,   0.500,  -0.133,   0.059,   0.400,  -0.041,   0.500,   0.059
202603021206,  -0.311,   0.059,9999.000,9999.000,9999.000,9999.000,9999.000,9999.000,9999.000
202603021212,  -0.313,   0.049,9999.000,9999.000,9999.000,9999.000,9999.000,9999.000,9999.000
202603021218,  -0.315,   0.049,9999.000,9999.000,9999.000,9999.000,9999.000,9999.000,9999.000
202603021224,  -0.317,   0.039,9999.000,9999.000,9999.000,9999.000,9999.000,9999.000,9999.000
202603021230,  -0.318,   0.039,9999.000,9999.000,9999.000,9999.000,9999.000,9999.000,9999.000
202603021236,  -0.319,   0.029,9999.000,9999.000,9999.000,9999.000,9999.000,9999.000,9999.000
202603021242,  -0.319,   0.029,9999.000,9999.000,9999.000,9999.000,9999.000,9999.000,9999.000
202603021248,  -0.319,   0.039,9999.000,9999.000,9999.000,9999.000,9999.000,9999.000,9999.000
202603021254,  -0.318,   0.039,9999.000,9999.000,9999.000,9999.000,9999.000,9999.000,9999.000
202603021300,  -0.317,   0.039,   0.500,  -0.144,   0.039,   0.400,  -0.061,   0.500,   0.039
202603021306,  -0.315,   0.039,9999.000,9999.000,9999.000,9999.000,9999.000,9999.000,9999.000
202603021312,  -0.312,   0.039,9999.000,9999.000,9999.000,9999.000,9999.000,9999.000,9999.000
202603021318,  -0.309,   0.029,9999.000,9999.000,9999.000,9999.000,9999.000,9999.000,9999.000
202603021324,  -0.306,   0.019,9999.000,9999.000,9999.000,9999.000,9999.000,9999.000,9999.000
202603021330,  -0.301,   0.019,9999.000,9999.000,9999.000,9999.000,9999.000,9999.000,9999.000
202603021336,  -0.297,   0.029,9999.000,9999.000,9999.000,9999.000,9999.000,9999.000,9999.000
202603021342,  -0.291,   0.029,9999.000,9999.000,9999.000,9999.000,9999.000,9999.000,9999.000
202603021348,  -0.285,   0.029,9999.000,9999.000,9999.000,9999.000,9999.000,9999.000,9999.000
202603021354,  -0.279,   0.019,9999.000,9999.000,9999.000,9999.000,9999.000,9999.000,9999.000
202603021400,  -0.271,   0.039,   0.500,  -0.190,   0.039,   0.400,  -0.061,   0.500,   0.039
202603021406,  -0.264,   0.049,9999.000,9999.000,9999.000,9999.000,9999.000,9999.000,9999.000
202603021412,  -0.255,   0.049,9999.000,9999.000,9999.000,9999.000,9999.000,9999.000,9999.000
202603021418,  -0.247,   0.049,9999.000,9999.000,9999.000,9999.000,9999.000,9999.000,9999.000
202603021424,  -0.237,   0.049,9999.000,9999.000,9999.000,9999.000,9999.000,9999.000,9999.000
202603021430,  -0.228,   0.059,9999.000,9999.000,9999.000,9999.000,9999.000,9999.000,9999.000
202603021436,  -0.217,   0.078,9999.000,9999.000,9999.000,9999.000,9999.000,9999.000,9999.000
202603021442,  -0.207,   0.088,9999.000,9999.000,9999.000,9999.000,9999.000,9999.000,9999.000
202603021448,  -0.196,   0.088,9999.000,9999.000,9999.000,9999.000,9999.000,9999.000,9999.000
202603021454,  -0.185,   0.098,9999.000,9999.000,9999.000,9999.000,9999.000,9999.000,9999.000
202603021500,  -0.173,   0.111,   0.500,  -0.216,   0.111,   0.500,   0.111,   0.500,   0.111
202603021506,  -0.162,   0.111,9999.000,9999.000,9999.000,9999.000,9999.000,9999.000,9999.000
202603021512,  -0.150,   0.111,9999.000,9999.000,9999.000,9999.000,9999.000,9999.000,9999.000
202603021518,  -0.138,   0.121,9999.000,9999.000,9999.000,9999.000,9999.000,9999.000,9999.000
202603021524,  -0.127,   0.141,9999.000,9999.000,9999.000,9999.000,9999.000,9999.000,9999.000
202603021530,  -0.115,   0.150,9999.000,9999.000,9999.000,9999.000,9999.000,9999.000,9999.000
202603021536,  -0.103,   0.180,9999.000,9999.000,9999.000,9999.000,9999.000,9999.000,9999.000
202603021542,  -0.092,   0.190,9999.000,9999.000,9999.000,9999.000,9999.000,9999.000,9999.000
202603021548,  -0.080,   0.209,9999.000,9999.000,9999.000,9999.000,9999.000,9999.000,9999.000
202603021554,  -0.069,   0.229,9999.000,9999.000,9999.000,9999.000,9999.000,9999.000,9999.000
202603021600,  -0.058,   0.249,   0.500,  -0.193,   0.249,   0.400,   0.149,   0.500,   0.249
202603021606,  -0.048,   0.268,9999.000,9999.000,9999.000,9999.000,9999.000,9999.000,9999.000
202603021612,  -0.037,   0.278,9999.000,9999.000,9999.000,9999.000,9999.000,9999.000,9999.000
202603021618,  -0.027,   0.298,9999.000,9999.000,9999.000,9999.000,9999.000,9999.000,9999.000
202603021624,  -0.018,   0.308,9999.000,9999.000,9999.000,9999.000,9999.000,9999.000,9999.000
202603021630,  -0.008,   0.308,9999.000,9999.000,9999.000,9999.000,9999.000,9999.000,9999.000
202603021636,   0.000,   0.341,9999.000,9999.000,9999.000,9999.000,9999.000,9999.000,9999.000
202603021642,   0.008,   0.350,9999.000,9999.000,9999.000,9999.000,9999.000,9999.000,9999.000
202603021648,   0.016,   0.360,9999.000,9999.000,9999.000,9999.000,9999.000,9999.000,9999.000
202603021654,   0.024,   0.370,9999.000,9999.000,9999.000,9999.000,9999.000,9999.000,9999.000
202603021700,   0.031,   0.390,   0.500,  -0.141,   0.390,   0.400,   0.290,   0.500,   0.390
202603021706,   0.038,   0.400,9999.000,9999.000,9999.000,9999.000,9999.000,9999.000,9999.000
202603021712,   0.045,   0.400,9999.000,9999.000,9999.000,9999.000,9999.000,9999.000,9999.000
202603021718,   0.052,   0.400,9999.000,9999.000,9999.000,9999.000,9999.000,9999.000,9999.000
202603021724,   0.058,   0.409,9999.000,9999.000,9999.000,9999.000,9999.000,9999.000,9999.000
202603021730,   0.064,   0.419,9999.000,9999.000,9999.000,9999.000,9999.000,9999.000,9999.000
202603021736,   0.069,   0.429,9999.000,9999.000,9999.000,9999.000,9999.000,9999.000,9999.000
202603021742,   0.075,   0.439,9999.000,9999.000,9999.000,9999.000,9999.000,9999.000,9999.000
202603021748,   0.080,   0.429,9999.000,9999.000,9999.000,9999.000,9999.000,9999.000,9999.000
202603021754,   0.085,   0.439,9999.000,9999.000,9999.000,9999.000,9999.000,9999.000,9999.000
202603021800,   0.090,   0.439,   0.400,  -0.051,   0.439,   0.400,   0.439,   0.400,   0.439
202603021806,   0.095,   0.449,9999.000,9999.000,9999.000,9999.000,9999.000,9999.000,9999.000
202603021812,   0.100,   0.459,9999.000,9999.000,9999.000,9999.000,9999.000,9999.000,9999.000
202603021818,   0.104,   0.469,9999.000,9999.000,9999.000,9999.000,9999.000,9999.000,9999.000
202603021824,   0.109,   0.478,9999.000,9999.000,9999.000,9999.000,9999.000,9999.000,9999.000
202603021830,   0.114,   0.488,9999.000,9999.000,9999.000,9999.000,9999.000,9999.000,9999.000
202603021836,   0.118,   0.498,9999.000,9999.000,9999.000,9999.000,9999.000,9999.000,9999.000
202603021842,   0.123,   0.508,9999.000,9999.000,9999.000,9999.000,9999.000,9999.000,9999.000
202603021848,   0.128,   0.508,9999.000,9999.000,9999.000,9999.000,9999.000,9999.000,9999.000
202603021854,   0.132,   0.508,9999.000,9999.000,9999.000,9999.000,9999.000,9999.000,9999.000
202603021900,   0.137,   0.498,   0.400,  -0.039,   0.498,   0.400,   0.498,   0.400,   0.498
202603021906,   0.142,   0.498,9999.000,9999.000,9999.000,9999.000,9999.000,9999.000,9999.000
202603021912,   0.147,   0.498,9999.000,9999.000,9999.000,9999.000,9999.000,9999.000,9999.000
202603021918,   0.152,   0.508,9999.000,9999.000,9999.000,9999.000,9999.000,9999.000,9999.000
202603021924,   0.157,   0.508,9999.000,9999.000,9999.000,9999.000,9999.000,9999.000,9999.000
202603021930,   0.162,   0.518,9999.000,9999.000,9999.000,9999.000,9999.000,9999.000,9999.000
202603021936,   0.167,   0.531,9999.000,9999.000,9999.000,9999.000,9999.000,9999.000,9999.000
202603021942,   0.173,   0.541,9999.000,9999.000,9999.000,9999.000,9999.000,9999.000,9999.000
202603021948,   0.178,   0.551,9999.000,9999.000,9999.000,9999.000,9999.000,9999.000,9999.000
202603021954,   0.183,   0.551,9999.000,9999.000,9999.000,9999.000,9999.000,9999.000,9999.000
202603022000,   0.189,   0.560,   0.400,  -0.029,   0.560,   0.400,   0.560,   0.500,   0.660
202603022006,   0.195,   0.570,9999.000,9999.000,9999.000,9999.000,9999.000,9999.000,9999.000
202603022012,   0.201,   0.580,9999.000,9999.000,9999.000,9999.000,9999.000,9999.000,9999.000
202603022018,   0.207,   0.590,9999.000,9999.000,9999.000,9999.000,9999.000,9999.000,9999.000
202603022024,   0.213,   0.600,9999.000,9999.000,9999.000,9999.000,9999.000,9999.000,9999.000
202603022030,   0.219,   0.619,9999.000,9999.000,9999.000,9999.000,9999.000,9999.000,9999.000
202603022036,   0.226,   0.639,9999.000,9999.000,9999.000,9999.000,9999.000,9999.000,9999.000
202603022042,   0.232,   0.649,9999.000,9999.000,9999.000,9999.000,9999.000,9999.000,9999.000
202603022048,   0.239,   0.649,9999.000,9999.000,9999.000,9999.000,9999.000,9999.000,9999.000
202603022054,   0.246,   0.669,9999.000,9999.000,9999.000,9999.000,9999.000,9999.000,9999.000
202603022100,   0.254,   0.659,   0.400,   0.005,   0.659,   0.400,   0.659,   0.500,   0.759
202603022106,   0.261,   0.678,9999.000,9999.000,9999.000,9999.000,9999.000,9999.000,9999.000
202603022112,   0.269,   0.688,9999.000,9999.000,9999.000,9999.000,9999.000,9999.000,9999.000
202603022118,   0.278,   0.688,9999.000,9999.000,9999.000,9999.000,9999.000,9999.000,9999.000
202603022124,   0.286,   0.698,9999.000,9999.000,9999.000,9999.000,9999.000,9999.000,9999.000
202603022130,   0.295,   0.698,9999.000,9999.000,9999.000,9999.000,9999.000,9999.000,9999.000
202603022136,   0.304,   0.698,9999.000,9999.000,9999.000,9999.000,9999.000,9999.000,9999.000
202603022142,   0.314,   0.708,9999.000,9999.000,9999.000,9999.000,9999.000,9999.000,9999.000
202603022148,   0.324,   0.718,9999.000,9999.000,9999.000,9999.000,9999.000,9999.000,9999.000
202603022154,   0.335,   0.718,9999.000,9999.000,9999.000,9999.000,9999.000,9999.000,9999.000
202603022200,   0.345,   0.731,   0.500,  -0.114,   0.731,   0.400,   0.631,   0.500,   0.731
202603022206,   0.357,   0.751,9999.000,9999.000,9999.000,9999.000,9999.000,9999.000,9999.000
202603022212,   0.368,   0.770,9999.000,9999.000,9999.000,9999.000,9999.000,9999.000,9999.000
202603022218,   0.380,   0.780,9999.000,9999.000,9999.000,9999.000,9999.000,9999.000,9999.000
202603022224,   0.392,   0.800,9999.000,9999.000,9999.000,9999.000,9999.000,9999.000,9999.000
202603022230,   0.405,   0.810,9999.000,9999.000,9999.000,9999.000,9999.000,9999.000,9999.000
202603022236,   0.418,   0.819,9999.000,9999.000,9999.000,9999.000,9999.000,9999.000,9999.000
202603022242,   0.431,   0.839,9999.000,9999.000,9999.000,9999.000,9999.000,9999.000,9999.000
202603022248,   0.444,   0.859,9999.000,9999.000,9999.000,9999.000,9999.000,9999.000,9999.000
202603022254,   0.458,   0.869,9999.000,9999.000,9999.000,9999.000,9999.000,9999.000,9999.000
202603022300,   0.471,   0.888,   0.500,  -0.083,   0.888,   0.400,   0.788,   0.500,   0.888
202603022306,   0.485,   0.908,9999.000,9999.000,9999.000,9999.000,9999.000,9999.000,9999.000
202603022312,   0.499,   0.928,9999.000,9999.000,9999.000,9999.000,9999.000,9999.000,9999.000
202603022318,   0.513,   0.941,9999.000,9999.000,9999.000,9999.000,9999.000,9999.000,9999.000
202603022324,   0.528,   0.961,9999.000,9999.000,9999.000,9999.000,9999.000,9999.000,9999.000
202603022330,   0.542,   0.961,9999.000,9999.000,9999.000,9999.000,9999.000,9999.000,9999.000
202603022336,   0.556,   0.970,9999.000,9999.000,9999.000,9999.000,9999.000,9999.000,9999.000
202603022342,   0.570,   0.990,9999.000,9999.000,9999.000,9999.000,9999.000,9999.000,9999.000
202603022348,   0.583,   1.010,9999.000,9999.000,9999.000,9999.000,9999.000,9999.000,9999.000
202603022354,   0.597,   1.020,9999.000,9999.000,9999.000,9999.000,9999.000,9999.000,9999.000
202603030000,   0.610,   1.020,   0.400,   0.010,   1.020,   0.300,   0.920,   0.400,   1.020
202603030006,   0.624,   1.059,9999.000,9999.000,9999.000,9999.000,9999.000,9999.000,9999.000
202603030012,   0.637,   1.069,9999.000,9999.000,9999.000,9999.000,9999.000,9999.000,9999.000
202603030018,   0.649,   1.079,9999.000,9999.000,9999.000,9999.000,9999.000,9999.000,9999.000
202603030024,   0.662,   1.098,9999.000,9999.000,9999.000,9999.000,9999.000,9999.000,9999.000
202603030030,   0.674,   1.098,9999.000,9999.000,9999.000,9999.000,9999.000,9999.000,9999.000
202603030036,   0.686,   1.128,9999.000,9999.000,9999.000,9999.000,9999.000,9999.000,9999.000
202603030042,   0.697,   1.151,9999.000,9999.000,9999.000,9999.000,9999.000,9999.000,9999.000
202603030048,   0.708,   1.161,9999.000,9999.000,9999.000,9999.000,9999.000,9999.000,9999.000
202603030054,   0.719,   1.180,9999.000,9999.000,9999.000,9999.000,9999.000,9999.000,9999.000
202603030100,   0.730,   1.200,   0.400,   0.070,   1.200,   0.300,   1.100,   0.400,   1.200
202603030106,   0.740,   1.229,9999.000,9999.000,9999.000,9999.000,9999.000,9999.000,9999.000
202603030112,   0.750,   1.229,9999.000,9999.000,9999.000,9999.000,9999.000,9999.000,9999.000
202603030118,   0.759,   1.249,9999.000,9999.000,9999.000,9999.000,9999.000,9999.000,9999.000
202603030124,   0.769,   1.259,9999.000,9999.000,9999.000,9999.000,9999.000,9999.000,9999.000
202603030130,   0.778,   1.269,9999.000,9999.000,9999.000,9999.000,9999.000,9999.000,9999.000
202603030136,   0.787,   1.279,9999.000,9999.000,9999.000,9999.000,9999.000,9999.000,9999.000
202603030142,   0.796,   1.289,9999.000,9999.000,9999.000,9999.000,9999.000,9999.000,9999.000
202603030148,   0.804,   1.298,9999.000,9999.000,9999.000,9999.000,9999.000,9999.000,9999.000
202603030154,   0.812,   1.279,9999.000,9999.000,9999.000,9999.000,9999.000,9999.000,9999.000
202603030200,   0.820,   1.279,   0.400,   0.059,   1.279,   0.300,   1.179,   0.400,   1.279
202603030206,   0.828,   1.279,9999.000,9999.000,9999.000,9999.000,9999.000,9999.000,9999.000
202603030212,   0.836,   1.279,9999.000,9999.000,9999.000,9999.000,9999.000,9999.000,9999.000
202603030218,   0.844,   1.279,9999.000,9999.000,9999.000,9999.000,9999.000,9999.000,9999.000
202603030224,   0.851,   1.279,9999.000,9999.000,9999.000,9999.000,9999.000,9999.000,9999.000
202603030230,   0.858,   1.289,9999.000,9999.000,9999.000,9999.000,9999.000,9999.000,9999.000
202603030236,   0.865,   1.308,9999.000,9999.000,9999.000,9999.000,9999.000,9999.000,9999.000
202603030242,   0.872,   1.318,9999.000,9999.000,9999.000,9999.000,9999.000,9999.000,9999.000
202603030248,   0.878,   1.328,9999.000,9999.000,9999.000,9999.000,9999.000,9999.000,9999.000
202603030254,   0.885,   1.338,9999.000,9999.000,9999.000,9999.000,9999.000,9999.000,9999.000
202603030300,   0.891,   1.361,   0.400,   0.070,   1.361,   0.300,   1.261,   0.400,   1.361
202603030306,   0.896,   1.371,9999.000,9999.000,9999.000,9999.000,9999.000,9999.000,9999.000
202603030312,   0.901,   1.380,9999.000,9999.000,9999.000,9999.000,9999.000,9999.000,9999.000
202603030318,   0.906,   1.390,9999.000,9999.000,9999.000,9999.000,9999.000,9999.000,9999.000
202603030324,   0.911,   1.400,9999.000,9999.000,9999.000,9999.000,9999.000,9999.000,9999.000
202603030330,   0.915,   1.400,9999.000,9999.000,9999.000,9999.000,9999.000,9999.000,9999.000
202603030336,   0.918,   1.410,9999.000,9999.000,9999.000,9999.000,9999.000,9999.000,9999.000
202603030342,   0.921,   1.420,9999.000,9999.000,9999.000,9999.000,9999.000,9999.000,9999.000
202603030348,   0.923,   1.420,9999.000,9999.000,9999.000,9999.000,9999.000,9999.000,9999.000
202603030354,   0.925,   1.420,9999.000,9999.000,9999.000,9999.000,9999.000,9999.000,9999.000
202603030400,   0.926,   1.430,   0.300,   0.204,   1.430,   0.300,   1.430,   0.400,   1.530
202603030406,   0.926,   1.430,9999.000,9999.000,9999.000,9999.000,9999.000,9999.000,9999.000
202603030412,   0.926,   1.420,9999.000,9999.000,9999.000,9999.000,9999.000,9999.000,9999.000
202603030418,   0.924,   1.420,9999.000,9999.000,9999.000,9999.000,9999.000,9999.000,9999.000
202603030424,   0.922,   1.420,9999.000,9999.000,9999.000,9999.000,9999.000,9999.000,9999.000
202603030430,   0.920,   1.420,9999.000,9999.000,9999.000,9999.000,9999.000,9999.000,9999.000
202603030436,   0.916,   1.410,9999.000,9999.000,9999.000,9999.000,9999.000,9999.000,9999.000
202603030442,   0.911,   1.400,9999.000,9999.000,9999.000,9999.000,9999.000,9999.000,9999.000
202603030448,   0.906,   1.400,9999.000,9999.000,9999.000,9999.000,9999.000,9999.000,9999.000
202603030454,   0.900,   1.380,9999.000,9999.000,9999.000,9999.000,9999.000,9999.000,9999.000
202603030500,   0.893,   1.380,   0.300,   0.187,   1.380,   0.300,   1.380,   0.400,   1.480
202603030506,   0.885,   1.380,9999.000,9999.000,9999.000,9999.000,9999.000,9999.000,9999.000
202603030512,   0.876,   1.348,9999.000,9999.000,9999.000,9999.000,9999.000,9999.000,9999.000
202603030518,   0.866,   1.338,9999.000,9999.000,9999.000,9999.000,9999.000,9999.000,9999.000
202603030524,   0.856,   1.328,9999.000,9999.000,9999.000,9999.000,9999.000,9999.000,9999.000
202603030530,   0.845,   1.318,9999.000,9999.000,9999.000,9999.000,9999.000,9999.000,9999.000
202603030536,   0.833,   1.298,9999.000,9999.000,9999.000,9999.000,9999.000,9999.000,9999.000
202603030542,   0.820,   1.298,9999.000,9999.000,9999.000,9999.000,9999.000,9999.000,9999.000
202603030548,   0.807,   1.269,9999.000,9999.000,9999.000,9999.000,9999.000,9999.000,9999.000
202603030554,   0.793,   1.239,9999.000,9999.000,9999.000,9999.000,9999.000,9999.000,9999.000
202603030600,   0.779,   1.210,   0.400,   0.031,   1.210,   0.300,   1.110,   0.400,   1.210
202603030606,   0.764,   1.200,9999.000,9999.000,9999.000,9999.000,9999.000,9999.000,9999.000
202603030612,   0.749,   1.180,9999.000,9999.000,9999.000,9999.000,9999.000,9999.000,9999.000
202603030618,   0.733,   1.161,9999.000,9999.000,9999.000,9999.000,9999.000,9999.000,9999.000
202603030624,   0.716,   1.118,9999.000,9999.000,9999.000,9999.000,9999.000,9999.000,9999.000
202603030630,   0.700,   1.088,9999.000,9999.000,9999.000,9999.000,9999.000,9999.000,9999.000
202603030636,   0.682,   1.069,9999.000,9999.000,9999.000,9999.000,9999.000,9999.000,9999.000
202603030642,   0.665,   1.039,9999.000,9999.000,9999.000,9999.000,9999.000,9999.000,9999.000
202603030648,   0.647,   1.020,9999.000,9999.000,9999.000,9999.000,9999.000,9999.000,9999.000
202603030654,   0.629,   1.000,9999.000,9999.000,9999.000,9999.000,9999.000,9999.000,9999.000
202603030700,   0.611,   0.970,   0.400,  -0.041,   0.970,   0.300,   0.870,   0.400,   0.970
202603030706,   0.593,   0.961,9999.000,9999.000,9999.000,9999.000,9999.000,9999.000,9999.000
202603030712,   0.574,   0.941,9999.000,9999.000,9999.000,9999.000,9999.000,9999.000,9999.000
202603030718,   0.556,   0.918,9999.000,9999.000,9999.000,9999.000,9999.000,9999.000,9999.000
202603030724,   0.537,   0.898,9999.000,9999.000,9999.000,9999.000,9999.000,9999.000,9999.000
202603030730,   0.518,   0.879,9999.000,9999.000,9999.000,9999.000,9999.000,9999.000,9999.000
202603030736,   0.499,   0.869,9999.000,9999.000,9999.000,9999.000,9999.000,9999.000,9999.000
202603030742,   0.481,   0.849,9999.000,9999.000,9999.000,9999.000,9999.000,9999.000,9999.000
202603030748,   0.462,   0.819,9999.000,9999.000,9999.000,9999.000,9999.000,9999.000,9999.000
202603030754,   0.443,   0.810,9999.000,9999.000,9999.000,9999.000,9999.000,9999.000,9999.000
202603030800,   0.424,   0.790,   0.400,  -0.034,   0.790,   0.300,   0.690,   0.400,   0.790
202603030806,   0.405,   0.770,9999.000,9999.000,9999.000,9999.000,9999.000,9999.000,9999.000
202603030812,   0.386,   0.751,9999.000,9999.000,9999.000,9999.000,9999.000,9999.000,9999.000
202603030818,   0.367,   0.731,9999.000,9999.000,9999.000,9999.000,9999.000,9999.000,9999.000
202603030824,   0.349,   0.718,9999.000,9999.000,9999.000,9999.000,9999.000,9999.000,9999.000
202603030830,   0.330,   0.688,9999.000,9999.000,9999.000,9999.000,9999.000,9999.000,9999.000
202603030836,   0.312,   0.678,9999.000,9999.000,9999.000,9999.000,9999.000,9999.000,9999.000
202603030842,   0.293,   0.669,9999.000,9999.000,9999.000,9999.000,9999.000,9999.000,9999.000
202603030848,   0.275,   0.639,9999.000,9999.000,9999.000,9999.000,9999.000,9999.000,9999.000
202603030854,   0.258,   0.629,9999.000,9999.000,9999.000,9999.000,9999.000,9999.000,9999.000
202603030900,   0.240,   0.600,   0.400,  -0.040,   0.600,   0.300,   0.500,   0.400,   0.600
202603030906,   0.223,   0.570,9999.000,9999.000,9999.000,9999.000,9999.000,9999.000,9999.000
202603030912,   0.206,   0.560,9999.000,9999.000,9999.000,9999.000,9999.000,9999.000,9999.000
202603030918,   0.189,   0.541,9999.000,9999.000,9999.000,9999.000,9999.000,9999.000,9999.000
202603030924,   0.173,   0.531,9999.000,9999.000,9999.000,9999.000,9999.000,9999.000,9999.000
202603030930,   0.157,   0.518,9999.000,9999.000,9999.000,9999.000,9999.000,9999.000,9999.000
202603030936,   0.141,   0.508,9999.000,9999.000,9999.000,9999.000,9999.000,9999.000,9999.000
202603030942,   0.126,   0.488,9999.000,9999.000,9999.000,9999.000,9999.000,9999.000,9999.000
202603030948,   0.112,   0.478,9999.000,9999.000,9999.000,9999.000,9999.000,9999.000,9999.000
202603030954,   0.098,   0.478,9999.000,9999.000,9999.000,9999.000,9999.000,9999.000,9999.000
202603031000,   0.085,   0.469,   0.400,  -0.016,   0.469,   0.300,   0.369,   0.400,   0.469
202603031006,   0.072,   0.449,9999.000,9999.000,9999.000,9999.000,9999.000,9999.000,9999.000
202603031012,   0.060,   0.429,9999.000,9999.000,9999.000,9999.000,9999.000,9999.000,9999.000
202603031018,   0.048,   0.429,9999.000,9999.000,9999.000,9999.000,9999.000,9999.000,9999.000
202603031024,   0.037,   0.409,9999.000,9999.000,9999.000,9999.000,9999.000,9999.000,9999.000
202603031030,   0.027,   0.409,9999.000,9999.000,9999.000,9999.000,9999.000,9999.000,9999.000
202603031036,   0.017,   0.400,9999.000,9999.000,9999.000,9999.000,9999.000,9999.000,9999.000
202603031042,   0.008,   0.390,9999.000,9999.000,9999.000,9999.000,9999.000,9999.000,9999.000
202603031048,   0.000,   0.380,9999.000,9999.000,9999.000,9999.000,9999.000,9999.000,9999.000
202603031054,  -0.007,   0.390,9999.000,9999.000,9999.000,9999.000,9999.000,9999.000,9999.000
202603031100,  -0.014,   0.380,   0.400,  -0.006,   0.380,   0.300,   0.280,   0.400,   0.380
202603031106,  -0.020,   0.380,9999.000,9999.000,9999.000,9999.000,9999.000,9999.000,9999.000
202603031112,  -0.026,   0.380,9999.000,9999.000,9999.000,9999.000,9999.000,9999.000,9999.000
202603031118,  -0.031,   0.390,9999.000,9999.000,9999.000,9999.000,9999.000,9999.000,9999.000
202603031124,  -0.036,   0.400,9999.000,9999.000,9999.000,9999.000,9999.000,9999.000,9999.000
202603031130,  -0.040,   0.400,9999.000,9999.000,9999.000,9999.000,9999.000,9999.000,9999.000
202603031136,  -0.044,   0.400,9999.000,9999.000,9999.000,9999.000,9999.000,9999.000,9999.000
202603031142,  -0.047,   0.400,9999.000,9999.000,9999.000,9999.000,9999.000,9999.000,9999.000
202603031148,  -0.050,   0.409,9999.000,9999.000,9999.000,9999.000,9999.000,9999.000,9999.000
202603031154,  -0.052,   0.419,9999.000,9999.000,9999.000,9999.000,9999.000,9999.000,9999.000
202603031200,  -0.054,   0.419,   0.400,   0.073,   0.419,   0.400,   0.419,   0.400,   0.419
202603031206,  -0.055,   0.429,9999.000,9999.000,9999.000,9999.000,9999.000,9999.000,9999.000
202603031212,  -0.057,   0.429,9999.000,9999.000,9999.000,9999.000,9999.000,9999.000,9999.000
202603031218,  -0.057,   0.439,9999.000,9999.000,9999.000,9999.000,9999.000,9999.000,9999.000
202603031224,  -0.058,   0.439,9999.000,9999.000,9999.000,9999.000,9999.000,9999.000,9999.000
202603031230,  -0.058,   0.449,9999.000,9999.000,9999.000,9999.000,9999.000,9999.000,9999.000
202603031236,  -0.058,   0.449,9999.000,9999.000,9999.000,9999.000,9999.000,9999.000,9999.000
202603031242,  -0.058,   0.459,9999.000,9999.000,9999.000,9999.000,9999.000,9999.000,9999.000
202603031248,  -0.058,   0.459,9999.000,9999.000,9999.000,9999.000,9999.000,9999.000,9999.000
202603031254,  -0.057,   0.469,9999.000,9999.000,9999.000,9999.000,9999.000,9999.000,9999.000
202603031300,  -0.056,   0.469,   0.400,   0.125,   0.469,   0.400,   0.469,   0.400,   0.469
202603031306,  -0.055,   0.478,9999.000,9999.000,9999.000,9999.000,9999.000,9999.000,9999.000
202603031312,  -0.053,   0.478,9999.000,9999.000,9999.000,9999.000,9999.000,9999.000,9999.000
202603031318,  -0.052,   0.478,9999.000,9999.000,9999.000,9999.000,9999.000,9999.000,9999.000
202603031324,  -0.050,   0.488,9999.000,9999.000,9999.000,9999.000,9999.000,9999.000,9999.000
202603031330,  -0.048,   0.488,9999.000,9999.000,9999.000,9999.000,9999.000,9999.000,9999.000
202603031336,  -0.045,   0.488,9999.000,9999.000,9999.000,9999.000,9999.000,9999.000,9999.000
202603031342,  -0.043,   0.498,9999.000,9999.000,9999.000,9999.000,9999.000,9999.000,9999.000
202603031348,  -0.040,   0.498,9999.000,9999.000,9999.000,9999.000,9999.000,9999.000,9999.000
202603031354,  -0.037,   0.488,9999.000,9999.000,9999.000,9999.000,9999.000,9999.000,9999.000
202603031400,  -0.033,   0.488,   0.400,   0.121,   0.488,   0.400,   0.488,   0.400,   0.488
202603031406,  -0.029,   0.498,9999.000,9999.000,9999.000,9999.000,9999.000,9999.000,9999.000
202603031412,  -0.025,   0.508,9999.000,9999.000,9999.000,9999.000,9999.000,9999.000,9999.000
202603031418,  -0.020,   0.518,9999.000,9999.000,9999.000,9999.000,9999.000,9999.000,9999.000
202603031424,  -0.015,   0.531,9999.000,9999.000,9999.000,9999.000,9999.000,9999.000,9999.000
202603031430,  -0.010,   0.531,9999.000,9999.000,9999.000,9999.000,9999.000,9999.000,9999.000
202603031436,  -0.004,   0.551,9999.000,9999.000,9999.000,9999.000,9999.000,9999.000,9999.000
202603031442,   0.001,   0.551,9999.000,9999.000,9999.000,9999.000,9999.000,9999.000,9999.000
202603031448,   0.007,   0.551,9999.000,9999.000,9999.000,9999.000,9999.000,9999.000,9999.000
202603031454,   0.014,   0.560,9999.000,9999.000,9999.000,9999.000,9999.000,9999.000,9999.000
202603031500,   0.021,   0.570,   0.400,   0.149,   0.570,   0.400,   0.570,   0.500,   0.670
202603031506,   0.029,   0.590,9999.000,9999.000,9999.000,9999.000,9999.000,9999.000,9999.000
202603031512,   0.036,   0.600,9999.000,9999.000,9999.000,9999.000,9999.000,9999.000,9999.000
202603031518,   0.044,   0.610,9999.000,9999.000,9999.000,9999.000,9999.000,9999.000,9999.000
202603031524,   0.053,   0.619,9999.000,9999.000,9999.000,9999.000,9999.000,9999.000,9999.000
202603031530,   0.061,   0.639,9999.000,9999.000,9999.000,9999.000,9999.000,9999.000,9999.000
202603031536,   0.069,   0.649,9999.000,9999.000,9999.000,9999.000,9999.000,9999.000,9999.000
202603031542,   0.078,   0.669,9999.000,9999.000,9999.000,9999.000,9999.000,9999.000,9999.000
202603031548,   0.087,   0.678,9999.000,9999.000,9999.000,9999.000,9999.000,9999.000,9999.000
202603031554,   0.095,   0.678,9999.000,9999.000,9999.000,9999.000,9999.000,9999.000,9999.000
202603031600,   0.104,   0.678,   0.400,   0.174,   0.678,   0.400,   0.678,   0.400,   0.678
202603031606,   0.113,   0.708,9999.000,9999.000,9999.000,9999.000,9999.000,9999.000,9999.000
202603031612,   0.121,   0.698,9999.000,9999.000,9999.000,9999.000,9999.000,9999.000,9999.000
202603031618,   0.129,   0.718,9999.000,9999.000,9999.000,9999.000,9999.000,9999.000,9999.000
202603031624,   0.137,   0.741,9999.000,9999.000,9999.000,9999.000,9999.000,9999.000,9999.000
202603031630,   0.145,   0.751,9999.000,9999.000,9999.000,9999.000,9999.000,9999.000,9999.000
202603031636,   0.152,   0.770,9999.000,9999.000,9999.000,9999.000,9999.000,9999.000,9999.000
202603031642,   0.159,   0.770,9999.000,9999.000,9999.000,9999.000,9999.000,9999.000,9999.000
202603031648,   0.166,   0.790,9999.000,9999.000,9999.000,9999.000,9999.000,9999.000,9999.000
202603031654,   0.172,   0.800,9999.000,9999.000,9999.000,9999.000,9999.000,9999.000,9999.000
202603031700,   0.178,   0.810,   0.400,   0.232,   0.810,   0.400,   0.810,   0.400,   0.810
202603031706,   0.183,   0.819,9999.000,9999.000,9999.000,9999.000,9999.000,9999.000,9999.000
202603031712,   0.188,   0.819,9999.000,9999.000,9999.000,9999.000,9999.000,9999.000,9999.000
202603031718,   0.192,   0.829,9999.000,9999.000,9999.000,9999.000,9999.000,9999.000,9999.000
202603031724,   0.196,   0.839,9999.000,9999.000,9999.000,9999.000,9999.000,9999.000,9999.000
202603031730,   0.199,   0.859,9999.000,9999.000,9999.000,9999.000,9999.000,9999.000,9999.000
202603031736,   0.202,   0.859,9999.000,9999.000,9999.000,9999.000,9999.000,9999.000,9999.000
202603031742,   0.204,   0.869,9999.000,9999.000,9999.000,9999.000,9999.000,9999.000,9999.000
202603031748,   0.206,   0.869,9999.000,9999.000,9999.000,9999.000,9999.000,9999.000,9999.000
202603031754,   0.208,   0.879,9999.000,9999.000,9999.000,9999.000,9999.000,9999.000,9999.000
202603031800,   0.208,   0.879,   0.500,   0.171,   0.879,   0.500,   0.879,   0.500,   0.879
202603031806,   0.209,   0.888,9999.000,9999.000,9999.000,9999.000,9999.000,9999.000,9999.000
202603031812,   0.209,   0.879,9999.000,9999.000,9999.000,9999.000,9999.000,9999.000,9999.000
202603031818,   0.209,   0.879,9999.000,9999.000,9999.000,9999.000,9999.000,9999.000,9999.000
202603031824,   0.208,   0.879,9999.000,9999.000,9999.000,9999.000,9999.000,9999.000,9999.000
202603031830,   0.208,   0.869,9999.000,9999.000,9999.000,9999.000,9999.000,9999.000,9999.000
202603031836,   0.206,   0.859,9999.000,9999.000,9999.000,9999.000,9999.000,9999.000,9999.000
202603031842,   0.205,   0.849,9999.000,9999.000,9999.000,9999.000,9999.000,9999.000,9999.000
202603031848,   0.204,   0.839,9999.000,9999.000,9999.000,9999.000,9999.000,9999.000,9999.000
202603031854,   0.202,   0.829,9999.000,9999.000,9999.000,9999.000,9999.000,9999.000,9999.000
202603031900,   0.200,   0.819,   0.500,   0.119,   0.819,   0.500,   0.819,   0.500,   0.819
202603031906,   0.199,   0.810,9999.000,9999.000,9999.000,9999.000,9999.000,9999.000,9999.000
202603031912,   0.197,   0.800,9999.000,9999.000,9999.000,9999.000,9999.000,9999.000,9999.000
202603031918,   0.195,   0.810,9999.000,9999.000,9999.000,9999.000,9999.000,9999.000,9999.000
202603031924,   0.193,   0.800,9999.000,9999.000,9999.000,9999.000,9999.000,9999.000,9999.000
202603031930,   0.191,   0.810,9999.000,9999.000,9999.000,9999.000,9999.000,9999.000,9999.000
202603031936,   0.190,   0.819,9999.000,9999.000,9999.000,9999.000,9999.000,9999.000,9999.000
202603031942,   0.188,   0.819,9999.000,9999.000,9999.000,9999.000,9999.000,9999.000,9999.000
202603031948,   0.186,   0.810,9999.000,9999.000,9999.000,9999.000,9999.000,9999.000,9999.000
202603031954,   0.185,   0.800,9999.000,9999.000,9999.000,9999.000,9999.000,9999.000,9999.000
202603032000,   0.183,   0.810,   0.500,   0.127,   0.810,   0.500,   0.810,   0.600,   0.910
202603032006,   0.182,   0.800,9999.000,9999.000,9999.000,9999.000,9999.000,9999.000,9999.000
202603032012,   0.181,   0.800,9999.000,9999.000,9999.000,9999.000,9999.000,9999.000,9999.000
202603032018,   0.180,   0.810,9999.000,9999.000,9999.000,9999.000,9999.000,9999.000,9999.000
202603032024,   0.179,   0.800,9999.000,9999.000,9999.000,9999.000,9999.000,9999.000,9999.000
202603032030,   0.178,   0.810,9999.000,9999.000,9999.000,9999.000,9999.000,9999.000,9999.000
202603032036,   0.178,   0.810,9999.000,9999.000,9999.000,9999.000,9999.000,9999.000,9999.000
202603032042,   0.177,   0.800,9999.000,9999.000,9999.000,9999.000,9999.000,9999.000,9999.000
202603032048,   0.177,   0.800,9999.000,9999.000,9999.000,9999.000,9999.000,9999.000,9999.000
202603032054,   0.177,   0.800,9999.000,9999.000,9999.000,9999.000,9999.000,9999.000,9999.000
202603032100,   0.177,   0.790,   0.500,   0.113,   0.790,   0.500,   0.790,   0.500,   0.790
202603032106,   0.178,   0.800,9999.000,9999.000,9999.000,9999.000,9999.000,9999.000,9999.000
202603032112,   0.179,   0.790,9999.000,9999.000,9999.000,9999.000,9999.000,9999.000,9999.000
202603032118,   0.179,   0.790,9999.000,9999.000,9999.000,9999.000,9999.000,9999.000,9999.000
202603032124,   0.181,   0.790,9999.000,9999.000,9999.000,9999.000,9999.000,9999.000,9999.000
202603032130,   0.182,   0.790,9999.000,9999.000,9999.000,9999.000,9999.000,9999.000,9999.000
202603032136,   0.184,   0.800,9999.000,9999.000,9999.000,9999.000,9999.000,9999.000,9999.000
202603032142,   0.186,   0.790,9999.000,9999.000,9999.000,9999.000,9999.000,9999.000,9999.000
202603032148,   0.188,   0.790,9999.000,9999.000,9999.000,9999.000,9999.000,9999.000,9999.000
202603032154,   0.191,   0.800,9999.000,9999.000,9999.000,9999.000,9999.000,9999.000,9999.000
202603032200,   0.194,   0.800,   0.500,   0.106,   0.800,   0.500,   0.800,   0.600,   0.900
202603032206,   0.198,   0.800,9999.000,9999.000,9999.000,9999.000,9999.000,9999.000,9999.000
202603032212,   0.202,   0.800,9999.000,9999.000,9999.000,9999.000,9999.000,9999.000,9999.000
202603032218,   0.206,   0.800,9999.000,9999.000,9999.000,9999.000,9999.000,9999.000,9999.000
202603032224,   0.211,   0.800,9999.000,9999.000,9999.000,9999.000,9999.000,9999.000,9999.000
202603032230,   0.216,   0.800,9999.000,9999.000,9999.000,9999.000,9999.000,9999.000,9999.000
202603032236,   0.222,   0.800,9999.000,9999.000,9999.000,9999.000,9999.000,9999.000,9999.000
202603032242,   0.228,   0.810,9999.000,9999.000,9999.000,9999.000,9999.000,9999.000,9999.000
202603032248,   0.234,   0.819,9999.000,9999.000,9999.000,9999.000,9999.000,9999.000,9999.000
202603032254,   0.241,   0.819,9999.000,9999.000,9999.000,9999.000,9999.000,9999.000,9999.000
202603032300,   0.248,   0.819,   0.600,  -0.029,   0.819,   0.500,   0.719,   0.600,   0.819
202603032306,   0.256,   0.829,9999.000,9999.000,9999.000,9999.000,9999.000,9999.000,9999.000
202603032312,   0.264,   0.839,9999.000,9999.000,9999.000,9999.000,9999.000,9999.000,9999.000
202603032318,   0.273,   0.849,9999.000,9999.000,9999.000,9999.000,9999.000,9999.000,9999.000
202603032324,   0.282,   0.859,9999.000,9999.000,9999.000,9999.000,9999.000,9999.000,9999.000
202603032330,   0.291,   0.869,9999.000,9999.000,9999.000,9999.000,9999.000,9999.000,9999.000
202603032336,   0.301,   0.869,9999.000,9999.000,9999.000,9999.000,9999.000,9999.000,9999.000
202603032342,   0.311,   0.888,9999.000,9999.000,9999.000,9999.000,9999.000,9999.000,9999.000
202603032348,   0.321,   0.898,9999.000,9999.000,9999.000,9999.000,9999.000,9999.000,9999.000
202603032354,   0.331,   1.000,9999.000,9999.000,9999.000,9999.000,9999.000,9999.000,9999.000
202603040000,   0.341,   1.000,   0.500,   0.159,   1.000,   0.500,   1.000,   0.500,   1.000
202603040006,   0.352,   0.928,9999.000,9999.000,9999.000,9999.000,9999.000,9999.000,9999.000
202603040012,   0.363,   0.951,9999.000,9999.000,9999.000,9999.000,9999.000,9999.000,9999.000
202603040018,   0.373,   0.961,9999.000,9999.000,9999.000,9999.000,9999.000,9999.000,9999.000
202603040024,   0.384,   0.980,9999.000,9999.000,9999.000,9999.000,9999.000,9999.000,9999.000
202603040030,   0.395,   1.000,9999.000,9999.000,9999.000,9999.000,9999.000,9999.000,9999.000
202603040036,   0.406,   1.010,9999.000,9999.000,9999.000,9999.000,9999.000,9999.000,9999.000
202603040042,   0.416,   1.029,9999.000,9999.000,9999.000,9999.000,9999.000,9999.000,9999.000
202603040048,   0.427,   1.029,9999.000,9999.000,9999.000,9999.000,9999.000,9999.000,9999.000
202603040054,   0.437,   1.059,9999.000,9999.000,9999.000,9999.000,9999.000,9999.000,9999.000
202603040100,   0.447,   1.079,   0.500,   0.132,   1.079,   0.500,   1.079,   0.500,   1.079
202603040106,   0.457,   1.088,9999.000,9999.000,9999.000,9999.000,9999.000,9999.000,9999.000
202603040112,   0.467,   1.098,9999.000,9999.000,9999.000,9999.000,9999.000,9999.000,9999.000
202603040118,   0.476,   1.108,9999.000,9999.000,9999.000,9999.000,9999.000,9999.000,9999.000
202603040124,   0.486,   1.118,9999.000,9999.000,9999.000,9999.000,9999.000,9999.000,9999.000
202603040130,   0.495,   1.118,9999.000,9999.000,9999.000,9999.000,9999.000,9999.000,9999.000
202603040136,   0.503,   1.128,9999.000,9999.000,9999.000,9999.000,9999.000,9999.000,9999.000
202603040142,   0.512,   1.138,9999.000,9999.000,9999.000,9999.000,9999.000,9999.000,9999.000
202603040148,   0.521,   1.138,9999.000,9999.000,9999.000,9999.000,9999.000,9999.000,9999.000
202603040154,   0.529,   1.151,9999.000,9999.000,9999.000,9999.000,9999.000,9999.000,9999.000
202603040200,   0.537,   1.151,   0.500,   0.114,   1.151,   0.500,   1.151,   0.500,   1.151
202603040206,   0.545,   1.151,9999.000,9999.000,9999.000,9999.000,9999.000,9999.000,9999.000
202603040212,   0.552,   1.151,9999.000,9999.000,9999.000,9999.000,9999.000,9999.000,9999.000
202603040218,   0.560,   1.151,9999.000,9999.000,9999.000,9999.000,9999.000,9999.000,9999.000
202603040224,   0.567,   1.161,9999.000,9999.000,9999.000,9999.000,9999.000,9999.000,9999.000
202603040230,   0.575,   1.161,9999.000,9999.000,9999.000,9999.000,9999.000,9999.000,9999.000
202603040236,   0.582,   1.170,9999.000,9999.000,9999.000,9999.000,9999.000,9999.000,9999.000
202603040242,   0.589,   1.170,9999.000,9999.000,9999.000,9999.000,9999.000,9999.000,9999.000
202603040248,   0.596,   1.180,9999.000,9999.000,9999.000,9999.000,9999.000,9999.000,9999.000
202603040254,   0.603,   1.180,9999.000,9999.000,9999.000,9999.000,9999.000,9999.000,9999.000
202603040300,   0.610,   1.190,   0.500,   0.080,   1.190,   0.500,   1.190,   0.500,   1.190
202603040306,   0.617,   1.200,9999.000,9999.000,9999.000,9999.000,9999.000,9999.000,9999.000
202603040312,   0.624,   1.200,9999.000,9999.000,9999.000,9999.000,9999.000,9999.000,9999.000
202603040318,   0.631,   1.210,9999.000,9999.000,9999.000,9999.000,9999.000,9999.000,9999.000
202603040324,   0.637,   1.220,9999.000,9999.000,9999.000,9999.000,9999.000,9999.000,9999.000
202603040330,   0.644,   1.229,9999.000,9999.000,9999.000,9999.000,9999.000,9999.000,9999.000
202603040336,   0.651,   1.239,9999.000,9999.000,9999.000,9999.000,9999.000,9999.000,9999.000
202603040342,   0.657,   1.220,9999.000,9999.000,9999.000,9999.000,9999.000,9999.000,9999.000
202603040348,   0.663,   1.210,9999.000,9999.000,9999.000,9999.000,9999.000,9999.000,9999.000
202603040354,   0.670,   1.220,9999.000,9999.000,9999.000,9999.000,9999.000,9999.000,9999.000
202603040400,   0.675,   1.220,   0.500,   0.045,   1.220,   0.500,   1.220,   0.500,   1.220
202603040406,   0.681,   1.229,9999.000,9999.000,9999.000,9999.000,9999.000,9999.000,9999.000
202603040412,   0.686,   1.239,9999.000,9999.000,9999.000,9999.000,9999.000,9999.000,9999.000
202603040418,   0.691,   1.239,9999.000,9999.000,9999.000,9999.000,9999.000,9999.000,9999.000
202603040424,   0.695,   1.249,9999.000,9999.000,9999.000,9999.000,9999.000,9999.000,9999.000
202603040430,   0.699,   1.249,9999.000,9999.000,9999.000,9999.000,9999.000,9999.000,9999.000
202603040436,   0.703,   1.249,9999.000,9999.000,9999.000,9999.000,9999.000,9999.000,9999.000
202603040442,   0.706,   1.239,9999.000,9999.000,9999.000,9999.000,9999.000,9999.000,9999.000
202603040448,   0.709,   1.229,9999.000,9999.000,9999.000,9999.000,9999.000,9999.000,9999.000
202603040454,   0.711,   1.220,9999.000,9999.000,9999.000,9999.000,9999.000,9999.000,9999.000
202603040500,   0.712,   1.220,   0.500,   0.008,   1.220,   0.400,   1.120,   0.500,   1.220
202603040506,   0.713,   1.200,9999.000,9999.000,9999.000,9999.000,9999.000,9999.000,9999.000
202603040512,   0.713,   1.190,9999.000,9999.000,9999.000,9999.000,9999.000,9999.000,9999.000
202603040518,   0.712,   1.180,9999.000,9999.000,9999.000,9999.000,9999.000,9999.000,9999.000
202603040524,   0.711,   1.161,9999.000,9999.000,9999.000,9999.000,9999.000,9999.000,9999.000
202603040530,   0.708,   1.161,9999.000,9999.000,9999.000,9999.000,9999.000,9999.000,9999.000
202603040536,   0.706,   1.138,9999.000,9999.000,9999.000,9999.000,9999.000,9999.000,9999.000
202603040542,   0.702,   1.138,9999.000,9999.000,9999.000,9999.000,9999.000,9999.000,9999.000
202603040548,   0.698,   1.128,9999.000,9999.000,9999.000,9999.000,9999.000,9999.000,9999.000
202603040554,   0.692,   1.118,9999.000,9999.000,9999.000,9999.000,9999.000,9999.000,9999.000
202603040600,   0.687,   1.108,   0.500,  -0.079,   1.108,   0.400,   1.008,   0.500,   1.108
202603040606,   0.680,   1.088,9999.000,9999.000,9999.000,9999.000,9999.000,9999.000,9999.000
202603040612,   0.673,   1.079,9999.000,9999.000,9999.000,9999.000,9999.000,9999.000,9999.000
202603040618,   0.665,   1.069,9999.000,9999.000,9999.000,9999.000,9999.000,9999.000,9999.000
202603040624,   0.657,   1.049,9999.000,9999.000,9999.000,9999.000,9999.000,9999.000,9999.000
202603040630,   0.647,   1.029,9999.000,9999.000,9999.000,9999.000,9999.000,9999.000,9999.000
202603040636,   0.638,   1.000,9999.000,9999.000,9999.000,9999.000,9999.000,9999.000,9999.000
202603040642,   0.628,   0.990,9999.000,9999.000,9999.000,9999.000,9999.000,9999.000,9999.000
202603040648,   0.617,   0.961,9999.000,9999.000,9999.000,9999.000,9999.000,9999.000,9999.000
202603040654,   0.606,   0.941,9999.000,9999.000,9999.000,9999.000,9999.000,9999.000,9999.000
202603040700,   0.595,   0.928,   0.500,  -0.167,   0.928,   0.400,   0.828,   0.500,   0.928
202603040706,   0.583,   0.918,9999.000,9999.000,9999.000,9999.000,9999.000,9999.000,9999.000
202603040712,   0.571,   0.888,9999.000,9999.000,9999.000,9999.000,9999.000,9999.000,9999.000
202603040718,   0.559,   0.888,9999.000,9999.000,9999.000,9999.000,9999.000,9999.000,9999.000
202603040724,   0.546,   0.859,9999.000,9999.000,9999.000,9999.000,9999.000,9999.000,9999.000
202603040730,   0.533,   0.839,9999.000,9999.000,9999.000,9999.000,9999.000,9999.000,9999.000
202603040736,   0.521,   0.839,9999.000,9999.000,9999.000,9999.000,9999.000,9999.000,9999.000
202603040742,   0.508,   0.829,9999.000,9999.000,9999.000,9999.000,9999.000,9999.000,9999.000
202603040748,   0.495,   0.810,9999.000,9999.000,9999.000,9999.000,9999.000,9999.000,9999.000
202603040754,   0.482,   0.790,9999.000,9999.000,9999.000,9999.000,9999.000,9999.000,9999.000
202603040800,   0.469,   0.770,   0.500,  -0.199,   0.770,   0.400,   0.670,   0.500,   0.770
202603040806,   0.456,   0.751,9999.000,9999.000,9999.000,9999.000,9999.000,9999.000,9999.000
202603040812,   0.443,   0.731,9999.000,9999.000,9999.000,9999.000,9999.000,9999.000,9999.000
202603040818,   0.430,   0.718,9999.000,9999.000,9999.000,9999.000,9999.000,9999.000,9999.000
202603040824,   0.417,   0.698,9999.000,9999.000,9999.000,9999.000,9999.000,9999.000,9999.000
202603040830,   0.404,   0.669,9999.000,9999.000,9999.000,9999.000,9999.000,9999.000,9999.000
202603040836,   0.392,   0.659,9999.000,9999.000,9999.000,9999.000,9999.000,9999.000,9999.000
202603040842,   0.379,   0.639,9999.000,9999.000,9999.000,9999.000,9999.000,9999.000,9999.000
202603040848,   0.367,   0.610,9999.000,9999.000,9999.000,9999.000,9999.000,9999.000,9999.000
202603040854,   0.355,   0.600,9999.000,9999.000,9999.000,9999.000,9999.000,9999.000,9999.000
202603040900,   0.343,   0.570,   0.400,  -0.173,   0.570,   0.400,   0.570,   0.500,   0.670
202603040906,   0.331,   0.560,9999.000,9999.000,9999.000,9999.000,9999.000,9999.000,9999.000
202603040912,   0.320,   0.541,9999.000,9999.000,9999.000,9999.000,9999.000,9999.000,9999.000
202603040918,   0.309,   0.508,9999.000,9999.000,9999.000,9999.000,9999.000,9999.000,9999.000
202603040924,   0.298,   0.498,9999.000,9999.000,9999.000,9999.000,9999.000,9999.000,9999.000
202603040930,   0.287,   0.478,9999.000,9999.000,9999.000,9999.000,9999.000,9999.000,9999.000
202603040936,   0.276,   0.469,9999.000,9999.000,9999.000,9999.000,9999.000,9999.000,9999.000
202603040942,   0.266,   0.459,9999.000,9999.000,9999.000,9999.000,9999.000,9999.000,9999.000
202603040948,   0.256,   0.449,9999.000,9999.000,9999.000,9999.000,9999.000,9999.000,9999.000
202603040954,   0.247,   0.439,9999.000,9999.000,9999.000,9999.000,9999.000,9999.000,9999.000
202603041000,   0.238,   0.429,   0.500,  -0.309,   0.429,   0.400,   0.329,   0.500,   0.429
202603041006,   0.229,   0.419,9999.000,9999.000,9999.000,9999.000,9999.000,9999.000,9999.000
202603041012,   0.220,   0.409,9999.000,9999.000,9999.000,9999.000,9999.000,9999.000,9999.000
202603041018,   0.212,   0.400,9999.000,9999.000,9999.000,9999.000,9999.000,9999.000,9999.000
202603041024,   0.205,   0.380,9999.000,9999.000,9999.000,9999.000,9999.000,9999.000,9999.000
202603041030,   0.198,   0.370,9999.000,9999.000,9999.000,9999.000,9999.000,9999.000,9999.000
202603041036,   0.191,   0.370,9999.000,9999.000,9999.000,9999.000,9999.000,9999.000,9999.000
202603041042,   0.185,   0.360,9999.000,9999.000,9999.000,9999.000,9999.000,9999.000,9999.000
202603041048,   0.180,   0.360,9999.000,9999.000,9999.000,9999.000,9999.000,9999.000,9999.000
202603041054,   0.174,   0.350,9999.000,9999.000,9999.000,9999.000,9999.000,9999.000,9999.000
202603041100,   0.170,   0.350,   0.500,  -0.320,   0.350,   0.400,   0.250,   0.500,   0.350
202603041106,   0.166,   0.341,9999.000,9999.000,9999.000,9999.000,9999.000,9999.000,9999.000
202603041112,   0.163,   0.341,9999.000,9999.000,9999.000,9999.000,9999.000,9999.000,9999.000
202603041118,   0.160,   0.341,9999.000,9999.000,9999.000,9999.000,9999.000,9999.000,9999.000
202603041124,   0.158,   0.350,9999.000,9999.000,9999.000,9999.000,9999.000,9999.000,9999.000
202603041130,   0.156,   0.341,9999.000,9999.000,9999.000,9999.000,9999.000,9999.000,9999.000
202603041136,   0.155,   0.360,9999.000,9999.000,9999.000,9999.000,9999.000,9999.000,9999.000
202603041142,   0.154,   0.360,9999.000,9999.000,9999.000,9999.000,9999.000,9999.000,9999.000
202603041148,   0.154,   0.370,9999.000,9999.000,9999.000,9999.000,9999.000,9999.000,9999.000
202603041154,   0.154,   0.380,9999.000,9999.000,9999.000,9999.000,9999.000,9999.000,9999.000
202603041200,   0.155,   0.390,   0.400,  -0.165,   0.390,   0.400,   0.390,   0.400,   0.390
202603041206,   0.156,   0.400,9999.000,9999.000,9999.000,9999.000,9999.000,9999.000,9999.000
202603041212,   0.158,   0.409,9999.000,9999.000,9999.000,9999.000,9999.000,9999.000,9999.000
202603041218,   0.160,   0.419,9999.000,9999.000,9999.000,9999.000,9999.000,9999.000,9999.000
202603041224,   0.162,   0.419,9999.000,9999.000,9999.000,9999.000,9999.000,9999.000,9999.000
202603041230,   0.165,   0.439,9999.000,9999.000,9999.000,9999.000,9999.000,9999.000,9999.000
202603041236,   0.167,   0.439,9999.000,9999.000,9999.000,9999.000,9999.000,9999.000,9999.000
202603041242,   0.171,   0.469,9999.000,9999.000,9999.000,9999.000,9999.000,9999.000,9999.000
202603041248,   0.174,   0.469,9999.000,9999.000,9999.000,9999.000,9999.000,9999.000,9999.000
202603041254,   0.178,   0.478,9999.000,9999.000,9999.000,9999.000,9999.000,9999.000,9999.000
202603041300,   0.181,   0.488,   0.400,  -0.093,   0.488,   0.400,   0.488,   0.400,   0.488
202603041306,   0.185,   0.498,9999.000,9999.000,9999.000,9999.000,9999.000,9999.000,9999.000
202603041312,   0.189,   0.498,9999.000,9999.000,9999.000,9999.000,9999.000,9999.000,9999.000
202603041318,   0.193,   0.508,9999.000,9999.000,9999.000,9999.000,9999.000,9999.000,9999.000
202603041324,   0.197,   0.508,9999.000,9999.000,9999.000,9999.000,9999.000,9999.000,9999.000
202603041330,   0.201,   0.508,9999.000,9999.000,9999.000,9999.000,9999.000,9999.000,9999.000
202603041336,   0.205,   0.518,9999.000,9999.000,9999.000,9999.000,9999.000,9999.000,9999.000
202603041342,   0.209,   0.508,9999.000,9999.000,9999.000,9999.000,9999.000,9999.000,9999.000
202603041348,   0.212,   0.518,9999.000,9999.000,9999.000,9999.000,9999.000,9999.000,9999.000
202603041354,   0.216,   0.531,9999.000,9999.000,9999.000,9999.000,9999.000,9999.000,9999.000
202603041400,   0.220,   0.531,   0.400,  -0.089,   0.531,   0.400,   0.531,   0.400,   0.531
202603041406,   0.224,   0.531,9999.000,9999.000,9999.000,9999.000,9999.000,9999.000,9999.000
202603041412,   0.228,   0.531,9999.000,9999.000,9999.000,9999.000,9999.000,9999.000,9999.000
202603041418,   0.232,   0.531,9999.000,9999.000,9999.000,9999.000,9999.000,9999.000,9999.000
202603041424,   0.236,   0.541,9999.000,9999.000,9999.000,9999.000,9999.000,9999.000,9999.000
202603041430,   0.240,   0.541,9999.000,9999.000,9999.000,9999.000,9999.000,9999.000,9999.000
202603041436,   0.244,   0.551,9999.000,9999.000,9999.000,9999.000,9999.000,9999.000,9999.000
202603041442,   0.248,   0.560,9999.000,9999.000,9999.000,9999.000,9999.000,9999.000,9999.000
202603041448,   0.252,   0.560,9999.000,9999.000,9999.000,9999.000,9999.000,9999.000,9999.000
202603041454,   0.256,   0.560,9999.000,9999.000,9999.000,9999.000,9999.000,9999.000,9999.000
202603041500,   0.261,   0.570,   0.400,  -0.091,   0.570,   0.400,   0.570,   0.400,   0.570
202603041506,   0.265,   0.580,9999.000,9999.000,9999.000,9999.000,9999.000,9999.000,9999.000
202603041512,   0.270,   0.590,9999.000,9999.000,9999.000,9999.000,9999.000,9999.000,9999.000
202603041518,   0.275,   0.590,9999.000,9999.000,9999.000,9999.000,9999.000,9999.000,9999.000
202603041524,   0.280,   0.610,9999.000,9999.000,9999.000,9999.000,9999.000,9999.000,9999.000
202603041530,   0.285,   0.610,9999.000,9999.000,9999.000,9999.000,9999.000,9999.000,9999.000
202603041536,   0.290,   0.619,9999.000,9999.000,9999.000,9999.000,9999.000,9999.000,9999.000
202603041542,   0.295,   0.629,9999.000,9999.000,9999.000,9999.000,9999.000,9999.000,9999.000
202603041548,   0.300,   0.629,9999.000,9999.000,9999.000,9999.000,9999.000,9999.000,9999.000
202603041554,   0.306,   0.639,9999.000,9999.000,9999.000,9999.000,9999.000,9999.000,9999.000
202603041600,   0.312,   0.649,   0.400,  -0.063,   0.649,   0.400,   0.649,   0.400,   0.649
202603041606,   0.317,   0.659,9999.000,9999.000,9999.000,9999.000,9999.000,9999.000,9999.000
202603041612,   0.323,   0.669,9999.000,9999.000,9999.000,9999.000,9999.000,9999.000,9999.000
202603041618,   0.328,   0.669,9999.000,9999.000,9999.000,9999.000,9999.000,9999.000,9999.000
202603041624,   0.334,   0.678,9999.000,9999.000,9999.000,9999.000,9999.000,9999.000,9999.000
202603041630,   0.340,   0.678,9999.000,9999.000,9999.000,9999.000,9999.000,9999.000,9999.000
202603041636,   0.345,   0.688,9999.000,9999.000,9999.000,9999.000,9999.000,9999.000,9999.000
202603041642,   0.350,   0.698,9999.000,9999.000,9999.000,9999.000,9999.000,9999.000,9999.000
202603041648,   0.355,   0.688,9999.000,9999.000,9999.000,9999.000,9999.000,9999.000,9999.000
202603041654,   0.360,   0.708,9999.000,9999.000,9999.000,9999.000,9999.000,9999.000,9999.000
202603041700,   0.364,   0.718,   0.400,  -0.046,   0.718,   0.400,   0.718,   0.400,   0.718
202603041706,   0.368,   0.731,9999.000,9999.000,9999.000,9999.000,9999.000,9999.000,9999.000
202603041712,   0.372,   0.731,9999.000,9999.000,9999.000,9999.000,9999.000,9999.000,9999.000
202603041718,   0.375,   0.741,9999.000,9999.000,9999.000,9999.000,9999.000,9999.000,9999.000
202603041724,   0.378,   0.741,9999.000,9999.000,9999.000,9999.000,9999.000,9999.000,9999.000
202603041730,   0.380,   0.751,9999.000,9999.000,9999.000,9999.000,9999.000,9999.000,9999.000
202603041736,   0.382,   0.760,9999.000,9999.000,9999.000,9999.000,9999.000,9999.000,9999.000
202603041742,   0.383,   0.770,9999.000,9999.000,9999.000,9999.000,9999.000,9999.000,9999.000
202603041748,   0.384,   0.760,9999.000,9999.000,9999.000,9999.000,9999.000,9999.000,9999.000
202603041754,   0.384,   0.770,9999.000,9999.000,9999.000,9999.000,9999.000,9999.000,9999.000
202603041800,   0.383,   0.780,   0.300,   0.097,   0.780,   0.300,   0.780,   0.300,   0.780
202603041806,   0.382,   0.780,9999.000,9999.000,9999.000,9999.000,9999.000,9999.000,9999.000
202603041812,   0.380,   0.780,9999.000,9999.000,9999.000,9999.000,9999.000,9999.000,9999.000
202603041818,   0.378,   0.780,9999.000,9999.000,9999.000,9999.000,9999.000,9999.000,9999.000
202603041824,   0.375,   0.770,9999.000,9999.000,9999.000,9999.000,9999.000,9999.000,9999.000
202603041830,   0.371,   0.780,9999.000,9999.000,9999.000,9999.000,9999.000,9999.000,9999.000
202603041836,   0.367,   0.770,9999.000,9999.000,9999.000,9999.000,9999.000,9999.000,9999.000
202603041842,   0.362,   0.770,9999.000,9999.000,9999.000,9999.000,9999.000,9999.000,9999.000
202603041848,   0.357,   0.770,9999.000,9999.000,9999.000,9999.000,9999.000,9999.000,9999.000
202603041854,   0.352,   0.770,9999.000,9999.000,9999.000,9999.000,9999.000,9999.000,9999.000
202603041900,   0.346,   0.760,   0.300,   0.114,   0.760,   0.300,   0.760,   0.300,   0.760
202603041906,   0.339,   0.760,9999.000,9999.000,9999.000,9999.000,9999.000,9999.000,9999.000
202603041912,   0.333,   0.770,9999.000,9999.000,9999.000,9999.000,9999.000,9999.000,9999.000
202603041918,   0.326,   0.760,9999.000,9999.000,9999.000,9999.000,9999.000,9999.000,9999.000
202603041924,   0.318,   0.760,9999.000,9999.000,9999.000,9999.000,9999.000,9999.000,9999.000
202603041930,   0.311,   0.760,9999.000,9999.000,9999.000,9999.000,9999.000,9999.000,9999.000
202603041936,   0.303,   0.760,9999.000,9999.000,9999.000,9999.000,9999.000,9999.000,9999.000
202603041942,   0.296,   0.751,9999.000,9999.000,9999.000,9999.000,9999.000,9999.000,9999.000
202603041948,   0.288,   0.741,9999.000,9999.000,9999.000,9999.000,9999.000,9999.000,9999.000
202603041954,   0.280,   0.741,9999.000,9999.000,9999.000,9999.000,9999.000,9999.000,9999.000
202603042000,   0.272,   0.731,   0.300,   0.159,   0.731,   0.300,   0.731,   0.400,   0.831
202603042006,   0.264,   0.708,9999.000,9999.000,9999.000,9999.000,9999.000,9999.000,9999.000
202603042012,   0.256,   0.698,9999.000,9999.000,9999.000,9999.000,9999.000,9999.000,9999.000
202603042018,   0.248,   0.698,9999.000,9999.000,9999.000,9999.000,9999.000,9999.000,9999.000
202603042024,   0.241,   0.698,9999.000,9999.000,9999.000,9999.000,9999.000,9999.000,9999.000
202603042030,   0.233,   0.698,9999.000,9999.000,9999.000,9999.000,9999.000,9999.000,9999.000
202603042036,   0.226,   0.698,9999.000,9999.000,9999.000,9999.000,9999.000,9999.000,9999.000
202603042042,   0.219,   0.698,9999.000,9999.000,9999.000,9999.000,9999.000,9999.000,9999.000
202603042048,   0.212,   0.698,9999.000,9999.000,9999.000,9999.000,9999.000,9999.000,9999.000
202603042054,   0.205,   0.688,9999.000,9999.000,9999.000,9999.000,9999.000,9999.000,9999.000
202603042100,   0.199,   0.698,   0.300,   0.199,   0.698,   0.300,   0.698,   0.400,   0.798
202603042106,   0.192,   0.688,9999.000,9999.000,9999.000,9999.000,9999.000,9999.000,9999.000
202603042112,   0.186,   0.688,9999.000,9999.000,9999.000,9999.000,9999.000,9999.000,9999.000
202603042118,   0.180,   0.688,9999.000,9999.000,9999.000,9999.000,9999.000,9999.000,9999.000
202603042124,   0.174,   0.669,9999.000,9999.000,9999.000,9999.000,9999.000,9999.000,9999.000
202603042130,   0.169,   0.678,9999.000,9999.000,9999.000,9999.000,9999.000,9999.000,9999.000
202603042136,   0.164,   0.669,9999.000,9999.000,9999.000,9999.000,9999.000,9999.000,9999.000
202603042142,   0.159,   0.669,9999.000,9999.000,9999.000,9999.000,9999.000,9999.000,9999.000
202603042148,   0.154,   0.669,9999.000,9999.000,9999.000,9999.000,9999.000,9999.000,9999.000
202603042154,   0.150,   0.659,9999.000,9999.000,9999.000,9999.000,9999.000,9999.000,9999.000
202603042200,   0.146,   0.669,   0.400,   0.123,   0.669,   0.300,   0.569,   0.400,   0.669
202603042206,   0.142,   0.649,9999.000,9999.000,9999.000,9999.000,9999.000,9999.000,9999.000
202603042212,   0.139,   0.649,9999.000,9999.000,9999.000,9999.000,9999.000,9999.000,9999.000
202603042218,   0.136,   0.649,9999.000,9999.000,9999.000,9999.000,9999.000,9999.000,9999.000
202603042224,   0.133,   0.639,9999.000,9999.000,9999.000,9999.000,9999.000,9999.000,9999.000
202603042230,   0.131,   0.639,9999.000,9999.000,9999.000,9999.000,9999.000,9999.000,9999.000
202603042236,   0.129,   0.639,9999.000,9999.000,9999.000,9999.000,9999.000,9999.000,9999.000
202603042242,   0.127,   0.639,9999.000,9999.000,9999.000,9999.000,9999.000,9999.000,9999.000
202603042248,   0.126,   0.639,9999.000,9999.000,9999.000,9999.000,9999.000,9999.000,9999.000
202603042254,   0.125,   0.639,9999.000,9999.000,9999.000,9999.000,9999.000,9999.000,9999.000
202603042300,   0.125,   0.639,   0.400,   0.114,   0.639,   0.300,   0.539,   0.400,   0.639
202603042306,   0.125,   0.649,9999.000,9999.000,9999.000,9999.000,9999.000,9999.000,9999.000
202603042312,   0.126,   0.669,9999.000,9999.000,9999.000,9999.000,9999.000,9999.000,9999.000
202603042318,   0.127,   0.678,9999.000,9999.000,9999.000,9999.000,9999.000,9999.000,9999.000
202603042324,   0.128,   0.678,9999.000,9999.000,9999.000,9999.000,9999.000,9999.000,9999.000
202603042330,   0.130,   0.688,9999.000,9999.000,9999.000,9999.000,9999.000,9999.000,9999.000
202603042336,   0.132,   0.688,9999.000,9999.000,9999.000,9999.000,9999.000,9999.000,9999.000
202603042342,   0.135,   0.698,9999.000,9999.000,9999.000,9999.000,9999.000,9999.000,9999.000
202603042348,   0.138,   0.708,9999.000,9999.000,9999.000,9999.000,9999.000,9999.000,9999.000
202603042354,   0.142,   0.718,9999.000,9999.000,9999.000,9999.000,9999.000,9999.000,9999.000
202603050000,   0.146,   0.718,   0.400,   0.172,   0.718,   0.400,   0.718,   0.400,   0.718
202603050006,   0.151,   0.741,9999.000,9999.000,9999.000,9999.000,9999.000,9999.000,9999.000
202603050012,   0.155,   0.751,9999.000,9999.000,9999.000,9999.000,9999.000,9999.000,9999.000
202603050018,   0.161,   0.760,9999.000,9999.000,9999.000,9999.000,9999.000,9999.000,9999.000
202603050024,   0.166,   0.760,9999.000,9999.000,9999.000,9999.000,9999.000,9999.000,9999.000
202603050030,   0.172,   0.780,9999.000,9999.000,9999.000,9999.000,9999.000,9999.000,9999.000
202603050036,   0.179,   0.790,9999.000,9999.000,9999.000,9999.000,9999.000,9999.000,9999.000
202603050042,   0.185,   0.800,9999.000,9999.000,9999.000,9999.000,9999.000,9999.000,9999.000
202603050048,   0.192,   0.800,9999.000,9999.000,9999.000,9999.000,9999.000,9999.000,9999.000
202603050054,   0.199,   0.810,9999.000,9999.000,9999.000,9999.000,9999.000,9999.000,9999.000
202603050100,   0.206,   0.819,   0.400,   0.213,   0.819,   0.400,   0.819,   0.400,   0.819
202603050106,   0.213,   0.829,9999.000,9999.000,9999.000,9999.000,9999.000,9999.000,9999.000
202603050112,   0.220,   0.839,9999.000,9999.000,9999.000,9999.000,9999.000,9999.000,9999.000
202603050118,   0.228,   0.839,9999.000,9999.000,9999.000,9999.000,9999.000,9999.000,9999.000
202603050124,   0.235,   0.839,9999.000,9999.000,9999.000,9999.000,9999.000,9999.000,9999.000
202603050130,   0.242,   0.859,9999.000,9999.000,9999.000,9999.000,9999.000,9999.000,9999.000
202603050136,   0.250,   0.869,9999.000,9999.000,9999.000,9999.000,9999.000,9999.000,9999.000
202603050142,   0.257,   0.879,9999.000,9999.000,9999.000,9999.000,9999.000,9999.000,9999.000
202603050148,   0.264,   0.898,9999.000,9999.000,9999.000,9999.000,9999.000,9999.000,9999.000
202603050154,   0.271,   0.898,9999.000,9999.000,9999.000,9999.000,9999.000,9999.000,9999.000
202603050200,   0.278,   0.908,   0.400,   0.230,   0.908,   0.400,   0.908,   0.400,   0.908
202603050206,   0.285,   0.918,9999.000,9999.000,9999.000,9999.000,9999.000,9999.000,9999.000
202603050212,   0.292,   0.918,9999.000,9999.000,9999.000,9999.000,9999.000,9999.000,9999.000
202603050218,   0.298,   0.928,9999.000,9999.000,9999.000,9999.000,9999.000,9999.000,9999.000
202603050224,   0.305,   0.941,9999.000,9999.000,9999.000,9999.000,9999.000,9999.000,9999.000
202603050230,   0.311,   0.941,9999.000,9999.000,9999.000,9999.000,9999.000,9999.000,9999.000
202603050236,   0.317,   0.951,9999.000,9999.000,9999.000,9999.000,9999.000,9999.000,9999.000
202603050242,   0.324,   0.961,9999.000,9999.000,9999.000,9999.000,9999.000,9999.000,9999.000
202603050248,   0.330,   0.961,9999.000,9999.000,9999.000,9999.000,9999.000,9999.000,9999.000
202603050254,   0.336,   0.970,9999.000,9999.000,9999.000,9999.000,9999.000,9999.000,9999.000
202603050300,   0.342,   0.980,   0.400,   0.238,   0.980,   0.400,   0.980,   0.400,   0.980
202603050306,   0.348,   0.990,9999.000,9999.000,9999.000,9999.000,9999.000,9999.000,9999.000
202603050312,   0.354,   1.000,9999.000,9999.000,9999.000,9999.000,9999.000,9999.000,9999.000
202603050318,   0.360,   1.010,9999.000,9999.000,9999.000,9999.000,9999.000,9999.000,9999.000
202603050324,   0.366,   1.029,9999.000,9999.000,9999.000,9999.000,9999.000,9999.000,9999.000
202603050330,   0.372,   1.039,9999.000,9999.000,9999.000,9999.000,9999.000,9999.000,9999.000
202603050336,   0.378,   1.039,9999.000,9999.000,9999.000,9999.000,9999.000,9999.000,9999.000
202603050342,   0.384,   1.049,9999.000,9999.000,9999.000,9999.000,9999.000,9999.000,9999.000
202603050348,   0.390,   1.059,9999.000,9999.000,9999.000,9999.000,9999.000,9999.000,9999.000
202603050354,   0.396,   1.069,9999.000,9999.000,9999.000,9999.000,9999.000,9999.000,9999.000
202603050400,   0.403,   1.079,   0.400,   0.276,   1.079,   0.400,   1.079,   0.400,   1.079
202603050406,   0.409,   1.088,9999.000,9999.000,9999.000,9999.000,9999.000,9999.000,9999.000
202603050412,   0.415,   1.098,9999.000,9999.000,9999.000,9999.000,9999.000,9999.000,9999.000
202603050418,   0.422,   1.098,9999.000,9999.000,9999.000,9999.000,9999.000,9999.000,9999.000
202603050424,   0.428,   1.108,9999.000,9999.000,9999.000,9999.000,9999.000,9999.000,9999.000
202603050430,   0.435,   1.118,9999.000,9999.000,9999.000,9999.000,9999.000,9999.000,9999.000
202603050436,   0.441,   1.118,9999.000,9999.000,9999.000,9999.000,9999.000,9999.000,9999.000
202603050442,   0.448,   1.128,9999.000,9999.000,9999.000,9999.000,9999.000,9999.000,9999.000
202603050448,   0.454,   1.138,9999.000,9999.000,9999.000,9999.000,9999.000,9999.000,9999.000
202603050454,   0.460,   1.138,9999.000,9999.000,9999.000,9999.000,9999.000,9999.000,9999.000
202603050500,   0.466,   1.151,   0.400,   0.285,   1.151,   0.300,   1.051,   0.400,   1.151
202603050506,   0.472,   1.151,9999.000,9999.000,9999.000,9999.000,9999.000,9999.000,9999.000
202603050512,   0.477,   1.151,9999.000,9999.000,9999.000,9999.000,9999.000,9999.000,9999.000
202603050518,   0.482,   1.151,9999.000,9999.000,9999.000,9999.000,9999.000,9999.000,9999.000
202603050524,   0.487,   1.151,9999.000,9999.000,9999.000,9999.000,9999.000,9999.000,9999.000
202603050530,   0.492,   1.151,9999.000,9999.000,9999.000,9999.000,9999.000,9999.000,9999.000
202603050536,   0.496,   1.161,9999.000,9999.000,9999.000,9999.000,9999.000,9999.000,9999.000
202603050542,   0.499,   1.151,9999.000,9999.000,9999.000,9999.000,9999.000,9999.000,9999.000
202603050548,   0.502,   1.161,9999.000,9999.000,9999.000,9999.000,9999.000,9999.000,9999.000
202603050554,   0.505,   1.151,9999.000,9999.000,9999.000,9999.000,9999.000,9999.000,9999.000
202603050600,   0.507,   1.151,   0.500,   0.144,   1.151,   0.400,   1.051,   0.500,   1.151
202603050606,   0.508,   1.151,9999.000,9999.000,9999.000,9999.000,9999.000,9999.000,9999.000
202603050612,   0.509,   1.128,9999.000,9999.000,9999.000,9999.000,9999.000,9999.000,9999.000
202603050618,   0.509,   1.098,9999.000,9999.000,9999.000,9999.000,9999.000,9999.000,9999.000
202603050624,   0.509,   1.108,9999.000,9999.000,9999.000,9999.000,9999.000,9999.000,9999.000
202603050630,   0.508,   1.118,9999.000,9999.000,9999.000,9999.000,9999.000,9999.000,9999.000
202603050636,   0.506,   1.128,9999.000,9999.000,9999.000,9999.000,9999.000,9999.000,9999.000
202603050642,   0.504,   1.118,9999.000,9999.000,9999.000,9999.000,9999.000,9999.000,9999.000
202603050648,   0.501,   1.118,9999.000,9999.000,9999.000,9999.000,9999.000,9999.000,9999.000
202603050654,   0.498,   1.079,9999.000,9999.000,9999.000,9999.000,9999.000,9999.000,9999.000
202603050700,   0.494,   1.079,   0.500,   0.085,   1.079,   0.500,   1.079,   0.500,   1.079
202603050706,   0.490,   1.069,9999.000,9999.000,9999.000,9999.000,9999.000,9999.000,9999.000
202603050712,   0.485,   1.039,9999.000,9999.000,9999.000,9999.000,9999.000,9999.000,9999.000
202603050718,   0.479,   1.039,9999.000,9999.000,9999.000,9999.000,9999.000,9999.000,9999.000
202603050724,   0.473,   1.039,9999.000,9999.000,9999.000,9999.000,9999.000,9999.000,9999.000
202603050730,   0.467,   1.010,9999.000,9999.000,9999.000,9999.000,9999.000,9999.000,9999.000
202603050736,   0.461,   0.980,9999.000,9999.000,9999.000,9999.000,9999.000,9999.000,9999.000
202603050742,   0.454,   0.961,9999.000,9999.000,9999.000,9999.000,9999.000,9999.000,9999.000
202603050748,   0.447,   0.970,9999.000,9999.000,9999.000,9999.000,9999.000,9999.000,9999.000
202603050754,   0.440,   0.961,9999.000,9999.000,9999.000,9999.000,9999.000,9999.000,9999.000
202603050800,   0.433,   0.970,   0.500,   0.037,   0.970,   0.500,   0.970,   0.500,   0.970
202603050806,   0.425,   0.970,9999.000,9999.000,9999.000,9999.000,9999.000,9999.000,9999.000
202603050812,   0.418,   0.951,9999.000,9999.000,9999.000,9999.000,9999.000,9999.000,9999.000
202603050818,   0.410,   0.941,9999.000,9999.000,9999.000,9999.000,9999.000,9999.000,9999.000
202603050824,   0.403,   0.918,9999.000,9999.000,9999.000,9999.000,9999.000,9999.000,9999.000
202603050830,   0.396,   0.888,9999.000,9999.000,9999.000,9999.000,9999.000,9999.000,9999.000
202603050836,   0.388,   0.879,9999.000,9999.000,9999.000,9999.000,9999.000,9999.000,9999.000
202603050842,   0.381,   0.869,9999.000,9999.000,9999.000,9999.000,9999.000,9999.000,9999.000
202603050848,   0.374,   0.869,9999.000,9999.000,9999.000,9999.000,9999.000,9999.000,9999.000
202603050854,   0.367,   0.849,9999.000,9999.000,9999.000,9999.000,9999.000,9999.000,9999.000
202603050900,   0.361,   0.829,   0.500,  -0.032,   0.829,   0.500,   0.829,   0.500,   0.829
202603050906,   0.354,   0.829,9999.000,9999.000,9999.000,9999.000,9999.000,9999.000,9999.000
202603050912,   0.348,   0.819,9999.000,9999.000,9999.000,9999.000,9999.000,9999.000,9999.000
202603050918,   0.342,   0.800,9999.000,9999.000,9999.000,9999.000,9999.000,9999.000,9999.000
202603050924,   0.337,   0.780,9999.000,9999.000,9999.000,9999.000,9999.000,9999.000,9999.000
202603050930,   0.331,   0.770,9999.000,9999.000,9999.000,9999.000,9999.000,9999.000,9999.000
202603050936,   0.326,   0.760,9999.000,9999.000,9999.000,9999.000,9999.000,9999.000,9999.000
202603050942,   0.321,   0.760,9999.000,9999.000,9999.000,9999.000,9999.000,9999.000,9999.000
202603050948,   0.317,   0.760,9999.000,9999.000,9999.000,9999.000,9999.000,9999.000,9999.000
202603050954,   0.312,   0.751,9999.000,9999.000,9999.000,9999.000,9999.000,9999.000,9999.000
202603051000,   0.308,   0.760,   0.500,  -0.048,   0.760,   0.500,   0.760,   0.500,   0.760
202603051006,   0.304,   0.751,9999.000,9999.000,9999.000,9999.000,9999.000,9999.000,9999.000
202603051012,   0.301,   0.751,9999.000,9999.000,9999.000,9999.000,9999.000,9999.000,9999.000
202603051018,   0.298,   0.751,9999.000,9999.000,9999.000,9999.000,9999.000,9999.000,9999.000
202603051024,   0.295,   0.741,9999.000,9999.000,9999.000,9999.000,9999.000,9999.000,9999.000
202603051030,   0.293,   0.751,9999.000,9999.000,9999.000,9999.000,9999.000,9999.000,9999.000
202603051036,   0.291,   0.760,9999.000,9999.000,9999.000,9999.000,9999.000,9999.000,9999.000
202603051042,   0.289,   0.770,9999.000,9999.000,9999.000,9999.000,9999.000,9999.000,9999.000
202603051048,   0.287,   0.770,9999.000,9999.000,9999.000,9999.000,9999.000,9999.000,9999.000
202603051054,   0.286,   0.760,9999.000,9999.000,9999.000,9999.000,9999.000,9999.000,9999.000
202603051100,   0.285,   0.751,   0.500,  -0.034,   0.751,   0.500,   0.751,   0.500,   0.751
202603051106,   0.285,   0.751,9999.000,9999.000,9999.000,9999.000,9999.000,9999.000,9999.000
202603051112,   0.285,   0.760,9999.000,9999.000,9999.000,9999.000,9999.000,9999.000,9999.000
202603051118,   0.286,   0.770,9999.000,9999.000,9999.000,9999.000,9999.000,9999.000,9999.000
202603051124,   0.286,   0.770,9999.000,9999.000,9999.000,9999.000,9999.000,9999.000,9999.000
202603051130,   0.288,   0.770,9999.000,9999.000,9999.000,9999.000,9999.000,9999.000,9999.000
202603051136,   0.289,   0.770,9999.000,9999.000,9999.000,9999.000,9999.000,9999.000,9999.000
202603051142,   0.292,   0.760,9999.000,9999.000,9999.000,9999.000,9999.000,9999.000,9999.000
202603051148,   0.294,   0.770,9999.000,9999.000,9999.000,9999.000,9999.000,9999.000,9999.000
202603051154,   0.297,   0.760,9999.000,9999.000,9999.000,9999.000,9999.000,9999.000,9999.000
202603051200,   0.300,   0.760,   0.500,  -0.040,   0.760,   0.500,   0.760,   0.500,   0.760
202603051206,   0.304,   0.770,9999.000,9999.000,9999.000,9999.000,9999.000,9999.000,9999.000
202603051212,   0.309,   0.780,9999.000,9999.000,9999.000,9999.000,9999.000,9999.000,9999.000
202603051218,   0.313,   0.790,9999.000,9999.000,9999.000,9999.000,9999.000,9999.000,9999.000
202603051224,   0.318,   0.800,9999.000,9999.000,9999.000,9999.000,9999.000,9999.000,9999.000
202603051230,   0.324,   0.819,9999.000,9999.000,9999.000,9999.000,9999.000,9999.000,9999.000
202603051236,   0.329,   0.819,9999.000,9999.000,9999.000,9999.000,9999.000,9999.000,9999.000
202603051242,   0.336,   0.839,9999.000,9999.000,9999.000,9999.000,9999.000,9999.000,9999.000
202603051248,   0.342,   0.839,9999.000,9999.000,9999.000,9999.000,9999.000,9999.000,9999.000
202603051254,   0.349,   0.859,9999.000,9999.000,9999.000,9999.000,9999.000,9999.000,9999.000
202603051300,   0.356,   0.869,   0.500,   0.013,   0.869,   0.500,   0.869,   0.500,   0.869
202603051306,   0.363,   0.888,9999.000,9999.000,9999.000,9999.000,9999.000,9999.000,9999.000
202603051312,   0.370,   0.908,9999.000,9999.000,9999.000,9999.000,9999.000,9999.000,9999.000
202603051318,   0.377,   0.918,9999.000,9999.000,9999.000,9999.000,9999.000,9999.000,9999.000
202603051324,   0.385,   0.928,9999.000,9999.000,9999.000,9999.000,9999.000,9999.000,9999.000
202603051330,   0.392,   0.941,9999.000,9999.000,9999.000,9999.000,9999.000,9999.000,9999.000
202603051336,   0.400,   0.951,9999.000,9999.000,9999.000,9999.000,9999.000,9999.000,9999.000
202603051342,   0.407,   0.961,9999.000,9999.000,9999.000,9999.000,9999.000,9999.000,9999.000
202603051348,   0.415,   0.970,9999.000,9999.000,9999.000,9999.000,9999.000,9999.000,9999.000
202603051354,   0.422,   0.990,9999.000,9999.000,9999.000,9999.000,9999.000,9999.000,9999.000
202603051400,   0.429,   1.000,   0.500,   0.071,   1.000,   0.500,   1.000,   0.600,   1.100
202603051406,   0.437,   1.010,9999.000,9999.000,9999.000,9999.000,9999.000,9999.000,9999.000
202603051412,   0.443,   1.029,9999.000,9999.000,9999.000,9999.000,9999.000,9999.000,9999.000
202603051418,   0.450,   1.029,9999.000,9999.000,9999.000,9999.000,9999.000,9999.000,9999.000
202603051424,   0.457,   1.039,9999.000,9999.000,9999.000,9999.000,9999.000,9999.000,9999.000
202603051430,   0.463,   1.039,9999.000,9999.000,9999.000,9999.000,9999.000,9999.000,9999.000
202603051436,   0.469,   1.039,9999.000,9999.000,9999.000,9999.000,9999.000,9999.000,9999.000
202603051442,   0.475,   1.049,9999.000,9999.000,9999.000,9999.000,9999.000,9999.000,9999.000
202603051448,   0.481,   1.049,9999.000,9999.000,9999.000,9999.000,9999.000,9999.000,9999.000
202603051454,   0.486,   1.049,9999.000,9999.000,9999.000,9999.000,9999.000,9999.000,9999.000
202603051500,   0.491,   1.059,   0.500,   0.068,   1.059,   0.500,   1.059,   0.600,   1.159
202603051506,   0.496,   1.059,9999.000,9999.000,9999.000,9999.000,9999.000,9999.000,9999.000
202603051512,   0.501,   1.069,9999.000,9999.000,9999.000,9999.000,9999.000,9999.000,9999.000
202603051518,   0.505,   1.098,9999.000,9999.000,9999.000,9999.000,9999.000,9999.000,9999.000
202603051524,   0.510,   1.108,9999.000,9999.000,9999.000,9999.000,9999.000,9999.000,9999.000
202603051530,   0.514,   1.118,9999.000,9999.000,9999.000,9999.000,9999.000,9999.000,9999.000
202603051536,   0.518,   1.118,9999.000,9999.000,9999.000,9999.000,9999.000,9999.000,9999.000
202603051542,   0.522,   1.128,9999.000,9999.000,9999.000,9999.000,9999.000,9999.000,9999.000
202603051548,   0.526,   1.138,9999.000,9999.000,9999.000,9999.000,9999.000,9999.000,9999.000
202603051554,   0.529,   1.151,9999.000,9999.000,9999.000,9999.000,9999.000,9999.000,9999.000
202603051600,   0.533,   1.151,   0.500,   0.118,   1.151,   0.500,   1.151,   0.600,   1.251
202603051606,   0.536,   1.161,9999.000,9999.000,9999.000,9999.000,9999.000,9999.000,9999.000
202603051612,   0.540,   1.170,9999.000,9999.000,9999.000,9999.000,9999.000,9999.000,9999.000
202603051618,   0.543,   1.170,9999.000,9999.000,9999.000,9999.000,9999.000,9999.000,9999.000
202603051624,   0.546,   1.170,9999.000,9999.000,9999.000,9999.000,9999.000,9999.000,9999.000
202603051630,   0.549,   1.170,9999.000,9999.000,9999.000,9999.000,9999.000,9999.000,9999.000
202603051636,   0.552,   1.170,9999.000,9999.000,9999.000,9999.000,9999.000,9999.000,9999.000
202603051642,   0.555,   1.170,9999.000,9999.000,9999.000,9999.000,9999.000,9999.000,9999.000
202603051648,   0.558,   1.170,9999.000,9999.000,9999.000,9999.000,9999.000,9999.000,9999.000
202603051654,   0.560,   1.170,9999.000,9999.000,9999.000,9999.000,9999.000,9999.000,9999.000
202603051700,   0.563,   1.161,   0.500,   0.098,   1.161,   0.500,   1.161,   0.600,   1.261
202603051706,   0.565,   1.180,9999.000,9999.000,9999.000,9999.000,9999.000,9999.000,9999.000
202603051712,   0.567,   1.180,9999.000,9999.000,9999.000,9999.000,9999.000,9999.000,9999.000
202603051718,   0.569,   1.190,9999.000,9999.000,9999.000,9999.000,9999.000,9999.000,9999.000
202603051724,   0.570,   1.200,9999.000,9999.000,9999.000,9999.000,9999.000,9999.000,9999.000
202603051730,   0.571,   1.180,9999.000,9999.000,9999.000,9999.000,9999.000,9999.000,9999.000
202603051736,   0.572,   1.190,9999.000,9999.000,9999.000,9999.000,9999.000,9999.000,9999.000
202603051742,   0.573,   1.200,9999.000,9999.000,9999.000,9999.000,9999.000,9999.000,9999.000
202603051748,   0.572,   1.200,9999.000,9999.000,9999.000,9999.000,9999.000,9999.000,9999.000
202603051754,   0.572,   1.210,9999.000,9999.000,9999.000,9999.000,9999.000,9999.000,9999.000
202603051800,   0.571,   1.200,   0.500,   0.129,   1.200,   0.500,   1.200,   0.600,   1.300
202603051806,   0.569,   1.229,9999.000,9999.000,9999.000,9999.000,9999.000,9999.000,9999.000
202603051812,   0.567,   1.229,9999.000,9999.000,9999.000,9999.000,9999.000,9999.000,9999.000
202603051818,   0.564,   1.229,9999.000,9999.000,9999.000,9999.000,9999.000,9999.000,9999.000
202603051824,   0.561,   1.220,9999.000,9999.000,9999.000,9999.000,9999.000,9999.000,9999.000
202603051830,   0.557,   1.210,9999.000,9999.000,9999.000,9999.000,9999.000,9999.000,9999.000
202603051836,   0.552,   1.210,9999.000,9999.000,9999.000,9999.000,9999.000,9999.000,9999.000
202603051842,   0.547,   1.200,9999.000,9999.000,9999.000,9999.000,9999.000,9999.000,9999.000
202603051848,   0.541,   1.180,9999.000,9999.000,9999.000,9999.000,9999.000,9999.000,9999.000
202603051854,   0.534,   1.170,9999.000,9999.000,9999.000,9999.000,9999.000,9999.000,9999.000
202603051900,   0.527,   1.161,   0.600,   0.034,   1.161,   0.500,   1.061,   0.600,   1.161
202603051906,   0.519,   1.151,9999.000,9999.000,9999.000,9999.000,9999.000,9999.000,9999.000
202603051912,   0.510,   1.138,9999.000,9999.000,9999.000,9999.000,9999.000,9999.000,9999.000
202603051918,   0.501,   1.138,9999.000,9999.000,9999.000,9999.000,9999.000,9999.000,9999.000
202603051924,   0.492,   1.128,9999.000,9999.000,9999.000,9999.000,9999.000,9999.000,9999.000
202603051930,   0.481,   1.108,9999.000,9999.000,9999.000,9999.000,9999.000,9999.000,9999.000
202603051936,   0.471,   1.098,9999.000,9999.000,9999.000,9999.000,9999.000,9999.000,9999.000
202603051942,   0.460,   1.088,9999.000,9999.000,9999.000,9999.000,9999.000,9999.000,9999.000
202603051948,   0.448,   1.069,9999.000,9999.000,9999.000,9999.000,9999.000,9999.000,9999.000
202603051954,   0.437,   1.059,9999.000,9999.000,9999.000,9999.000,9999.000,9999.000,9999.000
202603052000,   0.424,   1.039,   0.600,   0.015,   1.039,   0.600,   1.039,   0.600,   1.039
202603052006,   0.412,   1.020,9999.000,9999.000,9999.000,9999.000,9999.000,9999.000,9999.000
202603052012,   0.400,   1.000,9999.000,9999.000,9999.000,9999.000,9999.000,9999.000,9999.000
202603052018,   0.387,   1.000,9999.000,9999.000,9999.000,9999.000,9999.000,9999.000,9999.000
202603052024,   0.374,   0.970,9999.000,9999.000,9999.000,9999.000,9999.000,9999.000,9999.000
202603052030,   0.361,   0.970,9999.000,9999.000,9999.000,9999.000,9999.000,9999.000,9999.000
202603052036,   0.348,   0.951,9999.000,9999.000,9999.000,9999.000,9999.000,9999.000,9999.000
202603052042,   0.335,   0.941,9999.000,9999.000,9999.000,9999.000,9999.000,9999.000,9999.000
202603052048,   0.323,   0.918,9999.000,9999.000,9999.000,9999.000,9999.000,9999.000,9999.000
202603052054,   0.310,   0.908,9999.000,9999.000,9999.000,9999.000,9999.000,9999.000,9999.000
202603052100,   0.297,   0.879,   0.600,  -0.018,   0.879,   0.600,   0.879,   0.600,   0.879
202603052106,   0.285,   0.888,9999.000,9999.000,9999.000,9999.000,9999.000,9999.000,9999.000
202603052112,   0.273,   0.859,9999.000,9999.000,9999.000,9999.000,9999.000,9999.000,9999.000
202603052118,   0.261,   0.859,9999.000,9999.000,9999.000,9999.000,9999.000,9999.000,9999.000
202603052124,   0.249,   0.839,9999.000,9999.000,9999.000,9999.000,9999.000,9999.000,9999.000
202603052130,   0.238,   0.819,9999.000,9999.000,9999.000,9999.000,9999.000,9999.000,9999.000
202603052136,   0.227,   0.800,9999.000,9999.000,9999.000,9999.000,9999.000,9999.000,9999.000
202603052142,   0.216,   0.790,9999.000,9999.000,9999.000,9999.000,9999.000,9999.000,9999.000
202603052148,   0.205,   0.770,9999.000,9999.000,9999.000,9999.000,9999.000,9999.000,9999.000
202603052154,   0.195,   0.760,9999.000,9999.000,9999.000,9999.000,9999.000,9999.000,9999.000
202603052200,   0.185,   0.760,   0.600,  -0.025,   0.760,   0.600,   0.760,   0.600,   0.760
202603052206,   0.175,   0.751,9999.000,9999.000,9999.000,9999.000,9999.000,9999.000,9999.000
202603052212,   0.165,   0.751,9999.000,9999.000,9999.000,9999.000,9999.000,9999.000,9999.000
202603052218,   0.156,   0.741,9999.000,9999.000,9999.000,9999.000,9999.000,9999.000,9999.000
202603052224,   0.147,   0.731,9999.000,9999.000,9999.000,9999.000,9999.000,9999.000,9999.000
202603052230,   0.139,   0.731,9999.000,9999.000,9999.000,9999.000,9999.000,9999.000,9999.000
202603052236,   0.131,   0.708,9999.000,9999.000,9999.000,9999.000,9999.000,9999.000,9999.000
202603052242,   0.123,   0.698,9999.000,9999.000,9999.000,9999.000,9999.000,9999.000,9999.000
202603052248,   0.115,   0.678,9999.000,9999.000,9999.000,9999.000,9999.000,9999.000,9999.000
202603052254,   0.108,   0.669,9999.000,9999.000,9999.000,9999.000,9999.000,9999.000,9999.000
202603052300,   0.101,   0.659,   0.600,  -0.042,   0.659,   0.600,   0.659,   0.600,   0.659
202603052306,   0.094,   0.649,9999.000,9999.000,9999.000,9999.000,9999.000,9999.000,9999.000
202603052312,   0.088,   0.639,9999.000,9999.000,9999.000,9999.000,9999.000,9999.000,9999.000
202603052318,   0.082,   0.619,9999.000,9999.000,9999.000,9999.000,9999.000,9999.000,9999.000
202603052324,   0.077,   0.610,9999.000,9999.000,9999.000,9999.000,9999.000,9999.000,9999.000
202603052330,   0.071,   0.600,9999.000,9999.000,9999.000,9999.000,9999.000,9999.000,9999.000
202603052336,   0.067,   0.600,9999.000,9999.000,9999.000,9999.000,9999.000,9999.000,9999.000
202603052342,   0.062,   0.580,9999.000,9999.000,9999.000,9999.000,9999.000,9999.000,9999.000
202603052348,   0.058,   0.590,9999.000,9999.000,9999.000,9999.000,9999.000,9999.000,9999.000
202603052354,   0.055,   0.590,9999.000,9999.000,9999.000,9999.000,9999.000,9999.000,9999.000
202603060000,   0.052,   0.590,   0.600,  -0.062,   0.590,   0.600,   0.590,   0.600,   0.590
202603060006,   0.049,   0.580,9999.000,9999.000,9999.000,9999.000,9999.000,9999.000,9999.000
202603060012,   0.047,   0.590,9999.000,9999.000,9999.000,9999.000,9999.000,9999.000,9999.000
202603060018,   0.045,   0.590,9999.000,9999.000,9999.000,9999.000,9999.000,9999.000,9999.000
202603060024,   0.044,   0.600,9999.000,9999.000,9999.000,9999.000,9999.000,9999.000,9999.000
202603060030,   0.043,   0.590,9999.000,9999.000,9999.000,9999.000,9999.000,9999.000,9999.000
202603060036,   0.042,   0.590,9999.000,9999.000,9999.000,9999.000,9999.000,9999.000,9999.000
202603060042,   0.042,   0.619,9999.000,9999.000,9999.000,9999.000,9999.000,9999.000,9999.000
202603060048,   0.043,   0.629,9999.000,9999.000,9999.000,9999.000,9999.000,9999.000,9999.000
202603060054,   0.044,   0.649,9999.000,9999.000,9999.000,9999.000,9999.000,9999.000,9999.000
202603060100,   0.045,   0.649,   0.600,   0.004,   0.649,   0.600,   0.649,   0.600,   0.649
202603060106,   0.047,   0.659,9999.000,9999.000,9999.000,9999.000,9999.000,9999.000,9999.000
202603060112,   0.049,   0.669,9999.000,9999.000,9999.000,9999.000,9999.000,9999.000,9999.000
202603060118,   0.051,   0.688,9999.000,9999.000,9999.000,9999.000,9999.000,9999.000,9999.000
202603060124,   0.054,   0.688,9999.000,9999.000,9999.000,9999.000,9999.000,9999.000,9999.000
202603060130,   0.057,   0.698,9999.000,9999.000,9999.000,9999.000,9999.000,9999.000,9999.000
202603060136,   0.060,   0.688,9999.000,9999.000,9999.000,9999.000,9999.000,9999.000,9999.000
202603060142,   0.064,   0.708,9999.000,9999.000,9999.000,9999.000,9999.000,9999.000,9999.000
202603060148,   0.067,   0.708,9999.000,9999.000,9999.000,9999.000,9999.000,9999.000,9999.000
202603060154,   0.071,   0.708,9999.000,9999.000,9999.000,9999.000,9999.000,9999.000,9999.000
202603060200,   0.075,   0.708,   0.600,   0.033,   0.708,   0.600,   0.708,   0.600,   0.708
202603060206,   0.080,   0.698,9999.000,9999.000,9999.000,9999.000,9999.000,9999.000,9999.000
202603060212,   0.084,   0.708,9999.000,9999.000,9999.000,9999.000,9999.000,9999.000,9999.000
202603060218,   0.089,   0.708,9999.000,9999.000,9999.000,9999.000,9999.000,9999.000,9999.000
202603060224,   0.093,   0.718,9999.000,9999.000,9999.000,9999.000,9999.000,9999.000,9999.000
202603060230,   0.098,   0.741,9999.000,9999.000,9999.000,9999.000,9999.000,9999.000,9999.000
202603060236,   0.102,   0.741,9999.000,9999.000,9999.000,9999.000,9999.000,9999.000,9999.000
202603060242,   0.107,   0.760,9999.000,9999.000,9999.000,9999.000,9999.000,9999.000,9999.000
202603060248,   0.111,   0.760,9999.000,9999.000,9999.000,9999.000,9999.000,9999.000,9999.000
202603060254,   0.116,   0.780,9999.000,9999.000,9999.000,9999.000,9999.000,9999.000,9999.000
202603060300,   0.120,   0.770,   0.600,   0.050,   0.770,   0.600,   0.770,   0.600,   0.770
202603060306,   0.125,   0.790,9999.000,9999.000,9999.000,9999.000,9999.000,9999.000,9999.000
202603060312,   0.129,   0.780,9999.000,9999.000,9999.000,9999.000,9999.000,9999.000,9999.000
202603060318,   0.134,   0.800,9999.000,9999.000,9999.000,9999.000,9999.000,9999.000,9999.000
202603060324,   0.138,   0.810,9999.000,9999.000,9999.000,9999.000,9999.000,9999.000,9999.000
202603060330,   0.142,   0.829,9999.000,9999.000,9999.000,9999.000,9999.000,9999.000,9999.000
202603060336,   0.147,   0.829,9999.000,9999.000,9999.000,9999.000,9999.000,9999.000,9999.000
202603060342,   0.151,   0.849,9999.000,9999.000,9999.000,9999.000,9999.000,9999.000,9999.000
202603060348,   0.156,   0.849,9999.000,9999.000,9999.000,9999.000,9999.000,9999.000,9999.000
202603060354,   0.161,   0.859,9999.000,9999.000,9999.000,9999.000,9999.000,9999.000,9999.000
202603060400,   0.165,   0.849,   0.600,   0.084,   0.849,   0.600,   0.849,   0.600,   0.849
202603060406,   0.170,   0.869,9999.000,9999.000,9999.000,9999.000,9999.000,9999.000,9999.000
202603060412,   0.175,   0.869,9999.000,9999.000,9999.000,9999.000,9999.000,9999.000,9999.000
202603060418,   0.180,   0.879,9999.000,9999.000,9999.000,9999.000,9999.000,9999.000,9999.000
202603060424,   0.185,   0.879,9999.000,9999.000,9999.000,9999.000,9999.000,9999.000,9999.000
202603060430,   0.191,   0.888,9999.000,9999.000,9999.000,9999.000,9999.000,9999.000,9999.000
202603060436,   0.196,   0.888,9999.000,9999.000,9999.000,9999.000,9999.000,9999.000,9999.000
202603060442,   0.202,   0.908,9999.000,9999.000,9999.000,9999.000,9999.000,9999.000,9999.000
202603060448,   0.208,   0.908,9999.000,9999.000,9999.000,9999.000,9999.000,9999.000,9999.000
202603060454,   0.214,   0.918,9999.000,9999.000,9999.000,9999.000,9999.000,9999.000,9999.000
202603060500,   0.220,   0.918,   0.600,   0.098,   0.918,   0.500,   0.818,   0.600,   0.918
202603060506,   0.226,   0.928,9999.000,9999.000,9999.000,9999.000,9999.000,9999.000,9999.000
202603060512,   0.233,   0.941,9999.000,9999.000,9999.000,9999.000,9999.000,9999.000,9999.000
202603060518,   0.239,   0.951,9999.000,9999.000,9999.000,9999.000,9999.000,9999.000,9999.000
202603060524,   0.246,   0.961,9999.000,9999.000,9999.000,9999.000,9999.000,9999.000,9999.000
202603060530,   0.252,   0.970,9999.000,9999.000,9999.000,9999.000,9999.000,9999.000,9999.000
202603060536,   0.259,   0.980,9999.000,9999.000,9999.000,9999.000,9999.000,9999.000,9999.000
202603060542,   0.265,   0.980,9999.000,9999.000,9999.000,9999.000,9999.000,9999.000,9999.000
202603060548,   0.272,   0.980,9999.000,9999.000,9999.000,9999.000,9999.000,9999.000,9999.000
202603060554,   0.278,   1.010,9999.000,9999.000,9999.000,9999.000,9999.000,9999.000,9999.000
202603060600,   0.285,   1.010,   0.600,   0.125,   1.010,   0.500,   0.910,   0.600,   1.010
202603060606,   0.291,   1.020,9999.000,9999.000,9999.000,9999.000,9999.000,9999.000,9999.000
202603060612,   0.297,   1.020,9999.000,9999.000,9999.000,9999.000,9999.000,9999.000,9999.000
202603060618,   0.302,   1.029,9999.000,9999.000,9999.000,9999.000,9999.000,9999.000,9999.000
202603060624,   0.308,   1.029,9999.000,9999.000,9999.000,9999.000,9999.000,9999.000,9999.000
202603060630,   0.313,   1.029,9999.000,9999.000,9999.000,9999.000,9999.000,9999.000,9999.000
202603060636,   0.317,   1.049,9999.000,9999.000,9999.000,9999.000,9999.000,9999.000,9999.000
202603060642,   0.321,   1.049,9999.000,9999.000,9999.000,9999.000,9999.000,9999.000,9999.000
202603060648,   0.325,   1.049,9999.000,9999.000,9999.000,9999.000,9999.000,9999.000,9999.000
202603060654,   0.329,   1.069,9999.000,9999.000,9999.000,9999.000,9999.000,9999.000,9999.000
202603060700,   0.332,   1.079,   0.600,   0.147,   1.079,   0.600,   1.079,   0.600,   1.079
202603060706,   0.334,   1.088,9999.000,9999.000,9999.000,9999.000,9999.000,9999.000,9999.000
202603060712,   0.336,   1.098,9999.000,9999.000,9999.000,9999.000,9999.000,9999.000,9999.000
202603060718,   0.338,   1.098,9999.000,9999.000,9999.000,9999.000,9999.000,9999.000,9999.000
202603060724,   0.339,   1.079,9999.000,9999.000,9999.000,9999.000,9999.000,9999.000,9999.000
202603060730,   0.339,   1.088,9999.000,9999.000,9999.000,9999.000,9999.000,9999.000,9999.000
202603060736,   0.339,   1.079,9999.000,9999.000,9999.000,9999.000,9999.000,9999.000,9999.000
202603060742,   0.339,   1.069,9999.000,9999.000,9999.000,9999.000,9999.000,9999.000,9999.000
202603060748,   0.339,   1.069,9999.000,9999.000,9999.000,9999.000,9999.000,9999.000,9999.000
202603060754,   0.338,   1.049,9999.000,9999.000,9999.000,9999.000,9999.000,9999.000,9999.000
202603060800,   0.336,   1.059,   0.600,   0.123,   1.059,   0.600,   1.059,   0.600,   1.059
202603060806,   0.335,   1.059,9999.000,9999.000,9999.000,9999.000,9999.000,9999.000,9999.000
202603060812,   0.333,   1.049,9999.000,9999.000,9999.000,9999.000,9999.000,9999.000,9999.000
202603060818,   0.331,   1.039,9999.000,9999.000,9999.000,9999.000,9999.000,9999.000,9999.000
202603060824,   0.329,   1.020,9999.000,9999.000,9999.000,9999.000,9999.000,9999.000,9999.000
202603060830,   0.327,   1.029,9999.000,9999.000,9999.000,9999.000,9999.000,9999.000,9999.000
202603060836,   0.324,   0.990,9999.000,9999.000,9999.000,9999.000,9999.000,9999.000,9999.000
202603060842,   0.322,   0.990,9999.000,9999.000,9999.000,9999.000,9999.000,9999.000,9999.000
202603060848,   0.319,   1.000,9999.000,9999.000,9999.000,9999.000,9999.000,9999.000,9999.000
202603060854,   0.317,   1.010,9999.000,9999.000,9999.000,9999.000,9999.000,9999.000,9999.000
202603060900,   0.315,   1.010,   0.600,   0.095,   1.010,   0.600,   1.010,   0.600,   1.010
202603060906,   0.313,   1.020,9999.000,9999.000,9999.000,9999.000,9999.000,9999.000,9999.000
202603060912,   0.311,   1.029,9999.000,9999.000,9999.000,9999.000,9999.000,9999.000,9999.000
202603060918,   0.309,   1.039,9999.000,9999.000,9999.000,9999.000,9999.000,9999.000,9999.000
202603060924,   0.308,   1.059,9999.000,9999.000,9999.000,9999.000,9999.000,9999.000,9999.000
202603060930,   0.307,   1.049,9999.000,9999.000,9999.000,9999.000,9999.000,9999.000,9999.000
202603060936,   0.306,   1.079,9999.000,9999.000,9999.000,9999.000,9999.000,9999.000,9999.000
202603060942,   0.305,   1.079,9999.000,9999.000,9999.000,9999.000,9999.000,9999.000,9999.000
202603060948,   0.305,   1.079,9999.000,9999.000,9999.000,9999.000,9999.000,9999.000,9999.000
202603060954,   0.305,   1.059,9999.000,9999.000,9999.000,9999.000,9999.000,9999.000,9999.000
202603061000,   0.305,   1.029,   0.600,   0.124,   1.029,   0.600,   1.029,   0.600,   1.029
202603061006,   0.306,   1.020,9999.000,9999.000,9999.000,9999.000,9999.000,9999.000,9999.000
202603061012,   0.307,   1.000,9999.000,9999.000,9999.000,9999.000,9999.000,9999.000,9999.000
202603061018,   0.308,   0.990,9999.000,9999.000,9999.000,9999.000,9999.000,9999.000,9999.000
202603061024,   0.310,   0.990,9999.000,9999.000,9999.000,9999.000,9999.000,9999.000,9999.000
202603061030,   0.312,   0.970,9999.000,9999.000,9999.000,9999.000,9999.000,9999.000,9999.000
202603061036,   0.314,   0.980,9999.000,9999.000,9999.000,9999.000,9999.000,9999.000,9999.000
202603061042,   0.317,   0.970,9999.000,9999.000,9999.000,9999.000,9999.000,9999.000,9999.000
202603061048,   0.320,   0.990,9999.000,9999.000,9999.000,9999.000,9999.000,9999.000,9999.000
202603061054,   0.323,   0.970,9999.000,9999.000,9999.000,9999.000,9999.000,9999.000,9999.000
202603061100,   0.326,   0.990,   0.600,   0.064,   0.990,   0.600,   0.990,   0.600,   0.990
202603061106,   0.330,   1.000,9999.000,9999.000,9999.000,9999.000,9999.000,9999.000,9999.000
202603061112,   0.334,   1.010,9999.000,9999.000,9999.000,9999.000,9999.000,9999.000,9999.000
202603061118,   0.339,   1.020,9999.000,9999.000,9999.000,9999.000,9999.000,9999.000,9999.000
202603061124,   0.343,   1.039,9999.000,9999.000,9999.000,9999.000,9999.000,9999.000,9999.000
202603061130,   0.348,   1.049,9999.000,9999.000,9999.000,9999.000,9999.000,9999.000,9999.000
202603061136,   0.354,   1.059,9999.000,9999.000,9999.000,9999.000,9999.000,9999.000,9999.000
202603061142,   0.359,   1.069,9999.000,9999.000,9999.000,9999.000,9999.000,9999.000,9999.000
202603061148,   0.365,   1.079,9999.000,9999.000,9999.000,9999.000,9999.000,9999.000,9999.000
202603061154,   0.371,   1.079,9999.000,9999.000,9999.000,9999.000,9999.000,9999.000,9999.000
202603061200,   0.378,   1.079,   0.600,   0.101,   1.079,   0.600,   1.079,   0.600,   1.079
202603061206,   0.384,9999.000,9999.000,9999.000,9999.000,9999.000,9999.000,9999.000,9999.000
202603061212,   0.391,9999.000,9999.000,9999.000,9999.000,9999.000,9999.000,9999.000,9999.000
202603061218,   0.399,9999.000,9999.000,9999.000,9999.000,9999.000,9999.000,9999.000,9999.000
202603061224,   0.406,9999.000,9999.000,9999.000,9999.000,9999.000,9999.000,9999.000,9999.000
202603061230,   0.414,9999.000,9999.000,9999.000,9999.000,9999.000,9999.000,9999.000,9999.000
202603061236,   0.422,9999.000,9999.000,9999.000,9999.000,9999.000,9999.000,9999.000,9999.000
202603061242,   0.431,9999.000,9999.000,9999.000,9999.000,9999.000,9999.000,9999.000,9999.000
202603061248,   0.439,9999.000,9999.000,9999.000,9999.000,9999.000,9999.000,9999.000,9999.000
202603061254,   0.448,9999.000,9999.000,9999.000,9999.000,9999.000,9999.000,9999.000,9999.000
202603061300,   0.458,9999.000,   0.600,   0.095,   1.153,   0.600,   1.153,   0.600,   1.153
202603061306,   0.467,9999.000,9999.000,9999.000,9999.000,9999.000,9999.000,9999.000,9999.000
202603061312,   0.477,9999.000,9999.000,9999.000,9999.000,9999.000,9999.000,9999.000,9999.000
202603061318,   0.487,9999.000,9999.000,9999.000,9999.000,9999.000,9999.000,9999.000,9999.000
202603061324,   0.497,9999.000,9999.000,9999.000,9999.000,9999.000,9999.000,9999.000,9999.000
202603061330,   0.508,9999.000,9999.000,9999.000,9999.000,9999.000,9999.000,9999.000,9999.000
202603061336,   0.518,9999.000,9999.000,9999.000,9999.000,9999.000,9999.000,9999.000,9999.000
202603061342,   0.529,9999.000,9999.000,9999.000,9999.000,9999.000,9999.000,9999.000,9999.000
202603061348,   0.540,9999.000,9999.000,9999.000,9999.000,9999.000,9999.000,9999.000,9999.000
202603061354,   0.551,9999.000,9999.000,9999.000,9999.000,9999.000,9999.000,9999.000,9999.000
202603061400,   0.561,9999.000,   0.600,   0.089,   1.250,   0.600,   1.250,   0.600,   1.250
202603061406,   0.572,9999.000,9999.000,9999.000,9999.000,9999.000,9999.000,9999.000,9999.000
202603061412,   0.583,9999.000,9999.000,9999.000,9999.000,9999.000,9999.000,9999.000,9999.000
202603061418,   0.593,9999.000,9999.000,9999.000,9999.000,9999.000,9999.000,9999.000,9999.000
202603061424,   0.604,9999.000,9999.000,9999.000,9999.000,9999.000,9999.000,9999.000,9999.000
202603061430,   0.614,9999.000,9999.000,9999.000,9999.000,9999.000,9999.000,9999.000,9999.000
202603061436,   0.624,9999.000,9999.000,9999.000,9999.000,9999.000,9999.000,9999.000,9999.000
202603061442,   0.634,9999.000,9999.000,9999.000,9999.000,9999.000,9999.000,9999.000,9999.000
202603061448,   0.643,9999.000,9999.000,9999.000,9999.000,9999.000,9999.000,9999.000,9999.000
202603061454,   0.652,9999.000,9999.000,9999.000,9999.000,9999.000,9999.000,9999.000,9999.000
202603061500,   0.661,9999.000,   0.600,   0.083,   1.344,   0.600,   1.344,   0.600,   1.344
202603061506,   0.670,9999.000,9999.000,9999.000,9999.000,9999.000,9999.000,9999.000,9999.000
202603061512,   0.678,9999.000,9999.000,9999.000,9999.000,9999.000,9999.000,9999.000,9999.000
202603061518,   0.685,9999.000,9999.000,9999.000,9999.000,9999.000,9999.000,9999.000,9999.000
202603061524,   0.693,9999.000,9999.000,9999.000,9999.000,9999.000,9999.000,9999.000,9999.000
202603061530,   0.700,9999.000,9999.000,9999.000,9999.000,9999.000,9999.000,9999.000,9999.000
202603061536,   0.706,9999.000,9999.000,9999.000,9999.000,9999.000,9999.000,9999.000,9999.000
202603061542,   0.712,9999.000,9999.000,9999.000,9999.000,9999.000,9999.000,9999.000,9999.000
202603061548,   0.717,9999.000,9999.000,9999.000,9999.000,9999.000,9999.000,9999.000,9999.000
202603061554,   0.722,9999.000,9999.000,9999.000,9999.000,9999.000,9999.000,9999.000,9999.000
202603061600,   0.727,9999.000,   0.600,   0.077,   1.404,   0.600,   1.404,   0.600,   1.404
202603061606,   0.731,9999.000,9999.000,9999.000,9999.000,9999.000,9999.000,9999.000,9999.000
202603061612,   0.735,9999.000,9999.000,9999.000,9999.000,9999.000,9999.000,9999.000,9999.000
202603061618,   0.739,9999.000,9999.000,9999.000,9999.000,9999.000,9999.000,9999.000,9999.000
202603061624,   0.742,9999.000,9999.000,9999.000,9999.000,9999.000,9999.000,9999.000,9999.000
202603061630,   0.745,9999.000,9999.000,9999.000,9999.000,9999.000,9999.000,9999.000,9999.000
202603061636,   0.747,9999.000,9999.000,9999.000,9999.000,9999.000,9999.000,9999.000,9999.000
202603061642,   0.749,9999.000,9999.000,9999.000,9999.000,9999.000,9999.000,9999.000,9999.000
202603061648,   0.751,9999.000,9999.000,9999.000,9999.000,9999.000,9999.000,9999.000,9999.000
202603061654,   0.752,9999.000,9999.000,9999.000,9999.000,9999.000,9999.000,9999.000,9999.000
202603061700,   0.754,9999.000,   0.600,   0.071,   1.425,   0.500,   1.325,   0.600,   1.425
202603061706,   0.754,9999.000,9999.000,9999.000,9999.000,9999.000,9999.000,9999.000,9999.000
202603061712,   0.755,9999.000,9999.000,9999.000,9999.000,9999.000,9999.000,9999.000,9999.000
202603061718,   0.756,9999.000,9999.000,9999.000,9999.000,9999.000,9999.000,9999.000,9999.000
202603061724,   0.756,9999.000,9999.000,9999.000,9999.000,9999.000,9999.000,9999.000,9999.000
202603061730,   0.755,9999.000,9999.000,9999.000,9999.000,9999.000,9999.000,9999.000,9999.000
202603061736,   0.755,9999.000,9999.000,9999.000,9999.000,9999.000,9999.000,9999.000,9999.000
202603061742,   0.754,9999.000,9999.000,9999.000,9999.000,9999.000,9999.000,9999.000,9999.000
202603061748,   0.753,9999.000,9999.000,9999.000,9999.000,9999.000,9999.000,9999.000,9999.000
202603061754,   0.751,9999.000,9999.000,9999.000,9999.000,9999.000,9999.000,9999.000,9999.000
202603061800,   0.750,9999.000,   0.600,   0.065,   1.415,   0.500,   1.315,   0.600,   1.415
202603061806,   0.747,9999.000,9999.000,9999.000,9999.000,9999.000,9999.000,9999.000,9999.000
202603061812,   0.745,9999.000,9999.000,9999.000,9999.000,9999.000,9999.000,9999.000,9999.000
202603061818,   0.742,9999.000,9999.000,9999.000,9999.000,9999.000,9999.000,9999.000,9999.000
202603061824,   0.738,9999.000,9999.000,9999.000,9999.000,9999.000,9999.000,9999.000,9999.000
202603061830,   0.734,9999.000,9999.000,9999.000,9999.000,9999.000,9999.000,9999.000,9999.000
202603061836,   0.730,9999.000,9999.000,9999.000,9999.000,9999.000,9999.000,9999.000,9999.000
202603061842,   0.724,9999.000,9999.000,9999.000,9999.000,9999.000,9999.000,9999.000,9999.000
202603061848,   0.719,9999.000,9999.000,9999.000,9999.000,9999.000,9999.000,9999.000,9999.000
202603061854,   0.713,9999.000,9999.000,9999.000,9999.000,9999.000,9999.000,9999.000,9999.000
202603061900,   0.706,9999.000,   0.600,   0.058,   1.364,   0.600,   1.364,   0.600,   1.364
202603061906,   0.698,9999.000,9999.000,9999.000,9999.000,9999.000,9999.000,9999.000,9999.000
202603061912,   0.690,9999.000,9999.000,9999.000,9999.000,9999.000,9999.000,9999.000,9999.000
202603061918,   0.681,9999.000,9999.000,9999.000,9999.000,9999.000,9999.000,9999.000,9999.000
202603061924,   0.672,9999.000,9999.000,9999.000,9999.000,9999.000,9999.000,9999.000,9999.000
202603061930,   0.662,9999.000,9999.000,9999.000,9999.000,9999.000,9999.000,9999.000,9999.000
202603061936,   0.651,9999.000,9999.000,9999.000,9999.000,9999.000,9999.000,9999.000,9999.000
202603061942,   0.640,9999.000,9999.000,9999.000,9999.000,9999.000,9999.000,9999.000,9999.000
202603061948,   0.628,9999.000,9999.000,9999.000,9999.000,9999.000,9999.000,9999.000,9999.000
202603061954,   0.615,9999.000,9999.000,9999.000,9999.000,9999.000,9999.000,9999.000,9999.000
202603062000,   0.602,9999.000,   0.600,   0.052,   1.254,   0.600,   1.254,   0.600,   1.254
202603062006,   0.589,9999.000,9999.000,9999.000,9999.000,9999.000,9999.000,9999.000,9999.000
202603062012,   0.575,9999.000,9999.000,9999.000,9999.000,9999.000,9999.000,9999.000,9999.000
202603062018,   0.560,9999.000,9999.000,9999.000,9999.000,9999.000,9999.000,9999.000,9999.000
202603062024,   0.545,9999.000,9999.000,9999.000,9999.000,9999.000,9999.000,9999.000,9999.000
202603062030,   0.530,9999.000,9999.000,9999.000,9999.000,9999.000,9999.000,9999.000,9999.000
202603062036,   0.514,9999.000,9999.000,9999.000,9999.000,9999.000,9999.000,9999.000,9999.000
202603062042,   0.498,9999.000,9999.000,9999.000,9999.000,9999.000,9999.000,9999.000,9999.000
202603062048,   0.482,9999.000,9999.000,9999.000,9999.000,9999.000,9999.000,9999.000,9999.000
202603062054,   0.466,9999.000,9999.000,9999.000,9999.000,9999.000,9999.000,9999.000,9999.000
202603062100,   0.450,9999.000,   0.600,   0.046,   1.096,   0.600,   1.096,   0.600,   1.096
202603062106,   0.433,9999.000,9999.000,9999.000,9999.000,9999.000,9999.000,9999.000,9999.000
202603062112,   0.417,9999.000,9999.000,9999.000,9999.000,9999.000,9999.000,9999.000,9999.000
202603062118,   0.401,9999.000,9999.000,9999.000,9999.000,9999.000,9999.000,9999.000,9999.000
202603062124,   0.384,9999.000,9999.000,9999.000,9999.000,9999.000,9999.000,9999.000,9999.000
202603062130,   0.368,9999.000,9999.000,9999.000,9999.000,9999.000,9999.000,9999.000,9999.000
202603062136,   0.352,9999.000,9999.000,9999.000,9999.000,9999.000,9999.000,9999.000,9999.000
202603062142,   0.336,9999.000,9999.000,9999.000,9999.000,9999.000,9999.000,9999.000,9999.000
202603062148,   0.321,9999.000,9999.000,9999.000,9999.000,9999.000,9999.000,9999.000,9999.000
202603062154,   0.305,9999.000,9999.000,9999.000,9999.000,9999.000,9999.000,9999.000,9999.000
202603062200,   0.290,9999.000,   0.600,   0.040,   0.930,   0.600,   0.930,   0.700,   1.030
202603062206,   0.275,9999.000,9999.000,9999.000,9999.000,9999.000,9999.000,9999.000,9999.000
202603062212,   0.261,9999.000,9999.000,9999.000,9999.000,9999.000,9999.000,9999.000,9999.000
202603062218,   0.247,9999.000,9999.000,9999.000,9999.000,9999.000,9999.000,9999.000,9999.000
202603062224,   0.233,9999.000,9999.000,9999.000,9999.000,9999.000,9999.000,9999.000,9999.000
202603062230,   0.219,9999.000,9999.000,9999.000,9999.000,9999.000,9999.000,9999.000,9999.000
202603062236,   0.206,9999.000,9999.000,9999.000,9999.000,9999.000,9999.000,9999.000,9999.000
202603062242,   0.193,9999.000,9999.000,9999.000,9999.000,9999.000,9999.000,9999.000,9999.000
202603062248,   0.181,9999.000,9999.000,9999.000,9999.000,9999.000,9999.000,9999.000,9999.000
202603062254,   0.169,9999.000,9999.000,9999.000,9999.000,9999.000,9999.000,9999.000,9999.000
202603062300,   0.157,9999.000,   0.600,   0.034,   0.791,   0.600,   0.791,   0.700,   0.891
202603062306,   0.145,9999.000,9999.000,9999.000,9999.000,9999.000,9999.000,9999.000,9999.000
202603062312,   0.134,9999.000,9999.000,9999.000,9999.000,9999.000,9999.000,9999.000,9999.000
202603062318,   0.123,9999.000,9999.000,9999.000,9999.000,9999.000,9999.000,9999.000,9999.000
202603062324,   0.112,9999.000,9999.000,9999.000,9999.000,9999.000,9999.000,9999.000,9999.000
202603062330,   0.102,9999.000,9999.000,9999.000,9999.000,9999.000,9999.000,9999.000,9999.000
202603062336,   0.092,9999.000,9999.000,9999.000,9999.000,9999.000,9999.000,9999.000,9999.000
202603062342,   0.082,9999.000,9999.000,9999.000,9999.000,9999.000,9999.000,9999.000,9999.000
202603062348,   0.072,9999.000,9999.000,9999.000,9999.000,9999.000,9999.000,9999.000,9999.000
202603062354,   0.063,9999.000,9999.000,9999.000,9999.000,9999.000,9999.000,9999.000,9999.000
202603070000,   0.054,9999.000,   0.700,   0.028,   0.782,   0.600,   0.682,   0.700,   0.782
202603070006,   0.046,9999.000,9999.000,9999.000,9999.000,9999.000,9999.000,9999.000,9999.000
202603070012,   0.038,9999.000,9999.000,9999.000,9999.000,9999.000,9999.000,9999.000,9999.000
202603070018,   0.030,9999.000,9999.000,9999.000,9999.000,9999.000,9999.000,9999.000,9999.000
202603070024,   0.022,9999.000,9999.000,9999.000,9999.000,9999.000,9999.000,9999.000,9999.000
202603070030,   0.015,9999.000,9999.000,9999.000,9999.000,9999.000,9999.000,9999.000,9999.000
202603070036,   0.008,9999.000,9999.000,9999.000,9999.000,9999.000,9999.000,9999.000,9999.000
202603070042,   0.002,9999.000,9999.000,9999.000,9999.000,9999.000,9999.000,9999.000,9999.000
202603070048,  -0.003,9999.000,9999.000,9999.000,9999.000,9999.000,9999.000,9999.000,9999.000
202603070054,  -0.009,9999.000,9999.000,9999.000,9999.000,9999.000,9999.000,9999.000,9999.000
202603070100,  -0.014,9999.000,   0.600,   0.028,   0.614,   0.600,   0.614,   0.700,   0.714
202603070106,  -0.019,9999.000,9999.000,9999.000,9999.000,9999.000,9999.000,9999.000,9999.000
202603070112,  -0.024,9999.000,9999.000,9999.000,9999.000,9999.000,9999.000,9999.000,9999.000
202603070118,  -0.027,9999.000,9999.000,9999.000,9999.000,9999.000,9999.000,9999.000,9999.000
202603070124,  -0.031,9999.000,9999.000,9999.000,9999.000,9999.000,9999.000,9999.000,9999.000
202603070130,  -0.034,9999.000,9999.000,9999.000,9999.000,9999.000,9999.000,9999.000,9999.000
202603070136,  -0.037,9999.000,9999.000,9999.000,9999.000,9999.000,9999.000,9999.000,9999.000
202603070142,  -0.039,9999.000,9999.000,9999.000,9999.000,9999.000,9999.000,9999.000,9999.000
202603070148,  -0.041,9999.000,9999.000,9999.000,9999.000,9999.000,9999.000,9999.000,9999.000
202603070154,  -0.042,9999.000,9999.000,9999.000,9999.000,9999.000,9999.000,9999.000,9999.000
202603070200,  -0.043,9999.000,   0.600,   0.028,   0.585,   0.600,   0.585,   0.600,   0.585
202603070206,  -0.044,9999.000,9999.000,9999.000,9999.000,9999.000,9999.000,9999.000,9999.000
202603070212,  -0.044,9999.000,9999.000,9999.000,9999.000,9999.000,9999.000,9999.000,9999.000
202603070218,  -0.044,9999.000,9999.000,9999.000,9999.000,9999.000,9999.000,9999.000,9999.000
202603070224,  -0.044,9999.000,9999.000,9999.000,9999.000,9999.000,9999.000,9999.000,9999.000
202603070230,  -0.043,9999.000,9999.000,9999.000,9999.000,9999.000,9999.000,9999.000,9999.000
202603070236,  -0.042,9999.000,9999.000,9999.000,9999.000,9999.000,9999.000,9999.000,9999.000
202603070242,  -0.041,9999.000,9999.000,9999.000,9999.000,9999.000,9999.000,9999.000,9999.000
202603070248,  -0.039,9999.000,9999.000,9999.000,9999.000,9999.000,9999.000,9999.000,9999.000
202603070254,  -0.038,9999.000,9999.000,9999.000,9999.000,9999.000,9999.000,9999.000,9999.000
202603070300,  -0.036,9999.000,   0.600,   0.028,   0.592,   0.600,   0.592,   0.700,   0.692
202603070306,  -0.034,9999.000,9999.000,9999.000,9999.000,9999.000,9999.000,9999.000,9999.000
202603070312,  -0.032,9999.000,9999.000,9999.000,9999.000,9999.000,9999.000,9999.000,9999.000
202603070318,  -0.030,9999.000,9999.000,9999.000,9999.000,9999.000,9999.000,9999.000,9999.000
202603070324,  -0.027,9999.000,9999.000,9999.000,9999.000,9999.000,9999.000,9999.000,9999.000
202603070330,  -0.025,9999.000,9999.000,9999.000,9999.000,9999.000,9999.000,9999.000,9999.000
202603070336,  -0.022,9999.000,9999.000,9999.000,9999.000,9999.000,9999.000,9999.000,9999.000
202603070342,  -0.020,9999.000,9999.000,9999.000,9999.000,9999.000,9999.000,9999.000,9999.000
202603070348,  -0.017,9999.000,9999.000,9999.000,9999.000,9999.000,9999.000,9999.000,9999.000
202603070354,  -0.015,9999.000,9999.000,9999.000,9999.000,9999.000,9999.000,9999.000,9999.000
202603070400,  -0.012,9999.000,   0.600,   0.028,   0.616,   0.600,   0.616,   0.600,   0.616
202603070406,  -0.009,9999.000,9999.000,9999.000,9999.000,9999.000,9999.000,9999.000,9999.000
202603070412,  -0.006,9999.000,9999.000,9999.000,9999.000,9999.000,9999.000,9999.000,9999.000
202603070418,  -0.003,9999.000,9999.000,9999.000,9999.000,9999.000,9999.000,9999.000,9999.000
202603070424,   0.000,9999.000,9999.000,9999.000,9999.000,9999.000,9999.000,9999.000,9999.000
202603070430,   0.002,9999.000,9999.000,9999.000,9999.000,9999.000,9999.000,9999.000,9999.000
202603070436,   0.005,9999.000,9999.000,9999.000,9999.000,9999.000,9999.000,9999.000,9999.000
202603070442,   0.009,9999.000,9999.000,9999.000,9999.000,9999.000,9999.000,9999.000,9999.000
202603070448,   0.012,9999.000,9999.000,9999.000,9999.000,9999.000,9999.000,9999.000,9999.000
202603070454,   0.016,9999.000,9999.000,9999.000,9999.000,9999.000,9999.000,9999.000,9999.000
202603070500,   0.020,9999.000,   0.600,   0.028,   0.648,   0.600,   0.648,   0.600,   0.648
202603070506,   0.024,9999.000,9999.000,9999.000,9999.000,9999.000,9999.000,9999.000,9999.000
202603070512,   0.028,9999.000,9999.000,9999.000,9999.000,9999.000,9999.000,9999.000,9999.000
202603070518,   0.033,9999.000,9999.000,9999.000,9999.000,9999.000,9999.000,9999.000,9999.000
202603070524,   0.038,9999.000,9999.000,9999.000,9999.000,9999.000,9999.000,9999.000,9999.000
202603070530,   0.043,9999.000,9999.000,9999.000,9999.000,9999.000,9999.000,9999.000,9999.000
202603070536,   0.048,9999.000,9999.000,9999.000,9999.000,9999.000,9999.000,9999.000,9999.000
202603070542,   0.053,9999.000,9999.000,9999.000,9999.000,9999.000,9999.000,9999.000,9999.000
202603070548,   0.059,9999.000,9999.000,9999.000,9999.000,9999.000,9999.000,9999.000,9999.000
202603070554,   0.065,9999.000,9999.000,9999.000,9999.000,9999.000,9999.000,9999.000,9999.000
202603070600,   0.071,9999.000,   0.600,   0.028,   0.699,   0.600,   0.699,   0.600,   0.699
202603070606,   0.077,9999.000,9999.000,9999.000,9999.000,9999.000,9999.000,9999.000,9999.000
202603070612,   0.084,9999.000,9999.000,9999.000,9999.000,9999.000,9999.000,9999.000,9999.000
202603070618,   0.091,9999.000,9999.000,9999.000,9999.000,9999.000,9999.000,9999.000,9999.000
202603070624,   0.097,9999.000,9999.000,9999.000,9999.000,9999.000,9999.000,9999.000,9999.000
202603070630,   0.104,9999.000,9999.000,9999.000,9999.000,9999.000,9999.000,9999.000,9999.000
202603070636,   0.111,9999.000,9999.000,9999.000,9999.000,9999.000,9999.000,9999.000,9999.000
202603070642,   0.118,9999.000,9999.000,9999.000,9999.000,9999.000,9999.000,9999.000,9999.000
202603070648,   0.125,9999.000,9999.000,9999.000,9999.000,9999.000,9999.000,9999.000,9999.000
202603070654,   0.131,9999.000,9999.000,9999.000,9999.000,9999.000,9999.000,9999.000,9999.000
202603070700,   0.138,9999.000,   0.600,   0.028,   0.766,   0.600,   0.766,   0.600,   0.766
202603070706,   0.145,9999.000,9999.000,9999.000,9999.000,9999.000,9999.000,9999.000,9999.000
202603070712,   0.151,9999.000,9999.000,9999.000,9999.000,9999.000,9999.000,9999.000,9999.000
202603070718,   0.157,9999.000,9999.000,9999.000,9999.000,9999.000,9999.000,9999.000,9999.000
202603070724,   0.163,9999.000,9999.000,9999.000,9999.000,9999.000,9999.000,9999.000,9999.000
202603070730,   0.169,9999.000,9999.000,9999.000,9999.000,9999.000,9999.000,9999.000,9999.000
202603070736,   0.175,9999.000,9999.000,9999.000,9999.000,9999.000,9999.000,9999.000,9999.000
202603070742,   0.180,9999.000,9999.000,9999.000,9999.000,9999.000,9999.000,9999.000,9999.000
202603070748,   0.185,9999.000,9999.000,9999.000,9999.000,9999.000,9999.000,9999.000,9999.000
202603070754,   0.190,9999.000,9999.000,9999.000,9999.000,9999.000,9999.000,9999.000,9999.000
202603070800,   0.194,9999.000,   0.600,   0.028,   0.822,   0.600,   0.822,   0.600,   0.822
202603070806,   0.198,9999.000,9999.000,9999.000,9999.000,9999.000,9999.000,9999.000,9999.000
202603070812,   0.202,9999.000,9999.000,9999.000,9999.000,9999.000,9999.000,9999.000,9999.000
202603070818,   0.205,9999.000,9999.000,9999.000,9999.000,9999.000,9999.000,9999.000,9999.000
202603070824,   0.208,9999.000,9999.000,9999.000,9999.000,9999.000,9999.000,9999.000,9999.000
202603070830,   0.211,9999.000,9999.000,9999.000,9999.000,9999.000,9999.000,9999.000,9999.000
202603070836,   0.214,9999.000,9999.000,9999.000,9999.000,9999.000,9999.000,9999.000,9999.000
202603070842,   0.217,9999.000,9999.000,9999.000,9999.000,9999.000,9999.000,9999.000,9999.000
202603070848,   0.219,9999.000,9999.000,9999.000,9999.000,9999.000,9999.000,9999.000,9999.000
202603070854,   0.221,9999.000,9999.000,9999.000,9999.000,9999.000,9999.000,9999.000,9999.000
202603070900,   0.223,9999.000,   0.600,   0.028,   0.851,   0.600,   0.851,   0.600,   0.851
202603070906,   0.226,9999.000,9999.000,9999.000,9999.000,9999.000,9999.000,9999.000,9999.000
202603070912,   0.228,9999.000,9999.000,9999.000,9999.000,9999.000,9999.000,9999.000,9999.000
202603070918,   0.230,9999.000,9999.000,9999.000,9999.000,9999.000,9999.000,9999.000,9999.000
202603070924,   0.232,9999.000,9999.000,9999.000,9999.000,9999.000,9999.000,9999.000,9999.000
202603070930,   0.234,9999.000,9999.000,9999.000,9999.000,9999.000,9999.000,9999.000,9999.000
202603070936,   0.237,9999.000,9999.000,9999.000,9999.000,9999.000,9999.000,9999.000,9999.000
202603070942,   0.239,9999.000,9999.000,9999.000,9999.000,9999.000,9999.000,9999.000,9999.000
202603070948,   0.242,9999.000,9999.000,9999.000,9999.000,9999.000,9999.000,9999.000,9999.000
202603070954,   0.245,9999.000,9999.000,9999.000,9999.000,9999.000,9999.000,9999.000,9999.000
202603071000,   0.249,9999.000,   0.600,   0.028,   0.877,   0.600,   0.877,   0.600,   0.877
202603071006,   0.252,9999.000,9999.000,9999.000,9999.000,9999.000,9999.000,9999.000,9999.000
202603071012,   0.256,9999.000,9999.000,9999.000,9999.000,9999.000,9999.000,9999.000,9999.000
202603071018,   0.261,9999.000,9999.000,9999.000,9999.000,9999.000,9999.000,9999.000,9999.000
202603071024,   0.266,9999.000,9999.000,9999.000,9999.000,9999.000,9999.000,9999.000,9999.000
202603071030,   0.271,9999.000,9999.000,9999.000,9999.000,9999.000,9999.000,9999.000,9999.000
202603071036,   0.276,9999.000,9999.000,9999.000,9999.000,9999.000,9999.000,9999.000,9999.000
202603071042,   0.282,9999.000,9999.000,9999.000,9999.000,9999.000,9999.000,9999.000,9999.000
202603071048,   0.288,9999.000,9999.000,9999.000,9999.000,9999.000,9999.000,9999.000,9999.000
202603071054,   0.294,9999.000,9999.000,9999.000,9999.000,9999.000,9999.000,9999.000,9999.000
202603071100,   0.301,9999.000,   0.600,   0.028,   0.929,   0.600,   0.929,   0.600,   0.929
202603071106,   0.308,9999.000,9999.000,9999.000,9999.000,9999.000,9999.000,9999.000,9999.000
202603071112,   0.316,9999.000,9999.000,9999.000,9999.000,9999.000,9999.000,9999.000,9999.000
202603071118,   0.324,9999.000,9999.000,9999.000,9999.000,9999.000,9999.000,9999.000,9999.000
202603071124,   0.332,9999.000,9999.000,9999.000,9999.000,9999.000,9999.000,9999.000,9999.000
202603071130,   0.340,9999.000,9999.000,9999.000,9999.000,9999.000,9999.000,9999.000,9999.000
202603071136,   0.349,9999.000,9999.000,9999.000,9999.000,9999.000,9999.000,9999.000,9999.000
202603071142,   0.358,9999.000,9999.000,9999.000,9999.000,9999.000,9999.000,9999.000,9999.000
202603071148,   0.367,9999.000,9999.000,9999.000,9999.000,9999.000,9999.000,9999.000,9999.000
202603071154,   0.376,9999.000,9999.000,9999.000,9999.000,9999.000,9999.000,9999.000,9999.000
202603071200,   0.386,9999.000,   0.600,   0.028,   1.014,   0.600,   1.014,   0.600,   1.014
202603071206,   0.396,9999.000,9999.000,9999.000,9999.000,9999.000,9999.000,9999.000,9999.000
202603071212,   0.406,9999.000,9999.000,9999.000,9999.000,9999.000,9999.000,9999.000,9999.000
202603071218,   0.416,9999.000,9999.000,9999.000,9999.000,9999.000,9999.000,9999.000,9999.000
202603071224,   0.426,9999.000,9999.000,9999.000,9999.000,9999.000,9999.000,9999.000,9999.000
202603071230,   0.437,9999.000,9999.000,9999.000,9999.000,9999.000,9999.000,9999.000,9999.000
202603071236,   0.448,9999.000,9999.000,9999.000,9999.000,9999.000,9999.000,9999.000,9999.000
202603071242,   0.459,9999.000,9999.000,9999.000,9999.000,9999.000,9999.000,9999.000,9999.000
202603071248,   0.470,9999.000,9999.000,9999.000,9999.000,9999.000,9999.000,9999.000,9999.000
202603071254,   0.481,9999.000,9999.000,9999.000,9999.000,9999.000,9999.000,9999.000,9999.000
202603071300,   0.492,9999.000,   0.600,   0.028,   1.120,   0.600,   1.120,   0.600,   1.120
202603071306,   0.504,9999.000,9999.000,9999.000,9999.000,9999.000,9999.000,9999.000,9999.000
202603071312,   0.516,9999.000,9999.000,9999.000,9999.000,9999.000,9999.000,9999.000,9999.000
202603071318,   0.528,9999.000,9999.000,9999.000,9999.000,9999.000,9999.000,9999.000,9999.000
202603071324,   0.540,9999.000,9999.000,9999.000,9999.000,9999.000,9999.000,9999.000,9999.000
202603071330,   0.552,9999.000,9999.000,9999.000,9999.000,9999.000,9999.000,9999.000,9999.000
202603071336,   0.565,9999.000,9999.000,9999.000,9999.000,9999.000,9999.000,9999.000,9999.000
202603071342,   0.577,9999.000,9999.000,9999.000,9999.000,9999.000,9999.000,9999.000,9999.000
202603071348,   0.590,9999.000,9999.000,9999.000,9999.000,9999.000,9999.000,9999.000,9999.000
202603071354,   0.603,9999.000,9999.000,9999.000,9999.000,9999.000,9999.000,9999.000,9999.000
202603071400,   0.616,9999.000,   0.600,   0.028,   1.244,   0.600,   1.244,   0.600,   1.244
202603071406,   0.629,9999.000,9999.000,9999.000,9999.000,9999.000,9999.000,9999.000,9999.000
202603071412,   0.642,9999.000,9999.000,9999.000,9999.000,9999.000,9999.000,9999.000,9999.000
202603071418,   0.655,9999.000,9999.000,9999.000,9999.000,9999.000,9999.000,9999.000,9999.000
202603071424,   0.668,9999.000,9999.000,9999.000,9999.000,9999.000,9999.000,9999.000,9999.000
202603071430,   0.682,9999.000,9999.000,9999.000,9999.000,9999.000,9999.000,9999.000,9999.000
202603071436,   0.695,9999.000,9999.000,9999.000,9999.000,9999.000,9999.000,9999.000,9999.000
202603071442,   0.708,9999.000,9999.000,9999.000,9999.000,9999.000,9999.000,9999.000,9999.000
202603071448,   0.721,9999.000,9999.000,9999.000,9999.000,9999.000,9999.000,9999.000,9999.000
202603071454,   0.734,9999.000,9999.000,9999.000,9999.000,9999.000,9999.000,9999.000,9999.000
202603071500,   0.746,9999.000,   0.600,   0.028,   1.374,   0.600,   1.374,   0.600,   1.374
202603071506,   0.759,9999.000,9999.000,9999.000,9999.000,9999.000,9999.000,9999.000,9999.000
202603071512,   0.771,9999.000,9999.000,9999.000,9999.000,9999.000,9999.000,9999.000,9999.000
202603071518,   0.783,9999.000,9999.000,9999.000,9999.000,9999.000,9999.000,9999.000,9999.000
202603071524,   0.794,9999.000,9999.000,9999.000,9999.000,9999.000,9999.000,9999.000,9999.000
202603071530,   0.805,9999.000,9999.000,9999.000,9999.000,9999.000,9999.000,9999.000,9999.000
202603071536,   0.816,9999.000,9999.000,9999.000,9999.000,9999.000,9999.000,9999.000,9999.000
202603071542,   0.826,9999.000,9999.000,9999.000,9999.000,9999.000,9999.000,9999.000,9999.000
202603071548,   0.836,9999.000,9999.000,9999.000,9999.000,9999.000,9999.000,9999.000,9999.000
202603071554,   0.845,9999.000,9999.000,9999.000,9999.000,9999.000,9999.000,9999.000,9999.000
202603071600,   0.854,9999.000,   0.600,   0.028,   1.482,   0.600,   1.482,   0.600,   1.482
202603071606,   0.862,9999.000,9999.000,9999.000,9999.000,9999.000,9999.000,9999.000,9999.000
202603071612,   0.869,9999.000,9999.000,9999.000,9999.000,9999.000,9999.000,9999.000,9999.000
202603071618,   0.876,9999.000,9999.000,9999.000,9999.000,9999.000,9999.000,9999.000,9999.000
202603071624,   0.883,9999.000,9999.000,9999.000,9999.000,9999.000,9999.000,9999.000,9999.000
202603071630,   0.889,9999.000,9999.000,9999.000,9999.000,9999.000,9999.000,9999.000,9999.000
202603071636,   0.894,9999.000,9999.000,9999.000,9999.000,9999.000,9999.000,9999.000,9999.000
202603071642,   0.898,9999.000,9999.000,9999.000,9999.000,9999.000,9999.000,9999.000,9999.000
202603071648,   0.902,9999.000,9999.000,9999.000,9999.000,9999.000,9999.000,9999.000,9999.000
202603071654,   0.906,9999.000,9999.000,9999.000,9999.000,9999.000,9999.000,9999.000,9999.000
202603071700,   0.908,9999.000,   0.600,   0.028,   1.536,   0.600,   1.536,   0.600,   1.536
202603071706,   0.911,9999.000,9999.000,9999.000,9999.000,9999.000,9999.000,9999.000,9999.000
202603071712,   0.912,9999.000,9999.000,9999.000,9999.000,9999.000,9999.000,9999.000,9999.000
202603071718,   0.914,9999.000,9999.000,9999.000,9999.000,9999.000,9999.000,9999.000,9999.000
202603071724,   0.914,9999.000,9999.000,9999.000,9999.000,9999.000,9999.000,9999.000,9999.000
202603071730,   0.914,9999.000,9999.000,9999.000,9999.000,9999.000,9999.000,9999.000,9999.000
202603071736,   0.914,9999.000,9999.000,9999.000,9999.000,9999.000,9999.000,9999.000,9999.000
202603071742,   0.913,9999.000,9999.000,9999.000,9999.000,9999.000,9999.000,9999.000,9999.000
202603071748,   0.912,9999.000,9999.000,9999.000,9999.000,9999.000,9999.000,9999.000,9999.000
202603071754,   0.911,9999.000,9999.000,9999.000,9999.000,9999.000,9999.000,9999.000,9999.000
202603071800,   0.909,9999.000,   0.600,   0.028,   1.537,   0.600,   1.537,   0.600,   1.537
202603071806,   0.906,9999.000,9999.000,9999.000,9999.000,9999.000,9999.000,9999.000,9999.000
202603071812,   0.903,9999.000,9999.000,9999.000,9999.000,9999.000,9999.000,9999.000,9999.000
202603071818,   0.900,9999.000,9999.000,9999.000,9999.000,9999.000,9999.000,9999.000,9999.000
202603071824,   0.896,9999.000,9999.000,9999.000,9999.000,9999.000,9999.000,9999.000,9999.000
202603071830,   0.892,9999.000,9999.000,9999.000,9999.000,9999.000,9999.000,9999.000,9999.000
202603071836,   0.888,9999.000,9999.000,9999.000,9999.000,9999.000,9999.000,9999.000,9999.000
202603071842,   0.883,9999.000,9999.000,9999.000,9999.000,9999.000,9999.000,9999.000,9999.000
202603071848,   0.877,9999.000,9999.000,9999.000,9999.000,9999.000,9999.000,9999.000,9999.000
202603071854,   0.872,9999.000,9999.000,9999.000,9999.000,9999.000,9999.000,9999.000,9999.000
202603071900,   0.865,9999.000,   0.600,   0.028,   1.493,   0.600,   1.493,   0.700,   1.593
202603071906,   0.858,9999.000,9999.000,9999.000,9999.000,9999.000,9999.000,9999.000,9999.000
202603071912,   0.851,9999.000,9999.000,9999.000,9999.000,9999.000,9999.000,9999.000,9999.000
202603071918,   0.843,9999.000,9999.000,9999.000,9999.000,9999.000,9999.000,9999.000,9999.000
202603071924,   0.835,9999.000,9999.000,9999.000,9999.000,9999.000,9999.000,9999.000,9999.000
202603071930,   0.826,9999.000,9999.000,9999.000,9999.000,9999.000,9999.000,9999.000,9999.000
202603071936,   0.817,9999.000,9999.000,9999.000,9999.000,9999.000,9999.000,9999.000,9999.000
202603071942,   0.807,9999.000,9999.000,9999.000,9999.000,9999.000,9999.000,9999.000,9999.000
202603071948,   0.796,9999.000,9999.000,9999.000,9999.000,9999.000,9999.000,9999.000,9999.000
202603071954,   0.785,9999.000,9999.000,9999.000,9999.000,9999.000,9999.000,9999.000,9999.000
202603072000,   0.774,9999.000,   0.600,   0.028,   1.402,   0.600,   1.402,   0.700,   1.502
202603072006,   0.761,9999.000,9999.000,9999.000,9999.000,9999.000,9999.000,9999.000,9999.000
202603072012,   0.748,9999.000,9999.000,9999.000,9999.000,9999.000,9999.000,9999.000,9999.000
202603072018,   0.735,9999.000,9999.000,9999.000,9999.000,9999.000,9999.000,9999.000,9999.000
202603072024,   0.721,9999.000,9999.000,9999.000,9999.000,9999.000,9999.000,9999.000,9999.000
202603072030,   0.706,9999.000,9999.000,9999.000,9999.000,9999.000,9999.000,9999.000,9999.000
202603072036,   0.691,9999.000,9999.000,9999.000,9999.000,9999.000,9999.000,9999.000,9999.000
202603072042,   0.676,9999.000,9999.000,9999.000,9999.000,9999.000,9999.000,9999.000,9999.000
202603072048,   0.660,9999.000,9999.000,9999.000,9999.000,9999.000,9999.000,9999.000,9999.000
202603072054,   0.643,9999.000,9999.000,9999.000,9999.000,9999.000,9999.000,9999.000,9999.000
202603072100,   0.627,9999.000,   0.600,   0.028,   1.255,   0.600,   1.255,   0.700,   1.355
202603072106,   0.609,9999.000,9999.000,9999.000,9999.000,9999.000,9999.000,9999.000,9999.000
202603072112,   0.592,9999.000,9999.000,9999.000,9999.000,9999.000,9999.000,9999.000,9999.000
202603072118,   0.574,9999.000,9999.000,9999.000,9999.000,9999.000,9999.000,9999.000,9999.000
202603072124,   0.556,9999.000,9999.000,9999.000,9999.000,9999.000,9999.000,9999.000,9999.000
202603072130,   0.538,9999.000,9999.000,9999.000,9999.000,9999.000,9999.000,9999.000,9999.000
202603072136,   0.520,9999.000,9999.000,9999.000,9999.000,9999.000,9999.000,9999.000,9999.000
202603072142,   0.501,9999.000,9999.000,9999.000,9999.000,9999.000,9999.000,9999.000,9999.000
202603072148,   0.483,9999.000,9999.000,9999.000,9999.000,9999.000,9999.000,9999.000,9999.000
202603072154,   0.465,9999.000,9999.000,9999.000,9999.000,9999.000,9999.000,9999.000,9999.000
202603072200,   0.447,9999.000,   0.700,   0.028,   1.175,   0.600,   1.075,   0.700,   1.175
202603072206,   0.428,9999.000,9999.000,9999.000,9999.000,9999.000,9999.000,9999.000,9999.000
202603072212,   0.410,9999.000,9999.000,9999.000,9999.000,9999.000,9999.000,9999.000,9999.000
202603072218,   0.393,9999.000,9999.000,9999.000,9999.000,9999.000,9999.000,9999.000,9999.000
202603072224,   0.375,9999.000,9999.000,9999.000,9999.000,9999.000,9999.000,9999.000,9999.000
202603072230,   0.358,9999.000,9999.000,9999.000,9999.000,9999.000,9999.000,9999.000,9999.000
202603072236,   0.341,9999.000,9999.000,9999.000,9999.000,9999.000,9999.000,9999.000,9999.000
202603072242,   0.324,9999.000,9999.000,9999.000,9999.000,9999.000,9999.000,9999.000,9999.000
202603072248,   0.307,9999.000,9999.000,9999.000,9999.000,9999.000,9999.000,9999.000,9999.000
202603072254,   0.291,9999.000,9999.000,9999.000,9999.000,9999.000,9999.000,9999.000,9999.000
202603072300,   0.275,9999.000,   0.700,   0.028,   1.003,   0.600,   0.903,   0.700,   1.003
202603072306,   0.260,9999.000,9999.000,9999.000,9999.000,9999.000,9999.000,9999.000,9999.000
202603072312,   0.245,9999.000,9999.000,9999.000,9999.000,9999.000,9999.000,9999.000,9999.000
202603072318,   0.230,9999.000,9999.000,9999.000,9999.000,9999.000,9999.000,9999.000,9999.000
202603072324,   0.215,9999.000,9999.000,9999.000,9999.000,9999.000,9999.000,9999.000,9999.000
202603072330,   0.201,9999.000,9999.000,9999.000,9999.000,9999.000,9999.000,9999.000,9999.000
202603072336,   0.187,9999.000,9999.000,9999.000,9999.000,9999.000,9999.000,9999.000,9999.000
202603072342,   0.174,9999.000,9999.000,9999.000,9999.000,9999.000,9999.000,9999.000,9999.000
202603072348,   0.161,9999.000,9999.000,9999.000,9999.000,9999.000,9999.000,9999.000,9999.000
202603072354,   0.148,9999.000,9999.000,9999.000,9999.000,9999.000,9999.000,9999.000,9999.000
202603080000,   0.135,9999.000,   0.700,   0.028,   0.863,   0.600,   0.763,   0.700,   0.863
202603080006,   0.122,9999.000,9999.000,9999.000,9999.000,9999.000,9999.000,9999.000,9999.000
202603080012,   0.110,9999.000,9999.000,9999.000,9999.000,9999.000,9999.000,9999.000,9999.000
202603080018,   0.098,9999.000,9999.000,9999.000,9999.000,9999.000,9999.000,9999.000,9999.000
202603080024,   0.086,9999.000,9999.000,9999.000,9999.000,9999.000,9999.000,9999.000,9999.000
202603080030,   0.075,9999.000,9999.000,9999.000,9999.000,9999.000,9999.000,9999.000,9999.000
202603080036,   0.064,9999.000,9999.000,9999.000,9999.000,9999.000,9999.000,9999.000,9999.000
202603080042,   0.052,9999.000,9999.000,9999.000,9999.000,9999.000,9999.000,9999.000,9999.000
202603080048,   0.042,9999.000,9999.000,9999.000,9999.000,9999.000,9999.000,9999.000,9999.000
202603080054,   0.031,9999.000,9999.000,9999.000,9999.000,9999.000,9999.000,9999.000,9999.000
202603080100,   0.021,9999.000,   0.700,   0.028,   0.749,   0.600,   0.649,   0.700,   0.749
202603080106,   0.011,9999.000,9999.000,9999.000,9999.000,9999.000,9999.000,9999.000,9999.000
202603080112,   0.001,9999.000,9999.000,9999.000,9999.000,9999.000,9999.000,9999.000,9999.000
202603080118,  -0.007,9999.000,9999.000,9999.000,9999.000,9999.000,9999.000,9999.000,9999.000
202603080124,  -0.017,9999.000,9999.000,9999.000,9999.000,9999.000,9999.000,9999.000,9999.000
202603080130,  -0.026,9999.000,9999.000,9999.000,9999.000,9999.000,9999.000,9999.000,9999.000
202603080136,  -0.034,9999.000,9999.000,9999.000,9999.000,9999.000,9999.000,9999.000,9999.000
202603080142,  -0.042,9999.000,9999.000,9999.000,9999.000,9999.000,9999.000,9999.000,9999.000
202603080148,  -0.050,9999.000,9999.000,9999.000,9999.000,9999.000,9999.000,9999.000,9999.000
202603080154,  -0.058,9999.000,9999.000,9999.000,9999.000,9999.000,9999.000,9999.000,9999.000
202603080200,  -0.065,9999.000,   0.700,   0.028,   0.663,   0.600,   0.563,   0.700,   0.663
202603080206,  -0.071,9999.000,9999.000,9999.000,9999.000,9999.000,9999.000,9999.000,9999.000
202603080212,  -0.077,9999.000,9999.000,9999.000,9999.000,9999.000,9999.000,9999.000,9999.000
202603080218,  -0.083,9999.000,9999.000,9999.000,9999.000,9999.000,9999.000,9999.000,9999.000
202603080224,  -0.089,9999.000,9999.000,9999.000,9999.000,9999.000,9999.000,9999.000,9999.000
202603080230,  -0.094,9999.000,9999.000,9999.000,9999.000,9999.000,9999.000,9999.000,9999.000
202603080236,  -0.098,9999.000,9999.000,9999.000,9999.000,9999.000,9999.000,9999.000,9999.000
202603080242,  -0.102,9999.000,9999.000,9999.000,9999.000,9999.000,9999.000,9999.000,9999.000
202603080248,  -0.106,9999.000,9999.000,9999.000,9999.000,9999.000,9999.000,9999.000,9999.000
202603080254,  -0.109,9999.000,9999.000,9999.000,9999.000,9999.000,9999.000,9999.000,9999.000
202603080300,  -0.112,9999.000,   0.700,   0.028,   0.616,   0.600,   0.516,   0.700,   0.616
202603080306,  -0.115,9999.000,9999.000,9999.000,9999.000,9999.000,9999.000,9999.000,9999.000
202603080312,  -0.117,9999.000,9999.000,9999.000,9999.000,9999.000,9999.000,9999.000,9999.000
202603080318,  -0.119,9999.000,9999.000,9999.000,9999.000,9999.000,9999.000,9999.000,9999.000
202603080324,  -0.120,9999.000,9999.000,9999.000,9999.000,9999.000,9999.000,9999.000,9999.000
202603080330,  -0.121,9999.000,9999.000,9999.000,9999.000,9999.000,9999.000,9999.000,9999.000
202603080336,  -0.122,9999.000,9999.000,9999.000,9999.000,9999.000,9999.000,9999.000,9999.000
202603080342,  -0.123,9999.000,9999.000,9999.000,9999.000,9999.000,9999.000,9999.000,9999.000
202603080348,  -0.123,9999.000,9999.000,9999.000,9999.000,9999.000,9999.000,9999.000,9999.000
202603080354,  -0.124,9999.000,9999.000,9999.000,9999.000,9999.000,9999.000,9999.000,9999.000
202603080400,  -0.124,9999.000,   0.700,   0.028,   0.604,   0.600,   0.504,   0.700,   0.604
202603080406,  -0.123,9999.000,9999.000,9999.000,9999.000,9999.000,9999.000,9999.000,9999.000
202603080412,  -0.123,9999.000,9999.000,9999.000,9999.000,9999.000,9999.000,9999.000,9999.000
202603080418,  -0.123,9999.000,9999.000,9999.000,9999.000,9999.000,9999.000,9999.000,9999.000
202603080424,  -0.122,9999.000,9999.000,9999.000,9999.000,9999.000,9999.000,9999.000,9999.000
202603080430,  -0.121,9999.000,9999.000,9999.000,9999.000,9999.000,9999.000,9999.000,9999.000
202603080436,  -0.121,9999.000,9999.000,9999.000,9999.000,9999.000,9999.000,9999.000,9999.000
202603080442,  -0.120,9999.000,9999.000,9999.000,9999.000,9999.000,9999.000,9999.000,9999.000
202603080448,  -0.119,9999.000,9999.000,9999.000,9999.000,9999.000,9999.000,9999.000,9999.000
202603080454,  -0.118,9999.000,9999.000,9999.000,9999.000,9999.000,9999.000,9999.000,9999.000
202603080500,  -0.116,9999.000,   0.600,   0.028,   0.512,   0.600,   0.512,   0.700,   0.612
202603080506,  -0.115,9999.000,9999.000,9999.000,9999.000,9999.000,9999.000,9999.000,9999.000
202603080512,  -0.113,9999.000,9999.000,9999.000,9999.000,9999.000,9999.000,9999.000,9999.000
202603080518,  -0.112,9999.000,9999.000,9999.000,9999.000,9999.000,9999.000,9999.000,9999.000
202603080524,  -0.110,9999.000,9999.000,9999.000,9999.000,9999.000,9999.000,9999.000,9999.000
202603080530,  -0.108,9999.000,9999.000,9999.000,9999.000,9999.000,9999.000,9999.000,9999.000
202603080536,  -0.106,9999.000,9999.000,9999.000,9999.000,9999.000,9999.000,9999.000,9999.000
202603080542,  -0.103,9999.000,9999.000,9999.000,9999.000,9999.000,9999.000,9999.000,9999.000
202603080548,  -0.101,9999.000,9999.000,9999.000,9999.000,9999.000,9999.000,9999.000,9999.000
202603080554,  -0.098,9999.000,9999.000,9999.000,9999.000,9999.000,9999.000,9999.000,9999.000
202603080600,  -0.095,9999.000,   0.600,   0.028,   0.533,   0.600,   0.533,   0.700,   0.633
202603080606,  -0.091,9999.000,9999.000,9999.000,9999.000,9999.000,9999.000,9999.000,9999.000
202603080612,  -0.087,9999.000,9999.000,9999.000,9999.000,9999.000,9999.000,9999.000,9999.000
202603080618,  -0.083,9999.000,9999.000,9999.000,9999.000,9999.000,9999.000,9999.000,9999.000
202603080624,  -0.079,9999.000,9999.000,9999.000,9999.000,9999.000,9999.000,9999.000,9999.000
202603080630,  -0.074,9999.000,9999.000,9999.000,9999.000,9999.000,9999.000,9999.000,9999.000
202603080636,  -0.069,9999.000,9999.000,9999.000,9999.000,9999.000,9999.000,9999.000,9999.000
202603080642,  -0.064,9999.000,9999.000,9999.000,9999.000,9999.000,9999.000,9999.000,9999.000
202603080648,  -0.058,9999.000,9999.000,9999.000,9999.000,9999.000,9999.000,9999.000,9999.000
202603080654,  -0.053,9999.000,9999.000,9999.000,9999.000,9999.000,9999.000,9999.000,9999.000
202603080700,  -0.046,9999.000,   0.600,   0.028,   0.582,   0.600,   0.582,   0.700,   0.682
202603080706,  -0.040,9999.000,9999.000,9999.000,9999.000,9999.000,9999.000,9999.000,9999.000
202603080712,  -0.033,9999.000,9999.000,9999.000,9999.000,9999.000,9999.000,9999.000,9999.000
202603080718,  -0.027,9999.000,9999.000,9999.000,9999.000,9999.000,9999.000,9999.000,9999.000
202603080724,  -0.020,9999.000,9999.000,9999.000,9999.000,9999.000,9999.000,9999.000,9999.000
202603080730,  -0.013,9999.000,9999.000,9999.000,9999.000,9999.000,9999.000,9999.000,9999.000
202603080736,  -0.005,9999.000,9999.000,9999.000,9999.000,9999.000,9999.000,9999.000,9999.000
202603080742,   0.001,9999.000,9999.000,9999.000,9999.000,9999.000,9999.000,9999.000,9999.000
202603080748,   0.008,9999.000,9999.000,9999.000,9999.000,9999.000,9999.000,9999.000,9999.000
202603080754,   0.016,9999.000,9999.000,9999.000,9999.000,9999.000,9999.000,9999.000,9999.000
202603080800,   0.023,9999.000,   0.700,   0.028,   0.751,   0.600,   0.651,   0.700,   0.751
202603080806,   0.031,9999.000,9999.000,9999.000,9999.000,9999.000,9999.000,9999.000,9999.000
202603080812,   0.038,9999.000,9999.000,9999.000,9999.000,9999.000,9999.000,9999.000,9999.000
202603080818,   0.045,9999.000,9999.000,9999.000,9999.000,9999.000,9999.000,9999.000,9999.000
202603080824,   0.053,9999.000,9999.000,9999.000,9999.000,9999.000,9999.000,9999.000,9999.000
202603080830,   0.060,9999.000,9999.000,9999.000,9999.000,9999.000,9999.000,9999.000,9999.000
202603080836,   0.067,9999.000,9999.000,9999.000,9999.000,9999.000,9999.000,9999.000,9999.000
202603080842,   0.074,9999.000,9999.000,9999.000,9999.000,9999.000,9999.000,9999.000,9999.000
202603080848,   0.080,9999.000,9999.000,9999.000,9999.000,9999.000,9999.000,9999.000,9999.000
202603080854,   0.087,9999.000,9999.000,9999.000,9999.000,9999.000,9999.000,9999.000,9999.000
202603080900,   0.093,9999.000,   0.700,   0.028,   0.821,   0.600,   0.721,   0.700,   0.821
202603080906,   0.099,9999.000,9999.000,9999.000,9999.000,9999.000,9999.000,9999.000,9999.000
202603080912,   0.106,9999.000,9999.000,9999.000,9999.000,9999.000,9999.000,9999.000,9999.000
202603080918,   0.112,9999.000,9999.000,9999.000,9999.000,9999.000,9999.000,9999.000,9999.000
202603080924,   0.118,9999.000,9999.000,9999.000,9999.000,9999.000,9999.000,9999.000,9999.000
202603080930,   0.124,9999.000,9999.000,9999.000,9999.000,9999.000,9999.000,9999.000,9999.000
202603080936,   0.130,9999.000,9999.000,9999.000,9999.000,9999.000,9999.000,9999.000,9999.000
202603080942,   0.136,9999.000,9999.000,9999.000,9999.000,9999.000,9999.000,9999.000,9999.000
202603080948,   0.142,9999.000,9999.000,9999.000,9999.000,9999.000,9999.000,9999.000,9999.000
202603080954,   0.148,9999.000,9999.000,9999.000,9999.000,9999.000,9999.000,9999.000,9999.000
202603081000,   0.154,9999.000,   0.700,   0.028,   0.882,   0.600,   0.782,   0.700,   0.882
202603081006,   0.160,9999.000,9999.000,9999.000,9999.000,9999.000,9999.000,9999.000,9999.000
202603081012,   0.166,9999.000,9999.000,9999.000,9999.000,9999.000,9999.000,9999.000,9999.000
202603081018,   0.173,9999.000,9999.000,9999.000,9999.000,9999.000,9999.000,9999.000,9999.000
202603081024,   0.180,9999.000,9999.000,9999.000,9999.000,9999.000,9999.000,9999.000,9999.000
202603081030,   0.187,9999.000,9999.000,9999.000,9999.000,9999.000,9999.000,9999.000,9999.000
202603081036,   0.194,9999.000,9999.000,9999.000,9999.000,9999.000,9999.000,9999.000,9999.000
202603081042,   0.202,9999.000,9999.000,9999.000,9999.000,9999.000,9999.000,9999.000,9999.000
202603081048,   0.210,9999.000,9999.000,9999.000,9999.000,9999.000,9999.000,9999.000,9999.000
202603081054,   0.218,9999.000,9999.000,9999.000,9999.000,9999.000,9999.000,9999.000,9999.000
202603081100,   0.227,9999.000,   0.600,   0.028,   0.855,   0.600,   0.855,   0.700,   0.955
202603081106,   0.236,9999.000,9999.000,9999.000,9999.000,9999.000,9999.000,9999.000,9999.000
202603081112,   0.245,9999.000,9999.000,9999.000,9999.000,9999.000,9999.000,9999.000,9999.000
202603081118,   0.255,9999.000,9999.000,9999.000,9999.000,9999.000,9999.000,9999.000,9999.000
202603081124,   0.265,9999.000,9999.000,9999.000,9999.000,9999.000,9999.000,9999.000,9999.000
202603081130,   0.276,9999.000,9999.000,9999.000,9999.000,9999.000,9999.000,9999.000,9999.000
202603081136,   0.286,9999.000,9999.000,9999.000,9999.000,9999.000,9999.000,9999.000,9999.000
202603081142,   0.297,9999.000,9999.000,9999.000,9999.000,9999.000,9999.000,9999.000,9999.000
202603081148,   0.309,9999.000,9999.000,9999.000,9999.000,9999.000,9999.000,9999.000,9999.000
202603081154,   0.321,9999.000,9999.000,9999.000,9999.000,9999.000,9999.000,9999.000,9999.000
202603081200,   0.332,9999.000,   0.700,   0.028,   1.060,   0.600,   0.960,   0.700,   1.060
202603081206,   0.345,9999.000,9999.000,9999.000,9999.000,9999.000,9999.000,9999.000,9999.000
202603081212,   0.357,9999.000,9999.000,9999.000,9999.000,9999.000,9999.000,9999.000,9999.000
202603081218,   0.370,9999.000,9999.000,9999.000,9999.000,9999.000,9999.000,9999.000,9999.000
202603081224,   0.383,9999.000,9999.000,9999.000,9999.000,9999.000,9999.000,9999.000,9999.000
202603081230,   0.396,9999.000,9999.000,9999.000,9999.000,9999.000,9999.000,9999.000,9999.000
202603081236,   0.409,9999.000,9999.000,9999.000,9999.000,9999.000,9999.000,9999.000,9999.000
202603081242,   0.423,9999.000,9999.000,9999.000,9999.000,9999.000,9999.000,9999.000,9999.000
202603081248,   0.436,9999.000,9999.000,9999.000,9999.000,9999.000,9999.000,9999.000,9999.000
202603081254,   0.450,9999.000,9999.000,9999.000,9999.000,9999.000,9999.000,9999.000,9999.000
202603081300,   0.463,9999.000,   0.600,   0.028,   1.091,   0.600,   1.091,   0.700,   1.191
202603081306,   0.477,9999.000,9999.000,9999.000,9999.000,9999.000,9999.000,9999.000,9999.000
202603081312,   0.491,9999.000,9999.000,9999.000,9999.000,9999.000,9999.000,9999.000,9999.000
202603081318,   0.505,9999.000,9999.000,9999.000,9999.000,9999.000,9999.000,9999.000,9999.000
202603081324,   0.519,9999.000,9999.000,9999.000,9999.000,9999.000,9999.000,9999.000,9999.000
202603081330,   0.533,9999.000,9999.000,9999.000,9999.000,9999.000,9999.000,9999.000,9999.000
202603081336,   0.547,9999.000,9999.000,9999.000,9999.000,9999.000,9999.000,9999.000,9999.000
202603081342,   0.561,9999.000,9999.000,9999.000,9999.000,9999.000,9999.000,9999.000,9999.000
202603081348,   0.576,9999.000,9999.000,9999.000,9999.000,9999.000,9999.000,9999.000,9999.000
202603081354,   0.590,9999.000,9999.000,9999.000,9999.000,9999.000,9999.000,9999.000,9999.000
202603081400,   0.604,9999.000,   0.600,   0.028,   1.232,   0.600,   1.232,   0.700,   1.332
202603081406,   0.619,9999.000,9999.000,9999.000,9999.000,9999.000,9999.000,9999.000,9999.000
202603081412,   0.633,9999.000,9999.000,9999.000,9999.000,9999.000,9999.000,9999.000,9999.000
202603081418,   0.648,9999.000,9999.000,9999.000,9999.000,9999.000,9999.000,9999.000,9999.000
202603081424,   0.663,9999.000,9999.000,9999.000,9999.000,9999.000,9999.000,9999.000,9999.000
202603081430,   0.677,9999.000,9999.000,9999.000,9999.000,9999.000,9999.000,9999.000,9999.000
202603081436,   0.692,9999.000,9999.000,9999.000,9999.000,9999.000,9999.000,9999.000,9999.000
202603081442,   0.707,9999.000,9999.000,9999.000,9999.000,9999.000,9999.000,9999.000,9999.000
202603081448,   0.722,9999.000,9999.000,9999.000,9999.000,9999.000,9999.000,9999.000,9999.000
202603081454,   0.737,9999.000,9999.000,9999.000,9999.000,9999.000,9999.000,9999.000,9999.000
202603081500,   0.752,9999.000,   0.600,   0.028,   1.380,   0.600,   1.380,   0.700,   1.480
202603081506,   0.766,9999.000,9999.000,9999.000,9999.000,9999.000,9999.000,9999.000,9999.000
202603081512,   0.781,9999.000,9999.000,9999.000,9999.000,9999.000,9999.000,9999.000,9999.000
202603081518,   0.796,9999.000,9999.000,9999.000,9999.000,9999.000,9999.000,9999.000,9999.000
202603081524,   0.810,9999.000,9999.000,9999.000,9999.000,9999.000,9999.000,9999.000,9999.000
202603081530,   0.825,9999.000,9999.000,9999.000,9999.000,9999.000,9999.000,9999.000,9999.000
202603081536,   0.839,9999.000,9999.000,9999.000,9999.000,9999.000,9999.000,9999.000,9999.000
202603081542,   0.853,9999.000,9999.000,9999.000,9999.000,9999.000,9999.000,9999.000,9999.000
202603081548,   0.866,9999.000,9999.000,9999.000,9999.000,9999.000,9999.000,9999.000,9999.000
202603081554,   0.880,9999.000,9999.000,9999.000,9999.000,9999.000,9999.000,9999.000,9999.000
202603081600,   0.893,9999.000,   0.600,   0.028,   1.521,   0.600,   1.521,   0.700,   1.621
202603081606,   0.905,9999.000,9999.000,9999.000,9999.000,9999.000,9999.000,9999.000,9999.000
202603081612,   0.917,9999.000,9999.000,9999.000,9999.000,9999.000,9999.000,9999.000,9999.000
202603081618,   0.929,9999.000,9999.000,9999.000,9999.000,9999.000,9999.000,9999.000,9999.000
202603081624,   0.940,9999.000,9999.000,9999.000,9999.000,9999.000,9999.000,9999.000,9999.000
202603081630,   0.951,9999.000,9999.000,9999.000,9999.000,9999.000,9999.000,9999.000,9999.000
202603081636,   0.961,9999.000,9999.000,9999.000,9999.000,9999.000,9999.000,9999.000,9999.000
202603081642,   0.970,9999.000,9999.000,9999.000,9999.000,9999.000,9999.000,9999.000,9999.000
202603081648,   0.979,9999.000,9999.000,9999.000,9999.000,9999.000,9999.000,9999.000,9999.000
202603081654,   0.987,9999.000,9999.000,9999.000,9999.000,9999.000,9999.000,9999.000,9999.000
202603081700,   0.994,9999.000,   0.600,   0.028,   1.622,   0.600,   1.622,   0.700,   1.722
202603081706,   1.001,9999.000,9999.000,9999.000,9999.000,9999.000,9999.000,9999.000,9999.000
202603081712,   1.007,9999.000,9999.000,9999.000,9999.000,9999.000,9999.000,9999.000,9999.000
202603081718,   1.012,9999.000,9999.000,9999.000,9999.000,9999.000,9999.000,9999.000,9999.000
202603081724,   1.017,9999.000,9999.000,9999.000,9999.000,9999.000,9999.000,9999.000,9999.000
202603081730,   1.020,9999.000,9999.000,9999.000,9999.000,9999.000,9999.000,9999.000,9999.000
202603081736,   1.023,9999.000,9999.000,9999.000,9999.000,9999.000,9999.000,9999.000,9999.000
202603081742,   1.026,9999.000,9999.000,9999.000,9999.000,9999.000,9999.000,9999.000,9999.000
202603081748,   1.027,9999.000,9999.000,9999.000,9999.000,9999.000,9999.000,9999.000,9999.000
202603081754,   1.028,9999.000,9999.000,9999.000,9999.000,9999.000,9999.000,9999.000,9999.000
202603081800,   1.029,9999.000,   0.600,   0.028,   1.657,   0.500,   1.557,   0.700,   1.757
202603081806,   1.028,9999.000,9999.000,9999.000,9999.000,9999.000,9999.000,9999.000,9999.000
202603081812,   1.028,9999.000,9999.000,9999.000,9999.000,9999.000,9999.000,9999.000,9999.000
202603081818,   1.026,9999.000,9999.000,9999.000,9999.000,9999.000,9999.000,9999.000,9999.000
202603081824,   1.024,9999.000,9999.000,9999.000,9999.000,9999.000,9999.000,9999.000,9999.000
202603081830,   1.021,9999.000,9999.000,9999.000,9999.000,9999.000,9999.000,9999.000,9999.000
202603081836,   1.018,9999.000,9999.000,9999.000,9999.000,9999.000,9999.000,9999.000,9999.000
202603081842,   1.014,9999.000,9999.000,9999.000,9999.000,9999.000,9999.000,9999.000,9999.000
202603081848,   1.010,9999.000,9999.000,9999.000,9999.000,9999.000,9999.000,9999.000,9999.000
202603081854,   1.005,9999.000,9999.000,9999.000,9999.000,9999.000,9999.000,9999.000,9999.000
202603081900,   1.000,9999.000,   0.600,   0.028,   1.628,   0.600,   1.628,   0.700,   1.728
202603081906,   0.994,9999.000,9999.000,9999.000,9999.000,9999.000,9999.000,9999.000,9999.000
202603081912,   0.988,9999.000,9999.000,9999.000,9999.000,9999.000,9999.000,9999.000,9999.000
202603081918,   0.982,9999.000,9999.000,9999.000,9999.000,9999.000,9999.000,9999.000,9999.000
202603081924,   0.975,9999.000,9999.000,9999.000,9999.000,9999.000,9999.000,9999.000,9999.000
202603081930,   0.967,9999.000,9999.000,9999.000,9999.000,9999.000,9999.000,9999.000,9999.000
202603081936,   0.959,9999.000,9999.000,9999.000,9999.000,9999.000,9999.000,9999.000,9999.000
202603081942,   0.951,9999.000,9999.000,9999.000,9999.000,9999.000,9999.000,9999.000,9999.000
202603081948,   0.942,9999.000,9999.000,9999.000,9999.000,9999.000,9999.000,9999.000,9999.000
202603081954,   0.933,9999.000,9999.000,9999.000,9999.000,9999.000,9999.000,9999.000,9999.000
202603082000,   0.924,9999.000,   0.600,   0.028,   1.552,   0.600,   1.552,   0.700,   1.652
202603082006,   0.913,9999.000,9999.000,9999.000,9999.000,9999.000,9999.000,9999.000,9999.000
202603082012,   0.903,9999.000,9999.000,9999.000,9999.000,9999.000,9999.000,9999.000,9999.000
202603082018,   0.892,9999.000,9999.000,9999.000,9999.000,9999.000,9999.000,9999.000,9999.000
202603082024,   0.880,9999.000,9999.000,9999.000,9999.000,9999.000,9999.000,9999.000,9999.000
202603082030,   0.868,9999.000,9999.000,9999.000,9999.000,9999.000,9999.000,9999.000,9999.000
202603082036,   0.856,9999.000,9999.000,9999.000,9999.000,9999.000,9999.000,9999.000,9999.000
202603082042,   0.843,9999.000,9999.000,9999.000,9999.000,9999.000,9999.000,9999.000,9999.000
202603082048,   0.829,9999.000,9999.000,9999.000,9999.000,9999.000,9999.000,9999.000,9999.000
202603082054,   0.815,9999.000,9999.000,9999.000,9999.000,9999.000,9999.000,9999.000,9999.000
202603082100,   0.801,9999.000,   0.600,   0.028,   1.429,   0.600,   1.429,   0.700,   1.529
202603082106,   0.786,9999.000,9999.000,9999.000,9999.000,9999.000,9999.000,9999.000,9999.000
202603082112,   0.770,9999.000,9999.000,9999.000,9999.000,9999.000,9999.000,9999.000,9999.000
202603082118,   0.754,9999.000,9999.000,9999.000,9999.000,9999.000,9999.000,9999.000,9999.000
202603082124,   0.738,9999.000,9999.000,9999.000,9999.000,9999.000,9999.000,9999.000,9999.000
202603082130,   0.721,9999.000,9999.000,9999.000,9999.000,9999.000,9999.000,9999.000,9999.000
202603082136,   0.704,9999.000,9999.000,9999.000,9999.000,9999.000,9999.000,9999.000,9999.000
202603082142,   0.687,9999.000,9999.000,9999.000,9999.000,9999.000,9999.000,9999.000,9999.000
202603082148,   0.670,9999.000,9999.000,9999.000,9999.000,9999.000,9999.000,9999.000,9999.000
202603082154,   0.651,9999.000,9999.000,9999.000,9999.000,9999.000,9999.000,9999.000,9999.000
202603082200,   0.632,9999.000,   0.600,   0.028,   1.260,   0.600,   1.260,   0.700,   1.360
202603082206,   0.614,9999.000,9999.000,9999.000,9999.000,9999.000,9999.000,9999.000,9999.000
202603082212,   0.595,9999.000,9999.000,9999.000,9999.000,9999.000,9999.000,9999.000,9999.000
202603082218,   0.577,9999.000,9999.000,9999.000,9999.000,9999.000,9999.000,9999.000,9999.000
202603082224,   0.558,9999.000,9999.000,9999.000,9999.000,9999.000,9999.000,9999.000,9999.000
202603082230,   0.539,9999.000,9999.000,9999.000,9999.000,9999.000,9999.000,9999.000,9999.000
202603082236,   0.520,9999.000,9999.000,9999.000,9999.000,9999.000,9999.000,9999.000,9999.000
202603082242,   0.502,9999.000,9999.000,9999.000,9999.000,9999.000,9999.000,9999.000,9999.000
202603082248,   0.483,9999.000,9999.000,9999.000,9999.000,9999.000,9999.000,9999.000,9999.000
202603082254,   0.465,9999.000,9999.000,9999.000,9999.000,9999.000,9999.000,9999.000,9999.000
202603082300,   0.446,9999.000,   0.600,   0.028,   1.074,   0.600,   1.074,   0.700,   1.174
202603082306,   0.428,9999.000,9999.000,9999.000,9999.000,9999.000,9999.000,9999.000,9999.000
202603082312,   0.410,9999.000,9999.000,9999.000,9999.000,9999.000,9999.000,9999.000,9999.000
202603082318,   0.393,9999.000,9999.000,9999.000,9999.000,9999.000,9999.000,9999.000,9999.000
202603082324,   0.375,9999.000,9999.000,9999.000,9999.000,9999.000,9999.000,9999.000,9999.000
202603082330,   0.358,9999.000,9999.000,9999.000,9999.000,9999.000,9999.000,9999.000,9999.000
202603082336,   0.341,9999.000,9999.000,9999.000,9999.000,9999.000,9999.000,9999.000,9999.000
202603082342,   0.325,9999.000,9999.000,9999.000,9999.000,9999.000,9999.000,9999.000,9999.000
202603082348,   0.309,9999.000,9999.000,9999.000,9999.000,9999.000,9999.000,9999.000,9999.000
202603082354,   0.293,9999.000,9999.000,9999.000,9999.000,9999.000,9999.000,9999.000,9999.000
202603090000,   0.277,9999.000,   0.700,   0.028,   1.005,   0.600,   0.905,   0.700,   1.005
202603090006,   0.261,9999.000,9999.000,9999.000,9999.000,9999.000,9999.000,9999.000,9999.000
202603090012,   0.246,9999.000,9999.000,9999.000,9999.000,9999.000,9999.000,9999.000,9999.000
202603090018,   0.231,9999.000,9999.000,9999.000,9999.000,9999.000,9999.000,9999.000,9999.000
202603090024,   0.217,9999.000,9999.000,9999.000,9999.000,9999.000,9999.000,9999.000,9999.000
202603090030,   0.202,9999.000,9999.000,9999.000,9999.000,9999.000,9999.000,9999.000,9999.000
202603090036,   0.188,9999.000,9999.000,9999.000,9999.000,9999.000,9999.000,9999.000,9999.000
202603090042,   0.174,9999.000,9999.000,9999.000,9999.000,9999.000,9999.000,9999.000,9999.000
202603090048,   0.160,9999.000,9999.000,9999.000,9999.000,9999.000,9999.000,9999.000,9999.000
202603090054,   0.147,9999.000,9999.000,9999.000,9999.000,9999.000,9999.000,9999.000,9999.000
202603090100,   0.133,9999.000,   0.700,   0.028,   0.861,   0.600,   0.761,   0.700,   0.861
202603090106,   0.120,9999.000,9999.000,9999.000,9999.000,9999.000,9999.000,9999.000,9999.000
202603090112,   0.107,9999.000,9999.000,9999.000,9999.000,9999.000,9999.000,9999.000,9999.000
202603090118,   0.094,9999.000,9999.000,9999.000,9999.000,9999.000,9999.000,9999.000,9999.000
202603090124,   0.081,9999.000,9999.000,9999.000,9999.000,9999.000,9999.000,9999.000,9999.000
202603090130,   0.069,9999.000,9999.000,9999.000,9999.000,9999.000,9999.000,9999.000,9999.000
202603090136,   0.056,9999.000,9999.000,9999.000,9999.000,9999.000,9999.000,9999.000,9999.000
202603090142,   0.044,9999.000,9999.000,9999.000,9999.000,9999.000,9999.000,9999.000,9999.000
202603090148,   0.031,9999.000,9999.000,9999.000,9999.000,9999.000,9999.000,9999.000,9999.000
202603090154,   0.019,9999.000,9999.000,9999.000,9999.000,9999.000,9999.000,9999.000,9999.000
202603090200,   0.008,9999.000,   0.600,   0.028,   0.636,   0.600,   0.636,   0.700,   0.736
202603090206,  -0.003,9999.000,9999.000,9999.000,9999.000,9999.000,9999.000,9999.000,9999.000
202603090212,  -0.014,9999.000,9999.000,9999.000,9999.000,9999.000,9999.000,9999.000,9999.000
202603090218,  -0.025,9999.000,9999.000,9999.000,9999.000,9999.000,9999.000,9999.000,9999.000
202603090224,  -0.036,9999.000,9999.000,9999.000,9999.000,9999.000,9999.000,9999.000,9999.000
202603090230,  -0.047,9999.000,9999.000,9999.000,9999.000,9999.000,9999.000,9999.000,9999.000
202603090236,  -0.057,9999.000,9999.000,9999.000,9999.000,9999.000,9999.000,9999.000,9999.000
202603090242,  -0.067,9999.000,9999.000,9999.000,9999.000,9999.000,9999.000,9999.000,9999.000
202603090248,  -0.076,9999.000,9999.000,9999.000,9999.000,9999.000,9999.000,9999.000,9999.000
202603090254,  -0.086,9999.000,9999.000,9999.000,9999.000,9999.000,9999.000,9999.000,9999.000
202603090300,  -0.094,9999.000,   0.600,   0.028,   0.534,   0.600,   0.534,   0.700,   0.634
202603090306,  -0.103,9999.000,9999.000,9999.000,9999.000,9999.000,9999.000,9999.000,9999.000
202603090312,  -0.111,9999.000,9999.000,9999.000,9999.000,9999.000,9999.000,9999.000,9999.000
202603090318,  -0.118,9999.000,9999.000,9999.000,9999.000,9999.000,9999.000,9999.000,9999.000
202603090324,  -0.125,9999.000,9999.000,9999.000,9999.000,9999.000,9999.000,9999.000,9999.000
202603090330,  -0.132,9999.000,9999.000,9999.000,9999.000,9999.000,9999.000,9999.000,9999.000
202603090336,  -0.138,9999.000,9999.000,9999.000,9999.000,9999.000,9999.000,9999.000,9999.000
202603090342,  -0.144,9999.000,9999.000,9999.000,9999.000,9999.000,9999.000,9999.000,9999.000
202603090348,  -0.150,9999.000,9999.000,9999.000,9999.000,9999.000,9999.000,9999.000,9999.000
202603090354,  -0.155,9999.000,9999.000,9999.000,9999.000,9999.000,9999.000,9999.000,9999.000
202603090400,  -0.160,9999.000,   0.600,   0.028,   0.468,   0.600,   0.468,   0.700,   0.568
202603090406,  -0.164,9999.000,9999.000,9999.000,9999.000,9999.000,9999.000,9999.000,9999.000
202603090412,  -0.168,9999.000,9999.000,9999.000,9999.000,9999.000,9999.000,9999.000,9999.000
202603090418,  -0.172,9999.000,9999.000,9999.000,9999.000,9999.000,9999.000,9999.000,9999.000
202603090424,  -0.175,9999.000,9999.000,9999.000,9999.000,9999.000,9999.000,9999.000,9999.000
202603090430,  -0.178,9999.000,9999.000,9999.000,9999.000,9999.000,9999.000,9999.000,9999.000
202603090436,  -0.181,9999.000,9999.000,9999.000,9999.000,9999.000,9999.000,9999.000,9999.000
202603090442,  -0.183,9999.000,9999.000,9999.000,9999.000,9999.000,9999.000,9999.000,9999.000
202603090448,  -0.186,9999.000,9999.000,9999.000,9999.000,9999.000,9999.000,9999.000,9999.000
202603090454,  -0.188,9999.000,9999.000,9999.000,9999.000,9999.000,9999.000,9999.000,9999.000
202603090500,  -0.190,9999.000,   0.600,   0.028,   0.438,   0.600,   0.438,   0.700,   0.538
202603090506,  -0.192,9999.000,9999.000,9999.000,9999.000,9999.000,9999.000,9999.000,9999.000
202603090512,  -0.193,9999.000,9999.000,9999.000,9999.000,9999.000,9999.000,9999.000,9999.000
202603090518,  -0.195,9999.000,9999.000,9999.000,9999.000,9999.000,9999.000,9999.000,9999.000
202603090524,  -0.196,9999.000,9999.000,9999.000,9999.000,9999.000,9999.000,9999.000,9999.000
202603090530,  -0.197,9999.000,9999.000,9999.000,9999.000,9999.000,9999.000,9999.000,9999.000
202603090536,  -0.198,9999.000,9999.000,9999.000,9999.000,9999.000,9999.000,9999.000,9999.000
202603090542,  -0.199,9999.000,9999.000,9999.000,9999.000,9999.000,9999.000,9999.000,9999.000
202603090548,  -0.200,9999.000,9999.000,9999.000,9999.000,9999.000,9999.000,9999.000,9999.000
202603090554,  -0.200,9999.000,9999.000,9999.000,9999.000,9999.000,9999.000,9999.000,9999.000
202603090600,  -0.201,9999.000,   0.600,   0.028,   0.427,   0.500,   0.327,   0.700,   0.527
202603090606,  -0.201,9999.000,9999.000,9999.000,9999.000,9999.000,9999.000,9999.000,9999.000
202603090612,  -0.201,9999.000,9999.000,9999.000,9999.000,9999.000,9999.000,9999.000,9999.000
202603090618,  -0.200,9999.000,9999.000,9999.000,9999.000,9999.000,9999.000,9999.000,9999.000
202603090624,  -0.200,9999.000,9999.000,9999.000,9999.000,9999.000,9999.000,9999.000,9999.000
202603090630,  -0.199,9999.000,9999.000,9999.000,9999.000,9999.000,9999.000,9999.000,9999.000
202603090636,  -0.198,9999.000,9999.000,9999.000,9999.000,9999.000,9999.000,9999.000,9999.000
202603090642,  -0.197,9999.000,9999.000,9999.000,9999.000,9999.000,9999.000,9999.000,9999.000
202603090648,  -0.195,9999.000,9999.000,9999.000,9999.000,9999.000,9999.000,9999.000,9999.000
202603090654,  -0.193,9999.000,9999.000,9999.000,9999.000,9999.000,9999.000,9999.000,9999.000
202603090700,  -0.190,9999.000,   0.600,   0.028,   0.438,   0.600,   0.438,   0.700,   0.538
202603090706,  -0.187,9999.000,9999.000,9999.000,9999.000,9999.000,9999.000,9999.000,9999.000
202603090712,  -0.184,9999.000,9999.000,9999.000,9999.000,9999.000,9999.000,9999.000,9999.000
202603090718,  -0.180,9999.000,9999.000,9999.000,9999.000,9999.000,9999.000,9999.000,9999.000
202603090724,  -0.176,9999.000,9999.000,9999.000,9999.000,9999.000,9999.000,9999.000,9999.000
202603090730,  -0.172,9999.000,9999.000,9999.000,9999.000,9999.000,9999.000,9999.000,9999.000
202603090736,  -0.167,9999.000,9999.000,9999.000,9999.000,9999.000,9999.000,9999.000,9999.000
202603090742,  -0.162,9999.000,9999.000,9999.000,9999.000,9999.000,9999.000,9999.000,9999.000
202603090748,  -0.156,9999.000,9999.000,9999.000,9999.000,9999.000,9999.000,9999.000,9999.000
202603090754,  -0.150,9999.000,9999.000,9999.000,9999.000,9999.000,9999.000,9999.000,9999.000
202603090800,  -0.144,9999.000,   0.600,   0.028,   0.484,   0.600,   0.484,   0.700,   0.584
202603090806,  -0.137,9999.000,9999.000,9999.000,9999.000,9999.000,9999.000,9999.000,9999.000
202603090812,  -0.130,9999.000,9999.000,9999.000,9999.000,9999.000,9999.000,9999.000,9999.000
202603090818,  -0.122,9999.000,9999.000,9999.000,9999.000,9999.000,9999.000,9999.000,9999.000
202603090824,  -0.115,9999.000,9999.000,9999.000,9999.000,9999.000,9999.000,9999.000,9999.000
202603090830,  -0.107,9999.000,9999.000,9999.000,9999.000,9999.000,9999.000,9999.000,9999.000
202603090836,  -0.098,9999.000,9999.000,9999.000,9999.000,9999.000,9999.000,9999.000,9999.000
202603090842,  -0.090,9999.000,9999.000,9999.000,9999.000,9999.000,9999.000,9999.000,9999.000
202603090848,  -0.082,9999.000,9999.000,9999.000,9999.000,9999.000,9999.000,9999.000,9999.000
202603090854,  -0.073,9999.000,9999.000,9999.000,9999.000,9999.000,9999.000,9999.000,9999.000
202603090900,  -0.064,9999.000,   0.600,   0.028,   0.564,   0.600,   0.564,   0.700,   0.664
202603090906,  -0.055,9999.000,9999.000,9999.000,9999.000,9999.000,9999.000,9999.000,9999.000
202603090912,  -0.046,9999.000,9999.000,9999.000,9999.000,9999.000,9999.000,9999.000,9999.000
202603090918,  -0.037,9999.000,9999.000,9999.000,9999.000,9999.000,9999.000,9999.000,9999.000
202603090924,  -0.028,9999.000,9999.000,9999.000,9999.000,9999.000,9999.000,9999.000,9999.000
202603090930,  -0.019,9999.000,9999.000,9999.000,9999.000,9999.000,9999.000,9999.000,9999.000
202603090936,  -0.010,9999.000,9999.000,9999.000,9999.000,9999.000,9999.000,9999.000,9999.000
202603090942,  -0.001,9999.000,9999.000,9999.000,9999.000,9999.000,9999.000,9999.000,9999.000
202603090948,   0.007,9999.000,9999.000,9999.000,9999.000,9999.000,9999.000,9999.000,9999.000
202603090954,   0.016,9999.000,9999.000,9999.000,9999.000,9999.000,9999.000,9999.000,9999.000
202603091000,   0.025,9999.000,   0.600,   0.028,   0.653,   0.600,   0.653,   0.700,   0.753
202603091006,   0.034,9999.000,9999.000,9999.000,9999.000,9999.000,9999.000,9999.000,9999.000
202603091012,   0.043,9999.000,9999.000,9999.000,9999.000,9999.000,9999.000,9999.000,9999.000
202603091018,   0.052,9999.000,9999.000,9999.000,9999.000,9999.000,9999.000,9999.000,9999.000
202603091024,   0.061,9999.000,9999.000,9999.000,9999.000,9999.000,9999.000,9999.000,9999.000
202603091030,   0.070,9999.000,9999.000,9999.000,9999.000,9999.000,9999.000,9999.000,9999.000
202603091036,   0.080,9999.000,9999.000,9999.000,9999.000,9999.000,9999.000,9999.000,9999.000
202603091042,   0.089,9999.000,9999.000,9999.000,9999.000,9999.000,9999.000,9999.000,9999.000
202603091048,   0.099,9999.000,9999.000,9999.000,9999.000,9999.000,9999.000,9999.000,9999.000
202603091054,   0.109,9999.000,9999.000,9999.000,9999.000,9999.000,9999.000,9999.000,9999.000
202603091100,   0.119,9999.000,   0.600,   0.028,   0.747,   0.600,   0.747,   0.700,   0.847
202603091106,   0.129,9999.000,9999.000,9999.000,9999.000,9999.000,9999.000,9999.000,9999.000
202603091112,   0.139,9999.000,9999.000,9999.000,9999.000,9999.000,9999.000,9999.000,9999.000
202603091118,   0.150,9999.000,9999.000,9999.000,9999.000,9999.000,9999.000,9999.000,9999.000
202603091124,   0.161,9999.000,9999.000,9999.000,9999.000,9999.000,9999.000,9999.000,9999.000
202603091130,   0.172,9999.000,9999.000,9999.000,9999.000,9999.000,9999.000,9999.000,9999.000
202603091136,   0.184,9999.000,9999.000,9999.000,9999.000,9999.000,9999.000,9999.000,9999.000
202603091142,   0.196,9999.000,9999.000,9999.000,9999.000,9999.000,9999.000,9999.000,9999.000
202603091148,   0.208,9999.000,9999.000,9999.000,9999.000,9999.000,9999.000,9999.000,9999.000
202603091154,   0.220,9999.000,9999.000,9999.000,9999.000,9999.000,9999.000,9999.000,9999.000
202603091200,   0.233,9999.000,   0.600,   0.028,   0.861,   0.600,   0.861,   0.700,   0.961
202603091206,   0.246,9999.000,9999.000,9999.000,9999.000,9999.000,9999.000,9999.000,9999.000
202603091212,   0.260,9999.000,9999.000,9999.000,9999.000,9999.000,9999.000,9999.000,9999.000
202603091218,   0.274,9999.000,9999.000,9999.000,9999.000,9999.000,9999.000,9999.000,9999.000
202603091224,   0.288,9999.000,9999.000,9999.000,9999.000,9999.000,9999.000,9999.000,9999.000
202603091230,   0.302,9999.000,9999.000,9999.000,9999.000,9999.000,9999.000,9999.000,9999.000
202603091236,   0.317,9999.000,9999.000,9999.000,9999.000,9999.000,9999.000,9999.000,9999.000
202603091242,   0.331,9999.000,9999.000,9999.000,9999.000,9999.000,9999.000,9999.000,9999.000
202603091248,   0.346,9999.000,9999.000,9999.000,9999.000,9999.000,9999.000,9999.000,9999.000
202603091254,   0.362,9999.000,9999.000,9999.000,9999.000,9999.000,9999.000,9999.000,9999.000
202603091300,   0.377,9999.000,   0.600,   0.028,   1.005,   0.500,   0.905,   0.700,   1.105
202603091306,   0.392,9999.000,9999.000,9999.000,9999.000,9999.000,9999.000,9999.000,9999.000
202603091312,   0.408,9999.000,9999.000,9999.000,9999.000,9999.000,9999.000,9999.000,9999.000
202603091318,   0.424,9999.000,9999.000,9999.000,9999.000,9999.000,9999.000,9999.000,9999.000
202603091324,   0.440,9999.000,9999.000,9999.000,9999.000,9999.000,9999.000,9999.000,9999.000
202603091330,   0.455,9999.000,9999.000,9999.000,9999.000,9999.000,9999.000,9999.000,9999.000
202603091336,   0.471,9999.000,9999.000,9999.000,9999.000,9999.000,9999.000,9999.000,9999.000
202603091342,   0.487,9999.000,9999.000,9999.000,9999.000,9999.000,9999.000,9999.000,9999.000
202603091348,   0.503,9999.000,9999.000,9999.000,9999.000,9999.000,9999.000,9999.000,9999.000
202603091354,   0.519,9999.000,9999.000,9999.000,9999.000,9999.000,9999.000,9999.000,9999.000
202603091400,   0.535,9999.000,   0.600,   0.028,   1.163,   0.500,   1.063,   0.700,   1.263
202603091406,   0.551,9999.000,9999.000,9999.000,9999.000,9999.000,9999.000,9999.000,9999.000
202603091412,   0.567,9999.000,9999.000,9999.000,9999.000,9999.000,9999.000,9999.000,9999.000
202603091418,   0.583,9999.000,9999.000,9999.000,9999.000,9999.000,9999.000,9999.000,9999.000
202603091424,   0.599,9999.000,9999.000,9999.000,9999.000,9999.000,9999.000,9999.000,9999.000
202603091430,   0.615,9999.000,9999.000,9999.000,9999.000,9999.000,9999.000,9999.000,9999.000
202603091436,   0.630,9999.000,9999.000,9999.000,9999.000,9999.000,9999.000,9999.000,9999.000
202603091442,   0.646,9999.000,9999.000,9999.000,9999.000,9999.000,9999.000,9999.000,9999.000
202603091448,   0.662,9999.000,9999.000,9999.000,9999.000,9999.000,9999.000,9999.000,9999.000
202603091454,   0.678,9999.000,9999.000,9999.000,9999.000,9999.000,9999.000,9999.000,9999.000
202603091500,   0.694,9999.000,   0.600,   0.028,   1.322,   0.500,   1.222,   0.700,   1.422
202603091506,   0.710,9999.000,9999.000,9999.000,9999.000,9999.000,9999.000,9999.000,9999.000
202603091512,   0.726,9999.000,9999.000,9999.000,9999.000,9999.000,9999.000,9999.000,9999.000
202603091518,   0.741,9999.000,9999.000,9999.000,9999.000,9999.000,9999.000,9999.000,9999.000
202603091524,   0.757,9999.000,9999.000,9999.000,9999.000,9999.000,9999.000,9999.000,9999.000
202603091530,   0.773,9999.000,9999.000,9999.000,9999.000,9999.000,9999.000,9999.000,9999.000
202603091536,   0.789,9999.000,9999.000,9999.000,9999.000,9999.000,9999.000,9999.000,9999.000
202603091542,   0.805,9999.000,9999.000,9999.000,9999.000,9999.000,9999.000,9999.000,9999.000
202603091548,   0.820,9999.000,9999.000,9999.000,9999.000,9999.000,9999.000,9999.000,9999.000
202603091554,   0.836,9999.000,9999.000,9999.000,9999.000,9999.000,9999.000,9999.000,9999.000
202603091600,   0.852,9999.000,   0.600,   0.028,   1.480,   0.500,   1.380,   0.600,   1.480
202603091606,   0.867,9999.000,9999.000,9999.000,9999.000,9999.000,9999.000,9999.000,9999.000
202603091612,   0.882,9999.000,9999.000,9999.000,9999.000,9999.000,9999.000,9999.000,9999.000
202603091618,   0.897,9999.000,9999.000,9999.000,9999.000,9999.000,9999.000,9999.000,9999.000
202603091624,   0.912,9999.000,9999.000,9999.000,9999.000,9999.000,9999.000,9999.000,9999.000
202603091630,   0.926,9999.000,9999.000,9999.000,9999.000,9999.000,9999.000,9999.000,9999.000
202603091636,   0.940,9999.000,9999.000,9999.000,9999.000,9999.000,9999.000,9999.000,9999.000
202603091642,   0.954,9999.000,9999.000,9999.000,9999.000,9999.000,9999.000,9999.000,9999.000
202603091648,   0.967,9999.000,9999.000,9999.000,9999.000,9999.000,9999.000,9999.000,9999.000
202603091654,   0.980,9999.000,9999.000,9999.000,9999.000,9999.000,9999.000,9999.000,9999.000
202603091700,   0.993,9999.000,   0.600,   0.028,   1.621,   0.500,   1.521,   0.600,   1.621
202603091706,   1.005,9999.000,9999.000,9999.000,9999.000,9999.000,9999.000,9999.000,9999.000
202603091712,   1.016,9999.000,9999.000,9999.000,9999.000,9999.000,9999.000,9999.000,9999.000
202603091718,   1.027,9999.000,9999.000,9999.000,9999.000,9999.000,9999.000,9999.000,9999.000
202603091724,   1.037,9999.000,9999.000,9999.000,9999.000,9999.000,9999.000,9999.000,9999.000
202603091730,   1.046,9999.000,9999.000,9999.000,9999.000,9999.000,9999.000,9999.000,9999.000
202603091736,   1.055,9999.000,9999.000,9999.000,9999.000,9999.000,9999.000,9999.000,9999.000
202603091742,   1.063,9999.000,9999.000,9999.000,9999.000,9999.000,9999.000,9999.000,9999.000
202603091748,   1.070,9999.000,9999.000,9999.000,9999.000,9999.000,9999.000,9999.000,9999.000
202603091754,   1.076,9999.000,9999.000,9999.000,9999.000,9999.000,9999.000,9999.000,9999.000
202603091800,   1.082,9999.000,   0.500,   0.028,   1.610,   0.500,   1.610,   0.600,   1.710
202603091806,   1.087,9999.000,9999.000,9999.000,9999.000,9999.000,9999.000,9999.000,9999.000
202603091812,   1.091,9999.000,9999.000,9999.000,9999.000,9999.000,9999.000,9999.000,9999.000
202603091818,   1.094,9999.000,9999.000,9999.000,9999.000,9999.000,9999.000,9999.000,9999.000
202603091824,   1.097,9999.000,9999.000,9999.000,9999.000,9999.000,9999.000,9999.000,9999.000
202603091830,   1.098,9999.000,9999.000,9999.000,9999.000,9999.000,9999.000,9999.000,9999.000
202603091836,   1.099,9999.000,9999.000,9999.000,9999.000,9999.000,9999.000,9999.000,9999.000
202603091842,   1.099,9999.000,9999.000,9999.000,9999.000,9999.000,9999.000,9999.000,9999.000
202603091848,   1.099,9999.000,9999.000,9999.000,9999.000,9999.000,9999.000,9999.000,9999.000
202603091854,   1.098,9999.000,9999.000,9999.000,9999.000,9999.000,9999.000,9999.000,9999.000
202603091900,   1.096,9999.000,   0.600,   0.028,   1.724,   0.500,   1.624,   0.600,   1.724
202603091906,   1.093,9999.000,9999.000,9999.000,9999.000,9999.000,9999.000,9999.000,9999.000
202603091912,   1.090,9999.000,9999.000,9999.000,9999.000,9999.000,9999.000,9999.000,9999.000
202603091918,   1.087,9999.000,9999.000,9999.000,9999.000,9999.000,9999.000,9999.000,9999.000
202603091924,   1.082,9999.000,9999.000,9999.000,9999.000,9999.000,9999.000,9999.000,9999.000
202603091930,   1.077,9999.000,9999.000,9999.000,9999.000,9999.000,9999.000,9999.000,9999.000
202603091936,   1.072,9999.000,9999.000,9999.000,9999.000,9999.000,9999.000,9999.000,9999.000
202603091942,   1.066,9999.000,9999.000,9999.000,9999.000,9999.000,9999.000,9999.000,9999.000
202603091948,   1.060,9999.000,9999.000,9999.000,9999.000,9999.000,9999.000,9999.000,9999.000
202603091954,   1.053,9999.000,9999.000,9999.000,9999.000,9999.000,9999.000,9999.000,9999.000
202603092000,   1.046,9999.000,   0.600,   0.028,   1.674,   0.500,   1.574,   0.700,   1.774
202603092006,   1.039,9999.000,9999.000,9999.000,9999.000,9999.000,9999.000,9999.000,9999.000
202603092012,   1.031,9999.000,9999.000,9999.000,9999.000,9999.000,9999.000,9999.000,9999.000
202603092018,   1.022,9999.000,9999.000,9999.000,9999.000,9999.000,9999.000,9999.000,9999.000
202603092024,   1.014,9999.000,9999.000,9999.000,9999.000,9999.000,9999.000,9999.000,9999.000
202603092030,   1.005,9999.000,9999.000,9999.000,9999.000,9999.000,9999.000,9999.000,9999.000
202603092036,   0.995,9999.000,9999.000,9999.000,9999.000,9999.000,9999.000,9999.000,9999.000
202603092042,   0.985,9999.000,9999.000,9999.000,9999.000,9999.000,9999.000,9999.000,9999.000
202603092048,   0.975,9999.000,9999.000,9999.000,9999.000,9999.000,9999.000,9999.000,9999.000
202603092054,   0.964,9999.000,9999.000,9999.000,9999.000,9999.000,9999.000,9999.000,9999.000
202603092100,   0.953,9999.000,   0.600,   0.028,   1.581,   0.500,   1.481,   0.700,   1.681
202603092106,   0.942,9999.000,9999.000,9999.000,9999.000,9999.000,9999.000,9999.000,9999.000
202603092112,   0.930,9999.000,9999.000,9999.000,9999.000,9999.000,9999.000,9999.000,9999.000
202603092118,   0.918,9999.000,9999.000,9999.000,9999.000,9999.000,9999.000,9999.000,9999.000
202603092124,   0.905,9999.000,9999.000,9999.000,9999.000,9999.000,9999.000,9999.000,9999.000
202603092130,   0.892,9999.000,9999.000,9999.000,9999.000,9999.000,9999.000,9999.000,9999.000
202603092136,   0.878,9999.000,9999.000,9999.000,9999.000,9999.000,9999.000,9999.000,9999.000
202603092142,   0.864,9999.000,9999.000,9999.000,9999.000,9999.000,9999.000,9999.000,9999.000
202603092148,   0.850,9999.000,9999.000,9999.000,9999.000,9999.000,9999.000,9999.000,9999.000
202603092154,   0.835,9999.000,9999.000,9999.000,9999.000,9999.000,9999.000,9999.000,9999.000
202603092200,   0.820,9999.000,   0.600,   0.028,   1.448,   0.500,   1.348,   0.600,   1.448
202603092206,   0.804,9999.000,9999.000,9999.000,9999.000,9999.000,9999.000,9999.000,9999.000
202603092212,   0.788,9999.000,9999.000,9999.000,9999.000,9999.000,9999.000,9999.000,9999.000
202603092218,   0.772,9999.000,9999.000,9999.000,9999.000,9999.000,9999.000,9999.000,9999.000
202603092224,   0.755,9999.000,9999.000,9999.000,9999.000,9999.000,9999.000,9999.000,9999.000
202603092230,   0.739,9999.000,9999.000,9999.000,9999.000,9999.000,9999.000,9999.000,9999.000
202603092236,   0.721,9999.000,9999.000,9999.000,9999.000,9999.000,9999.000,9999.000,9999.000
202603092242,   0.704,9999.000,9999.000,9999.000,9999.000,9999.000,9999.000,9999.000,9999.000
202603092248,   0.686,9999.000,9999.000,9999.000,9999.000,9999.000,9999.000,9999.000,9999.000
202603092254,   0.668,9999.000,9999.000,9999.000,9999.000,9999.000,9999.000,9999.000,9999.000
202603092300,   0.650,9999.000,   0.600,   0.028,   1.278,   0.500,   1.178,   0.600,   1.278
202603092306,   0.632,9999.000,9999.000,9999.000,9999.000,9999.000,9999.000,9999.000,9999.000
202603092312,   0.614,9999.000,9999.000,9999.000,9999.000,9999.000,9999.000,9999.000,9999.000
202603092318,   0.596,9999.000,9999.000,9999.000,9999.000,9999.000,9999.000,9999.000,9999.000
202603092324,   0.578,9999.000,9999.000,9999.000,9999.000,9999.000,9999.000,9999.000,9999.000
202603092330,   0.559,9999.000,9999.000,9999.000,9999.000,9999.000,9999.000,9999.000,9999.000
202603092336,   0.541,9999.000,9999.000,9999.000,9999.000,9999.000,9999.000,9999.000,9999.000
202603092342,   0.523,9999.000,9999.000,9999.000,9999.000,9999.000,9999.000,9999.000,9999.000
202603092348,   0.505,9999.000,9999.000,9999.000,9999.000,9999.000,9999.000,9999.000,9999.000
202603092354,   0.488,9999.000,9999.000,9999.000,9999.000,9999.000,9999.000,9999.000,9999.000
202603100000,   0.470,9999.000,   0.600,   0.028,   1.098,   0.600,   1.098,   0.700,   1.198
202603100006,   0.452,9999.000,9999.000,9999.000,9999.000,9999.000,9999.000,9999.000,9999.000
202603100012,   0.435,9999.000,9999.000,9999.000,9999.000,9999.000,9999.000,9999.000,9999.000
202603100018,   0.418,9999.000,9999.000,9999.000,9999.000,9999.000,9999.000,9999.000,9999.000
202603100024,   0.401,9999.000,9999.000,9999.000,9999.000,9999.000,9999.000,9999.000,9999.000
202603100030,   0.385,9999.000,9999.000,9999.000,9999.000,9999.000,9999.000,9999.000,9999.000
202603100036,   0.368,9999.000,9999.000,9999.000,9999.000,9999.000,9999.000,9999.000,9999.000
202603100042,   0.352,9999.000,9999.000,9999.000,9999.000,9999.000,9999.000,9999.000,9999.000
202603100048,   0.336,9999.000,9999.000,9999.000,9999.000,9999.000,9999.000,9999.000,9999.000
202603100054,   0.320,9999.000,9999.000,9999.000,9999.000,9999.000,9999.000,9999.000,9999.000
202603100100,   0.304,9999.000,   0.600,   0.028,   0.932,   0.600,   0.932,   0.700,   1.032
202603100106,   0.289,9999.000,9999.000,9999.000,9999.000,9999.000,9999.000,9999.000,9999.000
202603100112,   0.273,9999.000,9999.000,9999.000,9999.000,9999.000,9999.000,9999.000,9999.000
202603100118,   0.258,9999.000,9999.000,9999.000,9999.000,9999.000,9999.000,9999.000,9999.000
202603100124,   0.243,9999.000,9999.000,9999.000,9999.000,9999.000,9999.000,9999.000,9999.000
202603100130,   0.228,9999.000,9999.000,9999.000,9999.000,9999.000,9999.000,9999.000,9999.000
202603100136,   0.213,9999.000,9999.000,9999.000,9999.000,9999.000,9999.000,9999.000,9999.000
202603100142,   0.198,9999.000,9999.000,9999.000,9999.000,9999.000,9999.000,9999.000,9999.000
202603100148,   0.183,9999.000,9999.000,9999.000,9999.000,9999.000,9999.000,9999.000,9999.000
202603100154,   0.168,9999.000,9999.000,9999.000,9999.000,9999.000,9999.000,9999.000,9999.000
202603100200,   0.154,9999.000,   0.600,   0.028,   0.782,   0.500,   0.682,   0.600,   0.782
202603100206,   0.139,9999.000,9999.000,9999.000,9999.000,9999.000,9999.000,9999.000,9999.000
202603100212,   0.125,9999.000,9999.000,9999.000,9999.000,9999.000,9999.000,9999.000,9999.000
202603100218,   0.110,9999.000,9999.000,9999.000,9999.000,9999.000,9999.000,9999.000,9999.000
202603100224,   0.096,9999.000,9999.000,9999.000,9999.000,9999.000,9999.000,9999.000,9999.000
202603100230,   0.082,9999.000,9999.000,9999.000,9999.000,9999.000,9999.000,9999.000,9999.000
202603100236,   0.067,9999.000,9999.000,9999.000,9999.000,9999.000,9999.000,9999.000,9999.000
202603100242,   0.053,9999.000,9999.000,9999.000,9999.000,9999.000,9999.000,9999.000,9999.000
202603100248,   0.039,9999.000,9999.000,9999.000,9999.000,9999.000,9999.000,9999.000,9999.000
202603100254,   0.025,9999.000,9999.000,9999.000,9999.000,9999.000,9999.000,9999.000,9999.000
202603100300,   0.012,9999.000,   0.600,   0.028,   0.640,   0.500,   0.540,   0.600,   0.640
202603100306,  -0.001,9999.000,9999.000,9999.000,9999.000,9999.000,9999.000,9999.000,9999.000
202603100312,  -0.014,9999.000,9999.000,9999.000,9999.000,9999.000,9999.000,9999.000,9999.000
202603100318,  -0.027,9999.000,9999.000,9999.000,9999.000,9999.000,9999.000,9999.000,9999.000
202603100324,  -0.040,9999.000,9999.000,9999.000,9999.000,9999.000,9999.000,9999.000,9999.000
202603100330,  -0.052,9999.000,9999.000,9999.000,9999.000,9999.000,9999.000,9999.000,9999.000
202603100336,  -0.064,9999.000,9999.000,9999.000,9999.000,9999.000,9999.000,9999.000,9999.000
202603100342,  -0.076,9999.000,9999.000,9999.000,9999.000,9999.000,9999.000,9999.000,9999.000
202603100348,  -0.088,9999.000,9999.000,9999.000,9999.000,9999.000,9999.000,9999.000,9999.000
202603100354,  -0.099,9999.000,9999.000,9999.000,9999.000,9999.000,9999.000,9999.000,9999.000
202603100400,  -0.110,9999.000,   0.600,   0.028,   0.518,   0.500,   0.418,   0.600,   0.518
202603100406,  -0.120,9999.000,9999.000,9999.000,9999.000,9999.000,9999.000,9999.000,9999.000
202603100412,  -0.130,9999.000,9999.000,9999.000,9999.000,9999.000,9999.000,9999.000,9999.000
202603100418,  -0.139,9999.000,9999.000,9999.000,9999.000,9999.000,9999.000,9999.000,9999.000
202603100424,  -0.148,9999.000,9999.000,9999.000,9999.000,9999.000,9999.000,9999.000,9999.000
202603100430,  -0.157,9999.000,9999.000,9999.000,9999.000,9999.000,9999.000,9999.000,9999.000
202603100436,  -0.165,9999.000,9999.000,9999.000,9999.000,9999.000,9999.000,9999.000,9999.000
202603100442,  -0.173,9999.000,9999.000,9999.000,9999.000,9999.000,9999.000,9999.000,9999.000
202603100448,  -0.181,9999.000,9999.000,9999.000,9999.000,9999.000,9999.000,9999.000,9999.000
202603100454,  -0.188,9999.000,9999.000,9999.000,9999.000,9999.000,9999.000,9999.000,9999.000
202603100500,  -0.195,9999.000,   0.500,   0.028,   0.333,   0.500,   0.333,   0.600,   0.433
202603100506,  -0.201,9999.000,9999.000,9999.000,9999.000,9999.000,9999.000,9999.000,9999.000
202603100512,  -0.207,9999.000,9999.000,9999.000,9999.000,9999.000,9999.000,9999.000,9999.000
202603100518,  -0.213,9999.000,9999.000,9999.000,9999.000,9999.000,9999.000,9999.000,9999.000
202603100524,  -0.219,9999.000,9999.000,9999.000,9999.000,9999.000,9999.000,9999.000,9999.000
202603100530,  -0.224,9999.000,9999.000,9999.000,9999.000,9999.000,9999.000,9999.000,9999.000
202603100536,  -0.229,9999.000,9999.000,9999.000,9999.000,9999.000,9999.000,9999.000,9999.000
202603100542,  -0.234,9999.000,9999.000,9999.000,9999.000,9999.000,9999.000,9999.000,9999.000
202603100548,  -0.238,9999.000,9999.000,9999.000,9999.000,9999.000,9999.000,9999.000,9999.000
202603100554,  -0.243,9999.000,9999.000,9999.000,9999.000,9999.000,9999.000,9999.000,9999.000
202603100600,  -0.247,9999.000,   0.500,   0.028,   0.281,   0.500,   0.281,   0.600,   0.381
202603100606,  -0.251,9999.000,9999.000,9999.000,9999.000,9999.000,9999.000,9999.000,9999.000
202603100612,  -0.254,9999.000,9999.000,9999.000,9999.000,9999.000,9999.000,9999.000,9999.000
202603100618,  -0.258,9999.000,9999.000,9999.000,9999.000,9999.000,9999.000,9999.000,9999.000
202603100624,  -0.261,9999.000,9999.000,9999.000,9999.000,9999.000,9999.000,9999.000,9999.000
202603100630,  -0.264,9999.000,9999.000,9999.000,9999.000,9999.000,9999.000,9999.000,9999.000
202603100636,  -0.267,9999.000,9999.000,9999.000,9999.000,9999.000,9999.000,9999.000,9999.000
202603100642,  -0.270,9999.000,9999.000,9999.000,9999.000,9999.000,9999.000,9999.000,9999.000
202603100648,  -0.272,9999.000,9999.000,9999.000,9999.000,9999.000,9999.000,9999.000,9999.000
202603100654,  -0.275,9999.000,9999.000,9999.000,9999.000,9999.000,9999.000,9999.000,9999.000
202603100700,  -0.276,9999.000,   0.500,   0.028,   0.252,   0.500,   0.252,   0.600,   0.352
202603100706,  -0.278,9999.000,9999.000,9999.000,9999.000,9999.000,9999.000,9999.000,9999.000
202603100712,  -0.279,9999.000,9999.000,9999.000,9999.000,9999.000,9999.000,9999.000,9999.000
202603100718,  -0.280,9999.000,9999.000,9999.000,9999.000,9999.000,9999.000,9999.000,9999.000
202603100724,  -0.281,9999.000,9999.000,9999.000,9999.000,9999.000,9999.000,9999.000,9999.000
202603100730,  -0.281,9999.000,9999.000,9999.000,9999.000,9999.000,9999.000,9999.000,9999.000
202603100736,  -0.281,9999.000,9999.000,9999.000,9999.000,9999.000,9999.000,9999.000,9999.000
202603100742,  -0.280,9999.000,9999.000,9999.000,9999.000,9999.000,9999.000,9999.000,9999.000
202603100748,  -0.279,9999.000,9999.000,9999.000,9999.000,9999.000,9999.000,9999.000,9999.000
202603100754,  -0.277,9999.000,9999.000,9999.000,9999.000,9999.000,9999.000,9999.000,9999.000
202603100800,  -0.275,9999.000,   0.600,   0.028,   0.353,   0.500,   0.253,   0.600,   0.353
202603100806,  -0.272,9999.000,9999.000,9999.000,9999.000,9999.000,9999.000,9999.000,9999.000
202603100812,  -0.269,9999.000,9999.000,9999.000,9999.000,9999.000,9999.000,9999.000,9999.000
202603100818,  -0.265,9999.000,9999.000,9999.000,9999.000,9999.000,9999.000,9999.000,9999.000
202603100824,  -0.260,9999.000,9999.000,9999.000,9999.000,9999.000,9999.000,9999.000,9999.000
202603100830,  -0.255,9999.000,9999.000,9999.000,9999.000,9999.000,9999.000,9999.000,9999.000
202603100836,  -0.250,9999.000,9999.000,9999.000,9999.000,9999.000,9999.000,9999.000,9999.000
202603100842,  -0.244,9999.000,9999.000,9999.000,9999.000,9999.000,9999.000,9999.000,9999.000
202603100848,  -0.238,9999.000,9999.000,9999.000,9999.000,9999.000,9999.000,9999.000,9999.000
202603100854,  -0.231,9999.000,9999.000,9999.000,9999.000,9999.000,9999.000,9999.000,9999.000
202603100900,  -0.223,9999.000,   0.500,   0.028,   0.305,   0.500,   0.305,   0.600,   0.405
202603100906,  -0.215,9999.000,9999.000,9999.000,9999.000,9999.000,9999.000,9999.000,9999.000
202603100912,  -0.207,9999.000,9999.000,9999.000,9999.000,9999.000,9999.000,9999.000,9999.000
202603100918,  -0.198,9999.000,9999.000,9999.000,9999.000,9999.000,9999.000,9999.000,9999.000
202603100924,  -0.189,9999.000,9999.000,9999.000,9999.000,9999.000,9999.000,9999.000,9999.000
202603100930,  -0.179,9999.000,9999.000,9999.000,9999.000,9999.000,9999.000,9999.000,9999.000
202603100936,  -0.170,9999.000,9999.000,9999.000,9999.000,9999.000,9999.000,9999.000,9999.000
202603100942,  -0.160,9999.000,9999.000,9999.000,9999.000,9999.000,9999.000,9999.000,9999.000
202603100948,  -0.149,9999.000,9999.000,9999.000,9999.000,9999.000,9999.000,9999.000,9999.000
202603100954,  -0.139,9999.000,9999.000,9999.000,9999.000,9999.000,9999.000,9999.000,9999.000
202603101000,  -0.128,9999.000,   0.500,   0.028,   0.400,   0.500,   0.400,   0.600,   0.500
202603101006,  -0.117,9999.000,9999.000,9999.000,9999.000,9999.000,9999.000,9999.000,9999.000
202603101012,  -0.106,9999.000,9999.000,9999.000,9999.000,9999.000,9999.000,9999.000,9999.000
202603101018,  -0.095,9999.000,9999.000,9999.000,9999.000,9999.000,9999.000,9999.000,9999.000
202603101024,  -0.084,9999.000,9999.000,9999.000,9999.000,9999.000,9999.000,9999.000,9999.000
202603101030,  -0.072,9999.000,9999.000,9999.000,9999.000,9999.000,9999.000,9999.000,9999.000
202603101036,  -0.061,9999.000,9999.000,9999.000,9999.000,9999.000,9999.000,9999.000,9999.000
202603101042,  -0.049,9999.000,9999.000,9999.000,9999.000,9999.000,9999.000,9999.000,9999.000
202603101048,  -0.038,9999.000,9999.000,9999.000,9999.000,9999.000,9999.000,9999.000,9999.000
202603101054,  -0.026,9999.000,9999.000,9999.000,9999.000,9999.000,9999.000,9999.000,9999.000
202603101100,  -0.015,9999.000,   0.500,   0.028,   0.513,   0.500,   0.513,   0.600,   0.613
202603101106,  -0.003,9999.000,9999.000,9999.000,9999.000,9999.000,9999.000,9999.000,9999.000
202603101112,   0.008,9999.000,9999.000,9999.000,9999.000,9999.000,9999.000,9999.000,9999.000
202603101118,   0.020,9999.000,9999.000,9999.000,9999.000,9999.000,9999.000,9999.000,9999.000
202603101124,   0.032,9999.000,9999.000,9999.000,9999.000,9999.000,9999.000,9999.000,9999.000
202603101130,   0.044,9999.000,9999.000,9999.000,9999.000,9999.000,9999.000,9999.000,9999.000
202603101136,   0.057,9999.000,9999.000,9999.000,9999.000,9999.000,9999.000,9999.000,9999.000
202603101142,   0.069,9999.000,9999.000,9999.000,9999.000,9999.000,9999.000,9999.000,9999.000
202603101148,   0.082,9999.000,9999.000,9999.000,9999.000,9999.000,9999.000,9999.000,9999.000
202603101154,   0.095,9999.000,9999.000,9999.000,9999.000,9999.000,9999.000,9999.000,9999.000
202603101200,   0.108,9999.000,   0.500,   0.028,   0.636,   0.500,   0.636,   0.600,   0.736
