        TIME,    TIDE,      OB,   SURGE,    BIAS,     TWL,SURGE90p,  TWL90p,SURGE10p,   TWL10p
202605030000,   0.501,   0.898,   0.600,  -0.203,   0.898,   0.600,   0.898,   0.700,   0.998
202605030006,   0.475,9999.000,9999.000,9999.000,9999.000,9999.000,9999.000,9999.000,9999.000
202605030012,   0.450,   0.849,9999.000,9999.000,9999.000,9999.000,9999.000,9999.000,9999.000
202605030018,   0.424,9999.000,9999.000,9999.000,9999.000,9999.000,9999.000,9999.000,9999.000
202605030024,   0.400,   0.819,9999.000,9999.000,9999.000,9999.000,9999.000,9999.000,9999.000
202605030030,   0.375,9999.000,9999.000,9999.000,9999.000,9999.000,9999.000,9999.000,9999.000
202605030036,   0.351,   0.770,9999.000,9999.000,9999.000,9999.000,9999.000,9999.000,9999.000
202605030042,   0.328,9999.000,9999.000,9999.000,9999.000,9999.000,9999.000,9999.000,9999.000
202605030048,   0.305,   0.718,9999.000,9999.000,9999.000,9999.000,9999.000,9999.000,9999.000
202605030054,   0.283,9999.000,9999.000,9999.000,9999.000,9999.000,9999.000,9999.000,9999.000
202605030100,   0.262,   0.688,   0.600,  -0.174,   0.688,   0.500,   0.588,   0.700,   0.788
202605030106,   0.241,   0.678,9999.000,9999.000,9999.000,9999.000,9999.000,9999.000,9999.000
202605030112,   0.221,   0.669,9999.000,9999.000,9999.000,9999.000,9999.000,9999.000,9999.000
202605030118,   0.202,   0.639,9999.000,9999.000,9999.000,9999.000,9999.000,9999.000,9999.000
202605030124,   0.183,   0.610,9999.000,9999.000,9999.000,9999.000,9999.000,9999.000,9999.000
202605030130,   0.166,   0.610,9999.000,9999.000,9999.000,9999.000,9999.000,9999.000,9999.000
202605030136,   0.149,   0.590,9999.000,9999.000,9999.000,9999.000,9999.000,9999.000,9999.000
202605030142,   0.133,   0.580,9999.000,9999.000,9999.000,9999.000,9999.000,9999.000,9999.000
202605030148,   0.118,   0.560,9999.000,9999.000,9999.000,9999.000,9999.000,9999.000,9999.000
202605030154,   0.104,   0.551,9999.000,9999.000,9999.000,9999.000,9999.000,9999.000,9999.000
202605030200,   0.091,   0.541,   0.600,  -0.150,   0.541,   0.500,   0.441,   0.600,   0.541
202605030206,   0.079,   0.531,9999.000,9999.000,9999.000,9999.000,9999.000,9999.000,9999.000
202605030212,   0.068,   0.498,9999.000,9999.000,9999.000,9999.000,9999.000,9999.000,9999.000
202605030218,   0.058,   0.488,9999.000,9999.000,9999.000,9999.000,9999.000,9999.000,9999.000
202605030224,   0.049,   0.478,9999.000,9999.000,9999.000,9999.000,9999.000,9999.000,9999.000
202605030230,   0.041,   0.459,9999.000,9999.000,9999.000,9999.000,9999.000,9999.000,9999.000
202605030236,   0.034,   0.439,9999.000,9999.000,9999.000,9999.000,9999.000,9999.000,9999.000
202605030242,   0.028,   0.439,9999.000,9999.000,9999.000,9999.000,9999.000,9999.000,9999.000
202605030248,   0.024,   0.419,9999.000,9999.000,9999.000,9999.000,9999.000,9999.000,9999.000
202605030254,   0.020,   0.419,9999.000,9999.000,9999.000,9999.000,9999.000,9999.000,9999.000
202605030300,   0.018,   0.400,   0.600,  -0.218,   0.400,   0.500,   0.300,   0.600,   0.400
202605030306,   0.017,   0.380,9999.000,9999.000,9999.000,9999.000,9999.000,9999.000,9999.000
202605030312,   0.016,   0.370,9999.000,9999.000,9999.000,9999.000,9999.000,9999.000,9999.000
202605030318,   0.017,   0.360,9999.000,9999.000,9999.000,9999.000,9999.000,9999.000,9999.000
202605030324,   0.019,   0.360,9999.000,9999.000,9999.000,9999.000,9999.000,9999.000,9999.000
202605030330,   0.021,   0.331,9999.000,9999.000,9999.000,9999.000,9999.000,9999.000,9999.000
202605030336,   0.025,   0.341,9999.000,9999.000,9999.000,9999.000,9999.000,9999.000,9999.000
202605030342,   0.030,   0.331,9999.000,9999.000,9999.000,9999.000,9999.000,9999.000,9999.000
202605030348,   0.035,   0.341,9999.000,9999.000,9999.000,9999.000,9999.000,9999.000,9999.000
202605030354,   0.041,   0.321,9999.000,9999.000,9999.000,9999.000,9999.000,9999.000,9999.000
202605030400,   0.048,   0.321,   0.600,  -0.327,   0.321,   0.500,   0.221,   0.600,   0.321
202605030406,   0.056,   0.308,9999.000,9999.000,9999.000,9999.000,9999.000,9999.000,9999.000
202605030412,   0.064,   0.308,9999.000,9999.000,9999.000,9999.000,9999.000,9999.000,9999.000
202605030418,   0.073,   0.308,9999.000,9999.000,9999.000,9999.000,9999.000,9999.000,9999.000
202605030424,   0.083,   0.298,9999.000,9999.000,9999.000,9999.000,9999.000,9999.000,9999.000
202605030430,   0.093,   0.308,9999.000,9999.000,9999.000,9999.000,9999.000,9999.000,9999.000
202605030436,   0.104,   0.308,9999.000,9999.000,9999.000,9999.000,9999.000,9999.000,9999.000
202605030442,   0.115,   0.298,9999.000,9999.000,9999.000,9999.000,9999.000,9999.000,9999.000
202605030448,   0.126,   0.288,9999.000,9999.000,9999.000,9999.000,9999.000,9999.000,9999.000
202605030454,   0.138,   0.308,9999.000,9999.000,9999.000,9999.000,9999.000,9999.000,9999.000
202605030500,   0.150,   0.308,   0.600,  -0.442,   0.308,   0.500,   0.208,   0.600,   0.308
202605030506,   0.163,   0.298,9999.000,9999.000,9999.000,9999.000,9999.000,9999.000,9999.000
202605030512,   0.175,   0.298,9999.000,9999.000,9999.000,9999.000,9999.000,9999.000,9999.000
202605030518,   0.188,   0.288,9999.000,9999.000,9999.000,9999.000,9999.000,9999.000,9999.000
202605030524,   0.201,   0.288,9999.000,9999.000,9999.000,9999.000,9999.000,9999.000,9999.000
202605030530,   0.214,   0.278,9999.000,9999.000,9999.000,9999.000,9999.000,9999.000,9999.000
202605030536,   0.228,   0.278,9999.000,9999.000,9999.000,9999.000,9999.000,9999.000,9999.000
202605030542,   0.241,   0.278,9999.000,9999.000,9999.000,9999.000,9999.000,9999.000,9999.000
202605030548,   0.254,   0.268,9999.000,9999.000,9999.000,9999.000,9999.000,9999.000,9999.000
202605030554,   0.268,   0.259,9999.000,9999.000,9999.000,9999.000,9999.000,9999.000,9999.000
202605030600,   0.282,   0.239,   0.500,  -0.543,   0.239,   0.400,   0.139,   0.500,   0.239
202605030606,   0.295,   0.249,9999.000,9999.000,9999.000,9999.000,9999.000,9999.000,9999.000
202605030612,   0.309,   0.268,9999.000,9999.000,9999.000,9999.000,9999.000,9999.000,9999.000
202605030618,   0.323,   0.259,9999.000,9999.000,9999.000,9999.000,9999.000,9999.000,9999.000
202605030624,   0.337,   0.259,9999.000,9999.000,9999.000,9999.000,9999.000,9999.000,9999.000
202605030630,   0.351,   0.259,9999.000,9999.000,9999.000,9999.000,9999.000,9999.000,9999.000
202605030636,   0.365,   0.268,9999.000,9999.000,9999.000,9999.000,9999.000,9999.000,9999.000
202605030642,   0.380,   0.268,9999.000,9999.000,9999.000,9999.000,9999.000,9999.000,9999.000
202605030648,   0.394,   0.278,9999.000,9999.000,9999.000,9999.000,9999.000,9999.000,9999.000
202605030654,   0.409,   0.308,9999.000,9999.000,9999.000,9999.000,9999.000,9999.000,9999.000
202605030700,   0.424,   0.331,   0.500,  -0.593,   0.331,   0.400,   0.231,   0.500,   0.331
202605030706,   0.439,   0.350,9999.000,9999.000,9999.000,9999.000,9999.000,9999.000,9999.000
202605030712,   0.455,   0.360,9999.000,9999.000,9999.000,9999.000,9999.000,9999.000,9999.000
202605030718,   0.470,   0.400,9999.000,9999.000,9999.000,9999.000,9999.000,9999.000,9999.000
202605030724,   0.486,   0.429,9999.000,9999.000,9999.000,9999.000,9999.000,9999.000,9999.000
202605030730,   0.502,   0.459,9999.000,9999.000,9999.000,9999.000,9999.000,9999.000,9999.000
202605030736,   0.519,   0.508,9999.000,9999.000,9999.000,9999.000,9999.000,9999.000,9999.000
202605030742,   0.536,   0.541,9999.000,9999.000,9999.000,9999.000,9999.000,9999.000,9999.000
202605030748,   0.553,   0.551,9999.000,9999.000,9999.000,9999.000,9999.000,9999.000,9999.000
202605030754,   0.570,   0.570,9999.000,9999.000,9999.000,9999.000,9999.000,9999.000,9999.000
202605030800,   0.588,   0.610,   0.500,  -0.478,   0.610,   0.400,   0.510,   0.500,   0.610
202605030806,   0.606,   0.659,9999.000,9999.000,9999.000,9999.000,9999.000,9999.000,9999.000
202605030812,   0.624,   0.708,9999.000,9999.000,9999.000,9999.000,9999.000,9999.000,9999.000
202605030818,   0.643,   0.760,9999.000,9999.000,9999.000,9999.000,9999.000,9999.000,9999.000
202605030824,   0.661,   0.800,9999.000,9999.000,9999.000,9999.000,9999.000,9999.000,9999.000
202605030830,   0.680,   0.849,9999.000,9999.000,9999.000,9999.000,9999.000,9999.000,9999.000
202605030836,   0.700,   0.908,9999.000,9999.000,9999.000,9999.000,9999.000,9999.000,9999.000
202605030842,   0.719,   0.961,9999.000,9999.000,9999.000,9999.000,9999.000,9999.000,9999.000
202605030848,   0.739,   1.010,9999.000,9999.000,9999.000,9999.000,9999.000,9999.000,9999.000
202605030854,   0.759,   1.049,9999.000,9999.000,9999.000,9999.000,9999.000,9999.000,9999.000
202605030900,   0.778,   1.098,   0.500,  -0.180,   1.098,   0.400,   0.998,   0.500,   1.098
202605030906,   0.798,   1.151,9999.000,9999.000,9999.000,9999.000,9999.000,9999.000,9999.000
202605030912,   0.818,   1.200,9999.000,9999.000,9999.000,9999.000,9999.000,9999.000,9999.000
202605030918,   0.838,   1.229,9999.000,9999.000,9999.000,9999.000,9999.000,9999.000,9999.000
202605030924,   0.858,   1.289,9999.000,9999.000,9999.000,9999.000,9999.000,9999.000,9999.000
202605030930,   0.878,   1.328,9999.000,9999.000,9999.000,9999.000,9999.000,9999.000,9999.000
202605030936,   0.898,   1.361,9999.000,9999.000,9999.000,9999.000,9999.000,9999.000,9999.000
202605030942,   0.917,   1.400,9999.000,9999.000,9999.000,9999.000,9999.000,9999.000,9999.000
202605030948,   0.937,   1.430,9999.000,9999.000,9999.000,9999.000,9999.000,9999.000,9999.000
202605030954,   0.956,   1.498,9999.000,9999.000,9999.000,9999.000,9999.000,9999.000,9999.000
202605031000,   0.975,   1.528,   0.500,   0.053,   1.528,   0.500,   1.528,   0.600,   1.628
202605031006,   0.994,   1.557,9999.000,9999.000,9999.000,9999.000,9999.000,9999.000,9999.000
202605031012,   1.012,   1.610,9999.000,9999.000,9999.000,9999.000,9999.000,9999.000,9999.000
202605031018,   1.031,   1.639,9999.000,9999.000,9999.000,9999.000,9999.000,9999.000,9999.000
202605031024,   1.049,   1.659,9999.000,9999.000,9999.000,9999.000,9999.000,9999.000,9999.000
202605031030,   1.066,   1.659,9999.000,9999.000,9999.000,9999.000,9999.000,9999.000,9999.000
202605031036,   1.084,   1.689,9999.000,9999.000,9999.000,9999.000,9999.000,9999.000,9999.000
202605031042,   1.101,   1.718,9999.000,9999.000,9999.000,9999.000,9999.000,9999.000,9999.000
202605031048,   1.117,   1.728,9999.000,9999.000,9999.000,9999.000,9999.000,9999.000,9999.000
202605031054,   1.134,   1.748,9999.000,9999.000,9999.000,9999.000,9999.000,9999.000,9999.000
202605031100,   1.150,   1.748,   0.500,   0.098,   1.748,   0.500,   1.748,   0.600,   1.848
202605031106,   1.165,   1.758,9999.000,9999.000,9999.000,9999.000,9999.000,9999.000,9999.000
202605031112,   1.181,   1.748,9999.000,9999.000,9999.000,9999.000,9999.000,9999.000,9999.000
202605031118,   1.196,   1.748,9999.000,9999.000,9999.000,9999.000,9999.000,9999.000,9999.000
202605031124,   1.211,   1.738,9999.000,9999.000,9999.000,9999.000,9999.000,9999.000,9999.000
202605031130,   1.225,   1.748,9999.000,9999.000,9999.000,9999.000,9999.000,9999.000,9999.000
202605031136,   1.240,   1.728,9999.000,9999.000,9999.000,9999.000,9999.000,9999.000,9999.000
202605031142,   1.254,   1.728,9999.000,9999.000,9999.000,9999.000,9999.000,9999.000,9999.000
202605031148,   1.268,   1.728,9999.000,9999.000,9999.000,9999.000,9999.000,9999.000,9999.000
202605031154,   1.282,   1.738,9999.000,9999.000,9999.000,9999.000,9999.000,9999.000,9999.000
202605031200,   1.295,   1.738,   0.300,   0.143,   1.738,   0.200,   1.638,   0.300,   1.738
202605031206,   1.309,   1.728,9999.000,9999.000,9999.000,9999.000,9999.000,9999.000,9999.000
202605031212,   1.322,   1.738,9999.000,9999.000,9999.000,9999.000,9999.000,9999.000,9999.000
202605031218,   1.336,   1.738,9999.000,9999.000,9999.000,9999.000,9999.000,9999.000,9999.000
202605031224,   1.349,   1.738,9999.000,9999.000,9999.000,9999.000,9999.000,9999.000,9999.000
202605031230,   1.363,   1.728,9999.000,9999.000,9999.000,9999.000,9999.000,9999.000,9999.000
202605031236,   1.376,   1.718,9999.000,9999.000,9999.000,9999.000,9999.000,9999.000,9999.000
202605031242,   1.390,   1.728,9999.000,9999.000,9999.000,9999.000,9999.000,9999.000,9999.000
202605031248,   1.403,   1.728,9999.000,9999.000,9999.000,9999.000,9999.000,9999.000,9999.000
202605031254,   1.417,   1.718,9999.000,9999.000,9999.000,9999.000,9999.000,9999.000,9999.000
202605031300,   1.431,   1.728,   0.200,   0.097,   1.728,   0.200,   1.728,   0.300,   1.828
202605031306,   1.446,   1.738,9999.000,9999.000,9999.000,9999.000,9999.000,9999.000,9999.000
202605031312,   1.460,   1.738,9999.000,9999.000,9999.000,9999.000,9999.000,9999.000,9999.000
202605031318,   1.475,   1.738,9999.000,9999.000,9999.000,9999.000,9999.000,9999.000,9999.000
202605031324,   1.490,   1.748,9999.000,9999.000,9999.000,9999.000,9999.000,9999.000,9999.000
202605031330,   1.505,   1.748,9999.000,9999.000,9999.000,9999.000,9999.000,9999.000,9999.000
202605031336,   1.521,   1.748,9999.000,9999.000,9999.000,9999.000,9999.000,9999.000,9999.000
202605031342,   1.537,   1.758,9999.000,9999.000,9999.000,9999.000,9999.000,9999.000,9999.000
202605031348,   1.553,   1.758,9999.000,9999.000,9999.000,9999.000,9999.000,9999.000,9999.000
202605031354,   1.570,   1.800,9999.000,9999.000,9999.000,9999.000,9999.000,9999.000,9999.000
202605031400,   1.587,   1.810,   0.200,   0.023,   1.810,   0.200,   1.810,   0.300,   1.910
202605031406,   1.605,   1.840,9999.000,9999.000,9999.000,9999.000,9999.000,9999.000,9999.000
202605031412,   1.623,   1.849,9999.000,9999.000,9999.000,9999.000,9999.000,9999.000,9999.000
202605031418,   1.641,   1.869,9999.000,9999.000,9999.000,9999.000,9999.000,9999.000,9999.000
202605031424,   1.660,   1.869,9999.000,9999.000,9999.000,9999.000,9999.000,9999.000,9999.000
202605031430,   1.679,   1.889,9999.000,9999.000,9999.000,9999.000,9999.000,9999.000,9999.000
202605031436,   1.698,   1.918,9999.000,9999.000,9999.000,9999.000,9999.000,9999.000,9999.000
202605031442,   1.718,   1.948,9999.000,9999.000,9999.000,9999.000,9999.000,9999.000,9999.000
202605031448,   1.738,   1.958,9999.000,9999.000,9999.000,9999.000,9999.000,9999.000,9999.000
202605031454,   1.758,   2.000,9999.000,9999.000,9999.000,9999.000,9999.000,9999.000,9999.000
202605031500,   1.779,   2.020,   0.200,   0.041,   2.020,   0.200,   2.020,   0.300,   2.120
202605031506,   1.799,   2.049,9999.000,9999.000,9999.000,9999.000,9999.000,9999.000,9999.000
202605031512,   1.820,   2.079,9999.000,9999.000,9999.000,9999.000,9999.000,9999.000,9999.000
202605031518,   1.841,   2.089,9999.000,9999.000,9999.000,9999.000,9999.000,9999.000,9999.000
202605031524,   1.862,   2.109,9999.000,9999.000,9999.000,9999.000,9999.000,9999.000,9999.000
202605031530,   1.883,   2.148,9999.000,9999.000,9999.000,9999.000,9999.000,9999.000,9999.000
202605031536,   1.904,   2.191,9999.000,9999.000,9999.000,9999.000,9999.000,9999.000,9999.000
202605031542,   1.925,   2.230,9999.000,9999.000,9999.000,9999.000,9999.000,9999.000,9999.000
202605031548,   1.945,   2.230,9999.000,9999.000,9999.000,9999.000,9999.000,9999.000,9999.000
202605031554,   1.965,   2.259,9999.000,9999.000,9999.000,9999.000,9999.000,9999.000,9999.000
202605031600,   1.985,   2.259,   0.200,   0.074,   2.259,   0.200,   2.259,   0.200,   2.259
202605031606,   2.005,   2.279,9999.000,9999.000,9999.000,9999.000,9999.000,9999.000,9999.000
202605031612,   2.024,   2.299,9999.000,9999.000,9999.000,9999.000,9999.000,9999.000,9999.000
202605031618,   2.042,   2.309,9999.000,9999.000,9999.000,9999.000,9999.000,9999.000,9999.000
202605031624,   2.059,   2.328,9999.000,9999.000,9999.000,9999.000,9999.000,9999.000,9999.000
202605031630,   2.076,   2.348,9999.000,9999.000,9999.000,9999.000,9999.000,9999.000,9999.000
202605031636,   2.092,   2.368,9999.000,9999.000,9999.000,9999.000,9999.000,9999.000,9999.000
202605031642,   2.107,   2.377,9999.000,9999.000,9999.000,9999.000,9999.000,9999.000,9999.000
202605031648,   2.121,   2.377,9999.000,9999.000,9999.000,9999.000,9999.000,9999.000,9999.000
202605031654,   2.134,   2.387,9999.000,9999.000,9999.000,9999.000,9999.000,9999.000,9999.000
202605031700,   2.145,   2.410,   0.200,   0.065,   2.410,   0.200,   2.410,   0.200,   2.410
202605031706,   2.156,   2.410,9999.000,9999.000,9999.000,9999.000,9999.000,9999.000,9999.000
202605031712,   2.165,   2.420,9999.000,9999.000,9999.000,9999.000,9999.000,9999.000,9999.000
202605031718,   2.173,   2.420,9999.000,9999.000,9999.000,9999.000,9999.000,9999.000,9999.000
202605031724,   2.179,   2.420,9999.000,9999.000,9999.000,9999.000,9999.000,9999.000,9999.000
202605031730,   2.184,   2.430,9999.000,9999.000,9999.000,9999.000,9999.000,9999.000,9999.000
202605031736,   2.187,   2.420,9999.000,9999.000,9999.000,9999.000,9999.000,9999.000,9999.000
202605031742,   2.189,   2.410,9999.000,9999.000,9999.000,9999.000,9999.000,9999.000,9999.000
202605031748,   2.189,   2.387,9999.000,9999.000,9999.000,9999.000,9999.000,9999.000,9999.000
202605031754,   2.188,   2.377,9999.000,9999.000,9999.000,9999.000,9999.000,9999.000,9999.000
202605031800,   2.185,   2.358,   0.100,   0.073,   2.358,   0.100,   2.358,   0.100,   2.358
202605031806,   2.180,   2.358,9999.000,9999.000,9999.000,9999.000,9999.000,9999.000,9999.000
202605031812,   2.174,   2.328,9999.000,9999.000,9999.000,9999.000,9999.000,9999.000,9999.000
202605031818,   2.166,   2.309,9999.000,9999.000,9999.000,9999.000,9999.000,9999.000,9999.000
202605031824,   2.157,   2.279,9999.000,9999.000,9999.000,9999.000,9999.000,9999.000,9999.000
202605031830,   2.146,   2.269,9999.000,9999.000,9999.000,9999.000,9999.000,9999.000,9999.000
202605031836,   2.134,   2.230,9999.000,9999.000,9999.000,9999.000,9999.000,9999.000,9999.000
202605031842,   2.120,   2.158,9999.000,9999.000,9999.000,9999.000,9999.000,9999.000,9999.000
202605031848,   2.105,   2.138,9999.000,9999.000,9999.000,9999.000,9999.000,9999.000,9999.000
202605031854,   2.089,   2.128,9999.000,9999.000,9999.000,9999.000,9999.000,9999.000,9999.000
202605031900,   2.071,   2.128,   0.100,  -0.043,   2.128,   0.100,   2.128,   0.100,   2.128
202605031906,   2.052,   2.089,9999.000,9999.000,9999.000,9999.000,9999.000,9999.000,9999.000
202605031912,   2.031,   2.049,9999.000,9999.000,9999.000,9999.000,9999.000,9999.000,9999.000
202605031918,   2.010,   2.020,9999.000,9999.000,9999.000,9999.000,9999.000,9999.000,9999.000
202605031924,   1.988,   2.000,9999.000,9999.000,9999.000,9999.000,9999.000,9999.000,9999.000
202605031930,   1.964,   1.981,9999.000,9999.000,9999.000,9999.000,9999.000,9999.000,9999.000
202605031936,   1.940,   1.958,9999.000,9999.000,9999.000,9999.000,9999.000,9999.000,9999.000
202605031942,   1.915,   1.908,9999.000,9999.000,9999.000,9999.000,9999.000,9999.000,9999.000
202605031948,   1.889,   1.899,9999.000,9999.000,9999.000,9999.000,9999.000,9999.000,9999.000
202605031954,   1.862,   1.879,9999.000,9999.000,9999.000,9999.000,9999.000,9999.000,9999.000
202605032000,   1.835,   1.869,   0.100,  -0.066,   1.869,   0.100,   1.869,   0.100,   1.869
202605032006,   1.807,   1.830,9999.000,9999.000,9999.000,9999.000,9999.000,9999.000,9999.000
202605032012,   1.779,   1.820,9999.000,9999.000,9999.000,9999.000,9999.000,9999.000,9999.000
202605032018,   1.750,   1.810,9999.000,9999.000,9999.000,9999.000,9999.000,9999.000,9999.000
202605032024,   1.721,   1.781,9999.000,9999.000,9999.000,9999.000,9999.000,9999.000,9999.000
202605032030,   1.692,   1.767,9999.000,9999.000,9999.000,9999.000,9999.000,9999.000,9999.000
202605032036,   1.662,   1.758,9999.000,9999.000,9999.000,9999.000,9999.000,9999.000,9999.000
202605032042,   1.633,   1.748,9999.000,9999.000,9999.000,9999.000,9999.000,9999.000,9999.000
202605032048,   1.603,   1.738,9999.000,9999.000,9999.000,9999.000,9999.000,9999.000,9999.000
202605032054,   1.572,   1.718,9999.000,9999.000,9999.000,9999.000,9999.000,9999.000,9999.000
202605032100,   1.542,   1.699,   0.100,   0.057,   1.699,   0.000,   1.599,   0.100,   1.699
202605032106,   1.512,   1.689,9999.000,9999.000,9999.000,9999.000,9999.000,9999.000,9999.000
202605032112,   1.482,   1.679,9999.000,9999.000,9999.000,9999.000,9999.000,9999.000,9999.000
202605032118,   1.451,   1.659,9999.000,9999.000,9999.000,9999.000,9999.000,9999.000,9999.000
202605032124,   1.421,   1.630,9999.000,9999.000,9999.000,9999.000,9999.000,9999.000,9999.000
202605032130,   1.391,   1.610,9999.000,9999.000,9999.000,9999.000,9999.000,9999.000,9999.000
202605032136,   1.360,   1.600,9999.000,9999.000,9999.000,9999.000,9999.000,9999.000,9999.000
202605032142,   1.330,   1.580,9999.000,9999.000,9999.000,9999.000,9999.000,9999.000,9999.000
202605032148,   1.300,   1.538,9999.000,9999.000,9999.000,9999.000,9999.000,9999.000,9999.000
202605032154,   1.270,   1.508,9999.000,9999.000,9999.000,9999.000,9999.000,9999.000,9999.000
202605032200,   1.240,   1.489,   0.100,   0.149,   1.489,   0.000,   1.389,   0.100,   1.489
202605032206,   1.210,   1.469,9999.000,9999.000,9999.000,9999.000,9999.000,9999.000,9999.000
202605032212,   1.180,   1.439,9999.000,9999.000,9999.000,9999.000,9999.000,9999.000,9999.000
202605032218,   1.150,   1.410,9999.000,9999.000,9999.000,9999.000,9999.000,9999.000,9999.000
202605032224,   1.120,   1.390,9999.000,9999.000,9999.000,9999.000,9999.000,9999.000,9999.000
202605032230,   1.091,   1.348,9999.000,9999.000,9999.000,9999.000,9999.000,9999.000,9999.000
202605032236,   1.061,   1.338,9999.000,9999.000,9999.000,9999.000,9999.000,9999.000,9999.000
202605032242,   1.032,   1.308,9999.000,9999.000,9999.000,9999.000,9999.000,9999.000,9999.000
202605032248,   1.002,   1.279,9999.000,9999.000,9999.000,9999.000,9999.000,9999.000,9999.000
202605032254,   0.973,   1.239,9999.000,9999.000,9999.000,9999.000,9999.000,9999.000,9999.000
202605032300,   0.944,   1.210,   0.100,   0.166,   1.210,   0.000,   1.110,   0.100,   1.210
202605032306,   0.915,   1.170,9999.000,9999.000,9999.000,9999.000,9999.000,9999.000,9999.000
202605032312,   0.886,   1.138,9999.000,9999.000,9999.000,9999.000,9999.000,9999.000,9999.000
202605032318,   0.857,   1.098,9999.000,9999.000,9999.000,9999.000,9999.000,9999.000,9999.000
202605032324,   0.829,   1.079,9999.000,9999.000,9999.000,9999.000,9999.000,9999.000,9999.000
202605032330,   0.800,   1.049,9999.000,9999.000,9999.000,9999.000,9999.000,9999.000,9999.000
202605032336,   0.772,   1.010,9999.000,9999.000,9999.000,9999.000,9999.000,9999.000,9999.000
202605032342,   0.744,   0.980,9999.000,9999.000,9999.000,9999.000,9999.000,9999.000,9999.000
202605032348,   0.716,   0.941,9999.000,9999.000,9999.000,9999.000,9999.000,9999.000,9999.000
202605032354,   0.688,   0.908,9999.000,9999.000,9999.000,9999.000,9999.000,9999.000,9999.000
202605040000,   0.661,   0.879,   0.200,   0.018,   0.879,   0.100,   0.779,   0.200,   0.879
202605040006,   0.634,   0.849,9999.000,9999.000,9999.000,9999.000,9999.000,9999.000,9999.000
202605040012,   0.607,   0.829,9999.000,9999.000,9999.000,9999.000,9999.000,9999.000,9999.000
202605040018,   0.580,   0.790,9999.000,9999.000,9999.000,9999.000,9999.000,9999.000,9999.000
202605040024,   0.554,   0.760,9999.000,9999.000,9999.000,9999.000,9999.000,9999.000,9999.000
202605040030,   0.528,   0.731,9999.000,9999.000,9999.000,9999.000,9999.000,9999.000,9999.000
202605040036,   0.502,   0.698,9999.000,9999.000,9999.000,9999.000,9999.000,9999.000,9999.000
202605040042,   0.477,   0.678,9999.000,9999.000,9999.000,9999.000,9999.000,9999.000,9999.000
202605040048,   0.453,   0.669,9999.000,9999.000,9999.000,9999.000,9999.000,9999.000,9999.000
202605040054,   0.428,   0.649,9999.000,9999.000,9999.000,9999.000,9999.000,9999.000,9999.000
202605040100,   0.404,   0.619,   0.200,   0.015,   0.619,   0.100,   0.519,   0.200,   0.619
202605040106,   0.381,   0.580,9999.000,9999.000,9999.000,9999.000,9999.000,9999.000,9999.000
202605040112,   0.358,   0.551,9999.000,9999.000,9999.000,9999.000,9999.000,9999.000,9999.000
202605040118,   0.336,   0.508,9999.000,9999.000,9999.000,9999.000,9999.000,9999.000,9999.000
202605040124,   0.314,   0.469,9999.000,9999.000,9999.000,9999.000,9999.000,9999.000,9999.000
202605040130,   0.293,   0.439,9999.000,9999.000,9999.000,9999.000,9999.000,9999.000,9999.000
202605040136,   0.272,   0.419,9999.000,9999.000,9999.000,9999.000,9999.000,9999.000,9999.000
202605040142,   0.252,   0.380,9999.000,9999.000,9999.000,9999.000,9999.000,9999.000,9999.000
202605040148,   0.233,   0.360,9999.000,9999.000,9999.000,9999.000,9999.000,9999.000,9999.000
202605040154,   0.215,   0.341,9999.000,9999.000,9999.000,9999.000,9999.000,9999.000,9999.000
202605040200,   0.197,   0.341,   0.200,  -0.056,   0.341,   0.200,   0.341,   0.200,   0.341
202605040206,   0.180,   0.321,9999.000,9999.000,9999.000,9999.000,9999.000,9999.000,9999.000
202605040212,   0.163,   0.321,9999.000,9999.000,9999.000,9999.000,9999.000,9999.000,9999.000
202605040218,   0.148,   0.278,9999.000,9999.000,9999.000,9999.000,9999.000,9999.000,9999.000
202605040224,   0.133,   0.249,9999.000,9999.000,9999.000,9999.000,9999.000,9999.000,9999.000
202605040230,   0.119,   0.239,9999.000,9999.000,9999.000,9999.000,9999.000,9999.000,9999.000
202605040236,   0.106,   0.229,9999.000,9999.000,9999.000,9999.000,9999.000,9999.000,9999.000
202605040242,   0.094,   0.219,9999.000,9999.000,9999.000,9999.000,9999.000,9999.000,9999.000
202605040248,   0.083,   0.219,9999.000,9999.000,9999.000,9999.000,9999.000,9999.000,9999.000
202605040254,   0.073,   0.209,9999.000,9999.000,9999.000,9999.000,9999.000,9999.000,9999.000
202605040300,   0.063,   0.190,   0.200,  -0.073,   0.190,   0.200,   0.190,   0.200,   0.190
202605040306,   0.055,   0.170,9999.000,9999.000,9999.000,9999.000,9999.000,9999.000,9999.000
202605040312,   0.047,   0.160,9999.000,9999.000,9999.000,9999.000,9999.000,9999.000,9999.000
202605040318,   0.040,   0.160,9999.000,9999.000,9999.000,9999.000,9999.000,9999.000,9999.000
202605040324,   0.034,   0.150,9999.000,9999.000,9999.000,9999.000,9999.000,9999.000,9999.000
202605040330,   0.030,   0.160,9999.000,9999.000,9999.000,9999.000,9999.000,9999.000,9999.000
202605040336,   0.026,   0.150,9999.000,9999.000,9999.000,9999.000,9999.000,9999.000,9999.000
202605040342,   0.023,   0.141,9999.000,9999.000,9999.000,9999.000,9999.000,9999.000,9999.000
202605040348,   0.021,   0.141,9999.000,9999.000,9999.000,9999.000,9999.000,9999.000,9999.000
202605040354,   0.020,   0.141,9999.000,9999.000,9999.000,9999.000,9999.000,9999.000,9999.000
202605040400,   0.019,   0.150,   0.200,  -0.069,   0.150,   0.200,   0.150,   0.200,   0.150
202605040406,   0.020,   0.131,9999.000,9999.000,9999.000,9999.000,9999.000,9999.000,9999.000
202605040412,   0.021,   0.141,9999.000,9999.000,9999.000,9999.000,9999.000,9999.000,9999.000
202605040418,   0.023,   0.121,9999.000,9999.000,9999.000,9999.000,9999.000,9999.000,9999.000
202605040424,   0.026,   0.121,9999.000,9999.000,9999.000,9999.000,9999.000,9999.000,9999.000
202605040430,   0.030,   0.121,9999.000,9999.000,9999.000,9999.000,9999.000,9999.000,9999.000
202605040436,   0.035,   0.121,9999.000,9999.000,9999.000,9999.000,9999.000,9999.000,9999.000
202605040442,   0.040,   0.111,9999.000,9999.000,9999.000,9999.000,9999.000,9999.000,9999.000
202605040448,   0.046,   0.121,9999.000,9999.000,9999.000,9999.000,9999.000,9999.000,9999.000
202605040454,   0.052,   0.121,9999.000,9999.000,9999.000,9999.000,9999.000,9999.000,9999.000
202605040500,   0.059,   0.121,   0.200,  -0.138,   0.121,   0.100,   0.021,   0.200,   0.121
202605040506,   0.067,   0.121,9999.000,9999.000,9999.000,9999.000,9999.000,9999.000,9999.000
202605040512,   0.075,   0.121,9999.000,9999.000,9999.000,9999.000,9999.000,9999.000,9999.000
202605040518,   0.083,   0.131,9999.000,9999.000,9999.000,9999.000,9999.000,9999.000,9999.000
202605040524,   0.092,   0.121,9999.000,9999.000,9999.000,9999.000,9999.000,9999.000,9999.000
202605040530,   0.101,   0.121,9999.000,9999.000,9999.000,9999.000,9999.000,9999.000,9999.000
202605040536,   0.111,   0.121,9999.000,9999.000,9999.000,9999.000,9999.000,9999.000,9999.000
202605040542,   0.121,   0.121,9999.000,9999.000,9999.000,9999.000,9999.000,9999.000,9999.000
202605040548,   0.131,   0.121,9999.000,9999.000,9999.000,9999.000,9999.000,9999.000,9999.000
202605040554,   0.142,   0.121,9999.000,9999.000,9999.000,9999.000,9999.000,9999.000,9999.000
202605040600,   0.153,   0.121,   0.200,  -0.232,   0.121,   0.200,   0.121,   0.200,   0.121
202605040606,   0.164,   0.121,9999.000,9999.000,9999.000,9999.000,9999.000,9999.000,9999.000
202605040612,   0.175,   0.121,9999.000,9999.000,9999.000,9999.000,9999.000,9999.000,9999.000
202605040618,   0.187,   0.141,9999.000,9999.000,9999.000,9999.000,9999.000,9999.000,9999.000
202605040624,   0.199,   0.170,9999.000,9999.000,9999.000,9999.000,9999.000,9999.000,9999.000
202605040630,   0.210,   0.160,9999.000,9999.000,9999.000,9999.000,9999.000,9999.000,9999.000
202605040636,   0.223,   0.160,9999.000,9999.000,9999.000,9999.000,9999.000,9999.000,9999.000
202605040642,   0.235,   0.160,9999.000,9999.000,9999.000,9999.000,9999.000,9999.000,9999.000
202605040648,   0.247,   0.141,9999.000,9999.000,9999.000,9999.000,9999.000,9999.000,9999.000
202605040654,   0.260,   0.170,9999.000,9999.000,9999.000,9999.000,9999.000,9999.000,9999.000
202605040700,   0.273,   0.190,   0.200,  -0.283,   0.190,   0.200,   0.190,   0.200,   0.190
202605040706,   0.286,   0.200,9999.000,9999.000,9999.000,9999.000,9999.000,9999.000,9999.000
202605040712,   0.300,   0.200,9999.000,9999.000,9999.000,9999.000,9999.000,9999.000,9999.000
202605040718,   0.313,   0.219,9999.000,9999.000,9999.000,9999.000,9999.000,9999.000,9999.000
202605040724,   0.327,   0.219,9999.000,9999.000,9999.000,9999.000,9999.000,9999.000,9999.000
202605040730,   0.341,   0.239,9999.000,9999.000,9999.000,9999.000,9999.000,9999.000,9999.000
202605040736,   0.356,   0.249,9999.000,9999.000,9999.000,9999.000,9999.000,9999.000,9999.000
202605040742,   0.371,   0.249,9999.000,9999.000,9999.000,9999.000,9999.000,9999.000,9999.000
202605040748,   0.386,   0.249,9999.000,9999.000,9999.000,9999.000,9999.000,9999.000,9999.000
202605040754,   0.402,   0.259,9999.000,9999.000,9999.000,9999.000,9999.000,9999.000,9999.000
202605040800,   0.418,   0.278,   0.200,  -0.340,   0.278,   0.200,   0.278,   0.200,   0.278
202605040806,   0.434,   0.331,9999.000,9999.000,9999.000,9999.000,9999.000,9999.000,9999.000
202605040812,   0.451,   0.360,9999.000,9999.000,9999.000,9999.000,9999.000,9999.000,9999.000
202605040818,   0.468,   0.390,9999.000,9999.000,9999.000,9999.000,9999.000,9999.000,9999.000
202605040824,   0.485,   0.380,9999.000,9999.000,9999.000,9999.000,9999.000,9999.000,9999.000
202605040830,   0.503,   0.380,9999.000,9999.000,9999.000,9999.000,9999.000,9999.000,9999.000
202605040836,   0.522,   0.409,9999.000,9999.000,9999.000,9999.000,9999.000,9999.000,9999.000
202605040842,   0.540,   0.439,9999.000,9999.000,9999.000,9999.000,9999.000,9999.000,9999.000
202605040848,   0.560,   0.478,9999.000,9999.000,9999.000,9999.000,9999.000,9999.000,9999.000
202605040854,   0.579,   0.518,9999.000,9999.000,9999.000,9999.000,9999.000,9999.000,9999.000
202605040900,   0.599,   0.551,   0.200,  -0.248,   0.551,   0.100,   0.451,   0.200,   0.551
202605040906,   0.619,   0.580,9999.000,9999.000,9999.000,9999.000,9999.000,9999.000,9999.000
202605040912,   0.639,   0.619,9999.000,9999.000,9999.000,9999.000,9999.000,9999.000,9999.000
202605040918,   0.660,   0.649,9999.000,9999.000,9999.000,9999.000,9999.000,9999.000,9999.000
202605040924,   0.681,   0.669,9999.000,9999.000,9999.000,9999.000,9999.000,9999.000,9999.000
202605040930,   0.702,   0.698,9999.000,9999.000,9999.000,9999.000,9999.000,9999.000,9999.000
202605040936,   0.724,   0.731,9999.000,9999.000,9999.000,9999.000,9999.000,9999.000,9999.000
202605040942,   0.745,   0.741,9999.000,9999.000,9999.000,9999.000,9999.000,9999.000,9999.000
202605040948,   0.767,   0.731,9999.000,9999.000,9999.000,9999.000,9999.000,9999.000,9999.000
202605040954,   0.788,   0.751,9999.000,9999.000,9999.000,9999.000,9999.000,9999.000,9999.000
202605041000,   0.810,   0.770,   0.100,  -0.140,   0.770,   0.100,   0.770,   0.200,   0.870
202605041006,   0.831,   0.819,9999.000,9999.000,9999.000,9999.000,9999.000,9999.000,9999.000
202605041012,   0.853,   0.849,9999.000,9999.000,9999.000,9999.000,9999.000,9999.000,9999.000
202605041018,   0.874,   0.869,9999.000,9999.000,9999.000,9999.000,9999.000,9999.000,9999.000
202605041024,   0.895,   0.898,9999.000,9999.000,9999.000,9999.000,9999.000,9999.000,9999.000
202605041030,   0.916,   0.941,9999.000,9999.000,9999.000,9999.000,9999.000,9999.000,9999.000
202605041036,   0.937,   0.951,9999.000,9999.000,9999.000,9999.000,9999.000,9999.000,9999.000
202605041042,   0.958,   0.980,9999.000,9999.000,9999.000,9999.000,9999.000,9999.000,9999.000
202605041048,   0.978,   1.010,9999.000,9999.000,9999.000,9999.000,9999.000,9999.000,9999.000
202605041054,   0.998,   1.039,9999.000,9999.000,9999.000,9999.000,9999.000,9999.000,9999.000
202605041100,   1.018,   1.059,   0.100,  -0.059,   1.059,   0.100,   1.059,   0.200,   1.159
202605041106,   1.037,   1.079,9999.000,9999.000,9999.000,9999.000,9999.000,9999.000,9999.000
202605041112,   1.056,   1.098,9999.000,9999.000,9999.000,9999.000,9999.000,9999.000,9999.000
202605041118,   1.075,   1.108,9999.000,9999.000,9999.000,9999.000,9999.000,9999.000,9999.000
202605041124,   1.093,   1.128,9999.000,9999.000,9999.000,9999.000,9999.000,9999.000,9999.000
202605041130,   1.111,   1.128,9999.000,9999.000,9999.000,9999.000,9999.000,9999.000,9999.000
202605041136,   1.129,   1.161,9999.000,9999.000,9999.000,9999.000,9999.000,9999.000,9999.000
202605041142,   1.146,   1.190,9999.000,9999.000,9999.000,9999.000,9999.000,9999.000,9999.000
202605041148,   1.163,   1.210,9999.000,9999.000,9999.000,9999.000,9999.000,9999.000,9999.000
202605041154,   1.180,   1.229,9999.000,9999.000,9999.000,9999.000,9999.000,9999.000,9999.000
202605041200,   1.197,   1.249,   0.100,  -0.048,   1.249,   0.100,   1.249,   0.100,   1.249
202605041206,   1.213,   1.259,9999.000,9999.000,9999.000,9999.000,9999.000,9999.000,9999.000
202605041212,   1.229,   1.279,9999.000,9999.000,9999.000,9999.000,9999.000,9999.000,9999.000
202605041218,   1.244,   1.289,9999.000,9999.000,9999.000,9999.000,9999.000,9999.000,9999.000
202605041224,   1.260,   1.298,9999.000,9999.000,9999.000,9999.000,9999.000,9999.000,9999.000
202605041230,   1.275,   1.318,9999.000,9999.000,9999.000,9999.000,9999.000,9999.000,9999.000
202605041236,   1.290,   1.318,9999.000,9999.000,9999.000,9999.000,9999.000,9999.000,9999.000
202605041242,   1.305,   1.338,9999.000,9999.000,9999.000,9999.000,9999.000,9999.000,9999.000
202605041248,   1.320,   1.338,9999.000,9999.000,9999.000,9999.000,9999.000,9999.000,9999.000
202605041254,   1.335,   1.328,9999.000,9999.000,9999.000,9999.000,9999.000,9999.000,9999.000
202605041300,   1.350,   1.338,   0.100,  -0.112,   1.338,   0.100,   1.338,   0.100,   1.338
202605041306,   1.365,   1.348,9999.000,9999.000,9999.000,9999.000,9999.000,9999.000,9999.000
202605041312,   1.380,   1.361,9999.000,9999.000,9999.000,9999.000,9999.000,9999.000,9999.000
202605041318,   1.395,   1.380,9999.000,9999.000,9999.000,9999.000,9999.000,9999.000,9999.000
202605041324,   1.410,   1.400,9999.000,9999.000,9999.000,9999.000,9999.000,9999.000,9999.000
202605041330,   1.426,   1.410,9999.000,9999.000,9999.000,9999.000,9999.000,9999.000,9999.000
202605041336,   1.441,   1.420,9999.000,9999.000,9999.000,9999.000,9999.000,9999.000,9999.000
202605041342,   1.457,   1.449,9999.000,9999.000,9999.000,9999.000,9999.000,9999.000,9999.000
202605041348,   1.473,   1.459,9999.000,9999.000,9999.000,9999.000,9999.000,9999.000,9999.000
202605041354,   1.489,   1.479,9999.000,9999.000,9999.000,9999.000,9999.000,9999.000,9999.000
202605041400,   1.505,   1.498,   0.100,  -0.107,   1.498,   0.100,   1.498,   0.100,   1.498
202605041406,   1.522,   1.518,9999.000,9999.000,9999.000,9999.000,9999.000,9999.000,9999.000
202605041412,   1.539,   1.538,9999.000,9999.000,9999.000,9999.000,9999.000,9999.000,9999.000
202605041418,   1.556,   1.557,9999.000,9999.000,9999.000,9999.000,9999.000,9999.000,9999.000
202605041424,   1.574,   1.590,9999.000,9999.000,9999.000,9999.000,9999.000,9999.000,9999.000
202605041430,   1.592,   1.600,9999.000,9999.000,9999.000,9999.000,9999.000,9999.000,9999.000
202605041436,   1.610,   1.630,9999.000,9999.000,9999.000,9999.000,9999.000,9999.000,9999.000
202605041442,   1.628,   1.649,9999.000,9999.000,9999.000,9999.000,9999.000,9999.000,9999.000
202605041448,   1.647,   1.679,9999.000,9999.000,9999.000,9999.000,9999.000,9999.000,9999.000
202605041454,   1.666,   1.699,9999.000,9999.000,9999.000,9999.000,9999.000,9999.000,9999.000
202605041500,   1.686,   1.738,   0.100,  -0.048,   1.738,   0.100,   1.738,   0.200,   1.838
202605041506,   1.705,   1.748,9999.000,9999.000,9999.000,9999.000,9999.000,9999.000,9999.000
202605041512,   1.725,   1.800,9999.000,9999.000,9999.000,9999.000,9999.000,9999.000,9999.000
202605041518,   1.746,   1.830,9999.000,9999.000,9999.000,9999.000,9999.000,9999.000,9999.000
202605041524,   1.766,   1.849,9999.000,9999.000,9999.000,9999.000,9999.000,9999.000,9999.000
202605041530,   1.787,   1.869,9999.000,9999.000,9999.000,9999.000,9999.000,9999.000,9999.000
202605041536,   1.807,   1.908,9999.000,9999.000,9999.000,9999.000,9999.000,9999.000,9999.000
202605041542,   1.828,   1.948,9999.000,9999.000,9999.000,9999.000,9999.000,9999.000,9999.000
202605041548,   1.849,   1.967,9999.000,9999.000,9999.000,9999.000,9999.000,9999.000,9999.000
202605041554,   1.870,   1.981,9999.000,9999.000,9999.000,9999.000,9999.000,9999.000,9999.000
202605041600,   1.891,   1.990,   0.100,  -0.001,   1.990,   0.100,   1.990,   0.200,   2.090
202605041606,   1.911,   2.040,9999.000,9999.000,9999.000,9999.000,9999.000,9999.000,9999.000
202605041612,   1.932,   2.040,9999.000,9999.000,9999.000,9999.000,9999.000,9999.000,9999.000
202605041618,   1.952,   2.059,9999.000,9999.000,9999.000,9999.000,9999.000,9999.000,9999.000
202605041624,   1.973,   2.089,9999.000,9999.000,9999.000,9999.000,9999.000,9999.000,9999.000
202605041630,   1.992,   2.109,9999.000,9999.000,9999.000,9999.000,9999.000,9999.000,9999.000
202605041636,   2.012,   2.128,9999.000,9999.000,9999.000,9999.000,9999.000,9999.000,9999.000
202605041642,   2.031,   2.138,9999.000,9999.000,9999.000,9999.000,9999.000,9999.000,9999.000
202605041648,   2.049,   2.158,9999.000,9999.000,9999.000,9999.000,9999.000,9999.000,9999.000
202605041654,   2.067,   2.191,9999.000,9999.000,9999.000,9999.000,9999.000,9999.000,9999.000
202605041700,   2.084,   2.210,   0.100,   0.026,   2.210,   0.100,   2.210,   0.200,   2.310
202605041706,   2.100,   2.230,9999.000,9999.000,9999.000,9999.000,9999.000,9999.000,9999.000
202605041712,   2.115,   2.230,9999.000,9999.000,9999.000,9999.000,9999.000,9999.000,9999.000
202605041718,   2.130,   2.259,9999.000,9999.000,9999.000,9999.000,9999.000,9999.000,9999.000
202605041724,   2.143,   2.269,9999.000,9999.000,9999.000,9999.000,9999.000,9999.000,9999.000
202605041730,   2.156,   2.279,9999.000,9999.000,9999.000,9999.000,9999.000,9999.000,9999.000
202605041736,   2.167,   2.309,9999.000,9999.000,9999.000,9999.000,9999.000,9999.000,9999.000
202605041742,   2.177,   2.309,9999.000,9999.000,9999.000,9999.000,9999.000,9999.000,9999.000
202605041748,   2.186,   2.318,9999.000,9999.000,9999.000,9999.000,9999.000,9999.000,9999.000
202605041754,   2.194,   2.328,9999.000,9999.000,9999.000,9999.000,9999.000,9999.000,9999.000
202605041800,   2.200,   2.328,   0.200,  -0.072,   2.328,   0.100,   2.228,   0.200,   2.328
202605041806,   2.205,   2.338,9999.000,9999.000,9999.000,9999.000,9999.000,9999.000,9999.000
202605041812,   2.208,   2.348,9999.000,9999.000,9999.000,9999.000,9999.000,9999.000,9999.000
202605041818,   2.210,   2.348,9999.000,9999.000,9999.000,9999.000,9999.000,9999.000,9999.000
202605041824,   2.211,   2.348,9999.000,9999.000,9999.000,9999.000,9999.000,9999.000,9999.000
202605041830,   2.209,   2.348,9999.000,9999.000,9999.000,9999.000,9999.000,9999.000,9999.000
202605041836,   2.207,   2.338,9999.000,9999.000,9999.000,9999.000,9999.000,9999.000,9999.000
202605041842,   2.203,   2.338,9999.000,9999.000,9999.000,9999.000,9999.000,9999.000,9999.000
202605041848,   2.197,   2.318,9999.000,9999.000,9999.000,9999.000,9999.000,9999.000,9999.000
202605041854,   2.190,   2.318,9999.000,9999.000,9999.000,9999.000,9999.000,9999.000,9999.000
202605041900,   2.181,   2.309,   0.200,  -0.072,   2.309,   0.200,   2.309,   0.200,   2.309
202605041906,   2.171,   2.289,9999.000,9999.000,9999.000,9999.000,9999.000,9999.000,9999.000
202605041912,   2.159,   2.269,9999.000,9999.000,9999.000,9999.000,9999.000,9999.000,9999.000
202605041918,   2.146,   2.269,9999.000,9999.000,9999.000,9999.000,9999.000,9999.000,9999.000
202605041924,   2.131,   2.240,9999.000,9999.000,9999.000,9999.000,9999.000,9999.000,9999.000
202605041930,   2.115,   2.230,9999.000,9999.000,9999.000,9999.000,9999.000,9999.000,9999.000
202605041936,   2.098,   2.230,9999.000,9999.000,9999.000,9999.000,9999.000,9999.000,9999.000
202605041942,   2.080,   2.210,9999.000,9999.000,9999.000,9999.000,9999.000,9999.000,9999.000
202605041948,   2.060,   2.191,9999.000,9999.000,9999.000,9999.000,9999.000,9999.000,9999.000
202605041954,   2.039,   2.191,9999.000,9999.000,9999.000,9999.000,9999.000,9999.000,9999.000
202605042000,   2.018,   2.158,   0.200,  -0.060,   2.158,   0.200,   2.158,   0.200,   2.158
202605042006,   1.995,   2.138,9999.000,9999.000,9999.000,9999.000,9999.000,9999.000,9999.000
202605042012,   1.971,   2.118,9999.000,9999.000,9999.000,9999.000,9999.000,9999.000,9999.000
202605042018,   1.946,   2.089,9999.000,9999.000,9999.000,9999.000,9999.000,9999.000,9999.000
202605042024,   1.921,   2.069,9999.000,9999.000,9999.000,9999.000,9999.000,9999.000,9999.000
202605042030,   1.895,   2.049,9999.000,9999.000,9999.000,9999.000,9999.000,9999.000,9999.000
202605042036,   1.868,   2.000,9999.000,9999.000,9999.000,9999.000,9999.000,9999.000,9999.000
202605042042,   1.841,   1.990,9999.000,9999.000,9999.000,9999.000,9999.000,9999.000,9999.000
202605042048,   1.813,   1.958,9999.000,9999.000,9999.000,9999.000,9999.000,9999.000,9999.000
202605042054,   1.784,   1.938,9999.000,9999.000,9999.000,9999.000,9999.000,9999.000,9999.000
202605042100,   1.756,   1.908,   0.200,  -0.048,   1.908,   0.200,   1.908,   0.200,   1.908
202605042106,   1.726,   1.899,9999.000,9999.000,9999.000,9999.000,9999.000,9999.000,9999.000
202605042112,   1.697,   1.859,9999.000,9999.000,9999.000,9999.000,9999.000,9999.000,9999.000
202605042118,   1.667,   1.830,9999.000,9999.000,9999.000,9999.000,9999.000,9999.000,9999.000
202605042124,   1.637,   1.810,9999.000,9999.000,9999.000,9999.000,9999.000,9999.000,9999.000
202605042130,   1.607,   1.781,9999.000,9999.000,9999.000,9999.000,9999.000,9999.000,9999.000
202605042136,   1.577,   1.748,9999.000,9999.000,9999.000,9999.000,9999.000,9999.000,9999.000
202605042142,   1.547,   1.738,9999.000,9999.000,9999.000,9999.000,9999.000,9999.000,9999.000
202605042148,   1.516,   1.718,9999.000,9999.000,9999.000,9999.000,9999.000,9999.000,9999.000
202605042154,   1.486,   1.689,9999.000,9999.000,9999.000,9999.000,9999.000,9999.000,9999.000
202605042200,   1.455,   1.659,   0.200,   0.004,   1.659,   0.200,   1.659,   0.300,   1.759
202605042206,   1.425,   1.639,9999.000,9999.000,9999.000,9999.000,9999.000,9999.000,9999.000
202605042212,   1.394,   1.600,9999.000,9999.000,9999.000,9999.000,9999.000,9999.000,9999.000
202605042218,   1.364,   1.580,9999.000,9999.000,9999.000,9999.000,9999.000,9999.000,9999.000
202605042224,   1.334,   1.548,9999.000,9999.000,9999.000,9999.000,9999.000,9999.000,9999.000
202605042230,   1.303,   1.528,9999.000,9999.000,9999.000,9999.000,9999.000,9999.000,9999.000
202605042236,   1.273,   1.498,9999.000,9999.000,9999.000,9999.000,9999.000,9999.000,9999.000
202605042242,   1.243,   1.489,9999.000,9999.000,9999.000,9999.000,9999.000,9999.000,9999.000
202605042248,   1.213,   1.449,9999.000,9999.000,9999.000,9999.000,9999.000,9999.000,9999.000
202605042254,   1.183,   1.430,9999.000,9999.000,9999.000,9999.000,9999.000,9999.000,9999.000
202605042300,   1.153,   1.390,   0.300,  -0.063,   1.390,   0.200,   1.290,   0.300,   1.390
202605042306,   1.123,   1.361,9999.000,9999.000,9999.000,9999.000,9999.000,9999.000,9999.000
202605042312,   1.094,   1.338,9999.000,9999.000,9999.000,9999.000,9999.000,9999.000,9999.000
202605042318,   1.064,   1.308,9999.000,9999.000,9999.000,9999.000,9999.000,9999.000,9999.000
202605042324,   1.035,   1.269,9999.000,9999.000,9999.000,9999.000,9999.000,9999.000,9999.000
202605042330,   1.005,   1.249,9999.000,9999.000,9999.000,9999.000,9999.000,9999.000,9999.000
202605042336,   0.976,   1.229,9999.000,9999.000,9999.000,9999.000,9999.000,9999.000,9999.000
202605042342,   0.947,   1.200,9999.000,9999.000,9999.000,9999.000,9999.000,9999.000,9999.000
202605042348,   0.918,   1.170,9999.000,9999.000,9999.000,9999.000,9999.000,9999.000,9999.000
202605042354,   0.890,   1.161,9999.000,9999.000,9999.000,9999.000,9999.000,9999.000,9999.000
202605050000,   0.861,   1.108,   0.300,  -0.053,   1.108,   0.200,   1.008,   0.300,   1.108
202605050006,   0.833,   1.088,9999.000,9999.000,9999.000,9999.000,9999.000,9999.000,9999.000
202605050012,   0.805,   1.079,9999.000,9999.000,9999.000,9999.000,9999.000,9999.000,9999.000
202605050018,   0.777,   1.059,9999.000,9999.000,9999.000,9999.000,9999.000,9999.000,9999.000
202605050024,   0.750,   1.020,9999.000,9999.000,9999.000,9999.000,9999.000,9999.000,9999.000
202605050030,   0.723,   1.000,9999.000,9999.000,9999.000,9999.000,9999.000,9999.000,9999.000
202605050036,   0.696,   0.980,9999.000,9999.000,9999.000,9999.000,9999.000,9999.000,9999.000
202605050042,   0.669,   0.941,9999.000,9999.000,9999.000,9999.000,9999.000,9999.000,9999.000
202605050048,   0.643,   0.928,9999.000,9999.000,9999.000,9999.000,9999.000,9999.000,9999.000
202605050054,   0.617,   0.918,9999.000,9999.000,9999.000,9999.000,9999.000,9999.000,9999.000
202605050100,   0.591,   0.879,   0.300,  -0.012,   0.879,   0.300,   0.879,   0.300,   0.879
202605050106,   0.566,   0.859,9999.000,9999.000,9999.000,9999.000,9999.000,9999.000,9999.000
202605050112,   0.541,   0.829,9999.000,9999.000,9999.000,9999.000,9999.000,9999.000,9999.000
202605050118,   0.517,   0.819,9999.000,9999.000,9999.000,9999.000,9999.000,9999.000,9999.000
202605050124,   0.493,   0.790,9999.000,9999.000,9999.000,9999.000,9999.000,9999.000,9999.000
202605050130,   0.470,   0.760,9999.000,9999.000,9999.000,9999.000,9999.000,9999.000,9999.000
202605050136,   0.447,   0.731,9999.000,9999.000,9999.000,9999.000,9999.000,9999.000,9999.000
202605050142,   0.425,   0.708,9999.000,9999.000,9999.000,9999.000,9999.000,9999.000,9999.000
202605050148,   0.403,   0.688,9999.000,9999.000,9999.000,9999.000,9999.000,9999.000,9999.000
202605050154,   0.382,   0.649,9999.000,9999.000,9999.000,9999.000,9999.000,9999.000,9999.000
202605050200,   0.361,   0.629,   0.300,  -0.032,   0.629,   0.300,   0.629,   0.300,   0.629
202605050206,   0.341,   0.610,9999.000,9999.000,9999.000,9999.000,9999.000,9999.000,9999.000
202605050212,   0.321,   0.600,9999.000,9999.000,9999.000,9999.000,9999.000,9999.000,9999.000
202605050218,   0.302,   0.580,9999.000,9999.000,9999.000,9999.000,9999.000,9999.000,9999.000
202605050224,   0.284,   0.541,9999.000,9999.000,9999.000,9999.000,9999.000,9999.000,9999.000
202605050230,   0.266,   0.518,9999.000,9999.000,9999.000,9999.000,9999.000,9999.000,9999.000
202605050236,   0.249,   0.488,9999.000,9999.000,9999.000,9999.000,9999.000,9999.000,9999.000
202605050242,   0.232,   0.488,9999.000,9999.000,9999.000,9999.000,9999.000,9999.000,9999.000
202605050248,   0.216,   0.469,9999.000,9999.000,9999.000,9999.000,9999.000,9999.000,9999.000
202605050254,   0.201,   0.459,9999.000,9999.000,9999.000,9999.000,9999.000,9999.000,9999.000
202605050300,   0.187,   0.439,   0.300,  -0.048,   0.439,   0.300,   0.439,   0.300,   0.439
202605050306,   0.173,   0.419,9999.000,9999.000,9999.000,9999.000,9999.000,9999.000,9999.000
202605050312,   0.160,   0.419,9999.000,9999.000,9999.000,9999.000,9999.000,9999.000,9999.000
202605050318,   0.147,   0.400,9999.000,9999.000,9999.000,9999.000,9999.000,9999.000,9999.000
202605050324,   0.135,   0.370,9999.000,9999.000,9999.000,9999.000,9999.000,9999.000,9999.000
202605050330,   0.124,   0.370,9999.000,9999.000,9999.000,9999.000,9999.000,9999.000,9999.000
202605050336,   0.114,   0.360,9999.000,9999.000,9999.000,9999.000,9999.000,9999.000,9999.000
202605050342,   0.104,   0.350,9999.000,9999.000,9999.000,9999.000,9999.000,9999.000,9999.000
202605050348,   0.095,   0.360,9999.000,9999.000,9999.000,9999.000,9999.000,9999.000,9999.000
202605050354,   0.087,   0.350,9999.000,9999.000,9999.000,9999.000,9999.000,9999.000,9999.000
202605050400,   0.079,   0.341,   0.300,  -0.038,   0.341,   0.300,   0.341,   0.300,   0.341
202605050406,   0.073,   0.370,9999.000,9999.000,9999.000,9999.000,9999.000,9999.000,9999.000
202605050412,   0.067,   0.390,9999.000,9999.000,9999.000,9999.000,9999.000,9999.000,9999.000
202605050418,   0.061,   0.400,9999.000,9999.000,9999.000,9999.000,9999.000,9999.000,9999.000
202605050424,   0.057,   0.409,9999.000,9999.000,9999.000,9999.000,9999.000,9999.000,9999.000
202605050430,   0.053,   0.400,9999.000,9999.000,9999.000,9999.000,9999.000,9999.000,9999.000
202605050436,   0.049,   0.409,9999.000,9999.000,9999.000,9999.000,9999.000,9999.000,9999.000
202605050442,   0.047,   0.400,9999.000,9999.000,9999.000,9999.000,9999.000,9999.000,9999.000
202605050448,   0.045,   0.400,9999.000,9999.000,9999.000,9999.000,9999.000,9999.000,9999.000
202605050454,   0.044,   0.390,9999.000,9999.000,9999.000,9999.000,9999.000,9999.000,9999.000
202605050500,   0.043,   0.400,   0.300,   0.057,   0.400,   0.300,   0.400,   0.400,   0.500
202605050506,   0.043,   0.400,9999.000,9999.000,9999.000,9999.000,9999.000,9999.000,9999.000
202605050512,   0.044,   0.400,9999.000,9999.000,9999.000,9999.000,9999.000,9999.000,9999.000
202605050518,   0.045,   0.400,9999.000,9999.000,9999.000,9999.000,9999.000,9999.000,9999.000
202605050524,   0.047,   0.400,9999.000,9999.000,9999.000,9999.000,9999.000,9999.000,9999.000
202605050530,   0.050,   0.409,9999.000,9999.000,9999.000,9999.000,9999.000,9999.000,9999.000
202605050536,   0.053,   0.429,9999.000,9999.000,9999.000,9999.000,9999.000,9999.000,9999.000
202605050542,   0.057,   0.429,9999.000,9999.000,9999.000,9999.000,9999.000,9999.000,9999.000
202605050548,   0.061,   0.409,9999.000,9999.000,9999.000,9999.000,9999.000,9999.000,9999.000
202605050554,   0.065,   0.419,9999.000,9999.000,9999.000,9999.000,9999.000,9999.000,9999.000
202605050600,   0.070,   0.439,   0.300,   0.069,   0.439,   0.300,   0.439,   0.300,   0.439
202605050606,   0.076,   0.429,9999.000,9999.000,9999.000,9999.000,9999.000,9999.000,9999.000
202605050612,   0.082,   0.439,9999.000,9999.000,9999.000,9999.000,9999.000,9999.000,9999.000
202605050618,   0.088,   0.459,9999.000,9999.000,9999.000,9999.000,9999.000,9999.000,9999.000
202605050624,   0.095,   0.469,9999.000,9999.000,9999.000,9999.000,9999.000,9999.000,9999.000
202605050630,   0.102,   0.478,9999.000,9999.000,9999.000,9999.000,9999.000,9999.000,9999.000
202605050636,   0.109,   0.498,9999.000,9999.000,9999.000,9999.000,9999.000,9999.000,9999.000
202605050642,   0.117,   0.541,9999.000,9999.000,9999.000,9999.000,9999.000,9999.000,9999.000
202605050648,   0.125,   0.570,9999.000,9999.000,9999.000,9999.000,9999.000,9999.000,9999.000
202605050654,   0.134,   0.570,9999.000,9999.000,9999.000,9999.000,9999.000,9999.000,9999.000
202605050700,   0.143,   0.590,   0.300,   0.147,   0.590,   0.300,   0.590,   0.300,   0.590
202605050706,   0.152,   0.619,9999.000,9999.000,9999.000,9999.000,9999.000,9999.000,9999.000
202605050712,   0.162,   0.629,9999.000,9999.000,9999.000,9999.000,9999.000,9999.000,9999.000
202605050718,   0.172,   0.629,9999.000,9999.000,9999.000,9999.000,9999.000,9999.000,9999.000
202605050724,   0.182,   0.649,9999.000,9999.000,9999.000,9999.000,9999.000,9999.000,9999.000
202605050730,   0.193,   0.669,9999.000,9999.000,9999.000,9999.000,9999.000,9999.000,9999.000
202605050736,   0.204,   0.688,9999.000,9999.000,9999.000,9999.000,9999.000,9999.000,9999.000
202605050742,   0.215,   0.698,9999.000,9999.000,9999.000,9999.000,9999.000,9999.000,9999.000
202605050748,   0.227,   0.718,9999.000,9999.000,9999.000,9999.000,9999.000,9999.000,9999.000
202605050754,   0.239,   0.708,9999.000,9999.000,9999.000,9999.000,9999.000,9999.000,9999.000
202605050800,   0.252,   0.741,   0.300,   0.189,   0.741,   0.300,   0.741,   0.300,   0.741
202605050806,   0.265,   0.760,9999.000,9999.000,9999.000,9999.000,9999.000,9999.000,9999.000
202605050812,   0.279,   0.770,9999.000,9999.000,9999.000,9999.000,9999.000,9999.000,9999.000
202605050818,   0.293,   0.800,9999.000,9999.000,9999.000,9999.000,9999.000,9999.000,9999.000
202605050824,   0.307,   0.810,9999.000,9999.000,9999.000,9999.000,9999.000,9999.000,9999.000
202605050830,   0.322,   0.829,9999.000,9999.000,9999.000,9999.000,9999.000,9999.000,9999.000
202605050836,   0.338,   0.859,9999.000,9999.000,9999.000,9999.000,9999.000,9999.000,9999.000
202605050842,   0.354,   0.898,9999.000,9999.000,9999.000,9999.000,9999.000,9999.000,9999.000
202605050848,   0.370,   0.908,9999.000,9999.000,9999.000,9999.000,9999.000,9999.000,9999.000
202605050854,   0.388,   0.918,9999.000,9999.000,9999.000,9999.000,9999.000,9999.000,9999.000
202605050900,   0.405,   0.941,   0.300,   0.236,   0.941,   0.300,   0.941,   0.300,   0.941
202605050906,   0.423,   0.951,9999.000,9999.000,9999.000,9999.000,9999.000,9999.000,9999.000
202605050912,   0.442,   0.990,9999.000,9999.000,9999.000,9999.000,9999.000,9999.000,9999.000
202605050918,   0.461,   1.020,9999.000,9999.000,9999.000,9999.000,9999.000,9999.000,9999.000
202605050924,   0.480,   1.049,9999.000,9999.000,9999.000,9999.000,9999.000,9999.000,9999.000
202605050930,   0.500,   1.069,9999.000,9999.000,9999.000,9999.000,9999.000,9999.000,9999.000
202605050936,   0.520,   1.098,9999.000,9999.000,9999.000,9999.000,9999.000,9999.000,9999.000
202605050942,   0.541,   1.138,9999.000,9999.000,9999.000,9999.000,9999.000,9999.000,9999.000
202605050948,   0.562,   1.151,9999.000,9999.000,9999.000,9999.000,9999.000,9999.000,9999.000
202605050954,   0.584,   1.180,9999.000,9999.000,9999.000,9999.000,9999.000,9999.000,9999.000
202605051000,   0.606,   1.210,   0.300,   0.304,   1.210,   0.300,   1.210,   0.300,   1.210
202605051006,   0.628,   1.249,9999.000,9999.000,9999.000,9999.000,9999.000,9999.000,9999.000
202605051012,   0.650,   1.259,9999.000,9999.000,9999.000,9999.000,9999.000,9999.000,9999.000
202605051018,   0.672,   1.279,9999.000,9999.000,9999.000,9999.000,9999.000,9999.000,9999.000
202605051024,   0.695,   1.308,9999.000,9999.000,9999.000,9999.000,9999.000,9999.000,9999.000
202605051030,   0.718,   1.308,9999.000,9999.000,9999.000,9999.000,9999.000,9999.000,9999.000
202605051036,   0.740,   1.338,9999.000,9999.000,9999.000,9999.000,9999.000,9999.000,9999.000
202605051042,   0.763,   1.390,9999.000,9999.000,9999.000,9999.000,9999.000,9999.000,9999.000
202605051048,   0.786,   1.400,9999.000,9999.000,9999.000,9999.000,9999.000,9999.000,9999.000
202605051054,   0.809,   1.420,9999.000,9999.000,9999.000,9999.000,9999.000,9999.000,9999.000
202605051100,   0.831,   1.430,   0.300,   0.299,   1.430,   0.300,   1.430,   0.400,   1.530
202605051106,   0.854,   1.439,9999.000,9999.000,9999.000,9999.000,9999.000,9999.000,9999.000
202605051112,   0.876,   1.449,9999.000,9999.000,9999.000,9999.000,9999.000,9999.000,9999.000
202605051118,   0.898,   1.469,9999.000,9999.000,9999.000,9999.000,9999.000,9999.000,9999.000
202605051124,   0.920,   1.489,9999.000,9999.000,9999.000,9999.000,9999.000,9999.000,9999.000
202605051130,   0.941,   1.508,9999.000,9999.000,9999.000,9999.000,9999.000,9999.000,9999.000
202605051136,   0.963,   1.528,9999.000,9999.000,9999.000,9999.000,9999.000,9999.000,9999.000
202605051142,   0.984,   1.528,9999.000,9999.000,9999.000,9999.000,9999.000,9999.000,9999.000
202605051148,   1.004,   1.548,9999.000,9999.000,9999.000,9999.000,9999.000,9999.000,9999.000
202605051154,   1.025,   1.580,9999.000,9999.000,9999.000,9999.000,9999.000,9999.000,9999.000
202605051200,   1.045,   1.590,   0.400,   0.145,   1.590,   0.300,   1.490,   0.400,   1.590
202605051206,   1.064,   1.600,9999.000,9999.000,9999.000,9999.000,9999.000,9999.000,9999.000
202605051212,   1.084,   1.620,9999.000,9999.000,9999.000,9999.000,9999.000,9999.000,9999.000
202605051218,   1.103,   1.630,9999.000,9999.000,9999.000,9999.000,9999.000,9999.000,9999.000
202605051224,   1.121,   1.639,9999.000,9999.000,9999.000,9999.000,9999.000,9999.000,9999.000
202605051230,   1.140,   1.639,9999.000,9999.000,9999.000,9999.000,9999.000,9999.000,9999.000
202605051236,   1.158,   1.639,9999.000,9999.000,9999.000,9999.000,9999.000,9999.000,9999.000
202605051242,   1.176,   1.669,9999.000,9999.000,9999.000,9999.000,9999.000,9999.000,9999.000
202605051248,   1.193,   1.689,9999.000,9999.000,9999.000,9999.000,9999.000,9999.000,9999.000
202605051254,   1.211,   1.699,9999.000,9999.000,9999.000,9999.000,9999.000,9999.000,9999.000
202605051300,   1.228,   1.708,   0.400,   0.080,   1.708,   0.400,   1.708,   0.400,   1.708
202605051306,   1.245,   1.738,9999.000,9999.000,9999.000,9999.000,9999.000,9999.000,9999.000
202605051312,   1.262,   1.748,9999.000,9999.000,9999.000,9999.000,9999.000,9999.000,9999.000
202605051318,   1.279,   1.781,9999.000,9999.000,9999.000,9999.000,9999.000,9999.000,9999.000
202605051324,   1.296,   1.790,9999.000,9999.000,9999.000,9999.000,9999.000,9999.000,9999.000
202605051330,   1.312,   1.781,9999.000,9999.000,9999.000,9999.000,9999.000,9999.000,9999.000
202605051336,   1.329,   1.810,9999.000,9999.000,9999.000,9999.000,9999.000,9999.000,9999.000
202605051342,   1.346,   1.830,9999.000,9999.000,9999.000,9999.000,9999.000,9999.000,9999.000
202605051348,   1.363,   1.849,9999.000,9999.000,9999.000,9999.000,9999.000,9999.000,9999.000
202605051354,   1.380,   1.869,9999.000,9999.000,9999.000,9999.000,9999.000,9999.000,9999.000
202605051400,   1.396,   1.889,   0.400,   0.093,   1.889,   0.400,   1.889,   0.400,   1.889
202605051406,   1.414,   1.918,9999.000,9999.000,9999.000,9999.000,9999.000,9999.000,9999.000
202605051412,   1.431,   1.938,9999.000,9999.000,9999.000,9999.000,9999.000,9999.000,9999.000
202605051418,   1.448,   1.958,9999.000,9999.000,9999.000,9999.000,9999.000,9999.000,9999.000
202605051424,   1.466,   1.967,9999.000,9999.000,9999.000,9999.000,9999.000,9999.000,9999.000
202605051430,   1.484,   2.000,9999.000,9999.000,9999.000,9999.000,9999.000,9999.000,9999.000
202605051436,   1.502,   2.010,9999.000,9999.000,9999.000,9999.000,9999.000,9999.000,9999.000
202605051442,   1.520,   2.030,9999.000,9999.000,9999.000,9999.000,9999.000,9999.000,9999.000
202605051448,   1.538,   2.059,9999.000,9999.000,9999.000,9999.000,9999.000,9999.000,9999.000
202605051454,   1.557,   2.099,9999.000,9999.000,9999.000,9999.000,9999.000,9999.000,9999.000
202605051500,   1.576,   2.109,   0.400,   0.133,   2.109,   0.400,   2.109,   0.400,   2.109
202605051506,   1.595,   2.138,9999.000,9999.000,9999.000,9999.000,9999.000,9999.000,9999.000
202605051512,   1.615,   2.168,9999.000,9999.000,9999.000,9999.000,9999.000,9999.000,9999.000
202605051518,   1.634,   2.168,9999.000,9999.000,9999.000,9999.000,9999.000,9999.000,9999.000
202605051524,   1.654,   2.210,9999.000,9999.000,9999.000,9999.000,9999.000,9999.000,9999.000
202605051530,   1.674,   2.230,9999.000,9999.000,9999.000,9999.000,9999.000,9999.000,9999.000
202605051536,   1.694,   2.250,9999.000,9999.000,9999.000,9999.000,9999.000,9999.000,9999.000
202605051542,   1.715,   2.279,9999.000,9999.000,9999.000,9999.000,9999.000,9999.000,9999.000
202605051548,   1.735,   2.299,9999.000,9999.000,9999.000,9999.000,9999.000,9999.000,9999.000
202605051554,   1.756,   2.318,9999.000,9999.000,9999.000,9999.000,9999.000,9999.000,9999.000
202605051600,   1.776,   2.338,   0.400,   0.162,   2.338,   0.400,   2.338,   0.500,   2.438
202605051606,   1.797,   2.358,9999.000,9999.000,9999.000,9999.000,9999.000,9999.000,9999.000
202605051612,   1.818,   2.377,9999.000,9999.000,9999.000,9999.000,9999.000,9999.000,9999.000
202605051618,   1.838,   2.410,9999.000,9999.000,9999.000,9999.000,9999.000,9999.000,9999.000
202605051624,   1.859,   2.420,9999.000,9999.000,9999.000,9999.000,9999.000,9999.000,9999.000
202605051630,   1.879,   2.450,9999.000,9999.000,9999.000,9999.000,9999.000,9999.000,9999.000
202605051636,   1.900,   2.479,9999.000,9999.000,9999.000,9999.000,9999.000,9999.000,9999.000
202605051642,   1.920,   2.499,9999.000,9999.000,9999.000,9999.000,9999.000,9999.000,9999.000
202605051648,   1.940,   2.509,9999.000,9999.000,9999.000,9999.000,9999.000,9999.000,9999.000
202605051654,   1.960,   2.538,9999.000,9999.000,9999.000,9999.000,9999.000,9999.000,9999.000
202605051700,   1.979,   2.558,   0.400,   0.179,   2.558,   0.400,   2.558,   0.500,   2.658
202605051706,   1.998,   2.578,9999.000,9999.000,9999.000,9999.000,9999.000,9999.000,9999.000
202605051712,   2.016,   2.597,9999.000,9999.000,9999.000,9999.000,9999.000,9999.000,9999.000
202605051718,   2.034,   2.620,9999.000,9999.000,9999.000,9999.000,9999.000,9999.000,9999.000
202605051724,   2.052,   2.620,9999.000,9999.000,9999.000,9999.000,9999.000,9999.000,9999.000
202605051730,   2.069,   2.640,9999.000,9999.000,9999.000,9999.000,9999.000,9999.000,9999.000
202605051736,   2.085,   2.650,9999.000,9999.000,9999.000,9999.000,9999.000,9999.000,9999.000
202605051742,   2.100,   2.660,9999.000,9999.000,9999.000,9999.000,9999.000,9999.000,9999.000
202605051748,   2.115,   2.669,9999.000,9999.000,9999.000,9999.000,9999.000,9999.000,9999.000
202605051754,   2.129,   2.669,9999.000,9999.000,9999.000,9999.000,9999.000,9999.000,9999.000
202605051800,   2.141,   2.689,   0.600,  -0.052,   2.689,   0.500,   2.589,   0.600,   2.689
202605051806,   2.153,   2.699,9999.000,9999.000,9999.000,9999.000,9999.000,9999.000,9999.000
202605051812,   2.164,   2.689,9999.000,9999.000,9999.000,9999.000,9999.000,9999.000,9999.000
202605051818,   2.174,   2.689,9999.000,9999.000,9999.000,9999.000,9999.000,9999.000,9999.000
202605051824,   2.182,   2.689,9999.000,9999.000,9999.000,9999.000,9999.000,9999.000,9999.000
202605051830,   2.190,   2.709,9999.000,9999.000,9999.000,9999.000,9999.000,9999.000,9999.000
202605051836,   2.196,   2.679,9999.000,9999.000,9999.000,9999.000,9999.000,9999.000,9999.000
202605051842,   2.201,   2.679,9999.000,9999.000,9999.000,9999.000,9999.000,9999.000,9999.000
202605051848,   2.205,   2.689,9999.000,9999.000,9999.000,9999.000,9999.000,9999.000,9999.000
202605051854,   2.207,   2.699,9999.000,9999.000,9999.000,9999.000,9999.000,9999.000,9999.000
202605051900,   2.208,   2.669,   0.600,  -0.139,   2.669,   0.600,   2.669,   0.600,   2.669
202605051906,   2.208,   2.679,9999.000,9999.000,9999.000,9999.000,9999.000,9999.000,9999.000
202605051912,   2.206,   2.660,9999.000,9999.000,9999.000,9999.000,9999.000,9999.000,9999.000
202605051918,   2.203,   2.660,9999.000,9999.000,9999.000,9999.000,9999.000,9999.000,9999.000
202605051924,   2.198,   2.660,9999.000,9999.000,9999.000,9999.000,9999.000,9999.000,9999.000
202605051930,   2.192,   2.640,9999.000,9999.000,9999.000,9999.000,9999.000,9999.000,9999.000
202605051936,   2.185,   2.620,9999.000,9999.000,9999.000,9999.000,9999.000,9999.000,9999.000
202605051942,   2.176,   2.610,9999.000,9999.000,9999.000,9999.000,9999.000,9999.000,9999.000
202605051948,   2.166,   2.597,9999.000,9999.000,9999.000,9999.000,9999.000,9999.000,9999.000
202605051954,   2.155,   2.587,9999.000,9999.000,9999.000,9999.000,9999.000,9999.000,9999.000
202605052000,   2.142,   2.568,   0.600,  -0.174,   2.568,   0.600,   2.568,   0.600,   2.568
202605052006,   2.128,   2.578,9999.000,9999.000,9999.000,9999.000,9999.000,9999.000,9999.000
202605052012,   2.113,   2.568,9999.000,9999.000,9999.000,9999.000,9999.000,9999.000,9999.000
202605052018,   2.096,   2.558,9999.000,9999.000,9999.000,9999.000,9999.000,9999.000,9999.000
202605052024,   2.078,   2.538,9999.000,9999.000,9999.000,9999.000,9999.000,9999.000,9999.000
202605052030,   2.060,   2.499,9999.000,9999.000,9999.000,9999.000,9999.000,9999.000,9999.000
202605052036,   2.040,   2.509,9999.000,9999.000,9999.000,9999.000,9999.000,9999.000,9999.000
202605052042,   2.019,   2.489,9999.000,9999.000,9999.000,9999.000,9999.000,9999.000,9999.000
202605052048,   1.997,   2.479,9999.000,9999.000,9999.000,9999.000,9999.000,9999.000,9999.000
202605052054,   1.974,   2.459,9999.000,9999.000,9999.000,9999.000,9999.000,9999.000,9999.000
202605052100,   1.951,   2.450,   0.600,  -0.101,   2.450,   0.600,   2.450,   0.700,   2.550
202605052106,   1.927,   2.440,9999.000,9999.000,9999.000,9999.000,9999.000,9999.000,9999.000
202605052112,   1.902,   2.420,9999.000,9999.000,9999.000,9999.000,9999.000,9999.000,9999.000
202605052118,   1.876,   2.400,9999.000,9999.000,9999.000,9999.000,9999.000,9999.000,9999.000
202605052124,   1.850,   2.377,9999.000,9999.000,9999.000,9999.000,9999.000,9999.000,9999.000
202605052130,   1.823,   2.358,9999.000,9999.000,9999.000,9999.000,9999.000,9999.000,9999.000
202605052136,   1.796,   2.358,9999.000,9999.000,9999.000,9999.000,9999.000,9999.000,9999.000
202605052142,   1.768,   2.328,9999.000,9999.000,9999.000,9999.000,9999.000,9999.000,9999.000
202605052148,   1.740,   2.318,9999.000,9999.000,9999.000,9999.000,9999.000,9999.000,9999.000
202605052154,   1.712,   2.299,9999.000,9999.000,9999.000,9999.000,9999.000,9999.000,9999.000
202605052200,   1.683,   2.269,   0.600,  -0.014,   2.269,   0.600,   2.269,   0.700,   2.369
202605052206,   1.654,   2.240,9999.000,9999.000,9999.000,9999.000,9999.000,9999.000,9999.000
202605052212,   1.625,   2.220,9999.000,9999.000,9999.000,9999.000,9999.000,9999.000,9999.000
202605052218,   1.595,   2.191,9999.000,9999.000,9999.000,9999.000,9999.000,9999.000,9999.000
202605052224,   1.566,   2.177,9999.000,9999.000,9999.000,9999.000,9999.000,9999.000,9999.000
202605052230,   1.536,   2.158,9999.000,9999.000,9999.000,9999.000,9999.000,9999.000,9999.000
202605052236,   1.506,   2.118,9999.000,9999.000,9999.000,9999.000,9999.000,9999.000,9999.000
202605052242,   1.477,   2.099,9999.000,9999.000,9999.000,9999.000,9999.000,9999.000,9999.000
202605052248,   1.447,   2.059,9999.000,9999.000,9999.000,9999.000,9999.000,9999.000,9999.000
202605052254,   1.417,   2.030,9999.000,9999.000,9999.000,9999.000,9999.000,9999.000,9999.000
202605052300,   1.387,   1.990,   0.700,  -0.097,   1.990,   0.600,   1.890,   0.700,   1.990
202605052306,   1.357,   1.967,9999.000,9999.000,9999.000,9999.000,9999.000,9999.000,9999.000
202605052312,   1.327,   1.928,9999.000,9999.000,9999.000,9999.000,9999.000,9999.000,9999.000
202605052318,   1.297,   1.889,9999.000,9999.000,9999.000,9999.000,9999.000,9999.000,9999.000
202605052324,   1.268,   1.859,9999.000,9999.000,9999.000,9999.000,9999.000,9999.000,9999.000
202605052330,   1.238,   1.830,9999.000,9999.000,9999.000,9999.000,9999.000,9999.000,9999.000
202605052336,   1.208,   1.790,9999.000,9999.000,9999.000,9999.000,9999.000,9999.000,9999.000
202605052342,   1.179,   1.748,9999.000,9999.000,9999.000,9999.000,9999.000,9999.000,9999.000
202605052348,   1.149,   1.728,9999.000,9999.000,9999.000,9999.000,9999.000,9999.000,9999.000
202605052354,   1.120,   1.689,9999.000,9999.000,9999.000,9999.000,9999.000,9999.000,9999.000
202605060000,   1.091,   1.649,   0.600,  -0.042,   1.649,   0.500,   1.549,   0.600,   1.649
202605060006,   1.062,   1.600,9999.000,9999.000,9999.000,9999.000,9999.000,9999.000,9999.000
202605060012,   1.033,   1.590,9999.000,9999.000,9999.000,9999.000,9999.000,9999.000,9999.000
202605060018,   1.004,   1.538,9999.000,9999.000,9999.000,9999.000,9999.000,9999.000,9999.000
202605060024,   0.975,   1.528,9999.000,9999.000,9999.000,9999.000,9999.000,9999.000,9999.000
202605060030,   0.947,   1.489,9999.000,9999.000,9999.000,9999.000,9999.000,9999.000,9999.000
202605060036,   0.919,   1.469,9999.000,9999.000,9999.000,9999.000,9999.000,9999.000,9999.000
202605060042,   0.891,   1.430,9999.000,9999.000,9999.000,9999.000,9999.000,9999.000,9999.000
202605060048,   0.863,   1.400,9999.000,9999.000,9999.000,9999.000,9999.000,9999.000,9999.000
202605060054,   0.836,   1.380,9999.000,9999.000,9999.000,9999.000,9999.000,9999.000,9999.000
202605060100,   0.808,   1.328,   0.600,  -0.080,   1.328,   0.500,   1.228,   0.600,   1.328
202605060106,   0.782,   1.289,9999.000,9999.000,9999.000,9999.000,9999.000,9999.000,9999.000
202605060112,   0.755,   1.259,9999.000,9999.000,9999.000,9999.000,9999.000,9999.000,9999.000
202605060118,   0.729,   1.229,9999.000,9999.000,9999.000,9999.000,9999.000,9999.000,9999.000
202605060124,   0.703,   1.210,9999.000,9999.000,9999.000,9999.000,9999.000,9999.000,9999.000
202605060130,   0.678,   1.180,9999.000,9999.000,9999.000,9999.000,9999.000,9999.000,9999.000
202605060136,   0.653,   1.161,9999.000,9999.000,9999.000,9999.000,9999.000,9999.000,9999.000
202605060142,   0.629,   1.118,9999.000,9999.000,9999.000,9999.000,9999.000,9999.000,9999.000
202605060148,   0.605,   1.128,9999.000,9999.000,9999.000,9999.000,9999.000,9999.000,9999.000
202605060154,   0.581,   1.088,9999.000,9999.000,9999.000,9999.000,9999.000,9999.000,9999.000
202605060200,   0.558,   1.059,   0.600,  -0.099,   1.059,   0.600,   1.059,   0.600,   1.059
202605060206,   0.536,   1.029,9999.000,9999.000,9999.000,9999.000,9999.000,9999.000,9999.000
202605060212,   0.514,   1.000,9999.000,9999.000,9999.000,9999.000,9999.000,9999.000,9999.000
202605060218,   0.492,   0.980,9999.000,9999.000,9999.000,9999.000,9999.000,9999.000,9999.000
202605060224,   0.471,   0.970,9999.000,9999.000,9999.000,9999.000,9999.000,9999.000,9999.000
202605060230,   0.451,   0.941,9999.000,9999.000,9999.000,9999.000,9999.000,9999.000,9999.000
202605060236,   0.431,   0.908,9999.000,9999.000,9999.000,9999.000,9999.000,9999.000,9999.000
202605060242,   0.411,   0.888,9999.000,9999.000,9999.000,9999.000,9999.000,9999.000,9999.000
202605060248,   0.392,   0.849,9999.000,9999.000,9999.000,9999.000,9999.000,9999.000,9999.000
202605060254,   0.374,   0.839,9999.000,9999.000,9999.000,9999.000,9999.000,9999.000,9999.000
202605060300,   0.356,   0.829,   0.600,  -0.127,   0.829,   0.600,   0.829,   0.600,   0.829
202605060306,   0.339,   0.810,9999.000,9999.000,9999.000,9999.000,9999.000,9999.000,9999.000
202605060312,   0.322,   0.790,9999.000,9999.000,9999.000,9999.000,9999.000,9999.000,9999.000
202605060318,   0.306,   0.770,9999.000,9999.000,9999.000,9999.000,9999.000,9999.000,9999.000
202605060324,   0.290,   0.760,9999.000,9999.000,9999.000,9999.000,9999.000,9999.000,9999.000
202605060330,   0.275,   0.741,9999.000,9999.000,9999.000,9999.000,9999.000,9999.000,9999.000
202605060336,   0.260,   0.741,9999.000,9999.000,9999.000,9999.000,9999.000,9999.000,9999.000
202605060342,   0.246,   0.731,9999.000,9999.000,9999.000,9999.000,9999.000,9999.000,9999.000
202605060348,   0.233,   0.708,9999.000,9999.000,9999.000,9999.000,9999.000,9999.000,9999.000
202605060354,   0.220,   0.688,9999.000,9999.000,9999.000,9999.000,9999.000,9999.000,9999.000
202605060400,   0.207,   0.669,   0.600,  -0.138,   0.669,   0.600,   0.669,   0.600,   0.669
202605060406,   0.195,   0.659,9999.000,9999.000,9999.000,9999.000,9999.000,9999.000,9999.000
202605060412,   0.183,   0.659,9999.000,9999.000,9999.000,9999.000,9999.000,9999.000,9999.000
202605060418,   0.172,   0.639,9999.000,9999.000,9999.000,9999.000,9999.000,9999.000,9999.000
202605060424,   0.162,   0.649,9999.000,9999.000,9999.000,9999.000,9999.000,9999.000,9999.000
202605060430,   0.152,   0.649,9999.000,9999.000,9999.000,9999.000,9999.000,9999.000,9999.000
202605060436,   0.142,   0.619,9999.000,9999.000,9999.000,9999.000,9999.000,9999.000,9999.000
202605060442,   0.133,   0.629,9999.000,9999.000,9999.000,9999.000,9999.000,9999.000,9999.000
202605060448,   0.124,   0.629,9999.000,9999.000,9999.000,9999.000,9999.000,9999.000,9999.000
202605060454,   0.116,   0.619,9999.000,9999.000,9999.000,9999.000,9999.000,9999.000,9999.000
202605060500,   0.109,   0.619,   0.600,  -0.090,   0.619,   0.600,   0.619,   0.600,   0.619
202605060506,   0.102,   0.619,9999.000,9999.000,9999.000,9999.000,9999.000,9999.000,9999.000
202605060512,   0.095,   0.619,9999.000,9999.000,9999.000,9999.000,9999.000,9999.000,9999.000
202605060518,   0.089,   0.600,9999.000,9999.000,9999.000,9999.000,9999.000,9999.000,9999.000
202605060524,   0.084,   0.610,9999.000,9999.000,9999.000,9999.000,9999.000,9999.000,9999.000
202605060530,   0.079,   0.619,9999.000,9999.000,9999.000,9999.000,9999.000,9999.000,9999.000
202605060536,   0.074,   0.619,9999.000,9999.000,9999.000,9999.000,9999.000,9999.000,9999.000
202605060542,   0.070,   0.619,9999.000,9999.000,9999.000,9999.000,9999.000,9999.000,9999.000
202605060548,   0.067,   0.639,9999.000,9999.000,9999.000,9999.000,9999.000,9999.000,9999.000
202605060554,   0.064,   0.619,9999.000,9999.000,9999.000,9999.000,9999.000,9999.000,9999.000
202605060600,   0.062,   0.629,   0.500,   0.067,   0.629,   0.500,   0.629,   0.600,   0.729
202605060606,   0.060,   0.619,9999.000,9999.000,9999.000,9999.000,9999.000,9999.000,9999.000
202605060612,   0.059,   0.639,9999.000,9999.000,9999.000,9999.000,9999.000,9999.000,9999.000
202605060618,   0.058,   0.639,9999.000,9999.000,9999.000,9999.000,9999.000,9999.000,9999.000
202605060624,   0.058,   0.659,9999.000,9999.000,9999.000,9999.000,9999.000,9999.000,9999.000
202605060630,   0.058,   0.649,9999.000,9999.000,9999.000,9999.000,9999.000,9999.000,9999.000
202605060636,   0.059,   0.659,9999.000,9999.000,9999.000,9999.000,9999.000,9999.000,9999.000
202605060642,   0.060,   0.678,9999.000,9999.000,9999.000,9999.000,9999.000,9999.000,9999.000
202605060648,   0.062,   0.688,9999.000,9999.000,9999.000,9999.000,9999.000,9999.000,9999.000
202605060654,   0.064,   0.698,9999.000,9999.000,9999.000,9999.000,9999.000,9999.000,9999.000
202605060700,   0.067,   0.718,   0.500,   0.151,   0.718,   0.500,   0.718,   0.600,   0.818
202605060706,   0.070,   0.741,9999.000,9999.000,9999.000,9999.000,9999.000,9999.000,9999.000
202605060712,   0.074,   0.760,9999.000,9999.000,9999.000,9999.000,9999.000,9999.000,9999.000
202605060718,   0.078,   0.770,9999.000,9999.000,9999.000,9999.000,9999.000,9999.000,9999.000
202605060724,   0.083,   0.790,9999.000,9999.000,9999.000,9999.000,9999.000,9999.000,9999.000
202605060730,   0.089,   0.819,9999.000,9999.000,9999.000,9999.000,9999.000,9999.000,9999.000
202605060736,   0.095,   0.829,9999.000,9999.000,9999.000,9999.000,9999.000,9999.000,9999.000
202605060742,   0.101,   0.849,9999.000,9999.000,9999.000,9999.000,9999.000,9999.000,9999.000
202605060748,   0.108,   0.888,9999.000,9999.000,9999.000,9999.000,9999.000,9999.000,9999.000
202605060754,   0.115,   0.918,9999.000,9999.000,9999.000,9999.000,9999.000,9999.000,9999.000
202605060800,   0.123,   0.951,   0.500,   0.328,   0.951,   0.500,   0.951,   0.600,   1.051
202605060806,   0.132,   0.970,9999.000,9999.000,9999.000,9999.000,9999.000,9999.000,9999.000
202605060812,   0.141,   1.000,9999.000,9999.000,9999.000,9999.000,9999.000,9999.000,9999.000
202605060818,   0.150,   1.029,9999.000,9999.000,9999.000,9999.000,9999.000,9999.000,9999.000
202605060824,   0.160,   1.059,9999.000,9999.000,9999.000,9999.000,9999.000,9999.000,9999.000
202605060830,   0.171,   1.088,9999.000,9999.000,9999.000,9999.000,9999.000,9999.000,9999.000
202605060836,   0.182,   1.118,9999.000,9999.000,9999.000,9999.000,9999.000,9999.000,9999.000
202605060842,   0.194,   1.151,9999.000,9999.000,9999.000,9999.000,9999.000,9999.000,9999.000
202605060848,   0.206,   1.180,9999.000,9999.000,9999.000,9999.000,9999.000,9999.000,9999.000
202605060854,   0.219,   1.210,9999.000,9999.000,9999.000,9999.000,9999.000,9999.000,9999.000
202605060900,   0.233,   1.249,   0.500,   0.516,   1.249,   0.500,   1.249,   0.600,   1.349
202605060906,   0.247,   1.269,9999.000,9999.000,9999.000,9999.000,9999.000,9999.000,9999.000
202605060912,   0.262,   1.298,9999.000,9999.000,9999.000,9999.000,9999.000,9999.000,9999.000
202605060918,   0.277,   1.338,9999.000,9999.000,9999.000,9999.000,9999.000,9999.000,9999.000
202605060924,   0.293,   1.361,9999.000,9999.000,9999.000,9999.000,9999.000,9999.000,9999.000
202605060930,   0.310,   1.400,9999.000,9999.000,9999.000,9999.000,9999.000,9999.000,9999.000
202605060936,   0.327,   1.430,9999.000,9999.000,9999.000,9999.000,9999.000,9999.000,9999.000
202605060942,   0.345,   1.459,9999.000,9999.000,9999.000,9999.000,9999.000,9999.000,9999.000
202605060948,   0.363,   1.498,9999.000,9999.000,9999.000,9999.000,9999.000,9999.000,9999.000
202605060954,   0.382,   1.498,9999.000,9999.000,9999.000,9999.000,9999.000,9999.000,9999.000
202605061000,   0.402,   1.528,   0.500,   0.626,   1.528,   0.500,   1.528,   0.600,   1.628
202605061006,   0.422,   1.548,9999.000,9999.000,9999.000,9999.000,9999.000,9999.000,9999.000
202605061012,   0.442,   1.580,9999.000,9999.000,9999.000,9999.000,9999.000,9999.000,9999.000
202605061018,   0.463,   1.610,9999.000,9999.000,9999.000,9999.000,9999.000,9999.000,9999.000
202605061024,   0.484,   1.620,9999.000,9999.000,9999.000,9999.000,9999.000,9999.000,9999.000
202605061030,   0.506,   1.649,9999.000,9999.000,9999.000,9999.000,9999.000,9999.000,9999.000
202605061036,   0.528,   1.649,9999.000,9999.000,9999.000,9999.000,9999.000,9999.000,9999.000
202605061042,   0.551,   1.669,9999.000,9999.000,9999.000,9999.000,9999.000,9999.000,9999.000
202605061048,   0.574,   1.689,9999.000,9999.000,9999.000,9999.000,9999.000,9999.000,9999.000
202605061054,   0.597,   1.708,9999.000,9999.000,9999.000,9999.000,9999.000,9999.000,9999.000
202605061100,   0.620,   1.718,   0.600,   0.498,   1.718,   0.500,   1.618,   0.600,   1.718
202605061106,   0.643,   1.728,9999.000,9999.000,9999.000,9999.000,9999.000,9999.000,9999.000
202605061112,   0.667,   1.748,9999.000,9999.000,9999.000,9999.000,9999.000,9999.000,9999.000
202605061118,   0.690,   1.748,9999.000,9999.000,9999.000,9999.000,9999.000,9999.000,9999.000
202605061124,   0.714,   1.758,9999.000,9999.000,9999.000,9999.000,9999.000,9999.000,9999.000
202605061130,   0.738,   1.758,9999.000,9999.000,9999.000,9999.000,9999.000,9999.000,9999.000
202605061136,   0.761,   1.767,9999.000,9999.000,9999.000,9999.000,9999.000,9999.000,9999.000
202605061142,   0.785,   1.790,9999.000,9999.000,9999.000,9999.000,9999.000,9999.000,9999.000
202605061148,   0.808,   1.800,9999.000,9999.000,9999.000,9999.000,9999.000,9999.000,9999.000
202605061154,   0.832,   1.800,9999.000,9999.000,9999.000,9999.000,9999.000,9999.000,9999.000
202605061200,   0.855,   1.790,   0.600,   0.335,   1.790,   0.500,   1.690,   0.600,   1.790
202605061206,   0.878,   1.800,9999.000,9999.000,9999.000,9999.000,9999.000,9999.000,9999.000
202605061212,   0.900,   1.830,9999.000,9999.000,9999.000,9999.000,9999.000,9999.000,9999.000
202605061218,   0.923,   1.820,9999.000,9999.000,9999.000,9999.000,9999.000,9999.000,9999.000
202605061224,   0.945,   1.830,9999.000,9999.000,9999.000,9999.000,9999.000,9999.000,9999.000
202605061230,   0.967,   1.840,9999.000,9999.000,9999.000,9999.000,9999.000,9999.000,9999.000
202605061236,   0.988,   1.849,9999.000,9999.000,9999.000,9999.000,9999.000,9999.000,9999.000
202605061242,   1.010,   1.859,9999.000,9999.000,9999.000,9999.000,9999.000,9999.000,9999.000
202605061248,   1.031,   1.869,9999.000,9999.000,9999.000,9999.000,9999.000,9999.000,9999.000
202605061254,   1.052,   1.859,9999.000,9999.000,9999.000,9999.000,9999.000,9999.000,9999.000
202605061300,   1.072,   1.889,   0.600,   0.217,   1.889,   0.500,   1.789,   0.600,   1.889
202605061306,   1.092,   1.889,9999.000,9999.000,9999.000,9999.000,9999.000,9999.000,9999.000
202605061312,   1.112,   1.899,9999.000,9999.000,9999.000,9999.000,9999.000,9999.000,9999.000
202605061318,   1.132,   1.918,9999.000,9999.000,9999.000,9999.000,9999.000,9999.000,9999.000
202605061324,   1.151,   1.928,9999.000,9999.000,9999.000,9999.000,9999.000,9999.000,9999.000
202605061330,   1.171,   1.938,9999.000,9999.000,9999.000,9999.000,9999.000,9999.000,9999.000
202605061336,   1.190,   1.958,9999.000,9999.000,9999.000,9999.000,9999.000,9999.000,9999.000
202605061342,   1.209,   1.967,9999.000,9999.000,9999.000,9999.000,9999.000,9999.000,9999.000
202605061348,   1.228,   1.981,9999.000,9999.000,9999.000,9999.000,9999.000,9999.000,9999.000
202605061354,   1.246,   2.000,9999.000,9999.000,9999.000,9999.000,9999.000,9999.000,9999.000
202605061400,   1.265,   2.000,   0.500,   0.235,   2.000,   0.500,   2.000,   0.600,   2.100
202605061406,   1.284,   2.030,9999.000,9999.000,9999.000,9999.000,9999.000,9999.000,9999.000
202605061412,   1.302,   2.040,9999.000,9999.000,9999.000,9999.000,9999.000,9999.000,9999.000
202605061418,   1.321,   2.069,9999.000,9999.000,9999.000,9999.000,9999.000,9999.000,9999.000
202605061424,   1.340,   2.089,9999.000,9999.000,9999.000,9999.000,9999.000,9999.000,9999.000
202605061430,   1.358,   2.118,9999.000,9999.000,9999.000,9999.000,9999.000,9999.000,9999.000
202605061436,   1.377,   2.138,9999.000,9999.000,9999.000,9999.000,9999.000,9999.000,9999.000
202605061442,   1.396,   2.158,9999.000,9999.000,9999.000,9999.000,9999.000,9999.000,9999.000
202605061448,   1.415,   2.191,9999.000,9999.000,9999.000,9999.000,9999.000,9999.000,9999.000
202605061454,   1.434,   2.191,9999.000,9999.000,9999.000,9999.000,9999.000,9999.000,9999.000
202605061500,   1.453,   2.200,   0.500,   0.247,   2.200,   0.500,   2.200,   0.600,   2.300
202605061506,   1.472,   2.220,9999.000,9999.000,9999.000,9999.000,9999.000,9999.000,9999.000
202605061512,   1.492,   2.240,9999.000,9999.000,9999.000,9999.000,9999.000,9999.000,9999.000
202605061518,   1.511,   2.250,9999.000,9999.000,9999.000,9999.000,9999.000,9999.000,9999.000
202605061524,   1.531,   2.269,9999.000,9999.000,9999.000,9999.000,9999.000,9999.000,9999.000
202605061530,   1.551,   2.299,9999.000,9999.000,9999.000,9999.000,9999.000,9999.000,9999.000
202605061536,   1.571,   2.299,9999.000,9999.000,9999.000,9999.000,9999.000,9999.000,9999.000
202605061542,   1.591,   2.328,9999.000,9999.000,9999.000,9999.000,9999.000,9999.000,9999.000
202605061548,   1.611,   2.358,9999.000,9999.000,9999.000,9999.000,9999.000,9999.000,9999.000
202605061554,   1.631,   2.368,9999.000,9999.000,9999.000,9999.000,9999.000,9999.000,9999.000
202605061600,   1.651,   2.400,   0.500,   0.249,   2.400,   0.500,   2.400,   0.600,   2.500
202605061606,   1.672,   2.400,9999.000,9999.000,9999.000,9999.000,9999.000,9999.000,9999.000
202605061612,   1.692,   2.420,9999.000,9999.000,9999.000,9999.000,9999.000,9999.000,9999.000
202605061618,   1.713,   2.440,9999.000,9999.000,9999.000,9999.000,9999.000,9999.000,9999.000
202605061624,   1.733,   2.450,9999.000,9999.000,9999.000,9999.000,9999.000,9999.000,9999.000
202605061630,   1.753,   2.459,9999.000,9999.000,9999.000,9999.000,9999.000,9999.000,9999.000
202605061636,   1.774,   2.489,9999.000,9999.000,9999.000,9999.000,9999.000,9999.000,9999.000
202605061642,   1.794,   2.499,9999.000,9999.000,9999.000,9999.000,9999.000,9999.000,9999.000
202605061648,   1.814,   2.499,9999.000,9999.000,9999.000,9999.000,9999.000,9999.000,9999.000
202605061654,   1.834,   2.538,9999.000,9999.000,9999.000,9999.000,9999.000,9999.000,9999.000
202605061700,   1.853,   2.558,   0.500,   0.205,   2.558,   0.500,   2.558,   0.600,   2.658
202605061706,   1.873,   2.568,9999.000,9999.000,9999.000,9999.000,9999.000,9999.000,9999.000
202605061712,   1.892,   2.578,9999.000,9999.000,9999.000,9999.000,9999.000,9999.000,9999.000
202605061718,   1.911,   2.578,9999.000,9999.000,9999.000,9999.000,9999.000,9999.000,9999.000
202605061724,   1.930,   2.587,9999.000,9999.000,9999.000,9999.000,9999.000,9999.000,9999.000
202605061730,   1.948,   2.597,9999.000,9999.000,9999.000,9999.000,9999.000,9999.000,9999.000
202605061736,   1.966,   2.610,9999.000,9999.000,9999.000,9999.000,9999.000,9999.000,9999.000
202605061742,   1.984,   2.620,9999.000,9999.000,9999.000,9999.000,9999.000,9999.000,9999.000
202605061748,   2.001,   2.620,9999.000,9999.000,9999.000,9999.000,9999.000,9999.000,9999.000
202605061754,   2.017,   2.620,9999.000,9999.000,9999.000,9999.000,9999.000,9999.000,9999.000
202605061800,   2.033,   2.640,   0.800,  -0.193,   2.640,   0.700,   2.540,   0.800,   2.640
202605061806,   2.049,   2.630,9999.000,9999.000,9999.000,9999.000,9999.000,9999.000,9999.000
202605061812,   2.063,   2.630,9999.000,9999.000,9999.000,9999.000,9999.000,9999.000,9999.000
202605061818,   2.077,   2.630,9999.000,9999.000,9999.000,9999.000,9999.000,9999.000,9999.000
202605061824,   2.091,   2.650,9999.000,9999.000,9999.000,9999.000,9999.000,9999.000,9999.000
202605061830,   2.103,   2.630,9999.000,9999.000,9999.000,9999.000,9999.000,9999.000,9999.000
202605061836,   2.115,   2.650,9999.000,9999.000,9999.000,9999.000,9999.000,9999.000,9999.000
202605061842,   2.126,   2.669,9999.000,9999.000,9999.000,9999.000,9999.000,9999.000,9999.000
202605061848,   2.136,   2.679,9999.000,9999.000,9999.000,9999.000,9999.000,9999.000,9999.000
202605061854,   2.145,   2.669,9999.000,9999.000,9999.000,9999.000,9999.000,9999.000,9999.000
202605061900,   2.153,   2.660,   0.800,  -0.293,   2.660,   0.800,   2.660,   0.800,   2.660
202605061906,   2.160,   2.630,9999.000,9999.000,9999.000,9999.000,9999.000,9999.000,9999.000
202605061912,   2.166,   2.650,9999.000,9999.000,9999.000,9999.000,9999.000,9999.000,9999.000
202605061918,   2.171,   2.660,9999.000,9999.000,9999.000,9999.000,9999.000,9999.000,9999.000
202605061924,   2.175,   2.650,9999.000,9999.000,9999.000,9999.000,9999.000,9999.000,9999.000
202605061930,   2.178,   2.640,9999.000,9999.000,9999.000,9999.000,9999.000,9999.000,9999.000
202605061936,   2.180,   2.640,9999.000,9999.000,9999.000,9999.000,9999.000,9999.000,9999.000
202605061942,   2.180,   2.640,9999.000,9999.000,9999.000,9999.000,9999.000,9999.000,9999.000
202605061948,   2.179,   2.640,9999.000,9999.000,9999.000,9999.000,9999.000,9999.000,9999.000
202605061954,   2.177,   2.630,9999.000,9999.000,9999.000,9999.000,9999.000,9999.000,9999.000
202605062000,   2.174,   2.630,   0.800,  -0.344,   2.630,   0.800,   2.630,   0.800,   2.630
202605062006,   2.170,   2.620,9999.000,9999.000,9999.000,9999.000,9999.000,9999.000,9999.000
202605062012,   2.164,   2.597,9999.000,9999.000,9999.000,9999.000,9999.000,9999.000,9999.000
202605062018,   2.157,   2.597,9999.000,9999.000,9999.000,9999.000,9999.000,9999.000,9999.000
202605062024,   2.149,   2.587,9999.000,9999.000,9999.000,9999.000,9999.000,9999.000,9999.000
202605062030,   2.140,   2.587,9999.000,9999.000,9999.000,9999.000,9999.000,9999.000,9999.000
202605062036,   2.129,   2.568,9999.000,9999.000,9999.000,9999.000,9999.000,9999.000,9999.000
202605062042,   2.117,   2.548,9999.000,9999.000,9999.000,9999.000,9999.000,9999.000,9999.000
202605062048,   2.104,   2.528,9999.000,9999.000,9999.000,9999.000,9999.000,9999.000,9999.000
202605062054,   2.091,   2.519,9999.000,9999.000,9999.000,9999.000,9999.000,9999.000,9999.000
202605062100,   2.075,   2.519,   0.800,  -0.356,   2.519,   0.700,   2.419,   0.900,   2.619
202605062106,   2.059,   2.509,9999.000,9999.000,9999.000,9999.000,9999.000,9999.000,9999.000
202605062112,   2.042,   2.489,9999.000,9999.000,9999.000,9999.000,9999.000,9999.000,9999.000
202605062118,   2.024,   2.459,9999.000,9999.000,9999.000,9999.000,9999.000,9999.000,9999.000
202605062124,   2.005,   2.440,9999.000,9999.000,9999.000,9999.000,9999.000,9999.000,9999.000
202605062130,   1.985,   2.440,9999.000,9999.000,9999.000,9999.000,9999.000,9999.000,9999.000
202605062136,   1.964,   2.430,9999.000,9999.000,9999.000,9999.000,9999.000,9999.000,9999.000
202605062142,   1.942,   2.410,9999.000,9999.000,9999.000,9999.000,9999.000,9999.000,9999.000
202605062148,   1.920,   2.400,9999.000,9999.000,9999.000,9999.000,9999.000,9999.000,9999.000
202605062154,   1.897,   2.377,9999.000,9999.000,9999.000,9999.000,9999.000,9999.000,9999.000
202605062200,   1.873,   2.368,   0.800,  -0.305,   2.368,   0.700,   2.268,   0.900,   2.468
202605062206,   1.849,   2.348,9999.000,9999.000,9999.000,9999.000,9999.000,9999.000,9999.000
202605062212,   1.824,   2.328,9999.000,9999.000,9999.000,9999.000,9999.000,9999.000,9999.000
202605062218,   1.798,   2.309,9999.000,9999.000,9999.000,9999.000,9999.000,9999.000,9999.000
202605062224,   1.772,   2.279,9999.000,9999.000,9999.000,9999.000,9999.000,9999.000,9999.000
202605062230,   1.746,   2.259,9999.000,9999.000,9999.000,9999.000,9999.000,9999.000,9999.000
202605062236,   1.719,   2.240,9999.000,9999.000,9999.000,9999.000,9999.000,9999.000,9999.000
202605062242,   1.692,   2.230,9999.000,9999.000,9999.000,9999.000,9999.000,9999.000,9999.000
202605062248,   1.665,   2.191,9999.000,9999.000,9999.000,9999.000,9999.000,9999.000,9999.000
202605062254,   1.637,   2.200,9999.000,9999.000,9999.000,9999.000,9999.000,9999.000,9999.000
202605062300,   1.609,   2.158,   0.900,  -0.351,   2.158,   0.800,   2.058,   0.900,   2.158
202605062306,   1.581,   2.128,9999.000,9999.000,9999.000,9999.000,9999.000,9999.000,9999.000
202605062312,   1.552,   2.128,9999.000,9999.000,9999.000,9999.000,9999.000,9999.000,9999.000
202605062318,   1.524,   2.128,9999.000,9999.000,9999.000,9999.000,9999.000,9999.000,9999.000
202605062324,   1.495,   2.069,9999.000,9999.000,9999.000,9999.000,9999.000,9999.000,9999.000
202605062330,   1.467,   2.049,9999.000,9999.000,9999.000,9999.000,9999.000,9999.000,9999.000
202605062336,   1.438,   2.020,9999.000,9999.000,9999.000,9999.000,9999.000,9999.000,9999.000
202605062342,   1.409,   2.000,9999.000,9999.000,9999.000,9999.000,9999.000,9999.000,9999.000
202605062348,   1.380,   1.990,9999.000,9999.000,9999.000,9999.000,9999.000,9999.000,9999.000
202605062354,   1.351,   1.958,9999.000,9999.000,9999.000,9999.000,9999.000,9999.000,9999.000
202605070000,   1.322,   1.928,   0.900,  -0.294,   1.928,   0.800,   1.828,   1.000,   2.028
202605070006,   1.293,   1.918,9999.000,9999.000,9999.000,9999.000,9999.000,9999.000,9999.000
202605070012,   1.265,   1.889,9999.000,9999.000,9999.000,9999.000,9999.000,9999.000,9999.000
202605070018,   1.236,   1.869,9999.000,9999.000,9999.000,9999.000,9999.000,9999.000,9999.000
202605070024,   1.207,   1.849,9999.000,9999.000,9999.000,9999.000,9999.000,9999.000,9999.000
202605070030,   1.178,   1.820,9999.000,9999.000,9999.000,9999.000,9999.000,9999.000,9999.000
202605070036,   1.150,   1.810,9999.000,9999.000,9999.000,9999.000,9999.000,9999.000,9999.000
202605070042,   1.121,   1.800,9999.000,9999.000,9999.000,9999.000,9999.000,9999.000,9999.000
202605070048,   1.093,   1.781,9999.000,9999.000,9999.000,9999.000,9999.000,9999.000,9999.000
202605070054,   1.065,   1.748,9999.000,9999.000,9999.000,9999.000,9999.000,9999.000,9999.000
202605070100,   1.037,   1.728,   0.900,  -0.209,   1.728,   0.900,   1.728,   1.000,   1.828
202605070106,   1.009,   1.708,9999.000,9999.000,9999.000,9999.000,9999.000,9999.000,9999.000
202605070112,   0.982,   1.699,9999.000,9999.000,9999.000,9999.000,9999.000,9999.000,9999.000
202605070118,   0.955,   1.679,9999.000,9999.000,9999.000,9999.000,9999.000,9999.000,9999.000
202605070124,   0.928,   1.649,9999.000,9999.000,9999.000,9999.000,9999.000,9999.000,9999.000
202605070130,   0.901,   1.620,9999.000,9999.000,9999.000,9999.000,9999.000,9999.000,9999.000
202605070136,   0.874,   1.600,9999.000,9999.000,9999.000,9999.000,9999.000,9999.000,9999.000
202605070142,   0.848,   1.571,9999.000,9999.000,9999.000,9999.000,9999.000,9999.000,9999.000
202605070148,   0.823,   1.571,9999.000,9999.000,9999.000,9999.000,9999.000,9999.000,9999.000
202605070154,   0.797,   1.548,9999.000,9999.000,9999.000,9999.000,9999.000,9999.000,9999.000
202605070200,   0.772,   1.538,   1.000,  -0.234,   1.538,   0.900,   1.438,   1.000,   1.538
202605070206,   0.748,   1.518,9999.000,9999.000,9999.000,9999.000,9999.000,9999.000,9999.000
202605070212,   0.724,   1.489,9999.000,9999.000,9999.000,9999.000,9999.000,9999.000,9999.000
202605070218,   0.700,   1.459,9999.000,9999.000,9999.000,9999.000,9999.000,9999.000,9999.000
202605070224,   0.677,   1.420,9999.000,9999.000,9999.000,9999.000,9999.000,9999.000,9999.000
202605070230,   0.654,   1.390,9999.000,9999.000,9999.000,9999.000,9999.000,9999.000,9999.000
202605070236,   0.632,   1.361,9999.000,9999.000,9999.000,9999.000,9999.000,9999.000,9999.000
202605070242,   0.610,   1.328,9999.000,9999.000,9999.000,9999.000,9999.000,9999.000,9999.000
202605070248,   0.588,   1.308,9999.000,9999.000,9999.000,9999.000,9999.000,9999.000,9999.000
202605070254,   0.568,   1.289,9999.000,9999.000,9999.000,9999.000,9999.000,9999.000,9999.000
202605070300,   0.547,   1.249,   1.000,  -0.298,   1.249,   0.900,   1.149,   1.000,   1.249
202605070306,   0.527,   1.220,9999.000,9999.000,9999.000,9999.000,9999.000,9999.000,9999.000
202605070312,   0.508,   1.200,9999.000,9999.000,9999.000,9999.000,9999.000,9999.000,9999.000
202605070318,   0.489,   1.180,9999.000,9999.000,9999.000,9999.000,9999.000,9999.000,9999.000
202605070324,   0.471,   1.161,9999.000,9999.000,9999.000,9999.000,9999.000,9999.000,9999.000
202605070330,   0.453,   1.108,9999.000,9999.000,9999.000,9999.000,9999.000,9999.000,9999.000
202605070336,   0.435,   1.088,9999.000,9999.000,9999.000,9999.000,9999.000,9999.000,9999.000
202605070342,   0.418,   1.088,9999.000,9999.000,9999.000,9999.000,9999.000,9999.000,9999.000
202605070348,   0.402,   1.069,9999.000,9999.000,9999.000,9999.000,9999.000,9999.000,9999.000
202605070354,   0.386,   1.059,9999.000,9999.000,9999.000,9999.000,9999.000,9999.000,9999.000
202605070400,   0.370,   1.029,   1.000,  -0.341,   1.029,   0.900,   0.929,   1.100,   1.129
202605070406,   0.355,   1.029,9999.000,9999.000,9999.000,9999.000,9999.000,9999.000,9999.000
202605070412,   0.340,   1.010,9999.000,9999.000,9999.000,9999.000,9999.000,9999.000,9999.000
202605070418,   0.325,   1.000,9999.000,9999.000,9999.000,9999.000,9999.000,9999.000,9999.000
202605070424,   0.311,   0.980,9999.000,9999.000,9999.000,9999.000,9999.000,9999.000,9999.000
202605070430,   0.297,   0.951,9999.000,9999.000,9999.000,9999.000,9999.000,9999.000,9999.000
202605070436,   0.284,   0.951,9999.000,9999.000,9999.000,9999.000,9999.000,9999.000,9999.000
202605070442,   0.271,   0.951,9999.000,9999.000,9999.000,9999.000,9999.000,9999.000,9999.000
202605070448,   0.258,   0.941,9999.000,9999.000,9999.000,9999.000,9999.000,9999.000,9999.000
202605070454,   0.245,   0.928,9999.000,9999.000,9999.000,9999.000,9999.000,9999.000,9999.000
202605070500,   0.233,   0.928,   1.000,  -0.305,   0.928,   0.900,   0.828,   1.100,   1.028
202605070506,   0.222,   0.918,9999.000,9999.000,9999.000,9999.000,9999.000,9999.000,9999.000
202605070512,   0.210,   0.908,9999.000,9999.000,9999.000,9999.000,9999.000,9999.000,9999.000
202605070518,   0.199,   0.888,9999.000,9999.000,9999.000,9999.000,9999.000,9999.000,9999.000
202605070524,   0.188,   0.869,9999.000,9999.000,9999.000,9999.000,9999.000,9999.000,9999.000
202605070530,   0.178,   0.859,9999.000,9999.000,9999.000,9999.000,9999.000,9999.000,9999.000
202605070536,   0.168,   0.839,9999.000,9999.000,9999.000,9999.000,9999.000,9999.000,9999.000
202605070542,   0.158,   0.829,9999.000,9999.000,9999.000,9999.000,9999.000,9999.000,9999.000
202605070548,   0.149,   0.819,9999.000,9999.000,9999.000,9999.000,9999.000,9999.000,9999.000
202605070554,   0.140,   0.810,9999.000,9999.000,9999.000,9999.000,9999.000,9999.000,9999.000
202605070600,   0.131,   0.790,   0.800,  -0.141,   0.790,   0.700,   0.690,   0.800,   0.790
202605070606,   0.123,   0.760,9999.000,9999.000,9999.000,9999.000,9999.000,9999.000,9999.000
202605070612,   0.115,   0.751,9999.000,9999.000,9999.000,9999.000,9999.000,9999.000,9999.000
202605070618,   0.108,   0.760,9999.000,9999.000,9999.000,9999.000,9999.000,9999.000,9999.000
202605070624,   0.101,   0.760,9999.000,9999.000,9999.000,9999.000,9999.000,9999.000,9999.000
202605070630,   0.095,   0.731,9999.000,9999.000,9999.000,9999.000,9999.000,9999.000,9999.000
202605070636,   0.089,   0.718,9999.000,9999.000,9999.000,9999.000,9999.000,9999.000,9999.000
202605070642,   0.083,   0.708,9999.000,9999.000,9999.000,9999.000,9999.000,9999.000,9999.000
202605070648,   0.078,   0.688,9999.000,9999.000,9999.000,9999.000,9999.000,9999.000,9999.000
202605070654,   0.074,   0.678,9999.000,9999.000,9999.000,9999.000,9999.000,9999.000,9999.000
202605070700,   0.070,   0.698,   0.700,  -0.072,   0.698,   0.600,   0.598,   0.800,   0.798
202605070706,   0.067,   0.698,9999.000,9999.000,9999.000,9999.000,9999.000,9999.000,9999.000
202605070712,   0.064,   0.688,9999.000,9999.000,9999.000,9999.000,9999.000,9999.000,9999.000
202605070718,   0.062,   0.688,9999.000,9999.000,9999.000,9999.000,9999.000,9999.000,9999.000
202605070724,   0.060,   0.659,9999.000,9999.000,9999.000,9999.000,9999.000,9999.000,9999.000
202605070730,   0.060,   0.659,9999.000,9999.000,9999.000,9999.000,9999.000,9999.000,9999.000
202605070736,   0.059,   0.649,9999.000,9999.000,9999.000,9999.000,9999.000,9999.000,9999.000
202605070742,   0.059,   0.639,9999.000,9999.000,9999.000,9999.000,9999.000,9999.000,9999.000
202605070748,   0.060,   0.639,9999.000,9999.000,9999.000,9999.000,9999.000,9999.000,9999.000
202605070754,   0.062,   0.639,9999.000,9999.000,9999.000,9999.000,9999.000,9999.000,9999.000
202605070800,   0.064,   0.629,   0.700,  -0.135,   0.629,   0.600,   0.529,   0.700,   0.629
202605070806,   0.067,   0.619,9999.000,9999.000,9999.000,9999.000,9999.000,9999.000,9999.000
202605070812,   0.070,   0.629,9999.000,9999.000,9999.000,9999.000,9999.000,9999.000,9999.000
202605070818,   0.074,   0.629,9999.000,9999.000,9999.000,9999.000,9999.000,9999.000,9999.000
202605070824,   0.079,   0.649,9999.000,9999.000,9999.000,9999.000,9999.000,9999.000,9999.000
202605070830,   0.084,   0.649,9999.000,9999.000,9999.000,9999.000,9999.000,9999.000,9999.000
202605070836,   0.090,   0.649,9999.000,9999.000,9999.000,9999.000,9999.000,9999.000,9999.000
202605070842,   0.097,   0.649,9999.000,9999.000,9999.000,9999.000,9999.000,9999.000,9999.000
202605070848,   0.104,   0.649,9999.000,9999.000,9999.000,9999.000,9999.000,9999.000,9999.000
202605070854,   0.112,   0.659,9999.000,9999.000,9999.000,9999.000,9999.000,9999.000,9999.000
202605070900,   0.121,   0.669,   0.600,  -0.052,   0.669,   0.600,   0.669,   0.700,   0.769
202605070906,   0.130,   0.688,9999.000,9999.000,9999.000,9999.000,9999.000,9999.000,9999.000
202605070912,   0.140,   0.708,9999.000,9999.000,9999.000,9999.000,9999.000,9999.000,9999.000
202605070918,   0.151,   0.708,9999.000,9999.000,9999.000,9999.000,9999.000,9999.000,9999.000
202605070924,   0.162,   0.731,9999.000,9999.000,9999.000,9999.000,9999.000,9999.000,9999.000
202605070930,   0.174,   0.741,9999.000,9999.000,9999.000,9999.000,9999.000,9999.000,9999.000
202605070936,   0.187,   0.751,9999.000,9999.000,9999.000,9999.000,9999.000,9999.000,9999.000
202605070942,   0.200,   0.760,9999.000,9999.000,9999.000,9999.000,9999.000,9999.000,9999.000
202605070948,   0.214,   0.780,9999.000,9999.000,9999.000,9999.000,9999.000,9999.000,9999.000
202605070954,   0.229,   0.800,9999.000,9999.000,9999.000,9999.000,9999.000,9999.000,9999.000
202605071000,   0.244,   0.810,   0.600,  -0.034,   0.810,   0.500,   0.710,   0.600,   0.810
202605071006,   0.260,   0.829,9999.000,9999.000,9999.000,9999.000,9999.000,9999.000,9999.000
202605071012,   0.277,   0.859,9999.000,9999.000,9999.000,9999.000,9999.000,9999.000,9999.000
202605071018,   0.294,   0.859,9999.000,9999.000,9999.000,9999.000,9999.000,9999.000,9999.000
202605071024,   0.312,   0.888,9999.000,9999.000,9999.000,9999.000,9999.000,9999.000,9999.000
202605071030,   0.331,   0.908,9999.000,9999.000,9999.000,9999.000,9999.000,9999.000,9999.000
202605071036,   0.350,   0.908,9999.000,9999.000,9999.000,9999.000,9999.000,9999.000,9999.000
202605071042,   0.369,   0.918,9999.000,9999.000,9999.000,9999.000,9999.000,9999.000,9999.000
202605071048,   0.389,   0.970,9999.000,9999.000,9999.000,9999.000,9999.000,9999.000,9999.000
202605071054,   0.410,   0.990,9999.000,9999.000,9999.000,9999.000,9999.000,9999.000,9999.000
202605071100,   0.431,   1.000,   0.500,   0.069,   1.000,   0.500,   1.000,   0.600,   1.100
202605071106,   0.453,   1.029,9999.000,9999.000,9999.000,9999.000,9999.000,9999.000,9999.000
202605071112,   0.475,   1.059,9999.000,9999.000,9999.000,9999.000,9999.000,9999.000,9999.000
202605071118,   0.498,   1.098,9999.000,9999.000,9999.000,9999.000,9999.000,9999.000,9999.000
202605071124,   0.520,   1.118,9999.000,9999.000,9999.000,9999.000,9999.000,9999.000,9999.000
202605071130,   0.544,   1.161,9999.000,9999.000,9999.000,9999.000,9999.000,9999.000,9999.000
202605071136,   0.567,   1.180,9999.000,9999.000,9999.000,9999.000,9999.000,9999.000,9999.000
202605071142,   0.591,   1.200,9999.000,9999.000,9999.000,9999.000,9999.000,9999.000,9999.000
202605071148,   0.614,   1.210,9999.000,9999.000,9999.000,9999.000,9999.000,9999.000,9999.000
202605071154,   0.638,   1.239,9999.000,9999.000,9999.000,9999.000,9999.000,9999.000,9999.000
202605071200,   0.663,   1.269,   0.400,   0.206,   1.269,   0.400,   1.269,   0.400,   1.269
202605071206,   0.687,   1.289,9999.000,9999.000,9999.000,9999.000,9999.000,9999.000,9999.000
202605071212,   0.711,   1.308,9999.000,9999.000,9999.000,9999.000,9999.000,9999.000,9999.000
202605071218,   0.735,   1.328,9999.000,9999.000,9999.000,9999.000,9999.000,9999.000,9999.000
202605071224,   0.759,   1.361,9999.000,9999.000,9999.000,9999.000,9999.000,9999.000,9999.000
202605071230,   0.784,   1.390,9999.000,9999.000,9999.000,9999.000,9999.000,9999.000,9999.000
202605071236,   0.808,   1.400,9999.000,9999.000,9999.000,9999.000,9999.000,9999.000,9999.000
202605071242,   0.832,   1.420,9999.000,9999.000,9999.000,9999.000,9999.000,9999.000,9999.000
202605071248,   0.855,   1.430,9999.000,9999.000,9999.000,9999.000,9999.000,9999.000,9999.000
202605071254,   0.879,   1.469,9999.000,9999.000,9999.000,9999.000,9999.000,9999.000,9999.000
202605071300,   0.902,   1.489,   0.400,   0.187,   1.489,   0.300,   1.389,   0.400,   1.489
202605071306,   0.925,   1.489,9999.000,9999.000,9999.000,9999.000,9999.000,9999.000,9999.000
202605071312,   0.948,   1.498,9999.000,9999.000,9999.000,9999.000,9999.000,9999.000,9999.000
202605071318,   0.971,   1.508,9999.000,9999.000,9999.000,9999.000,9999.000,9999.000,9999.000
202605071324,   0.994,   1.538,9999.000,9999.000,9999.000,9999.000,9999.000,9999.000,9999.000
202605071330,   1.016,   1.548,9999.000,9999.000,9999.000,9999.000,9999.000,9999.000,9999.000
202605071336,   1.038,   1.571,9999.000,9999.000,9999.000,9999.000,9999.000,9999.000,9999.000
202605071342,   1.059,   1.571,9999.000,9999.000,9999.000,9999.000,9999.000,9999.000,9999.000
202605071348,   1.081,   1.590,9999.000,9999.000,9999.000,9999.000,9999.000,9999.000,9999.000
202605071354,   1.102,   1.630,9999.000,9999.000,9999.000,9999.000,9999.000,9999.000,9999.000
202605071400,   1.123,   1.649,   0.300,   0.226,   1.649,   0.300,   1.649,   0.300,   1.649
202605071406,   1.144,   1.639,9999.000,9999.000,9999.000,9999.000,9999.000,9999.000,9999.000
202605071412,   1.165,   1.639,9999.000,9999.000,9999.000,9999.000,9999.000,9999.000,9999.000
202605071418,   1.185,   1.639,9999.000,9999.000,9999.000,9999.000,9999.000,9999.000,9999.000
202605071424,   1.206,   1.620,9999.000,9999.000,9999.000,9999.000,9999.000,9999.000,9999.000
202605071430,   1.226,   1.630,9999.000,9999.000,9999.000,9999.000,9999.000,9999.000,9999.000
202605071436,   1.246,   1.639,9999.000,9999.000,9999.000,9999.000,9999.000,9999.000,9999.000
202605071442,   1.266,   1.630,9999.000,9999.000,9999.000,9999.000,9999.000,9999.000,9999.000
202605071448,   1.286,   1.620,9999.000,9999.000,9999.000,9999.000,9999.000,9999.000,9999.000
202605071454,   1.305,   1.620,9999.000,9999.000,9999.000,9999.000,9999.000,9999.000,9999.000
202605071500,   1.325,   1.610,   0.300,  -0.015,   1.610,   0.200,   1.510,   0.300,   1.610
202605071506,   1.345,   1.610,9999.000,9999.000,9999.000,9999.000,9999.000,9999.000,9999.000
202605071512,   1.365,   1.610,9999.000,9999.000,9999.000,9999.000,9999.000,9999.000,9999.000
202605071518,   1.384,   1.610,9999.000,9999.000,9999.000,9999.000,9999.000,9999.000,9999.000
202605071524,   1.404,   1.600,9999.000,9999.000,9999.000,9999.000,9999.000,9999.000,9999.000
202605071530,   1.424,   1.600,9999.000,9999.000,9999.000,9999.000,9999.000,9999.000,9999.000
202605071536,   1.443,   1.610,9999.000,9999.000,9999.000,9999.000,9999.000,9999.000,9999.000
202605071542,   1.463,   1.620,9999.000,9999.000,9999.000,9999.000,9999.000,9999.000,9999.000
202605071548,   1.483,   1.630,9999.000,9999.000,9999.000,9999.000,9999.000,9999.000,9999.000
202605071554,   1.502,   1.639,9999.000,9999.000,9999.000,9999.000,9999.000,9999.000,9999.000
202605071600,   1.522,   1.639,   0.200,  -0.083,   1.639,   0.200,   1.639,   0.300,   1.739
202605071606,   1.542,   1.659,9999.000,9999.000,9999.000,9999.000,9999.000,9999.000,9999.000
202605071612,   1.562,   1.669,9999.000,9999.000,9999.000,9999.000,9999.000,9999.000,9999.000
202605071618,   1.581,   1.679,9999.000,9999.000,9999.000,9999.000,9999.000,9999.000,9999.000
202605071624,   1.601,   1.699,9999.000,9999.000,9999.000,9999.000,9999.000,9999.000,9999.000
202605071630,   1.621,   1.738,9999.000,9999.000,9999.000,9999.000,9999.000,9999.000,9999.000
202605071636,   1.640,   1.748,9999.000,9999.000,9999.000,9999.000,9999.000,9999.000,9999.000
202605071642,   1.660,   1.758,9999.000,9999.000,9999.000,9999.000,9999.000,9999.000,9999.000
202605071648,   1.679,   1.790,9999.000,9999.000,9999.000,9999.000,9999.000,9999.000,9999.000
202605071654,   1.698,   1.830,9999.000,9999.000,9999.000,9999.000,9999.000,9999.000,9999.000
202605071700,   1.718,   1.859,   0.200,  -0.059,   1.859,   0.100,   1.759,   0.200,   1.859
202605071706,   1.736,   1.869,9999.000,9999.000,9999.000,9999.000,9999.000,9999.000,9999.000
202605071712,   1.755,   1.879,9999.000,9999.000,9999.000,9999.000,9999.000,9999.000,9999.000
202605071718,   1.774,   1.908,9999.000,9999.000,9999.000,9999.000,9999.000,9999.000,9999.000
202605071724,   1.792,   1.928,9999.000,9999.000,9999.000,9999.000,9999.000,9999.000,9999.000
202605071730,   1.810,   1.948,9999.000,9999.000,9999.000,9999.000,9999.000,9999.000,9999.000
202605071736,   1.828,   1.958,9999.000,9999.000,9999.000,9999.000,9999.000,9999.000,9999.000
202605071742,   1.845,   1.967,9999.000,9999.000,9999.000,9999.000,9999.000,9999.000,9999.000
202605071748,   1.863,   1.990,9999.000,9999.000,9999.000,9999.000,9999.000,9999.000,9999.000
202605071754,   1.879,   2.000,9999.000,9999.000,9999.000,9999.000,9999.000,9999.000,9999.000
202605071800,   1.896,   2.020,   0.300,  -0.176,   2.020,   0.100,   1.820,   0.300,   2.020
202605071806,   1.912,   2.049,9999.000,9999.000,9999.000,9999.000,9999.000,9999.000,9999.000
202605071812,   1.928,   2.069,9999.000,9999.000,9999.000,9999.000,9999.000,9999.000,9999.000
202605071818,   1.943,   2.089,9999.000,9999.000,9999.000,9999.000,9999.000,9999.000,9999.000
202605071824,   1.958,   2.118,9999.000,9999.000,9999.000,9999.000,9999.000,9999.000,9999.000
202605071830,   1.972,   2.138,9999.000,9999.000,9999.000,9999.000,9999.000,9999.000,9999.000
202605071836,   1.986,   2.138,9999.000,9999.000,9999.000,9999.000,9999.000,9999.000,9999.000
202605071842,   1.999,   2.158,9999.000,9999.000,9999.000,9999.000,9999.000,9999.000,9999.000
202605071848,   2.011,   2.177,9999.000,9999.000,9999.000,9999.000,9999.000,9999.000,9999.000
202605071854,   2.023,   2.220,9999.000,9999.000,9999.000,9999.000,9999.000,9999.000,9999.000
202605071900,   2.035,   2.240,   0.300,  -0.095,   2.240,   0.100,   2.040,   0.300,   2.240
202605071906,   2.046,   2.269,9999.000,9999.000,9999.000,9999.000,9999.000,9999.000,9999.000
202605071912,   2.056,   2.289,9999.000,9999.000,9999.000,9999.000,9999.000,9999.000,9999.000
202605071918,   2.065,   2.309,9999.000,9999.000,9999.000,9999.000,9999.000,9999.000,9999.000
202605071924,   2.074,   2.348,9999.000,9999.000,9999.000,9999.000,9999.000,9999.000,9999.000
202605071930,   2.082,   2.368,9999.000,9999.000,9999.000,9999.000,9999.000,9999.000,9999.000
202605071936,   2.089,   2.377,9999.000,9999.000,9999.000,9999.000,9999.000,9999.000,9999.000
202605071942,   2.095,   2.400,9999.000,9999.000,9999.000,9999.000,9999.000,9999.000,9999.000
202605071948,   2.101,   2.420,9999.000,9999.000,9999.000,9999.000,9999.000,9999.000,9999.000
202605071954,   2.105,   2.420,9999.000,9999.000,9999.000,9999.000,9999.000,9999.000,9999.000
202605072000,   2.109,   2.420,   0.200,   0.111,   2.420,   0.100,   2.320,   0.300,   2.520
202605072006,   2.112,   2.450,9999.000,9999.000,9999.000,9999.000,9999.000,9999.000,9999.000
202605072012,   2.114,   2.430,9999.000,9999.000,9999.000,9999.000,9999.000,9999.000,9999.000
202605072018,   2.114,   2.430,9999.000,9999.000,9999.000,9999.000,9999.000,9999.000,9999.000
202605072024,   2.114,   2.440,9999.000,9999.000,9999.000,9999.000,9999.000,9999.000,9999.000
202605072030,   2.113,   2.440,9999.000,9999.000,9999.000,9999.000,9999.000,9999.000,9999.000
202605072036,   2.111,   2.420,9999.000,9999.000,9999.000,9999.000,9999.000,9999.000,9999.000
202605072042,   2.108,   2.410,9999.000,9999.000,9999.000,9999.000,9999.000,9999.000,9999.000
202605072048,   2.104,   2.358,9999.000,9999.000,9999.000,9999.000,9999.000,9999.000,9999.000
202605072054,   2.099,   2.328,9999.000,9999.000,9999.000,9999.000,9999.000,9999.000,9999.000
202605072100,   2.093,   2.328,   0.200,   0.035,   2.328,   0.100,   2.228,   0.300,   2.428
202605072106,   2.085,   2.309,9999.000,9999.000,9999.000,9999.000,9999.000,9999.000,9999.000
202605072112,   2.077,   2.318,9999.000,9999.000,9999.000,9999.000,9999.000,9999.000,9999.000
202605072118,   2.068,   2.309,9999.000,9999.000,9999.000,9999.000,9999.000,9999.000,9999.000
202605072124,   2.057,   2.279,9999.000,9999.000,9999.000,9999.000,9999.000,9999.000,9999.000
202605072130,   2.046,   2.250,9999.000,9999.000,9999.000,9999.000,9999.000,9999.000,9999.000
202605072136,   2.033,   2.250,9999.000,9999.000,9999.000,9999.000,9999.000,9999.000,9999.000
202605072142,   2.020,   2.220,9999.000,9999.000,9999.000,9999.000,9999.000,9999.000,9999.000
202605072148,   2.006,   2.210,9999.000,9999.000,9999.000,9999.000,9999.000,9999.000,9999.000
202605072154,   1.990,   2.191,9999.000,9999.000,9999.000,9999.000,9999.000,9999.000,9999.000
202605072200,   1.974,   2.191,   0.200,   0.017,   2.191,   0.100,   2.091,   0.300,   2.291
202605072206,   1.957,   2.177,9999.000,9999.000,9999.000,9999.000,9999.000,9999.000,9999.000
202605072212,   1.939,   2.168,9999.000,9999.000,9999.000,9999.000,9999.000,9999.000,9999.000
202605072218,   1.920,   2.138,9999.000,9999.000,9999.000,9999.000,9999.000,9999.000,9999.000
202605072224,   1.901,   2.128,9999.000,9999.000,9999.000,9999.000,9999.000,9999.000,9999.000
202605072230,   1.881,   2.128,9999.000,9999.000,9999.000,9999.000,9999.000,9999.000,9999.000
202605072236,   1.860,   2.118,9999.000,9999.000,9999.000,9999.000,9999.000,9999.000,9999.000
202605072242,   1.838,   2.069,9999.000,9999.000,9999.000,9999.000,9999.000,9999.000,9999.000
202605072248,   1.816,   2.030,9999.000,9999.000,9999.000,9999.000,9999.000,9999.000,9999.000
202605072254,   1.793,   2.000,9999.000,9999.000,9999.000,9999.000,9999.000,9999.000,9999.000
202605072300,   1.770,   1.990,   0.200,   0.020,   1.990,   0.100,   1.890,   0.300,   2.090
202605072306,   1.746,   1.948,9999.000,9999.000,9999.000,9999.000,9999.000,9999.000,9999.000
202605072312,   1.722,   1.938,9999.000,9999.000,9999.000,9999.000,9999.000,9999.000,9999.000
202605072318,   1.697,   1.908,9999.000,9999.000,9999.000,9999.000,9999.000,9999.000,9999.000
202605072324,   1.672,   1.869,9999.000,9999.000,9999.000,9999.000,9999.000,9999.000,9999.000
202605072330,   1.647,   1.869,9999.000,9999.000,9999.000,9999.000,9999.000,9999.000,9999.000
202605072336,   1.621,   1.849,9999.000,9999.000,9999.000,9999.000,9999.000,9999.000,9999.000
202605072342,   1.595,   1.830,9999.000,9999.000,9999.000,9999.000,9999.000,9999.000,9999.000
202605072348,   1.569,   1.767,9999.000,9999.000,9999.000,9999.000,9999.000,9999.000,9999.000
202605072354,   1.543,   1.728,9999.000,9999.000,9999.000,9999.000,9999.000,9999.000,9999.000
202605080000,   1.516,   1.728,   0.400,  -0.188,   1.728,   0.300,   1.628,   0.400,   1.728
202605080006,   1.489,   1.708,9999.000,9999.000,9999.000,9999.000,9999.000,9999.000,9999.000
202605080012,   1.463,   1.679,9999.000,9999.000,9999.000,9999.000,9999.000,9999.000,9999.000
202605080018,   1.436,   1.639,9999.000,9999.000,9999.000,9999.000,9999.000,9999.000,9999.000
202605080024,   1.409,   1.620,9999.000,9999.000,9999.000,9999.000,9999.000,9999.000,9999.000
202605080030,   1.382,   1.600,9999.000,9999.000,9999.000,9999.000,9999.000,9999.000,9999.000
202605080036,   1.355,   1.571,9999.000,9999.000,9999.000,9999.000,9999.000,9999.000,9999.000
202605080042,   1.328,   1.528,9999.000,9999.000,9999.000,9999.000,9999.000,9999.000,9999.000
202605080048,   1.300,   1.508,9999.000,9999.000,9999.000,9999.000,9999.000,9999.000,9999.000
202605080054,   1.273,   1.459,9999.000,9999.000,9999.000,9999.000,9999.000,9999.000,9999.000
202605080100,   1.246,   1.459,   0.400,  -0.187,   1.459,   0.300,   1.359,   0.400,   1.459
202605080106,   1.219,   1.410,9999.000,9999.000,9999.000,9999.000,9999.000,9999.000,9999.000
202605080112,   1.193,   1.410,9999.000,9999.000,9999.000,9999.000,9999.000,9999.000,9999.000
202605080118,   1.166,   1.371,9999.000,9999.000,9999.000,9999.000,9999.000,9999.000,9999.000
202605080124,   1.139,   1.348,9999.000,9999.000,9999.000,9999.000,9999.000,9999.000,9999.000
202605080130,   1.113,   1.328,9999.000,9999.000,9999.000,9999.000,9999.000,9999.000,9999.000
202605080136,   1.086,   1.298,9999.000,9999.000,9999.000,9999.000,9999.000,9999.000,9999.000
202605080142,   1.060,   1.279,9999.000,9999.000,9999.000,9999.000,9999.000,9999.000,9999.000
202605080148,   1.034,   1.259,9999.000,9999.000,9999.000,9999.000,9999.000,9999.000,9999.000
202605080154,   1.009,   1.229,9999.000,9999.000,9999.000,9999.000,9999.000,9999.000,9999.000
202605080200,   0.983,   1.220,   0.400,  -0.163,   1.220,   0.300,   1.120,   0.400,   1.220
202605080206,   0.958,   1.200,9999.000,9999.000,9999.000,9999.000,9999.000,9999.000,9999.000
202605080212,   0.933,   1.180,9999.000,9999.000,9999.000,9999.000,9999.000,9999.000,9999.000
202605080218,   0.908,   1.180,9999.000,9999.000,9999.000,9999.000,9999.000,9999.000,9999.000
202605080224,   0.884,   1.151,9999.000,9999.000,9999.000,9999.000,9999.000,9999.000,9999.000
202605080230,   0.860,   1.118,9999.000,9999.000,9999.000,9999.000,9999.000,9999.000,9999.000
202605080236,   0.836,   1.108,9999.000,9999.000,9999.000,9999.000,9999.000,9999.000,9999.000
202605080242,   0.813,   1.088,9999.000,9999.000,9999.000,9999.000,9999.000,9999.000,9999.000
202605080248,   0.790,   1.059,9999.000,9999.000,9999.000,9999.000,9999.000,9999.000,9999.000
202605080254,   0.767,   1.029,9999.000,9999.000,9999.000,9999.000,9999.000,9999.000,9999.000
202605080300,   0.745,   1.020,   0.400,  -0.125,   1.020,   0.300,   0.920,   0.400,   1.020
202605080306,   0.723,   0.990,9999.000,9999.000,9999.000,9999.000,9999.000,9999.000,9999.000
202605080312,   0.702,   0.961,9999.000,9999.000,9999.000,9999.000,9999.000,9999.000,9999.000
202605080318,   0.681,   0.941,9999.000,9999.000,9999.000,9999.000,9999.000,9999.000,9999.000
202605080324,   0.661,   0.918,9999.000,9999.000,9999.000,9999.000,9999.000,9999.000,9999.000
202605080330,   0.641,   0.908,9999.000,9999.000,9999.000,9999.000,9999.000,9999.000,9999.000
202605080336,   0.621,   0.869,9999.000,9999.000,9999.000,9999.000,9999.000,9999.000,9999.000
202605080342,   0.602,   0.849,9999.000,9999.000,9999.000,9999.000,9999.000,9999.000,9999.000
202605080348,   0.583,   0.829,9999.000,9999.000,9999.000,9999.000,9999.000,9999.000,9999.000
202605080354,   0.565,   0.810,9999.000,9999.000,9999.000,9999.000,9999.000,9999.000,9999.000
202605080400,   0.547,   0.780,   0.400,  -0.167,   0.780,   0.300,   0.680,   0.400,   0.780
202605080406,   0.529,   0.770,9999.000,9999.000,9999.000,9999.000,9999.000,9999.000,9999.000
202605080412,   0.512,   0.741,9999.000,9999.000,9999.000,9999.000,9999.000,9999.000,9999.000
202605080418,   0.495,   0.698,9999.000,9999.000,9999.000,9999.000,9999.000,9999.000,9999.000
202605080424,   0.479,   0.708,9999.000,9999.000,9999.000,9999.000,9999.000,9999.000,9999.000
202605080430,   0.463,   0.678,9999.000,9999.000,9999.000,9999.000,9999.000,9999.000,9999.000
202605080436,   0.447,   0.669,9999.000,9999.000,9999.000,9999.000,9999.000,9999.000,9999.000
202605080442,   0.432,   0.629,9999.000,9999.000,9999.000,9999.000,9999.000,9999.000,9999.000
202605080448,   0.417,   0.590,9999.000,9999.000,9999.000,9999.000,9999.000,9999.000,9999.000
202605080454,   0.402,   0.570,9999.000,9999.000,9999.000,9999.000,9999.000,9999.000,9999.000
202605080500,   0.388,   0.560,   0.400,  -0.228,   0.560,   0.300,   0.460,   0.400,   0.560
202605080506,   0.374,   0.551,9999.000,9999.000,9999.000,9999.000,9999.000,9999.000,9999.000
202605080512,   0.360,   0.541,9999.000,9999.000,9999.000,9999.000,9999.000,9999.000,9999.000
202605080518,   0.346,   0.531,9999.000,9999.000,9999.000,9999.000,9999.000,9999.000,9999.000
202605080524,   0.332,   0.518,9999.000,9999.000,9999.000,9999.000,9999.000,9999.000,9999.000
202605080530,   0.319,   0.488,9999.000,9999.000,9999.000,9999.000,9999.000,9999.000,9999.000
202605080536,   0.306,   0.478,9999.000,9999.000,9999.000,9999.000,9999.000,9999.000,9999.000
202605080542,   0.293,   0.498,9999.000,9999.000,9999.000,9999.000,9999.000,9999.000,9999.000
202605080548,   0.281,   0.498,9999.000,9999.000,9999.000,9999.000,9999.000,9999.000,9999.000
202605080554,   0.269,   0.488,9999.000,9999.000,9999.000,9999.000,9999.000,9999.000,9999.000
202605080600,   0.257,   0.488,   0.400,  -0.169,   0.488,   0.300,   0.388,   0.400,   0.488
202605080606,   0.245,9999.000,9999.000,9999.000,9999.000,9999.000,9999.000,9999.000,9999.000
202605080612,   0.233,9999.000,9999.000,9999.000,9999.000,9999.000,9999.000,9999.000,9999.000
202605080618,   0.222,9999.000,9999.000,9999.000,9999.000,9999.000,9999.000,9999.000,9999.000
202605080624,   0.211,9999.000,9999.000,9999.000,9999.000,9999.000,9999.000,9999.000,9999.000
202605080630,   0.200,9999.000,9999.000,9999.000,9999.000,9999.000,9999.000,9999.000,9999.000
202605080636,   0.190,9999.000,9999.000,9999.000,9999.000,9999.000,9999.000,9999.000,9999.000
202605080642,   0.180,9999.000,9999.000,9999.000,9999.000,9999.000,9999.000,9999.000,9999.000
202605080648,   0.171,9999.000,9999.000,9999.000,9999.000,9999.000,9999.000,9999.000,9999.000
202605080654,   0.161,9999.000,9999.000,9999.000,9999.000,9999.000,9999.000,9999.000,9999.000
202605080700,   0.153,9999.000,   0.400,  -0.158,   0.395,   0.300,   0.295,   0.400,   0.395
202605080706,   0.144,9999.000,9999.000,9999.000,9999.000,9999.000,9999.000,9999.000,9999.000
202605080712,   0.136,9999.000,9999.000,9999.000,9999.000,9999.000,9999.000,9999.000,9999.000
202605080718,   0.129,9999.000,9999.000,9999.000,9999.000,9999.000,9999.000,9999.000,9999.000
202605080724,   0.122,9999.000,9999.000,9999.000,9999.000,9999.000,9999.000,9999.000,9999.000
202605080730,   0.116,9999.000,9999.000,9999.000,9999.000,9999.000,9999.000,9999.000,9999.000
202605080736,   0.110,9999.000,9999.000,9999.000,9999.000,9999.000,9999.000,9999.000,9999.000
202605080742,   0.105,9999.000,9999.000,9999.000,9999.000,9999.000,9999.000,9999.000,9999.000
202605080748,   0.100,9999.000,9999.000,9999.000,9999.000,9999.000,9999.000,9999.000,9999.000
202605080754,   0.096,9999.000,9999.000,9999.000,9999.000,9999.000,9999.000,9999.000,9999.000
202605080800,   0.093,9999.000,   0.400,  -0.147,   0.346,   0.300,   0.246,   0.400,   0.346
202605080806,   0.090,9999.000,9999.000,9999.000,9999.000,9999.000,9999.000,9999.000,9999.000
202605080812,   0.088,9999.000,9999.000,9999.000,9999.000,9999.000,9999.000,9999.000,9999.000
202605080818,   0.087,9999.000,9999.000,9999.000,9999.000,9999.000,9999.000,9999.000,9999.000
202605080824,   0.086,9999.000,9999.000,9999.000,9999.000,9999.000,9999.000,9999.000,9999.000
202605080830,   0.086,9999.000,9999.000,9999.000,9999.000,9999.000,9999.000,9999.000,9999.000
202605080836,   0.087,9999.000,9999.000,9999.000,9999.000,9999.000,9999.000,9999.000,9999.000
202605080842,   0.088,9999.000,9999.000,9999.000,9999.000,9999.000,9999.000,9999.000,9999.000
202605080848,   0.090,9999.000,9999.000,9999.000,9999.000,9999.000,9999.000,9999.000,9999.000
202605080854,   0.093,9999.000,9999.000,9999.000,9999.000,9999.000,9999.000,9999.000,9999.000
202605080900,   0.097,9999.000,   0.400,  -0.136,   0.361,   0.300,   0.261,   0.400,   0.361
202605080906,   0.101,9999.000,9999.000,9999.000,9999.000,9999.000,9999.000,9999.000,9999.000
202605080912,   0.106,9999.000,9999.000,9999.000,9999.000,9999.000,9999.000,9999.000,9999.000
202605080918,   0.112,9999.000,9999.000,9999.000,9999.000,9999.000,9999.000,9999.000,9999.000
202605080924,   0.118,9999.000,9999.000,9999.000,9999.000,9999.000,9999.000,9999.000,9999.000
202605080930,   0.125,9999.000,9999.000,9999.000,9999.000,9999.000,9999.000,9999.000,9999.000
202605080936,   0.133,9999.000,9999.000,9999.000,9999.000,9999.000,9999.000,9999.000,9999.000
202605080942,   0.142,9999.000,9999.000,9999.000,9999.000,9999.000,9999.000,9999.000,9999.000
202605080948,   0.151,9999.000,9999.000,9999.000,9999.000,9999.000,9999.000,9999.000,9999.000
202605080954,   0.161,9999.000,9999.000,9999.000,9999.000,9999.000,9999.000,9999.000,9999.000
202605081000,   0.172,9999.000,   0.400,  -0.126,   0.446,   0.400,   0.446,   0.400,   0.446
202605081006,   0.183,9999.000,9999.000,9999.000,9999.000,9999.000,9999.000,9999.000,9999.000
202605081012,   0.195,9999.000,9999.000,9999.000,9999.000,9999.000,9999.000,9999.000,9999.000
202605081018,   0.208,9999.000,9999.000,9999.000,9999.000,9999.000,9999.000,9999.000,9999.000
202605081024,   0.221,9999.000,9999.000,9999.000,9999.000,9999.000,9999.000,9999.000,9999.000
202605081030,   0.235,9999.000,9999.000,9999.000,9999.000,9999.000,9999.000,9999.000,9999.000
202605081036,   0.250,9999.000,9999.000,9999.000,9999.000,9999.000,9999.000,9999.000,9999.000
202605081042,   0.265,9999.000,9999.000,9999.000,9999.000,9999.000,9999.000,9999.000,9999.000
202605081048,   0.281,9999.000,9999.000,9999.000,9999.000,9999.000,9999.000,9999.000,9999.000
202605081054,   0.297,9999.000,9999.000,9999.000,9999.000,9999.000,9999.000,9999.000,9999.000
202605081100,   0.315,9999.000,   0.400,  -0.115,   0.600,   0.400,   0.600,   0.500,   0.700
202605081106,   0.332,9999.000,9999.000,9999.000,9999.000,9999.000,9999.000,9999.000,9999.000
202605081112,   0.351,9999.000,9999.000,9999.000,9999.000,9999.000,9999.000,9999.000,9999.000
202605081118,   0.370,9999.000,9999.000,9999.000,9999.000,9999.000,9999.000,9999.000,9999.000
202605081124,   0.389,9999.000,9999.000,9999.000,9999.000,9999.000,9999.000,9999.000,9999.000
202605081130,   0.409,9999.000,9999.000,9999.000,9999.000,9999.000,9999.000,9999.000,9999.000
202605081136,   0.430,9999.000,9999.000,9999.000,9999.000,9999.000,9999.000,9999.000,9999.000
202605081142,   0.451,9999.000,9999.000,9999.000,9999.000,9999.000,9999.000,9999.000,9999.000
202605081148,   0.472,9999.000,9999.000,9999.000,9999.000,9999.000,9999.000,9999.000,9999.000
202605081154,   0.494,9999.000,9999.000,9999.000,9999.000,9999.000,9999.000,9999.000,9999.000
202605081200,   0.516,9999.000,   0.400,  -0.104,   0.812,   0.400,   0.812,   0.500,   0.912
202605081206,   0.539,9999.000,9999.000,9999.000,9999.000,9999.000,9999.000,9999.000,9999.000
202605081212,   0.562,9999.000,9999.000,9999.000,9999.000,9999.000,9999.000,9999.000,9999.000
202605081218,   0.585,9999.000,9999.000,9999.000,9999.000,9999.000,9999.000,9999.000,9999.000
202605081224,   0.608,9999.000,9999.000,9999.000,9999.000,9999.000,9999.000,9999.000,9999.000
202605081230,   0.632,9999.000,9999.000,9999.000,9999.000,9999.000,9999.000,9999.000,9999.000
202605081236,   0.656,9999.000,9999.000,9999.000,9999.000,9999.000,9999.000,9999.000,9999.000
202605081242,   0.680,9999.000,9999.000,9999.000,9999.000,9999.000,9999.000,9999.000,9999.000
202605081248,   0.704,9999.000,9999.000,9999.000,9999.000,9999.000,9999.000,9999.000,9999.000
202605081254,   0.728,9999.000,9999.000,9999.000,9999.000,9999.000,9999.000,9999.000,9999.000
202605081300,   0.753,9999.000,   0.500,  -0.093,   1.160,   0.400,   1.060,   0.500,   1.160
202605081306,   0.777,9999.000,9999.000,9999.000,9999.000,9999.000,9999.000,9999.000,9999.000
202605081312,   0.801,9999.000,9999.000,9999.000,9999.000,9999.000,9999.000,9999.000,9999.000
202605081318,   0.825,9999.000,9999.000,9999.000,9999.000,9999.000,9999.000,9999.000,9999.000
202605081324,   0.849,9999.000,9999.000,9999.000,9999.000,9999.000,9999.000,9999.000,9999.000
202605081330,   0.873,9999.000,9999.000,9999.000,9999.000,9999.000,9999.000,9999.000,9999.000
202605081336,   0.897,9999.000,9999.000,9999.000,9999.000,9999.000,9999.000,9999.000,9999.000
202605081342,   0.921,9999.000,9999.000,9999.000,9999.000,9999.000,9999.000,9999.000,9999.000
202605081348,   0.944,9999.000,9999.000,9999.000,9999.000,9999.000,9999.000,9999.000,9999.000
202605081354,   0.967,9999.000,9999.000,9999.000,9999.000,9999.000,9999.000,9999.000,9999.000
202605081400,   0.990,9999.000,   0.500,  -0.082,   1.408,   0.500,   1.408,   0.500,   1.408
202605081406,   1.013,9999.000,9999.000,9999.000,9999.000,9999.000,9999.000,9999.000,9999.000
202605081412,   1.035,9999.000,9999.000,9999.000,9999.000,9999.000,9999.000,9999.000,9999.000
202605081418,   1.058,9999.000,9999.000,9999.000,9999.000,9999.000,9999.000,9999.000,9999.000
202605081424,   1.080,9999.000,9999.000,9999.000,9999.000,9999.000,9999.000,9999.000,9999.000
202605081430,   1.101,9999.000,9999.000,9999.000,9999.000,9999.000,9999.000,9999.000,9999.000
202605081436,   1.123,9999.000,9999.000,9999.000,9999.000,9999.000,9999.000,9999.000,9999.000
202605081442,   1.144,9999.000,9999.000,9999.000,9999.000,9999.000,9999.000,9999.000,9999.000
202605081448,   1.165,9999.000,9999.000,9999.000,9999.000,9999.000,9999.000,9999.000,9999.000
202605081454,   1.186,9999.000,9999.000,9999.000,9999.000,9999.000,9999.000,9999.000,9999.000
202605081500,   1.206,9999.000,   0.500,  -0.071,   1.635,   0.500,   1.635,   0.600,   1.735
202605081506,   1.226,9999.000,9999.000,9999.000,9999.000,9999.000,9999.000,9999.000,9999.000
202605081512,   1.246,9999.000,9999.000,9999.000,9999.000,9999.000,9999.000,9999.000,9999.000
202605081518,   1.266,9999.000,9999.000,9999.000,9999.000,9999.000,9999.000,9999.000,9999.000
202605081524,   1.286,9999.000,9999.000,9999.000,9999.000,9999.000,9999.000,9999.000,9999.000
202605081530,   1.305,9999.000,9999.000,9999.000,9999.000,9999.000,9999.000,9999.000,9999.000
202605081536,   1.324,9999.000,9999.000,9999.000,9999.000,9999.000,9999.000,9999.000,9999.000
202605081542,   1.344,9999.000,9999.000,9999.000,9999.000,9999.000,9999.000,9999.000,9999.000
202605081548,   1.363,9999.000,9999.000,9999.000,9999.000,9999.000,9999.000,9999.000,9999.000
202605081554,   1.381,9999.000,9999.000,9999.000,9999.000,9999.000,9999.000,9999.000,9999.000
202605081600,   1.400,9999.000,   0.500,  -0.060,   1.840,   0.500,   1.840,   0.600,   1.940
202605081606,   1.418,9999.000,9999.000,9999.000,9999.000,9999.000,9999.000,9999.000,9999.000
202605081612,   1.437,9999.000,9999.000,9999.000,9999.000,9999.000,9999.000,9999.000,9999.000
202605081618,   1.455,9999.000,9999.000,9999.000,9999.000,9999.000,9999.000,9999.000,9999.000
202605081624,   1.473,9999.000,9999.000,9999.000,9999.000,9999.000,9999.000,9999.000,9999.000
202605081630,   1.491,9999.000,9999.000,9999.000,9999.000,9999.000,9999.000,9999.000,9999.000
202605081636,   1.509,9999.000,9999.000,9999.000,9999.000,9999.000,9999.000,9999.000,9999.000
202605081642,   1.527,9999.000,9999.000,9999.000,9999.000,9999.000,9999.000,9999.000,9999.000
202605081648,   1.545,9999.000,9999.000,9999.000,9999.000,9999.000,9999.000,9999.000,9999.000
202605081654,   1.562,9999.000,9999.000,9999.000,9999.000,9999.000,9999.000,9999.000,9999.000
202605081700,   1.579,9999.000,   0.500,  -0.049,   2.030,   0.500,   2.030,   0.600,   2.130
202605081706,   1.597,9999.000,9999.000,9999.000,9999.000,9999.000,9999.000,9999.000,9999.000
202605081712,   1.613,9999.000,9999.000,9999.000,9999.000,9999.000,9999.000,9999.000,9999.000
202605081718,   1.630,9999.000,9999.000,9999.000,9999.000,9999.000,9999.000,9999.000,9999.000
202605081724,   1.647,9999.000,9999.000,9999.000,9999.000,9999.000,9999.000,9999.000,9999.000
202605081730,   1.663,9999.000,9999.000,9999.000,9999.000,9999.000,9999.000,9999.000,9999.000
202605081736,   1.679,9999.000,9999.000,9999.000,9999.000,9999.000,9999.000,9999.000,9999.000
202605081742,   1.695,9999.000,9999.000,9999.000,9999.000,9999.000,9999.000,9999.000,9999.000
202605081748,   1.711,9999.000,9999.000,9999.000,9999.000,9999.000,9999.000,9999.000,9999.000
202605081754,   1.726,9999.000,9999.000,9999.000,9999.000,9999.000,9999.000,9999.000,9999.000
202605081800,   1.741,9999.000,   0.500,  -0.039,   2.202,   0.500,   2.202,   0.600,   2.302
202605081806,   1.756,9999.000,9999.000,9999.000,9999.000,9999.000,9999.000,9999.000,9999.000
202605081812,   1.770,9999.000,9999.000,9999.000,9999.000,9999.000,9999.000,9999.000,9999.000
202605081818,   1.785,9999.000,9999.000,9999.000,9999.000,9999.000,9999.000,9999.000,9999.000
202605081824,   1.798,9999.000,9999.000,9999.000,9999.000,9999.000,9999.000,9999.000,9999.000
202605081830,   1.812,9999.000,9999.000,9999.000,9999.000,9999.000,9999.000,9999.000,9999.000
202605081836,   1.825,9999.000,9999.000,9999.000,9999.000,9999.000,9999.000,9999.000,9999.000
202605081842,   1.838,9999.000,9999.000,9999.000,9999.000,9999.000,9999.000,9999.000,9999.000
202605081848,   1.850,9999.000,9999.000,9999.000,9999.000,9999.000,9999.000,9999.000,9999.000
202605081854,   1.862,9999.000,9999.000,9999.000,9999.000,9999.000,9999.000,9999.000,9999.000
202605081900,   1.873,9999.000,   0.600,  -0.039,   2.434,   0.500,   2.334,   0.600,   2.434
202605081906,   1.884,9999.000,9999.000,9999.000,9999.000,9999.000,9999.000,9999.000,9999.000
202605081912,   1.895,9999.000,9999.000,9999.000,9999.000,9999.000,9999.000,9999.000,9999.000
202605081918,   1.905,9999.000,9999.000,9999.000,9999.000,9999.000,9999.000,9999.000,9999.000
202605081924,   1.915,9999.000,9999.000,9999.000,9999.000,9999.000,9999.000,9999.000,9999.000
202605081930,   1.924,9999.000,9999.000,9999.000,9999.000,9999.000,9999.000,9999.000,9999.000
202605081936,   1.933,9999.000,9999.000,9999.000,9999.000,9999.000,9999.000,9999.000,9999.000
202605081942,   1.941,9999.000,9999.000,9999.000,9999.000,9999.000,9999.000,9999.000,9999.000
202605081948,   1.949,9999.000,9999.000,9999.000,9999.000,9999.000,9999.000,9999.000,9999.000
202605081954,   1.957,9999.000,9999.000,9999.000,9999.000,9999.000,9999.000,9999.000,9999.000
202605082000,   1.963,9999.000,   0.600,  -0.039,   2.524,   0.500,   2.424,   0.700,   2.624
202605082006,   1.969,9999.000,9999.000,9999.000,9999.000,9999.000,9999.000,9999.000,9999.000
202605082012,   1.975,9999.000,9999.000,9999.000,9999.000,9999.000,9999.000,9999.000,9999.000
202605082018,   1.980,9999.000,9999.000,9999.000,9999.000,9999.000,9999.000,9999.000,9999.000
202605082024,   1.984,9999.000,9999.000,9999.000,9999.000,9999.000,9999.000,9999.000,9999.000
202605082030,   1.988,9999.000,9999.000,9999.000,9999.000,9999.000,9999.000,9999.000,9999.000
202605082036,   1.991,9999.000,9999.000,9999.000,9999.000,9999.000,9999.000,9999.000,9999.000
202605082042,   1.993,9999.000,9999.000,9999.000,9999.000,9999.000,9999.000,9999.000,9999.000
202605082048,   1.995,9999.000,9999.000,9999.000,9999.000,9999.000,9999.000,9999.000,9999.000
202605082054,   1.996,9999.000,9999.000,9999.000,9999.000,9999.000,9999.000,9999.000,9999.000
202605082100,   1.996,9999.000,   0.600,  -0.039,   2.557,   0.500,   2.457,   0.700,   2.657
202605082106,   1.996,9999.000,9999.000,9999.000,9999.000,9999.000,9999.000,9999.000,9999.000
202605082112,   1.994,9999.000,9999.000,9999.000,9999.000,9999.000,9999.000,9999.000,9999.000
202605082118,   1.992,9999.000,9999.000,9999.000,9999.000,9999.000,9999.000,9999.000,9999.000
202605082124,   1.989,9999.000,9999.000,9999.000,9999.000,9999.000,9999.000,9999.000,9999.000
202605082130,   1.985,9999.000,9999.000,9999.000,9999.000,9999.000,9999.000,9999.000,9999.000
202605082136,   1.980,9999.000,9999.000,9999.000,9999.000,9999.000,9999.000,9999.000,9999.000
202605082142,   1.975,9999.000,9999.000,9999.000,9999.000,9999.000,9999.000,9999.000,9999.000
202605082148,   1.968,9999.000,9999.000,9999.000,9999.000,9999.000,9999.000,9999.000,9999.000
202605082154,   1.961,9999.000,9999.000,9999.000,9999.000,9999.000,9999.000,9999.000,9999.000
202605082200,   1.953,9999.000,   0.600,  -0.039,   2.514,   0.500,   2.414,   0.700,   2.614
202605082206,   1.944,9999.000,9999.000,9999.000,9999.000,9999.000,9999.000,9999.000,9999.000
202605082212,   1.934,9999.000,9999.000,9999.000,9999.000,9999.000,9999.000,9999.000,9999.000
202605082218,   1.923,9999.000,9999.000,9999.000,9999.000,9999.000,9999.000,9999.000,9999.000
202605082224,   1.911,9999.000,9999.000,9999.000,9999.000,9999.000,9999.000,9999.000,9999.000
202605082230,   1.899,9999.000,9999.000,9999.000,9999.000,9999.000,9999.000,9999.000,9999.000
202605082236,   1.885,9999.000,9999.000,9999.000,9999.000,9999.000,9999.000,9999.000,9999.000
202605082242,   1.871,9999.000,9999.000,9999.000,9999.000,9999.000,9999.000,9999.000,9999.000
202605082248,   1.856,9999.000,9999.000,9999.000,9999.000,9999.000,9999.000,9999.000,9999.000
202605082254,   1.841,9999.000,9999.000,9999.000,9999.000,9999.000,9999.000,9999.000,9999.000
202605082300,   1.824,9999.000,   0.700,  -0.039,   2.485,   0.500,   2.285,   0.800,   2.585
202605082306,   1.807,9999.000,9999.000,9999.000,9999.000,9999.000,9999.000,9999.000,9999.000
202605082312,   1.789,9999.000,9999.000,9999.000,9999.000,9999.000,9999.000,9999.000,9999.000
202605082318,   1.771,9999.000,9999.000,9999.000,9999.000,9999.000,9999.000,9999.000,9999.000
202605082324,   1.752,9999.000,9999.000,9999.000,9999.000,9999.000,9999.000,9999.000,9999.000
202605082330,   1.733,9999.000,9999.000,9999.000,9999.000,9999.000,9999.000,9999.000,9999.000
202605082336,   1.713,9999.000,9999.000,9999.000,9999.000,9999.000,9999.000,9999.000,9999.000
202605082342,   1.692,9999.000,9999.000,9999.000,9999.000,9999.000,9999.000,9999.000,9999.000
202605082348,   1.671,9999.000,9999.000,9999.000,9999.000,9999.000,9999.000,9999.000,9999.000
202605082354,   1.650,9999.000,9999.000,9999.000,9999.000,9999.000,9999.000,9999.000,9999.000
202605090000,   1.628,9999.000,   0.600,  -0.039,   2.189,   0.500,   2.089,   0.700,   2.289
202605090006,   1.606,9999.000,9999.000,9999.000,9999.000,9999.000,9999.000,9999.000,9999.000
202605090012,   1.583,9999.000,9999.000,9999.000,9999.000,9999.000,9999.000,9999.000,9999.000
202605090018,   1.561,9999.000,9999.000,9999.000,9999.000,9999.000,9999.000,9999.000,9999.000
202605090024,   1.538,9999.000,9999.000,9999.000,9999.000,9999.000,9999.000,9999.000,9999.000
202605090030,   1.515,9999.000,9999.000,9999.000,9999.000,9999.000,9999.000,9999.000,9999.000
202605090036,   1.491,9999.000,9999.000,9999.000,9999.000,9999.000,9999.000,9999.000,9999.000
202605090042,   1.468,9999.000,9999.000,9999.000,9999.000,9999.000,9999.000,9999.000,9999.000
202605090048,   1.444,9999.000,9999.000,9999.000,9999.000,9999.000,9999.000,9999.000,9999.000
202605090054,   1.421,9999.000,9999.000,9999.000,9999.000,9999.000,9999.000,9999.000,9999.000
202605090100,   1.397,9999.000,   0.600,  -0.039,   1.958,   0.600,   1.958,   0.700,   2.058
202605090106,   1.373,9999.000,9999.000,9999.000,9999.000,9999.000,9999.000,9999.000,9999.000
202605090112,   1.349,9999.000,9999.000,9999.000,9999.000,9999.000,9999.000,9999.000,9999.000
202605090118,   1.325,9999.000,9999.000,9999.000,9999.000,9999.000,9999.000,9999.000,9999.000
202605090124,   1.302,9999.000,9999.000,9999.000,9999.000,9999.000,9999.000,9999.000,9999.000
202605090130,   1.278,9999.000,9999.000,9999.000,9999.000,9999.000,9999.000,9999.000,9999.000
202605090136,   1.254,9999.000,9999.000,9999.000,9999.000,9999.000,9999.000,9999.000,9999.000
202605090142,   1.230,9999.000,9999.000,9999.000,9999.000,9999.000,9999.000,9999.000,9999.000
202605090148,   1.206,9999.000,9999.000,9999.000,9999.000,9999.000,9999.000,9999.000,9999.000
202605090154,   1.183,9999.000,9999.000,9999.000,9999.000,9999.000,9999.000,9999.000,9999.000
202605090200,   1.159,9999.000,   0.600,  -0.039,   1.720,   0.600,   1.720,   0.700,   1.820
202605090206,   1.136,9999.000,9999.000,9999.000,9999.000,9999.000,9999.000,9999.000,9999.000
202605090212,   1.113,9999.000,9999.000,9999.000,9999.000,9999.000,9999.000,9999.000,9999.000
202605090218,   1.089,9999.000,9999.000,9999.000,9999.000,9999.000,9999.000,9999.000,9999.000
202605090224,   1.066,9999.000,9999.000,9999.000,9999.000,9999.000,9999.000,9999.000,9999.000
202605090230,   1.043,9999.000,9999.000,9999.000,9999.000,9999.000,9999.000,9999.000,9999.000
202605090236,   1.021,9999.000,9999.000,9999.000,9999.000,9999.000,9999.000,9999.000,9999.000
202605090242,   0.998,9999.000,9999.000,9999.000,9999.000,9999.000,9999.000,9999.000,9999.000
202605090248,   0.976,9999.000,9999.000,9999.000,9999.000,9999.000,9999.000,9999.000,9999.000
202605090254,   0.954,9999.000,9999.000,9999.000,9999.000,9999.000,9999.000,9999.000,9999.000
202605090300,   0.932,9999.000,   0.700,  -0.039,   1.593,   0.600,   1.493,   0.800,   1.693
202605090306,   0.910,9999.000,9999.000,9999.000,9999.000,9999.000,9999.000,9999.000,9999.000
202605090312,   0.889,9999.000,9999.000,9999.000,9999.000,9999.000,9999.000,9999.000,9999.000
202605090318,   0.868,9999.000,9999.000,9999.000,9999.000,9999.000,9999.000,9999.000,9999.000
202605090324,   0.847,9999.000,9999.000,9999.000,9999.000,9999.000,9999.000,9999.000,9999.000
202605090330,   0.826,9999.000,9999.000,9999.000,9999.000,9999.000,9999.000,9999.000,9999.000
202605090336,   0.806,9999.000,9999.000,9999.000,9999.000,9999.000,9999.000,9999.000,9999.000
202605090342,   0.786,9999.000,9999.000,9999.000,9999.000,9999.000,9999.000,9999.000,9999.000
202605090348,   0.766,9999.000,9999.000,9999.000,9999.000,9999.000,9999.000,9999.000,9999.000
202605090354,   0.747,9999.000,9999.000,9999.000,9999.000,9999.000,9999.000,9999.000,9999.000
202605090400,   0.728,9999.000,   0.700,  -0.039,   1.389,   0.600,   1.289,   0.800,   1.489
202605090406,   0.709,9999.000,9999.000,9999.000,9999.000,9999.000,9999.000,9999.000,9999.000
202605090412,   0.691,9999.000,9999.000,9999.000,9999.000,9999.000,9999.000,9999.000,9999.000
202605090418,   0.673,9999.000,9999.000,9999.000,9999.000,9999.000,9999.000,9999.000,9999.000
202605090424,   0.655,9999.000,9999.000,9999.000,9999.000,9999.000,9999.000,9999.000,9999.000
202605090430,   0.637,9999.000,9999.000,9999.000,9999.000,9999.000,9999.000,9999.000,9999.000
202605090436,   0.620,9999.000,9999.000,9999.000,9999.000,9999.000,9999.000,9999.000,9999.000
202605090442,   0.604,9999.000,9999.000,9999.000,9999.000,9999.000,9999.000,9999.000,9999.000
202605090448,   0.587,9999.000,9999.000,9999.000,9999.000,9999.000,9999.000,9999.000,9999.000
202605090454,   0.571,9999.000,9999.000,9999.000,9999.000,9999.000,9999.000,9999.000,9999.000
202605090500,   0.555,9999.000,   0.700,  -0.039,   1.216,   0.600,   1.116,   0.800,   1.316
202605090506,   0.540,9999.000,9999.000,9999.000,9999.000,9999.000,9999.000,9999.000,9999.000
202605090512,   0.525,9999.000,9999.000,9999.000,9999.000,9999.000,9999.000,9999.000,9999.000
202605090518,   0.510,9999.000,9999.000,9999.000,9999.000,9999.000,9999.000,9999.000,9999.000
202605090524,   0.495,9999.000,9999.000,9999.000,9999.000,9999.000,9999.000,9999.000,9999.000
202605090530,   0.481,9999.000,9999.000,9999.000,9999.000,9999.000,9999.000,9999.000,9999.000
202605090536,   0.466,9999.000,9999.000,9999.000,9999.000,9999.000,9999.000,9999.000,9999.000
202605090542,   0.452,9999.000,9999.000,9999.000,9999.000,9999.000,9999.000,9999.000,9999.000
202605090548,   0.439,9999.000,9999.000,9999.000,9999.000,9999.000,9999.000,9999.000,9999.000
202605090554,   0.425,9999.000,9999.000,9999.000,9999.000,9999.000,9999.000,9999.000,9999.000
202605090600,   0.412,9999.000,   0.700,  -0.039,   1.073,   0.600,   0.973,   0.900,   1.273
202605090606,   0.399,9999.000,9999.000,9999.000,9999.000,9999.000,9999.000,9999.000,9999.000
202605090612,   0.386,9999.000,9999.000,9999.000,9999.000,9999.000,9999.000,9999.000,9999.000
202605090618,   0.374,9999.000,9999.000,9999.000,9999.000,9999.000,9999.000,9999.000,9999.000
202605090624,   0.361,9999.000,9999.000,9999.000,9999.000,9999.000,9999.000,9999.000,9999.000
202605090630,   0.349,9999.000,9999.000,9999.000,9999.000,9999.000,9999.000,9999.000,9999.000
202605090636,   0.337,9999.000,9999.000,9999.000,9999.000,9999.000,9999.000,9999.000,9999.000
202605090642,   0.325,9999.000,9999.000,9999.000,9999.000,9999.000,9999.000,9999.000,9999.000
202605090648,   0.314,9999.000,9999.000,9999.000,9999.000,9999.000,9999.000,9999.000,9999.000
202605090654,   0.303,9999.000,9999.000,9999.000,9999.000,9999.000,9999.000,9999.000,9999.000
202605090700,   0.292,9999.000,   0.700,  -0.039,   0.953,   0.600,   0.853,   0.900,   1.153
202605090706,   0.281,9999.000,9999.000,9999.000,9999.000,9999.000,9999.000,9999.000,9999.000
202605090712,   0.271,9999.000,9999.000,9999.000,9999.000,9999.000,9999.000,9999.000,9999.000
202605090718,   0.261,9999.000,9999.000,9999.000,9999.000,9999.000,9999.000,9999.000,9999.000
202605090724,   0.252,9999.000,9999.000,9999.000,9999.000,9999.000,9999.000,9999.000,9999.000
202605090730,   0.243,9999.000,9999.000,9999.000,9999.000,9999.000,9999.000,9999.000,9999.000
202605090736,   0.234,9999.000,9999.000,9999.000,9999.000,9999.000,9999.000,9999.000,9999.000
202605090742,   0.226,9999.000,9999.000,9999.000,9999.000,9999.000,9999.000,9999.000,9999.000
202605090748,   0.218,9999.000,9999.000,9999.000,9999.000,9999.000,9999.000,9999.000,9999.000
202605090754,   0.211,9999.000,9999.000,9999.000,9999.000,9999.000,9999.000,9999.000,9999.000
202605090800,   0.204,9999.000,   0.700,  -0.039,   0.865,   0.600,   0.765,   0.900,   1.065
202605090806,   0.198,9999.000,9999.000,9999.000,9999.000,9999.000,9999.000,9999.000,9999.000
202605090812,   0.192,9999.000,9999.000,9999.000,9999.000,9999.000,9999.000,9999.000,9999.000
202605090818,   0.187,9999.000,9999.000,9999.000,9999.000,9999.000,9999.000,9999.000,9999.000
202605090824,   0.182,9999.000,9999.000,9999.000,9999.000,9999.000,9999.000,9999.000,9999.000
202605090830,   0.179,9999.000,9999.000,9999.000,9999.000,9999.000,9999.000,9999.000,9999.000
202605090836,   0.175,9999.000,9999.000,9999.000,9999.000,9999.000,9999.000,9999.000,9999.000
202605090842,   0.173,9999.000,9999.000,9999.000,9999.000,9999.000,9999.000,9999.000,9999.000
202605090848,   0.171,9999.000,9999.000,9999.000,9999.000,9999.000,9999.000,9999.000,9999.000
202605090854,   0.170,9999.000,9999.000,9999.000,9999.000,9999.000,9999.000,9999.000,9999.000
202605090900,   0.169,9999.000,   0.700,  -0.039,   0.830,   0.600,   0.730,   0.900,   1.030
202605090906,   0.169,9999.000,9999.000,9999.000,9999.000,9999.000,9999.000,9999.000,9999.000
202605090912,   0.170,9999.000,9999.000,9999.000,9999.000,9999.000,9999.000,9999.000,9999.000
202605090918,   0.172,9999.000,9999.000,9999.000,9999.000,9999.000,9999.000,9999.000,9999.000
202605090924,   0.174,9999.000,9999.000,9999.000,9999.000,9999.000,9999.000,9999.000,9999.000
202605090930,   0.177,9999.000,9999.000,9999.000,9999.000,9999.000,9999.000,9999.000,9999.000
202605090936,   0.181,9999.000,9999.000,9999.000,9999.000,9999.000,9999.000,9999.000,9999.000
202605090942,   0.185,9999.000,9999.000,9999.000,9999.000,9999.000,9999.000,9999.000,9999.000
202605090948,   0.190,9999.000,9999.000,9999.000,9999.000,9999.000,9999.000,9999.000,9999.000
202605090954,   0.196,9999.000,9999.000,9999.000,9999.000,9999.000,9999.000,9999.000,9999.000
202605091000,   0.202,9999.000,   0.700,  -0.039,   0.863,   0.600,   0.763,   0.900,   1.063
202605091006,   0.209,9999.000,9999.000,9999.000,9999.000,9999.000,9999.000,9999.000,9999.000
202605091012,   0.217,9999.000,9999.000,9999.000,9999.000,9999.000,9999.000,9999.000,9999.000
202605091018,   0.225,9999.000,9999.000,9999.000,9999.000,9999.000,9999.000,9999.000,9999.000
202605091024,   0.234,9999.000,9999.000,9999.000,9999.000,9999.000,9999.000,9999.000,9999.000
202605091030,   0.244,9999.000,9999.000,9999.000,9999.000,9999.000,9999.000,9999.000,9999.000
202605091036,   0.254,9999.000,9999.000,9999.000,9999.000,9999.000,9999.000,9999.000,9999.000
202605091042,   0.265,9999.000,9999.000,9999.000,9999.000,9999.000,9999.000,9999.000,9999.000
202605091048,   0.277,9999.000,9999.000,9999.000,9999.000,9999.000,9999.000,9999.000,9999.000
202605091054,   0.289,9999.000,9999.000,9999.000,9999.000,9999.000,9999.000,9999.000,9999.000
202605091100,   0.302,9999.000,   0.700,  -0.039,   0.963,   0.600,   0.863,   0.900,   1.163
202605091106,   0.315,9999.000,9999.000,9999.000,9999.000,9999.000,9999.000,9999.000,9999.000
202605091112,   0.329,9999.000,9999.000,9999.000,9999.000,9999.000,9999.000,9999.000,9999.000
202605091118,   0.343,9999.000,9999.000,9999.000,9999.000,9999.000,9999.000,9999.000,9999.000
202605091124,   0.358,9999.000,9999.000,9999.000,9999.000,9999.000,9999.000,9999.000,9999.000
202605091130,   0.374,9999.000,9999.000,9999.000,9999.000,9999.000,9999.000,9999.000,9999.000
202605091136,   0.390,9999.000,9999.000,9999.000,9999.000,9999.000,9999.000,9999.000,9999.000
202605091142,   0.407,9999.000,9999.000,9999.000,9999.000,9999.000,9999.000,9999.000,9999.000
202605091148,   0.424,9999.000,9999.000,9999.000,9999.000,9999.000,9999.000,9999.000,9999.000
202605091154,   0.441,9999.000,9999.000,9999.000,9999.000,9999.000,9999.000,9999.000,9999.000
202605091200,   0.460,9999.000,   0.700,  -0.039,   1.121,   0.500,   0.921,   0.900,   1.321
202605091206,   0.478,9999.000,9999.000,9999.000,9999.000,9999.000,9999.000,9999.000,9999.000
202605091212,   0.497,9999.000,9999.000,9999.000,9999.000,9999.000,9999.000,9999.000,9999.000
202605091218,   0.517,9999.000,9999.000,9999.000,9999.000,9999.000,9999.000,9999.000,9999.000
202605091224,   0.537,9999.000,9999.000,9999.000,9999.000,9999.000,9999.000,9999.000,9999.000
202605091230,   0.557,9999.000,9999.000,9999.000,9999.000,9999.000,9999.000,9999.000,9999.000
202605091236,   0.578,9999.000,9999.000,9999.000,9999.000,9999.000,9999.000,9999.000,9999.000
202605091242,   0.599,9999.000,9999.000,9999.000,9999.000,9999.000,9999.000,9999.000,9999.000
202605091248,   0.621,9999.000,9999.000,9999.000,9999.000,9999.000,9999.000,9999.000,9999.000
202605091254,   0.643,9999.000,9999.000,9999.000,9999.000,9999.000,9999.000,9999.000,9999.000
202605091300,   0.665,9999.000,   0.700,  -0.039,   1.326,   0.500,   1.126,   0.900,   1.526
202605091306,   0.687,9999.000,9999.000,9999.000,9999.000,9999.000,9999.000,9999.000,9999.000
202605091312,   0.710,9999.000,9999.000,9999.000,9999.000,9999.000,9999.000,9999.000,9999.000
202605091318,   0.732,9999.000,9999.000,9999.000,9999.000,9999.000,9999.000,9999.000,9999.000
202605091324,   0.755,9999.000,9999.000,9999.000,9999.000,9999.000,9999.000,9999.000,9999.000
202605091330,   0.778,9999.000,9999.000,9999.000,9999.000,9999.000,9999.000,9999.000,9999.000
202605091336,   0.801,9999.000,9999.000,9999.000,9999.000,9999.000,9999.000,9999.000,9999.000
202605091342,   0.824,9999.000,9999.000,9999.000,9999.000,9999.000,9999.000,9999.000,9999.000
202605091348,   0.847,9999.000,9999.000,9999.000,9999.000,9999.000,9999.000,9999.000,9999.000
202605091354,   0.870,9999.000,9999.000,9999.000,9999.000,9999.000,9999.000,9999.000,9999.000
202605091400,   0.893,9999.000,   0.600,  -0.039,   1.454,   0.500,   1.354,   0.800,   1.654
202605091406,   0.916,9999.000,9999.000,9999.000,9999.000,9999.000,9999.000,9999.000,9999.000
202605091412,   0.939,9999.000,9999.000,9999.000,9999.000,9999.000,9999.000,9999.000,9999.000
202605091418,   0.961,9999.000,9999.000,9999.000,9999.000,9999.000,9999.000,9999.000,9999.000
202605091424,   0.984,9999.000,9999.000,9999.000,9999.000,9999.000,9999.000,9999.000,9999.000
202605091430,   1.006,9999.000,9999.000,9999.000,9999.000,9999.000,9999.000,9999.000,9999.000
202605091436,   1.028,9999.000,9999.000,9999.000,9999.000,9999.000,9999.000,9999.000,9999.000
202605091442,   1.049,9999.000,9999.000,9999.000,9999.000,9999.000,9999.000,9999.000,9999.000
202605091448,   1.071,9999.000,9999.000,9999.000,9999.000,9999.000,9999.000,9999.000,9999.000
202605091454,   1.092,9999.000,9999.000,9999.000,9999.000,9999.000,9999.000,9999.000,9999.000
202605091500,   1.112,9999.000,   0.600,  -0.039,   1.673,   0.500,   1.573,   0.700,   1.773
202605091506,   1.133,9999.000,9999.000,9999.000,9999.000,9999.000,9999.000,9999.000,9999.000
202605091512,   1.153,9999.000,9999.000,9999.000,9999.000,9999.000,9999.000,9999.000,9999.000
202605091518,   1.172,9999.000,9999.000,9999.000,9999.000,9999.000,9999.000,9999.000,9999.000
202605091524,   1.191,9999.000,9999.000,9999.000,9999.000,9999.000,9999.000,9999.000,9999.000
202605091530,   1.210,9999.000,9999.000,9999.000,9999.000,9999.000,9999.000,9999.000,9999.000
202605091536,   1.229,9999.000,9999.000,9999.000,9999.000,9999.000,9999.000,9999.000,9999.000
202605091542,   1.247,9999.000,9999.000,9999.000,9999.000,9999.000,9999.000,9999.000,9999.000
202605091548,   1.265,9999.000,9999.000,9999.000,9999.000,9999.000,9999.000,9999.000,9999.000
202605091554,   1.282,9999.000,9999.000,9999.000,9999.000,9999.000,9999.000,9999.000,9999.000
202605091600,   1.299,9999.000,   0.600,  -0.039,   1.860,   0.500,   1.760,   0.700,   1.960
202605091606,   1.316,9999.000,9999.000,9999.000,9999.000,9999.000,9999.000,9999.000,9999.000
202605091612,   1.333,9999.000,9999.000,9999.000,9999.000,9999.000,9999.000,9999.000,9999.000
202605091618,   1.349,9999.000,9999.000,9999.000,9999.000,9999.000,9999.000,9999.000,9999.000
202605091624,   1.365,9999.000,9999.000,9999.000,9999.000,9999.000,9999.000,9999.000,9999.000
202605091630,   1.380,9999.000,9999.000,9999.000,9999.000,9999.000,9999.000,9999.000,9999.000
202605091636,   1.395,9999.000,9999.000,9999.000,9999.000,9999.000,9999.000,9999.000,9999.000
202605091642,   1.410,9999.000,9999.000,9999.000,9999.000,9999.000,9999.000,9999.000,9999.000
202605091648,   1.425,9999.000,9999.000,9999.000,9999.000,9999.000,9999.000,9999.000,9999.000
202605091654,   1.439,9999.000,9999.000,9999.000,9999.000,9999.000,9999.000,9999.000,9999.000
202605091700,   1.453,9999.000,   0.500,  -0.039,   1.914,   0.500,   1.914,   0.600,   2.014
202605091706,   1.467,9999.000,9999.000,9999.000,9999.000,9999.000,9999.000,9999.000,9999.000
202605091712,   1.481,9999.000,9999.000,9999.000,9999.000,9999.000,9999.000,9999.000,9999.000
202605091718,   1.494,9999.000,9999.000,9999.000,9999.000,9999.000,9999.000,9999.000,9999.000
202605091724,   1.508,9999.000,9999.000,9999.000,9999.000,9999.000,9999.000,9999.000,9999.000
202605091730,   1.520,9999.000,9999.000,9999.000,9999.000,9999.000,9999.000,9999.000,9999.000
202605091736,   1.533,9999.000,9999.000,9999.000,9999.000,9999.000,9999.000,9999.000,9999.000
202605091742,   1.546,9999.000,9999.000,9999.000,9999.000,9999.000,9999.000,9999.000,9999.000
202605091748,   1.558,9999.000,9999.000,9999.000,9999.000,9999.000,9999.000,9999.000,9999.000
202605091754,   1.570,9999.000,9999.000,9999.000,9999.000,9999.000,9999.000,9999.000,9999.000
202605091800,   1.582,9999.000,   0.500,  -0.039,   2.043,   0.400,   1.943,   0.600,   2.143
202605091806,   1.593,9999.000,9999.000,9999.000,9999.000,9999.000,9999.000,9999.000,9999.000
202605091812,   1.604,9999.000,9999.000,9999.000,9999.000,9999.000,9999.000,9999.000,9999.000
202605091818,   1.615,9999.000,9999.000,9999.000,9999.000,9999.000,9999.000,9999.000,9999.000
202605091824,   1.626,9999.000,9999.000,9999.000,9999.000,9999.000,9999.000,9999.000,9999.000
202605091830,   1.636,9999.000,9999.000,9999.000,9999.000,9999.000,9999.000,9999.000,9999.000
202605091836,   1.647,9999.000,9999.000,9999.000,9999.000,9999.000,9999.000,9999.000,9999.000
202605091842,   1.657,9999.000,9999.000,9999.000,9999.000,9999.000,9999.000,9999.000,9999.000
202605091848,   1.666,9999.000,9999.000,9999.000,9999.000,9999.000,9999.000,9999.000,9999.000
202605091854,   1.676,9999.000,9999.000,9999.000,9999.000,9999.000,9999.000,9999.000,9999.000
202605091900,   1.685,9999.000,   0.500,  -0.039,   2.146,   0.400,   2.046,   0.500,   2.146
202605091906,   1.694,9999.000,9999.000,9999.000,9999.000,9999.000,9999.000,9999.000,9999.000
202605091912,   1.702,9999.000,9999.000,9999.000,9999.000,9999.000,9999.000,9999.000,9999.000
202605091918,   1.711,9999.000,9999.000,9999.000,9999.000,9999.000,9999.000,9999.000,9999.000
202605091924,   1.719,9999.000,9999.000,9999.000,9999.000,9999.000,9999.000,9999.000,9999.000
202605091930,   1.726,9999.000,9999.000,9999.000,9999.000,9999.000,9999.000,9999.000,9999.000
202605091936,   1.734,9999.000,9999.000,9999.000,9999.000,9999.000,9999.000,9999.000,9999.000
202605091942,   1.741,9999.000,9999.000,9999.000,9999.000,9999.000,9999.000,9999.000,9999.000
202605091948,   1.748,9999.000,9999.000,9999.000,9999.000,9999.000,9999.000,9999.000,9999.000
202605091954,   1.754,9999.000,9999.000,9999.000,9999.000,9999.000,9999.000,9999.000,9999.000
202605092000,   1.760,9999.000,   0.500,  -0.039,   2.221,   0.400,   2.121,   0.500,   2.221
202605092006,   1.766,9999.000,9999.000,9999.000,9999.000,9999.000,9999.000,9999.000,9999.000
202605092012,   1.772,9999.000,9999.000,9999.000,9999.000,9999.000,9999.000,9999.000,9999.000
202605092018,   1.777,9999.000,9999.000,9999.000,9999.000,9999.000,9999.000,9999.000,9999.000
202605092024,   1.782,9999.000,9999.000,9999.000,9999.000,9999.000,9999.000,9999.000,9999.000
202605092030,   1.787,9999.000,9999.000,9999.000,9999.000,9999.000,9999.000,9999.000,9999.000
202605092036,   1.791,9999.000,9999.000,9999.000,9999.000,9999.000,9999.000,9999.000,9999.000
202605092042,   1.795,9999.000,9999.000,9999.000,9999.000,9999.000,9999.000,9999.000,9999.000
202605092048,   1.798,9999.000,9999.000,9999.000,9999.000,9999.000,9999.000,9999.000,9999.000
202605092054,   1.801,9999.000,9999.000,9999.000,9999.000,9999.000,9999.000,9999.000,9999.000
202605092100,   1.804,9999.000,   0.500,  -0.039,   2.265,   0.400,   2.165,   0.500,   2.265
202605092106,   1.807,9999.000,9999.000,9999.000,9999.000,9999.000,9999.000,9999.000,9999.000
202605092112,   1.808,9999.000,9999.000,9999.000,9999.000,9999.000,9999.000,9999.000,9999.000
202605092118,   1.810,9999.000,9999.000,9999.000,9999.000,9999.000,9999.000,9999.000,9999.000
202605092124,   1.811,9999.000,9999.000,9999.000,9999.000,9999.000,9999.000,9999.000,9999.000
202605092130,   1.811,9999.000,9999.000,9999.000,9999.000,9999.000,9999.000,9999.000,9999.000
202605092136,   1.811,9999.000,9999.000,9999.000,9999.000,9999.000,9999.000,9999.000,9999.000
202605092142,   1.811,9999.000,9999.000,9999.000,9999.000,9999.000,9999.000,9999.000,9999.000
202605092148,   1.810,9999.000,9999.000,9999.000,9999.000,9999.000,9999.000,9999.000,9999.000
202605092154,   1.808,9999.000,9999.000,9999.000,9999.000,9999.000,9999.000,9999.000,9999.000
202605092200,   1.806,9999.000,   0.500,  -0.039,   2.267,   0.400,   2.167,   0.500,   2.267
202605092206,   1.803,9999.000,9999.000,9999.000,9999.000,9999.000,9999.000,9999.000,9999.000
202605092212,   1.799,9999.000,9999.000,9999.000,9999.000,9999.000,9999.000,9999.000,9999.000
202605092218,   1.795,9999.000,9999.000,9999.000,9999.000,9999.000,9999.000,9999.000,9999.000
202605092224,   1.790,9999.000,9999.000,9999.000,9999.000,9999.000,9999.000,9999.000,9999.000
202605092230,   1.785,9999.000,9999.000,9999.000,9999.000,9999.000,9999.000,9999.000,9999.000
202605092236,   1.778,9999.000,9999.000,9999.000,9999.000,9999.000,9999.000,9999.000,9999.000
202605092242,   1.771,9999.000,9999.000,9999.000,9999.000,9999.000,9999.000,9999.000,9999.000
202605092248,   1.764,9999.000,9999.000,9999.000,9999.000,9999.000,9999.000,9999.000,9999.000
202605092254,   1.756,9999.000,9999.000,9999.000,9999.000,9999.000,9999.000,9999.000,9999.000
202605092300,   1.747,9999.000,   0.500,  -0.039,   2.208,   0.400,   2.108,   0.600,   2.308
202605092306,   1.737,9999.000,9999.000,9999.000,9999.000,9999.000,9999.000,9999.000,9999.000
202605092312,   1.727,9999.000,9999.000,9999.000,9999.000,9999.000,9999.000,9999.000,9999.000
202605092318,   1.716,9999.000,9999.000,9999.000,9999.000,9999.000,9999.000,9999.000,9999.000
202605092324,   1.704,9999.000,9999.000,9999.000,9999.000,9999.000,9999.000,9999.000,9999.000
202605092330,   1.692,9999.000,9999.000,9999.000,9999.000,9999.000,9999.000,9999.000,9999.000
202605092336,   1.679,9999.000,9999.000,9999.000,9999.000,9999.000,9999.000,9999.000,9999.000
202605092342,   1.666,9999.000,9999.000,9999.000,9999.000,9999.000,9999.000,9999.000,9999.000
202605092348,   1.652,9999.000,9999.000,9999.000,9999.000,9999.000,9999.000,9999.000,9999.000
202605092354,   1.637,9999.000,9999.000,9999.000,9999.000,9999.000,9999.000,9999.000,9999.000
202605100000,   1.622,9999.000,   0.500,  -0.039,   2.083,   0.400,   1.983,   0.600,   2.183
202605100006,   1.607,9999.000,9999.000,9999.000,9999.000,9999.000,9999.000,9999.000,9999.000
202605100012,   1.591,9999.000,9999.000,9999.000,9999.000,9999.000,9999.000,9999.000,9999.000
202605100018,   1.574,9999.000,9999.000,9999.000,9999.000,9999.000,9999.000,9999.000,9999.000
202605100024,   1.558,9999.000,9999.000,9999.000,9999.000,9999.000,9999.000,9999.000,9999.000
202605100030,   1.540,9999.000,9999.000,9999.000,9999.000,9999.000,9999.000,9999.000,9999.000
202605100036,   1.523,9999.000,9999.000,9999.000,9999.000,9999.000,9999.000,9999.000,9999.000
202605100042,   1.505,9999.000,9999.000,9999.000,9999.000,9999.000,9999.000,9999.000,9999.000
202605100048,   1.488,9999.000,9999.000,9999.000,9999.000,9999.000,9999.000,9999.000,9999.000
202605100054,   1.470,9999.000,9999.000,9999.000,9999.000,9999.000,9999.000,9999.000,9999.000
202605100100,   1.451,9999.000,   0.500,  -0.039,   1.912,   0.500,   1.912,   0.600,   2.012
202605100106,   1.433,9999.000,9999.000,9999.000,9999.000,9999.000,9999.000,9999.000,9999.000
202605100112,   1.414,9999.000,9999.000,9999.000,9999.000,9999.000,9999.000,9999.000,9999.000
202605100118,   1.396,9999.000,9999.000,9999.000,9999.000,9999.000,9999.000,9999.000,9999.000
202605100124,   1.377,9999.000,9999.000,9999.000,9999.000,9999.000,9999.000,9999.000,9999.000
202605100130,   1.358,9999.000,9999.000,9999.000,9999.000,9999.000,9999.000,9999.000,9999.000
202605100136,   1.339,9999.000,9999.000,9999.000,9999.000,9999.000,9999.000,9999.000,9999.000
202605100142,   1.320,9999.000,9999.000,9999.000,9999.000,9999.000,9999.000,9999.000,9999.000
202605100148,   1.301,9999.000,9999.000,9999.000,9999.000,9999.000,9999.000,9999.000,9999.000
202605100154,   1.283,9999.000,9999.000,9999.000,9999.000,9999.000,9999.000,9999.000,9999.000
202605100200,   1.264,9999.000,   0.500,  -0.039,   1.725,   0.500,   1.725,   0.600,   1.825
202605100206,   1.245,9999.000,9999.000,9999.000,9999.000,9999.000,9999.000,9999.000,9999.000
202605100212,   1.226,9999.000,9999.000,9999.000,9999.000,9999.000,9999.000,9999.000,9999.000
202605100218,   1.207,9999.000,9999.000,9999.000,9999.000,9999.000,9999.000,9999.000,9999.000
202605100224,   1.188,9999.000,9999.000,9999.000,9999.000,9999.000,9999.000,9999.000,9999.000
202605100230,   1.170,9999.000,9999.000,9999.000,9999.000,9999.000,9999.000,9999.000,9999.000
202605100236,   1.151,9999.000,9999.000,9999.000,9999.000,9999.000,9999.000,9999.000,9999.000
202605100242,   1.133,9999.000,9999.000,9999.000,9999.000,9999.000,9999.000,9999.000,9999.000
202605100248,   1.114,9999.000,9999.000,9999.000,9999.000,9999.000,9999.000,9999.000,9999.000
202605100254,   1.096,9999.000,9999.000,9999.000,9999.000,9999.000,9999.000,9999.000,9999.000
202605100300,   1.077,9999.000,   0.500,  -0.039,   1.538,   0.500,   1.538,   0.600,   1.638
202605100306,   1.059,9999.000,9999.000,9999.000,9999.000,9999.000,9999.000,9999.000,9999.000
202605100312,   1.040,9999.000,9999.000,9999.000,9999.000,9999.000,9999.000,9999.000,9999.000
202605100318,   1.022,9999.000,9999.000,9999.000,9999.000,9999.000,9999.000,9999.000,9999.000
202605100324,   1.004,9999.000,9999.000,9999.000,9999.000,9999.000,9999.000,9999.000,9999.000
202605100330,   0.986,9999.000,9999.000,9999.000,9999.000,9999.000,9999.000,9999.000,9999.000
202605100336,   0.968,9999.000,9999.000,9999.000,9999.000,9999.000,9999.000,9999.000,9999.000
202605100342,   0.950,9999.000,9999.000,9999.000,9999.000,9999.000,9999.000,9999.000,9999.000
202605100348,   0.932,9999.000,9999.000,9999.000,9999.000,9999.000,9999.000,9999.000,9999.000
202605100354,   0.915,9999.000,9999.000,9999.000,9999.000,9999.000,9999.000,9999.000,9999.000
202605100400,   0.897,9999.000,   0.600,  -0.039,   1.458,   0.500,   1.358,   0.600,   1.458
202605100406,   0.880,9999.000,9999.000,9999.000,9999.000,9999.000,9999.000,9999.000,9999.000
202605100412,   0.862,9999.000,9999.000,9999.000,9999.000,9999.000,9999.000,9999.000,9999.000
202605100418,   0.845,9999.000,9999.000,9999.000,9999.000,9999.000,9999.000,9999.000,9999.000
202605100424,   0.828,9999.000,9999.000,9999.000,9999.000,9999.000,9999.000,9999.000,9999.000
202605100430,   0.811,9999.000,9999.000,9999.000,9999.000,9999.000,9999.000,9999.000,9999.000
202605100436,   0.795,9999.000,9999.000,9999.000,9999.000,9999.000,9999.000,9999.000,9999.000
202605100442,   0.778,9999.000,9999.000,9999.000,9999.000,9999.000,9999.000,9999.000,9999.000
202605100448,   0.762,9999.000,9999.000,9999.000,9999.000,9999.000,9999.000,9999.000,9999.000
202605100454,   0.746,9999.000,9999.000,9999.000,9999.000,9999.000,9999.000,9999.000,9999.000
202605100500,   0.730,9999.000,   0.600,  -0.039,   1.291,   0.500,   1.191,   0.600,   1.291
202605100506,   0.715,9999.000,9999.000,9999.000,9999.000,9999.000,9999.000,9999.000,9999.000
202605100512,   0.699,9999.000,9999.000,9999.000,9999.000,9999.000,9999.000,9999.000,9999.000
202605100518,   0.684,9999.000,9999.000,9999.000,9999.000,9999.000,9999.000,9999.000,9999.000
202605100524,   0.669,9999.000,9999.000,9999.000,9999.000,9999.000,9999.000,9999.000,9999.000
202605100530,   0.654,9999.000,9999.000,9999.000,9999.000,9999.000,9999.000,9999.000,9999.000
202605100536,   0.640,9999.000,9999.000,9999.000,9999.000,9999.000,9999.000,9999.000,9999.000
202605100542,   0.626,9999.000,9999.000,9999.000,9999.000,9999.000,9999.000,9999.000,9999.000
202605100548,   0.612,9999.000,9999.000,9999.000,9999.000,9999.000,9999.000,9999.000,9999.000
202605100554,   0.598,9999.000,9999.000,9999.000,9999.000,9999.000,9999.000,9999.000,9999.000
202605100600,   0.585,9999.000,   0.500,  -0.039,   1.046,   0.500,   1.046,   0.600,   1.146
202605100606,   0.571,9999.000,9999.000,9999.000,9999.000,9999.000,9999.000,9999.000,9999.000
202605100612,   0.558,9999.000,9999.000,9999.000,9999.000,9999.000,9999.000,9999.000,9999.000
202605100618,   0.546,9999.000,9999.000,9999.000,9999.000,9999.000,9999.000,9999.000,9999.000
202605100624,   0.533,9999.000,9999.000,9999.000,9999.000,9999.000,9999.000,9999.000,9999.000
202605100630,   0.521,9999.000,9999.000,9999.000,9999.000,9999.000,9999.000,9999.000,9999.000
202605100636,   0.509,9999.000,9999.000,9999.000,9999.000,9999.000,9999.000,9999.000,9999.000
202605100642,   0.498,9999.000,9999.000,9999.000,9999.000,9999.000,9999.000,9999.000,9999.000
202605100648,   0.486,9999.000,9999.000,9999.000,9999.000,9999.000,9999.000,9999.000,9999.000
202605100654,   0.475,9999.000,9999.000,9999.000,9999.000,9999.000,9999.000,9999.000,9999.000
202605100700,   0.464,9999.000,   0.500,  -0.039,   0.925,   0.500,   0.925,   0.600,   1.025
202605100706,   0.454,9999.000,9999.000,9999.000,9999.000,9999.000,9999.000,9999.000,9999.000
202605100712,   0.443,9999.000,9999.000,9999.000,9999.000,9999.000,9999.000,9999.000,9999.000
202605100718,   0.433,9999.000,9999.000,9999.000,9999.000,9999.000,9999.000,9999.000,9999.000
202605100724,   0.424,9999.000,9999.000,9999.000,9999.000,9999.000,9999.000,9999.000,9999.000
202605100730,   0.414,9999.000,9999.000,9999.000,9999.000,9999.000,9999.000,9999.000,9999.000
202605100736,   0.405,9999.000,9999.000,9999.000,9999.000,9999.000,9999.000,9999.000,9999.000
202605100742,   0.396,9999.000,9999.000,9999.000,9999.000,9999.000,9999.000,9999.000,9999.000
202605100748,   0.388,9999.000,9999.000,9999.000,9999.000,9999.000,9999.000,9999.000,9999.000
202605100754,   0.380,9999.000,9999.000,9999.000,9999.000,9999.000,9999.000,9999.000,9999.000
202605100800,   0.373,9999.000,   0.500,  -0.039,   0.834,   0.500,   0.834,   0.600,   0.934
202605100806,   0.365,9999.000,9999.000,9999.000,9999.000,9999.000,9999.000,9999.000,9999.000
202605100812,   0.359,9999.000,9999.000,9999.000,9999.000,9999.000,9999.000,9999.000,9999.000
202605100818,   0.353,9999.000,9999.000,9999.000,9999.000,9999.000,9999.000,9999.000,9999.000
202605100824,   0.347,9999.000,9999.000,9999.000,9999.000,9999.000,9999.000,9999.000,9999.000
202605100830,   0.342,9999.000,9999.000,9999.000,9999.000,9999.000,9999.000,9999.000,9999.000
202605100836,   0.337,9999.000,9999.000,9999.000,9999.000,9999.000,9999.000,9999.000,9999.000
202605100842,   0.333,9999.000,9999.000,9999.000,9999.000,9999.000,9999.000,9999.000,9999.000
202605100848,   0.329,9999.000,9999.000,9999.000,9999.000,9999.000,9999.000,9999.000,9999.000
202605100854,   0.326,9999.000,9999.000,9999.000,9999.000,9999.000,9999.000,9999.000,9999.000
202605100900,   0.323,9999.000,   0.500,  -0.039,   0.784,   0.500,   0.784,   0.600,   0.884
202605100906,   0.321,9999.000,9999.000,9999.000,9999.000,9999.000,9999.000,9999.000,9999.000
202605100912,   0.320,9999.000,9999.000,9999.000,9999.000,9999.000,9999.000,9999.000,9999.000
202605100918,   0.319,9999.000,9999.000,9999.000,9999.000,9999.000,9999.000,9999.000,9999.000
202605100924,   0.319,9999.000,9999.000,9999.000,9999.000,9999.000,9999.000,9999.000,9999.000
202605100930,   0.320,9999.000,9999.000,9999.000,9999.000,9999.000,9999.000,9999.000,9999.000
202605100936,   0.321,9999.000,9999.000,9999.000,9999.000,9999.000,9999.000,9999.000,9999.000
202605100942,   0.323,9999.000,9999.000,9999.000,9999.000,9999.000,9999.000,9999.000,9999.000
202605100948,   0.325,9999.000,9999.000,9999.000,9999.000,9999.000,9999.000,9999.000,9999.000
202605100954,   0.328,9999.000,9999.000,9999.000,9999.000,9999.000,9999.000,9999.000,9999.000
202605101000,   0.331,9999.000,   0.500,  -0.039,   0.792,   0.500,   0.792,   0.600,   0.892
202605101006,   0.336,9999.000,9999.000,9999.000,9999.000,9999.000,9999.000,9999.000,9999.000
202605101012,   0.340,9999.000,9999.000,9999.000,9999.000,9999.000,9999.000,9999.000,9999.000
202605101018,   0.346,9999.000,9999.000,9999.000,9999.000,9999.000,9999.000,9999.000,9999.000
202605101024,   0.352,9999.000,9999.000,9999.000,9999.000,9999.000,9999.000,9999.000,9999.000
202605101030,   0.358,9999.000,9999.000,9999.000,9999.000,9999.000,9999.000,9999.000,9999.000
202605101036,   0.365,9999.000,9999.000,9999.000,9999.000,9999.000,9999.000,9999.000,9999.000
202605101042,   0.373,9999.000,9999.000,9999.000,9999.000,9999.000,9999.000,9999.000,9999.000
202605101048,   0.381,9999.000,9999.000,9999.000,9999.000,9999.000,9999.000,9999.000,9999.000
202605101054,   0.390,9999.000,9999.000,9999.000,9999.000,9999.000,9999.000,9999.000,9999.000
202605101100,   0.399,9999.000,   0.600,  -0.039,   0.960,   0.500,   0.860,   0.700,   1.060
202605101106,   0.409,9999.000,9999.000,9999.000,9999.000,9999.000,9999.000,9999.000,9999.000
202605101112,   0.419,9999.000,9999.000,9999.000,9999.000,9999.000,9999.000,9999.000,9999.000
202605101118,   0.430,9999.000,9999.000,9999.000,9999.000,9999.000,9999.000,9999.000,9999.000
202605101124,   0.441,9999.000,9999.000,9999.000,9999.000,9999.000,9999.000,9999.000,9999.000
202605101130,   0.452,9999.000,9999.000,9999.000,9999.000,9999.000,9999.000,9999.000,9999.000
202605101136,   0.464,9999.000,9999.000,9999.000,9999.000,9999.000,9999.000,9999.000,9999.000
202605101142,   0.477,9999.000,9999.000,9999.000,9999.000,9999.000,9999.000,9999.000,9999.000
202605101148,   0.490,9999.000,9999.000,9999.000,9999.000,9999.000,9999.000,9999.000,9999.000
202605101154,   0.503,9999.000,9999.000,9999.000,9999.000,9999.000,9999.000,9999.000,9999.000
202605101200,   0.517,9999.000,   0.600,  -0.039,   1.078,   0.500,   0.978,   0.700,   1.178
202605101206,   0.531,9999.000,9999.000,9999.000,9999.000,9999.000,9999.000,9999.000,9999.000
202605101212,   0.546,9999.000,9999.000,9999.000,9999.000,9999.000,9999.000,9999.000,9999.000
202605101218,   0.561,9999.000,9999.000,9999.000,9999.000,9999.000,9999.000,9999.000,9999.000
202605101224,   0.576,9999.000,9999.000,9999.000,9999.000,9999.000,9999.000,9999.000,9999.000
202605101230,   0.592,9999.000,9999.000,9999.000,9999.000,9999.000,9999.000,9999.000,9999.000
202605101236,   0.608,9999.000,9999.000,9999.000,9999.000,9999.000,9999.000,9999.000,9999.000
202605101242,   0.624,9999.000,9999.000,9999.000,9999.000,9999.000,9999.000,9999.000,9999.000
202605101248,   0.641,9999.000,9999.000,9999.000,9999.000,9999.000,9999.000,9999.000,9999.000
202605101254,   0.658,9999.000,9999.000,9999.000,9999.000,9999.000,9999.000,9999.000,9999.000
202605101300,   0.676,9999.000,   0.600,  -0.039,   1.237,   0.500,   1.137,   0.700,   1.337
202605101306,   0.694,9999.000,9999.000,9999.000,9999.000,9999.000,9999.000,9999.000,9999.000
202605101312,   0.712,9999.000,9999.000,9999.000,9999.000,9999.000,9999.000,9999.000,9999.000
202605101318,   0.731,9999.000,9999.000,9999.000,9999.000,9999.000,9999.000,9999.000,9999.000
202605101324,   0.749,9999.000,9999.000,9999.000,9999.000,9999.000,9999.000,9999.000,9999.000
202605101330,   0.769,9999.000,9999.000,9999.000,9999.000,9999.000,9999.000,9999.000,9999.000
202605101336,   0.788,9999.000,9999.000,9999.000,9999.000,9999.000,9999.000,9999.000,9999.000
202605101342,   0.807,9999.000,9999.000,9999.000,9999.000,9999.000,9999.000,9999.000,9999.000
202605101348,   0.827,9999.000,9999.000,9999.000,9999.000,9999.000,9999.000,9999.000,9999.000
202605101354,   0.847,9999.000,9999.000,9999.000,9999.000,9999.000,9999.000,9999.000,9999.000
202605101400,   0.867,9999.000,   0.600,  -0.039,   1.428,   0.500,   1.328,   0.600,   1.428
202605101406,   0.887,9999.000,9999.000,9999.000,9999.000,9999.000,9999.000,9999.000,9999.000
202605101412,   0.907,9999.000,9999.000,9999.000,9999.000,9999.000,9999.000,9999.000,9999.000
202605101418,   0.927,9999.000,9999.000,9999.000,9999.000,9999.000,9999.000,9999.000,9999.000
202605101424,   0.947,9999.000,9999.000,9999.000,9999.000,9999.000,9999.000,9999.000,9999.000
202605101430,   0.967,9999.000,9999.000,9999.000,9999.000,9999.000,9999.000,9999.000,9999.000
202605101436,   0.987,9999.000,9999.000,9999.000,9999.000,9999.000,9999.000,9999.000,9999.000
202605101442,   1.006,9999.000,9999.000,9999.000,9999.000,9999.000,9999.000,9999.000,9999.000
202605101448,   1.026,9999.000,9999.000,9999.000,9999.000,9999.000,9999.000,9999.000,9999.000
202605101454,   1.045,9999.000,9999.000,9999.000,9999.000,9999.000,9999.000,9999.000,9999.000
202605101500,   1.064,9999.000,   0.600,  -0.039,   1.625,   0.500,   1.525,   0.600,   1.625
202605101506,   1.083,9999.000,9999.000,9999.000,9999.000,9999.000,9999.000,9999.000,9999.000
202605101512,   1.102,9999.000,9999.000,9999.000,9999.000,9999.000,9999.000,9999.000,9999.000
202605101518,   1.120,9999.000,9999.000,9999.000,9999.000,9999.000,9999.000,9999.000,9999.000
202605101524,   1.138,9999.000,9999.000,9999.000,9999.000,9999.000,9999.000,9999.000,9999.000
202605101530,   1.155,9999.000,9999.000,9999.000,9999.000,9999.000,9999.000,9999.000,9999.000
202605101536,   1.172,9999.000,9999.000,9999.000,9999.000,9999.000,9999.000,9999.000,9999.000
202605101542,   1.188,9999.000,9999.000,9999.000,9999.000,9999.000,9999.000,9999.000,9999.000
202605101548,   1.204,9999.000,9999.000,9999.000,9999.000,9999.000,9999.000,9999.000,9999.000
202605101554,   1.220,9999.000,9999.000,9999.000,9999.000,9999.000,9999.000,9999.000,9999.000
202605101600,   1.235,9999.000,   0.600,  -0.039,   1.796,   0.500,   1.696,   0.600,   1.796
202605101606,   1.249,9999.000,9999.000,9999.000,9999.000,9999.000,9999.000,9999.000,9999.000
202605101612,   1.263,9999.000,9999.000,9999.000,9999.000,9999.000,9999.000,9999.000,9999.000
202605101618,   1.277,9999.000,9999.000,9999.000,9999.000,9999.000,9999.000,9999.000,9999.000
202605101624,   1.290,9999.000,9999.000,9999.000,9999.000,9999.000,9999.000,9999.000,9999.000
202605101630,   1.303,9999.000,9999.000,9999.000,9999.000,9999.000,9999.000,9999.000,9999.000
202605101636,   1.315,9999.000,9999.000,9999.000,9999.000,9999.000,9999.000,9999.000,9999.000
202605101642,   1.326,9999.000,9999.000,9999.000,9999.000,9999.000,9999.000,9999.000,9999.000
202605101648,   1.337,9999.000,9999.000,9999.000,9999.000,9999.000,9999.000,9999.000,9999.000
202605101654,   1.348,9999.000,9999.000,9999.000,9999.000,9999.000,9999.000,9999.000,9999.000
202605101700,   1.358,9999.000,   0.500,  -0.039,   1.819,   0.500,   1.819,   0.600,   1.919
202605101706,   1.367,9999.000,9999.000,9999.000,9999.000,9999.000,9999.000,9999.000,9999.000
202605101712,   1.377,9999.000,9999.000,9999.000,9999.000,9999.000,9999.000,9999.000,9999.000
202605101718,   1.386,9999.000,9999.000,9999.000,9999.000,9999.000,9999.000,9999.000,9999.000
202605101724,   1.394,9999.000,9999.000,9999.000,9999.000,9999.000,9999.000,9999.000,9999.000
202605101730,   1.402,9999.000,9999.000,9999.000,9999.000,9999.000,9999.000,9999.000,9999.000
202605101736,   1.410,9999.000,9999.000,9999.000,9999.000,9999.000,9999.000,9999.000,9999.000
202605101742,   1.417,9999.000,9999.000,9999.000,9999.000,9999.000,9999.000,9999.000,9999.000
202605101748,   1.424,9999.000,9999.000,9999.000,9999.000,9999.000,9999.000,9999.000,9999.000
202605101754,   1.431,9999.000,9999.000,9999.000,9999.000,9999.000,9999.000,9999.000,9999.000
202605101800,   1.438,9999.000,   0.500,  -0.039,   1.899,   0.400,   1.799,   0.600,   1.999
202605101806,   1.444,9999.000,9999.000,9999.000,9999.000,9999.000,9999.000,9999.000,9999.000
202605101812,   1.450,9999.000,9999.000,9999.000,9999.000,9999.000,9999.000,9999.000,9999.000
202605101818,   1.455,9999.000,9999.000,9999.000,9999.000,9999.000,9999.000,9999.000,9999.000
202605101824,   1.461,9999.000,9999.000,9999.000,9999.000,9999.000,9999.000,9999.000,9999.000
202605101830,   1.466,9999.000,9999.000,9999.000,9999.000,9999.000,9999.000,9999.000,9999.000
202605101836,   1.471,9999.000,9999.000,9999.000,9999.000,9999.000,9999.000,9999.000,9999.000
202605101842,   1.476,9999.000,9999.000,9999.000,9999.000,9999.000,9999.000,9999.000,9999.000
202605101848,   1.481,9999.000,9999.000,9999.000,9999.000,9999.000,9999.000,9999.000,9999.000
202605101854,   1.485,9999.000,9999.000,9999.000,9999.000,9999.000,9999.000,9999.000,9999.000
202605101900,   1.490,9999.000,   0.500,  -0.039,   1.951,   0.400,   1.851,   0.600,   2.051
202605101906,   1.494,9999.000,9999.000,9999.000,9999.000,9999.000,9999.000,9999.000,9999.000
202605101912,   1.498,9999.000,9999.000,9999.000,9999.000,9999.000,9999.000,9999.000,9999.000
202605101918,   1.501,9999.000,9999.000,9999.000,9999.000,9999.000,9999.000,9999.000,9999.000
202605101924,   1.505,9999.000,9999.000,9999.000,9999.000,9999.000,9999.000,9999.000,9999.000
202605101930,   1.509,9999.000,9999.000,9999.000,9999.000,9999.000,9999.000,9999.000,9999.000
202605101936,   1.512,9999.000,9999.000,9999.000,9999.000,9999.000,9999.000,9999.000,9999.000
202605101942,   1.515,9999.000,9999.000,9999.000,9999.000,9999.000,9999.000,9999.000,9999.000
202605101948,   1.518,9999.000,9999.000,9999.000,9999.000,9999.000,9999.000,9999.000,9999.000
202605101954,   1.521,9999.000,9999.000,9999.000,9999.000,9999.000,9999.000,9999.000,9999.000
202605102000,   1.524,9999.000,   0.500,  -0.039,   1.985,   0.400,   1.885,   0.600,   2.085
202605102006,   1.527,9999.000,9999.000,9999.000,9999.000,9999.000,9999.000,9999.000,9999.000
202605102012,   1.530,9999.000,9999.000,9999.000,9999.000,9999.000,9999.000,9999.000,9999.000
202605102018,   1.532,9999.000,9999.000,9999.000,9999.000,9999.000,9999.000,9999.000,9999.000
202605102024,   1.535,9999.000,9999.000,9999.000,9999.000,9999.000,9999.000,9999.000,9999.000
202605102030,   1.537,9999.000,9999.000,9999.000,9999.000,9999.000,9999.000,9999.000,9999.000
202605102036,   1.539,9999.000,9999.000,9999.000,9999.000,9999.000,9999.000,9999.000,9999.000
202605102042,   1.541,9999.000,9999.000,9999.000,9999.000,9999.000,9999.000,9999.000,9999.000
202605102048,   1.543,9999.000,9999.000,9999.000,9999.000,9999.000,9999.000,9999.000,9999.000
202605102054,   1.545,9999.000,9999.000,9999.000,9999.000,9999.000,9999.000,9999.000,9999.000
202605102100,   1.547,9999.000,   0.500,  -0.039,   2.008,   0.400,   1.908,   0.600,   2.108
202605102106,   1.548,9999.000,9999.000,9999.000,9999.000,9999.000,9999.000,9999.000,9999.000
202605102112,   1.550,9999.000,9999.000,9999.000,9999.000,9999.000,9999.000,9999.000,9999.000
202605102118,   1.551,9999.000,9999.000,9999.000,9999.000,9999.000,9999.000,9999.000,9999.000
202605102124,   1.552,9999.000,9999.000,9999.000,9999.000,9999.000,9999.000,9999.000,9999.000
202605102130,   1.553,9999.000,9999.000,9999.000,9999.000,9999.000,9999.000,9999.000,9999.000
202605102136,   1.554,9999.000,9999.000,9999.000,9999.000,9999.000,9999.000,9999.000,9999.000
202605102142,   1.555,9999.000,9999.000,9999.000,9999.000,9999.000,9999.000,9999.000,9999.000
202605102148,   1.555,9999.000,9999.000,9999.000,9999.000,9999.000,9999.000,9999.000,9999.000
202605102154,   1.556,9999.000,9999.000,9999.000,9999.000,9999.000,9999.000,9999.000,9999.000
202605102200,   1.556,9999.000,   0.500,  -0.039,   2.017,   0.400,   1.917,   0.600,   2.117
202605102206,   1.555,9999.000,9999.000,9999.000,9999.000,9999.000,9999.000,9999.000,9999.000
202605102212,   1.555,9999.000,9999.000,9999.000,9999.000,9999.000,9999.000,9999.000,9999.000
202605102218,   1.554,9999.000,9999.000,9999.000,9999.000,9999.000,9999.000,9999.000,9999.000
202605102224,   1.553,9999.000,9999.000,9999.000,9999.000,9999.000,9999.000,9999.000,9999.000
202605102230,   1.552,9999.000,9999.000,9999.000,9999.000,9999.000,9999.000,9999.000,9999.000
202605102236,   1.550,9999.000,9999.000,9999.000,9999.000,9999.000,9999.000,9999.000,9999.000
202605102242,   1.548,9999.000,9999.000,9999.000,9999.000,9999.000,9999.000,9999.000,9999.000
202605102248,   1.545,9999.000,9999.000,9999.000,9999.000,9999.000,9999.000,9999.000,9999.000
202605102254,   1.543,9999.000,9999.000,9999.000,9999.000,9999.000,9999.000,9999.000,9999.000
202605102300,   1.539,9999.000,   0.500,  -0.039,   2.000,   0.400,   1.900,   0.600,   2.100
202605102306,   1.536,9999.000,9999.000,9999.000,9999.000,9999.000,9999.000,9999.000,9999.000
202605102312,   1.531,9999.000,9999.000,9999.000,9999.000,9999.000,9999.000,9999.000,9999.000
202605102318,   1.527,9999.000,9999.000,9999.000,9999.000,9999.000,9999.000,9999.000,9999.000
202605102324,   1.522,9999.000,9999.000,9999.000,9999.000,9999.000,9999.000,9999.000,9999.000
202605102330,   1.516,9999.000,9999.000,9999.000,9999.000,9999.000,9999.000,9999.000,9999.000
202605102336,   1.510,9999.000,9999.000,9999.000,9999.000,9999.000,9999.000,9999.000,9999.000
202605102342,   1.504,9999.000,9999.000,9999.000,9999.000,9999.000,9999.000,9999.000,9999.000
202605102348,   1.497,9999.000,9999.000,9999.000,9999.000,9999.000,9999.000,9999.000,9999.000
202605102354,   1.490,9999.000,9999.000,9999.000,9999.000,9999.000,9999.000,9999.000,9999.000
202605110000,   1.482,9999.000,   0.500,  -0.039,   1.943,   0.500,   1.943,   0.600,   2.043
202605110006,   1.473,9999.000,9999.000,9999.000,9999.000,9999.000,9999.000,9999.000,9999.000
202605110012,   1.465,9999.000,9999.000,9999.000,9999.000,9999.000,9999.000,9999.000,9999.000
202605110018,   1.456,9999.000,9999.000,9999.000,9999.000,9999.000,9999.000,9999.000,9999.000
202605110024,   1.446,9999.000,9999.000,9999.000,9999.000,9999.000,9999.000,9999.000,9999.000
202605110030,   1.436,9999.000,9999.000,9999.000,9999.000,9999.000,9999.000,9999.000,9999.000
202605110036,   1.426,9999.000,9999.000,9999.000,9999.000,9999.000,9999.000,9999.000,9999.000
202605110042,   1.416,9999.000,9999.000,9999.000,9999.000,9999.000,9999.000,9999.000,9999.000
202605110048,   1.405,9999.000,9999.000,9999.000,9999.000,9999.000,9999.000,9999.000,9999.000
202605110054,   1.394,9999.000,9999.000,9999.000,9999.000,9999.000,9999.000,9999.000,9999.000
202605110100,   1.383,9999.000,   0.500,  -0.039,   1.844,   0.400,   1.744,   0.600,   1.944
202605110106,   1.371,9999.000,9999.000,9999.000,9999.000,9999.000,9999.000,9999.000,9999.000
202605110112,   1.360,9999.000,9999.000,9999.000,9999.000,9999.000,9999.000,9999.000,9999.000
202605110118,   1.348,9999.000,9999.000,9999.000,9999.000,9999.000,9999.000,9999.000,9999.000
202605110124,   1.336,9999.000,9999.000,9999.000,9999.000,9999.000,9999.000,9999.000,9999.000
202605110130,   1.324,9999.000,9999.000,9999.000,9999.000,9999.000,9999.000,9999.000,9999.000
202605110136,   1.312,9999.000,9999.000,9999.000,9999.000,9999.000,9999.000,9999.000,9999.000
202605110142,   1.300,9999.000,9999.000,9999.000,9999.000,9999.000,9999.000,9999.000,9999.000
202605110148,   1.288,9999.000,9999.000,9999.000,9999.000,9999.000,9999.000,9999.000,9999.000
202605110154,   1.275,9999.000,9999.000,9999.000,9999.000,9999.000,9999.000,9999.000,9999.000
202605110200,   1.263,9999.000,   0.500,  -0.039,   1.724,   0.400,   1.624,   0.600,   1.824
202605110206,   1.251,9999.000,9999.000,9999.000,9999.000,9999.000,9999.000,9999.000,9999.000
202605110212,   1.239,9999.000,9999.000,9999.000,9999.000,9999.000,9999.000,9999.000,9999.000
202605110218,   1.226,9999.000,9999.000,9999.000,9999.000,9999.000,9999.000,9999.000,9999.000
202605110224,   1.214,9999.000,9999.000,9999.000,9999.000,9999.000,9999.000,9999.000,9999.000
202605110230,   1.202,9999.000,9999.000,9999.000,9999.000,9999.000,9999.000,9999.000,9999.000
202605110236,   1.190,9999.000,9999.000,9999.000,9999.000,9999.000,9999.000,9999.000,9999.000
202605110242,   1.178,9999.000,9999.000,9999.000,9999.000,9999.000,9999.000,9999.000,9999.000
202605110248,   1.166,9999.000,9999.000,9999.000,9999.000,9999.000,9999.000,9999.000,9999.000
202605110254,   1.154,9999.000,9999.000,9999.000,9999.000,9999.000,9999.000,9999.000,9999.000
202605110300,   1.142,9999.000,   0.500,  -0.039,   1.603,   0.400,   1.503,   0.600,   1.703
202605110306,   1.130,9999.000,9999.000,9999.000,9999.000,9999.000,9999.000,9999.000,9999.000
202605110312,   1.118,9999.000,9999.000,9999.000,9999.000,9999.000,9999.000,9999.000,9999.000
202605110318,   1.106,9999.000,9999.000,9999.000,9999.000,9999.000,9999.000,9999.000,9999.000
202605110324,   1.094,9999.000,9999.000,9999.000,9999.000,9999.000,9999.000,9999.000,9999.000
202605110330,   1.082,9999.000,9999.000,9999.000,9999.000,9999.000,9999.000,9999.000,9999.000
202605110336,   1.070,9999.000,9999.000,9999.000,9999.000,9999.000,9999.000,9999.000,9999.000
202605110342,   1.058,9999.000,9999.000,9999.000,9999.000,9999.000,9999.000,9999.000,9999.000
202605110348,   1.046,9999.000,9999.000,9999.000,9999.000,9999.000,9999.000,9999.000,9999.000
202605110354,   1.034,9999.000,9999.000,9999.000,9999.000,9999.000,9999.000,9999.000,9999.000
202605110400,   1.021,9999.000,   0.500,  -0.039,   1.482,   0.400,   1.382,   0.600,   1.582
202605110406,   1.009,9999.000,9999.000,9999.000,9999.000,9999.000,9999.000,9999.000,9999.000
202605110412,   0.997,9999.000,9999.000,9999.000,9999.000,9999.000,9999.000,9999.000,9999.000
202605110418,   0.984,9999.000,9999.000,9999.000,9999.000,9999.000,9999.000,9999.000,9999.000
202605110424,   0.971,9999.000,9999.000,9999.000,9999.000,9999.000,9999.000,9999.000,9999.000
202605110430,   0.959,9999.000,9999.000,9999.000,9999.000,9999.000,9999.000,9999.000,9999.000
202605110436,   0.946,9999.000,9999.000,9999.000,9999.000,9999.000,9999.000,9999.000,9999.000
202605110442,   0.933,9999.000,9999.000,9999.000,9999.000,9999.000,9999.000,9999.000,9999.000
202605110448,   0.920,9999.000,9999.000,9999.000,9999.000,9999.000,9999.000,9999.000,9999.000
202605110454,   0.908,9999.000,9999.000,9999.000,9999.000,9999.000,9999.000,9999.000,9999.000
202605110500,   0.895,9999.000,   0.500,  -0.039,   1.356,   0.400,   1.256,   0.600,   1.456
202605110506,   0.882,9999.000,9999.000,9999.000,9999.000,9999.000,9999.000,9999.000,9999.000
202605110512,   0.869,9999.000,9999.000,9999.000,9999.000,9999.000,9999.000,9999.000,9999.000
202605110518,   0.856,9999.000,9999.000,9999.000,9999.000,9999.000,9999.000,9999.000,9999.000
202605110524,   0.843,9999.000,9999.000,9999.000,9999.000,9999.000,9999.000,9999.000,9999.000
202605110530,   0.830,9999.000,9999.000,9999.000,9999.000,9999.000,9999.000,9999.000,9999.000
202605110536,   0.818,9999.000,9999.000,9999.000,9999.000,9999.000,9999.000,9999.000,9999.000
202605110542,   0.805,9999.000,9999.000,9999.000,9999.000,9999.000,9999.000,9999.000,9999.000
202605110548,   0.792,9999.000,9999.000,9999.000,9999.000,9999.000,9999.000,9999.000,9999.000
202605110554,   0.780,9999.000,9999.000,9999.000,9999.000,9999.000,9999.000,9999.000,9999.000
202605110600,   0.768,9999.000,   0.500,  -0.039,   1.229,   0.400,   1.129,   0.500,   1.229
202605110606,   0.756,9999.000,9999.000,9999.000,9999.000,9999.000,9999.000,9999.000,9999.000
202605110612,   0.744,9999.000,9999.000,9999.000,9999.000,9999.000,9999.000,9999.000,9999.000
202605110618,   0.732,9999.000,9999.000,9999.000,9999.000,9999.000,9999.000,9999.000,9999.000
202605110624,   0.720,9999.000,9999.000,9999.000,9999.000,9999.000,9999.000,9999.000,9999.000
202605110630,   0.709,9999.000,9999.000,9999.000,9999.000,9999.000,9999.000,9999.000,9999.000
202605110636,   0.698,9999.000,9999.000,9999.000,9999.000,9999.000,9999.000,9999.000,9999.000
202605110642,   0.687,9999.000,9999.000,9999.000,9999.000,9999.000,9999.000,9999.000,9999.000
202605110648,   0.677,9999.000,9999.000,9999.000,9999.000,9999.000,9999.000,9999.000,9999.000
202605110654,   0.666,9999.000,9999.000,9999.000,9999.000,9999.000,9999.000,9999.000,9999.000
202605110700,   0.656,9999.000,   0.400,  -0.039,   1.017,   0.300,   0.917,   0.500,   1.117
202605110706,   0.647,9999.000,9999.000,9999.000,9999.000,9999.000,9999.000,9999.000,9999.000
202605110712,   0.637,9999.000,9999.000,9999.000,9999.000,9999.000,9999.000,9999.000,9999.000
202605110718,   0.628,9999.000,9999.000,9999.000,9999.000,9999.000,9999.000,9999.000,9999.000
202605110724,   0.619,9999.000,9999.000,9999.000,9999.000,9999.000,9999.000,9999.000,9999.000
202605110730,   0.611,9999.000,9999.000,9999.000,9999.000,9999.000,9999.000,9999.000,9999.000
202605110736,   0.603,9999.000,9999.000,9999.000,9999.000,9999.000,9999.000,9999.000,9999.000
202605110742,   0.595,9999.000,9999.000,9999.000,9999.000,9999.000,9999.000,9999.000,9999.000
202605110748,   0.588,9999.000,9999.000,9999.000,9999.000,9999.000,9999.000,9999.000,9999.000
202605110754,   0.581,9999.000,9999.000,9999.000,9999.000,9999.000,9999.000,9999.000,9999.000
202605110800,   0.574,9999.000,   0.400,  -0.039,   0.935,   0.300,   0.835,   0.500,   1.035
202605110806,   0.568,9999.000,9999.000,9999.000,9999.000,9999.000,9999.000,9999.000,9999.000
202605110812,   0.562,9999.000,9999.000,9999.000,9999.000,9999.000,9999.000,9999.000,9999.000
202605110818,   0.557,9999.000,9999.000,9999.000,9999.000,9999.000,9999.000,9999.000,9999.000
202605110824,   0.552,9999.000,9999.000,9999.000,9999.000,9999.000,9999.000,9999.000,9999.000
202605110830,   0.547,9999.000,9999.000,9999.000,9999.000,9999.000,9999.000,9999.000,9999.000
202605110836,   0.543,9999.000,9999.000,9999.000,9999.000,9999.000,9999.000,9999.000,9999.000
202605110842,   0.539,9999.000,9999.000,9999.000,9999.000,9999.000,9999.000,9999.000,9999.000
202605110848,   0.536,9999.000,9999.000,9999.000,9999.000,9999.000,9999.000,9999.000,9999.000
202605110854,   0.533,9999.000,9999.000,9999.000,9999.000,9999.000,9999.000,9999.000,9999.000
202605110900,   0.531,9999.000,   0.400,  -0.039,   0.892,   0.300,   0.792,   0.500,   0.992
202605110906,   0.529,9999.000,9999.000,9999.000,9999.000,9999.000,9999.000,9999.000,9999.000
202605110912,   0.527,9999.000,9999.000,9999.000,9999.000,9999.000,9999.000,9999.000,9999.000
202605110918,   0.527,9999.000,9999.000,9999.000,9999.000,9999.000,9999.000,9999.000,9999.000
202605110924,   0.526,9999.000,9999.000,9999.000,9999.000,9999.000,9999.000,9999.000,9999.000
202605110930,   0.526,9999.000,9999.000,9999.000,9999.000,9999.000,9999.000,9999.000,9999.000
202605110936,   0.527,9999.000,9999.000,9999.000,9999.000,9999.000,9999.000,9999.000,9999.000
202605110942,   0.528,9999.000,9999.000,9999.000,9999.000,9999.000,9999.000,9999.000,9999.000
202605110948,   0.530,9999.000,9999.000,9999.000,9999.000,9999.000,9999.000,9999.000,9999.000
202605110954,   0.532,9999.000,9999.000,9999.000,9999.000,9999.000,9999.000,9999.000,9999.000
202605111000,   0.535,9999.000,   0.400,  -0.039,   0.896,   0.200,   0.696,   0.500,   0.996
202605111006,   0.538,9999.000,9999.000,9999.000,9999.000,9999.000,9999.000,9999.000,9999.000
202605111012,   0.542,9999.000,9999.000,9999.000,9999.000,9999.000,9999.000,9999.000,9999.000
202605111018,   0.546,9999.000,9999.000,9999.000,9999.000,9999.000,9999.000,9999.000,9999.000
202605111024,   0.551,9999.000,9999.000,9999.000,9999.000,9999.000,9999.000,9999.000,9999.000
202605111030,   0.556,9999.000,9999.000,9999.000,9999.000,9999.000,9999.000,9999.000,9999.000
202605111036,   0.561,9999.000,9999.000,9999.000,9999.000,9999.000,9999.000,9999.000,9999.000
202605111042,   0.568,9999.000,9999.000,9999.000,9999.000,9999.000,9999.000,9999.000,9999.000
202605111048,   0.574,9999.000,9999.000,9999.000,9999.000,9999.000,9999.000,9999.000,9999.000
202605111054,   0.581,9999.000,9999.000,9999.000,9999.000,9999.000,9999.000,9999.000,9999.000
202605111100,   0.589,9999.000,   0.400,  -0.039,   0.950,   0.200,   0.750,   0.500,   1.050
202605111106,   0.596,9999.000,9999.000,9999.000,9999.000,9999.000,9999.000,9999.000,9999.000
202605111112,   0.605,9999.000,9999.000,9999.000,9999.000,9999.000,9999.000,9999.000,9999.000
202605111118,   0.613,9999.000,9999.000,9999.000,9999.000,9999.000,9999.000,9999.000,9999.000
202605111124,   0.622,9999.000,9999.000,9999.000,9999.000,9999.000,9999.000,9999.000,9999.000
202605111130,   0.631,9999.000,9999.000,9999.000,9999.000,9999.000,9999.000,9999.000,9999.000
202605111136,   0.641,9999.000,9999.000,9999.000,9999.000,9999.000,9999.000,9999.000,9999.000
202605111142,   0.651,9999.000,9999.000,9999.000,9999.000,9999.000,9999.000,9999.000,9999.000
202605111148,   0.661,9999.000,9999.000,9999.000,9999.000,9999.000,9999.000,9999.000,9999.000
202605111154,   0.671,9999.000,9999.000,9999.000,9999.000,9999.000,9999.000,9999.000,9999.000
202605111200,   0.682,9999.000,   0.400,  -0.039,   1.043,   0.200,   0.843,   0.500,   1.143
202605111206,   0.693,9999.000,9999.000,9999.000,9999.000,9999.000,9999.000,9999.000,9999.000
202605111212,   0.704,9999.000,9999.000,9999.000,9999.000,9999.000,9999.000,9999.000,9999.000
202605111218,   0.715,9999.000,9999.000,9999.000,9999.000,9999.000,9999.000,9999.000,9999.000
202605111224,   0.727,9999.000,9999.000,9999.000,9999.000,9999.000,9999.000,9999.000,9999.000
202605111230,   0.739,9999.000,9999.000,9999.000,9999.000,9999.000,9999.000,9999.000,9999.000
202605111236,   0.751,9999.000,9999.000,9999.000,9999.000,9999.000,9999.000,9999.000,9999.000
202605111242,   0.763,9999.000,9999.000,9999.000,9999.000,9999.000,9999.000,9999.000,9999.000
202605111248,   0.776,9999.000,9999.000,9999.000,9999.000,9999.000,9999.000,9999.000,9999.000
202605111254,   0.788,9999.000,9999.000,9999.000,9999.000,9999.000,9999.000,9999.000,9999.000
202605111300,   0.801,9999.000,   0.400,  -0.039,   1.162,   0.200,   0.962,   0.500,   1.262
202605111306,   0.814,9999.000,9999.000,9999.000,9999.000,9999.000,9999.000,9999.000,9999.000
202605111312,   0.828,9999.000,9999.000,9999.000,9999.000,9999.000,9999.000,9999.000,9999.000
202605111318,   0.841,9999.000,9999.000,9999.000,9999.000,9999.000,9999.000,9999.000,9999.000
202605111324,   0.855,9999.000,9999.000,9999.000,9999.000,9999.000,9999.000,9999.000,9999.000
202605111330,   0.869,9999.000,9999.000,9999.000,9999.000,9999.000,9999.000,9999.000,9999.000
202605111336,   0.883,9999.000,9999.000,9999.000,9999.000,9999.000,9999.000,9999.000,9999.000
202605111342,   0.897,9999.000,9999.000,9999.000,9999.000,9999.000,9999.000,9999.000,9999.000
202605111348,   0.911,9999.000,9999.000,9999.000,9999.000,9999.000,9999.000,9999.000,9999.000
202605111354,   0.926,9999.000,9999.000,9999.000,9999.000,9999.000,9999.000,9999.000,9999.000
202605111400,   0.940,9999.000,   0.400,  -0.039,   1.301,   0.200,   1.101,   0.500,   1.401
202605111406,   0.955,9999.000,9999.000,9999.000,9999.000,9999.000,9999.000,9999.000,9999.000
202605111412,   0.970,9999.000,9999.000,9999.000,9999.000,9999.000,9999.000,9999.000,9999.000
202605111418,   0.985,9999.000,9999.000,9999.000,9999.000,9999.000,9999.000,9999.000,9999.000
202605111424,   1.000,9999.000,9999.000,9999.000,9999.000,9999.000,9999.000,9999.000,9999.000
202605111430,   1.015,9999.000,9999.000,9999.000,9999.000,9999.000,9999.000,9999.000,9999.000
202605111436,   1.030,9999.000,9999.000,9999.000,9999.000,9999.000,9999.000,9999.000,9999.000
202605111442,   1.045,9999.000,9999.000,9999.000,9999.000,9999.000,9999.000,9999.000,9999.000
202605111448,   1.060,9999.000,9999.000,9999.000,9999.000,9999.000,9999.000,9999.000,9999.000
202605111454,   1.075,9999.000,9999.000,9999.000,9999.000,9999.000,9999.000,9999.000,9999.000
202605111500,   1.090,9999.000,   0.400,  -0.039,   1.451,   0.200,   1.251,   0.500,   1.551
202605111506,   1.105,9999.000,9999.000,9999.000,9999.000,9999.000,9999.000,9999.000,9999.000
202605111512,   1.119,9999.000,9999.000,9999.000,9999.000,9999.000,9999.000,9999.000,9999.000
202605111518,   1.134,9999.000,9999.000,9999.000,9999.000,9999.000,9999.000,9999.000,9999.000
202605111524,   1.148,9999.000,9999.000,9999.000,9999.000,9999.000,9999.000,9999.000,9999.000
202605111530,   1.162,9999.000,9999.000,9999.000,9999.000,9999.000,9999.000,9999.000,9999.000
202605111536,   1.175,9999.000,9999.000,9999.000,9999.000,9999.000,9999.000,9999.000,9999.000
202605111542,   1.188,9999.000,9999.000,9999.000,9999.000,9999.000,9999.000,9999.000,9999.000
202605111548,   1.201,9999.000,9999.000,9999.000,9999.000,9999.000,9999.000,9999.000,9999.000
202605111554,   1.213,9999.000,9999.000,9999.000,9999.000,9999.000,9999.000,9999.000,9999.000
202605111600,   1.224,9999.000,   0.300,  -0.039,   1.485,   0.200,   1.385,   0.400,   1.585
202605111606,   1.236,9999.000,9999.000,9999.000,9999.000,9999.000,9999.000,9999.000,9999.000
202605111612,   1.246,9999.000,9999.000,9999.000,9999.000,9999.000,9999.000,9999.000,9999.000
202605111618,   1.256,9999.000,9999.000,9999.000,9999.000,9999.000,9999.000,9999.000,9999.000
202605111624,   1.266,9999.000,9999.000,9999.000,9999.000,9999.000,9999.000,9999.000,9999.000
202605111630,   1.275,9999.000,9999.000,9999.000,9999.000,9999.000,9999.000,9999.000,9999.000
202605111636,   1.283,9999.000,9999.000,9999.000,9999.000,9999.000,9999.000,9999.000,9999.000
202605111642,   1.291,9999.000,9999.000,9999.000,9999.000,9999.000,9999.000,9999.000,9999.000
202605111648,   1.298,9999.000,9999.000,9999.000,9999.000,9999.000,9999.000,9999.000,9999.000
202605111654,   1.304,9999.000,9999.000,9999.000,9999.000,9999.000,9999.000,9999.000,9999.000
202605111700,   1.310,9999.000,   0.300,  -0.039,   1.571,   0.200,   1.471,   0.400,   1.671
202605111706,   1.315,9999.000,9999.000,9999.000,9999.000,9999.000,9999.000,9999.000,9999.000
202605111712,   1.320,9999.000,9999.000,9999.000,9999.000,9999.000,9999.000,9999.000,9999.000
202605111718,   1.324,9999.000,9999.000,9999.000,9999.000,9999.000,9999.000,9999.000,9999.000
202605111724,   1.327,9999.000,9999.000,9999.000,9999.000,9999.000,9999.000,9999.000,9999.000
202605111730,   1.330,9999.000,9999.000,9999.000,9999.000,9999.000,9999.000,9999.000,9999.000
202605111736,   1.332,9999.000,9999.000,9999.000,9999.000,9999.000,9999.000,9999.000,9999.000
202605111742,   1.334,9999.000,9999.000,9999.000,9999.000,9999.000,9999.000,9999.000,9999.000
202605111748,   1.335,9999.000,9999.000,9999.000,9999.000,9999.000,9999.000,9999.000,9999.000
202605111754,   1.336,9999.000,9999.000,9999.000,9999.000,9999.000,9999.000,9999.000,9999.000
202605111800,   1.336,9999.000,   0.300,  -0.039,   1.597,   0.200,   1.497,   0.400,   1.697
202605111806,   1.336,9999.000,9999.000,9999.000,9999.000,9999.000,9999.000,9999.000,9999.000
202605111812,   1.335,9999.000,9999.000,9999.000,9999.000,9999.000,9999.000,9999.000,9999.000
202605111818,   1.334,9999.000,9999.000,9999.000,9999.000,9999.000,9999.000,9999.000,9999.000
202605111824,   1.333,9999.000,9999.000,9999.000,9999.000,9999.000,9999.000,9999.000,9999.000
202605111830,   1.331,9999.000,9999.000,9999.000,9999.000,9999.000,9999.000,9999.000,9999.000
202605111836,   1.329,9999.000,9999.000,9999.000,9999.000,9999.000,9999.000,9999.000,9999.000
202605111842,   1.327,9999.000,9999.000,9999.000,9999.000,9999.000,9999.000,9999.000,9999.000
202605111848,   1.325,9999.000,9999.000,9999.000,9999.000,9999.000,9999.000,9999.000,9999.000
202605111854,   1.322,9999.000,9999.000,9999.000,9999.000,9999.000,9999.000,9999.000,9999.000
202605111900,   1.320,9999.000,   0.300,  -0.039,   1.581,   0.200,   1.481,   0.400,   1.681
202605111906,   1.317,9999.000,9999.000,9999.000,9999.000,9999.000,9999.000,9999.000,9999.000
202605111912,   1.314,9999.000,9999.000,9999.000,9999.000,9999.000,9999.000,9999.000,9999.000
202605111918,   1.311,9999.000,9999.000,9999.000,9999.000,9999.000,9999.000,9999.000,9999.000
202605111924,   1.308,9999.000,9999.000,9999.000,9999.000,9999.000,9999.000,9999.000,9999.000
202605111930,   1.305,9999.000,9999.000,9999.000,9999.000,9999.000,9999.000,9999.000,9999.000
202605111936,   1.302,9999.000,9999.000,9999.000,9999.000,9999.000,9999.000,9999.000,9999.000
202605111942,   1.298,9999.000,9999.000,9999.000,9999.000,9999.000,9999.000,9999.000,9999.000
202605111948,   1.295,9999.000,9999.000,9999.000,9999.000,9999.000,9999.000,9999.000,9999.000
202605111954,   1.292,9999.000,9999.000,9999.000,9999.000,9999.000,9999.000,9999.000,9999.000
202605112000,   1.289,9999.000,   0.300,  -0.039,   1.550,   0.200,   1.450,   0.400,   1.650
202605112006,   1.286,9999.000,9999.000,9999.000,9999.000,9999.000,9999.000,9999.000,9999.000
202605112012,   1.283,9999.000,9999.000,9999.000,9999.000,9999.000,9999.000,9999.000,9999.000
202605112018,   1.280,9999.000,9999.000,9999.000,9999.000,9999.000,9999.000,9999.000,9999.000
202605112024,   1.277,9999.000,9999.000,9999.000,9999.000,9999.000,9999.000,9999.000,9999.000
202605112030,   1.274,9999.000,9999.000,9999.000,9999.000,9999.000,9999.000,9999.000,9999.000
202605112036,   1.271,9999.000,9999.000,9999.000,9999.000,9999.000,9999.000,9999.000,9999.000
202605112042,   1.268,9999.000,9999.000,9999.000,9999.000,9999.000,9999.000,9999.000,9999.000
202605112048,   1.266,9999.000,9999.000,9999.000,9999.000,9999.000,9999.000,9999.000,9999.000
202605112054,   1.263,9999.000,9999.000,9999.000,9999.000,9999.000,9999.000,9999.000,9999.000
202605112100,   1.261,9999.000,   0.300,  -0.039,   1.522,   0.200,   1.422,   0.400,   1.622
202605112106,   1.259,9999.000,9999.000,9999.000,9999.000,9999.000,9999.000,9999.000,9999.000
202605112112,   1.257,9999.000,9999.000,9999.000,9999.000,9999.000,9999.000,9999.000,9999.000
202605112118,   1.254,9999.000,9999.000,9999.000,9999.000,9999.000,9999.000,9999.000,9999.000
202605112124,   1.253,9999.000,9999.000,9999.000,9999.000,9999.000,9999.000,9999.000,9999.000
202605112130,   1.251,9999.000,9999.000,9999.000,9999.000,9999.000,9999.000,9999.000,9999.000
202605112136,   1.249,9999.000,9999.000,9999.000,9999.000,9999.000,9999.000,9999.000,9999.000
202605112142,   1.247,9999.000,9999.000,9999.000,9999.000,9999.000,9999.000,9999.000,9999.000
202605112148,   1.246,9999.000,9999.000,9999.000,9999.000,9999.000,9999.000,9999.000,9999.000
202605112154,   1.244,9999.000,9999.000,9999.000,9999.000,9999.000,9999.000,9999.000,9999.000
202605112200,   1.243,9999.000,   0.300,  -0.039,   1.504,   0.100,   1.304,   0.400,   1.604
202605112206,   1.242,9999.000,9999.000,9999.000,9999.000,9999.000,9999.000,9999.000,9999.000
202605112212,   1.241,9999.000,9999.000,9999.000,9999.000,9999.000,9999.000,9999.000,9999.000
202605112218,   1.239,9999.000,9999.000,9999.000,9999.000,9999.000,9999.000,9999.000,9999.000
202605112224,   1.238,9999.000,9999.000,9999.000,9999.000,9999.000,9999.000,9999.000,9999.000
202605112230,   1.237,9999.000,9999.000,9999.000,9999.000,9999.000,9999.000,9999.000,9999.000
202605112236,   1.236,9999.000,9999.000,9999.000,9999.000,9999.000,9999.000,9999.000,9999.000
202605112242,   1.235,9999.000,9999.000,9999.000,9999.000,9999.000,9999.000,9999.000,9999.000
202605112248,   1.234,9999.000,9999.000,9999.000,9999.000,9999.000,9999.000,9999.000,9999.000
202605112254,   1.233,9999.000,9999.000,9999.000,9999.000,9999.000,9999.000,9999.000,9999.000
202605112300,   1.232,9999.000,   0.300,  -0.039,   1.493,   0.100,   1.293,   0.400,   1.593
202605112306,   1.231,9999.000,9999.000,9999.000,9999.000,9999.000,9999.000,9999.000,9999.000
202605112312,   1.230,9999.000,9999.000,9999.000,9999.000,9999.000,9999.000,9999.000,9999.000
202605112318,   1.229,9999.000,9999.000,9999.000,9999.000,9999.000,9999.000,9999.000,9999.000
202605112324,   1.227,9999.000,9999.000,9999.000,9999.000,9999.000,9999.000,9999.000,9999.000
202605112330,   1.226,9999.000,9999.000,9999.000,9999.000,9999.000,9999.000,9999.000,9999.000
202605112336,   1.224,9999.000,9999.000,9999.000,9999.000,9999.000,9999.000,9999.000,9999.000
202605112342,   1.223,9999.000,9999.000,9999.000,9999.000,9999.000,9999.000,9999.000,9999.000
202605112348,   1.221,9999.000,9999.000,9999.000,9999.000,9999.000,9999.000,9999.000,9999.000
202605112354,   1.219,9999.000,9999.000,9999.000,9999.000,9999.000,9999.000,9999.000,9999.000
202605120000,   1.217,9999.000,   0.300,  -0.039,   1.478,   0.100,   1.278,   0.400,   1.578
202605120006,   1.214,9999.000,9999.000,9999.000,9999.000,9999.000,9999.000,9999.000,9999.000
202605120012,   1.212,9999.000,9999.000,9999.000,9999.000,9999.000,9999.000,9999.000,9999.000
202605120018,   1.209,9999.000,9999.000,9999.000,9999.000,9999.000,9999.000,9999.000,9999.000
202605120024,   1.206,9999.000,9999.000,9999.000,9999.000,9999.000,9999.000,9999.000,9999.000
202605120030,   1.203,9999.000,9999.000,9999.000,9999.000,9999.000,9999.000,9999.000,9999.000
202605120036,   1.199,9999.000,9999.000,9999.000,9999.000,9999.000,9999.000,9999.000,9999.000
202605120042,   1.196,9999.000,9999.000,9999.000,9999.000,9999.000,9999.000,9999.000,9999.000
202605120048,   1.192,9999.000,9999.000,9999.000,9999.000,9999.000,9999.000,9999.000,9999.000
202605120054,   1.188,9999.000,9999.000,9999.000,9999.000,9999.000,9999.000,9999.000,9999.000
202605120100,   1.184,9999.000,   0.300,  -0.039,   1.445,   0.100,   1.245,   0.400,   1.545
202605120106,   1.180,9999.000,9999.000,9999.000,9999.000,9999.000,9999.000,9999.000,9999.000
202605120112,   1.175,9999.000,9999.000,9999.000,9999.000,9999.000,9999.000,9999.000,9999.000
202605120118,   1.171,9999.000,9999.000,9999.000,9999.000,9999.000,9999.000,9999.000,9999.000
202605120124,   1.166,9999.000,9999.000,9999.000,9999.000,9999.000,9999.000,9999.000,9999.000
202605120130,   1.162,9999.000,9999.000,9999.000,9999.000,9999.000,9999.000,9999.000,9999.000
202605120136,   1.157,9999.000,9999.000,9999.000,9999.000,9999.000,9999.000,9999.000,9999.000
202605120142,   1.152,9999.000,9999.000,9999.000,9999.000,9999.000,9999.000,9999.000,9999.000
202605120148,   1.147,9999.000,9999.000,9999.000,9999.000,9999.000,9999.000,9999.000,9999.000
202605120154,   1.143,9999.000,9999.000,9999.000,9999.000,9999.000,9999.000,9999.000,9999.000
202605120200,   1.138,9999.000,   0.300,  -0.039,   1.399,   0.100,   1.199,   0.400,   1.499
202605120206,   1.133,9999.000,9999.000,9999.000,9999.000,9999.000,9999.000,9999.000,9999.000
202605120212,   1.128,9999.000,9999.000,9999.000,9999.000,9999.000,9999.000,9999.000,9999.000
202605120218,   1.124,9999.000,9999.000,9999.000,9999.000,9999.000,9999.000,9999.000,9999.000
202605120224,   1.119,9999.000,9999.000,9999.000,9999.000,9999.000,9999.000,9999.000,9999.000
202605120230,   1.115,9999.000,9999.000,9999.000,9999.000,9999.000,9999.000,9999.000,9999.000
202605120236,   1.110,9999.000,9999.000,9999.000,9999.000,9999.000,9999.000,9999.000,9999.000
202605120242,   1.106,9999.000,9999.000,9999.000,9999.000,9999.000,9999.000,9999.000,9999.000
202605120248,   1.102,9999.000,9999.000,9999.000,9999.000,9999.000,9999.000,9999.000,9999.000
202605120254,   1.098,9999.000,9999.000,9999.000,9999.000,9999.000,9999.000,9999.000,9999.000
202605120300,   1.094,9999.000,   0.200,  -0.039,   1.255,   0.100,   1.155,   0.400,   1.455
202605120306,   1.090,9999.000,9999.000,9999.000,9999.000,9999.000,9999.000,9999.000,9999.000
202605120312,   1.086,9999.000,9999.000,9999.000,9999.000,9999.000,9999.000,9999.000,9999.000
202605120318,   1.082,9999.000,9999.000,9999.000,9999.000,9999.000,9999.000,9999.000,9999.000
202605120324,   1.078,9999.000,9999.000,9999.000,9999.000,9999.000,9999.000,9999.000,9999.000
202605120330,   1.074,9999.000,9999.000,9999.000,9999.000,9999.000,9999.000,9999.000,9999.000
202605120336,   1.071,9999.000,9999.000,9999.000,9999.000,9999.000,9999.000,9999.000,9999.000
202605120342,   1.067,9999.000,9999.000,9999.000,9999.000,9999.000,9999.000,9999.000,9999.000
202605120348,   1.063,9999.000,9999.000,9999.000,9999.000,9999.000,9999.000,9999.000,9999.000
202605120354,   1.059,9999.000,9999.000,9999.000,9999.000,9999.000,9999.000,9999.000,9999.000
202605120400,   1.055,9999.000,   0.200,  -0.039,   1.216,   0.100,   1.116,   0.400,   1.416
202605120406,   1.051,9999.000,9999.000,9999.000,9999.000,9999.000,9999.000,9999.000,9999.000
202605120412,   1.047,9999.000,9999.000,9999.000,9999.000,9999.000,9999.000,9999.000,9999.000
202605120418,   1.042,9999.000,9999.000,9999.000,9999.000,9999.000,9999.000,9999.000,9999.000
202605120424,   1.038,9999.000,9999.000,9999.000,9999.000,9999.000,9999.000,9999.000,9999.000
202605120430,   1.033,9999.000,9999.000,9999.000,9999.000,9999.000,9999.000,9999.000,9999.000
202605120436,   1.028,9999.000,9999.000,9999.000,9999.000,9999.000,9999.000,9999.000,9999.000
202605120442,   1.023,9999.000,9999.000,9999.000,9999.000,9999.000,9999.000,9999.000,9999.000
202605120448,   1.018,9999.000,9999.000,9999.000,9999.000,9999.000,9999.000,9999.000,9999.000
202605120454,   1.012,9999.000,9999.000,9999.000,9999.000,9999.000,9999.000,9999.000,9999.000
202605120500,   1.006,9999.000,   0.200,  -0.039,   1.167,   0.000,   0.967,   0.300,   1.267
202605120506,   1.000,9999.000,9999.000,9999.000,9999.000,9999.000,9999.000,9999.000,9999.000
202605120512,   0.994,9999.000,9999.000,9999.000,9999.000,9999.000,9999.000,9999.000,9999.000
202605120518,   0.987,9999.000,9999.000,9999.000,9999.000,9999.000,9999.000,9999.000,9999.000
202605120524,   0.980,9999.000,9999.000,9999.000,9999.000,9999.000,9999.000,9999.000,9999.000
202605120530,   0.973,9999.000,9999.000,9999.000,9999.000,9999.000,9999.000,9999.000,9999.000
202605120536,   0.966,9999.000,9999.000,9999.000,9999.000,9999.000,9999.000,9999.000,9999.000
202605120542,   0.959,9999.000,9999.000,9999.000,9999.000,9999.000,9999.000,9999.000,9999.000
202605120548,   0.951,9999.000,9999.000,9999.000,9999.000,9999.000,9999.000,9999.000,9999.000
202605120554,   0.943,9999.000,9999.000,9999.000,9999.000,9999.000,9999.000,9999.000,9999.000
202605120600,   0.935,9999.000,   0.200,  -0.039,   1.096,   0.000,   0.896,   0.300,   1.196
