        TIME,    TIDE,      OB,   SURGE,    BIAS,     TWL,SURGE90p,  TWL90p,SURGE10p,   TWL10p
202605030000,   1.097,   1.298,   0.600,  -0.399,   1.298,   0.500,   1.198,   0.600,   1.298
202605030006,   1.155,9999.000,9999.000,9999.000,9999.000,9999.000,9999.000,9999.000,9999.000
202605030012,   1.216,   1.371,9999.000,9999.000,9999.000,9999.000,9999.000,9999.000,9999.000
202605030018,   1.278,9999.000,9999.000,9999.000,9999.000,9999.000,9999.000,9999.000,9999.000
202605030024,   1.343,   1.469,9999.000,9999.000,9999.000,9999.000,9999.000,9999.000,9999.000
202605030030,   1.410,9999.000,9999.000,9999.000,9999.000,9999.000,9999.000,9999.000,9999.000
202605030036,   1.478,   1.548,9999.000,9999.000,9999.000,9999.000,9999.000,9999.000,9999.000
202605030042,   1.548,9999.000,9999.000,9999.000,9999.000,9999.000,9999.000,9999.000,9999.000
202605030048,   1.620,   1.630,9999.000,9999.000,9999.000,9999.000,9999.000,9999.000,9999.000
202605030054,   1.693,9999.000,9999.000,9999.000,9999.000,9999.000,9999.000,9999.000,9999.000
202605030100,   1.768,   1.738,   0.600,  -0.630,   1.738,   0.500,   1.638,   0.600,   1.738
202605030106,   1.843,   1.790,9999.000,9999.000,9999.000,9999.000,9999.000,9999.000,9999.000
202605030112,   1.919,   1.840,9999.000,9999.000,9999.000,9999.000,9999.000,9999.000,9999.000
202605030118,   1.995,   1.928,9999.000,9999.000,9999.000,9999.000,9999.000,9999.000,9999.000
202605030124,   2.072,   1.981,9999.000,9999.000,9999.000,9999.000,9999.000,9999.000,9999.000
202605030130,   2.149,   2.059,9999.000,9999.000,9999.000,9999.000,9999.000,9999.000,9999.000
202605030136,   2.225,   2.138,9999.000,9999.000,9999.000,9999.000,9999.000,9999.000,9999.000
202605030142,   2.300,   2.177,9999.000,9999.000,9999.000,9999.000,9999.000,9999.000,9999.000
202605030148,   2.375,   2.240,9999.000,9999.000,9999.000,9999.000,9999.000,9999.000,9999.000
202605030154,   2.448,   2.318,9999.000,9999.000,9999.000,9999.000,9999.000,9999.000,9999.000
202605030200,   2.519,   2.358,   0.600,  -0.761,   2.358,   0.600,   2.358,   0.600,   2.358
202605030206,   2.589,   2.440,9999.000,9999.000,9999.000,9999.000,9999.000,9999.000,9999.000
202605030212,   2.656,   2.509,9999.000,9999.000,9999.000,9999.000,9999.000,9999.000,9999.000
202605030218,   2.721,   2.558,9999.000,9999.000,9999.000,9999.000,9999.000,9999.000,9999.000
202605030224,   2.783,   2.620,9999.000,9999.000,9999.000,9999.000,9999.000,9999.000,9999.000
202605030230,   2.843,   2.679,9999.000,9999.000,9999.000,9999.000,9999.000,9999.000,9999.000
202605030236,   2.899,   2.728,9999.000,9999.000,9999.000,9999.000,9999.000,9999.000,9999.000
202605030242,   2.952,   2.820,9999.000,9999.000,9999.000,9999.000,9999.000,9999.000,9999.000
202605030248,   3.002,   2.869,9999.000,9999.000,9999.000,9999.000,9999.000,9999.000,9999.000
202605030254,   3.049,   2.889,9999.000,9999.000,9999.000,9999.000,9999.000,9999.000,9999.000
202605030300,   3.093,   2.958,   0.600,  -0.735,   2.958,   0.600,   2.958,   0.600,   2.958
202605030306,   3.133,   3.017,9999.000,9999.000,9999.000,9999.000,9999.000,9999.000,9999.000
202605030312,   3.169,   3.040,9999.000,9999.000,9999.000,9999.000,9999.000,9999.000,9999.000
202605030318,   3.202,   3.079,9999.000,9999.000,9999.000,9999.000,9999.000,9999.000,9999.000
202605030324,   3.232,   3.138,9999.000,9999.000,9999.000,9999.000,9999.000,9999.000,9999.000
202605030330,   3.259,   3.168,9999.000,9999.000,9999.000,9999.000,9999.000,9999.000,9999.000
202605030336,   3.282,   3.168,9999.000,9999.000,9999.000,9999.000,9999.000,9999.000,9999.000
202605030342,   3.303,   3.188,9999.000,9999.000,9999.000,9999.000,9999.000,9999.000,9999.000
202605030348,   3.320,   3.240,9999.000,9999.000,9999.000,9999.000,9999.000,9999.000,9999.000
202605030354,   3.334,   3.260,9999.000,9999.000,9999.000,9999.000,9999.000,9999.000,9999.000
202605030400,   3.345,   3.260,   0.600,  -0.685,   3.260,   0.600,   3.260,   0.600,   3.260
202605030406,   3.353,   3.299,9999.000,9999.000,9999.000,9999.000,9999.000,9999.000,9999.000
202605030412,   3.358,   3.309,9999.000,9999.000,9999.000,9999.000,9999.000,9999.000,9999.000
202605030418,   3.360,   3.299,9999.000,9999.000,9999.000,9999.000,9999.000,9999.000,9999.000
202605030424,   3.359,   3.319,9999.000,9999.000,9999.000,9999.000,9999.000,9999.000,9999.000
202605030430,   3.355,   3.348,9999.000,9999.000,9999.000,9999.000,9999.000,9999.000,9999.000
202605030436,   3.348,   3.368,9999.000,9999.000,9999.000,9999.000,9999.000,9999.000,9999.000
202605030442,   3.338,   3.348,9999.000,9999.000,9999.000,9999.000,9999.000,9999.000,9999.000
202605030448,   3.325,   3.358,9999.000,9999.000,9999.000,9999.000,9999.000,9999.000,9999.000
202605030454,   3.308,   3.368,9999.000,9999.000,9999.000,9999.000,9999.000,9999.000,9999.000
202605030500,   3.289,   3.358,   0.600,  -0.531,   3.358,   0.600,   3.358,   0.600,   3.358
202605030506,   3.266,   3.329,9999.000,9999.000,9999.000,9999.000,9999.000,9999.000,9999.000
202605030512,   3.239,   3.339,9999.000,9999.000,9999.000,9999.000,9999.000,9999.000,9999.000
202605030518,   3.209,   3.339,9999.000,9999.000,9999.000,9999.000,9999.000,9999.000,9999.000
202605030524,   3.176,   3.299,9999.000,9999.000,9999.000,9999.000,9999.000,9999.000,9999.000
202605030530,   3.139,   3.260,9999.000,9999.000,9999.000,9999.000,9999.000,9999.000,9999.000
202605030536,   3.099,   3.207,9999.000,9999.000,9999.000,9999.000,9999.000,9999.000,9999.000
202605030542,   3.055,   3.178,9999.000,9999.000,9999.000,9999.000,9999.000,9999.000,9999.000
202605030548,   3.008,   3.148,9999.000,9999.000,9999.000,9999.000,9999.000,9999.000,9999.000
202605030554,   2.957,   3.099,9999.000,9999.000,9999.000,9999.000,9999.000,9999.000,9999.000
202605030600,   2.903,   3.040,   0.600,  -0.463,   3.040,   0.500,   2.940,   0.600,   3.040
202605030606,   2.846,   2.978,9999.000,9999.000,9999.000,9999.000,9999.000,9999.000,9999.000
202605030612,   2.785,   2.938,9999.000,9999.000,9999.000,9999.000,9999.000,9999.000,9999.000
202605030618,   2.722,   2.869,9999.000,9999.000,9999.000,9999.000,9999.000,9999.000,9999.000
202605030624,   2.657,   2.778,9999.000,9999.000,9999.000,9999.000,9999.000,9999.000,9999.000
202605030630,   2.588,   2.699,9999.000,9999.000,9999.000,9999.000,9999.000,9999.000,9999.000
202605030636,   2.518,   2.640,9999.000,9999.000,9999.000,9999.000,9999.000,9999.000,9999.000
202605030642,   2.445,   2.597,9999.000,9999.000,9999.000,9999.000,9999.000,9999.000,9999.000
202605030648,   2.371,   2.538,9999.000,9999.000,9999.000,9999.000,9999.000,9999.000,9999.000
202605030654,   2.295,   2.469,9999.000,9999.000,9999.000,9999.000,9999.000,9999.000,9999.000
202605030700,   2.218,   2.400,   0.600,  -0.418,   2.400,   0.500,   2.300,   0.600,   2.400
202605030706,   2.139,   2.318,9999.000,9999.000,9999.000,9999.000,9999.000,9999.000,9999.000
202605030712,   2.060,   2.269,9999.000,9999.000,9999.000,9999.000,9999.000,9999.000,9999.000
202605030718,   1.981,   2.210,9999.000,9999.000,9999.000,9999.000,9999.000,9999.000,9999.000
202605030724,   1.901,   2.158,9999.000,9999.000,9999.000,9999.000,9999.000,9999.000,9999.000
202605030730,   1.821,   2.089,9999.000,9999.000,9999.000,9999.000,9999.000,9999.000,9999.000
202605030736,   1.741,   2.040,9999.000,9999.000,9999.000,9999.000,9999.000,9999.000,9999.000
202605030742,   1.661,   1.958,9999.000,9999.000,9999.000,9999.000,9999.000,9999.000,9999.000
202605030748,   1.582,   1.889,9999.000,9999.000,9999.000,9999.000,9999.000,9999.000,9999.000
202605030754,   1.503,   1.840,9999.000,9999.000,9999.000,9999.000,9999.000,9999.000,9999.000
202605030800,   1.425,   1.767,   0.600,  -0.258,   1.767,   0.600,   1.767,   0.600,   1.767
202605030806,   1.348,   1.708,9999.000,9999.000,9999.000,9999.000,9999.000,9999.000,9999.000
202605030812,   1.273,   1.649,9999.000,9999.000,9999.000,9999.000,9999.000,9999.000,9999.000
202605030818,   1.198,   1.580,9999.000,9999.000,9999.000,9999.000,9999.000,9999.000,9999.000
202605030824,   1.125,   1.518,9999.000,9999.000,9999.000,9999.000,9999.000,9999.000,9999.000
202605030830,   1.053,   1.469,9999.000,9999.000,9999.000,9999.000,9999.000,9999.000,9999.000
202605030836,   0.983,   1.400,9999.000,9999.000,9999.000,9999.000,9999.000,9999.000,9999.000
202605030842,   0.914,   1.328,9999.000,9999.000,9999.000,9999.000,9999.000,9999.000,9999.000
202605030848,   0.847,   1.259,9999.000,9999.000,9999.000,9999.000,9999.000,9999.000,9999.000
202605030854,   0.782,   1.210,9999.000,9999.000,9999.000,9999.000,9999.000,9999.000,9999.000
202605030900,   0.720,   1.138,   0.600,  -0.182,   1.138,   0.600,   1.138,   0.600,   1.138
202605030906,   0.659,   1.069,9999.000,9999.000,9999.000,9999.000,9999.000,9999.000,9999.000
202605030912,   0.601,   1.000,9999.000,9999.000,9999.000,9999.000,9999.000,9999.000,9999.000
202605030918,   0.545,   0.941,9999.000,9999.000,9999.000,9999.000,9999.000,9999.000,9999.000
202605030924,   0.491,   0.898,9999.000,9999.000,9999.000,9999.000,9999.000,9999.000,9999.000
202605030930,   0.441,   0.849,9999.000,9999.000,9999.000,9999.000,9999.000,9999.000,9999.000
202605030936,   0.392,   0.780,9999.000,9999.000,9999.000,9999.000,9999.000,9999.000,9999.000
202605030942,   0.347,   0.708,9999.000,9999.000,9999.000,9999.000,9999.000,9999.000,9999.000
202605030948,   0.305,   0.688,9999.000,9999.000,9999.000,9999.000,9999.000,9999.000,9999.000
202605030954,   0.266,   0.639,9999.000,9999.000,9999.000,9999.000,9999.000,9999.000,9999.000
202605031000,   0.230,   0.619,   0.600,  -0.211,   0.619,   0.600,   0.619,   0.600,   0.619
202605031006,   0.197,   0.590,9999.000,9999.000,9999.000,9999.000,9999.000,9999.000,9999.000
202605031012,   0.167,   0.560,9999.000,9999.000,9999.000,9999.000,9999.000,9999.000,9999.000
202605031018,   0.141,   0.531,9999.000,9999.000,9999.000,9999.000,9999.000,9999.000,9999.000
202605031024,   0.118,   0.531,9999.000,9999.000,9999.000,9999.000,9999.000,9999.000,9999.000
202605031030,   0.098,   0.531,9999.000,9999.000,9999.000,9999.000,9999.000,9999.000,9999.000
202605031036,   0.082,   0.498,9999.000,9999.000,9999.000,9999.000,9999.000,9999.000,9999.000
202605031042,   0.069,   0.478,9999.000,9999.000,9999.000,9999.000,9999.000,9999.000,9999.000
202605031048,   0.059,   0.469,9999.000,9999.000,9999.000,9999.000,9999.000,9999.000,9999.000
202605031054,   0.052,   0.469,9999.000,9999.000,9999.000,9999.000,9999.000,9999.000,9999.000
202605031100,   0.049,   0.498,   0.600,  -0.151,   0.498,   0.500,   0.398,   0.600,   0.498
202605031106,   0.048,   0.488,9999.000,9999.000,9999.000,9999.000,9999.000,9999.000,9999.000
202605031112,   0.051,   0.488,9999.000,9999.000,9999.000,9999.000,9999.000,9999.000,9999.000
202605031118,   0.056,   0.498,9999.000,9999.000,9999.000,9999.000,9999.000,9999.000,9999.000
202605031124,   0.065,   0.498,9999.000,9999.000,9999.000,9999.000,9999.000,9999.000,9999.000
202605031130,   0.076,   0.508,9999.000,9999.000,9999.000,9999.000,9999.000,9999.000,9999.000
202605031136,   0.091,   0.498,9999.000,9999.000,9999.000,9999.000,9999.000,9999.000,9999.000
202605031142,   0.108,   0.531,9999.000,9999.000,9999.000,9999.000,9999.000,9999.000,9999.000
202605031148,   0.128,   0.570,9999.000,9999.000,9999.000,9999.000,9999.000,9999.000,9999.000
202605031154,   0.150,   0.600,9999.000,9999.000,9999.000,9999.000,9999.000,9999.000,9999.000
202605031200,   0.175,   0.619,   0.500,  -0.056,   0.619,   0.500,   0.619,   0.600,   0.719
202605031206,   0.203,   0.600,9999.000,9999.000,9999.000,9999.000,9999.000,9999.000,9999.000
202605031212,   0.234,   0.649,9999.000,9999.000,9999.000,9999.000,9999.000,9999.000,9999.000
202605031218,   0.267,   0.678,9999.000,9999.000,9999.000,9999.000,9999.000,9999.000,9999.000
202605031224,   0.303,   0.731,9999.000,9999.000,9999.000,9999.000,9999.000,9999.000,9999.000
202605031230,   0.341,   0.800,9999.000,9999.000,9999.000,9999.000,9999.000,9999.000,9999.000
202605031236,   0.382,   0.810,9999.000,9999.000,9999.000,9999.000,9999.000,9999.000,9999.000
202605031242,   0.425,   0.839,9999.000,9999.000,9999.000,9999.000,9999.000,9999.000,9999.000
202605031248,   0.471,   0.839,9999.000,9999.000,9999.000,9999.000,9999.000,9999.000,9999.000
202605031254,   0.519,   0.869,9999.000,9999.000,9999.000,9999.000,9999.000,9999.000,9999.000
202605031300,   0.569,   0.928,   0.500,  -0.141,   0.928,   0.500,   0.928,   0.600,   1.028
202605031306,   0.622,   0.980,9999.000,9999.000,9999.000,9999.000,9999.000,9999.000,9999.000
202605031312,   0.676,   1.000,9999.000,9999.000,9999.000,9999.000,9999.000,9999.000,9999.000
202605031318,   0.733,   1.000,9999.000,9999.000,9999.000,9999.000,9999.000,9999.000,9999.000
202605031324,   0.791,   1.010,9999.000,9999.000,9999.000,9999.000,9999.000,9999.000,9999.000
202605031330,   0.851,   1.069,9999.000,9999.000,9999.000,9999.000,9999.000,9999.000,9999.000
202605031336,   0.912,   1.118,9999.000,9999.000,9999.000,9999.000,9999.000,9999.000,9999.000
202605031342,   0.974,   1.161,9999.000,9999.000,9999.000,9999.000,9999.000,9999.000,9999.000
202605031348,   1.037,   1.170,9999.000,9999.000,9999.000,9999.000,9999.000,9999.000,9999.000
202605031354,   1.100,   1.220,9999.000,9999.000,9999.000,9999.000,9999.000,9999.000,9999.000
202605031400,   1.164,   1.289,   0.500,  -0.375,   1.289,   0.500,   1.289,   0.500,   1.289
202605031406,   1.228,   1.348,9999.000,9999.000,9999.000,9999.000,9999.000,9999.000,9999.000
202605031412,   1.291,   1.420,9999.000,9999.000,9999.000,9999.000,9999.000,9999.000,9999.000
202605031418,   1.354,   1.439,9999.000,9999.000,9999.000,9999.000,9999.000,9999.000,9999.000
202605031424,   1.416,   1.479,9999.000,9999.000,9999.000,9999.000,9999.000,9999.000,9999.000
202605031430,   1.477,   1.571,9999.000,9999.000,9999.000,9999.000,9999.000,9999.000,9999.000
202605031436,   1.536,   1.630,9999.000,9999.000,9999.000,9999.000,9999.000,9999.000,9999.000
202605031442,   1.594,   1.699,9999.000,9999.000,9999.000,9999.000,9999.000,9999.000,9999.000
202605031448,   1.650,   1.728,9999.000,9999.000,9999.000,9999.000,9999.000,9999.000,9999.000
202605031454,   1.705,   1.781,9999.000,9999.000,9999.000,9999.000,9999.000,9999.000,9999.000
202605031500,   1.757,   1.830,   0.500,  -0.427,   1.830,   0.500,   1.830,   0.600,   1.930
202605031506,   1.806,   1.869,9999.000,9999.000,9999.000,9999.000,9999.000,9999.000,9999.000
202605031512,   1.854,   1.918,9999.000,9999.000,9999.000,9999.000,9999.000,9999.000,9999.000
202605031518,   1.898,   1.958,9999.000,9999.000,9999.000,9999.000,9999.000,9999.000,9999.000
202605031524,   1.941,   2.030,9999.000,9999.000,9999.000,9999.000,9999.000,9999.000,9999.000
202605031530,   1.981,   2.049,9999.000,9999.000,9999.000,9999.000,9999.000,9999.000,9999.000
202605031536,   2.018,   2.099,9999.000,9999.000,9999.000,9999.000,9999.000,9999.000,9999.000
202605031542,   2.053,   2.109,9999.000,9999.000,9999.000,9999.000,9999.000,9999.000,9999.000
202605031548,   2.085,   2.158,9999.000,9999.000,9999.000,9999.000,9999.000,9999.000,9999.000
202605031554,   2.115,   2.177,9999.000,9999.000,9999.000,9999.000,9999.000,9999.000,9999.000
202605031600,   2.142,   2.220,   0.500,  -0.422,   2.220,   0.500,   2.220,   0.600,   2.320
202605031606,   2.168,   2.240,9999.000,9999.000,9999.000,9999.000,9999.000,9999.000,9999.000
202605031612,   2.190,   2.279,9999.000,9999.000,9999.000,9999.000,9999.000,9999.000,9999.000
202605031618,   2.211,   2.299,9999.000,9999.000,9999.000,9999.000,9999.000,9999.000,9999.000
202605031624,   2.230,   2.309,9999.000,9999.000,9999.000,9999.000,9999.000,9999.000,9999.000
202605031630,   2.246,   2.358,9999.000,9999.000,9999.000,9999.000,9999.000,9999.000,9999.000
202605031636,   2.260,   2.400,9999.000,9999.000,9999.000,9999.000,9999.000,9999.000,9999.000
202605031642,   2.272,   2.400,9999.000,9999.000,9999.000,9999.000,9999.000,9999.000,9999.000
202605031648,   2.282,   2.410,9999.000,9999.000,9999.000,9999.000,9999.000,9999.000,9999.000
202605031654,   2.289,   2.410,9999.000,9999.000,9999.000,9999.000,9999.000,9999.000,9999.000
202605031700,   2.294,   2.450,   0.500,  -0.344,   2.450,   0.400,   2.350,   0.500,   2.450
202605031706,   2.297,   2.469,9999.000,9999.000,9999.000,9999.000,9999.000,9999.000,9999.000
202605031712,   2.298,   2.469,9999.000,9999.000,9999.000,9999.000,9999.000,9999.000,9999.000
202605031718,   2.296,   2.459,9999.000,9999.000,9999.000,9999.000,9999.000,9999.000,9999.000
202605031724,   2.291,   2.469,9999.000,9999.000,9999.000,9999.000,9999.000,9999.000,9999.000
202605031730,   2.284,   2.459,9999.000,9999.000,9999.000,9999.000,9999.000,9999.000,9999.000
202605031736,   2.275,   2.440,9999.000,9999.000,9999.000,9999.000,9999.000,9999.000,9999.000
202605031742,   2.262,   2.450,9999.000,9999.000,9999.000,9999.000,9999.000,9999.000,9999.000
202605031748,   2.247,   2.459,9999.000,9999.000,9999.000,9999.000,9999.000,9999.000,9999.000
202605031754,   2.228,   2.440,9999.000,9999.000,9999.000,9999.000,9999.000,9999.000,9999.000
202605031800,   2.207,   2.400,   0.400,  -0.207,   2.400,   0.400,   2.400,   0.500,   2.500
202605031806,   2.183,   2.328,9999.000,9999.000,9999.000,9999.000,9999.000,9999.000,9999.000
202605031812,   2.156,   2.318,9999.000,9999.000,9999.000,9999.000,9999.000,9999.000,9999.000
202605031818,   2.126,   2.279,9999.000,9999.000,9999.000,9999.000,9999.000,9999.000,9999.000
202605031824,   2.094,   2.220,9999.000,9999.000,9999.000,9999.000,9999.000,9999.000,9999.000
202605031830,   2.058,   2.158,9999.000,9999.000,9999.000,9999.000,9999.000,9999.000,9999.000
202605031836,   2.021,   2.099,9999.000,9999.000,9999.000,9999.000,9999.000,9999.000,9999.000
202605031842,   1.980,   2.049,9999.000,9999.000,9999.000,9999.000,9999.000,9999.000,9999.000
202605031848,   1.938,   2.000,9999.000,9999.000,9999.000,9999.000,9999.000,9999.000,9999.000
202605031854,   1.893,   1.948,9999.000,9999.000,9999.000,9999.000,9999.000,9999.000,9999.000
202605031900,   1.847,   1.908,   0.400,  -0.339,   1.908,   0.400,   1.908,   0.500,   2.008
202605031906,   1.799,   1.859,9999.000,9999.000,9999.000,9999.000,9999.000,9999.000,9999.000
202605031912,   1.750,   1.800,9999.000,9999.000,9999.000,9999.000,9999.000,9999.000,9999.000
202605031918,   1.699,   1.748,9999.000,9999.000,9999.000,9999.000,9999.000,9999.000,9999.000
202605031924,   1.647,   1.699,9999.000,9999.000,9999.000,9999.000,9999.000,9999.000,9999.000
202605031930,   1.595,   1.659,9999.000,9999.000,9999.000,9999.000,9999.000,9999.000,9999.000
202605031936,   1.542,   1.610,9999.000,9999.000,9999.000,9999.000,9999.000,9999.000,9999.000
202605031942,   1.489,   1.548,9999.000,9999.000,9999.000,9999.000,9999.000,9999.000,9999.000
202605031948,   1.436,   1.508,9999.000,9999.000,9999.000,9999.000,9999.000,9999.000,9999.000
202605031954,   1.383,   1.430,9999.000,9999.000,9999.000,9999.000,9999.000,9999.000,9999.000
202605032000,   1.331,   1.410,   0.400,  -0.321,   1.410,   0.400,   1.410,   0.500,   1.510
202605032006,   1.279,   1.338,9999.000,9999.000,9999.000,9999.000,9999.000,9999.000,9999.000
202605032012,   1.228,   1.298,9999.000,9999.000,9999.000,9999.000,9999.000,9999.000,9999.000
202605032018,   1.178,   1.249,9999.000,9999.000,9999.000,9999.000,9999.000,9999.000,9999.000
202605032024,   1.128,   1.210,9999.000,9999.000,9999.000,9999.000,9999.000,9999.000,9999.000
202605032030,   1.080,   1.190,9999.000,9999.000,9999.000,9999.000,9999.000,9999.000,9999.000
202605032036,   1.033,   1.151,9999.000,9999.000,9999.000,9999.000,9999.000,9999.000,9999.000
202605032042,   0.988,   1.118,9999.000,9999.000,9999.000,9999.000,9999.000,9999.000,9999.000
202605032048,   0.944,   1.069,9999.000,9999.000,9999.000,9999.000,9999.000,9999.000,9999.000
202605032054,   0.902,   1.029,9999.000,9999.000,9999.000,9999.000,9999.000,9999.000,9999.000
202605032100,   0.862,   1.020,   0.400,  -0.242,   1.020,   0.400,   1.020,   0.500,   1.120
202605032106,   0.823,   0.970,9999.000,9999.000,9999.000,9999.000,9999.000,9999.000,9999.000
202605032112,   0.787,   0.941,9999.000,9999.000,9999.000,9999.000,9999.000,9999.000,9999.000
202605032118,   0.752,   0.879,9999.000,9999.000,9999.000,9999.000,9999.000,9999.000,9999.000
202605032124,   0.720,   0.839,9999.000,9999.000,9999.000,9999.000,9999.000,9999.000,9999.000
202605032130,   0.690,   0.819,9999.000,9999.000,9999.000,9999.000,9999.000,9999.000,9999.000
202605032136,   0.663,   0.780,9999.000,9999.000,9999.000,9999.000,9999.000,9999.000,9999.000
202605032142,   0.638,   0.760,9999.000,9999.000,9999.000,9999.000,9999.000,9999.000,9999.000
202605032148,   0.615,   0.718,9999.000,9999.000,9999.000,9999.000,9999.000,9999.000,9999.000
202605032154,   0.596,   0.688,9999.000,9999.000,9999.000,9999.000,9999.000,9999.000,9999.000
202605032200,   0.579,   0.678,   0.400,  -0.301,   0.678,   0.400,   0.678,   0.500,   0.778
202605032206,   0.565,   0.669,9999.000,9999.000,9999.000,9999.000,9999.000,9999.000,9999.000
202605032212,   0.554,   0.688,9999.000,9999.000,9999.000,9999.000,9999.000,9999.000,9999.000
202605032218,   0.546,   0.698,9999.000,9999.000,9999.000,9999.000,9999.000,9999.000,9999.000
202605032224,   0.541,   0.698,9999.000,9999.000,9999.000,9999.000,9999.000,9999.000,9999.000
202605032230,   0.539,   0.678,9999.000,9999.000,9999.000,9999.000,9999.000,9999.000,9999.000
202605032236,   0.541,   0.698,9999.000,9999.000,9999.000,9999.000,9999.000,9999.000,9999.000
202605032242,   0.545,   0.731,9999.000,9999.000,9999.000,9999.000,9999.000,9999.000,9999.000
202605032248,   0.553,   0.770,9999.000,9999.000,9999.000,9999.000,9999.000,9999.000,9999.000
202605032254,   0.564,   0.800,9999.000,9999.000,9999.000,9999.000,9999.000,9999.000,9999.000
202605032300,   0.578,   0.810,   0.500,  -0.268,   0.810,   0.400,   0.710,   0.600,   0.910
202605032306,   0.595,   0.810,9999.000,9999.000,9999.000,9999.000,9999.000,9999.000,9999.000
202605032312,   0.616,   0.829,9999.000,9999.000,9999.000,9999.000,9999.000,9999.000,9999.000
202605032318,   0.639,   0.839,9999.000,9999.000,9999.000,9999.000,9999.000,9999.000,9999.000
202605032324,   0.665,   0.898,9999.000,9999.000,9999.000,9999.000,9999.000,9999.000,9999.000
202605032330,   0.694,   0.928,9999.000,9999.000,9999.000,9999.000,9999.000,9999.000,9999.000
202605032336,   0.726,   0.928,9999.000,9999.000,9999.000,9999.000,9999.000,9999.000,9999.000
202605032342,   0.760,   0.970,9999.000,9999.000,9999.000,9999.000,9999.000,9999.000,9999.000
202605032348,   0.797,   0.990,9999.000,9999.000,9999.000,9999.000,9999.000,9999.000,9999.000
202605032354,   0.836,   1.010,9999.000,9999.000,9999.000,9999.000,9999.000,9999.000,9999.000
202605040000,   0.878,   1.039,   0.500,  -0.339,   1.039,   0.400,   0.939,   0.600,   1.139
202605040006,   0.922,   1.079,9999.000,9999.000,9999.000,9999.000,9999.000,9999.000,9999.000
202605040012,   0.968,   1.098,9999.000,9999.000,9999.000,9999.000,9999.000,9999.000,9999.000
202605040018,   1.016,   1.138,9999.000,9999.000,9999.000,9999.000,9999.000,9999.000,9999.000
202605040024,   1.067,   1.180,9999.000,9999.000,9999.000,9999.000,9999.000,9999.000,9999.000
202605040030,   1.119,   1.180,9999.000,9999.000,9999.000,9999.000,9999.000,9999.000,9999.000
202605040036,   1.173,   1.170,9999.000,9999.000,9999.000,9999.000,9999.000,9999.000,9999.000
202605040042,   1.230,   1.239,9999.000,9999.000,9999.000,9999.000,9999.000,9999.000,9999.000
202605040048,   1.288,   1.279,9999.000,9999.000,9999.000,9999.000,9999.000,9999.000,9999.000
202605040054,   1.348,   1.298,9999.000,9999.000,9999.000,9999.000,9999.000,9999.000,9999.000
202605040100,   1.409,   1.361,   0.500,  -0.548,   1.361,   0.400,   1.261,   0.500,   1.361
202605040106,   1.472,   1.410,9999.000,9999.000,9999.000,9999.000,9999.000,9999.000,9999.000
202605040112,   1.537,   1.430,9999.000,9999.000,9999.000,9999.000,9999.000,9999.000,9999.000
202605040118,   1.603,   1.469,9999.000,9999.000,9999.000,9999.000,9999.000,9999.000,9999.000
202605040124,   1.671,   1.498,9999.000,9999.000,9999.000,9999.000,9999.000,9999.000,9999.000
202605040130,   1.740,   1.600,9999.000,9999.000,9999.000,9999.000,9999.000,9999.000,9999.000
202605040136,   1.810,   1.689,9999.000,9999.000,9999.000,9999.000,9999.000,9999.000,9999.000
202605040142,   1.881,   1.728,9999.000,9999.000,9999.000,9999.000,9999.000,9999.000,9999.000
202605040148,   1.952,   1.758,9999.000,9999.000,9999.000,9999.000,9999.000,9999.000,9999.000
202605040154,   2.024,   1.859,9999.000,9999.000,9999.000,9999.000,9999.000,9999.000,9999.000
202605040200,   2.097,   1.928,   0.500,  -0.669,   1.928,   0.400,   1.828,   0.500,   1.928
202605040206,   2.169,   1.948,9999.000,9999.000,9999.000,9999.000,9999.000,9999.000,9999.000
202605040212,   2.241,   2.049,9999.000,9999.000,9999.000,9999.000,9999.000,9999.000,9999.000
202605040218,   2.313,   2.118,9999.000,9999.000,9999.000,9999.000,9999.000,9999.000,9999.000
202605040224,   2.384,   2.138,9999.000,9999.000,9999.000,9999.000,9999.000,9999.000,9999.000
202605040230,   2.453,   2.230,9999.000,9999.000,9999.000,9999.000,9999.000,9999.000,9999.000
202605040236,   2.522,   2.299,9999.000,9999.000,9999.000,9999.000,9999.000,9999.000,9999.000
202605040242,   2.588,   2.338,9999.000,9999.000,9999.000,9999.000,9999.000,9999.000,9999.000
202605040248,   2.653,   2.400,9999.000,9999.000,9999.000,9999.000,9999.000,9999.000,9999.000
202605040254,   2.716,   2.479,9999.000,9999.000,9999.000,9999.000,9999.000,9999.000,9999.000
202605040300,   2.776,   2.538,   0.400,  -0.638,   2.538,   0.400,   2.538,   0.500,   2.638
202605040306,   2.833,   2.578,9999.000,9999.000,9999.000,9999.000,9999.000,9999.000,9999.000
202605040312,   2.888,   2.650,9999.000,9999.000,9999.000,9999.000,9999.000,9999.000,9999.000
202605040318,   2.939,   2.699,9999.000,9999.000,9999.000,9999.000,9999.000,9999.000,9999.000
202605040324,   2.987,   2.738,9999.000,9999.000,9999.000,9999.000,9999.000,9999.000,9999.000
202605040330,   3.032,   2.820,9999.000,9999.000,9999.000,9999.000,9999.000,9999.000,9999.000
202605040336,   3.073,   2.840,9999.000,9999.000,9999.000,9999.000,9999.000,9999.000,9999.000
202605040342,   3.111,   2.869,9999.000,9999.000,9999.000,9999.000,9999.000,9999.000,9999.000
202605040348,   3.145,   2.929,9999.000,9999.000,9999.000,9999.000,9999.000,9999.000,9999.000
202605040354,   3.176,   2.968,9999.000,9999.000,9999.000,9999.000,9999.000,9999.000,9999.000
202605040400,   3.203,   2.988,   0.400,  -0.615,   2.988,   0.300,   2.888,   0.500,   3.088
202605040406,   3.227,   3.040,9999.000,9999.000,9999.000,9999.000,9999.000,9999.000,9999.000
202605040412,   3.247,   3.079,9999.000,9999.000,9999.000,9999.000,9999.000,9999.000,9999.000
202605040418,   3.264,   3.129,9999.000,9999.000,9999.000,9999.000,9999.000,9999.000,9999.000
202605040424,   3.277,   3.148,9999.000,9999.000,9999.000,9999.000,9999.000,9999.000,9999.000
202605040430,   3.287,   3.168,9999.000,9999.000,9999.000,9999.000,9999.000,9999.000,9999.000
202605040436,   3.294,   3.197,9999.000,9999.000,9999.000,9999.000,9999.000,9999.000,9999.000
202605040442,   3.298,   3.230,9999.000,9999.000,9999.000,9999.000,9999.000,9999.000,9999.000
202605040448,   3.299,   3.260,9999.000,9999.000,9999.000,9999.000,9999.000,9999.000,9999.000
202605040454,   3.298,   3.289,9999.000,9999.000,9999.000,9999.000,9999.000,9999.000,9999.000
202605040500,   3.293,   3.309,   0.400,  -0.384,   3.309,   0.300,   3.209,   0.500,   3.409
202605040506,   3.285,   3.309,9999.000,9999.000,9999.000,9999.000,9999.000,9999.000,9999.000
202605040512,   3.275,   3.319,9999.000,9999.000,9999.000,9999.000,9999.000,9999.000,9999.000
202605040518,   3.262,   3.358,9999.000,9999.000,9999.000,9999.000,9999.000,9999.000,9999.000
202605040524,   3.245,   3.368,9999.000,9999.000,9999.000,9999.000,9999.000,9999.000,9999.000
202605040530,   3.227,   3.358,9999.000,9999.000,9999.000,9999.000,9999.000,9999.000,9999.000
202605040536,   3.205,   3.339,9999.000,9999.000,9999.000,9999.000,9999.000,9999.000,9999.000
202605040542,   3.180,   3.329,9999.000,9999.000,9999.000,9999.000,9999.000,9999.000,9999.000
202605040548,   3.152,   3.319,9999.000,9999.000,9999.000,9999.000,9999.000,9999.000,9999.000
202605040554,   3.122,   3.309,9999.000,9999.000,9999.000,9999.000,9999.000,9999.000,9999.000
202605040600,   3.088,   3.279,   0.400,  -0.209,   3.279,   0.200,   3.079,   0.500,   3.379
202605040606,   3.052,   3.250,9999.000,9999.000,9999.000,9999.000,9999.000,9999.000,9999.000
202605040612,   3.012,   3.197,9999.000,9999.000,9999.000,9999.000,9999.000,9999.000,9999.000
202605040618,   2.969,   3.158,9999.000,9999.000,9999.000,9999.000,9999.000,9999.000,9999.000
202605040624,   2.923,   3.119,9999.000,9999.000,9999.000,9999.000,9999.000,9999.000,9999.000
202605040630,   2.874,   3.060,9999.000,9999.000,9999.000,9999.000,9999.000,9999.000,9999.000
202605040636,   2.822,   3.017,9999.000,9999.000,9999.000,9999.000,9999.000,9999.000,9999.000
202605040642,   2.767,   2.948,9999.000,9999.000,9999.000,9999.000,9999.000,9999.000,9999.000
202605040648,   2.709,   2.899,9999.000,9999.000,9999.000,9999.000,9999.000,9999.000,9999.000
202605040654,   2.648,   2.830,9999.000,9999.000,9999.000,9999.000,9999.000,9999.000,9999.000
202605040700,   2.585,   2.768,   0.400,  -0.217,   2.768,   0.200,   2.568,   0.500,   2.868
202605040706,   2.519,   2.699,9999.000,9999.000,9999.000,9999.000,9999.000,9999.000,9999.000
202605040712,   2.451,   2.640,9999.000,9999.000,9999.000,9999.000,9999.000,9999.000,9999.000
202605040718,   2.381,   2.578,9999.000,9999.000,9999.000,9999.000,9999.000,9999.000,9999.000
202605040724,   2.309,   2.519,9999.000,9999.000,9999.000,9999.000,9999.000,9999.000,9999.000
202605040730,   2.236,   2.450,9999.000,9999.000,9999.000,9999.000,9999.000,9999.000,9999.000
202605040736,   2.161,   2.377,9999.000,9999.000,9999.000,9999.000,9999.000,9999.000,9999.000
202605040742,   2.085,   2.318,9999.000,9999.000,9999.000,9999.000,9999.000,9999.000,9999.000
202605040748,   2.008,   2.240,9999.000,9999.000,9999.000,9999.000,9999.000,9999.000,9999.000
202605040754,   1.931,   2.158,9999.000,9999.000,9999.000,9999.000,9999.000,9999.000,9999.000
202605040800,   1.853,   2.089,   0.300,  -0.064,   2.089,   0.100,   1.889,   0.500,   2.289
202605040806,   1.775,   2.020,9999.000,9999.000,9999.000,9999.000,9999.000,9999.000,9999.000
202605040812,   1.698,   1.958,9999.000,9999.000,9999.000,9999.000,9999.000,9999.000,9999.000
202605040818,   1.620,   1.879,9999.000,9999.000,9999.000,9999.000,9999.000,9999.000,9999.000
202605040824,   1.543,   1.820,9999.000,9999.000,9999.000,9999.000,9999.000,9999.000,9999.000
202605040830,   1.467,   1.758,9999.000,9999.000,9999.000,9999.000,9999.000,9999.000,9999.000
202605040836,   1.392,   1.699,9999.000,9999.000,9999.000,9999.000,9999.000,9999.000,9999.000
202605040842,   1.318,   1.639,9999.000,9999.000,9999.000,9999.000,9999.000,9999.000,9999.000
202605040848,   1.245,   1.557,9999.000,9999.000,9999.000,9999.000,9999.000,9999.000,9999.000
202605040854,   1.173,   1.508,9999.000,9999.000,9999.000,9999.000,9999.000,9999.000,9999.000
202605040900,   1.103,   1.439,   0.300,   0.036,   1.439,   0.000,   1.139,   0.400,   1.539
202605040906,   1.034,   1.380,9999.000,9999.000,9999.000,9999.000,9999.000,9999.000,9999.000
202605040912,   0.967,   1.318,9999.000,9999.000,9999.000,9999.000,9999.000,9999.000,9999.000
202605040918,   0.902,   1.279,9999.000,9999.000,9999.000,9999.000,9999.000,9999.000,9999.000
202605040924,   0.839,   1.210,9999.000,9999.000,9999.000,9999.000,9999.000,9999.000,9999.000
202605040930,   0.778,   1.138,9999.000,9999.000,9999.000,9999.000,9999.000,9999.000,9999.000
202605040936,   0.719,   1.069,9999.000,9999.000,9999.000,9999.000,9999.000,9999.000,9999.000
202605040942,   0.662,   1.020,9999.000,9999.000,9999.000,9999.000,9999.000,9999.000,9999.000
202605040948,   0.607,   0.951,9999.000,9999.000,9999.000,9999.000,9999.000,9999.000,9999.000
202605040954,   0.555,   0.859,9999.000,9999.000,9999.000,9999.000,9999.000,9999.000,9999.000
202605041000,   0.505,   0.819,   0.200,   0.114,   0.819,   0.000,   0.619,   0.400,   1.019
202605041006,   0.458,   0.770,9999.000,9999.000,9999.000,9999.000,9999.000,9999.000,9999.000
202605041012,   0.414,   0.718,9999.000,9999.000,9999.000,9999.000,9999.000,9999.000,9999.000
202605041018,   0.372,   0.639,9999.000,9999.000,9999.000,9999.000,9999.000,9999.000,9999.000
202605041024,   0.334,   0.610,9999.000,9999.000,9999.000,9999.000,9999.000,9999.000,9999.000
202605041030,   0.298,   0.560,9999.000,9999.000,9999.000,9999.000,9999.000,9999.000,9999.000
202605041036,   0.265,   0.531,9999.000,9999.000,9999.000,9999.000,9999.000,9999.000,9999.000
202605041042,   0.235,   0.488,9999.000,9999.000,9999.000,9999.000,9999.000,9999.000,9999.000
202605041048,   0.209,   0.469,9999.000,9999.000,9999.000,9999.000,9999.000,9999.000,9999.000
202605041054,   0.186,   0.419,9999.000,9999.000,9999.000,9999.000,9999.000,9999.000,9999.000
202605041100,   0.165,   0.390,   0.100,   0.125,   0.390,   0.000,   0.290,   0.300,   0.590
202605041106,   0.148,   0.390,9999.000,9999.000,9999.000,9999.000,9999.000,9999.000,9999.000
202605041112,   0.135,   0.360,9999.000,9999.000,9999.000,9999.000,9999.000,9999.000,9999.000
202605041118,   0.124,   0.360,9999.000,9999.000,9999.000,9999.000,9999.000,9999.000,9999.000
202605041124,   0.117,   0.350,9999.000,9999.000,9999.000,9999.000,9999.000,9999.000,9999.000
202605041130,   0.113,   0.341,9999.000,9999.000,9999.000,9999.000,9999.000,9999.000,9999.000
202605041136,   0.112,   0.321,9999.000,9999.000,9999.000,9999.000,9999.000,9999.000,9999.000
202605041142,   0.114,   0.308,9999.000,9999.000,9999.000,9999.000,9999.000,9999.000,9999.000
202605041148,   0.119,   0.331,9999.000,9999.000,9999.000,9999.000,9999.000,9999.000,9999.000
202605041154,   0.126,   0.360,9999.000,9999.000,9999.000,9999.000,9999.000,9999.000,9999.000
202605041200,   0.137,   0.370,   0.300,  -0.067,   0.370,   0.000,   0.070,   0.500,   0.570
202605041206,   0.150,   0.390,9999.000,9999.000,9999.000,9999.000,9999.000,9999.000,9999.000
202605041212,   0.166,   0.380,9999.000,9999.000,9999.000,9999.000,9999.000,9999.000,9999.000
202605041218,   0.185,   0.419,9999.000,9999.000,9999.000,9999.000,9999.000,9999.000,9999.000
202605041224,   0.206,   0.439,9999.000,9999.000,9999.000,9999.000,9999.000,9999.000,9999.000
202605041230,   0.229,   0.488,9999.000,9999.000,9999.000,9999.000,9999.000,9999.000,9999.000
202605041236,   0.255,   0.531,9999.000,9999.000,9999.000,9999.000,9999.000,9999.000,9999.000
202605041242,   0.284,   0.541,9999.000,9999.000,9999.000,9999.000,9999.000,9999.000,9999.000
202605041248,   0.314,   0.570,9999.000,9999.000,9999.000,9999.000,9999.000,9999.000,9999.000
202605041254,   0.347,   0.629,9999.000,9999.000,9999.000,9999.000,9999.000,9999.000,9999.000
202605041300,   0.382,   0.669,   0.200,   0.087,   0.669,   0.000,   0.469,   0.400,   0.869
202605041306,   0.419,   0.698,9999.000,9999.000,9999.000,9999.000,9999.000,9999.000,9999.000
202605041312,   0.458,   0.708,9999.000,9999.000,9999.000,9999.000,9999.000,9999.000,9999.000
202605041318,   0.499,   0.751,9999.000,9999.000,9999.000,9999.000,9999.000,9999.000,9999.000
202605041324,   0.542,   0.770,9999.000,9999.000,9999.000,9999.000,9999.000,9999.000,9999.000
202605041330,   0.588,   0.790,9999.000,9999.000,9999.000,9999.000,9999.000,9999.000,9999.000
202605041336,   0.635,   0.800,9999.000,9999.000,9999.000,9999.000,9999.000,9999.000,9999.000
202605041342,   0.684,   0.829,9999.000,9999.000,9999.000,9999.000,9999.000,9999.000,9999.000
202605041348,   0.735,   0.849,9999.000,9999.000,9999.000,9999.000,9999.000,9999.000,9999.000
202605041354,   0.788,   0.879,9999.000,9999.000,9999.000,9999.000,9999.000,9999.000,9999.000
202605041400,   0.842,   0.918,   0.100,  -0.024,   0.918,   0.000,   0.818,   0.300,   1.118
202605041406,   0.898,   0.928,9999.000,9999.000,9999.000,9999.000,9999.000,9999.000,9999.000
202605041412,   0.955,   0.961,9999.000,9999.000,9999.000,9999.000,9999.000,9999.000,9999.000
202605041418,   1.013,   1.000,9999.000,9999.000,9999.000,9999.000,9999.000,9999.000,9999.000
202605041424,   1.072,   1.010,9999.000,9999.000,9999.000,9999.000,9999.000,9999.000,9999.000
202605041430,   1.132,   1.029,9999.000,9999.000,9999.000,9999.000,9999.000,9999.000,9999.000
202605041436,   1.193,   1.079,9999.000,9999.000,9999.000,9999.000,9999.000,9999.000,9999.000
202605041442,   1.253,   1.118,9999.000,9999.000,9999.000,9999.000,9999.000,9999.000,9999.000
202605041448,   1.314,   1.170,9999.000,9999.000,9999.000,9999.000,9999.000,9999.000,9999.000
202605041454,   1.374,   1.210,9999.000,9999.000,9999.000,9999.000,9999.000,9999.000,9999.000
202605041500,   1.433,   1.239,   0.100,  -0.294,   1.239,  -0.100,   1.039,   0.200,   1.339
202605041506,   1.492,   1.279,9999.000,9999.000,9999.000,9999.000,9999.000,9999.000,9999.000
202605041512,   1.550,   1.361,9999.000,9999.000,9999.000,9999.000,9999.000,9999.000,9999.000
202605041518,   1.606,   1.400,9999.000,9999.000,9999.000,9999.000,9999.000,9999.000,9999.000
202605041524,   1.661,   1.459,9999.000,9999.000,9999.000,9999.000,9999.000,9999.000,9999.000
202605041530,   1.714,   1.489,9999.000,9999.000,9999.000,9999.000,9999.000,9999.000,9999.000
202605041536,   1.765,   1.528,9999.000,9999.000,9999.000,9999.000,9999.000,9999.000,9999.000
202605041542,   1.813,   1.600,9999.000,9999.000,9999.000,9999.000,9999.000,9999.000,9999.000
202605041548,   1.859,   1.659,9999.000,9999.000,9999.000,9999.000,9999.000,9999.000,9999.000
202605041554,   1.903,   1.689,9999.000,9999.000,9999.000,9999.000,9999.000,9999.000,9999.000
202605041600,   1.945,   1.728,   0.000,  -0.217,   1.728,  -0.100,   1.628,   0.100,   1.828
202605041606,   1.983,   1.748,9999.000,9999.000,9999.000,9999.000,9999.000,9999.000,9999.000
202605041612,   2.019,   1.748,9999.000,9999.000,9999.000,9999.000,9999.000,9999.000,9999.000
202605041618,   2.053,   1.800,9999.000,9999.000,9999.000,9999.000,9999.000,9999.000,9999.000
202605041624,   2.083,   1.849,9999.000,9999.000,9999.000,9999.000,9999.000,9999.000,9999.000
202605041630,   2.111,   1.859,9999.000,9999.000,9999.000,9999.000,9999.000,9999.000,9999.000
202605041636,   2.137,   1.879,9999.000,9999.000,9999.000,9999.000,9999.000,9999.000,9999.000
202605041642,   2.160,   1.879,9999.000,9999.000,9999.000,9999.000,9999.000,9999.000,9999.000
202605041648,   2.180,   1.918,9999.000,9999.000,9999.000,9999.000,9999.000,9999.000,9999.000
202605041654,   2.199,   1.938,9999.000,9999.000,9999.000,9999.000,9999.000,9999.000,9999.000
202605041700,   2.214,   1.967,  -0.100,  -0.147,   1.967,  -0.200,   1.867,   0.000,   2.067
202605041706,   2.228,   2.010,9999.000,9999.000,9999.000,9999.000,9999.000,9999.000,9999.000
202605041712,   2.240,   2.010,9999.000,9999.000,9999.000,9999.000,9999.000,9999.000,9999.000
202605041718,   2.249,   2.000,9999.000,9999.000,9999.000,9999.000,9999.000,9999.000,9999.000
202605041724,   2.256,   2.000,9999.000,9999.000,9999.000,9999.000,9999.000,9999.000,9999.000
202605041730,   2.261,   2.040,9999.000,9999.000,9999.000,9999.000,9999.000,9999.000,9999.000
202605041736,   2.265,   2.069,9999.000,9999.000,9999.000,9999.000,9999.000,9999.000,9999.000
202605041742,   2.266,   2.059,9999.000,9999.000,9999.000,9999.000,9999.000,9999.000,9999.000
202605041748,   2.265,   2.040,9999.000,9999.000,9999.000,9999.000,9999.000,9999.000,9999.000
202605041754,   2.262,   2.020,9999.000,9999.000,9999.000,9999.000,9999.000,9999.000,9999.000
202605041800,   2.257,   2.040,   0.000,  -0.217,   2.040,  -0.100,   1.940,   0.000,   2.040
202605041806,   2.249,   2.049,9999.000,9999.000,9999.000,9999.000,9999.000,9999.000,9999.000
202605041812,   2.240,   2.049,9999.000,9999.000,9999.000,9999.000,9999.000,9999.000,9999.000
202605041818,   2.228,   2.030,9999.000,9999.000,9999.000,9999.000,9999.000,9999.000,9999.000
202605041824,   2.213,   2.010,9999.000,9999.000,9999.000,9999.000,9999.000,9999.000,9999.000
202605041830,   2.196,   2.010,9999.000,9999.000,9999.000,9999.000,9999.000,9999.000,9999.000
202605041836,   2.177,   2.000,9999.000,9999.000,9999.000,9999.000,9999.000,9999.000,9999.000
202605041842,   2.155,   1.967,9999.000,9999.000,9999.000,9999.000,9999.000,9999.000,9999.000
202605041848,   2.130,   1.938,9999.000,9999.000,9999.000,9999.000,9999.000,9999.000,9999.000
202605041854,   2.103,   1.899,9999.000,9999.000,9999.000,9999.000,9999.000,9999.000,9999.000
202605041900,   2.074,   1.859,  -0.100,  -0.115,   1.859,  -0.200,   1.759,   0.000,   1.959
202605041906,   2.041,   1.830,9999.000,9999.000,9999.000,9999.000,9999.000,9999.000,9999.000
202605041912,   2.007,   1.781,9999.000,9999.000,9999.000,9999.000,9999.000,9999.000,9999.000
202605041918,   1.970,   1.708,9999.000,9999.000,9999.000,9999.000,9999.000,9999.000,9999.000
202605041924,   1.931,   1.679,9999.000,9999.000,9999.000,9999.000,9999.000,9999.000,9999.000
202605041930,   1.889,   1.639,9999.000,9999.000,9999.000,9999.000,9999.000,9999.000,9999.000
202605041936,   1.846,   1.580,9999.000,9999.000,9999.000,9999.000,9999.000,9999.000,9999.000
202605041942,   1.801,   1.528,9999.000,9999.000,9999.000,9999.000,9999.000,9999.000,9999.000
202605041948,   1.755,   1.498,9999.000,9999.000,9999.000,9999.000,9999.000,9999.000,9999.000
202605041954,   1.707,   1.430,9999.000,9999.000,9999.000,9999.000,9999.000,9999.000,9999.000
202605042000,   1.658,   1.380,  -0.100,  -0.178,   1.380,  -0.200,   1.280,  -0.100,   1.380
202605042006,   1.608,   1.361,9999.000,9999.000,9999.000,9999.000,9999.000,9999.000,9999.000
202605042012,   1.557,   1.298,9999.000,9999.000,9999.000,9999.000,9999.000,9999.000,9999.000
202605042018,   1.506,   1.259,9999.000,9999.000,9999.000,9999.000,9999.000,9999.000,9999.000
202605042024,   1.455,   1.180,9999.000,9999.000,9999.000,9999.000,9999.000,9999.000,9999.000
202605042030,   1.404,   1.128,9999.000,9999.000,9999.000,9999.000,9999.000,9999.000,9999.000
202605042036,   1.353,   1.049,9999.000,9999.000,9999.000,9999.000,9999.000,9999.000,9999.000
202605042042,   1.303,   0.990,9999.000,9999.000,9999.000,9999.000,9999.000,9999.000,9999.000
202605042048,   1.253,   0.970,9999.000,9999.000,9999.000,9999.000,9999.000,9999.000,9999.000
202605042054,   1.204,   0.888,9999.000,9999.000,9999.000,9999.000,9999.000,9999.000,9999.000
202605042100,   1.156,   0.849,  -0.200,  -0.107,   0.849,  -0.300,   0.749,  -0.100,   0.949
202605042106,   1.109,   0.780,9999.000,9999.000,9999.000,9999.000,9999.000,9999.000,9999.000
202605042112,   1.064,   0.718,9999.000,9999.000,9999.000,9999.000,9999.000,9999.000,9999.000
202605042118,   1.020,   0.669,9999.000,9999.000,9999.000,9999.000,9999.000,9999.000,9999.000
202605042124,   0.978,   0.629,9999.000,9999.000,9999.000,9999.000,9999.000,9999.000,9999.000
202605042130,   0.937,   0.600,9999.000,9999.000,9999.000,9999.000,9999.000,9999.000,9999.000
202605042136,   0.898,   0.541,9999.000,9999.000,9999.000,9999.000,9999.000,9999.000,9999.000
202605042142,   0.861,   0.518,9999.000,9999.000,9999.000,9999.000,9999.000,9999.000,9999.000
202605042148,   0.826,   0.469,9999.000,9999.000,9999.000,9999.000,9999.000,9999.000,9999.000
202605042154,   0.793,   0.459,9999.000,9999.000,9999.000,9999.000,9999.000,9999.000,9999.000
202605042200,   0.762,   0.429,  -0.300,  -0.033,   0.429,  -0.400,   0.329,  -0.200,   0.529
202605042206,   0.734,   0.409,9999.000,9999.000,9999.000,9999.000,9999.000,9999.000,9999.000
202605042212,   0.707,   0.400,9999.000,9999.000,9999.000,9999.000,9999.000,9999.000,9999.000
202605042218,   0.683,   0.370,9999.000,9999.000,9999.000,9999.000,9999.000,9999.000,9999.000
202605042224,   0.662,   0.360,9999.000,9999.000,9999.000,9999.000,9999.000,9999.000,9999.000
202605042230,   0.643,   0.331,9999.000,9999.000,9999.000,9999.000,9999.000,9999.000,9999.000
202605042236,   0.627,   0.331,9999.000,9999.000,9999.000,9999.000,9999.000,9999.000,9999.000
202605042242,   0.614,   0.308,9999.000,9999.000,9999.000,9999.000,9999.000,9999.000,9999.000
202605042248,   0.603,   0.298,9999.000,9999.000,9999.000,9999.000,9999.000,9999.000,9999.000
202605042254,   0.596,   0.288,9999.000,9999.000,9999.000,9999.000,9999.000,9999.000,9999.000
202605042300,   0.591,   0.259,  -0.300,  -0.032,   0.259,  -0.400,   0.159,  -0.200,   0.359
202605042306,   0.589,   0.278,9999.000,9999.000,9999.000,9999.000,9999.000,9999.000,9999.000
202605042312,   0.591,   0.259,9999.000,9999.000,9999.000,9999.000,9999.000,9999.000,9999.000
202605042318,   0.595,   0.288,9999.000,9999.000,9999.000,9999.000,9999.000,9999.000,9999.000
202605042324,   0.603,   0.278,9999.000,9999.000,9999.000,9999.000,9999.000,9999.000,9999.000
202605042330,   0.613,   0.278,9999.000,9999.000,9999.000,9999.000,9999.000,9999.000,9999.000
202605042336,   0.627,   0.288,9999.000,9999.000,9999.000,9999.000,9999.000,9999.000,9999.000
202605042342,   0.643,   0.288,9999.000,9999.000,9999.000,9999.000,9999.000,9999.000,9999.000
202605042348,   0.663,   0.321,9999.000,9999.000,9999.000,9999.000,9999.000,9999.000,9999.000
202605042354,   0.686,   0.321,9999.000,9999.000,9999.000,9999.000,9999.000,9999.000,9999.000
202605050000,   0.711,   0.350,  -0.300,  -0.061,   0.350,  -0.400,   0.250,  -0.100,   0.550
202605050006,   0.739,   0.350,9999.000,9999.000,9999.000,9999.000,9999.000,9999.000,9999.000
202605050012,   0.770,   0.370,9999.000,9999.000,9999.000,9999.000,9999.000,9999.000,9999.000
202605050018,   0.803,   0.380,9999.000,9999.000,9999.000,9999.000,9999.000,9999.000,9999.000
202605050024,   0.839,   0.400,9999.000,9999.000,9999.000,9999.000,9999.000,9999.000,9999.000
202605050030,   0.878,   0.439,9999.000,9999.000,9999.000,9999.000,9999.000,9999.000,9999.000
202605050036,   0.918,   0.439,9999.000,9999.000,9999.000,9999.000,9999.000,9999.000,9999.000
202605050042,   0.961,   0.469,9999.000,9999.000,9999.000,9999.000,9999.000,9999.000,9999.000
202605050048,   1.006,   0.488,9999.000,9999.000,9999.000,9999.000,9999.000,9999.000,9999.000
202605050054,   1.052,   0.498,9999.000,9999.000,9999.000,9999.000,9999.000,9999.000,9999.000
202605050100,   1.101,   0.531,  -0.300,  -0.270,   0.531,  -0.400,   0.431,  -0.100,   0.731
202605050106,   1.151,   0.580,9999.000,9999.000,9999.000,9999.000,9999.000,9999.000,9999.000
202605050112,   1.203,   0.590,9999.000,9999.000,9999.000,9999.000,9999.000,9999.000,9999.000
202605050118,   1.256,   0.590,9999.000,9999.000,9999.000,9999.000,9999.000,9999.000,9999.000
202605050124,   1.312,   0.610,9999.000,9999.000,9999.000,9999.000,9999.000,9999.000,9999.000
202605050130,   1.368,   0.639,9999.000,9999.000,9999.000,9999.000,9999.000,9999.000,9999.000
202605050136,   1.426,   0.669,9999.000,9999.000,9999.000,9999.000,9999.000,9999.000,9999.000
202605050142,   1.485,   0.688,9999.000,9999.000,9999.000,9999.000,9999.000,9999.000,9999.000
202605050148,   1.546,   0.741,9999.000,9999.000,9999.000,9999.000,9999.000,9999.000,9999.000
202605050154,   1.608,   0.760,9999.000,9999.000,9999.000,9999.000,9999.000,9999.000,9999.000
202605050200,   1.671,   0.780,  -0.300,  -0.591,   0.780,  -0.400,   0.680,  -0.100,   0.980
202605050206,   1.735,   0.829,9999.000,9999.000,9999.000,9999.000,9999.000,9999.000,9999.000
202605050212,   1.800,   0.879,9999.000,9999.000,9999.000,9999.000,9999.000,9999.000,9999.000
202605050218,   1.866,   0.941,9999.000,9999.000,9999.000,9999.000,9999.000,9999.000,9999.000
202605050224,   1.933,   0.990,9999.000,9999.000,9999.000,9999.000,9999.000,9999.000,9999.000
202605050230,   2.000,   1.029,9999.000,9999.000,9999.000,9999.000,9999.000,9999.000,9999.000
202605050236,   2.068,   1.079,9999.000,9999.000,9999.000,9999.000,9999.000,9999.000,9999.000
202605050242,   2.135,   1.151,9999.000,9999.000,9999.000,9999.000,9999.000,9999.000,9999.000
202605050248,   2.203,   1.229,9999.000,9999.000,9999.000,9999.000,9999.000,9999.000,9999.000
202605050254,   2.270,   1.279,9999.000,9999.000,9999.000,9999.000,9999.000,9999.000,9999.000
202605050300,   2.337,   1.328,  -0.300,  -0.709,   1.328,  -0.400,   1.228,  -0.100,   1.528
202605050306,   2.404,   1.380,9999.000,9999.000,9999.000,9999.000,9999.000,9999.000,9999.000
202605050312,   2.469,   1.449,9999.000,9999.000,9999.000,9999.000,9999.000,9999.000,9999.000
202605050318,   2.533,   1.479,9999.000,9999.000,9999.000,9999.000,9999.000,9999.000,9999.000
202605050324,   2.595,   1.548,9999.000,9999.000,9999.000,9999.000,9999.000,9999.000,9999.000
202605050330,   2.655,   1.610,9999.000,9999.000,9999.000,9999.000,9999.000,9999.000,9999.000
202605050336,   2.714,   1.659,9999.000,9999.000,9999.000,9999.000,9999.000,9999.000,9999.000
202605050342,   2.770,   1.689,9999.000,9999.000,9999.000,9999.000,9999.000,9999.000,9999.000
202605050348,   2.823,   1.748,9999.000,9999.000,9999.000,9999.000,9999.000,9999.000,9999.000
202605050354,   2.873,   1.810,9999.000,9999.000,9999.000,9999.000,9999.000,9999.000,9999.000
202605050400,   2.921,   1.859,  -0.300,  -0.762,   1.859,  -0.400,   1.759,  -0.100,   2.059
202605050406,   2.965,   1.908,9999.000,9999.000,9999.000,9999.000,9999.000,9999.000,9999.000
202605050412,   3.006,   1.948,9999.000,9999.000,9999.000,9999.000,9999.000,9999.000,9999.000
202605050418,   3.044,   1.990,9999.000,9999.000,9999.000,9999.000,9999.000,9999.000,9999.000
202605050424,   3.077,   2.040,9999.000,9999.000,9999.000,9999.000,9999.000,9999.000,9999.000
202605050430,   3.108,   2.079,9999.000,9999.000,9999.000,9999.000,9999.000,9999.000,9999.000
202605050436,   3.134,   2.109,9999.000,9999.000,9999.000,9999.000,9999.000,9999.000,9999.000
202605050442,   3.157,   2.138,9999.000,9999.000,9999.000,9999.000,9999.000,9999.000,9999.000
202605050448,   3.177,   2.177,9999.000,9999.000,9999.000,9999.000,9999.000,9999.000,9999.000
202605050454,   3.193,   2.200,9999.000,9999.000,9999.000,9999.000,9999.000,9999.000,9999.000
202605050500,   3.205,   2.220,  -0.300,  -0.685,   2.220,  -0.400,   2.120,  -0.200,   2.320
202605050506,   3.215,   2.240,9999.000,9999.000,9999.000,9999.000,9999.000,9999.000,9999.000
202605050512,   3.220,   2.250,9999.000,9999.000,9999.000,9999.000,9999.000,9999.000,9999.000
202605050518,   3.223,   2.269,9999.000,9999.000,9999.000,9999.000,9999.000,9999.000,9999.000
202605050524,   3.223,   2.279,9999.000,9999.000,9999.000,9999.000,9999.000,9999.000,9999.000
202605050530,   3.219,   2.289,9999.000,9999.000,9999.000,9999.000,9999.000,9999.000,9999.000
202605050536,   3.213,   2.299,9999.000,9999.000,9999.000,9999.000,9999.000,9999.000,9999.000
202605050542,   3.204,   2.299,9999.000,9999.000,9999.000,9999.000,9999.000,9999.000,9999.000
202605050548,   3.192,   2.309,9999.000,9999.000,9999.000,9999.000,9999.000,9999.000,9999.000
202605050554,   3.178,   2.318,9999.000,9999.000,9999.000,9999.000,9999.000,9999.000,9999.000
202605050600,   3.160,   2.328,  -0.200,  -0.632,   2.328,  -0.300,   2.228,  -0.200,   2.328
202605050606,   3.141,   2.309,9999.000,9999.000,9999.000,9999.000,9999.000,9999.000,9999.000
202605050612,   3.119,   2.299,9999.000,9999.000,9999.000,9999.000,9999.000,9999.000,9999.000
202605050618,   3.094,   2.289,9999.000,9999.000,9999.000,9999.000,9999.000,9999.000,9999.000
202605050624,   3.066,   2.299,9999.000,9999.000,9999.000,9999.000,9999.000,9999.000,9999.000
202605050630,   3.036,   2.289,9999.000,9999.000,9999.000,9999.000,9999.000,9999.000,9999.000
202605050636,   3.004,   2.259,9999.000,9999.000,9999.000,9999.000,9999.000,9999.000,9999.000
202605050642,   2.969,   2.240,9999.000,9999.000,9999.000,9999.000,9999.000,9999.000,9999.000
202605050648,   2.931,   2.220,9999.000,9999.000,9999.000,9999.000,9999.000,9999.000,9999.000
202605050654,   2.890,   2.191,9999.000,9999.000,9999.000,9999.000,9999.000,9999.000,9999.000
202605050700,   2.847,   2.168,  -0.200,  -0.479,   2.168,  -0.300,   2.068,  -0.100,   2.268
202605050706,   2.801,   2.138,9999.000,9999.000,9999.000,9999.000,9999.000,9999.000,9999.000
202605050712,   2.752,   2.099,9999.000,9999.000,9999.000,9999.000,9999.000,9999.000,9999.000
202605050718,   2.701,   2.049,9999.000,9999.000,9999.000,9999.000,9999.000,9999.000,9999.000
202605050724,   2.646,   2.010,9999.000,9999.000,9999.000,9999.000,9999.000,9999.000,9999.000
202605050730,   2.590,   1.981,9999.000,9999.000,9999.000,9999.000,9999.000,9999.000,9999.000
202605050736,   2.530,   1.938,9999.000,9999.000,9999.000,9999.000,9999.000,9999.000,9999.000
202605050742,   2.469,   1.889,9999.000,9999.000,9999.000,9999.000,9999.000,9999.000,9999.000
202605050748,   2.405,   1.810,9999.000,9999.000,9999.000,9999.000,9999.000,9999.000,9999.000
202605050754,   2.339,   1.748,9999.000,9999.000,9999.000,9999.000,9999.000,9999.000,9999.000
202605050800,   2.271,   1.708,  -0.200,  -0.363,   1.708,  -0.200,   1.708,  -0.100,   1.808
202605050806,   2.202,   1.669,9999.000,9999.000,9999.000,9999.000,9999.000,9999.000,9999.000
202605050812,   2.130,   1.630,9999.000,9999.000,9999.000,9999.000,9999.000,9999.000,9999.000
202605050818,   2.058,   1.557,9999.000,9999.000,9999.000,9999.000,9999.000,9999.000,9999.000
202605050824,   1.985,   1.498,9999.000,9999.000,9999.000,9999.000,9999.000,9999.000,9999.000
202605050830,   1.910,   1.459,9999.000,9999.000,9999.000,9999.000,9999.000,9999.000,9999.000
202605050836,   1.836,   1.420,9999.000,9999.000,9999.000,9999.000,9999.000,9999.000,9999.000
202605050842,   1.761,   1.380,9999.000,9999.000,9999.000,9999.000,9999.000,9999.000,9999.000
202605050848,   1.685,   1.328,9999.000,9999.000,9999.000,9999.000,9999.000,9999.000,9999.000
202605050854,   1.611,   1.269,9999.000,9999.000,9999.000,9999.000,9999.000,9999.000,9999.000
202605050900,   1.536,   1.210,  -0.100,  -0.226,   1.210,  -0.200,   1.110,   0.000,   1.310
202605050906,   1.462,   1.180,9999.000,9999.000,9999.000,9999.000,9999.000,9999.000,9999.000
202605050912,   1.389,   1.151,9999.000,9999.000,9999.000,9999.000,9999.000,9999.000,9999.000
202605050918,   1.317,   1.108,9999.000,9999.000,9999.000,9999.000,9999.000,9999.000,9999.000
202605050924,   1.246,   1.069,9999.000,9999.000,9999.000,9999.000,9999.000,9999.000,9999.000
202605050930,   1.176,   1.039,9999.000,9999.000,9999.000,9999.000,9999.000,9999.000,9999.000
202605050936,   1.108,   0.980,9999.000,9999.000,9999.000,9999.000,9999.000,9999.000,9999.000
202605050942,   1.041,   0.928,9999.000,9999.000,9999.000,9999.000,9999.000,9999.000,9999.000
202605050948,   0.977,   0.879,9999.000,9999.000,9999.000,9999.000,9999.000,9999.000,9999.000
202605050954,   0.914,   0.810,9999.000,9999.000,9999.000,9999.000,9999.000,9999.000,9999.000
202605051000,   0.853,   0.731,  -0.100,  -0.022,   0.731,  -0.200,   0.631,   0.000,   0.831
202605051006,   0.794,   0.688,9999.000,9999.000,9999.000,9999.000,9999.000,9999.000,9999.000
202605051012,   0.737,   0.639,9999.000,9999.000,9999.000,9999.000,9999.000,9999.000,9999.000
202605051018,   0.682,   0.590,9999.000,9999.000,9999.000,9999.000,9999.000,9999.000,9999.000
202605051024,   0.630,   0.551,9999.000,9999.000,9999.000,9999.000,9999.000,9999.000,9999.000
202605051030,   0.580,   0.488,9999.000,9999.000,9999.000,9999.000,9999.000,9999.000,9999.000
202605051036,   0.532,   0.409,9999.000,9999.000,9999.000,9999.000,9999.000,9999.000,9999.000
202605051042,   0.487,   0.360,9999.000,9999.000,9999.000,9999.000,9999.000,9999.000,9999.000
202605051048,   0.445,   0.331,9999.000,9999.000,9999.000,9999.000,9999.000,9999.000,9999.000
202605051054,   0.405,   0.259,9999.000,9999.000,9999.000,9999.000,9999.000,9999.000,9999.000
202605051100,   0.368,   0.239,   0.000,  -0.129,   0.239,  -0.100,   0.139,   0.000,   0.239
202605051106,   0.334,   0.180,9999.000,9999.000,9999.000,9999.000,9999.000,9999.000,9999.000
202605051112,   0.302,   0.131,9999.000,9999.000,9999.000,9999.000,9999.000,9999.000,9999.000
202605051118,   0.274,   0.131,9999.000,9999.000,9999.000,9999.000,9999.000,9999.000,9999.000
202605051124,   0.249,   0.111,9999.000,9999.000,9999.000,9999.000,9999.000,9999.000,9999.000
202605051130,   0.227,   0.121,9999.000,9999.000,9999.000,9999.000,9999.000,9999.000,9999.000
202605051136,   0.207,   0.098,9999.000,9999.000,9999.000,9999.000,9999.000,9999.000,9999.000
202605051142,   0.191,   0.088,9999.000,9999.000,9999.000,9999.000,9999.000,9999.000,9999.000
202605051148,   0.178,   0.088,9999.000,9999.000,9999.000,9999.000,9999.000,9999.000,9999.000
202605051154,   0.169,   0.068,9999.000,9999.000,9999.000,9999.000,9999.000,9999.000,9999.000
202605051200,   0.162,   0.088,   0.000,  -0.074,   0.088,  -0.200,  -0.112,   0.000,   0.088
202605051206,   0.159,   0.111,9999.000,9999.000,9999.000,9999.000,9999.000,9999.000,9999.000
202605051212,   0.158,   0.098,9999.000,9999.000,9999.000,9999.000,9999.000,9999.000,9999.000
202605051218,   0.161,   0.121,9999.000,9999.000,9999.000,9999.000,9999.000,9999.000,9999.000
202605051224,   0.166,   0.111,9999.000,9999.000,9999.000,9999.000,9999.000,9999.000,9999.000
202605051230,   0.174,   0.141,9999.000,9999.000,9999.000,9999.000,9999.000,9999.000,9999.000
202605051236,   0.185,   0.170,9999.000,9999.000,9999.000,9999.000,9999.000,9999.000,9999.000
202605051242,   0.199,   0.180,9999.000,9999.000,9999.000,9999.000,9999.000,9999.000,9999.000
202605051248,   0.216,   0.200,9999.000,9999.000,9999.000,9999.000,9999.000,9999.000,9999.000
202605051254,   0.235,   0.259,9999.000,9999.000,9999.000,9999.000,9999.000,9999.000,9999.000
202605051300,   0.256,   0.298,   0.000,   0.042,   0.298,  -0.100,   0.198,   0.100,   0.398
202605051306,   0.279,   0.350,9999.000,9999.000,9999.000,9999.000,9999.000,9999.000,9999.000
202605051312,   0.305,   0.350,9999.000,9999.000,9999.000,9999.000,9999.000,9999.000,9999.000
202605051318,   0.333,   0.409,9999.000,9999.000,9999.000,9999.000,9999.000,9999.000,9999.000
202605051324,   0.363,   0.439,9999.000,9999.000,9999.000,9999.000,9999.000,9999.000,9999.000
202605051330,   0.395,   0.488,9999.000,9999.000,9999.000,9999.000,9999.000,9999.000,9999.000
202605051336,   0.429,   0.508,9999.000,9999.000,9999.000,9999.000,9999.000,9999.000,9999.000
202605051342,   0.465,   0.531,9999.000,9999.000,9999.000,9999.000,9999.000,9999.000,9999.000
202605051348,   0.503,   0.541,9999.000,9999.000,9999.000,9999.000,9999.000,9999.000,9999.000
202605051354,   0.542,   0.570,9999.000,9999.000,9999.000,9999.000,9999.000,9999.000,9999.000
202605051400,   0.584,   0.629,   0.000,   0.045,   0.629,  -0.100,   0.529,   0.100,   0.729
202605051406,   0.627,   0.649,9999.000,9999.000,9999.000,9999.000,9999.000,9999.000,9999.000
202605051412,   0.671,   0.659,9999.000,9999.000,9999.000,9999.000,9999.000,9999.000,9999.000
202605051418,   0.718,   0.708,9999.000,9999.000,9999.000,9999.000,9999.000,9999.000,9999.000
202605051424,   0.766,   0.731,9999.000,9999.000,9999.000,9999.000,9999.000,9999.000,9999.000
202605051430,   0.815,   0.780,9999.000,9999.000,9999.000,9999.000,9999.000,9999.000,9999.000
202605051436,   0.866,   0.829,9999.000,9999.000,9999.000,9999.000,9999.000,9999.000,9999.000
202605051442,   0.918,   0.879,9999.000,9999.000,9999.000,9999.000,9999.000,9999.000,9999.000
202605051448,   0.972,   0.928,9999.000,9999.000,9999.000,9999.000,9999.000,9999.000,9999.000
202605051454,   1.027,   0.941,9999.000,9999.000,9999.000,9999.000,9999.000,9999.000,9999.000
202605051500,   1.082,   1.010,   0.000,  -0.072,   1.010,  -0.100,   0.910,   0.100,   1.110
202605051506,   1.139,   1.069,9999.000,9999.000,9999.000,9999.000,9999.000,9999.000,9999.000
202605051512,   1.196,   1.108,9999.000,9999.000,9999.000,9999.000,9999.000,9999.000,9999.000
202605051518,   1.254,   1.200,9999.000,9999.000,9999.000,9999.000,9999.000,9999.000,9999.000
202605051524,   1.312,   1.259,9999.000,9999.000,9999.000,9999.000,9999.000,9999.000,9999.000
202605051530,   1.370,   1.298,9999.000,9999.000,9999.000,9999.000,9999.000,9999.000,9999.000
202605051536,   1.428,   1.361,9999.000,9999.000,9999.000,9999.000,9999.000,9999.000,9999.000
202605051542,   1.485,   1.410,9999.000,9999.000,9999.000,9999.000,9999.000,9999.000,9999.000
202605051548,   1.542,   1.459,9999.000,9999.000,9999.000,9999.000,9999.000,9999.000,9999.000
202605051554,   1.597,   1.518,9999.000,9999.000,9999.000,9999.000,9999.000,9999.000,9999.000
202605051600,   1.651,   1.571,   0.100,  -0.180,   1.571,   0.000,   1.471,   0.100,   1.571
202605051606,   1.704,   1.620,9999.000,9999.000,9999.000,9999.000,9999.000,9999.000,9999.000
202605051612,   1.755,   1.679,9999.000,9999.000,9999.000,9999.000,9999.000,9999.000,9999.000
202605051618,   1.804,   1.738,9999.000,9999.000,9999.000,9999.000,9999.000,9999.000,9999.000
202605051624,   1.851,   1.767,9999.000,9999.000,9999.000,9999.000,9999.000,9999.000,9999.000
202605051630,   1.896,   1.820,9999.000,9999.000,9999.000,9999.000,9999.000,9999.000,9999.000
202605051636,   1.938,   1.869,9999.000,9999.000,9999.000,9999.000,9999.000,9999.000,9999.000
202605051642,   1.978,   1.908,9999.000,9999.000,9999.000,9999.000,9999.000,9999.000,9999.000
202605051648,   2.015,   1.938,9999.000,9999.000,9999.000,9999.000,9999.000,9999.000,9999.000
202605051654,   2.050,   2.000,9999.000,9999.000,9999.000,9999.000,9999.000,9999.000,9999.000
202605051700,   2.081,   2.040,   0.000,  -0.041,   2.040,   0.000,   2.040,   0.100,   2.140
202605051706,   2.110,   2.079,9999.000,9999.000,9999.000,9999.000,9999.000,9999.000,9999.000
202605051712,   2.137,   2.128,9999.000,9999.000,9999.000,9999.000,9999.000,9999.000,9999.000
202605051718,   2.160,   2.148,9999.000,9999.000,9999.000,9999.000,9999.000,9999.000,9999.000
202605051724,   2.181,   2.177,9999.000,9999.000,9999.000,9999.000,9999.000,9999.000,9999.000
202605051730,   2.200,   2.210,9999.000,9999.000,9999.000,9999.000,9999.000,9999.000,9999.000
202605051736,   2.216,   2.240,9999.000,9999.000,9999.000,9999.000,9999.000,9999.000,9999.000
202605051742,   2.229,   2.279,9999.000,9999.000,9999.000,9999.000,9999.000,9999.000,9999.000
202605051748,   2.241,   2.289,9999.000,9999.000,9999.000,9999.000,9999.000,9999.000,9999.000
202605051754,   2.250,   2.299,9999.000,9999.000,9999.000,9999.000,9999.000,9999.000,9999.000
202605051800,   2.257,   2.309,   0.100,  -0.048,   2.309,   0.000,   2.209,   0.200,   2.409
202605051806,   2.262,   2.328,9999.000,9999.000,9999.000,9999.000,9999.000,9999.000,9999.000
202605051812,   2.265,   2.338,9999.000,9999.000,9999.000,9999.000,9999.000,9999.000,9999.000
202605051818,   2.266,   2.348,9999.000,9999.000,9999.000,9999.000,9999.000,9999.000,9999.000
202605051824,   2.265,   2.358,9999.000,9999.000,9999.000,9999.000,9999.000,9999.000,9999.000
202605051830,   2.263,   2.358,9999.000,9999.000,9999.000,9999.000,9999.000,9999.000,9999.000
202605051836,   2.258,   2.400,9999.000,9999.000,9999.000,9999.000,9999.000,9999.000,9999.000
202605051842,   2.252,   2.410,9999.000,9999.000,9999.000,9999.000,9999.000,9999.000,9999.000
202605051848,   2.243,   2.420,9999.000,9999.000,9999.000,9999.000,9999.000,9999.000,9999.000
202605051854,   2.233,   2.410,9999.000,9999.000,9999.000,9999.000,9999.000,9999.000,9999.000
202605051900,   2.220,   2.420,   0.100,   0.100,   2.420,   0.000,   2.320,   0.200,   2.520
202605051906,   2.206,   2.440,9999.000,9999.000,9999.000,9999.000,9999.000,9999.000,9999.000
202605051912,   2.189,   2.440,9999.000,9999.000,9999.000,9999.000,9999.000,9999.000,9999.000
202605051918,   2.170,   2.440,9999.000,9999.000,9999.000,9999.000,9999.000,9999.000,9999.000
202605051924,   2.149,   2.430,9999.000,9999.000,9999.000,9999.000,9999.000,9999.000,9999.000
202605051930,   2.125,   2.420,9999.000,9999.000,9999.000,9999.000,9999.000,9999.000,9999.000
202605051936,   2.099,   2.400,9999.000,9999.000,9999.000,9999.000,9999.000,9999.000,9999.000
202605051942,   2.071,   2.358,9999.000,9999.000,9999.000,9999.000,9999.000,9999.000,9999.000
202605051948,   2.041,   2.338,9999.000,9999.000,9999.000,9999.000,9999.000,9999.000,9999.000
202605051954,   2.008,   2.318,9999.000,9999.000,9999.000,9999.000,9999.000,9999.000,9999.000
202605052000,   1.973,   2.279,   0.100,   0.206,   2.279,   0.000,   2.179,   0.100,   2.279
202605052006,   1.935,   2.250,9999.000,9999.000,9999.000,9999.000,9999.000,9999.000,9999.000
202605052012,   1.896,   2.220,9999.000,9999.000,9999.000,9999.000,9999.000,9999.000,9999.000
202605052018,   1.855,   2.191,9999.000,9999.000,9999.000,9999.000,9999.000,9999.000,9999.000
202605052024,   1.812,   2.118,9999.000,9999.000,9999.000,9999.000,9999.000,9999.000,9999.000
202605052030,   1.768,   2.049,9999.000,9999.000,9999.000,9999.000,9999.000,9999.000,9999.000
202605052036,   1.722,   2.010,9999.000,9999.000,9999.000,9999.000,9999.000,9999.000,9999.000
202605052042,   1.675,   1.981,9999.000,9999.000,9999.000,9999.000,9999.000,9999.000,9999.000
202605052048,   1.627,   1.918,9999.000,9999.000,9999.000,9999.000,9999.000,9999.000,9999.000
202605052054,   1.578,   1.869,9999.000,9999.000,9999.000,9999.000,9999.000,9999.000,9999.000
202605052100,   1.529,   1.820,   0.100,   0.191,   1.820,   0.000,   1.720,   0.100,   1.820
202605052106,   1.479,   1.781,9999.000,9999.000,9999.000,9999.000,9999.000,9999.000,9999.000
202605052112,   1.430,   1.718,9999.000,9999.000,9999.000,9999.000,9999.000,9999.000,9999.000
202605052118,   1.380,   1.679,9999.000,9999.000,9999.000,9999.000,9999.000,9999.000,9999.000
202605052124,   1.331,   1.630,9999.000,9999.000,9999.000,9999.000,9999.000,9999.000,9999.000
202605052130,   1.283,   1.580,9999.000,9999.000,9999.000,9999.000,9999.000,9999.000,9999.000
202605052136,   1.235,   1.518,9999.000,9999.000,9999.000,9999.000,9999.000,9999.000,9999.000
202605052142,   1.189,   1.469,9999.000,9999.000,9999.000,9999.000,9999.000,9999.000,9999.000
202605052148,   1.143,   1.410,9999.000,9999.000,9999.000,9999.000,9999.000,9999.000,9999.000
202605052154,   1.099,   1.371,9999.000,9999.000,9999.000,9999.000,9999.000,9999.000,9999.000
202605052200,   1.056,   1.338,   0.000,   0.282,   1.338,   0.000,   1.338,   0.100,   1.438
202605052206,   1.015,   1.269,9999.000,9999.000,9999.000,9999.000,9999.000,9999.000,9999.000
202605052212,   0.975,   1.239,9999.000,9999.000,9999.000,9999.000,9999.000,9999.000,9999.000
202605052218,   0.937,   1.210,9999.000,9999.000,9999.000,9999.000,9999.000,9999.000,9999.000
202605052224,   0.901,   1.180,9999.000,9999.000,9999.000,9999.000,9999.000,9999.000,9999.000
202605052230,   0.867,   1.170,9999.000,9999.000,9999.000,9999.000,9999.000,9999.000,9999.000
202605052236,   0.835,   1.138,9999.000,9999.000,9999.000,9999.000,9999.000,9999.000,9999.000
202605052242,   0.805,   1.108,9999.000,9999.000,9999.000,9999.000,9999.000,9999.000,9999.000
202605052248,   0.777,   1.059,9999.000,9999.000,9999.000,9999.000,9999.000,9999.000,9999.000
202605052254,   0.752,   1.059,9999.000,9999.000,9999.000,9999.000,9999.000,9999.000,9999.000
202605052300,   0.729,   1.059,   0.000,   0.330,   1.059,   0.000,   1.059,   0.000,   1.059
202605052306,   0.708,   1.010,9999.000,9999.000,9999.000,9999.000,9999.000,9999.000,9999.000
202605052312,   0.690,   1.020,9999.000,9999.000,9999.000,9999.000,9999.000,9999.000,9999.000
202605052318,   0.674,   1.020,9999.000,9999.000,9999.000,9999.000,9999.000,9999.000,9999.000
202605052324,   0.661,   0.980,9999.000,9999.000,9999.000,9999.000,9999.000,9999.000,9999.000
202605052330,   0.651,   0.990,9999.000,9999.000,9999.000,9999.000,9999.000,9999.000,9999.000
202605052336,   0.644,   0.970,9999.000,9999.000,9999.000,9999.000,9999.000,9999.000,9999.000
202605052342,   0.639,   0.990,9999.000,9999.000,9999.000,9999.000,9999.000,9999.000,9999.000
202605052348,   0.637,   1.000,9999.000,9999.000,9999.000,9999.000,9999.000,9999.000,9999.000
202605052354,   0.638,   0.951,9999.000,9999.000,9999.000,9999.000,9999.000,9999.000,9999.000
202605060000,   0.642,   0.970,   0.000,   0.328,   0.970,   0.000,   0.970,   0.100,   1.070
202605060006,   0.649,   0.990,9999.000,9999.000,9999.000,9999.000,9999.000,9999.000,9999.000
202605060012,   0.659,   0.980,9999.000,9999.000,9999.000,9999.000,9999.000,9999.000,9999.000
202605060018,   0.672,   0.980,9999.000,9999.000,9999.000,9999.000,9999.000,9999.000,9999.000
202605060024,   0.688,   0.941,9999.000,9999.000,9999.000,9999.000,9999.000,9999.000,9999.000
202605060030,   0.706,   0.941,9999.000,9999.000,9999.000,9999.000,9999.000,9999.000,9999.000
202605060036,   0.728,   0.961,9999.000,9999.000,9999.000,9999.000,9999.000,9999.000,9999.000
202605060042,   0.752,   0.951,9999.000,9999.000,9999.000,9999.000,9999.000,9999.000,9999.000
202605060048,   0.779,   0.951,9999.000,9999.000,9999.000,9999.000,9999.000,9999.000,9999.000
202605060054,   0.809,   0.961,9999.000,9999.000,9999.000,9999.000,9999.000,9999.000,9999.000
202605060100,   0.841,   0.961,   0.000,   0.120,   0.961,   0.000,   0.961,   0.000,   0.961
202605060106,   0.875,   0.970,9999.000,9999.000,9999.000,9999.000,9999.000,9999.000,9999.000
202605060112,   0.912,   0.961,9999.000,9999.000,9999.000,9999.000,9999.000,9999.000,9999.000
202605060118,   0.951,   0.970,9999.000,9999.000,9999.000,9999.000,9999.000,9999.000,9999.000
202605060124,   0.992,   0.990,9999.000,9999.000,9999.000,9999.000,9999.000,9999.000,9999.000
202605060130,   1.035,   1.010,9999.000,9999.000,9999.000,9999.000,9999.000,9999.000,9999.000
202605060136,   1.079,   1.010,9999.000,9999.000,9999.000,9999.000,9999.000,9999.000,9999.000
202605060142,   1.126,   1.000,9999.000,9999.000,9999.000,9999.000,9999.000,9999.000,9999.000
202605060148,   1.174,   1.010,9999.000,9999.000,9999.000,9999.000,9999.000,9999.000,9999.000
202605060154,   1.223,   1.049,9999.000,9999.000,9999.000,9999.000,9999.000,9999.000,9999.000
202605060200,   1.274,   1.059,   0.000,  -0.215,   1.059,  -0.100,   0.959,   0.000,   1.059
202605060206,   1.326,   1.088,9999.000,9999.000,9999.000,9999.000,9999.000,9999.000,9999.000
202605060212,   1.380,   1.151,9999.000,9999.000,9999.000,9999.000,9999.000,9999.000,9999.000
202605060218,   1.435,   1.170,9999.000,9999.000,9999.000,9999.000,9999.000,9999.000,9999.000
202605060224,   1.491,   1.200,9999.000,9999.000,9999.000,9999.000,9999.000,9999.000,9999.000
202605060230,   1.548,   1.220,9999.000,9999.000,9999.000,9999.000,9999.000,9999.000,9999.000
202605060236,   1.606,   1.249,9999.000,9999.000,9999.000,9999.000,9999.000,9999.000,9999.000
202605060242,   1.665,   1.279,9999.000,9999.000,9999.000,9999.000,9999.000,9999.000,9999.000
202605060248,   1.725,   1.298,9999.000,9999.000,9999.000,9999.000,9999.000,9999.000,9999.000
202605060254,   1.785,   1.328,9999.000,9999.000,9999.000,9999.000,9999.000,9999.000,9999.000
202605060300,   1.847,   1.348,  -0.100,  -0.399,   1.348,  -0.100,   1.348,   0.000,   1.448
202605060306,   1.909,   1.390,9999.000,9999.000,9999.000,9999.000,9999.000,9999.000,9999.000
202605060312,   1.971,   1.439,9999.000,9999.000,9999.000,9999.000,9999.000,9999.000,9999.000
202605060318,   2.034,   1.469,9999.000,9999.000,9999.000,9999.000,9999.000,9999.000,9999.000
202605060324,   2.097,   1.508,9999.000,9999.000,9999.000,9999.000,9999.000,9999.000,9999.000
202605060330,   2.161,   1.571,9999.000,9999.000,9999.000,9999.000,9999.000,9999.000,9999.000
202605060336,   2.224,   1.620,9999.000,9999.000,9999.000,9999.000,9999.000,9999.000,9999.000
202605060342,   2.286,   1.669,9999.000,9999.000,9999.000,9999.000,9999.000,9999.000,9999.000
202605060348,   2.348,   1.708,9999.000,9999.000,9999.000,9999.000,9999.000,9999.000,9999.000
202605060354,   2.410,   1.767,9999.000,9999.000,9999.000,9999.000,9999.000,9999.000,9999.000
202605060400,   2.470,   1.820,  -0.100,  -0.550,   1.820,  -0.200,   1.720,   0.000,   1.920
202605060406,   2.529,   1.869,9999.000,9999.000,9999.000,9999.000,9999.000,9999.000,9999.000
202605060412,   2.586,   1.908,9999.000,9999.000,9999.000,9999.000,9999.000,9999.000,9999.000
202605060418,   2.641,   1.948,9999.000,9999.000,9999.000,9999.000,9999.000,9999.000,9999.000
202605060424,   2.694,   2.000,9999.000,9999.000,9999.000,9999.000,9999.000,9999.000,9999.000
202605060430,   2.745,   2.020,9999.000,9999.000,9999.000,9999.000,9999.000,9999.000,9999.000
202605060436,   2.793,   2.049,9999.000,9999.000,9999.000,9999.000,9999.000,9999.000,9999.000
202605060442,   2.839,   2.089,9999.000,9999.000,9999.000,9999.000,9999.000,9999.000,9999.000
202605060448,   2.881,   2.128,9999.000,9999.000,9999.000,9999.000,9999.000,9999.000,9999.000
202605060454,   2.920,   2.158,9999.000,9999.000,9999.000,9999.000,9999.000,9999.000,9999.000
202605060500,   2.956,   2.200,  -0.200,  -0.556,   2.200,  -0.200,   2.200,  -0.100,   2.300
202605060506,   2.989,   2.220,9999.000,9999.000,9999.000,9999.000,9999.000,9999.000,9999.000
202605060512,   3.018,   2.240,9999.000,9999.000,9999.000,9999.000,9999.000,9999.000,9999.000
202605060518,   3.043,   2.269,9999.000,9999.000,9999.000,9999.000,9999.000,9999.000,9999.000
202605060524,   3.065,   2.309,9999.000,9999.000,9999.000,9999.000,9999.000,9999.000,9999.000
202605060530,   3.084,   2.338,9999.000,9999.000,9999.000,9999.000,9999.000,9999.000,9999.000
202605060536,   3.099,   2.358,9999.000,9999.000,9999.000,9999.000,9999.000,9999.000,9999.000
202605060542,   3.110,   2.377,9999.000,9999.000,9999.000,9999.000,9999.000,9999.000,9999.000
202605060548,   3.118,   2.400,9999.000,9999.000,9999.000,9999.000,9999.000,9999.000,9999.000
202605060554,   3.123,   2.410,9999.000,9999.000,9999.000,9999.000,9999.000,9999.000,9999.000
202605060600,   3.124,   2.450,  -0.100,  -0.574,   2.450,  -0.300,   2.250,   0.000,   2.550
202605060606,   3.123,   2.459,9999.000,9999.000,9999.000,9999.000,9999.000,9999.000,9999.000
202605060612,   3.118,   2.469,9999.000,9999.000,9999.000,9999.000,9999.000,9999.000,9999.000
202605060618,   3.111,   2.459,9999.000,9999.000,9999.000,9999.000,9999.000,9999.000,9999.000
202605060624,   3.101,   2.459,9999.000,9999.000,9999.000,9999.000,9999.000,9999.000,9999.000
202605060630,   3.088,   2.459,9999.000,9999.000,9999.000,9999.000,9999.000,9999.000,9999.000
202605060636,   3.073,   2.469,9999.000,9999.000,9999.000,9999.000,9999.000,9999.000,9999.000
202605060642,   3.055,   2.479,9999.000,9999.000,9999.000,9999.000,9999.000,9999.000,9999.000
202605060648,   3.035,   2.459,9999.000,9999.000,9999.000,9999.000,9999.000,9999.000,9999.000
202605060654,   3.013,   2.450,9999.000,9999.000,9999.000,9999.000,9999.000,9999.000,9999.000
202605060700,   2.988,   2.430,  -0.200,  -0.358,   2.430,  -0.300,   2.330,   0.000,   2.630
202605060706,   2.961,   2.420,9999.000,9999.000,9999.000,9999.000,9999.000,9999.000,9999.000
202605060712,   2.932,   2.420,9999.000,9999.000,9999.000,9999.000,9999.000,9999.000,9999.000
202605060718,   2.900,   2.387,9999.000,9999.000,9999.000,9999.000,9999.000,9999.000,9999.000
202605060724,   2.866,   2.368,9999.000,9999.000,9999.000,9999.000,9999.000,9999.000,9999.000
202605060730,   2.830,   2.328,9999.000,9999.000,9999.000,9999.000,9999.000,9999.000,9999.000
202605060736,   2.791,   2.289,9999.000,9999.000,9999.000,9999.000,9999.000,9999.000,9999.000
202605060742,   2.750,   2.250,9999.000,9999.000,9999.000,9999.000,9999.000,9999.000,9999.000
202605060748,   2.706,   2.200,9999.000,9999.000,9999.000,9999.000,9999.000,9999.000,9999.000
202605060754,   2.660,   2.158,9999.000,9999.000,9999.000,9999.000,9999.000,9999.000,9999.000
202605060800,   2.611,   2.099,  -0.200,  -0.312,   2.099,  -0.400,   1.899,   0.000,   2.299
202605060806,   2.560,   2.040,9999.000,9999.000,9999.000,9999.000,9999.000,9999.000,9999.000
202605060812,   2.507,   1.967,9999.000,9999.000,9999.000,9999.000,9999.000,9999.000,9999.000
202605060818,   2.451,   1.918,9999.000,9999.000,9999.000,9999.000,9999.000,9999.000,9999.000
202605060824,   2.393,   1.869,9999.000,9999.000,9999.000,9999.000,9999.000,9999.000,9999.000
202605060830,   2.333,   1.800,9999.000,9999.000,9999.000,9999.000,9999.000,9999.000,9999.000
202605060836,   2.271,   1.758,9999.000,9999.000,9999.000,9999.000,9999.000,9999.000,9999.000
202605060842,   2.207,   1.708,9999.000,9999.000,9999.000,9999.000,9999.000,9999.000,9999.000
202605060848,   2.141,   1.659,9999.000,9999.000,9999.000,9999.000,9999.000,9999.000,9999.000
202605060854,   2.073,   1.610,9999.000,9999.000,9999.000,9999.000,9999.000,9999.000,9999.000
202605060900,   2.005,   1.557,  -0.200,  -0.248,   1.557,  -0.400,   1.357,   0.000,   1.757
202605060906,   1.935,   1.508,9999.000,9999.000,9999.000,9999.000,9999.000,9999.000,9999.000
202605060912,   1.864,   1.459,9999.000,9999.000,9999.000,9999.000,9999.000,9999.000,9999.000
202605060918,   1.793,   1.420,9999.000,9999.000,9999.000,9999.000,9999.000,9999.000,9999.000
202605060924,   1.721,   1.400,9999.000,9999.000,9999.000,9999.000,9999.000,9999.000,9999.000
202605060930,   1.649,   1.348,9999.000,9999.000,9999.000,9999.000,9999.000,9999.000,9999.000
202605060936,   1.577,   1.289,9999.000,9999.000,9999.000,9999.000,9999.000,9999.000,9999.000
202605060942,   1.506,   1.229,9999.000,9999.000,9999.000,9999.000,9999.000,9999.000,9999.000
202605060948,   1.434,   1.190,9999.000,9999.000,9999.000,9999.000,9999.000,9999.000,9999.000
202605060954,   1.364,   1.151,9999.000,9999.000,9999.000,9999.000,9999.000,9999.000,9999.000
202605061000,   1.295,   1.128,  -0.200,   0.033,   1.128,  -0.400,   0.928,  -0.100,   1.228
202605061006,   1.226,   1.088,9999.000,9999.000,9999.000,9999.000,9999.000,9999.000,9999.000
202605061012,   1.159,   1.039,9999.000,9999.000,9999.000,9999.000,9999.000,9999.000,9999.000
202605061018,   1.093,   0.980,9999.000,9999.000,9999.000,9999.000,9999.000,9999.000,9999.000
202605061024,   1.029,   0.961,9999.000,9999.000,9999.000,9999.000,9999.000,9999.000,9999.000
202605061030,   0.967,   0.928,9999.000,9999.000,9999.000,9999.000,9999.000,9999.000,9999.000
202605061036,   0.907,   0.888,9999.000,9999.000,9999.000,9999.000,9999.000,9999.000,9999.000
202605061042,   0.848,   0.839,9999.000,9999.000,9999.000,9999.000,9999.000,9999.000,9999.000
202605061048,   0.791,   0.790,9999.000,9999.000,9999.000,9999.000,9999.000,9999.000,9999.000
202605061054,   0.737,   0.731,9999.000,9999.000,9999.000,9999.000,9999.000,9999.000,9999.000
202605061100,   0.684,   0.688,  -0.200,   0.204,   0.688,  -0.400,   0.488,  -0.100,   0.788
202605061106,   0.634,   0.639,9999.000,9999.000,9999.000,9999.000,9999.000,9999.000,9999.000
202605061112,   0.587,   0.551,9999.000,9999.000,9999.000,9999.000,9999.000,9999.000,9999.000
202605061118,   0.541,   0.541,9999.000,9999.000,9999.000,9999.000,9999.000,9999.000,9999.000
202605061124,   0.499,   0.488,9999.000,9999.000,9999.000,9999.000,9999.000,9999.000,9999.000
202605061130,   0.458,   0.409,9999.000,9999.000,9999.000,9999.000,9999.000,9999.000,9999.000
202605061136,   0.420,   0.360,9999.000,9999.000,9999.000,9999.000,9999.000,9999.000,9999.000
202605061142,   0.385,   0.331,9999.000,9999.000,9999.000,9999.000,9999.000,9999.000,9999.000
202605061148,   0.353,   0.308,9999.000,9999.000,9999.000,9999.000,9999.000,9999.000,9999.000
202605061154,   0.324,   0.288,9999.000,9999.000,9999.000,9999.000,9999.000,9999.000,9999.000
202605061200,   0.297,   0.268,  -0.100,   0.071,   0.268,  -0.300,   0.068,   0.000,   0.368
202605061206,   0.273,   0.259,9999.000,9999.000,9999.000,9999.000,9999.000,9999.000,9999.000
202605061212,   0.252,   0.209,9999.000,9999.000,9999.000,9999.000,9999.000,9999.000,9999.000
202605061218,   0.235,   0.200,9999.000,9999.000,9999.000,9999.000,9999.000,9999.000,9999.000
202605061224,   0.220,   0.170,9999.000,9999.000,9999.000,9999.000,9999.000,9999.000,9999.000
202605061230,   0.208,   0.190,9999.000,9999.000,9999.000,9999.000,9999.000,9999.000,9999.000
202605061236,   0.199,   0.200,9999.000,9999.000,9999.000,9999.000,9999.000,9999.000,9999.000
202605061242,   0.194,   0.170,9999.000,9999.000,9999.000,9999.000,9999.000,9999.000,9999.000
202605061248,   0.191,   0.200,9999.000,9999.000,9999.000,9999.000,9999.000,9999.000,9999.000
202605061254,   0.192,   0.219,9999.000,9999.000,9999.000,9999.000,9999.000,9999.000,9999.000
202605061300,   0.195,   0.219,  -0.100,   0.124,   0.219,  -0.300,   0.019,   0.000,   0.319
202605061306,   0.201,   0.249,9999.000,9999.000,9999.000,9999.000,9999.000,9999.000,9999.000
202605061312,   0.210,   0.259,9999.000,9999.000,9999.000,9999.000,9999.000,9999.000,9999.000
202605061318,   0.222,   0.249,9999.000,9999.000,9999.000,9999.000,9999.000,9999.000,9999.000
202605061324,   0.237,   0.321,9999.000,9999.000,9999.000,9999.000,9999.000,9999.000,9999.000
202605061330,   0.254,   0.331,9999.000,9999.000,9999.000,9999.000,9999.000,9999.000,9999.000
202605061336,   0.273,   0.341,9999.000,9999.000,9999.000,9999.000,9999.000,9999.000,9999.000
202605061342,   0.295,   0.350,9999.000,9999.000,9999.000,9999.000,9999.000,9999.000,9999.000
202605061348,   0.319,   0.390,9999.000,9999.000,9999.000,9999.000,9999.000,9999.000,9999.000
202605061354,   0.345,   0.409,9999.000,9999.000,9999.000,9999.000,9999.000,9999.000,9999.000
202605061400,   0.374,   0.439,  -0.100,   0.165,   0.439,  -0.300,   0.239,   0.000,   0.539
202605061406,   0.404,   0.439,9999.000,9999.000,9999.000,9999.000,9999.000,9999.000,9999.000
202605061412,   0.436,   0.469,9999.000,9999.000,9999.000,9999.000,9999.000,9999.000,9999.000
202605061418,   0.470,   0.488,9999.000,9999.000,9999.000,9999.000,9999.000,9999.000,9999.000
202605061424,   0.506,   0.498,9999.000,9999.000,9999.000,9999.000,9999.000,9999.000,9999.000
202605061430,   0.543,   0.531,9999.000,9999.000,9999.000,9999.000,9999.000,9999.000,9999.000
202605061436,   0.582,   0.590,9999.000,9999.000,9999.000,9999.000,9999.000,9999.000,9999.000
202605061442,   0.623,   0.629,9999.000,9999.000,9999.000,9999.000,9999.000,9999.000,9999.000
202605061448,   0.665,   0.639,9999.000,9999.000,9999.000,9999.000,9999.000,9999.000,9999.000
202605061454,   0.709,   0.659,9999.000,9999.000,9999.000,9999.000,9999.000,9999.000,9999.000
202605061500,   0.754,   0.688,  -0.100,   0.034,   0.688,  -0.300,   0.488,   0.000,   0.788
202605061506,   0.800,   0.741,9999.000,9999.000,9999.000,9999.000,9999.000,9999.000,9999.000
202605061512,   0.848,   0.770,9999.000,9999.000,9999.000,9999.000,9999.000,9999.000,9999.000
202605061518,   0.898,   0.780,9999.000,9999.000,9999.000,9999.000,9999.000,9999.000,9999.000
202605061524,   0.948,   0.790,9999.000,9999.000,9999.000,9999.000,9999.000,9999.000,9999.000
202605061530,   1.000,   0.869,9999.000,9999.000,9999.000,9999.000,9999.000,9999.000,9999.000
202605061536,   1.053,   0.908,9999.000,9999.000,9999.000,9999.000,9999.000,9999.000,9999.000
202605061542,   1.107,   0.961,9999.000,9999.000,9999.000,9999.000,9999.000,9999.000,9999.000
202605061548,   1.161,   1.010,9999.000,9999.000,9999.000,9999.000,9999.000,9999.000,9999.000
202605061554,   1.217,   1.059,9999.000,9999.000,9999.000,9999.000,9999.000,9999.000,9999.000
202605061600,   1.273,   1.108,  -0.100,  -0.065,   1.108,  -0.200,   1.008,   0.000,   1.208
202605061606,   1.329,   1.138,9999.000,9999.000,9999.000,9999.000,9999.000,9999.000,9999.000
202605061612,   1.386,   1.180,9999.000,9999.000,9999.000,9999.000,9999.000,9999.000,9999.000
202605061618,   1.443,   1.220,9999.000,9999.000,9999.000,9999.000,9999.000,9999.000,9999.000
202605061624,   1.499,   1.289,9999.000,9999.000,9999.000,9999.000,9999.000,9999.000,9999.000
202605061630,   1.555,   1.338,9999.000,9999.000,9999.000,9999.000,9999.000,9999.000,9999.000
202605061636,   1.609,   1.371,9999.000,9999.000,9999.000,9999.000,9999.000,9999.000,9999.000
202605061642,   1.663,   1.420,9999.000,9999.000,9999.000,9999.000,9999.000,9999.000,9999.000
202605061648,   1.716,   1.489,9999.000,9999.000,9999.000,9999.000,9999.000,9999.000,9999.000
202605061654,   1.767,   1.538,9999.000,9999.000,9999.000,9999.000,9999.000,9999.000,9999.000
202605061700,   1.817,   1.590,  -0.100,  -0.127,   1.590,  -0.200,   1.490,   0.000,   1.690
202605061706,   1.864,   1.620,9999.000,9999.000,9999.000,9999.000,9999.000,9999.000,9999.000
202605061712,   1.910,   1.669,9999.000,9999.000,9999.000,9999.000,9999.000,9999.000,9999.000
202605061718,   1.953,   1.738,9999.000,9999.000,9999.000,9999.000,9999.000,9999.000,9999.000
202605061724,   1.993,   1.758,9999.000,9999.000,9999.000,9999.000,9999.000,9999.000,9999.000
202605061730,   2.031,   1.781,9999.000,9999.000,9999.000,9999.000,9999.000,9999.000,9999.000
202605061736,   2.067,   1.830,9999.000,9999.000,9999.000,9999.000,9999.000,9999.000,9999.000
202605061742,   2.100,   1.879,9999.000,9999.000,9999.000,9999.000,9999.000,9999.000,9999.000
202605061748,   2.130,   1.928,9999.000,9999.000,9999.000,9999.000,9999.000,9999.000,9999.000
202605061754,   2.157,   1.948,9999.000,9999.000,9999.000,9999.000,9999.000,9999.000,9999.000
202605061800,   2.182,   1.967,  -0.100,  -0.115,   1.967,  -0.200,   1.867,   0.000,   2.067
202605061806,   2.204,   2.000,9999.000,9999.000,9999.000,9999.000,9999.000,9999.000,9999.000
202605061812,   2.223,   2.040,9999.000,9999.000,9999.000,9999.000,9999.000,9999.000,9999.000
202605061818,   2.240,   2.069,9999.000,9999.000,9999.000,9999.000,9999.000,9999.000,9999.000
202605061824,   2.255,   2.089,9999.000,9999.000,9999.000,9999.000,9999.000,9999.000,9999.000
202605061830,   2.267,   2.118,9999.000,9999.000,9999.000,9999.000,9999.000,9999.000,9999.000
202605061836,   2.277,   2.128,9999.000,9999.000,9999.000,9999.000,9999.000,9999.000,9999.000
202605061842,   2.284,   2.148,9999.000,9999.000,9999.000,9999.000,9999.000,9999.000,9999.000
202605061848,   2.290,   2.200,9999.000,9999.000,9999.000,9999.000,9999.000,9999.000,9999.000
202605061854,   2.294,   2.230,9999.000,9999.000,9999.000,9999.000,9999.000,9999.000,9999.000
202605061900,   2.296,   2.220,  -0.100,   0.024,   2.220,  -0.200,   2.120,   0.000,   2.320
202605061906,   2.296,   2.230,9999.000,9999.000,9999.000,9999.000,9999.000,9999.000,9999.000
202605061912,   2.294,   2.250,9999.000,9999.000,9999.000,9999.000,9999.000,9999.000,9999.000
202605061918,   2.290,   2.289,9999.000,9999.000,9999.000,9999.000,9999.000,9999.000,9999.000
202605061924,   2.285,   2.299,9999.000,9999.000,9999.000,9999.000,9999.000,9999.000,9999.000
202605061930,   2.277,   2.289,9999.000,9999.000,9999.000,9999.000,9999.000,9999.000,9999.000
202605061936,   2.268,   2.289,9999.000,9999.000,9999.000,9999.000,9999.000,9999.000,9999.000
202605061942,   2.257,   2.289,9999.000,9999.000,9999.000,9999.000,9999.000,9999.000,9999.000
202605061948,   2.245,   2.289,9999.000,9999.000,9999.000,9999.000,9999.000,9999.000,9999.000
202605061954,   2.230,   2.299,9999.000,9999.000,9999.000,9999.000,9999.000,9999.000,9999.000
202605062000,   2.213,   2.279,   0.000,   0.066,   2.279,  -0.100,   2.179,   0.000,   2.279
202605062006,   2.194,   2.250,9999.000,9999.000,9999.000,9999.000,9999.000,9999.000,9999.000
202605062012,   2.173,   2.230,9999.000,9999.000,9999.000,9999.000,9999.000,9999.000,9999.000
202605062018,   2.150,   2.210,9999.000,9999.000,9999.000,9999.000,9999.000,9999.000,9999.000
202605062024,   2.124,   2.210,9999.000,9999.000,9999.000,9999.000,9999.000,9999.000,9999.000
202605062030,   2.097,   2.177,9999.000,9999.000,9999.000,9999.000,9999.000,9999.000,9999.000
202605062036,   2.067,   2.158,9999.000,9999.000,9999.000,9999.000,9999.000,9999.000,9999.000
202605062042,   2.035,   2.128,9999.000,9999.000,9999.000,9999.000,9999.000,9999.000,9999.000
202605062048,   2.001,   2.089,9999.000,9999.000,9999.000,9999.000,9999.000,9999.000,9999.000
202605062054,   1.964,   2.089,9999.000,9999.000,9999.000,9999.000,9999.000,9999.000,9999.000
202605062100,   1.926,   2.069,   0.000,   0.143,   2.069,  -0.100,   1.969,   0.000,   2.069
202605062106,   1.886,   2.040,9999.000,9999.000,9999.000,9999.000,9999.000,9999.000,9999.000
202605062112,   1.844,   1.990,9999.000,9999.000,9999.000,9999.000,9999.000,9999.000,9999.000
202605062118,   1.801,   1.948,9999.000,9999.000,9999.000,9999.000,9999.000,9999.000,9999.000
202605062124,   1.756,   1.908,9999.000,9999.000,9999.000,9999.000,9999.000,9999.000,9999.000
202605062130,   1.710,   1.859,9999.000,9999.000,9999.000,9999.000,9999.000,9999.000,9999.000
202605062136,   1.663,   1.840,9999.000,9999.000,9999.000,9999.000,9999.000,9999.000,9999.000
202605062142,   1.615,   1.810,9999.000,9999.000,9999.000,9999.000,9999.000,9999.000,9999.000
202605062148,   1.567,   1.758,9999.000,9999.000,9999.000,9999.000,9999.000,9999.000,9999.000
202605062154,   1.518,   1.718,9999.000,9999.000,9999.000,9999.000,9999.000,9999.000,9999.000
202605062200,   1.469,   1.679,   0.000,   0.210,   1.679,  -0.100,   1.579,   0.000,   1.679
202605062206,   1.421,   1.630,9999.000,9999.000,9999.000,9999.000,9999.000,9999.000,9999.000
202605062212,   1.372,   1.610,9999.000,9999.000,9999.000,9999.000,9999.000,9999.000,9999.000
202605062218,   1.325,   1.571,9999.000,9999.000,9999.000,9999.000,9999.000,9999.000,9999.000
202605062224,   1.278,   1.518,9999.000,9999.000,9999.000,9999.000,9999.000,9999.000,9999.000
202605062230,   1.231,   1.479,9999.000,9999.000,9999.000,9999.000,9999.000,9999.000,9999.000
202605062236,   1.186,   1.459,9999.000,9999.000,9999.000,9999.000,9999.000,9999.000,9999.000
202605062242,   1.143,   1.420,9999.000,9999.000,9999.000,9999.000,9999.000,9999.000,9999.000
202605062248,   1.100,   1.400,9999.000,9999.000,9999.000,9999.000,9999.000,9999.000,9999.000
202605062254,   1.059,   1.380,9999.000,9999.000,9999.000,9999.000,9999.000,9999.000,9999.000
202605062300,   1.020,   1.318,   0.000,   0.298,   1.318,   0.000,   1.318,   0.100,   1.418
202605062306,   0.982,   1.318,9999.000,9999.000,9999.000,9999.000,9999.000,9999.000,9999.000
202605062312,   0.946,   1.298,9999.000,9999.000,9999.000,9999.000,9999.000,9999.000,9999.000
202605062318,   0.913,   1.259,9999.000,9999.000,9999.000,9999.000,9999.000,9999.000,9999.000
202605062324,   0.881,   1.249,9999.000,9999.000,9999.000,9999.000,9999.000,9999.000,9999.000
202605062330,   0.851,   1.200,9999.000,9999.000,9999.000,9999.000,9999.000,9999.000,9999.000
202605062336,   0.823,   1.190,9999.000,9999.000,9999.000,9999.000,9999.000,9999.000,9999.000
202605062342,   0.797,   1.170,9999.000,9999.000,9999.000,9999.000,9999.000,9999.000,9999.000
202605062348,   0.774,   1.161,9999.000,9999.000,9999.000,9999.000,9999.000,9999.000,9999.000
202605062354,   0.753,   1.151,9999.000,9999.000,9999.000,9999.000,9999.000,9999.000,9999.000
202605070000,   0.734,   1.108,   0.000,   0.374,   1.108,   0.000,   1.108,   0.100,   1.208
202605070006,   0.718,   1.128,9999.000,9999.000,9999.000,9999.000,9999.000,9999.000,9999.000
202605070012,   0.705,   1.128,9999.000,9999.000,9999.000,9999.000,9999.000,9999.000,9999.000
202605070018,   0.694,   1.118,9999.000,9999.000,9999.000,9999.000,9999.000,9999.000,9999.000
202605070024,   0.685,   1.128,9999.000,9999.000,9999.000,9999.000,9999.000,9999.000,9999.000
202605070030,   0.680,   1.128,9999.000,9999.000,9999.000,9999.000,9999.000,9999.000,9999.000
202605070036,   0.677,   1.151,9999.000,9999.000,9999.000,9999.000,9999.000,9999.000,9999.000
202605070042,   0.677,   1.161,9999.000,9999.000,9999.000,9999.000,9999.000,9999.000,9999.000
202605070048,   0.680,   1.180,9999.000,9999.000,9999.000,9999.000,9999.000,9999.000,9999.000
202605070054,   0.685,   1.180,9999.000,9999.000,9999.000,9999.000,9999.000,9999.000,9999.000
202605070100,   0.694,   1.180,   0.000,   0.486,   1.180,   0.000,   1.180,   0.100,   1.280
202605070106,   0.705,   1.151,9999.000,9999.000,9999.000,9999.000,9999.000,9999.000,9999.000
202605070112,   0.719,   1.151,9999.000,9999.000,9999.000,9999.000,9999.000,9999.000,9999.000
202605070118,   0.736,   1.151,9999.000,9999.000,9999.000,9999.000,9999.000,9999.000,9999.000
202605070124,   0.756,   1.151,9999.000,9999.000,9999.000,9999.000,9999.000,9999.000,9999.000
202605070130,   0.778,   1.161,9999.000,9999.000,9999.000,9999.000,9999.000,9999.000,9999.000
202605070136,   0.803,   1.138,9999.000,9999.000,9999.000,9999.000,9999.000,9999.000,9999.000
202605070142,   0.830,   1.118,9999.000,9999.000,9999.000,9999.000,9999.000,9999.000,9999.000
202605070148,   0.860,   1.108,9999.000,9999.000,9999.000,9999.000,9999.000,9999.000,9999.000
202605070154,   0.892,   1.118,9999.000,9999.000,9999.000,9999.000,9999.000,9999.000,9999.000
202605070200,   0.926,   1.138,   0.000,   0.212,   1.138,   0.000,   1.138,   0.100,   1.238
202605070206,   0.963,   1.170,9999.000,9999.000,9999.000,9999.000,9999.000,9999.000,9999.000
202605070212,   1.001,   1.200,9999.000,9999.000,9999.000,9999.000,9999.000,9999.000,9999.000
202605070218,   1.041,   1.190,9999.000,9999.000,9999.000,9999.000,9999.000,9999.000,9999.000
202605070224,   1.083,   1.200,9999.000,9999.000,9999.000,9999.000,9999.000,9999.000,9999.000
202605070230,   1.127,   1.229,9999.000,9999.000,9999.000,9999.000,9999.000,9999.000,9999.000
202605070236,   1.172,   1.259,9999.000,9999.000,9999.000,9999.000,9999.000,9999.000,9999.000
202605070242,   1.218,   1.279,9999.000,9999.000,9999.000,9999.000,9999.000,9999.000,9999.000
202605070248,   1.266,   1.298,9999.000,9999.000,9999.000,9999.000,9999.000,9999.000,9999.000
202605070254,   1.315,   1.318,9999.000,9999.000,9999.000,9999.000,9999.000,9999.000,9999.000
202605070300,   1.365,   1.338,   0.100,  -0.127,   1.338,   0.000,   1.238,   0.100,   1.338
202605070306,   1.416,   1.371,9999.000,9999.000,9999.000,9999.000,9999.000,9999.000,9999.000
202605070312,   1.469,   1.400,9999.000,9999.000,9999.000,9999.000,9999.000,9999.000,9999.000
202605070318,   1.522,   1.439,9999.000,9999.000,9999.000,9999.000,9999.000,9999.000,9999.000
202605070324,   1.577,   1.469,9999.000,9999.000,9999.000,9999.000,9999.000,9999.000,9999.000
202605070330,   1.632,   1.498,9999.000,9999.000,9999.000,9999.000,9999.000,9999.000,9999.000
202605070336,   1.688,   1.538,9999.000,9999.000,9999.000,9999.000,9999.000,9999.000,9999.000
202605070342,   1.745,   1.600,9999.000,9999.000,9999.000,9999.000,9999.000,9999.000,9999.000
202605070348,   1.802,   1.659,9999.000,9999.000,9999.000,9999.000,9999.000,9999.000,9999.000
202605070354,   1.860,   1.689,9999.000,9999.000,9999.000,9999.000,9999.000,9999.000,9999.000
202605070400,   1.919,   1.718,   0.100,  -0.301,   1.718,   0.000,   1.618,   0.100,   1.718
202605070406,   1.978,   1.758,9999.000,9999.000,9999.000,9999.000,9999.000,9999.000,9999.000
202605070412,   2.037,   1.820,9999.000,9999.000,9999.000,9999.000,9999.000,9999.000,9999.000
202605070418,   2.096,   1.859,9999.000,9999.000,9999.000,9999.000,9999.000,9999.000,9999.000
202605070424,   2.156,   1.889,9999.000,9999.000,9999.000,9999.000,9999.000,9999.000,9999.000
202605070430,   2.214,   1.958,9999.000,9999.000,9999.000,9999.000,9999.000,9999.000,9999.000
202605070436,   2.273,   2.020,9999.000,9999.000,9999.000,9999.000,9999.000,9999.000,9999.000
202605070442,   2.330,   2.059,9999.000,9999.000,9999.000,9999.000,9999.000,9999.000,9999.000
202605070448,   2.387,   2.099,9999.000,9999.000,9999.000,9999.000,9999.000,9999.000,9999.000
202605070454,   2.442,   2.148,9999.000,9999.000,9999.000,9999.000,9999.000,9999.000,9999.000
202605070500,   2.496,   2.200,   0.100,  -0.396,   2.200,   0.000,   2.100,   0.100,   2.200
202605070506,   2.549,   2.250,9999.000,9999.000,9999.000,9999.000,9999.000,9999.000,9999.000
202605070512,   2.599,   2.299,9999.000,9999.000,9999.000,9999.000,9999.000,9999.000,9999.000
202605070518,   2.647,   2.368,9999.000,9999.000,9999.000,9999.000,9999.000,9999.000,9999.000
202605070524,   2.693,   2.410,9999.000,9999.000,9999.000,9999.000,9999.000,9999.000,9999.000
202605070530,   2.736,   2.430,9999.000,9999.000,9999.000,9999.000,9999.000,9999.000,9999.000
202605070536,   2.776,   2.440,9999.000,9999.000,9999.000,9999.000,9999.000,9999.000,9999.000
202605070542,   2.813,   2.479,9999.000,9999.000,9999.000,9999.000,9999.000,9999.000,9999.000
202605070548,   2.847,   2.528,9999.000,9999.000,9999.000,9999.000,9999.000,9999.000,9999.000
202605070554,   2.878,   2.568,9999.000,9999.000,9999.000,9999.000,9999.000,9999.000,9999.000
202605070600,   2.906,   2.587,   0.100,  -0.419,   2.587,   0.000,   2.487,   0.200,   2.687
202605070606,   2.930,   2.597,9999.000,9999.000,9999.000,9999.000,9999.000,9999.000,9999.000
202605070612,   2.950,   2.630,9999.000,9999.000,9999.000,9999.000,9999.000,9999.000,9999.000
202605070618,   2.968,   2.679,9999.000,9999.000,9999.000,9999.000,9999.000,9999.000,9999.000
202605070624,   2.982,   2.719,9999.000,9999.000,9999.000,9999.000,9999.000,9999.000,9999.000
202605070630,   2.992,   2.738,9999.000,9999.000,9999.000,9999.000,9999.000,9999.000,9999.000
202605070636,   2.999,   2.758,9999.000,9999.000,9999.000,9999.000,9999.000,9999.000,9999.000
202605070642,   3.004,   2.768,9999.000,9999.000,9999.000,9999.000,9999.000,9999.000,9999.000
202605070648,   3.005,   2.787,9999.000,9999.000,9999.000,9999.000,9999.000,9999.000,9999.000
202605070654,   3.003,   2.820,9999.000,9999.000,9999.000,9999.000,9999.000,9999.000,9999.000
202605070700,   2.998,   2.820,   0.100,  -0.278,   2.820,   0.000,   2.720,   0.200,   2.920
202605070706,   2.991,   2.807,9999.000,9999.000,9999.000,9999.000,9999.000,9999.000,9999.000
202605070712,   2.981,   2.787,9999.000,9999.000,9999.000,9999.000,9999.000,9999.000,9999.000
202605070718,   2.969,   2.797,9999.000,9999.000,9999.000,9999.000,9999.000,9999.000,9999.000
202605070724,   2.954,   2.830,9999.000,9999.000,9999.000,9999.000,9999.000,9999.000,9999.000
202605070730,   2.937,   2.840,9999.000,9999.000,9999.000,9999.000,9999.000,9999.000,9999.000
202605070736,   2.918,   2.840,9999.000,9999.000,9999.000,9999.000,9999.000,9999.000,9999.000
202605070742,   2.896,   2.820,9999.000,9999.000,9999.000,9999.000,9999.000,9999.000,9999.000
202605070748,   2.873,   2.820,9999.000,9999.000,9999.000,9999.000,9999.000,9999.000,9999.000
202605070754,   2.847,   2.807,9999.000,9999.000,9999.000,9999.000,9999.000,9999.000,9999.000
202605070800,   2.819,   2.797,   0.100,  -0.122,   2.797,   0.000,   2.697,   0.200,   2.897
202605070806,   2.789,   2.820,9999.000,9999.000,9999.000,9999.000,9999.000,9999.000,9999.000
202605070812,   2.757,   2.820,9999.000,9999.000,9999.000,9999.000,9999.000,9999.000,9999.000
202605070818,   2.723,   2.768,9999.000,9999.000,9999.000,9999.000,9999.000,9999.000,9999.000
202605070824,   2.686,   2.699,9999.000,9999.000,9999.000,9999.000,9999.000,9999.000,9999.000
202605070830,   2.647,   2.660,9999.000,9999.000,9999.000,9999.000,9999.000,9999.000,9999.000
202605070836,   2.606,   2.630,9999.000,9999.000,9999.000,9999.000,9999.000,9999.000,9999.000
202605070842,   2.563,   2.578,9999.000,9999.000,9999.000,9999.000,9999.000,9999.000,9999.000
202605070848,   2.517,   2.509,9999.000,9999.000,9999.000,9999.000,9999.000,9999.000,9999.000
202605070854,   2.469,   2.459,9999.000,9999.000,9999.000,9999.000,9999.000,9999.000,9999.000
202605070900,   2.419,   2.420,   0.100,  -0.099,   2.420,   0.000,   2.320,   0.300,   2.620
202605070906,   2.366,   2.368,9999.000,9999.000,9999.000,9999.000,9999.000,9999.000,9999.000
202605070912,   2.312,   2.299,9999.000,9999.000,9999.000,9999.000,9999.000,9999.000,9999.000
202605070918,   2.255,   2.269,9999.000,9999.000,9999.000,9999.000,9999.000,9999.000,9999.000
202605070924,   2.196,   2.220,9999.000,9999.000,9999.000,9999.000,9999.000,9999.000,9999.000
202605070930,   2.136,   2.177,9999.000,9999.000,9999.000,9999.000,9999.000,9999.000,9999.000
202605070936,   2.073,   2.109,9999.000,9999.000,9999.000,9999.000,9999.000,9999.000,9999.000
202605070942,   2.009,   2.020,9999.000,9999.000,9999.000,9999.000,9999.000,9999.000,9999.000
202605070948,   1.944,   2.010,9999.000,9999.000,9999.000,9999.000,9999.000,9999.000,9999.000
202605070954,   1.878,   1.918,9999.000,9999.000,9999.000,9999.000,9999.000,9999.000,9999.000
202605071000,   1.810,   1.849,   0.200,  -0.161,   1.849,   0.000,   1.649,   0.300,   1.949
202605071006,   1.742,   1.800,9999.000,9999.000,9999.000,9999.000,9999.000,9999.000,9999.000
202605071012,   1.674,   1.748,9999.000,9999.000,9999.000,9999.000,9999.000,9999.000,9999.000
202605071018,   1.605,   1.718,9999.000,9999.000,9999.000,9999.000,9999.000,9999.000,9999.000
202605071024,   1.536,   1.659,9999.000,9999.000,9999.000,9999.000,9999.000,9999.000,9999.000
202605071030,   1.468,   1.630,9999.000,9999.000,9999.000,9999.000,9999.000,9999.000,9999.000
202605071036,   1.400,   1.580,9999.000,9999.000,9999.000,9999.000,9999.000,9999.000,9999.000
202605071042,   1.332,   1.538,9999.000,9999.000,9999.000,9999.000,9999.000,9999.000,9999.000
202605071048,   1.266,   1.489,9999.000,9999.000,9999.000,9999.000,9999.000,9999.000,9999.000
202605071054,   1.200,   1.449,9999.000,9999.000,9999.000,9999.000,9999.000,9999.000,9999.000
202605071100,   1.136,   1.430,   0.100,   0.194,   1.430,   0.000,   1.330,   0.200,   1.530
202605071106,   1.073,   1.390,9999.000,9999.000,9999.000,9999.000,9999.000,9999.000,9999.000
202605071112,   1.011,   1.308,9999.000,9999.000,9999.000,9999.000,9999.000,9999.000,9999.000
202605071118,   0.951,   1.239,9999.000,9999.000,9999.000,9999.000,9999.000,9999.000,9999.000
202605071124,   0.893,   1.180,9999.000,9999.000,9999.000,9999.000,9999.000,9999.000,9999.000
202605071130,   0.837,   1.118,9999.000,9999.000,9999.000,9999.000,9999.000,9999.000,9999.000
202605071136,   0.783,   1.039,9999.000,9999.000,9999.000,9999.000,9999.000,9999.000,9999.000
202605071142,   0.730,   0.970,9999.000,9999.000,9999.000,9999.000,9999.000,9999.000,9999.000
202605071148,   0.680,   0.898,9999.000,9999.000,9999.000,9999.000,9999.000,9999.000,9999.000
202605071154,   0.632,   0.849,9999.000,9999.000,9999.000,9999.000,9999.000,9999.000,9999.000
202605071200,   0.586,   0.790,   0.200,   0.004,   0.790,   0.100,   0.690,   0.300,   0.890
202605071206,   0.543,   0.770,9999.000,9999.000,9999.000,9999.000,9999.000,9999.000,9999.000
202605071212,   0.502,   0.718,9999.000,9999.000,9999.000,9999.000,9999.000,9999.000,9999.000
202605071218,   0.464,   0.718,9999.000,9999.000,9999.000,9999.000,9999.000,9999.000,9999.000
202605071224,   0.428,   0.688,9999.000,9999.000,9999.000,9999.000,9999.000,9999.000,9999.000
202605071230,   0.394,   0.629,9999.000,9999.000,9999.000,9999.000,9999.000,9999.000,9999.000
202605071236,   0.363,   0.570,9999.000,9999.000,9999.000,9999.000,9999.000,9999.000,9999.000
202605071242,   0.335,   0.551,9999.000,9999.000,9999.000,9999.000,9999.000,9999.000,9999.000
202605071248,   0.310,   0.551,9999.000,9999.000,9999.000,9999.000,9999.000,9999.000,9999.000
202605071254,   0.288,   0.518,9999.000,9999.000,9999.000,9999.000,9999.000,9999.000,9999.000
202605071300,   0.268,   0.469,   0.200,   0.001,   0.469,   0.200,   0.469,   0.300,   0.569
202605071306,   0.252,   0.469,9999.000,9999.000,9999.000,9999.000,9999.000,9999.000,9999.000
202605071312,   0.238,   0.459,9999.000,9999.000,9999.000,9999.000,9999.000,9999.000,9999.000
202605071318,   0.227,   0.439,9999.000,9999.000,9999.000,9999.000,9999.000,9999.000,9999.000
202605071324,   0.219,   0.459,9999.000,9999.000,9999.000,9999.000,9999.000,9999.000,9999.000
202605071330,   0.215,   0.478,9999.000,9999.000,9999.000,9999.000,9999.000,9999.000,9999.000
202605071336,   0.213,   0.459,9999.000,9999.000,9999.000,9999.000,9999.000,9999.000,9999.000
202605071342,   0.214,   0.459,9999.000,9999.000,9999.000,9999.000,9999.000,9999.000,9999.000
202605071348,   0.218,   0.498,9999.000,9999.000,9999.000,9999.000,9999.000,9999.000,9999.000
202605071354,   0.225,   0.551,9999.000,9999.000,9999.000,9999.000,9999.000,9999.000,9999.000
202605071400,   0.235,   0.580,   0.200,   0.145,   0.580,   0.200,   0.580,   0.300,   0.680
202605071406,   0.248,   0.560,9999.000,9999.000,9999.000,9999.000,9999.000,9999.000,9999.000
202605071412,   0.263,   0.531,9999.000,9999.000,9999.000,9999.000,9999.000,9999.000,9999.000
202605071418,   0.280,   0.580,9999.000,9999.000,9999.000,9999.000,9999.000,9999.000,9999.000
202605071424,   0.301,   0.649,9999.000,9999.000,9999.000,9999.000,9999.000,9999.000,9999.000
202605071430,   0.323,   0.698,9999.000,9999.000,9999.000,9999.000,9999.000,9999.000,9999.000
202605071436,   0.348,   0.688,9999.000,9999.000,9999.000,9999.000,9999.000,9999.000,9999.000
202605071442,   0.374,   0.678,9999.000,9999.000,9999.000,9999.000,9999.000,9999.000,9999.000
202605071448,   0.403,   0.688,9999.000,9999.000,9999.000,9999.000,9999.000,9999.000,9999.000
202605071454,   0.434,   0.718,9999.000,9999.000,9999.000,9999.000,9999.000,9999.000,9999.000
202605071500,   0.466,   0.770,   0.300,   0.004,   0.770,   0.200,   0.670,   0.300,   0.770
202605071506,   0.501,   0.770,9999.000,9999.000,9999.000,9999.000,9999.000,9999.000,9999.000
202605071512,   0.537,   0.770,9999.000,9999.000,9999.000,9999.000,9999.000,9999.000,9999.000
202605071518,   0.575,   0.810,9999.000,9999.000,9999.000,9999.000,9999.000,9999.000,9999.000
202605071524,   0.614,   0.819,9999.000,9999.000,9999.000,9999.000,9999.000,9999.000,9999.000
202605071530,   0.655,   0.800,9999.000,9999.000,9999.000,9999.000,9999.000,9999.000,9999.000
202605071536,   0.697,   0.829,9999.000,9999.000,9999.000,9999.000,9999.000,9999.000,9999.000
202605071542,   0.741,   0.869,9999.000,9999.000,9999.000,9999.000,9999.000,9999.000,9999.000
202605071548,   0.786,   0.908,9999.000,9999.000,9999.000,9999.000,9999.000,9999.000,9999.000
202605071554,   0.833,   0.980,9999.000,9999.000,9999.000,9999.000,9999.000,9999.000,9999.000
202605071600,   0.881,   0.990,   0.300,  -0.191,   0.990,   0.200,   0.890,   0.300,   0.990
202605071606,   0.930,   1.000,9999.000,9999.000,9999.000,9999.000,9999.000,9999.000,9999.000
202605071612,   0.980,   1.029,9999.000,9999.000,9999.000,9999.000,9999.000,9999.000,9999.000
202605071618,   1.032,   1.098,9999.000,9999.000,9999.000,9999.000,9999.000,9999.000,9999.000
202605071624,   1.085,   1.161,9999.000,9999.000,9999.000,9999.000,9999.000,9999.000,9999.000
202605071630,   1.139,   1.200,9999.000,9999.000,9999.000,9999.000,9999.000,9999.000,9999.000
202605071636,   1.193,   1.220,9999.000,9999.000,9999.000,9999.000,9999.000,9999.000,9999.000
202605071642,   1.249,   1.249,9999.000,9999.000,9999.000,9999.000,9999.000,9999.000,9999.000
202605071648,   1.305,   1.318,9999.000,9999.000,9999.000,9999.000,9999.000,9999.000,9999.000
202605071654,   1.361,   1.348,9999.000,9999.000,9999.000,9999.000,9999.000,9999.000,9999.000
202605071700,   1.418,   1.390,   0.300,  -0.328,   1.390,   0.300,   1.390,   0.400,   1.490
202605071706,   1.475,   1.479,9999.000,9999.000,9999.000,9999.000,9999.000,9999.000,9999.000
202605071712,   1.531,   1.528,9999.000,9999.000,9999.000,9999.000,9999.000,9999.000,9999.000
202605071718,   1.587,   1.548,9999.000,9999.000,9999.000,9999.000,9999.000,9999.000,9999.000
202605071724,   1.643,   1.571,9999.000,9999.000,9999.000,9999.000,9999.000,9999.000,9999.000
202605071730,   1.697,   1.639,9999.000,9999.000,9999.000,9999.000,9999.000,9999.000,9999.000
202605071736,   1.750,   1.708,9999.000,9999.000,9999.000,9999.000,9999.000,9999.000,9999.000
202605071742,   1.802,   1.767,9999.000,9999.000,9999.000,9999.000,9999.000,9999.000,9999.000
202605071748,   1.852,   1.790,9999.000,9999.000,9999.000,9999.000,9999.000,9999.000,9999.000
202605071754,   1.901,   1.781,9999.000,9999.000,9999.000,9999.000,9999.000,9999.000,9999.000
202605071800,   1.947,   1.840,   0.400,  -0.507,   1.840,   0.300,   1.740,   0.400,   1.840
202605071806,   1.992,   1.879,9999.000,9999.000,9999.000,9999.000,9999.000,9999.000,9999.000
202605071812,   2.033,   1.948,9999.000,9999.000,9999.000,9999.000,9999.000,9999.000,9999.000
202605071818,   2.073,   1.990,9999.000,9999.000,9999.000,9999.000,9999.000,9999.000,9999.000
202605071824,   2.110,   2.020,9999.000,9999.000,9999.000,9999.000,9999.000,9999.000,9999.000
202605071830,   2.144,   2.049,9999.000,9999.000,9999.000,9999.000,9999.000,9999.000,9999.000
202605071836,   2.175,   2.079,9999.000,9999.000,9999.000,9999.000,9999.000,9999.000,9999.000
202605071842,   2.204,   2.118,9999.000,9999.000,9999.000,9999.000,9999.000,9999.000,9999.000
202605071848,   2.230,   2.168,9999.000,9999.000,9999.000,9999.000,9999.000,9999.000,9999.000
202605071854,   2.254,   2.210,9999.000,9999.000,9999.000,9999.000,9999.000,9999.000,9999.000
202605071900,   2.274,   2.240,   0.400,  -0.434,   2.240,   0.400,   2.240,   0.500,   2.340
202605071906,   2.293,   2.259,9999.000,9999.000,9999.000,9999.000,9999.000,9999.000,9999.000
202605071912,   2.309,   2.289,9999.000,9999.000,9999.000,9999.000,9999.000,9999.000,9999.000
202605071918,   2.322,   2.269,9999.000,9999.000,9999.000,9999.000,9999.000,9999.000,9999.000
202605071924,   2.334,   2.299,9999.000,9999.000,9999.000,9999.000,9999.000,9999.000,9999.000
202605071930,   2.343,   2.348,9999.000,9999.000,9999.000,9999.000,9999.000,9999.000,9999.000
202605071936,   2.350,   2.368,9999.000,9999.000,9999.000,9999.000,9999.000,9999.000,9999.000
202605071942,   2.355,   2.368,9999.000,9999.000,9999.000,9999.000,9999.000,9999.000,9999.000
202605071948,   2.359,   2.358,9999.000,9999.000,9999.000,9999.000,9999.000,9999.000,9999.000
202605071954,   2.360,   2.368,9999.000,9999.000,9999.000,9999.000,9999.000,9999.000,9999.000
202605072000,   2.360,   2.420,   0.500,  -0.440,   2.420,   0.400,   2.320,   0.500,   2.420
202605072006,   2.358,   2.469,9999.000,9999.000,9999.000,9999.000,9999.000,9999.000,9999.000
202605072012,   2.354,   2.440,9999.000,9999.000,9999.000,9999.000,9999.000,9999.000,9999.000
202605072018,   2.348,   2.410,9999.000,9999.000,9999.000,9999.000,9999.000,9999.000,9999.000
202605072024,   2.341,   2.440,9999.000,9999.000,9999.000,9999.000,9999.000,9999.000,9999.000
202605072030,   2.331,   2.509,9999.000,9999.000,9999.000,9999.000,9999.000,9999.000,9999.000
202605072036,   2.320,   2.528,9999.000,9999.000,9999.000,9999.000,9999.000,9999.000,9999.000
202605072042,   2.307,   2.479,9999.000,9999.000,9999.000,9999.000,9999.000,9999.000,9999.000
202605072048,   2.292,   2.450,9999.000,9999.000,9999.000,9999.000,9999.000,9999.000,9999.000
202605072054,   2.275,   2.479,9999.000,9999.000,9999.000,9999.000,9999.000,9999.000,9999.000
202605072100,   2.255,   2.509,   0.500,  -0.246,   2.509,   0.400,   2.409,   0.500,   2.509
202605072106,   2.234,   2.519,9999.000,9999.000,9999.000,9999.000,9999.000,9999.000,9999.000
202605072112,   2.210,   2.469,9999.000,9999.000,9999.000,9999.000,9999.000,9999.000,9999.000
202605072118,   2.184,   2.430,9999.000,9999.000,9999.000,9999.000,9999.000,9999.000,9999.000
202605072124,   2.156,   2.410,9999.000,9999.000,9999.000,9999.000,9999.000,9999.000,9999.000
202605072130,   2.125,   2.430,9999.000,9999.000,9999.000,9999.000,9999.000,9999.000,9999.000
202605072136,   2.092,   2.450,9999.000,9999.000,9999.000,9999.000,9999.000,9999.000,9999.000
202605072142,   2.057,   2.440,9999.000,9999.000,9999.000,9999.000,9999.000,9999.000,9999.000
202605072148,   2.020,   2.387,9999.000,9999.000,9999.000,9999.000,9999.000,9999.000,9999.000
202605072154,   1.981,   2.358,9999.000,9999.000,9999.000,9999.000,9999.000,9999.000,9999.000
202605072200,   1.940,   2.309,   0.500,  -0.131,   2.309,   0.500,   2.309,   0.500,   2.309
202605072206,   1.898,   2.279,9999.000,9999.000,9999.000,9999.000,9999.000,9999.000,9999.000
202605072212,   1.854,   2.240,9999.000,9999.000,9999.000,9999.000,9999.000,9999.000,9999.000
202605072218,   1.808,   2.200,9999.000,9999.000,9999.000,9999.000,9999.000,9999.000,9999.000
202605072224,   1.761,   2.168,9999.000,9999.000,9999.000,9999.000,9999.000,9999.000,9999.000
202605072230,   1.714,   2.089,9999.000,9999.000,9999.000,9999.000,9999.000,9999.000,9999.000
202605072236,   1.665,   2.030,9999.000,9999.000,9999.000,9999.000,9999.000,9999.000,9999.000
202605072242,   1.616,   1.967,9999.000,9999.000,9999.000,9999.000,9999.000,9999.000,9999.000
202605072248,   1.567,   1.928,9999.000,9999.000,9999.000,9999.000,9999.000,9999.000,9999.000
202605072254,   1.517,   1.918,9999.000,9999.000,9999.000,9999.000,9999.000,9999.000,9999.000
202605072300,   1.468,   1.840,   0.500,  -0.128,   1.840,   0.500,   1.840,   0.600,   1.940
202605072306,   1.419,   1.790,9999.000,9999.000,9999.000,9999.000,9999.000,9999.000,9999.000
202605072312,   1.371,   1.758,9999.000,9999.000,9999.000,9999.000,9999.000,9999.000,9999.000
202605072318,   1.323,   1.748,9999.000,9999.000,9999.000,9999.000,9999.000,9999.000,9999.000
202605072324,   1.276,   1.708,9999.000,9999.000,9999.000,9999.000,9999.000,9999.000,9999.000
202605072330,   1.230,   1.639,9999.000,9999.000,9999.000,9999.000,9999.000,9999.000,9999.000
202605072336,   1.186,   1.610,9999.000,9999.000,9999.000,9999.000,9999.000,9999.000,9999.000
202605072342,   1.142,   1.571,9999.000,9999.000,9999.000,9999.000,9999.000,9999.000,9999.000
202605072348,   1.100,   1.600,9999.000,9999.000,9999.000,9999.000,9999.000,9999.000,9999.000
202605072354,   1.060,   1.630,9999.000,9999.000,9999.000,9999.000,9999.000,9999.000,9999.000
202605080000,   1.021,   1.548,   0.500,   0.027,   1.548,   0.400,   1.448,   0.500,   1.548
202605080006,   0.984,   1.479,9999.000,9999.000,9999.000,9999.000,9999.000,9999.000,9999.000
202605080012,   0.949,   1.508,9999.000,9999.000,9999.000,9999.000,9999.000,9999.000,9999.000
202605080018,   0.916,   1.518,9999.000,9999.000,9999.000,9999.000,9999.000,9999.000,9999.000
202605080024,   0.885,   1.479,9999.000,9999.000,9999.000,9999.000,9999.000,9999.000,9999.000
202605080030,   0.855,   1.439,9999.000,9999.000,9999.000,9999.000,9999.000,9999.000,9999.000
202605080036,   0.828,   1.430,9999.000,9999.000,9999.000,9999.000,9999.000,9999.000,9999.000
202605080042,   0.803,   1.420,9999.000,9999.000,9999.000,9999.000,9999.000,9999.000,9999.000
202605080048,   0.781,   1.439,9999.000,9999.000,9999.000,9999.000,9999.000,9999.000,9999.000
202605080054,   0.760,   1.380,9999.000,9999.000,9999.000,9999.000,9999.000,9999.000,9999.000
202605080100,   0.742,   1.338,   0.500,   0.096,   1.338,   0.400,   1.238,   0.600,   1.438
202605080106,   0.727,   1.371,9999.000,9999.000,9999.000,9999.000,9999.000,9999.000,9999.000
202605080112,   0.714,   1.371,9999.000,9999.000,9999.000,9999.000,9999.000,9999.000,9999.000
202605080118,   0.704,   1.298,9999.000,9999.000,9999.000,9999.000,9999.000,9999.000,9999.000
202605080124,   0.696,   1.279,9999.000,9999.000,9999.000,9999.000,9999.000,9999.000,9999.000
202605080130,   0.691,   1.279,9999.000,9999.000,9999.000,9999.000,9999.000,9999.000,9999.000
202605080136,   0.689,   1.279,9999.000,9999.000,9999.000,9999.000,9999.000,9999.000,9999.000
202605080142,   0.689,   1.269,9999.000,9999.000,9999.000,9999.000,9999.000,9999.000,9999.000
202605080148,   0.692,   1.249,9999.000,9999.000,9999.000,9999.000,9999.000,9999.000,9999.000
202605080154,   0.699,   1.210,9999.000,9999.000,9999.000,9999.000,9999.000,9999.000,9999.000
202605080200,   0.708,   1.229,   0.500,   0.021,   1.229,   0.400,   1.129,   0.600,   1.329
202605080206,   0.719,   1.269,9999.000,9999.000,9999.000,9999.000,9999.000,9999.000,9999.000
202605080212,   0.734,   1.239,9999.000,9999.000,9999.000,9999.000,9999.000,9999.000,9999.000
202605080218,   0.751,   1.170,9999.000,9999.000,9999.000,9999.000,9999.000,9999.000,9999.000
202605080224,   0.770,   1.190,9999.000,9999.000,9999.000,9999.000,9999.000,9999.000,9999.000
202605080230,   0.792,   1.210,9999.000,9999.000,9999.000,9999.000,9999.000,9999.000,9999.000
202605080236,   0.817,   1.190,9999.000,9999.000,9999.000,9999.000,9999.000,9999.000,9999.000
202605080242,   0.844,   1.180,9999.000,9999.000,9999.000,9999.000,9999.000,9999.000,9999.000
202605080248,   0.873,   1.190,9999.000,9999.000,9999.000,9999.000,9999.000,9999.000,9999.000
202605080254,   0.905,   1.161,9999.000,9999.000,9999.000,9999.000,9999.000,9999.000,9999.000
202605080300,   0.938,   1.098,   0.500,  -0.340,   1.098,   0.400,   0.998,   0.600,   1.198
202605080306,   0.973,   1.128,9999.000,9999.000,9999.000,9999.000,9999.000,9999.000,9999.000
202605080312,   1.010,   1.210,9999.000,9999.000,9999.000,9999.000,9999.000,9999.000,9999.000
202605080318,   1.049,   1.269,9999.000,9999.000,9999.000,9999.000,9999.000,9999.000,9999.000
202605080324,   1.089,   1.298,9999.000,9999.000,9999.000,9999.000,9999.000,9999.000,9999.000
202605080330,   1.131,   1.259,9999.000,9999.000,9999.000,9999.000,9999.000,9999.000,9999.000
202605080336,   1.174,   1.249,9999.000,9999.000,9999.000,9999.000,9999.000,9999.000,9999.000
202605080342,   1.219,   1.318,9999.000,9999.000,9999.000,9999.000,9999.000,9999.000,9999.000
202605080348,   1.265,   1.439,9999.000,9999.000,9999.000,9999.000,9999.000,9999.000,9999.000
202605080354,   1.312,   1.508,9999.000,9999.000,9999.000,9999.000,9999.000,9999.000,9999.000
202605080400,   1.360,   1.479,   0.500,  -0.381,   1.479,   0.400,   1.379,   0.500,   1.479
202605080406,   1.409,   1.489,9999.000,9999.000,9999.000,9999.000,9999.000,9999.000,9999.000
202605080412,   1.460,   1.498,9999.000,9999.000,9999.000,9999.000,9999.000,9999.000,9999.000
202605080418,   1.511,   1.528,9999.000,9999.000,9999.000,9999.000,9999.000,9999.000,9999.000
202605080424,   1.563,   1.600,9999.000,9999.000,9999.000,9999.000,9999.000,9999.000,9999.000
202605080430,   1.617,   1.649,9999.000,9999.000,9999.000,9999.000,9999.000,9999.000,9999.000
202605080436,   1.671,   1.669,9999.000,9999.000,9999.000,9999.000,9999.000,9999.000,9999.000
202605080442,   1.726,   1.669,9999.000,9999.000,9999.000,9999.000,9999.000,9999.000,9999.000
202605080448,   1.781,   1.689,9999.000,9999.000,9999.000,9999.000,9999.000,9999.000,9999.000
202605080454,   1.837,   1.738,9999.000,9999.000,9999.000,9999.000,9999.000,9999.000,9999.000
202605080500,   1.894,   1.800,   0.500,  -0.594,   1.800,   0.400,   1.700,   0.500,   1.800
202605080506,   1.950,9999.000,9999.000,9999.000,9999.000,9999.000,9999.000,9999.000,9999.000
202605080512,   2.007,9999.000,9999.000,9999.000,9999.000,9999.000,9999.000,9999.000,9999.000
202605080518,   2.064,9999.000,9999.000,9999.000,9999.000,9999.000,9999.000,9999.000,9999.000
202605080524,   2.121,9999.000,9999.000,9999.000,9999.000,9999.000,9999.000,9999.000,9999.000
202605080530,   2.177,9999.000,9999.000,9999.000,9999.000,9999.000,9999.000,9999.000,9999.000
202605080536,   2.232,9999.000,9999.000,9999.000,9999.000,9999.000,9999.000,9999.000,9999.000
202605080542,   2.287,9999.000,9999.000,9999.000,9999.000,9999.000,9999.000,9999.000,9999.000
202605080548,   2.340,9999.000,9999.000,9999.000,9999.000,9999.000,9999.000,9999.000,9999.000
202605080554,   2.392,9999.000,9999.000,9999.000,9999.000,9999.000,9999.000,9999.000,9999.000
202605080600,   2.442,9999.000,   0.500,  -0.560,   2.382,   0.400,   2.282,   0.500,   2.382
202605080606,   2.490,9999.000,9999.000,9999.000,9999.000,9999.000,9999.000,9999.000,9999.000
202605080612,   2.536,9999.000,9999.000,9999.000,9999.000,9999.000,9999.000,9999.000,9999.000
202605080618,   2.580,9999.000,9999.000,9999.000,9999.000,9999.000,9999.000,9999.000,9999.000
202605080624,   2.621,9999.000,9999.000,9999.000,9999.000,9999.000,9999.000,9999.000,9999.000
202605080630,   2.660,9999.000,9999.000,9999.000,9999.000,9999.000,9999.000,9999.000,9999.000
202605080636,   2.695,9999.000,9999.000,9999.000,9999.000,9999.000,9999.000,9999.000,9999.000
202605080642,   2.728,9999.000,9999.000,9999.000,9999.000,9999.000,9999.000,9999.000,9999.000
202605080648,   2.757,9999.000,9999.000,9999.000,9999.000,9999.000,9999.000,9999.000,9999.000
202605080654,   2.783,9999.000,9999.000,9999.000,9999.000,9999.000,9999.000,9999.000,9999.000
202605080700,   2.806,9999.000,   0.500,  -0.526,   2.780,   0.400,   2.680,   0.500,   2.780
202605080706,   2.826,9999.000,9999.000,9999.000,9999.000,9999.000,9999.000,9999.000,9999.000
202605080712,   2.843,9999.000,9999.000,9999.000,9999.000,9999.000,9999.000,9999.000,9999.000
202605080718,   2.856,9999.000,9999.000,9999.000,9999.000,9999.000,9999.000,9999.000,9999.000
202605080724,   2.867,9999.000,9999.000,9999.000,9999.000,9999.000,9999.000,9999.000,9999.000
202605080730,   2.874,9999.000,9999.000,9999.000,9999.000,9999.000,9999.000,9999.000,9999.000
202605080736,   2.878,9999.000,9999.000,9999.000,9999.000,9999.000,9999.000,9999.000,9999.000
202605080742,   2.880,9999.000,9999.000,9999.000,9999.000,9999.000,9999.000,9999.000,9999.000
202605080748,   2.879,9999.000,9999.000,9999.000,9999.000,9999.000,9999.000,9999.000,9999.000
202605080754,   2.875,9999.000,9999.000,9999.000,9999.000,9999.000,9999.000,9999.000,9999.000
202605080800,   2.869,9999.000,   0.500,  -0.492,   2.877,   0.400,   2.777,   0.500,   2.877
202605080806,   2.861,9999.000,9999.000,9999.000,9999.000,9999.000,9999.000,9999.000,9999.000
202605080812,   2.850,9999.000,9999.000,9999.000,9999.000,9999.000,9999.000,9999.000,9999.000
202605080818,   2.837,9999.000,9999.000,9999.000,9999.000,9999.000,9999.000,9999.000,9999.000
202605080824,   2.822,9999.000,9999.000,9999.000,9999.000,9999.000,9999.000,9999.000,9999.000
202605080830,   2.805,9999.000,9999.000,9999.000,9999.000,9999.000,9999.000,9999.000,9999.000
202605080836,   2.786,9999.000,9999.000,9999.000,9999.000,9999.000,9999.000,9999.000,9999.000
202605080842,   2.764,9999.000,9999.000,9999.000,9999.000,9999.000,9999.000,9999.000,9999.000
202605080848,   2.741,9999.000,9999.000,9999.000,9999.000,9999.000,9999.000,9999.000,9999.000
202605080854,   2.715,9999.000,9999.000,9999.000,9999.000,9999.000,9999.000,9999.000,9999.000
202605080900,   2.688,9999.000,   0.500,  -0.458,   2.730,   0.500,   2.730,   0.500,   2.730
202605080906,   2.658,9999.000,9999.000,9999.000,9999.000,9999.000,9999.000,9999.000,9999.000
202605080912,   2.627,9999.000,9999.000,9999.000,9999.000,9999.000,9999.000,9999.000,9999.000
202605080918,   2.593,9999.000,9999.000,9999.000,9999.000,9999.000,9999.000,9999.000,9999.000
202605080924,   2.556,9999.000,9999.000,9999.000,9999.000,9999.000,9999.000,9999.000,9999.000
202605080930,   2.518,9999.000,9999.000,9999.000,9999.000,9999.000,9999.000,9999.000,9999.000
202605080936,   2.477,9999.000,9999.000,9999.000,9999.000,9999.000,9999.000,9999.000,9999.000
202605080942,   2.434,9999.000,9999.000,9999.000,9999.000,9999.000,9999.000,9999.000,9999.000
202605080948,   2.388,9999.000,9999.000,9999.000,9999.000,9999.000,9999.000,9999.000,9999.000
202605080954,   2.341,9999.000,9999.000,9999.000,9999.000,9999.000,9999.000,9999.000,9999.000
202605081000,   2.291,9999.000,   0.500,  -0.424,   2.367,   0.500,   2.367,   0.500,   2.367
202605081006,   2.238,9999.000,9999.000,9999.000,9999.000,9999.000,9999.000,9999.000,9999.000
202605081012,   2.184,9999.000,9999.000,9999.000,9999.000,9999.000,9999.000,9999.000,9999.000
202605081018,   2.128,9999.000,9999.000,9999.000,9999.000,9999.000,9999.000,9999.000,9999.000
202605081024,   2.069,9999.000,9999.000,9999.000,9999.000,9999.000,9999.000,9999.000,9999.000
202605081030,   2.010,9999.000,9999.000,9999.000,9999.000,9999.000,9999.000,9999.000,9999.000
202605081036,   1.948,9999.000,9999.000,9999.000,9999.000,9999.000,9999.000,9999.000,9999.000
202605081042,   1.885,9999.000,9999.000,9999.000,9999.000,9999.000,9999.000,9999.000,9999.000
202605081048,   1.821,9999.000,9999.000,9999.000,9999.000,9999.000,9999.000,9999.000,9999.000
202605081054,   1.756,9999.000,9999.000,9999.000,9999.000,9999.000,9999.000,9999.000,9999.000
202605081100,   1.691,9999.000,   0.500,  -0.390,   1.801,   0.500,   1.801,   0.500,   1.801
202605081106,   1.625,9999.000,9999.000,9999.000,9999.000,9999.000,9999.000,9999.000,9999.000
202605081112,   1.558,9999.000,9999.000,9999.000,9999.000,9999.000,9999.000,9999.000,9999.000
202605081118,   1.492,9999.000,9999.000,9999.000,9999.000,9999.000,9999.000,9999.000,9999.000
202605081124,   1.426,9999.000,9999.000,9999.000,9999.000,9999.000,9999.000,9999.000,9999.000
202605081130,   1.360,9999.000,9999.000,9999.000,9999.000,9999.000,9999.000,9999.000,9999.000
202605081136,   1.295,9999.000,9999.000,9999.000,9999.000,9999.000,9999.000,9999.000,9999.000
202605081142,   1.231,9999.000,9999.000,9999.000,9999.000,9999.000,9999.000,9999.000,9999.000
202605081148,   1.168,9999.000,9999.000,9999.000,9999.000,9999.000,9999.000,9999.000,9999.000
202605081154,   1.106,9999.000,9999.000,9999.000,9999.000,9999.000,9999.000,9999.000,9999.000
202605081200,   1.045,9999.000,   0.500,  -0.356,   1.189,   0.500,   1.189,   0.600,   1.289
202605081206,   0.985,9999.000,9999.000,9999.000,9999.000,9999.000,9999.000,9999.000,9999.000
202605081212,   0.927,9999.000,9999.000,9999.000,9999.000,9999.000,9999.000,9999.000,9999.000
202605081218,   0.871,9999.000,9999.000,9999.000,9999.000,9999.000,9999.000,9999.000,9999.000
202605081224,   0.817,9999.000,9999.000,9999.000,9999.000,9999.000,9999.000,9999.000,9999.000
202605081230,   0.764,9999.000,9999.000,9999.000,9999.000,9999.000,9999.000,9999.000,9999.000
202605081236,   0.714,9999.000,9999.000,9999.000,9999.000,9999.000,9999.000,9999.000,9999.000
202605081242,   0.665,9999.000,9999.000,9999.000,9999.000,9999.000,9999.000,9999.000,9999.000
202605081248,   0.619,9999.000,9999.000,9999.000,9999.000,9999.000,9999.000,9999.000,9999.000
202605081254,   0.574,9999.000,9999.000,9999.000,9999.000,9999.000,9999.000,9999.000,9999.000
202605081300,   0.532,9999.000,   0.500,  -0.322,   0.710,   0.500,   0.710,   0.600,   0.810
202605081306,   0.493,9999.000,9999.000,9999.000,9999.000,9999.000,9999.000,9999.000,9999.000
202605081312,   0.456,9999.000,9999.000,9999.000,9999.000,9999.000,9999.000,9999.000,9999.000
202605081318,   0.421,9999.000,9999.000,9999.000,9999.000,9999.000,9999.000,9999.000,9999.000
202605081324,   0.389,9999.000,9999.000,9999.000,9999.000,9999.000,9999.000,9999.000,9999.000
202605081330,   0.359,9999.000,9999.000,9999.000,9999.000,9999.000,9999.000,9999.000,9999.000
202605081336,   0.332,9999.000,9999.000,9999.000,9999.000,9999.000,9999.000,9999.000,9999.000
202605081342,   0.308,9999.000,9999.000,9999.000,9999.000,9999.000,9999.000,9999.000,9999.000
202605081348,   0.287,9999.000,9999.000,9999.000,9999.000,9999.000,9999.000,9999.000,9999.000
202605081354,   0.268,9999.000,9999.000,9999.000,9999.000,9999.000,9999.000,9999.000,9999.000
202605081400,   0.253,9999.000,   0.500,  -0.289,   0.464,   0.500,   0.464,   0.600,   0.564
202605081406,   0.240,9999.000,9999.000,9999.000,9999.000,9999.000,9999.000,9999.000,9999.000
202605081412,   0.231,9999.000,9999.000,9999.000,9999.000,9999.000,9999.000,9999.000,9999.000
202605081418,   0.224,9999.000,9999.000,9999.000,9999.000,9999.000,9999.000,9999.000,9999.000
202605081424,   0.221,9999.000,9999.000,9999.000,9999.000,9999.000,9999.000,9999.000,9999.000
202605081430,   0.220,9999.000,9999.000,9999.000,9999.000,9999.000,9999.000,9999.000,9999.000
202605081436,   0.223,9999.000,9999.000,9999.000,9999.000,9999.000,9999.000,9999.000,9999.000
202605081442,   0.228,9999.000,9999.000,9999.000,9999.000,9999.000,9999.000,9999.000,9999.000
202605081448,   0.236,9999.000,9999.000,9999.000,9999.000,9999.000,9999.000,9999.000,9999.000
202605081454,   0.247,9999.000,9999.000,9999.000,9999.000,9999.000,9999.000,9999.000,9999.000
202605081500,   0.261,9999.000,   0.600,  -0.255,   0.606,   0.500,   0.506,   0.600,   0.606
202605081506,   0.277,9999.000,9999.000,9999.000,9999.000,9999.000,9999.000,9999.000,9999.000
202605081512,   0.296,9999.000,9999.000,9999.000,9999.000,9999.000,9999.000,9999.000,9999.000
202605081518,   0.317,9999.000,9999.000,9999.000,9999.000,9999.000,9999.000,9999.000,9999.000
202605081524,   0.340,9999.000,9999.000,9999.000,9999.000,9999.000,9999.000,9999.000,9999.000
202605081530,   0.366,9999.000,9999.000,9999.000,9999.000,9999.000,9999.000,9999.000,9999.000
202605081536,   0.394,9999.000,9999.000,9999.000,9999.000,9999.000,9999.000,9999.000,9999.000
202605081542,   0.424,9999.000,9999.000,9999.000,9999.000,9999.000,9999.000,9999.000,9999.000
202605081548,   0.456,9999.000,9999.000,9999.000,9999.000,9999.000,9999.000,9999.000,9999.000
202605081554,   0.490,9999.000,9999.000,9999.000,9999.000,9999.000,9999.000,9999.000,9999.000
202605081600,   0.526,9999.000,   0.600,  -0.221,   0.905,   0.500,   0.805,   0.600,   0.905
202605081606,   0.563,9999.000,9999.000,9999.000,9999.000,9999.000,9999.000,9999.000,9999.000
202605081612,   0.602,9999.000,9999.000,9999.000,9999.000,9999.000,9999.000,9999.000,9999.000
202605081618,   0.643,9999.000,9999.000,9999.000,9999.000,9999.000,9999.000,9999.000,9999.000
202605081624,   0.685,9999.000,9999.000,9999.000,9999.000,9999.000,9999.000,9999.000,9999.000
202605081630,   0.729,9999.000,9999.000,9999.000,9999.000,9999.000,9999.000,9999.000,9999.000
202605081636,   0.775,9999.000,9999.000,9999.000,9999.000,9999.000,9999.000,9999.000,9999.000
202605081642,   0.822,9999.000,9999.000,9999.000,9999.000,9999.000,9999.000,9999.000,9999.000
202605081648,   0.871,9999.000,9999.000,9999.000,9999.000,9999.000,9999.000,9999.000,9999.000
202605081654,   0.921,9999.000,9999.000,9999.000,9999.000,9999.000,9999.000,9999.000,9999.000
202605081700,   0.972,9999.000,   0.600,  -0.187,   1.385,   0.600,   1.385,   0.600,   1.385
202605081706,   1.024,9999.000,9999.000,9999.000,9999.000,9999.000,9999.000,9999.000,9999.000
202605081712,   1.078,9999.000,9999.000,9999.000,9999.000,9999.000,9999.000,9999.000,9999.000
202605081718,   1.133,9999.000,9999.000,9999.000,9999.000,9999.000,9999.000,9999.000,9999.000
202605081724,   1.189,9999.000,9999.000,9999.000,9999.000,9999.000,9999.000,9999.000,9999.000
202605081730,   1.246,9999.000,9999.000,9999.000,9999.000,9999.000,9999.000,9999.000,9999.000
202605081736,   1.304,9999.000,9999.000,9999.000,9999.000,9999.000,9999.000,9999.000,9999.000
202605081742,   1.362,9999.000,9999.000,9999.000,9999.000,9999.000,9999.000,9999.000,9999.000
202605081748,   1.421,9999.000,9999.000,9999.000,9999.000,9999.000,9999.000,9999.000,9999.000
202605081754,   1.480,9999.000,9999.000,9999.000,9999.000,9999.000,9999.000,9999.000,9999.000
202605081800,   1.539,9999.000,   0.600,  -0.187,   1.952,   0.600,   1.952,   0.600,   1.952
202605081806,   1.597,9999.000,9999.000,9999.000,9999.000,9999.000,9999.000,9999.000,9999.000
202605081812,   1.655,9999.000,9999.000,9999.000,9999.000,9999.000,9999.000,9999.000,9999.000
202605081818,   1.713,9999.000,9999.000,9999.000,9999.000,9999.000,9999.000,9999.000,9999.000
202605081824,   1.769,9999.000,9999.000,9999.000,9999.000,9999.000,9999.000,9999.000,9999.000
202605081830,   1.824,9999.000,9999.000,9999.000,9999.000,9999.000,9999.000,9999.000,9999.000
202605081836,   1.878,9999.000,9999.000,9999.000,9999.000,9999.000,9999.000,9999.000,9999.000
202605081842,   1.930,9999.000,9999.000,9999.000,9999.000,9999.000,9999.000,9999.000,9999.000
202605081848,   1.980,9999.000,9999.000,9999.000,9999.000,9999.000,9999.000,9999.000,9999.000
202605081854,   2.028,9999.000,9999.000,9999.000,9999.000,9999.000,9999.000,9999.000,9999.000
202605081900,   2.074,9999.000,   0.600,  -0.187,   2.487,   0.600,   2.487,   0.600,   2.487
202605081906,   2.117,9999.000,9999.000,9999.000,9999.000,9999.000,9999.000,9999.000,9999.000
202605081912,   2.158,9999.000,9999.000,9999.000,9999.000,9999.000,9999.000,9999.000,9999.000
202605081918,   2.196,9999.000,9999.000,9999.000,9999.000,9999.000,9999.000,9999.000,9999.000
202605081924,   2.232,9999.000,9999.000,9999.000,9999.000,9999.000,9999.000,9999.000,9999.000
202605081930,   2.265,9999.000,9999.000,9999.000,9999.000,9999.000,9999.000,9999.000,9999.000
202605081936,   2.295,9999.000,9999.000,9999.000,9999.000,9999.000,9999.000,9999.000,9999.000
202605081942,   2.323,9999.000,9999.000,9999.000,9999.000,9999.000,9999.000,9999.000,9999.000
202605081948,   2.348,9999.000,9999.000,9999.000,9999.000,9999.000,9999.000,9999.000,9999.000
202605081954,   2.370,9999.000,9999.000,9999.000,9999.000,9999.000,9999.000,9999.000,9999.000
202605082000,   2.390,9999.000,   0.600,  -0.187,   2.803,   0.600,   2.803,   0.600,   2.803
202605082006,   2.408,9999.000,9999.000,9999.000,9999.000,9999.000,9999.000,9999.000,9999.000
202605082012,   2.423,9999.000,9999.000,9999.000,9999.000,9999.000,9999.000,9999.000,9999.000
202605082018,   2.436,9999.000,9999.000,9999.000,9999.000,9999.000,9999.000,9999.000,9999.000
202605082024,   2.447,9999.000,9999.000,9999.000,9999.000,9999.000,9999.000,9999.000,9999.000
202605082030,   2.456,9999.000,9999.000,9999.000,9999.000,9999.000,9999.000,9999.000,9999.000
202605082036,   2.463,9999.000,9999.000,9999.000,9999.000,9999.000,9999.000,9999.000,9999.000
202605082042,   2.468,9999.000,9999.000,9999.000,9999.000,9999.000,9999.000,9999.000,9999.000
202605082048,   2.471,9999.000,9999.000,9999.000,9999.000,9999.000,9999.000,9999.000,9999.000
202605082054,   2.472,9999.000,9999.000,9999.000,9999.000,9999.000,9999.000,9999.000,9999.000
202605082100,   2.471,9999.000,   0.600,  -0.187,   2.884,   0.600,   2.884,   0.600,   2.884
202605082106,   2.469,9999.000,9999.000,9999.000,9999.000,9999.000,9999.000,9999.000,9999.000
202605082112,   2.464,9999.000,9999.000,9999.000,9999.000,9999.000,9999.000,9999.000,9999.000
202605082118,   2.458,9999.000,9999.000,9999.000,9999.000,9999.000,9999.000,9999.000,9999.000
202605082124,   2.449,9999.000,9999.000,9999.000,9999.000,9999.000,9999.000,9999.000,9999.000
202605082130,   2.439,9999.000,9999.000,9999.000,9999.000,9999.000,9999.000,9999.000,9999.000
202605082136,   2.426,9999.000,9999.000,9999.000,9999.000,9999.000,9999.000,9999.000,9999.000
202605082142,   2.412,9999.000,9999.000,9999.000,9999.000,9999.000,9999.000,9999.000,9999.000
202605082148,   2.395,9999.000,9999.000,9999.000,9999.000,9999.000,9999.000,9999.000,9999.000
202605082154,   2.375,9999.000,9999.000,9999.000,9999.000,9999.000,9999.000,9999.000,9999.000
202605082200,   2.354,9999.000,   0.600,  -0.187,   2.767,   0.500,   2.667,   0.600,   2.767
202605082206,   2.329,9999.000,9999.000,9999.000,9999.000,9999.000,9999.000,9999.000,9999.000
202605082212,   2.303,9999.000,9999.000,9999.000,9999.000,9999.000,9999.000,9999.000,9999.000
202605082218,   2.274,9999.000,9999.000,9999.000,9999.000,9999.000,9999.000,9999.000,9999.000
202605082224,   2.242,9999.000,9999.000,9999.000,9999.000,9999.000,9999.000,9999.000,9999.000
202605082230,   2.208,9999.000,9999.000,9999.000,9999.000,9999.000,9999.000,9999.000,9999.000
202605082236,   2.172,9999.000,9999.000,9999.000,9999.000,9999.000,9999.000,9999.000,9999.000
202605082242,   2.133,9999.000,9999.000,9999.000,9999.000,9999.000,9999.000,9999.000,9999.000
202605082248,   2.092,9999.000,9999.000,9999.000,9999.000,9999.000,9999.000,9999.000,9999.000
202605082254,   2.049,9999.000,9999.000,9999.000,9999.000,9999.000,9999.000,9999.000,9999.000
202605082300,   2.005,9999.000,   0.600,  -0.187,   2.418,   0.500,   2.318,   0.600,   2.418
202605082306,   1.958,9999.000,9999.000,9999.000,9999.000,9999.000,9999.000,9999.000,9999.000
202605082312,   1.911,9999.000,9999.000,9999.000,9999.000,9999.000,9999.000,9999.000,9999.000
202605082318,   1.861,9999.000,9999.000,9999.000,9999.000,9999.000,9999.000,9999.000,9999.000
202605082324,   1.811,9999.000,9999.000,9999.000,9999.000,9999.000,9999.000,9999.000,9999.000
202605082330,   1.760,9999.000,9999.000,9999.000,9999.000,9999.000,9999.000,9999.000,9999.000
202605082336,   1.708,9999.000,9999.000,9999.000,9999.000,9999.000,9999.000,9999.000,9999.000
202605082342,   1.656,9999.000,9999.000,9999.000,9999.000,9999.000,9999.000,9999.000,9999.000
202605082348,   1.604,9999.000,9999.000,9999.000,9999.000,9999.000,9999.000,9999.000,9999.000
202605082354,   1.551,9999.000,9999.000,9999.000,9999.000,9999.000,9999.000,9999.000,9999.000
202605090000,   1.499,9999.000,   0.600,  -0.187,   1.912,   0.500,   1.812,   0.600,   1.912
202605090006,   1.447,9999.000,9999.000,9999.000,9999.000,9999.000,9999.000,9999.000,9999.000
202605090012,   1.396,9999.000,9999.000,9999.000,9999.000,9999.000,9999.000,9999.000,9999.000
202605090018,   1.345,9999.000,9999.000,9999.000,9999.000,9999.000,9999.000,9999.000,9999.000
202605090024,   1.296,9999.000,9999.000,9999.000,9999.000,9999.000,9999.000,9999.000,9999.000
202605090030,   1.247,9999.000,9999.000,9999.000,9999.000,9999.000,9999.000,9999.000,9999.000
202605090036,   1.200,9999.000,9999.000,9999.000,9999.000,9999.000,9999.000,9999.000,9999.000
202605090042,   1.154,9999.000,9999.000,9999.000,9999.000,9999.000,9999.000,9999.000,9999.000
202605090048,   1.109,9999.000,9999.000,9999.000,9999.000,9999.000,9999.000,9999.000,9999.000
202605090054,   1.066,9999.000,9999.000,9999.000,9999.000,9999.000,9999.000,9999.000,9999.000
202605090100,   1.024,9999.000,   0.500,  -0.187,   1.337,   0.500,   1.337,   0.600,   1.437
202605090106,   0.984,9999.000,9999.000,9999.000,9999.000,9999.000,9999.000,9999.000,9999.000
202605090112,   0.946,9999.000,9999.000,9999.000,9999.000,9999.000,9999.000,9999.000,9999.000
202605090118,   0.910,9999.000,9999.000,9999.000,9999.000,9999.000,9999.000,9999.000,9999.000
202605090124,   0.876,9999.000,9999.000,9999.000,9999.000,9999.000,9999.000,9999.000,9999.000
202605090130,   0.844,9999.000,9999.000,9999.000,9999.000,9999.000,9999.000,9999.000,9999.000
202605090136,   0.814,9999.000,9999.000,9999.000,9999.000,9999.000,9999.000,9999.000,9999.000
202605090142,   0.786,9999.000,9999.000,9999.000,9999.000,9999.000,9999.000,9999.000,9999.000
202605090148,   0.760,9999.000,9999.000,9999.000,9999.000,9999.000,9999.000,9999.000,9999.000
202605090154,   0.737,9999.000,9999.000,9999.000,9999.000,9999.000,9999.000,9999.000,9999.000
202605090200,   0.716,9999.000,   0.500,  -0.187,   1.029,   0.400,   0.929,   0.600,   1.129
202605090206,   0.698,9999.000,9999.000,9999.000,9999.000,9999.000,9999.000,9999.000,9999.000
202605090212,   0.682,9999.000,9999.000,9999.000,9999.000,9999.000,9999.000,9999.000,9999.000
202605090218,   0.669,9999.000,9999.000,9999.000,9999.000,9999.000,9999.000,9999.000,9999.000
202605090224,   0.659,9999.000,9999.000,9999.000,9999.000,9999.000,9999.000,9999.000,9999.000
202605090230,   0.651,9999.000,9999.000,9999.000,9999.000,9999.000,9999.000,9999.000,9999.000
202605090236,   0.647,9999.000,9999.000,9999.000,9999.000,9999.000,9999.000,9999.000,9999.000
202605090242,   0.645,9999.000,9999.000,9999.000,9999.000,9999.000,9999.000,9999.000,9999.000
202605090248,   0.646,9999.000,9999.000,9999.000,9999.000,9999.000,9999.000,9999.000,9999.000
202605090254,   0.650,9999.000,9999.000,9999.000,9999.000,9999.000,9999.000,9999.000,9999.000
202605090300,   0.656,9999.000,   0.500,  -0.187,   0.969,   0.400,   0.869,   0.500,   0.969
202605090306,   0.666,9999.000,9999.000,9999.000,9999.000,9999.000,9999.000,9999.000,9999.000
202605090312,   0.678,9999.000,9999.000,9999.000,9999.000,9999.000,9999.000,9999.000,9999.000
202605090318,   0.693,9999.000,9999.000,9999.000,9999.000,9999.000,9999.000,9999.000,9999.000
202605090324,   0.710,9999.000,9999.000,9999.000,9999.000,9999.000,9999.000,9999.000,9999.000
202605090330,   0.730,9999.000,9999.000,9999.000,9999.000,9999.000,9999.000,9999.000,9999.000
202605090336,   0.753,9999.000,9999.000,9999.000,9999.000,9999.000,9999.000,9999.000,9999.000
202605090342,   0.777,9999.000,9999.000,9999.000,9999.000,9999.000,9999.000,9999.000,9999.000
202605090348,   0.804,9999.000,9999.000,9999.000,9999.000,9999.000,9999.000,9999.000,9999.000
202605090354,   0.833,9999.000,9999.000,9999.000,9999.000,9999.000,9999.000,9999.000,9999.000
202605090400,   0.864,9999.000,   0.500,  -0.187,   1.177,   0.400,   1.077,   0.500,   1.177
202605090406,   0.897,9999.000,9999.000,9999.000,9999.000,9999.000,9999.000,9999.000,9999.000
202605090412,   0.932,9999.000,9999.000,9999.000,9999.000,9999.000,9999.000,9999.000,9999.000
202605090418,   0.969,9999.000,9999.000,9999.000,9999.000,9999.000,9999.000,9999.000,9999.000
202605090424,   1.007,9999.000,9999.000,9999.000,9999.000,9999.000,9999.000,9999.000,9999.000
202605090430,   1.047,9999.000,9999.000,9999.000,9999.000,9999.000,9999.000,9999.000,9999.000
202605090436,   1.088,9999.000,9999.000,9999.000,9999.000,9999.000,9999.000,9999.000,9999.000
202605090442,   1.131,9999.000,9999.000,9999.000,9999.000,9999.000,9999.000,9999.000,9999.000
202605090448,   1.175,9999.000,9999.000,9999.000,9999.000,9999.000,9999.000,9999.000,9999.000
202605090454,   1.221,9999.000,9999.000,9999.000,9999.000,9999.000,9999.000,9999.000,9999.000
202605090500,   1.268,9999.000,   0.400,  -0.187,   1.481,   0.400,   1.481,   0.500,   1.581
202605090506,   1.316,9999.000,9999.000,9999.000,9999.000,9999.000,9999.000,9999.000,9999.000
202605090512,   1.366,9999.000,9999.000,9999.000,9999.000,9999.000,9999.000,9999.000,9999.000
202605090518,   1.416,9999.000,9999.000,9999.000,9999.000,9999.000,9999.000,9999.000,9999.000
202605090524,   1.468,9999.000,9999.000,9999.000,9999.000,9999.000,9999.000,9999.000,9999.000
202605090530,   1.521,9999.000,9999.000,9999.000,9999.000,9999.000,9999.000,9999.000,9999.000
202605090536,   1.575,9999.000,9999.000,9999.000,9999.000,9999.000,9999.000,9999.000,9999.000
202605090542,   1.630,9999.000,9999.000,9999.000,9999.000,9999.000,9999.000,9999.000,9999.000
202605090548,   1.685,9999.000,9999.000,9999.000,9999.000,9999.000,9999.000,9999.000,9999.000
202605090554,   1.741,9999.000,9999.000,9999.000,9999.000,9999.000,9999.000,9999.000,9999.000
202605090600,   1.798,9999.000,   0.400,  -0.187,   2.011,   0.400,   2.011,   0.500,   2.111
202605090606,   1.855,9999.000,9999.000,9999.000,9999.000,9999.000,9999.000,9999.000,9999.000
202605090612,   1.912,9999.000,9999.000,9999.000,9999.000,9999.000,9999.000,9999.000,9999.000
202605090618,   1.969,9999.000,9999.000,9999.000,9999.000,9999.000,9999.000,9999.000,9999.000
202605090624,   2.025,9999.000,9999.000,9999.000,9999.000,9999.000,9999.000,9999.000,9999.000
202605090630,   2.081,9999.000,9999.000,9999.000,9999.000,9999.000,9999.000,9999.000,9999.000
202605090636,   2.137,9999.000,9999.000,9999.000,9999.000,9999.000,9999.000,9999.000,9999.000
202605090642,   2.191,9999.000,9999.000,9999.000,9999.000,9999.000,9999.000,9999.000,9999.000
202605090648,   2.243,9999.000,9999.000,9999.000,9999.000,9999.000,9999.000,9999.000,9999.000
202605090654,   2.295,9999.000,9999.000,9999.000,9999.000,9999.000,9999.000,9999.000,9999.000
202605090700,   2.344,9999.000,   0.400,  -0.187,   2.557,   0.400,   2.557,   0.500,   2.657
202605090706,   2.392,9999.000,9999.000,9999.000,9999.000,9999.000,9999.000,9999.000,9999.000
202605090712,   2.437,9999.000,9999.000,9999.000,9999.000,9999.000,9999.000,9999.000,9999.000
202605090718,   2.479,9999.000,9999.000,9999.000,9999.000,9999.000,9999.000,9999.000,9999.000
202605090724,   2.520,9999.000,9999.000,9999.000,9999.000,9999.000,9999.000,9999.000,9999.000
202605090730,   2.557,9999.000,9999.000,9999.000,9999.000,9999.000,9999.000,9999.000,9999.000
202605090736,   2.592,9999.000,9999.000,9999.000,9999.000,9999.000,9999.000,9999.000,9999.000
202605090742,   2.623,9999.000,9999.000,9999.000,9999.000,9999.000,9999.000,9999.000,9999.000
202605090748,   2.652,9999.000,9999.000,9999.000,9999.000,9999.000,9999.000,9999.000,9999.000
202605090754,   2.677,9999.000,9999.000,9999.000,9999.000,9999.000,9999.000,9999.000,9999.000
202605090800,   2.700,9999.000,   0.400,  -0.187,   2.913,   0.400,   2.913,   0.500,   3.013
202605090806,   2.719,9999.000,9999.000,9999.000,9999.000,9999.000,9999.000,9999.000,9999.000
202605090812,   2.736,9999.000,9999.000,9999.000,9999.000,9999.000,9999.000,9999.000,9999.000
202605090818,   2.749,9999.000,9999.000,9999.000,9999.000,9999.000,9999.000,9999.000,9999.000
202605090824,   2.760,9999.000,9999.000,9999.000,9999.000,9999.000,9999.000,9999.000,9999.000
202605090830,   2.768,9999.000,9999.000,9999.000,9999.000,9999.000,9999.000,9999.000,9999.000
202605090836,   2.774,9999.000,9999.000,9999.000,9999.000,9999.000,9999.000,9999.000,9999.000
202605090842,   2.777,9999.000,9999.000,9999.000,9999.000,9999.000,9999.000,9999.000,9999.000
202605090848,   2.777,9999.000,9999.000,9999.000,9999.000,9999.000,9999.000,9999.000,9999.000
202605090854,   2.775,9999.000,9999.000,9999.000,9999.000,9999.000,9999.000,9999.000,9999.000
202605090900,   2.771,9999.000,   0.400,  -0.187,   2.984,   0.400,   2.984,   0.500,   3.084
202605090906,   2.765,9999.000,9999.000,9999.000,9999.000,9999.000,9999.000,9999.000,9999.000
202605090912,   2.756,9999.000,9999.000,9999.000,9999.000,9999.000,9999.000,9999.000,9999.000
202605090918,   2.745,9999.000,9999.000,9999.000,9999.000,9999.000,9999.000,9999.000,9999.000
202605090924,   2.733,9999.000,9999.000,9999.000,9999.000,9999.000,9999.000,9999.000,9999.000
202605090930,   2.718,9999.000,9999.000,9999.000,9999.000,9999.000,9999.000,9999.000,9999.000
202605090936,   2.701,9999.000,9999.000,9999.000,9999.000,9999.000,9999.000,9999.000,9999.000
202605090942,   2.682,9999.000,9999.000,9999.000,9999.000,9999.000,9999.000,9999.000,9999.000
202605090948,   2.661,9999.000,9999.000,9999.000,9999.000,9999.000,9999.000,9999.000,9999.000
202605090954,   2.638,9999.000,9999.000,9999.000,9999.000,9999.000,9999.000,9999.000,9999.000
202605091000,   2.613,9999.000,   0.400,  -0.187,   2.826,   0.400,   2.826,   0.500,   2.926
202605091006,   2.585,9999.000,9999.000,9999.000,9999.000,9999.000,9999.000,9999.000,9999.000
202605091012,   2.555,9999.000,9999.000,9999.000,9999.000,9999.000,9999.000,9999.000,9999.000
202605091018,   2.522,9999.000,9999.000,9999.000,9999.000,9999.000,9999.000,9999.000,9999.000
202605091024,   2.487,9999.000,9999.000,9999.000,9999.000,9999.000,9999.000,9999.000,9999.000
202605091030,   2.450,9999.000,9999.000,9999.000,9999.000,9999.000,9999.000,9999.000,9999.000
202605091036,   2.410,9999.000,9999.000,9999.000,9999.000,9999.000,9999.000,9999.000,9999.000
202605091042,   2.367,9999.000,9999.000,9999.000,9999.000,9999.000,9999.000,9999.000,9999.000
202605091048,   2.322,9999.000,9999.000,9999.000,9999.000,9999.000,9999.000,9999.000,9999.000
202605091054,   2.275,9999.000,9999.000,9999.000,9999.000,9999.000,9999.000,9999.000,9999.000
202605091100,   2.225,9999.000,   0.400,  -0.187,   2.438,   0.400,   2.438,   0.500,   2.538
202605091106,   2.173,9999.000,9999.000,9999.000,9999.000,9999.000,9999.000,9999.000,9999.000
202605091112,   2.119,9999.000,9999.000,9999.000,9999.000,9999.000,9999.000,9999.000,9999.000
202605091118,   2.063,9999.000,9999.000,9999.000,9999.000,9999.000,9999.000,9999.000,9999.000
202605091124,   2.005,9999.000,9999.000,9999.000,9999.000,9999.000,9999.000,9999.000,9999.000
202605091130,   1.945,9999.000,9999.000,9999.000,9999.000,9999.000,9999.000,9999.000,9999.000
202605091136,   1.884,9999.000,9999.000,9999.000,9999.000,9999.000,9999.000,9999.000,9999.000
202605091142,   1.821,9999.000,9999.000,9999.000,9999.000,9999.000,9999.000,9999.000,9999.000
202605091148,   1.758,9999.000,9999.000,9999.000,9999.000,9999.000,9999.000,9999.000,9999.000
202605091154,   1.693,9999.000,9999.000,9999.000,9999.000,9999.000,9999.000,9999.000,9999.000
202605091200,   1.628,9999.000,   0.400,  -0.187,   1.841,   0.400,   1.841,   0.500,   1.941
202605091206,   1.563,9999.000,9999.000,9999.000,9999.000,9999.000,9999.000,9999.000,9999.000
202605091212,   1.497,9999.000,9999.000,9999.000,9999.000,9999.000,9999.000,9999.000,9999.000
202605091218,   1.432,9999.000,9999.000,9999.000,9999.000,9999.000,9999.000,9999.000,9999.000
202605091224,   1.367,9999.000,9999.000,9999.000,9999.000,9999.000,9999.000,9999.000,9999.000
202605091230,   1.302,9999.000,9999.000,9999.000,9999.000,9999.000,9999.000,9999.000,9999.000
202605091236,   1.238,9999.000,9999.000,9999.000,9999.000,9999.000,9999.000,9999.000,9999.000
202605091242,   1.175,9999.000,9999.000,9999.000,9999.000,9999.000,9999.000,9999.000,9999.000
202605091248,   1.113,9999.000,9999.000,9999.000,9999.000,9999.000,9999.000,9999.000,9999.000
202605091254,   1.052,9999.000,9999.000,9999.000,9999.000,9999.000,9999.000,9999.000,9999.000
202605091300,   0.992,9999.000,   0.400,  -0.187,   1.205,   0.400,   1.205,   0.500,   1.305
202605091306,   0.934,9999.000,9999.000,9999.000,9999.000,9999.000,9999.000,9999.000,9999.000
202605091312,   0.877,9999.000,9999.000,9999.000,9999.000,9999.000,9999.000,9999.000,9999.000
202605091318,   0.822,9999.000,9999.000,9999.000,9999.000,9999.000,9999.000,9999.000,9999.000
202605091324,   0.769,9999.000,9999.000,9999.000,9999.000,9999.000,9999.000,9999.000,9999.000
202605091330,   0.718,9999.000,9999.000,9999.000,9999.000,9999.000,9999.000,9999.000,9999.000
202605091336,   0.668,9999.000,9999.000,9999.000,9999.000,9999.000,9999.000,9999.000,9999.000
202605091342,   0.621,9999.000,9999.000,9999.000,9999.000,9999.000,9999.000,9999.000,9999.000
202605091348,   0.575,9999.000,9999.000,9999.000,9999.000,9999.000,9999.000,9999.000,9999.000
202605091354,   0.532,9999.000,9999.000,9999.000,9999.000,9999.000,9999.000,9999.000,9999.000
202605091400,   0.491,9999.000,   0.500,  -0.187,   0.804,   0.400,   0.704,   0.500,   0.804
202605091406,   0.453,9999.000,9999.000,9999.000,9999.000,9999.000,9999.000,9999.000,9999.000
202605091412,   0.417,9999.000,9999.000,9999.000,9999.000,9999.000,9999.000,9999.000,9999.000
202605091418,   0.384,9999.000,9999.000,9999.000,9999.000,9999.000,9999.000,9999.000,9999.000
202605091424,   0.353,9999.000,9999.000,9999.000,9999.000,9999.000,9999.000,9999.000,9999.000
202605091430,   0.325,9999.000,9999.000,9999.000,9999.000,9999.000,9999.000,9999.000,9999.000
202605091436,   0.300,9999.000,9999.000,9999.000,9999.000,9999.000,9999.000,9999.000,9999.000
202605091442,   0.277,9999.000,9999.000,9999.000,9999.000,9999.000,9999.000,9999.000,9999.000
202605091448,   0.258,9999.000,9999.000,9999.000,9999.000,9999.000,9999.000,9999.000,9999.000
202605091454,   0.241,9999.000,9999.000,9999.000,9999.000,9999.000,9999.000,9999.000,9999.000
202605091500,   0.228,9999.000,   0.500,  -0.187,   0.541,   0.400,   0.441,   0.500,   0.541
202605091506,   0.218,9999.000,9999.000,9999.000,9999.000,9999.000,9999.000,9999.000,9999.000
202605091512,   0.211,9999.000,9999.000,9999.000,9999.000,9999.000,9999.000,9999.000,9999.000
202605091518,   0.206,9999.000,9999.000,9999.000,9999.000,9999.000,9999.000,9999.000,9999.000
202605091524,   0.205,9999.000,9999.000,9999.000,9999.000,9999.000,9999.000,9999.000,9999.000
202605091530,   0.207,9999.000,9999.000,9999.000,9999.000,9999.000,9999.000,9999.000,9999.000
202605091536,   0.213,9999.000,9999.000,9999.000,9999.000,9999.000,9999.000,9999.000,9999.000
202605091542,   0.221,9999.000,9999.000,9999.000,9999.000,9999.000,9999.000,9999.000,9999.000
202605091548,   0.231,9999.000,9999.000,9999.000,9999.000,9999.000,9999.000,9999.000,9999.000
202605091554,   0.245,9999.000,9999.000,9999.000,9999.000,9999.000,9999.000,9999.000,9999.000
202605091600,   0.262,9999.000,   0.500,  -0.187,   0.575,   0.400,   0.475,   0.500,   0.575
202605091606,   0.281,9999.000,9999.000,9999.000,9999.000,9999.000,9999.000,9999.000,9999.000
202605091612,   0.303,9999.000,9999.000,9999.000,9999.000,9999.000,9999.000,9999.000,9999.000
202605091618,   0.327,9999.000,9999.000,9999.000,9999.000,9999.000,9999.000,9999.000,9999.000
202605091624,   0.354,9999.000,9999.000,9999.000,9999.000,9999.000,9999.000,9999.000,9999.000
202605091630,   0.383,9999.000,9999.000,9999.000,9999.000,9999.000,9999.000,9999.000,9999.000
202605091636,   0.414,9999.000,9999.000,9999.000,9999.000,9999.000,9999.000,9999.000,9999.000
202605091642,   0.447,9999.000,9999.000,9999.000,9999.000,9999.000,9999.000,9999.000,9999.000
202605091648,   0.483,9999.000,9999.000,9999.000,9999.000,9999.000,9999.000,9999.000,9999.000
202605091654,   0.520,9999.000,9999.000,9999.000,9999.000,9999.000,9999.000,9999.000,9999.000
202605091700,   0.560,9999.000,   0.400,  -0.187,   0.773,   0.400,   0.773,   0.500,   0.873
202605091706,   0.601,9999.000,9999.000,9999.000,9999.000,9999.000,9999.000,9999.000,9999.000
202605091712,   0.644,9999.000,9999.000,9999.000,9999.000,9999.000,9999.000,9999.000,9999.000
202605091718,   0.689,9999.000,9999.000,9999.000,9999.000,9999.000,9999.000,9999.000,9999.000
202605091724,   0.736,9999.000,9999.000,9999.000,9999.000,9999.000,9999.000,9999.000,9999.000
202605091730,   0.784,9999.000,9999.000,9999.000,9999.000,9999.000,9999.000,9999.000,9999.000
202605091736,   0.835,9999.000,9999.000,9999.000,9999.000,9999.000,9999.000,9999.000,9999.000
202605091742,   0.886,9999.000,9999.000,9999.000,9999.000,9999.000,9999.000,9999.000,9999.000
202605091748,   0.940,9999.000,9999.000,9999.000,9999.000,9999.000,9999.000,9999.000,9999.000
202605091754,   0.995,9999.000,9999.000,9999.000,9999.000,9999.000,9999.000,9999.000,9999.000
202605091800,   1.051,9999.000,   0.400,  -0.187,   1.264,   0.400,   1.264,   0.500,   1.364
202605091806,   1.109,9999.000,9999.000,9999.000,9999.000,9999.000,9999.000,9999.000,9999.000
202605091812,   1.168,9999.000,9999.000,9999.000,9999.000,9999.000,9999.000,9999.000,9999.000
202605091818,   1.229,9999.000,9999.000,9999.000,9999.000,9999.000,9999.000,9999.000,9999.000
202605091824,   1.290,9999.000,9999.000,9999.000,9999.000,9999.000,9999.000,9999.000,9999.000
202605091830,   1.352,9999.000,9999.000,9999.000,9999.000,9999.000,9999.000,9999.000,9999.000
202605091836,   1.415,9999.000,9999.000,9999.000,9999.000,9999.000,9999.000,9999.000,9999.000
202605091842,   1.478,9999.000,9999.000,9999.000,9999.000,9999.000,9999.000,9999.000,9999.000
202605091848,   1.541,9999.000,9999.000,9999.000,9999.000,9999.000,9999.000,9999.000,9999.000
202605091854,   1.604,9999.000,9999.000,9999.000,9999.000,9999.000,9999.000,9999.000,9999.000
202605091900,   1.667,9999.000,   0.400,  -0.187,   1.880,   0.300,   1.780,   0.500,   1.980
202605091906,   1.730,9999.000,9999.000,9999.000,9999.000,9999.000,9999.000,9999.000,9999.000
202605091912,   1.792,9999.000,9999.000,9999.000,9999.000,9999.000,9999.000,9999.000,9999.000
202605091918,   1.852,9999.000,9999.000,9999.000,9999.000,9999.000,9999.000,9999.000,9999.000
202605091924,   1.911,9999.000,9999.000,9999.000,9999.000,9999.000,9999.000,9999.000,9999.000
202605091930,   1.969,9999.000,9999.000,9999.000,9999.000,9999.000,9999.000,9999.000,9999.000
202605091936,   2.025,9999.000,9999.000,9999.000,9999.000,9999.000,9999.000,9999.000,9999.000
202605091942,   2.079,9999.000,9999.000,9999.000,9999.000,9999.000,9999.000,9999.000,9999.000
202605091948,   2.131,9999.000,9999.000,9999.000,9999.000,9999.000,9999.000,9999.000,9999.000
202605091954,   2.180,9999.000,9999.000,9999.000,9999.000,9999.000,9999.000,9999.000,9999.000
202605092000,   2.228,9999.000,   0.400,  -0.187,   2.441,   0.300,   2.341,   0.500,   2.541
202605092006,   2.272,9999.000,9999.000,9999.000,9999.000,9999.000,9999.000,9999.000,9999.000
202605092012,   2.314,9999.000,9999.000,9999.000,9999.000,9999.000,9999.000,9999.000,9999.000
202605092018,   2.353,9999.000,9999.000,9999.000,9999.000,9999.000,9999.000,9999.000,9999.000
202605092024,   2.389,9999.000,9999.000,9999.000,9999.000,9999.000,9999.000,9999.000,9999.000
202605092030,   2.423,9999.000,9999.000,9999.000,9999.000,9999.000,9999.000,9999.000,9999.000
202605092036,   2.454,9999.000,9999.000,9999.000,9999.000,9999.000,9999.000,9999.000,9999.000
202605092042,   2.483,9999.000,9999.000,9999.000,9999.000,9999.000,9999.000,9999.000,9999.000
202605092048,   2.508,9999.000,9999.000,9999.000,9999.000,9999.000,9999.000,9999.000,9999.000
202605092054,   2.531,9999.000,9999.000,9999.000,9999.000,9999.000,9999.000,9999.000,9999.000
202605092100,   2.552,9999.000,   0.400,  -0.187,   2.765,   0.300,   2.665,   0.500,   2.865
202605092106,   2.571,9999.000,9999.000,9999.000,9999.000,9999.000,9999.000,9999.000,9999.000
202605092112,   2.587,9999.000,9999.000,9999.000,9999.000,9999.000,9999.000,9999.000,9999.000
202605092118,   2.600,9999.000,9999.000,9999.000,9999.000,9999.000,9999.000,9999.000,9999.000
202605092124,   2.612,9999.000,9999.000,9999.000,9999.000,9999.000,9999.000,9999.000,9999.000
202605092130,   2.621,9999.000,9999.000,9999.000,9999.000,9999.000,9999.000,9999.000,9999.000
202605092136,   2.629,9999.000,9999.000,9999.000,9999.000,9999.000,9999.000,9999.000,9999.000
202605092142,   2.634,9999.000,9999.000,9999.000,9999.000,9999.000,9999.000,9999.000,9999.000
202605092148,   2.637,9999.000,9999.000,9999.000,9999.000,9999.000,9999.000,9999.000,9999.000
202605092154,   2.638,9999.000,9999.000,9999.000,9999.000,9999.000,9999.000,9999.000,9999.000
202605092200,   2.637,9999.000,   0.400,  -0.187,   2.850,   0.300,   2.750,   0.500,   2.950
202605092206,   2.634,9999.000,9999.000,9999.000,9999.000,9999.000,9999.000,9999.000,9999.000
202605092212,   2.629,9999.000,9999.000,9999.000,9999.000,9999.000,9999.000,9999.000,9999.000
202605092218,   2.621,9999.000,9999.000,9999.000,9999.000,9999.000,9999.000,9999.000,9999.000
202605092224,   2.611,9999.000,9999.000,9999.000,9999.000,9999.000,9999.000,9999.000,9999.000
202605092230,   2.599,9999.000,9999.000,9999.000,9999.000,9999.000,9999.000,9999.000,9999.000
202605092236,   2.583,9999.000,9999.000,9999.000,9999.000,9999.000,9999.000,9999.000,9999.000
202605092242,   2.566,9999.000,9999.000,9999.000,9999.000,9999.000,9999.000,9999.000,9999.000
202605092248,   2.546,9999.000,9999.000,9999.000,9999.000,9999.000,9999.000,9999.000,9999.000
202605092254,   2.522,9999.000,9999.000,9999.000,9999.000,9999.000,9999.000,9999.000,9999.000
202605092300,   2.497,9999.000,   0.400,  -0.187,   2.710,   0.200,   2.510,   0.500,   2.810
202605092306,   2.468,9999.000,9999.000,9999.000,9999.000,9999.000,9999.000,9999.000,9999.000
202605092312,   2.437,9999.000,9999.000,9999.000,9999.000,9999.000,9999.000,9999.000,9999.000
202605092318,   2.403,9999.000,9999.000,9999.000,9999.000,9999.000,9999.000,9999.000,9999.000
202605092324,   2.366,9999.000,9999.000,9999.000,9999.000,9999.000,9999.000,9999.000,9999.000
202605092330,   2.326,9999.000,9999.000,9999.000,9999.000,9999.000,9999.000,9999.000,9999.000
202605092336,   2.284,9999.000,9999.000,9999.000,9999.000,9999.000,9999.000,9999.000,9999.000
202605092342,   2.240,9999.000,9999.000,9999.000,9999.000,9999.000,9999.000,9999.000,9999.000
202605092348,   2.193,9999.000,9999.000,9999.000,9999.000,9999.000,9999.000,9999.000,9999.000
202605092354,   2.144,9999.000,9999.000,9999.000,9999.000,9999.000,9999.000,9999.000,9999.000
202605100000,   2.093,9999.000,   0.400,  -0.187,   2.306,   0.200,   2.106,   0.500,   2.406
202605100006,   2.041,9999.000,9999.000,9999.000,9999.000,9999.000,9999.000,9999.000,9999.000
202605100012,   1.987,9999.000,9999.000,9999.000,9999.000,9999.000,9999.000,9999.000,9999.000
202605100018,   1.932,9999.000,9999.000,9999.000,9999.000,9999.000,9999.000,9999.000,9999.000
202605100024,   1.875,9999.000,9999.000,9999.000,9999.000,9999.000,9999.000,9999.000,9999.000
202605100030,   1.818,9999.000,9999.000,9999.000,9999.000,9999.000,9999.000,9999.000,9999.000
202605100036,   1.760,9999.000,9999.000,9999.000,9999.000,9999.000,9999.000,9999.000,9999.000
202605100042,   1.702,9999.000,9999.000,9999.000,9999.000,9999.000,9999.000,9999.000,9999.000
202605100048,   1.644,9999.000,9999.000,9999.000,9999.000,9999.000,9999.000,9999.000,9999.000
202605100054,   1.585,9999.000,9999.000,9999.000,9999.000,9999.000,9999.000,9999.000,9999.000
202605100100,   1.527,9999.000,   0.300,  -0.187,   1.640,   0.200,   1.540,   0.400,   1.740
202605100106,   1.470,9999.000,9999.000,9999.000,9999.000,9999.000,9999.000,9999.000,9999.000
202605100112,   1.412,9999.000,9999.000,9999.000,9999.000,9999.000,9999.000,9999.000,9999.000
202605100118,   1.356,9999.000,9999.000,9999.000,9999.000,9999.000,9999.000,9999.000,9999.000
202605100124,   1.301,9999.000,9999.000,9999.000,9999.000,9999.000,9999.000,9999.000,9999.000
202605100130,   1.246,9999.000,9999.000,9999.000,9999.000,9999.000,9999.000,9999.000,9999.000
202605100136,   1.193,9999.000,9999.000,9999.000,9999.000,9999.000,9999.000,9999.000,9999.000
202605100142,   1.141,9999.000,9999.000,9999.000,9999.000,9999.000,9999.000,9999.000,9999.000
202605100148,   1.090,9999.000,9999.000,9999.000,9999.000,9999.000,9999.000,9999.000,9999.000
202605100154,   1.041,9999.000,9999.000,9999.000,9999.000,9999.000,9999.000,9999.000,9999.000
202605100200,   0.994,9999.000,   0.300,  -0.187,   1.107,   0.200,   1.007,   0.400,   1.207
202605100206,   0.948,9999.000,9999.000,9999.000,9999.000,9999.000,9999.000,9999.000,9999.000
202605100212,   0.904,9999.000,9999.000,9999.000,9999.000,9999.000,9999.000,9999.000,9999.000
202605100218,   0.862,9999.000,9999.000,9999.000,9999.000,9999.000,9999.000,9999.000,9999.000
202605100224,   0.822,9999.000,9999.000,9999.000,9999.000,9999.000,9999.000,9999.000,9999.000
202605100230,   0.784,9999.000,9999.000,9999.000,9999.000,9999.000,9999.000,9999.000,9999.000
202605100236,   0.749,9999.000,9999.000,9999.000,9999.000,9999.000,9999.000,9999.000,9999.000
202605100242,   0.715,9999.000,9999.000,9999.000,9999.000,9999.000,9999.000,9999.000,9999.000
202605100248,   0.685,9999.000,9999.000,9999.000,9999.000,9999.000,9999.000,9999.000,9999.000
202605100254,   0.656,9999.000,9999.000,9999.000,9999.000,9999.000,9999.000,9999.000,9999.000
202605100300,   0.631,9999.000,   0.300,  -0.187,   0.744,   0.200,   0.644,   0.400,   0.844
202605100306,   0.608,9999.000,9999.000,9999.000,9999.000,9999.000,9999.000,9999.000,9999.000
202605100312,   0.587,9999.000,9999.000,9999.000,9999.000,9999.000,9999.000,9999.000,9999.000
202605100318,   0.570,9999.000,9999.000,9999.000,9999.000,9999.000,9999.000,9999.000,9999.000
202605100324,   0.556,9999.000,9999.000,9999.000,9999.000,9999.000,9999.000,9999.000,9999.000
202605100330,   0.544,9999.000,9999.000,9999.000,9999.000,9999.000,9999.000,9999.000,9999.000
202605100336,   0.536,9999.000,9999.000,9999.000,9999.000,9999.000,9999.000,9999.000,9999.000
202605100342,   0.530,9999.000,9999.000,9999.000,9999.000,9999.000,9999.000,9999.000,9999.000
202605100348,   0.528,9999.000,9999.000,9999.000,9999.000,9999.000,9999.000,9999.000,9999.000
202605100354,   0.528,9999.000,9999.000,9999.000,9999.000,9999.000,9999.000,9999.000,9999.000
202605100400,   0.532,9999.000,   0.300,  -0.187,   0.645,   0.200,   0.545,   0.400,   0.745
202605100406,   0.538,9999.000,9999.000,9999.000,9999.000,9999.000,9999.000,9999.000,9999.000
202605100412,   0.548,9999.000,9999.000,9999.000,9999.000,9999.000,9999.000,9999.000,9999.000
202605100418,   0.560,9999.000,9999.000,9999.000,9999.000,9999.000,9999.000,9999.000,9999.000
202605100424,   0.575,9999.000,9999.000,9999.000,9999.000,9999.000,9999.000,9999.000,9999.000
202605100430,   0.592,9999.000,9999.000,9999.000,9999.000,9999.000,9999.000,9999.000,9999.000
202605100436,   0.612,9999.000,9999.000,9999.000,9999.000,9999.000,9999.000,9999.000,9999.000
202605100442,   0.635,9999.000,9999.000,9999.000,9999.000,9999.000,9999.000,9999.000,9999.000
202605100448,   0.660,9999.000,9999.000,9999.000,9999.000,9999.000,9999.000,9999.000,9999.000
202605100454,   0.687,9999.000,9999.000,9999.000,9999.000,9999.000,9999.000,9999.000,9999.000
202605100500,   0.716,9999.000,   0.300,  -0.187,   0.829,   0.200,   0.729,   0.400,   0.929
202605100506,   0.748,9999.000,9999.000,9999.000,9999.000,9999.000,9999.000,9999.000,9999.000
202605100512,   0.782,9999.000,9999.000,9999.000,9999.000,9999.000,9999.000,9999.000,9999.000
202605100518,   0.817,9999.000,9999.000,9999.000,9999.000,9999.000,9999.000,9999.000,9999.000
202605100524,   0.855,9999.000,9999.000,9999.000,9999.000,9999.000,9999.000,9999.000,9999.000
202605100530,   0.894,9999.000,9999.000,9999.000,9999.000,9999.000,9999.000,9999.000,9999.000
202605100536,   0.935,9999.000,9999.000,9999.000,9999.000,9999.000,9999.000,9999.000,9999.000
202605100542,   0.978,9999.000,9999.000,9999.000,9999.000,9999.000,9999.000,9999.000,9999.000
202605100548,   1.023,9999.000,9999.000,9999.000,9999.000,9999.000,9999.000,9999.000,9999.000
202605100554,   1.070,9999.000,9999.000,9999.000,9999.000,9999.000,9999.000,9999.000,9999.000
202605100600,   1.118,9999.000,   0.300,  -0.187,   1.231,   0.200,   1.131,   0.400,   1.331
202605100606,   1.167,9999.000,9999.000,9999.000,9999.000,9999.000,9999.000,9999.000,9999.000
202605100612,   1.218,9999.000,9999.000,9999.000,9999.000,9999.000,9999.000,9999.000,9999.000
202605100618,   1.271,9999.000,9999.000,9999.000,9999.000,9999.000,9999.000,9999.000,9999.000
202605100624,   1.325,9999.000,9999.000,9999.000,9999.000,9999.000,9999.000,9999.000,9999.000
202605100630,   1.380,9999.000,9999.000,9999.000,9999.000,9999.000,9999.000,9999.000,9999.000
202605100636,   1.437,9999.000,9999.000,9999.000,9999.000,9999.000,9999.000,9999.000,9999.000
202605100642,   1.494,9999.000,9999.000,9999.000,9999.000,9999.000,9999.000,9999.000,9999.000
202605100648,   1.553,9999.000,9999.000,9999.000,9999.000,9999.000,9999.000,9999.000,9999.000
202605100654,   1.612,9999.000,9999.000,9999.000,9999.000,9999.000,9999.000,9999.000,9999.000
202605100700,   1.672,9999.000,   0.300,  -0.187,   1.785,   0.200,   1.685,   0.400,   1.885
202605100706,   1.731,9999.000,9999.000,9999.000,9999.000,9999.000,9999.000,9999.000,9999.000
202605100712,   1.791,9999.000,9999.000,9999.000,9999.000,9999.000,9999.000,9999.000,9999.000
202605100718,   1.851,9999.000,9999.000,9999.000,9999.000,9999.000,9999.000,9999.000,9999.000
202605100724,   1.911,9999.000,9999.000,9999.000,9999.000,9999.000,9999.000,9999.000,9999.000
202605100730,   1.969,9999.000,9999.000,9999.000,9999.000,9999.000,9999.000,9999.000,9999.000
202605100736,   2.027,9999.000,9999.000,9999.000,9999.000,9999.000,9999.000,9999.000,9999.000
202605100742,   2.084,9999.000,9999.000,9999.000,9999.000,9999.000,9999.000,9999.000,9999.000
202605100748,   2.139,9999.000,9999.000,9999.000,9999.000,9999.000,9999.000,9999.000,9999.000
202605100754,   2.193,9999.000,9999.000,9999.000,9999.000,9999.000,9999.000,9999.000,9999.000
202605100800,   2.244,9999.000,   0.300,  -0.187,   2.357,   0.200,   2.257,   0.400,   2.457
202605100806,   2.294,9999.000,9999.000,9999.000,9999.000,9999.000,9999.000,9999.000,9999.000
202605100812,   2.341,9999.000,9999.000,9999.000,9999.000,9999.000,9999.000,9999.000,9999.000
202605100818,   2.385,9999.000,9999.000,9999.000,9999.000,9999.000,9999.000,9999.000,9999.000
202605100824,   2.427,9999.000,9999.000,9999.000,9999.000,9999.000,9999.000,9999.000,9999.000
202605100830,   2.467,9999.000,9999.000,9999.000,9999.000,9999.000,9999.000,9999.000,9999.000
202605100836,   2.503,9999.000,9999.000,9999.000,9999.000,9999.000,9999.000,9999.000,9999.000
202605100842,   2.536,9999.000,9999.000,9999.000,9999.000,9999.000,9999.000,9999.000,9999.000
202605100848,   2.567,9999.000,9999.000,9999.000,9999.000,9999.000,9999.000,9999.000,9999.000
202605100854,   2.595,9999.000,9999.000,9999.000,9999.000,9999.000,9999.000,9999.000,9999.000
202605100900,   2.619,9999.000,   0.300,  -0.187,   2.732,   0.200,   2.632,   0.400,   2.832
202605100906,   2.641,9999.000,9999.000,9999.000,9999.000,9999.000,9999.000,9999.000,9999.000
202605100912,   2.660,9999.000,9999.000,9999.000,9999.000,9999.000,9999.000,9999.000,9999.000
202605100918,   2.677,9999.000,9999.000,9999.000,9999.000,9999.000,9999.000,9999.000,9999.000
202605100924,   2.690,9999.000,9999.000,9999.000,9999.000,9999.000,9999.000,9999.000,9999.000
202605100930,   2.701,9999.000,9999.000,9999.000,9999.000,9999.000,9999.000,9999.000,9999.000
202605100936,   2.710,9999.000,9999.000,9999.000,9999.000,9999.000,9999.000,9999.000,9999.000
202605100942,   2.716,9999.000,9999.000,9999.000,9999.000,9999.000,9999.000,9999.000,9999.000
202605100948,   2.720,9999.000,9999.000,9999.000,9999.000,9999.000,9999.000,9999.000,9999.000
202605100954,   2.722,9999.000,9999.000,9999.000,9999.000,9999.000,9999.000,9999.000,9999.000
202605101000,   2.721,9999.000,   0.300,  -0.187,   2.834,   0.100,   2.634,   0.400,   2.934
202605101006,   2.718,9999.000,9999.000,9999.000,9999.000,9999.000,9999.000,9999.000,9999.000
202605101012,   2.713,9999.000,9999.000,9999.000,9999.000,9999.000,9999.000,9999.000,9999.000
202605101018,   2.706,9999.000,9999.000,9999.000,9999.000,9999.000,9999.000,9999.000,9999.000
202605101024,   2.696,9999.000,9999.000,9999.000,9999.000,9999.000,9999.000,9999.000,9999.000
202605101030,   2.685,9999.000,9999.000,9999.000,9999.000,9999.000,9999.000,9999.000,9999.000
202605101036,   2.671,9999.000,9999.000,9999.000,9999.000,9999.000,9999.000,9999.000,9999.000
202605101042,   2.654,9999.000,9999.000,9999.000,9999.000,9999.000,9999.000,9999.000,9999.000
202605101048,   2.635,9999.000,9999.000,9999.000,9999.000,9999.000,9999.000,9999.000,9999.000
202605101054,   2.614,9999.000,9999.000,9999.000,9999.000,9999.000,9999.000,9999.000,9999.000
202605101100,   2.590,9999.000,   0.300,  -0.187,   2.703,   0.100,   2.503,   0.400,   2.803
202605101106,   2.564,9999.000,9999.000,9999.000,9999.000,9999.000,9999.000,9999.000,9999.000
202605101112,   2.534,9999.000,9999.000,9999.000,9999.000,9999.000,9999.000,9999.000,9999.000
202605101118,   2.502,9999.000,9999.000,9999.000,9999.000,9999.000,9999.000,9999.000,9999.000
202605101124,   2.468,9999.000,9999.000,9999.000,9999.000,9999.000,9999.000,9999.000,9999.000
202605101130,   2.430,9999.000,9999.000,9999.000,9999.000,9999.000,9999.000,9999.000,9999.000
202605101136,   2.390,9999.000,9999.000,9999.000,9999.000,9999.000,9999.000,9999.000,9999.000
202605101142,   2.347,9999.000,9999.000,9999.000,9999.000,9999.000,9999.000,9999.000,9999.000
202605101148,   2.301,9999.000,9999.000,9999.000,9999.000,9999.000,9999.000,9999.000,9999.000
202605101154,   2.253,9999.000,9999.000,9999.000,9999.000,9999.000,9999.000,9999.000,9999.000
202605101200,   2.202,9999.000,   0.200,  -0.187,   2.215,   0.100,   2.115,   0.400,   2.415
202605101206,   2.149,9999.000,9999.000,9999.000,9999.000,9999.000,9999.000,9999.000,9999.000
202605101212,   2.093,9999.000,9999.000,9999.000,9999.000,9999.000,9999.000,9999.000,9999.000
202605101218,   2.036,9999.000,9999.000,9999.000,9999.000,9999.000,9999.000,9999.000,9999.000
202605101224,   1.976,9999.000,9999.000,9999.000,9999.000,9999.000,9999.000,9999.000,9999.000
202605101230,   1.915,9999.000,9999.000,9999.000,9999.000,9999.000,9999.000,9999.000,9999.000
202605101236,   1.852,9999.000,9999.000,9999.000,9999.000,9999.000,9999.000,9999.000,9999.000
202605101242,   1.788,9999.000,9999.000,9999.000,9999.000,9999.000,9999.000,9999.000,9999.000
202605101248,   1.723,9999.000,9999.000,9999.000,9999.000,9999.000,9999.000,9999.000,9999.000
202605101254,   1.658,9999.000,9999.000,9999.000,9999.000,9999.000,9999.000,9999.000,9999.000
202605101300,   1.592,9999.000,   0.200,  -0.187,   1.605,   0.100,   1.505,   0.300,   1.705
202605101306,   1.525,9999.000,9999.000,9999.000,9999.000,9999.000,9999.000,9999.000,9999.000
202605101312,   1.458,9999.000,9999.000,9999.000,9999.000,9999.000,9999.000,9999.000,9999.000
202605101318,   1.392,9999.000,9999.000,9999.000,9999.000,9999.000,9999.000,9999.000,9999.000
202605101324,   1.326,9999.000,9999.000,9999.000,9999.000,9999.000,9999.000,9999.000,9999.000
202605101330,   1.260,9999.000,9999.000,9999.000,9999.000,9999.000,9999.000,9999.000,9999.000
202605101336,   1.195,9999.000,9999.000,9999.000,9999.000,9999.000,9999.000,9999.000,9999.000
202605101342,   1.131,9999.000,9999.000,9999.000,9999.000,9999.000,9999.000,9999.000,9999.000
202605101348,   1.068,9999.000,9999.000,9999.000,9999.000,9999.000,9999.000,9999.000,9999.000
202605101354,   1.006,9999.000,9999.000,9999.000,9999.000,9999.000,9999.000,9999.000,9999.000
202605101400,   0.945,9999.000,   0.200,  -0.187,   0.958,   0.000,   0.758,   0.300,   1.058
202605101406,   0.886,9999.000,9999.000,9999.000,9999.000,9999.000,9999.000,9999.000,9999.000
202605101412,   0.829,9999.000,9999.000,9999.000,9999.000,9999.000,9999.000,9999.000,9999.000
202605101418,   0.773,9999.000,9999.000,9999.000,9999.000,9999.000,9999.000,9999.000,9999.000
202605101424,   0.718,9999.000,9999.000,9999.000,9999.000,9999.000,9999.000,9999.000,9999.000
202605101430,   0.666,9999.000,9999.000,9999.000,9999.000,9999.000,9999.000,9999.000,9999.000
202605101436,   0.616,9999.000,9999.000,9999.000,9999.000,9999.000,9999.000,9999.000,9999.000
202605101442,   0.568,9999.000,9999.000,9999.000,9999.000,9999.000,9999.000,9999.000,9999.000
202605101448,   0.522,9999.000,9999.000,9999.000,9999.000,9999.000,9999.000,9999.000,9999.000
202605101454,   0.478,9999.000,9999.000,9999.000,9999.000,9999.000,9999.000,9999.000,9999.000
202605101500,   0.437,9999.000,   0.200,  -0.187,   0.450,   0.000,   0.250,   0.300,   0.550
202605101506,   0.399,9999.000,9999.000,9999.000,9999.000,9999.000,9999.000,9999.000,9999.000
202605101512,   0.363,9999.000,9999.000,9999.000,9999.000,9999.000,9999.000,9999.000,9999.000
202605101518,   0.330,9999.000,9999.000,9999.000,9999.000,9999.000,9999.000,9999.000,9999.000
202605101524,   0.299,9999.000,9999.000,9999.000,9999.000,9999.000,9999.000,9999.000,9999.000
202605101530,   0.272,9999.000,9999.000,9999.000,9999.000,9999.000,9999.000,9999.000,9999.000
202605101536,   0.248,9999.000,9999.000,9999.000,9999.000,9999.000,9999.000,9999.000,9999.000
202605101542,   0.227,9999.000,9999.000,9999.000,9999.000,9999.000,9999.000,9999.000,9999.000
202605101548,   0.209,9999.000,9999.000,9999.000,9999.000,9999.000,9999.000,9999.000,9999.000
202605101554,   0.194,9999.000,9999.000,9999.000,9999.000,9999.000,9999.000,9999.000,9999.000
202605101600,   0.182,9999.000,   0.200,  -0.187,   0.195,   0.000,  -0.005,   0.300,   0.295
202605101606,   0.174,9999.000,9999.000,9999.000,9999.000,9999.000,9999.000,9999.000,9999.000
202605101612,   0.169,9999.000,9999.000,9999.000,9999.000,9999.000,9999.000,9999.000,9999.000
202605101618,   0.168,9999.000,9999.000,9999.000,9999.000,9999.000,9999.000,9999.000,9999.000
202605101624,   0.169,9999.000,9999.000,9999.000,9999.000,9999.000,9999.000,9999.000,9999.000
202605101630,   0.174,9999.000,9999.000,9999.000,9999.000,9999.000,9999.000,9999.000,9999.000
202605101636,   0.182,9999.000,9999.000,9999.000,9999.000,9999.000,9999.000,9999.000,9999.000
202605101642,   0.194,9999.000,9999.000,9999.000,9999.000,9999.000,9999.000,9999.000,9999.000
202605101648,   0.208,9999.000,9999.000,9999.000,9999.000,9999.000,9999.000,9999.000,9999.000
202605101654,   0.225,9999.000,9999.000,9999.000,9999.000,9999.000,9999.000,9999.000,9999.000
202605101700,   0.246,9999.000,   0.100,  -0.187,   0.159,   0.000,   0.059,   0.300,   0.359
202605101706,   0.269,9999.000,9999.000,9999.000,9999.000,9999.000,9999.000,9999.000,9999.000
202605101712,   0.295,9999.000,9999.000,9999.000,9999.000,9999.000,9999.000,9999.000,9999.000
202605101718,   0.323,9999.000,9999.000,9999.000,9999.000,9999.000,9999.000,9999.000,9999.000
202605101724,   0.354,9999.000,9999.000,9999.000,9999.000,9999.000,9999.000,9999.000,9999.000
202605101730,   0.388,9999.000,9999.000,9999.000,9999.000,9999.000,9999.000,9999.000,9999.000
202605101736,   0.424,9999.000,9999.000,9999.000,9999.000,9999.000,9999.000,9999.000,9999.000
202605101742,   0.462,9999.000,9999.000,9999.000,9999.000,9999.000,9999.000,9999.000,9999.000
202605101748,   0.503,9999.000,9999.000,9999.000,9999.000,9999.000,9999.000,9999.000,9999.000
202605101754,   0.546,9999.000,9999.000,9999.000,9999.000,9999.000,9999.000,9999.000,9999.000
202605101800,   0.591,9999.000,   0.100,  -0.187,   0.504,   0.000,   0.404,   0.300,   0.704
202605101806,   0.638,9999.000,9999.000,9999.000,9999.000,9999.000,9999.000,9999.000,9999.000
202605101812,   0.687,9999.000,9999.000,9999.000,9999.000,9999.000,9999.000,9999.000,9999.000
202605101818,   0.739,9999.000,9999.000,9999.000,9999.000,9999.000,9999.000,9999.000,9999.000
202605101824,   0.792,9999.000,9999.000,9999.000,9999.000,9999.000,9999.000,9999.000,9999.000
202605101830,   0.848,9999.000,9999.000,9999.000,9999.000,9999.000,9999.000,9999.000,9999.000
202605101836,   0.905,9999.000,9999.000,9999.000,9999.000,9999.000,9999.000,9999.000,9999.000
202605101842,   0.964,9999.000,9999.000,9999.000,9999.000,9999.000,9999.000,9999.000,9999.000
202605101848,   1.025,9999.000,9999.000,9999.000,9999.000,9999.000,9999.000,9999.000,9999.000
202605101854,   1.087,9999.000,9999.000,9999.000,9999.000,9999.000,9999.000,9999.000,9999.000
202605101900,   1.151,9999.000,   0.100,  -0.187,   1.064,   0.000,   0.964,   0.200,   1.164
202605101906,   1.216,9999.000,9999.000,9999.000,9999.000,9999.000,9999.000,9999.000,9999.000
202605101912,   1.283,9999.000,9999.000,9999.000,9999.000,9999.000,9999.000,9999.000,9999.000
202605101918,   1.350,9999.000,9999.000,9999.000,9999.000,9999.000,9999.000,9999.000,9999.000
202605101924,   1.419,9999.000,9999.000,9999.000,9999.000,9999.000,9999.000,9999.000,9999.000
202605101930,   1.488,9999.000,9999.000,9999.000,9999.000,9999.000,9999.000,9999.000,9999.000
202605101936,   1.558,9999.000,9999.000,9999.000,9999.000,9999.000,9999.000,9999.000,9999.000
202605101942,   1.627,9999.000,9999.000,9999.000,9999.000,9999.000,9999.000,9999.000,9999.000
202605101948,   1.697,9999.000,9999.000,9999.000,9999.000,9999.000,9999.000,9999.000,9999.000
202605101954,   1.766,9999.000,9999.000,9999.000,9999.000,9999.000,9999.000,9999.000,9999.000
202605102000,   1.835,9999.000,   0.100,  -0.187,   1.748,   0.000,   1.648,   0.200,   1.848
202605102006,   1.903,9999.000,9999.000,9999.000,9999.000,9999.000,9999.000,9999.000,9999.000
202605102012,   1.969,9999.000,9999.000,9999.000,9999.000,9999.000,9999.000,9999.000,9999.000
202605102018,   2.034,9999.000,9999.000,9999.000,9999.000,9999.000,9999.000,9999.000,9999.000
202605102024,   2.098,9999.000,9999.000,9999.000,9999.000,9999.000,9999.000,9999.000,9999.000
202605102030,   2.159,9999.000,9999.000,9999.000,9999.000,9999.000,9999.000,9999.000,9999.000
202605102036,   2.219,9999.000,9999.000,9999.000,9999.000,9999.000,9999.000,9999.000,9999.000
202605102042,   2.276,9999.000,9999.000,9999.000,9999.000,9999.000,9999.000,9999.000,9999.000
202605102048,   2.330,9999.000,9999.000,9999.000,9999.000,9999.000,9999.000,9999.000,9999.000
202605102054,   2.382,9999.000,9999.000,9999.000,9999.000,9999.000,9999.000,9999.000,9999.000
202605102100,   2.432,9999.000,   0.100,  -0.187,   2.345,   0.000,   2.245,   0.300,   2.545
202605102106,   2.478,9999.000,9999.000,9999.000,9999.000,9999.000,9999.000,9999.000,9999.000
202605102112,   2.522,9999.000,9999.000,9999.000,9999.000,9999.000,9999.000,9999.000,9999.000
202605102118,   2.562,9999.000,9999.000,9999.000,9999.000,9999.000,9999.000,9999.000,9999.000
202605102124,   2.600,9999.000,9999.000,9999.000,9999.000,9999.000,9999.000,9999.000,9999.000
202605102130,   2.635,9999.000,9999.000,9999.000,9999.000,9999.000,9999.000,9999.000,9999.000
202605102136,   2.667,9999.000,9999.000,9999.000,9999.000,9999.000,9999.000,9999.000,9999.000
202605102142,   2.697,9999.000,9999.000,9999.000,9999.000,9999.000,9999.000,9999.000,9999.000
202605102148,   2.723,9999.000,9999.000,9999.000,9999.000,9999.000,9999.000,9999.000,9999.000
202605102154,   2.747,9999.000,9999.000,9999.000,9999.000,9999.000,9999.000,9999.000,9999.000
202605102200,   2.769,9999.000,   0.200,  -0.187,   2.782,   0.000,   2.582,   0.300,   2.882
202605102206,   2.787,9999.000,9999.000,9999.000,9999.000,9999.000,9999.000,9999.000,9999.000
202605102212,   2.804,9999.000,9999.000,9999.000,9999.000,9999.000,9999.000,9999.000,9999.000
202605102218,   2.818,9999.000,9999.000,9999.000,9999.000,9999.000,9999.000,9999.000,9999.000
202605102224,   2.829,9999.000,9999.000,9999.000,9999.000,9999.000,9999.000,9999.000,9999.000
202605102230,   2.838,9999.000,9999.000,9999.000,9999.000,9999.000,9999.000,9999.000,9999.000
202605102236,   2.845,9999.000,9999.000,9999.000,9999.000,9999.000,9999.000,9999.000,9999.000
202605102242,   2.849,9999.000,9999.000,9999.000,9999.000,9999.000,9999.000,9999.000,9999.000
202605102248,   2.851,9999.000,9999.000,9999.000,9999.000,9999.000,9999.000,9999.000,9999.000
202605102254,   2.851,9999.000,9999.000,9999.000,9999.000,9999.000,9999.000,9999.000,9999.000
202605102300,   2.848,9999.000,   0.200,  -0.187,   2.861,   0.000,   2.661,   0.300,   2.961
202605102306,   2.842,9999.000,9999.000,9999.000,9999.000,9999.000,9999.000,9999.000,9999.000
202605102312,   2.833,9999.000,9999.000,9999.000,9999.000,9999.000,9999.000,9999.000,9999.000
202605102318,   2.822,9999.000,9999.000,9999.000,9999.000,9999.000,9999.000,9999.000,9999.000
202605102324,   2.808,9999.000,9999.000,9999.000,9999.000,9999.000,9999.000,9999.000,9999.000
202605102330,   2.791,9999.000,9999.000,9999.000,9999.000,9999.000,9999.000,9999.000,9999.000
202605102336,   2.770,9999.000,9999.000,9999.000,9999.000,9999.000,9999.000,9999.000,9999.000
202605102342,   2.747,9999.000,9999.000,9999.000,9999.000,9999.000,9999.000,9999.000,9999.000
202605102348,   2.721,9999.000,9999.000,9999.000,9999.000,9999.000,9999.000,9999.000,9999.000
202605102354,   2.691,9999.000,9999.000,9999.000,9999.000,9999.000,9999.000,9999.000,9999.000
202605110000,   2.659,9999.000,   0.200,  -0.187,   2.672,   0.000,   2.472,   0.300,   2.772
202605110006,   2.623,9999.000,9999.000,9999.000,9999.000,9999.000,9999.000,9999.000,9999.000
202605110012,   2.584,9999.000,9999.000,9999.000,9999.000,9999.000,9999.000,9999.000,9999.000
202605110018,   2.542,9999.000,9999.000,9999.000,9999.000,9999.000,9999.000,9999.000,9999.000
202605110024,   2.497,9999.000,9999.000,9999.000,9999.000,9999.000,9999.000,9999.000,9999.000
202605110030,   2.449,9999.000,9999.000,9999.000,9999.000,9999.000,9999.000,9999.000,9999.000
202605110036,   2.398,9999.000,9999.000,9999.000,9999.000,9999.000,9999.000,9999.000,9999.000
202605110042,   2.345,9999.000,9999.000,9999.000,9999.000,9999.000,9999.000,9999.000,9999.000
202605110048,   2.289,9999.000,9999.000,9999.000,9999.000,9999.000,9999.000,9999.000,9999.000
202605110054,   2.232,9999.000,9999.000,9999.000,9999.000,9999.000,9999.000,9999.000,9999.000
202605110100,   2.172,9999.000,   0.200,  -0.187,   2.185,   0.000,   1.985,   0.300,   2.285
202605110106,   2.111,9999.000,9999.000,9999.000,9999.000,9999.000,9999.000,9999.000,9999.000
202605110112,   2.048,9999.000,9999.000,9999.000,9999.000,9999.000,9999.000,9999.000,9999.000
202605110118,   1.984,9999.000,9999.000,9999.000,9999.000,9999.000,9999.000,9999.000,9999.000
202605110124,   1.919,9999.000,9999.000,9999.000,9999.000,9999.000,9999.000,9999.000,9999.000
202605110130,   1.853,9999.000,9999.000,9999.000,9999.000,9999.000,9999.000,9999.000,9999.000
202605110136,   1.786,9999.000,9999.000,9999.000,9999.000,9999.000,9999.000,9999.000,9999.000
202605110142,   1.719,9999.000,9999.000,9999.000,9999.000,9999.000,9999.000,9999.000,9999.000
202605110148,   1.653,9999.000,9999.000,9999.000,9999.000,9999.000,9999.000,9999.000,9999.000
202605110154,   1.586,9999.000,9999.000,9999.000,9999.000,9999.000,9999.000,9999.000,9999.000
202605110200,   1.519,9999.000,   0.200,  -0.187,   1.532,   0.000,   1.332,   0.300,   1.632
202605110206,   1.453,9999.000,9999.000,9999.000,9999.000,9999.000,9999.000,9999.000,9999.000
202605110212,   1.388,9999.000,9999.000,9999.000,9999.000,9999.000,9999.000,9999.000,9999.000
202605110218,   1.323,9999.000,9999.000,9999.000,9999.000,9999.000,9999.000,9999.000,9999.000
202605110224,   1.260,9999.000,9999.000,9999.000,9999.000,9999.000,9999.000,9999.000,9999.000
202605110230,   1.197,9999.000,9999.000,9999.000,9999.000,9999.000,9999.000,9999.000,9999.000
202605110236,   1.136,9999.000,9999.000,9999.000,9999.000,9999.000,9999.000,9999.000,9999.000
202605110242,   1.076,9999.000,9999.000,9999.000,9999.000,9999.000,9999.000,9999.000,9999.000
202605110248,   1.018,9999.000,9999.000,9999.000,9999.000,9999.000,9999.000,9999.000,9999.000
202605110254,   0.961,9999.000,9999.000,9999.000,9999.000,9999.000,9999.000,9999.000,9999.000
202605110300,   0.906,9999.000,   0.200,  -0.187,   0.919,   0.000,   0.719,   0.300,   1.019
202605110306,   0.853,9999.000,9999.000,9999.000,9999.000,9999.000,9999.000,9999.000,9999.000
202605110312,   0.802,9999.000,9999.000,9999.000,9999.000,9999.000,9999.000,9999.000,9999.000
202605110318,   0.753,9999.000,9999.000,9999.000,9999.000,9999.000,9999.000,9999.000,9999.000
202605110324,   0.706,9999.000,9999.000,9999.000,9999.000,9999.000,9999.000,9999.000,9999.000
202605110330,   0.662,9999.000,9999.000,9999.000,9999.000,9999.000,9999.000,9999.000,9999.000
202605110336,   0.620,9999.000,9999.000,9999.000,9999.000,9999.000,9999.000,9999.000,9999.000
202605110342,   0.580,9999.000,9999.000,9999.000,9999.000,9999.000,9999.000,9999.000,9999.000
202605110348,   0.544,9999.000,9999.000,9999.000,9999.000,9999.000,9999.000,9999.000,9999.000
202605110354,   0.510,9999.000,9999.000,9999.000,9999.000,9999.000,9999.000,9999.000,9999.000
202605110400,   0.479,9999.000,   0.200,  -0.187,   0.492,   0.000,   0.292,   0.300,   0.592
202605110406,   0.451,9999.000,9999.000,9999.000,9999.000,9999.000,9999.000,9999.000,9999.000
202605110412,   0.427,9999.000,9999.000,9999.000,9999.000,9999.000,9999.000,9999.000,9999.000
202605110418,   0.405,9999.000,9999.000,9999.000,9999.000,9999.000,9999.000,9999.000,9999.000
202605110424,   0.387,9999.000,9999.000,9999.000,9999.000,9999.000,9999.000,9999.000,9999.000
202605110430,   0.372,9999.000,9999.000,9999.000,9999.000,9999.000,9999.000,9999.000,9999.000
202605110436,   0.360,9999.000,9999.000,9999.000,9999.000,9999.000,9999.000,9999.000,9999.000
202605110442,   0.352,9999.000,9999.000,9999.000,9999.000,9999.000,9999.000,9999.000,9999.000
202605110448,   0.347,9999.000,9999.000,9999.000,9999.000,9999.000,9999.000,9999.000,9999.000
202605110454,   0.345,9999.000,9999.000,9999.000,9999.000,9999.000,9999.000,9999.000,9999.000
202605110500,   0.346,9999.000,   0.200,  -0.187,   0.359,   0.100,   0.259,   0.300,   0.459
202605110506,   0.351,9999.000,9999.000,9999.000,9999.000,9999.000,9999.000,9999.000,9999.000
202605110512,   0.359,9999.000,9999.000,9999.000,9999.000,9999.000,9999.000,9999.000,9999.000
202605110518,   0.370,9999.000,9999.000,9999.000,9999.000,9999.000,9999.000,9999.000,9999.000
202605110524,   0.383,9999.000,9999.000,9999.000,9999.000,9999.000,9999.000,9999.000,9999.000
202605110530,   0.400,9999.000,9999.000,9999.000,9999.000,9999.000,9999.000,9999.000,9999.000
202605110536,   0.420,9999.000,9999.000,9999.000,9999.000,9999.000,9999.000,9999.000,9999.000
202605110542,   0.442,9999.000,9999.000,9999.000,9999.000,9999.000,9999.000,9999.000,9999.000
202605110548,   0.467,9999.000,9999.000,9999.000,9999.000,9999.000,9999.000,9999.000,9999.000
202605110554,   0.495,9999.000,9999.000,9999.000,9999.000,9999.000,9999.000,9999.000,9999.000
202605110600,   0.525,9999.000,   0.200,  -0.187,   0.538,   0.100,   0.438,   0.300,   0.638
202605110606,   0.557,9999.000,9999.000,9999.000,9999.000,9999.000,9999.000,9999.000,9999.000
202605110612,   0.592,9999.000,9999.000,9999.000,9999.000,9999.000,9999.000,9999.000,9999.000
202605110618,   0.629,9999.000,9999.000,9999.000,9999.000,9999.000,9999.000,9999.000,9999.000
202605110624,   0.669,9999.000,9999.000,9999.000,9999.000,9999.000,9999.000,9999.000,9999.000
202605110630,   0.711,9999.000,9999.000,9999.000,9999.000,9999.000,9999.000,9999.000,9999.000
202605110636,   0.754,9999.000,9999.000,9999.000,9999.000,9999.000,9999.000,9999.000,9999.000
202605110642,   0.800,9999.000,9999.000,9999.000,9999.000,9999.000,9999.000,9999.000,9999.000
202605110648,   0.849,9999.000,9999.000,9999.000,9999.000,9999.000,9999.000,9999.000,9999.000
202605110654,   0.899,9999.000,9999.000,9999.000,9999.000,9999.000,9999.000,9999.000,9999.000
202605110700,   0.951,9999.000,   0.200,  -0.187,   0.964,   0.100,   0.864,   0.300,   1.064
202605110706,   1.005,9999.000,9999.000,9999.000,9999.000,9999.000,9999.000,9999.000,9999.000
202605110712,   1.061,9999.000,9999.000,9999.000,9999.000,9999.000,9999.000,9999.000,9999.000
202605110718,   1.118,9999.000,9999.000,9999.000,9999.000,9999.000,9999.000,9999.000,9999.000
202605110724,   1.177,9999.000,9999.000,9999.000,9999.000,9999.000,9999.000,9999.000,9999.000
202605110730,   1.238,9999.000,9999.000,9999.000,9999.000,9999.000,9999.000,9999.000,9999.000
202605110736,   1.300,9999.000,9999.000,9999.000,9999.000,9999.000,9999.000,9999.000,9999.000
202605110742,   1.363,9999.000,9999.000,9999.000,9999.000,9999.000,9999.000,9999.000,9999.000
202605110748,   1.427,9999.000,9999.000,9999.000,9999.000,9999.000,9999.000,9999.000,9999.000
202605110754,   1.491,9999.000,9999.000,9999.000,9999.000,9999.000,9999.000,9999.000,9999.000
202605110800,   1.556,9999.000,   0.200,  -0.187,   1.569,   0.100,   1.469,   0.300,   1.669
202605110806,   1.622,9999.000,9999.000,9999.000,9999.000,9999.000,9999.000,9999.000,9999.000
202605110812,   1.687,9999.000,9999.000,9999.000,9999.000,9999.000,9999.000,9999.000,9999.000
202605110818,   1.752,9999.000,9999.000,9999.000,9999.000,9999.000,9999.000,9999.000,9999.000
202605110824,   1.816,9999.000,9999.000,9999.000,9999.000,9999.000,9999.000,9999.000,9999.000
202605110830,   1.880,9999.000,9999.000,9999.000,9999.000,9999.000,9999.000,9999.000,9999.000
202605110836,   1.942,9999.000,9999.000,9999.000,9999.000,9999.000,9999.000,9999.000,9999.000
202605110842,   2.003,9999.000,9999.000,9999.000,9999.000,9999.000,9999.000,9999.000,9999.000
202605110848,   2.063,9999.000,9999.000,9999.000,9999.000,9999.000,9999.000,9999.000,9999.000
202605110854,   2.120,9999.000,9999.000,9999.000,9999.000,9999.000,9999.000,9999.000,9999.000
202605110900,   2.176,9999.000,   0.200,  -0.187,   2.189,   0.100,   2.089,   0.300,   2.289
202605110906,   2.229,9999.000,9999.000,9999.000,9999.000,9999.000,9999.000,9999.000,9999.000
202605110912,   2.279,9999.000,9999.000,9999.000,9999.000,9999.000,9999.000,9999.000,9999.000
202605110918,   2.327,9999.000,9999.000,9999.000,9999.000,9999.000,9999.000,9999.000,9999.000
202605110924,   2.373,9999.000,9999.000,9999.000,9999.000,9999.000,9999.000,9999.000,9999.000
202605110930,   2.415,9999.000,9999.000,9999.000,9999.000,9999.000,9999.000,9999.000,9999.000
202605110936,   2.455,9999.000,9999.000,9999.000,9999.000,9999.000,9999.000,9999.000,9999.000
202605110942,   2.491,9999.000,9999.000,9999.000,9999.000,9999.000,9999.000,9999.000,9999.000
202605110948,   2.525,9999.000,9999.000,9999.000,9999.000,9999.000,9999.000,9999.000,9999.000
202605110954,   2.556,9999.000,9999.000,9999.000,9999.000,9999.000,9999.000,9999.000,9999.000
202605111000,   2.584,9999.000,   0.300,  -0.187,   2.697,   0.100,   2.497,   0.400,   2.797
202605111006,   2.609,9999.000,9999.000,9999.000,9999.000,9999.000,9999.000,9999.000,9999.000
202605111012,   2.631,9999.000,9999.000,9999.000,9999.000,9999.000,9999.000,9999.000,9999.000
202605111018,   2.651,9999.000,9999.000,9999.000,9999.000,9999.000,9999.000,9999.000,9999.000
202605111024,   2.668,9999.000,9999.000,9999.000,9999.000,9999.000,9999.000,9999.000,9999.000
202605111030,   2.683,9999.000,9999.000,9999.000,9999.000,9999.000,9999.000,9999.000,9999.000
202605111036,   2.695,9999.000,9999.000,9999.000,9999.000,9999.000,9999.000,9999.000,9999.000
202605111042,   2.704,9999.000,9999.000,9999.000,9999.000,9999.000,9999.000,9999.000,9999.000
202605111048,   2.711,9999.000,9999.000,9999.000,9999.000,9999.000,9999.000,9999.000,9999.000
202605111054,   2.716,9999.000,9999.000,9999.000,9999.000,9999.000,9999.000,9999.000,9999.000
202605111100,   2.718,9999.000,   0.300,  -0.187,   2.831,   0.100,   2.631,   0.400,   2.931
202605111106,   2.718,9999.000,9999.000,9999.000,9999.000,9999.000,9999.000,9999.000,9999.000
202605111112,   2.716,9999.000,9999.000,9999.000,9999.000,9999.000,9999.000,9999.000,9999.000
202605111118,   2.711,9999.000,9999.000,9999.000,9999.000,9999.000,9999.000,9999.000,9999.000
202605111124,   2.703,9999.000,9999.000,9999.000,9999.000,9999.000,9999.000,9999.000,9999.000
202605111130,   2.693,9999.000,9999.000,9999.000,9999.000,9999.000,9999.000,9999.000,9999.000
202605111136,   2.680,9999.000,9999.000,9999.000,9999.000,9999.000,9999.000,9999.000,9999.000
202605111142,   2.665,9999.000,9999.000,9999.000,9999.000,9999.000,9999.000,9999.000,9999.000
202605111148,   2.646,9999.000,9999.000,9999.000,9999.000,9999.000,9999.000,9999.000,9999.000
202605111154,   2.625,9999.000,9999.000,9999.000,9999.000,9999.000,9999.000,9999.000,9999.000
202605111200,   2.601,9999.000,   0.300,  -0.187,   2.714,   0.200,   2.614,   0.400,   2.814
202605111206,   2.573,9999.000,9999.000,9999.000,9999.000,9999.000,9999.000,9999.000,9999.000
202605111212,   2.543,9999.000,9999.000,9999.000,9999.000,9999.000,9999.000,9999.000,9999.000
202605111218,   2.510,9999.000,9999.000,9999.000,9999.000,9999.000,9999.000,9999.000,9999.000
202605111224,   2.473,9999.000,9999.000,9999.000,9999.000,9999.000,9999.000,9999.000,9999.000
202605111230,   2.433,9999.000,9999.000,9999.000,9999.000,9999.000,9999.000,9999.000,9999.000
202605111236,   2.390,9999.000,9999.000,9999.000,9999.000,9999.000,9999.000,9999.000,9999.000
202605111242,   2.345,9999.000,9999.000,9999.000,9999.000,9999.000,9999.000,9999.000,9999.000
202605111248,   2.296,9999.000,9999.000,9999.000,9999.000,9999.000,9999.000,9999.000,9999.000
202605111254,   2.244,9999.000,9999.000,9999.000,9999.000,9999.000,9999.000,9999.000,9999.000
202605111300,   2.190,9999.000,   0.300,  -0.187,   2.303,   0.200,   2.203,   0.400,   2.403
202605111306,   2.134,9999.000,9999.000,9999.000,9999.000,9999.000,9999.000,9999.000,9999.000
202605111312,   2.075,9999.000,9999.000,9999.000,9999.000,9999.000,9999.000,9999.000,9999.000
202605111318,   2.014,9999.000,9999.000,9999.000,9999.000,9999.000,9999.000,9999.000,9999.000
202605111324,   1.951,9999.000,9999.000,9999.000,9999.000,9999.000,9999.000,9999.000,9999.000
202605111330,   1.886,9999.000,9999.000,9999.000,9999.000,9999.000,9999.000,9999.000,9999.000
202605111336,   1.820,9999.000,9999.000,9999.000,9999.000,9999.000,9999.000,9999.000,9999.000
202605111342,   1.753,9999.000,9999.000,9999.000,9999.000,9999.000,9999.000,9999.000,9999.000
202605111348,   1.685,9999.000,9999.000,9999.000,9999.000,9999.000,9999.000,9999.000,9999.000
202605111354,   1.616,9999.000,9999.000,9999.000,9999.000,9999.000,9999.000,9999.000,9999.000
202605111400,   1.547,9999.000,   0.300,  -0.187,   1.660,   0.200,   1.560,   0.400,   1.760
202605111406,   1.478,9999.000,9999.000,9999.000,9999.000,9999.000,9999.000,9999.000,9999.000
202605111412,   1.408,9999.000,9999.000,9999.000,9999.000,9999.000,9999.000,9999.000,9999.000
202605111418,   1.339,9999.000,9999.000,9999.000,9999.000,9999.000,9999.000,9999.000,9999.000
202605111424,   1.270,9999.000,9999.000,9999.000,9999.000,9999.000,9999.000,9999.000,9999.000
202605111430,   1.202,9999.000,9999.000,9999.000,9999.000,9999.000,9999.000,9999.000,9999.000
202605111436,   1.135,9999.000,9999.000,9999.000,9999.000,9999.000,9999.000,9999.000,9999.000
202605111442,   1.068,9999.000,9999.000,9999.000,9999.000,9999.000,9999.000,9999.000,9999.000
202605111448,   1.003,9999.000,9999.000,9999.000,9999.000,9999.000,9999.000,9999.000,9999.000
202605111454,   0.939,9999.000,9999.000,9999.000,9999.000,9999.000,9999.000,9999.000,9999.000
202605111500,   0.876,9999.000,   0.300,  -0.187,   0.989,   0.200,   0.889,   0.400,   1.089
202605111506,   0.815,9999.000,9999.000,9999.000,9999.000,9999.000,9999.000,9999.000,9999.000
202605111512,   0.756,9999.000,9999.000,9999.000,9999.000,9999.000,9999.000,9999.000,9999.000
202605111518,   0.698,9999.000,9999.000,9999.000,9999.000,9999.000,9999.000,9999.000,9999.000
202605111524,   0.643,9999.000,9999.000,9999.000,9999.000,9999.000,9999.000,9999.000,9999.000
202605111530,   0.589,9999.000,9999.000,9999.000,9999.000,9999.000,9999.000,9999.000,9999.000
202605111536,   0.538,9999.000,9999.000,9999.000,9999.000,9999.000,9999.000,9999.000,9999.000
202605111542,   0.489,9999.000,9999.000,9999.000,9999.000,9999.000,9999.000,9999.000,9999.000
202605111548,   0.443,9999.000,9999.000,9999.000,9999.000,9999.000,9999.000,9999.000,9999.000
202605111554,   0.399,9999.000,9999.000,9999.000,9999.000,9999.000,9999.000,9999.000,9999.000
202605111600,   0.357,9999.000,   0.300,  -0.187,   0.470,   0.200,   0.370,   0.500,   0.670
202605111606,   0.319,9999.000,9999.000,9999.000,9999.000,9999.000,9999.000,9999.000,9999.000
202605111612,   0.284,9999.000,9999.000,9999.000,9999.000,9999.000,9999.000,9999.000,9999.000
202605111618,   0.252,9999.000,9999.000,9999.000,9999.000,9999.000,9999.000,9999.000,9999.000
202605111624,   0.223,9999.000,9999.000,9999.000,9999.000,9999.000,9999.000,9999.000,9999.000
202605111630,   0.197,9999.000,9999.000,9999.000,9999.000,9999.000,9999.000,9999.000,9999.000
202605111636,   0.174,9999.000,9999.000,9999.000,9999.000,9999.000,9999.000,9999.000,9999.000
202605111642,   0.155,9999.000,9999.000,9999.000,9999.000,9999.000,9999.000,9999.000,9999.000
202605111648,   0.140,9999.000,9999.000,9999.000,9999.000,9999.000,9999.000,9999.000,9999.000
202605111654,   0.128,9999.000,9999.000,9999.000,9999.000,9999.000,9999.000,9999.000,9999.000
202605111700,   0.120,9999.000,   0.400,  -0.187,   0.333,   0.200,   0.133,   0.500,   0.433
202605111706,   0.115,9999.000,9999.000,9999.000,9999.000,9999.000,9999.000,9999.000,9999.000
202605111712,   0.114,9999.000,9999.000,9999.000,9999.000,9999.000,9999.000,9999.000,9999.000
202605111718,   0.117,9999.000,9999.000,9999.000,9999.000,9999.000,9999.000,9999.000,9999.000
202605111724,   0.123,9999.000,9999.000,9999.000,9999.000,9999.000,9999.000,9999.000,9999.000
202605111730,   0.133,9999.000,9999.000,9999.000,9999.000,9999.000,9999.000,9999.000,9999.000
202605111736,   0.146,9999.000,9999.000,9999.000,9999.000,9999.000,9999.000,9999.000,9999.000
202605111742,   0.162,9999.000,9999.000,9999.000,9999.000,9999.000,9999.000,9999.000,9999.000
202605111748,   0.182,9999.000,9999.000,9999.000,9999.000,9999.000,9999.000,9999.000,9999.000
202605111754,   0.205,9999.000,9999.000,9999.000,9999.000,9999.000,9999.000,9999.000,9999.000
202605111800,   0.231,9999.000,   0.400,  -0.187,   0.444,   0.200,   0.244,   0.500,   0.544
202605111806,   0.261,9999.000,9999.000,9999.000,9999.000,9999.000,9999.000,9999.000,9999.000
202605111812,   0.293,9999.000,9999.000,9999.000,9999.000,9999.000,9999.000,9999.000,9999.000
202605111818,   0.328,9999.000,9999.000,9999.000,9999.000,9999.000,9999.000,9999.000,9999.000
202605111824,   0.366,9999.000,9999.000,9999.000,9999.000,9999.000,9999.000,9999.000,9999.000
202605111830,   0.406,9999.000,9999.000,9999.000,9999.000,9999.000,9999.000,9999.000,9999.000
202605111836,   0.450,9999.000,9999.000,9999.000,9999.000,9999.000,9999.000,9999.000,9999.000
202605111842,   0.496,9999.000,9999.000,9999.000,9999.000,9999.000,9999.000,9999.000,9999.000
202605111848,   0.544,9999.000,9999.000,9999.000,9999.000,9999.000,9999.000,9999.000,9999.000
202605111854,   0.595,9999.000,9999.000,9999.000,9999.000,9999.000,9999.000,9999.000,9999.000
202605111900,   0.648,9999.000,   0.400,  -0.187,   0.861,   0.200,   0.661,   0.500,   0.961
202605111906,   0.704,9999.000,9999.000,9999.000,9999.000,9999.000,9999.000,9999.000,9999.000
202605111912,   0.762,9999.000,9999.000,9999.000,9999.000,9999.000,9999.000,9999.000,9999.000
202605111918,   0.822,9999.000,9999.000,9999.000,9999.000,9999.000,9999.000,9999.000,9999.000
202605111924,   0.885,9999.000,9999.000,9999.000,9999.000,9999.000,9999.000,9999.000,9999.000
202605111930,   0.949,9999.000,9999.000,9999.000,9999.000,9999.000,9999.000,9999.000,9999.000
202605111936,   1.016,9999.000,9999.000,9999.000,9999.000,9999.000,9999.000,9999.000,9999.000
202605111942,   1.084,9999.000,9999.000,9999.000,9999.000,9999.000,9999.000,9999.000,9999.000
202605111948,   1.154,9999.000,9999.000,9999.000,9999.000,9999.000,9999.000,9999.000,9999.000
202605111954,   1.226,9999.000,9999.000,9999.000,9999.000,9999.000,9999.000,9999.000,9999.000
202605112000,   1.299,9999.000,   0.400,  -0.187,   1.512,   0.200,   1.312,   0.600,   1.712
202605112006,   1.373,9999.000,9999.000,9999.000,9999.000,9999.000,9999.000,9999.000,9999.000
202605112012,   1.449,9999.000,9999.000,9999.000,9999.000,9999.000,9999.000,9999.000,9999.000
202605112018,   1.525,9999.000,9999.000,9999.000,9999.000,9999.000,9999.000,9999.000,9999.000
202605112024,   1.602,9999.000,9999.000,9999.000,9999.000,9999.000,9999.000,9999.000,9999.000
202605112030,   1.680,9999.000,9999.000,9999.000,9999.000,9999.000,9999.000,9999.000,9999.000
202605112036,   1.757,9999.000,9999.000,9999.000,9999.000,9999.000,9999.000,9999.000,9999.000
202605112042,   1.834,9999.000,9999.000,9999.000,9999.000,9999.000,9999.000,9999.000,9999.000
202605112048,   1.910,9999.000,9999.000,9999.000,9999.000,9999.000,9999.000,9999.000,9999.000
202605112054,   1.986,9999.000,9999.000,9999.000,9999.000,9999.000,9999.000,9999.000,9999.000
202605112100,   2.061,9999.000,   0.400,  -0.187,   2.274,   0.300,   2.174,   0.600,   2.474
202605112106,   2.134,9999.000,9999.000,9999.000,9999.000,9999.000,9999.000,9999.000,9999.000
202605112112,   2.205,9999.000,9999.000,9999.000,9999.000,9999.000,9999.000,9999.000,9999.000
202605112118,   2.275,9999.000,9999.000,9999.000,9999.000,9999.000,9999.000,9999.000,9999.000
202605112124,   2.342,9999.000,9999.000,9999.000,9999.000,9999.000,9999.000,9999.000,9999.000
202605112130,   2.407,9999.000,9999.000,9999.000,9999.000,9999.000,9999.000,9999.000,9999.000
202605112136,   2.470,9999.000,9999.000,9999.000,9999.000,9999.000,9999.000,9999.000,9999.000
202605112142,   2.530,9999.000,9999.000,9999.000,9999.000,9999.000,9999.000,9999.000,9999.000
202605112148,   2.586,9999.000,9999.000,9999.000,9999.000,9999.000,9999.000,9999.000,9999.000
202605112154,   2.640,9999.000,9999.000,9999.000,9999.000,9999.000,9999.000,9999.000,9999.000
202605112200,   2.691,9999.000,   0.400,  -0.187,   2.904,   0.300,   2.804,   0.600,   3.104
202605112206,   2.739,9999.000,9999.000,9999.000,9999.000,9999.000,9999.000,9999.000,9999.000
202605112212,   2.783,9999.000,9999.000,9999.000,9999.000,9999.000,9999.000,9999.000,9999.000
202605112218,   2.824,9999.000,9999.000,9999.000,9999.000,9999.000,9999.000,9999.000,9999.000
202605112224,   2.862,9999.000,9999.000,9999.000,9999.000,9999.000,9999.000,9999.000,9999.000
202605112230,   2.898,9999.000,9999.000,9999.000,9999.000,9999.000,9999.000,9999.000,9999.000
202605112236,   2.930,9999.000,9999.000,9999.000,9999.000,9999.000,9999.000,9999.000,9999.000
202605112242,   2.959,9999.000,9999.000,9999.000,9999.000,9999.000,9999.000,9999.000,9999.000
202605112248,   2.985,9999.000,9999.000,9999.000,9999.000,9999.000,9999.000,9999.000,9999.000
202605112254,   3.008,9999.000,9999.000,9999.000,9999.000,9999.000,9999.000,9999.000,9999.000
202605112300,   3.028,9999.000,   0.400,  -0.187,   3.241,   0.300,   3.141,   0.600,   3.441
202605112306,   3.045,9999.000,9999.000,9999.000,9999.000,9999.000,9999.000,9999.000,9999.000
202605112312,   3.060,9999.000,9999.000,9999.000,9999.000,9999.000,9999.000,9999.000,9999.000
202605112318,   3.072,9999.000,9999.000,9999.000,9999.000,9999.000,9999.000,9999.000,9999.000
202605112324,   3.081,9999.000,9999.000,9999.000,9999.000,9999.000,9999.000,9999.000,9999.000
202605112330,   3.087,9999.000,9999.000,9999.000,9999.000,9999.000,9999.000,9999.000,9999.000
202605112336,   3.091,9999.000,9999.000,9999.000,9999.000,9999.000,9999.000,9999.000,9999.000
202605112342,   3.091,9999.000,9999.000,9999.000,9999.000,9999.000,9999.000,9999.000,9999.000
202605112348,   3.089,9999.000,9999.000,9999.000,9999.000,9999.000,9999.000,9999.000,9999.000
202605112354,   3.083,9999.000,9999.000,9999.000,9999.000,9999.000,9999.000,9999.000,9999.000
202605120000,   3.075,9999.000,   0.500,  -0.187,   3.388,   0.300,   3.188,   0.600,   3.488
202605120006,   3.063,9999.000,9999.000,9999.000,9999.000,9999.000,9999.000,9999.000,9999.000
202605120012,   3.048,9999.000,9999.000,9999.000,9999.000,9999.000,9999.000,9999.000,9999.000
202605120018,   3.030,9999.000,9999.000,9999.000,9999.000,9999.000,9999.000,9999.000,9999.000
202605120024,   3.009,9999.000,9999.000,9999.000,9999.000,9999.000,9999.000,9999.000,9999.000
202605120030,   2.984,9999.000,9999.000,9999.000,9999.000,9999.000,9999.000,9999.000,9999.000
202605120036,   2.955,9999.000,9999.000,9999.000,9999.000,9999.000,9999.000,9999.000,9999.000
202605120042,   2.923,9999.000,9999.000,9999.000,9999.000,9999.000,9999.000,9999.000,9999.000
202605120048,   2.887,9999.000,9999.000,9999.000,9999.000,9999.000,9999.000,9999.000,9999.000
202605120054,   2.848,9999.000,9999.000,9999.000,9999.000,9999.000,9999.000,9999.000,9999.000
202605120100,   2.805,9999.000,   0.500,  -0.187,   3.118,   0.300,   2.918,   0.700,   3.318
202605120106,   2.758,9999.000,9999.000,9999.000,9999.000,9999.000,9999.000,9999.000,9999.000
202605120112,   2.709,9999.000,9999.000,9999.000,9999.000,9999.000,9999.000,9999.000,9999.000
202605120118,   2.656,9999.000,9999.000,9999.000,9999.000,9999.000,9999.000,9999.000,9999.000
202605120124,   2.600,9999.000,9999.000,9999.000,9999.000,9999.000,9999.000,9999.000,9999.000
202605120130,   2.541,9999.000,9999.000,9999.000,9999.000,9999.000,9999.000,9999.000,9999.000
202605120136,   2.479,9999.000,9999.000,9999.000,9999.000,9999.000,9999.000,9999.000,9999.000
202605120142,   2.415,9999.000,9999.000,9999.000,9999.000,9999.000,9999.000,9999.000,9999.000
202605120148,   2.348,9999.000,9999.000,9999.000,9999.000,9999.000,9999.000,9999.000,9999.000
202605120154,   2.279,9999.000,9999.000,9999.000,9999.000,9999.000,9999.000,9999.000,9999.000
202605120200,   2.208,9999.000,   0.500,  -0.187,   2.521,   0.300,   2.321,   0.600,   2.621
202605120206,   2.136,9999.000,9999.000,9999.000,9999.000,9999.000,9999.000,9999.000,9999.000
202605120212,   2.062,9999.000,9999.000,9999.000,9999.000,9999.000,9999.000,9999.000,9999.000
202605120218,   1.987,9999.000,9999.000,9999.000,9999.000,9999.000,9999.000,9999.000,9999.000
202605120224,   1.912,9999.000,9999.000,9999.000,9999.000,9999.000,9999.000,9999.000,9999.000
202605120230,   1.836,9999.000,9999.000,9999.000,9999.000,9999.000,9999.000,9999.000,9999.000
202605120236,   1.759,9999.000,9999.000,9999.000,9999.000,9999.000,9999.000,9999.000,9999.000
202605120242,   1.682,9999.000,9999.000,9999.000,9999.000,9999.000,9999.000,9999.000,9999.000
202605120248,   1.605,9999.000,9999.000,9999.000,9999.000,9999.000,9999.000,9999.000,9999.000
202605120254,   1.529,9999.000,9999.000,9999.000,9999.000,9999.000,9999.000,9999.000,9999.000
202605120300,   1.453,9999.000,   0.500,  -0.187,   1.766,   0.300,   1.566,   0.700,   1.966
202605120306,   1.377,9999.000,9999.000,9999.000,9999.000,9999.000,9999.000,9999.000,9999.000
202605120312,   1.303,9999.000,9999.000,9999.000,9999.000,9999.000,9999.000,9999.000,9999.000
202605120318,   1.229,9999.000,9999.000,9999.000,9999.000,9999.000,9999.000,9999.000,9999.000
202605120324,   1.157,9999.000,9999.000,9999.000,9999.000,9999.000,9999.000,9999.000,9999.000
202605120330,   1.086,9999.000,9999.000,9999.000,9999.000,9999.000,9999.000,9999.000,9999.000
202605120336,   1.016,9999.000,9999.000,9999.000,9999.000,9999.000,9999.000,9999.000,9999.000
202605120342,   0.948,9999.000,9999.000,9999.000,9999.000,9999.000,9999.000,9999.000,9999.000
202605120348,   0.882,9999.000,9999.000,9999.000,9999.000,9999.000,9999.000,9999.000,9999.000
202605120354,   0.818,9999.000,9999.000,9999.000,9999.000,9999.000,9999.000,9999.000,9999.000
202605120400,   0.755,9999.000,   0.500,  -0.187,   1.068,   0.300,   0.868,   0.700,   1.268
202605120406,   0.695,9999.000,9999.000,9999.000,9999.000,9999.000,9999.000,9999.000,9999.000
202605120412,   0.637,9999.000,9999.000,9999.000,9999.000,9999.000,9999.000,9999.000,9999.000
202605120418,   0.582,9999.000,9999.000,9999.000,9999.000,9999.000,9999.000,9999.000,9999.000
202605120424,   0.529,9999.000,9999.000,9999.000,9999.000,9999.000,9999.000,9999.000,9999.000
202605120430,   0.479,9999.000,9999.000,9999.000,9999.000,9999.000,9999.000,9999.000,9999.000
202605120436,   0.432,9999.000,9999.000,9999.000,9999.000,9999.000,9999.000,9999.000,9999.000
202605120442,   0.388,9999.000,9999.000,9999.000,9999.000,9999.000,9999.000,9999.000,9999.000
202605120448,   0.347,9999.000,9999.000,9999.000,9999.000,9999.000,9999.000,9999.000,9999.000
202605120454,   0.309,9999.000,9999.000,9999.000,9999.000,9999.000,9999.000,9999.000,9999.000
202605120500,   0.275,9999.000,   0.500,  -0.187,   0.588,   0.300,   0.388,   0.700,   0.788
202605120506,   0.244,9999.000,9999.000,9999.000,9999.000,9999.000,9999.000,9999.000,9999.000
202605120512,   0.217,9999.000,9999.000,9999.000,9999.000,9999.000,9999.000,9999.000,9999.000
202605120518,   0.193,9999.000,9999.000,9999.000,9999.000,9999.000,9999.000,9999.000,9999.000
202605120524,   0.173,9999.000,9999.000,9999.000,9999.000,9999.000,9999.000,9999.000,9999.000
202605120530,   0.157,9999.000,9999.000,9999.000,9999.000,9999.000,9999.000,9999.000,9999.000
202605120536,   0.144,9999.000,9999.000,9999.000,9999.000,9999.000,9999.000,9999.000,9999.000
202605120542,   0.135,9999.000,9999.000,9999.000,9999.000,9999.000,9999.000,9999.000,9999.000
202605120548,   0.130,9999.000,9999.000,9999.000,9999.000,9999.000,9999.000,9999.000,9999.000
202605120554,   0.128,9999.000,9999.000,9999.000,9999.000,9999.000,9999.000,9999.000,9999.000
202605120600,   0.130,9999.000,   0.500,  -0.187,   0.443,   0.200,   0.143,   0.600,   0.543
