        TIME,    TIDE,      OB,   SURGE,    BIAS,     TWL,SURGE90p,  TWL90p,SURGE10p,   TWL10p
202605161200,   3.005,   3.279,   0.200,   0.074,   3.279,   0.100,   3.179,   0.200,   3.279
202605161206,   2.998,9999.000,9999.000,9999.000,9999.000,9999.000,9999.000,9999.000,9999.000
202605161212,   2.986,   3.240,9999.000,9999.000,9999.000,9999.000,9999.000,9999.000,9999.000
202605161218,   2.969,9999.000,9999.000,9999.000,9999.000,9999.000,9999.000,9999.000,9999.000
202605161224,   2.948,   3.178,9999.000,9999.000,9999.000,9999.000,9999.000,9999.000,9999.000
202605161230,   2.922,9999.000,9999.000,9999.000,9999.000,9999.000,9999.000,9999.000,9999.000
202605161236,   2.891,   3.089,9999.000,9999.000,9999.000,9999.000,9999.000,9999.000,9999.000
202605161242,   2.857,9999.000,9999.000,9999.000,9999.000,9999.000,9999.000,9999.000,9999.000
202605161248,   2.818,   2.968,9999.000,9999.000,9999.000,9999.000,9999.000,9999.000,9999.000
202605161254,   2.775,9999.000,9999.000,9999.000,9999.000,9999.000,9999.000,9999.000,9999.000
202605161300,   2.729,   2.869,   0.100,   0.040,   2.869,   0.100,   2.869,   0.200,   2.969
202605161306,   2.679,   2.787,9999.000,9999.000,9999.000,9999.000,9999.000,9999.000,9999.000
202605161312,   2.626,   2.748,9999.000,9999.000,9999.000,9999.000,9999.000,9999.000,9999.000
202605161318,   2.570,   2.689,9999.000,9999.000,9999.000,9999.000,9999.000,9999.000,9999.000
202605161324,   2.511,   2.620,9999.000,9999.000,9999.000,9999.000,9999.000,9999.000,9999.000
202605161330,   2.450,   2.538,9999.000,9999.000,9999.000,9999.000,9999.000,9999.000,9999.000
202605161336,   2.386,   2.489,9999.000,9999.000,9999.000,9999.000,9999.000,9999.000,9999.000
202605161342,   2.320,   2.420,9999.000,9999.000,9999.000,9999.000,9999.000,9999.000,9999.000
202605161348,   2.252,   2.348,9999.000,9999.000,9999.000,9999.000,9999.000,9999.000,9999.000
202605161354,   2.182,   2.269,9999.000,9999.000,9999.000,9999.000,9999.000,9999.000,9999.000
202605161400,   2.110,   2.220,   0.100,   0.010,   2.220,   0.100,   2.220,   0.200,   2.320
202605161406,   2.037,   2.138,9999.000,9999.000,9999.000,9999.000,9999.000,9999.000,9999.000
202605161412,   1.963,   2.049,9999.000,9999.000,9999.000,9999.000,9999.000,9999.000,9999.000
202605161418,   1.887,   1.948,9999.000,9999.000,9999.000,9999.000,9999.000,9999.000,9999.000
202605161424,   1.810,   1.889,9999.000,9999.000,9999.000,9999.000,9999.000,9999.000,9999.000
202605161430,   1.733,   1.820,9999.000,9999.000,9999.000,9999.000,9999.000,9999.000,9999.000
202605161436,   1.655,   1.728,9999.000,9999.000,9999.000,9999.000,9999.000,9999.000,9999.000
202605161442,   1.576,   1.649,9999.000,9999.000,9999.000,9999.000,9999.000,9999.000,9999.000
202605161448,   1.497,   1.571,9999.000,9999.000,9999.000,9999.000,9999.000,9999.000,9999.000
202605161454,   1.418,   1.489,9999.000,9999.000,9999.000,9999.000,9999.000,9999.000,9999.000
202605161500,   1.338,   1.410,   0.100,  -0.028,   1.410,   0.100,   1.410,   0.100,   1.410
202605161506,   1.259,   1.328,9999.000,9999.000,9999.000,9999.000,9999.000,9999.000,9999.000
202605161512,   1.180,   1.259,9999.000,9999.000,9999.000,9999.000,9999.000,9999.000,9999.000
202605161518,   1.102,   1.180,9999.000,9999.000,9999.000,9999.000,9999.000,9999.000,9999.000
202605161524,   1.024,   1.088,9999.000,9999.000,9999.000,9999.000,9999.000,9999.000,9999.000
202605161530,   0.947,   1.020,9999.000,9999.000,9999.000,9999.000,9999.000,9999.000,9999.000
202605161536,   0.871,   0.941,9999.000,9999.000,9999.000,9999.000,9999.000,9999.000,9999.000
202605161542,   0.797,   0.869,9999.000,9999.000,9999.000,9999.000,9999.000,9999.000,9999.000
202605161548,   0.723,   0.780,9999.000,9999.000,9999.000,9999.000,9999.000,9999.000,9999.000
202605161554,   0.652,   0.698,9999.000,9999.000,9999.000,9999.000,9999.000,9999.000,9999.000
202605161600,   0.582,   0.629,   0.100,  -0.053,   0.629,   0.100,   0.629,   0.100,   0.629
202605161606,   0.514,   0.570,9999.000,9999.000,9999.000,9999.000,9999.000,9999.000,9999.000
202605161612,   0.448,   0.488,9999.000,9999.000,9999.000,9999.000,9999.000,9999.000,9999.000
202605161618,   0.384,   0.419,9999.000,9999.000,9999.000,9999.000,9999.000,9999.000,9999.000
202605161624,   0.323,   0.350,9999.000,9999.000,9999.000,9999.000,9999.000,9999.000,9999.000
202605161630,   0.265,   0.288,9999.000,9999.000,9999.000,9999.000,9999.000,9999.000,9999.000
202605161636,   0.210,   0.229,9999.000,9999.000,9999.000,9999.000,9999.000,9999.000,9999.000
202605161642,   0.157,   0.180,9999.000,9999.000,9999.000,9999.000,9999.000,9999.000,9999.000
202605161648,   0.108,   0.131,9999.000,9999.000,9999.000,9999.000,9999.000,9999.000,9999.000
202605161654,   0.062,   0.078,9999.000,9999.000,9999.000,9999.000,9999.000,9999.000,9999.000
202605161700,   0.020,   0.029,   0.100,  -0.091,   0.029,   0.000,  -0.071,   0.100,   0.029
202605161706,  -0.018,  -0.019,9999.000,9999.000,9999.000,9999.000,9999.000,9999.000,9999.000
202605161712,  -0.053,  -0.049,9999.000,9999.000,9999.000,9999.000,9999.000,9999.000,9999.000
202605161718,  -0.084,  -0.078,9999.000,9999.000,9999.000,9999.000,9999.000,9999.000,9999.000
202605161724,  -0.111,  -0.111,9999.000,9999.000,9999.000,9999.000,9999.000,9999.000,9999.000
202605161730,  -0.134,  -0.141,9999.000,9999.000,9999.000,9999.000,9999.000,9999.000,9999.000
202605161736,  -0.152,  -0.141,9999.000,9999.000,9999.000,9999.000,9999.000,9999.000,9999.000
202605161742,  -0.167,  -0.141,9999.000,9999.000,9999.000,9999.000,9999.000,9999.000,9999.000
202605161748,  -0.177,  -0.131,9999.000,9999.000,9999.000,9999.000,9999.000,9999.000,9999.000
202605161754,  -0.183,  -0.150,9999.000,9999.000,9999.000,9999.000,9999.000,9999.000,9999.000
202605161800,  -0.184,  -0.150,   0.100,  -0.066,  -0.150,   0.100,  -0.150,   0.200,  -0.050
202605161806,  -0.181,  -0.141,9999.000,9999.000,9999.000,9999.000,9999.000,9999.000,9999.000
202605161812,  -0.173,  -0.098,9999.000,9999.000,9999.000,9999.000,9999.000,9999.000,9999.000
202605161818,  -0.161,  -0.088,9999.000,9999.000,9999.000,9999.000,9999.000,9999.000,9999.000
202605161824,  -0.144,  -0.049,9999.000,9999.000,9999.000,9999.000,9999.000,9999.000,9999.000
202605161830,  -0.123,  -0.009,9999.000,9999.000,9999.000,9999.000,9999.000,9999.000,9999.000
202605161836,  -0.097,   0.059,9999.000,9999.000,9999.000,9999.000,9999.000,9999.000,9999.000
202605161842,  -0.067,   0.098,9999.000,9999.000,9999.000,9999.000,9999.000,9999.000,9999.000
202605161848,  -0.032,   0.160,9999.000,9999.000,9999.000,9999.000,9999.000,9999.000,9999.000
202605161854,   0.006,   0.209,9999.000,9999.000,9999.000,9999.000,9999.000,9999.000,9999.000
202605161900,   0.050,   0.278,   0.100,   0.128,   0.278,   0.100,   0.278,   0.200,   0.378
202605161906,   0.097,   0.350,9999.000,9999.000,9999.000,9999.000,9999.000,9999.000,9999.000
202605161912,   0.149,   0.429,9999.000,9999.000,9999.000,9999.000,9999.000,9999.000,9999.000
202605161918,   0.205,   0.488,9999.000,9999.000,9999.000,9999.000,9999.000,9999.000,9999.000
202605161924,   0.265,   0.560,9999.000,9999.000,9999.000,9999.000,9999.000,9999.000,9999.000
202605161930,   0.329,   0.639,9999.000,9999.000,9999.000,9999.000,9999.000,9999.000,9999.000
202605161936,   0.396,   0.731,9999.000,9999.000,9999.000,9999.000,9999.000,9999.000,9999.000
202605161942,   0.467,   0.800,9999.000,9999.000,9999.000,9999.000,9999.000,9999.000,9999.000
202605161948,   0.541,   0.879,9999.000,9999.000,9999.000,9999.000,9999.000,9999.000,9999.000
202605161954,   0.619,   0.961,9999.000,9999.000,9999.000,9999.000,9999.000,9999.000,9999.000
202605162000,   0.699,   1.039,   0.100,   0.240,   1.039,   0.100,   1.039,   0.100,   1.039
202605162006,   0.783,   1.118,9999.000,9999.000,9999.000,9999.000,9999.000,9999.000,9999.000
202605162012,   0.869,   1.200,9999.000,9999.000,9999.000,9999.000,9999.000,9999.000,9999.000
202605162018,   0.957,   1.289,9999.000,9999.000,9999.000,9999.000,9999.000,9999.000,9999.000
202605162024,   1.048,   1.371,9999.000,9999.000,9999.000,9999.000,9999.000,9999.000,9999.000
202605162030,   1.141,   1.459,9999.000,9999.000,9999.000,9999.000,9999.000,9999.000,9999.000
202605162036,   1.236,   1.548,9999.000,9999.000,9999.000,9999.000,9999.000,9999.000,9999.000
202605162042,   1.333,   1.649,9999.000,9999.000,9999.000,9999.000,9999.000,9999.000,9999.000
202605162048,   1.431,   1.748,9999.000,9999.000,9999.000,9999.000,9999.000,9999.000,9999.000
202605162054,   1.531,   1.830,9999.000,9999.000,9999.000,9999.000,9999.000,9999.000,9999.000
202605162100,   1.631,   1.938,   0.100,   0.207,   1.938,   0.000,   1.838,   0.100,   1.938
202605162106,   1.733,   2.040,9999.000,9999.000,9999.000,9999.000,9999.000,9999.000,9999.000
202605162112,   1.835,   2.138,9999.000,9999.000,9999.000,9999.000,9999.000,9999.000,9999.000
202605162118,   1.938,   2.240,9999.000,9999.000,9999.000,9999.000,9999.000,9999.000,9999.000
202605162124,   2.041,   2.348,9999.000,9999.000,9999.000,9999.000,9999.000,9999.000,9999.000
202605162130,   2.144,   2.469,9999.000,9999.000,9999.000,9999.000,9999.000,9999.000,9999.000
202605162136,   2.247,   2.568,9999.000,9999.000,9999.000,9999.000,9999.000,9999.000,9999.000
202605162142,   2.349,   2.650,9999.000,9999.000,9999.000,9999.000,9999.000,9999.000,9999.000
202605162148,   2.451,   2.758,9999.000,9999.000,9999.000,9999.000,9999.000,9999.000,9999.000
202605162154,   2.552,   2.869,9999.000,9999.000,9999.000,9999.000,9999.000,9999.000,9999.000
202605162200,   2.651,   2.968,   0.100,   0.217,   2.968,   0.000,   2.868,   0.100,   2.968
202605162206,   2.749,   3.079,9999.000,9999.000,9999.000,9999.000,9999.000,9999.000,9999.000
202605162212,   2.846,   3.148,9999.000,9999.000,9999.000,9999.000,9999.000,9999.000,9999.000
202605162218,   2.941,   3.240,9999.000,9999.000,9999.000,9999.000,9999.000,9999.000,9999.000
202605162224,   3.033,   3.358,9999.000,9999.000,9999.000,9999.000,9999.000,9999.000,9999.000
202605162230,   3.123,   3.470,9999.000,9999.000,9999.000,9999.000,9999.000,9999.000,9999.000
202605162236,   3.210,   3.529,9999.000,9999.000,9999.000,9999.000,9999.000,9999.000,9999.000
202605162242,   3.294,   3.607,9999.000,9999.000,9999.000,9999.000,9999.000,9999.000,9999.000
202605162248,   3.375,   3.699,9999.000,9999.000,9999.000,9999.000,9999.000,9999.000,9999.000
202605162254,   3.452,   3.798,9999.000,9999.000,9999.000,9999.000,9999.000,9999.000,9999.000
202605162300,   3.525,   3.860,   0.000,   0.335,   3.860,   0.000,   3.860,   0.100,   3.960
202605162306,   3.594,   3.929,9999.000,9999.000,9999.000,9999.000,9999.000,9999.000,9999.000
202605162312,   3.658,   3.998,9999.000,9999.000,9999.000,9999.000,9999.000,9999.000,9999.000
202605162318,   3.718,   4.080,9999.000,9999.000,9999.000,9999.000,9999.000,9999.000,9999.000
202605162324,   3.773,   4.109,9999.000,9999.000,9999.000,9999.000,9999.000,9999.000,9999.000
202605162330,   3.822,   4.159,9999.000,9999.000,9999.000,9999.000,9999.000,9999.000,9999.000
202605162336,   3.867,   4.188,9999.000,9999.000,9999.000,9999.000,9999.000,9999.000,9999.000
202605162342,   3.906,   4.198,9999.000,9999.000,9999.000,9999.000,9999.000,9999.000,9999.000
202605162348,   3.940,   4.257,9999.000,9999.000,9999.000,9999.000,9999.000,9999.000,9999.000
202605162354,   3.967,   4.267,9999.000,9999.000,9999.000,9999.000,9999.000,9999.000,9999.000
202605170000,   3.989,   4.267,   0.000,   0.278,   4.267,   0.000,   4.267,   0.100,   4.367
202605170006,   4.006,   4.267,9999.000,9999.000,9999.000,9999.000,9999.000,9999.000,9999.000
202605170012,   4.016,   4.267,9999.000,9999.000,9999.000,9999.000,9999.000,9999.000,9999.000
202605170018,   4.020,   4.267,9999.000,9999.000,9999.000,9999.000,9999.000,9999.000,9999.000
202605170024,   4.019,   4.257,9999.000,9999.000,9999.000,9999.000,9999.000,9999.000,9999.000
202605170030,   4.012,   4.237,9999.000,9999.000,9999.000,9999.000,9999.000,9999.000,9999.000
202605170036,   3.999,   4.227,9999.000,9999.000,9999.000,9999.000,9999.000,9999.000,9999.000
202605170042,   3.981,   4.218,9999.000,9999.000,9999.000,9999.000,9999.000,9999.000,9999.000
202605170048,   3.957,   4.208,9999.000,9999.000,9999.000,9999.000,9999.000,9999.000,9999.000
202605170054,   3.928,   4.168,9999.000,9999.000,9999.000,9999.000,9999.000,9999.000,9999.000
202605170100,   3.894,   4.119,   0.000,   0.225,   4.119,   0.000,   4.119,   0.100,   4.219
202605170106,   3.855,   4.099,9999.000,9999.000,9999.000,9999.000,9999.000,9999.000,9999.000
202605170112,   3.811,   4.047,9999.000,9999.000,9999.000,9999.000,9999.000,9999.000,9999.000
202605170118,   3.763,   3.998,9999.000,9999.000,9999.000,9999.000,9999.000,9999.000,9999.000
202605170124,   3.710,   3.939,9999.000,9999.000,9999.000,9999.000,9999.000,9999.000,9999.000
202605170130,   3.653,   3.870,9999.000,9999.000,9999.000,9999.000,9999.000,9999.000,9999.000
202605170136,   3.592,   3.798,9999.000,9999.000,9999.000,9999.000,9999.000,9999.000,9999.000
202605170142,   3.528,   3.729,9999.000,9999.000,9999.000,9999.000,9999.000,9999.000,9999.000
202605170148,   3.460,   3.650,9999.000,9999.000,9999.000,9999.000,9999.000,9999.000,9999.000
202605170154,   3.389,   3.578,9999.000,9999.000,9999.000,9999.000,9999.000,9999.000,9999.000
202605170200,   3.314,   3.529,   0.000,   0.215,   3.529,   0.000,   3.529,   0.000,   3.529
202605170206,   3.237,   3.460,9999.000,9999.000,9999.000,9999.000,9999.000,9999.000,9999.000
202605170212,   3.157,   3.358,9999.000,9999.000,9999.000,9999.000,9999.000,9999.000,9999.000
202605170218,   3.075,   3.279,9999.000,9999.000,9999.000,9999.000,9999.000,9999.000,9999.000
202605170224,   2.990,   3.168,9999.000,9999.000,9999.000,9999.000,9999.000,9999.000,9999.000
202605170230,   2.904,   3.099,9999.000,9999.000,9999.000,9999.000,9999.000,9999.000,9999.000
202605170236,   2.815,   3.007,9999.000,9999.000,9999.000,9999.000,9999.000,9999.000,9999.000
202605170242,   2.724,   2.929,9999.000,9999.000,9999.000,9999.000,9999.000,9999.000,9999.000
202605170248,   2.632,   2.840,9999.000,9999.000,9999.000,9999.000,9999.000,9999.000,9999.000
202605170254,   2.539,   2.728,9999.000,9999.000,9999.000,9999.000,9999.000,9999.000,9999.000
202605170300,   2.444,   2.650,   0.000,   0.206,   2.650,   0.000,   2.650,   0.000,   2.650
202605170306,   2.348,   2.548,9999.000,9999.000,9999.000,9999.000,9999.000,9999.000,9999.000
202605170312,   2.252,   2.450,9999.000,9999.000,9999.000,9999.000,9999.000,9999.000,9999.000
202605170318,   2.154,   2.358,9999.000,9999.000,9999.000,9999.000,9999.000,9999.000,9999.000
202605170324,   2.056,   2.259,9999.000,9999.000,9999.000,9999.000,9999.000,9999.000,9999.000
202605170330,   1.957,   2.177,9999.000,9999.000,9999.000,9999.000,9999.000,9999.000,9999.000
202605170336,   1.859,   2.079,9999.000,9999.000,9999.000,9999.000,9999.000,9999.000,9999.000
202605170342,   1.760,   1.990,9999.000,9999.000,9999.000,9999.000,9999.000,9999.000,9999.000
202605170348,   1.661,   1.908,9999.000,9999.000,9999.000,9999.000,9999.000,9999.000,9999.000
202605170354,   1.563,   1.810,9999.000,9999.000,9999.000,9999.000,9999.000,9999.000,9999.000
202605170400,   1.465,   1.718,   0.000,   0.253,   1.718,  -0.100,   1.618,   0.000,   1.718
202605170406,   1.368,   1.630,9999.000,9999.000,9999.000,9999.000,9999.000,9999.000,9999.000
202605170412,   1.272,   1.538,9999.000,9999.000,9999.000,9999.000,9999.000,9999.000,9999.000
202605170418,   1.177,   1.449,9999.000,9999.000,9999.000,9999.000,9999.000,9999.000,9999.000
202605170424,   1.084,   1.348,9999.000,9999.000,9999.000,9999.000,9999.000,9999.000,9999.000
202605170430,   0.992,   1.259,9999.000,9999.000,9999.000,9999.000,9999.000,9999.000,9999.000
202605170436,   0.902,   1.180,9999.000,9999.000,9999.000,9999.000,9999.000,9999.000,9999.000
202605170442,   0.814,   1.118,9999.000,9999.000,9999.000,9999.000,9999.000,9999.000,9999.000
202605170448,   0.728,   1.039,9999.000,9999.000,9999.000,9999.000,9999.000,9999.000,9999.000
202605170454,   0.644,   0.928,9999.000,9999.000,9999.000,9999.000,9999.000,9999.000,9999.000
202605170500,   0.563,   0.849,  -0.100,   0.386,   0.849,  -0.100,   0.849,   0.000,   0.949
202605170506,   0.485,   0.800,9999.000,9999.000,9999.000,9999.000,9999.000,9999.000,9999.000
202605170512,   0.410,   0.751,9999.000,9999.000,9999.000,9999.000,9999.000,9999.000,9999.000
202605170518,   0.338,   0.669,9999.000,9999.000,9999.000,9999.000,9999.000,9999.000,9999.000
202605170524,   0.269,   0.600,9999.000,9999.000,9999.000,9999.000,9999.000,9999.000,9999.000
202605170530,   0.204,   0.518,9999.000,9999.000,9999.000,9999.000,9999.000,9999.000,9999.000
202605170536,   0.143,   0.449,9999.000,9999.000,9999.000,9999.000,9999.000,9999.000,9999.000
202605170542,   0.085,   0.400,9999.000,9999.000,9999.000,9999.000,9999.000,9999.000,9999.000
202605170548,   0.031,   0.360,9999.000,9999.000,9999.000,9999.000,9999.000,9999.000,9999.000
202605170554,  -0.018,   0.308,9999.000,9999.000,9999.000,9999.000,9999.000,9999.000,9999.000
202605170600,  -0.064,   0.268,  -0.100,   0.432,   0.268,  -0.200,   0.168,   0.000,   0.368
202605170606,  -0.105,   0.209,9999.000,9999.000,9999.000,9999.000,9999.000,9999.000,9999.000
202605170612,  -0.142,   0.170,9999.000,9999.000,9999.000,9999.000,9999.000,9999.000,9999.000
202605170618,  -0.175,   0.131,9999.000,9999.000,9999.000,9999.000,9999.000,9999.000,9999.000
202605170624,  -0.203,   0.111,9999.000,9999.000,9999.000,9999.000,9999.000,9999.000,9999.000
202605170630,  -0.227,   0.059,9999.000,9999.000,9999.000,9999.000,9999.000,9999.000,9999.000
202605170636,  -0.246,   0.039,9999.000,9999.000,9999.000,9999.000,9999.000,9999.000,9999.000
202605170642,  -0.260,   0.029,9999.000,9999.000,9999.000,9999.000,9999.000,9999.000,9999.000
202605170648,  -0.270,   0.029,9999.000,9999.000,9999.000,9999.000,9999.000,9999.000,9999.000
202605170654,  -0.275,   0.000,9999.000,9999.000,9999.000,9999.000,9999.000,9999.000,9999.000
202605170700,  -0.276,  -0.019,  -0.100,   0.357,  -0.019,  -0.200,  -0.119,   0.000,   0.081
202605170706,  -0.271,  -0.049,9999.000,9999.000,9999.000,9999.000,9999.000,9999.000,9999.000
202605170712,  -0.262,  -0.059,9999.000,9999.000,9999.000,9999.000,9999.000,9999.000,9999.000
202605170718,  -0.249,  -0.059,9999.000,9999.000,9999.000,9999.000,9999.000,9999.000,9999.000
202605170724,  -0.231,  -0.059,9999.000,9999.000,9999.000,9999.000,9999.000,9999.000,9999.000
202605170730,  -0.208,  -0.059,9999.000,9999.000,9999.000,9999.000,9999.000,9999.000,9999.000
202605170736,  -0.181,  -0.068,9999.000,9999.000,9999.000,9999.000,9999.000,9999.000,9999.000
202605170742,  -0.150,  -0.029,9999.000,9999.000,9999.000,9999.000,9999.000,9999.000,9999.000
202605170748,  -0.114,  -0.029,9999.000,9999.000,9999.000,9999.000,9999.000,9999.000,9999.000
202605170754,  -0.075,  -0.029,9999.000,9999.000,9999.000,9999.000,9999.000,9999.000,9999.000
202605170800,  -0.031,  -0.029,  -0.100,   0.102,  -0.029,  -0.200,  -0.129,   0.000,   0.071
202605170806,   0.016,   0.019,9999.000,9999.000,9999.000,9999.000,9999.000,9999.000,9999.000
202605170812,   0.067,   0.111,9999.000,9999.000,9999.000,9999.000,9999.000,9999.000,9999.000
202605170818,   0.122,   0.141,9999.000,9999.000,9999.000,9999.000,9999.000,9999.000,9999.000
202605170824,   0.180,   0.200,9999.000,9999.000,9999.000,9999.000,9999.000,9999.000,9999.000
202605170830,   0.241,   0.259,9999.000,9999.000,9999.000,9999.000,9999.000,9999.000,9999.000
202605170836,   0.306,   0.341,9999.000,9999.000,9999.000,9999.000,9999.000,9999.000,9999.000
202605170842,   0.373,   0.419,9999.000,9999.000,9999.000,9999.000,9999.000,9999.000,9999.000
202605170848,   0.443,   0.488,9999.000,9999.000,9999.000,9999.000,9999.000,9999.000,9999.000
202605170854,   0.516,   0.590,9999.000,9999.000,9999.000,9999.000,9999.000,9999.000,9999.000
202605170900,   0.591,   0.639,  -0.200,   0.248,   0.639,  -0.300,   0.539,  -0.100,   0.739
202605170906,   0.668,   0.751,9999.000,9999.000,9999.000,9999.000,9999.000,9999.000,9999.000
202605170912,   0.747,   0.810,9999.000,9999.000,9999.000,9999.000,9999.000,9999.000,9999.000
202605170918,   0.828,   0.918,9999.000,9999.000,9999.000,9999.000,9999.000,9999.000,9999.000
202605170924,   0.910,   0.990,9999.000,9999.000,9999.000,9999.000,9999.000,9999.000,9999.000
202605170930,   0.994,   1.088,9999.000,9999.000,9999.000,9999.000,9999.000,9999.000,9999.000
202605170936,   1.079,   1.180,9999.000,9999.000,9999.000,9999.000,9999.000,9999.000,9999.000
202605170942,   1.164,   1.279,9999.000,9999.000,9999.000,9999.000,9999.000,9999.000,9999.000
202605170948,   1.251,   1.361,9999.000,9999.000,9999.000,9999.000,9999.000,9999.000,9999.000
202605170954,   1.338,   1.469,9999.000,9999.000,9999.000,9999.000,9999.000,9999.000,9999.000
202605171000,   1.425,   1.548,  -0.200,   0.323,   1.548,  -0.300,   1.448,  -0.100,   1.648
202605171006,   1.512,   1.649,9999.000,9999.000,9999.000,9999.000,9999.000,9999.000,9999.000
202605171012,   1.600,   1.718,9999.000,9999.000,9999.000,9999.000,9999.000,9999.000,9999.000
202605171018,   1.687,   1.820,9999.000,9999.000,9999.000,9999.000,9999.000,9999.000,9999.000
202605171024,   1.773,   1.899,9999.000,9999.000,9999.000,9999.000,9999.000,9999.000,9999.000
202605171030,   1.858,   1.990,9999.000,9999.000,9999.000,9999.000,9999.000,9999.000,9999.000
202605171036,   1.942,   2.089,9999.000,9999.000,9999.000,9999.000,9999.000,9999.000,9999.000
202605171042,   2.025,   2.200,9999.000,9999.000,9999.000,9999.000,9999.000,9999.000,9999.000
202605171048,   2.106,   2.289,9999.000,9999.000,9999.000,9999.000,9999.000,9999.000,9999.000
202605171054,   2.186,   2.377,9999.000,9999.000,9999.000,9999.000,9999.000,9999.000,9999.000
202605171100,   2.263,   2.430,  -0.200,   0.367,   2.430,  -0.300,   2.330,  -0.100,   2.530
202605171106,   2.337,   2.489,9999.000,9999.000,9999.000,9999.000,9999.000,9999.000,9999.000
202605171112,   2.409,   2.578,9999.000,9999.000,9999.000,9999.000,9999.000,9999.000,9999.000
202605171118,   2.478,   2.669,9999.000,9999.000,9999.000,9999.000,9999.000,9999.000,9999.000
202605171124,   2.543,   2.728,9999.000,9999.000,9999.000,9999.000,9999.000,9999.000,9999.000
202605171130,   2.605,   2.797,9999.000,9999.000,9999.000,9999.000,9999.000,9999.000,9999.000
202605171136,   2.664,   2.860,9999.000,9999.000,9999.000,9999.000,9999.000,9999.000,9999.000
202605171142,   2.718,   2.929,9999.000,9999.000,9999.000,9999.000,9999.000,9999.000,9999.000
202605171148,   2.768,   2.958,9999.000,9999.000,9999.000,9999.000,9999.000,9999.000,9999.000
202605171154,   2.813,   2.997,9999.000,9999.000,9999.000,9999.000,9999.000,9999.000,9999.000
202605171200,   2.854,   3.060,   0.000,   0.206,   3.060,  -0.100,   2.960,   0.000,   3.060
202605171206,   2.891,   3.089,9999.000,9999.000,9999.000,9999.000,9999.000,9999.000,9999.000
202605171212,   2.922,   3.119,9999.000,9999.000,9999.000,9999.000,9999.000,9999.000,9999.000
202605171218,   2.948,   3.109,9999.000,9999.000,9999.000,9999.000,9999.000,9999.000,9999.000
202605171224,   2.969,   3.138,9999.000,9999.000,9999.000,9999.000,9999.000,9999.000,9999.000
202605171230,   2.985,   3.158,9999.000,9999.000,9999.000,9999.000,9999.000,9999.000,9999.000
202605171236,   2.996,   3.158,9999.000,9999.000,9999.000,9999.000,9999.000,9999.000,9999.000
202605171242,   3.002,   3.168,9999.000,9999.000,9999.000,9999.000,9999.000,9999.000,9999.000
202605171248,   3.002,   3.158,9999.000,9999.000,9999.000,9999.000,9999.000,9999.000,9999.000
202605171254,   2.998,   3.109,9999.000,9999.000,9999.000,9999.000,9999.000,9999.000,9999.000
202605171300,   2.988,   3.109,  -0.100,   0.221,   3.109,  -0.100,   3.109,   0.000,   3.209
202605171306,   2.973,   3.089,9999.000,9999.000,9999.000,9999.000,9999.000,9999.000,9999.000
202605171312,   2.954,   3.050,9999.000,9999.000,9999.000,9999.000,9999.000,9999.000,9999.000
202605171318,   2.930,   2.988,9999.000,9999.000,9999.000,9999.000,9999.000,9999.000,9999.000
202605171324,   2.902,   2.968,9999.000,9999.000,9999.000,9999.000,9999.000,9999.000,9999.000
202605171330,   2.869,   2.919,9999.000,9999.000,9999.000,9999.000,9999.000,9999.000,9999.000
202605171336,   2.832,   2.879,9999.000,9999.000,9999.000,9999.000,9999.000,9999.000,9999.000
202605171342,   2.791,   2.830,9999.000,9999.000,9999.000,9999.000,9999.000,9999.000,9999.000
202605171348,   2.747,   2.768,9999.000,9999.000,9999.000,9999.000,9999.000,9999.000,9999.000
202605171354,   2.699,   2.719,9999.000,9999.000,9999.000,9999.000,9999.000,9999.000,9999.000
202605171400,   2.647,   2.640,  -0.100,   0.093,   2.640,  -0.100,   2.640,   0.000,   2.740
202605171406,   2.593,   2.578,9999.000,9999.000,9999.000,9999.000,9999.000,9999.000,9999.000
202605171412,   2.535,   2.519,9999.000,9999.000,9999.000,9999.000,9999.000,9999.000,9999.000
202605171418,   2.475,   2.450,9999.000,9999.000,9999.000,9999.000,9999.000,9999.000,9999.000
202605171424,   2.412,   2.387,9999.000,9999.000,9999.000,9999.000,9999.000,9999.000,9999.000
202605171430,   2.347,   2.318,9999.000,9999.000,9999.000,9999.000,9999.000,9999.000,9999.000
202605171436,   2.280,   2.269,9999.000,9999.000,9999.000,9999.000,9999.000,9999.000,9999.000
202605171442,   2.211,   2.200,9999.000,9999.000,9999.000,9999.000,9999.000,9999.000,9999.000
202605171448,   2.140,   2.109,9999.000,9999.000,9999.000,9999.000,9999.000,9999.000,9999.000
202605171454,   2.068,   2.040,9999.000,9999.000,9999.000,9999.000,9999.000,9999.000,9999.000
202605171500,   1.994,   1.938,  -0.100,   0.044,   1.938,  -0.100,   1.938,   0.000,   2.038
202605171506,   1.919,   1.859,9999.000,9999.000,9999.000,9999.000,9999.000,9999.000,9999.000
202605171512,   1.842,   1.800,9999.000,9999.000,9999.000,9999.000,9999.000,9999.000,9999.000
202605171518,   1.765,   1.718,9999.000,9999.000,9999.000,9999.000,9999.000,9999.000,9999.000
202605171524,   1.687,   1.630,9999.000,9999.000,9999.000,9999.000,9999.000,9999.000,9999.000
202605171530,   1.608,   1.538,9999.000,9999.000,9999.000,9999.000,9999.000,9999.000,9999.000
202605171536,   1.528,   1.459,9999.000,9999.000,9999.000,9999.000,9999.000,9999.000,9999.000
202605171542,   1.449,   1.390,9999.000,9999.000,9999.000,9999.000,9999.000,9999.000,9999.000
202605171548,   1.369,   1.298,9999.000,9999.000,9999.000,9999.000,9999.000,9999.000,9999.000
202605171554,   1.289,   1.190,9999.000,9999.000,9999.000,9999.000,9999.000,9999.000,9999.000
202605171600,   1.209,   1.108,  -0.100,  -0.001,   1.108,  -0.100,   1.108,   0.000,   1.208
202605171606,   1.130,   1.039,9999.000,9999.000,9999.000,9999.000,9999.000,9999.000,9999.000
202605171612,   1.051,   0.980,9999.000,9999.000,9999.000,9999.000,9999.000,9999.000,9999.000
202605171618,   0.972,   0.879,9999.000,9999.000,9999.000,9999.000,9999.000,9999.000,9999.000
202605171624,   0.895,   0.790,9999.000,9999.000,9999.000,9999.000,9999.000,9999.000,9999.000
202605171630,   0.818,   0.708,9999.000,9999.000,9999.000,9999.000,9999.000,9999.000,9999.000
202605171636,   0.743,   0.639,9999.000,9999.000,9999.000,9999.000,9999.000,9999.000,9999.000
202605171642,   0.670,   0.570,9999.000,9999.000,9999.000,9999.000,9999.000,9999.000,9999.000
202605171648,   0.598,   0.498,9999.000,9999.000,9999.000,9999.000,9999.000,9999.000,9999.000
202605171654,   0.528,   0.419,9999.000,9999.000,9999.000,9999.000,9999.000,9999.000,9999.000
202605171700,   0.459,   0.341,  -0.100,  -0.018,   0.341,  -0.100,   0.341,   0.000,   0.441
202605171706,   0.394,   0.288,9999.000,9999.000,9999.000,9999.000,9999.000,9999.000,9999.000
202605171712,   0.330,   0.239,9999.000,9999.000,9999.000,9999.000,9999.000,9999.000,9999.000
202605171718,   0.269,   0.180,9999.000,9999.000,9999.000,9999.000,9999.000,9999.000,9999.000
202605171724,   0.212,   0.111,9999.000,9999.000,9999.000,9999.000,9999.000,9999.000,9999.000
202605171730,   0.157,   0.049,9999.000,9999.000,9999.000,9999.000,9999.000,9999.000,9999.000
202605171736,   0.105,   0.000,9999.000,9999.000,9999.000,9999.000,9999.000,9999.000,9999.000
202605171742,   0.056,  -0.029,9999.000,9999.000,9999.000,9999.000,9999.000,9999.000,9999.000
202605171748,   0.012,  -0.078,9999.000,9999.000,9999.000,9999.000,9999.000,9999.000,9999.000
202605171754,  -0.029,  -0.131,9999.000,9999.000,9999.000,9999.000,9999.000,9999.000,9999.000
202605171800,  -0.066,  -0.160,   0.000,  -0.094,  -0.160,  -0.100,  -0.260,   0.000,  -0.160
202605171806,  -0.100,  -0.180,9999.000,9999.000,9999.000,9999.000,9999.000,9999.000,9999.000
202605171812,  -0.129,  -0.200,9999.000,9999.000,9999.000,9999.000,9999.000,9999.000,9999.000
202605171818,  -0.154,  -0.249,9999.000,9999.000,9999.000,9999.000,9999.000,9999.000,9999.000
202605171824,  -0.176,  -0.268,9999.000,9999.000,9999.000,9999.000,9999.000,9999.000,9999.000
202605171830,  -0.192,  -0.278,9999.000,9999.000,9999.000,9999.000,9999.000,9999.000,9999.000
202605171836,  -0.204,  -0.308,9999.000,9999.000,9999.000,9999.000,9999.000,9999.000,9999.000
202605171842,  -0.212,  -0.308,9999.000,9999.000,9999.000,9999.000,9999.000,9999.000,9999.000
202605171848,  -0.215,  -0.308,9999.000,9999.000,9999.000,9999.000,9999.000,9999.000,9999.000
202605171854,  -0.214,  -0.278,9999.000,9999.000,9999.000,9999.000,9999.000,9999.000,9999.000
202605171900,  -0.208,  -0.239,   0.000,  -0.031,  -0.239,  -0.100,  -0.339,   0.000,  -0.239
202605171906,  -0.197,  -0.219,9999.000,9999.000,9999.000,9999.000,9999.000,9999.000,9999.000
202605171912,  -0.182,  -0.200,9999.000,9999.000,9999.000,9999.000,9999.000,9999.000,9999.000
202605171918,  -0.162,  -0.170,9999.000,9999.000,9999.000,9999.000,9999.000,9999.000,9999.000
202605171924,  -0.137,  -0.150,9999.000,9999.000,9999.000,9999.000,9999.000,9999.000,9999.000
202605171930,  -0.107,  -0.049,9999.000,9999.000,9999.000,9999.000,9999.000,9999.000,9999.000
202605171936,  -0.073,   0.009,9999.000,9999.000,9999.000,9999.000,9999.000,9999.000,9999.000
202605171942,  -0.035,   0.088,9999.000,9999.000,9999.000,9999.000,9999.000,9999.000,9999.000
202605171948,   0.007,   0.150,9999.000,9999.000,9999.000,9999.000,9999.000,9999.000,9999.000
202605171954,   0.055,   0.209,9999.000,9999.000,9999.000,9999.000,9999.000,9999.000,9999.000
202605172000,   0.107,   0.278,   0.000,   0.171,   0.278,  -0.100,   0.178,   0.000,   0.278
202605172006,   0.162,   0.350,9999.000,9999.000,9999.000,9999.000,9999.000,9999.000,9999.000
202605172012,   0.222,   0.400,9999.000,9999.000,9999.000,9999.000,9999.000,9999.000,9999.000
202605172018,   0.286,   0.449,9999.000,9999.000,9999.000,9999.000,9999.000,9999.000,9999.000
202605172024,   0.354,   0.508,9999.000,9999.000,9999.000,9999.000,9999.000,9999.000,9999.000
202605172030,   0.426,   0.580,9999.000,9999.000,9999.000,9999.000,9999.000,9999.000,9999.000
202605172036,   0.500,   0.649,9999.000,9999.000,9999.000,9999.000,9999.000,9999.000,9999.000
202605172042,   0.579,   0.741,9999.000,9999.000,9999.000,9999.000,9999.000,9999.000,9999.000
202605172048,   0.660,   0.800,9999.000,9999.000,9999.000,9999.000,9999.000,9999.000,9999.000
202605172054,   0.744,   0.898,9999.000,9999.000,9999.000,9999.000,9999.000,9999.000,9999.000
202605172100,   0.831,   0.951,   0.000,   0.120,   0.951,  -0.100,   0.851,   0.000,   0.951
202605172106,   0.921,   1.049,9999.000,9999.000,9999.000,9999.000,9999.000,9999.000,9999.000
202605172112,   1.012,   1.138,9999.000,9999.000,9999.000,9999.000,9999.000,9999.000,9999.000
202605172118,   1.107,   1.220,9999.000,9999.000,9999.000,9999.000,9999.000,9999.000,9999.000
202605172124,   1.203,   1.328,9999.000,9999.000,9999.000,9999.000,9999.000,9999.000,9999.000
202605172130,   1.300,   1.420,9999.000,9999.000,9999.000,9999.000,9999.000,9999.000,9999.000
202605172136,   1.400,   1.508,9999.000,9999.000,9999.000,9999.000,9999.000,9999.000,9999.000
202605172142,   1.500,   1.600,9999.000,9999.000,9999.000,9999.000,9999.000,9999.000,9999.000
202605172148,   1.602,   1.699,9999.000,9999.000,9999.000,9999.000,9999.000,9999.000,9999.000
202605172154,   1.705,   1.820,9999.000,9999.000,9999.000,9999.000,9999.000,9999.000,9999.000
202605172200,   1.808,   1.938,   0.000,   0.130,   1.938,  -0.100,   1.838,   0.000,   1.938
202605172206,   1.912,   2.020,9999.000,9999.000,9999.000,9999.000,9999.000,9999.000,9999.000
202605172212,   2.016,   2.118,9999.000,9999.000,9999.000,9999.000,9999.000,9999.000,9999.000
202605172218,   2.120,   2.240,9999.000,9999.000,9999.000,9999.000,9999.000,9999.000,9999.000
202605172224,   2.224,   2.348,9999.000,9999.000,9999.000,9999.000,9999.000,9999.000,9999.000
202605172230,   2.327,   2.459,9999.000,9999.000,9999.000,9999.000,9999.000,9999.000,9999.000
202605172236,   2.430,   2.558,9999.000,9999.000,9999.000,9999.000,9999.000,9999.000,9999.000
202605172242,   2.532,   2.650,9999.000,9999.000,9999.000,9999.000,9999.000,9999.000,9999.000
202605172248,   2.632,   2.738,9999.000,9999.000,9999.000,9999.000,9999.000,9999.000,9999.000
202605172254,   2.732,   2.840,9999.000,9999.000,9999.000,9999.000,9999.000,9999.000,9999.000
202605172300,   2.829,   2.938,   0.000,   0.109,   2.938,   0.000,   2.938,   0.000,   2.938
202605172306,   2.925,   3.040,9999.000,9999.000,9999.000,9999.000,9999.000,9999.000,9999.000
202605172312,   3.018,   3.129,9999.000,9999.000,9999.000,9999.000,9999.000,9999.000,9999.000
202605172318,   3.109,   3.207,9999.000,9999.000,9999.000,9999.000,9999.000,9999.000,9999.000
202605172324,   3.198,   3.299,9999.000,9999.000,9999.000,9999.000,9999.000,9999.000,9999.000
202605172330,   3.283,   3.388,9999.000,9999.000,9999.000,9999.000,9999.000,9999.000,9999.000
202605172336,   3.365,   3.480,9999.000,9999.000,9999.000,9999.000,9999.000,9999.000,9999.000
202605172342,   3.444,   3.568,9999.000,9999.000,9999.000,9999.000,9999.000,9999.000,9999.000
202605172348,   3.518,   3.650,9999.000,9999.000,9999.000,9999.000,9999.000,9999.000,9999.000
202605172354,   3.589,   3.719,9999.000,9999.000,9999.000,9999.000,9999.000,9999.000,9999.000
202605180000,   3.655,   3.788,   0.000,   0.133,   3.788,  -0.100,   3.688,   0.000,   3.788
202605180006,   3.716,   3.837,9999.000,9999.000,9999.000,9999.000,9999.000,9999.000,9999.000
202605180012,   3.773,   3.919,9999.000,9999.000,9999.000,9999.000,9999.000,9999.000,9999.000
202605180018,   3.825,   3.998,9999.000,9999.000,9999.000,9999.000,9999.000,9999.000,9999.000
202605180024,   3.872,   4.047,9999.000,9999.000,9999.000,9999.000,9999.000,9999.000,9999.000
202605180030,   3.913,   4.080,9999.000,9999.000,9999.000,9999.000,9999.000,9999.000,9999.000
202605180036,   3.949,   4.109,9999.000,9999.000,9999.000,9999.000,9999.000,9999.000,9999.000
202605180042,   3.979,   4.178,9999.000,9999.000,9999.000,9999.000,9999.000,9999.000,9999.000
202605180048,   4.004,   4.178,9999.000,9999.000,9999.000,9999.000,9999.000,9999.000,9999.000
202605180054,   4.023,   4.188,9999.000,9999.000,9999.000,9999.000,9999.000,9999.000,9999.000
202605180100,   4.036,   4.198,   0.000,   0.162,   4.198,  -0.100,   4.098,   0.000,   4.198
202605180106,   4.043,   4.188,9999.000,9999.000,9999.000,9999.000,9999.000,9999.000,9999.000
202605180112,   4.044,   4.188,9999.000,9999.000,9999.000,9999.000,9999.000,9999.000,9999.000
202605180118,   4.040,   4.168,9999.000,9999.000,9999.000,9999.000,9999.000,9999.000,9999.000
202605180124,   4.030,   4.149,9999.000,9999.000,9999.000,9999.000,9999.000,9999.000,9999.000
202605180130,   4.015,   4.109,9999.000,9999.000,9999.000,9999.000,9999.000,9999.000,9999.000
202605180136,   3.994,   4.070,9999.000,9999.000,9999.000,9999.000,9999.000,9999.000,9999.000
202605180142,   3.967,   4.027,9999.000,9999.000,9999.000,9999.000,9999.000,9999.000,9999.000
202605180148,   3.936,   3.968,9999.000,9999.000,9999.000,9999.000,9999.000,9999.000,9999.000
202605180154,   3.900,   3.949,9999.000,9999.000,9999.000,9999.000,9999.000,9999.000,9999.000
202605180200,   3.859,   3.890,  -0.100,   0.131,   3.890,  -0.100,   3.890,   0.000,   3.990
202605180206,   3.813,   3.827,9999.000,9999.000,9999.000,9999.000,9999.000,9999.000,9999.000
202605180212,   3.763,   3.778,9999.000,9999.000,9999.000,9999.000,9999.000,9999.000,9999.000
202605180218,   3.708,   3.709,9999.000,9999.000,9999.000,9999.000,9999.000,9999.000,9999.000
202605180224,   3.650,   3.670,9999.000,9999.000,9999.000,9999.000,9999.000,9999.000,9999.000
202605180230,   3.588,   3.598,9999.000,9999.000,9999.000,9999.000,9999.000,9999.000,9999.000
202605180236,   3.522,   3.529,9999.000,9999.000,9999.000,9999.000,9999.000,9999.000,9999.000
202605180242,   3.453,   3.480,9999.000,9999.000,9999.000,9999.000,9999.000,9999.000,9999.000
202605180248,   3.381,   3.407,9999.000,9999.000,9999.000,9999.000,9999.000,9999.000,9999.000
202605180254,   3.306,   3.339,9999.000,9999.000,9999.000,9999.000,9999.000,9999.000,9999.000
202605180300,   3.228,   3.279,  -0.100,   0.151,   3.279,  -0.100,   3.279,   0.000,   3.379
202605180306,   3.147,   3.178,9999.000,9999.000,9999.000,9999.000,9999.000,9999.000,9999.000
202605180312,   3.064,   3.109,9999.000,9999.000,9999.000,9999.000,9999.000,9999.000,9999.000
202605180318,   2.979,   3.030,9999.000,9999.000,9999.000,9999.000,9999.000,9999.000,9999.000
202605180324,   2.891,   2.948,9999.000,9999.000,9999.000,9999.000,9999.000,9999.000,9999.000
202605180330,   2.802,   2.860,9999.000,9999.000,9999.000,9999.000,9999.000,9999.000,9999.000
202605180336,   2.711,   2.758,9999.000,9999.000,9999.000,9999.000,9999.000,9999.000,9999.000
202605180342,   2.618,   2.660,9999.000,9999.000,9999.000,9999.000,9999.000,9999.000,9999.000
202605180348,   2.524,   2.568,9999.000,9999.000,9999.000,9999.000,9999.000,9999.000,9999.000
202605180354,   2.429,   2.489,9999.000,9999.000,9999.000,9999.000,9999.000,9999.000,9999.000
202605180400,   2.332,   2.400,  -0.100,   0.168,   2.400,  -0.100,   2.400,  -0.100,   2.400
202605180406,   2.235,   2.289,9999.000,9999.000,9999.000,9999.000,9999.000,9999.000,9999.000
202605180412,   2.136,   2.191,9999.000,9999.000,9999.000,9999.000,9999.000,9999.000,9999.000
202605180418,   2.038,   2.109,9999.000,9999.000,9999.000,9999.000,9999.000,9999.000,9999.000
202605180424,   1.938,   2.010,9999.000,9999.000,9999.000,9999.000,9999.000,9999.000,9999.000
202605180430,   1.839,   1.899,9999.000,9999.000,9999.000,9999.000,9999.000,9999.000,9999.000
202605180436,   1.739,   1.810,9999.000,9999.000,9999.000,9999.000,9999.000,9999.000,9999.000
202605180442,   1.640,   1.728,9999.000,9999.000,9999.000,9999.000,9999.000,9999.000,9999.000
202605180448,   1.541,   1.620,9999.000,9999.000,9999.000,9999.000,9999.000,9999.000,9999.000
202605180454,   1.443,   1.518,9999.000,9999.000,9999.000,9999.000,9999.000,9999.000,9999.000
202605180500,   1.345,   1.430,  -0.100,   0.185,   1.430,  -0.200,   1.330,  -0.100,   1.430
202605180506,   1.248,   1.348,9999.000,9999.000,9999.000,9999.000,9999.000,9999.000,9999.000
202605180512,   1.153,   1.249,9999.000,9999.000,9999.000,9999.000,9999.000,9999.000,9999.000
202605180518,   1.059,   1.161,9999.000,9999.000,9999.000,9999.000,9999.000,9999.000,9999.000
202605180524,   0.967,   1.088,9999.000,9999.000,9999.000,9999.000,9999.000,9999.000,9999.000
202605180530,   0.876,   1.010,9999.000,9999.000,9999.000,9999.000,9999.000,9999.000,9999.000
202605180536,   0.788,   0.928,9999.000,9999.000,9999.000,9999.000,9999.000,9999.000,9999.000
202605180542,   0.702,   0.839,9999.000,9999.000,9999.000,9999.000,9999.000,9999.000,9999.000
202605180548,   0.618,   0.770,9999.000,9999.000,9999.000,9999.000,9999.000,9999.000,9999.000
202605180554,   0.538,   0.698,9999.000,9999.000,9999.000,9999.000,9999.000,9999.000,9999.000
202605180600,   0.460,   0.629,  -0.100,   0.269,   0.629,  -0.200,   0.529,  -0.100,   0.629
202605180606,   0.385,   0.560,9999.000,9999.000,9999.000,9999.000,9999.000,9999.000,9999.000
202605180612,   0.313,   0.498,9999.000,9999.000,9999.000,9999.000,9999.000,9999.000,9999.000
202605180618,   0.245,   0.449,9999.000,9999.000,9999.000,9999.000,9999.000,9999.000,9999.000
202605180624,   0.181,   0.370,9999.000,9999.000,9999.000,9999.000,9999.000,9999.000,9999.000
202605180630,   0.120,   0.308,9999.000,9999.000,9999.000,9999.000,9999.000,9999.000,9999.000
202605180636,   0.063,   0.259,9999.000,9999.000,9999.000,9999.000,9999.000,9999.000,9999.000
202605180642,   0.010,   0.219,9999.000,9999.000,9999.000,9999.000,9999.000,9999.000,9999.000
202605180648,  -0.037,   0.180,9999.000,9999.000,9999.000,9999.000,9999.000,9999.000,9999.000
202605180654,  -0.082,   0.131,9999.000,9999.000,9999.000,9999.000,9999.000,9999.000,9999.000
202605180700,  -0.122,   0.098,  -0.100,   0.320,   0.098,  -0.200,  -0.002,   0.000,   0.198
202605180706,  -0.157,   0.049,9999.000,9999.000,9999.000,9999.000,9999.000,9999.000,9999.000
202605180712,  -0.188,   0.019,9999.000,9999.000,9999.000,9999.000,9999.000,9999.000,9999.000
202605180718,  -0.215,  -0.029,9999.000,9999.000,9999.000,9999.000,9999.000,9999.000,9999.000
202605180724,  -0.237,  -0.049,9999.000,9999.000,9999.000,9999.000,9999.000,9999.000,9999.000
202605180730,  -0.254,  -0.088,9999.000,9999.000,9999.000,9999.000,9999.000,9999.000,9999.000
202605180736,  -0.266,  -0.098,9999.000,9999.000,9999.000,9999.000,9999.000,9999.000,9999.000
202605180742,  -0.274,  -0.121,9999.000,9999.000,9999.000,9999.000,9999.000,9999.000,9999.000
202605180748,  -0.277,  -0.141,9999.000,9999.000,9999.000,9999.000,9999.000,9999.000,9999.000
202605180754,  -0.275,  -0.160,9999.000,9999.000,9999.000,9999.000,9999.000,9999.000,9999.000
202605180800,  -0.268,  -0.170,  -0.100,   0.198,  -0.170,  -0.200,  -0.270,   0.000,  -0.070
202605180806,  -0.257,  -0.180,9999.000,9999.000,9999.000,9999.000,9999.000,9999.000,9999.000
202605180812,  -0.241,  -0.180,9999.000,9999.000,9999.000,9999.000,9999.000,9999.000,9999.000
202605180818,  -0.221,  -0.190,9999.000,9999.000,9999.000,9999.000,9999.000,9999.000,9999.000
202605180824,  -0.196,  -0.170,9999.000,9999.000,9999.000,9999.000,9999.000,9999.000,9999.000
202605180830,  -0.167,  -0.170,9999.000,9999.000,9999.000,9999.000,9999.000,9999.000,9999.000
202605180836,  -0.133,  -0.150,9999.000,9999.000,9999.000,9999.000,9999.000,9999.000,9999.000
202605180842,  -0.096,  -0.111,9999.000,9999.000,9999.000,9999.000,9999.000,9999.000,9999.000
202605180848,  -0.054,  -0.068,9999.000,9999.000,9999.000,9999.000,9999.000,9999.000,9999.000
202605180854,  -0.009,  -0.039,9999.000,9999.000,9999.000,9999.000,9999.000,9999.000,9999.000
202605180900,   0.040,   0.019,  -0.100,   0.079,   0.019,  -0.100,   0.019,   0.000,   0.119
202605180906,   0.093,   0.078,9999.000,9999.000,9999.000,9999.000,9999.000,9999.000,9999.000
202605180912,   0.149,   0.150,9999.000,9999.000,9999.000,9999.000,9999.000,9999.000,9999.000
202605180918,   0.208,   0.219,9999.000,9999.000,9999.000,9999.000,9999.000,9999.000,9999.000
202605180924,   0.271,   0.298,9999.000,9999.000,9999.000,9999.000,9999.000,9999.000,9999.000
202605180930,   0.337,   0.370,9999.000,9999.000,9999.000,9999.000,9999.000,9999.000,9999.000
202605180936,   0.405,   0.449,9999.000,9999.000,9999.000,9999.000,9999.000,9999.000,9999.000
202605180942,   0.476,   0.531,9999.000,9999.000,9999.000,9999.000,9999.000,9999.000,9999.000
202605180948,   0.549,   0.600,9999.000,9999.000,9999.000,9999.000,9999.000,9999.000,9999.000
202605180954,   0.624,   0.669,9999.000,9999.000,9999.000,9999.000,9999.000,9999.000,9999.000
202605181000,   0.701,   0.760,  -0.100,   0.159,   0.760,  -0.100,   0.760,   0.000,   0.860
202605181006,   0.780,   0.849,9999.000,9999.000,9999.000,9999.000,9999.000,9999.000,9999.000
202605181012,   0.860,   0.951,9999.000,9999.000,9999.000,9999.000,9999.000,9999.000,9999.000
202605181018,   0.942,   1.039,9999.000,9999.000,9999.000,9999.000,9999.000,9999.000,9999.000
202605181024,   1.025,   1.118,9999.000,9999.000,9999.000,9999.000,9999.000,9999.000,9999.000
202605181030,   1.109,   1.190,9999.000,9999.000,9999.000,9999.000,9999.000,9999.000,9999.000
202605181036,   1.194,   1.279,9999.000,9999.000,9999.000,9999.000,9999.000,9999.000,9999.000
202605181042,   1.279,   1.380,9999.000,9999.000,9999.000,9999.000,9999.000,9999.000,9999.000
202605181048,   1.365,   1.439,9999.000,9999.000,9999.000,9999.000,9999.000,9999.000,9999.000
202605181054,   1.451,   1.538,9999.000,9999.000,9999.000,9999.000,9999.000,9999.000,9999.000
202605181100,   1.537,   1.630,  -0.100,   0.193,   1.630,  -0.100,   1.630,   0.000,   1.730
202605181106,   1.622,   1.718,9999.000,9999.000,9999.000,9999.000,9999.000,9999.000,9999.000
202605181112,   1.707,   1.810,9999.000,9999.000,9999.000,9999.000,9999.000,9999.000,9999.000
202605181118,   1.791,   1.899,9999.000,9999.000,9999.000,9999.000,9999.000,9999.000,9999.000
202605181124,   1.874,   1.990,9999.000,9999.000,9999.000,9999.000,9999.000,9999.000,9999.000
202605181130,   1.956,   2.089,9999.000,9999.000,9999.000,9999.000,9999.000,9999.000,9999.000
202605181136,   2.037,   2.168,9999.000,9999.000,9999.000,9999.000,9999.000,9999.000,9999.000
202605181142,   2.116,   2.259,9999.000,9999.000,9999.000,9999.000,9999.000,9999.000,9999.000
202605181148,   2.192,   2.348,9999.000,9999.000,9999.000,9999.000,9999.000,9999.000,9999.000
202605181154,   2.267,   2.410,9999.000,9999.000,9999.000,9999.000,9999.000,9999.000,9999.000
202605181200,   2.338,   2.509,   0.000,   0.171,   2.509,   0.000,   2.509,   0.000,   2.509
202605181206,   2.408,   2.578,9999.000,9999.000,9999.000,9999.000,9999.000,9999.000,9999.000
202605181212,   2.474,   2.630,9999.000,9999.000,9999.000,9999.000,9999.000,9999.000,9999.000
202605181218,   2.536,   2.699,9999.000,9999.000,9999.000,9999.000,9999.000,9999.000,9999.000
202605181224,   2.595,   2.778,9999.000,9999.000,9999.000,9999.000,9999.000,9999.000,9999.000
202605181230,   2.651,   2.807,9999.000,9999.000,9999.000,9999.000,9999.000,9999.000,9999.000
202605181236,   2.702,   2.869,9999.000,9999.000,9999.000,9999.000,9999.000,9999.000,9999.000
202605181242,   2.749,   2.929,9999.000,9999.000,9999.000,9999.000,9999.000,9999.000,9999.000
202605181248,   2.792,   2.978,9999.000,9999.000,9999.000,9999.000,9999.000,9999.000,9999.000
202605181254,   2.831,   3.017,9999.000,9999.000,9999.000,9999.000,9999.000,9999.000,9999.000
202605181300,   2.864,   3.030,   0.000,   0.166,   3.030,   0.000,   3.030,   0.000,   3.030
202605181306,   2.893,   3.079,9999.000,9999.000,9999.000,9999.000,9999.000,9999.000,9999.000
202605181312,   2.917,   3.119,9999.000,9999.000,9999.000,9999.000,9999.000,9999.000,9999.000
202605181318,   2.936,   3.129,9999.000,9999.000,9999.000,9999.000,9999.000,9999.000,9999.000
202605181324,   2.950,   3.138,9999.000,9999.000,9999.000,9999.000,9999.000,9999.000,9999.000
202605181330,   2.959,   3.158,9999.000,9999.000,9999.000,9999.000,9999.000,9999.000,9999.000
202605181336,   2.963,   3.188,9999.000,9999.000,9999.000,9999.000,9999.000,9999.000,9999.000
202605181342,   2.962,   3.178,9999.000,9999.000,9999.000,9999.000,9999.000,9999.000,9999.000
202605181348,   2.956,   3.178,9999.000,9999.000,9999.000,9999.000,9999.000,9999.000,9999.000
202605181354,   2.946,   3.158,9999.000,9999.000,9999.000,9999.000,9999.000,9999.000,9999.000
202605181400,   2.930,   3.168,   0.000,   0.238,   3.168,   0.000,   3.168,   0.000,   3.168
202605181406,   2.910,   3.148,9999.000,9999.000,9999.000,9999.000,9999.000,9999.000,9999.000
202605181412,   2.886,   3.089,9999.000,9999.000,9999.000,9999.000,9999.000,9999.000,9999.000
202605181418,   2.857,   3.060,9999.000,9999.000,9999.000,9999.000,9999.000,9999.000,9999.000
202605181424,   2.824,   3.030,9999.000,9999.000,9999.000,9999.000,9999.000,9999.000,9999.000
202605181430,   2.788,   2.997,9999.000,9999.000,9999.000,9999.000,9999.000,9999.000,9999.000
202605181436,   2.747,   2.929,9999.000,9999.000,9999.000,9999.000,9999.000,9999.000,9999.000
202605181442,   2.703,   2.869,9999.000,9999.000,9999.000,9999.000,9999.000,9999.000,9999.000
202605181448,   2.656,   2.820,9999.000,9999.000,9999.000,9999.000,9999.000,9999.000,9999.000
202605181454,   2.605,   2.748,9999.000,9999.000,9999.000,9999.000,9999.000,9999.000,9999.000
202605181500,   2.552,   2.679,   0.000,   0.127,   2.679,   0.000,   2.679,   0.000,   2.679
202605181506,   2.495,   2.610,9999.000,9999.000,9999.000,9999.000,9999.000,9999.000,9999.000
202605181512,   2.436,   2.548,9999.000,9999.000,9999.000,9999.000,9999.000,9999.000,9999.000
202605181518,   2.375,   2.479,9999.000,9999.000,9999.000,9999.000,9999.000,9999.000,9999.000
202605181524,   2.311,   2.410,9999.000,9999.000,9999.000,9999.000,9999.000,9999.000,9999.000
202605181530,   2.246,   2.338,9999.000,9999.000,9999.000,9999.000,9999.000,9999.000,9999.000
202605181536,   2.178,   2.279,9999.000,9999.000,9999.000,9999.000,9999.000,9999.000,9999.000
202605181542,   2.109,   2.220,9999.000,9999.000,9999.000,9999.000,9999.000,9999.000,9999.000
202605181548,   2.038,   2.148,9999.000,9999.000,9999.000,9999.000,9999.000,9999.000,9999.000
202605181554,   1.966,   2.069,9999.000,9999.000,9999.000,9999.000,9999.000,9999.000,9999.000
202605181600,   1.892,   1.990,   0.000,   0.098,   1.990,   0.000,   1.990,   0.000,   1.990
202605181606,   1.817,   1.908,9999.000,9999.000,9999.000,9999.000,9999.000,9999.000,9999.000
202605181612,   1.741,   1.840,9999.000,9999.000,9999.000,9999.000,9999.000,9999.000,9999.000
202605181618,   1.665,   1.748,9999.000,9999.000,9999.000,9999.000,9999.000,9999.000,9999.000
202605181624,   1.587,   1.669,9999.000,9999.000,9999.000,9999.000,9999.000,9999.000,9999.000
202605181630,   1.510,   1.610,9999.000,9999.000,9999.000,9999.000,9999.000,9999.000,9999.000
202605181636,   1.431,   1.528,9999.000,9999.000,9999.000,9999.000,9999.000,9999.000,9999.000
202605181642,   1.353,   1.449,9999.000,9999.000,9999.000,9999.000,9999.000,9999.000,9999.000
202605181648,   1.274,   1.361,9999.000,9999.000,9999.000,9999.000,9999.000,9999.000,9999.000
202605181654,   1.196,   1.298,9999.000,9999.000,9999.000,9999.000,9999.000,9999.000,9999.000
202605181700,   1.118,   1.210,   0.000,   0.092,   1.210,   0.000,   1.210,   0.100,   1.310
202605181706,   1.041,   1.128,9999.000,9999.000,9999.000,9999.000,9999.000,9999.000,9999.000
202605181712,   0.964,   1.039,9999.000,9999.000,9999.000,9999.000,9999.000,9999.000,9999.000
202605181718,   0.888,   0.970,9999.000,9999.000,9999.000,9999.000,9999.000,9999.000,9999.000
202605181724,   0.813,   0.898,9999.000,9999.000,9999.000,9999.000,9999.000,9999.000,9999.000
202605181730,   0.739,   0.829,9999.000,9999.000,9999.000,9999.000,9999.000,9999.000,9999.000
202605181736,   0.667,   0.741,9999.000,9999.000,9999.000,9999.000,9999.000,9999.000,9999.000
202605181742,   0.597,   0.649,9999.000,9999.000,9999.000,9999.000,9999.000,9999.000,9999.000
202605181748,   0.528,   0.580,9999.000,9999.000,9999.000,9999.000,9999.000,9999.000,9999.000
202605181754,   0.461,   0.518,9999.000,9999.000,9999.000,9999.000,9999.000,9999.000,9999.000
202605181800,   0.397,   0.449,   0.100,  -0.048,   0.449,   0.100,   0.449,   0.100,   0.449
202605181806,   0.336,   0.380,9999.000,9999.000,9999.000,9999.000,9999.000,9999.000,9999.000
202605181812,   0.277,   0.308,9999.000,9999.000,9999.000,9999.000,9999.000,9999.000,9999.000
202605181818,   0.220,   0.249,9999.000,9999.000,9999.000,9999.000,9999.000,9999.000,9999.000
202605181824,   0.167,   0.190,9999.000,9999.000,9999.000,9999.000,9999.000,9999.000,9999.000
202605181830,   0.117,   0.141,9999.000,9999.000,9999.000,9999.000,9999.000,9999.000,9999.000
202605181836,   0.071,   0.088,9999.000,9999.000,9999.000,9999.000,9999.000,9999.000,9999.000
202605181842,   0.028,   0.029,9999.000,9999.000,9999.000,9999.000,9999.000,9999.000,9999.000
202605181848,  -0.010,  -0.019,9999.000,9999.000,9999.000,9999.000,9999.000,9999.000,9999.000
202605181854,  -0.046,  -0.059,9999.000,9999.000,9999.000,9999.000,9999.000,9999.000,9999.000
202605181900,  -0.077,  -0.088,   0.100,  -0.111,  -0.088,   0.100,  -0.088,   0.200,   0.012
202605181906,  -0.104,  -0.088,9999.000,9999.000,9999.000,9999.000,9999.000,9999.000,9999.000
202605181912,  -0.127,  -0.121,9999.000,9999.000,9999.000,9999.000,9999.000,9999.000,9999.000
202605181918,  -0.146,  -0.141,9999.000,9999.000,9999.000,9999.000,9999.000,9999.000,9999.000
202605181924,  -0.161,  -0.160,9999.000,9999.000,9999.000,9999.000,9999.000,9999.000,9999.000
202605181930,  -0.171,  -0.170,9999.000,9999.000,9999.000,9999.000,9999.000,9999.000,9999.000
202605181936,  -0.176,  -0.160,9999.000,9999.000,9999.000,9999.000,9999.000,9999.000,9999.000
202605181942,  -0.177,  -0.150,9999.000,9999.000,9999.000,9999.000,9999.000,9999.000,9999.000
202605181948,  -0.174,  -0.150,9999.000,9999.000,9999.000,9999.000,9999.000,9999.000,9999.000
202605181954,  -0.166,  -0.131,9999.000,9999.000,9999.000,9999.000,9999.000,9999.000,9999.000
202605182000,  -0.153,  -0.111,   0.200,  -0.158,  -0.111,   0.100,  -0.211,   0.200,  -0.111
202605182006,  -0.135,  -0.068,9999.000,9999.000,9999.000,9999.000,9999.000,9999.000,9999.000
202605182012,  -0.113,  -0.009,9999.000,9999.000,9999.000,9999.000,9999.000,9999.000,9999.000
202605182018,  -0.087,   0.049,9999.000,9999.000,9999.000,9999.000,9999.000,9999.000,9999.000
202605182024,  -0.056,   0.111,9999.000,9999.000,9999.000,9999.000,9999.000,9999.000,9999.000
202605182030,  -0.020,   0.170,9999.000,9999.000,9999.000,9999.000,9999.000,9999.000,9999.000
202605182036,   0.019,   0.239,9999.000,9999.000,9999.000,9999.000,9999.000,9999.000,9999.000
202605182042,   0.063,   0.308,9999.000,9999.000,9999.000,9999.000,9999.000,9999.000,9999.000
202605182048,   0.112,   0.380,9999.000,9999.000,9999.000,9999.000,9999.000,9999.000,9999.000
202605182054,   0.165,   0.449,9999.000,9999.000,9999.000,9999.000,9999.000,9999.000,9999.000
202605182100,   0.221,   0.498,   0.200,   0.077,   0.498,   0.100,   0.398,   0.200,   0.498
202605182106,   0.282,   0.541,9999.000,9999.000,9999.000,9999.000,9999.000,9999.000,9999.000
202605182112,   0.346,   0.610,9999.000,9999.000,9999.000,9999.000,9999.000,9999.000,9999.000
202605182118,   0.414,   0.698,9999.000,9999.000,9999.000,9999.000,9999.000,9999.000,9999.000
202605182124,   0.485,   0.770,9999.000,9999.000,9999.000,9999.000,9999.000,9999.000,9999.000
202605182130,   0.560,   0.849,9999.000,9999.000,9999.000,9999.000,9999.000,9999.000,9999.000
202605182136,   0.638,   0.918,9999.000,9999.000,9999.000,9999.000,9999.000,9999.000,9999.000
202605182142,   0.718,   0.990,9999.000,9999.000,9999.000,9999.000,9999.000,9999.000,9999.000
202605182148,   0.801,   1.059,9999.000,9999.000,9999.000,9999.000,9999.000,9999.000,9999.000
202605182154,   0.887,   1.138,9999.000,9999.000,9999.000,9999.000,9999.000,9999.000,9999.000
202605182200,   0.975,   1.229,   0.200,   0.054,   1.229,   0.200,   1.229,   0.200,   1.229
202605182206,   1.065,   1.298,9999.000,9999.000,9999.000,9999.000,9999.000,9999.000,9999.000
202605182212,   1.157,   1.400,9999.000,9999.000,9999.000,9999.000,9999.000,9999.000,9999.000
202605182218,   1.251,   1.489,9999.000,9999.000,9999.000,9999.000,9999.000,9999.000,9999.000
202605182224,   1.347,   1.600,9999.000,9999.000,9999.000,9999.000,9999.000,9999.000,9999.000
202605182230,   1.443,   1.679,9999.000,9999.000,9999.000,9999.000,9999.000,9999.000,9999.000
202605182236,   1.541,   1.781,9999.000,9999.000,9999.000,9999.000,9999.000,9999.000,9999.000
202605182242,   1.640,   1.889,9999.000,9999.000,9999.000,9999.000,9999.000,9999.000,9999.000
202605182248,   1.739,   1.990,9999.000,9999.000,9999.000,9999.000,9999.000,9999.000,9999.000
202605182254,   1.839,   2.089,9999.000,9999.000,9999.000,9999.000,9999.000,9999.000,9999.000
202605182300,   1.940,   2.191,   0.200,   0.051,   2.191,   0.200,   2.191,   0.200,   2.191
202605182306,   2.040,   2.289,9999.000,9999.000,9999.000,9999.000,9999.000,9999.000,9999.000
202605182312,   2.141,   2.387,9999.000,9999.000,9999.000,9999.000,9999.000,9999.000,9999.000
202605182318,   2.241,   2.509,9999.000,9999.000,9999.000,9999.000,9999.000,9999.000,9999.000
202605182324,   2.340,   2.610,9999.000,9999.000,9999.000,9999.000,9999.000,9999.000,9999.000
202605182330,   2.439,   2.728,9999.000,9999.000,9999.000,9999.000,9999.000,9999.000,9999.000
202605182336,   2.537,   2.807,9999.000,9999.000,9999.000,9999.000,9999.000,9999.000,9999.000
202605182342,   2.633,   2.919,9999.000,9999.000,9999.000,9999.000,9999.000,9999.000,9999.000
202605182348,   2.729,   2.997,9999.000,9999.000,9999.000,9999.000,9999.000,9999.000,9999.000
202605182354,   2.822,   3.089,9999.000,9999.000,9999.000,9999.000,9999.000,9999.000,9999.000
202605190000,   2.914,   3.197,   0.100,   0.183,   3.197,   0.100,   3.197,   0.200,   3.297
202605190006,   3.003,   3.289,9999.000,9999.000,9999.000,9999.000,9999.000,9999.000,9999.000
202605190012,   3.090,   3.378,9999.000,9999.000,9999.000,9999.000,9999.000,9999.000,9999.000
202605190018,   3.174,   3.450,9999.000,9999.000,9999.000,9999.000,9999.000,9999.000,9999.000
202605190024,   3.255,   3.539,9999.000,9999.000,9999.000,9999.000,9999.000,9999.000,9999.000
202605190030,   3.333,   3.637,9999.000,9999.000,9999.000,9999.000,9999.000,9999.000,9999.000
202605190036,   3.408,   3.719,9999.000,9999.000,9999.000,9999.000,9999.000,9999.000,9999.000
202605190042,   3.479,   3.798,9999.000,9999.000,9999.000,9999.000,9999.000,9999.000,9999.000
202605190048,   3.546,   3.870,9999.000,9999.000,9999.000,9999.000,9999.000,9999.000,9999.000
202605190054,   3.608,   3.939,9999.000,9999.000,9999.000,9999.000,9999.000,9999.000,9999.000
202605190100,   3.666,   4.008,   0.200,   0.142,   4.008,   0.100,   3.908,   0.200,   4.008
202605190106,   3.720,   4.057,9999.000,9999.000,9999.000,9999.000,9999.000,9999.000,9999.000
202605190112,   3.768,   4.109,9999.000,9999.000,9999.000,9999.000,9999.000,9999.000,9999.000
202605190118,   3.812,   4.149,9999.000,9999.000,9999.000,9999.000,9999.000,9999.000,9999.000
202605190124,   3.850,   4.208,9999.000,9999.000,9999.000,9999.000,9999.000,9999.000,9999.000
202605190130,   3.883,   4.247,9999.000,9999.000,9999.000,9999.000,9999.000,9999.000,9999.000
202605190136,   3.911,   4.267,9999.000,9999.000,9999.000,9999.000,9999.000,9999.000,9999.000
202605190142,   3.934,   4.290,9999.000,9999.000,9999.000,9999.000,9999.000,9999.000,9999.000
202605190148,   3.950,   4.309,9999.000,9999.000,9999.000,9999.000,9999.000,9999.000,9999.000
202605190154,   3.962,   4.309,9999.000,9999.000,9999.000,9999.000,9999.000,9999.000,9999.000
202605190200,   3.967,   4.309,   0.200,   0.142,   4.309,   0.100,   4.209,   0.200,   4.309
202605190206,   3.967,   4.300,9999.000,9999.000,9999.000,9999.000,9999.000,9999.000,9999.000
202605190212,   3.962,   4.290,9999.000,9999.000,9999.000,9999.000,9999.000,9999.000,9999.000
202605190218,   3.951,   4.267,9999.000,9999.000,9999.000,9999.000,9999.000,9999.000,9999.000
202605190224,   3.935,   4.227,9999.000,9999.000,9999.000,9999.000,9999.000,9999.000,9999.000
202605190230,   3.914,   4.188,9999.000,9999.000,9999.000,9999.000,9999.000,9999.000,9999.000
202605190236,   3.888,   4.149,9999.000,9999.000,9999.000,9999.000,9999.000,9999.000,9999.000
202605190242,   3.857,   4.119,9999.000,9999.000,9999.000,9999.000,9999.000,9999.000,9999.000
202605190248,   3.821,   4.070,9999.000,9999.000,9999.000,9999.000,9999.000,9999.000,9999.000
202605190254,   3.781,   4.017,9999.000,9999.000,9999.000,9999.000,9999.000,9999.000,9999.000
202605190300,   3.736,   3.968,   0.200,   0.032,   3.968,   0.100,   3.868,   0.200,   3.968
202605190306,   3.687,   3.890,9999.000,9999.000,9999.000,9999.000,9999.000,9999.000,9999.000
202605190312,   3.634,   3.817,9999.000,9999.000,9999.000,9999.000,9999.000,9999.000,9999.000
202605190318,   3.577,   3.768,9999.000,9999.000,9999.000,9999.000,9999.000,9999.000,9999.000
202605190324,   3.517,   3.699,9999.000,9999.000,9999.000,9999.000,9999.000,9999.000,9999.000
202605190330,   3.453,   3.617,9999.000,9999.000,9999.000,9999.000,9999.000,9999.000,9999.000
202605190336,   3.386,   3.558,9999.000,9999.000,9999.000,9999.000,9999.000,9999.000,9999.000
202605190342,   3.316,   3.489,9999.000,9999.000,9999.000,9999.000,9999.000,9999.000,9999.000
202605190348,   3.243,   3.427,9999.000,9999.000,9999.000,9999.000,9999.000,9999.000,9999.000
202605190354,   3.168,   3.348,9999.000,9999.000,9999.000,9999.000,9999.000,9999.000,9999.000
202605190400,   3.089,   3.279,   0.100,   0.090,   3.279,   0.100,   3.279,   0.100,   3.279
202605190406,   3.009,   3.197,9999.000,9999.000,9999.000,9999.000,9999.000,9999.000,9999.000
202605190412,   2.926,   3.109,9999.000,9999.000,9999.000,9999.000,9999.000,9999.000,9999.000
202605190418,   2.841,   3.017,9999.000,9999.000,9999.000,9999.000,9999.000,9999.000,9999.000
202605190424,   2.754,   2.919,9999.000,9999.000,9999.000,9999.000,9999.000,9999.000,9999.000
202605190430,   2.666,   2.830,9999.000,9999.000,9999.000,9999.000,9999.000,9999.000,9999.000
202605190436,   2.576,   2.738,9999.000,9999.000,9999.000,9999.000,9999.000,9999.000,9999.000
202605190442,   2.484,   2.640,9999.000,9999.000,9999.000,9999.000,9999.000,9999.000,9999.000
202605190448,   2.392,   2.558,9999.000,9999.000,9999.000,9999.000,9999.000,9999.000,9999.000
202605190454,   2.298,   2.469,9999.000,9999.000,9999.000,9999.000,9999.000,9999.000,9999.000
202605190500,   2.203,   2.368,   0.100,   0.065,   2.368,   0.100,   2.368,   0.100,   2.368
202605190506,   2.107,   2.279,9999.000,9999.000,9999.000,9999.000,9999.000,9999.000,9999.000
202605190512,   2.011,   2.168,9999.000,9999.000,9999.000,9999.000,9999.000,9999.000,9999.000
202605190518,   1.915,   2.069,9999.000,9999.000,9999.000,9999.000,9999.000,9999.000,9999.000
202605190524,   1.818,   1.981,9999.000,9999.000,9999.000,9999.000,9999.000,9999.000,9999.000
202605190530,   1.721,   1.879,9999.000,9999.000,9999.000,9999.000,9999.000,9999.000,9999.000
202605190536,   1.625,   1.800,9999.000,9999.000,9999.000,9999.000,9999.000,9999.000,9999.000
202605190542,   1.529,   1.699,9999.000,9999.000,9999.000,9999.000,9999.000,9999.000,9999.000
202605190548,   1.433,   1.610,9999.000,9999.000,9999.000,9999.000,9999.000,9999.000,9999.000
202605190554,   1.338,   1.528,9999.000,9999.000,9999.000,9999.000,9999.000,9999.000,9999.000
202605190600,   1.245,   1.420,   0.000,   0.175,   1.420,   0.000,   1.420,   0.000,   1.420
202605190606,   1.152,   1.348,9999.000,9999.000,9999.000,9999.000,9999.000,9999.000,9999.000
202605190612,   1.061,   1.269,9999.000,9999.000,9999.000,9999.000,9999.000,9999.000,9999.000
202605190618,   0.972,   1.180,9999.000,9999.000,9999.000,9999.000,9999.000,9999.000,9999.000
202605190624,   0.884,   1.098,9999.000,9999.000,9999.000,9999.000,9999.000,9999.000,9999.000
202605190630,   0.799,   1.020,9999.000,9999.000,9999.000,9999.000,9999.000,9999.000,9999.000
202605190636,   0.716,   0.951,9999.000,9999.000,9999.000,9999.000,9999.000,9999.000,9999.000
202605190642,   0.636,   0.869,9999.000,9999.000,9999.000,9999.000,9999.000,9999.000,9999.000
202605190648,   0.558,   0.790,9999.000,9999.000,9999.000,9999.000,9999.000,9999.000,9999.000
202605190654,   0.483,   0.718,9999.000,9999.000,9999.000,9999.000,9999.000,9999.000,9999.000
202605190700,   0.412,   0.639,   0.000,   0.227,   0.639,   0.000,   0.639,   0.000,   0.639
202605190706,   0.343,   0.590,9999.000,9999.000,9999.000,9999.000,9999.000,9999.000,9999.000
202605190712,   0.278,   0.531,9999.000,9999.000,9999.000,9999.000,9999.000,9999.000,9999.000
202605190718,   0.217,   0.469,9999.000,9999.000,9999.000,9999.000,9999.000,9999.000,9999.000
202605190724,   0.159,   0.419,9999.000,9999.000,9999.000,9999.000,9999.000,9999.000,9999.000
202605190730,   0.106,   0.370,9999.000,9999.000,9999.000,9999.000,9999.000,9999.000,9999.000
202605190736,   0.056,   0.321,9999.000,9999.000,9999.000,9999.000,9999.000,9999.000,9999.000
202605190742,   0.010,   0.268,9999.000,9999.000,9999.000,9999.000,9999.000,9999.000,9999.000
202605190748,  -0.030,   0.229,9999.000,9999.000,9999.000,9999.000,9999.000,9999.000,9999.000
202605190754,  -0.068,   0.170,9999.000,9999.000,9999.000,9999.000,9999.000,9999.000,9999.000
202605190800,  -0.100,   0.131,   0.000,   0.231,   0.131,   0.000,   0.131,   0.000,   0.131
202605190806,  -0.129,   0.088,9999.000,9999.000,9999.000,9999.000,9999.000,9999.000,9999.000
202605190812,  -0.153,   0.078,9999.000,9999.000,9999.000,9999.000,9999.000,9999.000,9999.000
202605190818,  -0.172,   0.068,9999.000,9999.000,9999.000,9999.000,9999.000,9999.000,9999.000
202605190824,  -0.187,   0.039,9999.000,9999.000,9999.000,9999.000,9999.000,9999.000,9999.000
202605190830,  -0.197,   0.009,9999.000,9999.000,9999.000,9999.000,9999.000,9999.000,9999.000
202605190836,  -0.203,  -0.029,9999.000,9999.000,9999.000,9999.000,9999.000,9999.000,9999.000
202605190842,  -0.204,  -0.039,9999.000,9999.000,9999.000,9999.000,9999.000,9999.000,9999.000
202605190848,  -0.201,  -0.039,9999.000,9999.000,9999.000,9999.000,9999.000,9999.000,9999.000
202605190854,  -0.193,  -0.039,9999.000,9999.000,9999.000,9999.000,9999.000,9999.000,9999.000
202605190900,  -0.181,  -0.049,   0.000,   0.132,  -0.049,   0.000,  -0.049,   0.000,  -0.049
202605190906,  -0.164,  -0.039,9999.000,9999.000,9999.000,9999.000,9999.000,9999.000,9999.000
202605190912,  -0.143,  -0.019,9999.000,9999.000,9999.000,9999.000,9999.000,9999.000,9999.000
202605190918,  -0.118,  -0.019,9999.000,9999.000,9999.000,9999.000,9999.000,9999.000,9999.000
202605190924,  -0.089,  -0.019,9999.000,9999.000,9999.000,9999.000,9999.000,9999.000,9999.000
202605190930,  -0.056,   0.000,9999.000,9999.000,9999.000,9999.000,9999.000,9999.000,9999.000
202605190936,  -0.018,   0.029,9999.000,9999.000,9999.000,9999.000,9999.000,9999.000,9999.000
202605190942,   0.021,   0.039,9999.000,9999.000,9999.000,9999.000,9999.000,9999.000,9999.000
202605190948,   0.066,   0.098,9999.000,9999.000,9999.000,9999.000,9999.000,9999.000,9999.000
202605190954,   0.114,   0.150,9999.000,9999.000,9999.000,9999.000,9999.000,9999.000,9999.000
202605191000,   0.165,   0.209,   0.000,   0.044,   0.209,   0.000,   0.209,   0.000,   0.209
202605191006,   0.220,   0.259,9999.000,9999.000,9999.000,9999.000,9999.000,9999.000,9999.000
202605191012,   0.277,   0.321,9999.000,9999.000,9999.000,9999.000,9999.000,9999.000,9999.000
202605191018,   0.337,   0.400,9999.000,9999.000,9999.000,9999.000,9999.000,9999.000,9999.000
202605191024,   0.400,   0.478,9999.000,9999.000,9999.000,9999.000,9999.000,9999.000,9999.000
202605191030,   0.466,   0.541,9999.000,9999.000,9999.000,9999.000,9999.000,9999.000,9999.000
202605191036,   0.533,   0.600,9999.000,9999.000,9999.000,9999.000,9999.000,9999.000,9999.000
202605191042,   0.603,   0.678,9999.000,9999.000,9999.000,9999.000,9999.000,9999.000,9999.000
202605191048,   0.675,   0.760,9999.000,9999.000,9999.000,9999.000,9999.000,9999.000,9999.000
202605191054,   0.748,   0.859,9999.000,9999.000,9999.000,9999.000,9999.000,9999.000,9999.000
202605191100,   0.823,   0.928,   0.000,   0.105,   0.928,   0.000,   0.928,   0.000,   0.928
202605191106,   0.900,   1.010,9999.000,9999.000,9999.000,9999.000,9999.000,9999.000,9999.000
202605191112,   0.978,   1.118,9999.000,9999.000,9999.000,9999.000,9999.000,9999.000,9999.000
202605191118,   1.057,   1.200,9999.000,9999.000,9999.000,9999.000,9999.000,9999.000,9999.000
202605191124,   1.136,   1.279,9999.000,9999.000,9999.000,9999.000,9999.000,9999.000,9999.000
202605191130,   1.217,   1.361,9999.000,9999.000,9999.000,9999.000,9999.000,9999.000,9999.000
202605191136,   1.298,   1.459,9999.000,9999.000,9999.000,9999.000,9999.000,9999.000,9999.000
202605191142,   1.379,   1.571,9999.000,9999.000,9999.000,9999.000,9999.000,9999.000,9999.000
202605191148,   1.461,   1.639,9999.000,9999.000,9999.000,9999.000,9999.000,9999.000,9999.000
202605191154,   1.542,   1.728,9999.000,9999.000,9999.000,9999.000,9999.000,9999.000,9999.000
202605191200,   1.623,   1.820,   0.000,   0.197,   1.820,   0.000,   1.820,   0.000,   1.820
202605191206,   1.704,   1.908,9999.000,9999.000,9999.000,9999.000,9999.000,9999.000,9999.000
202605191212,   1.784,   2.010,9999.000,9999.000,9999.000,9999.000,9999.000,9999.000,9999.000
202605191218,   1.863,   2.099,9999.000,9999.000,9999.000,9999.000,9999.000,9999.000,9999.000
202605191224,   1.941,   2.200,9999.000,9999.000,9999.000,9999.000,9999.000,9999.000,9999.000
202605191230,   2.017,   2.259,9999.000,9999.000,9999.000,9999.000,9999.000,9999.000,9999.000
202605191236,   2.092,   2.328,9999.000,9999.000,9999.000,9999.000,9999.000,9999.000,9999.000
202605191242,   2.165,   2.410,9999.000,9999.000,9999.000,9999.000,9999.000,9999.000,9999.000
202605191248,   2.236,   2.499,9999.000,9999.000,9999.000,9999.000,9999.000,9999.000,9999.000
202605191254,   2.304,   2.538,9999.000,9999.000,9999.000,9999.000,9999.000,9999.000,9999.000
202605191300,   2.370,   2.630,   0.000,   0.260,   2.630,   0.000,   2.630,   0.000,   2.630
202605191306,   2.433,   2.709,9999.000,9999.000,9999.000,9999.000,9999.000,9999.000,9999.000
202605191312,   2.492,   2.758,9999.000,9999.000,9999.000,9999.000,9999.000,9999.000,9999.000
202605191318,   2.549,   2.797,9999.000,9999.000,9999.000,9999.000,9999.000,9999.000,9999.000
202605191324,   2.601,   2.850,9999.000,9999.000,9999.000,9999.000,9999.000,9999.000,9999.000
202605191330,   2.650,   2.919,9999.000,9999.000,9999.000,9999.000,9999.000,9999.000,9999.000
202605191336,   2.696,   2.968,9999.000,9999.000,9999.000,9999.000,9999.000,9999.000,9999.000
202605191342,   2.736,   3.017,9999.000,9999.000,9999.000,9999.000,9999.000,9999.000,9999.000
202605191348,   2.773,   3.050,9999.000,9999.000,9999.000,9999.000,9999.000,9999.000,9999.000
202605191354,   2.805,   3.099,9999.000,9999.000,9999.000,9999.000,9999.000,9999.000,9999.000
202605191400,   2.833,   3.129,   0.000,   0.296,   3.129,   0.000,   3.129,   0.000,   3.129
202605191406,   2.856,   3.138,9999.000,9999.000,9999.000,9999.000,9999.000,9999.000,9999.000
202605191412,   2.874,   3.178,9999.000,9999.000,9999.000,9999.000,9999.000,9999.000,9999.000
202605191418,   2.887,   3.178,9999.000,9999.000,9999.000,9999.000,9999.000,9999.000,9999.000
202605191424,   2.896,   3.197,9999.000,9999.000,9999.000,9999.000,9999.000,9999.000,9999.000
202605191430,   2.900,   3.197,9999.000,9999.000,9999.000,9999.000,9999.000,9999.000,9999.000
202605191436,   2.899,   3.178,9999.000,9999.000,9999.000,9999.000,9999.000,9999.000,9999.000
202605191442,   2.894,   3.168,9999.000,9999.000,9999.000,9999.000,9999.000,9999.000,9999.000
202605191448,   2.884,   3.168,9999.000,9999.000,9999.000,9999.000,9999.000,9999.000,9999.000
202605191454,   2.870,   3.148,9999.000,9999.000,9999.000,9999.000,9999.000,9999.000,9999.000
202605191500,   2.851,   3.109,   0.000,   0.258,   3.109,   0.000,   3.109,   0.000,   3.109
202605191506,   2.829,   3.070,9999.000,9999.000,9999.000,9999.000,9999.000,9999.000,9999.000
202605191512,   2.802,   3.050,9999.000,9999.000,9999.000,9999.000,9999.000,9999.000,9999.000
202605191518,   2.771,   3.017,9999.000,9999.000,9999.000,9999.000,9999.000,9999.000,9999.000
202605191524,   2.737,   2.968,9999.000,9999.000,9999.000,9999.000,9999.000,9999.000,9999.000
202605191530,   2.699,   2.909,9999.000,9999.000,9999.000,9999.000,9999.000,9999.000,9999.000
202605191536,   2.657,   2.869,9999.000,9999.000,9999.000,9999.000,9999.000,9999.000,9999.000
202605191542,   2.613,   2.820,9999.000,9999.000,9999.000,9999.000,9999.000,9999.000,9999.000
202605191548,   2.565,   2.748,9999.000,9999.000,9999.000,9999.000,9999.000,9999.000,9999.000
202605191554,   2.515,   2.689,9999.000,9999.000,9999.000,9999.000,9999.000,9999.000,9999.000
202605191600,   2.462,   2.640,   0.000,   0.178,   2.640,   0.000,   2.640,   0.000,   2.640
202605191606,   2.406,   2.568,9999.000,9999.000,9999.000,9999.000,9999.000,9999.000,9999.000
202605191612,   2.349,   2.509,9999.000,9999.000,9999.000,9999.000,9999.000,9999.000,9999.000
202605191618,   2.289,   2.450,9999.000,9999.000,9999.000,9999.000,9999.000,9999.000,9999.000
202605191624,   2.227,   2.377,9999.000,9999.000,9999.000,9999.000,9999.000,9999.000,9999.000
202605191630,   2.163,   2.328,9999.000,9999.000,9999.000,9999.000,9999.000,9999.000,9999.000
202605191636,   2.097,   2.250,9999.000,9999.000,9999.000,9999.000,9999.000,9999.000,9999.000
202605191642,   2.030,   2.191,9999.000,9999.000,9999.000,9999.000,9999.000,9999.000,9999.000
202605191648,   1.961,   2.118,9999.000,9999.000,9999.000,9999.000,9999.000,9999.000,9999.000
202605191654,   1.892,   2.049,9999.000,9999.000,9999.000,9999.000,9999.000,9999.000,9999.000
202605191700,   1.820,   1.958,   0.000,   0.138,   1.958,   0.000,   1.958,   0.000,   1.958
202605191706,   1.748,   1.889,9999.000,9999.000,9999.000,9999.000,9999.000,9999.000,9999.000
202605191712,   1.676,   1.820,9999.000,9999.000,9999.000,9999.000,9999.000,9999.000,9999.000
202605191718,   1.602,   1.738,9999.000,9999.000,9999.000,9999.000,9999.000,9999.000,9999.000
202605191724,   1.528,   1.659,9999.000,9999.000,9999.000,9999.000,9999.000,9999.000,9999.000
202605191730,   1.453,   1.580,9999.000,9999.000,9999.000,9999.000,9999.000,9999.000,9999.000
202605191736,   1.379,   1.498,9999.000,9999.000,9999.000,9999.000,9999.000,9999.000,9999.000
202605191742,   1.304,   1.430,9999.000,9999.000,9999.000,9999.000,9999.000,9999.000,9999.000
202605191748,   1.229,   1.338,9999.000,9999.000,9999.000,9999.000,9999.000,9999.000,9999.000
202605191754,   1.155,   1.269,9999.000,9999.000,9999.000,9999.000,9999.000,9999.000,9999.000
202605191800,   1.081,   1.180,   0.000,   0.099,   1.180,   0.000,   1.180,   0.100,   1.280
202605191806,   1.008,   1.098,9999.000,9999.000,9999.000,9999.000,9999.000,9999.000,9999.000
202605191812,   0.935,   1.029,9999.000,9999.000,9999.000,9999.000,9999.000,9999.000,9999.000
202605191818,   0.864,   0.951,9999.000,9999.000,9999.000,9999.000,9999.000,9999.000,9999.000
202605191824,   0.794,   0.869,9999.000,9999.000,9999.000,9999.000,9999.000,9999.000,9999.000
202605191830,   0.725,   0.790,9999.000,9999.000,9999.000,9999.000,9999.000,9999.000,9999.000
202605191836,   0.658,   0.708,9999.000,9999.000,9999.000,9999.000,9999.000,9999.000,9999.000
202605191842,   0.593,   0.649,9999.000,9999.000,9999.000,9999.000,9999.000,9999.000,9999.000
202605191848,   0.530,   0.600,9999.000,9999.000,9999.000,9999.000,9999.000,9999.000,9999.000
202605191854,   0.469,   0.541,9999.000,9999.000,9999.000,9999.000,9999.000,9999.000,9999.000
202605191900,   0.411,   0.478,   0.000,   0.067,   0.478,   0.000,   0.478,   0.100,   0.578
202605191906,   0.355,   0.409,9999.000,9999.000,9999.000,9999.000,9999.000,9999.000,9999.000
202605191912,   0.302,   0.331,9999.000,9999.000,9999.000,9999.000,9999.000,9999.000,9999.000
202605191918,   0.252,   0.268,9999.000,9999.000,9999.000,9999.000,9999.000,9999.000,9999.000
202605191924,   0.205,   0.229,9999.000,9999.000,9999.000,9999.000,9999.000,9999.000,9999.000
202605191930,   0.161,   0.190,9999.000,9999.000,9999.000,9999.000,9999.000,9999.000,9999.000
202605191936,   0.121,   0.170,9999.000,9999.000,9999.000,9999.000,9999.000,9999.000,9999.000
202605191942,   0.084,   0.121,9999.000,9999.000,9999.000,9999.000,9999.000,9999.000,9999.000
202605191948,   0.051,   0.078,9999.000,9999.000,9999.000,9999.000,9999.000,9999.000,9999.000
202605191954,   0.022,   0.039,9999.000,9999.000,9999.000,9999.000,9999.000,9999.000,9999.000
202605192000,  -0.002,   0.029,   0.000,   0.031,   0.029,   0.000,   0.029,   0.000,   0.029
202605192006,  -0.023,   0.029,9999.000,9999.000,9999.000,9999.000,9999.000,9999.000,9999.000
202605192012,  -0.040,   0.009,9999.000,9999.000,9999.000,9999.000,9999.000,9999.000,9999.000
202605192018,  -0.053,  -0.009,9999.000,9999.000,9999.000,9999.000,9999.000,9999.000,9999.000
202605192024,  -0.062,  -0.029,9999.000,9999.000,9999.000,9999.000,9999.000,9999.000,9999.000
202605192030,  -0.067,  -0.029,9999.000,9999.000,9999.000,9999.000,9999.000,9999.000,9999.000
202605192036,  -0.067,  -0.009,9999.000,9999.000,9999.000,9999.000,9999.000,9999.000,9999.000
202605192042,  -0.063,  -0.009,9999.000,9999.000,9999.000,9999.000,9999.000,9999.000,9999.000
202605192048,  -0.055,   0.009,9999.000,9999.000,9999.000,9999.000,9999.000,9999.000,9999.000
202605192054,  -0.042,   0.019,9999.000,9999.000,9999.000,9999.000,9999.000,9999.000,9999.000
202605192100,  -0.025,   0.029,   0.000,   0.054,   0.029,   0.000,   0.029,   0.000,   0.029
202605192106,  -0.004,   0.049,9999.000,9999.000,9999.000,9999.000,9999.000,9999.000,9999.000
202605192112,   0.021,   0.098,9999.000,9999.000,9999.000,9999.000,9999.000,9999.000,9999.000
202605192118,   0.051,   0.170,9999.000,9999.000,9999.000,9999.000,9999.000,9999.000,9999.000
202605192124,   0.085,   0.229,9999.000,9999.000,9999.000,9999.000,9999.000,9999.000,9999.000
202605192130,   0.123,   0.298,9999.000,9999.000,9999.000,9999.000,9999.000,9999.000,9999.000
202605192136,   0.165,   0.370,9999.000,9999.000,9999.000,9999.000,9999.000,9999.000,9999.000
202605192142,   0.210,   0.429,9999.000,9999.000,9999.000,9999.000,9999.000,9999.000,9999.000
202605192148,   0.260,   0.478,9999.000,9999.000,9999.000,9999.000,9999.000,9999.000,9999.000
202605192154,   0.313,   0.560,9999.000,9999.000,9999.000,9999.000,9999.000,9999.000,9999.000
202605192200,   0.370,   0.629,   0.000,   0.259,   0.629,   0.000,   0.629,   0.000,   0.629
202605192206,   0.430,   0.678,9999.000,9999.000,9999.000,9999.000,9999.000,9999.000,9999.000
202605192212,   0.493,   0.741,9999.000,9999.000,9999.000,9999.000,9999.000,9999.000,9999.000
202605192218,   0.560,   0.800,9999.000,9999.000,9999.000,9999.000,9999.000,9999.000,9999.000
202605192224,   0.629,   0.879,9999.000,9999.000,9999.000,9999.000,9999.000,9999.000,9999.000
202605192230,   0.702,   0.951,9999.000,9999.000,9999.000,9999.000,9999.000,9999.000,9999.000
202605192236,   0.776,   1.020,9999.000,9999.000,9999.000,9999.000,9999.000,9999.000,9999.000
202605192242,   0.854,   1.088,9999.000,9999.000,9999.000,9999.000,9999.000,9999.000,9999.000
202605192248,   0.933,   1.161,9999.000,9999.000,9999.000,9999.000,9999.000,9999.000,9999.000
202605192254,   1.015,   1.239,9999.000,9999.000,9999.000,9999.000,9999.000,9999.000,9999.000
202605192300,   1.099,   1.308,   0.000,   0.209,   1.308,   0.000,   1.308,   0.000,   1.308
202605192306,   1.184,   1.361,9999.000,9999.000,9999.000,9999.000,9999.000,9999.000,9999.000
202605192312,   1.271,   1.459,9999.000,9999.000,9999.000,9999.000,9999.000,9999.000,9999.000
202605192318,   1.359,   1.548,9999.000,9999.000,9999.000,9999.000,9999.000,9999.000,9999.000
202605192324,   1.449,   1.659,9999.000,9999.000,9999.000,9999.000,9999.000,9999.000,9999.000
202605192330,   1.539,   1.748,9999.000,9999.000,9999.000,9999.000,9999.000,9999.000,9999.000
202605192336,   1.631,   1.830,9999.000,9999.000,9999.000,9999.000,9999.000,9999.000,9999.000
202605192342,   1.723,   1.908,9999.000,9999.000,9999.000,9999.000,9999.000,9999.000,9999.000
202605192348,   1.816,   2.020,9999.000,9999.000,9999.000,9999.000,9999.000,9999.000,9999.000
202605192354,   1.909,   2.109,9999.000,9999.000,9999.000,9999.000,9999.000,9999.000,9999.000
202605200000,   2.002,   2.220,   0.000,   0.218,   2.220,   0.000,   2.220,   0.000,   2.220
202605200006,   2.095,   2.338,9999.000,9999.000,9999.000,9999.000,9999.000,9999.000,9999.000
202605200012,   2.188,   2.430,9999.000,9999.000,9999.000,9999.000,9999.000,9999.000,9999.000
202605200018,   2.281,   2.509,9999.000,9999.000,9999.000,9999.000,9999.000,9999.000,9999.000
202605200024,   2.373,   2.610,9999.000,9999.000,9999.000,9999.000,9999.000,9999.000,9999.000
202605200030,   2.464,   2.669,9999.000,9999.000,9999.000,9999.000,9999.000,9999.000,9999.000
202605200036,   2.554,   2.758,9999.000,9999.000,9999.000,9999.000,9999.000,9999.000,9999.000
202605200042,   2.643,   2.860,9999.000,9999.000,9999.000,9999.000,9999.000,9999.000,9999.000
202605200048,   2.731,   2.948,9999.000,9999.000,9999.000,9999.000,9999.000,9999.000,9999.000
202605200054,   2.816,   3.030,9999.000,9999.000,9999.000,9999.000,9999.000,9999.000,9999.000
202605200100,   2.900,   3.109,   0.000,   0.209,   3.109,   0.000,   3.109,   0.000,   3.109
202605200106,   2.982,   3.207,9999.000,9999.000,9999.000,9999.000,9999.000,9999.000,9999.000
202605200112,   3.061,   3.270,9999.000,9999.000,9999.000,9999.000,9999.000,9999.000,9999.000
202605200118,   3.137,   3.358,9999.000,9999.000,9999.000,9999.000,9999.000,9999.000,9999.000
202605200124,   3.210,   3.440,9999.000,9999.000,9999.000,9999.000,9999.000,9999.000,9999.000
202605200130,   3.280,   3.489,9999.000,9999.000,9999.000,9999.000,9999.000,9999.000,9999.000
202605200136,   3.347,   3.568,9999.000,9999.000,9999.000,9999.000,9999.000,9999.000,9999.000
202605200142,   3.410,   3.627,9999.000,9999.000,9999.000,9999.000,9999.000,9999.000,9999.000
202605200148,   3.469,   3.689,9999.000,9999.000,9999.000,9999.000,9999.000,9999.000,9999.000
202605200154,   3.524,   3.768,9999.000,9999.000,9999.000,9999.000,9999.000,9999.000,9999.000
202605200200,   3.574,   3.788,   0.000,   0.214,   3.788,   0.000,   3.788,   0.000,   3.788
202605200206,   3.620,   3.827,9999.000,9999.000,9999.000,9999.000,9999.000,9999.000,9999.000
202605200212,   3.661,   3.880,9999.000,9999.000,9999.000,9999.000,9999.000,9999.000,9999.000
202605200218,   3.698,   3.899,9999.000,9999.000,9999.000,9999.000,9999.000,9999.000,9999.000
202605200224,   3.729,   3.929,9999.000,9999.000,9999.000,9999.000,9999.000,9999.000,9999.000
202605200230,   3.755,   3.919,9999.000,9999.000,9999.000,9999.000,9999.000,9999.000,9999.000
202605200236,   3.777,   3.939,9999.000,9999.000,9999.000,9999.000,9999.000,9999.000,9999.000
202605200242,   3.793,   3.968,9999.000,9999.000,9999.000,9999.000,9999.000,9999.000,9999.000
202605200248,   3.803,   3.949,9999.000,9999.000,9999.000,9999.000,9999.000,9999.000,9999.000
202605200254,   3.809,   3.939,9999.000,9999.000,9999.000,9999.000,9999.000,9999.000,9999.000
202605200300,   3.809,   3.939,   0.000,   0.130,   3.939,   0.000,   3.939,   0.000,   3.939
202605200306,   3.805,   3.919,9999.000,9999.000,9999.000,9999.000,9999.000,9999.000,9999.000
202605200312,   3.795,   3.929,9999.000,9999.000,9999.000,9999.000,9999.000,9999.000,9999.000
202605200318,   3.780,   3.919,9999.000,9999.000,9999.000,9999.000,9999.000,9999.000,9999.000
202605200324,   3.761,   3.880,9999.000,9999.000,9999.000,9999.000,9999.000,9999.000,9999.000
202605200330,   3.736,   3.860,9999.000,9999.000,9999.000,9999.000,9999.000,9999.000,9999.000
202605200336,   3.708,   3.817,9999.000,9999.000,9999.000,9999.000,9999.000,9999.000,9999.000
202605200342,   3.674,   3.778,9999.000,9999.000,9999.000,9999.000,9999.000,9999.000,9999.000
202605200348,   3.637,   3.739,9999.000,9999.000,9999.000,9999.000,9999.000,9999.000,9999.000
202605200354,   3.595,   3.680,9999.000,9999.000,9999.000,9999.000,9999.000,9999.000,9999.000
202605200400,   3.549,   3.637,   0.000,   0.088,   3.637,  -0.100,   3.537,   0.000,   3.637
202605200406,   3.500,   3.558,9999.000,9999.000,9999.000,9999.000,9999.000,9999.000,9999.000
202605200412,   3.447,   3.489,9999.000,9999.000,9999.000,9999.000,9999.000,9999.000,9999.000
202605200418,   3.391,   3.427,9999.000,9999.000,9999.000,9999.000,9999.000,9999.000,9999.000
202605200424,   3.332,   3.358,9999.000,9999.000,9999.000,9999.000,9999.000,9999.000,9999.000
202605200430,   3.269,   3.299,9999.000,9999.000,9999.000,9999.000,9999.000,9999.000,9999.000
202605200436,   3.204,   3.260,9999.000,9999.000,9999.000,9999.000,9999.000,9999.000,9999.000
202605200442,   3.135,   3.168,9999.000,9999.000,9999.000,9999.000,9999.000,9999.000,9999.000
202605200448,   3.065,   3.089,9999.000,9999.000,9999.000,9999.000,9999.000,9999.000,9999.000
202605200454,   2.992,   3.017,9999.000,9999.000,9999.000,9999.000,9999.000,9999.000,9999.000
202605200500,   2.916,   2.929,  -0.100,   0.113,   2.929,  -0.100,   2.929,   0.000,   3.029
202605200506,   2.839,   2.879,9999.000,9999.000,9999.000,9999.000,9999.000,9999.000,9999.000
202605200512,   2.759,   2.820,9999.000,9999.000,9999.000,9999.000,9999.000,9999.000,9999.000
202605200518,   2.678,   2.728,9999.000,9999.000,9999.000,9999.000,9999.000,9999.000,9999.000
202605200524,   2.595,   2.650,9999.000,9999.000,9999.000,9999.000,9999.000,9999.000,9999.000
202605200530,   2.511,   2.548,9999.000,9999.000,9999.000,9999.000,9999.000,9999.000,9999.000
202605200536,   2.425,   2.469,9999.000,9999.000,9999.000,9999.000,9999.000,9999.000,9999.000
202605200542,   2.338,   2.400,9999.000,9999.000,9999.000,9999.000,9999.000,9999.000,9999.000
202605200548,   2.250,   2.309,9999.000,9999.000,9999.000,9999.000,9999.000,9999.000,9999.000
202605200554,   2.161,   2.230,9999.000,9999.000,9999.000,9999.000,9999.000,9999.000,9999.000
202605200600,   2.071,   2.138,   0.000,   0.067,   2.138,  -0.200,   1.938,   0.000,   2.138
202605200606,   1.981,   2.049,9999.000,9999.000,9999.000,9999.000,9999.000,9999.000,9999.000
202605200612,   1.891,   1.981,9999.000,9999.000,9999.000,9999.000,9999.000,9999.000,9999.000
202605200618,   1.800,   1.879,9999.000,9999.000,9999.000,9999.000,9999.000,9999.000,9999.000
202605200624,   1.709,   1.800,9999.000,9999.000,9999.000,9999.000,9999.000,9999.000,9999.000
202605200630,   1.619,   1.738,9999.000,9999.000,9999.000,9999.000,9999.000,9999.000,9999.000
202605200636,   1.529,   1.669,9999.000,9999.000,9999.000,9999.000,9999.000,9999.000,9999.000
202605200642,   1.439,   1.580,9999.000,9999.000,9999.000,9999.000,9999.000,9999.000,9999.000
202605200648,   1.350,   1.489,9999.000,9999.000,9999.000,9999.000,9999.000,9999.000,9999.000
202605200654,   1.263,   1.400,9999.000,9999.000,9999.000,9999.000,9999.000,9999.000,9999.000
202605200700,   1.176,   1.328,  -0.100,   0.252,   1.328,  -0.200,   1.228,   0.000,   1.428
202605200706,   1.091,   1.249,9999.000,9999.000,9999.000,9999.000,9999.000,9999.000,9999.000
202605200712,   1.008,   1.161,9999.000,9999.000,9999.000,9999.000,9999.000,9999.000,9999.000
202605200718,   0.926,   1.088,9999.000,9999.000,9999.000,9999.000,9999.000,9999.000,9999.000
202605200724,   0.847,   1.000,9999.000,9999.000,9999.000,9999.000,9999.000,9999.000,9999.000
202605200730,   0.770,   0.951,9999.000,9999.000,9999.000,9999.000,9999.000,9999.000,9999.000
202605200736,   0.695,   0.869,9999.000,9999.000,9999.000,9999.000,9999.000,9999.000,9999.000
202605200742,   0.623,   0.790,9999.000,9999.000,9999.000,9999.000,9999.000,9999.000,9999.000
202605200748,   0.553,   0.698,9999.000,9999.000,9999.000,9999.000,9999.000,9999.000,9999.000
202605200754,   0.487,   0.649,9999.000,9999.000,9999.000,9999.000,9999.000,9999.000,9999.000
202605200800,   0.423,   0.610,  -0.100,   0.287,   0.610,  -0.200,   0.510,   0.000,   0.710
202605200806,   0.363,   0.551,9999.000,9999.000,9999.000,9999.000,9999.000,9999.000,9999.000
202605200812,   0.307,   0.508,9999.000,9999.000,9999.000,9999.000,9999.000,9999.000,9999.000
202605200818,   0.253,   0.459,9999.000,9999.000,9999.000,9999.000,9999.000,9999.000,9999.000
202605200824,   0.204,   0.400,9999.000,9999.000,9999.000,9999.000,9999.000,9999.000,9999.000
202605200830,   0.158,   0.350,9999.000,9999.000,9999.000,9999.000,9999.000,9999.000,9999.000
202605200836,   0.116,   0.308,9999.000,9999.000,9999.000,9999.000,9999.000,9999.000,9999.000
202605200842,   0.077,   0.268,9999.000,9999.000,9999.000,9999.000,9999.000,9999.000,9999.000
202605200848,   0.043,   0.209,9999.000,9999.000,9999.000,9999.000,9999.000,9999.000,9999.000
202605200854,   0.013,   0.180,9999.000,9999.000,9999.000,9999.000,9999.000,9999.000,9999.000
202605200900,  -0.012,   0.170,  -0.100,   0.282,   0.170,  -0.200,   0.070,   0.000,   0.270
202605200906,  -0.034,   0.141,9999.000,9999.000,9999.000,9999.000,9999.000,9999.000,9999.000
202605200912,  -0.052,   0.111,9999.000,9999.000,9999.000,9999.000,9999.000,9999.000,9999.000
202605200918,  -0.065,   0.088,9999.000,9999.000,9999.000,9999.000,9999.000,9999.000,9999.000
202605200924,  -0.075,   0.068,9999.000,9999.000,9999.000,9999.000,9999.000,9999.000,9999.000
202605200930,  -0.080,   0.059,9999.000,9999.000,9999.000,9999.000,9999.000,9999.000,9999.000
202605200936,  -0.081,   0.029,9999.000,9999.000,9999.000,9999.000,9999.000,9999.000,9999.000
202605200942,  -0.078,   0.029,9999.000,9999.000,9999.000,9999.000,9999.000,9999.000,9999.000
202605200948,  -0.071,   0.029,9999.000,9999.000,9999.000,9999.000,9999.000,9999.000,9999.000
202605200954,  -0.060,   0.039,9999.000,9999.000,9999.000,9999.000,9999.000,9999.000,9999.000
202605201000,  -0.045,   0.029,   0.000,   0.074,   0.029,  -0.200,  -0.171,   0.000,   0.029
202605201006,  -0.026,   0.019,9999.000,9999.000,9999.000,9999.000,9999.000,9999.000,9999.000
202605201012,  -0.003,   0.039,9999.000,9999.000,9999.000,9999.000,9999.000,9999.000,9999.000
202605201018,   0.023,   0.068,9999.000,9999.000,9999.000,9999.000,9999.000,9999.000,9999.000
202605201024,   0.053,   0.088,9999.000,9999.000,9999.000,9999.000,9999.000,9999.000,9999.000
202605201030,   0.087,   0.111,9999.000,9999.000,9999.000,9999.000,9999.000,9999.000,9999.000
202605201036,   0.124,   0.141,9999.000,9999.000,9999.000,9999.000,9999.000,9999.000,9999.000
202605201042,   0.164,   0.170,9999.000,9999.000,9999.000,9999.000,9999.000,9999.000,9999.000
202605201048,   0.208,   0.229,9999.000,9999.000,9999.000,9999.000,9999.000,9999.000,9999.000
202605201054,   0.255,   0.278,9999.000,9999.000,9999.000,9999.000,9999.000,9999.000,9999.000
202605201100,   0.304,   0.350,   0.000,   0.046,   0.350,  -0.200,   0.150,   0.000,   0.350
202605201106,   0.356,   0.380,9999.000,9999.000,9999.000,9999.000,9999.000,9999.000,9999.000
202605201112,   0.411,   0.449,9999.000,9999.000,9999.000,9999.000,9999.000,9999.000,9999.000
202605201118,   0.469,   0.531,9999.000,9999.000,9999.000,9999.000,9999.000,9999.000,9999.000
202605201124,   0.528,   0.590,9999.000,9999.000,9999.000,9999.000,9999.000,9999.000,9999.000
202605201130,   0.590,   0.678,9999.000,9999.000,9999.000,9999.000,9999.000,9999.000,9999.000
202605201136,   0.654,   0.751,9999.000,9999.000,9999.000,9999.000,9999.000,9999.000,9999.000
202605201142,   0.720,   0.810,9999.000,9999.000,9999.000,9999.000,9999.000,9999.000,9999.000
202605201148,   0.787,   0.888,9999.000,9999.000,9999.000,9999.000,9999.000,9999.000,9999.000
202605201154,   0.856,   0.970,9999.000,9999.000,9999.000,9999.000,9999.000,9999.000,9999.000
202605201200,   0.926,   1.059,   0.000,   0.133,   1.059,  -0.100,   0.959,   0.000,   1.059
202605201206,   0.998,   1.138,9999.000,9999.000,9999.000,9999.000,9999.000,9999.000,9999.000
202605201212,   1.071,   1.220,9999.000,9999.000,9999.000,9999.000,9999.000,9999.000,9999.000
202605201218,   1.145,   1.289,9999.000,9999.000,9999.000,9999.000,9999.000,9999.000,9999.000
202605201224,   1.219,   1.380,9999.000,9999.000,9999.000,9999.000,9999.000,9999.000,9999.000
202605201230,   1.294,   1.449,9999.000,9999.000,9999.000,9999.000,9999.000,9999.000,9999.000
202605201236,   1.370,   1.528,9999.000,9999.000,9999.000,9999.000,9999.000,9999.000,9999.000
202605201242,   1.446,   1.620,9999.000,9999.000,9999.000,9999.000,9999.000,9999.000,9999.000
202605201248,   1.522,   1.669,9999.000,9999.000,9999.000,9999.000,9999.000,9999.000,9999.000
202605201254,   1.598,   1.790,9999.000,9999.000,9999.000,9999.000,9999.000,9999.000,9999.000
202605201300,   1.674,   1.889,   0.000,   0.215,   1.889,  -0.100,   1.789,   0.000,   1.889
202605201306,   1.749,   1.958,9999.000,9999.000,9999.000,9999.000,9999.000,9999.000,9999.000
202605201312,   1.824,   2.040,9999.000,9999.000,9999.000,9999.000,9999.000,9999.000,9999.000
202605201318,   1.897,   2.118,9999.000,9999.000,9999.000,9999.000,9999.000,9999.000,9999.000
202605201324,   1.970,   2.210,9999.000,9999.000,9999.000,9999.000,9999.000,9999.000,9999.000
202605201330,   2.041,   2.299,9999.000,9999.000,9999.000,9999.000,9999.000,9999.000,9999.000
202605201336,   2.110,   2.387,9999.000,9999.000,9999.000,9999.000,9999.000,9999.000,9999.000
202605201342,   2.178,   2.440,9999.000,9999.000,9999.000,9999.000,9999.000,9999.000,9999.000
202605201348,   2.243,   2.519,9999.000,9999.000,9999.000,9999.000,9999.000,9999.000,9999.000
202605201354,   2.306,   2.568,9999.000,9999.000,9999.000,9999.000,9999.000,9999.000,9999.000
202605201400,   2.367,   2.669,   0.000,   0.302,   2.669,   0.000,   2.669,   0.000,   2.669
202605201406,   2.424,   2.748,9999.000,9999.000,9999.000,9999.000,9999.000,9999.000,9999.000
202605201412,   2.479,   2.787,9999.000,9999.000,9999.000,9999.000,9999.000,9999.000,9999.000
202605201418,   2.530,   2.830,9999.000,9999.000,9999.000,9999.000,9999.000,9999.000,9999.000
202605201424,   2.578,   2.899,9999.000,9999.000,9999.000,9999.000,9999.000,9999.000,9999.000
202605201430,   2.622,   2.958,9999.000,9999.000,9999.000,9999.000,9999.000,9999.000,9999.000
202605201436,   2.662,   2.988,9999.000,9999.000,9999.000,9999.000,9999.000,9999.000,9999.000
202605201442,   2.698,   3.017,9999.000,9999.000,9999.000,9999.000,9999.000,9999.000,9999.000
202605201448,   2.730,   3.050,9999.000,9999.000,9999.000,9999.000,9999.000,9999.000,9999.000
202605201454,   2.757,   3.099,9999.000,9999.000,9999.000,9999.000,9999.000,9999.000,9999.000
202605201500,   2.781,   3.119,   0.000,   0.338,   3.119,   0.000,   3.119,   0.000,   3.119
202605201506,   2.800,   3.129,9999.000,9999.000,9999.000,9999.000,9999.000,9999.000,9999.000
202605201512,   2.814,   3.148,9999.000,9999.000,9999.000,9999.000,9999.000,9999.000,9999.000
202605201518,   2.824,   3.158,9999.000,9999.000,9999.000,9999.000,9999.000,9999.000,9999.000
202605201524,   2.830,   3.148,9999.000,9999.000,9999.000,9999.000,9999.000,9999.000,9999.000
202605201530,   2.831,   3.129,9999.000,9999.000,9999.000,9999.000,9999.000,9999.000,9999.000
202605201536,   2.828,   3.089,9999.000,9999.000,9999.000,9999.000,9999.000,9999.000,9999.000
202605201542,   2.820,   3.079,9999.000,9999.000,9999.000,9999.000,9999.000,9999.000,9999.000
202605201548,   2.808,   3.017,9999.000,9999.000,9999.000,9999.000,9999.000,9999.000,9999.000
202605201554,   2.793,   2.997,9999.000,9999.000,9999.000,9999.000,9999.000,9999.000,9999.000
202605201600,   2.773,   2.948,   0.000,   0.175,   2.948,   0.000,   2.948,   0.000,   2.948
202605201606,   2.750,   2.929,9999.000,9999.000,9999.000,9999.000,9999.000,9999.000,9999.000
202605201612,   2.723,   2.899,9999.000,9999.000,9999.000,9999.000,9999.000,9999.000,9999.000
202605201618,   2.692,   2.840,9999.000,9999.000,9999.000,9999.000,9999.000,9999.000,9999.000
202605201624,   2.658,   2.797,9999.000,9999.000,9999.000,9999.000,9999.000,9999.000,9999.000
202605201630,   2.621,   2.758,9999.000,9999.000,9999.000,9999.000,9999.000,9999.000,9999.000
202605201636,   2.582,   2.699,9999.000,9999.000,9999.000,9999.000,9999.000,9999.000,9999.000
202605201642,   2.539,   2.650,9999.000,9999.000,9999.000,9999.000,9999.000,9999.000,9999.000
202605201648,   2.493,   2.620,9999.000,9999.000,9999.000,9999.000,9999.000,9999.000,9999.000
202605201654,   2.445,   2.558,9999.000,9999.000,9999.000,9999.000,9999.000,9999.000,9999.000
202605201700,   2.395,   2.519,   0.000,   0.124,   2.519,   0.000,   2.519,   0.000,   2.519
202605201706,   2.342,   2.459,9999.000,9999.000,9999.000,9999.000,9999.000,9999.000,9999.000
202605201712,   2.288,   2.410,9999.000,9999.000,9999.000,9999.000,9999.000,9999.000,9999.000
202605201718,   2.231,   2.368,9999.000,9999.000,9999.000,9999.000,9999.000,9999.000,9999.000
202605201724,   2.173,   2.318,9999.000,9999.000,9999.000,9999.000,9999.000,9999.000,9999.000
202605201730,   2.113,   2.259,9999.000,9999.000,9999.000,9999.000,9999.000,9999.000,9999.000
202605201736,   2.052,   2.200,9999.000,9999.000,9999.000,9999.000,9999.000,9999.000,9999.000
202605201742,   1.989,   2.138,9999.000,9999.000,9999.000,9999.000,9999.000,9999.000,9999.000
202605201748,   1.925,   2.049,9999.000,9999.000,9999.000,9999.000,9999.000,9999.000,9999.000
202605201754,   1.860,   1.990,9999.000,9999.000,9999.000,9999.000,9999.000,9999.000,9999.000
202605201800,   1.794,   1.918,   0.000,   0.124,   1.918,   0.000,   1.918,   0.100,   2.018
202605201806,   1.727,   1.859,9999.000,9999.000,9999.000,9999.000,9999.000,9999.000,9999.000
202605201812,   1.659,   1.767,9999.000,9999.000,9999.000,9999.000,9999.000,9999.000,9999.000
202605201818,   1.591,   1.699,9999.000,9999.000,9999.000,9999.000,9999.000,9999.000,9999.000
202605201824,   1.522,   1.630,9999.000,9999.000,9999.000,9999.000,9999.000,9999.000,9999.000
202605201830,   1.453,   1.548,9999.000,9999.000,9999.000,9999.000,9999.000,9999.000,9999.000
202605201836,   1.384,   1.469,9999.000,9999.000,9999.000,9999.000,9999.000,9999.000,9999.000
202605201842,   1.315,   1.380,9999.000,9999.000,9999.000,9999.000,9999.000,9999.000,9999.000
202605201848,   1.246,   1.318,9999.000,9999.000,9999.000,9999.000,9999.000,9999.000,9999.000
202605201854,   1.178,   1.249,9999.000,9999.000,9999.000,9999.000,9999.000,9999.000,9999.000
202605201900,   1.110,   1.170,   0.100,  -0.040,   1.170,   0.000,   1.070,   0.100,   1.170
202605201906,   1.043,   1.108,9999.000,9999.000,9999.000,9999.000,9999.000,9999.000,9999.000
202605201912,   0.977,   1.029,9999.000,9999.000,9999.000,9999.000,9999.000,9999.000,9999.000
202605201918,   0.912,   0.970,9999.000,9999.000,9999.000,9999.000,9999.000,9999.000,9999.000
202605201924,   0.849,   0.908,9999.000,9999.000,9999.000,9999.000,9999.000,9999.000,9999.000
202605201930,   0.787,   0.829,9999.000,9999.000,9999.000,9999.000,9999.000,9999.000,9999.000
202605201936,   0.726,   0.770,9999.000,9999.000,9999.000,9999.000,9999.000,9999.000,9999.000
202605201942,   0.668,   0.708,9999.000,9999.000,9999.000,9999.000,9999.000,9999.000,9999.000
202605201948,   0.611,   0.649,9999.000,9999.000,9999.000,9999.000,9999.000,9999.000,9999.000
202605201954,   0.557,   0.590,9999.000,9999.000,9999.000,9999.000,9999.000,9999.000,9999.000
202605202000,   0.505,   0.541,   0.100,  -0.064,   0.541,   0.000,   0.441,   0.100,   0.541
202605202006,   0.455,   0.478,9999.000,9999.000,9999.000,9999.000,9999.000,9999.000,9999.000
202605202012,   0.409,   0.419,9999.000,9999.000,9999.000,9999.000,9999.000,9999.000,9999.000
202605202018,   0.365,   0.380,9999.000,9999.000,9999.000,9999.000,9999.000,9999.000,9999.000
202605202024,   0.324,   0.360,9999.000,9999.000,9999.000,9999.000,9999.000,9999.000,9999.000
202605202030,   0.286,   0.321,9999.000,9999.000,9999.000,9999.000,9999.000,9999.000,9999.000
202605202036,   0.252,   0.288,9999.000,9999.000,9999.000,9999.000,9999.000,9999.000,9999.000
202605202042,   0.220,   0.239,9999.000,9999.000,9999.000,9999.000,9999.000,9999.000,9999.000
202605202048,   0.193,   0.219,9999.000,9999.000,9999.000,9999.000,9999.000,9999.000,9999.000
202605202054,   0.168,   0.190,9999.000,9999.000,9999.000,9999.000,9999.000,9999.000,9999.000
202605202100,   0.147,   0.150,   0.100,  -0.097,   0.150,   0.000,   0.050,   0.100,   0.150
202605202106,   0.130,   0.150,9999.000,9999.000,9999.000,9999.000,9999.000,9999.000,9999.000
202605202112,   0.117,   0.150,9999.000,9999.000,9999.000,9999.000,9999.000,9999.000,9999.000
202605202118,   0.107,   0.141,9999.000,9999.000,9999.000,9999.000,9999.000,9999.000,9999.000
202605202124,   0.101,   0.141,9999.000,9999.000,9999.000,9999.000,9999.000,9999.000,9999.000
202605202130,   0.099,   0.150,9999.000,9999.000,9999.000,9999.000,9999.000,9999.000,9999.000
202605202136,   0.101,   0.180,9999.000,9999.000,9999.000,9999.000,9999.000,9999.000,9999.000
202605202142,   0.107,   0.200,9999.000,9999.000,9999.000,9999.000,9999.000,9999.000,9999.000
202605202148,   0.116,   0.219,9999.000,9999.000,9999.000,9999.000,9999.000,9999.000,9999.000
202605202154,   0.130,   0.249,9999.000,9999.000,9999.000,9999.000,9999.000,9999.000,9999.000
202605202200,   0.147,   0.278,   0.100,   0.031,   0.278,   0.000,   0.178,   0.200,   0.378
202605202206,   0.168,   0.331,9999.000,9999.000,9999.000,9999.000,9999.000,9999.000,9999.000
202605202212,   0.192,   0.360,9999.000,9999.000,9999.000,9999.000,9999.000,9999.000,9999.000
202605202218,   0.221,   0.439,9999.000,9999.000,9999.000,9999.000,9999.000,9999.000,9999.000
202605202224,   0.253,   0.478,9999.000,9999.000,9999.000,9999.000,9999.000,9999.000,9999.000
202605202230,   0.288,   0.541,9999.000,9999.000,9999.000,9999.000,9999.000,9999.000,9999.000
202605202236,   0.327,   0.580,9999.000,9999.000,9999.000,9999.000,9999.000,9999.000,9999.000
202605202242,   0.370,   0.639,9999.000,9999.000,9999.000,9999.000,9999.000,9999.000,9999.000
202605202248,   0.415,   0.688,9999.000,9999.000,9999.000,9999.000,9999.000,9999.000,9999.000
202605202254,   0.464,   0.718,9999.000,9999.000,9999.000,9999.000,9999.000,9999.000,9999.000
202605202300,   0.516,   0.780,   0.100,   0.164,   0.780,   0.000,   0.680,   0.200,   0.880
202605202306,   0.571,   0.839,9999.000,9999.000,9999.000,9999.000,9999.000,9999.000,9999.000
202605202312,   0.629,   0.908,9999.000,9999.000,9999.000,9999.000,9999.000,9999.000,9999.000
202605202318,   0.689,   0.970,9999.000,9999.000,9999.000,9999.000,9999.000,9999.000,9999.000
202605202324,   0.752,   1.020,9999.000,9999.000,9999.000,9999.000,9999.000,9999.000,9999.000
202605202330,   0.817,   1.088,9999.000,9999.000,9999.000,9999.000,9999.000,9999.000,9999.000
202605202336,   0.885,   1.138,9999.000,9999.000,9999.000,9999.000,9999.000,9999.000,9999.000
202605202342,   0.955,   1.210,9999.000,9999.000,9999.000,9999.000,9999.000,9999.000,9999.000
202605202348,   1.027,   1.279,9999.000,9999.000,9999.000,9999.000,9999.000,9999.000,9999.000
202605202354,   1.100,   1.361,9999.000,9999.000,9999.000,9999.000,9999.000,9999.000,9999.000
202605210000,   1.176,   1.439,   0.000,   0.263,   1.439,   0.000,   1.439,   0.100,   1.539
202605210006,   1.252,   1.489,9999.000,9999.000,9999.000,9999.000,9999.000,9999.000,9999.000
202605210012,   1.331,   1.571,9999.000,9999.000,9999.000,9999.000,9999.000,9999.000,9999.000
202605210018,   1.410,   1.659,9999.000,9999.000,9999.000,9999.000,9999.000,9999.000,9999.000
202605210024,   1.491,   1.728,9999.000,9999.000,9999.000,9999.000,9999.000,9999.000,9999.000
202605210030,   1.573,   1.810,9999.000,9999.000,9999.000,9999.000,9999.000,9999.000,9999.000
202605210036,   1.656,   1.879,9999.000,9999.000,9999.000,9999.000,9999.000,9999.000,9999.000
202605210042,   1.739,   1.958,9999.000,9999.000,9999.000,9999.000,9999.000,9999.000,9999.000
202605210048,   1.823,   2.059,9999.000,9999.000,9999.000,9999.000,9999.000,9999.000,9999.000
202605210054,   1.907,   2.191,9999.000,9999.000,9999.000,9999.000,9999.000,9999.000,9999.000
202605210100,   1.992,   2.289,   0.000,   0.297,   2.289,   0.000,   2.289,   0.100,   2.389
202605210106,   2.076,   2.348,9999.000,9999.000,9999.000,9999.000,9999.000,9999.000,9999.000
202605210112,   2.161,   2.459,9999.000,9999.000,9999.000,9999.000,9999.000,9999.000,9999.000
202605210118,   2.245,   2.538,9999.000,9999.000,9999.000,9999.000,9999.000,9999.000,9999.000
202605210124,   2.328,   2.587,9999.000,9999.000,9999.000,9999.000,9999.000,9999.000,9999.000
202605210130,   2.411,   2.578,9999.000,9999.000,9999.000,9999.000,9999.000,9999.000,9999.000
202605210136,   2.493,   2.679,9999.000,9999.000,9999.000,9999.000,9999.000,9999.000,9999.000
202605210142,   2.574,   2.840,9999.000,9999.000,9999.000,9999.000,9999.000,9999.000,9999.000
202605210148,   2.653,   2.879,9999.000,9999.000,9999.000,9999.000,9999.000,9999.000,9999.000
202605210154,   2.731,   2.958,9999.000,9999.000,9999.000,9999.000,9999.000,9999.000,9999.000
202605210200,   2.807,   3.017,   0.100,   0.110,   3.017,   0.000,   2.917,   0.100,   3.017
202605210206,   2.880,   3.007,9999.000,9999.000,9999.000,9999.000,9999.000,9999.000,9999.000
202605210212,   2.952,   3.079,9999.000,9999.000,9999.000,9999.000,9999.000,9999.000,9999.000
202605210218,   3.020,   3.119,9999.000,9999.000,9999.000,9999.000,9999.000,9999.000,9999.000
202605210224,   3.086,   3.158,9999.000,9999.000,9999.000,9999.000,9999.000,9999.000,9999.000
202605210230,   3.149,   3.230,9999.000,9999.000,9999.000,9999.000,9999.000,9999.000,9999.000
202605210236,   3.208,   3.299,9999.000,9999.000,9999.000,9999.000,9999.000,9999.000,9999.000
202605210242,   3.264,   3.378,9999.000,9999.000,9999.000,9999.000,9999.000,9999.000,9999.000
202605210248,   3.316,   3.407,9999.000,9999.000,9999.000,9999.000,9999.000,9999.000,9999.000
202605210254,   3.364,   3.407,9999.000,9999.000,9999.000,9999.000,9999.000,9999.000,9999.000
202605210300,   3.407,   3.427,   0.100,  -0.080,   3.427,   0.100,   3.427,   0.100,   3.427
202605210306,   3.447,   3.568,9999.000,9999.000,9999.000,9999.000,9999.000,9999.000,9999.000
202605210312,   3.482,   3.588,9999.000,9999.000,9999.000,9999.000,9999.000,9999.000,9999.000
202605210318,   3.512,   3.617,9999.000,9999.000,9999.000,9999.000,9999.000,9999.000,9999.000
202605210324,   3.538,   3.637,9999.000,9999.000,9999.000,9999.000,9999.000,9999.000,9999.000
202605210330,   3.559,   3.729,9999.000,9999.000,9999.000,9999.000,9999.000,9999.000,9999.000
202605210336,   3.575,   3.798,9999.000,9999.000,9999.000,9999.000,9999.000,9999.000,9999.000
202605210342,   3.586,   3.758,9999.000,9999.000,9999.000,9999.000,9999.000,9999.000,9999.000
202605210348,   3.592,   3.837,9999.000,9999.000,9999.000,9999.000,9999.000,9999.000,9999.000
202605210354,   3.594,   3.847,9999.000,9999.000,9999.000,9999.000,9999.000,9999.000,9999.000
202605210400,   3.591,   3.890,   0.100,   0.199,   3.890,   0.000,   3.790,   0.100,   3.890
202605210406,   3.583,   3.837,9999.000,9999.000,9999.000,9999.000,9999.000,9999.000,9999.000
202605210412,   3.571,   3.827,9999.000,9999.000,9999.000,9999.000,9999.000,9999.000,9999.000
202605210418,   3.554,   3.860,9999.000,9999.000,9999.000,9999.000,9999.000,9999.000,9999.000
202605210424,   3.533,   3.817,9999.000,9999.000,9999.000,9999.000,9999.000,9999.000,9999.000
202605210430,   3.507,   3.758,9999.000,9999.000,9999.000,9999.000,9999.000,9999.000,9999.000
202605210436,   3.478,   3.719,9999.000,9999.000,9999.000,9999.000,9999.000,9999.000,9999.000
202605210442,   3.444,   3.689,9999.000,9999.000,9999.000,9999.000,9999.000,9999.000,9999.000
202605210448,   3.407,   3.607,9999.000,9999.000,9999.000,9999.000,9999.000,9999.000,9999.000
202605210454,   3.367,   3.568,9999.000,9999.000,9999.000,9999.000,9999.000,9999.000,9999.000
202605210500,   3.322,   3.519,   0.100,   0.097,   3.519,   0.000,   3.419,   0.100,   3.519
202605210506,   3.275,   3.450,9999.000,9999.000,9999.000,9999.000,9999.000,9999.000,9999.000
202605210512,   3.224,   3.339,9999.000,9999.000,9999.000,9999.000,9999.000,9999.000,9999.000
202605210518,   3.171,   3.260,9999.000,9999.000,9999.000,9999.000,9999.000,9999.000,9999.000
202605210524,   3.115,   3.207,9999.000,9999.000,9999.000,9999.000,9999.000,9999.000,9999.000
202605210530,   3.056,   3.138,9999.000,9999.000,9999.000,9999.000,9999.000,9999.000,9999.000
202605210536,   2.995,   3.089,9999.000,9999.000,9999.000,9999.000,9999.000,9999.000,9999.000
202605210542,   2.931,   2.988,9999.000,9999.000,9999.000,9999.000,9999.000,9999.000,9999.000
202605210548,   2.865,   2.919,9999.000,9999.000,9999.000,9999.000,9999.000,9999.000,9999.000
202605210554,   2.797,   2.879,9999.000,9999.000,9999.000,9999.000,9999.000,9999.000,9999.000
202605210600,   2.727,   2.807,   0.000,   0.080,   2.807,   0.000,   2.807,   0.100,   2.907
202605210606,   2.656,   2.709,9999.000,9999.000,9999.000,9999.000,9999.000,9999.000,9999.000
202605210612,   2.582,   2.669,9999.000,9999.000,9999.000,9999.000,9999.000,9999.000,9999.000
202605210618,   2.508,   2.587,9999.000,9999.000,9999.000,9999.000,9999.000,9999.000,9999.000
202605210624,   2.431,   2.499,9999.000,9999.000,9999.000,9999.000,9999.000,9999.000,9999.000
202605210630,   2.354,   2.410,9999.000,9999.000,9999.000,9999.000,9999.000,9999.000,9999.000
202605210636,   2.275,   2.328,9999.000,9999.000,9999.000,9999.000,9999.000,9999.000,9999.000
202605210642,   2.196,   2.259,9999.000,9999.000,9999.000,9999.000,9999.000,9999.000,9999.000
202605210648,   2.115,   2.210,9999.000,9999.000,9999.000,9999.000,9999.000,9999.000,9999.000
202605210654,   2.034,   2.128,9999.000,9999.000,9999.000,9999.000,9999.000,9999.000,9999.000
202605210700,   1.952,   2.040,   0.100,  -0.012,   2.040,   0.000,   1.940,   0.100,   2.040
202605210706,   1.870,   1.948,9999.000,9999.000,9999.000,9999.000,9999.000,9999.000,9999.000
202605210712,   1.788,   1.849,9999.000,9999.000,9999.000,9999.000,9999.000,9999.000,9999.000
202605210718,   1.706,   1.758,9999.000,9999.000,9999.000,9999.000,9999.000,9999.000,9999.000
202605210724,   1.624,   1.718,9999.000,9999.000,9999.000,9999.000,9999.000,9999.000,9999.000
202605210730,   1.542,   1.649,9999.000,9999.000,9999.000,9999.000,9999.000,9999.000,9999.000
202605210736,   1.461,   1.528,9999.000,9999.000,9999.000,9999.000,9999.000,9999.000,9999.000
202605210742,   1.381,   1.430,9999.000,9999.000,9999.000,9999.000,9999.000,9999.000,9999.000
202605210748,   1.301,   1.400,9999.000,9999.000,9999.000,9999.000,9999.000,9999.000,9999.000
202605210754,   1.223,   1.328,9999.000,9999.000,9999.000,9999.000,9999.000,9999.000,9999.000
202605210800,   1.146,   1.239,   0.100,  -0.007,   1.239,   0.000,   1.139,   0.100,   1.239
202605210806,   1.070,   1.138,9999.000,9999.000,9999.000,9999.000,9999.000,9999.000,9999.000
202605210812,   0.996,   1.059,9999.000,9999.000,9999.000,9999.000,9999.000,9999.000,9999.000
202605210818,   0.924,   0.990,9999.000,9999.000,9999.000,9999.000,9999.000,9999.000,9999.000
202605210824,   0.854,   0.928,9999.000,9999.000,9999.000,9999.000,9999.000,9999.000,9999.000
202605210830,   0.785,   0.879,9999.000,9999.000,9999.000,9999.000,9999.000,9999.000,9999.000
202605210836,   0.720,   0.810,9999.000,9999.000,9999.000,9999.000,9999.000,9999.000,9999.000
202605210842,   0.656,   0.770,9999.000,9999.000,9999.000,9999.000,9999.000,9999.000,9999.000
202605210848,   0.596,   0.659,9999.000,9999.000,9999.000,9999.000,9999.000,9999.000,9999.000
202605210854,   0.538,   0.619,9999.000,9999.000,9999.000,9999.000,9999.000,9999.000,9999.000
202605210900,   0.482,   0.570,   0.100,  -0.012,   0.570,   0.000,   0.470,   0.100,   0.570
202605210906,   0.430,   0.551,9999.000,9999.000,9999.000,9999.000,9999.000,9999.000,9999.000
202605210912,   0.381,   0.508,9999.000,9999.000,9999.000,9999.000,9999.000,9999.000,9999.000
202605210918,   0.335,   0.419,9999.000,9999.000,9999.000,9999.000,9999.000,9999.000,9999.000
202605210924,   0.293,   0.400,9999.000,9999.000,9999.000,9999.000,9999.000,9999.000,9999.000
202605210930,   0.253,   0.360,9999.000,9999.000,9999.000,9999.000,9999.000,9999.000,9999.000
202605210936,   0.217,   0.321,9999.000,9999.000,9999.000,9999.000,9999.000,9999.000,9999.000
202605210942,   0.185,   0.278,9999.000,9999.000,9999.000,9999.000,9999.000,9999.000,9999.000
202605210948,   0.156,   0.229,9999.000,9999.000,9999.000,9999.000,9999.000,9999.000,9999.000
202605210954,   0.131,   0.209,9999.000,9999.000,9999.000,9999.000,9999.000,9999.000,9999.000
202605211000,   0.110,   0.219,   0.100,   0.009,   0.219,   0.100,   0.219,   0.100,   0.219
202605211006,   0.092,   0.219,9999.000,9999.000,9999.000,9999.000,9999.000,9999.000,9999.000
202605211012,   0.078,   0.200,9999.000,9999.000,9999.000,9999.000,9999.000,9999.000,9999.000
202605211018,   0.067,   0.170,9999.000,9999.000,9999.000,9999.000,9999.000,9999.000,9999.000
202605211024,   0.060,   0.131,9999.000,9999.000,9999.000,9999.000,9999.000,9999.000,9999.000
202605211030,   0.057,   0.111,9999.000,9999.000,9999.000,9999.000,9999.000,9999.000,9999.000
202605211036,   0.058,   0.209,9999.000,9999.000,9999.000,9999.000,9999.000,9999.000,9999.000
202605211042,   0.062,   0.239,9999.000,9999.000,9999.000,9999.000,9999.000,9999.000,9999.000
202605211048,   0.070,   0.190,9999.000,9999.000,9999.000,9999.000,9999.000,9999.000,9999.000
202605211054,   0.082,   0.121,9999.000,9999.000,9999.000,9999.000,9999.000,9999.000,9999.000
202605211100,   0.097,   0.121,   0.100,  -0.076,   0.121,   0.000,   0.021,   0.100,   0.121
202605211106,   0.115,   0.190,9999.000,9999.000,9999.000,9999.000,9999.000,9999.000,9999.000
202605211112,   0.137,   0.229,9999.000,9999.000,9999.000,9999.000,9999.000,9999.000,9999.000
202605211118,   0.162,   0.239,9999.000,9999.000,9999.000,9999.000,9999.000,9999.000,9999.000
202605211124,   0.191,   0.259,9999.000,9999.000,9999.000,9999.000,9999.000,9999.000,9999.000
202605211130,   0.222,   0.298,9999.000,9999.000,9999.000,9999.000,9999.000,9999.000,9999.000
202605211136,   0.257,   0.331,9999.000,9999.000,9999.000,9999.000,9999.000,9999.000,9999.000
202605211142,   0.294,   0.409,9999.000,9999.000,9999.000,9999.000,9999.000,9999.000,9999.000
202605211148,   0.335,   0.380,9999.000,9999.000,9999.000,9999.000,9999.000,9999.000,9999.000
202605211154,   0.378,   0.469,9999.000,9999.000,9999.000,9999.000,9999.000,9999.000,9999.000
202605211200,   0.424,   0.551,   0.100,   0.027,   0.551,   0.100,   0.551,   0.100,   0.551
202605211206,   0.472,   0.531,9999.000,9999.000,9999.000,9999.000,9999.000,9999.000,9999.000
202605211212,   0.522,   0.610,9999.000,9999.000,9999.000,9999.000,9999.000,9999.000,9999.000
202605211218,   0.575,   0.619,9999.000,9999.000,9999.000,9999.000,9999.000,9999.000,9999.000
202605211224,   0.630,   0.731,9999.000,9999.000,9999.000,9999.000,9999.000,9999.000,9999.000
202605211230,   0.687,   0.751,9999.000,9999.000,9999.000,9999.000,9999.000,9999.000,9999.000
202605211236,   0.746,   0.839,9999.000,9999.000,9999.000,9999.000,9999.000,9999.000,9999.000
202605211242,   0.807,   0.918,9999.000,9999.000,9999.000,9999.000,9999.000,9999.000,9999.000
202605211248,   0.870,   0.980,9999.000,9999.000,9999.000,9999.000,9999.000,9999.000,9999.000
202605211254,   0.934,   1.049,9999.000,9999.000,9999.000,9999.000,9999.000,9999.000,9999.000
202605211300,   0.999,   1.108,   0.100,   0.009,   1.108,   0.100,   1.108,   0.100,   1.108
202605211306,   1.066,   1.190,9999.000,9999.000,9999.000,9999.000,9999.000,9999.000,9999.000
202605211312,   1.134,   1.269,9999.000,9999.000,9999.000,9999.000,9999.000,9999.000,9999.000
202605211318,   1.203,   1.380,9999.000,9999.000,9999.000,9999.000,9999.000,9999.000,9999.000
202605211324,   1.273,   1.439,9999.000,9999.000,9999.000,9999.000,9999.000,9999.000,9999.000
202605211330,   1.343,   1.538,9999.000,9999.000,9999.000,9999.000,9999.000,9999.000,9999.000
202605211336,   1.414,   1.580,9999.000,9999.000,9999.000,9999.000,9999.000,9999.000,9999.000
202605211342,   1.486,   1.669,9999.000,9999.000,9999.000,9999.000,9999.000,9999.000,9999.000
202605211348,   1.557,   1.758,9999.000,9999.000,9999.000,9999.000,9999.000,9999.000,9999.000
202605211354,   1.629,   1.859,9999.000,9999.000,9999.000,9999.000,9999.000,9999.000,9999.000
202605211400,   1.701,   1.928,   0.100,   0.127,   1.928,   0.100,   1.928,   0.100,   1.928
202605211406,   1.772,   1.990,9999.000,9999.000,9999.000,9999.000,9999.000,9999.000,9999.000
202605211412,   1.842,   2.079,9999.000,9999.000,9999.000,9999.000,9999.000,9999.000,9999.000
202605211418,   1.911,   2.210,9999.000,9999.000,9999.000,9999.000,9999.000,9999.000,9999.000
202605211424,   1.980,   2.269,9999.000,9999.000,9999.000,9999.000,9999.000,9999.000,9999.000
202605211430,   2.047,   2.309,9999.000,9999.000,9999.000,9999.000,9999.000,9999.000,9999.000
202605211436,   2.112,   2.358,9999.000,9999.000,9999.000,9999.000,9999.000,9999.000,9999.000
202605211442,   2.175,   2.469,9999.000,9999.000,9999.000,9999.000,9999.000,9999.000,9999.000
202605211448,   2.237,   2.548,9999.000,9999.000,9999.000,9999.000,9999.000,9999.000,9999.000
202605211454,   2.296,   2.578,9999.000,9999.000,9999.000,9999.000,9999.000,9999.000,9999.000
202605211500,   2.352,   2.630,   0.100,   0.178,   2.630,   0.100,   2.630,   0.200,   2.730
202605211506,   2.406,   2.689,9999.000,9999.000,9999.000,9999.000,9999.000,9999.000,9999.000
202605211512,   2.456,   2.738,9999.000,9999.000,9999.000,9999.000,9999.000,9999.000,9999.000
202605211518,   2.504,   2.820,9999.000,9999.000,9999.000,9999.000,9999.000,9999.000,9999.000
202605211524,   2.548,   2.840,9999.000,9999.000,9999.000,9999.000,9999.000,9999.000,9999.000
202605211530,   2.588,   2.869,9999.000,9999.000,9999.000,9999.000,9999.000,9999.000,9999.000
202605211536,   2.624,   2.909,9999.000,9999.000,9999.000,9999.000,9999.000,9999.000,9999.000
202605211542,   2.657,   2.978,9999.000,9999.000,9999.000,9999.000,9999.000,9999.000,9999.000
202605211548,   2.686,   2.968,9999.000,9999.000,9999.000,9999.000,9999.000,9999.000,9999.000
202605211554,   2.710,   2.968,9999.000,9999.000,9999.000,9999.000,9999.000,9999.000,9999.000
202605211600,   2.731,   3.007,   0.200,   0.076,   3.007,   0.200,   3.007,   0.200,   3.007
202605211606,   2.747,   3.060,9999.000,9999.000,9999.000,9999.000,9999.000,9999.000,9999.000
202605211612,   2.759,   3.070,9999.000,9999.000,9999.000,9999.000,9999.000,9999.000,9999.000
202605211618,   2.767,   3.060,9999.000,9999.000,9999.000,9999.000,9999.000,9999.000,9999.000
202605211624,   2.771,   3.060,9999.000,9999.000,9999.000,9999.000,9999.000,9999.000,9999.000
202605211630,   2.771,   3.079,9999.000,9999.000,9999.000,9999.000,9999.000,9999.000,9999.000
202605211636,   2.767,   3.070,9999.000,9999.000,9999.000,9999.000,9999.000,9999.000,9999.000
202605211642,   2.759,   3.089,9999.000,9999.000,9999.000,9999.000,9999.000,9999.000,9999.000
202605211648,   2.747,   3.050,9999.000,9999.000,9999.000,9999.000,9999.000,9999.000,9999.000
202605211654,   2.732,   3.070,9999.000,9999.000,9999.000,9999.000,9999.000,9999.000,9999.000
202605211700,   2.713,   3.017,   0.200,   0.104,   3.017,   0.200,   3.017,   0.300,   3.117
202605211706,   2.691,   3.007,9999.000,9999.000,9999.000,9999.000,9999.000,9999.000,9999.000
202605211712,   2.666,   3.040,9999.000,9999.000,9999.000,9999.000,9999.000,9999.000,9999.000
202605211718,   2.637,   2.988,9999.000,9999.000,9999.000,9999.000,9999.000,9999.000,9999.000
202605211724,   2.606,   2.919,9999.000,9999.000,9999.000,9999.000,9999.000,9999.000,9999.000
202605211730,   2.572,   2.958,9999.000,9999.000,9999.000,9999.000,9999.000,9999.000,9999.000
202605211736,   2.535,   2.869,9999.000,9999.000,9999.000,9999.000,9999.000,9999.000,9999.000
202605211742,   2.496,   2.820,9999.000,9999.000,9999.000,9999.000,9999.000,9999.000,9999.000
202605211748,   2.454,   2.797,9999.000,9999.000,9999.000,9999.000,9999.000,9999.000,9999.000
202605211754,   2.411,9999.000,9999.000,9999.000,9999.000,9999.000,9999.000,9999.000,9999.000
202605211800,   2.365,9999.000,   0.300,   0.106,   2.771,   0.200,   2.671,   0.300,   2.771
202605211806,   2.317,9999.000,9999.000,9999.000,9999.000,9999.000,9999.000,9999.000,9999.000
202605211812,   2.268,9999.000,9999.000,9999.000,9999.000,9999.000,9999.000,9999.000,9999.000
202605211818,   2.217,9999.000,9999.000,9999.000,9999.000,9999.000,9999.000,9999.000,9999.000
202605211824,   2.164,9999.000,9999.000,9999.000,9999.000,9999.000,9999.000,9999.000,9999.000
202605211830,   2.110,9999.000,9999.000,9999.000,9999.000,9999.000,9999.000,9999.000,9999.000
202605211836,   2.055,9999.000,9999.000,9999.000,9999.000,9999.000,9999.000,9999.000,9999.000
202605211842,   1.998,9999.000,9999.000,9999.000,9999.000,9999.000,9999.000,9999.000,9999.000
202605211848,   1.941,9999.000,9999.000,9999.000,9999.000,9999.000,9999.000,9999.000,9999.000
202605211854,   1.882,9999.000,9999.000,9999.000,9999.000,9999.000,9999.000,9999.000,9999.000
202605211900,   1.823,9999.000,   0.300,   0.109,   2.232,   0.300,   2.232,   0.300,   2.232
202605211906,   1.762,9999.000,9999.000,9999.000,9999.000,9999.000,9999.000,9999.000,9999.000
202605211912,   1.701,9999.000,9999.000,9999.000,9999.000,9999.000,9999.000,9999.000,9999.000
202605211918,   1.640,9999.000,9999.000,9999.000,9999.000,9999.000,9999.000,9999.000,9999.000
202605211924,   1.578,9999.000,9999.000,9999.000,9999.000,9999.000,9999.000,9999.000,9999.000
202605211930,   1.516,9999.000,9999.000,9999.000,9999.000,9999.000,9999.000,9999.000,9999.000
202605211936,   1.454,9999.000,9999.000,9999.000,9999.000,9999.000,9999.000,9999.000,9999.000
202605211942,   1.392,9999.000,9999.000,9999.000,9999.000,9999.000,9999.000,9999.000,9999.000
202605211948,   1.330,9999.000,9999.000,9999.000,9999.000,9999.000,9999.000,9999.000,9999.000
202605211954,   1.269,9999.000,9999.000,9999.000,9999.000,9999.000,9999.000,9999.000,9999.000
202605212000,   1.208,9999.000,   0.300,   0.111,   1.619,   0.300,   1.619,   0.400,   1.719
202605212006,   1.148,9999.000,9999.000,9999.000,9999.000,9999.000,9999.000,9999.000,9999.000
202605212012,   1.089,9999.000,9999.000,9999.000,9999.000,9999.000,9999.000,9999.000,9999.000
202605212018,   1.031,9999.000,9999.000,9999.000,9999.000,9999.000,9999.000,9999.000,9999.000
202605212024,   0.974,9999.000,9999.000,9999.000,9999.000,9999.000,9999.000,9999.000,9999.000
202605212030,   0.918,9999.000,9999.000,9999.000,9999.000,9999.000,9999.000,9999.000,9999.000
202605212036,   0.864,9999.000,9999.000,9999.000,9999.000,9999.000,9999.000,9999.000,9999.000
202605212042,   0.811,9999.000,9999.000,9999.000,9999.000,9999.000,9999.000,9999.000,9999.000
202605212048,   0.760,9999.000,9999.000,9999.000,9999.000,9999.000,9999.000,9999.000,9999.000
202605212054,   0.712,9999.000,9999.000,9999.000,9999.000,9999.000,9999.000,9999.000,9999.000
202605212100,   0.665,9999.000,   0.400,   0.113,   1.178,   0.300,   1.078,   0.400,   1.178
202605212106,   0.620,9999.000,9999.000,9999.000,9999.000,9999.000,9999.000,9999.000,9999.000
202605212112,   0.578,9999.000,9999.000,9999.000,9999.000,9999.000,9999.000,9999.000,9999.000
202605212118,   0.539,9999.000,9999.000,9999.000,9999.000,9999.000,9999.000,9999.000,9999.000
202605212124,   0.502,9999.000,9999.000,9999.000,9999.000,9999.000,9999.000,9999.000,9999.000
202605212130,   0.467,9999.000,9999.000,9999.000,9999.000,9999.000,9999.000,9999.000,9999.000
202605212136,   0.436,9999.000,9999.000,9999.000,9999.000,9999.000,9999.000,9999.000,9999.000
202605212142,   0.407,9999.000,9999.000,9999.000,9999.000,9999.000,9999.000,9999.000,9999.000
202605212148,   0.381,9999.000,9999.000,9999.000,9999.000,9999.000,9999.000,9999.000,9999.000
202605212154,   0.358,9999.000,9999.000,9999.000,9999.000,9999.000,9999.000,9999.000,9999.000
202605212200,   0.339,9999.000,   0.400,   0.116,   0.855,   0.300,   0.755,   0.500,   0.955
202605212206,   0.322,9999.000,9999.000,9999.000,9999.000,9999.000,9999.000,9999.000,9999.000
202605212212,   0.309,9999.000,9999.000,9999.000,9999.000,9999.000,9999.000,9999.000,9999.000
202605212218,   0.299,9999.000,9999.000,9999.000,9999.000,9999.000,9999.000,9999.000,9999.000
202605212224,   0.292,9999.000,9999.000,9999.000,9999.000,9999.000,9999.000,9999.000,9999.000
202605212230,   0.289,9999.000,9999.000,9999.000,9999.000,9999.000,9999.000,9999.000,9999.000
202605212236,   0.289,9999.000,9999.000,9999.000,9999.000,9999.000,9999.000,9999.000,9999.000
202605212242,   0.292,9999.000,9999.000,9999.000,9999.000,9999.000,9999.000,9999.000,9999.000
202605212248,   0.298,9999.000,9999.000,9999.000,9999.000,9999.000,9999.000,9999.000,9999.000
202605212254,   0.308,9999.000,9999.000,9999.000,9999.000,9999.000,9999.000,9999.000,9999.000
202605212300,   0.322,9999.000,   0.400,   0.118,   0.840,   0.400,   0.840,   0.500,   0.940
202605212306,   0.338,9999.000,9999.000,9999.000,9999.000,9999.000,9999.000,9999.000,9999.000
202605212312,   0.358,9999.000,9999.000,9999.000,9999.000,9999.000,9999.000,9999.000,9999.000
202605212318,   0.381,9999.000,9999.000,9999.000,9999.000,9999.000,9999.000,9999.000,9999.000
202605212324,   0.407,9999.000,9999.000,9999.000,9999.000,9999.000,9999.000,9999.000,9999.000
202605212330,   0.437,9999.000,9999.000,9999.000,9999.000,9999.000,9999.000,9999.000,9999.000
202605212336,   0.469,9999.000,9999.000,9999.000,9999.000,9999.000,9999.000,9999.000,9999.000
202605212342,   0.505,9999.000,9999.000,9999.000,9999.000,9999.000,9999.000,9999.000,9999.000
202605212348,   0.543,9999.000,9999.000,9999.000,9999.000,9999.000,9999.000,9999.000,9999.000
202605212354,   0.585,9999.000,9999.000,9999.000,9999.000,9999.000,9999.000,9999.000,9999.000
202605220000,   0.629,9999.000,   0.400,   0.120,   1.149,   0.400,   1.149,   0.500,   1.249
202605220006,   0.675,9999.000,9999.000,9999.000,9999.000,9999.000,9999.000,9999.000,9999.000
202605220012,   0.724,9999.000,9999.000,9999.000,9999.000,9999.000,9999.000,9999.000,9999.000
202605220018,   0.776,9999.000,9999.000,9999.000,9999.000,9999.000,9999.000,9999.000,9999.000
202605220024,   0.830,9999.000,9999.000,9999.000,9999.000,9999.000,9999.000,9999.000,9999.000
202605220030,   0.887,9999.000,9999.000,9999.000,9999.000,9999.000,9999.000,9999.000,9999.000
202605220036,   0.945,9999.000,9999.000,9999.000,9999.000,9999.000,9999.000,9999.000,9999.000
202605220042,   1.006,9999.000,9999.000,9999.000,9999.000,9999.000,9999.000,9999.000,9999.000
202605220048,   1.068,9999.000,9999.000,9999.000,9999.000,9999.000,9999.000,9999.000,9999.000
202605220054,   1.132,9999.000,9999.000,9999.000,9999.000,9999.000,9999.000,9999.000,9999.000
202605220100,   1.198,9999.000,   0.400,   0.123,   1.721,   0.400,   1.721,   0.500,   1.821
202605220106,   1.266,9999.000,9999.000,9999.000,9999.000,9999.000,9999.000,9999.000,9999.000
202605220112,   1.335,9999.000,9999.000,9999.000,9999.000,9999.000,9999.000,9999.000,9999.000
202605220118,   1.405,9999.000,9999.000,9999.000,9999.000,9999.000,9999.000,9999.000,9999.000
202605220124,   1.477,9999.000,9999.000,9999.000,9999.000,9999.000,9999.000,9999.000,9999.000
202605220130,   1.550,9999.000,9999.000,9999.000,9999.000,9999.000,9999.000,9999.000,9999.000
202605220136,   1.623,9999.000,9999.000,9999.000,9999.000,9999.000,9999.000,9999.000,9999.000
202605220142,   1.698,9999.000,9999.000,9999.000,9999.000,9999.000,9999.000,9999.000,9999.000
202605220148,   1.773,9999.000,9999.000,9999.000,9999.000,9999.000,9999.000,9999.000,9999.000
202605220154,   1.849,9999.000,9999.000,9999.000,9999.000,9999.000,9999.000,9999.000,9999.000
202605220200,   1.925,9999.000,   0.400,   0.125,   2.450,   0.300,   2.350,   0.500,   2.550
202605220206,   2.001,9999.000,9999.000,9999.000,9999.000,9999.000,9999.000,9999.000,9999.000
202605220212,   2.077,9999.000,9999.000,9999.000,9999.000,9999.000,9999.000,9999.000,9999.000
202605220218,   2.153,9999.000,9999.000,9999.000,9999.000,9999.000,9999.000,9999.000,9999.000
202605220224,   2.229,9999.000,9999.000,9999.000,9999.000,9999.000,9999.000,9999.000,9999.000
202605220230,   2.304,9999.000,9999.000,9999.000,9999.000,9999.000,9999.000,9999.000,9999.000
202605220236,   2.379,9999.000,9999.000,9999.000,9999.000,9999.000,9999.000,9999.000,9999.000
202605220242,   2.452,9999.000,9999.000,9999.000,9999.000,9999.000,9999.000,9999.000,9999.000
202605220248,   2.524,9999.000,9999.000,9999.000,9999.000,9999.000,9999.000,9999.000,9999.000
202605220254,   2.594,9999.000,9999.000,9999.000,9999.000,9999.000,9999.000,9999.000,9999.000
202605220300,   2.663,9999.000,   0.400,   0.127,   3.190,   0.300,   3.090,   0.500,   3.290
202605220306,   2.729,9999.000,9999.000,9999.000,9999.000,9999.000,9999.000,9999.000,9999.000
202605220312,   2.793,9999.000,9999.000,9999.000,9999.000,9999.000,9999.000,9999.000,9999.000
202605220318,   2.855,9999.000,9999.000,9999.000,9999.000,9999.000,9999.000,9999.000,9999.000
202605220324,   2.914,9999.000,9999.000,9999.000,9999.000,9999.000,9999.000,9999.000,9999.000
202605220330,   2.970,9999.000,9999.000,9999.000,9999.000,9999.000,9999.000,9999.000,9999.000
202605220336,   3.023,9999.000,9999.000,9999.000,9999.000,9999.000,9999.000,9999.000,9999.000
202605220342,   3.072,9999.000,9999.000,9999.000,9999.000,9999.000,9999.000,9999.000,9999.000
202605220348,   3.117,9999.000,9999.000,9999.000,9999.000,9999.000,9999.000,9999.000,9999.000
202605220354,   3.159,9999.000,9999.000,9999.000,9999.000,9999.000,9999.000,9999.000,9999.000
202605220400,   3.197,9999.000,   0.400,   0.130,   3.727,   0.300,   3.627,   0.500,   3.827
202605220406,   3.231,9999.000,9999.000,9999.000,9999.000,9999.000,9999.000,9999.000,9999.000
202605220412,   3.260,9999.000,9999.000,9999.000,9999.000,9999.000,9999.000,9999.000,9999.000
202605220418,   3.285,9999.000,9999.000,9999.000,9999.000,9999.000,9999.000,9999.000,9999.000
202605220424,   3.306,9999.000,9999.000,9999.000,9999.000,9999.000,9999.000,9999.000,9999.000
202605220430,   3.323,9999.000,9999.000,9999.000,9999.000,9999.000,9999.000,9999.000,9999.000
202605220436,   3.335,9999.000,9999.000,9999.000,9999.000,9999.000,9999.000,9999.000,9999.000
202605220442,   3.342,9999.000,9999.000,9999.000,9999.000,9999.000,9999.000,9999.000,9999.000
202605220448,   3.346,9999.000,9999.000,9999.000,9999.000,9999.000,9999.000,9999.000,9999.000
202605220454,   3.345,9999.000,9999.000,9999.000,9999.000,9999.000,9999.000,9999.000,9999.000
202605220500,   3.339,9999.000,   0.400,   0.132,   3.871,   0.300,   3.771,   0.500,   3.971
202605220506,   3.330,9999.000,9999.000,9999.000,9999.000,9999.000,9999.000,9999.000,9999.000
202605220512,   3.316,9999.000,9999.000,9999.000,9999.000,9999.000,9999.000,9999.000,9999.000
202605220518,   3.299,9999.000,9999.000,9999.000,9999.000,9999.000,9999.000,9999.000,9999.000
202605220524,   3.278,9999.000,9999.000,9999.000,9999.000,9999.000,9999.000,9999.000,9999.000
202605220530,   3.253,9999.000,9999.000,9999.000,9999.000,9999.000,9999.000,9999.000,9999.000
202605220536,   3.225,9999.000,9999.000,9999.000,9999.000,9999.000,9999.000,9999.000,9999.000
202605220542,   3.193,9999.000,9999.000,9999.000,9999.000,9999.000,9999.000,9999.000,9999.000
202605220548,   3.158,9999.000,9999.000,9999.000,9999.000,9999.000,9999.000,9999.000,9999.000
202605220554,   3.121,9999.000,9999.000,9999.000,9999.000,9999.000,9999.000,9999.000,9999.000
202605220600,   3.080,9999.000,   0.300,   0.132,   3.512,   0.300,   3.512,   0.400,   3.612
202605220606,   3.037,9999.000,9999.000,9999.000,9999.000,9999.000,9999.000,9999.000,9999.000
202605220612,   2.990,9999.000,9999.000,9999.000,9999.000,9999.000,9999.000,9999.000,9999.000
202605220618,   2.942,9999.000,9999.000,9999.000,9999.000,9999.000,9999.000,9999.000,9999.000
202605220624,   2.891,9999.000,9999.000,9999.000,9999.000,9999.000,9999.000,9999.000,9999.000
202605220630,   2.838,9999.000,9999.000,9999.000,9999.000,9999.000,9999.000,9999.000,9999.000
202605220636,   2.783,9999.000,9999.000,9999.000,9999.000,9999.000,9999.000,9999.000,9999.000
202605220642,   2.726,9999.000,9999.000,9999.000,9999.000,9999.000,9999.000,9999.000,9999.000
202605220648,   2.667,9999.000,9999.000,9999.000,9999.000,9999.000,9999.000,9999.000,9999.000
202605220654,   2.607,9999.000,9999.000,9999.000,9999.000,9999.000,9999.000,9999.000,9999.000
202605220700,   2.544,9999.000,   0.300,   0.132,   2.976,   0.300,   2.976,   0.400,   3.076
202605220706,   2.481,9999.000,9999.000,9999.000,9999.000,9999.000,9999.000,9999.000,9999.000
202605220712,   2.415,9999.000,9999.000,9999.000,9999.000,9999.000,9999.000,9999.000,9999.000
202605220718,   2.349,9999.000,9999.000,9999.000,9999.000,9999.000,9999.000,9999.000,9999.000
202605220724,   2.281,9999.000,9999.000,9999.000,9999.000,9999.000,9999.000,9999.000,9999.000
202605220730,   2.213,9999.000,9999.000,9999.000,9999.000,9999.000,9999.000,9999.000,9999.000
202605220736,   2.143,9999.000,9999.000,9999.000,9999.000,9999.000,9999.000,9999.000,9999.000
202605220742,   2.072,9999.000,9999.000,9999.000,9999.000,9999.000,9999.000,9999.000,9999.000
202605220748,   2.001,9999.000,9999.000,9999.000,9999.000,9999.000,9999.000,9999.000,9999.000
202605220754,   1.930,9999.000,9999.000,9999.000,9999.000,9999.000,9999.000,9999.000,9999.000
202605220800,   1.857,9999.000,   0.300,   0.132,   2.289,   0.300,   2.289,   0.400,   2.389
202605220806,   1.785,9999.000,9999.000,9999.000,9999.000,9999.000,9999.000,9999.000,9999.000
202605220812,   1.712,9999.000,9999.000,9999.000,9999.000,9999.000,9999.000,9999.000,9999.000
202605220818,   1.640,9999.000,9999.000,9999.000,9999.000,9999.000,9999.000,9999.000,9999.000
202605220824,   1.567,9999.000,9999.000,9999.000,9999.000,9999.000,9999.000,9999.000,9999.000
202605220830,   1.495,9999.000,9999.000,9999.000,9999.000,9999.000,9999.000,9999.000,9999.000
202605220836,   1.424,9999.000,9999.000,9999.000,9999.000,9999.000,9999.000,9999.000,9999.000
202605220842,   1.353,9999.000,9999.000,9999.000,9999.000,9999.000,9999.000,9999.000,9999.000
202605220848,   1.282,9999.000,9999.000,9999.000,9999.000,9999.000,9999.000,9999.000,9999.000
202605220854,   1.213,9999.000,9999.000,9999.000,9999.000,9999.000,9999.000,9999.000,9999.000
202605220900,   1.145,9999.000,   0.300,   0.132,   1.577,   0.300,   1.577,   0.400,   1.677
202605220906,   1.078,9999.000,9999.000,9999.000,9999.000,9999.000,9999.000,9999.000,9999.000
202605220912,   1.013,9999.000,9999.000,9999.000,9999.000,9999.000,9999.000,9999.000,9999.000
202605220918,   0.949,9999.000,9999.000,9999.000,9999.000,9999.000,9999.000,9999.000,9999.000
202605220924,   0.887,9999.000,9999.000,9999.000,9999.000,9999.000,9999.000,9999.000,9999.000
202605220930,   0.827,9999.000,9999.000,9999.000,9999.000,9999.000,9999.000,9999.000,9999.000
202605220936,   0.769,9999.000,9999.000,9999.000,9999.000,9999.000,9999.000,9999.000,9999.000
202605220942,   0.713,9999.000,9999.000,9999.000,9999.000,9999.000,9999.000,9999.000,9999.000
202605220948,   0.659,9999.000,9999.000,9999.000,9999.000,9999.000,9999.000,9999.000,9999.000
202605220954,   0.608,9999.000,9999.000,9999.000,9999.000,9999.000,9999.000,9999.000,9999.000
202605221000,   0.559,9999.000,   0.300,   0.132,   0.991,   0.200,   0.891,   0.400,   1.091
202605221006,   0.513,9999.000,9999.000,9999.000,9999.000,9999.000,9999.000,9999.000,9999.000
202605221012,   0.469,9999.000,9999.000,9999.000,9999.000,9999.000,9999.000,9999.000,9999.000
202605221018,   0.428,9999.000,9999.000,9999.000,9999.000,9999.000,9999.000,9999.000,9999.000
202605221024,   0.390,9999.000,9999.000,9999.000,9999.000,9999.000,9999.000,9999.000,9999.000
202605221030,   0.355,9999.000,9999.000,9999.000,9999.000,9999.000,9999.000,9999.000,9999.000
202605221036,   0.323,9999.000,9999.000,9999.000,9999.000,9999.000,9999.000,9999.000,9999.000
202605221042,   0.294,9999.000,9999.000,9999.000,9999.000,9999.000,9999.000,9999.000,9999.000
202605221048,   0.269,9999.000,9999.000,9999.000,9999.000,9999.000,9999.000,9999.000,9999.000
202605221054,   0.246,9999.000,9999.000,9999.000,9999.000,9999.000,9999.000,9999.000,9999.000
202605221100,   0.227,9999.000,   0.300,   0.132,   0.659,   0.200,   0.559,   0.400,   0.759
202605221106,   0.211,9999.000,9999.000,9999.000,9999.000,9999.000,9999.000,9999.000,9999.000
202605221112,   0.198,9999.000,9999.000,9999.000,9999.000,9999.000,9999.000,9999.000,9999.000
202605221118,   0.188,9999.000,9999.000,9999.000,9999.000,9999.000,9999.000,9999.000,9999.000
202605221124,   0.182,9999.000,9999.000,9999.000,9999.000,9999.000,9999.000,9999.000,9999.000
202605221130,   0.179,9999.000,9999.000,9999.000,9999.000,9999.000,9999.000,9999.000,9999.000
202605221136,   0.179,9999.000,9999.000,9999.000,9999.000,9999.000,9999.000,9999.000,9999.000
202605221142,   0.183,9999.000,9999.000,9999.000,9999.000,9999.000,9999.000,9999.000,9999.000
202605221148,   0.190,9999.000,9999.000,9999.000,9999.000,9999.000,9999.000,9999.000,9999.000
202605221154,   0.200,9999.000,9999.000,9999.000,9999.000,9999.000,9999.000,9999.000,9999.000
202605221200,   0.214,9999.000,   0.300,   0.132,   0.646,   0.200,   0.546,   0.400,   0.746
202605221206,   0.231,9999.000,9999.000,9999.000,9999.000,9999.000,9999.000,9999.000,9999.000
202605221212,   0.250,9999.000,9999.000,9999.000,9999.000,9999.000,9999.000,9999.000,9999.000
202605221218,   0.273,9999.000,9999.000,9999.000,9999.000,9999.000,9999.000,9999.000,9999.000
202605221224,   0.299,9999.000,9999.000,9999.000,9999.000,9999.000,9999.000,9999.000,9999.000
202605221230,   0.328,9999.000,9999.000,9999.000,9999.000,9999.000,9999.000,9999.000,9999.000
202605221236,   0.360,9999.000,9999.000,9999.000,9999.000,9999.000,9999.000,9999.000,9999.000
202605221242,   0.394,9999.000,9999.000,9999.000,9999.000,9999.000,9999.000,9999.000,9999.000
202605221248,   0.431,9999.000,9999.000,9999.000,9999.000,9999.000,9999.000,9999.000,9999.000
202605221254,   0.471,9999.000,9999.000,9999.000,9999.000,9999.000,9999.000,9999.000,9999.000
202605221300,   0.513,9999.000,   0.300,   0.132,   0.945,   0.200,   0.845,   0.400,   1.045
202605221306,   0.558,9999.000,9999.000,9999.000,9999.000,9999.000,9999.000,9999.000,9999.000
202605221312,   0.605,9999.000,9999.000,9999.000,9999.000,9999.000,9999.000,9999.000,9999.000
202605221318,   0.654,9999.000,9999.000,9999.000,9999.000,9999.000,9999.000,9999.000,9999.000
202605221324,   0.706,9999.000,9999.000,9999.000,9999.000,9999.000,9999.000,9999.000,9999.000
202605221330,   0.759,9999.000,9999.000,9999.000,9999.000,9999.000,9999.000,9999.000,9999.000
202605221336,   0.814,9999.000,9999.000,9999.000,9999.000,9999.000,9999.000,9999.000,9999.000
202605221342,   0.872,9999.000,9999.000,9999.000,9999.000,9999.000,9999.000,9999.000,9999.000
202605221348,   0.931,9999.000,9999.000,9999.000,9999.000,9999.000,9999.000,9999.000,9999.000
202605221354,   0.991,9999.000,9999.000,9999.000,9999.000,9999.000,9999.000,9999.000,9999.000
202605221400,   1.054,9999.000,   0.300,   0.132,   1.486,   0.200,   1.386,   0.400,   1.586
202605221406,   1.117,9999.000,9999.000,9999.000,9999.000,9999.000,9999.000,9999.000,9999.000
202605221412,   1.182,9999.000,9999.000,9999.000,9999.000,9999.000,9999.000,9999.000,9999.000
202605221418,   1.248,9999.000,9999.000,9999.000,9999.000,9999.000,9999.000,9999.000,9999.000
202605221424,   1.315,9999.000,9999.000,9999.000,9999.000,9999.000,9999.000,9999.000,9999.000
202605221430,   1.382,9999.000,9999.000,9999.000,9999.000,9999.000,9999.000,9999.000,9999.000
202605221436,   1.451,9999.000,9999.000,9999.000,9999.000,9999.000,9999.000,9999.000,9999.000
202605221442,   1.520,9999.000,9999.000,9999.000,9999.000,9999.000,9999.000,9999.000,9999.000
202605221448,   1.588,9999.000,9999.000,9999.000,9999.000,9999.000,9999.000,9999.000,9999.000
202605221454,   1.657,9999.000,9999.000,9999.000,9999.000,9999.000,9999.000,9999.000,9999.000
202605221500,   1.726,9999.000,   0.300,   0.132,   2.158,   0.200,   2.058,   0.400,   2.258
202605221506,   1.794,9999.000,9999.000,9999.000,9999.000,9999.000,9999.000,9999.000,9999.000
202605221512,   1.861,9999.000,9999.000,9999.000,9999.000,9999.000,9999.000,9999.000,9999.000
202605221518,   1.928,9999.000,9999.000,9999.000,9999.000,9999.000,9999.000,9999.000,9999.000
202605221524,   1.994,9999.000,9999.000,9999.000,9999.000,9999.000,9999.000,9999.000,9999.000
202605221530,   2.058,9999.000,9999.000,9999.000,9999.000,9999.000,9999.000,9999.000,9999.000
202605221536,   2.120,9999.000,9999.000,9999.000,9999.000,9999.000,9999.000,9999.000,9999.000
202605221542,   2.181,9999.000,9999.000,9999.000,9999.000,9999.000,9999.000,9999.000,9999.000
202605221548,   2.239,9999.000,9999.000,9999.000,9999.000,9999.000,9999.000,9999.000,9999.000
202605221554,   2.295,9999.000,9999.000,9999.000,9999.000,9999.000,9999.000,9999.000,9999.000
202605221600,   2.349,9999.000,   0.300,   0.132,   2.781,   0.200,   2.681,   0.400,   2.881
202605221606,   2.399,9999.000,9999.000,9999.000,9999.000,9999.000,9999.000,9999.000,9999.000
202605221612,   2.447,9999.000,9999.000,9999.000,9999.000,9999.000,9999.000,9999.000,9999.000
202605221618,   2.491,9999.000,9999.000,9999.000,9999.000,9999.000,9999.000,9999.000,9999.000
202605221624,   2.532,9999.000,9999.000,9999.000,9999.000,9999.000,9999.000,9999.000,9999.000
202605221630,   2.570,9999.000,9999.000,9999.000,9999.000,9999.000,9999.000,9999.000,9999.000
202605221636,   2.604,9999.000,9999.000,9999.000,9999.000,9999.000,9999.000,9999.000,9999.000
202605221642,   2.634,9999.000,9999.000,9999.000,9999.000,9999.000,9999.000,9999.000,9999.000
202605221648,   2.660,9999.000,9999.000,9999.000,9999.000,9999.000,9999.000,9999.000,9999.000
202605221654,   2.683,9999.000,9999.000,9999.000,9999.000,9999.000,9999.000,9999.000,9999.000
202605221700,   2.702,9999.000,   0.300,   0.132,   3.134,   0.200,   3.034,   0.500,   3.334
202605221706,   2.716,9999.000,9999.000,9999.000,9999.000,9999.000,9999.000,9999.000,9999.000
202605221712,   2.728,9999.000,9999.000,9999.000,9999.000,9999.000,9999.000,9999.000,9999.000
202605221718,   2.735,9999.000,9999.000,9999.000,9999.000,9999.000,9999.000,9999.000,9999.000
202605221724,   2.738,9999.000,9999.000,9999.000,9999.000,9999.000,9999.000,9999.000,9999.000
202605221730,   2.738,9999.000,9999.000,9999.000,9999.000,9999.000,9999.000,9999.000,9999.000
202605221736,   2.735,9999.000,9999.000,9999.000,9999.000,9999.000,9999.000,9999.000,9999.000
202605221742,   2.728,9999.000,9999.000,9999.000,9999.000,9999.000,9999.000,9999.000,9999.000
202605221748,   2.717,9999.000,9999.000,9999.000,9999.000,9999.000,9999.000,9999.000,9999.000
202605221754,   2.704,9999.000,9999.000,9999.000,9999.000,9999.000,9999.000,9999.000,9999.000
202605221800,   2.687,9999.000,   0.400,   0.132,   3.219,   0.300,   3.119,   0.500,   3.319
202605221806,   2.668,9999.000,9999.000,9999.000,9999.000,9999.000,9999.000,9999.000,9999.000
202605221812,   2.645,9999.000,9999.000,9999.000,9999.000,9999.000,9999.000,9999.000,9999.000
202605221818,   2.621,9999.000,9999.000,9999.000,9999.000,9999.000,9999.000,9999.000,9999.000
202605221824,   2.593,9999.000,9999.000,9999.000,9999.000,9999.000,9999.000,9999.000,9999.000
202605221830,   2.563,9999.000,9999.000,9999.000,9999.000,9999.000,9999.000,9999.000,9999.000
202605221836,   2.531,9999.000,9999.000,9999.000,9999.000,9999.000,9999.000,9999.000,9999.000
202605221842,   2.497,9999.000,9999.000,9999.000,9999.000,9999.000,9999.000,9999.000,9999.000
202605221848,   2.461,9999.000,9999.000,9999.000,9999.000,9999.000,9999.000,9999.000,9999.000
202605221854,   2.423,9999.000,9999.000,9999.000,9999.000,9999.000,9999.000,9999.000,9999.000
202605221900,   2.384,9999.000,   0.400,   0.132,   2.916,   0.300,   2.816,   0.500,   3.016
202605221906,   2.342,9999.000,9999.000,9999.000,9999.000,9999.000,9999.000,9999.000,9999.000
202605221912,   2.299,9999.000,9999.000,9999.000,9999.000,9999.000,9999.000,9999.000,9999.000
202605221918,   2.254,9999.000,9999.000,9999.000,9999.000,9999.000,9999.000,9999.000,9999.000
202605221924,   2.208,9999.000,9999.000,9999.000,9999.000,9999.000,9999.000,9999.000,9999.000
202605221930,   2.161,9999.000,9999.000,9999.000,9999.000,9999.000,9999.000,9999.000,9999.000
202605221936,   2.113,9999.000,9999.000,9999.000,9999.000,9999.000,9999.000,9999.000,9999.000
202605221942,   2.063,9999.000,9999.000,9999.000,9999.000,9999.000,9999.000,9999.000,9999.000
202605221948,   2.012,9999.000,9999.000,9999.000,9999.000,9999.000,9999.000,9999.000,9999.000
202605221954,   1.960,9999.000,9999.000,9999.000,9999.000,9999.000,9999.000,9999.000,9999.000
202605222000,   1.908,9999.000,   0.400,   0.132,   2.440,   0.300,   2.340,   0.500,   2.540
202605222006,   1.854,9999.000,9999.000,9999.000,9999.000,9999.000,9999.000,9999.000,9999.000
202605222012,   1.800,9999.000,9999.000,9999.000,9999.000,9999.000,9999.000,9999.000,9999.000
202605222018,   1.745,9999.000,9999.000,9999.000,9999.000,9999.000,9999.000,9999.000,9999.000
202605222024,   1.690,9999.000,9999.000,9999.000,9999.000,9999.000,9999.000,9999.000,9999.000
202605222030,   1.635,9999.000,9999.000,9999.000,9999.000,9999.000,9999.000,9999.000,9999.000
202605222036,   1.579,9999.000,9999.000,9999.000,9999.000,9999.000,9999.000,9999.000,9999.000
202605222042,   1.523,9999.000,9999.000,9999.000,9999.000,9999.000,9999.000,9999.000,9999.000
202605222048,   1.467,9999.000,9999.000,9999.000,9999.000,9999.000,9999.000,9999.000,9999.000
202605222054,   1.412,9999.000,9999.000,9999.000,9999.000,9999.000,9999.000,9999.000,9999.000
202605222100,   1.356,9999.000,   0.400,   0.132,   1.888,   0.300,   1.788,   0.500,   1.988
202605222106,   1.301,9999.000,9999.000,9999.000,9999.000,9999.000,9999.000,9999.000,9999.000
202605222112,   1.247,9999.000,9999.000,9999.000,9999.000,9999.000,9999.000,9999.000,9999.000
202605222118,   1.194,9999.000,9999.000,9999.000,9999.000,9999.000,9999.000,9999.000,9999.000
202605222124,   1.141,9999.000,9999.000,9999.000,9999.000,9999.000,9999.000,9999.000,9999.000
202605222130,   1.089,9999.000,9999.000,9999.000,9999.000,9999.000,9999.000,9999.000,9999.000
202605222136,   1.039,9999.000,9999.000,9999.000,9999.000,9999.000,9999.000,9999.000,9999.000
202605222142,   0.990,9999.000,9999.000,9999.000,9999.000,9999.000,9999.000,9999.000,9999.000
202605222148,   0.942,9999.000,9999.000,9999.000,9999.000,9999.000,9999.000,9999.000,9999.000
202605222154,   0.896,9999.000,9999.000,9999.000,9999.000,9999.000,9999.000,9999.000,9999.000
202605222200,   0.851,9999.000,   0.400,   0.132,   1.383,   0.300,   1.283,   0.500,   1.483
202605222206,   0.808,9999.000,9999.000,9999.000,9999.000,9999.000,9999.000,9999.000,9999.000
202605222212,   0.767,9999.000,9999.000,9999.000,9999.000,9999.000,9999.000,9999.000,9999.000
202605222218,   0.729,9999.000,9999.000,9999.000,9999.000,9999.000,9999.000,9999.000,9999.000
202605222224,   0.692,9999.000,9999.000,9999.000,9999.000,9999.000,9999.000,9999.000,9999.000
202605222230,   0.658,9999.000,9999.000,9999.000,9999.000,9999.000,9999.000,9999.000,9999.000
202605222236,   0.625,9999.000,9999.000,9999.000,9999.000,9999.000,9999.000,9999.000,9999.000
202605222242,   0.596,9999.000,9999.000,9999.000,9999.000,9999.000,9999.000,9999.000,9999.000
202605222248,   0.569,9999.000,9999.000,9999.000,9999.000,9999.000,9999.000,9999.000,9999.000
202605222254,   0.544,9999.000,9999.000,9999.000,9999.000,9999.000,9999.000,9999.000,9999.000
202605222300,   0.522,9999.000,   0.400,   0.132,   1.054,   0.300,   0.954,   0.500,   1.154
202605222306,   0.503,9999.000,9999.000,9999.000,9999.000,9999.000,9999.000,9999.000,9999.000
202605222312,   0.486,9999.000,9999.000,9999.000,9999.000,9999.000,9999.000,9999.000,9999.000
202605222318,   0.473,9999.000,9999.000,9999.000,9999.000,9999.000,9999.000,9999.000,9999.000
202605222324,   0.462,9999.000,9999.000,9999.000,9999.000,9999.000,9999.000,9999.000,9999.000
202605222330,   0.454,9999.000,9999.000,9999.000,9999.000,9999.000,9999.000,9999.000,9999.000
202605222336,   0.449,9999.000,9999.000,9999.000,9999.000,9999.000,9999.000,9999.000,9999.000
202605222342,   0.447,9999.000,9999.000,9999.000,9999.000,9999.000,9999.000,9999.000,9999.000
202605222348,   0.448,9999.000,9999.000,9999.000,9999.000,9999.000,9999.000,9999.000,9999.000
202605222354,   0.452,9999.000,9999.000,9999.000,9999.000,9999.000,9999.000,9999.000,9999.000
202605230000,   0.459,9999.000,   0.400,   0.132,   0.991,   0.300,   0.891,   0.400,   0.991
202605230006,   0.470,9999.000,9999.000,9999.000,9999.000,9999.000,9999.000,9999.000,9999.000
202605230012,   0.483,9999.000,9999.000,9999.000,9999.000,9999.000,9999.000,9999.000,9999.000
202605230018,   0.499,9999.000,9999.000,9999.000,9999.000,9999.000,9999.000,9999.000,9999.000
202605230024,   0.518,9999.000,9999.000,9999.000,9999.000,9999.000,9999.000,9999.000,9999.000
202605230030,   0.540,9999.000,9999.000,9999.000,9999.000,9999.000,9999.000,9999.000,9999.000
202605230036,   0.565,9999.000,9999.000,9999.000,9999.000,9999.000,9999.000,9999.000,9999.000
202605230042,   0.592,9999.000,9999.000,9999.000,9999.000,9999.000,9999.000,9999.000,9999.000
202605230048,   0.623,9999.000,9999.000,9999.000,9999.000,9999.000,9999.000,9999.000,9999.000
202605230054,   0.656,9999.000,9999.000,9999.000,9999.000,9999.000,9999.000,9999.000,9999.000
202605230100,   0.692,9999.000,   0.300,   0.132,   1.124,   0.200,   1.024,   0.400,   1.224
202605230106,   0.730,9999.000,9999.000,9999.000,9999.000,9999.000,9999.000,9999.000,9999.000
202605230112,   0.771,9999.000,9999.000,9999.000,9999.000,9999.000,9999.000,9999.000,9999.000
202605230118,   0.814,9999.000,9999.000,9999.000,9999.000,9999.000,9999.000,9999.000,9999.000
202605230124,   0.859,9999.000,9999.000,9999.000,9999.000,9999.000,9999.000,9999.000,9999.000
202605230130,   0.907,9999.000,9999.000,9999.000,9999.000,9999.000,9999.000,9999.000,9999.000
202605230136,   0.957,9999.000,9999.000,9999.000,9999.000,9999.000,9999.000,9999.000,9999.000
202605230142,   1.009,9999.000,9999.000,9999.000,9999.000,9999.000,9999.000,9999.000,9999.000
202605230148,   1.063,9999.000,9999.000,9999.000,9999.000,9999.000,9999.000,9999.000,9999.000
202605230154,   1.119,9999.000,9999.000,9999.000,9999.000,9999.000,9999.000,9999.000,9999.000
202605230200,   1.177,9999.000,   0.300,   0.132,   1.609,   0.200,   1.509,   0.300,   1.609
202605230206,   1.236,9999.000,9999.000,9999.000,9999.000,9999.000,9999.000,9999.000,9999.000
202605230212,   1.297,9999.000,9999.000,9999.000,9999.000,9999.000,9999.000,9999.000,9999.000
202605230218,   1.360,9999.000,9999.000,9999.000,9999.000,9999.000,9999.000,9999.000,9999.000
202605230224,   1.423,9999.000,9999.000,9999.000,9999.000,9999.000,9999.000,9999.000,9999.000
202605230230,   1.488,9999.000,9999.000,9999.000,9999.000,9999.000,9999.000,9999.000,9999.000
202605230236,   1.555,9999.000,9999.000,9999.000,9999.000,9999.000,9999.000,9999.000,9999.000
202605230242,   1.622,9999.000,9999.000,9999.000,9999.000,9999.000,9999.000,9999.000,9999.000
202605230248,   1.689,9999.000,9999.000,9999.000,9999.000,9999.000,9999.000,9999.000,9999.000
202605230254,   1.758,9999.000,9999.000,9999.000,9999.000,9999.000,9999.000,9999.000,9999.000
202605230300,   1.827,9999.000,   0.300,   0.132,   2.259,   0.200,   2.159,   0.300,   2.259
202605230306,   1.896,9999.000,9999.000,9999.000,9999.000,9999.000,9999.000,9999.000,9999.000
202605230312,   1.965,9999.000,9999.000,9999.000,9999.000,9999.000,9999.000,9999.000,9999.000
202605230318,   2.035,9999.000,9999.000,9999.000,9999.000,9999.000,9999.000,9999.000,9999.000
202605230324,   2.104,9999.000,9999.000,9999.000,9999.000,9999.000,9999.000,9999.000,9999.000
202605230330,   2.172,9999.000,9999.000,9999.000,9999.000,9999.000,9999.000,9999.000,9999.000
202605230336,   2.240,9999.000,9999.000,9999.000,9999.000,9999.000,9999.000,9999.000,9999.000
202605230342,   2.306,9999.000,9999.000,9999.000,9999.000,9999.000,9999.000,9999.000,9999.000
202605230348,   2.372,9999.000,9999.000,9999.000,9999.000,9999.000,9999.000,9999.000,9999.000
202605230354,   2.435,9999.000,9999.000,9999.000,9999.000,9999.000,9999.000,9999.000,9999.000
202605230400,   2.498,9999.000,   0.200,   0.132,   2.830,   0.200,   2.830,   0.300,   2.930
202605230406,   2.558,9999.000,9999.000,9999.000,9999.000,9999.000,9999.000,9999.000,9999.000
202605230412,   2.615,9999.000,9999.000,9999.000,9999.000,9999.000,9999.000,9999.000,9999.000
202605230418,   2.671,9999.000,9999.000,9999.000,9999.000,9999.000,9999.000,9999.000,9999.000
202605230424,   2.723,9999.000,9999.000,9999.000,9999.000,9999.000,9999.000,9999.000,9999.000
202605230430,   2.773,9999.000,9999.000,9999.000,9999.000,9999.000,9999.000,9999.000,9999.000
202605230436,   2.820,9999.000,9999.000,9999.000,9999.000,9999.000,9999.000,9999.000,9999.000
202605230442,   2.863,9999.000,9999.000,9999.000,9999.000,9999.000,9999.000,9999.000,9999.000
202605230448,   2.903,9999.000,9999.000,9999.000,9999.000,9999.000,9999.000,9999.000,9999.000
202605230454,   2.939,9999.000,9999.000,9999.000,9999.000,9999.000,9999.000,9999.000,9999.000
202605230500,   2.972,9999.000,   0.200,   0.132,   3.304,   0.100,   3.204,   0.300,   3.404
202605230506,   3.001,9999.000,9999.000,9999.000,9999.000,9999.000,9999.000,9999.000,9999.000
202605230512,   3.026,9999.000,9999.000,9999.000,9999.000,9999.000,9999.000,9999.000,9999.000
202605230518,   3.047,9999.000,9999.000,9999.000,9999.000,9999.000,9999.000,9999.000,9999.000
202605230524,   3.064,9999.000,9999.000,9999.000,9999.000,9999.000,9999.000,9999.000,9999.000
202605230530,   3.077,9999.000,9999.000,9999.000,9999.000,9999.000,9999.000,9999.000,9999.000
202605230536,   3.086,9999.000,9999.000,9999.000,9999.000,9999.000,9999.000,9999.000,9999.000
202605230542,   3.091,9999.000,9999.000,9999.000,9999.000,9999.000,9999.000,9999.000,9999.000
202605230548,   3.093,9999.000,9999.000,9999.000,9999.000,9999.000,9999.000,9999.000,9999.000
202605230554,   3.090,9999.000,9999.000,9999.000,9999.000,9999.000,9999.000,9999.000,9999.000
202605230600,   3.084,9999.000,   0.200,   0.132,   3.416,   0.100,   3.316,   0.200,   3.416
202605230606,   3.075,9999.000,9999.000,9999.000,9999.000,9999.000,9999.000,9999.000,9999.000
202605230612,   3.062,9999.000,9999.000,9999.000,9999.000,9999.000,9999.000,9999.000,9999.000
202605230618,   3.046,9999.000,9999.000,9999.000,9999.000,9999.000,9999.000,9999.000,9999.000
202605230624,   3.026,9999.000,9999.000,9999.000,9999.000,9999.000,9999.000,9999.000,9999.000
202605230630,   3.004,9999.000,9999.000,9999.000,9999.000,9999.000,9999.000,9999.000,9999.000
202605230636,   2.978,9999.000,9999.000,9999.000,9999.000,9999.000,9999.000,9999.000,9999.000
202605230642,   2.950,9999.000,9999.000,9999.000,9999.000,9999.000,9999.000,9999.000,9999.000
202605230648,   2.919,9999.000,9999.000,9999.000,9999.000,9999.000,9999.000,9999.000,9999.000
202605230654,   2.886,9999.000,9999.000,9999.000,9999.000,9999.000,9999.000,9999.000,9999.000
202605230700,   2.850,9999.000,   0.200,   0.132,   3.182,   0.100,   3.082,   0.200,   3.182
202605230706,   2.813,9999.000,9999.000,9999.000,9999.000,9999.000,9999.000,9999.000,9999.000
202605230712,   2.772,9999.000,9999.000,9999.000,9999.000,9999.000,9999.000,9999.000,9999.000
202605230718,   2.730,9999.000,9999.000,9999.000,9999.000,9999.000,9999.000,9999.000,9999.000
202605230724,   2.686,9999.000,9999.000,9999.000,9999.000,9999.000,9999.000,9999.000,9999.000
202605230730,   2.640,9999.000,9999.000,9999.000,9999.000,9999.000,9999.000,9999.000,9999.000
202605230736,   2.593,9999.000,9999.000,9999.000,9999.000,9999.000,9999.000,9999.000,9999.000
202605230742,   2.543,9999.000,9999.000,9999.000,9999.000,9999.000,9999.000,9999.000,9999.000
202605230748,   2.492,9999.000,9999.000,9999.000,9999.000,9999.000,9999.000,9999.000,9999.000
202605230754,   2.440,9999.000,9999.000,9999.000,9999.000,9999.000,9999.000,9999.000,9999.000
202605230800,   2.386,9999.000,   0.200,   0.132,   2.718,   0.100,   2.618,   0.200,   2.718
202605230806,   2.331,9999.000,9999.000,9999.000,9999.000,9999.000,9999.000,9999.000,9999.000
202605230812,   2.274,9999.000,9999.000,9999.000,9999.000,9999.000,9999.000,9999.000,9999.000
202605230818,   2.216,9999.000,9999.000,9999.000,9999.000,9999.000,9999.000,9999.000,9999.000
202605230824,   2.157,9999.000,9999.000,9999.000,9999.000,9999.000,9999.000,9999.000,9999.000
202605230830,   2.097,9999.000,9999.000,9999.000,9999.000,9999.000,9999.000,9999.000,9999.000
202605230836,   2.036,9999.000,9999.000,9999.000,9999.000,9999.000,9999.000,9999.000,9999.000
202605230842,   1.975,9999.000,9999.000,9999.000,9999.000,9999.000,9999.000,9999.000,9999.000
202605230848,   1.912,9999.000,9999.000,9999.000,9999.000,9999.000,9999.000,9999.000,9999.000
202605230854,   1.849,9999.000,9999.000,9999.000,9999.000,9999.000,9999.000,9999.000,9999.000
202605230900,   1.785,9999.000,   0.100,   0.132,   2.017,   0.100,   2.017,   0.200,   2.117
202605230906,   1.722,9999.000,9999.000,9999.000,9999.000,9999.000,9999.000,9999.000,9999.000
202605230912,   1.657,9999.000,9999.000,9999.000,9999.000,9999.000,9999.000,9999.000,9999.000
202605230918,   1.593,9999.000,9999.000,9999.000,9999.000,9999.000,9999.000,9999.000,9999.000
202605230924,   1.529,9999.000,9999.000,9999.000,9999.000,9999.000,9999.000,9999.000,9999.000
202605230930,   1.465,9999.000,9999.000,9999.000,9999.000,9999.000,9999.000,9999.000,9999.000
202605230936,   1.401,9999.000,9999.000,9999.000,9999.000,9999.000,9999.000,9999.000,9999.000
202605230942,   1.337,9999.000,9999.000,9999.000,9999.000,9999.000,9999.000,9999.000,9999.000
202605230948,   1.275,9999.000,9999.000,9999.000,9999.000,9999.000,9999.000,9999.000,9999.000
202605230954,   1.213,9999.000,9999.000,9999.000,9999.000,9999.000,9999.000,9999.000,9999.000
202605231000,   1.151,9999.000,   0.100,   0.132,   1.383,   0.000,   1.283,   0.200,   1.483
202605231006,   1.091,9999.000,9999.000,9999.000,9999.000,9999.000,9999.000,9999.000,9999.000
202605231012,   1.032,9999.000,9999.000,9999.000,9999.000,9999.000,9999.000,9999.000,9999.000
202605231018,   0.975,9999.000,9999.000,9999.000,9999.000,9999.000,9999.000,9999.000,9999.000
202605231024,   0.919,9999.000,9999.000,9999.000,9999.000,9999.000,9999.000,9999.000,9999.000
202605231030,   0.864,9999.000,9999.000,9999.000,9999.000,9999.000,9999.000,9999.000,9999.000
202605231036,   0.811,9999.000,9999.000,9999.000,9999.000,9999.000,9999.000,9999.000,9999.000
202605231042,   0.760,9999.000,9999.000,9999.000,9999.000,9999.000,9999.000,9999.000,9999.000
202605231048,   0.711,9999.000,9999.000,9999.000,9999.000,9999.000,9999.000,9999.000,9999.000
202605231054,   0.664,9999.000,9999.000,9999.000,9999.000,9999.000,9999.000,9999.000,9999.000
202605231100,   0.619,9999.000,   0.100,   0.132,   0.851,   0.000,   0.751,   0.200,   0.951
202605231106,   0.576,9999.000,9999.000,9999.000,9999.000,9999.000,9999.000,9999.000,9999.000
202605231112,   0.536,9999.000,9999.000,9999.000,9999.000,9999.000,9999.000,9999.000,9999.000
202605231118,   0.498,9999.000,9999.000,9999.000,9999.000,9999.000,9999.000,9999.000,9999.000
202605231124,   0.463,9999.000,9999.000,9999.000,9999.000,9999.000,9999.000,9999.000,9999.000
202605231130,   0.430,9999.000,9999.000,9999.000,9999.000,9999.000,9999.000,9999.000,9999.000
202605231136,   0.400,9999.000,9999.000,9999.000,9999.000,9999.000,9999.000,9999.000,9999.000
202605231142,   0.373,9999.000,9999.000,9999.000,9999.000,9999.000,9999.000,9999.000,9999.000
202605231148,   0.349,9999.000,9999.000,9999.000,9999.000,9999.000,9999.000,9999.000,9999.000
202605231154,   0.327,9999.000,9999.000,9999.000,9999.000,9999.000,9999.000,9999.000,9999.000
202605231200,   0.309,9999.000,   0.100,   0.132,   0.541,   0.000,   0.441,   0.200,   0.641
202605231206,   0.294,9999.000,9999.000,9999.000,9999.000,9999.000,9999.000,9999.000,9999.000
202605231212,   0.282,9999.000,9999.000,9999.000,9999.000,9999.000,9999.000,9999.000,9999.000
202605231218,   0.273,9999.000,9999.000,9999.000,9999.000,9999.000,9999.000,9999.000,9999.000
202605231224,   0.267,9999.000,9999.000,9999.000,9999.000,9999.000,9999.000,9999.000,9999.000
202605231230,   0.264,9999.000,9999.000,9999.000,9999.000,9999.000,9999.000,9999.000,9999.000
202605231236,   0.264,9999.000,9999.000,9999.000,9999.000,9999.000,9999.000,9999.000,9999.000
202605231242,   0.267,9999.000,9999.000,9999.000,9999.000,9999.000,9999.000,9999.000,9999.000
202605231248,   0.274,9999.000,9999.000,9999.000,9999.000,9999.000,9999.000,9999.000,9999.000
202605231254,   0.284,9999.000,9999.000,9999.000,9999.000,9999.000,9999.000,9999.000,9999.000
202605231300,   0.296,9999.000,   0.100,   0.132,   0.528,   0.000,   0.428,   0.200,   0.628
202605231306,   0.312,9999.000,9999.000,9999.000,9999.000,9999.000,9999.000,9999.000,9999.000
202605231312,   0.331,9999.000,9999.000,9999.000,9999.000,9999.000,9999.000,9999.000,9999.000
202605231318,   0.353,9999.000,9999.000,9999.000,9999.000,9999.000,9999.000,9999.000,9999.000
202605231324,   0.378,9999.000,9999.000,9999.000,9999.000,9999.000,9999.000,9999.000,9999.000
202605231330,   0.405,9999.000,9999.000,9999.000,9999.000,9999.000,9999.000,9999.000,9999.000
202605231336,   0.436,9999.000,9999.000,9999.000,9999.000,9999.000,9999.000,9999.000,9999.000
202605231342,   0.469,9999.000,9999.000,9999.000,9999.000,9999.000,9999.000,9999.000,9999.000
202605231348,   0.505,9999.000,9999.000,9999.000,9999.000,9999.000,9999.000,9999.000,9999.000
202605231354,   0.543,9999.000,9999.000,9999.000,9999.000,9999.000,9999.000,9999.000,9999.000
202605231400,   0.584,9999.000,   0.100,   0.132,   0.816,   0.000,   0.716,   0.200,   0.916
202605231406,   0.627,9999.000,9999.000,9999.000,9999.000,9999.000,9999.000,9999.000,9999.000
202605231412,   0.673,9999.000,9999.000,9999.000,9999.000,9999.000,9999.000,9999.000,9999.000
202605231418,   0.721,9999.000,9999.000,9999.000,9999.000,9999.000,9999.000,9999.000,9999.000
202605231424,   0.771,9999.000,9999.000,9999.000,9999.000,9999.000,9999.000,9999.000,9999.000
202605231430,   0.823,9999.000,9999.000,9999.000,9999.000,9999.000,9999.000,9999.000,9999.000
202605231436,   0.877,9999.000,9999.000,9999.000,9999.000,9999.000,9999.000,9999.000,9999.000
202605231442,   0.934,9999.000,9999.000,9999.000,9999.000,9999.000,9999.000,9999.000,9999.000
202605231448,   0.991,9999.000,9999.000,9999.000,9999.000,9999.000,9999.000,9999.000,9999.000
202605231454,   1.051,9999.000,9999.000,9999.000,9999.000,9999.000,9999.000,9999.000,9999.000
202605231500,   1.112,9999.000,   0.100,   0.132,   1.344,   0.000,   1.244,   0.200,   1.444
202605231506,   1.174,9999.000,9999.000,9999.000,9999.000,9999.000,9999.000,9999.000,9999.000
202605231512,   1.238,9999.000,9999.000,9999.000,9999.000,9999.000,9999.000,9999.000,9999.000
202605231518,   1.303,9999.000,9999.000,9999.000,9999.000,9999.000,9999.000,9999.000,9999.000
202605231524,   1.368,9999.000,9999.000,9999.000,9999.000,9999.000,9999.000,9999.000,9999.000
202605231530,   1.435,9999.000,9999.000,9999.000,9999.000,9999.000,9999.000,9999.000,9999.000
202605231536,   1.502,9999.000,9999.000,9999.000,9999.000,9999.000,9999.000,9999.000,9999.000
202605231542,   1.569,9999.000,9999.000,9999.000,9999.000,9999.000,9999.000,9999.000,9999.000
202605231548,   1.637,9999.000,9999.000,9999.000,9999.000,9999.000,9999.000,9999.000,9999.000
202605231554,   1.704,9999.000,9999.000,9999.000,9999.000,9999.000,9999.000,9999.000,9999.000
202605231600,   1.771,9999.000,   0.200,   0.132,   2.103,   0.000,   1.903,   0.300,   2.203
202605231606,   1.838,9999.000,9999.000,9999.000,9999.000,9999.000,9999.000,9999.000,9999.000
202605231612,   1.904,9999.000,9999.000,9999.000,9999.000,9999.000,9999.000,9999.000,9999.000
202605231618,   1.968,9999.000,9999.000,9999.000,9999.000,9999.000,9999.000,9999.000,9999.000
202605231624,   2.032,9999.000,9999.000,9999.000,9999.000,9999.000,9999.000,9999.000,9999.000
202605231630,   2.094,9999.000,9999.000,9999.000,9999.000,9999.000,9999.000,9999.000,9999.000
202605231636,   2.154,9999.000,9999.000,9999.000,9999.000,9999.000,9999.000,9999.000,9999.000
202605231642,   2.213,9999.000,9999.000,9999.000,9999.000,9999.000,9999.000,9999.000,9999.000
202605231648,   2.269,9999.000,9999.000,9999.000,9999.000,9999.000,9999.000,9999.000,9999.000
202605231654,   2.322,9999.000,9999.000,9999.000,9999.000,9999.000,9999.000,9999.000,9999.000
202605231700,   2.373,9999.000,   0.200,   0.132,   2.705,   0.000,   2.505,   0.300,   2.805
202605231706,   2.422,9999.000,9999.000,9999.000,9999.000,9999.000,9999.000,9999.000,9999.000
202605231712,   2.467,9999.000,9999.000,9999.000,9999.000,9999.000,9999.000,9999.000,9999.000
202605231718,   2.509,9999.000,9999.000,9999.000,9999.000,9999.000,9999.000,9999.000,9999.000
202605231724,   2.548,9999.000,9999.000,9999.000,9999.000,9999.000,9999.000,9999.000,9999.000
202605231730,   2.583,9999.000,9999.000,9999.000,9999.000,9999.000,9999.000,9999.000,9999.000
202605231736,   2.615,9999.000,9999.000,9999.000,9999.000,9999.000,9999.000,9999.000,9999.000
202605231742,   2.644,9999.000,9999.000,9999.000,9999.000,9999.000,9999.000,9999.000,9999.000
202605231748,   2.669,9999.000,9999.000,9999.000,9999.000,9999.000,9999.000,9999.000,9999.000
202605231754,   2.690,9999.000,9999.000,9999.000,9999.000,9999.000,9999.000,9999.000,9999.000
202605231800,   2.708,9999.000,   0.200,   0.132,   3.040,   0.000,   2.840,   0.300,   3.140
202605231806,   2.723,9999.000,9999.000,9999.000,9999.000,9999.000,9999.000,9999.000,9999.000
202605231812,   2.734,9999.000,9999.000,9999.000,9999.000,9999.000,9999.000,9999.000,9999.000
202605231818,   2.741,9999.000,9999.000,9999.000,9999.000,9999.000,9999.000,9999.000,9999.000
202605231824,   2.745,9999.000,9999.000,9999.000,9999.000,9999.000,9999.000,9999.000,9999.000
202605231830,   2.746,9999.000,9999.000,9999.000,9999.000,9999.000,9999.000,9999.000,9999.000
202605231836,   2.744,9999.000,9999.000,9999.000,9999.000,9999.000,9999.000,9999.000,9999.000
202605231842,   2.739,9999.000,9999.000,9999.000,9999.000,9999.000,9999.000,9999.000,9999.000
202605231848,   2.731,9999.000,9999.000,9999.000,9999.000,9999.000,9999.000,9999.000,9999.000
202605231854,   2.720,9999.000,9999.000,9999.000,9999.000,9999.000,9999.000,9999.000,9999.000
202605231900,   2.707,9999.000,   0.200,   0.132,   3.039,   0.100,   2.939,   0.300,   3.139
202605231906,   2.691,9999.000,9999.000,9999.000,9999.000,9999.000,9999.000,9999.000,9999.000
202605231912,   2.673,9999.000,9999.000,9999.000,9999.000,9999.000,9999.000,9999.000,9999.000
202605231918,   2.652,9999.000,9999.000,9999.000,9999.000,9999.000,9999.000,9999.000,9999.000
202605231924,   2.629,9999.000,9999.000,9999.000,9999.000,9999.000,9999.000,9999.000,9999.000
202605231930,   2.604,9999.000,9999.000,9999.000,9999.000,9999.000,9999.000,9999.000,9999.000
202605231936,   2.578,9999.000,9999.000,9999.000,9999.000,9999.000,9999.000,9999.000,9999.000
202605231942,   2.549,9999.000,9999.000,9999.000,9999.000,9999.000,9999.000,9999.000,9999.000
202605231948,   2.518,9999.000,9999.000,9999.000,9999.000,9999.000,9999.000,9999.000,9999.000
202605231954,   2.486,9999.000,9999.000,9999.000,9999.000,9999.000,9999.000,9999.000,9999.000
202605232000,   2.451,9999.000,   0.200,   0.132,   2.783,   0.100,   2.683,   0.400,   2.983
202605232006,   2.416,9999.000,9999.000,9999.000,9999.000,9999.000,9999.000,9999.000,9999.000
202605232012,   2.378,9999.000,9999.000,9999.000,9999.000,9999.000,9999.000,9999.000,9999.000
202605232018,   2.339,9999.000,9999.000,9999.000,9999.000,9999.000,9999.000,9999.000,9999.000
202605232024,   2.299,9999.000,9999.000,9999.000,9999.000,9999.000,9999.000,9999.000,9999.000
202605232030,   2.257,9999.000,9999.000,9999.000,9999.000,9999.000,9999.000,9999.000,9999.000
202605232036,   2.214,9999.000,9999.000,9999.000,9999.000,9999.000,9999.000,9999.000,9999.000
202605232042,   2.170,9999.000,9999.000,9999.000,9999.000,9999.000,9999.000,9999.000,9999.000
202605232048,   2.124,9999.000,9999.000,9999.000,9999.000,9999.000,9999.000,9999.000,9999.000
202605232054,   2.078,9999.000,9999.000,9999.000,9999.000,9999.000,9999.000,9999.000,9999.000
202605232100,   2.030,9999.000,   0.300,   0.132,   2.462,   0.100,   2.262,   0.400,   2.562
202605232106,   1.981,9999.000,9999.000,9999.000,9999.000,9999.000,9999.000,9999.000,9999.000
202605232112,   1.931,9999.000,9999.000,9999.000,9999.000,9999.000,9999.000,9999.000,9999.000
202605232118,   1.881,9999.000,9999.000,9999.000,9999.000,9999.000,9999.000,9999.000,9999.000
202605232124,   1.829,9999.000,9999.000,9999.000,9999.000,9999.000,9999.000,9999.000,9999.000
202605232130,   1.778,9999.000,9999.000,9999.000,9999.000,9999.000,9999.000,9999.000,9999.000
202605232136,   1.725,9999.000,9999.000,9999.000,9999.000,9999.000,9999.000,9999.000,9999.000
202605232142,   1.672,9999.000,9999.000,9999.000,9999.000,9999.000,9999.000,9999.000,9999.000
202605232148,   1.619,9999.000,9999.000,9999.000,9999.000,9999.000,9999.000,9999.000,9999.000
202605232154,   1.566,9999.000,9999.000,9999.000,9999.000,9999.000,9999.000,9999.000,9999.000
202605232200,   1.513,9999.000,   0.300,   0.132,   1.945,   0.100,   1.745,   0.500,   2.145
202605232206,   1.460,9999.000,9999.000,9999.000,9999.000,9999.000,9999.000,9999.000,9999.000
202605232212,   1.407,9999.000,9999.000,9999.000,9999.000,9999.000,9999.000,9999.000,9999.000
202605232218,   1.355,9999.000,9999.000,9999.000,9999.000,9999.000,9999.000,9999.000,9999.000
202605232224,   1.303,9999.000,9999.000,9999.000,9999.000,9999.000,9999.000,9999.000,9999.000
202605232230,   1.252,9999.000,9999.000,9999.000,9999.000,9999.000,9999.000,9999.000,9999.000
202605232236,   1.202,9999.000,9999.000,9999.000,9999.000,9999.000,9999.000,9999.000,9999.000
202605232242,   1.152,9999.000,9999.000,9999.000,9999.000,9999.000,9999.000,9999.000,9999.000
202605232248,   1.104,9999.000,9999.000,9999.000,9999.000,9999.000,9999.000,9999.000,9999.000
202605232254,   1.057,9999.000,9999.000,9999.000,9999.000,9999.000,9999.000,9999.000,9999.000
202605232300,   1.011,9999.000,   0.300,   0.132,   1.443,   0.100,   1.243,   0.500,   1.643
202605232306,   0.967,9999.000,9999.000,9999.000,9999.000,9999.000,9999.000,9999.000,9999.000
202605232312,   0.924,9999.000,9999.000,9999.000,9999.000,9999.000,9999.000,9999.000,9999.000
202605232318,   0.883,9999.000,9999.000,9999.000,9999.000,9999.000,9999.000,9999.000,9999.000
202605232324,   0.844,9999.000,9999.000,9999.000,9999.000,9999.000,9999.000,9999.000,9999.000
202605232330,   0.807,9999.000,9999.000,9999.000,9999.000,9999.000,9999.000,9999.000,9999.000
202605232336,   0.771,9999.000,9999.000,9999.000,9999.000,9999.000,9999.000,9999.000,9999.000
202605232342,   0.738,9999.000,9999.000,9999.000,9999.000,9999.000,9999.000,9999.000,9999.000
202605232348,   0.708,9999.000,9999.000,9999.000,9999.000,9999.000,9999.000,9999.000,9999.000
202605232354,   0.679,9999.000,9999.000,9999.000,9999.000,9999.000,9999.000,9999.000,9999.000
202605240000,   0.653,9999.000,   0.300,   0.132,   1.085,   0.100,   0.885,   0.500,   1.285
202605240006,   0.629,9999.000,9999.000,9999.000,9999.000,9999.000,9999.000,9999.000,9999.000
202605240012,   0.608,9999.000,9999.000,9999.000,9999.000,9999.000,9999.000,9999.000,9999.000
202605240018,   0.590,9999.000,9999.000,9999.000,9999.000,9999.000,9999.000,9999.000,9999.000
202605240024,   0.574,9999.000,9999.000,9999.000,9999.000,9999.000,9999.000,9999.000,9999.000
202605240030,   0.561,9999.000,9999.000,9999.000,9999.000,9999.000,9999.000,9999.000,9999.000
202605240036,   0.551,9999.000,9999.000,9999.000,9999.000,9999.000,9999.000,9999.000,9999.000
202605240042,   0.543,9999.000,9999.000,9999.000,9999.000,9999.000,9999.000,9999.000,9999.000
202605240048,   0.539,9999.000,9999.000,9999.000,9999.000,9999.000,9999.000,9999.000,9999.000
202605240054,   0.537,9999.000,9999.000,9999.000,9999.000,9999.000,9999.000,9999.000,9999.000
202605240100,   0.539,9999.000,   0.400,   0.132,   1.071,   0.100,   0.771,   0.600,   1.271
202605240106,   0.543,9999.000,9999.000,9999.000,9999.000,9999.000,9999.000,9999.000,9999.000
202605240112,   0.550,9999.000,9999.000,9999.000,9999.000,9999.000,9999.000,9999.000,9999.000
202605240118,   0.560,9999.000,9999.000,9999.000,9999.000,9999.000,9999.000,9999.000,9999.000
202605240124,   0.573,9999.000,9999.000,9999.000,9999.000,9999.000,9999.000,9999.000,9999.000
202605240130,   0.588,9999.000,9999.000,9999.000,9999.000,9999.000,9999.000,9999.000,9999.000
202605240136,   0.607,9999.000,9999.000,9999.000,9999.000,9999.000,9999.000,9999.000,9999.000
202605240142,   0.628,9999.000,9999.000,9999.000,9999.000,9999.000,9999.000,9999.000,9999.000
202605240148,   0.652,9999.000,9999.000,9999.000,9999.000,9999.000,9999.000,9999.000,9999.000
202605240154,   0.679,9999.000,9999.000,9999.000,9999.000,9999.000,9999.000,9999.000,9999.000
202605240200,   0.708,9999.000,   0.400,   0.132,   1.240,   0.100,   0.940,   0.600,   1.440
202605240206,   0.740,9999.000,9999.000,9999.000,9999.000,9999.000,9999.000,9999.000,9999.000
202605240212,   0.775,9999.000,9999.000,9999.000,9999.000,9999.000,9999.000,9999.000,9999.000
202605240218,   0.812,9999.000,9999.000,9999.000,9999.000,9999.000,9999.000,9999.000,9999.000
202605240224,   0.851,9999.000,9999.000,9999.000,9999.000,9999.000,9999.000,9999.000,9999.000
202605240230,   0.892,9999.000,9999.000,9999.000,9999.000,9999.000,9999.000,9999.000,9999.000
202605240236,   0.936,9999.000,9999.000,9999.000,9999.000,9999.000,9999.000,9999.000,9999.000
202605240242,   0.982,9999.000,9999.000,9999.000,9999.000,9999.000,9999.000,9999.000,9999.000
202605240248,   1.029,9999.000,9999.000,9999.000,9999.000,9999.000,9999.000,9999.000,9999.000
202605240254,   1.079,9999.000,9999.000,9999.000,9999.000,9999.000,9999.000,9999.000,9999.000
202605240300,   1.131,9999.000,   0.400,   0.132,   1.663,   0.100,   1.363,   0.700,   1.963
202605240306,   1.184,9999.000,9999.000,9999.000,9999.000,9999.000,9999.000,9999.000,9999.000
202605240312,   1.239,9999.000,9999.000,9999.000,9999.000,9999.000,9999.000,9999.000,9999.000
202605240318,   1.295,9999.000,9999.000,9999.000,9999.000,9999.000,9999.000,9999.000,9999.000
202605240324,   1.353,9999.000,9999.000,9999.000,9999.000,9999.000,9999.000,9999.000,9999.000
202605240330,   1.413,9999.000,9999.000,9999.000,9999.000,9999.000,9999.000,9999.000,9999.000
202605240336,   1.473,9999.000,9999.000,9999.000,9999.000,9999.000,9999.000,9999.000,9999.000
202605240342,   1.534,9999.000,9999.000,9999.000,9999.000,9999.000,9999.000,9999.000,9999.000
202605240348,   1.596,9999.000,9999.000,9999.000,9999.000,9999.000,9999.000,9999.000,9999.000
202605240354,   1.659,9999.000,9999.000,9999.000,9999.000,9999.000,9999.000,9999.000,9999.000
202605240400,   1.723,9999.000,   0.400,   0.132,   2.255,   0.100,   1.955,   0.700,   2.555
202605240406,   1.786,9999.000,9999.000,9999.000,9999.000,9999.000,9999.000,9999.000,9999.000
202605240412,   1.850,9999.000,9999.000,9999.000,9999.000,9999.000,9999.000,9999.000,9999.000
202605240418,   1.914,9999.000,9999.000,9999.000,9999.000,9999.000,9999.000,9999.000,9999.000
202605240424,   1.977,9999.000,9999.000,9999.000,9999.000,9999.000,9999.000,9999.000,9999.000
202605240430,   2.040,9999.000,9999.000,9999.000,9999.000,9999.000,9999.000,9999.000,9999.000
202605240436,   2.102,9999.000,9999.000,9999.000,9999.000,9999.000,9999.000,9999.000,9999.000
202605240442,   2.163,9999.000,9999.000,9999.000,9999.000,9999.000,9999.000,9999.000,9999.000
202605240448,   2.222,9999.000,9999.000,9999.000,9999.000,9999.000,9999.000,9999.000,9999.000
202605240454,   2.281,9999.000,9999.000,9999.000,9999.000,9999.000,9999.000,9999.000,9999.000
202605240500,   2.337,9999.000,   0.400,   0.132,   2.869,   0.200,   2.669,   0.700,   3.169
202605240506,   2.392,9999.000,9999.000,9999.000,9999.000,9999.000,9999.000,9999.000,9999.000
202605240512,   2.444,9999.000,9999.000,9999.000,9999.000,9999.000,9999.000,9999.000,9999.000
202605240518,   2.494,9999.000,9999.000,9999.000,9999.000,9999.000,9999.000,9999.000,9999.000
202605240524,   2.541,9999.000,9999.000,9999.000,9999.000,9999.000,9999.000,9999.000,9999.000
202605240530,   2.586,9999.000,9999.000,9999.000,9999.000,9999.000,9999.000,9999.000,9999.000
202605240536,   2.627,9999.000,9999.000,9999.000,9999.000,9999.000,9999.000,9999.000,9999.000
202605240542,   2.666,9999.000,9999.000,9999.000,9999.000,9999.000,9999.000,9999.000,9999.000
202605240548,   2.701,9999.000,9999.000,9999.000,9999.000,9999.000,9999.000,9999.000,9999.000
202605240554,   2.733,9999.000,9999.000,9999.000,9999.000,9999.000,9999.000,9999.000,9999.000
202605240600,   2.762,9999.000,   0.400,   0.132,   3.294,   0.200,   3.094,   0.700,   3.594
202605240606,   2.787,9999.000,9999.000,9999.000,9999.000,9999.000,9999.000,9999.000,9999.000
202605240612,   2.808,9999.000,9999.000,9999.000,9999.000,9999.000,9999.000,9999.000,9999.000
202605240618,   2.826,9999.000,9999.000,9999.000,9999.000,9999.000,9999.000,9999.000,9999.000
202605240624,   2.841,9999.000,9999.000,9999.000,9999.000,9999.000,9999.000,9999.000,9999.000
202605240630,   2.852,9999.000,9999.000,9999.000,9999.000,9999.000,9999.000,9999.000,9999.000
202605240636,   2.860,9999.000,9999.000,9999.000,9999.000,9999.000,9999.000,9999.000,9999.000
202605240642,   2.864,9999.000,9999.000,9999.000,9999.000,9999.000,9999.000,9999.000,9999.000
202605240648,   2.865,9999.000,9999.000,9999.000,9999.000,9999.000,9999.000,9999.000,9999.000
202605240654,   2.863,9999.000,9999.000,9999.000,9999.000,9999.000,9999.000,9999.000,9999.000
202605240700,   2.858,9999.000,   0.400,   0.132,   3.390,   0.200,   3.190,   0.700,   3.690
202605240706,   2.849,9999.000,9999.000,9999.000,9999.000,9999.000,9999.000,9999.000,9999.000
202605240712,   2.838,9999.000,9999.000,9999.000,9999.000,9999.000,9999.000,9999.000,9999.000
202605240718,   2.824,9999.000,9999.000,9999.000,9999.000,9999.000,9999.000,9999.000,9999.000
202605240724,   2.807,9999.000,9999.000,9999.000,9999.000,9999.000,9999.000,9999.000,9999.000
202605240730,   2.788,9999.000,9999.000,9999.000,9999.000,9999.000,9999.000,9999.000,9999.000
202605240736,   2.767,9999.000,9999.000,9999.000,9999.000,9999.000,9999.000,9999.000,9999.000
202605240742,   2.743,9999.000,9999.000,9999.000,9999.000,9999.000,9999.000,9999.000,9999.000
202605240748,   2.717,9999.000,9999.000,9999.000,9999.000,9999.000,9999.000,9999.000,9999.000
202605240754,   2.689,9999.000,9999.000,9999.000,9999.000,9999.000,9999.000,9999.000,9999.000
202605240800,   2.658,9999.000,   0.500,   0.132,   3.290,   0.200,   2.990,   0.700,   3.490
202605240806,   2.626,9999.000,9999.000,9999.000,9999.000,9999.000,9999.000,9999.000,9999.000
202605240812,   2.592,9999.000,9999.000,9999.000,9999.000,9999.000,9999.000,9999.000,9999.000
202605240818,   2.556,9999.000,9999.000,9999.000,9999.000,9999.000,9999.000,9999.000,9999.000
202605240824,   2.518,9999.000,9999.000,9999.000,9999.000,9999.000,9999.000,9999.000,9999.000
202605240830,   2.479,9999.000,9999.000,9999.000,9999.000,9999.000,9999.000,9999.000,9999.000
202605240836,   2.438,9999.000,9999.000,9999.000,9999.000,9999.000,9999.000,9999.000,9999.000
202605240842,   2.395,9999.000,9999.000,9999.000,9999.000,9999.000,9999.000,9999.000,9999.000
202605240848,   2.351,9999.000,9999.000,9999.000,9999.000,9999.000,9999.000,9999.000,9999.000
202605240854,   2.305,9999.000,9999.000,9999.000,9999.000,9999.000,9999.000,9999.000,9999.000
202605240900,   2.258,9999.000,   0.500,   0.132,   2.890,   0.200,   2.590,   0.800,   3.190
202605240906,   2.210,9999.000,9999.000,9999.000,9999.000,9999.000,9999.000,9999.000,9999.000
202605240912,   2.160,9999.000,9999.000,9999.000,9999.000,9999.000,9999.000,9999.000,9999.000
202605240918,   2.108,9999.000,9999.000,9999.000,9999.000,9999.000,9999.000,9999.000,9999.000
202605240924,   2.056,9999.000,9999.000,9999.000,9999.000,9999.000,9999.000,9999.000,9999.000
202605240930,   2.003,9999.000,9999.000,9999.000,9999.000,9999.000,9999.000,9999.000,9999.000
202605240936,   1.948,9999.000,9999.000,9999.000,9999.000,9999.000,9999.000,9999.000,9999.000
202605240942,   1.893,9999.000,9999.000,9999.000,9999.000,9999.000,9999.000,9999.000,9999.000
202605240948,   1.836,9999.000,9999.000,9999.000,9999.000,9999.000,9999.000,9999.000,9999.000
202605240954,   1.779,9999.000,9999.000,9999.000,9999.000,9999.000,9999.000,9999.000,9999.000
202605241000,   1.721,9999.000,   0.500,   0.132,   2.353,   0.200,   2.053,   0.700,   2.553
202605241006,   1.663,9999.000,9999.000,9999.000,9999.000,9999.000,9999.000,9999.000,9999.000
202605241012,   1.604,9999.000,9999.000,9999.000,9999.000,9999.000,9999.000,9999.000,9999.000
202605241018,   1.545,9999.000,9999.000,9999.000,9999.000,9999.000,9999.000,9999.000,9999.000
202605241024,   1.486,9999.000,9999.000,9999.000,9999.000,9999.000,9999.000,9999.000,9999.000
202605241030,   1.427,9999.000,9999.000,9999.000,9999.000,9999.000,9999.000,9999.000,9999.000
202605241036,   1.368,9999.000,9999.000,9999.000,9999.000,9999.000,9999.000,9999.000,9999.000
202605241042,   1.309,9999.000,9999.000,9999.000,9999.000,9999.000,9999.000,9999.000,9999.000
202605241048,   1.251,9999.000,9999.000,9999.000,9999.000,9999.000,9999.000,9999.000,9999.000
202605241054,   1.193,9999.000,9999.000,9999.000,9999.000,9999.000,9999.000,9999.000,9999.000
202605241100,   1.136,9999.000,   0.500,   0.132,   1.768,   0.200,   1.468,   0.800,   2.068
202605241106,   1.080,9999.000,9999.000,9999.000,9999.000,9999.000,9999.000,9999.000,9999.000
202605241112,   1.025,9999.000,9999.000,9999.000,9999.000,9999.000,9999.000,9999.000,9999.000
202605241118,   0.971,9999.000,9999.000,9999.000,9999.000,9999.000,9999.000,9999.000,9999.000
202605241124,   0.919,9999.000,9999.000,9999.000,9999.000,9999.000,9999.000,9999.000,9999.000
202605241130,   0.867,9999.000,9999.000,9999.000,9999.000,9999.000,9999.000,9999.000,9999.000
202605241136,   0.818,9999.000,9999.000,9999.000,9999.000,9999.000,9999.000,9999.000,9999.000
202605241142,   0.770,9999.000,9999.000,9999.000,9999.000,9999.000,9999.000,9999.000,9999.000
202605241148,   0.723,9999.000,9999.000,9999.000,9999.000,9999.000,9999.000,9999.000,9999.000
202605241154,   0.679,9999.000,9999.000,9999.000,9999.000,9999.000,9999.000,9999.000,9999.000
202605241200,   0.637,9999.000,   0.500,   0.132,   1.269,   0.200,   0.969,   0.800,   1.569
202605241206,   0.597,9999.000,9999.000,9999.000,9999.000,9999.000,9999.000,9999.000,9999.000
202605241212,   0.559,9999.000,9999.000,9999.000,9999.000,9999.000,9999.000,9999.000,9999.000
202605241218,   0.524,9999.000,9999.000,9999.000,9999.000,9999.000,9999.000,9999.000,9999.000
202605241224,   0.491,9999.000,9999.000,9999.000,9999.000,9999.000,9999.000,9999.000,9999.000
202605241230,   0.461,9999.000,9999.000,9999.000,9999.000,9999.000,9999.000,9999.000,9999.000
202605241236,   0.433,9999.000,9999.000,9999.000,9999.000,9999.000,9999.000,9999.000,9999.000
202605241242,   0.408,9999.000,9999.000,9999.000,9999.000,9999.000,9999.000,9999.000,9999.000
202605241248,   0.386,9999.000,9999.000,9999.000,9999.000,9999.000,9999.000,9999.000,9999.000
202605241254,   0.367,9999.000,9999.000,9999.000,9999.000,9999.000,9999.000,9999.000,9999.000
202605241300,   0.350,9999.000,   0.500,   0.132,   0.982,   0.300,   0.782,   0.800,   1.282
202605241306,   0.337,9999.000,9999.000,9999.000,9999.000,9999.000,9999.000,9999.000,9999.000
202605241312,   0.327,9999.000,9999.000,9999.000,9999.000,9999.000,9999.000,9999.000,9999.000
202605241318,   0.320,9999.000,9999.000,9999.000,9999.000,9999.000,9999.000,9999.000,9999.000
202605241324,   0.316,9999.000,9999.000,9999.000,9999.000,9999.000,9999.000,9999.000,9999.000
202605241330,   0.315,9999.000,9999.000,9999.000,9999.000,9999.000,9999.000,9999.000,9999.000
202605241336,   0.317,9999.000,9999.000,9999.000,9999.000,9999.000,9999.000,9999.000,9999.000
202605241342,   0.322,9999.000,9999.000,9999.000,9999.000,9999.000,9999.000,9999.000,9999.000
202605241348,   0.330,9999.000,9999.000,9999.000,9999.000,9999.000,9999.000,9999.000,9999.000
202605241354,   0.342,9999.000,9999.000,9999.000,9999.000,9999.000,9999.000,9999.000,9999.000
202605241400,   0.356,9999.000,   0.500,   0.132,   0.988,   0.200,   0.688,   0.800,   1.288
202605241406,   0.373,9999.000,9999.000,9999.000,9999.000,9999.000,9999.000,9999.000,9999.000
202605241412,   0.394,9999.000,9999.000,9999.000,9999.000,9999.000,9999.000,9999.000,9999.000
202605241418,   0.417,9999.000,9999.000,9999.000,9999.000,9999.000,9999.000,9999.000,9999.000
202605241424,   0.443,9999.000,9999.000,9999.000,9999.000,9999.000,9999.000,9999.000,9999.000
202605241430,   0.472,9999.000,9999.000,9999.000,9999.000,9999.000,9999.000,9999.000,9999.000
202605241436,   0.504,9999.000,9999.000,9999.000,9999.000,9999.000,9999.000,9999.000,9999.000
202605241442,   0.539,9999.000,9999.000,9999.000,9999.000,9999.000,9999.000,9999.000,9999.000
202605241448,   0.576,9999.000,9999.000,9999.000,9999.000,9999.000,9999.000,9999.000,9999.000
202605241454,   0.615,9999.000,9999.000,9999.000,9999.000,9999.000,9999.000,9999.000,9999.000
202605241500,   0.657,9999.000,   0.500,   0.132,   1.289,   0.200,   0.989,   0.800,   1.589
202605241506,   0.702,9999.000,9999.000,9999.000,9999.000,9999.000,9999.000,9999.000,9999.000
202605241512,   0.749,9999.000,9999.000,9999.000,9999.000,9999.000,9999.000,9999.000,9999.000
202605241518,   0.798,9999.000,9999.000,9999.000,9999.000,9999.000,9999.000,9999.000,9999.000
202605241524,   0.849,9999.000,9999.000,9999.000,9999.000,9999.000,9999.000,9999.000,9999.000
202605241530,   0.902,9999.000,9999.000,9999.000,9999.000,9999.000,9999.000,9999.000,9999.000
202605241536,   0.957,9999.000,9999.000,9999.000,9999.000,9999.000,9999.000,9999.000,9999.000
202605241542,   1.014,9999.000,9999.000,9999.000,9999.000,9999.000,9999.000,9999.000,9999.000
202605241548,   1.072,9999.000,9999.000,9999.000,9999.000,9999.000,9999.000,9999.000,9999.000
202605241554,   1.132,9999.000,9999.000,9999.000,9999.000,9999.000,9999.000,9999.000,9999.000
202605241600,   1.194,9999.000,   0.500,   0.132,   1.826,   0.200,   1.526,   0.800,   2.126
202605241606,   1.257,9999.000,9999.000,9999.000,9999.000,9999.000,9999.000,9999.000,9999.000
202605241612,   1.321,9999.000,9999.000,9999.000,9999.000,9999.000,9999.000,9999.000,9999.000
202605241618,   1.386,9999.000,9999.000,9999.000,9999.000,9999.000,9999.000,9999.000,9999.000
202605241624,   1.452,9999.000,9999.000,9999.000,9999.000,9999.000,9999.000,9999.000,9999.000
202605241630,   1.518,9999.000,9999.000,9999.000,9999.000,9999.000,9999.000,9999.000,9999.000
202605241636,   1.585,9999.000,9999.000,9999.000,9999.000,9999.000,9999.000,9999.000,9999.000
202605241642,   1.652,9999.000,9999.000,9999.000,9999.000,9999.000,9999.000,9999.000,9999.000
202605241648,   1.719,9999.000,9999.000,9999.000,9999.000,9999.000,9999.000,9999.000,9999.000
202605241654,   1.786,9999.000,9999.000,9999.000,9999.000,9999.000,9999.000,9999.000,9999.000
202605241700,   1.852,9999.000,   0.500,   0.132,   2.484,   0.200,   2.184,   0.800,   2.784
202605241706,   1.918,9999.000,9999.000,9999.000,9999.000,9999.000,9999.000,9999.000,9999.000
202605241712,   1.983,9999.000,9999.000,9999.000,9999.000,9999.000,9999.000,9999.000,9999.000
202605241718,   2.046,9999.000,9999.000,9999.000,9999.000,9999.000,9999.000,9999.000,9999.000
202605241724,   2.108,9999.000,9999.000,9999.000,9999.000,9999.000,9999.000,9999.000,9999.000
202605241730,   2.169,9999.000,9999.000,9999.000,9999.000,9999.000,9999.000,9999.000,9999.000
202605241736,   2.228,9999.000,9999.000,9999.000,9999.000,9999.000,9999.000,9999.000,9999.000
202605241742,   2.284,9999.000,9999.000,9999.000,9999.000,9999.000,9999.000,9999.000,9999.000
202605241748,   2.338,9999.000,9999.000,9999.000,9999.000,9999.000,9999.000,9999.000,9999.000
202605241754,   2.390,9999.000,9999.000,9999.000,9999.000,9999.000,9999.000,9999.000,9999.000
202605241800,   2.439,9999.000,   0.500,   0.132,   3.071,   0.200,   2.771,   0.800,   3.371
202605241806,   2.486,9999.000,9999.000,9999.000,9999.000,9999.000,9999.000,9999.000,9999.000
202605241812,   2.529,9999.000,9999.000,9999.000,9999.000,9999.000,9999.000,9999.000,9999.000
202605241818,   2.570,9999.000,9999.000,9999.000,9999.000,9999.000,9999.000,9999.000,9999.000
202605241824,   2.607,9999.000,9999.000,9999.000,9999.000,9999.000,9999.000,9999.000,9999.000
202605241830,   2.641,9999.000,9999.000,9999.000,9999.000,9999.000,9999.000,9999.000,9999.000
202605241836,   2.672,9999.000,9999.000,9999.000,9999.000,9999.000,9999.000,9999.000,9999.000
202605241842,   2.699,9999.000,9999.000,9999.000,9999.000,9999.000,9999.000,9999.000,9999.000
202605241848,   2.723,9999.000,9999.000,9999.000,9999.000,9999.000,9999.000,9999.000,9999.000
202605241854,   2.744,9999.000,9999.000,9999.000,9999.000,9999.000,9999.000,9999.000,9999.000
202605241900,   2.762,9999.000,   0.500,   0.132,   3.394,   0.100,   2.994,   0.800,   3.694
202605241906,   2.776,9999.000,9999.000,9999.000,9999.000,9999.000,9999.000,9999.000,9999.000
202605241912,   2.788,9999.000,9999.000,9999.000,9999.000,9999.000,9999.000,9999.000,9999.000
202605241918,   2.796,9999.000,9999.000,9999.000,9999.000,9999.000,9999.000,9999.000,9999.000
202605241924,   2.801,9999.000,9999.000,9999.000,9999.000,9999.000,9999.000,9999.000,9999.000
202605241930,   2.803,9999.000,9999.000,9999.000,9999.000,9999.000,9999.000,9999.000,9999.000
202605241936,   2.803,9999.000,9999.000,9999.000,9999.000,9999.000,9999.000,9999.000,9999.000
202605241942,   2.800,9999.000,9999.000,9999.000,9999.000,9999.000,9999.000,9999.000,9999.000
202605241948,   2.794,9999.000,9999.000,9999.000,9999.000,9999.000,9999.000,9999.000,9999.000
202605241954,   2.785,9999.000,9999.000,9999.000,9999.000,9999.000,9999.000,9999.000,9999.000
202605242000,   2.775,9999.000,   0.500,   0.132,   3.407,   0.200,   3.107,   0.800,   3.707
202605242006,   2.762,9999.000,9999.000,9999.000,9999.000,9999.000,9999.000,9999.000,9999.000
202605242012,   2.746,9999.000,9999.000,9999.000,9999.000,9999.000,9999.000,9999.000,9999.000
202605242018,   2.729,9999.000,9999.000,9999.000,9999.000,9999.000,9999.000,9999.000,9999.000
202605242024,   2.709,9999.000,9999.000,9999.000,9999.000,9999.000,9999.000,9999.000,9999.000
202605242030,   2.688,9999.000,9999.000,9999.000,9999.000,9999.000,9999.000,9999.000,9999.000
202605242036,   2.664,9999.000,9999.000,9999.000,9999.000,9999.000,9999.000,9999.000,9999.000
202605242042,   2.639,9999.000,9999.000,9999.000,9999.000,9999.000,9999.000,9999.000,9999.000
202605242048,   2.611,9999.000,9999.000,9999.000,9999.000,9999.000,9999.000,9999.000,9999.000
202605242054,   2.582,9999.000,9999.000,9999.000,9999.000,9999.000,9999.000,9999.000,9999.000
202605242100,   2.551,9999.000,   0.400,   0.132,   3.083,   0.200,   2.883,   0.800,   3.483
202605242106,   2.518,9999.000,9999.000,9999.000,9999.000,9999.000,9999.000,9999.000,9999.000
202605242112,   2.483,9999.000,9999.000,9999.000,9999.000,9999.000,9999.000,9999.000,9999.000
202605242118,   2.447,9999.000,9999.000,9999.000,9999.000,9999.000,9999.000,9999.000,9999.000
202605242124,   2.409,9999.000,9999.000,9999.000,9999.000,9999.000,9999.000,9999.000,9999.000
202605242130,   2.370,9999.000,9999.000,9999.000,9999.000,9999.000,9999.000,9999.000,9999.000
202605242136,   2.329,9999.000,9999.000,9999.000,9999.000,9999.000,9999.000,9999.000,9999.000
202605242142,   2.286,9999.000,9999.000,9999.000,9999.000,9999.000,9999.000,9999.000,9999.000
202605242148,   2.242,9999.000,9999.000,9999.000,9999.000,9999.000,9999.000,9999.000,9999.000
202605242154,   2.196,9999.000,9999.000,9999.000,9999.000,9999.000,9999.000,9999.000,9999.000
202605242200,   2.149,9999.000,   0.400,   0.132,   2.681,   0.100,   2.381,   0.700,   2.981
202605242206,   2.101,9999.000,9999.000,9999.000,9999.000,9999.000,9999.000,9999.000,9999.000
202605242212,   2.052,9999.000,9999.000,9999.000,9999.000,9999.000,9999.000,9999.000,9999.000
202605242218,   2.001,9999.000,9999.000,9999.000,9999.000,9999.000,9999.000,9999.000,9999.000
202605242224,   1.950,9999.000,9999.000,9999.000,9999.000,9999.000,9999.000,9999.000,9999.000
202605242230,   1.897,9999.000,9999.000,9999.000,9999.000,9999.000,9999.000,9999.000,9999.000
202605242236,   1.844,9999.000,9999.000,9999.000,9999.000,9999.000,9999.000,9999.000,9999.000
202605242242,   1.791,9999.000,9999.000,9999.000,9999.000,9999.000,9999.000,9999.000,9999.000
202605242248,   1.737,9999.000,9999.000,9999.000,9999.000,9999.000,9999.000,9999.000,9999.000
202605242254,   1.682,9999.000,9999.000,9999.000,9999.000,9999.000,9999.000,9999.000,9999.000
202605242300,   1.627,9999.000,   0.400,   0.132,   2.159,   0.100,   1.859,   0.700,   2.459
202605242306,   1.573,9999.000,9999.000,9999.000,9999.000,9999.000,9999.000,9999.000,9999.000
202605242312,   1.518,9999.000,9999.000,9999.000,9999.000,9999.000,9999.000,9999.000,9999.000
202605242318,   1.463,9999.000,9999.000,9999.000,9999.000,9999.000,9999.000,9999.000,9999.000
202605242324,   1.409,9999.000,9999.000,9999.000,9999.000,9999.000,9999.000,9999.000,9999.000
202605242330,   1.356,9999.000,9999.000,9999.000,9999.000,9999.000,9999.000,9999.000,9999.000
202605242336,   1.303,9999.000,9999.000,9999.000,9999.000,9999.000,9999.000,9999.000,9999.000
202605242342,   1.251,9999.000,9999.000,9999.000,9999.000,9999.000,9999.000,9999.000,9999.000
202605242348,   1.200,9999.000,9999.000,9999.000,9999.000,9999.000,9999.000,9999.000,9999.000
202605242354,   1.150,9999.000,9999.000,9999.000,9999.000,9999.000,9999.000,9999.000,9999.000
202605250000,   1.101,9999.000,   0.400,   0.132,   1.633,   0.100,   1.333,   0.700,   1.933
202605250006,   1.053,9999.000,9999.000,9999.000,9999.000,9999.000,9999.000,9999.000,9999.000
202605250012,   1.007,9999.000,9999.000,9999.000,9999.000,9999.000,9999.000,9999.000,9999.000
202605250018,   0.963,9999.000,9999.000,9999.000,9999.000,9999.000,9999.000,9999.000,9999.000
202605250024,   0.920,9999.000,9999.000,9999.000,9999.000,9999.000,9999.000,9999.000,9999.000
202605250030,   0.880,9999.000,9999.000,9999.000,9999.000,9999.000,9999.000,9999.000,9999.000
202605250036,   0.841,9999.000,9999.000,9999.000,9999.000,9999.000,9999.000,9999.000,9999.000
202605250042,   0.804,9999.000,9999.000,9999.000,9999.000,9999.000,9999.000,9999.000,9999.000
202605250048,   0.770,9999.000,9999.000,9999.000,9999.000,9999.000,9999.000,9999.000,9999.000
202605250054,   0.738,9999.000,9999.000,9999.000,9999.000,9999.000,9999.000,9999.000,9999.000
202605250100,   0.708,9999.000,   0.400,   0.132,   1.240,   0.100,   0.940,   0.700,   1.540
202605250106,   0.681,9999.000,9999.000,9999.000,9999.000,9999.000,9999.000,9999.000,9999.000
202605250112,   0.657,9999.000,9999.000,9999.000,9999.000,9999.000,9999.000,9999.000,9999.000
202605250118,   0.635,9999.000,9999.000,9999.000,9999.000,9999.000,9999.000,9999.000,9999.000
202605250124,   0.615,9999.000,9999.000,9999.000,9999.000,9999.000,9999.000,9999.000,9999.000
202605250130,   0.599,9999.000,9999.000,9999.000,9999.000,9999.000,9999.000,9999.000,9999.000
202605250136,   0.585,9999.000,9999.000,9999.000,9999.000,9999.000,9999.000,9999.000,9999.000
202605250142,   0.574,9999.000,9999.000,9999.000,9999.000,9999.000,9999.000,9999.000,9999.000
202605250148,   0.566,9999.000,9999.000,9999.000,9999.000,9999.000,9999.000,9999.000,9999.000
202605250154,   0.561,9999.000,9999.000,9999.000,9999.000,9999.000,9999.000,9999.000,9999.000
202605250200,   0.559,9999.000,   0.300,   0.132,   0.991,   0.000,   0.691,   0.700,   1.391
202605250206,   0.560,9999.000,9999.000,9999.000,9999.000,9999.000,9999.000,9999.000,9999.000
202605250212,   0.563,9999.000,9999.000,9999.000,9999.000,9999.000,9999.000,9999.000,9999.000
202605250218,   0.570,9999.000,9999.000,9999.000,9999.000,9999.000,9999.000,9999.000,9999.000
202605250224,   0.579,9999.000,9999.000,9999.000,9999.000,9999.000,9999.000,9999.000,9999.000
202605250230,   0.592,9999.000,9999.000,9999.000,9999.000,9999.000,9999.000,9999.000,9999.000
202605250236,   0.607,9999.000,9999.000,9999.000,9999.000,9999.000,9999.000,9999.000,9999.000
202605250242,   0.624,9999.000,9999.000,9999.000,9999.000,9999.000,9999.000,9999.000,9999.000
202605250248,   0.645,9999.000,9999.000,9999.000,9999.000,9999.000,9999.000,9999.000,9999.000
202605250254,   0.668,9999.000,9999.000,9999.000,9999.000,9999.000,9999.000,9999.000,9999.000
202605250300,   0.694,9999.000,   0.300,   0.132,   1.126,   0.000,   0.826,   0.600,   1.426
202605250306,   0.722,9999.000,9999.000,9999.000,9999.000,9999.000,9999.000,9999.000,9999.000
202605250312,   0.753,9999.000,9999.000,9999.000,9999.000,9999.000,9999.000,9999.000,9999.000
202605250318,   0.786,9999.000,9999.000,9999.000,9999.000,9999.000,9999.000,9999.000,9999.000
202605250324,   0.821,9999.000,9999.000,9999.000,9999.000,9999.000,9999.000,9999.000,9999.000
202605250330,   0.859,9999.000,9999.000,9999.000,9999.000,9999.000,9999.000,9999.000,9999.000
202605250336,   0.899,9999.000,9999.000,9999.000,9999.000,9999.000,9999.000,9999.000,9999.000
202605250342,   0.941,9999.000,9999.000,9999.000,9999.000,9999.000,9999.000,9999.000,9999.000
202605250348,   0.985,9999.000,9999.000,9999.000,9999.000,9999.000,9999.000,9999.000,9999.000
202605250354,   1.031,9999.000,9999.000,9999.000,9999.000,9999.000,9999.000,9999.000,9999.000
202605250400,   1.079,9999.000,   0.300,   0.132,   1.511,   0.000,   1.211,   0.600,   1.811
202605250406,   1.129,9999.000,9999.000,9999.000,9999.000,9999.000,9999.000,9999.000,9999.000
202605250412,   1.180,9999.000,9999.000,9999.000,9999.000,9999.000,9999.000,9999.000,9999.000
202605250418,   1.233,9999.000,9999.000,9999.000,9999.000,9999.000,9999.000,9999.000,9999.000
202605250424,   1.287,9999.000,9999.000,9999.000,9999.000,9999.000,9999.000,9999.000,9999.000
202605250430,   1.342,9999.000,9999.000,9999.000,9999.000,9999.000,9999.000,9999.000,9999.000
202605250436,   1.399,9999.000,9999.000,9999.000,9999.000,9999.000,9999.000,9999.000,9999.000
202605250442,   1.457,9999.000,9999.000,9999.000,9999.000,9999.000,9999.000,9999.000,9999.000
202605250448,   1.515,9999.000,9999.000,9999.000,9999.000,9999.000,9999.000,9999.000,9999.000
202605250454,   1.574,9999.000,9999.000,9999.000,9999.000,9999.000,9999.000,9999.000,9999.000
202605250500,   1.633,9999.000,   0.200,   0.132,   1.965,   0.000,   1.765,   0.500,   2.265
202605250506,   1.693,9999.000,9999.000,9999.000,9999.000,9999.000,9999.000,9999.000,9999.000
202605250512,   1.753,9999.000,9999.000,9999.000,9999.000,9999.000,9999.000,9999.000,9999.000
202605250518,   1.813,9999.000,9999.000,9999.000,9999.000,9999.000,9999.000,9999.000,9999.000
202605250524,   1.872,9999.000,9999.000,9999.000,9999.000,9999.000,9999.000,9999.000,9999.000
202605250530,   1.931,9999.000,9999.000,9999.000,9999.000,9999.000,9999.000,9999.000,9999.000
202605250536,   1.988,9999.000,9999.000,9999.000,9999.000,9999.000,9999.000,9999.000,9999.000
202605250542,   2.045,9999.000,9999.000,9999.000,9999.000,9999.000,9999.000,9999.000,9999.000
202605250548,   2.101,9999.000,9999.000,9999.000,9999.000,9999.000,9999.000,9999.000,9999.000
202605250554,   2.155,9999.000,9999.000,9999.000,9999.000,9999.000,9999.000,9999.000,9999.000
202605250600,   2.207,9999.000,   0.200,   0.132,   2.539,   0.000,   2.339,   0.500,   2.839
202605250606,   2.257,9999.000,9999.000,9999.000,9999.000,9999.000,9999.000,9999.000,9999.000
202605250612,   2.306,9999.000,9999.000,9999.000,9999.000,9999.000,9999.000,9999.000,9999.000
202605250618,   2.351,9999.000,9999.000,9999.000,9999.000,9999.000,9999.000,9999.000,9999.000
202605250624,   2.395,9999.000,9999.000,9999.000,9999.000,9999.000,9999.000,9999.000,9999.000
202605250630,   2.435,9999.000,9999.000,9999.000,9999.000,9999.000,9999.000,9999.000,9999.000
202605250636,   2.473,9999.000,9999.000,9999.000,9999.000,9999.000,9999.000,9999.000,9999.000
202605250642,   2.508,9999.000,9999.000,9999.000,9999.000,9999.000,9999.000,9999.000,9999.000
202605250648,   2.540,9999.000,9999.000,9999.000,9999.000,9999.000,9999.000,9999.000,9999.000
202605250654,   2.569,9999.000,9999.000,9999.000,9999.000,9999.000,9999.000,9999.000,9999.000
202605250700,   2.595,9999.000,   0.200,   0.132,   2.927,   0.000,   2.727,   0.500,   3.227
202605250706,   2.618,9999.000,9999.000,9999.000,9999.000,9999.000,9999.000,9999.000,9999.000
202605250712,   2.638,9999.000,9999.000,9999.000,9999.000,9999.000,9999.000,9999.000,9999.000
202605250718,   2.654,9999.000,9999.000,9999.000,9999.000,9999.000,9999.000,9999.000,9999.000
202605250724,   2.667,9999.000,9999.000,9999.000,9999.000,9999.000,9999.000,9999.000,9999.000
202605250730,   2.677,9999.000,9999.000,9999.000,9999.000,9999.000,9999.000,9999.000,9999.000
202605250736,   2.684,9999.000,9999.000,9999.000,9999.000,9999.000,9999.000,9999.000,9999.000
202605250742,   2.689,9999.000,9999.000,9999.000,9999.000,9999.000,9999.000,9999.000,9999.000
202605250748,   2.690,9999.000,9999.000,9999.000,9999.000,9999.000,9999.000,9999.000,9999.000
202605250754,   2.688,9999.000,9999.000,9999.000,9999.000,9999.000,9999.000,9999.000,9999.000
202605250800,   2.684,9999.000,   0.200,   0.132,   3.016,   0.000,   2.816,   0.500,   3.316
202605250806,   2.677,9999.000,9999.000,9999.000,9999.000,9999.000,9999.000,9999.000,9999.000
202605250812,   2.668,9999.000,9999.000,9999.000,9999.000,9999.000,9999.000,9999.000,9999.000
202605250818,   2.656,9999.000,9999.000,9999.000,9999.000,9999.000,9999.000,9999.000,9999.000
202605250824,   2.642,9999.000,9999.000,9999.000,9999.000,9999.000,9999.000,9999.000,9999.000
202605250830,   2.626,9999.000,9999.000,9999.000,9999.000,9999.000,9999.000,9999.000,9999.000
202605250836,   2.607,9999.000,9999.000,9999.000,9999.000,9999.000,9999.000,9999.000,9999.000
202605250842,   2.587,9999.000,9999.000,9999.000,9999.000,9999.000,9999.000,9999.000,9999.000
202605250848,   2.564,9999.000,9999.000,9999.000,9999.000,9999.000,9999.000,9999.000,9999.000
202605250854,   2.539,9999.000,9999.000,9999.000,9999.000,9999.000,9999.000,9999.000,9999.000
202605250900,   2.513,9999.000,   0.200,   0.132,   2.845,   0.000,   2.645,   0.400,   3.045
202605250906,   2.484,9999.000,9999.000,9999.000,9999.000,9999.000,9999.000,9999.000,9999.000
202605250912,   2.454,9999.000,9999.000,9999.000,9999.000,9999.000,9999.000,9999.000,9999.000
202605250918,   2.422,9999.000,9999.000,9999.000,9999.000,9999.000,9999.000,9999.000,9999.000
202605250924,   2.388,9999.000,9999.000,9999.000,9999.000,9999.000,9999.000,9999.000,9999.000
202605250930,   2.352,9999.000,9999.000,9999.000,9999.000,9999.000,9999.000,9999.000,9999.000
202605250936,   2.315,9999.000,9999.000,9999.000,9999.000,9999.000,9999.000,9999.000,9999.000
202605250942,   2.276,9999.000,9999.000,9999.000,9999.000,9999.000,9999.000,9999.000,9999.000
202605250948,   2.236,9999.000,9999.000,9999.000,9999.000,9999.000,9999.000,9999.000,9999.000
202605250954,   2.193,9999.000,9999.000,9999.000,9999.000,9999.000,9999.000,9999.000,9999.000
202605251000,   2.150,9999.000,   0.200,   0.132,   2.482,   0.000,   2.282,   0.400,   2.682
202605251006,   2.104,9999.000,9999.000,9999.000,9999.000,9999.000,9999.000,9999.000,9999.000
202605251012,   2.058,9999.000,9999.000,9999.000,9999.000,9999.000,9999.000,9999.000,9999.000
202605251018,   2.009,9999.000,9999.000,9999.000,9999.000,9999.000,9999.000,9999.000,9999.000
202605251024,   1.960,9999.000,9999.000,9999.000,9999.000,9999.000,9999.000,9999.000,9999.000
202605251030,   1.909,9999.000,9999.000,9999.000,9999.000,9999.000,9999.000,9999.000,9999.000
202605251036,   1.858,9999.000,9999.000,9999.000,9999.000,9999.000,9999.000,9999.000,9999.000
202605251042,   1.805,9999.000,9999.000,9999.000,9999.000,9999.000,9999.000,9999.000,9999.000
202605251048,   1.751,9999.000,9999.000,9999.000,9999.000,9999.000,9999.000,9999.000,9999.000
202605251054,   1.696,9999.000,9999.000,9999.000,9999.000,9999.000,9999.000,9999.000,9999.000
202605251100,   1.641,9999.000,   0.100,   0.132,   1.873,   0.000,   1.773,   0.400,   2.173
202605251106,   1.585,9999.000,9999.000,9999.000,9999.000,9999.000,9999.000,9999.000,9999.000
202605251112,   1.529,9999.000,9999.000,9999.000,9999.000,9999.000,9999.000,9999.000,9999.000
202605251118,   1.472,9999.000,9999.000,9999.000,9999.000,9999.000,9999.000,9999.000,9999.000
202605251124,   1.415,9999.000,9999.000,9999.000,9999.000,9999.000,9999.000,9999.000,9999.000
202605251130,   1.359,9999.000,9999.000,9999.000,9999.000,9999.000,9999.000,9999.000,9999.000
202605251136,   1.302,9999.000,9999.000,9999.000,9999.000,9999.000,9999.000,9999.000,9999.000
202605251142,   1.246,9999.000,9999.000,9999.000,9999.000,9999.000,9999.000,9999.000,9999.000
202605251148,   1.190,9999.000,9999.000,9999.000,9999.000,9999.000,9999.000,9999.000,9999.000
202605251154,   1.135,9999.000,9999.000,9999.000,9999.000,9999.000,9999.000,9999.000,9999.000
202605251200,   1.080,9999.000,   0.100,   0.132,   1.312,  -0.100,   1.112,   0.300,   1.512
202605251206,   1.027,9999.000,9999.000,9999.000,9999.000,9999.000,9999.000,9999.000,9999.000
202605251212,   0.974,9999.000,9999.000,9999.000,9999.000,9999.000,9999.000,9999.000,9999.000
202605251218,   0.923,9999.000,9999.000,9999.000,9999.000,9999.000,9999.000,9999.000,9999.000
202605251224,   0.873,9999.000,9999.000,9999.000,9999.000,9999.000,9999.000,9999.000,9999.000
202605251230,   0.825,9999.000,9999.000,9999.000,9999.000,9999.000,9999.000,9999.000,9999.000
202605251236,   0.778,9999.000,9999.000,9999.000,9999.000,9999.000,9999.000,9999.000,9999.000
202605251242,   0.733,9999.000,9999.000,9999.000,9999.000,9999.000,9999.000,9999.000,9999.000
202605251248,   0.690,9999.000,9999.000,9999.000,9999.000,9999.000,9999.000,9999.000,9999.000
202605251254,   0.650,9999.000,9999.000,9999.000,9999.000,9999.000,9999.000,9999.000,9999.000
202605251300,   0.611,9999.000,   0.100,   0.132,   0.843,  -0.100,   0.643,   0.300,   1.043
202605251306,   0.574,9999.000,9999.000,9999.000,9999.000,9999.000,9999.000,9999.000,9999.000
202605251312,   0.540,9999.000,9999.000,9999.000,9999.000,9999.000,9999.000,9999.000,9999.000
202605251318,   0.509,9999.000,9999.000,9999.000,9999.000,9999.000,9999.000,9999.000,9999.000
202605251324,   0.480,9999.000,9999.000,9999.000,9999.000,9999.000,9999.000,9999.000,9999.000
202605251330,   0.453,9999.000,9999.000,9999.000,9999.000,9999.000,9999.000,9999.000,9999.000
202605251336,   0.430,9999.000,9999.000,9999.000,9999.000,9999.000,9999.000,9999.000,9999.000
202605251342,   0.409,9999.000,9999.000,9999.000,9999.000,9999.000,9999.000,9999.000,9999.000
202605251348,   0.391,9999.000,9999.000,9999.000,9999.000,9999.000,9999.000,9999.000,9999.000
202605251354,   0.376,9999.000,9999.000,9999.000,9999.000,9999.000,9999.000,9999.000,9999.000
202605251400,   0.364,9999.000,   0.100,   0.132,   0.596,  -0.100,   0.396,   0.300,   0.796
202605251406,   0.355,9999.000,9999.000,9999.000,9999.000,9999.000,9999.000,9999.000,9999.000
202605251412,   0.349,9999.000,9999.000,9999.000,9999.000,9999.000,9999.000,9999.000,9999.000
202605251418,   0.347,9999.000,9999.000,9999.000,9999.000,9999.000,9999.000,9999.000,9999.000
202605251424,   0.347,9999.000,9999.000,9999.000,9999.000,9999.000,9999.000,9999.000,9999.000
202605251430,   0.350,9999.000,9999.000,9999.000,9999.000,9999.000,9999.000,9999.000,9999.000
202605251436,   0.357,9999.000,9999.000,9999.000,9999.000,9999.000,9999.000,9999.000,9999.000
202605251442,   0.366,9999.000,9999.000,9999.000,9999.000,9999.000,9999.000,9999.000,9999.000
202605251448,   0.379,9999.000,9999.000,9999.000,9999.000,9999.000,9999.000,9999.000,9999.000
202605251454,   0.395,9999.000,9999.000,9999.000,9999.000,9999.000,9999.000,9999.000,9999.000
202605251500,   0.413,9999.000,   0.100,   0.132,   0.645,  -0.100,   0.445,   0.300,   0.845
202605251506,   0.435,9999.000,9999.000,9999.000,9999.000,9999.000,9999.000,9999.000,9999.000
202605251512,   0.459,9999.000,9999.000,9999.000,9999.000,9999.000,9999.000,9999.000,9999.000
202605251518,   0.487,9999.000,9999.000,9999.000,9999.000,9999.000,9999.000,9999.000,9999.000
202605251524,   0.517,9999.000,9999.000,9999.000,9999.000,9999.000,9999.000,9999.000,9999.000
202605251530,   0.549,9999.000,9999.000,9999.000,9999.000,9999.000,9999.000,9999.000,9999.000
202605251536,   0.585,9999.000,9999.000,9999.000,9999.000,9999.000,9999.000,9999.000,9999.000
202605251542,   0.623,9999.000,9999.000,9999.000,9999.000,9999.000,9999.000,9999.000,9999.000
202605251548,   0.663,9999.000,9999.000,9999.000,9999.000,9999.000,9999.000,9999.000,9999.000
202605251554,   0.706,9999.000,9999.000,9999.000,9999.000,9999.000,9999.000,9999.000,9999.000
202605251600,   0.751,9999.000,   0.100,   0.132,   0.983,  -0.100,   0.783,   0.300,   1.183
202605251606,   0.799,9999.000,9999.000,9999.000,9999.000,9999.000,9999.000,9999.000,9999.000
202605251612,   0.848,9999.000,9999.000,9999.000,9999.000,9999.000,9999.000,9999.000,9999.000
202605251618,   0.900,9999.000,9999.000,9999.000,9999.000,9999.000,9999.000,9999.000,9999.000
202605251624,   0.954,9999.000,9999.000,9999.000,9999.000,9999.000,9999.000,9999.000,9999.000
202605251630,   1.010,9999.000,9999.000,9999.000,9999.000,9999.000,9999.000,9999.000,9999.000
202605251636,   1.067,9999.000,9999.000,9999.000,9999.000,9999.000,9999.000,9999.000,9999.000
202605251642,   1.126,9999.000,9999.000,9999.000,9999.000,9999.000,9999.000,9999.000,9999.000
202605251648,   1.187,9999.000,9999.000,9999.000,9999.000,9999.000,9999.000,9999.000,9999.000
202605251654,   1.249,9999.000,9999.000,9999.000,9999.000,9999.000,9999.000,9999.000,9999.000
202605251700,   1.312,9999.000,   0.100,   0.132,   1.544,  -0.100,   1.344,   0.300,   1.744
202605251706,   1.377,9999.000,9999.000,9999.000,9999.000,9999.000,9999.000,9999.000,9999.000
202605251712,   1.442,9999.000,9999.000,9999.000,9999.000,9999.000,9999.000,9999.000,9999.000
202605251718,   1.509,9999.000,9999.000,9999.000,9999.000,9999.000,9999.000,9999.000,9999.000
202605251724,   1.576,9999.000,9999.000,9999.000,9999.000,9999.000,9999.000,9999.000,9999.000
202605251730,   1.643,9999.000,9999.000,9999.000,9999.000,9999.000,9999.000,9999.000,9999.000
202605251736,   1.710,9999.000,9999.000,9999.000,9999.000,9999.000,9999.000,9999.000,9999.000
202605251742,   1.778,9999.000,9999.000,9999.000,9999.000,9999.000,9999.000,9999.000,9999.000
202605251748,   1.845,9999.000,9999.000,9999.000,9999.000,9999.000,9999.000,9999.000,9999.000
202605251754,   1.912,9999.000,9999.000,9999.000,9999.000,9999.000,9999.000,9999.000,9999.000
202605251800,   1.979,9999.000,   0.100,   0.132,   2.211,  -0.100,   2.011,   0.300,   2.411
