        TIME,    TIDE,      OB,   SURGE,    BIAS,     TWL,SURGE90p,  TWL90p,SURGE10p,   TWL10p
202602200000,   1.696,9999.000,   0.700,9999.000,   2.396,   0.600,   2.296,   0.700,   2.396
202602200006,   1.588,9999.000,9999.000,9999.000,9999.000,9999.000,9999.000,9999.000,9999.000
202602200012,   1.484,9999.000,9999.000,9999.000,9999.000,9999.000,9999.000,9999.000,9999.000
202602200018,   1.384,9999.000,9999.000,9999.000,9999.000,9999.000,9999.000,9999.000,9999.000
202602200024,   1.287,9999.000,9999.000,9999.000,9999.000,9999.000,9999.000,9999.000,9999.000
202602200030,   1.195,9999.000,9999.000,9999.000,9999.000,9999.000,9999.000,9999.000,9999.000
202602200036,   1.108,9999.000,9999.000,9999.000,9999.000,9999.000,9999.000,9999.000,9999.000
202602200042,   1.026,9999.000,9999.000,9999.000,9999.000,9999.000,9999.000,9999.000,9999.000
202602200048,   0.948,9999.000,9999.000,9999.000,9999.000,9999.000,9999.000,9999.000,9999.000
202602200054,   0.876,9999.000,9999.000,9999.000,9999.000,9999.000,9999.000,9999.000,9999.000
202602200100,   0.809,9999.000,   0.600,9999.000,   1.409,   0.600,   1.409,   0.600,   1.409
202602200106,   0.747,9999.000,9999.000,9999.000,9999.000,9999.000,9999.000,9999.000,9999.000
202602200112,   0.691,9999.000,9999.000,9999.000,9999.000,9999.000,9999.000,9999.000,9999.000
202602200118,   0.641,9999.000,9999.000,9999.000,9999.000,9999.000,9999.000,9999.000,9999.000
202602200124,   0.597,9999.000,9999.000,9999.000,9999.000,9999.000,9999.000,9999.000,9999.000
202602200130,   0.559,9999.000,9999.000,9999.000,9999.000,9999.000,9999.000,9999.000,9999.000
202602200136,   0.527,9999.000,9999.000,9999.000,9999.000,9999.000,9999.000,9999.000,9999.000
202602200142,   0.501,9999.000,9999.000,9999.000,9999.000,9999.000,9999.000,9999.000,9999.000
202602200148,   0.482,9999.000,9999.000,9999.000,9999.000,9999.000,9999.000,9999.000,9999.000
202602200154,   0.469,9999.000,9999.000,9999.000,9999.000,9999.000,9999.000,9999.000,9999.000
202602200200,   0.462,9999.000,   0.600,9999.000,   1.062,   0.500,   0.962,   0.600,   1.062
202602200206,   0.462,9999.000,9999.000,9999.000,9999.000,9999.000,9999.000,9999.000,9999.000
202602200212,   0.469,9999.000,9999.000,9999.000,9999.000,9999.000,9999.000,9999.000,9999.000
202602200218,   0.482,9999.000,9999.000,9999.000,9999.000,9999.000,9999.000,9999.000,9999.000
202602200224,   0.501,9999.000,9999.000,9999.000,9999.000,9999.000,9999.000,9999.000,9999.000
202602200230,   0.527,9999.000,9999.000,9999.000,9999.000,9999.000,9999.000,9999.000,9999.000
202602200236,   0.559,9999.000,9999.000,9999.000,9999.000,9999.000,9999.000,9999.000,9999.000
202602200242,   0.597,9999.000,9999.000,9999.000,9999.000,9999.000,9999.000,9999.000,9999.000
202602200248,   0.642,9999.000,9999.000,9999.000,9999.000,9999.000,9999.000,9999.000,9999.000
202602200254,   0.693,9999.000,9999.000,9999.000,9999.000,9999.000,9999.000,9999.000,9999.000
202602200300,   0.750,9999.000,   0.600,9999.000,   1.350,   0.500,   1.250,   0.600,   1.350
202602200306,   0.813,9999.000,9999.000,9999.000,9999.000,9999.000,9999.000,9999.000,9999.000
202602200312,   0.881,9999.000,9999.000,9999.000,9999.000,9999.000,9999.000,9999.000,9999.000
202602200318,   0.956,9999.000,9999.000,9999.000,9999.000,9999.000,9999.000,9999.000,9999.000
202602200324,   1.035,9999.000,9999.000,9999.000,9999.000,9999.000,9999.000,9999.000,9999.000
202602200330,   1.120,9999.000,9999.000,9999.000,9999.000,9999.000,9999.000,9999.000,9999.000
202602200336,   1.210,9999.000,9999.000,9999.000,9999.000,9999.000,9999.000,9999.000,9999.000
202602200342,   1.305,9999.000,9999.000,9999.000,9999.000,9999.000,9999.000,9999.000,9999.000
202602200348,   1.404,9999.000,9999.000,9999.000,9999.000,9999.000,9999.000,9999.000,9999.000
202602200354,   1.507,9999.000,9999.000,9999.000,9999.000,9999.000,9999.000,9999.000,9999.000
202602200400,   1.615,9999.000,   0.500,9999.000,   2.115,   0.500,   2.115,   0.600,   2.215
202602200406,   1.727,9999.000,9999.000,9999.000,9999.000,9999.000,9999.000,9999.000,9999.000
202602200412,   1.842,9999.000,9999.000,9999.000,9999.000,9999.000,9999.000,9999.000,9999.000
202602200418,   1.960,9999.000,9999.000,9999.000,9999.000,9999.000,9999.000,9999.000,9999.000
202602200424,   2.081,9999.000,9999.000,9999.000,9999.000,9999.000,9999.000,9999.000,9999.000
202602200430,   2.205,9999.000,9999.000,9999.000,9999.000,9999.000,9999.000,9999.000,9999.000
202602200436,   2.331,9999.000,9999.000,9999.000,9999.000,9999.000,9999.000,9999.000,9999.000
202602200442,   2.459,9999.000,9999.000,9999.000,9999.000,9999.000,9999.000,9999.000,9999.000
202602200448,   2.589,9999.000,9999.000,9999.000,9999.000,9999.000,9999.000,9999.000,9999.000
202602200454,   2.720,9999.000,9999.000,9999.000,9999.000,9999.000,9999.000,9999.000,9999.000
202602200500,   2.852,9999.000,   0.500,9999.000,   3.352,   0.400,   3.252,   0.500,   3.352
202602200506,   2.985,9999.000,9999.000,9999.000,9999.000,9999.000,9999.000,9999.000,9999.000
202602200512,   3.118,9999.000,9999.000,9999.000,9999.000,9999.000,9999.000,9999.000,9999.000
202602200518,   3.251,9999.000,9999.000,9999.000,9999.000,9999.000,9999.000,9999.000,9999.000
202602200524,   3.383,9999.000,9999.000,9999.000,9999.000,9999.000,9999.000,9999.000,9999.000
202602200530,   3.515,9999.000,9999.000,9999.000,9999.000,9999.000,9999.000,9999.000,9999.000
202602200536,   3.646,9999.000,9999.000,9999.000,9999.000,9999.000,9999.000,9999.000,9999.000
202602200542,   3.775,9999.000,9999.000,9999.000,9999.000,9999.000,9999.000,9999.000,9999.000
202602200548,   3.902,9999.000,9999.000,9999.000,9999.000,9999.000,9999.000,9999.000,9999.000
202602200554,   4.027,9999.000,9999.000,9999.000,9999.000,9999.000,9999.000,9999.000,9999.000
202602200600,   4.150,9999.000,   0.500,9999.000,   4.650,   0.400,   4.550,   0.500,   4.650
202602200606,   4.270,9999.000,9999.000,9999.000,9999.000,9999.000,9999.000,9999.000,9999.000
202602200612,   4.386,9999.000,9999.000,9999.000,9999.000,9999.000,9999.000,9999.000,9999.000
202602200618,   4.500,9999.000,9999.000,9999.000,9999.000,9999.000,9999.000,9999.000,9999.000
202602200624,   4.609,9999.000,9999.000,9999.000,9999.000,9999.000,9999.000,9999.000,9999.000
202602200630,   4.715,9999.000,9999.000,9999.000,9999.000,9999.000,9999.000,9999.000,9999.000
202602200636,   4.816,9999.000,9999.000,9999.000,9999.000,9999.000,9999.000,9999.000,9999.000
202602200642,   4.913,9999.000,9999.000,9999.000,9999.000,9999.000,9999.000,9999.000,9999.000
202602200648,   5.005,9999.000,9999.000,9999.000,9999.000,9999.000,9999.000,9999.000,9999.000
202602200654,   5.092,9999.000,9999.000,9999.000,9999.000,9999.000,9999.000,9999.000,9999.000
202602200700,   5.174,9999.000,   0.400,9999.000,   5.574,   0.400,   5.574,   0.400,   5.574
202602200706,   5.251,9999.000,9999.000,9999.000,9999.000,9999.000,9999.000,9999.000,9999.000
202602200712,   5.322,9999.000,9999.000,9999.000,9999.000,9999.000,9999.000,9999.000,9999.000
202602200718,   5.387,9999.000,9999.000,9999.000,9999.000,9999.000,9999.000,9999.000,9999.000
202602200724,   5.446,9999.000,9999.000,9999.000,9999.000,9999.000,9999.000,9999.000,9999.000
202602200730,   5.500,9999.000,9999.000,9999.000,9999.000,9999.000,9999.000,9999.000,9999.000
202602200736,   5.547,9999.000,9999.000,9999.000,9999.000,9999.000,9999.000,9999.000,9999.000
202602200742,   5.588,9999.000,9999.000,9999.000,9999.000,9999.000,9999.000,9999.000,9999.000
202602200748,   5.622,9999.000,9999.000,9999.000,9999.000,9999.000,9999.000,9999.000,9999.000
202602200754,   5.650,9999.000,9999.000,9999.000,9999.000,9999.000,9999.000,9999.000,9999.000
202602200800,   5.672,9999.000,   0.400,9999.000,   6.072,   0.400,   6.072,   0.400,   6.072
202602200806,   5.687,9999.000,9999.000,9999.000,9999.000,9999.000,9999.000,9999.000,9999.000
202602200812,   5.696,9999.000,9999.000,9999.000,9999.000,9999.000,9999.000,9999.000,9999.000
202602200818,   5.698,9999.000,9999.000,9999.000,9999.000,9999.000,9999.000,9999.000,9999.000
202602200824,   5.694,9999.000,9999.000,9999.000,9999.000,9999.000,9999.000,9999.000,9999.000
202602200830,   5.684,9999.000,9999.000,9999.000,9999.000,9999.000,9999.000,9999.000,9999.000
202602200836,   5.667,9999.000,9999.000,9999.000,9999.000,9999.000,9999.000,9999.000,9999.000
202602200842,   5.644,9999.000,9999.000,9999.000,9999.000,9999.000,9999.000,9999.000,9999.000
202602200848,   5.615,9999.000,9999.000,9999.000,9999.000,9999.000,9999.000,9999.000,9999.000
202602200854,   5.579,9999.000,9999.000,9999.000,9999.000,9999.000,9999.000,9999.000,9999.000
202602200900,   5.538,9999.000,   0.400,9999.000,   5.938,   0.400,   5.938,   0.500,   6.038
202602200906,   5.491,9999.000,9999.000,9999.000,9999.000,9999.000,9999.000,9999.000,9999.000
202602200912,   5.439,9999.000,9999.000,9999.000,9999.000,9999.000,9999.000,9999.000,9999.000
202602200918,   5.381,9999.000,9999.000,9999.000,9999.000,9999.000,9999.000,9999.000,9999.000
202602200924,   5.318,9999.000,9999.000,9999.000,9999.000,9999.000,9999.000,9999.000,9999.000
202602200930,   5.249,9999.000,9999.000,9999.000,9999.000,9999.000,9999.000,9999.000,9999.000
202602200936,   5.176,9999.000,9999.000,9999.000,9999.000,9999.000,9999.000,9999.000,9999.000
202602200942,   5.098,9999.000,9999.000,9999.000,9999.000,9999.000,9999.000,9999.000,9999.000
202602200948,   5.016,9999.000,9999.000,9999.000,9999.000,9999.000,9999.000,9999.000,9999.000
202602200954,   4.929,9999.000,9999.000,9999.000,9999.000,9999.000,9999.000,9999.000,9999.000
202602201000,   4.838,9999.000,   0.400,9999.000,   5.238,   0.400,   5.238,   0.500,   5.338
202602201006,   4.744,9999.000,9999.000,9999.000,9999.000,9999.000,9999.000,9999.000,9999.000
202602201012,   4.646,9999.000,9999.000,9999.000,9999.000,9999.000,9999.000,9999.000,9999.000
202602201018,   4.545,9999.000,9999.000,9999.000,9999.000,9999.000,9999.000,9999.000,9999.000
202602201024,   4.441,9999.000,9999.000,9999.000,9999.000,9999.000,9999.000,9999.000,9999.000
202602201030,   4.335,9999.000,9999.000,9999.000,9999.000,9999.000,9999.000,9999.000,9999.000
202602201036,   4.226,9999.000,9999.000,9999.000,9999.000,9999.000,9999.000,9999.000,9999.000
202602201042,   4.115,9999.000,9999.000,9999.000,9999.000,9999.000,9999.000,9999.000,9999.000
202602201048,   4.002,9999.000,9999.000,9999.000,9999.000,9999.000,9999.000,9999.000,9999.000
202602201054,   3.887,9999.000,9999.000,9999.000,9999.000,9999.000,9999.000,9999.000,9999.000
202602201100,   3.772,9999.000,   0.300,9999.000,   4.072,   0.300,   4.072,   0.400,   4.172
202602201106,   3.655,9999.000,9999.000,9999.000,9999.000,9999.000,9999.000,9999.000,9999.000
202602201112,   3.538,9999.000,9999.000,9999.000,9999.000,9999.000,9999.000,9999.000,9999.000
202602201118,   3.420,9999.000,9999.000,9999.000,9999.000,9999.000,9999.000,9999.000,9999.000
202602201124,   3.303,9999.000,9999.000,9999.000,9999.000,9999.000,9999.000,9999.000,9999.000
202602201130,   3.185,9999.000,9999.000,9999.000,9999.000,9999.000,9999.000,9999.000,9999.000
202602201136,   3.068,9999.000,9999.000,9999.000,9999.000,9999.000,9999.000,9999.000,9999.000
202602201142,   2.952,9999.000,9999.000,9999.000,9999.000,9999.000,9999.000,9999.000,9999.000
202602201148,   2.837,9999.000,9999.000,9999.000,9999.000,9999.000,9999.000,9999.000,9999.000
202602201154,   2.723,9999.000,9999.000,9999.000,9999.000,9999.000,9999.000,9999.000,9999.000
202602201200,   2.610,9999.000,   0.300,9999.000,   2.910,   0.300,   2.910,   0.300,   2.910
202602201206,   2.500,9999.000,9999.000,9999.000,9999.000,9999.000,9999.000,9999.000,9999.000
202602201212,   2.392,9999.000,9999.000,9999.000,9999.000,9999.000,9999.000,9999.000,9999.000
202602201218,   2.286,9999.000,9999.000,9999.000,9999.000,9999.000,9999.000,9999.000,9999.000
202602201224,   2.183,9999.000,9999.000,9999.000,9999.000,9999.000,9999.000,9999.000,9999.000
202602201230,   2.083,9999.000,9999.000,9999.000,9999.000,9999.000,9999.000,9999.000,9999.000
202602201236,   1.986,9999.000,9999.000,9999.000,9999.000,9999.000,9999.000,9999.000,9999.000
202602201242,   1.892,9999.000,9999.000,9999.000,9999.000,9999.000,9999.000,9999.000,9999.000
202602201248,   1.802,9999.000,9999.000,9999.000,9999.000,9999.000,9999.000,9999.000,9999.000
202602201254,   1.716,9999.000,9999.000,9999.000,9999.000,9999.000,9999.000,9999.000,9999.000
202602201300,   1.634,9999.000,   0.300,9999.000,   1.934,   0.200,   1.834,   0.300,   1.934
202602201306,   1.556,9999.000,9999.000,9999.000,9999.000,9999.000,9999.000,9999.000,9999.000
202602201312,   1.482,9999.000,9999.000,9999.000,9999.000,9999.000,9999.000,9999.000,9999.000
202602201318,   1.414,9999.000,9999.000,9999.000,9999.000,9999.000,9999.000,9999.000,9999.000
202602201324,   1.349,9999.000,9999.000,9999.000,9999.000,9999.000,9999.000,9999.000,9999.000
202602201330,   1.290,9999.000,9999.000,9999.000,9999.000,9999.000,9999.000,9999.000,9999.000
202602201336,   1.236,9999.000,9999.000,9999.000,9999.000,9999.000,9999.000,9999.000,9999.000
202602201342,   1.188,9999.000,9999.000,9999.000,9999.000,9999.000,9999.000,9999.000,9999.000
202602201348,   1.144,9999.000,9999.000,9999.000,9999.000,9999.000,9999.000,9999.000,9999.000
202602201354,   1.106,9999.000,9999.000,9999.000,9999.000,9999.000,9999.000,9999.000,9999.000
202602201400,   1.074,9999.000,   0.200,9999.000,   1.274,   0.200,   1.274,   0.300,   1.374
202602201406,   1.047,9999.000,9999.000,9999.000,9999.000,9999.000,9999.000,9999.000,9999.000
202602201412,   1.026,9999.000,9999.000,9999.000,9999.000,9999.000,9999.000,9999.000,9999.000
202602201418,   1.011,9999.000,9999.000,9999.000,9999.000,9999.000,9999.000,9999.000,9999.000
202602201424,   1.001,9999.000,9999.000,9999.000,9999.000,9999.000,9999.000,9999.000,9999.000
202602201430,   0.998,9999.000,9999.000,9999.000,9999.000,9999.000,9999.000,9999.000,9999.000
202602201436,   1.000,9999.000,9999.000,9999.000,9999.000,9999.000,9999.000,9999.000,9999.000
202602201442,   1.008,9999.000,9999.000,9999.000,9999.000,9999.000,9999.000,9999.000,9999.000
202602201448,   1.023,9999.000,9999.000,9999.000,9999.000,9999.000,9999.000,9999.000,9999.000
202602201454,   1.043,9999.000,9999.000,9999.000,9999.000,9999.000,9999.000,9999.000,9999.000
202602201500,   1.068,9999.000,   0.200,9999.000,   1.268,   0.200,   1.268,   0.300,   1.368
202602201506,   1.100,9999.000,9999.000,9999.000,9999.000,9999.000,9999.000,9999.000,9999.000
202602201512,   1.137,9999.000,9999.000,9999.000,9999.000,9999.000,9999.000,9999.000,9999.000
202602201518,   1.180,9999.000,9999.000,9999.000,9999.000,9999.000,9999.000,9999.000,9999.000
202602201524,   1.228,9999.000,9999.000,9999.000,9999.000,9999.000,9999.000,9999.000,9999.000
202602201530,   1.282,9999.000,9999.000,9999.000,9999.000,9999.000,9999.000,9999.000,9999.000
202602201536,   1.341,9999.000,9999.000,9999.000,9999.000,9999.000,9999.000,9999.000,9999.000
202602201542,   1.405,9999.000,9999.000,9999.000,9999.000,9999.000,9999.000,9999.000,9999.000
202602201548,   1.474,9999.000,9999.000,9999.000,9999.000,9999.000,9999.000,9999.000,9999.000
202602201554,   1.547,9999.000,9999.000,9999.000,9999.000,9999.000,9999.000,9999.000,9999.000
202602201600,   1.626,9999.000,   0.300,9999.000,   1.926,   0.200,   1.826,   0.300,   1.926
202602201606,   1.708,9999.000,9999.000,9999.000,9999.000,9999.000,9999.000,9999.000,9999.000
202602201612,   1.795,9999.000,9999.000,9999.000,9999.000,9999.000,9999.000,9999.000,9999.000
202602201618,   1.885,9999.000,9999.000,9999.000,9999.000,9999.000,9999.000,9999.000,9999.000
202602201624,   1.980,9999.000,9999.000,9999.000,9999.000,9999.000,9999.000,9999.000,9999.000
202602201630,   2.077,9999.000,9999.000,9999.000,9999.000,9999.000,9999.000,9999.000,9999.000
202602201636,   2.178,9999.000,9999.000,9999.000,9999.000,9999.000,9999.000,9999.000,9999.000
202602201642,   2.282,9999.000,9999.000,9999.000,9999.000,9999.000,9999.000,9999.000,9999.000
202602201648,   2.388,9999.000,9999.000,9999.000,9999.000,9999.000,9999.000,9999.000,9999.000
202602201654,   2.496,9999.000,9999.000,9999.000,9999.000,9999.000,9999.000,9999.000,9999.000
202602201700,   2.607,9999.000,   0.200,9999.000,   2.807,   0.200,   2.807,   0.200,   2.807
202602201706,   2.719,9999.000,9999.000,9999.000,9999.000,9999.000,9999.000,9999.000,9999.000
202602201712,   2.833,9999.000,9999.000,9999.000,9999.000,9999.000,9999.000,9999.000,9999.000
202602201718,   2.947,9999.000,9999.000,9999.000,9999.000,9999.000,9999.000,9999.000,9999.000
202602201724,   3.062,9999.000,9999.000,9999.000,9999.000,9999.000,9999.000,9999.000,9999.000
202602201730,   3.178,9999.000,9999.000,9999.000,9999.000,9999.000,9999.000,9999.000,9999.000
202602201736,   3.294,9999.000,9999.000,9999.000,9999.000,9999.000,9999.000,9999.000,9999.000
202602201742,   3.409,9999.000,9999.000,9999.000,9999.000,9999.000,9999.000,9999.000,9999.000
202602201748,   3.524,9999.000,9999.000,9999.000,9999.000,9999.000,9999.000,9999.000,9999.000
202602201754,   3.638,9999.000,9999.000,9999.000,9999.000,9999.000,9999.000,9999.000,9999.000
202602201800,   3.751,9999.000,   0.200,9999.000,   3.951,   0.100,   3.851,   0.200,   3.951
202602201806,   3.862,9999.000,9999.000,9999.000,9999.000,9999.000,9999.000,9999.000,9999.000
202602201812,   3.971,9999.000,9999.000,9999.000,9999.000,9999.000,9999.000,9999.000,9999.000
202602201818,   4.078,9999.000,9999.000,9999.000,9999.000,9999.000,9999.000,9999.000,9999.000
202602201824,   4.183,9999.000,9999.000,9999.000,9999.000,9999.000,9999.000,9999.000,9999.000
202602201830,   4.285,9999.000,9999.000,9999.000,9999.000,9999.000,9999.000,9999.000,9999.000
202602201836,   4.383,9999.000,9999.000,9999.000,9999.000,9999.000,9999.000,9999.000,9999.000
202602201842,   4.479,9999.000,9999.000,9999.000,9999.000,9999.000,9999.000,9999.000,9999.000
202602201848,   4.570,9999.000,9999.000,9999.000,9999.000,9999.000,9999.000,9999.000,9999.000
202602201854,   4.658,9999.000,9999.000,9999.000,9999.000,9999.000,9999.000,9999.000,9999.000
202602201900,   4.742,9999.000,   0.200,9999.000,   4.942,   0.100,   4.842,   0.200,   4.942
202602201906,   4.821,9999.000,9999.000,9999.000,9999.000,9999.000,9999.000,9999.000,9999.000
202602201912,   4.896,9999.000,9999.000,9999.000,9999.000,9999.000,9999.000,9999.000,9999.000
202602201918,   4.966,9999.000,9999.000,9999.000,9999.000,9999.000,9999.000,9999.000,9999.000
202602201924,   5.031,9999.000,9999.000,9999.000,9999.000,9999.000,9999.000,9999.000,9999.000
202602201930,   5.091,9999.000,9999.000,9999.000,9999.000,9999.000,9999.000,9999.000,9999.000
202602201936,   5.146,9999.000,9999.000,9999.000,9999.000,9999.000,9999.000,9999.000,9999.000
202602201942,   5.195,9999.000,9999.000,9999.000,9999.000,9999.000,9999.000,9999.000,9999.000
202602201948,   5.239,9999.000,9999.000,9999.000,9999.000,9999.000,9999.000,9999.000,9999.000
202602201954,   5.277,9999.000,9999.000,9999.000,9999.000,9999.000,9999.000,9999.000,9999.000
202602202000,   5.309,9999.000,   0.100,9999.000,   5.409,   0.100,   5.409,   0.200,   5.509
202602202006,   5.335,9999.000,9999.000,9999.000,9999.000,9999.000,9999.000,9999.000,9999.000
202602202012,   5.356,9999.000,9999.000,9999.000,9999.000,9999.000,9999.000,9999.000,9999.000
202602202018,   5.370,9999.000,9999.000,9999.000,9999.000,9999.000,9999.000,9999.000,9999.000
202602202024,   5.379,9999.000,9999.000,9999.000,9999.000,9999.000,9999.000,9999.000,9999.000
202602202030,   5.381,9999.000,9999.000,9999.000,9999.000,9999.000,9999.000,9999.000,9999.000
202602202036,   5.378,9999.000,9999.000,9999.000,9999.000,9999.000,9999.000,9999.000,9999.000
202602202042,   5.368,9999.000,9999.000,9999.000,9999.000,9999.000,9999.000,9999.000,9999.000
202602202048,   5.353,9999.000,9999.000,9999.000,9999.000,9999.000,9999.000,9999.000,9999.000
202602202054,   5.332,9999.000,9999.000,9999.000,9999.000,9999.000,9999.000,9999.000,9999.000
202602202100,   5.305,9999.000,   0.200,9999.000,   5.505,   0.100,   5.405,   0.200,   5.505
202602202106,   5.272,9999.000,9999.000,9999.000,9999.000,9999.000,9999.000,9999.000,9999.000
202602202112,   5.234,9999.000,9999.000,9999.000,9999.000,9999.000,9999.000,9999.000,9999.000
202602202118,   5.191,9999.000,9999.000,9999.000,9999.000,9999.000,9999.000,9999.000,9999.000
202602202124,   5.142,9999.000,9999.000,9999.000,9999.000,9999.000,9999.000,9999.000,9999.000
202602202130,   5.088,9999.000,9999.000,9999.000,9999.000,9999.000,9999.000,9999.000,9999.000
202602202136,   5.029,9999.000,9999.000,9999.000,9999.000,9999.000,9999.000,9999.000,9999.000
202602202142,   4.965,9999.000,9999.000,9999.000,9999.000,9999.000,9999.000,9999.000,9999.000
202602202148,   4.897,9999.000,9999.000,9999.000,9999.000,9999.000,9999.000,9999.000,9999.000
202602202154,   4.824,9999.000,9999.000,9999.000,9999.000,9999.000,9999.000,9999.000,9999.000
202602202200,   4.747,9999.000,   0.200,9999.000,   4.947,   0.200,   4.947,   0.200,   4.947
202602202206,   4.666,9999.000,9999.000,9999.000,9999.000,9999.000,9999.000,9999.000,9999.000
202602202212,   4.581,9999.000,9999.000,9999.000,9999.000,9999.000,9999.000,9999.000,9999.000
202602202218,   4.493,9999.000,9999.000,9999.000,9999.000,9999.000,9999.000,9999.000,9999.000
202602202224,   4.401,9999.000,9999.000,9999.000,9999.000,9999.000,9999.000,9999.000,9999.000
202602202230,   4.306,9999.000,9999.000,9999.000,9999.000,9999.000,9999.000,9999.000,9999.000
202602202236,   4.209,9999.000,9999.000,9999.000,9999.000,9999.000,9999.000,9999.000,9999.000
202602202242,   4.109,9999.000,9999.000,9999.000,9999.000,9999.000,9999.000,9999.000,9999.000
202602202248,   4.006,9999.000,9999.000,9999.000,9999.000,9999.000,9999.000,9999.000,9999.000
202602202254,   3.902,9999.000,9999.000,9999.000,9999.000,9999.000,9999.000,9999.000,9999.000
202602202300,   3.796,9999.000,   0.200,9999.000,   3.996,   0.100,   3.896,   0.200,   3.996
202602202306,   3.688,9999.000,9999.000,9999.000,9999.000,9999.000,9999.000,9999.000,9999.000
202602202312,   3.580,9999.000,9999.000,9999.000,9999.000,9999.000,9999.000,9999.000,9999.000
202602202318,   3.470,9999.000,9999.000,9999.000,9999.000,9999.000,9999.000,9999.000,9999.000
202602202324,   3.360,9999.000,9999.000,9999.000,9999.000,9999.000,9999.000,9999.000,9999.000
202602202330,   3.250,9999.000,9999.000,9999.000,9999.000,9999.000,9999.000,9999.000,9999.000
202602202336,   3.138,9999.000,9999.000,9999.000,9999.000,9999.000,9999.000,9999.000,9999.000
202602202342,   3.027,9999.000,9999.000,9999.000,9999.000,9999.000,9999.000,9999.000,9999.000
202602202348,   2.917,9999.000,9999.000,9999.000,9999.000,9999.000,9999.000,9999.000,9999.000
202602202354,   2.808,9999.000,9999.000,9999.000,9999.000,9999.000,9999.000,9999.000,9999.000
202602210000,   2.700,9999.000,   0.300,9999.000,   3.000,   0.300,   3.000,   0.300,   3.000
202602210006,   2.593,9999.000,9999.000,9999.000,9999.000,9999.000,9999.000,9999.000,9999.000
202602210012,   2.487,9999.000,9999.000,9999.000,9999.000,9999.000,9999.000,9999.000,9999.000
202602210018,   2.384,9999.000,9999.000,9999.000,9999.000,9999.000,9999.000,9999.000,9999.000
202602210024,   2.282,9999.000,9999.000,9999.000,9999.000,9999.000,9999.000,9999.000,9999.000
202602210030,   2.183,9999.000,9999.000,9999.000,9999.000,9999.000,9999.000,9999.000,9999.000
202602210036,   2.086,9999.000,9999.000,9999.000,9999.000,9999.000,9999.000,9999.000,9999.000
202602210042,   1.992,9999.000,9999.000,9999.000,9999.000,9999.000,9999.000,9999.000,9999.000
202602210048,   1.901,9999.000,9999.000,9999.000,9999.000,9999.000,9999.000,9999.000,9999.000
202602210054,   1.814,9999.000,9999.000,9999.000,9999.000,9999.000,9999.000,9999.000,9999.000
202602210100,   1.730,9999.000,   0.300,9999.000,   2.030,   0.300,   2.030,   0.300,   2.030
202602210106,   1.649,9999.000,9999.000,9999.000,9999.000,9999.000,9999.000,9999.000,9999.000
202602210112,   1.573,9999.000,9999.000,9999.000,9999.000,9999.000,9999.000,9999.000,9999.000
202602210118,   1.500,9999.000,9999.000,9999.000,9999.000,9999.000,9999.000,9999.000,9999.000
202602210124,   1.432,9999.000,9999.000,9999.000,9999.000,9999.000,9999.000,9999.000,9999.000
202602210130,   1.369,9999.000,9999.000,9999.000,9999.000,9999.000,9999.000,9999.000,9999.000
202602210136,   1.310,9999.000,9999.000,9999.000,9999.000,9999.000,9999.000,9999.000,9999.000
202602210142,   1.256,9999.000,9999.000,9999.000,9999.000,9999.000,9999.000,9999.000,9999.000
202602210148,   1.207,9999.000,9999.000,9999.000,9999.000,9999.000,9999.000,9999.000,9999.000
202602210154,   1.163,9999.000,9999.000,9999.000,9999.000,9999.000,9999.000,9999.000,9999.000
202602210200,   1.124,9999.000,   0.300,9999.000,   1.424,   0.300,   1.424,   0.300,   1.424
202602210206,   1.091,9999.000,9999.000,9999.000,9999.000,9999.000,9999.000,9999.000,9999.000
202602210212,   1.063,9999.000,9999.000,9999.000,9999.000,9999.000,9999.000,9999.000,9999.000
202602210218,   1.040,9999.000,9999.000,9999.000,9999.000,9999.000,9999.000,9999.000,9999.000
202602210224,   1.024,9999.000,9999.000,9999.000,9999.000,9999.000,9999.000,9999.000,9999.000
202602210230,   1.012,9999.000,9999.000,9999.000,9999.000,9999.000,9999.000,9999.000,9999.000
202602210236,   1.007,9999.000,9999.000,9999.000,9999.000,9999.000,9999.000,9999.000,9999.000
202602210242,   1.008,9999.000,9999.000,9999.000,9999.000,9999.000,9999.000,9999.000,9999.000
202602210248,   1.014,9999.000,9999.000,9999.000,9999.000,9999.000,9999.000,9999.000,9999.000
202602210254,   1.026,9999.000,9999.000,9999.000,9999.000,9999.000,9999.000,9999.000,9999.000
202602210300,   1.044,9999.000,   0.300,9999.000,   1.344,   0.300,   1.344,   0.300,   1.344
202602210306,   1.068,9999.000,9999.000,9999.000,9999.000,9999.000,9999.000,9999.000,9999.000
202602210312,   1.098,9999.000,9999.000,9999.000,9999.000,9999.000,9999.000,9999.000,9999.000
202602210318,   1.133,9999.000,9999.000,9999.000,9999.000,9999.000,9999.000,9999.000,9999.000
202602210324,   1.174,9999.000,9999.000,9999.000,9999.000,9999.000,9999.000,9999.000,9999.000
202602210330,   1.221,9999.000,9999.000,9999.000,9999.000,9999.000,9999.000,9999.000,9999.000
202602210336,   1.273,9999.000,9999.000,9999.000,9999.000,9999.000,9999.000,9999.000,9999.000
202602210342,   1.331,9999.000,9999.000,9999.000,9999.000,9999.000,9999.000,9999.000,9999.000
202602210348,   1.394,9999.000,9999.000,9999.000,9999.000,9999.000,9999.000,9999.000,9999.000
202602210354,   1.463,9999.000,9999.000,9999.000,9999.000,9999.000,9999.000,9999.000,9999.000
202602210400,   1.536,9999.000,   0.300,9999.000,   1.836,   0.300,   1.836,   0.300,   1.836
202602210406,   1.614,9999.000,9999.000,9999.000,9999.000,9999.000,9999.000,9999.000,9999.000
202602210412,   1.697,9999.000,9999.000,9999.000,9999.000,9999.000,9999.000,9999.000,9999.000
202602210418,   1.784,9999.000,9999.000,9999.000,9999.000,9999.000,9999.000,9999.000,9999.000
202602210424,   1.876,9999.000,9999.000,9999.000,9999.000,9999.000,9999.000,9999.000,9999.000
202602210430,   1.972,9999.000,9999.000,9999.000,9999.000,9999.000,9999.000,9999.000,9999.000
202602210436,   2.072,9999.000,9999.000,9999.000,9999.000,9999.000,9999.000,9999.000,9999.000
202602210442,   2.175,9999.000,9999.000,9999.000,9999.000,9999.000,9999.000,9999.000,9999.000
202602210448,   2.282,9999.000,9999.000,9999.000,9999.000,9999.000,9999.000,9999.000,9999.000
202602210454,   2.392,9999.000,9999.000,9999.000,9999.000,9999.000,9999.000,9999.000,9999.000
202602210500,   2.504,9999.000,   0.300,9999.000,   2.804,   0.300,   2.804,   0.300,   2.804
202602210506,   2.619,9999.000,9999.000,9999.000,9999.000,9999.000,9999.000,9999.000,9999.000
202602210512,   2.737,9999.000,9999.000,9999.000,9999.000,9999.000,9999.000,9999.000,9999.000
202602210518,   2.856,9999.000,9999.000,9999.000,9999.000,9999.000,9999.000,9999.000,9999.000
202602210524,   2.978,9999.000,9999.000,9999.000,9999.000,9999.000,9999.000,9999.000,9999.000
202602210530,   3.100,9999.000,9999.000,9999.000,9999.000,9999.000,9999.000,9999.000,9999.000
202602210536,   3.224,9999.000,9999.000,9999.000,9999.000,9999.000,9999.000,9999.000,9999.000
202602210542,   3.348,9999.000,9999.000,9999.000,9999.000,9999.000,9999.000,9999.000,9999.000
202602210548,   3.472,9999.000,9999.000,9999.000,9999.000,9999.000,9999.000,9999.000,9999.000
202602210554,   3.597,9999.000,9999.000,9999.000,9999.000,9999.000,9999.000,9999.000,9999.000
202602210600,   3.721,9999.000,   0.300,9999.000,   4.021,   0.200,   3.921,   0.300,   4.021
202602210606,   3.845,9999.000,9999.000,9999.000,9999.000,9999.000,9999.000,9999.000,9999.000
202602210612,   3.968,9999.000,9999.000,9999.000,9999.000,9999.000,9999.000,9999.000,9999.000
202602210618,   4.089,9999.000,9999.000,9999.000,9999.000,9999.000,9999.000,9999.000,9999.000
202602210624,   4.209,9999.000,9999.000,9999.000,9999.000,9999.000,9999.000,9999.000,9999.000
202602210630,   4.327,9999.000,9999.000,9999.000,9999.000,9999.000,9999.000,9999.000,9999.000
202602210636,   4.443,9999.000,9999.000,9999.000,9999.000,9999.000,9999.000,9999.000,9999.000
202602210642,   4.557,9999.000,9999.000,9999.000,9999.000,9999.000,9999.000,9999.000,9999.000
202602210648,   4.667,9999.000,9999.000,9999.000,9999.000,9999.000,9999.000,9999.000,9999.000
202602210654,   4.774,9999.000,9999.000,9999.000,9999.000,9999.000,9999.000,9999.000,9999.000
202602210700,   4.878,9999.000,   0.300,9999.000,   5.178,   0.300,   5.178,   0.300,   5.178
202602210706,   4.978,9999.000,9999.000,9999.000,9999.000,9999.000,9999.000,9999.000,9999.000
202602210712,   5.075,9999.000,9999.000,9999.000,9999.000,9999.000,9999.000,9999.000,9999.000
202602210718,   5.166,9999.000,9999.000,9999.000,9999.000,9999.000,9999.000,9999.000,9999.000
202602210724,   5.254,9999.000,9999.000,9999.000,9999.000,9999.000,9999.000,9999.000,9999.000
202602210730,   5.337,9999.000,9999.000,9999.000,9999.000,9999.000,9999.000,9999.000,9999.000
202602210736,   5.415,9999.000,9999.000,9999.000,9999.000,9999.000,9999.000,9999.000,9999.000
202602210742,   5.487,9999.000,9999.000,9999.000,9999.000,9999.000,9999.000,9999.000,9999.000
202602210748,   5.555,9999.000,9999.000,9999.000,9999.000,9999.000,9999.000,9999.000,9999.000
202602210754,   5.617,9999.000,9999.000,9999.000,9999.000,9999.000,9999.000,9999.000,9999.000
202602210800,   5.673,9999.000,   0.300,9999.000,   5.973,   0.300,   5.973,   0.300,   5.973
202602210806,   5.723,9999.000,9999.000,9999.000,9999.000,9999.000,9999.000,9999.000,9999.000
202602210812,   5.768,9999.000,9999.000,9999.000,9999.000,9999.000,9999.000,9999.000,9999.000
202602210818,   5.807,9999.000,9999.000,9999.000,9999.000,9999.000,9999.000,9999.000,9999.000
202602210824,   5.839,9999.000,9999.000,9999.000,9999.000,9999.000,9999.000,9999.000,9999.000
202602210830,   5.866,9999.000,9999.000,9999.000,9999.000,9999.000,9999.000,9999.000,9999.000
202602210836,   5.886,9999.000,9999.000,9999.000,9999.000,9999.000,9999.000,9999.000,9999.000
202602210842,   5.899,9999.000,9999.000,9999.000,9999.000,9999.000,9999.000,9999.000,9999.000
202602210848,   5.907,9999.000,9999.000,9999.000,9999.000,9999.000,9999.000,9999.000,9999.000
202602210854,   5.908,9999.000,9999.000,9999.000,9999.000,9999.000,9999.000,9999.000,9999.000
202602210900,   5.903,9999.000,   0.300,9999.000,   6.203,   0.200,   6.103,   0.300,   6.203
202602210906,   5.892,9999.000,9999.000,9999.000,9999.000,9999.000,9999.000,9999.000,9999.000
202602210912,   5.874,9999.000,9999.000,9999.000,9999.000,9999.000,9999.000,9999.000,9999.000
202602210918,   5.851,9999.000,9999.000,9999.000,9999.000,9999.000,9999.000,9999.000,9999.000
202602210924,   5.821,9999.000,9999.000,9999.000,9999.000,9999.000,9999.000,9999.000,9999.000
202602210930,   5.785,9999.000,9999.000,9999.000,9999.000,9999.000,9999.000,9999.000,9999.000
202602210936,   5.744,9999.000,9999.000,9999.000,9999.000,9999.000,9999.000,9999.000,9999.000
202602210942,   5.696,9999.000,9999.000,9999.000,9999.000,9999.000,9999.000,9999.000,9999.000
202602210948,   5.643,9999.000,9999.000,9999.000,9999.000,9999.000,9999.000,9999.000,9999.000
202602210954,   5.585,9999.000,9999.000,9999.000,9999.000,9999.000,9999.000,9999.000,9999.000
202602211000,   5.521,9999.000,   0.200,9999.000,   5.721,   0.200,   5.721,   0.300,   5.821
202602211006,   5.452,9999.000,9999.000,9999.000,9999.000,9999.000,9999.000,9999.000,9999.000
202602211012,   5.379,9999.000,9999.000,9999.000,9999.000,9999.000,9999.000,9999.000,9999.000
202602211018,   5.300,9999.000,9999.000,9999.000,9999.000,9999.000,9999.000,9999.000,9999.000
202602211024,   5.217,9999.000,9999.000,9999.000,9999.000,9999.000,9999.000,9999.000,9999.000
202602211030,   5.129,9999.000,9999.000,9999.000,9999.000,9999.000,9999.000,9999.000,9999.000
202602211036,   5.038,9999.000,9999.000,9999.000,9999.000,9999.000,9999.000,9999.000,9999.000
202602211042,   4.942,9999.000,9999.000,9999.000,9999.000,9999.000,9999.000,9999.000,9999.000
202602211048,   4.843,9999.000,9999.000,9999.000,9999.000,9999.000,9999.000,9999.000,9999.000
202602211054,   4.741,9999.000,9999.000,9999.000,9999.000,9999.000,9999.000,9999.000,9999.000
202602211100,   4.635,9999.000,   0.200,9999.000,   4.835,   0.200,   4.835,   0.300,   4.935
202602211106,   4.527,9999.000,9999.000,9999.000,9999.000,9999.000,9999.000,9999.000,9999.000
202602211112,   4.415,9999.000,9999.000,9999.000,9999.000,9999.000,9999.000,9999.000,9999.000
202602211118,   4.302,9999.000,9999.000,9999.000,9999.000,9999.000,9999.000,9999.000,9999.000
202602211124,   4.186,9999.000,9999.000,9999.000,9999.000,9999.000,9999.000,9999.000,9999.000
202602211130,   4.069,9999.000,9999.000,9999.000,9999.000,9999.000,9999.000,9999.000,9999.000
202602211136,   3.949,9999.000,9999.000,9999.000,9999.000,9999.000,9999.000,9999.000,9999.000
202602211142,   3.829,9999.000,9999.000,9999.000,9999.000,9999.000,9999.000,9999.000,9999.000
202602211148,   3.708,9999.000,9999.000,9999.000,9999.000,9999.000,9999.000,9999.000,9999.000
202602211154,   3.586,9999.000,9999.000,9999.000,9999.000,9999.000,9999.000,9999.000,9999.000
202602211200,   3.463,9999.000,   0.300,9999.000,   3.763,   0.200,   3.663,   0.300,   3.763
202602211206,   3.340,9999.000,9999.000,9999.000,9999.000,9999.000,9999.000,9999.000,9999.000
202602211212,   3.217,9999.000,9999.000,9999.000,9999.000,9999.000,9999.000,9999.000,9999.000
202602211218,   3.095,9999.000,9999.000,9999.000,9999.000,9999.000,9999.000,9999.000,9999.000
202602211224,   2.973,9999.000,9999.000,9999.000,9999.000,9999.000,9999.000,9999.000,9999.000
202602211230,   2.852,9999.000,9999.000,9999.000,9999.000,9999.000,9999.000,9999.000,9999.000
202602211236,   2.733,9999.000,9999.000,9999.000,9999.000,9999.000,9999.000,9999.000,9999.000
202602211242,   2.615,9999.000,9999.000,9999.000,9999.000,9999.000,9999.000,9999.000,9999.000
202602211248,   2.498,9999.000,9999.000,9999.000,9999.000,9999.000,9999.000,9999.000,9999.000
202602211254,   2.383,9999.000,9999.000,9999.000,9999.000,9999.000,9999.000,9999.000,9999.000
202602211300,   2.271,9999.000,   0.200,9999.000,   2.471,   0.200,   2.471,   0.300,   2.571
202602211306,   2.161,9999.000,9999.000,9999.000,9999.000,9999.000,9999.000,9999.000,9999.000
202602211312,   2.053,9999.000,9999.000,9999.000,9999.000,9999.000,9999.000,9999.000,9999.000
202602211318,   1.949,9999.000,9999.000,9999.000,9999.000,9999.000,9999.000,9999.000,9999.000
202602211324,   1.847,9999.000,9999.000,9999.000,9999.000,9999.000,9999.000,9999.000,9999.000
202602211330,   1.749,9999.000,9999.000,9999.000,9999.000,9999.000,9999.000,9999.000,9999.000
202602211336,   1.655,9999.000,9999.000,9999.000,9999.000,9999.000,9999.000,9999.000,9999.000
202602211342,   1.564,9999.000,9999.000,9999.000,9999.000,9999.000,9999.000,9999.000,9999.000
202602211348,   1.477,9999.000,9999.000,9999.000,9999.000,9999.000,9999.000,9999.000,9999.000
202602211354,   1.394,9999.000,9999.000,9999.000,9999.000,9999.000,9999.000,9999.000,9999.000
202602211400,   1.316,9999.000,   0.300,9999.000,   1.616,   0.200,   1.516,   0.300,   1.616
202602211406,   1.242,9999.000,9999.000,9999.000,9999.000,9999.000,9999.000,9999.000,9999.000
202602211412,   1.172,9999.000,9999.000,9999.000,9999.000,9999.000,9999.000,9999.000,9999.000
202602211418,   1.108,9999.000,9999.000,9999.000,9999.000,9999.000,9999.000,9999.000,9999.000
202602211424,   1.048,9999.000,9999.000,9999.000,9999.000,9999.000,9999.000,9999.000,9999.000
202602211430,   0.994,9999.000,9999.000,9999.000,9999.000,9999.000,9999.000,9999.000,9999.000
202602211436,   0.944,9999.000,9999.000,9999.000,9999.000,9999.000,9999.000,9999.000,9999.000
202602211442,   0.900,9999.000,9999.000,9999.000,9999.000,9999.000,9999.000,9999.000,9999.000
202602211448,   0.862,9999.000,9999.000,9999.000,9999.000,9999.000,9999.000,9999.000,9999.000
202602211454,   0.828,9999.000,9999.000,9999.000,9999.000,9999.000,9999.000,9999.000,9999.000
202602211500,   0.801,9999.000,   0.200,9999.000,   1.001,   0.200,   1.001,   0.300,   1.101
202602211506,   0.779,9999.000,9999.000,9999.000,9999.000,9999.000,9999.000,9999.000,9999.000
202602211512,   0.762,9999.000,9999.000,9999.000,9999.000,9999.000,9999.000,9999.000,9999.000
202602211518,   0.751,9999.000,9999.000,9999.000,9999.000,9999.000,9999.000,9999.000,9999.000
202602211524,   0.746,9999.000,9999.000,9999.000,9999.000,9999.000,9999.000,9999.000,9999.000
202602211530,   0.747,9999.000,9999.000,9999.000,9999.000,9999.000,9999.000,9999.000,9999.000
202602211536,   0.753,9999.000,9999.000,9999.000,9999.000,9999.000,9999.000,9999.000,9999.000
202602211542,   0.765,9999.000,9999.000,9999.000,9999.000,9999.000,9999.000,9999.000,9999.000
202602211548,   0.783,9999.000,9999.000,9999.000,9999.000,9999.000,9999.000,9999.000,9999.000
202602211554,   0.806,9999.000,9999.000,9999.000,9999.000,9999.000,9999.000,9999.000,9999.000
202602211600,   0.835,9999.000,   0.300,9999.000,   1.135,   0.300,   1.135,   0.300,   1.135
202602211606,   0.869,9999.000,9999.000,9999.000,9999.000,9999.000,9999.000,9999.000,9999.000
202602211612,   0.908,9999.000,9999.000,9999.000,9999.000,9999.000,9999.000,9999.000,9999.000
202602211618,   0.953,9999.000,9999.000,9999.000,9999.000,9999.000,9999.000,9999.000,9999.000
202602211624,   1.003,9999.000,9999.000,9999.000,9999.000,9999.000,9999.000,9999.000,9999.000
202602211630,   1.058,9999.000,9999.000,9999.000,9999.000,9999.000,9999.000,9999.000,9999.000
202602211636,   1.118,9999.000,9999.000,9999.000,9999.000,9999.000,9999.000,9999.000,9999.000
202602211642,   1.182,9999.000,9999.000,9999.000,9999.000,9999.000,9999.000,9999.000,9999.000
202602211648,   1.251,9999.000,9999.000,9999.000,9999.000,9999.000,9999.000,9999.000,9999.000
202602211654,   1.324,9999.000,9999.000,9999.000,9999.000,9999.000,9999.000,9999.000,9999.000
202602211700,   1.401,9999.000,   0.200,9999.000,   1.601,   0.200,   1.601,   0.300,   1.701
202602211706,   1.482,9999.000,9999.000,9999.000,9999.000,9999.000,9999.000,9999.000,9999.000
202602211712,   1.567,9999.000,9999.000,9999.000,9999.000,9999.000,9999.000,9999.000,9999.000
202602211718,   1.656,9999.000,9999.000,9999.000,9999.000,9999.000,9999.000,9999.000,9999.000
202602211724,   1.747,9999.000,9999.000,9999.000,9999.000,9999.000,9999.000,9999.000,9999.000
202602211730,   1.841,9999.000,9999.000,9999.000,9999.000,9999.000,9999.000,9999.000,9999.000
202602211736,   1.938,9999.000,9999.000,9999.000,9999.000,9999.000,9999.000,9999.000,9999.000
202602211742,   2.038,9999.000,9999.000,9999.000,9999.000,9999.000,9999.000,9999.000,9999.000
202602211748,   2.139,9999.000,9999.000,9999.000,9999.000,9999.000,9999.000,9999.000,9999.000
202602211754,   2.243,9999.000,9999.000,9999.000,9999.000,9999.000,9999.000,9999.000,9999.000
202602211800,   2.348,9999.000,   0.300,9999.000,   2.648,   0.300,   2.648,   0.400,   2.748
202602211806,   2.454,9999.000,9999.000,9999.000,9999.000,9999.000,9999.000,9999.000,9999.000
202602211812,   2.561,9999.000,9999.000,9999.000,9999.000,9999.000,9999.000,9999.000,9999.000
202602211818,   2.669,9999.000,9999.000,9999.000,9999.000,9999.000,9999.000,9999.000,9999.000
202602211824,   2.777,9999.000,9999.000,9999.000,9999.000,9999.000,9999.000,9999.000,9999.000
202602211830,   2.885,9999.000,9999.000,9999.000,9999.000,9999.000,9999.000,9999.000,9999.000
202602211836,   2.993,9999.000,9999.000,9999.000,9999.000,9999.000,9999.000,9999.000,9999.000
202602211842,   3.100,9999.000,9999.000,9999.000,9999.000,9999.000,9999.000,9999.000,9999.000
202602211848,   3.207,9999.000,9999.000,9999.000,9999.000,9999.000,9999.000,9999.000,9999.000
202602211854,   3.312,9999.000,9999.000,9999.000,9999.000,9999.000,9999.000,9999.000,9999.000
202602211900,   3.416,9999.000,   0.300,9999.000,   3.716,   0.300,   3.716,   0.300,   3.716
202602211906,   3.518,9999.000,9999.000,9999.000,9999.000,9999.000,9999.000,9999.000,9999.000
202602211912,   3.618,9999.000,9999.000,9999.000,9999.000,9999.000,9999.000,9999.000,9999.000
202602211918,   3.715,9999.000,9999.000,9999.000,9999.000,9999.000,9999.000,9999.000,9999.000
202602211924,   3.811,9999.000,9999.000,9999.000,9999.000,9999.000,9999.000,9999.000,9999.000
202602211930,   3.903,9999.000,9999.000,9999.000,9999.000,9999.000,9999.000,9999.000,9999.000
202602211936,   3.992,9999.000,9999.000,9999.000,9999.000,9999.000,9999.000,9999.000,9999.000
202602211942,   4.078,9999.000,9999.000,9999.000,9999.000,9999.000,9999.000,9999.000,9999.000
202602211948,   4.161,9999.000,9999.000,9999.000,9999.000,9999.000,9999.000,9999.000,9999.000
202602211954,   4.239,9999.000,9999.000,9999.000,9999.000,9999.000,9999.000,9999.000,9999.000
202602212000,   4.314,9999.000,   0.400,9999.000,   4.714,   0.300,   4.614,   0.400,   4.714
202602212006,   4.384,9999.000,9999.000,9999.000,9999.000,9999.000,9999.000,9999.000,9999.000
202602212012,   4.451,9999.000,9999.000,9999.000,9999.000,9999.000,9999.000,9999.000,9999.000
202602212018,   4.512,9999.000,9999.000,9999.000,9999.000,9999.000,9999.000,9999.000,9999.000
202602212024,   4.570,9999.000,9999.000,9999.000,9999.000,9999.000,9999.000,9999.000,9999.000
202602212030,   4.622,9999.000,9999.000,9999.000,9999.000,9999.000,9999.000,9999.000,9999.000
202602212036,   4.670,9999.000,9999.000,9999.000,9999.000,9999.000,9999.000,9999.000,9999.000
202602212042,   4.712,9999.000,9999.000,9999.000,9999.000,9999.000,9999.000,9999.000,9999.000
202602212048,   4.750,9999.000,9999.000,9999.000,9999.000,9999.000,9999.000,9999.000,9999.000
202602212054,   4.782,9999.000,9999.000,9999.000,9999.000,9999.000,9999.000,9999.000,9999.000
202602212100,   4.809,9999.000,   0.300,9999.000,   5.109,   0.300,   5.109,   0.400,   5.209
202602212106,   4.831,9999.000,9999.000,9999.000,9999.000,9999.000,9999.000,9999.000,9999.000
202602212112,   4.848,9999.000,9999.000,9999.000,9999.000,9999.000,9999.000,9999.000,9999.000
202602212118,   4.860,9999.000,9999.000,9999.000,9999.000,9999.000,9999.000,9999.000,9999.000
202602212124,   4.866,9999.000,9999.000,9999.000,9999.000,9999.000,9999.000,9999.000,9999.000
202602212130,   4.867,9999.000,9999.000,9999.000,9999.000,9999.000,9999.000,9999.000,9999.000
202602212136,   4.863,9999.000,9999.000,9999.000,9999.000,9999.000,9999.000,9999.000,9999.000
202602212142,   4.854,9999.000,9999.000,9999.000,9999.000,9999.000,9999.000,9999.000,9999.000
202602212148,   4.840,9999.000,9999.000,9999.000,9999.000,9999.000,9999.000,9999.000,9999.000
202602212154,   4.821,9999.000,9999.000,9999.000,9999.000,9999.000,9999.000,9999.000,9999.000
202602212200,   4.797,9999.000,   0.400,9999.000,   5.197,   0.400,   5.197,   0.500,   5.297
202602212206,   4.768,9999.000,9999.000,9999.000,9999.000,9999.000,9999.000,9999.000,9999.000
202602212212,   4.734,9999.000,9999.000,9999.000,9999.000,9999.000,9999.000,9999.000,9999.000
202602212218,   4.697,9999.000,9999.000,9999.000,9999.000,9999.000,9999.000,9999.000,9999.000
202602212224,   4.654,9999.000,9999.000,9999.000,9999.000,9999.000,9999.000,9999.000,9999.000
202602212230,   4.608,9999.000,9999.000,9999.000,9999.000,9999.000,9999.000,9999.000,9999.000
202602212236,   4.557,9999.000,9999.000,9999.000,9999.000,9999.000,9999.000,9999.000,9999.000
202602212242,   4.503,9999.000,9999.000,9999.000,9999.000,9999.000,9999.000,9999.000,9999.000
202602212248,   4.445,9999.000,9999.000,9999.000,9999.000,9999.000,9999.000,9999.000,9999.000
202602212254,   4.384,9999.000,9999.000,9999.000,9999.000,9999.000,9999.000,9999.000,9999.000
202602212300,   4.319,9999.000,   0.500,9999.000,   4.819,   0.400,   4.719,   0.500,   4.819
202602212306,   4.251,9999.000,9999.000,9999.000,9999.000,9999.000,9999.000,9999.000,9999.000
202602212312,   4.180,9999.000,9999.000,9999.000,9999.000,9999.000,9999.000,9999.000,9999.000
202602212318,   4.107,9999.000,9999.000,9999.000,9999.000,9999.000,9999.000,9999.000,9999.000
202602212324,   4.031,9999.000,9999.000,9999.000,9999.000,9999.000,9999.000,9999.000,9999.000
202602212330,   3.953,9999.000,9999.000,9999.000,9999.000,9999.000,9999.000,9999.000,9999.000
202602212336,   3.873,9999.000,9999.000,9999.000,9999.000,9999.000,9999.000,9999.000,9999.000
202602212342,   3.791,9999.000,9999.000,9999.000,9999.000,9999.000,9999.000,9999.000,9999.000
202602212348,   3.708,9999.000,9999.000,9999.000,9999.000,9999.000,9999.000,9999.000,9999.000
202602212354,   3.623,9999.000,9999.000,9999.000,9999.000,9999.000,9999.000,9999.000,9999.000
202602220000,   3.538,9999.000,   0.500,9999.000,   4.038,   0.400,   3.938,   0.500,   4.038
202602220006,   3.451,9999.000,9999.000,9999.000,9999.000,9999.000,9999.000,9999.000,9999.000
202602220012,   3.364,9999.000,9999.000,9999.000,9999.000,9999.000,9999.000,9999.000,9999.000
202602220018,   3.277,9999.000,9999.000,9999.000,9999.000,9999.000,9999.000,9999.000,9999.000
202602220024,   3.190,9999.000,9999.000,9999.000,9999.000,9999.000,9999.000,9999.000,9999.000
202602220030,   3.103,9999.000,9999.000,9999.000,9999.000,9999.000,9999.000,9999.000,9999.000
202602220036,   3.016,9999.000,9999.000,9999.000,9999.000,9999.000,9999.000,9999.000,9999.000
202602220042,   2.930,9999.000,9999.000,9999.000,9999.000,9999.000,9999.000,9999.000,9999.000
202602220048,   2.845,9999.000,9999.000,9999.000,9999.000,9999.000,9999.000,9999.000,9999.000
202602220054,   2.761,9999.000,9999.000,9999.000,9999.000,9999.000,9999.000,9999.000,9999.000
202602220100,   2.678,9999.000,   0.600,9999.000,   3.278,   0.500,   3.178,   0.600,   3.278
202602220106,   2.597,9999.000,9999.000,9999.000,9999.000,9999.000,9999.000,9999.000,9999.000
202602220112,   2.518,9999.000,9999.000,9999.000,9999.000,9999.000,9999.000,9999.000,9999.000
202602220118,   2.440,9999.000,9999.000,9999.000,9999.000,9999.000,9999.000,9999.000,9999.000
202602220124,   2.365,9999.000,9999.000,9999.000,9999.000,9999.000,9999.000,9999.000,9999.000
202602220130,   2.292,9999.000,9999.000,9999.000,9999.000,9999.000,9999.000,9999.000,9999.000
202602220136,   2.222,9999.000,9999.000,9999.000,9999.000,9999.000,9999.000,9999.000,9999.000
202602220142,   2.155,9999.000,9999.000,9999.000,9999.000,9999.000,9999.000,9999.000,9999.000
202602220148,   2.091,9999.000,9999.000,9999.000,9999.000,9999.000,9999.000,9999.000,9999.000
202602220154,   2.030,9999.000,9999.000,9999.000,9999.000,9999.000,9999.000,9999.000,9999.000
202602220200,   1.972,9999.000,   0.600,9999.000,   2.572,   0.500,   2.472,   0.600,   2.572
202602220206,   1.918,9999.000,9999.000,9999.000,9999.000,9999.000,9999.000,9999.000,9999.000
202602220212,   1.868,9999.000,9999.000,9999.000,9999.000,9999.000,9999.000,9999.000,9999.000
202602220218,   1.821,9999.000,9999.000,9999.000,9999.000,9999.000,9999.000,9999.000,9999.000
202602220224,   1.779,9999.000,9999.000,9999.000,9999.000,9999.000,9999.000,9999.000,9999.000
202602220230,   1.740,9999.000,9999.000,9999.000,9999.000,9999.000,9999.000,9999.000,9999.000
202602220236,   1.706,9999.000,9999.000,9999.000,9999.000,9999.000,9999.000,9999.000,9999.000
202602220242,   1.676,9999.000,9999.000,9999.000,9999.000,9999.000,9999.000,9999.000,9999.000
202602220248,   1.651,9999.000,9999.000,9999.000,9999.000,9999.000,9999.000,9999.000,9999.000
202602220254,   1.631,9999.000,9999.000,9999.000,9999.000,9999.000,9999.000,9999.000,9999.000
202602220300,   1.615,9999.000,   0.600,9999.000,   2.215,   0.500,   2.115,   0.600,   2.215
202602220306,   1.604,9999.000,9999.000,9999.000,9999.000,9999.000,9999.000,9999.000,9999.000
202602220312,   1.598,9999.000,9999.000,9999.000,9999.000,9999.000,9999.000,9999.000,9999.000
202602220318,   1.597,9999.000,9999.000,9999.000,9999.000,9999.000,9999.000,9999.000,9999.000
202602220324,   1.600,9999.000,9999.000,9999.000,9999.000,9999.000,9999.000,9999.000,9999.000
202602220330,   1.609,9999.000,9999.000,9999.000,9999.000,9999.000,9999.000,9999.000,9999.000
202602220336,   1.623,9999.000,9999.000,9999.000,9999.000,9999.000,9999.000,9999.000,9999.000
202602220342,   1.642,9999.000,9999.000,9999.000,9999.000,9999.000,9999.000,9999.000,9999.000
202602220348,   1.666,9999.000,9999.000,9999.000,9999.000,9999.000,9999.000,9999.000,9999.000
202602220354,   1.695,9999.000,9999.000,9999.000,9999.000,9999.000,9999.000,9999.000,9999.000
202602220400,   1.728,9999.000,   0.500,9999.000,   2.228,   0.400,   2.128,   0.500,   2.228
202602220406,   1.767,9999.000,9999.000,9999.000,9999.000,9999.000,9999.000,9999.000,9999.000
202602220412,   1.811,9999.000,9999.000,9999.000,9999.000,9999.000,9999.000,9999.000,9999.000
202602220418,   1.860,9999.000,9999.000,9999.000,9999.000,9999.000,9999.000,9999.000,9999.000
202602220424,   1.913,9999.000,9999.000,9999.000,9999.000,9999.000,9999.000,9999.000,9999.000
202602220430,   1.971,9999.000,9999.000,9999.000,9999.000,9999.000,9999.000,9999.000,9999.000
202602220436,   2.034,9999.000,9999.000,9999.000,9999.000,9999.000,9999.000,9999.000,9999.000
202602220442,   2.101,9999.000,9999.000,9999.000,9999.000,9999.000,9999.000,9999.000,9999.000
202602220448,   2.172,9999.000,9999.000,9999.000,9999.000,9999.000,9999.000,9999.000,9999.000
202602220454,   2.248,9999.000,9999.000,9999.000,9999.000,9999.000,9999.000,9999.000,9999.000
202602220500,   2.328,9999.000,   0.600,9999.000,   2.928,   0.500,   2.828,   0.700,   3.028
202602220506,   2.411,9999.000,9999.000,9999.000,9999.000,9999.000,9999.000,9999.000,9999.000
202602220512,   2.498,9999.000,9999.000,9999.000,9999.000,9999.000,9999.000,9999.000,9999.000
202602220518,   2.589,9999.000,9999.000,9999.000,9999.000,9999.000,9999.000,9999.000,9999.000
202602220524,   2.683,9999.000,9999.000,9999.000,9999.000,9999.000,9999.000,9999.000,9999.000
202602220530,   2.779,9999.000,9999.000,9999.000,9999.000,9999.000,9999.000,9999.000,9999.000
202602220536,   2.879,9999.000,9999.000,9999.000,9999.000,9999.000,9999.000,9999.000,9999.000
202602220542,   2.981,9999.000,9999.000,9999.000,9999.000,9999.000,9999.000,9999.000,9999.000
202602220548,   3.086,9999.000,9999.000,9999.000,9999.000,9999.000,9999.000,9999.000,9999.000
202602220554,   3.192,9999.000,9999.000,9999.000,9999.000,9999.000,9999.000,9999.000,9999.000
202602220600,   3.301,9999.000,   0.400,9999.000,   3.701,   0.300,   3.601,   0.400,   3.701
202602220606,   3.411,9999.000,9999.000,9999.000,9999.000,9999.000,9999.000,9999.000,9999.000
202602220612,   3.522,9999.000,9999.000,9999.000,9999.000,9999.000,9999.000,9999.000,9999.000
202602220618,   3.634,9999.000,9999.000,9999.000,9999.000,9999.000,9999.000,9999.000,9999.000
202602220624,   3.747,9999.000,9999.000,9999.000,9999.000,9999.000,9999.000,9999.000,9999.000
202602220630,   3.860,9999.000,9999.000,9999.000,9999.000,9999.000,9999.000,9999.000,9999.000
202602220636,   3.973,9999.000,9999.000,9999.000,9999.000,9999.000,9999.000,9999.000,9999.000
202602220642,   4.086,9999.000,9999.000,9999.000,9999.000,9999.000,9999.000,9999.000,9999.000
202602220648,   4.199,9999.000,9999.000,9999.000,9999.000,9999.000,9999.000,9999.000,9999.000
202602220654,   4.310,9999.000,9999.000,9999.000,9999.000,9999.000,9999.000,9999.000,9999.000
202602220700,   4.421,9999.000,   0.400,9999.000,   4.821,   0.400,   4.821,   0.500,   4.921
202602220706,   4.530,9999.000,9999.000,9999.000,9999.000,9999.000,9999.000,9999.000,9999.000
202602220712,   4.637,9999.000,9999.000,9999.000,9999.000,9999.000,9999.000,9999.000,9999.000
202602220718,   4.743,9999.000,9999.000,9999.000,9999.000,9999.000,9999.000,9999.000,9999.000
202602220724,   4.846,9999.000,9999.000,9999.000,9999.000,9999.000,9999.000,9999.000,9999.000
202602220730,   4.947,9999.000,9999.000,9999.000,9999.000,9999.000,9999.000,9999.000,9999.000
202602220736,   5.044,9999.000,9999.000,9999.000,9999.000,9999.000,9999.000,9999.000,9999.000
202602220742,   5.139,9999.000,9999.000,9999.000,9999.000,9999.000,9999.000,9999.000,9999.000
202602220748,   5.230,9999.000,9999.000,9999.000,9999.000,9999.000,9999.000,9999.000,9999.000
202602220754,   5.318,9999.000,9999.000,9999.000,9999.000,9999.000,9999.000,9999.000,9999.000
202602220800,   5.402,9999.000,   0.400,9999.000,   5.802,   0.400,   5.802,   0.500,   5.902
202602220806,   5.482,9999.000,9999.000,9999.000,9999.000,9999.000,9999.000,9999.000,9999.000
202602220812,   5.557,9999.000,9999.000,9999.000,9999.000,9999.000,9999.000,9999.000,9999.000
202602220818,   5.628,9999.000,9999.000,9999.000,9999.000,9999.000,9999.000,9999.000,9999.000
202602220824,   5.694,9999.000,9999.000,9999.000,9999.000,9999.000,9999.000,9999.000,9999.000
202602220830,   5.755,9999.000,9999.000,9999.000,9999.000,9999.000,9999.000,9999.000,9999.000
202602220836,   5.812,9999.000,9999.000,9999.000,9999.000,9999.000,9999.000,9999.000,9999.000
202602220842,   5.863,9999.000,9999.000,9999.000,9999.000,9999.000,9999.000,9999.000,9999.000
202602220848,   5.908,9999.000,9999.000,9999.000,9999.000,9999.000,9999.000,9999.000,9999.000
202602220854,   5.948,9999.000,9999.000,9999.000,9999.000,9999.000,9999.000,9999.000,9999.000
202602220900,   5.983,9999.000,   0.300,9999.000,   6.283,   0.300,   6.283,   0.400,   6.383
202602220906,   6.012,9999.000,9999.000,9999.000,9999.000,9999.000,9999.000,9999.000,9999.000
202602220912,   6.035,9999.000,9999.000,9999.000,9999.000,9999.000,9999.000,9999.000,9999.000
202602220918,   6.053,9999.000,9999.000,9999.000,9999.000,9999.000,9999.000,9999.000,9999.000
202602220924,   6.064,9999.000,9999.000,9999.000,9999.000,9999.000,9999.000,9999.000,9999.000
202602220930,   6.070,9999.000,9999.000,9999.000,9999.000,9999.000,9999.000,9999.000,9999.000
202602220936,   6.069,9999.000,9999.000,9999.000,9999.000,9999.000,9999.000,9999.000,9999.000
202602220942,   6.063,9999.000,9999.000,9999.000,9999.000,9999.000,9999.000,9999.000,9999.000
202602220948,   6.051,9999.000,9999.000,9999.000,9999.000,9999.000,9999.000,9999.000,9999.000
202602220954,   6.033,9999.000,9999.000,9999.000,9999.000,9999.000,9999.000,9999.000,9999.000
202602221000,   6.009,9999.000,   0.300,9999.000,   6.309,   0.200,   6.209,   0.300,   6.309
202602221006,   5.980,9999.000,9999.000,9999.000,9999.000,9999.000,9999.000,9999.000,9999.000
202602221012,   5.944,9999.000,9999.000,9999.000,9999.000,9999.000,9999.000,9999.000,9999.000
202602221018,   5.903,9999.000,9999.000,9999.000,9999.000,9999.000,9999.000,9999.000,9999.000
202602221024,   5.857,9999.000,9999.000,9999.000,9999.000,9999.000,9999.000,9999.000,9999.000
202602221030,   5.805,9999.000,9999.000,9999.000,9999.000,9999.000,9999.000,9999.000,9999.000
202602221036,   5.748,9999.000,9999.000,9999.000,9999.000,9999.000,9999.000,9999.000,9999.000
202602221042,   5.686,9999.000,9999.000,9999.000,9999.000,9999.000,9999.000,9999.000,9999.000
202602221048,   5.619,9999.000,9999.000,9999.000,9999.000,9999.000,9999.000,9999.000,9999.000
202602221054,   5.547,9999.000,9999.000,9999.000,9999.000,9999.000,9999.000,9999.000,9999.000
202602221100,   5.470,9999.000,   0.400,9999.000,   5.870,   0.400,   5.870,   0.400,   5.870
202602221106,   5.389,9999.000,9999.000,9999.000,9999.000,9999.000,9999.000,9999.000,9999.000
202602221112,   5.303,9999.000,9999.000,9999.000,9999.000,9999.000,9999.000,9999.000,9999.000
202602221118,   5.214,9999.000,9999.000,9999.000,9999.000,9999.000,9999.000,9999.000,9999.000
202602221124,   5.120,9999.000,9999.000,9999.000,9999.000,9999.000,9999.000,9999.000,9999.000
202602221130,   5.023,9999.000,9999.000,9999.000,9999.000,9999.000,9999.000,9999.000,9999.000
202602221136,   4.922,9999.000,9999.000,9999.000,9999.000,9999.000,9999.000,9999.000,9999.000
202602221142,   4.818,9999.000,9999.000,9999.000,9999.000,9999.000,9999.000,9999.000,9999.000
202602221148,   4.711,9999.000,9999.000,9999.000,9999.000,9999.000,9999.000,9999.000,9999.000
202602221154,   4.602,9999.000,9999.000,9999.000,9999.000,9999.000,9999.000,9999.000,9999.000
202602221200,   4.489,9999.000,   0.300,9999.000,   4.789,   0.300,   4.789,   0.300,   4.789
202602221206,   4.375,9999.000,9999.000,9999.000,9999.000,9999.000,9999.000,9999.000,9999.000
202602221212,   4.258,9999.000,9999.000,9999.000,9999.000,9999.000,9999.000,9999.000,9999.000
202602221218,   4.139,9999.000,9999.000,9999.000,9999.000,9999.000,9999.000,9999.000,9999.000
202602221224,   4.019,9999.000,9999.000,9999.000,9999.000,9999.000,9999.000,9999.000,9999.000
202602221230,   3.898,9999.000,9999.000,9999.000,9999.000,9999.000,9999.000,9999.000,9999.000
202602221236,   3.775,9999.000,9999.000,9999.000,9999.000,9999.000,9999.000,9999.000,9999.000
202602221242,   3.652,9999.000,9999.000,9999.000,9999.000,9999.000,9999.000,9999.000,9999.000
202602221248,   3.527,9999.000,9999.000,9999.000,9999.000,9999.000,9999.000,9999.000,9999.000
202602221254,   3.403,9999.000,9999.000,9999.000,9999.000,9999.000,9999.000,9999.000,9999.000
202602221300,   3.279,9999.000,   0.300,9999.000,   3.579,   0.200,   3.479,   0.300,   3.579
202602221306,   3.154,9999.000,9999.000,9999.000,9999.000,9999.000,9999.000,9999.000,9999.000
202602221312,   3.030,9999.000,9999.000,9999.000,9999.000,9999.000,9999.000,9999.000,9999.000
202602221318,   2.907,9999.000,9999.000,9999.000,9999.000,9999.000,9999.000,9999.000,9999.000
202602221324,   2.785,9999.000,9999.000,9999.000,9999.000,9999.000,9999.000,9999.000,9999.000
202602221330,   2.664,9999.000,9999.000,9999.000,9999.000,9999.000,9999.000,9999.000,9999.000
202602221336,   2.544,9999.000,9999.000,9999.000,9999.000,9999.000,9999.000,9999.000,9999.000
202602221342,   2.425,9999.000,9999.000,9999.000,9999.000,9999.000,9999.000,9999.000,9999.000
202602221348,   2.309,9999.000,9999.000,9999.000,9999.000,9999.000,9999.000,9999.000,9999.000
202602221354,   2.195,9999.000,9999.000,9999.000,9999.000,9999.000,9999.000,9999.000,9999.000
202602221400,   2.083,9999.000,   0.300,9999.000,   2.383,   0.300,   2.383,   0.400,   2.483
202602221406,   1.973,9999.000,9999.000,9999.000,9999.000,9999.000,9999.000,9999.000,9999.000
202602221412,   1.866,9999.000,9999.000,9999.000,9999.000,9999.000,9999.000,9999.000,9999.000
202602221418,   1.762,9999.000,9999.000,9999.000,9999.000,9999.000,9999.000,9999.000,9999.000
202602221424,   1.662,9999.000,9999.000,9999.000,9999.000,9999.000,9999.000,9999.000,9999.000
202602221430,   1.564,9999.000,9999.000,9999.000,9999.000,9999.000,9999.000,9999.000,9999.000
202602221436,   1.470,9999.000,9999.000,9999.000,9999.000,9999.000,9999.000,9999.000,9999.000
202602221442,   1.380,9999.000,9999.000,9999.000,9999.000,9999.000,9999.000,9999.000,9999.000
202602221448,   1.294,9999.000,9999.000,9999.000,9999.000,9999.000,9999.000,9999.000,9999.000
202602221454,   1.211,9999.000,9999.000,9999.000,9999.000,9999.000,9999.000,9999.000,9999.000
202602221500,   1.133,9999.000,   0.300,9999.000,   1.433,   0.200,   1.333,   0.300,   1.433
202602221506,   1.060,9999.000,9999.000,9999.000,9999.000,9999.000,9999.000,9999.000,9999.000
202602221512,   0.990,9999.000,9999.000,9999.000,9999.000,9999.000,9999.000,9999.000,9999.000
202602221518,   0.926,9999.000,9999.000,9999.000,9999.000,9999.000,9999.000,9999.000,9999.000
202602221524,   0.866,9999.000,9999.000,9999.000,9999.000,9999.000,9999.000,9999.000,9999.000
202602221530,   0.811,9999.000,9999.000,9999.000,9999.000,9999.000,9999.000,9999.000,9999.000
202602221536,   0.761,9999.000,9999.000,9999.000,9999.000,9999.000,9999.000,9999.000,9999.000
202602221542,   0.716,9999.000,9999.000,9999.000,9999.000,9999.000,9999.000,9999.000,9999.000
202602221548,   0.676,9999.000,9999.000,9999.000,9999.000,9999.000,9999.000,9999.000,9999.000
202602221554,   0.641,9999.000,9999.000,9999.000,9999.000,9999.000,9999.000,9999.000,9999.000
202602221600,   0.612,9999.000,   0.300,9999.000,   0.912,   0.200,   0.812,   0.300,   0.912
202602221606,   0.588,9999.000,9999.000,9999.000,9999.000,9999.000,9999.000,9999.000,9999.000
202602221612,   0.569,9999.000,9999.000,9999.000,9999.000,9999.000,9999.000,9999.000,9999.000
202602221618,   0.556,9999.000,9999.000,9999.000,9999.000,9999.000,9999.000,9999.000,9999.000
202602221624,   0.548,9999.000,9999.000,9999.000,9999.000,9999.000,9999.000,9999.000,9999.000
202602221630,   0.546,9999.000,9999.000,9999.000,9999.000,9999.000,9999.000,9999.000,9999.000
202602221636,   0.548,9999.000,9999.000,9999.000,9999.000,9999.000,9999.000,9999.000,9999.000
202602221642,   0.557,9999.000,9999.000,9999.000,9999.000,9999.000,9999.000,9999.000,9999.000
202602221648,   0.570,9999.000,9999.000,9999.000,9999.000,9999.000,9999.000,9999.000,9999.000
202602221654,   0.589,9999.000,9999.000,9999.000,9999.000,9999.000,9999.000,9999.000,9999.000
202602221700,   0.613,9999.000,   0.200,9999.000,   0.813,   0.200,   0.813,   0.300,   0.913
202602221706,   0.642,9999.000,9999.000,9999.000,9999.000,9999.000,9999.000,9999.000,9999.000
202602221712,   0.676,9999.000,9999.000,9999.000,9999.000,9999.000,9999.000,9999.000,9999.000
202602221718,   0.715,9999.000,9999.000,9999.000,9999.000,9999.000,9999.000,9999.000,9999.000
202602221724,   0.759,9999.000,9999.000,9999.000,9999.000,9999.000,9999.000,9999.000,9999.000
202602221730,   0.808,9999.000,9999.000,9999.000,9999.000,9999.000,9999.000,9999.000,9999.000
202602221736,   0.861,9999.000,9999.000,9999.000,9999.000,9999.000,9999.000,9999.000,9999.000
202602221742,   0.918,9999.000,9999.000,9999.000,9999.000,9999.000,9999.000,9999.000,9999.000
202602221748,   0.980,9999.000,9999.000,9999.000,9999.000,9999.000,9999.000,9999.000,9999.000
202602221754,   1.045,9999.000,9999.000,9999.000,9999.000,9999.000,9999.000,9999.000,9999.000
202602221800,   1.115,9999.000,   0.300,9999.000,   1.415,   0.200,   1.315,   0.300,   1.415
202602221806,   1.188,9999.000,9999.000,9999.000,9999.000,9999.000,9999.000,9999.000,9999.000
202602221812,   1.264,9999.000,9999.000,9999.000,9999.000,9999.000,9999.000,9999.000,9999.000
202602221818,   1.344,9999.000,9999.000,9999.000,9999.000,9999.000,9999.000,9999.000,9999.000
202602221824,   1.427,9999.000,9999.000,9999.000,9999.000,9999.000,9999.000,9999.000,9999.000
202602221830,   1.512,9999.000,9999.000,9999.000,9999.000,9999.000,9999.000,9999.000,9999.000
202602221836,   1.600,9999.000,9999.000,9999.000,9999.000,9999.000,9999.000,9999.000,9999.000
202602221842,   1.690,9999.000,9999.000,9999.000,9999.000,9999.000,9999.000,9999.000,9999.000
202602221848,   1.782,9999.000,9999.000,9999.000,9999.000,9999.000,9999.000,9999.000,9999.000
202602221854,   1.876,9999.000,9999.000,9999.000,9999.000,9999.000,9999.000,9999.000,9999.000
202602221900,   1.971,9999.000,   0.200,9999.000,   2.171,   0.200,   2.171,   0.300,   2.271
202602221906,   2.067,9999.000,9999.000,9999.000,9999.000,9999.000,9999.000,9999.000,9999.000
202602221912,   2.165,9999.000,9999.000,9999.000,9999.000,9999.000,9999.000,9999.000,9999.000
202602221918,   2.263,9999.000,9999.000,9999.000,9999.000,9999.000,9999.000,9999.000,9999.000
202602221924,   2.361,9999.000,9999.000,9999.000,9999.000,9999.000,9999.000,9999.000,9999.000
202602221930,   2.459,9999.000,9999.000,9999.000,9999.000,9999.000,9999.000,9999.000,9999.000
202602221936,   2.558,9999.000,9999.000,9999.000,9999.000,9999.000,9999.000,9999.000,9999.000
202602221942,   2.656,9999.000,9999.000,9999.000,9999.000,9999.000,9999.000,9999.000,9999.000
202602221948,   2.753,9999.000,9999.000,9999.000,9999.000,9999.000,9999.000,9999.000,9999.000
202602221954,   2.849,9999.000,9999.000,9999.000,9999.000,9999.000,9999.000,9999.000,9999.000
202602222000,   2.944,9999.000,   0.300,9999.000,   3.244,   0.200,   3.144,   0.300,   3.244
202602222006,   3.037,9999.000,9999.000,9999.000,9999.000,9999.000,9999.000,9999.000,9999.000
202602222012,   3.129,9999.000,9999.000,9999.000,9999.000,9999.000,9999.000,9999.000,9999.000
202602222018,   3.219,9999.000,9999.000,9999.000,9999.000,9999.000,9999.000,9999.000,9999.000
202602222024,   3.307,9999.000,9999.000,9999.000,9999.000,9999.000,9999.000,9999.000,9999.000
202602222030,   3.392,9999.000,9999.000,9999.000,9999.000,9999.000,9999.000,9999.000,9999.000
202602222036,   3.475,9999.000,9999.000,9999.000,9999.000,9999.000,9999.000,9999.000,9999.000
202602222042,   3.554,9999.000,9999.000,9999.000,9999.000,9999.000,9999.000,9999.000,9999.000
202602222048,   3.631,9999.000,9999.000,9999.000,9999.000,9999.000,9999.000,9999.000,9999.000
202602222054,   3.705,9999.000,9999.000,9999.000,9999.000,9999.000,9999.000,9999.000,9999.000
202602222100,   3.775,9999.000,   0.200,9999.000,   3.975,   0.100,   3.875,   0.200,   3.975
202602222106,   3.842,9999.000,9999.000,9999.000,9999.000,9999.000,9999.000,9999.000,9999.000
202602222112,   3.905,9999.000,9999.000,9999.000,9999.000,9999.000,9999.000,9999.000,9999.000
202602222118,   3.964,9999.000,9999.000,9999.000,9999.000,9999.000,9999.000,9999.000,9999.000
202602222124,   4.020,9999.000,9999.000,9999.000,9999.000,9999.000,9999.000,9999.000,9999.000
202602222130,   4.071,9999.000,9999.000,9999.000,9999.000,9999.000,9999.000,9999.000,9999.000
202602222136,   4.119,9999.000,9999.000,9999.000,9999.000,9999.000,9999.000,9999.000,9999.000
202602222142,   4.162,9999.000,9999.000,9999.000,9999.000,9999.000,9999.000,9999.000,9999.000
202602222148,   4.201,9999.000,9999.000,9999.000,9999.000,9999.000,9999.000,9999.000,9999.000
202602222154,   4.235,9999.000,9999.000,9999.000,9999.000,9999.000,9999.000,9999.000,9999.000
202602222200,   4.266,9999.000,   0.300,9999.000,   4.566,   0.200,   4.466,   0.300,   4.566
202602222206,   4.292,9999.000,9999.000,9999.000,9999.000,9999.000,9999.000,9999.000,9999.000
202602222212,   4.313,9999.000,9999.000,9999.000,9999.000,9999.000,9999.000,9999.000,9999.000
202602222218,   4.330,9999.000,9999.000,9999.000,9999.000,9999.000,9999.000,9999.000,9999.000
202602222224,   4.343,9999.000,9999.000,9999.000,9999.000,9999.000,9999.000,9999.000,9999.000
202602222230,   4.352,9999.000,9999.000,9999.000,9999.000,9999.000,9999.000,9999.000,9999.000
202602222236,   4.356,9999.000,9999.000,9999.000,9999.000,9999.000,9999.000,9999.000,9999.000
202602222242,   4.356,9999.000,9999.000,9999.000,9999.000,9999.000,9999.000,9999.000,9999.000
202602222248,   4.352,9999.000,9999.000,9999.000,9999.000,9999.000,9999.000,9999.000,9999.000
202602222254,   4.344,9999.000,9999.000,9999.000,9999.000,9999.000,9999.000,9999.000,9999.000
202602222300,   4.332,9999.000,   0.200,9999.000,   4.532,   0.200,   4.532,   0.200,   4.532
202602222306,   4.316,9999.000,9999.000,9999.000,9999.000,9999.000,9999.000,9999.000,9999.000
202602222312,   4.297,9999.000,9999.000,9999.000,9999.000,9999.000,9999.000,9999.000,9999.000
202602222318,   4.273,9999.000,9999.000,9999.000,9999.000,9999.000,9999.000,9999.000,9999.000
202602222324,   4.246,9999.000,9999.000,9999.000,9999.000,9999.000,9999.000,9999.000,9999.000
202602222330,   4.216,9999.000,9999.000,9999.000,9999.000,9999.000,9999.000,9999.000,9999.000
202602222336,   4.182,9999.000,9999.000,9999.000,9999.000,9999.000,9999.000,9999.000,9999.000
202602222342,   4.145,9999.000,9999.000,9999.000,9999.000,9999.000,9999.000,9999.000,9999.000
202602222348,   4.105,9999.000,9999.000,9999.000,9999.000,9999.000,9999.000,9999.000,9999.000
202602222354,   4.063,9999.000,9999.000,9999.000,9999.000,9999.000,9999.000,9999.000,9999.000
202602230000,   4.018,9999.000,   0.300,9999.000,   4.318,   0.300,   4.318,   0.300,   4.318
202602230006,   3.970,9999.000,9999.000,9999.000,9999.000,9999.000,9999.000,9999.000,9999.000
202602230012,   3.920,9999.000,9999.000,9999.000,9999.000,9999.000,9999.000,9999.000,9999.000
202602230018,   3.868,9999.000,9999.000,9999.000,9999.000,9999.000,9999.000,9999.000,9999.000
202602230024,   3.814,9999.000,9999.000,9999.000,9999.000,9999.000,9999.000,9999.000,9999.000
202602230030,   3.758,9999.000,9999.000,9999.000,9999.000,9999.000,9999.000,9999.000,9999.000
202602230036,   3.701,9999.000,9999.000,9999.000,9999.000,9999.000,9999.000,9999.000,9999.000
202602230042,   3.642,9999.000,9999.000,9999.000,9999.000,9999.000,9999.000,9999.000,9999.000
202602230048,   3.582,9999.000,9999.000,9999.000,9999.000,9999.000,9999.000,9999.000,9999.000
202602230054,   3.521,9999.000,9999.000,9999.000,9999.000,9999.000,9999.000,9999.000,9999.000
202602230100,   3.460,9999.000,   0.300,9999.000,   3.760,   0.300,   3.760,   0.300,   3.760
202602230106,   3.398,9999.000,9999.000,9999.000,9999.000,9999.000,9999.000,9999.000,9999.000
202602230112,   3.335,9999.000,9999.000,9999.000,9999.000,9999.000,9999.000,9999.000,9999.000
202602230118,   3.272,9999.000,9999.000,9999.000,9999.000,9999.000,9999.000,9999.000,9999.000
202602230124,   3.210,9999.000,9999.000,9999.000,9999.000,9999.000,9999.000,9999.000,9999.000
202602230130,   3.147,9999.000,9999.000,9999.000,9999.000,9999.000,9999.000,9999.000,9999.000
202602230136,   3.085,9999.000,9999.000,9999.000,9999.000,9999.000,9999.000,9999.000,9999.000
202602230142,   3.024,9999.000,9999.000,9999.000,9999.000,9999.000,9999.000,9999.000,9999.000
202602230148,   2.963,9999.000,9999.000,9999.000,9999.000,9999.000,9999.000,9999.000,9999.000
202602230154,   2.903,9999.000,9999.000,9999.000,9999.000,9999.000,9999.000,9999.000,9999.000
202602230200,   2.845,9999.000,   0.300,9999.000,   3.145,   0.300,   3.145,   0.300,   3.145
202602230206,   2.788,9999.000,9999.000,9999.000,9999.000,9999.000,9999.000,9999.000,9999.000
202602230212,   2.732,9999.000,9999.000,9999.000,9999.000,9999.000,9999.000,9999.000,9999.000
202602230218,   2.678,9999.000,9999.000,9999.000,9999.000,9999.000,9999.000,9999.000,9999.000
202602230224,   2.626,9999.000,9999.000,9999.000,9999.000,9999.000,9999.000,9999.000,9999.000
202602230230,   2.576,9999.000,9999.000,9999.000,9999.000,9999.000,9999.000,9999.000,9999.000
202602230236,   2.529,9999.000,9999.000,9999.000,9999.000,9999.000,9999.000,9999.000,9999.000
202602230242,   2.483,9999.000,9999.000,9999.000,9999.000,9999.000,9999.000,9999.000,9999.000
202602230248,   2.441,9999.000,9999.000,9999.000,9999.000,9999.000,9999.000,9999.000,9999.000
202602230254,   2.401,9999.000,9999.000,9999.000,9999.000,9999.000,9999.000,9999.000,9999.000
202602230300,   2.364,9999.000,   0.300,9999.000,   2.664,   0.200,   2.564,   0.300,   2.664
202602230306,   2.330,9999.000,9999.000,9999.000,9999.000,9999.000,9999.000,9999.000,9999.000
202602230312,   2.299,9999.000,9999.000,9999.000,9999.000,9999.000,9999.000,9999.000,9999.000
202602230318,   2.271,9999.000,9999.000,9999.000,9999.000,9999.000,9999.000,9999.000,9999.000
202602230324,   2.247,9999.000,9999.000,9999.000,9999.000,9999.000,9999.000,9999.000,9999.000
202602230330,   2.226,9999.000,9999.000,9999.000,9999.000,9999.000,9999.000,9999.000,9999.000
202602230336,   2.209,9999.000,9999.000,9999.000,9999.000,9999.000,9999.000,9999.000,9999.000
202602230342,   2.196,9999.000,9999.000,9999.000,9999.000,9999.000,9999.000,9999.000,9999.000
202602230348,   2.186,9999.000,9999.000,9999.000,9999.000,9999.000,9999.000,9999.000,9999.000
202602230354,   2.180,9999.000,9999.000,9999.000,9999.000,9999.000,9999.000,9999.000,9999.000
202602230400,   2.178,9999.000,   0.300,9999.000,   2.478,   0.300,   2.478,   0.300,   2.478
202602230406,   2.181,9999.000,9999.000,9999.000,9999.000,9999.000,9999.000,9999.000,9999.000
202602230412,   2.187,9999.000,9999.000,9999.000,9999.000,9999.000,9999.000,9999.000,9999.000
202602230418,   2.198,9999.000,9999.000,9999.000,9999.000,9999.000,9999.000,9999.000,9999.000
202602230424,   2.212,9999.000,9999.000,9999.000,9999.000,9999.000,9999.000,9999.000,9999.000
202602230430,   2.231,9999.000,9999.000,9999.000,9999.000,9999.000,9999.000,9999.000,9999.000
202602230436,   2.254,9999.000,9999.000,9999.000,9999.000,9999.000,9999.000,9999.000,9999.000
202602230442,   2.281,9999.000,9999.000,9999.000,9999.000,9999.000,9999.000,9999.000,9999.000
202602230448,   2.313,9999.000,9999.000,9999.000,9999.000,9999.000,9999.000,9999.000,9999.000
202602230454,   2.348,9999.000,9999.000,9999.000,9999.000,9999.000,9999.000,9999.000,9999.000
202602230500,   2.388,9999.000,   0.300,9999.000,   2.688,   0.300,   2.688,   0.300,   2.688
202602230506,   2.432,9999.000,9999.000,9999.000,9999.000,9999.000,9999.000,9999.000,9999.000
202602230512,   2.480,9999.000,9999.000,9999.000,9999.000,9999.000,9999.000,9999.000,9999.000
202602230518,   2.532,9999.000,9999.000,9999.000,9999.000,9999.000,9999.000,9999.000,9999.000
202602230524,   2.588,9999.000,9999.000,9999.000,9999.000,9999.000,9999.000,9999.000,9999.000
202602230530,   2.647,9999.000,9999.000,9999.000,9999.000,9999.000,9999.000,9999.000,9999.000
202602230536,   2.711,9999.000,9999.000,9999.000,9999.000,9999.000,9999.000,9999.000,9999.000
202602230542,   2.778,9999.000,9999.000,9999.000,9999.000,9999.000,9999.000,9999.000,9999.000
202602230548,   2.848,9999.000,9999.000,9999.000,9999.000,9999.000,9999.000,9999.000,9999.000
202602230554,   2.922,9999.000,9999.000,9999.000,9999.000,9999.000,9999.000,9999.000,9999.000
202602230600,   2.998,9999.000,   0.200,9999.000,   3.198,   0.200,   3.198,   0.200,   3.198
202602230606,   3.078,9999.000,9999.000,9999.000,9999.000,9999.000,9999.000,9999.000,9999.000
202602230612,   3.161,9999.000,9999.000,9999.000,9999.000,9999.000,9999.000,9999.000,9999.000
202602230618,   3.246,9999.000,9999.000,9999.000,9999.000,9999.000,9999.000,9999.000,9999.000
202602230624,   3.334,9999.000,9999.000,9999.000,9999.000,9999.000,9999.000,9999.000,9999.000
202602230630,   3.424,9999.000,9999.000,9999.000,9999.000,9999.000,9999.000,9999.000,9999.000
202602230636,   3.516,9999.000,9999.000,9999.000,9999.000,9999.000,9999.000,9999.000,9999.000
202602230642,   3.610,9999.000,9999.000,9999.000,9999.000,9999.000,9999.000,9999.000,9999.000
202602230648,   3.706,9999.000,9999.000,9999.000,9999.000,9999.000,9999.000,9999.000,9999.000
202602230654,   3.803,9999.000,9999.000,9999.000,9999.000,9999.000,9999.000,9999.000,9999.000
202602230700,   3.901,9999.000,   0.200,9999.000,   4.101,   0.200,   4.101,   0.300,   4.201
202602230706,   4.000,9999.000,9999.000,9999.000,9999.000,9999.000,9999.000,9999.000,9999.000
202602230712,   4.100,9999.000,9999.000,9999.000,9999.000,9999.000,9999.000,9999.000,9999.000
202602230718,   4.200,9999.000,9999.000,9999.000,9999.000,9999.000,9999.000,9999.000,9999.000
202602230724,   4.300,9999.000,9999.000,9999.000,9999.000,9999.000,9999.000,9999.000,9999.000
202602230730,   4.400,9999.000,9999.000,9999.000,9999.000,9999.000,9999.000,9999.000,9999.000
202602230736,   4.500,9999.000,9999.000,9999.000,9999.000,9999.000,9999.000,9999.000,9999.000
202602230742,   4.599,9999.000,9999.000,9999.000,9999.000,9999.000,9999.000,9999.000,9999.000
202602230748,   4.697,9999.000,9999.000,9999.000,9999.000,9999.000,9999.000,9999.000,9999.000
202602230754,   4.794,9999.000,9999.000,9999.000,9999.000,9999.000,9999.000,9999.000,9999.000
202602230800,   4.889,9999.000,   0.200,9999.000,   5.089,   0.200,   5.089,   0.200,   5.089
202602230806,   4.983,9999.000,9999.000,9999.000,9999.000,9999.000,9999.000,9999.000,9999.000
202602230812,   5.075,9999.000,9999.000,9999.000,9999.000,9999.000,9999.000,9999.000,9999.000
202602230818,   5.165,9999.000,9999.000,9999.000,9999.000,9999.000,9999.000,9999.000,9999.000
202602230824,   5.252,9999.000,9999.000,9999.000,9999.000,9999.000,9999.000,9999.000,9999.000
202602230830,   5.336,9999.000,9999.000,9999.000,9999.000,9999.000,9999.000,9999.000,9999.000
202602230836,   5.418,9999.000,9999.000,9999.000,9999.000,9999.000,9999.000,9999.000,9999.000
202602230842,   5.496,9999.000,9999.000,9999.000,9999.000,9999.000,9999.000,9999.000,9999.000
202602230848,   5.571,9999.000,9999.000,9999.000,9999.000,9999.000,9999.000,9999.000,9999.000
202602230854,   5.642,9999.000,9999.000,9999.000,9999.000,9999.000,9999.000,9999.000,9999.000
202602230900,   5.710,9999.000,   0.200,9999.000,   5.910,   0.200,   5.910,   0.300,   6.010
202602230906,   5.774,9999.000,9999.000,9999.000,9999.000,9999.000,9999.000,9999.000,9999.000
202602230912,   5.833,9999.000,9999.000,9999.000,9999.000,9999.000,9999.000,9999.000,9999.000
202602230918,   5.888,9999.000,9999.000,9999.000,9999.000,9999.000,9999.000,9999.000,9999.000
202602230924,   5.939,9999.000,9999.000,9999.000,9999.000,9999.000,9999.000,9999.000,9999.000
202602230930,   5.985,9999.000,9999.000,9999.000,9999.000,9999.000,9999.000,9999.000,9999.000
202602230936,   6.026,9999.000,9999.000,9999.000,9999.000,9999.000,9999.000,9999.000,9999.000
202602230942,   6.062,9999.000,9999.000,9999.000,9999.000,9999.000,9999.000,9999.000,9999.000
202602230948,   6.093,9999.000,9999.000,9999.000,9999.000,9999.000,9999.000,9999.000,9999.000
202602230954,   6.119,9999.000,9999.000,9999.000,9999.000,9999.000,9999.000,9999.000,9999.000
202602231000,   6.140,9999.000,   0.200,9999.000,   6.340,   0.200,   6.340,   0.300,   6.440
202602231006,   6.156,9999.000,9999.000,9999.000,9999.000,9999.000,9999.000,9999.000,9999.000
202602231012,   6.166,9999.000,9999.000,9999.000,9999.000,9999.000,9999.000,9999.000,9999.000
202602231018,   6.171,9999.000,9999.000,9999.000,9999.000,9999.000,9999.000,9999.000,9999.000
202602231024,   6.171,9999.000,9999.000,9999.000,9999.000,9999.000,9999.000,9999.000,9999.000
202602231030,   6.165,9999.000,9999.000,9999.000,9999.000,9999.000,9999.000,9999.000,9999.000
202602231036,   6.154,9999.000,9999.000,9999.000,9999.000,9999.000,9999.000,9999.000,9999.000
202602231042,   6.137,9999.000,9999.000,9999.000,9999.000,9999.000,9999.000,9999.000,9999.000
202602231048,   6.115,9999.000,9999.000,9999.000,9999.000,9999.000,9999.000,9999.000,9999.000
202602231054,   6.088,9999.000,9999.000,9999.000,9999.000,9999.000,9999.000,9999.000,9999.000
202602231100,   6.055,9999.000,   0.200,9999.000,   6.255,   0.200,   6.255,   0.200,   6.255
202602231106,   6.017,9999.000,9999.000,9999.000,9999.000,9999.000,9999.000,9999.000,9999.000
202602231112,   5.974,9999.000,9999.000,9999.000,9999.000,9999.000,9999.000,9999.000,9999.000
202602231118,   5.926,9999.000,9999.000,9999.000,9999.000,9999.000,9999.000,9999.000,9999.000
202602231124,   5.872,9999.000,9999.000,9999.000,9999.000,9999.000,9999.000,9999.000,9999.000
202602231130,   5.814,9999.000,9999.000,9999.000,9999.000,9999.000,9999.000,9999.000,9999.000
202602231136,   5.751,9999.000,9999.000,9999.000,9999.000,9999.000,9999.000,9999.000,9999.000
202602231142,   5.684,9999.000,9999.000,9999.000,9999.000,9999.000,9999.000,9999.000,9999.000
202602231148,   5.612,9999.000,9999.000,9999.000,9999.000,9999.000,9999.000,9999.000,9999.000
202602231154,   5.535,9999.000,9999.000,9999.000,9999.000,9999.000,9999.000,9999.000,9999.000
202602231200,   5.455,9999.000,   0.200,9999.000,   5.655,   0.200,   5.655,   0.300,   5.755
202602231206,   5.370,9999.000,9999.000,9999.000,9999.000,9999.000,9999.000,9999.000,9999.000
202602231212,   5.281,9999.000,9999.000,9999.000,9999.000,9999.000,9999.000,9999.000,9999.000
202602231218,   5.189,9999.000,9999.000,9999.000,9999.000,9999.000,9999.000,9999.000,9999.000
202602231224,   5.093,9999.000,9999.000,9999.000,9999.000,9999.000,9999.000,9999.000,9999.000
202602231230,   4.994,9999.000,9999.000,9999.000,9999.000,9999.000,9999.000,9999.000,9999.000
202602231236,   4.891,9999.000,9999.000,9999.000,9999.000,9999.000,9999.000,9999.000,9999.000
202602231242,   4.786,9999.000,9999.000,9999.000,9999.000,9999.000,9999.000,9999.000,9999.000
202602231248,   4.678,9999.000,9999.000,9999.000,9999.000,9999.000,9999.000,9999.000,9999.000
202602231254,   4.567,9999.000,9999.000,9999.000,9999.000,9999.000,9999.000,9999.000,9999.000
202602231300,   4.454,9999.000,   0.200,9999.000,   4.654,   0.200,   4.654,   0.200,   4.654
202602231306,   4.338,9999.000,9999.000,9999.000,9999.000,9999.000,9999.000,9999.000,9999.000
202602231312,   4.221,9999.000,9999.000,9999.000,9999.000,9999.000,9999.000,9999.000,9999.000
202602231318,   4.102,9999.000,9999.000,9999.000,9999.000,9999.000,9999.000,9999.000,9999.000
202602231324,   3.982,9999.000,9999.000,9999.000,9999.000,9999.000,9999.000,9999.000,9999.000
202602231330,   3.860,9999.000,9999.000,9999.000,9999.000,9999.000,9999.000,9999.000,9999.000
202602231336,   3.737,9999.000,9999.000,9999.000,9999.000,9999.000,9999.000,9999.000,9999.000
202602231342,   3.614,9999.000,9999.000,9999.000,9999.000,9999.000,9999.000,9999.000,9999.000
202602231348,   3.489,9999.000,9999.000,9999.000,9999.000,9999.000,9999.000,9999.000,9999.000
202602231354,   3.365,9999.000,9999.000,9999.000,9999.000,9999.000,9999.000,9999.000,9999.000
202602231400,   3.240,9999.000,   0.200,9999.000,   3.440,   0.200,   3.440,   0.200,   3.440
202602231406,   3.115,9999.000,9999.000,9999.000,9999.000,9999.000,9999.000,9999.000,9999.000
202602231412,   2.991,9999.000,9999.000,9999.000,9999.000,9999.000,9999.000,9999.000,9999.000
202602231418,   2.867,9999.000,9999.000,9999.000,9999.000,9999.000,9999.000,9999.000,9999.000
202602231424,   2.744,9999.000,9999.000,9999.000,9999.000,9999.000,9999.000,9999.000,9999.000
202602231430,   2.622,9999.000,9999.000,9999.000,9999.000,9999.000,9999.000,9999.000,9999.000
202602231436,   2.501,9999.000,9999.000,9999.000,9999.000,9999.000,9999.000,9999.000,9999.000
202602231442,   2.381,9999.000,9999.000,9999.000,9999.000,9999.000,9999.000,9999.000,9999.000
202602231448,   2.263,9999.000,9999.000,9999.000,9999.000,9999.000,9999.000,9999.000,9999.000
202602231454,   2.147,9999.000,9999.000,9999.000,9999.000,9999.000,9999.000,9999.000,9999.000
202602231500,   2.033,9999.000,   0.200,9999.000,   2.233,   0.200,   2.233,   0.200,   2.233
202602231506,   1.921,9999.000,9999.000,9999.000,9999.000,9999.000,9999.000,9999.000,9999.000
202602231512,   1.812,9999.000,9999.000,9999.000,9999.000,9999.000,9999.000,9999.000,9999.000
202602231518,   1.705,9999.000,9999.000,9999.000,9999.000,9999.000,9999.000,9999.000,9999.000
202602231524,   1.601,9999.000,9999.000,9999.000,9999.000,9999.000,9999.000,9999.000,9999.000
202602231530,   1.500,9999.000,9999.000,9999.000,9999.000,9999.000,9999.000,9999.000,9999.000
202602231536,   1.403,9999.000,9999.000,9999.000,9999.000,9999.000,9999.000,9999.000,9999.000
202602231542,   1.308,9999.000,9999.000,9999.000,9999.000,9999.000,9999.000,9999.000,9999.000
202602231548,   1.218,9999.000,9999.000,9999.000,9999.000,9999.000,9999.000,9999.000,9999.000
202602231554,   1.131,9999.000,9999.000,9999.000,9999.000,9999.000,9999.000,9999.000,9999.000
202602231600,   1.047,9999.000,   0.300,9999.000,   1.347,   0.300,   1.347,   0.300,   1.347
202602231606,   0.968,9999.000,9999.000,9999.000,9999.000,9999.000,9999.000,9999.000,9999.000
202602231612,   0.893,9999.000,9999.000,9999.000,9999.000,9999.000,9999.000,9999.000,9999.000
202602231618,   0.822,9999.000,9999.000,9999.000,9999.000,9999.000,9999.000,9999.000,9999.000
202602231624,   0.756,9999.000,9999.000,9999.000,9999.000,9999.000,9999.000,9999.000,9999.000
202602231630,   0.694,9999.000,9999.000,9999.000,9999.000,9999.000,9999.000,9999.000,9999.000
202602231636,   0.637,9999.000,9999.000,9999.000,9999.000,9999.000,9999.000,9999.000,9999.000
202602231642,   0.585,9999.000,9999.000,9999.000,9999.000,9999.000,9999.000,9999.000,9999.000
202602231648,   0.537,9999.000,9999.000,9999.000,9999.000,9999.000,9999.000,9999.000,9999.000
202602231654,   0.495,9999.000,9999.000,9999.000,9999.000,9999.000,9999.000,9999.000,9999.000
202602231700,   0.457,9999.000,   0.200,9999.000,   0.657,   0.200,   0.657,   0.300,   0.757
202602231706,   0.425,9999.000,9999.000,9999.000,9999.000,9999.000,9999.000,9999.000,9999.000
202602231712,   0.397,9999.000,9999.000,9999.000,9999.000,9999.000,9999.000,9999.000,9999.000
202602231718,   0.375,9999.000,9999.000,9999.000,9999.000,9999.000,9999.000,9999.000,9999.000
202602231724,   0.357,9999.000,9999.000,9999.000,9999.000,9999.000,9999.000,9999.000,9999.000
202602231730,   0.345,9999.000,9999.000,9999.000,9999.000,9999.000,9999.000,9999.000,9999.000
202602231736,   0.338,9999.000,9999.000,9999.000,9999.000,9999.000,9999.000,9999.000,9999.000
202602231742,   0.336,9999.000,9999.000,9999.000,9999.000,9999.000,9999.000,9999.000,9999.000
202602231748,   0.340,9999.000,9999.000,9999.000,9999.000,9999.000,9999.000,9999.000,9999.000
202602231754,   0.348,9999.000,9999.000,9999.000,9999.000,9999.000,9999.000,9999.000,9999.000
202602231800,   0.361,9999.000,   0.300,9999.000,   0.661,   0.200,   0.561,   0.300,   0.661
202602231806,   0.379,9999.000,9999.000,9999.000,9999.000,9999.000,9999.000,9999.000,9999.000
202602231812,   0.403,9999.000,9999.000,9999.000,9999.000,9999.000,9999.000,9999.000,9999.000
202602231818,   0.430,9999.000,9999.000,9999.000,9999.000,9999.000,9999.000,9999.000,9999.000
202602231824,   0.463,9999.000,9999.000,9999.000,9999.000,9999.000,9999.000,9999.000,9999.000
202602231830,   0.500,9999.000,9999.000,9999.000,9999.000,9999.000,9999.000,9999.000,9999.000
202602231836,   0.542,9999.000,9999.000,9999.000,9999.000,9999.000,9999.000,9999.000,9999.000
202602231842,   0.588,9999.000,9999.000,9999.000,9999.000,9999.000,9999.000,9999.000,9999.000
202602231848,   0.638,9999.000,9999.000,9999.000,9999.000,9999.000,9999.000,9999.000,9999.000
202602231854,   0.692,9999.000,9999.000,9999.000,9999.000,9999.000,9999.000,9999.000,9999.000
202602231900,   0.750,9999.000,   0.300,9999.000,   1.050,   0.200,   0.950,   0.300,   1.050
202602231906,   0.812,9999.000,9999.000,9999.000,9999.000,9999.000,9999.000,9999.000,9999.000
202602231912,   0.877,9999.000,9999.000,9999.000,9999.000,9999.000,9999.000,9999.000,9999.000
202602231918,   0.945,9999.000,9999.000,9999.000,9999.000,9999.000,9999.000,9999.000,9999.000
202602231924,   1.017,9999.000,9999.000,9999.000,9999.000,9999.000,9999.000,9999.000,9999.000
202602231930,   1.091,9999.000,9999.000,9999.000,9999.000,9999.000,9999.000,9999.000,9999.000
202602231936,   1.168,9999.000,9999.000,9999.000,9999.000,9999.000,9999.000,9999.000,9999.000
202602231942,   1.248,9999.000,9999.000,9999.000,9999.000,9999.000,9999.000,9999.000,9999.000
202602231948,   1.330,9999.000,9999.000,9999.000,9999.000,9999.000,9999.000,9999.000,9999.000
202602231954,   1.414,9999.000,9999.000,9999.000,9999.000,9999.000,9999.000,9999.000,9999.000
202602232000,   1.499,9999.000,   0.300,9999.000,   1.799,   0.200,   1.699,   0.300,   1.799
202602232006,   1.586,9999.000,9999.000,9999.000,9999.000,9999.000,9999.000,9999.000,9999.000
202602232012,   1.675,9999.000,9999.000,9999.000,9999.000,9999.000,9999.000,9999.000,9999.000
202602232018,   1.764,9999.000,9999.000,9999.000,9999.000,9999.000,9999.000,9999.000,9999.000
202602232024,   1.855,9999.000,9999.000,9999.000,9999.000,9999.000,9999.000,9999.000,9999.000
202602232030,   1.946,9999.000,9999.000,9999.000,9999.000,9999.000,9999.000,9999.000,9999.000
202602232036,   2.037,9999.000,9999.000,9999.000,9999.000,9999.000,9999.000,9999.000,9999.000
202602232042,   2.128,9999.000,9999.000,9999.000,9999.000,9999.000,9999.000,9999.000,9999.000
202602232048,   2.219,9999.000,9999.000,9999.000,9999.000,9999.000,9999.000,9999.000,9999.000
202602232054,   2.310,9999.000,9999.000,9999.000,9999.000,9999.000,9999.000,9999.000,9999.000
202602232100,   2.400,9999.000,   0.300,9999.000,   2.700,   0.200,   2.600,   0.300,   2.700
202602232106,   2.490,9999.000,9999.000,9999.000,9999.000,9999.000,9999.000,9999.000,9999.000
202602232112,   2.578,9999.000,9999.000,9999.000,9999.000,9999.000,9999.000,9999.000,9999.000
202602232118,   2.665,9999.000,9999.000,9999.000,9999.000,9999.000,9999.000,9999.000,9999.000
202602232124,   2.751,9999.000,9999.000,9999.000,9999.000,9999.000,9999.000,9999.000,9999.000
202602232130,   2.835,9999.000,9999.000,9999.000,9999.000,9999.000,9999.000,9999.000,9999.000
202602232136,   2.917,9999.000,9999.000,9999.000,9999.000,9999.000,9999.000,9999.000,9999.000
202602232142,   2.997,9999.000,9999.000,9999.000,9999.000,9999.000,9999.000,9999.000,9999.000
202602232148,   3.075,9999.000,9999.000,9999.000,9999.000,9999.000,9999.000,9999.000,9999.000
202602232154,   3.150,9999.000,9999.000,9999.000,9999.000,9999.000,9999.000,9999.000,9999.000
202602232200,   3.223,9999.000,   0.400,9999.000,   3.623,   0.300,   3.523,   0.400,   3.623
202602232206,   3.294,9999.000,9999.000,9999.000,9999.000,9999.000,9999.000,9999.000,9999.000
202602232212,   3.361,9999.000,9999.000,9999.000,9999.000,9999.000,9999.000,9999.000,9999.000
202602232218,   3.426,9999.000,9999.000,9999.000,9999.000,9999.000,9999.000,9999.000,9999.000
202602232224,   3.487,9999.000,9999.000,9999.000,9999.000,9999.000,9999.000,9999.000,9999.000
202602232230,   3.546,9999.000,9999.000,9999.000,9999.000,9999.000,9999.000,9999.000,9999.000
202602232236,   3.601,9999.000,9999.000,9999.000,9999.000,9999.000,9999.000,9999.000,9999.000
202602232242,   3.653,9999.000,9999.000,9999.000,9999.000,9999.000,9999.000,9999.000,9999.000
202602232248,   3.701,9999.000,9999.000,9999.000,9999.000,9999.000,9999.000,9999.000,9999.000
202602232254,   3.746,9999.000,9999.000,9999.000,9999.000,9999.000,9999.000,9999.000,9999.000
202602232300,   3.788,9999.000,   0.300,9999.000,   4.088,   0.200,   3.988,   0.300,   4.088
202602232306,   3.826,9999.000,9999.000,9999.000,9999.000,9999.000,9999.000,9999.000,9999.000
202602232312,   3.860,9999.000,9999.000,9999.000,9999.000,9999.000,9999.000,9999.000,9999.000
202602232318,   3.891,9999.000,9999.000,9999.000,9999.000,9999.000,9999.000,9999.000,9999.000
202602232324,   3.918,9999.000,9999.000,9999.000,9999.000,9999.000,9999.000,9999.000,9999.000
202602232330,   3.942,9999.000,9999.000,9999.000,9999.000,9999.000,9999.000,9999.000,9999.000
202602232336,   3.962,9999.000,9999.000,9999.000,9999.000,9999.000,9999.000,9999.000,9999.000
202602232342,   3.979,9999.000,9999.000,9999.000,9999.000,9999.000,9999.000,9999.000,9999.000
202602232348,   3.992,9999.000,9999.000,9999.000,9999.000,9999.000,9999.000,9999.000,9999.000
202602232354,   4.001,9999.000,9999.000,9999.000,9999.000,9999.000,9999.000,9999.000,9999.000
202602240000,   4.008,9999.000,   0.400,9999.000,   4.408,   0.400,   4.408,   0.400,   4.408
202602240006,   4.011,9999.000,9999.000,9999.000,9999.000,9999.000,9999.000,9999.000,9999.000
202602240012,   4.010,9999.000,9999.000,9999.000,9999.000,9999.000,9999.000,9999.000,9999.000
202602240018,   4.007,9999.000,9999.000,9999.000,9999.000,9999.000,9999.000,9999.000,9999.000
202602240024,   4.000,9999.000,9999.000,9999.000,9999.000,9999.000,9999.000,9999.000,9999.000
202602240030,   3.990,9999.000,9999.000,9999.000,9999.000,9999.000,9999.000,9999.000,9999.000
202602240036,   3.978,9999.000,9999.000,9999.000,9999.000,9999.000,9999.000,9999.000,9999.000
202602240042,   3.962,9999.000,9999.000,9999.000,9999.000,9999.000,9999.000,9999.000,9999.000
202602240048,   3.944,9999.000,9999.000,9999.000,9999.000,9999.000,9999.000,9999.000,9999.000
202602240054,   3.924,9999.000,9999.000,9999.000,9999.000,9999.000,9999.000,9999.000,9999.000
202602240100,   3.901,9999.000,   0.400,9999.000,   4.301,   0.400,   4.301,   0.400,   4.301
202602240106,   3.875,9999.000,9999.000,9999.000,9999.000,9999.000,9999.000,9999.000,9999.000
202602240112,   3.848,9999.000,9999.000,9999.000,9999.000,9999.000,9999.000,9999.000,9999.000
202602240118,   3.818,9999.000,9999.000,9999.000,9999.000,9999.000,9999.000,9999.000,9999.000
202602240124,   3.786,9999.000,9999.000,9999.000,9999.000,9999.000,9999.000,9999.000,9999.000
202602240130,   3.753,9999.000,9999.000,9999.000,9999.000,9999.000,9999.000,9999.000,9999.000
202602240136,   3.718,9999.000,9999.000,9999.000,9999.000,9999.000,9999.000,9999.000,9999.000
202602240142,   3.682,9999.000,9999.000,9999.000,9999.000,9999.000,9999.000,9999.000,9999.000
202602240148,   3.644,9999.000,9999.000,9999.000,9999.000,9999.000,9999.000,9999.000,9999.000
202602240154,   3.605,9999.000,9999.000,9999.000,9999.000,9999.000,9999.000,9999.000,9999.000
202602240200,   3.565,9999.000,   0.400,9999.000,   3.965,   0.400,   3.965,   0.400,   3.965
202602240206,   3.525,9999.000,9999.000,9999.000,9999.000,9999.000,9999.000,9999.000,9999.000
202602240212,   3.483,9999.000,9999.000,9999.000,9999.000,9999.000,9999.000,9999.000,9999.000
202602240218,   3.441,9999.000,9999.000,9999.000,9999.000,9999.000,9999.000,9999.000,9999.000
202602240224,   3.399,9999.000,9999.000,9999.000,9999.000,9999.000,9999.000,9999.000,9999.000
202602240230,   3.357,9999.000,9999.000,9999.000,9999.000,9999.000,9999.000,9999.000,9999.000
202602240236,   3.314,9999.000,9999.000,9999.000,9999.000,9999.000,9999.000,9999.000,9999.000
202602240242,   3.272,9999.000,9999.000,9999.000,9999.000,9999.000,9999.000,9999.000,9999.000
202602240248,   3.230,9999.000,9999.000,9999.000,9999.000,9999.000,9999.000,9999.000,9999.000
202602240254,   3.189,9999.000,9999.000,9999.000,9999.000,9999.000,9999.000,9999.000,9999.000
202602240300,   3.148,9999.000,   0.400,9999.000,   3.548,   0.400,   3.548,   0.400,   3.548
202602240306,   3.108,9999.000,9999.000,9999.000,9999.000,9999.000,9999.000,9999.000,9999.000
202602240312,   3.069,9999.000,9999.000,9999.000,9999.000,9999.000,9999.000,9999.000,9999.000
202602240318,   3.031,9999.000,9999.000,9999.000,9999.000,9999.000,9999.000,9999.000,9999.000
202602240324,   2.994,9999.000,9999.000,9999.000,9999.000,9999.000,9999.000,9999.000,9999.000
202602240330,   2.959,9999.000,9999.000,9999.000,9999.000,9999.000,9999.000,9999.000,9999.000
202602240336,   2.925,9999.000,9999.000,9999.000,9999.000,9999.000,9999.000,9999.000,9999.000
202602240342,   2.893,9999.000,9999.000,9999.000,9999.000,9999.000,9999.000,9999.000,9999.000
202602240348,   2.863,9999.000,9999.000,9999.000,9999.000,9999.000,9999.000,9999.000,9999.000
202602240354,   2.835,9999.000,9999.000,9999.000,9999.000,9999.000,9999.000,9999.000,9999.000
202602240400,   2.809,9999.000,   0.400,9999.000,   3.209,   0.400,   3.209,   0.400,   3.209
202602240406,   2.785,9999.000,9999.000,9999.000,9999.000,9999.000,9999.000,9999.000,9999.000
202602240412,   2.764,9999.000,9999.000,9999.000,9999.000,9999.000,9999.000,9999.000,9999.000
202602240418,   2.745,9999.000,9999.000,9999.000,9999.000,9999.000,9999.000,9999.000,9999.000
202602240424,   2.729,9999.000,9999.000,9999.000,9999.000,9999.000,9999.000,9999.000,9999.000
202602240430,   2.716,9999.000,9999.000,9999.000,9999.000,9999.000,9999.000,9999.000,9999.000
202602240436,   2.706,9999.000,9999.000,9999.000,9999.000,9999.000,9999.000,9999.000,9999.000
202602240442,   2.698,9999.000,9999.000,9999.000,9999.000,9999.000,9999.000,9999.000,9999.000
202602240448,   2.694,9999.000,9999.000,9999.000,9999.000,9999.000,9999.000,9999.000,9999.000
202602240454,   2.693,9999.000,9999.000,9999.000,9999.000,9999.000,9999.000,9999.000,9999.000
202602240500,   2.695,9999.000,   0.400,9999.000,   3.095,   0.400,   3.095,   0.500,   3.195
202602240506,   2.700,9999.000,9999.000,9999.000,9999.000,9999.000,9999.000,9999.000,9999.000
202602240512,   2.709,9999.000,9999.000,9999.000,9999.000,9999.000,9999.000,9999.000,9999.000
202602240518,   2.721,9999.000,9999.000,9999.000,9999.000,9999.000,9999.000,9999.000,9999.000
202602240524,   2.736,9999.000,9999.000,9999.000,9999.000,9999.000,9999.000,9999.000,9999.000
202602240530,   2.755,9999.000,9999.000,9999.000,9999.000,9999.000,9999.000,9999.000,9999.000
202602240536,   2.778,9999.000,9999.000,9999.000,9999.000,9999.000,9999.000,9999.000,9999.000
202602240542,   2.804,9999.000,9999.000,9999.000,9999.000,9999.000,9999.000,9999.000,9999.000
202602240548,   2.834,9999.000,9999.000,9999.000,9999.000,9999.000,9999.000,9999.000,9999.000
202602240554,   2.867,9999.000,9999.000,9999.000,9999.000,9999.000,9999.000,9999.000,9999.000
202602240600,   2.903,9999.000,   0.400,9999.000,   3.303,   0.400,   3.303,   0.400,   3.303
202602240606,   2.944,9999.000,9999.000,9999.000,9999.000,9999.000,9999.000,9999.000,9999.000
202602240612,   2.987,9999.000,9999.000,9999.000,9999.000,9999.000,9999.000,9999.000,9999.000
202602240618,   3.034,9999.000,9999.000,9999.000,9999.000,9999.000,9999.000,9999.000,9999.000
202602240624,   3.084,9999.000,9999.000,9999.000,9999.000,9999.000,9999.000,9999.000,9999.000
202602240630,   3.138,9999.000,9999.000,9999.000,9999.000,9999.000,9999.000,9999.000,9999.000
202602240636,   3.194,9999.000,9999.000,9999.000,9999.000,9999.000,9999.000,9999.000,9999.000
202602240642,   3.254,9999.000,9999.000,9999.000,9999.000,9999.000,9999.000,9999.000,9999.000
202602240648,   3.316,9999.000,9999.000,9999.000,9999.000,9999.000,9999.000,9999.000,9999.000
202602240654,   3.382,9999.000,9999.000,9999.000,9999.000,9999.000,9999.000,9999.000,9999.000
202602240700,   3.450,9999.000,   0.400,9999.000,   3.850,   0.400,   3.850,   0.400,   3.850
202602240706,   3.521,9999.000,9999.000,9999.000,9999.000,9999.000,9999.000,9999.000,9999.000
202602240712,   3.594,9999.000,9999.000,9999.000,9999.000,9999.000,9999.000,9999.000,9999.000
202602240718,   3.670,9999.000,9999.000,9999.000,9999.000,9999.000,9999.000,9999.000,9999.000
202602240724,   3.747,9999.000,9999.000,9999.000,9999.000,9999.000,9999.000,9999.000,9999.000
202602240730,   3.827,9999.000,9999.000,9999.000,9999.000,9999.000,9999.000,9999.000,9999.000
202602240736,   3.908,9999.000,9999.000,9999.000,9999.000,9999.000,9999.000,9999.000,9999.000
202602240742,   3.991,9999.000,9999.000,9999.000,9999.000,9999.000,9999.000,9999.000,9999.000
202602240748,   4.076,9999.000,9999.000,9999.000,9999.000,9999.000,9999.000,9999.000,9999.000
202602240754,   4.161,9999.000,9999.000,9999.000,9999.000,9999.000,9999.000,9999.000,9999.000
202602240800,   4.248,9999.000,   0.400,9999.000,   4.648,   0.400,   4.648,   0.500,   4.748
202602240806,   4.335,9999.000,9999.000,9999.000,9999.000,9999.000,9999.000,9999.000,9999.000
202602240812,   4.423,9999.000,9999.000,9999.000,9999.000,9999.000,9999.000,9999.000,9999.000
202602240818,   4.511,9999.000,9999.000,9999.000,9999.000,9999.000,9999.000,9999.000,9999.000
202602240824,   4.599,9999.000,9999.000,9999.000,9999.000,9999.000,9999.000,9999.000,9999.000
202602240830,   4.687,9999.000,9999.000,9999.000,9999.000,9999.000,9999.000,9999.000,9999.000
202602240836,   4.775,9999.000,9999.000,9999.000,9999.000,9999.000,9999.000,9999.000,9999.000
202602240842,   4.862,9999.000,9999.000,9999.000,9999.000,9999.000,9999.000,9999.000,9999.000
202602240848,   4.948,9999.000,9999.000,9999.000,9999.000,9999.000,9999.000,9999.000,9999.000
202602240854,   5.033,9999.000,9999.000,9999.000,9999.000,9999.000,9999.000,9999.000,9999.000
202602240900,   5.117,9999.000,   0.400,9999.000,   5.517,   0.400,   5.517,   0.400,   5.517
202602240906,   5.199,9999.000,9999.000,9999.000,9999.000,9999.000,9999.000,9999.000,9999.000
202602240912,   5.280,9999.000,9999.000,9999.000,9999.000,9999.000,9999.000,9999.000,9999.000
202602240918,   5.359,9999.000,9999.000,9999.000,9999.000,9999.000,9999.000,9999.000,9999.000
202602240924,   5.435,9999.000,9999.000,9999.000,9999.000,9999.000,9999.000,9999.000,9999.000
202602240930,   5.509,9999.000,9999.000,9999.000,9999.000,9999.000,9999.000,9999.000,9999.000
202602240936,   5.580,9999.000,9999.000,9999.000,9999.000,9999.000,9999.000,9999.000,9999.000
202602240942,   5.649,9999.000,9999.000,9999.000,9999.000,9999.000,9999.000,9999.000,9999.000
202602240948,   5.715,9999.000,9999.000,9999.000,9999.000,9999.000,9999.000,9999.000,9999.000
202602240954,   5.777,9999.000,9999.000,9999.000,9999.000,9999.000,9999.000,9999.000,9999.000
202602241000,   5.836,9999.000,   0.400,9999.000,   6.236,   0.400,   6.236,   0.400,   6.236
202602241006,   5.891,9999.000,9999.000,9999.000,9999.000,9999.000,9999.000,9999.000,9999.000
202602241012,   5.943,9999.000,9999.000,9999.000,9999.000,9999.000,9999.000,9999.000,9999.000
202602241018,   5.991,9999.000,9999.000,9999.000,9999.000,9999.000,9999.000,9999.000,9999.000
202602241024,   6.034,9999.000,9999.000,9999.000,9999.000,9999.000,9999.000,9999.000,9999.000
202602241030,   6.074,9999.000,9999.000,9999.000,9999.000,9999.000,9999.000,9999.000,9999.000
202602241036,   6.109,9999.000,9999.000,9999.000,9999.000,9999.000,9999.000,9999.000,9999.000
202602241042,   6.140,9999.000,9999.000,9999.000,9999.000,9999.000,9999.000,9999.000,9999.000
202602241048,   6.166,9999.000,9999.000,9999.000,9999.000,9999.000,9999.000,9999.000,9999.000
202602241054,   6.188,9999.000,9999.000,9999.000,9999.000,9999.000,9999.000,9999.000,9999.000
202602241100,   6.205,9999.000,   0.400,9999.000,   6.605,   0.400,   6.605,   0.500,   6.705
202602241106,   6.217,9999.000,9999.000,9999.000,9999.000,9999.000,9999.000,9999.000,9999.000
202602241112,   6.224,9999.000,9999.000,9999.000,9999.000,9999.000,9999.000,9999.000,9999.000
202602241118,   6.227,9999.000,9999.000,9999.000,9999.000,9999.000,9999.000,9999.000,9999.000
202602241124,   6.224,9999.000,9999.000,9999.000,9999.000,9999.000,9999.000,9999.000,9999.000
202602241130,   6.216,9999.000,9999.000,9999.000,9999.000,9999.000,9999.000,9999.000,9999.000
202602241136,   6.204,9999.000,9999.000,9999.000,9999.000,9999.000,9999.000,9999.000,9999.000
202602241142,   6.186,9999.000,9999.000,9999.000,9999.000,9999.000,9999.000,9999.000,9999.000
202602241148,   6.164,9999.000,9999.000,9999.000,9999.000,9999.000,9999.000,9999.000,9999.000
202602241154,   6.136,9999.000,9999.000,9999.000,9999.000,9999.000,9999.000,9999.000,9999.000
202602241200,   6.104,9999.000,   0.500,9999.000,   6.604,   0.400,   6.504,   0.500,   6.604
202602241206,   6.067,9999.000,9999.000,9999.000,9999.000,9999.000,9999.000,9999.000,9999.000
202602241212,   6.024,9999.000,9999.000,9999.000,9999.000,9999.000,9999.000,9999.000,9999.000
202602241218,   5.977,9999.000,9999.000,9999.000,9999.000,9999.000,9999.000,9999.000,9999.000
202602241224,   5.925,9999.000,9999.000,9999.000,9999.000,9999.000,9999.000,9999.000,9999.000
202602241230,   5.869,9999.000,9999.000,9999.000,9999.000,9999.000,9999.000,9999.000,9999.000
202602241236,   5.808,9999.000,9999.000,9999.000,9999.000,9999.000,9999.000,9999.000,9999.000
202602241242,   5.742,9999.000,9999.000,9999.000,9999.000,9999.000,9999.000,9999.000,9999.000
202602241248,   5.673,9999.000,9999.000,9999.000,9999.000,9999.000,9999.000,9999.000,9999.000
202602241254,   5.598,9999.000,9999.000,9999.000,9999.000,9999.000,9999.000,9999.000,9999.000
202602241300,   5.520,9999.000,   0.500,9999.000,   6.020,   0.500,   6.020,   0.500,   6.020
202602241306,   5.438,9999.000,9999.000,9999.000,9999.000,9999.000,9999.000,9999.000,9999.000
202602241312,   5.351,9999.000,9999.000,9999.000,9999.000,9999.000,9999.000,9999.000,9999.000
202602241318,   5.261,9999.000,9999.000,9999.000,9999.000,9999.000,9999.000,9999.000,9999.000
202602241324,   5.168,9999.000,9999.000,9999.000,9999.000,9999.000,9999.000,9999.000,9999.000
202602241330,   5.071,9999.000,9999.000,9999.000,9999.000,9999.000,9999.000,9999.000,9999.000
202602241336,   4.970,9999.000,9999.000,9999.000,9999.000,9999.000,9999.000,9999.000,9999.000
202602241342,   4.867,9999.000,9999.000,9999.000,9999.000,9999.000,9999.000,9999.000,9999.000
202602241348,   4.760,9999.000,9999.000,9999.000,9999.000,9999.000,9999.000,9999.000,9999.000
202602241354,   4.651,9999.000,9999.000,9999.000,9999.000,9999.000,9999.000,9999.000,9999.000
202602241400,   4.539,9999.000,   0.500,9999.000,   5.039,   0.500,   5.039,   0.500,   5.039
202602241406,   4.425,9999.000,9999.000,9999.000,9999.000,9999.000,9999.000,9999.000,9999.000
202602241412,   4.309,9999.000,9999.000,9999.000,9999.000,9999.000,9999.000,9999.000,9999.000
202602241418,   4.190,9999.000,9999.000,9999.000,9999.000,9999.000,9999.000,9999.000,9999.000
202602241424,   4.070,9999.000,9999.000,9999.000,9999.000,9999.000,9999.000,9999.000,9999.000
202602241430,   3.948,9999.000,9999.000,9999.000,9999.000,9999.000,9999.000,9999.000,9999.000
202602241436,   3.825,9999.000,9999.000,9999.000,9999.000,9999.000,9999.000,9999.000,9999.000
202602241442,   3.701,9999.000,9999.000,9999.000,9999.000,9999.000,9999.000,9999.000,9999.000
202602241448,   3.575,9999.000,9999.000,9999.000,9999.000,9999.000,9999.000,9999.000,9999.000
202602241454,   3.449,9999.000,9999.000,9999.000,9999.000,9999.000,9999.000,9999.000,9999.000
202602241500,   3.322,9999.000,   0.500,9999.000,   3.822,   0.500,   3.822,   0.500,   3.822
202602241506,   3.195,9999.000,9999.000,9999.000,9999.000,9999.000,9999.000,9999.000,9999.000
202602241512,   3.068,9999.000,9999.000,9999.000,9999.000,9999.000,9999.000,9999.000,9999.000
202602241518,   2.940,9999.000,9999.000,9999.000,9999.000,9999.000,9999.000,9999.000,9999.000
202602241524,   2.814,9999.000,9999.000,9999.000,9999.000,9999.000,9999.000,9999.000,9999.000
202602241530,   2.687,9999.000,9999.000,9999.000,9999.000,9999.000,9999.000,9999.000,9999.000
202602241536,   2.562,9999.000,9999.000,9999.000,9999.000,9999.000,9999.000,9999.000,9999.000
202602241542,   2.437,9999.000,9999.000,9999.000,9999.000,9999.000,9999.000,9999.000,9999.000
202602241548,   2.313,9999.000,9999.000,9999.000,9999.000,9999.000,9999.000,9999.000,9999.000
202602241554,   2.191,9999.000,9999.000,9999.000,9999.000,9999.000,9999.000,9999.000,9999.000
202602241600,   2.071,9999.000,   0.500,9999.000,   2.571,   0.500,   2.571,   0.500,   2.571
202602241606,   1.952,9999.000,9999.000,9999.000,9999.000,9999.000,9999.000,9999.000,9999.000
202602241612,   1.835,9999.000,9999.000,9999.000,9999.000,9999.000,9999.000,9999.000,9999.000
202602241618,   1.721,9999.000,9999.000,9999.000,9999.000,9999.000,9999.000,9999.000,9999.000
202602241624,   1.608,9999.000,9999.000,9999.000,9999.000,9999.000,9999.000,9999.000,9999.000
202602241630,   1.499,9999.000,9999.000,9999.000,9999.000,9999.000,9999.000,9999.000,9999.000
202602241636,   1.392,9999.000,9999.000,9999.000,9999.000,9999.000,9999.000,9999.000,9999.000
202602241642,   1.288,9999.000,9999.000,9999.000,9999.000,9999.000,9999.000,9999.000,9999.000
202602241648,   1.188,9999.000,9999.000,9999.000,9999.000,9999.000,9999.000,9999.000,9999.000
202602241654,   1.091,9999.000,9999.000,9999.000,9999.000,9999.000,9999.000,9999.000,9999.000
202602241700,   0.997,9999.000,   0.600,9999.000,   1.597,   0.500,   1.497,   0.600,   1.597
202602241706,   0.907,9999.000,9999.000,9999.000,9999.000,9999.000,9999.000,9999.000,9999.000
202602241712,   0.821,9999.000,9999.000,9999.000,9999.000,9999.000,9999.000,9999.000,9999.000
202602241718,   0.739,9999.000,9999.000,9999.000,9999.000,9999.000,9999.000,9999.000,9999.000
202602241724,   0.661,9999.000,9999.000,9999.000,9999.000,9999.000,9999.000,9999.000,9999.000
202602241730,   0.587,9999.000,9999.000,9999.000,9999.000,9999.000,9999.000,9999.000,9999.000
202602241736,   0.518,9999.000,9999.000,9999.000,9999.000,9999.000,9999.000,9999.000,9999.000
202602241742,   0.453,9999.000,9999.000,9999.000,9999.000,9999.000,9999.000,9999.000,9999.000
202602241748,   0.393,9999.000,9999.000,9999.000,9999.000,9999.000,9999.000,9999.000,9999.000
202602241754,   0.337,9999.000,9999.000,9999.000,9999.000,9999.000,9999.000,9999.000,9999.000
202602241800,   0.287,9999.000,   0.500,9999.000,   0.787,   0.500,   0.787,   0.600,   0.887
202602241806,   0.241,9999.000,9999.000,9999.000,9999.000,9999.000,9999.000,9999.000,9999.000
202602241812,   0.201,9999.000,9999.000,9999.000,9999.000,9999.000,9999.000,9999.000,9999.000
202602241818,   0.165,9999.000,9999.000,9999.000,9999.000,9999.000,9999.000,9999.000,9999.000
202602241824,   0.134,9999.000,9999.000,9999.000,9999.000,9999.000,9999.000,9999.000,9999.000
202602241830,   0.109,9999.000,9999.000,9999.000,9999.000,9999.000,9999.000,9999.000,9999.000
202602241836,   0.089,9999.000,9999.000,9999.000,9999.000,9999.000,9999.000,9999.000,9999.000
202602241842,   0.073,9999.000,9999.000,9999.000,9999.000,9999.000,9999.000,9999.000,9999.000
202602241848,   0.063,9999.000,9999.000,9999.000,9999.000,9999.000,9999.000,9999.000,9999.000
202602241854,   0.058,9999.000,9999.000,9999.000,9999.000,9999.000,9999.000,9999.000,9999.000
202602241900,   0.059,9999.000,   0.500,9999.000,   0.559,   0.500,   0.559,   0.600,   0.659
202602241906,   0.064,9999.000,9999.000,9999.000,9999.000,9999.000,9999.000,9999.000,9999.000
202602241912,   0.074,9999.000,9999.000,9999.000,9999.000,9999.000,9999.000,9999.000,9999.000
202602241918,   0.089,9999.000,9999.000,9999.000,9999.000,9999.000,9999.000,9999.000,9999.000
202602241924,   0.110,9999.000,9999.000,9999.000,9999.000,9999.000,9999.000,9999.000,9999.000
202602241930,   0.134,9999.000,9999.000,9999.000,9999.000,9999.000,9999.000,9999.000,9999.000
202602241936,   0.164,9999.000,9999.000,9999.000,9999.000,9999.000,9999.000,9999.000,9999.000
202602241942,   0.198,9999.000,9999.000,9999.000,9999.000,9999.000,9999.000,9999.000,9999.000
202602241948,   0.237,9999.000,9999.000,9999.000,9999.000,9999.000,9999.000,9999.000,9999.000
202602241954,   0.280,9999.000,9999.000,9999.000,9999.000,9999.000,9999.000,9999.000,9999.000
202602242000,   0.328,9999.000,   0.600,9999.000,   0.928,   0.600,   0.928,   0.600,   0.928
202602242006,   0.379,9999.000,9999.000,9999.000,9999.000,9999.000,9999.000,9999.000,9999.000
202602242012,   0.435,9999.000,9999.000,9999.000,9999.000,9999.000,9999.000,9999.000,9999.000
202602242018,   0.494,9999.000,9999.000,9999.000,9999.000,9999.000,9999.000,9999.000,9999.000
202602242024,   0.556,9999.000,9999.000,9999.000,9999.000,9999.000,9999.000,9999.000,9999.000
202602242030,   0.623,9999.000,9999.000,9999.000,9999.000,9999.000,9999.000,9999.000,9999.000
202602242036,   0.692,9999.000,9999.000,9999.000,9999.000,9999.000,9999.000,9999.000,9999.000
202602242042,   0.764,9999.000,9999.000,9999.000,9999.000,9999.000,9999.000,9999.000,9999.000
202602242048,   0.839,9999.000,9999.000,9999.000,9999.000,9999.000,9999.000,9999.000,9999.000
202602242054,   0.917,9999.000,9999.000,9999.000,9999.000,9999.000,9999.000,9999.000,9999.000
202602242100,   0.998,9999.000,   0.600,9999.000,   1.598,   0.500,   1.498,   0.600,   1.598
202602242106,   1.080,9999.000,9999.000,9999.000,9999.000,9999.000,9999.000,9999.000,9999.000
202602242112,   1.164,9999.000,9999.000,9999.000,9999.000,9999.000,9999.000,9999.000,9999.000
202602242118,   1.251,9999.000,9999.000,9999.000,9999.000,9999.000,9999.000,9999.000,9999.000
202602242124,   1.338,9999.000,9999.000,9999.000,9999.000,9999.000,9999.000,9999.000,9999.000
202602242130,   1.427,9999.000,9999.000,9999.000,9999.000,9999.000,9999.000,9999.000,9999.000
202602242136,   1.518,9999.000,9999.000,9999.000,9999.000,9999.000,9999.000,9999.000,9999.000
202602242142,   1.609,9999.000,9999.000,9999.000,9999.000,9999.000,9999.000,9999.000,9999.000
202602242148,   1.700,9999.000,9999.000,9999.000,9999.000,9999.000,9999.000,9999.000,9999.000
202602242154,   1.792,9999.000,9999.000,9999.000,9999.000,9999.000,9999.000,9999.000,9999.000
202602242200,   1.885,9999.000,   0.600,9999.000,   2.485,   0.600,   2.485,   0.600,   2.485
202602242206,   1.977,9999.000,9999.000,9999.000,9999.000,9999.000,9999.000,9999.000,9999.000
202602242212,   2.069,9999.000,9999.000,9999.000,9999.000,9999.000,9999.000,9999.000,9999.000
202602242218,   2.161,9999.000,9999.000,9999.000,9999.000,9999.000,9999.000,9999.000,9999.000
202602242224,   2.252,9999.000,9999.000,9999.000,9999.000,9999.000,9999.000,9999.000,9999.000
202602242230,   2.342,9999.000,9999.000,9999.000,9999.000,9999.000,9999.000,9999.000,9999.000
202602242236,   2.431,9999.000,9999.000,9999.000,9999.000,9999.000,9999.000,9999.000,9999.000
202602242242,   2.519,9999.000,9999.000,9999.000,9999.000,9999.000,9999.000,9999.000,9999.000
202602242248,   2.605,9999.000,9999.000,9999.000,9999.000,9999.000,9999.000,9999.000,9999.000
202602242254,   2.690,9999.000,9999.000,9999.000,9999.000,9999.000,9999.000,9999.000,9999.000
202602242300,   2.773,9999.000,   0.600,9999.000,   3.373,   0.600,   3.373,   0.700,   3.473
202602242306,   2.855,9999.000,9999.000,9999.000,9999.000,9999.000,9999.000,9999.000,9999.000
202602242312,   2.934,9999.000,9999.000,9999.000,9999.000,9999.000,9999.000,9999.000,9999.000
202602242318,   3.011,9999.000,9999.000,9999.000,9999.000,9999.000,9999.000,9999.000,9999.000
202602242324,   3.086,9999.000,9999.000,9999.000,9999.000,9999.000,9999.000,9999.000,9999.000
202602242330,   3.158,9999.000,9999.000,9999.000,9999.000,9999.000,9999.000,9999.000,9999.000
202602242336,   3.228,9999.000,9999.000,9999.000,9999.000,9999.000,9999.000,9999.000,9999.000
202602242342,   3.295,9999.000,9999.000,9999.000,9999.000,9999.000,9999.000,9999.000,9999.000
202602242348,   3.359,9999.000,9999.000,9999.000,9999.000,9999.000,9999.000,9999.000,9999.000
202602242354,   3.420,9999.000,9999.000,9999.000,9999.000,9999.000,9999.000,9999.000,9999.000
202602250000,   3.478,9999.000,   0.500,9999.000,   3.978,   0.500,   3.978,   0.500,   3.978
202602250006,   3.534,9999.000,9999.000,9999.000,9999.000,9999.000,9999.000,9999.000,9999.000
202602250012,   3.586,9999.000,9999.000,9999.000,9999.000,9999.000,9999.000,9999.000,9999.000
202602250018,   3.635,9999.000,9999.000,9999.000,9999.000,9999.000,9999.000,9999.000,9999.000
202602250024,   3.681,9999.000,9999.000,9999.000,9999.000,9999.000,9999.000,9999.000,9999.000
202602250030,   3.724,9999.000,9999.000,9999.000,9999.000,9999.000,9999.000,9999.000,9999.000
202602250036,   3.763,9999.000,9999.000,9999.000,9999.000,9999.000,9999.000,9999.000,9999.000
202602250042,   3.799,9999.000,9999.000,9999.000,9999.000,9999.000,9999.000,9999.000,9999.000
202602250048,   3.832,9999.000,9999.000,9999.000,9999.000,9999.000,9999.000,9999.000,9999.000
202602250054,   3.862,9999.000,9999.000,9999.000,9999.000,9999.000,9999.000,9999.000,9999.000
202602250100,   3.888,9999.000,   0.500,9999.000,   4.388,   0.500,   4.388,   0.500,   4.388
202602250106,   3.911,9999.000,9999.000,9999.000,9999.000,9999.000,9999.000,9999.000,9999.000
202602250112,   3.931,9999.000,9999.000,9999.000,9999.000,9999.000,9999.000,9999.000,9999.000
202602250118,   3.948,9999.000,9999.000,9999.000,9999.000,9999.000,9999.000,9999.000,9999.000
202602250124,   3.961,9999.000,9999.000,9999.000,9999.000,9999.000,9999.000,9999.000,9999.000
202602250130,   3.972,9999.000,9999.000,9999.000,9999.000,9999.000,9999.000,9999.000,9999.000
202602250136,   3.979,9999.000,9999.000,9999.000,9999.000,9999.000,9999.000,9999.000,9999.000
202602250142,   3.984,9999.000,9999.000,9999.000,9999.000,9999.000,9999.000,9999.000,9999.000
202602250148,   3.985,9999.000,9999.000,9999.000,9999.000,9999.000,9999.000,9999.000,9999.000
202602250154,   3.984,9999.000,9999.000,9999.000,9999.000,9999.000,9999.000,9999.000,9999.000
202602250200,   3.980,9999.000,   0.500,9999.000,   4.480,   0.500,   4.480,   0.600,   4.580
202602250206,   3.973,9999.000,9999.000,9999.000,9999.000,9999.000,9999.000,9999.000,9999.000
202602250212,   3.964,9999.000,9999.000,9999.000,9999.000,9999.000,9999.000,9999.000,9999.000
202602250218,   3.952,9999.000,9999.000,9999.000,9999.000,9999.000,9999.000,9999.000,9999.000
202602250224,   3.938,9999.000,9999.000,9999.000,9999.000,9999.000,9999.000,9999.000,9999.000
202602250230,   3.922,9999.000,9999.000,9999.000,9999.000,9999.000,9999.000,9999.000,9999.000
202602250236,   3.904,9999.000,9999.000,9999.000,9999.000,9999.000,9999.000,9999.000,9999.000
202602250242,   3.883,9999.000,9999.000,9999.000,9999.000,9999.000,9999.000,9999.000,9999.000
202602250248,   3.861,9999.000,9999.000,9999.000,9999.000,9999.000,9999.000,9999.000,9999.000
202602250254,   3.837,9999.000,9999.000,9999.000,9999.000,9999.000,9999.000,9999.000,9999.000
202602250300,   3.812,9999.000,   0.500,9999.000,   4.312,   0.500,   4.312,   0.600,   4.412
202602250306,   3.785,9999.000,9999.000,9999.000,9999.000,9999.000,9999.000,9999.000,9999.000
202602250312,   3.756,9999.000,9999.000,9999.000,9999.000,9999.000,9999.000,9999.000,9999.000
202602250318,   3.727,9999.000,9999.000,9999.000,9999.000,9999.000,9999.000,9999.000,9999.000
202602250324,   3.696,9999.000,9999.000,9999.000,9999.000,9999.000,9999.000,9999.000,9999.000
202602250330,   3.665,9999.000,9999.000,9999.000,9999.000,9999.000,9999.000,9999.000,9999.000
202602250336,   3.633,9999.000,9999.000,9999.000,9999.000,9999.000,9999.000,9999.000,9999.000
202602250342,   3.600,9999.000,9999.000,9999.000,9999.000,9999.000,9999.000,9999.000,9999.000
202602250348,   3.567,9999.000,9999.000,9999.000,9999.000,9999.000,9999.000,9999.000,9999.000
202602250354,   3.534,9999.000,9999.000,9999.000,9999.000,9999.000,9999.000,9999.000,9999.000
202602250400,   3.501,9999.000,   0.500,9999.000,   4.001,   0.500,   4.001,   0.500,   4.001
202602250406,   3.467,9999.000,9999.000,9999.000,9999.000,9999.000,9999.000,9999.000,9999.000
202602250412,   3.434,9999.000,9999.000,9999.000,9999.000,9999.000,9999.000,9999.000,9999.000
202602250418,   3.402,9999.000,9999.000,9999.000,9999.000,9999.000,9999.000,9999.000,9999.000
202602250424,   3.370,9999.000,9999.000,9999.000,9999.000,9999.000,9999.000,9999.000,9999.000
202602250430,   3.338,9999.000,9999.000,9999.000,9999.000,9999.000,9999.000,9999.000,9999.000
202602250436,   3.308,9999.000,9999.000,9999.000,9999.000,9999.000,9999.000,9999.000,9999.000
202602250442,   3.278,9999.000,9999.000,9999.000,9999.000,9999.000,9999.000,9999.000,9999.000
202602250448,   3.250,9999.000,9999.000,9999.000,9999.000,9999.000,9999.000,9999.000,9999.000
202602250454,   3.223,9999.000,9999.000,9999.000,9999.000,9999.000,9999.000,9999.000,9999.000
202602250500,   3.198,9999.000,   0.500,9999.000,   3.698,   0.500,   3.698,   0.600,   3.798
202602250506,   3.174,9999.000,9999.000,9999.000,9999.000,9999.000,9999.000,9999.000,9999.000
202602250512,   3.152,9999.000,9999.000,9999.000,9999.000,9999.000,9999.000,9999.000,9999.000
202602250518,   3.132,9999.000,9999.000,9999.000,9999.000,9999.000,9999.000,9999.000,9999.000
202602250524,   3.113,9999.000,9999.000,9999.000,9999.000,9999.000,9999.000,9999.000,9999.000
202602250530,   3.097,9999.000,9999.000,9999.000,9999.000,9999.000,9999.000,9999.000,9999.000
202602250536,   3.084,9999.000,9999.000,9999.000,9999.000,9999.000,9999.000,9999.000,9999.000
202602250542,   3.073,9999.000,9999.000,9999.000,9999.000,9999.000,9999.000,9999.000,9999.000
202602250548,   3.064,9999.000,9999.000,9999.000,9999.000,9999.000,9999.000,9999.000,9999.000
202602250554,   3.058,9999.000,9999.000,9999.000,9999.000,9999.000,9999.000,9999.000,9999.000
202602250600,   3.055,9999.000,   0.500,9999.000,   3.555,   0.400,   3.455,   0.500,   3.555
202602250606,   3.054,9999.000,9999.000,9999.000,9999.000,9999.000,9999.000,9999.000,9999.000
202602250612,   3.057,9999.000,9999.000,9999.000,9999.000,9999.000,9999.000,9999.000,9999.000
202602250618,   3.062,9999.000,9999.000,9999.000,9999.000,9999.000,9999.000,9999.000,9999.000
202602250624,   3.070,9999.000,9999.000,9999.000,9999.000,9999.000,9999.000,9999.000,9999.000
202602250630,   3.082,9999.000,9999.000,9999.000,9999.000,9999.000,9999.000,9999.000,9999.000
202602250636,   3.097,9999.000,9999.000,9999.000,9999.000,9999.000,9999.000,9999.000,9999.000
202602250642,   3.114,9999.000,9999.000,9999.000,9999.000,9999.000,9999.000,9999.000,9999.000
202602250648,   3.135,9999.000,9999.000,9999.000,9999.000,9999.000,9999.000,9999.000,9999.000
202602250654,   3.160,9999.000,9999.000,9999.000,9999.000,9999.000,9999.000,9999.000,9999.000
202602250700,   3.187,9999.000,   0.400,9999.000,   3.587,   0.400,   3.587,   0.500,   3.687
202602250706,   3.218,9999.000,9999.000,9999.000,9999.000,9999.000,9999.000,9999.000,9999.000
202602250712,   3.252,9999.000,9999.000,9999.000,9999.000,9999.000,9999.000,9999.000,9999.000
202602250718,   3.289,9999.000,9999.000,9999.000,9999.000,9999.000,9999.000,9999.000,9999.000
202602250724,   3.330,9999.000,9999.000,9999.000,9999.000,9999.000,9999.000,9999.000,9999.000
202602250730,   3.373,9999.000,9999.000,9999.000,9999.000,9999.000,9999.000,9999.000,9999.000
202602250736,   3.420,9999.000,9999.000,9999.000,9999.000,9999.000,9999.000,9999.000,9999.000
202602250742,   3.469,9999.000,9999.000,9999.000,9999.000,9999.000,9999.000,9999.000,9999.000
202602250748,   3.522,9999.000,9999.000,9999.000,9999.000,9999.000,9999.000,9999.000,9999.000
202602250754,   3.577,9999.000,9999.000,9999.000,9999.000,9999.000,9999.000,9999.000,9999.000
202602250800,   3.635,9999.000,   0.500,9999.000,   4.135,   0.400,   4.035,   0.600,   4.235
202602250806,   3.696,9999.000,9999.000,9999.000,9999.000,9999.000,9999.000,9999.000,9999.000
202602250812,   3.759,9999.000,9999.000,9999.000,9999.000,9999.000,9999.000,9999.000,9999.000
202602250818,   3.824,9999.000,9999.000,9999.000,9999.000,9999.000,9999.000,9999.000,9999.000
202602250824,   3.892,9999.000,9999.000,9999.000,9999.000,9999.000,9999.000,9999.000,9999.000
202602250830,   3.962,9999.000,9999.000,9999.000,9999.000,9999.000,9999.000,9999.000,9999.000
202602250836,   4.034,9999.000,9999.000,9999.000,9999.000,9999.000,9999.000,9999.000,9999.000
202602250842,   4.108,9999.000,9999.000,9999.000,9999.000,9999.000,9999.000,9999.000,9999.000
202602250848,   4.183,9999.000,9999.000,9999.000,9999.000,9999.000,9999.000,9999.000,9999.000
202602250854,   4.260,9999.000,9999.000,9999.000,9999.000,9999.000,9999.000,9999.000,9999.000
202602250900,   4.337,9999.000,   0.400,9999.000,   4.737,   0.400,   4.737,   0.500,   4.837
202602250906,   4.416,9999.000,9999.000,9999.000,9999.000,9999.000,9999.000,9999.000,9999.000
202602250912,   4.496,9999.000,9999.000,9999.000,9999.000,9999.000,9999.000,9999.000,9999.000
202602250918,   4.577,9999.000,9999.000,9999.000,9999.000,9999.000,9999.000,9999.000,9999.000
202602250924,   4.658,9999.000,9999.000,9999.000,9999.000,9999.000,9999.000,9999.000,9999.000
202602250930,   4.739,9999.000,9999.000,9999.000,9999.000,9999.000,9999.000,9999.000,9999.000
202602250936,   4.820,9999.000,9999.000,9999.000,9999.000,9999.000,9999.000,9999.000,9999.000
202602250942,   4.901,9999.000,9999.000,9999.000,9999.000,9999.000,9999.000,9999.000,9999.000
202602250948,   4.982,9999.000,9999.000,9999.000,9999.000,9999.000,9999.000,9999.000,9999.000
202602250954,   5.062,9999.000,9999.000,9999.000,9999.000,9999.000,9999.000,9999.000,9999.000
202602251000,   5.142,9999.000,   0.500,9999.000,   5.642,   0.400,   5.542,   0.500,   5.642
202602251006,   5.220,9999.000,9999.000,9999.000,9999.000,9999.000,9999.000,9999.000,9999.000
202602251012,   5.297,9999.000,9999.000,9999.000,9999.000,9999.000,9999.000,9999.000,9999.000
202602251018,   5.372,9999.000,9999.000,9999.000,9999.000,9999.000,9999.000,9999.000,9999.000
202602251024,   5.446,9999.000,9999.000,9999.000,9999.000,9999.000,9999.000,9999.000,9999.000
202602251030,   5.518,9999.000,9999.000,9999.000,9999.000,9999.000,9999.000,9999.000,9999.000
202602251036,   5.588,9999.000,9999.000,9999.000,9999.000,9999.000,9999.000,9999.000,9999.000
202602251042,   5.656,9999.000,9999.000,9999.000,9999.000,9999.000,9999.000,9999.000,9999.000
202602251048,   5.721,9999.000,9999.000,9999.000,9999.000,9999.000,9999.000,9999.000,9999.000
202602251054,   5.783,9999.000,9999.000,9999.000,9999.000,9999.000,9999.000,9999.000,9999.000
202602251100,   5.842,9999.000,   0.400,9999.000,   6.242,   0.300,   6.142,   0.400,   6.242
202602251106,   5.899,9999.000,9999.000,9999.000,9999.000,9999.000,9999.000,9999.000,9999.000
202602251112,   5.952,9999.000,9999.000,9999.000,9999.000,9999.000,9999.000,9999.000,9999.000
202602251118,   6.001,9999.000,9999.000,9999.000,9999.000,9999.000,9999.000,9999.000,9999.000
202602251124,   6.047,9999.000,9999.000,9999.000,9999.000,9999.000,9999.000,9999.000,9999.000
202602251130,   6.090,9999.000,9999.000,9999.000,9999.000,9999.000,9999.000,9999.000,9999.000
202602251136,   6.128,9999.000,9999.000,9999.000,9999.000,9999.000,9999.000,9999.000,9999.000
202602251142,   6.163,9999.000,9999.000,9999.000,9999.000,9999.000,9999.000,9999.000,9999.000
202602251148,   6.193,9999.000,9999.000,9999.000,9999.000,9999.000,9999.000,9999.000,9999.000
202602251154,   6.219,9999.000,9999.000,9999.000,9999.000,9999.000,9999.000,9999.000,9999.000
202602251200,   6.241,9999.000,   0.400,9999.000,   6.641,   0.400,   6.641,   0.500,   6.741
202602251206,   6.258,9999.000,9999.000,9999.000,9999.000,9999.000,9999.000,9999.000,9999.000
202602251212,   6.270,9999.000,9999.000,9999.000,9999.000,9999.000,9999.000,9999.000,9999.000
202602251218,   6.278,9999.000,9999.000,9999.000,9999.000,9999.000,9999.000,9999.000,9999.000
202602251224,   6.281,9999.000,9999.000,9999.000,9999.000,9999.000,9999.000,9999.000,9999.000
202602251230,   6.280,9999.000,9999.000,9999.000,9999.000,9999.000,9999.000,9999.000,9999.000
202602251236,   6.273,9999.000,9999.000,9999.000,9999.000,9999.000,9999.000,9999.000,9999.000
202602251242,   6.262,9999.000,9999.000,9999.000,9999.000,9999.000,9999.000,9999.000,9999.000
202602251248,   6.246,9999.000,9999.000,9999.000,9999.000,9999.000,9999.000,9999.000,9999.000
202602251254,   6.224,9999.000,9999.000,9999.000,9999.000,9999.000,9999.000,9999.000,9999.000
202602251300,   6.198,9999.000,   0.400,9999.000,   6.598,   0.300,   6.498,   0.400,   6.598
202602251306,   6.167,9999.000,9999.000,9999.000,9999.000,9999.000,9999.000,9999.000,9999.000
202602251312,   6.131,9999.000,9999.000,9999.000,9999.000,9999.000,9999.000,9999.000,9999.000
202602251318,   6.090,9999.000,9999.000,9999.000,9999.000,9999.000,9999.000,9999.000,9999.000
202602251324,   6.045,9999.000,9999.000,9999.000,9999.000,9999.000,9999.000,9999.000,9999.000
202602251330,   5.994,9999.000,9999.000,9999.000,9999.000,9999.000,9999.000,9999.000,9999.000
202602251336,   5.939,9999.000,9999.000,9999.000,9999.000,9999.000,9999.000,9999.000,9999.000
202602251342,   5.878,9999.000,9999.000,9999.000,9999.000,9999.000,9999.000,9999.000,9999.000
202602251348,   5.814,9999.000,9999.000,9999.000,9999.000,9999.000,9999.000,9999.000,9999.000
202602251354,   5.744,9999.000,9999.000,9999.000,9999.000,9999.000,9999.000,9999.000,9999.000
202602251400,   5.671,9999.000,   0.400,9999.000,   6.071,   0.300,   5.971,   0.500,   6.171
202602251406,   5.592,9999.000,9999.000,9999.000,9999.000,9999.000,9999.000,9999.000,9999.000
202602251412,   5.510,9999.000,9999.000,9999.000,9999.000,9999.000,9999.000,9999.000,9999.000
202602251418,   5.423,9999.000,9999.000,9999.000,9999.000,9999.000,9999.000,9999.000,9999.000
202602251424,   5.332,9999.000,9999.000,9999.000,9999.000,9999.000,9999.000,9999.000,9999.000
202602251430,   5.238,9999.000,9999.000,9999.000,9999.000,9999.000,9999.000,9999.000,9999.000
202602251436,   5.140,9999.000,9999.000,9999.000,9999.000,9999.000,9999.000,9999.000,9999.000
202602251442,   5.038,9999.000,9999.000,9999.000,9999.000,9999.000,9999.000,9999.000,9999.000
202602251448,   4.932,9999.000,9999.000,9999.000,9999.000,9999.000,9999.000,9999.000,9999.000
202602251454,   4.823,9999.000,9999.000,9999.000,9999.000,9999.000,9999.000,9999.000,9999.000
202602251500,   4.712,9999.000,   0.300,9999.000,   5.012,   0.300,   5.012,   0.400,   5.112
202602251506,   4.597,9999.000,9999.000,9999.000,9999.000,9999.000,9999.000,9999.000,9999.000
202602251512,   4.479,9999.000,9999.000,9999.000,9999.000,9999.000,9999.000,9999.000,9999.000
202602251518,   4.359,9999.000,9999.000,9999.000,9999.000,9999.000,9999.000,9999.000,9999.000
202602251524,   4.236,9999.000,9999.000,9999.000,9999.000,9999.000,9999.000,9999.000,9999.000
202602251530,   4.111,9999.000,9999.000,9999.000,9999.000,9999.000,9999.000,9999.000,9999.000
202602251536,   3.985,9999.000,9999.000,9999.000,9999.000,9999.000,9999.000,9999.000,9999.000
202602251542,   3.856,9999.000,9999.000,9999.000,9999.000,9999.000,9999.000,9999.000,9999.000
202602251548,   3.726,9999.000,9999.000,9999.000,9999.000,9999.000,9999.000,9999.000,9999.000
202602251554,   3.594,9999.000,9999.000,9999.000,9999.000,9999.000,9999.000,9999.000,9999.000
202602251600,   3.462,9999.000,   0.400,9999.000,   3.862,   0.300,   3.762,   0.400,   3.862
202602251606,   3.328,9999.000,9999.000,9999.000,9999.000,9999.000,9999.000,9999.000,9999.000
202602251612,   3.194,9999.000,9999.000,9999.000,9999.000,9999.000,9999.000,9999.000,9999.000
202602251618,   3.059,9999.000,9999.000,9999.000,9999.000,9999.000,9999.000,9999.000,9999.000
202602251624,   2.924,9999.000,9999.000,9999.000,9999.000,9999.000,9999.000,9999.000,9999.000
202602251630,   2.789,9999.000,9999.000,9999.000,9999.000,9999.000,9999.000,9999.000,9999.000
202602251636,   2.654,9999.000,9999.000,9999.000,9999.000,9999.000,9999.000,9999.000,9999.000
202602251642,   2.520,9999.000,9999.000,9999.000,9999.000,9999.000,9999.000,9999.000,9999.000
202602251648,   2.387,9999.000,9999.000,9999.000,9999.000,9999.000,9999.000,9999.000,9999.000
202602251654,   2.254,9999.000,9999.000,9999.000,9999.000,9999.000,9999.000,9999.000,9999.000
202602251700,   2.122,9999.000,   0.400,9999.000,   2.522,   0.300,   2.422,   0.400,   2.522
202602251706,   1.992,9999.000,9999.000,9999.000,9999.000,9999.000,9999.000,9999.000,9999.000
202602251712,   1.864,9999.000,9999.000,9999.000,9999.000,9999.000,9999.000,9999.000,9999.000
202602251718,   1.737,9999.000,9999.000,9999.000,9999.000,9999.000,9999.000,9999.000,9999.000
202602251724,   1.613,9999.000,9999.000,9999.000,9999.000,9999.000,9999.000,9999.000,9999.000
202602251730,   1.491,9999.000,9999.000,9999.000,9999.000,9999.000,9999.000,9999.000,9999.000
202602251736,   1.371,9999.000,9999.000,9999.000,9999.000,9999.000,9999.000,9999.000,9999.000
202602251742,   1.254,9999.000,9999.000,9999.000,9999.000,9999.000,9999.000,9999.000,9999.000
202602251748,   1.140,9999.000,9999.000,9999.000,9999.000,9999.000,9999.000,9999.000,9999.000
202602251754,   1.029,9999.000,9999.000,9999.000,9999.000,9999.000,9999.000,9999.000,9999.000
202602251800,   0.922,9999.000,   0.400,9999.000,   1.322,   0.300,   1.222,   0.400,   1.322
202602251806,   0.818,9999.000,9999.000,9999.000,9999.000,9999.000,9999.000,9999.000,9999.000
202602251812,   0.718,9999.000,9999.000,9999.000,9999.000,9999.000,9999.000,9999.000,9999.000
202602251818,   0.622,9999.000,9999.000,9999.000,9999.000,9999.000,9999.000,9999.000,9999.000
202602251824,   0.530,9999.000,9999.000,9999.000,9999.000,9999.000,9999.000,9999.000,9999.000
202602251830,   0.442,9999.000,9999.000,9999.000,9999.000,9999.000,9999.000,9999.000,9999.000
202602251836,   0.358,9999.000,9999.000,9999.000,9999.000,9999.000,9999.000,9999.000,9999.000
202602251842,   0.280,9999.000,9999.000,9999.000,9999.000,9999.000,9999.000,9999.000,9999.000
202602251848,   0.205,9999.000,9999.000,9999.000,9999.000,9999.000,9999.000,9999.000,9999.000
202602251854,   0.136,9999.000,9999.000,9999.000,9999.000,9999.000,9999.000,9999.000,9999.000
202602251900,   0.072,9999.000,   0.300,9999.000,   0.372,   0.200,   0.272,   0.300,   0.372
202602251906,   0.012,9999.000,9999.000,9999.000,9999.000,9999.000,9999.000,9999.000,9999.000
202602251912,  -0.041,9999.000,9999.000,9999.000,9999.000,9999.000,9999.000,9999.000,9999.000
202602251918,  -0.090,9999.000,9999.000,9999.000,9999.000,9999.000,9999.000,9999.000,9999.000
202602251924,  -0.133,9999.000,9999.000,9999.000,9999.000,9999.000,9999.000,9999.000,9999.000
202602251930,  -0.171,9999.000,9999.000,9999.000,9999.000,9999.000,9999.000,9999.000,9999.000
202602251936,  -0.204,9999.000,9999.000,9999.000,9999.000,9999.000,9999.000,9999.000,9999.000
202602251942,  -0.231,9999.000,9999.000,9999.000,9999.000,9999.000,9999.000,9999.000,9999.000
202602251948,  -0.253,9999.000,9999.000,9999.000,9999.000,9999.000,9999.000,9999.000,9999.000
202602251954,  -0.269,9999.000,9999.000,9999.000,9999.000,9999.000,9999.000,9999.000,9999.000
202602252000,  -0.280,9999.000,   0.300,9999.000,   0.020,   0.300,   0.020,   0.300,   0.020
202602252006,  -0.285,9999.000,9999.000,9999.000,9999.000,9999.000,9999.000,9999.000,9999.000
202602252012,  -0.285,9999.000,9999.000,9999.000,9999.000,9999.000,9999.000,9999.000,9999.000
202602252018,  -0.279,9999.000,9999.000,9999.000,9999.000,9999.000,9999.000,9999.000,9999.000
202602252024,  -0.268,9999.000,9999.000,9999.000,9999.000,9999.000,9999.000,9999.000,9999.000
202602252030,  -0.252,9999.000,9999.000,9999.000,9999.000,9999.000,9999.000,9999.000,9999.000
202602252036,  -0.230,9999.000,9999.000,9999.000,9999.000,9999.000,9999.000,9999.000,9999.000
202602252042,  -0.203,9999.000,9999.000,9999.000,9999.000,9999.000,9999.000,9999.000,9999.000
202602252048,  -0.171,9999.000,9999.000,9999.000,9999.000,9999.000,9999.000,9999.000,9999.000
202602252054,  -0.134,9999.000,9999.000,9999.000,9999.000,9999.000,9999.000,9999.000,9999.000
202602252100,  -0.092,9999.000,   0.300,9999.000,   0.208,   0.200,   0.108,   0.300,   0.208
202602252106,  -0.045,9999.000,9999.000,9999.000,9999.000,9999.000,9999.000,9999.000,9999.000
202602252112,   0.005,9999.000,9999.000,9999.000,9999.000,9999.000,9999.000,9999.000,9999.000
202602252118,   0.061,9999.000,9999.000,9999.000,9999.000,9999.000,9999.000,9999.000,9999.000
202602252124,   0.121,9999.000,9999.000,9999.000,9999.000,9999.000,9999.000,9999.000,9999.000
202602252130,   0.185,9999.000,9999.000,9999.000,9999.000,9999.000,9999.000,9999.000,9999.000
202602252136,   0.253,9999.000,9999.000,9999.000,9999.000,9999.000,9999.000,9999.000,9999.000
202602252142,   0.325,9999.000,9999.000,9999.000,9999.000,9999.000,9999.000,9999.000,9999.000
202602252148,   0.400,9999.000,9999.000,9999.000,9999.000,9999.000,9999.000,9999.000,9999.000
202602252154,   0.479,9999.000,9999.000,9999.000,9999.000,9999.000,9999.000,9999.000,9999.000
202602252200,   0.561,9999.000,   0.300,9999.000,   0.861,   0.300,   0.861,   0.300,   0.861
202602252206,   0.646,9999.000,9999.000,9999.000,9999.000,9999.000,9999.000,9999.000,9999.000
202602252212,   0.734,9999.000,9999.000,9999.000,9999.000,9999.000,9999.000,9999.000,9999.000
202602252218,   0.825,9999.000,9999.000,9999.000,9999.000,9999.000,9999.000,9999.000,9999.000
202602252224,   0.917,9999.000,9999.000,9999.000,9999.000,9999.000,9999.000,9999.000,9999.000
202602252230,   1.012,9999.000,9999.000,9999.000,9999.000,9999.000,9999.000,9999.000,9999.000
202602252236,   1.109,9999.000,9999.000,9999.000,9999.000,9999.000,9999.000,9999.000,9999.000
202602252242,   1.207,9999.000,9999.000,9999.000,9999.000,9999.000,9999.000,9999.000,9999.000
202602252248,   1.307,9999.000,9999.000,9999.000,9999.000,9999.000,9999.000,9999.000,9999.000
202602252254,   1.407,9999.000,9999.000,9999.000,9999.000,9999.000,9999.000,9999.000,9999.000
202602252300,   1.509,9999.000,   0.200,9999.000,   1.709,   0.200,   1.709,   0.300,   1.809
202602252306,   1.612,9999.000,9999.000,9999.000,9999.000,9999.000,9999.000,9999.000,9999.000
202602252312,   1.715,9999.000,9999.000,9999.000,9999.000,9999.000,9999.000,9999.000,9999.000
202602252318,   1.818,9999.000,9999.000,9999.000,9999.000,9999.000,9999.000,9999.000,9999.000
202602252324,   1.921,9999.000,9999.000,9999.000,9999.000,9999.000,9999.000,9999.000,9999.000
202602252330,   2.024,9999.000,9999.000,9999.000,9999.000,9999.000,9999.000,9999.000,9999.000
202602252336,   2.127,9999.000,9999.000,9999.000,9999.000,9999.000,9999.000,9999.000,9999.000
202602252342,   2.229,9999.000,9999.000,9999.000,9999.000,9999.000,9999.000,9999.000,9999.000
202602252348,   2.330,9999.000,9999.000,9999.000,9999.000,9999.000,9999.000,9999.000,9999.000
202602252354,   2.430,9999.000,9999.000,9999.000,9999.000,9999.000,9999.000,9999.000,9999.000
202602260000,   2.528,9999.000,   0.300,9999.000,   2.828,   0.300,   2.828,   0.400,   2.928
202602260006,   2.626,9999.000,9999.000,9999.000,9999.000,9999.000,9999.000,9999.000,9999.000
202602260012,   2.721,9999.000,9999.000,9999.000,9999.000,9999.000,9999.000,9999.000,9999.000
202602260018,   2.815,9999.000,9999.000,9999.000,9999.000,9999.000,9999.000,9999.000,9999.000
202602260024,   2.907,9999.000,9999.000,9999.000,9999.000,9999.000,9999.000,9999.000,9999.000
202602260030,   2.996,9999.000,9999.000,9999.000,9999.000,9999.000,9999.000,9999.000,9999.000
202602260036,   3.084,9999.000,9999.000,9999.000,9999.000,9999.000,9999.000,9999.000,9999.000
202602260042,   3.169,9999.000,9999.000,9999.000,9999.000,9999.000,9999.000,9999.000,9999.000
202602260048,   3.251,9999.000,9999.000,9999.000,9999.000,9999.000,9999.000,9999.000,9999.000
202602260054,   3.330,9999.000,9999.000,9999.000,9999.000,9999.000,9999.000,9999.000,9999.000
202602260100,   3.407,9999.000,   0.300,9999.000,   3.707,   0.300,   3.707,   0.400,   3.807
202602260106,   3.480,9999.000,9999.000,9999.000,9999.000,9999.000,9999.000,9999.000,9999.000
202602260112,   3.551,9999.000,9999.000,9999.000,9999.000,9999.000,9999.000,9999.000,9999.000
202602260118,   3.618,9999.000,9999.000,9999.000,9999.000,9999.000,9999.000,9999.000,9999.000
202602260124,   3.682,9999.000,9999.000,9999.000,9999.000,9999.000,9999.000,9999.000,9999.000
202602260130,   3.742,9999.000,9999.000,9999.000,9999.000,9999.000,9999.000,9999.000,9999.000
202602260136,   3.799,9999.000,9999.000,9999.000,9999.000,9999.000,9999.000,9999.000,9999.000
202602260142,   3.853,9999.000,9999.000,9999.000,9999.000,9999.000,9999.000,9999.000,9999.000
202602260148,   3.903,9999.000,9999.000,9999.000,9999.000,9999.000,9999.000,9999.000,9999.000
202602260154,   3.949,9999.000,9999.000,9999.000,9999.000,9999.000,9999.000,9999.000,9999.000
202602260200,   3.992,9999.000,   0.300,9999.000,   4.292,   0.300,   4.292,   0.300,   4.292
202602260206,   4.031,9999.000,9999.000,9999.000,9999.000,9999.000,9999.000,9999.000,9999.000
202602260212,   4.066,9999.000,9999.000,9999.000,9999.000,9999.000,9999.000,9999.000,9999.000
202602260218,   4.098,9999.000,9999.000,9999.000,9999.000,9999.000,9999.000,9999.000,9999.000
202602260224,   4.126,9999.000,9999.000,9999.000,9999.000,9999.000,9999.000,9999.000,9999.000
202602260230,   4.151,9999.000,9999.000,9999.000,9999.000,9999.000,9999.000,9999.000,9999.000
202602260236,   4.172,9999.000,9999.000,9999.000,9999.000,9999.000,9999.000,9999.000,9999.000
202602260242,   4.189,9999.000,9999.000,9999.000,9999.000,9999.000,9999.000,9999.000,9999.000
202602260248,   4.203,9999.000,9999.000,9999.000,9999.000,9999.000,9999.000,9999.000,9999.000
202602260254,   4.213,9999.000,9999.000,9999.000,9999.000,9999.000,9999.000,9999.000,9999.000
202602260300,   4.220,9999.000,   0.300,9999.000,   4.520,   0.300,   4.520,   0.400,   4.620
202602260306,   4.223,9999.000,9999.000,9999.000,9999.000,9999.000,9999.000,9999.000,9999.000
202602260312,   4.224,9999.000,9999.000,9999.000,9999.000,9999.000,9999.000,9999.000,9999.000
202602260318,   4.221,9999.000,9999.000,9999.000,9999.000,9999.000,9999.000,9999.000,9999.000
202602260324,   4.215,9999.000,9999.000,9999.000,9999.000,9999.000,9999.000,9999.000,9999.000
202602260330,   4.206,9999.000,9999.000,9999.000,9999.000,9999.000,9999.000,9999.000,9999.000
202602260336,   4.194,9999.000,9999.000,9999.000,9999.000,9999.000,9999.000,9999.000,9999.000
202602260342,   4.179,9999.000,9999.000,9999.000,9999.000,9999.000,9999.000,9999.000,9999.000
202602260348,   4.162,9999.000,9999.000,9999.000,9999.000,9999.000,9999.000,9999.000,9999.000
202602260354,   4.142,9999.000,9999.000,9999.000,9999.000,9999.000,9999.000,9999.000,9999.000
202602260400,   4.120,9999.000,   0.300,9999.000,   4.420,   0.300,   4.420,   0.300,   4.420
202602260406,   4.096,9999.000,9999.000,9999.000,9999.000,9999.000,9999.000,9999.000,9999.000
202602260412,   4.070,9999.000,9999.000,9999.000,9999.000,9999.000,9999.000,9999.000,9999.000
202602260418,   4.041,9999.000,9999.000,9999.000,9999.000,9999.000,9999.000,9999.000,9999.000
202602260424,   4.011,9999.000,9999.000,9999.000,9999.000,9999.000,9999.000,9999.000,9999.000
202602260430,   3.980,9999.000,9999.000,9999.000,9999.000,9999.000,9999.000,9999.000,9999.000
202602260436,   3.947,9999.000,9999.000,9999.000,9999.000,9999.000,9999.000,9999.000,9999.000
202602260442,   3.912,9999.000,9999.000,9999.000,9999.000,9999.000,9999.000,9999.000,9999.000
202602260448,   3.877,9999.000,9999.000,9999.000,9999.000,9999.000,9999.000,9999.000,9999.000
202602260454,   3.840,9999.000,9999.000,9999.000,9999.000,9999.000,9999.000,9999.000,9999.000
202602260500,   3.803,9999.000,   0.300,9999.000,   4.103,   0.300,   4.103,   0.300,   4.103
202602260506,   3.766,9999.000,9999.000,9999.000,9999.000,9999.000,9999.000,9999.000,9999.000
202602260512,   3.728,9999.000,9999.000,9999.000,9999.000,9999.000,9999.000,9999.000,9999.000
202602260518,   3.690,9999.000,9999.000,9999.000,9999.000,9999.000,9999.000,9999.000,9999.000
202602260524,   3.651,9999.000,9999.000,9999.000,9999.000,9999.000,9999.000,9999.000,9999.000
202602260530,   3.613,9999.000,9999.000,9999.000,9999.000,9999.000,9999.000,9999.000,9999.000
202602260536,   3.576,9999.000,9999.000,9999.000,9999.000,9999.000,9999.000,9999.000,9999.000
202602260542,   3.539,9999.000,9999.000,9999.000,9999.000,9999.000,9999.000,9999.000,9999.000
202602260548,   3.502,9999.000,9999.000,9999.000,9999.000,9999.000,9999.000,9999.000,9999.000
202602260554,   3.467,9999.000,9999.000,9999.000,9999.000,9999.000,9999.000,9999.000,9999.000
202602260600,   3.432,9999.000,   0.300,9999.000,   3.732,   0.300,   3.732,   0.300,   3.732
202602260606,   3.399,9999.000,9999.000,9999.000,9999.000,9999.000,9999.000,9999.000,9999.000
202602260612,   3.367,9999.000,9999.000,9999.000,9999.000,9999.000,9999.000,9999.000,9999.000
202602260618,   3.337,9999.000,9999.000,9999.000,9999.000,9999.000,9999.000,9999.000,9999.000
202602260624,   3.309,9999.000,9999.000,9999.000,9999.000,9999.000,9999.000,9999.000,9999.000
202602260630,   3.283,9999.000,9999.000,9999.000,9999.000,9999.000,9999.000,9999.000,9999.000
202602260636,   3.258,9999.000,9999.000,9999.000,9999.000,9999.000,9999.000,9999.000,9999.000
202602260642,   3.236,9999.000,9999.000,9999.000,9999.000,9999.000,9999.000,9999.000,9999.000
202602260648,   3.217,9999.000,9999.000,9999.000,9999.000,9999.000,9999.000,9999.000,9999.000
202602260654,   3.199,9999.000,9999.000,9999.000,9999.000,9999.000,9999.000,9999.000,9999.000
202602260700,   3.185,9999.000,   0.300,9999.000,   3.485,   0.300,   3.485,   0.300,   3.485
202602260706,   3.173,9999.000,9999.000,9999.000,9999.000,9999.000,9999.000,9999.000,9999.000
202602260712,   3.164,9999.000,9999.000,9999.000,9999.000,9999.000,9999.000,9999.000,9999.000
202602260718,   3.158,9999.000,9999.000,9999.000,9999.000,9999.000,9999.000,9999.000,9999.000
202602260724,   3.155,9999.000,9999.000,9999.000,9999.000,9999.000,9999.000,9999.000,9999.000
202602260730,   3.155,9999.000,9999.000,9999.000,9999.000,9999.000,9999.000,9999.000,9999.000
202602260736,   3.159,9999.000,9999.000,9999.000,9999.000,9999.000,9999.000,9999.000,9999.000
202602260742,   3.165,9999.000,9999.000,9999.000,9999.000,9999.000,9999.000,9999.000,9999.000
202602260748,   3.175,9999.000,9999.000,9999.000,9999.000,9999.000,9999.000,9999.000,9999.000
202602260754,   3.189,9999.000,9999.000,9999.000,9999.000,9999.000,9999.000,9999.000,9999.000
202602260800,   3.206,9999.000,   0.300,9999.000,   3.506,   0.200,   3.406,   0.300,   3.506
202602260806,   3.226,9999.000,9999.000,9999.000,9999.000,9999.000,9999.000,9999.000,9999.000
202602260812,   3.250,9999.000,9999.000,9999.000,9999.000,9999.000,9999.000,9999.000,9999.000
202602260818,   3.277,9999.000,9999.000,9999.000,9999.000,9999.000,9999.000,9999.000,9999.000
202602260824,   3.308,9999.000,9999.000,9999.000,9999.000,9999.000,9999.000,9999.000,9999.000
202602260830,   3.342,9999.000,9999.000,9999.000,9999.000,9999.000,9999.000,9999.000,9999.000
202602260836,   3.380,9999.000,9999.000,9999.000,9999.000,9999.000,9999.000,9999.000,9999.000
202602260842,   3.421,9999.000,9999.000,9999.000,9999.000,9999.000,9999.000,9999.000,9999.000
202602260848,   3.465,9999.000,9999.000,9999.000,9999.000,9999.000,9999.000,9999.000,9999.000
202602260854,   3.513,9999.000,9999.000,9999.000,9999.000,9999.000,9999.000,9999.000,9999.000
202602260900,   3.563,9999.000,   0.300,9999.000,   3.863,   0.200,   3.763,   0.300,   3.863
202602260906,   3.617,9999.000,9999.000,9999.000,9999.000,9999.000,9999.000,9999.000,9999.000
202602260912,   3.674,9999.000,9999.000,9999.000,9999.000,9999.000,9999.000,9999.000,9999.000
202602260918,   3.733,9999.000,9999.000,9999.000,9999.000,9999.000,9999.000,9999.000,9999.000
202602260924,   3.796,9999.000,9999.000,9999.000,9999.000,9999.000,9999.000,9999.000,9999.000
202602260930,   3.861,9999.000,9999.000,9999.000,9999.000,9999.000,9999.000,9999.000,9999.000
202602260936,   3.928,9999.000,9999.000,9999.000,9999.000,9999.000,9999.000,9999.000,9999.000
202602260942,   3.998,9999.000,9999.000,9999.000,9999.000,9999.000,9999.000,9999.000,9999.000
202602260948,   4.070,9999.000,9999.000,9999.000,9999.000,9999.000,9999.000,9999.000,9999.000
202602260954,   4.144,9999.000,9999.000,9999.000,9999.000,9999.000,9999.000,9999.000,9999.000
202602261000,   4.220,9999.000,   0.300,9999.000,   4.520,   0.200,   4.420,   0.300,   4.520
202602261006,   4.297,9999.000,9999.000,9999.000,9999.000,9999.000,9999.000,9999.000,9999.000
202602261012,   4.376,9999.000,9999.000,9999.000,9999.000,9999.000,9999.000,9999.000,9999.000
202602261018,   4.456,9999.000,9999.000,9999.000,9999.000,9999.000,9999.000,9999.000,9999.000
202602261024,   4.537,9999.000,9999.000,9999.000,9999.000,9999.000,9999.000,9999.000,9999.000
202602261030,   4.619,9999.000,9999.000,9999.000,9999.000,9999.000,9999.000,9999.000,9999.000
202602261036,   4.702,9999.000,9999.000,9999.000,9999.000,9999.000,9999.000,9999.000,9999.000
202602261042,   4.785,9999.000,9999.000,9999.000,9999.000,9999.000,9999.000,9999.000,9999.000
202602261048,   4.868,9999.000,9999.000,9999.000,9999.000,9999.000,9999.000,9999.000,9999.000
202602261054,   4.952,9999.000,9999.000,9999.000,9999.000,9999.000,9999.000,9999.000,9999.000
202602261100,   5.035,9999.000,   0.200,9999.000,   5.235,   0.200,   5.235,   0.300,   5.335
202602261106,   5.117,9999.000,9999.000,9999.000,9999.000,9999.000,9999.000,9999.000,9999.000
202602261112,   5.199,9999.000,9999.000,9999.000,9999.000,9999.000,9999.000,9999.000,9999.000
202602261118,   5.280,9999.000,9999.000,9999.000,9999.000,9999.000,9999.000,9999.000,9999.000
202602261124,   5.359,9999.000,9999.000,9999.000,9999.000,9999.000,9999.000,9999.000,9999.000
202602261130,   5.437,9999.000,9999.000,9999.000,9999.000,9999.000,9999.000,9999.000,9999.000
202602261136,   5.514,9999.000,9999.000,9999.000,9999.000,9999.000,9999.000,9999.000,9999.000
202602261142,   5.589,9999.000,9999.000,9999.000,9999.000,9999.000,9999.000,9999.000,9999.000
202602261148,   5.661,9999.000,9999.000,9999.000,9999.000,9999.000,9999.000,9999.000,9999.000
202602261154,   5.732,9999.000,9999.000,9999.000,9999.000,9999.000,9999.000,9999.000,9999.000
202602261200,   5.799,9999.000,   0.300,9999.000,   6.099,   0.200,   5.999,   0.300,   6.099
202602261206,   5.864,9999.000,9999.000,9999.000,9999.000,9999.000,9999.000,9999.000,9999.000
202602261212,   5.926,9999.000,9999.000,9999.000,9999.000,9999.000,9999.000,9999.000,9999.000
202602261218,   5.985,9999.000,9999.000,9999.000,9999.000,9999.000,9999.000,9999.000,9999.000
202602261224,   6.041,9999.000,9999.000,9999.000,9999.000,9999.000,9999.000,9999.000,9999.000
202602261230,   6.093,9999.000,9999.000,9999.000,9999.000,9999.000,9999.000,9999.000,9999.000
202602261236,   6.141,9999.000,9999.000,9999.000,9999.000,9999.000,9999.000,9999.000,9999.000
202602261242,   6.185,9999.000,9999.000,9999.000,9999.000,9999.000,9999.000,9999.000,9999.000
202602261248,   6.226,9999.000,9999.000,9999.000,9999.000,9999.000,9999.000,9999.000,9999.000
202602261254,   6.262,9999.000,9999.000,9999.000,9999.000,9999.000,9999.000,9999.000,9999.000
202602261300,   6.293,9999.000,   0.300,9999.000,   6.593,   0.200,   6.493,   0.300,   6.593
202602261306,   6.321,9999.000,9999.000,9999.000,9999.000,9999.000,9999.000,9999.000,9999.000
202602261312,   6.343,9999.000,9999.000,9999.000,9999.000,9999.000,9999.000,9999.000,9999.000
202602261318,   6.361,9999.000,9999.000,9999.000,9999.000,9999.000,9999.000,9999.000,9999.000
202602261324,   6.374,9999.000,9999.000,9999.000,9999.000,9999.000,9999.000,9999.000,9999.000
202602261330,   6.382,9999.000,9999.000,9999.000,9999.000,9999.000,9999.000,9999.000,9999.000
202602261336,   6.384,9999.000,9999.000,9999.000,9999.000,9999.000,9999.000,9999.000,9999.000
202602261342,   6.382,9999.000,9999.000,9999.000,9999.000,9999.000,9999.000,9999.000,9999.000
202602261348,   6.375,9999.000,9999.000,9999.000,9999.000,9999.000,9999.000,9999.000,9999.000
202602261354,   6.362,9999.000,9999.000,9999.000,9999.000,9999.000,9999.000,9999.000,9999.000
202602261400,   6.344,9999.000,   0.300,9999.000,   6.644,   0.200,   6.544,   0.300,   6.644
202602261406,   6.320,9999.000,9999.000,9999.000,9999.000,9999.000,9999.000,9999.000,9999.000
202602261412,   6.291,9999.000,9999.000,9999.000,9999.000,9999.000,9999.000,9999.000,9999.000
202602261418,   6.257,9999.000,9999.000,9999.000,9999.000,9999.000,9999.000,9999.000,9999.000
202602261424,   6.218,9999.000,9999.000,9999.000,9999.000,9999.000,9999.000,9999.000,9999.000
202602261430,   6.173,9999.000,9999.000,9999.000,9999.000,9999.000,9999.000,9999.000,9999.000
202602261436,   6.123,9999.000,9999.000,9999.000,9999.000,9999.000,9999.000,9999.000,9999.000
202602261442,   6.067,9999.000,9999.000,9999.000,9999.000,9999.000,9999.000,9999.000,9999.000
202602261448,   6.006,9999.000,9999.000,9999.000,9999.000,9999.000,9999.000,9999.000,9999.000
202602261454,   5.940,9999.000,9999.000,9999.000,9999.000,9999.000,9999.000,9999.000,9999.000
202602261500,   5.869,9999.000,   0.300,9999.000,   6.169,   0.200,   6.069,   0.300,   6.169
202602261506,   5.793,9999.000,9999.000,9999.000,9999.000,9999.000,9999.000,9999.000,9999.000
202602261512,   5.712,9999.000,9999.000,9999.000,9999.000,9999.000,9999.000,9999.000,9999.000
202602261518,   5.626,9999.000,9999.000,9999.000,9999.000,9999.000,9999.000,9999.000,9999.000
202602261524,   5.536,9999.000,9999.000,9999.000,9999.000,9999.000,9999.000,9999.000,9999.000
202602261530,   5.441,9999.000,9999.000,9999.000,9999.000,9999.000,9999.000,9999.000,9999.000
202602261536,   5.341,9999.000,9999.000,9999.000,9999.000,9999.000,9999.000,9999.000,9999.000
202602261542,   5.237,9999.000,9999.000,9999.000,9999.000,9999.000,9999.000,9999.000,9999.000
202602261548,   5.129,9999.000,9999.000,9999.000,9999.000,9999.000,9999.000,9999.000,9999.000
202602261554,   5.017,9999.000,9999.000,9999.000,9999.000,9999.000,9999.000,9999.000,9999.000
202602261600,   4.901,9999.000,   0.300,9999.000,   5.201,   0.200,   5.101,   0.300,   5.201
202602261606,   4.782,9999.000,9999.000,9999.000,9999.000,9999.000,9999.000,9999.000,9999.000
202602261612,   4.659,9999.000,9999.000,9999.000,9999.000,9999.000,9999.000,9999.000,9999.000
202602261618,   4.533,9999.000,9999.000,9999.000,9999.000,9999.000,9999.000,9999.000,9999.000
202602261624,   4.404,9999.000,9999.000,9999.000,9999.000,9999.000,9999.000,9999.000,9999.000
202602261630,   4.272,9999.000,9999.000,9999.000,9999.000,9999.000,9999.000,9999.000,9999.000
202602261636,   4.137,9999.000,9999.000,9999.000,9999.000,9999.000,9999.000,9999.000,9999.000
202602261642,   4.000,9999.000,9999.000,9999.000,9999.000,9999.000,9999.000,9999.000,9999.000
202602261648,   3.861,9999.000,9999.000,9999.000,9999.000,9999.000,9999.000,9999.000,9999.000
202602261654,   3.720,9999.000,9999.000,9999.000,9999.000,9999.000,9999.000,9999.000,9999.000
202602261700,   3.578,9999.000,   0.300,9999.000,   3.878,   0.200,   3.778,   0.300,   3.878
202602261706,   3.434,9999.000,9999.000,9999.000,9999.000,9999.000,9999.000,9999.000,9999.000
202602261712,   3.289,9999.000,9999.000,9999.000,9999.000,9999.000,9999.000,9999.000,9999.000
202602261718,   3.143,9999.000,9999.000,9999.000,9999.000,9999.000,9999.000,9999.000,9999.000
202602261724,   2.996,9999.000,9999.000,9999.000,9999.000,9999.000,9999.000,9999.000,9999.000
202602261730,   2.850,9999.000,9999.000,9999.000,9999.000,9999.000,9999.000,9999.000,9999.000
202602261736,   2.703,9999.000,9999.000,9999.000,9999.000,9999.000,9999.000,9999.000,9999.000
202602261742,   2.556,9999.000,9999.000,9999.000,9999.000,9999.000,9999.000,9999.000,9999.000
202602261748,   2.409,9999.000,9999.000,9999.000,9999.000,9999.000,9999.000,9999.000,9999.000
202602261754,   2.264,9999.000,9999.000,9999.000,9999.000,9999.000,9999.000,9999.000,9999.000
202602261800,   2.119,9999.000,   0.200,9999.000,   2.319,   0.200,   2.319,   0.300,   2.419
202602261806,   1.976,9999.000,9999.000,9999.000,9999.000,9999.000,9999.000,9999.000,9999.000
202602261812,   1.834,9999.000,9999.000,9999.000,9999.000,9999.000,9999.000,9999.000,9999.000
202602261818,   1.694,9999.000,9999.000,9999.000,9999.000,9999.000,9999.000,9999.000,9999.000
202602261824,   1.556,9999.000,9999.000,9999.000,9999.000,9999.000,9999.000,9999.000,9999.000
202602261830,   1.420,9999.000,9999.000,9999.000,9999.000,9999.000,9999.000,9999.000,9999.000
202602261836,   1.286,9999.000,9999.000,9999.000,9999.000,9999.000,9999.000,9999.000,9999.000
202602261842,   1.156,9999.000,9999.000,9999.000,9999.000,9999.000,9999.000,9999.000,9999.000
202602261848,   1.029,9999.000,9999.000,9999.000,9999.000,9999.000,9999.000,9999.000,9999.000
202602261854,   0.904,9999.000,9999.000,9999.000,9999.000,9999.000,9999.000,9999.000,9999.000
202602261900,   0.784,9999.000,   0.200,9999.000,   0.984,   0.200,   0.984,   0.200,   0.984
202602261906,   0.667,9999.000,9999.000,9999.000,9999.000,9999.000,9999.000,9999.000,9999.000
202602261912,   0.554,9999.000,9999.000,9999.000,9999.000,9999.000,9999.000,9999.000,9999.000
202602261918,   0.445,9999.000,9999.000,9999.000,9999.000,9999.000,9999.000,9999.000,9999.000
202602261924,   0.341,9999.000,9999.000,9999.000,9999.000,9999.000,9999.000,9999.000,9999.000
202602261930,   0.241,9999.000,9999.000,9999.000,9999.000,9999.000,9999.000,9999.000,9999.000
202602261936,   0.146,9999.000,9999.000,9999.000,9999.000,9999.000,9999.000,9999.000,9999.000
202602261942,   0.056,9999.000,9999.000,9999.000,9999.000,9999.000,9999.000,9999.000,9999.000
202602261948,  -0.029,9999.000,9999.000,9999.000,9999.000,9999.000,9999.000,9999.000,9999.000
202602261954,  -0.108,9999.000,9999.000,9999.000,9999.000,9999.000,9999.000,9999.000,9999.000
202602262000,  -0.183,9999.000,   0.200,9999.000,   0.017,   0.200,   0.017,   0.300,   0.117
202602262006,  -0.252,9999.000,9999.000,9999.000,9999.000,9999.000,9999.000,9999.000,9999.000
202602262012,  -0.315,9999.000,9999.000,9999.000,9999.000,9999.000,9999.000,9999.000,9999.000
202602262018,  -0.372,9999.000,9999.000,9999.000,9999.000,9999.000,9999.000,9999.000,9999.000
202602262024,  -0.424,9999.000,9999.000,9999.000,9999.000,9999.000,9999.000,9999.000,9999.000
202602262030,  -0.470,9999.000,9999.000,9999.000,9999.000,9999.000,9999.000,9999.000,9999.000
202602262036,  -0.509,9999.000,9999.000,9999.000,9999.000,9999.000,9999.000,9999.000,9999.000
202602262042,  -0.543,9999.000,9999.000,9999.000,9999.000,9999.000,9999.000,9999.000,9999.000
202602262048,  -0.570,9999.000,9999.000,9999.000,9999.000,9999.000,9999.000,9999.000,9999.000
202602262054,  -0.592,9999.000,9999.000,9999.000,9999.000,9999.000,9999.000,9999.000,9999.000
202602262100,  -0.607,9999.000,   0.200,9999.000,  -0.407,   0.200,  -0.407,   0.200,  -0.407
202602262106,  -0.616,9999.000,9999.000,9999.000,9999.000,9999.000,9999.000,9999.000,9999.000
202602262112,  -0.619,9999.000,9999.000,9999.000,9999.000,9999.000,9999.000,9999.000,9999.000
202602262118,  -0.615,9999.000,9999.000,9999.000,9999.000,9999.000,9999.000,9999.000,9999.000
202602262124,  -0.606,9999.000,9999.000,9999.000,9999.000,9999.000,9999.000,9999.000,9999.000
202602262130,  -0.590,9999.000,9999.000,9999.000,9999.000,9999.000,9999.000,9999.000,9999.000
202602262136,  -0.569,9999.000,9999.000,9999.000,9999.000,9999.000,9999.000,9999.000,9999.000
202602262142,  -0.541,9999.000,9999.000,9999.000,9999.000,9999.000,9999.000,9999.000,9999.000
202602262148,  -0.508,9999.000,9999.000,9999.000,9999.000,9999.000,9999.000,9999.000,9999.000
202602262154,  -0.469,9999.000,9999.000,9999.000,9999.000,9999.000,9999.000,9999.000,9999.000
202602262200,  -0.425,9999.000,   0.300,9999.000,  -0.125,   0.200,  -0.225,   0.300,  -0.125
202602262206,  -0.375,9999.000,9999.000,9999.000,9999.000,9999.000,9999.000,9999.000,9999.000
202602262212,  -0.319,9999.000,9999.000,9999.000,9999.000,9999.000,9999.000,9999.000,9999.000
202602262218,  -0.259,9999.000,9999.000,9999.000,9999.000,9999.000,9999.000,9999.000,9999.000
202602262224,  -0.193,9999.000,9999.000,9999.000,9999.000,9999.000,9999.000,9999.000,9999.000
202602262230,  -0.122,9999.000,9999.000,9999.000,9999.000,9999.000,9999.000,9999.000,9999.000
202602262236,  -0.047,9999.000,9999.000,9999.000,9999.000,9999.000,9999.000,9999.000,9999.000
202602262242,   0.031,9999.000,9999.000,9999.000,9999.000,9999.000,9999.000,9999.000,9999.000
202602262248,   0.115,9999.000,9999.000,9999.000,9999.000,9999.000,9999.000,9999.000,9999.000
202602262254,   0.203,9999.000,9999.000,9999.000,9999.000,9999.000,9999.000,9999.000,9999.000
202602262300,   0.295,9999.000,   0.200,9999.000,   0.495,   0.200,   0.495,   0.200,   0.495
202602262306,   0.391,9999.000,9999.000,9999.000,9999.000,9999.000,9999.000,9999.000,9999.000
202602262312,   0.489,9999.000,9999.000,9999.000,9999.000,9999.000,9999.000,9999.000,9999.000
202602262318,   0.591,9999.000,9999.000,9999.000,9999.000,9999.000,9999.000,9999.000,9999.000
202602262324,   0.696,9999.000,9999.000,9999.000,9999.000,9999.000,9999.000,9999.000,9999.000
202602262330,   0.804,9999.000,9999.000,9999.000,9999.000,9999.000,9999.000,9999.000,9999.000
202602262336,   0.914,9999.000,9999.000,9999.000,9999.000,9999.000,9999.000,9999.000,9999.000
202602262342,   1.026,9999.000,9999.000,9999.000,9999.000,9999.000,9999.000,9999.000,9999.000
202602262348,   1.139,9999.000,9999.000,9999.000,9999.000,9999.000,9999.000,9999.000,9999.000
202602262354,   1.255,9999.000,9999.000,9999.000,9999.000,9999.000,9999.000,9999.000,9999.000
202602270000,   1.372,9999.000,   0.300,9999.000,   1.672,   0.200,   1.572,   0.300,   1.672
202602270006,   1.490,9999.000,9999.000,9999.000,9999.000,9999.000,9999.000,9999.000,9999.000
202602270012,   1.608,9999.000,9999.000,9999.000,9999.000,9999.000,9999.000,9999.000,9999.000
202602270018,   1.728,9999.000,9999.000,9999.000,9999.000,9999.000,9999.000,9999.000,9999.000
202602270024,   1.847,9999.000,9999.000,9999.000,9999.000,9999.000,9999.000,9999.000,9999.000
202602270030,   1.966,9999.000,9999.000,9999.000,9999.000,9999.000,9999.000,9999.000,9999.000
202602270036,   2.086,9999.000,9999.000,9999.000,9999.000,9999.000,9999.000,9999.000,9999.000
202602270042,   2.204,9999.000,9999.000,9999.000,9999.000,9999.000,9999.000,9999.000,9999.000
202602270048,   2.322,9999.000,9999.000,9999.000,9999.000,9999.000,9999.000,9999.000,9999.000
202602270054,   2.439,9999.000,9999.000,9999.000,9999.000,9999.000,9999.000,9999.000,9999.000
202602270100,   2.554,9999.000,   0.300,9999.000,   2.854,   0.300,   2.854,   0.300,   2.854
202602270106,   2.668,9999.000,9999.000,9999.000,9999.000,9999.000,9999.000,9999.000,9999.000
202602270112,   2.781,9999.000,9999.000,9999.000,9999.000,9999.000,9999.000,9999.000,9999.000
202602270118,   2.891,9999.000,9999.000,9999.000,9999.000,9999.000,9999.000,9999.000,9999.000
202602270124,   2.999,9999.000,9999.000,9999.000,9999.000,9999.000,9999.000,9999.000,9999.000
202602270130,   3.105,9999.000,9999.000,9999.000,9999.000,9999.000,9999.000,9999.000,9999.000
202602270136,   3.208,9999.000,9999.000,9999.000,9999.000,9999.000,9999.000,9999.000,9999.000
202602270142,   3.308,9999.000,9999.000,9999.000,9999.000,9999.000,9999.000,9999.000,9999.000
202602270148,   3.405,9999.000,9999.000,9999.000,9999.000,9999.000,9999.000,9999.000,9999.000
202602270154,   3.499,9999.000,9999.000,9999.000,9999.000,9999.000,9999.000,9999.000,9999.000
202602270200,   3.590,9999.000,   0.300,9999.000,   3.890,   0.300,   3.890,   0.300,   3.890
202602270206,   3.677,9999.000,9999.000,9999.000,9999.000,9999.000,9999.000,9999.000,9999.000
202602270212,   3.761,9999.000,9999.000,9999.000,9999.000,9999.000,9999.000,9999.000,9999.000
202602270218,   3.840,9999.000,9999.000,9999.000,9999.000,9999.000,9999.000,9999.000,9999.000
202602270224,   3.916,9999.000,9999.000,9999.000,9999.000,9999.000,9999.000,9999.000,9999.000
202602270230,   3.988,9999.000,9999.000,9999.000,9999.000,9999.000,9999.000,9999.000,9999.000
202602270236,   4.056,9999.000,9999.000,9999.000,9999.000,9999.000,9999.000,9999.000,9999.000
202602270242,   4.119,9999.000,9999.000,9999.000,9999.000,9999.000,9999.000,9999.000,9999.000
202602270248,   4.179,9999.000,9999.000,9999.000,9999.000,9999.000,9999.000,9999.000,9999.000
202602270254,   4.234,9999.000,9999.000,9999.000,9999.000,9999.000,9999.000,9999.000,9999.000
202602270300,   4.284,9999.000,   0.300,9999.000,   4.584,   0.300,   4.584,   0.300,   4.584
202602270306,   4.330,9999.000,9999.000,9999.000,9999.000,9999.000,9999.000,9999.000,9999.000
202602270312,   4.372,9999.000,9999.000,9999.000,9999.000,9999.000,9999.000,9999.000,9999.000
202602270318,   4.409,9999.000,9999.000,9999.000,9999.000,9999.000,9999.000,9999.000,9999.000
202602270324,   4.442,9999.000,9999.000,9999.000,9999.000,9999.000,9999.000,9999.000,9999.000
202602270330,   4.470,9999.000,9999.000,9999.000,9999.000,9999.000,9999.000,9999.000,9999.000
202602270336,   4.494,9999.000,9999.000,9999.000,9999.000,9999.000,9999.000,9999.000,9999.000
202602270342,   4.513,9999.000,9999.000,9999.000,9999.000,9999.000,9999.000,9999.000,9999.000
202602270348,   4.528,9999.000,9999.000,9999.000,9999.000,9999.000,9999.000,9999.000,9999.000
202602270354,   4.538,9999.000,9999.000,9999.000,9999.000,9999.000,9999.000,9999.000,9999.000
202602270400,   4.545,9999.000,   0.300,9999.000,   4.845,   0.200,   4.745,   0.300,   4.845
202602270406,   4.547,9999.000,9999.000,9999.000,9999.000,9999.000,9999.000,9999.000,9999.000
202602270412,   4.545,9999.000,9999.000,9999.000,9999.000,9999.000,9999.000,9999.000,9999.000
202602270418,   4.539,9999.000,9999.000,9999.000,9999.000,9999.000,9999.000,9999.000,9999.000
202602270424,   4.529,9999.000,9999.000,9999.000,9999.000,9999.000,9999.000,9999.000,9999.000
202602270430,   4.516,9999.000,9999.000,9999.000,9999.000,9999.000,9999.000,9999.000,9999.000
202602270436,   4.499,9999.000,9999.000,9999.000,9999.000,9999.000,9999.000,9999.000,9999.000
202602270442,   4.478,9999.000,9999.000,9999.000,9999.000,9999.000,9999.000,9999.000,9999.000
202602270448,   4.454,9999.000,9999.000,9999.000,9999.000,9999.000,9999.000,9999.000,9999.000
202602270454,   4.427,9999.000,9999.000,9999.000,9999.000,9999.000,9999.000,9999.000,9999.000
202602270500,   4.396,9999.000,   0.300,9999.000,   4.696,   0.300,   4.696,   0.300,   4.696
202602270506,   4.363,9999.000,9999.000,9999.000,9999.000,9999.000,9999.000,9999.000,9999.000
202602270512,   4.327,9999.000,9999.000,9999.000,9999.000,9999.000,9999.000,9999.000,9999.000
202602270518,   4.289,9999.000,9999.000,9999.000,9999.000,9999.000,9999.000,9999.000,9999.000
202602270524,   4.248,9999.000,9999.000,9999.000,9999.000,9999.000,9999.000,9999.000,9999.000
202602270530,   4.205,9999.000,9999.000,9999.000,9999.000,9999.000,9999.000,9999.000,9999.000
202602270536,   4.161,9999.000,9999.000,9999.000,9999.000,9999.000,9999.000,9999.000,9999.000
202602270542,   4.114,9999.000,9999.000,9999.000,9999.000,9999.000,9999.000,9999.000,9999.000
202602270548,   4.066,9999.000,9999.000,9999.000,9999.000,9999.000,9999.000,9999.000,9999.000
202602270554,   4.017,9999.000,9999.000,9999.000,9999.000,9999.000,9999.000,9999.000,9999.000
202602270600,   3.966,9999.000,   0.300,9999.000,   4.266,   0.200,   4.166,   0.300,   4.266
202602270606,   3.915,9999.000,9999.000,9999.000,9999.000,9999.000,9999.000,9999.000,9999.000
202602270612,   3.863,9999.000,9999.000,9999.000,9999.000,9999.000,9999.000,9999.000,9999.000
202602270618,   3.811,9999.000,9999.000,9999.000,9999.000,9999.000,9999.000,9999.000,9999.000
202602270624,   3.758,9999.000,9999.000,9999.000,9999.000,9999.000,9999.000,9999.000,9999.000
202602270630,   3.706,9999.000,9999.000,9999.000,9999.000,9999.000,9999.000,9999.000,9999.000
202602270636,   3.653,9999.000,9999.000,9999.000,9999.000,9999.000,9999.000,9999.000,9999.000
202602270642,   3.602,9999.000,9999.000,9999.000,9999.000,9999.000,9999.000,9999.000,9999.000
202602270648,   3.550,9999.000,9999.000,9999.000,9999.000,9999.000,9999.000,9999.000,9999.000
202602270654,   3.500,9999.000,9999.000,9999.000,9999.000,9999.000,9999.000,9999.000,9999.000
202602270700,   3.451,9999.000,   0.300,9999.000,   3.751,   0.200,   3.651,   0.300,   3.751
202602270706,   3.403,9999.000,9999.000,9999.000,9999.000,9999.000,9999.000,9999.000,9999.000
202602270712,   3.357,9999.000,9999.000,9999.000,9999.000,9999.000,9999.000,9999.000,9999.000
202602270718,   3.312,9999.000,9999.000,9999.000,9999.000,9999.000,9999.000,9999.000,9999.000
202602270724,   3.270,9999.000,9999.000,9999.000,9999.000,9999.000,9999.000,9999.000,9999.000
202602270730,   3.229,9999.000,9999.000,9999.000,9999.000,9999.000,9999.000,9999.000,9999.000
202602270736,   3.191,9999.000,9999.000,9999.000,9999.000,9999.000,9999.000,9999.000,9999.000
202602270742,   3.155,9999.000,9999.000,9999.000,9999.000,9999.000,9999.000,9999.000,9999.000
202602270748,   3.122,9999.000,9999.000,9999.000,9999.000,9999.000,9999.000,9999.000,9999.000
202602270754,   3.092,9999.000,9999.000,9999.000,9999.000,9999.000,9999.000,9999.000,9999.000
202602270800,   3.064,9999.000,   0.200,9999.000,   3.264,   0.200,   3.264,   0.300,   3.364
202602270806,   3.040,9999.000,9999.000,9999.000,9999.000,9999.000,9999.000,9999.000,9999.000
202602270812,   3.019,9999.000,9999.000,9999.000,9999.000,9999.000,9999.000,9999.000,9999.000
202602270818,   3.002,9999.000,9999.000,9999.000,9999.000,9999.000,9999.000,9999.000,9999.000
202602270824,   2.988,9999.000,9999.000,9999.000,9999.000,9999.000,9999.000,9999.000,9999.000
202602270830,   2.977,9999.000,9999.000,9999.000,9999.000,9999.000,9999.000,9999.000,9999.000
202602270836,   2.971,9999.000,9999.000,9999.000,9999.000,9999.000,9999.000,9999.000,9999.000
202602270842,   2.968,9999.000,9999.000,9999.000,9999.000,9999.000,9999.000,9999.000,9999.000
202602270848,   2.969,9999.000,9999.000,9999.000,9999.000,9999.000,9999.000,9999.000,9999.000
202602270854,   2.974,9999.000,9999.000,9999.000,9999.000,9999.000,9999.000,9999.000,9999.000
202602270900,   2.983,9999.000,   0.300,9999.000,   3.283,   0.200,   3.183,   0.300,   3.283
202602270906,   2.996,9999.000,9999.000,9999.000,9999.000,9999.000,9999.000,9999.000,9999.000
202602270912,   3.013,9999.000,9999.000,9999.000,9999.000,9999.000,9999.000,9999.000,9999.000
202602270918,   3.034,9999.000,9999.000,9999.000,9999.000,9999.000,9999.000,9999.000,9999.000
202602270924,   3.060,9999.000,9999.000,9999.000,9999.000,9999.000,9999.000,9999.000,9999.000
202602270930,   3.089,9999.000,9999.000,9999.000,9999.000,9999.000,9999.000,9999.000,9999.000
202602270936,   3.123,9999.000,9999.000,9999.000,9999.000,9999.000,9999.000,9999.000,9999.000
202602270942,   3.160,9999.000,9999.000,9999.000,9999.000,9999.000,9999.000,9999.000,9999.000
202602270948,   3.202,9999.000,9999.000,9999.000,9999.000,9999.000,9999.000,9999.000,9999.000
202602270954,   3.247,9999.000,9999.000,9999.000,9999.000,9999.000,9999.000,9999.000,9999.000
202602271000,   3.297,9999.000,   0.300,9999.000,   3.597,   0.200,   3.497,   0.300,   3.597
202602271006,   3.350,9999.000,9999.000,9999.000,9999.000,9999.000,9999.000,9999.000,9999.000
202602271012,   3.407,9999.000,9999.000,9999.000,9999.000,9999.000,9999.000,9999.000,9999.000
202602271018,   3.467,9999.000,9999.000,9999.000,9999.000,9999.000,9999.000,9999.000,9999.000
202602271024,   3.531,9999.000,9999.000,9999.000,9999.000,9999.000,9999.000,9999.000,9999.000
202602271030,   3.598,9999.000,9999.000,9999.000,9999.000,9999.000,9999.000,9999.000,9999.000
202602271036,   3.668,9999.000,9999.000,9999.000,9999.000,9999.000,9999.000,9999.000,9999.000
202602271042,   3.741,9999.000,9999.000,9999.000,9999.000,9999.000,9999.000,9999.000,9999.000
202602271048,   3.817,9999.000,9999.000,9999.000,9999.000,9999.000,9999.000,9999.000,9999.000
202602271054,   3.896,9999.000,9999.000,9999.000,9999.000,9999.000,9999.000,9999.000,9999.000
202602271100,   3.977,9999.000,   0.300,9999.000,   4.277,   0.200,   4.177,   0.300,   4.277
202602271106,   4.061,9999.000,9999.000,9999.000,9999.000,9999.000,9999.000,9999.000,9999.000
202602271112,   4.146,9999.000,9999.000,9999.000,9999.000,9999.000,9999.000,9999.000,9999.000
202602271118,   4.234,9999.000,9999.000,9999.000,9999.000,9999.000,9999.000,9999.000,9999.000
202602271124,   4.323,9999.000,9999.000,9999.000,9999.000,9999.000,9999.000,9999.000,9999.000
202602271130,   4.413,9999.000,9999.000,9999.000,9999.000,9999.000,9999.000,9999.000,9999.000
202602271136,   4.504,9999.000,9999.000,9999.000,9999.000,9999.000,9999.000,9999.000,9999.000
202602271142,   4.597,9999.000,9999.000,9999.000,9999.000,9999.000,9999.000,9999.000,9999.000
202602271148,   4.690,9999.000,9999.000,9999.000,9999.000,9999.000,9999.000,9999.000,9999.000
202602271154,   4.783,9999.000,9999.000,9999.000,9999.000,9999.000,9999.000,9999.000,9999.000
202602271200,   4.877,9999.000,   0.300,9999.000,   5.177,   0.200,   5.077,   0.300,   5.177
202602271206,   4.970,9999.000,9999.000,9999.000,9999.000,9999.000,9999.000,9999.000,9999.000
202602271212,   5.064,9999.000,9999.000,9999.000,9999.000,9999.000,9999.000,9999.000,9999.000
202602271218,   5.156,9999.000,9999.000,9999.000,9999.000,9999.000,9999.000,9999.000,9999.000
202602271224,   5.247,9999.000,9999.000,9999.000,9999.000,9999.000,9999.000,9999.000,9999.000
202602271230,   5.338,9999.000,9999.000,9999.000,9999.000,9999.000,9999.000,9999.000,9999.000
202602271236,   5.427,9999.000,9999.000,9999.000,9999.000,9999.000,9999.000,9999.000,9999.000
202602271242,   5.514,9999.000,9999.000,9999.000,9999.000,9999.000,9999.000,9999.000,9999.000
202602271248,   5.599,9999.000,9999.000,9999.000,9999.000,9999.000,9999.000,9999.000,9999.000
202602271254,   5.682,9999.000,9999.000,9999.000,9999.000,9999.000,9999.000,9999.000,9999.000
202602271300,   5.763,9999.000,   0.300,9999.000,   6.063,   0.300,   6.063,   0.400,   6.163
202602271306,   5.840,9999.000,9999.000,9999.000,9999.000,9999.000,9999.000,9999.000,9999.000
202602271312,   5.915,9999.000,9999.000,9999.000,9999.000,9999.000,9999.000,9999.000,9999.000
202602271318,   5.986,9999.000,9999.000,9999.000,9999.000,9999.000,9999.000,9999.000,9999.000
202602271324,   6.054,9999.000,9999.000,9999.000,9999.000,9999.000,9999.000,9999.000,9999.000
202602271330,   6.119,9999.000,9999.000,9999.000,9999.000,9999.000,9999.000,9999.000,9999.000
202602271336,   6.179,9999.000,9999.000,9999.000,9999.000,9999.000,9999.000,9999.000,9999.000
202602271342,   6.235,9999.000,9999.000,9999.000,9999.000,9999.000,9999.000,9999.000,9999.000
202602271348,   6.287,9999.000,9999.000,9999.000,9999.000,9999.000,9999.000,9999.000,9999.000
202602271354,   6.334,9999.000,9999.000,9999.000,9999.000,9999.000,9999.000,9999.000,9999.000
202602271400,   6.377,9999.000,   0.300,9999.000,   6.677,   0.200,   6.577,   0.300,   6.677
202602271406,   6.414,9999.000,9999.000,9999.000,9999.000,9999.000,9999.000,9999.000,9999.000
202602271412,   6.447,9999.000,9999.000,9999.000,9999.000,9999.000,9999.000,9999.000,9999.000
202602271418,   6.474,9999.000,9999.000,9999.000,9999.000,9999.000,9999.000,9999.000,9999.000
202602271424,   6.496,9999.000,9999.000,9999.000,9999.000,9999.000,9999.000,9999.000,9999.000
202602271430,   6.512,9999.000,9999.000,9999.000,9999.000,9999.000,9999.000,9999.000,9999.000
202602271436,   6.523,9999.000,9999.000,9999.000,9999.000,9999.000,9999.000,9999.000,9999.000
202602271442,   6.528,9999.000,9999.000,9999.000,9999.000,9999.000,9999.000,9999.000,9999.000
202602271448,   6.527,9999.000,9999.000,9999.000,9999.000,9999.000,9999.000,9999.000,9999.000
202602271454,   6.520,9999.000,9999.000,9999.000,9999.000,9999.000,9999.000,9999.000,9999.000
202602271500,   6.507,9999.000,   0.300,9999.000,   6.807,   0.300,   6.807,   0.400,   6.907
202602271506,   6.489,9999.000,9999.000,9999.000,9999.000,9999.000,9999.000,9999.000,9999.000
202602271512,   6.464,9999.000,9999.000,9999.000,9999.000,9999.000,9999.000,9999.000,9999.000
202602271518,   6.433,9999.000,9999.000,9999.000,9999.000,9999.000,9999.000,9999.000,9999.000
202602271524,   6.396,9999.000,9999.000,9999.000,9999.000,9999.000,9999.000,9999.000,9999.000
202602271530,   6.353,9999.000,9999.000,9999.000,9999.000,9999.000,9999.000,9999.000,9999.000
202602271536,   6.304,9999.000,9999.000,9999.000,9999.000,9999.000,9999.000,9999.000,9999.000
202602271542,   6.249,9999.000,9999.000,9999.000,9999.000,9999.000,9999.000,9999.000,9999.000
202602271548,   6.187,9999.000,9999.000,9999.000,9999.000,9999.000,9999.000,9999.000,9999.000
202602271554,   6.120,9999.000,9999.000,9999.000,9999.000,9999.000,9999.000,9999.000,9999.000
202602271600,   6.048,9999.000,   0.300,9999.000,   6.348,   0.300,   6.348,   0.300,   6.348
202602271606,   5.969,9999.000,9999.000,9999.000,9999.000,9999.000,9999.000,9999.000,9999.000
202602271612,   5.885,9999.000,9999.000,9999.000,9999.000,9999.000,9999.000,9999.000,9999.000
202602271618,   5.795,9999.000,9999.000,9999.000,9999.000,9999.000,9999.000,9999.000,9999.000
202602271624,   5.700,9999.000,9999.000,9999.000,9999.000,9999.000,9999.000,9999.000,9999.000
202602271630,   5.599,9999.000,9999.000,9999.000,9999.000,9999.000,9999.000,9999.000,9999.000
202602271636,   5.494,9999.000,9999.000,9999.000,9999.000,9999.000,9999.000,9999.000,9999.000
202602271642,   5.383,9999.000,9999.000,9999.000,9999.000,9999.000,9999.000,9999.000,9999.000
202602271648,   5.268,9999.000,9999.000,9999.000,9999.000,9999.000,9999.000,9999.000,9999.000
202602271654,   5.149,9999.000,9999.000,9999.000,9999.000,9999.000,9999.000,9999.000,9999.000
202602271700,   5.025,9999.000,   0.300,9999.000,   5.325,   0.300,   5.325,   0.400,   5.425
202602271706,   4.896,9999.000,9999.000,9999.000,9999.000,9999.000,9999.000,9999.000,9999.000
202602271712,   4.764,9999.000,9999.000,9999.000,9999.000,9999.000,9999.000,9999.000,9999.000
202602271718,   4.628,9999.000,9999.000,9999.000,9999.000,9999.000,9999.000,9999.000,9999.000
202602271724,   4.489,9999.000,9999.000,9999.000,9999.000,9999.000,9999.000,9999.000,9999.000
202602271730,   4.347,9999.000,9999.000,9999.000,9999.000,9999.000,9999.000,9999.000,9999.000
202602271736,   4.201,9999.000,9999.000,9999.000,9999.000,9999.000,9999.000,9999.000,9999.000
202602271742,   4.053,9999.000,9999.000,9999.000,9999.000,9999.000,9999.000,9999.000,9999.000
202602271748,   3.903,9999.000,9999.000,9999.000,9999.000,9999.000,9999.000,9999.000,9999.000
202602271754,   3.751,9999.000,9999.000,9999.000,9999.000,9999.000,9999.000,9999.000,9999.000
202602271800,   3.596,9999.000,   0.300,9999.000,   3.896,   0.300,   3.896,   0.300,   3.896
202602271806,   3.440,9999.000,9999.000,9999.000,9999.000,9999.000,9999.000,9999.000,9999.000
202602271812,   3.283,9999.000,9999.000,9999.000,9999.000,9999.000,9999.000,9999.000,9999.000
202602271818,   3.125,9999.000,9999.000,9999.000,9999.000,9999.000,9999.000,9999.000,9999.000
202602271824,   2.966,9999.000,9999.000,9999.000,9999.000,9999.000,9999.000,9999.000,9999.000
202602271830,   2.807,9999.000,9999.000,9999.000,9999.000,9999.000,9999.000,9999.000,9999.000
202602271836,   2.648,9999.000,9999.000,9999.000,9999.000,9999.000,9999.000,9999.000,9999.000
202602271842,   2.489,9999.000,9999.000,9999.000,9999.000,9999.000,9999.000,9999.000,9999.000
202602271848,   2.330,9999.000,9999.000,9999.000,9999.000,9999.000,9999.000,9999.000,9999.000
202602271854,   2.173,9999.000,9999.000,9999.000,9999.000,9999.000,9999.000,9999.000,9999.000
202602271900,   2.016,9999.000,   0.300,9999.000,   2.316,   0.200,   2.216,   0.300,   2.316
202602271906,   1.861,9999.000,9999.000,9999.000,9999.000,9999.000,9999.000,9999.000,9999.000
202602271912,   1.708,9999.000,9999.000,9999.000,9999.000,9999.000,9999.000,9999.000,9999.000
202602271918,   1.557,9999.000,9999.000,9999.000,9999.000,9999.000,9999.000,9999.000,9999.000
202602271924,   1.408,9999.000,9999.000,9999.000,9999.000,9999.000,9999.000,9999.000,9999.000
202602271930,   1.262,9999.000,9999.000,9999.000,9999.000,9999.000,9999.000,9999.000,9999.000
202602271936,   1.118,9999.000,9999.000,9999.000,9999.000,9999.000,9999.000,9999.000,9999.000
202602271942,   0.978,9999.000,9999.000,9999.000,9999.000,9999.000,9999.000,9999.000,9999.000
202602271948,   0.842,9999.000,9999.000,9999.000,9999.000,9999.000,9999.000,9999.000,9999.000
202602271954,   0.709,9999.000,9999.000,9999.000,9999.000,9999.000,9999.000,9999.000,9999.000
202602272000,   0.580,9999.000,   0.300,9999.000,   0.880,   0.300,   0.880,   0.300,   0.880
202602272006,   0.455,9999.000,9999.000,9999.000,9999.000,9999.000,9999.000,9999.000,9999.000
202602272012,   0.335,9999.000,9999.000,9999.000,9999.000,9999.000,9999.000,9999.000,9999.000
202602272018,   0.220,9999.000,9999.000,9999.000,9999.000,9999.000,9999.000,9999.000,9999.000
202602272024,   0.109,9999.000,9999.000,9999.000,9999.000,9999.000,9999.000,9999.000,9999.000
202602272030,   0.004,9999.000,9999.000,9999.000,9999.000,9999.000,9999.000,9999.000,9999.000
202602272036,  -0.095,9999.000,9999.000,9999.000,9999.000,9999.000,9999.000,9999.000,9999.000
202602272042,  -0.189,9999.000,9999.000,9999.000,9999.000,9999.000,9999.000,9999.000,9999.000
202602272048,  -0.278,9999.000,9999.000,9999.000,9999.000,9999.000,9999.000,9999.000,9999.000
202602272054,  -0.361,9999.000,9999.000,9999.000,9999.000,9999.000,9999.000,9999.000,9999.000
202602272100,  -0.437,9999.000,   0.300,9999.000,  -0.137,   0.300,  -0.137,   0.400,  -0.037
202602272106,  -0.508,9999.000,9999.000,9999.000,9999.000,9999.000,9999.000,9999.000,9999.000
202602272112,  -0.572,9999.000,9999.000,9999.000,9999.000,9999.000,9999.000,9999.000,9999.000
202602272118,  -0.629,9999.000,9999.000,9999.000,9999.000,9999.000,9999.000,9999.000,9999.000
202602272124,  -0.680,9999.000,9999.000,9999.000,9999.000,9999.000,9999.000,9999.000,9999.000
202602272130,  -0.725,9999.000,9999.000,9999.000,9999.000,9999.000,9999.000,9999.000,9999.000
202602272136,  -0.762,9999.000,9999.000,9999.000,9999.000,9999.000,9999.000,9999.000,9999.000
202602272142,  -0.793,9999.000,9999.000,9999.000,9999.000,9999.000,9999.000,9999.000,9999.000
202602272148,  -0.817,9999.000,9999.000,9999.000,9999.000,9999.000,9999.000,9999.000,9999.000
202602272154,  -0.834,9999.000,9999.000,9999.000,9999.000,9999.000,9999.000,9999.000,9999.000
202602272200,  -0.845,9999.000,   0.300,9999.000,  -0.545,   0.300,  -0.545,   0.400,  -0.445
202602272206,  -0.848,9999.000,9999.000,9999.000,9999.000,9999.000,9999.000,9999.000,9999.000
202602272212,  -0.844,9999.000,9999.000,9999.000,9999.000,9999.000,9999.000,9999.000,9999.000
202602272218,  -0.834,9999.000,9999.000,9999.000,9999.000,9999.000,9999.000,9999.000,9999.000
202602272224,  -0.817,9999.000,9999.000,9999.000,9999.000,9999.000,9999.000,9999.000,9999.000
202602272230,  -0.793,9999.000,9999.000,9999.000,9999.000,9999.000,9999.000,9999.000,9999.000
202602272236,  -0.763,9999.000,9999.000,9999.000,9999.000,9999.000,9999.000,9999.000,9999.000
202602272242,  -0.725,9999.000,9999.000,9999.000,9999.000,9999.000,9999.000,9999.000,9999.000
202602272248,  -0.682,9999.000,9999.000,9999.000,9999.000,9999.000,9999.000,9999.000,9999.000
202602272254,  -0.632,9999.000,9999.000,9999.000,9999.000,9999.000,9999.000,9999.000,9999.000
202602272300,  -0.576,9999.000,   0.300,9999.000,  -0.276,   0.300,  -0.276,   0.400,  -0.176
202602272306,  -0.514,9999.000,9999.000,9999.000,9999.000,9999.000,9999.000,9999.000,9999.000
202602272312,  -0.446,9999.000,9999.000,9999.000,9999.000,9999.000,9999.000,9999.000,9999.000
202602272318,  -0.372,9999.000,9999.000,9999.000,9999.000,9999.000,9999.000,9999.000,9999.000
202602272324,  -0.293,9999.000,9999.000,9999.000,9999.000,9999.000,9999.000,9999.000,9999.000
202602272330,  -0.208,9999.000,9999.000,9999.000,9999.000,9999.000,9999.000,9999.000,9999.000
202602272336,  -0.118,9999.000,9999.000,9999.000,9999.000,9999.000,9999.000,9999.000,9999.000
202602272342,  -0.024,9999.000,9999.000,9999.000,9999.000,9999.000,9999.000,9999.000,9999.000
202602272348,   0.074,9999.000,9999.000,9999.000,9999.000,9999.000,9999.000,9999.000,9999.000
202602272354,   0.178,9999.000,9999.000,9999.000,9999.000,9999.000,9999.000,9999.000,9999.000
202602280000,   0.286,9999.000,   0.400,9999.000,   0.686,   0.300,   0.586,   0.400,   0.686
202602280006,   0.397,9999.000,9999.000,9999.000,9999.000,9999.000,9999.000,9999.000,9999.000
202602280012,   0.513,9999.000,9999.000,9999.000,9999.000,9999.000,9999.000,9999.000,9999.000
202602280018,   0.631,9999.000,9999.000,9999.000,9999.000,9999.000,9999.000,9999.000,9999.000
202602280024,   0.753,9999.000,9999.000,9999.000,9999.000,9999.000,9999.000,9999.000,9999.000
202602280030,   0.877,9999.000,9999.000,9999.000,9999.000,9999.000,9999.000,9999.000,9999.000
202602280036,   1.004,9999.000,9999.000,9999.000,9999.000,9999.000,9999.000,9999.000,9999.000
202602280042,   1.133,9999.000,9999.000,9999.000,9999.000,9999.000,9999.000,9999.000,9999.000
202602280048,   1.264,9999.000,9999.000,9999.000,9999.000,9999.000,9999.000,9999.000,9999.000
202602280054,   1.396,9999.000,9999.000,9999.000,9999.000,9999.000,9999.000,9999.000,9999.000
202602280100,   1.530,9999.000,   0.400,9999.000,   1.930,   0.400,   1.930,   0.500,   2.030
202602280106,   1.664,9999.000,9999.000,9999.000,9999.000,9999.000,9999.000,9999.000,9999.000
202602280112,   1.799,9999.000,9999.000,9999.000,9999.000,9999.000,9999.000,9999.000,9999.000
202602280118,   1.934,9999.000,9999.000,9999.000,9999.000,9999.000,9999.000,9999.000,9999.000
202602280124,   2.069,9999.000,9999.000,9999.000,9999.000,9999.000,9999.000,9999.000,9999.000
202602280130,   2.204,9999.000,9999.000,9999.000,9999.000,9999.000,9999.000,9999.000,9999.000
202602280136,   2.338,9999.000,9999.000,9999.000,9999.000,9999.000,9999.000,9999.000,9999.000
202602280142,   2.471,9999.000,9999.000,9999.000,9999.000,9999.000,9999.000,9999.000,9999.000
202602280148,   2.603,9999.000,9999.000,9999.000,9999.000,9999.000,9999.000,9999.000,9999.000
202602280154,   2.734,9999.000,9999.000,9999.000,9999.000,9999.000,9999.000,9999.000,9999.000
202602280200,   2.862,9999.000,   0.400,9999.000,   3.262,   0.300,   3.162,   0.400,   3.262
202602280206,   2.989,9999.000,9999.000,9999.000,9999.000,9999.000,9999.000,9999.000,9999.000
202602280212,   3.113,9999.000,9999.000,9999.000,9999.000,9999.000,9999.000,9999.000,9999.000
202602280218,   3.234,9999.000,9999.000,9999.000,9999.000,9999.000,9999.000,9999.000,9999.000
202602280224,   3.352,9999.000,9999.000,9999.000,9999.000,9999.000,9999.000,9999.000,9999.000
202602280230,   3.468,9999.000,9999.000,9999.000,9999.000,9999.000,9999.000,9999.000,9999.000
202602280236,   3.579,9999.000,9999.000,9999.000,9999.000,9999.000,9999.000,9999.000,9999.000
202602280242,   3.688,9999.000,9999.000,9999.000,9999.000,9999.000,9999.000,9999.000,9999.000
202602280248,   3.792,9999.000,9999.000,9999.000,9999.000,9999.000,9999.000,9999.000,9999.000
202602280254,   3.893,9999.000,9999.000,9999.000,9999.000,9999.000,9999.000,9999.000,9999.000
202602280300,   3.989,9999.000,   0.400,9999.000,   4.389,   0.400,   4.389,   0.500,   4.489
202602280306,   4.080,9999.000,9999.000,9999.000,9999.000,9999.000,9999.000,9999.000,9999.000
202602280312,   4.168,9999.000,9999.000,9999.000,9999.000,9999.000,9999.000,9999.000,9999.000
202602280318,   4.250,9999.000,9999.000,9999.000,9999.000,9999.000,9999.000,9999.000,9999.000
202602280324,   4.328,9999.000,9999.000,9999.000,9999.000,9999.000,9999.000,9999.000,9999.000
202602280330,   4.400,9999.000,9999.000,9999.000,9999.000,9999.000,9999.000,9999.000,9999.000
202602280336,   4.468,9999.000,9999.000,9999.000,9999.000,9999.000,9999.000,9999.000,9999.000
202602280342,   4.531,9999.000,9999.000,9999.000,9999.000,9999.000,9999.000,9999.000,9999.000
202602280348,   4.588,9999.000,9999.000,9999.000,9999.000,9999.000,9999.000,9999.000,9999.000
202602280354,   4.640,9999.000,9999.000,9999.000,9999.000,9999.000,9999.000,9999.000,9999.000
202602280400,   4.686,9999.000,   0.400,9999.000,   5.086,   0.400,   5.086,   0.500,   5.186
202602280406,   4.728,9999.000,9999.000,9999.000,9999.000,9999.000,9999.000,9999.000,9999.000
202602280412,   4.763,9999.000,9999.000,9999.000,9999.000,9999.000,9999.000,9999.000,9999.000
202602280418,   4.794,9999.000,9999.000,9999.000,9999.000,9999.000,9999.000,9999.000,9999.000
202602280424,   4.819,9999.000,9999.000,9999.000,9999.000,9999.000,9999.000,9999.000,9999.000
202602280430,   4.839,9999.000,9999.000,9999.000,9999.000,9999.000,9999.000,9999.000,9999.000
202602280436,   4.853,9999.000,9999.000,9999.000,9999.000,9999.000,9999.000,9999.000,9999.000
202602280442,   4.862,9999.000,9999.000,9999.000,9999.000,9999.000,9999.000,9999.000,9999.000
202602280448,   4.866,9999.000,9999.000,9999.000,9999.000,9999.000,9999.000,9999.000,9999.000
202602280454,   4.865,9999.000,9999.000,9999.000,9999.000,9999.000,9999.000,9999.000,9999.000
202602280500,   4.859,9999.000,   0.500,9999.000,   5.359,   0.400,   5.259,   0.500,   5.359
202602280506,   4.848,9999.000,9999.000,9999.000,9999.000,9999.000,9999.000,9999.000,9999.000
202602280512,   4.832,9999.000,9999.000,9999.000,9999.000,9999.000,9999.000,9999.000,9999.000
202602280518,   4.812,9999.000,9999.000,9999.000,9999.000,9999.000,9999.000,9999.000,9999.000
202602280524,   4.787,9999.000,9999.000,9999.000,9999.000,9999.000,9999.000,9999.000,9999.000
202602280530,   4.757,9999.000,9999.000,9999.000,9999.000,9999.000,9999.000,9999.000,9999.000
202602280536,   4.724,9999.000,9999.000,9999.000,9999.000,9999.000,9999.000,9999.000,9999.000
202602280542,   4.687,9999.000,9999.000,9999.000,9999.000,9999.000,9999.000,9999.000,9999.000
202602280548,   4.645,9999.000,9999.000,9999.000,9999.000,9999.000,9999.000,9999.000,9999.000
202602280554,   4.601,9999.000,9999.000,9999.000,9999.000,9999.000,9999.000,9999.000,9999.000
202602280600,   4.552,9999.000,   0.400,9999.000,   4.952,   0.400,   4.952,   0.500,   5.052
202602280606,   4.501,9999.000,9999.000,9999.000,9999.000,9999.000,9999.000,9999.000,9999.000
202602280612,   4.447,9999.000,9999.000,9999.000,9999.000,9999.000,9999.000,9999.000,9999.000
202602280618,   4.389,9999.000,9999.000,9999.000,9999.000,9999.000,9999.000,9999.000,9999.000
202602280624,   4.330,9999.000,9999.000,9999.000,9999.000,9999.000,9999.000,9999.000,9999.000
202602280630,   4.268,9999.000,9999.000,9999.000,9999.000,9999.000,9999.000,9999.000,9999.000
202602280636,   4.204,9999.000,9999.000,9999.000,9999.000,9999.000,9999.000,9999.000,9999.000
202602280642,   4.138,9999.000,9999.000,9999.000,9999.000,9999.000,9999.000,9999.000,9999.000
202602280648,   4.071,9999.000,9999.000,9999.000,9999.000,9999.000,9999.000,9999.000,9999.000
202602280654,   4.003,9999.000,9999.000,9999.000,9999.000,9999.000,9999.000,9999.000,9999.000
202602280700,   3.933,9999.000,   0.500,9999.000,   4.433,   0.400,   4.333,   0.500,   4.433
202602280706,   3.863,9999.000,9999.000,9999.000,9999.000,9999.000,9999.000,9999.000,9999.000
202602280712,   3.793,9999.000,9999.000,9999.000,9999.000,9999.000,9999.000,9999.000,9999.000
202602280718,   3.722,9999.000,9999.000,9999.000,9999.000,9999.000,9999.000,9999.000,9999.000
202602280724,   3.651,9999.000,9999.000,9999.000,9999.000,9999.000,9999.000,9999.000,9999.000
202602280730,   3.581,9999.000,9999.000,9999.000,9999.000,9999.000,9999.000,9999.000,9999.000
202602280736,   3.511,9999.000,9999.000,9999.000,9999.000,9999.000,9999.000,9999.000,9999.000
202602280742,   3.442,9999.000,9999.000,9999.000,9999.000,9999.000,9999.000,9999.000,9999.000
202602280748,   3.374,9999.000,9999.000,9999.000,9999.000,9999.000,9999.000,9999.000,9999.000
202602280754,   3.307,9999.000,9999.000,9999.000,9999.000,9999.000,9999.000,9999.000,9999.000
202602280800,   3.242,9999.000,   0.500,9999.000,   3.742,   0.400,   3.642,   0.500,   3.742
202602280806,   3.179,9999.000,9999.000,9999.000,9999.000,9999.000,9999.000,9999.000,9999.000
202602280812,   3.117,9999.000,9999.000,9999.000,9999.000,9999.000,9999.000,9999.000,9999.000
202602280818,   3.059,9999.000,9999.000,9999.000,9999.000,9999.000,9999.000,9999.000,9999.000
202602280824,   3.002,9999.000,9999.000,9999.000,9999.000,9999.000,9999.000,9999.000,9999.000
202602280830,   2.948,9999.000,9999.000,9999.000,9999.000,9999.000,9999.000,9999.000,9999.000
202602280836,   2.898,9999.000,9999.000,9999.000,9999.000,9999.000,9999.000,9999.000,9999.000
202602280842,   2.850,9999.000,9999.000,9999.000,9999.000,9999.000,9999.000,9999.000,9999.000
202602280848,   2.806,9999.000,9999.000,9999.000,9999.000,9999.000,9999.000,9999.000,9999.000
202602280854,   2.765,9999.000,9999.000,9999.000,9999.000,9999.000,9999.000,9999.000,9999.000
202602280900,   2.728,9999.000,   0.500,9999.000,   3.228,   0.400,   3.128,   0.600,   3.328
202602280906,   2.695,9999.000,9999.000,9999.000,9999.000,9999.000,9999.000,9999.000,9999.000
202602280912,   2.666,9999.000,9999.000,9999.000,9999.000,9999.000,9999.000,9999.000,9999.000
202602280918,   2.641,9999.000,9999.000,9999.000,9999.000,9999.000,9999.000,9999.000,9999.000
202602280924,   2.620,9999.000,9999.000,9999.000,9999.000,9999.000,9999.000,9999.000,9999.000
202602280930,   2.604,9999.000,9999.000,9999.000,9999.000,9999.000,9999.000,9999.000,9999.000
202602280936,   2.592,9999.000,9999.000,9999.000,9999.000,9999.000,9999.000,9999.000,9999.000
202602280942,   2.585,9999.000,9999.000,9999.000,9999.000,9999.000,9999.000,9999.000,9999.000
202602280948,   2.583,9999.000,9999.000,9999.000,9999.000,9999.000,9999.000,9999.000,9999.000
202602280954,   2.585,9999.000,9999.000,9999.000,9999.000,9999.000,9999.000,9999.000,9999.000
202602281000,   2.592,9999.000,   0.500,9999.000,   3.092,   0.400,   2.992,   0.600,   3.192
202602281006,   2.604,9999.000,9999.000,9999.000,9999.000,9999.000,9999.000,9999.000,9999.000
202602281012,   2.621,9999.000,9999.000,9999.000,9999.000,9999.000,9999.000,9999.000,9999.000
202602281018,   2.643,9999.000,9999.000,9999.000,9999.000,9999.000,9999.000,9999.000,9999.000
202602281024,   2.670,9999.000,9999.000,9999.000,9999.000,9999.000,9999.000,9999.000,9999.000
202602281030,   2.701,9999.000,9999.000,9999.000,9999.000,9999.000,9999.000,9999.000,9999.000
202602281036,   2.738,9999.000,9999.000,9999.000,9999.000,9999.000,9999.000,9999.000,9999.000
202602281042,   2.779,9999.000,9999.000,9999.000,9999.000,9999.000,9999.000,9999.000,9999.000
202602281048,   2.825,9999.000,9999.000,9999.000,9999.000,9999.000,9999.000,9999.000,9999.000
202602281054,   2.875,9999.000,9999.000,9999.000,9999.000,9999.000,9999.000,9999.000,9999.000
202602281100,   2.930,9999.000,   0.500,9999.000,   3.430,   0.400,   3.330,   0.600,   3.530
202602281106,   2.990,9999.000,9999.000,9999.000,9999.000,9999.000,9999.000,9999.000,9999.000
202602281112,   3.054,9999.000,9999.000,9999.000,9999.000,9999.000,9999.000,9999.000,9999.000
202602281118,   3.122,9999.000,9999.000,9999.000,9999.000,9999.000,9999.000,9999.000,9999.000
202602281124,   3.194,9999.000,9999.000,9999.000,9999.000,9999.000,9999.000,9999.000,9999.000
202602281130,   3.270,9999.000,9999.000,9999.000,9999.000,9999.000,9999.000,9999.000,9999.000
202602281136,   3.350,9999.000,9999.000,9999.000,9999.000,9999.000,9999.000,9999.000,9999.000
202602281142,   3.434,9999.000,9999.000,9999.000,9999.000,9999.000,9999.000,9999.000,9999.000
202602281148,   3.521,9999.000,9999.000,9999.000,9999.000,9999.000,9999.000,9999.000,9999.000
202602281154,   3.610,9999.000,9999.000,9999.000,9999.000,9999.000,9999.000,9999.000,9999.000
202602281200,   3.703,9999.000,   0.500,9999.000,   4.203,   0.400,   4.103,   0.600,   4.303
202602281206,   3.799,9999.000,9999.000,9999.000,9999.000,9999.000,9999.000,9999.000,9999.000
202602281212,   3.897,9999.000,9999.000,9999.000,9999.000,9999.000,9999.000,9999.000,9999.000
202602281218,   3.997,9999.000,9999.000,9999.000,9999.000,9999.000,9999.000,9999.000,9999.000
202602281224,   4.099,9999.000,9999.000,9999.000,9999.000,9999.000,9999.000,9999.000,9999.000
202602281230,   4.203,9999.000,9999.000,9999.000,9999.000,9999.000,9999.000,9999.000,9999.000
202602281236,   4.308,9999.000,9999.000,9999.000,9999.000,9999.000,9999.000,9999.000,9999.000
202602281242,   4.414,9999.000,9999.000,9999.000,9999.000,9999.000,9999.000,9999.000,9999.000
202602281248,   4.521,9999.000,9999.000,9999.000,9999.000,9999.000,9999.000,9999.000,9999.000
202602281254,   4.628,9999.000,9999.000,9999.000,9999.000,9999.000,9999.000,9999.000,9999.000
202602281300,   4.736,9999.000,   0.600,9999.000,   5.336,   0.500,   5.236,   0.600,   5.336
202602281306,   4.844,9999.000,9999.000,9999.000,9999.000,9999.000,9999.000,9999.000,9999.000
202602281312,   4.951,9999.000,9999.000,9999.000,9999.000,9999.000,9999.000,9999.000,9999.000
202602281318,   5.057,9999.000,9999.000,9999.000,9999.000,9999.000,9999.000,9999.000,9999.000
202602281324,   5.163,9999.000,9999.000,9999.000,9999.000,9999.000,9999.000,9999.000,9999.000
202602281330,   5.267,9999.000,9999.000,9999.000,9999.000,9999.000,9999.000,9999.000,9999.000
202602281336,   5.369,9999.000,9999.000,9999.000,9999.000,9999.000,9999.000,9999.000,9999.000
202602281342,   5.470,9999.000,9999.000,9999.000,9999.000,9999.000,9999.000,9999.000,9999.000
202602281348,   5.568,9999.000,9999.000,9999.000,9999.000,9999.000,9999.000,9999.000,9999.000
202602281354,   5.664,9999.000,9999.000,9999.000,9999.000,9999.000,9999.000,9999.000,9999.000
202602281400,   5.757,9999.000,   0.500,9999.000,   6.257,   0.500,   6.257,   0.600,   6.357
202602281406,   5.846,9999.000,9999.000,9999.000,9999.000,9999.000,9999.000,9999.000,9999.000
202602281412,   5.933,9999.000,9999.000,9999.000,9999.000,9999.000,9999.000,9999.000,9999.000
202602281418,   6.015,9999.000,9999.000,9999.000,9999.000,9999.000,9999.000,9999.000,9999.000
202602281424,   6.094,9999.000,9999.000,9999.000,9999.000,9999.000,9999.000,9999.000,9999.000
202602281430,   6.168,9999.000,9999.000,9999.000,9999.000,9999.000,9999.000,9999.000,9999.000
202602281436,   6.238,9999.000,9999.000,9999.000,9999.000,9999.000,9999.000,9999.000,9999.000
202602281442,   6.303,9999.000,9999.000,9999.000,9999.000,9999.000,9999.000,9999.000,9999.000
202602281448,   6.363,9999.000,9999.000,9999.000,9999.000,9999.000,9999.000,9999.000,9999.000
202602281454,   6.418,9999.000,9999.000,9999.000,9999.000,9999.000,9999.000,9999.000,9999.000
202602281500,   6.467,9999.000,   0.500,9999.000,   6.967,   0.500,   6.967,   0.600,   7.067
202602281506,   6.511,9999.000,9999.000,9999.000,9999.000,9999.000,9999.000,9999.000,9999.000
202602281512,   6.549,9999.000,9999.000,9999.000,9999.000,9999.000,9999.000,9999.000,9999.000
202602281518,   6.581,9999.000,9999.000,9999.000,9999.000,9999.000,9999.000,9999.000,9999.000
202602281524,   6.607,9999.000,9999.000,9999.000,9999.000,9999.000,9999.000,9999.000,9999.000
202602281530,   6.627,9999.000,9999.000,9999.000,9999.000,9999.000,9999.000,9999.000,9999.000
202602281536,   6.640,9999.000,9999.000,9999.000,9999.000,9999.000,9999.000,9999.000,9999.000
202602281542,   6.647,9999.000,9999.000,9999.000,9999.000,9999.000,9999.000,9999.000,9999.000
202602281548,   6.647,9999.000,9999.000,9999.000,9999.000,9999.000,9999.000,9999.000,9999.000
202602281554,   6.641,9999.000,9999.000,9999.000,9999.000,9999.000,9999.000,9999.000,9999.000
202602281600,   6.628,9999.000,   0.600,9999.000,   7.228,   0.500,   7.128,   0.600,   7.228
202602281606,   6.608,9999.000,9999.000,9999.000,9999.000,9999.000,9999.000,9999.000,9999.000
202602281612,   6.581,9999.000,9999.000,9999.000,9999.000,9999.000,9999.000,9999.000,9999.000
202602281618,   6.548,9999.000,9999.000,9999.000,9999.000,9999.000,9999.000,9999.000,9999.000
202602281624,   6.508,9999.000,9999.000,9999.000,9999.000,9999.000,9999.000,9999.000,9999.000
202602281630,   6.461,9999.000,9999.000,9999.000,9999.000,9999.000,9999.000,9999.000,9999.000
202602281636,   6.407,9999.000,9999.000,9999.000,9999.000,9999.000,9999.000,9999.000,9999.000
202602281642,   6.347,9999.000,9999.000,9999.000,9999.000,9999.000,9999.000,9999.000,9999.000
202602281648,   6.280,9999.000,9999.000,9999.000,9999.000,9999.000,9999.000,9999.000,9999.000
202602281654,   6.206,9999.000,9999.000,9999.000,9999.000,9999.000,9999.000,9999.000,9999.000
202602281700,   6.126,9999.000,   0.600,9999.000,   6.726,   0.500,   6.626,   0.600,   6.726
202602281706,   6.040,9999.000,9999.000,9999.000,9999.000,9999.000,9999.000,9999.000,9999.000
202602281712,   5.948,9999.000,9999.000,9999.000,9999.000,9999.000,9999.000,9999.000,9999.000
202602281718,   5.849,9999.000,9999.000,9999.000,9999.000,9999.000,9999.000,9999.000,9999.000
202602281724,   5.745,9999.000,9999.000,9999.000,9999.000,9999.000,9999.000,9999.000,9999.000
202602281730,   5.635,9999.000,9999.000,9999.000,9999.000,9999.000,9999.000,9999.000,9999.000
202602281736,   5.520,9999.000,9999.000,9999.000,9999.000,9999.000,9999.000,9999.000,9999.000
202602281742,   5.400,9999.000,9999.000,9999.000,9999.000,9999.000,9999.000,9999.000,9999.000
202602281748,   5.274,9999.000,9999.000,9999.000,9999.000,9999.000,9999.000,9999.000,9999.000
202602281754,   5.144,9999.000,9999.000,9999.000,9999.000,9999.000,9999.000,9999.000,9999.000
202602281800,   5.009,9999.000,   0.500,9999.000,   5.509,   0.400,   5.409,   0.600,   5.609
202602281806,   4.870,9999.000,9999.000,9999.000,9999.000,9999.000,9999.000,9999.000,9999.000
202602281812,   4.727,9999.000,9999.000,9999.000,9999.000,9999.000,9999.000,9999.000,9999.000
202602281818,   4.580,9999.000,9999.000,9999.000,9999.000,9999.000,9999.000,9999.000,9999.000
202602281824,   4.430,9999.000,9999.000,9999.000,9999.000,9999.000,9999.000,9999.000,9999.000
202602281830,   4.277,9999.000,9999.000,9999.000,9999.000,9999.000,9999.000,9999.000,9999.000
202602281836,   4.120,9999.000,9999.000,9999.000,9999.000,9999.000,9999.000,9999.000,9999.000
202602281842,   3.961,9999.000,9999.000,9999.000,9999.000,9999.000,9999.000,9999.000,9999.000
202602281848,   3.800,9999.000,9999.000,9999.000,9999.000,9999.000,9999.000,9999.000,9999.000
202602281854,   3.637,9999.000,9999.000,9999.000,9999.000,9999.000,9999.000,9999.000,9999.000
202602281900,   3.472,9999.000,   0.500,9999.000,   3.972,   0.400,   3.872,   0.600,   4.072
202602281906,   3.306,9999.000,9999.000,9999.000,9999.000,9999.000,9999.000,9999.000,9999.000
202602281912,   3.139,9999.000,9999.000,9999.000,9999.000,9999.000,9999.000,9999.000,9999.000
202602281918,   2.972,9999.000,9999.000,9999.000,9999.000,9999.000,9999.000,9999.000,9999.000
202602281924,   2.804,9999.000,9999.000,9999.000,9999.000,9999.000,9999.000,9999.000,9999.000
202602281930,   2.636,9999.000,9999.000,9999.000,9999.000,9999.000,9999.000,9999.000,9999.000
202602281936,   2.468,9999.000,9999.000,9999.000,9999.000,9999.000,9999.000,9999.000,9999.000
202602281942,   2.302,9999.000,9999.000,9999.000,9999.000,9999.000,9999.000,9999.000,9999.000
202602281948,   2.136,9999.000,9999.000,9999.000,9999.000,9999.000,9999.000,9999.000,9999.000
202602281954,   1.972,9999.000,9999.000,9999.000,9999.000,9999.000,9999.000,9999.000,9999.000
202602282000,   1.809,9999.000,   0.500,9999.000,   2.309,   0.400,   2.209,   0.600,   2.409
202602282006,   1.648,9999.000,9999.000,9999.000,9999.000,9999.000,9999.000,9999.000,9999.000
202602282012,   1.490,9999.000,9999.000,9999.000,9999.000,9999.000,9999.000,9999.000,9999.000
202602282018,   1.335,9999.000,9999.000,9999.000,9999.000,9999.000,9999.000,9999.000,9999.000
202602282024,   1.182,9999.000,9999.000,9999.000,9999.000,9999.000,9999.000,9999.000,9999.000
202602282030,   1.033,9999.000,9999.000,9999.000,9999.000,9999.000,9999.000,9999.000,9999.000
202602282036,   0.888,9999.000,9999.000,9999.000,9999.000,9999.000,9999.000,9999.000,9999.000
202602282042,   0.746,9999.000,9999.000,9999.000,9999.000,9999.000,9999.000,9999.000,9999.000
202602282048,   0.608,9999.000,9999.000,9999.000,9999.000,9999.000,9999.000,9999.000,9999.000
202602282054,   0.476,9999.000,9999.000,9999.000,9999.000,9999.000,9999.000,9999.000,9999.000
202602282100,   0.347,9999.000,   0.500,9999.000,   0.847,   0.400,   0.747,   0.600,   0.947
202602282106,   0.224,9999.000,9999.000,9999.000,9999.000,9999.000,9999.000,9999.000,9999.000
202602282112,   0.106,9999.000,9999.000,9999.000,9999.000,9999.000,9999.000,9999.000,9999.000
202602282118,  -0.005,9999.000,9999.000,9999.000,9999.000,9999.000,9999.000,9999.000,9999.000
202602282124,  -0.112,9999.000,9999.000,9999.000,9999.000,9999.000,9999.000,9999.000,9999.000
202602282130,  -0.213,9999.000,9999.000,9999.000,9999.000,9999.000,9999.000,9999.000,9999.000
202602282136,  -0.308,9999.000,9999.000,9999.000,9999.000,9999.000,9999.000,9999.000,9999.000
202602282142,  -0.396,9999.000,9999.000,9999.000,9999.000,9999.000,9999.000,9999.000,9999.000
202602282148,  -0.478,9999.000,9999.000,9999.000,9999.000,9999.000,9999.000,9999.000,9999.000
202602282154,  -0.553,9999.000,9999.000,9999.000,9999.000,9999.000,9999.000,9999.000,9999.000
202602282200,  -0.622,9999.000,   0.500,9999.000,  -0.122,   0.400,  -0.222,   0.600,  -0.022
202602282206,  -0.683,9999.000,9999.000,9999.000,9999.000,9999.000,9999.000,9999.000,9999.000
202602282212,  -0.738,9999.000,9999.000,9999.000,9999.000,9999.000,9999.000,9999.000,9999.000
202602282218,  -0.785,9999.000,9999.000,9999.000,9999.000,9999.000,9999.000,9999.000,9999.000
202602282224,  -0.825,9999.000,9999.000,9999.000,9999.000,9999.000,9999.000,9999.000,9999.000
202602282230,  -0.858,9999.000,9999.000,9999.000,9999.000,9999.000,9999.000,9999.000,9999.000
202602282236,  -0.883,9999.000,9999.000,9999.000,9999.000,9999.000,9999.000,9999.000,9999.000
202602282242,  -0.901,9999.000,9999.000,9999.000,9999.000,9999.000,9999.000,9999.000,9999.000
202602282248,  -0.911,9999.000,9999.000,9999.000,9999.000,9999.000,9999.000,9999.000,9999.000
202602282254,  -0.914,9999.000,9999.000,9999.000,9999.000,9999.000,9999.000,9999.000,9999.000
202602282300,  -0.910,9999.000,   0.500,9999.000,  -0.410,   0.400,  -0.510,   0.600,  -0.310
202602282306,  -0.898,9999.000,9999.000,9999.000,9999.000,9999.000,9999.000,9999.000,9999.000
202602282312,  -0.879,9999.000,9999.000,9999.000,9999.000,9999.000,9999.000,9999.000,9999.000
202602282318,  -0.852,9999.000,9999.000,9999.000,9999.000,9999.000,9999.000,9999.000,9999.000
202602282324,  -0.818,9999.000,9999.000,9999.000,9999.000,9999.000,9999.000,9999.000,9999.000
202602282330,  -0.777,9999.000,9999.000,9999.000,9999.000,9999.000,9999.000,9999.000,9999.000
202602282336,  -0.729,9999.000,9999.000,9999.000,9999.000,9999.000,9999.000,9999.000,9999.000
202602282342,  -0.674,9999.000,9999.000,9999.000,9999.000,9999.000,9999.000,9999.000,9999.000
202602282348,  -0.613,9999.000,9999.000,9999.000,9999.000,9999.000,9999.000,9999.000,9999.000
202602282354,  -0.545,9999.000,9999.000,9999.000,9999.000,9999.000,9999.000,9999.000,9999.000
202603010000,  -0.470,9999.000,   0.500,9999.000,   0.030,   0.400,  -0.070,   0.600,   0.130
202603010006,  -0.389,9999.000,9999.000,9999.000,9999.000,9999.000,9999.000,9999.000,9999.000
202603010012,  -0.302,9999.000,9999.000,9999.000,9999.000,9999.000,9999.000,9999.000,9999.000
202603010018,  -0.210,9999.000,9999.000,9999.000,9999.000,9999.000,9999.000,9999.000,9999.000
202603010024,  -0.111,9999.000,9999.000,9999.000,9999.000,9999.000,9999.000,9999.000,9999.000
202603010030,  -0.008,9999.000,9999.000,9999.000,9999.000,9999.000,9999.000,9999.000,9999.000
202603010036,   0.100,9999.000,9999.000,9999.000,9999.000,9999.000,9999.000,9999.000,9999.000
202603010042,   0.213,9999.000,9999.000,9999.000,9999.000,9999.000,9999.000,9999.000,9999.000
202603010048,   0.331,9999.000,9999.000,9999.000,9999.000,9999.000,9999.000,9999.000,9999.000
202603010054,   0.453,9999.000,9999.000,9999.000,9999.000,9999.000,9999.000,9999.000,9999.000
202603010100,   0.579,9999.000,   0.600,9999.000,   1.179,   0.500,   1.079,   0.600,   1.179
202603010106,   0.709,9999.000,9999.000,9999.000,9999.000,9999.000,9999.000,9999.000,9999.000
202603010112,   0.842,9999.000,9999.000,9999.000,9999.000,9999.000,9999.000,9999.000,9999.000
202603010118,   0.978,9999.000,9999.000,9999.000,9999.000,9999.000,9999.000,9999.000,9999.000
202603010124,   1.116,9999.000,9999.000,9999.000,9999.000,9999.000,9999.000,9999.000,9999.000
202603010130,   1.257,9999.000,9999.000,9999.000,9999.000,9999.000,9999.000,9999.000,9999.000
202603010136,   1.400,9999.000,9999.000,9999.000,9999.000,9999.000,9999.000,9999.000,9999.000
202603010142,   1.544,9999.000,9999.000,9999.000,9999.000,9999.000,9999.000,9999.000,9999.000
202603010148,   1.689,9999.000,9999.000,9999.000,9999.000,9999.000,9999.000,9999.000,9999.000
202603010154,   1.836,9999.000,9999.000,9999.000,9999.000,9999.000,9999.000,9999.000,9999.000
202603010200,   1.982,9999.000,   0.500,9999.000,   2.482,   0.400,   2.382,   0.600,   2.582
202603010206,   2.130,9999.000,9999.000,9999.000,9999.000,9999.000,9999.000,9999.000,9999.000
202603010212,   2.276,9999.000,9999.000,9999.000,9999.000,9999.000,9999.000,9999.000,9999.000
202603010218,   2.423,9999.000,9999.000,9999.000,9999.000,9999.000,9999.000,9999.000,9999.000
202603010224,   2.568,9999.000,9999.000,9999.000,9999.000,9999.000,9999.000,9999.000,9999.000
202603010230,   2.712,9999.000,9999.000,9999.000,9999.000,9999.000,9999.000,9999.000,9999.000
202603010236,   2.855,9999.000,9999.000,9999.000,9999.000,9999.000,9999.000,9999.000,9999.000
202603010242,   2.995,9999.000,9999.000,9999.000,9999.000,9999.000,9999.000,9999.000,9999.000
202603010248,   3.134,9999.000,9999.000,9999.000,9999.000,9999.000,9999.000,9999.000,9999.000
202603010254,   3.270,9999.000,9999.000,9999.000,9999.000,9999.000,9999.000,9999.000,9999.000
202603010300,   3.403,9999.000,   0.500,9999.000,   3.903,   0.400,   3.803,   0.600,   4.003
202603010306,   3.533,9999.000,9999.000,9999.000,9999.000,9999.000,9999.000,9999.000,9999.000
202603010312,   3.659,9999.000,9999.000,9999.000,9999.000,9999.000,9999.000,9999.000,9999.000
202603010318,   3.782,9999.000,9999.000,9999.000,9999.000,9999.000,9999.000,9999.000,9999.000
202603010324,   3.901,9999.000,9999.000,9999.000,9999.000,9999.000,9999.000,9999.000,9999.000
202603010330,   4.015,9999.000,9999.000,9999.000,9999.000,9999.000,9999.000,9999.000,9999.000
202603010336,   4.125,9999.000,9999.000,9999.000,9999.000,9999.000,9999.000,9999.000,9999.000
202603010342,   4.230,9999.000,9999.000,9999.000,9999.000,9999.000,9999.000,9999.000,9999.000
202603010348,   4.331,9999.000,9999.000,9999.000,9999.000,9999.000,9999.000,9999.000,9999.000
202603010354,   4.426,9999.000,9999.000,9999.000,9999.000,9999.000,9999.000,9999.000,9999.000
202603010400,   4.516,9999.000,   0.500,9999.000,   5.016,   0.400,   4.916,   0.500,   5.016
202603010406,   4.600,9999.000,9999.000,9999.000,9999.000,9999.000,9999.000,9999.000,9999.000
202603010412,   4.679,9999.000,9999.000,9999.000,9999.000,9999.000,9999.000,9999.000,9999.000
202603010418,   4.752,9999.000,9999.000,9999.000,9999.000,9999.000,9999.000,9999.000,9999.000
202603010424,   4.820,9999.000,9999.000,9999.000,9999.000,9999.000,9999.000,9999.000,9999.000
202603010430,   4.881,9999.000,9999.000,9999.000,9999.000,9999.000,9999.000,9999.000,9999.000
202603010436,   4.936,9999.000,9999.000,9999.000,9999.000,9999.000,9999.000,9999.000,9999.000
202603010442,   4.985,9999.000,9999.000,9999.000,9999.000,9999.000,9999.000,9999.000,9999.000
202603010448,   5.028,9999.000,9999.000,9999.000,9999.000,9999.000,9999.000,9999.000,9999.000
202603010454,   5.065,9999.000,9999.000,9999.000,9999.000,9999.000,9999.000,9999.000,9999.000
202603010500,   5.096,9999.000,   0.500,9999.000,   5.596,   0.400,   5.496,   0.600,   5.696
202603010506,   5.120,9999.000,9999.000,9999.000,9999.000,9999.000,9999.000,9999.000,9999.000
202603010512,   5.138,9999.000,9999.000,9999.000,9999.000,9999.000,9999.000,9999.000,9999.000
202603010518,   5.151,9999.000,9999.000,9999.000,9999.000,9999.000,9999.000,9999.000,9999.000
202603010524,   5.157,9999.000,9999.000,9999.000,9999.000,9999.000,9999.000,9999.000,9999.000
202603010530,   5.157,9999.000,9999.000,9999.000,9999.000,9999.000,9999.000,9999.000,9999.000
202603010536,   5.151,9999.000,9999.000,9999.000,9999.000,9999.000,9999.000,9999.000,9999.000
202603010542,   5.139,9999.000,9999.000,9999.000,9999.000,9999.000,9999.000,9999.000,9999.000
202603010548,   5.122,9999.000,9999.000,9999.000,9999.000,9999.000,9999.000,9999.000,9999.000
202603010554,   5.099,9999.000,9999.000,9999.000,9999.000,9999.000,9999.000,9999.000,9999.000
202603010600,   5.070,9999.000,   0.400,9999.000,   5.470,   0.400,   5.470,   0.500,   5.570
