        TIME,    TIDE,      OB,   SURGE,    BIAS,     TWL,SURGE90p,  TWL90p,SURGE10p,   TWL10p
202602190600,   1.127,   1.469,   0.400,  -0.058,   1.469,   0.400,   1.469,   0.400,   1.469
202602190606,   1.032,9999.000,9999.000,9999.000,9999.000,9999.000,9999.000,9999.000,9999.000
202602190612,   0.945,   1.229,9999.000,9999.000,9999.000,9999.000,9999.000,9999.000,9999.000
202602190618,   0.863,9999.000,9999.000,9999.000,9999.000,9999.000,9999.000,9999.000,9999.000
202602190624,   0.789,   1.049,9999.000,9999.000,9999.000,9999.000,9999.000,9999.000,9999.000
202602190630,   0.722,9999.000,9999.000,9999.000,9999.000,9999.000,9999.000,9999.000,9999.000
202602190636,   0.662,   0.888,9999.000,9999.000,9999.000,9999.000,9999.000,9999.000,9999.000
202602190642,   0.609,9999.000,9999.000,9999.000,9999.000,9999.000,9999.000,9999.000,9999.000
202602190648,   0.564,   0.790,9999.000,9999.000,9999.000,9999.000,9999.000,9999.000,9999.000
202602190654,   0.527,9999.000,9999.000,9999.000,9999.000,9999.000,9999.000,9999.000,9999.000
202602190700,   0.497,   0.718,   0.400,  -0.179,   0.718,   0.200,   0.518,   0.500,   0.818
202602190706,   0.475,   0.708,9999.000,9999.000,9999.000,9999.000,9999.000,9999.000,9999.000
202602190712,   0.461,   0.718,9999.000,9999.000,9999.000,9999.000,9999.000,9999.000,9999.000
202602190718,   0.454,   0.708,9999.000,9999.000,9999.000,9999.000,9999.000,9999.000,9999.000
202602190724,   0.455,   0.718,9999.000,9999.000,9999.000,9999.000,9999.000,9999.000,9999.000
202602190730,   0.464,   0.751,9999.000,9999.000,9999.000,9999.000,9999.000,9999.000,9999.000
202602190736,   0.480,   0.770,9999.000,9999.000,9999.000,9999.000,9999.000,9999.000,9999.000
202602190742,   0.504,   0.790,9999.000,9999.000,9999.000,9999.000,9999.000,9999.000,9999.000
202602190748,   0.535,   0.819,9999.000,9999.000,9999.000,9999.000,9999.000,9999.000,9999.000
202602190754,   0.573,   0.849,9999.000,9999.000,9999.000,9999.000,9999.000,9999.000,9999.000
202602190800,   0.617,   0.898,   0.400,  -0.119,   0.898,   0.300,   0.798,   0.600,   1.098
202602190806,   0.669,   0.941,9999.000,9999.000,9999.000,9999.000,9999.000,9999.000,9999.000
202602190812,   0.727,   0.970,9999.000,9999.000,9999.000,9999.000,9999.000,9999.000,9999.000
202602190818,   0.791,   1.020,9999.000,9999.000,9999.000,9999.000,9999.000,9999.000,9999.000
202602190824,   0.862,   1.079,9999.000,9999.000,9999.000,9999.000,9999.000,9999.000,9999.000
202602190830,   0.938,   1.118,9999.000,9999.000,9999.000,9999.000,9999.000,9999.000,9999.000
202602190836,   1.020,   1.200,9999.000,9999.000,9999.000,9999.000,9999.000,9999.000,9999.000
202602190842,   1.107,   1.259,9999.000,9999.000,9999.000,9999.000,9999.000,9999.000,9999.000
202602190848,   1.200,   1.328,9999.000,9999.000,9999.000,9999.000,9999.000,9999.000,9999.000
202602190854,   1.298,   1.400,9999.000,9999.000,9999.000,9999.000,9999.000,9999.000,9999.000
202602190900,   1.400,   1.479,   0.400,  -0.321,   1.479,   0.300,   1.379,   0.500,   1.579
202602190906,   1.508,   1.571,9999.000,9999.000,9999.000,9999.000,9999.000,9999.000,9999.000
202602190912,   1.619,   1.679,9999.000,9999.000,9999.000,9999.000,9999.000,9999.000,9999.000
202602190918,   1.735,   1.781,9999.000,9999.000,9999.000,9999.000,9999.000,9999.000,9999.000
202602190924,   1.855,   1.899,9999.000,9999.000,9999.000,9999.000,9999.000,9999.000,9999.000
202602190930,   1.979,   2.010,9999.000,9999.000,9999.000,9999.000,9999.000,9999.000,9999.000
202602190936,   2.107,   2.148,9999.000,9999.000,9999.000,9999.000,9999.000,9999.000,9999.000
202602190942,   2.238,   2.289,9999.000,9999.000,9999.000,9999.000,9999.000,9999.000,9999.000
202602190948,   2.373,   2.430,9999.000,9999.000,9999.000,9999.000,9999.000,9999.000,9999.000
202602190954,   2.510,   2.558,9999.000,9999.000,9999.000,9999.000,9999.000,9999.000,9999.000
202602191000,   2.651,   2.679,   0.300,  -0.272,   2.679,   0.200,   2.579,   0.300,   2.679
202602191006,   2.794,   2.807,9999.000,9999.000,9999.000,9999.000,9999.000,9999.000,9999.000
202602191012,   2.940,   2.948,9999.000,9999.000,9999.000,9999.000,9999.000,9999.000,9999.000
202602191018,   3.088,   3.089,9999.000,9999.000,9999.000,9999.000,9999.000,9999.000,9999.000
202602191024,   3.238,   3.270,9999.000,9999.000,9999.000,9999.000,9999.000,9999.000,9999.000
202602191030,   3.390,   3.440,9999.000,9999.000,9999.000,9999.000,9999.000,9999.000,9999.000
202602191036,   3.544,   3.627,9999.000,9999.000,9999.000,9999.000,9999.000,9999.000,9999.000
202602191042,   3.699,   3.768,9999.000,9999.000,9999.000,9999.000,9999.000,9999.000,9999.000
202602191048,   3.855,   3.919,9999.000,9999.000,9999.000,9999.000,9999.000,9999.000,9999.000
202602191054,   4.011,   4.080,9999.000,9999.000,9999.000,9999.000,9999.000,9999.000,9999.000
202602191100,   4.168,   4.227,   0.200,  -0.141,   4.227,   0.100,   4.127,   0.300,   4.327
202602191106,   4.326,   4.378,9999.000,9999.000,9999.000,9999.000,9999.000,9999.000,9999.000
202602191112,   4.483,   4.569,9999.000,9999.000,9999.000,9999.000,9999.000,9999.000,9999.000
202602191118,   4.640,   4.729,9999.000,9999.000,9999.000,9999.000,9999.000,9999.000,9999.000
202602191124,   4.796,   4.900,9999.000,9999.000,9999.000,9999.000,9999.000,9999.000,9999.000
202602191130,   4.951,   5.087,9999.000,9999.000,9999.000,9999.000,9999.000,9999.000,9999.000
202602191136,   5.105,   5.218,9999.000,9999.000,9999.000,9999.000,9999.000,9999.000,9999.000
202602191142,   5.258,   5.359,9999.000,9999.000,9999.000,9999.000,9999.000,9999.000,9999.000
202602191148,   5.408,   5.497,9999.000,9999.000,9999.000,9999.000,9999.000,9999.000,9999.000
202602191154,   5.556,   5.628,9999.000,9999.000,9999.000,9999.000,9999.000,9999.000,9999.000
202602191200,   5.702,   5.789,   0.200,  -0.113,   5.789,   0.100,   5.689,   0.300,   5.889
202602191206,   5.844,   5.897,9999.000,9999.000,9999.000,9999.000,9999.000,9999.000,9999.000
202602191212,   5.984,   6.058,9999.000,9999.000,9999.000,9999.000,9999.000,9999.000,9999.000
202602191218,   6.121,   6.248,9999.000,9999.000,9999.000,9999.000,9999.000,9999.000,9999.000
202602191224,   6.254,   6.359,9999.000,9999.000,9999.000,9999.000,9999.000,9999.000,9999.000
202602191230,   6.383,   6.497,9999.000,9999.000,9999.000,9999.000,9999.000,9999.000,9999.000
202602191236,   6.508,   6.599,9999.000,9999.000,9999.000,9999.000,9999.000,9999.000,9999.000
202602191242,   6.628,   6.697,9999.000,9999.000,9999.000,9999.000,9999.000,9999.000,9999.000
202602191248,   6.744,   6.838,9999.000,9999.000,9999.000,9999.000,9999.000,9999.000,9999.000
202602191254,   6.856,   6.966,9999.000,9999.000,9999.000,9999.000,9999.000,9999.000,9999.000
202602191300,   6.962,   7.097,   0.200,  -0.065,   7.097,   0.100,   6.997,   0.200,   7.097
202602191306,   7.064,   7.219,9999.000,9999.000,9999.000,9999.000,9999.000,9999.000,9999.000
202602191312,   7.160,   7.288,9999.000,9999.000,9999.000,9999.000,9999.000,9999.000,9999.000
202602191318,   7.250,   7.376,9999.000,9999.000,9999.000,9999.000,9999.000,9999.000,9999.000
202602191324,   7.335,   7.468,9999.000,9999.000,9999.000,9999.000,9999.000,9999.000,9999.000
202602191330,   7.414,   7.557,9999.000,9999.000,9999.000,9999.000,9999.000,9999.000,9999.000
202602191336,   7.487,   7.639,9999.000,9999.000,9999.000,9999.000,9999.000,9999.000,9999.000
202602191342,   7.554,   7.727,9999.000,9999.000,9999.000,9999.000,9999.000,9999.000,9999.000
202602191348,   7.615,   7.796,9999.000,9999.000,9999.000,9999.000,9999.000,9999.000,9999.000
202602191354,   7.669,   7.849,9999.000,9999.000,9999.000,9999.000,9999.000,9999.000,9999.000
202602191400,   7.717,   7.898,   0.200,  -0.019,   7.898,   0.100,   7.798,   0.200,   7.898
202602191406,   7.759,   7.947,9999.000,9999.000,9999.000,9999.000,9999.000,9999.000,9999.000
202602191412,   7.793,   7.996,9999.000,9999.000,9999.000,9999.000,9999.000,9999.000,9999.000
202602191418,   7.821,   7.996,9999.000,9999.000,9999.000,9999.000,9999.000,9999.000,9999.000
202602191424,   7.842,   8.006,9999.000,9999.000,9999.000,9999.000,9999.000,9999.000,9999.000
202602191430,   7.856,   8.049,9999.000,9999.000,9999.000,9999.000,9999.000,9999.000,9999.000
202602191436,   7.863,   8.039,9999.000,9999.000,9999.000,9999.000,9999.000,9999.000,9999.000
202602191442,   7.864,   8.049,9999.000,9999.000,9999.000,9999.000,9999.000,9999.000,9999.000
202602191448,   7.857,   8.078,9999.000,9999.000,9999.000,9999.000,9999.000,9999.000,9999.000
202602191454,   7.843,   8.088,9999.000,9999.000,9999.000,9999.000,9999.000,9999.000,9999.000
202602191500,   7.823,   8.078,   0.200,   0.055,   8.078,   0.100,   7.978,   0.200,   8.078
202602191506,   7.795,   8.039,9999.000,9999.000,9999.000,9999.000,9999.000,9999.000,9999.000
202602191512,   7.761,   8.016,9999.000,9999.000,9999.000,9999.000,9999.000,9999.000,9999.000
202602191518,   7.721,   7.976,9999.000,9999.000,9999.000,9999.000,9999.000,9999.000,9999.000
202602191524,   7.673,   7.937,9999.000,9999.000,9999.000,9999.000,9999.000,9999.000,9999.000
202602191530,   7.620,   7.888,9999.000,9999.000,9999.000,9999.000,9999.000,9999.000,9999.000
202602191536,   7.560,   7.858,9999.000,9999.000,9999.000,9999.000,9999.000,9999.000,9999.000
202602191542,   7.494,   7.796,9999.000,9999.000,9999.000,9999.000,9999.000,9999.000,9999.000
202602191548,   7.422,   7.747,9999.000,9999.000,9999.000,9999.000,9999.000,9999.000,9999.000
202602191554,   7.345,   7.698,9999.000,9999.000,9999.000,9999.000,9999.000,9999.000,9999.000
202602191600,   7.262,   7.619,   0.200,   0.157,   7.619,   0.200,   7.619,   0.300,   7.719
202602191606,   7.174,   7.547,9999.000,9999.000,9999.000,9999.000,9999.000,9999.000,9999.000
202602191612,   7.082,   7.458,9999.000,9999.000,9999.000,9999.000,9999.000,9999.000,9999.000
202602191618,   6.985,   7.376,9999.000,9999.000,9999.000,9999.000,9999.000,9999.000,9999.000
202602191624,   6.884,   7.307,9999.000,9999.000,9999.000,9999.000,9999.000,9999.000,9999.000
202602191630,   6.778,   7.199,9999.000,9999.000,9999.000,9999.000,9999.000,9999.000,9999.000
202602191636,   6.670,   7.088,9999.000,9999.000,9999.000,9999.000,9999.000,9999.000,9999.000
202602191642,   6.558,   6.989,9999.000,9999.000,9999.000,9999.000,9999.000,9999.000,9999.000
202602191648,   6.444,   6.878,9999.000,9999.000,9999.000,9999.000,9999.000,9999.000,9999.000
202602191654,   6.327,   6.779,9999.000,9999.000,9999.000,9999.000,9999.000,9999.000,9999.000
202602191700,   6.208,   6.678,   0.200,   0.270,   6.678,   0.200,   6.678,   0.300,   6.778
202602191706,   6.088,   6.556,9999.000,9999.000,9999.000,9999.000,9999.000,9999.000,9999.000
202602191712,   5.966,   6.468,9999.000,9999.000,9999.000,9999.000,9999.000,9999.000,9999.000
202602191718,   5.844,   6.359,9999.000,9999.000,9999.000,9999.000,9999.000,9999.000,9999.000
202602191724,   5.721,   6.218,9999.000,9999.000,9999.000,9999.000,9999.000,9999.000,9999.000
202602191730,   5.598,   6.097,9999.000,9999.000,9999.000,9999.000,9999.000,9999.000,9999.000
202602191736,   5.475,   5.989,9999.000,9999.000,9999.000,9999.000,9999.000,9999.000,9999.000
202602191742,   5.354,   5.877,9999.000,9999.000,9999.000,9999.000,9999.000,9999.000,9999.000
202602191748,   5.233,   5.759,9999.000,9999.000,9999.000,9999.000,9999.000,9999.000,9999.000
202602191754,   5.114,   5.648,9999.000,9999.000,9999.000,9999.000,9999.000,9999.000,9999.000
202602191800,   4.997,   5.539,   0.200,   0.342,   5.539,   0.100,   5.439,   0.200,   5.539
202602191806,   4.882,   5.418,9999.000,9999.000,9999.000,9999.000,9999.000,9999.000,9999.000
202602191812,   4.770,   5.277,9999.000,9999.000,9999.000,9999.000,9999.000,9999.000,9999.000
202602191818,   4.661,   5.179,9999.000,9999.000,9999.000,9999.000,9999.000,9999.000,9999.000
202602191824,   4.555,   5.087,9999.000,9999.000,9999.000,9999.000,9999.000,9999.000,9999.000
202602191830,   4.454,   4.969,9999.000,9999.000,9999.000,9999.000,9999.000,9999.000,9999.000
202602191836,   4.356,   4.887,9999.000,9999.000,9999.000,9999.000,9999.000,9999.000,9999.000
202602191842,   4.262,   4.778,9999.000,9999.000,9999.000,9999.000,9999.000,9999.000,9999.000
202602191848,   4.173,   4.657,9999.000,9999.000,9999.000,9999.000,9999.000,9999.000,9999.000
202602191854,   4.089,   4.549,9999.000,9999.000,9999.000,9999.000,9999.000,9999.000,9999.000
202602191900,   4.010,   4.437,   0.100,   0.327,   4.437,   0.100,   4.437,   0.200,   4.537
202602191906,   3.936,   4.368,9999.000,9999.000,9999.000,9999.000,9999.000,9999.000,9999.000
202602191912,   3.867,   4.309,9999.000,9999.000,9999.000,9999.000,9999.000,9999.000,9999.000
202602191918,   3.804,   4.237,9999.000,9999.000,9999.000,9999.000,9999.000,9999.000,9999.000
202602191924,   3.746,   4.168,9999.000,9999.000,9999.000,9999.000,9999.000,9999.000,9999.000
202602191930,   3.695,   4.109,9999.000,9999.000,9999.000,9999.000,9999.000,9999.000,9999.000
202602191936,   3.648,   4.047,9999.000,9999.000,9999.000,9999.000,9999.000,9999.000,9999.000
202602191942,   3.608,   4.037,9999.000,9999.000,9999.000,9999.000,9999.000,9999.000,9999.000
202602191948,   3.573,   3.998,9999.000,9999.000,9999.000,9999.000,9999.000,9999.000,9999.000
202602191954,   3.544,   3.958,9999.000,9999.000,9999.000,9999.000,9999.000,9999.000,9999.000
202602192000,   3.520,   3.919,   0.200,   0.199,   3.919,   0.200,   3.919,   0.300,   4.019
202602192006,   3.502,   3.909,9999.000,9999.000,9999.000,9999.000,9999.000,9999.000,9999.000
202602192012,   3.489,   3.890,9999.000,9999.000,9999.000,9999.000,9999.000,9999.000,9999.000
202602192018,   3.482,   3.890,9999.000,9999.000,9999.000,9999.000,9999.000,9999.000,9999.000
202602192024,   3.480,   3.909,9999.000,9999.000,9999.000,9999.000,9999.000,9999.000,9999.000
202602192030,   3.482,   3.909,9999.000,9999.000,9999.000,9999.000,9999.000,9999.000,9999.000
202602192036,   3.490,   3.929,9999.000,9999.000,9999.000,9999.000,9999.000,9999.000,9999.000
202602192042,   3.502,   3.939,9999.000,9999.000,9999.000,9999.000,9999.000,9999.000,9999.000
202602192048,   3.518,   3.949,9999.000,9999.000,9999.000,9999.000,9999.000,9999.000,9999.000
202602192054,   3.539,   3.978,9999.000,9999.000,9999.000,9999.000,9999.000,9999.000,9999.000
202602192100,   3.564,   4.017,   0.300,   0.153,   4.017,   0.200,   3.917,   0.400,   4.117
202602192106,   3.593,   4.027,9999.000,9999.000,9999.000,9999.000,9999.000,9999.000,9999.000
202602192112,   3.626,   4.070,9999.000,9999.000,9999.000,9999.000,9999.000,9999.000,9999.000
202602192118,   3.662,   4.109,9999.000,9999.000,9999.000,9999.000,9999.000,9999.000,9999.000
202602192124,   3.702,   4.119,9999.000,9999.000,9999.000,9999.000,9999.000,9999.000,9999.000
202602192130,   3.745,   4.159,9999.000,9999.000,9999.000,9999.000,9999.000,9999.000,9999.000
202602192136,   3.791,   4.208,9999.000,9999.000,9999.000,9999.000,9999.000,9999.000,9999.000
202602192142,   3.840,   4.237,9999.000,9999.000,9999.000,9999.000,9999.000,9999.000,9999.000
202602192148,   3.892,   4.290,9999.000,9999.000,9999.000,9999.000,9999.000,9999.000,9999.000
202602192154,   3.946,   4.339,9999.000,9999.000,9999.000,9999.000,9999.000,9999.000,9999.000
202602192200,   4.003,   4.388,   0.300,   0.085,   4.388,   0.200,   4.288,   0.400,   4.488
202602192206,   4.063,   4.427,9999.000,9999.000,9999.000,9999.000,9999.000,9999.000,9999.000
202602192212,   4.124,   4.467,9999.000,9999.000,9999.000,9999.000,9999.000,9999.000,9999.000
202602192218,   4.188,   4.529,9999.000,9999.000,9999.000,9999.000,9999.000,9999.000,9999.000
202602192224,   4.253,   4.578,9999.000,9999.000,9999.000,9999.000,9999.000,9999.000,9999.000
202602192230,   4.320,   4.637,9999.000,9999.000,9999.000,9999.000,9999.000,9999.000,9999.000
202602192236,   4.389,   4.690,9999.000,9999.000,9999.000,9999.000,9999.000,9999.000,9999.000
202602192242,   4.459,   4.769,9999.000,9999.000,9999.000,9999.000,9999.000,9999.000,9999.000
202602192248,   4.530,   4.828,9999.000,9999.000,9999.000,9999.000,9999.000,9999.000,9999.000
202602192254,   4.603,   4.900,9999.000,9999.000,9999.000,9999.000,9999.000,9999.000,9999.000
202602192300,   4.676,   4.988,   0.300,   0.012,   4.988,   0.200,   4.888,   0.300,   4.988
202602192306,   4.750,   5.097,9999.000,9999.000,9999.000,9999.000,9999.000,9999.000,9999.000
202602192312,   4.825,   5.179,9999.000,9999.000,9999.000,9999.000,9999.000,9999.000,9999.000
202602192318,   4.899,   5.238,9999.000,9999.000,9999.000,9999.000,9999.000,9999.000,9999.000
202602192324,   4.974,   5.320,9999.000,9999.000,9999.000,9999.000,9999.000,9999.000,9999.000
202602192330,   5.048,   5.389,9999.000,9999.000,9999.000,9999.000,9999.000,9999.000,9999.000
202602192336,   5.122,   5.448,9999.000,9999.000,9999.000,9999.000,9999.000,9999.000,9999.000
202602192342,   5.195,   5.530,9999.000,9999.000,9999.000,9999.000,9999.000,9999.000,9999.000
202602192348,   5.267,   5.589,9999.000,9999.000,9999.000,9999.000,9999.000,9999.000,9999.000
202602192354,   5.338,   5.638,9999.000,9999.000,9999.000,9999.000,9999.000,9999.000,9999.000
202602200000,   5.408,   5.638,   0.300,  -0.070,   5.638,   0.300,   5.638,   0.300,   5.638
202602200006,   5.475,   5.749,9999.000,9999.000,9999.000,9999.000,9999.000,9999.000,9999.000
202602200012,   5.541,   5.818,9999.000,9999.000,9999.000,9999.000,9999.000,9999.000,9999.000
202602200018,   5.604,   5.887,9999.000,9999.000,9999.000,9999.000,9999.000,9999.000,9999.000
202602200024,   5.665,   5.917,9999.000,9999.000,9999.000,9999.000,9999.000,9999.000,9999.000
202602200030,   5.724,   6.008,9999.000,9999.000,9999.000,9999.000,9999.000,9999.000,9999.000
202602200036,   5.779,   6.077,9999.000,9999.000,9999.000,9999.000,9999.000,9999.000,9999.000
202602200042,   5.831,   6.117,9999.000,9999.000,9999.000,9999.000,9999.000,9999.000,9999.000
202602200048,   5.880,   6.169,9999.000,9999.000,9999.000,9999.000,9999.000,9999.000,9999.000
202602200054,   5.925,   6.209,9999.000,9999.000,9999.000,9999.000,9999.000,9999.000,9999.000
202602200100,   5.967,   6.258,   0.300,  -0.009,   6.258,   0.300,   6.258,   0.400,   6.358
202602200106,   6.004,   6.317,9999.000,9999.000,9999.000,9999.000,9999.000,9999.000,9999.000
202602200112,   6.038,   6.327,9999.000,9999.000,9999.000,9999.000,9999.000,9999.000,9999.000
202602200118,   6.067,   6.346,9999.000,9999.000,9999.000,9999.000,9999.000,9999.000,9999.000
202602200124,   6.092,   6.379,9999.000,9999.000,9999.000,9999.000,9999.000,9999.000,9999.000
202602200130,   6.113,   6.389,9999.000,9999.000,9999.000,9999.000,9999.000,9999.000,9999.000
202602200136,   6.129,   6.389,9999.000,9999.000,9999.000,9999.000,9999.000,9999.000,9999.000
202602200142,   6.140,   6.428,9999.000,9999.000,9999.000,9999.000,9999.000,9999.000,9999.000
202602200148,   6.147,   6.438,9999.000,9999.000,9999.000,9999.000,9999.000,9999.000,9999.000
202602200154,   6.148,   6.438,9999.000,9999.000,9999.000,9999.000,9999.000,9999.000,9999.000
202602200200,   6.145,   6.418,   0.300,  -0.027,   6.418,   0.300,   6.418,   0.400,   6.518
202602200206,   6.136,   6.399,9999.000,9999.000,9999.000,9999.000,9999.000,9999.000,9999.000
202602200212,   6.122,   6.399,9999.000,9999.000,9999.000,9999.000,9999.000,9999.000,9999.000
202602200218,   6.103,   6.369,9999.000,9999.000,9999.000,9999.000,9999.000,9999.000,9999.000
202602200224,   6.079,   6.359,9999.000,9999.000,9999.000,9999.000,9999.000,9999.000,9999.000
202602200230,   6.050,   6.346,9999.000,9999.000,9999.000,9999.000,9999.000,9999.000,9999.000
202602200236,   6.016,   6.307,9999.000,9999.000,9999.000,9999.000,9999.000,9999.000,9999.000
202602200242,   5.976,   6.258,9999.000,9999.000,9999.000,9999.000,9999.000,9999.000,9999.000
202602200248,   5.931,   6.228,9999.000,9999.000,9999.000,9999.000,9999.000,9999.000,9999.000
202602200254,   5.880,   6.179,9999.000,9999.000,9999.000,9999.000,9999.000,9999.000,9999.000
202602200300,   5.825,   6.117,   0.400,  -0.108,   6.117,   0.300,   6.017,   0.400,   6.117
202602200306,   5.764,   6.058,9999.000,9999.000,9999.000,9999.000,9999.000,9999.000,9999.000
202602200312,   5.699,   5.989,9999.000,9999.000,9999.000,9999.000,9999.000,9999.000,9999.000
202602200318,   5.628,   5.940,9999.000,9999.000,9999.000,9999.000,9999.000,9999.000,9999.000
202602200324,   5.553,   5.848,9999.000,9999.000,9999.000,9999.000,9999.000,9999.000,9999.000
202602200330,   5.473,   5.779,9999.000,9999.000,9999.000,9999.000,9999.000,9999.000,9999.000
202602200336,   5.388,   5.717,9999.000,9999.000,9999.000,9999.000,9999.000,9999.000,9999.000
202602200342,   5.299,   5.638,9999.000,9999.000,9999.000,9999.000,9999.000,9999.000,9999.000
202602200348,   5.206,   5.539,9999.000,9999.000,9999.000,9999.000,9999.000,9999.000,9999.000
202602200354,   5.108,   5.448,9999.000,9999.000,9999.000,9999.000,9999.000,9999.000,9999.000
202602200400,   5.007,   5.359,   0.400,  -0.048,   5.359,   0.300,   5.259,   0.400,   5.359
202602200406,   4.903,   5.257,9999.000,9999.000,9999.000,9999.000,9999.000,9999.000,9999.000
202602200412,   4.795,   5.149,9999.000,9999.000,9999.000,9999.000,9999.000,9999.000,9999.000
202602200418,   4.683,   5.028,9999.000,9999.000,9999.000,9999.000,9999.000,9999.000,9999.000
202602200424,   4.569,   4.910,9999.000,9999.000,9999.000,9999.000,9999.000,9999.000,9999.000
202602200430,   4.453,   4.788,9999.000,9999.000,9999.000,9999.000,9999.000,9999.000,9999.000
202602200436,   4.334,   4.690,9999.000,9999.000,9999.000,9999.000,9999.000,9999.000,9999.000
202602200442,   4.214,   4.569,9999.000,9999.000,9999.000,9999.000,9999.000,9999.000,9999.000
202602200448,   4.092,   4.447,9999.000,9999.000,9999.000,9999.000,9999.000,9999.000,9999.000
202602200454,   3.969,   4.319,9999.000,9999.000,9999.000,9999.000,9999.000,9999.000,9999.000
202602200500,   3.845,   4.188,   0.300,   0.043,   4.188,   0.300,   4.188,   0.300,   4.188
202602200506,   3.720,   4.037,9999.000,9999.000,9999.000,9999.000,9999.000,9999.000,9999.000
202602200512,   3.595,   3.899,9999.000,9999.000,9999.000,9999.000,9999.000,9999.000,9999.000
202602200518,   3.471,   3.758,9999.000,9999.000,9999.000,9999.000,9999.000,9999.000,9999.000
202602200524,   3.347,   3.627,9999.000,9999.000,9999.000,9999.000,9999.000,9999.000,9999.000
202602200530,   3.224,   3.509,9999.000,9999.000,9999.000,9999.000,9999.000,9999.000,9999.000
202602200536,   3.102,   3.398,9999.000,9999.000,9999.000,9999.000,9999.000,9999.000,9999.000
202602200542,   2.982,   3.250,9999.000,9999.000,9999.000,9999.000,9999.000,9999.000,9999.000
202602200548,   2.864,   3.109,9999.000,9999.000,9999.000,9999.000,9999.000,9999.000,9999.000
202602200554,   2.749,   2.978,9999.000,9999.000,9999.000,9999.000,9999.000,9999.000,9999.000
202602200600,   2.636,   2.850,   0.300,  -0.086,   2.850,   0.200,   2.750,   0.400,   2.950
202602200606,   2.527,   2.728,9999.000,9999.000,9999.000,9999.000,9999.000,9999.000,9999.000
202602200612,   2.421,9999.000,9999.000,9999.000,9999.000,9999.000,9999.000,9999.000,9999.000
202602200618,   2.319,   2.509,9999.000,9999.000,9999.000,9999.000,9999.000,9999.000,9999.000
202602200624,   2.221,   2.420,9999.000,9999.000,9999.000,9999.000,9999.000,9999.000,9999.000
202602200630,   2.127,   2.318,9999.000,9999.000,9999.000,9999.000,9999.000,9999.000,9999.000
202602200636,   2.039,   2.220,9999.000,9999.000,9999.000,9999.000,9999.000,9999.000,9999.000
202602200642,   1.956,   2.128,9999.000,9999.000,9999.000,9999.000,9999.000,9999.000,9999.000
202602200648,   1.878,   2.030,9999.000,9999.000,9999.000,9999.000,9999.000,9999.000,9999.000
202602200654,   1.806,   1.948,9999.000,9999.000,9999.000,9999.000,9999.000,9999.000,9999.000
202602200700,   1.740,   1.859,   0.300,  -0.181,   1.859,   0.200,   1.759,   0.400,   1.959
202602200706,   1.680,   1.800,9999.000,9999.000,9999.000,9999.000,9999.000,9999.000,9999.000
202602200712,   1.627,   1.748,9999.000,9999.000,9999.000,9999.000,9999.000,9999.000,9999.000
202602200718,   1.580,   1.689,9999.000,9999.000,9999.000,9999.000,9999.000,9999.000,9999.000
202602200724,   1.541,   1.649,9999.000,9999.000,9999.000,9999.000,9999.000,9999.000,9999.000
202602200730,   1.508,   1.620,9999.000,9999.000,9999.000,9999.000,9999.000,9999.000,9999.000
202602200736,   1.482,   1.610,9999.000,9999.000,9999.000,9999.000,9999.000,9999.000,9999.000
202602200742,   1.463,   1.590,9999.000,9999.000,9999.000,9999.000,9999.000,9999.000,9999.000
202602200748,   1.452,   1.580,9999.000,9999.000,9999.000,9999.000,9999.000,9999.000,9999.000
202602200754,   1.448,   1.571,9999.000,9999.000,9999.000,9999.000,9999.000,9999.000,9999.000
202602200800,   1.451,   1.571,   0.300,  -0.180,   1.571,   0.200,   1.471,   0.400,   1.671
202602200806,   1.461,   1.590,9999.000,9999.000,9999.000,9999.000,9999.000,9999.000,9999.000
202602200812,   1.478,   1.620,9999.000,9999.000,9999.000,9999.000,9999.000,9999.000,9999.000
202602200818,   1.502,   1.649,9999.000,9999.000,9999.000,9999.000,9999.000,9999.000,9999.000
202602200824,   1.533,   1.689,9999.000,9999.000,9999.000,9999.000,9999.000,9999.000,9999.000
202602200830,   1.571,   1.738,9999.000,9999.000,9999.000,9999.000,9999.000,9999.000,9999.000
202602200836,   1.615,   1.767,9999.000,9999.000,9999.000,9999.000,9999.000,9999.000,9999.000
202602200842,   1.665,   1.810,9999.000,9999.000,9999.000,9999.000,9999.000,9999.000,9999.000
202602200848,   1.722,   1.859,9999.000,9999.000,9999.000,9999.000,9999.000,9999.000,9999.000
202602200854,   1.784,   1.899,9999.000,9999.000,9999.000,9999.000,9999.000,9999.000,9999.000
202602200900,   1.853,   1.958,   0.300,  -0.195,   1.958,   0.300,   1.958,   0.400,   2.058
202602200906,   1.927,   2.030,9999.000,9999.000,9999.000,9999.000,9999.000,9999.000,9999.000
202602200912,   2.006,   2.089,9999.000,9999.000,9999.000,9999.000,9999.000,9999.000,9999.000
202602200918,   2.090,   2.158,9999.000,9999.000,9999.000,9999.000,9999.000,9999.000,9999.000
202602200924,   2.179,   2.230,9999.000,9999.000,9999.000,9999.000,9999.000,9999.000,9999.000
202602200930,   2.272,   2.289,9999.000,9999.000,9999.000,9999.000,9999.000,9999.000,9999.000
202602200936,   2.370,   2.377,9999.000,9999.000,9999.000,9999.000,9999.000,9999.000,9999.000
202602200942,   2.472,   2.459,9999.000,9999.000,9999.000,9999.000,9999.000,9999.000,9999.000
202602200948,   2.578,   2.528,9999.000,9999.000,9999.000,9999.000,9999.000,9999.000,9999.000
202602200954,   2.687,   2.620,9999.000,9999.000,9999.000,9999.000,9999.000,9999.000,9999.000
202602201000,   2.800,   2.719,   0.300,  -0.381,   2.719,   0.200,   2.619,   0.300,   2.719
202602201006,   2.916,   2.840,9999.000,9999.000,9999.000,9999.000,9999.000,9999.000,9999.000
202602201012,   3.035,   2.958,9999.000,9999.000,9999.000,9999.000,9999.000,9999.000,9999.000
202602201018,   3.157,   3.089,9999.000,9999.000,9999.000,9999.000,9999.000,9999.000,9999.000
202602201024,   3.282,   3.230,9999.000,9999.000,9999.000,9999.000,9999.000,9999.000,9999.000
202602201030,   3.409,   3.358,9999.000,9999.000,9999.000,9999.000,9999.000,9999.000,9999.000
202602201036,   3.538,   3.480,9999.000,9999.000,9999.000,9999.000,9999.000,9999.000,9999.000
202602201042,   3.670,   3.627,9999.000,9999.000,9999.000,9999.000,9999.000,9999.000,9999.000
202602201048,   3.803,   3.808,9999.000,9999.000,9999.000,9999.000,9999.000,9999.000,9999.000
202602201054,   3.939,   3.949,9999.000,9999.000,9999.000,9999.000,9999.000,9999.000,9999.000
202602201100,   4.075,   4.090,   0.200,  -0.185,   4.090,   0.200,   4.090,   0.200,   4.090
202602201106,   4.213,   4.237,9999.000,9999.000,9999.000,9999.000,9999.000,9999.000,9999.000
202602201112,   4.353,   4.388,9999.000,9999.000,9999.000,9999.000,9999.000,9999.000,9999.000
202602201118,   4.493,   4.500,9999.000,9999.000,9999.000,9999.000,9999.000,9999.000,9999.000
202602201124,   4.634,   4.637,9999.000,9999.000,9999.000,9999.000,9999.000,9999.000,9999.000
202602201130,   4.775,   4.798,9999.000,9999.000,9999.000,9999.000,9999.000,9999.000,9999.000
202602201136,   4.916,   4.959,9999.000,9999.000,9999.000,9999.000,9999.000,9999.000,9999.000
202602201142,   5.058,   5.120,9999.000,9999.000,9999.000,9999.000,9999.000,9999.000,9999.000
202602201148,   5.199,   5.257,9999.000,9999.000,9999.000,9999.000,9999.000,9999.000,9999.000
202602201154,   5.339,   5.408,9999.000,9999.000,9999.000,9999.000,9999.000,9999.000,9999.000
202602201200,   5.479,   5.549,   0.100,  -0.030,   5.549,   0.100,   5.549,   0.200,   5.649
202602201206,   5.617,   5.697,9999.000,9999.000,9999.000,9999.000,9999.000,9999.000,9999.000
202602201212,   5.754,   5.838,9999.000,9999.000,9999.000,9999.000,9999.000,9999.000,9999.000
202602201218,   5.889,   5.959,9999.000,9999.000,9999.000,9999.000,9999.000,9999.000,9999.000
202602201224,   6.022,   6.067,9999.000,9999.000,9999.000,9999.000,9999.000,9999.000,9999.000
202602201230,   6.152,   6.209,9999.000,9999.000,9999.000,9999.000,9999.000,9999.000,9999.000
202602201236,   6.280,   6.359,9999.000,9999.000,9999.000,9999.000,9999.000,9999.000,9999.000
202602201242,   6.405,   6.477,9999.000,9999.000,9999.000,9999.000,9999.000,9999.000,9999.000
202602201248,   6.527,   6.599,9999.000,9999.000,9999.000,9999.000,9999.000,9999.000,9999.000
202602201254,   6.645,   6.687,9999.000,9999.000,9999.000,9999.000,9999.000,9999.000,9999.000
202602201300,   6.759,   6.828,   0.200,  -0.131,   6.828,   0.100,   6.728,   0.200,   6.828
202602201306,   6.869,   6.956,9999.000,9999.000,9999.000,9999.000,9999.000,9999.000,9999.000
202602201312,   6.975,   7.058,9999.000,9999.000,9999.000,9999.000,9999.000,9999.000,9999.000
202602201318,   7.076,   7.189,9999.000,9999.000,9999.000,9999.000,9999.000,9999.000,9999.000
202602201324,   7.172,   7.248,9999.000,9999.000,9999.000,9999.000,9999.000,9999.000,9999.000
202602201330,   7.263,   7.337,9999.000,9999.000,9999.000,9999.000,9999.000,9999.000,9999.000
202602201336,   7.349,   7.458,9999.000,9999.000,9999.000,9999.000,9999.000,9999.000,9999.000
202602201342,   7.429,   7.547,9999.000,9999.000,9999.000,9999.000,9999.000,9999.000,9999.000
202602201348,   7.503,   7.648,9999.000,9999.000,9999.000,9999.000,9999.000,9999.000,9999.000
202602201354,   7.572,   7.717,9999.000,9999.000,9999.000,9999.000,9999.000,9999.000,9999.000
202602201400,   7.635,   7.786,   0.200,  -0.049,   7.786,   0.100,   7.686,   0.200,   7.786
202602201406,   7.691,   7.858,9999.000,9999.000,9999.000,9999.000,9999.000,9999.000,9999.000
202602201412,   7.741,   7.908,9999.000,9999.000,9999.000,9999.000,9999.000,9999.000,9999.000
202602201418,   7.785,   7.967,9999.000,9999.000,9999.000,9999.000,9999.000,9999.000,9999.000
202602201424,   7.822,   8.016,9999.000,9999.000,9999.000,9999.000,9999.000,9999.000,9999.000
202602201430,   7.853,   8.068,9999.000,9999.000,9999.000,9999.000,9999.000,9999.000,9999.000
202602201436,   7.877,   8.127,9999.000,9999.000,9999.000,9999.000,9999.000,9999.000,9999.000
202602201442,   7.894,   8.167,9999.000,9999.000,9999.000,9999.000,9999.000,9999.000,9999.000
202602201448,   7.904,   8.177,9999.000,9999.000,9999.000,9999.000,9999.000,9999.000,9999.000
202602201454,   7.907,   8.147,9999.000,9999.000,9999.000,9999.000,9999.000,9999.000,9999.000
202602201500,   7.903,   8.157,   0.200,   0.054,   8.157,   0.200,   8.157,   0.200,   8.157
202602201506,   7.892,   8.157,9999.000,9999.000,9999.000,9999.000,9999.000,9999.000,9999.000
202602201512,   7.875,   8.137,9999.000,9999.000,9999.000,9999.000,9999.000,9999.000,9999.000
202602201518,   7.850,   8.108,9999.000,9999.000,9999.000,9999.000,9999.000,9999.000,9999.000
202602201524,   7.818,   8.068,9999.000,9999.000,9999.000,9999.000,9999.000,9999.000,9999.000
202602201530,   7.780,   8.016,9999.000,9999.000,9999.000,9999.000,9999.000,9999.000,9999.000
202602201536,   7.735,   7.996,9999.000,9999.000,9999.000,9999.000,9999.000,9999.000,9999.000
202602201542,   7.683,   7.957,9999.000,9999.000,9999.000,9999.000,9999.000,9999.000,9999.000
202602201548,   7.624,   7.937,9999.000,9999.000,9999.000,9999.000,9999.000,9999.000,9999.000
202602201554,   7.559,   7.888,9999.000,9999.000,9999.000,9999.000,9999.000,9999.000,9999.000
202602201600,   7.488,   7.829,   0.200,   0.141,   7.829,   0.200,   7.829,   0.300,   7.929
202602201606,   7.410,   7.767,9999.000,9999.000,9999.000,9999.000,9999.000,9999.000,9999.000
202602201612,   7.326,   7.737,9999.000,9999.000,9999.000,9999.000,9999.000,9999.000,9999.000
202602201618,   7.237,   7.648,9999.000,9999.000,9999.000,9999.000,9999.000,9999.000,9999.000
202602201624,   7.142,   7.557,9999.000,9999.000,9999.000,9999.000,9999.000,9999.000,9999.000
202602201630,   7.041,   7.458,9999.000,9999.000,9999.000,9999.000,9999.000,9999.000,9999.000
202602201636,   6.936,   7.366,9999.000,9999.000,9999.000,9999.000,9999.000,9999.000,9999.000
202602201642,   6.826,   7.278,9999.000,9999.000,9999.000,9999.000,9999.000,9999.000,9999.000
202602201648,   6.711,   7.166,9999.000,9999.000,9999.000,9999.000,9999.000,9999.000,9999.000
202602201654,   6.592,   7.048,9999.000,9999.000,9999.000,9999.000,9999.000,9999.000,9999.000
202602201700,   6.469,   6.927,   0.300,   0.158,   6.927,   0.200,   6.827,   0.300,   6.927
202602201706,   6.342,   6.789,9999.000,9999.000,9999.000,9999.000,9999.000,9999.000,9999.000
202602201712,   6.212,   6.668,9999.000,9999.000,9999.000,9999.000,9999.000,9999.000,9999.000
202602201718,   6.079,   6.569,9999.000,9999.000,9999.000,9999.000,9999.000,9999.000,9999.000
202602201724,   5.943,   6.458,9999.000,9999.000,9999.000,9999.000,9999.000,9999.000,9999.000
202602201730,   5.805,   6.287,9999.000,9999.000,9999.000,9999.000,9999.000,9999.000,9999.000
202602201736,   5.666,   6.159,9999.000,9999.000,9999.000,9999.000,9999.000,9999.000,9999.000
202602201742,   5.525,   6.008,9999.000,9999.000,9999.000,9999.000,9999.000,9999.000,9999.000
202602201748,   5.382,   5.877,9999.000,9999.000,9999.000,9999.000,9999.000,9999.000,9999.000
202602201754,   5.240,   5.749,9999.000,9999.000,9999.000,9999.000,9999.000,9999.000,9999.000
202602201800,   5.096,   5.589,   0.200,   0.293,   5.589,   0.100,   5.489,   0.200,   5.589
202602201806,   4.953,   5.448,9999.000,9999.000,9999.000,9999.000,9999.000,9999.000,9999.000
202602201812,   4.811,   5.329,9999.000,9999.000,9999.000,9999.000,9999.000,9999.000,9999.000
202602201818,   4.669,   5.198,9999.000,9999.000,9999.000,9999.000,9999.000,9999.000,9999.000
202602201824,   4.528,   5.038,9999.000,9999.000,9999.000,9999.000,9999.000,9999.000,9999.000
202602201830,   4.390,   4.900,9999.000,9999.000,9999.000,9999.000,9999.000,9999.000,9999.000
202602201836,   4.253,   4.749,9999.000,9999.000,9999.000,9999.000,9999.000,9999.000,9999.000
202602201842,   4.119,   4.618,9999.000,9999.000,9999.000,9999.000,9999.000,9999.000,9999.000
202602201848,   3.988,   4.500,9999.000,9999.000,9999.000,9999.000,9999.000,9999.000,9999.000
202602201854,   3.859,   4.388,9999.000,9999.000,9999.000,9999.000,9999.000,9999.000,9999.000
202602201900,   3.735,   4.267,   0.100,   0.432,   4.267,   0.100,   4.267,   0.200,   4.367
202602201906,   3.615,   4.149,9999.000,9999.000,9999.000,9999.000,9999.000,9999.000,9999.000
202602201912,   3.498,   4.008,9999.000,9999.000,9999.000,9999.000,9999.000,9999.000,9999.000
202602201918,   3.387,   3.909,9999.000,9999.000,9999.000,9999.000,9999.000,9999.000,9999.000
202602201924,   3.280,   3.817,9999.000,9999.000,9999.000,9999.000,9999.000,9999.000,9999.000
202602201930,   3.179,   3.699,9999.000,9999.000,9999.000,9999.000,9999.000,9999.000,9999.000
202602201936,   3.083,   3.607,9999.000,9999.000,9999.000,9999.000,9999.000,9999.000,9999.000
202602201942,   2.993,   3.539,9999.000,9999.000,9999.000,9999.000,9999.000,9999.000,9999.000
202602201948,   2.909,   3.470,9999.000,9999.000,9999.000,9999.000,9999.000,9999.000,9999.000
202602201954,   2.831,   3.388,9999.000,9999.000,9999.000,9999.000,9999.000,9999.000,9999.000
202602202000,   2.759,   3.319,   0.200,   0.360,   3.319,   0.200,   3.319,   0.300,   3.419
202602202006,   2.693,   3.230,9999.000,9999.000,9999.000,9999.000,9999.000,9999.000,9999.000
202602202012,   2.634,   3.178,9999.000,9999.000,9999.000,9999.000,9999.000,9999.000,9999.000
202602202018,   2.582,   3.119,9999.000,9999.000,9999.000,9999.000,9999.000,9999.000,9999.000
202602202024,   2.536,   3.060,9999.000,9999.000,9999.000,9999.000,9999.000,9999.000,9999.000
202602202030,   2.496,   3.030,9999.000,9999.000,9999.000,9999.000,9999.000,9999.000,9999.000
202602202036,   2.463,   2.988,9999.000,9999.000,9999.000,9999.000,9999.000,9999.000,9999.000
202602202042,   2.437,   2.958,9999.000,9999.000,9999.000,9999.000,9999.000,9999.000,9999.000
202602202048,   2.417,   2.948,9999.000,9999.000,9999.000,9999.000,9999.000,9999.000,9999.000
202602202054,   2.403,   2.948,9999.000,9999.000,9999.000,9999.000,9999.000,9999.000,9999.000
202602202100,   2.395,   2.958,   0.200,   0.363,   2.958,   0.200,   2.958,   0.300,   3.058
202602202106,   2.393,   2.938,9999.000,9999.000,9999.000,9999.000,9999.000,9999.000,9999.000
202602202112,   2.397,   2.929,9999.000,9999.000,9999.000,9999.000,9999.000,9999.000,9999.000
202602202118,   2.407,   2.938,9999.000,9999.000,9999.000,9999.000,9999.000,9999.000,9999.000
202602202124,   2.422,   2.929,9999.000,9999.000,9999.000,9999.000,9999.000,9999.000,9999.000
202602202130,   2.442,   2.958,9999.000,9999.000,9999.000,9999.000,9999.000,9999.000,9999.000
202602202136,   2.468,   2.978,9999.000,9999.000,9999.000,9999.000,9999.000,9999.000,9999.000
202602202142,   2.498,   2.988,9999.000,9999.000,9999.000,9999.000,9999.000,9999.000,9999.000
202602202148,   2.533,   3.017,9999.000,9999.000,9999.000,9999.000,9999.000,9999.000,9999.000
202602202154,   2.572,   3.040,9999.000,9999.000,9999.000,9999.000,9999.000,9999.000,9999.000
202602202200,   2.615,   3.050,   0.200,   0.235,   3.050,   0.100,   2.950,   0.200,   3.050
202602202206,   2.662,   3.079,9999.000,9999.000,9999.000,9999.000,9999.000,9999.000,9999.000
202602202212,   2.714,   3.109,9999.000,9999.000,9999.000,9999.000,9999.000,9999.000,9999.000
202602202218,   2.768,   3.138,9999.000,9999.000,9999.000,9999.000,9999.000,9999.000,9999.000
202602202224,   2.826,   3.197,9999.000,9999.000,9999.000,9999.000,9999.000,9999.000,9999.000
202602202230,   2.888,   3.250,9999.000,9999.000,9999.000,9999.000,9999.000,9999.000,9999.000
202602202236,   2.952,   3.289,9999.000,9999.000,9999.000,9999.000,9999.000,9999.000,9999.000
202602202242,   3.020,   3.348,9999.000,9999.000,9999.000,9999.000,9999.000,9999.000,9999.000
202602202248,   3.090,   3.388,9999.000,9999.000,9999.000,9999.000,9999.000,9999.000,9999.000
202602202254,   3.163,   3.450,9999.000,9999.000,9999.000,9999.000,9999.000,9999.000,9999.000
202602202300,   3.238,   3.499,   0.100,   0.161,   3.499,   0.100,   3.499,   0.200,   3.599
202602202306,   3.316,   3.539,9999.000,9999.000,9999.000,9999.000,9999.000,9999.000,9999.000
202602202312,   3.396,   3.598,9999.000,9999.000,9999.000,9999.000,9999.000,9999.000,9999.000
202602202318,   3.478,   3.670,9999.000,9999.000,9999.000,9999.000,9999.000,9999.000,9999.000
202602202324,   3.561,   3.749,9999.000,9999.000,9999.000,9999.000,9999.000,9999.000,9999.000
202602202330,   3.647,   3.860,9999.000,9999.000,9999.000,9999.000,9999.000,9999.000,9999.000
202602202336,   3.734,   3.968,9999.000,9999.000,9999.000,9999.000,9999.000,9999.000,9999.000
202602202342,   3.822,   4.070,9999.000,9999.000,9999.000,9999.000,9999.000,9999.000,9999.000
202602202348,   3.911,   4.139,9999.000,9999.000,9999.000,9999.000,9999.000,9999.000,9999.000
202602202354,   4.001,9999.000,9999.000,9999.000,9999.000,9999.000,9999.000,9999.000,9999.000
202602210000,   4.092,   4.388,   0.200,   0.096,   4.388,   0.200,   4.388,   0.300,   4.488
202602210006,   4.184,   4.388,9999.000,9999.000,9999.000,9999.000,9999.000,9999.000,9999.000
202602210012,   4.275,   4.480,9999.000,9999.000,9999.000,9999.000,9999.000,9999.000,9999.000
202602210018,   4.367,   4.569,9999.000,9999.000,9999.000,9999.000,9999.000,9999.000,9999.000
202602210024,   4.458,   4.677,9999.000,9999.000,9999.000,9999.000,9999.000,9999.000,9999.000
202602210030,   4.550,   4.749,9999.000,9999.000,9999.000,9999.000,9999.000,9999.000,9999.000
202602210036,   4.639,   4.808,9999.000,9999.000,9999.000,9999.000,9999.000,9999.000,9999.000
202602210042,   4.728,   4.877,9999.000,9999.000,9999.000,9999.000,9999.000,9999.000,9999.000
202602210048,   4.816,   4.959,9999.000,9999.000,9999.000,9999.000,9999.000,9999.000,9999.000
202602210054,   4.902,   5.067,9999.000,9999.000,9999.000,9999.000,9999.000,9999.000,9999.000
202602210100,   4.987,   5.169,   0.200,  -0.018,   5.169,   0.200,   5.169,   0.200,   5.169
202602210106,   5.069,   5.228,9999.000,9999.000,9999.000,9999.000,9999.000,9999.000,9999.000
202602210112,   5.149,   5.307,9999.000,9999.000,9999.000,9999.000,9999.000,9999.000,9999.000
202602210118,   5.226,   5.389,9999.000,9999.000,9999.000,9999.000,9999.000,9999.000,9999.000
202602210124,   5.300,   5.448,9999.000,9999.000,9999.000,9999.000,9999.000,9999.000,9999.000
202602210130,   5.371,   5.516,9999.000,9999.000,9999.000,9999.000,9999.000,9999.000,9999.000
202602210136,   5.439,   5.598,9999.000,9999.000,9999.000,9999.000,9999.000,9999.000,9999.000
202602210142,   5.504,   5.657,9999.000,9999.000,9999.000,9999.000,9999.000,9999.000,9999.000
202602210148,   5.564,   5.697,9999.000,9999.000,9999.000,9999.000,9999.000,9999.000,9999.000
202602210154,   5.621,   5.730,9999.000,9999.000,9999.000,9999.000,9999.000,9999.000,9999.000
202602210200,   5.674,   5.779,   0.200,  -0.095,   5.779,   0.200,   5.779,   0.200,   5.779
202602210206,   5.723,   5.858,9999.000,9999.000,9999.000,9999.000,9999.000,9999.000,9999.000
202602210212,   5.767,   5.907,9999.000,9999.000,9999.000,9999.000,9999.000,9999.000,9999.000
202602210218,   5.807,   5.949,9999.000,9999.000,9999.000,9999.000,9999.000,9999.000,9999.000
202602210224,   5.842,   5.969,9999.000,9999.000,9999.000,9999.000,9999.000,9999.000,9999.000
202602210230,   5.872,   5.989,9999.000,9999.000,9999.000,9999.000,9999.000,9999.000,9999.000
202602210236,   5.898,   5.989,9999.000,9999.000,9999.000,9999.000,9999.000,9999.000,9999.000
202602210242,   5.919,   6.008,9999.000,9999.000,9999.000,9999.000,9999.000,9999.000,9999.000
202602210248,   5.935,   6.038,9999.000,9999.000,9999.000,9999.000,9999.000,9999.000,9999.000
202602210254,   5.946,   6.048,9999.000,9999.000,9999.000,9999.000,9999.000,9999.000,9999.000
202602210300,   5.953,   6.067,   0.200,  -0.086,   6.067,   0.200,   6.067,   0.300,   6.167
202602210306,   5.954,   6.058,9999.000,9999.000,9999.000,9999.000,9999.000,9999.000,9999.000
202602210312,   5.950,   6.038,9999.000,9999.000,9999.000,9999.000,9999.000,9999.000,9999.000
202602210318,   5.942,   6.018,9999.000,9999.000,9999.000,9999.000,9999.000,9999.000,9999.000
202602210324,   5.928,   5.999,9999.000,9999.000,9999.000,9999.000,9999.000,9999.000,9999.000
202602210330,   5.910,   5.999,9999.000,9999.000,9999.000,9999.000,9999.000,9999.000,9999.000
202602210336,   5.886,   5.979,9999.000,9999.000,9999.000,9999.000,9999.000,9999.000,9999.000
202602210342,   5.858,   5.959,9999.000,9999.000,9999.000,9999.000,9999.000,9999.000,9999.000
202602210348,   5.825,   5.917,9999.000,9999.000,9999.000,9999.000,9999.000,9999.000,9999.000
202602210354,   5.787,   5.867,9999.000,9999.000,9999.000,9999.000,9999.000,9999.000,9999.000
202602210400,   5.745,   5.828,   0.300,  -0.217,   5.828,   0.200,   5.728,   0.300,   5.828
202602210406,   5.698,   5.808,9999.000,9999.000,9999.000,9999.000,9999.000,9999.000,9999.000
202602210412,   5.647,   5.759,9999.000,9999.000,9999.000,9999.000,9999.000,9999.000,9999.000
202602210418,   5.592,   5.707,9999.000,9999.000,9999.000,9999.000,9999.000,9999.000,9999.000
202602210424,   5.533,   5.657,9999.000,9999.000,9999.000,9999.000,9999.000,9999.000,9999.000
202602210430,   5.469,   5.589,9999.000,9999.000,9999.000,9999.000,9999.000,9999.000,9999.000
202602210436,   5.402,   5.530,9999.000,9999.000,9999.000,9999.000,9999.000,9999.000,9999.000
202602210442,   5.331,   5.477,9999.000,9999.000,9999.000,9999.000,9999.000,9999.000,9999.000
202602210448,   5.257,   5.418,9999.000,9999.000,9999.000,9999.000,9999.000,9999.000,9999.000
202602210454,   5.180,   5.349,9999.000,9999.000,9999.000,9999.000,9999.000,9999.000,9999.000
202602210500,   5.100,   5.257,   0.200,  -0.043,   5.257,   0.200,   5.257,   0.300,   5.357
202602210506,   5.017,   5.179,9999.000,9999.000,9999.000,9999.000,9999.000,9999.000,9999.000
202602210512,   4.932,   5.097,9999.000,9999.000,9999.000,9999.000,9999.000,9999.000,9999.000
202602210518,   4.844,   5.018,9999.000,9999.000,9999.000,9999.000,9999.000,9999.000,9999.000
202602210524,   4.755,   4.919,9999.000,9999.000,9999.000,9999.000,9999.000,9999.000,9999.000
202602210530,   4.663,   4.837,9999.000,9999.000,9999.000,9999.000,9999.000,9999.000,9999.000
202602210536,   4.571,   4.759,9999.000,9999.000,9999.000,9999.000,9999.000,9999.000,9999.000
202602210542,   4.477,   4.647,9999.000,9999.000,9999.000,9999.000,9999.000,9999.000,9999.000
202602210548,   4.383,   4.529,9999.000,9999.000,9999.000,9999.000,9999.000,9999.000,9999.000
202602210554,   4.288,   4.427,9999.000,9999.000,9999.000,9999.000,9999.000,9999.000,9999.000
202602210600,   4.193,   4.329,   0.200,  -0.064,   4.329,   0.200,   4.329,   0.300,   4.429
202602210606,   4.098,   4.247,9999.000,9999.000,9999.000,9999.000,9999.000,9999.000,9999.000
202602210612,   4.003,   4.159,9999.000,9999.000,9999.000,9999.000,9999.000,9999.000,9999.000
202602210618,   3.909,   4.080,9999.000,9999.000,9999.000,9999.000,9999.000,9999.000,9999.000
202602210624,   3.816,   3.988,9999.000,9999.000,9999.000,9999.000,9999.000,9999.000,9999.000
202602210630,   3.725,   3.880,9999.000,9999.000,9999.000,9999.000,9999.000,9999.000,9999.000
202602210636,   3.636,   3.778,9999.000,9999.000,9999.000,9999.000,9999.000,9999.000,9999.000
202602210642,   3.548,   3.709,9999.000,9999.000,9999.000,9999.000,9999.000,9999.000,9999.000
202602210648,   3.463,   3.607,9999.000,9999.000,9999.000,9999.000,9999.000,9999.000,9999.000
202602210654,   3.381,   3.529,9999.000,9999.000,9999.000,9999.000,9999.000,9999.000,9999.000
202602210700,   3.301,   3.460,   0.200,  -0.041,   3.460,   0.100,   3.360,   0.300,   3.560
202602210706,   3.225,   3.398,9999.000,9999.000,9999.000,9999.000,9999.000,9999.000,9999.000
202602210712,   3.153,   3.339,9999.000,9999.000,9999.000,9999.000,9999.000,9999.000,9999.000
202602210718,   3.085,   3.250,9999.000,9999.000,9999.000,9999.000,9999.000,9999.000,9999.000
202602210724,   3.021,   3.178,9999.000,9999.000,9999.000,9999.000,9999.000,9999.000,9999.000
202602210730,   2.961,   3.119,9999.000,9999.000,9999.000,9999.000,9999.000,9999.000,9999.000
202602210736,   2.907,   3.070,9999.000,9999.000,9999.000,9999.000,9999.000,9999.000,9999.000
202602210742,   2.857,   3.017,9999.000,9999.000,9999.000,9999.000,9999.000,9999.000,9999.000
202602210748,   2.813,   2.988,9999.000,9999.000,9999.000,9999.000,9999.000,9999.000,9999.000
202602210754,   2.774,   2.968,9999.000,9999.000,9999.000,9999.000,9999.000,9999.000,9999.000
202602210800,   2.741,   2.938,   0.300,  -0.103,   2.938,   0.200,   2.838,   0.400,   3.038
202602210806,   2.714,   2.919,9999.000,9999.000,9999.000,9999.000,9999.000,9999.000,9999.000
202602210812,   2.693,   2.889,9999.000,9999.000,9999.000,9999.000,9999.000,9999.000,9999.000
202602210818,   2.678,   2.889,9999.000,9999.000,9999.000,9999.000,9999.000,9999.000,9999.000
202602210824,   2.669,   2.879,9999.000,9999.000,9999.000,9999.000,9999.000,9999.000,9999.000
202602210830,   2.666,   2.879,9999.000,9999.000,9999.000,9999.000,9999.000,9999.000,9999.000
202602210836,   2.670,   2.889,9999.000,9999.000,9999.000,9999.000,9999.000,9999.000,9999.000
202602210842,   2.680,   2.909,9999.000,9999.000,9999.000,9999.000,9999.000,9999.000,9999.000
202602210848,   2.696,   2.919,9999.000,9999.000,9999.000,9999.000,9999.000,9999.000,9999.000
202602210854,   2.718,   2.948,9999.000,9999.000,9999.000,9999.000,9999.000,9999.000,9999.000
202602210900,   2.747,   2.978,   0.400,  -0.169,   2.978,   0.300,   2.878,   0.400,   2.978
202602210906,   2.781,   2.997,9999.000,9999.000,9999.000,9999.000,9999.000,9999.000,9999.000
202602210912,   2.821,   3.050,9999.000,9999.000,9999.000,9999.000,9999.000,9999.000,9999.000
202602210918,   2.867,   3.089,9999.000,9999.000,9999.000,9999.000,9999.000,9999.000,9999.000
202602210924,   2.919,   3.138,9999.000,9999.000,9999.000,9999.000,9999.000,9999.000,9999.000
202602210930,   2.975,   3.197,9999.000,9999.000,9999.000,9999.000,9999.000,9999.000,9999.000
202602210936,   3.037,   3.250,9999.000,9999.000,9999.000,9999.000,9999.000,9999.000,9999.000
202602210942,   3.104,   3.319,9999.000,9999.000,9999.000,9999.000,9999.000,9999.000,9999.000
202602210948,   3.175,   3.388,9999.000,9999.000,9999.000,9999.000,9999.000,9999.000,9999.000
202602210954,   3.251,   3.460,9999.000,9999.000,9999.000,9999.000,9999.000,9999.000,9999.000
202602211000,   3.330,   3.529,   0.300,  -0.101,   3.529,   0.300,   3.529,   0.400,   3.629
202602211006,   3.414,   3.607,9999.000,9999.000,9999.000,9999.000,9999.000,9999.000,9999.000
202602211012,   3.501,   3.660,9999.000,9999.000,9999.000,9999.000,9999.000,9999.000,9999.000
202602211018,   3.592,   3.739,9999.000,9999.000,9999.000,9999.000,9999.000,9999.000,9999.000
202602211024,   3.686,   3.837,9999.000,9999.000,9999.000,9999.000,9999.000,9999.000,9999.000
202602211030,   3.783,   3.929,9999.000,9999.000,9999.000,9999.000,9999.000,9999.000,9999.000
202602211036,   3.883,   4.017,9999.000,9999.000,9999.000,9999.000,9999.000,9999.000,9999.000
202602211042,   3.986,   4.119,9999.000,9999.000,9999.000,9999.000,9999.000,9999.000,9999.000
202602211048,   4.090,   4.188,9999.000,9999.000,9999.000,9999.000,9999.000,9999.000,9999.000
202602211054,   4.197,   4.309,9999.000,9999.000,9999.000,9999.000,9999.000,9999.000,9999.000
202602211100,   4.306,   4.418,   0.300,  -0.188,   4.418,   0.200,   4.318,   0.300,   4.418
202602211106,   4.417,   4.549,9999.000,9999.000,9999.000,9999.000,9999.000,9999.000,9999.000
202602211112,   4.530,   4.677,9999.000,9999.000,9999.000,9999.000,9999.000,9999.000,9999.000
202602211118,   4.644,   4.798,9999.000,9999.000,9999.000,9999.000,9999.000,9999.000,9999.000
202602211124,   4.759,   4.959,9999.000,9999.000,9999.000,9999.000,9999.000,9999.000,9999.000
202602211130,   4.876,   5.067,9999.000,9999.000,9999.000,9999.000,9999.000,9999.000,9999.000
202602211136,   4.993,   5.208,9999.000,9999.000,9999.000,9999.000,9999.000,9999.000,9999.000
202602211142,   5.112,   5.359,9999.000,9999.000,9999.000,9999.000,9999.000,9999.000,9999.000
202602211148,   5.231,   5.467,9999.000,9999.000,9999.000,9999.000,9999.000,9999.000,9999.000
202602211154,   5.350,   5.579,9999.000,9999.000,9999.000,9999.000,9999.000,9999.000,9999.000
202602211200,   5.470,   5.730,   0.200,   0.060,   5.730,   0.200,   5.730,   0.300,   5.830
202602211206,   5.591,   5.858,9999.000,9999.000,9999.000,9999.000,9999.000,9999.000,9999.000
202602211212,   5.711,   5.999,9999.000,9999.000,9999.000,9999.000,9999.000,9999.000,9999.000
202602211218,   5.830,   6.169,9999.000,9999.000,9999.000,9999.000,9999.000,9999.000,9999.000
202602211224,   5.949,   6.287,9999.000,9999.000,9999.000,9999.000,9999.000,9999.000,9999.000
202602211230,   6.068,   6.409,9999.000,9999.000,9999.000,9999.000,9999.000,9999.000,9999.000
202602211236,   6.185,   6.487,9999.000,9999.000,9999.000,9999.000,9999.000,9999.000,9999.000
202602211242,   6.301,   6.579,9999.000,9999.000,9999.000,9999.000,9999.000,9999.000,9999.000
202602211248,   6.415,   6.727,9999.000,9999.000,9999.000,9999.000,9999.000,9999.000,9999.000
202602211254,   6.528,   6.858,9999.000,9999.000,9999.000,9999.000,9999.000,9999.000,9999.000
202602211300,   6.638,   6.956,   0.300,   0.018,   6.956,   0.200,   6.856,   0.300,   6.956
202602211306,   6.746,   7.068,9999.000,9999.000,9999.000,9999.000,9999.000,9999.000,9999.000
202602211312,   6.851,   7.199,9999.000,9999.000,9999.000,9999.000,9999.000,9999.000,9999.000
202602211318,   6.953,   7.288,9999.000,9999.000,9999.000,9999.000,9999.000,9999.000,9999.000
202602211324,   7.052,   7.357,9999.000,9999.000,9999.000,9999.000,9999.000,9999.000,9999.000
202602211330,   7.147,   7.419,9999.000,9999.000,9999.000,9999.000,9999.000,9999.000,9999.000
202602211336,   7.238,   7.507,9999.000,9999.000,9999.000,9999.000,9999.000,9999.000,9999.000
202602211342,   7.325,   7.596,9999.000,9999.000,9999.000,9999.000,9999.000,9999.000,9999.000
202602211348,   7.408,   7.698,9999.000,9999.000,9999.000,9999.000,9999.000,9999.000,9999.000
202602211354,   7.486,   7.776,9999.000,9999.000,9999.000,9999.000,9999.000,9999.000,9999.000
202602211400,   7.558,   7.839,   0.300,  -0.019,   7.839,   0.200,   7.739,   0.300,   7.839
202602211406,   7.626,   7.927,9999.000,9999.000,9999.000,9999.000,9999.000,9999.000,9999.000
202602211412,   7.688,   7.967,9999.000,9999.000,9999.000,9999.000,9999.000,9999.000,9999.000
202602211418,   7.745,   8.049,9999.000,9999.000,9999.000,9999.000,9999.000,9999.000,9999.000
202602211424,   7.795,   8.098,9999.000,9999.000,9999.000,9999.000,9999.000,9999.000,9999.000
202602211430,   7.840,   8.137,9999.000,9999.000,9999.000,9999.000,9999.000,9999.000,9999.000
202602211436,   7.879,   8.177,9999.000,9999.000,9999.000,9999.000,9999.000,9999.000,9999.000
202602211442,   7.912,   8.206,9999.000,9999.000,9999.000,9999.000,9999.000,9999.000,9999.000
202602211448,   7.938,   8.239,9999.000,9999.000,9999.000,9999.000,9999.000,9999.000,9999.000
202602211454,   7.958,   8.249,9999.000,9999.000,9999.000,9999.000,9999.000,9999.000,9999.000
202602211500,   7.971,   8.239,   0.300,  -0.032,   8.239,   0.200,   8.139,   0.400,   8.339
202602211506,   7.977,   8.249,9999.000,9999.000,9999.000,9999.000,9999.000,9999.000,9999.000
202602211512,   7.977,   8.239,9999.000,9999.000,9999.000,9999.000,9999.000,9999.000,9999.000
202602211518,   7.971,   8.239,9999.000,9999.000,9999.000,9999.000,9999.000,9999.000,9999.000
202602211524,   7.957,   8.239,9999.000,9999.000,9999.000,9999.000,9999.000,9999.000,9999.000
202602211530,   7.937,   8.249,9999.000,9999.000,9999.000,9999.000,9999.000,9999.000,9999.000
202602211536,   7.910,   8.216,9999.000,9999.000,9999.000,9999.000,9999.000,9999.000,9999.000
202602211542,   7.877,   8.216,9999.000,9999.000,9999.000,9999.000,9999.000,9999.000,9999.000
202602211548,   7.837,   8.206,9999.000,9999.000,9999.000,9999.000,9999.000,9999.000,9999.000
202602211554,   7.790,   8.167,9999.000,9999.000,9999.000,9999.000,9999.000,9999.000,9999.000
202602211600,   7.737,   8.098,   0.300,   0.061,   8.098,   0.200,   7.998,   0.400,   8.198
202602211606,   7.677,   8.058,9999.000,9999.000,9999.000,9999.000,9999.000,9999.000,9999.000
202602211612,   7.610,   7.996,9999.000,9999.000,9999.000,9999.000,9999.000,9999.000,9999.000
202602211618,   7.538,   7.947,9999.000,9999.000,9999.000,9999.000,9999.000,9999.000,9999.000
202602211624,   7.459,   7.878,9999.000,9999.000,9999.000,9999.000,9999.000,9999.000,9999.000
202602211630,   7.374,   7.806,9999.000,9999.000,9999.000,9999.000,9999.000,9999.000,9999.000
202602211636,   7.283,   7.747,9999.000,9999.000,9999.000,9999.000,9999.000,9999.000,9999.000
202602211642,   7.186,   7.668,9999.000,9999.000,9999.000,9999.000,9999.000,9999.000,9999.000
202602211648,   7.083,   7.586,9999.000,9999.000,9999.000,9999.000,9999.000,9999.000,9999.000
202602211654,   6.975,   7.498,9999.000,9999.000,9999.000,9999.000,9999.000,9999.000,9999.000
202602211700,   6.862,   7.409,   0.300,   0.247,   7.409,   0.200,   7.309,   0.300,   7.409
202602211706,   6.744,   7.288,9999.000,9999.000,9999.000,9999.000,9999.000,9999.000,9999.000
202602211712,   6.621,   7.189,9999.000,9999.000,9999.000,9999.000,9999.000,9999.000,9999.000
202602211718,   6.493,   7.068,9999.000,9999.000,9999.000,9999.000,9999.000,9999.000,9999.000
202602211724,   6.361,   6.956,9999.000,9999.000,9999.000,9999.000,9999.000,9999.000,9999.000
202602211730,   6.225,   6.819,9999.000,9999.000,9999.000,9999.000,9999.000,9999.000,9999.000
202602211736,   6.085,   6.668,9999.000,9999.000,9999.000,9999.000,9999.000,9999.000,9999.000
202602211742,   5.941,   6.527,9999.000,9999.000,9999.000,9999.000,9999.000,9999.000,9999.000
202602211748,   5.794,   6.399,9999.000,9999.000,9999.000,9999.000,9999.000,9999.000,9999.000
202602211754,   5.645,   6.268,9999.000,9999.000,9999.000,9999.000,9999.000,9999.000,9999.000
202602211800,   5.493,   6.107,   0.300,   0.314,   6.107,   0.200,   6.007,   0.400,   6.207
202602211806,   5.339,   5.959,9999.000,9999.000,9999.000,9999.000,9999.000,9999.000,9999.000
202602211812,   5.182,   5.799,9999.000,9999.000,9999.000,9999.000,9999.000,9999.000,9999.000
202602211818,   5.025,   5.657,9999.000,9999.000,9999.000,9999.000,9999.000,9999.000,9999.000
202602211824,   4.866,   5.507,9999.000,9999.000,9999.000,9999.000,9999.000,9999.000,9999.000
202602211830,   4.706,   5.339,9999.000,9999.000,9999.000,9999.000,9999.000,9999.000,9999.000
202602211836,   4.547,   5.188,9999.000,9999.000,9999.000,9999.000,9999.000,9999.000,9999.000
202602211842,   4.387,   5.018,9999.000,9999.000,9999.000,9999.000,9999.000,9999.000,9999.000
202602211848,   4.227,   4.857,9999.000,9999.000,9999.000,9999.000,9999.000,9999.000,9999.000
202602211854,   4.069,   4.677,9999.000,9999.000,9999.000,9999.000,9999.000,9999.000,9999.000
202602211900,   3.911,   4.500,   0.300,   0.289,   4.500,   0.100,   4.300,   0.400,   4.600
202602211906,   3.755,   4.339,9999.000,9999.000,9999.000,9999.000,9999.000,9999.000,9999.000
202602211912,   3.602,   4.218,9999.000,9999.000,9999.000,9999.000,9999.000,9999.000,9999.000
202602211918,   3.450,   4.057,9999.000,9999.000,9999.000,9999.000,9999.000,9999.000,9999.000
202602211924,   3.302,   3.899,9999.000,9999.000,9999.000,9999.000,9999.000,9999.000,9999.000
202602211930,   3.156,   3.778,9999.000,9999.000,9999.000,9999.000,9999.000,9999.000,9999.000
202602211936,   3.014,   3.627,9999.000,9999.000,9999.000,9999.000,9999.000,9999.000,9999.000
202602211942,   2.876,   3.489,9999.000,9999.000,9999.000,9999.000,9999.000,9999.000,9999.000
202602211948,   2.743,   3.358,9999.000,9999.000,9999.000,9999.000,9999.000,9999.000,9999.000
202602211954,   2.614,   3.250,9999.000,9999.000,9999.000,9999.000,9999.000,9999.000,9999.000
202602212000,   2.490,   3.138,   0.300,   0.348,   3.138,   0.200,   3.038,   0.400,   3.238
202602212006,   2.371,   3.017,9999.000,9999.000,9999.000,9999.000,9999.000,9999.000,9999.000
202602212012,   2.258,   2.899,9999.000,9999.000,9999.000,9999.000,9999.000,9999.000,9999.000
202602212018,   2.151,   2.768,9999.000,9999.000,9999.000,9999.000,9999.000,9999.000,9999.000
202602212024,   2.050,   2.669,9999.000,9999.000,9999.000,9999.000,9999.000,9999.000,9999.000
202602212030,   1.956,   2.597,9999.000,9999.000,9999.000,9999.000,9999.000,9999.000,9999.000
202602212036,   1.868,   2.528,9999.000,9999.000,9999.000,9999.000,9999.000,9999.000,9999.000
202602212042,   1.786,   2.450,9999.000,9999.000,9999.000,9999.000,9999.000,9999.000,9999.000
202602212048,   1.712,   2.387,9999.000,9999.000,9999.000,9999.000,9999.000,9999.000,9999.000
202602212054,   1.644,   2.338,9999.000,9999.000,9999.000,9999.000,9999.000,9999.000,9999.000
202602212100,   1.584,   2.299,   0.300,   0.415,   2.299,   0.200,   2.199,   0.400,   2.399
202602212106,   1.531,   2.240,9999.000,9999.000,9999.000,9999.000,9999.000,9999.000,9999.000
202602212112,   1.485,   2.191,9999.000,9999.000,9999.000,9999.000,9999.000,9999.000,9999.000
202602212118,   1.445,   2.168,9999.000,9999.000,9999.000,9999.000,9999.000,9999.000,9999.000
202602212124,   1.413,   2.118,9999.000,9999.000,9999.000,9999.000,9999.000,9999.000,9999.000
202602212130,   1.388,   2.079,9999.000,9999.000,9999.000,9999.000,9999.000,9999.000,9999.000
202602212136,   1.370,   2.089,9999.000,9999.000,9999.000,9999.000,9999.000,9999.000,9999.000
202602212142,   1.359,   2.079,9999.000,9999.000,9999.000,9999.000,9999.000,9999.000,9999.000
202602212148,   1.354,   2.089,9999.000,9999.000,9999.000,9999.000,9999.000,9999.000,9999.000
202602212154,   1.355,   2.089,9999.000,9999.000,9999.000,9999.000,9999.000,9999.000,9999.000
202602212200,   1.363,   2.109,   0.200,   0.546,   2.109,   0.100,   2.009,   0.300,   2.209
202602212206,   1.377,   2.109,9999.000,9999.000,9999.000,9999.000,9999.000,9999.000,9999.000
202602212212,   1.397,   2.118,9999.000,9999.000,9999.000,9999.000,9999.000,9999.000,9999.000
202602212218,   1.422,   2.148,9999.000,9999.000,9999.000,9999.000,9999.000,9999.000,9999.000
202602212224,   1.453,   2.168,9999.000,9999.000,9999.000,9999.000,9999.000,9999.000,9999.000
202602212230,   1.489,   2.210,9999.000,9999.000,9999.000,9999.000,9999.000,9999.000,9999.000
202602212236,   1.531,   2.230,9999.000,9999.000,9999.000,9999.000,9999.000,9999.000,9999.000
202602212242,   1.576,   2.289,9999.000,9999.000,9999.000,9999.000,9999.000,9999.000,9999.000
202602212248,   1.627,   2.318,9999.000,9999.000,9999.000,9999.000,9999.000,9999.000,9999.000
202602212254,   1.682,   2.338,9999.000,9999.000,9999.000,9999.000,9999.000,9999.000,9999.000
202602212300,   1.741,   2.387,   0.200,   0.446,   2.387,   0.100,   2.287,   0.300,   2.487
202602212306,   1.804,   2.410,9999.000,9999.000,9999.000,9999.000,9999.000,9999.000,9999.000
202602212312,   1.871,   2.450,9999.000,9999.000,9999.000,9999.000,9999.000,9999.000,9999.000
202602212318,   1.941,   2.509,9999.000,9999.000,9999.000,9999.000,9999.000,9999.000,9999.000
202602212324,   2.015,   2.568,9999.000,9999.000,9999.000,9999.000,9999.000,9999.000,9999.000
202602212330,   2.093,   2.630,9999.000,9999.000,9999.000,9999.000,9999.000,9999.000,9999.000
202602212336,   2.173,   2.709,9999.000,9999.000,9999.000,9999.000,9999.000,9999.000,9999.000
202602212342,   2.257,   2.787,9999.000,9999.000,9999.000,9999.000,9999.000,9999.000,9999.000
202602212348,   2.343,   2.879,9999.000,9999.000,9999.000,9999.000,9999.000,9999.000,9999.000
202602212354,   2.433,   2.968,9999.000,9999.000,9999.000,9999.000,9999.000,9999.000,9999.000
202602220000,   2.524,   2.968,   0.400,   0.044,   2.968,   0.300,   2.868,   0.500,   3.068
202602220006,   2.619,   3.168,9999.000,9999.000,9999.000,9999.000,9999.000,9999.000,9999.000
202602220012,   2.715,   3.289,9999.000,9999.000,9999.000,9999.000,9999.000,9999.000,9999.000
202602220018,   2.813,   3.368,9999.000,9999.000,9999.000,9999.000,9999.000,9999.000,9999.000
202602220024,   2.914,   3.489,9999.000,9999.000,9999.000,9999.000,9999.000,9999.000,9999.000
202602220030,   3.016,   3.588,9999.000,9999.000,9999.000,9999.000,9999.000,9999.000,9999.000
202602220036,   3.119,   3.670,9999.000,9999.000,9999.000,9999.000,9999.000,9999.000,9999.000
202602220042,   3.224,   3.758,9999.000,9999.000,9999.000,9999.000,9999.000,9999.000,9999.000
202602220048,   3.330,   3.870,9999.000,9999.000,9999.000,9999.000,9999.000,9999.000,9999.000
202602220054,   3.436,   3.968,9999.000,9999.000,9999.000,9999.000,9999.000,9999.000,9999.000
202602220100,   3.543,   4.047,   0.300,   0.204,   4.047,   0.300,   4.047,   0.400,   4.147
202602220106,   3.651,   4.168,9999.000,9999.000,9999.000,9999.000,9999.000,9999.000,9999.000
202602220112,   3.758,   4.280,9999.000,9999.000,9999.000,9999.000,9999.000,9999.000,9999.000
202602220118,   3.865,   4.378,9999.000,9999.000,9999.000,9999.000,9999.000,9999.000,9999.000
202602220124,   3.972,   4.467,9999.000,9999.000,9999.000,9999.000,9999.000,9999.000,9999.000
202602220130,   4.078,   4.549,9999.000,9999.000,9999.000,9999.000,9999.000,9999.000,9999.000
202602220136,   4.183,   4.657,9999.000,9999.000,9999.000,9999.000,9999.000,9999.000,9999.000
202602220142,   4.286,   4.739,9999.000,9999.000,9999.000,9999.000,9999.000,9999.000,9999.000
202602220148,   4.388,   4.857,9999.000,9999.000,9999.000,9999.000,9999.000,9999.000,9999.000
202602220154,   4.488,   4.979,9999.000,9999.000,9999.000,9999.000,9999.000,9999.000,9999.000
202602220200,   4.585,   5.077,   0.400,   0.092,   5.077,   0.300,   4.977,   0.500,   5.177
202602220206,   4.681,   5.188,9999.000,9999.000,9999.000,9999.000,9999.000,9999.000,9999.000
202602220212,   4.773,   5.267,9999.000,9999.000,9999.000,9999.000,9999.000,9999.000,9999.000
202602220218,   4.863,   5.359,9999.000,9999.000,9999.000,9999.000,9999.000,9999.000,9999.000
202602220224,   4.950,   5.418,9999.000,9999.000,9999.000,9999.000,9999.000,9999.000,9999.000
202602220230,   5.033,   5.487,9999.000,9999.000,9999.000,9999.000,9999.000,9999.000,9999.000
202602220236,   5.113,   5.559,9999.000,9999.000,9999.000,9999.000,9999.000,9999.000,9999.000
202602220242,   5.189,   5.638,9999.000,9999.000,9999.000,9999.000,9999.000,9999.000,9999.000
202602220248,   5.262,   5.749,9999.000,9999.000,9999.000,9999.000,9999.000,9999.000,9999.000
202602220254,   5.330,   5.828,9999.000,9999.000,9999.000,9999.000,9999.000,9999.000,9999.000
202602220300,   5.395,   5.907,   0.400,   0.112,   5.907,   0.300,   5.807,   0.500,   6.007
202602220306,   5.455,   5.940,9999.000,9999.000,9999.000,9999.000,9999.000,9999.000,9999.000
202602220312,   5.512,   5.989,9999.000,9999.000,9999.000,9999.000,9999.000,9999.000,9999.000
202602220318,   5.564,   6.018,9999.000,9999.000,9999.000,9999.000,9999.000,9999.000,9999.000
202602220324,   5.612,   6.038,9999.000,9999.000,9999.000,9999.000,9999.000,9999.000,9999.000
202602220330,   5.655,   6.097,9999.000,9999.000,9999.000,9999.000,9999.000,9999.000,9999.000
202602220336,   5.694,   6.149,9999.000,9999.000,9999.000,9999.000,9999.000,9999.000,9999.000
202602220342,   5.729,   6.199,9999.000,9999.000,9999.000,9999.000,9999.000,9999.000,9999.000
202602220348,   5.759,   6.228,9999.000,9999.000,9999.000,9999.000,9999.000,9999.000,9999.000
202602220354,   5.785,   6.238,9999.000,9999.000,9999.000,9999.000,9999.000,9999.000,9999.000
202602220400,   5.806,   6.277,   0.500,  -0.029,   6.277,   0.400,   6.177,   0.600,   6.377
202602220406,   5.824,   6.327,9999.000,9999.000,9999.000,9999.000,9999.000,9999.000,9999.000
202602220412,   5.836,   6.327,9999.000,9999.000,9999.000,9999.000,9999.000,9999.000,9999.000
202602220418,   5.845,   6.346,9999.000,9999.000,9999.000,9999.000,9999.000,9999.000,9999.000
202602220424,   5.849,   6.399,9999.000,9999.000,9999.000,9999.000,9999.000,9999.000,9999.000
202602220430,   5.849,   6.369,9999.000,9999.000,9999.000,9999.000,9999.000,9999.000,9999.000
202602220436,   5.845,   6.359,9999.000,9999.000,9999.000,9999.000,9999.000,9999.000,9999.000
202602220442,   5.837,   6.359,9999.000,9999.000,9999.000,9999.000,9999.000,9999.000,9999.000
202602220448,   5.825,   6.336,9999.000,9999.000,9999.000,9999.000,9999.000,9999.000,9999.000
202602220454,   5.809,   6.317,9999.000,9999.000,9999.000,9999.000,9999.000,9999.000,9999.000
202602220500,   5.789,   6.287,   0.500,  -0.002,   6.287,   0.400,   6.187,   0.600,   6.387
202602220506,   5.765,   6.268,9999.000,9999.000,9999.000,9999.000,9999.000,9999.000,9999.000
202602220512,   5.738,   6.258,9999.000,9999.000,9999.000,9999.000,9999.000,9999.000,9999.000
202602220518,   5.707,   6.228,9999.000,9999.000,9999.000,9999.000,9999.000,9999.000,9999.000
202602220524,   5.673,   6.169,9999.000,9999.000,9999.000,9999.000,9999.000,9999.000,9999.000
202602220530,   5.635,   6.149,9999.000,9999.000,9999.000,9999.000,9999.000,9999.000,9999.000
202602220536,   5.595,   6.107,9999.000,9999.000,9999.000,9999.000,9999.000,9999.000,9999.000
202602220542,   5.551,   6.048,9999.000,9999.000,9999.000,9999.000,9999.000,9999.000,9999.000
202602220548,   5.505,   6.018,9999.000,9999.000,9999.000,9999.000,9999.000,9999.000,9999.000
202602220554,   5.456,   5.979,9999.000,9999.000,9999.000,9999.000,9999.000,9999.000,9999.000
202602220600,   5.405,   5.917,   0.600,  -0.088,   5.917,   0.500,   5.817,   0.700,   6.017
202602220606,   5.352,   5.887,9999.000,9999.000,9999.000,9999.000,9999.000,9999.000,9999.000
202602220612,   5.297,   5.838,9999.000,9999.000,9999.000,9999.000,9999.000,9999.000,9999.000
202602220618,   5.239,   5.759,9999.000,9999.000,9999.000,9999.000,9999.000,9999.000,9999.000
202602220624,   5.181,   5.707,9999.000,9999.000,9999.000,9999.000,9999.000,9999.000,9999.000
202602220630,   5.121,   5.618,9999.000,9999.000,9999.000,9999.000,9999.000,9999.000,9999.000
202602220636,   5.060,   5.549,9999.000,9999.000,9999.000,9999.000,9999.000,9999.000,9999.000
202602220642,   4.998,   5.507,9999.000,9999.000,9999.000,9999.000,9999.000,9999.000,9999.000
202602220648,   4.936,   5.438,9999.000,9999.000,9999.000,9999.000,9999.000,9999.000,9999.000
202602220654,   4.874,   5.398,9999.000,9999.000,9999.000,9999.000,9999.000,9999.000,9999.000
202602220700,   4.811,   5.369,   0.600,  -0.042,   5.369,   0.500,   5.269,   0.800,   5.569
202602220706,   4.749,   5.329,9999.000,9999.000,9999.000,9999.000,9999.000,9999.000,9999.000
202602220712,   4.687,   5.257,9999.000,9999.000,9999.000,9999.000,9999.000,9999.000,9999.000
202602220718,   4.626,   5.159,9999.000,9999.000,9999.000,9999.000,9999.000,9999.000,9999.000
202602220724,   4.567,   5.110,9999.000,9999.000,9999.000,9999.000,9999.000,9999.000,9999.000
202602220730,   4.508,   5.057,9999.000,9999.000,9999.000,9999.000,9999.000,9999.000,9999.000
202602220736,   4.452,   4.998,9999.000,9999.000,9999.000,9999.000,9999.000,9999.000,9999.000
202602220742,   4.397,   4.969,9999.000,9999.000,9999.000,9999.000,9999.000,9999.000,9999.000
202602220748,   4.345,   4.939,9999.000,9999.000,9999.000,9999.000,9999.000,9999.000,9999.000
202602220754,   4.295,   4.900,9999.000,9999.000,9999.000,9999.000,9999.000,9999.000,9999.000
202602220800,   4.248,   4.857,   0.800,  -0.191,   4.857,   0.700,   4.757,   0.800,   4.857
202602220806,   4.204,   4.798,9999.000,9999.000,9999.000,9999.000,9999.000,9999.000,9999.000
202602220812,   4.164,   4.778,9999.000,9999.000,9999.000,9999.000,9999.000,9999.000,9999.000
202602220818,   4.127,   4.769,9999.000,9999.000,9999.000,9999.000,9999.000,9999.000,9999.000
202602220824,   4.093,   4.690,9999.000,9999.000,9999.000,9999.000,9999.000,9999.000,9999.000
202602220830,   4.064,   4.647,9999.000,9999.000,9999.000,9999.000,9999.000,9999.000,9999.000
202602220836,   4.039,   4.667,9999.000,9999.000,9999.000,9999.000,9999.000,9999.000,9999.000
202602220842,   4.019,   4.657,9999.000,9999.000,9999.000,9999.000,9999.000,9999.000,9999.000
202602220848,   4.003,   4.637,9999.000,9999.000,9999.000,9999.000,9999.000,9999.000,9999.000
202602220854,   3.991,   4.647,9999.000,9999.000,9999.000,9999.000,9999.000,9999.000,9999.000
202602220900,   3.985,   4.667,   0.900,  -0.218,   4.667,   0.800,   4.567,   1.000,   4.767
202602220906,   3.983,   4.647,9999.000,9999.000,9999.000,9999.000,9999.000,9999.000,9999.000
202602220912,   3.987,   4.628,9999.000,9999.000,9999.000,9999.000,9999.000,9999.000,9999.000
202602220918,   3.995,   4.598,9999.000,9999.000,9999.000,9999.000,9999.000,9999.000,9999.000
202602220924,   4.009,   4.647,9999.000,9999.000,9999.000,9999.000,9999.000,9999.000,9999.000
202602220930,   4.027,   4.690,9999.000,9999.000,9999.000,9999.000,9999.000,9999.000,9999.000
202602220936,   4.051,   4.700,9999.000,9999.000,9999.000,9999.000,9999.000,9999.000,9999.000
202602220942,   4.079,   4.739,9999.000,9999.000,9999.000,9999.000,9999.000,9999.000,9999.000
202602220948,   4.112,   4.778,9999.000,9999.000,9999.000,9999.000,9999.000,9999.000,9999.000
202602220954,   4.150,   4.798,9999.000,9999.000,9999.000,9999.000,9999.000,9999.000,9999.000
202602221000,   4.193,   4.818,   0.900,  -0.275,   4.818,   0.800,   4.718,   0.900,   4.818
202602221006,   4.239,   4.877,9999.000,9999.000,9999.000,9999.000,9999.000,9999.000,9999.000
202602221012,   4.290,   4.949,9999.000,9999.000,9999.000,9999.000,9999.000,9999.000,9999.000
202602221018,   4.345,   5.008,9999.000,9999.000,9999.000,9999.000,9999.000,9999.000,9999.000
202602221024,   4.404,   4.998,9999.000,9999.000,9999.000,9999.000,9999.000,9999.000,9999.000
202602221030,   4.467,   5.097,9999.000,9999.000,9999.000,9999.000,9999.000,9999.000,9999.000
202602221036,   4.533,   5.149,9999.000,9999.000,9999.000,9999.000,9999.000,9999.000,9999.000
202602221042,   4.602,   5.198,9999.000,9999.000,9999.000,9999.000,9999.000,9999.000,9999.000
202602221048,   4.675,   5.277,9999.000,9999.000,9999.000,9999.000,9999.000,9999.000,9999.000
202602221054,   4.750,   5.339,9999.000,9999.000,9999.000,9999.000,9999.000,9999.000,9999.000
202602221100,   4.827,   5.438,   0.800,  -0.189,   5.438,   0.700,   5.338,   1.000,   5.638
202602221106,   4.907,   5.477,9999.000,9999.000,9999.000,9999.000,9999.000,9999.000,9999.000
202602221112,   4.989,   5.569,9999.000,9999.000,9999.000,9999.000,9999.000,9999.000,9999.000
202602221118,   5.073,   5.648,9999.000,9999.000,9999.000,9999.000,9999.000,9999.000,9999.000
202602221124,   5.159,   5.730,9999.000,9999.000,9999.000,9999.000,9999.000,9999.000,9999.000
202602221130,   5.247,   5.789,9999.000,9999.000,9999.000,9999.000,9999.000,9999.000,9999.000
202602221136,   5.336,   5.917,9999.000,9999.000,9999.000,9999.000,9999.000,9999.000,9999.000
202602221142,   5.426,   6.028,9999.000,9999.000,9999.000,9999.000,9999.000,9999.000,9999.000
202602221148,   5.518,   6.107,9999.000,9999.000,9999.000,9999.000,9999.000,9999.000,9999.000
202602221154,   5.610,   6.179,9999.000,9999.000,9999.000,9999.000,9999.000,9999.000,9999.000
202602221200,   5.704,   6.287,   0.900,  -0.317,   6.287,   0.800,   6.187,   1.000,   6.387
202602221206,   5.798,   6.409,9999.000,9999.000,9999.000,9999.000,9999.000,9999.000,9999.000
202602221212,   5.893,   6.527,9999.000,9999.000,9999.000,9999.000,9999.000,9999.000,9999.000
202602221218,   5.988,   6.638,9999.000,9999.000,9999.000,9999.000,9999.000,9999.000,9999.000
202602221224,   6.083,   6.789,9999.000,9999.000,9999.000,9999.000,9999.000,9999.000,9999.000
202602221230,   6.179,   6.887,9999.000,9999.000,9999.000,9999.000,9999.000,9999.000,9999.000
202602221236,   6.275,   6.937,9999.000,9999.000,9999.000,9999.000,9999.000,9999.000,9999.000
202602221242,   6.370,   7.068,9999.000,9999.000,9999.000,9999.000,9999.000,9999.000,9999.000
202602221248,   6.465,   7.219,9999.000,9999.000,9999.000,9999.000,9999.000,9999.000,9999.000
202602221254,   6.560,   7.357,9999.000,9999.000,9999.000,9999.000,9999.000,9999.000,9999.000
202602221300,   6.654,   7.468,   1.000,  -0.186,   7.468,   0.900,   7.368,   1.100,   7.568
202602221306,   6.747,   7.576,9999.000,9999.000,9999.000,9999.000,9999.000,9999.000,9999.000
202602221312,   6.839,   7.688,9999.000,9999.000,9999.000,9999.000,9999.000,9999.000,9999.000
202602221318,   6.929,   7.796,9999.000,9999.000,9999.000,9999.000,9999.000,9999.000,9999.000
202602221324,   7.018,   7.878,9999.000,9999.000,9999.000,9999.000,9999.000,9999.000,9999.000
202602221330,   7.105,   7.967,9999.000,9999.000,9999.000,9999.000,9999.000,9999.000,9999.000
202602221336,   7.190,   8.078,9999.000,9999.000,9999.000,9999.000,9999.000,9999.000,9999.000
202602221342,   7.273,   8.196,9999.000,9999.000,9999.000,9999.000,9999.000,9999.000,9999.000
202602221348,   7.353,   8.278,9999.000,9999.000,9999.000,9999.000,9999.000,9999.000,9999.000
202602221354,   7.430,   8.347,9999.000,9999.000,9999.000,9999.000,9999.000,9999.000,9999.000
202602221400,   7.504,   8.426,   1.000,  -0.078,   8.426,   0.900,   8.326,   1.100,   8.526
202602221406,   7.574,   8.468,9999.000,9999.000,9999.000,9999.000,9999.000,9999.000,9999.000
202602221412,   7.640,   8.518,9999.000,9999.000,9999.000,9999.000,9999.000,9999.000,9999.000
202602221418,   7.703,   8.596,9999.000,9999.000,9999.000,9999.000,9999.000,9999.000,9999.000
202602221424,   7.761,   8.718,9999.000,9999.000,9999.000,9999.000,9999.000,9999.000,9999.000
202602221430,   7.815,   8.777,9999.000,9999.000,9999.000,9999.000,9999.000,9999.000,9999.000
202602221436,   7.864,   8.787,9999.000,9999.000,9999.000,9999.000,9999.000,9999.000,9999.000
202602221442,   7.908,   8.878,9999.000,9999.000,9999.000,9999.000,9999.000,9999.000,9999.000
202602221448,   7.947,   8.869,9999.000,9999.000,9999.000,9999.000,9999.000,9999.000,9999.000
202602221454,   7.981,   8.869,9999.000,9999.000,9999.000,9999.000,9999.000,9999.000,9999.000
202602221500,   8.009,   8.918,   0.900,   0.009,   8.918,   0.900,   8.918,   1.000,   9.018
202602221506,   8.031,   8.928,9999.000,9999.000,9999.000,9999.000,9999.000,9999.000,9999.000
202602221512,   8.048,   8.977,9999.000,9999.000,9999.000,9999.000,9999.000,9999.000,9999.000
202602221518,   8.059,   8.957,9999.000,9999.000,9999.000,9999.000,9999.000,9999.000,9999.000
202602221524,   8.064,   8.997,9999.000,9999.000,9999.000,9999.000,9999.000,9999.000,9999.000
202602221530,   8.063,   8.977,9999.000,9999.000,9999.000,9999.000,9999.000,9999.000,9999.000
202602221536,   8.055,   8.947,9999.000,9999.000,9999.000,9999.000,9999.000,9999.000,9999.000
202602221542,   8.042,   8.937,9999.000,9999.000,9999.000,9999.000,9999.000,9999.000,9999.000
202602221548,   8.022,   8.918,9999.000,9999.000,9999.000,9999.000,9999.000,9999.000,9999.000
202602221554,   7.997,   8.908,9999.000,9999.000,9999.000,9999.000,9999.000,9999.000,9999.000
202602221600,   7.965,   8.869,   1.000,  -0.096,   8.869,   0.900,   8.769,   1.000,   8.869
202602221606,   7.926,   8.846,9999.000,9999.000,9999.000,9999.000,9999.000,9999.000,9999.000
202602221612,   7.882,   8.826,9999.000,9999.000,9999.000,9999.000,9999.000,9999.000,9999.000
202602221618,   7.832,   8.826,9999.000,9999.000,9999.000,9999.000,9999.000,9999.000,9999.000
202602221624,   7.775,   8.777,9999.000,9999.000,9999.000,9999.000,9999.000,9999.000,9999.000
202602221630,   7.712,   8.678,9999.000,9999.000,9999.000,9999.000,9999.000,9999.000,9999.000
202602221636,   7.643,   8.649,9999.000,9999.000,9999.000,9999.000,9999.000,9999.000,9999.000
202602221642,   7.568,   8.587,9999.000,9999.000,9999.000,9999.000,9999.000,9999.000,9999.000
202602221648,   7.488,   8.468,9999.000,9999.000,9999.000,9999.000,9999.000,9999.000,9999.000
202602221654,   7.401,   8.439,9999.000,9999.000,9999.000,9999.000,9999.000,9999.000,9999.000
202602221700,   7.309,   8.396,   0.900,   0.187,   8.396,   0.800,   8.296,   1.000,   8.496
202602221706,   7.211,   8.308,9999.000,9999.000,9999.000,9999.000,9999.000,9999.000,9999.000
202602221712,   7.108,   8.239,9999.000,9999.000,9999.000,9999.000,9999.000,9999.000,9999.000
202602221718,   6.999,   8.127,9999.000,9999.000,9999.000,9999.000,9999.000,9999.000,9999.000
202602221724,   6.885,   8.016,9999.000,9999.000,9999.000,9999.000,9999.000,9999.000,9999.000
202602221730,   6.766,   7.917,9999.000,9999.000,9999.000,9999.000,9999.000,9999.000,9999.000
202602221736,   6.642,   7.796,9999.000,9999.000,9999.000,9999.000,9999.000,9999.000,9999.000
202602221742,   6.513,   7.658,9999.000,9999.000,9999.000,9999.000,9999.000,9999.000,9999.000
202602221748,   6.380,   7.566,9999.000,9999.000,9999.000,9999.000,9999.000,9999.000,9999.000
202602221754,   6.242,   7.429,9999.000,9999.000,9999.000,9999.000,9999.000,9999.000,9999.000
202602221800,   6.100,   7.278,   0.900,   0.278,   7.278,   0.800,   7.178,   1.000,   7.378
202602221806,   5.955,   7.156,9999.000,9999.000,9999.000,9999.000,9999.000,9999.000,9999.000
202602221812,   5.805,   7.029,9999.000,9999.000,9999.000,9999.000,9999.000,9999.000,9999.000
202602221818,   5.652,   6.887,9999.000,9999.000,9999.000,9999.000,9999.000,9999.000,9999.000
202602221824,   5.496,   6.717,9999.000,9999.000,9999.000,9999.000,9999.000,9999.000,9999.000
202602221830,   5.337,   6.579,9999.000,9999.000,9999.000,9999.000,9999.000,9999.000,9999.000
202602221836,   5.175,   6.428,9999.000,9999.000,9999.000,9999.000,9999.000,9999.000,9999.000
202602221842,   5.011,   6.248,9999.000,9999.000,9999.000,9999.000,9999.000,9999.000,9999.000
202602221848,   4.845,   6.117,9999.000,9999.000,9999.000,9999.000,9999.000,9999.000,9999.000
202602221854,   4.677,   5.959,9999.000,9999.000,9999.000,9999.000,9999.000,9999.000,9999.000
202602221900,   4.508,   5.808,   0.800,   0.500,   5.808,   0.800,   5.808,   0.900,   5.908
202602221906,   4.338,   5.648,9999.000,9999.000,9999.000,9999.000,9999.000,9999.000,9999.000
202602221912,   4.168,   5.467,9999.000,9999.000,9999.000,9999.000,9999.000,9999.000,9999.000
202602221918,   3.997,   5.277,9999.000,9999.000,9999.000,9999.000,9999.000,9999.000,9999.000
202602221924,   3.826,   5.077,9999.000,9999.000,9999.000,9999.000,9999.000,9999.000,9999.000
202602221930,   3.656,   4.900,9999.000,9999.000,9999.000,9999.000,9999.000,9999.000,9999.000
202602221936,   3.487,   4.719,9999.000,9999.000,9999.000,9999.000,9999.000,9999.000,9999.000
202602221942,   3.319,   4.549,9999.000,9999.000,9999.000,9999.000,9999.000,9999.000,9999.000
202602221948,   3.152,   4.378,9999.000,9999.000,9999.000,9999.000,9999.000,9999.000,9999.000
202602221954,   2.988,   4.198,9999.000,9999.000,9999.000,9999.000,9999.000,9999.000,9999.000
202602222000,   2.826,   4.047,   0.800,   0.421,   4.047,   0.700,   3.947,   0.900,   4.147
202602222006,   2.667,   3.880,9999.000,9999.000,9999.000,9999.000,9999.000,9999.000,9999.000
202602222012,   2.511,   3.689,9999.000,9999.000,9999.000,9999.000,9999.000,9999.000,9999.000
202602222018,   2.359,   3.548,9999.000,9999.000,9999.000,9999.000,9999.000,9999.000,9999.000
202602222024,   2.210,   3.378,9999.000,9999.000,9999.000,9999.000,9999.000,9999.000,9999.000
202602222030,   2.066,   3.217,9999.000,9999.000,9999.000,9999.000,9999.000,9999.000,9999.000
202602222036,   1.926,   3.079,9999.000,9999.000,9999.000,9999.000,9999.000,9999.000,9999.000
202602222042,   1.792,   2.929,9999.000,9999.000,9999.000,9999.000,9999.000,9999.000,9999.000
202602222048,   1.662,   2.830,9999.000,9999.000,9999.000,9999.000,9999.000,9999.000,9999.000
202602222054,   1.539,   2.689,9999.000,9999.000,9999.000,9999.000,9999.000,9999.000,9999.000
202602222100,   1.421,   2.548,   0.800,   0.327,   2.548,   0.700,   2.448,   0.900,   2.648
202602222106,   1.309,   2.469,9999.000,9999.000,9999.000,9999.000,9999.000,9999.000,9999.000
202602222112,   1.204,   2.368,9999.000,9999.000,9999.000,9999.000,9999.000,9999.000,9999.000
202602222118,   1.105,   2.269,9999.000,9999.000,9999.000,9999.000,9999.000,9999.000,9999.000
202602222124,   1.013,   2.177,9999.000,9999.000,9999.000,9999.000,9999.000,9999.000,9999.000
202602222130,   0.928,   2.109,9999.000,9999.000,9999.000,9999.000,9999.000,9999.000,9999.000
202602222136,   0.850,   2.059,9999.000,9999.000,9999.000,9999.000,9999.000,9999.000,9999.000
202602222142,   0.779,   1.990,9999.000,9999.000,9999.000,9999.000,9999.000,9999.000,9999.000
202602222148,   0.715,   1.899,9999.000,9999.000,9999.000,9999.000,9999.000,9999.000,9999.000
202602222154,   0.659,   1.849,9999.000,9999.000,9999.000,9999.000,9999.000,9999.000,9999.000
202602222200,   0.610,   1.830,   0.700,   0.520,   1.830,   0.500,   1.630,   0.800,   1.930
202602222206,   0.568,   1.758,9999.000,9999.000,9999.000,9999.000,9999.000,9999.000,9999.000
202602222212,   0.534,   1.738,9999.000,9999.000,9999.000,9999.000,9999.000,9999.000,9999.000
202602222218,   0.507,   1.728,9999.000,9999.000,9999.000,9999.000,9999.000,9999.000,9999.000
202602222224,   0.486,   1.708,9999.000,9999.000,9999.000,9999.000,9999.000,9999.000,9999.000
202602222230,   0.473,   1.689,9999.000,9999.000,9999.000,9999.000,9999.000,9999.000,9999.000
202602222236,   0.467,   1.649,9999.000,9999.000,9999.000,9999.000,9999.000,9999.000,9999.000
202602222242,   0.467,   1.649,9999.000,9999.000,9999.000,9999.000,9999.000,9999.000,9999.000
202602222248,   0.474,   1.630,9999.000,9999.000,9999.000,9999.000,9999.000,9999.000,9999.000
202602222254,   0.487,   1.669,9999.000,9999.000,9999.000,9999.000,9999.000,9999.000,9999.000
202602222300,   0.507,   1.718,   0.600,   0.611,   1.718,   0.500,   1.618,   0.800,   1.918
202602222306,   0.532,   1.758,9999.000,9999.000,9999.000,9999.000,9999.000,9999.000,9999.000
202602222312,   0.563,   1.781,9999.000,9999.000,9999.000,9999.000,9999.000,9999.000,9999.000
202602222318,   0.600,   1.781,9999.000,9999.000,9999.000,9999.000,9999.000,9999.000,9999.000
202602222324,   0.642,   1.820,9999.000,9999.000,9999.000,9999.000,9999.000,9999.000,9999.000
202602222330,   0.690,   1.830,9999.000,9999.000,9999.000,9999.000,9999.000,9999.000,9999.000
202602222336,   0.742,   1.889,9999.000,9999.000,9999.000,9999.000,9999.000,9999.000,9999.000
202602222342,   0.800,   1.967,9999.000,9999.000,9999.000,9999.000,9999.000,9999.000,9999.000
202602222348,   0.861,   1.967,9999.000,9999.000,9999.000,9999.000,9999.000,9999.000,9999.000
202602222354,   0.928,9999.000,9999.000,9999.000,9999.000,9999.000,9999.000,9999.000,9999.000
202602230000,   0.998,   2.118,   0.800,   0.320,   2.118,   0.700,   2.018,   0.900,   2.218
202602230006,   1.073,   2.118,9999.000,9999.000,9999.000,9999.000,9999.000,9999.000,9999.000
202602230012,   1.152,   2.168,9999.000,9999.000,9999.000,9999.000,9999.000,9999.000,9999.000
202602230018,   1.234,   2.220,9999.000,9999.000,9999.000,9999.000,9999.000,9999.000,9999.000
202602230024,   1.320,   2.279,9999.000,9999.000,9999.000,9999.000,9999.000,9999.000,9999.000
202602230030,   1.410,   2.387,9999.000,9999.000,9999.000,9999.000,9999.000,9999.000,9999.000
202602230036,   1.503,   2.489,9999.000,9999.000,9999.000,9999.000,9999.000,9999.000,9999.000
202602230042,   1.599,   2.519,9999.000,9999.000,9999.000,9999.000,9999.000,9999.000,9999.000
202602230048,   1.698,   2.630,9999.000,9999.000,9999.000,9999.000,9999.000,9999.000,9999.000
202602230054,   1.799,   2.728,9999.000,9999.000,9999.000,9999.000,9999.000,9999.000,9999.000
202602230100,   1.904,   2.840,   0.800,   0.136,   2.840,   0.700,   2.740,   0.900,   2.940
202602230106,   2.011,   2.938,9999.000,9999.000,9999.000,9999.000,9999.000,9999.000,9999.000
202602230112,   2.120,   3.017,9999.000,9999.000,9999.000,9999.000,9999.000,9999.000,9999.000
202602230118,   2.231,   3.129,9999.000,9999.000,9999.000,9999.000,9999.000,9999.000,9999.000
202602230124,   2.344,   3.207,9999.000,9999.000,9999.000,9999.000,9999.000,9999.000,9999.000
202602230130,   2.459,   3.289,9999.000,9999.000,9999.000,9999.000,9999.000,9999.000,9999.000
202602230136,   2.575,   3.378,9999.000,9999.000,9999.000,9999.000,9999.000,9999.000,9999.000
202602230142,   2.692,   3.489,9999.000,9999.000,9999.000,9999.000,9999.000,9999.000,9999.000
202602230148,   2.810,   3.588,9999.000,9999.000,9999.000,9999.000,9999.000,9999.000,9999.000
202602230154,   2.929,   3.680,9999.000,9999.000,9999.000,9999.000,9999.000,9999.000,9999.000
202602230200,   3.048,   3.758,   0.700,   0.010,   3.758,   0.600,   3.658,   0.800,   3.858
202602230206,   3.167,   3.860,9999.000,9999.000,9999.000,9999.000,9999.000,9999.000,9999.000
202602230212,   3.286,   3.949,9999.000,9999.000,9999.000,9999.000,9999.000,9999.000,9999.000
202602230218,   3.405,   4.047,9999.000,9999.000,9999.000,9999.000,9999.000,9999.000,9999.000
202602230224,   3.523,   4.178,9999.000,9999.000,9999.000,9999.000,9999.000,9999.000,9999.000
202602230230,   3.640,   4.309,9999.000,9999.000,9999.000,9999.000,9999.000,9999.000,9999.000
202602230236,   3.756,   4.398,9999.000,9999.000,9999.000,9999.000,9999.000,9999.000,9999.000
202602230242,   3.870,   4.549,9999.000,9999.000,9999.000,9999.000,9999.000,9999.000,9999.000
202602230248,   3.982,   4.677,9999.000,9999.000,9999.000,9999.000,9999.000,9999.000,9999.000
202602230254,   4.093,   4.759,9999.000,9999.000,9999.000,9999.000,9999.000,9999.000,9999.000
202602230300,   4.201,   4.857,   0.600,   0.056,   4.857,   0.500,   4.757,   0.700,   4.957
202602230306,   4.307,   4.949,9999.000,9999.000,9999.000,9999.000,9999.000,9999.000,9999.000
202602230312,   4.411,   5.077,9999.000,9999.000,9999.000,9999.000,9999.000,9999.000,9999.000
202602230318,   4.512,   5.188,9999.000,9999.000,9999.000,9999.000,9999.000,9999.000,9999.000
202602230324,   4.610,   5.297,9999.000,9999.000,9999.000,9999.000,9999.000,9999.000,9999.000
202602230330,   4.705,   5.349,9999.000,9999.000,9999.000,9999.000,9999.000,9999.000,9999.000
202602230336,   4.797,   5.477,9999.000,9999.000,9999.000,9999.000,9999.000,9999.000,9999.000
202602230342,   4.885,   5.618,9999.000,9999.000,9999.000,9999.000,9999.000,9999.000,9999.000
202602230348,   4.971,   5.657,9999.000,9999.000,9999.000,9999.000,9999.000,9999.000,9999.000
202602230354,   5.053,   5.749,9999.000,9999.000,9999.000,9999.000,9999.000,9999.000,9999.000
202602230400,   5.131,   5.848,   0.700,   0.017,   5.848,   0.600,   5.748,   0.700,   5.848
202602230406,   5.206,   5.877,9999.000,9999.000,9999.000,9999.000,9999.000,9999.000,9999.000
202602230412,   5.278,   5.877,9999.000,9999.000,9999.000,9999.000,9999.000,9999.000,9999.000
202602230418,   5.346,   5.989,9999.000,9999.000,9999.000,9999.000,9999.000,9999.000,9999.000
202602230424,   5.410,   6.117,9999.000,9999.000,9999.000,9999.000,9999.000,9999.000,9999.000
202602230430,   5.471,   6.149,9999.000,9999.000,9999.000,9999.000,9999.000,9999.000,9999.000
202602230436,   5.528,   6.218,9999.000,9999.000,9999.000,9999.000,9999.000,9999.000,9999.000
202602230442,   5.582,   6.268,9999.000,9999.000,9999.000,9999.000,9999.000,9999.000,9999.000
202602230448,   5.632,   6.317,9999.000,9999.000,9999.000,9999.000,9999.000,9999.000,9999.000
202602230454,   5.678,   6.369,9999.000,9999.000,9999.000,9999.000,9999.000,9999.000,9999.000
202602230500,   5.721,   6.389,   0.700,  -0.032,   6.389,   0.600,   6.289,   0.800,   6.489
202602230506,   5.760,   6.458,9999.000,9999.000,9999.000,9999.000,9999.000,9999.000,9999.000
202602230512,   5.796,   6.487,9999.000,9999.000,9999.000,9999.000,9999.000,9999.000,9999.000
202602230518,   5.828,   6.546,9999.000,9999.000,9999.000,9999.000,9999.000,9999.000,9999.000
202602230524,   5.856,   6.638,9999.000,9999.000,9999.000,9999.000,9999.000,9999.000,9999.000
202602230530,   5.881,   6.658,9999.000,9999.000,9999.000,9999.000,9999.000,9999.000,9999.000
202602230536,   5.903,   6.668,9999.000,9999.000,9999.000,9999.000,9999.000,9999.000,9999.000
202602230542,   5.921,   6.678,9999.000,9999.000,9999.000,9999.000,9999.000,9999.000,9999.000
202602230548,   5.935,   6.697,9999.000,9999.000,9999.000,9999.000,9999.000,9999.000,9999.000
202602230554,   5.946,9999.000,9999.000,9999.000,9999.000,9999.000,9999.000,9999.000,9999.000
202602230600,   5.954,   6.678,   0.800,  -0.076,   6.678,   0.800,   6.678,   0.900,   6.778
202602230606,   5.959,   6.678,9999.000,9999.000,9999.000,9999.000,9999.000,9999.000,9999.000
202602230612,   5.961,   6.737,9999.000,9999.000,9999.000,9999.000,9999.000,9999.000,9999.000
202602230618,   5.959,   6.779,9999.000,9999.000,9999.000,9999.000,9999.000,9999.000,9999.000
202602230624,   5.955,   6.737,9999.000,9999.000,9999.000,9999.000,9999.000,9999.000,9999.000
202602230630,   5.948,   6.766,9999.000,9999.000,9999.000,9999.000,9999.000,9999.000,9999.000
202602230636,   5.938,   6.737,9999.000,9999.000,9999.000,9999.000,9999.000,9999.000,9999.000
202602230642,   5.925,   6.648,9999.000,9999.000,9999.000,9999.000,9999.000,9999.000,9999.000
202602230648,   5.910,   6.648,9999.000,9999.000,9999.000,9999.000,9999.000,9999.000,9999.000
202602230654,   5.892,   6.648,9999.000,9999.000,9999.000,9999.000,9999.000,9999.000,9999.000
202602230700,   5.873,   6.638,   0.800,  -0.035,   6.638,   0.700,   6.538,   0.900,   6.738
202602230706,   5.851,   6.619,9999.000,9999.000,9999.000,9999.000,9999.000,9999.000,9999.000
202602230712,   5.827,   6.589,9999.000,9999.000,9999.000,9999.000,9999.000,9999.000,9999.000
202602230718,   5.802,   6.507,9999.000,9999.000,9999.000,9999.000,9999.000,9999.000,9999.000
202602230724,   5.776,   6.517,9999.000,9999.000,9999.000,9999.000,9999.000,9999.000,9999.000
202602230730,   5.748,   6.468,9999.000,9999.000,9999.000,9999.000,9999.000,9999.000,9999.000
202602230736,   5.719,   6.438,9999.000,9999.000,9999.000,9999.000,9999.000,9999.000,9999.000
202602230742,   5.689,   6.448,9999.000,9999.000,9999.000,9999.000,9999.000,9999.000,9999.000
202602230748,   5.658,   6.389,9999.000,9999.000,9999.000,9999.000,9999.000,9999.000,9999.000
202602230754,   5.627,   6.359,9999.000,9999.000,9999.000,9999.000,9999.000,9999.000,9999.000
202602230800,   5.596,   6.317,   0.900,  -0.179,   6.317,   0.800,   6.217,   0.900,   6.317
202602230806,   5.565,   6.327,9999.000,9999.000,9999.000,9999.000,9999.000,9999.000,9999.000
202602230812,   5.534,   6.327,9999.000,9999.000,9999.000,9999.000,9999.000,9999.000,9999.000
202602230818,   5.504,   6.258,9999.000,9999.000,9999.000,9999.000,9999.000,9999.000,9999.000
202602230824,   5.474,   6.238,9999.000,9999.000,9999.000,9999.000,9999.000,9999.000,9999.000
202602230830,   5.446,   6.258,9999.000,9999.000,9999.000,9999.000,9999.000,9999.000,9999.000
202602230836,   5.418,   6.228,9999.000,9999.000,9999.000,9999.000,9999.000,9999.000,9999.000
202602230842,   5.392,   6.189,9999.000,9999.000,9999.000,9999.000,9999.000,9999.000,9999.000
202602230848,   5.368,   6.169,9999.000,9999.000,9999.000,9999.000,9999.000,9999.000,9999.000
202602230854,   5.345,   6.199,9999.000,9999.000,9999.000,9999.000,9999.000,9999.000,9999.000
202602230900,   5.325,   6.218,   0.900,  -0.007,   6.218,   0.800,   6.118,   1.000,   6.318
202602230906,   5.307,   6.199,9999.000,9999.000,9999.000,9999.000,9999.000,9999.000,9999.000
202602230912,   5.291,   6.136,9999.000,9999.000,9999.000,9999.000,9999.000,9999.000,9999.000
202602230918,   5.278,   6.179,9999.000,9999.000,9999.000,9999.000,9999.000,9999.000,9999.000
202602230924,   5.268,   6.169,9999.000,9999.000,9999.000,9999.000,9999.000,9999.000,9999.000
202602230930,   5.260,   6.136,9999.000,9999.000,9999.000,9999.000,9999.000,9999.000,9999.000
202602230936,   5.256,   6.199,9999.000,9999.000,9999.000,9999.000,9999.000,9999.000,9999.000
202602230942,   5.256,   6.159,9999.000,9999.000,9999.000,9999.000,9999.000,9999.000,9999.000
202602230948,   5.258,   6.179,9999.000,9999.000,9999.000,9999.000,9999.000,9999.000,9999.000
202602230954,   5.264,   6.179,9999.000,9999.000,9999.000,9999.000,9999.000,9999.000,9999.000
202602231000,   5.273,   6.149,   0.900,  -0.024,   6.149,   0.800,   6.049,   1.100,   6.349
202602231006,   5.287,   6.209,9999.000,9999.000,9999.000,9999.000,9999.000,9999.000,9999.000
202602231012,   5.303,   6.209,9999.000,9999.000,9999.000,9999.000,9999.000,9999.000,9999.000
202602231018,   5.323,   6.117,9999.000,9999.000,9999.000,9999.000,9999.000,9999.000,9999.000
202602231024,   5.347,   6.159,9999.000,9999.000,9999.000,9999.000,9999.000,9999.000,9999.000
202602231030,   5.374,   6.179,9999.000,9999.000,9999.000,9999.000,9999.000,9999.000,9999.000
202602231036,   5.405,   6.238,9999.000,9999.000,9999.000,9999.000,9999.000,9999.000,9999.000
202602231042,   5.439,   6.307,9999.000,9999.000,9999.000,9999.000,9999.000,9999.000,9999.000
202602231048,   5.476,   6.317,9999.000,9999.000,9999.000,9999.000,9999.000,9999.000,9999.000
202602231054,   5.517,   6.346,9999.000,9999.000,9999.000,9999.000,9999.000,9999.000,9999.000
202602231100,   5.560,   6.409,   0.900,  -0.051,   6.409,   0.800,   6.309,   1.000,   6.509
202602231106,   5.607,   6.477,9999.000,9999.000,9999.000,9999.000,9999.000,9999.000,9999.000
202602231112,   5.656,   6.468,9999.000,9999.000,9999.000,9999.000,9999.000,9999.000,9999.000
202602231118,   5.707,   6.517,9999.000,9999.000,9999.000,9999.000,9999.000,9999.000,9999.000
202602231124,   5.761,   6.527,9999.000,9999.000,9999.000,9999.000,9999.000,9999.000,9999.000
202602231130,   5.817,   6.619,9999.000,9999.000,9999.000,9999.000,9999.000,9999.000,9999.000
202602231136,   5.876,   6.707,9999.000,9999.000,9999.000,9999.000,9999.000,9999.000,9999.000
202602231142,   5.936,   6.746,9999.000,9999.000,9999.000,9999.000,9999.000,9999.000,9999.000
202602231148,   5.997,   6.828,9999.000,9999.000,9999.000,9999.000,9999.000,9999.000,9999.000
202602231154,   6.061,   6.858,9999.000,9999.000,9999.000,9999.000,9999.000,9999.000,9999.000
202602231200,   6.125,   6.917,   0.900,  -0.108,   6.917,   0.800,   6.817,   1.000,   7.017
202602231206,   6.191,   6.989,9999.000,9999.000,9999.000,9999.000,9999.000,9999.000,9999.000
202602231212,   6.258,   6.966,9999.000,9999.000,9999.000,9999.000,9999.000,9999.000,9999.000
202602231218,   6.326,   7.068,9999.000,9999.000,9999.000,9999.000,9999.000,9999.000,9999.000
202602231224,   6.395,   7.147,9999.000,9999.000,9999.000,9999.000,9999.000,9999.000,9999.000
202602231230,   6.464,   7.199,9999.000,9999.000,9999.000,9999.000,9999.000,9999.000,9999.000
202602231236,   6.534,   7.288,9999.000,9999.000,9999.000,9999.000,9999.000,9999.000,9999.000
202602231242,   6.604,   7.366,9999.000,9999.000,9999.000,9999.000,9999.000,9999.000,9999.000
202602231248,   6.674,   7.409,9999.000,9999.000,9999.000,9999.000,9999.000,9999.000,9999.000
202602231254,   6.745,   7.488,9999.000,9999.000,9999.000,9999.000,9999.000,9999.000,9999.000
202602231300,   6.815,   7.586,   0.900,  -0.129,   7.586,   0.800,   7.486,   1.100,   7.786
202602231306,   6.886,   7.668,9999.000,9999.000,9999.000,9999.000,9999.000,9999.000,9999.000
202602231312,   6.956,   7.786,9999.000,9999.000,9999.000,9999.000,9999.000,9999.000,9999.000
202602231318,   7.026,   7.858,9999.000,9999.000,9999.000,9999.000,9999.000,9999.000,9999.000
202602231324,   7.095,   7.898,9999.000,9999.000,9999.000,9999.000,9999.000,9999.000,9999.000
202602231330,   7.164,   7.986,9999.000,9999.000,9999.000,9999.000,9999.000,9999.000,9999.000
202602231336,   7.232,   8.068,9999.000,9999.000,9999.000,9999.000,9999.000,9999.000,9999.000
202602231342,   7.299,   8.186,9999.000,9999.000,9999.000,9999.000,9999.000,9999.000,9999.000
202602231348,   7.365,   8.278,9999.000,9999.000,9999.000,9999.000,9999.000,9999.000,9999.000
202602231354,   7.430,   8.377,9999.000,9999.000,9999.000,9999.000,9999.000,9999.000,9999.000
202602231400,   7.493,   8.478,   0.900,   0.085,   8.478,   0.800,   8.378,   1.000,   8.578
202602231406,   7.555,   8.508,9999.000,9999.000,9999.000,9999.000,9999.000,9999.000,9999.000
202602231412,   7.614,   8.567,9999.000,9999.000,9999.000,9999.000,9999.000,9999.000,9999.000
202602231418,   7.672,   8.649,9999.000,9999.000,9999.000,9999.000,9999.000,9999.000,9999.000
202602231424,   7.727,   8.688,9999.000,9999.000,9999.000,9999.000,9999.000,9999.000,9999.000
202602231430,   7.780,   8.777,9999.000,9999.000,9999.000,9999.000,9999.000,9999.000,9999.000
202602231436,   7.829,   8.816,9999.000,9999.000,9999.000,9999.000,9999.000,9999.000,9999.000
202602231442,   7.876,   8.859,9999.000,9999.000,9999.000,9999.000,9999.000,9999.000,9999.000
202602231448,   7.920,   8.937,9999.000,9999.000,9999.000,9999.000,9999.000,9999.000,9999.000
202602231454,   7.960,   8.918,9999.000,9999.000,9999.000,9999.000,9999.000,9999.000,9999.000
202602231500,   7.996,   8.918,   0.900,   0.022,   8.918,   0.800,   8.818,   0.900,   8.918
202602231506,   8.029,   8.997,9999.000,9999.000,9999.000,9999.000,9999.000,9999.000,9999.000
202602231512,   8.057,   8.977,9999.000,9999.000,9999.000,9999.000,9999.000,9999.000,9999.000
202602231518,   8.081,   9.016,9999.000,9999.000,9999.000,9999.000,9999.000,9999.000,9999.000
202602231524,   8.101,   9.056,9999.000,9999.000,9999.000,9999.000,9999.000,9999.000,9999.000
202602231530,   8.116,   9.046,9999.000,9999.000,9999.000,9999.000,9999.000,9999.000,9999.000
202602231536,   8.126,   9.056,9999.000,9999.000,9999.000,9999.000,9999.000,9999.000,9999.000
202602231542,   8.131,   9.056,9999.000,9999.000,9999.000,9999.000,9999.000,9999.000,9999.000
202602231548,   8.131,   9.036,9999.000,9999.000,9999.000,9999.000,9999.000,9999.000,9999.000
202602231554,   8.126,   9.036,9999.000,9999.000,9999.000,9999.000,9999.000,9999.000,9999.000
202602231600,   8.116,   9.006,   0.800,   0.090,   9.006,   0.700,   8.906,   0.900,   9.106
202602231606,   8.100,   8.967,9999.000,9999.000,9999.000,9999.000,9999.000,9999.000,9999.000
202602231612,   8.079,   8.977,9999.000,9999.000,9999.000,9999.000,9999.000,9999.000,9999.000
202602231618,   8.053,   8.937,9999.000,9999.000,9999.000,9999.000,9999.000,9999.000,9999.000
202602231624,   8.021,   8.859,9999.000,9999.000,9999.000,9999.000,9999.000,9999.000,9999.000
202602231630,   7.984,   8.796,9999.000,9999.000,9999.000,9999.000,9999.000,9999.000,9999.000
202602231636,   7.941,   8.737,9999.000,9999.000,9999.000,9999.000,9999.000,9999.000,9999.000
202602231642,   7.892,   8.678,9999.000,9999.000,9999.000,9999.000,9999.000,9999.000,9999.000
202602231648,   7.839,   8.626,9999.000,9999.000,9999.000,9999.000,9999.000,9999.000,9999.000
202602231654,   7.779,   8.537,9999.000,9999.000,9999.000,9999.000,9999.000,9999.000,9999.000
202602231700,   7.715,   8.508,   0.800,  -0.007,   8.508,   0.700,   8.408,   0.900,   8.608
202602231706,   7.644,   8.449,9999.000,9999.000,9999.000,9999.000,9999.000,9999.000,9999.000
202602231712,   7.569,   8.367,9999.000,9999.000,9999.000,9999.000,9999.000,9999.000,9999.000
202602231718,   7.488,   8.298,9999.000,9999.000,9999.000,9999.000,9999.000,9999.000,9999.000
202602231724,   7.402,   8.186,9999.000,9999.000,9999.000,9999.000,9999.000,9999.000,9999.000
202602231730,   7.310,   8.058,9999.000,9999.000,9999.000,9999.000,9999.000,9999.000,9999.000
202602231736,   7.214,   7.967,9999.000,9999.000,9999.000,9999.000,9999.000,9999.000,9999.000
202602231742,   7.112,   7.868,9999.000,9999.000,9999.000,9999.000,9999.000,9999.000,9999.000
202602231748,   7.005,   7.776,9999.000,9999.000,9999.000,9999.000,9999.000,9999.000,9999.000
202602231754,   6.894,   7.698,9999.000,9999.000,9999.000,9999.000,9999.000,9999.000,9999.000
202602231800,   6.777,   7.566,   0.700,   0.089,   7.566,   0.600,   7.466,   0.700,   7.566
202602231806,   6.656,   7.429,9999.000,9999.000,9999.000,9999.000,9999.000,9999.000,9999.000
202602231812,   6.530,   7.297,9999.000,9999.000,9999.000,9999.000,9999.000,9999.000,9999.000
202602231818,   6.400,   7.107,9999.000,9999.000,9999.000,9999.000,9999.000,9999.000,9999.000
202602231824,   6.265,   6.966,9999.000,9999.000,9999.000,9999.000,9999.000,9999.000,9999.000
202602231830,   6.127,   6.848,9999.000,9999.000,9999.000,9999.000,9999.000,9999.000,9999.000
202602231836,   5.984,   6.687,9999.000,9999.000,9999.000,9999.000,9999.000,9999.000,9999.000
202602231842,   5.837,   6.579,9999.000,9999.000,9999.000,9999.000,9999.000,9999.000,9999.000
202602231848,   5.687,   6.428,9999.000,9999.000,9999.000,9999.000,9999.000,9999.000,9999.000
202602231854,   5.533,   6.268,9999.000,9999.000,9999.000,9999.000,9999.000,9999.000,9999.000
202602231900,   5.376,   6.107,   0.600,   0.131,   6.107,   0.500,   6.007,   0.700,   6.207
202602231906,   5.216,   5.926,9999.000,9999.000,9999.000,9999.000,9999.000,9999.000,9999.000
202602231912,   5.053,   5.739,9999.000,9999.000,9999.000,9999.000,9999.000,9999.000,9999.000
202602231918,   4.888,   5.598,9999.000,9999.000,9999.000,9999.000,9999.000,9999.000,9999.000
202602231924,   4.720,   5.428,9999.000,9999.000,9999.000,9999.000,9999.000,9999.000,9999.000
202602231930,   4.551,   5.238,9999.000,9999.000,9999.000,9999.000,9999.000,9999.000,9999.000
202602231936,   4.379,   5.057,9999.000,9999.000,9999.000,9999.000,9999.000,9999.000,9999.000
202602231942,   4.207,   4.900,9999.000,9999.000,9999.000,9999.000,9999.000,9999.000,9999.000
202602231948,   4.033,   4.729,9999.000,9999.000,9999.000,9999.000,9999.000,9999.000,9999.000
202602231954,   3.859,   4.559,9999.000,9999.000,9999.000,9999.000,9999.000,9999.000,9999.000
202602232000,   3.685,   4.359,   0.500,   0.174,   4.359,   0.400,   4.259,   0.600,   4.459
202602232006,   3.510,   4.188,9999.000,9999.000,9999.000,9999.000,9999.000,9999.000,9999.000
202602232012,   3.336,   4.017,9999.000,9999.000,9999.000,9999.000,9999.000,9999.000,9999.000
202602232018,   3.162,   3.798,9999.000,9999.000,9999.000,9999.000,9999.000,9999.000,9999.000
202602232024,   2.989,   3.660,9999.000,9999.000,9999.000,9999.000,9999.000,9999.000,9999.000
202602232030,   2.818,   3.499,9999.000,9999.000,9999.000,9999.000,9999.000,9999.000,9999.000
202602232036,   2.648,   3.270,9999.000,9999.000,9999.000,9999.000,9999.000,9999.000,9999.000
202602232042,   2.480,   3.099,9999.000,9999.000,9999.000,9999.000,9999.000,9999.000,9999.000
202602232048,   2.315,   2.958,9999.000,9999.000,9999.000,9999.000,9999.000,9999.000,9999.000
202602232054,   2.152,9999.000,9999.000,9999.000,9999.000,9999.000,9999.000,9999.000,9999.000
202602232100,   1.993,   2.440,   0.400,   0.047,   2.440,   0.300,   2.340,   0.500,   2.540
202602232106,   1.837,   2.440,9999.000,9999.000,9999.000,9999.000,9999.000,9999.000,9999.000
202602232112,   1.684,   2.230,9999.000,9999.000,9999.000,9999.000,9999.000,9999.000,9999.000
202602232118,   1.536,   2.128,9999.000,9999.000,9999.000,9999.000,9999.000,9999.000,9999.000
202602232124,   1.392,   1.981,9999.000,9999.000,9999.000,9999.000,9999.000,9999.000,9999.000
202602232130,   1.253,   1.790,9999.000,9999.000,9999.000,9999.000,9999.000,9999.000,9999.000
202602232136,   1.119,   1.659,9999.000,9999.000,9999.000,9999.000,9999.000,9999.000,9999.000
202602232142,   0.991,   1.548,9999.000,9999.000,9999.000,9999.000,9999.000,9999.000,9999.000
202602232148,   0.867,   1.420,9999.000,9999.000,9999.000,9999.000,9999.000,9999.000,9999.000
202602232154,   0.750,   1.298,9999.000,9999.000,9999.000,9999.000,9999.000,9999.000,9999.000
202602232200,   0.639,   1.210,   0.300,   0.271,   1.210,   0.200,   1.110,   0.400,   1.310
202602232206,   0.534,   1.138,9999.000,9999.000,9999.000,9999.000,9999.000,9999.000,9999.000
202602232212,   0.436,   1.020,9999.000,9999.000,9999.000,9999.000,9999.000,9999.000,9999.000
202602232218,   0.344,   0.928,9999.000,9999.000,9999.000,9999.000,9999.000,9999.000,9999.000
202602232224,   0.260,   0.819,9999.000,9999.000,9999.000,9999.000,9999.000,9999.000,9999.000
202602232230,   0.182,   0.751,9999.000,9999.000,9999.000,9999.000,9999.000,9999.000,9999.000
202602232236,   0.111,   0.678,9999.000,9999.000,9999.000,9999.000,9999.000,9999.000,9999.000
202602232242,   0.048,   0.580,9999.000,9999.000,9999.000,9999.000,9999.000,9999.000,9999.000
202602232248,  -0.008,   0.551,9999.000,9999.000,9999.000,9999.000,9999.000,9999.000,9999.000
202602232254,  -0.057,   0.531,9999.000,9999.000,9999.000,9999.000,9999.000,9999.000,9999.000
202602232300,  -0.099,   0.508,   0.300,   0.307,   0.508,   0.200,   0.408,   0.400,   0.608
202602232306,  -0.134,   0.478,9999.000,9999.000,9999.000,9999.000,9999.000,9999.000,9999.000
202602232312,  -0.161,   0.459,9999.000,9999.000,9999.000,9999.000,9999.000,9999.000,9999.000
202602232318,  -0.182,   0.439,9999.000,9999.000,9999.000,9999.000,9999.000,9999.000,9999.000
202602232324,  -0.196,   0.429,9999.000,9999.000,9999.000,9999.000,9999.000,9999.000,9999.000
202602232330,  -0.202,   0.419,9999.000,9999.000,9999.000,9999.000,9999.000,9999.000,9999.000
202602232336,  -0.202,   0.449,9999.000,9999.000,9999.000,9999.000,9999.000,9999.000,9999.000
202602232342,  -0.196,   0.459,9999.000,9999.000,9999.000,9999.000,9999.000,9999.000,9999.000
202602232348,  -0.183,   0.469,9999.000,9999.000,9999.000,9999.000,9999.000,9999.000,9999.000
202602232354,  -0.164,9999.000,9999.000,9999.000,9999.000,9999.000,9999.000,9999.000,9999.000
202602240000,  -0.138,   0.551,   0.300,   0.389,   0.551,   0.200,   0.451,   0.400,   0.651
202602240006,  -0.107,   0.551,9999.000,9999.000,9999.000,9999.000,9999.000,9999.000,9999.000
202602240012,  -0.070,   0.580,9999.000,9999.000,9999.000,9999.000,9999.000,9999.000,9999.000
202602240018,  -0.027,   0.600,9999.000,9999.000,9999.000,9999.000,9999.000,9999.000,9999.000
202602240024,   0.020,   0.619,9999.000,9999.000,9999.000,9999.000,9999.000,9999.000,9999.000
202602240030,   0.073,   0.698,9999.000,9999.000,9999.000,9999.000,9999.000,9999.000,9999.000
202602240036,   0.131,   0.731,9999.000,9999.000,9999.000,9999.000,9999.000,9999.000,9999.000
202602240042,   0.194,   0.770,9999.000,9999.000,9999.000,9999.000,9999.000,9999.000,9999.000
202602240048,   0.262,   0.859,9999.000,9999.000,9999.000,9999.000,9999.000,9999.000,9999.000
202602240054,   0.335,   0.918,9999.000,9999.000,9999.000,9999.000,9999.000,9999.000,9999.000
202602240100,   0.411,   0.980,   0.300,   0.269,   0.980,   0.200,   0.880,   0.400,   1.080
202602240106,   0.492,   1.039,9999.000,9999.000,9999.000,9999.000,9999.000,9999.000,9999.000
202602240112,   0.577,   1.079,9999.000,9999.000,9999.000,9999.000,9999.000,9999.000,9999.000
202602240118,   0.666,   1.170,9999.000,9999.000,9999.000,9999.000,9999.000,9999.000,9999.000
202602240124,   0.758,   1.229,9999.000,9999.000,9999.000,9999.000,9999.000,9999.000,9999.000
202602240130,   0.854,   1.289,9999.000,9999.000,9999.000,9999.000,9999.000,9999.000,9999.000
202602240136,   0.954,   1.410,9999.000,9999.000,9999.000,9999.000,9999.000,9999.000,9999.000
202602240142,   1.056,   1.528,9999.000,9999.000,9999.000,9999.000,9999.000,9999.000,9999.000
202602240148,   1.162,   1.630,9999.000,9999.000,9999.000,9999.000,9999.000,9999.000,9999.000
202602240154,   1.271,   1.738,9999.000,9999.000,9999.000,9999.000,9999.000,9999.000,9999.000
202602240200,   1.382,   1.840,   0.200,   0.258,   1.840,   0.100,   1.740,   0.400,   2.040
202602240206,   1.496,   1.948,9999.000,9999.000,9999.000,9999.000,9999.000,9999.000,9999.000
202602240212,   1.612,   2.059,9999.000,9999.000,9999.000,9999.000,9999.000,9999.000,9999.000
202602240218,   1.730,   2.168,9999.000,9999.000,9999.000,9999.000,9999.000,9999.000,9999.000
202602240224,   1.850,   2.279,9999.000,9999.000,9999.000,9999.000,9999.000,9999.000,9999.000
202602240230,   1.971,   2.368,9999.000,9999.000,9999.000,9999.000,9999.000,9999.000,9999.000
202602240236,   2.094,   2.489,9999.000,9999.000,9999.000,9999.000,9999.000,9999.000,9999.000
202602240242,   2.218,   2.620,9999.000,9999.000,9999.000,9999.000,9999.000,9999.000,9999.000
202602240248,   2.344,   2.719,9999.000,9999.000,9999.000,9999.000,9999.000,9999.000,9999.000
202602240254,   2.469,   2.807,9999.000,9999.000,9999.000,9999.000,9999.000,9999.000,9999.000
202602240300,   2.596,   2.919,   0.200,   0.123,   2.919,   0.100,   2.819,   0.300,   3.019
202602240306,   2.722,   3.060,9999.000,9999.000,9999.000,9999.000,9999.000,9999.000,9999.000
202602240312,   2.849,   3.178,9999.000,9999.000,9999.000,9999.000,9999.000,9999.000,9999.000
202602240318,   2.975,   3.339,9999.000,9999.000,9999.000,9999.000,9999.000,9999.000,9999.000
202602240324,   3.101,   3.470,9999.000,9999.000,9999.000,9999.000,9999.000,9999.000,9999.000
202602240330,   3.226,   3.539,9999.000,9999.000,9999.000,9999.000,9999.000,9999.000,9999.000
202602240336,   3.350,   3.689,9999.000,9999.000,9999.000,9999.000,9999.000,9999.000,9999.000
202602240342,   3.473,   3.768,9999.000,9999.000,9999.000,9999.000,9999.000,9999.000,9999.000
202602240348,   3.594,   3.929,9999.000,9999.000,9999.000,9999.000,9999.000,9999.000,9999.000
202602240354,   3.715,   4.080,9999.000,9999.000,9999.000,9999.000,9999.000,9999.000,9999.000
202602240400,   3.833,   4.178,   0.300,   0.045,   4.178,   0.200,   4.078,   0.400,   4.278
202602240406,   3.950,   4.290,9999.000,9999.000,9999.000,9999.000,9999.000,9999.000,9999.000
202602240412,   4.065,   4.418,9999.000,9999.000,9999.000,9999.000,9999.000,9999.000,9999.000
202602240418,   4.177,   4.578,9999.000,9999.000,9999.000,9999.000,9999.000,9999.000,9999.000
202602240424,   4.288,   4.677,9999.000,9999.000,9999.000,9999.000,9999.000,9999.000,9999.000
202602240430,   4.396,   4.778,9999.000,9999.000,9999.000,9999.000,9999.000,9999.000,9999.000
202602240436,   4.502,   4.887,9999.000,9999.000,9999.000,9999.000,9999.000,9999.000,9999.000
202602240442,   4.605,   4.988,9999.000,9999.000,9999.000,9999.000,9999.000,9999.000,9999.000
202602240448,   4.706,   5.110,9999.000,9999.000,9999.000,9999.000,9999.000,9999.000,9999.000
202602240454,   4.805,   5.208,9999.000,9999.000,9999.000,9999.000,9999.000,9999.000,9999.000
202602240500,   4.900,   5.349,   0.400,   0.049,   5.349,   0.300,   5.249,   0.500,   5.449
202602240506,   4.993,   5.428,9999.000,9999.000,9999.000,9999.000,9999.000,9999.000,9999.000
202602240512,   5.084,   5.487,9999.000,9999.000,9999.000,9999.000,9999.000,9999.000,9999.000
202602240518,   5.171,   5.598,9999.000,9999.000,9999.000,9999.000,9999.000,9999.000,9999.000
202602240524,   5.256,   5.697,9999.000,9999.000,9999.000,9999.000,9999.000,9999.000,9999.000
202602240530,   5.338,   5.818,9999.000,9999.000,9999.000,9999.000,9999.000,9999.000,9999.000
202602240536,   5.417,   5.907,9999.000,9999.000,9999.000,9999.000,9999.000,9999.000,9999.000
202602240542,   5.493,   5.969,9999.000,9999.000,9999.000,9999.000,9999.000,9999.000,9999.000
202602240548,   5.566,   6.067,9999.000,9999.000,9999.000,9999.000,9999.000,9999.000,9999.000
202602240554,   5.636,   6.136,9999.000,9999.000,9999.000,9999.000,9999.000,9999.000,9999.000
202602240600,   5.703,   6.189,   0.500,   0.112,   6.315,   0.400,   6.215,   0.500,   6.315
202602240606,   5.767,   6.287,9999.000,9999.000,9999.000,9999.000,9999.000,9999.000,9999.000
202602240612,   5.829,   6.359,9999.000,9999.000,9999.000,9999.000,9999.000,9999.000,9999.000
202602240618,   5.887,   6.409,9999.000,9999.000,9999.000,9999.000,9999.000,9999.000,9999.000
202602240624,   5.942,   6.438,9999.000,9999.000,9999.000,9999.000,9999.000,9999.000,9999.000
202602240630,   5.994,   6.507,9999.000,9999.000,9999.000,9999.000,9999.000,9999.000,9999.000
202602240636,   6.043,   6.546,9999.000,9999.000,9999.000,9999.000,9999.000,9999.000,9999.000
202602240642,   6.089,   6.599,9999.000,9999.000,9999.000,9999.000,9999.000,9999.000,9999.000
202602240648,   6.131,   6.638,9999.000,9999.000,9999.000,9999.000,9999.000,9999.000,9999.000
202602240654,   6.171,   6.687,9999.000,9999.000,9999.000,9999.000,9999.000,9999.000,9999.000
202602240700,   6.208,   6.779,   0.500,   0.092,   6.800,   0.400,   6.700,   0.500,   6.800
202602240706,   6.242,   6.799,9999.000,9999.000,9999.000,9999.000,9999.000,9999.000,9999.000
202602240712,   6.272,   6.838,9999.000,9999.000,9999.000,9999.000,9999.000,9999.000,9999.000
202602240718,   6.300,   6.878,9999.000,9999.000,9999.000,9999.000,9999.000,9999.000,9999.000
202602240724,   6.325,   6.878,9999.000,9999.000,9999.000,9999.000,9999.000,9999.000,9999.000
202602240730,   6.348,   6.927,9999.000,9999.000,9999.000,9999.000,9999.000,9999.000,9999.000
202602240736,   6.367,   6.947,9999.000,9999.000,9999.000,9999.000,9999.000,9999.000,9999.000
202602240742,   6.385,   6.937,9999.000,9999.000,9999.000,9999.000,9999.000,9999.000,9999.000
202602240748,   6.399,   6.937,9999.000,9999.000,9999.000,9999.000,9999.000,9999.000,9999.000
202602240754,   6.411,   6.947,9999.000,9999.000,9999.000,9999.000,9999.000,9999.000,9999.000
202602240800,   6.421,   6.979,   0.500,   0.081,   7.002,   0.500,   7.002,   0.600,   7.102
202602240806,   6.429,   6.999,9999.000,9999.000,9999.000,9999.000,9999.000,9999.000,9999.000
202602240812,   6.434,   7.009,9999.000,9999.000,9999.000,9999.000,9999.000,9999.000,9999.000
202602240818,   6.438,   6.999,9999.000,9999.000,9999.000,9999.000,9999.000,9999.000,9999.000
202602240824,   6.440,   7.009,9999.000,9999.000,9999.000,9999.000,9999.000,9999.000,9999.000
202602240830,   6.440,   6.999,9999.000,9999.000,9999.000,9999.000,9999.000,9999.000,9999.000
202602240836,   6.439,   6.979,9999.000,9999.000,9999.000,9999.000,9999.000,9999.000,9999.000
202602240842,   6.437,   7.019,9999.000,9999.000,9999.000,9999.000,9999.000,9999.000,9999.000
202602240848,   6.433,   6.989,9999.000,9999.000,9999.000,9999.000,9999.000,9999.000,9999.000
202602240854,   6.428,   6.979,9999.000,9999.000,9999.000,9999.000,9999.000,9999.000,9999.000
202602240900,   6.423,   6.989,   0.600,   0.113,   7.136,   0.500,   7.036,   0.700,   7.236
202602240906,   6.416,   6.979,9999.000,9999.000,9999.000,9999.000,9999.000,9999.000,9999.000
202602240912,   6.410,   6.956,9999.000,9999.000,9999.000,9999.000,9999.000,9999.000,9999.000
202602240918,   6.403,   6.917,9999.000,9999.000,9999.000,9999.000,9999.000,9999.000,9999.000
202602240924,   6.395,   6.907,9999.000,9999.000,9999.000,9999.000,9999.000,9999.000,9999.000
202602240930,   6.388,   6.937,9999.000,9999.000,9999.000,9999.000,9999.000,9999.000,9999.000
202602240936,   6.381,   6.947,9999.000,9999.000,9999.000,9999.000,9999.000,9999.000,9999.000
202602240942,   6.375,   6.937,9999.000,9999.000,9999.000,9999.000,9999.000,9999.000,9999.000
202602240948,   6.369,   6.927,9999.000,9999.000,9999.000,9999.000,9999.000,9999.000,9999.000
202602240954,   6.364,   6.907,9999.000,9999.000,9999.000,9999.000,9999.000,9999.000,9999.000
202602241000,   6.359,   6.907,   0.600,   0.132,   7.091,   0.500,   6.991,   0.600,   7.091
202602241006,   6.356,   6.927,9999.000,9999.000,9999.000,9999.000,9999.000,9999.000,9999.000
202602241012,   6.354,   6.927,9999.000,9999.000,9999.000,9999.000,9999.000,9999.000,9999.000
202602241018,   6.354,   6.927,9999.000,9999.000,9999.000,9999.000,9999.000,9999.000,9999.000
202602241024,   6.355,   6.956,9999.000,9999.000,9999.000,9999.000,9999.000,9999.000,9999.000
202602241030,   6.358,   6.947,9999.000,9999.000,9999.000,9999.000,9999.000,9999.000,9999.000
202602241036,   6.363,   6.937,9999.000,9999.000,9999.000,9999.000,9999.000,9999.000,9999.000
202602241042,   6.369,   6.956,9999.000,9999.000,9999.000,9999.000,9999.000,9999.000,9999.000
202602241048,   6.378,   6.947,9999.000,9999.000,9999.000,9999.000,9999.000,9999.000,9999.000
202602241054,   6.389,   6.979,9999.000,9999.000,9999.000,9999.000,9999.000,9999.000,9999.000
202602241100,   6.402,   6.989,   0.600,   0.102,   7.104,   0.500,   7.004,   0.600,   7.104
202602241106,   6.417,   6.989,9999.000,9999.000,9999.000,9999.000,9999.000,9999.000,9999.000
202602241112,   6.435,   7.038,9999.000,9999.000,9999.000,9999.000,9999.000,9999.000,9999.000
202602241118,   6.454,   7.038,9999.000,9999.000,9999.000,9999.000,9999.000,9999.000,9999.000
202602241124,   6.476,   7.038,9999.000,9999.000,9999.000,9999.000,9999.000,9999.000,9999.000
202602241130,   6.500,   7.068,9999.000,9999.000,9999.000,9999.000,9999.000,9999.000,9999.000
202602241136,   6.527,   7.078,9999.000,9999.000,9999.000,9999.000,9999.000,9999.000,9999.000
202602241142,   6.555,   7.097,9999.000,9999.000,9999.000,9999.000,9999.000,9999.000,9999.000
202602241148,   6.586,   7.117,9999.000,9999.000,9999.000,9999.000,9999.000,9999.000,9999.000
202602241154,   6.618,   7.127,9999.000,9999.000,9999.000,9999.000,9999.000,9999.000,9999.000
202602241200,   6.652,   7.156,   0.600,   0.061,   7.313,   0.500,   7.213,   0.700,   7.413
202602241206,   6.688,9999.000,9999.000,9999.000,9999.000,9999.000,9999.000,9999.000,9999.000
202602241212,   6.726,9999.000,9999.000,9999.000,9999.000,9999.000,9999.000,9999.000,9999.000
202602241218,   6.765,9999.000,9999.000,9999.000,9999.000,9999.000,9999.000,9999.000,9999.000
202602241224,   6.805,9999.000,9999.000,9999.000,9999.000,9999.000,9999.000,9999.000,9999.000
202602241230,   6.847,9999.000,9999.000,9999.000,9999.000,9999.000,9999.000,9999.000,9999.000
202602241236,   6.889,9999.000,9999.000,9999.000,9999.000,9999.000,9999.000,9999.000,9999.000
202602241242,   6.933,9999.000,9999.000,9999.000,9999.000,9999.000,9999.000,9999.000,9999.000
202602241248,   6.977,9999.000,9999.000,9999.000,9999.000,9999.000,9999.000,9999.000,9999.000
202602241254,   7.022,9999.000,9999.000,9999.000,9999.000,9999.000,9999.000,9999.000,9999.000
202602241300,   7.067,9999.000,   0.600,   0.053,   7.720,   0.500,   7.620,   0.700,   7.820
202602241306,   7.113,9999.000,9999.000,9999.000,9999.000,9999.000,9999.000,9999.000,9999.000
202602241312,   7.159,9999.000,9999.000,9999.000,9999.000,9999.000,9999.000,9999.000,9999.000
202602241318,   7.206,9999.000,9999.000,9999.000,9999.000,9999.000,9999.000,9999.000,9999.000
202602241324,   7.252,9999.000,9999.000,9999.000,9999.000,9999.000,9999.000,9999.000,9999.000
202602241330,   7.299,9999.000,9999.000,9999.000,9999.000,9999.000,9999.000,9999.000,9999.000
202602241336,   7.345,9999.000,9999.000,9999.000,9999.000,9999.000,9999.000,9999.000,9999.000
202602241342,   7.391,9999.000,9999.000,9999.000,9999.000,9999.000,9999.000,9999.000,9999.000
202602241348,   7.437,9999.000,9999.000,9999.000,9999.000,9999.000,9999.000,9999.000,9999.000
202602241354,   7.482,9999.000,9999.000,9999.000,9999.000,9999.000,9999.000,9999.000,9999.000
202602241400,   7.527,9999.000,   0.600,   0.059,   8.186,   0.500,   8.086,   0.600,   8.186
202602241406,   7.572,9999.000,9999.000,9999.000,9999.000,9999.000,9999.000,9999.000,9999.000
202602241412,   7.616,9999.000,9999.000,9999.000,9999.000,9999.000,9999.000,9999.000,9999.000
202602241418,   7.659,9999.000,9999.000,9999.000,9999.000,9999.000,9999.000,9999.000,9999.000
202602241424,   7.701,9999.000,9999.000,9999.000,9999.000,9999.000,9999.000,9999.000,9999.000
202602241430,   7.742,9999.000,9999.000,9999.000,9999.000,9999.000,9999.000,9999.000,9999.000
202602241436,   7.782,9999.000,9999.000,9999.000,9999.000,9999.000,9999.000,9999.000,9999.000
202602241442,   7.820,9999.000,9999.000,9999.000,9999.000,9999.000,9999.000,9999.000,9999.000
202602241448,   7.857,9999.000,9999.000,9999.000,9999.000,9999.000,9999.000,9999.000,9999.000
202602241454,   7.893,9999.000,9999.000,9999.000,9999.000,9999.000,9999.000,9999.000,9999.000
202602241500,   7.927,9999.000,   0.500,   0.042,   8.469,   0.500,   8.469,   0.600,   8.569
202602241506,   7.959,9999.000,9999.000,9999.000,9999.000,9999.000,9999.000,9999.000,9999.000
202602241512,   7.989,9999.000,9999.000,9999.000,9999.000,9999.000,9999.000,9999.000,9999.000
202602241518,   8.016,9999.000,9999.000,9999.000,9999.000,9999.000,9999.000,9999.000,9999.000
202602241524,   8.041,9999.000,9999.000,9999.000,9999.000,9999.000,9999.000,9999.000,9999.000
202602241530,   8.064,9999.000,9999.000,9999.000,9999.000,9999.000,9999.000,9999.000,9999.000
202602241536,   8.084,9999.000,9999.000,9999.000,9999.000,9999.000,9999.000,9999.000,9999.000
202602241542,   8.100,9999.000,9999.000,9999.000,9999.000,9999.000,9999.000,9999.000,9999.000
202602241548,   8.114,9999.000,9999.000,9999.000,9999.000,9999.000,9999.000,9999.000,9999.000
202602241554,   8.124,9999.000,9999.000,9999.000,9999.000,9999.000,9999.000,9999.000,9999.000
202602241600,   8.131,9999.000,   0.600,   0.008,   8.739,   0.500,   8.639,   0.600,   8.739
202602241606,   8.134,9999.000,9999.000,9999.000,9999.000,9999.000,9999.000,9999.000,9999.000
202602241612,   8.133,9999.000,9999.000,9999.000,9999.000,9999.000,9999.000,9999.000,9999.000
202602241618,   8.129,9999.000,9999.000,9999.000,9999.000,9999.000,9999.000,9999.000,9999.000
202602241624,   8.120,9999.000,9999.000,9999.000,9999.000,9999.000,9999.000,9999.000,9999.000
202602241630,   8.107,9999.000,9999.000,9999.000,9999.000,9999.000,9999.000,9999.000,9999.000
202602241636,   8.090,9999.000,9999.000,9999.000,9999.000,9999.000,9999.000,9999.000,9999.000
202602241642,   8.068,9999.000,9999.000,9999.000,9999.000,9999.000,9999.000,9999.000,9999.000
202602241648,   8.042,9999.000,9999.000,9999.000,9999.000,9999.000,9999.000,9999.000,9999.000
202602241654,   8.011,9999.000,9999.000,9999.000,9999.000,9999.000,9999.000,9999.000,9999.000
202602241700,   7.976,9999.000,   0.600,  -0.020,   8.556,   0.500,   8.456,   0.600,   8.556
202602241706,   7.936,9999.000,9999.000,9999.000,9999.000,9999.000,9999.000,9999.000,9999.000
202602241712,   7.892,9999.000,9999.000,9999.000,9999.000,9999.000,9999.000,9999.000,9999.000
202602241718,   7.842,9999.000,9999.000,9999.000,9999.000,9999.000,9999.000,9999.000,9999.000
202602241724,   7.788,9999.000,9999.000,9999.000,9999.000,9999.000,9999.000,9999.000,9999.000
202602241730,   7.729,9999.000,9999.000,9999.000,9999.000,9999.000,9999.000,9999.000,9999.000
202602241736,   7.666,9999.000,9999.000,9999.000,9999.000,9999.000,9999.000,9999.000,9999.000
202602241742,   7.598,9999.000,9999.000,9999.000,9999.000,9999.000,9999.000,9999.000,9999.000
202602241748,   7.525,9999.000,9999.000,9999.000,9999.000,9999.000,9999.000,9999.000,9999.000
202602241754,   7.447,9999.000,9999.000,9999.000,9999.000,9999.000,9999.000,9999.000,9999.000
202602241800,   7.365,9999.000,   0.500,  -0.033,   7.832,   0.500,   7.832,   0.600,   7.932
202602241806,   7.278,9999.000,9999.000,9999.000,9999.000,9999.000,9999.000,9999.000,9999.000
202602241812,   7.186,9999.000,9999.000,9999.000,9999.000,9999.000,9999.000,9999.000,9999.000
202602241818,   7.090,9999.000,9999.000,9999.000,9999.000,9999.000,9999.000,9999.000,9999.000
202602241824,   6.989,9999.000,9999.000,9999.000,9999.000,9999.000,9999.000,9999.000,9999.000
202602241830,   6.884,9999.000,9999.000,9999.000,9999.000,9999.000,9999.000,9999.000,9999.000
202602241836,   6.775,9999.000,9999.000,9999.000,9999.000,9999.000,9999.000,9999.000,9999.000
202602241842,   6.661,9999.000,9999.000,9999.000,9999.000,9999.000,9999.000,9999.000,9999.000
202602241848,   6.542,9999.000,9999.000,9999.000,9999.000,9999.000,9999.000,9999.000,9999.000
202602241854,   6.420,9999.000,9999.000,9999.000,9999.000,9999.000,9999.000,9999.000,9999.000
202602241900,   6.293,9999.000,   0.500,  -0.030,   6.763,   0.400,   6.663,   0.600,   6.863
202602241906,   6.163,9999.000,9999.000,9999.000,9999.000,9999.000,9999.000,9999.000,9999.000
202602241912,   6.029,9999.000,9999.000,9999.000,9999.000,9999.000,9999.000,9999.000,9999.000
202602241918,   5.890,9999.000,9999.000,9999.000,9999.000,9999.000,9999.000,9999.000,9999.000
202602241924,   5.749,9999.000,9999.000,9999.000,9999.000,9999.000,9999.000,9999.000,9999.000
202602241930,   5.603,9999.000,9999.000,9999.000,9999.000,9999.000,9999.000,9999.000,9999.000
202602241936,   5.455,9999.000,9999.000,9999.000,9999.000,9999.000,9999.000,9999.000,9999.000
202602241942,   5.303,9999.000,9999.000,9999.000,9999.000,9999.000,9999.000,9999.000,9999.000
202602241948,   5.148,9999.000,9999.000,9999.000,9999.000,9999.000,9999.000,9999.000,9999.000
202602241954,   4.991,9999.000,9999.000,9999.000,9999.000,9999.000,9999.000,9999.000,9999.000
202602242000,   4.831,9999.000,   0.500,  -0.012,   5.319,   0.400,   5.219,   0.600,   5.419
202602242006,   4.668,9999.000,9999.000,9999.000,9999.000,9999.000,9999.000,9999.000,9999.000
202602242012,   4.504,9999.000,9999.000,9999.000,9999.000,9999.000,9999.000,9999.000,9999.000
202602242018,   4.338,9999.000,9999.000,9999.000,9999.000,9999.000,9999.000,9999.000,9999.000
202602242024,   4.170,9999.000,9999.000,9999.000,9999.000,9999.000,9999.000,9999.000,9999.000
202602242030,   4.000,9999.000,9999.000,9999.000,9999.000,9999.000,9999.000,9999.000,9999.000
202602242036,   3.830,9999.000,9999.000,9999.000,9999.000,9999.000,9999.000,9999.000,9999.000
202602242042,   3.658,9999.000,9999.000,9999.000,9999.000,9999.000,9999.000,9999.000,9999.000
202602242048,   3.486,9999.000,9999.000,9999.000,9999.000,9999.000,9999.000,9999.000,9999.000
202602242054,   3.314,9999.000,9999.000,9999.000,9999.000,9999.000,9999.000,9999.000,9999.000
202602242100,   3.141,9999.000,   0.600,   0.012,   3.753,   0.500,   3.653,   0.700,   3.853
202602242106,   2.969,9999.000,9999.000,9999.000,9999.000,9999.000,9999.000,9999.000,9999.000
202602242112,   2.798,9999.000,9999.000,9999.000,9999.000,9999.000,9999.000,9999.000,9999.000
202602242118,   2.627,9999.000,9999.000,9999.000,9999.000,9999.000,9999.000,9999.000,9999.000
202602242124,   2.458,9999.000,9999.000,9999.000,9999.000,9999.000,9999.000,9999.000,9999.000
202602242130,   2.290,9999.000,9999.000,9999.000,9999.000,9999.000,9999.000,9999.000,9999.000
202602242136,   2.124,9999.000,9999.000,9999.000,9999.000,9999.000,9999.000,9999.000,9999.000
202602242142,   1.960,9999.000,9999.000,9999.000,9999.000,9999.000,9999.000,9999.000,9999.000
202602242148,   1.799,9999.000,9999.000,9999.000,9999.000,9999.000,9999.000,9999.000,9999.000
202602242154,   1.640,9999.000,9999.000,9999.000,9999.000,9999.000,9999.000,9999.000,9999.000
202602242200,   1.484,9999.000,   0.600,   0.035,   2.119,   0.600,   2.119,   0.700,   2.219
202602242206,   1.332,9999.000,9999.000,9999.000,9999.000,9999.000,9999.000,9999.000,9999.000
202602242212,   1.184,9999.000,9999.000,9999.000,9999.000,9999.000,9999.000,9999.000,9999.000
202602242218,   1.039,9999.000,9999.000,9999.000,9999.000,9999.000,9999.000,9999.000,9999.000
202602242224,   0.899,9999.000,9999.000,9999.000,9999.000,9999.000,9999.000,9999.000,9999.000
202602242230,   0.764,9999.000,9999.000,9999.000,9999.000,9999.000,9999.000,9999.000,9999.000
202602242236,   0.633,9999.000,9999.000,9999.000,9999.000,9999.000,9999.000,9999.000,9999.000
202602242242,   0.508,9999.000,9999.000,9999.000,9999.000,9999.000,9999.000,9999.000,9999.000
202602242248,   0.388,9999.000,9999.000,9999.000,9999.000,9999.000,9999.000,9999.000,9999.000
202602242254,   0.274,9999.000,9999.000,9999.000,9999.000,9999.000,9999.000,9999.000,9999.000
202602242300,   0.166,9999.000,   0.600,   0.062,   0.828,   0.600,   0.828,   0.700,   0.928
202602242306,   0.064,9999.000,9999.000,9999.000,9999.000,9999.000,9999.000,9999.000,9999.000
202602242312,  -0.031,9999.000,9999.000,9999.000,9999.000,9999.000,9999.000,9999.000,9999.000
202602242318,  -0.120,9999.000,9999.000,9999.000,9999.000,9999.000,9999.000,9999.000,9999.000
202602242324,  -0.202,9999.000,9999.000,9999.000,9999.000,9999.000,9999.000,9999.000,9999.000
202602242330,  -0.278,9999.000,9999.000,9999.000,9999.000,9999.000,9999.000,9999.000,9999.000
202602242336,  -0.346,9999.000,9999.000,9999.000,9999.000,9999.000,9999.000,9999.000,9999.000
202602242342,  -0.408,9999.000,9999.000,9999.000,9999.000,9999.000,9999.000,9999.000,9999.000
202602242348,  -0.463,9999.000,9999.000,9999.000,9999.000,9999.000,9999.000,9999.000,9999.000
202602242354,  -0.510,9999.000,9999.000,9999.000,9999.000,9999.000,9999.000,9999.000,9999.000
202602250000,  -0.551,9999.000,   0.700,   0.084,   0.233,   0.600,   0.133,   0.800,   0.333
202602250006,  -0.585,9999.000,9999.000,9999.000,9999.000,9999.000,9999.000,9999.000,9999.000
202602250012,  -0.611,9999.000,9999.000,9999.000,9999.000,9999.000,9999.000,9999.000,9999.000
202602250018,  -0.631,9999.000,9999.000,9999.000,9999.000,9999.000,9999.000,9999.000,9999.000
202602250024,  -0.644,9999.000,9999.000,9999.000,9999.000,9999.000,9999.000,9999.000,9999.000
202602250030,  -0.650,9999.000,9999.000,9999.000,9999.000,9999.000,9999.000,9999.000,9999.000
202602250036,  -0.649,9999.000,9999.000,9999.000,9999.000,9999.000,9999.000,9999.000,9999.000
202602250042,  -0.642,9999.000,9999.000,9999.000,9999.000,9999.000,9999.000,9999.000,9999.000
202602250048,  -0.629,9999.000,9999.000,9999.000,9999.000,9999.000,9999.000,9999.000,9999.000
202602250054,  -0.610,9999.000,9999.000,9999.000,9999.000,9999.000,9999.000,9999.000,9999.000
202602250100,  -0.584,9999.000,   0.800,   0.055,   0.271,   0.700,   0.171,   0.800,   0.271
202602250106,  -0.553,9999.000,9999.000,9999.000,9999.000,9999.000,9999.000,9999.000,9999.000
202602250112,  -0.516,9999.000,9999.000,9999.000,9999.000,9999.000,9999.000,9999.000,9999.000
202602250118,  -0.474,9999.000,9999.000,9999.000,9999.000,9999.000,9999.000,9999.000,9999.000
202602250124,  -0.426,9999.000,9999.000,9999.000,9999.000,9999.000,9999.000,9999.000,9999.000
202602250130,  -0.373,9999.000,9999.000,9999.000,9999.000,9999.000,9999.000,9999.000,9999.000
202602250136,  -0.315,9999.000,9999.000,9999.000,9999.000,9999.000,9999.000,9999.000,9999.000
202602250142,  -0.252,9999.000,9999.000,9999.000,9999.000,9999.000,9999.000,9999.000,9999.000
202602250148,  -0.185,9999.000,9999.000,9999.000,9999.000,9999.000,9999.000,9999.000,9999.000
202602250154,  -0.113,9999.000,9999.000,9999.000,9999.000,9999.000,9999.000,9999.000,9999.000
202602250200,  -0.036,9999.000,   0.800,  -0.033,   0.731,   0.700,   0.631,   0.900,   0.831
202602250206,   0.044,9999.000,9999.000,9999.000,9999.000,9999.000,9999.000,9999.000,9999.000
202602250212,   0.129,9999.000,9999.000,9999.000,9999.000,9999.000,9999.000,9999.000,9999.000
202602250218,   0.218,9999.000,9999.000,9999.000,9999.000,9999.000,9999.000,9999.000,9999.000
202602250224,   0.310,9999.000,9999.000,9999.000,9999.000,9999.000,9999.000,9999.000,9999.000
202602250230,   0.407,9999.000,9999.000,9999.000,9999.000,9999.000,9999.000,9999.000,9999.000
202602250236,   0.507,9999.000,9999.000,9999.000,9999.000,9999.000,9999.000,9999.000,9999.000
202602250242,   0.611,9999.000,9999.000,9999.000,9999.000,9999.000,9999.000,9999.000,9999.000
202602250248,   0.717,9999.000,9999.000,9999.000,9999.000,9999.000,9999.000,9999.000,9999.000
202602250254,   0.827,9999.000,9999.000,9999.000,9999.000,9999.000,9999.000,9999.000,9999.000
202602250300,   0.940,9999.000,   0.800,  -0.103,   1.637,   0.700,   1.537,   0.900,   1.737
202602250306,   1.056,9999.000,9999.000,9999.000,9999.000,9999.000,9999.000,9999.000,9999.000
202602250312,   1.174,9999.000,9999.000,9999.000,9999.000,9999.000,9999.000,9999.000,9999.000
202602250318,   1.295,9999.000,9999.000,9999.000,9999.000,9999.000,9999.000,9999.000,9999.000
202602250324,   1.417,9999.000,9999.000,9999.000,9999.000,9999.000,9999.000,9999.000,9999.000
202602250330,   1.542,9999.000,9999.000,9999.000,9999.000,9999.000,9999.000,9999.000,9999.000
202602250336,   1.669,9999.000,9999.000,9999.000,9999.000,9999.000,9999.000,9999.000,9999.000
202602250342,   1.797,9999.000,9999.000,9999.000,9999.000,9999.000,9999.000,9999.000,9999.000
202602250348,   1.927,9999.000,9999.000,9999.000,9999.000,9999.000,9999.000,9999.000,9999.000
202602250354,   2.057,9999.000,9999.000,9999.000,9999.000,9999.000,9999.000,9999.000,9999.000
202602250400,   2.189,9999.000,   0.800,  -0.074,   2.915,   0.800,   2.915,   0.900,   3.015
202602250406,   2.321,9999.000,9999.000,9999.000,9999.000,9999.000,9999.000,9999.000,9999.000
202602250412,   2.454,9999.000,9999.000,9999.000,9999.000,9999.000,9999.000,9999.000,9999.000
202602250418,   2.588,9999.000,9999.000,9999.000,9999.000,9999.000,9999.000,9999.000,9999.000
202602250424,   2.721,9999.000,9999.000,9999.000,9999.000,9999.000,9999.000,9999.000,9999.000
202602250430,   2.854,9999.000,9999.000,9999.000,9999.000,9999.000,9999.000,9999.000,9999.000
202602250436,   2.987,9999.000,9999.000,9999.000,9999.000,9999.000,9999.000,9999.000,9999.000
202602250442,   3.119,9999.000,9999.000,9999.000,9999.000,9999.000,9999.000,9999.000,9999.000
202602250448,   3.251,9999.000,9999.000,9999.000,9999.000,9999.000,9999.000,9999.000,9999.000
202602250454,   3.382,9999.000,9999.000,9999.000,9999.000,9999.000,9999.000,9999.000,9999.000
202602250500,   3.512,9999.000,   0.800,   0.024,   4.336,   0.700,   4.236,   0.900,   4.436
202602250506,   3.641,9999.000,9999.000,9999.000,9999.000,9999.000,9999.000,9999.000,9999.000
202602250512,   3.769,9999.000,9999.000,9999.000,9999.000,9999.000,9999.000,9999.000,9999.000
202602250518,   3.896,9999.000,9999.000,9999.000,9999.000,9999.000,9999.000,9999.000,9999.000
202602250524,   4.021,9999.000,9999.000,9999.000,9999.000,9999.000,9999.000,9999.000,9999.000
202602250530,   4.144,9999.000,9999.000,9999.000,9999.000,9999.000,9999.000,9999.000,9999.000
202602250536,   4.266,9999.000,9999.000,9999.000,9999.000,9999.000,9999.000,9999.000,9999.000
202602250542,   4.386,9999.000,9999.000,9999.000,9999.000,9999.000,9999.000,9999.000,9999.000
202602250548,   4.504,9999.000,9999.000,9999.000,9999.000,9999.000,9999.000,9999.000,9999.000
202602250554,   4.620,9999.000,9999.000,9999.000,9999.000,9999.000,9999.000,9999.000,9999.000
202602250600,   4.735,9999.000,   0.800,   0.094,   5.629,   0.700,   5.529,   0.900,   5.729
202602250606,   4.847,9999.000,9999.000,9999.000,9999.000,9999.000,9999.000,9999.000,9999.000
202602250612,   4.957,9999.000,9999.000,9999.000,9999.000,9999.000,9999.000,9999.000,9999.000
202602250618,   5.065,9999.000,9999.000,9999.000,9999.000,9999.000,9999.000,9999.000,9999.000
202602250624,   5.171,9999.000,9999.000,9999.000,9999.000,9999.000,9999.000,9999.000,9999.000
202602250630,   5.274,9999.000,9999.000,9999.000,9999.000,9999.000,9999.000,9999.000,9999.000
202602250636,   5.376,9999.000,9999.000,9999.000,9999.000,9999.000,9999.000,9999.000,9999.000
202602250642,   5.474,9999.000,9999.000,9999.000,9999.000,9999.000,9999.000,9999.000,9999.000
202602250648,   5.571,9999.000,9999.000,9999.000,9999.000,9999.000,9999.000,9999.000,9999.000
202602250654,   5.664,9999.000,9999.000,9999.000,9999.000,9999.000,9999.000,9999.000,9999.000
202602250700,   5.756,9999.000,   0.800,   0.115,   6.671,   0.700,   6.571,   0.800,   6.671
202602250706,   5.844,9999.000,9999.000,9999.000,9999.000,9999.000,9999.000,9999.000,9999.000
202602250712,   5.930,9999.000,9999.000,9999.000,9999.000,9999.000,9999.000,9999.000,9999.000
202602250718,   6.013,9999.000,9999.000,9999.000,9999.000,9999.000,9999.000,9999.000,9999.000
202602250724,   6.093,9999.000,9999.000,9999.000,9999.000,9999.000,9999.000,9999.000,9999.000
202602250730,   6.171,9999.000,9999.000,9999.000,9999.000,9999.000,9999.000,9999.000,9999.000
202602250736,   6.245,9999.000,9999.000,9999.000,9999.000,9999.000,9999.000,9999.000,9999.000
202602250742,   6.317,9999.000,9999.000,9999.000,9999.000,9999.000,9999.000,9999.000,9999.000
202602250748,   6.385,9999.000,9999.000,9999.000,9999.000,9999.000,9999.000,9999.000,9999.000
202602250754,   6.451,9999.000,9999.000,9999.000,9999.000,9999.000,9999.000,9999.000,9999.000
202602250800,   6.514,9999.000,   0.800,   0.149,   7.463,   0.700,   7.363,   0.800,   7.463
202602250806,   6.574,9999.000,9999.000,9999.000,9999.000,9999.000,9999.000,9999.000,9999.000
202602250812,   6.630,9999.000,9999.000,9999.000,9999.000,9999.000,9999.000,9999.000,9999.000
202602250818,   6.684,9999.000,9999.000,9999.000,9999.000,9999.000,9999.000,9999.000,9999.000
202602250824,   6.735,9999.000,9999.000,9999.000,9999.000,9999.000,9999.000,9999.000,9999.000
202602250830,   6.782,9999.000,9999.000,9999.000,9999.000,9999.000,9999.000,9999.000,9999.000
202602250836,   6.827,9999.000,9999.000,9999.000,9999.000,9999.000,9999.000,9999.000,9999.000
202602250842,   6.869,9999.000,9999.000,9999.000,9999.000,9999.000,9999.000,9999.000,9999.000
202602250848,   6.908,9999.000,9999.000,9999.000,9999.000,9999.000,9999.000,9999.000,9999.000
202602250854,   6.944,9999.000,9999.000,9999.000,9999.000,9999.000,9999.000,9999.000,9999.000
202602250900,   6.977,9999.000,   0.700,   0.215,   7.892,   0.600,   7.792,   0.900,   8.092
202602250906,   7.007,9999.000,9999.000,9999.000,9999.000,9999.000,9999.000,9999.000,9999.000
202602250912,   7.035,9999.000,9999.000,9999.000,9999.000,9999.000,9999.000,9999.000,9999.000
202602250918,   7.060,9999.000,9999.000,9999.000,9999.000,9999.000,9999.000,9999.000,9999.000
202602250924,   7.083,9999.000,9999.000,9999.000,9999.000,9999.000,9999.000,9999.000,9999.000
202602250930,   7.103,9999.000,9999.000,9999.000,9999.000,9999.000,9999.000,9999.000,9999.000
202602250936,   7.120,9999.000,9999.000,9999.000,9999.000,9999.000,9999.000,9999.000,9999.000
202602250942,   7.136,9999.000,9999.000,9999.000,9999.000,9999.000,9999.000,9999.000,9999.000
202602250948,   7.149,9999.000,9999.000,9999.000,9999.000,9999.000,9999.000,9999.000,9999.000
202602250954,   7.160,9999.000,9999.000,9999.000,9999.000,9999.000,9999.000,9999.000,9999.000
202602251000,   7.170,9999.000,   0.600,   0.254,   8.024,   0.600,   8.024,   0.700,   8.124
202602251006,   7.177,9999.000,9999.000,9999.000,9999.000,9999.000,9999.000,9999.000,9999.000
202602251012,   7.183,9999.000,9999.000,9999.000,9999.000,9999.000,9999.000,9999.000,9999.000
202602251018,   7.188,9999.000,9999.000,9999.000,9999.000,9999.000,9999.000,9999.000,9999.000
202602251024,   7.191,9999.000,9999.000,9999.000,9999.000,9999.000,9999.000,9999.000,9999.000
202602251030,   7.193,9999.000,9999.000,9999.000,9999.000,9999.000,9999.000,9999.000,9999.000
202602251036,   7.194,9999.000,9999.000,9999.000,9999.000,9999.000,9999.000,9999.000,9999.000
202602251042,   7.195,9999.000,9999.000,9999.000,9999.000,9999.000,9999.000,9999.000,9999.000
202602251048,   7.195,9999.000,9999.000,9999.000,9999.000,9999.000,9999.000,9999.000,9999.000
202602251054,   7.194,9999.000,9999.000,9999.000,9999.000,9999.000,9999.000,9999.000,9999.000
202602251100,   7.194,9999.000,   0.600,   0.233,   8.027,   0.500,   7.927,   0.700,   8.127
202602251106,   7.193,9999.000,9999.000,9999.000,9999.000,9999.000,9999.000,9999.000,9999.000
202602251112,   7.193,9999.000,9999.000,9999.000,9999.000,9999.000,9999.000,9999.000,9999.000
202602251118,   7.192,9999.000,9999.000,9999.000,9999.000,9999.000,9999.000,9999.000,9999.000
202602251124,   7.193,9999.000,9999.000,9999.000,9999.000,9999.000,9999.000,9999.000,9999.000
202602251130,   7.194,9999.000,9999.000,9999.000,9999.000,9999.000,9999.000,9999.000,9999.000
202602251136,   7.195,9999.000,9999.000,9999.000,9999.000,9999.000,9999.000,9999.000,9999.000
202602251142,   7.198,9999.000,9999.000,9999.000,9999.000,9999.000,9999.000,9999.000,9999.000
202602251148,   7.202,9999.000,9999.000,9999.000,9999.000,9999.000,9999.000,9999.000,9999.000
202602251154,   7.207,9999.000,9999.000,9999.000,9999.000,9999.000,9999.000,9999.000,9999.000
202602251200,   7.213,9999.000,   0.600,   0.193,   8.006,   0.600,   8.006,   0.700,   8.106
202602251206,   7.220,9999.000,9999.000,9999.000,9999.000,9999.000,9999.000,9999.000,9999.000
202602251212,   7.229,9999.000,9999.000,9999.000,9999.000,9999.000,9999.000,9999.000,9999.000
202602251218,   7.239,9999.000,9999.000,9999.000,9999.000,9999.000,9999.000,9999.000,9999.000
202602251224,   7.250,9999.000,9999.000,9999.000,9999.000,9999.000,9999.000,9999.000,9999.000
202602251230,   7.263,9999.000,9999.000,9999.000,9999.000,9999.000,9999.000,9999.000,9999.000
202602251236,   7.277,9999.000,9999.000,9999.000,9999.000,9999.000,9999.000,9999.000,9999.000
202602251242,   7.292,9999.000,9999.000,9999.000,9999.000,9999.000,9999.000,9999.000,9999.000
202602251248,   7.309,9999.000,9999.000,9999.000,9999.000,9999.000,9999.000,9999.000,9999.000
202602251254,   7.327,9999.000,9999.000,9999.000,9999.000,9999.000,9999.000,9999.000,9999.000
202602251300,   7.345,9999.000,   0.600,   0.176,   8.121,   0.500,   8.021,   0.700,   8.221
202602251306,   7.365,9999.000,9999.000,9999.000,9999.000,9999.000,9999.000,9999.000,9999.000
202602251312,   7.385,9999.000,9999.000,9999.000,9999.000,9999.000,9999.000,9999.000,9999.000
202602251318,   7.407,9999.000,9999.000,9999.000,9999.000,9999.000,9999.000,9999.000,9999.000
202602251324,   7.429,9999.000,9999.000,9999.000,9999.000,9999.000,9999.000,9999.000,9999.000
202602251330,   7.451,9999.000,9999.000,9999.000,9999.000,9999.000,9999.000,9999.000,9999.000
202602251336,   7.474,9999.000,9999.000,9999.000,9999.000,9999.000,9999.000,9999.000,9999.000
202602251342,   7.498,9999.000,9999.000,9999.000,9999.000,9999.000,9999.000,9999.000,9999.000
202602251348,   7.521,9999.000,9999.000,9999.000,9999.000,9999.000,9999.000,9999.000,9999.000
202602251354,   7.545,9999.000,9999.000,9999.000,9999.000,9999.000,9999.000,9999.000,9999.000
202602251400,   7.569,9999.000,   0.500,   0.162,   8.231,   0.400,   8.131,   0.600,   8.331
202602251406,   7.593,9999.000,9999.000,9999.000,9999.000,9999.000,9999.000,9999.000,9999.000
202602251412,   7.617,9999.000,9999.000,9999.000,9999.000,9999.000,9999.000,9999.000,9999.000
202602251418,   7.641,9999.000,9999.000,9999.000,9999.000,9999.000,9999.000,9999.000,9999.000
202602251424,   7.665,9999.000,9999.000,9999.000,9999.000,9999.000,9999.000,9999.000,9999.000
202602251430,   7.689,9999.000,9999.000,9999.000,9999.000,9999.000,9999.000,9999.000,9999.000
202602251436,   7.712,9999.000,9999.000,9999.000,9999.000,9999.000,9999.000,9999.000,9999.000
202602251442,   7.735,9999.000,9999.000,9999.000,9999.000,9999.000,9999.000,9999.000,9999.000
202602251448,   7.758,9999.000,9999.000,9999.000,9999.000,9999.000,9999.000,9999.000,9999.000
202602251454,   7.781,9999.000,9999.000,9999.000,9999.000,9999.000,9999.000,9999.000,9999.000
202602251500,   7.803,9999.000,   0.500,   0.124,   8.427,   0.400,   8.327,   0.600,   8.527
202602251506,   7.824,9999.000,9999.000,9999.000,9999.000,9999.000,9999.000,9999.000,9999.000
202602251512,   7.845,9999.000,9999.000,9999.000,9999.000,9999.000,9999.000,9999.000,9999.000
202602251518,   7.865,9999.000,9999.000,9999.000,9999.000,9999.000,9999.000,9999.000,9999.000
202602251524,   7.885,9999.000,9999.000,9999.000,9999.000,9999.000,9999.000,9999.000,9999.000
202602251530,   7.904,9999.000,9999.000,9999.000,9999.000,9999.000,9999.000,9999.000,9999.000
202602251536,   7.922,9999.000,9999.000,9999.000,9999.000,9999.000,9999.000,9999.000,9999.000
202602251542,   7.938,9999.000,9999.000,9999.000,9999.000,9999.000,9999.000,9999.000,9999.000
202602251548,   7.954,9999.000,9999.000,9999.000,9999.000,9999.000,9999.000,9999.000,9999.000
202602251554,   7.969,9999.000,9999.000,9999.000,9999.000,9999.000,9999.000,9999.000,9999.000
202602251600,   7.982,9999.000,   0.600,   0.067,   8.649,   0.500,   8.549,   0.600,   8.649
202602251606,   7.993,9999.000,9999.000,9999.000,9999.000,9999.000,9999.000,9999.000,9999.000
202602251612,   8.003,9999.000,9999.000,9999.000,9999.000,9999.000,9999.000,9999.000,9999.000
202602251618,   8.011,9999.000,9999.000,9999.000,9999.000,9999.000,9999.000,9999.000,9999.000
202602251624,   8.017,9999.000,9999.000,9999.000,9999.000,9999.000,9999.000,9999.000,9999.000
202602251630,   8.021,9999.000,9999.000,9999.000,9999.000,9999.000,9999.000,9999.000,9999.000
202602251636,   8.022,9999.000,9999.000,9999.000,9999.000,9999.000,9999.000,9999.000,9999.000
202602251642,   8.021,9999.000,9999.000,9999.000,9999.000,9999.000,9999.000,9999.000,9999.000
202602251648,   8.017,9999.000,9999.000,9999.000,9999.000,9999.000,9999.000,9999.000,9999.000
202602251654,   8.011,9999.000,9999.000,9999.000,9999.000,9999.000,9999.000,9999.000,9999.000
202602251700,   8.001,9999.000,   0.600,   0.002,   8.603,   0.500,   8.503,   0.700,   8.703
202602251706,   7.989,9999.000,9999.000,9999.000,9999.000,9999.000,9999.000,9999.000,9999.000
202602251712,   7.973,9999.000,9999.000,9999.000,9999.000,9999.000,9999.000,9999.000,9999.000
202602251718,   7.954,9999.000,9999.000,9999.000,9999.000,9999.000,9999.000,9999.000,9999.000
202602251724,   7.931,9999.000,9999.000,9999.000,9999.000,9999.000,9999.000,9999.000,9999.000
202602251730,   7.904,9999.000,9999.000,9999.000,9999.000,9999.000,9999.000,9999.000,9999.000
202602251736,   7.874,9999.000,9999.000,9999.000,9999.000,9999.000,9999.000,9999.000,9999.000
202602251742,   7.841,9999.000,9999.000,9999.000,9999.000,9999.000,9999.000,9999.000,9999.000
202602251748,   7.803,9999.000,9999.000,9999.000,9999.000,9999.000,9999.000,9999.000,9999.000
202602251754,   7.761,9999.000,9999.000,9999.000,9999.000,9999.000,9999.000,9999.000,9999.000
202602251800,   7.716,9999.000,   0.600,  -0.068,   8.248,   0.500,   8.148,   0.700,   8.348
202602251806,   7.666,9999.000,9999.000,9999.000,9999.000,9999.000,9999.000,9999.000,9999.000
202602251812,   7.613,9999.000,9999.000,9999.000,9999.000,9999.000,9999.000,9999.000,9999.000
202602251818,   7.555,9999.000,9999.000,9999.000,9999.000,9999.000,9999.000,9999.000,9999.000
202602251824,   7.493,9999.000,9999.000,9999.000,9999.000,9999.000,9999.000,9999.000,9999.000
202602251830,   7.428,9999.000,9999.000,9999.000,9999.000,9999.000,9999.000,9999.000,9999.000
202602251836,   7.358,9999.000,9999.000,9999.000,9999.000,9999.000,9999.000,9999.000,9999.000
202602251842,   7.284,9999.000,9999.000,9999.000,9999.000,9999.000,9999.000,9999.000,9999.000
202602251848,   7.206,9999.000,9999.000,9999.000,9999.000,9999.000,9999.000,9999.000,9999.000
202602251854,   7.124,9999.000,9999.000,9999.000,9999.000,9999.000,9999.000,9999.000,9999.000
202602251900,   7.038,9999.000,   0.500,  -0.120,   7.418,   0.400,   7.318,   0.600,   7.518
202602251906,   6.947,9999.000,9999.000,9999.000,9999.000,9999.000,9999.000,9999.000,9999.000
202602251912,   6.853,9999.000,9999.000,9999.000,9999.000,9999.000,9999.000,9999.000,9999.000
202602251918,   6.755,9999.000,9999.000,9999.000,9999.000,9999.000,9999.000,9999.000,9999.000
202602251924,   6.653,9999.000,9999.000,9999.000,9999.000,9999.000,9999.000,9999.000,9999.000
202602251930,   6.547,9999.000,9999.000,9999.000,9999.000,9999.000,9999.000,9999.000,9999.000
202602251936,   6.437,9999.000,9999.000,9999.000,9999.000,9999.000,9999.000,9999.000,9999.000
202602251942,   6.324,9999.000,9999.000,9999.000,9999.000,9999.000,9999.000,9999.000,9999.000
202602251948,   6.206,9999.000,9999.000,9999.000,9999.000,9999.000,9999.000,9999.000,9999.000
202602251954,   6.085,9999.000,9999.000,9999.000,9999.000,9999.000,9999.000,9999.000,9999.000
202602252000,   5.961,9999.000,   0.600,  -0.124,   6.437,   0.500,   6.337,   0.600,   6.437
202602252006,   5.833,9999.000,9999.000,9999.000,9999.000,9999.000,9999.000,9999.000,9999.000
202602252012,   5.701,9999.000,9999.000,9999.000,9999.000,9999.000,9999.000,9999.000,9999.000
202602252018,   5.566,9999.000,9999.000,9999.000,9999.000,9999.000,9999.000,9999.000,9999.000
202602252024,   5.428,9999.000,9999.000,9999.000,9999.000,9999.000,9999.000,9999.000,9999.000
202602252030,   5.287,9999.000,9999.000,9999.000,9999.000,9999.000,9999.000,9999.000,9999.000
202602252036,   5.143,9999.000,9999.000,9999.000,9999.000,9999.000,9999.000,9999.000,9999.000
202602252042,   4.996,9999.000,9999.000,9999.000,9999.000,9999.000,9999.000,9999.000,9999.000
202602252048,   4.846,9999.000,9999.000,9999.000,9999.000,9999.000,9999.000,9999.000,9999.000
202602252054,   4.693,9999.000,9999.000,9999.000,9999.000,9999.000,9999.000,9999.000,9999.000
202602252100,   4.539,9999.000,   0.600,  -0.086,   5.053,   0.600,   5.053,   0.700,   5.153
202602252106,   4.382,9999.000,9999.000,9999.000,9999.000,9999.000,9999.000,9999.000,9999.000
202602252112,   4.223,9999.000,9999.000,9999.000,9999.000,9999.000,9999.000,9999.000,9999.000
202602252118,   4.062,9999.000,9999.000,9999.000,9999.000,9999.000,9999.000,9999.000,9999.000
202602252124,   3.899,9999.000,9999.000,9999.000,9999.000,9999.000,9999.000,9999.000,9999.000
202602252130,   3.735,9999.000,9999.000,9999.000,9999.000,9999.000,9999.000,9999.000,9999.000
202602252136,   3.570,9999.000,9999.000,9999.000,9999.000,9999.000,9999.000,9999.000,9999.000
202602252142,   3.403,9999.000,9999.000,9999.000,9999.000,9999.000,9999.000,9999.000,9999.000
202602252148,   3.236,9999.000,9999.000,9999.000,9999.000,9999.000,9999.000,9999.000,9999.000
202602252154,   3.068,9999.000,9999.000,9999.000,9999.000,9999.000,9999.000,9999.000,9999.000
202602252200,   2.900,9999.000,   0.600,  -0.042,   3.458,   0.500,   3.358,   0.700,   3.558
202602252206,   2.732,9999.000,9999.000,9999.000,9999.000,9999.000,9999.000,9999.000,9999.000
202602252212,   2.565,9999.000,9999.000,9999.000,9999.000,9999.000,9999.000,9999.000,9999.000
202602252218,   2.398,9999.000,9999.000,9999.000,9999.000,9999.000,9999.000,9999.000,9999.000
202602252224,   2.231,9999.000,9999.000,9999.000,9999.000,9999.000,9999.000,9999.000,9999.000
202602252230,   2.066,9999.000,9999.000,9999.000,9999.000,9999.000,9999.000,9999.000,9999.000
202602252236,   1.902,9999.000,9999.000,9999.000,9999.000,9999.000,9999.000,9999.000,9999.000
202602252242,   1.740,9999.000,9999.000,9999.000,9999.000,9999.000,9999.000,9999.000,9999.000
202602252248,   1.581,9999.000,9999.000,9999.000,9999.000,9999.000,9999.000,9999.000,9999.000
202602252254,   1.423,9999.000,9999.000,9999.000,9999.000,9999.000,9999.000,9999.000,9999.000
202602252300,   1.269,9999.000,   0.600,  -0.008,   1.861,   0.500,   1.761,   0.700,   1.961
202602252306,   1.117,9999.000,9999.000,9999.000,9999.000,9999.000,9999.000,9999.000,9999.000
202602252312,   0.969,9999.000,9999.000,9999.000,9999.000,9999.000,9999.000,9999.000,9999.000
202602252318,   0.824,9999.000,9999.000,9999.000,9999.000,9999.000,9999.000,9999.000,9999.000
202602252324,   0.684,9999.000,9999.000,9999.000,9999.000,9999.000,9999.000,9999.000,9999.000
202602252330,   0.548,9999.000,9999.000,9999.000,9999.000,9999.000,9999.000,9999.000,9999.000
202602252336,   0.417,9999.000,9999.000,9999.000,9999.000,9999.000,9999.000,9999.000,9999.000
202602252342,   0.291,9999.000,9999.000,9999.000,9999.000,9999.000,9999.000,9999.000,9999.000
202602252348,   0.170,9999.000,9999.000,9999.000,9999.000,9999.000,9999.000,9999.000,9999.000
202602252354,   0.054,9999.000,9999.000,9999.000,9999.000,9999.000,9999.000,9999.000,9999.000
202602260000,  -0.055,9999.000,   0.600,   0.013,   0.558,   0.500,   0.458,   0.700,   0.658
202602260006,  -0.159,9999.000,9999.000,9999.000,9999.000,9999.000,9999.000,9999.000,9999.000
202602260012,  -0.256,9999.000,9999.000,9999.000,9999.000,9999.000,9999.000,9999.000,9999.000
202602260018,  -0.347,9999.000,9999.000,9999.000,9999.000,9999.000,9999.000,9999.000,9999.000
202602260024,  -0.432,9999.000,9999.000,9999.000,9999.000,9999.000,9999.000,9999.000,9999.000
202602260030,  -0.510,9999.000,9999.000,9999.000,9999.000,9999.000,9999.000,9999.000,9999.000
202602260036,  -0.582,9999.000,9999.000,9999.000,9999.000,9999.000,9999.000,9999.000,9999.000
202602260042,  -0.646,9999.000,9999.000,9999.000,9999.000,9999.000,9999.000,9999.000,9999.000
202602260048,  -0.704,9999.000,9999.000,9999.000,9999.000,9999.000,9999.000,9999.000,9999.000
202602260054,  -0.755,9999.000,9999.000,9999.000,9999.000,9999.000,9999.000,9999.000,9999.000
202602260100,  -0.799,9999.000,   0.600,  -0.010,  -0.209,   0.500,  -0.309,   0.700,  -0.109
202602260106,  -0.836,9999.000,9999.000,9999.000,9999.000,9999.000,9999.000,9999.000,9999.000
202602260112,  -0.867,9999.000,9999.000,9999.000,9999.000,9999.000,9999.000,9999.000,9999.000
202602260118,  -0.891,9999.000,9999.000,9999.000,9999.000,9999.000,9999.000,9999.000,9999.000
202602260124,  -0.908,9999.000,9999.000,9999.000,9999.000,9999.000,9999.000,9999.000,9999.000
202602260130,  -0.918,9999.000,9999.000,9999.000,9999.000,9999.000,9999.000,9999.000,9999.000
202602260136,  -0.922,9999.000,9999.000,9999.000,9999.000,9999.000,9999.000,9999.000,9999.000
202602260142,  -0.920,9999.000,9999.000,9999.000,9999.000,9999.000,9999.000,9999.000,9999.000
202602260148,  -0.912,9999.000,9999.000,9999.000,9999.000,9999.000,9999.000,9999.000,9999.000
202602260154,  -0.898,9999.000,9999.000,9999.000,9999.000,9999.000,9999.000,9999.000,9999.000
202602260200,  -0.877,9999.000,   0.600,  -0.084,  -0.361,   0.500,  -0.461,   0.700,  -0.261
202602260206,  -0.851,9999.000,9999.000,9999.000,9999.000,9999.000,9999.000,9999.000,9999.000
202602260212,  -0.820,9999.000,9999.000,9999.000,9999.000,9999.000,9999.000,9999.000,9999.000
202602260218,  -0.783,9999.000,9999.000,9999.000,9999.000,9999.000,9999.000,9999.000,9999.000
202602260224,  -0.740,9999.000,9999.000,9999.000,9999.000,9999.000,9999.000,9999.000,9999.000
202602260230,  -0.692,9999.000,9999.000,9999.000,9999.000,9999.000,9999.000,9999.000,9999.000
202602260236,  -0.639,9999.000,9999.000,9999.000,9999.000,9999.000,9999.000,9999.000,9999.000
202602260242,  -0.581,9999.000,9999.000,9999.000,9999.000,9999.000,9999.000,9999.000,9999.000
202602260248,  -0.518,9999.000,9999.000,9999.000,9999.000,9999.000,9999.000,9999.000,9999.000
202602260254,  -0.450,9999.000,9999.000,9999.000,9999.000,9999.000,9999.000,9999.000,9999.000
202602260300,  -0.377,9999.000,   0.500,  -0.145,  -0.022,   0.400,  -0.122,   0.700,   0.178
202602260306,  -0.300,9999.000,9999.000,9999.000,9999.000,9999.000,9999.000,9999.000,9999.000
202602260312,  -0.218,9999.000,9999.000,9999.000,9999.000,9999.000,9999.000,9999.000,9999.000
202602260318,  -0.132,9999.000,9999.000,9999.000,9999.000,9999.000,9999.000,9999.000,9999.000
202602260324,  -0.041,9999.000,9999.000,9999.000,9999.000,9999.000,9999.000,9999.000,9999.000
202602260330,   0.052,9999.000,9999.000,9999.000,9999.000,9999.000,9999.000,9999.000,9999.000
202602260336,   0.151,9999.000,9999.000,9999.000,9999.000,9999.000,9999.000,9999.000,9999.000
202602260342,   0.254,9999.000,9999.000,9999.000,9999.000,9999.000,9999.000,9999.000,9999.000
202602260348,   0.361,9999.000,9999.000,9999.000,9999.000,9999.000,9999.000,9999.000,9999.000
202602260354,   0.471,9999.000,9999.000,9999.000,9999.000,9999.000,9999.000,9999.000,9999.000
202602260400,   0.585,9999.000,   0.600,  -0.118,   1.067,   0.400,   0.867,   0.700,   1.167
202602260406,   0.702,9999.000,9999.000,9999.000,9999.000,9999.000,9999.000,9999.000,9999.000
202602260412,   0.823,9999.000,9999.000,9999.000,9999.000,9999.000,9999.000,9999.000,9999.000
202602260418,   0.946,9999.000,9999.000,9999.000,9999.000,9999.000,9999.000,9999.000,9999.000
202602260424,   1.072,9999.000,9999.000,9999.000,9999.000,9999.000,9999.000,9999.000,9999.000
202602260430,   1.201,9999.000,9999.000,9999.000,9999.000,9999.000,9999.000,9999.000,9999.000
202602260436,   1.333,9999.000,9999.000,9999.000,9999.000,9999.000,9999.000,9999.000,9999.000
202602260442,   1.466,9999.000,9999.000,9999.000,9999.000,9999.000,9999.000,9999.000,9999.000
202602260448,   1.601,9999.000,9999.000,9999.000,9999.000,9999.000,9999.000,9999.000,9999.000
202602260454,   1.738,9999.000,9999.000,9999.000,9999.000,9999.000,9999.000,9999.000,9999.000
202602260500,   1.877,9999.000,   0.500,  -0.026,   2.351,   0.400,   2.251,   0.600,   2.451
202602260506,   2.017,9999.000,9999.000,9999.000,9999.000,9999.000,9999.000,9999.000,9999.000
202602260512,   2.158,9999.000,9999.000,9999.000,9999.000,9999.000,9999.000,9999.000,9999.000
202602260518,   2.300,9999.000,9999.000,9999.000,9999.000,9999.000,9999.000,9999.000,9999.000
202602260524,   2.443,9999.000,9999.000,9999.000,9999.000,9999.000,9999.000,9999.000,9999.000
202602260530,   2.586,9999.000,9999.000,9999.000,9999.000,9999.000,9999.000,9999.000,9999.000
202602260536,   2.729,9999.000,9999.000,9999.000,9999.000,9999.000,9999.000,9999.000,9999.000
202602260542,   2.872,9999.000,9999.000,9999.000,9999.000,9999.000,9999.000,9999.000,9999.000
202602260548,   3.016,9999.000,9999.000,9999.000,9999.000,9999.000,9999.000,9999.000,9999.000
202602260554,   3.159,9999.000,9999.000,9999.000,9999.000,9999.000,9999.000,9999.000,9999.000
202602260600,   3.301,9999.000,   0.500,   0.050,   3.851,   0.300,   3.651,   0.600,   3.951
202602260606,   3.444,9999.000,9999.000,9999.000,9999.000,9999.000,9999.000,9999.000,9999.000
202602260612,   3.585,9999.000,9999.000,9999.000,9999.000,9999.000,9999.000,9999.000,9999.000
202602260618,   3.726,9999.000,9999.000,9999.000,9999.000,9999.000,9999.000,9999.000,9999.000
202602260624,   3.865,9999.000,9999.000,9999.000,9999.000,9999.000,9999.000,9999.000,9999.000
202602260630,   4.004,9999.000,9999.000,9999.000,9999.000,9999.000,9999.000,9999.000,9999.000
202602260636,   4.141,9999.000,9999.000,9999.000,9999.000,9999.000,9999.000,9999.000,9999.000
202602260642,   4.277,9999.000,9999.000,9999.000,9999.000,9999.000,9999.000,9999.000,9999.000
202602260648,   4.412,9999.000,9999.000,9999.000,9999.000,9999.000,9999.000,9999.000,9999.000
202602260654,   4.546,9999.000,9999.000,9999.000,9999.000,9999.000,9999.000,9999.000,9999.000
202602260700,   4.678,9999.000,   0.500,   0.096,   5.274,   0.300,   5.074,   0.600,   5.374
202602260706,   4.808,9999.000,9999.000,9999.000,9999.000,9999.000,9999.000,9999.000,9999.000
202602260712,   4.937,9999.000,9999.000,9999.000,9999.000,9999.000,9999.000,9999.000,9999.000
202602260718,   5.064,9999.000,9999.000,9999.000,9999.000,9999.000,9999.000,9999.000,9999.000
202602260724,   5.189,9999.000,9999.000,9999.000,9999.000,9999.000,9999.000,9999.000,9999.000
202602260730,   5.312,9999.000,9999.000,9999.000,9999.000,9999.000,9999.000,9999.000,9999.000
202602260736,   5.433,9999.000,9999.000,9999.000,9999.000,9999.000,9999.000,9999.000,9999.000
202602260742,   5.552,9999.000,9999.000,9999.000,9999.000,9999.000,9999.000,9999.000,9999.000
202602260748,   5.668,9999.000,9999.000,9999.000,9999.000,9999.000,9999.000,9999.000,9999.000
202602260754,   5.783,9999.000,9999.000,9999.000,9999.000,9999.000,9999.000,9999.000,9999.000
202602260800,   5.895,9999.000,   0.500,   0.165,   6.560,   0.300,   6.360,   0.700,   6.760
202602260806,   6.004,9999.000,9999.000,9999.000,9999.000,9999.000,9999.000,9999.000,9999.000
202602260812,   6.111,9999.000,9999.000,9999.000,9999.000,9999.000,9999.000,9999.000,9999.000
202602260818,   6.215,9999.000,9999.000,9999.000,9999.000,9999.000,9999.000,9999.000,9999.000
202602260824,   6.316,9999.000,9999.000,9999.000,9999.000,9999.000,9999.000,9999.000,9999.000
202602260830,   6.414,9999.000,9999.000,9999.000,9999.000,9999.000,9999.000,9999.000,9999.000
202602260836,   6.509,9999.000,9999.000,9999.000,9999.000,9999.000,9999.000,9999.000,9999.000
202602260842,   6.601,9999.000,9999.000,9999.000,9999.000,9999.000,9999.000,9999.000,9999.000
202602260848,   6.690,9999.000,9999.000,9999.000,9999.000,9999.000,9999.000,9999.000,9999.000
202602260854,   6.776,9999.000,9999.000,9999.000,9999.000,9999.000,9999.000,9999.000,9999.000
202602260900,   6.858,9999.000,   0.500,   0.262,   7.620,   0.400,   7.520,   0.600,   7.720
202602260906,   6.937,9999.000,9999.000,9999.000,9999.000,9999.000,9999.000,9999.000,9999.000
202602260912,   7.012,9999.000,9999.000,9999.000,9999.000,9999.000,9999.000,9999.000,9999.000
202602260918,   7.083,9999.000,9999.000,9999.000,9999.000,9999.000,9999.000,9999.000,9999.000
202602260924,   7.151,9999.000,9999.000,9999.000,9999.000,9999.000,9999.000,9999.000,9999.000
202602260930,   7.215,9999.000,9999.000,9999.000,9999.000,9999.000,9999.000,9999.000,9999.000
202602260936,   7.276,9999.000,9999.000,9999.000,9999.000,9999.000,9999.000,9999.000,9999.000
202602260942,   7.333,9999.000,9999.000,9999.000,9999.000,9999.000,9999.000,9999.000,9999.000
202602260948,   7.385,9999.000,9999.000,9999.000,9999.000,9999.000,9999.000,9999.000,9999.000
202602260954,   7.435,9999.000,9999.000,9999.000,9999.000,9999.000,9999.000,9999.000,9999.000
202602261000,   7.480,9999.000,   0.400,   0.321,   8.201,   0.300,   8.101,   0.500,   8.301
202602261006,   7.521,9999.000,9999.000,9999.000,9999.000,9999.000,9999.000,9999.000,9999.000
202602261012,   7.559,9999.000,9999.000,9999.000,9999.000,9999.000,9999.000,9999.000,9999.000
202602261018,   7.593,9999.000,9999.000,9999.000,9999.000,9999.000,9999.000,9999.000,9999.000
202602261024,   7.624,9999.000,9999.000,9999.000,9999.000,9999.000,9999.000,9999.000,9999.000
202602261030,   7.651,9999.000,9999.000,9999.000,9999.000,9999.000,9999.000,9999.000,9999.000
202602261036,   7.674,9999.000,9999.000,9999.000,9999.000,9999.000,9999.000,9999.000,9999.000
202602261042,   7.694,9999.000,9999.000,9999.000,9999.000,9999.000,9999.000,9999.000,9999.000
202602261048,   7.711,9999.000,9999.000,9999.000,9999.000,9999.000,9999.000,9999.000,9999.000
202602261054,   7.725,9999.000,9999.000,9999.000,9999.000,9999.000,9999.000,9999.000,9999.000
202602261100,   7.735,9999.000,   0.400,   0.315,   8.450,   0.300,   8.350,   0.600,   8.650
202602261106,   7.743,9999.000,9999.000,9999.000,9999.000,9999.000,9999.000,9999.000,9999.000
202602261112,   7.748,9999.000,9999.000,9999.000,9999.000,9999.000,9999.000,9999.000,9999.000
202602261118,   7.751,9999.000,9999.000,9999.000,9999.000,9999.000,9999.000,9999.000,9999.000
202602261124,   7.752,9999.000,9999.000,9999.000,9999.000,9999.000,9999.000,9999.000,9999.000
202602261130,   7.750,9999.000,9999.000,9999.000,9999.000,9999.000,9999.000,9999.000,9999.000
202602261136,   7.747,9999.000,9999.000,9999.000,9999.000,9999.000,9999.000,9999.000,9999.000
202602261142,   7.742,9999.000,9999.000,9999.000,9999.000,9999.000,9999.000,9999.000,9999.000
202602261148,   7.736,9999.000,9999.000,9999.000,9999.000,9999.000,9999.000,9999.000,9999.000
202602261154,   7.728,9999.000,9999.000,9999.000,9999.000,9999.000,9999.000,9999.000,9999.000
202602261200,   7.720,9999.000,   0.500,   0.292,   8.512,   0.400,   8.412,   0.700,   8.712
202602261206,   7.710,9999.000,9999.000,9999.000,9999.000,9999.000,9999.000,9999.000,9999.000
202602261212,   7.701,9999.000,9999.000,9999.000,9999.000,9999.000,9999.000,9999.000,9999.000
202602261218,   7.690,9999.000,9999.000,9999.000,9999.000,9999.000,9999.000,9999.000,9999.000
202602261224,   7.680,9999.000,9999.000,9999.000,9999.000,9999.000,9999.000,9999.000,9999.000
202602261230,   7.670,9999.000,9999.000,9999.000,9999.000,9999.000,9999.000,9999.000,9999.000
202602261236,   7.660,9999.000,9999.000,9999.000,9999.000,9999.000,9999.000,9999.000,9999.000
202602261242,   7.650,9999.000,9999.000,9999.000,9999.000,9999.000,9999.000,9999.000,9999.000
202602261248,   7.641,9999.000,9999.000,9999.000,9999.000,9999.000,9999.000,9999.000,9999.000
202602261254,   7.632,9999.000,9999.000,9999.000,9999.000,9999.000,9999.000,9999.000,9999.000
202602261300,   7.624,9999.000,   0.600,   0.280,   8.504,   0.500,   8.404,   0.700,   8.604
202602261306,   7.617,9999.000,9999.000,9999.000,9999.000,9999.000,9999.000,9999.000,9999.000
202602261312,   7.611,9999.000,9999.000,9999.000,9999.000,9999.000,9999.000,9999.000,9999.000
202602261318,   7.605,9999.000,9999.000,9999.000,9999.000,9999.000,9999.000,9999.000,9999.000
202602261324,   7.600,9999.000,9999.000,9999.000,9999.000,9999.000,9999.000,9999.000,9999.000
202602261330,   7.596,9999.000,9999.000,9999.000,9999.000,9999.000,9999.000,9999.000,9999.000
202602261336,   7.593,9999.000,9999.000,9999.000,9999.000,9999.000,9999.000,9999.000,9999.000
202602261342,   7.591,9999.000,9999.000,9999.000,9999.000,9999.000,9999.000,9999.000,9999.000
202602261348,   7.590,9999.000,9999.000,9999.000,9999.000,9999.000,9999.000,9999.000,9999.000
202602261354,   7.589,9999.000,9999.000,9999.000,9999.000,9999.000,9999.000,9999.000,9999.000
202602261400,   7.589,9999.000,   0.500,   0.256,   8.345,   0.400,   8.245,   0.600,   8.445
202602261406,   7.590,9999.000,9999.000,9999.000,9999.000,9999.000,9999.000,9999.000,9999.000
202602261412,   7.592,9999.000,9999.000,9999.000,9999.000,9999.000,9999.000,9999.000,9999.000
202602261418,   7.594,9999.000,9999.000,9999.000,9999.000,9999.000,9999.000,9999.000,9999.000
202602261424,   7.596,9999.000,9999.000,9999.000,9999.000,9999.000,9999.000,9999.000,9999.000
202602261430,   7.599,9999.000,9999.000,9999.000,9999.000,9999.000,9999.000,9999.000,9999.000
202602261436,   7.602,9999.000,9999.000,9999.000,9999.000,9999.000,9999.000,9999.000,9999.000
202602261442,   7.606,9999.000,9999.000,9999.000,9999.000,9999.000,9999.000,9999.000,9999.000
202602261448,   7.610,9999.000,9999.000,9999.000,9999.000,9999.000,9999.000,9999.000,9999.000
202602261454,   7.615,9999.000,9999.000,9999.000,9999.000,9999.000,9999.000,9999.000,9999.000
202602261500,   7.620,9999.000,   0.500,   0.203,   8.323,   0.400,   8.223,   0.600,   8.423
202602261506,   7.625,9999.000,9999.000,9999.000,9999.000,9999.000,9999.000,9999.000,9999.000
202602261512,   7.630,9999.000,9999.000,9999.000,9999.000,9999.000,9999.000,9999.000,9999.000
202602261518,   7.636,9999.000,9999.000,9999.000,9999.000,9999.000,9999.000,9999.000,9999.000
202602261524,   7.642,9999.000,9999.000,9999.000,9999.000,9999.000,9999.000,9999.000,9999.000
202602261530,   7.649,9999.000,9999.000,9999.000,9999.000,9999.000,9999.000,9999.000,9999.000
202602261536,   7.655,9999.000,9999.000,9999.000,9999.000,9999.000,9999.000,9999.000,9999.000
202602261542,   7.662,9999.000,9999.000,9999.000,9999.000,9999.000,9999.000,9999.000,9999.000
202602261548,   7.669,9999.000,9999.000,9999.000,9999.000,9999.000,9999.000,9999.000,9999.000
202602261554,   7.676,9999.000,9999.000,9999.000,9999.000,9999.000,9999.000,9999.000,9999.000
202602261600,   7.684,9999.000,   0.600,   0.136,   8.420,   0.500,   8.320,   0.700,   8.520
202602261606,   7.691,9999.000,9999.000,9999.000,9999.000,9999.000,9999.000,9999.000,9999.000
202602261612,   7.699,9999.000,9999.000,9999.000,9999.000,9999.000,9999.000,9999.000,9999.000
202602261618,   7.707,9999.000,9999.000,9999.000,9999.000,9999.000,9999.000,9999.000,9999.000
202602261624,   7.715,9999.000,9999.000,9999.000,9999.000,9999.000,9999.000,9999.000,9999.000
202602261630,   7.722,9999.000,9999.000,9999.000,9999.000,9999.000,9999.000,9999.000,9999.000
202602261636,   7.729,9999.000,9999.000,9999.000,9999.000,9999.000,9999.000,9999.000,9999.000
202602261642,   7.736,9999.000,9999.000,9999.000,9999.000,9999.000,9999.000,9999.000,9999.000
202602261648,   7.743,9999.000,9999.000,9999.000,9999.000,9999.000,9999.000,9999.000,9999.000
202602261654,   7.748,9999.000,9999.000,9999.000,9999.000,9999.000,9999.000,9999.000,9999.000
202602261700,   7.753,9999.000,   0.600,   0.053,   8.406,   0.500,   8.306,   0.700,   8.506
202602261706,   7.757,9999.000,9999.000,9999.000,9999.000,9999.000,9999.000,9999.000,9999.000
202602261712,   7.760,9999.000,9999.000,9999.000,9999.000,9999.000,9999.000,9999.000,9999.000
202602261718,   7.761,9999.000,9999.000,9999.000,9999.000,9999.000,9999.000,9999.000,9999.000
202602261724,   7.761,9999.000,9999.000,9999.000,9999.000,9999.000,9999.000,9999.000,9999.000
202602261730,   7.760,9999.000,9999.000,9999.000,9999.000,9999.000,9999.000,9999.000,9999.000
202602261736,   7.756,9999.000,9999.000,9999.000,9999.000,9999.000,9999.000,9999.000,9999.000
202602261742,   7.751,9999.000,9999.000,9999.000,9999.000,9999.000,9999.000,9999.000,9999.000
202602261748,   7.743,9999.000,9999.000,9999.000,9999.000,9999.000,9999.000,9999.000,9999.000
202602261754,   7.733,9999.000,9999.000,9999.000,9999.000,9999.000,9999.000,9999.000,9999.000
202602261800,   7.720,9999.000,   0.600,  -0.055,   8.265,   0.500,   8.165,   0.700,   8.365
202602261806,   7.705,9999.000,9999.000,9999.000,9999.000,9999.000,9999.000,9999.000,9999.000
202602261812,   7.687,9999.000,9999.000,9999.000,9999.000,9999.000,9999.000,9999.000,9999.000
202602261818,   7.666,9999.000,9999.000,9999.000,9999.000,9999.000,9999.000,9999.000,9999.000
202602261824,   7.642,9999.000,9999.000,9999.000,9999.000,9999.000,9999.000,9999.000,9999.000
202602261830,   7.615,9999.000,9999.000,9999.000,9999.000,9999.000,9999.000,9999.000,9999.000
202602261836,   7.584,9999.000,9999.000,9999.000,9999.000,9999.000,9999.000,9999.000,9999.000
202602261842,   7.551,9999.000,9999.000,9999.000,9999.000,9999.000,9999.000,9999.000,9999.000
202602261848,   7.514,9999.000,9999.000,9999.000,9999.000,9999.000,9999.000,9999.000,9999.000
202602261854,   7.474,9999.000,9999.000,9999.000,9999.000,9999.000,9999.000,9999.000,9999.000
202602261900,   7.430,9999.000,   0.500,  -0.155,   7.775,   0.400,   7.675,   0.600,   7.875
202602261906,   7.383,9999.000,9999.000,9999.000,9999.000,9999.000,9999.000,9999.000,9999.000
202602261912,   7.332,9999.000,9999.000,9999.000,9999.000,9999.000,9999.000,9999.000,9999.000
202602261918,   7.278,9999.000,9999.000,9999.000,9999.000,9999.000,9999.000,9999.000,9999.000
202602261924,   7.220,9999.000,9999.000,9999.000,9999.000,9999.000,9999.000,9999.000,9999.000
202602261930,   7.159,9999.000,9999.000,9999.000,9999.000,9999.000,9999.000,9999.000,9999.000
202602261936,   7.094,9999.000,9999.000,9999.000,9999.000,9999.000,9999.000,9999.000,9999.000
202602261942,   7.026,9999.000,9999.000,9999.000,9999.000,9999.000,9999.000,9999.000,9999.000
202602261948,   6.954,9999.000,9999.000,9999.000,9999.000,9999.000,9999.000,9999.000,9999.000
202602261954,   6.878,9999.000,9999.000,9999.000,9999.000,9999.000,9999.000,9999.000,9999.000
202602262000,   6.799,9999.000,   0.500,  -0.183,   7.116,   0.500,   7.116,   0.600,   7.216
202602262006,   6.716,9999.000,9999.000,9999.000,9999.000,9999.000,9999.000,9999.000,9999.000
202602262012,   6.630,9999.000,9999.000,9999.000,9999.000,9999.000,9999.000,9999.000,9999.000
202602262018,   6.540,9999.000,9999.000,9999.000,9999.000,9999.000,9999.000,9999.000,9999.000
202602262024,   6.447,9999.000,9999.000,9999.000,9999.000,9999.000,9999.000,9999.000,9999.000
202602262030,   6.350,9999.000,9999.000,9999.000,9999.000,9999.000,9999.000,9999.000,9999.000
202602262036,   6.249,9999.000,9999.000,9999.000,9999.000,9999.000,9999.000,9999.000,9999.000
202602262042,   6.145,9999.000,9999.000,9999.000,9999.000,9999.000,9999.000,9999.000,9999.000
202602262048,   6.037,9999.000,9999.000,9999.000,9999.000,9999.000,9999.000,9999.000,9999.000
202602262054,   5.925,9999.000,9999.000,9999.000,9999.000,9999.000,9999.000,9999.000,9999.000
202602262100,   5.810,9999.000,   0.600,  -0.139,   6.271,   0.500,   6.171,   0.700,   6.371
202602262106,   5.692,9999.000,9999.000,9999.000,9999.000,9999.000,9999.000,9999.000,9999.000
202602262112,   5.570,9999.000,9999.000,9999.000,9999.000,9999.000,9999.000,9999.000,9999.000
202602262118,   5.444,9999.000,9999.000,9999.000,9999.000,9999.000,9999.000,9999.000,9999.000
202602262124,   5.316,9999.000,9999.000,9999.000,9999.000,9999.000,9999.000,9999.000,9999.000
202602262130,   5.183,9999.000,9999.000,9999.000,9999.000,9999.000,9999.000,9999.000,9999.000
202602262136,   5.048,9999.000,9999.000,9999.000,9999.000,9999.000,9999.000,9999.000,9999.000
202602262142,   4.910,9999.000,9999.000,9999.000,9999.000,9999.000,9999.000,9999.000,9999.000
202602262148,   4.768,9999.000,9999.000,9999.000,9999.000,9999.000,9999.000,9999.000,9999.000
202602262154,   4.623,9999.000,9999.000,9999.000,9999.000,9999.000,9999.000,9999.000,9999.000
202602262200,   4.476,9999.000,   0.500,  -0.085,   4.891,   0.400,   4.791,   0.600,   4.991
202602262206,   4.326,9999.000,9999.000,9999.000,9999.000,9999.000,9999.000,9999.000,9999.000
202602262212,   4.173,9999.000,9999.000,9999.000,9999.000,9999.000,9999.000,9999.000,9999.000
202602262218,   4.018,9999.000,9999.000,9999.000,9999.000,9999.000,9999.000,9999.000,9999.000
202602262224,   3.861,9999.000,9999.000,9999.000,9999.000,9999.000,9999.000,9999.000,9999.000
202602262230,   3.702,9999.000,9999.000,9999.000,9999.000,9999.000,9999.000,9999.000,9999.000
202602262236,   3.541,9999.000,9999.000,9999.000,9999.000,9999.000,9999.000,9999.000,9999.000
202602262242,   3.378,9999.000,9999.000,9999.000,9999.000,9999.000,9999.000,9999.000,9999.000
202602262248,   3.214,9999.000,9999.000,9999.000,9999.000,9999.000,9999.000,9999.000,9999.000
202602262254,   3.049,9999.000,9999.000,9999.000,9999.000,9999.000,9999.000,9999.000,9999.000
202602262300,   2.883,9999.000,   0.500,  -0.055,   3.328,   0.400,   3.228,   0.600,   3.428
202602262306,   2.716,9999.000,9999.000,9999.000,9999.000,9999.000,9999.000,9999.000,9999.000
202602262312,   2.549,9999.000,9999.000,9999.000,9999.000,9999.000,9999.000,9999.000,9999.000
202602262318,   2.382,9999.000,9999.000,9999.000,9999.000,9999.000,9999.000,9999.000,9999.000
202602262324,   2.216,9999.000,9999.000,9999.000,9999.000,9999.000,9999.000,9999.000,9999.000
202602262330,   2.050,9999.000,9999.000,9999.000,9999.000,9999.000,9999.000,9999.000,9999.000
202602262336,   1.886,9999.000,9999.000,9999.000,9999.000,9999.000,9999.000,9999.000,9999.000
202602262342,   1.722,9999.000,9999.000,9999.000,9999.000,9999.000,9999.000,9999.000,9999.000
202602262348,   1.560,9999.000,9999.000,9999.000,9999.000,9999.000,9999.000,9999.000,9999.000
202602262354,   1.401,9999.000,9999.000,9999.000,9999.000,9999.000,9999.000,9999.000,9999.000
202602270000,   1.244,9999.000,   0.500,  -0.042,   1.702,   0.400,   1.602,   0.600,   1.802
202602270006,   1.089,9999.000,9999.000,9999.000,9999.000,9999.000,9999.000,9999.000,9999.000
202602270012,   0.938,9999.000,9999.000,9999.000,9999.000,9999.000,9999.000,9999.000,9999.000
202602270018,   0.791,9999.000,9999.000,9999.000,9999.000,9999.000,9999.000,9999.000,9999.000
202602270024,   0.647,9999.000,9999.000,9999.000,9999.000,9999.000,9999.000,9999.000,9999.000
202602270030,   0.507,9999.000,9999.000,9999.000,9999.000,9999.000,9999.000,9999.000,9999.000
202602270036,   0.372,9999.000,9999.000,9999.000,9999.000,9999.000,9999.000,9999.000,9999.000
202602270042,   0.241,9999.000,9999.000,9999.000,9999.000,9999.000,9999.000,9999.000,9999.000
202602270048,   0.116,9999.000,9999.000,9999.000,9999.000,9999.000,9999.000,9999.000,9999.000
202602270054,  -0.003,9999.000,9999.000,9999.000,9999.000,9999.000,9999.000,9999.000,9999.000
202602270100,  -0.117,9999.000,   0.500,  -0.056,   0.327,   0.400,   0.227,   0.600,   0.427
202602270106,  -0.226,9999.000,9999.000,9999.000,9999.000,9999.000,9999.000,9999.000,9999.000
202602270112,  -0.328,9999.000,9999.000,9999.000,9999.000,9999.000,9999.000,9999.000,9999.000
202602270118,  -0.425,9999.000,9999.000,9999.000,9999.000,9999.000,9999.000,9999.000,9999.000
202602270124,  -0.515,9999.000,9999.000,9999.000,9999.000,9999.000,9999.000,9999.000,9999.000
202602270130,  -0.598,9999.000,9999.000,9999.000,9999.000,9999.000,9999.000,9999.000,9999.000
202602270136,  -0.675,9999.000,9999.000,9999.000,9999.000,9999.000,9999.000,9999.000,9999.000
202602270142,  -0.746,9999.000,9999.000,9999.000,9999.000,9999.000,9999.000,9999.000,9999.000
202602270148,  -0.810,9999.000,9999.000,9999.000,9999.000,9999.000,9999.000,9999.000,9999.000
202602270154,  -0.867,9999.000,9999.000,9999.000,9999.000,9999.000,9999.000,9999.000,9999.000
202602270200,  -0.917,9999.000,   0.500,  -0.111,  -0.528,   0.400,  -0.628,   0.600,  -0.428
202602270206,  -0.961,9999.000,9999.000,9999.000,9999.000,9999.000,9999.000,9999.000,9999.000
202602270212,  -0.998,9999.000,9999.000,9999.000,9999.000,9999.000,9999.000,9999.000,9999.000
202602270218,  -1.028,9999.000,9999.000,9999.000,9999.000,9999.000,9999.000,9999.000,9999.000
202602270224,  -1.052,9999.000,9999.000,9999.000,9999.000,9999.000,9999.000,9999.000,9999.000
202602270230,  -1.069,9999.000,9999.000,9999.000,9999.000,9999.000,9999.000,9999.000,9999.000
202602270236,  -1.080,9999.000,9999.000,9999.000,9999.000,9999.000,9999.000,9999.000,9999.000
202602270242,  -1.085,9999.000,9999.000,9999.000,9999.000,9999.000,9999.000,9999.000,9999.000
202602270248,  -1.083,9999.000,9999.000,9999.000,9999.000,9999.000,9999.000,9999.000,9999.000
202602270254,  -1.076,9999.000,9999.000,9999.000,9999.000,9999.000,9999.000,9999.000,9999.000
202602270300,  -1.062,9999.000,   0.500,  -0.162,  -0.724,   0.400,  -0.824,   0.600,  -0.624
202602270306,  -1.042,9999.000,9999.000,9999.000,9999.000,9999.000,9999.000,9999.000,9999.000
202602270312,  -1.016,9999.000,9999.000,9999.000,9999.000,9999.000,9999.000,9999.000,9999.000
202602270318,  -0.984,9999.000,9999.000,9999.000,9999.000,9999.000,9999.000,9999.000,9999.000
202602270324,  -0.946,9999.000,9999.000,9999.000,9999.000,9999.000,9999.000,9999.000,9999.000
202602270330,  -0.903,9999.000,9999.000,9999.000,9999.000,9999.000,9999.000,9999.000,9999.000
202602270336,  -0.854,9999.000,9999.000,9999.000,9999.000,9999.000,9999.000,9999.000,9999.000
202602270342,  -0.800,9999.000,9999.000,9999.000,9999.000,9999.000,9999.000,9999.000,9999.000
202602270348,  -0.739,9999.000,9999.000,9999.000,9999.000,9999.000,9999.000,9999.000,9999.000
202602270354,  -0.674,9999.000,9999.000,9999.000,9999.000,9999.000,9999.000,9999.000,9999.000
202602270400,  -0.603,9999.000,   0.500,  -0.144,  -0.247,   0.400,  -0.347,   0.600,  -0.147
202602270406,  -0.527,9999.000,9999.000,9999.000,9999.000,9999.000,9999.000,9999.000,9999.000
202602270412,  -0.445,9999.000,9999.000,9999.000,9999.000,9999.000,9999.000,9999.000,9999.000
202602270418,  -0.359,9999.000,9999.000,9999.000,9999.000,9999.000,9999.000,9999.000,9999.000
202602270424,  -0.267,9999.000,9999.000,9999.000,9999.000,9999.000,9999.000,9999.000,9999.000
202602270430,  -0.171,9999.000,9999.000,9999.000,9999.000,9999.000,9999.000,9999.000,9999.000
202602270436,  -0.070,9999.000,9999.000,9999.000,9999.000,9999.000,9999.000,9999.000,9999.000
202602270442,   0.035,9999.000,9999.000,9999.000,9999.000,9999.000,9999.000,9999.000,9999.000
202602270448,   0.145,9999.000,9999.000,9999.000,9999.000,9999.000,9999.000,9999.000,9999.000
202602270454,   0.260,9999.000,9999.000,9999.000,9999.000,9999.000,9999.000,9999.000,9999.000
202602270500,   0.378,9999.000,   0.500,  -0.071,   0.807,   0.400,   0.707,   0.500,   0.807
202602270506,   0.501,9999.000,9999.000,9999.000,9999.000,9999.000,9999.000,9999.000,9999.000
202602270512,   0.627,9999.000,9999.000,9999.000,9999.000,9999.000,9999.000,9999.000,9999.000
202602270518,   0.757,9999.000,9999.000,9999.000,9999.000,9999.000,9999.000,9999.000,9999.000
202602270524,   0.890,9999.000,9999.000,9999.000,9999.000,9999.000,9999.000,9999.000,9999.000
202602270530,   1.026,9999.000,9999.000,9999.000,9999.000,9999.000,9999.000,9999.000,9999.000
202602270536,   1.165,9999.000,9999.000,9999.000,9999.000,9999.000,9999.000,9999.000,9999.000
202602270542,   1.306,9999.000,9999.000,9999.000,9999.000,9999.000,9999.000,9999.000,9999.000
202602270548,   1.450,9999.000,9999.000,9999.000,9999.000,9999.000,9999.000,9999.000,9999.000
202602270554,   1.596,9999.000,9999.000,9999.000,9999.000,9999.000,9999.000,9999.000,9999.000
202602270600,   1.743,9999.000,   0.400,  -0.009,   2.134,   0.400,   2.134,   0.500,   2.234
202602270606,   1.892,9999.000,9999.000,9999.000,9999.000,9999.000,9999.000,9999.000,9999.000
202602270612,   2.043,9999.000,9999.000,9999.000,9999.000,9999.000,9999.000,9999.000,9999.000
202602270618,   2.195,9999.000,9999.000,9999.000,9999.000,9999.000,9999.000,9999.000,9999.000
202602270624,   2.348,9999.000,9999.000,9999.000,9999.000,9999.000,9999.000,9999.000,9999.000
202602270630,   2.501,9999.000,9999.000,9999.000,9999.000,9999.000,9999.000,9999.000,9999.000
202602270636,   2.655,9999.000,9999.000,9999.000,9999.000,9999.000,9999.000,9999.000,9999.000
202602270642,   2.809,9999.000,9999.000,9999.000,9999.000,9999.000,9999.000,9999.000,9999.000
202602270648,   2.964,9999.000,9999.000,9999.000,9999.000,9999.000,9999.000,9999.000,9999.000
202602270654,   3.119,9999.000,9999.000,9999.000,9999.000,9999.000,9999.000,9999.000,9999.000
202602270700,   3.273,9999.000,   0.500,   0.038,   3.811,   0.400,   3.711,   0.600,   3.911
202602270706,   3.428,9999.000,9999.000,9999.000,9999.000,9999.000,9999.000,9999.000,9999.000
202602270712,   3.581,9999.000,9999.000,9999.000,9999.000,9999.000,9999.000,9999.000,9999.000
202602270718,   3.735,9999.000,9999.000,9999.000,9999.000,9999.000,9999.000,9999.000,9999.000
202602270724,   3.888,9999.000,9999.000,9999.000,9999.000,9999.000,9999.000,9999.000,9999.000
202602270730,   4.040,9999.000,9999.000,9999.000,9999.000,9999.000,9999.000,9999.000,9999.000
202602270736,   4.191,9999.000,9999.000,9999.000,9999.000,9999.000,9999.000,9999.000,9999.000
202602270742,   4.341,9999.000,9999.000,9999.000,9999.000,9999.000,9999.000,9999.000,9999.000
202602270748,   4.490,9999.000,9999.000,9999.000,9999.000,9999.000,9999.000,9999.000,9999.000
202602270754,   4.638,9999.000,9999.000,9999.000,9999.000,9999.000,9999.000,9999.000,9999.000
202602270800,   4.785,9999.000,   0.500,   0.125,   5.410,   0.500,   5.410,   0.600,   5.510
202602270806,   4.930,9999.000,9999.000,9999.000,9999.000,9999.000,9999.000,9999.000,9999.000
202602270812,   5.074,9999.000,9999.000,9999.000,9999.000,9999.000,9999.000,9999.000,9999.000
202602270818,   5.216,9999.000,9999.000,9999.000,9999.000,9999.000,9999.000,9999.000,9999.000
202602270824,   5.356,9999.000,9999.000,9999.000,9999.000,9999.000,9999.000,9999.000,9999.000
202602270830,   5.495,9999.000,9999.000,9999.000,9999.000,9999.000,9999.000,9999.000,9999.000
202602270836,   5.631,9999.000,9999.000,9999.000,9999.000,9999.000,9999.000,9999.000,9999.000
202602270842,   5.765,9999.000,9999.000,9999.000,9999.000,9999.000,9999.000,9999.000,9999.000
202602270848,   5.896,9999.000,9999.000,9999.000,9999.000,9999.000,9999.000,9999.000,9999.000
202602270854,   6.025,9999.000,9999.000,9999.000,9999.000,9999.000,9999.000,9999.000,9999.000
202602270900,   6.152,9999.000,   0.500,   0.244,   6.896,   0.400,   6.796,   0.600,   6.996
202602270906,   6.275,9999.000,9999.000,9999.000,9999.000,9999.000,9999.000,9999.000,9999.000
202602270912,   6.395,9999.000,9999.000,9999.000,9999.000,9999.000,9999.000,9999.000,9999.000
202602270918,   6.512,9999.000,9999.000,9999.000,9999.000,9999.000,9999.000,9999.000,9999.000
202602270924,   6.626,9999.000,9999.000,9999.000,9999.000,9999.000,9999.000,9999.000,9999.000
202602270930,   6.736,9999.000,9999.000,9999.000,9999.000,9999.000,9999.000,9999.000,9999.000
202602270936,   6.843,9999.000,9999.000,9999.000,9999.000,9999.000,9999.000,9999.000,9999.000
202602270942,   6.945,9999.000,9999.000,9999.000,9999.000,9999.000,9999.000,9999.000,9999.000
202602270948,   7.044,9999.000,9999.000,9999.000,9999.000,9999.000,9999.000,9999.000,9999.000
202602270954,   7.138,9999.000,9999.000,9999.000,9999.000,9999.000,9999.000,9999.000,9999.000
202602271000,   7.228,9999.000,   0.400,   0.320,   7.948,   0.300,   7.848,   0.500,   8.048
202602271006,   7.314,9999.000,9999.000,9999.000,9999.000,9999.000,9999.000,9999.000,9999.000
202602271012,   7.395,9999.000,9999.000,9999.000,9999.000,9999.000,9999.000,9999.000,9999.000
202602271018,   7.472,9999.000,9999.000,9999.000,9999.000,9999.000,9999.000,9999.000,9999.000
202602271024,   7.544,9999.000,9999.000,9999.000,9999.000,9999.000,9999.000,9999.000,9999.000
202602271030,   7.611,9999.000,9999.000,9999.000,9999.000,9999.000,9999.000,9999.000,9999.000
202602271036,   7.673,9999.000,9999.000,9999.000,9999.000,9999.000,9999.000,9999.000,9999.000
202602271042,   7.731,9999.000,9999.000,9999.000,9999.000,9999.000,9999.000,9999.000,9999.000
202602271048,   7.783,9999.000,9999.000,9999.000,9999.000,9999.000,9999.000,9999.000,9999.000
202602271054,   7.831,9999.000,9999.000,9999.000,9999.000,9999.000,9999.000,9999.000,9999.000
202602271100,   7.874,9999.000,   0.400,   0.334,   8.608,   0.400,   8.608,   0.500,   8.708
202602271106,   7.912,9999.000,9999.000,9999.000,9999.000,9999.000,9999.000,9999.000,9999.000
202602271112,   7.945,9999.000,9999.000,9999.000,9999.000,9999.000,9999.000,9999.000,9999.000
202602271118,   7.974,9999.000,9999.000,9999.000,9999.000,9999.000,9999.000,9999.000,9999.000
202602271124,   7.997,9999.000,9999.000,9999.000,9999.000,9999.000,9999.000,9999.000,9999.000
202602271130,   8.017,9999.000,9999.000,9999.000,9999.000,9999.000,9999.000,9999.000,9999.000
202602271136,   8.032,9999.000,9999.000,9999.000,9999.000,9999.000,9999.000,9999.000,9999.000
202602271142,   8.042,9999.000,9999.000,9999.000,9999.000,9999.000,9999.000,9999.000,9999.000
202602271148,   8.049,9999.000,9999.000,9999.000,9999.000,9999.000,9999.000,9999.000,9999.000
202602271154,   8.052,9999.000,9999.000,9999.000,9999.000,9999.000,9999.000,9999.000,9999.000
202602271200,   8.051,9999.000,   0.500,   0.336,   8.887,   0.400,   8.787,   0.600,   8.987
202602271206,   8.046,9999.000,9999.000,9999.000,9999.000,9999.000,9999.000,9999.000,9999.000
202602271212,   8.039,9999.000,9999.000,9999.000,9999.000,9999.000,9999.000,9999.000,9999.000
202602271218,   8.028,9999.000,9999.000,9999.000,9999.000,9999.000,9999.000,9999.000,9999.000
202602271224,   8.014,9999.000,9999.000,9999.000,9999.000,9999.000,9999.000,9999.000,9999.000
202602271230,   7.998,9999.000,9999.000,9999.000,9999.000,9999.000,9999.000,9999.000,9999.000
202602271236,   7.980,9999.000,9999.000,9999.000,9999.000,9999.000,9999.000,9999.000,9999.000
202602271242,   7.959,9999.000,9999.000,9999.000,9999.000,9999.000,9999.000,9999.000,9999.000
202602271248,   7.937,9999.000,9999.000,9999.000,9999.000,9999.000,9999.000,9999.000,9999.000
202602271254,   7.913,9999.000,9999.000,9999.000,9999.000,9999.000,9999.000,9999.000,9999.000
202602271300,   7.888,9999.000,   0.500,   0.345,   8.733,   0.400,   8.633,   0.600,   8.833
202602271306,   7.861,9999.000,9999.000,9999.000,9999.000,9999.000,9999.000,9999.000,9999.000
202602271312,   7.834,9999.000,9999.000,9999.000,9999.000,9999.000,9999.000,9999.000,9999.000
202602271318,   7.807,9999.000,9999.000,9999.000,9999.000,9999.000,9999.000,9999.000,9999.000
202602271324,   7.779,9999.000,9999.000,9999.000,9999.000,9999.000,9999.000,9999.000,9999.000
202602271330,   7.751,9999.000,9999.000,9999.000,9999.000,9999.000,9999.000,9999.000,9999.000
202602271336,   7.723,9999.000,9999.000,9999.000,9999.000,9999.000,9999.000,9999.000,9999.000
202602271342,   7.695,9999.000,9999.000,9999.000,9999.000,9999.000,9999.000,9999.000,9999.000
202602271348,   7.667,9999.000,9999.000,9999.000,9999.000,9999.000,9999.000,9999.000,9999.000
202602271354,   7.640,9999.000,9999.000,9999.000,9999.000,9999.000,9999.000,9999.000,9999.000
202602271400,   7.613,9999.000,   0.400,   0.324,   8.337,   0.300,   8.237,   0.500,   8.437
202602271406,   7.588,9999.000,9999.000,9999.000,9999.000,9999.000,9999.000,9999.000,9999.000
202602271412,   7.562,9999.000,9999.000,9999.000,9999.000,9999.000,9999.000,9999.000,9999.000
202602271418,   7.538,9999.000,9999.000,9999.000,9999.000,9999.000,9999.000,9999.000,9999.000
202602271424,   7.515,9999.000,9999.000,9999.000,9999.000,9999.000,9999.000,9999.000,9999.000
202602271430,   7.492,9999.000,9999.000,9999.000,9999.000,9999.000,9999.000,9999.000,9999.000
202602271436,   7.471,9999.000,9999.000,9999.000,9999.000,9999.000,9999.000,9999.000,9999.000
202602271442,   7.450,9999.000,9999.000,9999.000,9999.000,9999.000,9999.000,9999.000,9999.000
202602271448,   7.431,9999.000,9999.000,9999.000,9999.000,9999.000,9999.000,9999.000,9999.000
202602271454,   7.412,9999.000,9999.000,9999.000,9999.000,9999.000,9999.000,9999.000,9999.000
202602271500,   7.395,9999.000,   0.400,   0.264,   8.059,   0.300,   7.959,   0.500,   8.159
202602271506,   7.378,9999.000,9999.000,9999.000,9999.000,9999.000,9999.000,9999.000,9999.000
202602271512,   7.363,9999.000,9999.000,9999.000,9999.000,9999.000,9999.000,9999.000,9999.000
202602271518,   7.349,9999.000,9999.000,9999.000,9999.000,9999.000,9999.000,9999.000,9999.000
202602271524,   7.335,9999.000,9999.000,9999.000,9999.000,9999.000,9999.000,9999.000,9999.000
202602271530,   7.323,9999.000,9999.000,9999.000,9999.000,9999.000,9999.000,9999.000,9999.000
202602271536,   7.312,9999.000,9999.000,9999.000,9999.000,9999.000,9999.000,9999.000,9999.000
202602271542,   7.302,9999.000,9999.000,9999.000,9999.000,9999.000,9999.000,9999.000,9999.000
202602271548,   7.293,9999.000,9999.000,9999.000,9999.000,9999.000,9999.000,9999.000,9999.000
202602271554,   7.285,9999.000,9999.000,9999.000,9999.000,9999.000,9999.000,9999.000,9999.000
202602271600,   7.278,9999.000,   0.400,   0.199,   7.877,   0.400,   7.877,   0.500,   7.977
202602271606,   7.272,9999.000,9999.000,9999.000,9999.000,9999.000,9999.000,9999.000,9999.000
202602271612,   7.268,9999.000,9999.000,9999.000,9999.000,9999.000,9999.000,9999.000,9999.000
202602271618,   7.265,9999.000,9999.000,9999.000,9999.000,9999.000,9999.000,9999.000,9999.000
202602271624,   7.262,9999.000,9999.000,9999.000,9999.000,9999.000,9999.000,9999.000,9999.000
202602271630,   7.261,9999.000,9999.000,9999.000,9999.000,9999.000,9999.000,9999.000,9999.000
202602271636,   7.262,9999.000,9999.000,9999.000,9999.000,9999.000,9999.000,9999.000,9999.000
202602271642,   7.263,9999.000,9999.000,9999.000,9999.000,9999.000,9999.000,9999.000,9999.000
202602271648,   7.265,9999.000,9999.000,9999.000,9999.000,9999.000,9999.000,9999.000,9999.000
202602271654,   7.269,9999.000,9999.000,9999.000,9999.000,9999.000,9999.000,9999.000,9999.000
202602271700,   7.273,9999.000,   0.500,   0.123,   7.896,   0.400,   7.796,   0.600,   7.996
202602271706,   7.279,9999.000,9999.000,9999.000,9999.000,9999.000,9999.000,9999.000,9999.000
202602271712,   7.285,9999.000,9999.000,9999.000,9999.000,9999.000,9999.000,9999.000,9999.000
202602271718,   7.292,9999.000,9999.000,9999.000,9999.000,9999.000,9999.000,9999.000,9999.000
202602271724,   7.300,9999.000,9999.000,9999.000,9999.000,9999.000,9999.000,9999.000,9999.000
202602271730,   7.308,9999.000,9999.000,9999.000,9999.000,9999.000,9999.000,9999.000,9999.000
202602271736,   7.316,9999.000,9999.000,9999.000,9999.000,9999.000,9999.000,9999.000,9999.000
202602271742,   7.325,9999.000,9999.000,9999.000,9999.000,9999.000,9999.000,9999.000,9999.000
202602271748,   7.333,9999.000,9999.000,9999.000,9999.000,9999.000,9999.000,9999.000,9999.000
202602271754,   7.341,9999.000,9999.000,9999.000,9999.000,9999.000,9999.000,9999.000,9999.000
202602271800,   7.349,9999.000,   0.400,   0.002,   7.751,   0.300,   7.651,   0.500,   7.851
202602271806,   7.357,9999.000,9999.000,9999.000,9999.000,9999.000,9999.000,9999.000,9999.000
202602271812,   7.363,9999.000,9999.000,9999.000,9999.000,9999.000,9999.000,9999.000,9999.000
202602271818,   7.369,9999.000,9999.000,9999.000,9999.000,9999.000,9999.000,9999.000,9999.000
202602271824,   7.373,9999.000,9999.000,9999.000,9999.000,9999.000,9999.000,9999.000,9999.000
202602271830,   7.376,9999.000,9999.000,9999.000,9999.000,9999.000,9999.000,9999.000,9999.000
202602271836,   7.378,9999.000,9999.000,9999.000,9999.000,9999.000,9999.000,9999.000,9999.000
202602271842,   7.378,9999.000,9999.000,9999.000,9999.000,9999.000,9999.000,9999.000,9999.000
202602271848,   7.376,9999.000,9999.000,9999.000,9999.000,9999.000,9999.000,9999.000,9999.000
202602271854,   7.372,9999.000,9999.000,9999.000,9999.000,9999.000,9999.000,9999.000,9999.000
202602271900,   7.366,9999.000,   0.300,  -0.128,   7.538,   0.200,   7.438,   0.400,   7.638
202602271906,   7.358,9999.000,9999.000,9999.000,9999.000,9999.000,9999.000,9999.000,9999.000
202602271912,   7.347,9999.000,9999.000,9999.000,9999.000,9999.000,9999.000,9999.000,9999.000
202602271918,   7.334,9999.000,9999.000,9999.000,9999.000,9999.000,9999.000,9999.000,9999.000
202602271924,   7.318,9999.000,9999.000,9999.000,9999.000,9999.000,9999.000,9999.000,9999.000
202602271930,   7.299,9999.000,9999.000,9999.000,9999.000,9999.000,9999.000,9999.000,9999.000
202602271936,   7.278,9999.000,9999.000,9999.000,9999.000,9999.000,9999.000,9999.000,9999.000
202602271942,   7.254,9999.000,9999.000,9999.000,9999.000,9999.000,9999.000,9999.000,9999.000
202602271948,   7.227,9999.000,9999.000,9999.000,9999.000,9999.000,9999.000,9999.000,9999.000
202602271954,   7.197,9999.000,9999.000,9999.000,9999.000,9999.000,9999.000,9999.000,9999.000
202602272000,   7.164,9999.000,   0.400,  -0.178,   7.386,   0.300,   7.286,   0.400,   7.386
202602272006,   7.127,9999.000,9999.000,9999.000,9999.000,9999.000,9999.000,9999.000,9999.000
202602272012,   7.088,9999.000,9999.000,9999.000,9999.000,9999.000,9999.000,9999.000,9999.000
202602272018,   7.046,9999.000,9999.000,9999.000,9999.000,9999.000,9999.000,9999.000,9999.000
202602272024,   7.001,9999.000,9999.000,9999.000,9999.000,9999.000,9999.000,9999.000,9999.000
202602272030,   6.952,9999.000,9999.000,9999.000,9999.000,9999.000,9999.000,9999.000,9999.000
202602272036,   6.900,9999.000,9999.000,9999.000,9999.000,9999.000,9999.000,9999.000,9999.000
202602272042,   6.844,9999.000,9999.000,9999.000,9999.000,9999.000,9999.000,9999.000,9999.000
202602272048,   6.786,9999.000,9999.000,9999.000,9999.000,9999.000,9999.000,9999.000,9999.000
202602272054,   6.724,9999.000,9999.000,9999.000,9999.000,9999.000,9999.000,9999.000,9999.000
202602272100,   6.658,9999.000,   0.400,  -0.137,   6.921,   0.300,   6.821,   0.500,   7.021
202602272106,   6.589,9999.000,9999.000,9999.000,9999.000,9999.000,9999.000,9999.000,9999.000
202602272112,   6.516,9999.000,9999.000,9999.000,9999.000,9999.000,9999.000,9999.000,9999.000
202602272118,   6.439,9999.000,9999.000,9999.000,9999.000,9999.000,9999.000,9999.000,9999.000
202602272124,   6.359,9999.000,9999.000,9999.000,9999.000,9999.000,9999.000,9999.000,9999.000
202602272130,   6.275,9999.000,9999.000,9999.000,9999.000,9999.000,9999.000,9999.000,9999.000
202602272136,   6.187,9999.000,9999.000,9999.000,9999.000,9999.000,9999.000,9999.000,9999.000
202602272142,   6.095,9999.000,9999.000,9999.000,9999.000,9999.000,9999.000,9999.000,9999.000
202602272148,   5.999,9999.000,9999.000,9999.000,9999.000,9999.000,9999.000,9999.000,9999.000
202602272154,   5.899,9999.000,9999.000,9999.000,9999.000,9999.000,9999.000,9999.000,9999.000
202602272200,   5.796,9999.000,   0.400,  -0.084,   6.112,   0.300,   6.012,   0.500,   6.212
202602272206,   5.688,9999.000,9999.000,9999.000,9999.000,9999.000,9999.000,9999.000,9999.000
202602272212,   5.576,9999.000,9999.000,9999.000,9999.000,9999.000,9999.000,9999.000,9999.000
202602272218,   5.460,9999.000,9999.000,9999.000,9999.000,9999.000,9999.000,9999.000,9999.000
202602272224,   5.341,9999.000,9999.000,9999.000,9999.000,9999.000,9999.000,9999.000,9999.000
202602272230,   5.217,9999.000,9999.000,9999.000,9999.000,9999.000,9999.000,9999.000,9999.000
202602272236,   5.089,9999.000,9999.000,9999.000,9999.000,9999.000,9999.000,9999.000,9999.000
202602272242,   4.958,9999.000,9999.000,9999.000,9999.000,9999.000,9999.000,9999.000,9999.000
202602272248,   4.823,9999.000,9999.000,9999.000,9999.000,9999.000,9999.000,9999.000,9999.000
202602272254,   4.684,9999.000,9999.000,9999.000,9999.000,9999.000,9999.000,9999.000,9999.000
202602272300,   4.542,9999.000,   0.400,  -0.069,   4.873,   0.300,   4.773,   0.500,   4.973
202602272306,   4.396,9999.000,9999.000,9999.000,9999.000,9999.000,9999.000,9999.000,9999.000
202602272312,   4.247,9999.000,9999.000,9999.000,9999.000,9999.000,9999.000,9999.000,9999.000
202602272318,   4.095,9999.000,9999.000,9999.000,9999.000,9999.000,9999.000,9999.000,9999.000
202602272324,   3.940,9999.000,9999.000,9999.000,9999.000,9999.000,9999.000,9999.000,9999.000
202602272330,   3.783,9999.000,9999.000,9999.000,9999.000,9999.000,9999.000,9999.000,9999.000
202602272336,   3.623,9999.000,9999.000,9999.000,9999.000,9999.000,9999.000,9999.000,9999.000
202602272342,   3.461,9999.000,9999.000,9999.000,9999.000,9999.000,9999.000,9999.000,9999.000
202602272348,   3.297,9999.000,9999.000,9999.000,9999.000,9999.000,9999.000,9999.000,9999.000
202602272354,   3.132,9999.000,9999.000,9999.000,9999.000,9999.000,9999.000,9999.000,9999.000
202602280000,   2.965,9999.000,   0.400,  -0.069,   3.296,   0.300,   3.196,   0.500,   3.396
202602280006,   2.797,9999.000,9999.000,9999.000,9999.000,9999.000,9999.000,9999.000,9999.000
202602280012,   2.628,9999.000,9999.000,9999.000,9999.000,9999.000,9999.000,9999.000,9999.000
202602280018,   2.459,9999.000,9999.000,9999.000,9999.000,9999.000,9999.000,9999.000,9999.000
202602280024,   2.291,9999.000,9999.000,9999.000,9999.000,9999.000,9999.000,9999.000,9999.000
202602280030,   2.122,9999.000,9999.000,9999.000,9999.000,9999.000,9999.000,9999.000,9999.000
202602280036,   1.954,9999.000,9999.000,9999.000,9999.000,9999.000,9999.000,9999.000,9999.000
202602280042,   1.788,9999.000,9999.000,9999.000,9999.000,9999.000,9999.000,9999.000,9999.000
202602280048,   1.623,9999.000,9999.000,9999.000,9999.000,9999.000,9999.000,9999.000,9999.000
202602280054,   1.459,9999.000,9999.000,9999.000,9999.000,9999.000,9999.000,9999.000,9999.000
202602280100,   1.298,9999.000,   0.400,  -0.074,   1.624,   0.300,   1.524,   0.500,   1.724
202602280106,   1.140,9999.000,9999.000,9999.000,9999.000,9999.000,9999.000,9999.000,9999.000
202602280112,   0.985,9999.000,9999.000,9999.000,9999.000,9999.000,9999.000,9999.000,9999.000
202602280118,   0.833,9999.000,9999.000,9999.000,9999.000,9999.000,9999.000,9999.000,9999.000
202602280124,   0.684,9999.000,9999.000,9999.000,9999.000,9999.000,9999.000,9999.000,9999.000
202602280130,   0.540,9999.000,9999.000,9999.000,9999.000,9999.000,9999.000,9999.000,9999.000
202602280136,   0.401,9999.000,9999.000,9999.000,9999.000,9999.000,9999.000,9999.000,9999.000
202602280142,   0.266,9999.000,9999.000,9999.000,9999.000,9999.000,9999.000,9999.000,9999.000
202602280148,   0.136,9999.000,9999.000,9999.000,9999.000,9999.000,9999.000,9999.000,9999.000
202602280154,   0.011,9999.000,9999.000,9999.000,9999.000,9999.000,9999.000,9999.000,9999.000
202602280200,  -0.107,9999.000,   0.400,  -0.108,   0.185,   0.300,   0.085,   0.500,   0.285
202602280206,  -0.221,9999.000,9999.000,9999.000,9999.000,9999.000,9999.000,9999.000,9999.000
202602280212,  -0.328,9999.000,9999.000,9999.000,9999.000,9999.000,9999.000,9999.000,9999.000
202602280218,  -0.429,9999.000,9999.000,9999.000,9999.000,9999.000,9999.000,9999.000,9999.000
202602280224,  -0.524,9999.000,9999.000,9999.000,9999.000,9999.000,9999.000,9999.000,9999.000
202602280230,  -0.612,9999.000,9999.000,9999.000,9999.000,9999.000,9999.000,9999.000,9999.000
202602280236,  -0.694,9999.000,9999.000,9999.000,9999.000,9999.000,9999.000,9999.000,9999.000
202602280242,  -0.769,9999.000,9999.000,9999.000,9999.000,9999.000,9999.000,9999.000,9999.000
202602280248,  -0.838,9999.000,9999.000,9999.000,9999.000,9999.000,9999.000,9999.000,9999.000
202602280254,  -0.899,9999.000,9999.000,9999.000,9999.000,9999.000,9999.000,9999.000,9999.000
202602280300,  -0.954,9999.000,   0.400,  -0.149,  -0.703,   0.200,  -0.903,   0.500,  -0.603
202602280306,  -1.002,9999.000,9999.000,9999.000,9999.000,9999.000,9999.000,9999.000,9999.000
202602280312,  -1.043,9999.000,9999.000,9999.000,9999.000,9999.000,9999.000,9999.000,9999.000
202602280318,  -1.077,9999.000,9999.000,9999.000,9999.000,9999.000,9999.000,9999.000,9999.000
202602280324,  -1.105,9999.000,9999.000,9999.000,9999.000,9999.000,9999.000,9999.000,9999.000
202602280330,  -1.125,9999.000,9999.000,9999.000,9999.000,9999.000,9999.000,9999.000,9999.000
202602280336,  -1.139,9999.000,9999.000,9999.000,9999.000,9999.000,9999.000,9999.000,9999.000
202602280342,  -1.146,9999.000,9999.000,9999.000,9999.000,9999.000,9999.000,9999.000,9999.000
202602280348,  -1.146,9999.000,9999.000,9999.000,9999.000,9999.000,9999.000,9999.000,9999.000
202602280354,  -1.140,9999.000,9999.000,9999.000,9999.000,9999.000,9999.000,9999.000,9999.000
202602280400,  -1.127,9999.000,   0.500,  -0.146,  -0.773,   0.300,  -0.973,   0.600,  -0.673
202602280406,  -1.107,9999.000,9999.000,9999.000,9999.000,9999.000,9999.000,9999.000,9999.000
202602280412,  -1.081,9999.000,9999.000,9999.000,9999.000,9999.000,9999.000,9999.000,9999.000
202602280418,  -1.048,9999.000,9999.000,9999.000,9999.000,9999.000,9999.000,9999.000,9999.000
202602280424,  -1.009,9999.000,9999.000,9999.000,9999.000,9999.000,9999.000,9999.000,9999.000
202602280430,  -0.964,9999.000,9999.000,9999.000,9999.000,9999.000,9999.000,9999.000,9999.000
202602280436,  -0.912,9999.000,9999.000,9999.000,9999.000,9999.000,9999.000,9999.000,9999.000
202602280442,  -0.854,9999.000,9999.000,9999.000,9999.000,9999.000,9999.000,9999.000,9999.000
202602280448,  -0.790,9999.000,9999.000,9999.000,9999.000,9999.000,9999.000,9999.000,9999.000
202602280454,  -0.720,9999.000,9999.000,9999.000,9999.000,9999.000,9999.000,9999.000,9999.000
202602280500,  -0.644,9999.000,   0.400,  -0.104,  -0.348,   0.300,  -0.448,   0.500,  -0.248
202602280506,  -0.562,9999.000,9999.000,9999.000,9999.000,9999.000,9999.000,9999.000,9999.000
202602280512,  -0.475,9999.000,9999.000,9999.000,9999.000,9999.000,9999.000,9999.000,9999.000
202602280518,  -0.382,9999.000,9999.000,9999.000,9999.000,9999.000,9999.000,9999.000,9999.000
202602280524,  -0.283,9999.000,9999.000,9999.000,9999.000,9999.000,9999.000,9999.000,9999.000
202602280530,  -0.179,9999.000,9999.000,9999.000,9999.000,9999.000,9999.000,9999.000,9999.000
202602280536,  -0.070,9999.000,9999.000,9999.000,9999.000,9999.000,9999.000,9999.000,9999.000
202602280542,   0.043,9999.000,9999.000,9999.000,9999.000,9999.000,9999.000,9999.000,9999.000
202602280548,   0.162,9999.000,9999.000,9999.000,9999.000,9999.000,9999.000,9999.000,9999.000
202602280554,   0.285,9999.000,9999.000,9999.000,9999.000,9999.000,9999.000,9999.000,9999.000
202602280600,   0.412,9999.000,   0.300,  -0.074,   0.638,   0.200,   0.538,   0.500,   0.838
202602280606,   0.544,9999.000,9999.000,9999.000,9999.000,9999.000,9999.000,9999.000,9999.000
202602280612,   0.679,9999.000,9999.000,9999.000,9999.000,9999.000,9999.000,9999.000,9999.000
202602280618,   0.819,9999.000,9999.000,9999.000,9999.000,9999.000,9999.000,9999.000,9999.000
202602280624,   0.961,9999.000,9999.000,9999.000,9999.000,9999.000,9999.000,9999.000,9999.000
202602280630,   1.106,9999.000,9999.000,9999.000,9999.000,9999.000,9999.000,9999.000,9999.000
202602280636,   1.255,9999.000,9999.000,9999.000,9999.000,9999.000,9999.000,9999.000,9999.000
202602280642,   1.405,9999.000,9999.000,9999.000,9999.000,9999.000,9999.000,9999.000,9999.000
202602280648,   1.559,9999.000,9999.000,9999.000,9999.000,9999.000,9999.000,9999.000,9999.000
202602280654,   1.714,9999.000,9999.000,9999.000,9999.000,9999.000,9999.000,9999.000,9999.000
202602280700,   1.871,9999.000,   0.400,  -0.046,   2.225,   0.300,   2.125,   0.500,   2.325
202602280706,   2.030,9999.000,9999.000,9999.000,9999.000,9999.000,9999.000,9999.000,9999.000
202602280712,   2.190,9999.000,9999.000,9999.000,9999.000,9999.000,9999.000,9999.000,9999.000
202602280718,   2.351,9999.000,9999.000,9999.000,9999.000,9999.000,9999.000,9999.000,9999.000
202602280724,   2.513,9999.000,9999.000,9999.000,9999.000,9999.000,9999.000,9999.000,9999.000
202602280730,   2.676,9999.000,9999.000,9999.000,9999.000,9999.000,9999.000,9999.000,9999.000
202602280736,   2.840,9999.000,9999.000,9999.000,9999.000,9999.000,9999.000,9999.000,9999.000
202602280742,   3.004,9999.000,9999.000,9999.000,9999.000,9999.000,9999.000,9999.000,9999.000
202602280748,   3.168,9999.000,9999.000,9999.000,9999.000,9999.000,9999.000,9999.000,9999.000
202602280754,   3.333,9999.000,9999.000,9999.000,9999.000,9999.000,9999.000,9999.000,9999.000
202602280800,   3.497,9999.000,   0.500,   0.039,   4.036,   0.300,   3.836,   0.600,   4.136
202602280806,   3.661,9999.000,9999.000,9999.000,9999.000,9999.000,9999.000,9999.000,9999.000
202602280812,   3.825,9999.000,9999.000,9999.000,9999.000,9999.000,9999.000,9999.000,9999.000
202602280818,   3.988,9999.000,9999.000,9999.000,9999.000,9999.000,9999.000,9999.000,9999.000
202602280824,   4.151,9999.000,9999.000,9999.000,9999.000,9999.000,9999.000,9999.000,9999.000
202602280830,   4.313,9999.000,9999.000,9999.000,9999.000,9999.000,9999.000,9999.000,9999.000
202602280836,   4.474,9999.000,9999.000,9999.000,9999.000,9999.000,9999.000,9999.000,9999.000
202602280842,   4.634,9999.000,9999.000,9999.000,9999.000,9999.000,9999.000,9999.000,9999.000
202602280848,   4.793,9999.000,9999.000,9999.000,9999.000,9999.000,9999.000,9999.000,9999.000
202602280854,   4.950,9999.000,9999.000,9999.000,9999.000,9999.000,9999.000,9999.000,9999.000
202602280900,   5.106,9999.000,   0.400,   0.164,   5.670,   0.300,   5.570,   0.500,   5.770
202602280906,   5.260,9999.000,9999.000,9999.000,9999.000,9999.000,9999.000,9999.000,9999.000
202602280912,   5.412,9999.000,9999.000,9999.000,9999.000,9999.000,9999.000,9999.000,9999.000
202602280918,   5.562,9999.000,9999.000,9999.000,9999.000,9999.000,9999.000,9999.000,9999.000
202602280924,   5.710,9999.000,9999.000,9999.000,9999.000,9999.000,9999.000,9999.000,9999.000
202602280930,   5.855,9999.000,9999.000,9999.000,9999.000,9999.000,9999.000,9999.000,9999.000
202602280936,   5.998,9999.000,9999.000,9999.000,9999.000,9999.000,9999.000,9999.000,9999.000
202602280942,   6.137,9999.000,9999.000,9999.000,9999.000,9999.000,9999.000,9999.000,9999.000
202602280948,   6.274,9999.000,9999.000,9999.000,9999.000,9999.000,9999.000,9999.000,9999.000
202602280954,   6.407,9999.000,9999.000,9999.000,9999.000,9999.000,9999.000,9999.000,9999.000
202602281000,   6.536,9999.000,   0.300,   0.252,   7.088,   0.200,   6.988,   0.400,   7.188
202602281006,   6.662,9999.000,9999.000,9999.000,9999.000,9999.000,9999.000,9999.000,9999.000
202602281012,   6.783,9999.000,9999.000,9999.000,9999.000,9999.000,9999.000,9999.000,9999.000
202602281018,   6.901,9999.000,9999.000,9999.000,9999.000,9999.000,9999.000,9999.000,9999.000
202602281024,   7.014,9999.000,9999.000,9999.000,9999.000,9999.000,9999.000,9999.000,9999.000
202602281030,   7.122,9999.000,9999.000,9999.000,9999.000,9999.000,9999.000,9999.000,9999.000
202602281036,   7.226,9999.000,9999.000,9999.000,9999.000,9999.000,9999.000,9999.000,9999.000
202602281042,   7.325,9999.000,9999.000,9999.000,9999.000,9999.000,9999.000,9999.000,9999.000
202602281048,   7.418,9999.000,9999.000,9999.000,9999.000,9999.000,9999.000,9999.000,9999.000
202602281054,   7.507,9999.000,9999.000,9999.000,9999.000,9999.000,9999.000,9999.000,9999.000
202602281100,   7.590,9999.000,   0.300,   0.050,   7.940,   0.200,   7.840,   0.400,   8.040
202602281106,   7.667,9999.000,9999.000,9999.000,9999.000,9999.000,9999.000,9999.000,9999.000
202602281112,   7.739,9999.000,9999.000,9999.000,9999.000,9999.000,9999.000,9999.000,9999.000
202602281118,   7.805,9999.000,9999.000,9999.000,9999.000,9999.000,9999.000,9999.000,9999.000
202602281124,   7.866,9999.000,9999.000,9999.000,9999.000,9999.000,9999.000,9999.000,9999.000
202602281130,   7.920,9999.000,9999.000,9999.000,9999.000,9999.000,9999.000,9999.000,9999.000
202602281136,   7.969,9999.000,9999.000,9999.000,9999.000,9999.000,9999.000,9999.000,9999.000
202602281142,   8.012,9999.000,9999.000,9999.000,9999.000,9999.000,9999.000,9999.000,9999.000
202602281148,   8.049,9999.000,9999.000,9999.000,9999.000,9999.000,9999.000,9999.000,9999.000
202602281154,   8.081,9999.000,9999.000,9999.000,9999.000,9999.000,9999.000,9999.000,9999.000
202602281200,   8.107,9999.000,   0.400,   0.050,   8.557,   0.300,   8.457,   0.500,   8.657
