        TIME,    TIDE,      OB,   SURGE,    BIAS,     TWL,SURGE90p,  TWL90p,SURGE10p,   TWL10p
202604230600,   0.039,   1.669,   0.000,   1.630,   1.669,   0.000,   1.669,   0.100,   1.769
202604230606,   0.041,9999.000,9999.000,9999.000,9999.000,9999.000,9999.000,9999.000,9999.000
202604230612,   0.044,   1.649,9999.000,9999.000,9999.000,9999.000,9999.000,9999.000,9999.000
202604230618,   0.047,9999.000,9999.000,9999.000,9999.000,9999.000,9999.000,9999.000,9999.000
202604230624,   0.051,   1.420,9999.000,9999.000,9999.000,9999.000,9999.000,9999.000,9999.000
202604230630,   0.054,9999.000,9999.000,9999.000,9999.000,9999.000,9999.000,9999.000,9999.000
202604230636,   0.058,   1.590,9999.000,9999.000,9999.000,9999.000,9999.000,9999.000,9999.000
202604230642,   0.063,9999.000,9999.000,9999.000,9999.000,9999.000,9999.000,9999.000,9999.000
202604230648,   0.067,   1.748,9999.000,9999.000,9999.000,9999.000,9999.000,9999.000,9999.000
202604230654,   0.072,9999.000,9999.000,9999.000,9999.000,9999.000,9999.000,9999.000,9999.000
202604230700,   0.077,9999.000,   0.100,9999.000,   0.177,   0.000,   0.077,   0.200,   0.277
202604230706,   0.083,9999.000,9999.000,9999.000,9999.000,9999.000,9999.000,9999.000,9999.000
202604230712,   0.088,   1.361,9999.000,9999.000,9999.000,9999.000,9999.000,9999.000,9999.000
202604230718,   0.093,   1.528,9999.000,9999.000,9999.000,9999.000,9999.000,9999.000,9999.000
202604230724,   0.099,   1.518,9999.000,9999.000,9999.000,9999.000,9999.000,9999.000,9999.000
202604230730,   0.104,   1.649,9999.000,9999.000,9999.000,9999.000,9999.000,9999.000,9999.000
202604230736,   0.110,   1.498,9999.000,9999.000,9999.000,9999.000,9999.000,9999.000,9999.000
202604230742,   0.115,   1.400,9999.000,9999.000,9999.000,9999.000,9999.000,9999.000,9999.000
202604230748,   0.121,   1.328,9999.000,9999.000,9999.000,9999.000,9999.000,9999.000,9999.000
202604230754,   0.126,   1.361,9999.000,9999.000,9999.000,9999.000,9999.000,9999.000,9999.000
202604230800,   0.131,   1.229,   0.100,   0.998,   1.229,   0.000,   1.129,   0.200,   1.329
202604230806,   0.136,   1.410,9999.000,9999.000,9999.000,9999.000,9999.000,9999.000,9999.000
202604230812,   0.141,   1.200,9999.000,9999.000,9999.000,9999.000,9999.000,9999.000,9999.000
202604230818,   0.145,   1.479,9999.000,9999.000,9999.000,9999.000,9999.000,9999.000,9999.000
202604230824,   0.149,   1.259,9999.000,9999.000,9999.000,9999.000,9999.000,9999.000,9999.000
202604230830,   0.153,   1.210,9999.000,9999.000,9999.000,9999.000,9999.000,9999.000,9999.000
202604230836,   0.157,   1.459,9999.000,9999.000,9999.000,9999.000,9999.000,9999.000,9999.000
202604230842,   0.161,   1.210,9999.000,9999.000,9999.000,9999.000,9999.000,9999.000,9999.000
202604230848,   0.164,   1.289,9999.000,9999.000,9999.000,9999.000,9999.000,9999.000,9999.000
202604230854,   0.167,   1.380,9999.000,9999.000,9999.000,9999.000,9999.000,9999.000,9999.000
202604230900,   0.170,   1.449,   0.100,   1.179,   1.449,   0.000,   1.349,   0.200,   1.549
202604230906,   0.172,   1.610,9999.000,9999.000,9999.000,9999.000,9999.000,9999.000,9999.000
202604230912,   0.174,   1.371,9999.000,9999.000,9999.000,9999.000,9999.000,9999.000,9999.000
202604230918,   0.177,   1.548,9999.000,9999.000,9999.000,9999.000,9999.000,9999.000,9999.000
202604230924,   0.179,   1.538,9999.000,9999.000,9999.000,9999.000,9999.000,9999.000,9999.000
202604230930,   0.181,   1.348,9999.000,9999.000,9999.000,9999.000,9999.000,9999.000,9999.000
202604230936,   0.182,   1.410,9999.000,9999.000,9999.000,9999.000,9999.000,9999.000,9999.000
202604230942,   0.184,   1.557,9999.000,9999.000,9999.000,9999.000,9999.000,9999.000,9999.000
202604230948,   0.186,   1.380,9999.000,9999.000,9999.000,9999.000,9999.000,9999.000,9999.000
202604230954,   0.187,   1.459,9999.000,9999.000,9999.000,9999.000,9999.000,9999.000,9999.000
202604231000,   0.189,   1.489,   0.100,   1.200,   1.489,   0.000,   1.389,   0.200,   1.589
202604231006,   0.191,   1.508,9999.000,9999.000,9999.000,9999.000,9999.000,9999.000,9999.000
202604231012,   0.192,   1.361,9999.000,9999.000,9999.000,9999.000,9999.000,9999.000,9999.000
202604231018,   0.194,   1.469,9999.000,9999.000,9999.000,9999.000,9999.000,9999.000,9999.000
202604231024,   0.196,   1.308,9999.000,9999.000,9999.000,9999.000,9999.000,9999.000,9999.000
202604231030,   0.198,   1.249,9999.000,9999.000,9999.000,9999.000,9999.000,9999.000,9999.000
202604231036,   0.200,   1.439,9999.000,9999.000,9999.000,9999.000,9999.000,9999.000,9999.000
202604231042,   0.201,   1.229,9999.000,9999.000,9999.000,9999.000,9999.000,9999.000,9999.000
202604231048,   0.203,   1.180,9999.000,9999.000,9999.000,9999.000,9999.000,9999.000,9999.000
202604231054,   0.205,   1.371,9999.000,9999.000,9999.000,9999.000,9999.000,9999.000,9999.000
202604231100,   0.207,   1.269,   0.100,   0.962,   1.269,   0.000,   1.169,   0.300,   1.469
202604231106,   0.209,   1.338,9999.000,9999.000,9999.000,9999.000,9999.000,9999.000,9999.000
202604231112,   0.210,   1.289,9999.000,9999.000,9999.000,9999.000,9999.000,9999.000,9999.000
202604231118,   0.212,   1.420,9999.000,9999.000,9999.000,9999.000,9999.000,9999.000,9999.000
202604231124,   0.213,   1.039,9999.000,9999.000,9999.000,9999.000,9999.000,9999.000,9999.000
202604231130,   0.215,   1.138,9999.000,9999.000,9999.000,9999.000,9999.000,9999.000,9999.000
202604231136,   0.216,   1.079,9999.000,9999.000,9999.000,9999.000,9999.000,9999.000,9999.000
202604231142,   0.217,   1.118,9999.000,9999.000,9999.000,9999.000,9999.000,9999.000,9999.000
202604231148,   0.217,   1.118,9999.000,9999.000,9999.000,9999.000,9999.000,9999.000,9999.000
202604231154,   0.218,   1.020,9999.000,9999.000,9999.000,9999.000,9999.000,9999.000,9999.000
202604231200,   0.218,   1.190,   0.100,   0.872,   1.190,   0.000,   1.090,   0.100,   1.190
202604231206,   0.217,   1.161,9999.000,9999.000,9999.000,9999.000,9999.000,9999.000,9999.000
202604231212,   0.217,   1.049,9999.000,9999.000,9999.000,9999.000,9999.000,9999.000,9999.000
202604231218,   0.216,   1.200,9999.000,9999.000,9999.000,9999.000,9999.000,9999.000,9999.000
202604231224,   0.214,   1.279,9999.000,9999.000,9999.000,9999.000,9999.000,9999.000,9999.000
202604231230,   0.213,   1.269,9999.000,9999.000,9999.000,9999.000,9999.000,9999.000,9999.000
202604231236,   0.211,   1.328,9999.000,9999.000,9999.000,9999.000,9999.000,9999.000,9999.000
202604231242,   0.208,   1.279,9999.000,9999.000,9999.000,9999.000,9999.000,9999.000,9999.000
202604231248,   0.205,   1.410,9999.000,9999.000,9999.000,9999.000,9999.000,9999.000,9999.000
202604231254,   0.202,   1.928,9999.000,9999.000,9999.000,9999.000,9999.000,9999.000,9999.000
202604231300,   0.199,   1.479,   0.100,   1.180,   1.479,   0.000,   1.379,   0.100,   1.479
202604231306,   0.195,   1.699,9999.000,9999.000,9999.000,9999.000,9999.000,9999.000,9999.000
202604231312,   0.191,   1.620,9999.000,9999.000,9999.000,9999.000,9999.000,9999.000,9999.000
202604231318,   0.186,   1.498,9999.000,9999.000,9999.000,9999.000,9999.000,9999.000,9999.000
202604231324,   0.182,   1.498,9999.000,9999.000,9999.000,9999.000,9999.000,9999.000,9999.000
202604231330,   0.177,   1.600,9999.000,9999.000,9999.000,9999.000,9999.000,9999.000,9999.000
202604231336,   0.172,   1.380,9999.000,9999.000,9999.000,9999.000,9999.000,9999.000,9999.000
202604231342,   0.168,   1.528,9999.000,9999.000,9999.000,9999.000,9999.000,9999.000,9999.000
202604231348,   0.163,   1.459,9999.000,9999.000,9999.000,9999.000,9999.000,9999.000,9999.000
202604231354,   0.158,   1.649,9999.000,9999.000,9999.000,9999.000,9999.000,9999.000,9999.000
202604231400,   0.153,   1.758,   0.100,   1.505,   1.758,   0.100,   1.758,   0.100,   1.758
202604231406,   0.148,   1.590,9999.000,9999.000,9999.000,9999.000,9999.000,9999.000,9999.000
202604231412,   0.143,   1.518,9999.000,9999.000,9999.000,9999.000,9999.000,9999.000,9999.000
202604231418,   0.139,   1.557,9999.000,9999.000,9999.000,9999.000,9999.000,9999.000,9999.000
202604231424,   0.134,   1.548,9999.000,9999.000,9999.000,9999.000,9999.000,9999.000,9999.000
202604231430,   0.130,   1.338,9999.000,9999.000,9999.000,9999.000,9999.000,9999.000,9999.000
202604231436,   0.126,   1.328,9999.000,9999.000,9999.000,9999.000,9999.000,9999.000,9999.000
202604231442,   0.122,   1.479,9999.000,9999.000,9999.000,9999.000,9999.000,9999.000,9999.000
202604231448,   0.118,   1.170,9999.000,9999.000,9999.000,9999.000,9999.000,9999.000,9999.000
202604231454,   0.114,   1.239,9999.000,9999.000,9999.000,9999.000,9999.000,9999.000,9999.000
202604231500,   0.111,   1.118,   0.100,   0.907,   1.118,   0.100,   1.118,   0.200,   1.218
202604231506,   0.108,   1.108,9999.000,9999.000,9999.000,9999.000,9999.000,9999.000,9999.000
202604231512,   0.104,   1.239,9999.000,9999.000,9999.000,9999.000,9999.000,9999.000,9999.000
202604231518,   0.102,   1.308,9999.000,9999.000,9999.000,9999.000,9999.000,9999.000,9999.000
202604231524,   0.099,   1.338,9999.000,9999.000,9999.000,9999.000,9999.000,9999.000,9999.000
202604231530,   0.096,   1.279,9999.000,9999.000,9999.000,9999.000,9999.000,9999.000,9999.000
202604231536,   0.093,   1.200,9999.000,9999.000,9999.000,9999.000,9999.000,9999.000,9999.000
202604231542,   0.091,   1.308,9999.000,9999.000,9999.000,9999.000,9999.000,9999.000,9999.000
202604231548,   0.088,   1.229,9999.000,9999.000,9999.000,9999.000,9999.000,9999.000,9999.000
202604231554,   0.086,   1.338,9999.000,9999.000,9999.000,9999.000,9999.000,9999.000,9999.000
202604231600,   0.083,   1.170,   0.100,   0.987,   1.170,   0.100,   1.170,   0.200,   1.270
202604231606,   0.081,   1.069,9999.000,9999.000,9999.000,9999.000,9999.000,9999.000,9999.000
202604231612,   0.078,   1.098,9999.000,9999.000,9999.000,9999.000,9999.000,9999.000,9999.000
202604231618,   0.076,   1.118,9999.000,9999.000,9999.000,9999.000,9999.000,9999.000,9999.000
202604231624,   0.073,   0.741,9999.000,9999.000,9999.000,9999.000,9999.000,9999.000,9999.000
202604231630,   0.070,   0.718,9999.000,9999.000,9999.000,9999.000,9999.000,9999.000,9999.000
202604231636,   0.067,   0.800,9999.000,9999.000,9999.000,9999.000,9999.000,9999.000,9999.000
202604231642,   0.064,   0.531,9999.000,9999.000,9999.000,9999.000,9999.000,9999.000,9999.000
202604231648,   0.061,   0.429,9999.000,9999.000,9999.000,9999.000,9999.000,9999.000,9999.000
202604231654,   0.058,   0.449,9999.000,9999.000,9999.000,9999.000,9999.000,9999.000,9999.000
202604231700,   0.055,   0.619,   0.100,   0.464,   0.619,   0.100,   0.619,   0.200,   0.719
202604231706,   0.052,   0.590,9999.000,9999.000,9999.000,9999.000,9999.000,9999.000,9999.000
202604231712,   0.048,   0.590,9999.000,9999.000,9999.000,9999.000,9999.000,9999.000,9999.000
202604231718,   0.045,   0.751,9999.000,9999.000,9999.000,9999.000,9999.000,9999.000,9999.000
202604231724,   0.042,   0.698,9999.000,9999.000,9999.000,9999.000,9999.000,9999.000,9999.000
202604231730,   0.038,   0.678,9999.000,9999.000,9999.000,9999.000,9999.000,9999.000,9999.000
202604231736,   0.035,   0.629,9999.000,9999.000,9999.000,9999.000,9999.000,9999.000,9999.000
202604231742,   0.032,   0.819,9999.000,9999.000,9999.000,9999.000,9999.000,9999.000,9999.000
202604231748,   0.029,   0.819,9999.000,9999.000,9999.000,9999.000,9999.000,9999.000,9999.000
202604231754,   0.027,   0.990,9999.000,9999.000,9999.000,9999.000,9999.000,9999.000,9999.000
202604231800,   0.024,   0.928,   0.100,   0.804,   0.928,   0.100,   0.928,   0.200,   1.028
202604231806,   0.022,   0.908,9999.000,9999.000,9999.000,9999.000,9999.000,9999.000,9999.000
202604231812,   0.020,   0.908,9999.000,9999.000,9999.000,9999.000,9999.000,9999.000,9999.000
202604231818,   0.018,   0.928,9999.000,9999.000,9999.000,9999.000,9999.000,9999.000,9999.000
202604231824,   0.017,   0.990,9999.000,9999.000,9999.000,9999.000,9999.000,9999.000,9999.000
202604231830,   0.016,   1.229,9999.000,9999.000,9999.000,9999.000,9999.000,9999.000,9999.000
202604231836,   0.015,   1.088,9999.000,9999.000,9999.000,9999.000,9999.000,9999.000,9999.000
202604231842,   0.014,   1.098,9999.000,9999.000,9999.000,9999.000,9999.000,9999.000,9999.000
202604231848,   0.014,   1.371,9999.000,9999.000,9999.000,9999.000,9999.000,9999.000,9999.000
202604231854,   0.015,   1.390,9999.000,9999.000,9999.000,9999.000,9999.000,9999.000,9999.000
202604231900,   0.015,   1.420,   0.100,   1.305,   1.420,   0.100,   1.420,   0.200,   1.520
202604231906,   0.016,   1.518,9999.000,9999.000,9999.000,9999.000,9999.000,9999.000,9999.000
202604231912,   0.017,   1.528,9999.000,9999.000,9999.000,9999.000,9999.000,9999.000,9999.000
202604231918,   0.019,   1.528,9999.000,9999.000,9999.000,9999.000,9999.000,9999.000,9999.000
202604231924,   0.020,   1.328,9999.000,9999.000,9999.000,9999.000,9999.000,9999.000,9999.000
202604231930,   0.022,   1.508,9999.000,9999.000,9999.000,9999.000,9999.000,9999.000,9999.000
202604231936,   0.024,   1.269,9999.000,9999.000,9999.000,9999.000,9999.000,9999.000,9999.000
202604231942,   0.027,   1.328,9999.000,9999.000,9999.000,9999.000,9999.000,9999.000,9999.000
202604231948,   0.029,   1.758,9999.000,9999.000,9999.000,9999.000,9999.000,9999.000,9999.000
202604231954,   0.031,   1.239,9999.000,9999.000,9999.000,9999.000,9999.000,9999.000,9999.000
202604232000,   0.034,   1.410,   0.100,   1.276,   1.410,   0.100,   1.410,   0.200,   1.510
202604232006,   0.036,   1.620,9999.000,9999.000,9999.000,9999.000,9999.000,9999.000,9999.000
202604232012,   0.039,   1.580,9999.000,9999.000,9999.000,9999.000,9999.000,9999.000,9999.000
202604232018,   0.041,   1.469,9999.000,9999.000,9999.000,9999.000,9999.000,9999.000,9999.000
202604232024,   0.044,   1.899,9999.000,9999.000,9999.000,9999.000,9999.000,9999.000,9999.000
202604232030,   0.046,   1.899,9999.000,9999.000,9999.000,9999.000,9999.000,9999.000,9999.000
202604232036,   0.048,   1.679,9999.000,9999.000,9999.000,9999.000,9999.000,9999.000,9999.000
202604232042,   0.050,   1.630,9999.000,9999.000,9999.000,9999.000,9999.000,9999.000,9999.000
202604232048,   0.051,   1.738,9999.000,9999.000,9999.000,9999.000,9999.000,9999.000,9999.000
202604232054,   0.053,   1.610,9999.000,9999.000,9999.000,9999.000,9999.000,9999.000,9999.000
202604232100,   0.054,   1.669,   0.100,   1.515,   1.669,   0.100,   1.669,   0.200,   1.769
202604232106,   0.055,   1.571,9999.000,9999.000,9999.000,9999.000,9999.000,9999.000,9999.000
202604232112,   0.056,   1.449,9999.000,9999.000,9999.000,9999.000,9999.000,9999.000,9999.000
202604232118,   0.057,   1.400,9999.000,9999.000,9999.000,9999.000,9999.000,9999.000,9999.000
202604232124,   0.058,   1.151,9999.000,9999.000,9999.000,9999.000,9999.000,9999.000,9999.000
202604232130,   0.058,   1.728,9999.000,9999.000,9999.000,9999.000,9999.000,9999.000,9999.000
202604232136,   0.058,   1.479,9999.000,9999.000,9999.000,9999.000,9999.000,9999.000,9999.000
202604232142,   0.059,   1.600,9999.000,9999.000,9999.000,9999.000,9999.000,9999.000,9999.000
202604232148,   0.059,   1.249,9999.000,9999.000,9999.000,9999.000,9999.000,9999.000,9999.000
202604232154,   0.059,   1.420,9999.000,9999.000,9999.000,9999.000,9999.000,9999.000,9999.000
202604232200,   0.059,   1.449,   0.100,   1.290,   1.449,   0.100,   1.449,   0.200,   1.549
202604232206,   0.059,   1.528,9999.000,9999.000,9999.000,9999.000,9999.000,9999.000,9999.000
202604232212,   0.059,   1.469,9999.000,9999.000,9999.000,9999.000,9999.000,9999.000,9999.000
202604232218,   0.059,   1.308,9999.000,9999.000,9999.000,9999.000,9999.000,9999.000,9999.000
202604232224,   0.060,   1.380,9999.000,9999.000,9999.000,9999.000,9999.000,9999.000,9999.000
202604232230,   0.060,   1.249,9999.000,9999.000,9999.000,9999.000,9999.000,9999.000,9999.000
202604232236,   0.060,   1.469,9999.000,9999.000,9999.000,9999.000,9999.000,9999.000,9999.000
202604232242,   0.061,   1.161,9999.000,9999.000,9999.000,9999.000,9999.000,9999.000,9999.000
202604232248,   0.062,   1.151,9999.000,9999.000,9999.000,9999.000,9999.000,9999.000,9999.000
202604232254,   0.062,   1.010,9999.000,9999.000,9999.000,9999.000,9999.000,9999.000,9999.000
202604232300,   0.063,   1.180,   0.100,   1.017,   1.180,   0.000,   1.080,   0.200,   1.280
202604232306,   0.064,   1.298,9999.000,9999.000,9999.000,9999.000,9999.000,9999.000,9999.000
202604232312,   0.066,   1.269,9999.000,9999.000,9999.000,9999.000,9999.000,9999.000,9999.000
202604232318,   0.067,   1.430,9999.000,9999.000,9999.000,9999.000,9999.000,9999.000,9999.000
202604232324,   0.068,   1.229,9999.000,9999.000,9999.000,9999.000,9999.000,9999.000,9999.000
202604232330,   0.070,   1.210,9999.000,9999.000,9999.000,9999.000,9999.000,9999.000,9999.000
202604232336,   0.071,   1.400,9999.000,9999.000,9999.000,9999.000,9999.000,9999.000,9999.000
202604232342,   0.072,   1.180,9999.000,9999.000,9999.000,9999.000,9999.000,9999.000,9999.000
202604232348,   0.073,   1.079,9999.000,9999.000,9999.000,9999.000,9999.000,9999.000,9999.000
202604232354,   0.075,   1.430,9999.000,9999.000,9999.000,9999.000,9999.000,9999.000,9999.000
202604240000,   0.076,   1.489,   0.200,   1.213,   1.489,   0.100,   1.389,   0.200,   1.489
202604240006,   0.077,   1.361,9999.000,9999.000,9999.000,9999.000,9999.000,9999.000,9999.000
202604240012,   0.077,   1.348,9999.000,9999.000,9999.000,9999.000,9999.000,9999.000,9999.000
202604240018,   0.078,   1.318,9999.000,9999.000,9999.000,9999.000,9999.000,9999.000,9999.000
202604240024,   0.079,   1.289,9999.000,9999.000,9999.000,9999.000,9999.000,9999.000,9999.000
202604240030,   0.079,   1.669,9999.000,9999.000,9999.000,9999.000,9999.000,9999.000,9999.000
202604240036,   0.079,   1.469,9999.000,9999.000,9999.000,9999.000,9999.000,9999.000,9999.000
202604240042,   0.078,   1.479,9999.000,9999.000,9999.000,9999.000,9999.000,9999.000,9999.000
202604240048,   0.078,   1.738,9999.000,9999.000,9999.000,9999.000,9999.000,9999.000,9999.000
202604240054,   0.077,   1.430,9999.000,9999.000,9999.000,9999.000,9999.000,9999.000,9999.000
202604240100,   0.076,   1.439,   0.200,   1.163,   1.439,   0.100,   1.339,   0.200,   1.439
202604240106,   0.074,   1.538,9999.000,9999.000,9999.000,9999.000,9999.000,9999.000,9999.000
202604240112,   0.072,   1.400,9999.000,9999.000,9999.000,9999.000,9999.000,9999.000,9999.000
202604240118,   0.070,   1.269,9999.000,9999.000,9999.000,9999.000,9999.000,9999.000,9999.000
202604240124,   0.068,   1.508,9999.000,9999.000,9999.000,9999.000,9999.000,9999.000,9999.000
202604240130,   0.065,   1.538,9999.000,9999.000,9999.000,9999.000,9999.000,9999.000,9999.000
202604240136,   0.063,   1.210,9999.000,9999.000,9999.000,9999.000,9999.000,9999.000,9999.000
202604240142,   0.060,   1.371,9999.000,9999.000,9999.000,9999.000,9999.000,9999.000,9999.000
202604240148,   0.057,   1.361,9999.000,9999.000,9999.000,9999.000,9999.000,9999.000,9999.000
202604240154,   0.054,   1.659,9999.000,9999.000,9999.000,9999.000,9999.000,9999.000,9999.000
202604240200,   0.050,   1.338,   0.100,   1.188,   1.338,   0.100,   1.338,   0.200,   1.438
202604240206,   0.047,   1.420,9999.000,9999.000,9999.000,9999.000,9999.000,9999.000,9999.000
202604240212,   0.044,   1.420,9999.000,9999.000,9999.000,9999.000,9999.000,9999.000,9999.000
202604240218,   0.041,   1.679,9999.000,9999.000,9999.000,9999.000,9999.000,9999.000,9999.000
202604240224,   0.038,   1.528,9999.000,9999.000,9999.000,9999.000,9999.000,9999.000,9999.000
202604240230,   0.035,   1.649,9999.000,9999.000,9999.000,9999.000,9999.000,9999.000,9999.000
202604240236,   0.032,   1.479,9999.000,9999.000,9999.000,9999.000,9999.000,9999.000,9999.000
202604240242,   0.030,   1.571,9999.000,9999.000,9999.000,9999.000,9999.000,9999.000,9999.000
202604240248,   0.027,   1.328,9999.000,9999.000,9999.000,9999.000,9999.000,9999.000,9999.000
202604240254,   0.025,   1.269,9999.000,9999.000,9999.000,9999.000,9999.000,9999.000,9999.000
202604240300,   0.023,   1.338,   0.100,   1.215,   1.338,   0.100,   1.338,   0.200,   1.438
202604240306,   0.021,   1.410,9999.000,9999.000,9999.000,9999.000,9999.000,9999.000,9999.000
202604240312,   0.020,   1.498,9999.000,9999.000,9999.000,9999.000,9999.000,9999.000,9999.000
202604240318,   0.019,   1.308,9999.000,9999.000,9999.000,9999.000,9999.000,9999.000,9999.000
202604240324,   0.018,   1.528,9999.000,9999.000,9999.000,9999.000,9999.000,9999.000,9999.000
202604240330,   0.017,   1.528,9999.000,9999.000,9999.000,9999.000,9999.000,9999.000,9999.000
202604240336,   0.016,   1.590,9999.000,9999.000,9999.000,9999.000,9999.000,9999.000,9999.000
202604240342,   0.016,   1.767,9999.000,9999.000,9999.000,9999.000,9999.000,9999.000,9999.000
202604240348,   0.016,   1.918,9999.000,9999.000,9999.000,9999.000,9999.000,9999.000,9999.000
202604240354,   0.016,   1.548,9999.000,9999.000,9999.000,9999.000,9999.000,9999.000,9999.000
202604240400,   0.016,   1.518,   0.100,   1.402,   1.518,   0.000,   1.418,   0.100,   1.518
202604240406,   0.016,   1.557,9999.000,9999.000,9999.000,9999.000,9999.000,9999.000,9999.000
202604240412,   0.016,   1.689,9999.000,9999.000,9999.000,9999.000,9999.000,9999.000,9999.000
202604240418,   0.017,   1.548,9999.000,9999.000,9999.000,9999.000,9999.000,9999.000,9999.000
202604240424,   0.017,   1.548,9999.000,9999.000,9999.000,9999.000,9999.000,9999.000,9999.000
202604240430,   0.018,   1.498,9999.000,9999.000,9999.000,9999.000,9999.000,9999.000,9999.000
202604240436,   0.018,   1.508,9999.000,9999.000,9999.000,9999.000,9999.000,9999.000,9999.000
202604240442,   0.018,   1.298,9999.000,9999.000,9999.000,9999.000,9999.000,9999.000,9999.000
202604240448,   0.019,   1.279,9999.000,9999.000,9999.000,9999.000,9999.000,9999.000,9999.000
202604240454,   0.019,   1.328,9999.000,9999.000,9999.000,9999.000,9999.000,9999.000,9999.000
202604240500,   0.019,   1.479,   0.100,   1.360,   1.479,   0.000,   1.379,   0.100,   1.479
202604240506,   0.019,   1.390,9999.000,9999.000,9999.000,9999.000,9999.000,9999.000,9999.000
202604240512,   0.019,   1.239,9999.000,9999.000,9999.000,9999.000,9999.000,9999.000,9999.000
202604240518,   0.019,   1.439,9999.000,9999.000,9999.000,9999.000,9999.000,9999.000,9999.000
202604240524,   0.019,   1.318,9999.000,9999.000,9999.000,9999.000,9999.000,9999.000,9999.000
202604240530,   0.019,   1.430,9999.000,9999.000,9999.000,9999.000,9999.000,9999.000,9999.000
202604240536,   0.019,   1.318,9999.000,9999.000,9999.000,9999.000,9999.000,9999.000,9999.000
202604240542,   0.018,   1.528,9999.000,9999.000,9999.000,9999.000,9999.000,9999.000,9999.000
202604240548,   0.018,   1.430,9999.000,9999.000,9999.000,9999.000,9999.000,9999.000,9999.000
202604240554,   0.018,   1.508,9999.000,9999.000,9999.000,9999.000,9999.000,9999.000,9999.000
202604240600,   0.018,   1.528,   0.200,   1.310,   1.528,   0.100,   1.428,   0.200,   1.528
202604240606,   0.018,   1.489,9999.000,9999.000,9999.000,9999.000,9999.000,9999.000,9999.000
202604240612,   0.018,   1.689,9999.000,9999.000,9999.000,9999.000,9999.000,9999.000,9999.000
202604240618,   0.019,   1.610,9999.000,9999.000,9999.000,9999.000,9999.000,9999.000,9999.000
202604240624,   0.019,   1.361,9999.000,9999.000,9999.000,9999.000,9999.000,9999.000,9999.000
202604240630,   0.020,   1.459,9999.000,9999.000,9999.000,9999.000,9999.000,9999.000,9999.000
202604240636,   0.021,   1.459,9999.000,9999.000,9999.000,9999.000,9999.000,9999.000,9999.000
202604240642,   0.022,   1.420,9999.000,9999.000,9999.000,9999.000,9999.000,9999.000,9999.000
202604240648,   0.024,   1.489,9999.000,9999.000,9999.000,9999.000,9999.000,9999.000,9999.000
202604240654,   0.026,   1.229,9999.000,9999.000,9999.000,9999.000,9999.000,9999.000,9999.000
202604240700,   0.028,   1.420,   0.100,   1.292,   1.420,   0.100,   1.420,   0.200,   1.520
202604240706,   0.031,   1.400,9999.000,9999.000,9999.000,9999.000,9999.000,9999.000,9999.000
202604240712,   0.034,   1.538,9999.000,9999.000,9999.000,9999.000,9999.000,9999.000,9999.000
202604240718,   0.037,   1.239,9999.000,9999.000,9999.000,9999.000,9999.000,9999.000,9999.000
202604240724,   0.040,   1.361,9999.000,9999.000,9999.000,9999.000,9999.000,9999.000,9999.000
202604240730,   0.044,   1.338,9999.000,9999.000,9999.000,9999.000,9999.000,9999.000,9999.000
202604240736,   0.048,   1.410,9999.000,9999.000,9999.000,9999.000,9999.000,9999.000,9999.000
202604240742,   0.052,   1.548,9999.000,9999.000,9999.000,9999.000,9999.000,9999.000,9999.000
202604240748,   0.057,   1.528,9999.000,9999.000,9999.000,9999.000,9999.000,9999.000,9999.000
202604240754,   0.062,   1.229,9999.000,9999.000,9999.000,9999.000,9999.000,9999.000,9999.000
202604240800,   0.067,   1.420,   0.100,   1.253,   1.420,   0.100,   1.420,   0.200,   1.520
202604240806,   0.072,   1.528,9999.000,9999.000,9999.000,9999.000,9999.000,9999.000,9999.000
202604240812,   0.077,   1.548,9999.000,9999.000,9999.000,9999.000,9999.000,9999.000,9999.000
202604240818,   0.082,   1.449,9999.000,9999.000,9999.000,9999.000,9999.000,9999.000,9999.000
202604240824,   0.087,   1.459,9999.000,9999.000,9999.000,9999.000,9999.000,9999.000,9999.000
202604240830,   0.092,   1.498,9999.000,9999.000,9999.000,9999.000,9999.000,9999.000,9999.000
202604240836,   0.097,   1.518,9999.000,9999.000,9999.000,9999.000,9999.000,9999.000,9999.000
202604240842,   0.102,   1.679,9999.000,9999.000,9999.000,9999.000,9999.000,9999.000,9999.000
202604240848,   0.107,   1.439,9999.000,9999.000,9999.000,9999.000,9999.000,9999.000,9999.000
202604240854,   0.111,   1.498,9999.000,9999.000,9999.000,9999.000,9999.000,9999.000,9999.000
202604240900,   0.116,   1.580,   0.100,   1.364,   1.580,   0.100,   1.580,   0.200,   1.680
202604240906,   0.120,   1.420,9999.000,9999.000,9999.000,9999.000,9999.000,9999.000,9999.000
202604240912,   0.124,   1.639,9999.000,9999.000,9999.000,9999.000,9999.000,9999.000,9999.000
202604240918,   0.128,   1.548,9999.000,9999.000,9999.000,9999.000,9999.000,9999.000,9999.000
202604240924,   0.131,   1.439,9999.000,9999.000,9999.000,9999.000,9999.000,9999.000,9999.000
202604240930,   0.135,   1.439,9999.000,9999.000,9999.000,9999.000,9999.000,9999.000,9999.000
202604240936,   0.138,   1.610,9999.000,9999.000,9999.000,9999.000,9999.000,9999.000,9999.000
202604240942,   0.140,   1.498,9999.000,9999.000,9999.000,9999.000,9999.000,9999.000,9999.000
202604240948,   0.143,   1.449,9999.000,9999.000,9999.000,9999.000,9999.000,9999.000,9999.000
202604240954,   0.145,   1.571,9999.000,9999.000,9999.000,9999.000,9999.000,9999.000,9999.000
202604241000,   0.147,   1.758,   0.100,   1.511,   1.758,   0.100,   1.758,   0.200,   1.858
202604241006,   0.150,   1.498,9999.000,9999.000,9999.000,9999.000,9999.000,9999.000,9999.000
202604241012,   0.151,   1.528,9999.000,9999.000,9999.000,9999.000,9999.000,9999.000,9999.000
202604241018,   0.153,   1.528,9999.000,9999.000,9999.000,9999.000,9999.000,9999.000,9999.000
202604241024,   0.155,   1.580,9999.000,9999.000,9999.000,9999.000,9999.000,9999.000,9999.000
202604241030,   0.156,   1.620,9999.000,9999.000,9999.000,9999.000,9999.000,9999.000,9999.000
202604241036,   0.158,   1.548,9999.000,9999.000,9999.000,9999.000,9999.000,9999.000,9999.000
202604241042,   0.159,   1.571,9999.000,9999.000,9999.000,9999.000,9999.000,9999.000,9999.000
202604241048,   0.161,   1.659,9999.000,9999.000,9999.000,9999.000,9999.000,9999.000,9999.000
202604241054,   0.162,   1.669,9999.000,9999.000,9999.000,9999.000,9999.000,9999.000,9999.000
202604241100,   0.164,   1.669,   0.100,   1.405,   1.669,   0.100,   1.669,   0.200,   1.769
202604241106,   0.166,   1.669,9999.000,9999.000,9999.000,9999.000,9999.000,9999.000,9999.000
202604241112,   0.167,   1.718,9999.000,9999.000,9999.000,9999.000,9999.000,9999.000,9999.000
202604241118,   0.169,   1.600,9999.000,9999.000,9999.000,9999.000,9999.000,9999.000,9999.000
202604241124,   0.171,   1.610,9999.000,9999.000,9999.000,9999.000,9999.000,9999.000,9999.000
202604241130,   0.173,   1.830,9999.000,9999.000,9999.000,9999.000,9999.000,9999.000,9999.000
202604241136,   0.174,   1.899,9999.000,9999.000,9999.000,9999.000,9999.000,9999.000,9999.000
202604241142,   0.176,   1.889,9999.000,9999.000,9999.000,9999.000,9999.000,9999.000,9999.000
202604241148,   0.178,   1.669,9999.000,9999.000,9999.000,9999.000,9999.000,9999.000,9999.000
202604241154,   0.180,   1.767,9999.000,9999.000,9999.000,9999.000,9999.000,9999.000,9999.000
202604241200,   0.182,   1.790,   0.200,   1.408,   1.790,   0.100,   1.690,   0.200,   1.790
202604241206,   0.183,   1.820,9999.000,9999.000,9999.000,9999.000,9999.000,9999.000,9999.000
202604241212,   0.185,   1.528,9999.000,9999.000,9999.000,9999.000,9999.000,9999.000,9999.000
202604241218,   0.186,   1.639,9999.000,9999.000,9999.000,9999.000,9999.000,9999.000,9999.000
202604241224,   0.188,   1.958,9999.000,9999.000,9999.000,9999.000,9999.000,9999.000,9999.000
202604241230,   0.189,   2.020,9999.000,9999.000,9999.000,9999.000,9999.000,9999.000,9999.000
202604241236,   0.189,   1.790,9999.000,9999.000,9999.000,9999.000,9999.000,9999.000,9999.000
202604241242,   0.190,   1.718,9999.000,9999.000,9999.000,9999.000,9999.000,9999.000,9999.000
202604241248,   0.190,   1.600,9999.000,9999.000,9999.000,9999.000,9999.000,9999.000,9999.000
202604241254,   0.190,   1.508,9999.000,9999.000,9999.000,9999.000,9999.000,9999.000,9999.000
202604241300,   0.190,   1.528,   0.200,   1.138,   1.528,   0.100,   1.428,   0.200,   1.528
202604241306,   0.189,   1.630,9999.000,9999.000,9999.000,9999.000,9999.000,9999.000,9999.000
202604241312,   0.188,   1.410,9999.000,9999.000,9999.000,9999.000,9999.000,9999.000,9999.000
202604241318,   0.187,   1.669,9999.000,9999.000,9999.000,9999.000,9999.000,9999.000,9999.000
202604241324,   0.185,   1.738,9999.000,9999.000,9999.000,9999.000,9999.000,9999.000,9999.000
202604241330,   0.183,   1.538,9999.000,9999.000,9999.000,9999.000,9999.000,9999.000,9999.000
202604241336,   0.180,   1.580,9999.000,9999.000,9999.000,9999.000,9999.000,9999.000,9999.000
202604241342,   0.178,   1.469,9999.000,9999.000,9999.000,9999.000,9999.000,9999.000,9999.000
202604241348,   0.175,   1.649,9999.000,9999.000,9999.000,9999.000,9999.000,9999.000,9999.000
202604241354,   0.171,   1.810,9999.000,9999.000,9999.000,9999.000,9999.000,9999.000,9999.000
202604241400,   0.167,   1.767,   0.200,   1.400,   1.767,   0.100,   1.667,   0.200,   1.767
202604241406,   0.163,   2.138,9999.000,9999.000,9999.000,9999.000,9999.000,9999.000,9999.000
202604241412,   0.159,   1.938,9999.000,9999.000,9999.000,9999.000,9999.000,9999.000,9999.000
202604241418,   0.155,   1.748,9999.000,9999.000,9999.000,9999.000,9999.000,9999.000,9999.000
202604241424,   0.150,   1.820,9999.000,9999.000,9999.000,9999.000,9999.000,9999.000,9999.000
202604241430,   0.146,   1.849,9999.000,9999.000,9999.000,9999.000,9999.000,9999.000,9999.000
202604241436,   0.141,   1.990,9999.000,9999.000,9999.000,9999.000,9999.000,9999.000,9999.000
202604241442,   0.137,   1.718,9999.000,9999.000,9999.000,9999.000,9999.000,9999.000,9999.000
202604241448,   0.132,   2.079,9999.000,9999.000,9999.000,9999.000,9999.000,9999.000,9999.000
202604241454,   0.127,   1.908,9999.000,9999.000,9999.000,9999.000,9999.000,9999.000,9999.000
202604241500,   0.123,   1.967,   0.200,   1.644,   1.967,   0.100,   1.867,   0.200,   1.967
202604241506,   0.119,   1.859,9999.000,9999.000,9999.000,9999.000,9999.000,9999.000,9999.000
202604241512,   0.114,   1.679,9999.000,9999.000,9999.000,9999.000,9999.000,9999.000,9999.000
202604241518,   0.110,   1.639,9999.000,9999.000,9999.000,9999.000,9999.000,9999.000,9999.000
202604241524,   0.106,   1.928,9999.000,9999.000,9999.000,9999.000,9999.000,9999.000,9999.000
202604241530,   0.103,   1.649,9999.000,9999.000,9999.000,9999.000,9999.000,9999.000,9999.000
202604241536,   0.099,   1.908,9999.000,9999.000,9999.000,9999.000,9999.000,9999.000,9999.000
202604241542,   0.096,   1.600,9999.000,9999.000,9999.000,9999.000,9999.000,9999.000,9999.000
202604241548,   0.093,   1.557,9999.000,9999.000,9999.000,9999.000,9999.000,9999.000,9999.000
202604241554,   0.090,   2.010,9999.000,9999.000,9999.000,9999.000,9999.000,9999.000,9999.000
202604241600,   0.087,   1.830,   0.200,   1.543,   1.830,   0.100,   1.730,   0.300,   1.930
202604241606,   0.084,   1.649,9999.000,9999.000,9999.000,9999.000,9999.000,9999.000,9999.000
202604241612,   0.082,   2.069,9999.000,9999.000,9999.000,9999.000,9999.000,9999.000,9999.000
202604241618,   0.079,   1.918,9999.000,9999.000,9999.000,9999.000,9999.000,9999.000,9999.000
202604241624,   0.077,   1.981,9999.000,9999.000,9999.000,9999.000,9999.000,9999.000,9999.000
202604241630,   0.075,   1.518,9999.000,9999.000,9999.000,9999.000,9999.000,9999.000,9999.000
202604241636,   0.073,   1.879,9999.000,9999.000,9999.000,9999.000,9999.000,9999.000,9999.000
202604241642,   0.071,   1.699,9999.000,9999.000,9999.000,9999.000,9999.000,9999.000,9999.000
202604241648,   0.068,   1.758,9999.000,9999.000,9999.000,9999.000,9999.000,9999.000,9999.000
202604241654,   0.066,   1.518,9999.000,9999.000,9999.000,9999.000,9999.000,9999.000,9999.000
202604241700,   0.064,   1.548,   0.200,   1.284,   1.548,   0.200,   1.548,   0.300,   1.648
202604241706,   0.062,   1.580,9999.000,9999.000,9999.000,9999.000,9999.000,9999.000,9999.000
202604241712,   0.059,   1.669,9999.000,9999.000,9999.000,9999.000,9999.000,9999.000,9999.000
202604241718,   0.057,   1.630,9999.000,9999.000,9999.000,9999.000,9999.000,9999.000,9999.000
202604241724,   0.055,   1.548,9999.000,9999.000,9999.000,9999.000,9999.000,9999.000,9999.000
202604241730,   0.052,   1.508,9999.000,9999.000,9999.000,9999.000,9999.000,9999.000,9999.000
202604241736,   0.049,   1.489,9999.000,9999.000,9999.000,9999.000,9999.000,9999.000,9999.000
202604241742,   0.046,   1.508,9999.000,9999.000,9999.000,9999.000,9999.000,9999.000,9999.000
202604241748,   0.044,   1.439,9999.000,9999.000,9999.000,9999.000,9999.000,9999.000,9999.000
202604241754,   0.041,   1.479,9999.000,9999.000,9999.000,9999.000,9999.000,9999.000,9999.000
202604241800,   0.038,   1.508,   0.200,   1.270,   1.508,   0.200,   1.508,   0.300,   1.608
202604241806,   0.035,   1.489,9999.000,9999.000,9999.000,9999.000,9999.000,9999.000,9999.000
202604241812,   0.032,   1.528,9999.000,9999.000,9999.000,9999.000,9999.000,9999.000,9999.000
202604241818,   0.029,   1.498,9999.000,9999.000,9999.000,9999.000,9999.000,9999.000,9999.000
202604241824,   0.026,   1.190,9999.000,9999.000,9999.000,9999.000,9999.000,9999.000,9999.000
202604241830,   0.023,   1.161,9999.000,9999.000,9999.000,9999.000,9999.000,9999.000,9999.000
202604241836,   0.021,   0.869,9999.000,9999.000,9999.000,9999.000,9999.000,9999.000,9999.000
202604241842,   0.018,   1.029,9999.000,9999.000,9999.000,9999.000,9999.000,9999.000,9999.000
202604241848,   0.016,   0.800,9999.000,9999.000,9999.000,9999.000,9999.000,9999.000,9999.000
202604241854,   0.014,   0.669,9999.000,9999.000,9999.000,9999.000,9999.000,9999.000,9999.000
202604241900,   0.012,   0.879,   0.300,   0.567,   0.879,   0.200,   0.779,   0.300,   0.879
202604241906,   0.010,   0.970,9999.000,9999.000,9999.000,9999.000,9999.000,9999.000,9999.000
202604241912,   0.009,   1.200,9999.000,9999.000,9999.000,9999.000,9999.000,9999.000,9999.000
202604241918,   0.008,   1.098,9999.000,9999.000,9999.000,9999.000,9999.000,9999.000,9999.000
202604241924,   0.008,   1.059,9999.000,9999.000,9999.000,9999.000,9999.000,9999.000,9999.000
202604241930,   0.007,   0.718,9999.000,9999.000,9999.000,9999.000,9999.000,9999.000,9999.000
202604241936,   0.008,   0.770,9999.000,9999.000,9999.000,9999.000,9999.000,9999.000,9999.000
202604241942,   0.008,   0.990,9999.000,9999.000,9999.000,9999.000,9999.000,9999.000,9999.000
202604241948,   0.009,   0.908,9999.000,9999.000,9999.000,9999.000,9999.000,9999.000,9999.000
202604241954,   0.010,   1.348,9999.000,9999.000,9999.000,9999.000,9999.000,9999.000,9999.000
202604242000,   0.011,   1.338,   0.300,   1.027,   1.338,   0.200,   1.238,   0.300,   1.338
202604242006,   0.013,   1.508,9999.000,9999.000,9999.000,9999.000,9999.000,9999.000,9999.000
202604242012,   0.015,   1.538,9999.000,9999.000,9999.000,9999.000,9999.000,9999.000,9999.000
202604242018,   0.017,   1.498,9999.000,9999.000,9999.000,9999.000,9999.000,9999.000,9999.000
202604242024,   0.019,   1.659,9999.000,9999.000,9999.000,9999.000,9999.000,9999.000,9999.000
202604242030,   0.022,   1.620,9999.000,9999.000,9999.000,9999.000,9999.000,9999.000,9999.000
202604242036,   0.024,   1.810,9999.000,9999.000,9999.000,9999.000,9999.000,9999.000,9999.000
202604242042,   0.027,   1.590,9999.000,9999.000,9999.000,9999.000,9999.000,9999.000,9999.000
202604242048,   0.030,   1.728,9999.000,9999.000,9999.000,9999.000,9999.000,9999.000,9999.000
202604242054,   0.033,   1.758,9999.000,9999.000,9999.000,9999.000,9999.000,9999.000,9999.000
202604242100,   0.035,   1.708,   0.200,   1.473,   1.708,   0.200,   1.708,   0.300,   1.808
202604242106,   0.038,   1.518,9999.000,9999.000,9999.000,9999.000,9999.000,9999.000,9999.000
202604242112,   0.041,   1.630,9999.000,9999.000,9999.000,9999.000,9999.000,9999.000,9999.000
202604242118,   0.043,   1.699,9999.000,9999.000,9999.000,9999.000,9999.000,9999.000,9999.000
202604242124,   0.046,   1.459,9999.000,9999.000,9999.000,9999.000,9999.000,9999.000,9999.000
202604242130,   0.048,   1.590,9999.000,9999.000,9999.000,9999.000,9999.000,9999.000,9999.000
202604242136,   0.050,   1.738,9999.000,9999.000,9999.000,9999.000,9999.000,9999.000,9999.000
202604242142,   0.052,   1.718,9999.000,9999.000,9999.000,9999.000,9999.000,9999.000,9999.000
202604242148,   0.053,   1.699,9999.000,9999.000,9999.000,9999.000,9999.000,9999.000,9999.000
202604242154,   0.055,   2.138,9999.000,9999.000,9999.000,9999.000,9999.000,9999.000,9999.000
202604242200,   0.056,   2.109,   0.200,   1.853,   2.109,   0.100,   2.009,   0.300,   2.209
202604242206,   0.057,   1.918,9999.000,9999.000,9999.000,9999.000,9999.000,9999.000,9999.000
202604242212,   0.058,   1.699,9999.000,9999.000,9999.000,9999.000,9999.000,9999.000,9999.000
202604242218,   0.059,   1.981,9999.000,9999.000,9999.000,9999.000,9999.000,9999.000,9999.000
202604242224,   0.060,   2.118,9999.000,9999.000,9999.000,9999.000,9999.000,9999.000,9999.000
202604242230,   0.060,   1.728,9999.000,9999.000,9999.000,9999.000,9999.000,9999.000,9999.000
202604242236,   0.061,   1.938,9999.000,9999.000,9999.000,9999.000,9999.000,9999.000,9999.000
202604242242,   0.061,   1.967,9999.000,9999.000,9999.000,9999.000,9999.000,9999.000,9999.000
202604242248,   0.061,   1.738,9999.000,9999.000,9999.000,9999.000,9999.000,9999.000,9999.000
202604242254,   0.062,   2.509,9999.000,9999.000,9999.000,9999.000,9999.000,9999.000,9999.000
202604242300,   0.062,   1.820,   0.200,   1.558,   1.820,   0.100,   1.720,   0.300,   1.920
202604242306,   0.062,   1.958,9999.000,9999.000,9999.000,9999.000,9999.000,9999.000,9999.000
202604242312,   0.063,   1.718,9999.000,9999.000,9999.000,9999.000,9999.000,9999.000,9999.000
202604242318,   0.063,   1.728,9999.000,9999.000,9999.000,9999.000,9999.000,9999.000,9999.000
202604242324,   0.064,   1.889,9999.000,9999.000,9999.000,9999.000,9999.000,9999.000,9999.000
202604242330,   0.065,   1.781,9999.000,9999.000,9999.000,9999.000,9999.000,9999.000,9999.000
202604242336,   0.066,   1.649,9999.000,9999.000,9999.000,9999.000,9999.000,9999.000,9999.000
202604242342,   0.067,   1.767,9999.000,9999.000,9999.000,9999.000,9999.000,9999.000,9999.000
202604242348,   0.068,   1.728,9999.000,9999.000,9999.000,9999.000,9999.000,9999.000,9999.000
202604242354,   0.070,   1.600,9999.000,9999.000,9999.000,9999.000,9999.000,9999.000,9999.000
202604250000,   0.070,   1.459,   0.300,   1.089,   1.459,   0.300,   1.459,   0.400,   1.559
202604250006,   0.071,   1.439,9999.000,9999.000,9999.000,9999.000,9999.000,9999.000,9999.000
202604250012,   0.073,   1.600,9999.000,9999.000,9999.000,9999.000,9999.000,9999.000,9999.000
202604250018,   0.074,   1.390,9999.000,9999.000,9999.000,9999.000,9999.000,9999.000,9999.000
202604250024,   0.076,   1.508,9999.000,9999.000,9999.000,9999.000,9999.000,9999.000,9999.000
202604250030,   0.077,   1.590,9999.000,9999.000,9999.000,9999.000,9999.000,9999.000,9999.000
202604250036,   0.079,   1.879,9999.000,9999.000,9999.000,9999.000,9999.000,9999.000,9999.000
202604250042,   0.080,   1.708,9999.000,9999.000,9999.000,9999.000,9999.000,9999.000,9999.000
202604250048,   0.082,   1.548,9999.000,9999.000,9999.000,9999.000,9999.000,9999.000,9999.000
202604250054,   0.083,   1.820,9999.000,9999.000,9999.000,9999.000,9999.000,9999.000,9999.000
202604250100,   0.084,   1.800,   0.300,   1.416,   1.800,   0.300,   1.800,   0.400,   1.900
202604250106,   0.085,   1.879,9999.000,9999.000,9999.000,9999.000,9999.000,9999.000,9999.000
202604250112,   0.085,   2.079,9999.000,9999.000,9999.000,9999.000,9999.000,9999.000,9999.000
202604250118,   0.086,   1.859,9999.000,9999.000,9999.000,9999.000,9999.000,9999.000,9999.000
202604250124,   0.086,   1.967,9999.000,9999.000,9999.000,9999.000,9999.000,9999.000,9999.000
202604250130,   0.086,   1.958,9999.000,9999.000,9999.000,9999.000,9999.000,9999.000,9999.000
202604250136,   0.085,   1.840,9999.000,9999.000,9999.000,9999.000,9999.000,9999.000,9999.000
202604250142,   0.084,   1.790,9999.000,9999.000,9999.000,9999.000,9999.000,9999.000,9999.000
202604250148,   0.083,   2.040,9999.000,9999.000,9999.000,9999.000,9999.000,9999.000,9999.000
202604250154,   0.082,   1.767,9999.000,9999.000,9999.000,9999.000,9999.000,9999.000,9999.000
202604250200,   0.080,   2.138,   0.300,   1.758,   2.138,   0.300,   2.138,   0.400,   2.238
202604250206,   0.079,   1.767,9999.000,9999.000,9999.000,9999.000,9999.000,9999.000,9999.000
202604250212,   0.076,   1.820,9999.000,9999.000,9999.000,9999.000,9999.000,9999.000,9999.000
202604250218,   0.074,   1.557,9999.000,9999.000,9999.000,9999.000,9999.000,9999.000,9999.000
202604250224,   0.071,   1.659,9999.000,9999.000,9999.000,9999.000,9999.000,9999.000,9999.000
202604250230,   0.068,   1.590,9999.000,9999.000,9999.000,9999.000,9999.000,9999.000,9999.000
202604250236,   0.065,   1.449,9999.000,9999.000,9999.000,9999.000,9999.000,9999.000,9999.000
202604250242,   0.062,   1.610,9999.000,9999.000,9999.000,9999.000,9999.000,9999.000,9999.000
202604250248,   0.059,   1.289,9999.000,9999.000,9999.000,9999.000,9999.000,9999.000,9999.000
202604250254,   0.056,   1.767,9999.000,9999.000,9999.000,9999.000,9999.000,9999.000,9999.000
202604250300,   0.053,   1.548,   0.300,   1.195,   1.548,   0.300,   1.548,   0.400,   1.648
202604250306,   0.049,   1.548,9999.000,9999.000,9999.000,9999.000,9999.000,9999.000,9999.000
202604250312,   0.046,   1.620,9999.000,9999.000,9999.000,9999.000,9999.000,9999.000,9999.000
202604250318,   0.043,   1.518,9999.000,9999.000,9999.000,9999.000,9999.000,9999.000,9999.000
202604250324,   0.040,   1.459,9999.000,9999.000,9999.000,9999.000,9999.000,9999.000,9999.000
202604250330,   0.037,   1.538,9999.000,9999.000,9999.000,9999.000,9999.000,9999.000,9999.000
202604250336,   0.035,   1.498,9999.000,9999.000,9999.000,9999.000,9999.000,9999.000,9999.000
202604250342,   0.032,   1.548,9999.000,9999.000,9999.000,9999.000,9999.000,9999.000,9999.000
202604250348,   0.030,   1.380,9999.000,9999.000,9999.000,9999.000,9999.000,9999.000,9999.000
202604250354,   0.028,   1.279,9999.000,9999.000,9999.000,9999.000,9999.000,9999.000,9999.000
202604250400,   0.026,   1.479,   0.300,   1.153,   1.479,   0.300,   1.479,   0.400,   1.579
202604250406,   0.024,   1.239,9999.000,9999.000,9999.000,9999.000,9999.000,9999.000,9999.000
202604250412,   0.023,   1.249,9999.000,9999.000,9999.000,9999.000,9999.000,9999.000,9999.000
202604250418,   0.022,   1.390,9999.000,9999.000,9999.000,9999.000,9999.000,9999.000,9999.000
202604250424,   0.021,   1.269,9999.000,9999.000,9999.000,9999.000,9999.000,9999.000,9999.000
202604250430,   0.020,   1.229,9999.000,9999.000,9999.000,9999.000,9999.000,9999.000,9999.000
202604250436,   0.020,   1.269,9999.000,9999.000,9999.000,9999.000,9999.000,9999.000,9999.000
202604250442,   0.019,   1.528,9999.000,9999.000,9999.000,9999.000,9999.000,9999.000,9999.000
202604250448,   0.019,   1.298,9999.000,9999.000,9999.000,9999.000,9999.000,9999.000,9999.000
202604250454,   0.019,   1.229,9999.000,9999.000,9999.000,9999.000,9999.000,9999.000,9999.000
202604250500,   0.019,   1.020,   0.300,   0.701,   1.020,   0.300,   1.020,   0.400,   1.120
202604250506,   0.019,   1.298,9999.000,9999.000,9999.000,9999.000,9999.000,9999.000,9999.000
202604250512,   0.019,   1.170,9999.000,9999.000,9999.000,9999.000,9999.000,9999.000,9999.000
202604250518,   0.019,   1.259,9999.000,9999.000,9999.000,9999.000,9999.000,9999.000,9999.000
202604250524,   0.019,   1.210,9999.000,9999.000,9999.000,9999.000,9999.000,9999.000,9999.000
202604250530,   0.019,   1.338,9999.000,9999.000,9999.000,9999.000,9999.000,9999.000,9999.000
202604250536,   0.019,   1.088,9999.000,9999.000,9999.000,9999.000,9999.000,9999.000,9999.000
202604250542,   0.019,   1.449,9999.000,9999.000,9999.000,9999.000,9999.000,9999.000,9999.000
202604250548,   0.018,   1.328,9999.000,9999.000,9999.000,9999.000,9999.000,9999.000,9999.000
202604250554,   0.018,   1.361,9999.000,9999.000,9999.000,9999.000,9999.000,9999.000,9999.000
202604250600,   0.018,   1.308,   0.400,   0.890,   1.308,   0.300,   1.208,   0.400,   1.308
202604250606,   0.017,   1.328,9999.000,9999.000,9999.000,9999.000,9999.000,9999.000,9999.000
202604250612,   0.017,   1.279,9999.000,9999.000,9999.000,9999.000,9999.000,9999.000,9999.000
202604250618,   0.016,   1.289,9999.000,9999.000,9999.000,9999.000,9999.000,9999.000,9999.000
202604250624,   0.015,   1.289,9999.000,9999.000,9999.000,9999.000,9999.000,9999.000,9999.000
202604250630,   0.015,   1.269,9999.000,9999.000,9999.000,9999.000,9999.000,9999.000,9999.000
202604250636,   0.014,   1.269,9999.000,9999.000,9999.000,9999.000,9999.000,9999.000,9999.000
202604250642,   0.013,   1.210,9999.000,9999.000,9999.000,9999.000,9999.000,9999.000,9999.000
202604250648,   0.013,   1.590,9999.000,9999.000,9999.000,9999.000,9999.000,9999.000,9999.000
202604250654,   0.012,   1.459,9999.000,9999.000,9999.000,9999.000,9999.000,9999.000,9999.000
202604250700,   0.012,   1.610,   0.400,   1.198,   1.610,   0.300,   1.510,   0.400,   1.610
202604250706,   0.012,   1.459,9999.000,9999.000,9999.000,9999.000,9999.000,9999.000,9999.000
202604250712,   0.012,   1.571,9999.000,9999.000,9999.000,9999.000,9999.000,9999.000,9999.000
202604250718,   0.012,   1.548,9999.000,9999.000,9999.000,9999.000,9999.000,9999.000,9999.000
202604250724,   0.012,   1.699,9999.000,9999.000,9999.000,9999.000,9999.000,9999.000,9999.000
202604250730,   0.013,   1.479,9999.000,9999.000,9999.000,9999.000,9999.000,9999.000,9999.000
202604250736,   0.014,   1.557,9999.000,9999.000,9999.000,9999.000,9999.000,9999.000,9999.000
202604250742,   0.015,   1.390,9999.000,9999.000,9999.000,9999.000,9999.000,9999.000,9999.000
202604250748,   0.017,   1.489,9999.000,9999.000,9999.000,9999.000,9999.000,9999.000,9999.000
202604250754,   0.018,   1.610,9999.000,9999.000,9999.000,9999.000,9999.000,9999.000,9999.000
202604250800,   0.021,   1.528,   0.400,   1.107,   1.528,   0.300,   1.428,   0.400,   1.528
202604250806,   0.023,   1.459,9999.000,9999.000,9999.000,9999.000,9999.000,9999.000,9999.000
202604250812,   0.026,   1.639,9999.000,9999.000,9999.000,9999.000,9999.000,9999.000,9999.000
202604250818,   0.029,   1.528,9999.000,9999.000,9999.000,9999.000,9999.000,9999.000,9999.000
202604250824,   0.033,   1.528,9999.000,9999.000,9999.000,9999.000,9999.000,9999.000,9999.000
202604250830,   0.036,   1.430,9999.000,9999.000,9999.000,9999.000,9999.000,9999.000,9999.000
202604250836,   0.040,   1.600,9999.000,9999.000,9999.000,9999.000,9999.000,9999.000,9999.000
202604250842,   0.044,   1.548,9999.000,9999.000,9999.000,9999.000,9999.000,9999.000,9999.000
202604250848,   0.049,   1.459,9999.000,9999.000,9999.000,9999.000,9999.000,9999.000,9999.000
202604250854,   0.053,   1.400,9999.000,9999.000,9999.000,9999.000,9999.000,9999.000,9999.000
202604250900,   0.058,   1.600,   0.400,   1.142,   1.600,   0.300,   1.500,   0.400,   1.600
202604250906,   0.062,   1.620,9999.000,9999.000,9999.000,9999.000,9999.000,9999.000,9999.000
202604250912,   0.067,   1.610,9999.000,9999.000,9999.000,9999.000,9999.000,9999.000,9999.000
202604250918,   0.071,   1.571,9999.000,9999.000,9999.000,9999.000,9999.000,9999.000,9999.000
202604250924,   0.076,   1.459,9999.000,9999.000,9999.000,9999.000,9999.000,9999.000,9999.000
202604250930,   0.080,   1.449,9999.000,9999.000,9999.000,9999.000,9999.000,9999.000,9999.000
202604250936,   0.085,   1.689,9999.000,9999.000,9999.000,9999.000,9999.000,9999.000,9999.000
202604250942,   0.089,   1.498,9999.000,9999.000,9999.000,9999.000,9999.000,9999.000,9999.000
202604250948,   0.093,   1.170,9999.000,9999.000,9999.000,9999.000,9999.000,9999.000,9999.000
202604250954,   0.097,   1.498,9999.000,9999.000,9999.000,9999.000,9999.000,9999.000,9999.000
202604251000,   0.101,   1.548,   0.400,   1.047,   1.548,   0.300,   1.448,   0.400,   1.548
202604251006,   0.104,   1.508,9999.000,9999.000,9999.000,9999.000,9999.000,9999.000,9999.000
202604251012,   0.107,   1.498,9999.000,9999.000,9999.000,9999.000,9999.000,9999.000,9999.000
202604251018,   0.110,   1.810,9999.000,9999.000,9999.000,9999.000,9999.000,9999.000,9999.000
202604251024,   0.113,   1.469,9999.000,9999.000,9999.000,9999.000,9999.000,9999.000,9999.000
202604251030,   0.116,   1.620,9999.000,9999.000,9999.000,9999.000,9999.000,9999.000,9999.000
202604251036,   0.118,   1.459,9999.000,9999.000,9999.000,9999.000,9999.000,9999.000,9999.000
202604251042,   0.120,   1.649,9999.000,9999.000,9999.000,9999.000,9999.000,9999.000,9999.000
202604251048,   0.122,   1.679,9999.000,9999.000,9999.000,9999.000,9999.000,9999.000,9999.000
202604251054,   0.124,   1.328,9999.000,9999.000,9999.000,9999.000,9999.000,9999.000,9999.000
202604251100,   0.125,   1.308,   0.400,   0.783,   1.308,   0.300,   1.208,   0.400,   1.308
202604251106,   0.127,   1.630,9999.000,9999.000,9999.000,9999.000,9999.000,9999.000,9999.000
202604251112,   0.128,   1.328,9999.000,9999.000,9999.000,9999.000,9999.000,9999.000,9999.000
202604251118,   0.130,   1.430,9999.000,9999.000,9999.000,9999.000,9999.000,9999.000,9999.000
202604251124,   0.131,   1.338,9999.000,9999.000,9999.000,9999.000,9999.000,9999.000,9999.000
202604251130,   0.132,   1.639,9999.000,9999.000,9999.000,9999.000,9999.000,9999.000,9999.000
202604251136,   0.134,   1.610,9999.000,9999.000,9999.000,9999.000,9999.000,9999.000,9999.000
202604251142,   0.135,   1.469,9999.000,9999.000,9999.000,9999.000,9999.000,9999.000,9999.000
202604251148,   0.136,   1.430,9999.000,9999.000,9999.000,9999.000,9999.000,9999.000,9999.000
202604251154,   0.138,   1.459,9999.000,9999.000,9999.000,9999.000,9999.000,9999.000,9999.000
202604251200,   0.139,   1.508,   0.500,   0.869,   1.508,   0.400,   1.408,   0.500,   1.508
202604251206,   0.141,   1.689,9999.000,9999.000,9999.000,9999.000,9999.000,9999.000,9999.000
202604251212,   0.142,   1.459,9999.000,9999.000,9999.000,9999.000,9999.000,9999.000,9999.000
202604251218,   0.144,   1.489,9999.000,9999.000,9999.000,9999.000,9999.000,9999.000,9999.000
202604251224,   0.146,   1.489,9999.000,9999.000,9999.000,9999.000,9999.000,9999.000,9999.000
202604251230,   0.148,   1.469,9999.000,9999.000,9999.000,9999.000,9999.000,9999.000,9999.000
202604251236,   0.149,   1.508,9999.000,9999.000,9999.000,9999.000,9999.000,9999.000,9999.000
202604251242,   0.151,   1.580,9999.000,9999.000,9999.000,9999.000,9999.000,9999.000,9999.000
202604251248,   0.153,   1.538,9999.000,9999.000,9999.000,9999.000,9999.000,9999.000,9999.000
202604251254,   0.155,   1.649,9999.000,9999.000,9999.000,9999.000,9999.000,9999.000,9999.000
202604251300,   0.156,   1.380,   0.500,   0.724,   1.380,   0.400,   1.280,   0.500,   1.380
202604251306,   0.158,   1.630,9999.000,9999.000,9999.000,9999.000,9999.000,9999.000,9999.000
202604251312,   0.159,   1.498,9999.000,9999.000,9999.000,9999.000,9999.000,9999.000,9999.000
202604251318,   0.160,   1.439,9999.000,9999.000,9999.000,9999.000,9999.000,9999.000,9999.000
202604251324,   0.162,   1.479,9999.000,9999.000,9999.000,9999.000,9999.000,9999.000,9999.000
202604251330,   0.162,   1.380,9999.000,9999.000,9999.000,9999.000,9999.000,9999.000,9999.000
202604251336,   0.163,   1.380,9999.000,9999.000,9999.000,9999.000,9999.000,9999.000,9999.000
202604251342,   0.163,   1.449,9999.000,9999.000,9999.000,9999.000,9999.000,9999.000,9999.000
202604251348,   0.163,   1.590,9999.000,9999.000,9999.000,9999.000,9999.000,9999.000,9999.000
202604251354,   0.163,   1.580,9999.000,9999.000,9999.000,9999.000,9999.000,9999.000,9999.000
202604251400,   0.162,   1.479,   0.500,   0.817,   1.479,   0.400,   1.379,   0.500,   1.479
202604251406,   0.161,   1.348,9999.000,9999.000,9999.000,9999.000,9999.000,9999.000,9999.000
202604251412,   0.159,   1.439,9999.000,9999.000,9999.000,9999.000,9999.000,9999.000,9999.000
202604251418,   0.158,   1.528,9999.000,9999.000,9999.000,9999.000,9999.000,9999.000,9999.000
202604251424,   0.156,   1.380,9999.000,9999.000,9999.000,9999.000,9999.000,9999.000,9999.000
202604251430,   0.153,   1.430,9999.000,9999.000,9999.000,9999.000,9999.000,9999.000,9999.000
202604251436,   0.150,   1.508,9999.000,9999.000,9999.000,9999.000,9999.000,9999.000,9999.000
202604251442,   0.147,   1.390,9999.000,9999.000,9999.000,9999.000,9999.000,9999.000,9999.000
202604251448,   0.144,   1.459,9999.000,9999.000,9999.000,9999.000,9999.000,9999.000,9999.000
202604251454,   0.140,   1.679,9999.000,9999.000,9999.000,9999.000,9999.000,9999.000,9999.000
202604251500,   0.137,   1.518,   0.500,   0.881,   1.518,   0.400,   1.418,   0.500,   1.518
202604251506,   0.133,   1.479,9999.000,9999.000,9999.000,9999.000,9999.000,9999.000,9999.000
202604251512,   0.129,   1.449,9999.000,9999.000,9999.000,9999.000,9999.000,9999.000,9999.000
202604251518,   0.124,   1.659,9999.000,9999.000,9999.000,9999.000,9999.000,9999.000,9999.000
202604251524,   0.120,   1.459,9999.000,9999.000,9999.000,9999.000,9999.000,9999.000,9999.000
202604251530,   0.116,   1.338,9999.000,9999.000,9999.000,9999.000,9999.000,9999.000,9999.000
202604251536,   0.112,   1.420,9999.000,9999.000,9999.000,9999.000,9999.000,9999.000,9999.000
202604251542,   0.107,   1.479,9999.000,9999.000,9999.000,9999.000,9999.000,9999.000,9999.000
202604251548,   0.103,   1.571,9999.000,9999.000,9999.000,9999.000,9999.000,9999.000,9999.000
202604251554,   0.099,   1.528,9999.000,9999.000,9999.000,9999.000,9999.000,9999.000,9999.000
202604251600,   0.095,   1.620,   0.500,   1.025,   1.620,   0.400,   1.520,   0.500,   1.620
202604251606,   0.092,   1.328,9999.000,9999.000,9999.000,9999.000,9999.000,9999.000,9999.000
202604251612,   0.088,   1.328,9999.000,9999.000,9999.000,9999.000,9999.000,9999.000,9999.000
202604251618,   0.085,   1.449,9999.000,9999.000,9999.000,9999.000,9999.000,9999.000,9999.000
202604251624,   0.081,   1.328,9999.000,9999.000,9999.000,9999.000,9999.000,9999.000,9999.000
202604251630,   0.078,   1.289,9999.000,9999.000,9999.000,9999.000,9999.000,9999.000,9999.000
202604251636,   0.076,   1.338,9999.000,9999.000,9999.000,9999.000,9999.000,9999.000,9999.000
202604251642,   0.073,   1.371,9999.000,9999.000,9999.000,9999.000,9999.000,9999.000,9999.000
202604251648,   0.070,   1.239,9999.000,9999.000,9999.000,9999.000,9999.000,9999.000,9999.000
202604251654,   0.068,   1.289,9999.000,9999.000,9999.000,9999.000,9999.000,9999.000,9999.000
202604251700,   0.066,   1.298,   0.500,   0.732,   1.298,   0.400,   1.198,   0.500,   1.298
202604251706,   0.064,   1.059,9999.000,9999.000,9999.000,9999.000,9999.000,9999.000,9999.000
202604251712,   0.062,   1.348,9999.000,9999.000,9999.000,9999.000,9999.000,9999.000,9999.000
202604251718,   0.060,   0.760,9999.000,9999.000,9999.000,9999.000,9999.000,9999.000,9999.000
202604251724,   0.059,   1.239,9999.000,9999.000,9999.000,9999.000,9999.000,9999.000,9999.000
202604251730,   0.057,   1.410,9999.000,9999.000,9999.000,9999.000,9999.000,9999.000,9999.000
202604251736,   0.055,   1.249,9999.000,9999.000,9999.000,9999.000,9999.000,9999.000,9999.000
202604251742,   0.054,   1.249,9999.000,9999.000,9999.000,9999.000,9999.000,9999.000,9999.000
202604251748,   0.052,   1.079,9999.000,9999.000,9999.000,9999.000,9999.000,9999.000,9999.000
202604251754,   0.050,   0.990,9999.000,9999.000,9999.000,9999.000,9999.000,9999.000,9999.000
202604251800,   0.048,   0.898,   0.500,   0.350,   0.898,   0.500,   0.898,   0.600,   0.998
202604251806,   0.046,   1.259,9999.000,9999.000,9999.000,9999.000,9999.000,9999.000,9999.000
202604251812,   0.044,   1.498,9999.000,9999.000,9999.000,9999.000,9999.000,9999.000,9999.000
202604251818,   0.042,   1.630,9999.000,9999.000,9999.000,9999.000,9999.000,9999.000,9999.000
202604251824,   0.040,   1.830,9999.000,9999.000,9999.000,9999.000,9999.000,9999.000,9999.000
202604251830,   0.038,   1.820,9999.000,9999.000,9999.000,9999.000,9999.000,9999.000,9999.000
202604251836,   0.035,   1.580,9999.000,9999.000,9999.000,9999.000,9999.000,9999.000,9999.000
202604251842,   0.033,   1.908,9999.000,9999.000,9999.000,9999.000,9999.000,9999.000,9999.000
202604251848,   0.030,   1.479,9999.000,9999.000,9999.000,9999.000,9999.000,9999.000,9999.000
202604251854,   0.028,   1.390,9999.000,9999.000,9999.000,9999.000,9999.000,9999.000,9999.000
202604251900,   0.025,   1.430,   0.500,   0.905,   1.430,   0.500,   1.430,   0.500,   1.430
202604251906,   0.023,   1.459,9999.000,9999.000,9999.000,9999.000,9999.000,9999.000,9999.000
202604251912,   0.020,   1.459,9999.000,9999.000,9999.000,9999.000,9999.000,9999.000,9999.000
202604251918,   0.018,   1.738,9999.000,9999.000,9999.000,9999.000,9999.000,9999.000,9999.000
202604251924,   0.016,   1.318,9999.000,9999.000,9999.000,9999.000,9999.000,9999.000,9999.000
202604251930,   0.014,   1.649,9999.000,9999.000,9999.000,9999.000,9999.000,9999.000,9999.000
202604251936,   0.012,   1.430,9999.000,9999.000,9999.000,9999.000,9999.000,9999.000,9999.000
202604251942,   0.010,   1.639,9999.000,9999.000,9999.000,9999.000,9999.000,9999.000,9999.000
202604251948,   0.008,   1.718,9999.000,9999.000,9999.000,9999.000,9999.000,9999.000,9999.000
202604251954,   0.007,   1.639,9999.000,9999.000,9999.000,9999.000,9999.000,9999.000,9999.000
202604252000,   0.006,   1.420,   0.500,   0.914,   1.420,   0.400,   1.320,   0.500,   1.420
202604252006,   0.006,   1.810,9999.000,9999.000,9999.000,9999.000,9999.000,9999.000,9999.000
202604252012,   0.005,   1.479,9999.000,9999.000,9999.000,9999.000,9999.000,9999.000,9999.000
202604252018,   0.005,   1.590,9999.000,9999.000,9999.000,9999.000,9999.000,9999.000,9999.000
202604252024,   0.006,   1.610,9999.000,9999.000,9999.000,9999.000,9999.000,9999.000,9999.000
202604252030,   0.006,   1.571,9999.000,9999.000,9999.000,9999.000,9999.000,9999.000,9999.000
202604252036,   0.007,   1.328,9999.000,9999.000,9999.000,9999.000,9999.000,9999.000,9999.000
202604252042,   0.009,   1.859,9999.000,9999.000,9999.000,9999.000,9999.000,9999.000,9999.000
202604252048,   0.010,   1.620,9999.000,9999.000,9999.000,9999.000,9999.000,9999.000,9999.000
202604252054,   0.012,   1.571,9999.000,9999.000,9999.000,9999.000,9999.000,9999.000,9999.000
202604252100,   0.014,   1.689,   0.500,   1.175,   1.689,   0.400,   1.589,   0.500,   1.689
202604252106,   0.017,   1.830,9999.000,9999.000,9999.000,9999.000,9999.000,9999.000,9999.000
202604252112,   0.019,   1.508,9999.000,9999.000,9999.000,9999.000,9999.000,9999.000,9999.000
202604252118,   0.022,   1.600,9999.000,9999.000,9999.000,9999.000,9999.000,9999.000,9999.000
202604252124,   0.025,   1.518,9999.000,9999.000,9999.000,9999.000,9999.000,9999.000,9999.000
202604252130,   0.028,   1.590,9999.000,9999.000,9999.000,9999.000,9999.000,9999.000,9999.000
202604252136,   0.031,   1.679,9999.000,9999.000,9999.000,9999.000,9999.000,9999.000,9999.000
202604252142,   0.034,   1.528,9999.000,9999.000,9999.000,9999.000,9999.000,9999.000,9999.000
202604252148,   0.037,   1.371,9999.000,9999.000,9999.000,9999.000,9999.000,9999.000,9999.000
202604252154,   0.041,   1.790,9999.000,9999.000,9999.000,9999.000,9999.000,9999.000,9999.000
202604252200,   0.044,   1.571,   0.400,   1.127,   1.571,   0.400,   1.571,   0.500,   1.671
202604252206,   0.046,   1.571,9999.000,9999.000,9999.000,9999.000,9999.000,9999.000,9999.000
202604252212,   0.049,   1.489,9999.000,9999.000,9999.000,9999.000,9999.000,9999.000,9999.000
202604252218,   0.052,   1.528,9999.000,9999.000,9999.000,9999.000,9999.000,9999.000,9999.000
202604252224,   0.054,   1.659,9999.000,9999.000,9999.000,9999.000,9999.000,9999.000,9999.000
202604252230,   0.056,   1.669,9999.000,9999.000,9999.000,9999.000,9999.000,9999.000,9999.000
202604252236,   0.058,   1.699,9999.000,9999.000,9999.000,9999.000,9999.000,9999.000,9999.000
202604252242,   0.060,   1.318,9999.000,9999.000,9999.000,9999.000,9999.000,9999.000,9999.000
202604252248,   0.062,   1.400,9999.000,9999.000,9999.000,9999.000,9999.000,9999.000,9999.000
202604252254,   0.064,   1.557,9999.000,9999.000,9999.000,9999.000,9999.000,9999.000,9999.000
202604252300,   0.065,   1.508,   0.400,   1.043,   1.508,   0.300,   1.408,   0.500,   1.608
202604252306,   0.066,   1.528,9999.000,9999.000,9999.000,9999.000,9999.000,9999.000,9999.000
202604252312,   0.067,   1.400,9999.000,9999.000,9999.000,9999.000,9999.000,9999.000,9999.000
202604252318,   0.068,   1.338,9999.000,9999.000,9999.000,9999.000,9999.000,9999.000,9999.000
202604252324,   0.070,   1.430,9999.000,9999.000,9999.000,9999.000,9999.000,9999.000,9999.000
202604252330,   0.070,   1.889,9999.000,9999.000,9999.000,9999.000,9999.000,9999.000,9999.000
202604252336,   0.070,   1.439,9999.000,9999.000,9999.000,9999.000,9999.000,9999.000,9999.000
202604252342,   0.070,   1.508,9999.000,9999.000,9999.000,9999.000,9999.000,9999.000,9999.000
202604252348,   0.071,   1.557,9999.000,9999.000,9999.000,9999.000,9999.000,9999.000,9999.000
202604252354,   0.072,   1.590,9999.000,9999.000,9999.000,9999.000,9999.000,9999.000,9999.000
202604260000,   0.072,   1.371,   0.500,   0.799,   1.371,   0.500,   1.371,   0.600,   1.471
202604260006,   0.073,   1.410,9999.000,9999.000,9999.000,9999.000,9999.000,9999.000,9999.000
202604260012,   0.074,   1.380,9999.000,9999.000,9999.000,9999.000,9999.000,9999.000,9999.000
202604260018,   0.075,   1.180,9999.000,9999.000,9999.000,9999.000,9999.000,9999.000,9999.000
202604260024,   0.076,   1.229,9999.000,9999.000,9999.000,9999.000,9999.000,9999.000,9999.000
202604260030,   0.077,   1.279,9999.000,9999.000,9999.000,9999.000,9999.000,9999.000,9999.000
202604260036,   0.078,   1.259,9999.000,9999.000,9999.000,9999.000,9999.000,9999.000,9999.000
202604260042,   0.080,   1.318,9999.000,9999.000,9999.000,9999.000,9999.000,9999.000,9999.000
202604260048,   0.081,   1.190,9999.000,9999.000,9999.000,9999.000,9999.000,9999.000,9999.000
202604260054,   0.082,   1.259,9999.000,9999.000,9999.000,9999.000,9999.000,9999.000,9999.000
202604260100,   0.084,   1.029,   0.500,   0.445,   1.029,   0.400,   0.929,   0.600,   1.129
202604260106,   0.086,   1.210,9999.000,9999.000,9999.000,9999.000,9999.000,9999.000,9999.000
202604260112,   0.087,   1.079,9999.000,9999.000,9999.000,9999.000,9999.000,9999.000,9999.000
202604260118,   0.089,   1.371,9999.000,9999.000,9999.000,9999.000,9999.000,9999.000,9999.000
202604260124,   0.091,   1.449,9999.000,9999.000,9999.000,9999.000,9999.000,9999.000,9999.000
202604260130,   0.092,   1.479,9999.000,9999.000,9999.000,9999.000,9999.000,9999.000,9999.000
202604260136,   0.094,   1.298,9999.000,9999.000,9999.000,9999.000,9999.000,9999.000,9999.000
202604260142,   0.095,   1.269,9999.000,9999.000,9999.000,9999.000,9999.000,9999.000,9999.000
202604260148,   0.096,   1.289,9999.000,9999.000,9999.000,9999.000,9999.000,9999.000,9999.000
202604260154,   0.097,   0.869,9999.000,9999.000,9999.000,9999.000,9999.000,9999.000,9999.000
202604260200,   0.098,   0.941,   0.500,   0.343,   0.941,   0.500,   0.941,   0.600,   1.041
202604260206,   0.099,   1.118,9999.000,9999.000,9999.000,9999.000,9999.000,9999.000,9999.000
202604260212,   0.099,   1.039,9999.000,9999.000,9999.000,9999.000,9999.000,9999.000,9999.000
202604260218,   0.099,   1.128,9999.000,9999.000,9999.000,9999.000,9999.000,9999.000,9999.000
202604260224,   0.099,   1.039,9999.000,9999.000,9999.000,9999.000,9999.000,9999.000,9999.000
202604260230,   0.098,   1.059,9999.000,9999.000,9999.000,9999.000,9999.000,9999.000,9999.000
202604260236,   0.097,   1.000,9999.000,9999.000,9999.000,9999.000,9999.000,9999.000,9999.000
202604260242,   0.096,   1.039,9999.000,9999.000,9999.000,9999.000,9999.000,9999.000,9999.000
202604260248,   0.095,   1.239,9999.000,9999.000,9999.000,9999.000,9999.000,9999.000,9999.000
202604260254,   0.093,   1.069,9999.000,9999.000,9999.000,9999.000,9999.000,9999.000,9999.000
202604260300,   0.091,   1.308,   0.500,   0.717,   1.308,   0.500,   1.308,   0.600,   1.408
202604260306,   0.088,   2.410,9999.000,9999.000,9999.000,9999.000,9999.000,9999.000,9999.000
202604260312,   0.086,   2.358,9999.000,9999.000,9999.000,9999.000,9999.000,9999.000,9999.000
202604260318,   0.083,   1.699,9999.000,9999.000,9999.000,9999.000,9999.000,9999.000,9999.000
202604260324,   0.080,   1.630,9999.000,9999.000,9999.000,9999.000,9999.000,9999.000,9999.000
202604260330,   0.077,   2.118,9999.000,9999.000,9999.000,9999.000,9999.000,9999.000,9999.000
202604260336,   0.074,   2.309,9999.000,9999.000,9999.000,9999.000,9999.000,9999.000,9999.000
202604260342,   0.070,   2.138,9999.000,9999.000,9999.000,9999.000,9999.000,9999.000,9999.000
202604260348,   0.067,   2.250,9999.000,9999.000,9999.000,9999.000,9999.000,9999.000,9999.000
202604260354,   0.064,   2.669,9999.000,9999.000,9999.000,9999.000,9999.000,9999.000,9999.000
202604260400,   0.060,   2.479,   0.500,   1.919,   2.479,   0.500,   2.479,   0.600,   2.579
202604260406,   0.057,   2.099,9999.000,9999.000,9999.000,9999.000,9999.000,9999.000,9999.000
202604260412,   0.054,   1.908,9999.000,9999.000,9999.000,9999.000,9999.000,9999.000,9999.000
202604260418,   0.051,   1.948,9999.000,9999.000,9999.000,9999.000,9999.000,9999.000,9999.000
202604260424,   0.048,   1.958,9999.000,9999.000,9999.000,9999.000,9999.000,9999.000,9999.000
202604260430,   0.045,   1.849,9999.000,9999.000,9999.000,9999.000,9999.000,9999.000,9999.000
202604260436,   0.043,   1.781,9999.000,9999.000,9999.000,9999.000,9999.000,9999.000,9999.000
202604260442,   0.040,   1.781,9999.000,9999.000,9999.000,9999.000,9999.000,9999.000,9999.000
202604260448,   0.038,   1.079,9999.000,9999.000,9999.000,9999.000,9999.000,9999.000,9999.000
202604260454,   0.036,   0.780,9999.000,9999.000,9999.000,9999.000,9999.000,9999.000,9999.000
202604260500,   0.034,   0.770,   0.500,   0.236,   0.770,   0.500,   0.770,   0.600,   0.870
202604260506,   0.033,   0.770,9999.000,9999.000,9999.000,9999.000,9999.000,9999.000,9999.000
202604260512,   0.032,   0.980,9999.000,9999.000,9999.000,9999.000,9999.000,9999.000,9999.000
202604260518,   0.031,   0.859,9999.000,9999.000,9999.000,9999.000,9999.000,9999.000,9999.000
202604260524,   0.030,   1.138,9999.000,9999.000,9999.000,9999.000,9999.000,9999.000,9999.000
202604260530,   0.029,9999.000,9999.000,9999.000,9999.000,9999.000,9999.000,9999.000,9999.000
202604260536,   0.028,9999.000,9999.000,9999.000,9999.000,9999.000,9999.000,9999.000,9999.000
202604260542,   0.028,9999.000,9999.000,9999.000,9999.000,9999.000,9999.000,9999.000,9999.000
202604260548,   0.027,9999.000,9999.000,9999.000,9999.000,9999.000,9999.000,9999.000,9999.000
202604260554,   0.027,9999.000,9999.000,9999.000,9999.000,9999.000,9999.000,9999.000,9999.000
202604260600,   0.026,9999.000,   0.700,9999.000,   0.726,   0.600,   0.626,   0.700,   0.726
202604260606,   0.026,9999.000,9999.000,9999.000,9999.000,9999.000,9999.000,9999.000,9999.000
202604260612,   0.026,9999.000,9999.000,9999.000,9999.000,9999.000,9999.000,9999.000,9999.000
202604260618,   0.025,9999.000,9999.000,9999.000,9999.000,9999.000,9999.000,9999.000,9999.000
202604260624,   0.025,9999.000,9999.000,9999.000,9999.000,9999.000,9999.000,9999.000,9999.000
202604260630,   0.024,   0.800,9999.000,9999.000,9999.000,9999.000,9999.000,9999.000,9999.000
202604260636,   0.023,   0.518,9999.000,9999.000,9999.000,9999.000,9999.000,9999.000,9999.000
202604260642,   0.023,   0.400,9999.000,9999.000,9999.000,9999.000,9999.000,9999.000,9999.000
202604260648,   0.022,   0.541,9999.000,9999.000,9999.000,9999.000,9999.000,9999.000,9999.000
202604260654,   0.021,   0.560,9999.000,9999.000,9999.000,9999.000,9999.000,9999.000,9999.000
202604260700,   0.020,   0.810,   0.700,   0.090,   0.810,   0.600,   0.710,   0.700,   0.810
202604260706,   0.019,   0.600,9999.000,9999.000,9999.000,9999.000,9999.000,9999.000,9999.000
202604260712,   0.018,   0.819,9999.000,9999.000,9999.000,9999.000,9999.000,9999.000,9999.000
202604260718,   0.016,   0.678,9999.000,9999.000,9999.000,9999.000,9999.000,9999.000,9999.000
202604260724,   0.015,   0.551,9999.000,9999.000,9999.000,9999.000,9999.000,9999.000,9999.000
202604260730,   0.014,   0.639,9999.000,9999.000,9999.000,9999.000,9999.000,9999.000,9999.000
202604260736,   0.013,   0.669,9999.000,9999.000,9999.000,9999.000,9999.000,9999.000,9999.000
202604260742,   0.012,   0.659,9999.000,9999.000,9999.000,9999.000,9999.000,9999.000,9999.000
202604260748,   0.011,   0.688,9999.000,9999.000,9999.000,9999.000,9999.000,9999.000,9999.000
202604260754,   0.010,   0.669,9999.000,9999.000,9999.000,9999.000,9999.000,9999.000,9999.000
202604260800,   0.009,   0.688,   0.700,  -0.021,   0.688,   0.600,   0.588,   0.700,   0.688
202604260806,   0.009,   0.439,9999.000,9999.000,9999.000,9999.000,9999.000,9999.000,9999.000
202604260812,   0.008,   0.780,9999.000,9999.000,9999.000,9999.000,9999.000,9999.000,9999.000
202604260818,   0.008,   0.531,9999.000,9999.000,9999.000,9999.000,9999.000,9999.000,9999.000
202604260824,   0.009,   0.629,9999.000,9999.000,9999.000,9999.000,9999.000,9999.000,9999.000
202604260830,   0.009,   0.819,9999.000,9999.000,9999.000,9999.000,9999.000,9999.000,9999.000
202604260836,   0.010,   0.928,9999.000,9999.000,9999.000,9999.000,9999.000,9999.000,9999.000
202604260842,   0.011,   0.961,9999.000,9999.000,9999.000,9999.000,9999.000,9999.000,9999.000
202604260848,   0.013,   0.419,9999.000,9999.000,9999.000,9999.000,9999.000,9999.000,9999.000
202604260854,   0.014,   0.278,9999.000,9999.000,9999.000,9999.000,9999.000,9999.000,9999.000
202604260900,   0.016,   0.360,   0.700,  -0.356,   0.360,   0.600,   0.260,   0.800,   0.460
202604260906,   0.019,   0.321,9999.000,9999.000,9999.000,9999.000,9999.000,9999.000,9999.000
202604260912,   0.022,   0.409,9999.000,9999.000,9999.000,9999.000,9999.000,9999.000,9999.000
202604260918,   0.024,   0.469,9999.000,9999.000,9999.000,9999.000,9999.000,9999.000,9999.000
202604260924,   0.028,   0.560,9999.000,9999.000,9999.000,9999.000,9999.000,9999.000,9999.000
202604260930,   0.031,   0.731,9999.000,9999.000,9999.000,9999.000,9999.000,9999.000,9999.000
202604260936,   0.035,   0.888,9999.000,9999.000,9999.000,9999.000,9999.000,9999.000,9999.000
202604260942,   0.039,   1.000,9999.000,9999.000,9999.000,9999.000,9999.000,9999.000,9999.000
202604260948,   0.043,   1.259,9999.000,9999.000,9999.000,9999.000,9999.000,9999.000,9999.000
202604260954,   0.047,   1.259,9999.000,9999.000,9999.000,9999.000,9999.000,9999.000,9999.000
202604261000,   0.051,   0.839,   0.700,   0.088,   0.839,   0.700,   0.839,   0.800,   0.939
202604261006,   0.055,   0.819,9999.000,9999.000,9999.000,9999.000,9999.000,9999.000,9999.000
202604261012,   0.059,   0.839,9999.000,9999.000,9999.000,9999.000,9999.000,9999.000,9999.000
202604261018,   0.063,   0.879,9999.000,9999.000,9999.000,9999.000,9999.000,9999.000,9999.000
202604261024,   0.067,   0.869,9999.000,9999.000,9999.000,9999.000,9999.000,9999.000,9999.000
202604261030,   0.070,   0.780,9999.000,9999.000,9999.000,9999.000,9999.000,9999.000,9999.000
202604261036,   0.074,   0.698,9999.000,9999.000,9999.000,9999.000,9999.000,9999.000,9999.000
202604261042,   0.077,   0.849,9999.000,9999.000,9999.000,9999.000,9999.000,9999.000,9999.000
202604261048,   0.081,   1.200,9999.000,9999.000,9999.000,9999.000,9999.000,9999.000,9999.000
202604261054,   0.084,   0.879,9999.000,9999.000,9999.000,9999.000,9999.000,9999.000,9999.000
202604261100,   0.087,   0.810,   0.700,   0.023,   0.810,   0.700,   0.810,   0.800,   0.910
202604261106,   0.089,   0.741,9999.000,9999.000,9999.000,9999.000,9999.000,9999.000,9999.000
202604261112,   0.092,   0.780,9999.000,9999.000,9999.000,9999.000,9999.000,9999.000,9999.000
202604261118,   0.094,   0.610,9999.000,9999.000,9999.000,9999.000,9999.000,9999.000,9999.000
202604261124,   0.096,   0.600,9999.000,9999.000,9999.000,9999.000,9999.000,9999.000,9999.000
202604261130,   0.098,   0.659,9999.000,9999.000,9999.000,9999.000,9999.000,9999.000,9999.000
202604261136,   0.099,   0.829,9999.000,9999.000,9999.000,9999.000,9999.000,9999.000,9999.000
202604261142,   0.101,   0.708,9999.000,9999.000,9999.000,9999.000,9999.000,9999.000,9999.000
202604261148,   0.102,   0.649,9999.000,9999.000,9999.000,9999.000,9999.000,9999.000,9999.000
202604261154,   0.103,   0.649,9999.000,9999.000,9999.000,9999.000,9999.000,9999.000,9999.000
202604261200,   0.104,   0.708,   0.700,  -0.096,   0.708,   0.700,   0.708,   0.800,   0.808
202604261206,   0.105,   0.688,9999.000,9999.000,9999.000,9999.000,9999.000,9999.000,9999.000
202604261212,   0.106,   0.839,9999.000,9999.000,9999.000,9999.000,9999.000,9999.000,9999.000
202604261218,   0.107,   1.039,9999.000,9999.000,9999.000,9999.000,9999.000,9999.000,9999.000
202604261224,   0.109,   0.980,9999.000,9999.000,9999.000,9999.000,9999.000,9999.000,9999.000
202604261230,   0.110,   0.819,9999.000,9999.000,9999.000,9999.000,9999.000,9999.000,9999.000
202604261236,   0.111,   1.069,9999.000,9999.000,9999.000,9999.000,9999.000,9999.000,9999.000
202604261242,   0.112,   0.990,9999.000,9999.000,9999.000,9999.000,9999.000,9999.000,9999.000
202604261248,   0.113,   0.819,9999.000,9999.000,9999.000,9999.000,9999.000,9999.000,9999.000
202604261254,   0.115,   0.970,9999.000,9999.000,9999.000,9999.000,9999.000,9999.000,9999.000
202604261300,   0.116,   1.049,   0.700,   0.233,   1.049,   0.700,   1.049,   0.800,   1.149
202604261306,   0.118,   0.908,9999.000,9999.000,9999.000,9999.000,9999.000,9999.000,9999.000
202604261312,   0.119,   0.970,9999.000,9999.000,9999.000,9999.000,9999.000,9999.000,9999.000
202604261318,   0.121,   1.039,9999.000,9999.000,9999.000,9999.000,9999.000,9999.000,9999.000
202604261324,   0.122,   0.961,9999.000,9999.000,9999.000,9999.000,9999.000,9999.000,9999.000
202604261330,   0.124,   0.941,9999.000,9999.000,9999.000,9999.000,9999.000,9999.000,9999.000
202604261336,   0.126,   0.869,9999.000,9999.000,9999.000,9999.000,9999.000,9999.000,9999.000
202604261342,   0.128,   0.990,9999.000,9999.000,9999.000,9999.000,9999.000,9999.000,9999.000
202604261348,   0.129,   0.770,9999.000,9999.000,9999.000,9999.000,9999.000,9999.000,9999.000
202604261354,   0.131,   0.649,9999.000,9999.000,9999.000,9999.000,9999.000,9999.000,9999.000
202604261400,   0.132,   0.708,   0.800,  -0.224,   0.708,   0.700,   0.608,   0.800,   0.708
202604261406,   0.134,   0.590,9999.000,9999.000,9999.000,9999.000,9999.000,9999.000,9999.000
202604261412,   0.135,   0.531,9999.000,9999.000,9999.000,9999.000,9999.000,9999.000,9999.000
202604261418,   0.136,   0.610,9999.000,9999.000,9999.000,9999.000,9999.000,9999.000,9999.000
202604261424,   0.137,   0.810,9999.000,9999.000,9999.000,9999.000,9999.000,9999.000,9999.000
202604261430,   0.137,   1.010,9999.000,9999.000,9999.000,9999.000,9999.000,9999.000,9999.000
202604261436,   0.137,   0.498,9999.000,9999.000,9999.000,9999.000,9999.000,9999.000,9999.000
202604261442,   0.137,   0.580,9999.000,9999.000,9999.000,9999.000,9999.000,9999.000,9999.000
202604261448,   0.137,   1.548,9999.000,9999.000,9999.000,9999.000,9999.000,9999.000,9999.000
202604261454,   0.136,   2.499,9999.000,9999.000,9999.000,9999.000,9999.000,9999.000,9999.000
202604261500,   0.135,   2.968,   0.800,   2.033,   2.968,   0.700,   2.868,   0.900,   3.068
202604261506,   0.134,   3.689,9999.000,9999.000,9999.000,9999.000,9999.000,9999.000,9999.000
202604261512,   0.132,   2.948,9999.000,9999.000,9999.000,9999.000,9999.000,9999.000,9999.000
202604261518,   0.130,   3.158,9999.000,9999.000,9999.000,9999.000,9999.000,9999.000,9999.000
202604261524,   0.128,   2.748,9999.000,9999.000,9999.000,9999.000,9999.000,9999.000,9999.000
202604261530,   0.125,   3.119,9999.000,9999.000,9999.000,9999.000,9999.000,9999.000,9999.000
202604261536,   0.122,   3.099,9999.000,9999.000,9999.000,9999.000,9999.000,9999.000,9999.000
202604261542,   0.119,   3.378,9999.000,9999.000,9999.000,9999.000,9999.000,9999.000,9999.000
202604261548,   0.115,   2.958,9999.000,9999.000,9999.000,9999.000,9999.000,9999.000,9999.000
202604261554,   0.112,   3.240,9999.000,9999.000,9999.000,9999.000,9999.000,9999.000,9999.000
202604261600,   0.108,   3.138,   0.900,   2.130,   3.138,   0.800,   3.038,   1.000,   3.238
202604261606,   0.104,   3.240,9999.000,9999.000,9999.000,9999.000,9999.000,9999.000,9999.000
202604261612,   0.100,   3.339,9999.000,9999.000,9999.000,9999.000,9999.000,9999.000,9999.000
202604261618,   0.097,   3.398,9999.000,9999.000,9999.000,9999.000,9999.000,9999.000,9999.000
202604261624,   0.093,   3.270,9999.000,9999.000,9999.000,9999.000,9999.000,9999.000,9999.000
202604261630,   0.089,   3.460,9999.000,9999.000,9999.000,9999.000,9999.000,9999.000,9999.000
202604261636,   0.085,   3.450,9999.000,9999.000,9999.000,9999.000,9999.000,9999.000,9999.000
202604261642,   0.081,   3.197,9999.000,9999.000,9999.000,9999.000,9999.000,9999.000,9999.000
202604261648,   0.078,   3.109,9999.000,9999.000,9999.000,9999.000,9999.000,9999.000,9999.000
202604261654,   0.074,   3.329,9999.000,9999.000,9999.000,9999.000,9999.000,9999.000,9999.000
202604261700,   0.071,   3.197,   0.900,   2.226,   3.197,   0.800,   3.097,   1.100,   3.397
202604261706,   0.068,   2.958,9999.000,9999.000,9999.000,9999.000,9999.000,9999.000,9999.000
202604261712,   0.065,   3.017,9999.000,9999.000,9999.000,9999.000,9999.000,9999.000,9999.000
202604261718,   0.063,   3.378,9999.000,9999.000,9999.000,9999.000,9999.000,9999.000,9999.000
202604261724,   0.060,   3.529,9999.000,9999.000,9999.000,9999.000,9999.000,9999.000,9999.000
202604261730,   0.058,   3.178,9999.000,9999.000,9999.000,9999.000,9999.000,9999.000,9999.000
202604261736,   0.056,   3.398,9999.000,9999.000,9999.000,9999.000,9999.000,9999.000,9999.000
202604261742,   0.054,   3.168,9999.000,9999.000,9999.000,9999.000,9999.000,9999.000,9999.000
202604261748,   0.053,   3.129,9999.000,9999.000,9999.000,9999.000,9999.000,9999.000,9999.000
202604261754,   0.051,   3.240,9999.000,9999.000,9999.000,9999.000,9999.000,9999.000,9999.000
202604261800,   0.050,   3.388,   1.000,   2.338,   3.388,   0.900,   3.288,   1.000,   3.388
202604261806,   0.048,   3.388,9999.000,9999.000,9999.000,9999.000,9999.000,9999.000,9999.000
202604261812,   0.047,   3.460,9999.000,9999.000,9999.000,9999.000,9999.000,9999.000,9999.000
202604261818,   0.046,   3.480,9999.000,9999.000,9999.000,9999.000,9999.000,9999.000,9999.000
202604261824,   0.045,   3.607,9999.000,9999.000,9999.000,9999.000,9999.000,9999.000,9999.000
202604261830,   0.043,   3.568,9999.000,9999.000,9999.000,9999.000,9999.000,9999.000,9999.000
202604261836,   0.042,   3.808,9999.000,9999.000,9999.000,9999.000,9999.000,9999.000,9999.000
202604261842,   0.041,   3.450,9999.000,9999.000,9999.000,9999.000,9999.000,9999.000,9999.000
202604261848,   0.040,   3.358,9999.000,9999.000,9999.000,9999.000,9999.000,9999.000,9999.000
202604261854,   0.038,   3.598,9999.000,9999.000,9999.000,9999.000,9999.000,9999.000,9999.000
202604261900,   0.037,   3.558,   1.100,   2.421,   3.558,   1.000,   3.458,   1.200,   3.658
202604261906,   0.035,   3.499,9999.000,9999.000,9999.000,9999.000,9999.000,9999.000,9999.000
202604261912,   0.034,   3.250,9999.000,9999.000,9999.000,9999.000,9999.000,9999.000,9999.000
202604261918,   0.032,   3.207,9999.000,9999.000,9999.000,9999.000,9999.000,9999.000,9999.000
202604261924,   0.030,   3.407,9999.000,9999.000,9999.000,9999.000,9999.000,9999.000,9999.000
202604261930,   0.028,   3.329,9999.000,9999.000,9999.000,9999.000,9999.000,9999.000,9999.000
202604261936,   0.026,   3.309,9999.000,9999.000,9999.000,9999.000,9999.000,9999.000,9999.000
202604261942,   0.024,   3.899,9999.000,9999.000,9999.000,9999.000,9999.000,9999.000,9999.000
202604261948,   0.022,   3.558,9999.000,9999.000,9999.000,9999.000,9999.000,9999.000,9999.000
202604261954,   0.020,   3.440,9999.000,9999.000,9999.000,9999.000,9999.000,9999.000,9999.000
202604262000,   0.018,   3.548,   1.100,   2.430,   3.548,   1.100,   3.548,   1.200,   3.648
202604262006,   0.016,   3.480,9999.000,9999.000,9999.000,9999.000,9999.000,9999.000,9999.000
202604262012,   0.014,   3.398,9999.000,9999.000,9999.000,9999.000,9999.000,9999.000,9999.000
202604262018,   0.013,   3.417,9999.000,9999.000,9999.000,9999.000,9999.000,9999.000,9999.000
202604262024,   0.011,   3.680,9999.000,9999.000,9999.000,9999.000,9999.000,9999.000,9999.000
202604262030,   0.010,   3.509,9999.000,9999.000,9999.000,9999.000,9999.000,9999.000,9999.000
202604262036,   0.009,   3.378,9999.000,9999.000,9999.000,9999.000,9999.000,9999.000,9999.000
202604262042,   0.008,   3.480,9999.000,9999.000,9999.000,9999.000,9999.000,9999.000,9999.000
202604262048,   0.007,   3.489,9999.000,9999.000,9999.000,9999.000,9999.000,9999.000,9999.000
202604262054,   0.007,   3.749,9999.000,9999.000,9999.000,9999.000,9999.000,9999.000,9999.000
202604262100,   0.007,   3.758,   1.200,   2.551,   3.758,   1.100,   3.658,   1.300,   3.858
202604262106,   0.007,   3.680,9999.000,9999.000,9999.000,9999.000,9999.000,9999.000,9999.000
202604262112,   0.008,   3.817,9999.000,9999.000,9999.000,9999.000,9999.000,9999.000,9999.000
202604262118,   0.009,   3.529,9999.000,9999.000,9999.000,9999.000,9999.000,9999.000,9999.000
202604262124,   0.010,   3.637,9999.000,9999.000,9999.000,9999.000,9999.000,9999.000,9999.000
202604262130,   0.012,   3.568,9999.000,9999.000,9999.000,9999.000,9999.000,9999.000,9999.000
202604262136,   0.014,   3.758,9999.000,9999.000,9999.000,9999.000,9999.000,9999.000,9999.000
202604262142,   0.016,   4.027,9999.000,9999.000,9999.000,9999.000,9999.000,9999.000,9999.000
202604262148,   0.019,   3.827,9999.000,9999.000,9999.000,9999.000,9999.000,9999.000,9999.000
202604262154,   0.021,   3.719,9999.000,9999.000,9999.000,9999.000,9999.000,9999.000,9999.000
202604262200,   0.024,   3.837,   1.300,   2.513,   3.837,   1.100,   3.637,   1.400,   3.937
202604262206,   0.027,   3.588,9999.000,9999.000,9999.000,9999.000,9999.000,9999.000,9999.000
202604262212,   0.031,   3.988,9999.000,9999.000,9999.000,9999.000,9999.000,9999.000,9999.000
202604262218,   0.034,   3.798,9999.000,9999.000,9999.000,9999.000,9999.000,9999.000,9999.000
202604262224,   0.037,   3.568,9999.000,9999.000,9999.000,9999.000,9999.000,9999.000,9999.000
202604262230,   0.041,   3.739,9999.000,9999.000,9999.000,9999.000,9999.000,9999.000,9999.000
202604262236,   0.044,   4.057,9999.000,9999.000,9999.000,9999.000,9999.000,9999.000,9999.000
202604262242,   0.048,   3.798,9999.000,9999.000,9999.000,9999.000,9999.000,9999.000,9999.000
202604262248,   0.051,   3.578,9999.000,9999.000,9999.000,9999.000,9999.000,9999.000,9999.000
202604262254,   0.055,   3.729,9999.000,9999.000,9999.000,9999.000,9999.000,9999.000,9999.000
202604262300,   0.058,   4.057,   1.300,   2.699,   4.057,   1.200,   3.957,   1.400,   4.157
202604262306,   0.061,   3.880,9999.000,9999.000,9999.000,9999.000,9999.000,9999.000,9999.000
202604262312,   0.064,   3.909,9999.000,9999.000,9999.000,9999.000,9999.000,9999.000,9999.000
202604262318,   0.066,   3.578,9999.000,9999.000,9999.000,9999.000,9999.000,9999.000,9999.000
202604262324,   0.070,   3.719,9999.000,9999.000,9999.000,9999.000,9999.000,9999.000,9999.000
202604262330,   0.071,   3.709,9999.000,9999.000,9999.000,9999.000,9999.000,9999.000,9999.000
202604262336,   0.073,   3.798,9999.000,9999.000,9999.000,9999.000,9999.000,9999.000,9999.000
202604262342,   0.075,   3.509,9999.000,9999.000,9999.000,9999.000,9999.000,9999.000,9999.000
202604262348,   0.077,   3.909,9999.000,9999.000,9999.000,9999.000,9999.000,9999.000,9999.000
202604262354,   0.078,   3.588,9999.000,9999.000,9999.000,9999.000,9999.000,9999.000,9999.000
202604270000,   0.079,   3.680,   1.200,   2.401,   3.680,   1.100,   3.580,   1.300,   3.780
202604270006,   0.081,   3.548,9999.000,9999.000,9999.000,9999.000,9999.000,9999.000,9999.000
202604270012,   0.082,   3.650,9999.000,9999.000,9999.000,9999.000,9999.000,9999.000,9999.000
202604270018,   0.083,   3.598,9999.000,9999.000,9999.000,9999.000,9999.000,9999.000,9999.000
202604270024,   0.084,   3.837,9999.000,9999.000,9999.000,9999.000,9999.000,9999.000,9999.000
202604270030,   0.084,   3.719,9999.000,9999.000,9999.000,9999.000,9999.000,9999.000,9999.000
202604270036,   0.085,   3.450,9999.000,9999.000,9999.000,9999.000,9999.000,9999.000,9999.000
202604270042,   0.086,   3.480,9999.000,9999.000,9999.000,9999.000,9999.000,9999.000,9999.000
202604270048,   0.087,   3.519,9999.000,9999.000,9999.000,9999.000,9999.000,9999.000,9999.000
202604270054,   0.088,   3.598,9999.000,9999.000,9999.000,9999.000,9999.000,9999.000,9999.000
202604270100,   0.089,   3.539,   1.300,   2.150,   3.539,   1.200,   3.439,   1.400,   3.639
202604270106,   0.090,   3.519,9999.000,9999.000,9999.000,9999.000,9999.000,9999.000,9999.000
202604270112,   0.091,   3.548,9999.000,9999.000,9999.000,9999.000,9999.000,9999.000,9999.000
202604270118,   0.093,   3.489,9999.000,9999.000,9999.000,9999.000,9999.000,9999.000,9999.000
202604270124,   0.094,   3.480,9999.000,9999.000,9999.000,9999.000,9999.000,9999.000,9999.000
202604270130,   0.095,   3.548,9999.000,9999.000,9999.000,9999.000,9999.000,9999.000,9999.000
202604270136,   0.097,   3.670,9999.000,9999.000,9999.000,9999.000,9999.000,9999.000,9999.000
202604270142,   0.099,   3.637,9999.000,9999.000,9999.000,9999.000,9999.000,9999.000,9999.000
202604270148,   0.100,   3.499,9999.000,9999.000,9999.000,9999.000,9999.000,9999.000,9999.000
202604270154,   0.102,   3.598,9999.000,9999.000,9999.000,9999.000,9999.000,9999.000,9999.000
202604270200,   0.104,   3.548,   1.300,   2.144,   3.548,   1.200,   3.448,   1.400,   3.648
202604270206,   0.106,   3.368,9999.000,9999.000,9999.000,9999.000,9999.000,9999.000,9999.000
202604270212,   0.108,   3.758,9999.000,9999.000,9999.000,9999.000,9999.000,9999.000,9999.000
202604270218,   0.109,   3.588,9999.000,9999.000,9999.000,9999.000,9999.000,9999.000,9999.000
202604270224,   0.111,   3.709,9999.000,9999.000,9999.000,9999.000,9999.000,9999.000,9999.000
202604270230,   0.112,   3.529,9999.000,9999.000,9999.000,9999.000,9999.000,9999.000,9999.000
202604270236,   0.114,   3.417,9999.000,9999.000,9999.000,9999.000,9999.000,9999.000,9999.000
202604270242,   0.115,   3.617,9999.000,9999.000,9999.000,9999.000,9999.000,9999.000,9999.000
202604270248,   0.116,   3.578,9999.000,9999.000,9999.000,9999.000,9999.000,9999.000,9999.000
202604270254,   0.117,   3.637,9999.000,9999.000,9999.000,9999.000,9999.000,9999.000,9999.000
202604270300,   0.117,   3.450,   1.400,   1.933,   3.450,   1.200,   3.250,   1.500,   3.550
202604270306,   0.117,   3.348,9999.000,9999.000,9999.000,9999.000,9999.000,9999.000,9999.000
202604270312,   0.117,   3.499,9999.000,9999.000,9999.000,9999.000,9999.000,9999.000,9999.000
202604270318,   0.117,   3.460,9999.000,9999.000,9999.000,9999.000,9999.000,9999.000,9999.000
202604270324,   0.116,   3.378,9999.000,9999.000,9999.000,9999.000,9999.000,9999.000,9999.000
202604270330,   0.115,   3.568,9999.000,9999.000,9999.000,9999.000,9999.000,9999.000,9999.000
202604270336,   0.114,   3.240,9999.000,9999.000,9999.000,9999.000,9999.000,9999.000,9999.000
202604270342,   0.112,   3.539,9999.000,9999.000,9999.000,9999.000,9999.000,9999.000,9999.000
202604270348,   0.110,   3.270,9999.000,9999.000,9999.000,9999.000,9999.000,9999.000,9999.000
202604270354,   0.108,   3.270,9999.000,9999.000,9999.000,9999.000,9999.000,9999.000,9999.000
202604270400,   0.105,   3.378,   1.400,   1.873,   3.378,   1.300,   3.278,   1.500,   3.478
202604270406,   0.103,   2.988,9999.000,9999.000,9999.000,9999.000,9999.000,9999.000,9999.000
202604270412,   0.100,   3.040,9999.000,9999.000,9999.000,9999.000,9999.000,9999.000,9999.000
202604270418,   0.096,   3.178,9999.000,9999.000,9999.000,9999.000,9999.000,9999.000,9999.000
202604270424,   0.093,   3.158,9999.000,9999.000,9999.000,9999.000,9999.000,9999.000,9999.000
202604270430,   0.090,   2.879,9999.000,9999.000,9999.000,9999.000,9999.000,9999.000,9999.000
202604270436,   0.086,   3.040,9999.000,9999.000,9999.000,9999.000,9999.000,9999.000,9999.000
202604270442,   0.083,   3.197,9999.000,9999.000,9999.000,9999.000,9999.000,9999.000,9999.000
202604270448,   0.079,   2.968,9999.000,9999.000,9999.000,9999.000,9999.000,9999.000,9999.000
202604270454,   0.076,   2.988,9999.000,9999.000,9999.000,9999.000,9999.000,9999.000,9999.000
202604270500,   0.072,   3.040,   1.400,   1.568,   3.040,   1.300,   2.940,   1.600,   3.240
202604270506,   0.070,   2.948,9999.000,9999.000,9999.000,9999.000,9999.000,9999.000,9999.000
202604270512,   0.066,   3.240,9999.000,9999.000,9999.000,9999.000,9999.000,9999.000,9999.000
202604270518,   0.063,   3.299,9999.000,9999.000,9999.000,9999.000,9999.000,9999.000,9999.000
202604270524,   0.060,   3.079,9999.000,9999.000,9999.000,9999.000,9999.000,9999.000,9999.000
202604270530,   0.057,   2.948,9999.000,9999.000,9999.000,9999.000,9999.000,9999.000,9999.000
202604270536,   0.055,   3.070,9999.000,9999.000,9999.000,9999.000,9999.000,9999.000,9999.000
202604270542,   0.053,   2.978,9999.000,9999.000,9999.000,9999.000,9999.000,9999.000,9999.000
202604270548,   0.051,   3.197,9999.000,9999.000,9999.000,9999.000,9999.000,9999.000,9999.000
202604270554,   0.049,   3.079,9999.000,9999.000,9999.000,9999.000,9999.000,9999.000,9999.000
202604270600,   0.047,   3.207,   1.300,   1.860,   3.207,   1.200,   3.107,   1.400,   3.307
202604270606,   0.046,   3.007,9999.000,9999.000,9999.000,9999.000,9999.000,9999.000,9999.000
202604270612,   0.044,   3.348,9999.000,9999.000,9999.000,9999.000,9999.000,9999.000,9999.000
202604270618,   0.043,   3.217,9999.000,9999.000,9999.000,9999.000,9999.000,9999.000,9999.000
202604270624,   0.042,   3.158,9999.000,9999.000,9999.000,9999.000,9999.000,9999.000,9999.000
202604270630,   0.041,   3.050,9999.000,9999.000,9999.000,9999.000,9999.000,9999.000,9999.000
202604270636,   0.040,   3.129,9999.000,9999.000,9999.000,9999.000,9999.000,9999.000,9999.000
202604270642,   0.039,   2.997,9999.000,9999.000,9999.000,9999.000,9999.000,9999.000,9999.000
202604270648,   0.039,   2.778,9999.000,9999.000,9999.000,9999.000,9999.000,9999.000,9999.000
202604270654,   0.038,   2.879,9999.000,9999.000,9999.000,9999.000,9999.000,9999.000,9999.000
202604270700,   0.037,   3.168,   1.300,   1.831,   3.168,   1.200,   3.068,   1.400,   3.268
202604270706,   0.036,   2.807,9999.000,9999.000,9999.000,9999.000,9999.000,9999.000,9999.000
202604270712,   0.035,   3.188,9999.000,9999.000,9999.000,9999.000,9999.000,9999.000,9999.000
202604270718,   0.034,   3.070,9999.000,9999.000,9999.000,9999.000,9999.000,9999.000,9999.000
202604270724,   0.033,   2.968,9999.000,9999.000,9999.000,9999.000,9999.000,9999.000,9999.000
202604270730,   0.032,   3.348,9999.000,9999.000,9999.000,9999.000,9999.000,9999.000,9999.000
202604270736,   0.031,   3.217,9999.000,9999.000,9999.000,9999.000,9999.000,9999.000,9999.000
202604270742,   0.029,   3.007,9999.000,9999.000,9999.000,9999.000,9999.000,9999.000,9999.000
202604270748,   0.028,   3.129,9999.000,9999.000,9999.000,9999.000,9999.000,9999.000,9999.000
202604270754,   0.026,   3.129,9999.000,9999.000,9999.000,9999.000,9999.000,9999.000,9999.000
202604270800,   0.024,   3.007,   1.300,   1.683,   3.007,   1.200,   2.907,   1.400,   3.107
202604270806,   0.023,   3.178,9999.000,9999.000,9999.000,9999.000,9999.000,9999.000,9999.000
202604270812,   0.021,   3.230,9999.000,9999.000,9999.000,9999.000,9999.000,9999.000,9999.000
202604270818,   0.019,   3.217,9999.000,9999.000,9999.000,9999.000,9999.000,9999.000,9999.000
202604270824,   0.017,   3.460,9999.000,9999.000,9999.000,9999.000,9999.000,9999.000,9999.000
202604270830,   0.016,   3.109,9999.000,9999.000,9999.000,9999.000,9999.000,9999.000,9999.000
202604270836,   0.014,   3.499,9999.000,9999.000,9999.000,9999.000,9999.000,9999.000,9999.000
202604270842,   0.013,   3.480,9999.000,9999.000,9999.000,9999.000,9999.000,9999.000,9999.000
202604270848,   0.011,   3.378,9999.000,9999.000,9999.000,9999.000,9999.000,9999.000,9999.000
202604270854,   0.010,   3.368,9999.000,9999.000,9999.000,9999.000,9999.000,9999.000,9999.000
202604270900,   0.009,   3.529,   1.300,   2.220,   3.529,   1.200,   3.429,   1.400,   3.629
202604270906,   0.008,   2.978,9999.000,9999.000,9999.000,9999.000,9999.000,9999.000,9999.000
202604270912,   0.008,   3.358,9999.000,9999.000,9999.000,9999.000,9999.000,9999.000,9999.000
202604270918,   0.008,   3.129,9999.000,9999.000,9999.000,9999.000,9999.000,9999.000,9999.000
202604270924,   0.008,   3.289,9999.000,9999.000,9999.000,9999.000,9999.000,9999.000,9999.000
202604270930,   0.008,   2.948,9999.000,9999.000,9999.000,9999.000,9999.000,9999.000,9999.000
202604270936,   0.009,   3.129,9999.000,9999.000,9999.000,9999.000,9999.000,9999.000,9999.000
202604270942,   0.010,   3.109,9999.000,9999.000,9999.000,9999.000,9999.000,9999.000,9999.000
202604270948,   0.011,   3.470,9999.000,9999.000,9999.000,9999.000,9999.000,9999.000,9999.000
202604270954,   0.013,   2.587,9999.000,9999.000,9999.000,9999.000,9999.000,9999.000,9999.000
202604271000,   0.015,   2.578,   1.400,   1.163,   2.578,   1.300,   2.478,   1.400,   2.578
202604271006,   0.017,   2.650,9999.000,9999.000,9999.000,9999.000,9999.000,9999.000,9999.000
202604271012,   0.020,   2.669,9999.000,9999.000,9999.000,9999.000,9999.000,9999.000,9999.000
202604271018,   0.022,   2.587,9999.000,9999.000,9999.000,9999.000,9999.000,9999.000,9999.000
202604271024,   0.025,   2.489,9999.000,9999.000,9999.000,9999.000,9999.000,9999.000,9999.000
202604271030,   0.028,   2.499,9999.000,9999.000,9999.000,9999.000,9999.000,9999.000,9999.000
202604271036,   0.032,   2.479,9999.000,9999.000,9999.000,9999.000,9999.000,9999.000,9999.000
202604271042,   0.035,   2.377,9999.000,9999.000,9999.000,9999.000,9999.000,9999.000,9999.000
202604271048,   0.039,   2.988,9999.000,9999.000,9999.000,9999.000,9999.000,9999.000,9999.000
202604271054,   0.042,   3.129,9999.000,9999.000,9999.000,9999.000,9999.000,9999.000,9999.000
202604271100,   0.046,   2.929,   1.400,   1.483,   2.929,   1.300,   2.829,   1.500,   3.029
202604271106,   0.049,   2.958,9999.000,9999.000,9999.000,9999.000,9999.000,9999.000,9999.000
202604271112,   0.052,   2.899,9999.000,9999.000,9999.000,9999.000,9999.000,9999.000,9999.000
202604271118,   0.056,   2.919,9999.000,9999.000,9999.000,9999.000,9999.000,9999.000,9999.000
202604271124,   0.059,   2.889,9999.000,9999.000,9999.000,9999.000,9999.000,9999.000,9999.000
202604271130,   0.062,   3.060,9999.000,9999.000,9999.000,9999.000,9999.000,9999.000,9999.000
202604271136,   0.065,   2.968,9999.000,9999.000,9999.000,9999.000,9999.000,9999.000,9999.000
202604271142,   0.067,   2.797,9999.000,9999.000,9999.000,9999.000,9999.000,9999.000,9999.000
202604271148,   0.070,   2.620,9999.000,9999.000,9999.000,9999.000,9999.000,9999.000,9999.000
202604271154,   0.072,   2.909,9999.000,9999.000,9999.000,9999.000,9999.000,9999.000,9999.000
202604271200,   0.074,   2.748,   1.200,   1.474,   2.748,   1.200,   2.748,   1.300,   2.848
202604271206,   0.076,   2.679,9999.000,9999.000,9999.000,9999.000,9999.000,9999.000,9999.000
202604271212,   0.077,   2.660,9999.000,9999.000,9999.000,9999.000,9999.000,9999.000,9999.000
202604271218,   0.079,   2.738,9999.000,9999.000,9999.000,9999.000,9999.000,9999.000,9999.000
202604271224,   0.080,   2.669,9999.000,9999.000,9999.000,9999.000,9999.000,9999.000,9999.000
202604271230,   0.081,   2.758,9999.000,9999.000,9999.000,9999.000,9999.000,9999.000,9999.000
202604271236,   0.082,   2.938,9999.000,9999.000,9999.000,9999.000,9999.000,9999.000,9999.000
202604271242,   0.083,   2.768,9999.000,9999.000,9999.000,9999.000,9999.000,9999.000,9999.000
202604271248,   0.084,   2.660,9999.000,9999.000,9999.000,9999.000,9999.000,9999.000,9999.000
202604271254,   0.084,   2.689,9999.000,9999.000,9999.000,9999.000,9999.000,9999.000,9999.000
202604271300,   0.085,   2.978,   1.200,   1.693,   2.978,   1.200,   2.978,   1.300,   3.078
202604271306,   0.086,   2.797,9999.000,9999.000,9999.000,9999.000,9999.000,9999.000,9999.000
202604271312,   0.087,   2.768,9999.000,9999.000,9999.000,9999.000,9999.000,9999.000,9999.000
202604271318,   0.087,   2.929,9999.000,9999.000,9999.000,9999.000,9999.000,9999.000,9999.000
202604271324,   0.088,   2.479,9999.000,9999.000,9999.000,9999.000,9999.000,9999.000,9999.000
202604271330,   0.089,   2.797,9999.000,9999.000,9999.000,9999.000,9999.000,9999.000,9999.000
202604271336,   0.090,   2.689,9999.000,9999.000,9999.000,9999.000,9999.000,9999.000,9999.000
202604271342,   0.091,   2.899,9999.000,9999.000,9999.000,9999.000,9999.000,9999.000,9999.000
202604271348,   0.092,   2.587,9999.000,9999.000,9999.000,9999.000,9999.000,9999.000,9999.000
202604271354,   0.094,   2.368,9999.000,9999.000,9999.000,9999.000,9999.000,9999.000,9999.000
202604271400,   0.095,   2.699,   1.200,   1.404,   2.699,   1.200,   2.699,   1.300,   2.799
202604271406,   0.097,   2.220,9999.000,9999.000,9999.000,9999.000,9999.000,9999.000,9999.000
202604271412,   0.098,   2.620,9999.000,9999.000,9999.000,9999.000,9999.000,9999.000,9999.000
202604271418,   0.100,   2.679,9999.000,9999.000,9999.000,9999.000,9999.000,9999.000,9999.000
202604271424,   0.101,   2.630,9999.000,9999.000,9999.000,9999.000,9999.000,9999.000,9999.000
202604271430,   0.103,   2.387,9999.000,9999.000,9999.000,9999.000,9999.000,9999.000,9999.000
202604271436,   0.105,   2.309,9999.000,9999.000,9999.000,9999.000,9999.000,9999.000,9999.000
202604271442,   0.106,   2.728,9999.000,9999.000,9999.000,9999.000,9999.000,9999.000,9999.000
202604271448,   0.108,   2.519,9999.000,9999.000,9999.000,9999.000,9999.000,9999.000,9999.000
202604271454,   0.109,   2.548,9999.000,9999.000,9999.000,9999.000,9999.000,9999.000,9999.000
202604271500,   0.111,   2.499,   1.300,   1.088,   2.499,   1.200,   2.399,   1.300,   2.499
202604271506,   0.112,   2.548,9999.000,9999.000,9999.000,9999.000,9999.000,9999.000,9999.000
202604271512,   0.113,   2.309,9999.000,9999.000,9999.000,9999.000,9999.000,9999.000,9999.000
202604271518,   0.113,   2.650,9999.000,9999.000,9999.000,9999.000,9999.000,9999.000,9999.000
202604271524,   0.114,   2.630,9999.000,9999.000,9999.000,9999.000,9999.000,9999.000,9999.000
202604271530,   0.114,   2.610,9999.000,9999.000,9999.000,9999.000,9999.000,9999.000,9999.000
202604271536,   0.114,   2.768,9999.000,9999.000,9999.000,9999.000,9999.000,9999.000,9999.000
202604271542,   0.113,   2.459,9999.000,9999.000,9999.000,9999.000,9999.000,9999.000,9999.000
202604271548,   0.112,   2.400,9999.000,9999.000,9999.000,9999.000,9999.000,9999.000,9999.000
202604271554,   0.111,   2.630,9999.000,9999.000,9999.000,9999.000,9999.000,9999.000,9999.000
202604271600,   0.110,   2.889,   1.300,   1.479,   2.889,   1.200,   2.789,   1.300,   2.889
202604271606,   0.108,   2.620,9999.000,9999.000,9999.000,9999.000,9999.000,9999.000,9999.000
202604271612,   0.106,   2.948,9999.000,9999.000,9999.000,9999.000,9999.000,9999.000,9999.000
202604271618,   0.104,   2.778,9999.000,9999.000,9999.000,9999.000,9999.000,9999.000,9999.000
202604271624,   0.101,   2.768,9999.000,9999.000,9999.000,9999.000,9999.000,9999.000,9999.000
202604271630,   0.099,   3.050,9999.000,9999.000,9999.000,9999.000,9999.000,9999.000,9999.000
202604271636,   0.096,   2.650,9999.000,9999.000,9999.000,9999.000,9999.000,9999.000,9999.000
202604271642,   0.093,   2.558,9999.000,9999.000,9999.000,9999.000,9999.000,9999.000,9999.000
202604271648,   0.089,   2.719,9999.000,9999.000,9999.000,9999.000,9999.000,9999.000,9999.000
202604271654,   0.086,   2.669,9999.000,9999.000,9999.000,9999.000,9999.000,9999.000,9999.000
202604271700,   0.082,   2.778,   1.300,   1.396,   2.778,   1.200,   2.678,   1.300,   2.778
202604271706,   0.079,   2.679,9999.000,9999.000,9999.000,9999.000,9999.000,9999.000,9999.000
202604271712,   0.075,   2.620,9999.000,9999.000,9999.000,9999.000,9999.000,9999.000,9999.000
202604271718,   0.072,   2.597,9999.000,9999.000,9999.000,9999.000,9999.000,9999.000,9999.000
202604271724,   0.068,   2.499,9999.000,9999.000,9999.000,9999.000,9999.000,9999.000,9999.000
202604271730,   0.065,   2.709,9999.000,9999.000,9999.000,9999.000,9999.000,9999.000,9999.000
202604271736,   0.062,   2.640,9999.000,9999.000,9999.000,9999.000,9999.000,9999.000,9999.000
202604271742,   0.059,   2.578,9999.000,9999.000,9999.000,9999.000,9999.000,9999.000,9999.000
202604271748,   0.056,   2.958,9999.000,9999.000,9999.000,9999.000,9999.000,9999.000,9999.000
202604271754,   0.054,   2.787,9999.000,9999.000,9999.000,9999.000,9999.000,9999.000,9999.000
202604271800,   0.051,   2.787,   1.200,   1.536,   2.787,   1.200,   2.787,   1.300,   2.887
202604271806,   0.049,   2.660,9999.000,9999.000,9999.000,9999.000,9999.000,9999.000,9999.000
202604271812,   0.047,   2.958,9999.000,9999.000,9999.000,9999.000,9999.000,9999.000,9999.000
202604271818,   0.045,   2.709,9999.000,9999.000,9999.000,9999.000,9999.000,9999.000,9999.000
202604271824,   0.043,   2.988,9999.000,9999.000,9999.000,9999.000,9999.000,9999.000,9999.000
202604271830,   0.042,   2.909,9999.000,9999.000,9999.000,9999.000,9999.000,9999.000,9999.000
202604271836,   0.041,   2.889,9999.000,9999.000,9999.000,9999.000,9999.000,9999.000,9999.000
202604271842,   0.040,   2.850,9999.000,9999.000,9999.000,9999.000,9999.000,9999.000,9999.000
202604271848,   0.039,   2.679,9999.000,9999.000,9999.000,9999.000,9999.000,9999.000,9999.000
202604271854,   0.038,   2.738,9999.000,9999.000,9999.000,9999.000,9999.000,9999.000,9999.000
202604271900,   0.037,   3.070,   1.200,   1.833,   3.070,   1.200,   3.070,   1.300,   3.170
202604271906,   0.037,   2.968,9999.000,9999.000,9999.000,9999.000,9999.000,9999.000,9999.000
202604271912,   0.036,   2.797,9999.000,9999.000,9999.000,9999.000,9999.000,9999.000,9999.000
202604271918,   0.035,   3.138,9999.000,9999.000,9999.000,9999.000,9999.000,9999.000,9999.000
202604271924,   0.035,   2.988,9999.000,9999.000,9999.000,9999.000,9999.000,9999.000,9999.000
202604271930,   0.034,   2.958,9999.000,9999.000,9999.000,9999.000,9999.000,9999.000,9999.000
202604271936,   0.033,   3.519,9999.000,9999.000,9999.000,9999.000,9999.000,9999.000,9999.000
202604271942,   0.033,   3.270,9999.000,9999.000,9999.000,9999.000,9999.000,9999.000,9999.000
202604271948,   0.032,   2.938,9999.000,9999.000,9999.000,9999.000,9999.000,9999.000,9999.000
202604271954,   0.031,   3.099,9999.000,9999.000,9999.000,9999.000,9999.000,9999.000,9999.000
202604272000,   0.030,   3.007,   1.200,   1.777,   3.007,   1.200,   3.007,   1.300,   3.107
202604272006,   0.029,   2.978,9999.000,9999.000,9999.000,9999.000,9999.000,9999.000,9999.000
202604272012,   0.027,   2.778,9999.000,9999.000,9999.000,9999.000,9999.000,9999.000,9999.000
202604272018,   0.026,   3.099,9999.000,9999.000,9999.000,9999.000,9999.000,9999.000,9999.000
202604272024,   0.025,   3.050,9999.000,9999.000,9999.000,9999.000,9999.000,9999.000,9999.000
202604272030,   0.023,   3.099,9999.000,9999.000,9999.000,9999.000,9999.000,9999.000,9999.000
202604272036,   0.022,   3.099,9999.000,9999.000,9999.000,9999.000,9999.000,9999.000,9999.000
202604272042,   0.020,   3.368,9999.000,9999.000,9999.000,9999.000,9999.000,9999.000,9999.000
202604272048,   0.019,   3.099,9999.000,9999.000,9999.000,9999.000,9999.000,9999.000,9999.000
202604272054,   0.017,   3.099,9999.000,9999.000,9999.000,9999.000,9999.000,9999.000,9999.000
202604272100,   0.016,   3.040,   1.300,   1.724,   3.040,   1.200,   2.940,   1.300,   3.040
202604272106,   0.015,   3.070,9999.000,9999.000,9999.000,9999.000,9999.000,9999.000,9999.000
202604272112,   0.014,   2.889,9999.000,9999.000,9999.000,9999.000,9999.000,9999.000,9999.000
202604272118,   0.013,   2.919,9999.000,9999.000,9999.000,9999.000,9999.000,9999.000,9999.000
202604272124,   0.012,   2.879,9999.000,9999.000,9999.000,9999.000,9999.000,9999.000,9999.000
202604272130,   0.012,   2.830,9999.000,9999.000,9999.000,9999.000,9999.000,9999.000,9999.000
202604272136,   0.011,   2.919,9999.000,9999.000,9999.000,9999.000,9999.000,9999.000,9999.000
202604272142,   0.011,   3.040,9999.000,9999.000,9999.000,9999.000,9999.000,9999.000,9999.000
202604272148,   0.012,   3.070,9999.000,9999.000,9999.000,9999.000,9999.000,9999.000,9999.000
202604272154,   0.013,   2.938,9999.000,9999.000,9999.000,9999.000,9999.000,9999.000,9999.000
202604272200,   0.014,   2.958,   1.300,   1.644,   2.958,   1.200,   2.858,   1.300,   2.958
202604272206,   0.015,   2.860,9999.000,9999.000,9999.000,9999.000,9999.000,9999.000,9999.000
202604272212,   0.017,   2.850,9999.000,9999.000,9999.000,9999.000,9999.000,9999.000,9999.000
202604272218,   0.018,   2.889,9999.000,9999.000,9999.000,9999.000,9999.000,9999.000,9999.000
202604272224,   0.021,   2.840,9999.000,9999.000,9999.000,9999.000,9999.000,9999.000,9999.000
202604272230,   0.023,   2.948,9999.000,9999.000,9999.000,9999.000,9999.000,9999.000,9999.000
202604272236,   0.026,   2.797,9999.000,9999.000,9999.000,9999.000,9999.000,9999.000,9999.000
202604272242,   0.029,   2.778,9999.000,9999.000,9999.000,9999.000,9999.000,9999.000,9999.000
202604272248,   0.033,   2.820,9999.000,9999.000,9999.000,9999.000,9999.000,9999.000,9999.000
202604272254,   0.036,   2.778,9999.000,9999.000,9999.000,9999.000,9999.000,9999.000,9999.000
202604272300,   0.040,   2.778,   1.300,   1.438,   2.778,   1.200,   2.678,   1.400,   2.878
202604272306,   0.043,   2.840,9999.000,9999.000,9999.000,9999.000,9999.000,9999.000,9999.000
202604272312,   0.047,   2.879,9999.000,9999.000,9999.000,9999.000,9999.000,9999.000,9999.000
202604272318,   0.051,   2.840,9999.000,9999.000,9999.000,9999.000,9999.000,9999.000,9999.000
202604272324,   0.055,   2.679,9999.000,9999.000,9999.000,9999.000,9999.000,9999.000,9999.000
202604272330,   0.059,   2.909,9999.000,9999.000,9999.000,9999.000,9999.000,9999.000,9999.000
202604272336,   0.063,   2.978,9999.000,9999.000,9999.000,9999.000,9999.000,9999.000,9999.000
202604272342,   0.066,   2.919,9999.000,9999.000,9999.000,9999.000,9999.000,9999.000,9999.000
202604272348,   0.070,   2.787,9999.000,9999.000,9999.000,9999.000,9999.000,9999.000,9999.000
202604272354,   0.073,   2.797,9999.000,9999.000,9999.000,9999.000,9999.000,9999.000,9999.000
202604280000,   0.077,   2.738,   1.300,   1.361,   2.738,   1.200,   2.638,   1.300,   2.738
202604280006,   0.080,   2.958,9999.000,9999.000,9999.000,9999.000,9999.000,9999.000,9999.000
202604280012,   0.083,   2.830,9999.000,9999.000,9999.000,9999.000,9999.000,9999.000,9999.000
202604280018,   0.085,   2.860,9999.000,9999.000,9999.000,9999.000,9999.000,9999.000,9999.000
202604280024,   0.088,   2.728,9999.000,9999.000,9999.000,9999.000,9999.000,9999.000,9999.000
202604280030,   0.090,   2.909,9999.000,9999.000,9999.000,9999.000,9999.000,9999.000,9999.000
202604280036,   0.092,   2.738,9999.000,9999.000,9999.000,9999.000,9999.000,9999.000,9999.000
202604280042,   0.094,   2.689,9999.000,9999.000,9999.000,9999.000,9999.000,9999.000,9999.000
202604280048,   0.095,   2.660,9999.000,9999.000,9999.000,9999.000,9999.000,9999.000,9999.000
202604280054,   0.097,   2.738,9999.000,9999.000,9999.000,9999.000,9999.000,9999.000,9999.000
202604280100,   0.098,   2.499,   1.300,   1.101,   2.499,   1.200,   2.399,   1.400,   2.599
202604280106,   0.100,   2.309,9999.000,9999.000,9999.000,9999.000,9999.000,9999.000,9999.000
202604280112,   0.101,   2.410,9999.000,9999.000,9999.000,9999.000,9999.000,9999.000,9999.000
202604280118,   0.102,   2.669,9999.000,9999.000,9999.000,9999.000,9999.000,9999.000,9999.000
202604280124,   0.103,   2.538,9999.000,9999.000,9999.000,9999.000,9999.000,9999.000,9999.000
202604280130,   0.104,   2.440,9999.000,9999.000,9999.000,9999.000,9999.000,9999.000,9999.000
202604280136,   0.105,   2.338,9999.000,9999.000,9999.000,9999.000,9999.000,9999.000,9999.000
202604280142,   0.106,   2.620,9999.000,9999.000,9999.000,9999.000,9999.000,9999.000,9999.000
202604280148,   0.107,   2.519,9999.000,9999.000,9999.000,9999.000,9999.000,9999.000,9999.000
202604280154,   0.109,   2.489,9999.000,9999.000,9999.000,9999.000,9999.000,9999.000,9999.000
202604280200,   0.110,   2.479,   1.300,   1.069,   2.479,   1.200,   2.379,   1.400,   2.579
202604280206,   0.111,   2.358,9999.000,9999.000,9999.000,9999.000,9999.000,9999.000,9999.000
202604280212,   0.113,   2.509,9999.000,9999.000,9999.000,9999.000,9999.000,9999.000,9999.000
202604280218,   0.114,   2.240,9999.000,9999.000,9999.000,9999.000,9999.000,9999.000,9999.000
202604280224,   0.116,   2.020,9999.000,9999.000,9999.000,9999.000,9999.000,9999.000,9999.000
202604280230,   0.118,   2.069,9999.000,9999.000,9999.000,9999.000,9999.000,9999.000,9999.000
202604280236,   0.120,   2.177,9999.000,9999.000,9999.000,9999.000,9999.000,9999.000,9999.000
202604280242,   0.122,   2.269,9999.000,9999.000,9999.000,9999.000,9999.000,9999.000,9999.000
202604280248,   0.124,   2.109,9999.000,9999.000,9999.000,9999.000,9999.000,9999.000,9999.000
202604280254,   0.126,   2.210,9999.000,9999.000,9999.000,9999.000,9999.000,9999.000,9999.000
202604280300,   0.127,   2.348,   1.300,   0.921,   2.348,   1.200,   2.248,   1.300,   2.348
202604280306,   0.129,   2.309,9999.000,9999.000,9999.000,9999.000,9999.000,9999.000,9999.000
202604280312,   0.131,   2.168,9999.000,9999.000,9999.000,9999.000,9999.000,9999.000,9999.000
202604280318,   0.133,   2.200,9999.000,9999.000,9999.000,9999.000,9999.000,9999.000,9999.000
202604280324,   0.134,   2.059,9999.000,9999.000,9999.000,9999.000,9999.000,9999.000,9999.000
202604280330,   0.136,   2.358,9999.000,9999.000,9999.000,9999.000,9999.000,9999.000,9999.000
202604280336,   0.137,   2.358,9999.000,9999.000,9999.000,9999.000,9999.000,9999.000,9999.000
202604280342,   0.138,   2.309,9999.000,9999.000,9999.000,9999.000,9999.000,9999.000,9999.000
202604280348,   0.138,   2.309,9999.000,9999.000,9999.000,9999.000,9999.000,9999.000,9999.000
202604280354,   0.139,   2.230,9999.000,9999.000,9999.000,9999.000,9999.000,9999.000,9999.000
202604280400,   0.139,   2.200,   1.300,   0.761,   2.200,   1.200,   2.100,   1.300,   2.200
202604280406,   0.138,   2.459,9999.000,9999.000,9999.000,9999.000,9999.000,9999.000,9999.000
202604280412,   0.138,   2.250,9999.000,9999.000,9999.000,9999.000,9999.000,9999.000,9999.000
202604280418,   0.137,   2.138,9999.000,9999.000,9999.000,9999.000,9999.000,9999.000,9999.000
202604280424,   0.136,   2.200,9999.000,9999.000,9999.000,9999.000,9999.000,9999.000,9999.000
202604280430,   0.134,   2.299,9999.000,9999.000,9999.000,9999.000,9999.000,9999.000,9999.000
202604280436,   0.132,   2.030,9999.000,9999.000,9999.000,9999.000,9999.000,9999.000,9999.000
202604280442,   0.130,   2.200,9999.000,9999.000,9999.000,9999.000,9999.000,9999.000,9999.000
202604280448,   0.127,   1.967,9999.000,9999.000,9999.000,9999.000,9999.000,9999.000,9999.000
202604280454,   0.125,   2.128,9999.000,9999.000,9999.000,9999.000,9999.000,9999.000,9999.000
202604280500,   0.122,   2.338,   1.300,   0.916,   2.338,   1.200,   2.238,   1.300,   2.338
202604280506,   0.118,   2.059,9999.000,9999.000,9999.000,9999.000,9999.000,9999.000,9999.000
202604280512,   0.115,   1.958,9999.000,9999.000,9999.000,9999.000,9999.000,9999.000,9999.000
202604280518,   0.112,   1.958,9999.000,9999.000,9999.000,9999.000,9999.000,9999.000,9999.000
202604280524,   0.108,   1.928,9999.000,9999.000,9999.000,9999.000,9999.000,9999.000,9999.000
202604280530,   0.104,   1.810,9999.000,9999.000,9999.000,9999.000,9999.000,9999.000,9999.000
202604280536,   0.101,   1.908,9999.000,9999.000,9999.000,9999.000,9999.000,9999.000,9999.000
202604280542,   0.097,   1.948,9999.000,9999.000,9999.000,9999.000,9999.000,9999.000,9999.000
202604280548,   0.093,   1.899,9999.000,9999.000,9999.000,9999.000,9999.000,9999.000,9999.000
202604280554,   0.090,   2.049,9999.000,9999.000,9999.000,9999.000,9999.000,9999.000,9999.000
202604280600,   0.086,   1.938,   1.200,   0.652,   1.938,   1.100,   1.838,   1.200,   1.938
202604280606,   0.083,   1.849,9999.000,9999.000,9999.000,9999.000,9999.000,9999.000,9999.000
202604280612,   0.080,   1.840,9999.000,9999.000,9999.000,9999.000,9999.000,9999.000,9999.000
202604280618,   0.077,   1.859,9999.000,9999.000,9999.000,9999.000,9999.000,9999.000,9999.000
202604280624,   0.074,   1.800,9999.000,9999.000,9999.000,9999.000,9999.000,9999.000,9999.000
202604280630,   0.072,   1.981,9999.000,9999.000,9999.000,9999.000,9999.000,9999.000,9999.000
202604280636,   0.070,   1.669,9999.000,9999.000,9999.000,9999.000,9999.000,9999.000,9999.000
202604280642,   0.067,   1.800,9999.000,9999.000,9999.000,9999.000,9999.000,9999.000,9999.000
202604280648,   0.065,   1.758,9999.000,9999.000,9999.000,9999.000,9999.000,9999.000,9999.000
202604280654,   0.063,   1.669,9999.000,9999.000,9999.000,9999.000,9999.000,9999.000,9999.000
202604280700,   0.062,   1.689,   1.200,   0.427,   1.689,   1.100,   1.589,   1.200,   1.689
202604280706,   0.060,   1.649,9999.000,9999.000,9999.000,9999.000,9999.000,9999.000,9999.000
202604280712,   0.059,   1.639,9999.000,9999.000,9999.000,9999.000,9999.000,9999.000,9999.000
202604280718,   0.057,   1.767,9999.000,9999.000,9999.000,9999.000,9999.000,9999.000,9999.000
202604280724,   0.056,   1.810,9999.000,9999.000,9999.000,9999.000,9999.000,9999.000,9999.000
202604280730,   0.055,   1.679,9999.000,9999.000,9999.000,9999.000,9999.000,9999.000,9999.000
202604280736,   0.054,   1.469,9999.000,9999.000,9999.000,9999.000,9999.000,9999.000,9999.000
202604280742,   0.052,   1.479,9999.000,9999.000,9999.000,9999.000,9999.000,9999.000,9999.000
202604280748,   0.051,   1.518,9999.000,9999.000,9999.000,9999.000,9999.000,9999.000,9999.000
202604280754,   0.050,   1.459,9999.000,9999.000,9999.000,9999.000,9999.000,9999.000,9999.000
202604280800,   0.049,   1.318,   1.200,   0.069,   1.318,   1.100,   1.218,   1.200,   1.318
202604280806,   0.047,   1.439,9999.000,9999.000,9999.000,9999.000,9999.000,9999.000,9999.000
202604280812,   0.046,   1.489,9999.000,9999.000,9999.000,9999.000,9999.000,9999.000,9999.000
202604280818,   0.044,   1.508,9999.000,9999.000,9999.000,9999.000,9999.000,9999.000,9999.000
202604280824,   0.042,   1.679,9999.000,9999.000,9999.000,9999.000,9999.000,9999.000,9999.000
202604280830,   0.040,   1.580,9999.000,9999.000,9999.000,9999.000,9999.000,9999.000,9999.000
202604280836,   0.039,   1.528,9999.000,9999.000,9999.000,9999.000,9999.000,9999.000,9999.000
202604280842,   0.036,   1.479,9999.000,9999.000,9999.000,9999.000,9999.000,9999.000,9999.000
202604280848,   0.034,   1.590,9999.000,9999.000,9999.000,9999.000,9999.000,9999.000,9999.000
202604280854,   0.032,   1.728,9999.000,9999.000,9999.000,9999.000,9999.000,9999.000,9999.000
202604280900,   0.030,   1.518,   1.200,   0.288,   1.518,   1.100,   1.418,   1.200,   1.518
202604280906,   0.028,   1.600,9999.000,9999.000,9999.000,9999.000,9999.000,9999.000,9999.000
202604280912,   0.025,   1.620,9999.000,9999.000,9999.000,9999.000,9999.000,9999.000,9999.000
202604280918,   0.023,   1.630,9999.000,9999.000,9999.000,9999.000,9999.000,9999.000,9999.000
202604280924,   0.021,   1.571,9999.000,9999.000,9999.000,9999.000,9999.000,9999.000,9999.000
202604280930,   0.019,   1.639,9999.000,9999.000,9999.000,9999.000,9999.000,9999.000,9999.000
202604280936,   0.017,   1.620,9999.000,9999.000,9999.000,9999.000,9999.000,9999.000,9999.000
202604280942,   0.015,   1.548,9999.000,9999.000,9999.000,9999.000,9999.000,9999.000,9999.000
202604280948,   0.013,   1.538,9999.000,9999.000,9999.000,9999.000,9999.000,9999.000,9999.000
202604280954,   0.012,   1.571,9999.000,9999.000,9999.000,9999.000,9999.000,9999.000,9999.000
202604281000,   0.011,   1.571,   1.100,   0.460,   1.571,   1.100,   1.571,   1.200,   1.671
202604281006,   0.010,   1.738,9999.000,9999.000,9999.000,9999.000,9999.000,9999.000,9999.000
202604281012,   0.009,   1.718,9999.000,9999.000,9999.000,9999.000,9999.000,9999.000,9999.000
202604281018,   0.009,   1.810,9999.000,9999.000,9999.000,9999.000,9999.000,9999.000,9999.000
202604281024,   0.009,   1.630,9999.000,9999.000,9999.000,9999.000,9999.000,9999.000,9999.000
202604281030,   0.009,   1.699,9999.000,9999.000,9999.000,9999.000,9999.000,9999.000,9999.000
202604281036,   0.010,   1.820,9999.000,9999.000,9999.000,9999.000,9999.000,9999.000,9999.000
202604281042,   0.010,   1.728,9999.000,9999.000,9999.000,9999.000,9999.000,9999.000,9999.000
202604281048,   0.012,   1.767,9999.000,9999.000,9999.000,9999.000,9999.000,9999.000,9999.000
202604281054,   0.013,   1.840,9999.000,9999.000,9999.000,9999.000,9999.000,9999.000,9999.000
202604281100,   0.015,   1.659,   1.100,   0.544,   1.659,   1.100,   1.659,   1.200,   1.759
202604281106,   0.017,   1.699,9999.000,9999.000,9999.000,9999.000,9999.000,9999.000,9999.000
202604281112,   0.019,   1.718,9999.000,9999.000,9999.000,9999.000,9999.000,9999.000,9999.000
202604281118,   0.022,   1.908,9999.000,9999.000,9999.000,9999.000,9999.000,9999.000,9999.000
202604281124,   0.024,   1.889,9999.000,9999.000,9999.000,9999.000,9999.000,9999.000,9999.000
202604281130,   0.027,9999.000,9999.000,9999.000,9999.000,9999.000,9999.000,9999.000,9999.000
202604281136,   0.030,9999.000,9999.000,9999.000,9999.000,9999.000,9999.000,9999.000,9999.000
202604281142,   0.033,9999.000,9999.000,9999.000,9999.000,9999.000,9999.000,9999.000,9999.000
202604281148,   0.036,9999.000,9999.000,9999.000,9999.000,9999.000,9999.000,9999.000,9999.000
202604281154,   0.039,9999.000,9999.000,9999.000,9999.000,9999.000,9999.000,9999.000,9999.000
202604281200,   0.041,9999.000,   1.100,   0.598,   1.739,   1.100,   1.739,   1.200,   1.839
202604281206,   0.044,9999.000,9999.000,9999.000,9999.000,9999.000,9999.000,9999.000,9999.000
202604281212,   0.047,9999.000,9999.000,9999.000,9999.000,9999.000,9999.000,9999.000,9999.000
202604281218,   0.049,9999.000,9999.000,9999.000,9999.000,9999.000,9999.000,9999.000,9999.000
202604281224,   0.052,9999.000,9999.000,9999.000,9999.000,9999.000,9999.000,9999.000,9999.000
202604281230,   0.054,9999.000,9999.000,9999.000,9999.000,9999.000,9999.000,9999.000,9999.000
202604281236,   0.056,9999.000,9999.000,9999.000,9999.000,9999.000,9999.000,9999.000,9999.000
202604281242,   0.058,9999.000,9999.000,9999.000,9999.000,9999.000,9999.000,9999.000,9999.000
202604281248,   0.059,9999.000,9999.000,9999.000,9999.000,9999.000,9999.000,9999.000,9999.000
202604281254,   0.061,9999.000,9999.000,9999.000,9999.000,9999.000,9999.000,9999.000,9999.000
202604281300,   0.062,9999.000,   1.100,   0.652,   1.814,   1.100,   1.814,   1.200,   1.914
202604281306,   0.063,9999.000,9999.000,9999.000,9999.000,9999.000,9999.000,9999.000,9999.000
202604281312,   0.064,9999.000,9999.000,9999.000,9999.000,9999.000,9999.000,9999.000,9999.000
202604281318,   0.064,9999.000,9999.000,9999.000,9999.000,9999.000,9999.000,9999.000,9999.000
202604281324,   0.065,9999.000,9999.000,9999.000,9999.000,9999.000,9999.000,9999.000,9999.000
202604281330,   0.066,9999.000,9999.000,9999.000,9999.000,9999.000,9999.000,9999.000,9999.000
202604281336,   0.066,9999.000,9999.000,9999.000,9999.000,9999.000,9999.000,9999.000,9999.000
202604281342,   0.066,9999.000,9999.000,9999.000,9999.000,9999.000,9999.000,9999.000,9999.000
202604281348,   0.067,9999.000,9999.000,9999.000,9999.000,9999.000,9999.000,9999.000,9999.000
202604281354,   0.067,9999.000,9999.000,9999.000,9999.000,9999.000,9999.000,9999.000,9999.000
202604281400,   0.067,9999.000,   1.100,   0.705,   1.872,   1.100,   1.872,   1.200,   1.972
202604281406,   0.068,9999.000,9999.000,9999.000,9999.000,9999.000,9999.000,9999.000,9999.000
202604281412,   0.068,9999.000,9999.000,9999.000,9999.000,9999.000,9999.000,9999.000,9999.000
202604281418,   0.070,9999.000,9999.000,9999.000,9999.000,9999.000,9999.000,9999.000,9999.000
202604281424,   0.070,9999.000,9999.000,9999.000,9999.000,9999.000,9999.000,9999.000,9999.000
202604281430,   0.070,9999.000,9999.000,9999.000,9999.000,9999.000,9999.000,9999.000,9999.000
202604281436,   0.071,9999.000,9999.000,9999.000,9999.000,9999.000,9999.000,9999.000,9999.000
202604281442,   0.072,9999.000,9999.000,9999.000,9999.000,9999.000,9999.000,9999.000,9999.000
202604281448,   0.074,9999.000,9999.000,9999.000,9999.000,9999.000,9999.000,9999.000,9999.000
202604281454,   0.075,9999.000,9999.000,9999.000,9999.000,9999.000,9999.000,9999.000,9999.000
202604281500,   0.076,9999.000,   1.100,   0.759,   1.935,   1.100,   1.935,   1.200,   2.035
202604281506,   0.078,9999.000,9999.000,9999.000,9999.000,9999.000,9999.000,9999.000,9999.000
202604281512,   0.079,9999.000,9999.000,9999.000,9999.000,9999.000,9999.000,9999.000,9999.000
202604281518,   0.081,9999.000,9999.000,9999.000,9999.000,9999.000,9999.000,9999.000,9999.000
202604281524,   0.082,9999.000,9999.000,9999.000,9999.000,9999.000,9999.000,9999.000,9999.000
202604281530,   0.084,9999.000,9999.000,9999.000,9999.000,9999.000,9999.000,9999.000,9999.000
202604281536,   0.085,9999.000,9999.000,9999.000,9999.000,9999.000,9999.000,9999.000,9999.000
202604281542,   0.087,9999.000,9999.000,9999.000,9999.000,9999.000,9999.000,9999.000,9999.000
202604281548,   0.088,9999.000,9999.000,9999.000,9999.000,9999.000,9999.000,9999.000,9999.000
202604281554,   0.089,9999.000,9999.000,9999.000,9999.000,9999.000,9999.000,9999.000,9999.000
202604281600,   0.090,9999.000,   1.100,   0.813,   2.003,   1.100,   2.003,   1.200,   2.103
202604281606,   0.091,9999.000,9999.000,9999.000,9999.000,9999.000,9999.000,9999.000,9999.000
202604281612,   0.092,9999.000,9999.000,9999.000,9999.000,9999.000,9999.000,9999.000,9999.000
202604281618,   0.092,9999.000,9999.000,9999.000,9999.000,9999.000,9999.000,9999.000,9999.000
202604281624,   0.092,9999.000,9999.000,9999.000,9999.000,9999.000,9999.000,9999.000,9999.000
202604281630,   0.092,9999.000,9999.000,9999.000,9999.000,9999.000,9999.000,9999.000,9999.000
202604281636,   0.092,9999.000,9999.000,9999.000,9999.000,9999.000,9999.000,9999.000,9999.000
202604281642,   0.091,9999.000,9999.000,9999.000,9999.000,9999.000,9999.000,9999.000,9999.000
202604281648,   0.090,9999.000,9999.000,9999.000,9999.000,9999.000,9999.000,9999.000,9999.000
202604281654,   0.088,9999.000,9999.000,9999.000,9999.000,9999.000,9999.000,9999.000,9999.000
202604281700,   0.087,9999.000,   1.100,   0.867,   2.054,   1.100,   2.054,   1.100,   2.054
202604281706,   0.085,9999.000,9999.000,9999.000,9999.000,9999.000,9999.000,9999.000,9999.000
202604281712,   0.083,9999.000,9999.000,9999.000,9999.000,9999.000,9999.000,9999.000,9999.000
202604281718,   0.080,9999.000,9999.000,9999.000,9999.000,9999.000,9999.000,9999.000,9999.000
202604281724,   0.078,9999.000,9999.000,9999.000,9999.000,9999.000,9999.000,9999.000,9999.000
202604281730,   0.075,9999.000,9999.000,9999.000,9999.000,9999.000,9999.000,9999.000,9999.000
202604281736,   0.072,9999.000,9999.000,9999.000,9999.000,9999.000,9999.000,9999.000,9999.000
202604281742,   0.070,9999.000,9999.000,9999.000,9999.000,9999.000,9999.000,9999.000,9999.000
202604281748,   0.066,9999.000,9999.000,9999.000,9999.000,9999.000,9999.000,9999.000,9999.000
202604281754,   0.063,9999.000,9999.000,9999.000,9999.000,9999.000,9999.000,9999.000,9999.000
202604281800,   0.059,9999.000,   1.100,   0.921,   2.080,   1.000,   1.980,   1.100,   2.080
202604281806,   0.056,9999.000,9999.000,9999.000,9999.000,9999.000,9999.000,9999.000,9999.000
202604281812,   0.053,9999.000,9999.000,9999.000,9999.000,9999.000,9999.000,9999.000,9999.000
202604281818,   0.050,9999.000,9999.000,9999.000,9999.000,9999.000,9999.000,9999.000,9999.000
202604281824,   0.047,9999.000,9999.000,9999.000,9999.000,9999.000,9999.000,9999.000,9999.000
202604281830,   0.045,9999.000,9999.000,9999.000,9999.000,9999.000,9999.000,9999.000,9999.000
202604281836,   0.042,9999.000,9999.000,9999.000,9999.000,9999.000,9999.000,9999.000,9999.000
202604281842,   0.040,9999.000,9999.000,9999.000,9999.000,9999.000,9999.000,9999.000,9999.000
202604281848,   0.038,9999.000,9999.000,9999.000,9999.000,9999.000,9999.000,9999.000,9999.000
202604281854,   0.036,9999.000,9999.000,9999.000,9999.000,9999.000,9999.000,9999.000,9999.000
202604281900,   0.035,9999.000,   1.100,   0.974,   2.109,   1.000,   2.009,   1.100,   2.109
202604281906,   0.033,9999.000,9999.000,9999.000,9999.000,9999.000,9999.000,9999.000,9999.000
202604281912,   0.032,9999.000,9999.000,9999.000,9999.000,9999.000,9999.000,9999.000,9999.000
202604281918,   0.031,9999.000,9999.000,9999.000,9999.000,9999.000,9999.000,9999.000,9999.000
202604281924,   0.030,9999.000,9999.000,9999.000,9999.000,9999.000,9999.000,9999.000,9999.000
202604281930,   0.030,9999.000,9999.000,9999.000,9999.000,9999.000,9999.000,9999.000,9999.000
202604281936,   0.029,9999.000,9999.000,9999.000,9999.000,9999.000,9999.000,9999.000,9999.000
202604281942,   0.029,9999.000,9999.000,9999.000,9999.000,9999.000,9999.000,9999.000,9999.000
202604281948,   0.029,9999.000,9999.000,9999.000,9999.000,9999.000,9999.000,9999.000,9999.000
202604281954,   0.029,9999.000,9999.000,9999.000,9999.000,9999.000,9999.000,9999.000,9999.000
202604282000,   0.029,9999.000,   1.100,   1.028,   2.157,   1.000,   2.057,   1.100,   2.157
202604282006,   0.028,9999.000,9999.000,9999.000,9999.000,9999.000,9999.000,9999.000,9999.000
202604282012,   0.028,9999.000,9999.000,9999.000,9999.000,9999.000,9999.000,9999.000,9999.000
202604282018,   0.028,9999.000,9999.000,9999.000,9999.000,9999.000,9999.000,9999.000,9999.000
202604282024,   0.028,9999.000,9999.000,9999.000,9999.000,9999.000,9999.000,9999.000,9999.000
202604282030,   0.028,9999.000,9999.000,9999.000,9999.000,9999.000,9999.000,9999.000,9999.000
202604282036,   0.028,9999.000,9999.000,9999.000,9999.000,9999.000,9999.000,9999.000,9999.000
202604282042,   0.027,9999.000,9999.000,9999.000,9999.000,9999.000,9999.000,9999.000,9999.000
202604282048,   0.027,9999.000,9999.000,9999.000,9999.000,9999.000,9999.000,9999.000,9999.000
202604282054,   0.026,9999.000,9999.000,9999.000,9999.000,9999.000,9999.000,9999.000,9999.000
202604282100,   0.026,9999.000,   1.100,   1.082,   2.208,   1.000,   2.108,   1.100,   2.208
202604282106,   0.025,9999.000,9999.000,9999.000,9999.000,9999.000,9999.000,9999.000,9999.000
202604282112,   0.024,9999.000,9999.000,9999.000,9999.000,9999.000,9999.000,9999.000,9999.000
202604282118,   0.023,9999.000,9999.000,9999.000,9999.000,9999.000,9999.000,9999.000,9999.000
202604282124,   0.022,9999.000,9999.000,9999.000,9999.000,9999.000,9999.000,9999.000,9999.000
202604282130,   0.022,9999.000,9999.000,9999.000,9999.000,9999.000,9999.000,9999.000,9999.000
202604282136,   0.021,9999.000,9999.000,9999.000,9999.000,9999.000,9999.000,9999.000,9999.000
202604282142,   0.020,9999.000,9999.000,9999.000,9999.000,9999.000,9999.000,9999.000,9999.000
202604282148,   0.019,9999.000,9999.000,9999.000,9999.000,9999.000,9999.000,9999.000,9999.000
202604282154,   0.018,9999.000,9999.000,9999.000,9999.000,9999.000,9999.000,9999.000,9999.000
202604282200,   0.018,9999.000,   1.100,   1.136,   2.254,   1.000,   2.154,   1.100,   2.254
202604282206,   0.017,9999.000,9999.000,9999.000,9999.000,9999.000,9999.000,9999.000,9999.000
202604282212,   0.017,9999.000,9999.000,9999.000,9999.000,9999.000,9999.000,9999.000,9999.000
202604282218,   0.017,9999.000,9999.000,9999.000,9999.000,9999.000,9999.000,9999.000,9999.000
202604282224,   0.017,9999.000,9999.000,9999.000,9999.000,9999.000,9999.000,9999.000,9999.000
202604282230,   0.017,9999.000,9999.000,9999.000,9999.000,9999.000,9999.000,9999.000,9999.000
202604282236,   0.018,9999.000,9999.000,9999.000,9999.000,9999.000,9999.000,9999.000,9999.000
202604282242,   0.019,9999.000,9999.000,9999.000,9999.000,9999.000,9999.000,9999.000,9999.000
202604282248,   0.021,9999.000,9999.000,9999.000,9999.000,9999.000,9999.000,9999.000,9999.000
202604282254,   0.022,9999.000,9999.000,9999.000,9999.000,9999.000,9999.000,9999.000,9999.000
202604282300,   0.024,9999.000,   1.100,   1.189,   2.313,   1.000,   2.213,   1.100,   2.313
202604282306,   0.027,9999.000,9999.000,9999.000,9999.000,9999.000,9999.000,9999.000,9999.000
202604282312,   0.029,9999.000,9999.000,9999.000,9999.000,9999.000,9999.000,9999.000,9999.000
202604282318,   0.032,9999.000,9999.000,9999.000,9999.000,9999.000,9999.000,9999.000,9999.000
202604282324,   0.035,9999.000,9999.000,9999.000,9999.000,9999.000,9999.000,9999.000,9999.000
202604282330,   0.039,9999.000,9999.000,9999.000,9999.000,9999.000,9999.000,9999.000,9999.000
202604282336,   0.042,9999.000,9999.000,9999.000,9999.000,9999.000,9999.000,9999.000,9999.000
202604282342,   0.046,9999.000,9999.000,9999.000,9999.000,9999.000,9999.000,9999.000,9999.000
202604282348,   0.050,9999.000,9999.000,9999.000,9999.000,9999.000,9999.000,9999.000,9999.000
202604282354,   0.054,9999.000,9999.000,9999.000,9999.000,9999.000,9999.000,9999.000,9999.000
202604290000,   0.058,9999.000,   1.100,   1.189,   2.347,   1.000,   2.247,   1.100,   2.347
202604290006,   0.063,9999.000,9999.000,9999.000,9999.000,9999.000,9999.000,9999.000,9999.000
202604290012,   0.067,9999.000,9999.000,9999.000,9999.000,9999.000,9999.000,9999.000,9999.000
202604290018,   0.071,9999.000,9999.000,9999.000,9999.000,9999.000,9999.000,9999.000,9999.000
202604290024,   0.075,9999.000,9999.000,9999.000,9999.000,9999.000,9999.000,9999.000,9999.000
202604290030,   0.079,9999.000,9999.000,9999.000,9999.000,9999.000,9999.000,9999.000,9999.000
202604290036,   0.083,9999.000,9999.000,9999.000,9999.000,9999.000,9999.000,9999.000,9999.000
202604290042,   0.087,9999.000,9999.000,9999.000,9999.000,9999.000,9999.000,9999.000,9999.000
202604290048,   0.091,9999.000,9999.000,9999.000,9999.000,9999.000,9999.000,9999.000,9999.000
202604290054,   0.094,9999.000,9999.000,9999.000,9999.000,9999.000,9999.000,9999.000,9999.000
202604290100,   0.097,9999.000,   1.100,   1.189,   2.386,   1.000,   2.286,   1.100,   2.386
202604290106,   0.101,9999.000,9999.000,9999.000,9999.000,9999.000,9999.000,9999.000,9999.000
202604290112,   0.103,9999.000,9999.000,9999.000,9999.000,9999.000,9999.000,9999.000,9999.000
202604290118,   0.106,9999.000,9999.000,9999.000,9999.000,9999.000,9999.000,9999.000,9999.000
202604290124,   0.108,9999.000,9999.000,9999.000,9999.000,9999.000,9999.000,9999.000,9999.000
202604290130,   0.111,9999.000,9999.000,9999.000,9999.000,9999.000,9999.000,9999.000,9999.000
202604290136,   0.113,9999.000,9999.000,9999.000,9999.000,9999.000,9999.000,9999.000,9999.000
202604290142,   0.114,9999.000,9999.000,9999.000,9999.000,9999.000,9999.000,9999.000,9999.000
202604290148,   0.116,9999.000,9999.000,9999.000,9999.000,9999.000,9999.000,9999.000,9999.000
202604290154,   0.118,9999.000,9999.000,9999.000,9999.000,9999.000,9999.000,9999.000,9999.000
202604290200,   0.119,9999.000,   1.100,   1.189,   2.408,   1.000,   2.308,   1.100,   2.408
202604290206,   0.120,9999.000,9999.000,9999.000,9999.000,9999.000,9999.000,9999.000,9999.000
202604290212,   0.122,9999.000,9999.000,9999.000,9999.000,9999.000,9999.000,9999.000,9999.000
202604290218,   0.123,9999.000,9999.000,9999.000,9999.000,9999.000,9999.000,9999.000,9999.000
202604290224,   0.124,9999.000,9999.000,9999.000,9999.000,9999.000,9999.000,9999.000,9999.000
202604290230,   0.125,9999.000,9999.000,9999.000,9999.000,9999.000,9999.000,9999.000,9999.000
202604290236,   0.127,9999.000,9999.000,9999.000,9999.000,9999.000,9999.000,9999.000,9999.000
202604290242,   0.128,9999.000,9999.000,9999.000,9999.000,9999.000,9999.000,9999.000,9999.000
202604290248,   0.129,9999.000,9999.000,9999.000,9999.000,9999.000,9999.000,9999.000,9999.000
202604290254,   0.131,9999.000,9999.000,9999.000,9999.000,9999.000,9999.000,9999.000,9999.000
202604290300,   0.133,9999.000,   1.100,   1.189,   2.422,   1.000,   2.322,   1.100,   2.422
202604290306,   0.134,9999.000,9999.000,9999.000,9999.000,9999.000,9999.000,9999.000,9999.000
202604290312,   0.136,9999.000,9999.000,9999.000,9999.000,9999.000,9999.000,9999.000,9999.000
202604290318,   0.138,9999.000,9999.000,9999.000,9999.000,9999.000,9999.000,9999.000,9999.000
202604290324,   0.140,9999.000,9999.000,9999.000,9999.000,9999.000,9999.000,9999.000,9999.000
202604290330,   0.142,9999.000,9999.000,9999.000,9999.000,9999.000,9999.000,9999.000,9999.000
202604290336,   0.144,9999.000,9999.000,9999.000,9999.000,9999.000,9999.000,9999.000,9999.000
202604290342,   0.146,9999.000,9999.000,9999.000,9999.000,9999.000,9999.000,9999.000,9999.000
202604290348,   0.148,9999.000,9999.000,9999.000,9999.000,9999.000,9999.000,9999.000,9999.000
202604290354,   0.150,9999.000,9999.000,9999.000,9999.000,9999.000,9999.000,9999.000,9999.000
202604290400,   0.151,9999.000,   1.100,   1.189,   2.440,   1.000,   2.340,   1.100,   2.440
202604290406,   0.153,9999.000,9999.000,9999.000,9999.000,9999.000,9999.000,9999.000,9999.000
202604290412,   0.155,9999.000,9999.000,9999.000,9999.000,9999.000,9999.000,9999.000,9999.000
202604290418,   0.156,9999.000,9999.000,9999.000,9999.000,9999.000,9999.000,9999.000,9999.000
202604290424,   0.157,9999.000,9999.000,9999.000,9999.000,9999.000,9999.000,9999.000,9999.000
202604290430,   0.158,9999.000,9999.000,9999.000,9999.000,9999.000,9999.000,9999.000,9999.000
202604290436,   0.159,9999.000,9999.000,9999.000,9999.000,9999.000,9999.000,9999.000,9999.000
202604290442,   0.160,9999.000,9999.000,9999.000,9999.000,9999.000,9999.000,9999.000,9999.000
202604290448,   0.160,9999.000,9999.000,9999.000,9999.000,9999.000,9999.000,9999.000,9999.000
202604290454,   0.160,9999.000,9999.000,9999.000,9999.000,9999.000,9999.000,9999.000,9999.000
202604290500,   0.159,9999.000,   1.100,   1.189,   2.448,   1.000,   2.348,   1.100,   2.448
202604290506,   0.158,9999.000,9999.000,9999.000,9999.000,9999.000,9999.000,9999.000,9999.000
202604290512,   0.157,9999.000,9999.000,9999.000,9999.000,9999.000,9999.000,9999.000,9999.000
202604290518,   0.156,9999.000,9999.000,9999.000,9999.000,9999.000,9999.000,9999.000,9999.000
202604290524,   0.154,9999.000,9999.000,9999.000,9999.000,9999.000,9999.000,9999.000,9999.000
202604290530,   0.152,9999.000,9999.000,9999.000,9999.000,9999.000,9999.000,9999.000,9999.000
202604290536,   0.149,9999.000,9999.000,9999.000,9999.000,9999.000,9999.000,9999.000,9999.000
202604290542,   0.146,9999.000,9999.000,9999.000,9999.000,9999.000,9999.000,9999.000,9999.000
202604290548,   0.143,9999.000,9999.000,9999.000,9999.000,9999.000,9999.000,9999.000,9999.000
202604290554,   0.140,9999.000,9999.000,9999.000,9999.000,9999.000,9999.000,9999.000,9999.000
202604290600,   0.137,9999.000,   1.100,   1.189,   2.426,   1.000,   2.326,   1.100,   2.426
202604290606,   0.133,9999.000,9999.000,9999.000,9999.000,9999.000,9999.000,9999.000,9999.000
202604290612,   0.130,9999.000,9999.000,9999.000,9999.000,9999.000,9999.000,9999.000,9999.000
202604290618,   0.126,9999.000,9999.000,9999.000,9999.000,9999.000,9999.000,9999.000,9999.000
202604290624,   0.122,9999.000,9999.000,9999.000,9999.000,9999.000,9999.000,9999.000,9999.000
202604290630,   0.118,9999.000,9999.000,9999.000,9999.000,9999.000,9999.000,9999.000,9999.000
202604290636,   0.114,9999.000,9999.000,9999.000,9999.000,9999.000,9999.000,9999.000,9999.000
202604290642,   0.111,9999.000,9999.000,9999.000,9999.000,9999.000,9999.000,9999.000,9999.000
202604290648,   0.107,9999.000,9999.000,9999.000,9999.000,9999.000,9999.000,9999.000,9999.000
202604290654,   0.103,9999.000,9999.000,9999.000,9999.000,9999.000,9999.000,9999.000,9999.000
202604290700,   0.100,9999.000,   1.100,   1.189,   2.389,   1.000,   2.289,   1.100,   2.389
202604290706,   0.097,9999.000,9999.000,9999.000,9999.000,9999.000,9999.000,9999.000,9999.000
202604290712,   0.094,9999.000,9999.000,9999.000,9999.000,9999.000,9999.000,9999.000,9999.000
202604290718,   0.091,9999.000,9999.000,9999.000,9999.000,9999.000,9999.000,9999.000,9999.000
202604290724,   0.088,9999.000,9999.000,9999.000,9999.000,9999.000,9999.000,9999.000,9999.000
202604290730,   0.086,9999.000,9999.000,9999.000,9999.000,9999.000,9999.000,9999.000,9999.000
202604290736,   0.083,9999.000,9999.000,9999.000,9999.000,9999.000,9999.000,9999.000,9999.000
202604290742,   0.081,9999.000,9999.000,9999.000,9999.000,9999.000,9999.000,9999.000,9999.000
202604290748,   0.079,9999.000,9999.000,9999.000,9999.000,9999.000,9999.000,9999.000,9999.000
202604290754,   0.077,9999.000,9999.000,9999.000,9999.000,9999.000,9999.000,9999.000,9999.000
202604290800,   0.075,9999.000,   1.100,   1.189,   2.364,   1.000,   2.264,   1.100,   2.364
202604290806,   0.074,9999.000,9999.000,9999.000,9999.000,9999.000,9999.000,9999.000,9999.000
202604290812,   0.072,9999.000,9999.000,9999.000,9999.000,9999.000,9999.000,9999.000,9999.000
202604290818,   0.070,9999.000,9999.000,9999.000,9999.000,9999.000,9999.000,9999.000,9999.000
202604290824,   0.070,9999.000,9999.000,9999.000,9999.000,9999.000,9999.000,9999.000,9999.000
202604290830,   0.067,9999.000,9999.000,9999.000,9999.000,9999.000,9999.000,9999.000,9999.000
202604290836,   0.066,9999.000,9999.000,9999.000,9999.000,9999.000,9999.000,9999.000,9999.000
202604290842,   0.064,9999.000,9999.000,9999.000,9999.000,9999.000,9999.000,9999.000,9999.000
202604290848,   0.062,9999.000,9999.000,9999.000,9999.000,9999.000,9999.000,9999.000,9999.000
202604290854,   0.061,9999.000,9999.000,9999.000,9999.000,9999.000,9999.000,9999.000,9999.000
202604290900,   0.059,9999.000,   1.100,   1.189,   2.348,   1.000,   2.248,   1.100,   2.348
202604290906,   0.057,9999.000,9999.000,9999.000,9999.000,9999.000,9999.000,9999.000,9999.000
202604290912,   0.055,9999.000,9999.000,9999.000,9999.000,9999.000,9999.000,9999.000,9999.000
202604290918,   0.052,9999.000,9999.000,9999.000,9999.000,9999.000,9999.000,9999.000,9999.000
202604290924,   0.050,9999.000,9999.000,9999.000,9999.000,9999.000,9999.000,9999.000,9999.000
202604290930,   0.048,9999.000,9999.000,9999.000,9999.000,9999.000,9999.000,9999.000,9999.000
202604290936,   0.045,9999.000,9999.000,9999.000,9999.000,9999.000,9999.000,9999.000,9999.000
202604290942,   0.042,9999.000,9999.000,9999.000,9999.000,9999.000,9999.000,9999.000,9999.000
202604290948,   0.040,9999.000,9999.000,9999.000,9999.000,9999.000,9999.000,9999.000,9999.000
202604290954,   0.037,9999.000,9999.000,9999.000,9999.000,9999.000,9999.000,9999.000,9999.000
202604291000,   0.034,9999.000,   1.100,   1.189,   2.323,   1.000,   2.223,   1.200,   2.423
202604291006,   0.031,9999.000,9999.000,9999.000,9999.000,9999.000,9999.000,9999.000,9999.000
202604291012,   0.029,9999.000,9999.000,9999.000,9999.000,9999.000,9999.000,9999.000,9999.000
202604291018,   0.026,9999.000,9999.000,9999.000,9999.000,9999.000,9999.000,9999.000,9999.000
202604291024,   0.023,9999.000,9999.000,9999.000,9999.000,9999.000,9999.000,9999.000,9999.000
202604291030,   0.021,9999.000,9999.000,9999.000,9999.000,9999.000,9999.000,9999.000,9999.000
202604291036,   0.019,9999.000,9999.000,9999.000,9999.000,9999.000,9999.000,9999.000,9999.000
202604291042,   0.017,9999.000,9999.000,9999.000,9999.000,9999.000,9999.000,9999.000,9999.000
202604291048,   0.015,9999.000,9999.000,9999.000,9999.000,9999.000,9999.000,9999.000,9999.000
202604291054,   0.013,9999.000,9999.000,9999.000,9999.000,9999.000,9999.000,9999.000,9999.000
202604291100,   0.012,9999.000,   1.100,   1.189,   2.301,   1.000,   2.201,   1.200,   2.401
202604291106,   0.011,9999.000,9999.000,9999.000,9999.000,9999.000,9999.000,9999.000,9999.000
202604291112,   0.010,9999.000,9999.000,9999.000,9999.000,9999.000,9999.000,9999.000,9999.000
202604291118,   0.010,9999.000,9999.000,9999.000,9999.000,9999.000,9999.000,9999.000,9999.000
202604291124,   0.010,9999.000,9999.000,9999.000,9999.000,9999.000,9999.000,9999.000,9999.000
202604291130,   0.010,9999.000,9999.000,9999.000,9999.000,9999.000,9999.000,9999.000,9999.000
202604291136,   0.010,9999.000,9999.000,9999.000,9999.000,9999.000,9999.000,9999.000,9999.000
202604291142,   0.011,9999.000,9999.000,9999.000,9999.000,9999.000,9999.000,9999.000,9999.000
202604291148,   0.012,9999.000,9999.000,9999.000,9999.000,9999.000,9999.000,9999.000,9999.000
202604291154,   0.014,9999.000,9999.000,9999.000,9999.000,9999.000,9999.000,9999.000,9999.000
202604291200,   0.015,9999.000,   1.100,   1.189,   2.304,   1.000,   2.204,   1.200,   2.404
202604291206,   0.017,9999.000,9999.000,9999.000,9999.000,9999.000,9999.000,9999.000,9999.000
202604291212,   0.019,9999.000,9999.000,9999.000,9999.000,9999.000,9999.000,9999.000,9999.000
202604291218,   0.021,9999.000,9999.000,9999.000,9999.000,9999.000,9999.000,9999.000,9999.000
202604291224,   0.024,9999.000,9999.000,9999.000,9999.000,9999.000,9999.000,9999.000,9999.000
202604291230,   0.026,9999.000,9999.000,9999.000,9999.000,9999.000,9999.000,9999.000,9999.000
202604291236,   0.028,9999.000,9999.000,9999.000,9999.000,9999.000,9999.000,9999.000,9999.000
202604291242,   0.031,9999.000,9999.000,9999.000,9999.000,9999.000,9999.000,9999.000,9999.000
202604291248,   0.033,9999.000,9999.000,9999.000,9999.000,9999.000,9999.000,9999.000,9999.000
202604291254,   0.035,9999.000,9999.000,9999.000,9999.000,9999.000,9999.000,9999.000,9999.000
202604291300,   0.037,9999.000,   1.100,   1.189,   2.326,   1.100,   2.326,   1.200,   2.426
202604291306,   0.039,9999.000,9999.000,9999.000,9999.000,9999.000,9999.000,9999.000,9999.000
202604291312,   0.041,9999.000,9999.000,9999.000,9999.000,9999.000,9999.000,9999.000,9999.000
202604291318,   0.043,9999.000,9999.000,9999.000,9999.000,9999.000,9999.000,9999.000,9999.000
202604291324,   0.044,9999.000,9999.000,9999.000,9999.000,9999.000,9999.000,9999.000,9999.000
202604291330,   0.046,9999.000,9999.000,9999.000,9999.000,9999.000,9999.000,9999.000,9999.000
202604291336,   0.047,9999.000,9999.000,9999.000,9999.000,9999.000,9999.000,9999.000,9999.000
202604291342,   0.048,9999.000,9999.000,9999.000,9999.000,9999.000,9999.000,9999.000,9999.000
202604291348,   0.049,9999.000,9999.000,9999.000,9999.000,9999.000,9999.000,9999.000,9999.000
202604291354,   0.049,9999.000,9999.000,9999.000,9999.000,9999.000,9999.000,9999.000,9999.000
202604291400,   0.050,9999.000,   1.100,   1.189,   2.339,   1.000,   2.239,   1.200,   2.439
202604291406,   0.050,9999.000,9999.000,9999.000,9999.000,9999.000,9999.000,9999.000,9999.000
202604291412,   0.050,9999.000,9999.000,9999.000,9999.000,9999.000,9999.000,9999.000,9999.000
202604291418,   0.051,9999.000,9999.000,9999.000,9999.000,9999.000,9999.000,9999.000,9999.000
202604291424,   0.051,9999.000,9999.000,9999.000,9999.000,9999.000,9999.000,9999.000,9999.000
202604291430,   0.051,9999.000,9999.000,9999.000,9999.000,9999.000,9999.000,9999.000,9999.000
202604291436,   0.051,9999.000,9999.000,9999.000,9999.000,9999.000,9999.000,9999.000,9999.000
202604291442,   0.051,9999.000,9999.000,9999.000,9999.000,9999.000,9999.000,9999.000,9999.000
202604291448,   0.051,9999.000,9999.000,9999.000,9999.000,9999.000,9999.000,9999.000,9999.000
202604291454,   0.051,9999.000,9999.000,9999.000,9999.000,9999.000,9999.000,9999.000,9999.000
202604291500,   0.051,9999.000,   1.100,   1.189,   2.340,   1.000,   2.240,   1.200,   2.440
202604291506,   0.051,9999.000,9999.000,9999.000,9999.000,9999.000,9999.000,9999.000,9999.000
202604291512,   0.051,9999.000,9999.000,9999.000,9999.000,9999.000,9999.000,9999.000,9999.000
202604291518,   0.052,9999.000,9999.000,9999.000,9999.000,9999.000,9999.000,9999.000,9999.000
202604291524,   0.053,9999.000,9999.000,9999.000,9999.000,9999.000,9999.000,9999.000,9999.000
202604291530,   0.053,9999.000,9999.000,9999.000,9999.000,9999.000,9999.000,9999.000,9999.000
202604291536,   0.054,9999.000,9999.000,9999.000,9999.000,9999.000,9999.000,9999.000,9999.000
202604291542,   0.055,9999.000,9999.000,9999.000,9999.000,9999.000,9999.000,9999.000,9999.000
202604291548,   0.056,9999.000,9999.000,9999.000,9999.000,9999.000,9999.000,9999.000,9999.000
202604291554,   0.058,9999.000,9999.000,9999.000,9999.000,9999.000,9999.000,9999.000,9999.000
202604291600,   0.059,9999.000,   1.100,   1.189,   2.348,   1.000,   2.248,   1.200,   2.448
202604291606,   0.060,9999.000,9999.000,9999.000,9999.000,9999.000,9999.000,9999.000,9999.000
202604291612,   0.062,9999.000,9999.000,9999.000,9999.000,9999.000,9999.000,9999.000,9999.000
202604291618,   0.063,9999.000,9999.000,9999.000,9999.000,9999.000,9999.000,9999.000,9999.000
202604291624,   0.065,9999.000,9999.000,9999.000,9999.000,9999.000,9999.000,9999.000,9999.000
202604291630,   0.066,9999.000,9999.000,9999.000,9999.000,9999.000,9999.000,9999.000,9999.000
202604291636,   0.067,9999.000,9999.000,9999.000,9999.000,9999.000,9999.000,9999.000,9999.000
202604291642,   0.070,9999.000,9999.000,9999.000,9999.000,9999.000,9999.000,9999.000,9999.000
202604291648,   0.070,9999.000,9999.000,9999.000,9999.000,9999.000,9999.000,9999.000,9999.000
202604291654,   0.071,9999.000,9999.000,9999.000,9999.000,9999.000,9999.000,9999.000,9999.000
202604291700,   0.071,9999.000,   1.100,   1.189,   2.360,   1.000,   2.260,   1.100,   2.360
202604291706,   0.072,9999.000,9999.000,9999.000,9999.000,9999.000,9999.000,9999.000,9999.000
202604291712,   0.072,9999.000,9999.000,9999.000,9999.000,9999.000,9999.000,9999.000,9999.000
202604291718,   0.072,9999.000,9999.000,9999.000,9999.000,9999.000,9999.000,9999.000,9999.000
202604291724,   0.072,9999.000,9999.000,9999.000,9999.000,9999.000,9999.000,9999.000,9999.000
202604291730,   0.071,9999.000,9999.000,9999.000,9999.000,9999.000,9999.000,9999.000,9999.000
202604291736,   0.071,9999.000,9999.000,9999.000,9999.000,9999.000,9999.000,9999.000,9999.000
202604291742,   0.070,9999.000,9999.000,9999.000,9999.000,9999.000,9999.000,9999.000,9999.000
202604291748,   0.068,9999.000,9999.000,9999.000,9999.000,9999.000,9999.000,9999.000,9999.000
202604291754,   0.067,9999.000,9999.000,9999.000,9999.000,9999.000,9999.000,9999.000,9999.000
202604291800,   0.065,9999.000,   1.100,   1.189,   2.354,   1.000,   2.254,   1.100,   2.354
202604291806,   0.063,9999.000,9999.000,9999.000,9999.000,9999.000,9999.000,9999.000,9999.000
202604291812,   0.060,9999.000,9999.000,9999.000,9999.000,9999.000,9999.000,9999.000,9999.000
202604291818,   0.058,9999.000,9999.000,9999.000,9999.000,9999.000,9999.000,9999.000,9999.000
202604291824,   0.055,9999.000,9999.000,9999.000,9999.000,9999.000,9999.000,9999.000,9999.000
202604291830,   0.053,9999.000,9999.000,9999.000,9999.000,9999.000,9999.000,9999.000,9999.000
202604291836,   0.050,9999.000,9999.000,9999.000,9999.000,9999.000,9999.000,9999.000,9999.000
202604291842,   0.047,9999.000,9999.000,9999.000,9999.000,9999.000,9999.000,9999.000,9999.000
202604291848,   0.044,9999.000,9999.000,9999.000,9999.000,9999.000,9999.000,9999.000,9999.000
202604291854,   0.041,9999.000,9999.000,9999.000,9999.000,9999.000,9999.000,9999.000,9999.000
202604291900,   0.039,9999.000,   1.100,   1.189,   2.328,   1.000,   2.228,   1.100,   2.328
202604291906,   0.036,9999.000,9999.000,9999.000,9999.000,9999.000,9999.000,9999.000,9999.000
202604291912,   0.034,9999.000,9999.000,9999.000,9999.000,9999.000,9999.000,9999.000,9999.000
202604291918,   0.031,9999.000,9999.000,9999.000,9999.000,9999.000,9999.000,9999.000,9999.000
202604291924,   0.029,9999.000,9999.000,9999.000,9999.000,9999.000,9999.000,9999.000,9999.000
202604291930,   0.027,9999.000,9999.000,9999.000,9999.000,9999.000,9999.000,9999.000,9999.000
202604291936,   0.026,9999.000,9999.000,9999.000,9999.000,9999.000,9999.000,9999.000,9999.000
202604291942,   0.024,9999.000,9999.000,9999.000,9999.000,9999.000,9999.000,9999.000,9999.000
202604291948,   0.023,9999.000,9999.000,9999.000,9999.000,9999.000,9999.000,9999.000,9999.000
202604291954,   0.022,9999.000,9999.000,9999.000,9999.000,9999.000,9999.000,9999.000,9999.000
202604292000,   0.021,9999.000,   1.000,   1.189,   2.210,   0.900,   2.110,   1.100,   2.310
202604292006,   0.020,9999.000,9999.000,9999.000,9999.000,9999.000,9999.000,9999.000,9999.000
202604292012,   0.020,9999.000,9999.000,9999.000,9999.000,9999.000,9999.000,9999.000,9999.000
202604292018,   0.020,9999.000,9999.000,9999.000,9999.000,9999.000,9999.000,9999.000,9999.000
202604292024,   0.020,9999.000,9999.000,9999.000,9999.000,9999.000,9999.000,9999.000,9999.000
202604292030,   0.020,9999.000,9999.000,9999.000,9999.000,9999.000,9999.000,9999.000,9999.000
202604292036,   0.020,9999.000,9999.000,9999.000,9999.000,9999.000,9999.000,9999.000,9999.000
202604292042,   0.021,9999.000,9999.000,9999.000,9999.000,9999.000,9999.000,9999.000,9999.000
202604292048,   0.021,9999.000,9999.000,9999.000,9999.000,9999.000,9999.000,9999.000,9999.000
202604292054,   0.022,9999.000,9999.000,9999.000,9999.000,9999.000,9999.000,9999.000,9999.000
202604292100,   0.022,9999.000,   1.000,   1.189,   2.211,   0.900,   2.111,   1.100,   2.311
202604292106,   0.022,9999.000,9999.000,9999.000,9999.000,9999.000,9999.000,9999.000,9999.000
202604292112,   0.023,9999.000,9999.000,9999.000,9999.000,9999.000,9999.000,9999.000,9999.000
202604292118,   0.023,9999.000,9999.000,9999.000,9999.000,9999.000,9999.000,9999.000,9999.000
202604292124,   0.024,9999.000,9999.000,9999.000,9999.000,9999.000,9999.000,9999.000,9999.000
202604292130,   0.024,9999.000,9999.000,9999.000,9999.000,9999.000,9999.000,9999.000,9999.000
202604292136,   0.024,9999.000,9999.000,9999.000,9999.000,9999.000,9999.000,9999.000,9999.000
202604292142,   0.024,9999.000,9999.000,9999.000,9999.000,9999.000,9999.000,9999.000,9999.000
202604292148,   0.024,9999.000,9999.000,9999.000,9999.000,9999.000,9999.000,9999.000,9999.000
202604292154,   0.024,9999.000,9999.000,9999.000,9999.000,9999.000,9999.000,9999.000,9999.000
202604292200,   0.024,9999.000,   1.000,   1.189,   2.213,   0.800,   2.013,   1.100,   2.313
202604292206,   0.023,9999.000,9999.000,9999.000,9999.000,9999.000,9999.000,9999.000,9999.000
202604292212,   0.023,9999.000,9999.000,9999.000,9999.000,9999.000,9999.000,9999.000,9999.000
202604292218,   0.023,9999.000,9999.000,9999.000,9999.000,9999.000,9999.000,9999.000,9999.000
202604292224,   0.022,9999.000,9999.000,9999.000,9999.000,9999.000,9999.000,9999.000,9999.000
202604292230,   0.022,9999.000,9999.000,9999.000,9999.000,9999.000,9999.000,9999.000,9999.000
202604292236,   0.021,9999.000,9999.000,9999.000,9999.000,9999.000,9999.000,9999.000,9999.000
202604292242,   0.021,9999.000,9999.000,9999.000,9999.000,9999.000,9999.000,9999.000,9999.000
202604292248,   0.021,9999.000,9999.000,9999.000,9999.000,9999.000,9999.000,9999.000,9999.000
202604292254,   0.021,9999.000,9999.000,9999.000,9999.000,9999.000,9999.000,9999.000,9999.000
202604292300,   0.021,9999.000,   1.000,   1.189,   2.210,   0.800,   2.010,   1.100,   2.310
202604292306,   0.022,9999.000,9999.000,9999.000,9999.000,9999.000,9999.000,9999.000,9999.000
202604292312,   0.022,9999.000,9999.000,9999.000,9999.000,9999.000,9999.000,9999.000,9999.000
202604292318,   0.023,9999.000,9999.000,9999.000,9999.000,9999.000,9999.000,9999.000,9999.000
202604292324,   0.024,9999.000,9999.000,9999.000,9999.000,9999.000,9999.000,9999.000,9999.000
202604292330,   0.025,9999.000,9999.000,9999.000,9999.000,9999.000,9999.000,9999.000,9999.000
202604292336,   0.027,9999.000,9999.000,9999.000,9999.000,9999.000,9999.000,9999.000,9999.000
202604292342,   0.029,9999.000,9999.000,9999.000,9999.000,9999.000,9999.000,9999.000,9999.000
202604292348,   0.031,9999.000,9999.000,9999.000,9999.000,9999.000,9999.000,9999.000,9999.000
202604292354,   0.034,9999.000,9999.000,9999.000,9999.000,9999.000,9999.000,9999.000,9999.000
202604300000,   0.037,9999.000,   1.000,   1.189,   2.226,   0.800,   2.026,   1.100,   2.326
202604300006,   0.040,9999.000,9999.000,9999.000,9999.000,9999.000,9999.000,9999.000,9999.000
202604300012,   0.044,9999.000,9999.000,9999.000,9999.000,9999.000,9999.000,9999.000,9999.000
202604300018,   0.047,9999.000,9999.000,9999.000,9999.000,9999.000,9999.000,9999.000,9999.000
202604300024,   0.051,9999.000,9999.000,9999.000,9999.000,9999.000,9999.000,9999.000,9999.000
202604300030,   0.055,9999.000,9999.000,9999.000,9999.000,9999.000,9999.000,9999.000,9999.000
202604300036,   0.060,9999.000,9999.000,9999.000,9999.000,9999.000,9999.000,9999.000,9999.000
202604300042,   0.064,9999.000,9999.000,9999.000,9999.000,9999.000,9999.000,9999.000,9999.000
202604300048,   0.070,9999.000,9999.000,9999.000,9999.000,9999.000,9999.000,9999.000,9999.000
202604300054,   0.073,9999.000,9999.000,9999.000,9999.000,9999.000,9999.000,9999.000,9999.000
202604300100,   0.078,9999.000,   1.000,   1.189,   2.267,   0.800,   2.067,   1.100,   2.367
202604300106,   0.082,9999.000,9999.000,9999.000,9999.000,9999.000,9999.000,9999.000,9999.000
202604300112,   0.087,9999.000,9999.000,9999.000,9999.000,9999.000,9999.000,9999.000,9999.000
202604300118,   0.091,9999.000,9999.000,9999.000,9999.000,9999.000,9999.000,9999.000,9999.000
202604300124,   0.096,9999.000,9999.000,9999.000,9999.000,9999.000,9999.000,9999.000,9999.000
202604300130,   0.100,9999.000,9999.000,9999.000,9999.000,9999.000,9999.000,9999.000,9999.000
202604300136,   0.104,9999.000,9999.000,9999.000,9999.000,9999.000,9999.000,9999.000,9999.000
202604300142,   0.108,9999.000,9999.000,9999.000,9999.000,9999.000,9999.000,9999.000,9999.000
202604300148,   0.111,9999.000,9999.000,9999.000,9999.000,9999.000,9999.000,9999.000,9999.000
202604300154,   0.115,9999.000,9999.000,9999.000,9999.000,9999.000,9999.000,9999.000,9999.000
202604300200,   0.118,9999.000,   1.000,   1.189,   2.307,   0.800,   2.107,   1.100,   2.407
202604300206,   0.121,9999.000,9999.000,9999.000,9999.000,9999.000,9999.000,9999.000,9999.000
202604300212,   0.123,9999.000,9999.000,9999.000,9999.000,9999.000,9999.000,9999.000,9999.000
202604300218,   0.126,9999.000,9999.000,9999.000,9999.000,9999.000,9999.000,9999.000,9999.000
202604300224,   0.128,9999.000,9999.000,9999.000,9999.000,9999.000,9999.000,9999.000,9999.000
202604300230,   0.130,9999.000,9999.000,9999.000,9999.000,9999.000,9999.000,9999.000,9999.000
202604300236,   0.132,9999.000,9999.000,9999.000,9999.000,9999.000,9999.000,9999.000,9999.000
202604300242,   0.134,9999.000,9999.000,9999.000,9999.000,9999.000,9999.000,9999.000,9999.000
202604300248,   0.135,9999.000,9999.000,9999.000,9999.000,9999.000,9999.000,9999.000,9999.000
202604300254,   0.137,9999.000,9999.000,9999.000,9999.000,9999.000,9999.000,9999.000,9999.000
202604300300,   0.138,9999.000,   1.000,   1.189,   2.327,   0.800,   2.127,   1.100,   2.427
202604300306,   0.140,9999.000,9999.000,9999.000,9999.000,9999.000,9999.000,9999.000,9999.000
202604300312,   0.141,9999.000,9999.000,9999.000,9999.000,9999.000,9999.000,9999.000,9999.000
202604300318,   0.143,9999.000,9999.000,9999.000,9999.000,9999.000,9999.000,9999.000,9999.000
202604300324,   0.144,9999.000,9999.000,9999.000,9999.000,9999.000,9999.000,9999.000,9999.000
202604300330,   0.145,9999.000,9999.000,9999.000,9999.000,9999.000,9999.000,9999.000,9999.000
202604300336,   0.147,9999.000,9999.000,9999.000,9999.000,9999.000,9999.000,9999.000,9999.000
202604300342,   0.149,9999.000,9999.000,9999.000,9999.000,9999.000,9999.000,9999.000,9999.000
202604300348,   0.150,9999.000,9999.000,9999.000,9999.000,9999.000,9999.000,9999.000,9999.000
202604300354,   0.152,9999.000,9999.000,9999.000,9999.000,9999.000,9999.000,9999.000,9999.000
202604300400,   0.154,9999.000,   1.000,   1.189,   2.343,   0.800,   2.143,   1.100,   2.443
202604300406,   0.156,9999.000,9999.000,9999.000,9999.000,9999.000,9999.000,9999.000,9999.000
202604300412,   0.157,9999.000,9999.000,9999.000,9999.000,9999.000,9999.000,9999.000,9999.000
202604300418,   0.159,9999.000,9999.000,9999.000,9999.000,9999.000,9999.000,9999.000,9999.000
202604300424,   0.161,9999.000,9999.000,9999.000,9999.000,9999.000,9999.000,9999.000,9999.000
202604300430,   0.164,9999.000,9999.000,9999.000,9999.000,9999.000,9999.000,9999.000,9999.000
202604300436,   0.166,9999.000,9999.000,9999.000,9999.000,9999.000,9999.000,9999.000,9999.000
202604300442,   0.168,9999.000,9999.000,9999.000,9999.000,9999.000,9999.000,9999.000,9999.000
202604300448,   0.169,9999.000,9999.000,9999.000,9999.000,9999.000,9999.000,9999.000,9999.000
202604300454,   0.171,9999.000,9999.000,9999.000,9999.000,9999.000,9999.000,9999.000,9999.000
202604300500,   0.173,9999.000,   1.000,   1.189,   2.362,   0.800,   2.162,   1.200,   2.562
202604300506,   0.174,9999.000,9999.000,9999.000,9999.000,9999.000,9999.000,9999.000,9999.000
202604300512,   0.176,9999.000,9999.000,9999.000,9999.000,9999.000,9999.000,9999.000,9999.000
202604300518,   0.177,9999.000,9999.000,9999.000,9999.000,9999.000,9999.000,9999.000,9999.000
202604300524,   0.178,9999.000,9999.000,9999.000,9999.000,9999.000,9999.000,9999.000,9999.000
202604300530,   0.178,9999.000,9999.000,9999.000,9999.000,9999.000,9999.000,9999.000,9999.000
202604300536,   0.178,9999.000,9999.000,9999.000,9999.000,9999.000,9999.000,9999.000,9999.000
202604300542,   0.178,9999.000,9999.000,9999.000,9999.000,9999.000,9999.000,9999.000,9999.000
202604300548,   0.178,9999.000,9999.000,9999.000,9999.000,9999.000,9999.000,9999.000,9999.000
202604300554,   0.177,9999.000,9999.000,9999.000,9999.000,9999.000,9999.000,9999.000,9999.000
202604300600,   0.176,9999.000,   1.000,   1.189,   2.365,   0.900,   2.265,   1.200,   2.565
202604300606,   0.175,9999.000,9999.000,9999.000,9999.000,9999.000,9999.000,9999.000,9999.000
202604300612,   0.173,9999.000,9999.000,9999.000,9999.000,9999.000,9999.000,9999.000,9999.000
202604300618,   0.171,9999.000,9999.000,9999.000,9999.000,9999.000,9999.000,9999.000,9999.000
202604300624,   0.168,9999.000,9999.000,9999.000,9999.000,9999.000,9999.000,9999.000,9999.000
202604300630,   0.165,9999.000,9999.000,9999.000,9999.000,9999.000,9999.000,9999.000,9999.000
202604300636,   0.162,9999.000,9999.000,9999.000,9999.000,9999.000,9999.000,9999.000,9999.000
202604300642,   0.159,9999.000,9999.000,9999.000,9999.000,9999.000,9999.000,9999.000,9999.000
202604300648,   0.156,9999.000,9999.000,9999.000,9999.000,9999.000,9999.000,9999.000,9999.000
202604300654,   0.152,9999.000,9999.000,9999.000,9999.000,9999.000,9999.000,9999.000,9999.000
202604300700,   0.148,9999.000,   1.100,   1.189,   2.437,   0.900,   2.237,   1.200,   2.537
202604300706,   0.144,9999.000,9999.000,9999.000,9999.000,9999.000,9999.000,9999.000,9999.000
202604300712,   0.141,9999.000,9999.000,9999.000,9999.000,9999.000,9999.000,9999.000,9999.000
202604300718,   0.137,9999.000,9999.000,9999.000,9999.000,9999.000,9999.000,9999.000,9999.000
202604300724,   0.133,9999.000,9999.000,9999.000,9999.000,9999.000,9999.000,9999.000,9999.000
202604300730,   0.129,9999.000,9999.000,9999.000,9999.000,9999.000,9999.000,9999.000,9999.000
202604300736,   0.125,9999.000,9999.000,9999.000,9999.000,9999.000,9999.000,9999.000,9999.000
202604300742,   0.121,9999.000,9999.000,9999.000,9999.000,9999.000,9999.000,9999.000,9999.000
202604300748,   0.117,9999.000,9999.000,9999.000,9999.000,9999.000,9999.000,9999.000,9999.000
202604300754,   0.114,9999.000,9999.000,9999.000,9999.000,9999.000,9999.000,9999.000,9999.000
202604300800,   0.110,9999.000,   1.100,   1.189,   2.399,   0.900,   2.199,   1.200,   2.499
202604300806,   0.107,9999.000,9999.000,9999.000,9999.000,9999.000,9999.000,9999.000,9999.000
202604300812,   0.104,9999.000,9999.000,9999.000,9999.000,9999.000,9999.000,9999.000,9999.000
202604300818,   0.101,9999.000,9999.000,9999.000,9999.000,9999.000,9999.000,9999.000,9999.000
202604300824,   0.099,9999.000,9999.000,9999.000,9999.000,9999.000,9999.000,9999.000,9999.000
202604300830,   0.096,9999.000,9999.000,9999.000,9999.000,9999.000,9999.000,9999.000,9999.000
202604300836,   0.094,9999.000,9999.000,9999.000,9999.000,9999.000,9999.000,9999.000,9999.000
202604300842,   0.092,9999.000,9999.000,9999.000,9999.000,9999.000,9999.000,9999.000,9999.000
202604300848,   0.090,9999.000,9999.000,9999.000,9999.000,9999.000,9999.000,9999.000,9999.000
202604300854,   0.088,9999.000,9999.000,9999.000,9999.000,9999.000,9999.000,9999.000,9999.000
202604300900,   0.086,9999.000,   1.100,   1.189,   2.375,   1.000,   2.275,   1.200,   2.475
202604300906,   0.084,9999.000,9999.000,9999.000,9999.000,9999.000,9999.000,9999.000,9999.000
202604300912,   0.082,9999.000,9999.000,9999.000,9999.000,9999.000,9999.000,9999.000,9999.000
202604300918,   0.080,9999.000,9999.000,9999.000,9999.000,9999.000,9999.000,9999.000,9999.000
202604300924,   0.078,9999.000,9999.000,9999.000,9999.000,9999.000,9999.000,9999.000,9999.000
202604300930,   0.076,9999.000,9999.000,9999.000,9999.000,9999.000,9999.000,9999.000,9999.000
202604300936,   0.074,9999.000,9999.000,9999.000,9999.000,9999.000,9999.000,9999.000,9999.000
202604300942,   0.072,9999.000,9999.000,9999.000,9999.000,9999.000,9999.000,9999.000,9999.000
202604300948,   0.070,9999.000,9999.000,9999.000,9999.000,9999.000,9999.000,9999.000,9999.000
202604300954,   0.068,9999.000,9999.000,9999.000,9999.000,9999.000,9999.000,9999.000,9999.000
202604301000,   0.065,9999.000,   1.100,   1.189,   2.354,   1.000,   2.254,   1.200,   2.454
202604301006,   0.063,9999.000,9999.000,9999.000,9999.000,9999.000,9999.000,9999.000,9999.000
202604301012,   0.060,9999.000,9999.000,9999.000,9999.000,9999.000,9999.000,9999.000,9999.000
202604301018,   0.057,9999.000,9999.000,9999.000,9999.000,9999.000,9999.000,9999.000,9999.000
202604301024,   0.054,9999.000,9999.000,9999.000,9999.000,9999.000,9999.000,9999.000,9999.000
202604301030,   0.051,9999.000,9999.000,9999.000,9999.000,9999.000,9999.000,9999.000,9999.000
202604301036,   0.048,9999.000,9999.000,9999.000,9999.000,9999.000,9999.000,9999.000,9999.000
202604301042,   0.045,9999.000,9999.000,9999.000,9999.000,9999.000,9999.000,9999.000,9999.000
202604301048,   0.042,9999.000,9999.000,9999.000,9999.000,9999.000,9999.000,9999.000,9999.000
202604301054,   0.039,9999.000,9999.000,9999.000,9999.000,9999.000,9999.000,9999.000,9999.000
202604301100,   0.036,9999.000,   1.100,   1.189,   2.325,   1.000,   2.225,   1.200,   2.425
202604301106,   0.032,9999.000,9999.000,9999.000,9999.000,9999.000,9999.000,9999.000,9999.000
202604301112,   0.029,9999.000,9999.000,9999.000,9999.000,9999.000,9999.000,9999.000,9999.000
202604301118,   0.026,9999.000,9999.000,9999.000,9999.000,9999.000,9999.000,9999.000,9999.000
202604301124,   0.024,9999.000,9999.000,9999.000,9999.000,9999.000,9999.000,9999.000,9999.000
202604301130,   0.021,9999.000,9999.000,9999.000,9999.000,9999.000,9999.000,9999.000,9999.000
202604301136,   0.019,9999.000,9999.000,9999.000,9999.000,9999.000,9999.000,9999.000,9999.000
202604301142,   0.017,9999.000,9999.000,9999.000,9999.000,9999.000,9999.000,9999.000,9999.000
202604301148,   0.015,9999.000,9999.000,9999.000,9999.000,9999.000,9999.000,9999.000,9999.000
202604301154,   0.013,9999.000,9999.000,9999.000,9999.000,9999.000,9999.000,9999.000,9999.000
202604301200,   0.012,9999.000,   1.200,   1.189,   2.401,   1.000,   2.201,   1.300,   2.501
202604301206,   0.011,9999.000,9999.000,9999.000,9999.000,9999.000,9999.000,9999.000,9999.000
202604301212,   0.010,9999.000,9999.000,9999.000,9999.000,9999.000,9999.000,9999.000,9999.000
202604301218,   0.010,9999.000,9999.000,9999.000,9999.000,9999.000,9999.000,9999.000,9999.000
202604301224,   0.010,9999.000,9999.000,9999.000,9999.000,9999.000,9999.000,9999.000,9999.000
202604301230,   0.010,9999.000,9999.000,9999.000,9999.000,9999.000,9999.000,9999.000,9999.000
202604301236,   0.010,9999.000,9999.000,9999.000,9999.000,9999.000,9999.000,9999.000,9999.000
202604301242,   0.011,9999.000,9999.000,9999.000,9999.000,9999.000,9999.000,9999.000,9999.000
202604301248,   0.012,9999.000,9999.000,9999.000,9999.000,9999.000,9999.000,9999.000,9999.000
202604301254,   0.013,9999.000,9999.000,9999.000,9999.000,9999.000,9999.000,9999.000,9999.000
202604301300,   0.015,9999.000,   1.200,   1.189,   2.404,   1.100,   2.304,   1.300,   2.504
202604301306,   0.016,9999.000,9999.000,9999.000,9999.000,9999.000,9999.000,9999.000,9999.000
202604301312,   0.018,9999.000,9999.000,9999.000,9999.000,9999.000,9999.000,9999.000,9999.000
202604301318,   0.020,9999.000,9999.000,9999.000,9999.000,9999.000,9999.000,9999.000,9999.000
202604301324,   0.022,9999.000,9999.000,9999.000,9999.000,9999.000,9999.000,9999.000,9999.000
202604301330,   0.024,9999.000,9999.000,9999.000,9999.000,9999.000,9999.000,9999.000,9999.000
202604301336,   0.025,9999.000,9999.000,9999.000,9999.000,9999.000,9999.000,9999.000,9999.000
202604301342,   0.027,9999.000,9999.000,9999.000,9999.000,9999.000,9999.000,9999.000,9999.000
202604301348,   0.029,9999.000,9999.000,9999.000,9999.000,9999.000,9999.000,9999.000,9999.000
202604301354,   0.030,9999.000,9999.000,9999.000,9999.000,9999.000,9999.000,9999.000,9999.000
202604301400,   0.032,9999.000,   1.200,   1.189,   2.421,   1.100,   2.321,   1.300,   2.521
202604301406,   0.033,9999.000,9999.000,9999.000,9999.000,9999.000,9999.000,9999.000,9999.000
202604301412,   0.034,9999.000,9999.000,9999.000,9999.000,9999.000,9999.000,9999.000,9999.000
202604301418,   0.035,9999.000,9999.000,9999.000,9999.000,9999.000,9999.000,9999.000,9999.000
202604301424,   0.036,9999.000,9999.000,9999.000,9999.000,9999.000,9999.000,9999.000,9999.000
202604301430,   0.037,9999.000,9999.000,9999.000,9999.000,9999.000,9999.000,9999.000,9999.000
202604301436,   0.037,9999.000,9999.000,9999.000,9999.000,9999.000,9999.000,9999.000,9999.000
202604301442,   0.038,9999.000,9999.000,9999.000,9999.000,9999.000,9999.000,9999.000,9999.000
202604301448,   0.038,9999.000,9999.000,9999.000,9999.000,9999.000,9999.000,9999.000,9999.000
202604301454,   0.038,9999.000,9999.000,9999.000,9999.000,9999.000,9999.000,9999.000,9999.000
202604301500,   0.038,9999.000,   1.200,   1.189,   2.427,   1.100,   2.327,   1.300,   2.527
202604301506,   0.037,9999.000,9999.000,9999.000,9999.000,9999.000,9999.000,9999.000,9999.000
202604301512,   0.037,9999.000,9999.000,9999.000,9999.000,9999.000,9999.000,9999.000,9999.000
202604301518,   0.037,9999.000,9999.000,9999.000,9999.000,9999.000,9999.000,9999.000,9999.000
202604301524,   0.036,9999.000,9999.000,9999.000,9999.000,9999.000,9999.000,9999.000,9999.000
202604301530,   0.036,9999.000,9999.000,9999.000,9999.000,9999.000,9999.000,9999.000,9999.000
202604301536,   0.036,9999.000,9999.000,9999.000,9999.000,9999.000,9999.000,9999.000,9999.000
202604301542,   0.035,9999.000,9999.000,9999.000,9999.000,9999.000,9999.000,9999.000,9999.000
202604301548,   0.035,9999.000,9999.000,9999.000,9999.000,9999.000,9999.000,9999.000,9999.000
202604301554,   0.035,9999.000,9999.000,9999.000,9999.000,9999.000,9999.000,9999.000,9999.000
202604301600,   0.035,9999.000,   1.200,   1.189,   2.424,   1.100,   2.324,   1.300,   2.524
202604301606,   0.035,9999.000,9999.000,9999.000,9999.000,9999.000,9999.000,9999.000,9999.000
202604301612,   0.035,9999.000,9999.000,9999.000,9999.000,9999.000,9999.000,9999.000,9999.000
202604301618,   0.036,9999.000,9999.000,9999.000,9999.000,9999.000,9999.000,9999.000,9999.000
202604301624,   0.036,9999.000,9999.000,9999.000,9999.000,9999.000,9999.000,9999.000,9999.000
202604301630,   0.037,9999.000,9999.000,9999.000,9999.000,9999.000,9999.000,9999.000,9999.000
202604301636,   0.038,9999.000,9999.000,9999.000,9999.000,9999.000,9999.000,9999.000,9999.000
202604301642,   0.039,9999.000,9999.000,9999.000,9999.000,9999.000,9999.000,9999.000,9999.000
202604301648,   0.040,9999.000,9999.000,9999.000,9999.000,9999.000,9999.000,9999.000,9999.000
202604301654,   0.042,9999.000,9999.000,9999.000,9999.000,9999.000,9999.000,9999.000,9999.000
202604301700,   0.043,9999.000,   1.200,   1.189,   2.432,   1.100,   2.332,   1.300,   2.532
202604301706,   0.044,9999.000,9999.000,9999.000,9999.000,9999.000,9999.000,9999.000,9999.000
202604301712,   0.046,9999.000,9999.000,9999.000,9999.000,9999.000,9999.000,9999.000,9999.000
202604301718,   0.047,9999.000,9999.000,9999.000,9999.000,9999.000,9999.000,9999.000,9999.000
202604301724,   0.048,9999.000,9999.000,9999.000,9999.000,9999.000,9999.000,9999.000,9999.000
202604301730,   0.049,9999.000,9999.000,9999.000,9999.000,9999.000,9999.000,9999.000,9999.000
202604301736,   0.051,9999.000,9999.000,9999.000,9999.000,9999.000,9999.000,9999.000,9999.000
202604301742,   0.052,9999.000,9999.000,9999.000,9999.000,9999.000,9999.000,9999.000,9999.000
202604301748,   0.052,9999.000,9999.000,9999.000,9999.000,9999.000,9999.000,9999.000,9999.000
202604301754,   0.053,9999.000,9999.000,9999.000,9999.000,9999.000,9999.000,9999.000,9999.000
202604301800,   0.053,9999.000,   1.200,   1.189,   2.442,   1.100,   2.342,   1.300,   2.542
202604301806,   0.054,9999.000,9999.000,9999.000,9999.000,9999.000,9999.000,9999.000,9999.000
202604301812,   0.053,9999.000,9999.000,9999.000,9999.000,9999.000,9999.000,9999.000,9999.000
202604301818,   0.053,9999.000,9999.000,9999.000,9999.000,9999.000,9999.000,9999.000,9999.000
202604301824,   0.052,9999.000,9999.000,9999.000,9999.000,9999.000,9999.000,9999.000,9999.000
202604301830,   0.052,9999.000,9999.000,9999.000,9999.000,9999.000,9999.000,9999.000,9999.000
202604301836,   0.050,9999.000,9999.000,9999.000,9999.000,9999.000,9999.000,9999.000,9999.000
202604301842,   0.049,9999.000,9999.000,9999.000,9999.000,9999.000,9999.000,9999.000,9999.000
202604301848,   0.047,9999.000,9999.000,9999.000,9999.000,9999.000,9999.000,9999.000,9999.000
202604301854,   0.046,9999.000,9999.000,9999.000,9999.000,9999.000,9999.000,9999.000,9999.000
202604301900,   0.044,9999.000,   1.200,   1.189,   2.433,   1.100,   2.333,   1.300,   2.533
202604301906,   0.041,9999.000,9999.000,9999.000,9999.000,9999.000,9999.000,9999.000,9999.000
202604301912,   0.039,9999.000,9999.000,9999.000,9999.000,9999.000,9999.000,9999.000,9999.000
202604301918,   0.037,9999.000,9999.000,9999.000,9999.000,9999.000,9999.000,9999.000,9999.000
202604301924,   0.034,9999.000,9999.000,9999.000,9999.000,9999.000,9999.000,9999.000,9999.000
202604301930,   0.032,9999.000,9999.000,9999.000,9999.000,9999.000,9999.000,9999.000,9999.000
202604301936,   0.029,9999.000,9999.000,9999.000,9999.000,9999.000,9999.000,9999.000,9999.000
202604301942,   0.027,9999.000,9999.000,9999.000,9999.000,9999.000,9999.000,9999.000,9999.000
202604301948,   0.024,9999.000,9999.000,9999.000,9999.000,9999.000,9999.000,9999.000,9999.000
202604301954,   0.022,9999.000,9999.000,9999.000,9999.000,9999.000,9999.000,9999.000,9999.000
202604302000,   0.020,9999.000,   1.200,   1.189,   2.409,   1.100,   2.309,   1.300,   2.509
202604302006,   0.018,9999.000,9999.000,9999.000,9999.000,9999.000,9999.000,9999.000,9999.000
202604302012,   0.016,9999.000,9999.000,9999.000,9999.000,9999.000,9999.000,9999.000,9999.000
202604302018,   0.014,9999.000,9999.000,9999.000,9999.000,9999.000,9999.000,9999.000,9999.000
202604302024,   0.013,9999.000,9999.000,9999.000,9999.000,9999.000,9999.000,9999.000,9999.000
202604302030,   0.012,9999.000,9999.000,9999.000,9999.000,9999.000,9999.000,9999.000,9999.000
202604302036,   0.011,9999.000,9999.000,9999.000,9999.000,9999.000,9999.000,9999.000,9999.000
202604302042,   0.010,9999.000,9999.000,9999.000,9999.000,9999.000,9999.000,9999.000,9999.000
202604302048,   0.009,9999.000,9999.000,9999.000,9999.000,9999.000,9999.000,9999.000,9999.000
202604302054,   0.009,9999.000,9999.000,9999.000,9999.000,9999.000,9999.000,9999.000,9999.000
202604302100,   0.009,9999.000,   1.200,   1.189,   2.398,   1.100,   2.298,   1.300,   2.498
202604302106,   0.009,9999.000,9999.000,9999.000,9999.000,9999.000,9999.000,9999.000,9999.000
202604302112,   0.010,9999.000,9999.000,9999.000,9999.000,9999.000,9999.000,9999.000,9999.000
202604302118,   0.010,9999.000,9999.000,9999.000,9999.000,9999.000,9999.000,9999.000,9999.000
202604302124,   0.011,9999.000,9999.000,9999.000,9999.000,9999.000,9999.000,9999.000,9999.000
202604302130,   0.012,9999.000,9999.000,9999.000,9999.000,9999.000,9999.000,9999.000,9999.000
202604302136,   0.013,9999.000,9999.000,9999.000,9999.000,9999.000,9999.000,9999.000,9999.000
202604302142,   0.014,9999.000,9999.000,9999.000,9999.000,9999.000,9999.000,9999.000,9999.000
202604302148,   0.014,9999.000,9999.000,9999.000,9999.000,9999.000,9999.000,9999.000,9999.000
202604302154,   0.015,9999.000,9999.000,9999.000,9999.000,9999.000,9999.000,9999.000,9999.000
202604302200,   0.016,9999.000,   1.200,   1.189,   2.405,   1.100,   2.305,   1.300,   2.505
202604302206,   0.017,9999.000,9999.000,9999.000,9999.000,9999.000,9999.000,9999.000,9999.000
202604302212,   0.018,9999.000,9999.000,9999.000,9999.000,9999.000,9999.000,9999.000,9999.000
202604302218,   0.019,9999.000,9999.000,9999.000,9999.000,9999.000,9999.000,9999.000,9999.000
202604302224,   0.019,9999.000,9999.000,9999.000,9999.000,9999.000,9999.000,9999.000,9999.000
202604302230,   0.020,9999.000,9999.000,9999.000,9999.000,9999.000,9999.000,9999.000,9999.000
202604302236,   0.021,9999.000,9999.000,9999.000,9999.000,9999.000,9999.000,9999.000,9999.000
202604302242,   0.021,9999.000,9999.000,9999.000,9999.000,9999.000,9999.000,9999.000,9999.000
202604302248,   0.021,9999.000,9999.000,9999.000,9999.000,9999.000,9999.000,9999.000,9999.000
202604302254,   0.021,9999.000,9999.000,9999.000,9999.000,9999.000,9999.000,9999.000,9999.000
202604302300,   0.022,9999.000,   1.200,   1.189,   2.411,   1.100,   2.311,   1.300,   2.511
202604302306,   0.022,9999.000,9999.000,9999.000,9999.000,9999.000,9999.000,9999.000,9999.000
202604302312,   0.022,9999.000,9999.000,9999.000,9999.000,9999.000,9999.000,9999.000,9999.000
202604302318,   0.022,9999.000,9999.000,9999.000,9999.000,9999.000,9999.000,9999.000,9999.000
202604302324,   0.022,9999.000,9999.000,9999.000,9999.000,9999.000,9999.000,9999.000,9999.000
202604302330,   0.022,9999.000,9999.000,9999.000,9999.000,9999.000,9999.000,9999.000,9999.000
202604302336,   0.022,9999.000,9999.000,9999.000,9999.000,9999.000,9999.000,9999.000,9999.000
202604302342,   0.023,9999.000,9999.000,9999.000,9999.000,9999.000,9999.000,9999.000,9999.000
202604302348,   0.023,9999.000,9999.000,9999.000,9999.000,9999.000,9999.000,9999.000,9999.000
202604302354,   0.024,9999.000,9999.000,9999.000,9999.000,9999.000,9999.000,9999.000,9999.000
202605010000,   0.025,9999.000,   1.200,   1.189,   2.414,   1.100,   2.314,   1.400,   2.614
202605010006,   0.026,9999.000,9999.000,9999.000,9999.000,9999.000,9999.000,9999.000,9999.000
202605010012,   0.028,9999.000,9999.000,9999.000,9999.000,9999.000,9999.000,9999.000,9999.000
202605010018,   0.029,9999.000,9999.000,9999.000,9999.000,9999.000,9999.000,9999.000,9999.000
202605010024,   0.031,9999.000,9999.000,9999.000,9999.000,9999.000,9999.000,9999.000,9999.000
202605010030,   0.033,9999.000,9999.000,9999.000,9999.000,9999.000,9999.000,9999.000,9999.000
202605010036,   0.036,9999.000,9999.000,9999.000,9999.000,9999.000,9999.000,9999.000,9999.000
202605010042,   0.039,9999.000,9999.000,9999.000,9999.000,9999.000,9999.000,9999.000,9999.000
202605010048,   0.042,9999.000,9999.000,9999.000,9999.000,9999.000,9999.000,9999.000,9999.000
202605010054,   0.046,9999.000,9999.000,9999.000,9999.000,9999.000,9999.000,9999.000,9999.000
202605010100,   0.049,9999.000,   1.200,   1.189,   2.438,   1.100,   2.338,   1.400,   2.638
202605010106,   0.053,9999.000,9999.000,9999.000,9999.000,9999.000,9999.000,9999.000,9999.000
202605010112,   0.057,9999.000,9999.000,9999.000,9999.000,9999.000,9999.000,9999.000,9999.000
202605010118,   0.062,9999.000,9999.000,9999.000,9999.000,9999.000,9999.000,9999.000,9999.000
202605010124,   0.066,9999.000,9999.000,9999.000,9999.000,9999.000,9999.000,9999.000,9999.000
202605010130,   0.071,9999.000,9999.000,9999.000,9999.000,9999.000,9999.000,9999.000,9999.000
202605010136,   0.076,9999.000,9999.000,9999.000,9999.000,9999.000,9999.000,9999.000,9999.000
202605010142,   0.081,9999.000,9999.000,9999.000,9999.000,9999.000,9999.000,9999.000,9999.000
202605010148,   0.086,9999.000,9999.000,9999.000,9999.000,9999.000,9999.000,9999.000,9999.000
202605010154,   0.090,9999.000,9999.000,9999.000,9999.000,9999.000,9999.000,9999.000,9999.000
202605010200,   0.095,9999.000,   1.200,   1.189,   2.484,   1.100,   2.384,   1.400,   2.684
202605010206,   0.100,9999.000,9999.000,9999.000,9999.000,9999.000,9999.000,9999.000,9999.000
202605010212,   0.105,9999.000,9999.000,9999.000,9999.000,9999.000,9999.000,9999.000,9999.000
202605010218,   0.109,9999.000,9999.000,9999.000,9999.000,9999.000,9999.000,9999.000,9999.000
202605010224,   0.113,9999.000,9999.000,9999.000,9999.000,9999.000,9999.000,9999.000,9999.000
202605010230,   0.118,9999.000,9999.000,9999.000,9999.000,9999.000,9999.000,9999.000,9999.000
202605010236,   0.121,9999.000,9999.000,9999.000,9999.000,9999.000,9999.000,9999.000,9999.000
202605010242,   0.125,9999.000,9999.000,9999.000,9999.000,9999.000,9999.000,9999.000,9999.000
202605010248,   0.128,9999.000,9999.000,9999.000,9999.000,9999.000,9999.000,9999.000,9999.000
202605010254,   0.132,9999.000,9999.000,9999.000,9999.000,9999.000,9999.000,9999.000,9999.000
202605010300,   0.135,9999.000,   1.200,   1.189,   2.524,   1.100,   2.424,   1.400,   2.724
202605010306,   0.137,9999.000,9999.000,9999.000,9999.000,9999.000,9999.000,9999.000,9999.000
202605010312,   0.140,9999.000,9999.000,9999.000,9999.000,9999.000,9999.000,9999.000,9999.000
202605010318,   0.142,9999.000,9999.000,9999.000,9999.000,9999.000,9999.000,9999.000,9999.000
202605010324,   0.144,9999.000,9999.000,9999.000,9999.000,9999.000,9999.000,9999.000,9999.000
202605010330,   0.146,9999.000,9999.000,9999.000,9999.000,9999.000,9999.000,9999.000,9999.000
202605010336,   0.148,9999.000,9999.000,9999.000,9999.000,9999.000,9999.000,9999.000,9999.000
202605010342,   0.150,9999.000,9999.000,9999.000,9999.000,9999.000,9999.000,9999.000,9999.000
202605010348,   0.151,9999.000,9999.000,9999.000,9999.000,9999.000,9999.000,9999.000,9999.000
202605010354,   0.153,9999.000,9999.000,9999.000,9999.000,9999.000,9999.000,9999.000,9999.000
202605010400,   0.154,9999.000,   1.200,   1.189,   2.543,   1.100,   2.443,   1.400,   2.743
202605010406,   0.156,9999.000,9999.000,9999.000,9999.000,9999.000,9999.000,9999.000,9999.000
202605010412,   0.157,9999.000,9999.000,9999.000,9999.000,9999.000,9999.000,9999.000,9999.000
202605010418,   0.159,9999.000,9999.000,9999.000,9999.000,9999.000,9999.000,9999.000,9999.000
202605010424,   0.160,9999.000,9999.000,9999.000,9999.000,9999.000,9999.000,9999.000,9999.000
202605010430,   0.162,9999.000,9999.000,9999.000,9999.000,9999.000,9999.000,9999.000,9999.000
202605010436,   0.163,9999.000,9999.000,9999.000,9999.000,9999.000,9999.000,9999.000,9999.000
202605010442,   0.165,9999.000,9999.000,9999.000,9999.000,9999.000,9999.000,9999.000,9999.000
202605010448,   0.167,9999.000,9999.000,9999.000,9999.000,9999.000,9999.000,9999.000,9999.000
202605010454,   0.169,9999.000,9999.000,9999.000,9999.000,9999.000,9999.000,9999.000,9999.000
202605010500,   0.171,9999.000,   1.200,   1.189,   2.560,   1.100,   2.460,   1.400,   2.760
202605010506,   0.173,9999.000,9999.000,9999.000,9999.000,9999.000,9999.000,9999.000,9999.000
202605010512,   0.175,9999.000,9999.000,9999.000,9999.000,9999.000,9999.000,9999.000,9999.000
202605010518,   0.177,9999.000,9999.000,9999.000,9999.000,9999.000,9999.000,9999.000,9999.000
202605010524,   0.179,9999.000,9999.000,9999.000,9999.000,9999.000,9999.000,9999.000,9999.000
202605010530,   0.181,9999.000,9999.000,9999.000,9999.000,9999.000,9999.000,9999.000,9999.000
202605010536,   0.182,9999.000,9999.000,9999.000,9999.000,9999.000,9999.000,9999.000,9999.000
202605010542,   0.184,9999.000,9999.000,9999.000,9999.000,9999.000,9999.000,9999.000,9999.000
202605010548,   0.186,9999.000,9999.000,9999.000,9999.000,9999.000,9999.000,9999.000,9999.000
202605010554,   0.188,9999.000,9999.000,9999.000,9999.000,9999.000,9999.000,9999.000,9999.000
202605010600,   0.189,9999.000,   1.200,   1.189,   2.578,   1.100,   2.478,   1.400,   2.778
202605010606,   0.190,9999.000,9999.000,9999.000,9999.000,9999.000,9999.000,9999.000,9999.000
202605010612,   0.191,9999.000,9999.000,9999.000,9999.000,9999.000,9999.000,9999.000,9999.000
202605010618,   0.191,9999.000,9999.000,9999.000,9999.000,9999.000,9999.000,9999.000,9999.000
202605010624,   0.192,9999.000,9999.000,9999.000,9999.000,9999.000,9999.000,9999.000,9999.000
202605010630,   0.192,9999.000,9999.000,9999.000,9999.000,9999.000,9999.000,9999.000,9999.000
202605010636,   0.191,9999.000,9999.000,9999.000,9999.000,9999.000,9999.000,9999.000,9999.000
202605010642,   0.191,9999.000,9999.000,9999.000,9999.000,9999.000,9999.000,9999.000,9999.000
202605010648,   0.190,9999.000,9999.000,9999.000,9999.000,9999.000,9999.000,9999.000,9999.000
202605010654,   0.188,9999.000,9999.000,9999.000,9999.000,9999.000,9999.000,9999.000,9999.000
202605010700,   0.186,9999.000,   1.300,   1.189,   2.675,   1.100,   2.475,   1.400,   2.775
202605010706,   0.184,9999.000,9999.000,9999.000,9999.000,9999.000,9999.000,9999.000,9999.000
202605010712,   0.182,9999.000,9999.000,9999.000,9999.000,9999.000,9999.000,9999.000,9999.000
202605010718,   0.179,9999.000,9999.000,9999.000,9999.000,9999.000,9999.000,9999.000,9999.000
202605010724,   0.176,9999.000,9999.000,9999.000,9999.000,9999.000,9999.000,9999.000,9999.000
202605010730,   0.173,9999.000,9999.000,9999.000,9999.000,9999.000,9999.000,9999.000,9999.000
202605010736,   0.169,9999.000,9999.000,9999.000,9999.000,9999.000,9999.000,9999.000,9999.000
202605010742,   0.166,9999.000,9999.000,9999.000,9999.000,9999.000,9999.000,9999.000,9999.000
202605010748,   0.162,9999.000,9999.000,9999.000,9999.000,9999.000,9999.000,9999.000,9999.000
202605010754,   0.158,9999.000,9999.000,9999.000,9999.000,9999.000,9999.000,9999.000,9999.000
202605010800,   0.154,9999.000,   1.300,   1.189,   2.643,   1.100,   2.443,   1.400,   2.743
202605010806,   0.150,9999.000,9999.000,9999.000,9999.000,9999.000,9999.000,9999.000,9999.000
202605010812,   0.146,9999.000,9999.000,9999.000,9999.000,9999.000,9999.000,9999.000,9999.000
202605010818,   0.141,9999.000,9999.000,9999.000,9999.000,9999.000,9999.000,9999.000,9999.000
202605010824,   0.137,9999.000,9999.000,9999.000,9999.000,9999.000,9999.000,9999.000,9999.000
202605010830,   0.133,9999.000,9999.000,9999.000,9999.000,9999.000,9999.000,9999.000,9999.000
202605010836,   0.130,9999.000,9999.000,9999.000,9999.000,9999.000,9999.000,9999.000,9999.000
202605010842,   0.126,9999.000,9999.000,9999.000,9999.000,9999.000,9999.000,9999.000,9999.000
202605010848,   0.122,9999.000,9999.000,9999.000,9999.000,9999.000,9999.000,9999.000,9999.000
202605010854,   0.119,9999.000,9999.000,9999.000,9999.000,9999.000,9999.000,9999.000,9999.000
202605010900,   0.115,9999.000,   1.300,   1.189,   2.604,   1.100,   2.404,   1.400,   2.704
202605010906,   0.112,9999.000,9999.000,9999.000,9999.000,9999.000,9999.000,9999.000,9999.000
202605010912,   0.109,9999.000,9999.000,9999.000,9999.000,9999.000,9999.000,9999.000,9999.000
202605010918,   0.107,9999.000,9999.000,9999.000,9999.000,9999.000,9999.000,9999.000,9999.000
202605010924,   0.104,9999.000,9999.000,9999.000,9999.000,9999.000,9999.000,9999.000,9999.000
202605010930,   0.102,9999.000,9999.000,9999.000,9999.000,9999.000,9999.000,9999.000,9999.000
202605010936,   0.099,9999.000,9999.000,9999.000,9999.000,9999.000,9999.000,9999.000,9999.000
202605010942,   0.097,9999.000,9999.000,9999.000,9999.000,9999.000,9999.000,9999.000,9999.000
202605010948,   0.095,9999.000,9999.000,9999.000,9999.000,9999.000,9999.000,9999.000,9999.000
202605010954,   0.093,9999.000,9999.000,9999.000,9999.000,9999.000,9999.000,9999.000,9999.000
202605011000,   0.091,9999.000,   1.300,   1.189,   2.580,   1.100,   2.380,   1.400,   2.680
202605011006,   0.089,9999.000,9999.000,9999.000,9999.000,9999.000,9999.000,9999.000,9999.000
202605011012,   0.086,9999.000,9999.000,9999.000,9999.000,9999.000,9999.000,9999.000,9999.000
202605011018,   0.084,9999.000,9999.000,9999.000,9999.000,9999.000,9999.000,9999.000,9999.000
202605011024,   0.082,9999.000,9999.000,9999.000,9999.000,9999.000,9999.000,9999.000,9999.000
202605011030,   0.080,9999.000,9999.000,9999.000,9999.000,9999.000,9999.000,9999.000,9999.000
202605011036,   0.077,9999.000,9999.000,9999.000,9999.000,9999.000,9999.000,9999.000,9999.000
202605011042,   0.075,9999.000,9999.000,9999.000,9999.000,9999.000,9999.000,9999.000,9999.000
202605011048,   0.072,9999.000,9999.000,9999.000,9999.000,9999.000,9999.000,9999.000,9999.000
202605011054,   0.070,9999.000,9999.000,9999.000,9999.000,9999.000,9999.000,9999.000,9999.000
202605011100,   0.067,9999.000,   1.300,   1.189,   2.556,   1.100,   2.356,   1.400,   2.656
202605011106,   0.064,9999.000,9999.000,9999.000,9999.000,9999.000,9999.000,9999.000,9999.000
202605011112,   0.060,9999.000,9999.000,9999.000,9999.000,9999.000,9999.000,9999.000,9999.000
202605011118,   0.057,9999.000,9999.000,9999.000,9999.000,9999.000,9999.000,9999.000,9999.000
202605011124,   0.054,9999.000,9999.000,9999.000,9999.000,9999.000,9999.000,9999.000,9999.000
202605011130,   0.050,9999.000,9999.000,9999.000,9999.000,9999.000,9999.000,9999.000,9999.000
202605011136,   0.047,9999.000,9999.000,9999.000,9999.000,9999.000,9999.000,9999.000,9999.000
202605011142,   0.043,9999.000,9999.000,9999.000,9999.000,9999.000,9999.000,9999.000,9999.000
202605011148,   0.040,9999.000,9999.000,9999.000,9999.000,9999.000,9999.000,9999.000,9999.000
202605011154,   0.036,9999.000,9999.000,9999.000,9999.000,9999.000,9999.000,9999.000,9999.000
202605011200,   0.033,9999.000,   1.300,   1.189,   2.522,   1.100,   2.322,   1.400,   2.622
202605011206,   0.030,9999.000,9999.000,9999.000,9999.000,9999.000,9999.000,9999.000,9999.000
202605011212,   0.026,9999.000,9999.000,9999.000,9999.000,9999.000,9999.000,9999.000,9999.000
202605011218,   0.023,9999.000,9999.000,9999.000,9999.000,9999.000,9999.000,9999.000,9999.000
202605011224,   0.021,9999.000,9999.000,9999.000,9999.000,9999.000,9999.000,9999.000,9999.000
202605011230,   0.018,9999.000,9999.000,9999.000,9999.000,9999.000,9999.000,9999.000,9999.000
202605011236,   0.016,9999.000,9999.000,9999.000,9999.000,9999.000,9999.000,9999.000,9999.000
202605011242,   0.013,9999.000,9999.000,9999.000,9999.000,9999.000,9999.000,9999.000,9999.000
202605011248,   0.012,9999.000,9999.000,9999.000,9999.000,9999.000,9999.000,9999.000,9999.000
202605011254,   0.010,9999.000,9999.000,9999.000,9999.000,9999.000,9999.000,9999.000,9999.000
202605011300,   0.009,9999.000,   1.200,   1.189,   2.398,   1.100,   2.298,   1.400,   2.598
202605011306,   0.008,9999.000,9999.000,9999.000,9999.000,9999.000,9999.000,9999.000,9999.000
202605011312,   0.008,9999.000,9999.000,9999.000,9999.000,9999.000,9999.000,9999.000,9999.000
202605011318,   0.007,9999.000,9999.000,9999.000,9999.000,9999.000,9999.000,9999.000,9999.000
202605011324,   0.007,9999.000,9999.000,9999.000,9999.000,9999.000,9999.000,9999.000,9999.000
202605011330,   0.008,9999.000,9999.000,9999.000,9999.000,9999.000,9999.000,9999.000,9999.000
202605011336,   0.008,9999.000,9999.000,9999.000,9999.000,9999.000,9999.000,9999.000,9999.000
202605011342,   0.009,9999.000,9999.000,9999.000,9999.000,9999.000,9999.000,9999.000,9999.000
202605011348,   0.010,9999.000,9999.000,9999.000,9999.000,9999.000,9999.000,9999.000,9999.000
202605011354,   0.011,9999.000,9999.000,9999.000,9999.000,9999.000,9999.000,9999.000,9999.000
202605011400,   0.012,9999.000,   1.200,   1.189,   2.401,   1.100,   2.301,   1.400,   2.601
202605011406,   0.014,9999.000,9999.000,9999.000,9999.000,9999.000,9999.000,9999.000,9999.000
202605011412,   0.015,9999.000,9999.000,9999.000,9999.000,9999.000,9999.000,9999.000,9999.000
202605011418,   0.016,9999.000,9999.000,9999.000,9999.000,9999.000,9999.000,9999.000,9999.000
202605011424,   0.018,9999.000,9999.000,9999.000,9999.000,9999.000,9999.000,9999.000,9999.000
202605011430,   0.019,9999.000,9999.000,9999.000,9999.000,9999.000,9999.000,9999.000,9999.000
202605011436,   0.021,9999.000,9999.000,9999.000,9999.000,9999.000,9999.000,9999.000,9999.000
202605011442,   0.022,9999.000,9999.000,9999.000,9999.000,9999.000,9999.000,9999.000,9999.000
202605011448,   0.023,9999.000,9999.000,9999.000,9999.000,9999.000,9999.000,9999.000,9999.000
202605011454,   0.024,9999.000,9999.000,9999.000,9999.000,9999.000,9999.000,9999.000,9999.000
202605011500,   0.025,9999.000,   1.200,   1.189,   2.414,   1.100,   2.314,   1.400,   2.614
202605011506,   0.026,9999.000,9999.000,9999.000,9999.000,9999.000,9999.000,9999.000,9999.000
202605011512,   0.026,9999.000,9999.000,9999.000,9999.000,9999.000,9999.000,9999.000,9999.000
202605011518,   0.026,9999.000,9999.000,9999.000,9999.000,9999.000,9999.000,9999.000,9999.000
202605011524,   0.027,9999.000,9999.000,9999.000,9999.000,9999.000,9999.000,9999.000,9999.000
202605011530,   0.027,9999.000,9999.000,9999.000,9999.000,9999.000,9999.000,9999.000,9999.000
202605011536,   0.026,9999.000,9999.000,9999.000,9999.000,9999.000,9999.000,9999.000,9999.000
202605011542,   0.026,9999.000,9999.000,9999.000,9999.000,9999.000,9999.000,9999.000,9999.000
202605011548,   0.026,9999.000,9999.000,9999.000,9999.000,9999.000,9999.000,9999.000,9999.000
202605011554,   0.025,9999.000,9999.000,9999.000,9999.000,9999.000,9999.000,9999.000,9999.000
202605011600,   0.024,9999.000,   1.200,   1.189,   2.413,   1.100,   2.313,   1.300,   2.513
202605011606,   0.024,9999.000,9999.000,9999.000,9999.000,9999.000,9999.000,9999.000,9999.000
202605011612,   0.023,9999.000,9999.000,9999.000,9999.000,9999.000,9999.000,9999.000,9999.000
202605011618,   0.022,9999.000,9999.000,9999.000,9999.000,9999.000,9999.000,9999.000,9999.000
202605011624,   0.022,9999.000,9999.000,9999.000,9999.000,9999.000,9999.000,9999.000,9999.000
202605011630,   0.021,9999.000,9999.000,9999.000,9999.000,9999.000,9999.000,9999.000,9999.000
202605011636,   0.021,9999.000,9999.000,9999.000,9999.000,9999.000,9999.000,9999.000,9999.000
202605011642,   0.020,9999.000,9999.000,9999.000,9999.000,9999.000,9999.000,9999.000,9999.000
202605011648,   0.020,9999.000,9999.000,9999.000,9999.000,9999.000,9999.000,9999.000,9999.000
202605011654,   0.020,9999.000,9999.000,9999.000,9999.000,9999.000,9999.000,9999.000,9999.000
202605011700,   0.020,9999.000,   1.200,   1.189,   2.409,   1.000,   2.209,   1.300,   2.509
202605011706,   0.020,9999.000,9999.000,9999.000,9999.000,9999.000,9999.000,9999.000,9999.000
202605011712,   0.020,9999.000,9999.000,9999.000,9999.000,9999.000,9999.000,9999.000,9999.000
202605011718,   0.021,9999.000,9999.000,9999.000,9999.000,9999.000,9999.000,9999.000,9999.000
202605011724,   0.021,9999.000,9999.000,9999.000,9999.000,9999.000,9999.000,9999.000,9999.000
202605011730,   0.022,9999.000,9999.000,9999.000,9999.000,9999.000,9999.000,9999.000,9999.000
202605011736,   0.023,9999.000,9999.000,9999.000,9999.000,9999.000,9999.000,9999.000,9999.000
202605011742,   0.024,9999.000,9999.000,9999.000,9999.000,9999.000,9999.000,9999.000,9999.000
202605011748,   0.025,9999.000,9999.000,9999.000,9999.000,9999.000,9999.000,9999.000,9999.000
202605011754,   0.026,9999.000,9999.000,9999.000,9999.000,9999.000,9999.000,9999.000,9999.000
202605011800,   0.028,9999.000,   1.200,   1.189,   2.417,   1.000,   2.217,   1.300,   2.517
202605011806,   0.029,9999.000,9999.000,9999.000,9999.000,9999.000,9999.000,9999.000,9999.000
202605011812,   0.030,9999.000,9999.000,9999.000,9999.000,9999.000,9999.000,9999.000,9999.000
202605011818,   0.031,9999.000,9999.000,9999.000,9999.000,9999.000,9999.000,9999.000,9999.000
202605011824,   0.032,9999.000,9999.000,9999.000,9999.000,9999.000,9999.000,9999.000,9999.000
202605011830,   0.033,9999.000,9999.000,9999.000,9999.000,9999.000,9999.000,9999.000,9999.000
202605011836,   0.034,9999.000,9999.000,9999.000,9999.000,9999.000,9999.000,9999.000,9999.000
202605011842,   0.035,9999.000,9999.000,9999.000,9999.000,9999.000,9999.000,9999.000,9999.000
202605011848,   0.035,9999.000,9999.000,9999.000,9999.000,9999.000,9999.000,9999.000,9999.000
202605011854,   0.036,9999.000,9999.000,9999.000,9999.000,9999.000,9999.000,9999.000,9999.000
202605011900,   0.036,9999.000,   1.200,   1.189,   2.425,   1.000,   2.225,   1.300,   2.525
202605011906,   0.036,9999.000,9999.000,9999.000,9999.000,9999.000,9999.000,9999.000,9999.000
202605011912,   0.035,9999.000,9999.000,9999.000,9999.000,9999.000,9999.000,9999.000,9999.000
202605011918,   0.034,9999.000,9999.000,9999.000,9999.000,9999.000,9999.000,9999.000,9999.000
202605011924,   0.033,9999.000,9999.000,9999.000,9999.000,9999.000,9999.000,9999.000,9999.000
202605011930,   0.032,9999.000,9999.000,9999.000,9999.000,9999.000,9999.000,9999.000,9999.000
202605011936,   0.031,9999.000,9999.000,9999.000,9999.000,9999.000,9999.000,9999.000,9999.000
202605011942,   0.029,9999.000,9999.000,9999.000,9999.000,9999.000,9999.000,9999.000,9999.000
202605011948,   0.027,9999.000,9999.000,9999.000,9999.000,9999.000,9999.000,9999.000,9999.000
202605011954,   0.025,9999.000,9999.000,9999.000,9999.000,9999.000,9999.000,9999.000,9999.000
202605012000,   0.023,9999.000,   1.200,   1.189,   2.412,   1.000,   2.212,   1.300,   2.512
202605012006,   0.021,9999.000,9999.000,9999.000,9999.000,9999.000,9999.000,9999.000,9999.000
202605012012,   0.019,9999.000,9999.000,9999.000,9999.000,9999.000,9999.000,9999.000,9999.000
202605012018,   0.016,9999.000,9999.000,9999.000,9999.000,9999.000,9999.000,9999.000,9999.000
202605012024,   0.014,9999.000,9999.000,9999.000,9999.000,9999.000,9999.000,9999.000,9999.000
202605012030,   0.012,9999.000,9999.000,9999.000,9999.000,9999.000,9999.000,9999.000,9999.000
202605012036,   0.010,9999.000,9999.000,9999.000,9999.000,9999.000,9999.000,9999.000,9999.000
202605012042,   0.007,9999.000,9999.000,9999.000,9999.000,9999.000,9999.000,9999.000,9999.000
202605012048,   0.005,9999.000,9999.000,9999.000,9999.000,9999.000,9999.000,9999.000,9999.000
202605012054,   0.004,9999.000,9999.000,9999.000,9999.000,9999.000,9999.000,9999.000,9999.000
202605012100,   0.002,9999.000,   1.100,   1.189,   2.291,   1.000,   2.191,   1.300,   2.491
202605012106,   0.001,9999.000,9999.000,9999.000,9999.000,9999.000,9999.000,9999.000,9999.000
202605012112,   0.000,9999.000,9999.000,9999.000,9999.000,9999.000,9999.000,9999.000,9999.000
202605012118,  -0.001,9999.000,9999.000,9999.000,9999.000,9999.000,9999.000,9999.000,9999.000
202605012124,  -0.001,9999.000,9999.000,9999.000,9999.000,9999.000,9999.000,9999.000,9999.000
202605012130,  -0.002,9999.000,9999.000,9999.000,9999.000,9999.000,9999.000,9999.000,9999.000
202605012136,  -0.002,9999.000,9999.000,9999.000,9999.000,9999.000,9999.000,9999.000,9999.000
202605012142,  -0.002,9999.000,9999.000,9999.000,9999.000,9999.000,9999.000,9999.000,9999.000
202605012148,  -0.002,9999.000,9999.000,9999.000,9999.000,9999.000,9999.000,9999.000,9999.000
202605012154,  -0.001,9999.000,9999.000,9999.000,9999.000,9999.000,9999.000,9999.000,9999.000
202605012200,  -0.001,9999.000,   1.100,   1.189,   2.288,   0.900,   2.088,   1.300,   2.488
202605012206,   0.000,9999.000,9999.000,9999.000,9999.000,9999.000,9999.000,9999.000,9999.000
202605012212,   0.000,9999.000,9999.000,9999.000,9999.000,9999.000,9999.000,9999.000,9999.000
202605012218,   0.001,9999.000,9999.000,9999.000,9999.000,9999.000,9999.000,9999.000,9999.000
202605012224,   0.003,9999.000,9999.000,9999.000,9999.000,9999.000,9999.000,9999.000,9999.000
202605012230,   0.004,9999.000,9999.000,9999.000,9999.000,9999.000,9999.000,9999.000,9999.000
202605012236,   0.005,9999.000,9999.000,9999.000,9999.000,9999.000,9999.000,9999.000,9999.000
202605012242,   0.007,9999.000,9999.000,9999.000,9999.000,9999.000,9999.000,9999.000,9999.000
202605012248,   0.008,9999.000,9999.000,9999.000,9999.000,9999.000,9999.000,9999.000,9999.000
202605012254,   0.009,9999.000,9999.000,9999.000,9999.000,9999.000,9999.000,9999.000,9999.000
202605012300,   0.010,9999.000,   1.100,   1.189,   2.299,   0.900,   2.099,   1.300,   2.499
202605012306,   0.012,9999.000,9999.000,9999.000,9999.000,9999.000,9999.000,9999.000,9999.000
202605012312,   0.013,9999.000,9999.000,9999.000,9999.000,9999.000,9999.000,9999.000,9999.000
202605012318,   0.014,9999.000,9999.000,9999.000,9999.000,9999.000,9999.000,9999.000,9999.000
202605012324,   0.015,9999.000,9999.000,9999.000,9999.000,9999.000,9999.000,9999.000,9999.000
202605012330,   0.016,9999.000,9999.000,9999.000,9999.000,9999.000,9999.000,9999.000,9999.000
202605012336,   0.016,9999.000,9999.000,9999.000,9999.000,9999.000,9999.000,9999.000,9999.000
202605012342,   0.017,9999.000,9999.000,9999.000,9999.000,9999.000,9999.000,9999.000,9999.000
202605012348,   0.018,9999.000,9999.000,9999.000,9999.000,9999.000,9999.000,9999.000,9999.000
202605012354,   0.018,9999.000,9999.000,9999.000,9999.000,9999.000,9999.000,9999.000,9999.000
202605020000,   0.019,9999.000,   1.100,   1.189,   2.308,   0.900,   2.108,   1.300,   2.508
202605020006,   0.019,9999.000,9999.000,9999.000,9999.000,9999.000,9999.000,9999.000,9999.000
202605020012,   0.020,9999.000,9999.000,9999.000,9999.000,9999.000,9999.000,9999.000,9999.000
202605020018,   0.020,9999.000,9999.000,9999.000,9999.000,9999.000,9999.000,9999.000,9999.000
202605020024,   0.021,9999.000,9999.000,9999.000,9999.000,9999.000,9999.000,9999.000,9999.000
202605020030,   0.021,9999.000,9999.000,9999.000,9999.000,9999.000,9999.000,9999.000,9999.000
202605020036,   0.022,9999.000,9999.000,9999.000,9999.000,9999.000,9999.000,9999.000,9999.000
202605020042,   0.023,9999.000,9999.000,9999.000,9999.000,9999.000,9999.000,9999.000,9999.000
202605020048,   0.025,9999.000,9999.000,9999.000,9999.000,9999.000,9999.000,9999.000,9999.000
202605020054,   0.026,9999.000,9999.000,9999.000,9999.000,9999.000,9999.000,9999.000,9999.000
202605020100,   0.028,9999.000,   1.100,   1.189,   2.317,   0.900,   2.117,   1.300,   2.517
202605020106,   0.030,9999.000,9999.000,9999.000,9999.000,9999.000,9999.000,9999.000,9999.000
202605020112,   0.032,9999.000,9999.000,9999.000,9999.000,9999.000,9999.000,9999.000,9999.000
202605020118,   0.034,9999.000,9999.000,9999.000,9999.000,9999.000,9999.000,9999.000,9999.000
202605020124,   0.037,9999.000,9999.000,9999.000,9999.000,9999.000,9999.000,9999.000,9999.000
202605020130,   0.040,9999.000,9999.000,9999.000,9999.000,9999.000,9999.000,9999.000,9999.000
202605020136,   0.043,9999.000,9999.000,9999.000,9999.000,9999.000,9999.000,9999.000,9999.000
202605020142,   0.047,9999.000,9999.000,9999.000,9999.000,9999.000,9999.000,9999.000,9999.000
202605020148,   0.051,9999.000,9999.000,9999.000,9999.000,9999.000,9999.000,9999.000,9999.000
202605020154,   0.055,9999.000,9999.000,9999.000,9999.000,9999.000,9999.000,9999.000,9999.000
202605020200,   0.060,9999.000,   1.100,   1.189,   2.349,   0.900,   2.149,   1.300,   2.549
202605020206,   0.064,9999.000,9999.000,9999.000,9999.000,9999.000,9999.000,9999.000,9999.000
202605020212,   0.070,9999.000,9999.000,9999.000,9999.000,9999.000,9999.000,9999.000,9999.000
202605020218,   0.074,9999.000,9999.000,9999.000,9999.000,9999.000,9999.000,9999.000,9999.000
202605020224,   0.079,9999.000,9999.000,9999.000,9999.000,9999.000,9999.000,9999.000,9999.000
202605020230,   0.084,9999.000,9999.000,9999.000,9999.000,9999.000,9999.000,9999.000,9999.000
202605020236,   0.089,9999.000,9999.000,9999.000,9999.000,9999.000,9999.000,9999.000,9999.000
202605020242,   0.094,9999.000,9999.000,9999.000,9999.000,9999.000,9999.000,9999.000,9999.000
202605020248,   0.099,9999.000,9999.000,9999.000,9999.000,9999.000,9999.000,9999.000,9999.000
202605020254,   0.104,9999.000,9999.000,9999.000,9999.000,9999.000,9999.000,9999.000,9999.000
202605020300,   0.109,9999.000,   1.100,   1.189,   2.398,   0.900,   2.198,   1.300,   2.598
202605020306,   0.114,9999.000,9999.000,9999.000,9999.000,9999.000,9999.000,9999.000,9999.000
202605020312,   0.118,9999.000,9999.000,9999.000,9999.000,9999.000,9999.000,9999.000,9999.000
202605020318,   0.122,9999.000,9999.000,9999.000,9999.000,9999.000,9999.000,9999.000,9999.000
202605020324,   0.127,9999.000,9999.000,9999.000,9999.000,9999.000,9999.000,9999.000,9999.000
202605020330,   0.130,9999.000,9999.000,9999.000,9999.000,9999.000,9999.000,9999.000,9999.000
202605020336,   0.134,9999.000,9999.000,9999.000,9999.000,9999.000,9999.000,9999.000,9999.000
202605020342,   0.138,9999.000,9999.000,9999.000,9999.000,9999.000,9999.000,9999.000,9999.000
202605020348,   0.141,9999.000,9999.000,9999.000,9999.000,9999.000,9999.000,9999.000,9999.000
202605020354,   0.144,9999.000,9999.000,9999.000,9999.000,9999.000,9999.000,9999.000,9999.000
202605020400,   0.146,9999.000,   1.100,   1.189,   2.435,   0.900,   2.235,   1.300,   2.635
202605020406,   0.149,9999.000,9999.000,9999.000,9999.000,9999.000,9999.000,9999.000,9999.000
202605020412,   0.151,9999.000,9999.000,9999.000,9999.000,9999.000,9999.000,9999.000,9999.000
202605020418,   0.153,9999.000,9999.000,9999.000,9999.000,9999.000,9999.000,9999.000,9999.000
202605020424,   0.155,9999.000,9999.000,9999.000,9999.000,9999.000,9999.000,9999.000,9999.000
202605020430,   0.157,9999.000,9999.000,9999.000,9999.000,9999.000,9999.000,9999.000,9999.000
202605020436,   0.158,9999.000,9999.000,9999.000,9999.000,9999.000,9999.000,9999.000,9999.000
202605020442,   0.160,9999.000,9999.000,9999.000,9999.000,9999.000,9999.000,9999.000,9999.000
202605020448,   0.162,9999.000,9999.000,9999.000,9999.000,9999.000,9999.000,9999.000,9999.000
202605020454,   0.163,9999.000,9999.000,9999.000,9999.000,9999.000,9999.000,9999.000,9999.000
202605020500,   0.164,9999.000,   1.100,   1.189,   2.453,   0.900,   2.253,   1.300,   2.653
202605020506,   0.166,9999.000,9999.000,9999.000,9999.000,9999.000,9999.000,9999.000,9999.000
202605020512,   0.167,9999.000,9999.000,9999.000,9999.000,9999.000,9999.000,9999.000,9999.000
202605020518,   0.169,9999.000,9999.000,9999.000,9999.000,9999.000,9999.000,9999.000,9999.000
202605020524,   0.171,9999.000,9999.000,9999.000,9999.000,9999.000,9999.000,9999.000,9999.000
202605020530,   0.172,9999.000,9999.000,9999.000,9999.000,9999.000,9999.000,9999.000,9999.000
202605020536,   0.174,9999.000,9999.000,9999.000,9999.000,9999.000,9999.000,9999.000,9999.000
202605020542,   0.176,9999.000,9999.000,9999.000,9999.000,9999.000,9999.000,9999.000,9999.000
202605020548,   0.178,9999.000,9999.000,9999.000,9999.000,9999.000,9999.000,9999.000,9999.000
202605020554,   0.179,9999.000,9999.000,9999.000,9999.000,9999.000,9999.000,9999.000,9999.000
202605020600,   0.181,9999.000,   1.100,   1.189,   2.470,   0.900,   2.270,   1.300,   2.670
202605020606,   0.183,9999.000,9999.000,9999.000,9999.000,9999.000,9999.000,9999.000,9999.000
202605020612,   0.185,9999.000,9999.000,9999.000,9999.000,9999.000,9999.000,9999.000,9999.000
202605020618,   0.187,9999.000,9999.000,9999.000,9999.000,9999.000,9999.000,9999.000,9999.000
202605020624,   0.189,9999.000,9999.000,9999.000,9999.000,9999.000,9999.000,9999.000,9999.000
202605020630,   0.191,9999.000,9999.000,9999.000,9999.000,9999.000,9999.000,9999.000,9999.000
202605020636,   0.192,9999.000,9999.000,9999.000,9999.000,9999.000,9999.000,9999.000,9999.000
202605020642,   0.194,9999.000,9999.000,9999.000,9999.000,9999.000,9999.000,9999.000,9999.000
202605020648,   0.195,9999.000,9999.000,9999.000,9999.000,9999.000,9999.000,9999.000,9999.000
202605020654,   0.196,9999.000,9999.000,9999.000,9999.000,9999.000,9999.000,9999.000,9999.000
202605020700,   0.197,9999.000,   1.100,   1.189,   2.486,   0.900,   2.286,   1.300,   2.686
202605020706,   0.198,9999.000,9999.000,9999.000,9999.000,9999.000,9999.000,9999.000,9999.000
202605020712,   0.198,9999.000,9999.000,9999.000,9999.000,9999.000,9999.000,9999.000,9999.000
202605020718,   0.198,9999.000,9999.000,9999.000,9999.000,9999.000,9999.000,9999.000,9999.000
202605020724,   0.198,9999.000,9999.000,9999.000,9999.000,9999.000,9999.000,9999.000,9999.000
202605020730,   0.197,9999.000,9999.000,9999.000,9999.000,9999.000,9999.000,9999.000,9999.000
202605020736,   0.196,9999.000,9999.000,9999.000,9999.000,9999.000,9999.000,9999.000,9999.000
202605020742,   0.195,9999.000,9999.000,9999.000,9999.000,9999.000,9999.000,9999.000,9999.000
202605020748,   0.193,9999.000,9999.000,9999.000,9999.000,9999.000,9999.000,9999.000,9999.000
202605020754,   0.191,9999.000,9999.000,9999.000,9999.000,9999.000,9999.000,9999.000,9999.000
202605020800,   0.189,9999.000,   1.100,   1.189,   2.478,   0.900,   2.278,   1.300,   2.678
202605020806,   0.186,9999.000,9999.000,9999.000,9999.000,9999.000,9999.000,9999.000,9999.000
202605020812,   0.183,9999.000,9999.000,9999.000,9999.000,9999.000,9999.000,9999.000,9999.000
202605020818,   0.180,9999.000,9999.000,9999.000,9999.000,9999.000,9999.000,9999.000,9999.000
202605020824,   0.176,9999.000,9999.000,9999.000,9999.000,9999.000,9999.000,9999.000,9999.000
202605020830,   0.172,9999.000,9999.000,9999.000,9999.000,9999.000,9999.000,9999.000,9999.000
202605020836,   0.169,9999.000,9999.000,9999.000,9999.000,9999.000,9999.000,9999.000,9999.000
202605020842,   0.165,9999.000,9999.000,9999.000,9999.000,9999.000,9999.000,9999.000,9999.000
202605020848,   0.160,9999.000,9999.000,9999.000,9999.000,9999.000,9999.000,9999.000,9999.000
202605020854,   0.156,9999.000,9999.000,9999.000,9999.000,9999.000,9999.000,9999.000,9999.000
202605020900,   0.152,9999.000,   1.100,   1.189,   2.441,   0.900,   2.241,   1.400,   2.741
202605020906,   0.148,9999.000,9999.000,9999.000,9999.000,9999.000,9999.000,9999.000,9999.000
202605020912,   0.143,9999.000,9999.000,9999.000,9999.000,9999.000,9999.000,9999.000,9999.000
202605020918,   0.139,9999.000,9999.000,9999.000,9999.000,9999.000,9999.000,9999.000,9999.000
202605020924,   0.135,9999.000,9999.000,9999.000,9999.000,9999.000,9999.000,9999.000,9999.000
202605020930,   0.131,9999.000,9999.000,9999.000,9999.000,9999.000,9999.000,9999.000,9999.000
202605020936,   0.128,9999.000,9999.000,9999.000,9999.000,9999.000,9999.000,9999.000,9999.000
202605020942,   0.124,9999.000,9999.000,9999.000,9999.000,9999.000,9999.000,9999.000,9999.000
202605020948,   0.120,9999.000,9999.000,9999.000,9999.000,9999.000,9999.000,9999.000,9999.000
202605020954,   0.117,9999.000,9999.000,9999.000,9999.000,9999.000,9999.000,9999.000,9999.000
202605021000,   0.114,9999.000,   1.200,   1.189,   2.503,   1.000,   2.303,   1.400,   2.703
202605021006,   0.111,9999.000,9999.000,9999.000,9999.000,9999.000,9999.000,9999.000,9999.000
202605021012,   0.108,9999.000,9999.000,9999.000,9999.000,9999.000,9999.000,9999.000,9999.000
202605021018,   0.106,9999.000,9999.000,9999.000,9999.000,9999.000,9999.000,9999.000,9999.000
202605021024,   0.103,9999.000,9999.000,9999.000,9999.000,9999.000,9999.000,9999.000,9999.000
202605021030,   0.101,9999.000,9999.000,9999.000,9999.000,9999.000,9999.000,9999.000,9999.000
202605021036,   0.098,9999.000,9999.000,9999.000,9999.000,9999.000,9999.000,9999.000,9999.000
202605021042,   0.096,9999.000,9999.000,9999.000,9999.000,9999.000,9999.000,9999.000,9999.000
202605021048,   0.094,9999.000,9999.000,9999.000,9999.000,9999.000,9999.000,9999.000,9999.000
202605021054,   0.091,9999.000,9999.000,9999.000,9999.000,9999.000,9999.000,9999.000,9999.000
202605021100,   0.089,9999.000,   1.200,   1.189,   2.478,   1.000,   2.278,   1.400,   2.678
202605021106,   0.087,9999.000,9999.000,9999.000,9999.000,9999.000,9999.000,9999.000,9999.000
202605021112,   0.085,9999.000,9999.000,9999.000,9999.000,9999.000,9999.000,9999.000,9999.000
202605021118,   0.082,9999.000,9999.000,9999.000,9999.000,9999.000,9999.000,9999.000,9999.000
202605021124,   0.080,9999.000,9999.000,9999.000,9999.000,9999.000,9999.000,9999.000,9999.000
202605021130,   0.077,9999.000,9999.000,9999.000,9999.000,9999.000,9999.000,9999.000,9999.000
202605021136,   0.074,9999.000,9999.000,9999.000,9999.000,9999.000,9999.000,9999.000,9999.000
202605021142,   0.071,9999.000,9999.000,9999.000,9999.000,9999.000,9999.000,9999.000,9999.000
202605021148,   0.068,9999.000,9999.000,9999.000,9999.000,9999.000,9999.000,9999.000,9999.000
202605021154,   0.065,9999.000,9999.000,9999.000,9999.000,9999.000,9999.000,9999.000,9999.000
202605021200,   0.062,9999.000,   1.200,   1.189,   2.451,   1.000,   2.251,   1.400,   2.651
