        TIME,    TIDE,      OB,   SURGE,    BIAS,     TWL,SURGE90p,  TWL90p,SURGE10p,   TWL10p
202603100000,   2.271,   6.428,   0.300,   3.857,   6.428,   0.300,   6.428,   0.400,   6.528
202603100006,   2.144,9999.000,9999.000,9999.000,9999.000,9999.000,9999.000,9999.000,9999.000
202603100012,   2.022,   6.418,9999.000,9999.000,9999.000,9999.000,9999.000,9999.000,9999.000
202603100018,   1.908,9999.000,9999.000,9999.000,9999.000,9999.000,9999.000,9999.000,9999.000
202603100024,   1.800,   6.409,9999.000,9999.000,9999.000,9999.000,9999.000,9999.000,9999.000
202603100030,   1.699,9999.000,9999.000,9999.000,9999.000,9999.000,9999.000,9999.000,9999.000
202603100036,   1.605,   6.409,9999.000,9999.000,9999.000,9999.000,9999.000,9999.000,9999.000
202603100042,   1.519,9999.000,9999.000,9999.000,9999.000,9999.000,9999.000,9999.000,9999.000
202603100048,   1.440,   6.399,9999.000,9999.000,9999.000,9999.000,9999.000,9999.000,9999.000
202603100054,   1.369,9999.000,9999.000,9999.000,9999.000,9999.000,9999.000,9999.000,9999.000
202603100100,   1.306,9999.000,   0.300,9999.000,   1.606,   0.300,   1.606,   0.400,   1.706
202603100106,   1.251,9999.000,9999.000,9999.000,9999.000,9999.000,9999.000,9999.000,9999.000
202603100112,   1.204,9999.000,9999.000,9999.000,9999.000,9999.000,9999.000,9999.000,9999.000
202603100118,   1.165,9999.000,9999.000,9999.000,9999.000,9999.000,9999.000,9999.000,9999.000
202603100124,   1.133,9999.000,9999.000,9999.000,9999.000,9999.000,9999.000,9999.000,9999.000
202603100130,   1.109,9999.000,9999.000,9999.000,9999.000,9999.000,9999.000,9999.000,9999.000
202603100136,   1.092,9999.000,9999.000,9999.000,9999.000,9999.000,9999.000,9999.000,9999.000
202603100142,   1.082,9999.000,9999.000,9999.000,9999.000,9999.000,9999.000,9999.000,9999.000
202603100148,   1.079,9999.000,9999.000,9999.000,9999.000,9999.000,9999.000,9999.000,9999.000
202603100154,   1.083,9999.000,9999.000,9999.000,9999.000,9999.000,9999.000,9999.000,9999.000
202603100200,   1.094,9999.000,   0.400,9999.000,   1.494,   0.300,   1.394,   0.400,   1.494
202603100206,   1.111,9999.000,9999.000,9999.000,9999.000,9999.000,9999.000,9999.000,9999.000
202603100212,   1.134,9999.000,9999.000,9999.000,9999.000,9999.000,9999.000,9999.000,9999.000
202603100218,   1.162,9999.000,9999.000,9999.000,9999.000,9999.000,9999.000,9999.000,9999.000
202603100224,   1.197,9999.000,9999.000,9999.000,9999.000,9999.000,9999.000,9999.000,9999.000
202603100230,   1.237,9999.000,9999.000,9999.000,9999.000,9999.000,9999.000,9999.000,9999.000
202603100236,   1.283,9999.000,9999.000,9999.000,9999.000,9999.000,9999.000,9999.000,9999.000
202603100242,   1.333,9999.000,9999.000,9999.000,9999.000,9999.000,9999.000,9999.000,9999.000
202603100248,   1.389,9999.000,9999.000,9999.000,9999.000,9999.000,9999.000,9999.000,9999.000
202603100254,   1.451,9999.000,9999.000,9999.000,9999.000,9999.000,9999.000,9999.000,9999.000
202603100300,   1.517,9999.000,   0.400,9999.000,   1.917,   0.300,   1.817,   0.400,   1.917
202603100306,   1.588,9999.000,9999.000,9999.000,9999.000,9999.000,9999.000,9999.000,9999.000
202603100312,   1.665,9999.000,9999.000,9999.000,9999.000,9999.000,9999.000,9999.000,9999.000
202603100318,   1.747,9999.000,9999.000,9999.000,9999.000,9999.000,9999.000,9999.000,9999.000
202603100324,   1.834,9999.000,9999.000,9999.000,9999.000,9999.000,9999.000,9999.000,9999.000
202603100330,   1.926,9999.000,9999.000,9999.000,9999.000,9999.000,9999.000,9999.000,9999.000
202603100336,   2.024,9999.000,9999.000,9999.000,9999.000,9999.000,9999.000,9999.000,9999.000
202603100342,   2.127,9999.000,9999.000,9999.000,9999.000,9999.000,9999.000,9999.000,9999.000
202603100348,   2.236,9999.000,9999.000,9999.000,9999.000,9999.000,9999.000,9999.000,9999.000
202603100354,   2.351,9999.000,9999.000,9999.000,9999.000,9999.000,9999.000,9999.000,9999.000
202603100400,   2.471,9999.000,   0.400,9999.000,   2.871,   0.400,   2.871,   0.400,   2.871
202603100406,   2.597,9999.000,9999.000,9999.000,9999.000,9999.000,9999.000,9999.000,9999.000
202603100412,   2.729,9999.000,9999.000,9999.000,9999.000,9999.000,9999.000,9999.000,9999.000
202603100418,   2.866,9999.000,9999.000,9999.000,9999.000,9999.000,9999.000,9999.000,9999.000
202603100424,   3.009,9999.000,9999.000,9999.000,9999.000,9999.000,9999.000,9999.000,9999.000
202603100430,   3.158,9999.000,9999.000,9999.000,9999.000,9999.000,9999.000,9999.000,9999.000
202603100436,   3.311,9999.000,9999.000,9999.000,9999.000,9999.000,9999.000,9999.000,9999.000
202603100442,   3.469,9999.000,9999.000,9999.000,9999.000,9999.000,9999.000,9999.000,9999.000
202603100448,   3.632,9999.000,9999.000,9999.000,9999.000,9999.000,9999.000,9999.000,9999.000
202603100454,   3.798,9999.000,9999.000,9999.000,9999.000,9999.000,9999.000,9999.000,9999.000
202603100500,   3.968,9999.000,   0.400,9999.000,   4.368,   0.400,   4.368,   0.400,   4.368
202603100506,   4.140,9999.000,9999.000,9999.000,9999.000,9999.000,9999.000,9999.000,9999.000
202603100512,   4.315,9999.000,9999.000,9999.000,9999.000,9999.000,9999.000,9999.000,9999.000
202603100518,   4.491,9999.000,9999.000,9999.000,9999.000,9999.000,9999.000,9999.000,9999.000
202603100524,   4.668,9999.000,9999.000,9999.000,9999.000,9999.000,9999.000,9999.000,9999.000
202603100530,   4.844,9999.000,9999.000,9999.000,9999.000,9999.000,9999.000,9999.000,9999.000
202603100536,   5.020,9999.000,9999.000,9999.000,9999.000,9999.000,9999.000,9999.000,9999.000
202603100542,   5.194,9999.000,9999.000,9999.000,9999.000,9999.000,9999.000,9999.000,9999.000
202603100548,   5.365,9999.000,9999.000,9999.000,9999.000,9999.000,9999.000,9999.000,9999.000
202603100554,   5.532,9999.000,9999.000,9999.000,9999.000,9999.000,9999.000,9999.000,9999.000
202603100600,   5.696,9999.000,   0.400,9999.000,   6.096,   0.400,   6.096,   0.400,   6.096
202603100606,   5.854,9999.000,9999.000,9999.000,9999.000,9999.000,9999.000,9999.000,9999.000
202603100612,   6.006,9999.000,9999.000,9999.000,9999.000,9999.000,9999.000,9999.000,9999.000
202603100618,   6.152,9999.000,9999.000,9999.000,9999.000,9999.000,9999.000,9999.000,9999.000
202603100624,   6.291,9999.000,9999.000,9999.000,9999.000,9999.000,9999.000,9999.000,9999.000
202603100630,   6.422,9999.000,9999.000,9999.000,9999.000,9999.000,9999.000,9999.000,9999.000
202603100636,   6.545,9999.000,9999.000,9999.000,9999.000,9999.000,9999.000,9999.000,9999.000
202603100642,   6.659,9999.000,9999.000,9999.000,9999.000,9999.000,9999.000,9999.000,9999.000
202603100648,   6.764,9999.000,9999.000,9999.000,9999.000,9999.000,9999.000,9999.000,9999.000
202603100654,   6.860,9999.000,9999.000,9999.000,9999.000,9999.000,9999.000,9999.000,9999.000
202603100700,   6.947,9999.000,   0.400,9999.000,   7.347,   0.300,   7.247,   0.400,   7.347
202603100706,   7.025,9999.000,9999.000,9999.000,9999.000,9999.000,9999.000,9999.000,9999.000
202603100712,   7.093,9999.000,9999.000,9999.000,9999.000,9999.000,9999.000,9999.000,9999.000
202603100718,   7.152,9999.000,9999.000,9999.000,9999.000,9999.000,9999.000,9999.000,9999.000
202603100724,   7.202,9999.000,9999.000,9999.000,9999.000,9999.000,9999.000,9999.000,9999.000
202603100730,   7.243,9999.000,9999.000,9999.000,9999.000,9999.000,9999.000,9999.000,9999.000
202603100736,   7.275,9999.000,9999.000,9999.000,9999.000,9999.000,9999.000,9999.000,9999.000
202603100742,   7.299,9999.000,9999.000,9999.000,9999.000,9999.000,9999.000,9999.000,9999.000
202603100748,   7.315,   6.399,9999.000,9999.000,9999.000,9999.000,9999.000,9999.000,9999.000
202603100754,   7.324,   6.507,9999.000,9999.000,9999.000,9999.000,9999.000,9999.000,9999.000
202603100800,   7.325,   6.668,   0.300,  -0.957,   6.668,   0.300,   6.668,   0.300,   6.668
202603100806,   7.318,   6.868,9999.000,9999.000,9999.000,9999.000,9999.000,9999.000,9999.000
202603100812,   7.305,   7.068,9999.000,9999.000,9999.000,9999.000,9999.000,9999.000,9999.000
202603100818,   7.286,   7.229,9999.000,9999.000,9999.000,9999.000,9999.000,9999.000,9999.000
202603100824,   7.261,   7.337,9999.000,9999.000,9999.000,9999.000,9999.000,9999.000,9999.000
202603100830,   7.229,   7.409,9999.000,9999.000,9999.000,9999.000,9999.000,9999.000,9999.000
202603100836,   7.192,   7.458,9999.000,9999.000,9999.000,9999.000,9999.000,9999.000,9999.000
202603100842,   7.149,   7.488,9999.000,9999.000,9999.000,9999.000,9999.000,9999.000,9999.000
202603100848,   7.101,   7.498,9999.000,9999.000,9999.000,9999.000,9999.000,9999.000,9999.000
202603100854,   7.047,   7.478,9999.000,9999.000,9999.000,9999.000,9999.000,9999.000,9999.000
202603100900,   6.988,   7.439,   0.300,   0.151,   7.439,   0.200,   7.339,   0.300,   7.439
202603100906,   6.923,   7.409,9999.000,9999.000,9999.000,9999.000,9999.000,9999.000,9999.000
202603100912,   6.854,   7.366,9999.000,9999.000,9999.000,9999.000,9999.000,9999.000,9999.000
202603100918,   6.779,   7.327,9999.000,9999.000,9999.000,9999.000,9999.000,9999.000,9999.000
202603100924,   6.698,   7.297,9999.000,9999.000,9999.000,9999.000,9999.000,9999.000,9999.000
202603100930,   6.612,   7.258,9999.000,9999.000,9999.000,9999.000,9999.000,9999.000,9999.000
202603100936,   6.521,   7.219,9999.000,9999.000,9999.000,9999.000,9999.000,9999.000,9999.000
202603100942,   6.423,   7.176,9999.000,9999.000,9999.000,9999.000,9999.000,9999.000,9999.000
202603100948,   6.321,   7.147,9999.000,9999.000,9999.000,9999.000,9999.000,9999.000,9999.000
202603100954,   6.212,   7.097,9999.000,9999.000,9999.000,9999.000,9999.000,9999.000,9999.000
202603101000,   6.098,   7.058,   0.300,   0.660,   7.058,   0.200,   6.958,   0.300,   7.058
202603101006,   5.979,   7.019,9999.000,9999.000,9999.000,9999.000,9999.000,9999.000,9999.000
202603101012,   5.854,   6.979,9999.000,9999.000,9999.000,9999.000,9999.000,9999.000,9999.000
202603101018,   5.723,   6.927,9999.000,9999.000,9999.000,9999.000,9999.000,9999.000,9999.000
202603101024,   5.588,   6.887,9999.000,9999.000,9999.000,9999.000,9999.000,9999.000,9999.000
202603101030,   5.447,   6.848,9999.000,9999.000,9999.000,9999.000,9999.000,9999.000,9999.000
202603101036,   5.302,   6.819,9999.000,9999.000,9999.000,9999.000,9999.000,9999.000,9999.000
202603101042,   5.153,   6.779,9999.000,9999.000,9999.000,9999.000,9999.000,9999.000,9999.000
202603101048,   4.999,   6.746,9999.000,9999.000,9999.000,9999.000,9999.000,9999.000,9999.000
202603101054,   4.842,   6.717,9999.000,9999.000,9999.000,9999.000,9999.000,9999.000,9999.000
202603101100,   4.682,   6.687,   0.200,   1.805,   6.687,   0.100,   6.587,   0.300,   6.787
202603101106,   4.520,   6.658,9999.000,9999.000,9999.000,9999.000,9999.000,9999.000,9999.000
202603101112,   4.355,   6.638,9999.000,9999.000,9999.000,9999.000,9999.000,9999.000,9999.000
202603101118,   4.189,   6.619,9999.000,9999.000,9999.000,9999.000,9999.000,9999.000,9999.000
202603101124,   4.023,   6.599,9999.000,9999.000,9999.000,9999.000,9999.000,9999.000,9999.000
202603101130,   3.856,   6.579,9999.000,9999.000,9999.000,9999.000,9999.000,9999.000,9999.000
202603101136,   3.689,   6.556,9999.000,9999.000,9999.000,9999.000,9999.000,9999.000,9999.000
202603101142,   3.524,   6.546,9999.000,9999.000,9999.000,9999.000,9999.000,9999.000,9999.000
202603101148,   3.360,   6.527,9999.000,9999.000,9999.000,9999.000,9999.000,9999.000,9999.000
202603101154,   3.198,   6.517,9999.000,9999.000,9999.000,9999.000,9999.000,9999.000,9999.000
202603101200,   3.039,   6.507,   0.300,   3.168,   6.507,   0.200,   6.407,   0.300,   6.507
202603101206,   2.884,   6.497,9999.000,9999.000,9999.000,9999.000,9999.000,9999.000,9999.000
202603101212,   2.733,   6.487,9999.000,9999.000,9999.000,9999.000,9999.000,9999.000,9999.000
202603101218,   2.586,   6.477,9999.000,9999.000,9999.000,9999.000,9999.000,9999.000,9999.000
202603101224,   2.444,   6.468,9999.000,9999.000,9999.000,9999.000,9999.000,9999.000,9999.000
202603101230,   2.307,   6.468,9999.000,9999.000,9999.000,9999.000,9999.000,9999.000,9999.000
202603101236,   2.177,   6.458,9999.000,9999.000,9999.000,9999.000,9999.000,9999.000,9999.000
202603101242,   2.052,   6.448,9999.000,9999.000,9999.000,9999.000,9999.000,9999.000,9999.000
202603101248,   1.934,   6.438,9999.000,9999.000,9999.000,9999.000,9999.000,9999.000,9999.000
202603101254,   1.823,   6.438,9999.000,9999.000,9999.000,9999.000,9999.000,9999.000,9999.000
202603101300,   1.719,   6.428,   0.300,   4.409,   6.428,   0.200,   6.328,   0.300,   6.428
202603101306,   1.622,   6.428,9999.000,9999.000,9999.000,9999.000,9999.000,9999.000,9999.000
202603101312,   1.532,   6.418,9999.000,9999.000,9999.000,9999.000,9999.000,9999.000,9999.000
202603101318,   1.450,   6.418,9999.000,9999.000,9999.000,9999.000,9999.000,9999.000,9999.000
202603101324,   1.375,   6.409,9999.000,9999.000,9999.000,9999.000,9999.000,9999.000,9999.000
202603101330,   1.307,   6.409,9999.000,9999.000,9999.000,9999.000,9999.000,9999.000,9999.000
202603101336,   1.246,   6.399,9999.000,9999.000,9999.000,9999.000,9999.000,9999.000,9999.000
202603101342,   1.192,   6.399,9999.000,9999.000,9999.000,9999.000,9999.000,9999.000,9999.000
202603101348,   1.146,   6.389,9999.000,9999.000,9999.000,9999.000,9999.000,9999.000,9999.000
202603101354,   1.106,   6.389,9999.000,9999.000,9999.000,9999.000,9999.000,9999.000,9999.000
202603101400,   1.073,   6.389,   0.300,   5.016,   6.389,   0.200,   6.289,   0.300,   6.389
202603101406,   1.046,   6.379,9999.000,9999.000,9999.000,9999.000,9999.000,9999.000,9999.000
202603101412,   1.026,   6.379,9999.000,9999.000,9999.000,9999.000,9999.000,9999.000,9999.000
202603101418,   1.011,   6.379,9999.000,9999.000,9999.000,9999.000,9999.000,9999.000,9999.000
202603101424,   1.002,   6.369,9999.000,9999.000,9999.000,9999.000,9999.000,9999.000,9999.000
202603101430,   0.999,   6.369,9999.000,9999.000,9999.000,9999.000,9999.000,9999.000,9999.000
202603101436,   1.000,   6.369,9999.000,9999.000,9999.000,9999.000,9999.000,9999.000,9999.000
202603101442,   1.007,   6.359,9999.000,9999.000,9999.000,9999.000,9999.000,9999.000,9999.000
202603101448,   1.019,   6.359,9999.000,9999.000,9999.000,9999.000,9999.000,9999.000,9999.000
202603101454,   1.035,   6.359,9999.000,9999.000,9999.000,9999.000,9999.000,9999.000,9999.000
202603101500,   1.056,   6.359,   0.200,   5.103,   6.359,   0.200,   6.359,   0.300,   6.459
202603101506,   1.082,   6.359,9999.000,9999.000,9999.000,9999.000,9999.000,9999.000,9999.000
202603101512,   1.111,   6.346,9999.000,9999.000,9999.000,9999.000,9999.000,9999.000,9999.000
202603101518,   1.146,   6.346,9999.000,9999.000,9999.000,9999.000,9999.000,9999.000,9999.000
202603101524,   1.184,   6.346,9999.000,9999.000,9999.000,9999.000,9999.000,9999.000,9999.000
202603101530,   1.227,   6.346,9999.000,9999.000,9999.000,9999.000,9999.000,9999.000,9999.000
202603101536,   1.274,   6.346,9999.000,9999.000,9999.000,9999.000,9999.000,9999.000,9999.000
202603101542,   1.326,   6.336,9999.000,9999.000,9999.000,9999.000,9999.000,9999.000,9999.000
202603101548,   1.383,   6.336,9999.000,9999.000,9999.000,9999.000,9999.000,9999.000,9999.000
202603101554,   1.444,   6.336,9999.000,9999.000,9999.000,9999.000,9999.000,9999.000,9999.000
202603101600,   1.510,   6.336,   0.200,   4.626,   6.336,   0.200,   6.336,   0.200,   6.336
202603101606,   1.582,   6.336,9999.000,9999.000,9999.000,9999.000,9999.000,9999.000,9999.000
202603101612,   1.658,   6.336,9999.000,9999.000,9999.000,9999.000,9999.000,9999.000,9999.000
202603101618,   1.740,   6.336,9999.000,9999.000,9999.000,9999.000,9999.000,9999.000,9999.000
202603101624,   1.828,   6.336,9999.000,9999.000,9999.000,9999.000,9999.000,9999.000,9999.000
202603101630,   1.921,   6.327,9999.000,9999.000,9999.000,9999.000,9999.000,9999.000,9999.000
202603101636,   2.020,   6.327,9999.000,9999.000,9999.000,9999.000,9999.000,9999.000,9999.000
202603101642,   2.125,   6.327,9999.000,9999.000,9999.000,9999.000,9999.000,9999.000,9999.000
202603101648,   2.235,   6.327,9999.000,9999.000,9999.000,9999.000,9999.000,9999.000,9999.000
202603101654,   2.351,   6.327,9999.000,9999.000,9999.000,9999.000,9999.000,9999.000,9999.000
202603101700,   2.472,   6.327,   0.200,   3.655,   6.327,   0.200,   6.327,   0.200,   6.327
202603101706,   2.598,   6.327,9999.000,9999.000,9999.000,9999.000,9999.000,9999.000,9999.000
202603101712,   2.730,   6.317,9999.000,9999.000,9999.000,9999.000,9999.000,9999.000,9999.000
202603101718,   2.866,   6.317,9999.000,9999.000,9999.000,9999.000,9999.000,9999.000,9999.000
202603101724,   3.005,   6.317,9999.000,9999.000,9999.000,9999.000,9999.000,9999.000,9999.000
202603101730,   3.149,   6.327,9999.000,9999.000,9999.000,9999.000,9999.000,9999.000,9999.000
202603101736,   3.296,   6.317,9999.000,9999.000,9999.000,9999.000,9999.000,9999.000,9999.000
202603101742,   3.445,   6.317,9999.000,9999.000,9999.000,9999.000,9999.000,9999.000,9999.000
202603101748,   3.595,   6.317,9999.000,9999.000,9999.000,9999.000,9999.000,9999.000,9999.000
202603101754,   3.747,   6.317,9999.000,9999.000,9999.000,9999.000,9999.000,9999.000,9999.000
202603101800,   3.899,   6.317,   0.200,   2.218,   6.317,   0.200,   6.317,   0.200,   6.317
202603101806,   4.050,   6.317,9999.000,9999.000,9999.000,9999.000,9999.000,9999.000,9999.000
202603101812,   4.201,   6.317,9999.000,9999.000,9999.000,9999.000,9999.000,9999.000,9999.000
202603101818,   4.349,   6.317,9999.000,9999.000,9999.000,9999.000,9999.000,9999.000,9999.000
202603101824,   4.494,   6.317,9999.000,9999.000,9999.000,9999.000,9999.000,9999.000,9999.000
202603101830,   4.636,   6.317,9999.000,9999.000,9999.000,9999.000,9999.000,9999.000,9999.000
202603101836,   4.773,   6.317,9999.000,9999.000,9999.000,9999.000,9999.000,9999.000,9999.000
202603101842,   4.906,   6.317,9999.000,9999.000,9999.000,9999.000,9999.000,9999.000,9999.000
202603101848,   5.033,   6.317,9999.000,9999.000,9999.000,9999.000,9999.000,9999.000,9999.000
202603101854,   5.154,   6.317,9999.000,9999.000,9999.000,9999.000,9999.000,9999.000,9999.000
202603101900,   5.268,   6.317,   0.200,   0.849,   6.317,   0.200,   6.317,   0.300,   6.417
202603101906,   5.376,   6.317,9999.000,9999.000,9999.000,9999.000,9999.000,9999.000,9999.000
202603101912,   5.476,   6.317,9999.000,9999.000,9999.000,9999.000,9999.000,9999.000,9999.000
202603101918,   5.569,   6.317,9999.000,9999.000,9999.000,9999.000,9999.000,9999.000,9999.000
202603101924,   5.654,   6.317,9999.000,9999.000,9999.000,9999.000,9999.000,9999.000,9999.000
202603101930,   5.732,   6.317,9999.000,9999.000,9999.000,9999.000,9999.000,9999.000,9999.000
202603101936,   5.802,   6.317,9999.000,9999.000,9999.000,9999.000,9999.000,9999.000,9999.000
202603101942,   5.864,   6.317,9999.000,9999.000,9999.000,9999.000,9999.000,9999.000,9999.000
202603101948,   5.919,   6.317,9999.000,9999.000,9999.000,9999.000,9999.000,9999.000,9999.000
202603101954,   5.966,   6.317,9999.000,9999.000,9999.000,9999.000,9999.000,9999.000,9999.000
202603102000,   6.006,   6.317,   0.300,   0.011,   6.317,   0.200,   6.217,   0.300,   6.317
202603102006,   6.040,   6.317,9999.000,9999.000,9999.000,9999.000,9999.000,9999.000,9999.000
202603102012,   6.067,   6.317,9999.000,9999.000,9999.000,9999.000,9999.000,9999.000,9999.000
202603102018,   6.088,   6.317,9999.000,9999.000,9999.000,9999.000,9999.000,9999.000,9999.000
202603102024,   6.102,   6.317,9999.000,9999.000,9999.000,9999.000,9999.000,9999.000,9999.000
202603102030,   6.112,   6.317,9999.000,9999.000,9999.000,9999.000,9999.000,9999.000,9999.000
202603102036,   6.115,   6.317,9999.000,9999.000,9999.000,9999.000,9999.000,9999.000,9999.000
202603102042,   6.114,   6.317,9999.000,9999.000,9999.000,9999.000,9999.000,9999.000,9999.000
202603102048,   6.107,   6.317,9999.000,9999.000,9999.000,9999.000,9999.000,9999.000,9999.000
202603102054,   6.096,   6.317,9999.000,9999.000,9999.000,9999.000,9999.000,9999.000,9999.000
202603102100,   6.080,   6.317,   0.300,  -0.063,   6.317,   0.200,   6.217,   0.300,   6.317
202603102106,   6.060,   6.317,9999.000,9999.000,9999.000,9999.000,9999.000,9999.000,9999.000
202603102112,   6.035,   6.317,9999.000,9999.000,9999.000,9999.000,9999.000,9999.000,9999.000
202603102118,   6.006,   6.317,9999.000,9999.000,9999.000,9999.000,9999.000,9999.000,9999.000
202603102124,   5.972,   6.317,9999.000,9999.000,9999.000,9999.000,9999.000,9999.000,9999.000
202603102130,   5.934,   6.317,9999.000,9999.000,9999.000,9999.000,9999.000,9999.000,9999.000
202603102136,   5.891,   6.327,9999.000,9999.000,9999.000,9999.000,9999.000,9999.000,9999.000
202603102142,   5.844,   6.327,9999.000,9999.000,9999.000,9999.000,9999.000,9999.000,9999.000
202603102148,   5.792,   6.336,9999.000,9999.000,9999.000,9999.000,9999.000,9999.000,9999.000
202603102154,   5.735,   6.336,9999.000,9999.000,9999.000,9999.000,9999.000,9999.000,9999.000
202603102200,   5.673,   6.346,   0.300,   0.373,   6.346,   0.200,   6.246,   0.300,   6.346
202603102206,   5.605,   6.359,9999.000,9999.000,9999.000,9999.000,9999.000,9999.000,9999.000
202603102212,   5.533,   6.369,9999.000,9999.000,9999.000,9999.000,9999.000,9999.000,9999.000
202603102218,   5.455,   6.379,9999.000,9999.000,9999.000,9999.000,9999.000,9999.000,9999.000
202603102224,   5.372,   6.379,9999.000,9999.000,9999.000,9999.000,9999.000,9999.000,9999.000
202603102230,   5.283,   6.389,9999.000,9999.000,9999.000,9999.000,9999.000,9999.000,9999.000
202603102236,   5.189,   6.389,9999.000,9999.000,9999.000,9999.000,9999.000,9999.000,9999.000
202603102242,   5.089,   6.389,9999.000,9999.000,9999.000,9999.000,9999.000,9999.000,9999.000
202603102248,   4.985,   6.389,9999.000,9999.000,9999.000,9999.000,9999.000,9999.000,9999.000
202603102254,   4.875,   6.389,9999.000,9999.000,9999.000,9999.000,9999.000,9999.000,9999.000
202603102300,   4.761,   6.389,   0.300,   1.328,   6.389,   0.200,   6.289,   0.300,   6.389
202603102306,   4.642,   6.379,9999.000,9999.000,9999.000,9999.000,9999.000,9999.000,9999.000
202603102312,   4.518,   6.379,9999.000,9999.000,9999.000,9999.000,9999.000,9999.000,9999.000
202603102318,   4.391,   6.379,9999.000,9999.000,9999.000,9999.000,9999.000,9999.000,9999.000
202603102324,   4.261,   6.379,9999.000,9999.000,9999.000,9999.000,9999.000,9999.000,9999.000
202603102330,   4.127,   6.379,9999.000,9999.000,9999.000,9999.000,9999.000,9999.000,9999.000
202603102336,   3.992,   6.369,9999.000,9999.000,9999.000,9999.000,9999.000,9999.000,9999.000
202603102342,   3.854,   6.369,9999.000,9999.000,9999.000,9999.000,9999.000,9999.000,9999.000
202603102348,   3.715,   6.369,9999.000,9999.000,9999.000,9999.000,9999.000,9999.000,9999.000
202603102354,   3.575,   6.359,9999.000,9999.000,9999.000,9999.000,9999.000,9999.000,9999.000
202603110000,   3.435,   6.359,   0.300,   2.624,   6.359,   0.200,   6.259,   0.300,   6.359
202603110006,   3.296,   6.359,9999.000,9999.000,9999.000,9999.000,9999.000,9999.000,9999.000
202603110012,   3.158,   6.359,9999.000,9999.000,9999.000,9999.000,9999.000,9999.000,9999.000
202603110018,   3.021,   6.346,9999.000,9999.000,9999.000,9999.000,9999.000,9999.000,9999.000
202603110024,   2.887,   6.346,9999.000,9999.000,9999.000,9999.000,9999.000,9999.000,9999.000
202603110030,   2.756,   6.346,9999.000,9999.000,9999.000,9999.000,9999.000,9999.000,9999.000
202603110036,   2.628,   6.346,9999.000,9999.000,9999.000,9999.000,9999.000,9999.000,9999.000
202603110042,   2.505,   6.346,9999.000,9999.000,9999.000,9999.000,9999.000,9999.000,9999.000
202603110048,   2.386,   6.346,9999.000,9999.000,9999.000,9999.000,9999.000,9999.000,9999.000
202603110054,   2.272,   6.336,9999.000,9999.000,9999.000,9999.000,9999.000,9999.000,9999.000
202603110100,   2.163,   6.336,   0.300,   3.873,   6.336,   0.200,   6.236,   0.300,   6.336
202603110106,   2.060,   6.336,9999.000,9999.000,9999.000,9999.000,9999.000,9999.000,9999.000
202603110112,   1.964,   6.336,9999.000,9999.000,9999.000,9999.000,9999.000,9999.000,9999.000
202603110118,   1.874,   6.336,9999.000,9999.000,9999.000,9999.000,9999.000,9999.000,9999.000
202603110124,   1.791,   6.336,9999.000,9999.000,9999.000,9999.000,9999.000,9999.000,9999.000
202603110130,   1.715,   6.327,9999.000,9999.000,9999.000,9999.000,9999.000,9999.000,9999.000
202603110136,   1.646,   6.327,9999.000,9999.000,9999.000,9999.000,9999.000,9999.000,9999.000
202603110142,   1.584,   6.327,9999.000,9999.000,9999.000,9999.000,9999.000,9999.000,9999.000
202603110148,   1.529,   6.327,9999.000,9999.000,9999.000,9999.000,9999.000,9999.000,9999.000
202603110154,   1.482,   6.327,9999.000,9999.000,9999.000,9999.000,9999.000,9999.000,9999.000
202603110200,   1.442,   6.327,   0.300,   4.585,   6.327,   0.200,   6.227,   0.300,   6.327
202603110206,   1.409,   6.327,9999.000,9999.000,9999.000,9999.000,9999.000,9999.000,9999.000
202603110212,   1.383,   6.327,9999.000,9999.000,9999.000,9999.000,9999.000,9999.000,9999.000
202603110218,   1.364,   6.327,9999.000,9999.000,9999.000,9999.000,9999.000,9999.000,9999.000
202603110224,   1.352,   6.317,9999.000,9999.000,9999.000,9999.000,9999.000,9999.000,9999.000
202603110230,   1.347,   6.317,9999.000,9999.000,9999.000,9999.000,9999.000,9999.000,9999.000
202603110236,   1.348,   6.317,9999.000,9999.000,9999.000,9999.000,9999.000,9999.000,9999.000
202603110242,   1.355,   6.317,9999.000,9999.000,9999.000,9999.000,9999.000,9999.000,9999.000
202603110248,   1.368,   6.317,9999.000,9999.000,9999.000,9999.000,9999.000,9999.000,9999.000
202603110254,   1.386,   6.317,9999.000,9999.000,9999.000,9999.000,9999.000,9999.000,9999.000
202603110300,   1.410,   6.317,   0.200,   4.707,   6.317,   0.200,   6.317,   0.300,   6.417
202603110306,   1.440,   6.317,9999.000,9999.000,9999.000,9999.000,9999.000,9999.000,9999.000
202603110312,   1.474,   6.317,9999.000,9999.000,9999.000,9999.000,9999.000,9999.000,9999.000
202603110318,   1.514,   6.317,9999.000,9999.000,9999.000,9999.000,9999.000,9999.000,9999.000
202603110324,   1.558,   6.317,9999.000,9999.000,9999.000,9999.000,9999.000,9999.000,9999.000
202603110330,   1.607,   6.317,9999.000,9999.000,9999.000,9999.000,9999.000,9999.000,9999.000
202603110336,   1.660,   6.317,9999.000,9999.000,9999.000,9999.000,9999.000,9999.000,9999.000
202603110342,   1.718,   6.307,9999.000,9999.000,9999.000,9999.000,9999.000,9999.000,9999.000
202603110348,   1.780,   6.307,9999.000,9999.000,9999.000,9999.000,9999.000,9999.000,9999.000
202603110354,   1.847,   6.307,9999.000,9999.000,9999.000,9999.000,9999.000,9999.000,9999.000
202603110400,   1.918,   6.307,   0.200,   4.189,   6.307,   0.200,   6.307,   0.300,   6.407
202603110406,   1.993,   6.307,9999.000,9999.000,9999.000,9999.000,9999.000,9999.000,9999.000
202603110412,   2.073,   6.307,9999.000,9999.000,9999.000,9999.000,9999.000,9999.000,9999.000
202603110418,   2.158,   6.307,9999.000,9999.000,9999.000,9999.000,9999.000,9999.000,9999.000
202603110424,   2.248,   6.307,9999.000,9999.000,9999.000,9999.000,9999.000,9999.000,9999.000
202603110430,   2.343,   6.307,9999.000,9999.000,9999.000,9999.000,9999.000,9999.000,9999.000
202603110436,   2.442,   6.307,9999.000,9999.000,9999.000,9999.000,9999.000,9999.000,9999.000
202603110442,   2.547,   6.307,9999.000,9999.000,9999.000,9999.000,9999.000,9999.000,9999.000
202603110448,   2.656,   6.307,9999.000,9999.000,9999.000,9999.000,9999.000,9999.000,9999.000
202603110454,   2.771,   6.307,9999.000,9999.000,9999.000,9999.000,9999.000,9999.000,9999.000
202603110500,   2.891,   6.307,   0.200,   3.216,   6.307,   0.200,   6.307,   0.300,   6.407
202603110506,   3.017,   6.307,9999.000,9999.000,9999.000,9999.000,9999.000,9999.000,9999.000
202603110512,   3.147,   6.307,9999.000,9999.000,9999.000,9999.000,9999.000,9999.000,9999.000
202603110518,   3.282,   6.307,9999.000,9999.000,9999.000,9999.000,9999.000,9999.000,9999.000
202603110524,   3.423,   6.307,9999.000,9999.000,9999.000,9999.000,9999.000,9999.000,9999.000
202603110530,   3.567,   6.307,9999.000,9999.000,9999.000,9999.000,9999.000,9999.000,9999.000
202603110536,   3.716,   6.307,9999.000,9999.000,9999.000,9999.000,9999.000,9999.000,9999.000
202603110542,   3.868,   6.307,9999.000,9999.000,9999.000,9999.000,9999.000,9999.000,9999.000
202603110548,   4.024,   6.307,9999.000,9999.000,9999.000,9999.000,9999.000,9999.000,9999.000
202603110554,   4.182,   6.307,9999.000,9999.000,9999.000,9999.000,9999.000,9999.000,9999.000
202603110600,   4.342,   6.307,   0.200,   1.765,   6.307,   0.200,   6.307,   0.300,   6.407
202603110606,   4.504,   6.307,9999.000,9999.000,9999.000,9999.000,9999.000,9999.000,9999.000
202603110612,   4.667,   6.307,9999.000,9999.000,9999.000,9999.000,9999.000,9999.000,9999.000
202603110618,   4.829,   6.297,9999.000,9999.000,9999.000,9999.000,9999.000,9999.000,9999.000
202603110624,   4.991,   6.307,9999.000,9999.000,9999.000,9999.000,9999.000,9999.000,9999.000
202603110630,   5.151,   6.307,9999.000,9999.000,9999.000,9999.000,9999.000,9999.000,9999.000
202603110636,   5.309,   6.307,9999.000,9999.000,9999.000,9999.000,9999.000,9999.000,9999.000
202603110642,   5.463,   6.297,9999.000,9999.000,9999.000,9999.000,9999.000,9999.000,9999.000
202603110648,   5.613,   6.297,9999.000,9999.000,9999.000,9999.000,9999.000,9999.000,9999.000
202603110654,   5.759,   6.297,9999.000,9999.000,9999.000,9999.000,9999.000,9999.000,9999.000
202603110700,   5.899,   6.297,   0.300,   0.098,   6.297,   0.200,   6.197,   0.300,   6.297
202603110706,   6.033,   6.297,9999.000,9999.000,9999.000,9999.000,9999.000,9999.000,9999.000
202603110712,   6.160,   6.297,9999.000,9999.000,9999.000,9999.000,9999.000,9999.000,9999.000
202603110718,   6.280,   6.297,9999.000,9999.000,9999.000,9999.000,9999.000,9999.000,9999.000
202603110724,   6.392,   6.297,9999.000,9999.000,9999.000,9999.000,9999.000,9999.000,9999.000
202603110730,   6.496,   6.297,9999.000,9999.000,9999.000,9999.000,9999.000,9999.000,9999.000
202603110736,   6.591,   6.297,9999.000,9999.000,9999.000,9999.000,9999.000,9999.000,9999.000
202603110742,   6.677,   6.297,9999.000,9999.000,9999.000,9999.000,9999.000,9999.000,9999.000
202603110748,   6.755,   6.297,9999.000,9999.000,9999.000,9999.000,9999.000,9999.000,9999.000
202603110754,   6.823,   6.297,9999.000,9999.000,9999.000,9999.000,9999.000,9999.000,9999.000
202603110800,   6.883,   6.297,   0.300,  -0.886,   6.297,   0.200,   6.197,   0.300,   6.297
202603110806,   6.934,   6.297,9999.000,9999.000,9999.000,9999.000,9999.000,9999.000,9999.000
202603110812,   6.976,   6.297,9999.000,9999.000,9999.000,9999.000,9999.000,9999.000,9999.000
202603110818,   7.010,   6.297,9999.000,9999.000,9999.000,9999.000,9999.000,9999.000,9999.000
202603110824,   7.035,   6.297,9999.000,9999.000,9999.000,9999.000,9999.000,9999.000,9999.000
202603110830,   7.053,   6.297,9999.000,9999.000,9999.000,9999.000,9999.000,9999.000,9999.000
202603110836,   7.063,   6.297,9999.000,9999.000,9999.000,9999.000,9999.000,9999.000,9999.000
202603110842,   7.066,   6.297,9999.000,9999.000,9999.000,9999.000,9999.000,9999.000,9999.000
202603110848,   7.062,   6.307,9999.000,9999.000,9999.000,9999.000,9999.000,9999.000,9999.000
202603110854,   7.052,   6.307,9999.000,9999.000,9999.000,9999.000,9999.000,9999.000,9999.000
202603110900,   7.036,   6.317,   0.300,  -1.019,   6.317,   0.200,   6.217,   0.300,   6.317
202603110906,   7.013,   6.346,9999.000,9999.000,9999.000,9999.000,9999.000,9999.000,9999.000
202603110912,   6.986,   6.409,9999.000,9999.000,9999.000,9999.000,9999.000,9999.000,9999.000
202603110918,   6.953,   6.477,9999.000,9999.000,9999.000,9999.000,9999.000,9999.000,9999.000
202603110924,   6.915,   6.589,9999.000,9999.000,9999.000,9999.000,9999.000,9999.000,9999.000
202603110930,   6.872,   6.687,9999.000,9999.000,9999.000,9999.000,9999.000,9999.000,9999.000
202603110936,   6.824,   6.799,9999.000,9999.000,9999.000,9999.000,9999.000,9999.000,9999.000
202603110942,   6.772,   6.878,9999.000,9999.000,9999.000,9999.000,9999.000,9999.000,9999.000
202603110948,   6.716,   6.937,9999.000,9999.000,9999.000,9999.000,9999.000,9999.000,9999.000
202603110954,   6.654,   6.966,9999.000,9999.000,9999.000,9999.000,9999.000,9999.000,9999.000
202603111000,   6.589,   6.966,   0.300,   0.077,   6.966,   0.300,   6.966,   0.300,   6.966
202603111006,   6.519,   6.956,9999.000,9999.000,9999.000,9999.000,9999.000,9999.000,9999.000
202603111012,   6.444,   6.937,9999.000,9999.000,9999.000,9999.000,9999.000,9999.000,9999.000
202603111018,   6.365,   6.907,9999.000,9999.000,9999.000,9999.000,9999.000,9999.000,9999.000
202603111024,   6.281,   6.887,9999.000,9999.000,9999.000,9999.000,9999.000,9999.000,9999.000
202603111030,   6.192,   6.858,9999.000,9999.000,9999.000,9999.000,9999.000,9999.000,9999.000
202603111036,   6.099,   6.838,9999.000,9999.000,9999.000,9999.000,9999.000,9999.000,9999.000
202603111042,   6.000,   6.809,9999.000,9999.000,9999.000,9999.000,9999.000,9999.000,9999.000
202603111048,   5.897,   6.789,9999.000,9999.000,9999.000,9999.000,9999.000,9999.000,9999.000
202603111054,   5.788,   6.756,9999.000,9999.000,9999.000,9999.000,9999.000,9999.000,9999.000
202603111100,   5.675,   6.737,   0.400,   0.662,   6.737,   0.300,   6.637,   0.400,   6.737
202603111106,   5.557,   6.707,9999.000,9999.000,9999.000,9999.000,9999.000,9999.000,9999.000
202603111112,   5.435,   6.687,9999.000,9999.000,9999.000,9999.000,9999.000,9999.000,9999.000
202603111118,   5.307,   6.658,9999.000,9999.000,9999.000,9999.000,9999.000,9999.000,9999.000
202603111124,   5.176,   6.638,9999.000,9999.000,9999.000,9999.000,9999.000,9999.000,9999.000
202603111130,   5.041,   6.619,9999.000,9999.000,9999.000,9999.000,9999.000,9999.000,9999.000
202603111136,   4.902,   6.599,9999.000,9999.000,9999.000,9999.000,9999.000,9999.000,9999.000
202603111142,   4.759,   6.579,9999.000,9999.000,9999.000,9999.000,9999.000,9999.000,9999.000
202603111148,   4.614,   6.569,9999.000,9999.000,9999.000,9999.000,9999.000,9999.000,9999.000
202603111154,   4.466,   6.546,9999.000,9999.000,9999.000,9999.000,9999.000,9999.000,9999.000
202603111200,   4.316,   6.527,   0.400,   1.811,   6.527,   0.400,   6.527,   0.400,   6.527
202603111206,   4.165,   6.517,9999.000,9999.000,9999.000,9999.000,9999.000,9999.000,9999.000
202603111212,   4.013,   6.507,9999.000,9999.000,9999.000,9999.000,9999.000,9999.000,9999.000
202603111218,   3.860,   6.497,9999.000,9999.000,9999.000,9999.000,9999.000,9999.000,9999.000
202603111224,   3.708,   6.487,9999.000,9999.000,9999.000,9999.000,9999.000,9999.000,9999.000
202603111230,   3.556,   6.477,9999.000,9999.000,9999.000,9999.000,9999.000,9999.000,9999.000
202603111236,   3.406,   6.468,9999.000,9999.000,9999.000,9999.000,9999.000,9999.000,9999.000
202603111242,   3.258,   6.458,9999.000,9999.000,9999.000,9999.000,9999.000,9999.000,9999.000
202603111248,   3.112,   6.458,9999.000,9999.000,9999.000,9999.000,9999.000,9999.000,9999.000
202603111254,   2.969,   6.448,9999.000,9999.000,9999.000,9999.000,9999.000,9999.000,9999.000
202603111300,   2.830,   6.438,   0.400,   3.208,   6.438,   0.400,   6.438,   0.500,   6.538
202603111306,   2.694,   6.428,9999.000,9999.000,9999.000,9999.000,9999.000,9999.000,9999.000
202603111312,   2.564,   6.428,9999.000,9999.000,9999.000,9999.000,9999.000,9999.000,9999.000
202603111318,   2.438,   6.418,9999.000,9999.000,9999.000,9999.000,9999.000,9999.000,9999.000
202603111324,   2.317,   6.418,9999.000,9999.000,9999.000,9999.000,9999.000,9999.000,9999.000
202603111330,   2.202,   6.409,9999.000,9999.000,9999.000,9999.000,9999.000,9999.000,9999.000
202603111336,   2.093,   6.409,9999.000,9999.000,9999.000,9999.000,9999.000,9999.000,9999.000
202603111342,   1.990,   6.399,9999.000,9999.000,9999.000,9999.000,9999.000,9999.000,9999.000
202603111348,   1.893,   6.399,9999.000,9999.000,9999.000,9999.000,9999.000,9999.000,9999.000
202603111354,   1.803,   6.389,9999.000,9999.000,9999.000,9999.000,9999.000,9999.000,9999.000
202603111400,   1.720,   6.389,   0.500,   4.169,   6.389,   0.400,   6.289,   0.500,   6.389
202603111406,   1.643,   6.379,9999.000,9999.000,9999.000,9999.000,9999.000,9999.000,9999.000
202603111412,   1.573,   6.379,9999.000,9999.000,9999.000,9999.000,9999.000,9999.000,9999.000
202603111418,   1.510,   6.379,9999.000,9999.000,9999.000,9999.000,9999.000,9999.000,9999.000
202603111424,   1.453,   6.369,9999.000,9999.000,9999.000,9999.000,9999.000,9999.000,9999.000
202603111430,   1.403,   6.369,9999.000,9999.000,9999.000,9999.000,9999.000,9999.000,9999.000
202603111436,   1.360,   6.369,9999.000,9999.000,9999.000,9999.000,9999.000,9999.000,9999.000
202603111442,   1.322,   6.359,9999.000,9999.000,9999.000,9999.000,9999.000,9999.000,9999.000
202603111448,   1.291,   6.359,9999.000,9999.000,9999.000,9999.000,9999.000,9999.000,9999.000
202603111454,   1.265,   6.359,9999.000,9999.000,9999.000,9999.000,9999.000,9999.000,9999.000
202603111500,   1.245,   6.359,   0.500,   4.614,   6.359,   0.500,   6.359,   0.500,   6.359
202603111506,   1.231,   6.346,9999.000,9999.000,9999.000,9999.000,9999.000,9999.000,9999.000
202603111512,   1.221,   6.346,9999.000,9999.000,9999.000,9999.000,9999.000,9999.000,9999.000
202603111518,   1.217,   6.346,9999.000,9999.000,9999.000,9999.000,9999.000,9999.000,9999.000
202603111524,   1.217,   6.346,9999.000,9999.000,9999.000,9999.000,9999.000,9999.000,9999.000
202603111530,   1.222,   6.336,9999.000,9999.000,9999.000,9999.000,9999.000,9999.000,9999.000
202603111536,   1.231,   6.336,9999.000,9999.000,9999.000,9999.000,9999.000,9999.000,9999.000
202603111542,   1.244,   6.336,9999.000,9999.000,9999.000,9999.000,9999.000,9999.000,9999.000
202603111548,   1.261,   6.336,9999.000,9999.000,9999.000,9999.000,9999.000,9999.000,9999.000
202603111554,   1.282,   6.336,9999.000,9999.000,9999.000,9999.000,9999.000,9999.000,9999.000
202603111600,   1.307,   6.336,   0.500,   4.529,   6.336,   0.500,   6.336,   0.500,   6.336
202603111606,   1.336,   6.327,9999.000,9999.000,9999.000,9999.000,9999.000,9999.000,9999.000
202603111612,   1.369,   6.327,9999.000,9999.000,9999.000,9999.000,9999.000,9999.000,9999.000
202603111618,   1.406,   6.327,9999.000,9999.000,9999.000,9999.000,9999.000,9999.000,9999.000
202603111624,   1.446,   6.327,9999.000,9999.000,9999.000,9999.000,9999.000,9999.000,9999.000
202603111630,   1.491,   6.327,9999.000,9999.000,9999.000,9999.000,9999.000,9999.000,9999.000
202603111636,   1.539,   6.327,9999.000,9999.000,9999.000,9999.000,9999.000,9999.000,9999.000
202603111642,   1.592,   6.317,9999.000,9999.000,9999.000,9999.000,9999.000,9999.000,9999.000
202603111648,   1.650,   6.317,9999.000,9999.000,9999.000,9999.000,9999.000,9999.000,9999.000
202603111654,   1.712,   6.317,9999.000,9999.000,9999.000,9999.000,9999.000,9999.000,9999.000
202603111700,   1.779,   6.317,   0.500,   4.038,   6.317,   0.500,   6.317,   0.500,   6.317
202603111706,   1.851,   6.317,9999.000,9999.000,9999.000,9999.000,9999.000,9999.000,9999.000
202603111712,   1.928,   6.317,9999.000,9999.000,9999.000,9999.000,9999.000,9999.000,9999.000
202603111718,   2.011,   6.317,9999.000,9999.000,9999.000,9999.000,9999.000,9999.000,9999.000
202603111724,   2.099,   6.317,9999.000,9999.000,9999.000,9999.000,9999.000,9999.000,9999.000
202603111730,   2.192,   6.307,9999.000,9999.000,9999.000,9999.000,9999.000,9999.000,9999.000
202603111736,   2.291,   6.307,9999.000,9999.000,9999.000,9999.000,9999.000,9999.000,9999.000
202603111742,   2.395,   6.307,9999.000,9999.000,9999.000,9999.000,9999.000,9999.000,9999.000
202603111748,   2.505,   6.307,9999.000,9999.000,9999.000,9999.000,9999.000,9999.000,9999.000
202603111754,   2.620,   6.307,9999.000,9999.000,9999.000,9999.000,9999.000,9999.000,9999.000
202603111800,   2.740,   6.307,   0.500,   3.067,   6.307,   0.500,   6.307,   0.600,   6.407
202603111806,   2.864,   6.307,9999.000,9999.000,9999.000,9999.000,9999.000,9999.000,9999.000
202603111812,   2.992,   6.307,9999.000,9999.000,9999.000,9999.000,9999.000,9999.000,9999.000
202603111818,   3.124,   6.307,9999.000,9999.000,9999.000,9999.000,9999.000,9999.000,9999.000
202603111824,   3.260,   6.307,9999.000,9999.000,9999.000,9999.000,9999.000,9999.000,9999.000
202603111830,   3.398,   6.307,9999.000,9999.000,9999.000,9999.000,9999.000,9999.000,9999.000
202603111836,   3.538,   6.307,9999.000,9999.000,9999.000,9999.000,9999.000,9999.000,9999.000
202603111842,   3.680,   6.307,9999.000,9999.000,9999.000,9999.000,9999.000,9999.000,9999.000
202603111848,   3.822,   6.307,9999.000,9999.000,9999.000,9999.000,9999.000,9999.000,9999.000
202603111854,   3.964,   6.307,9999.000,9999.000,9999.000,9999.000,9999.000,9999.000,9999.000
202603111900,   4.105,   6.307,   0.600,   1.602,   6.307,   0.500,   6.207,   0.600,   6.307
202603111906,   4.245,   6.297,9999.000,9999.000,9999.000,9999.000,9999.000,9999.000,9999.000
202603111912,   4.382,   6.297,9999.000,9999.000,9999.000,9999.000,9999.000,9999.000,9999.000
202603111918,   4.516,   6.297,9999.000,9999.000,9999.000,9999.000,9999.000,9999.000,9999.000
202603111924,   4.646,   6.297,9999.000,9999.000,9999.000,9999.000,9999.000,9999.000,9999.000
202603111930,   4.772,   6.307,9999.000,9999.000,9999.000,9999.000,9999.000,9999.000,9999.000
202603111936,   4.893,   6.307,9999.000,9999.000,9999.000,9999.000,9999.000,9999.000,9999.000
202603111942,   5.009,   6.297,9999.000,9999.000,9999.000,9999.000,9999.000,9999.000,9999.000
202603111948,   5.118,   6.297,9999.000,9999.000,9999.000,9999.000,9999.000,9999.000,9999.000
202603111954,   5.221,   6.307,9999.000,9999.000,9999.000,9999.000,9999.000,9999.000,9999.000
202603112000,   5.317,   6.297,   0.600,   0.380,   6.297,   0.600,   6.297,   0.600,   6.297
202603112006,   5.407,   6.297,9999.000,9999.000,9999.000,9999.000,9999.000,9999.000,9999.000
202603112012,   5.489,   6.297,9999.000,9999.000,9999.000,9999.000,9999.000,9999.000,9999.000
202603112018,   5.563,   6.297,9999.000,9999.000,9999.000,9999.000,9999.000,9999.000,9999.000
202603112024,   5.631,   6.297,9999.000,9999.000,9999.000,9999.000,9999.000,9999.000,9999.000
202603112030,   5.691,   6.297,9999.000,9999.000,9999.000,9999.000,9999.000,9999.000,9999.000
202603112036,   5.745,   6.297,9999.000,9999.000,9999.000,9999.000,9999.000,9999.000,9999.000
202603112042,   5.791,   6.297,9999.000,9999.000,9999.000,9999.000,9999.000,9999.000,9999.000
202603112048,   5.831,   6.297,9999.000,9999.000,9999.000,9999.000,9999.000,9999.000,9999.000
202603112054,   5.864,   6.297,9999.000,9999.000,9999.000,9999.000,9999.000,9999.000,9999.000
202603112100,   5.892,   6.297,   0.600,  -0.195,   6.297,   0.600,   6.297,   0.700,   6.397
202603112106,   5.913,   6.297,9999.000,9999.000,9999.000,9999.000,9999.000,9999.000,9999.000
202603112112,   5.929,   6.307,9999.000,9999.000,9999.000,9999.000,9999.000,9999.000,9999.000
202603112118,   5.940,   6.297,9999.000,9999.000,9999.000,9999.000,9999.000,9999.000,9999.000
202603112124,   5.946,   6.297,9999.000,9999.000,9999.000,9999.000,9999.000,9999.000,9999.000
202603112130,   5.947,   6.307,9999.000,9999.000,9999.000,9999.000,9999.000,9999.000,9999.000
202603112136,   5.944,   6.307,9999.000,9999.000,9999.000,9999.000,9999.000,9999.000,9999.000
202603112142,   5.937,   6.307,9999.000,9999.000,9999.000,9999.000,9999.000,9999.000,9999.000
202603112148,   5.925,   6.307,9999.000,9999.000,9999.000,9999.000,9999.000,9999.000,9999.000
202603112154,   5.910,   6.307,9999.000,9999.000,9999.000,9999.000,9999.000,9999.000,9999.000
202603112200,   5.891,   6.317,   0.700,  -0.274,   6.317,   0.600,   6.217,   0.700,   6.317
202603112206,   5.868,   6.317,9999.000,9999.000,9999.000,9999.000,9999.000,9999.000,9999.000
202603112212,   5.841,   6.336,9999.000,9999.000,9999.000,9999.000,9999.000,9999.000,9999.000
202603112218,   5.810,   6.346,9999.000,9999.000,9999.000,9999.000,9999.000,9999.000,9999.000
202603112224,   5.775,   6.369,9999.000,9999.000,9999.000,9999.000,9999.000,9999.000,9999.000
202603112230,   5.737,   6.399,9999.000,9999.000,9999.000,9999.000,9999.000,9999.000,9999.000
202603112236,   5.694,   6.438,9999.000,9999.000,9999.000,9999.000,9999.000,9999.000,9999.000
202603112242,   5.647,   6.477,9999.000,9999.000,9999.000,9999.000,9999.000,9999.000,9999.000
202603112248,   5.595,   6.527,9999.000,9999.000,9999.000,9999.000,9999.000,9999.000,9999.000
202603112254,   5.539,   6.569,9999.000,9999.000,9999.000,9999.000,9999.000,9999.000,9999.000
202603112300,   5.478,   6.599,   0.700,   0.421,   6.599,   0.700,   6.599,   0.800,   6.699
202603112306,   5.412,   6.628,9999.000,9999.000,9999.000,9999.000,9999.000,9999.000,9999.000
202603112312,   5.341,   6.638,9999.000,9999.000,9999.000,9999.000,9999.000,9999.000,9999.000
202603112318,   5.265,   6.628,9999.000,9999.000,9999.000,9999.000,9999.000,9999.000,9999.000
202603112324,   5.184,   6.619,9999.000,9999.000,9999.000,9999.000,9999.000,9999.000,9999.000
202603112330,   5.098,   6.609,9999.000,9999.000,9999.000,9999.000,9999.000,9999.000,9999.000
202603112336,   5.007,   6.589,9999.000,9999.000,9999.000,9999.000,9999.000,9999.000,9999.000
202603112342,   4.911,   6.579,9999.000,9999.000,9999.000,9999.000,9999.000,9999.000,9999.000
202603112348,   4.811,   6.556,9999.000,9999.000,9999.000,9999.000,9999.000,9999.000,9999.000
202603112354,   4.706,   6.546,9999.000,9999.000,9999.000,9999.000,9999.000,9999.000,9999.000
202603120000,   4.596,   6.527,   0.700,   1.231,   6.527,   0.700,   6.527,   0.800,   6.627
202603120006,   4.483,   6.517,9999.000,9999.000,9999.000,9999.000,9999.000,9999.000,9999.000
202603120012,   4.366,   6.507,9999.000,9999.000,9999.000,9999.000,9999.000,9999.000,9999.000
202603120018,   4.246,   6.497,9999.000,9999.000,9999.000,9999.000,9999.000,9999.000,9999.000
202603120024,   4.123,   6.487,9999.000,9999.000,9999.000,9999.000,9999.000,9999.000,9999.000
202603120030,   3.998,   6.477,9999.000,9999.000,9999.000,9999.000,9999.000,9999.000,9999.000
202603120036,   3.871,   6.468,9999.000,9999.000,9999.000,9999.000,9999.000,9999.000,9999.000
202603120042,   3.743,   6.468,9999.000,9999.000,9999.000,9999.000,9999.000,9999.000,9999.000
202603120048,   3.615,   6.458,9999.000,9999.000,9999.000,9999.000,9999.000,9999.000,9999.000
202603120054,   3.486,   6.448,9999.000,9999.000,9999.000,9999.000,9999.000,9999.000,9999.000
202603120100,   3.358,   6.438,   0.800,   2.280,   6.438,   0.700,   6.338,   0.800,   6.438
202603120106,   3.231,   6.438,9999.000,9999.000,9999.000,9999.000,9999.000,9999.000,9999.000
202603120112,   3.106,   6.428,9999.000,9999.000,9999.000,9999.000,9999.000,9999.000,9999.000
202603120118,   2.983,   6.428,9999.000,9999.000,9999.000,9999.000,9999.000,9999.000,9999.000
202603120124,   2.863,   6.418,9999.000,9999.000,9999.000,9999.000,9999.000,9999.000,9999.000
202603120130,   2.746,   6.418,9999.000,9999.000,9999.000,9999.000,9999.000,9999.000,9999.000
202603120136,   2.633,   6.409,9999.000,9999.000,9999.000,9999.000,9999.000,9999.000,9999.000
202603120142,   2.524,   6.409,9999.000,9999.000,9999.000,9999.000,9999.000,9999.000,9999.000
202603120148,   2.420,   6.399,9999.000,9999.000,9999.000,9999.000,9999.000,9999.000,9999.000
202603120154,   2.321,   6.399,9999.000,9999.000,9999.000,9999.000,9999.000,9999.000,9999.000
202603120200,   2.227,   6.389,   0.800,   3.362,   6.389,   0.700,   6.289,   0.800,   6.389
202603120206,   2.139,   6.389,9999.000,9999.000,9999.000,9999.000,9999.000,9999.000,9999.000
202603120212,   2.058,   6.389,9999.000,9999.000,9999.000,9999.000,9999.000,9999.000,9999.000
202603120218,   1.982,   6.389,9999.000,9999.000,9999.000,9999.000,9999.000,9999.000,9999.000
202603120224,   1.912,   6.379,9999.000,9999.000,9999.000,9999.000,9999.000,9999.000,9999.000
202603120230,   1.849,   6.379,9999.000,9999.000,9999.000,9999.000,9999.000,9999.000,9999.000
202603120236,   1.793,   6.379,9999.000,9999.000,9999.000,9999.000,9999.000,9999.000,9999.000
202603120242,   1.743,   6.369,9999.000,9999.000,9999.000,9999.000,9999.000,9999.000,9999.000
202603120248,   1.700,   6.369,9999.000,9999.000,9999.000,9999.000,9999.000,9999.000,9999.000
202603120254,   1.663,   6.369,9999.000,9999.000,9999.000,9999.000,9999.000,9999.000,9999.000
202603120300,   1.633,   6.359,   0.800,   3.926,   6.359,   0.700,   6.259,   0.900,   6.459
202603120306,   1.608,   6.359,9999.000,9999.000,9999.000,9999.000,9999.000,9999.000,9999.000
202603120312,   1.590,   6.359,9999.000,9999.000,9999.000,9999.000,9999.000,9999.000,9999.000
202603120318,   1.578,   6.359,9999.000,9999.000,9999.000,9999.000,9999.000,9999.000,9999.000
202603120324,   1.572,   6.359,9999.000,9999.000,9999.000,9999.000,9999.000,9999.000,9999.000
202603120330,   1.571,   6.346,9999.000,9999.000,9999.000,9999.000,9999.000,9999.000,9999.000
202603120336,   1.576,   6.346,9999.000,9999.000,9999.000,9999.000,9999.000,9999.000,9999.000
202603120342,   1.586,   6.346,9999.000,9999.000,9999.000,9999.000,9999.000,9999.000,9999.000
202603120348,   1.601,   6.346,9999.000,9999.000,9999.000,9999.000,9999.000,9999.000,9999.000
202603120354,   1.621,   6.336,9999.000,9999.000,9999.000,9999.000,9999.000,9999.000,9999.000
202603120400,   1.645,   6.336,   0.800,   3.891,   6.336,   0.700,   6.236,   0.900,   6.436
202603120406,   1.674,   6.336,9999.000,9999.000,9999.000,9999.000,9999.000,9999.000,9999.000
202603120412,   1.707,   6.336,9999.000,9999.000,9999.000,9999.000,9999.000,9999.000,9999.000
202603120418,   1.744,   6.336,9999.000,9999.000,9999.000,9999.000,9999.000,9999.000,9999.000
202603120424,   1.786,   6.336,9999.000,9999.000,9999.000,9999.000,9999.000,9999.000,9999.000
202603120430,   1.831,   6.336,9999.000,9999.000,9999.000,9999.000,9999.000,9999.000,9999.000
202603120436,   1.881,   6.346,9999.000,9999.000,9999.000,9999.000,9999.000,9999.000,9999.000
202603120442,   1.935,   6.346,9999.000,9999.000,9999.000,9999.000,9999.000,9999.000,9999.000
202603120448,   1.993,   6.346,9999.000,9999.000,9999.000,9999.000,9999.000,9999.000,9999.000
202603120454,   2.055,   6.359,9999.000,9999.000,9999.000,9999.000,9999.000,9999.000,9999.000
202603120500,   2.122,   6.369,   0.800,   3.447,   6.369,   0.700,   6.269,   0.800,   6.369
202603120506,   2.193,   6.379,9999.000,9999.000,9999.000,9999.000,9999.000,9999.000,9999.000
202603120512,   2.268,   6.379,9999.000,9999.000,9999.000,9999.000,9999.000,9999.000,9999.000
202603120518,   2.349,   6.389,9999.000,9999.000,9999.000,9999.000,9999.000,9999.000,9999.000
202603120524,   2.434,   6.389,9999.000,9999.000,9999.000,9999.000,9999.000,9999.000,9999.000
202603120530,   2.524,   6.399,9999.000,9999.000,9999.000,9999.000,9999.000,9999.000,9999.000
202603120536,   2.620,   6.409,9999.000,9999.000,9999.000,9999.000,9999.000,9999.000,9999.000
202603120542,   2.720,   6.418,9999.000,9999.000,9999.000,9999.000,9999.000,9999.000,9999.000
202603120548,   2.826,   6.418,9999.000,9999.000,9999.000,9999.000,9999.000,9999.000,9999.000
202603120554,   2.937,   6.428,9999.000,9999.000,9999.000,9999.000,9999.000,9999.000,9999.000
202603120600,   3.054,   6.428,   0.800,   2.574,   6.428,   0.700,   6.328,   0.900,   6.528
202603120606,   3.175,   6.428,9999.000,9999.000,9999.000,9999.000,9999.000,9999.000,9999.000
202603120612,   3.302,   6.428,9999.000,9999.000,9999.000,9999.000,9999.000,9999.000,9999.000
202603120618,   3.433,   6.428,9999.000,9999.000,9999.000,9999.000,9999.000,9999.000,9999.000
202603120624,   3.569,   6.428,9999.000,9999.000,9999.000,9999.000,9999.000,9999.000,9999.000
202603120630,   3.709,   6.428,9999.000,9999.000,9999.000,9999.000,9999.000,9999.000,9999.000
202603120636,   3.852,   6.428,9999.000,9999.000,9999.000,9999.000,9999.000,9999.000,9999.000
202603120642,   3.999,   6.428,9999.000,9999.000,9999.000,9999.000,9999.000,9999.000,9999.000
202603120648,   4.149,   6.428,9999.000,9999.000,9999.000,9999.000,9999.000,9999.000,9999.000
202603120654,   4.300,   6.418,9999.000,9999.000,9999.000,9999.000,9999.000,9999.000,9999.000
202603120700,   4.453,   6.418,   0.800,   1.165,   6.418,   0.600,   6.218,   0.900,   6.518
202603120706,   4.607,   6.418,9999.000,9999.000,9999.000,9999.000,9999.000,9999.000,9999.000
202603120712,   4.760,   6.418,9999.000,9999.000,9999.000,9999.000,9999.000,9999.000,9999.000
202603120718,   4.913,   6.409,9999.000,9999.000,9999.000,9999.000,9999.000,9999.000,9999.000
202603120724,   5.064,   6.409,9999.000,9999.000,9999.000,9999.000,9999.000,9999.000,9999.000
202603120730,   5.212,   6.409,9999.000,9999.000,9999.000,9999.000,9999.000,9999.000,9999.000
202603120736,   5.358,   6.409,9999.000,9999.000,9999.000,9999.000,9999.000,9999.000,9999.000
202603120742,   5.499,   6.399,9999.000,9999.000,9999.000,9999.000,9999.000,9999.000,9999.000
202603120748,   5.635,   6.399,9999.000,9999.000,9999.000,9999.000,9999.000,9999.000,9999.000
202603120754,   5.766,   6.399,9999.000,9999.000,9999.000,9999.000,9999.000,9999.000,9999.000
202603120800,   5.891,   6.389,   0.700,  -0.202,   6.389,   0.500,   6.189,   0.800,   6.489
202603120806,   6.009,   6.389,9999.000,9999.000,9999.000,9999.000,9999.000,9999.000,9999.000
202603120812,   6.120,   6.389,9999.000,9999.000,9999.000,9999.000,9999.000,9999.000,9999.000
202603120818,   6.224,   6.389,9999.000,9999.000,9999.000,9999.000,9999.000,9999.000,9999.000
202603120824,   6.320,   6.389,9999.000,9999.000,9999.000,9999.000,9999.000,9999.000,9999.000
202603120830,   6.407,   6.379,9999.000,9999.000,9999.000,9999.000,9999.000,9999.000,9999.000
202603120836,   6.486,   6.379,9999.000,9999.000,9999.000,9999.000,9999.000,9999.000,9999.000
202603120842,   6.557,   6.379,9999.000,9999.000,9999.000,9999.000,9999.000,9999.000,9999.000
202603120848,   6.620,   6.379,9999.000,9999.000,9999.000,9999.000,9999.000,9999.000,9999.000
202603120854,   6.674,   6.379,9999.000,9999.000,9999.000,9999.000,9999.000,9999.000,9999.000
202603120900,   6.720,   6.379,   0.700,  -1.041,   6.379,   0.500,   6.179,   0.800,   6.479
202603120906,   6.758,   6.379,9999.000,9999.000,9999.000,9999.000,9999.000,9999.000,9999.000
202603120912,   6.788,   6.399,9999.000,9999.000,9999.000,9999.000,9999.000,9999.000,9999.000
202603120918,   6.811,   6.418,9999.000,9999.000,9999.000,9999.000,9999.000,9999.000,9999.000
202603120924,   6.826,   6.477,9999.000,9999.000,9999.000,9999.000,9999.000,9999.000,9999.000
202603120930,   6.835,   6.556,9999.000,9999.000,9999.000,9999.000,9999.000,9999.000,9999.000
202603120936,   6.837,   6.668,9999.000,9999.000,9999.000,9999.000,9999.000,9999.000,9999.000
202603120942,   6.833,   6.789,9999.000,9999.000,9999.000,9999.000,9999.000,9999.000,9999.000
202603120948,   6.824,   6.917,9999.000,9999.000,9999.000,9999.000,9999.000,9999.000,9999.000
202603120954,   6.809,   7.029,9999.000,9999.000,9999.000,9999.000,9999.000,9999.000,9999.000
202603121000,   6.789,   7.117,   0.600,  -0.272,   7.117,   0.500,   7.017,   0.800,   7.317
202603121006,   6.764,   7.189,9999.000,9999.000,9999.000,9999.000,9999.000,9999.000,9999.000
202603121012,   6.735,   7.229,9999.000,9999.000,9999.000,9999.000,9999.000,9999.000,9999.000
202603121018,   6.701,   7.278,9999.000,9999.000,9999.000,9999.000,9999.000,9999.000,9999.000
202603121024,   6.662,   7.307,9999.000,9999.000,9999.000,9999.000,9999.000,9999.000,9999.000
202603121030,   6.620,   7.327,9999.000,9999.000,9999.000,9999.000,9999.000,9999.000,9999.000
202603121036,   6.574,   7.327,9999.000,9999.000,9999.000,9999.000,9999.000,9999.000,9999.000
202603121042,   6.523,   7.307,9999.000,9999.000,9999.000,9999.000,9999.000,9999.000,9999.000
202603121048,   6.468,   7.297,9999.000,9999.000,9999.000,9999.000,9999.000,9999.000,9999.000
202603121054,   6.410,   7.278,9999.000,9999.000,9999.000,9999.000,9999.000,9999.000,9999.000
202603121100,   6.347,   7.268,   0.600,   0.321,   7.268,   0.400,   7.068,   0.800,   7.468
202603121106,   6.279,   7.258,9999.000,9999.000,9999.000,9999.000,9999.000,9999.000,9999.000
202603121112,   6.208,   7.268,9999.000,9999.000,9999.000,9999.000,9999.000,9999.000,9999.000
202603121118,   6.132,   7.268,9999.000,9999.000,9999.000,9999.000,9999.000,9999.000,9999.000
202603121124,   6.051,   7.268,9999.000,9999.000,9999.000,9999.000,9999.000,9999.000,9999.000
202603121130,   5.966,   7.258,9999.000,9999.000,9999.000,9999.000,9999.000,9999.000,9999.000
202603121136,   5.876,   7.248,9999.000,9999.000,9999.000,9999.000,9999.000,9999.000,9999.000
202603121142,   5.781,   7.258,9999.000,9999.000,9999.000,9999.000,9999.000,9999.000,9999.000
202603121148,   5.681,   7.209,9999.000,9999.000,9999.000,9999.000,9999.000,9999.000,9999.000
202603121154,   5.577,   7.209,9999.000,9999.000,9999.000,9999.000,9999.000,9999.000,9999.000
202603121200,   5.468,   7.176,   0.600,   1.108,   7.176,   0.500,   7.076,   0.800,   7.376
202603121206,   5.354,   7.156,9999.000,9999.000,9999.000,9999.000,9999.000,9999.000,9999.000
202603121212,   5.236,   7.117,9999.000,9999.000,9999.000,9999.000,9999.000,9999.000,9999.000
202603121218,   5.114,   7.078,9999.000,9999.000,9999.000,9999.000,9999.000,9999.000,9999.000
202603121224,   4.988,   7.038,9999.000,9999.000,9999.000,9999.000,9999.000,9999.000,9999.000
202603121230,   4.858,   6.999,9999.000,9999.000,9999.000,9999.000,9999.000,9999.000,9999.000
202603121236,   4.725,   6.956,9999.000,9999.000,9999.000,9999.000,9999.000,9999.000,9999.000
202603121242,   4.590,   6.917,9999.000,9999.000,9999.000,9999.000,9999.000,9999.000,9999.000
202603121248,   4.451,   6.868,9999.000,9999.000,9999.000,9999.000,9999.000,9999.000,9999.000
202603121254,   4.311,   6.828,9999.000,9999.000,9999.000,9999.000,9999.000,9999.000,9999.000
202603121300,   4.169,   6.799,   0.600,   2.030,   6.799,   0.500,   6.699,   0.700,   6.899
202603121306,   4.027,   6.766,9999.000,9999.000,9999.000,9999.000,9999.000,9999.000,9999.000
202603121312,   3.884,   6.737,9999.000,9999.000,9999.000,9999.000,9999.000,9999.000,9999.000
202603121318,   3.741,   6.707,9999.000,9999.000,9999.000,9999.000,9999.000,9999.000,9999.000
202603121324,   3.598,   6.678,9999.000,9999.000,9999.000,9999.000,9999.000,9999.000,9999.000
202603121330,   3.457,   6.658,9999.000,9999.000,9999.000,9999.000,9999.000,9999.000,9999.000
202603121336,   3.318,   6.628,9999.000,9999.000,9999.000,9999.000,9999.000,9999.000,9999.000
202603121342,   3.180,   6.609,9999.000,9999.000,9999.000,9999.000,9999.000,9999.000,9999.000
202603121348,   3.046,   6.599,9999.000,9999.000,9999.000,9999.000,9999.000,9999.000,9999.000
202603121354,   2.915,   6.579,9999.000,9999.000,9999.000,9999.000,9999.000,9999.000,9999.000
202603121400,   2.787,   6.556,   0.600,   3.169,   6.556,   0.500,   6.456,   0.700,   6.656
202603121406,   2.664,   6.546,9999.000,9999.000,9999.000,9999.000,9999.000,9999.000,9999.000
202603121412,   2.545,   6.527,9999.000,9999.000,9999.000,9999.000,9999.000,9999.000,9999.000
202603121418,   2.431,   6.517,9999.000,9999.000,9999.000,9999.000,9999.000,9999.000,9999.000
202603121424,   2.322,   6.507,9999.000,9999.000,9999.000,9999.000,9999.000,9999.000,9999.000
202603121430,   2.219,   6.497,9999.000,9999.000,9999.000,9999.000,9999.000,9999.000,9999.000
202603121436,   2.121,   6.487,9999.000,9999.000,9999.000,9999.000,9999.000,9999.000,9999.000
202603121442,   2.029,   6.477,9999.000,9999.000,9999.000,9999.000,9999.000,9999.000,9999.000
202603121448,   1.942,   6.468,9999.000,9999.000,9999.000,9999.000,9999.000,9999.000,9999.000
202603121454,   1.862,   6.458,9999.000,9999.000,9999.000,9999.000,9999.000,9999.000,9999.000
202603121500,   1.788,   6.458,   0.600,   4.070,   6.458,   0.400,   6.258,   0.700,   6.558
202603121506,   1.720,   6.448,9999.000,9999.000,9999.000,9999.000,9999.000,9999.000,9999.000
202603121512,   1.658,   6.438,9999.000,9999.000,9999.000,9999.000,9999.000,9999.000,9999.000
202603121518,   1.602,   6.438,9999.000,9999.000,9999.000,9999.000,9999.000,9999.000,9999.000
202603121524,   1.552,   6.428,9999.000,9999.000,9999.000,9999.000,9999.000,9999.000,9999.000
202603121530,   1.508,   6.428,9999.000,9999.000,9999.000,9999.000,9999.000,9999.000,9999.000
202603121536,   1.469,   6.418,9999.000,9999.000,9999.000,9999.000,9999.000,9999.000,9999.000
202603121542,   1.435,   6.418,9999.000,9999.000,9999.000,9999.000,9999.000,9999.000,9999.000
202603121548,   1.407,   6.409,9999.000,9999.000,9999.000,9999.000,9999.000,9999.000,9999.000
202603121554,   1.383,   6.409,9999.000,9999.000,9999.000,9999.000,9999.000,9999.000,9999.000
202603121600,   1.365,   6.399,   0.500,   4.534,   6.399,   0.400,   6.299,   0.700,   6.599
202603121606,   1.351,   6.399,9999.000,9999.000,9999.000,9999.000,9999.000,9999.000,9999.000
202603121612,   1.341,   6.399,9999.000,9999.000,9999.000,9999.000,9999.000,9999.000,9999.000
202603121618,   1.336,   6.389,9999.000,9999.000,9999.000,9999.000,9999.000,9999.000,9999.000
202603121624,   1.335,   6.389,9999.000,9999.000,9999.000,9999.000,9999.000,9999.000,9999.000
202603121630,   1.337,   6.379,9999.000,9999.000,9999.000,9999.000,9999.000,9999.000,9999.000
202603121636,   1.344,   6.379,9999.000,9999.000,9999.000,9999.000,9999.000,9999.000,9999.000
202603121642,   1.354,   6.379,9999.000,9999.000,9999.000,9999.000,9999.000,9999.000,9999.000
202603121648,   1.368,   6.379,9999.000,9999.000,9999.000,9999.000,9999.000,9999.000,9999.000
202603121654,   1.385,   6.369,9999.000,9999.000,9999.000,9999.000,9999.000,9999.000,9999.000
202603121700,   1.407,   6.369,   0.500,   4.462,   6.369,   0.300,   6.169,   0.600,   6.469
202603121706,   1.432,   6.369,9999.000,9999.000,9999.000,9999.000,9999.000,9999.000,9999.000
202603121712,   1.461,   6.359,9999.000,9999.000,9999.000,9999.000,9999.000,9999.000,9999.000
202603121718,   1.494,   6.359,9999.000,9999.000,9999.000,9999.000,9999.000,9999.000,9999.000
202603121724,   1.531,   6.359,9999.000,9999.000,9999.000,9999.000,9999.000,9999.000,9999.000
202603121730,   1.572,   6.359,9999.000,9999.000,9999.000,9999.000,9999.000,9999.000,9999.000
202603121736,   1.618,   6.359,9999.000,9999.000,9999.000,9999.000,9999.000,9999.000,9999.000
202603121742,   1.669,   6.346,9999.000,9999.000,9999.000,9999.000,9999.000,9999.000,9999.000
202603121748,   1.725,   6.346,9999.000,9999.000,9999.000,9999.000,9999.000,9999.000,9999.000
202603121754,   1.786,   6.346,9999.000,9999.000,9999.000,9999.000,9999.000,9999.000,9999.000
202603121800,   1.852,   6.346,   0.400,   4.094,   6.346,   0.200,   6.146,   0.600,   6.546
202603121806,   1.924,   6.346,9999.000,9999.000,9999.000,9999.000,9999.000,9999.000,9999.000
202603121812,   2.001,   6.346,9999.000,9999.000,9999.000,9999.000,9999.000,9999.000,9999.000
202603121818,   2.084,   6.346,9999.000,9999.000,9999.000,9999.000,9999.000,9999.000,9999.000
202603121824,   2.173,   6.346,9999.000,9999.000,9999.000,9999.000,9999.000,9999.000,9999.000
202603121830,   2.268,   6.346,9999.000,9999.000,9999.000,9999.000,9999.000,9999.000,9999.000
202603121836,   2.369,   6.336,9999.000,9999.000,9999.000,9999.000,9999.000,9999.000,9999.000
202603121842,   2.475,   6.336,9999.000,9999.000,9999.000,9999.000,9999.000,9999.000,9999.000
202603121848,   2.587,   6.336,9999.000,9999.000,9999.000,9999.000,9999.000,9999.000,9999.000
202603121854,   2.704,   6.336,9999.000,9999.000,9999.000,9999.000,9999.000,9999.000,9999.000
202603121900,   2.825,   6.336,   0.200,   3.311,   6.336,   0.000,   6.136,   0.400,   6.536
202603121906,   2.951,   6.336,9999.000,9999.000,9999.000,9999.000,9999.000,9999.000,9999.000
202603121912,   3.082,   6.336,9999.000,9999.000,9999.000,9999.000,9999.000,9999.000,9999.000
202603121918,   3.215,   6.336,9999.000,9999.000,9999.000,9999.000,9999.000,9999.000,9999.000
202603121924,   3.351,   6.327,9999.000,9999.000,9999.000,9999.000,9999.000,9999.000,9999.000
202603121930,   3.490,   6.327,9999.000,9999.000,9999.000,9999.000,9999.000,9999.000,9999.000
202603121936,   3.629,   6.327,9999.000,9999.000,9999.000,9999.000,9999.000,9999.000,9999.000
202603121942,   3.770,   6.327,9999.000,9999.000,9999.000,9999.000,9999.000,9999.000,9999.000
202603121948,   3.910,   6.327,9999.000,9999.000,9999.000,9999.000,9999.000,9999.000,9999.000
202603121954,   4.050,   6.327,9999.000,9999.000,9999.000,9999.000,9999.000,9999.000,9999.000
202603122000,   4.188,   6.327,   0.100,   2.039,   6.327,  -0.200,   6.027,   0.200,   6.427
202603122006,   4.324,   6.327,9999.000,9999.000,9999.000,9999.000,9999.000,9999.000,9999.000
202603122012,   4.457,   6.327,9999.000,9999.000,9999.000,9999.000,9999.000,9999.000,9999.000
202603122018,   4.586,   6.327,9999.000,9999.000,9999.000,9999.000,9999.000,9999.000,9999.000
202603122024,   4.711,   6.327,9999.000,9999.000,9999.000,9999.000,9999.000,9999.000,9999.000
202603122030,   4.831,   6.327,9999.000,9999.000,9999.000,9999.000,9999.000,9999.000,9999.000
202603122036,   4.945,   6.327,9999.000,9999.000,9999.000,9999.000,9999.000,9999.000,9999.000
202603122042,   5.054,   6.327,9999.000,9999.000,9999.000,9999.000,9999.000,9999.000,9999.000
202603122048,   5.156,   6.327,9999.000,9999.000,9999.000,9999.000,9999.000,9999.000,9999.000
202603122054,   5.252,   6.327,9999.000,9999.000,9999.000,9999.000,9999.000,9999.000,9999.000
202603122100,   5.342,   6.327,   0.000,   0.985,   6.327,  -0.300,   6.027,   0.100,   6.427
202603122106,   5.424,   6.327,9999.000,9999.000,9999.000,9999.000,9999.000,9999.000,9999.000
202603122112,   5.500,   6.327,9999.000,9999.000,9999.000,9999.000,9999.000,9999.000,9999.000
202603122118,   5.569,   6.327,9999.000,9999.000,9999.000,9999.000,9999.000,9999.000,9999.000
202603122124,   5.631,   6.327,9999.000,9999.000,9999.000,9999.000,9999.000,9999.000,9999.000
202603122130,   5.687,   6.327,9999.000,9999.000,9999.000,9999.000,9999.000,9999.000,9999.000
202603122136,   5.736,   6.327,9999.000,9999.000,9999.000,9999.000,9999.000,9999.000,9999.000
202603122142,   5.779,   6.327,9999.000,9999.000,9999.000,9999.000,9999.000,9999.000,9999.000
202603122148,   5.816,   6.327,9999.000,9999.000,9999.000,9999.000,9999.000,9999.000,9999.000
202603122154,   5.848,   6.327,9999.000,9999.000,9999.000,9999.000,9999.000,9999.000,9999.000
202603122200,   5.874,   6.317,  -0.100,   0.543,   6.317,  -0.300,   6.117,   0.100,   6.517
202603122206,   5.895,   6.317,9999.000,9999.000,9999.000,9999.000,9999.000,9999.000,9999.000
202603122212,   5.911,   6.317,9999.000,9999.000,9999.000,9999.000,9999.000,9999.000,9999.000
202603122218,   5.923,   6.317,9999.000,9999.000,9999.000,9999.000,9999.000,9999.000,9999.000
202603122224,   5.930,   6.317,9999.000,9999.000,9999.000,9999.000,9999.000,9999.000,9999.000
202603122230,   5.934,   6.327,9999.000,9999.000,9999.000,9999.000,9999.000,9999.000,9999.000
202603122236,   5.933,   6.327,9999.000,9999.000,9999.000,9999.000,9999.000,9999.000,9999.000
202603122242,   5.929,   6.327,9999.000,9999.000,9999.000,9999.000,9999.000,9999.000,9999.000
202603122248,   5.921,   6.327,9999.000,9999.000,9999.000,9999.000,9999.000,9999.000,9999.000
202603122254,   5.909,   6.327,9999.000,9999.000,9999.000,9999.000,9999.000,9999.000,9999.000
202603122300,   5.894,   6.327,   0.000,   0.433,   6.327,  -0.200,   6.127,   0.000,   6.327
202603122306,   5.875,   6.327,9999.000,9999.000,9999.000,9999.000,9999.000,9999.000,9999.000
202603122312,   5.852,   6.327,9999.000,9999.000,9999.000,9999.000,9999.000,9999.000,9999.000
202603122318,   5.825,   6.317,9999.000,9999.000,9999.000,9999.000,9999.000,9999.000,9999.000
202603122324,   5.794,   6.327,9999.000,9999.000,9999.000,9999.000,9999.000,9999.000,9999.000
202603122330,   5.759,   6.327,9999.000,9999.000,9999.000,9999.000,9999.000,9999.000,9999.000
202603122336,   5.719,   6.327,9999.000,9999.000,9999.000,9999.000,9999.000,9999.000,9999.000
202603122342,   5.675,   6.327,9999.000,9999.000,9999.000,9999.000,9999.000,9999.000,9999.000
202603122348,   5.626,   6.327,9999.000,9999.000,9999.000,9999.000,9999.000,9999.000,9999.000
202603122354,   5.572,   6.317,9999.000,9999.000,9999.000,9999.000,9999.000,9999.000,9999.000
202603130000,   5.513,   6.317,   0.000,   0.804,   6.317,  -0.100,   6.217,   0.100,   6.417
202603130006,   5.449,   6.317,9999.000,9999.000,9999.000,9999.000,9999.000,9999.000,9999.000
202603130012,   5.379,   6.317,9999.000,9999.000,9999.000,9999.000,9999.000,9999.000,9999.000
202603130018,   5.305,   6.317,9999.000,9999.000,9999.000,9999.000,9999.000,9999.000,9999.000
202603130024,   5.225,   6.317,9999.000,9999.000,9999.000,9999.000,9999.000,9999.000,9999.000
202603130030,   5.140,   6.317,9999.000,9999.000,9999.000,9999.000,9999.000,9999.000,9999.000
202603130036,   5.050,   6.317,9999.000,9999.000,9999.000,9999.000,9999.000,9999.000,9999.000
202603130042,   4.954,   6.317,9999.000,9999.000,9999.000,9999.000,9999.000,9999.000,9999.000
202603130048,   4.855,   6.317,9999.000,9999.000,9999.000,9999.000,9999.000,9999.000,9999.000
202603130054,   4.750,   6.317,9999.000,9999.000,9999.000,9999.000,9999.000,9999.000,9999.000
202603130100,   4.642,   6.317,   0.000,   1.675,   6.317,  -0.100,   6.217,   0.100,   6.417
202603130106,   4.529,   6.317,9999.000,9999.000,9999.000,9999.000,9999.000,9999.000,9999.000
202603130112,   4.414,   6.317,9999.000,9999.000,9999.000,9999.000,9999.000,9999.000,9999.000
202603130118,   4.295,   6.317,9999.000,9999.000,9999.000,9999.000,9999.000,9999.000,9999.000
202603130124,   4.174,   6.317,9999.000,9999.000,9999.000,9999.000,9999.000,9999.000,9999.000
202603130130,   4.051,   6.317,9999.000,9999.000,9999.000,9999.000,9999.000,9999.000,9999.000
202603130136,   3.926,   6.317,9999.000,9999.000,9999.000,9999.000,9999.000,9999.000,9999.000
202603130142,   3.801,   6.317,9999.000,9999.000,9999.000,9999.000,9999.000,9999.000,9999.000
202603130148,   3.675,   6.317,9999.000,9999.000,9999.000,9999.000,9999.000,9999.000,9999.000
202603130154,   3.550,   6.317,9999.000,9999.000,9999.000,9999.000,9999.000,9999.000,9999.000
202603130200,   3.425,   6.317,   0.000,   2.892,   6.317,  -0.100,   6.217,   0.100,   6.417
202603130206,   3.302,   6.317,9999.000,9999.000,9999.000,9999.000,9999.000,9999.000,9999.000
202603130212,   3.180,   6.317,9999.000,9999.000,9999.000,9999.000,9999.000,9999.000,9999.000
202603130218,   3.061,   6.317,9999.000,9999.000,9999.000,9999.000,9999.000,9999.000,9999.000
202603130224,   2.945,   6.317,9999.000,9999.000,9999.000,9999.000,9999.000,9999.000,9999.000
202603130230,   2.832,   6.317,9999.000,9999.000,9999.000,9999.000,9999.000,9999.000,9999.000
202603130236,   2.723,   6.317,9999.000,9999.000,9999.000,9999.000,9999.000,9999.000,9999.000
202603130242,   2.618,   6.317,9999.000,9999.000,9999.000,9999.000,9999.000,9999.000,9999.000
202603130248,   2.517,   6.317,9999.000,9999.000,9999.000,9999.000,9999.000,9999.000,9999.000
202603130254,   2.421,   6.317,9999.000,9999.000,9999.000,9999.000,9999.000,9999.000,9999.000
202603130300,   2.331,   6.317,   0.000,   3.986,   6.317,  -0.100,   6.217,   0.000,   6.317
202603130306,   2.246,   6.317,9999.000,9999.000,9999.000,9999.000,9999.000,9999.000,9999.000
202603130312,   2.166,   6.317,9999.000,9999.000,9999.000,9999.000,9999.000,9999.000,9999.000
202603130318,   2.092,   6.317,9999.000,9999.000,9999.000,9999.000,9999.000,9999.000,9999.000
202603130324,   2.024,   6.317,9999.000,9999.000,9999.000,9999.000,9999.000,9999.000,9999.000
202603130330,   1.961,   6.317,9999.000,9999.000,9999.000,9999.000,9999.000,9999.000,9999.000
202603130336,   1.905,   6.317,9999.000,9999.000,9999.000,9999.000,9999.000,9999.000,9999.000
202603130342,   1.854,   6.317,9999.000,9999.000,9999.000,9999.000,9999.000,9999.000,9999.000
202603130348,   1.810,   6.317,9999.000,9999.000,9999.000,9999.000,9999.000,9999.000,9999.000
202603130354,   1.771,   6.307,9999.000,9999.000,9999.000,9999.000,9999.000,9999.000,9999.000
202603130400,   1.737,   6.317,   0.000,   4.580,   6.317,  -0.100,   6.217,   0.000,   6.317
202603130406,   1.710,   6.317,9999.000,9999.000,9999.000,9999.000,9999.000,9999.000,9999.000
202603130412,   1.687,   6.317,9999.000,9999.000,9999.000,9999.000,9999.000,9999.000,9999.000
202603130418,   1.670,   6.307,9999.000,9999.000,9999.000,9999.000,9999.000,9999.000,9999.000
202603130424,   1.658,   6.307,9999.000,9999.000,9999.000,9999.000,9999.000,9999.000,9999.000
202603130430,   1.651,   6.307,9999.000,9999.000,9999.000,9999.000,9999.000,9999.000,9999.000
202603130436,   1.648,   6.307,9999.000,9999.000,9999.000,9999.000,9999.000,9999.000,9999.000
202603130442,   1.650,   6.307,9999.000,9999.000,9999.000,9999.000,9999.000,9999.000,9999.000
202603130448,   1.657,   6.307,9999.000,9999.000,9999.000,9999.000,9999.000,9999.000,9999.000
202603130454,   1.668,   6.307,9999.000,9999.000,9999.000,9999.000,9999.000,9999.000,9999.000
202603130500,   1.683,   6.307,  -0.100,   4.724,   6.307,  -0.200,   6.207,   0.000,   6.407
202603130506,   1.703,   6.307,9999.000,9999.000,9999.000,9999.000,9999.000,9999.000,9999.000
202603130512,   1.726,   6.307,9999.000,9999.000,9999.000,9999.000,9999.000,9999.000,9999.000
202603130518,   1.754,   6.307,9999.000,9999.000,9999.000,9999.000,9999.000,9999.000,9999.000
202603130524,   1.786,   6.307,9999.000,9999.000,9999.000,9999.000,9999.000,9999.000,9999.000
202603130530,   1.823,   6.307,9999.000,9999.000,9999.000,9999.000,9999.000,9999.000,9999.000
202603130536,   1.863,   6.307,9999.000,9999.000,9999.000,9999.000,9999.000,9999.000,9999.000
202603130542,   1.908,   6.307,9999.000,9999.000,9999.000,9999.000,9999.000,9999.000,9999.000
202603130548,   1.958,   6.307,9999.000,9999.000,9999.000,9999.000,9999.000,9999.000,9999.000
202603130554,   2.013,   6.307,9999.000,9999.000,9999.000,9999.000,9999.000,9999.000,9999.000
202603130600,   2.072,   6.307,   0.000,   4.235,   6.307,  -0.200,   6.107,   0.000,   6.307
202603130606,   2.136,   6.307,9999.000,9999.000,9999.000,9999.000,9999.000,9999.000,9999.000
202603130612,   2.206,   6.307,9999.000,9999.000,9999.000,9999.000,9999.000,9999.000,9999.000
202603130618,   2.282,   6.307,9999.000,9999.000,9999.000,9999.000,9999.000,9999.000,9999.000
202603130624,   2.362,   6.307,9999.000,9999.000,9999.000,9999.000,9999.000,9999.000,9999.000
202603130630,   2.449,   6.307,9999.000,9999.000,9999.000,9999.000,9999.000,9999.000,9999.000
202603130636,   2.542,   6.307,9999.000,9999.000,9999.000,9999.000,9999.000,9999.000,9999.000
202603130642,   2.640,   6.307,9999.000,9999.000,9999.000,9999.000,9999.000,9999.000,9999.000
202603130648,   2.745,   6.307,9999.000,9999.000,9999.000,9999.000,9999.000,9999.000,9999.000
202603130654,   2.855,   6.307,9999.000,9999.000,9999.000,9999.000,9999.000,9999.000,9999.000
202603130700,   2.971,   6.307,  -0.100,   3.436,   6.307,  -0.200,   6.207,   0.000,   6.407
202603130706,   3.093,   6.307,9999.000,9999.000,9999.000,9999.000,9999.000,9999.000,9999.000
202603130712,   3.220,   6.307,9999.000,9999.000,9999.000,9999.000,9999.000,9999.000,9999.000
202603130718,   3.352,   6.307,9999.000,9999.000,9999.000,9999.000,9999.000,9999.000,9999.000
202603130724,   3.489,   6.307,9999.000,9999.000,9999.000,9999.000,9999.000,9999.000,9999.000
202603130730,   3.631,   6.307,9999.000,9999.000,9999.000,9999.000,9999.000,9999.000,9999.000
202603130736,   3.776,   6.307,9999.000,9999.000,9999.000,9999.000,9999.000,9999.000,9999.000
202603130742,   3.924,   6.297,9999.000,9999.000,9999.000,9999.000,9999.000,9999.000,9999.000
202603130748,   4.074,   6.297,9999.000,9999.000,9999.000,9999.000,9999.000,9999.000,9999.000
202603130754,   4.226,   6.297,9999.000,9999.000,9999.000,9999.000,9999.000,9999.000,9999.000
202603130800,   4.380,   6.297,  -0.100,   2.017,   6.297,  -0.100,   6.297,   0.000,   6.397
202603130806,   4.533,   6.297,9999.000,9999.000,9999.000,9999.000,9999.000,9999.000,9999.000
202603130812,   4.686,   6.297,9999.000,9999.000,9999.000,9999.000,9999.000,9999.000,9999.000
202603130818,   4.838,   6.297,9999.000,9999.000,9999.000,9999.000,9999.000,9999.000,9999.000
202603130824,   4.987,   6.297,9999.000,9999.000,9999.000,9999.000,9999.000,9999.000,9999.000
202603130830,   5.134,   6.297,9999.000,9999.000,9999.000,9999.000,9999.000,9999.000,9999.000
202603130836,   5.277,   6.297,9999.000,9999.000,9999.000,9999.000,9999.000,9999.000,9999.000
202603130842,   5.415,   6.297,9999.000,9999.000,9999.000,9999.000,9999.000,9999.000,9999.000
202603130848,   5.548,   6.297,9999.000,9999.000,9999.000,9999.000,9999.000,9999.000,9999.000
202603130854,   5.676,   6.297,9999.000,9999.000,9999.000,9999.000,9999.000,9999.000,9999.000
202603130900,   5.797,   6.297,  -0.100,   0.600,   6.297,  -0.200,   6.197,   0.000,   6.397
202603130906,   5.911,   6.297,9999.000,9999.000,9999.000,9999.000,9999.000,9999.000,9999.000
202603130912,   6.018,   6.297,9999.000,9999.000,9999.000,9999.000,9999.000,9999.000,9999.000
202603130918,   6.118,   6.297,9999.000,9999.000,9999.000,9999.000,9999.000,9999.000,9999.000
202603130924,   6.210,   6.297,9999.000,9999.000,9999.000,9999.000,9999.000,9999.000,9999.000
202603130930,   6.294,   6.297,9999.000,9999.000,9999.000,9999.000,9999.000,9999.000,9999.000
202603130936,   6.371,   6.297,9999.000,9999.000,9999.000,9999.000,9999.000,9999.000,9999.000
202603130942,   6.439,   6.297,9999.000,9999.000,9999.000,9999.000,9999.000,9999.000,9999.000
202603130948,   6.499,   6.297,9999.000,9999.000,9999.000,9999.000,9999.000,9999.000,9999.000
202603130954,   6.552,   6.297,9999.000,9999.000,9999.000,9999.000,9999.000,9999.000,9999.000
202603131000,   6.597,   6.297,  -0.100,  -0.200,   6.297,  -0.200,   6.197,   0.000,   6.397
202603131006,   6.635,   6.297,9999.000,9999.000,9999.000,9999.000,9999.000,9999.000,9999.000
202603131012,   6.666,   6.297,9999.000,9999.000,9999.000,9999.000,9999.000,9999.000,9999.000
202603131018,   6.690,   6.297,9999.000,9999.000,9999.000,9999.000,9999.000,9999.000,9999.000
202603131024,   6.708,   6.297,9999.000,9999.000,9999.000,9999.000,9999.000,9999.000,9999.000
202603131030,   6.719,   6.297,9999.000,9999.000,9999.000,9999.000,9999.000,9999.000,9999.000
202603131036,   6.725,   6.297,9999.000,9999.000,9999.000,9999.000,9999.000,9999.000,9999.000
202603131042,   6.726,   6.297,9999.000,9999.000,9999.000,9999.000,9999.000,9999.000,9999.000
202603131048,   6.721,   6.297,9999.000,9999.000,9999.000,9999.000,9999.000,9999.000,9999.000
202603131054,   6.712,   6.297,9999.000,9999.000,9999.000,9999.000,9999.000,9999.000,9999.000
202603131100,   6.698,   6.297,  -0.100,  -0.301,   6.297,  -0.300,   6.097,   0.000,   6.397
202603131106,   6.679,   6.297,9999.000,9999.000,9999.000,9999.000,9999.000,9999.000,9999.000
202603131112,   6.656,   6.297,9999.000,9999.000,9999.000,9999.000,9999.000,9999.000,9999.000
202603131118,   6.629,   6.297,9999.000,9999.000,9999.000,9999.000,9999.000,9999.000,9999.000
202603131124,   6.597,   6.297,9999.000,9999.000,9999.000,9999.000,9999.000,9999.000,9999.000
202603131130,   6.562,   6.297,9999.000,9999.000,9999.000,9999.000,9999.000,9999.000,9999.000
202603131136,   6.522,   6.297,9999.000,9999.000,9999.000,9999.000,9999.000,9999.000,9999.000
202603131142,   6.477,   6.287,9999.000,9999.000,9999.000,9999.000,9999.000,9999.000,9999.000
202603131148,   6.429,   6.297,9999.000,9999.000,9999.000,9999.000,9999.000,9999.000,9999.000
202603131154,   6.376,   6.297,9999.000,9999.000,9999.000,9999.000,9999.000,9999.000,9999.000
202603131200,   6.318,   6.297,  -0.200,   0.179,   6.297,  -0.300,   6.197,   0.000,   6.497
202603131206,   6.255,   6.297,9999.000,9999.000,9999.000,9999.000,9999.000,9999.000,9999.000
202603131212,   6.188,   6.297,9999.000,9999.000,9999.000,9999.000,9999.000,9999.000,9999.000
202603131218,   6.116,   6.287,9999.000,9999.000,9999.000,9999.000,9999.000,9999.000,9999.000
202603131224,   6.039,   6.297,9999.000,9999.000,9999.000,9999.000,9999.000,9999.000,9999.000
202603131230,   5.956,   6.297,9999.000,9999.000,9999.000,9999.000,9999.000,9999.000,9999.000
202603131236,   5.868,   6.297,9999.000,9999.000,9999.000,9999.000,9999.000,9999.000,9999.000
202603131242,   5.776,   6.297,9999.000,9999.000,9999.000,9999.000,9999.000,9999.000,9999.000
202603131248,   5.678,   6.297,9999.000,9999.000,9999.000,9999.000,9999.000,9999.000,9999.000
202603131254,   5.574,   6.287,9999.000,9999.000,9999.000,9999.000,9999.000,9999.000,9999.000
202603131300,   5.466,   6.297,  -0.100,   0.931,   6.297,  -0.300,   6.097,   0.000,   6.397
202603131306,   5.353,   6.287,9999.000,9999.000,9999.000,9999.000,9999.000,9999.000,9999.000
202603131312,   5.236,   6.297,9999.000,9999.000,9999.000,9999.000,9999.000,9999.000,9999.000
202603131318,   5.114,   6.287,9999.000,9999.000,9999.000,9999.000,9999.000,9999.000,9999.000
202603131324,   4.988,   6.287,9999.000,9999.000,9999.000,9999.000,9999.000,9999.000,9999.000
202603131330,   4.859,   6.297,9999.000,9999.000,9999.000,9999.000,9999.000,9999.000,9999.000
202603131336,   4.726,   6.287,9999.000,9999.000,9999.000,9999.000,9999.000,9999.000,9999.000
202603131342,   4.591,   6.287,9999.000,9999.000,9999.000,9999.000,9999.000,9999.000,9999.000
202603131348,   4.453,   6.287,9999.000,9999.000,9999.000,9999.000,9999.000,9999.000,9999.000
202603131354,   4.313,   6.297,9999.000,9999.000,9999.000,9999.000,9999.000,9999.000,9999.000
202603131400,   4.172,   6.297,  -0.100,   2.225,   6.297,  -0.200,   6.197,   0.000,   6.397
202603131406,   4.030,   6.297,9999.000,9999.000,9999.000,9999.000,9999.000,9999.000,9999.000
202603131412,   3.888,   6.287,9999.000,9999.000,9999.000,9999.000,9999.000,9999.000,9999.000
202603131418,   3.746,   6.297,9999.000,9999.000,9999.000,9999.000,9999.000,9999.000,9999.000
202603131424,   3.605,   6.297,9999.000,9999.000,9999.000,9999.000,9999.000,9999.000,9999.000
202603131430,   3.465,   6.297,9999.000,9999.000,9999.000,9999.000,9999.000,9999.000,9999.000
202603131436,   3.327,   6.297,9999.000,9999.000,9999.000,9999.000,9999.000,9999.000,9999.000
202603131442,   3.192,   6.297,9999.000,9999.000,9999.000,9999.000,9999.000,9999.000,9999.000
202603131448,   3.059,   6.297,9999.000,9999.000,9999.000,9999.000,9999.000,9999.000,9999.000
202603131454,   2.929,   6.287,9999.000,9999.000,9999.000,9999.000,9999.000,9999.000,9999.000
202603131500,   2.803,   6.297,   0.000,   3.494,   6.297,  -0.100,   6.197,   0.000,   6.297
202603131506,   2.681,   6.287,9999.000,9999.000,9999.000,9999.000,9999.000,9999.000,9999.000
202603131512,   2.564,   6.297,9999.000,9999.000,9999.000,9999.000,9999.000,9999.000,9999.000
202603131518,   2.451,   6.287,9999.000,9999.000,9999.000,9999.000,9999.000,9999.000,9999.000
202603131524,   2.343,   6.287,9999.000,9999.000,9999.000,9999.000,9999.000,9999.000,9999.000
202603131530,   2.240,   6.287,9999.000,9999.000,9999.000,9999.000,9999.000,9999.000,9999.000
202603131536,   2.142,   6.287,9999.000,9999.000,9999.000,9999.000,9999.000,9999.000,9999.000
202603131542,   2.050,   6.297,9999.000,9999.000,9999.000,9999.000,9999.000,9999.000,9999.000
202603131548,   1.963,   6.287,9999.000,9999.000,9999.000,9999.000,9999.000,9999.000,9999.000
202603131554,   1.882,   6.287,9999.000,9999.000,9999.000,9999.000,9999.000,9999.000,9999.000
202603131600,   1.807,   6.287,   0.000,   4.480,   6.287,   0.000,   6.287,   0.100,   6.387
202603131606,   1.736,   6.297,9999.000,9999.000,9999.000,9999.000,9999.000,9999.000,9999.000
202603131612,   1.672,   6.287,9999.000,9999.000,9999.000,9999.000,9999.000,9999.000,9999.000
202603131618,   1.613,   6.297,9999.000,9999.000,9999.000,9999.000,9999.000,9999.000,9999.000
202603131624,   1.559,   6.297,9999.000,9999.000,9999.000,9999.000,9999.000,9999.000,9999.000
202603131630,   1.510,   6.297,9999.000,9999.000,9999.000,9999.000,9999.000,9999.000,9999.000
202603131636,   1.466,   6.297,9999.000,9999.000,9999.000,9999.000,9999.000,9999.000,9999.000
202603131642,   1.428,   6.297,9999.000,9999.000,9999.000,9999.000,9999.000,9999.000,9999.000
202603131648,   1.393,   6.297,9999.000,9999.000,9999.000,9999.000,9999.000,9999.000,9999.000
202603131654,   1.364,   6.297,9999.000,9999.000,9999.000,9999.000,9999.000,9999.000,9999.000
202603131700,   1.339,   6.297,   0.100,   4.858,   6.297,   0.000,   6.197,   0.200,   6.397
202603131706,   1.318,   6.297,9999.000,9999.000,9999.000,9999.000,9999.000,9999.000,9999.000
202603131712,   1.301,   6.297,9999.000,9999.000,9999.000,9999.000,9999.000,9999.000,9999.000
202603131718,   1.289,   6.297,9999.000,9999.000,9999.000,9999.000,9999.000,9999.000,9999.000
202603131724,   1.280,   6.297,9999.000,9999.000,9999.000,9999.000,9999.000,9999.000,9999.000
202603131730,   1.276,   6.297,9999.000,9999.000,9999.000,9999.000,9999.000,9999.000,9999.000
202603131736,   1.275,   6.297,9999.000,9999.000,9999.000,9999.000,9999.000,9999.000,9999.000
202603131742,   1.279,   6.297,9999.000,9999.000,9999.000,9999.000,9999.000,9999.000,9999.000
202603131748,   1.286,   6.297,9999.000,9999.000,9999.000,9999.000,9999.000,9999.000,9999.000
202603131754,   1.298,   6.297,9999.000,9999.000,9999.000,9999.000,9999.000,9999.000,9999.000
202603131800,   1.314,   6.297,  -0.200,   5.183,   6.297,  -0.300,   6.197,   0.000,   6.497
202603131806,   1.334,   6.297,9999.000,9999.000,9999.000,9999.000,9999.000,9999.000,9999.000
202603131812,   1.359,   6.297,9999.000,9999.000,9999.000,9999.000,9999.000,9999.000,9999.000
202603131818,   1.389,   6.297,9999.000,9999.000,9999.000,9999.000,9999.000,9999.000,9999.000
202603131824,   1.424,   6.297,9999.000,9999.000,9999.000,9999.000,9999.000,9999.000,9999.000
202603131830,   1.464,   6.297,9999.000,9999.000,9999.000,9999.000,9999.000,9999.000,9999.000
202603131836,   1.510,   6.297,9999.000,9999.000,9999.000,9999.000,9999.000,9999.000,9999.000
202603131842,   1.562,   6.297,9999.000,9999.000,9999.000,9999.000,9999.000,9999.000,9999.000
202603131848,   1.620,   6.297,9999.000,9999.000,9999.000,9999.000,9999.000,9999.000,9999.000
202603131854,   1.684,   6.297,9999.000,9999.000,9999.000,9999.000,9999.000,9999.000,9999.000
202603131900,   1.754,   6.297,  -0.100,   4.643,   6.297,  -0.300,   6.097,   0.000,   6.397
202603131906,   1.831,   6.297,9999.000,9999.000,9999.000,9999.000,9999.000,9999.000,9999.000
202603131912,   1.914,   6.297,9999.000,9999.000,9999.000,9999.000,9999.000,9999.000,9999.000
202603131918,   2.004,   6.297,9999.000,9999.000,9999.000,9999.000,9999.000,9999.000,9999.000
202603131924,   2.101,   6.297,9999.000,9999.000,9999.000,9999.000,9999.000,9999.000,9999.000
202603131930,   2.205,   6.297,9999.000,9999.000,9999.000,9999.000,9999.000,9999.000,9999.000
202603131936,   2.314,   6.297,9999.000,9999.000,9999.000,9999.000,9999.000,9999.000,9999.000
202603131942,   2.430,   6.297,9999.000,9999.000,9999.000,9999.000,9999.000,9999.000,9999.000
202603131948,   2.552,   6.297,9999.000,9999.000,9999.000,9999.000,9999.000,9999.000,9999.000
202603131954,   2.679,   6.297,9999.000,9999.000,9999.000,9999.000,9999.000,9999.000,9999.000
202603132000,   2.811,   6.297,  -0.100,   3.586,   6.297,  -0.300,   6.097,   0.000,   6.397
202603132006,   2.948,   6.297,9999.000,9999.000,9999.000,9999.000,9999.000,9999.000,9999.000
202603132012,   3.088,   6.297,9999.000,9999.000,9999.000,9999.000,9999.000,9999.000,9999.000
202603132018,   3.232,   6.297,9999.000,9999.000,9999.000,9999.000,9999.000,9999.000,9999.000
202603132024,   3.378,   6.297,9999.000,9999.000,9999.000,9999.000,9999.000,9999.000,9999.000
202603132030,   3.526,   6.297,9999.000,9999.000,9999.000,9999.000,9999.000,9999.000,9999.000
202603132036,   3.675,   6.297,9999.000,9999.000,9999.000,9999.000,9999.000,9999.000,9999.000
202603132042,   3.824,   6.297,9999.000,9999.000,9999.000,9999.000,9999.000,9999.000,9999.000
202603132048,   3.972,   6.297,9999.000,9999.000,9999.000,9999.000,9999.000,9999.000,9999.000
202603132054,   4.119,   6.297,9999.000,9999.000,9999.000,9999.000,9999.000,9999.000,9999.000
202603132100,   4.264,   6.297,  -0.100,   2.133,   6.297,  -0.200,   6.197,   0.000,   6.397
202603132106,   4.406,   6.297,9999.000,9999.000,9999.000,9999.000,9999.000,9999.000,9999.000
202603132112,   4.544,   6.297,9999.000,9999.000,9999.000,9999.000,9999.000,9999.000,9999.000
202603132118,   4.679,   6.297,9999.000,9999.000,9999.000,9999.000,9999.000,9999.000,9999.000
202603132124,   4.808,   6.297,9999.000,9999.000,9999.000,9999.000,9999.000,9999.000,9999.000
202603132130,   4.932,   6.297,9999.000,9999.000,9999.000,9999.000,9999.000,9999.000,9999.000
202603132136,   5.051,   6.297,9999.000,9999.000,9999.000,9999.000,9999.000,9999.000,9999.000
202603132142,   5.163,   6.297,9999.000,9999.000,9999.000,9999.000,9999.000,9999.000,9999.000
202603132148,   5.269,   6.297,9999.000,9999.000,9999.000,9999.000,9999.000,9999.000,9999.000
202603132154,   5.369,   6.297,9999.000,9999.000,9999.000,9999.000,9999.000,9999.000,9999.000
202603132200,   5.462,   6.297,  -0.100,   0.935,   6.297,  -0.200,   6.197,   0.000,   6.397
202603132206,   5.548,   6.297,9999.000,9999.000,9999.000,9999.000,9999.000,9999.000,9999.000
202603132212,   5.627,   6.297,9999.000,9999.000,9999.000,9999.000,9999.000,9999.000,9999.000
202603132218,   5.700,   6.297,9999.000,9999.000,9999.000,9999.000,9999.000,9999.000,9999.000
202603132224,   5.766,   6.297,9999.000,9999.000,9999.000,9999.000,9999.000,9999.000,9999.000
202603132230,   5.826,   6.297,9999.000,9999.000,9999.000,9999.000,9999.000,9999.000,9999.000
202603132236,   5.880,   6.297,9999.000,9999.000,9999.000,9999.000,9999.000,9999.000,9999.000
202603132242,   5.928,   6.297,9999.000,9999.000,9999.000,9999.000,9999.000,9999.000,9999.000
202603132248,   5.971,   6.297,9999.000,9999.000,9999.000,9999.000,9999.000,9999.000,9999.000
202603132254,   6.008,   6.297,9999.000,9999.000,9999.000,9999.000,9999.000,9999.000,9999.000
202603132300,   6.040,   6.297,   0.000,   0.257,   6.297,  -0.100,   6.197,   0.000,   6.297
202603132306,   6.067,   6.297,9999.000,9999.000,9999.000,9999.000,9999.000,9999.000,9999.000
202603132312,   6.090,   6.297,9999.000,9999.000,9999.000,9999.000,9999.000,9999.000,9999.000
202603132318,   6.108,   6.297,9999.000,9999.000,9999.000,9999.000,9999.000,9999.000,9999.000
202603132324,   6.122,   6.297,9999.000,9999.000,9999.000,9999.000,9999.000,9999.000,9999.000
202603132330,   6.131,   6.297,9999.000,9999.000,9999.000,9999.000,9999.000,9999.000,9999.000
202603132336,   6.137,   6.297,9999.000,9999.000,9999.000,9999.000,9999.000,9999.000,9999.000
202603132342,   6.138,   6.297,9999.000,9999.000,9999.000,9999.000,9999.000,9999.000,9999.000
202603132348,   6.135,   6.297,9999.000,9999.000,9999.000,9999.000,9999.000,9999.000,9999.000
202603132354,   6.128,   6.297,9999.000,9999.000,9999.000,9999.000,9999.000,9999.000,9999.000
202603140000,   6.117,   6.297,   0.000,   0.180,   6.297,   0.000,   6.297,   0.000,   6.297
202603140006,   6.102,   6.297,9999.000,9999.000,9999.000,9999.000,9999.000,9999.000,9999.000
202603140012,   6.082,   6.297,9999.000,9999.000,9999.000,9999.000,9999.000,9999.000,9999.000
202603140018,   6.057,   6.297,9999.000,9999.000,9999.000,9999.000,9999.000,9999.000,9999.000
202603140024,   6.027,   6.297,9999.000,9999.000,9999.000,9999.000,9999.000,9999.000,9999.000
202603140030,   5.993,   6.297,9999.000,9999.000,9999.000,9999.000,9999.000,9999.000,9999.000
202603140036,   5.953,   6.297,9999.000,9999.000,9999.000,9999.000,9999.000,9999.000,9999.000
202603140042,   5.907,   6.297,9999.000,9999.000,9999.000,9999.000,9999.000,9999.000,9999.000
202603140048,   5.856,   6.297,9999.000,9999.000,9999.000,9999.000,9999.000,9999.000,9999.000
202603140054,   5.800,   6.297,9999.000,9999.000,9999.000,9999.000,9999.000,9999.000,9999.000
202603140100,   5.737,   6.297,   0.000,   0.560,   6.297,   0.000,   6.297,   0.000,   6.297
202603140106,   5.669,   6.297,9999.000,9999.000,9999.000,9999.000,9999.000,9999.000,9999.000
202603140112,   5.594,   6.297,9999.000,9999.000,9999.000,9999.000,9999.000,9999.000,9999.000
202603140118,   5.514,   6.307,9999.000,9999.000,9999.000,9999.000,9999.000,9999.000,9999.000
202603140124,   5.428,   6.307,9999.000,9999.000,9999.000,9999.000,9999.000,9999.000,9999.000
202603140130,   5.336,   6.317,9999.000,9999.000,9999.000,9999.000,9999.000,9999.000,9999.000
202603140136,   5.238,   6.317,9999.000,9999.000,9999.000,9999.000,9999.000,9999.000,9999.000
202603140142,   5.136,   6.327,9999.000,9999.000,9999.000,9999.000,9999.000,9999.000,9999.000
202603140148,   5.028,   6.336,9999.000,9999.000,9999.000,9999.000,9999.000,9999.000,9999.000
202603140154,   4.916,   6.346,9999.000,9999.000,9999.000,9999.000,9999.000,9999.000,9999.000
202603140200,   4.799,   6.346,   0.000,   1.547,   6.346,   0.000,   6.346,   0.100,   6.446
202603140206,   4.679,   6.359,9999.000,9999.000,9999.000,9999.000,9999.000,9999.000,9999.000
202603140212,   4.555,   6.359,9999.000,9999.000,9999.000,9999.000,9999.000,9999.000,9999.000
202603140218,   4.428,   6.359,9999.000,9999.000,9999.000,9999.000,9999.000,9999.000,9999.000
202603140224,   4.299,   6.359,9999.000,9999.000,9999.000,9999.000,9999.000,9999.000,9999.000
202603140230,   4.168,   6.359,9999.000,9999.000,9999.000,9999.000,9999.000,9999.000,9999.000
202603140236,   4.035,   6.359,9999.000,9999.000,9999.000,9999.000,9999.000,9999.000,9999.000
202603140242,   3.902,   6.346,9999.000,9999.000,9999.000,9999.000,9999.000,9999.000,9999.000
202603140248,   3.769,   6.346,9999.000,9999.000,9999.000,9999.000,9999.000,9999.000,9999.000
202603140254,   3.636,   6.346,9999.000,9999.000,9999.000,9999.000,9999.000,9999.000,9999.000
202603140300,   3.504,   6.346,   0.000,   2.842,   6.346,  -0.100,   6.246,   0.100,   6.446
202603140306,   3.373,   6.346,9999.000,9999.000,9999.000,9999.000,9999.000,9999.000,9999.000
202603140312,   3.245,   6.346,9999.000,9999.000,9999.000,9999.000,9999.000,9999.000,9999.000
202603140318,   3.118,   6.346,9999.000,9999.000,9999.000,9999.000,9999.000,9999.000,9999.000
202603140324,   2.995,   6.336,9999.000,9999.000,9999.000,9999.000,9999.000,9999.000,9999.000
202603140330,   2.875,   6.336,9999.000,9999.000,9999.000,9999.000,9999.000,9999.000,9999.000
202603140336,   2.759,   6.336,9999.000,9999.000,9999.000,9999.000,9999.000,9999.000,9999.000
202603140342,   2.646,   6.336,9999.000,9999.000,9999.000,9999.000,9999.000,9999.000,9999.000
202603140348,   2.539,   6.336,9999.000,9999.000,9999.000,9999.000,9999.000,9999.000,9999.000
202603140354,   2.435,   6.336,9999.000,9999.000,9999.000,9999.000,9999.000,9999.000,9999.000
202603140400,   2.337,   6.327,   0.000,   3.990,   6.327,  -0.100,   6.227,   0.100,   6.427
202603140406,   2.244,   6.327,9999.000,9999.000,9999.000,9999.000,9999.000,9999.000,9999.000
202603140412,   2.156,   6.327,9999.000,9999.000,9999.000,9999.000,9999.000,9999.000,9999.000
202603140418,   2.073,   6.327,9999.000,9999.000,9999.000,9999.000,9999.000,9999.000,9999.000
202603140424,   1.996,   6.327,9999.000,9999.000,9999.000,9999.000,9999.000,9999.000,9999.000
202603140430,   1.925,   6.327,9999.000,9999.000,9999.000,9999.000,9999.000,9999.000,9999.000
202603140436,   1.859,   6.317,9999.000,9999.000,9999.000,9999.000,9999.000,9999.000,9999.000
202603140442,   1.798,   6.327,9999.000,9999.000,9999.000,9999.000,9999.000,9999.000,9999.000
202603140448,   1.743,   6.317,9999.000,9999.000,9999.000,9999.000,9999.000,9999.000,9999.000
202603140454,   1.693,   6.317,9999.000,9999.000,9999.000,9999.000,9999.000,9999.000,9999.000
202603140500,   1.649,   6.317,   0.000,   4.668,   6.317,  -0.100,   6.217,   0.100,   6.417
202603140506,   1.609,   6.317,9999.000,9999.000,9999.000,9999.000,9999.000,9999.000,9999.000
202603140512,   1.575,   6.317,9999.000,9999.000,9999.000,9999.000,9999.000,9999.000,9999.000
202603140518,   1.546,   6.317,9999.000,9999.000,9999.000,9999.000,9999.000,9999.000,9999.000
202603140524,   1.522,   6.317,9999.000,9999.000,9999.000,9999.000,9999.000,9999.000,9999.000
202603140530,   1.503,   6.317,9999.000,9999.000,9999.000,9999.000,9999.000,9999.000,9999.000
202603140536,   1.488,   6.307,9999.000,9999.000,9999.000,9999.000,9999.000,9999.000,9999.000
202603140542,   1.478,   6.307,9999.000,9999.000,9999.000,9999.000,9999.000,9999.000,9999.000
202603140548,   1.472,   6.307,9999.000,9999.000,9999.000,9999.000,9999.000,9999.000,9999.000
202603140554,   1.472,   6.307,9999.000,9999.000,9999.000,9999.000,9999.000,9999.000,9999.000
202603140600,   1.475,   6.307,   0.300,   4.532,   6.307,   0.100,   6.107,   0.400,   6.407
202603140606,   1.484,   6.307,9999.000,9999.000,9999.000,9999.000,9999.000,9999.000,9999.000
202603140612,   1.497,   6.307,9999.000,9999.000,9999.000,9999.000,9999.000,9999.000,9999.000
202603140618,   1.515,   6.307,9999.000,9999.000,9999.000,9999.000,9999.000,9999.000,9999.000
202603140624,   1.538,   6.307,9999.000,9999.000,9999.000,9999.000,9999.000,9999.000,9999.000
202603140630,   1.566,   6.307,9999.000,9999.000,9999.000,9999.000,9999.000,9999.000,9999.000
202603140636,   1.600,   6.307,9999.000,9999.000,9999.000,9999.000,9999.000,9999.000,9999.000
202603140642,   1.639,   6.307,9999.000,9999.000,9999.000,9999.000,9999.000,9999.000,9999.000
202603140648,   1.683,   6.307,9999.000,9999.000,9999.000,9999.000,9999.000,9999.000,9999.000
202603140654,   1.734,   6.297,9999.000,9999.000,9999.000,9999.000,9999.000,9999.000,9999.000
202603140700,   1.791,   6.297,   0.300,   4.206,   6.297,   0.100,   6.097,   0.400,   6.397
202603140706,   1.854,   6.297,9999.000,9999.000,9999.000,9999.000,9999.000,9999.000,9999.000
202603140712,   1.924,   6.297,9999.000,9999.000,9999.000,9999.000,9999.000,9999.000,9999.000
202603140718,   2.000,   6.297,9999.000,9999.000,9999.000,9999.000,9999.000,9999.000,9999.000
202603140724,   2.083,   6.297,9999.000,9999.000,9999.000,9999.000,9999.000,9999.000,9999.000
202603140730,   2.174,   6.297,9999.000,9999.000,9999.000,9999.000,9999.000,9999.000,9999.000
202603140736,   2.271,   6.297,9999.000,9999.000,9999.000,9999.000,9999.000,9999.000,9999.000
202603140742,   2.376,   6.297,9999.000,9999.000,9999.000,9999.000,9999.000,9999.000,9999.000
202603140748,   2.488,   6.297,9999.000,9999.000,9999.000,9999.000,9999.000,9999.000,9999.000
202603140754,   2.606,   6.297,9999.000,9999.000,9999.000,9999.000,9999.000,9999.000,9999.000
202603140800,   2.731,   6.297,   0.300,   3.266,   6.297,   0.100,   6.097,   0.400,   6.397
202603140806,   2.863,   6.297,9999.000,9999.000,9999.000,9999.000,9999.000,9999.000,9999.000
202603140812,   3.000,   6.297,9999.000,9999.000,9999.000,9999.000,9999.000,9999.000,9999.000
202603140818,   3.143,   6.297,9999.000,9999.000,9999.000,9999.000,9999.000,9999.000,9999.000
202603140824,   3.291,   6.297,9999.000,9999.000,9999.000,9999.000,9999.000,9999.000,9999.000
202603140830,   3.444,   6.297,9999.000,9999.000,9999.000,9999.000,9999.000,9999.000,9999.000
202603140836,   3.601,   6.297,9999.000,9999.000,9999.000,9999.000,9999.000,9999.000,9999.000
202603140842,   3.760,   6.297,9999.000,9999.000,9999.000,9999.000,9999.000,9999.000,9999.000
202603140848,   3.922,   6.297,9999.000,9999.000,9999.000,9999.000,9999.000,9999.000,9999.000
202603140854,   4.086,   6.297,9999.000,9999.000,9999.000,9999.000,9999.000,9999.000,9999.000
202603140900,   4.250,   6.297,   0.200,   1.847,   6.297,   0.100,   6.197,   0.300,   6.397
202603140906,   4.414,   6.297,9999.000,9999.000,9999.000,9999.000,9999.000,9999.000,9999.000
202603140912,   4.577,   6.287,9999.000,9999.000,9999.000,9999.000,9999.000,9999.000,9999.000
202603140918,   4.739,   6.287,9999.000,9999.000,9999.000,9999.000,9999.000,9999.000,9999.000
202603140924,   4.898,   6.287,9999.000,9999.000,9999.000,9999.000,9999.000,9999.000,9999.000
202603140930,   5.053,   6.287,9999.000,9999.000,9999.000,9999.000,9999.000,9999.000,9999.000
202603140936,   5.204,   6.287,9999.000,9999.000,9999.000,9999.000,9999.000,9999.000,9999.000
202603140942,   5.351,   6.287,9999.000,9999.000,9999.000,9999.000,9999.000,9999.000,9999.000
202603140948,   5.492,   6.287,9999.000,9999.000,9999.000,9999.000,9999.000,9999.000,9999.000
202603140954,   5.626,   6.287,9999.000,9999.000,9999.000,9999.000,9999.000,9999.000,9999.000
202603141000,   5.755,   6.287,   0.200,   0.332,   6.287,   0.100,   6.187,   0.300,   6.387
202603141006,   5.876,   6.287,9999.000,9999.000,9999.000,9999.000,9999.000,9999.000,9999.000
202603141012,   5.990,   6.287,9999.000,9999.000,9999.000,9999.000,9999.000,9999.000,9999.000
202603141018,   6.096,   6.287,9999.000,9999.000,9999.000,9999.000,9999.000,9999.000,9999.000
202603141024,   6.195,   6.287,9999.000,9999.000,9999.000,9999.000,9999.000,9999.000,9999.000
202603141030,   6.286,   6.287,9999.000,9999.000,9999.000,9999.000,9999.000,9999.000,9999.000
202603141036,   6.369,   6.287,9999.000,9999.000,9999.000,9999.000,9999.000,9999.000,9999.000
202603141042,   6.445,   6.287,9999.000,9999.000,9999.000,9999.000,9999.000,9999.000,9999.000
202603141048,   6.512,   6.287,9999.000,9999.000,9999.000,9999.000,9999.000,9999.000,9999.000
202603141054,   6.573,   6.287,9999.000,9999.000,9999.000,9999.000,9999.000,9999.000,9999.000
202603141100,   6.626,   6.287,   0.200,  -0.539,   6.287,   0.100,   6.187,   0.300,   6.387
202603141106,   6.672,   6.287,9999.000,9999.000,9999.000,9999.000,9999.000,9999.000,9999.000
202603141112,   6.712,   6.287,9999.000,9999.000,9999.000,9999.000,9999.000,9999.000,9999.000
202603141118,   6.745,   6.287,9999.000,9999.000,9999.000,9999.000,9999.000,9999.000,9999.000
202603141124,   6.771,   6.287,9999.000,9999.000,9999.000,9999.000,9999.000,9999.000,9999.000
202603141130,   6.792,   6.287,9999.000,9999.000,9999.000,9999.000,9999.000,9999.000,9999.000
202603141136,   6.808,   6.287,9999.000,9999.000,9999.000,9999.000,9999.000,9999.000,9999.000
202603141142,   6.817,   6.287,9999.000,9999.000,9999.000,9999.000,9999.000,9999.000,9999.000
202603141148,   6.822,   6.287,9999.000,9999.000,9999.000,9999.000,9999.000,9999.000,9999.000
202603141154,   6.821,   6.287,9999.000,9999.000,9999.000,9999.000,9999.000,9999.000,9999.000
202603141200,   6.816,   6.287,   0.300,  -0.829,   6.287,   0.200,   6.187,   0.500,   6.487
202603141206,   6.805,   6.287,9999.000,9999.000,9999.000,9999.000,9999.000,9999.000,9999.000
202603141212,   6.790,   6.287,9999.000,9999.000,9999.000,9999.000,9999.000,9999.000,9999.000
202603141218,   6.770,   6.297,9999.000,9999.000,9999.000,9999.000,9999.000,9999.000,9999.000
202603141224,   6.745,   6.297,9999.000,9999.000,9999.000,9999.000,9999.000,9999.000,9999.000
202603141230,   6.715,   6.307,9999.000,9999.000,9999.000,9999.000,9999.000,9999.000,9999.000
202603141236,   6.679,   6.317,9999.000,9999.000,9999.000,9999.000,9999.000,9999.000,9999.000
202603141242,   6.639,   6.336,9999.000,9999.000,9999.000,9999.000,9999.000,9999.000,9999.000
202603141248,   6.594,   6.359,9999.000,9999.000,9999.000,9999.000,9999.000,9999.000,9999.000
202603141254,   6.542,   6.389,9999.000,9999.000,9999.000,9999.000,9999.000,9999.000,9999.000
202603141300,   6.486,   6.409,   0.300,  -0.377,   6.409,   0.200,   6.309,   0.500,   6.609
202603141306,   6.423,   6.438,9999.000,9999.000,9999.000,9999.000,9999.000,9999.000,9999.000
202603141312,   6.355,   6.468,9999.000,9999.000,9999.000,9999.000,9999.000,9999.000,9999.000
202603141318,   6.281,   6.477,9999.000,9999.000,9999.000,9999.000,9999.000,9999.000,9999.000
202603141324,   6.200,   6.487,9999.000,9999.000,9999.000,9999.000,9999.000,9999.000,9999.000
202603141330,   6.114,   6.487,9999.000,9999.000,9999.000,9999.000,9999.000,9999.000,9999.000
202603141336,   6.022,   6.487,9999.000,9999.000,9999.000,9999.000,9999.000,9999.000,9999.000
202603141342,   5.923,   6.487,9999.000,9999.000,9999.000,9999.000,9999.000,9999.000,9999.000
202603141348,   5.819,   6.477,9999.000,9999.000,9999.000,9999.000,9999.000,9999.000,9999.000
202603141354,   5.709,   6.468,9999.000,9999.000,9999.000,9999.000,9999.000,9999.000,9999.000
202603141400,   5.594,   6.458,   0.300,   0.564,   6.458,   0.200,   6.358,   0.400,   6.558
202603141406,   5.473,   6.458,9999.000,9999.000,9999.000,9999.000,9999.000,9999.000,9999.000
202603141412,   5.347,   6.448,9999.000,9999.000,9999.000,9999.000,9999.000,9999.000,9999.000
202603141418,   5.217,   6.448,9999.000,9999.000,9999.000,9999.000,9999.000,9999.000,9999.000
202603141424,   5.082,   6.438,9999.000,9999.000,9999.000,9999.000,9999.000,9999.000,9999.000
202603141430,   4.943,   6.438,9999.000,9999.000,9999.000,9999.000,9999.000,9999.000,9999.000
202603141436,   4.802,   6.428,9999.000,9999.000,9999.000,9999.000,9999.000,9999.000,9999.000
202603141442,   4.657,   6.428,9999.000,9999.000,9999.000,9999.000,9999.000,9999.000,9999.000
202603141448,   4.510,   6.418,9999.000,9999.000,9999.000,9999.000,9999.000,9999.000,9999.000
202603141454,   4.361,   6.418,9999.000,9999.000,9999.000,9999.000,9999.000,9999.000,9999.000
202603141500,   4.211,   6.409,   0.100,   2.098,   6.409,   0.000,   6.309,   0.300,   6.609
202603141506,   4.060,   6.409,9999.000,9999.000,9999.000,9999.000,9999.000,9999.000,9999.000
202603141512,   3.909,   6.399,9999.000,9999.000,9999.000,9999.000,9999.000,9999.000,9999.000
202603141518,   3.758,   6.399,9999.000,9999.000,9999.000,9999.000,9999.000,9999.000,9999.000
202603141524,   3.609,   6.389,9999.000,9999.000,9999.000,9999.000,9999.000,9999.000,9999.000
202603141530,   3.461,   6.389,9999.000,9999.000,9999.000,9999.000,9999.000,9999.000,9999.000
202603141536,   3.314,   6.379,9999.000,9999.000,9999.000,9999.000,9999.000,9999.000,9999.000
202603141542,   3.171,   6.379,9999.000,9999.000,9999.000,9999.000,9999.000,9999.000,9999.000
202603141548,   3.030,   6.379,9999.000,9999.000,9999.000,9999.000,9999.000,9999.000,9999.000
202603141554,   2.892,   6.369,9999.000,9999.000,9999.000,9999.000,9999.000,9999.000,9999.000
202603141600,   2.759,   6.369,   0.100,   3.510,   6.369,   0.000,   6.269,   0.200,   6.469
202603141606,   2.629,   6.369,9999.000,9999.000,9999.000,9999.000,9999.000,9999.000,9999.000
202603141612,   2.504,   6.369,9999.000,9999.000,9999.000,9999.000,9999.000,9999.000,9999.000
202603141618,   2.383,   6.359,9999.000,9999.000,9999.000,9999.000,9999.000,9999.000,9999.000
202603141624,   2.267,   6.359,9999.000,9999.000,9999.000,9999.000,9999.000,9999.000,9999.000
202603141630,   2.156,   6.359,9999.000,9999.000,9999.000,9999.000,9999.000,9999.000,9999.000
202603141636,   2.050,   6.359,9999.000,9999.000,9999.000,9999.000,9999.000,9999.000,9999.000
202603141642,   1.950,   6.346,9999.000,9999.000,9999.000,9999.000,9999.000,9999.000,9999.000
202603141648,   1.855,   6.346,9999.000,9999.000,9999.000,9999.000,9999.000,9999.000,9999.000
202603141654,   1.766,   6.346,9999.000,9999.000,9999.000,9999.000,9999.000,9999.000,9999.000
202603141700,   1.682,   6.346,   0.000,   4.664,   6.346,  -0.100,   6.246,   0.100,   6.446
202603141706,   1.603,   6.346,9999.000,9999.000,9999.000,9999.000,9999.000,9999.000,9999.000
202603141712,   1.530,   6.346,9999.000,9999.000,9999.000,9999.000,9999.000,9999.000,9999.000
202603141718,   1.462,   6.336,9999.000,9999.000,9999.000,9999.000,9999.000,9999.000,9999.000
202603141724,   1.399,   6.336,9999.000,9999.000,9999.000,9999.000,9999.000,9999.000,9999.000
202603141730,   1.341,   6.336,9999.000,9999.000,9999.000,9999.000,9999.000,9999.000,9999.000
202603141736,   1.289,   6.327,9999.000,9999.000,9999.000,9999.000,9999.000,9999.000,9999.000
202603141742,   1.241,   6.327,9999.000,9999.000,9999.000,9999.000,9999.000,9999.000,9999.000
202603141748,   1.198,   6.327,9999.000,9999.000,9999.000,9999.000,9999.000,9999.000,9999.000
202603141754,   1.160,   6.327,9999.000,9999.000,9999.000,9999.000,9999.000,9999.000,9999.000
202603141800,   1.127,   6.327,   0.100,   5.100,   6.327,   0.000,   6.227,   0.200,   6.427
202603141806,   1.098,   6.327,9999.000,9999.000,9999.000,9999.000,9999.000,9999.000,9999.000
202603141812,   1.074,   6.327,9999.000,9999.000,9999.000,9999.000,9999.000,9999.000,9999.000
202603141818,   1.055,   6.327,9999.000,9999.000,9999.000,9999.000,9999.000,9999.000,9999.000
202603141824,   1.040,   6.327,9999.000,9999.000,9999.000,9999.000,9999.000,9999.000,9999.000
202603141830,   1.030,   6.317,9999.000,9999.000,9999.000,9999.000,9999.000,9999.000,9999.000
202603141836,   1.024,   6.317,9999.000,9999.000,9999.000,9999.000,9999.000,9999.000,9999.000
202603141842,   1.024,   6.317,9999.000,9999.000,9999.000,9999.000,9999.000,9999.000,9999.000
202603141848,   1.029,   6.317,9999.000,9999.000,9999.000,9999.000,9999.000,9999.000,9999.000
202603141854,   1.039,   6.317,9999.000,9999.000,9999.000,9999.000,9999.000,9999.000,9999.000
202603141900,   1.055,   6.317,   0.000,   5.262,   6.317,  -0.100,   6.217,   0.100,   6.417
202603141906,   1.076,   6.317,9999.000,9999.000,9999.000,9999.000,9999.000,9999.000,9999.000
202603141912,   1.104,   6.317,9999.000,9999.000,9999.000,9999.000,9999.000,9999.000,9999.000
202603141918,   1.137,   6.317,9999.000,9999.000,9999.000,9999.000,9999.000,9999.000,9999.000
202603141924,   1.177,   6.307,9999.000,9999.000,9999.000,9999.000,9999.000,9999.000,9999.000
202603141930,   1.224,   6.307,9999.000,9999.000,9999.000,9999.000,9999.000,9999.000,9999.000
202603141936,   1.278,   6.307,9999.000,9999.000,9999.000,9999.000,9999.000,9999.000,9999.000
202603141942,   1.340,   6.307,9999.000,9999.000,9999.000,9999.000,9999.000,9999.000,9999.000
202603141948,   1.409,   6.307,9999.000,9999.000,9999.000,9999.000,9999.000,9999.000,9999.000
202603141954,   1.485,   6.307,9999.000,9999.000,9999.000,9999.000,9999.000,9999.000,9999.000
202603142000,   1.569,   6.307,  -0.200,   4.938,   6.307,  -0.300,   6.207,   0.000,   6.507
202603142006,   1.661,   6.307,9999.000,9999.000,9999.000,9999.000,9999.000,9999.000,9999.000
202603142012,   1.761,   6.307,9999.000,9999.000,9999.000,9999.000,9999.000,9999.000,9999.000
202603142018,   1.869,   6.307,9999.000,9999.000,9999.000,9999.000,9999.000,9999.000,9999.000
202603142024,   1.984,   6.297,9999.000,9999.000,9999.000,9999.000,9999.000,9999.000,9999.000
202603142030,   2.106,   6.307,9999.000,9999.000,9999.000,9999.000,9999.000,9999.000,9999.000
202603142036,   2.235,   6.307,9999.000,9999.000,9999.000,9999.000,9999.000,9999.000,9999.000
202603142042,   2.371,   6.297,9999.000,9999.000,9999.000,9999.000,9999.000,9999.000,9999.000
202603142048,   2.514,   6.297,9999.000,9999.000,9999.000,9999.000,9999.000,9999.000,9999.000
202603142054,   2.661,   6.297,9999.000,9999.000,9999.000,9999.000,9999.000,9999.000,9999.000
202603142100,   2.814,   6.297,  -0.400,   3.883,   6.297,  -0.500,   6.197,  -0.200,   6.497
202603142106,   2.971,   6.297,9999.000,9999.000,9999.000,9999.000,9999.000,9999.000,9999.000
202603142112,   3.132,   6.297,9999.000,9999.000,9999.000,9999.000,9999.000,9999.000,9999.000
202603142118,   3.296,   6.297,9999.000,9999.000,9999.000,9999.000,9999.000,9999.000,9999.000
202603142124,   3.461,   6.297,9999.000,9999.000,9999.000,9999.000,9999.000,9999.000,9999.000
202603142130,   3.628,   6.297,9999.000,9999.000,9999.000,9999.000,9999.000,9999.000,9999.000
202603142136,   3.795,   6.297,9999.000,9999.000,9999.000,9999.000,9999.000,9999.000,9999.000
202603142142,   3.961,   6.297,9999.000,9999.000,9999.000,9999.000,9999.000,9999.000,9999.000
202603142148,   4.127,   6.297,9999.000,9999.000,9999.000,9999.000,9999.000,9999.000,9999.000
202603142154,   4.290,   6.297,9999.000,9999.000,9999.000,9999.000,9999.000,9999.000,9999.000
202603142200,   4.450,   6.297,  -0.500,   2.347,   6.297,  -0.700,   6.097,  -0.400,   6.397
202603142206,   4.606,   6.287,9999.000,9999.000,9999.000,9999.000,9999.000,9999.000,9999.000
202603142212,   4.758,   6.287,9999.000,9999.000,9999.000,9999.000,9999.000,9999.000,9999.000
202603142218,   4.905,   6.287,9999.000,9999.000,9999.000,9999.000,9999.000,9999.000,9999.000
202603142224,   5.047,   6.287,9999.000,9999.000,9999.000,9999.000,9999.000,9999.000,9999.000
202603142230,   5.182,   6.287,9999.000,9999.000,9999.000,9999.000,9999.000,9999.000,9999.000
202603142236,   5.312,   6.287,9999.000,9999.000,9999.000,9999.000,9999.000,9999.000,9999.000
202603142242,   5.435,   6.287,9999.000,9999.000,9999.000,9999.000,9999.000,9999.000,9999.000
202603142248,   5.551,   6.287,9999.000,9999.000,9999.000,9999.000,9999.000,9999.000,9999.000
202603142254,   5.660,   6.287,9999.000,9999.000,9999.000,9999.000,9999.000,9999.000,9999.000
202603142300,   5.762,   6.287,  -0.700,   1.225,   6.287,  -0.800,   6.187,  -0.500,   6.487
202603142306,   5.857,   6.287,9999.000,9999.000,9999.000,9999.000,9999.000,9999.000,9999.000
202603142312,   5.945,   6.287,9999.000,9999.000,9999.000,9999.000,9999.000,9999.000,9999.000
202603142318,   6.026,   6.287,9999.000,9999.000,9999.000,9999.000,9999.000,9999.000,9999.000
202603142324,   6.100,   6.287,9999.000,9999.000,9999.000,9999.000,9999.000,9999.000,9999.000
202603142330,   6.168,   6.287,9999.000,9999.000,9999.000,9999.000,9999.000,9999.000,9999.000
202603142336,   6.230,   6.287,9999.000,9999.000,9999.000,9999.000,9999.000,9999.000,9999.000
202603142342,   6.285,   6.287,9999.000,9999.000,9999.000,9999.000,9999.000,9999.000,9999.000
202603142348,   6.335,   6.287,9999.000,9999.000,9999.000,9999.000,9999.000,9999.000,9999.000
202603142354,   6.379,   6.287,9999.000,9999.000,9999.000,9999.000,9999.000,9999.000,9999.000
202603150000,   6.417,   6.277,  -0.500,   0.682,   6.599,  -0.800,   6.299,  -0.200,   6.899
202603150006,   6.450,   6.277,9999.000,9999.000,9999.000,9999.000,9999.000,9999.000,9999.000
202603150012,   6.478,   6.277,9999.000,9999.000,9999.000,9999.000,9999.000,9999.000,9999.000
202603150018,   6.501,   6.277,9999.000,9999.000,9999.000,9999.000,9999.000,9999.000,9999.000
202603150024,   6.519,   6.277,9999.000,9999.000,9999.000,9999.000,9999.000,9999.000,9999.000
202603150030,   6.532,   6.277,9999.000,9999.000,9999.000,9999.000,9999.000,9999.000,9999.000
202603150036,   6.539,   6.277,9999.000,9999.000,9999.000,9999.000,9999.000,9999.000,9999.000
202603150042,   6.542,   6.277,9999.000,9999.000,9999.000,9999.000,9999.000,9999.000,9999.000
202603150048,   6.540,   6.277,9999.000,9999.000,9999.000,9999.000,9999.000,9999.000,9999.000
202603150054,   6.532,   6.277,9999.000,9999.000,9999.000,9999.000,9999.000,9999.000,9999.000
202603150100,   6.519,   6.277,  -0.600,   1.334,   7.253,  -0.800,   7.053,  -0.300,   7.553
202603150106,   6.500,   6.277,9999.000,9999.000,9999.000,9999.000,9999.000,9999.000,9999.000
202603150112,   6.476,   6.277,9999.000,9999.000,9999.000,9999.000,9999.000,9999.000,9999.000
202603150118,   6.445,   6.277,9999.000,9999.000,9999.000,9999.000,9999.000,9999.000,9999.000
202603150124,   6.408,   6.277,9999.000,9999.000,9999.000,9999.000,9999.000,9999.000,9999.000
202603150130,   6.366,   6.277,9999.000,9999.000,9999.000,9999.000,9999.000,9999.000,9999.000
202603150136,   6.316,   6.277,9999.000,9999.000,9999.000,9999.000,9999.000,9999.000,9999.000
202603150142,   6.260,   6.277,9999.000,9999.000,9999.000,9999.000,9999.000,9999.000,9999.000
202603150148,   6.197,   6.277,9999.000,9999.000,9999.000,9999.000,9999.000,9999.000,9999.000
202603150154,   6.128,   6.277,9999.000,9999.000,9999.000,9999.000,9999.000,9999.000,9999.000
202603150200,   6.051,   6.277,  -0.600,   2.026,   7.477,  -0.800,   7.277,  -0.300,   7.777
202603150206,   5.968,   6.277,9999.000,9999.000,9999.000,9999.000,9999.000,9999.000,9999.000
202603150212,   5.878,   6.277,9999.000,9999.000,9999.000,9999.000,9999.000,9999.000,9999.000
202603150218,   5.781,   6.277,9999.000,9999.000,9999.000,9999.000,9999.000,9999.000,9999.000
202603150224,   5.678,   6.277,9999.000,9999.000,9999.000,9999.000,9999.000,9999.000,9999.000
202603150230,   5.569,   6.277,9999.000,9999.000,9999.000,9999.000,9999.000,9999.000,9999.000
202603150236,   5.453,   6.277,9999.000,9999.000,9999.000,9999.000,9999.000,9999.000,9999.000
202603150242,   5.333,   6.277,9999.000,9999.000,9999.000,9999.000,9999.000,9999.000,9999.000
202603150248,   5.206,   6.277,9999.000,9999.000,9999.000,9999.000,9999.000,9999.000,9999.000
202603150254,   5.075,   6.277,9999.000,9999.000,9999.000,9999.000,9999.000,9999.000,9999.000
202603150300,   4.940,   6.277,  -0.500,   2.731,   7.171,  -0.700,   6.971,  -0.400,   7.271
202603150306,   4.801,   6.277,9999.000,9999.000,9999.000,9999.000,9999.000,9999.000,9999.000
202603150312,   4.658,   6.277,9999.000,9999.000,9999.000,9999.000,9999.000,9999.000,9999.000
202603150318,   4.513,   6.277,9999.000,9999.000,9999.000,9999.000,9999.000,9999.000,9999.000
202603150324,   4.366,   6.277,9999.000,9999.000,9999.000,9999.000,9999.000,9999.000,9999.000
202603150330,   4.217,   6.277,9999.000,9999.000,9999.000,9999.000,9999.000,9999.000,9999.000
202603150336,   4.067,   6.277,9999.000,9999.000,9999.000,9999.000,9999.000,9999.000,9999.000
202603150342,   3.916,   6.277,9999.000,9999.000,9999.000,9999.000,9999.000,9999.000,9999.000
202603150348,   3.765,   6.277,9999.000,9999.000,9999.000,9999.000,9999.000,9999.000,9999.000
202603150354,   3.616,   6.277,9999.000,9999.000,9999.000,9999.000,9999.000,9999.000,9999.000
202603150400,   3.467,   6.277,  -0.500,   3.474,   6.441,  -0.700,   6.241,  -0.400,   6.541
202603150406,   3.320,   6.277,9999.000,9999.000,9999.000,9999.000,9999.000,9999.000,9999.000
202603150412,   3.176,   6.277,9999.000,9999.000,9999.000,9999.000,9999.000,9999.000,9999.000
202603150418,   3.034,   6.277,9999.000,9999.000,9999.000,9999.000,9999.000,9999.000,9999.000
202603150424,   2.895,   6.277,9999.000,9999.000,9999.000,9999.000,9999.000,9999.000,9999.000
202603150430,   2.760,   6.277,9999.000,9999.000,9999.000,9999.000,9999.000,9999.000,9999.000
202603150436,   2.629,   6.277,9999.000,9999.000,9999.000,9999.000,9999.000,9999.000,9999.000
202603150442,   2.502,   6.277,9999.000,9999.000,9999.000,9999.000,9999.000,9999.000,9999.000
202603150448,   2.380,   6.277,9999.000,9999.000,9999.000,9999.000,9999.000,9999.000,9999.000
202603150454,   2.263,   6.277,9999.000,9999.000,9999.000,9999.000,9999.000,9999.000,9999.000
202603150500,   2.150,   6.277,  -0.500,   3.769,   5.419,  -0.600,   5.319,  -0.400,   5.519
202603150506,   2.043,   6.277,9999.000,9999.000,9999.000,9999.000,9999.000,9999.000,9999.000
202603150512,   1.941,   6.277,9999.000,9999.000,9999.000,9999.000,9999.000,9999.000,9999.000
202603150518,   1.845,   6.277,9999.000,9999.000,9999.000,9999.000,9999.000,9999.000,9999.000
202603150524,   1.754,   6.277,9999.000,9999.000,9999.000,9999.000,9999.000,9999.000,9999.000
202603150530,   1.669,   6.277,9999.000,9999.000,9999.000,9999.000,9999.000,9999.000,9999.000
202603150536,   1.589,   6.277,9999.000,9999.000,9999.000,9999.000,9999.000,9999.000,9999.000
202603150542,   1.515,   6.277,9999.000,9999.000,9999.000,9999.000,9999.000,9999.000,9999.000
202603150548,   1.447,9999.000,9999.000,9999.000,9999.000,9999.000,9999.000,9999.000,9999.000
202603150554,   1.384,9999.000,9999.000,9999.000,9999.000,9999.000,9999.000,9999.000,9999.000
202603150600,   1.327,9999.000,  -0.500,   3.381,   4.208,  -0.600,   4.108,  -0.400,   4.308
202603150606,   1.275,9999.000,9999.000,9999.000,9999.000,9999.000,9999.000,9999.000,9999.000
202603150612,   1.228,9999.000,9999.000,9999.000,9999.000,9999.000,9999.000,9999.000,9999.000
202603150618,   1.187,9999.000,9999.000,9999.000,9999.000,9999.000,9999.000,9999.000,9999.000
202603150624,   1.152,9999.000,9999.000,9999.000,9999.000,9999.000,9999.000,9999.000,9999.000
202603150630,   1.121,9999.000,9999.000,9999.000,9999.000,9999.000,9999.000,9999.000,9999.000
202603150636,   1.096,9999.000,9999.000,9999.000,9999.000,9999.000,9999.000,9999.000,9999.000
202603150642,   1.077,9999.000,9999.000,9999.000,9999.000,9999.000,9999.000,9999.000,9999.000
202603150648,   1.062,9999.000,9999.000,9999.000,9999.000,9999.000,9999.000,9999.000,9999.000
202603150654,   1.054,9999.000,9999.000,9999.000,9999.000,9999.000,9999.000,9999.000,9999.000
202603150700,   1.050,9999.000,  -0.500,   2.933,   3.483,  -0.600,   3.383,  -0.300,   3.683
202603150706,   1.053,9999.000,9999.000,9999.000,9999.000,9999.000,9999.000,9999.000,9999.000
202603150712,   1.062,9999.000,9999.000,9999.000,9999.000,9999.000,9999.000,9999.000,9999.000
202603150718,   1.076,9999.000,9999.000,9999.000,9999.000,9999.000,9999.000,9999.000,9999.000
202603150724,   1.097,9999.000,9999.000,9999.000,9999.000,9999.000,9999.000,9999.000,9999.000
202603150730,   1.125,9999.000,9999.000,9999.000,9999.000,9999.000,9999.000,9999.000,9999.000
202603150736,   1.159,9999.000,9999.000,9999.000,9999.000,9999.000,9999.000,9999.000,9999.000
202603150742,   1.201,9999.000,9999.000,9999.000,9999.000,9999.000,9999.000,9999.000,9999.000
202603150748,   1.250,9999.000,9999.000,9999.000,9999.000,9999.000,9999.000,9999.000,9999.000
202603150754,   1.306,9999.000,9999.000,9999.000,9999.000,9999.000,9999.000,9999.000,9999.000
202603150800,   1.370,9999.000,  -0.400,   2.907,   3.877,  -0.600,   3.677,  -0.300,   3.977
202603150806,   1.443,9999.000,9999.000,9999.000,9999.000,9999.000,9999.000,9999.000,9999.000
202603150812,   1.523,9999.000,9999.000,9999.000,9999.000,9999.000,9999.000,9999.000,9999.000
202603150818,   1.612,9999.000,9999.000,9999.000,9999.000,9999.000,9999.000,9999.000,9999.000
202603150824,   1.709,9999.000,9999.000,9999.000,9999.000,9999.000,9999.000,9999.000,9999.000
202603150830,   1.815,9999.000,9999.000,9999.000,9999.000,9999.000,9999.000,9999.000,9999.000
202603150836,   1.929,9999.000,9999.000,9999.000,9999.000,9999.000,9999.000,9999.000,9999.000
202603150842,   2.051,9999.000,9999.000,9999.000,9999.000,9999.000,9999.000,9999.000,9999.000
202603150848,   2.181,9999.000,9999.000,9999.000,9999.000,9999.000,9999.000,9999.000,9999.000
202603150854,   2.319,9999.000,9999.000,9999.000,9999.000,9999.000,9999.000,9999.000,9999.000
202603150900,   2.465,9999.000,  -0.400,   2.717,   4.782,  -0.500,   4.682,  -0.300,   4.882
202603150906,   2.618,9999.000,9999.000,9999.000,9999.000,9999.000,9999.000,9999.000,9999.000
202603150912,   2.777,9999.000,9999.000,9999.000,9999.000,9999.000,9999.000,9999.000,9999.000
202603150918,   2.942,9999.000,9999.000,9999.000,9999.000,9999.000,9999.000,9999.000,9999.000
202603150924,   3.112,9999.000,9999.000,9999.000,9999.000,9999.000,9999.000,9999.000,9999.000
202603150930,   3.287,9999.000,9999.000,9999.000,9999.000,9999.000,9999.000,9999.000,9999.000
202603150936,   3.465,9999.000,9999.000,9999.000,9999.000,9999.000,9999.000,9999.000,9999.000
202603150942,   3.647,9999.000,9999.000,9999.000,9999.000,9999.000,9999.000,9999.000,9999.000
202603150948,   3.830,9999.000,9999.000,9999.000,9999.000,9999.000,9999.000,9999.000,9999.000
202603150954,   4.014,9999.000,9999.000,9999.000,9999.000,9999.000,9999.000,9999.000,9999.000
202603151000,   4.199,9999.000,  -0.300,   1.739,   5.638,  -0.400,   5.538,  -0.200,   5.738
202603151006,   4.383,9999.000,9999.000,9999.000,9999.000,9999.000,9999.000,9999.000,9999.000
202603151012,   4.565,9999.000,9999.000,9999.000,9999.000,9999.000,9999.000,9999.000,9999.000
202603151018,   4.745,9999.000,9999.000,9999.000,9999.000,9999.000,9999.000,9999.000,9999.000
202603151024,   4.921,9999.000,9999.000,9999.000,9999.000,9999.000,9999.000,9999.000,9999.000
202603151030,   5.094,9999.000,9999.000,9999.000,9999.000,9999.000,9999.000,9999.000,9999.000
202603151036,   5.261,9999.000,9999.000,9999.000,9999.000,9999.000,9999.000,9999.000,9999.000
202603151042,   5.423,9999.000,9999.000,9999.000,9999.000,9999.000,9999.000,9999.000,9999.000
202603151048,   5.579,9999.000,9999.000,9999.000,9999.000,9999.000,9999.000,9999.000,9999.000
202603151054,   5.728,9999.000,9999.000,9999.000,9999.000,9999.000,9999.000,9999.000,9999.000
202603151100,   5.869,9999.000,  -0.200,   0.566,   6.235,  -0.300,   6.135,  -0.100,   6.335
202603151106,   6.004,9999.000,9999.000,9999.000,9999.000,9999.000,9999.000,9999.000,9999.000
202603151112,   6.130,9999.000,9999.000,9999.000,9999.000,9999.000,9999.000,9999.000,9999.000
202603151118,   6.249,9999.000,9999.000,9999.000,9999.000,9999.000,9999.000,9999.000,9999.000
202603151124,   6.360,9999.000,9999.000,9999.000,9999.000,9999.000,9999.000,9999.000,9999.000
202603151130,   6.462,9999.000,9999.000,9999.000,9999.000,9999.000,9999.000,9999.000,9999.000
202603151136,   6.557,9999.000,9999.000,9999.000,9999.000,9999.000,9999.000,9999.000,9999.000
202603151142,   6.643,9999.000,9999.000,9999.000,9999.000,9999.000,9999.000,9999.000,9999.000
202603151148,   6.722,9999.000,9999.000,9999.000,9999.000,9999.000,9999.000,9999.000,9999.000
202603151154,   6.792,9999.000,9999.000,9999.000,9999.000,9999.000,9999.000,9999.000,9999.000
202603151200,   6.856,9999.000,  -0.100,   0.203,   6.959,  -0.200,   6.859,   0.000,   7.059
202603151206,   6.912,9999.000,9999.000,9999.000,9999.000,9999.000,9999.000,9999.000,9999.000
202603151212,   6.961,9999.000,9999.000,9999.000,9999.000,9999.000,9999.000,9999.000,9999.000
202603151218,   7.003,9999.000,9999.000,9999.000,9999.000,9999.000,9999.000,9999.000,9999.000
202603151224,   7.039,9999.000,9999.000,9999.000,9999.000,9999.000,9999.000,9999.000,9999.000
202603151230,   7.068,9999.000,9999.000,9999.000,9999.000,9999.000,9999.000,9999.000,9999.000
202603151236,   7.091,9999.000,9999.000,9999.000,9999.000,9999.000,9999.000,9999.000,9999.000
202603151242,   7.107,9999.000,9999.000,9999.000,9999.000,9999.000,9999.000,9999.000,9999.000
202603151248,   7.118,9999.000,9999.000,9999.000,9999.000,9999.000,9999.000,9999.000,9999.000
202603151254,   7.123,9999.000,9999.000,9999.000,9999.000,9999.000,9999.000,9999.000,9999.000
202603151300,   7.121,9999.000,  -0.100,   0.630,   7.651,  -0.100,   7.651,   0.000,   7.751
202603151306,   7.114,9999.000,9999.000,9999.000,9999.000,9999.000,9999.000,9999.000,9999.000
202603151312,   7.101,9999.000,9999.000,9999.000,9999.000,9999.000,9999.000,9999.000,9999.000
202603151318,   7.081,9999.000,9999.000,9999.000,9999.000,9999.000,9999.000,9999.000,9999.000
202603151324,   7.056,9999.000,9999.000,9999.000,9999.000,9999.000,9999.000,9999.000,9999.000
202603151330,   7.024,9999.000,9999.000,9999.000,9999.000,9999.000,9999.000,9999.000,9999.000
202603151336,   6.986,9999.000,9999.000,9999.000,9999.000,9999.000,9999.000,9999.000,9999.000
202603151342,   6.941,9999.000,9999.000,9999.000,9999.000,9999.000,9999.000,9999.000,9999.000
202603151348,   6.890,9999.000,9999.000,9999.000,9999.000,9999.000,9999.000,9999.000,9999.000
202603151354,   6.832,9999.000,9999.000,9999.000,9999.000,9999.000,9999.000,9999.000,9999.000
202603151400,   6.767,9999.000,   0.000,   1.219,   7.986,  -0.100,   7.886,   0.000,   7.986
202603151406,   6.695,9999.000,9999.000,9999.000,9999.000,9999.000,9999.000,9999.000,9999.000
202603151412,   6.615,9999.000,9999.000,9999.000,9999.000,9999.000,9999.000,9999.000,9999.000
202603151418,   6.529,9999.000,9999.000,9999.000,9999.000,9999.000,9999.000,9999.000,9999.000
202603151424,   6.435,9999.000,9999.000,9999.000,9999.000,9999.000,9999.000,9999.000,9999.000
202603151430,   6.335,9999.000,9999.000,9999.000,9999.000,9999.000,9999.000,9999.000,9999.000
202603151436,   6.227,9999.000,9999.000,9999.000,9999.000,9999.000,9999.000,9999.000,9999.000
202603151442,   6.113,9999.000,9999.000,9999.000,9999.000,9999.000,9999.000,9999.000,9999.000
202603151448,   5.992,9999.000,9999.000,9999.000,9999.000,9999.000,9999.000,9999.000,9999.000
202603151454,   5.865,9999.000,9999.000,9999.000,9999.000,9999.000,9999.000,9999.000,9999.000
202603151500,   5.732,9999.000,   0.000,   1.934,   7.666,  -0.100,   7.566,   0.000,   7.666
202603151506,   5.593,9999.000,9999.000,9999.000,9999.000,9999.000,9999.000,9999.000,9999.000
202603151512,   5.449,9999.000,9999.000,9999.000,9999.000,9999.000,9999.000,9999.000,9999.000
202603151518,   5.300,9999.000,9999.000,9999.000,9999.000,9999.000,9999.000,9999.000,9999.000
202603151524,   5.146,9999.000,9999.000,9999.000,9999.000,9999.000,9999.000,9999.000,9999.000
202603151530,   4.989,9999.000,9999.000,9999.000,9999.000,9999.000,9999.000,9999.000,9999.000
202603151536,   4.829,9999.000,9999.000,9999.000,9999.000,9999.000,9999.000,9999.000,9999.000
202603151542,   4.666,9999.000,9999.000,9999.000,9999.000,9999.000,9999.000,9999.000,9999.000
202603151548,   4.500,9999.000,9999.000,9999.000,9999.000,9999.000,9999.000,9999.000,9999.000
202603151554,   4.334,9999.000,9999.000,9999.000,9999.000,9999.000,9999.000,9999.000,9999.000
202603151600,   4.166,9999.000,   0.000,   2.959,   7.125,  -0.100,   7.025,   0.000,   7.125
202603151606,   3.998,9999.000,9999.000,9999.000,9999.000,9999.000,9999.000,9999.000,9999.000
202603151612,   3.830,9999.000,9999.000,9999.000,9999.000,9999.000,9999.000,9999.000,9999.000
202603151618,   3.663,9999.000,9999.000,9999.000,9999.000,9999.000,9999.000,9999.000,9999.000
202603151624,   3.498,9999.000,9999.000,9999.000,9999.000,9999.000,9999.000,9999.000,9999.000
202603151630,   3.334,9999.000,9999.000,9999.000,9999.000,9999.000,9999.000,9999.000,9999.000
202603151636,   3.173,9999.000,9999.000,9999.000,9999.000,9999.000,9999.000,9999.000,9999.000
202603151642,   3.015,9999.000,9999.000,9999.000,9999.000,9999.000,9999.000,9999.000,9999.000
202603151648,   2.860,9999.000,9999.000,9999.000,9999.000,9999.000,9999.000,9999.000,9999.000
202603151654,   2.708,9999.000,9999.000,9999.000,9999.000,9999.000,9999.000,9999.000,9999.000
202603151700,   2.561,9999.000,   0.000,   3.763,   6.324,   0.000,   6.324,   0.000,   6.324
202603151706,   2.419,9999.000,9999.000,9999.000,9999.000,9999.000,9999.000,9999.000,9999.000
202603151712,   2.281,9999.000,9999.000,9999.000,9999.000,9999.000,9999.000,9999.000,9999.000
202603151718,   2.148,9999.000,9999.000,9999.000,9999.000,9999.000,9999.000,9999.000,9999.000
202603151724,   2.021,9999.000,9999.000,9999.000,9999.000,9999.000,9999.000,9999.000,9999.000
202603151730,   1.899,9999.000,9999.000,9999.000,9999.000,9999.000,9999.000,9999.000,9999.000
202603151736,   1.782,9999.000,9999.000,9999.000,9999.000,9999.000,9999.000,9999.000,9999.000
202603151742,   1.671,9999.000,9999.000,9999.000,9999.000,9999.000,9999.000,9999.000,9999.000
202603151748,   1.566,9999.000,9999.000,9999.000,9999.000,9999.000,9999.000,9999.000,9999.000
202603151754,   1.467,9999.000,9999.000,9999.000,9999.000,9999.000,9999.000,9999.000,9999.000
202603151800,   1.373,9999.000,   0.000,   3.776,   5.149,   0.000,   5.149,   0.000,   5.149
202603151806,   1.285,9999.000,9999.000,9999.000,9999.000,9999.000,9999.000,9999.000,9999.000
202603151812,   1.203,9999.000,9999.000,9999.000,9999.000,9999.000,9999.000,9999.000,9999.000
202603151818,   1.127,9999.000,9999.000,9999.000,9999.000,9999.000,9999.000,9999.000,9999.000
202603151824,   1.057,9999.000,9999.000,9999.000,9999.000,9999.000,9999.000,9999.000,9999.000
202603151830,   0.992,9999.000,9999.000,9999.000,9999.000,9999.000,9999.000,9999.000,9999.000
202603151836,   0.933,9999.000,9999.000,9999.000,9999.000,9999.000,9999.000,9999.000,9999.000
202603151842,   0.879,9999.000,9999.000,9999.000,9999.000,9999.000,9999.000,9999.000,9999.000
202603151848,   0.831,9999.000,9999.000,9999.000,9999.000,9999.000,9999.000,9999.000,9999.000
202603151854,   0.789,9999.000,9999.000,9999.000,9999.000,9999.000,9999.000,9999.000,9999.000
202603151900,   0.752,9999.000,   0.000,   3.483,   4.235,   0.000,   4.235,   0.000,   4.235
202603151906,   0.721,9999.000,9999.000,9999.000,9999.000,9999.000,9999.000,9999.000,9999.000
202603151912,   0.695,9999.000,9999.000,9999.000,9999.000,9999.000,9999.000,9999.000,9999.000
202603151918,   0.675,9999.000,9999.000,9999.000,9999.000,9999.000,9999.000,9999.000,9999.000
202603151924,   0.661,9999.000,9999.000,9999.000,9999.000,9999.000,9999.000,9999.000,9999.000
202603151930,   0.653,9999.000,9999.000,9999.000,9999.000,9999.000,9999.000,9999.000,9999.000
202603151936,   0.651,9999.000,9999.000,9999.000,9999.000,9999.000,9999.000,9999.000,9999.000
202603151942,   0.656,9999.000,9999.000,9999.000,9999.000,9999.000,9999.000,9999.000,9999.000
202603151948,   0.667,9999.000,9999.000,9999.000,9999.000,9999.000,9999.000,9999.000,9999.000
202603151954,   0.686,9999.000,9999.000,9999.000,9999.000,9999.000,9999.000,9999.000,9999.000
202603152000,   0.711,9999.000,   0.000,   3.580,   4.291,   0.000,   4.291,   0.000,   4.291
202603152006,   0.744,9999.000,9999.000,9999.000,9999.000,9999.000,9999.000,9999.000,9999.000
202603152012,   0.784,9999.000,9999.000,9999.000,9999.000,9999.000,9999.000,9999.000,9999.000
202603152018,   0.833,9999.000,9999.000,9999.000,9999.000,9999.000,9999.000,9999.000,9999.000
202603152024,   0.889,9999.000,9999.000,9999.000,9999.000,9999.000,9999.000,9999.000,9999.000
202603152030,   0.955,9999.000,9999.000,9999.000,9999.000,9999.000,9999.000,9999.000,9999.000
202603152036,   1.029,9999.000,9999.000,9999.000,9999.000,9999.000,9999.000,9999.000,9999.000
202603152042,   1.111,9999.000,9999.000,9999.000,9999.000,9999.000,9999.000,9999.000,9999.000
202603152048,   1.203,9999.000,9999.000,9999.000,9999.000,9999.000,9999.000,9999.000,9999.000
202603152054,   1.304,9999.000,9999.000,9999.000,9999.000,9999.000,9999.000,9999.000,9999.000
202603152100,   1.413,9999.000,   0.000,   3.611,   5.024,   0.000,   5.024,   0.100,   5.124
202603152106,   1.532,9999.000,9999.000,9999.000,9999.000,9999.000,9999.000,9999.000,9999.000
202603152112,   1.659,9999.000,9999.000,9999.000,9999.000,9999.000,9999.000,9999.000,9999.000
202603152118,   1.795,9999.000,9999.000,9999.000,9999.000,9999.000,9999.000,9999.000,9999.000
202603152124,   1.939,9999.000,9999.000,9999.000,9999.000,9999.000,9999.000,9999.000,9999.000
202603152130,   2.091,9999.000,9999.000,9999.000,9999.000,9999.000,9999.000,9999.000,9999.000
202603152136,   2.250,9999.000,9999.000,9999.000,9999.000,9999.000,9999.000,9999.000,9999.000
202603152142,   2.416,9999.000,9999.000,9999.000,9999.000,9999.000,9999.000,9999.000,9999.000
202603152148,   2.588,9999.000,9999.000,9999.000,9999.000,9999.000,9999.000,9999.000,9999.000
202603152154,   2.766,9999.000,9999.000,9999.000,9999.000,9999.000,9999.000,9999.000,9999.000
202603152200,   2.948,9999.000,   0.000,   2.770,   5.718,   0.000,   5.718,   0.100,   5.818
202603152206,   3.133,9999.000,9999.000,9999.000,9999.000,9999.000,9999.000,9999.000,9999.000
202603152212,   3.322,9999.000,9999.000,9999.000,9999.000,9999.000,9999.000,9999.000,9999.000
202603152218,   3.512,9999.000,9999.000,9999.000,9999.000,9999.000,9999.000,9999.000,9999.000
202603152224,   3.704,9999.000,9999.000,9999.000,9999.000,9999.000,9999.000,9999.000,9999.000
202603152230,   3.896,9999.000,9999.000,9999.000,9999.000,9999.000,9999.000,9999.000,9999.000
202603152236,   4.087,9999.000,9999.000,9999.000,9999.000,9999.000,9999.000,9999.000,9999.000
202603152242,   4.276,9999.000,9999.000,9999.000,9999.000,9999.000,9999.000,9999.000,9999.000
202603152248,   4.462,9999.000,9999.000,9999.000,9999.000,9999.000,9999.000,9999.000,9999.000
202603152254,   4.646,9999.000,9999.000,9999.000,9999.000,9999.000,9999.000,9999.000,9999.000
202603152300,   4.825,9999.000,   0.100,   1.512,   6.437,   0.000,   6.337,   0.200,   6.537
202603152306,   4.999,9999.000,9999.000,9999.000,9999.000,9999.000,9999.000,9999.000,9999.000
202603152312,   5.167,9999.000,9999.000,9999.000,9999.000,9999.000,9999.000,9999.000,9999.000
202603152318,   5.330,9999.000,9999.000,9999.000,9999.000,9999.000,9999.000,9999.000,9999.000
202603152324,   5.486,9999.000,9999.000,9999.000,9999.000,9999.000,9999.000,9999.000,9999.000
202603152330,   5.635,9999.000,9999.000,9999.000,9999.000,9999.000,9999.000,9999.000,9999.000
202603152336,   5.777,9999.000,9999.000,9999.000,9999.000,9999.000,9999.000,9999.000,9999.000
202603152342,   5.911,9999.000,9999.000,9999.000,9999.000,9999.000,9999.000,9999.000,9999.000
202603152348,   6.037,9999.000,9999.000,9999.000,9999.000,9999.000,9999.000,9999.000,9999.000
202603152354,   6.156,9999.000,9999.000,9999.000,9999.000,9999.000,9999.000,9999.000,9999.000
202603160000,   6.266,9999.000,   0.100,   0.945,   7.311,   0.100,   7.311,   0.200,   7.411
202603160006,   6.369,9999.000,9999.000,9999.000,9999.000,9999.000,9999.000,9999.000,9999.000
202603160012,   6.464,9999.000,9999.000,9999.000,9999.000,9999.000,9999.000,9999.000,9999.000
202603160018,   6.552,9999.000,9999.000,9999.000,9999.000,9999.000,9999.000,9999.000,9999.000
202603160024,   6.632,9999.000,9999.000,9999.000,9999.000,9999.000,9999.000,9999.000,9999.000
202603160030,   6.705,9999.000,9999.000,9999.000,9999.000,9999.000,9999.000,9999.000,9999.000
202603160036,   6.770,9999.000,9999.000,9999.000,9999.000,9999.000,9999.000,9999.000,9999.000
202603160042,   6.829,9999.000,9999.000,9999.000,9999.000,9999.000,9999.000,9999.000,9999.000
202603160048,   6.881,9999.000,9999.000,9999.000,9999.000,9999.000,9999.000,9999.000,9999.000
202603160054,   6.926,9999.000,9999.000,9999.000,9999.000,9999.000,9999.000,9999.000,9999.000
202603160100,   6.965,9999.000,   0.200,   1.102,   8.267,   0.100,   8.167,   0.300,   8.367
202603160106,   6.998,9999.000,9999.000,9999.000,9999.000,9999.000,9999.000,9999.000,9999.000
202603160112,   7.024,9999.000,9999.000,9999.000,9999.000,9999.000,9999.000,9999.000,9999.000
202603160118,   7.043,9999.000,9999.000,9999.000,9999.000,9999.000,9999.000,9999.000,9999.000
202603160124,   7.057,9999.000,9999.000,9999.000,9999.000,9999.000,9999.000,9999.000,9999.000
202603160130,   7.064,9999.000,9999.000,9999.000,9999.000,9999.000,9999.000,9999.000,9999.000
202603160136,   7.065,9999.000,9999.000,9999.000,9999.000,9999.000,9999.000,9999.000,9999.000
202603160142,   7.059,9999.000,9999.000,9999.000,9999.000,9999.000,9999.000,9999.000,9999.000
202603160148,   7.047,9999.000,9999.000,9999.000,9999.000,9999.000,9999.000,9999.000,9999.000
202603160154,   7.028,9999.000,9999.000,9999.000,9999.000,9999.000,9999.000,9999.000,9999.000
202603160200,   7.002,9999.000,   0.200,   1.260,   8.462,   0.200,   8.462,   0.300,   8.562
202603160206,   6.969,9999.000,9999.000,9999.000,9999.000,9999.000,9999.000,9999.000,9999.000
202603160212,   6.929,9999.000,9999.000,9999.000,9999.000,9999.000,9999.000,9999.000,9999.000
202603160218,   6.881,9999.000,9999.000,9999.000,9999.000,9999.000,9999.000,9999.000,9999.000
202603160224,   6.826,9999.000,9999.000,9999.000,9999.000,9999.000,9999.000,9999.000,9999.000
202603160230,   6.763,9999.000,9999.000,9999.000,9999.000,9999.000,9999.000,9999.000,9999.000
202603160236,   6.692,9999.000,9999.000,9999.000,9999.000,9999.000,9999.000,9999.000,9999.000
202603160242,   6.614,9999.000,9999.000,9999.000,9999.000,9999.000,9999.000,9999.000,9999.000
202603160248,   6.527,9999.000,9999.000,9999.000,9999.000,9999.000,9999.000,9999.000,9999.000
202603160254,   6.433,9999.000,9999.000,9999.000,9999.000,9999.000,9999.000,9999.000,9999.000
202603160300,   6.331,9999.000,   0.300,   1.478,   8.109,   0.200,   8.009,   0.400,   8.209
202603160306,   6.222,9999.000,9999.000,9999.000,9999.000,9999.000,9999.000,9999.000,9999.000
202603160312,   6.105,9999.000,9999.000,9999.000,9999.000,9999.000,9999.000,9999.000,9999.000
202603160318,   5.982,9999.000,9999.000,9999.000,9999.000,9999.000,9999.000,9999.000,9999.000
202603160324,   5.851,9999.000,9999.000,9999.000,9999.000,9999.000,9999.000,9999.000,9999.000
202603160330,   5.714,9999.000,9999.000,9999.000,9999.000,9999.000,9999.000,9999.000,9999.000
202603160336,   5.571,9999.000,9999.000,9999.000,9999.000,9999.000,9999.000,9999.000,9999.000
202603160342,   5.422,9999.000,9999.000,9999.000,9999.000,9999.000,9999.000,9999.000,9999.000
202603160348,   5.268,9999.000,9999.000,9999.000,9999.000,9999.000,9999.000,9999.000,9999.000
202603160354,   5.109,9999.000,9999.000,9999.000,9999.000,9999.000,9999.000,9999.000,9999.000
202603160400,   4.947,9999.000,   0.400,   2.251,   7.598,   0.300,   7.498,   0.400,   7.598
202603160406,   4.781,9999.000,9999.000,9999.000,9999.000,9999.000,9999.000,9999.000,9999.000
202603160412,   4.612,9999.000,9999.000,9999.000,9999.000,9999.000,9999.000,9999.000,9999.000
202603160418,   4.441,9999.000,9999.000,9999.000,9999.000,9999.000,9999.000,9999.000,9999.000
202603160424,   4.268,9999.000,9999.000,9999.000,9999.000,9999.000,9999.000,9999.000,9999.000
202603160430,   4.094,9999.000,9999.000,9999.000,9999.000,9999.000,9999.000,9999.000,9999.000
202603160436,   3.920,9999.000,9999.000,9999.000,9999.000,9999.000,9999.000,9999.000,9999.000
202603160442,   3.746,9999.000,9999.000,9999.000,9999.000,9999.000,9999.000,9999.000,9999.000
202603160448,   3.573,9999.000,9999.000,9999.000,9999.000,9999.000,9999.000,9999.000,9999.000
202603160454,   3.401,9999.000,9999.000,9999.000,9999.000,9999.000,9999.000,9999.000,9999.000
202603160500,   3.232,9999.000,   0.500,   3.108,   6.840,   0.400,   6.740,   0.600,   6.940
202603160506,   3.064,9999.000,9999.000,9999.000,9999.000,9999.000,9999.000,9999.000,9999.000
202603160512,   2.900,9999.000,9999.000,9999.000,9999.000,9999.000,9999.000,9999.000,9999.000
202603160518,   2.739,9999.000,9999.000,9999.000,9999.000,9999.000,9999.000,9999.000,9999.000
202603160524,   2.583,9999.000,9999.000,9999.000,9999.000,9999.000,9999.000,9999.000,9999.000
202603160530,   2.430,9999.000,9999.000,9999.000,9999.000,9999.000,9999.000,9999.000,9999.000
202603160536,   2.282,9999.000,9999.000,9999.000,9999.000,9999.000,9999.000,9999.000,9999.000
202603160542,   2.139,9999.000,9999.000,9999.000,9999.000,9999.000,9999.000,9999.000,9999.000
202603160548,   2.001,9999.000,9999.000,9999.000,9999.000,9999.000,9999.000,9999.000,9999.000
202603160554,   1.869,9999.000,9999.000,9999.000,9999.000,9999.000,9999.000,9999.000,9999.000
202603160600,   1.742,9999.000,   0.600,   3.197,   5.539,   0.400,   5.339,   0.700,   5.639
202603160606,   1.621,9999.000,9999.000,9999.000,9999.000,9999.000,9999.000,9999.000,9999.000
202603160612,   1.506,9999.000,9999.000,9999.000,9999.000,9999.000,9999.000,9999.000,9999.000
202603160618,   1.397,9999.000,9999.000,9999.000,9999.000,9999.000,9999.000,9999.000,9999.000
202603160624,   1.294,9999.000,9999.000,9999.000,9999.000,9999.000,9999.000,9999.000,9999.000
202603160630,   1.197,9999.000,9999.000,9999.000,9999.000,9999.000,9999.000,9999.000,9999.000
202603160636,   1.107,9999.000,9999.000,9999.000,9999.000,9999.000,9999.000,9999.000,9999.000
202603160642,   1.023,9999.000,9999.000,9999.000,9999.000,9999.000,9999.000,9999.000,9999.000
202603160648,   0.945,9999.000,9999.000,9999.000,9999.000,9999.000,9999.000,9999.000,9999.000
202603160654,   0.873,9999.000,9999.000,9999.000,9999.000,9999.000,9999.000,9999.000,9999.000
202603160700,   0.807,9999.000,   0.700,   2.899,   4.406,   0.600,   4.306,   0.800,   4.506
202603160706,   0.748,9999.000,9999.000,9999.000,9999.000,9999.000,9999.000,9999.000,9999.000
202603160712,   0.695,9999.000,9999.000,9999.000,9999.000,9999.000,9999.000,9999.000,9999.000
202603160718,   0.648,9999.000,9999.000,9999.000,9999.000,9999.000,9999.000,9999.000,9999.000
202603160724,   0.608,9999.000,9999.000,9999.000,9999.000,9999.000,9999.000,9999.000,9999.000
202603160730,   0.574,9999.000,9999.000,9999.000,9999.000,9999.000,9999.000,9999.000,9999.000
202603160736,   0.546,9999.000,9999.000,9999.000,9999.000,9999.000,9999.000,9999.000,9999.000
202603160742,   0.525,9999.000,9999.000,9999.000,9999.000,9999.000,9999.000,9999.000,9999.000
202603160748,   0.511,9999.000,9999.000,9999.000,9999.000,9999.000,9999.000,9999.000,9999.000
202603160754,   0.504,9999.000,9999.000,9999.000,9999.000,9999.000,9999.000,9999.000,9999.000
202603160800,   0.503,9999.000,   0.800,   3.171,   4.474,   0.700,   4.374,   1.000,   4.674
202603160806,   0.510,9999.000,9999.000,9999.000,9999.000,9999.000,9999.000,9999.000,9999.000
202603160812,   0.525,9999.000,9999.000,9999.000,9999.000,9999.000,9999.000,9999.000,9999.000
202603160818,   0.547,9999.000,9999.000,9999.000,9999.000,9999.000,9999.000,9999.000,9999.000
202603160824,   0.577,9999.000,9999.000,9999.000,9999.000,9999.000,9999.000,9999.000,9999.000
202603160830,   0.616,9999.000,9999.000,9999.000,9999.000,9999.000,9999.000,9999.000,9999.000
202603160836,   0.663,9999.000,9999.000,9999.000,9999.000,9999.000,9999.000,9999.000,9999.000
202603160842,   0.719,9999.000,9999.000,9999.000,9999.000,9999.000,9999.000,9999.000,9999.000
202603160848,   0.784,9999.000,9999.000,9999.000,9999.000,9999.000,9999.000,9999.000,9999.000
202603160854,   0.859,9999.000,9999.000,9999.000,9999.000,9999.000,9999.000,9999.000,9999.000
202603160900,   0.943,9999.000,   0.900,   3.646,   5.489,   0.800,   5.389,   1.100,   5.689
202603160906,   1.036,9999.000,9999.000,9999.000,9999.000,9999.000,9999.000,9999.000,9999.000
202603160912,   1.140,9999.000,9999.000,9999.000,9999.000,9999.000,9999.000,9999.000,9999.000
202603160918,   1.253,9999.000,9999.000,9999.000,9999.000,9999.000,9999.000,9999.000,9999.000
202603160924,   1.376,9999.000,9999.000,9999.000,9999.000,9999.000,9999.000,9999.000,9999.000
202603160930,   1.508,9999.000,9999.000,9999.000,9999.000,9999.000,9999.000,9999.000,9999.000
202603160936,   1.650,9999.000,9999.000,9999.000,9999.000,9999.000,9999.000,9999.000,9999.000
202603160942,   1.801,9999.000,9999.000,9999.000,9999.000,9999.000,9999.000,9999.000,9999.000
202603160948,   1.961,9999.000,9999.000,9999.000,9999.000,9999.000,9999.000,9999.000,9999.000
202603160954,   2.129,9999.000,9999.000,9999.000,9999.000,9999.000,9999.000,9999.000,9999.000
202603161000,   2.305,9999.000,   1.100,   3.141,   6.546,   0.900,   6.346,   1.300,   6.746
202603161006,   2.488,9999.000,9999.000,9999.000,9999.000,9999.000,9999.000,9999.000,9999.000
202603161012,   2.677,9999.000,9999.000,9999.000,9999.000,9999.000,9999.000,9999.000,9999.000
202603161018,   2.873,9999.000,9999.000,9999.000,9999.000,9999.000,9999.000,9999.000,9999.000
202603161024,   3.073,9999.000,9999.000,9999.000,9999.000,9999.000,9999.000,9999.000,9999.000
202603161030,   3.277,9999.000,9999.000,9999.000,9999.000,9999.000,9999.000,9999.000,9999.000
202603161036,   3.484,9999.000,9999.000,9999.000,9999.000,9999.000,9999.000,9999.000,9999.000
202603161042,   3.694,9999.000,9999.000,9999.000,9999.000,9999.000,9999.000,9999.000,9999.000
202603161048,   3.904,9999.000,9999.000,9999.000,9999.000,9999.000,9999.000,9999.000,9999.000
202603161054,   4.115,9999.000,9999.000,9999.000,9999.000,9999.000,9999.000,9999.000,9999.000
202603161100,   4.325,9999.000,   1.200,   1.788,   7.313,   1.000,   7.113,   1.400,   7.513
202603161106,   4.533,9999.000,9999.000,9999.000,9999.000,9999.000,9999.000,9999.000,9999.000
202603161112,   4.738,9999.000,9999.000,9999.000,9999.000,9999.000,9999.000,9999.000,9999.000
202603161118,   4.939,9999.000,9999.000,9999.000,9999.000,9999.000,9999.000,9999.000,9999.000
202603161124,   5.136,9999.000,9999.000,9999.000,9999.000,9999.000,9999.000,9999.000,9999.000
202603161130,   5.327,9999.000,9999.000,9999.000,9999.000,9999.000,9999.000,9999.000,9999.000
202603161136,   5.513,9999.000,9999.000,9999.000,9999.000,9999.000,9999.000,9999.000,9999.000
202603161142,   5.691,9999.000,9999.000,9999.000,9999.000,9999.000,9999.000,9999.000,9999.000
202603161148,   5.863,9999.000,9999.000,9999.000,9999.000,9999.000,9999.000,9999.000,9999.000
202603161154,   6.027,9999.000,9999.000,9999.000,9999.000,9999.000,9999.000,9999.000,9999.000
202603161200,   6.182,9999.000,   1.300,   0.878,   8.360,   1.200,   8.260,   1.600,   8.660
202603161206,   6.330,9999.000,9999.000,9999.000,9999.000,9999.000,9999.000,9999.000,9999.000
202603161212,   6.468,9999.000,9999.000,9999.000,9999.000,9999.000,9999.000,9999.000,9999.000
202603161218,   6.598,9999.000,9999.000,9999.000,9999.000,9999.000,9999.000,9999.000,9999.000
202603161224,   6.719,9999.000,9999.000,9999.000,9999.000,9999.000,9999.000,9999.000,9999.000
202603161230,   6.831,9999.000,9999.000,9999.000,9999.000,9999.000,9999.000,9999.000,9999.000
202603161236,   6.934,9999.000,9999.000,9999.000,9999.000,9999.000,9999.000,9999.000,9999.000
202603161242,   7.028,9999.000,9999.000,9999.000,9999.000,9999.000,9999.000,9999.000,9999.000
202603161248,   7.114,9999.000,9999.000,9999.000,9999.000,9999.000,9999.000,9999.000,9999.000
202603161254,   7.192,9999.000,9999.000,9999.000,9999.000,9999.000,9999.000,9999.000,9999.000
202603161300,   7.261,9999.000,   1.400,   0.779,   9.440,   1.300,   9.340,   1.700,   9.740
202603161306,   7.322,9999.000,9999.000,9999.000,9999.000,9999.000,9999.000,9999.000,9999.000
202603161312,   7.375,9999.000,9999.000,9999.000,9999.000,9999.000,9999.000,9999.000,9999.000
202603161318,   7.420,9999.000,9999.000,9999.000,9999.000,9999.000,9999.000,9999.000,9999.000
202603161324,   7.457,9999.000,9999.000,9999.000,9999.000,9999.000,9999.000,9999.000,9999.000
202603161330,   7.488,9999.000,9999.000,9999.000,9999.000,9999.000,9999.000,9999.000,9999.000
202603161336,   7.510,9999.000,9999.000,9999.000,9999.000,9999.000,9999.000,9999.000,9999.000
202603161342,   7.526,9999.000,9999.000,9999.000,9999.000,9999.000,9999.000,9999.000,9999.000
202603161348,   7.534,9999.000,9999.000,9999.000,9999.000,9999.000,9999.000,9999.000,9999.000
202603161354,   7.534,9999.000,9999.000,9999.000,9999.000,9999.000,9999.000,9999.000,9999.000
202603161400,   7.528,9999.000,   1.500,   0.794,   9.822,   1.300,   9.622,   1.700,  10.022
202603161406,   7.514,9999.000,9999.000,9999.000,9999.000,9999.000,9999.000,9999.000,9999.000
202603161412,   7.493,9999.000,9999.000,9999.000,9999.000,9999.000,9999.000,9999.000,9999.000
202603161418,   7.464,9999.000,9999.000,9999.000,9999.000,9999.000,9999.000,9999.000,9999.000
202603161424,   7.427,9999.000,9999.000,9999.000,9999.000,9999.000,9999.000,9999.000,9999.000
202603161430,   7.383,9999.000,9999.000,9999.000,9999.000,9999.000,9999.000,9999.000,9999.000
202603161436,   7.330,9999.000,9999.000,9999.000,9999.000,9999.000,9999.000,9999.000,9999.000
202603161442,   7.270,9999.000,9999.000,9999.000,9999.000,9999.000,9999.000,9999.000,9999.000
202603161448,   7.201,9999.000,9999.000,9999.000,9999.000,9999.000,9999.000,9999.000,9999.000
202603161454,   7.125,9999.000,9999.000,9999.000,9999.000,9999.000,9999.000,9999.000,9999.000
202603161500,   7.040,9999.000,   1.400,   0.887,   9.327,   1.300,   9.227,   1.600,   9.527
202603161506,   6.947,9999.000,9999.000,9999.000,9999.000,9999.000,9999.000,9999.000,9999.000
202603161512,   6.845,9999.000,9999.000,9999.000,9999.000,9999.000,9999.000,9999.000,9999.000
202603161518,   6.736,9999.000,9999.000,9999.000,9999.000,9999.000,9999.000,9999.000,9999.000
202603161524,   6.619,9999.000,9999.000,9999.000,9999.000,9999.000,9999.000,9999.000,9999.000
202603161530,   6.493,9999.000,9999.000,9999.000,9999.000,9999.000,9999.000,9999.000,9999.000
202603161536,   6.361,9999.000,9999.000,9999.000,9999.000,9999.000,9999.000,9999.000,9999.000
202603161542,   6.220,9999.000,9999.000,9999.000,9999.000,9999.000,9999.000,9999.000,9999.000
202603161548,   6.073,9999.000,9999.000,9999.000,9999.000,9999.000,9999.000,9999.000,9999.000
202603161554,   5.920,9999.000,9999.000,9999.000,9999.000,9999.000,9999.000,9999.000,9999.000
202603161600,   5.760,9999.000,   1.300,   1.668,   8.728,   1.000,   8.428,   1.500,   8.928
202603161606,   5.595,9999.000,9999.000,9999.000,9999.000,9999.000,9999.000,9999.000,9999.000
202603161612,   5.424,9999.000,9999.000,9999.000,9999.000,9999.000,9999.000,9999.000,9999.000
202603161618,   5.249,9999.000,9999.000,9999.000,9999.000,9999.000,9999.000,9999.000,9999.000
202603161624,   5.070,9999.000,9999.000,9999.000,9999.000,9999.000,9999.000,9999.000,9999.000
202603161630,   4.888,9999.000,9999.000,9999.000,9999.000,9999.000,9999.000,9999.000,9999.000
202603161636,   4.703,9999.000,9999.000,9999.000,9999.000,9999.000,9999.000,9999.000,9999.000
202603161642,   4.516,9999.000,9999.000,9999.000,9999.000,9999.000,9999.000,9999.000,9999.000
202603161648,   4.327,9999.000,9999.000,9999.000,9999.000,9999.000,9999.000,9999.000,9999.000
202603161654,   4.138,9999.000,9999.000,9999.000,9999.000,9999.000,9999.000,9999.000,9999.000
202603161700,   3.948,9999.000,   1.000,   2.799,   7.747,   0.800,   7.547,   1.400,   8.147
202603161706,   3.759,9999.000,9999.000,9999.000,9999.000,9999.000,9999.000,9999.000,9999.000
202603161712,   3.571,9999.000,9999.000,9999.000,9999.000,9999.000,9999.000,9999.000,9999.000
202603161718,   3.385,9999.000,9999.000,9999.000,9999.000,9999.000,9999.000,9999.000,9999.000
202603161724,   3.201,9999.000,9999.000,9999.000,9999.000,9999.000,9999.000,9999.000,9999.000
202603161730,   3.020,9999.000,9999.000,9999.000,9999.000,9999.000,9999.000,9999.000,9999.000
202603161736,   2.842,9999.000,9999.000,9999.000,9999.000,9999.000,9999.000,9999.000,9999.000
202603161742,   2.669,9999.000,9999.000,9999.000,9999.000,9999.000,9999.000,9999.000,9999.000
202603161748,   2.499,9999.000,9999.000,9999.000,9999.000,9999.000,9999.000,9999.000,9999.000
202603161754,   2.334,9999.000,9999.000,9999.000,9999.000,9999.000,9999.000,9999.000,9999.000
202603161800,   2.174,9999.000,   0.800,   3.282,   6.256,   0.500,   5.956,   1.100,   6.556
202603161806,   2.020,9999.000,9999.000,9999.000,9999.000,9999.000,9999.000,9999.000,9999.000
202603161812,   1.871,9999.000,9999.000,9999.000,9999.000,9999.000,9999.000,9999.000,9999.000
202603161818,   1.728,9999.000,9999.000,9999.000,9999.000,9999.000,9999.000,9999.000,9999.000
202603161824,   1.591,9999.000,9999.000,9999.000,9999.000,9999.000,9999.000,9999.000,9999.000
202603161830,   1.460,9999.000,9999.000,9999.000,9999.000,9999.000,9999.000,9999.000,9999.000
202603161836,   1.336,9999.000,9999.000,9999.000,9999.000,9999.000,9999.000,9999.000,9999.000
202603161842,   1.218,9999.000,9999.000,9999.000,9999.000,9999.000,9999.000,9999.000,9999.000
202603161848,   1.107,9999.000,9999.000,9999.000,9999.000,9999.000,9999.000,9999.000,9999.000
202603161854,   1.002,9999.000,9999.000,9999.000,9999.000,9999.000,9999.000,9999.000,9999.000
202603161900,   0.904,9999.000,   0.600,   3.273,   4.777,   0.300,   4.477,   0.800,   4.977
202603161906,   0.813,9999.000,9999.000,9999.000,9999.000,9999.000,9999.000,9999.000,9999.000
202603161912,   0.729,9999.000,9999.000,9999.000,9999.000,9999.000,9999.000,9999.000,9999.000
202603161918,   0.651,9999.000,9999.000,9999.000,9999.000,9999.000,9999.000,9999.000,9999.000
202603161924,   0.579,9999.000,9999.000,9999.000,9999.000,9999.000,9999.000,9999.000,9999.000
202603161930,   0.515,9999.000,9999.000,9999.000,9999.000,9999.000,9999.000,9999.000,9999.000
202603161936,   0.457,9999.000,9999.000,9999.000,9999.000,9999.000,9999.000,9999.000,9999.000
202603161942,   0.406,9999.000,9999.000,9999.000,9999.000,9999.000,9999.000,9999.000,9999.000
202603161948,   0.361,9999.000,9999.000,9999.000,9999.000,9999.000,9999.000,9999.000,9999.000
202603161954,   0.323,9999.000,9999.000,9999.000,9999.000,9999.000,9999.000,9999.000,9999.000
202603162000,   0.292,9999.000,   0.400,   3.730,   4.422,   0.000,   4.022,   0.700,   4.722
202603162006,   0.268,9999.000,9999.000,9999.000,9999.000,9999.000,9999.000,9999.000,9999.000
202603162012,   0.251,9999.000,9999.000,9999.000,9999.000,9999.000,9999.000,9999.000,9999.000
202603162018,   0.242,9999.000,9999.000,9999.000,9999.000,9999.000,9999.000,9999.000,9999.000
202603162024,   0.239,9999.000,9999.000,9999.000,9999.000,9999.000,9999.000,9999.000,9999.000
202603162030,   0.245,9999.000,9999.000,9999.000,9999.000,9999.000,9999.000,9999.000,9999.000
202603162036,   0.258,9999.000,9999.000,9999.000,9999.000,9999.000,9999.000,9999.000,9999.000
202603162042,   0.279,9999.000,9999.000,9999.000,9999.000,9999.000,9999.000,9999.000,9999.000
202603162048,   0.309,9999.000,9999.000,9999.000,9999.000,9999.000,9999.000,9999.000,9999.000
202603162054,   0.347,9999.000,9999.000,9999.000,9999.000,9999.000,9999.000,9999.000,9999.000
202603162100,   0.394,9999.000,   0.200,   4.393,   4.987,   0.000,   4.787,   0.500,   5.287
202603162106,   0.451,9999.000,9999.000,9999.000,9999.000,9999.000,9999.000,9999.000,9999.000
202603162112,   0.516,9999.000,9999.000,9999.000,9999.000,9999.000,9999.000,9999.000,9999.000
202603162118,   0.592,9999.000,9999.000,9999.000,9999.000,9999.000,9999.000,9999.000,9999.000
202603162124,   0.677,9999.000,9999.000,9999.000,9999.000,9999.000,9999.000,9999.000,9999.000
202603162130,   0.772,9999.000,9999.000,9999.000,9999.000,9999.000,9999.000,9999.000,9999.000
202603162136,   0.877,9999.000,9999.000,9999.000,9999.000,9999.000,9999.000,9999.000,9999.000
202603162142,   0.992,9999.000,9999.000,9999.000,9999.000,9999.000,9999.000,9999.000,9999.000
202603162148,   1.118,9999.000,9999.000,9999.000,9999.000,9999.000,9999.000,9999.000,9999.000
202603162154,   1.253,9999.000,9999.000,9999.000,9999.000,9999.000,9999.000,9999.000,9999.000
202603162200,   1.398,9999.000,   0.100,   4.036,   5.534,  -0.100,   5.334,   0.500,   5.934
202603162206,   1.553,9999.000,9999.000,9999.000,9999.000,9999.000,9999.000,9999.000,9999.000
202603162212,   1.717,9999.000,9999.000,9999.000,9999.000,9999.000,9999.000,9999.000,9999.000
202603162218,   1.889,9999.000,9999.000,9999.000,9999.000,9999.000,9999.000,9999.000,9999.000
202603162224,   2.070,9999.000,9999.000,9999.000,9999.000,9999.000,9999.000,9999.000,9999.000
202603162230,   2.259,9999.000,9999.000,9999.000,9999.000,9999.000,9999.000,9999.000,9999.000
202603162236,   2.454,9999.000,9999.000,9999.000,9999.000,9999.000,9999.000,9999.000,9999.000
202603162242,   2.655,9999.000,9999.000,9999.000,9999.000,9999.000,9999.000,9999.000,9999.000
202603162248,   2.862,9999.000,9999.000,9999.000,9999.000,9999.000,9999.000,9999.000,9999.000
202603162254,   3.073,9999.000,9999.000,9999.000,9999.000,9999.000,9999.000,9999.000,9999.000
202603162300,   3.288,9999.000,   0.100,   2.689,   6.077,  -0.100,   5.877,   0.400,   6.377
202603162306,   3.505,9999.000,9999.000,9999.000,9999.000,9999.000,9999.000,9999.000,9999.000
202603162312,   3.724,9999.000,9999.000,9999.000,9999.000,9999.000,9999.000,9999.000,9999.000
202603162318,   3.943,9999.000,9999.000,9999.000,9999.000,9999.000,9999.000,9999.000,9999.000
202603162324,   4.162,9999.000,9999.000,9999.000,9999.000,9999.000,9999.000,9999.000,9999.000
202603162330,   4.379,9999.000,9999.000,9999.000,9999.000,9999.000,9999.000,9999.000,9999.000
202603162336,   4.594,9999.000,9999.000,9999.000,9999.000,9999.000,9999.000,9999.000,9999.000
202603162342,   4.805,9999.000,9999.000,9999.000,9999.000,9999.000,9999.000,9999.000,9999.000
202603162348,   5.012,9999.000,9999.000,9999.000,9999.000,9999.000,9999.000,9999.000,9999.000
202603162354,   5.214,9999.000,9999.000,9999.000,9999.000,9999.000,9999.000,9999.000,9999.000
202603170000,   5.410,9999.000,   0.100,   1.634,   7.144,  -0.100,   6.944,   0.400,   7.444
202603170006,   5.599,9999.000,9999.000,9999.000,9999.000,9999.000,9999.000,9999.000,9999.000
202603170012,   5.781,9999.000,9999.000,9999.000,9999.000,9999.000,9999.000,9999.000,9999.000
202603170018,   5.955,9999.000,9999.000,9999.000,9999.000,9999.000,9999.000,9999.000,9999.000
202603170024,   6.122,9999.000,9999.000,9999.000,9999.000,9999.000,9999.000,9999.000,9999.000
202603170030,   6.280,9999.000,9999.000,9999.000,9999.000,9999.000,9999.000,9999.000,9999.000
202603170036,   6.429,9999.000,9999.000,9999.000,9999.000,9999.000,9999.000,9999.000,9999.000
202603170042,   6.569,9999.000,9999.000,9999.000,9999.000,9999.000,9999.000,9999.000,9999.000
202603170048,   6.700,9999.000,9999.000,9999.000,9999.000,9999.000,9999.000,9999.000,9999.000
202603170054,   6.822,9999.000,9999.000,9999.000,9999.000,9999.000,9999.000,9999.000,9999.000
202603170100,   6.935,9999.000,   0.200,   1.230,   8.365,   0.000,   8.165,   0.400,   8.565
202603170106,   7.039,9999.000,9999.000,9999.000,9999.000,9999.000,9999.000,9999.000,9999.000
202603170112,   7.134,9999.000,9999.000,9999.000,9999.000,9999.000,9999.000,9999.000,9999.000
202603170118,   7.220,9999.000,9999.000,9999.000,9999.000,9999.000,9999.000,9999.000,9999.000
202603170124,   7.298,9999.000,9999.000,9999.000,9999.000,9999.000,9999.000,9999.000,9999.000
202603170130,   7.367,9999.000,9999.000,9999.000,9999.000,9999.000,9999.000,9999.000,9999.000
202603170136,   7.428,9999.000,9999.000,9999.000,9999.000,9999.000,9999.000,9999.000,9999.000
202603170142,   7.481,9999.000,9999.000,9999.000,9999.000,9999.000,9999.000,9999.000,9999.000
202603170148,   7.525,9999.000,9999.000,9999.000,9999.000,9999.000,9999.000,9999.000,9999.000
202603170154,   7.562,9999.000,9999.000,9999.000,9999.000,9999.000,9999.000,9999.000,9999.000
202603170200,   7.591,9999.000,   0.300,   0.757,   8.648,   0.000,   8.348,   0.500,   8.848
202603170206,   7.612,9999.000,9999.000,9999.000,9999.000,9999.000,9999.000,9999.000,9999.000
202603170212,   7.626,9999.000,9999.000,9999.000,9999.000,9999.000,9999.000,9999.000,9999.000
202603170218,   7.631,9999.000,9999.000,9999.000,9999.000,9999.000,9999.000,9999.000,9999.000
202603170224,   7.629,9999.000,9999.000,9999.000,9999.000,9999.000,9999.000,9999.000,9999.000
202603170230,   7.619,9999.000,9999.000,9999.000,9999.000,9999.000,9999.000,9999.000,9999.000
202603170236,   7.601,9999.000,9999.000,9999.000,9999.000,9999.000,9999.000,9999.000,9999.000
202603170242,   7.575,9999.000,9999.000,9999.000,9999.000,9999.000,9999.000,9999.000,9999.000
202603170248,   7.541,9999.000,9999.000,9999.000,9999.000,9999.000,9999.000,9999.000,9999.000
202603170254,   7.499,9999.000,9999.000,9999.000,9999.000,9999.000,9999.000,9999.000,9999.000
202603170300,   7.448,9999.000,   0.300,   0.363,   8.111,   0.100,   7.911,   0.600,   8.411
202603170306,   7.389,9999.000,9999.000,9999.000,9999.000,9999.000,9999.000,9999.000,9999.000
202603170312,   7.321,9999.000,9999.000,9999.000,9999.000,9999.000,9999.000,9999.000,9999.000
202603170318,   7.245,9999.000,9999.000,9999.000,9999.000,9999.000,9999.000,9999.000,9999.000
202603170324,   7.159,9999.000,9999.000,9999.000,9999.000,9999.000,9999.000,9999.000,9999.000
202603170330,   7.066,9999.000,9999.000,9999.000,9999.000,9999.000,9999.000,9999.000,9999.000
202603170336,   6.963,9999.000,9999.000,9999.000,9999.000,9999.000,9999.000,9999.000,9999.000
202603170342,   6.852,9999.000,9999.000,9999.000,9999.000,9999.000,9999.000,9999.000,9999.000
202603170348,   6.732,9999.000,9999.000,9999.000,9999.000,9999.000,9999.000,9999.000,9999.000
202603170354,   6.604,9999.000,9999.000,9999.000,9999.000,9999.000,9999.000,9999.000,9999.000
202603170400,   6.467,9999.000,   0.400,   0.978,   7.845,   0.100,   7.545,   0.700,   8.145
202603170406,   6.323,9999.000,9999.000,9999.000,9999.000,9999.000,9999.000,9999.000,9999.000
202603170412,   6.172,9999.000,9999.000,9999.000,9999.000,9999.000,9999.000,9999.000,9999.000
202603170418,   6.013,9999.000,9999.000,9999.000,9999.000,9999.000,9999.000,9999.000,9999.000
202603170424,   5.848,9999.000,9999.000,9999.000,9999.000,9999.000,9999.000,9999.000,9999.000
202603170430,   5.676,9999.000,9999.000,9999.000,9999.000,9999.000,9999.000,9999.000,9999.000
202603170436,   5.499,9999.000,9999.000,9999.000,9999.000,9999.000,9999.000,9999.000,9999.000
202603170442,   5.317,9999.000,9999.000,9999.000,9999.000,9999.000,9999.000,9999.000,9999.000
202603170448,   5.131,9999.000,9999.000,9999.000,9999.000,9999.000,9999.000,9999.000,9999.000
202603170454,   4.940,9999.000,9999.000,9999.000,9999.000,9999.000,9999.000,9999.000,9999.000
202603170500,   4.747,9999.000,   0.500,   2.253,   7.500,   0.000,   7.000,   0.800,   7.800
202603170506,   4.551,9999.000,9999.000,9999.000,9999.000,9999.000,9999.000,9999.000,9999.000
202603170512,   4.353,9999.000,9999.000,9999.000,9999.000,9999.000,9999.000,9999.000,9999.000
202603170518,   4.153,9999.000,9999.000,9999.000,9999.000,9999.000,9999.000,9999.000,9999.000
202603170524,   3.954,9999.000,9999.000,9999.000,9999.000,9999.000,9999.000,9999.000,9999.000
202603170530,   3.754,9999.000,9999.000,9999.000,9999.000,9999.000,9999.000,9999.000,9999.000
202603170536,   3.556,9999.000,9999.000,9999.000,9999.000,9999.000,9999.000,9999.000,9999.000
202603170542,   3.358,9999.000,9999.000,9999.000,9999.000,9999.000,9999.000,9999.000,9999.000
202603170548,   3.163,9999.000,9999.000,9999.000,9999.000,9999.000,9999.000,9999.000,9999.000
202603170554,   2.970,9999.000,9999.000,9999.000,9999.000,9999.000,9999.000,9999.000,9999.000
202603170600,   2.781,9999.000,   0.500,   2.794,   6.075,   0.200,   5.775,   0.900,   6.475
202603170606,   2.595,9999.000,9999.000,9999.000,9999.000,9999.000,9999.000,9999.000,9999.000
202603170612,   2.414,9999.000,9999.000,9999.000,9999.000,9999.000,9999.000,9999.000,9999.000
202603170618,   2.237,9999.000,9999.000,9999.000,9999.000,9999.000,9999.000,9999.000,9999.000
202603170624,   2.065,9999.000,9999.000,9999.000,9999.000,9999.000,9999.000,9999.000,9999.000
202603170630,   1.898,9999.000,9999.000,9999.000,9999.000,9999.000,9999.000,9999.000,9999.000
202603170636,   1.737,9999.000,9999.000,9999.000,9999.000,9999.000,9999.000,9999.000,9999.000
202603170642,   1.582,9999.000,9999.000,9999.000,9999.000,9999.000,9999.000,9999.000,9999.000
202603170648,   1.434,9999.000,9999.000,9999.000,9999.000,9999.000,9999.000,9999.000,9999.000
202603170654,   1.291,9999.000,9999.000,9999.000,9999.000,9999.000,9999.000,9999.000,9999.000
202603170700,   1.156,9999.000,   0.500,   2.594,   4.250,   0.000,   3.750,   0.800,   4.550
202603170706,   1.027,9999.000,9999.000,9999.000,9999.000,9999.000,9999.000,9999.000,9999.000
202603170712,   0.905,9999.000,9999.000,9999.000,9999.000,9999.000,9999.000,9999.000,9999.000
202603170718,   0.790,9999.000,9999.000,9999.000,9999.000,9999.000,9999.000,9999.000,9999.000
202603170724,   0.683,9999.000,9999.000,9999.000,9999.000,9999.000,9999.000,9999.000,9999.000
202603170730,   0.582,9999.000,9999.000,9999.000,9999.000,9999.000,9999.000,9999.000,9999.000
202603170736,   0.488,9999.000,9999.000,9999.000,9999.000,9999.000,9999.000,9999.000,9999.000
202603170742,   0.402,9999.000,9999.000,9999.000,9999.000,9999.000,9999.000,9999.000,9999.000
202603170748,   0.323,9999.000,9999.000,9999.000,9999.000,9999.000,9999.000,9999.000,9999.000
202603170754,   0.251,9999.000,9999.000,9999.000,9999.000,9999.000,9999.000,9999.000,9999.000
202603170800,   0.187,9999.000,   0.300,   3.014,   3.501,  -0.100,   3.101,   0.900,   4.101
202603170806,   0.130,9999.000,9999.000,9999.000,9999.000,9999.000,9999.000,9999.000,9999.000
202603170812,   0.080,9999.000,9999.000,9999.000,9999.000,9999.000,9999.000,9999.000,9999.000
202603170818,   0.038,9999.000,9999.000,9999.000,9999.000,9999.000,9999.000,9999.000,9999.000
202603170824,   0.003,9999.000,9999.000,9999.000,9999.000,9999.000,9999.000,9999.000,9999.000
202603170830,  -0.023,9999.000,9999.000,9999.000,9999.000,9999.000,9999.000,9999.000,9999.000
202603170836,  -0.042,9999.000,9999.000,9999.000,9999.000,9999.000,9999.000,9999.000,9999.000
202603170842,  -0.053,9999.000,9999.000,9999.000,9999.000,9999.000,9999.000,9999.000,9999.000
202603170848,  -0.056,9999.000,9999.000,9999.000,9999.000,9999.000,9999.000,9999.000,9999.000
202603170854,  -0.051,9999.000,9999.000,9999.000,9999.000,9999.000,9999.000,9999.000,9999.000
202603170900,  -0.037,9999.000,   0.000,   4.120,   4.083,  -0.700,   3.383,   0.700,   4.783
202603170906,  -0.014,9999.000,9999.000,9999.000,9999.000,9999.000,9999.000,9999.000,9999.000
202603170912,   0.018,9999.000,9999.000,9999.000,9999.000,9999.000,9999.000,9999.000,9999.000
202603170918,   0.059,9999.000,9999.000,9999.000,9999.000,9999.000,9999.000,9999.000,9999.000
202603170924,   0.111,9999.000,9999.000,9999.000,9999.000,9999.000,9999.000,9999.000,9999.000
202603170930,   0.172,9999.000,9999.000,9999.000,9999.000,9999.000,9999.000,9999.000,9999.000
202603170936,   0.244,9999.000,9999.000,9999.000,9999.000,9999.000,9999.000,9999.000,9999.000
202603170942,   0.326,9999.000,9999.000,9999.000,9999.000,9999.000,9999.000,9999.000,9999.000
202603170948,   0.418,9999.000,9999.000,9999.000,9999.000,9999.000,9999.000,9999.000,9999.000
202603170954,   0.522,9999.000,9999.000,9999.000,9999.000,9999.000,9999.000,9999.000,9999.000
202603171000,   0.636,9999.000,  -0.400,   4.359,   4.595,  -1.600,   3.395,   0.500,   5.495
202603171006,   0.761,9999.000,9999.000,9999.000,9999.000,9999.000,9999.000,9999.000,9999.000
202603171012,   0.897,9999.000,9999.000,9999.000,9999.000,9999.000,9999.000,9999.000,9999.000
202603171018,   1.044,9999.000,9999.000,9999.000,9999.000,9999.000,9999.000,9999.000,9999.000
202603171024,   1.201,9999.000,9999.000,9999.000,9999.000,9999.000,9999.000,9999.000,9999.000
202603171030,   1.368,9999.000,9999.000,9999.000,9999.000,9999.000,9999.000,9999.000,9999.000
202603171036,   1.546,9999.000,9999.000,9999.000,9999.000,9999.000,9999.000,9999.000,9999.000
202603171042,   1.732,9999.000,9999.000,9999.000,9999.000,9999.000,9999.000,9999.000,9999.000
202603171048,   1.928,9999.000,9999.000,9999.000,9999.000,9999.000,9999.000,9999.000,9999.000
202603171054,   2.132,9999.000,9999.000,9999.000,9999.000,9999.000,9999.000,9999.000,9999.000
202603171100,   2.343,9999.000,  -0.700,   3.226,   4.869,  -1.900,   3.669,   0.300,   5.869
202603171106,   2.561,9999.000,9999.000,9999.000,9999.000,9999.000,9999.000,9999.000,9999.000
202603171112,   2.784,9999.000,9999.000,9999.000,9999.000,9999.000,9999.000,9999.000,9999.000
202603171118,   3.013,9999.000,9999.000,9999.000,9999.000,9999.000,9999.000,9999.000,9999.000
202603171124,   3.245,9999.000,9999.000,9999.000,9999.000,9999.000,9999.000,9999.000,9999.000
202603171130,   3.480,9999.000,9999.000,9999.000,9999.000,9999.000,9999.000,9999.000,9999.000
202603171136,   3.717,9999.000,9999.000,9999.000,9999.000,9999.000,9999.000,9999.000,9999.000
202603171142,   3.954,9999.000,9999.000,9999.000,9999.000,9999.000,9999.000,9999.000,9999.000
202603171148,   4.191,9999.000,9999.000,9999.000,9999.000,9999.000,9999.000,9999.000,9999.000
202603171154,   4.427,9999.000,9999.000,9999.000,9999.000,9999.000,9999.000,9999.000,9999.000
202603171200,   4.660,9999.000,  -1.000,   1.995,   5.655,  -2.000,   4.655,  -0.100,   6.555
202603171206,   4.890,9999.000,9999.000,9999.000,9999.000,9999.000,9999.000,9999.000,9999.000
202603171212,   5.115,9999.000,9999.000,9999.000,9999.000,9999.000,9999.000,9999.000,9999.000
202603171218,   5.334,9999.000,9999.000,9999.000,9999.000,9999.000,9999.000,9999.000,9999.000
202603171224,   5.548,9999.000,9999.000,9999.000,9999.000,9999.000,9999.000,9999.000,9999.000
202603171230,   5.754,9999.000,9999.000,9999.000,9999.000,9999.000,9999.000,9999.000,9999.000
202603171236,   5.953,9999.000,9999.000,9999.000,9999.000,9999.000,9999.000,9999.000,9999.000
202603171242,   6.144,9999.000,9999.000,9999.000,9999.000,9999.000,9999.000,9999.000,9999.000
202603171248,   6.326,9999.000,9999.000,9999.000,9999.000,9999.000,9999.000,9999.000,9999.000
202603171254,   6.498,9999.000,9999.000,9999.000,9999.000,9999.000,9999.000,9999.000,9999.000
202603171300,   6.662,9999.000,  -1.200,   1.391,   6.853,  -1.800,   6.253,  -0.500,   7.553
202603171306,   6.815,9999.000,9999.000,9999.000,9999.000,9999.000,9999.000,9999.000,9999.000
202603171312,   6.959,9999.000,9999.000,9999.000,9999.000,9999.000,9999.000,9999.000,9999.000
202603171318,   7.092,9999.000,9999.000,9999.000,9999.000,9999.000,9999.000,9999.000,9999.000
202603171324,   7.216,9999.000,9999.000,9999.000,9999.000,9999.000,9999.000,9999.000,9999.000
202603171330,   7.330,9999.000,9999.000,9999.000,9999.000,9999.000,9999.000,9999.000,9999.000
202603171336,   7.434,9999.000,9999.000,9999.000,9999.000,9999.000,9999.000,9999.000,9999.000
202603171342,   7.528,9999.000,9999.000,9999.000,9999.000,9999.000,9999.000,9999.000,9999.000
202603171348,   7.612,9999.000,9999.000,9999.000,9999.000,9999.000,9999.000,9999.000,9999.000
202603171354,   7.687,9999.000,9999.000,9999.000,9999.000,9999.000,9999.000,9999.000,9999.000
202603171400,   7.752,9999.000,  -1.400,   0.791,   7.143,  -1.900,   6.643,  -1.000,   7.543
202603171406,   7.808,9999.000,9999.000,9999.000,9999.000,9999.000,9999.000,9999.000,9999.000
202603171412,   7.855,9999.000,9999.000,9999.000,9999.000,9999.000,9999.000,9999.000,9999.000
202603171418,   7.893,9999.000,9999.000,9999.000,9999.000,9999.000,9999.000,9999.000,9999.000
202603171424,   7.922,9999.000,9999.000,9999.000,9999.000,9999.000,9999.000,9999.000,9999.000
202603171430,   7.943,9999.000,9999.000,9999.000,9999.000,9999.000,9999.000,9999.000,9999.000
202603171436,   7.954,9999.000,9999.000,9999.000,9999.000,9999.000,9999.000,9999.000,9999.000
202603171442,   7.957,9999.000,9999.000,9999.000,9999.000,9999.000,9999.000,9999.000,9999.000
202603171448,   7.952,9999.000,9999.000,9999.000,9999.000,9999.000,9999.000,9999.000,9999.000
202603171454,   7.937,9999.000,9999.000,9999.000,9999.000,9999.000,9999.000,9999.000,9999.000
202603171500,   7.914,9999.000,  -1.500,   0.155,   6.569,  -2.000,   6.069,  -1.100,   6.969
202603171506,   7.882,9999.000,9999.000,9999.000,9999.000,9999.000,9999.000,9999.000,9999.000
202603171512,   7.841,9999.000,9999.000,9999.000,9999.000,9999.000,9999.000,9999.000,9999.000
202603171518,   7.791,9999.000,9999.000,9999.000,9999.000,9999.000,9999.000,9999.000,9999.000
202603171524,   7.731,9999.000,9999.000,9999.000,9999.000,9999.000,9999.000,9999.000,9999.000
202603171530,   7.663,9999.000,9999.000,9999.000,9999.000,9999.000,9999.000,9999.000,9999.000
202603171536,   7.586,9999.000,9999.000,9999.000,9999.000,9999.000,9999.000,9999.000,9999.000
202603171542,   7.499,9999.000,9999.000,9999.000,9999.000,9999.000,9999.000,9999.000,9999.000
202603171548,   7.403,9999.000,9999.000,9999.000,9999.000,9999.000,9999.000,9999.000,9999.000
202603171554,   7.298,9999.000,9999.000,9999.000,9999.000,9999.000,9999.000,9999.000,9999.000
202603171600,   7.184,9999.000,  -1.500,   0.474,   6.158,  -1.900,   5.758,  -1.000,   6.658
202603171606,   7.060,9999.000,9999.000,9999.000,9999.000,9999.000,9999.000,9999.000,9999.000
202603171612,   6.928,9999.000,9999.000,9999.000,9999.000,9999.000,9999.000,9999.000,9999.000
202603171618,   6.788,9999.000,9999.000,9999.000,9999.000,9999.000,9999.000,9999.000,9999.000
202603171624,   6.639,9999.000,9999.000,9999.000,9999.000,9999.000,9999.000,9999.000,9999.000
202603171630,   6.481,9999.000,9999.000,9999.000,9999.000,9999.000,9999.000,9999.000,9999.000
202603171636,   6.317,9999.000,9999.000,9999.000,9999.000,9999.000,9999.000,9999.000,9999.000
202603171642,   6.145,9999.000,9999.000,9999.000,9999.000,9999.000,9999.000,9999.000,9999.000
202603171648,   5.966,9999.000,9999.000,9999.000,9999.000,9999.000,9999.000,9999.000,9999.000
202603171654,   5.781,9999.000,9999.000,9999.000,9999.000,9999.000,9999.000,9999.000,9999.000
202603171700,   5.591,9999.000,  -1.500,   1.735,   5.826,  -1.900,   5.426,  -1.000,   6.326
202603171706,   5.396,9999.000,9999.000,9999.000,9999.000,9999.000,9999.000,9999.000,9999.000
202603171712,   5.196,9999.000,9999.000,9999.000,9999.000,9999.000,9999.000,9999.000,9999.000
202603171718,   4.993,9999.000,9999.000,9999.000,9999.000,9999.000,9999.000,9999.000,9999.000
202603171724,   4.786,9999.000,9999.000,9999.000,9999.000,9999.000,9999.000,9999.000,9999.000
202603171730,   4.577,9999.000,9999.000,9999.000,9999.000,9999.000,9999.000,9999.000,9999.000
202603171736,   4.367,9999.000,9999.000,9999.000,9999.000,9999.000,9999.000,9999.000,9999.000
202603171742,   4.156,9999.000,9999.000,9999.000,9999.000,9999.000,9999.000,9999.000,9999.000
202603171748,   3.944,9999.000,9999.000,9999.000,9999.000,9999.000,9999.000,9999.000,9999.000
202603171754,   3.734,9999.000,9999.000,9999.000,9999.000,9999.000,9999.000,9999.000,9999.000
202603171800,   3.524,9999.000,  -1.400,   2.629,   4.753,  -1.900,   4.253,  -0.900,   5.253
202603171806,   3.316,9999.000,9999.000,9999.000,9999.000,9999.000,9999.000,9999.000,9999.000
202603171812,   3.111,9999.000,9999.000,9999.000,9999.000,9999.000,9999.000,9999.000,9999.000
202603171818,   2.909,9999.000,9999.000,9999.000,9999.000,9999.000,9999.000,9999.000,9999.000
202603171824,   2.710,9999.000,9999.000,9999.000,9999.000,9999.000,9999.000,9999.000,9999.000
202603171830,   2.516,9999.000,9999.000,9999.000,9999.000,9999.000,9999.000,9999.000,9999.000
202603171836,   2.326,9999.000,9999.000,9999.000,9999.000,9999.000,9999.000,9999.000,9999.000
202603171842,   2.142,9999.000,9999.000,9999.000,9999.000,9999.000,9999.000,9999.000,9999.000
202603171848,   1.963,9999.000,9999.000,9999.000,9999.000,9999.000,9999.000,9999.000,9999.000
202603171854,   1.790,9999.000,9999.000,9999.000,9999.000,9999.000,9999.000,9999.000,9999.000
202603171900,   1.623,9999.000,  -1.400,   2.844,   3.067,  -1.900,   2.567,  -0.900,   3.567
202603171906,   1.464,9999.000,9999.000,9999.000,9999.000,9999.000,9999.000,9999.000,9999.000
202603171912,   1.311,9999.000,9999.000,9999.000,9999.000,9999.000,9999.000,9999.000,9999.000
202603171918,   1.165,9999.000,9999.000,9999.000,9999.000,9999.000,9999.000,9999.000,9999.000
202603171924,   1.026,9999.000,9999.000,9999.000,9999.000,9999.000,9999.000,9999.000,9999.000
202603171930,   0.895,9999.000,9999.000,9999.000,9999.000,9999.000,9999.000,9999.000,9999.000
202603171936,   0.771,9999.000,9999.000,9999.000,9999.000,9999.000,9999.000,9999.000,9999.000
202603171942,   0.655,9999.000,9999.000,9999.000,9999.000,9999.000,9999.000,9999.000,9999.000
202603171948,   0.547,9999.000,9999.000,9999.000,9999.000,9999.000,9999.000,9999.000,9999.000
202603171954,   0.446,9999.000,9999.000,9999.000,9999.000,9999.000,9999.000,9999.000,9999.000
202603172000,   0.353,9999.000,  -1.300,   3.480,   2.533,  -1.900,   1.933,  -0.800,   3.033
202603172006,   0.268,9999.000,9999.000,9999.000,9999.000,9999.000,9999.000,9999.000,9999.000
202603172012,   0.191,9999.000,9999.000,9999.000,9999.000,9999.000,9999.000,9999.000,9999.000
202603172018,   0.121,9999.000,9999.000,9999.000,9999.000,9999.000,9999.000,9999.000,9999.000
202603172024,   0.060,9999.000,9999.000,9999.000,9999.000,9999.000,9999.000,9999.000,9999.000
202603172030,   0.006,9999.000,9999.000,9999.000,9999.000,9999.000,9999.000,9999.000,9999.000
202603172036,  -0.039,9999.000,9999.000,9999.000,9999.000,9999.000,9999.000,9999.000,9999.000
202603172042,  -0.077,9999.000,9999.000,9999.000,9999.000,9999.000,9999.000,9999.000,9999.000
202603172048,  -0.107,9999.000,9999.000,9999.000,9999.000,9999.000,9999.000,9999.000,9999.000
202603172054,  -0.128,9999.000,9999.000,9999.000,9999.000,9999.000,9999.000,9999.000,9999.000
202603172100,  -0.142,9999.000,  -1.200,   4.666,   3.324,  -1.800,   2.724,  -0.800,   3.724
202603172106,  -0.147,9999.000,9999.000,9999.000,9999.000,9999.000,9999.000,9999.000,9999.000
202603172112,  -0.144,9999.000,9999.000,9999.000,9999.000,9999.000,9999.000,9999.000,9999.000
202603172118,  -0.132,9999.000,9999.000,9999.000,9999.000,9999.000,9999.000,9999.000,9999.000
202603172124,  -0.111,9999.000,9999.000,9999.000,9999.000,9999.000,9999.000,9999.000,9999.000
202603172130,  -0.080,9999.000,9999.000,9999.000,9999.000,9999.000,9999.000,9999.000,9999.000
202603172136,  -0.041,9999.000,9999.000,9999.000,9999.000,9999.000,9999.000,9999.000,9999.000
202603172142,   0.007,9999.000,9999.000,9999.000,9999.000,9999.000,9999.000,9999.000,9999.000
202603172148,   0.067,9999.000,9999.000,9999.000,9999.000,9999.000,9999.000,9999.000,9999.000
202603172154,   0.136,9999.000,9999.000,9999.000,9999.000,9999.000,9999.000,9999.000,9999.000
202603172200,   0.215,9999.000,  -1.100,   4.992,   4.107,  -1.700,   3.507,  -0.600,   4.607
202603172206,   0.305,9999.000,9999.000,9999.000,9999.000,9999.000,9999.000,9999.000,9999.000
202603172212,   0.406,9999.000,9999.000,9999.000,9999.000,9999.000,9999.000,9999.000,9999.000
202603172218,   0.518,9999.000,9999.000,9999.000,9999.000,9999.000,9999.000,9999.000,9999.000
202603172224,   0.640,9999.000,9999.000,9999.000,9999.000,9999.000,9999.000,9999.000,9999.000
202603172230,   0.774,9999.000,9999.000,9999.000,9999.000,9999.000,9999.000,9999.000,9999.000
202603172236,   0.918,9999.000,9999.000,9999.000,9999.000,9999.000,9999.000,9999.000,9999.000
202603172242,   1.073,9999.000,9999.000,9999.000,9999.000,9999.000,9999.000,9999.000,9999.000
202603172248,   1.239,9999.000,9999.000,9999.000,9999.000,9999.000,9999.000,9999.000,9999.000
202603172254,   1.415,9999.000,9999.000,9999.000,9999.000,9999.000,9999.000,9999.000,9999.000
202603172300,   1.601,9999.000,  -1.100,   3.929,   4.430,  -1.600,   3.930,  -0.600,   4.930
202603172306,   1.796,9999.000,9999.000,9999.000,9999.000,9999.000,9999.000,9999.000,9999.000
202603172312,   2.000,9999.000,9999.000,9999.000,9999.000,9999.000,9999.000,9999.000,9999.000
202603172318,   2.212,9999.000,9999.000,9999.000,9999.000,9999.000,9999.000,9999.000,9999.000
202603172324,   2.431,9999.000,9999.000,9999.000,9999.000,9999.000,9999.000,9999.000,9999.000
202603172330,   2.658,9999.000,9999.000,9999.000,9999.000,9999.000,9999.000,9999.000,9999.000
202603172336,   2.890,9999.000,9999.000,9999.000,9999.000,9999.000,9999.000,9999.000,9999.000
202603172342,   3.126,9999.000,9999.000,9999.000,9999.000,9999.000,9999.000,9999.000,9999.000
202603172348,   3.367,9999.000,9999.000,9999.000,9999.000,9999.000,9999.000,9999.000,9999.000
202603172354,   3.610,9999.000,9999.000,9999.000,9999.000,9999.000,9999.000,9999.000,9999.000
202603180000,   3.855,9999.000,  -1.100,   2.614,   5.369,  -1.600,   4.869,  -0.600,   5.869
202603180006,   4.100,9999.000,9999.000,9999.000,9999.000,9999.000,9999.000,9999.000,9999.000
202603180012,   4.345,9999.000,9999.000,9999.000,9999.000,9999.000,9999.000,9999.000,9999.000
202603180018,   4.589,9999.000,9999.000,9999.000,9999.000,9999.000,9999.000,9999.000,9999.000
202603180024,   4.829,9999.000,9999.000,9999.000,9999.000,9999.000,9999.000,9999.000,9999.000
202603180030,   5.066,9999.000,9999.000,9999.000,9999.000,9999.000,9999.000,9999.000,9999.000
202603180036,   5.298,9999.000,9999.000,9999.000,9999.000,9999.000,9999.000,9999.000,9999.000
202603180042,   5.525,9999.000,9999.000,9999.000,9999.000,9999.000,9999.000,9999.000,9999.000
202603180048,   5.745,9999.000,9999.000,9999.000,9999.000,9999.000,9999.000,9999.000,9999.000
202603180054,   5.957,9999.000,9999.000,9999.000,9999.000,9999.000,9999.000,9999.000,9999.000
202603180100,   6.162,9999.000,  -1.100,   1.693,   6.755,  -1.600,   6.255,  -0.700,   7.155
202603180106,   6.358,9999.000,9999.000,9999.000,9999.000,9999.000,9999.000,9999.000,9999.000
202603180112,   6.545,9999.000,9999.000,9999.000,9999.000,9999.000,9999.000,9999.000,9999.000
202603180118,   6.722,9999.000,9999.000,9999.000,9999.000,9999.000,9999.000,9999.000,9999.000
202603180124,   6.890,9999.000,9999.000,9999.000,9999.000,9999.000,9999.000,9999.000,9999.000
202603180130,   7.047,9999.000,9999.000,9999.000,9999.000,9999.000,9999.000,9999.000,9999.000
202603180136,   7.194,9999.000,9999.000,9999.000,9999.000,9999.000,9999.000,9999.000,9999.000
202603180142,   7.330,9999.000,9999.000,9999.000,9999.000,9999.000,9999.000,9999.000,9999.000
202603180148,   7.456,9999.000,9999.000,9999.000,9999.000,9999.000,9999.000,9999.000,9999.000
202603180154,   7.572,9999.000,9999.000,9999.000,9999.000,9999.000,9999.000,9999.000,9999.000
202603180200,   7.677,9999.000,  -1.100,   0.617,   7.194,  -1.600,   6.694,  -0.800,   7.494
202603180206,   7.771,9999.000,9999.000,9999.000,9999.000,9999.000,9999.000,9999.000,9999.000
202603180212,   7.855,9999.000,9999.000,9999.000,9999.000,9999.000,9999.000,9999.000,9999.000
202603180218,   7.930,9999.000,9999.000,9999.000,9999.000,9999.000,9999.000,9999.000,9999.000
202603180224,   7.994,9999.000,9999.000,9999.000,9999.000,9999.000,9999.000,9999.000,9999.000
202603180230,   8.049,9999.000,9999.000,9999.000,9999.000,9999.000,9999.000,9999.000,9999.000
202603180236,   8.093,9999.000,9999.000,9999.000,9999.000,9999.000,9999.000,9999.000,9999.000
202603180242,   8.129,9999.000,9999.000,9999.000,9999.000,9999.000,9999.000,9999.000,9999.000
202603180248,   8.155,9999.000,9999.000,9999.000,9999.000,9999.000,9999.000,9999.000,9999.000
202603180254,   8.172,9999.000,9999.000,9999.000,9999.000,9999.000,9999.000,9999.000,9999.000
202603180300,   8.179,9999.000,  -1.200,  -0.392,   6.587,  -1.600,   6.187,  -0.800,   6.987
202603180306,   8.178,9999.000,9999.000,9999.000,9999.000,9999.000,9999.000,9999.000,9999.000
202603180312,   8.167,9999.000,9999.000,9999.000,9999.000,9999.000,9999.000,9999.000,9999.000
202603180318,   8.147,9999.000,9999.000,9999.000,9999.000,9999.000,9999.000,9999.000,9999.000
202603180324,   8.118,9999.000,9999.000,9999.000,9999.000,9999.000,9999.000,9999.000,9999.000
202603180330,   8.080,9999.000,9999.000,9999.000,9999.000,9999.000,9999.000,9999.000,9999.000
202603180336,   8.033,9999.000,9999.000,9999.000,9999.000,9999.000,9999.000,9999.000,9999.000
202603180342,   7.976,9999.000,9999.000,9999.000,9999.000,9999.000,9999.000,9999.000,9999.000
202603180348,   7.910,9999.000,9999.000,9999.000,9999.000,9999.000,9999.000,9999.000,9999.000
202603180354,   7.834,9999.000,9999.000,9999.000,9999.000,9999.000,9999.000,9999.000,9999.000
202603180400,   7.749,9999.000,  -1.200,  -0.091,   6.458,  -1.700,   5.958,  -0.800,   6.858
202603180406,   7.655,9999.000,9999.000,9999.000,9999.000,9999.000,9999.000,9999.000,9999.000
202603180412,   7.551,9999.000,9999.000,9999.000,9999.000,9999.000,9999.000,9999.000,9999.000
202603180418,   7.437,9999.000,9999.000,9999.000,9999.000,9999.000,9999.000,9999.000,9999.000
202603180424,   7.314,9999.000,9999.000,9999.000,9999.000,9999.000,9999.000,9999.000,9999.000
202603180430,   7.182,9999.000,9999.000,9999.000,9999.000,9999.000,9999.000,9999.000,9999.000
202603180436,   7.041,9999.000,9999.000,9999.000,9999.000,9999.000,9999.000,9999.000,9999.000
202603180442,   6.891,9999.000,9999.000,9999.000,9999.000,9999.000,9999.000,9999.000,9999.000
202603180448,   6.732,9999.000,9999.000,9999.000,9999.000,9999.000,9999.000,9999.000,9999.000
202603180454,   6.565,9999.000,9999.000,9999.000,9999.000,9999.000,9999.000,9999.000,9999.000
202603180500,   6.391,9999.000,  -1.300,   1.376,   6.467,  -1.700,   6.067,  -0.900,   6.867
202603180506,   6.208,9999.000,9999.000,9999.000,9999.000,9999.000,9999.000,9999.000,9999.000
202603180512,   6.019,9999.000,9999.000,9999.000,9999.000,9999.000,9999.000,9999.000,9999.000
202603180518,   5.824,9999.000,9999.000,9999.000,9999.000,9999.000,9999.000,9999.000,9999.000
202603180524,   5.623,9999.000,9999.000,9999.000,9999.000,9999.000,9999.000,9999.000,9999.000
202603180530,   5.416,9999.000,9999.000,9999.000,9999.000,9999.000,9999.000,9999.000,9999.000
202603180536,   5.205,9999.000,9999.000,9999.000,9999.000,9999.000,9999.000,9999.000,9999.000
202603180542,   4.991,9999.000,9999.000,9999.000,9999.000,9999.000,9999.000,9999.000,9999.000
202603180548,   4.773,9999.000,9999.000,9999.000,9999.000,9999.000,9999.000,9999.000,9999.000
202603180554,   4.552,9999.000,9999.000,9999.000,9999.000,9999.000,9999.000,9999.000,9999.000
202603180600,   4.330,9999.000,  -1.300,   2.249,   5.279,  -1.700,   4.879,  -0.900,   5.679
202603180606,   4.107,9999.000,9999.000,9999.000,9999.000,9999.000,9999.000,9999.000,9999.000
202603180612,   3.883,9999.000,9999.000,9999.000,9999.000,9999.000,9999.000,9999.000,9999.000
202603180618,   3.660,9999.000,9999.000,9999.000,9999.000,9999.000,9999.000,9999.000,9999.000
202603180624,   3.438,9999.000,9999.000,9999.000,9999.000,9999.000,9999.000,9999.000,9999.000
202603180630,   3.217,9999.000,9999.000,9999.000,9999.000,9999.000,9999.000,9999.000,9999.000
202603180636,   3.000,9999.000,9999.000,9999.000,9999.000,9999.000,9999.000,9999.000,9999.000
202603180642,   2.785,9999.000,9999.000,9999.000,9999.000,9999.000,9999.000,9999.000,9999.000
202603180648,   2.574,9999.000,9999.000,9999.000,9999.000,9999.000,9999.000,9999.000,9999.000
202603180654,   2.367,9999.000,9999.000,9999.000,9999.000,9999.000,9999.000,9999.000,9999.000
202603180700,   2.165,9999.000,  -1.300,   2.079,   2.944,  -1.700,   2.544,  -1.000,   3.244
202603180706,   1.968,9999.000,9999.000,9999.000,9999.000,9999.000,9999.000,9999.000,9999.000
202603180712,   1.776,9999.000,9999.000,9999.000,9999.000,9999.000,9999.000,9999.000,9999.000
202603180718,   1.591,9999.000,9999.000,9999.000,9999.000,9999.000,9999.000,9999.000,9999.000
202603180724,   1.412,9999.000,9999.000,9999.000,9999.000,9999.000,9999.000,9999.000,9999.000
202603180730,   1.240,9999.000,9999.000,9999.000,9999.000,9999.000,9999.000,9999.000,9999.000
202603180736,   1.075,9999.000,9999.000,9999.000,9999.000,9999.000,9999.000,9999.000,9999.000
202603180742,   0.918,9999.000,9999.000,9999.000,9999.000,9999.000,9999.000,9999.000,9999.000
202603180748,   0.767,9999.000,9999.000,9999.000,9999.000,9999.000,9999.000,9999.000,9999.000
202603180754,   0.625,9999.000,9999.000,9999.000,9999.000,9999.000,9999.000,9999.000,9999.000
202603180800,   0.490,9999.000,  -1.300,   2.469,   1.659,  -1.700,   1.259,  -0.900,   2.059
202603180806,   0.363,9999.000,9999.000,9999.000,9999.000,9999.000,9999.000,9999.000,9999.000
202603180812,   0.245,9999.000,9999.000,9999.000,9999.000,9999.000,9999.000,9999.000,9999.000
202603180818,   0.134,9999.000,9999.000,9999.000,9999.000,9999.000,9999.000,9999.000,9999.000
202603180824,   0.031,9999.000,9999.000,9999.000,9999.000,9999.000,9999.000,9999.000,9999.000
202603180830,  -0.062,9999.000,9999.000,9999.000,9999.000,9999.000,9999.000,9999.000,9999.000
202603180836,  -0.148,9999.000,9999.000,9999.000,9999.000,9999.000,9999.000,9999.000,9999.000
202603180842,  -0.226,9999.000,9999.000,9999.000,9999.000,9999.000,9999.000,9999.000,9999.000
202603180848,  -0.295,9999.000,9999.000,9999.000,9999.000,9999.000,9999.000,9999.000,9999.000
202603180854,  -0.356,9999.000,9999.000,9999.000,9999.000,9999.000,9999.000,9999.000,9999.000
202603180900,  -0.409,9999.000,  -1.200,   4.044,   2.435,  -1.600,   2.035,  -0.900,   2.735
202603180906,  -0.453,9999.000,9999.000,9999.000,9999.000,9999.000,9999.000,9999.000,9999.000
202603180912,  -0.489,9999.000,9999.000,9999.000,9999.000,9999.000,9999.000,9999.000,9999.000
202603180918,  -0.516,9999.000,9999.000,9999.000,9999.000,9999.000,9999.000,9999.000,9999.000
202603180924,  -0.534,9999.000,9999.000,9999.000,9999.000,9999.000,9999.000,9999.000,9999.000
202603180930,  -0.543,9999.000,9999.000,9999.000,9999.000,9999.000,9999.000,9999.000,9999.000
202603180936,  -0.543,9999.000,9999.000,9999.000,9999.000,9999.000,9999.000,9999.000,9999.000
202603180942,  -0.534,9999.000,9999.000,9999.000,9999.000,9999.000,9999.000,9999.000,9999.000
202603180948,  -0.515,9999.000,9999.000,9999.000,9999.000,9999.000,9999.000,9999.000,9999.000
202603180954,  -0.487,9999.000,9999.000,9999.000,9999.000,9999.000,9999.000,9999.000,9999.000
202603181000,  -0.448,9999.000,  -1.100,   5.150,   3.602,  -1.500,   3.202,  -0.800,   3.902
202603181006,  -0.399,9999.000,9999.000,9999.000,9999.000,9999.000,9999.000,9999.000,9999.000
202603181012,  -0.339,9999.000,9999.000,9999.000,9999.000,9999.000,9999.000,9999.000,9999.000
202603181018,  -0.269,9999.000,9999.000,9999.000,9999.000,9999.000,9999.000,9999.000,9999.000
202603181024,  -0.188,9999.000,9999.000,9999.000,9999.000,9999.000,9999.000,9999.000,9999.000
202603181030,  -0.095,9999.000,9999.000,9999.000,9999.000,9999.000,9999.000,9999.000,9999.000
202603181036,   0.008,9999.000,9999.000,9999.000,9999.000,9999.000,9999.000,9999.000,9999.000
202603181042,   0.124,9999.000,9999.000,9999.000,9999.000,9999.000,9999.000,9999.000,9999.000
202603181048,   0.251,9999.000,9999.000,9999.000,9999.000,9999.000,9999.000,9999.000,9999.000
202603181054,   0.390,9999.000,9999.000,9999.000,9999.000,9999.000,9999.000,9999.000,9999.000
202603181100,   0.540,9999.000,  -1.000,   4.594,   4.134,  -1.300,   3.834,  -0.600,   4.534
202603181106,   0.702,9999.000,9999.000,9999.000,9999.000,9999.000,9999.000,9999.000,9999.000
202603181112,   0.875,9999.000,9999.000,9999.000,9999.000,9999.000,9999.000,9999.000,9999.000
202603181118,   1.059,9999.000,9999.000,9999.000,9999.000,9999.000,9999.000,9999.000,9999.000
202603181124,   1.254,9999.000,9999.000,9999.000,9999.000,9999.000,9999.000,9999.000,9999.000
202603181130,   1.458,9999.000,9999.000,9999.000,9999.000,9999.000,9999.000,9999.000,9999.000
202603181136,   1.672,9999.000,9999.000,9999.000,9999.000,9999.000,9999.000,9999.000,9999.000
202603181142,   1.895,9999.000,9999.000,9999.000,9999.000,9999.000,9999.000,9999.000,9999.000
202603181148,   2.126,9999.000,9999.000,9999.000,9999.000,9999.000,9999.000,9999.000,9999.000
202603181154,   2.365,9999.000,9999.000,9999.000,9999.000,9999.000,9999.000,9999.000,9999.000
202603181200,   2.609,9999.000,  -0.900,   3.331,   5.040,  -1.200,   4.740,  -0.500,   5.440
202603181206,   2.859,9999.000,9999.000,9999.000,9999.000,9999.000,9999.000,9999.000,9999.000
202603181212,   3.114,9999.000,9999.000,9999.000,9999.000,9999.000,9999.000,9999.000,9999.000
202603181218,   3.371,9999.000,9999.000,9999.000,9999.000,9999.000,9999.000,9999.000,9999.000
202603181224,   3.631,9999.000,9999.000,9999.000,9999.000,9999.000,9999.000,9999.000,9999.000
202603181230,   3.891,9999.000,9999.000,9999.000,9999.000,9999.000,9999.000,9999.000,9999.000
202603181236,   4.152,9999.000,9999.000,9999.000,9999.000,9999.000,9999.000,9999.000,9999.000
202603181242,   4.410,9999.000,9999.000,9999.000,9999.000,9999.000,9999.000,9999.000,9999.000
202603181248,   4.667,9999.000,9999.000,9999.000,9999.000,9999.000,9999.000,9999.000,9999.000
202603181254,   4.920,9999.000,9999.000,9999.000,9999.000,9999.000,9999.000,9999.000,9999.000
202603181300,   5.168,9999.000,  -0.700,   2.347,   6.815,  -1.000,   6.515,  -0.500,   7.015
202603181306,   5.411,9999.000,9999.000,9999.000,9999.000,9999.000,9999.000,9999.000,9999.000
202603181312,   5.647,9999.000,9999.000,9999.000,9999.000,9999.000,9999.000,9999.000,9999.000
202603181318,   5.876,9999.000,9999.000,9999.000,9999.000,9999.000,9999.000,9999.000,9999.000
202603181324,   6.096,9999.000,9999.000,9999.000,9999.000,9999.000,9999.000,9999.000,9999.000
202603181330,   6.308,9999.000,9999.000,9999.000,9999.000,9999.000,9999.000,9999.000,9999.000
202603181336,   6.510,9999.000,9999.000,9999.000,9999.000,9999.000,9999.000,9999.000,9999.000
202603181342,   6.702,9999.000,9999.000,9999.000,9999.000,9999.000,9999.000,9999.000,9999.000
202603181348,   6.884,9999.000,9999.000,9999.000,9999.000,9999.000,9999.000,9999.000,9999.000
202603181354,   7.055,9999.000,9999.000,9999.000,9999.000,9999.000,9999.000,9999.000,9999.000
202603181400,   7.216,9999.000,  -0.600,   1.211,   7.827,  -0.900,   7.527,  -0.400,   8.027
202603181406,   7.365,9999.000,9999.000,9999.000,9999.000,9999.000,9999.000,9999.000,9999.000
202603181412,   7.503,9999.000,9999.000,9999.000,9999.000,9999.000,9999.000,9999.000,9999.000
202603181418,   7.630,9999.000,9999.000,9999.000,9999.000,9999.000,9999.000,9999.000,9999.000
202603181424,   7.745,9999.000,9999.000,9999.000,9999.000,9999.000,9999.000,9999.000,9999.000
202603181430,   7.850,9999.000,9999.000,9999.000,9999.000,9999.000,9999.000,9999.000,9999.000
202603181436,   7.943,9999.000,9999.000,9999.000,9999.000,9999.000,9999.000,9999.000,9999.000
202603181442,   8.025,9999.000,9999.000,9999.000,9999.000,9999.000,9999.000,9999.000,9999.000
202603181448,   8.097,9999.000,9999.000,9999.000,9999.000,9999.000,9999.000,9999.000,9999.000
202603181454,   8.158,9999.000,9999.000,9999.000,9999.000,9999.000,9999.000,9999.000,9999.000
202603181500,   8.209,9999.000,  -0.500,  -0.117,   7.592,  -0.800,   7.292,  -0.300,   7.792
202603181506,   8.249,9999.000,9999.000,9999.000,9999.000,9999.000,9999.000,9999.000,9999.000
202603181512,   8.279,9999.000,9999.000,9999.000,9999.000,9999.000,9999.000,9999.000,9999.000
202603181518,   8.299,9999.000,9999.000,9999.000,9999.000,9999.000,9999.000,9999.000,9999.000
202603181524,   8.309,9999.000,9999.000,9999.000,9999.000,9999.000,9999.000,9999.000,9999.000
202603181530,   8.309,9999.000,9999.000,9999.000,9999.000,9999.000,9999.000,9999.000,9999.000
202603181536,   8.298,9999.000,9999.000,9999.000,9999.000,9999.000,9999.000,9999.000,9999.000
202603181542,   8.278,9999.000,9999.000,9999.000,9999.000,9999.000,9999.000,9999.000,9999.000
202603181548,   8.249,9999.000,9999.000,9999.000,9999.000,9999.000,9999.000,9999.000,9999.000
202603181554,   8.209,9999.000,9999.000,9999.000,9999.000,9999.000,9999.000,9999.000,9999.000
202603181600,   8.159,9999.000,  -0.400,  -0.385,   7.374,  -0.700,   7.074,  -0.200,   7.574
202603181606,   8.099,9999.000,9999.000,9999.000,9999.000,9999.000,9999.000,9999.000,9999.000
202603181612,   8.029,9999.000,9999.000,9999.000,9999.000,9999.000,9999.000,9999.000,9999.000
202603181618,   7.949,9999.000,9999.000,9999.000,9999.000,9999.000,9999.000,9999.000,9999.000
202603181624,   7.859,9999.000,9999.000,9999.000,9999.000,9999.000,9999.000,9999.000,9999.000
202603181630,   7.759,9999.000,9999.000,9999.000,9999.000,9999.000,9999.000,9999.000,9999.000
202603181636,   7.650,9999.000,9999.000,9999.000,9999.000,9999.000,9999.000,9999.000,9999.000
202603181642,   7.530,9999.000,9999.000,9999.000,9999.000,9999.000,9999.000,9999.000,9999.000
202603181648,   7.400,9999.000,9999.000,9999.000,9999.000,9999.000,9999.000,9999.000,9999.000
202603181654,   7.261,9999.000,9999.000,9999.000,9999.000,9999.000,9999.000,9999.000,9999.000
202603181700,   7.113,9999.000,  -0.400,   0.784,   7.497,  -0.600,   7.297,  -0.200,   7.697
202603181706,   6.955,9999.000,9999.000,9999.000,9999.000,9999.000,9999.000,9999.000,9999.000
202603181712,   6.788,9999.000,9999.000,9999.000,9999.000,9999.000,9999.000,9999.000,9999.000
202603181718,   6.614,9999.000,9999.000,9999.000,9999.000,9999.000,9999.000,9999.000,9999.000
202603181724,   6.431,9999.000,9999.000,9999.000,9999.000,9999.000,9999.000,9999.000,9999.000
202603181730,   6.240,9999.000,9999.000,9999.000,9999.000,9999.000,9999.000,9999.000,9999.000
202603181736,   6.043,9999.000,9999.000,9999.000,9999.000,9999.000,9999.000,9999.000,9999.000
202603181742,   5.839,9999.000,9999.000,9999.000,9999.000,9999.000,9999.000,9999.000,9999.000
202603181748,   5.630,9999.000,9999.000,9999.000,9999.000,9999.000,9999.000,9999.000,9999.000
202603181754,   5.415,9999.000,9999.000,9999.000,9999.000,9999.000,9999.000,9999.000,9999.000
202603181800,   5.196,9999.000,  -0.300,   1.945,   6.841,  -0.500,   6.641,  -0.100,   7.041
202603181806,   4.973,9999.000,9999.000,9999.000,9999.000,9999.000,9999.000,9999.000,9999.000
202603181812,   4.747,9999.000,9999.000,9999.000,9999.000,9999.000,9999.000,9999.000,9999.000
202603181818,   4.520,9999.000,9999.000,9999.000,9999.000,9999.000,9999.000,9999.000,9999.000
202603181824,   4.290,9999.000,9999.000,9999.000,9999.000,9999.000,9999.000,9999.000,9999.000
202603181830,   4.060,9999.000,9999.000,9999.000,9999.000,9999.000,9999.000,9999.000,9999.000
202603181836,   3.830,9999.000,9999.000,9999.000,9999.000,9999.000,9999.000,9999.000,9999.000
202603181842,   3.601,9999.000,9999.000,9999.000,9999.000,9999.000,9999.000,9999.000,9999.000
202603181848,   3.373,9999.000,9999.000,9999.000,9999.000,9999.000,9999.000,9999.000,9999.000
202603181854,   3.148,9999.000,9999.000,9999.000,9999.000,9999.000,9999.000,9999.000,9999.000
202603181900,   2.926,9999.000,  -0.200,   2.282,   5.008,  -0.400,   4.808,   0.000,   5.208
202603181906,   2.707,9999.000,9999.000,9999.000,9999.000,9999.000,9999.000,9999.000,9999.000
202603181912,   2.492,9999.000,9999.000,9999.000,9999.000,9999.000,9999.000,9999.000,9999.000
202603181918,   2.283,9999.000,9999.000,9999.000,9999.000,9999.000,9999.000,9999.000,9999.000
202603181924,   2.078,9999.000,9999.000,9999.000,9999.000,9999.000,9999.000,9999.000,9999.000
202603181930,   1.880,9999.000,9999.000,9999.000,9999.000,9999.000,9999.000,9999.000,9999.000
202603181936,   1.688,9999.000,9999.000,9999.000,9999.000,9999.000,9999.000,9999.000,9999.000
202603181942,   1.503,9999.000,9999.000,9999.000,9999.000,9999.000,9999.000,9999.000,9999.000
202603181948,   1.325,9999.000,9999.000,9999.000,9999.000,9999.000,9999.000,9999.000,9999.000
202603181954,   1.154,9999.000,9999.000,9999.000,9999.000,9999.000,9999.000,9999.000,9999.000
202603182000,   0.991,9999.000,  -0.100,   2.881,   3.772,  -0.400,   3.472,   0.000,   3.872
202603182006,   0.837,9999.000,9999.000,9999.000,9999.000,9999.000,9999.000,9999.000,9999.000
202603182012,   0.690,9999.000,9999.000,9999.000,9999.000,9999.000,9999.000,9999.000,9999.000
202603182018,   0.552,9999.000,9999.000,9999.000,9999.000,9999.000,9999.000,9999.000,9999.000
202603182024,   0.423,9999.000,9999.000,9999.000,9999.000,9999.000,9999.000,9999.000,9999.000
202603182030,   0.302,9999.000,9999.000,9999.000,9999.000,9999.000,9999.000,9999.000,9999.000
202603182036,   0.190,9999.000,9999.000,9999.000,9999.000,9999.000,9999.000,9999.000,9999.000
202603182042,   0.086,9999.000,9999.000,9999.000,9999.000,9999.000,9999.000,9999.000,9999.000
202603182048,  -0.007,9999.000,9999.000,9999.000,9999.000,9999.000,9999.000,9999.000,9999.000
202603182054,  -0.093,9999.000,9999.000,9999.000,9999.000,9999.000,9999.000,9999.000,9999.000
202603182100,  -0.169,9999.000,  -0.100,   4.374,   4.105,  -0.200,   4.005,   0.000,   4.205
202603182106,  -0.237,9999.000,9999.000,9999.000,9999.000,9999.000,9999.000,9999.000,9999.000
202603182112,  -0.296,9999.000,9999.000,9999.000,9999.000,9999.000,9999.000,9999.000,9999.000
202603182118,  -0.346,9999.000,9999.000,9999.000,9999.000,9999.000,9999.000,9999.000,9999.000
202603182124,  -0.387,9999.000,9999.000,9999.000,9999.000,9999.000,9999.000,9999.000,9999.000
202603182130,  -0.419,9999.000,9999.000,9999.000,9999.000,9999.000,9999.000,9999.000,9999.000
202603182136,  -0.442,9999.000,9999.000,9999.000,9999.000,9999.000,9999.000,9999.000,9999.000
202603182142,  -0.456,9999.000,9999.000,9999.000,9999.000,9999.000,9999.000,9999.000,9999.000
202603182148,  -0.461,9999.000,9999.000,9999.000,9999.000,9999.000,9999.000,9999.000,9999.000
202603182154,  -0.457,9999.000,9999.000,9999.000,9999.000,9999.000,9999.000,9999.000,9999.000
202603182200,  -0.443,9999.000,  -0.100,   5.447,   4.904,  -0.200,   4.804,   0.000,   5.004
202603182206,  -0.419,9999.000,9999.000,9999.000,9999.000,9999.000,9999.000,9999.000,9999.000
202603182212,  -0.386,9999.000,9999.000,9999.000,9999.000,9999.000,9999.000,9999.000,9999.000
202603182218,  -0.343,9999.000,9999.000,9999.000,9999.000,9999.000,9999.000,9999.000,9999.000
202603182224,  -0.290,9999.000,9999.000,9999.000,9999.000,9999.000,9999.000,9999.000,9999.000
202603182230,  -0.226,9999.000,9999.000,9999.000,9999.000,9999.000,9999.000,9999.000,9999.000
202603182236,  -0.152,9999.000,9999.000,9999.000,9999.000,9999.000,9999.000,9999.000,9999.000
202603182242,  -0.067,9999.000,9999.000,9999.000,9999.000,9999.000,9999.000,9999.000,9999.000
202603182248,   0.028,9999.000,9999.000,9999.000,9999.000,9999.000,9999.000,9999.000,9999.000
202603182254,   0.135,9999.000,9999.000,9999.000,9999.000,9999.000,9999.000,9999.000,9999.000
202603182300,   0.253,9999.000,   0.000,   4.984,   5.237,  -0.100,   5.137,   0.100,   5.337
202603182306,   0.382,9999.000,9999.000,9999.000,9999.000,9999.000,9999.000,9999.000,9999.000
202603182312,   0.523,9999.000,9999.000,9999.000,9999.000,9999.000,9999.000,9999.000,9999.000
202603182318,   0.675,9999.000,9999.000,9999.000,9999.000,9999.000,9999.000,9999.000,9999.000
202603182324,   0.839,9999.000,9999.000,9999.000,9999.000,9999.000,9999.000,9999.000,9999.000
202603182330,   1.013,9999.000,9999.000,9999.000,9999.000,9999.000,9999.000,9999.000,9999.000
202603182336,   1.199,9999.000,9999.000,9999.000,9999.000,9999.000,9999.000,9999.000,9999.000
202603182342,   1.395,9999.000,9999.000,9999.000,9999.000,9999.000,9999.000,9999.000,9999.000
202603182348,   1.601,9999.000,9999.000,9999.000,9999.000,9999.000,9999.000,9999.000,9999.000
202603182354,   1.817,9999.000,9999.000,9999.000,9999.000,9999.000,9999.000,9999.000,9999.000
202603190000,   2.042,9999.000,   0.000,   3.690,   5.732,  -0.100,   5.632,   0.100,   5.832
202603190006,   2.276,9999.000,9999.000,9999.000,9999.000,9999.000,9999.000,9999.000,9999.000
202603190012,   2.517,9999.000,9999.000,9999.000,9999.000,9999.000,9999.000,9999.000,9999.000
202603190018,   2.765,9999.000,9999.000,9999.000,9999.000,9999.000,9999.000,9999.000,9999.000
202603190024,   3.018,9999.000,9999.000,9999.000,9999.000,9999.000,9999.000,9999.000,9999.000
202603190030,   3.277,9999.000,9999.000,9999.000,9999.000,9999.000,9999.000,9999.000,9999.000
202603190036,   3.539,9999.000,9999.000,9999.000,9999.000,9999.000,9999.000,9999.000,9999.000
202603190042,   3.804,9999.000,9999.000,9999.000,9999.000,9999.000,9999.000,9999.000,9999.000
202603190048,   4.071,9999.000,9999.000,9999.000,9999.000,9999.000,9999.000,9999.000,9999.000
202603190054,   4.338,9999.000,9999.000,9999.000,9999.000,9999.000,9999.000,9999.000,9999.000
202603190100,   4.604,9999.000,   0.000,   2.399,   7.003,   0.000,   7.003,   0.100,   7.103
202603190106,   4.868,9999.000,9999.000,9999.000,9999.000,9999.000,9999.000,9999.000,9999.000
202603190112,   5.130,9999.000,9999.000,9999.000,9999.000,9999.000,9999.000,9999.000,9999.000
202603190118,   5.387,9999.000,9999.000,9999.000,9999.000,9999.000,9999.000,9999.000,9999.000
202603190124,   5.638,9999.000,9999.000,9999.000,9999.000,9999.000,9999.000,9999.000,9999.000
202603190130,   5.884,9999.000,9999.000,9999.000,9999.000,9999.000,9999.000,9999.000,9999.000
202603190136,   6.122,9999.000,9999.000,9999.000,9999.000,9999.000,9999.000,9999.000,9999.000
202603190142,   6.352,9999.000,9999.000,9999.000,9999.000,9999.000,9999.000,9999.000,9999.000
202603190148,   6.574,9999.000,9999.000,9999.000,9999.000,9999.000,9999.000,9999.000,9999.000
202603190154,   6.786,9999.000,9999.000,9999.000,9999.000,9999.000,9999.000,9999.000,9999.000
202603190200,   6.987,9999.000,   0.100,   0.866,   7.953,   0.000,   7.853,   0.200,   8.053
202603190206,   7.178,9999.000,9999.000,9999.000,9999.000,9999.000,9999.000,9999.000,9999.000
202603190212,   7.358,9999.000,9999.000,9999.000,9999.000,9999.000,9999.000,9999.000,9999.000
202603190218,   7.526,9999.000,9999.000,9999.000,9999.000,9999.000,9999.000,9999.000,9999.000
202603190224,   7.683,9999.000,9999.000,9999.000,9999.000,9999.000,9999.000,9999.000,9999.000
202603190230,   7.828,9999.000,9999.000,9999.000,9999.000,9999.000,9999.000,9999.000,9999.000
202603190236,   7.961,9999.000,9999.000,9999.000,9999.000,9999.000,9999.000,9999.000,9999.000
202603190242,   8.082,9999.000,9999.000,9999.000,9999.000,9999.000,9999.000,9999.000,9999.000
202603190248,   8.191,9999.000,9999.000,9999.000,9999.000,9999.000,9999.000,9999.000,9999.000
202603190254,   8.288,9999.000,9999.000,9999.000,9999.000,9999.000,9999.000,9999.000,9999.000
202603190300,   8.374,9999.000,   0.100,  -0.638,   7.836,   0.000,   7.736,   0.100,   7.836
202603190306,   8.448,9999.000,9999.000,9999.000,9999.000,9999.000,9999.000,9999.000,9999.000
202603190312,   8.510,9999.000,9999.000,9999.000,9999.000,9999.000,9999.000,9999.000,9999.000
202603190318,   8.562,9999.000,9999.000,9999.000,9999.000,9999.000,9999.000,9999.000,9999.000
202603190324,   8.602,9999.000,9999.000,9999.000,9999.000,9999.000,9999.000,9999.000,9999.000
202603190330,   8.631,9999.000,9999.000,9999.000,9999.000,9999.000,9999.000,9999.000,9999.000
202603190336,   8.650,9999.000,9999.000,9999.000,9999.000,9999.000,9999.000,9999.000,9999.000
202603190342,   8.658,9999.000,9999.000,9999.000,9999.000,9999.000,9999.000,9999.000,9999.000
202603190348,   8.656,9999.000,9999.000,9999.000,9999.000,9999.000,9999.000,9999.000,9999.000
202603190354,   8.643,9999.000,9999.000,9999.000,9999.000,9999.000,9999.000,9999.000,9999.000
202603190400,   8.620,9999.000,   0.000,  -0.746,   7.874,   0.000,   7.874,   0.100,   7.974
202603190406,   8.587,9999.000,9999.000,9999.000,9999.000,9999.000,9999.000,9999.000,9999.000
202603190412,   8.544,9999.000,9999.000,9999.000,9999.000,9999.000,9999.000,9999.000,9999.000
202603190418,   8.491,9999.000,9999.000,9999.000,9999.000,9999.000,9999.000,9999.000,9999.000
202603190424,   8.427,9999.000,9999.000,9999.000,9999.000,9999.000,9999.000,9999.000,9999.000
202603190430,   8.354,9999.000,9999.000,9999.000,9999.000,9999.000,9999.000,9999.000,9999.000
202603190436,   8.270,9999.000,9999.000,9999.000,9999.000,9999.000,9999.000,9999.000,9999.000
202603190442,   8.176,9999.000,9999.000,9999.000,9999.000,9999.000,9999.000,9999.000,9999.000
202603190448,   8.072,9999.000,9999.000,9999.000,9999.000,9999.000,9999.000,9999.000,9999.000
202603190454,   7.958,9999.000,9999.000,9999.000,9999.000,9999.000,9999.000,9999.000,9999.000
202603190500,   7.834,9999.000,   0.000,   2.154,   9.988,   0.000,   9.988,   0.100,  10.088
202603190506,   7.700,9999.000,9999.000,9999.000,9999.000,9999.000,9999.000,9999.000,9999.000
202603190512,   7.557,9999.000,9999.000,9999.000,9999.000,9999.000,9999.000,9999.000,9999.000
202603190518,   7.404,9999.000,9999.000,9999.000,9999.000,9999.000,9999.000,9999.000,9999.000
202603190524,   7.241,9999.000,9999.000,9999.000,9999.000,9999.000,9999.000,9999.000,9999.000
202603190530,   7.070,9999.000,9999.000,9999.000,9999.000,9999.000,9999.000,9999.000,9999.000
202603190536,   6.889,9999.000,9999.000,9999.000,9999.000,9999.000,9999.000,9999.000,9999.000
202603190542,   6.701,9999.000,9999.000,9999.000,9999.000,9999.000,9999.000,9999.000,9999.000
202603190548,   6.504,9999.000,9999.000,9999.000,9999.000,9999.000,9999.000,9999.000,9999.000
202603190554,   6.300,9999.000,9999.000,9999.000,9999.000,9999.000,9999.000,9999.000,9999.000
202603190600,   6.090,9999.000,   0.000,   2.154,   8.244,   0.000,   8.244,   0.100,   8.344
