        TIME,    TIDE,      OB,   SURGE,    BIAS,     TWL,SURGE90p,  TWL90p,SURGE10p,   TWL10p
202605080600,   3.486,   3.798,   0.200,   0.112,   3.798,   0.200,   3.798,   0.200,   3.798
202605080606,   3.513,9999.000,9999.000,9999.000,9999.000,9999.000,9999.000,9999.000,9999.000
202605080612,   3.542,   3.890,9999.000,9999.000,9999.000,9999.000,9999.000,9999.000,9999.000
202605080618,   3.573,9999.000,9999.000,9999.000,9999.000,9999.000,9999.000,9999.000,9999.000
202605080624,   3.604,   3.988,9999.000,9999.000,9999.000,9999.000,9999.000,9999.000,9999.000
202605080630,   3.637,9999.000,9999.000,9999.000,9999.000,9999.000,9999.000,9999.000,9999.000
202605080636,   3.670,   4.027,9999.000,9999.000,9999.000,9999.000,9999.000,9999.000,9999.000
202605080642,   3.705,9999.000,9999.000,9999.000,9999.000,9999.000,9999.000,9999.000,9999.000
202605080648,   3.740,   4.099,9999.000,9999.000,9999.000,9999.000,9999.000,9999.000,9999.000
202605080654,   3.777,9999.000,9999.000,9999.000,9999.000,9999.000,9999.000,9999.000,9999.000
202605080700,   3.814,   4.168,   0.200,   0.154,   4.168,   0.200,   4.168,   0.200,   4.168
202605080706,   3.851,   4.208,9999.000,9999.000,9999.000,9999.000,9999.000,9999.000,9999.000
202605080712,   3.889,   4.257,9999.000,9999.000,9999.000,9999.000,9999.000,9999.000,9999.000
202605080718,   3.928,   4.257,9999.000,9999.000,9999.000,9999.000,9999.000,9999.000,9999.000
202605080724,   3.966,   4.267,9999.000,9999.000,9999.000,9999.000,9999.000,9999.000,9999.000
202605080730,   4.005,   4.300,9999.000,9999.000,9999.000,9999.000,9999.000,9999.000,9999.000
202605080736,   4.044,   4.359,9999.000,9999.000,9999.000,9999.000,9999.000,9999.000,9999.000
202605080742,   4.083,   4.408,9999.000,9999.000,9999.000,9999.000,9999.000,9999.000,9999.000
202605080748,   4.122,   4.457,9999.000,9999.000,9999.000,9999.000,9999.000,9999.000,9999.000
202605080754,   4.160,   4.457,9999.000,9999.000,9999.000,9999.000,9999.000,9999.000,9999.000
202605080800,   4.198,   4.549,   0.200,   0.151,   4.549,   0.200,   4.549,   0.200,   4.549
202605080806,   4.235,   4.559,9999.000,9999.000,9999.000,9999.000,9999.000,9999.000,9999.000
202605080812,   4.272,   4.549,9999.000,9999.000,9999.000,9999.000,9999.000,9999.000,9999.000
202605080818,   4.307,   4.588,9999.000,9999.000,9999.000,9999.000,9999.000,9999.000,9999.000
202605080824,   4.342,   4.628,9999.000,9999.000,9999.000,9999.000,9999.000,9999.000,9999.000
202605080830,   4.376,   4.628,9999.000,9999.000,9999.000,9999.000,9999.000,9999.000,9999.000
202605080836,   4.409,   4.657,9999.000,9999.000,9999.000,9999.000,9999.000,9999.000,9999.000
202605080842,   4.440,   4.739,9999.000,9999.000,9999.000,9999.000,9999.000,9999.000,9999.000
202605080848,   4.470,   4.710,9999.000,9999.000,9999.000,9999.000,9999.000,9999.000,9999.000
202605080854,   4.498,   4.769,9999.000,9999.000,9999.000,9999.000,9999.000,9999.000,9999.000
202605080900,   4.525,   4.749,   0.200,   0.024,   4.749,   0.100,   4.649,   0.200,   4.749
202605080906,   4.550,   4.778,9999.000,9999.000,9999.000,9999.000,9999.000,9999.000,9999.000
202605080912,   4.573,   4.808,9999.000,9999.000,9999.000,9999.000,9999.000,9999.000,9999.000
202605080918,   4.594,   4.828,9999.000,9999.000,9999.000,9999.000,9999.000,9999.000,9999.000
202605080924,   4.613,   4.857,9999.000,9999.000,9999.000,9999.000,9999.000,9999.000,9999.000
202605080930,   4.629,   4.910,9999.000,9999.000,9999.000,9999.000,9999.000,9999.000,9999.000
202605080936,   4.644,   4.887,9999.000,9999.000,9999.000,9999.000,9999.000,9999.000,9999.000
202605080942,   4.656,   4.867,9999.000,9999.000,9999.000,9999.000,9999.000,9999.000,9999.000
202605080948,   4.665,   4.877,9999.000,9999.000,9999.000,9999.000,9999.000,9999.000,9999.000
202605080954,   4.672,   4.910,9999.000,9999.000,9999.000,9999.000,9999.000,9999.000,9999.000
202605081000,   4.676,   4.877,   0.100,   0.101,   4.877,   0.100,   4.877,   0.200,   4.977
202605081006,   4.678,   4.900,9999.000,9999.000,9999.000,9999.000,9999.000,9999.000,9999.000
202605081012,   4.677,   4.900,9999.000,9999.000,9999.000,9999.000,9999.000,9999.000,9999.000
202605081018,   4.673,   4.877,9999.000,9999.000,9999.000,9999.000,9999.000,9999.000,9999.000
202605081024,   4.665,   4.867,9999.000,9999.000,9999.000,9999.000,9999.000,9999.000,9999.000
202605081030,   4.655,   4.867,9999.000,9999.000,9999.000,9999.000,9999.000,9999.000,9999.000
202605081036,   4.642,   4.837,9999.000,9999.000,9999.000,9999.000,9999.000,9999.000,9999.000
202605081042,   4.626,   4.837,9999.000,9999.000,9999.000,9999.000,9999.000,9999.000,9999.000
202605081048,   4.607,   4.788,9999.000,9999.000,9999.000,9999.000,9999.000,9999.000,9999.000
202605081054,   4.584,   4.769,9999.000,9999.000,9999.000,9999.000,9999.000,9999.000,9999.000
202605081100,   4.558,   4.759,   0.100,   0.101,   4.759,   0.100,   4.759,   0.100,   4.759
202605081106,   4.530,   4.710,9999.000,9999.000,9999.000,9999.000,9999.000,9999.000,9999.000
202605081112,   4.497,   4.657,9999.000,9999.000,9999.000,9999.000,9999.000,9999.000,9999.000
202605081118,   4.462,   4.608,9999.000,9999.000,9999.000,9999.000,9999.000,9999.000,9999.000
202605081124,   4.424,   4.539,9999.000,9999.000,9999.000,9999.000,9999.000,9999.000,9999.000
202605081130,   4.382,   4.509,9999.000,9999.000,9999.000,9999.000,9999.000,9999.000,9999.000
202605081136,   4.337,   4.457,9999.000,9999.000,9999.000,9999.000,9999.000,9999.000,9999.000
202605081142,   4.289,   4.437,9999.000,9999.000,9999.000,9999.000,9999.000,9999.000,9999.000
202605081148,   4.238,   4.378,9999.000,9999.000,9999.000,9999.000,9999.000,9999.000,9999.000
202605081154,   4.184,   4.319,9999.000,9999.000,9999.000,9999.000,9999.000,9999.000,9999.000
202605081200,   4.127,   4.227,   0.200,  -0.100,   4.227,   0.200,   4.227,   0.200,   4.227
202605081206,   4.067,   4.198,9999.000,9999.000,9999.000,9999.000,9999.000,9999.000,9999.000
202605081212,   4.004,   4.099,9999.000,9999.000,9999.000,9999.000,9999.000,9999.000,9999.000
202605081218,   3.939,   4.047,9999.000,9999.000,9999.000,9999.000,9999.000,9999.000,9999.000
202605081224,   3.870,   3.949,9999.000,9999.000,9999.000,9999.000,9999.000,9999.000,9999.000
202605081230,   3.799,   3.929,9999.000,9999.000,9999.000,9999.000,9999.000,9999.000,9999.000
202605081236,   3.726,   3.817,9999.000,9999.000,9999.000,9999.000,9999.000,9999.000,9999.000
202605081242,   3.650,   3.739,9999.000,9999.000,9999.000,9999.000,9999.000,9999.000,9999.000
202605081248,   3.571,   3.650,9999.000,9999.000,9999.000,9999.000,9999.000,9999.000,9999.000
202605081254,   3.491,   3.558,9999.000,9999.000,9999.000,9999.000,9999.000,9999.000,9999.000
202605081300,   3.408,   3.529,   0.200,  -0.079,   3.529,   0.200,   3.529,   0.200,   3.529
202605081306,   3.324,   3.398,9999.000,9999.000,9999.000,9999.000,9999.000,9999.000,9999.000
202605081312,   3.238,   3.319,9999.000,9999.000,9999.000,9999.000,9999.000,9999.000,9999.000
202605081318,   3.150,   3.250,9999.000,9999.000,9999.000,9999.000,9999.000,9999.000,9999.000
202605081324,   3.060,   3.178,9999.000,9999.000,9999.000,9999.000,9999.000,9999.000,9999.000
202605081330,   2.969,   3.089,9999.000,9999.000,9999.000,9999.000,9999.000,9999.000,9999.000
202605081336,   2.877,   2.958,9999.000,9999.000,9999.000,9999.000,9999.000,9999.000,9999.000
202605081342,   2.784,   2.860,9999.000,9999.000,9999.000,9999.000,9999.000,9999.000,9999.000
202605081348,   2.690,   2.850,9999.000,9999.000,9999.000,9999.000,9999.000,9999.000,9999.000
202605081354,   2.595,   2.748,9999.000,9999.000,9999.000,9999.000,9999.000,9999.000,9999.000
202605081400,   2.500,   2.640,   0.200,  -0.060,   2.640,   0.200,   2.640,   0.200,   2.640
202605081406,   2.404,   2.538,9999.000,9999.000,9999.000,9999.000,9999.000,9999.000,9999.000
202605081412,   2.308,   2.420,9999.000,9999.000,9999.000,9999.000,9999.000,9999.000,9999.000
202605081418,   2.212,   2.358,9999.000,9999.000,9999.000,9999.000,9999.000,9999.000,9999.000
202605081424,   2.116,   2.240,9999.000,9999.000,9999.000,9999.000,9999.000,9999.000,9999.000
202605081430,   2.020,   2.128,9999.000,9999.000,9999.000,9999.000,9999.000,9999.000,9999.000
202605081436,   1.925,   2.069,9999.000,9999.000,9999.000,9999.000,9999.000,9999.000,9999.000
202605081442,   1.831,   1.990,9999.000,9999.000,9999.000,9999.000,9999.000,9999.000,9999.000
202605081448,   1.737,   1.879,9999.000,9999.000,9999.000,9999.000,9999.000,9999.000,9999.000
202605081454,   1.644,   1.767,9999.000,9999.000,9999.000,9999.000,9999.000,9999.000,9999.000
202605081500,   1.553,   1.649,   0.200,  -0.104,   1.649,   0.100,   1.549,   0.200,   1.649
202605081506,   1.462,   1.590,9999.000,9999.000,9999.000,9999.000,9999.000,9999.000,9999.000
202605081512,   1.374,   1.498,9999.000,9999.000,9999.000,9999.000,9999.000,9999.000,9999.000
202605081518,   1.287,   1.459,9999.000,9999.000,9999.000,9999.000,9999.000,9999.000,9999.000
202605081524,   1.202,   1.348,9999.000,9999.000,9999.000,9999.000,9999.000,9999.000,9999.000
202605081530,   1.118,   1.269,9999.000,9999.000,9999.000,9999.000,9999.000,9999.000,9999.000
202605081536,   1.037,   1.200,9999.000,9999.000,9999.000,9999.000,9999.000,9999.000,9999.000
202605081542,   0.959,   1.118,9999.000,9999.000,9999.000,9999.000,9999.000,9999.000,9999.000
202605081548,   0.882,   0.980,9999.000,9999.000,9999.000,9999.000,9999.000,9999.000,9999.000
202605081554,   0.809,   0.898,9999.000,9999.000,9999.000,9999.000,9999.000,9999.000,9999.000
202605081600,   0.738,   0.898,   0.200,  -0.040,   0.898,   0.200,   0.898,   0.200,   0.898
202605081606,   0.669,   0.859,9999.000,9999.000,9999.000,9999.000,9999.000,9999.000,9999.000
202605081612,   0.604,   0.751,9999.000,9999.000,9999.000,9999.000,9999.000,9999.000,9999.000
202605081618,   0.542,   0.698,9999.000,9999.000,9999.000,9999.000,9999.000,9999.000,9999.000
202605081624,   0.483,   0.619,9999.000,9999.000,9999.000,9999.000,9999.000,9999.000,9999.000
202605081630,   0.428,   0.590,9999.000,9999.000,9999.000,9999.000,9999.000,9999.000,9999.000
202605081636,   0.375,   0.551,9999.000,9999.000,9999.000,9999.000,9999.000,9999.000,9999.000
202605081642,   0.327,   0.469,9999.000,9999.000,9999.000,9999.000,9999.000,9999.000,9999.000
202605081648,   0.282,   0.469,9999.000,9999.000,9999.000,9999.000,9999.000,9999.000,9999.000
202605081654,   0.240,   0.449,9999.000,9999.000,9999.000,9999.000,9999.000,9999.000,9999.000
202605081700,   0.202,   0.409,   0.200,   0.007,   0.409,   0.200,   0.409,   0.200,   0.409
202605081706,   0.168,   0.390,9999.000,9999.000,9999.000,9999.000,9999.000,9999.000,9999.000
202605081712,   0.138,   0.321,9999.000,9999.000,9999.000,9999.000,9999.000,9999.000,9999.000
202605081718,   0.112,   0.331,9999.000,9999.000,9999.000,9999.000,9999.000,9999.000,9999.000
202605081724,   0.090,   0.288,9999.000,9999.000,9999.000,9999.000,9999.000,9999.000,9999.000
202605081730,   0.071,   0.268,9999.000,9999.000,9999.000,9999.000,9999.000,9999.000,9999.000
202605081736,   0.057,   0.331,9999.000,9999.000,9999.000,9999.000,9999.000,9999.000,9999.000
202605081742,   0.046,   0.288,9999.000,9999.000,9999.000,9999.000,9999.000,9999.000,9999.000
202605081748,   0.040,   0.239,9999.000,9999.000,9999.000,9999.000,9999.000,9999.000,9999.000
202605081754,   0.037,   0.239,9999.000,9999.000,9999.000,9999.000,9999.000,9999.000,9999.000
202605081800,   0.038,   0.259,   0.100,   0.121,   0.259,   0.100,   0.259,   0.200,   0.359
202605081806,   0.044,   0.298,9999.000,9999.000,9999.000,9999.000,9999.000,9999.000,9999.000
202605081812,   0.053,   0.278,9999.000,9999.000,9999.000,9999.000,9999.000,9999.000,9999.000
202605081818,   0.066,   0.350,9999.000,9999.000,9999.000,9999.000,9999.000,9999.000,9999.000
202605081824,   0.083,   0.370,9999.000,9999.000,9999.000,9999.000,9999.000,9999.000,9999.000
202605081830,   0.104,   0.360,9999.000,9999.000,9999.000,9999.000,9999.000,9999.000,9999.000
202605081836,   0.128,   0.409,9999.000,9999.000,9999.000,9999.000,9999.000,9999.000,9999.000
202605081842,   0.156,   0.380,9999.000,9999.000,9999.000,9999.000,9999.000,9999.000,9999.000
202605081848,   0.188,   0.429,9999.000,9999.000,9999.000,9999.000,9999.000,9999.000,9999.000
202605081854,   0.223,   0.488,9999.000,9999.000,9999.000,9999.000,9999.000,9999.000,9999.000
202605081900,   0.262,   0.531,   0.100,   0.169,   0.531,   0.100,   0.531,   0.200,   0.631
202605081906,   0.304,   0.570,9999.000,9999.000,9999.000,9999.000,9999.000,9999.000,9999.000
202605081912,   0.349,   0.629,9999.000,9999.000,9999.000,9999.000,9999.000,9999.000,9999.000
202605081918,   0.397,   0.639,9999.000,9999.000,9999.000,9999.000,9999.000,9999.000,9999.000
202605081924,   0.449,   0.678,9999.000,9999.000,9999.000,9999.000,9999.000,9999.000,9999.000
202605081930,   0.503,   0.718,9999.000,9999.000,9999.000,9999.000,9999.000,9999.000,9999.000
202605081936,   0.560,   0.819,9999.000,9999.000,9999.000,9999.000,9999.000,9999.000,9999.000
202605081942,   0.620,   0.888,9999.000,9999.000,9999.000,9999.000,9999.000,9999.000,9999.000
202605081948,   0.682,   0.928,9999.000,9999.000,9999.000,9999.000,9999.000,9999.000,9999.000
202605081954,   0.747,   1.000,9999.000,9999.000,9999.000,9999.000,9999.000,9999.000,9999.000
202605082000,   0.813,   1.049,   0.200,   0.036,   1.049,   0.100,   0.949,   0.200,   1.049
202605082006,   0.882,   1.151,9999.000,9999.000,9999.000,9999.000,9999.000,9999.000,9999.000
202605082012,   0.953,   1.210,9999.000,9999.000,9999.000,9999.000,9999.000,9999.000,9999.000
202605082018,   1.026,   1.289,9999.000,9999.000,9999.000,9999.000,9999.000,9999.000,9999.000
202605082024,   1.101,   1.361,9999.000,9999.000,9999.000,9999.000,9999.000,9999.000,9999.000
202605082030,   1.177,   1.420,9999.000,9999.000,9999.000,9999.000,9999.000,9999.000,9999.000
202605082036,   1.254,   1.538,9999.000,9999.000,9999.000,9999.000,9999.000,9999.000,9999.000
202605082042,   1.333,   1.620,9999.000,9999.000,9999.000,9999.000,9999.000,9999.000,9999.000
202605082048,   1.412,   1.679,9999.000,9999.000,9999.000,9999.000,9999.000,9999.000,9999.000
202605082054,   1.493,   1.738,9999.000,9999.000,9999.000,9999.000,9999.000,9999.000,9999.000
202605082100,   1.574,   1.781,   0.200,   0.007,   1.781,   0.100,   1.681,   0.200,   1.781
202605082106,   1.656,   1.889,9999.000,9999.000,9999.000,9999.000,9999.000,9999.000,9999.000
202605082112,   1.738,   2.030,9999.000,9999.000,9999.000,9999.000,9999.000,9999.000,9999.000
202605082118,   1.821,   2.089,9999.000,9999.000,9999.000,9999.000,9999.000,9999.000,9999.000
202605082124,   1.904,   2.138,9999.000,9999.000,9999.000,9999.000,9999.000,9999.000,9999.000
202605082130,   1.986,   2.220,9999.000,9999.000,9999.000,9999.000,9999.000,9999.000,9999.000
202605082136,   2.069,   2.299,9999.000,9999.000,9999.000,9999.000,9999.000,9999.000,9999.000
202605082142,   2.151,   2.368,9999.000,9999.000,9999.000,9999.000,9999.000,9999.000,9999.000
202605082148,   2.232,   2.469,9999.000,9999.000,9999.000,9999.000,9999.000,9999.000,9999.000
202605082154,   2.313,   2.499,9999.000,9999.000,9999.000,9999.000,9999.000,9999.000,9999.000
202605082200,   2.393,   2.620,   0.200,   0.027,   2.620,   0.100,   2.520,   0.200,   2.620
202605082206,   2.472,   2.669,9999.000,9999.000,9999.000,9999.000,9999.000,9999.000,9999.000
202605082212,   2.550,   2.768,9999.000,9999.000,9999.000,9999.000,9999.000,9999.000,9999.000
202605082218,   2.626,   2.787,9999.000,9999.000,9999.000,9999.000,9999.000,9999.000,9999.000
202605082224,   2.702,   2.919,9999.000,9999.000,9999.000,9999.000,9999.000,9999.000,9999.000
202605082230,   2.776,   2.978,9999.000,9999.000,9999.000,9999.000,9999.000,9999.000,9999.000
202605082236,   2.848,   3.050,9999.000,9999.000,9999.000,9999.000,9999.000,9999.000,9999.000
202605082242,   2.918,   3.109,9999.000,9999.000,9999.000,9999.000,9999.000,9999.000,9999.000
202605082248,   2.987,   3.148,9999.000,9999.000,9999.000,9999.000,9999.000,9999.000,9999.000
202605082254,   3.054,   3.207,9999.000,9999.000,9999.000,9999.000,9999.000,9999.000,9999.000
202605082300,   3.118,   3.289,   0.100,   0.071,   3.289,   0.100,   3.289,   0.200,   3.389
202605082306,   3.181,   3.329,9999.000,9999.000,9999.000,9999.000,9999.000,9999.000,9999.000
202605082312,   3.241,   3.398,9999.000,9999.000,9999.000,9999.000,9999.000,9999.000,9999.000
202605082318,   3.299,   3.417,9999.000,9999.000,9999.000,9999.000,9999.000,9999.000,9999.000
202605082324,   3.354,   3.519,9999.000,9999.000,9999.000,9999.000,9999.000,9999.000,9999.000
202605082330,   3.408,   3.539,9999.000,9999.000,9999.000,9999.000,9999.000,9999.000,9999.000
202605082336,   3.458,   3.558,9999.000,9999.000,9999.000,9999.000,9999.000,9999.000,9999.000
202605082342,   3.506,   3.617,9999.000,9999.000,9999.000,9999.000,9999.000,9999.000,9999.000
202605082348,   3.551,   3.670,9999.000,9999.000,9999.000,9999.000,9999.000,9999.000,9999.000
202605082354,   3.594,   3.729,9999.000,9999.000,9999.000,9999.000,9999.000,9999.000,9999.000
202605090000,   3.634,   3.798,   0.000,   0.164,   3.798,   0.000,   3.798,   0.100,   3.898
202605090006,   3.671,   3.837,9999.000,9999.000,9999.000,9999.000,9999.000,9999.000,9999.000
202605090012,   3.706,   3.827,9999.000,9999.000,9999.000,9999.000,9999.000,9999.000,9999.000
202605090018,   3.737,   3.837,9999.000,9999.000,9999.000,9999.000,9999.000,9999.000,9999.000
202605090024,   3.766,   3.837,9999.000,9999.000,9999.000,9999.000,9999.000,9999.000,9999.000
202605090030,   3.793,   3.880,9999.000,9999.000,9999.000,9999.000,9999.000,9999.000,9999.000
202605090036,   3.816,   3.909,9999.000,9999.000,9999.000,9999.000,9999.000,9999.000,9999.000
202605090042,   3.837,   3.958,9999.000,9999.000,9999.000,9999.000,9999.000,9999.000,9999.000
202605090048,   3.855,   3.939,9999.000,9999.000,9999.000,9999.000,9999.000,9999.000,9999.000
202605090054,   3.870,   3.968,9999.000,9999.000,9999.000,9999.000,9999.000,9999.000,9999.000
202605090100,   3.883,   3.929,   0.100,  -0.054,   3.929,   0.000,   3.829,   0.100,   3.929
202605090106,   3.893,   3.949,9999.000,9999.000,9999.000,9999.000,9999.000,9999.000,9999.000
202605090112,   3.901,   3.968,9999.000,9999.000,9999.000,9999.000,9999.000,9999.000,9999.000
202605090118,   3.906,   3.988,9999.000,9999.000,9999.000,9999.000,9999.000,9999.000,9999.000
202605090124,   3.908,   4.008,9999.000,9999.000,9999.000,9999.000,9999.000,9999.000,9999.000
202605090130,   3.909,   3.998,9999.000,9999.000,9999.000,9999.000,9999.000,9999.000,9999.000
202605090136,   3.907,   3.998,9999.000,9999.000,9999.000,9999.000,9999.000,9999.000,9999.000
202605090142,   3.903,   3.958,9999.000,9999.000,9999.000,9999.000,9999.000,9999.000,9999.000
202605090148,   3.897,   3.998,9999.000,9999.000,9999.000,9999.000,9999.000,9999.000,9999.000
202605090154,   3.889,   3.958,9999.000,9999.000,9999.000,9999.000,9999.000,9999.000,9999.000
202605090200,   3.879,   3.978,   0.000,   0.099,   3.978,   0.000,   3.978,   0.100,   4.078
202605090206,   3.867,   3.978,9999.000,9999.000,9999.000,9999.000,9999.000,9999.000,9999.000
202605090212,   3.853,   3.958,9999.000,9999.000,9999.000,9999.000,9999.000,9999.000,9999.000
202605090218,   3.838,   3.890,9999.000,9999.000,9999.000,9999.000,9999.000,9999.000,9999.000
202605090224,   3.821,   3.909,9999.000,9999.000,9999.000,9999.000,9999.000,9999.000,9999.000
202605090230,   3.803,   3.909,9999.000,9999.000,9999.000,9999.000,9999.000,9999.000,9999.000
202605090236,   3.784,   3.860,9999.000,9999.000,9999.000,9999.000,9999.000,9999.000,9999.000
202605090242,   3.764,   3.847,9999.000,9999.000,9999.000,9999.000,9999.000,9999.000,9999.000
202605090248,   3.742,   3.870,9999.000,9999.000,9999.000,9999.000,9999.000,9999.000,9999.000
202605090254,   3.720,   3.870,9999.000,9999.000,9999.000,9999.000,9999.000,9999.000,9999.000
202605090300,   3.697,   3.837,   0.100,   0.040,   3.837,   0.000,   3.737,   0.100,   3.837
202605090306,   3.673,   3.749,9999.000,9999.000,9999.000,9999.000,9999.000,9999.000,9999.000
202605090312,   3.649,   3.788,9999.000,9999.000,9999.000,9999.000,9999.000,9999.000,9999.000
202605090318,   3.624,   3.749,9999.000,9999.000,9999.000,9999.000,9999.000,9999.000,9999.000
202605090324,   3.599,   3.758,9999.000,9999.000,9999.000,9999.000,9999.000,9999.000,9999.000
202605090330,   3.574,   3.739,9999.000,9999.000,9999.000,9999.000,9999.000,9999.000,9999.000
202605090336,   3.549,   3.689,9999.000,9999.000,9999.000,9999.000,9999.000,9999.000,9999.000
202605090342,   3.524,   3.650,9999.000,9999.000,9999.000,9999.000,9999.000,9999.000,9999.000
202605090348,   3.499,   3.670,9999.000,9999.000,9999.000,9999.000,9999.000,9999.000,9999.000
202605090354,   3.474,   3.650,9999.000,9999.000,9999.000,9999.000,9999.000,9999.000,9999.000
202605090400,   3.450,   3.548,   0.100,  -0.002,   3.548,   0.100,   3.548,   0.100,   3.548
202605090406,   3.426,   3.568,9999.000,9999.000,9999.000,9999.000,9999.000,9999.000,9999.000
202605090412,   3.403,   3.568,9999.000,9999.000,9999.000,9999.000,9999.000,9999.000,9999.000
202605090418,   3.381,   3.568,9999.000,9999.000,9999.000,9999.000,9999.000,9999.000,9999.000
202605090424,   3.359,   3.499,9999.000,9999.000,9999.000,9999.000,9999.000,9999.000,9999.000
202605090430,   3.339,   3.509,9999.000,9999.000,9999.000,9999.000,9999.000,9999.000,9999.000
202605090436,   3.319,   3.480,9999.000,9999.000,9999.000,9999.000,9999.000,9999.000,9999.000
202605090442,   3.301,   3.470,9999.000,9999.000,9999.000,9999.000,9999.000,9999.000,9999.000
202605090448,   3.283,   3.460,9999.000,9999.000,9999.000,9999.000,9999.000,9999.000,9999.000
202605090454,   3.267,   3.450,9999.000,9999.000,9999.000,9999.000,9999.000,9999.000,9999.000
202605090500,   3.253,   3.450,   0.100,   0.097,   3.450,   0.000,   3.350,   0.100,   3.450
202605090506,   3.239,   3.417,9999.000,9999.000,9999.000,9999.000,9999.000,9999.000,9999.000
202605090512,   3.228,   3.417,9999.000,9999.000,9999.000,9999.000,9999.000,9999.000,9999.000
202605090518,   3.217,   3.417,9999.000,9999.000,9999.000,9999.000,9999.000,9999.000,9999.000
202605090524,   3.209,   3.368,9999.000,9999.000,9999.000,9999.000,9999.000,9999.000,9999.000
202605090530,   3.202,   3.407,9999.000,9999.000,9999.000,9999.000,9999.000,9999.000,9999.000
202605090536,   3.196,   3.407,9999.000,9999.000,9999.000,9999.000,9999.000,9999.000,9999.000
202605090542,   3.193,   3.358,9999.000,9999.000,9999.000,9999.000,9999.000,9999.000,9999.000
202605090548,   3.191,   3.407,9999.000,9999.000,9999.000,9999.000,9999.000,9999.000,9999.000
202605090554,   3.191,   3.460,9999.000,9999.000,9999.000,9999.000,9999.000,9999.000,9999.000
202605090600,   3.192,   3.388,   0.000,   0.196,   3.388,   0.000,   3.388,   0.100,   3.488
202605090606,   3.196,   3.407,9999.000,9999.000,9999.000,9999.000,9999.000,9999.000,9999.000
202605090612,   3.201,   3.407,9999.000,9999.000,9999.000,9999.000,9999.000,9999.000,9999.000
202605090618,   3.208,   3.427,9999.000,9999.000,9999.000,9999.000,9999.000,9999.000,9999.000
202605090624,   3.216,   3.440,9999.000,9999.000,9999.000,9999.000,9999.000,9999.000,9999.000
202605090630,   3.227,   3.440,9999.000,9999.000,9999.000,9999.000,9999.000,9999.000,9999.000
202605090636,   3.239,   3.440,9999.000,9999.000,9999.000,9999.000,9999.000,9999.000,9999.000
202605090642,   3.253,   3.417,9999.000,9999.000,9999.000,9999.000,9999.000,9999.000,9999.000
202605090648,   3.269,   3.509,9999.000,9999.000,9999.000,9999.000,9999.000,9999.000,9999.000
202605090654,   3.286,   3.440,9999.000,9999.000,9999.000,9999.000,9999.000,9999.000,9999.000
202605090700,   3.305,   3.499,   0.000,   0.194,   3.499,   0.000,   3.499,   0.100,   3.599
202605090706,   3.326,   3.539,9999.000,9999.000,9999.000,9999.000,9999.000,9999.000,9999.000
202605090712,   3.348,   3.519,9999.000,9999.000,9999.000,9999.000,9999.000,9999.000,9999.000
202605090718,   3.372,   3.558,9999.000,9999.000,9999.000,9999.000,9999.000,9999.000,9999.000
202605090724,   3.397,   3.588,9999.000,9999.000,9999.000,9999.000,9999.000,9999.000,9999.000
202605090730,   3.423,   3.650,9999.000,9999.000,9999.000,9999.000,9999.000,9999.000,9999.000
202605090736,   3.450,   3.670,9999.000,9999.000,9999.000,9999.000,9999.000,9999.000,9999.000
202605090742,   3.479,   3.660,9999.000,9999.000,9999.000,9999.000,9999.000,9999.000,9999.000
202605090748,   3.509,   3.719,9999.000,9999.000,9999.000,9999.000,9999.000,9999.000,9999.000
202605090754,   3.540,   3.758,9999.000,9999.000,9999.000,9999.000,9999.000,9999.000,9999.000
202605090800,   3.572,   3.808,   0.100,   0.136,   3.808,   0.000,   3.708,   0.100,   3.808
202605090806,   3.604,   3.808,9999.000,9999.000,9999.000,9999.000,9999.000,9999.000,9999.000
202605090812,   3.638,   3.827,9999.000,9999.000,9999.000,9999.000,9999.000,9999.000,9999.000
202605090818,   3.671,   3.890,9999.000,9999.000,9999.000,9999.000,9999.000,9999.000,9999.000
202605090824,   3.706,   3.929,9999.000,9999.000,9999.000,9999.000,9999.000,9999.000,9999.000
202605090830,   3.741,   3.939,9999.000,9999.000,9999.000,9999.000,9999.000,9999.000,9999.000
202605090836,   3.776,   3.968,9999.000,9999.000,9999.000,9999.000,9999.000,9999.000,9999.000
202605090842,   3.811,   3.998,9999.000,9999.000,9999.000,9999.000,9999.000,9999.000,9999.000
202605090848,   3.847,   4.017,9999.000,9999.000,9999.000,9999.000,9999.000,9999.000,9999.000
202605090854,   3.882,   4.080,9999.000,9999.000,9999.000,9999.000,9999.000,9999.000,9999.000
202605090900,   3.917,   4.099,   0.100,   0.082,   4.099,   0.000,   3.999,   0.100,   4.099
202605090906,   3.952,   4.129,9999.000,9999.000,9999.000,9999.000,9999.000,9999.000,9999.000
202605090912,   3.986,   4.188,9999.000,9999.000,9999.000,9999.000,9999.000,9999.000,9999.000
202605090918,   4.020,   4.227,9999.000,9999.000,9999.000,9999.000,9999.000,9999.000,9999.000
202605090924,   4.054,   4.218,9999.000,9999.000,9999.000,9999.000,9999.000,9999.000,9999.000
202605090930,   4.086,   4.257,9999.000,9999.000,9999.000,9999.000,9999.000,9999.000,9999.000
202605090936,   4.117,   4.290,9999.000,9999.000,9999.000,9999.000,9999.000,9999.000,9999.000
202605090942,   4.148,   4.398,9999.000,9999.000,9999.000,9999.000,9999.000,9999.000,9999.000
202605090948,   4.177,   4.388,9999.000,9999.000,9999.000,9999.000,9999.000,9999.000,9999.000
202605090954,   4.205,   4.408,9999.000,9999.000,9999.000,9999.000,9999.000,9999.000,9999.000
202605091000,   4.232,   4.388,   0.000,   0.156,   4.388,   0.000,   4.388,   0.100,   4.488
202605091006,   4.257,   4.457,9999.000,9999.000,9999.000,9999.000,9999.000,9999.000,9999.000
202605091012,   4.280,   4.500,9999.000,9999.000,9999.000,9999.000,9999.000,9999.000,9999.000
202605091018,   4.302,   4.519,9999.000,9999.000,9999.000,9999.000,9999.000,9999.000,9999.000
202605091024,   4.322,   4.500,9999.000,9999.000,9999.000,9999.000,9999.000,9999.000,9999.000
202605091030,   4.339,   4.529,9999.000,9999.000,9999.000,9999.000,9999.000,9999.000,9999.000
202605091036,   4.355,   4.509,9999.000,9999.000,9999.000,9999.000,9999.000,9999.000,9999.000
202605091042,   4.369,   4.539,9999.000,9999.000,9999.000,9999.000,9999.000,9999.000,9999.000
202605091048,   4.380,   4.529,9999.000,9999.000,9999.000,9999.000,9999.000,9999.000,9999.000
202605091054,   4.389,   4.549,9999.000,9999.000,9999.000,9999.000,9999.000,9999.000,9999.000
202605091100,   4.395,   4.549,   0.000,   0.154,   4.549,   0.000,   4.549,   0.000,   4.549
202605091106,   4.399,   4.549,9999.000,9999.000,9999.000,9999.000,9999.000,9999.000,9999.000
202605091112,   4.400,   4.559,9999.000,9999.000,9999.000,9999.000,9999.000,9999.000,9999.000
202605091118,   4.399,   4.549,9999.000,9999.000,9999.000,9999.000,9999.000,9999.000,9999.000
202605091124,   4.394,   4.539,9999.000,9999.000,9999.000,9999.000,9999.000,9999.000,9999.000
202605091130,   4.387,   4.509,9999.000,9999.000,9999.000,9999.000,9999.000,9999.000,9999.000
202605091136,   4.377,   4.539,9999.000,9999.000,9999.000,9999.000,9999.000,9999.000,9999.000
202605091142,   4.364,   4.500,9999.000,9999.000,9999.000,9999.000,9999.000,9999.000,9999.000
202605091148,   4.348,   4.500,9999.000,9999.000,9999.000,9999.000,9999.000,9999.000,9999.000
202605091154,   4.329,   4.467,9999.000,9999.000,9999.000,9999.000,9999.000,9999.000,9999.000
202605091200,   4.307,   4.398,   0.100,  -0.009,   4.398,   0.100,   4.398,   0.200,   4.498
202605091206,   4.282,   4.368,9999.000,9999.000,9999.000,9999.000,9999.000,9999.000,9999.000
202605091212,   4.254,   4.368,9999.000,9999.000,9999.000,9999.000,9999.000,9999.000,9999.000
202605091218,   4.223,   4.349,9999.000,9999.000,9999.000,9999.000,9999.000,9999.000,9999.000
202605091224,   4.189,   4.319,9999.000,9999.000,9999.000,9999.000,9999.000,9999.000,9999.000
202605091230,   4.152,   4.300,9999.000,9999.000,9999.000,9999.000,9999.000,9999.000,9999.000
202605091236,   4.112,   4.227,9999.000,9999.000,9999.000,9999.000,9999.000,9999.000,9999.000
202605091242,   4.068,   4.198,9999.000,9999.000,9999.000,9999.000,9999.000,9999.000,9999.000
202605091248,   4.022,   4.080,9999.000,9999.000,9999.000,9999.000,9999.000,9999.000,9999.000
202605091254,   3.973,   4.070,9999.000,9999.000,9999.000,9999.000,9999.000,9999.000,9999.000
202605091300,   3.921,   3.978,   0.100,  -0.043,   3.978,   0.100,   3.978,   0.200,   4.078
202605091306,   3.866,   3.939,9999.000,9999.000,9999.000,9999.000,9999.000,9999.000,9999.000
202605091312,   3.808,   3.899,9999.000,9999.000,9999.000,9999.000,9999.000,9999.000,9999.000
202605091318,   3.748,   3.870,9999.000,9999.000,9999.000,9999.000,9999.000,9999.000,9999.000
202605091324,   3.685,   3.749,9999.000,9999.000,9999.000,9999.000,9999.000,9999.000,9999.000
202605091330,   3.620,   3.670,9999.000,9999.000,9999.000,9999.000,9999.000,9999.000,9999.000
202605091336,   3.552,   3.627,9999.000,9999.000,9999.000,9999.000,9999.000,9999.000,9999.000
202605091342,   3.482,   3.568,9999.000,9999.000,9999.000,9999.000,9999.000,9999.000,9999.000
202605091348,   3.409,   3.499,9999.000,9999.000,9999.000,9999.000,9999.000,9999.000,9999.000
202605091354,   3.334,   3.440,9999.000,9999.000,9999.000,9999.000,9999.000,9999.000,9999.000
202605091400,   3.258,   3.368,   0.100,   0.010,   3.368,   0.100,   3.368,   0.100,   3.368
202605091406,   3.179,   3.250,9999.000,9999.000,9999.000,9999.000,9999.000,9999.000,9999.000
202605091412,   3.099,   3.168,9999.000,9999.000,9999.000,9999.000,9999.000,9999.000,9999.000
202605091418,   3.017,   3.070,9999.000,9999.000,9999.000,9999.000,9999.000,9999.000,9999.000
202605091424,   2.934,   2.988,9999.000,9999.000,9999.000,9999.000,9999.000,9999.000,9999.000
202605091430,   2.850,   2.938,9999.000,9999.000,9999.000,9999.000,9999.000,9999.000,9999.000
202605091436,   2.764,   2.850,9999.000,9999.000,9999.000,9999.000,9999.000,9999.000,9999.000
202605091442,   2.677,   2.768,9999.000,9999.000,9999.000,9999.000,9999.000,9999.000,9999.000
202605091448,   2.589,   2.709,9999.000,9999.000,9999.000,9999.000,9999.000,9999.000,9999.000
202605091454,   2.501,   2.597,9999.000,9999.000,9999.000,9999.000,9999.000,9999.000,9999.000
202605091500,   2.412,   2.469,   0.100,  -0.043,   2.469,   0.100,   2.469,   0.100,   2.469
202605091506,   2.323,   2.430,9999.000,9999.000,9999.000,9999.000,9999.000,9999.000,9999.000
202605091512,   2.233,   2.328,9999.000,9999.000,9999.000,9999.000,9999.000,9999.000,9999.000
202605091518,   2.144,   2.269,9999.000,9999.000,9999.000,9999.000,9999.000,9999.000,9999.000
202605091524,   2.054,   2.220,9999.000,9999.000,9999.000,9999.000,9999.000,9999.000,9999.000
202605091530,   1.965,   2.069,9999.000,9999.000,9999.000,9999.000,9999.000,9999.000,9999.000
202605091536,   1.877,   2.000,9999.000,9999.000,9999.000,9999.000,9999.000,9999.000,9999.000
202605091542,   1.789,   1.859,9999.000,9999.000,9999.000,9999.000,9999.000,9999.000,9999.000
202605091548,   1.701,   1.781,9999.000,9999.000,9999.000,9999.000,9999.000,9999.000,9999.000
202605091554,   1.615,   1.767,9999.000,9999.000,9999.000,9999.000,9999.000,9999.000,9999.000
202605091600,   1.530,   1.679,   0.100,   0.049,   1.679,   0.100,   1.679,   0.200,   1.779
202605091606,   1.446,   1.571,9999.000,9999.000,9999.000,9999.000,9999.000,9999.000,9999.000
202605091612,   1.364,   1.489,9999.000,9999.000,9999.000,9999.000,9999.000,9999.000,9999.000
202605091618,   1.283,   1.420,9999.000,9999.000,9999.000,9999.000,9999.000,9999.000,9999.000
202605091624,   1.205,   1.308,9999.000,9999.000,9999.000,9999.000,9999.000,9999.000,9999.000
202605091630,   1.128,   1.259,9999.000,9999.000,9999.000,9999.000,9999.000,9999.000,9999.000
202605091636,   1.053,   1.180,9999.000,9999.000,9999.000,9999.000,9999.000,9999.000,9999.000
202605091642,   0.980,   1.161,9999.000,9999.000,9999.000,9999.000,9999.000,9999.000,9999.000
202605091648,   0.910,   1.049,9999.000,9999.000,9999.000,9999.000,9999.000,9999.000,9999.000
202605091654,   0.843,   1.000,9999.000,9999.000,9999.000,9999.000,9999.000,9999.000,9999.000
202605091700,   0.778,   0.908,   0.200,  -0.070,   0.908,   0.200,   0.908,   0.200,   0.908
202605091706,   0.716,   0.879,9999.000,9999.000,9999.000,9999.000,9999.000,9999.000,9999.000
202605091712,   0.657,   0.790,9999.000,9999.000,9999.000,9999.000,9999.000,9999.000,9999.000
202605091718,   0.601,   0.751,9999.000,9999.000,9999.000,9999.000,9999.000,9999.000,9999.000
202605091724,   0.548,   0.718,9999.000,9999.000,9999.000,9999.000,9999.000,9999.000,9999.000
202605091730,   0.498,   0.649,9999.000,9999.000,9999.000,9999.000,9999.000,9999.000,9999.000
202605091736,   0.452,   0.659,9999.000,9999.000,9999.000,9999.000,9999.000,9999.000,9999.000
202605091742,   0.409,   0.629,9999.000,9999.000,9999.000,9999.000,9999.000,9999.000,9999.000
202605091748,   0.370,   0.551,9999.000,9999.000,9999.000,9999.000,9999.000,9999.000,9999.000
202605091754,   0.334,   0.508,9999.000,9999.000,9999.000,9999.000,9999.000,9999.000,9999.000
202605091800,   0.302,   0.508,   0.200,   0.006,   0.508,   0.200,   0.508,   0.300,   0.608
202605091806,   0.274,   0.459,9999.000,9999.000,9999.000,9999.000,9999.000,9999.000,9999.000
202605091812,   0.249,   0.478,9999.000,9999.000,9999.000,9999.000,9999.000,9999.000,9999.000
202605091818,   0.229,   0.488,9999.000,9999.000,9999.000,9999.000,9999.000,9999.000,9999.000
202605091824,   0.212,   0.409,9999.000,9999.000,9999.000,9999.000,9999.000,9999.000,9999.000
202605091830,   0.200,   0.449,9999.000,9999.000,9999.000,9999.000,9999.000,9999.000,9999.000
202605091836,   0.191,   0.409,9999.000,9999.000,9999.000,9999.000,9999.000,9999.000,9999.000
202605091842,   0.186,   0.409,9999.000,9999.000,9999.000,9999.000,9999.000,9999.000,9999.000
202605091848,   0.186,   0.429,9999.000,9999.000,9999.000,9999.000,9999.000,9999.000,9999.000
202605091854,   0.189,   0.449,9999.000,9999.000,9999.000,9999.000,9999.000,9999.000,9999.000
202605091900,   0.196,   0.419,   0.200,   0.023,   0.419,   0.200,   0.419,   0.300,   0.519
202605091906,   0.207,   0.449,9999.000,9999.000,9999.000,9999.000,9999.000,9999.000,9999.000
202605091912,   0.222,   0.488,9999.000,9999.000,9999.000,9999.000,9999.000,9999.000,9999.000
202605091918,   0.241,   0.488,9999.000,9999.000,9999.000,9999.000,9999.000,9999.000,9999.000
202605091924,   0.264,   0.488,9999.000,9999.000,9999.000,9999.000,9999.000,9999.000,9999.000
202605091930,   0.291,   0.560,9999.000,9999.000,9999.000,9999.000,9999.000,9999.000,9999.000
202605091936,   0.321,   0.551,9999.000,9999.000,9999.000,9999.000,9999.000,9999.000,9999.000
202605091942,   0.355,   0.590,9999.000,9999.000,9999.000,9999.000,9999.000,9999.000,9999.000
202605091948,   0.393,   0.600,9999.000,9999.000,9999.000,9999.000,9999.000,9999.000,9999.000
202605091954,   0.434,   0.639,9999.000,9999.000,9999.000,9999.000,9999.000,9999.000,9999.000
202605092000,   0.479,   0.698,   0.200,   0.019,   0.698,   0.200,   0.698,   0.300,   0.798
202605092006,   0.527,   0.741,9999.000,9999.000,9999.000,9999.000,9999.000,9999.000,9999.000
202605092012,   0.578,   0.790,9999.000,9999.000,9999.000,9999.000,9999.000,9999.000,9999.000
202605092018,   0.632,   0.898,9999.000,9999.000,9999.000,9999.000,9999.000,9999.000,9999.000
202605092024,   0.690,   0.961,9999.000,9999.000,9999.000,9999.000,9999.000,9999.000,9999.000
202605092030,   0.750,   0.970,9999.000,9999.000,9999.000,9999.000,9999.000,9999.000,9999.000
202605092036,   0.813,   1.029,9999.000,9999.000,9999.000,9999.000,9999.000,9999.000,9999.000
202605092042,   0.879,   1.059,9999.000,9999.000,9999.000,9999.000,9999.000,9999.000,9999.000
202605092048,   0.947,   1.151,9999.000,9999.000,9999.000,9999.000,9999.000,9999.000,9999.000
202605092054,   1.017,   1.259,9999.000,9999.000,9999.000,9999.000,9999.000,9999.000,9999.000
202605092100,   1.090,   1.328,   0.200,   0.038,   1.328,   0.200,   1.328,   0.300,   1.428
202605092106,   1.165,   1.400,9999.000,9999.000,9999.000,9999.000,9999.000,9999.000,9999.000
202605092112,   1.241,   1.489,9999.000,9999.000,9999.000,9999.000,9999.000,9999.000,9999.000
202605092118,   1.320,   1.528,9999.000,9999.000,9999.000,9999.000,9999.000,9999.000,9999.000
202605092124,   1.400,   1.590,9999.000,9999.000,9999.000,9999.000,9999.000,9999.000,9999.000
202605092130,   1.481,   1.689,9999.000,9999.000,9999.000,9999.000,9999.000,9999.000,9999.000
202605092136,   1.564,   1.728,9999.000,9999.000,9999.000,9999.000,9999.000,9999.000,9999.000
202605092142,   1.648,   1.859,9999.000,9999.000,9999.000,9999.000,9999.000,9999.000,9999.000
202605092148,   1.732,   1.948,9999.000,9999.000,9999.000,9999.000,9999.000,9999.000,9999.000
202605092154,   1.818,   2.049,9999.000,9999.000,9999.000,9999.000,9999.000,9999.000,9999.000
202605092200,   1.904,   2.089,   0.200,  -0.015,   2.089,   0.200,   2.089,   0.300,   2.189
202605092206,   1.990,   2.168,9999.000,9999.000,9999.000,9999.000,9999.000,9999.000,9999.000
202605092212,   2.076,   2.250,9999.000,9999.000,9999.000,9999.000,9999.000,9999.000,9999.000
202605092218,   2.163,   2.348,9999.000,9999.000,9999.000,9999.000,9999.000,9999.000,9999.000
202605092224,   2.250,   2.400,9999.000,9999.000,9999.000,9999.000,9999.000,9999.000,9999.000
202605092230,   2.336,   2.489,9999.000,9999.000,9999.000,9999.000,9999.000,9999.000,9999.000
202605092236,   2.422,   2.538,9999.000,9999.000,9999.000,9999.000,9999.000,9999.000,9999.000
202605092242,   2.507,   2.650,9999.000,9999.000,9999.000,9999.000,9999.000,9999.000,9999.000
202605092248,   2.591,   2.719,9999.000,9999.000,9999.000,9999.000,9999.000,9999.000,9999.000
202605092254,   2.674,   2.797,9999.000,9999.000,9999.000,9999.000,9999.000,9999.000,9999.000
202605092300,   2.757,   2.899,   0.200,  -0.058,   2.899,   0.200,   2.899,   0.300,   2.999
202605092306,   2.838,   2.997,9999.000,9999.000,9999.000,9999.000,9999.000,9999.000,9999.000
202605092312,   2.917,   3.030,9999.000,9999.000,9999.000,9999.000,9999.000,9999.000,9999.000
202605092318,   2.995,   3.109,9999.000,9999.000,9999.000,9999.000,9999.000,9999.000,9999.000
202605092324,   3.072,   3.158,9999.000,9999.000,9999.000,9999.000,9999.000,9999.000,9999.000
202605092330,   3.146,   3.250,9999.000,9999.000,9999.000,9999.000,9999.000,9999.000,9999.000
202605092336,   3.219,   3.319,9999.000,9999.000,9999.000,9999.000,9999.000,9999.000,9999.000
202605092342,   3.289,   3.407,9999.000,9999.000,9999.000,9999.000,9999.000,9999.000,9999.000
202605092348,   3.357,   3.480,9999.000,9999.000,9999.000,9999.000,9999.000,9999.000,9999.000
202605092354,   3.423,   3.529,9999.000,9999.000,9999.000,9999.000,9999.000,9999.000,9999.000
202605100000,   3.487,   3.558,   0.100,  -0.029,   3.558,   0.100,   3.558,   0.200,   3.658
202605100006,   3.548,   3.617,9999.000,9999.000,9999.000,9999.000,9999.000,9999.000,9999.000
202605100012,   3.606,   3.670,9999.000,9999.000,9999.000,9999.000,9999.000,9999.000,9999.000
202605100018,   3.662,   3.729,9999.000,9999.000,9999.000,9999.000,9999.000,9999.000,9999.000
202605100024,   3.715,   3.758,9999.000,9999.000,9999.000,9999.000,9999.000,9999.000,9999.000
202605100030,   3.765,   3.837,9999.000,9999.000,9999.000,9999.000,9999.000,9999.000,9999.000
202605100036,   3.812,   3.890,9999.000,9999.000,9999.000,9999.000,9999.000,9999.000,9999.000
202605100042,   3.856,   3.929,9999.000,9999.000,9999.000,9999.000,9999.000,9999.000,9999.000
202605100048,   3.897,   3.949,9999.000,9999.000,9999.000,9999.000,9999.000,9999.000,9999.000
202605100054,   3.936,   3.978,9999.000,9999.000,9999.000,9999.000,9999.000,9999.000,9999.000
202605100100,   3.971,   4.008,   0.100,  -0.063,   4.008,   0.100,   4.008,   0.200,   4.108
202605100106,   4.003,   4.057,9999.000,9999.000,9999.000,9999.000,9999.000,9999.000,9999.000
202605100112,   4.032,   4.129,9999.000,9999.000,9999.000,9999.000,9999.000,9999.000,9999.000
202605100118,   4.057,   4.139,9999.000,9999.000,9999.000,9999.000,9999.000,9999.000,9999.000
202605100124,   4.080,   4.159,9999.000,9999.000,9999.000,9999.000,9999.000,9999.000,9999.000
202605100130,   4.100,   4.188,9999.000,9999.000,9999.000,9999.000,9999.000,9999.000,9999.000
202605100136,   4.116,   4.168,9999.000,9999.000,9999.000,9999.000,9999.000,9999.000,9999.000
202605100142,   4.129,   4.168,9999.000,9999.000,9999.000,9999.000,9999.000,9999.000,9999.000
202605100148,   4.140,   4.188,9999.000,9999.000,9999.000,9999.000,9999.000,9999.000,9999.000
202605100154,   4.147,   4.208,9999.000,9999.000,9999.000,9999.000,9999.000,9999.000,9999.000
202605100200,   4.151,   4.237,   0.100,  -0.014,   4.237,   0.100,   4.237,   0.200,   4.337
202605100206,   4.153,   4.227,9999.000,9999.000,9999.000,9999.000,9999.000,9999.000,9999.000
202605100212,   4.151,   4.198,9999.000,9999.000,9999.000,9999.000,9999.000,9999.000,9999.000
202605100218,   4.147,   4.227,9999.000,9999.000,9999.000,9999.000,9999.000,9999.000,9999.000
202605100224,   4.140,   4.198,9999.000,9999.000,9999.000,9999.000,9999.000,9999.000,9999.000
202605100230,   4.131,   4.208,9999.000,9999.000,9999.000,9999.000,9999.000,9999.000,9999.000
202605100236,   4.118,   4.218,9999.000,9999.000,9999.000,9999.000,9999.000,9999.000,9999.000
202605100242,   4.104,   4.198,9999.000,9999.000,9999.000,9999.000,9999.000,9999.000,9999.000
202605100248,   4.087,   4.168,9999.000,9999.000,9999.000,9999.000,9999.000,9999.000,9999.000
202605100254,   4.068,   4.159,9999.000,9999.000,9999.000,9999.000,9999.000,9999.000,9999.000
202605100300,   4.047,   4.168,   0.100,   0.021,   4.168,   0.100,   4.168,   0.200,   4.268
202605100306,   4.023,   4.149,9999.000,9999.000,9999.000,9999.000,9999.000,9999.000,9999.000
202605100312,   3.998,   4.099,9999.000,9999.000,9999.000,9999.000,9999.000,9999.000,9999.000
202605100318,   3.971,   4.109,9999.000,9999.000,9999.000,9999.000,9999.000,9999.000,9999.000
202605100324,   3.942,   4.057,9999.000,9999.000,9999.000,9999.000,9999.000,9999.000,9999.000
202605100330,   3.912,   4.037,9999.000,9999.000,9999.000,9999.000,9999.000,9999.000,9999.000
202605100336,   3.880,   4.008,9999.000,9999.000,9999.000,9999.000,9999.000,9999.000,9999.000
202605100342,   3.847,   3.958,9999.000,9999.000,9999.000,9999.000,9999.000,9999.000,9999.000
202605100348,   3.812,   3.929,9999.000,9999.000,9999.000,9999.000,9999.000,9999.000,9999.000
202605100354,   3.777,   3.909,9999.000,9999.000,9999.000,9999.000,9999.000,9999.000,9999.000
202605100400,   3.741,   3.870,   0.200,  -0.071,   3.870,   0.100,   3.770,   0.200,   3.870
202605100406,   3.704,   3.890,9999.000,9999.000,9999.000,9999.000,9999.000,9999.000,9999.000
202605100412,   3.666,   3.817,9999.000,9999.000,9999.000,9999.000,9999.000,9999.000,9999.000
202605100418,   3.628,   3.798,9999.000,9999.000,9999.000,9999.000,9999.000,9999.000,9999.000
202605100424,   3.589,   3.749,9999.000,9999.000,9999.000,9999.000,9999.000,9999.000,9999.000
202605100430,   3.551,   3.670,9999.000,9999.000,9999.000,9999.000,9999.000,9999.000,9999.000
202605100436,   3.512,   3.680,9999.000,9999.000,9999.000,9999.000,9999.000,9999.000,9999.000
202605100442,   3.473,   3.670,9999.000,9999.000,9999.000,9999.000,9999.000,9999.000,9999.000
202605100448,   3.434,   3.607,9999.000,9999.000,9999.000,9999.000,9999.000,9999.000,9999.000
202605100454,   3.396,   3.598,9999.000,9999.000,9999.000,9999.000,9999.000,9999.000,9999.000
202605100500,   3.358,   3.539,   0.200,  -0.019,   3.539,   0.200,   3.539,   0.200,   3.539
202605100506,   3.321,   3.489,9999.000,9999.000,9999.000,9999.000,9999.000,9999.000,9999.000
202605100512,   3.284,   3.450,9999.000,9999.000,9999.000,9999.000,9999.000,9999.000,9999.000
202605100518,   3.249,   3.417,9999.000,9999.000,9999.000,9999.000,9999.000,9999.000,9999.000
202605100524,   3.214,   3.398,9999.000,9999.000,9999.000,9999.000,9999.000,9999.000,9999.000
202605100530,   3.180,   3.329,9999.000,9999.000,9999.000,9999.000,9999.000,9999.000,9999.000
202605100536,   3.147,   3.368,9999.000,9999.000,9999.000,9999.000,9999.000,9999.000,9999.000
202605100542,   3.116,   3.339,9999.000,9999.000,9999.000,9999.000,9999.000,9999.000,9999.000
202605100548,   3.086,   3.230,9999.000,9999.000,9999.000,9999.000,9999.000,9999.000,9999.000
202605100554,   3.058,   3.250,9999.000,9999.000,9999.000,9999.000,9999.000,9999.000,9999.000
202605100600,   3.031,   3.207,   0.100,   0.076,   3.207,   0.100,   3.207,   0.100,   3.207
202605100606,   3.005,   3.178,9999.000,9999.000,9999.000,9999.000,9999.000,9999.000,9999.000
202605100612,   2.982,   3.158,9999.000,9999.000,9999.000,9999.000,9999.000,9999.000,9999.000
202605100618,   2.960,   3.129,9999.000,9999.000,9999.000,9999.000,9999.000,9999.000,9999.000
202605100624,   2.940,   3.148,9999.000,9999.000,9999.000,9999.000,9999.000,9999.000,9999.000
202605100630,   2.922,   3.089,9999.000,9999.000,9999.000,9999.000,9999.000,9999.000,9999.000
202605100636,   2.906,   3.089,9999.000,9999.000,9999.000,9999.000,9999.000,9999.000,9999.000
202605100642,   2.893,   3.060,9999.000,9999.000,9999.000,9999.000,9999.000,9999.000,9999.000
202605100648,   2.881,   3.060,9999.000,9999.000,9999.000,9999.000,9999.000,9999.000,9999.000
202605100654,   2.871,   3.070,9999.000,9999.000,9999.000,9999.000,9999.000,9999.000,9999.000
202605100700,   2.864,   3.050,   0.100,   0.086,   3.050,   0.100,   3.050,   0.100,   3.050
202605100706,   2.859,   2.997,9999.000,9999.000,9999.000,9999.000,9999.000,9999.000,9999.000
202605100712,   2.855,   3.017,9999.000,9999.000,9999.000,9999.000,9999.000,9999.000,9999.000
202605100718,   2.855,   3.060,9999.000,9999.000,9999.000,9999.000,9999.000,9999.000,9999.000
202605100724,   2.856,   3.030,9999.000,9999.000,9999.000,9999.000,9999.000,9999.000,9999.000
202605100730,   2.860,   3.017,9999.000,9999.000,9999.000,9999.000,9999.000,9999.000,9999.000
202605100736,   2.866,   3.030,9999.000,9999.000,9999.000,9999.000,9999.000,9999.000,9999.000
202605100742,   2.874,   3.007,9999.000,9999.000,9999.000,9999.000,9999.000,9999.000,9999.000
202605100748,   2.884,   3.017,9999.000,9999.000,9999.000,9999.000,9999.000,9999.000,9999.000
202605100754,   2.896,   3.017,9999.000,9999.000,9999.000,9999.000,9999.000,9999.000,9999.000
202605100800,   2.911,   3.070,   0.100,   0.059,   3.070,   0.100,   3.070,   0.100,   3.070
202605100806,   2.927,   3.070,9999.000,9999.000,9999.000,9999.000,9999.000,9999.000,9999.000
202605100812,   2.946,   3.060,9999.000,9999.000,9999.000,9999.000,9999.000,9999.000,9999.000
202605100818,   2.966,   3.079,9999.000,9999.000,9999.000,9999.000,9999.000,9999.000,9999.000
202605100824,   2.989,   3.129,9999.000,9999.000,9999.000,9999.000,9999.000,9999.000,9999.000
202605100830,   3.013,   3.148,9999.000,9999.000,9999.000,9999.000,9999.000,9999.000,9999.000
202605100836,   3.039,   3.178,9999.000,9999.000,9999.000,9999.000,9999.000,9999.000,9999.000
202605100842,   3.067,   3.178,9999.000,9999.000,9999.000,9999.000,9999.000,9999.000,9999.000
202605100848,   3.096,   3.230,9999.000,9999.000,9999.000,9999.000,9999.000,9999.000,9999.000
202605100854,   3.127,   3.207,9999.000,9999.000,9999.000,9999.000,9999.000,9999.000,9999.000
202605100900,   3.159,   3.260,   0.100,   0.001,   3.260,   0.100,   3.260,   0.200,   3.360
202605100906,   3.192,   3.299,9999.000,9999.000,9999.000,9999.000,9999.000,9999.000,9999.000
202605100912,   3.227,   3.329,9999.000,9999.000,9999.000,9999.000,9999.000,9999.000,9999.000
202605100918,   3.262,   3.378,9999.000,9999.000,9999.000,9999.000,9999.000,9999.000,9999.000
202605100924,   3.299,   3.407,9999.000,9999.000,9999.000,9999.000,9999.000,9999.000,9999.000
202605100930,   3.336,   3.440,9999.000,9999.000,9999.000,9999.000,9999.000,9999.000,9999.000
202605100936,   3.374,   3.539,9999.000,9999.000,9999.000,9999.000,9999.000,9999.000,9999.000
202605100942,   3.413,   3.509,9999.000,9999.000,9999.000,9999.000,9999.000,9999.000,9999.000
202605100948,   3.452,   3.529,9999.000,9999.000,9999.000,9999.000,9999.000,9999.000,9999.000
202605100954,   3.491,   3.568,9999.000,9999.000,9999.000,9999.000,9999.000,9999.000,9999.000
202605101000,   3.531,   3.617,   0.100,  -0.014,   3.617,   0.100,   3.617,   0.100,   3.617
202605101006,   3.570,   3.617,9999.000,9999.000,9999.000,9999.000,9999.000,9999.000,9999.000
202605101012,   3.609,   3.680,9999.000,9999.000,9999.000,9999.000,9999.000,9999.000,9999.000
202605101018,   3.649,   3.729,9999.000,9999.000,9999.000,9999.000,9999.000,9999.000,9999.000
202605101024,   3.687,   3.778,9999.000,9999.000,9999.000,9999.000,9999.000,9999.000,9999.000
202605101030,   3.725,   3.817,9999.000,9999.000,9999.000,9999.000,9999.000,9999.000,9999.000
202605101036,   3.763,   3.808,9999.000,9999.000,9999.000,9999.000,9999.000,9999.000,9999.000
202605101042,   3.800,   3.899,9999.000,9999.000,9999.000,9999.000,9999.000,9999.000,9999.000
202605101048,   3.835,   3.919,9999.000,9999.000,9999.000,9999.000,9999.000,9999.000,9999.000
202605101054,   3.870,   3.929,9999.000,9999.000,9999.000,9999.000,9999.000,9999.000,9999.000
202605101100,   3.903,   3.958,   0.100,  -0.045,   3.958,   0.000,   3.858,   0.100,   3.958
202605101106,   3.935,   4.008,9999.000,9999.000,9999.000,9999.000,9999.000,9999.000,9999.000
202605101112,   3.965,   4.008,9999.000,9999.000,9999.000,9999.000,9999.000,9999.000,9999.000
202605101118,   3.994,   4.080,9999.000,9999.000,9999.000,9999.000,9999.000,9999.000,9999.000
202605101124,   4.021,   4.037,9999.000,9999.000,9999.000,9999.000,9999.000,9999.000,9999.000
202605101130,   4.046,   4.047,9999.000,9999.000,9999.000,9999.000,9999.000,9999.000,9999.000
202605101136,   4.069,   4.099,9999.000,9999.000,9999.000,9999.000,9999.000,9999.000,9999.000
202605101142,   4.090,   4.178,9999.000,9999.000,9999.000,9999.000,9999.000,9999.000,9999.000
202605101148,   4.109,   4.159,9999.000,9999.000,9999.000,9999.000,9999.000,9999.000,9999.000
202605101154,   4.125,   4.149,9999.000,9999.000,9999.000,9999.000,9999.000,9999.000,9999.000
202605101200,   4.139,   4.208,   0.100,  -0.031,   4.208,   0.100,   4.208,   0.100,   4.208
202605101206,   4.150,   4.198,9999.000,9999.000,9999.000,9999.000,9999.000,9999.000,9999.000
202605101212,   4.159,   4.188,9999.000,9999.000,9999.000,9999.000,9999.000,9999.000,9999.000
202605101218,   4.165,   4.188,9999.000,9999.000,9999.000,9999.000,9999.000,9999.000,9999.000
202605101224,   4.168,   4.247,9999.000,9999.000,9999.000,9999.000,9999.000,9999.000,9999.000
202605101230,   4.168,   4.237,9999.000,9999.000,9999.000,9999.000,9999.000,9999.000,9999.000
202605101236,   4.166,   4.227,9999.000,9999.000,9999.000,9999.000,9999.000,9999.000,9999.000
202605101242,   4.160,   4.198,9999.000,9999.000,9999.000,9999.000,9999.000,9999.000,9999.000
202605101248,   4.151,   4.168,9999.000,9999.000,9999.000,9999.000,9999.000,9999.000,9999.000
202605101254,   4.139,   4.159,9999.000,9999.000,9999.000,9999.000,9999.000,9999.000,9999.000
202605101300,   4.125,   4.119,   0.100,  -0.106,   4.119,   0.100,   4.119,   0.100,   4.119
202605101306,   4.107,   4.109,9999.000,9999.000,9999.000,9999.000,9999.000,9999.000,9999.000
202605101312,   4.085,   4.080,9999.000,9999.000,9999.000,9999.000,9999.000,9999.000,9999.000
202605101318,   4.061,   4.090,9999.000,9999.000,9999.000,9999.000,9999.000,9999.000,9999.000
202605101324,   4.034,   4.070,9999.000,9999.000,9999.000,9999.000,9999.000,9999.000,9999.000
202605101330,   4.003,   3.988,9999.000,9999.000,9999.000,9999.000,9999.000,9999.000,9999.000
202605101336,   3.969,   3.978,9999.000,9999.000,9999.000,9999.000,9999.000,9999.000,9999.000
202605101342,   3.932,   3.899,9999.000,9999.000,9999.000,9999.000,9999.000,9999.000,9999.000
202605101348,   3.892,   3.919,9999.000,9999.000,9999.000,9999.000,9999.000,9999.000,9999.000
202605101354,   3.849,   3.880,9999.000,9999.000,9999.000,9999.000,9999.000,9999.000,9999.000
202605101400,   3.803,   3.827,   0.100,  -0.076,   3.827,   0.000,   3.727,   0.100,   3.827
202605101406,   3.754,   3.749,9999.000,9999.000,9999.000,9999.000,9999.000,9999.000,9999.000
202605101412,   3.702,   3.699,9999.000,9999.000,9999.000,9999.000,9999.000,9999.000,9999.000
202605101418,   3.647,   3.670,9999.000,9999.000,9999.000,9999.000,9999.000,9999.000,9999.000
202605101424,   3.590,   3.660,9999.000,9999.000,9999.000,9999.000,9999.000,9999.000,9999.000
202605101430,   3.530,   3.558,9999.000,9999.000,9999.000,9999.000,9999.000,9999.000,9999.000
202605101436,   3.467,   3.489,9999.000,9999.000,9999.000,9999.000,9999.000,9999.000,9999.000
202605101442,   3.402,   3.417,9999.000,9999.000,9999.000,9999.000,9999.000,9999.000,9999.000
202605101448,   3.335,   3.378,9999.000,9999.000,9999.000,9999.000,9999.000,9999.000,9999.000
202605101454,   3.265,   3.309,9999.000,9999.000,9999.000,9999.000,9999.000,9999.000,9999.000
202605101500,   3.193,   3.217,   0.000,   0.024,   3.217,   0.000,   3.217,   0.100,   3.317
202605101506,   3.120,   3.148,9999.000,9999.000,9999.000,9999.000,9999.000,9999.000,9999.000
202605101512,   3.044,   3.089,9999.000,9999.000,9999.000,9999.000,9999.000,9999.000,9999.000
202605101518,   2.967,   2.978,9999.000,9999.000,9999.000,9999.000,9999.000,9999.000,9999.000
202605101524,   2.888,   2.978,9999.000,9999.000,9999.000,9999.000,9999.000,9999.000,9999.000
202605101530,   2.808,   2.879,9999.000,9999.000,9999.000,9999.000,9999.000,9999.000,9999.000
202605101536,   2.726,   2.748,9999.000,9999.000,9999.000,9999.000,9999.000,9999.000,9999.000
202605101542,   2.643,   2.699,9999.000,9999.000,9999.000,9999.000,9999.000,9999.000,9999.000
202605101548,   2.560,   2.620,9999.000,9999.000,9999.000,9999.000,9999.000,9999.000,9999.000
202605101554,   2.475,   2.568,9999.000,9999.000,9999.000,9999.000,9999.000,9999.000,9999.000
202605101600,   2.390,   2.479,   0.100,  -0.011,   2.479,   0.000,   2.379,   0.100,   2.479
202605101606,   2.305,   2.400,9999.000,9999.000,9999.000,9999.000,9999.000,9999.000,9999.000
202605101612,   2.219,   2.309,9999.000,9999.000,9999.000,9999.000,9999.000,9999.000,9999.000
202605101618,   2.134,   2.210,9999.000,9999.000,9999.000,9999.000,9999.000,9999.000,9999.000
202605101624,   2.048,   2.109,9999.000,9999.000,9999.000,9999.000,9999.000,9999.000,9999.000
202605101630,   1.963,   2.030,9999.000,9999.000,9999.000,9999.000,9999.000,9999.000,9999.000
202605101636,   1.878,   1.928,9999.000,9999.000,9999.000,9999.000,9999.000,9999.000,9999.000
202605101642,   1.793,   1.879,9999.000,9999.000,9999.000,9999.000,9999.000,9999.000,9999.000
202605101648,   1.710,   1.781,9999.000,9999.000,9999.000,9999.000,9999.000,9999.000,9999.000
202605101654,   1.628,   1.728,9999.000,9999.000,9999.000,9999.000,9999.000,9999.000,9999.000
202605101700,   1.546,   1.630,   0.100,  -0.016,   1.630,   0.100,   1.630,   0.100,   1.630
202605101706,   1.466,   1.538,9999.000,9999.000,9999.000,9999.000,9999.000,9999.000,9999.000
202605101712,   1.388,   1.508,9999.000,9999.000,9999.000,9999.000,9999.000,9999.000,9999.000
202605101718,   1.311,   1.400,9999.000,9999.000,9999.000,9999.000,9999.000,9999.000,9999.000
202605101724,   1.236,   1.348,9999.000,9999.000,9999.000,9999.000,9999.000,9999.000,9999.000
202605101730,   1.164,   1.308,9999.000,9999.000,9999.000,9999.000,9999.000,9999.000,9999.000
202605101736,   1.093,   1.210,9999.000,9999.000,9999.000,9999.000,9999.000,9999.000,9999.000
202605101742,   1.025,   1.170,9999.000,9999.000,9999.000,9999.000,9999.000,9999.000,9999.000
202605101748,   0.959,   1.108,9999.000,9999.000,9999.000,9999.000,9999.000,9999.000,9999.000
202605101754,   0.896,   1.010,9999.000,9999.000,9999.000,9999.000,9999.000,9999.000,9999.000
202605101800,   0.836,   0.970,   0.100,   0.034,   0.970,   0.100,   0.970,   0.200,   1.070
202605101806,   0.779,   0.908,9999.000,9999.000,9999.000,9999.000,9999.000,9999.000,9999.000
202605101812,   0.725,   0.888,9999.000,9999.000,9999.000,9999.000,9999.000,9999.000,9999.000
202605101818,   0.674,   0.819,9999.000,9999.000,9999.000,9999.000,9999.000,9999.000,9999.000
202605101824,   0.626,   0.770,9999.000,9999.000,9999.000,9999.000,9999.000,9999.000,9999.000
202605101830,   0.582,   0.718,9999.000,9999.000,9999.000,9999.000,9999.000,9999.000,9999.000
202605101836,   0.542,   0.731,9999.000,9999.000,9999.000,9999.000,9999.000,9999.000,9999.000
202605101842,   0.505,   0.659,9999.000,9999.000,9999.000,9999.000,9999.000,9999.000,9999.000
202605101848,   0.472,   0.639,9999.000,9999.000,9999.000,9999.000,9999.000,9999.000,9999.000
202605101854,   0.442,   0.639,9999.000,9999.000,9999.000,9999.000,9999.000,9999.000,9999.000
202605101900,   0.417,   0.590,   0.100,   0.073,   0.590,   0.100,   0.590,   0.200,   0.690
202605101906,   0.396,   0.560,9999.000,9999.000,9999.000,9999.000,9999.000,9999.000,9999.000
202605101912,   0.378,   0.551,9999.000,9999.000,9999.000,9999.000,9999.000,9999.000,9999.000
202605101918,   0.365,   0.551,9999.000,9999.000,9999.000,9999.000,9999.000,9999.000,9999.000
202605101924,   0.356,   0.570,9999.000,9999.000,9999.000,9999.000,9999.000,9999.000,9999.000
202605101930,   0.351,   0.580,9999.000,9999.000,9999.000,9999.000,9999.000,9999.000,9999.000
202605101936,   0.350,   0.551,9999.000,9999.000,9999.000,9999.000,9999.000,9999.000,9999.000
202605101942,   0.354,   0.560,9999.000,9999.000,9999.000,9999.000,9999.000,9999.000,9999.000
202605101948,   0.361,   0.541,9999.000,9999.000,9999.000,9999.000,9999.000,9999.000,9999.000
202605101954,   0.373,   0.560,9999.000,9999.000,9999.000,9999.000,9999.000,9999.000,9999.000
202605102000,   0.389,   0.600,   0.100,   0.111,   0.600,   0.100,   0.600,   0.200,   0.700
202605102006,   0.410,   0.619,9999.000,9999.000,9999.000,9999.000,9999.000,9999.000,9999.000
202605102012,   0.434,   0.669,9999.000,9999.000,9999.000,9999.000,9999.000,9999.000,9999.000
202605102018,   0.462,   0.678,9999.000,9999.000,9999.000,9999.000,9999.000,9999.000,9999.000
202605102024,   0.495,   0.698,9999.000,9999.000,9999.000,9999.000,9999.000,9999.000,9999.000
202605102030,   0.531,   0.751,9999.000,9999.000,9999.000,9999.000,9999.000,9999.000,9999.000
202605102036,   0.571,   0.751,9999.000,9999.000,9999.000,9999.000,9999.000,9999.000,9999.000
202605102042,   0.615,   0.780,9999.000,9999.000,9999.000,9999.000,9999.000,9999.000,9999.000
202605102048,   0.663,   0.888,9999.000,9999.000,9999.000,9999.000,9999.000,9999.000,9999.000
202605102054,   0.715,   0.879,9999.000,9999.000,9999.000,9999.000,9999.000,9999.000,9999.000
202605102100,   0.770,   0.951,   0.100,   0.081,   0.951,   0.100,   0.951,   0.200,   1.051
202605102106,   0.828,   1.010,9999.000,9999.000,9999.000,9999.000,9999.000,9999.000,9999.000
202605102112,   0.890,   1.079,9999.000,9999.000,9999.000,9999.000,9999.000,9999.000,9999.000
202605102118,   0.954,   1.138,9999.000,9999.000,9999.000,9999.000,9999.000,9999.000,9999.000
202605102124,   1.022,   1.210,9999.000,9999.000,9999.000,9999.000,9999.000,9999.000,9999.000
202605102130,   1.093,   1.289,9999.000,9999.000,9999.000,9999.000,9999.000,9999.000,9999.000
202605102136,   1.166,   1.318,9999.000,9999.000,9999.000,9999.000,9999.000,9999.000,9999.000
202605102142,   1.242,   1.430,9999.000,9999.000,9999.000,9999.000,9999.000,9999.000,9999.000
202605102148,   1.321,   1.508,9999.000,9999.000,9999.000,9999.000,9999.000,9999.000,9999.000
202605102154,   1.401,   1.538,9999.000,9999.000,9999.000,9999.000,9999.000,9999.000,9999.000
202605102200,   1.484,   1.630,   0.100,   0.046,   1.630,   0.100,   1.630,   0.200,   1.730
202605102206,   1.568,   1.718,9999.000,9999.000,9999.000,9999.000,9999.000,9999.000,9999.000
202605102212,   1.655,   1.820,9999.000,9999.000,9999.000,9999.000,9999.000,9999.000,9999.000
202605102218,   1.743,   1.889,9999.000,9999.000,9999.000,9999.000,9999.000,9999.000,9999.000
202605102224,   1.832,   1.958,9999.000,9999.000,9999.000,9999.000,9999.000,9999.000,9999.000
202605102230,   1.922,   2.059,9999.000,9999.000,9999.000,9999.000,9999.000,9999.000,9999.000
202605102236,   2.013,   2.118,9999.000,9999.000,9999.000,9999.000,9999.000,9999.000,9999.000
202605102242,   2.105,   2.210,9999.000,9999.000,9999.000,9999.000,9999.000,9999.000,9999.000
202605102248,   2.198,   2.309,9999.000,9999.000,9999.000,9999.000,9999.000,9999.000,9999.000
202605102254,   2.291,   2.387,9999.000,9999.000,9999.000,9999.000,9999.000,9999.000,9999.000
202605102300,   2.384,   2.499,   0.100,   0.015,   2.499,   0.100,   2.499,   0.100,   2.499
202605102306,   2.477,   2.587,9999.000,9999.000,9999.000,9999.000,9999.000,9999.000,9999.000
202605102312,   2.570,   2.699,9999.000,9999.000,9999.000,9999.000,9999.000,9999.000,9999.000
202605102318,   2.662,   2.748,9999.000,9999.000,9999.000,9999.000,9999.000,9999.000,9999.000
202605102324,   2.754,   2.807,9999.000,9999.000,9999.000,9999.000,9999.000,9999.000,9999.000
202605102330,   2.845,   2.938,9999.000,9999.000,9999.000,9999.000,9999.000,9999.000,9999.000
202605102336,   2.935,   2.997,9999.000,9999.000,9999.000,9999.000,9999.000,9999.000,9999.000
202605102342,   3.024,   3.040,9999.000,9999.000,9999.000,9999.000,9999.000,9999.000,9999.000
202605102348,   3.112,   3.158,9999.000,9999.000,9999.000,9999.000,9999.000,9999.000,9999.000
202605102354,   3.198,   3.289,9999.000,9999.000,9999.000,9999.000,9999.000,9999.000,9999.000
202605110000,   3.283,   3.358,   0.000,   0.075,   3.358,   0.000,   3.358,   0.100,   3.458
202605110006,   3.365,   3.460,9999.000,9999.000,9999.000,9999.000,9999.000,9999.000,9999.000
202605110012,   3.446,   3.489,9999.000,9999.000,9999.000,9999.000,9999.000,9999.000,9999.000
202605110018,   3.524,   3.578,9999.000,9999.000,9999.000,9999.000,9999.000,9999.000,9999.000
202605110024,   3.600,   3.680,9999.000,9999.000,9999.000,9999.000,9999.000,9999.000,9999.000
202605110030,   3.674,   3.719,9999.000,9999.000,9999.000,9999.000,9999.000,9999.000,9999.000
202605110036,   3.745,   3.827,9999.000,9999.000,9999.000,9999.000,9999.000,9999.000,9999.000
202605110042,   3.813,   3.847,9999.000,9999.000,9999.000,9999.000,9999.000,9999.000,9999.000
202605110048,   3.879,   3.890,9999.000,9999.000,9999.000,9999.000,9999.000,9999.000,9999.000
202605110054,   3.941,   3.998,9999.000,9999.000,9999.000,9999.000,9999.000,9999.000,9999.000
202605110100,   4.001,   4.037,   0.100,  -0.064,   4.037,   0.000,   3.937,   0.100,   4.037
202605110106,   4.057,   4.099,9999.000,9999.000,9999.000,9999.000,9999.000,9999.000,9999.000
202605110112,   4.110,   4.188,9999.000,9999.000,9999.000,9999.000,9999.000,9999.000,9999.000
202605110118,   4.159,   4.198,9999.000,9999.000,9999.000,9999.000,9999.000,9999.000,9999.000
202605110124,   4.206,   4.218,9999.000,9999.000,9999.000,9999.000,9999.000,9999.000,9999.000
202605110130,   4.248,   4.300,9999.000,9999.000,9999.000,9999.000,9999.000,9999.000,9999.000
202605110136,   4.287,   4.329,9999.000,9999.000,9999.000,9999.000,9999.000,9999.000,9999.000
202605110142,   4.323,   4.378,9999.000,9999.000,9999.000,9999.000,9999.000,9999.000,9999.000
202605110148,   4.355,   4.427,9999.000,9999.000,9999.000,9999.000,9999.000,9999.000,9999.000
202605110154,   4.383,   4.457,9999.000,9999.000,9999.000,9999.000,9999.000,9999.000,9999.000
202605110200,   4.407,   4.467,   0.000,   0.060,   4.467,   0.000,   4.467,   0.100,   4.567
202605110206,   4.428,   4.490,9999.000,9999.000,9999.000,9999.000,9999.000,9999.000,9999.000
202605110212,   4.445,   4.549,9999.000,9999.000,9999.000,9999.000,9999.000,9999.000,9999.000
202605110218,   4.458,   4.539,9999.000,9999.000,9999.000,9999.000,9999.000,9999.000,9999.000
202605110224,   4.468,   4.539,9999.000,9999.000,9999.000,9999.000,9999.000,9999.000,9999.000
202605110230,   4.474,   4.559,9999.000,9999.000,9999.000,9999.000,9999.000,9999.000,9999.000
202605110236,   4.476,   4.578,9999.000,9999.000,9999.000,9999.000,9999.000,9999.000,9999.000
202605110242,   4.475,   4.588,9999.000,9999.000,9999.000,9999.000,9999.000,9999.000,9999.000
202605110248,   4.470,   4.539,9999.000,9999.000,9999.000,9999.000,9999.000,9999.000,9999.000
202605110254,   4.461,   4.569,9999.000,9999.000,9999.000,9999.000,9999.000,9999.000,9999.000
202605110300,   4.449,   4.569,   0.000,   0.120,   4.569,   0.000,   4.569,   0.100,   4.669
202605110306,   4.434,   4.549,9999.000,9999.000,9999.000,9999.000,9999.000,9999.000,9999.000
202605110312,   4.415,   4.519,9999.000,9999.000,9999.000,9999.000,9999.000,9999.000,9999.000
202605110318,   4.394,   4.539,9999.000,9999.000,9999.000,9999.000,9999.000,9999.000,9999.000
202605110324,   4.369,   4.519,9999.000,9999.000,9999.000,9999.000,9999.000,9999.000,9999.000
202605110330,   4.341,   4.447,9999.000,9999.000,9999.000,9999.000,9999.000,9999.000,9999.000
202605110336,   4.310,   4.408,9999.000,9999.000,9999.000,9999.000,9999.000,9999.000,9999.000
202605110342,   4.276,   4.408,9999.000,9999.000,9999.000,9999.000,9999.000,9999.000,9999.000
202605110348,   4.240,   4.398,9999.000,9999.000,9999.000,9999.000,9999.000,9999.000,9999.000
202605110354,   4.201,   4.339,9999.000,9999.000,9999.000,9999.000,9999.000,9999.000,9999.000
202605110400,   4.159,   4.339,   0.100,   0.080,   4.339,   0.100,   4.339,   0.100,   4.339
202605110406,   4.116,   4.309,9999.000,9999.000,9999.000,9999.000,9999.000,9999.000,9999.000
202605110412,   4.070,   4.300,9999.000,9999.000,9999.000,9999.000,9999.000,9999.000,9999.000
202605110418,   4.022,   4.168,9999.000,9999.000,9999.000,9999.000,9999.000,9999.000,9999.000
202605110424,   3.972,   4.159,9999.000,9999.000,9999.000,9999.000,9999.000,9999.000,9999.000
202605110430,   3.921,   4.119,9999.000,9999.000,9999.000,9999.000,9999.000,9999.000,9999.000
202605110436,   3.868,   4.090,9999.000,9999.000,9999.000,9999.000,9999.000,9999.000,9999.000
202605110442,   3.814,   3.998,9999.000,9999.000,9999.000,9999.000,9999.000,9999.000,9999.000
202605110448,   3.759,   3.949,9999.000,9999.000,9999.000,9999.000,9999.000,9999.000,9999.000
202605110454,   3.702,   3.890,9999.000,9999.000,9999.000,9999.000,9999.000,9999.000,9999.000
202605110500,   3.645,   3.880,   0.100,   0.135,   3.880,   0.100,   3.880,   0.100,   3.880
202605110506,   3.587,   3.788,9999.000,9999.000,9999.000,9999.000,9999.000,9999.000,9999.000
202605110512,   3.528,   3.749,9999.000,9999.000,9999.000,9999.000,9999.000,9999.000,9999.000
202605110518,   3.469,   3.680,9999.000,9999.000,9999.000,9999.000,9999.000,9999.000,9999.000
202605110524,   3.410,   3.680,9999.000,9999.000,9999.000,9999.000,9999.000,9999.000,9999.000
202605110530,   3.350,   3.548,9999.000,9999.000,9999.000,9999.000,9999.000,9999.000,9999.000
202605110536,   3.291,   3.489,9999.000,9999.000,9999.000,9999.000,9999.000,9999.000,9999.000
202605110542,   3.233,   3.509,9999.000,9999.000,9999.000,9999.000,9999.000,9999.000,9999.000
202605110548,   3.174,   3.348,9999.000,9999.000,9999.000,9999.000,9999.000,9999.000,9999.000
202605110554,   3.116,   3.319,9999.000,9999.000,9999.000,9999.000,9999.000,9999.000,9999.000
202605110600,   3.060,   3.270,   0.000,   0.210,   3.270,   0.000,   3.270,   0.100,   3.370
202605110606,   3.004,   3.207,9999.000,9999.000,9999.000,9999.000,9999.000,9999.000,9999.000
202605110612,   2.949,   3.197,9999.000,9999.000,9999.000,9999.000,9999.000,9999.000,9999.000
202605110618,   2.895,   3.148,9999.000,9999.000,9999.000,9999.000,9999.000,9999.000,9999.000
202605110624,   2.843,   3.070,9999.000,9999.000,9999.000,9999.000,9999.000,9999.000,9999.000
202605110630,   2.792,   2.997,9999.000,9999.000,9999.000,9999.000,9999.000,9999.000,9999.000
202605110636,   2.743,   2.919,9999.000,9999.000,9999.000,9999.000,9999.000,9999.000,9999.000
202605110642,   2.696,   2.909,9999.000,9999.000,9999.000,9999.000,9999.000,9999.000,9999.000
202605110648,   2.651,   2.899,9999.000,9999.000,9999.000,9999.000,9999.000,9999.000,9999.000
202605110654,   2.608,   2.889,9999.000,9999.000,9999.000,9999.000,9999.000,9999.000,9999.000
202605110700,   2.567,   2.778,   0.000,   0.211,   2.778,   0.000,   2.778,   0.100,   2.878
202605110706,   2.529,   2.709,9999.000,9999.000,9999.000,9999.000,9999.000,9999.000,9999.000
202605110712,   2.493,   2.738,9999.000,9999.000,9999.000,9999.000,9999.000,9999.000,9999.000
202605110718,   2.459,   2.709,9999.000,9999.000,9999.000,9999.000,9999.000,9999.000,9999.000
202605110724,   2.428,   2.650,9999.000,9999.000,9999.000,9999.000,9999.000,9999.000,9999.000
202605110730,   2.399,   2.650,9999.000,9999.000,9999.000,9999.000,9999.000,9999.000,9999.000
202605110736,   2.374,   2.568,9999.000,9999.000,9999.000,9999.000,9999.000,9999.000,9999.000
202605110742,   2.351,   2.587,9999.000,9999.000,9999.000,9999.000,9999.000,9999.000,9999.000
202605110748,   2.331,   2.548,9999.000,9999.000,9999.000,9999.000,9999.000,9999.000,9999.000
202605110754,   2.314,   2.528,9999.000,9999.000,9999.000,9999.000,9999.000,9999.000,9999.000
202605110800,   2.299,   2.528,   0.100,   0.129,   2.528,   0.000,   2.428,   0.100,   2.528
202605110806,   2.288,   2.489,9999.000,9999.000,9999.000,9999.000,9999.000,9999.000,9999.000
202605110812,   2.280,   2.489,9999.000,9999.000,9999.000,9999.000,9999.000,9999.000,9999.000
202605110818,   2.275,   2.479,9999.000,9999.000,9999.000,9999.000,9999.000,9999.000,9999.000
202605110824,   2.273,   2.528,9999.000,9999.000,9999.000,9999.000,9999.000,9999.000,9999.000
202605110830,   2.273,   2.509,9999.000,9999.000,9999.000,9999.000,9999.000,9999.000,9999.000
202605110836,   2.277,   2.528,9999.000,9999.000,9999.000,9999.000,9999.000,9999.000,9999.000
202605110842,   2.284,   2.489,9999.000,9999.000,9999.000,9999.000,9999.000,9999.000,9999.000
202605110848,   2.294,   2.509,9999.000,9999.000,9999.000,9999.000,9999.000,9999.000,9999.000
202605110854,   2.306,   2.538,9999.000,9999.000,9999.000,9999.000,9999.000,9999.000,9999.000
202605110900,   2.322,   2.548,   0.100,   0.126,   2.548,   0.000,   2.448,   0.100,   2.548
202605110906,   2.340,   2.568,9999.000,9999.000,9999.000,9999.000,9999.000,9999.000,9999.000
202605110912,   2.361,   2.630,9999.000,9999.000,9999.000,9999.000,9999.000,9999.000,9999.000
202605110918,   2.385,   2.620,9999.000,9999.000,9999.000,9999.000,9999.000,9999.000,9999.000
202605110924,   2.411,   2.597,9999.000,9999.000,9999.000,9999.000,9999.000,9999.000,9999.000
202605110930,   2.440,   2.610,9999.000,9999.000,9999.000,9999.000,9999.000,9999.000,9999.000
202605110936,   2.471,   2.699,9999.000,9999.000,9999.000,9999.000,9999.000,9999.000,9999.000
202605110942,   2.504,   2.709,9999.000,9999.000,9999.000,9999.000,9999.000,9999.000,9999.000
202605110948,   2.540,   2.709,9999.000,9999.000,9999.000,9999.000,9999.000,9999.000,9999.000
202605110954,   2.578,   2.807,9999.000,9999.000,9999.000,9999.000,9999.000,9999.000,9999.000
202605111000,   2.617,   2.889,   0.000,   0.272,   2.889,   0.000,   2.889,   0.100,   2.989
202605111006,   2.659,   2.899,9999.000,9999.000,9999.000,9999.000,9999.000,9999.000,9999.000
202605111012,   2.702,   2.909,9999.000,9999.000,9999.000,9999.000,9999.000,9999.000,9999.000
202605111018,   2.746,   2.968,9999.000,9999.000,9999.000,9999.000,9999.000,9999.000,9999.000
202605111024,   2.792,   3.017,9999.000,9999.000,9999.000,9999.000,9999.000,9999.000,9999.000
202605111030,   2.839,   3.040,9999.000,9999.000,9999.000,9999.000,9999.000,9999.000,9999.000
202605111036,   2.887,   3.099,9999.000,9999.000,9999.000,9999.000,9999.000,9999.000,9999.000
202605111042,   2.937,   3.129,9999.000,9999.000,9999.000,9999.000,9999.000,9999.000,9999.000
202605111048,   2.987,   3.217,9999.000,9999.000,9999.000,9999.000,9999.000,9999.000,9999.000
202605111054,   3.037,   3.260,9999.000,9999.000,9999.000,9999.000,9999.000,9999.000,9999.000
202605111100,   3.088,   3.260,   0.000,   0.172,   3.260,   0.000,   3.260,   0.100,   3.360
202605111106,   3.140,   3.348,9999.000,9999.000,9999.000,9999.000,9999.000,9999.000,9999.000
202605111112,   3.190,   3.427,9999.000,9999.000,9999.000,9999.000,9999.000,9999.000,9999.000
202605111118,   3.242,   3.470,9999.000,9999.000,9999.000,9999.000,9999.000,9999.000,9999.000
202605111124,   3.293,   3.489,9999.000,9999.000,9999.000,9999.000,9999.000,9999.000,9999.000
202605111130,   3.343,   3.539,9999.000,9999.000,9999.000,9999.000,9999.000,9999.000,9999.000
202605111136,   3.393,   3.607,9999.000,9999.000,9999.000,9999.000,9999.000,9999.000,9999.000
202605111142,   3.442,   3.670,9999.000,9999.000,9999.000,9999.000,9999.000,9999.000,9999.000
202605111148,   3.491,   3.680,9999.000,9999.000,9999.000,9999.000,9999.000,9999.000,9999.000
202605111154,   3.538,   3.739,9999.000,9999.000,9999.000,9999.000,9999.000,9999.000,9999.000
202605111200,   3.584,   3.798,   0.100,   0.114,   3.798,   0.100,   3.798,   0.200,   3.898
202605111206,   3.628,   3.817,9999.000,9999.000,9999.000,9999.000,9999.000,9999.000,9999.000
202605111212,   3.671,   3.860,9999.000,9999.000,9999.000,9999.000,9999.000,9999.000,9999.000
202605111218,   3.712,   3.899,9999.000,9999.000,9999.000,9999.000,9999.000,9999.000,9999.000
202605111224,   3.752,   3.929,9999.000,9999.000,9999.000,9999.000,9999.000,9999.000,9999.000
202605111230,   3.789,   3.929,9999.000,9999.000,9999.000,9999.000,9999.000,9999.000,9999.000
202605111236,   3.824,   4.017,9999.000,9999.000,9999.000,9999.000,9999.000,9999.000,9999.000
202605111242,   3.857,   4.099,9999.000,9999.000,9999.000,9999.000,9999.000,9999.000,9999.000
202605111248,   3.887,   4.080,9999.000,9999.000,9999.000,9999.000,9999.000,9999.000,9999.000
202605111254,   3.915,   4.099,9999.000,9999.000,9999.000,9999.000,9999.000,9999.000,9999.000
202605111300,   3.940,   4.099,   0.100,   0.059,   4.099,   0.100,   4.099,   0.200,   4.199
202605111306,   3.963,   4.168,9999.000,9999.000,9999.000,9999.000,9999.000,9999.000,9999.000
202605111312,   3.982,   4.149,9999.000,9999.000,9999.000,9999.000,9999.000,9999.000,9999.000
202605111318,   3.999,   4.168,9999.000,9999.000,9999.000,9999.000,9999.000,9999.000,9999.000
202605111324,   4.012,   4.168,9999.000,9999.000,9999.000,9999.000,9999.000,9999.000,9999.000
202605111330,   4.023,   4.227,9999.000,9999.000,9999.000,9999.000,9999.000,9999.000,9999.000
202605111336,   4.030,   4.178,9999.000,9999.000,9999.000,9999.000,9999.000,9999.000,9999.000
202605111342,   4.034,   4.227,9999.000,9999.000,9999.000,9999.000,9999.000,9999.000,9999.000
202605111348,   4.034,   4.198,9999.000,9999.000,9999.000,9999.000,9999.000,9999.000,9999.000
202605111354,   4.031,   4.198,9999.000,9999.000,9999.000,9999.000,9999.000,9999.000,9999.000
202605111400,   4.025,   4.188,   0.100,   0.063,   4.188,   0.100,   4.188,   0.200,   4.288
202605111406,   4.015,   4.198,9999.000,9999.000,9999.000,9999.000,9999.000,9999.000,9999.000
202605111412,   4.002,   4.227,9999.000,9999.000,9999.000,9999.000,9999.000,9999.000,9999.000
202605111418,   3.985,   4.188,9999.000,9999.000,9999.000,9999.000,9999.000,9999.000,9999.000
202605111424,   3.965,   4.139,9999.000,9999.000,9999.000,9999.000,9999.000,9999.000,9999.000
202605111430,   3.942,   4.080,9999.000,9999.000,9999.000,9999.000,9999.000,9999.000,9999.000
202605111436,   3.915,   4.080,9999.000,9999.000,9999.000,9999.000,9999.000,9999.000,9999.000
202605111442,   3.884,   4.027,9999.000,9999.000,9999.000,9999.000,9999.000,9999.000,9999.000
202605111448,   3.850,   4.037,9999.000,9999.000,9999.000,9999.000,9999.000,9999.000,9999.000
202605111454,   3.813,   3.988,9999.000,9999.000,9999.000,9999.000,9999.000,9999.000,9999.000
202605111500,   3.772,   3.899,   0.100,   0.027,   3.899,   0.100,   3.899,   0.200,   3.999
202605111506,   3.728,   3.909,9999.000,9999.000,9999.000,9999.000,9999.000,9999.000,9999.000
202605111512,   3.681,   3.870,9999.000,9999.000,9999.000,9999.000,9999.000,9999.000,9999.000
202605111518,   3.631,   3.817,9999.000,9999.000,9999.000,9999.000,9999.000,9999.000,9999.000
202605111524,   3.578,   3.758,9999.000,9999.000,9999.000,9999.000,9999.000,9999.000,9999.000
202605111530,   3.521,   3.719,9999.000,9999.000,9999.000,9999.000,9999.000,9999.000,9999.000
202605111536,   3.463,   3.650,9999.000,9999.000,9999.000,9999.000,9999.000,9999.000,9999.000
202605111542,   3.401,   3.598,9999.000,9999.000,9999.000,9999.000,9999.000,9999.000,9999.000
202605111548,   3.337,   3.568,9999.000,9999.000,9999.000,9999.000,9999.000,9999.000,9999.000
202605111554,   3.270,   3.499,9999.000,9999.000,9999.000,9999.000,9999.000,9999.000,9999.000
202605111600,   3.201,   3.388,   0.200,  -0.013,   3.388,   0.100,   3.288,   0.200,   3.388
202605111606,   3.130,   3.309,9999.000,9999.000,9999.000,9999.000,9999.000,9999.000,9999.000
202605111612,   3.057,   3.217,9999.000,9999.000,9999.000,9999.000,9999.000,9999.000,9999.000
202605111618,   2.982,   3.188,9999.000,9999.000,9999.000,9999.000,9999.000,9999.000,9999.000
202605111624,   2.905,   3.129,9999.000,9999.000,9999.000,9999.000,9999.000,9999.000,9999.000
202605111630,   2.827,   3.007,9999.000,9999.000,9999.000,9999.000,9999.000,9999.000,9999.000
202605111636,   2.747,   2.978,9999.000,9999.000,9999.000,9999.000,9999.000,9999.000,9999.000
202605111642,   2.666,   2.869,9999.000,9999.000,9999.000,9999.000,9999.000,9999.000,9999.000
202605111648,   2.584,   2.787,9999.000,9999.000,9999.000,9999.000,9999.000,9999.000,9999.000
202605111654,   2.502,   2.689,9999.000,9999.000,9999.000,9999.000,9999.000,9999.000,9999.000
202605111700,   2.419,   2.640,   0.200,   0.021,   2.640,   0.200,   2.640,   0.200,   2.640
202605111706,   2.335,   2.558,9999.000,9999.000,9999.000,9999.000,9999.000,9999.000,9999.000
202605111712,   2.251,   2.489,9999.000,9999.000,9999.000,9999.000,9999.000,9999.000,9999.000
202605111718,   2.167,   2.400,9999.000,9999.000,9999.000,9999.000,9999.000,9999.000,9999.000
202605111724,   2.083,   2.318,9999.000,9999.000,9999.000,9999.000,9999.000,9999.000,9999.000
202605111730,   2.000,   2.250,9999.000,9999.000,9999.000,9999.000,9999.000,9999.000,9999.000
202605111736,   1.917,   2.128,9999.000,9999.000,9999.000,9999.000,9999.000,9999.000,9999.000
202605111742,   1.835,   2.089,9999.000,9999.000,9999.000,9999.000,9999.000,9999.000,9999.000
202605111748,   1.753,   2.040,9999.000,9999.000,9999.000,9999.000,9999.000,9999.000,9999.000
202605111754,   1.673,   1.958,9999.000,9999.000,9999.000,9999.000,9999.000,9999.000,9999.000
202605111800,   1.595,   1.859,   0.300,  -0.036,   1.859,   0.300,   1.859,   0.300,   1.859
202605111806,   1.518,   1.790,9999.000,9999.000,9999.000,9999.000,9999.000,9999.000,9999.000
202605111812,   1.442,   1.669,9999.000,9999.000,9999.000,9999.000,9999.000,9999.000,9999.000
202605111818,   1.369,   1.649,9999.000,9999.000,9999.000,9999.000,9999.000,9999.000,9999.000
202605111824,   1.298,   1.571,9999.000,9999.000,9999.000,9999.000,9999.000,9999.000,9999.000
202605111830,   1.229,   1.528,9999.000,9999.000,9999.000,9999.000,9999.000,9999.000,9999.000
202605111836,   1.163,   1.430,9999.000,9999.000,9999.000,9999.000,9999.000,9999.000,9999.000
202605111842,   1.099,   1.371,9999.000,9999.000,9999.000,9999.000,9999.000,9999.000,9999.000
202605111848,   1.038,   1.289,9999.000,9999.000,9999.000,9999.000,9999.000,9999.000,9999.000
202605111854,   0.980,   1.279,9999.000,9999.000,9999.000,9999.000,9999.000,9999.000,9999.000
202605111900,   0.926,   1.210,   0.300,  -0.016,   1.210,   0.300,   1.210,   0.300,   1.210
202605111906,   0.874,   1.161,9999.000,9999.000,9999.000,9999.000,9999.000,9999.000,9999.000
202605111912,   0.826,   1.128,9999.000,9999.000,9999.000,9999.000,9999.000,9999.000,9999.000
202605111918,   0.782,   1.088,9999.000,9999.000,9999.000,9999.000,9999.000,9999.000,9999.000
202605111924,   0.742,   1.029,9999.000,9999.000,9999.000,9999.000,9999.000,9999.000,9999.000
202605111930,   0.705,   1.010,9999.000,9999.000,9999.000,9999.000,9999.000,9999.000,9999.000
202605111936,   0.672,   0.980,9999.000,9999.000,9999.000,9999.000,9999.000,9999.000,9999.000
202605111942,   0.644,   0.908,9999.000,9999.000,9999.000,9999.000,9999.000,9999.000,9999.000
202605111948,   0.619,   0.941,9999.000,9999.000,9999.000,9999.000,9999.000,9999.000,9999.000
202605111954,   0.599,   0.869,9999.000,9999.000,9999.000,9999.000,9999.000,9999.000,9999.000
202605112000,   0.583,   0.941,   0.300,   0.058,   0.941,   0.300,   0.941,   0.400,   1.041
202605112006,   0.572,   0.918,9999.000,9999.000,9999.000,9999.000,9999.000,9999.000,9999.000
202605112012,   0.565,   0.908,9999.000,9999.000,9999.000,9999.000,9999.000,9999.000,9999.000
202605112018,   0.562,   0.869,9999.000,9999.000,9999.000,9999.000,9999.000,9999.000,9999.000
202605112024,   0.564,   0.869,9999.000,9999.000,9999.000,9999.000,9999.000,9999.000,9999.000
202605112030,   0.570,   0.928,9999.000,9999.000,9999.000,9999.000,9999.000,9999.000,9999.000
202605112036,   0.581,   0.941,9999.000,9999.000,9999.000,9999.000,9999.000,9999.000,9999.000
202605112042,   0.597,   0.918,9999.000,9999.000,9999.000,9999.000,9999.000,9999.000,9999.000
202605112048,   0.617,   0.918,9999.000,9999.000,9999.000,9999.000,9999.000,9999.000,9999.000
202605112054,   0.641,   0.990,9999.000,9999.000,9999.000,9999.000,9999.000,9999.000,9999.000
202605112100,   0.670,   1.039,   0.300,   0.069,   1.039,   0.300,   1.039,   0.400,   1.139
202605112106,   0.703,   1.059,9999.000,9999.000,9999.000,9999.000,9999.000,9999.000,9999.000
202605112112,   0.741,   1.079,9999.000,9999.000,9999.000,9999.000,9999.000,9999.000,9999.000
202605112118,   0.783,   1.088,9999.000,9999.000,9999.000,9999.000,9999.000,9999.000,9999.000
202605112124,   0.829,   1.108,9999.000,9999.000,9999.000,9999.000,9999.000,9999.000,9999.000
202605112130,   0.879,   1.200,9999.000,9999.000,9999.000,9999.000,9999.000,9999.000,9999.000
202605112136,   0.934,   1.259,9999.000,9999.000,9999.000,9999.000,9999.000,9999.000,9999.000
202605112142,   0.992,   1.289,9999.000,9999.000,9999.000,9999.000,9999.000,9999.000,9999.000
202605112148,   1.054,   1.361,9999.000,9999.000,9999.000,9999.000,9999.000,9999.000,9999.000
202605112154,   1.119,   1.410,9999.000,9999.000,9999.000,9999.000,9999.000,9999.000,9999.000
202605112200,   1.188,   1.479,   0.300,  -0.009,   1.479,   0.300,   1.479,   0.400,   1.579
202605112206,   1.261,   1.528,9999.000,9999.000,9999.000,9999.000,9999.000,9999.000,9999.000
202605112212,   1.336,   1.590,9999.000,9999.000,9999.000,9999.000,9999.000,9999.000,9999.000
202605112218,   1.415,   1.639,9999.000,9999.000,9999.000,9999.000,9999.000,9999.000,9999.000
202605112224,   1.497,   1.767,9999.000,9999.000,9999.000,9999.000,9999.000,9999.000,9999.000
202605112230,   1.581,   1.840,9999.000,9999.000,9999.000,9999.000,9999.000,9999.000,9999.000
202605112236,   1.668,   1.849,9999.000,9999.000,9999.000,9999.000,9999.000,9999.000,9999.000
202605112242,   1.757,   2.020,9999.000,9999.000,9999.000,9999.000,9999.000,9999.000,9999.000
202605112248,   1.848,   2.099,9999.000,9999.000,9999.000,9999.000,9999.000,9999.000,9999.000
202605112254,   1.941,   2.191,9999.000,9999.000,9999.000,9999.000,9999.000,9999.000,9999.000
202605112300,   2.036,   2.250,   0.300,  -0.086,   2.250,   0.300,   2.250,   0.300,   2.250
202605112306,   2.132,   2.348,9999.000,9999.000,9999.000,9999.000,9999.000,9999.000,9999.000
202605112312,   2.230,   2.459,9999.000,9999.000,9999.000,9999.000,9999.000,9999.000,9999.000
202605112318,   2.328,   2.578,9999.000,9999.000,9999.000,9999.000,9999.000,9999.000,9999.000
202605112324,   2.428,   2.630,9999.000,9999.000,9999.000,9999.000,9999.000,9999.000,9999.000
202605112330,   2.528,   2.719,9999.000,9999.000,9999.000,9999.000,9999.000,9999.000,9999.000
202605112336,   2.629,   2.840,9999.000,9999.000,9999.000,9999.000,9999.000,9999.000,9999.000
202605112342,   2.729,   2.948,9999.000,9999.000,9999.000,9999.000,9999.000,9999.000,9999.000
202605112348,   2.830,   3.060,9999.000,9999.000,9999.000,9999.000,9999.000,9999.000,9999.000
202605112354,   2.931,   3.109,9999.000,9999.000,9999.000,9999.000,9999.000,9999.000,9999.000
202605120000,   3.030,   3.207,   0.300,  -0.123,   3.207,   0.300,   3.207,   0.300,   3.207
202605120006,   3.130,   3.309,9999.000,9999.000,9999.000,9999.000,9999.000,9999.000,9999.000
202605120012,   3.228,   3.398,9999.000,9999.000,9999.000,9999.000,9999.000,9999.000,9999.000
202605120018,   3.325,   3.509,9999.000,9999.000,9999.000,9999.000,9999.000,9999.000,9999.000
202605120024,   3.421,   3.650,9999.000,9999.000,9999.000,9999.000,9999.000,9999.000,9999.000
202605120030,   3.515,   3.680,9999.000,9999.000,9999.000,9999.000,9999.000,9999.000,9999.000
202605120036,   3.608,   3.778,9999.000,9999.000,9999.000,9999.000,9999.000,9999.000,9999.000
202605120042,   3.698,   3.870,9999.000,9999.000,9999.000,9999.000,9999.000,9999.000,9999.000
202605120048,   3.787,   3.949,9999.000,9999.000,9999.000,9999.000,9999.000,9999.000,9999.000
202605120054,   3.873,   4.037,9999.000,9999.000,9999.000,9999.000,9999.000,9999.000,9999.000
202605120100,   3.956,   4.129,   0.300,  -0.127,   4.129,   0.300,   4.129,   0.400,   4.229
202605120106,   4.037,   4.247,9999.000,9999.000,9999.000,9999.000,9999.000,9999.000,9999.000
202605120112,   4.115,   4.319,9999.000,9999.000,9999.000,9999.000,9999.000,9999.000,9999.000
202605120118,   4.189,   4.339,9999.000,9999.000,9999.000,9999.000,9999.000,9999.000,9999.000
202605120124,   4.261,   4.408,9999.000,9999.000,9999.000,9999.000,9999.000,9999.000,9999.000
202605120130,   4.329,   4.519,9999.000,9999.000,9999.000,9999.000,9999.000,9999.000,9999.000
202605120136,   4.394,   4.578,9999.000,9999.000,9999.000,9999.000,9999.000,9999.000,9999.000
202605120142,   4.455,   4.618,9999.000,9999.000,9999.000,9999.000,9999.000,9999.000,9999.000
202605120148,   4.512,   4.690,9999.000,9999.000,9999.000,9999.000,9999.000,9999.000,9999.000
202605120154,   4.565,   4.759,9999.000,9999.000,9999.000,9999.000,9999.000,9999.000,9999.000
202605120200,   4.615,   4.818,   0.300,  -0.097,   4.818,   0.300,   4.818,   0.400,   4.918
202605120206,   4.660,   4.847,9999.000,9999.000,9999.000,9999.000,9999.000,9999.000,9999.000
202605120212,   4.701,   4.877,9999.000,9999.000,9999.000,9999.000,9999.000,9999.000,9999.000
202605120218,   4.738,   4.929,9999.000,9999.000,9999.000,9999.000,9999.000,9999.000,9999.000
202605120224,   4.771,   4.979,9999.000,9999.000,9999.000,9999.000,9999.000,9999.000,9999.000
202605120230,   4.799,   4.998,9999.000,9999.000,9999.000,9999.000,9999.000,9999.000,9999.000
202605120236,   4.823,   5.028,9999.000,9999.000,9999.000,9999.000,9999.000,9999.000,9999.000
202605120242,   4.842,   5.028,9999.000,9999.000,9999.000,9999.000,9999.000,9999.000,9999.000
202605120248,   4.857,   5.038,9999.000,9999.000,9999.000,9999.000,9999.000,9999.000,9999.000
202605120254,   4.867,   5.120,9999.000,9999.000,9999.000,9999.000,9999.000,9999.000,9999.000
202605120300,   4.873,   5.097,   0.300,  -0.076,   5.097,   0.300,   5.097,   0.300,   5.097
202605120306,   4.874,   5.120,9999.000,9999.000,9999.000,9999.000,9999.000,9999.000,9999.000
202605120312,   4.871,   5.169,9999.000,9999.000,9999.000,9999.000,9999.000,9999.000,9999.000
202605120318,   4.864,   5.169,9999.000,9999.000,9999.000,9999.000,9999.000,9999.000,9999.000
202605120324,   4.852,   5.149,9999.000,9999.000,9999.000,9999.000,9999.000,9999.000,9999.000
202605120330,   4.836,   5.129,9999.000,9999.000,9999.000,9999.000,9999.000,9999.000,9999.000
202605120336,   4.815,   5.110,9999.000,9999.000,9999.000,9999.000,9999.000,9999.000,9999.000
202605120342,   4.790,   5.087,9999.000,9999.000,9999.000,9999.000,9999.000,9999.000,9999.000
202605120348,   4.761,   5.067,9999.000,9999.000,9999.000,9999.000,9999.000,9999.000,9999.000
202605120354,   4.729,   5.087,9999.000,9999.000,9999.000,9999.000,9999.000,9999.000,9999.000
202605120400,   4.692,   5.047,   0.300,   0.055,   5.047,   0.300,   5.047,   0.400,   5.147
202605120406,   4.651,   4.979,9999.000,9999.000,9999.000,9999.000,9999.000,9999.000,9999.000
202605120412,   4.606,   4.929,9999.000,9999.000,9999.000,9999.000,9999.000,9999.000,9999.000
202605120418,   4.558,   4.818,9999.000,9999.000,9999.000,9999.000,9999.000,9999.000,9999.000
202605120424,   4.506,   4.857,9999.000,9999.000,9999.000,9999.000,9999.000,9999.000,9999.000
202605120430,   4.452,   4.788,9999.000,9999.000,9999.000,9999.000,9999.000,9999.000,9999.000
202605120436,   4.393,   4.778,9999.000,9999.000,9999.000,9999.000,9999.000,9999.000,9999.000
202605120442,   4.332,   4.690,9999.000,9999.000,9999.000,9999.000,9999.000,9999.000,9999.000
202605120448,   4.268,   4.667,9999.000,9999.000,9999.000,9999.000,9999.000,9999.000,9999.000
202605120454,   4.201,   4.539,9999.000,9999.000,9999.000,9999.000,9999.000,9999.000,9999.000
202605120500,   4.132,   4.457,   0.400,  -0.075,   4.457,   0.300,   4.357,   0.400,   4.457
202605120506,   4.060,   4.388,9999.000,9999.000,9999.000,9999.000,9999.000,9999.000,9999.000
202605120512,   3.986,   4.378,9999.000,9999.000,9999.000,9999.000,9999.000,9999.000,9999.000
202605120518,   3.911,   4.290,9999.000,9999.000,9999.000,9999.000,9999.000,9999.000,9999.000
202605120524,   3.833,   4.198,9999.000,9999.000,9999.000,9999.000,9999.000,9999.000,9999.000
202605120530,   3.754,   4.159,9999.000,9999.000,9999.000,9999.000,9999.000,9999.000,9999.000
202605120536,   3.673,   4.037,9999.000,9999.000,9999.000,9999.000,9999.000,9999.000,9999.000
202605120542,   3.592,   3.978,9999.000,9999.000,9999.000,9999.000,9999.000,9999.000,9999.000
202605120548,   3.509,   3.837,9999.000,9999.000,9999.000,9999.000,9999.000,9999.000,9999.000
202605120554,   3.426,   3.798,9999.000,9999.000,9999.000,9999.000,9999.000,9999.000,9999.000
202605120600,   3.342,   3.739,   0.200,   0.197,   3.739,   0.200,   3.739,   0.300,   3.839
202605120606,   3.257,   3.607,9999.000,9999.000,9999.000,9999.000,9999.000,9999.000,9999.000
202605120612,   3.173,   3.568,9999.000,9999.000,9999.000,9999.000,9999.000,9999.000,9999.000
202605120618,   3.089,   3.480,9999.000,9999.000,9999.000,9999.000,9999.000,9999.000,9999.000
202605120624,   3.005,   3.368,9999.000,9999.000,9999.000,9999.000,9999.000,9999.000,9999.000
202605120630,   2.921,   3.279,9999.000,9999.000,9999.000,9999.000,9999.000,9999.000,9999.000
202605120636,   2.839,   3.129,9999.000,9999.000,9999.000,9999.000,9999.000,9999.000,9999.000
202605120642,   2.757,   3.148,9999.000,9999.000,9999.000,9999.000,9999.000,9999.000,9999.000
202605120648,   2.676,   3.070,9999.000,9999.000,9999.000,9999.000,9999.000,9999.000,9999.000
202605120654,   2.597,   2.968,9999.000,9999.000,9999.000,9999.000,9999.000,9999.000,9999.000
202605120700,   2.519,   2.889,   0.200,   0.170,   2.889,   0.200,   2.889,   0.300,   2.989
202605120706,   2.443,   2.830,9999.000,9999.000,9999.000,9999.000,9999.000,9999.000,9999.000
202605120712,   2.369,   2.778,9999.000,9999.000,9999.000,9999.000,9999.000,9999.000,9999.000
202605120718,   2.297,   2.689,9999.000,9999.000,9999.000,9999.000,9999.000,9999.000,9999.000
202605120724,   2.228,   2.620,9999.000,9999.000,9999.000,9999.000,9999.000,9999.000,9999.000
202605120730,   2.160,   2.538,9999.000,9999.000,9999.000,9999.000,9999.000,9999.000,9999.000
202605120736,   2.096,   2.499,9999.000,9999.000,9999.000,9999.000,9999.000,9999.000,9999.000
202605120742,   2.034,   2.420,9999.000,9999.000,9999.000,9999.000,9999.000,9999.000,9999.000
202605120748,   1.975,   2.377,9999.000,9999.000,9999.000,9999.000,9999.000,9999.000,9999.000
202605120754,   1.919,   2.289,9999.000,9999.000,9999.000,9999.000,9999.000,9999.000,9999.000
202605120800,   1.866,   2.210,   0.300,   0.044,   2.210,   0.200,   2.110,   0.300,   2.210
202605120806,   1.817,   2.177,9999.000,9999.000,9999.000,9999.000,9999.000,9999.000,9999.000
202605120812,   1.771,   2.148,9999.000,9999.000,9999.000,9999.000,9999.000,9999.000,9999.000
202605120818,   1.729,9999.000,9999.000,9999.000,9999.000,9999.000,9999.000,9999.000,9999.000
202605120824,   1.690,   1.882,9999.000,9999.000,9999.000,9999.000,9999.000,9999.000,9999.000
202605120830,   1.655,   2.040,9999.000,9999.000,9999.000,9999.000,9999.000,9999.000,9999.000
202605120836,   1.624,   1.958,9999.000,9999.000,9999.000,9999.000,9999.000,9999.000,9999.000
202605120842,   1.596,   1.948,9999.000,9999.000,9999.000,9999.000,9999.000,9999.000,9999.000
202605120848,   1.573,   1.948,9999.000,9999.000,9999.000,9999.000,9999.000,9999.000,9999.000
202605120854,   1.553,   1.918,9999.000,9999.000,9999.000,9999.000,9999.000,9999.000,9999.000
202605120900,   1.537,   1.879,   0.300,   0.042,   1.879,   0.200,   1.779,   0.300,   1.879
202605120906,   1.526,   1.928,9999.000,9999.000,9999.000,9999.000,9999.000,9999.000,9999.000
202605120912,   1.518,   1.879,9999.000,9999.000,9999.000,9999.000,9999.000,9999.000,9999.000
202605120918,   1.514,   1.889,9999.000,9999.000,9999.000,9999.000,9999.000,9999.000,9999.000
202605120924,   1.515,   1.869,9999.000,9999.000,9999.000,9999.000,9999.000,9999.000,9999.000
202605120930,   1.519,   1.889,9999.000,9999.000,9999.000,9999.000,9999.000,9999.000,9999.000
202605120936,   1.527,   1.869,9999.000,9999.000,9999.000,9999.000,9999.000,9999.000,9999.000
202605120942,   1.539,   1.899,9999.000,9999.000,9999.000,9999.000,9999.000,9999.000,9999.000
202605120948,   1.555,   1.958,9999.000,9999.000,9999.000,9999.000,9999.000,9999.000,9999.000
202605120954,   1.575,   1.908,9999.000,9999.000,9999.000,9999.000,9999.000,9999.000,9999.000
202605121000,   1.599,   1.938,   0.200,   0.139,   1.938,   0.200,   1.938,   0.300,   2.038
202605121006,   1.626,   1.958,9999.000,9999.000,9999.000,9999.000,9999.000,9999.000,9999.000
202605121012,   1.656,   2.030,9999.000,9999.000,9999.000,9999.000,9999.000,9999.000,9999.000
202605121018,   1.690,   2.059,9999.000,9999.000,9999.000,9999.000,9999.000,9999.000,9999.000
202605121024,   1.727,   2.079,9999.000,9999.000,9999.000,9999.000,9999.000,9999.000,9999.000
202605121030,   1.768,   2.138,9999.000,9999.000,9999.000,9999.000,9999.000,9999.000,9999.000
202605121036,   1.811,   2.191,9999.000,9999.000,9999.000,9999.000,9999.000,9999.000,9999.000
202605121042,   1.857,   2.200,9999.000,9999.000,9999.000,9999.000,9999.000,9999.000,9999.000
202605121048,   1.906,   2.279,9999.000,9999.000,9999.000,9999.000,9999.000,9999.000,9999.000
202605121054,   1.958,   2.289,9999.000,9999.000,9999.000,9999.000,9999.000,9999.000,9999.000
202605121100,   2.012,   2.387,   0.200,   0.175,   2.387,   0.200,   2.387,   0.200,   2.387
202605121106,   2.068,   2.459,9999.000,9999.000,9999.000,9999.000,9999.000,9999.000,9999.000
202605121112,   2.127,   2.479,9999.000,9999.000,9999.000,9999.000,9999.000,9999.000,9999.000
202605121118,   2.187,   2.528,9999.000,9999.000,9999.000,9999.000,9999.000,9999.000,9999.000
202605121124,   2.249,   2.597,9999.000,9999.000,9999.000,9999.000,9999.000,9999.000,9999.000
202605121130,   2.313,   2.669,9999.000,9999.000,9999.000,9999.000,9999.000,9999.000,9999.000
202605121136,   2.378,   2.719,9999.000,9999.000,9999.000,9999.000,9999.000,9999.000,9999.000
202605121142,   2.444,   2.797,9999.000,9999.000,9999.000,9999.000,9999.000,9999.000,9999.000
202605121148,   2.511,   2.807,9999.000,9999.000,9999.000,9999.000,9999.000,9999.000,9999.000
202605121154,   2.579,   2.889,9999.000,9999.000,9999.000,9999.000,9999.000,9999.000,9999.000
202605121200,   2.647,   2.988,   0.300,   0.041,   2.988,   0.200,   2.888,   0.300,   2.988
202605121206,   2.716,   3.060,9999.000,9999.000,9999.000,9999.000,9999.000,9999.000,9999.000
202605121212,   2.785,   3.129,9999.000,9999.000,9999.000,9999.000,9999.000,9999.000,9999.000
202605121218,   2.853,   3.138,9999.000,9999.000,9999.000,9999.000,9999.000,9999.000,9999.000
202605121224,   2.922,   3.250,9999.000,9999.000,9999.000,9999.000,9999.000,9999.000,9999.000
202605121230,   2.990,   3.378,9999.000,9999.000,9999.000,9999.000,9999.000,9999.000,9999.000
202605121236,   3.057,   3.398,9999.000,9999.000,9999.000,9999.000,9999.000,9999.000,9999.000
202605121242,   3.124,   3.407,9999.000,9999.000,9999.000,9999.000,9999.000,9999.000,9999.000
202605121248,   3.189,   3.489,9999.000,9999.000,9999.000,9999.000,9999.000,9999.000,9999.000
202605121254,   3.253,   3.588,9999.000,9999.000,9999.000,9999.000,9999.000,9999.000,9999.000
202605121300,   3.316,   3.637,   0.300,   0.021,   3.637,   0.300,   3.637,   0.300,   3.637
202605121306,   3.376,   3.689,9999.000,9999.000,9999.000,9999.000,9999.000,9999.000,9999.000
202605121312,   3.435,   3.739,9999.000,9999.000,9999.000,9999.000,9999.000,9999.000,9999.000
202605121318,   3.492,   3.788,9999.000,9999.000,9999.000,9999.000,9999.000,9999.000,9999.000
202605121324,   3.547,   3.870,9999.000,9999.000,9999.000,9999.000,9999.000,9999.000,9999.000
202605121330,   3.600,   3.870,9999.000,9999.000,9999.000,9999.000,9999.000,9999.000,9999.000
202605121336,   3.650,   3.968,9999.000,9999.000,9999.000,9999.000,9999.000,9999.000,9999.000
202605121342,   3.697,   3.998,9999.000,9999.000,9999.000,9999.000,9999.000,9999.000,9999.000
202605121348,   3.741,   4.070,9999.000,9999.000,9999.000,9999.000,9999.000,9999.000,9999.000
202605121354,   3.783,   4.080,9999.000,9999.000,9999.000,9999.000,9999.000,9999.000,9999.000
202605121400,   3.821,   4.080,   0.300,  -0.041,   4.080,   0.200,   3.980,   0.300,   4.080
202605121406,   3.856,   4.159,9999.000,9999.000,9999.000,9999.000,9999.000,9999.000,9999.000
202605121412,   3.888,   4.168,9999.000,9999.000,9999.000,9999.000,9999.000,9999.000,9999.000
202605121418,   3.916,   4.208,9999.000,9999.000,9999.000,9999.000,9999.000,9999.000,9999.000
202605121424,   3.941,   4.247,9999.000,9999.000,9999.000,9999.000,9999.000,9999.000,9999.000
202605121430,   3.962,   4.227,9999.000,9999.000,9999.000,9999.000,9999.000,9999.000,9999.000
202605121436,   3.980,   4.359,9999.000,9999.000,9999.000,9999.000,9999.000,9999.000,9999.000
202605121442,   3.994,   4.329,9999.000,9999.000,9999.000,9999.000,9999.000,9999.000,9999.000
202605121448,   4.003,   4.290,9999.000,9999.000,9999.000,9999.000,9999.000,9999.000,9999.000
202605121454,   4.009,   4.267,9999.000,9999.000,9999.000,9999.000,9999.000,9999.000,9999.000
202605121500,   4.011,   4.300,   0.300,  -0.011,   4.300,   0.200,   4.200,   0.300,   4.300
202605121506,   4.009,   4.329,9999.000,9999.000,9999.000,9999.000,9999.000,9999.000,9999.000
202605121512,   4.003,   4.349,9999.000,9999.000,9999.000,9999.000,9999.000,9999.000,9999.000
202605121518,   3.994,   4.290,9999.000,9999.000,9999.000,9999.000,9999.000,9999.000,9999.000
202605121524,   3.980,   4.290,9999.000,9999.000,9999.000,9999.000,9999.000,9999.000,9999.000
202605121530,   3.962,   4.247,9999.000,9999.000,9999.000,9999.000,9999.000,9999.000,9999.000
202605121536,   3.940,   4.280,9999.000,9999.000,9999.000,9999.000,9999.000,9999.000,9999.000
202605121542,   3.915,   4.218,9999.000,9999.000,9999.000,9999.000,9999.000,9999.000,9999.000
202605121548,   3.885,   4.247,9999.000,9999.000,9999.000,9999.000,9999.000,9999.000,9999.000
202605121554,   3.852,   4.159,9999.000,9999.000,9999.000,9999.000,9999.000,9999.000,9999.000
202605121600,   3.815,   4.149,   0.300,   0.034,   4.149,   0.300,   4.149,   0.300,   4.149
202605121606,   3.774,   4.080,9999.000,9999.000,9999.000,9999.000,9999.000,9999.000,9999.000
202605121612,   3.730,   4.008,9999.000,9999.000,9999.000,9999.000,9999.000,9999.000,9999.000
202605121618,   3.682,   3.988,9999.000,9999.000,9999.000,9999.000,9999.000,9999.000,9999.000
202605121624,   3.632,   3.949,9999.000,9999.000,9999.000,9999.000,9999.000,9999.000,9999.000
202605121630,   3.577,   3.880,9999.000,9999.000,9999.000,9999.000,9999.000,9999.000,9999.000
202605121636,   3.520,   3.827,9999.000,9999.000,9999.000,9999.000,9999.000,9999.000,9999.000
202605121642,   3.460,   3.768,9999.000,9999.000,9999.000,9999.000,9999.000,9999.000,9999.000
202605121648,   3.397,   3.749,9999.000,9999.000,9999.000,9999.000,9999.000,9999.000,9999.000
202605121654,   3.331,   3.598,9999.000,9999.000,9999.000,9999.000,9999.000,9999.000,9999.000
202605121700,   3.263,   3.578,   0.400,  -0.085,   3.578,   0.300,   3.478,   0.400,   3.578
202605121706,   3.192,   3.499,9999.000,9999.000,9999.000,9999.000,9999.000,9999.000,9999.000
202605121712,   3.120,   3.427,9999.000,9999.000,9999.000,9999.000,9999.000,9999.000,9999.000
202605121718,   3.045,   3.388,9999.000,9999.000,9999.000,9999.000,9999.000,9999.000,9999.000
202605121724,   2.969,   3.348,9999.000,9999.000,9999.000,9999.000,9999.000,9999.000,9999.000
202605121730,   2.891,   3.188,9999.000,9999.000,9999.000,9999.000,9999.000,9999.000,9999.000
202605121736,   2.812,   3.119,9999.000,9999.000,9999.000,9999.000,9999.000,9999.000,9999.000
202605121742,   2.731,   3.017,9999.000,9999.000,9999.000,9999.000,9999.000,9999.000,9999.000
202605121748,   2.650,   2.997,9999.000,9999.000,9999.000,9999.000,9999.000,9999.000,9999.000
202605121754,   2.568,   2.899,9999.000,9999.000,9999.000,9999.000,9999.000,9999.000,9999.000
202605121800,   2.485,   2.797,   0.500,  -0.188,   2.797,   0.400,   2.697,   0.500,   2.797
202605121806,   2.402,   2.679,9999.000,9999.000,9999.000,9999.000,9999.000,9999.000,9999.000
202605121812,   2.319,   2.669,9999.000,9999.000,9999.000,9999.000,9999.000,9999.000,9999.000
202605121818,   2.236,   2.568,9999.000,9999.000,9999.000,9999.000,9999.000,9999.000,9999.000
202605121824,   2.154,   2.430,9999.000,9999.000,9999.000,9999.000,9999.000,9999.000,9999.000
202605121830,   2.072,   2.377,9999.000,9999.000,9999.000,9999.000,9999.000,9999.000,9999.000
202605121836,   1.991,   2.338,9999.000,9999.000,9999.000,9999.000,9999.000,9999.000,9999.000
202605121842,   1.911,   2.250,9999.000,9999.000,9999.000,9999.000,9999.000,9999.000,9999.000
202605121848,   1.833,   2.168,9999.000,9999.000,9999.000,9999.000,9999.000,9999.000,9999.000
202605121854,   1.756,   2.109,9999.000,9999.000,9999.000,9999.000,9999.000,9999.000,9999.000
202605121900,   1.680,   2.020,   0.400,  -0.060,   2.020,   0.400,   2.020,   0.500,   2.120
202605121906,   1.607,   1.928,9999.000,9999.000,9999.000,9999.000,9999.000,9999.000,9999.000
202605121912,   1.536,   1.869,9999.000,9999.000,9999.000,9999.000,9999.000,9999.000,9999.000
202605121918,   1.467,   1.800,9999.000,9999.000,9999.000,9999.000,9999.000,9999.000,9999.000
202605121924,   1.401,   1.767,9999.000,9999.000,9999.000,9999.000,9999.000,9999.000,9999.000
202605121930,   1.338,   1.689,9999.000,9999.000,9999.000,9999.000,9999.000,9999.000,9999.000
202605121936,   1.278,   1.630,9999.000,9999.000,9999.000,9999.000,9999.000,9999.000,9999.000
202605121942,   1.220,   1.571,9999.000,9999.000,9999.000,9999.000,9999.000,9999.000,9999.000
202605121948,   1.167,   1.518,9999.000,9999.000,9999.000,9999.000,9999.000,9999.000,9999.000
202605121954,   1.116,   1.469,9999.000,9999.000,9999.000,9999.000,9999.000,9999.000,9999.000
202605122000,   1.070,   1.400,   0.500,  -0.170,   1.400,   0.400,   1.300,   0.500,   1.400
202605122006,   1.027,   1.380,9999.000,9999.000,9999.000,9999.000,9999.000,9999.000,9999.000
202605122012,   0.988,   1.318,9999.000,9999.000,9999.000,9999.000,9999.000,9999.000,9999.000
202605122018,   0.953,   1.328,9999.000,9999.000,9999.000,9999.000,9999.000,9999.000,9999.000
202605122024,   0.923,   1.279,9999.000,9999.000,9999.000,9999.000,9999.000,9999.000,9999.000
202605122030,   0.897,   1.269,9999.000,9999.000,9999.000,9999.000,9999.000,9999.000,9999.000
202605122036,   0.875,   1.229,9999.000,9999.000,9999.000,9999.000,9999.000,9999.000,9999.000
202605122042,   0.858,   1.210,9999.000,9999.000,9999.000,9999.000,9999.000,9999.000,9999.000
202605122048,   0.846,   1.229,9999.000,9999.000,9999.000,9999.000,9999.000,9999.000,9999.000
202605122054,   0.838,   1.210,9999.000,9999.000,9999.000,9999.000,9999.000,9999.000,9999.000
202605122100,   0.835,   1.210,   0.400,  -0.025,   1.210,   0.400,   1.210,   0.500,   1.310
202605122106,   0.837,   1.210,9999.000,9999.000,9999.000,9999.000,9999.000,9999.000,9999.000
202605122112,   0.844,   1.200,9999.000,9999.000,9999.000,9999.000,9999.000,9999.000,9999.000
202605122118,   0.856,   1.259,9999.000,9999.000,9999.000,9999.000,9999.000,9999.000,9999.000
202605122124,   0.872,   1.239,9999.000,9999.000,9999.000,9999.000,9999.000,9999.000,9999.000
202605122130,   0.893,   1.220,9999.000,9999.000,9999.000,9999.000,9999.000,9999.000,9999.000
202605122136,   0.919,   1.239,9999.000,9999.000,9999.000,9999.000,9999.000,9999.000,9999.000
202605122142,   0.950,   1.308,9999.000,9999.000,9999.000,9999.000,9999.000,9999.000,9999.000
202605122148,   0.986,   1.371,9999.000,9999.000,9999.000,9999.000,9999.000,9999.000,9999.000
202605122154,   1.026,   1.348,9999.000,9999.000,9999.000,9999.000,9999.000,9999.000,9999.000
202605122200,   1.072,   1.400,   0.400,  -0.072,   1.400,   0.400,   1.400,   0.500,   1.500
202605122206,   1.121,   1.439,9999.000,9999.000,9999.000,9999.000,9999.000,9999.000,9999.000
202605122212,   1.175,   1.469,9999.000,9999.000,9999.000,9999.000,9999.000,9999.000,9999.000
202605122218,   1.234,   1.469,9999.000,9999.000,9999.000,9999.000,9999.000,9999.000,9999.000
202605122224,   1.296,   1.620,9999.000,9999.000,9999.000,9999.000,9999.000,9999.000,9999.000
202605122230,   1.363,   1.689,9999.000,9999.000,9999.000,9999.000,9999.000,9999.000,9999.000
202605122236,   1.434,   1.748,9999.000,9999.000,9999.000,9999.000,9999.000,9999.000,9999.000
202605122242,   1.508,   1.810,9999.000,9999.000,9999.000,9999.000,9999.000,9999.000,9999.000
202605122248,   1.586,   1.830,9999.000,9999.000,9999.000,9999.000,9999.000,9999.000,9999.000
202605122254,   1.668,   1.938,9999.000,9999.000,9999.000,9999.000,9999.000,9999.000,9999.000
202605122300,   1.753,   2.069,   0.400,  -0.084,   2.069,   0.400,   2.069,   0.400,   2.069
202605122306,   1.841,   2.118,9999.000,9999.000,9999.000,9999.000,9999.000,9999.000,9999.000
202605122312,   1.932,   2.220,9999.000,9999.000,9999.000,9999.000,9999.000,9999.000,9999.000
202605122318,   2.026,   2.279,9999.000,9999.000,9999.000,9999.000,9999.000,9999.000,9999.000
202605122324,   2.122,   2.387,9999.000,9999.000,9999.000,9999.000,9999.000,9999.000,9999.000
202605122330,   2.220,   2.489,9999.000,9999.000,9999.000,9999.000,9999.000,9999.000,9999.000
202605122336,   2.321,   2.587,9999.000,9999.000,9999.000,9999.000,9999.000,9999.000,9999.000
202605122342,   2.423,   2.709,9999.000,9999.000,9999.000,9999.000,9999.000,9999.000,9999.000
202605122348,   2.527,   2.778,9999.000,9999.000,9999.000,9999.000,9999.000,9999.000,9999.000
202605122354,   2.632,   2.889,9999.000,9999.000,9999.000,9999.000,9999.000,9999.000,9999.000
202605130000,   2.739,   3.030,   0.400,  -0.109,   3.030,   0.400,   3.030,   0.400,   3.030
202605130006,   2.846,   3.089,9999.000,9999.000,9999.000,9999.000,9999.000,9999.000,9999.000
202605130012,   2.954,   3.197,9999.000,9999.000,9999.000,9999.000,9999.000,9999.000,9999.000
202605130018,   3.062,   3.270,9999.000,9999.000,9999.000,9999.000,9999.000,9999.000,9999.000
202605130024,   3.171,   3.378,9999.000,9999.000,9999.000,9999.000,9999.000,9999.000,9999.000
202605130030,   3.279,   3.489,9999.000,9999.000,9999.000,9999.000,9999.000,9999.000,9999.000
202605130036,   3.387,   3.670,9999.000,9999.000,9999.000,9999.000,9999.000,9999.000,9999.000
202605130042,   3.494,   3.749,9999.000,9999.000,9999.000,9999.000,9999.000,9999.000,9999.000
202605130048,   3.600,   3.817,9999.000,9999.000,9999.000,9999.000,9999.000,9999.000,9999.000
202605130054,   3.705,   3.909,9999.000,9999.000,9999.000,9999.000,9999.000,9999.000,9999.000
202605130100,   3.809,   4.037,   0.400,  -0.172,   4.037,   0.400,   4.037,   0.400,   4.037
202605130106,   3.911,   4.129,9999.000,9999.000,9999.000,9999.000,9999.000,9999.000,9999.000
202605130112,   4.011,   4.218,9999.000,9999.000,9999.000,9999.000,9999.000,9999.000,9999.000
202605130118,   4.109,   4.300,9999.000,9999.000,9999.000,9999.000,9999.000,9999.000,9999.000
202605130124,   4.204,   4.427,9999.000,9999.000,9999.000,9999.000,9999.000,9999.000,9999.000
202605130130,   4.297,   4.509,9999.000,9999.000,9999.000,9999.000,9999.000,9999.000,9999.000
202605130136,   4.387,   4.588,9999.000,9999.000,9999.000,9999.000,9999.000,9999.000,9999.000
202605130142,   4.475,   4.677,9999.000,9999.000,9999.000,9999.000,9999.000,9999.000,9999.000
202605130148,   4.558,   4.759,9999.000,9999.000,9999.000,9999.000,9999.000,9999.000,9999.000
202605130154,   4.639,   4.847,9999.000,9999.000,9999.000,9999.000,9999.000,9999.000,9999.000
202605130200,   4.716,   4.887,   0.400,  -0.229,   4.887,   0.400,   4.887,   0.400,   4.887
202605130206,   4.789,   4.998,9999.000,9999.000,9999.000,9999.000,9999.000,9999.000,9999.000
202605130212,   4.858,   5.038,9999.000,9999.000,9999.000,9999.000,9999.000,9999.000,9999.000
202605130218,   4.923,   5.139,9999.000,9999.000,9999.000,9999.000,9999.000,9999.000,9999.000
202605130224,   4.983,   5.139,9999.000,9999.000,9999.000,9999.000,9999.000,9999.000,9999.000
202605130230,   5.039,   5.218,9999.000,9999.000,9999.000,9999.000,9999.000,9999.000,9999.000
202605130236,   5.091,   5.257,9999.000,9999.000,9999.000,9999.000,9999.000,9999.000,9999.000
202605130242,   5.137,   5.329,9999.000,9999.000,9999.000,9999.000,9999.000,9999.000,9999.000
202605130248,   5.179,   5.389,9999.000,9999.000,9999.000,9999.000,9999.000,9999.000,9999.000
202605130254,   5.216,   5.448,9999.000,9999.000,9999.000,9999.000,9999.000,9999.000,9999.000
202605130300,   5.248,   5.487,   0.400,  -0.161,   5.487,   0.400,   5.487,   0.400,   5.487
202605130306,   5.275,   5.477,9999.000,9999.000,9999.000,9999.000,9999.000,9999.000,9999.000
202605130312,   5.297,   5.487,9999.000,9999.000,9999.000,9999.000,9999.000,9999.000,9999.000
202605130318,   5.313,   5.549,9999.000,9999.000,9999.000,9999.000,9999.000,9999.000,9999.000
202605130324,   5.325,   5.549,9999.000,9999.000,9999.000,9999.000,9999.000,9999.000,9999.000
202605130330,   5.330,   5.549,9999.000,9999.000,9999.000,9999.000,9999.000,9999.000,9999.000
202605130336,   5.331,   5.549,9999.000,9999.000,9999.000,9999.000,9999.000,9999.000,9999.000
202605130342,   5.326,   5.539,9999.000,9999.000,9999.000,9999.000,9999.000,9999.000,9999.000
202605130348,   5.316,   5.579,9999.000,9999.000,9999.000,9999.000,9999.000,9999.000,9999.000
202605130354,   5.301,   5.507,9999.000,9999.000,9999.000,9999.000,9999.000,9999.000,9999.000
202605130400,   5.280,   5.549,   0.400,  -0.131,   5.549,   0.400,   5.549,   0.400,   5.549
202605130406,   5.254,   5.497,9999.000,9999.000,9999.000,9999.000,9999.000,9999.000,9999.000
202605130412,   5.223,   5.487,9999.000,9999.000,9999.000,9999.000,9999.000,9999.000,9999.000
202605130418,   5.187,   5.428,9999.000,9999.000,9999.000,9999.000,9999.000,9999.000,9999.000
202605130424,   5.146,   5.418,9999.000,9999.000,9999.000,9999.000,9999.000,9999.000,9999.000
202605130430,   5.099,   5.329,9999.000,9999.000,9999.000,9999.000,9999.000,9999.000,9999.000
202605130436,   5.049,   5.287,9999.000,9999.000,9999.000,9999.000,9999.000,9999.000,9999.000
202605130442,   4.993,   5.257,9999.000,9999.000,9999.000,9999.000,9999.000,9999.000,9999.000
202605130448,   4.933,   5.228,9999.000,9999.000,9999.000,9999.000,9999.000,9999.000,9999.000
202605130454,   4.868,   5.139,9999.000,9999.000,9999.000,9999.000,9999.000,9999.000,9999.000
202605130500,   4.799,   5.129,   0.400,  -0.070,   5.129,   0.400,   5.129,   0.400,   5.129
202605130506,   4.726,   5.008,9999.000,9999.000,9999.000,9999.000,9999.000,9999.000,9999.000
202605130512,   4.648,   4.929,9999.000,9999.000,9999.000,9999.000,9999.000,9999.000,9999.000
202605130518,   4.567,   4.847,9999.000,9999.000,9999.000,9999.000,9999.000,9999.000,9999.000
202605130524,   4.483,   4.739,9999.000,9999.000,9999.000,9999.000,9999.000,9999.000,9999.000
202605130530,   4.395,   4.710,9999.000,9999.000,9999.000,9999.000,9999.000,9999.000,9999.000
202605130536,   4.304,   4.598,9999.000,9999.000,9999.000,9999.000,9999.000,9999.000,9999.000
202605130542,   4.209,   4.509,9999.000,9999.000,9999.000,9999.000,9999.000,9999.000,9999.000
202605130548,   4.112,   4.408,9999.000,9999.000,9999.000,9999.000,9999.000,9999.000,9999.000
202605130554,   4.013,   4.319,9999.000,9999.000,9999.000,9999.000,9999.000,9999.000,9999.000
202605130600,   3.911,   4.237,   0.300,   0.026,   4.237,   0.300,   4.237,   0.300,   4.237
202605130606,   3.807,   4.139,9999.000,9999.000,9999.000,9999.000,9999.000,9999.000,9999.000
202605130612,   3.701,   4.008,9999.000,9999.000,9999.000,9999.000,9999.000,9999.000,9999.000
202605130618,   3.593,   3.870,9999.000,9999.000,9999.000,9999.000,9999.000,9999.000,9999.000
202605130624,   3.485,   3.808,9999.000,9999.000,9999.000,9999.000,9999.000,9999.000,9999.000
202605130630,   3.375,   3.739,9999.000,9999.000,9999.000,9999.000,9999.000,9999.000,9999.000
202605130636,   3.264,   3.588,9999.000,9999.000,9999.000,9999.000,9999.000,9999.000,9999.000
202605130642,   3.152,   3.440,9999.000,9999.000,9999.000,9999.000,9999.000,9999.000,9999.000
202605130648,   3.040,   3.358,9999.000,9999.000,9999.000,9999.000,9999.000,9999.000,9999.000
202605130654,   2.929,   3.240,9999.000,9999.000,9999.000,9999.000,9999.000,9999.000,9999.000
202605130700,   2.817,   3.178,   0.300,   0.061,   3.178,   0.300,   3.178,   0.300,   3.178
202605130706,   2.706,   3.050,9999.000,9999.000,9999.000,9999.000,9999.000,9999.000,9999.000
202605130712,   2.595,   2.948,9999.000,9999.000,9999.000,9999.000,9999.000,9999.000,9999.000
202605130718,   2.485,   2.807,9999.000,9999.000,9999.000,9999.000,9999.000,9999.000,9999.000
202605130724,   2.377,   2.738,9999.000,9999.000,9999.000,9999.000,9999.000,9999.000,9999.000
202605130730,   2.270,   2.610,9999.000,9999.000,9999.000,9999.000,9999.000,9999.000,9999.000
202605130736,   2.165,   2.469,9999.000,9999.000,9999.000,9999.000,9999.000,9999.000,9999.000
202605130742,   2.061,   2.420,9999.000,9999.000,9999.000,9999.000,9999.000,9999.000,9999.000
202605130748,   1.960,   2.318,9999.000,9999.000,9999.000,9999.000,9999.000,9999.000,9999.000
202605130754,   1.861,   2.230,9999.000,9999.000,9999.000,9999.000,9999.000,9999.000,9999.000
202605130800,   1.765,   2.158,   0.300,   0.093,   2.158,   0.300,   2.158,   0.300,   2.158
202605130806,   1.672,   2.010,9999.000,9999.000,9999.000,9999.000,9999.000,9999.000,9999.000
202605130812,   1.582,   1.948,9999.000,9999.000,9999.000,9999.000,9999.000,9999.000,9999.000
202605130818,   1.495,   1.820,9999.000,9999.000,9999.000,9999.000,9999.000,9999.000,9999.000
202605130824,   1.411,   1.767,9999.000,9999.000,9999.000,9999.000,9999.000,9999.000,9999.000
202605130830,   1.331,   1.679,9999.000,9999.000,9999.000,9999.000,9999.000,9999.000,9999.000
202605130836,   1.255,   1.639,9999.000,9999.000,9999.000,9999.000,9999.000,9999.000,9999.000
202605130842,   1.183,   1.590,9999.000,9999.000,9999.000,9999.000,9999.000,9999.000,9999.000
202605130848,   1.115,   1.498,9999.000,9999.000,9999.000,9999.000,9999.000,9999.000,9999.000
202605130854,   1.051,   1.430,9999.000,9999.000,9999.000,9999.000,9999.000,9999.000,9999.000
202605130900,   0.992,   1.400,   0.300,   0.108,   1.400,   0.200,   1.300,   0.300,   1.400
202605130906,   0.937,   1.318,9999.000,9999.000,9999.000,9999.000,9999.000,9999.000,9999.000
202605130912,   0.887,   1.289,9999.000,9999.000,9999.000,9999.000,9999.000,9999.000,9999.000
202605130918,   0.842,   1.190,9999.000,9999.000,9999.000,9999.000,9999.000,9999.000,9999.000
202605130924,   0.801,   1.220,9999.000,9999.000,9999.000,9999.000,9999.000,9999.000,9999.000
202605130930,   0.766,   1.138,9999.000,9999.000,9999.000,9999.000,9999.000,9999.000,9999.000
202605130936,   0.735,   1.118,9999.000,9999.000,9999.000,9999.000,9999.000,9999.000,9999.000
202605130942,   0.709,   1.079,9999.000,9999.000,9999.000,9999.000,9999.000,9999.000,9999.000
202605130948,   0.689,   1.069,9999.000,9999.000,9999.000,9999.000,9999.000,9999.000,9999.000
202605130954,   0.673,   1.079,9999.000,9999.000,9999.000,9999.000,9999.000,9999.000,9999.000
202605131000,   0.662,   1.029,   0.200,   0.167,   1.029,   0.200,   1.029,   0.200,   1.029
202605131006,   0.657,   1.010,9999.000,9999.000,9999.000,9999.000,9999.000,9999.000,9999.000
202605131012,   0.657,   1.039,9999.000,9999.000,9999.000,9999.000,9999.000,9999.000,9999.000
202605131018,   0.661,   1.020,9999.000,9999.000,9999.000,9999.000,9999.000,9999.000,9999.000
202605131024,   0.671,   1.029,9999.000,9999.000,9999.000,9999.000,9999.000,9999.000,9999.000
202605131030,   0.685,   1.049,9999.000,9999.000,9999.000,9999.000,9999.000,9999.000,9999.000
202605131036,   0.705,   1.039,9999.000,9999.000,9999.000,9999.000,9999.000,9999.000,9999.000
202605131042,   0.729,   1.069,9999.000,9999.000,9999.000,9999.000,9999.000,9999.000,9999.000
202605131048,   0.758,   1.088,9999.000,9999.000,9999.000,9999.000,9999.000,9999.000,9999.000
202605131054,   0.791,   1.190,9999.000,9999.000,9999.000,9999.000,9999.000,9999.000,9999.000
202605131100,   0.829,   1.190,   0.200,   0.161,   1.190,   0.200,   1.190,   0.200,   1.190
202605131106,   0.871,   1.239,9999.000,9999.000,9999.000,9999.000,9999.000,9999.000,9999.000
202605131112,   0.918,   1.220,9999.000,9999.000,9999.000,9999.000,9999.000,9999.000,9999.000
202605131118,   0.968,   1.279,9999.000,9999.000,9999.000,9999.000,9999.000,9999.000,9999.000
202605131124,   1.023,   1.361,9999.000,9999.000,9999.000,9999.000,9999.000,9999.000,9999.000
202605131130,   1.081,   1.400,9999.000,9999.000,9999.000,9999.000,9999.000,9999.000,9999.000
202605131136,   1.143,   1.439,9999.000,9999.000,9999.000,9999.000,9999.000,9999.000,9999.000
202605131142,   1.208,   1.469,9999.000,9999.000,9999.000,9999.000,9999.000,9999.000,9999.000
202605131148,   1.276,   1.590,9999.000,9999.000,9999.000,9999.000,9999.000,9999.000,9999.000
202605131154,   1.347,   1.630,9999.000,9999.000,9999.000,9999.000,9999.000,9999.000,9999.000
202605131200,   1.421,   1.630,   0.200,   0.009,   1.630,   0.200,   1.630,   0.200,   1.630
202605131206,   1.498,9999.000,9999.000,9999.000,9999.000,9999.000,9999.000,9999.000,9999.000
202605131212,   1.577,9999.000,9999.000,9999.000,9999.000,9999.000,9999.000,9999.000,9999.000
202605131218,   1.658,9999.000,9999.000,9999.000,9999.000,9999.000,9999.000,9999.000,9999.000
202605131224,   1.741,9999.000,9999.000,9999.000,9999.000,9999.000,9999.000,9999.000,9999.000
202605131230,   1.826,9999.000,9999.000,9999.000,9999.000,9999.000,9999.000,9999.000,9999.000
202605131236,   1.912,9999.000,9999.000,9999.000,9999.000,9999.000,9999.000,9999.000,9999.000
202605131242,   1.999,9999.000,9999.000,9999.000,9999.000,9999.000,9999.000,9999.000,9999.000
202605131248,   2.087,9999.000,9999.000,9999.000,9999.000,9999.000,9999.000,9999.000,9999.000
202605131254,   2.176,9999.000,9999.000,9999.000,9999.000,9999.000,9999.000,9999.000,9999.000
202605131300,   2.265,9999.000,   0.200,   0.010,   2.475,   0.200,   2.475,   0.200,   2.475
202605131306,   2.355,9999.000,9999.000,9999.000,9999.000,9999.000,9999.000,9999.000,9999.000
202605131312,   2.444,9999.000,9999.000,9999.000,9999.000,9999.000,9999.000,9999.000,9999.000
202605131318,   2.534,9999.000,9999.000,9999.000,9999.000,9999.000,9999.000,9999.000,9999.000
202605131324,   2.622,9999.000,9999.000,9999.000,9999.000,9999.000,9999.000,9999.000,9999.000
202605131330,   2.710,9999.000,9999.000,9999.000,9999.000,9999.000,9999.000,9999.000,9999.000
202605131336,   2.797,9999.000,9999.000,9999.000,9999.000,9999.000,9999.000,9999.000,9999.000
202605131342,   2.883,9999.000,9999.000,9999.000,9999.000,9999.000,9999.000,9999.000,9999.000
202605131348,   2.967,9999.000,9999.000,9999.000,9999.000,9999.000,9999.000,9999.000,9999.000
202605131354,   3.049,9999.000,9999.000,9999.000,9999.000,9999.000,9999.000,9999.000,9999.000
202605131400,   3.130,9999.000,   0.100,   0.012,   3.242,   0.100,   3.242,   0.200,   3.342
202605131406,   3.208,9999.000,9999.000,9999.000,9999.000,9999.000,9999.000,9999.000,9999.000
202605131412,   3.285,9999.000,9999.000,9999.000,9999.000,9999.000,9999.000,9999.000,9999.000
202605131418,   3.358,9999.000,9999.000,9999.000,9999.000,9999.000,9999.000,9999.000,9999.000
202605131424,   3.429,9999.000,9999.000,9999.000,9999.000,9999.000,9999.000,9999.000,9999.000
202605131430,   3.497,9999.000,9999.000,9999.000,9999.000,9999.000,9999.000,9999.000,9999.000
202605131436,   3.562,9999.000,9999.000,9999.000,9999.000,9999.000,9999.000,9999.000,9999.000
202605131442,   3.623,9999.000,9999.000,9999.000,9999.000,9999.000,9999.000,9999.000,9999.000
202605131448,   3.682,9999.000,9999.000,9999.000,9999.000,9999.000,9999.000,9999.000,9999.000
202605131454,   3.736,9999.000,9999.000,9999.000,9999.000,9999.000,9999.000,9999.000,9999.000
202605131500,   3.787,9999.000,   0.100,   0.013,   3.900,   0.100,   3.900,   0.100,   3.900
202605131506,   3.834,9999.000,9999.000,9999.000,9999.000,9999.000,9999.000,9999.000,9999.000
202605131512,   3.877,9999.000,9999.000,9999.000,9999.000,9999.000,9999.000,9999.000,9999.000
202605131518,   3.916,9999.000,9999.000,9999.000,9999.000,9999.000,9999.000,9999.000,9999.000
202605131524,   3.951,9999.000,9999.000,9999.000,9999.000,9999.000,9999.000,9999.000,9999.000
202605131530,   3.982,9999.000,9999.000,9999.000,9999.000,9999.000,9999.000,9999.000,9999.000
202605131536,   4.008,9999.000,9999.000,9999.000,9999.000,9999.000,9999.000,9999.000,9999.000
202605131542,   4.030,9999.000,9999.000,9999.000,9999.000,9999.000,9999.000,9999.000,9999.000
202605131548,   4.047,9999.000,9999.000,9999.000,9999.000,9999.000,9999.000,9999.000,9999.000
202605131554,   4.060,9999.000,9999.000,9999.000,9999.000,9999.000,9999.000,9999.000,9999.000
202605131600,   4.068,9999.000,   0.100,   0.014,   4.182,   0.100,   4.182,   0.200,   4.282
202605131606,   4.072,9999.000,9999.000,9999.000,9999.000,9999.000,9999.000,9999.000,9999.000
202605131612,   4.071,9999.000,9999.000,9999.000,9999.000,9999.000,9999.000,9999.000,9999.000
202605131618,   4.066,9999.000,9999.000,9999.000,9999.000,9999.000,9999.000,9999.000,9999.000
202605131624,   4.056,9999.000,9999.000,9999.000,9999.000,9999.000,9999.000,9999.000,9999.000
202605131630,   4.042,9999.000,9999.000,9999.000,9999.000,9999.000,9999.000,9999.000,9999.000
202605131636,   4.024,9999.000,9999.000,9999.000,9999.000,9999.000,9999.000,9999.000,9999.000
202605131642,   4.001,9999.000,9999.000,9999.000,9999.000,9999.000,9999.000,9999.000,9999.000
202605131648,   3.973,9999.000,9999.000,9999.000,9999.000,9999.000,9999.000,9999.000,9999.000
202605131654,   3.942,9999.000,9999.000,9999.000,9999.000,9999.000,9999.000,9999.000,9999.000
202605131700,   3.907,9999.000,   0.100,   0.016,   4.023,   0.100,   4.023,   0.200,   4.123
202605131706,   3.867,9999.000,9999.000,9999.000,9999.000,9999.000,9999.000,9999.000,9999.000
202605131712,   3.824,9999.000,9999.000,9999.000,9999.000,9999.000,9999.000,9999.000,9999.000
202605131718,   3.777,9999.000,9999.000,9999.000,9999.000,9999.000,9999.000,9999.000,9999.000
202605131724,   3.726,9999.000,9999.000,9999.000,9999.000,9999.000,9999.000,9999.000,9999.000
202605131730,   3.672,9999.000,9999.000,9999.000,9999.000,9999.000,9999.000,9999.000,9999.000
202605131736,   3.615,9999.000,9999.000,9999.000,9999.000,9999.000,9999.000,9999.000,9999.000
202605131742,   3.554,9999.000,9999.000,9999.000,9999.000,9999.000,9999.000,9999.000,9999.000
202605131748,   3.491,9999.000,9999.000,9999.000,9999.000,9999.000,9999.000,9999.000,9999.000
202605131754,   3.425,9999.000,9999.000,9999.000,9999.000,9999.000,9999.000,9999.000,9999.000
202605131800,   3.356,9999.000,   0.100,   0.017,   3.473,   0.100,   3.473,   0.200,   3.573
202605131806,   3.285,9999.000,9999.000,9999.000,9999.000,9999.000,9999.000,9999.000,9999.000
202605131812,   3.212,9999.000,9999.000,9999.000,9999.000,9999.000,9999.000,9999.000,9999.000
202605131818,   3.137,9999.000,9999.000,9999.000,9999.000,9999.000,9999.000,9999.000,9999.000
202605131824,   3.061,9999.000,9999.000,9999.000,9999.000,9999.000,9999.000,9999.000,9999.000
202605131830,   2.983,9999.000,9999.000,9999.000,9999.000,9999.000,9999.000,9999.000,9999.000
202605131836,   2.903,9999.000,9999.000,9999.000,9999.000,9999.000,9999.000,9999.000,9999.000
202605131842,   2.823,9999.000,9999.000,9999.000,9999.000,9999.000,9999.000,9999.000,9999.000
202605131848,   2.742,9999.000,9999.000,9999.000,9999.000,9999.000,9999.000,9999.000,9999.000
202605131854,   2.661,9999.000,9999.000,9999.000,9999.000,9999.000,9999.000,9999.000,9999.000
202605131900,   2.580,9999.000,   0.100,   0.019,   2.699,   0.100,   2.699,   0.100,   2.699
202605131906,   2.498,9999.000,9999.000,9999.000,9999.000,9999.000,9999.000,9999.000,9999.000
202605131912,   2.417,9999.000,9999.000,9999.000,9999.000,9999.000,9999.000,9999.000,9999.000
202605131918,   2.336,9999.000,9999.000,9999.000,9999.000,9999.000,9999.000,9999.000,9999.000
202605131924,   2.256,9999.000,9999.000,9999.000,9999.000,9999.000,9999.000,9999.000,9999.000
202605131930,   2.178,9999.000,9999.000,9999.000,9999.000,9999.000,9999.000,9999.000,9999.000
202605131936,   2.100,9999.000,9999.000,9999.000,9999.000,9999.000,9999.000,9999.000,9999.000
202605131942,   2.024,9999.000,9999.000,9999.000,9999.000,9999.000,9999.000,9999.000,9999.000
202605131948,   1.950,9999.000,9999.000,9999.000,9999.000,9999.000,9999.000,9999.000,9999.000
202605131954,   1.878,9999.000,9999.000,9999.000,9999.000,9999.000,9999.000,9999.000,9999.000
202605132000,   1.808,9999.000,   0.100,   0.020,   1.928,   0.100,   1.928,   0.100,   1.928
202605132006,   1.741,9999.000,9999.000,9999.000,9999.000,9999.000,9999.000,9999.000,9999.000
202605132012,   1.676,9999.000,9999.000,9999.000,9999.000,9999.000,9999.000,9999.000,9999.000
202605132018,   1.614,9999.000,9999.000,9999.000,9999.000,9999.000,9999.000,9999.000,9999.000
202605132024,   1.556,9999.000,9999.000,9999.000,9999.000,9999.000,9999.000,9999.000,9999.000
202605132030,   1.501,9999.000,9999.000,9999.000,9999.000,9999.000,9999.000,9999.000,9999.000
202605132036,   1.449,9999.000,9999.000,9999.000,9999.000,9999.000,9999.000,9999.000,9999.000
202605132042,   1.401,9999.000,9999.000,9999.000,9999.000,9999.000,9999.000,9999.000,9999.000
202605132048,   1.357,9999.000,9999.000,9999.000,9999.000,9999.000,9999.000,9999.000,9999.000
202605132054,   1.318,9999.000,9999.000,9999.000,9999.000,9999.000,9999.000,9999.000,9999.000
202605132100,   1.282,9999.000,   0.100,   0.021,   1.403,   0.100,   1.403,   0.100,   1.403
202605132106,   1.251,9999.000,9999.000,9999.000,9999.000,9999.000,9999.000,9999.000,9999.000
202605132112,   1.224,9999.000,9999.000,9999.000,9999.000,9999.000,9999.000,9999.000,9999.000
202605132118,   1.202,9999.000,9999.000,9999.000,9999.000,9999.000,9999.000,9999.000,9999.000
202605132124,   1.185,9999.000,9999.000,9999.000,9999.000,9999.000,9999.000,9999.000,9999.000
202605132130,   1.172,9999.000,9999.000,9999.000,9999.000,9999.000,9999.000,9999.000,9999.000
202605132136,   1.165,9999.000,9999.000,9999.000,9999.000,9999.000,9999.000,9999.000,9999.000
202605132142,   1.162,9999.000,9999.000,9999.000,9999.000,9999.000,9999.000,9999.000,9999.000
202605132148,   1.165,9999.000,9999.000,9999.000,9999.000,9999.000,9999.000,9999.000,9999.000
202605132154,   1.172,9999.000,9999.000,9999.000,9999.000,9999.000,9999.000,9999.000,9999.000
202605132200,   1.185,9999.000,   0.100,   0.023,   1.308,   0.000,   1.208,   0.100,   1.308
202605132206,   1.203,9999.000,9999.000,9999.000,9999.000,9999.000,9999.000,9999.000,9999.000
202605132212,   1.226,9999.000,9999.000,9999.000,9999.000,9999.000,9999.000,9999.000,9999.000
202605132218,   1.254,9999.000,9999.000,9999.000,9999.000,9999.000,9999.000,9999.000,9999.000
202605132224,   1.287,9999.000,9999.000,9999.000,9999.000,9999.000,9999.000,9999.000,9999.000
202605132230,   1.325,9999.000,9999.000,9999.000,9999.000,9999.000,9999.000,9999.000,9999.000
202605132236,   1.369,9999.000,9999.000,9999.000,9999.000,9999.000,9999.000,9999.000,9999.000
202605132242,   1.417,9999.000,9999.000,9999.000,9999.000,9999.000,9999.000,9999.000,9999.000
202605132248,   1.470,9999.000,9999.000,9999.000,9999.000,9999.000,9999.000,9999.000,9999.000
202605132254,   1.528,9999.000,9999.000,9999.000,9999.000,9999.000,9999.000,9999.000,9999.000
202605132300,   1.590,9999.000,   0.000,   0.024,   1.614,   0.000,   1.614,   0.000,   1.614
202605132306,   1.657,9999.000,9999.000,9999.000,9999.000,9999.000,9999.000,9999.000,9999.000
202605132312,   1.728,9999.000,9999.000,9999.000,9999.000,9999.000,9999.000,9999.000,9999.000
202605132318,   1.804,9999.000,9999.000,9999.000,9999.000,9999.000,9999.000,9999.000,9999.000
202605132324,   1.883,9999.000,9999.000,9999.000,9999.000,9999.000,9999.000,9999.000,9999.000
202605132330,   1.967,9999.000,9999.000,9999.000,9999.000,9999.000,9999.000,9999.000,9999.000
202605132336,   2.054,9999.000,9999.000,9999.000,9999.000,9999.000,9999.000,9999.000,9999.000
202605132342,   2.145,9999.000,9999.000,9999.000,9999.000,9999.000,9999.000,9999.000,9999.000
202605132348,   2.239,9999.000,9999.000,9999.000,9999.000,9999.000,9999.000,9999.000,9999.000
202605132354,   2.336,9999.000,9999.000,9999.000,9999.000,9999.000,9999.000,9999.000,9999.000
202605140000,   2.436,9999.000,   0.000,   0.025,   2.461,   0.000,   2.461,   0.000,   2.461
202605140006,   2.539,9999.000,9999.000,9999.000,9999.000,9999.000,9999.000,9999.000,9999.000
202605140012,   2.644,9999.000,9999.000,9999.000,9999.000,9999.000,9999.000,9999.000,9999.000
202605140018,   2.751,9999.000,9999.000,9999.000,9999.000,9999.000,9999.000,9999.000,9999.000
202605140024,   2.860,9999.000,9999.000,9999.000,9999.000,9999.000,9999.000,9999.000,9999.000
202605140030,   2.971,9999.000,9999.000,9999.000,9999.000,9999.000,9999.000,9999.000,9999.000
202605140036,   3.083,9999.000,9999.000,9999.000,9999.000,9999.000,9999.000,9999.000,9999.000
202605140042,   3.197,9999.000,9999.000,9999.000,9999.000,9999.000,9999.000,9999.000,9999.000
202605140048,   3.311,9999.000,9999.000,9999.000,9999.000,9999.000,9999.000,9999.000,9999.000
202605140054,   3.426,9999.000,9999.000,9999.000,9999.000,9999.000,9999.000,9999.000,9999.000
202605140100,   3.541,9999.000,   0.000,   0.025,   3.566,   0.000,   3.566,   0.000,   3.566
202605140106,   3.655,9999.000,9999.000,9999.000,9999.000,9999.000,9999.000,9999.000,9999.000
202605140112,   3.770,9999.000,9999.000,9999.000,9999.000,9999.000,9999.000,9999.000,9999.000
202605140118,   3.884,9999.000,9999.000,9999.000,9999.000,9999.000,9999.000,9999.000,9999.000
202605140124,   3.997,9999.000,9999.000,9999.000,9999.000,9999.000,9999.000,9999.000,9999.000
202605140130,   4.110,9999.000,9999.000,9999.000,9999.000,9999.000,9999.000,9999.000,9999.000
202605140136,   4.220,9999.000,9999.000,9999.000,9999.000,9999.000,9999.000,9999.000,9999.000
202605140142,   4.329,9999.000,9999.000,9999.000,9999.000,9999.000,9999.000,9999.000,9999.000
202605140148,   4.436,9999.000,9999.000,9999.000,9999.000,9999.000,9999.000,9999.000,9999.000
202605140154,   4.541,9999.000,9999.000,9999.000,9999.000,9999.000,9999.000,9999.000,9999.000
202605140200,   4.643,9999.000,   0.000,   0.025,   4.668,   0.000,   4.668,   0.000,   4.668
202605140206,   4.742,9999.000,9999.000,9999.000,9999.000,9999.000,9999.000,9999.000,9999.000
202605140212,   4.839,9999.000,9999.000,9999.000,9999.000,9999.000,9999.000,9999.000,9999.000
202605140218,   4.932,9999.000,9999.000,9999.000,9999.000,9999.000,9999.000,9999.000,9999.000
202605140224,   5.021,9999.000,9999.000,9999.000,9999.000,9999.000,9999.000,9999.000,9999.000
202605140230,   5.107,9999.000,9999.000,9999.000,9999.000,9999.000,9999.000,9999.000,9999.000
202605140236,   5.189,9999.000,9999.000,9999.000,9999.000,9999.000,9999.000,9999.000,9999.000
202605140242,   5.266,9999.000,9999.000,9999.000,9999.000,9999.000,9999.000,9999.000,9999.000
202605140248,   5.340,9999.000,9999.000,9999.000,9999.000,9999.000,9999.000,9999.000,9999.000
202605140254,   5.408,9999.000,9999.000,9999.000,9999.000,9999.000,9999.000,9999.000,9999.000
202605140300,   5.472,9999.000,   0.000,   0.025,   5.497,   0.000,   5.497,   0.000,   5.497
202605140306,   5.530,9999.000,9999.000,9999.000,9999.000,9999.000,9999.000,9999.000,9999.000
202605140312,   5.584,9999.000,9999.000,9999.000,9999.000,9999.000,9999.000,9999.000,9999.000
202605140318,   5.632,9999.000,9999.000,9999.000,9999.000,9999.000,9999.000,9999.000,9999.000
202605140324,   5.675,9999.000,9999.000,9999.000,9999.000,9999.000,9999.000,9999.000,9999.000
202605140330,   5.712,9999.000,9999.000,9999.000,9999.000,9999.000,9999.000,9999.000,9999.000
202605140336,   5.743,9999.000,9999.000,9999.000,9999.000,9999.000,9999.000,9999.000,9999.000
202605140342,   5.769,9999.000,9999.000,9999.000,9999.000,9999.000,9999.000,9999.000,9999.000
202605140348,   5.789,9999.000,9999.000,9999.000,9999.000,9999.000,9999.000,9999.000,9999.000
202605140354,   5.803,9999.000,9999.000,9999.000,9999.000,9999.000,9999.000,9999.000,9999.000
202605140400,   5.810,9999.000,   0.000,   0.025,   5.835,   0.000,   5.835,   0.000,   5.835
202605140406,   5.812,9999.000,9999.000,9999.000,9999.000,9999.000,9999.000,9999.000,9999.000
202605140412,   5.808,9999.000,9999.000,9999.000,9999.000,9999.000,9999.000,9999.000,9999.000
202605140418,   5.797,9999.000,9999.000,9999.000,9999.000,9999.000,9999.000,9999.000,9999.000
202605140424,   5.780,9999.000,9999.000,9999.000,9999.000,9999.000,9999.000,9999.000,9999.000
202605140430,   5.757,9999.000,9999.000,9999.000,9999.000,9999.000,9999.000,9999.000,9999.000
202605140436,   5.728,9999.000,9999.000,9999.000,9999.000,9999.000,9999.000,9999.000,9999.000
202605140442,   5.693,9999.000,9999.000,9999.000,9999.000,9999.000,9999.000,9999.000,9999.000
202605140448,   5.652,9999.000,9999.000,9999.000,9999.000,9999.000,9999.000,9999.000,9999.000
202605140454,   5.605,9999.000,9999.000,9999.000,9999.000,9999.000,9999.000,9999.000,9999.000
202605140500,   5.552,9999.000,   0.000,   0.025,   5.577,   0.000,   5.577,   0.100,   5.677
202605140506,   5.493,9999.000,9999.000,9999.000,9999.000,9999.000,9999.000,9999.000,9999.000
202605140512,   5.429,9999.000,9999.000,9999.000,9999.000,9999.000,9999.000,9999.000,9999.000
202605140518,   5.359,9999.000,9999.000,9999.000,9999.000,9999.000,9999.000,9999.000,9999.000
202605140524,   5.284,9999.000,9999.000,9999.000,9999.000,9999.000,9999.000,9999.000,9999.000
202605140530,   5.203,9999.000,9999.000,9999.000,9999.000,9999.000,9999.000,9999.000,9999.000
202605140536,   5.117,9999.000,9999.000,9999.000,9999.000,9999.000,9999.000,9999.000,9999.000
202605140542,   5.027,9999.000,9999.000,9999.000,9999.000,9999.000,9999.000,9999.000,9999.000
202605140548,   4.931,9999.000,9999.000,9999.000,9999.000,9999.000,9999.000,9999.000,9999.000
202605140554,   4.831,9999.000,9999.000,9999.000,9999.000,9999.000,9999.000,9999.000,9999.000
202605140600,   4.727,9999.000,   0.000,   0.025,   4.752,   0.000,   4.752,   0.100,   4.852
202605140606,   4.619,9999.000,9999.000,9999.000,9999.000,9999.000,9999.000,9999.000,9999.000
202605140612,   4.506,9999.000,9999.000,9999.000,9999.000,9999.000,9999.000,9999.000,9999.000
202605140618,   4.390,9999.000,9999.000,9999.000,9999.000,9999.000,9999.000,9999.000,9999.000
202605140624,   4.271,9999.000,9999.000,9999.000,9999.000,9999.000,9999.000,9999.000,9999.000
202605140630,   4.148,9999.000,9999.000,9999.000,9999.000,9999.000,9999.000,9999.000,9999.000
202605140636,   4.023,9999.000,9999.000,9999.000,9999.000,9999.000,9999.000,9999.000,9999.000
202605140642,   3.894,9999.000,9999.000,9999.000,9999.000,9999.000,9999.000,9999.000,9999.000
202605140648,   3.764,9999.000,9999.000,9999.000,9999.000,9999.000,9999.000,9999.000,9999.000
202605140654,   3.631,9999.000,9999.000,9999.000,9999.000,9999.000,9999.000,9999.000,9999.000
202605140700,   3.497,9999.000,   0.000,   0.025,   3.522,   0.000,   3.522,   0.100,   3.622
202605140706,   3.361,9999.000,9999.000,9999.000,9999.000,9999.000,9999.000,9999.000,9999.000
202605140712,   3.224,9999.000,9999.000,9999.000,9999.000,9999.000,9999.000,9999.000,9999.000
202605140718,   3.086,9999.000,9999.000,9999.000,9999.000,9999.000,9999.000,9999.000,9999.000
202605140724,   2.947,9999.000,9999.000,9999.000,9999.000,9999.000,9999.000,9999.000,9999.000
202605140730,   2.808,9999.000,9999.000,9999.000,9999.000,9999.000,9999.000,9999.000,9999.000
202605140736,   2.669,9999.000,9999.000,9999.000,9999.000,9999.000,9999.000,9999.000,9999.000
202605140742,   2.530,9999.000,9999.000,9999.000,9999.000,9999.000,9999.000,9999.000,9999.000
202605140748,   2.392,9999.000,9999.000,9999.000,9999.000,9999.000,9999.000,9999.000,9999.000
202605140754,   2.255,9999.000,9999.000,9999.000,9999.000,9999.000,9999.000,9999.000,9999.000
202605140800,   2.119,9999.000,   0.100,   0.025,   2.244,   0.000,   2.144,   0.100,   2.244
202605140806,   1.984,9999.000,9999.000,9999.000,9999.000,9999.000,9999.000,9999.000,9999.000
202605140812,   1.851,9999.000,9999.000,9999.000,9999.000,9999.000,9999.000,9999.000,9999.000
202605140818,   1.720,9999.000,9999.000,9999.000,9999.000,9999.000,9999.000,9999.000,9999.000
202605140824,   1.592,9999.000,9999.000,9999.000,9999.000,9999.000,9999.000,9999.000,9999.000
202605140830,   1.466,9999.000,9999.000,9999.000,9999.000,9999.000,9999.000,9999.000,9999.000
202605140836,   1.343,9999.000,9999.000,9999.000,9999.000,9999.000,9999.000,9999.000,9999.000
202605140842,   1.223,9999.000,9999.000,9999.000,9999.000,9999.000,9999.000,9999.000,9999.000
202605140848,   1.107,9999.000,9999.000,9999.000,9999.000,9999.000,9999.000,9999.000,9999.000
202605140854,   0.994,9999.000,9999.000,9999.000,9999.000,9999.000,9999.000,9999.000,9999.000
202605140900,   0.885,9999.000,   0.100,   0.025,   1.010,   0.100,   1.010,   0.100,   1.010
202605140906,   0.780,9999.000,9999.000,9999.000,9999.000,9999.000,9999.000,9999.000,9999.000
202605140912,   0.680,9999.000,9999.000,9999.000,9999.000,9999.000,9999.000,9999.000,9999.000
202605140918,   0.584,9999.000,9999.000,9999.000,9999.000,9999.000,9999.000,9999.000,9999.000
202605140924,   0.493,9999.000,9999.000,9999.000,9999.000,9999.000,9999.000,9999.000,9999.000
202605140930,   0.406,9999.000,9999.000,9999.000,9999.000,9999.000,9999.000,9999.000,9999.000
202605140936,   0.325,9999.000,9999.000,9999.000,9999.000,9999.000,9999.000,9999.000,9999.000
202605140942,   0.249,9999.000,9999.000,9999.000,9999.000,9999.000,9999.000,9999.000,9999.000
202605140948,   0.178,9999.000,9999.000,9999.000,9999.000,9999.000,9999.000,9999.000,9999.000
202605140954,   0.113,9999.000,9999.000,9999.000,9999.000,9999.000,9999.000,9999.000,9999.000
202605141000,   0.054,9999.000,   0.100,   0.025,   0.179,   0.000,   0.079,   0.100,   0.179
202605141006,   0.000,9999.000,9999.000,9999.000,9999.000,9999.000,9999.000,9999.000,9999.000
202605141012,  -0.046,9999.000,9999.000,9999.000,9999.000,9999.000,9999.000,9999.000,9999.000
202605141018,  -0.088,9999.000,9999.000,9999.000,9999.000,9999.000,9999.000,9999.000,9999.000
202605141024,  -0.124,9999.000,9999.000,9999.000,9999.000,9999.000,9999.000,9999.000,9999.000
202605141030,  -0.154,9999.000,9999.000,9999.000,9999.000,9999.000,9999.000,9999.000,9999.000
202605141036,  -0.177,9999.000,9999.000,9999.000,9999.000,9999.000,9999.000,9999.000,9999.000
202605141042,  -0.195,9999.000,9999.000,9999.000,9999.000,9999.000,9999.000,9999.000,9999.000
202605141048,  -0.207,9999.000,9999.000,9999.000,9999.000,9999.000,9999.000,9999.000,9999.000
202605141054,  -0.212,9999.000,9999.000,9999.000,9999.000,9999.000,9999.000,9999.000,9999.000
202605141100,  -0.211,9999.000,   0.000,   0.025,  -0.186,   0.000,  -0.186,   0.000,  -0.186
202605141106,  -0.204,9999.000,9999.000,9999.000,9999.000,9999.000,9999.000,9999.000,9999.000
202605141112,  -0.192,9999.000,9999.000,9999.000,9999.000,9999.000,9999.000,9999.000,9999.000
202605141118,  -0.173,9999.000,9999.000,9999.000,9999.000,9999.000,9999.000,9999.000,9999.000
202605141124,  -0.148,9999.000,9999.000,9999.000,9999.000,9999.000,9999.000,9999.000,9999.000
202605141130,  -0.118,9999.000,9999.000,9999.000,9999.000,9999.000,9999.000,9999.000,9999.000
202605141136,  -0.082,9999.000,9999.000,9999.000,9999.000,9999.000,9999.000,9999.000,9999.000
202605141142,  -0.041,9999.000,9999.000,9999.000,9999.000,9999.000,9999.000,9999.000,9999.000
202605141148,   0.005,9999.000,9999.000,9999.000,9999.000,9999.000,9999.000,9999.000,9999.000
202605141154,   0.057,9999.000,9999.000,9999.000,9999.000,9999.000,9999.000,9999.000,9999.000
202605141200,   0.114,9999.000,   0.000,   0.025,   0.139,   0.000,   0.139,   0.100,   0.239
202605141206,   0.176,9999.000,9999.000,9999.000,9999.000,9999.000,9999.000,9999.000,9999.000
202605141212,   0.243,9999.000,9999.000,9999.000,9999.000,9999.000,9999.000,9999.000,9999.000
202605141218,   0.314,9999.000,9999.000,9999.000,9999.000,9999.000,9999.000,9999.000,9999.000
202605141224,   0.389,9999.000,9999.000,9999.000,9999.000,9999.000,9999.000,9999.000,9999.000
202605141230,   0.469,9999.000,9999.000,9999.000,9999.000,9999.000,9999.000,9999.000,9999.000
202605141236,   0.552,9999.000,9999.000,9999.000,9999.000,9999.000,9999.000,9999.000,9999.000
202605141242,   0.639,9999.000,9999.000,9999.000,9999.000,9999.000,9999.000,9999.000,9999.000
202605141248,   0.730,9999.000,9999.000,9999.000,9999.000,9999.000,9999.000,9999.000,9999.000
202605141254,   0.824,9999.000,9999.000,9999.000,9999.000,9999.000,9999.000,9999.000,9999.000
202605141300,   0.920,9999.000,   0.100,   0.025,   1.045,   0.000,   0.945,   0.100,   1.045
202605141306,   1.019,9999.000,9999.000,9999.000,9999.000,9999.000,9999.000,9999.000,9999.000
202605141312,   1.121,9999.000,9999.000,9999.000,9999.000,9999.000,9999.000,9999.000,9999.000
202605141318,   1.225,9999.000,9999.000,9999.000,9999.000,9999.000,9999.000,9999.000,9999.000
202605141324,   1.330,9999.000,9999.000,9999.000,9999.000,9999.000,9999.000,9999.000,9999.000
202605141330,   1.437,9999.000,9999.000,9999.000,9999.000,9999.000,9999.000,9999.000,9999.000
202605141336,   1.546,9999.000,9999.000,9999.000,9999.000,9999.000,9999.000,9999.000,9999.000
202605141342,   1.655,9999.000,9999.000,9999.000,9999.000,9999.000,9999.000,9999.000,9999.000
202605141348,   1.765,9999.000,9999.000,9999.000,9999.000,9999.000,9999.000,9999.000,9999.000
202605141354,   1.875,9999.000,9999.000,9999.000,9999.000,9999.000,9999.000,9999.000,9999.000
202605141400,   1.986,9999.000,   0.100,   0.025,   2.111,   0.000,   2.011,   0.100,   2.111
202605141406,   2.096,9999.000,9999.000,9999.000,9999.000,9999.000,9999.000,9999.000,9999.000
202605141412,   2.206,9999.000,9999.000,9999.000,9999.000,9999.000,9999.000,9999.000,9999.000
202605141418,   2.316,9999.000,9999.000,9999.000,9999.000,9999.000,9999.000,9999.000,9999.000
202605141424,   2.424,9999.000,9999.000,9999.000,9999.000,9999.000,9999.000,9999.000,9999.000
202605141430,   2.531,9999.000,9999.000,9999.000,9999.000,9999.000,9999.000,9999.000,9999.000
202605141436,   2.637,9999.000,9999.000,9999.000,9999.000,9999.000,9999.000,9999.000,9999.000
202605141442,   2.740,9999.000,9999.000,9999.000,9999.000,9999.000,9999.000,9999.000,9999.000
202605141448,   2.842,9999.000,9999.000,9999.000,9999.000,9999.000,9999.000,9999.000,9999.000
202605141454,   2.942,9999.000,9999.000,9999.000,9999.000,9999.000,9999.000,9999.000,9999.000
202605141500,   3.038,9999.000,   0.100,   0.025,   3.163,   0.000,   3.063,   0.100,   3.163
202605141506,   3.133,9999.000,9999.000,9999.000,9999.000,9999.000,9999.000,9999.000,9999.000
202605141512,   3.224,9999.000,9999.000,9999.000,9999.000,9999.000,9999.000,9999.000,9999.000
202605141518,   3.312,9999.000,9999.000,9999.000,9999.000,9999.000,9999.000,9999.000,9999.000
202605141524,   3.396,9999.000,9999.000,9999.000,9999.000,9999.000,9999.000,9999.000,9999.000
202605141530,   3.477,9999.000,9999.000,9999.000,9999.000,9999.000,9999.000,9999.000,9999.000
202605141536,   3.555,9999.000,9999.000,9999.000,9999.000,9999.000,9999.000,9999.000,9999.000
202605141542,   3.628,9999.000,9999.000,9999.000,9999.000,9999.000,9999.000,9999.000,9999.000
202605141548,   3.697,9999.000,9999.000,9999.000,9999.000,9999.000,9999.000,9999.000,9999.000
202605141554,   3.762,9999.000,9999.000,9999.000,9999.000,9999.000,9999.000,9999.000,9999.000
202605141600,   3.822,9999.000,   0.100,   0.025,   3.947,   0.100,   3.947,   0.100,   3.947
202605141606,   3.878,9999.000,9999.000,9999.000,9999.000,9999.000,9999.000,9999.000,9999.000
202605141612,   3.930,9999.000,9999.000,9999.000,9999.000,9999.000,9999.000,9999.000,9999.000
202605141618,   3.976,9999.000,9999.000,9999.000,9999.000,9999.000,9999.000,9999.000,9999.000
202605141624,   4.018,9999.000,9999.000,9999.000,9999.000,9999.000,9999.000,9999.000,9999.000
202605141630,   4.055,9999.000,9999.000,9999.000,9999.000,9999.000,9999.000,9999.000,9999.000
202605141636,   4.087,9999.000,9999.000,9999.000,9999.000,9999.000,9999.000,9999.000,9999.000
202605141642,   4.114,9999.000,9999.000,9999.000,9999.000,9999.000,9999.000,9999.000,9999.000
202605141648,   4.135,9999.000,9999.000,9999.000,9999.000,9999.000,9999.000,9999.000,9999.000
202605141654,   4.152,9999.000,9999.000,9999.000,9999.000,9999.000,9999.000,9999.000,9999.000
202605141700,   4.164,9999.000,   0.100,   0.025,   4.289,   0.100,   4.289,   0.200,   4.389
202605141706,   4.171,9999.000,9999.000,9999.000,9999.000,9999.000,9999.000,9999.000,9999.000
202605141712,   4.172,9999.000,9999.000,9999.000,9999.000,9999.000,9999.000,9999.000,9999.000
202605141718,   4.169,9999.000,9999.000,9999.000,9999.000,9999.000,9999.000,9999.000,9999.000
202605141724,   4.161,9999.000,9999.000,9999.000,9999.000,9999.000,9999.000,9999.000,9999.000
202605141730,   4.148,9999.000,9999.000,9999.000,9999.000,9999.000,9999.000,9999.000,9999.000
202605141736,   4.130,9999.000,9999.000,9999.000,9999.000,9999.000,9999.000,9999.000,9999.000
202605141742,   4.108,9999.000,9999.000,9999.000,9999.000,9999.000,9999.000,9999.000,9999.000
202605141748,   4.081,9999.000,9999.000,9999.000,9999.000,9999.000,9999.000,9999.000,9999.000
202605141754,   4.049,9999.000,9999.000,9999.000,9999.000,9999.000,9999.000,9999.000,9999.000
202605141800,   4.013,9999.000,   0.100,   0.025,   4.138,   0.100,   4.138,   0.200,   4.238
202605141806,   3.973,9999.000,9999.000,9999.000,9999.000,9999.000,9999.000,9999.000,9999.000
202605141812,   3.929,9999.000,9999.000,9999.000,9999.000,9999.000,9999.000,9999.000,9999.000
202605141818,   3.881,9999.000,9999.000,9999.000,9999.000,9999.000,9999.000,9999.000,9999.000
202605141824,   3.830,9999.000,9999.000,9999.000,9999.000,9999.000,9999.000,9999.000,9999.000
202605141830,   3.775,9999.000,9999.000,9999.000,9999.000,9999.000,9999.000,9999.000,9999.000
202605141836,   3.717,9999.000,9999.000,9999.000,9999.000,9999.000,9999.000,9999.000,9999.000
202605141842,   3.656,9999.000,9999.000,9999.000,9999.000,9999.000,9999.000,9999.000,9999.000
202605141848,   3.592,9999.000,9999.000,9999.000,9999.000,9999.000,9999.000,9999.000,9999.000
202605141854,   3.525,9999.000,9999.000,9999.000,9999.000,9999.000,9999.000,9999.000,9999.000
202605141900,   3.456,9999.000,   0.100,   0.025,   3.581,   0.100,   3.581,   0.100,   3.581
202605141906,   3.385,9999.000,9999.000,9999.000,9999.000,9999.000,9999.000,9999.000,9999.000
202605141912,   3.311,9999.000,9999.000,9999.000,9999.000,9999.000,9999.000,9999.000,9999.000
202605141918,   3.237,9999.000,9999.000,9999.000,9999.000,9999.000,9999.000,9999.000,9999.000
202605141924,   3.161,9999.000,9999.000,9999.000,9999.000,9999.000,9999.000,9999.000,9999.000
202605141930,   3.083,9999.000,9999.000,9999.000,9999.000,9999.000,9999.000,9999.000,9999.000
202605141936,   3.005,9999.000,9999.000,9999.000,9999.000,9999.000,9999.000,9999.000,9999.000
202605141942,   2.926,9999.000,9999.000,9999.000,9999.000,9999.000,9999.000,9999.000,9999.000
202605141948,   2.847,9999.000,9999.000,9999.000,9999.000,9999.000,9999.000,9999.000,9999.000
202605141954,   2.768,9999.000,9999.000,9999.000,9999.000,9999.000,9999.000,9999.000,9999.000
202605142000,   2.690,9999.000,   0.100,   0.025,   2.815,   0.100,   2.815,   0.100,   2.815
202605142006,   2.611,9999.000,9999.000,9999.000,9999.000,9999.000,9999.000,9999.000,9999.000
202605142012,   2.534,9999.000,9999.000,9999.000,9999.000,9999.000,9999.000,9999.000,9999.000
202605142018,   2.457,9999.000,9999.000,9999.000,9999.000,9999.000,9999.000,9999.000,9999.000
202605142024,   2.382,9999.000,9999.000,9999.000,9999.000,9999.000,9999.000,9999.000,9999.000
202605142030,   2.308,9999.000,9999.000,9999.000,9999.000,9999.000,9999.000,9999.000,9999.000
202605142036,   2.237,9999.000,9999.000,9999.000,9999.000,9999.000,9999.000,9999.000,9999.000
202605142042,   2.167,9999.000,9999.000,9999.000,9999.000,9999.000,9999.000,9999.000,9999.000
202605142048,   2.100,9999.000,9999.000,9999.000,9999.000,9999.000,9999.000,9999.000,9999.000
202605142054,   2.035,9999.000,9999.000,9999.000,9999.000,9999.000,9999.000,9999.000,9999.000
202605142100,   1.973,9999.000,   0.100,   0.025,   2.098,   0.100,   2.098,   0.100,   2.098
202605142106,   1.914,9999.000,9999.000,9999.000,9999.000,9999.000,9999.000,9999.000,9999.000
202605142112,   1.859,9999.000,9999.000,9999.000,9999.000,9999.000,9999.000,9999.000,9999.000
202605142118,   1.807,9999.000,9999.000,9999.000,9999.000,9999.000,9999.000,9999.000,9999.000
202605142124,   1.758,9999.000,9999.000,9999.000,9999.000,9999.000,9999.000,9999.000,9999.000
202605142130,   1.714,9999.000,9999.000,9999.000,9999.000,9999.000,9999.000,9999.000,9999.000
202605142136,   1.673,9999.000,9999.000,9999.000,9999.000,9999.000,9999.000,9999.000,9999.000
202605142142,   1.637,9999.000,9999.000,9999.000,9999.000,9999.000,9999.000,9999.000,9999.000
202605142148,   1.606,9999.000,9999.000,9999.000,9999.000,9999.000,9999.000,9999.000,9999.000
202605142154,   1.578,9999.000,9999.000,9999.000,9999.000,9999.000,9999.000,9999.000,9999.000
202605142200,   1.556,9999.000,   0.100,   0.025,   1.681,   0.100,   1.681,   0.100,   1.681
202605142206,   1.538,9999.000,9999.000,9999.000,9999.000,9999.000,9999.000,9999.000,9999.000
202605142212,   1.526,9999.000,9999.000,9999.000,9999.000,9999.000,9999.000,9999.000,9999.000
202605142218,   1.518,9999.000,9999.000,9999.000,9999.000,9999.000,9999.000,9999.000,9999.000
202605142224,   1.516,9999.000,9999.000,9999.000,9999.000,9999.000,9999.000,9999.000,9999.000
202605142230,   1.518,9999.000,9999.000,9999.000,9999.000,9999.000,9999.000,9999.000,9999.000
202605142236,   1.526,9999.000,9999.000,9999.000,9999.000,9999.000,9999.000,9999.000,9999.000
202605142242,   1.540,9999.000,9999.000,9999.000,9999.000,9999.000,9999.000,9999.000,9999.000
202605142248,   1.558,9999.000,9999.000,9999.000,9999.000,9999.000,9999.000,9999.000,9999.000
202605142254,   1.582,9999.000,9999.000,9999.000,9999.000,9999.000,9999.000,9999.000,9999.000
202605142300,   1.611,9999.000,   0.100,   0.025,   1.736,   0.100,   1.736,   0.100,   1.736
202605142306,   1.646,9999.000,9999.000,9999.000,9999.000,9999.000,9999.000,9999.000,9999.000
202605142312,   1.686,9999.000,9999.000,9999.000,9999.000,9999.000,9999.000,9999.000,9999.000
202605142318,   1.731,9999.000,9999.000,9999.000,9999.000,9999.000,9999.000,9999.000,9999.000
202605142324,   1.781,9999.000,9999.000,9999.000,9999.000,9999.000,9999.000,9999.000,9999.000
202605142330,   1.836,9999.000,9999.000,9999.000,9999.000,9999.000,9999.000,9999.000,9999.000
202605142336,   1.896,9999.000,9999.000,9999.000,9999.000,9999.000,9999.000,9999.000,9999.000
202605142342,   1.961,9999.000,9999.000,9999.000,9999.000,9999.000,9999.000,9999.000,9999.000
202605142348,   2.031,9999.000,9999.000,9999.000,9999.000,9999.000,9999.000,9999.000,9999.000
202605142354,   2.105,9999.000,9999.000,9999.000,9999.000,9999.000,9999.000,9999.000,9999.000
202605150000,   2.184,9999.000,   0.100,   0.025,   2.309,   0.100,   2.309,   0.100,   2.309
202605150006,   2.267,9999.000,9999.000,9999.000,9999.000,9999.000,9999.000,9999.000,9999.000
202605150012,   2.355,9999.000,9999.000,9999.000,9999.000,9999.000,9999.000,9999.000,9999.000
202605150018,   2.446,9999.000,9999.000,9999.000,9999.000,9999.000,9999.000,9999.000,9999.000
202605150024,   2.541,9999.000,9999.000,9999.000,9999.000,9999.000,9999.000,9999.000,9999.000
202605150030,   2.639,9999.000,9999.000,9999.000,9999.000,9999.000,9999.000,9999.000,9999.000
202605150036,   2.740,9999.000,9999.000,9999.000,9999.000,9999.000,9999.000,9999.000,9999.000
202605150042,   2.845,9999.000,9999.000,9999.000,9999.000,9999.000,9999.000,9999.000,9999.000
202605150048,   2.952,9999.000,9999.000,9999.000,9999.000,9999.000,9999.000,9999.000,9999.000
202605150054,   3.062,9999.000,9999.000,9999.000,9999.000,9999.000,9999.000,9999.000,9999.000
202605150100,   3.174,9999.000,   0.100,   0.025,   3.299,   0.100,   3.299,   0.100,   3.299
202605150106,   3.289,9999.000,9999.000,9999.000,9999.000,9999.000,9999.000,9999.000,9999.000
202605150112,   3.404,9999.000,9999.000,9999.000,9999.000,9999.000,9999.000,9999.000,9999.000
202605150118,   3.522,9999.000,9999.000,9999.000,9999.000,9999.000,9999.000,9999.000,9999.000
202605150124,   3.640,9999.000,9999.000,9999.000,9999.000,9999.000,9999.000,9999.000,9999.000
202605150130,   3.759,9999.000,9999.000,9999.000,9999.000,9999.000,9999.000,9999.000,9999.000
202605150136,   3.879,9999.000,9999.000,9999.000,9999.000,9999.000,9999.000,9999.000,9999.000
202605150142,   3.999,9999.000,9999.000,9999.000,9999.000,9999.000,9999.000,9999.000,9999.000
202605150148,   4.119,9999.000,9999.000,9999.000,9999.000,9999.000,9999.000,9999.000,9999.000
202605150154,   4.238,9999.000,9999.000,9999.000,9999.000,9999.000,9999.000,9999.000,9999.000
202605150200,   4.357,9999.000,   0.100,   0.025,   4.482,   0.000,   4.382,   0.100,   4.482
202605150206,   4.475,9999.000,9999.000,9999.000,9999.000,9999.000,9999.000,9999.000,9999.000
202605150212,   4.591,9999.000,9999.000,9999.000,9999.000,9999.000,9999.000,9999.000,9999.000
202605150218,   4.706,9999.000,9999.000,9999.000,9999.000,9999.000,9999.000,9999.000,9999.000
202605150224,   4.819,9999.000,9999.000,9999.000,9999.000,9999.000,9999.000,9999.000,9999.000
202605150230,   4.929,9999.000,9999.000,9999.000,9999.000,9999.000,9999.000,9999.000,9999.000
202605150236,   5.037,9999.000,9999.000,9999.000,9999.000,9999.000,9999.000,9999.000,9999.000
202605150242,   5.143,9999.000,9999.000,9999.000,9999.000,9999.000,9999.000,9999.000,9999.000
202605150248,   5.245,9999.000,9999.000,9999.000,9999.000,9999.000,9999.000,9999.000,9999.000
202605150254,   5.343,9999.000,9999.000,9999.000,9999.000,9999.000,9999.000,9999.000,9999.000
202605150300,   5.438,9999.000,   0.000,   0.025,   5.463,   0.000,   5.463,   0.100,   5.563
202605150306,   5.529,9999.000,9999.000,9999.000,9999.000,9999.000,9999.000,9999.000,9999.000
202605150312,   5.616,9999.000,9999.000,9999.000,9999.000,9999.000,9999.000,9999.000,9999.000
202605150318,   5.698,9999.000,9999.000,9999.000,9999.000,9999.000,9999.000,9999.000,9999.000
202605150324,   5.776,9999.000,9999.000,9999.000,9999.000,9999.000,9999.000,9999.000,9999.000
202605150330,   5.848,9999.000,9999.000,9999.000,9999.000,9999.000,9999.000,9999.000,9999.000
202605150336,   5.916,9999.000,9999.000,9999.000,9999.000,9999.000,9999.000,9999.000,9999.000
202605150342,   5.978,9999.000,9999.000,9999.000,9999.000,9999.000,9999.000,9999.000,9999.000
202605150348,   6.034,9999.000,9999.000,9999.000,9999.000,9999.000,9999.000,9999.000,9999.000
202605150354,   6.085,9999.000,9999.000,9999.000,9999.000,9999.000,9999.000,9999.000,9999.000
202605150400,   6.130,9999.000,   0.100,   0.025,   6.255,   0.000,   6.155,   0.100,   6.255
202605150406,   6.168,9999.000,9999.000,9999.000,9999.000,9999.000,9999.000,9999.000,9999.000
202605150412,   6.201,9999.000,9999.000,9999.000,9999.000,9999.000,9999.000,9999.000,9999.000
202605150418,   6.227,9999.000,9999.000,9999.000,9999.000,9999.000,9999.000,9999.000,9999.000
202605150424,   6.247,9999.000,9999.000,9999.000,9999.000,9999.000,9999.000,9999.000,9999.000
202605150430,   6.260,9999.000,9999.000,9999.000,9999.000,9999.000,9999.000,9999.000,9999.000
202605150436,   6.266,9999.000,9999.000,9999.000,9999.000,9999.000,9999.000,9999.000,9999.000
202605150442,   6.266,9999.000,9999.000,9999.000,9999.000,9999.000,9999.000,9999.000,9999.000
202605150448,   6.259,9999.000,9999.000,9999.000,9999.000,9999.000,9999.000,9999.000,9999.000
202605150454,   6.245,9999.000,9999.000,9999.000,9999.000,9999.000,9999.000,9999.000,9999.000
202605150500,   6.224,9999.000,   0.100,   0.025,   6.349,   0.000,   6.249,   0.100,   6.349
202605150506,   6.197,9999.000,9999.000,9999.000,9999.000,9999.000,9999.000,9999.000,9999.000
202605150512,   6.162,9999.000,9999.000,9999.000,9999.000,9999.000,9999.000,9999.000,9999.000
202605150518,   6.121,9999.000,9999.000,9999.000,9999.000,9999.000,9999.000,9999.000,9999.000
202605150524,   6.073,9999.000,9999.000,9999.000,9999.000,9999.000,9999.000,9999.000,9999.000
202605150530,   6.018,9999.000,9999.000,9999.000,9999.000,9999.000,9999.000,9999.000,9999.000
202605150536,   5.957,9999.000,9999.000,9999.000,9999.000,9999.000,9999.000,9999.000,9999.000
202605150542,   5.889,9999.000,9999.000,9999.000,9999.000,9999.000,9999.000,9999.000,9999.000
202605150548,   5.815,9999.000,9999.000,9999.000,9999.000,9999.000,9999.000,9999.000,9999.000
202605150554,   5.735,9999.000,9999.000,9999.000,9999.000,9999.000,9999.000,9999.000,9999.000
202605150600,   5.648,9999.000,   0.100,   0.025,   5.773,   0.000,   5.673,   0.100,   5.773
202605150606,   5.556,9999.000,9999.000,9999.000,9999.000,9999.000,9999.000,9999.000,9999.000
202605150612,   5.457,9999.000,9999.000,9999.000,9999.000,9999.000,9999.000,9999.000,9999.000
202605150618,   5.353,9999.000,9999.000,9999.000,9999.000,9999.000,9999.000,9999.000,9999.000
202605150624,   5.243,9999.000,9999.000,9999.000,9999.000,9999.000,9999.000,9999.000,9999.000
202605150630,   5.128,9999.000,9999.000,9999.000,9999.000,9999.000,9999.000,9999.000,9999.000
202605150636,   5.008,9999.000,9999.000,9999.000,9999.000,9999.000,9999.000,9999.000,9999.000
202605150642,   4.884,9999.000,9999.000,9999.000,9999.000,9999.000,9999.000,9999.000,9999.000
202605150648,   4.754,9999.000,9999.000,9999.000,9999.000,9999.000,9999.000,9999.000,9999.000
202605150654,   4.621,9999.000,9999.000,9999.000,9999.000,9999.000,9999.000,9999.000,9999.000
202605150700,   4.483,9999.000,   0.100,   0.025,   4.608,   0.000,   4.508,   0.100,   4.608
202605150706,   4.342,9999.000,9999.000,9999.000,9999.000,9999.000,9999.000,9999.000,9999.000
202605150712,   4.197,9999.000,9999.000,9999.000,9999.000,9999.000,9999.000,9999.000,9999.000
202605150718,   4.049,9999.000,9999.000,9999.000,9999.000,9999.000,9999.000,9999.000,9999.000
202605150724,   3.898,9999.000,9999.000,9999.000,9999.000,9999.000,9999.000,9999.000,9999.000
202605150730,   3.744,9999.000,9999.000,9999.000,9999.000,9999.000,9999.000,9999.000,9999.000
202605150736,   3.588,9999.000,9999.000,9999.000,9999.000,9999.000,9999.000,9999.000,9999.000
202605150742,   3.430,9999.000,9999.000,9999.000,9999.000,9999.000,9999.000,9999.000,9999.000
202605150748,   3.270,9999.000,9999.000,9999.000,9999.000,9999.000,9999.000,9999.000,9999.000
202605150754,   3.109,9999.000,9999.000,9999.000,9999.000,9999.000,9999.000,9999.000,9999.000
202605150800,   2.947,9999.000,   0.100,   0.025,   3.072,   0.000,   2.972,   0.100,   3.072
202605150806,   2.785,9999.000,9999.000,9999.000,9999.000,9999.000,9999.000,9999.000,9999.000
202605150812,   2.622,9999.000,9999.000,9999.000,9999.000,9999.000,9999.000,9999.000,9999.000
202605150818,   2.459,9999.000,9999.000,9999.000,9999.000,9999.000,9999.000,9999.000,9999.000
202605150824,   2.296,9999.000,9999.000,9999.000,9999.000,9999.000,9999.000,9999.000,9999.000
202605150830,   2.134,9999.000,9999.000,9999.000,9999.000,9999.000,9999.000,9999.000,9999.000
202605150836,   1.973,9999.000,9999.000,9999.000,9999.000,9999.000,9999.000,9999.000,9999.000
202605150842,   1.814,9999.000,9999.000,9999.000,9999.000,9999.000,9999.000,9999.000,9999.000
202605150848,   1.656,9999.000,9999.000,9999.000,9999.000,9999.000,9999.000,9999.000,9999.000
202605150854,   1.500,9999.000,9999.000,9999.000,9999.000,9999.000,9999.000,9999.000,9999.000
202605150900,   1.346,9999.000,   0.100,   0.025,   1.471,   0.100,   1.471,   0.100,   1.471
202605150906,   1.195,9999.000,9999.000,9999.000,9999.000,9999.000,9999.000,9999.000,9999.000
202605150912,   1.047,9999.000,9999.000,9999.000,9999.000,9999.000,9999.000,9999.000,9999.000
202605150918,   0.902,9999.000,9999.000,9999.000,9999.000,9999.000,9999.000,9999.000,9999.000
202605150924,   0.760,9999.000,9999.000,9999.000,9999.000,9999.000,9999.000,9999.000,9999.000
202605150930,   0.623,9999.000,9999.000,9999.000,9999.000,9999.000,9999.000,9999.000,9999.000
202605150936,   0.489,9999.000,9999.000,9999.000,9999.000,9999.000,9999.000,9999.000,9999.000
202605150942,   0.360,9999.000,9999.000,9999.000,9999.000,9999.000,9999.000,9999.000,9999.000
202605150948,   0.236,9999.000,9999.000,9999.000,9999.000,9999.000,9999.000,9999.000,9999.000
202605150954,   0.116,9999.000,9999.000,9999.000,9999.000,9999.000,9999.000,9999.000,9999.000
202605151000,   0.002,9999.000,   0.100,   0.025,   0.127,   0.000,   0.027,   0.100,   0.127
202605151006,  -0.107,9999.000,9999.000,9999.000,9999.000,9999.000,9999.000,9999.000,9999.000
202605151012,  -0.210,9999.000,9999.000,9999.000,9999.000,9999.000,9999.000,9999.000,9999.000
202605151018,  -0.308,9999.000,9999.000,9999.000,9999.000,9999.000,9999.000,9999.000,9999.000
202605151024,  -0.400,9999.000,9999.000,9999.000,9999.000,9999.000,9999.000,9999.000,9999.000
202605151030,  -0.486,9999.000,9999.000,9999.000,9999.000,9999.000,9999.000,9999.000,9999.000
202605151036,  -0.566,9999.000,9999.000,9999.000,9999.000,9999.000,9999.000,9999.000,9999.000
202605151042,  -0.639,9999.000,9999.000,9999.000,9999.000,9999.000,9999.000,9999.000,9999.000
202605151048,  -0.706,9999.000,9999.000,9999.000,9999.000,9999.000,9999.000,9999.000,9999.000
202605151054,  -0.766,9999.000,9999.000,9999.000,9999.000,9999.000,9999.000,9999.000,9999.000
202605151100,  -0.819,9999.000,   0.000,   0.025,  -0.794,   0.000,  -0.794,   0.100,  -0.694
202605151106,  -0.865,9999.000,9999.000,9999.000,9999.000,9999.000,9999.000,9999.000,9999.000
202605151112,  -0.905,9999.000,9999.000,9999.000,9999.000,9999.000,9999.000,9999.000,9999.000
202605151118,  -0.938,9999.000,9999.000,9999.000,9999.000,9999.000,9999.000,9999.000,9999.000
202605151124,  -0.963,9999.000,9999.000,9999.000,9999.000,9999.000,9999.000,9999.000,9999.000
202605151130,  -0.982,9999.000,9999.000,9999.000,9999.000,9999.000,9999.000,9999.000,9999.000
202605151136,  -0.993,9999.000,9999.000,9999.000,9999.000,9999.000,9999.000,9999.000,9999.000
202605151142,  -0.998,9999.000,9999.000,9999.000,9999.000,9999.000,9999.000,9999.000,9999.000
202605151148,  -0.996,9999.000,9999.000,9999.000,9999.000,9999.000,9999.000,9999.000,9999.000
202605151154,  -0.986,9999.000,9999.000,9999.000,9999.000,9999.000,9999.000,9999.000,9999.000
202605151200,  -0.970,9999.000,   0.000,   0.025,  -0.945,   0.000,  -0.945,   0.100,  -0.845
202605151206,  -0.947,9999.000,9999.000,9999.000,9999.000,9999.000,9999.000,9999.000,9999.000
202605151212,  -0.918,9999.000,9999.000,9999.000,9999.000,9999.000,9999.000,9999.000,9999.000
202605151218,  -0.882,9999.000,9999.000,9999.000,9999.000,9999.000,9999.000,9999.000,9999.000
202605151224,  -0.839,9999.000,9999.000,9999.000,9999.000,9999.000,9999.000,9999.000,9999.000
202605151230,  -0.790,9999.000,9999.000,9999.000,9999.000,9999.000,9999.000,9999.000,9999.000
202605151236,  -0.735,9999.000,9999.000,9999.000,9999.000,9999.000,9999.000,9999.000,9999.000
202605151242,  -0.674,9999.000,9999.000,9999.000,9999.000,9999.000,9999.000,9999.000,9999.000
202605151248,  -0.607,9999.000,9999.000,9999.000,9999.000,9999.000,9999.000,9999.000,9999.000
202605151254,  -0.535,9999.000,9999.000,9999.000,9999.000,9999.000,9999.000,9999.000,9999.000
202605151300,  -0.457,9999.000,   0.000,   0.025,  -0.432,   0.000,  -0.432,   0.100,  -0.332
202605151306,  -0.374,9999.000,9999.000,9999.000,9999.000,9999.000,9999.000,9999.000,9999.000
202605151312,  -0.286,9999.000,9999.000,9999.000,9999.000,9999.000,9999.000,9999.000,9999.000
202605151318,  -0.193,9999.000,9999.000,9999.000,9999.000,9999.000,9999.000,9999.000,9999.000
202605151324,  -0.096,9999.000,9999.000,9999.000,9999.000,9999.000,9999.000,9999.000,9999.000
202605151330,   0.004,9999.000,9999.000,9999.000,9999.000,9999.000,9999.000,9999.000,9999.000
202605151336,   0.109,9999.000,9999.000,9999.000,9999.000,9999.000,9999.000,9999.000,9999.000
202605151342,   0.218,9999.000,9999.000,9999.000,9999.000,9999.000,9999.000,9999.000,9999.000
202605151348,   0.331,9999.000,9999.000,9999.000,9999.000,9999.000,9999.000,9999.000,9999.000
202605151354,   0.446,9999.000,9999.000,9999.000,9999.000,9999.000,9999.000,9999.000,9999.000
202605151400,   0.564,9999.000,   0.000,   0.025,   0.589,   0.000,   0.589,   0.100,   0.689
202605151406,   0.684,9999.000,9999.000,9999.000,9999.000,9999.000,9999.000,9999.000,9999.000
202605151412,   0.807,9999.000,9999.000,9999.000,9999.000,9999.000,9999.000,9999.000,9999.000
202605151418,   0.932,9999.000,9999.000,9999.000,9999.000,9999.000,9999.000,9999.000,9999.000
202605151424,   1.058,9999.000,9999.000,9999.000,9999.000,9999.000,9999.000,9999.000,9999.000
202605151430,   1.185,9999.000,9999.000,9999.000,9999.000,9999.000,9999.000,9999.000,9999.000
202605151436,   1.313,9999.000,9999.000,9999.000,9999.000,9999.000,9999.000,9999.000,9999.000
202605151442,   1.442,9999.000,9999.000,9999.000,9999.000,9999.000,9999.000,9999.000,9999.000
202605151448,   1.571,9999.000,9999.000,9999.000,9999.000,9999.000,9999.000,9999.000,9999.000
202605151454,   1.700,9999.000,9999.000,9999.000,9999.000,9999.000,9999.000,9999.000,9999.000
202605151500,   1.829,9999.000,   0.000,   0.025,   1.854,   0.000,   1.854,   0.100,   1.954
202605151506,   1.956,9999.000,9999.000,9999.000,9999.000,9999.000,9999.000,9999.000,9999.000
202605151512,   2.083,9999.000,9999.000,9999.000,9999.000,9999.000,9999.000,9999.000,9999.000
202605151518,   2.209,9999.000,9999.000,9999.000,9999.000,9999.000,9999.000,9999.000,9999.000
202605151524,   2.333,9999.000,9999.000,9999.000,9999.000,9999.000,9999.000,9999.000,9999.000
202605151530,   2.455,9999.000,9999.000,9999.000,9999.000,9999.000,9999.000,9999.000,9999.000
202605151536,   2.575,9999.000,9999.000,9999.000,9999.000,9999.000,9999.000,9999.000,9999.000
202605151542,   2.693,9999.000,9999.000,9999.000,9999.000,9999.000,9999.000,9999.000,9999.000
202605151548,   2.808,9999.000,9999.000,9999.000,9999.000,9999.000,9999.000,9999.000,9999.000
202605151554,   2.920,9999.000,9999.000,9999.000,9999.000,9999.000,9999.000,9999.000,9999.000
202605151600,   3.028,9999.000,   0.000,   0.025,   3.053,   0.000,   3.053,   0.100,   3.153
202605151606,   3.134,9999.000,9999.000,9999.000,9999.000,9999.000,9999.000,9999.000,9999.000
202605151612,   3.235,9999.000,9999.000,9999.000,9999.000,9999.000,9999.000,9999.000,9999.000
202605151618,   3.333,9999.000,9999.000,9999.000,9999.000,9999.000,9999.000,9999.000,9999.000
202605151624,   3.427,9999.000,9999.000,9999.000,9999.000,9999.000,9999.000,9999.000,9999.000
202605151630,   3.516,9999.000,9999.000,9999.000,9999.000,9999.000,9999.000,9999.000,9999.000
202605151636,   3.601,9999.000,9999.000,9999.000,9999.000,9999.000,9999.000,9999.000,9999.000
202605151642,   3.682,9999.000,9999.000,9999.000,9999.000,9999.000,9999.000,9999.000,9999.000
202605151648,   3.757,9999.000,9999.000,9999.000,9999.000,9999.000,9999.000,9999.000,9999.000
202605151654,   3.828,9999.000,9999.000,9999.000,9999.000,9999.000,9999.000,9999.000,9999.000
202605151700,   3.894,9999.000,   0.100,   0.025,   4.019,   0.000,   3.919,   0.100,   4.019
202605151706,   3.954,9999.000,9999.000,9999.000,9999.000,9999.000,9999.000,9999.000,9999.000
202605151712,   4.010,9999.000,9999.000,9999.000,9999.000,9999.000,9999.000,9999.000,9999.000
202605151718,   4.060,9999.000,9999.000,9999.000,9999.000,9999.000,9999.000,9999.000,9999.000
202605151724,   4.104,9999.000,9999.000,9999.000,9999.000,9999.000,9999.000,9999.000,9999.000
202605151730,   4.144,9999.000,9999.000,9999.000,9999.000,9999.000,9999.000,9999.000,9999.000
202605151736,   4.178,9999.000,9999.000,9999.000,9999.000,9999.000,9999.000,9999.000,9999.000
202605151742,   4.206,9999.000,9999.000,9999.000,9999.000,9999.000,9999.000,9999.000,9999.000
202605151748,   4.229,9999.000,9999.000,9999.000,9999.000,9999.000,9999.000,9999.000,9999.000
202605151754,   4.247,9999.000,9999.000,9999.000,9999.000,9999.000,9999.000,9999.000,9999.000
202605151800,   4.259,9999.000,   0.100,   0.025,   4.384,   0.000,   4.284,   0.100,   4.384
202605151806,   4.266,9999.000,9999.000,9999.000,9999.000,9999.000,9999.000,9999.000,9999.000
202605151812,   4.267,9999.000,9999.000,9999.000,9999.000,9999.000,9999.000,9999.000,9999.000
202605151818,   4.263,9999.000,9999.000,9999.000,9999.000,9999.000,9999.000,9999.000,9999.000
202605151824,   4.255,9999.000,9999.000,9999.000,9999.000,9999.000,9999.000,9999.000,9999.000
202605151830,   4.241,9999.000,9999.000,9999.000,9999.000,9999.000,9999.000,9999.000,9999.000
202605151836,   4.222,9999.000,9999.000,9999.000,9999.000,9999.000,9999.000,9999.000,9999.000
202605151842,   4.198,9999.000,9999.000,9999.000,9999.000,9999.000,9999.000,9999.000,9999.000
202605151848,   4.170,9999.000,9999.000,9999.000,9999.000,9999.000,9999.000,9999.000,9999.000
202605151854,   4.138,9999.000,9999.000,9999.000,9999.000,9999.000,9999.000,9999.000,9999.000
202605151900,   4.101,9999.000,   0.100,   0.025,   4.226,   0.000,   4.126,   0.100,   4.226
202605151906,   4.060,9999.000,9999.000,9999.000,9999.000,9999.000,9999.000,9999.000,9999.000
202605151912,   4.015,9999.000,9999.000,9999.000,9999.000,9999.000,9999.000,9999.000,9999.000
202605151918,   3.966,9999.000,9999.000,9999.000,9999.000,9999.000,9999.000,9999.000,9999.000
202605151924,   3.914,9999.000,9999.000,9999.000,9999.000,9999.000,9999.000,9999.000,9999.000
202605151930,   3.858,9999.000,9999.000,9999.000,9999.000,9999.000,9999.000,9999.000,9999.000
202605151936,   3.799,9999.000,9999.000,9999.000,9999.000,9999.000,9999.000,9999.000,9999.000
202605151942,   3.738,9999.000,9999.000,9999.000,9999.000,9999.000,9999.000,9999.000,9999.000
202605151948,   3.674,9999.000,9999.000,9999.000,9999.000,9999.000,9999.000,9999.000,9999.000
202605151954,   3.607,9999.000,9999.000,9999.000,9999.000,9999.000,9999.000,9999.000,9999.000
202605152000,   3.539,9999.000,   0.100,   0.025,   3.664,   0.000,   3.564,   0.100,   3.664
202605152006,   3.469,9999.000,9999.000,9999.000,9999.000,9999.000,9999.000,9999.000,9999.000
202605152012,   3.397,9999.000,9999.000,9999.000,9999.000,9999.000,9999.000,9999.000,9999.000
202605152018,   3.324,9999.000,9999.000,9999.000,9999.000,9999.000,9999.000,9999.000,9999.000
202605152024,   3.250,9999.000,9999.000,9999.000,9999.000,9999.000,9999.000,9999.000,9999.000
202605152030,   3.175,9999.000,9999.000,9999.000,9999.000,9999.000,9999.000,9999.000,9999.000
202605152036,   3.100,9999.000,9999.000,9999.000,9999.000,9999.000,9999.000,9999.000,9999.000
202605152042,   3.024,9999.000,9999.000,9999.000,9999.000,9999.000,9999.000,9999.000,9999.000
202605152048,   2.949,9999.000,9999.000,9999.000,9999.000,9999.000,9999.000,9999.000,9999.000
202605152054,   2.875,9999.000,9999.000,9999.000,9999.000,9999.000,9999.000,9999.000,9999.000
202605152100,   2.801,9999.000,   0.100,   0.025,   2.926,   0.000,   2.826,   0.100,   2.926
202605152106,   2.728,9999.000,9999.000,9999.000,9999.000,9999.000,9999.000,9999.000,9999.000
202605152112,   2.656,9999.000,9999.000,9999.000,9999.000,9999.000,9999.000,9999.000,9999.000
202605152118,   2.586,9999.000,9999.000,9999.000,9999.000,9999.000,9999.000,9999.000,9999.000
202605152124,   2.517,9999.000,9999.000,9999.000,9999.000,9999.000,9999.000,9999.000,9999.000
202605152130,   2.451,9999.000,9999.000,9999.000,9999.000,9999.000,9999.000,9999.000,9999.000
202605152136,   2.387,9999.000,9999.000,9999.000,9999.000,9999.000,9999.000,9999.000,9999.000
202605152142,   2.326,9999.000,9999.000,9999.000,9999.000,9999.000,9999.000,9999.000,9999.000
202605152148,   2.267,9999.000,9999.000,9999.000,9999.000,9999.000,9999.000,9999.000,9999.000
202605152154,   2.212,9999.000,9999.000,9999.000,9999.000,9999.000,9999.000,9999.000,9999.000
202605152200,   2.160,9999.000,   0.100,   0.025,   2.285,   0.000,   2.185,   0.100,   2.285
202605152206,   2.111,9999.000,9999.000,9999.000,9999.000,9999.000,9999.000,9999.000,9999.000
202605152212,   2.067,9999.000,9999.000,9999.000,9999.000,9999.000,9999.000,9999.000,9999.000
202605152218,   2.026,9999.000,9999.000,9999.000,9999.000,9999.000,9999.000,9999.000,9999.000
202605152224,   1.989,9999.000,9999.000,9999.000,9999.000,9999.000,9999.000,9999.000,9999.000
202605152230,   1.957,9999.000,9999.000,9999.000,9999.000,9999.000,9999.000,9999.000,9999.000
202605152236,   1.929,9999.000,9999.000,9999.000,9999.000,9999.000,9999.000,9999.000,9999.000
202605152242,   1.906,9999.000,9999.000,9999.000,9999.000,9999.000,9999.000,9999.000,9999.000
202605152248,   1.887,9999.000,9999.000,9999.000,9999.000,9999.000,9999.000,9999.000,9999.000
202605152254,   1.874,9999.000,9999.000,9999.000,9999.000,9999.000,9999.000,9999.000,9999.000
202605152300,   1.865,9999.000,   0.000,   0.025,   1.890,   0.000,   1.890,   0.100,   1.990
202605152306,   1.862,9999.000,9999.000,9999.000,9999.000,9999.000,9999.000,9999.000,9999.000
202605152312,   1.864,9999.000,9999.000,9999.000,9999.000,9999.000,9999.000,9999.000,9999.000
202605152318,   1.871,9999.000,9999.000,9999.000,9999.000,9999.000,9999.000,9999.000,9999.000
202605152324,   1.883,9999.000,9999.000,9999.000,9999.000,9999.000,9999.000,9999.000,9999.000
202605152330,   1.901,9999.000,9999.000,9999.000,9999.000,9999.000,9999.000,9999.000,9999.000
202605152336,   1.924,9999.000,9999.000,9999.000,9999.000,9999.000,9999.000,9999.000,9999.000
202605152342,   1.953,9999.000,9999.000,9999.000,9999.000,9999.000,9999.000,9999.000,9999.000
202605152348,   1.987,9999.000,9999.000,9999.000,9999.000,9999.000,9999.000,9999.000,9999.000
202605152354,   2.026,9999.000,9999.000,9999.000,9999.000,9999.000,9999.000,9999.000,9999.000
202605160000,   2.071,9999.000,   0.100,   0.025,   2.196,   0.000,   2.096,   0.100,   2.196
202605160006,   2.121,9999.000,9999.000,9999.000,9999.000,9999.000,9999.000,9999.000,9999.000
202605160012,   2.176,9999.000,9999.000,9999.000,9999.000,9999.000,9999.000,9999.000,9999.000
202605160018,   2.236,9999.000,9999.000,9999.000,9999.000,9999.000,9999.000,9999.000,9999.000
202605160024,   2.302,9999.000,9999.000,9999.000,9999.000,9999.000,9999.000,9999.000,9999.000
202605160030,   2.372,9999.000,9999.000,9999.000,9999.000,9999.000,9999.000,9999.000,9999.000
202605160036,   2.447,9999.000,9999.000,9999.000,9999.000,9999.000,9999.000,9999.000,9999.000
202605160042,   2.526,9999.000,9999.000,9999.000,9999.000,9999.000,9999.000,9999.000,9999.000
202605160048,   2.610,9999.000,9999.000,9999.000,9999.000,9999.000,9999.000,9999.000,9999.000
202605160054,   2.698,9999.000,9999.000,9999.000,9999.000,9999.000,9999.000,9999.000,9999.000
202605160100,   2.791,9999.000,   0.000,   0.025,   2.816,   0.000,   2.816,   0.100,   2.916
202605160106,   2.887,9999.000,9999.000,9999.000,9999.000,9999.000,9999.000,9999.000,9999.000
202605160112,   2.987,9999.000,9999.000,9999.000,9999.000,9999.000,9999.000,9999.000,9999.000
202605160118,   3.090,9999.000,9999.000,9999.000,9999.000,9999.000,9999.000,9999.000,9999.000
202605160124,   3.196,9999.000,9999.000,9999.000,9999.000,9999.000,9999.000,9999.000,9999.000
202605160130,   3.305,9999.000,9999.000,9999.000,9999.000,9999.000,9999.000,9999.000,9999.000
202605160136,   3.417,9999.000,9999.000,9999.000,9999.000,9999.000,9999.000,9999.000,9999.000
202605160142,   3.532,9999.000,9999.000,9999.000,9999.000,9999.000,9999.000,9999.000,9999.000
202605160148,   3.648,9999.000,9999.000,9999.000,9999.000,9999.000,9999.000,9999.000,9999.000
202605160154,   3.766,9999.000,9999.000,9999.000,9999.000,9999.000,9999.000,9999.000,9999.000
202605160200,   3.886,9999.000,   0.000,   0.025,   3.911,   0.000,   3.911,   0.000,   3.911
202605160206,   4.007,9999.000,9999.000,9999.000,9999.000,9999.000,9999.000,9999.000,9999.000
202605160212,   4.128,9999.000,9999.000,9999.000,9999.000,9999.000,9999.000,9999.000,9999.000
202605160218,   4.251,9999.000,9999.000,9999.000,9999.000,9999.000,9999.000,9999.000,9999.000
202605160224,   4.373,9999.000,9999.000,9999.000,9999.000,9999.000,9999.000,9999.000,9999.000
202605160230,   4.496,9999.000,9999.000,9999.000,9999.000,9999.000,9999.000,9999.000,9999.000
202605160236,   4.618,9999.000,9999.000,9999.000,9999.000,9999.000,9999.000,9999.000,9999.000
202605160242,   4.739,9999.000,9999.000,9999.000,9999.000,9999.000,9999.000,9999.000,9999.000
202605160248,   4.859,9999.000,9999.000,9999.000,9999.000,9999.000,9999.000,9999.000,9999.000
202605160254,   4.978,9999.000,9999.000,9999.000,9999.000,9999.000,9999.000,9999.000,9999.000
202605160300,   5.095,9999.000,   0.000,   0.025,   5.120,   0.000,   5.120,   0.000,   5.120
202605160306,   5.210,9999.000,9999.000,9999.000,9999.000,9999.000,9999.000,9999.000,9999.000
202605160312,   5.322,9999.000,9999.000,9999.000,9999.000,9999.000,9999.000,9999.000,9999.000
202605160318,   5.432,9999.000,9999.000,9999.000,9999.000,9999.000,9999.000,9999.000,9999.000
202605160324,   5.539,9999.000,9999.000,9999.000,9999.000,9999.000,9999.000,9999.000,9999.000
202605160330,   5.643,9999.000,9999.000,9999.000,9999.000,9999.000,9999.000,9999.000,9999.000
202605160336,   5.743,9999.000,9999.000,9999.000,9999.000,9999.000,9999.000,9999.000,9999.000
202605160342,   5.839,9999.000,9999.000,9999.000,9999.000,9999.000,9999.000,9999.000,9999.000
202605160348,   5.930,9999.000,9999.000,9999.000,9999.000,9999.000,9999.000,9999.000,9999.000
202605160354,   6.018,9999.000,9999.000,9999.000,9999.000,9999.000,9999.000,9999.000,9999.000
202605160400,   6.100,9999.000,   0.000,   0.025,   6.125,   0.000,   6.125,   0.100,   6.225
202605160406,   6.178,9999.000,9999.000,9999.000,9999.000,9999.000,9999.000,9999.000,9999.000
202605160412,   6.250,9999.000,9999.000,9999.000,9999.000,9999.000,9999.000,9999.000,9999.000
202605160418,   6.317,9999.000,9999.000,9999.000,9999.000,9999.000,9999.000,9999.000,9999.000
202605160424,   6.378,9999.000,9999.000,9999.000,9999.000,9999.000,9999.000,9999.000,9999.000
202605160430,   6.433,9999.000,9999.000,9999.000,9999.000,9999.000,9999.000,9999.000,9999.000
202605160436,   6.481,9999.000,9999.000,9999.000,9999.000,9999.000,9999.000,9999.000,9999.000
202605160442,   6.524,9999.000,9999.000,9999.000,9999.000,9999.000,9999.000,9999.000,9999.000
202605160448,   6.560,9999.000,9999.000,9999.000,9999.000,9999.000,9999.000,9999.000,9999.000
202605160454,   6.589,9999.000,9999.000,9999.000,9999.000,9999.000,9999.000,9999.000,9999.000
202605160500,   6.612,9999.000,   0.000,   0.025,   6.637,   0.000,   6.637,   0.000,   6.637
202605160506,   6.628,9999.000,9999.000,9999.000,9999.000,9999.000,9999.000,9999.000,9999.000
202605160512,   6.636,9999.000,9999.000,9999.000,9999.000,9999.000,9999.000,9999.000,9999.000
202605160518,   6.638,9999.000,9999.000,9999.000,9999.000,9999.000,9999.000,9999.000,9999.000
202605160524,   6.632,9999.000,9999.000,9999.000,9999.000,9999.000,9999.000,9999.000,9999.000
202605160530,   6.619,9999.000,9999.000,9999.000,9999.000,9999.000,9999.000,9999.000,9999.000
202605160536,   6.599,9999.000,9999.000,9999.000,9999.000,9999.000,9999.000,9999.000,9999.000
202605160542,   6.572,9999.000,9999.000,9999.000,9999.000,9999.000,9999.000,9999.000,9999.000
202605160548,   6.537,9999.000,9999.000,9999.000,9999.000,9999.000,9999.000,9999.000,9999.000
202605160554,   6.495,9999.000,9999.000,9999.000,9999.000,9999.000,9999.000,9999.000,9999.000
202605160600,   6.446,9999.000,   0.000,   0.025,   6.471,   0.000,   6.471,   0.000,   6.471
202605160606,   6.389,9999.000,9999.000,9999.000,9999.000,9999.000,9999.000,9999.000,9999.000
202605160612,   6.325,9999.000,9999.000,9999.000,9999.000,9999.000,9999.000,9999.000,9999.000
202605160618,   6.255,9999.000,9999.000,9999.000,9999.000,9999.000,9999.000,9999.000,9999.000
202605160624,   6.177,9999.000,9999.000,9999.000,9999.000,9999.000,9999.000,9999.000,9999.000
202605160630,   6.092,9999.000,9999.000,9999.000,9999.000,9999.000,9999.000,9999.000,9999.000
202605160636,   6.001,9999.000,9999.000,9999.000,9999.000,9999.000,9999.000,9999.000,9999.000
202605160642,   5.903,9999.000,9999.000,9999.000,9999.000,9999.000,9999.000,9999.000,9999.000
202605160648,   5.798,9999.000,9999.000,9999.000,9999.000,9999.000,9999.000,9999.000,9999.000
202605160654,   5.688,9999.000,9999.000,9999.000,9999.000,9999.000,9999.000,9999.000,9999.000
202605160700,   5.571,9999.000,   0.000,   0.025,   5.596,   0.000,   5.596,   0.000,   5.596
202605160706,   5.448,9999.000,9999.000,9999.000,9999.000,9999.000,9999.000,9999.000,9999.000
202605160712,   5.320,9999.000,9999.000,9999.000,9999.000,9999.000,9999.000,9999.000,9999.000
202605160718,   5.186,9999.000,9999.000,9999.000,9999.000,9999.000,9999.000,9999.000,9999.000
202605160724,   5.047,9999.000,9999.000,9999.000,9999.000,9999.000,9999.000,9999.000,9999.000
202605160730,   4.903,9999.000,9999.000,9999.000,9999.000,9999.000,9999.000,9999.000,9999.000
202605160736,   4.755,9999.000,9999.000,9999.000,9999.000,9999.000,9999.000,9999.000,9999.000
202605160742,   4.602,9999.000,9999.000,9999.000,9999.000,9999.000,9999.000,9999.000,9999.000
202605160748,   4.445,9999.000,9999.000,9999.000,9999.000,9999.000,9999.000,9999.000,9999.000
202605160754,   4.284,9999.000,9999.000,9999.000,9999.000,9999.000,9999.000,9999.000,9999.000
202605160800,   4.119,9999.000,   0.000,   0.025,   4.144,   0.000,   4.144,   0.100,   4.244
202605160806,   3.952,9999.000,9999.000,9999.000,9999.000,9999.000,9999.000,9999.000,9999.000
202605160812,   3.781,9999.000,9999.000,9999.000,9999.000,9999.000,9999.000,9999.000,9999.000
202605160818,   3.608,9999.000,9999.000,9999.000,9999.000,9999.000,9999.000,9999.000,9999.000
202605160824,   3.433,9999.000,9999.000,9999.000,9999.000,9999.000,9999.000,9999.000,9999.000
202605160830,   3.256,9999.000,9999.000,9999.000,9999.000,9999.000,9999.000,9999.000,9999.000
202605160836,   3.078,9999.000,9999.000,9999.000,9999.000,9999.000,9999.000,9999.000,9999.000
202605160842,   2.898,9999.000,9999.000,9999.000,9999.000,9999.000,9999.000,9999.000,9999.000
202605160848,   2.718,9999.000,9999.000,9999.000,9999.000,9999.000,9999.000,9999.000,9999.000
202605160854,   2.537,9999.000,9999.000,9999.000,9999.000,9999.000,9999.000,9999.000,9999.000
202605160900,   2.356,9999.000,   0.000,   0.025,   2.381,   0.000,   2.381,   0.100,   2.481
202605160906,   2.175,9999.000,9999.000,9999.000,9999.000,9999.000,9999.000,9999.000,9999.000
202605160912,   1.995,9999.000,9999.000,9999.000,9999.000,9999.000,9999.000,9999.000,9999.000
202605160918,   1.815,9999.000,9999.000,9999.000,9999.000,9999.000,9999.000,9999.000,9999.000
202605160924,   1.638,9999.000,9999.000,9999.000,9999.000,9999.000,9999.000,9999.000,9999.000
202605160930,   1.461,9999.000,9999.000,9999.000,9999.000,9999.000,9999.000,9999.000,9999.000
202605160936,   1.287,9999.000,9999.000,9999.000,9999.000,9999.000,9999.000,9999.000,9999.000
202605160942,   1.115,9999.000,9999.000,9999.000,9999.000,9999.000,9999.000,9999.000,9999.000
202605160948,   0.946,9999.000,9999.000,9999.000,9999.000,9999.000,9999.000,9999.000,9999.000
202605160954,   0.780,9999.000,9999.000,9999.000,9999.000,9999.000,9999.000,9999.000,9999.000
202605161000,   0.617,9999.000,   0.000,   0.025,   0.642,   0.000,   0.642,   0.000,   0.642
202605161006,   0.458,9999.000,9999.000,9999.000,9999.000,9999.000,9999.000,9999.000,9999.000
202605161012,   0.303,9999.000,9999.000,9999.000,9999.000,9999.000,9999.000,9999.000,9999.000
202605161018,   0.152,9999.000,9999.000,9999.000,9999.000,9999.000,9999.000,9999.000,9999.000
202605161024,   0.006,9999.000,9999.000,9999.000,9999.000,9999.000,9999.000,9999.000,9999.000
202605161030,  -0.134,9999.000,9999.000,9999.000,9999.000,9999.000,9999.000,9999.000,9999.000
202605161036,  -0.270,9999.000,9999.000,9999.000,9999.000,9999.000,9999.000,9999.000,9999.000
202605161042,  -0.401,9999.000,9999.000,9999.000,9999.000,9999.000,9999.000,9999.000,9999.000
202605161048,  -0.526,9999.000,9999.000,9999.000,9999.000,9999.000,9999.000,9999.000,9999.000
202605161054,  -0.646,9999.000,9999.000,9999.000,9999.000,9999.000,9999.000,9999.000,9999.000
202605161100,  -0.759,9999.000,   0.000,   0.025,  -0.734,   0.000,  -0.734,   0.000,  -0.734
202605161106,  -0.865,9999.000,9999.000,9999.000,9999.000,9999.000,9999.000,9999.000,9999.000
202605161112,  -0.966,9999.000,9999.000,9999.000,9999.000,9999.000,9999.000,9999.000,9999.000
202605161118,  -1.059,9999.000,9999.000,9999.000,9999.000,9999.000,9999.000,9999.000,9999.000
202605161124,  -1.146,9999.000,9999.000,9999.000,9999.000,9999.000,9999.000,9999.000,9999.000
202605161130,  -1.225,9999.000,9999.000,9999.000,9999.000,9999.000,9999.000,9999.000,9999.000
202605161136,  -1.298,9999.000,9999.000,9999.000,9999.000,9999.000,9999.000,9999.000,9999.000
202605161142,  -1.363,9999.000,9999.000,9999.000,9999.000,9999.000,9999.000,9999.000,9999.000
202605161148,  -1.421,9999.000,9999.000,9999.000,9999.000,9999.000,9999.000,9999.000,9999.000
202605161154,  -1.471,9999.000,9999.000,9999.000,9999.000,9999.000,9999.000,9999.000,9999.000
202605161200,  -1.514,9999.000,   0.000,   0.025,  -1.489,   0.000,  -1.489,   0.000,  -1.489
202605161206,  -1.549,9999.000,9999.000,9999.000,9999.000,9999.000,9999.000,9999.000,9999.000
202605161212,  -1.576,9999.000,9999.000,9999.000,9999.000,9999.000,9999.000,9999.000,9999.000
202605161218,  -1.596,9999.000,9999.000,9999.000,9999.000,9999.000,9999.000,9999.000,9999.000
202605161224,  -1.608,9999.000,9999.000,9999.000,9999.000,9999.000,9999.000,9999.000,9999.000
202605161230,  -1.613,9999.000,9999.000,9999.000,9999.000,9999.000,9999.000,9999.000,9999.000
202605161236,  -1.610,9999.000,9999.000,9999.000,9999.000,9999.000,9999.000,9999.000,9999.000
202605161242,  -1.599,9999.000,9999.000,9999.000,9999.000,9999.000,9999.000,9999.000,9999.000
202605161248,  -1.581,9999.000,9999.000,9999.000,9999.000,9999.000,9999.000,9999.000,9999.000
202605161254,  -1.555,9999.000,9999.000,9999.000,9999.000,9999.000,9999.000,9999.000,9999.000
202605161300,  -1.522,9999.000,   0.000,   0.025,  -1.497,   0.000,  -1.497,   0.000,  -1.497
202605161306,  -1.482,9999.000,9999.000,9999.000,9999.000,9999.000,9999.000,9999.000,9999.000
202605161312,  -1.435,9999.000,9999.000,9999.000,9999.000,9999.000,9999.000,9999.000,9999.000
202605161318,  -1.381,9999.000,9999.000,9999.000,9999.000,9999.000,9999.000,9999.000,9999.000
202605161324,  -1.320,9999.000,9999.000,9999.000,9999.000,9999.000,9999.000,9999.000,9999.000
202605161330,  -1.253,9999.000,9999.000,9999.000,9999.000,9999.000,9999.000,9999.000,9999.000
202605161336,  -1.180,9999.000,9999.000,9999.000,9999.000,9999.000,9999.000,9999.000,9999.000
202605161342,  -1.100,9999.000,9999.000,9999.000,9999.000,9999.000,9999.000,9999.000,9999.000
202605161348,  -1.014,9999.000,9999.000,9999.000,9999.000,9999.000,9999.000,9999.000,9999.000
202605161354,  -0.923,9999.000,9999.000,9999.000,9999.000,9999.000,9999.000,9999.000,9999.000
202605161400,  -0.826,9999.000,   0.000,   0.025,  -0.801,  -0.100,  -0.901,   0.000,  -0.801
202605161406,  -0.724,9999.000,9999.000,9999.000,9999.000,9999.000,9999.000,9999.000,9999.000
202605161412,  -0.617,9999.000,9999.000,9999.000,9999.000,9999.000,9999.000,9999.000,9999.000
202605161418,  -0.506,9999.000,9999.000,9999.000,9999.000,9999.000,9999.000,9999.000,9999.000
202605161424,  -0.390,9999.000,9999.000,9999.000,9999.000,9999.000,9999.000,9999.000,9999.000
202605161430,  -0.271,9999.000,9999.000,9999.000,9999.000,9999.000,9999.000,9999.000,9999.000
202605161436,  -0.147,9999.000,9999.000,9999.000,9999.000,9999.000,9999.000,9999.000,9999.000
202605161442,  -0.020,9999.000,9999.000,9999.000,9999.000,9999.000,9999.000,9999.000,9999.000
202605161448,   0.109,9999.000,9999.000,9999.000,9999.000,9999.000,9999.000,9999.000,9999.000
202605161454,   0.241,9999.000,9999.000,9999.000,9999.000,9999.000,9999.000,9999.000,9999.000
202605161500,   0.376,9999.000,   0.000,   0.025,   0.401,  -0.100,   0.301,   0.000,   0.401
202605161506,   0.513,9999.000,9999.000,9999.000,9999.000,9999.000,9999.000,9999.000,9999.000
202605161512,   0.652,9999.000,9999.000,9999.000,9999.000,9999.000,9999.000,9999.000,9999.000
202605161518,   0.792,9999.000,9999.000,9999.000,9999.000,9999.000,9999.000,9999.000,9999.000
202605161524,   0.933,9999.000,9999.000,9999.000,9999.000,9999.000,9999.000,9999.000,9999.000
202605161530,   1.075,9999.000,9999.000,9999.000,9999.000,9999.000,9999.000,9999.000,9999.000
202605161536,   1.218,9999.000,9999.000,9999.000,9999.000,9999.000,9999.000,9999.000,9999.000
202605161542,   1.360,9999.000,9999.000,9999.000,9999.000,9999.000,9999.000,9999.000,9999.000
202605161548,   1.502,9999.000,9999.000,9999.000,9999.000,9999.000,9999.000,9999.000,9999.000
202605161554,   1.643,9999.000,9999.000,9999.000,9999.000,9999.000,9999.000,9999.000,9999.000
202605161600,   1.784,9999.000,   0.000,   0.025,   1.809,   0.000,   1.809,   0.000,   1.809
202605161606,   1.923,9999.000,9999.000,9999.000,9999.000,9999.000,9999.000,9999.000,9999.000
202605161612,   2.061,9999.000,9999.000,9999.000,9999.000,9999.000,9999.000,9999.000,9999.000
202605161618,   2.196,9999.000,9999.000,9999.000,9999.000,9999.000,9999.000,9999.000,9999.000
202605161624,   2.330,9999.000,9999.000,9999.000,9999.000,9999.000,9999.000,9999.000,9999.000
202605161630,   2.461,9999.000,9999.000,9999.000,9999.000,9999.000,9999.000,9999.000,9999.000
202605161636,   2.589,9999.000,9999.000,9999.000,9999.000,9999.000,9999.000,9999.000,9999.000
202605161642,   2.714,9999.000,9999.000,9999.000,9999.000,9999.000,9999.000,9999.000,9999.000
202605161648,   2.836,9999.000,9999.000,9999.000,9999.000,9999.000,9999.000,9999.000,9999.000
202605161654,   2.954,9999.000,9999.000,9999.000,9999.000,9999.000,9999.000,9999.000,9999.000
202605161700,   3.069,9999.000,   0.000,   0.025,   3.094,   0.000,   3.094,   0.000,   3.094
202605161706,   3.179,9999.000,9999.000,9999.000,9999.000,9999.000,9999.000,9999.000,9999.000
202605161712,   3.285,9999.000,9999.000,9999.000,9999.000,9999.000,9999.000,9999.000,9999.000
202605161718,   3.387,9999.000,9999.000,9999.000,9999.000,9999.000,9999.000,9999.000,9999.000
202605161724,   3.484,9999.000,9999.000,9999.000,9999.000,9999.000,9999.000,9999.000,9999.000
202605161730,   3.577,9999.000,9999.000,9999.000,9999.000,9999.000,9999.000,9999.000,9999.000
202605161736,   3.664,9999.000,9999.000,9999.000,9999.000,9999.000,9999.000,9999.000,9999.000
202605161742,   3.747,9999.000,9999.000,9999.000,9999.000,9999.000,9999.000,9999.000,9999.000
202605161748,   3.824,9999.000,9999.000,9999.000,9999.000,9999.000,9999.000,9999.000,9999.000
202605161754,   3.896,9999.000,9999.000,9999.000,9999.000,9999.000,9999.000,9999.000,9999.000
202605161800,   3.962,9999.000,   0.000,   0.025,   3.987,   0.000,   3.987,   0.000,   3.987
202605161806,   4.023,9999.000,9999.000,9999.000,9999.000,9999.000,9999.000,9999.000,9999.000
202605161812,   4.079,9999.000,9999.000,9999.000,9999.000,9999.000,9999.000,9999.000,9999.000
202605161818,   4.128,9999.000,9999.000,9999.000,9999.000,9999.000,9999.000,9999.000,9999.000
202605161824,   4.172,9999.000,9999.000,9999.000,9999.000,9999.000,9999.000,9999.000,9999.000
202605161830,   4.211,9999.000,9999.000,9999.000,9999.000,9999.000,9999.000,9999.000,9999.000
202605161836,   4.244,9999.000,9999.000,9999.000,9999.000,9999.000,9999.000,9999.000,9999.000
202605161842,   4.271,9999.000,9999.000,9999.000,9999.000,9999.000,9999.000,9999.000,9999.000
202605161848,   4.293,9999.000,9999.000,9999.000,9999.000,9999.000,9999.000,9999.000,9999.000
202605161854,   4.309,9999.000,9999.000,9999.000,9999.000,9999.000,9999.000,9999.000,9999.000
202605161900,   4.319,9999.000,   0.000,   0.025,   4.344,   0.000,   4.344,   0.000,   4.344
202605161906,   4.325,9999.000,9999.000,9999.000,9999.000,9999.000,9999.000,9999.000,9999.000
202605161912,   4.324,9999.000,9999.000,9999.000,9999.000,9999.000,9999.000,9999.000,9999.000
202605161918,   4.319,9999.000,9999.000,9999.000,9999.000,9999.000,9999.000,9999.000,9999.000
202605161924,   4.309,9999.000,9999.000,9999.000,9999.000,9999.000,9999.000,9999.000,9999.000
202605161930,   4.293,9999.000,9999.000,9999.000,9999.000,9999.000,9999.000,9999.000,9999.000
202605161936,   4.273,9999.000,9999.000,9999.000,9999.000,9999.000,9999.000,9999.000,9999.000
202605161942,   4.248,9999.000,9999.000,9999.000,9999.000,9999.000,9999.000,9999.000,9999.000
202605161948,   4.219,9999.000,9999.000,9999.000,9999.000,9999.000,9999.000,9999.000,9999.000
202605161954,   4.185,9999.000,9999.000,9999.000,9999.000,9999.000,9999.000,9999.000,9999.000
202605162000,   4.147,9999.000,   0.000,   0.025,   4.172,   0.000,   4.172,   0.000,   4.172
202605162006,   4.105,9999.000,9999.000,9999.000,9999.000,9999.000,9999.000,9999.000,9999.000
202605162012,   4.060,9999.000,9999.000,9999.000,9999.000,9999.000,9999.000,9999.000,9999.000
202605162018,   4.011,9999.000,9999.000,9999.000,9999.000,9999.000,9999.000,9999.000,9999.000
202605162024,   3.959,9999.000,9999.000,9999.000,9999.000,9999.000,9999.000,9999.000,9999.000
202605162030,   3.904,9999.000,9999.000,9999.000,9999.000,9999.000,9999.000,9999.000,9999.000
202605162036,   3.846,9999.000,9999.000,9999.000,9999.000,9999.000,9999.000,9999.000,9999.000
202605162042,   3.786,9999.000,9999.000,9999.000,9999.000,9999.000,9999.000,9999.000,9999.000
202605162048,   3.723,9999.000,9999.000,9999.000,9999.000,9999.000,9999.000,9999.000,9999.000
202605162054,   3.659,9999.000,9999.000,9999.000,9999.000,9999.000,9999.000,9999.000,9999.000
202605162100,   3.593,9999.000,   0.000,   0.025,   3.618,  -0.100,   3.518,   0.000,   3.618
202605162106,   3.525,9999.000,9999.000,9999.000,9999.000,9999.000,9999.000,9999.000,9999.000
202605162112,   3.456,9999.000,9999.000,9999.000,9999.000,9999.000,9999.000,9999.000,9999.000
202605162118,   3.387,9999.000,9999.000,9999.000,9999.000,9999.000,9999.000,9999.000,9999.000
202605162124,   3.317,9999.000,9999.000,9999.000,9999.000,9999.000,9999.000,9999.000,9999.000
202605162130,   3.246,9999.000,9999.000,9999.000,9999.000,9999.000,9999.000,9999.000,9999.000
202605162136,   3.176,9999.000,9999.000,9999.000,9999.000,9999.000,9999.000,9999.000,9999.000
202605162142,   3.106,9999.000,9999.000,9999.000,9999.000,9999.000,9999.000,9999.000,9999.000
202605162148,   3.037,9999.000,9999.000,9999.000,9999.000,9999.000,9999.000,9999.000,9999.000
202605162154,   2.968,9999.000,9999.000,9999.000,9999.000,9999.000,9999.000,9999.000,9999.000
202605162200,   2.901,9999.000,   0.000,   0.025,   2.926,  -0.100,   2.826,   0.000,   2.926
202605162206,   2.835,9999.000,9999.000,9999.000,9999.000,9999.000,9999.000,9999.000,9999.000
202605162212,   2.770,9999.000,9999.000,9999.000,9999.000,9999.000,9999.000,9999.000,9999.000
202605162218,   2.708,9999.000,9999.000,9999.000,9999.000,9999.000,9999.000,9999.000,9999.000
202605162224,   2.648,9999.000,9999.000,9999.000,9999.000,9999.000,9999.000,9999.000,9999.000
202605162230,   2.591,9999.000,9999.000,9999.000,9999.000,9999.000,9999.000,9999.000,9999.000
202605162236,   2.536,9999.000,9999.000,9999.000,9999.000,9999.000,9999.000,9999.000,9999.000
202605162242,   2.484,9999.000,9999.000,9999.000,9999.000,9999.000,9999.000,9999.000,9999.000
202605162248,   2.435,9999.000,9999.000,9999.000,9999.000,9999.000,9999.000,9999.000,9999.000
202605162254,   2.390,9999.000,9999.000,9999.000,9999.000,9999.000,9999.000,9999.000,9999.000
202605162300,   2.349,9999.000,   0.000,   0.025,   2.374,  -0.100,   2.274,   0.000,   2.374
202605162306,   2.311,9999.000,9999.000,9999.000,9999.000,9999.000,9999.000,9999.000,9999.000
202605162312,   2.278,9999.000,9999.000,9999.000,9999.000,9999.000,9999.000,9999.000,9999.000
202605162318,   2.249,9999.000,9999.000,9999.000,9999.000,9999.000,9999.000,9999.000,9999.000
202605162324,   2.224,9999.000,9999.000,9999.000,9999.000,9999.000,9999.000,9999.000,9999.000
202605162330,   2.203,9999.000,9999.000,9999.000,9999.000,9999.000,9999.000,9999.000,9999.000
202605162336,   2.188,9999.000,9999.000,9999.000,9999.000,9999.000,9999.000,9999.000,9999.000
202605162342,   2.177,9999.000,9999.000,9999.000,9999.000,9999.000,9999.000,9999.000,9999.000
202605162348,   2.171,9999.000,9999.000,9999.000,9999.000,9999.000,9999.000,9999.000,9999.000
202605162354,   2.171,9999.000,9999.000,9999.000,9999.000,9999.000,9999.000,9999.000,9999.000
202605170000,   2.175,9999.000,   0.000,   0.025,   2.200,  -0.100,   2.100,   0.000,   2.200
202605170006,   2.185,9999.000,9999.000,9999.000,9999.000,9999.000,9999.000,9999.000,9999.000
202605170012,   2.200,9999.000,9999.000,9999.000,9999.000,9999.000,9999.000,9999.000,9999.000
202605170018,   2.220,9999.000,9999.000,9999.000,9999.000,9999.000,9999.000,9999.000,9999.000
202605170024,   2.246,9999.000,9999.000,9999.000,9999.000,9999.000,9999.000,9999.000,9999.000
202605170030,   2.277,9999.000,9999.000,9999.000,9999.000,9999.000,9999.000,9999.000,9999.000
202605170036,   2.313,9999.000,9999.000,9999.000,9999.000,9999.000,9999.000,9999.000,9999.000
202605170042,   2.355,9999.000,9999.000,9999.000,9999.000,9999.000,9999.000,9999.000,9999.000
202605170048,   2.402,9999.000,9999.000,9999.000,9999.000,9999.000,9999.000,9999.000,9999.000
202605170054,   2.454,9999.000,9999.000,9999.000,9999.000,9999.000,9999.000,9999.000,9999.000
202605170100,   2.511,9999.000,   0.000,   0.025,   2.536,  -0.100,   2.436,   0.000,   2.536
202605170106,   2.574,9999.000,9999.000,9999.000,9999.000,9999.000,9999.000,9999.000,9999.000
202605170112,   2.641,9999.000,9999.000,9999.000,9999.000,9999.000,9999.000,9999.000,9999.000
202605170118,   2.713,9999.000,9999.000,9999.000,9999.000,9999.000,9999.000,9999.000,9999.000
202605170124,   2.790,9999.000,9999.000,9999.000,9999.000,9999.000,9999.000,9999.000,9999.000
202605170130,   2.872,9999.000,9999.000,9999.000,9999.000,9999.000,9999.000,9999.000,9999.000
202605170136,   2.957,9999.000,9999.000,9999.000,9999.000,9999.000,9999.000,9999.000,9999.000
202605170142,   3.047,9999.000,9999.000,9999.000,9999.000,9999.000,9999.000,9999.000,9999.000
202605170148,   3.141,9999.000,9999.000,9999.000,9999.000,9999.000,9999.000,9999.000,9999.000
202605170154,   3.239,9999.000,9999.000,9999.000,9999.000,9999.000,9999.000,9999.000,9999.000
202605170200,   3.340,9999.000,  -0.100,   0.025,   3.265,  -0.100,   3.265,   0.000,   3.365
202605170206,   3.444,9999.000,9999.000,9999.000,9999.000,9999.000,9999.000,9999.000,9999.000
202605170212,   3.552,9999.000,9999.000,9999.000,9999.000,9999.000,9999.000,9999.000,9999.000
202605170218,   3.662,9999.000,9999.000,9999.000,9999.000,9999.000,9999.000,9999.000,9999.000
202605170224,   3.775,9999.000,9999.000,9999.000,9999.000,9999.000,9999.000,9999.000,9999.000
202605170230,   3.890,9999.000,9999.000,9999.000,9999.000,9999.000,9999.000,9999.000,9999.000
202605170236,   4.007,9999.000,9999.000,9999.000,9999.000,9999.000,9999.000,9999.000,9999.000
202605170242,   4.126,9999.000,9999.000,9999.000,9999.000,9999.000,9999.000,9999.000,9999.000
202605170248,   4.246,9999.000,9999.000,9999.000,9999.000,9999.000,9999.000,9999.000,9999.000
202605170254,   4.367,9999.000,9999.000,9999.000,9999.000,9999.000,9999.000,9999.000,9999.000
202605170300,   4.488,9999.000,  -0.100,   0.025,   4.413,  -0.100,   4.413,   0.000,   4.513
202605170306,   4.610,9999.000,9999.000,9999.000,9999.000,9999.000,9999.000,9999.000,9999.000
202605170312,   4.732,9999.000,9999.000,9999.000,9999.000,9999.000,9999.000,9999.000,9999.000
202605170318,   4.854,9999.000,9999.000,9999.000,9999.000,9999.000,9999.000,9999.000,9999.000
202605170324,   4.975,9999.000,9999.000,9999.000,9999.000,9999.000,9999.000,9999.000,9999.000
202605170330,   5.095,9999.000,9999.000,9999.000,9999.000,9999.000,9999.000,9999.000,9999.000
202605170336,   5.214,9999.000,9999.000,9999.000,9999.000,9999.000,9999.000,9999.000,9999.000
202605170342,   5.331,9999.000,9999.000,9999.000,9999.000,9999.000,9999.000,9999.000,9999.000
202605170348,   5.446,9999.000,9999.000,9999.000,9999.000,9999.000,9999.000,9999.000,9999.000
202605170354,   5.558,9999.000,9999.000,9999.000,9999.000,9999.000,9999.000,9999.000,9999.000
202605170400,   5.669,9999.000,  -0.100,   0.025,   5.594,  -0.100,   5.594,   0.000,   5.694
202605170406,   5.776,9999.000,9999.000,9999.000,9999.000,9999.000,9999.000,9999.000,9999.000
202605170412,   5.880,9999.000,9999.000,9999.000,9999.000,9999.000,9999.000,9999.000,9999.000
202605170418,   5.980,9999.000,9999.000,9999.000,9999.000,9999.000,9999.000,9999.000,9999.000
202605170424,   6.076,9999.000,9999.000,9999.000,9999.000,9999.000,9999.000,9999.000,9999.000
202605170430,   6.168,9999.000,9999.000,9999.000,9999.000,9999.000,9999.000,9999.000,9999.000
202605170436,   6.256,9999.000,9999.000,9999.000,9999.000,9999.000,9999.000,9999.000,9999.000
202605170442,   6.338,9999.000,9999.000,9999.000,9999.000,9999.000,9999.000,9999.000,9999.000
202605170448,   6.416,9999.000,9999.000,9999.000,9999.000,9999.000,9999.000,9999.000,9999.000
202605170454,   6.488,9999.000,9999.000,9999.000,9999.000,9999.000,9999.000,9999.000,9999.000
202605170500,   6.555,9999.000,  -0.100,   0.025,   6.480,  -0.200,   6.380,   0.000,   6.580
202605170506,   6.616,9999.000,9999.000,9999.000,9999.000,9999.000,9999.000,9999.000,9999.000
202605170512,   6.671,9999.000,9999.000,9999.000,9999.000,9999.000,9999.000,9999.000,9999.000
202605170518,   6.720,9999.000,9999.000,9999.000,9999.000,9999.000,9999.000,9999.000,9999.000
202605170524,   6.762,9999.000,9999.000,9999.000,9999.000,9999.000,9999.000,9999.000,9999.000
202605170530,   6.798,9999.000,9999.000,9999.000,9999.000,9999.000,9999.000,9999.000,9999.000
202605170536,   6.827,9999.000,9999.000,9999.000,9999.000,9999.000,9999.000,9999.000,9999.000
202605170542,   6.849,9999.000,9999.000,9999.000,9999.000,9999.000,9999.000,9999.000,9999.000
202605170548,   6.864,9999.000,9999.000,9999.000,9999.000,9999.000,9999.000,9999.000,9999.000
202605170554,   6.872,9999.000,9999.000,9999.000,9999.000,9999.000,9999.000,9999.000,9999.000
202605170600,   6.872,9999.000,  -0.100,   0.025,   6.797,  -0.200,   6.697,   0.000,   6.897
202605170606,   6.866,9999.000,9999.000,9999.000,9999.000,9999.000,9999.000,9999.000,9999.000
202605170612,   6.851,9999.000,9999.000,9999.000,9999.000,9999.000,9999.000,9999.000,9999.000
202605170618,   6.830,9999.000,9999.000,9999.000,9999.000,9999.000,9999.000,9999.000,9999.000
202605170624,   6.801,9999.000,9999.000,9999.000,9999.000,9999.000,9999.000,9999.000,9999.000
202605170630,   6.764,9999.000,9999.000,9999.000,9999.000,9999.000,9999.000,9999.000,9999.000
202605170636,   6.720,9999.000,9999.000,9999.000,9999.000,9999.000,9999.000,9999.000,9999.000
202605170642,   6.668,9999.000,9999.000,9999.000,9999.000,9999.000,9999.000,9999.000,9999.000
202605170648,   6.609,9999.000,9999.000,9999.000,9999.000,9999.000,9999.000,9999.000,9999.000
202605170654,   6.543,9999.000,9999.000,9999.000,9999.000,9999.000,9999.000,9999.000,9999.000
202605170700,   6.469,9999.000,  -0.100,   0.025,   6.394,  -0.200,   6.294,   0.000,   6.494
202605170706,   6.388,9999.000,9999.000,9999.000,9999.000,9999.000,9999.000,9999.000,9999.000
202605170712,   6.300,9999.000,9999.000,9999.000,9999.000,9999.000,9999.000,9999.000,9999.000
202605170718,   6.205,9999.000,9999.000,9999.000,9999.000,9999.000,9999.000,9999.000,9999.000
202605170724,   6.103,9999.000,9999.000,9999.000,9999.000,9999.000,9999.000,9999.000,9999.000
202605170730,   5.995,9999.000,9999.000,9999.000,9999.000,9999.000,9999.000,9999.000,9999.000
202605170736,   5.879,9999.000,9999.000,9999.000,9999.000,9999.000,9999.000,9999.000,9999.000
202605170742,   5.758,9999.000,9999.000,9999.000,9999.000,9999.000,9999.000,9999.000,9999.000
202605170748,   5.630,9999.000,9999.000,9999.000,9999.000,9999.000,9999.000,9999.000,9999.000
202605170754,   5.497,9999.000,9999.000,9999.000,9999.000,9999.000,9999.000,9999.000,9999.000
202605170800,   5.358,9999.000,   0.000,   0.025,   5.383,  -0.100,   5.283,   0.000,   5.383
202605170806,   5.213,9999.000,9999.000,9999.000,9999.000,9999.000,9999.000,9999.000,9999.000
202605170812,   5.063,9999.000,9999.000,9999.000,9999.000,9999.000,9999.000,9999.000,9999.000
202605170818,   4.908,9999.000,9999.000,9999.000,9999.000,9999.000,9999.000,9999.000,9999.000
202605170824,   4.749,9999.000,9999.000,9999.000,9999.000,9999.000,9999.000,9999.000,9999.000
202605170830,   4.585,9999.000,9999.000,9999.000,9999.000,9999.000,9999.000,9999.000,9999.000
202605170836,   4.417,9999.000,9999.000,9999.000,9999.000,9999.000,9999.000,9999.000,9999.000
202605170842,   4.245,9999.000,9999.000,9999.000,9999.000,9999.000,9999.000,9999.000,9999.000
202605170848,   4.070,9999.000,9999.000,9999.000,9999.000,9999.000,9999.000,9999.000,9999.000
202605170854,   3.891,9999.000,9999.000,9999.000,9999.000,9999.000,9999.000,9999.000,9999.000
202605170900,   3.710,9999.000,   0.000,   0.025,   3.735,  -0.100,   3.635,   0.000,   3.735
202605170906,   3.527,9999.000,9999.000,9999.000,9999.000,9999.000,9999.000,9999.000,9999.000
202605170912,   3.341,9999.000,9999.000,9999.000,9999.000,9999.000,9999.000,9999.000,9999.000
202605170918,   3.153,9999.000,9999.000,9999.000,9999.000,9999.000,9999.000,9999.000,9999.000
202605170924,   2.964,9999.000,9999.000,9999.000,9999.000,9999.000,9999.000,9999.000,9999.000
202605170930,   2.774,9999.000,9999.000,9999.000,9999.000,9999.000,9999.000,9999.000,9999.000
202605170936,   2.583,9999.000,9999.000,9999.000,9999.000,9999.000,9999.000,9999.000,9999.000
202605170942,   2.392,9999.000,9999.000,9999.000,9999.000,9999.000,9999.000,9999.000,9999.000
202605170948,   2.201,9999.000,9999.000,9999.000,9999.000,9999.000,9999.000,9999.000,9999.000
202605170954,   2.010,9999.000,9999.000,9999.000,9999.000,9999.000,9999.000,9999.000,9999.000
202605171000,   1.820,9999.000,  -0.100,   0.025,   1.745,  -0.200,   1.645,   0.000,   1.845
202605171006,   1.631,9999.000,9999.000,9999.000,9999.000,9999.000,9999.000,9999.000,9999.000
202605171012,   1.443,9999.000,9999.000,9999.000,9999.000,9999.000,9999.000,9999.000,9999.000
202605171018,   1.257,9999.000,9999.000,9999.000,9999.000,9999.000,9999.000,9999.000,9999.000
202605171024,   1.074,9999.000,9999.000,9999.000,9999.000,9999.000,9999.000,9999.000,9999.000
202605171030,   0.893,9999.000,9999.000,9999.000,9999.000,9999.000,9999.000,9999.000,9999.000
202605171036,   0.715,9999.000,9999.000,9999.000,9999.000,9999.000,9999.000,9999.000,9999.000
202605171042,   0.540,9999.000,9999.000,9999.000,9999.000,9999.000,9999.000,9999.000,9999.000
202605171048,   0.368,9999.000,9999.000,9999.000,9999.000,9999.000,9999.000,9999.000,9999.000
202605171054,   0.201,9999.000,9999.000,9999.000,9999.000,9999.000,9999.000,9999.000,9999.000
202605171100,   0.037,9999.000,  -0.100,   0.025,  -0.038,  -0.200,  -0.138,   0.000,   0.062
202605171106,  -0.121,9999.000,9999.000,9999.000,9999.000,9999.000,9999.000,9999.000,9999.000
202605171112,  -0.275,9999.000,9999.000,9999.000,9999.000,9999.000,9999.000,9999.000,9999.000
202605171118,  -0.424,9999.000,9999.000,9999.000,9999.000,9999.000,9999.000,9999.000,9999.000
202605171124,  -0.567,9999.000,9999.000,9999.000,9999.000,9999.000,9999.000,9999.000,9999.000
202605171130,  -0.705,9999.000,9999.000,9999.000,9999.000,9999.000,9999.000,9999.000,9999.000
202605171136,  -0.837,9999.000,9999.000,9999.000,9999.000,9999.000,9999.000,9999.000,9999.000
202605171142,  -0.963,9999.000,9999.000,9999.000,9999.000,9999.000,9999.000,9999.000,9999.000
202605171148,  -1.082,9999.000,9999.000,9999.000,9999.000,9999.000,9999.000,9999.000,9999.000
202605171154,  -1.195,9999.000,9999.000,9999.000,9999.000,9999.000,9999.000,9999.000,9999.000
202605171200,  -1.301,9999.000,  -0.100,   0.025,  -1.376,  -0.200,  -1.476,   0.000,  -1.276
