        TIME,    TIDE,      OB,   SURGE,    BIAS,     TWL,SURGE90p,  TWL90p,SURGE10p,   TWL10p
202603030000,   0.087,  -0.429,  -0.100,  -0.416,  -0.429,  -0.100,  -0.429,   0.000,  -0.329
202603030006,   0.193,  -0.419,9999.000,9999.000,9999.000,9999.000,9999.000,9999.000,9999.000
202603030012,   0.305,  -0.400,9999.000,9999.000,9999.000,9999.000,9999.000,9999.000,9999.000
202603030018,   0.423,  -0.360,9999.000,9999.000,9999.000,9999.000,9999.000,9999.000,9999.000
202603030024,   0.547,  -0.278,9999.000,9999.000,9999.000,9999.000,9999.000,9999.000,9999.000
202603030030,   0.676,  -0.141,9999.000,9999.000,9999.000,9999.000,9999.000,9999.000,9999.000
202603030036,   0.810,9999.000,9999.000,9999.000,9999.000,9999.000,9999.000,9999.000,9999.000
202603030042,   0.947,   0.259,9999.000,9999.000,9999.000,9999.000,9999.000,9999.000,9999.000
202603030048,   1.088,9999.000,9999.000,9999.000,9999.000,9999.000,9999.000,9999.000,9999.000
202603030054,   1.233,   0.760,9999.000,9999.000,9999.000,9999.000,9999.000,9999.000,9999.000
202603030100,   1.380,   0.990,  -0.100,  -0.290,   0.990,  -0.100,   0.990,  -0.100,   0.990
202603030106,   1.529,   1.210,9999.000,9999.000,9999.000,9999.000,9999.000,9999.000,9999.000
202603030112,   1.681,   1.439,9999.000,9999.000,9999.000,9999.000,9999.000,9999.000,9999.000
202603030118,   1.833,   1.639,9999.000,9999.000,9999.000,9999.000,9999.000,9999.000,9999.000
202603030124,   1.987,   1.810,9999.000,9999.000,9999.000,9999.000,9999.000,9999.000,9999.000
202603030130,   2.142,   1.981,9999.000,9999.000,9999.000,9999.000,9999.000,9999.000,9999.000
202603030136,   2.297,   2.128,9999.000,9999.000,9999.000,9999.000,9999.000,9999.000,9999.000
202603030142,   2.452,   2.240,9999.000,9999.000,9999.000,9999.000,9999.000,9999.000,9999.000
202603030148,   2.607,   2.377,9999.000,9999.000,9999.000,9999.000,9999.000,9999.000,9999.000
202603030154,   2.761,   2.548,9999.000,9999.000,9999.000,9999.000,9999.000,9999.000,9999.000
202603030200,   2.914,   2.689,  -0.100,  -0.125,   2.689,  -0.100,   2.689,  -0.100,   2.689
202603030206,   3.065,   2.889,9999.000,9999.000,9999.000,9999.000,9999.000,9999.000,9999.000
202603030212,   3.214,   3.060,9999.000,9999.000,9999.000,9999.000,9999.000,9999.000,9999.000
202603030218,   3.360,   3.230,9999.000,9999.000,9999.000,9999.000,9999.000,9999.000,9999.000
202603030224,   3.504,   3.378,9999.000,9999.000,9999.000,9999.000,9999.000,9999.000,9999.000
202603030230,   3.645,   3.519,9999.000,9999.000,9999.000,9999.000,9999.000,9999.000,9999.000
202603030236,   3.781,   3.650,9999.000,9999.000,9999.000,9999.000,9999.000,9999.000,9999.000
202603030242,   3.914,   3.778,9999.000,9999.000,9999.000,9999.000,9999.000,9999.000,9999.000
202603030248,   4.042,   3.890,9999.000,9999.000,9999.000,9999.000,9999.000,9999.000,9999.000
202603030254,   4.165,   4.017,9999.000,9999.000,9999.000,9999.000,9999.000,9999.000,9999.000
202603030300,   4.282,   4.119,  -0.100,  -0.063,   4.119,  -0.200,   4.019,  -0.100,   4.119
202603030306,   4.394,   4.257,9999.000,9999.000,9999.000,9999.000,9999.000,9999.000,9999.000
202603030312,   4.500,   4.359,9999.000,9999.000,9999.000,9999.000,9999.000,9999.000,9999.000
202603030318,   4.599,   4.447,9999.000,9999.000,9999.000,9999.000,9999.000,9999.000,9999.000
202603030324,   4.691,   4.549,9999.000,9999.000,9999.000,9999.000,9999.000,9999.000,9999.000
202603030330,   4.776,   4.628,9999.000,9999.000,9999.000,9999.000,9999.000,9999.000,9999.000
202603030336,   4.854,   4.710,9999.000,9999.000,9999.000,9999.000,9999.000,9999.000,9999.000
202603030342,   4.924,   4.749,9999.000,9999.000,9999.000,9999.000,9999.000,9999.000,9999.000
202603030348,   4.986,   4.828,9999.000,9999.000,9999.000,9999.000,9999.000,9999.000,9999.000
202603030354,   5.040,   4.900,9999.000,9999.000,9999.000,9999.000,9999.000,9999.000,9999.000
202603030400,   5.087,   4.939,  -0.200,   0.052,   4.939,  -0.200,   4.939,  -0.100,   5.039
202603030406,   5.125,   4.959,9999.000,9999.000,9999.000,9999.000,9999.000,9999.000,9999.000
202603030412,   5.155,   4.979,9999.000,9999.000,9999.000,9999.000,9999.000,9999.000,9999.000
202603030418,   5.177,   4.969,9999.000,9999.000,9999.000,9999.000,9999.000,9999.000,9999.000
202603030424,   5.191,   4.969,9999.000,9999.000,9999.000,9999.000,9999.000,9999.000,9999.000
202603030430,   5.196,   4.959,9999.000,9999.000,9999.000,9999.000,9999.000,9999.000,9999.000
202603030436,   5.194,   4.959,9999.000,9999.000,9999.000,9999.000,9999.000,9999.000,9999.000
202603030442,   5.184,   4.939,9999.000,9999.000,9999.000,9999.000,9999.000,9999.000,9999.000
202603030448,   5.166,   4.900,9999.000,9999.000,9999.000,9999.000,9999.000,9999.000,9999.000
202603030454,   5.140,   4.867,9999.000,9999.000,9999.000,9999.000,9999.000,9999.000,9999.000
202603030500,   5.107,   4.798,  -0.200,  -0.109,   4.798,  -0.200,   4.798,  -0.200,   4.798
202603030506,   5.067,   4.729,9999.000,9999.000,9999.000,9999.000,9999.000,9999.000,9999.000
202603030512,   5.020,   4.677,9999.000,9999.000,9999.000,9999.000,9999.000,9999.000,9999.000
202603030518,   4.967,   4.637,9999.000,9999.000,9999.000,9999.000,9999.000,9999.000,9999.000
202603030524,   4.907,   4.559,9999.000,9999.000,9999.000,9999.000,9999.000,9999.000,9999.000
202603030530,   4.840,   4.490,9999.000,9999.000,9999.000,9999.000,9999.000,9999.000,9999.000
202603030536,   4.768,   4.427,9999.000,9999.000,9999.000,9999.000,9999.000,9999.000,9999.000
202603030542,   4.690,   4.319,9999.000,9999.000,9999.000,9999.000,9999.000,9999.000,9999.000
202603030548,   4.607,   4.218,9999.000,9999.000,9999.000,9999.000,9999.000,9999.000,9999.000
202603030554,   4.519,   4.129,9999.000,9999.000,9999.000,9999.000,9999.000,9999.000,9999.000
202603030600,   4.427,   4.047,  -0.100,  -0.280,   4.047,  -0.100,   4.047,  -0.100,   4.047
202603030606,   4.330,   3.949,9999.000,9999.000,9999.000,9999.000,9999.000,9999.000,9999.000
202603030612,   4.229,   3.880,9999.000,9999.000,9999.000,9999.000,9999.000,9999.000,9999.000
202603030618,   4.125,   3.768,9999.000,9999.000,9999.000,9999.000,9999.000,9999.000,9999.000
202603030624,   4.018,   3.670,9999.000,9999.000,9999.000,9999.000,9999.000,9999.000,9999.000
202603030630,   3.908,   3.548,9999.000,9999.000,9999.000,9999.000,9999.000,9999.000,9999.000
202603030636,   3.795,   3.427,9999.000,9999.000,9999.000,9999.000,9999.000,9999.000,9999.000
202603030642,   3.681,   3.299,9999.000,9999.000,9999.000,9999.000,9999.000,9999.000,9999.000
202603030648,   3.565,   3.178,9999.000,9999.000,9999.000,9999.000,9999.000,9999.000,9999.000
202603030654,   3.448,   3.040,9999.000,9999.000,9999.000,9999.000,9999.000,9999.000,9999.000
202603030700,   3.330,   2.909,  -0.200,  -0.221,   2.909,  -0.200,   2.909,  -0.100,   3.009
202603030706,   3.211,   2.797,9999.000,9999.000,9999.000,9999.000,9999.000,9999.000,9999.000
202603030712,   3.092,   2.679,9999.000,9999.000,9999.000,9999.000,9999.000,9999.000,9999.000
202603030718,   2.973,   2.548,9999.000,9999.000,9999.000,9999.000,9999.000,9999.000,9999.000
202603030724,   2.854,   2.440,9999.000,9999.000,9999.000,9999.000,9999.000,9999.000,9999.000
202603030730,   2.735,   2.318,9999.000,9999.000,9999.000,9999.000,9999.000,9999.000,9999.000
202603030736,   2.617,   2.210,9999.000,9999.000,9999.000,9999.000,9999.000,9999.000,9999.000
202603030742,   2.500,   2.099,9999.000,9999.000,9999.000,9999.000,9999.000,9999.000,9999.000
202603030748,   2.384,   1.990,9999.000,9999.000,9999.000,9999.000,9999.000,9999.000,9999.000
202603030754,   2.268,   1.889,9999.000,9999.000,9999.000,9999.000,9999.000,9999.000,9999.000
202603030800,   2.154,   1.790,  -0.200,  -0.164,   1.790,  -0.200,   1.790,  -0.200,   1.790
202603030806,   2.040,   1.699,9999.000,9999.000,9999.000,9999.000,9999.000,9999.000,9999.000
202603030812,   1.928,   1.600,9999.000,9999.000,9999.000,9999.000,9999.000,9999.000,9999.000
202603030818,   1.816,   1.508,9999.000,9999.000,9999.000,9999.000,9999.000,9999.000,9999.000
202603030824,   1.706,   1.420,9999.000,9999.000,9999.000,9999.000,9999.000,9999.000,9999.000
202603030830,   1.597,   1.328,9999.000,9999.000,9999.000,9999.000,9999.000,9999.000,9999.000
202603030836,   1.488,   1.239,9999.000,9999.000,9999.000,9999.000,9999.000,9999.000,9999.000
202603030842,   1.381,   1.151,9999.000,9999.000,9999.000,9999.000,9999.000,9999.000,9999.000
202603030848,   1.275,   1.069,9999.000,9999.000,9999.000,9999.000,9999.000,9999.000,9999.000
202603030854,   1.170,   0.990,9999.000,9999.000,9999.000,9999.000,9999.000,9999.000,9999.000
202603030900,   1.066,   0.908,  -0.200,   0.042,   0.908,  -0.200,   0.908,  -0.200,   0.908
202603030906,   0.964,   0.839,9999.000,9999.000,9999.000,9999.000,9999.000,9999.000,9999.000
202603030912,   0.863,   0.760,9999.000,9999.000,9999.000,9999.000,9999.000,9999.000,9999.000
202603030918,   0.763,   0.688,9999.000,9999.000,9999.000,9999.000,9999.000,9999.000,9999.000
202603030924,   0.666,   0.619,9999.000,9999.000,9999.000,9999.000,9999.000,9999.000,9999.000
202603030930,   0.571,   0.560,9999.000,9999.000,9999.000,9999.000,9999.000,9999.000,9999.000
202603030936,   0.479,   0.488,9999.000,9999.000,9999.000,9999.000,9999.000,9999.000,9999.000
202603030942,   0.389,   0.429,9999.000,9999.000,9999.000,9999.000,9999.000,9999.000,9999.000
202603030948,   0.304,   0.370,9999.000,9999.000,9999.000,9999.000,9999.000,9999.000,9999.000
202603030954,   0.222,   0.308,9999.000,9999.000,9999.000,9999.000,9999.000,9999.000,9999.000
202603031000,   0.144,   0.249,  -0.200,   0.305,   0.249,  -0.200,   0.249,  -0.200,   0.249
202603031006,   0.071,   0.200,9999.000,9999.000,9999.000,9999.000,9999.000,9999.000,9999.000
202603031012,   0.004,   0.150,9999.000,9999.000,9999.000,9999.000,9999.000,9999.000,9999.000
202603031018,  -0.056,   0.088,9999.000,9999.000,9999.000,9999.000,9999.000,9999.000,9999.000
202603031024,  -0.111,   0.039,9999.000,9999.000,9999.000,9999.000,9999.000,9999.000,9999.000
202603031030,  -0.158,  -0.009,9999.000,9999.000,9999.000,9999.000,9999.000,9999.000,9999.000
202603031036,  -0.198,  -0.059,9999.000,9999.000,9999.000,9999.000,9999.000,9999.000,9999.000
202603031042,  -0.230,  -0.111,9999.000,9999.000,9999.000,9999.000,9999.000,9999.000,9999.000
202603031048,  -0.254,  -0.160,9999.000,9999.000,9999.000,9999.000,9999.000,9999.000,9999.000
202603031054,  -0.269,  -0.200,9999.000,9999.000,9999.000,9999.000,9999.000,9999.000,9999.000
202603031100,  -0.274,  -0.249,  -0.200,   0.225,  -0.249,  -0.200,  -0.249,  -0.200,  -0.249
202603031106,  -0.271,  -0.288,9999.000,9999.000,9999.000,9999.000,9999.000,9999.000,9999.000
202603031112,  -0.257,  -0.331,9999.000,9999.000,9999.000,9999.000,9999.000,9999.000,9999.000
202603031118,  -0.234,  -0.370,9999.000,9999.000,9999.000,9999.000,9999.000,9999.000,9999.000
202603031124,  -0.202,  -0.409,9999.000,9999.000,9999.000,9999.000,9999.000,9999.000,9999.000
202603031130,  -0.159,  -0.439,9999.000,9999.000,9999.000,9999.000,9999.000,9999.000,9999.000
202603031136,  -0.107,  -0.469,9999.000,9999.000,9999.000,9999.000,9999.000,9999.000,9999.000
202603031142,  -0.046,  -0.498,9999.000,9999.000,9999.000,9999.000,9999.000,9999.000,9999.000
202603031148,   0.023,  -0.518,9999.000,9999.000,9999.000,9999.000,9999.000,9999.000,9999.000
202603031154,   0.103,  -0.541,9999.000,9999.000,9999.000,9999.000,9999.000,9999.000,9999.000
202603031200,   0.191,  -0.541,  -0.100,  -0.632,  -0.541,  -0.100,  -0.541,   0.000,  -0.441
202603031206,   0.287,  -0.541,9999.000,9999.000,9999.000,9999.000,9999.000,9999.000,9999.000
202603031212,   0.390,  -0.508,9999.000,9999.000,9999.000,9999.000,9999.000,9999.000,9999.000
202603031218,   0.501,  -0.439,9999.000,9999.000,9999.000,9999.000,9999.000,9999.000,9999.000
202603031224,   0.619,  -0.331,9999.000,9999.000,9999.000,9999.000,9999.000,9999.000,9999.000
202603031230,   0.743,  -0.190,9999.000,9999.000,9999.000,9999.000,9999.000,9999.000,9999.000
202603031236,   0.872,   0.000,9999.000,9999.000,9999.000,9999.000,9999.000,9999.000,9999.000
202603031242,   1.007,   0.219,9999.000,9999.000,9999.000,9999.000,9999.000,9999.000,9999.000
202603031248,   1.146,   0.449,9999.000,9999.000,9999.000,9999.000,9999.000,9999.000,9999.000
202603031254,   1.290,   0.678,9999.000,9999.000,9999.000,9999.000,9999.000,9999.000,9999.000
202603031300,   1.437,   0.918,  -0.100,  -0.419,   0.918,  -0.100,   0.918,  -0.100,   0.918
202603031306,   1.588,   1.118,9999.000,9999.000,9999.000,9999.000,9999.000,9999.000,9999.000
202603031312,   1.741,   1.318,9999.000,9999.000,9999.000,9999.000,9999.000,9999.000,9999.000
202603031318,   1.896,   1.528,9999.000,9999.000,9999.000,9999.000,9999.000,9999.000,9999.000
202603031324,   2.053,   1.718,9999.000,9999.000,9999.000,9999.000,9999.000,9999.000,9999.000
202603031330,   2.212,   1.928,9999.000,9999.000,9999.000,9999.000,9999.000,9999.000,9999.000
202603031336,   2.371,   2.099,9999.000,9999.000,9999.000,9999.000,9999.000,9999.000,9999.000
202603031342,   2.531,   2.230,9999.000,9999.000,9999.000,9999.000,9999.000,9999.000,9999.000
202603031348,   2.692,   2.377,9999.000,9999.000,9999.000,9999.000,9999.000,9999.000,9999.000
202603031354,   2.852,   2.538,9999.000,9999.000,9999.000,9999.000,9999.000,9999.000,9999.000
202603031400,   3.012,   2.699,  -0.100,  -0.213,   2.699,  -0.100,   2.699,  -0.100,   2.699
202603031406,   3.170,   2.850,9999.000,9999.000,9999.000,9999.000,9999.000,9999.000,9999.000
202603031412,   3.328,   3.030,9999.000,9999.000,9999.000,9999.000,9999.000,9999.000,9999.000
202603031418,   3.484,   3.207,9999.000,9999.000,9999.000,9999.000,9999.000,9999.000,9999.000
202603031424,   3.638,   3.417,9999.000,9999.000,9999.000,9999.000,9999.000,9999.000,9999.000
202603031430,   3.789,   3.598,9999.000,9999.000,9999.000,9999.000,9999.000,9999.000,9999.000
202603031436,   3.938,   3.778,9999.000,9999.000,9999.000,9999.000,9999.000,9999.000,9999.000
202603031442,   4.083,   3.939,9999.000,9999.000,9999.000,9999.000,9999.000,9999.000,9999.000
202603031448,   4.225,   4.090,9999.000,9999.000,9999.000,9999.000,9999.000,9999.000,9999.000
202603031454,   4.363,   4.257,9999.000,9999.000,9999.000,9999.000,9999.000,9999.000,9999.000
202603031500,   4.497,   4.437,  -0.100,   0.040,   4.437,  -0.100,   4.437,  -0.100,   4.437
202603031506,   4.625,   4.588,9999.000,9999.000,9999.000,9999.000,9999.000,9999.000,9999.000
202603031512,   4.749,   4.729,9999.000,9999.000,9999.000,9999.000,9999.000,9999.000,9999.000
202603031518,   4.867,   4.837,9999.000,9999.000,9999.000,9999.000,9999.000,9999.000,9999.000
202603031524,   4.979,   4.919,9999.000,9999.000,9999.000,9999.000,9999.000,9999.000,9999.000
202603031530,   5.085,   5.038,9999.000,9999.000,9999.000,9999.000,9999.000,9999.000,9999.000
202603031536,   5.184,   5.110,9999.000,9999.000,9999.000,9999.000,9999.000,9999.000,9999.000
202603031542,   5.277,   5.218,9999.000,9999.000,9999.000,9999.000,9999.000,9999.000,9999.000
202603031548,   5.362,   5.329,9999.000,9999.000,9999.000,9999.000,9999.000,9999.000,9999.000
202603031554,   5.439,   5.428,9999.000,9999.000,9999.000,9999.000,9999.000,9999.000,9999.000
202603031600,   5.509,   5.507,  -0.100,   0.098,   5.507,  -0.100,   5.507,  -0.100,   5.507
202603031606,   5.572,   5.549,9999.000,9999.000,9999.000,9999.000,9999.000,9999.000,9999.000
202603031612,   5.626,   5.549,9999.000,9999.000,9999.000,9999.000,9999.000,9999.000,9999.000
202603031618,   5.672,   5.598,9999.000,9999.000,9999.000,9999.000,9999.000,9999.000,9999.000
202603031624,   5.710,   5.648,9999.000,9999.000,9999.000,9999.000,9999.000,9999.000,9999.000
202603031630,   5.739,   5.667,9999.000,9999.000,9999.000,9999.000,9999.000,9999.000,9999.000
202603031636,   5.761,   5.628,9999.000,9999.000,9999.000,9999.000,9999.000,9999.000,9999.000
202603031642,   5.774,   5.667,9999.000,9999.000,9999.000,9999.000,9999.000,9999.000,9999.000
202603031648,   5.779,   5.638,9999.000,9999.000,9999.000,9999.000,9999.000,9999.000,9999.000
202603031654,   5.776,   5.598,9999.000,9999.000,9999.000,9999.000,9999.000,9999.000,9999.000
202603031700,   5.766,   5.579,  -0.100,  -0.087,   5.579,  -0.100,   5.579,  -0.100,   5.579
202603031706,   5.747,   5.549,9999.000,9999.000,9999.000,9999.000,9999.000,9999.000,9999.000
202603031712,   5.721,   5.530,9999.000,9999.000,9999.000,9999.000,9999.000,9999.000,9999.000
202603031718,   5.687,   5.477,9999.000,9999.000,9999.000,9999.000,9999.000,9999.000,9999.000
202603031724,   5.646,   5.379,9999.000,9999.000,9999.000,9999.000,9999.000,9999.000,9999.000
202603031730,   5.598,   5.297,9999.000,9999.000,9999.000,9999.000,9999.000,9999.000,9999.000
202603031736,   5.543,   5.257,9999.000,9999.000,9999.000,9999.000,9999.000,9999.000,9999.000
202603031742,   5.482,   5.218,9999.000,9999.000,9999.000,9999.000,9999.000,9999.000,9999.000
202603031748,   5.414,   5.139,9999.000,9999.000,9999.000,9999.000,9999.000,9999.000,9999.000
202603031754,   5.340,   5.057,9999.000,9999.000,9999.000,9999.000,9999.000,9999.000,9999.000
202603031800,   5.261,   4.919,   0.000,  -0.342,   4.919,   0.000,   4.919,   0.000,   4.919
202603031806,   5.176,   4.837,9999.000,9999.000,9999.000,9999.000,9999.000,9999.000,9999.000
202603031812,   5.085,   4.690,9999.000,9999.000,9999.000,9999.000,9999.000,9999.000,9999.000
202603031818,   4.990,   4.529,9999.000,9999.000,9999.000,9999.000,9999.000,9999.000,9999.000
202603031824,   4.891,   4.427,9999.000,9999.000,9999.000,9999.000,9999.000,9999.000,9999.000
202603031830,   4.787,   4.418,9999.000,9999.000,9999.000,9999.000,9999.000,9999.000,9999.000
202603031836,   4.680,   4.339,9999.000,9999.000,9999.000,9999.000,9999.000,9999.000,9999.000
202603031842,   4.569,   4.227,9999.000,9999.000,9999.000,9999.000,9999.000,9999.000,9999.000
202603031848,   4.455,   4.168,9999.000,9999.000,9999.000,9999.000,9999.000,9999.000,9999.000
202603031854,   4.338,   3.958,9999.000,9999.000,9999.000,9999.000,9999.000,9999.000,9999.000
202603031900,   4.218,   3.847,   0.000,  -0.371,   3.847,   0.000,   3.847,   0.000,   3.847
202603031906,   4.096,   3.660,9999.000,9999.000,9999.000,9999.000,9999.000,9999.000,9999.000
202603031912,   3.973,   3.489,9999.000,9999.000,9999.000,9999.000,9999.000,9999.000,9999.000
202603031918,   3.848,   3.368,9999.000,9999.000,9999.000,9999.000,9999.000,9999.000,9999.000
202603031924,   3.722,   3.250,9999.000,9999.000,9999.000,9999.000,9999.000,9999.000,9999.000
202603031930,   3.595,   3.109,9999.000,9999.000,9999.000,9999.000,9999.000,9999.000,9999.000
202603031936,   3.467,   2.988,9999.000,9999.000,9999.000,9999.000,9999.000,9999.000,9999.000
202603031942,   3.339,   2.860,9999.000,9999.000,9999.000,9999.000,9999.000,9999.000,9999.000
202603031948,   3.211,   2.738,9999.000,9999.000,9999.000,9999.000,9999.000,9999.000,9999.000
202603031954,   3.082,   2.610,9999.000,9999.000,9999.000,9999.000,9999.000,9999.000,9999.000
202603032000,   2.954,   2.509,   0.000,  -0.445,   2.509,   0.000,   2.509,   0.000,   2.509
202603032006,   2.826,   2.387,9999.000,9999.000,9999.000,9999.000,9999.000,9999.000,9999.000
202603032012,   2.699,   2.279,9999.000,9999.000,9999.000,9999.000,9999.000,9999.000,9999.000
202603032018,   2.572,   2.177,9999.000,9999.000,9999.000,9999.000,9999.000,9999.000,9999.000
202603032024,   2.446,   2.079,9999.000,9999.000,9999.000,9999.000,9999.000,9999.000,9999.000
202603032030,   2.320,   1.981,9999.000,9999.000,9999.000,9999.000,9999.000,9999.000,9999.000
202603032036,   2.195,   1.879,9999.000,9999.000,9999.000,9999.000,9999.000,9999.000,9999.000
202603032042,   2.070,   1.790,9999.000,9999.000,9999.000,9999.000,9999.000,9999.000,9999.000
202603032048,   1.946,   1.699,9999.000,9999.000,9999.000,9999.000,9999.000,9999.000,9999.000
202603032054,   1.823,   1.610,9999.000,9999.000,9999.000,9999.000,9999.000,9999.000,9999.000
202603032100,   1.700,   1.518,   0.000,  -0.182,   1.518,   0.000,   1.518,   0.000,   1.518
202603032106,   1.578,   1.430,9999.000,9999.000,9999.000,9999.000,9999.000,9999.000,9999.000
202603032112,   1.457,   1.348,9999.000,9999.000,9999.000,9999.000,9999.000,9999.000,9999.000
202603032118,   1.336,   1.269,9999.000,9999.000,9999.000,9999.000,9999.000,9999.000,9999.000
202603032124,   1.217,   1.190,9999.000,9999.000,9999.000,9999.000,9999.000,9999.000,9999.000
202603032130,   1.098,   1.118,9999.000,9999.000,9999.000,9999.000,9999.000,9999.000,9999.000
202603032136,   0.980,   1.039,9999.000,9999.000,9999.000,9999.000,9999.000,9999.000,9999.000
202603032142,   0.864,   0.961,9999.000,9999.000,9999.000,9999.000,9999.000,9999.000,9999.000
202603032148,   0.749,   0.898,9999.000,9999.000,9999.000,9999.000,9999.000,9999.000,9999.000
202603032154,   0.637,   0.829,9999.000,9999.000,9999.000,9999.000,9999.000,9999.000,9999.000
202603032200,   0.526,   0.760,   0.000,   0.234,   0.760,   0.000,   0.760,   0.000,   0.760
202603032206,   0.419,   0.698,9999.000,9999.000,9999.000,9999.000,9999.000,9999.000,9999.000
202603032212,   0.315,   0.639,9999.000,9999.000,9999.000,9999.000,9999.000,9999.000,9999.000
202603032218,   0.214,   0.570,9999.000,9999.000,9999.000,9999.000,9999.000,9999.000,9999.000
202603032224,   0.118,   0.518,9999.000,9999.000,9999.000,9999.000,9999.000,9999.000,9999.000
202603032230,   0.026,   0.459,9999.000,9999.000,9999.000,9999.000,9999.000,9999.000,9999.000
202603032236,  -0.059,   0.390,9999.000,9999.000,9999.000,9999.000,9999.000,9999.000,9999.000
202603032242,  -0.139,   0.341,9999.000,9999.000,9999.000,9999.000,9999.000,9999.000,9999.000
202603032248,  -0.213,   0.278,9999.000,9999.000,9999.000,9999.000,9999.000,9999.000,9999.000
202603032254,  -0.279,   0.229,9999.000,9999.000,9999.000,9999.000,9999.000,9999.000,9999.000
202603032300,  -0.338,   0.180,   0.000,   0.518,   0.180,   0.000,   0.180,   0.000,   0.180
202603032306,  -0.389,   0.131,9999.000,9999.000,9999.000,9999.000,9999.000,9999.000,9999.000
202603032312,  -0.432,   0.078,9999.000,9999.000,9999.000,9999.000,9999.000,9999.000,9999.000
202603032318,  -0.465,   0.029,9999.000,9999.000,9999.000,9999.000,9999.000,9999.000,9999.000
202603032324,  -0.489,  -0.019,9999.000,9999.000,9999.000,9999.000,9999.000,9999.000,9999.000
202603032330,  -0.504,  -0.068,9999.000,9999.000,9999.000,9999.000,9999.000,9999.000,9999.000
202603032336,  -0.508,  -0.121,9999.000,9999.000,9999.000,9999.000,9999.000,9999.000,9999.000
202603032342,  -0.503,  -0.160,9999.000,9999.000,9999.000,9999.000,9999.000,9999.000,9999.000
202603032348,  -0.487,  -0.209,9999.000,9999.000,9999.000,9999.000,9999.000,9999.000,9999.000
202603032354,  -0.461,  -0.439,9999.000,9999.000,9999.000,9999.000,9999.000,9999.000,9999.000
202603040000,  -0.426,  -0.288,   0.000,   0.138,  -0.288,   0.000,  -0.288,   0.000,  -0.288
202603040006,  -0.380,  -0.331,9999.000,9999.000,9999.000,9999.000,9999.000,9999.000,9999.000
202603040012,  -0.325,  -0.360,9999.000,9999.000,9999.000,9999.000,9999.000,9999.000,9999.000
202603040018,  -0.260,  -0.390,9999.000,9999.000,9999.000,9999.000,9999.000,9999.000,9999.000
202603040024,  -0.186,  -0.419,9999.000,9999.000,9999.000,9999.000,9999.000,9999.000,9999.000
202603040030,  -0.103,  -0.439,9999.000,9999.000,9999.000,9999.000,9999.000,9999.000,9999.000
202603040036,  -0.012,  -0.439,9999.000,9999.000,9999.000,9999.000,9999.000,9999.000,9999.000
202603040042,   0.086,  -0.439,9999.000,9999.000,9999.000,9999.000,9999.000,9999.000,9999.000
202603040048,   0.193,  -0.419,9999.000,9999.000,9999.000,9999.000,9999.000,9999.000,9999.000
202603040054,   0.307,  -0.370,9999.000,9999.000,9999.000,9999.000,9999.000,9999.000,9999.000
202603040100,   0.427,  -0.288,   0.000,  -0.715,  -0.288,   0.000,  -0.288,   0.000,  -0.288
202603040106,   0.553,  -0.170,9999.000,9999.000,9999.000,9999.000,9999.000,9999.000,9999.000
202603040112,   0.684,  -0.019,9999.000,9999.000,9999.000,9999.000,9999.000,9999.000,9999.000
202603040118,   0.820,   0.160,9999.000,9999.000,9999.000,9999.000,9999.000,9999.000,9999.000
202603040124,   0.961,   0.390,9999.000,9999.000,9999.000,9999.000,9999.000,9999.000,9999.000
202603040130,   1.106,   0.639,9999.000,9999.000,9999.000,9999.000,9999.000,9999.000,9999.000
202603040136,   1.254,   0.859,9999.000,9999.000,9999.000,9999.000,9999.000,9999.000,9999.000
202603040142,   1.406,   1.118,9999.000,9999.000,9999.000,9999.000,9999.000,9999.000,9999.000
202603040148,   1.559,   1.380,9999.000,9999.000,9999.000,9999.000,9999.000,9999.000,9999.000
202603040154,   1.715,   1.580,9999.000,9999.000,9999.000,9999.000,9999.000,9999.000,9999.000
202603040200,   1.873,   1.800,   0.000,  -0.073,   1.800,   0.000,   1.800,   0.000,   1.800
202603040206,   2.032,   1.981,9999.000,9999.000,9999.000,9999.000,9999.000,9999.000,9999.000
202603040212,   2.191,   2.099,9999.000,9999.000,9999.000,9999.000,9999.000,9999.000,9999.000
202603040218,   2.351,   2.289,9999.000,9999.000,9999.000,9999.000,9999.000,9999.000,9999.000
202603040224,   2.512,   2.430,9999.000,9999.000,9999.000,9999.000,9999.000,9999.000,9999.000
202603040230,   2.671,   2.620,9999.000,9999.000,9999.000,9999.000,9999.000,9999.000,9999.000
202603040236,   2.831,   2.768,9999.000,9999.000,9999.000,9999.000,9999.000,9999.000,9999.000
202603040242,   2.988,   2.929,9999.000,9999.000,9999.000,9999.000,9999.000,9999.000,9999.000
202603040248,   3.145,   3.099,9999.000,9999.000,9999.000,9999.000,9999.000,9999.000,9999.000
202603040254,   3.299,   3.240,9999.000,9999.000,9999.000,9999.000,9999.000,9999.000,9999.000
202603040300,   3.451,   3.417,   0.000,  -0.034,   3.417,   0.000,   3.417,   0.000,   3.417
202603040306,   3.600,   3.558,9999.000,9999.000,9999.000,9999.000,9999.000,9999.000,9999.000
202603040312,   3.746,   3.768,9999.000,9999.000,9999.000,9999.000,9999.000,9999.000,9999.000
202603040318,   3.888,   3.890,9999.000,9999.000,9999.000,9999.000,9999.000,9999.000,9999.000
202603040324,   4.026,   4.070,9999.000,9999.000,9999.000,9999.000,9999.000,9999.000,9999.000
202603040330,   4.159,   4.218,9999.000,9999.000,9999.000,9999.000,9999.000,9999.000,9999.000
202603040336,   4.287,   4.349,9999.000,9999.000,9999.000,9999.000,9999.000,9999.000,9999.000
202603040342,   4.410,   4.490,9999.000,9999.000,9999.000,9999.000,9999.000,9999.000,9999.000
202603040348,   4.527,   4.549,9999.000,9999.000,9999.000,9999.000,9999.000,9999.000,9999.000
202603040354,   4.638,   4.690,9999.000,9999.000,9999.000,9999.000,9999.000,9999.000,9999.000
202603040400,   4.742,   4.798,   0.000,   0.056,   4.798,   0.000,   4.798,   0.100,   4.898
202603040406,   4.840,   4.900,9999.000,9999.000,9999.000,9999.000,9999.000,9999.000,9999.000
202603040412,   4.930,   5.018,9999.000,9999.000,9999.000,9999.000,9999.000,9999.000,9999.000
202603040418,   5.012,   5.087,9999.000,9999.000,9999.000,9999.000,9999.000,9999.000,9999.000
202603040424,   5.087,   5.139,9999.000,9999.000,9999.000,9999.000,9999.000,9999.000,9999.000
202603040430,   5.154,   5.169,9999.000,9999.000,9999.000,9999.000,9999.000,9999.000,9999.000
202603040436,   5.213,   5.208,9999.000,9999.000,9999.000,9999.000,9999.000,9999.000,9999.000
202603040442,   5.263,   5.267,9999.000,9999.000,9999.000,9999.000,9999.000,9999.000,9999.000
202603040448,   5.306,   5.287,9999.000,9999.000,9999.000,9999.000,9999.000,9999.000,9999.000
202603040454,   5.340,   5.297,9999.000,9999.000,9999.000,9999.000,9999.000,9999.000,9999.000
202603040500,   5.365,   5.339,   0.000,  -0.026,   5.339,   0.000,   5.339,   0.100,   5.439
202603040506,   5.382,   5.349,9999.000,9999.000,9999.000,9999.000,9999.000,9999.000,9999.000
202603040512,   5.391,   5.359,9999.000,9999.000,9999.000,9999.000,9999.000,9999.000,9999.000
202603040518,   5.392,   5.339,9999.000,9999.000,9999.000,9999.000,9999.000,9999.000,9999.000
202603040524,   5.385,   5.287,9999.000,9999.000,9999.000,9999.000,9999.000,9999.000,9999.000
202603040530,   5.369,   5.247,9999.000,9999.000,9999.000,9999.000,9999.000,9999.000,9999.000
202603040536,   5.346,   5.267,9999.000,9999.000,9999.000,9999.000,9999.000,9999.000,9999.000
202603040542,   5.316,   5.228,9999.000,9999.000,9999.000,9999.000,9999.000,9999.000,9999.000
202603040548,   5.278,   5.179,9999.000,9999.000,9999.000,9999.000,9999.000,9999.000,9999.000
202603040554,   5.232,   5.110,9999.000,9999.000,9999.000,9999.000,9999.000,9999.000,9999.000
202603040600,   5.180,   5.028,   0.000,  -0.152,   5.028,   0.000,   5.028,   0.100,   5.128
202603040606,   5.121,   4.929,9999.000,9999.000,9999.000,9999.000,9999.000,9999.000,9999.000
202603040612,   5.056,   4.847,9999.000,9999.000,9999.000,9999.000,9999.000,9999.000,9999.000
202603040618,   4.985,   4.818,9999.000,9999.000,9999.000,9999.000,9999.000,9999.000,9999.000
202603040624,   4.908,   4.749,9999.000,9999.000,9999.000,9999.000,9999.000,9999.000,9999.000
202603040630,   4.826,   4.647,9999.000,9999.000,9999.000,9999.000,9999.000,9999.000,9999.000
202603040636,   4.738,   4.549,9999.000,9999.000,9999.000,9999.000,9999.000,9999.000,9999.000
202603040642,   4.645,   4.490,9999.000,9999.000,9999.000,9999.000,9999.000,9999.000,9999.000
202603040648,   4.548,   4.378,9999.000,9999.000,9999.000,9999.000,9999.000,9999.000,9999.000
202603040654,   4.447,   4.280,9999.000,9999.000,9999.000,9999.000,9999.000,9999.000,9999.000
202603040700,   4.342,   4.188,   0.000,  -0.154,   4.188,   0.000,   4.188,   0.100,   4.288
202603040706,   4.233,   4.109,9999.000,9999.000,9999.000,9999.000,9999.000,9999.000,9999.000
202603040712,   4.122,   4.037,9999.000,9999.000,9999.000,9999.000,9999.000,9999.000,9999.000
202603040718,   4.007,   3.909,9999.000,9999.000,9999.000,9999.000,9999.000,9999.000,9999.000
202603040724,   3.890,   3.758,9999.000,9999.000,9999.000,9999.000,9999.000,9999.000,9999.000
202603040730,   3.772,   3.637,9999.000,9999.000,9999.000,9999.000,9999.000,9999.000,9999.000
202603040736,   3.651,   3.489,9999.000,9999.000,9999.000,9999.000,9999.000,9999.000,9999.000
202603040742,   3.529,   3.358,9999.000,9999.000,9999.000,9999.000,9999.000,9999.000,9999.000
202603040748,   3.406,   3.217,9999.000,9999.000,9999.000,9999.000,9999.000,9999.000,9999.000
202603040754,   3.283,   3.079,9999.000,9999.000,9999.000,9999.000,9999.000,9999.000,9999.000
202603040800,   3.159,   2.938,   0.000,  -0.221,   2.938,   0.000,   2.938,   0.000,   2.938
202603040806,   3.035,   2.820,9999.000,9999.000,9999.000,9999.000,9999.000,9999.000,9999.000
202603040812,   2.911,   2.689,9999.000,9999.000,9999.000,9999.000,9999.000,9999.000,9999.000
202603040818,   2.788,   2.578,9999.000,9999.000,9999.000,9999.000,9999.000,9999.000,9999.000
202603040824,   2.665,   2.459,9999.000,9999.000,9999.000,9999.000,9999.000,9999.000,9999.000
202603040830,   2.542,   2.348,9999.000,9999.000,9999.000,9999.000,9999.000,9999.000,9999.000
202603040836,   2.421,   2.240,9999.000,9999.000,9999.000,9999.000,9999.000,9999.000,9999.000
202603040842,   2.300,   2.138,9999.000,9999.000,9999.000,9999.000,9999.000,9999.000,9999.000
202603040848,   2.181,   2.040,9999.000,9999.000,9999.000,9999.000,9999.000,9999.000,9999.000
202603040854,   2.063,   1.938,9999.000,9999.000,9999.000,9999.000,9999.000,9999.000,9999.000
202603040900,   1.945,   1.840,   0.000,  -0.105,   1.840,   0.000,   1.840,   0.000,   1.840
202603040906,   1.829,   1.748,9999.000,9999.000,9999.000,9999.000,9999.000,9999.000,9999.000
202603040912,   1.714,   1.649,9999.000,9999.000,9999.000,9999.000,9999.000,9999.000,9999.000
202603040918,   1.601,   1.557,9999.000,9999.000,9999.000,9999.000,9999.000,9999.000,9999.000
202603040924,   1.488,   1.459,9999.000,9999.000,9999.000,9999.000,9999.000,9999.000,9999.000
202603040930,   1.377,   1.371,9999.000,9999.000,9999.000,9999.000,9999.000,9999.000,9999.000
202603040936,   1.267,   1.289,9999.000,9999.000,9999.000,9999.000,9999.000,9999.000,9999.000
202603040942,   1.158,   1.210,9999.000,9999.000,9999.000,9999.000,9999.000,9999.000,9999.000
202603040948,   1.051,   1.128,9999.000,9999.000,9999.000,9999.000,9999.000,9999.000,9999.000
202603040954,   0.945,   1.049,9999.000,9999.000,9999.000,9999.000,9999.000,9999.000,9999.000
202603041000,   0.841,   0.970,   0.000,   0.129,   0.970,   0.000,   0.970,   0.000,   0.970
202603041006,   0.739,   0.898,9999.000,9999.000,9999.000,9999.000,9999.000,9999.000,9999.000
202603041012,   0.639,   0.829,9999.000,9999.000,9999.000,9999.000,9999.000,9999.000,9999.000
202603041018,   0.541,   0.760,9999.000,9999.000,9999.000,9999.000,9999.000,9999.000,9999.000
202603041024,   0.446,   0.688,9999.000,9999.000,9999.000,9999.000,9999.000,9999.000,9999.000
202603041030,   0.355,   0.619,9999.000,9999.000,9999.000,9999.000,9999.000,9999.000,9999.000
202603041036,   0.266,   0.560,9999.000,9999.000,9999.000,9999.000,9999.000,9999.000,9999.000
202603041042,   0.182,   0.498,9999.000,9999.000,9999.000,9999.000,9999.000,9999.000,9999.000
202603041048,   0.103,   0.439,9999.000,9999.000,9999.000,9999.000,9999.000,9999.000,9999.000
202603041054,   0.028,   0.380,9999.000,9999.000,9999.000,9999.000,9999.000,9999.000,9999.000
202603041100,  -0.040,   0.321,   0.000,   0.361,   0.321,   0.000,   0.321,   0.000,   0.321
202603041106,  -0.103,   0.268,9999.000,9999.000,9999.000,9999.000,9999.000,9999.000,9999.000
202603041112,  -0.160,   0.219,9999.000,9999.000,9999.000,9999.000,9999.000,9999.000,9999.000
202603041118,  -0.209,   0.160,9999.000,9999.000,9999.000,9999.000,9999.000,9999.000,9999.000
202603041124,  -0.251,   0.111,9999.000,9999.000,9999.000,9999.000,9999.000,9999.000,9999.000
202603041130,  -0.285,   0.059,9999.000,9999.000,9999.000,9999.000,9999.000,9999.000,9999.000
202603041136,  -0.311,   0.009,9999.000,9999.000,9999.000,9999.000,9999.000,9999.000,9999.000
202603041142,  -0.327,  -0.039,9999.000,9999.000,9999.000,9999.000,9999.000,9999.000,9999.000
202603041148,  -0.335,  -0.078,9999.000,9999.000,9999.000,9999.000,9999.000,9999.000,9999.000
202603041154,  -0.333,  -0.131,9999.000,9999.000,9999.000,9999.000,9999.000,9999.000,9999.000
202603041200,  -0.321,  -0.170,   0.000,   0.151,  -0.170,   0.000,  -0.170,   0.000,  -0.170
202603041206,  -0.300,  -0.209,9999.000,9999.000,9999.000,9999.000,9999.000,9999.000,9999.000
202603041212,  -0.269,  -0.259,9999.000,9999.000,9999.000,9999.000,9999.000,9999.000,9999.000
202603041218,  -0.228,  -0.288,9999.000,9999.000,9999.000,9999.000,9999.000,9999.000,9999.000
202603041224,  -0.178,  -0.331,9999.000,9999.000,9999.000,9999.000,9999.000,9999.000,9999.000
202603041230,  -0.118,  -0.350,9999.000,9999.000,9999.000,9999.000,9999.000,9999.000,9999.000
202603041236,  -0.048,  -0.370,9999.000,9999.000,9999.000,9999.000,9999.000,9999.000,9999.000
202603041242,   0.029,  -0.390,9999.000,9999.000,9999.000,9999.000,9999.000,9999.000,9999.000
202603041248,   0.116,  -0.400,9999.000,9999.000,9999.000,9999.000,9999.000,9999.000,9999.000
202603041254,   0.211,  -0.390,9999.000,9999.000,9999.000,9999.000,9999.000,9999.000,9999.000
202603041300,   0.314,  -0.370,   0.000,  -0.684,  -0.370,   0.000,  -0.370,   0.000,  -0.370
202603041306,   0.425,  -0.341,9999.000,9999.000,9999.000,9999.000,9999.000,9999.000,9999.000
202603041312,   0.542,  -0.268,9999.000,9999.000,9999.000,9999.000,9999.000,9999.000,9999.000
202603041318,   0.666,  -0.170,9999.000,9999.000,9999.000,9999.000,9999.000,9999.000,9999.000
202603041324,   0.795,  -0.029,9999.000,9999.000,9999.000,9999.000,9999.000,9999.000,9999.000
202603041330,   0.930,   0.190,9999.000,9999.000,9999.000,9999.000,9999.000,9999.000,9999.000
202603041336,   1.070,   0.459,9999.000,9999.000,9999.000,9999.000,9999.000,9999.000,9999.000
202603041342,   1.214,   0.678,9999.000,9999.000,9999.000,9999.000,9999.000,9999.000,9999.000
202603041348,   1.362,   0.908,9999.000,9999.000,9999.000,9999.000,9999.000,9999.000,9999.000
202603041354,   1.513,   1.098,9999.000,9999.000,9999.000,9999.000,9999.000,9999.000,9999.000
202603041400,   1.667,   1.279,   0.000,  -0.388,   1.279,   0.000,   1.279,   0.000,   1.279
202603041406,   1.823,   1.469,9999.000,9999.000,9999.000,9999.000,9999.000,9999.000,9999.000
202603041412,   1.981,   1.620,9999.000,9999.000,9999.000,9999.000,9999.000,9999.000,9999.000
202603041418,   2.140,   1.800,9999.000,9999.000,9999.000,9999.000,9999.000,9999.000,9999.000
202603041424,   2.301,   1.938,9999.000,9999.000,9999.000,9999.000,9999.000,9999.000,9999.000
202603041430,   2.461,   2.099,9999.000,9999.000,9999.000,9999.000,9999.000,9999.000,9999.000
202603041436,   2.622,   2.250,9999.000,9999.000,9999.000,9999.000,9999.000,9999.000,9999.000
202603041442,   2.783,   2.430,9999.000,9999.000,9999.000,9999.000,9999.000,9999.000,9999.000
202603041448,   2.943,   2.528,9999.000,9999.000,9999.000,9999.000,9999.000,9999.000,9999.000
202603041454,   3.103,   2.738,9999.000,9999.000,9999.000,9999.000,9999.000,9999.000,9999.000
202603041500,   3.260,   2.938,   0.000,  -0.322,   2.938,   0.000,   2.938,   0.000,   2.938
202603041506,   3.416,   3.099,9999.000,9999.000,9999.000,9999.000,9999.000,9999.000,9999.000
202603041512,   3.570,   3.289,9999.000,9999.000,9999.000,9999.000,9999.000,9999.000,9999.000
202603041518,   3.721,   3.450,9999.000,9999.000,9999.000,9999.000,9999.000,9999.000,9999.000
202603041524,   3.870,   3.627,9999.000,9999.000,9999.000,9999.000,9999.000,9999.000,9999.000
202603041530,   4.015,   3.749,9999.000,9999.000,9999.000,9999.000,9999.000,9999.000,9999.000
202603041536,   4.156,   3.909,9999.000,9999.000,9999.000,9999.000,9999.000,9999.000,9999.000
202603041542,   4.293,   4.080,9999.000,9999.000,9999.000,9999.000,9999.000,9999.000,9999.000
202603041548,   4.425,   4.198,9999.000,9999.000,9999.000,9999.000,9999.000,9999.000,9999.000
202603041554,   4.552,   4.329,9999.000,9999.000,9999.000,9999.000,9999.000,9999.000,9999.000
202603041600,   4.674,   4.467,   0.000,  -0.207,   4.467,   0.000,   4.467,   0.000,   4.467
202603041606,   4.791,   4.559,9999.000,9999.000,9999.000,9999.000,9999.000,9999.000,9999.000
202603041612,   4.901,   4.690,9999.000,9999.000,9999.000,9999.000,9999.000,9999.000,9999.000
202603041618,   5.004,   4.867,9999.000,9999.000,9999.000,9999.000,9999.000,9999.000,9999.000
202603041624,   5.101,   4.979,9999.000,9999.000,9999.000,9999.000,9999.000,9999.000,9999.000
202603041630,   5.191,   5.097,9999.000,9999.000,9999.000,9999.000,9999.000,9999.000,9999.000
202603041636,   5.274,   5.208,9999.000,9999.000,9999.000,9999.000,9999.000,9999.000,9999.000
202603041642,   5.349,   5.267,9999.000,9999.000,9999.000,9999.000,9999.000,9999.000,9999.000
202603041648,   5.416,   5.320,9999.000,9999.000,9999.000,9999.000,9999.000,9999.000,9999.000
202603041654,   5.475,   5.398,9999.000,9999.000,9999.000,9999.000,9999.000,9999.000,9999.000
202603041700,   5.527,   5.418,   0.000,  -0.109,   5.418,   0.000,   5.418,   0.000,   5.418
202603041706,   5.570,   5.448,9999.000,9999.000,9999.000,9999.000,9999.000,9999.000,9999.000
202603041712,   5.605,   5.428,9999.000,9999.000,9999.000,9999.000,9999.000,9999.000,9999.000
202603041718,   5.631,   5.438,9999.000,9999.000,9999.000,9999.000,9999.000,9999.000,9999.000
202603041724,   5.650,   5.448,9999.000,9999.000,9999.000,9999.000,9999.000,9999.000,9999.000
202603041730,   5.660,   5.428,9999.000,9999.000,9999.000,9999.000,9999.000,9999.000,9999.000
202603041736,   5.662,   5.438,9999.000,9999.000,9999.000,9999.000,9999.000,9999.000,9999.000
202603041742,   5.656,   5.408,9999.000,9999.000,9999.000,9999.000,9999.000,9999.000,9999.000
202603041748,   5.642,   5.389,9999.000,9999.000,9999.000,9999.000,9999.000,9999.000,9999.000
202603041754,   5.621,   5.389,9999.000,9999.000,9999.000,9999.000,9999.000,9999.000,9999.000
202603041800,   5.592,   5.349,   0.000,  -0.243,   5.349,   0.000,   5.349,   0.000,   5.349
202603041806,   5.556,   5.339,9999.000,9999.000,9999.000,9999.000,9999.000,9999.000,9999.000
202603041812,   5.512,   5.307,9999.000,9999.000,9999.000,9999.000,9999.000,9999.000,9999.000
202603041818,   5.462,   5.208,9999.000,9999.000,9999.000,9999.000,9999.000,9999.000,9999.000
202603041824,   5.404,   5.047,9999.000,9999.000,9999.000,9999.000,9999.000,9999.000,9999.000
202603041830,   5.341,   4.939,9999.000,9999.000,9999.000,9999.000,9999.000,9999.000,9999.000
202603041836,   5.271,   4.877,9999.000,9999.000,9999.000,9999.000,9999.000,9999.000,9999.000
202603041842,   5.195,   4.808,9999.000,9999.000,9999.000,9999.000,9999.000,9999.000,9999.000
202603041848,   5.114,   4.778,9999.000,9999.000,9999.000,9999.000,9999.000,9999.000,9999.000
202603041854,   5.027,   4.769,9999.000,9999.000,9999.000,9999.000,9999.000,9999.000,9999.000
202603041900,   4.935,   4.667,   0.000,  -0.268,   4.667,   0.000,   4.667,   0.000,   4.667
202603041906,   4.838,   4.598,9999.000,9999.000,9999.000,9999.000,9999.000,9999.000,9999.000
202603041912,   4.737,   4.519,9999.000,9999.000,9999.000,9999.000,9999.000,9999.000,9999.000
202603041918,   4.632,   4.398,9999.000,9999.000,9999.000,9999.000,9999.000,9999.000,9999.000
202603041924,   4.523,   4.290,9999.000,9999.000,9999.000,9999.000,9999.000,9999.000,9999.000
202603041930,   4.411,   4.149,9999.000,9999.000,9999.000,9999.000,9999.000,9999.000,9999.000
202603041936,   4.295,   4.037,9999.000,9999.000,9999.000,9999.000,9999.000,9999.000,9999.000
202603041942,   4.177,   3.909,9999.000,9999.000,9999.000,9999.000,9999.000,9999.000,9999.000
202603041948,   4.056,   3.768,9999.000,9999.000,9999.000,9999.000,9999.000,9999.000,9999.000
202603041954,   3.933,   3.627,9999.000,9999.000,9999.000,9999.000,9999.000,9999.000,9999.000
202603042000,   3.808,   3.470,   0.000,  -0.338,   3.470,   0.000,   3.470,   0.000,   3.470
202603042006,   3.682,   3.339,9999.000,9999.000,9999.000,9999.000,9999.000,9999.000,9999.000
202603042012,   3.555,   3.207,9999.000,9999.000,9999.000,9999.000,9999.000,9999.000,9999.000
202603042018,   3.427,   3.079,9999.000,9999.000,9999.000,9999.000,9999.000,9999.000,9999.000
202603042024,   3.298,   2.968,9999.000,9999.000,9999.000,9999.000,9999.000,9999.000,9999.000
202603042030,   3.169,   2.840,9999.000,9999.000,9999.000,9999.000,9999.000,9999.000,9999.000
202603042036,   3.040,   2.728,9999.000,9999.000,9999.000,9999.000,9999.000,9999.000,9999.000
202603042042,   2.912,   2.610,9999.000,9999.000,9999.000,9999.000,9999.000,9999.000,9999.000
202603042048,   2.783,   2.509,9999.000,9999.000,9999.000,9999.000,9999.000,9999.000,9999.000
202603042054,   2.656,   2.387,9999.000,9999.000,9999.000,9999.000,9999.000,9999.000,9999.000
202603042100,   2.529,   2.279,   0.000,  -0.250,   2.279,   0.000,   2.279,   0.100,   2.379
202603042106,   2.403,   2.168,9999.000,9999.000,9999.000,9999.000,9999.000,9999.000,9999.000
202603042112,   2.277,   2.059,9999.000,9999.000,9999.000,9999.000,9999.000,9999.000,9999.000
202603042118,   2.153,   1.958,9999.000,9999.000,9999.000,9999.000,9999.000,9999.000,9999.000
202603042124,   2.030,   1.859,9999.000,9999.000,9999.000,9999.000,9999.000,9999.000,9999.000
202603042130,   1.908,   1.767,9999.000,9999.000,9999.000,9999.000,9999.000,9999.000,9999.000
202603042136,   1.788,   1.679,9999.000,9999.000,9999.000,9999.000,9999.000,9999.000,9999.000
202603042142,   1.668,   1.590,9999.000,9999.000,9999.000,9999.000,9999.000,9999.000,9999.000
202603042148,   1.549,   1.498,9999.000,9999.000,9999.000,9999.000,9999.000,9999.000,9999.000
202603042154,   1.432,   1.420,9999.000,9999.000,9999.000,9999.000,9999.000,9999.000,9999.000
202603042200,   1.316,   1.338,   0.100,  -0.078,   1.338,   0.000,   1.238,   0.100,   1.338
202603042206,   1.202,   1.249,9999.000,9999.000,9999.000,9999.000,9999.000,9999.000,9999.000
202603042212,   1.088,   1.170,9999.000,9999.000,9999.000,9999.000,9999.000,9999.000,9999.000
202603042218,   0.977,   1.088,9999.000,9999.000,9999.000,9999.000,9999.000,9999.000,9999.000
202603042224,   0.867,   1.010,9999.000,9999.000,9999.000,9999.000,9999.000,9999.000,9999.000
202603042230,   0.759,   0.941,9999.000,9999.000,9999.000,9999.000,9999.000,9999.000,9999.000
202603042236,   0.653,   0.859,9999.000,9999.000,9999.000,9999.000,9999.000,9999.000,9999.000
202603042242,   0.550,   0.790,9999.000,9999.000,9999.000,9999.000,9999.000,9999.000,9999.000
202603042248,   0.449,   0.718,9999.000,9999.000,9999.000,9999.000,9999.000,9999.000,9999.000
202603042254,   0.352,   0.649,9999.000,9999.000,9999.000,9999.000,9999.000,9999.000,9999.000
202603042300,   0.258,   0.590,   0.100,   0.232,   0.590,   0.000,   0.490,   0.100,   0.590
202603042306,   0.168,   0.531,9999.000,9999.000,9999.000,9999.000,9999.000,9999.000,9999.000
202603042312,   0.083,   0.469,9999.000,9999.000,9999.000,9999.000,9999.000,9999.000,9999.000
202603042318,   0.002,   0.409,9999.000,9999.000,9999.000,9999.000,9999.000,9999.000,9999.000
202603042324,  -0.072,   0.350,9999.000,9999.000,9999.000,9999.000,9999.000,9999.000,9999.000
202603042330,  -0.140,   0.298,9999.000,9999.000,9999.000,9999.000,9999.000,9999.000,9999.000
202603042336,  -0.202,   0.239,9999.000,9999.000,9999.000,9999.000,9999.000,9999.000,9999.000
202603042342,  -0.257,   0.190,9999.000,9999.000,9999.000,9999.000,9999.000,9999.000,9999.000
202603042348,  -0.305,   0.141,9999.000,9999.000,9999.000,9999.000,9999.000,9999.000,9999.000
202603042354,  -0.344,   0.088,9999.000,9999.000,9999.000,9999.000,9999.000,9999.000,9999.000
202603050000,  -0.375,   0.039,   0.100,   0.314,   0.039,   0.000,  -0.061,   0.100,   0.039
202603050006,  -0.397,   0.000,9999.000,9999.000,9999.000,9999.000,9999.000,9999.000,9999.000
202603050012,  -0.409,  -0.049,9999.000,9999.000,9999.000,9999.000,9999.000,9999.000,9999.000
202603050018,  -0.412,  -0.088,9999.000,9999.000,9999.000,9999.000,9999.000,9999.000,9999.000
202603050024,  -0.406,  -0.131,9999.000,9999.000,9999.000,9999.000,9999.000,9999.000,9999.000
202603050030,  -0.389,  -0.170,9999.000,9999.000,9999.000,9999.000,9999.000,9999.000,9999.000
202603050036,  -0.362,  -0.209,9999.000,9999.000,9999.000,9999.000,9999.000,9999.000,9999.000
202603050042,  -0.326,  -0.239,9999.000,9999.000,9999.000,9999.000,9999.000,9999.000,9999.000
202603050048,  -0.280,  -0.268,9999.000,9999.000,9999.000,9999.000,9999.000,9999.000,9999.000
202603050054,  -0.224,  -0.298,9999.000,9999.000,9999.000,9999.000,9999.000,9999.000,9999.000
202603050100,  -0.158,  -0.321,   0.100,  -0.263,  -0.321,   0.000,  -0.421,   0.100,  -0.321
202603050106,  -0.083,  -0.331,9999.000,9999.000,9999.000,9999.000,9999.000,9999.000,9999.000
202603050112,   0.000,  -0.341,9999.000,9999.000,9999.000,9999.000,9999.000,9999.000,9999.000
202603050118,   0.092,  -0.321,9999.000,9999.000,9999.000,9999.000,9999.000,9999.000,9999.000
202603050124,   0.192,  -0.288,9999.000,9999.000,9999.000,9999.000,9999.000,9999.000,9999.000
202603050130,   0.300,  -0.239,9999.000,9999.000,9999.000,9999.000,9999.000,9999.000,9999.000
202603050136,   0.416,  -0.160,9999.000,9999.000,9999.000,9999.000,9999.000,9999.000,9999.000
202603050142,   0.538,  -0.049,9999.000,9999.000,9999.000,9999.000,9999.000,9999.000,9999.000
202603050148,   0.665,   0.111,9999.000,9999.000,9999.000,9999.000,9999.000,9999.000,9999.000
202603050154,   0.799,   0.308,9999.000,9999.000,9999.000,9999.000,9999.000,9999.000,9999.000
202603050200,   0.937,   0.541,   0.100,  -0.496,   0.541,   0.000,   0.441,   0.100,   0.541
202603050206,   1.080,   0.790,9999.000,9999.000,9999.000,9999.000,9999.000,9999.000,9999.000
202603050212,   1.227,   1.029,9999.000,9999.000,9999.000,9999.000,9999.000,9999.000,9999.000
202603050218,   1.378,   1.249,9999.000,9999.000,9999.000,9999.000,9999.000,9999.000,9999.000
202603050224,   1.531,   1.469,9999.000,9999.000,9999.000,9999.000,9999.000,9999.000,9999.000
202603050230,   1.686,   1.649,9999.000,9999.000,9999.000,9999.000,9999.000,9999.000,9999.000
202603050236,   1.844,   1.790,9999.000,9999.000,9999.000,9999.000,9999.000,9999.000,9999.000
202603050242,   2.003,   1.958,9999.000,9999.000,9999.000,9999.000,9999.000,9999.000,9999.000
202603050248,   2.163,   2.109,9999.000,9999.000,9999.000,9999.000,9999.000,9999.000,9999.000
202603050254,   2.323,   2.230,9999.000,9999.000,9999.000,9999.000,9999.000,9999.000,9999.000
202603050300,   2.484,   2.368,   0.000,  -0.116,   2.368,   0.000,   2.368,   0.100,   2.468
202603050306,   2.645,   2.578,9999.000,9999.000,9999.000,9999.000,9999.000,9999.000,9999.000
202603050312,   2.804,   2.758,9999.000,9999.000,9999.000,9999.000,9999.000,9999.000,9999.000
202603050318,   2.963,   2.919,9999.000,9999.000,9999.000,9999.000,9999.000,9999.000,9999.000
202603050324,   3.121,   3.119,9999.000,9999.000,9999.000,9999.000,9999.000,9999.000,9999.000
202603050330,   3.276,   3.250,9999.000,9999.000,9999.000,9999.000,9999.000,9999.000,9999.000
202603050336,   3.429,   3.368,9999.000,9999.000,9999.000,9999.000,9999.000,9999.000,9999.000
202603050342,   3.580,   3.539,9999.000,9999.000,9999.000,9999.000,9999.000,9999.000,9999.000
202603050348,   3.727,   3.709,9999.000,9999.000,9999.000,9999.000,9999.000,9999.000,9999.000
202603050354,   3.871,   3.860,9999.000,9999.000,9999.000,9999.000,9999.000,9999.000,9999.000
202603050400,   4.011,   4.027,   0.000,   0.016,   4.027,   0.000,   4.027,   0.100,   4.127
202603050406,   4.147,   4.159,9999.000,9999.000,9999.000,9999.000,9999.000,9999.000,9999.000
202603050412,   4.278,   4.319,9999.000,9999.000,9999.000,9999.000,9999.000,9999.000,9999.000
202603050418,   4.404,   4.447,9999.000,9999.000,9999.000,9999.000,9999.000,9999.000,9999.000
202603050424,   4.525,   4.569,9999.000,9999.000,9999.000,9999.000,9999.000,9999.000,9999.000
202603050430,   4.640,   4.677,9999.000,9999.000,9999.000,9999.000,9999.000,9999.000,9999.000
202603050436,   4.749,   4.769,9999.000,9999.000,9999.000,9999.000,9999.000,9999.000,9999.000
202603050442,   4.851,   4.867,9999.000,9999.000,9999.000,9999.000,9999.000,9999.000,9999.000
202603050448,   4.947,   4.939,9999.000,9999.000,9999.000,9999.000,9999.000,9999.000,9999.000
202603050454,   5.035,   5.018,9999.000,9999.000,9999.000,9999.000,9999.000,9999.000,9999.000
202603050500,   5.116,   5.120,   0.000,   0.004,   5.120,   0.000,   5.120,   0.100,   5.220
202603050506,   5.190,   5.188,9999.000,9999.000,9999.000,9999.000,9999.000,9999.000,9999.000
202603050512,   5.255,   5.228,9999.000,9999.000,9999.000,9999.000,9999.000,9999.000,9999.000
202603050518,   5.313,   5.297,9999.000,9999.000,9999.000,9999.000,9999.000,9999.000,9999.000
202603050524,   5.363,   5.320,9999.000,9999.000,9999.000,9999.000,9999.000,9999.000,9999.000
202603050530,   5.404,   5.329,9999.000,9999.000,9999.000,9999.000,9999.000,9999.000,9999.000
202603050536,   5.438,   5.359,9999.000,9999.000,9999.000,9999.000,9999.000,9999.000,9999.000
202603050542,   5.463,   5.379,9999.000,9999.000,9999.000,9999.000,9999.000,9999.000,9999.000
202603050548,   5.480,   5.408,9999.000,9999.000,9999.000,9999.000,9999.000,9999.000,9999.000
202603050554,   5.489,   5.408,9999.000,9999.000,9999.000,9999.000,9999.000,9999.000,9999.000
202603050600,   5.490,   5.408,   0.000,  -0.082,   5.408,   0.000,   5.408,   0.100,   5.508
202603050606,   5.483,   5.389,9999.000,9999.000,9999.000,9999.000,9999.000,9999.000,9999.000
202603050612,   5.468,   5.398,9999.000,9999.000,9999.000,9999.000,9999.000,9999.000,9999.000
202603050618,   5.445,   5.389,9999.000,9999.000,9999.000,9999.000,9999.000,9999.000,9999.000
202603050624,   5.415,   5.329,9999.000,9999.000,9999.000,9999.000,9999.000,9999.000,9999.000
202603050630,   5.378,   5.297,9999.000,9999.000,9999.000,9999.000,9999.000,9999.000,9999.000
202603050636,   5.334,   5.218,9999.000,9999.000,9999.000,9999.000,9999.000,9999.000,9999.000
202603050642,   5.283,   5.149,9999.000,9999.000,9999.000,9999.000,9999.000,9999.000,9999.000
202603050648,   5.225,   5.057,9999.000,9999.000,9999.000,9999.000,9999.000,9999.000,9999.000
202603050654,   5.160,   4.969,9999.000,9999.000,9999.000,9999.000,9999.000,9999.000,9999.000
202603050700,   5.090,   4.887,   0.100,  -0.303,   4.887,   0.000,   4.787,   0.100,   4.887
202603050706,   5.014,   4.867,9999.000,9999.000,9999.000,9999.000,9999.000,9999.000,9999.000
202603050712,   4.932,   4.818,9999.000,9999.000,9999.000,9999.000,9999.000,9999.000,9999.000
202603050718,   4.845,   4.739,9999.000,9999.000,9999.000,9999.000,9999.000,9999.000,9999.000
202603050724,   4.753,   4.628,9999.000,9999.000,9999.000,9999.000,9999.000,9999.000,9999.000
202603050730,   4.656,   4.519,9999.000,9999.000,9999.000,9999.000,9999.000,9999.000,9999.000
202603050736,   4.555,   4.408,9999.000,9999.000,9999.000,9999.000,9999.000,9999.000,9999.000
202603050742,   4.450,   4.300,9999.000,9999.000,9999.000,9999.000,9999.000,9999.000,9999.000
202603050748,   4.341,   4.198,9999.000,9999.000,9999.000,9999.000,9999.000,9999.000,9999.000
202603050754,   4.228,   4.080,9999.000,9999.000,9999.000,9999.000,9999.000,9999.000,9999.000
202603050800,   4.113,   3.978,   0.100,  -0.235,   3.978,   0.000,   3.878,   0.100,   3.978
202603050806,   3.995,   3.827,9999.000,9999.000,9999.000,9999.000,9999.000,9999.000,9999.000
202603050812,   3.874,   3.680,9999.000,9999.000,9999.000,9999.000,9999.000,9999.000,9999.000
202603050818,   3.752,   3.568,9999.000,9999.000,9999.000,9999.000,9999.000,9999.000,9999.000
202603050824,   3.628,   3.427,9999.000,9999.000,9999.000,9999.000,9999.000,9999.000,9999.000
202603050830,   3.503,   3.299,9999.000,9999.000,9999.000,9999.000,9999.000,9999.000,9999.000
202603050836,   3.376,   3.178,9999.000,9999.000,9999.000,9999.000,9999.000,9999.000,9999.000
202603050842,   3.249,   3.060,9999.000,9999.000,9999.000,9999.000,9999.000,9999.000,9999.000
202603050848,   3.122,   2.938,9999.000,9999.000,9999.000,9999.000,9999.000,9999.000,9999.000
202603050854,   2.995,   2.807,9999.000,9999.000,9999.000,9999.000,9999.000,9999.000,9999.000
202603050900,   2.868,   2.689,   0.100,  -0.279,   2.689,   0.000,   2.589,   0.100,   2.689
202603050906,   2.741,   2.568,9999.000,9999.000,9999.000,9999.000,9999.000,9999.000,9999.000
202603050912,   2.616,   2.450,9999.000,9999.000,9999.000,9999.000,9999.000,9999.000,9999.000
202603050918,   2.491,   2.338,9999.000,9999.000,9999.000,9999.000,9999.000,9999.000,9999.000
202603050924,   2.367,   2.230,9999.000,9999.000,9999.000,9999.000,9999.000,9999.000,9999.000
202603050930,   2.244,   2.138,9999.000,9999.000,9999.000,9999.000,9999.000,9999.000,9999.000
202603050936,   2.123,   2.040,9999.000,9999.000,9999.000,9999.000,9999.000,9999.000,9999.000
202603050942,   2.003,   1.938,9999.000,9999.000,9999.000,9999.000,9999.000,9999.000,9999.000
202603050948,   1.884,   1.840,9999.000,9999.000,9999.000,9999.000,9999.000,9999.000,9999.000
202603050954,   1.767,   1.748,9999.000,9999.000,9999.000,9999.000,9999.000,9999.000,9999.000
202603051000,   1.651,   1.649,   0.100,  -0.102,   1.649,   0.000,   1.549,   0.200,   1.749
202603051006,   1.537,   1.557,9999.000,9999.000,9999.000,9999.000,9999.000,9999.000,9999.000
202603051012,   1.425,   1.479,9999.000,9999.000,9999.000,9999.000,9999.000,9999.000,9999.000
202603051018,   1.314,   1.390,9999.000,9999.000,9999.000,9999.000,9999.000,9999.000,9999.000
202603051024,   1.205,   1.298,9999.000,9999.000,9999.000,9999.000,9999.000,9999.000,9999.000
202603051030,   1.097,   1.220,9999.000,9999.000,9999.000,9999.000,9999.000,9999.000,9999.000
202603051036,   0.991,   1.138,9999.000,9999.000,9999.000,9999.000,9999.000,9999.000,9999.000
202603051042,   0.887,   1.059,9999.000,9999.000,9999.000,9999.000,9999.000,9999.000,9999.000
202603051048,   0.785,   0.990,9999.000,9999.000,9999.000,9999.000,9999.000,9999.000,9999.000
202603051054,   0.685,   0.918,9999.000,9999.000,9999.000,9999.000,9999.000,9999.000,9999.000
202603051100,   0.588,   0.849,   0.100,   0.161,   0.849,   0.000,   0.749,   0.200,   0.949
202603051106,   0.493,   0.770,9999.000,9999.000,9999.000,9999.000,9999.000,9999.000,9999.000
202603051112,   0.401,   0.708,9999.000,9999.000,9999.000,9999.000,9999.000,9999.000,9999.000
202603051118,   0.312,   0.639,9999.000,9999.000,9999.000,9999.000,9999.000,9999.000,9999.000
202603051124,   0.227,   0.570,9999.000,9999.000,9999.000,9999.000,9999.000,9999.000,9999.000
202603051130,   0.146,   0.508,9999.000,9999.000,9999.000,9999.000,9999.000,9999.000,9999.000
202603051136,   0.070,   0.459,9999.000,9999.000,9999.000,9999.000,9999.000,9999.000,9999.000
202603051142,  -0.001,   0.400,9999.000,9999.000,9999.000,9999.000,9999.000,9999.000,9999.000
202603051148,  -0.067,   0.341,9999.000,9999.000,9999.000,9999.000,9999.000,9999.000,9999.000
202603051154,  -0.127,   0.278,9999.000,9999.000,9999.000,9999.000,9999.000,9999.000,9999.000
202603051200,  -0.181,   0.229,   0.200,   0.210,   0.229,   0.100,   0.129,   0.200,   0.229
202603051206,  -0.228,   0.180,9999.000,9999.000,9999.000,9999.000,9999.000,9999.000,9999.000
202603051212,  -0.267,   0.121,9999.000,9999.000,9999.000,9999.000,9999.000,9999.000,9999.000
202603051218,  -0.299,   0.078,9999.000,9999.000,9999.000,9999.000,9999.000,9999.000,9999.000
202603051224,  -0.322,   0.029,9999.000,9999.000,9999.000,9999.000,9999.000,9999.000,9999.000
202603051230,  -0.337,  -0.019,9999.000,9999.000,9999.000,9999.000,9999.000,9999.000,9999.000
202603051236,  -0.342,  -0.059,9999.000,9999.000,9999.000,9999.000,9999.000,9999.000,9999.000
202603051242,  -0.338,  -0.098,9999.000,9999.000,9999.000,9999.000,9999.000,9999.000,9999.000
202603051248,  -0.325,  -0.131,9999.000,9999.000,9999.000,9999.000,9999.000,9999.000,9999.000
202603051254,  -0.303,  -0.160,9999.000,9999.000,9999.000,9999.000,9999.000,9999.000,9999.000
202603051300,  -0.271,  -0.200,   0.200,  -0.129,  -0.200,   0.100,  -0.300,   0.200,  -0.200
202603051306,  -0.229,  -0.229,9999.000,9999.000,9999.000,9999.000,9999.000,9999.000,9999.000
202603051312,  -0.177,  -0.249,9999.000,9999.000,9999.000,9999.000,9999.000,9999.000,9999.000
202603051318,  -0.117,  -0.259,9999.000,9999.000,9999.000,9999.000,9999.000,9999.000,9999.000
202603051324,  -0.047,  -0.259,9999.000,9999.000,9999.000,9999.000,9999.000,9999.000,9999.000
202603051330,   0.031,  -0.259,9999.000,9999.000,9999.000,9999.000,9999.000,9999.000,9999.000
202603051336,   0.119,  -0.239,9999.000,9999.000,9999.000,9999.000,9999.000,9999.000,9999.000
202603051342,   0.214,  -0.209,9999.000,9999.000,9999.000,9999.000,9999.000,9999.000,9999.000
202603051348,   0.317,  -0.150,9999.000,9999.000,9999.000,9999.000,9999.000,9999.000,9999.000
202603051354,   0.428,  -0.049,9999.000,9999.000,9999.000,9999.000,9999.000,9999.000,9999.000
202603051400,   0.545,   0.088,   0.200,  -0.657,   0.088,   0.100,  -0.012,   0.200,   0.088
202603051406,   0.668,   0.268,9999.000,9999.000,9999.000,9999.000,9999.000,9999.000,9999.000
202603051412,   0.798,   0.488,9999.000,9999.000,9999.000,9999.000,9999.000,9999.000,9999.000
202603051418,   0.932,   0.688,9999.000,9999.000,9999.000,9999.000,9999.000,9999.000,9999.000
202603051424,   1.071,   0.888,9999.000,9999.000,9999.000,9999.000,9999.000,9999.000,9999.000
202603051430,   1.214,   1.118,9999.000,9999.000,9999.000,9999.000,9999.000,9999.000,9999.000
202603051436,   1.360,   1.348,9999.000,9999.000,9999.000,9999.000,9999.000,9999.000,9999.000
202603051442,   1.509,   1.528,9999.000,9999.000,9999.000,9999.000,9999.000,9999.000,9999.000
202603051448,   1.661,   1.738,9999.000,9999.000,9999.000,9999.000,9999.000,9999.000,9999.000
202603051454,   1.815,   1.889,9999.000,9999.000,9999.000,9999.000,9999.000,9999.000,9999.000
202603051500,   1.970,   2.059,   0.200,  -0.111,   2.059,   0.200,   2.059,   0.200,   2.059
202603051506,   2.126,   2.210,9999.000,9999.000,9999.000,9999.000,9999.000,9999.000,9999.000
202603051512,   2.283,   2.387,9999.000,9999.000,9999.000,9999.000,9999.000,9999.000,9999.000
202603051518,   2.440,   2.568,9999.000,9999.000,9999.000,9999.000,9999.000,9999.000,9999.000
202603051524,   2.597,   2.738,9999.000,9999.000,9999.000,9999.000,9999.000,9999.000,9999.000
202603051530,   2.753,   2.938,9999.000,9999.000,9999.000,9999.000,9999.000,9999.000,9999.000
202603051536,   2.908,   3.099,9999.000,9999.000,9999.000,9999.000,9999.000,9999.000,9999.000
202603051542,   3.061,   3.279,9999.000,9999.000,9999.000,9999.000,9999.000,9999.000,9999.000
202603051548,   3.213,   3.427,9999.000,9999.000,9999.000,9999.000,9999.000,9999.000,9999.000
202603051554,   3.363,   3.548,9999.000,9999.000,9999.000,9999.000,9999.000,9999.000,9999.000
202603051600,   3.510,   3.729,   0.200,   0.019,   3.729,   0.200,   3.729,   0.200,   3.729
202603051606,   3.655,   3.899,9999.000,9999.000,9999.000,9999.000,9999.000,9999.000,9999.000
202603051612,   3.796,   4.070,9999.000,9999.000,9999.000,9999.000,9999.000,9999.000,9999.000
202603051618,   3.933,   4.119,9999.000,9999.000,9999.000,9999.000,9999.000,9999.000,9999.000
202603051624,   4.067,   4.280,9999.000,9999.000,9999.000,9999.000,9999.000,9999.000,9999.000
202603051630,   4.196,   4.398,9999.000,9999.000,9999.000,9999.000,9999.000,9999.000,9999.000
202603051636,   4.320,   4.559,9999.000,9999.000,9999.000,9999.000,9999.000,9999.000,9999.000
202603051642,   4.440,   4.700,9999.000,9999.000,9999.000,9999.000,9999.000,9999.000,9999.000
202603051648,   4.554,   4.808,9999.000,9999.000,9999.000,9999.000,9999.000,9999.000,9999.000
202603051654,   4.662,   4.939,9999.000,9999.000,9999.000,9999.000,9999.000,9999.000,9999.000
202603051700,   4.765,   5.008,   0.200,   0.043,   5.008,   0.200,   5.008,   0.300,   5.108
202603051706,   4.861,   5.149,9999.000,9999.000,9999.000,9999.000,9999.000,9999.000,9999.000
202603051712,   4.950,   5.179,9999.000,9999.000,9999.000,9999.000,9999.000,9999.000,9999.000
202603051718,   5.032,   5.228,9999.000,9999.000,9999.000,9999.000,9999.000,9999.000,9999.000
202603051724,   5.108,   5.247,9999.000,9999.000,9999.000,9999.000,9999.000,9999.000,9999.000
202603051730,   5.176,   5.277,9999.000,9999.000,9999.000,9999.000,9999.000,9999.000,9999.000
202603051736,   5.236,   5.320,9999.000,9999.000,9999.000,9999.000,9999.000,9999.000,9999.000
202603051742,   5.289,   5.438,9999.000,9999.000,9999.000,9999.000,9999.000,9999.000,9999.000
202603051748,   5.334,   5.539,9999.000,9999.000,9999.000,9999.000,9999.000,9999.000,9999.000
202603051754,   5.371,   5.618,9999.000,9999.000,9999.000,9999.000,9999.000,9999.000,9999.000
202603051800,   5.401,   5.667,   0.200,   0.066,   5.667,   0.200,   5.667,   0.300,   5.767
202603051806,   5.422,   5.589,9999.000,9999.000,9999.000,9999.000,9999.000,9999.000,9999.000
202603051812,   5.436,   5.530,9999.000,9999.000,9999.000,9999.000,9999.000,9999.000,9999.000
202603051818,   5.442,   5.477,9999.000,9999.000,9999.000,9999.000,9999.000,9999.000,9999.000
202603051824,   5.440,   5.418,9999.000,9999.000,9999.000,9999.000,9999.000,9999.000,9999.000
202603051830,   5.431,   5.530,9999.000,9999.000,9999.000,9999.000,9999.000,9999.000,9999.000
202603051836,   5.414,   5.507,9999.000,9999.000,9999.000,9999.000,9999.000,9999.000,9999.000
202603051842,   5.389,   5.457,9999.000,9999.000,9999.000,9999.000,9999.000,9999.000,9999.000
202603051848,   5.357,   5.428,9999.000,9999.000,9999.000,9999.000,9999.000,9999.000,9999.000
202603051854,   5.319,   5.320,9999.000,9999.000,9999.000,9999.000,9999.000,9999.000,9999.000
202603051900,   5.273,   5.247,   0.300,  -0.326,   5.247,   0.200,   5.147,   0.300,   5.247
202603051906,   5.221,   5.277,9999.000,9999.000,9999.000,9999.000,9999.000,9999.000,9999.000
202603051912,   5.162,   5.267,9999.000,9999.000,9999.000,9999.000,9999.000,9999.000,9999.000
202603051918,   5.097,   5.218,9999.000,9999.000,9999.000,9999.000,9999.000,9999.000,9999.000
202603051924,   5.026,   5.129,9999.000,9999.000,9999.000,9999.000,9999.000,9999.000,9999.000
202603051930,   4.949,   4.959,9999.000,9999.000,9999.000,9999.000,9999.000,9999.000,9999.000
202603051936,   4.867,   4.788,9999.000,9999.000,9999.000,9999.000,9999.000,9999.000,9999.000
202603051942,   4.779,   4.677,9999.000,9999.000,9999.000,9999.000,9999.000,9999.000,9999.000
202603051948,   4.687,   4.657,9999.000,9999.000,9999.000,9999.000,9999.000,9999.000,9999.000
202603051954,   4.589,   4.667,9999.000,9999.000,9999.000,9999.000,9999.000,9999.000,9999.000
202603052000,   4.488,   4.598,   0.300,  -0.190,   4.598,   0.300,   4.598,   0.300,   4.598
202603052006,   4.382,   4.418,9999.000,9999.000,9999.000,9999.000,9999.000,9999.000,9999.000
202603052012,   4.273,   4.300,9999.000,9999.000,9999.000,9999.000,9999.000,9999.000,9999.000
202603052018,   4.161,   4.247,9999.000,9999.000,9999.000,9999.000,9999.000,9999.000,9999.000
202603052024,   4.045,   4.057,9999.000,9999.000,9999.000,9999.000,9999.000,9999.000,9999.000
202603052030,   3.926,   3.919,9999.000,9999.000,9999.000,9999.000,9999.000,9999.000,9999.000
202603052036,   3.806,   3.837,9999.000,9999.000,9999.000,9999.000,9999.000,9999.000,9999.000
202603052042,   3.683,   3.699,9999.000,9999.000,9999.000,9999.000,9999.000,9999.000,9999.000
202603052048,   3.559,   3.539,9999.000,9999.000,9999.000,9999.000,9999.000,9999.000,9999.000
202603052054,   3.433,   3.388,9999.000,9999.000,9999.000,9999.000,9999.000,9999.000,9999.000
202603052100,   3.306,   3.279,   0.300,  -0.327,   3.279,   0.300,   3.279,   0.300,   3.279
202603052106,   3.179,   3.158,9999.000,9999.000,9999.000,9999.000,9999.000,9999.000,9999.000
202603052112,   3.052,   3.070,9999.000,9999.000,9999.000,9999.000,9999.000,9999.000,9999.000
202603052118,   2.924,   2.938,9999.000,9999.000,9999.000,9999.000,9999.000,9999.000,9999.000
202603052124,   2.797,   2.820,9999.000,9999.000,9999.000,9999.000,9999.000,9999.000,9999.000
202603052130,   2.670,   2.699,9999.000,9999.000,9999.000,9999.000,9999.000,9999.000,9999.000
202603052136,   2.545,   2.610,9999.000,9999.000,9999.000,9999.000,9999.000,9999.000,9999.000
202603052142,   2.420,   2.499,9999.000,9999.000,9999.000,9999.000,9999.000,9999.000,9999.000
202603052148,   2.297,   2.400,9999.000,9999.000,9999.000,9999.000,9999.000,9999.000,9999.000
202603052154,   2.174,   2.299,9999.000,9999.000,9999.000,9999.000,9999.000,9999.000,9999.000
202603052200,   2.054,   2.191,   0.300,  -0.163,   2.191,   0.300,   2.191,   0.300,   2.191
202603052206,   1.935,   2.069,9999.000,9999.000,9999.000,9999.000,9999.000,9999.000,9999.000
202603052212,   1.818,   1.981,9999.000,9999.000,9999.000,9999.000,9999.000,9999.000,9999.000
202603052218,   1.702,   1.889,9999.000,9999.000,9999.000,9999.000,9999.000,9999.000,9999.000
202603052224,   1.588,   1.790,9999.000,9999.000,9999.000,9999.000,9999.000,9999.000,9999.000
202603052230,   1.477,   1.708,9999.000,9999.000,9999.000,9999.000,9999.000,9999.000,9999.000
202603052236,   1.367,   1.630,9999.000,9999.000,9999.000,9999.000,9999.000,9999.000,9999.000
202603052242,   1.258,   1.538,9999.000,9999.000,9999.000,9999.000,9999.000,9999.000,9999.000
202603052248,   1.152,   1.459,9999.000,9999.000,9999.000,9999.000,9999.000,9999.000,9999.000
202603052254,   1.048,   1.371,9999.000,9999.000,9999.000,9999.000,9999.000,9999.000,9999.000
202603052300,   0.946,   1.289,   0.300,   0.043,   1.289,   0.300,   1.289,   0.400,   1.389
202603052306,   0.846,   1.220,9999.000,9999.000,9999.000,9999.000,9999.000,9999.000,9999.000
202603052312,   0.748,   1.151,9999.000,9999.000,9999.000,9999.000,9999.000,9999.000,9999.000
202603052318,   0.653,   1.069,9999.000,9999.000,9999.000,9999.000,9999.000,9999.000,9999.000
202603052324,   0.560,   1.000,9999.000,9999.000,9999.000,9999.000,9999.000,9999.000,9999.000
202603052330,   0.471,   0.928,9999.000,9999.000,9999.000,9999.000,9999.000,9999.000,9999.000
202603052336,   0.384,   0.859,9999.000,9999.000,9999.000,9999.000,9999.000,9999.000,9999.000
202603052342,   0.301,   0.800,9999.000,9999.000,9999.000,9999.000,9999.000,9999.000,9999.000
202603052348,   0.222,   0.731,9999.000,9999.000,9999.000,9999.000,9999.000,9999.000,9999.000
202603052354,   0.147,   0.350,9999.000,9999.000,9999.000,9999.000,9999.000,9999.000,9999.000
202603060000,   0.077,   0.610,   0.400,   0.133,   0.610,   0.300,   0.510,   0.400,   0.610
202603060006,   0.012,   0.551,9999.000,9999.000,9999.000,9999.000,9999.000,9999.000,9999.000
202603060012,  -0.047,   0.498,9999.000,9999.000,9999.000,9999.000,9999.000,9999.000,9999.000
202603060018,  -0.100,   0.449,9999.000,9999.000,9999.000,9999.000,9999.000,9999.000,9999.000
202603060024,  -0.147,   0.400,9999.000,9999.000,9999.000,9999.000,9999.000,9999.000,9999.000
202603060030,  -0.187,   0.350,9999.000,9999.000,9999.000,9999.000,9999.000,9999.000,9999.000
202603060036,  -0.219,   0.308,9999.000,9999.000,9999.000,9999.000,9999.000,9999.000,9999.000
202603060042,  -0.243,   0.268,9999.000,9999.000,9999.000,9999.000,9999.000,9999.000,9999.000
202603060048,  -0.259,   0.229,9999.000,9999.000,9999.000,9999.000,9999.000,9999.000,9999.000
202603060054,  -0.266,   0.190,9999.000,9999.000,9999.000,9999.000,9999.000,9999.000,9999.000
202603060100,  -0.264,   0.160,   0.400,   0.024,   0.160,   0.300,   0.060,   0.400,   0.160
202603060106,  -0.253,   0.121,9999.000,9999.000,9999.000,9999.000,9999.000,9999.000,9999.000
202603060112,  -0.233,   0.098,9999.000,9999.000,9999.000,9999.000,9999.000,9999.000,9999.000
202603060118,  -0.203,   0.098,9999.000,9999.000,9999.000,9999.000,9999.000,9999.000,9999.000
202603060124,  -0.163,   0.098,9999.000,9999.000,9999.000,9999.000,9999.000,9999.000,9999.000
202603060130,  -0.114,   0.098,9999.000,9999.000,9999.000,9999.000,9999.000,9999.000,9999.000
202603060136,  -0.055,   0.121,9999.000,9999.000,9999.000,9999.000,9999.000,9999.000,9999.000
202603060142,   0.012,   0.150,9999.000,9999.000,9999.000,9999.000,9999.000,9999.000,9999.000
202603060148,   0.089,   0.209,9999.000,9999.000,9999.000,9999.000,9999.000,9999.000,9999.000
202603060154,   0.175,   0.298,9999.000,9999.000,9999.000,9999.000,9999.000,9999.000,9999.000
202603060200,   0.269,   0.419,   0.400,  -0.250,   0.419,   0.300,   0.319,   0.500,   0.519
202603060206,   0.371,   0.590,9999.000,9999.000,9999.000,9999.000,9999.000,9999.000,9999.000
202603060212,   0.481,   0.790,9999.000,9999.000,9999.000,9999.000,9999.000,9999.000,9999.000
202603060218,   0.597,   0.990,9999.000,9999.000,9999.000,9999.000,9999.000,9999.000,9999.000
202603060224,   0.721,   1.180,9999.000,9999.000,9999.000,9999.000,9999.000,9999.000,9999.000
202603060230,   0.850,   1.328,9999.000,9999.000,9999.000,9999.000,9999.000,9999.000,9999.000
202603060236,   0.984,   1.489,9999.000,9999.000,9999.000,9999.000,9999.000,9999.000,9999.000
202603060242,   1.123,   1.728,9999.000,9999.000,9999.000,9999.000,9999.000,9999.000,9999.000
202603060248,   1.267,   1.840,9999.000,9999.000,9999.000,9999.000,9999.000,9999.000,9999.000
202603060254,   1.414,   2.010,9999.000,9999.000,9999.000,9999.000,9999.000,9999.000,9999.000
202603060300,   1.563,   2.230,   0.400,   0.267,   2.230,   0.300,   2.130,   0.500,   2.330
202603060306,   1.716,   2.309,9999.000,9999.000,9999.000,9999.000,9999.000,9999.000,9999.000
202603060312,   1.870,   2.450,9999.000,9999.000,9999.000,9999.000,9999.000,9999.000,9999.000
202603060318,   2.026,   2.568,9999.000,9999.000,9999.000,9999.000,9999.000,9999.000,9999.000
202603060324,   2.183,   2.728,9999.000,9999.000,9999.000,9999.000,9999.000,9999.000,9999.000
202603060330,   2.340,   2.869,9999.000,9999.000,9999.000,9999.000,9999.000,9999.000,9999.000
202603060336,   2.497,   3.040,9999.000,9999.000,9999.000,9999.000,9999.000,9999.000,9999.000
202603060342,   2.654,   3.168,9999.000,9999.000,9999.000,9999.000,9999.000,9999.000,9999.000
202603060348,   2.810,   3.309,9999.000,9999.000,9999.000,9999.000,9999.000,9999.000,9999.000
202603060354,   2.965,   3.480,9999.000,9999.000,9999.000,9999.000,9999.000,9999.000,9999.000
202603060400,   3.118,   3.598,   0.400,   0.080,   3.598,   0.400,   3.598,   0.500,   3.698
202603060406,   3.269,   3.808,9999.000,9999.000,9999.000,9999.000,9999.000,9999.000,9999.000
202603060412,   3.418,   3.958,9999.000,9999.000,9999.000,9999.000,9999.000,9999.000,9999.000
202603060418,   3.564,   4.159,9999.000,9999.000,9999.000,9999.000,9999.000,9999.000,9999.000
202603060424,   3.708,   4.290,9999.000,9999.000,9999.000,9999.000,9999.000,9999.000,9999.000
202603060430,   3.848,   4.427,9999.000,9999.000,9999.000,9999.000,9999.000,9999.000,9999.000
202603060436,   3.984,   4.578,9999.000,9999.000,9999.000,9999.000,9999.000,9999.000,9999.000
202603060442,   4.116,   4.637,9999.000,9999.000,9999.000,9999.000,9999.000,9999.000,9999.000
202603060448,   4.244,   4.769,9999.000,9999.000,9999.000,9999.000,9999.000,9999.000,9999.000
202603060454,   4.367,   4.910,9999.000,9999.000,9999.000,9999.000,9999.000,9999.000,9999.000
202603060500,   4.485,   4.979,   0.400,   0.094,   4.979,   0.400,   4.979,   0.500,   5.079
202603060506,   4.598,   5.097,9999.000,9999.000,9999.000,9999.000,9999.000,9999.000,9999.000
202603060512,   4.706,   5.179,9999.000,9999.000,9999.000,9999.000,9999.000,9999.000,9999.000
202603060518,   4.807,   5.208,9999.000,9999.000,9999.000,9999.000,9999.000,9999.000,9999.000
202603060524,   4.902,   5.320,9999.000,9999.000,9999.000,9999.000,9999.000,9999.000,9999.000
202603060530,   4.991,   5.418,9999.000,9999.000,9999.000,9999.000,9999.000,9999.000,9999.000
202603060536,   5.073,   5.457,9999.000,9999.000,9999.000,9999.000,9999.000,9999.000,9999.000
202603060542,   5.148,   5.516,9999.000,9999.000,9999.000,9999.000,9999.000,9999.000,9999.000
202603060548,   5.216,   5.589,9999.000,9999.000,9999.000,9999.000,9999.000,9999.000,9999.000
202603060554,   5.277,   5.618,9999.000,9999.000,9999.000,9999.000,9999.000,9999.000,9999.000
202603060600,   5.331,   5.677,   0.500,  -0.154,   5.677,   0.400,   5.577,   0.500,   5.677
202603060606,   5.376,   5.697,9999.000,9999.000,9999.000,9999.000,9999.000,9999.000,9999.000
202603060612,   5.415,   5.717,9999.000,9999.000,9999.000,9999.000,9999.000,9999.000,9999.000
202603060618,   5.445,   5.897,9999.000,9999.000,9999.000,9999.000,9999.000,9999.000,9999.000
202603060624,   5.468,   5.949,9999.000,9999.000,9999.000,9999.000,9999.000,9999.000,9999.000
202603060630,   5.483,   5.926,9999.000,9999.000,9999.000,9999.000,9999.000,9999.000,9999.000
202603060636,   5.490,   5.858,9999.000,9999.000,9999.000,9999.000,9999.000,9999.000,9999.000
202603060642,   5.490,   5.858,9999.000,9999.000,9999.000,9999.000,9999.000,9999.000,9999.000
202603060648,   5.482,   5.799,9999.000,9999.000,9999.000,9999.000,9999.000,9999.000,9999.000
202603060654,   5.466,   5.759,9999.000,9999.000,9999.000,9999.000,9999.000,9999.000,9999.000
202603060700,   5.443,   5.697,   0.500,  -0.246,   5.697,   0.400,   5.597,   0.600,   5.797
202603060706,   5.413,   5.677,9999.000,9999.000,9999.000,9999.000,9999.000,9999.000,9999.000
202603060712,   5.376,   5.730,9999.000,9999.000,9999.000,9999.000,9999.000,9999.000,9999.000
202603060718,   5.332,   5.677,9999.000,9999.000,9999.000,9999.000,9999.000,9999.000,9999.000
202603060724,   5.282,   5.598,9999.000,9999.000,9999.000,9999.000,9999.000,9999.000,9999.000
202603060730,   5.225,   5.507,9999.000,9999.000,9999.000,9999.000,9999.000,9999.000,9999.000
202603060736,   5.161,   5.428,9999.000,9999.000,9999.000,9999.000,9999.000,9999.000,9999.000
202603060742,   5.092,   5.398,9999.000,9999.000,9999.000,9999.000,9999.000,9999.000,9999.000
202603060748,   5.017,   5.428,9999.000,9999.000,9999.000,9999.000,9999.000,9999.000,9999.000
202603060754,   4.936,   5.349,9999.000,9999.000,9999.000,9999.000,9999.000,9999.000,9999.000
202603060800,   4.850,   5.267,   0.500,  -0.083,   5.267,   0.400,   5.167,   0.600,   5.367
202603060806,   4.759,   5.198,9999.000,9999.000,9999.000,9999.000,9999.000,9999.000,9999.000
202603060812,   4.663,   5.057,9999.000,9999.000,9999.000,9999.000,9999.000,9999.000,9999.000
202603060818,   4.563,   4.910,9999.000,9999.000,9999.000,9999.000,9999.000,9999.000,9999.000
202603060824,   4.458,   4.749,9999.000,9999.000,9999.000,9999.000,9999.000,9999.000,9999.000
202603060830,   4.350,   4.628,9999.000,9999.000,9999.000,9999.000,9999.000,9999.000,9999.000
202603060836,   4.238,   4.529,9999.000,9999.000,9999.000,9999.000,9999.000,9999.000,9999.000
202603060842,   4.123,   4.398,9999.000,9999.000,9999.000,9999.000,9999.000,9999.000,9999.000
202603060848,   4.005,   4.247,9999.000,9999.000,9999.000,9999.000,9999.000,9999.000,9999.000
202603060854,   3.885,   4.149,9999.000,9999.000,9999.000,9999.000,9999.000,9999.000,9999.000
202603060900,   3.762,   4.027,   0.500,  -0.235,   4.027,   0.400,   3.927,   0.600,   4.127
202603060906,   3.637,   3.909,9999.000,9999.000,9999.000,9999.000,9999.000,9999.000,9999.000
202603060912,   3.512,   3.778,9999.000,9999.000,9999.000,9999.000,9999.000,9999.000,9999.000
202603060918,   3.385,   3.617,9999.000,9999.000,9999.000,9999.000,9999.000,9999.000,9999.000
202603060924,   3.257,   3.499,9999.000,9999.000,9999.000,9999.000,9999.000,9999.000,9999.000
202603060930,   3.129,   3.368,9999.000,9999.000,9999.000,9999.000,9999.000,9999.000,9999.000
202603060936,   3.000,   3.250,9999.000,9999.000,9999.000,9999.000,9999.000,9999.000,9999.000
202603060942,   2.872,   3.119,9999.000,9999.000,9999.000,9999.000,9999.000,9999.000,9999.000
202603060948,   2.745,   3.017,9999.000,9999.000,9999.000,9999.000,9999.000,9999.000,9999.000
202603060954,   2.618,   2.909,9999.000,9999.000,9999.000,9999.000,9999.000,9999.000,9999.000
202603061000,   2.492,   2.807,   0.500,  -0.185,   2.807,   0.500,   2.807,   0.600,   2.907
202603061006,   2.368,   2.689,9999.000,9999.000,9999.000,9999.000,9999.000,9999.000,9999.000
202603061012,   2.245,   2.578,9999.000,9999.000,9999.000,9999.000,9999.000,9999.000,9999.000
202603061018,   2.123,   2.489,9999.000,9999.000,9999.000,9999.000,9999.000,9999.000,9999.000
202603061024,   2.003,   2.368,9999.000,9999.000,9999.000,9999.000,9999.000,9999.000,9999.000
202603061030,   1.885,   2.259,9999.000,9999.000,9999.000,9999.000,9999.000,9999.000,9999.000
202603061036,   1.769,   2.148,9999.000,9999.000,9999.000,9999.000,9999.000,9999.000,9999.000
202603061042,   1.655,   2.059,9999.000,9999.000,9999.000,9999.000,9999.000,9999.000,9999.000
202603061048,   1.542,   1.958,9999.000,9999.000,9999.000,9999.000,9999.000,9999.000,9999.000
202603061054,   1.432,   1.859,9999.000,9999.000,9999.000,9999.000,9999.000,9999.000,9999.000
202603061100,   1.323,   1.781,   0.600,  -0.142,   1.781,   0.500,   1.681,   0.600,   1.781
202603061106,   1.217,   1.699,9999.000,9999.000,9999.000,9999.000,9999.000,9999.000,9999.000
202603061112,   1.112,   1.620,9999.000,9999.000,9999.000,9999.000,9999.000,9999.000,9999.000
202603061118,   1.010,   1.538,9999.000,9999.000,9999.000,9999.000,9999.000,9999.000,9999.000
202603061124,   0.909,   1.459,9999.000,9999.000,9999.000,9999.000,9999.000,9999.000,9999.000
202603061130,   0.811,   1.380,9999.000,9999.000,9999.000,9999.000,9999.000,9999.000,9999.000
202603061136,   0.715,   1.308,9999.000,9999.000,9999.000,9999.000,9999.000,9999.000,9999.000
202603061142,   0.621,   1.239,9999.000,9999.000,9999.000,9999.000,9999.000,9999.000,9999.000
202603061148,   0.530,   1.170,9999.000,9999.000,9999.000,9999.000,9999.000,9999.000,9999.000
202603061154,   0.441,   1.098,9999.000,9999.000,9999.000,9999.000,9999.000,9999.000,9999.000
202603061200,   0.356,   1.039,   0.600,   0.083,   1.039,   0.500,   0.939,   0.600,   1.039
202603061206,   0.274,   0.970,9999.000,9999.000,9999.000,9999.000,9999.000,9999.000,9999.000
202603061212,   0.195,   0.898,9999.000,9999.000,9999.000,9999.000,9999.000,9999.000,9999.000
202603061218,   0.121,   0.839,9999.000,9999.000,9999.000,9999.000,9999.000,9999.000,9999.000
202603061224,   0.051,   0.780,9999.000,9999.000,9999.000,9999.000,9999.000,9999.000,9999.000
202603061230,  -0.013,   0.731,9999.000,9999.000,9999.000,9999.000,9999.000,9999.000,9999.000
202603061236,  -0.073,   0.669,9999.000,9999.000,9999.000,9999.000,9999.000,9999.000,9999.000
202603061242,  -0.127,   0.619,9999.000,9999.000,9999.000,9999.000,9999.000,9999.000,9999.000
202603061248,  -0.175,   0.560,9999.000,9999.000,9999.000,9999.000,9999.000,9999.000,9999.000
202603061254,  -0.216,   0.518,9999.000,9999.000,9999.000,9999.000,9999.000,9999.000,9999.000
202603061300,  -0.250,   0.469,   0.600,   0.119,   0.469,   0.500,   0.369,   0.600,   0.469
202603061306,  -0.276,   0.409,9999.000,9999.000,9999.000,9999.000,9999.000,9999.000,9999.000
202603061312,  -0.294,   0.380,9999.000,9999.000,9999.000,9999.000,9999.000,9999.000,9999.000
202603061318,  -0.304,   0.350,9999.000,9999.000,9999.000,9999.000,9999.000,9999.000,9999.000
202603061324,  -0.305,   0.321,9999.000,9999.000,9999.000,9999.000,9999.000,9999.000,9999.000
202603061330,  -0.298,   0.298,9999.000,9999.000,9999.000,9999.000,9999.000,9999.000,9999.000
202603061336,  -0.281,   0.268,9999.000,9999.000,9999.000,9999.000,9999.000,9999.000,9999.000
202603061342,  -0.255,   0.259,9999.000,9999.000,9999.000,9999.000,9999.000,9999.000,9999.000
202603061348,  -0.219,   0.249,9999.000,9999.000,9999.000,9999.000,9999.000,9999.000,9999.000
202603061354,  -0.175,   0.249,9999.000,9999.000,9999.000,9999.000,9999.000,9999.000,9999.000
202603061400,  -0.121,   0.259,   0.500,  -0.120,   0.259,   0.500,   0.259,   0.600,   0.359
202603061406,  -0.058,   0.288,9999.000,9999.000,9999.000,9999.000,9999.000,9999.000,9999.000
202603061412,   0.012,   0.321,9999.000,9999.000,9999.000,9999.000,9999.000,9999.000,9999.000
202603061418,   0.092,   0.390,9999.000,9999.000,9999.000,9999.000,9999.000,9999.000,9999.000
202603061424,   0.180,   0.459,9999.000,9999.000,9999.000,9999.000,9999.000,9999.000,9999.000
202603061430,   0.276,   0.541,9999.000,9999.000,9999.000,9999.000,9999.000,9999.000,9999.000
202603061436,   0.379,   0.629,9999.000,9999.000,9999.000,9999.000,9999.000,9999.000,9999.000
202603061442,   0.489,   0.751,9999.000,9999.000,9999.000,9999.000,9999.000,9999.000,9999.000
202603061448,   0.605,   0.951,9999.000,9999.000,9999.000,9999.000,9999.000,9999.000,9999.000
202603061454,   0.727,   1.161,9999.000,9999.000,9999.000,9999.000,9999.000,9999.000,9999.000
202603061500,   0.854,   1.371,   0.500,   0.017,   1.371,   0.500,   1.371,   0.600,   1.471
202603061506,   0.985,   1.580,9999.000,9999.000,9999.000,9999.000,9999.000,9999.000,9999.000
202603061512,   1.120,   1.748,9999.000,9999.000,9999.000,9999.000,9999.000,9999.000,9999.000
202603061518,   1.259,   1.859,9999.000,9999.000,9999.000,9999.000,9999.000,9999.000,9999.000
202603061524,   1.401,   1.981,9999.000,9999.000,9999.000,9999.000,9999.000,9999.000,9999.000
202603061530,   1.545,   2.099,9999.000,9999.000,9999.000,9999.000,9999.000,9999.000,9999.000
202603061536,   1.691,   2.309,9999.000,9999.000,9999.000,9999.000,9999.000,9999.000,9999.000
202603061542,   1.838,   2.489,9999.000,9999.000,9999.000,9999.000,9999.000,9999.000,9999.000
202603061548,   1.986,   2.758,9999.000,9999.000,9999.000,9999.000,9999.000,9999.000,9999.000
202603061554,   2.135,   2.929,9999.000,9999.000,9999.000,9999.000,9999.000,9999.000,9999.000
202603061600,   2.283,   3.099,   0.500,   0.316,   3.099,   0.400,   2.999,   0.500,   3.099
202603061606,   2.431,   3.158,9999.000,9999.000,9999.000,9999.000,9999.000,9999.000,9999.000
202603061612,   2.578,   3.299,9999.000,9999.000,9999.000,9999.000,9999.000,9999.000,9999.000
202603061618,   2.724,   3.417,9999.000,9999.000,9999.000,9999.000,9999.000,9999.000,9999.000
202603061624,   2.869,   3.558,9999.000,9999.000,9999.000,9999.000,9999.000,9999.000,9999.000
202603061630,   3.011,   3.729,9999.000,9999.000,9999.000,9999.000,9999.000,9999.000,9999.000
202603061636,   3.152,   3.929,9999.000,9999.000,9999.000,9999.000,9999.000,9999.000,9999.000
202603061642,   3.290,   4.057,9999.000,9999.000,9999.000,9999.000,9999.000,9999.000,9999.000
202603061648,   3.425,   4.218,9999.000,9999.000,9999.000,9999.000,9999.000,9999.000,9999.000
202603061654,   3.558,   4.398,9999.000,9999.000,9999.000,9999.000,9999.000,9999.000,9999.000
202603061700,   3.687,   4.500,   0.500,   0.313,   4.500,   0.400,   4.400,   0.500,   4.500
202603061706,   3.812,   4.588,9999.000,9999.000,9999.000,9999.000,9999.000,9999.000,9999.000
202603061712,   3.933,   4.739,9999.000,9999.000,9999.000,9999.000,9999.000,9999.000,9999.000
202603061718,   4.050,   4.818,9999.000,9999.000,9999.000,9999.000,9999.000,9999.000,9999.000
202603061724,   4.163,   4.939,9999.000,9999.000,9999.000,9999.000,9999.000,9999.000,9999.000
202603061730,   4.271,   5.008,9999.000,9999.000,9999.000,9999.000,9999.000,9999.000,9999.000
202603061736,   4.373,   5.139,9999.000,9999.000,9999.000,9999.000,9999.000,9999.000,9999.000
202603061742,   4.470,   5.228,9999.000,9999.000,9999.000,9999.000,9999.000,9999.000,9999.000
202603061748,   4.562,   5.307,9999.000,9999.000,9999.000,9999.000,9999.000,9999.000,9999.000
202603061754,   4.648,   5.307,9999.000,9999.000,9999.000,9999.000,9999.000,9999.000,9999.000
202603061800,   4.727,   5.329,   0.500,   0.102,   5.329,   0.500,   5.329,   0.500,   5.329
202603061806,   4.800,   5.418,9999.000,9999.000,9999.000,9999.000,9999.000,9999.000,9999.000
202603061812,   4.867,   5.477,9999.000,9999.000,9999.000,9999.000,9999.000,9999.000,9999.000
202603061818,   4.927,   5.589,9999.000,9999.000,9999.000,9999.000,9999.000,9999.000,9999.000
202603061824,   4.979,   5.657,9999.000,9999.000,9999.000,9999.000,9999.000,9999.000,9999.000
202603061830,   5.025,   5.697,9999.000,9999.000,9999.000,9999.000,9999.000,9999.000,9999.000
202603061836,   5.064,   5.749,9999.000,9999.000,9999.000,9999.000,9999.000,9999.000,9999.000
202603061842,   5.095,   5.730,9999.000,9999.000,9999.000,9999.000,9999.000,9999.000,9999.000
202603061848,   5.119,   5.687,9999.000,9999.000,9999.000,9999.000,9999.000,9999.000,9999.000
202603061854,   5.136,   5.677,9999.000,9999.000,9999.000,9999.000,9999.000,9999.000,9999.000
202603061900,   5.145,   5.648,   0.500,   0.003,   5.648,   0.500,   5.648,   0.600,   5.748
202603061906,   5.147,   5.667,9999.000,9999.000,9999.000,9999.000,9999.000,9999.000,9999.000
202603061912,   5.142,   5.687,9999.000,9999.000,9999.000,9999.000,9999.000,9999.000,9999.000
202603061918,   5.130,   5.707,9999.000,9999.000,9999.000,9999.000,9999.000,9999.000,9999.000
202603061924,   5.110,   5.648,9999.000,9999.000,9999.000,9999.000,9999.000,9999.000,9999.000
202603061930,   5.083,   5.608,9999.000,9999.000,9999.000,9999.000,9999.000,9999.000,9999.000
202603061936,   5.050,   5.569,9999.000,9999.000,9999.000,9999.000,9999.000,9999.000,9999.000
202603061942,   5.010,   5.497,9999.000,9999.000,9999.000,9999.000,9999.000,9999.000,9999.000
202603061948,   4.963,   5.477,9999.000,9999.000,9999.000,9999.000,9999.000,9999.000,9999.000
202603061954,   4.910,   5.457,9999.000,9999.000,9999.000,9999.000,9999.000,9999.000,9999.000
202603062000,   4.851,   5.438,   0.500,   0.087,   5.438,   0.500,   5.438,   0.600,   5.538
202603062006,   4.786,   5.359,9999.000,9999.000,9999.000,9999.000,9999.000,9999.000,9999.000
202603062012,   4.715,   5.307,9999.000,9999.000,9999.000,9999.000,9999.000,9999.000,9999.000
202603062018,   4.638,   5.159,9999.000,9999.000,9999.000,9999.000,9999.000,9999.000,9999.000
202603062024,   4.556,   5.067,9999.000,9999.000,9999.000,9999.000,9999.000,9999.000,9999.000
202603062030,   4.469,   4.910,9999.000,9999.000,9999.000,9999.000,9999.000,9999.000,9999.000
202603062036,   4.377,   4.828,9999.000,9999.000,9999.000,9999.000,9999.000,9999.000,9999.000
202603062042,   4.281,   4.719,9999.000,9999.000,9999.000,9999.000,9999.000,9999.000,9999.000
202603062048,   4.181,   4.647,9999.000,9999.000,9999.000,9999.000,9999.000,9999.000,9999.000
202603062054,   4.076,   4.559,9999.000,9999.000,9999.000,9999.000,9999.000,9999.000,9999.000
202603062100,   3.968,   4.457,   0.500,  -0.011,   4.457,   0.400,   4.357,   0.600,   4.557
202603062106,   3.857,   4.398,9999.000,9999.000,9999.000,9999.000,9999.000,9999.000,9999.000
202603062112,   3.743,   4.257,9999.000,9999.000,9999.000,9999.000,9999.000,9999.000,9999.000
202603062118,   3.627,   4.129,9999.000,9999.000,9999.000,9999.000,9999.000,9999.000,9999.000
202603062124,   3.508,   4.017,9999.000,9999.000,9999.000,9999.000,9999.000,9999.000,9999.000
202603062130,   3.388,   3.847,9999.000,9999.000,9999.000,9999.000,9999.000,9999.000,9999.000
202603062136,   3.266,   3.749,9999.000,9999.000,9999.000,9999.000,9999.000,9999.000,9999.000
202603062142,   3.143,   3.607,9999.000,9999.000,9999.000,9999.000,9999.000,9999.000,9999.000
202603062148,   3.019,   3.509,9999.000,9999.000,9999.000,9999.000,9999.000,9999.000,9999.000
202603062154,   2.895,   3.368,9999.000,9999.000,9999.000,9999.000,9999.000,9999.000,9999.000
202603062200,   2.772,   3.250,   0.500,  -0.022,   3.250,   0.400,   3.150,   0.600,   3.350
202603062206,   2.648,   3.129,9999.000,9999.000,9999.000,9999.000,9999.000,9999.000,9999.000
202603062212,   2.526,   3.007,9999.000,9999.000,9999.000,9999.000,9999.000,9999.000,9999.000
202603062218,   2.404,   2.869,9999.000,9999.000,9999.000,9999.000,9999.000,9999.000,9999.000
202603062224,   2.284,   2.748,9999.000,9999.000,9999.000,9999.000,9999.000,9999.000,9999.000
202603062230,   2.165,   2.630,9999.000,9999.000,9999.000,9999.000,9999.000,9999.000,9999.000
202603062236,   2.048,   2.509,9999.000,9999.000,9999.000,9999.000,9999.000,9999.000,9999.000
202603062242,   1.933,   2.400,9999.000,9999.000,9999.000,9999.000,9999.000,9999.000,9999.000
202603062248,   1.819,   2.299,9999.000,9999.000,9999.000,9999.000,9999.000,9999.000,9999.000
202603062254,   1.709,   2.210,9999.000,9999.000,9999.000,9999.000,9999.000,9999.000,9999.000
202603062300,   1.600,   2.099,   0.500,  -0.001,   2.099,   0.400,   1.999,   0.500,   2.099
202603062306,   1.494,   2.010,9999.000,9999.000,9999.000,9999.000,9999.000,9999.000,9999.000
202603062312,   1.390,   1.918,9999.000,9999.000,9999.000,9999.000,9999.000,9999.000,9999.000
202603062318,   1.288,   1.830,9999.000,9999.000,9999.000,9999.000,9999.000,9999.000,9999.000
202603062324,   1.189,   1.738,9999.000,9999.000,9999.000,9999.000,9999.000,9999.000,9999.000
202603062330,   1.093,   1.649,9999.000,9999.000,9999.000,9999.000,9999.000,9999.000,9999.000
202603062336,   0.999,   1.557,9999.000,9999.000,9999.000,9999.000,9999.000,9999.000,9999.000
202603062342,   0.908,   1.479,9999.000,9999.000,9999.000,9999.000,9999.000,9999.000,9999.000
202603062348,   0.819,   1.410,9999.000,9999.000,9999.000,9999.000,9999.000,9999.000,9999.000
202603062354,   0.733,   0.918,9999.000,9999.000,9999.000,9999.000,9999.000,9999.000,9999.000
202603070000,   0.649,   1.269,   0.500,   0.120,   1.269,   0.400,   1.169,   0.500,   1.269
202603070006,   0.569,   1.190,9999.000,9999.000,9999.000,9999.000,9999.000,9999.000,9999.000
202603070012,   0.492,   1.118,9999.000,9999.000,9999.000,9999.000,9999.000,9999.000,9999.000
202603070018,   0.418,   1.049,9999.000,9999.000,9999.000,9999.000,9999.000,9999.000,9999.000
202603070024,   0.347,   0.990,9999.000,9999.000,9999.000,9999.000,9999.000,9999.000,9999.000
202603070030,   0.280,   0.918,9999.000,9999.000,9999.000,9999.000,9999.000,9999.000,9999.000
202603070036,   0.218,   0.859,9999.000,9999.000,9999.000,9999.000,9999.000,9999.000,9999.000
202603070042,   0.159,   0.800,9999.000,9999.000,9999.000,9999.000,9999.000,9999.000,9999.000
202603070048,   0.106,   0.741,9999.000,9999.000,9999.000,9999.000,9999.000,9999.000,9999.000
202603070054,   0.058,   0.688,9999.000,9999.000,9999.000,9999.000,9999.000,9999.000,9999.000
202603070100,   0.015,   0.639,   0.500,   0.124,   0.639,   0.400,   0.539,   0.500,   0.639
202603070106,  -0.021,   0.600,9999.000,9999.000,9999.000,9999.000,9999.000,9999.000,9999.000
202603070112,  -0.051,   0.560,9999.000,9999.000,9999.000,9999.000,9999.000,9999.000,9999.000
202603070118,  -0.074,   0.518,9999.000,9999.000,9999.000,9999.000,9999.000,9999.000,9999.000
202603070124,  -0.090,   0.488,9999.000,9999.000,9999.000,9999.000,9999.000,9999.000,9999.000
202603070130,  -0.098,   0.459,9999.000,9999.000,9999.000,9999.000,9999.000,9999.000,9999.000
202603070136,  -0.098,   0.419,9999.000,9999.000,9999.000,9999.000,9999.000,9999.000,9999.000
202603070142,  -0.090,   0.400,9999.000,9999.000,9999.000,9999.000,9999.000,9999.000,9999.000
202603070148,  -0.073,   0.370,9999.000,9999.000,9999.000,9999.000,9999.000,9999.000,9999.000
202603070154,  -0.047,   0.350,9999.000,9999.000,9999.000,9999.000,9999.000,9999.000,9999.000
202603070200,  -0.012,   0.331,   0.500,  -0.157,   0.331,   0.400,   0.231,   0.500,   0.331
202603070206,   0.031,   0.321,9999.000,9999.000,9999.000,9999.000,9999.000,9999.000,9999.000
202603070212,   0.084,   0.341,9999.000,9999.000,9999.000,9999.000,9999.000,9999.000,9999.000
202603070218,   0.145,   0.370,9999.000,9999.000,9999.000,9999.000,9999.000,9999.000,9999.000
202603070224,   0.216,   0.419,9999.000,9999.000,9999.000,9999.000,9999.000,9999.000,9999.000
202603070230,   0.295,   0.469,9999.000,9999.000,9999.000,9999.000,9999.000,9999.000,9999.000
202603070236,   0.383,   0.518,9999.000,9999.000,9999.000,9999.000,9999.000,9999.000,9999.000
202603070242,   0.478,   0.619,9999.000,9999.000,9999.000,9999.000,9999.000,9999.000,9999.000
202603070248,   0.582,   0.760,9999.000,9999.000,9999.000,9999.000,9999.000,9999.000,9999.000
202603070254,   0.692,   0.888,9999.000,9999.000,9999.000,9999.000,9999.000,9999.000,9999.000
202603070300,   0.808,   1.020,   0.500,  -0.288,   1.020,   0.400,   0.920,   0.500,   1.020
202603070306,   0.931,   1.180,9999.000,9999.000,9999.000,9999.000,9999.000,9999.000,9999.000
202603070312,   1.060,   1.361,9999.000,9999.000,9999.000,9999.000,9999.000,9999.000,9999.000
202603070318,   1.193,   1.571,9999.000,9999.000,9999.000,9999.000,9999.000,9999.000,9999.000
202603070324,   1.330,   1.659,9999.000,9999.000,9999.000,9999.000,9999.000,9999.000,9999.000
202603070330,   1.471,   1.781,9999.000,9999.000,9999.000,9999.000,9999.000,9999.000,9999.000
202603070336,   1.616,   1.879,9999.000,9999.000,9999.000,9999.000,9999.000,9999.000,9999.000
202603070342,   1.762,   2.020,9999.000,9999.000,9999.000,9999.000,9999.000,9999.000,9999.000
202603070348,   1.911,   2.177,9999.000,9999.000,9999.000,9999.000,9999.000,9999.000,9999.000
202603070354,   2.061,   2.348,9999.000,9999.000,9999.000,9999.000,9999.000,9999.000,9999.000
202603070400,   2.211,   2.568,   0.400,  -0.043,   2.568,   0.400,   2.568,   0.500,   2.668
202603070406,   2.362,   2.679,9999.000,9999.000,9999.000,9999.000,9999.000,9999.000,9999.000
202603070412,   2.513,   2.787,9999.000,9999.000,9999.000,9999.000,9999.000,9999.000,9999.000
202603070418,   2.663,   2.919,9999.000,9999.000,9999.000,9999.000,9999.000,9999.000,9999.000
202603070424,   2.812,   3.060,9999.000,9999.000,9999.000,9999.000,9999.000,9999.000,9999.000
202603070430,   2.959,   3.168,9999.000,9999.000,9999.000,9999.000,9999.000,9999.000,9999.000
202603070436,   3.105,   3.319,9999.000,9999.000,9999.000,9999.000,9999.000,9999.000,9999.000
202603070442,   3.249,   3.450,9999.000,9999.000,9999.000,9999.000,9999.000,9999.000,9999.000
202603070448,   3.390,   3.627,9999.000,9999.000,9999.000,9999.000,9999.000,9999.000,9999.000
202603070454,   3.528,   3.778,9999.000,9999.000,9999.000,9999.000,9999.000,9999.000,9999.000
202603070500,   3.664,   3.978,   0.400,  -0.086,   3.978,   0.400,   3.978,   0.500,   4.078
202603070506,   3.796,   4.099,9999.000,9999.000,9999.000,9999.000,9999.000,9999.000,9999.000
202603070512,   3.925,   4.198,9999.000,9999.000,9999.000,9999.000,9999.000,9999.000,9999.000
202603070518,   4.049,   4.280,9999.000,9999.000,9999.000,9999.000,9999.000,9999.000,9999.000
202603070524,   4.170,   4.418,9999.000,9999.000,9999.000,9999.000,9999.000,9999.000,9999.000
202603070530,   4.287,   4.578,9999.000,9999.000,9999.000,9999.000,9999.000,9999.000,9999.000
202603070536,   4.398,   4.608,9999.000,9999.000,9999.000,9999.000,9999.000,9999.000,9999.000
202603070542,   4.506,   4.749,9999.000,9999.000,9999.000,9999.000,9999.000,9999.000,9999.000
202603070548,   4.608,   4.877,9999.000,9999.000,9999.000,9999.000,9999.000,9999.000,9999.000
202603070554,   4.705,   4.919,9999.000,9999.000,9999.000,9999.000,9999.000,9999.000,9999.000
202603070600,   4.796,   4.988,   0.400,  -0.208,   4.988,   0.300,   4.888,   0.400,   4.988
202603070606,   4.882,   5.057,9999.000,9999.000,9999.000,9999.000,9999.000,9999.000,9999.000
202603070612,   4.962,   5.120,9999.000,9999.000,9999.000,9999.000,9999.000,9999.000,9999.000
202603070618,   5.036,   5.228,9999.000,9999.000,9999.000,9999.000,9999.000,9999.000,9999.000
202603070624,   5.103,   5.320,9999.000,9999.000,9999.000,9999.000,9999.000,9999.000,9999.000
202603070630,   5.164,   5.389,9999.000,9999.000,9999.000,9999.000,9999.000,9999.000,9999.000
202603070636,   5.219,   5.408,9999.000,9999.000,9999.000,9999.000,9999.000,9999.000,9999.000
202603070642,   5.266,   5.428,9999.000,9999.000,9999.000,9999.000,9999.000,9999.000,9999.000
202603070648,   5.307,   5.448,9999.000,9999.000,9999.000,9999.000,9999.000,9999.000,9999.000
202603070654,   5.340,   5.438,9999.000,9999.000,9999.000,9999.000,9999.000,9999.000,9999.000
202603070700,   5.367,   5.408,   0.400,  -0.359,   5.408,   0.300,   5.308,   0.400,   5.408
202603070706,   5.387,   5.477,9999.000,9999.000,9999.000,9999.000,9999.000,9999.000,9999.000
202603070712,   5.399,   5.438,9999.000,9999.000,9999.000,9999.000,9999.000,9999.000,9999.000
202603070718,   5.404,   5.457,9999.000,9999.000,9999.000,9999.000,9999.000,9999.000,9999.000
202603070724,   5.402,   5.448,9999.000,9999.000,9999.000,9999.000,9999.000,9999.000,9999.000
202603070730,   5.393,   5.398,9999.000,9999.000,9999.000,9999.000,9999.000,9999.000,9999.000
202603070736,   5.377,   5.457,9999.000,9999.000,9999.000,9999.000,9999.000,9999.000,9999.000
202603070742,   5.354,   5.457,9999.000,9999.000,9999.000,9999.000,9999.000,9999.000,9999.000
202603070748,   5.324,   5.438,9999.000,9999.000,9999.000,9999.000,9999.000,9999.000,9999.000
202603070754,   5.287,   5.369,9999.000,9999.000,9999.000,9999.000,9999.000,9999.000,9999.000
202603070800,   5.244,   5.320,   0.400,  -0.324,   5.320,   0.300,   5.220,   0.400,   5.320
202603070806,   5.194,   5.297,9999.000,9999.000,9999.000,9999.000,9999.000,9999.000,9999.000
202603070812,   5.138,   5.208,9999.000,9999.000,9999.000,9999.000,9999.000,9999.000,9999.000
202603070818,   5.077,   5.139,9999.000,9999.000,9999.000,9999.000,9999.000,9999.000,9999.000
202603070824,   5.009,   5.067,9999.000,9999.000,9999.000,9999.000,9999.000,9999.000,9999.000
202603070830,   4.935,   4.969,9999.000,9999.000,9999.000,9999.000,9999.000,9999.000,9999.000
202603070836,   4.857,   4.818,9999.000,9999.000,9999.000,9999.000,9999.000,9999.000,9999.000
202603070842,   4.773,   4.700,9999.000,9999.000,9999.000,9999.000,9999.000,9999.000,9999.000
202603070848,   4.684,   4.667,9999.000,9999.000,9999.000,9999.000,9999.000,9999.000,9999.000
202603070854,   4.590,   4.618,9999.000,9999.000,9999.000,9999.000,9999.000,9999.000,9999.000
202603070900,   4.492,   4.509,   0.300,  -0.283,   4.509,   0.300,   4.509,   0.400,   4.609
202603070906,   4.390,   4.408,9999.000,9999.000,9999.000,9999.000,9999.000,9999.000,9999.000
202603070912,   4.284,   4.300,9999.000,9999.000,9999.000,9999.000,9999.000,9999.000,9999.000
202603070918,   4.175,   4.208,9999.000,9999.000,9999.000,9999.000,9999.000,9999.000,9999.000
202603070924,   4.062,   4.057,9999.000,9999.000,9999.000,9999.000,9999.000,9999.000,9999.000
202603070930,   3.946,   3.929,9999.000,9999.000,9999.000,9999.000,9999.000,9999.000,9999.000
202603070936,   3.828,   3.798,9999.000,9999.000,9999.000,9999.000,9999.000,9999.000,9999.000
202603070942,   3.707,   3.660,9999.000,9999.000,9999.000,9999.000,9999.000,9999.000,9999.000
202603070948,   3.585,   3.548,9999.000,9999.000,9999.000,9999.000,9999.000,9999.000,9999.000
202603070954,   3.461,   3.398,9999.000,9999.000,9999.000,9999.000,9999.000,9999.000,9999.000
202603071000,   3.336,   3.270,   0.300,  -0.366,   3.270,   0.300,   3.270,   0.400,   3.370
202603071006,   3.210,   3.158,9999.000,9999.000,9999.000,9999.000,9999.000,9999.000,9999.000
202603071012,   3.084,   3.017,9999.000,9999.000,9999.000,9999.000,9999.000,9999.000,9999.000
202603071018,   2.957,   2.899,9999.000,9999.000,9999.000,9999.000,9999.000,9999.000,9999.000
202603071024,   2.831,   2.778,9999.000,9999.000,9999.000,9999.000,9999.000,9999.000,9999.000
202603071030,   2.705,   2.669,9999.000,9999.000,9999.000,9999.000,9999.000,9999.000,9999.000
202603071036,   2.580,   2.568,9999.000,9999.000,9999.000,9999.000,9999.000,9999.000,9999.000
202603071042,   2.456,   2.450,9999.000,9999.000,9999.000,9999.000,9999.000,9999.000,9999.000
202603071048,   2.334,   2.358,9999.000,9999.000,9999.000,9999.000,9999.000,9999.000,9999.000
202603071054,   2.213,   2.250,9999.000,9999.000,9999.000,9999.000,9999.000,9999.000,9999.000
202603071100,   2.094,   2.148,   0.300,  -0.246,   2.148,   0.300,   2.148,   0.300,   2.148
202603071106,   1.976,   2.040,9999.000,9999.000,9999.000,9999.000,9999.000,9999.000,9999.000
202603071112,   1.861,9999.000,9999.000,9999.000,9999.000,9999.000,9999.000,9999.000,9999.000
202603071118,   1.748,9999.000,9999.000,9999.000,9999.000,9999.000,9999.000,9999.000,9999.000
202603071124,   1.637,   1.243,9999.000,9999.000,9999.000,9999.000,9999.000,9999.000,9999.000
202603071130,   1.528,   1.659,9999.000,9999.000,9999.000,9999.000,9999.000,9999.000,9999.000
202603071136,   1.421,   1.571,9999.000,9999.000,9999.000,9999.000,9999.000,9999.000,9999.000
202603071142,   1.317,   1.479,9999.000,9999.000,9999.000,9999.000,9999.000,9999.000,9999.000
202603071148,   1.215,   1.400,9999.000,9999.000,9999.000,9999.000,9999.000,9999.000,9999.000
202603071154,   1.115,   1.318,9999.000,9999.000,9999.000,9999.000,9999.000,9999.000,9999.000
202603071200,   1.018,   1.239,   0.300,  -0.079,   1.239,   0.200,   1.139,   0.300,   1.239
202603071206,   0.923,   1.170,9999.000,9999.000,9999.000,9999.000,9999.000,9999.000,9999.000
202603071212,   0.830,   1.088,9999.000,9999.000,9999.000,9999.000,9999.000,9999.000,9999.000
202603071218,   0.740,   1.020,9999.000,9999.000,9999.000,9999.000,9999.000,9999.000,9999.000
202603071224,   0.652,   0.941,9999.000,9999.000,9999.000,9999.000,9999.000,9999.000,9999.000
202603071230,   0.566,   0.869,9999.000,9999.000,9999.000,9999.000,9999.000,9999.000,9999.000
202603071236,   0.483,   0.800,9999.000,9999.000,9999.000,9999.000,9999.000,9999.000,9999.000
202603071242,   0.403,   0.731,9999.000,9999.000,9999.000,9999.000,9999.000,9999.000,9999.000
202603071248,   0.327,   0.669,9999.000,9999.000,9999.000,9999.000,9999.000,9999.000,9999.000
202603071254,   0.253,   0.600,9999.000,9999.000,9999.000,9999.000,9999.000,9999.000,9999.000
202603071300,   0.183,   0.541,   0.300,   0.058,   0.541,   0.200,   0.441,   0.300,   0.541
202603071306,   0.117,   0.478,9999.000,9999.000,9999.000,9999.000,9999.000,9999.000,9999.000
202603071312,   0.056,   0.429,9999.000,9999.000,9999.000,9999.000,9999.000,9999.000,9999.000
202603071318,   0.000,   0.370,9999.000,9999.000,9999.000,9999.000,9999.000,9999.000,9999.000
202603071324,  -0.052,   0.321,9999.000,9999.000,9999.000,9999.000,9999.000,9999.000,9999.000
202603071330,  -0.098,   0.268,9999.000,9999.000,9999.000,9999.000,9999.000,9999.000,9999.000
202603071336,  -0.138,   0.229,9999.000,9999.000,9999.000,9999.000,9999.000,9999.000,9999.000
202603071342,  -0.171,   0.180,9999.000,9999.000,9999.000,9999.000,9999.000,9999.000,9999.000
202603071348,  -0.198,   0.131,9999.000,9999.000,9999.000,9999.000,9999.000,9999.000,9999.000
202603071354,  -0.217,   0.088,9999.000,9999.000,9999.000,9999.000,9999.000,9999.000,9999.000
202603071400,  -0.229,   0.049,   0.300,  -0.022,   0.049,   0.200,  -0.051,   0.300,   0.049
202603071406,  -0.233,   0.009,9999.000,9999.000,9999.000,9999.000,9999.000,9999.000,9999.000
202603071412,  -0.229,  -0.029,9999.000,9999.000,9999.000,9999.000,9999.000,9999.000,9999.000
202603071418,  -0.217,  -0.059,9999.000,9999.000,9999.000,9999.000,9999.000,9999.000,9999.000
202603071424,  -0.195,  -0.088,9999.000,9999.000,9999.000,9999.000,9999.000,9999.000,9999.000
202603071430,  -0.165,  -0.111,9999.000,9999.000,9999.000,9999.000,9999.000,9999.000,9999.000
202603071436,  -0.127,  -0.131,9999.000,9999.000,9999.000,9999.000,9999.000,9999.000,9999.000
202603071442,  -0.080,  -0.150,9999.000,9999.000,9999.000,9999.000,9999.000,9999.000,9999.000
202603071448,  -0.024,  -0.160,9999.000,9999.000,9999.000,9999.000,9999.000,9999.000,9999.000
202603071454,   0.039,  -0.141,9999.000,9999.000,9999.000,9999.000,9999.000,9999.000,9999.000
202603071500,   0.111,  -0.131,   0.300,  -0.542,  -0.131,   0.200,  -0.231,   0.300,  -0.131
202603071506,   0.191,  -0.098,9999.000,9999.000,9999.000,9999.000,9999.000,9999.000,9999.000
202603071512,   0.279,  -0.049,9999.000,9999.000,9999.000,9999.000,9999.000,9999.000,9999.000
202603071518,   0.373,   0.019,9999.000,9999.000,9999.000,9999.000,9999.000,9999.000,9999.000
202603071524,   0.474,   0.111,9999.000,9999.000,9999.000,9999.000,9999.000,9999.000,9999.000
202603071530,   0.580,   0.259,9999.000,9999.000,9999.000,9999.000,9999.000,9999.000,9999.000
202603071536,   0.693,   0.469,9999.000,9999.000,9999.000,9999.000,9999.000,9999.000,9999.000
202603071542,   0.810,   0.669,9999.000,9999.000,9999.000,9999.000,9999.000,9999.000,9999.000
202603071548,   0.931,   0.849,9999.000,9999.000,9999.000,9999.000,9999.000,9999.000,9999.000
202603071554,   1.056,   1.010,9999.000,9999.000,9999.000,9999.000,9999.000,9999.000,9999.000
202603071600,   1.185,   1.200,   0.300,  -0.285,   1.200,   0.200,   1.100,   0.300,   1.200
202603071606,   1.316,   1.361,9999.000,9999.000,9999.000,9999.000,9999.000,9999.000,9999.000
202603071612,   1.449,   1.538,9999.000,9999.000,9999.000,9999.000,9999.000,9999.000,9999.000
202603071618,   1.584,   1.708,9999.000,9999.000,9999.000,9999.000,9999.000,9999.000,9999.000
202603071624,   1.720,   1.840,9999.000,9999.000,9999.000,9999.000,9999.000,9999.000,9999.000
202603071630,   1.856,   1.948,9999.000,9999.000,9999.000,9999.000,9999.000,9999.000,9999.000
202603071636,   1.993,   2.069,9999.000,9999.000,9999.000,9999.000,9999.000,9999.000,9999.000
202603071642,   2.130,   2.200,9999.000,9999.000,9999.000,9999.000,9999.000,9999.000,9999.000
202603071648,   2.265,   2.299,9999.000,9999.000,9999.000,9999.000,9999.000,9999.000,9999.000
202603071654,   2.401,   2.420,9999.000,9999.000,9999.000,9999.000,9999.000,9999.000,9999.000
202603071700,   2.534,   2.610,   0.300,  -0.224,   2.610,   0.300,   2.610,   0.300,   2.610
202603071706,   2.667,   2.738,9999.000,9999.000,9999.000,9999.000,9999.000,9999.000,9999.000
202603071712,   2.797,   2.879,9999.000,9999.000,9999.000,9999.000,9999.000,9999.000,9999.000
202603071718,   2.926,   2.997,9999.000,9999.000,9999.000,9999.000,9999.000,9999.000,9999.000
202603071724,   3.052,   3.178,9999.000,9999.000,9999.000,9999.000,9999.000,9999.000,9999.000
202603071730,   3.175,   3.329,9999.000,9999.000,9999.000,9999.000,9999.000,9999.000,9999.000
202603071736,   3.296,   3.417,9999.000,9999.000,9999.000,9999.000,9999.000,9999.000,9999.000
202603071742,   3.414,   3.519,9999.000,9999.000,9999.000,9999.000,9999.000,9999.000,9999.000
202603071748,   3.529,   3.660,9999.000,9999.000,9999.000,9999.000,9999.000,9999.000,9999.000
202603071754,   3.640,   3.749,9999.000,9999.000,9999.000,9999.000,9999.000,9999.000,9999.000
202603071800,   3.748,   3.808,   0.300,  -0.240,   3.808,   0.300,   3.808,   0.300,   3.808
202603071806,   3.852,   3.919,9999.000,9999.000,9999.000,9999.000,9999.000,9999.000,9999.000
202603071812,   3.951,   4.027,9999.000,9999.000,9999.000,9999.000,9999.000,9999.000,9999.000
202603071818,   4.046,   4.139,9999.000,9999.000,9999.000,9999.000,9999.000,9999.000,9999.000
202603071824,   4.137,   4.188,9999.000,9999.000,9999.000,9999.000,9999.000,9999.000,9999.000
202603071830,   4.223,   4.309,9999.000,9999.000,9999.000,9999.000,9999.000,9999.000,9999.000
202603071836,   4.304,   4.418,9999.000,9999.000,9999.000,9999.000,9999.000,9999.000,9999.000
202603071842,   4.379,   4.480,9999.000,9999.000,9999.000,9999.000,9999.000,9999.000,9999.000
202603071848,   4.449,   4.549,9999.000,9999.000,9999.000,9999.000,9999.000,9999.000,9999.000
202603071854,   4.514,   4.647,9999.000,9999.000,9999.000,9999.000,9999.000,9999.000,9999.000
202603071900,   4.572,   4.700,   0.300,  -0.172,   4.700,   0.300,   4.700,   0.300,   4.700
202603071906,   4.624,   4.710,9999.000,9999.000,9999.000,9999.000,9999.000,9999.000,9999.000
202603071912,   4.670,   4.759,9999.000,9999.000,9999.000,9999.000,9999.000,9999.000,9999.000
202603071918,   4.710,   4.719,9999.000,9999.000,9999.000,9999.000,9999.000,9999.000,9999.000
202603071924,   4.743,   4.769,9999.000,9999.000,9999.000,9999.000,9999.000,9999.000,9999.000
202603071930,   4.770,   4.729,9999.000,9999.000,9999.000,9999.000,9999.000,9999.000,9999.000
202603071936,   4.789,   4.739,9999.000,9999.000,9999.000,9999.000,9999.000,9999.000,9999.000
202603071942,   4.802,   4.739,9999.000,9999.000,9999.000,9999.000,9999.000,9999.000,9999.000
202603071948,   4.809,   4.759,9999.000,9999.000,9999.000,9999.000,9999.000,9999.000,9999.000
202603071954,   4.808,   4.749,9999.000,9999.000,9999.000,9999.000,9999.000,9999.000,9999.000
202603072000,   4.801,   4.719,   0.300,  -0.382,   4.719,   0.300,   4.719,   0.300,   4.719
202603072006,   4.787,   4.719,9999.000,9999.000,9999.000,9999.000,9999.000,9999.000,9999.000
202603072012,   4.766,   4.719,9999.000,9999.000,9999.000,9999.000,9999.000,9999.000,9999.000
202603072018,   4.739,   4.690,9999.000,9999.000,9999.000,9999.000,9999.000,9999.000,9999.000
202603072024,   4.705,   4.608,9999.000,9999.000,9999.000,9999.000,9999.000,9999.000,9999.000
202603072030,   4.665,   4.578,9999.000,9999.000,9999.000,9999.000,9999.000,9999.000,9999.000
202603072036,   4.619,   4.549,9999.000,9999.000,9999.000,9999.000,9999.000,9999.000,9999.000
202603072042,   4.566,   4.437,9999.000,9999.000,9999.000,9999.000,9999.000,9999.000,9999.000
202603072048,   4.508,   4.378,9999.000,9999.000,9999.000,9999.000,9999.000,9999.000,9999.000
202603072054,   4.444,   4.290,9999.000,9999.000,9999.000,9999.000,9999.000,9999.000,9999.000
202603072100,   4.375,   4.257,   0.300,  -0.418,   4.257,   0.300,   4.257,   0.300,   4.257
202603072106,   4.301,   4.208,9999.000,9999.000,9999.000,9999.000,9999.000,9999.000,9999.000
202603072112,   4.221,   4.149,9999.000,9999.000,9999.000,9999.000,9999.000,9999.000,9999.000
202603072118,   4.136,   4.090,9999.000,9999.000,9999.000,9999.000,9999.000,9999.000,9999.000
202603072124,   4.048,   4.017,9999.000,9999.000,9999.000,9999.000,9999.000,9999.000,9999.000
202603072130,   3.954,   3.939,9999.000,9999.000,9999.000,9999.000,9999.000,9999.000,9999.000
202603072136,   3.857,   3.837,9999.000,9999.000,9999.000,9999.000,9999.000,9999.000,9999.000
202603072142,   3.756,   3.709,9999.000,9999.000,9999.000,9999.000,9999.000,9999.000,9999.000
202603072148,   3.652,   3.578,9999.000,9999.000,9999.000,9999.000,9999.000,9999.000,9999.000
202603072154,   3.545,   3.470,9999.000,9999.000,9999.000,9999.000,9999.000,9999.000,9999.000
202603072200,   3.435,   3.339,   0.300,  -0.396,   3.339,   0.300,   3.339,   0.300,   3.339
202603072206,   3.323,   3.230,9999.000,9999.000,9999.000,9999.000,9999.000,9999.000,9999.000
202603072212,   3.209,   3.129,9999.000,9999.000,9999.000,9999.000,9999.000,9999.000,9999.000
202603072218,   3.093,   2.997,9999.000,9999.000,9999.000,9999.000,9999.000,9999.000,9999.000
202603072224,   2.976,   2.889,9999.000,9999.000,9999.000,9999.000,9999.000,9999.000,9999.000
202603072230,   2.859,   2.787,9999.000,9999.000,9999.000,9999.000,9999.000,9999.000,9999.000
202603072236,   2.741,   2.689,9999.000,9999.000,9999.000,9999.000,9999.000,9999.000,9999.000
202603072242,   2.623,   2.578,9999.000,9999.000,9999.000,9999.000,9999.000,9999.000,9999.000
202603072248,   2.505,   2.499,9999.000,9999.000,9999.000,9999.000,9999.000,9999.000,9999.000
202603072254,   2.388,   2.400,9999.000,9999.000,9999.000,9999.000,9999.000,9999.000,9999.000
202603072300,   2.272,   2.289,   0.300,  -0.283,   2.289,   0.300,   2.289,   0.300,   2.289
202603072306,   2.158,   2.191,9999.000,9999.000,9999.000,9999.000,9999.000,9999.000,9999.000
202603072312,   2.045,   2.079,9999.000,9999.000,9999.000,9999.000,9999.000,9999.000,9999.000
202603072318,   1.933,   1.981,9999.000,9999.000,9999.000,9999.000,9999.000,9999.000,9999.000
202603072324,   1.824,   1.879,9999.000,9999.000,9999.000,9999.000,9999.000,9999.000,9999.000
202603072330,   1.718,   1.790,9999.000,9999.000,9999.000,9999.000,9999.000,9999.000,9999.000
202603072336,   1.614,   1.689,9999.000,9999.000,9999.000,9999.000,9999.000,9999.000,9999.000
202603072342,   1.512,   1.600,9999.000,9999.000,9999.000,9999.000,9999.000,9999.000,9999.000
202603072348,   1.413,   1.508,9999.000,9999.000,9999.000,9999.000,9999.000,9999.000,9999.000
202603072354,   1.317,   0.961,9999.000,9999.000,9999.000,9999.000,9999.000,9999.000,9999.000
202603080000,   1.224,   1.348,   0.300,  -0.176,   1.348,   0.300,   1.348,   0.300,   1.348
202603080006,   1.133,   1.269,9999.000,9999.000,9999.000,9999.000,9999.000,9999.000,9999.000
202603080012,   1.046,   1.190,9999.000,9999.000,9999.000,9999.000,9999.000,9999.000,9999.000
202603080018,   0.962,   1.108,9999.000,9999.000,9999.000,9999.000,9999.000,9999.000,9999.000
202603080024,   0.880,   1.029,9999.000,9999.000,9999.000,9999.000,9999.000,9999.000,9999.000
202603080030,   0.802,   0.961,9999.000,9999.000,9999.000,9999.000,9999.000,9999.000,9999.000
202603080036,   0.727,   0.898,9999.000,9999.000,9999.000,9999.000,9999.000,9999.000,9999.000
202603080042,   0.655,   0.829,9999.000,9999.000,9999.000,9999.000,9999.000,9999.000,9999.000
202603080048,   0.586,   0.770,9999.000,9999.000,9999.000,9999.000,9999.000,9999.000,9999.000
202603080054,   0.520,   0.708,9999.000,9999.000,9999.000,9999.000,9999.000,9999.000,9999.000
202603080100,   0.458,   0.639,   0.300,  -0.119,   0.639,   0.300,   0.639,   0.300,   0.639
202603080106,   0.399,   0.580,9999.000,9999.000,9999.000,9999.000,9999.000,9999.000,9999.000
202603080112,   0.344,   0.518,9999.000,9999.000,9999.000,9999.000,9999.000,9999.000,9999.000
202603080118,   0.294,   0.459,9999.000,9999.000,9999.000,9999.000,9999.000,9999.000,9999.000
202603080124,   0.247,   0.400,9999.000,9999.000,9999.000,9999.000,9999.000,9999.000,9999.000
202603080130,   0.205,   0.341,9999.000,9999.000,9999.000,9999.000,9999.000,9999.000,9999.000
202603080136,   0.168,   0.298,9999.000,9999.000,9999.000,9999.000,9999.000,9999.000,9999.000
202603080142,   0.136,   0.249,9999.000,9999.000,9999.000,9999.000,9999.000,9999.000,9999.000
202603080148,   0.110,   0.219,9999.000,9999.000,9999.000,9999.000,9999.000,9999.000,9999.000
202603080154,   0.089,   0.190,9999.000,9999.000,9999.000,9999.000,9999.000,9999.000,9999.000
202603080200,   0.075,   0.160,   0.300,  -0.215,   0.160,   0.300,   0.160,   0.400,   0.260
202603080206,   0.068,   0.141,9999.000,9999.000,9999.000,9999.000,9999.000,9999.000,9999.000
202603080212,   0.067,   0.111,9999.000,9999.000,9999.000,9999.000,9999.000,9999.000,9999.000
202603080218,   0.074,   0.098,9999.000,9999.000,9999.000,9999.000,9999.000,9999.000,9999.000
202603080224,   0.089,   0.078,9999.000,9999.000,9999.000,9999.000,9999.000,9999.000,9999.000
202603080230,   0.111,   0.068,9999.000,9999.000,9999.000,9999.000,9999.000,9999.000,9999.000
202603080236,   0.141,   0.059,9999.000,9999.000,9999.000,9999.000,9999.000,9999.000,9999.000
202603080242,   0.180,   0.068,9999.000,9999.000,9999.000,9999.000,9999.000,9999.000,9999.000
202603080248,   0.227,   0.088,9999.000,9999.000,9999.000,9999.000,9999.000,9999.000,9999.000
202603080254,   0.282,   0.131,9999.000,9999.000,9999.000,9999.000,9999.000,9999.000,9999.000
202603080300,   0.346,   0.190,   0.400,  -0.556,   0.190,   0.300,   0.090,   0.400,   0.190
202603080306,   0.417,   0.249,9999.000,9999.000,9999.000,9999.000,9999.000,9999.000,9999.000
202603080312,   0.497,   0.341,9999.000,9999.000,9999.000,9999.000,9999.000,9999.000,9999.000
202603080318,   0.584,   0.439,9999.000,9999.000,9999.000,9999.000,9999.000,9999.000,9999.000
202603080324,   0.679,   0.570,9999.000,9999.000,9999.000,9999.000,9999.000,9999.000,9999.000
202603080330,   0.780,   0.731,9999.000,9999.000,9999.000,9999.000,9999.000,9999.000,9999.000
202603080336,   0.888,   0.941,9999.000,9999.000,9999.000,9999.000,9999.000,9999.000,9999.000
202603080342,   1.002,   1.108,9999.000,9999.000,9999.000,9999.000,9999.000,9999.000,9999.000
202603080348,   1.122,   1.239,9999.000,9999.000,9999.000,9999.000,9999.000,9999.000,9999.000
202603080354,   1.247,   1.361,9999.000,9999.000,9999.000,9999.000,9999.000,9999.000,9999.000
202603080400,   1.375,   1.479,   0.400,  -0.296,   1.479,   0.400,   1.479,   0.400,   1.479
202603080406,   1.508,   1.600,9999.000,9999.000,9999.000,9999.000,9999.000,9999.000,9999.000
202603080412,   1.644,   1.728,9999.000,9999.000,9999.000,9999.000,9999.000,9999.000,9999.000
202603080418,   1.782,   1.889,9999.000,9999.000,9999.000,9999.000,9999.000,9999.000,9999.000
202603080424,   1.922,   2.020,9999.000,9999.000,9999.000,9999.000,9999.000,9999.000,9999.000
202603080430,   2.064,   2.158,9999.000,9999.000,9999.000,9999.000,9999.000,9999.000,9999.000
202603080436,   2.206,   2.250,9999.000,9999.000,9999.000,9999.000,9999.000,9999.000,9999.000
202603080442,   2.348,   2.400,9999.000,9999.000,9999.000,9999.000,9999.000,9999.000,9999.000
202603080448,   2.491,   2.528,9999.000,9999.000,9999.000,9999.000,9999.000,9999.000,9999.000
202603080454,   2.632,   2.610,9999.000,9999.000,9999.000,9999.000,9999.000,9999.000,9999.000
202603080500,   2.773,   2.768,   0.400,  -0.405,   2.768,   0.400,   2.768,   0.500,   2.868
202603080506,   2.912,   2.958,9999.000,9999.000,9999.000,9999.000,9999.000,9999.000,9999.000
202603080512,   3.049,   3.129,9999.000,9999.000,9999.000,9999.000,9999.000,9999.000,9999.000
202603080518,   3.184,   3.299,9999.000,9999.000,9999.000,9999.000,9999.000,9999.000,9999.000
202603080524,   3.316,   3.460,9999.000,9999.000,9999.000,9999.000,9999.000,9999.000,9999.000
202603080530,   3.446,   3.558,9999.000,9999.000,9999.000,9999.000,9999.000,9999.000,9999.000
202603080536,   3.572,   3.709,9999.000,9999.000,9999.000,9999.000,9999.000,9999.000,9999.000
202603080542,   3.695,   3.847,9999.000,9999.000,9999.000,9999.000,9999.000,9999.000,9999.000
202603080548,   3.815,   3.978,9999.000,9999.000,9999.000,9999.000,9999.000,9999.000,9999.000
202603080554,   3.932,9999.000,9999.000,9999.000,9999.000,9999.000,9999.000,9999.000,9999.000
202603080600,   4.044,9999.000,   0.400,  -0.382,   4.062,   0.300,   3.962,   0.400,   4.062
202603080606,   4.153,9999.000,9999.000,9999.000,9999.000,9999.000,9999.000,9999.000,9999.000
202603080612,   4.257,9999.000,9999.000,9999.000,9999.000,9999.000,9999.000,9999.000,9999.000
202603080618,   4.357,9999.000,9999.000,9999.000,9999.000,9999.000,9999.000,9999.000,9999.000
202603080624,   4.453,9999.000,9999.000,9999.000,9999.000,9999.000,9999.000,9999.000,9999.000
202603080630,   4.544,9999.000,9999.000,9999.000,9999.000,9999.000,9999.000,9999.000,9999.000
202603080636,   4.630,9999.000,9999.000,9999.000,9999.000,9999.000,9999.000,9999.000,9999.000
202603080642,   4.712,9999.000,9999.000,9999.000,9999.000,9999.000,9999.000,9999.000,9999.000
202603080648,   4.788,9999.000,9999.000,9999.000,9999.000,9999.000,9999.000,9999.000,9999.000
202603080654,   4.859,9999.000,9999.000,9999.000,9999.000,9999.000,9999.000,9999.000,9999.000
202603080700,   4.924,9999.000,   0.400,  -0.358,   4.966,   0.300,   4.866,   0.400,   4.966
202603080706,   4.984,9999.000,9999.000,9999.000,9999.000,9999.000,9999.000,9999.000,9999.000
202603080712,   5.038,9999.000,9999.000,9999.000,9999.000,9999.000,9999.000,9999.000,9999.000
202603080718,   5.086,9999.000,9999.000,9999.000,9999.000,9999.000,9999.000,9999.000,9999.000
202603080724,   5.128,9999.000,9999.000,9999.000,9999.000,9999.000,9999.000,9999.000,9999.000
202603080730,   5.164,9999.000,9999.000,9999.000,9999.000,9999.000,9999.000,9999.000,9999.000
202603080736,   5.194,9999.000,9999.000,9999.000,9999.000,9999.000,9999.000,9999.000,9999.000
202603080742,   5.217,9999.000,9999.000,9999.000,9999.000,9999.000,9999.000,9999.000,9999.000
202603080748,   5.233,9999.000,9999.000,9999.000,9999.000,9999.000,9999.000,9999.000,9999.000
202603080754,   5.243,9999.000,9999.000,9999.000,9999.000,9999.000,9999.000,9999.000,9999.000
202603080800,   5.247,9999.000,   0.300,  -0.335,   5.212,   0.300,   5.212,   0.400,   5.312
202603080806,   5.244,9999.000,9999.000,9999.000,9999.000,9999.000,9999.000,9999.000,9999.000
202603080812,   5.234,9999.000,9999.000,9999.000,9999.000,9999.000,9999.000,9999.000,9999.000
202603080818,   5.218,9999.000,9999.000,9999.000,9999.000,9999.000,9999.000,9999.000,9999.000
202603080824,   5.196,9999.000,9999.000,9999.000,9999.000,9999.000,9999.000,9999.000,9999.000
202603080830,   5.167,9999.000,9999.000,9999.000,9999.000,9999.000,9999.000,9999.000,9999.000
202603080836,   5.131,9999.000,9999.000,9999.000,9999.000,9999.000,9999.000,9999.000,9999.000
202603080842,   5.090,9999.000,9999.000,9999.000,9999.000,9999.000,9999.000,9999.000,9999.000
202603080848,   5.043,9999.000,9999.000,9999.000,9999.000,9999.000,9999.000,9999.000,9999.000
202603080854,   4.990,9999.000,9999.000,9999.000,9999.000,9999.000,9999.000,9999.000,9999.000
202603080900,   4.931,9999.000,   0.300,  -0.312,   4.919,   0.300,   4.919,   0.300,   4.919
202603080906,   4.866,9999.000,9999.000,9999.000,9999.000,9999.000,9999.000,9999.000,9999.000
202603080912,   4.797,9999.000,9999.000,9999.000,9999.000,9999.000,9999.000,9999.000,9999.000
202603080918,   4.722,9999.000,9999.000,9999.000,9999.000,9999.000,9999.000,9999.000,9999.000
202603080924,   4.642,9999.000,9999.000,9999.000,9999.000,9999.000,9999.000,9999.000,9999.000
202603080930,   4.557,9999.000,9999.000,9999.000,9999.000,9999.000,9999.000,9999.000,9999.000
202603080936,   4.468,9999.000,9999.000,9999.000,9999.000,9999.000,9999.000,9999.000,9999.000
202603080942,   4.375,9999.000,9999.000,9999.000,9999.000,9999.000,9999.000,9999.000,9999.000
202603080948,   4.278,9999.000,9999.000,9999.000,9999.000,9999.000,9999.000,9999.000,9999.000
202603080954,   4.177,9999.000,9999.000,9999.000,9999.000,9999.000,9999.000,9999.000,9999.000
202603081000,   4.072,9999.000,   0.300,  -0.288,   4.084,   0.300,   4.084,   0.300,   4.084
202603081006,   3.965,9999.000,9999.000,9999.000,9999.000,9999.000,9999.000,9999.000,9999.000
202603081012,   3.854,9999.000,9999.000,9999.000,9999.000,9999.000,9999.000,9999.000,9999.000
202603081018,   3.741,9999.000,9999.000,9999.000,9999.000,9999.000,9999.000,9999.000,9999.000
202603081024,   3.626,9999.000,9999.000,9999.000,9999.000,9999.000,9999.000,9999.000,9999.000
202603081030,   3.508,9999.000,9999.000,9999.000,9999.000,9999.000,9999.000,9999.000,9999.000
202603081036,   3.389,9999.000,9999.000,9999.000,9999.000,9999.000,9999.000,9999.000,9999.000
202603081042,   3.269,9999.000,9999.000,9999.000,9999.000,9999.000,9999.000,9999.000,9999.000
202603081048,   3.148,9999.000,9999.000,9999.000,9999.000,9999.000,9999.000,9999.000,9999.000
202603081054,   3.026,9999.000,9999.000,9999.000,9999.000,9999.000,9999.000,9999.000,9999.000
202603081100,   2.904,9999.000,   0.300,  -0.265,   2.939,   0.300,   2.939,   0.300,   2.939
202603081106,   2.782,9999.000,9999.000,9999.000,9999.000,9999.000,9999.000,9999.000,9999.000
202603081112,   2.660,9999.000,9999.000,9999.000,9999.000,9999.000,9999.000,9999.000,9999.000
202603081118,   2.540,9999.000,9999.000,9999.000,9999.000,9999.000,9999.000,9999.000,9999.000
202603081124,   2.420,9999.000,9999.000,9999.000,9999.000,9999.000,9999.000,9999.000,9999.000
202603081130,   2.301,9999.000,9999.000,9999.000,9999.000,9999.000,9999.000,9999.000,9999.000
202603081136,   2.184,9999.000,9999.000,9999.000,9999.000,9999.000,9999.000,9999.000,9999.000
202603081142,   2.069,9999.000,9999.000,9999.000,9999.000,9999.000,9999.000,9999.000,9999.000
202603081148,   1.955,9999.000,9999.000,9999.000,9999.000,9999.000,9999.000,9999.000,9999.000
202603081154,   1.844,9999.000,9999.000,9999.000,9999.000,9999.000,9999.000,9999.000,9999.000
202603081200,   1.735,9999.000,   0.300,  -0.242,   1.793,   0.300,   1.793,   0.300,   1.793
202603081206,   1.628,9999.000,9999.000,9999.000,9999.000,9999.000,9999.000,9999.000,9999.000
202603081212,   1.524,9999.000,9999.000,9999.000,9999.000,9999.000,9999.000,9999.000,9999.000
202603081218,   1.422,9999.000,9999.000,9999.000,9999.000,9999.000,9999.000,9999.000,9999.000
202603081224,   1.322,9999.000,9999.000,9999.000,9999.000,9999.000,9999.000,9999.000,9999.000
202603081230,   1.226,9999.000,9999.000,9999.000,9999.000,9999.000,9999.000,9999.000,9999.000
202603081236,   1.131,9999.000,9999.000,9999.000,9999.000,9999.000,9999.000,9999.000,9999.000
202603081242,   1.039,9999.000,9999.000,9999.000,9999.000,9999.000,9999.000,9999.000,9999.000
202603081248,   0.950,9999.000,9999.000,9999.000,9999.000,9999.000,9999.000,9999.000,9999.000
202603081254,   0.863,9999.000,9999.000,9999.000,9999.000,9999.000,9999.000,9999.000,9999.000
202603081300,   0.779,9999.000,   0.300,  -0.218,   0.861,   0.200,   0.761,   0.300,   0.861
202603081306,   0.697,9999.000,9999.000,9999.000,9999.000,9999.000,9999.000,9999.000,9999.000
202603081312,   0.618,9999.000,9999.000,9999.000,9999.000,9999.000,9999.000,9999.000,9999.000
202603081318,   0.542,9999.000,9999.000,9999.000,9999.000,9999.000,9999.000,9999.000,9999.000
202603081324,   0.468,9999.000,9999.000,9999.000,9999.000,9999.000,9999.000,9999.000,9999.000
202603081330,   0.397,9999.000,9999.000,9999.000,9999.000,9999.000,9999.000,9999.000,9999.000
202603081336,   0.330,9999.000,9999.000,9999.000,9999.000,9999.000,9999.000,9999.000,9999.000
202603081342,   0.266,9999.000,9999.000,9999.000,9999.000,9999.000,9999.000,9999.000,9999.000
202603081348,   0.205,9999.000,9999.000,9999.000,9999.000,9999.000,9999.000,9999.000,9999.000
202603081354,   0.148,9999.000,9999.000,9999.000,9999.000,9999.000,9999.000,9999.000,9999.000
202603081400,   0.096,9999.000,   0.200,  -0.195,   0.101,   0.200,   0.101,   0.300,   0.201
202603081406,   0.048,9999.000,9999.000,9999.000,9999.000,9999.000,9999.000,9999.000,9999.000
202603081412,   0.005,9999.000,9999.000,9999.000,9999.000,9999.000,9999.000,9999.000,9999.000
202603081418,  -0.032,9999.000,9999.000,9999.000,9999.000,9999.000,9999.000,9999.000,9999.000
202603081424,  -0.065,9999.000,9999.000,9999.000,9999.000,9999.000,9999.000,9999.000,9999.000
202603081430,  -0.091,9999.000,9999.000,9999.000,9999.000,9999.000,9999.000,9999.000,9999.000
202603081436,  -0.111,9999.000,9999.000,9999.000,9999.000,9999.000,9999.000,9999.000,9999.000
202603081442,  -0.124,9999.000,9999.000,9999.000,9999.000,9999.000,9999.000,9999.000,9999.000
202603081448,  -0.131,9999.000,9999.000,9999.000,9999.000,9999.000,9999.000,9999.000,9999.000
202603081454,  -0.130,9999.000,9999.000,9999.000,9999.000,9999.000,9999.000,9999.000,9999.000
202603081500,  -0.121,9999.000,   0.200,  -0.172,  -0.093,   0.100,  -0.193,   0.300,   0.007
202603081506,  -0.105,9999.000,9999.000,9999.000,9999.000,9999.000,9999.000,9999.000,9999.000
202603081512,  -0.081,9999.000,9999.000,9999.000,9999.000,9999.000,9999.000,9999.000,9999.000
202603081518,  -0.049,9999.000,9999.000,9999.000,9999.000,9999.000,9999.000,9999.000,9999.000
202603081524,  -0.009,9999.000,9999.000,9999.000,9999.000,9999.000,9999.000,9999.000,9999.000
202603081530,   0.037,9999.000,9999.000,9999.000,9999.000,9999.000,9999.000,9999.000,9999.000
202603081536,   0.092,9999.000,9999.000,9999.000,9999.000,9999.000,9999.000,9999.000,9999.000
202603081542,   0.155,9999.000,9999.000,9999.000,9999.000,9999.000,9999.000,9999.000,9999.000
202603081548,   0.225,9999.000,9999.000,9999.000,9999.000,9999.000,9999.000,9999.000,9999.000
202603081554,   0.302,9999.000,9999.000,9999.000,9999.000,9999.000,9999.000,9999.000,9999.000
202603081600,   0.385,9999.000,   0.200,  -0.148,   0.437,   0.100,   0.337,   0.200,   0.437
202603081606,   0.474,9999.000,9999.000,9999.000,9999.000,9999.000,9999.000,9999.000,9999.000
202603081612,   0.570,9999.000,9999.000,9999.000,9999.000,9999.000,9999.000,9999.000,9999.000
202603081618,   0.670,9999.000,9999.000,9999.000,9999.000,9999.000,9999.000,9999.000,9999.000
202603081624,   0.775,9999.000,9999.000,9999.000,9999.000,9999.000,9999.000,9999.000,9999.000
202603081630,   0.883,9999.000,9999.000,9999.000,9999.000,9999.000,9999.000,9999.000,9999.000
202603081636,   0.996,9999.000,9999.000,9999.000,9999.000,9999.000,9999.000,9999.000,9999.000
202603081642,   1.112,9999.000,9999.000,9999.000,9999.000,9999.000,9999.000,9999.000,9999.000
202603081648,   1.230,9999.000,9999.000,9999.000,9999.000,9999.000,9999.000,9999.000,9999.000
202603081654,   1.350,9999.000,9999.000,9999.000,9999.000,9999.000,9999.000,9999.000,9999.000
202603081700,   1.471,9999.000,   0.200,  -0.125,   1.546,   0.100,   1.446,   0.200,   1.546
202603081706,   1.594,9999.000,9999.000,9999.000,9999.000,9999.000,9999.000,9999.000,9999.000
202603081712,   1.717,9999.000,9999.000,9999.000,9999.000,9999.000,9999.000,9999.000,9999.000
202603081718,   1.840,9999.000,9999.000,9999.000,9999.000,9999.000,9999.000,9999.000,9999.000
202603081724,   1.963,9999.000,9999.000,9999.000,9999.000,9999.000,9999.000,9999.000,9999.000
202603081730,   2.086,9999.000,9999.000,9999.000,9999.000,9999.000,9999.000,9999.000,9999.000
202603081736,   2.208,9999.000,9999.000,9999.000,9999.000,9999.000,9999.000,9999.000,9999.000
202603081742,   2.328,9999.000,9999.000,9999.000,9999.000,9999.000,9999.000,9999.000,9999.000
202603081748,   2.448,9999.000,9999.000,9999.000,9999.000,9999.000,9999.000,9999.000,9999.000
202603081754,   2.565,9999.000,9999.000,9999.000,9999.000,9999.000,9999.000,9999.000,9999.000
202603081800,   2.681,9999.000,   0.200,  -0.125,   2.756,   0.100,   2.656,   0.200,   2.756
202603081806,   2.795,9999.000,9999.000,9999.000,9999.000,9999.000,9999.000,9999.000,9999.000
202603081812,   2.906,9999.000,9999.000,9999.000,9999.000,9999.000,9999.000,9999.000,9999.000
202603081818,   3.016,9999.000,9999.000,9999.000,9999.000,9999.000,9999.000,9999.000,9999.000
202603081824,   3.122,9999.000,9999.000,9999.000,9999.000,9999.000,9999.000,9999.000,9999.000
202603081830,   3.226,9999.000,9999.000,9999.000,9999.000,9999.000,9999.000,9999.000,9999.000
202603081836,   3.327,9999.000,9999.000,9999.000,9999.000,9999.000,9999.000,9999.000,9999.000
202603081842,   3.426,9999.000,9999.000,9999.000,9999.000,9999.000,9999.000,9999.000,9999.000
202603081848,   3.521,9999.000,9999.000,9999.000,9999.000,9999.000,9999.000,9999.000,9999.000
202603081854,   3.612,9999.000,9999.000,9999.000,9999.000,9999.000,9999.000,9999.000,9999.000
202603081900,   3.700,9999.000,   0.200,  -0.125,   3.775,   0.100,   3.675,   0.200,   3.775
202603081906,   3.784,9999.000,9999.000,9999.000,9999.000,9999.000,9999.000,9999.000,9999.000
202603081912,   3.864,9999.000,9999.000,9999.000,9999.000,9999.000,9999.000,9999.000,9999.000
202603081918,   3.940,9999.000,9999.000,9999.000,9999.000,9999.000,9999.000,9999.000,9999.000
202603081924,   4.012,9999.000,9999.000,9999.000,9999.000,9999.000,9999.000,9999.000,9999.000
202603081930,   4.079,9999.000,9999.000,9999.000,9999.000,9999.000,9999.000,9999.000,9999.000
202603081936,   4.141,9999.000,9999.000,9999.000,9999.000,9999.000,9999.000,9999.000,9999.000
202603081942,   4.198,9999.000,9999.000,9999.000,9999.000,9999.000,9999.000,9999.000,9999.000
202603081948,   4.250,9999.000,9999.000,9999.000,9999.000,9999.000,9999.000,9999.000,9999.000
202603081954,   4.296,9999.000,9999.000,9999.000,9999.000,9999.000,9999.000,9999.000,9999.000
202603082000,   4.337,9999.000,   0.200,  -0.125,   4.412,   0.100,   4.312,   0.200,   4.412
202603082006,   4.372,9999.000,9999.000,9999.000,9999.000,9999.000,9999.000,9999.000,9999.000
202603082012,   4.401,9999.000,9999.000,9999.000,9999.000,9999.000,9999.000,9999.000,9999.000
202603082018,   4.425,9999.000,9999.000,9999.000,9999.000,9999.000,9999.000,9999.000,9999.000
202603082024,   4.442,9999.000,9999.000,9999.000,9999.000,9999.000,9999.000,9999.000,9999.000
202603082030,   4.453,9999.000,9999.000,9999.000,9999.000,9999.000,9999.000,9999.000,9999.000
202603082036,   4.458,9999.000,9999.000,9999.000,9999.000,9999.000,9999.000,9999.000,9999.000
202603082042,   4.456,9999.000,9999.000,9999.000,9999.000,9999.000,9999.000,9999.000,9999.000
202603082048,   4.449,9999.000,9999.000,9999.000,9999.000,9999.000,9999.000,9999.000,9999.000
202603082054,   4.435,9999.000,9999.000,9999.000,9999.000,9999.000,9999.000,9999.000,9999.000
202603082100,   4.415,9999.000,   0.200,  -0.125,   4.490,   0.100,   4.390,   0.200,   4.490
202603082106,   4.389,9999.000,9999.000,9999.000,9999.000,9999.000,9999.000,9999.000,9999.000
202603082112,   4.357,9999.000,9999.000,9999.000,9999.000,9999.000,9999.000,9999.000,9999.000
202603082118,   4.319,9999.000,9999.000,9999.000,9999.000,9999.000,9999.000,9999.000,9999.000
202603082124,   4.276,9999.000,9999.000,9999.000,9999.000,9999.000,9999.000,9999.000,9999.000
202603082130,   4.227,9999.000,9999.000,9999.000,9999.000,9999.000,9999.000,9999.000,9999.000
202603082136,   4.172,9999.000,9999.000,9999.000,9999.000,9999.000,9999.000,9999.000,9999.000
202603082142,   4.112,9999.000,9999.000,9999.000,9999.000,9999.000,9999.000,9999.000,9999.000
202603082148,   4.047,9999.000,9999.000,9999.000,9999.000,9999.000,9999.000,9999.000,9999.000
202603082154,   3.977,9999.000,9999.000,9999.000,9999.000,9999.000,9999.000,9999.000,9999.000
202603082200,   3.902,9999.000,   0.200,  -0.125,   3.977,   0.100,   3.877,   0.200,   3.977
202603082206,   3.823,9999.000,9999.000,9999.000,9999.000,9999.000,9999.000,9999.000,9999.000
202603082212,   3.739,9999.000,9999.000,9999.000,9999.000,9999.000,9999.000,9999.000,9999.000
202603082218,   3.652,9999.000,9999.000,9999.000,9999.000,9999.000,9999.000,9999.000,9999.000
202603082224,   3.561,9999.000,9999.000,9999.000,9999.000,9999.000,9999.000,9999.000,9999.000
202603082230,   3.466,9999.000,9999.000,9999.000,9999.000,9999.000,9999.000,9999.000,9999.000
202603082236,   3.368,9999.000,9999.000,9999.000,9999.000,9999.000,9999.000,9999.000,9999.000
202603082242,   3.267,9999.000,9999.000,9999.000,9999.000,9999.000,9999.000,9999.000,9999.000
202603082248,   3.164,9999.000,9999.000,9999.000,9999.000,9999.000,9999.000,9999.000,9999.000
202603082254,   3.058,9999.000,9999.000,9999.000,9999.000,9999.000,9999.000,9999.000,9999.000
202603082300,   2.951,9999.000,   0.100,  -0.125,   2.926,   0.100,   2.926,   0.200,   3.026
202603082306,   2.843,9999.000,9999.000,9999.000,9999.000,9999.000,9999.000,9999.000,9999.000
202603082312,   2.733,9999.000,9999.000,9999.000,9999.000,9999.000,9999.000,9999.000,9999.000
202603082318,   2.622,9999.000,9999.000,9999.000,9999.000,9999.000,9999.000,9999.000,9999.000
202603082324,   2.512,9999.000,9999.000,9999.000,9999.000,9999.000,9999.000,9999.000,9999.000
202603082330,   2.401,9999.000,9999.000,9999.000,9999.000,9999.000,9999.000,9999.000,9999.000
202603082336,   2.291,9999.000,9999.000,9999.000,9999.000,9999.000,9999.000,9999.000,9999.000
202603082342,   2.181,9999.000,9999.000,9999.000,9999.000,9999.000,9999.000,9999.000,9999.000
202603082348,   2.073,9999.000,9999.000,9999.000,9999.000,9999.000,9999.000,9999.000,9999.000
202603082354,   1.966,9999.000,9999.000,9999.000,9999.000,9999.000,9999.000,9999.000,9999.000
202603090000,   1.861,9999.000,   0.100,  -0.125,   1.836,   0.100,   1.836,   0.200,   1.936
202603090006,   1.758,9999.000,9999.000,9999.000,9999.000,9999.000,9999.000,9999.000,9999.000
202603090012,   1.657,9999.000,9999.000,9999.000,9999.000,9999.000,9999.000,9999.000,9999.000
202603090018,   1.559,9999.000,9999.000,9999.000,9999.000,9999.000,9999.000,9999.000,9999.000
202603090024,   1.463,9999.000,9999.000,9999.000,9999.000,9999.000,9999.000,9999.000,9999.000
202603090030,   1.370,9999.000,9999.000,9999.000,9999.000,9999.000,9999.000,9999.000,9999.000
202603090036,   1.281,9999.000,9999.000,9999.000,9999.000,9999.000,9999.000,9999.000,9999.000
202603090042,   1.194,9999.000,9999.000,9999.000,9999.000,9999.000,9999.000,9999.000,9999.000
202603090048,   1.111,9999.000,9999.000,9999.000,9999.000,9999.000,9999.000,9999.000,9999.000
202603090054,   1.031,9999.000,9999.000,9999.000,9999.000,9999.000,9999.000,9999.000,9999.000
202603090100,   0.955,9999.000,   0.100,  -0.125,   0.930,   0.100,   0.930,   0.200,   1.030
202603090106,   0.881,9999.000,9999.000,9999.000,9999.000,9999.000,9999.000,9999.000,9999.000
202603090112,   0.811,9999.000,9999.000,9999.000,9999.000,9999.000,9999.000,9999.000,9999.000
202603090118,   0.745,9999.000,9999.000,9999.000,9999.000,9999.000,9999.000,9999.000,9999.000
202603090124,   0.682,9999.000,9999.000,9999.000,9999.000,9999.000,9999.000,9999.000,9999.000
202603090130,   0.622,9999.000,9999.000,9999.000,9999.000,9999.000,9999.000,9999.000,9999.000
202603090136,   0.566,9999.000,9999.000,9999.000,9999.000,9999.000,9999.000,9999.000,9999.000
202603090142,   0.514,9999.000,9999.000,9999.000,9999.000,9999.000,9999.000,9999.000,9999.000
202603090148,   0.465,9999.000,9999.000,9999.000,9999.000,9999.000,9999.000,9999.000,9999.000
202603090154,   0.420,9999.000,9999.000,9999.000,9999.000,9999.000,9999.000,9999.000,9999.000
202603090200,   0.379,9999.000,   0.100,  -0.125,   0.354,   0.100,   0.354,   0.200,   0.454
202603090206,   0.342,9999.000,9999.000,9999.000,9999.000,9999.000,9999.000,9999.000,9999.000
202603090212,   0.310,9999.000,9999.000,9999.000,9999.000,9999.000,9999.000,9999.000,9999.000
202603090218,   0.282,9999.000,9999.000,9999.000,9999.000,9999.000,9999.000,9999.000,9999.000
202603090224,   0.258,9999.000,9999.000,9999.000,9999.000,9999.000,9999.000,9999.000,9999.000
202603090230,   0.240,9999.000,9999.000,9999.000,9999.000,9999.000,9999.000,9999.000,9999.000
202603090236,   0.227,9999.000,9999.000,9999.000,9999.000,9999.000,9999.000,9999.000,9999.000
202603090242,   0.220,9999.000,9999.000,9999.000,9999.000,9999.000,9999.000,9999.000,9999.000
202603090248,   0.219,9999.000,9999.000,9999.000,9999.000,9999.000,9999.000,9999.000,9999.000
202603090254,   0.224,9999.000,9999.000,9999.000,9999.000,9999.000,9999.000,9999.000,9999.000
202603090300,   0.235,9999.000,   0.100,  -0.125,   0.210,   0.100,   0.210,   0.200,   0.310
202603090306,   0.253,9999.000,9999.000,9999.000,9999.000,9999.000,9999.000,9999.000,9999.000
202603090312,   0.279,9999.000,9999.000,9999.000,9999.000,9999.000,9999.000,9999.000,9999.000
202603090318,   0.311,9999.000,9999.000,9999.000,9999.000,9999.000,9999.000,9999.000,9999.000
202603090324,   0.350,9999.000,9999.000,9999.000,9999.000,9999.000,9999.000,9999.000,9999.000
202603090330,   0.397,9999.000,9999.000,9999.000,9999.000,9999.000,9999.000,9999.000,9999.000
202603090336,   0.452,9999.000,9999.000,9999.000,9999.000,9999.000,9999.000,9999.000,9999.000
202603090342,   0.514,9999.000,9999.000,9999.000,9999.000,9999.000,9999.000,9999.000,9999.000
202603090348,   0.583,9999.000,9999.000,9999.000,9999.000,9999.000,9999.000,9999.000,9999.000
202603090354,   0.659,9999.000,9999.000,9999.000,9999.000,9999.000,9999.000,9999.000,9999.000
202603090400,   0.742,9999.000,   0.100,  -0.125,   0.717,   0.100,   0.717,   0.200,   0.817
202603090406,   0.832,9999.000,9999.000,9999.000,9999.000,9999.000,9999.000,9999.000,9999.000
202603090412,   0.929,9999.000,9999.000,9999.000,9999.000,9999.000,9999.000,9999.000,9999.000
202603090418,   1.031,9999.000,9999.000,9999.000,9999.000,9999.000,9999.000,9999.000,9999.000
202603090424,   1.139,9999.000,9999.000,9999.000,9999.000,9999.000,9999.000,9999.000,9999.000
202603090430,   1.251,9999.000,9999.000,9999.000,9999.000,9999.000,9999.000,9999.000,9999.000
202603090436,   1.369,9999.000,9999.000,9999.000,9999.000,9999.000,9999.000,9999.000,9999.000
202603090442,   1.490,9999.000,9999.000,9999.000,9999.000,9999.000,9999.000,9999.000,9999.000
202603090448,   1.615,9999.000,9999.000,9999.000,9999.000,9999.000,9999.000,9999.000,9999.000
202603090454,   1.742,9999.000,9999.000,9999.000,9999.000,9999.000,9999.000,9999.000,9999.000
202603090500,   1.872,9999.000,   0.100,  -0.125,   1.847,   0.100,   1.847,   0.200,   1.947
202603090506,   2.003,9999.000,9999.000,9999.000,9999.000,9999.000,9999.000,9999.000,9999.000
202603090512,   2.136,9999.000,9999.000,9999.000,9999.000,9999.000,9999.000,9999.000,9999.000
202603090518,   2.269,9999.000,9999.000,9999.000,9999.000,9999.000,9999.000,9999.000,9999.000
202603090524,   2.402,9999.000,9999.000,9999.000,9999.000,9999.000,9999.000,9999.000,9999.000
202603090530,   2.534,9999.000,9999.000,9999.000,9999.000,9999.000,9999.000,9999.000,9999.000
202603090536,   2.666,9999.000,9999.000,9999.000,9999.000,9999.000,9999.000,9999.000,9999.000
202603090542,   2.796,9999.000,9999.000,9999.000,9999.000,9999.000,9999.000,9999.000,9999.000
202603090548,   2.925,9999.000,9999.000,9999.000,9999.000,9999.000,9999.000,9999.000,9999.000
202603090554,   3.052,9999.000,9999.000,9999.000,9999.000,9999.000,9999.000,9999.000,9999.000
202603090600,   3.176,9999.000,   0.100,  -0.125,   3.151,   0.100,   3.151,   0.200,   3.251
202603090606,   3.297,9999.000,9999.000,9999.000,9999.000,9999.000,9999.000,9999.000,9999.000
202603090612,   3.416,9999.000,9999.000,9999.000,9999.000,9999.000,9999.000,9999.000,9999.000
202603090618,   3.532,9999.000,9999.000,9999.000,9999.000,9999.000,9999.000,9999.000,9999.000
202603090624,   3.644,9999.000,9999.000,9999.000,9999.000,9999.000,9999.000,9999.000,9999.000
202603090630,   3.753,9999.000,9999.000,9999.000,9999.000,9999.000,9999.000,9999.000,9999.000
202603090636,   3.858,9999.000,9999.000,9999.000,9999.000,9999.000,9999.000,9999.000,9999.000
202603090642,   3.960,9999.000,9999.000,9999.000,9999.000,9999.000,9999.000,9999.000,9999.000
202603090648,   4.058,9999.000,9999.000,9999.000,9999.000,9999.000,9999.000,9999.000,9999.000
202603090654,   4.152,9999.000,9999.000,9999.000,9999.000,9999.000,9999.000,9999.000,9999.000
202603090700,   4.242,9999.000,   0.100,  -0.125,   4.217,   0.100,   4.217,   0.200,   4.317
202603090706,   4.327,9999.000,9999.000,9999.000,9999.000,9999.000,9999.000,9999.000,9999.000
202603090712,   4.409,9999.000,9999.000,9999.000,9999.000,9999.000,9999.000,9999.000,9999.000
202603090718,   4.486,9999.000,9999.000,9999.000,9999.000,9999.000,9999.000,9999.000,9999.000
202603090724,   4.559,9999.000,9999.000,9999.000,9999.000,9999.000,9999.000,9999.000,9999.000
202603090730,   4.627,9999.000,9999.000,9999.000,9999.000,9999.000,9999.000,9999.000,9999.000
202603090736,   4.691,9999.000,9999.000,9999.000,9999.000,9999.000,9999.000,9999.000,9999.000
202603090742,   4.749,9999.000,9999.000,9999.000,9999.000,9999.000,9999.000,9999.000,9999.000
202603090748,   4.803,9999.000,9999.000,9999.000,9999.000,9999.000,9999.000,9999.000,9999.000
202603090754,   4.851,9999.000,9999.000,9999.000,9999.000,9999.000,9999.000,9999.000,9999.000
202603090800,   4.894,9999.000,   0.100,  -0.125,   4.869,   0.100,   4.869,   0.200,   4.969
202603090806,   4.932,9999.000,9999.000,9999.000,9999.000,9999.000,9999.000,9999.000,9999.000
202603090812,   4.965,9999.000,9999.000,9999.000,9999.000,9999.000,9999.000,9999.000,9999.000
202603090818,   4.991,9999.000,9999.000,9999.000,9999.000,9999.000,9999.000,9999.000,9999.000
202603090824,   5.012,9999.000,9999.000,9999.000,9999.000,9999.000,9999.000,9999.000,9999.000
202603090830,   5.028,9999.000,9999.000,9999.000,9999.000,9999.000,9999.000,9999.000,9999.000
202603090836,   5.037,9999.000,9999.000,9999.000,9999.000,9999.000,9999.000,9999.000,9999.000
202603090842,   5.040,9999.000,9999.000,9999.000,9999.000,9999.000,9999.000,9999.000,9999.000
202603090848,   5.038,9999.000,9999.000,9999.000,9999.000,9999.000,9999.000,9999.000,9999.000
202603090854,   5.030,9999.000,9999.000,9999.000,9999.000,9999.000,9999.000,9999.000,9999.000
202603090900,   5.016,9999.000,   0.100,  -0.125,   4.991,   0.100,   4.991,   0.200,   5.091
202603090906,   4.996,9999.000,9999.000,9999.000,9999.000,9999.000,9999.000,9999.000,9999.000
202603090912,   4.970,9999.000,9999.000,9999.000,9999.000,9999.000,9999.000,9999.000,9999.000
202603090918,   4.938,9999.000,9999.000,9999.000,9999.000,9999.000,9999.000,9999.000,9999.000
202603090924,   4.901,9999.000,9999.000,9999.000,9999.000,9999.000,9999.000,9999.000,9999.000
202603090930,   4.859,9999.000,9999.000,9999.000,9999.000,9999.000,9999.000,9999.000,9999.000
202603090936,   4.811,9999.000,9999.000,9999.000,9999.000,9999.000,9999.000,9999.000,9999.000
202603090942,   4.757,9999.000,9999.000,9999.000,9999.000,9999.000,9999.000,9999.000,9999.000
202603090948,   4.699,9999.000,9999.000,9999.000,9999.000,9999.000,9999.000,9999.000,9999.000
202603090954,   4.636,9999.000,9999.000,9999.000,9999.000,9999.000,9999.000,9999.000,9999.000
202603091000,   4.567,9999.000,   0.200,  -0.125,   4.642,   0.100,   4.542,   0.200,   4.642
202603091006,   4.495,9999.000,9999.000,9999.000,9999.000,9999.000,9999.000,9999.000,9999.000
202603091012,   4.417,9999.000,9999.000,9999.000,9999.000,9999.000,9999.000,9999.000,9999.000
202603091018,   4.336,9999.000,9999.000,9999.000,9999.000,9999.000,9999.000,9999.000,9999.000
202603091024,   4.250,9999.000,9999.000,9999.000,9999.000,9999.000,9999.000,9999.000,9999.000
202603091030,   4.161,9999.000,9999.000,9999.000,9999.000,9999.000,9999.000,9999.000,9999.000
202603091036,   4.068,9999.000,9999.000,9999.000,9999.000,9999.000,9999.000,9999.000,9999.000
202603091042,   3.972,9999.000,9999.000,9999.000,9999.000,9999.000,9999.000,9999.000,9999.000
202603091048,   3.872,9999.000,9999.000,9999.000,9999.000,9999.000,9999.000,9999.000,9999.000
202603091054,   3.770,9999.000,9999.000,9999.000,9999.000,9999.000,9999.000,9999.000,9999.000
202603091100,   3.664,9999.000,   0.200,  -0.125,   3.739,   0.100,   3.639,   0.200,   3.739
202603091106,   3.557,9999.000,9999.000,9999.000,9999.000,9999.000,9999.000,9999.000,9999.000
202603091112,   3.447,9999.000,9999.000,9999.000,9999.000,9999.000,9999.000,9999.000,9999.000
202603091118,   3.336,9999.000,9999.000,9999.000,9999.000,9999.000,9999.000,9999.000,9999.000
202603091124,   3.223,9999.000,9999.000,9999.000,9999.000,9999.000,9999.000,9999.000,9999.000
202603091130,   3.109,9999.000,9999.000,9999.000,9999.000,9999.000,9999.000,9999.000,9999.000
202603091136,   2.994,9999.000,9999.000,9999.000,9999.000,9999.000,9999.000,9999.000,9999.000
202603091142,   2.878,9999.000,9999.000,9999.000,9999.000,9999.000,9999.000,9999.000,9999.000
202603091148,   2.762,9999.000,9999.000,9999.000,9999.000,9999.000,9999.000,9999.000,9999.000
202603091154,   2.647,9999.000,9999.000,9999.000,9999.000,9999.000,9999.000,9999.000,9999.000
202603091200,   2.532,9999.000,   0.200,  -0.125,   2.607,   0.100,   2.507,   0.200,   2.607
202603091206,   2.417,9999.000,9999.000,9999.000,9999.000,9999.000,9999.000,9999.000,9999.000
202603091212,   2.304,9999.000,9999.000,9999.000,9999.000,9999.000,9999.000,9999.000,9999.000
202603091218,   2.191,9999.000,9999.000,9999.000,9999.000,9999.000,9999.000,9999.000,9999.000
202603091224,   2.081,9999.000,9999.000,9999.000,9999.000,9999.000,9999.000,9999.000,9999.000
202603091230,   1.972,9999.000,9999.000,9999.000,9999.000,9999.000,9999.000,9999.000,9999.000
202603091236,   1.865,9999.000,9999.000,9999.000,9999.000,9999.000,9999.000,9999.000,9999.000
202603091242,   1.761,9999.000,9999.000,9999.000,9999.000,9999.000,9999.000,9999.000,9999.000
202603091248,   1.658,9999.000,9999.000,9999.000,9999.000,9999.000,9999.000,9999.000,9999.000
202603091254,   1.558,9999.000,9999.000,9999.000,9999.000,9999.000,9999.000,9999.000,9999.000
202603091300,   1.461,9999.000,   0.200,  -0.125,   1.536,   0.100,   1.436,   0.200,   1.536
202603091306,   1.366,9999.000,9999.000,9999.000,9999.000,9999.000,9999.000,9999.000,9999.000
202603091312,   1.274,9999.000,9999.000,9999.000,9999.000,9999.000,9999.000,9999.000,9999.000
202603091318,   1.185,9999.000,9999.000,9999.000,9999.000,9999.000,9999.000,9999.000,9999.000
202603091324,   1.098,9999.000,9999.000,9999.000,9999.000,9999.000,9999.000,9999.000,9999.000
202603091330,   1.014,9999.000,9999.000,9999.000,9999.000,9999.000,9999.000,9999.000,9999.000
202603091336,   0.933,9999.000,9999.000,9999.000,9999.000,9999.000,9999.000,9999.000,9999.000
202603091342,   0.854,9999.000,9999.000,9999.000,9999.000,9999.000,9999.000,9999.000,9999.000
202603091348,   0.778,9999.000,9999.000,9999.000,9999.000,9999.000,9999.000,9999.000,9999.000
202603091354,   0.705,9999.000,9999.000,9999.000,9999.000,9999.000,9999.000,9999.000,9999.000
202603091400,   0.634,9999.000,   0.200,  -0.125,   0.709,   0.100,   0.609,   0.200,   0.709
202603091406,   0.567,9999.000,9999.000,9999.000,9999.000,9999.000,9999.000,9999.000,9999.000
202603091412,   0.502,9999.000,9999.000,9999.000,9999.000,9999.000,9999.000,9999.000,9999.000
202603091418,   0.439,9999.000,9999.000,9999.000,9999.000,9999.000,9999.000,9999.000,9999.000
202603091424,   0.380,9999.000,9999.000,9999.000,9999.000,9999.000,9999.000,9999.000,9999.000
202603091430,   0.324,9999.000,9999.000,9999.000,9999.000,9999.000,9999.000,9999.000,9999.000
202603091436,   0.272,9999.000,9999.000,9999.000,9999.000,9999.000,9999.000,9999.000,9999.000
202603091442,   0.223,9999.000,9999.000,9999.000,9999.000,9999.000,9999.000,9999.000,9999.000
202603091448,   0.178,9999.000,9999.000,9999.000,9999.000,9999.000,9999.000,9999.000,9999.000
202603091454,   0.137,9999.000,9999.000,9999.000,9999.000,9999.000,9999.000,9999.000,9999.000
202603091500,   0.100,9999.000,   0.200,  -0.125,   0.175,   0.100,   0.075,   0.300,   0.275
202603091506,   0.068,9999.000,9999.000,9999.000,9999.000,9999.000,9999.000,9999.000,9999.000
202603091512,   0.041,9999.000,9999.000,9999.000,9999.000,9999.000,9999.000,9999.000,9999.000
202603091518,   0.019,9999.000,9999.000,9999.000,9999.000,9999.000,9999.000,9999.000,9999.000
202603091524,   0.003,9999.000,9999.000,9999.000,9999.000,9999.000,9999.000,9999.000,9999.000
202603091530,  -0.006,9999.000,9999.000,9999.000,9999.000,9999.000,9999.000,9999.000,9999.000
202603091536,  -0.010,9999.000,9999.000,9999.000,9999.000,9999.000,9999.000,9999.000,9999.000
202603091542,  -0.007,9999.000,9999.000,9999.000,9999.000,9999.000,9999.000,9999.000,9999.000
202603091548,   0.001,9999.000,9999.000,9999.000,9999.000,9999.000,9999.000,9999.000,9999.000
202603091554,   0.017,9999.000,9999.000,9999.000,9999.000,9999.000,9999.000,9999.000,9999.000
202603091600,   0.040,9999.000,   0.200,  -0.125,   0.115,   0.200,   0.115,   0.300,   0.215
202603091606,   0.070,9999.000,9999.000,9999.000,9999.000,9999.000,9999.000,9999.000,9999.000
202603091612,   0.107,9999.000,9999.000,9999.000,9999.000,9999.000,9999.000,9999.000,9999.000
202603091618,   0.151,9999.000,9999.000,9999.000,9999.000,9999.000,9999.000,9999.000,9999.000
202603091624,   0.202,9999.000,9999.000,9999.000,9999.000,9999.000,9999.000,9999.000,9999.000
202603091630,   0.260,9999.000,9999.000,9999.000,9999.000,9999.000,9999.000,9999.000,9999.000
202603091636,   0.323,9999.000,9999.000,9999.000,9999.000,9999.000,9999.000,9999.000,9999.000
202603091642,   0.393,9999.000,9999.000,9999.000,9999.000,9999.000,9999.000,9999.000,9999.000
202603091648,   0.469,9999.000,9999.000,9999.000,9999.000,9999.000,9999.000,9999.000,9999.000
202603091654,   0.550,9999.000,9999.000,9999.000,9999.000,9999.000,9999.000,9999.000,9999.000
202603091700,   0.636,9999.000,   0.200,  -0.125,   0.711,   0.200,   0.711,   0.300,   0.811
202603091706,   0.727,9999.000,9999.000,9999.000,9999.000,9999.000,9999.000,9999.000,9999.000
202603091712,   0.822,9999.000,9999.000,9999.000,9999.000,9999.000,9999.000,9999.000,9999.000
202603091718,   0.920,9999.000,9999.000,9999.000,9999.000,9999.000,9999.000,9999.000,9999.000
202603091724,   1.021,9999.000,9999.000,9999.000,9999.000,9999.000,9999.000,9999.000,9999.000
202603091730,   1.125,9999.000,9999.000,9999.000,9999.000,9999.000,9999.000,9999.000,9999.000
202603091736,   1.231,9999.000,9999.000,9999.000,9999.000,9999.000,9999.000,9999.000,9999.000
202603091742,   1.339,9999.000,9999.000,9999.000,9999.000,9999.000,9999.000,9999.000,9999.000
202603091748,   1.448,9999.000,9999.000,9999.000,9999.000,9999.000,9999.000,9999.000,9999.000
202603091754,   1.558,9999.000,9999.000,9999.000,9999.000,9999.000,9999.000,9999.000,9999.000
202603091800,   1.668,9999.000,   0.200,  -0.125,   1.743,   0.200,   1.743,   0.300,   1.843
202603091806,   1.778,9999.000,9999.000,9999.000,9999.000,9999.000,9999.000,9999.000,9999.000
202603091812,   1.888,9999.000,9999.000,9999.000,9999.000,9999.000,9999.000,9999.000,9999.000
202603091818,   1.997,9999.000,9999.000,9999.000,9999.000,9999.000,9999.000,9999.000,9999.000
202603091824,   2.105,9999.000,9999.000,9999.000,9999.000,9999.000,9999.000,9999.000,9999.000
202603091830,   2.212,9999.000,9999.000,9999.000,9999.000,9999.000,9999.000,9999.000,9999.000
202603091836,   2.318,9999.000,9999.000,9999.000,9999.000,9999.000,9999.000,9999.000,9999.000
202603091842,   2.423,9999.000,9999.000,9999.000,9999.000,9999.000,9999.000,9999.000,9999.000
202603091848,   2.525,9999.000,9999.000,9999.000,9999.000,9999.000,9999.000,9999.000,9999.000
202603091854,   2.626,9999.000,9999.000,9999.000,9999.000,9999.000,9999.000,9999.000,9999.000
202603091900,   2.725,9999.000,   0.200,  -0.125,   2.800,   0.200,   2.800,   0.300,   2.900
202603091906,   2.822,9999.000,9999.000,9999.000,9999.000,9999.000,9999.000,9999.000,9999.000
202603091912,   2.916,9999.000,9999.000,9999.000,9999.000,9999.000,9999.000,9999.000,9999.000
202603091918,   3.009,9999.000,9999.000,9999.000,9999.000,9999.000,9999.000,9999.000,9999.000
202603091924,   3.098,9999.000,9999.000,9999.000,9999.000,9999.000,9999.000,9999.000,9999.000
202603091930,   3.186,9999.000,9999.000,9999.000,9999.000,9999.000,9999.000,9999.000,9999.000
202603091936,   3.270,9999.000,9999.000,9999.000,9999.000,9999.000,9999.000,9999.000,9999.000
202603091942,   3.352,9999.000,9999.000,9999.000,9999.000,9999.000,9999.000,9999.000,9999.000
202603091948,   3.430,9999.000,9999.000,9999.000,9999.000,9999.000,9999.000,9999.000,9999.000
202603091954,   3.505,9999.000,9999.000,9999.000,9999.000,9999.000,9999.000,9999.000,9999.000
202603092000,   3.577,9999.000,   0.200,  -0.125,   3.652,   0.200,   3.652,   0.300,   3.752
202603092006,   3.645,9999.000,9999.000,9999.000,9999.000,9999.000,9999.000,9999.000,9999.000
202603092012,   3.710,9999.000,9999.000,9999.000,9999.000,9999.000,9999.000,9999.000,9999.000
202603092018,   3.771,9999.000,9999.000,9999.000,9999.000,9999.000,9999.000,9999.000,9999.000
202603092024,   3.827,9999.000,9999.000,9999.000,9999.000,9999.000,9999.000,9999.000,9999.000
202603092030,   3.879,9999.000,9999.000,9999.000,9999.000,9999.000,9999.000,9999.000,9999.000
202603092036,   3.926,9999.000,9999.000,9999.000,9999.000,9999.000,9999.000,9999.000,9999.000
202603092042,   3.969,9999.000,9999.000,9999.000,9999.000,9999.000,9999.000,9999.000,9999.000
202603092048,   4.007,9999.000,9999.000,9999.000,9999.000,9999.000,9999.000,9999.000,9999.000
202603092054,   4.040,9999.000,9999.000,9999.000,9999.000,9999.000,9999.000,9999.000,9999.000
202603092100,   4.067,9999.000,   0.200,  -0.125,   4.142,   0.200,   4.142,   0.300,   4.242
202603092106,   4.090,9999.000,9999.000,9999.000,9999.000,9999.000,9999.000,9999.000,9999.000
202603092112,   4.107,9999.000,9999.000,9999.000,9999.000,9999.000,9999.000,9999.000,9999.000
202603092118,   4.118,9999.000,9999.000,9999.000,9999.000,9999.000,9999.000,9999.000,9999.000
202603092124,   4.124,9999.000,9999.000,9999.000,9999.000,9999.000,9999.000,9999.000,9999.000
202603092130,   4.124,9999.000,9999.000,9999.000,9999.000,9999.000,9999.000,9999.000,9999.000
202603092136,   4.119,9999.000,9999.000,9999.000,9999.000,9999.000,9999.000,9999.000,9999.000
202603092142,   4.108,9999.000,9999.000,9999.000,9999.000,9999.000,9999.000,9999.000,9999.000
202603092148,   4.092,9999.000,9999.000,9999.000,9999.000,9999.000,9999.000,9999.000,9999.000
202603092154,   4.070,9999.000,9999.000,9999.000,9999.000,9999.000,9999.000,9999.000,9999.000
202603092200,   4.043,9999.000,   0.300,  -0.125,   4.218,   0.200,   4.118,   0.300,   4.218
202603092206,   4.010,9999.000,9999.000,9999.000,9999.000,9999.000,9999.000,9999.000,9999.000
202603092212,   3.972,9999.000,9999.000,9999.000,9999.000,9999.000,9999.000,9999.000,9999.000
202603092218,   3.929,9999.000,9999.000,9999.000,9999.000,9999.000,9999.000,9999.000,9999.000
202603092224,   3.880,9999.000,9999.000,9999.000,9999.000,9999.000,9999.000,9999.000,9999.000
202603092230,   3.827,9999.000,9999.000,9999.000,9999.000,9999.000,9999.000,9999.000,9999.000
202603092236,   3.769,9999.000,9999.000,9999.000,9999.000,9999.000,9999.000,9999.000,9999.000
202603092242,   3.706,9999.000,9999.000,9999.000,9999.000,9999.000,9999.000,9999.000,9999.000
202603092248,   3.639,9999.000,9999.000,9999.000,9999.000,9999.000,9999.000,9999.000,9999.000
202603092254,   3.567,9999.000,9999.000,9999.000,9999.000,9999.000,9999.000,9999.000,9999.000
202603092300,   3.491,9999.000,   0.300,  -0.125,   3.666,   0.200,   3.566,   0.300,   3.666
202603092306,   3.412,9999.000,9999.000,9999.000,9999.000,9999.000,9999.000,9999.000,9999.000
202603092312,   3.328,9999.000,9999.000,9999.000,9999.000,9999.000,9999.000,9999.000,9999.000
202603092318,   3.242,9999.000,9999.000,9999.000,9999.000,9999.000,9999.000,9999.000,9999.000
202603092324,   3.152,9999.000,9999.000,9999.000,9999.000,9999.000,9999.000,9999.000,9999.000
202603092330,   3.059,9999.000,9999.000,9999.000,9999.000,9999.000,9999.000,9999.000,9999.000
202603092336,   2.964,9999.000,9999.000,9999.000,9999.000,9999.000,9999.000,9999.000,9999.000
202603092342,   2.866,9999.000,9999.000,9999.000,9999.000,9999.000,9999.000,9999.000,9999.000
202603092348,   2.767,9999.000,9999.000,9999.000,9999.000,9999.000,9999.000,9999.000,9999.000
202603092354,   2.666,9999.000,9999.000,9999.000,9999.000,9999.000,9999.000,9999.000,9999.000
202603100000,   2.564,9999.000,   0.300,  -0.125,   2.739,   0.200,   2.639,   0.300,   2.739
202603100006,   2.461,9999.000,9999.000,9999.000,9999.000,9999.000,9999.000,9999.000,9999.000
202603100012,   2.358,9999.000,9999.000,9999.000,9999.000,9999.000,9999.000,9999.000,9999.000
202603100018,   2.255,9999.000,9999.000,9999.000,9999.000,9999.000,9999.000,9999.000,9999.000
202603100024,   2.152,9999.000,9999.000,9999.000,9999.000,9999.000,9999.000,9999.000,9999.000
202603100030,   2.050,9999.000,9999.000,9999.000,9999.000,9999.000,9999.000,9999.000,9999.000
202603100036,   1.949,9999.000,9999.000,9999.000,9999.000,9999.000,9999.000,9999.000,9999.000
202603100042,   1.849,9999.000,9999.000,9999.000,9999.000,9999.000,9999.000,9999.000,9999.000
202603100048,   1.751,9999.000,9999.000,9999.000,9999.000,9999.000,9999.000,9999.000,9999.000
202603100054,   1.656,9999.000,9999.000,9999.000,9999.000,9999.000,9999.000,9999.000,9999.000
202603100100,   1.562,9999.000,   0.300,  -0.125,   1.737,   0.200,   1.637,   0.400,   1.837
202603100106,   1.471,9999.000,9999.000,9999.000,9999.000,9999.000,9999.000,9999.000,9999.000
202603100112,   1.384,9999.000,9999.000,9999.000,9999.000,9999.000,9999.000,9999.000,9999.000
202603100118,   1.299,9999.000,9999.000,9999.000,9999.000,9999.000,9999.000,9999.000,9999.000
202603100124,   1.217,9999.000,9999.000,9999.000,9999.000,9999.000,9999.000,9999.000,9999.000
202603100130,   1.139,9999.000,9999.000,9999.000,9999.000,9999.000,9999.000,9999.000,9999.000
202603100136,   1.064,9999.000,9999.000,9999.000,9999.000,9999.000,9999.000,9999.000,9999.000
202603100142,   0.993,9999.000,9999.000,9999.000,9999.000,9999.000,9999.000,9999.000,9999.000
202603100148,   0.925,9999.000,9999.000,9999.000,9999.000,9999.000,9999.000,9999.000,9999.000
202603100154,   0.861,9999.000,9999.000,9999.000,9999.000,9999.000,9999.000,9999.000,9999.000
202603100200,   0.800,9999.000,   0.300,  -0.125,   0.975,   0.200,   0.875,   0.400,   1.075
202603100206,   0.743,9999.000,9999.000,9999.000,9999.000,9999.000,9999.000,9999.000,9999.000
202603100212,   0.690,9999.000,9999.000,9999.000,9999.000,9999.000,9999.000,9999.000,9999.000
202603100218,   0.641,9999.000,9999.000,9999.000,9999.000,9999.000,9999.000,9999.000,9999.000
202603100224,   0.595,9999.000,9999.000,9999.000,9999.000,9999.000,9999.000,9999.000,9999.000
202603100230,   0.552,9999.000,9999.000,9999.000,9999.000,9999.000,9999.000,9999.000,9999.000
202603100236,   0.514,9999.000,9999.000,9999.000,9999.000,9999.000,9999.000,9999.000,9999.000
202603100242,   0.479,9999.000,9999.000,9999.000,9999.000,9999.000,9999.000,9999.000,9999.000
202603100248,   0.448,9999.000,9999.000,9999.000,9999.000,9999.000,9999.000,9999.000,9999.000
202603100254,   0.422,9999.000,9999.000,9999.000,9999.000,9999.000,9999.000,9999.000,9999.000
202603100300,   0.399,9999.000,   0.300,  -0.125,   0.574,   0.200,   0.474,   0.400,   0.674
202603100306,   0.380,9999.000,9999.000,9999.000,9999.000,9999.000,9999.000,9999.000,9999.000
202603100312,   0.366,9999.000,9999.000,9999.000,9999.000,9999.000,9999.000,9999.000,9999.000
202603100318,   0.357,9999.000,9999.000,9999.000,9999.000,9999.000,9999.000,9999.000,9999.000
202603100324,   0.353,9999.000,9999.000,9999.000,9999.000,9999.000,9999.000,9999.000,9999.000
202603100330,   0.353,9999.000,9999.000,9999.000,9999.000,9999.000,9999.000,9999.000,9999.000
202603100336,   0.359,9999.000,9999.000,9999.000,9999.000,9999.000,9999.000,9999.000,9999.000
202603100342,   0.371,9999.000,9999.000,9999.000,9999.000,9999.000,9999.000,9999.000,9999.000
202603100348,   0.389,9999.000,9999.000,9999.000,9999.000,9999.000,9999.000,9999.000,9999.000
202603100354,   0.412,9999.000,9999.000,9999.000,9999.000,9999.000,9999.000,9999.000,9999.000
202603100400,   0.442,9999.000,   0.300,  -0.125,   0.617,   0.200,   0.517,   0.400,   0.717
202603100406,   0.478,9999.000,9999.000,9999.000,9999.000,9999.000,9999.000,9999.000,9999.000
202603100412,   0.521,9999.000,9999.000,9999.000,9999.000,9999.000,9999.000,9999.000,9999.000
202603100418,   0.570,9999.000,9999.000,9999.000,9999.000,9999.000,9999.000,9999.000,9999.000
202603100424,   0.626,9999.000,9999.000,9999.000,9999.000,9999.000,9999.000,9999.000,9999.000
202603100430,   0.688,9999.000,9999.000,9999.000,9999.000,9999.000,9999.000,9999.000,9999.000
202603100436,   0.757,9999.000,9999.000,9999.000,9999.000,9999.000,9999.000,9999.000,9999.000
202603100442,   0.832,9999.000,9999.000,9999.000,9999.000,9999.000,9999.000,9999.000,9999.000
202603100448,   0.913,9999.000,9999.000,9999.000,9999.000,9999.000,9999.000,9999.000,9999.000
202603100454,   1.001,9999.000,9999.000,9999.000,9999.000,9999.000,9999.000,9999.000,9999.000
202603100500,   1.094,9999.000,   0.300,  -0.125,   1.269,   0.200,   1.169,   0.300,   1.269
202603100506,   1.192,9999.000,9999.000,9999.000,9999.000,9999.000,9999.000,9999.000,9999.000
202603100512,   1.295,9999.000,9999.000,9999.000,9999.000,9999.000,9999.000,9999.000,9999.000
202603100518,   1.402,9999.000,9999.000,9999.000,9999.000,9999.000,9999.000,9999.000,9999.000
202603100524,   1.514,9999.000,9999.000,9999.000,9999.000,9999.000,9999.000,9999.000,9999.000
202603100530,   1.628,9999.000,9999.000,9999.000,9999.000,9999.000,9999.000,9999.000,9999.000
202603100536,   1.746,9999.000,9999.000,9999.000,9999.000,9999.000,9999.000,9999.000,9999.000
202603100542,   1.866,9999.000,9999.000,9999.000,9999.000,9999.000,9999.000,9999.000,9999.000
202603100548,   1.987,9999.000,9999.000,9999.000,9999.000,9999.000,9999.000,9999.000,9999.000
202603100554,   2.110,9999.000,9999.000,9999.000,9999.000,9999.000,9999.000,9999.000,9999.000
202603100600,   2.233,9999.000,   0.200,  -0.125,   2.308,   0.200,   2.308,   0.300,   2.408
202603100606,   2.357,9999.000,9999.000,9999.000,9999.000,9999.000,9999.000,9999.000,9999.000
202603100612,   2.480,9999.000,9999.000,9999.000,9999.000,9999.000,9999.000,9999.000,9999.000
202603100618,   2.603,9999.000,9999.000,9999.000,9999.000,9999.000,9999.000,9999.000,9999.000
202603100624,   2.724,9999.000,9999.000,9999.000,9999.000,9999.000,9999.000,9999.000,9999.000
202603100630,   2.844,9999.000,9999.000,9999.000,9999.000,9999.000,9999.000,9999.000,9999.000
202603100636,   2.962,9999.000,9999.000,9999.000,9999.000,9999.000,9999.000,9999.000,9999.000
202603100642,   3.077,9999.000,9999.000,9999.000,9999.000,9999.000,9999.000,9999.000,9999.000
202603100648,   3.190,9999.000,9999.000,9999.000,9999.000,9999.000,9999.000,9999.000,9999.000
202603100654,   3.300,9999.000,9999.000,9999.000,9999.000,9999.000,9999.000,9999.000,9999.000
202603100700,   3.407,9999.000,   0.200,  -0.125,   3.482,   0.200,   3.482,   0.300,   3.582
202603100706,   3.511,9999.000,9999.000,9999.000,9999.000,9999.000,9999.000,9999.000,9999.000
202603100712,   3.612,9999.000,9999.000,9999.000,9999.000,9999.000,9999.000,9999.000,9999.000
202603100718,   3.709,9999.000,9999.000,9999.000,9999.000,9999.000,9999.000,9999.000,9999.000
202603100724,   3.803,9999.000,9999.000,9999.000,9999.000,9999.000,9999.000,9999.000,9999.000
202603100730,   3.893,9999.000,9999.000,9999.000,9999.000,9999.000,9999.000,9999.000,9999.000
202603100736,   3.979,9999.000,9999.000,9999.000,9999.000,9999.000,9999.000,9999.000,9999.000
202603100742,   4.061,9999.000,9999.000,9999.000,9999.000,9999.000,9999.000,9999.000,9999.000
202603100748,   4.140,9999.000,9999.000,9999.000,9999.000,9999.000,9999.000,9999.000,9999.000
202603100754,   4.215,9999.000,9999.000,9999.000,9999.000,9999.000,9999.000,9999.000,9999.000
202603100800,   4.286,9999.000,   0.200,  -0.125,   4.361,   0.100,   4.261,   0.300,   4.461
202603100806,   4.353,9999.000,9999.000,9999.000,9999.000,9999.000,9999.000,9999.000,9999.000
202603100812,   4.415,9999.000,9999.000,9999.000,9999.000,9999.000,9999.000,9999.000,9999.000
202603100818,   4.474,9999.000,9999.000,9999.000,9999.000,9999.000,9999.000,9999.000,9999.000
202603100824,   4.528,9999.000,9999.000,9999.000,9999.000,9999.000,9999.000,9999.000,9999.000
202603100830,   4.578,9999.000,9999.000,9999.000,9999.000,9999.000,9999.000,9999.000,9999.000
202603100836,   4.623,9999.000,9999.000,9999.000,9999.000,9999.000,9999.000,9999.000,9999.000
202603100842,   4.664,9999.000,9999.000,9999.000,9999.000,9999.000,9999.000,9999.000,9999.000
202603100848,   4.700,9999.000,9999.000,9999.000,9999.000,9999.000,9999.000,9999.000,9999.000
202603100854,   4.732,9999.000,9999.000,9999.000,9999.000,9999.000,9999.000,9999.000,9999.000
202603100900,   4.758,9999.000,   0.200,  -0.125,   4.833,   0.100,   4.733,   0.300,   4.933
202603100906,   4.780,9999.000,9999.000,9999.000,9999.000,9999.000,9999.000,9999.000,9999.000
202603100912,   4.796,9999.000,9999.000,9999.000,9999.000,9999.000,9999.000,9999.000,9999.000
202603100918,   4.808,9999.000,9999.000,9999.000,9999.000,9999.000,9999.000,9999.000,9999.000
202603100924,   4.814,9999.000,9999.000,9999.000,9999.000,9999.000,9999.000,9999.000,9999.000
202603100930,   4.815,9999.000,9999.000,9999.000,9999.000,9999.000,9999.000,9999.000,9999.000
202603100936,   4.811,9999.000,9999.000,9999.000,9999.000,9999.000,9999.000,9999.000,9999.000
202603100942,   4.802,9999.000,9999.000,9999.000,9999.000,9999.000,9999.000,9999.000,9999.000
202603100948,   4.787,9999.000,9999.000,9999.000,9999.000,9999.000,9999.000,9999.000,9999.000
202603100954,   4.767,9999.000,9999.000,9999.000,9999.000,9999.000,9999.000,9999.000,9999.000
202603101000,   4.743,9999.000,   0.200,  -0.125,   4.818,   0.100,   4.718,   0.200,   4.818
202603101006,   4.713,9999.000,9999.000,9999.000,9999.000,9999.000,9999.000,9999.000,9999.000
202603101012,   4.678,9999.000,9999.000,9999.000,9999.000,9999.000,9999.000,9999.000,9999.000
202603101018,   4.638,9999.000,9999.000,9999.000,9999.000,9999.000,9999.000,9999.000,9999.000
202603101024,   4.594,9999.000,9999.000,9999.000,9999.000,9999.000,9999.000,9999.000,9999.000
202603101030,   4.544,9999.000,9999.000,9999.000,9999.000,9999.000,9999.000,9999.000,9999.000
202603101036,   4.491,9999.000,9999.000,9999.000,9999.000,9999.000,9999.000,9999.000,9999.000
202603101042,   4.432,9999.000,9999.000,9999.000,9999.000,9999.000,9999.000,9999.000,9999.000
202603101048,   4.369,9999.000,9999.000,9999.000,9999.000,9999.000,9999.000,9999.000,9999.000
202603101054,   4.302,9999.000,9999.000,9999.000,9999.000,9999.000,9999.000,9999.000,9999.000
202603101100,   4.231,9999.000,   0.200,  -0.125,   4.306,   0.100,   4.206,   0.200,   4.306
202603101106,   4.156,9999.000,9999.000,9999.000,9999.000,9999.000,9999.000,9999.000,9999.000
202603101112,   4.077,9999.000,9999.000,9999.000,9999.000,9999.000,9999.000,9999.000,9999.000
202603101118,   3.995,9999.000,9999.000,9999.000,9999.000,9999.000,9999.000,9999.000,9999.000
202603101124,   3.909,9999.000,9999.000,9999.000,9999.000,9999.000,9999.000,9999.000,9999.000
202603101130,   3.820,9999.000,9999.000,9999.000,9999.000,9999.000,9999.000,9999.000,9999.000
202603101136,   3.728,9999.000,9999.000,9999.000,9999.000,9999.000,9999.000,9999.000,9999.000
202603101142,   3.633,9999.000,9999.000,9999.000,9999.000,9999.000,9999.000,9999.000,9999.000
202603101148,   3.535,9999.000,9999.000,9999.000,9999.000,9999.000,9999.000,9999.000,9999.000
202603101154,   3.435,9999.000,9999.000,9999.000,9999.000,9999.000,9999.000,9999.000,9999.000
202603101200,   3.333,9999.000,   0.200,  -0.125,   3.408,   0.100,   3.308,   0.200,   3.408
202603101206,   3.229,9999.000,9999.000,9999.000,9999.000,9999.000,9999.000,9999.000,9999.000
202603101212,   3.123,9999.000,9999.000,9999.000,9999.000,9999.000,9999.000,9999.000,9999.000
202603101218,   3.016,9999.000,9999.000,9999.000,9999.000,9999.000,9999.000,9999.000,9999.000
202603101224,   2.908,9999.000,9999.000,9999.000,9999.000,9999.000,9999.000,9999.000,9999.000
202603101230,   2.800,9999.000,9999.000,9999.000,9999.000,9999.000,9999.000,9999.000,9999.000
202603101236,   2.691,9999.000,9999.000,9999.000,9999.000,9999.000,9999.000,9999.000,9999.000
202603101242,   2.582,9999.000,9999.000,9999.000,9999.000,9999.000,9999.000,9999.000,9999.000
202603101248,   2.474,9999.000,9999.000,9999.000,9999.000,9999.000,9999.000,9999.000,9999.000
202603101254,   2.366,9999.000,9999.000,9999.000,9999.000,9999.000,9999.000,9999.000,9999.000
202603101300,   2.259,9999.000,   0.200,  -0.125,   2.334,   0.100,   2.234,   0.200,   2.334
202603101306,   2.154,9999.000,9999.000,9999.000,9999.000,9999.000,9999.000,9999.000,9999.000
202603101312,   2.050,9999.000,9999.000,9999.000,9999.000,9999.000,9999.000,9999.000,9999.000
202603101318,   1.947,9999.000,9999.000,9999.000,9999.000,9999.000,9999.000,9999.000,9999.000
202603101324,   1.847,9999.000,9999.000,9999.000,9999.000,9999.000,9999.000,9999.000,9999.000
202603101330,   1.749,9999.000,9999.000,9999.000,9999.000,9999.000,9999.000,9999.000,9999.000
202603101336,   1.653,9999.000,9999.000,9999.000,9999.000,9999.000,9999.000,9999.000,9999.000
202603101342,   1.560,9999.000,9999.000,9999.000,9999.000,9999.000,9999.000,9999.000,9999.000
202603101348,   1.469,9999.000,9999.000,9999.000,9999.000,9999.000,9999.000,9999.000,9999.000
202603101354,   1.381,9999.000,9999.000,9999.000,9999.000,9999.000,9999.000,9999.000,9999.000
202603101400,   1.296,9999.000,   0.200,  -0.125,   1.371,   0.100,   1.271,   0.200,   1.371
202603101406,   1.213,9999.000,9999.000,9999.000,9999.000,9999.000,9999.000,9999.000,9999.000
202603101412,   1.133,9999.000,9999.000,9999.000,9999.000,9999.000,9999.000,9999.000,9999.000
202603101418,   1.056,9999.000,9999.000,9999.000,9999.000,9999.000,9999.000,9999.000,9999.000
202603101424,   0.981,9999.000,9999.000,9999.000,9999.000,9999.000,9999.000,9999.000,9999.000
202603101430,   0.909,9999.000,9999.000,9999.000,9999.000,9999.000,9999.000,9999.000,9999.000
202603101436,   0.840,9999.000,9999.000,9999.000,9999.000,9999.000,9999.000,9999.000,9999.000
202603101442,   0.773,9999.000,9999.000,9999.000,9999.000,9999.000,9999.000,9999.000,9999.000
202603101448,   0.709,9999.000,9999.000,9999.000,9999.000,9999.000,9999.000,9999.000,9999.000
202603101454,   0.647,9999.000,9999.000,9999.000,9999.000,9999.000,9999.000,9999.000,9999.000
202603101500,   0.588,9999.000,   0.200,  -0.125,   0.663,   0.100,   0.563,   0.200,   0.663
202603101506,   0.532,9999.000,9999.000,9999.000,9999.000,9999.000,9999.000,9999.000,9999.000
202603101512,   0.478,9999.000,9999.000,9999.000,9999.000,9999.000,9999.000,9999.000,9999.000
202603101518,   0.427,9999.000,9999.000,9999.000,9999.000,9999.000,9999.000,9999.000,9999.000
202603101524,   0.379,9999.000,9999.000,9999.000,9999.000,9999.000,9999.000,9999.000,9999.000
202603101530,   0.334,9999.000,9999.000,9999.000,9999.000,9999.000,9999.000,9999.000,9999.000
202603101536,   0.293,9999.000,9999.000,9999.000,9999.000,9999.000,9999.000,9999.000,9999.000
202603101542,   0.255,9999.000,9999.000,9999.000,9999.000,9999.000,9999.000,9999.000,9999.000
202603101548,   0.220,9999.000,9999.000,9999.000,9999.000,9999.000,9999.000,9999.000,9999.000
202603101554,   0.190,9999.000,9999.000,9999.000,9999.000,9999.000,9999.000,9999.000,9999.000
202603101600,   0.164,9999.000,   0.200,  -0.125,   0.239,   0.100,   0.139,   0.200,   0.239
202603101606,   0.142,9999.000,9999.000,9999.000,9999.000,9999.000,9999.000,9999.000,9999.000
202603101612,   0.126,9999.000,9999.000,9999.000,9999.000,9999.000,9999.000,9999.000,9999.000
202603101618,   0.114,9999.000,9999.000,9999.000,9999.000,9999.000,9999.000,9999.000,9999.000
202603101624,   0.108,9999.000,9999.000,9999.000,9999.000,9999.000,9999.000,9999.000,9999.000
202603101630,   0.108,9999.000,9999.000,9999.000,9999.000,9999.000,9999.000,9999.000,9999.000
202603101636,   0.114,9999.000,9999.000,9999.000,9999.000,9999.000,9999.000,9999.000,9999.000
202603101642,   0.125,9999.000,9999.000,9999.000,9999.000,9999.000,9999.000,9999.000,9999.000
202603101648,   0.143,9999.000,9999.000,9999.000,9999.000,9999.000,9999.000,9999.000,9999.000
202603101654,   0.167,9999.000,9999.000,9999.000,9999.000,9999.000,9999.000,9999.000,9999.000
202603101700,   0.198,9999.000,   0.100,  -0.125,   0.173,   0.100,   0.173,   0.200,   0.273
202603101706,   0.234,9999.000,9999.000,9999.000,9999.000,9999.000,9999.000,9999.000,9999.000
202603101712,   0.277,9999.000,9999.000,9999.000,9999.000,9999.000,9999.000,9999.000,9999.000
202603101718,   0.327,9999.000,9999.000,9999.000,9999.000,9999.000,9999.000,9999.000,9999.000
202603101724,   0.382,9999.000,9999.000,9999.000,9999.000,9999.000,9999.000,9999.000,9999.000
202603101730,   0.442,9999.000,9999.000,9999.000,9999.000,9999.000,9999.000,9999.000,9999.000
202603101736,   0.508,9999.000,9999.000,9999.000,9999.000,9999.000,9999.000,9999.000,9999.000
202603101742,   0.579,9999.000,9999.000,9999.000,9999.000,9999.000,9999.000,9999.000,9999.000
202603101748,   0.655,9999.000,9999.000,9999.000,9999.000,9999.000,9999.000,9999.000,9999.000
202603101754,   0.735,9999.000,9999.000,9999.000,9999.000,9999.000,9999.000,9999.000,9999.000
202603101800,   0.819,9999.000,   0.100,  -0.125,   0.794,   0.100,   0.794,   0.200,   0.894
202603101806,   0.906,9999.000,9999.000,9999.000,9999.000,9999.000,9999.000,9999.000,9999.000
202603101812,   0.997,9999.000,9999.000,9999.000,9999.000,9999.000,9999.000,9999.000,9999.000
202603101818,   1.089,9999.000,9999.000,9999.000,9999.000,9999.000,9999.000,9999.000,9999.000
202603101824,   1.184,9999.000,9999.000,9999.000,9999.000,9999.000,9999.000,9999.000,9999.000
202603101830,   1.280,9999.000,9999.000,9999.000,9999.000,9999.000,9999.000,9999.000,9999.000
202603101836,   1.378,9999.000,9999.000,9999.000,9999.000,9999.000,9999.000,9999.000,9999.000
202603101842,   1.476,9999.000,9999.000,9999.000,9999.000,9999.000,9999.000,9999.000,9999.000
202603101848,   1.575,9999.000,9999.000,9999.000,9999.000,9999.000,9999.000,9999.000,9999.000
202603101854,   1.674,9999.000,9999.000,9999.000,9999.000,9999.000,9999.000,9999.000,9999.000
202603101900,   1.772,9999.000,   0.100,  -0.125,   1.747,   0.100,   1.747,   0.200,   1.847
202603101906,   1.870,9999.000,9999.000,9999.000,9999.000,9999.000,9999.000,9999.000,9999.000
202603101912,   1.968,9999.000,9999.000,9999.000,9999.000,9999.000,9999.000,9999.000,9999.000
202603101918,   2.064,9999.000,9999.000,9999.000,9999.000,9999.000,9999.000,9999.000,9999.000
202603101924,   2.159,9999.000,9999.000,9999.000,9999.000,9999.000,9999.000,9999.000,9999.000
202603101930,   2.253,9999.000,9999.000,9999.000,9999.000,9999.000,9999.000,9999.000,9999.000
202603101936,   2.345,9999.000,9999.000,9999.000,9999.000,9999.000,9999.000,9999.000,9999.000
202603101942,   2.436,9999.000,9999.000,9999.000,9999.000,9999.000,9999.000,9999.000,9999.000
202603101948,   2.525,9999.000,9999.000,9999.000,9999.000,9999.000,9999.000,9999.000,9999.000
202603101954,   2.612,9999.000,9999.000,9999.000,9999.000,9999.000,9999.000,9999.000,9999.000
202603102000,   2.697,9999.000,   0.100,  -0.125,   2.672,   0.100,   2.672,   0.200,   2.772
202603102006,   2.780,9999.000,9999.000,9999.000,9999.000,9999.000,9999.000,9999.000,9999.000
202603102012,   2.862,9999.000,9999.000,9999.000,9999.000,9999.000,9999.000,9999.000,9999.000
202603102018,   2.941,9999.000,9999.000,9999.000,9999.000,9999.000,9999.000,9999.000,9999.000
202603102024,   3.018,9999.000,9999.000,9999.000,9999.000,9999.000,9999.000,9999.000,9999.000
202603102030,   3.092,9999.000,9999.000,9999.000,9999.000,9999.000,9999.000,9999.000,9999.000
202603102036,   3.164,9999.000,9999.000,9999.000,9999.000,9999.000,9999.000,9999.000,9999.000
202603102042,   3.233,9999.000,9999.000,9999.000,9999.000,9999.000,9999.000,9999.000,9999.000
202603102048,   3.299,9999.000,9999.000,9999.000,9999.000,9999.000,9999.000,9999.000,9999.000
202603102054,   3.363,9999.000,9999.000,9999.000,9999.000,9999.000,9999.000,9999.000,9999.000
202603102100,   3.423,9999.000,   0.100,  -0.125,   3.398,   0.100,   3.398,   0.200,   3.498
202603102106,   3.480,9999.000,9999.000,9999.000,9999.000,9999.000,9999.000,9999.000,9999.000
202603102112,   3.534,9999.000,9999.000,9999.000,9999.000,9999.000,9999.000,9999.000,9999.000
202603102118,   3.584,9999.000,9999.000,9999.000,9999.000,9999.000,9999.000,9999.000,9999.000
202603102124,   3.630,9999.000,9999.000,9999.000,9999.000,9999.000,9999.000,9999.000,9999.000
202603102130,   3.672,9999.000,9999.000,9999.000,9999.000,9999.000,9999.000,9999.000,9999.000
202603102136,   3.710,9999.000,9999.000,9999.000,9999.000,9999.000,9999.000,9999.000,9999.000
202603102142,   3.743,9999.000,9999.000,9999.000,9999.000,9999.000,9999.000,9999.000,9999.000
202603102148,   3.773,9999.000,9999.000,9999.000,9999.000,9999.000,9999.000,9999.000,9999.000
202603102154,   3.797,9999.000,9999.000,9999.000,9999.000,9999.000,9999.000,9999.000,9999.000
202603102200,   3.817,9999.000,   0.100,  -0.125,   3.792,   0.100,   3.792,   0.200,   3.892
202603102206,   3.832,9999.000,9999.000,9999.000,9999.000,9999.000,9999.000,9999.000,9999.000
202603102212,   3.842,9999.000,9999.000,9999.000,9999.000,9999.000,9999.000,9999.000,9999.000
202603102218,   3.847,9999.000,9999.000,9999.000,9999.000,9999.000,9999.000,9999.000,9999.000
202603102224,   3.847,9999.000,9999.000,9999.000,9999.000,9999.000,9999.000,9999.000,9999.000
202603102230,   3.842,9999.000,9999.000,9999.000,9999.000,9999.000,9999.000,9999.000,9999.000
202603102236,   3.832,9999.000,9999.000,9999.000,9999.000,9999.000,9999.000,9999.000,9999.000
202603102242,   3.817,9999.000,9999.000,9999.000,9999.000,9999.000,9999.000,9999.000,9999.000
202603102248,   3.797,9999.000,9999.000,9999.000,9999.000,9999.000,9999.000,9999.000,9999.000
202603102254,   3.772,9999.000,9999.000,9999.000,9999.000,9999.000,9999.000,9999.000,9999.000
202603102300,   3.741,9999.000,   0.100,  -0.125,   3.716,   0.100,   3.716,   0.200,   3.816
202603102306,   3.706,9999.000,9999.000,9999.000,9999.000,9999.000,9999.000,9999.000,9999.000
202603102312,   3.666,9999.000,9999.000,9999.000,9999.000,9999.000,9999.000,9999.000,9999.000
202603102318,   3.621,9999.000,9999.000,9999.000,9999.000,9999.000,9999.000,9999.000,9999.000
202603102324,   3.572,9999.000,9999.000,9999.000,9999.000,9999.000,9999.000,9999.000,9999.000
202603102330,   3.518,9999.000,9999.000,9999.000,9999.000,9999.000,9999.000,9999.000,9999.000
202603102336,   3.459,9999.000,9999.000,9999.000,9999.000,9999.000,9999.000,9999.000,9999.000
202603102342,   3.397,9999.000,9999.000,9999.000,9999.000,9999.000,9999.000,9999.000,9999.000
202603102348,   3.330,9999.000,9999.000,9999.000,9999.000,9999.000,9999.000,9999.000,9999.000
202603102354,   3.259,9999.000,9999.000,9999.000,9999.000,9999.000,9999.000,9999.000,9999.000
202603110000,   3.184,9999.000,   0.100,  -0.125,   3.159,   0.100,   3.159,   0.200,   3.259
202603110006,   3.106,9999.000,9999.000,9999.000,9999.000,9999.000,9999.000,9999.000,9999.000
202603110012,   3.025,9999.000,9999.000,9999.000,9999.000,9999.000,9999.000,9999.000,9999.000
202603110018,   2.940,9999.000,9999.000,9999.000,9999.000,9999.000,9999.000,9999.000,9999.000
202603110024,   2.853,9999.000,9999.000,9999.000,9999.000,9999.000,9999.000,9999.000,9999.000
202603110030,   2.764,9999.000,9999.000,9999.000,9999.000,9999.000,9999.000,9999.000,9999.000
202603110036,   2.672,9999.000,9999.000,9999.000,9999.000,9999.000,9999.000,9999.000,9999.000
202603110042,   2.579,9999.000,9999.000,9999.000,9999.000,9999.000,9999.000,9999.000,9999.000
202603110048,   2.484,9999.000,9999.000,9999.000,9999.000,9999.000,9999.000,9999.000,9999.000
202603110054,   2.388,9999.000,9999.000,9999.000,9999.000,9999.000,9999.000,9999.000,9999.000
202603110100,   2.292,9999.000,   0.200,  -0.125,   2.367,   0.100,   2.267,   0.200,   2.367
202603110106,   2.196,9999.000,9999.000,9999.000,9999.000,9999.000,9999.000,9999.000,9999.000
202603110112,   2.100,9999.000,9999.000,9999.000,9999.000,9999.000,9999.000,9999.000,9999.000
202603110118,   2.004,9999.000,9999.000,9999.000,9999.000,9999.000,9999.000,9999.000,9999.000
202603110124,   1.910,9999.000,9999.000,9999.000,9999.000,9999.000,9999.000,9999.000,9999.000
202603110130,   1.816,9999.000,9999.000,9999.000,9999.000,9999.000,9999.000,9999.000,9999.000
202603110136,   1.725,9999.000,9999.000,9999.000,9999.000,9999.000,9999.000,9999.000,9999.000
202603110142,   1.635,9999.000,9999.000,9999.000,9999.000,9999.000,9999.000,9999.000,9999.000
202603110148,   1.548,9999.000,9999.000,9999.000,9999.000,9999.000,9999.000,9999.000,9999.000
202603110154,   1.463,9999.000,9999.000,9999.000,9999.000,9999.000,9999.000,9999.000,9999.000
202603110200,   1.382,9999.000,   0.200,  -0.125,   1.457,   0.100,   1.357,   0.200,   1.457
202603110206,   1.303,9999.000,9999.000,9999.000,9999.000,9999.000,9999.000,9999.000,9999.000
202603110212,   1.227,9999.000,9999.000,9999.000,9999.000,9999.000,9999.000,9999.000,9999.000
202603110218,   1.155,9999.000,9999.000,9999.000,9999.000,9999.000,9999.000,9999.000,9999.000
202603110224,   1.086,9999.000,9999.000,9999.000,9999.000,9999.000,9999.000,9999.000,9999.000
202603110230,   1.021,9999.000,9999.000,9999.000,9999.000,9999.000,9999.000,9999.000,9999.000
202603110236,   0.960,9999.000,9999.000,9999.000,9999.000,9999.000,9999.000,9999.000,9999.000
202603110242,   0.902,9999.000,9999.000,9999.000,9999.000,9999.000,9999.000,9999.000,9999.000
202603110248,   0.847,9999.000,9999.000,9999.000,9999.000,9999.000,9999.000,9999.000,9999.000
202603110254,   0.796,9999.000,9999.000,9999.000,9999.000,9999.000,9999.000,9999.000,9999.000
202603110300,   0.749,9999.000,   0.200,  -0.125,   0.824,   0.100,   0.724,   0.200,   0.824
202603110306,   0.705,9999.000,9999.000,9999.000,9999.000,9999.000,9999.000,9999.000,9999.000
202603110312,   0.665,9999.000,9999.000,9999.000,9999.000,9999.000,9999.000,9999.000,9999.000
202603110318,   0.628,9999.000,9999.000,9999.000,9999.000,9999.000,9999.000,9999.000,9999.000
202603110324,   0.595,9999.000,9999.000,9999.000,9999.000,9999.000,9999.000,9999.000,9999.000
202603110330,   0.565,9999.000,9999.000,9999.000,9999.000,9999.000,9999.000,9999.000,9999.000
202603110336,   0.539,9999.000,9999.000,9999.000,9999.000,9999.000,9999.000,9999.000,9999.000
202603110342,   0.517,9999.000,9999.000,9999.000,9999.000,9999.000,9999.000,9999.000,9999.000
202603110348,   0.498,9999.000,9999.000,9999.000,9999.000,9999.000,9999.000,9999.000,9999.000
202603110354,   0.483,9999.000,9999.000,9999.000,9999.000,9999.000,9999.000,9999.000,9999.000
202603110400,   0.472,9999.000,   0.200,  -0.125,   0.547,   0.100,   0.447,   0.200,   0.547
202603110406,   0.465,9999.000,9999.000,9999.000,9999.000,9999.000,9999.000,9999.000,9999.000
202603110412,   0.463,9999.000,9999.000,9999.000,9999.000,9999.000,9999.000,9999.000,9999.000
202603110418,   0.465,9999.000,9999.000,9999.000,9999.000,9999.000,9999.000,9999.000,9999.000
202603110424,   0.472,9999.000,9999.000,9999.000,9999.000,9999.000,9999.000,9999.000,9999.000
202603110430,   0.484,9999.000,9999.000,9999.000,9999.000,9999.000,9999.000,9999.000,9999.000
202603110436,   0.501,9999.000,9999.000,9999.000,9999.000,9999.000,9999.000,9999.000,9999.000
202603110442,   0.524,9999.000,9999.000,9999.000,9999.000,9999.000,9999.000,9999.000,9999.000
202603110448,   0.552,9999.000,9999.000,9999.000,9999.000,9999.000,9999.000,9999.000,9999.000
202603110454,   0.586,9999.000,9999.000,9999.000,9999.000,9999.000,9999.000,9999.000,9999.000
202603110500,   0.625,9999.000,   0.200,  -0.125,   0.700,   0.100,   0.600,   0.200,   0.700
202603110506,   0.671,9999.000,9999.000,9999.000,9999.000,9999.000,9999.000,9999.000,9999.000
202603110512,   0.723,9999.000,9999.000,9999.000,9999.000,9999.000,9999.000,9999.000,9999.000
202603110518,   0.781,9999.000,9999.000,9999.000,9999.000,9999.000,9999.000,9999.000,9999.000
202603110524,   0.845,9999.000,9999.000,9999.000,9999.000,9999.000,9999.000,9999.000,9999.000
202603110530,   0.915,9999.000,9999.000,9999.000,9999.000,9999.000,9999.000,9999.000,9999.000
202603110536,   0.991,9999.000,9999.000,9999.000,9999.000,9999.000,9999.000,9999.000,9999.000
202603110542,   1.072,9999.000,9999.000,9999.000,9999.000,9999.000,9999.000,9999.000,9999.000
202603110548,   1.158,9999.000,9999.000,9999.000,9999.000,9999.000,9999.000,9999.000,9999.000
202603110554,   1.250,9999.000,9999.000,9999.000,9999.000,9999.000,9999.000,9999.000,9999.000
202603110600,   1.346,9999.000,   0.200,  -0.125,   1.421,   0.100,   1.321,   0.200,   1.421
202603110606,   1.446,9999.000,9999.000,9999.000,9999.000,9999.000,9999.000,9999.000,9999.000
202603110612,   1.549,9999.000,9999.000,9999.000,9999.000,9999.000,9999.000,9999.000,9999.000
202603110618,   1.656,9999.000,9999.000,9999.000,9999.000,9999.000,9999.000,9999.000,9999.000
202603110624,   1.766,9999.000,9999.000,9999.000,9999.000,9999.000,9999.000,9999.000,9999.000
202603110630,   1.878,9999.000,9999.000,9999.000,9999.000,9999.000,9999.000,9999.000,9999.000
202603110636,   1.992,9999.000,9999.000,9999.000,9999.000,9999.000,9999.000,9999.000,9999.000
202603110642,   2.106,9999.000,9999.000,9999.000,9999.000,9999.000,9999.000,9999.000,9999.000
202603110648,   2.222,9999.000,9999.000,9999.000,9999.000,9999.000,9999.000,9999.000,9999.000
202603110654,   2.337,9999.000,9999.000,9999.000,9999.000,9999.000,9999.000,9999.000,9999.000
202603110700,   2.452,9999.000,   0.100,  -0.125,   2.427,   0.000,   2.327,   0.200,   2.527
202603110706,   2.566,9999.000,9999.000,9999.000,9999.000,9999.000,9999.000,9999.000,9999.000
202603110712,   2.679,9999.000,9999.000,9999.000,9999.000,9999.000,9999.000,9999.000,9999.000
202603110718,   2.790,9999.000,9999.000,9999.000,9999.000,9999.000,9999.000,9999.000,9999.000
202603110724,   2.900,9999.000,9999.000,9999.000,9999.000,9999.000,9999.000,9999.000,9999.000
202603110730,   3.007,9999.000,9999.000,9999.000,9999.000,9999.000,9999.000,9999.000,9999.000
202603110736,   3.111,9999.000,9999.000,9999.000,9999.000,9999.000,9999.000,9999.000,9999.000
202603110742,   3.213,9999.000,9999.000,9999.000,9999.000,9999.000,9999.000,9999.000,9999.000
202603110748,   3.312,9999.000,9999.000,9999.000,9999.000,9999.000,9999.000,9999.000,9999.000
202603110754,   3.407,9999.000,9999.000,9999.000,9999.000,9999.000,9999.000,9999.000,9999.000
202603110800,   3.500,9999.000,   0.100,  -0.125,   3.475,   0.000,   3.375,   0.200,   3.575
202603110806,   3.589,9999.000,9999.000,9999.000,9999.000,9999.000,9999.000,9999.000,9999.000
202603110812,   3.675,9999.000,9999.000,9999.000,9999.000,9999.000,9999.000,9999.000,9999.000
202603110818,   3.757,9999.000,9999.000,9999.000,9999.000,9999.000,9999.000,9999.000,9999.000
202603110824,   3.836,9999.000,9999.000,9999.000,9999.000,9999.000,9999.000,9999.000,9999.000
202603110830,   3.911,9999.000,9999.000,9999.000,9999.000,9999.000,9999.000,9999.000,9999.000
202603110836,   3.983,9999.000,9999.000,9999.000,9999.000,9999.000,9999.000,9999.000,9999.000
202603110842,   4.051,9999.000,9999.000,9999.000,9999.000,9999.000,9999.000,9999.000,9999.000
202603110848,   4.115,9999.000,9999.000,9999.000,9999.000,9999.000,9999.000,9999.000,9999.000
202603110854,   4.176,9999.000,9999.000,9999.000,9999.000,9999.000,9999.000,9999.000,9999.000
202603110900,   4.233,9999.000,   0.200,  -0.125,   4.308,   0.000,   4.108,   0.200,   4.308
202603110906,   4.287,9999.000,9999.000,9999.000,9999.000,9999.000,9999.000,9999.000,9999.000
202603110912,   4.337,9999.000,9999.000,9999.000,9999.000,9999.000,9999.000,9999.000,9999.000
202603110918,   4.382,9999.000,9999.000,9999.000,9999.000,9999.000,9999.000,9999.000,9999.000
202603110924,   4.424,9999.000,9999.000,9999.000,9999.000,9999.000,9999.000,9999.000,9999.000
202603110930,   4.462,9999.000,9999.000,9999.000,9999.000,9999.000,9999.000,9999.000,9999.000
202603110936,   4.496,9999.000,9999.000,9999.000,9999.000,9999.000,9999.000,9999.000,9999.000
202603110942,   4.526,9999.000,9999.000,9999.000,9999.000,9999.000,9999.000,9999.000,9999.000
202603110948,   4.552,9999.000,9999.000,9999.000,9999.000,9999.000,9999.000,9999.000,9999.000
202603110954,   4.573,9999.000,9999.000,9999.000,9999.000,9999.000,9999.000,9999.000,9999.000
202603111000,   4.590,9999.000,   0.200,  -0.125,   4.665,   0.100,   4.565,   0.300,   4.765
202603111006,   4.603,9999.000,9999.000,9999.000,9999.000,9999.000,9999.000,9999.000,9999.000
202603111012,   4.611,9999.000,9999.000,9999.000,9999.000,9999.000,9999.000,9999.000,9999.000
202603111018,   4.614,9999.000,9999.000,9999.000,9999.000,9999.000,9999.000,9999.000,9999.000
202603111024,   4.613,9999.000,9999.000,9999.000,9999.000,9999.000,9999.000,9999.000,9999.000
202603111030,   4.607,9999.000,9999.000,9999.000,9999.000,9999.000,9999.000,9999.000,9999.000
202603111036,   4.597,9999.000,9999.000,9999.000,9999.000,9999.000,9999.000,9999.000,9999.000
202603111042,   4.582,9999.000,9999.000,9999.000,9999.000,9999.000,9999.000,9999.000,9999.000
202603111048,   4.562,9999.000,9999.000,9999.000,9999.000,9999.000,9999.000,9999.000,9999.000
202603111054,   4.538,9999.000,9999.000,9999.000,9999.000,9999.000,9999.000,9999.000,9999.000
202603111100,   4.510,9999.000,   0.200,  -0.125,   4.585,   0.100,   4.485,   0.300,   4.685
202603111106,   4.476,9999.000,9999.000,9999.000,9999.000,9999.000,9999.000,9999.000,9999.000
202603111112,   4.438,9999.000,9999.000,9999.000,9999.000,9999.000,9999.000,9999.000,9999.000
202603111118,   4.396,9999.000,9999.000,9999.000,9999.000,9999.000,9999.000,9999.000,9999.000
202603111124,   4.350,9999.000,9999.000,9999.000,9999.000,9999.000,9999.000,9999.000,9999.000
202603111130,   4.299,9999.000,9999.000,9999.000,9999.000,9999.000,9999.000,9999.000,9999.000
202603111136,   4.244,9999.000,9999.000,9999.000,9999.000,9999.000,9999.000,9999.000,9999.000
202603111142,   4.185,9999.000,9999.000,9999.000,9999.000,9999.000,9999.000,9999.000,9999.000
202603111148,   4.122,9999.000,9999.000,9999.000,9999.000,9999.000,9999.000,9999.000,9999.000
202603111154,   4.055,9999.000,9999.000,9999.000,9999.000,9999.000,9999.000,9999.000,9999.000
202603111200,   3.985,9999.000,   0.200,  -0.125,   4.060,   0.100,   3.960,   0.300,   4.160
202603111206,   3.910,9999.000,9999.000,9999.000,9999.000,9999.000,9999.000,9999.000,9999.000
202603111212,   3.833,9999.000,9999.000,9999.000,9999.000,9999.000,9999.000,9999.000,9999.000
202603111218,   3.752,9999.000,9999.000,9999.000,9999.000,9999.000,9999.000,9999.000,9999.000
202603111224,   3.668,9999.000,9999.000,9999.000,9999.000,9999.000,9999.000,9999.000,9999.000
202603111230,   3.581,9999.000,9999.000,9999.000,9999.000,9999.000,9999.000,9999.000,9999.000
202603111236,   3.491,9999.000,9999.000,9999.000,9999.000,9999.000,9999.000,9999.000,9999.000
202603111242,   3.399,9999.000,9999.000,9999.000,9999.000,9999.000,9999.000,9999.000,9999.000
202603111248,   3.304,9999.000,9999.000,9999.000,9999.000,9999.000,9999.000,9999.000,9999.000
202603111254,   3.208,9999.000,9999.000,9999.000,9999.000,9999.000,9999.000,9999.000,9999.000
202603111300,   3.109,9999.000,   0.200,  -0.125,   3.184,   0.100,   3.084,   0.300,   3.284
202603111306,   3.010,9999.000,9999.000,9999.000,9999.000,9999.000,9999.000,9999.000,9999.000
202603111312,   2.909,9999.000,9999.000,9999.000,9999.000,9999.000,9999.000,9999.000,9999.000
202603111318,   2.808,9999.000,9999.000,9999.000,9999.000,9999.000,9999.000,9999.000,9999.000
202603111324,   2.706,9999.000,9999.000,9999.000,9999.000,9999.000,9999.000,9999.000,9999.000
202603111330,   2.604,9999.000,9999.000,9999.000,9999.000,9999.000,9999.000,9999.000,9999.000
202603111336,   2.502,9999.000,9999.000,9999.000,9999.000,9999.000,9999.000,9999.000,9999.000
202603111342,   2.400,9999.000,9999.000,9999.000,9999.000,9999.000,9999.000,9999.000,9999.000
202603111348,   2.299,9999.000,9999.000,9999.000,9999.000,9999.000,9999.000,9999.000,9999.000
202603111354,   2.200,9999.000,9999.000,9999.000,9999.000,9999.000,9999.000,9999.000,9999.000
202603111400,   2.102,9999.000,   0.200,  -0.125,   2.177,   0.200,   2.177,   0.300,   2.277
202603111406,   2.005,9999.000,9999.000,9999.000,9999.000,9999.000,9999.000,9999.000,9999.000
202603111412,   1.910,9999.000,9999.000,9999.000,9999.000,9999.000,9999.000,9999.000,9999.000
202603111418,   1.817,9999.000,9999.000,9999.000,9999.000,9999.000,9999.000,9999.000,9999.000
202603111424,   1.727,9999.000,9999.000,9999.000,9999.000,9999.000,9999.000,9999.000,9999.000
202603111430,   1.638,9999.000,9999.000,9999.000,9999.000,9999.000,9999.000,9999.000,9999.000
202603111436,   1.552,9999.000,9999.000,9999.000,9999.000,9999.000,9999.000,9999.000,9999.000
202603111442,   1.469,9999.000,9999.000,9999.000,9999.000,9999.000,9999.000,9999.000,9999.000
202603111448,   1.388,9999.000,9999.000,9999.000,9999.000,9999.000,9999.000,9999.000,9999.000
202603111454,   1.310,9999.000,9999.000,9999.000,9999.000,9999.000,9999.000,9999.000,9999.000
202603111500,   1.234,9999.000,   0.300,  -0.125,   1.409,   0.200,   1.309,   0.400,   1.509
202603111506,   1.160,9999.000,9999.000,9999.000,9999.000,9999.000,9999.000,9999.000,9999.000
202603111512,   1.089,9999.000,9999.000,9999.000,9999.000,9999.000,9999.000,9999.000,9999.000
202603111518,   1.021,9999.000,9999.000,9999.000,9999.000,9999.000,9999.000,9999.000,9999.000
202603111524,   0.955,9999.000,9999.000,9999.000,9999.000,9999.000,9999.000,9999.000,9999.000
202603111530,   0.891,9999.000,9999.000,9999.000,9999.000,9999.000,9999.000,9999.000,9999.000
202603111536,   0.829,9999.000,9999.000,9999.000,9999.000,9999.000,9999.000,9999.000,9999.000
202603111542,   0.769,9999.000,9999.000,9999.000,9999.000,9999.000,9999.000,9999.000,9999.000
202603111548,   0.712,9999.000,9999.000,9999.000,9999.000,9999.000,9999.000,9999.000,9999.000
202603111554,   0.656,9999.000,9999.000,9999.000,9999.000,9999.000,9999.000,9999.000,9999.000
202603111600,   0.603,9999.000,   0.300,  -0.125,   0.778,   0.200,   0.678,   0.400,   0.878
202603111606,   0.553,9999.000,9999.000,9999.000,9999.000,9999.000,9999.000,9999.000,9999.000
202603111612,   0.504,9999.000,9999.000,9999.000,9999.000,9999.000,9999.000,9999.000,9999.000
202603111618,   0.458,9999.000,9999.000,9999.000,9999.000,9999.000,9999.000,9999.000,9999.000
202603111624,   0.415,9999.000,9999.000,9999.000,9999.000,9999.000,9999.000,9999.000,9999.000
202603111630,   0.375,9999.000,9999.000,9999.000,9999.000,9999.000,9999.000,9999.000,9999.000
202603111636,   0.338,9999.000,9999.000,9999.000,9999.000,9999.000,9999.000,9999.000,9999.000
202603111642,   0.304,9999.000,9999.000,9999.000,9999.000,9999.000,9999.000,9999.000,9999.000
202603111648,   0.274,9999.000,9999.000,9999.000,9999.000,9999.000,9999.000,9999.000,9999.000
202603111654,   0.248,9999.000,9999.000,9999.000,9999.000,9999.000,9999.000,9999.000,9999.000
202603111700,   0.227,9999.000,   0.300,  -0.125,   0.402,   0.200,   0.302,   0.400,   0.502
202603111706,   0.210,9999.000,9999.000,9999.000,9999.000,9999.000,9999.000,9999.000,9999.000
202603111712,   0.198,9999.000,9999.000,9999.000,9999.000,9999.000,9999.000,9999.000,9999.000
202603111718,   0.191,9999.000,9999.000,9999.000,9999.000,9999.000,9999.000,9999.000,9999.000
202603111724,   0.189,9999.000,9999.000,9999.000,9999.000,9999.000,9999.000,9999.000,9999.000
202603111730,   0.193,9999.000,9999.000,9999.000,9999.000,9999.000,9999.000,9999.000,9999.000
202603111736,   0.203,9999.000,9999.000,9999.000,9999.000,9999.000,9999.000,9999.000,9999.000
202603111742,   0.219,9999.000,9999.000,9999.000,9999.000,9999.000,9999.000,9999.000,9999.000
202603111748,   0.241,9999.000,9999.000,9999.000,9999.000,9999.000,9999.000,9999.000,9999.000
202603111754,   0.269,9999.000,9999.000,9999.000,9999.000,9999.000,9999.000,9999.000,9999.000
202603111800,   0.303,9999.000,   0.300,  -0.125,   0.478,   0.200,   0.378,   0.400,   0.578
202603111806,   0.343,9999.000,9999.000,9999.000,9999.000,9999.000,9999.000,9999.000,9999.000
202603111812,   0.388,9999.000,9999.000,9999.000,9999.000,9999.000,9999.000,9999.000,9999.000
202603111818,   0.439,9999.000,9999.000,9999.000,9999.000,9999.000,9999.000,9999.000,9999.000
202603111824,   0.496,9999.000,9999.000,9999.000,9999.000,9999.000,9999.000,9999.000,9999.000
202603111830,   0.557,9999.000,9999.000,9999.000,9999.000,9999.000,9999.000,9999.000,9999.000
202603111836,   0.623,9999.000,9999.000,9999.000,9999.000,9999.000,9999.000,9999.000,9999.000
202603111842,   0.694,9999.000,9999.000,9999.000,9999.000,9999.000,9999.000,9999.000,9999.000
202603111848,   0.768,9999.000,9999.000,9999.000,9999.000,9999.000,9999.000,9999.000,9999.000
202603111854,   0.846,9999.000,9999.000,9999.000,9999.000,9999.000,9999.000,9999.000,9999.000
202603111900,   0.927,9999.000,   0.300,  -0.125,   1.102,   0.200,   1.002,   0.400,   1.202
202603111906,   1.010,9999.000,9999.000,9999.000,9999.000,9999.000,9999.000,9999.000,9999.000
202603111912,   1.096,9999.000,9999.000,9999.000,9999.000,9999.000,9999.000,9999.000,9999.000
202603111918,   1.183,9999.000,9999.000,9999.000,9999.000,9999.000,9999.000,9999.000,9999.000
202603111924,   1.271,9999.000,9999.000,9999.000,9999.000,9999.000,9999.000,9999.000,9999.000
202603111930,   1.361,9999.000,9999.000,9999.000,9999.000,9999.000,9999.000,9999.000,9999.000
202603111936,   1.451,9999.000,9999.000,9999.000,9999.000,9999.000,9999.000,9999.000,9999.000
202603111942,   1.541,9999.000,9999.000,9999.000,9999.000,9999.000,9999.000,9999.000,9999.000
202603111948,   1.632,9999.000,9999.000,9999.000,9999.000,9999.000,9999.000,9999.000,9999.000
202603111954,   1.722,9999.000,9999.000,9999.000,9999.000,9999.000,9999.000,9999.000,9999.000
202603112000,   1.811,9999.000,   0.300,  -0.125,   1.986,   0.200,   1.886,   0.500,   2.186
202603112006,   1.899,9999.000,9999.000,9999.000,9999.000,9999.000,9999.000,9999.000,9999.000
202603112012,   1.987,9999.000,9999.000,9999.000,9999.000,9999.000,9999.000,9999.000,9999.000
202603112018,   2.074,9999.000,9999.000,9999.000,9999.000,9999.000,9999.000,9999.000,9999.000
202603112024,   2.159,9999.000,9999.000,9999.000,9999.000,9999.000,9999.000,9999.000,9999.000
202603112030,   2.243,9999.000,9999.000,9999.000,9999.000,9999.000,9999.000,9999.000,9999.000
202603112036,   2.326,9999.000,9999.000,9999.000,9999.000,9999.000,9999.000,9999.000,9999.000
202603112042,   2.407,9999.000,9999.000,9999.000,9999.000,9999.000,9999.000,9999.000,9999.000
202603112048,   2.486,9999.000,9999.000,9999.000,9999.000,9999.000,9999.000,9999.000,9999.000
202603112054,   2.564,9999.000,9999.000,9999.000,9999.000,9999.000,9999.000,9999.000,9999.000
202603112100,   2.641,9999.000,   0.400,  -0.125,   2.916,   0.200,   2.716,   0.500,   3.016
202603112106,   2.716,9999.000,9999.000,9999.000,9999.000,9999.000,9999.000,9999.000,9999.000
202603112112,   2.789,9999.000,9999.000,9999.000,9999.000,9999.000,9999.000,9999.000,9999.000
202603112118,   2.860,9999.000,9999.000,9999.000,9999.000,9999.000,9999.000,9999.000,9999.000
202603112124,   2.929,9999.000,9999.000,9999.000,9999.000,9999.000,9999.000,9999.000,9999.000
202603112130,   2.996,9999.000,9999.000,9999.000,9999.000,9999.000,9999.000,9999.000,9999.000
202603112136,   3.061,9999.000,9999.000,9999.000,9999.000,9999.000,9999.000,9999.000,9999.000
202603112142,   3.123,9999.000,9999.000,9999.000,9999.000,9999.000,9999.000,9999.000,9999.000
202603112148,   3.183,9999.000,9999.000,9999.000,9999.000,9999.000,9999.000,9999.000,9999.000
202603112154,   3.241,9999.000,9999.000,9999.000,9999.000,9999.000,9999.000,9999.000,9999.000
202603112200,   3.295,9999.000,   0.400,  -0.125,   3.570,   0.200,   3.370,   0.600,   3.770
202603112206,   3.347,9999.000,9999.000,9999.000,9999.000,9999.000,9999.000,9999.000,9999.000
202603112212,   3.395,9999.000,9999.000,9999.000,9999.000,9999.000,9999.000,9999.000,9999.000
202603112218,   3.440,9999.000,9999.000,9999.000,9999.000,9999.000,9999.000,9999.000,9999.000
202603112224,   3.482,9999.000,9999.000,9999.000,9999.000,9999.000,9999.000,9999.000,9999.000
202603112230,   3.519,9999.000,9999.000,9999.000,9999.000,9999.000,9999.000,9999.000,9999.000
202603112236,   3.553,9999.000,9999.000,9999.000,9999.000,9999.000,9999.000,9999.000,9999.000
202603112242,   3.583,9999.000,9999.000,9999.000,9999.000,9999.000,9999.000,9999.000,9999.000
202603112248,   3.608,9999.000,9999.000,9999.000,9999.000,9999.000,9999.000,9999.000,9999.000
202603112254,   3.630,9999.000,9999.000,9999.000,9999.000,9999.000,9999.000,9999.000,9999.000
202603112300,   3.646,9999.000,   0.400,  -0.125,   3.921,   0.300,   3.821,   0.600,   4.121
202603112306,   3.658,9999.000,9999.000,9999.000,9999.000,9999.000,9999.000,9999.000,9999.000
202603112312,   3.666,9999.000,9999.000,9999.000,9999.000,9999.000,9999.000,9999.000,9999.000
202603112318,   3.669,9999.000,9999.000,9999.000,9999.000,9999.000,9999.000,9999.000,9999.000
202603112324,   3.667,9999.000,9999.000,9999.000,9999.000,9999.000,9999.000,9999.000,9999.000
202603112330,   3.660,9999.000,9999.000,9999.000,9999.000,9999.000,9999.000,9999.000,9999.000
202603112336,   3.648,9999.000,9999.000,9999.000,9999.000,9999.000,9999.000,9999.000,9999.000
202603112342,   3.631,9999.000,9999.000,9999.000,9999.000,9999.000,9999.000,9999.000,9999.000
202603112348,   3.609,9999.000,9999.000,9999.000,9999.000,9999.000,9999.000,9999.000,9999.000
202603112354,   3.583,9999.000,9999.000,9999.000,9999.000,9999.000,9999.000,9999.000,9999.000
202603120000,   3.552,9999.000,   0.500,  -0.125,   3.927,   0.300,   3.727,   0.600,   4.027
202603120006,   3.516,9999.000,9999.000,9999.000,9999.000,9999.000,9999.000,9999.000,9999.000
202603120012,   3.475,9999.000,9999.000,9999.000,9999.000,9999.000,9999.000,9999.000,9999.000
202603120018,   3.429,9999.000,9999.000,9999.000,9999.000,9999.000,9999.000,9999.000,9999.000
202603120024,   3.379,9999.000,9999.000,9999.000,9999.000,9999.000,9999.000,9999.000,9999.000
202603120030,   3.325,9999.000,9999.000,9999.000,9999.000,9999.000,9999.000,9999.000,9999.000
202603120036,   3.266,9999.000,9999.000,9999.000,9999.000,9999.000,9999.000,9999.000,9999.000
202603120042,   3.204,9999.000,9999.000,9999.000,9999.000,9999.000,9999.000,9999.000,9999.000
202603120048,   3.137,9999.000,9999.000,9999.000,9999.000,9999.000,9999.000,9999.000,9999.000
202603120054,   3.067,9999.000,9999.000,9999.000,9999.000,9999.000,9999.000,9999.000,9999.000
202603120100,   2.993,9999.000,   0.500,  -0.125,   3.368,   0.300,   3.168,   0.700,   3.568
202603120106,   2.917,9999.000,9999.000,9999.000,9999.000,9999.000,9999.000,9999.000,9999.000
202603120112,   2.837,9999.000,9999.000,9999.000,9999.000,9999.000,9999.000,9999.000,9999.000
202603120118,   2.754,9999.000,9999.000,9999.000,9999.000,9999.000,9999.000,9999.000,9999.000
202603120124,   2.670,9999.000,9999.000,9999.000,9999.000,9999.000,9999.000,9999.000,9999.000
202603120130,   2.583,9999.000,9999.000,9999.000,9999.000,9999.000,9999.000,9999.000,9999.000
202603120136,   2.495,9999.000,9999.000,9999.000,9999.000,9999.000,9999.000,9999.000,9999.000
202603120142,   2.406,9999.000,9999.000,9999.000,9999.000,9999.000,9999.000,9999.000,9999.000
202603120148,   2.315,9999.000,9999.000,9999.000,9999.000,9999.000,9999.000,9999.000,9999.000
202603120154,   2.225,9999.000,9999.000,9999.000,9999.000,9999.000,9999.000,9999.000,9999.000
202603120200,   2.134,9999.000,   0.500,  -0.125,   2.509,   0.300,   2.309,   0.700,   2.709
202603120206,   2.044,9999.000,9999.000,9999.000,9999.000,9999.000,9999.000,9999.000,9999.000
202603120212,   1.954,9999.000,9999.000,9999.000,9999.000,9999.000,9999.000,9999.000,9999.000
202603120218,   1.866,9999.000,9999.000,9999.000,9999.000,9999.000,9999.000,9999.000,9999.000
202603120224,   1.779,9999.000,9999.000,9999.000,9999.000,9999.000,9999.000,9999.000,9999.000
202603120230,   1.694,9999.000,9999.000,9999.000,9999.000,9999.000,9999.000,9999.000,9999.000
202603120236,   1.611,9999.000,9999.000,9999.000,9999.000,9999.000,9999.000,9999.000,9999.000
202603120242,   1.530,9999.000,9999.000,9999.000,9999.000,9999.000,9999.000,9999.000,9999.000
202603120248,   1.452,9999.000,9999.000,9999.000,9999.000,9999.000,9999.000,9999.000,9999.000
202603120254,   1.377,9999.000,9999.000,9999.000,9999.000,9999.000,9999.000,9999.000,9999.000
202603120300,   1.304,9999.000,   0.600,  -0.125,   1.779,   0.400,   1.579,   0.700,   1.879
202603120306,   1.235,9999.000,9999.000,9999.000,9999.000,9999.000,9999.000,9999.000,9999.000
202603120312,   1.169,9999.000,9999.000,9999.000,9999.000,9999.000,9999.000,9999.000,9999.000
202603120318,   1.106,9999.000,9999.000,9999.000,9999.000,9999.000,9999.000,9999.000,9999.000
202603120324,   1.046,9999.000,9999.000,9999.000,9999.000,9999.000,9999.000,9999.000,9999.000
202603120330,   0.990,9999.000,9999.000,9999.000,9999.000,9999.000,9999.000,9999.000,9999.000
202603120336,   0.937,9999.000,9999.000,9999.000,9999.000,9999.000,9999.000,9999.000,9999.000
202603120342,   0.887,9999.000,9999.000,9999.000,9999.000,9999.000,9999.000,9999.000,9999.000
202603120348,   0.841,9999.000,9999.000,9999.000,9999.000,9999.000,9999.000,9999.000,9999.000
202603120354,   0.798,9999.000,9999.000,9999.000,9999.000,9999.000,9999.000,9999.000,9999.000
202603120400,   0.758,9999.000,   0.600,  -0.125,   1.233,   0.400,   1.033,   0.800,   1.433
202603120406,   0.721,9999.000,9999.000,9999.000,9999.000,9999.000,9999.000,9999.000,9999.000
202603120412,   0.687,9999.000,9999.000,9999.000,9999.000,9999.000,9999.000,9999.000,9999.000
202603120418,   0.656,9999.000,9999.000,9999.000,9999.000,9999.000,9999.000,9999.000,9999.000
202603120424,   0.629,9999.000,9999.000,9999.000,9999.000,9999.000,9999.000,9999.000,9999.000
202603120430,   0.605,9999.000,9999.000,9999.000,9999.000,9999.000,9999.000,9999.000,9999.000
202603120436,   0.584,9999.000,9999.000,9999.000,9999.000,9999.000,9999.000,9999.000,9999.000
202603120442,   0.566,9999.000,9999.000,9999.000,9999.000,9999.000,9999.000,9999.000,9999.000
202603120448,   0.552,9999.000,9999.000,9999.000,9999.000,9999.000,9999.000,9999.000,9999.000
202603120454,   0.542,9999.000,9999.000,9999.000,9999.000,9999.000,9999.000,9999.000,9999.000
202603120500,   0.536,9999.000,   0.600,  -0.125,   1.011,   0.500,   0.911,   0.700,   1.111
202603120506,   0.534,9999.000,9999.000,9999.000,9999.000,9999.000,9999.000,9999.000,9999.000
202603120512,   0.536,9999.000,9999.000,9999.000,9999.000,9999.000,9999.000,9999.000,9999.000
202603120518,   0.543,9999.000,9999.000,9999.000,9999.000,9999.000,9999.000,9999.000,9999.000
202603120524,   0.555,9999.000,9999.000,9999.000,9999.000,9999.000,9999.000,9999.000,9999.000
202603120530,   0.572,9999.000,9999.000,9999.000,9999.000,9999.000,9999.000,9999.000,9999.000
202603120536,   0.594,9999.000,9999.000,9999.000,9999.000,9999.000,9999.000,9999.000,9999.000
202603120542,   0.622,9999.000,9999.000,9999.000,9999.000,9999.000,9999.000,9999.000,9999.000
202603120548,   0.655,9999.000,9999.000,9999.000,9999.000,9999.000,9999.000,9999.000,9999.000
202603120554,   0.694,9999.000,9999.000,9999.000,9999.000,9999.000,9999.000,9999.000,9999.000
202603120600,   0.739,9999.000,   0.600,  -0.125,   1.214,   0.500,   1.114,   0.800,   1.414
