        TIME,    TIDE,      OB,   SURGE,    BIAS,     TWL,SURGE90p,  TWL90p,SURGE10p,   TWL10p
202603030000,   4.650,   4.408,   0.100,  -0.342,   4.408,   0.100,   4.408,   0.100,   4.408
202603030006,   4.619,9999.000,9999.000,9999.000,9999.000,9999.000,9999.000,9999.000,9999.000
202603030012,   4.580,   4.509,9999.000,9999.000,9999.000,9999.000,9999.000,9999.000,9999.000
202603030018,   4.533,9999.000,9999.000,9999.000,9999.000,9999.000,9999.000,9999.000,9999.000
202603030024,   4.480,   4.500,9999.000,9999.000,9999.000,9999.000,9999.000,9999.000,9999.000
202603030030,   4.420,9999.000,9999.000,9999.000,9999.000,9999.000,9999.000,9999.000,9999.000
202603030036,   4.353,   4.447,9999.000,9999.000,9999.000,9999.000,9999.000,9999.000,9999.000
202603030042,   4.279,9999.000,9999.000,9999.000,9999.000,9999.000,9999.000,9999.000,9999.000
202603030048,   4.200,   4.359,9999.000,9999.000,9999.000,9999.000,9999.000,9999.000,9999.000
202603030054,   4.115,9999.000,9999.000,9999.000,9999.000,9999.000,9999.000,9999.000,9999.000
202603030100,   4.025,   4.198,   0.100,   0.073,   4.198,   0.000,   4.098,   0.100,   4.198
202603030106,   3.930,   4.119,9999.000,9999.000,9999.000,9999.000,9999.000,9999.000,9999.000
202603030112,   3.830,   4.047,9999.000,9999.000,9999.000,9999.000,9999.000,9999.000,9999.000
202603030118,   3.726,   3.870,9999.000,9999.000,9999.000,9999.000,9999.000,9999.000,9999.000
202603030124,   3.619,   3.778,9999.000,9999.000,9999.000,9999.000,9999.000,9999.000,9999.000
202603030130,   3.508,   3.699,9999.000,9999.000,9999.000,9999.000,9999.000,9999.000,9999.000
202603030136,   3.393,   3.699,9999.000,9999.000,9999.000,9999.000,9999.000,9999.000,9999.000
202603030142,   3.277,   3.607,9999.000,9999.000,9999.000,9999.000,9999.000,9999.000,9999.000
202603030148,   3.157,   3.529,9999.000,9999.000,9999.000,9999.000,9999.000,9999.000,9999.000
202603030154,   3.036,   3.427,9999.000,9999.000,9999.000,9999.000,9999.000,9999.000,9999.000
202603030200,   2.913,   3.319,   0.100,   0.306,   3.319,   0.000,   3.219,   0.100,   3.319
202603030206,   2.789,   3.250,9999.000,9999.000,9999.000,9999.000,9999.000,9999.000,9999.000
202603030212,   2.663,   3.178,9999.000,9999.000,9999.000,9999.000,9999.000,9999.000,9999.000
202603030218,   2.536,   3.070,9999.000,9999.000,9999.000,9999.000,9999.000,9999.000,9999.000
202603030224,   2.408,   2.860,9999.000,9999.000,9999.000,9999.000,9999.000,9999.000,9999.000
202603030230,   2.280,   2.738,9999.000,9999.000,9999.000,9999.000,9999.000,9999.000,9999.000
202603030236,   2.152,   2.738,9999.000,9999.000,9999.000,9999.000,9999.000,9999.000,9999.000
202603030242,   2.023,   2.630,9999.000,9999.000,9999.000,9999.000,9999.000,9999.000,9999.000
202603030248,   1.894,   2.499,9999.000,9999.000,9999.000,9999.000,9999.000,9999.000,9999.000
202603030254,   1.766,   2.400,9999.000,9999.000,9999.000,9999.000,9999.000,9999.000,9999.000
202603030300,   1.638,   2.250,   0.000,   0.612,   2.250,   0.000,   2.250,   0.100,   2.350
202603030306,   1.511,   2.177,9999.000,9999.000,9999.000,9999.000,9999.000,9999.000,9999.000
202603030312,   1.385,   2.079,9999.000,9999.000,9999.000,9999.000,9999.000,9999.000,9999.000
202603030318,   1.260,   1.869,9999.000,9999.000,9999.000,9999.000,9999.000,9999.000,9999.000
202603030324,   1.136,   1.758,9999.000,9999.000,9999.000,9999.000,9999.000,9999.000,9999.000
202603030330,   1.014,   1.659,9999.000,9999.000,9999.000,9999.000,9999.000,9999.000,9999.000
202603030336,   0.893,   1.649,9999.000,9999.000,9999.000,9999.000,9999.000,9999.000,9999.000
202603030342,   0.775,   1.571,9999.000,9999.000,9999.000,9999.000,9999.000,9999.000,9999.000
202603030348,   0.660,   1.469,9999.000,9999.000,9999.000,9999.000,9999.000,9999.000,9999.000
202603030354,   0.548,   1.371,9999.000,9999.000,9999.000,9999.000,9999.000,9999.000,9999.000
202603030400,   0.439,   1.249,   0.000,   0.810,   1.249,   0.000,   1.249,   0.100,   1.349
202603030406,   0.333,   1.128,9999.000,9999.000,9999.000,9999.000,9999.000,9999.000,9999.000
202603030412,   0.232,   1.020,9999.000,9999.000,9999.000,9999.000,9999.000,9999.000,9999.000
202603030418,   0.135,   0.819,9999.000,9999.000,9999.000,9999.000,9999.000,9999.000,9999.000
202603030424,   0.043,   0.698,9999.000,9999.000,9999.000,9999.000,9999.000,9999.000,9999.000
202603030430,  -0.043,   0.610,9999.000,9999.000,9999.000,9999.000,9999.000,9999.000,9999.000
202603030436,  -0.124,   0.610,9999.000,9999.000,9999.000,9999.000,9999.000,9999.000,9999.000
202603030442,  -0.199,   0.541,9999.000,9999.000,9999.000,9999.000,9999.000,9999.000,9999.000
202603030448,  -0.268,   0.449,9999.000,9999.000,9999.000,9999.000,9999.000,9999.000,9999.000
202603030454,  -0.330,   0.350,9999.000,9999.000,9999.000,9999.000,9999.000,9999.000,9999.000
202603030500,  -0.385,   0.268,   0.000,   0.653,   0.268,   0.000,   0.268,   0.100,   0.368
202603030506,  -0.433,   0.170,9999.000,9999.000,9999.000,9999.000,9999.000,9999.000,9999.000
202603030512,  -0.473,   0.121,9999.000,9999.000,9999.000,9999.000,9999.000,9999.000,9999.000
202603030518,  -0.506,   0.059,9999.000,9999.000,9999.000,9999.000,9999.000,9999.000,9999.000
202603030524,  -0.531,  -0.121,9999.000,9999.000,9999.000,9999.000,9999.000,9999.000,9999.000
202603030530,  -0.547,  -0.190,9999.000,9999.000,9999.000,9999.000,9999.000,9999.000,9999.000
202603030536,  -0.556,  -0.190,9999.000,9999.000,9999.000,9999.000,9999.000,9999.000,9999.000
202603030542,  -0.556,  -0.268,9999.000,9999.000,9999.000,9999.000,9999.000,9999.000,9999.000
202603030548,  -0.549,  -0.331,9999.000,9999.000,9999.000,9999.000,9999.000,9999.000,9999.000
202603030554,  -0.533,  -0.400,9999.000,9999.000,9999.000,9999.000,9999.000,9999.000,9999.000
202603030600,  -0.509,  -0.449,   0.000,   0.060,  -0.449,   0.000,  -0.449,   0.100,  -0.349
202603030606,  -0.477,  -0.429,9999.000,9999.000,9999.000,9999.000,9999.000,9999.000,9999.000
202603030612,  -0.438,  -0.459,9999.000,9999.000,9999.000,9999.000,9999.000,9999.000,9999.000
202603030618,  -0.391,  -0.518,9999.000,9999.000,9999.000,9999.000,9999.000,9999.000,9999.000
202603030624,  -0.337,  -0.560,9999.000,9999.000,9999.000,9999.000,9999.000,9999.000,9999.000
202603030630,  -0.275,  -0.580,9999.000,9999.000,9999.000,9999.000,9999.000,9999.000,9999.000
202603030636,  -0.207,  -0.580,9999.000,9999.000,9999.000,9999.000,9999.000,9999.000,9999.000
202603030642,  -0.133,  -0.619,9999.000,9999.000,9999.000,9999.000,9999.000,9999.000,9999.000
202603030648,  -0.053,  -0.590,9999.000,9999.000,9999.000,9999.000,9999.000,9999.000,9999.000
202603030654,   0.033,  -0.541,9999.000,9999.000,9999.000,9999.000,9999.000,9999.000,9999.000
202603030700,   0.124,  -0.469,   0.000,  -0.593,  -0.469,   0.000,  -0.469,   0.100,  -0.369
202603030706,   0.221,  -0.409,9999.000,9999.000,9999.000,9999.000,9999.000,9999.000,9999.000
202603030712,   0.322,  -0.331,9999.000,9999.000,9999.000,9999.000,9999.000,9999.000,9999.000
202603030718,   0.428,  -0.180,9999.000,9999.000,9999.000,9999.000,9999.000,9999.000,9999.000
202603030724,   0.538,  -0.059,9999.000,9999.000,9999.000,9999.000,9999.000,9999.000,9999.000
202603030730,   0.651,   0.029,9999.000,9999.000,9999.000,9999.000,9999.000,9999.000,9999.000
202603030736,   0.767,   0.029,9999.000,9999.000,9999.000,9999.000,9999.000,9999.000,9999.000
202603030742,   0.886,   0.111,9999.000,9999.000,9999.000,9999.000,9999.000,9999.000,9999.000
202603030748,   1.008,   0.219,9999.000,9999.000,9999.000,9999.000,9999.000,9999.000,9999.000
202603030754,   1.132,   0.321,9999.000,9999.000,9999.000,9999.000,9999.000,9999.000,9999.000
202603030800,   1.258,   0.400,   0.000,  -0.858,   0.400,   0.000,   0.400,   0.100,   0.500
202603030806,   1.385,   0.531,9999.000,9999.000,9999.000,9999.000,9999.000,9999.000,9999.000
202603030812,   1.513,   0.629,9999.000,9999.000,9999.000,9999.000,9999.000,9999.000,9999.000
202603030818,   1.643,   0.819,9999.000,9999.000,9999.000,9999.000,9999.000,9999.000,9999.000
202603030824,   1.773,   0.918,9999.000,9999.000,9999.000,9999.000,9999.000,9999.000,9999.000
202603030830,   1.903,   1.069,9999.000,9999.000,9999.000,9999.000,9999.000,9999.000,9999.000
202603030836,   2.034,   1.069,9999.000,9999.000,9999.000,9999.000,9999.000,9999.000,9999.000
202603030842,   2.165,   1.220,9999.000,9999.000,9999.000,9999.000,9999.000,9999.000,9999.000
202603030848,   2.295,   1.308,9999.000,9999.000,9999.000,9999.000,9999.000,9999.000,9999.000
202603030854,   2.424,   1.439,9999.000,9999.000,9999.000,9999.000,9999.000,9999.000,9999.000
202603030900,   2.553,   1.580,   0.000,  -0.973,   1.580,   0.000,   1.580,   0.100,   1.680
202603030906,   2.681,   1.708,9999.000,9999.000,9999.000,9999.000,9999.000,9999.000,9999.000
202603030912,   2.808,   1.840,9999.000,9999.000,9999.000,9999.000,9999.000,9999.000,9999.000
202603030918,   2.934,   2.079,9999.000,9999.000,9999.000,9999.000,9999.000,9999.000,9999.000
202603030924,   3.057,   2.200,9999.000,9999.000,9999.000,9999.000,9999.000,9999.000,9999.000
202603030930,   3.179,   2.318,9999.000,9999.000,9999.000,9999.000,9999.000,9999.000,9999.000
202603030936,   3.299,   2.318,9999.000,9999.000,9999.000,9999.000,9999.000,9999.000,9999.000
202603030942,   3.417,   2.450,9999.000,9999.000,9999.000,9999.000,9999.000,9999.000,9999.000
202603030948,   3.532,   2.558,9999.000,9999.000,9999.000,9999.000,9999.000,9999.000,9999.000
202603030954,   3.645,   2.679,9999.000,9999.000,9999.000,9999.000,9999.000,9999.000,9999.000
202603031000,   3.755,   2.807,   0.100,  -1.048,   2.807,   0.000,   2.707,   0.100,   2.807
202603031006,   3.861,   2.919,9999.000,9999.000,9999.000,9999.000,9999.000,9999.000,9999.000
202603031012,   3.964,   3.050,9999.000,9999.000,9999.000,9999.000,9999.000,9999.000,9999.000
202603031018,   4.063,   3.168,9999.000,9999.000,9999.000,9999.000,9999.000,9999.000,9999.000
202603031024,   4.159,   3.407,9999.000,9999.000,9999.000,9999.000,9999.000,9999.000,9999.000
202603031030,   4.250,   3.548,9999.000,9999.000,9999.000,9999.000,9999.000,9999.000,9999.000
202603031036,   4.336,   3.548,9999.000,9999.000,9999.000,9999.000,9999.000,9999.000,9999.000
202603031042,   4.418,   3.627,9999.000,9999.000,9999.000,9999.000,9999.000,9999.000,9999.000
202603031048,   4.495,   3.749,9999.000,9999.000,9999.000,9999.000,9999.000,9999.000,9999.000
202603031054,   4.566,   3.860,9999.000,9999.000,9999.000,9999.000,9999.000,9999.000,9999.000
202603031100,   4.632,   3.978,   0.100,  -0.754,   3.978,   0.000,   3.878,   0.200,   4.078
202603031106,   4.692,   4.080,9999.000,9999.000,9999.000,9999.000,9999.000,9999.000,9999.000
202603031112,   4.745,   4.168,9999.000,9999.000,9999.000,9999.000,9999.000,9999.000,9999.000
202603031118,   4.793,   4.267,9999.000,9999.000,9999.000,9999.000,9999.000,9999.000,9999.000
202603031124,   4.833,   4.457,9999.000,9999.000,9999.000,9999.000,9999.000,9999.000,9999.000
202603031130,   4.867,   4.559,9999.000,9999.000,9999.000,9999.000,9999.000,9999.000,9999.000
202603031136,   4.894,   4.559,9999.000,9999.000,9999.000,9999.000,9999.000,9999.000,9999.000
202603031142,   4.914,   4.608,9999.000,9999.000,9999.000,9999.000,9999.000,9999.000,9999.000
202603031148,   4.926,   4.690,9999.000,9999.000,9999.000,9999.000,9999.000,9999.000,9999.000
202603031154,   4.931,   4.769,9999.000,9999.000,9999.000,9999.000,9999.000,9999.000,9999.000
202603031200,   4.928,   4.808,   0.100,  -0.220,   4.808,   0.100,   4.808,   0.200,   4.908
202603031206,   4.918,   4.877,9999.000,9999.000,9999.000,9999.000,9999.000,9999.000,9999.000
202603031212,   4.900,   4.900,9999.000,9999.000,9999.000,9999.000,9999.000,9999.000,9999.000
202603031218,   4.875,   4.919,9999.000,9999.000,9999.000,9999.000,9999.000,9999.000,9999.000
202603031224,   4.843,   4.929,9999.000,9999.000,9999.000,9999.000,9999.000,9999.000,9999.000
202603031230,   4.803,   4.910,9999.000,9999.000,9999.000,9999.000,9999.000,9999.000,9999.000
202603031236,   4.756,   4.910,9999.000,9999.000,9999.000,9999.000,9999.000,9999.000,9999.000
202603031242,   4.702,   4.877,9999.000,9999.000,9999.000,9999.000,9999.000,9999.000,9999.000
202603031248,   4.641,   4.818,9999.000,9999.000,9999.000,9999.000,9999.000,9999.000,9999.000
202603031254,   4.574,   4.837,9999.000,9999.000,9999.000,9999.000,9999.000,9999.000,9999.000
202603031300,   4.500,   4.778,   0.100,   0.178,   4.778,   0.100,   4.778,   0.200,   4.878
202603031306,   4.420,   4.690,9999.000,9999.000,9999.000,9999.000,9999.000,9999.000,9999.000
202603031312,   4.335,   4.637,9999.000,9999.000,9999.000,9999.000,9999.000,9999.000,9999.000
202603031318,   4.245,   4.559,9999.000,9999.000,9999.000,9999.000,9999.000,9999.000,9999.000
202603031324,   4.149,   4.467,9999.000,9999.000,9999.000,9999.000,9999.000,9999.000,9999.000
202603031330,   4.049,   4.378,9999.000,9999.000,9999.000,9999.000,9999.000,9999.000,9999.000
202603031336,   3.945,   4.378,9999.000,9999.000,9999.000,9999.000,9999.000,9999.000,9999.000
202603031342,   3.837,   4.329,9999.000,9999.000,9999.000,9999.000,9999.000,9999.000,9999.000
202603031348,   3.725,   4.247,9999.000,9999.000,9999.000,9999.000,9999.000,9999.000,9999.000
202603031354,   3.611,   4.149,9999.000,9999.000,9999.000,9999.000,9999.000,9999.000,9999.000
202603031400,   3.493,   4.057,   0.100,   0.464,   4.057,   0.100,   4.057,   0.200,   4.157
202603031406,   3.373,   3.958,9999.000,9999.000,9999.000,9999.000,9999.000,9999.000,9999.000
202603031412,   3.250,   3.899,9999.000,9999.000,9999.000,9999.000,9999.000,9999.000,9999.000
202603031418,   3.126,   3.689,9999.000,9999.000,9999.000,9999.000,9999.000,9999.000,9999.000
202603031424,   3.000,   3.617,9999.000,9999.000,9999.000,9999.000,9999.000,9999.000,9999.000
202603031430,   2.872,   3.519,9999.000,9999.000,9999.000,9999.000,9999.000,9999.000,9999.000
202603031436,   2.744,   3.529,9999.000,9999.000,9999.000,9999.000,9999.000,9999.000,9999.000
202603031442,   2.614,   3.398,9999.000,9999.000,9999.000,9999.000,9999.000,9999.000,9999.000
202603031448,   2.483,   3.270,9999.000,9999.000,9999.000,9999.000,9999.000,9999.000,9999.000
202603031454,   2.352,   3.178,9999.000,9999.000,9999.000,9999.000,9999.000,9999.000,9999.000
202603031500,   2.220,   3.089,   0.100,   0.769,   3.089,   0.100,   3.089,   0.200,   3.189
202603031506,   2.088,   2.948,9999.000,9999.000,9999.000,9999.000,9999.000,9999.000,9999.000
202603031512,   1.956,   2.840,9999.000,9999.000,9999.000,9999.000,9999.000,9999.000,9999.000
202603031518,   1.824,   2.669,9999.000,9999.000,9999.000,9999.000,9999.000,9999.000,9999.000
202603031524,   1.692,   2.548,9999.000,9999.000,9999.000,9999.000,9999.000,9999.000,9999.000
202603031530,   1.561,   2.450,9999.000,9999.000,9999.000,9999.000,9999.000,9999.000,9999.000
202603031536,   1.430,   2.450,9999.000,9999.000,9999.000,9999.000,9999.000,9999.000,9999.000
202603031542,   1.299,   2.348,9999.000,9999.000,9999.000,9999.000,9999.000,9999.000,9999.000
202603031548,   1.170,   2.210,9999.000,9999.000,9999.000,9999.000,9999.000,9999.000,9999.000
202603031554,   1.042,   2.109,9999.000,9999.000,9999.000,9999.000,9999.000,9999.000,9999.000
202603031600,   0.916,   1.990,   0.200,   0.874,   1.990,   0.100,   1.890,   0.200,   1.990
202603031606,   0.791,   1.869,9999.000,9999.000,9999.000,9999.000,9999.000,9999.000,9999.000
202603031612,   0.669,   1.748,9999.000,9999.000,9999.000,9999.000,9999.000,9999.000,9999.000
202603031618,   0.549,   1.548,9999.000,9999.000,9999.000,9999.000,9999.000,9999.000,9999.000
202603031624,   0.432,   1.439,9999.000,9999.000,9999.000,9999.000,9999.000,9999.000,9999.000
202603031630,   0.318,   1.338,9999.000,9999.000,9999.000,9999.000,9999.000,9999.000,9999.000
202603031636,   0.208,   1.338,9999.000,9999.000,9999.000,9999.000,9999.000,9999.000,9999.000
202603031642,   0.101,   1.239,9999.000,9999.000,9999.000,9999.000,9999.000,9999.000,9999.000
202603031648,   0.000,   1.128,9999.000,9999.000,9999.000,9999.000,9999.000,9999.000,9999.000
202603031654,  -0.097,   1.020,9999.000,9999.000,9999.000,9999.000,9999.000,9999.000,9999.000
202603031700,  -0.189,   0.908,   0.100,   0.997,   0.908,   0.100,   0.908,   0.200,   1.008
202603031706,  -0.275,   0.780,9999.000,9999.000,9999.000,9999.000,9999.000,9999.000,9999.000
202603031712,  -0.355,   0.688,9999.000,9999.000,9999.000,9999.000,9999.000,9999.000,9999.000
202603031718,  -0.428,   0.551,9999.000,9999.000,9999.000,9999.000,9999.000,9999.000,9999.000
202603031724,  -0.495,   0.360,9999.000,9999.000,9999.000,9999.000,9999.000,9999.000,9999.000
202603031730,  -0.555,   0.278,9999.000,9999.000,9999.000,9999.000,9999.000,9999.000,9999.000
202603031736,  -0.607,   0.278,9999.000,9999.000,9999.000,9999.000,9999.000,9999.000,9999.000
202603031742,  -0.651,   0.180,9999.000,9999.000,9999.000,9999.000,9999.000,9999.000,9999.000
202603031748,  -0.688,   0.059,9999.000,9999.000,9999.000,9999.000,9999.000,9999.000,9999.000
202603031754,  -0.716,   0.009,9999.000,9999.000,9999.000,9999.000,9999.000,9999.000,9999.000
202603031800,  -0.737,  -0.059,   0.200,   0.478,  -0.059,   0.100,  -0.159,   0.200,  -0.059
202603031806,  -0.748,  -0.150,9999.000,9999.000,9999.000,9999.000,9999.000,9999.000,9999.000
202603031812,  -0.752,  -0.219,9999.000,9999.000,9999.000,9999.000,9999.000,9999.000,9999.000
202603031818,  -0.747,  -0.268,9999.000,9999.000,9999.000,9999.000,9999.000,9999.000,9999.000
202603031824,  -0.733,  -0.400,9999.000,9999.000,9999.000,9999.000,9999.000,9999.000,9999.000
202603031830,  -0.712,  -0.419,9999.000,9999.000,9999.000,9999.000,9999.000,9999.000,9999.000
202603031836,  -0.682,  -0.419,9999.000,9999.000,9999.000,9999.000,9999.000,9999.000,9999.000
202603031842,  -0.644,  -0.469,9999.000,9999.000,9999.000,9999.000,9999.000,9999.000,9999.000
202603031848,  -0.598,  -0.551,9999.000,9999.000,9999.000,9999.000,9999.000,9999.000,9999.000
202603031854,  -0.545,  -0.570,9999.000,9999.000,9999.000,9999.000,9999.000,9999.000,9999.000
202603031900,  -0.485,  -0.551,   0.200,  -0.266,  -0.551,   0.100,  -0.651,   0.200,  -0.551
202603031906,  -0.417,  -0.580,9999.000,9999.000,9999.000,9999.000,9999.000,9999.000,9999.000
202603031912,  -0.343,  -0.580,9999.000,9999.000,9999.000,9999.000,9999.000,9999.000,9999.000
202603031918,  -0.262,  -0.590,9999.000,9999.000,9999.000,9999.000,9999.000,9999.000,9999.000
202603031924,  -0.175,  -0.478,9999.000,9999.000,9999.000,9999.000,9999.000,9999.000,9999.000
202603031930,  -0.083,  -0.380,9999.000,9999.000,9999.000,9999.000,9999.000,9999.000,9999.000
202603031936,   0.014,  -0.380,9999.000,9999.000,9999.000,9999.000,9999.000,9999.000,9999.000
202603031942,   0.117,  -0.268,9999.000,9999.000,9999.000,9999.000,9999.000,9999.000,9999.000
202603031948,   0.224,  -0.249,9999.000,9999.000,9999.000,9999.000,9999.000,9999.000,9999.000
202603031954,   0.335,  -0.219,9999.000,9999.000,9999.000,9999.000,9999.000,9999.000,9999.000
202603032000,   0.451,  -0.098,   0.200,  -0.749,  -0.098,   0.200,  -0.098,   0.300,   0.002
202603032006,   0.569,   0.000,9999.000,9999.000,9999.000,9999.000,9999.000,9999.000,9999.000
202603032012,   0.691,   0.098,9999.000,9999.000,9999.000,9999.000,9999.000,9999.000,9999.000
202603032018,   0.816,   0.200,9999.000,9999.000,9999.000,9999.000,9999.000,9999.000,9999.000
202603032024,   0.943,   0.321,9999.000,9999.000,9999.000,9999.000,9999.000,9999.000,9999.000
202603032030,   1.072,   0.469,9999.000,9999.000,9999.000,9999.000,9999.000,9999.000,9999.000
202603032036,   1.202,   0.469,9999.000,9999.000,9999.000,9999.000,9999.000,9999.000,9999.000
202603032042,   1.335,   0.580,9999.000,9999.000,9999.000,9999.000,9999.000,9999.000,9999.000
202603032048,   1.468,   0.678,9999.000,9999.000,9999.000,9999.000,9999.000,9999.000,9999.000
202603032054,   1.602,   0.780,9999.000,9999.000,9999.000,9999.000,9999.000,9999.000,9999.000
202603032100,   1.736,   0.908,   0.200,  -1.028,   0.908,   0.200,   0.908,   0.300,   1.008
202603032106,   1.871,   1.010,9999.000,9999.000,9999.000,9999.000,9999.000,9999.000,9999.000
202603032112,   2.006,   1.069,9999.000,9999.000,9999.000,9999.000,9999.000,9999.000,9999.000
202603032118,   2.141,   1.338,9999.000,9999.000,9999.000,9999.000,9999.000,9999.000,9999.000
202603032124,   2.275,   1.410,9999.000,9999.000,9999.000,9999.000,9999.000,9999.000,9999.000
202603032130,   2.408,   1.508,9999.000,9999.000,9999.000,9999.000,9999.000,9999.000,9999.000
202603032136,   2.541,   1.508,9999.000,9999.000,9999.000,9999.000,9999.000,9999.000,9999.000
202603032142,   2.672,   1.639,9999.000,9999.000,9999.000,9999.000,9999.000,9999.000,9999.000
202603032148,   2.802,   1.767,9999.000,9999.000,9999.000,9999.000,9999.000,9999.000,9999.000
202603032154,   2.930,   1.859,9999.000,9999.000,9999.000,9999.000,9999.000,9999.000,9999.000
202603032200,   3.056,   1.990,   0.200,  -1.266,   1.990,   0.200,   1.990,   0.300,   2.090
202603032206,   3.180,   2.118,9999.000,9999.000,9999.000,9999.000,9999.000,9999.000,9999.000
202603032212,   3.302,   2.210,9999.000,9999.000,9999.000,9999.000,9999.000,9999.000,9999.000
202603032218,   3.421,   2.459,9999.000,9999.000,9999.000,9999.000,9999.000,9999.000,9999.000
202603032224,   3.537,   2.568,9999.000,9999.000,9999.000,9999.000,9999.000,9999.000,9999.000
202603032230,   3.650,   2.699,9999.000,9999.000,9999.000,9999.000,9999.000,9999.000,9999.000
202603032236,   3.759,   2.699,9999.000,9999.000,9999.000,9999.000,9999.000,9999.000,9999.000
202603032242,   3.865,   2.797,9999.000,9999.000,9999.000,9999.000,9999.000,9999.000,9999.000
202603032248,   3.967,   2.929,9999.000,9999.000,9999.000,9999.000,9999.000,9999.000,9999.000
202603032254,   4.064,   3.030,9999.000,9999.000,9999.000,9999.000,9999.000,9999.000,9999.000
202603032300,   4.157,   3.148,   0.200,  -1.209,   3.148,   0.200,   3.148,   0.300,   3.248
202603032306,   4.245,   3.289,9999.000,9999.000,9999.000,9999.000,9999.000,9999.000,9999.000
202603032312,   4.328,   3.378,9999.000,9999.000,9999.000,9999.000,9999.000,9999.000,9999.000
202603032318,   4.405,   3.499,9999.000,9999.000,9999.000,9999.000,9999.000,9999.000,9999.000
202603032324,   4.476,   3.709,9999.000,9999.000,9999.000,9999.000,9999.000,9999.000,9999.000
202603032330,   4.542,   3.837,9999.000,9999.000,9999.000,9999.000,9999.000,9999.000,9999.000
202603032336,   4.601,   3.837,9999.000,9999.000,9999.000,9999.000,9999.000,9999.000,9999.000
202603032342,   4.653,   3.949,9999.000,9999.000,9999.000,9999.000,9999.000,9999.000,9999.000
202603032348,   4.699,   4.037,9999.000,9999.000,9999.000,9999.000,9999.000,9999.000,9999.000
202603032354,   4.738,   4.129,9999.000,9999.000,9999.000,9999.000,9999.000,9999.000,9999.000
202603040000,   4.769,   4.208,   0.200,  -0.761,   4.208,   0.100,   4.108,   0.200,   4.208
202603040006,   4.793,   4.329,9999.000,9999.000,9999.000,9999.000,9999.000,9999.000,9999.000
202603040012,   4.809,   4.398,9999.000,9999.000,9999.000,9999.000,9999.000,9999.000,9999.000
202603040018,   4.817,   4.467,9999.000,9999.000,9999.000,9999.000,9999.000,9999.000,9999.000
202603040024,   4.818,   4.618,9999.000,9999.000,9999.000,9999.000,9999.000,9999.000,9999.000
202603040030,   4.811,   4.677,9999.000,9999.000,9999.000,9999.000,9999.000,9999.000,9999.000
202603040036,   4.796,   4.677,9999.000,9999.000,9999.000,9999.000,9999.000,9999.000,9999.000
202603040042,   4.773,   4.739,9999.000,9999.000,9999.000,9999.000,9999.000,9999.000,9999.000
202603040048,   4.742,   4.759,9999.000,9999.000,9999.000,9999.000,9999.000,9999.000,9999.000
202603040054,   4.704,   4.808,9999.000,9999.000,9999.000,9999.000,9999.000,9999.000,9999.000
202603040100,   4.658,   4.808,   0.200,  -0.050,   4.808,   0.100,   4.708,   0.200,   4.808
202603040106,   4.605,   4.798,9999.000,9999.000,9999.000,9999.000,9999.000,9999.000,9999.000
202603040112,   4.544,   4.828,9999.000,9999.000,9999.000,9999.000,9999.000,9999.000,9999.000
202603040118,   4.477,   4.719,9999.000,9999.000,9999.000,9999.000,9999.000,9999.000,9999.000
202603040124,   4.403,   4.647,9999.000,9999.000,9999.000,9999.000,9999.000,9999.000,9999.000
202603040130,   4.323,   4.539,9999.000,9999.000,9999.000,9999.000,9999.000,9999.000,9999.000
202603040136,   4.237,   4.549,9999.000,9999.000,9999.000,9999.000,9999.000,9999.000,9999.000
202603040142,   4.145,   4.559,9999.000,9999.000,9999.000,9999.000,9999.000,9999.000,9999.000
202603040148,   4.048,   4.427,9999.000,9999.000,9999.000,9999.000,9999.000,9999.000,9999.000
202603040154,   3.947,   4.319,9999.000,9999.000,9999.000,9999.000,9999.000,9999.000,9999.000
202603040200,   3.840,   4.280,   0.200,   0.240,   4.280,   0.200,   4.280,   0.200,   4.280
202603040206,   3.730,   4.159,9999.000,9999.000,9999.000,9999.000,9999.000,9999.000,9999.000
202603040212,   3.617,   4.109,9999.000,9999.000,9999.000,9999.000,9999.000,9999.000,9999.000
202603040218,   3.500,   3.968,9999.000,9999.000,9999.000,9999.000,9999.000,9999.000,9999.000
202603040224,   3.380,   3.837,9999.000,9999.000,9999.000,9999.000,9999.000,9999.000,9999.000
202603040230,   3.258,   3.729,9999.000,9999.000,9999.000,9999.000,9999.000,9999.000,9999.000
202603040236,   3.134,   3.729,9999.000,9999.000,9999.000,9999.000,9999.000,9999.000,9999.000
202603040242,   3.008,   3.637,9999.000,9999.000,9999.000,9999.000,9999.000,9999.000,9999.000
202603040248,   2.881,   3.529,9999.000,9999.000,9999.000,9999.000,9999.000,9999.000,9999.000
202603040254,   2.752,   3.407,9999.000,9999.000,9999.000,9999.000,9999.000,9999.000,9999.000
202603040300,   2.623,   3.329,   0.200,   0.506,   3.329,   0.200,   3.329,   0.200,   3.329
202603040306,   2.493,   3.217,9999.000,9999.000,9999.000,9999.000,9999.000,9999.000,9999.000
202603040312,   2.362,   3.129,9999.000,9999.000,9999.000,9999.000,9999.000,9999.000,9999.000
202603040318,   2.231,   3.030,9999.000,9999.000,9999.000,9999.000,9999.000,9999.000,9999.000
202603040324,   2.101,   2.787,9999.000,9999.000,9999.000,9999.000,9999.000,9999.000,9999.000
202603040330,   1.970,   2.679,9999.000,9999.000,9999.000,9999.000,9999.000,9999.000,9999.000
202603040336,   1.840,   2.679,9999.000,9999.000,9999.000,9999.000,9999.000,9999.000,9999.000
202603040342,   1.711,   2.587,9999.000,9999.000,9999.000,9999.000,9999.000,9999.000,9999.000
202603040348,   1.582,   2.479,9999.000,9999.000,9999.000,9999.000,9999.000,9999.000,9999.000
202603040354,   1.455,   2.377,9999.000,9999.000,9999.000,9999.000,9999.000,9999.000,9999.000
202603040400,   1.328,   2.269,   0.200,   0.741,   2.269,   0.100,   2.169,   0.200,   2.269
202603040406,   1.203,   2.177,9999.000,9999.000,9999.000,9999.000,9999.000,9999.000,9999.000
202603040412,   1.080,   2.079,9999.000,9999.000,9999.000,9999.000,9999.000,9999.000,9999.000
202603040418,   0.959,   1.830,9999.000,9999.000,9999.000,9999.000,9999.000,9999.000,9999.000
202603040424,   0.840,   1.748,9999.000,9999.000,9999.000,9999.000,9999.000,9999.000,9999.000
202603040430,   0.723,   1.649,9999.000,9999.000,9999.000,9999.000,9999.000,9999.000,9999.000
202603040436,   0.609,   1.649,9999.000,9999.000,9999.000,9999.000,9999.000,9999.000,9999.000
202603040442,   0.498,   1.518,9999.000,9999.000,9999.000,9999.000,9999.000,9999.000,9999.000
202603040448,   0.390,   1.400,9999.000,9999.000,9999.000,9999.000,9999.000,9999.000,9999.000
202603040454,   0.286,   1.279,9999.000,9999.000,9999.000,9999.000,9999.000,9999.000,9999.000
202603040500,   0.187,   1.200,   0.100,   0.913,   1.200,   0.000,   1.100,   0.100,   1.200
202603040506,   0.091,   1.088,9999.000,9999.000,9999.000,9999.000,9999.000,9999.000,9999.000
202603040512,   0.001,   0.961,9999.000,9999.000,9999.000,9999.000,9999.000,9999.000,9999.000
202603040518,  -0.083,   0.790,9999.000,9999.000,9999.000,9999.000,9999.000,9999.000,9999.000
202603040524,  -0.162,   0.639,9999.000,9999.000,9999.000,9999.000,9999.000,9999.000,9999.000
202603040530,  -0.235,   0.551,9999.000,9999.000,9999.000,9999.000,9999.000,9999.000,9999.000
202603040536,  -0.302,   0.551,9999.000,9999.000,9999.000,9999.000,9999.000,9999.000,9999.000
202603040542,  -0.363,   0.488,9999.000,9999.000,9999.000,9999.000,9999.000,9999.000,9999.000
202603040548,  -0.416,   0.439,9999.000,9999.000,9999.000,9999.000,9999.000,9999.000,9999.000
202603040554,  -0.461,   0.331,9999.000,9999.000,9999.000,9999.000,9999.000,9999.000,9999.000
202603040600,  -0.500,   0.239,   0.000,   0.739,   0.239,   0.000,   0.239,   0.100,   0.339
202603040606,  -0.530,   0.121,9999.000,9999.000,9999.000,9999.000,9999.000,9999.000,9999.000
202603040612,  -0.552,   0.121,9999.000,9999.000,9999.000,9999.000,9999.000,9999.000,9999.000
202603040618,  -0.566,  -0.019,9999.000,9999.000,9999.000,9999.000,9999.000,9999.000,9999.000
202603040624,  -0.572,  -0.121,9999.000,9999.000,9999.000,9999.000,9999.000,9999.000,9999.000
202603040630,  -0.570,  -0.200,9999.000,9999.000,9999.000,9999.000,9999.000,9999.000,9999.000
202603040636,  -0.560,  -0.200,9999.000,9999.000,9999.000,9999.000,9999.000,9999.000,9999.000
202603040642,  -0.541,  -0.209,9999.000,9999.000,9999.000,9999.000,9999.000,9999.000,9999.000
202603040648,  -0.514,  -0.259,9999.000,9999.000,9999.000,9999.000,9999.000,9999.000,9999.000
202603040654,  -0.478,  -0.370,9999.000,9999.000,9999.000,9999.000,9999.000,9999.000,9999.000
202603040700,  -0.435,  -0.400,   0.000,   0.035,  -0.400,   0.000,  -0.400,   0.100,  -0.300
202603040706,  -0.385,  -0.400,9999.000,9999.000,9999.000,9999.000,9999.000,9999.000,9999.000
202603040712,  -0.326,  -0.390,9999.000,9999.000,9999.000,9999.000,9999.000,9999.000,9999.000
202603040718,  -0.261,  -0.380,9999.000,9999.000,9999.000,9999.000,9999.000,9999.000,9999.000
202603040724,  -0.189,  -0.400,9999.000,9999.000,9999.000,9999.000,9999.000,9999.000,9999.000
202603040730,  -0.110,  -0.370,9999.000,9999.000,9999.000,9999.000,9999.000,9999.000,9999.000
202603040736,  -0.025,  -0.370,9999.000,9999.000,9999.000,9999.000,9999.000,9999.000,9999.000
202603040742,   0.065,  -0.308,9999.000,9999.000,9999.000,9999.000,9999.000,9999.000,9999.000
202603040748,   0.161,  -0.249,9999.000,9999.000,9999.000,9999.000,9999.000,9999.000,9999.000
202603040754,   0.263,  -0.219,9999.000,9999.000,9999.000,9999.000,9999.000,9999.000,9999.000
202603040800,   0.369,  -0.170,   0.000,  -0.539,  -0.170,   0.000,  -0.170,   0.000,  -0.170
202603040806,   0.479,  -0.039,9999.000,9999.000,9999.000,9999.000,9999.000,9999.000,9999.000
202603040812,   0.593,   0.049,9999.000,9999.000,9999.000,9999.000,9999.000,9999.000,9999.000
202603040818,   0.711,   0.278,9999.000,9999.000,9999.000,9999.000,9999.000,9999.000,9999.000
202603040824,   0.831,   0.331,9999.000,9999.000,9999.000,9999.000,9999.000,9999.000,9999.000
202603040830,   0.955,   0.469,9999.000,9999.000,9999.000,9999.000,9999.000,9999.000,9999.000
202603040836,   1.080,   0.469,9999.000,9999.000,9999.000,9999.000,9999.000,9999.000,9999.000
202603040842,   1.207,   0.518,9999.000,9999.000,9999.000,9999.000,9999.000,9999.000,9999.000
202603040848,   1.336,   0.639,9999.000,9999.000,9999.000,9999.000,9999.000,9999.000,9999.000
202603040854,   1.466,   0.741,9999.000,9999.000,9999.000,9999.000,9999.000,9999.000,9999.000
202603040900,   1.597,   0.770,   0.000,  -0.827,   0.770,   0.000,   0.770,   0.000,   0.770
202603040906,   1.729,   0.961,9999.000,9999.000,9999.000,9999.000,9999.000,9999.000,9999.000
202603040912,   1.861,   1.079,9999.000,9999.000,9999.000,9999.000,9999.000,9999.000,9999.000
202603040918,   1.992,   1.239,9999.000,9999.000,9999.000,9999.000,9999.000,9999.000,9999.000
202603040924,   2.123,   1.348,9999.000,9999.000,9999.000,9999.000,9999.000,9999.000,9999.000
202603040930,   2.254,   1.449,9999.000,9999.000,9999.000,9999.000,9999.000,9999.000,9999.000
202603040936,   2.384,   1.449,9999.000,9999.000,9999.000,9999.000,9999.000,9999.000,9999.000
202603040942,   2.512,   1.557,9999.000,9999.000,9999.000,9999.000,9999.000,9999.000,9999.000
202603040948,   2.640,   1.669,9999.000,9999.000,9999.000,9999.000,9999.000,9999.000,9999.000
202603040954,   2.765,   1.800,9999.000,9999.000,9999.000,9999.000,9999.000,9999.000,9999.000
202603041000,   2.889,   1.889,   0.000,  -1.000,   1.889,  -0.100,   1.789,   0.000,   1.889
202603041006,   3.011,   2.010,9999.000,9999.000,9999.000,9999.000,9999.000,9999.000,9999.000
202603041012,   3.131,   2.118,9999.000,9999.000,9999.000,9999.000,9999.000,9999.000,9999.000
202603041018,   3.249,   2.348,9999.000,9999.000,9999.000,9999.000,9999.000,9999.000,9999.000
202603041024,   3.364,   2.459,9999.000,9999.000,9999.000,9999.000,9999.000,9999.000,9999.000
202603041030,   3.476,   2.568,9999.000,9999.000,9999.000,9999.000,9999.000,9999.000,9999.000
202603041036,   3.585,   2.568,9999.000,9999.000,9999.000,9999.000,9999.000,9999.000,9999.000
202603041042,   3.691,   2.669,9999.000,9999.000,9999.000,9999.000,9999.000,9999.000,9999.000
202603041048,   3.794,   2.758,9999.000,9999.000,9999.000,9999.000,9999.000,9999.000,9999.000
202603041054,   3.893,   2.860,9999.000,9999.000,9999.000,9999.000,9999.000,9999.000,9999.000
202603041100,   3.989,   2.978,   0.000,  -1.011,   2.978,  -0.100,   2.878,   0.000,   2.978
202603041106,   4.080,   3.089,9999.000,9999.000,9999.000,9999.000,9999.000,9999.000,9999.000
202603041112,   4.168,   3.168,9999.000,9999.000,9999.000,9999.000,9999.000,9999.000,9999.000
202603041118,   4.250,   3.289,9999.000,9999.000,9999.000,9999.000,9999.000,9999.000,9999.000
202603041124,   4.328,   3.480,9999.000,9999.000,9999.000,9999.000,9999.000,9999.000,9999.000
202603041130,   4.402,   3.588,9999.000,9999.000,9999.000,9999.000,9999.000,9999.000,9999.000
202603041136,   4.470,   3.588,9999.000,9999.000,9999.000,9999.000,9999.000,9999.000,9999.000
202603041142,   4.532,   3.689,9999.000,9999.000,9999.000,9999.000,9999.000,9999.000,9999.000
202603041148,   4.589,   3.798,9999.000,9999.000,9999.000,9999.000,9999.000,9999.000,9999.000
202603041154,   4.640,   3.870,9999.000,9999.000,9999.000,9999.000,9999.000,9999.000,9999.000
202603041200,   4.685,   3.988,   0.000,  -0.697,   3.988,   0.000,   3.988,   0.100,   4.088
202603041206,   4.723,   4.057,9999.000,9999.000,9999.000,9999.000,9999.000,9999.000,9999.000
202603041212,   4.755,   4.139,9999.000,9999.000,9999.000,9999.000,9999.000,9999.000,9999.000
202603041218,   4.781,   4.227,9999.000,9999.000,9999.000,9999.000,9999.000,9999.000,9999.000
202603041224,   4.799,   4.359,9999.000,9999.000,9999.000,9999.000,9999.000,9999.000,9999.000
202603041230,   4.810,   4.418,9999.000,9999.000,9999.000,9999.000,9999.000,9999.000,9999.000
202603041236,   4.814,   4.418,9999.000,9999.000,9999.000,9999.000,9999.000,9999.000,9999.000
202603041242,   4.811,   4.437,9999.000,9999.000,9999.000,9999.000,9999.000,9999.000,9999.000
202603041248,   4.800,   4.509,9999.000,9999.000,9999.000,9999.000,9999.000,9999.000,9999.000
202603041254,   4.782,   4.529,9999.000,9999.000,9999.000,9999.000,9999.000,9999.000,9999.000
202603041300,   4.757,   4.578,   0.000,  -0.179,   4.578,   0.000,   4.578,   0.100,   4.678
202603041306,   4.725,   4.618,9999.000,9999.000,9999.000,9999.000,9999.000,9999.000,9999.000
202603041312,   4.685,   4.608,9999.000,9999.000,9999.000,9999.000,9999.000,9999.000,9999.000
202603041318,   4.638,   4.628,9999.000,9999.000,9999.000,9999.000,9999.000,9999.000,9999.000
202603041324,   4.584,   4.618,9999.000,9999.000,9999.000,9999.000,9999.000,9999.000,9999.000
202603041330,   4.523,   4.569,9999.000,9999.000,9999.000,9999.000,9999.000,9999.000,9999.000
202603041336,   4.456,   4.569,9999.000,9999.000,9999.000,9999.000,9999.000,9999.000,9999.000
202603041342,   4.382,   4.519,9999.000,9999.000,9999.000,9999.000,9999.000,9999.000,9999.000
202603041348,   4.303,   4.490,9999.000,9999.000,9999.000,9999.000,9999.000,9999.000,9999.000
202603041354,   4.218,   4.427,9999.000,9999.000,9999.000,9999.000,9999.000,9999.000,9999.000
202603041400,   4.127,   4.368,   0.000,   0.241,   4.368,   0.000,   4.368,   0.100,   4.468
202603041406,   4.032,   4.300,9999.000,9999.000,9999.000,9999.000,9999.000,9999.000,9999.000
202603041412,   3.932,   4.218,9999.000,9999.000,9999.000,9999.000,9999.000,9999.000,9999.000
202603041418,   3.828,   4.159,9999.000,9999.000,9999.000,9999.000,9999.000,9999.000,9999.000
202603041424,   3.719,   3.988,9999.000,9999.000,9999.000,9999.000,9999.000,9999.000,9999.000
202603041430,   3.608,   3.929,9999.000,9999.000,9999.000,9999.000,9999.000,9999.000,9999.000
202603041436,   3.493,   3.929,9999.000,9999.000,9999.000,9999.000,9999.000,9999.000,9999.000
202603041442,   3.376,   3.827,9999.000,9999.000,9999.000,9999.000,9999.000,9999.000,9999.000
202603041448,   3.256,   3.758,9999.000,9999.000,9999.000,9999.000,9999.000,9999.000,9999.000
202603041454,   3.134,   3.650,9999.000,9999.000,9999.000,9999.000,9999.000,9999.000,9999.000
202603041500,   3.010,   3.588,   0.000,   0.578,   3.588,   0.000,   3.588,   0.100,   3.688
202603041506,   2.885,   3.480,9999.000,9999.000,9999.000,9999.000,9999.000,9999.000,9999.000
202603041512,   2.759,   3.358,9999.000,9999.000,9999.000,9999.000,9999.000,9999.000,9999.000
202603041518,   2.632,   3.119,9999.000,9999.000,9999.000,9999.000,9999.000,9999.000,9999.000
202603041524,   2.505,   3.030,9999.000,9999.000,9999.000,9999.000,9999.000,9999.000,9999.000
202603041530,   2.377,   2.948,9999.000,9999.000,9999.000,9999.000,9999.000,9999.000,9999.000
202603041536,   2.248,   2.948,9999.000,9999.000,9999.000,9999.000,9999.000,9999.000,9999.000
202603041542,   2.120,   2.840,9999.000,9999.000,9999.000,9999.000,9999.000,9999.000,9999.000
202603041548,   1.992,   2.669,9999.000,9999.000,9999.000,9999.000,9999.000,9999.000,9999.000
202603041554,   1.863,   2.568,9999.000,9999.000,9999.000,9999.000,9999.000,9999.000,9999.000
202603041600,   1.736,   2.459,   0.000,   0.723,   2.459,   0.000,   2.459,   0.100,   2.559
202603041606,   1.609,   2.328,9999.000,9999.000,9999.000,9999.000,9999.000,9999.000,9999.000
202603041612,   1.483,   2.210,9999.000,9999.000,9999.000,9999.000,9999.000,9999.000,9999.000
202603041618,   1.357,   2.079,9999.000,9999.000,9999.000,9999.000,9999.000,9999.000,9999.000
202603041624,   1.233,   1.849,9999.000,9999.000,9999.000,9999.000,9999.000,9999.000,9999.000
202603041630,   1.110,   1.738,9999.000,9999.000,9999.000,9999.000,9999.000,9999.000,9999.000
202603041636,   0.988,   1.738,9999.000,9999.000,9999.000,9999.000,9999.000,9999.000,9999.000
202603041642,   0.868,   1.620,9999.000,9999.000,9999.000,9999.000,9999.000,9999.000,9999.000
202603041648,   0.750,   1.498,9999.000,9999.000,9999.000,9999.000,9999.000,9999.000,9999.000
202603041654,   0.634,   1.410,9999.000,9999.000,9999.000,9999.000,9999.000,9999.000,9999.000
202603041700,   0.521,   1.289,   0.000,   0.768,   1.289,   0.000,   1.289,   0.100,   1.389
202603041706,   0.410,   1.161,9999.000,9999.000,9999.000,9999.000,9999.000,9999.000,9999.000
202603041712,   0.302,   1.020,9999.000,9999.000,9999.000,9999.000,9999.000,9999.000,9999.000
202603041718,   0.198,   0.819,9999.000,9999.000,9999.000,9999.000,9999.000,9999.000,9999.000
202603041724,   0.098,   0.718,9999.000,9999.000,9999.000,9999.000,9999.000,9999.000,9999.000
202603041730,   0.002,   0.619,9999.000,9999.000,9999.000,9999.000,9999.000,9999.000,9999.000
202603041736,  -0.088,   0.619,9999.000,9999.000,9999.000,9999.000,9999.000,9999.000,9999.000
202603041742,  -0.175,   0.488,9999.000,9999.000,9999.000,9999.000,9999.000,9999.000,9999.000
202603041748,  -0.255,   0.370,9999.000,9999.000,9999.000,9999.000,9999.000,9999.000,9999.000
202603041754,  -0.331,   0.288,9999.000,9999.000,9999.000,9999.000,9999.000,9999.000,9999.000
202603041800,  -0.399,   0.160,   0.000,   0.559,   0.160,   0.000,   0.160,   0.100,   0.260
202603041806,  -0.462,   0.078,9999.000,9999.000,9999.000,9999.000,9999.000,9999.000,9999.000
202603041812,  -0.517,   0.000,9999.000,9999.000,9999.000,9999.000,9999.000,9999.000,9999.000
202603041818,  -0.565,  -0.131,9999.000,9999.000,9999.000,9999.000,9999.000,9999.000,9999.000
202603041824,  -0.606,  -0.249,9999.000,9999.000,9999.000,9999.000,9999.000,9999.000,9999.000
202603041830,  -0.638,  -0.360,9999.000,9999.000,9999.000,9999.000,9999.000,9999.000,9999.000
202603041836,  -0.663,  -0.360,9999.000,9999.000,9999.000,9999.000,9999.000,9999.000,9999.000
202603041842,  -0.680,  -0.469,9999.000,9999.000,9999.000,9999.000,9999.000,9999.000,9999.000
202603041848,  -0.688,  -0.541,9999.000,9999.000,9999.000,9999.000,9999.000,9999.000,9999.000
202603041854,  -0.688,  -0.610,9999.000,9999.000,9999.000,9999.000,9999.000,9999.000,9999.000
202603041900,  -0.679,  -0.698,   0.000,  -0.019,  -0.698,   0.000,  -0.698,   0.100,  -0.598
202603041906,  -0.663,  -0.741,9999.000,9999.000,9999.000,9999.000,9999.000,9999.000,9999.000
202603041912,  -0.637,  -0.780,9999.000,9999.000,9999.000,9999.000,9999.000,9999.000,9999.000
202603041918,  -0.604,  -0.898,9999.000,9999.000,9999.000,9999.000,9999.000,9999.000,9999.000
202603041924,  -0.562,  -0.859,9999.000,9999.000,9999.000,9999.000,9999.000,9999.000,9999.000
202603041930,  -0.513,  -0.859,9999.000,9999.000,9999.000,9999.000,9999.000,9999.000,9999.000
202603041936,  -0.455,  -0.859,9999.000,9999.000,9999.000,9999.000,9999.000,9999.000,9999.000
202603041942,  -0.391,  -0.879,9999.000,9999.000,9999.000,9999.000,9999.000,9999.000,9999.000
202603041948,  -0.319,  -0.879,9999.000,9999.000,9999.000,9999.000,9999.000,9999.000,9999.000
202603041954,  -0.241,  -0.879,9999.000,9999.000,9999.000,9999.000,9999.000,9999.000,9999.000
202603042000,  -0.156,  -0.839,   0.000,  -0.683,  -0.839,   0.000,  -0.839,   0.100,  -0.739
202603042006,  -0.065,  -0.780,9999.000,9999.000,9999.000,9999.000,9999.000,9999.000,9999.000
202603042012,   0.031,  -0.718,9999.000,9999.000,9999.000,9999.000,9999.000,9999.000,9999.000
202603042018,   0.133,  -0.639,9999.000,9999.000,9999.000,9999.000,9999.000,9999.000,9999.000
202603042024,   0.240,  -0.541,9999.000,9999.000,9999.000,9999.000,9999.000,9999.000,9999.000
202603042030,   0.351,  -0.429,9999.000,9999.000,9999.000,9999.000,9999.000,9999.000,9999.000
202603042036,   0.467,  -0.429,9999.000,9999.000,9999.000,9999.000,9999.000,9999.000,9999.000
202603042042,   0.586,  -0.360,9999.000,9999.000,9999.000,9999.000,9999.000,9999.000,9999.000
202603042048,   0.708,  -0.249,9999.000,9999.000,9999.000,9999.000,9999.000,9999.000,9999.000
202603042054,   0.833,  -0.111,9999.000,9999.000,9999.000,9999.000,9999.000,9999.000,9999.000
202603042100,   0.961,  -0.039,   0.100,  -1.100,  -0.039,   0.000,  -0.139,   0.200,   0.061
202603042106,   1.090,   0.039,9999.000,9999.000,9999.000,9999.000,9999.000,9999.000,9999.000
202603042112,   1.221,   0.141,9999.000,9999.000,9999.000,9999.000,9999.000,9999.000,9999.000
202603042118,   1.354,   0.341,9999.000,9999.000,9999.000,9999.000,9999.000,9999.000,9999.000
202603042124,   1.487,   0.478,9999.000,9999.000,9999.000,9999.000,9999.000,9999.000,9999.000
202603042130,   1.621,   0.590,9999.000,9999.000,9999.000,9999.000,9999.000,9999.000,9999.000
202603042136,   1.755,   0.590,9999.000,9999.000,9999.000,9999.000,9999.000,9999.000,9999.000
202603042142,   1.890,   0.678,9999.000,9999.000,9999.000,9999.000,9999.000,9999.000,9999.000
202603042148,   2.024,   0.839,9999.000,9999.000,9999.000,9999.000,9999.000,9999.000,9999.000
202603042154,   2.157,   0.951,9999.000,9999.000,9999.000,9999.000,9999.000,9999.000,9999.000
202603042200,   2.290,   1.039,   0.100,  -1.351,   1.039,   0.100,   1.039,   0.200,   1.139
202603042206,   2.422,   1.128,9999.000,9999.000,9999.000,9999.000,9999.000,9999.000,9999.000
202603042212,   2.552,   1.259,9999.000,9999.000,9999.000,9999.000,9999.000,9999.000,9999.000
202603042218,   2.681,   1.390,9999.000,9999.000,9999.000,9999.000,9999.000,9999.000,9999.000
202603042224,   2.808,   1.630,9999.000,9999.000,9999.000,9999.000,9999.000,9999.000,9999.000
202603042230,   2.933,   1.748,9999.000,9999.000,9999.000,9999.000,9999.000,9999.000,9999.000
202603042236,   3.057,   1.748,9999.000,9999.000,9999.000,9999.000,9999.000,9999.000,9999.000
202603042242,   3.178,   1.879,9999.000,9999.000,9999.000,9999.000,9999.000,9999.000,9999.000
202603042248,   3.296,   1.967,9999.000,9999.000,9999.000,9999.000,9999.000,9999.000,9999.000
202603042254,   3.412,   2.118,9999.000,9999.000,9999.000,9999.000,9999.000,9999.000,9999.000
202603042300,   3.524,   2.220,   0.100,  -1.404,   2.220,   0.100,   2.220,   0.200,   2.320
202603042306,   3.634,   2.318,9999.000,9999.000,9999.000,9999.000,9999.000,9999.000,9999.000
202603042312,   3.741,   2.440,9999.000,9999.000,9999.000,9999.000,9999.000,9999.000,9999.000
202603042318,   3.843,   2.558,9999.000,9999.000,9999.000,9999.000,9999.000,9999.000,9999.000
202603042324,   3.943,   2.797,9999.000,9999.000,9999.000,9999.000,9999.000,9999.000,9999.000
202603042330,   4.038,   2.889,9999.000,9999.000,9999.000,9999.000,9999.000,9999.000,9999.000
202603042336,   4.129,   2.889,9999.000,9999.000,9999.000,9999.000,9999.000,9999.000,9999.000
202603042342,   4.215,   2.997,9999.000,9999.000,9999.000,9999.000,9999.000,9999.000,9999.000
202603042348,   4.297,   3.119,9999.000,9999.000,9999.000,9999.000,9999.000,9999.000,9999.000
202603042354,   4.374,   3.240,9999.000,9999.000,9999.000,9999.000,9999.000,9999.000,9999.000
202603050000,   4.446,   3.348,   0.100,  -1.198,   3.348,   0.000,   3.248,   0.100,   3.348
202603050006,   4.512,   3.417,9999.000,9999.000,9999.000,9999.000,9999.000,9999.000,9999.000
202603050012,   4.573,   3.568,9999.000,9999.000,9999.000,9999.000,9999.000,9999.000,9999.000
202603050018,   4.627,   3.627,9999.000,9999.000,9999.000,9999.000,9999.000,9999.000,9999.000
202603050024,   4.676,   3.890,9999.000,9999.000,9999.000,9999.000,9999.000,9999.000,9999.000
202603050030,   4.718,   3.929,9999.000,9999.000,9999.000,9999.000,9999.000,9999.000,9999.000
202603050036,   4.753,   3.929,9999.000,9999.000,9999.000,9999.000,9999.000,9999.000,9999.000
202603050042,   4.781,   4.037,9999.000,9999.000,9999.000,9999.000,9999.000,9999.000,9999.000
202603050048,   4.803,   4.119,9999.000,9999.000,9999.000,9999.000,9999.000,9999.000,9999.000
202603050054,   4.817,   4.198,9999.000,9999.000,9999.000,9999.000,9999.000,9999.000,9999.000
202603050100,   4.824,   4.247,   0.100,  -0.677,   4.247,   0.000,   4.147,   0.100,   4.247
202603050106,   4.823,   4.349,9999.000,9999.000,9999.000,9999.000,9999.000,9999.000,9999.000
202603050112,   4.815,   4.398,9999.000,9999.000,9999.000,9999.000,9999.000,9999.000,9999.000
202603050118,   4.800,   4.427,9999.000,9999.000,9999.000,9999.000,9999.000,9999.000,9999.000
202603050124,   4.776,   4.519,9999.000,9999.000,9999.000,9999.000,9999.000,9999.000,9999.000
202603050130,   4.745,   4.509,9999.000,9999.000,9999.000,9999.000,9999.000,9999.000,9999.000
202603050136,   4.707,   4.509,9999.000,9999.000,9999.000,9999.000,9999.000,9999.000,9999.000
202603050142,   4.662,   4.559,9999.000,9999.000,9999.000,9999.000,9999.000,9999.000,9999.000
202603050148,   4.609,   4.529,9999.000,9999.000,9999.000,9999.000,9999.000,9999.000,9999.000
202603050154,   4.549,   4.519,9999.000,9999.000,9999.000,9999.000,9999.000,9999.000,9999.000
202603050200,   4.482,   4.437,   0.100,  -0.145,   4.437,   0.100,   4.437,   0.100,   4.437
202603050206,   4.409,   4.388,9999.000,9999.000,9999.000,9999.000,9999.000,9999.000,9999.000
202603050212,   4.329,   4.359,9999.000,9999.000,9999.000,9999.000,9999.000,9999.000,9999.000
202603050218,   4.244,   4.237,9999.000,9999.000,9999.000,9999.000,9999.000,9999.000,9999.000
202603050224,   4.153,   4.139,9999.000,9999.000,9999.000,9999.000,9999.000,9999.000,9999.000
202603050230,   4.057,   4.090,9999.000,9999.000,9999.000,9999.000,9999.000,9999.000,9999.000
202603050236,   3.956,   4.090,9999.000,9999.000,9999.000,9999.000,9999.000,9999.000,9999.000
202603050242,   3.850,   4.008,9999.000,9999.000,9999.000,9999.000,9999.000,9999.000,9999.000
202603050248,   3.741,   3.939,9999.000,9999.000,9999.000,9999.000,9999.000,9999.000,9999.000
202603050254,   3.628,   3.870,9999.000,9999.000,9999.000,9999.000,9999.000,9999.000,9999.000
202603050300,   3.512,   3.739,   0.100,   0.127,   3.739,   0.100,   3.739,   0.100,   3.739
202603050306,   3.393,   3.719,9999.000,9999.000,9999.000,9999.000,9999.000,9999.000,9999.000
202603050312,   3.271,   3.607,9999.000,9999.000,9999.000,9999.000,9999.000,9999.000,9999.000
202603050318,   3.148,   3.489,9999.000,9999.000,9999.000,9999.000,9999.000,9999.000,9999.000
202603050324,   3.023,   3.348,9999.000,9999.000,9999.000,9999.000,9999.000,9999.000,9999.000
202603050330,   2.896,   3.240,9999.000,9999.000,9999.000,9999.000,9999.000,9999.000,9999.000
202603050336,   2.769,   3.240,9999.000,9999.000,9999.000,9999.000,9999.000,9999.000,9999.000
202603050342,   2.641,   3.168,9999.000,9999.000,9999.000,9999.000,9999.000,9999.000,9999.000
202603050348,   2.512,   3.060,9999.000,9999.000,9999.000,9999.000,9999.000,9999.000,9999.000
202603050354,   2.383,   2.978,9999.000,9999.000,9999.000,9999.000,9999.000,9999.000,9999.000
202603050400,   2.254,   2.879,   0.100,   0.525,   2.879,   0.100,   2.879,   0.200,   2.979
202603050406,   2.126,   2.768,9999.000,9999.000,9999.000,9999.000,9999.000,9999.000,9999.000
202603050412,   1.997,   2.669,9999.000,9999.000,9999.000,9999.000,9999.000,9999.000,9999.000
202603050418,   1.870,   2.499,9999.000,9999.000,9999.000,9999.000,9999.000,9999.000,9999.000
202603050424,   1.743,   2.348,9999.000,9999.000,9999.000,9999.000,9999.000,9999.000,9999.000
202603050430,   1.617,   2.289,9999.000,9999.000,9999.000,9999.000,9999.000,9999.000,9999.000
202603050436,   1.492,   2.289,9999.000,9999.000,9999.000,9999.000,9999.000,9999.000,9999.000
202603050442,   1.368,   2.200,9999.000,9999.000,9999.000,9999.000,9999.000,9999.000,9999.000
202603050448,   1.246,   2.109,9999.000,9999.000,9999.000,9999.000,9999.000,9999.000,9999.000
202603050454,   1.126,   2.049,9999.000,9999.000,9999.000,9999.000,9999.000,9999.000,9999.000
202603050500,   1.008,   1.948,   0.100,   0.840,   1.948,   0.000,   1.848,   0.200,   2.048
202603050506,   0.891,   1.800,9999.000,9999.000,9999.000,9999.000,9999.000,9999.000,9999.000
202603050512,   0.777,   1.708,9999.000,9999.000,9999.000,9999.000,9999.000,9999.000,9999.000
202603050518,   0.666,   1.659,9999.000,9999.000,9999.000,9999.000,9999.000,9999.000,9999.000
202603050524,   0.558,   1.410,9999.000,9999.000,9999.000,9999.000,9999.000,9999.000,9999.000
202603050530,   0.453,   1.338,9999.000,9999.000,9999.000,9999.000,9999.000,9999.000,9999.000
202603050536,   0.351,   1.328,9999.000,9999.000,9999.000,9999.000,9999.000,9999.000,9999.000
202603050542,   0.253,   1.239,9999.000,9999.000,9999.000,9999.000,9999.000,9999.000,9999.000
202603050548,   0.160,   1.118,9999.000,9999.000,9999.000,9999.000,9999.000,9999.000,9999.000
202603050554,   0.071,   1.039,9999.000,9999.000,9999.000,9999.000,9999.000,9999.000,9999.000
202603050600,  -0.011,   0.980,   0.100,   0.891,   0.980,   0.000,   0.880,   0.100,   0.980
202603050606,  -0.090,   0.879,9999.000,9999.000,9999.000,9999.000,9999.000,9999.000,9999.000
202603050612,  -0.162,   0.780,9999.000,9999.000,9999.000,9999.000,9999.000,9999.000,9999.000
202603050618,  -0.228,   0.590,9999.000,9999.000,9999.000,9999.000,9999.000,9999.000,9999.000
202603050624,  -0.288,   0.478,9999.000,9999.000,9999.000,9999.000,9999.000,9999.000,9999.000
202603050630,  -0.341,   0.400,9999.000,9999.000,9999.000,9999.000,9999.000,9999.000,9999.000
202603050636,  -0.387,   0.400,9999.000,9999.000,9999.000,9999.000,9999.000,9999.000,9999.000
202603050642,  -0.426,   0.308,9999.000,9999.000,9999.000,9999.000,9999.000,9999.000,9999.000
202603050648,  -0.456,   0.239,9999.000,9999.000,9999.000,9999.000,9999.000,9999.000,9999.000
202603050654,  -0.479,   0.150,9999.000,9999.000,9999.000,9999.000,9999.000,9999.000,9999.000
202603050700,  -0.494,   0.049,   0.100,   0.443,   0.049,   0.100,   0.049,   0.200,   0.149
202603050706,  -0.501,   0.000,9999.000,9999.000,9999.000,9999.000,9999.000,9999.000,9999.000
202603050712,  -0.499,  -0.049,9999.000,9999.000,9999.000,9999.000,9999.000,9999.000,9999.000
202603050718,  -0.490,  -0.180,9999.000,9999.000,9999.000,9999.000,9999.000,9999.000,9999.000
202603050724,  -0.471,  -0.200,9999.000,9999.000,9999.000,9999.000,9999.000,9999.000,9999.000
202603050730,  -0.445,  -0.259,9999.000,9999.000,9999.000,9999.000,9999.000,9999.000,9999.000
202603050736,  -0.411,  -0.259,9999.000,9999.000,9999.000,9999.000,9999.000,9999.000,9999.000
202603050742,  -0.369,  -0.278,9999.000,9999.000,9999.000,9999.000,9999.000,9999.000,9999.000
202603050748,  -0.319,  -0.298,9999.000,9999.000,9999.000,9999.000,9999.000,9999.000,9999.000
202603050754,  -0.262,  -0.298,9999.000,9999.000,9999.000,9999.000,9999.000,9999.000,9999.000
202603050800,  -0.197,  -0.308,   0.100,  -0.211,  -0.308,   0.100,  -0.308,   0.200,  -0.208
202603050806,  -0.125,  -0.341,9999.000,9999.000,9999.000,9999.000,9999.000,9999.000,9999.000
202603050812,  -0.047,  -0.259,9999.000,9999.000,9999.000,9999.000,9999.000,9999.000,9999.000
202603050818,   0.036,  -0.190,9999.000,9999.000,9999.000,9999.000,9999.000,9999.000,9999.000
202603050824,   0.126,  -0.078,9999.000,9999.000,9999.000,9999.000,9999.000,9999.000,9999.000
202603050830,   0.221,  -0.029,9999.000,9999.000,9999.000,9999.000,9999.000,9999.000,9999.000
202603050836,   0.322,  -0.029,9999.000,9999.000,9999.000,9999.000,9999.000,9999.000,9999.000
202603050842,   0.427,   0.009,9999.000,9999.000,9999.000,9999.000,9999.000,9999.000,9999.000
202603050848,   0.536,   0.131,9999.000,9999.000,9999.000,9999.000,9999.000,9999.000,9999.000
202603050854,   0.648,   0.219,9999.000,9999.000,9999.000,9999.000,9999.000,9999.000,9999.000
202603050900,   0.764,   0.308,   0.200,  -0.656,   0.308,   0.100,   0.208,   0.200,   0.308
202603050906,   0.883,   0.390,9999.000,9999.000,9999.000,9999.000,9999.000,9999.000,9999.000
202603050912,   1.004,   0.469,9999.000,9999.000,9999.000,9999.000,9999.000,9999.000,9999.000
202603050918,   1.127,   0.629,9999.000,9999.000,9999.000,9999.000,9999.000,9999.000,9999.000
202603050924,   1.252,   0.751,9999.000,9999.000,9999.000,9999.000,9999.000,9999.000,9999.000
202603050930,   1.378,   0.879,9999.000,9999.000,9999.000,9999.000,9999.000,9999.000,9999.000
202603050936,   1.504,   0.879,9999.000,9999.000,9999.000,9999.000,9999.000,9999.000,9999.000
202603050942,   1.631,   0.980,9999.000,9999.000,9999.000,9999.000,9999.000,9999.000,9999.000
202603050948,   1.759,   1.059,9999.000,9999.000,9999.000,9999.000,9999.000,9999.000,9999.000
202603050954,   1.885,   1.170,9999.000,9999.000,9999.000,9999.000,9999.000,9999.000,9999.000
202603051000,   2.012,   1.308,   0.200,  -0.904,   1.308,   0.100,   1.208,   0.200,   1.308
202603051006,   2.137,   1.420,9999.000,9999.000,9999.000,9999.000,9999.000,9999.000,9999.000
202603051012,   2.262,   1.518,9999.000,9999.000,9999.000,9999.000,9999.000,9999.000,9999.000
202603051018,   2.385,   1.620,9999.000,9999.000,9999.000,9999.000,9999.000,9999.000,9999.000
202603051024,   2.507,   1.830,9999.000,9999.000,9999.000,9999.000,9999.000,9999.000,9999.000
202603051030,   2.626,   1.948,9999.000,9999.000,9999.000,9999.000,9999.000,9999.000,9999.000
202603051036,   2.744,   1.948,9999.000,9999.000,9999.000,9999.000,9999.000,9999.000,9999.000
202603051042,   2.860,   2.040,9999.000,9999.000,9999.000,9999.000,9999.000,9999.000,9999.000
202603051048,   2.974,   2.128,9999.000,9999.000,9999.000,9999.000,9999.000,9999.000,9999.000
202603051054,   3.085,   2.269,9999.000,9999.000,9999.000,9999.000,9999.000,9999.000,9999.000
202603051100,   3.193,   2.338,   0.200,  -1.055,   2.338,   0.100,   2.238,   0.200,   2.338
202603051106,   3.299,   2.450,9999.000,9999.000,9999.000,9999.000,9999.000,9999.000,9999.000
202603051112,   3.401,   2.610,9999.000,9999.000,9999.000,9999.000,9999.000,9999.000,9999.000
202603051118,   3.501,   2.778,9999.000,9999.000,9999.000,9999.000,9999.000,9999.000,9999.000
202603051124,   3.598,   2.889,9999.000,9999.000,9999.000,9999.000,9999.000,9999.000,9999.000
202603051130,   3.691,   2.958,9999.000,9999.000,9999.000,9999.000,9999.000,9999.000,9999.000
202603051136,   3.781,   2.958,9999.000,9999.000,9999.000,9999.000,9999.000,9999.000,9999.000
202603051142,   3.867,   3.079,9999.000,9999.000,9999.000,9999.000,9999.000,9999.000,9999.000
202603051148,   3.949,   3.188,9999.000,9999.000,9999.000,9999.000,9999.000,9999.000,9999.000
202603051154,   4.027,   3.250,9999.000,9999.000,9999.000,9999.000,9999.000,9999.000,9999.000
202603051200,   4.101,   3.368,   0.100,  -0.833,   3.368,   0.100,   3.368,   0.200,   3.468
202603051206,   4.171,   3.460,9999.000,9999.000,9999.000,9999.000,9999.000,9999.000,9999.000
202603051212,   4.236,   3.539,9999.000,9999.000,9999.000,9999.000,9999.000,9999.000,9999.000
202603051218,   4.297,   3.637,9999.000,9999.000,9999.000,9999.000,9999.000,9999.000,9999.000
202603051224,   4.352,   3.798,9999.000,9999.000,9999.000,9999.000,9999.000,9999.000,9999.000
202603051230,   4.403,   3.899,9999.000,9999.000,9999.000,9999.000,9999.000,9999.000,9999.000
202603051236,   4.448,   3.890,9999.000,9999.000,9999.000,9999.000,9999.000,9999.000,9999.000
202603051242,   4.487,   4.008,9999.000,9999.000,9999.000,9999.000,9999.000,9999.000,9999.000
202603051248,   4.521,   4.047,9999.000,9999.000,9999.000,9999.000,9999.000,9999.000,9999.000
202603051254,   4.548,   4.159,9999.000,9999.000,9999.000,9999.000,9999.000,9999.000,9999.000
202603051300,   4.570,   4.208,   0.200,  -0.562,   4.208,   0.100,   4.108,   0.200,   4.208
202603051306,   4.585,   4.300,9999.000,9999.000,9999.000,9999.000,9999.000,9999.000,9999.000
202603051312,   4.594,   4.349,9999.000,9999.000,9999.000,9999.000,9999.000,9999.000,9999.000
202603051318,   4.596,   4.437,9999.000,9999.000,9999.000,9999.000,9999.000,9999.000,9999.000
202603051324,   4.591,   4.509,9999.000,9999.000,9999.000,9999.000,9999.000,9999.000,9999.000
202603051330,   4.580,   4.559,9999.000,9999.000,9999.000,9999.000,9999.000,9999.000,9999.000
202603051336,   4.561,   4.559,9999.000,9999.000,9999.000,9999.000,9999.000,9999.000,9999.000
202603051342,   4.536,   4.559,9999.000,9999.000,9999.000,9999.000,9999.000,9999.000,9999.000
202603051348,   4.504,   4.588,9999.000,9999.000,9999.000,9999.000,9999.000,9999.000,9999.000
202603051354,   4.465,   4.578,9999.000,9999.000,9999.000,9999.000,9999.000,9999.000,9999.000
202603051400,   4.419,   4.588,   0.200,  -0.031,   4.588,   0.100,   4.488,   0.200,   4.588
202603051406,   4.366,   4.578,9999.000,9999.000,9999.000,9999.000,9999.000,9999.000,9999.000
202603051412,   4.307,   4.529,9999.000,9999.000,9999.000,9999.000,9999.000,9999.000,9999.000
202603051418,   4.242,   4.529,9999.000,9999.000,9999.000,9999.000,9999.000,9999.000,9999.000
202603051424,   4.171,   4.408,9999.000,9999.000,9999.000,9999.000,9999.000,9999.000,9999.000
202603051430,   4.094,   4.378,9999.000,9999.000,9999.000,9999.000,9999.000,9999.000,9999.000
202603051436,   4.011,   4.378,9999.000,9999.000,9999.000,9999.000,9999.000,9999.000,9999.000
202603051442,   3.923,   4.257,9999.000,9999.000,9999.000,9999.000,9999.000,9999.000,9999.000
202603051448,   3.831,   4.227,9999.000,9999.000,9999.000,9999.000,9999.000,9999.000,9999.000
202603051454,   3.734,   4.149,9999.000,9999.000,9999.000,9999.000,9999.000,9999.000,9999.000
202603051500,   3.633,   4.057,   0.200,   0.224,   4.057,   0.100,   3.957,   0.200,   4.057
202603051506,   3.528,   3.978,9999.000,9999.000,9999.000,9999.000,9999.000,9999.000,9999.000
202603051512,   3.420,   3.890,9999.000,9999.000,9999.000,9999.000,9999.000,9999.000,9999.000
202603051518,   3.308,   3.778,9999.000,9999.000,9999.000,9999.000,9999.000,9999.000,9999.000
202603051524,   3.195,   3.617,9999.000,9999.000,9999.000,9999.000,9999.000,9999.000,9999.000
202603051530,   3.079,   3.539,9999.000,9999.000,9999.000,9999.000,9999.000,9999.000,9999.000
202603051536,   2.961,   3.460,9999.000,9999.000,9999.000,9999.000,9999.000,9999.000,9999.000
202603051542,   2.842,   3.368,9999.000,9999.000,9999.000,9999.000,9999.000,9999.000,9999.000
202603051548,   2.722,   3.270,9999.000,9999.000,9999.000,9999.000,9999.000,9999.000,9999.000
202603051554,   2.600,   3.197,9999.000,9999.000,9999.000,9999.000,9999.000,9999.000,9999.000
202603051600,   2.479,   3.070,   0.200,   0.391,   3.070,   0.200,   3.070,   0.200,   3.070
202603051606,   2.356,   2.958,9999.000,9999.000,9999.000,9999.000,9999.000,9999.000,9999.000
202603051612,   2.234,   2.869,9999.000,9999.000,9999.000,9999.000,9999.000,9999.000,9999.000
202603051618,   2.112,   2.758,9999.000,9999.000,9999.000,9999.000,9999.000,9999.000,9999.000
202603051624,   1.990,   2.660,9999.000,9999.000,9999.000,9999.000,9999.000,9999.000,9999.000
202603051630,   1.869,   2.568,9999.000,9999.000,9999.000,9999.000,9999.000,9999.000,9999.000
202603051636,   1.748,   2.568,9999.000,9999.000,9999.000,9999.000,9999.000,9999.000,9999.000
202603051642,   1.628,   2.450,9999.000,9999.000,9999.000,9999.000,9999.000,9999.000,9999.000
202603051648,   1.509,   2.387,9999.000,9999.000,9999.000,9999.000,9999.000,9999.000,9999.000
202603051654,   1.392,   2.289,9999.000,9999.000,9999.000,9999.000,9999.000,9999.000,9999.000
202603051700,   1.275,   2.158,   0.200,   0.683,   2.158,   0.200,   2.158,   0.200,   2.158
202603051706,   1.160,   2.049,9999.000,9999.000,9999.000,9999.000,9999.000,9999.000,9999.000
202603051712,   1.046,   1.967,9999.000,9999.000,9999.000,9999.000,9999.000,9999.000,9999.000
202603051718,   0.934,   1.879,9999.000,9999.000,9999.000,9999.000,9999.000,9999.000,9999.000
202603051724,   0.824,   1.679,9999.000,9999.000,9999.000,9999.000,9999.000,9999.000,9999.000
202603051730,   0.716,   1.548,9999.000,9999.000,9999.000,9999.000,9999.000,9999.000,9999.000
202603051736,   0.611,   1.548,9999.000,9999.000,9999.000,9999.000,9999.000,9999.000,9999.000
202603051742,   0.508,   1.459,9999.000,9999.000,9999.000,9999.000,9999.000,9999.000,9999.000
202603051748,   0.408,   1.371,9999.000,9999.000,9999.000,9999.000,9999.000,9999.000,9999.000
202603051754,   0.311,   1.298,9999.000,9999.000,9999.000,9999.000,9999.000,9999.000,9999.000
202603051800,   0.217,   1.190,   0.200,   0.773,   1.190,   0.200,   1.190,   0.200,   1.190
202603051806,   0.128,   1.069,9999.000,9999.000,9999.000,9999.000,9999.000,9999.000,9999.000
202603051812,   0.043,   0.990,9999.000,9999.000,9999.000,9999.000,9999.000,9999.000,9999.000
202603051818,  -0.037,   0.790,9999.000,9999.000,9999.000,9999.000,9999.000,9999.000,9999.000
202603051824,  -0.113,   0.688,9999.000,9999.000,9999.000,9999.000,9999.000,9999.000,9999.000
202603051830,  -0.183,   0.619,9999.000,9999.000,9999.000,9999.000,9999.000,9999.000,9999.000
202603051836,  -0.248,   0.619,9999.000,9999.000,9999.000,9999.000,9999.000,9999.000,9999.000
202603051842,  -0.307,   0.531,9999.000,9999.000,9999.000,9999.000,9999.000,9999.000,9999.000
202603051848,  -0.359,   0.459,9999.000,9999.000,9999.000,9999.000,9999.000,9999.000,9999.000
202603051854,  -0.405,   0.390,9999.000,9999.000,9999.000,9999.000,9999.000,9999.000,9999.000
202603051900,  -0.444,   0.308,   0.200,   0.552,   0.308,   0.200,   0.308,   0.300,   0.408
202603051906,  -0.475,   0.249,9999.000,9999.000,9999.000,9999.000,9999.000,9999.000,9999.000
202603051912,  -0.499,   0.170,9999.000,9999.000,9999.000,9999.000,9999.000,9999.000,9999.000
202603051918,  -0.515,   0.039,9999.000,9999.000,9999.000,9999.000,9999.000,9999.000,9999.000
202603051924,  -0.524,  -0.039,9999.000,9999.000,9999.000,9999.000,9999.000,9999.000,9999.000
202603051930,  -0.524,  -0.078,9999.000,9999.000,9999.000,9999.000,9999.000,9999.000,9999.000
202603051936,  -0.516,  -0.078,9999.000,9999.000,9999.000,9999.000,9999.000,9999.000,9999.000
202603051942,  -0.500,  -0.170,9999.000,9999.000,9999.000,9999.000,9999.000,9999.000,9999.000
202603051948,  -0.477,  -0.200,9999.000,9999.000,9999.000,9999.000,9999.000,9999.000,9999.000
202603051954,  -0.445,  -0.190,9999.000,9999.000,9999.000,9999.000,9999.000,9999.000,9999.000
202603052000,  -0.405,  -0.219,   0.300,  -0.114,  -0.219,   0.300,  -0.219,   0.300,  -0.219
202603052006,  -0.358,  -0.278,9999.000,9999.000,9999.000,9999.000,9999.000,9999.000,9999.000
202603052012,  -0.303,  -0.298,9999.000,9999.000,9999.000,9999.000,9999.000,9999.000,9999.000
202603052018,  -0.240,  -0.278,9999.000,9999.000,9999.000,9999.000,9999.000,9999.000,9999.000
202603052024,  -0.171,  -0.209,9999.000,9999.000,9999.000,9999.000,9999.000,9999.000,9999.000
202603052030,  -0.095,  -0.180,9999.000,9999.000,9999.000,9999.000,9999.000,9999.000,9999.000
202603052036,  -0.013,  -0.180,9999.000,9999.000,9999.000,9999.000,9999.000,9999.000,9999.000
202603052042,   0.075,  -0.088,9999.000,9999.000,9999.000,9999.000,9999.000,9999.000,9999.000
202603052048,   0.169,  -0.009,9999.000,9999.000,9999.000,9999.000,9999.000,9999.000,9999.000
202603052054,   0.268,   0.019,9999.000,9999.000,9999.000,9999.000,9999.000,9999.000,9999.000
202603052100,   0.372,   0.141,   0.400,  -0.631,   0.141,   0.300,   0.041,   0.400,   0.141
202603052106,   0.480,   0.239,9999.000,9999.000,9999.000,9999.000,9999.000,9999.000,9999.000
202603052112,   0.592,   0.268,9999.000,9999.000,9999.000,9999.000,9999.000,9999.000,9999.000
202603052118,   0.708,   0.370,9999.000,9999.000,9999.000,9999.000,9999.000,9999.000,9999.000
202603052124,   0.827,   0.600,9999.000,9999.000,9999.000,9999.000,9999.000,9999.000,9999.000
202603052130,   0.948,   0.669,9999.000,9999.000,9999.000,9999.000,9999.000,9999.000,9999.000
202603052136,   1.072,   0.669,9999.000,9999.000,9999.000,9999.000,9999.000,9999.000,9999.000
202603052142,   1.197,   0.800,9999.000,9999.000,9999.000,9999.000,9999.000,9999.000,9999.000
202603052148,   1.324,   0.869,9999.000,9999.000,9999.000,9999.000,9999.000,9999.000,9999.000
202603052154,   1.452,   1.010,9999.000,9999.000,9999.000,9999.000,9999.000,9999.000,9999.000
202603052200,   1.580,   1.128,   0.400,  -0.852,   1.128,   0.400,   1.128,   0.500,   1.228
202603052206,   1.709,   1.180,9999.000,9999.000,9999.000,9999.000,9999.000,9999.000,9999.000
202603052212,   1.838,   1.318,9999.000,9999.000,9999.000,9999.000,9999.000,9999.000,9999.000
202603052218,   1.966,   1.410,9999.000,9999.000,9999.000,9999.000,9999.000,9999.000,9999.000
202603052224,   2.094,   1.649,9999.000,9999.000,9999.000,9999.000,9999.000,9999.000,9999.000
202603052230,   2.221,   1.728,9999.000,9999.000,9999.000,9999.000,9999.000,9999.000,9999.000
202603052236,   2.347,   1.728,9999.000,9999.000,9999.000,9999.000,9999.000,9999.000,9999.000
202603052242,   2.471,   1.820,9999.000,9999.000,9999.000,9999.000,9999.000,9999.000,9999.000
202603052248,   2.594,   1.948,9999.000,9999.000,9999.000,9999.000,9999.000,9999.000,9999.000
202603052254,   2.715,   2.049,9999.000,9999.000,9999.000,9999.000,9999.000,9999.000,9999.000
202603052300,   2.834,   2.148,   0.500,  -1.186,   2.148,   0.400,   2.048,   0.500,   2.148
202603052306,   2.951,   2.259,9999.000,9999.000,9999.000,9999.000,9999.000,9999.000,9999.000
202603052312,   3.065,   2.368,9999.000,9999.000,9999.000,9999.000,9999.000,9999.000,9999.000
202603052318,   3.177,   2.469,9999.000,9999.000,9999.000,9999.000,9999.000,9999.000,9999.000
202603052324,   3.287,   2.719,9999.000,9999.000,9999.000,9999.000,9999.000,9999.000,9999.000
202603052330,   3.394,   2.797,9999.000,9999.000,9999.000,9999.000,9999.000,9999.000,9999.000
202603052336,   3.498,   2.797,9999.000,9999.000,9999.000,9999.000,9999.000,9999.000,9999.000
202603052342,   3.599,   2.948,9999.000,9999.000,9999.000,9999.000,9999.000,9999.000,9999.000
202603052348,   3.697,   3.079,9999.000,9999.000,9999.000,9999.000,9999.000,9999.000,9999.000
202603052354,   3.791,   3.168,9999.000,9999.000,9999.000,9999.000,9999.000,9999.000,9999.000
202603060000,   3.883,   3.289,   0.400,  -0.994,   3.289,   0.400,   3.289,   0.500,   3.389
202603060006,   3.970,   3.378,9999.000,9999.000,9999.000,9999.000,9999.000,9999.000,9999.000
202603060012,   4.054,   3.509,9999.000,9999.000,9999.000,9999.000,9999.000,9999.000,9999.000
202603060018,   4.134,   3.617,9999.000,9999.000,9999.000,9999.000,9999.000,9999.000,9999.000
202603060024,   4.210,   3.798,9999.000,9999.000,9999.000,9999.000,9999.000,9999.000,9999.000
202603060030,   4.282,   3.929,9999.000,9999.000,9999.000,9999.000,9999.000,9999.000,9999.000
202603060036,   4.349,   3.929,9999.000,9999.000,9999.000,9999.000,9999.000,9999.000,9999.000
202603060042,   4.412,   3.998,9999.000,9999.000,9999.000,9999.000,9999.000,9999.000,9999.000
202603060048,   4.470,   4.099,9999.000,9999.000,9999.000,9999.000,9999.000,9999.000,9999.000
202603060054,   4.522,   4.227,9999.000,9999.000,9999.000,9999.000,9999.000,9999.000,9999.000
202603060100,   4.569,   4.280,   0.500,  -0.789,   4.280,   0.500,   4.280,   0.600,   4.380
202603060106,   4.611,   4.427,9999.000,9999.000,9999.000,9999.000,9999.000,9999.000,9999.000
202603060112,   4.647,   4.480,9999.000,9999.000,9999.000,9999.000,9999.000,9999.000,9999.000
202603060118,   4.677,   4.677,9999.000,9999.000,9999.000,9999.000,9999.000,9999.000,9999.000
202603060124,   4.701,   4.749,9999.000,9999.000,9999.000,9999.000,9999.000,9999.000,9999.000
202603060130,   4.718,   4.818,9999.000,9999.000,9999.000,9999.000,9999.000,9999.000,9999.000
202603060136,   4.729,   4.818,9999.000,9999.000,9999.000,9999.000,9999.000,9999.000,9999.000
202603060142,   4.733,   4.857,9999.000,9999.000,9999.000,9999.000,9999.000,9999.000,9999.000
202603060148,   4.730,   4.949,9999.000,9999.000,9999.000,9999.000,9999.000,9999.000,9999.000
202603060154,   4.721,   4.998,9999.000,9999.000,9999.000,9999.000,9999.000,9999.000,9999.000
202603060200,   4.704,   5.028,   0.600,  -0.276,   5.028,   0.500,   4.928,   0.700,   5.128
202603060206,   4.681,   5.047,9999.000,9999.000,9999.000,9999.000,9999.000,9999.000,9999.000
202603060212,   4.650,   5.097,9999.000,9999.000,9999.000,9999.000,9999.000,9999.000,9999.000
202603060218,   4.613,   5.129,9999.000,9999.000,9999.000,9999.000,9999.000,9999.000,9999.000
202603060224,   4.568,   5.159,9999.000,9999.000,9999.000,9999.000,9999.000,9999.000,9999.000
202603060230,   4.517,   5.149,9999.000,9999.000,9999.000,9999.000,9999.000,9999.000,9999.000
202603060236,   4.459,   5.149,9999.000,9999.000,9999.000,9999.000,9999.000,9999.000,9999.000
202603060242,   4.394,   5.110,9999.000,9999.000,9999.000,9999.000,9999.000,9999.000,9999.000
202603060248,   4.323,   5.120,9999.000,9999.000,9999.000,9999.000,9999.000,9999.000,9999.000
202603060254,   4.246,   5.047,9999.000,9999.000,9999.000,9999.000,9999.000,9999.000,9999.000
202603060300,   4.164,   5.008,   0.700,   0.144,   5.008,   0.600,   4.908,   0.700,   5.008
202603060306,   4.076,   4.949,9999.000,9999.000,9999.000,9999.000,9999.000,9999.000,9999.000
202603060312,   3.983,   4.857,9999.000,9999.000,9999.000,9999.000,9999.000,9999.000,9999.000
202603060318,   3.885,   4.818,9999.000,9999.000,9999.000,9999.000,9999.000,9999.000,9999.000
202603060324,   3.783,   4.667,9999.000,9999.000,9999.000,9999.000,9999.000,9999.000,9999.000
202603060330,   3.677,   4.628,9999.000,9999.000,9999.000,9999.000,9999.000,9999.000,9999.000
202603060336,   3.567,   4.628,9999.000,9999.000,9999.000,9999.000,9999.000,9999.000,9999.000
202603060342,   3.454,   4.519,9999.000,9999.000,9999.000,9999.000,9999.000,9999.000,9999.000
202603060348,   3.339,   4.480,9999.000,9999.000,9999.000,9999.000,9999.000,9999.000,9999.000
202603060354,   3.221,   4.388,9999.000,9999.000,9999.000,9999.000,9999.000,9999.000,9999.000
202603060400,   3.101,   4.280,   0.700,   0.479,   4.280,   0.700,   4.280,   0.800,   4.380
202603060406,   2.980,   4.218,9999.000,9999.000,9999.000,9999.000,9999.000,9999.000,9999.000
202603060412,   2.857,   4.139,9999.000,9999.000,9999.000,9999.000,9999.000,9999.000,9999.000
202603060418,   2.734,   4.057,9999.000,9999.000,9999.000,9999.000,9999.000,9999.000,9999.000
202603060424,   2.609,   3.909,9999.000,9999.000,9999.000,9999.000,9999.000,9999.000,9999.000
202603060430,   2.485,   3.817,9999.000,9999.000,9999.000,9999.000,9999.000,9999.000,9999.000
202603060436,   2.360,   3.817,9999.000,9999.000,9999.000,9999.000,9999.000,9999.000,9999.000
202603060442,   2.236,   3.729,9999.000,9999.000,9999.000,9999.000,9999.000,9999.000,9999.000
202603060448,   2.112,   3.650,9999.000,9999.000,9999.000,9999.000,9999.000,9999.000,9999.000
202603060454,   1.988,   3.588,9999.000,9999.000,9999.000,9999.000,9999.000,9999.000,9999.000
202603060500,   1.865,   3.407,   0.800,   0.742,   3.407,   0.700,   3.307,   0.900,   3.507
202603060506,   1.744,   3.368,9999.000,9999.000,9999.000,9999.000,9999.000,9999.000,9999.000
202603060512,   1.623,   3.250,9999.000,9999.000,9999.000,9999.000,9999.000,9999.000,9999.000
202603060518,   1.504,   3.158,9999.000,9999.000,9999.000,9999.000,9999.000,9999.000,9999.000
202603060524,   1.386,   2.938,9999.000,9999.000,9999.000,9999.000,9999.000,9999.000,9999.000
202603060530,   1.270,   2.840,9999.000,9999.000,9999.000,9999.000,9999.000,9999.000,9999.000
202603060536,   1.156,   2.840,9999.000,9999.000,9999.000,9999.000,9999.000,9999.000,9999.000
202603060542,   1.044,   2.748,9999.000,9999.000,9999.000,9999.000,9999.000,9999.000,9999.000
202603060548,   0.934,   2.620,9999.000,9999.000,9999.000,9999.000,9999.000,9999.000,9999.000
202603060554,   0.827,   2.528,9999.000,9999.000,9999.000,9999.000,9999.000,9999.000,9999.000
202603060600,   0.722,   2.440,   0.700,   1.018,   2.440,   0.700,   2.440,   0.800,   2.540
202603060606,   0.620,   2.368,9999.000,9999.000,9999.000,9999.000,9999.000,9999.000,9999.000
202603060612,   0.522,   2.250,9999.000,9999.000,9999.000,9999.000,9999.000,9999.000,9999.000
202603060618,   0.427,   2.059,9999.000,9999.000,9999.000,9999.000,9999.000,9999.000,9999.000
202603060624,   0.337,   1.938,9999.000,9999.000,9999.000,9999.000,9999.000,9999.000,9999.000
202603060630,   0.250,   1.840,9999.000,9999.000,9999.000,9999.000,9999.000,9999.000,9999.000
202603060636,   0.168,   1.840,9999.000,9999.000,9999.000,9999.000,9999.000,9999.000,9999.000
202603060642,   0.091,   1.758,9999.000,9999.000,9999.000,9999.000,9999.000,9999.000,9999.000
202603060648,   0.019,   1.630,9999.000,9999.000,9999.000,9999.000,9999.000,9999.000,9999.000
202603060654,  -0.046,   1.571,9999.000,9999.000,9999.000,9999.000,9999.000,9999.000,9999.000
202603060700,  -0.107,   1.469,   0.800,   0.776,   1.469,   0.700,   1.369,   0.800,   1.469
202603060706,  -0.161,   1.348,9999.000,9999.000,9999.000,9999.000,9999.000,9999.000,9999.000
202603060712,  -0.209,   1.249,9999.000,9999.000,9999.000,9999.000,9999.000,9999.000,9999.000
202603060718,  -0.249,   1.098,9999.000,9999.000,9999.000,9999.000,9999.000,9999.000,9999.000
202603060724,  -0.283,   1.039,9999.000,9999.000,9999.000,9999.000,9999.000,9999.000,9999.000
202603060730,  -0.309,   0.951,9999.000,9999.000,9999.000,9999.000,9999.000,9999.000,9999.000
202603060736,  -0.328,   0.951,9999.000,9999.000,9999.000,9999.000,9999.000,9999.000,9999.000
202603060742,  -0.340,   0.879,9999.000,9999.000,9999.000,9999.000,9999.000,9999.000,9999.000
202603060748,  -0.343,   0.839,9999.000,9999.000,9999.000,9999.000,9999.000,9999.000,9999.000
202603060754,  -0.339,   0.760,9999.000,9999.000,9999.000,9999.000,9999.000,9999.000,9999.000
202603060800,  -0.327,   0.698,   0.800,   0.225,   0.698,   0.700,   0.598,   0.900,   0.798
202603060806,  -0.307,   0.639,9999.000,9999.000,9999.000,9999.000,9999.000,9999.000,9999.000
202603060812,  -0.279,   0.619,9999.000,9999.000,9999.000,9999.000,9999.000,9999.000,9999.000
202603060818,  -0.244,   0.580,9999.000,9999.000,9999.000,9999.000,9999.000,9999.000,9999.000
202603060824,  -0.201,   0.508,9999.000,9999.000,9999.000,9999.000,9999.000,9999.000,9999.000
202603060830,  -0.151,   0.518,9999.000,9999.000,9999.000,9999.000,9999.000,9999.000,9999.000
202603060836,  -0.094,   0.518,9999.000,9999.000,9999.000,9999.000,9999.000,9999.000,9999.000
202603060842,  -0.031,   0.498,9999.000,9999.000,9999.000,9999.000,9999.000,9999.000,9999.000
202603060848,   0.038,   0.518,9999.000,9999.000,9999.000,9999.000,9999.000,9999.000,9999.000
202603060854,   0.115,   0.570,9999.000,9999.000,9999.000,9999.000,9999.000,9999.000,9999.000
202603060900,   0.196,   0.619,   0.800,  -0.377,   0.619,   0.700,   0.519,   0.900,   0.719
202603060906,   0.283,   0.639,9999.000,9999.000,9999.000,9999.000,9999.000,9999.000,9999.000
202603060912,   0.375,   0.688,9999.000,9999.000,9999.000,9999.000,9999.000,9999.000,9999.000
202603060918,   0.472,   0.780,9999.000,9999.000,9999.000,9999.000,9999.000,9999.000,9999.000
202603060924,   0.572,   0.928,9999.000,9999.000,9999.000,9999.000,9999.000,9999.000,9999.000
202603060930,   0.677,   0.961,9999.000,9999.000,9999.000,9999.000,9999.000,9999.000,9999.000
202603060936,   0.784,   0.961,9999.000,9999.000,9999.000,9999.000,9999.000,9999.000,9999.000
202603060942,   0.894,   1.029,9999.000,9999.000,9999.000,9999.000,9999.000,9999.000,9999.000
202603060948,   1.006,   1.180,9999.000,9999.000,9999.000,9999.000,9999.000,9999.000,9999.000
202603060954,   1.121,   1.269,9999.000,9999.000,9999.000,9999.000,9999.000,9999.000,9999.000
202603061000,   1.236,   1.380,   0.800,  -0.656,   1.380,   0.700,   1.280,   1.000,   1.580
202603061006,   1.353,   1.469,9999.000,9999.000,9999.000,9999.000,9999.000,9999.000,9999.000
202603061012,   1.471,   1.571,9999.000,9999.000,9999.000,9999.000,9999.000,9999.000,9999.000
202603061018,   1.588,   1.679,9999.000,9999.000,9999.000,9999.000,9999.000,9999.000,9999.000
202603061024,   1.706,   1.849,9999.000,9999.000,9999.000,9999.000,9999.000,9999.000,9999.000
202603061030,   1.823,   1.948,9999.000,9999.000,9999.000,9999.000,9999.000,9999.000,9999.000
202603061036,   1.940,   1.948,9999.000,9999.000,9999.000,9999.000,9999.000,9999.000,9999.000
202603061042,   2.056,   2.049,9999.000,9999.000,9999.000,9999.000,9999.000,9999.000,9999.000
202603061048,   2.170,   2.089,9999.000,9999.000,9999.000,9999.000,9999.000,9999.000,9999.000
202603061054,   2.283,   2.138,9999.000,9999.000,9999.000,9999.000,9999.000,9999.000,9999.000
202603061100,   2.395,   2.299,   0.900,  -0.996,   2.299,   0.800,   2.199,   1.000,   2.399
202603061106,   2.504,   2.358,9999.000,9999.000,9999.000,9999.000,9999.000,9999.000,9999.000
202603061112,   2.612,   2.440,9999.000,9999.000,9999.000,9999.000,9999.000,9999.000,9999.000
202603061118,   2.717,   2.548,9999.000,9999.000,9999.000,9999.000,9999.000,9999.000,9999.000
202603061124,   2.820,   2.738,9999.000,9999.000,9999.000,9999.000,9999.000,9999.000,9999.000
202603061130,   2.920,   2.807,9999.000,9999.000,9999.000,9999.000,9999.000,9999.000,9999.000
202603061136,   3.018,   2.807,9999.000,9999.000,9999.000,9999.000,9999.000,9999.000,9999.000
202603061142,   3.113,   2.909,9999.000,9999.000,9999.000,9999.000,9999.000,9999.000,9999.000
202603061148,   3.206,   3.007,9999.000,9999.000,9999.000,9999.000,9999.000,9999.000,9999.000
202603061154,   3.295,   3.089,9999.000,9999.000,9999.000,9999.000,9999.000,9999.000,9999.000
202603061200,   3.382,   3.168,   0.800,  -1.014,   3.168,   0.700,   3.068,   0.900,   3.268
202603061206,   3.465,   3.299,9999.000,9999.000,9999.000,9999.000,9999.000,9999.000,9999.000
202603061212,   3.545,   3.358,9999.000,9999.000,9999.000,9999.000,9999.000,9999.000,9999.000
202603061218,   3.622,   3.558,9999.000,9999.000,9999.000,9999.000,9999.000,9999.000,9999.000
202603061224,   3.696,   3.607,9999.000,9999.000,9999.000,9999.000,9999.000,9999.000,9999.000
202603061230,   3.767,   3.758,9999.000,9999.000,9999.000,9999.000,9999.000,9999.000,9999.000
202603061236,   3.833,   3.758,9999.000,9999.000,9999.000,9999.000,9999.000,9999.000,9999.000
202603061242,   3.896,   3.808,9999.000,9999.000,9999.000,9999.000,9999.000,9999.000,9999.000
202603061248,   3.956,   3.909,9999.000,9999.000,9999.000,9999.000,9999.000,9999.000,9999.000
202603061254,   4.011,   3.998,9999.000,9999.000,9999.000,9999.000,9999.000,9999.000,9999.000
202603061300,   4.062,   4.070,   0.800,  -0.792,   4.070,   0.700,   3.970,   0.900,   4.170
202603061306,   4.109,   4.198,9999.000,9999.000,9999.000,9999.000,9999.000,9999.000,9999.000
202603061312,   4.152,   4.227,9999.000,9999.000,9999.000,9999.000,9999.000,9999.000,9999.000
202603061318,   4.189,   4.349,9999.000,9999.000,9999.000,9999.000,9999.000,9999.000,9999.000
202603061324,   4.222,   4.427,9999.000,9999.000,9999.000,9999.000,9999.000,9999.000,9999.000
202603061330,   4.250,   4.539,9999.000,9999.000,9999.000,9999.000,9999.000,9999.000,9999.000
202603061336,   4.273,   4.539,9999.000,9999.000,9999.000,9999.000,9999.000,9999.000,9999.000
202603061342,   4.291,   4.578,9999.000,9999.000,9999.000,9999.000,9999.000,9999.000,9999.000
202603061348,   4.302,   4.618,9999.000,9999.000,9999.000,9999.000,9999.000,9999.000,9999.000
202603061354,   4.309,   4.677,9999.000,9999.000,9999.000,9999.000,9999.000,9999.000,9999.000
202603061400,   4.309,   4.677,   0.800,  -0.432,   4.677,   0.700,   4.577,   0.900,   4.777
202603061406,   4.303,   4.739,9999.000,9999.000,9999.000,9999.000,9999.000,9999.000,9999.000
202603061412,   4.291,   4.769,9999.000,9999.000,9999.000,9999.000,9999.000,9999.000,9999.000
202603061418,   4.274,   4.719,9999.000,9999.000,9999.000,9999.000,9999.000,9999.000,9999.000
202603061424,   4.249,   4.759,9999.000,9999.000,9999.000,9999.000,9999.000,9999.000,9999.000
202603061430,   4.219,   4.769,9999.000,9999.000,9999.000,9999.000,9999.000,9999.000,9999.000
202603061436,   4.182,   4.769,9999.000,9999.000,9999.000,9999.000,9999.000,9999.000,9999.000
202603061442,   4.139,   4.867,9999.000,9999.000,9999.000,9999.000,9999.000,9999.000,9999.000
202603061448,   4.090,   4.818,9999.000,9999.000,9999.000,9999.000,9999.000,9999.000,9999.000
202603061454,   4.035,   4.847,9999.000,9999.000,9999.000,9999.000,9999.000,9999.000,9999.000
202603061500,   3.974,   4.867,   0.900,  -0.007,   4.867,   0.800,   4.767,   1.000,   4.967
202603061506,   3.907,   4.818,9999.000,9999.000,9999.000,9999.000,9999.000,9999.000,9999.000
202603061512,   3.835,   4.877,9999.000,9999.000,9999.000,9999.000,9999.000,9999.000,9999.000
202603061518,   3.758,   4.778,9999.000,9999.000,9999.000,9999.000,9999.000,9999.000,9999.000
202603061524,   3.675,   4.749,9999.000,9999.000,9999.000,9999.000,9999.000,9999.000,9999.000
202603061530,   3.588,   4.690,9999.000,9999.000,9999.000,9999.000,9999.000,9999.000,9999.000
202603061536,   3.497,   4.690,9999.000,9999.000,9999.000,9999.000,9999.000,9999.000,9999.000
202603061542,   3.402,   4.618,9999.000,9999.000,9999.000,9999.000,9999.000,9999.000,9999.000
202603061548,   3.303,   4.559,9999.000,9999.000,9999.000,9999.000,9999.000,9999.000,9999.000
202603061554,   3.201,   4.437,9999.000,9999.000,9999.000,9999.000,9999.000,9999.000,9999.000
202603061600,   3.096,   4.368,   0.900,   0.372,   4.368,   0.800,   4.268,   1.000,   4.468
202603061606,   2.988,   4.290,9999.000,9999.000,9999.000,9999.000,9999.000,9999.000,9999.000
202603061612,   2.879,   4.188,9999.000,9999.000,9999.000,9999.000,9999.000,9999.000,9999.000
202603061618,   2.768,   4.119,9999.000,9999.000,9999.000,9999.000,9999.000,9999.000,9999.000
202603061624,   2.655,   3.939,9999.000,9999.000,9999.000,9999.000,9999.000,9999.000,9999.000
202603061630,   2.542,   3.870,9999.000,9999.000,9999.000,9999.000,9999.000,9999.000,9999.000
202603061636,   2.427,   3.870,9999.000,9999.000,9999.000,9999.000,9999.000,9999.000,9999.000
202603061642,   2.313,   3.778,9999.000,9999.000,9999.000,9999.000,9999.000,9999.000,9999.000
202603061648,   2.198,   3.680,9999.000,9999.000,9999.000,9999.000,9999.000,9999.000,9999.000
202603061654,   2.084,   3.578,9999.000,9999.000,9999.000,9999.000,9999.000,9999.000,9999.000
202603061700,   1.969,   3.470,   0.900,   0.601,   3.470,   0.800,   3.370,   1.000,   3.570
202603061706,   1.856,   3.378,9999.000,9999.000,9999.000,9999.000,9999.000,9999.000,9999.000
202603061712,   1.743,   3.270,9999.000,9999.000,9999.000,9999.000,9999.000,9999.000,9999.000
202603061718,   1.632,   3.188,9999.000,9999.000,9999.000,9999.000,9999.000,9999.000,9999.000
202603061724,   1.522,   3.017,9999.000,9999.000,9999.000,9999.000,9999.000,9999.000,9999.000
202603061730,   1.413,   2.929,9999.000,9999.000,9999.000,9999.000,9999.000,9999.000,9999.000
202603061736,   1.305,   2.929,9999.000,9999.000,9999.000,9999.000,9999.000,9999.000,9999.000
202603061742,   1.200,   2.840,9999.000,9999.000,9999.000,9999.000,9999.000,9999.000,9999.000
202603061748,   1.096,   2.728,9999.000,9999.000,9999.000,9999.000,9999.000,9999.000,9999.000
202603061754,   0.994,   2.660,9999.000,9999.000,9999.000,9999.000,9999.000,9999.000,9999.000
202603061800,   0.894,   2.558,   0.900,   0.764,   2.558,   0.800,   2.458,   1.000,   2.658
202603061806,   0.797,   2.430,9999.000,9999.000,9999.000,9999.000,9999.000,9999.000,9999.000
202603061812,   0.702,   2.358,9999.000,9999.000,9999.000,9999.000,9999.000,9999.000,9999.000
202603061818,   0.610,   2.158,9999.000,9999.000,9999.000,9999.000,9999.000,9999.000,9999.000
202603061824,   0.521,   2.089,9999.000,9999.000,9999.000,9999.000,9999.000,9999.000,9999.000
202603061830,   0.435,   1.981,9999.000,9999.000,9999.000,9999.000,9999.000,9999.000,9999.000
202603061836,   0.353,   1.981,9999.000,9999.000,9999.000,9999.000,9999.000,9999.000,9999.000
202603061842,   0.274,   1.889,9999.000,9999.000,9999.000,9999.000,9999.000,9999.000,9999.000
202603061848,   0.199,   1.800,9999.000,9999.000,9999.000,9999.000,9999.000,9999.000,9999.000
202603061854,   0.129,   1.689,9999.000,9999.000,9999.000,9999.000,9999.000,9999.000,9999.000
202603061900,   0.063,   1.600,   0.900,   0.637,   1.600,   0.800,   1.500,   1.000,   1.700
202603061906,   0.002,   1.498,9999.000,9999.000,9999.000,9999.000,9999.000,9999.000,9999.000
202603061912,  -0.053,   1.400,9999.000,9999.000,9999.000,9999.000,9999.000,9999.000,9999.000
202603061918,  -0.103,   1.308,9999.000,9999.000,9999.000,9999.000,9999.000,9999.000,9999.000
202603061924,  -0.148,   1.108,9999.000,9999.000,9999.000,9999.000,9999.000,9999.000,9999.000
202603061930,  -0.186,   1.049,9999.000,9999.000,9999.000,9999.000,9999.000,9999.000,9999.000
202603061936,  -0.218,   1.049,9999.000,9999.000,9999.000,9999.000,9999.000,9999.000,9999.000
202603061942,  -0.244,   0.961,9999.000,9999.000,9999.000,9999.000,9999.000,9999.000,9999.000
202603061948,  -0.263,   0.839,9999.000,9999.000,9999.000,9999.000,9999.000,9999.000,9999.000
202603061954,  -0.275,   0.770,9999.000,9999.000,9999.000,9999.000,9999.000,9999.000,9999.000
202603062000,  -0.280,   0.731,   0.900,   0.111,   0.731,   0.800,   0.631,   0.900,   0.731
202603062006,  -0.278,   0.718,9999.000,9999.000,9999.000,9999.000,9999.000,9999.000,9999.000
202603062012,  -0.268,   0.619,9999.000,9999.000,9999.000,9999.000,9999.000,9999.000,9999.000
202603062018,  -0.251,   0.560,9999.000,9999.000,9999.000,9999.000,9999.000,9999.000,9999.000
202603062024,  -0.227,   0.488,9999.000,9999.000,9999.000,9999.000,9999.000,9999.000,9999.000
202603062030,  -0.195,   0.459,9999.000,9999.000,9999.000,9999.000,9999.000,9999.000,9999.000
202603062036,  -0.157,   0.459,9999.000,9999.000,9999.000,9999.000,9999.000,9999.000,9999.000
202603062042,  -0.111,   0.419,9999.000,9999.000,9999.000,9999.000,9999.000,9999.000,9999.000
202603062048,  -0.058,   0.400,9999.000,9999.000,9999.000,9999.000,9999.000,9999.000,9999.000
202603062054,   0.000,   0.370,9999.000,9999.000,9999.000,9999.000,9999.000,9999.000,9999.000
202603062100,   0.066,   0.419,   0.900,  -0.547,   0.419,   0.800,   0.319,   1.000,   0.519
202603062106,   0.138,   0.409,9999.000,9999.000,9999.000,9999.000,9999.000,9999.000,9999.000
202603062112,   0.215,   0.419,9999.000,9999.000,9999.000,9999.000,9999.000,9999.000,9999.000
202603062118,   0.299,   0.508,9999.000,9999.000,9999.000,9999.000,9999.000,9999.000,9999.000
202603062124,   0.387,   0.619,9999.000,9999.000,9999.000,9999.000,9999.000,9999.000,9999.000
202603062130,   0.480,   0.698,9999.000,9999.000,9999.000,9999.000,9999.000,9999.000,9999.000
202603062136,   0.578,   0.698,9999.000,9999.000,9999.000,9999.000,9999.000,9999.000,9999.000
202603062142,   0.680,   0.760,9999.000,9999.000,9999.000,9999.000,9999.000,9999.000,9999.000
202603062148,   0.785,   0.849,9999.000,9999.000,9999.000,9999.000,9999.000,9999.000,9999.000
202603062154,   0.893,   0.918,9999.000,9999.000,9999.000,9999.000,9999.000,9999.000,9999.000
202603062200,   1.005,   0.980,   0.900,  -0.925,   0.980,   0.800,   0.880,   1.000,   1.080
202603062206,   1.118,   1.108,9999.000,9999.000,9999.000,9999.000,9999.000,9999.000,9999.000
202603062212,   1.234,   1.190,9999.000,9999.000,9999.000,9999.000,9999.000,9999.000,9999.000
202603062218,   1.351,   1.259,9999.000,9999.000,9999.000,9999.000,9999.000,9999.000,9999.000
202603062224,   1.469,   1.449,9999.000,9999.000,9999.000,9999.000,9999.000,9999.000,9999.000
202603062230,   1.588,   1.538,9999.000,9999.000,9999.000,9999.000,9999.000,9999.000,9999.000
202603062236,   1.707,   1.538,9999.000,9999.000,9999.000,9999.000,9999.000,9999.000,9999.000
202603062242,   1.826,   1.649,9999.000,9999.000,9999.000,9999.000,9999.000,9999.000,9999.000
202603062248,   1.945,   1.758,9999.000,9999.000,9999.000,9999.000,9999.000,9999.000,9999.000
202603062254,   2.064,   1.899,9999.000,9999.000,9999.000,9999.000,9999.000,9999.000,9999.000
202603062300,   2.181,   1.981,   0.900,  -1.100,   1.981,   0.800,   1.881,   1.000,   2.081
202603062306,   2.298,   2.079,9999.000,9999.000,9999.000,9999.000,9999.000,9999.000,9999.000
202603062312,   2.413,   2.191,9999.000,9999.000,9999.000,9999.000,9999.000,9999.000,9999.000
202603062318,   2.526,   2.387,9999.000,9999.000,9999.000,9999.000,9999.000,9999.000,9999.000
202603062324,   2.638,   2.469,9999.000,9999.000,9999.000,9999.000,9999.000,9999.000,9999.000
202603062330,   2.747,   2.578,9999.000,9999.000,9999.000,9999.000,9999.000,9999.000,9999.000
202603062336,   2.855,   2.578,9999.000,9999.000,9999.000,9999.000,9999.000,9999.000,9999.000
202603062342,   2.960,   2.699,9999.000,9999.000,9999.000,9999.000,9999.000,9999.000,9999.000
202603062348,   3.063,   2.797,9999.000,9999.000,9999.000,9999.000,9999.000,9999.000,9999.000
202603062354,   3.163,   2.869,9999.000,9999.000,9999.000,9999.000,9999.000,9999.000,9999.000
202603070000,   3.261,   2.988,   0.800,  -1.073,   2.988,   0.700,   2.888,   0.900,   3.088
202603070006,   3.356,   3.099,9999.000,9999.000,9999.000,9999.000,9999.000,9999.000,9999.000
202603070012,   3.449,   3.178,9999.000,9999.000,9999.000,9999.000,9999.000,9999.000,9999.000
202603070018,   3.538,   3.270,9999.000,9999.000,9999.000,9999.000,9999.000,9999.000,9999.000
202603070024,   3.625,   3.480,9999.000,9999.000,9999.000,9999.000,9999.000,9999.000,9999.000
202603070030,   3.708,   3.578,9999.000,9999.000,9999.000,9999.000,9999.000,9999.000,9999.000
202603070036,   3.789,   3.578,9999.000,9999.000,9999.000,9999.000,9999.000,9999.000,9999.000
202603070042,   3.866,   3.680,9999.000,9999.000,9999.000,9999.000,9999.000,9999.000,9999.000
202603070048,   3.940,   3.778,9999.000,9999.000,9999.000,9999.000,9999.000,9999.000,9999.000
202603070054,   4.011,   3.870,9999.000,9999.000,9999.000,9999.000,9999.000,9999.000,9999.000
202603070100,   4.079,   3.958,   0.800,  -0.921,   3.958,   0.700,   3.858,   0.900,   4.058
202603070106,   4.142,   4.037,9999.000,9999.000,9999.000,9999.000,9999.000,9999.000,9999.000
202603070112,   4.202,   4.109,9999.000,9999.000,9999.000,9999.000,9999.000,9999.000,9999.000
202603070118,   4.258,   4.280,9999.000,9999.000,9999.000,9999.000,9999.000,9999.000,9999.000
202603070124,   4.311,   4.349,9999.000,9999.000,9999.000,9999.000,9999.000,9999.000,9999.000
202603070130,   4.359,   4.398,9999.000,9999.000,9999.000,9999.000,9999.000,9999.000,9999.000
202603070136,   4.402,   4.398,9999.000,9999.000,9999.000,9999.000,9999.000,9999.000,9999.000
202603070142,   4.441,   4.457,9999.000,9999.000,9999.000,9999.000,9999.000,9999.000,9999.000
202603070148,   4.475,   4.559,9999.000,9999.000,9999.000,9999.000,9999.000,9999.000,9999.000
202603070154,   4.505,   4.598,9999.000,9999.000,9999.000,9999.000,9999.000,9999.000,9999.000
202603070200,   4.529,   4.657,   0.800,  -0.672,   4.657,   0.700,   4.557,   0.900,   4.757
202603070206,   4.548,   4.729,9999.000,9999.000,9999.000,9999.000,9999.000,9999.000,9999.000
202603070212,   4.561,   4.759,9999.000,9999.000,9999.000,9999.000,9999.000,9999.000,9999.000
202603070218,   4.569,   4.837,9999.000,9999.000,9999.000,9999.000,9999.000,9999.000,9999.000
202603070224,   4.571,   4.857,9999.000,9999.000,9999.000,9999.000,9999.000,9999.000,9999.000
202603070230,   4.566,   4.847,9999.000,9999.000,9999.000,9999.000,9999.000,9999.000,9999.000
202603070236,   4.556,   4.847,9999.000,9999.000,9999.000,9999.000,9999.000,9999.000,9999.000
202603070242,   4.540,   4.867,9999.000,9999.000,9999.000,9999.000,9999.000,9999.000,9999.000
202603070248,   4.517,   4.857,9999.000,9999.000,9999.000,9999.000,9999.000,9999.000,9999.000
202603070254,   4.487,   4.857,9999.000,9999.000,9999.000,9999.000,9999.000,9999.000,9999.000
202603070300,   4.452,   4.847,   0.800,  -0.405,   4.847,   0.700,   4.747,   0.800,   4.847
202603070306,   4.410,   4.808,9999.000,9999.000,9999.000,9999.000,9999.000,9999.000,9999.000
202603070312,   4.361,   4.837,9999.000,9999.000,9999.000,9999.000,9999.000,9999.000,9999.000
202603070318,   4.307,   4.778,9999.000,9999.000,9999.000,9999.000,9999.000,9999.000,9999.000
202603070324,   4.246,   4.719,9999.000,9999.000,9999.000,9999.000,9999.000,9999.000,9999.000
202603070330,   4.180,   4.719,9999.000,9999.000,9999.000,9999.000,9999.000,9999.000,9999.000
202603070336,   4.107,   4.719,9999.000,9999.000,9999.000,9999.000,9999.000,9999.000,9999.000
202603070342,   4.030,   4.647,9999.000,9999.000,9999.000,9999.000,9999.000,9999.000,9999.000
202603070348,   3.947,   4.608,9999.000,9999.000,9999.000,9999.000,9999.000,9999.000,9999.000
202603070354,   3.859,   4.569,9999.000,9999.000,9999.000,9999.000,9999.000,9999.000,9999.000
202603070400,   3.766,   4.509,   0.700,   0.043,   4.509,   0.700,   4.509,   0.800,   4.609
202603070406,   3.669,   4.467,9999.000,9999.000,9999.000,9999.000,9999.000,9999.000,9999.000
202603070412,   3.568,   4.378,9999.000,9999.000,9999.000,9999.000,9999.000,9999.000,9999.000
202603070418,   3.464,   4.319,9999.000,9999.000,9999.000,9999.000,9999.000,9999.000,9999.000
202603070424,   3.357,   4.149,9999.000,9999.000,9999.000,9999.000,9999.000,9999.000,9999.000
202603070430,   3.246,   4.037,9999.000,9999.000,9999.000,9999.000,9999.000,9999.000,9999.000
202603070436,   3.134,   4.037,9999.000,9999.000,9999.000,9999.000,9999.000,9999.000,9999.000
202603070442,   3.019,   3.968,9999.000,9999.000,9999.000,9999.000,9999.000,9999.000,9999.000
202603070448,   2.903,   3.847,9999.000,9999.000,9999.000,9999.000,9999.000,9999.000,9999.000
202603070454,   2.786,   3.798,9999.000,9999.000,9999.000,9999.000,9999.000,9999.000,9999.000
202603070500,   2.668,   3.699,   0.700,   0.331,   3.699,   0.600,   3.599,   0.800,   3.799
202603070506,   2.549,   3.568,9999.000,9999.000,9999.000,9999.000,9999.000,9999.000,9999.000
202603070512,   2.430,   3.509,9999.000,9999.000,9999.000,9999.000,9999.000,9999.000,9999.000
202603070518,   2.312,   3.398,9999.000,9999.000,9999.000,9999.000,9999.000,9999.000,9999.000
202603070524,   2.193,   3.250,9999.000,9999.000,9999.000,9999.000,9999.000,9999.000,9999.000
202603070530,   2.076,   3.168,9999.000,9999.000,9999.000,9999.000,9999.000,9999.000,9999.000
202603070536,   1.959,   3.168,9999.000,9999.000,9999.000,9999.000,9999.000,9999.000,9999.000
202603070542,   1.843,   3.070,9999.000,9999.000,9999.000,9999.000,9999.000,9999.000,9999.000
202603070548,   1.728,   2.968,9999.000,9999.000,9999.000,9999.000,9999.000,9999.000,9999.000
202603070554,   1.616,   2.909,9999.000,9999.000,9999.000,9999.000,9999.000,9999.000,9999.000
202603070600,   1.504,   2.787,   0.700,   0.583,   2.787,   0.600,   2.687,   0.700,   2.787
202603070606,   1.395,   2.719,9999.000,9999.000,9999.000,9999.000,9999.000,9999.000,9999.000
202603070612,   1.288,   2.620,9999.000,9999.000,9999.000,9999.000,9999.000,9999.000,9999.000
202603070618,   1.183,   2.420,9999.000,9999.000,9999.000,9999.000,9999.000,9999.000,9999.000
202603070624,   1.080,   2.338,9999.000,9999.000,9999.000,9999.000,9999.000,9999.000,9999.000
202603070630,   0.980,   2.220,9999.000,9999.000,9999.000,9999.000,9999.000,9999.000,9999.000
202603070636,   0.883,   2.220,9999.000,9999.000,9999.000,9999.000,9999.000,9999.000,9999.000
202603070642,   0.789,   2.128,9999.000,9999.000,9999.000,9999.000,9999.000,9999.000,9999.000
202603070648,   0.698,   2.040,9999.000,9999.000,9999.000,9999.000,9999.000,9999.000,9999.000
202603070654,   0.611,   1.918,9999.000,9999.000,9999.000,9999.000,9999.000,9999.000,9999.000
202603070700,   0.527,   1.840,   0.700,   0.613,   1.840,   0.600,   1.740,   0.700,   1.840
202603070706,   0.448,   1.781,9999.000,9999.000,9999.000,9999.000,9999.000,9999.000,9999.000
202603070712,   0.372,   1.649,9999.000,9999.000,9999.000,9999.000,9999.000,9999.000,9999.000
202603070718,   0.301,   1.459,9999.000,9999.000,9999.000,9999.000,9999.000,9999.000,9999.000
202603070724,   0.235,   1.371,9999.000,9999.000,9999.000,9999.000,9999.000,9999.000,9999.000
202603070730,   0.174,   1.279,9999.000,9999.000,9999.000,9999.000,9999.000,9999.000,9999.000
202603070736,   0.118,   1.279,9999.000,9999.000,9999.000,9999.000,9999.000,9999.000,9999.000
202603070742,   0.068,   1.220,9999.000,9999.000,9999.000,9999.000,9999.000,9999.000,9999.000
202603070748,   0.023,   1.118,9999.000,9999.000,9999.000,9999.000,9999.000,9999.000,9999.000
202603070754,  -0.015,   1.039,9999.000,9999.000,9999.000,9999.000,9999.000,9999.000,9999.000
202603070800,  -0.047,   0.928,   0.700,   0.275,   0.928,   0.600,   0.828,   0.700,   0.928
202603070806,  -0.073,   0.869,9999.000,9999.000,9999.000,9999.000,9999.000,9999.000,9999.000
202603070812,  -0.092,   0.810,9999.000,9999.000,9999.000,9999.000,9999.000,9999.000,9999.000
202603070818,  -0.105,   0.610,9999.000,9999.000,9999.000,9999.000,9999.000,9999.000,9999.000
202603070824,  -0.111,   0.560,9999.000,9999.000,9999.000,9999.000,9999.000,9999.000,9999.000
202603070830,  -0.109,   0.541,9999.000,9999.000,9999.000,9999.000,9999.000,9999.000,9999.000
202603070836,  -0.101,   0.541,9999.000,9999.000,9999.000,9999.000,9999.000,9999.000,9999.000
202603070842,  -0.086,   0.488,9999.000,9999.000,9999.000,9999.000,9999.000,9999.000,9999.000
202603070848,  -0.064,   0.429,9999.000,9999.000,9999.000,9999.000,9999.000,9999.000,9999.000
202603070854,  -0.035,   0.419,9999.000,9999.000,9999.000,9999.000,9999.000,9999.000,9999.000
202603070900,   0.000,   0.370,   0.700,  -0.330,   0.370,   0.600,   0.270,   0.700,   0.370
202603070906,   0.041,   0.360,9999.000,9999.000,9999.000,9999.000,9999.000,9999.000,9999.000
202603070912,   0.089,   0.380,9999.000,9999.000,9999.000,9999.000,9999.000,9999.000,9999.000
202603070918,   0.144,   0.341,9999.000,9999.000,9999.000,9999.000,9999.000,9999.000,9999.000
202603070924,   0.204,   0.400,9999.000,9999.000,9999.000,9999.000,9999.000,9999.000,9999.000
202603070930,   0.270,   0.419,9999.000,9999.000,9999.000,9999.000,9999.000,9999.000,9999.000
202603070936,   0.341,   0.419,9999.000,9999.000,9999.000,9999.000,9999.000,9999.000,9999.000
202603070942,   0.417,   0.478,9999.000,9999.000,9999.000,9999.000,9999.000,9999.000,9999.000
202603070948,   0.497,   0.508,9999.000,9999.000,9999.000,9999.000,9999.000,9999.000,9999.000
202603070954,   0.582,   0.531,9999.000,9999.000,9999.000,9999.000,9999.000,9999.000,9999.000
202603071000,   0.671,   0.610,   0.600,  -0.661,   0.610,   0.600,   0.610,   0.700,   0.710
202603071006,   0.762,   0.659,9999.000,9999.000,9999.000,9999.000,9999.000,9999.000,9999.000
202603071012,   0.857,   0.718,9999.000,9999.000,9999.000,9999.000,9999.000,9999.000,9999.000
202603071018,   0.955,   0.829,9999.000,9999.000,9999.000,9999.000,9999.000,9999.000,9999.000
202603071024,   1.055,   0.888,9999.000,9999.000,9999.000,9999.000,9999.000,9999.000,9999.000
202603071030,   1.156,   0.990,9999.000,9999.000,9999.000,9999.000,9999.000,9999.000,9999.000
202603071036,   1.259,   0.990,9999.000,9999.000,9999.000,9999.000,9999.000,9999.000,9999.000
202603071042,   1.363,   1.059,9999.000,9999.000,9999.000,9999.000,9999.000,9999.000,9999.000
202603071048,   1.467,   1.128,9999.000,9999.000,9999.000,9999.000,9999.000,9999.000,9999.000
202603071054,   1.572,   1.249,9999.000,9999.000,9999.000,9999.000,9999.000,9999.000,9999.000
202603071100,   1.677,   1.328,   0.600,  -0.949,   1.328,   0.600,   1.328,   0.700,   1.428
202603071106,   1.782,   1.410,9999.000,9999.000,9999.000,9999.000,9999.000,9999.000,9999.000
202603071112,   1.885,   1.449,9999.000,9999.000,9999.000,9999.000,9999.000,9999.000,9999.000
202603071118,   1.988,   1.528,9999.000,9999.000,9999.000,9999.000,9999.000,9999.000,9999.000
202603071124,   2.090,   1.738,9999.000,9999.000,9999.000,9999.000,9999.000,9999.000,9999.000
202603071130,   2.190,   1.800,9999.000,9999.000,9999.000,9999.000,9999.000,9999.000,9999.000
202603071136,   2.289,   1.800,9999.000,9999.000,9999.000,9999.000,9999.000,9999.000,9999.000
202603071142,   2.386,   1.918,9999.000,9999.000,9999.000,9999.000,9999.000,9999.000,9999.000
202603071148,   2.481,   2.030,9999.000,9999.000,9999.000,9999.000,9999.000,9999.000,9999.000
202603071154,   2.573,   2.109,9999.000,9999.000,9999.000,9999.000,9999.000,9999.000,9999.000
202603071200,   2.664,   2.220,   0.600,  -1.044,   2.220,   0.600,   2.220,   0.600,   2.220
202603071206,   2.752,   2.309,9999.000,9999.000,9999.000,9999.000,9999.000,9999.000,9999.000
202603071212,   2.837,   2.410,9999.000,9999.000,9999.000,9999.000,9999.000,9999.000,9999.000
202603071218,   2.920,   2.469,9999.000,9999.000,9999.000,9999.000,9999.000,9999.000,9999.000
202603071224,   3.001,   2.660,9999.000,9999.000,9999.000,9999.000,9999.000,9999.000,9999.000
202603071230,   3.079,   2.748,9999.000,9999.000,9999.000,9999.000,9999.000,9999.000,9999.000
202603071236,   3.154,   2.748,9999.000,9999.000,9999.000,9999.000,9999.000,9999.000,9999.000
202603071242,   3.227,   2.860,9999.000,9999.000,9999.000,9999.000,9999.000,9999.000,9999.000
202603071248,   3.296,   2.929,9999.000,9999.000,9999.000,9999.000,9999.000,9999.000,9999.000
202603071254,   3.363,   3.007,9999.000,9999.000,9999.000,9999.000,9999.000,9999.000,9999.000
202603071300,   3.427,   3.119,   0.600,  -0.908,   3.119,   0.600,   3.119,   0.600,   3.119
202603071306,   3.488,   3.178,9999.000,9999.000,9999.000,9999.000,9999.000,9999.000,9999.000
202603071312,   3.547,   3.279,9999.000,9999.000,9999.000,9999.000,9999.000,9999.000,9999.000
202603071318,   3.602,   3.368,9999.000,9999.000,9999.000,9999.000,9999.000,9999.000,9999.000
202603071324,   3.654,   3.499,9999.000,9999.000,9999.000,9999.000,9999.000,9999.000,9999.000
202603071330,   3.703,   3.568,9999.000,9999.000,9999.000,9999.000,9999.000,9999.000,9999.000
202603071336,   3.749,   3.568,9999.000,9999.000,9999.000,9999.000,9999.000,9999.000,9999.000
202603071342,   3.791,   3.627,9999.000,9999.000,9999.000,9999.000,9999.000,9999.000,9999.000
202603071348,   3.830,   3.709,9999.000,9999.000,9999.000,9999.000,9999.000,9999.000,9999.000
202603071354,   3.865,   3.768,9999.000,9999.000,9999.000,9999.000,9999.000,9999.000,9999.000
202603071400,   3.896,   3.837,   0.600,  -0.659,   3.837,   0.600,   3.837,   0.600,   3.837
202603071406,   3.923,   3.880,9999.000,9999.000,9999.000,9999.000,9999.000,9999.000,9999.000
202603071412,   3.946,   3.919,9999.000,9999.000,9999.000,9999.000,9999.000,9999.000,9999.000
202603071418,   3.965,   4.017,9999.000,9999.000,9999.000,9999.000,9999.000,9999.000,9999.000
202603071424,   3.980,   4.099,9999.000,9999.000,9999.000,9999.000,9999.000,9999.000,9999.000
202603071430,   3.989,   4.139,9999.000,9999.000,9999.000,9999.000,9999.000,9999.000,9999.000
202603071436,   3.994,   4.139,9999.000,9999.000,9999.000,9999.000,9999.000,9999.000,9999.000
202603071442,   3.994,   4.168,9999.000,9999.000,9999.000,9999.000,9999.000,9999.000,9999.000
202603071448,   3.989,   4.198,9999.000,9999.000,9999.000,9999.000,9999.000,9999.000,9999.000
202603071454,   3.979,   4.208,9999.000,9999.000,9999.000,9999.000,9999.000,9999.000,9999.000
202603071500,   3.963,   4.218,   0.600,  -0.345,   4.218,   0.500,   4.118,   0.600,   4.218
202603071506,   3.942,   4.257,9999.000,9999.000,9999.000,9999.000,9999.000,9999.000,9999.000
202603071512,   3.915,   4.227,9999.000,9999.000,9999.000,9999.000,9999.000,9999.000,9999.000
202603071518,   3.882,   4.218,9999.000,9999.000,9999.000,9999.000,9999.000,9999.000,9999.000
202603071524,   3.844,   4.149,9999.000,9999.000,9999.000,9999.000,9999.000,9999.000,9999.000
202603071530,   3.800,   4.119,9999.000,9999.000,9999.000,9999.000,9999.000,9999.000,9999.000
202603071536,   3.751,   4.119,9999.000,9999.000,9999.000,9999.000,9999.000,9999.000,9999.000
202603071542,   3.696,   4.109,9999.000,9999.000,9999.000,9999.000,9999.000,9999.000,9999.000
202603071548,   3.636,   4.047,9999.000,9999.000,9999.000,9999.000,9999.000,9999.000,9999.000
202603071554,   3.570,   4.008,9999.000,9999.000,9999.000,9999.000,9999.000,9999.000,9999.000
202603071600,   3.500,   3.958,   0.500,  -0.042,   3.958,   0.500,   3.958,   0.600,   4.058
202603071606,   3.425,   3.890,9999.000,9999.000,9999.000,9999.000,9999.000,9999.000,9999.000
202603071612,   3.345,   3.817,9999.000,9999.000,9999.000,9999.000,9999.000,9999.000,9999.000
202603071618,   3.261,   3.768,9999.000,9999.000,9999.000,9999.000,9999.000,9999.000,9999.000
202603071624,   3.173,   3.617,9999.000,9999.000,9999.000,9999.000,9999.000,9999.000,9999.000
202603071630,   3.082,   3.578,9999.000,9999.000,9999.000,9999.000,9999.000,9999.000,9999.000
202603071636,   2.987,   3.578,9999.000,9999.000,9999.000,9999.000,9999.000,9999.000,9999.000
202603071642,   2.889,   3.489,9999.000,9999.000,9999.000,9999.000,9999.000,9999.000,9999.000
202603071648,   2.790,   3.388,9999.000,9999.000,9999.000,9999.000,9999.000,9999.000,9999.000
202603071654,   2.688,   3.329,9999.000,9999.000,9999.000,9999.000,9999.000,9999.000,9999.000
202603071700,   2.584,   3.207,   0.500,   0.123,   3.207,   0.500,   3.207,   0.500,   3.207
202603071706,   2.479,   3.148,9999.000,9999.000,9999.000,9999.000,9999.000,9999.000,9999.000
202603071712,   2.373,   3.079,9999.000,9999.000,9999.000,9999.000,9999.000,9999.000,9999.000
202603071718,   2.267,   2.978,9999.000,9999.000,9999.000,9999.000,9999.000,9999.000,9999.000
202603071724,   2.160,   2.820,9999.000,9999.000,9999.000,9999.000,9999.000,9999.000,9999.000
202603071730,   2.054,   2.719,9999.000,9999.000,9999.000,9999.000,9999.000,9999.000,9999.000
202603071736,   1.948,   2.719,9999.000,9999.000,9999.000,9999.000,9999.000,9999.000,9999.000
202603071742,   1.843,   2.650,9999.000,9999.000,9999.000,9999.000,9999.000,9999.000,9999.000
202603071748,   1.739,   2.548,9999.000,9999.000,9999.000,9999.000,9999.000,9999.000,9999.000
202603071754,   1.636,   2.499,9999.000,9999.000,9999.000,9999.000,9999.000,9999.000,9999.000
202603071800,   1.535,   2.400,   0.500,   0.365,   2.400,   0.500,   2.400,   0.500,   2.400
202603071806,   1.436,   2.309,9999.000,9999.000,9999.000,9999.000,9999.000,9999.000,9999.000
202603071812,   1.338,   2.210,9999.000,9999.000,9999.000,9999.000,9999.000,9999.000,9999.000
202603071818,   1.243,   2.158,9999.000,9999.000,9999.000,9999.000,9999.000,9999.000,9999.000
202603071824,   1.150,   1.990,9999.000,9999.000,9999.000,9999.000,9999.000,9999.000,9999.000
202603071830,   1.059,   1.889,9999.000,9999.000,9999.000,9999.000,9999.000,9999.000,9999.000
202603071836,   0.971,   1.889,9999.000,9999.000,9999.000,9999.000,9999.000,9999.000,9999.000
202603071842,   0.886,   1.820,9999.000,9999.000,9999.000,9999.000,9999.000,9999.000,9999.000
202603071848,   0.804,   1.738,9999.000,9999.000,9999.000,9999.000,9999.000,9999.000,9999.000
202603071854,   0.724,   1.630,9999.000,9999.000,9999.000,9999.000,9999.000,9999.000,9999.000
202603071900,   0.648,   1.538,   0.500,   0.390,   1.538,   0.500,   1.538,   0.500,   1.538
202603071906,   0.576,   1.489,9999.000,9999.000,9999.000,9999.000,9999.000,9999.000,9999.000
202603071912,   0.507,   1.400,9999.000,9999.000,9999.000,9999.000,9999.000,9999.000,9999.000
202603071918,   0.441,   1.249,9999.000,9999.000,9999.000,9999.000,9999.000,9999.000,9999.000
202603071924,   0.380,   1.200,9999.000,9999.000,9999.000,9999.000,9999.000,9999.000,9999.000
202603071930,   0.322,   1.108,9999.000,9999.000,9999.000,9999.000,9999.000,9999.000,9999.000
202603071936,   0.269,   1.108,9999.000,9999.000,9999.000,9999.000,9999.000,9999.000,9999.000
202603071942,   0.221,   1.039,9999.000,9999.000,9999.000,9999.000,9999.000,9999.000,9999.000
202603071948,   0.177,   0.961,9999.000,9999.000,9999.000,9999.000,9999.000,9999.000,9999.000
202603071954,   0.137,   0.869,9999.000,9999.000,9999.000,9999.000,9999.000,9999.000,9999.000
202603072000,   0.103,   0.819,   0.500,   0.216,   0.819,   0.500,   0.819,   0.600,   0.919
202603072006,   0.074,   0.760,9999.000,9999.000,9999.000,9999.000,9999.000,9999.000,9999.000
202603072012,   0.051,   0.708,9999.000,9999.000,9999.000,9999.000,9999.000,9999.000,9999.000
202603072018,   0.033,   0.570,9999.000,9999.000,9999.000,9999.000,9999.000,9999.000,9999.000
202603072024,   0.021,   0.498,9999.000,9999.000,9999.000,9999.000,9999.000,9999.000,9999.000
202603072030,   0.014,   0.439,9999.000,9999.000,9999.000,9999.000,9999.000,9999.000,9999.000
202603072036,   0.014,   0.439,9999.000,9999.000,9999.000,9999.000,9999.000,9999.000,9999.000
202603072042,   0.020,   0.380,9999.000,9999.000,9999.000,9999.000,9999.000,9999.000,9999.000
202603072048,   0.032,   0.350,9999.000,9999.000,9999.000,9999.000,9999.000,9999.000,9999.000
202603072054,   0.050,   0.321,9999.000,9999.000,9999.000,9999.000,9999.000,9999.000,9999.000
202603072100,   0.074,   0.278,   0.500,  -0.296,   0.278,   0.500,   0.278,   0.600,   0.378
202603072106,   0.104,   0.278,9999.000,9999.000,9999.000,9999.000,9999.000,9999.000,9999.000
202603072112,   0.141,   0.288,9999.000,9999.000,9999.000,9999.000,9999.000,9999.000,9999.000
202603072118,   0.184,   0.259,9999.000,9999.000,9999.000,9999.000,9999.000,9999.000,9999.000
202603072124,   0.232,   0.278,9999.000,9999.000,9999.000,9999.000,9999.000,9999.000,9999.000
202603072130,   0.286,   0.331,9999.000,9999.000,9999.000,9999.000,9999.000,9999.000,9999.000
202603072136,   0.346,   0.331,9999.000,9999.000,9999.000,9999.000,9999.000,9999.000,9999.000
202603072142,   0.411,   0.341,9999.000,9999.000,9999.000,9999.000,9999.000,9999.000,9999.000
202603072148,   0.482,   0.360,9999.000,9999.000,9999.000,9999.000,9999.000,9999.000,9999.000
202603072154,   0.557,   0.409,9999.000,9999.000,9999.000,9999.000,9999.000,9999.000,9999.000
202603072200,   0.636,   0.419,   0.500,  -0.717,   0.419,   0.500,   0.419,   0.600,   0.519
202603072206,   0.720,   0.508,9999.000,9999.000,9999.000,9999.000,9999.000,9999.000,9999.000
202603072212,   0.808,   0.580,9999.000,9999.000,9999.000,9999.000,9999.000,9999.000,9999.000
202603072218,   0.900,   0.629,9999.000,9999.000,9999.000,9999.000,9999.000,9999.000,9999.000
202603072224,   0.994,   0.790,9999.000,9999.000,9999.000,9999.000,9999.000,9999.000,9999.000
202603072230,   1.092,   0.859,9999.000,9999.000,9999.000,9999.000,9999.000,9999.000,9999.000
202603072236,   1.192,   0.859,9999.000,9999.000,9999.000,9999.000,9999.000,9999.000,9999.000
202603072242,   1.294,   0.951,9999.000,9999.000,9999.000,9999.000,9999.000,9999.000,9999.000
202603072248,   1.398,   1.049,9999.000,9999.000,9999.000,9999.000,9999.000,9999.000,9999.000
202603072254,   1.503,   1.079,9999.000,9999.000,9999.000,9999.000,9999.000,9999.000,9999.000
202603072300,   1.609,   1.190,   0.500,  -0.919,   1.190,   0.500,   1.190,   0.600,   1.290
202603072306,   1.716,   1.308,9999.000,9999.000,9999.000,9999.000,9999.000,9999.000,9999.000
202603072312,   1.823,   1.380,9999.000,9999.000,9999.000,9999.000,9999.000,9999.000,9999.000
202603072318,   1.930,   1.557,9999.000,9999.000,9999.000,9999.000,9999.000,9999.000,9999.000
202603072324,   2.036,   1.669,9999.000,9999.000,9999.000,9999.000,9999.000,9999.000,9999.000
202603072330,   2.142,   1.708,9999.000,9999.000,9999.000,9999.000,9999.000,9999.000,9999.000
202603072336,   2.248,   1.708,9999.000,9999.000,9999.000,9999.000,9999.000,9999.000,9999.000
202603072342,   2.352,   1.830,9999.000,9999.000,9999.000,9999.000,9999.000,9999.000,9999.000
202603072348,   2.454,   1.918,9999.000,9999.000,9999.000,9999.000,9999.000,9999.000,9999.000
202603072354,   2.555,   1.990,9999.000,9999.000,9999.000,9999.000,9999.000,9999.000,9999.000
202603080000,   2.654,   2.069,   0.500,  -1.171,   1.983,   0.500,   1.983,   0.500,   1.983
202603080006,   2.752,   2.210,9999.000,9999.000,9999.000,9999.000,9999.000,9999.000,9999.000
202603080012,   2.847,   2.309,9999.000,9999.000,9999.000,9999.000,9999.000,9999.000,9999.000
202603080018,   2.939,   2.410,9999.000,9999.000,9999.000,9999.000,9999.000,9999.000,9999.000
202603080024,   3.030,   2.597,9999.000,9999.000,9999.000,9999.000,9999.000,9999.000,9999.000
202603080030,   3.118,   2.660,9999.000,9999.000,9999.000,9999.000,9999.000,9999.000,9999.000
202603080036,   3.203,   2.660,9999.000,9999.000,9999.000,9999.000,9999.000,9999.000,9999.000
202603080042,   3.286,   2.748,9999.000,9999.000,9999.000,9999.000,9999.000,9999.000,9999.000
202603080048,   3.367,   2.850,9999.000,9999.000,9999.000,9999.000,9999.000,9999.000,9999.000
202603080054,   3.444,   2.909,9999.000,9999.000,9999.000,9999.000,9999.000,9999.000,9999.000
202603080100,   3.519,   3.040,   0.500,  -1.140,   2.879,   0.500,   2.879,   0.500,   2.879
202603080106,   3.592,   3.109,9999.000,9999.000,9999.000,9999.000,9999.000,9999.000,9999.000
202603080112,   3.661,   3.168,9999.000,9999.000,9999.000,9999.000,9999.000,9999.000,9999.000
202603080118,   3.728,   3.339,9999.000,9999.000,9999.000,9999.000,9999.000,9999.000,9999.000
202603080124,   3.792,   3.440,9999.000,9999.000,9999.000,9999.000,9999.000,9999.000,9999.000
202603080130,   3.853,   3.519,9999.000,9999.000,9999.000,9999.000,9999.000,9999.000,9999.000
202603080136,   3.912,   3.519,9999.000,9999.000,9999.000,9999.000,9999.000,9999.000,9999.000
202603080142,   3.967,   3.598,9999.000,9999.000,9999.000,9999.000,9999.000,9999.000,9999.000
202603080148,   4.019,   3.680,9999.000,9999.000,9999.000,9999.000,9999.000,9999.000,9999.000
202603080154,   4.069,   3.758,9999.000,9999.000,9999.000,9999.000,9999.000,9999.000,9999.000
202603080200,   4.115,   3.827,   0.500,  -0.906,   3.709,   0.500,   3.709,   0.500,   3.709
202603080206,   4.157,   3.899,9999.000,9999.000,9999.000,9999.000,9999.000,9999.000,9999.000
202603080212,   4.196,   3.939,9999.000,9999.000,9999.000,9999.000,9999.000,9999.000,9999.000
202603080218,   4.232,   4.017,9999.000,9999.000,9999.000,9999.000,9999.000,9999.000,9999.000
202603080224,   4.264,   4.109,9999.000,9999.000,9999.000,9999.000,9999.000,9999.000,9999.000
202603080230,   4.292,   4.168,9999.000,9999.000,9999.000,9999.000,9999.000,9999.000,9999.000
202603080236,   4.316,   4.168,9999.000,9999.000,9999.000,9999.000,9999.000,9999.000,9999.000
202603080242,   4.336,   4.198,9999.000,9999.000,9999.000,9999.000,9999.000,9999.000,9999.000
202603080248,   4.351,   4.267,9999.000,9999.000,9999.000,9999.000,9999.000,9999.000,9999.000
202603080254,   4.361,   4.257,9999.000,9999.000,9999.000,9999.000,9999.000,9999.000,9999.000
202603080300,   4.367,   4.300,   0.500,  -0.562,   4.305,   0.400,   4.205,   0.500,   4.305
202603080306,   4.368,   4.349,9999.000,9999.000,9999.000,9999.000,9999.000,9999.000,9999.000
202603080312,   4.364,   4.349,9999.000,9999.000,9999.000,9999.000,9999.000,9999.000,9999.000
202603080318,   4.354,   4.408,9999.000,9999.000,9999.000,9999.000,9999.000,9999.000,9999.000
202603080324,   4.339,   4.418,9999.000,9999.000,9999.000,9999.000,9999.000,9999.000,9999.000
202603080330,   4.318,   4.437,9999.000,9999.000,9999.000,9999.000,9999.000,9999.000,9999.000
202603080336,   4.291,   4.427,9999.000,9999.000,9999.000,9999.000,9999.000,9999.000,9999.000
202603080342,   4.259,   4.398,9999.000,9999.000,9999.000,9999.000,9999.000,9999.000,9999.000
202603080348,   4.221,   4.418,9999.000,9999.000,9999.000,9999.000,9999.000,9999.000,9999.000
202603080354,   4.177,   4.378,9999.000,9999.000,9999.000,9999.000,9999.000,9999.000,9999.000
202603080400,   4.128,   4.368,   0.400,  -0.130,   4.398,   0.400,   4.398,   0.500,   4.498
202603080406,   4.072,   4.290,9999.000,9999.000,9999.000,9999.000,9999.000,9999.000,9999.000
202603080412,   4.012,   4.227,9999.000,9999.000,9999.000,9999.000,9999.000,9999.000,9999.000
202603080418,   3.945,   4.119,9999.000,9999.000,9999.000,9999.000,9999.000,9999.000,9999.000
202603080424,   3.873,   4.070,9999.000,9999.000,9999.000,9999.000,9999.000,9999.000,9999.000
202603080430,   3.796,   4.008,9999.000,9999.000,9999.000,9999.000,9999.000,9999.000,9999.000
202603080436,   3.715,   4.008,9999.000,9999.000,9999.000,9999.000,9999.000,9999.000,9999.000
202603080442,   3.629,   3.988,9999.000,9999.000,9999.000,9999.000,9999.000,9999.000,9999.000
202603080448,   3.538,   3.909,9999.000,9999.000,9999.000,9999.000,9999.000,9999.000,9999.000
202603080454,   3.444,   3.870,9999.000,9999.000,9999.000,9999.000,9999.000,9999.000,9999.000
202603080500,   3.346,   3.817,   0.400,   0.361,   4.107,   0.300,   4.007,   0.400,   4.107
202603080506,   3.245,   3.729,9999.000,9999.000,9999.000,9999.000,9999.000,9999.000,9999.000
202603080512,   3.141,   3.660,9999.000,9999.000,9999.000,9999.000,9999.000,9999.000,9999.000
202603080518,   3.035,   3.519,9999.000,9999.000,9999.000,9999.000,9999.000,9999.000,9999.000
202603080524,   2.926,   3.450,9999.000,9999.000,9999.000,9999.000,9999.000,9999.000,9999.000
202603080530,   2.817,   3.368,9999.000,9999.000,9999.000,9999.000,9999.000,9999.000,9999.000
202603080536,   2.706,   3.279,9999.000,9999.000,9999.000,9999.000,9999.000,9999.000,9999.000
202603080542,   2.595,   3.217,9999.000,9999.000,9999.000,9999.000,9999.000,9999.000,9999.000
202603080548,   2.483,   3.138,9999.000,9999.000,9999.000,9999.000,9999.000,9999.000,9999.000
202603080554,   2.371,9999.000,9999.000,9999.000,9999.000,9999.000,9999.000,9999.000,9999.000
202603080600,   2.260,9999.000,   0.300,   0.757,   3.317,   0.200,   3.217,   0.300,   3.317
202603080606,   2.149,9999.000,9999.000,9999.000,9999.000,9999.000,9999.000,9999.000,9999.000
202603080612,   2.039,9999.000,9999.000,9999.000,9999.000,9999.000,9999.000,9999.000,9999.000
202603080618,   1.931,9999.000,9999.000,9999.000,9999.000,9999.000,9999.000,9999.000,9999.000
202603080624,   1.824,9999.000,9999.000,9999.000,9999.000,9999.000,9999.000,9999.000,9999.000
202603080630,   1.719,9999.000,9999.000,9999.000,9999.000,9999.000,9999.000,9999.000,9999.000
202603080636,   1.616,9999.000,9999.000,9999.000,9999.000,9999.000,9999.000,9999.000,9999.000
202603080642,   1.516,9999.000,9999.000,9999.000,9999.000,9999.000,9999.000,9999.000,9999.000
202603080648,   1.417,9999.000,9999.000,9999.000,9999.000,9999.000,9999.000,9999.000,9999.000
202603080654,   1.322,9999.000,9999.000,9999.000,9999.000,9999.000,9999.000,9999.000,9999.000
202603080700,   1.229,9999.000,   0.200,   0.854,   2.283,   0.100,   2.183,   0.300,   2.383
202603080706,   1.139,9999.000,9999.000,9999.000,9999.000,9999.000,9999.000,9999.000,9999.000
202603080712,   1.052,9999.000,9999.000,9999.000,9999.000,9999.000,9999.000,9999.000,9999.000
202603080718,   0.968,9999.000,9999.000,9999.000,9999.000,9999.000,9999.000,9999.000,9999.000
202603080724,   0.887,9999.000,9999.000,9999.000,9999.000,9999.000,9999.000,9999.000,9999.000
202603080730,   0.810,9999.000,9999.000,9999.000,9999.000,9999.000,9999.000,9999.000,9999.000
202603080736,   0.737,9999.000,9999.000,9999.000,9999.000,9999.000,9999.000,9999.000,9999.000
202603080742,   0.667,9999.000,9999.000,9999.000,9999.000,9999.000,9999.000,9999.000,9999.000
202603080748,   0.601,9999.000,9999.000,9999.000,9999.000,9999.000,9999.000,9999.000,9999.000
202603080754,   0.540,9999.000,9999.000,9999.000,9999.000,9999.000,9999.000,9999.000,9999.000
202603080800,   0.482,9999.000,   0.200,   0.615,   1.297,   0.100,   1.197,   0.200,   1.297
202603080806,   0.429,9999.000,9999.000,9999.000,9999.000,9999.000,9999.000,9999.000,9999.000
202603080812,   0.380,9999.000,9999.000,9999.000,9999.000,9999.000,9999.000,9999.000,9999.000
202603080818,   0.336,9999.000,9999.000,9999.000,9999.000,9999.000,9999.000,9999.000,9999.000
202603080824,   0.297,9999.000,9999.000,9999.000,9999.000,9999.000,9999.000,9999.000,9999.000
202603080830,   0.263,9999.000,9999.000,9999.000,9999.000,9999.000,9999.000,9999.000,9999.000
202603080836,   0.234,9999.000,9999.000,9999.000,9999.000,9999.000,9999.000,9999.000,9999.000
202603080842,   0.210,9999.000,9999.000,9999.000,9999.000,9999.000,9999.000,9999.000,9999.000
202603080848,   0.192,9999.000,9999.000,9999.000,9999.000,9999.000,9999.000,9999.000,9999.000
202603080854,   0.179,9999.000,9999.000,9999.000,9999.000,9999.000,9999.000,9999.000,9999.000
202603080900,   0.172,9999.000,   0.100,   0.195,   0.467,   0.000,   0.367,   0.200,   0.567
202603080906,   0.170,9999.000,9999.000,9999.000,9999.000,9999.000,9999.000,9999.000,9999.000
202603080912,   0.174,9999.000,9999.000,9999.000,9999.000,9999.000,9999.000,9999.000,9999.000
202603080918,   0.184,9999.000,9999.000,9999.000,9999.000,9999.000,9999.000,9999.000,9999.000
202603080924,   0.200,9999.000,9999.000,9999.000,9999.000,9999.000,9999.000,9999.000,9999.000
202603080930,   0.221,9999.000,9999.000,9999.000,9999.000,9999.000,9999.000,9999.000,9999.000
202603080936,   0.248,9999.000,9999.000,9999.000,9999.000,9999.000,9999.000,9999.000,9999.000
202603080942,   0.281,9999.000,9999.000,9999.000,9999.000,9999.000,9999.000,9999.000,9999.000
202603080948,   0.318,9999.000,9999.000,9999.000,9999.000,9999.000,9999.000,9999.000,9999.000
202603080954,   0.362,9999.000,9999.000,9999.000,9999.000,9999.000,9999.000,9999.000,9999.000
202603081000,   0.410,9999.000,   0.100,  -0.233,   0.277,   0.000,   0.177,   0.200,   0.377
202603081006,   0.463,9999.000,9999.000,9999.000,9999.000,9999.000,9999.000,9999.000,9999.000
202603081012,   0.520,9999.000,9999.000,9999.000,9999.000,9999.000,9999.000,9999.000,9999.000
202603081018,   0.583,9999.000,9999.000,9999.000,9999.000,9999.000,9999.000,9999.000,9999.000
202603081024,   0.649,9999.000,9999.000,9999.000,9999.000,9999.000,9999.000,9999.000,9999.000
202603081030,   0.719,9999.000,9999.000,9999.000,9999.000,9999.000,9999.000,9999.000,9999.000
202603081036,   0.792,9999.000,9999.000,9999.000,9999.000,9999.000,9999.000,9999.000,9999.000
202603081042,   0.869,9999.000,9999.000,9999.000,9999.000,9999.000,9999.000,9999.000,9999.000
202603081048,   0.948,9999.000,9999.000,9999.000,9999.000,9999.000,9999.000,9999.000,9999.000
202603081054,   1.030,9999.000,9999.000,9999.000,9999.000,9999.000,9999.000,9999.000,9999.000
202603081100,   1.115,9999.000,   0.000,  -0.582,   0.533,   0.000,   0.533,   0.100,   0.633
202603081106,   1.201,9999.000,9999.000,9999.000,9999.000,9999.000,9999.000,9999.000,9999.000
202603081112,   1.288,9999.000,9999.000,9999.000,9999.000,9999.000,9999.000,9999.000,9999.000
202603081118,   1.377,9999.000,9999.000,9999.000,9999.000,9999.000,9999.000,9999.000,9999.000
202603081124,   1.466,9999.000,9999.000,9999.000,9999.000,9999.000,9999.000,9999.000,9999.000
202603081130,   1.556,9999.000,9999.000,9999.000,9999.000,9999.000,9999.000,9999.000,9999.000
202603081136,   1.646,9999.000,9999.000,9999.000,9999.000,9999.000,9999.000,9999.000,9999.000
202603081142,   1.736,9999.000,9999.000,9999.000,9999.000,9999.000,9999.000,9999.000,9999.000
202603081148,   1.826,9999.000,9999.000,9999.000,9999.000,9999.000,9999.000,9999.000,9999.000
202603081154,   1.915,9999.000,9999.000,9999.000,9999.000,9999.000,9999.000,9999.000,9999.000
202603081200,   2.003,9999.000,   0.000,  -0.790,   1.213,  -0.100,   1.113,   0.100,   1.313
202603081206,   2.089,9999.000,9999.000,9999.000,9999.000,9999.000,9999.000,9999.000,9999.000
202603081212,   2.175,9999.000,9999.000,9999.000,9999.000,9999.000,9999.000,9999.000,9999.000
202603081218,   2.259,9999.000,9999.000,9999.000,9999.000,9999.000,9999.000,9999.000,9999.000
202603081224,   2.341,9999.000,9999.000,9999.000,9999.000,9999.000,9999.000,9999.000,9999.000
202603081230,   2.421,9999.000,9999.000,9999.000,9999.000,9999.000,9999.000,9999.000,9999.000
202603081236,   2.499,9999.000,9999.000,9999.000,9999.000,9999.000,9999.000,9999.000,9999.000
202603081242,   2.575,9999.000,9999.000,9999.000,9999.000,9999.000,9999.000,9999.000,9999.000
202603081248,   2.649,9999.000,9999.000,9999.000,9999.000,9999.000,9999.000,9999.000,9999.000
202603081254,   2.721,9999.000,9999.000,9999.000,9999.000,9999.000,9999.000,9999.000,9999.000
202603081300,   2.791,9999.000,  -0.100,  -0.812,   1.879,  -0.200,   1.779,   0.000,   1.979
202603081306,   2.858,9999.000,9999.000,9999.000,9999.000,9999.000,9999.000,9999.000,9999.000
202603081312,   2.922,9999.000,9999.000,9999.000,9999.000,9999.000,9999.000,9999.000,9999.000
202603081318,   2.985,9999.000,9999.000,9999.000,9999.000,9999.000,9999.000,9999.000,9999.000
202603081324,   3.045,9999.000,9999.000,9999.000,9999.000,9999.000,9999.000,9999.000,9999.000
202603081330,   3.102,9999.000,9999.000,9999.000,9999.000,9999.000,9999.000,9999.000,9999.000
202603081336,   3.158,9999.000,9999.000,9999.000,9999.000,9999.000,9999.000,9999.000,9999.000
202603081342,   3.211,9999.000,9999.000,9999.000,9999.000,9999.000,9999.000,9999.000,9999.000
202603081348,   3.261,9999.000,9999.000,9999.000,9999.000,9999.000,9999.000,9999.000,9999.000
202603081354,   3.309,9999.000,9999.000,9999.000,9999.000,9999.000,9999.000,9999.000,9999.000
202603081400,   3.355,9999.000,  -0.100,  -0.694,   2.561,  -0.200,   2.461,   0.000,   2.661
202603081406,   3.398,9999.000,9999.000,9999.000,9999.000,9999.000,9999.000,9999.000,9999.000
202603081412,   3.439,9999.000,9999.000,9999.000,9999.000,9999.000,9999.000,9999.000,9999.000
202603081418,   3.477,9999.000,9999.000,9999.000,9999.000,9999.000,9999.000,9999.000,9999.000
202603081424,   3.512,9999.000,9999.000,9999.000,9999.000,9999.000,9999.000,9999.000,9999.000
202603081430,   3.545,9999.000,9999.000,9999.000,9999.000,9999.000,9999.000,9999.000,9999.000
202603081436,   3.575,9999.000,9999.000,9999.000,9999.000,9999.000,9999.000,9999.000,9999.000
202603081442,   3.601,9999.000,9999.000,9999.000,9999.000,9999.000,9999.000,9999.000,9999.000
202603081448,   3.625,9999.000,9999.000,9999.000,9999.000,9999.000,9999.000,9999.000,9999.000
202603081454,   3.645,9999.000,9999.000,9999.000,9999.000,9999.000,9999.000,9999.000,9999.000
202603081500,   3.662,9999.000,  -0.100,  -0.525,   3.037,  -0.200,   2.937,   0.000,   3.137
202603081506,   3.675,9999.000,9999.000,9999.000,9999.000,9999.000,9999.000,9999.000,9999.000
202603081512,   3.685,9999.000,9999.000,9999.000,9999.000,9999.000,9999.000,9999.000,9999.000
202603081518,   3.690,9999.000,9999.000,9999.000,9999.000,9999.000,9999.000,9999.000,9999.000
202603081524,   3.692,9999.000,9999.000,9999.000,9999.000,9999.000,9999.000,9999.000,9999.000
202603081530,   3.689,9999.000,9999.000,9999.000,9999.000,9999.000,9999.000,9999.000,9999.000
202603081536,   3.681,9999.000,9999.000,9999.000,9999.000,9999.000,9999.000,9999.000,9999.000
202603081542,   3.669,9999.000,9999.000,9999.000,9999.000,9999.000,9999.000,9999.000,9999.000
202603081548,   3.652,9999.000,9999.000,9999.000,9999.000,9999.000,9999.000,9999.000,9999.000
202603081554,   3.630,9999.000,9999.000,9999.000,9999.000,9999.000,9999.000,9999.000,9999.000
202603081600,   3.603,9999.000,  -0.100,  -0.307,   3.196,  -0.200,   3.096,   0.000,   3.296
202603081606,   3.571,9999.000,9999.000,9999.000,9999.000,9999.000,9999.000,9999.000,9999.000
202603081612,   3.534,9999.000,9999.000,9999.000,9999.000,9999.000,9999.000,9999.000,9999.000
202603081618,   3.491,9999.000,9999.000,9999.000,9999.000,9999.000,9999.000,9999.000,9999.000
202603081624,   3.444,9999.000,9999.000,9999.000,9999.000,9999.000,9999.000,9999.000,9999.000
202603081630,   3.391,9999.000,9999.000,9999.000,9999.000,9999.000,9999.000,9999.000,9999.000
202603081636,   3.333,9999.000,9999.000,9999.000,9999.000,9999.000,9999.000,9999.000,9999.000
202603081642,   3.271,9999.000,9999.000,9999.000,9999.000,9999.000,9999.000,9999.000,9999.000
202603081648,   3.203,9999.000,9999.000,9999.000,9999.000,9999.000,9999.000,9999.000,9999.000
202603081654,   3.132,9999.000,9999.000,9999.000,9999.000,9999.000,9999.000,9999.000,9999.000
202603081700,   3.056,9999.000,  -0.100,   0.021,   2.977,  -0.200,   2.877,   0.000,   3.077
202603081706,   2.976,9999.000,9999.000,9999.000,9999.000,9999.000,9999.000,9999.000,9999.000
202603081712,   2.892,9999.000,9999.000,9999.000,9999.000,9999.000,9999.000,9999.000,9999.000
202603081718,   2.806,9999.000,9999.000,9999.000,9999.000,9999.000,9999.000,9999.000,9999.000
202603081724,   2.716,9999.000,9999.000,9999.000,9999.000,9999.000,9999.000,9999.000,9999.000
202603081730,   2.624,9999.000,9999.000,9999.000,9999.000,9999.000,9999.000,9999.000,9999.000
202603081736,   2.530,9999.000,9999.000,9999.000,9999.000,9999.000,9999.000,9999.000,9999.000
202603081742,   2.434,9999.000,9999.000,9999.000,9999.000,9999.000,9999.000,9999.000,9999.000
202603081748,   2.338,9999.000,9999.000,9999.000,9999.000,9999.000,9999.000,9999.000,9999.000
202603081754,   2.240,9999.000,9999.000,9999.000,9999.000,9999.000,9999.000,9999.000,9999.000
202603081800,   2.142,9999.000,  -0.100,   0.403,   2.445,  -0.200,   2.345,   0.000,   2.545
202603081806,   2.044,9999.000,9999.000,9999.000,9999.000,9999.000,9999.000,9999.000,9999.000
202603081812,   1.947,9999.000,9999.000,9999.000,9999.000,9999.000,9999.000,9999.000,9999.000
202603081818,   1.851,9999.000,9999.000,9999.000,9999.000,9999.000,9999.000,9999.000,9999.000
202603081824,   1.756,9999.000,9999.000,9999.000,9999.000,9999.000,9999.000,9999.000,9999.000
202603081830,   1.662,9999.000,9999.000,9999.000,9999.000,9999.000,9999.000,9999.000,9999.000
202603081836,   1.571,9999.000,9999.000,9999.000,9999.000,9999.000,9999.000,9999.000,9999.000
202603081842,   1.481,9999.000,9999.000,9999.000,9999.000,9999.000,9999.000,9999.000,9999.000
202603081848,   1.394,9999.000,9999.000,9999.000,9999.000,9999.000,9999.000,9999.000,9999.000
202603081854,   1.309,9999.000,9999.000,9999.000,9999.000,9999.000,9999.000,9999.000,9999.000
202603081900,   1.227,9999.000,  -0.100,   0.650,   1.777,  -0.200,   1.677,   0.000,   1.877
202603081906,   1.148,9999.000,9999.000,9999.000,9999.000,9999.000,9999.000,9999.000,9999.000
202603081912,   1.072,9999.000,9999.000,9999.000,9999.000,9999.000,9999.000,9999.000,9999.000
202603081918,   0.999,9999.000,9999.000,9999.000,9999.000,9999.000,9999.000,9999.000,9999.000
202603081924,   0.930,9999.000,9999.000,9999.000,9999.000,9999.000,9999.000,9999.000,9999.000
202603081930,   0.864,9999.000,9999.000,9999.000,9999.000,9999.000,9999.000,9999.000,9999.000
202603081936,   0.801,9999.000,9999.000,9999.000,9999.000,9999.000,9999.000,9999.000,9999.000
202603081942,   0.742,9999.000,9999.000,9999.000,9999.000,9999.000,9999.000,9999.000,9999.000
202603081948,   0.687,9999.000,9999.000,9999.000,9999.000,9999.000,9999.000,9999.000,9999.000
202603081954,   0.635,9999.000,9999.000,9999.000,9999.000,9999.000,9999.000,9999.000,9999.000
202603082000,   0.587,9999.000,  -0.100,   0.618,   1.105,  -0.200,   1.005,   0.000,   1.205
202603082006,   0.542,9999.000,9999.000,9999.000,9999.000,9999.000,9999.000,9999.000,9999.000
202603082012,   0.502,9999.000,9999.000,9999.000,9999.000,9999.000,9999.000,9999.000,9999.000
202603082018,   0.466,9999.000,9999.000,9999.000,9999.000,9999.000,9999.000,9999.000,9999.000
202603082024,   0.433,9999.000,9999.000,9999.000,9999.000,9999.000,9999.000,9999.000,9999.000
202603082030,   0.405,9999.000,9999.000,9999.000,9999.000,9999.000,9999.000,9999.000,9999.000
202603082036,   0.381,9999.000,9999.000,9999.000,9999.000,9999.000,9999.000,9999.000,9999.000
202603082042,   0.361,9999.000,9999.000,9999.000,9999.000,9999.000,9999.000,9999.000,9999.000
202603082048,   0.345,9999.000,9999.000,9999.000,9999.000,9999.000,9999.000,9999.000,9999.000
202603082054,   0.334,9999.000,9999.000,9999.000,9999.000,9999.000,9999.000,9999.000,9999.000
202603082100,   0.327,9999.000,   0.000,   0.325,   0.652,  -0.100,   0.552,   0.000,   0.652
202603082106,   0.325,9999.000,9999.000,9999.000,9999.000,9999.000,9999.000,9999.000,9999.000
202603082112,   0.328,9999.000,9999.000,9999.000,9999.000,9999.000,9999.000,9999.000,9999.000
202603082118,   0.336,9999.000,9999.000,9999.000,9999.000,9999.000,9999.000,9999.000,9999.000
202603082124,   0.348,9999.000,9999.000,9999.000,9999.000,9999.000,9999.000,9999.000,9999.000
202603082130,   0.365,9999.000,9999.000,9999.000,9999.000,9999.000,9999.000,9999.000,9999.000
202603082136,   0.387,9999.000,9999.000,9999.000,9999.000,9999.000,9999.000,9999.000,9999.000
202603082142,   0.414,9999.000,9999.000,9999.000,9999.000,9999.000,9999.000,9999.000,9999.000
202603082148,   0.446,9999.000,9999.000,9999.000,9999.000,9999.000,9999.000,9999.000,9999.000
202603082154,   0.483,9999.000,9999.000,9999.000,9999.000,9999.000,9999.000,9999.000,9999.000
202603082200,   0.524,9999.000,  -0.100,  -0.114,   0.310,  -0.200,   0.210,   0.000,   0.410
202603082206,   0.570,9999.000,9999.000,9999.000,9999.000,9999.000,9999.000,9999.000,9999.000
202603082212,   0.621,9999.000,9999.000,9999.000,9999.000,9999.000,9999.000,9999.000,9999.000
202603082218,   0.676,9999.000,9999.000,9999.000,9999.000,9999.000,9999.000,9999.000,9999.000
202603082224,   0.736,9999.000,9999.000,9999.000,9999.000,9999.000,9999.000,9999.000,9999.000
202603082230,   0.800,9999.000,9999.000,9999.000,9999.000,9999.000,9999.000,9999.000,9999.000
202603082236,   0.867,9999.000,9999.000,9999.000,9999.000,9999.000,9999.000,9999.000,9999.000
202603082242,   0.939,9999.000,9999.000,9999.000,9999.000,9999.000,9999.000,9999.000,9999.000
202603082248,   1.013,9999.000,9999.000,9999.000,9999.000,9999.000,9999.000,9999.000,9999.000
202603082254,   1.091,9999.000,9999.000,9999.000,9999.000,9999.000,9999.000,9999.000,9999.000
202603082300,   1.172,9999.000,  -0.100,  -0.572,   0.500,  -0.200,   0.400,   0.000,   0.600
202603082306,   1.256,9999.000,9999.000,9999.000,9999.000,9999.000,9999.000,9999.000,9999.000
202603082312,   1.342,9999.000,9999.000,9999.000,9999.000,9999.000,9999.000,9999.000,9999.000
202603082318,   1.430,9999.000,9999.000,9999.000,9999.000,9999.000,9999.000,9999.000,9999.000
202603082324,   1.520,9999.000,9999.000,9999.000,9999.000,9999.000,9999.000,9999.000,9999.000
202603082330,   1.611,9999.000,9999.000,9999.000,9999.000,9999.000,9999.000,9999.000,9999.000
202603082336,   1.703,9999.000,9999.000,9999.000,9999.000,9999.000,9999.000,9999.000,9999.000
202603082342,   1.796,9999.000,9999.000,9999.000,9999.000,9999.000,9999.000,9999.000,9999.000
202603082348,   1.889,9999.000,9999.000,9999.000,9999.000,9999.000,9999.000,9999.000,9999.000
202603082354,   1.983,9999.000,9999.000,9999.000,9999.000,9999.000,9999.000,9999.000,9999.000
202603090000,   2.076,9999.000,  -0.100,  -0.909,   1.067,  -0.200,   0.967,   0.000,   1.167
202603090006,   2.169,9999.000,9999.000,9999.000,9999.000,9999.000,9999.000,9999.000,9999.000
202603090012,   2.261,9999.000,9999.000,9999.000,9999.000,9999.000,9999.000,9999.000,9999.000
202603090018,   2.353,9999.000,9999.000,9999.000,9999.000,9999.000,9999.000,9999.000,9999.000
202603090024,   2.443,9999.000,9999.000,9999.000,9999.000,9999.000,9999.000,9999.000,9999.000
202603090030,   2.532,9999.000,9999.000,9999.000,9999.000,9999.000,9999.000,9999.000,9999.000
202603090036,   2.619,9999.000,9999.000,9999.000,9999.000,9999.000,9999.000,9999.000,9999.000
202603090042,   2.705,9999.000,9999.000,9999.000,9999.000,9999.000,9999.000,9999.000,9999.000
202603090048,   2.788,9999.000,9999.000,9999.000,9999.000,9999.000,9999.000,9999.000,9999.000
202603090054,   2.870,9999.000,9999.000,9999.000,9999.000,9999.000,9999.000,9999.000,9999.000
202603090100,   2.950,9999.000,  -0.100,  -1.027,   1.823,  -0.200,   1.723,   0.000,   1.923
202603090106,   3.027,9999.000,9999.000,9999.000,9999.000,9999.000,9999.000,9999.000,9999.000
202603090112,   3.102,9999.000,9999.000,9999.000,9999.000,9999.000,9999.000,9999.000,9999.000
202603090118,   3.174,9999.000,9999.000,9999.000,9999.000,9999.000,9999.000,9999.000,9999.000
202603090124,   3.245,9999.000,9999.000,9999.000,9999.000,9999.000,9999.000,9999.000,9999.000
202603090130,   3.312,9999.000,9999.000,9999.000,9999.000,9999.000,9999.000,9999.000,9999.000
202603090136,   3.378,9999.000,9999.000,9999.000,9999.000,9999.000,9999.000,9999.000,9999.000
202603090142,   3.441,9999.000,9999.000,9999.000,9999.000,9999.000,9999.000,9999.000,9999.000
202603090148,   3.501,9999.000,9999.000,9999.000,9999.000,9999.000,9999.000,9999.000,9999.000
202603090154,   3.560,9999.000,9999.000,9999.000,9999.000,9999.000,9999.000,9999.000,9999.000
202603090200,   3.615,9999.000,  -0.100,  -0.950,   2.565,  -0.200,   2.465,   0.000,   2.665
202603090206,   3.669,9999.000,9999.000,9999.000,9999.000,9999.000,9999.000,9999.000,9999.000
202603090212,   3.720,9999.000,9999.000,9999.000,9999.000,9999.000,9999.000,9999.000,9999.000
202603090218,   3.768,9999.000,9999.000,9999.000,9999.000,9999.000,9999.000,9999.000,9999.000
202603090224,   3.814,9999.000,9999.000,9999.000,9999.000,9999.000,9999.000,9999.000,9999.000
202603090230,   3.858,9999.000,9999.000,9999.000,9999.000,9999.000,9999.000,9999.000,9999.000
202603090236,   3.899,9999.000,9999.000,9999.000,9999.000,9999.000,9999.000,9999.000,9999.000
202603090242,   3.938,9999.000,9999.000,9999.000,9999.000,9999.000,9999.000,9999.000,9999.000
202603090248,   3.973,9999.000,9999.000,9999.000,9999.000,9999.000,9999.000,9999.000,9999.000
202603090254,   4.007,9999.000,9999.000,9999.000,9999.000,9999.000,9999.000,9999.000,9999.000
202603090300,   4.037,9999.000,   0.000,  -0.752,   3.285,  -0.100,   3.185,   0.000,   3.285
202603090306,   4.064,9999.000,9999.000,9999.000,9999.000,9999.000,9999.000,9999.000,9999.000
202603090312,   4.088,9999.000,9999.000,9999.000,9999.000,9999.000,9999.000,9999.000,9999.000
202603090318,   4.109,9999.000,9999.000,9999.000,9999.000,9999.000,9999.000,9999.000,9999.000
202603090324,   4.126,9999.000,9999.000,9999.000,9999.000,9999.000,9999.000,9999.000,9999.000
202603090330,   4.140,9999.000,9999.000,9999.000,9999.000,9999.000,9999.000,9999.000,9999.000
202603090336,   4.150,9999.000,9999.000,9999.000,9999.000,9999.000,9999.000,9999.000,9999.000
202603090342,   4.155,9999.000,9999.000,9999.000,9999.000,9999.000,9999.000,9999.000,9999.000
202603090348,   4.157,9999.000,9999.000,9999.000,9999.000,9999.000,9999.000,9999.000,9999.000
202603090354,   4.154,9999.000,9999.000,9999.000,9999.000,9999.000,9999.000,9999.000,9999.000
202603090400,   4.146,9999.000,   0.000,  -0.433,   3.713,  -0.100,   3.613,   0.000,   3.713
202603090406,   4.134,9999.000,9999.000,9999.000,9999.000,9999.000,9999.000,9999.000,9999.000
202603090412,   4.117,9999.000,9999.000,9999.000,9999.000,9999.000,9999.000,9999.000,9999.000
202603090418,   4.094,9999.000,9999.000,9999.000,9999.000,9999.000,9999.000,9999.000,9999.000
202603090424,   4.066,9999.000,9999.000,9999.000,9999.000,9999.000,9999.000,9999.000,9999.000
202603090430,   4.033,9999.000,9999.000,9999.000,9999.000,9999.000,9999.000,9999.000,9999.000
202603090436,   3.995,9999.000,9999.000,9999.000,9999.000,9999.000,9999.000,9999.000,9999.000
202603090442,   3.951,9999.000,9999.000,9999.000,9999.000,9999.000,9999.000,9999.000,9999.000
202603090448,   3.902,9999.000,9999.000,9999.000,9999.000,9999.000,9999.000,9999.000,9999.000
202603090454,   3.847,9999.000,9999.000,9999.000,9999.000,9999.000,9999.000,9999.000,9999.000
202603090500,   3.787,9999.000,   0.000,   0.019,   3.806,  -0.100,   3.706,   0.000,   3.806
202603090506,   3.722,9999.000,9999.000,9999.000,9999.000,9999.000,9999.000,9999.000,9999.000
202603090512,   3.652,9999.000,9999.000,9999.000,9999.000,9999.000,9999.000,9999.000,9999.000
202603090518,   3.578,9999.000,9999.000,9999.000,9999.000,9999.000,9999.000,9999.000,9999.000
202603090524,   3.499,9999.000,9999.000,9999.000,9999.000,9999.000,9999.000,9999.000,9999.000
202603090530,   3.415,9999.000,9999.000,9999.000,9999.000,9999.000,9999.000,9999.000,9999.000
202603090536,   3.328,9999.000,9999.000,9999.000,9999.000,9999.000,9999.000,9999.000,9999.000
202603090542,   3.237,9999.000,9999.000,9999.000,9999.000,9999.000,9999.000,9999.000,9999.000
202603090548,   3.144,9999.000,9999.000,9999.000,9999.000,9999.000,9999.000,9999.000,9999.000
202603090554,   3.047,9999.000,9999.000,9999.000,9999.000,9999.000,9999.000,9999.000,9999.000
202603090600,   2.948,9999.000,   0.000,   0.474,   3.422,  -0.100,   3.322,   0.000,   3.422
202603090606,   2.848,9999.000,9999.000,9999.000,9999.000,9999.000,9999.000,9999.000,9999.000
202603090612,   2.746,9999.000,9999.000,9999.000,9999.000,9999.000,9999.000,9999.000,9999.000
202603090618,   2.643,9999.000,9999.000,9999.000,9999.000,9999.000,9999.000,9999.000,9999.000
202603090624,   2.540,9999.000,9999.000,9999.000,9999.000,9999.000,9999.000,9999.000,9999.000
202603090630,   2.437,9999.000,9999.000,9999.000,9999.000,9999.000,9999.000,9999.000,9999.000
202603090636,   2.334,9999.000,9999.000,9999.000,9999.000,9999.000,9999.000,9999.000,9999.000
202603090642,   2.232,9999.000,9999.000,9999.000,9999.000,9999.000,9999.000,9999.000,9999.000
202603090648,   2.131,9999.000,9999.000,9999.000,9999.000,9999.000,9999.000,9999.000,9999.000
202603090654,   2.032,9999.000,9999.000,9999.000,9999.000,9999.000,9999.000,9999.000,9999.000
202603090700,   1.934,9999.000,   0.000,   0.712,   2.646,  -0.100,   2.546,   0.000,   2.646
202603090706,   1.838,9999.000,9999.000,9999.000,9999.000,9999.000,9999.000,9999.000,9999.000
202603090712,   1.745,9999.000,9999.000,9999.000,9999.000,9999.000,9999.000,9999.000,9999.000
202603090718,   1.654,9999.000,9999.000,9999.000,9999.000,9999.000,9999.000,9999.000,9999.000
202603090724,   1.566,9999.000,9999.000,9999.000,9999.000,9999.000,9999.000,9999.000,9999.000
202603090730,   1.481,9999.000,9999.000,9999.000,9999.000,9999.000,9999.000,9999.000,9999.000
202603090736,   1.399,9999.000,9999.000,9999.000,9999.000,9999.000,9999.000,9999.000,9999.000
202603090742,   1.320,9999.000,9999.000,9999.000,9999.000,9999.000,9999.000,9999.000,9999.000
202603090748,   1.244,9999.000,9999.000,9999.000,9999.000,9999.000,9999.000,9999.000,9999.000
202603090754,   1.171,9999.000,9999.000,9999.000,9999.000,9999.000,9999.000,9999.000,9999.000
202603090800,   1.101,9999.000,   0.000,   0.649,   1.750,   0.000,   1.750,   0.000,   1.750
202603090806,   1.035,9999.000,9999.000,9999.000,9999.000,9999.000,9999.000,9999.000,9999.000
202603090812,   0.973,9999.000,9999.000,9999.000,9999.000,9999.000,9999.000,9999.000,9999.000
202603090818,   0.913,9999.000,9999.000,9999.000,9999.000,9999.000,9999.000,9999.000,9999.000
202603090824,   0.857,9999.000,9999.000,9999.000,9999.000,9999.000,9999.000,9999.000,9999.000
202603090830,   0.805,9999.000,9999.000,9999.000,9999.000,9999.000,9999.000,9999.000,9999.000
202603090836,   0.756,9999.000,9999.000,9999.000,9999.000,9999.000,9999.000,9999.000,9999.000
202603090842,   0.711,9999.000,9999.000,9999.000,9999.000,9999.000,9999.000,9999.000,9999.000
202603090848,   0.669,9999.000,9999.000,9999.000,9999.000,9999.000,9999.000,9999.000,9999.000
202603090854,   0.631,9999.000,9999.000,9999.000,9999.000,9999.000,9999.000,9999.000,9999.000
202603090900,   0.597,9999.000,   0.000,   0.388,   0.985,   0.000,   0.985,   0.100,   1.085
202603090906,   0.567,9999.000,9999.000,9999.000,9999.000,9999.000,9999.000,9999.000,9999.000
202603090912,   0.540,9999.000,9999.000,9999.000,9999.000,9999.000,9999.000,9999.000,9999.000
202603090918,   0.518,9999.000,9999.000,9999.000,9999.000,9999.000,9999.000,9999.000,9999.000
202603090924,   0.499,9999.000,9999.000,9999.000,9999.000,9999.000,9999.000,9999.000,9999.000
202603090930,   0.485,9999.000,9999.000,9999.000,9999.000,9999.000,9999.000,9999.000,9999.000
202603090936,   0.475,9999.000,9999.000,9999.000,9999.000,9999.000,9999.000,9999.000,9999.000
202603090942,   0.469,9999.000,9999.000,9999.000,9999.000,9999.000,9999.000,9999.000,9999.000
202603090948,   0.468,9999.000,9999.000,9999.000,9999.000,9999.000,9999.000,9999.000,9999.000
202603090954,   0.471,9999.000,9999.000,9999.000,9999.000,9999.000,9999.000,9999.000,9999.000
202603091000,   0.478,9999.000,   0.100,   0.051,   0.629,   0.000,   0.529,   0.100,   0.629
202603091006,   0.490,9999.000,9999.000,9999.000,9999.000,9999.000,9999.000,9999.000,9999.000
202603091012,   0.507,9999.000,9999.000,9999.000,9999.000,9999.000,9999.000,9999.000,9999.000
202603091018,   0.527,9999.000,9999.000,9999.000,9999.000,9999.000,9999.000,9999.000,9999.000
202603091024,   0.553,9999.000,9999.000,9999.000,9999.000,9999.000,9999.000,9999.000,9999.000
202603091030,   0.582,9999.000,9999.000,9999.000,9999.000,9999.000,9999.000,9999.000,9999.000
202603091036,   0.616,9999.000,9999.000,9999.000,9999.000,9999.000,9999.000,9999.000,9999.000
202603091042,   0.654,9999.000,9999.000,9999.000,9999.000,9999.000,9999.000,9999.000,9999.000
202603091048,   0.696,9999.000,9999.000,9999.000,9999.000,9999.000,9999.000,9999.000,9999.000
202603091054,   0.742,9999.000,9999.000,9999.000,9999.000,9999.000,9999.000,9999.000,9999.000
202603091100,   0.792,9999.000,   0.100,  -0.291,   0.601,   0.000,   0.501,   0.200,   0.701
202603091106,   0.845,9999.000,9999.000,9999.000,9999.000,9999.000,9999.000,9999.000,9999.000
202603091112,   0.901,9999.000,9999.000,9999.000,9999.000,9999.000,9999.000,9999.000,9999.000
202603091118,   0.961,9999.000,9999.000,9999.000,9999.000,9999.000,9999.000,9999.000,9999.000
202603091124,   1.023,9999.000,9999.000,9999.000,9999.000,9999.000,9999.000,9999.000,9999.000
202603091130,   1.088,9999.000,9999.000,9999.000,9999.000,9999.000,9999.000,9999.000,9999.000
202603091136,   1.155,9999.000,9999.000,9999.000,9999.000,9999.000,9999.000,9999.000,9999.000
202603091142,   1.224,9999.000,9999.000,9999.000,9999.000,9999.000,9999.000,9999.000,9999.000
202603091148,   1.295,9999.000,9999.000,9999.000,9999.000,9999.000,9999.000,9999.000,9999.000
202603091154,   1.368,9999.000,9999.000,9999.000,9999.000,9999.000,9999.000,9999.000,9999.000
202603091200,   1.441,9999.000,   0.100,  -0.553,   0.988,   0.000,   0.888,   0.200,   1.088
202603091206,   1.516,9999.000,9999.000,9999.000,9999.000,9999.000,9999.000,9999.000,9999.000
202603091212,   1.591,9999.000,9999.000,9999.000,9999.000,9999.000,9999.000,9999.000,9999.000
202603091218,   1.666,9999.000,9999.000,9999.000,9999.000,9999.000,9999.000,9999.000,9999.000
202603091224,   1.742,9999.000,9999.000,9999.000,9999.000,9999.000,9999.000,9999.000,9999.000
202603091230,   1.817,9999.000,9999.000,9999.000,9999.000,9999.000,9999.000,9999.000,9999.000
202603091236,   1.892,9999.000,9999.000,9999.000,9999.000,9999.000,9999.000,9999.000,9999.000
202603091242,   1.966,9999.000,9999.000,9999.000,9999.000,9999.000,9999.000,9999.000,9999.000
202603091248,   2.039,9999.000,9999.000,9999.000,9999.000,9999.000,9999.000,9999.000,9999.000
202603091254,   2.111,9999.000,9999.000,9999.000,9999.000,9999.000,9999.000,9999.000,9999.000
202603091300,   2.182,9999.000,   0.100,  -0.658,   1.624,   0.000,   1.524,   0.200,   1.724
202603091306,   2.252,9999.000,9999.000,9999.000,9999.000,9999.000,9999.000,9999.000,9999.000
202603091312,   2.320,9999.000,9999.000,9999.000,9999.000,9999.000,9999.000,9999.000,9999.000
202603091318,   2.386,9999.000,9999.000,9999.000,9999.000,9999.000,9999.000,9999.000,9999.000
202603091324,   2.450,9999.000,9999.000,9999.000,9999.000,9999.000,9999.000,9999.000,9999.000
202603091330,   2.513,9999.000,9999.000,9999.000,9999.000,9999.000,9999.000,9999.000,9999.000
202603091336,   2.574,9999.000,9999.000,9999.000,9999.000,9999.000,9999.000,9999.000,9999.000
202603091342,   2.633,9999.000,9999.000,9999.000,9999.000,9999.000,9999.000,9999.000,9999.000
202603091348,   2.690,9999.000,9999.000,9999.000,9999.000,9999.000,9999.000,9999.000,9999.000
202603091354,   2.744,9999.000,9999.000,9999.000,9999.000,9999.000,9999.000,9999.000,9999.000
202603091400,   2.797,9999.000,   0.100,  -0.645,   2.252,   0.000,   2.152,   0.200,   2.352
202603091406,   2.849,9999.000,9999.000,9999.000,9999.000,9999.000,9999.000,9999.000,9999.000
202603091412,   2.898,9999.000,9999.000,9999.000,9999.000,9999.000,9999.000,9999.000,9999.000
202603091418,   2.945,9999.000,9999.000,9999.000,9999.000,9999.000,9999.000,9999.000,9999.000
202603091424,   2.990,9999.000,9999.000,9999.000,9999.000,9999.000,9999.000,9999.000,9999.000
202603091430,   3.033,9999.000,9999.000,9999.000,9999.000,9999.000,9999.000,9999.000,9999.000
202603091436,   3.075,9999.000,9999.000,9999.000,9999.000,9999.000,9999.000,9999.000,9999.000
202603091442,   3.114,9999.000,9999.000,9999.000,9999.000,9999.000,9999.000,9999.000,9999.000
202603091448,   3.152,9999.000,9999.000,9999.000,9999.000,9999.000,9999.000,9999.000,9999.000
202603091454,   3.187,9999.000,9999.000,9999.000,9999.000,9999.000,9999.000,9999.000,9999.000
202603091500,   3.221,9999.000,   0.100,  -0.615,   2.706,   0.000,   2.606,   0.200,   2.806
202603091506,   3.253,9999.000,9999.000,9999.000,9999.000,9999.000,9999.000,9999.000,9999.000
202603091512,   3.282,9999.000,9999.000,9999.000,9999.000,9999.000,9999.000,9999.000,9999.000
202603091518,   3.310,9999.000,9999.000,9999.000,9999.000,9999.000,9999.000,9999.000,9999.000
202603091524,   3.334,9999.000,9999.000,9999.000,9999.000,9999.000,9999.000,9999.000,9999.000
202603091530,   3.357,9999.000,9999.000,9999.000,9999.000,9999.000,9999.000,9999.000,9999.000
202603091536,   3.377,9999.000,9999.000,9999.000,9999.000,9999.000,9999.000,9999.000,9999.000
202603091542,   3.394,9999.000,9999.000,9999.000,9999.000,9999.000,9999.000,9999.000,9999.000
202603091548,   3.408,9999.000,9999.000,9999.000,9999.000,9999.000,9999.000,9999.000,9999.000
202603091554,   3.419,9999.000,9999.000,9999.000,9999.000,9999.000,9999.000,9999.000,9999.000
202603091600,   3.427,9999.000,   0.100,  -0.554,   2.973,   0.000,   2.873,   0.200,   3.073
202603091606,   3.431,9999.000,9999.000,9999.000,9999.000,9999.000,9999.000,9999.000,9999.000
202603091612,   3.432,9999.000,9999.000,9999.000,9999.000,9999.000,9999.000,9999.000,9999.000
202603091618,   3.428,9999.000,9999.000,9999.000,9999.000,9999.000,9999.000,9999.000,9999.000
202603091624,   3.421,9999.000,9999.000,9999.000,9999.000,9999.000,9999.000,9999.000,9999.000
202603091630,   3.409,9999.000,9999.000,9999.000,9999.000,9999.000,9999.000,9999.000,9999.000
202603091636,   3.393,9999.000,9999.000,9999.000,9999.000,9999.000,9999.000,9999.000,9999.000
202603091642,   3.372,9999.000,9999.000,9999.000,9999.000,9999.000,9999.000,9999.000,9999.000
202603091648,   3.346,9999.000,9999.000,9999.000,9999.000,9999.000,9999.000,9999.000,9999.000
202603091654,   3.316,9999.000,9999.000,9999.000,9999.000,9999.000,9999.000,9999.000,9999.000
202603091700,   3.281,9999.000,   0.100,  -0.340,   3.041,   0.000,   2.941,   0.200,   3.141
202603091706,   3.241,9999.000,9999.000,9999.000,9999.000,9999.000,9999.000,9999.000,9999.000
202603091712,   3.196,9999.000,9999.000,9999.000,9999.000,9999.000,9999.000,9999.000,9999.000
202603091718,   3.146,9999.000,9999.000,9999.000,9999.000,9999.000,9999.000,9999.000,9999.000
202603091724,   3.092,9999.000,9999.000,9999.000,9999.000,9999.000,9999.000,9999.000,9999.000
202603091730,   3.033,9999.000,9999.000,9999.000,9999.000,9999.000,9999.000,9999.000,9999.000
202603091736,   2.969,9999.000,9999.000,9999.000,9999.000,9999.000,9999.000,9999.000,9999.000
202603091742,   2.902,9999.000,9999.000,9999.000,9999.000,9999.000,9999.000,9999.000,9999.000
202603091748,   2.830,9999.000,9999.000,9999.000,9999.000,9999.000,9999.000,9999.000,9999.000
202603091754,   2.755,9999.000,9999.000,9999.000,9999.000,9999.000,9999.000,9999.000,9999.000
202603091800,   2.677,9999.000,   0.200,   0.034,   2.911,   0.100,   2.811,   0.200,   2.911
202603091806,   2.596,9999.000,9999.000,9999.000,9999.000,9999.000,9999.000,9999.000,9999.000
202603091812,   2.513,9999.000,9999.000,9999.000,9999.000,9999.000,9999.000,9999.000,9999.000
202603091818,   2.428,9999.000,9999.000,9999.000,9999.000,9999.000,9999.000,9999.000,9999.000
202603091824,   2.341,9999.000,9999.000,9999.000,9999.000,9999.000,9999.000,9999.000,9999.000
202603091830,   2.254,9999.000,9999.000,9999.000,9999.000,9999.000,9999.000,9999.000,9999.000
202603091836,   2.165,9999.000,9999.000,9999.000,9999.000,9999.000,9999.000,9999.000,9999.000
202603091842,   2.077,9999.000,9999.000,9999.000,9999.000,9999.000,9999.000,9999.000,9999.000
202603091848,   1.990,9999.000,9999.000,9999.000,9999.000,9999.000,9999.000,9999.000,9999.000
202603091854,   1.903,9999.000,9999.000,9999.000,9999.000,9999.000,9999.000,9999.000,9999.000
202603091900,   1.817,9999.000,   0.200,   0.388,   2.405,   0.100,   2.305,   0.300,   2.505
202603091906,   1.733,9999.000,9999.000,9999.000,9999.000,9999.000,9999.000,9999.000,9999.000
202603091912,   1.651,9999.000,9999.000,9999.000,9999.000,9999.000,9999.000,9999.000,9999.000
202603091918,   1.572,9999.000,9999.000,9999.000,9999.000,9999.000,9999.000,9999.000,9999.000
202603091924,   1.495,9999.000,9999.000,9999.000,9999.000,9999.000,9999.000,9999.000,9999.000
202603091930,   1.420,9999.000,9999.000,9999.000,9999.000,9999.000,9999.000,9999.000,9999.000
202603091936,   1.349,9999.000,9999.000,9999.000,9999.000,9999.000,9999.000,9999.000,9999.000
202603091942,   1.281,9999.000,9999.000,9999.000,9999.000,9999.000,9999.000,9999.000,9999.000
202603091948,   1.216,9999.000,9999.000,9999.000,9999.000,9999.000,9999.000,9999.000,9999.000
202603091954,   1.155,9999.000,9999.000,9999.000,9999.000,9999.000,9999.000,9999.000,9999.000
202603092000,   1.097,9999.000,   0.200,   0.541,   1.838,   0.100,   1.738,   0.300,   1.938
202603092006,   1.042,9999.000,9999.000,9999.000,9999.000,9999.000,9999.000,9999.000,9999.000
202603092012,   0.991,9999.000,9999.000,9999.000,9999.000,9999.000,9999.000,9999.000,9999.000
202603092018,   0.944,9999.000,9999.000,9999.000,9999.000,9999.000,9999.000,9999.000,9999.000
202603092024,   0.899,9999.000,9999.000,9999.000,9999.000,9999.000,9999.000,9999.000,9999.000
202603092030,   0.859,9999.000,9999.000,9999.000,9999.000,9999.000,9999.000,9999.000,9999.000
202603092036,   0.821,9999.000,9999.000,9999.000,9999.000,9999.000,9999.000,9999.000,9999.000
202603092042,   0.788,9999.000,9999.000,9999.000,9999.000,9999.000,9999.000,9999.000,9999.000
202603092048,   0.757,9999.000,9999.000,9999.000,9999.000,9999.000,9999.000,9999.000,9999.000
202603092054,   0.730,9999.000,9999.000,9999.000,9999.000,9999.000,9999.000,9999.000,9999.000
202603092100,   0.706,9999.000,   0.200,   0.451,   1.357,   0.200,   1.357,   0.300,   1.457
202603092106,   0.685,9999.000,9999.000,9999.000,9999.000,9999.000,9999.000,9999.000,9999.000
202603092112,   0.667,9999.000,9999.000,9999.000,9999.000,9999.000,9999.000,9999.000,9999.000
202603092118,   0.653,9999.000,9999.000,9999.000,9999.000,9999.000,9999.000,9999.000,9999.000
202603092124,   0.642,9999.000,9999.000,9999.000,9999.000,9999.000,9999.000,9999.000,9999.000
202603092130,   0.634,9999.000,9999.000,9999.000,9999.000,9999.000,9999.000,9999.000,9999.000
202603092136,   0.630,9999.000,9999.000,9999.000,9999.000,9999.000,9999.000,9999.000,9999.000
202603092142,   0.629,9999.000,9999.000,9999.000,9999.000,9999.000,9999.000,9999.000,9999.000
202603092148,   0.631,9999.000,9999.000,9999.000,9999.000,9999.000,9999.000,9999.000,9999.000
202603092154,   0.637,9999.000,9999.000,9999.000,9999.000,9999.000,9999.000,9999.000,9999.000
202603092200,   0.646,9999.000,   0.300,   0.173,   1.119,   0.200,   1.019,   0.300,   1.119
202603092206,   0.658,9999.000,9999.000,9999.000,9999.000,9999.000,9999.000,9999.000,9999.000
202603092212,   0.675,9999.000,9999.000,9999.000,9999.000,9999.000,9999.000,9999.000,9999.000
202603092218,   0.695,9999.000,9999.000,9999.000,9999.000,9999.000,9999.000,9999.000,9999.000
202603092224,   0.719,9999.000,9999.000,9999.000,9999.000,9999.000,9999.000,9999.000,9999.000
202603092230,   0.746,9999.000,9999.000,9999.000,9999.000,9999.000,9999.000,9999.000,9999.000
202603092236,   0.777,9999.000,9999.000,9999.000,9999.000,9999.000,9999.000,9999.000,9999.000
202603092242,   0.812,9999.000,9999.000,9999.000,9999.000,9999.000,9999.000,9999.000,9999.000
202603092248,   0.851,9999.000,9999.000,9999.000,9999.000,9999.000,9999.000,9999.000,9999.000
202603092254,   0.893,9999.000,9999.000,9999.000,9999.000,9999.000,9999.000,9999.000,9999.000
202603092300,   0.939,9999.000,   0.300,  -0.207,   1.032,   0.200,   0.932,   0.300,   1.032
202603092306,   0.988,9999.000,9999.000,9999.000,9999.000,9999.000,9999.000,9999.000,9999.000
202603092312,   1.041,9999.000,9999.000,9999.000,9999.000,9999.000,9999.000,9999.000,9999.000
202603092318,   1.098,9999.000,9999.000,9999.000,9999.000,9999.000,9999.000,9999.000,9999.000
202603092324,   1.157,9999.000,9999.000,9999.000,9999.000,9999.000,9999.000,9999.000,9999.000
202603092330,   1.219,9999.000,9999.000,9999.000,9999.000,9999.000,9999.000,9999.000,9999.000
202603092336,   1.285,9999.000,9999.000,9999.000,9999.000,9999.000,9999.000,9999.000,9999.000
202603092342,   1.352,9999.000,9999.000,9999.000,9999.000,9999.000,9999.000,9999.000,9999.000
202603092348,   1.423,9999.000,9999.000,9999.000,9999.000,9999.000,9999.000,9999.000,9999.000
202603092354,   1.495,9999.000,9999.000,9999.000,9999.000,9999.000,9999.000,9999.000,9999.000
202603100000,   1.570,9999.000,   0.200,  -0.563,   1.207,   0.100,   1.107,   0.300,   1.307
202603100006,   1.646,9999.000,9999.000,9999.000,9999.000,9999.000,9999.000,9999.000,9999.000
202603100012,   1.723,9999.000,9999.000,9999.000,9999.000,9999.000,9999.000,9999.000,9999.000
202603100018,   1.802,9999.000,9999.000,9999.000,9999.000,9999.000,9999.000,9999.000,9999.000
202603100024,   1.881,9999.000,9999.000,9999.000,9999.000,9999.000,9999.000,9999.000,9999.000
202603100030,   1.961,9999.000,9999.000,9999.000,9999.000,9999.000,9999.000,9999.000,9999.000
202603100036,   2.042,9999.000,9999.000,9999.000,9999.000,9999.000,9999.000,9999.000,9999.000
202603100042,   2.122,9999.000,9999.000,9999.000,9999.000,9999.000,9999.000,9999.000,9999.000
202603100048,   2.203,9999.000,9999.000,9999.000,9999.000,9999.000,9999.000,9999.000,9999.000
202603100054,   2.282,9999.000,9999.000,9999.000,9999.000,9999.000,9999.000,9999.000,9999.000
202603100100,   2.362,9999.000,   0.200,  -0.777,   1.785,   0.100,   1.685,   0.300,   1.885
202603100106,   2.440,9999.000,9999.000,9999.000,9999.000,9999.000,9999.000,9999.000,9999.000
202603100112,   2.517,9999.000,9999.000,9999.000,9999.000,9999.000,9999.000,9999.000,9999.000
202603100118,   2.593,9999.000,9999.000,9999.000,9999.000,9999.000,9999.000,9999.000,9999.000
202603100124,   2.668,9999.000,9999.000,9999.000,9999.000,9999.000,9999.000,9999.000,9999.000
202603100130,   2.741,9999.000,9999.000,9999.000,9999.000,9999.000,9999.000,9999.000,9999.000
202603100136,   2.812,9999.000,9999.000,9999.000,9999.000,9999.000,9999.000,9999.000,9999.000
202603100142,   2.882,9999.000,9999.000,9999.000,9999.000,9999.000,9999.000,9999.000,9999.000
202603100148,   2.949,9999.000,9999.000,9999.000,9999.000,9999.000,9999.000,9999.000,9999.000
202603100154,   3.015,9999.000,9999.000,9999.000,9999.000,9999.000,9999.000,9999.000,9999.000
202603100200,   3.078,9999.000,   0.200,  -0.840,   2.438,   0.100,   2.338,   0.300,   2.538
202603100206,   3.140,9999.000,9999.000,9999.000,9999.000,9999.000,9999.000,9999.000,9999.000
202603100212,   3.199,9999.000,9999.000,9999.000,9999.000,9999.000,9999.000,9999.000,9999.000
202603100218,   3.257,9999.000,9999.000,9999.000,9999.000,9999.000,9999.000,9999.000,9999.000
202603100224,   3.312,9999.000,9999.000,9999.000,9999.000,9999.000,9999.000,9999.000,9999.000
202603100230,   3.365,9999.000,9999.000,9999.000,9999.000,9999.000,9999.000,9999.000,9999.000
202603100236,   3.416,9999.000,9999.000,9999.000,9999.000,9999.000,9999.000,9999.000,9999.000
202603100242,   3.465,9999.000,9999.000,9999.000,9999.000,9999.000,9999.000,9999.000,9999.000
202603100248,   3.512,9999.000,9999.000,9999.000,9999.000,9999.000,9999.000,9999.000,9999.000
202603100254,   3.557,9999.000,9999.000,9999.000,9999.000,9999.000,9999.000,9999.000,9999.000
202603100300,   3.600,9999.000,   0.200,  -0.802,   2.998,   0.100,   2.898,   0.300,   3.098
202603100306,   3.641,9999.000,9999.000,9999.000,9999.000,9999.000,9999.000,9999.000,9999.000
202603100312,   3.680,9999.000,9999.000,9999.000,9999.000,9999.000,9999.000,9999.000,9999.000
202603100318,   3.717,9999.000,9999.000,9999.000,9999.000,9999.000,9999.000,9999.000,9999.000
202603100324,   3.752,9999.000,9999.000,9999.000,9999.000,9999.000,9999.000,9999.000,9999.000
202603100330,   3.784,9999.000,9999.000,9999.000,9999.000,9999.000,9999.000,9999.000,9999.000
202603100336,   3.815,9999.000,9999.000,9999.000,9999.000,9999.000,9999.000,9999.000,9999.000
202603100342,   3.843,9999.000,9999.000,9999.000,9999.000,9999.000,9999.000,9999.000,9999.000
202603100348,   3.868,9999.000,9999.000,9999.000,9999.000,9999.000,9999.000,9999.000,9999.000
202603100354,   3.891,9999.000,9999.000,9999.000,9999.000,9999.000,9999.000,9999.000,9999.000
202603100400,   3.911,9999.000,   0.200,  -0.640,   3.471,   0.100,   3.371,   0.300,   3.571
202603100406,   3.928,9999.000,9999.000,9999.000,9999.000,9999.000,9999.000,9999.000,9999.000
202603100412,   3.943,9999.000,9999.000,9999.000,9999.000,9999.000,9999.000,9999.000,9999.000
202603100418,   3.953,9999.000,9999.000,9999.000,9999.000,9999.000,9999.000,9999.000,9999.000
202603100424,   3.961,9999.000,9999.000,9999.000,9999.000,9999.000,9999.000,9999.000,9999.000
202603100430,   3.965,9999.000,9999.000,9999.000,9999.000,9999.000,9999.000,9999.000,9999.000
202603100436,   3.964,9999.000,9999.000,9999.000,9999.000,9999.000,9999.000,9999.000,9999.000
202603100442,   3.960,9999.000,9999.000,9999.000,9999.000,9999.000,9999.000,9999.000,9999.000
202603100448,   3.952,9999.000,9999.000,9999.000,9999.000,9999.000,9999.000,9999.000,9999.000
202603100454,   3.938,9999.000,9999.000,9999.000,9999.000,9999.000,9999.000,9999.000,9999.000
202603100500,   3.921,9999.000,   0.200,  -0.308,   3.813,   0.100,   3.713,   0.300,   3.913
202603100506,   3.898,9999.000,9999.000,9999.000,9999.000,9999.000,9999.000,9999.000,9999.000
202603100512,   3.871,9999.000,9999.000,9999.000,9999.000,9999.000,9999.000,9999.000,9999.000
202603100518,   3.839,9999.000,9999.000,9999.000,9999.000,9999.000,9999.000,9999.000,9999.000
202603100524,   3.801,9999.000,9999.000,9999.000,9999.000,9999.000,9999.000,9999.000,9999.000
202603100530,   3.759,9999.000,9999.000,9999.000,9999.000,9999.000,9999.000,9999.000,9999.000
202603100536,   3.711,9999.000,9999.000,9999.000,9999.000,9999.000,9999.000,9999.000,9999.000
202603100542,   3.659,9999.000,9999.000,9999.000,9999.000,9999.000,9999.000,9999.000,9999.000
202603100548,   3.601,9999.000,9999.000,9999.000,9999.000,9999.000,9999.000,9999.000,9999.000
202603100554,   3.539,9999.000,9999.000,9999.000,9999.000,9999.000,9999.000,9999.000,9999.000
202603100600,   3.473,9999.000,   0.200,   0.113,   3.786,   0.100,   3.686,   0.300,   3.886
202603100606,   3.402,9999.000,9999.000,9999.000,9999.000,9999.000,9999.000,9999.000,9999.000
202603100612,   3.327,9999.000,9999.000,9999.000,9999.000,9999.000,9999.000,9999.000,9999.000
202603100618,   3.248,9999.000,9999.000,9999.000,9999.000,9999.000,9999.000,9999.000,9999.000
202603100624,   3.166,9999.000,9999.000,9999.000,9999.000,9999.000,9999.000,9999.000,9999.000
202603100630,   3.082,9999.000,9999.000,9999.000,9999.000,9999.000,9999.000,9999.000,9999.000
202603100636,   2.994,9999.000,9999.000,9999.000,9999.000,9999.000,9999.000,9999.000,9999.000
202603100642,   2.905,9999.000,9999.000,9999.000,9999.000,9999.000,9999.000,9999.000,9999.000
202603100648,   2.814,9999.000,9999.000,9999.000,9999.000,9999.000,9999.000,9999.000,9999.000
202603100654,   2.722,9999.000,9999.000,9999.000,9999.000,9999.000,9999.000,9999.000,9999.000
202603100700,   2.630,9999.000,   0.200,   0.427,   3.257,   0.100,   3.157,   0.300,   3.357
202603100706,   2.537,9999.000,9999.000,9999.000,9999.000,9999.000,9999.000,9999.000,9999.000
202603100712,   2.444,9999.000,9999.000,9999.000,9999.000,9999.000,9999.000,9999.000,9999.000
202603100718,   2.353,9999.000,9999.000,9999.000,9999.000,9999.000,9999.000,9999.000,9999.000
202603100724,   2.262,9999.000,9999.000,9999.000,9999.000,9999.000,9999.000,9999.000,9999.000
202603100730,   2.172,9999.000,9999.000,9999.000,9999.000,9999.000,9999.000,9999.000,9999.000
202603100736,   2.085,9999.000,9999.000,9999.000,9999.000,9999.000,9999.000,9999.000,9999.000
202603100742,   1.999,9999.000,9999.000,9999.000,9999.000,9999.000,9999.000,9999.000,9999.000
202603100748,   1.916,9999.000,9999.000,9999.000,9999.000,9999.000,9999.000,9999.000,9999.000
202603100754,   1.835,9999.000,9999.000,9999.000,9999.000,9999.000,9999.000,9999.000,9999.000
202603100800,   1.757,9999.000,   0.200,   0.525,   2.482,   0.000,   2.282,   0.300,   2.582
202603100806,   1.682,9999.000,9999.000,9999.000,9999.000,9999.000,9999.000,9999.000,9999.000
202603100812,   1.609,9999.000,9999.000,9999.000,9999.000,9999.000,9999.000,9999.000,9999.000
202603100818,   1.540,9999.000,9999.000,9999.000,9999.000,9999.000,9999.000,9999.000,9999.000
202603100824,   1.473,9999.000,9999.000,9999.000,9999.000,9999.000,9999.000,9999.000,9999.000
202603100830,   1.410,9999.000,9999.000,9999.000,9999.000,9999.000,9999.000,9999.000,9999.000
202603100836,   1.350,9999.000,9999.000,9999.000,9999.000,9999.000,9999.000,9999.000,9999.000
202603100842,   1.292,9999.000,9999.000,9999.000,9999.000,9999.000,9999.000,9999.000,9999.000
202603100848,   1.238,9999.000,9999.000,9999.000,9999.000,9999.000,9999.000,9999.000,9999.000
202603100854,   1.187,9999.000,9999.000,9999.000,9999.000,9999.000,9999.000,9999.000,9999.000
202603100900,   1.138,9999.000,   0.100,   0.447,   1.685,   0.000,   1.585,   0.300,   1.885
202603100906,   1.092,9999.000,9999.000,9999.000,9999.000,9999.000,9999.000,9999.000,9999.000
202603100912,   1.049,9999.000,9999.000,9999.000,9999.000,9999.000,9999.000,9999.000,9999.000
202603100918,   1.009,9999.000,9999.000,9999.000,9999.000,9999.000,9999.000,9999.000,9999.000
202603100924,   0.971,9999.000,9999.000,9999.000,9999.000,9999.000,9999.000,9999.000,9999.000
202603100930,   0.936,9999.000,9999.000,9999.000,9999.000,9999.000,9999.000,9999.000,9999.000
202603100936,   0.904,9999.000,9999.000,9999.000,9999.000,9999.000,9999.000,9999.000,9999.000
202603100942,   0.874,9999.000,9999.000,9999.000,9999.000,9999.000,9999.000,9999.000,9999.000
202603100948,   0.847,9999.000,9999.000,9999.000,9999.000,9999.000,9999.000,9999.000,9999.000
202603100954,   0.823,9999.000,9999.000,9999.000,9999.000,9999.000,9999.000,9999.000,9999.000
202603101000,   0.802,9999.000,   0.100,   0.258,   1.160,   0.000,   1.060,   0.300,   1.360
202603101006,   0.783,9999.000,9999.000,9999.000,9999.000,9999.000,9999.000,9999.000,9999.000
202603101012,   0.767,9999.000,9999.000,9999.000,9999.000,9999.000,9999.000,9999.000,9999.000
202603101018,   0.754,9999.000,9999.000,9999.000,9999.000,9999.000,9999.000,9999.000,9999.000
202603101024,   0.745,9999.000,9999.000,9999.000,9999.000,9999.000,9999.000,9999.000,9999.000
202603101030,   0.738,9999.000,9999.000,9999.000,9999.000,9999.000,9999.000,9999.000,9999.000
202603101036,   0.735,9999.000,9999.000,9999.000,9999.000,9999.000,9999.000,9999.000,9999.000
202603101042,   0.735,9999.000,9999.000,9999.000,9999.000,9999.000,9999.000,9999.000,9999.000
202603101048,   0.738,9999.000,9999.000,9999.000,9999.000,9999.000,9999.000,9999.000,9999.000
202603101054,   0.745,9999.000,9999.000,9999.000,9999.000,9999.000,9999.000,9999.000,9999.000
202603101100,   0.756,9999.000,   0.100,  -0.004,   0.852,   0.000,   0.752,   0.200,   0.952
202603101106,   0.770,9999.000,9999.000,9999.000,9999.000,9999.000,9999.000,9999.000,9999.000
202603101112,   0.787,9999.000,9999.000,9999.000,9999.000,9999.000,9999.000,9999.000,9999.000
202603101118,   0.809,9999.000,9999.000,9999.000,9999.000,9999.000,9999.000,9999.000,9999.000
202603101124,   0.833,9999.000,9999.000,9999.000,9999.000,9999.000,9999.000,9999.000,9999.000
202603101130,   0.862,9999.000,9999.000,9999.000,9999.000,9999.000,9999.000,9999.000,9999.000
202603101136,   0.894,9999.000,9999.000,9999.000,9999.000,9999.000,9999.000,9999.000,9999.000
202603101142,   0.929,9999.000,9999.000,9999.000,9999.000,9999.000,9999.000,9999.000,9999.000
202603101148,   0.967,9999.000,9999.000,9999.000,9999.000,9999.000,9999.000,9999.000,9999.000
202603101154,   1.009,9999.000,9999.000,9999.000,9999.000,9999.000,9999.000,9999.000,9999.000
202603101200,   1.053,9999.000,   0.100,  -0.253,   0.900,   0.000,   0.800,   0.300,   1.100
202603101206,   1.100,9999.000,9999.000,9999.000,9999.000,9999.000,9999.000,9999.000,9999.000
202603101212,   1.150,9999.000,9999.000,9999.000,9999.000,9999.000,9999.000,9999.000,9999.000
202603101218,   1.203,9999.000,9999.000,9999.000,9999.000,9999.000,9999.000,9999.000,9999.000
202603101224,   1.257,9999.000,9999.000,9999.000,9999.000,9999.000,9999.000,9999.000,9999.000
202603101230,   1.314,9999.000,9999.000,9999.000,9999.000,9999.000,9999.000,9999.000,9999.000
202603101236,   1.372,9999.000,9999.000,9999.000,9999.000,9999.000,9999.000,9999.000,9999.000
202603101242,   1.431,9999.000,9999.000,9999.000,9999.000,9999.000,9999.000,9999.000,9999.000
202603101248,   1.492,9999.000,9999.000,9999.000,9999.000,9999.000,9999.000,9999.000,9999.000
202603101254,   1.554,9999.000,9999.000,9999.000,9999.000,9999.000,9999.000,9999.000,9999.000
202603101300,   1.617,9999.000,   0.100,  -0.400,   1.317,   0.000,   1.217,   0.300,   1.517
202603101306,   1.680,9999.000,9999.000,9999.000,9999.000,9999.000,9999.000,9999.000,9999.000
202603101312,   1.743,9999.000,9999.000,9999.000,9999.000,9999.000,9999.000,9999.000,9999.000
202603101318,   1.807,9999.000,9999.000,9999.000,9999.000,9999.000,9999.000,9999.000,9999.000
202603101324,   1.870,9999.000,9999.000,9999.000,9999.000,9999.000,9999.000,9999.000,9999.000
202603101330,   1.932,9999.000,9999.000,9999.000,9999.000,9999.000,9999.000,9999.000,9999.000
202603101336,   1.995,9999.000,9999.000,9999.000,9999.000,9999.000,9999.000,9999.000,9999.000
202603101342,   2.056,9999.000,9999.000,9999.000,9999.000,9999.000,9999.000,9999.000,9999.000
202603101348,   2.117,9999.000,9999.000,9999.000,9999.000,9999.000,9999.000,9999.000,9999.000
202603101354,   2.176,9999.000,9999.000,9999.000,9999.000,9999.000,9999.000,9999.000,9999.000
202603101400,   2.234,9999.000,   0.100,  -0.475,   1.859,   0.000,   1.759,   0.300,   2.059
202603101406,   2.291,9999.000,9999.000,9999.000,9999.000,9999.000,9999.000,9999.000,9999.000
202603101412,   2.347,9999.000,9999.000,9999.000,9999.000,9999.000,9999.000,9999.000,9999.000
202603101418,   2.401,9999.000,9999.000,9999.000,9999.000,9999.000,9999.000,9999.000,9999.000
202603101424,   2.454,9999.000,9999.000,9999.000,9999.000,9999.000,9999.000,9999.000,9999.000
202603101430,   2.505,9999.000,9999.000,9999.000,9999.000,9999.000,9999.000,9999.000,9999.000
202603101436,   2.555,9999.000,9999.000,9999.000,9999.000,9999.000,9999.000,9999.000,9999.000
202603101442,   2.603,9999.000,9999.000,9999.000,9999.000,9999.000,9999.000,9999.000,9999.000
202603101448,   2.650,9999.000,9999.000,9999.000,9999.000,9999.000,9999.000,9999.000,9999.000
202603101454,   2.695,9999.000,9999.000,9999.000,9999.000,9999.000,9999.000,9999.000,9999.000
202603101500,   2.739,9999.000,   0.100,  -0.581,   2.258,   0.000,   2.158,   0.200,   2.358
202603101506,   2.781,9999.000,9999.000,9999.000,9999.000,9999.000,9999.000,9999.000,9999.000
202603101512,   2.821,9999.000,9999.000,9999.000,9999.000,9999.000,9999.000,9999.000,9999.000
202603101518,   2.860,9999.000,9999.000,9999.000,9999.000,9999.000,9999.000,9999.000,9999.000
202603101524,   2.898,9999.000,9999.000,9999.000,9999.000,9999.000,9999.000,9999.000,9999.000
202603101530,   2.933,9999.000,9999.000,9999.000,9999.000,9999.000,9999.000,9999.000,9999.000
202603101536,   2.968,9999.000,9999.000,9999.000,9999.000,9999.000,9999.000,9999.000,9999.000
202603101542,   3.001,9999.000,9999.000,9999.000,9999.000,9999.000,9999.000,9999.000,9999.000
202603101548,   3.032,9999.000,9999.000,9999.000,9999.000,9999.000,9999.000,9999.000,9999.000
202603101554,   3.061,9999.000,9999.000,9999.000,9999.000,9999.000,9999.000,9999.000,9999.000
202603101600,   3.089,9999.000,   0.100,  -0.690,   2.499,   0.000,   2.399,   0.200,   2.599
202603101606,   3.115,9999.000,9999.000,9999.000,9999.000,9999.000,9999.000,9999.000,9999.000
202603101612,   3.138,9999.000,9999.000,9999.000,9999.000,9999.000,9999.000,9999.000,9999.000
202603101618,   3.160,9999.000,9999.000,9999.000,9999.000,9999.000,9999.000,9999.000,9999.000
202603101624,   3.179,9999.000,9999.000,9999.000,9999.000,9999.000,9999.000,9999.000,9999.000
202603101630,   3.196,9999.000,9999.000,9999.000,9999.000,9999.000,9999.000,9999.000,9999.000
202603101636,   3.210,9999.000,9999.000,9999.000,9999.000,9999.000,9999.000,9999.000,9999.000
202603101642,   3.221,9999.000,9999.000,9999.000,9999.000,9999.000,9999.000,9999.000,9999.000
202603101648,   3.229,9999.000,9999.000,9999.000,9999.000,9999.000,9999.000,9999.000,9999.000
202603101654,   3.234,9999.000,9999.000,9999.000,9999.000,9999.000,9999.000,9999.000,9999.000
202603101700,   3.235,9999.000,   0.100,  -0.636,   2.699,   0.000,   2.599,   0.200,   2.799
202603101706,   3.233,9999.000,9999.000,9999.000,9999.000,9999.000,9999.000,9999.000,9999.000
202603101712,   3.227,9999.000,9999.000,9999.000,9999.000,9999.000,9999.000,9999.000,9999.000
202603101718,   3.217,9999.000,9999.000,9999.000,9999.000,9999.000,9999.000,9999.000,9999.000
202603101724,   3.202,9999.000,9999.000,9999.000,9999.000,9999.000,9999.000,9999.000,9999.000
202603101730,   3.184,9999.000,9999.000,9999.000,9999.000,9999.000,9999.000,9999.000,9999.000
202603101736,   3.161,9999.000,9999.000,9999.000,9999.000,9999.000,9999.000,9999.000,9999.000
202603101742,   3.133,9999.000,9999.000,9999.000,9999.000,9999.000,9999.000,9999.000,9999.000
202603101748,   3.101,9999.000,9999.000,9999.000,9999.000,9999.000,9999.000,9999.000,9999.000
202603101754,   3.064,9999.000,9999.000,9999.000,9999.000,9999.000,9999.000,9999.000,9999.000
202603101800,   3.023,9999.000,   0.100,  -0.350,   2.773,   0.000,   2.673,   0.200,   2.873
202603101806,   2.978,9999.000,9999.000,9999.000,9999.000,9999.000,9999.000,9999.000,9999.000
202603101812,   2.928,9999.000,9999.000,9999.000,9999.000,9999.000,9999.000,9999.000,9999.000
202603101818,   2.873,9999.000,9999.000,9999.000,9999.000,9999.000,9999.000,9999.000,9999.000
202603101824,   2.815,9999.000,9999.000,9999.000,9999.000,9999.000,9999.000,9999.000,9999.000
202603101830,   2.754,9999.000,9999.000,9999.000,9999.000,9999.000,9999.000,9999.000,9999.000
202603101836,   2.689,9999.000,9999.000,9999.000,9999.000,9999.000,9999.000,9999.000,9999.000
202603101842,   2.621,9999.000,9999.000,9999.000,9999.000,9999.000,9999.000,9999.000,9999.000
202603101848,   2.550,9999.000,9999.000,9999.000,9999.000,9999.000,9999.000,9999.000,9999.000
202603101854,   2.477,9999.000,9999.000,9999.000,9999.000,9999.000,9999.000,9999.000,9999.000
202603101900,   2.402,9999.000,   0.100,   0.032,   2.534,   0.000,   2.434,   0.300,   2.734
202603101906,   2.327,9999.000,9999.000,9999.000,9999.000,9999.000,9999.000,9999.000,9999.000
202603101912,   2.250,9999.000,9999.000,9999.000,9999.000,9999.000,9999.000,9999.000,9999.000
202603101918,   2.173,9999.000,9999.000,9999.000,9999.000,9999.000,9999.000,9999.000,9999.000
202603101924,   2.096,9999.000,9999.000,9999.000,9999.000,9999.000,9999.000,9999.000,9999.000
202603101930,   2.020,9999.000,9999.000,9999.000,9999.000,9999.000,9999.000,9999.000,9999.000
202603101936,   1.944,9999.000,9999.000,9999.000,9999.000,9999.000,9999.000,9999.000,9999.000
202603101942,   1.870,9999.000,9999.000,9999.000,9999.000,9999.000,9999.000,9999.000,9999.000
202603101948,   1.798,9999.000,9999.000,9999.000,9999.000,9999.000,9999.000,9999.000,9999.000
202603101954,   1.728,9999.000,9999.000,9999.000,9999.000,9999.000,9999.000,9999.000,9999.000
202603102000,   1.660,9999.000,   0.200,   0.318,   2.178,   0.000,   1.978,   0.300,   2.278
202603102006,   1.595,9999.000,9999.000,9999.000,9999.000,9999.000,9999.000,9999.000,9999.000
202603102012,   1.533,9999.000,9999.000,9999.000,9999.000,9999.000,9999.000,9999.000,9999.000
202603102018,   1.474,9999.000,9999.000,9999.000,9999.000,9999.000,9999.000,9999.000,9999.000
202603102024,   1.418,9999.000,9999.000,9999.000,9999.000,9999.000,9999.000,9999.000,9999.000
202603102030,   1.364,9999.000,9999.000,9999.000,9999.000,9999.000,9999.000,9999.000,9999.000
202603102036,   1.315,9999.000,9999.000,9999.000,9999.000,9999.000,9999.000,9999.000,9999.000
202603102042,   1.268,9999.000,9999.000,9999.000,9999.000,9999.000,9999.000,9999.000,9999.000
202603102048,   1.224,9999.000,9999.000,9999.000,9999.000,9999.000,9999.000,9999.000,9999.000
202603102054,   1.184,9999.000,9999.000,9999.000,9999.000,9999.000,9999.000,9999.000,9999.000
202603102100,   1.147,9999.000,   0.200,   0.416,   1.763,   0.100,   1.663,   0.300,   1.863
202603102106,   1.112,9999.000,9999.000,9999.000,9999.000,9999.000,9999.000,9999.000,9999.000
202603102112,   1.081,9999.000,9999.000,9999.000,9999.000,9999.000,9999.000,9999.000,9999.000
202603102118,   1.052,9999.000,9999.000,9999.000,9999.000,9999.000,9999.000,9999.000,9999.000
202603102124,   1.026,9999.000,9999.000,9999.000,9999.000,9999.000,9999.000,9999.000,9999.000
202603102130,   1.002,9999.000,9999.000,9999.000,9999.000,9999.000,9999.000,9999.000,9999.000
202603102136,   0.981,9999.000,9999.000,9999.000,9999.000,9999.000,9999.000,9999.000,9999.000
202603102142,   0.963,9999.000,9999.000,9999.000,9999.000,9999.000,9999.000,9999.000,9999.000
202603102148,   0.947,9999.000,9999.000,9999.000,9999.000,9999.000,9999.000,9999.000,9999.000
202603102154,   0.933,9999.000,9999.000,9999.000,9999.000,9999.000,9999.000,9999.000,9999.000
202603102200,   0.921,9999.000,   0.200,   0.325,   1.446,   0.000,   1.246,   0.300,   1.546
202603102206,   0.911,9999.000,9999.000,9999.000,9999.000,9999.000,9999.000,9999.000,9999.000
202603102212,   0.904,9999.000,9999.000,9999.000,9999.000,9999.000,9999.000,9999.000,9999.000
202603102218,   0.899,9999.000,9999.000,9999.000,9999.000,9999.000,9999.000,9999.000,9999.000
202603102224,   0.896,9999.000,9999.000,9999.000,9999.000,9999.000,9999.000,9999.000,9999.000
202603102230,   0.896,9999.000,9999.000,9999.000,9999.000,9999.000,9999.000,9999.000,9999.000
202603102236,   0.898,9999.000,9999.000,9999.000,9999.000,9999.000,9999.000,9999.000,9999.000
202603102242,   0.902,9999.000,9999.000,9999.000,9999.000,9999.000,9999.000,9999.000,9999.000
202603102248,   0.909,9999.000,9999.000,9999.000,9999.000,9999.000,9999.000,9999.000,9999.000
202603102254,   0.919,9999.000,9999.000,9999.000,9999.000,9999.000,9999.000,9999.000,9999.000
202603102300,   0.931,9999.000,   0.100,   0.087,   1.118,   0.000,   1.018,   0.200,   1.218
202603102306,   0.946,9999.000,9999.000,9999.000,9999.000,9999.000,9999.000,9999.000,9999.000
202603102312,   0.964,9999.000,9999.000,9999.000,9999.000,9999.000,9999.000,9999.000,9999.000
202603102318,   0.985,9999.000,9999.000,9999.000,9999.000,9999.000,9999.000,9999.000,9999.000
202603102324,   1.009,9999.000,9999.000,9999.000,9999.000,9999.000,9999.000,9999.000,9999.000
202603102330,   1.036,9999.000,9999.000,9999.000,9999.000,9999.000,9999.000,9999.000,9999.000
202603102336,   1.066,9999.000,9999.000,9999.000,9999.000,9999.000,9999.000,9999.000,9999.000
202603102342,   1.099,9999.000,9999.000,9999.000,9999.000,9999.000,9999.000,9999.000,9999.000
202603102348,   1.136,9999.000,9999.000,9999.000,9999.000,9999.000,9999.000,9999.000,9999.000
202603102354,   1.175,9999.000,9999.000,9999.000,9999.000,9999.000,9999.000,9999.000,9999.000
202603110000,   1.218,9999.000,   0.100,  -0.203,   1.115,   0.000,   1.015,   0.200,   1.215
202603110006,   1.263,9999.000,9999.000,9999.000,9999.000,9999.000,9999.000,9999.000,9999.000
202603110012,   1.312,9999.000,9999.000,9999.000,9999.000,9999.000,9999.000,9999.000,9999.000
202603110018,   1.363,9999.000,9999.000,9999.000,9999.000,9999.000,9999.000,9999.000,9999.000
202603110024,   1.417,9999.000,9999.000,9999.000,9999.000,9999.000,9999.000,9999.000,9999.000
202603110030,   1.474,9999.000,9999.000,9999.000,9999.000,9999.000,9999.000,9999.000,9999.000
202603110036,   1.533,9999.000,9999.000,9999.000,9999.000,9999.000,9999.000,9999.000,9999.000
202603110042,   1.594,9999.000,9999.000,9999.000,9999.000,9999.000,9999.000,9999.000,9999.000
202603110048,   1.657,9999.000,9999.000,9999.000,9999.000,9999.000,9999.000,9999.000,9999.000
202603110054,   1.722,9999.000,9999.000,9999.000,9999.000,9999.000,9999.000,9999.000,9999.000
202603110100,   1.788,9999.000,   0.100,  -0.440,   1.448,   0.000,   1.348,   0.200,   1.548
202603110106,   1.855,9999.000,9999.000,9999.000,9999.000,9999.000,9999.000,9999.000,9999.000
202603110112,   1.924,9999.000,9999.000,9999.000,9999.000,9999.000,9999.000,9999.000,9999.000
202603110118,   1.994,9999.000,9999.000,9999.000,9999.000,9999.000,9999.000,9999.000,9999.000
202603110124,   2.064,9999.000,9999.000,9999.000,9999.000,9999.000,9999.000,9999.000,9999.000
202603110130,   2.134,9999.000,9999.000,9999.000,9999.000,9999.000,9999.000,9999.000,9999.000
202603110136,   2.204,9999.000,9999.000,9999.000,9999.000,9999.000,9999.000,9999.000,9999.000
202603110142,   2.275,9999.000,9999.000,9999.000,9999.000,9999.000,9999.000,9999.000,9999.000
202603110148,   2.345,9999.000,9999.000,9999.000,9999.000,9999.000,9999.000,9999.000,9999.000
202603110154,   2.414,9999.000,9999.000,9999.000,9999.000,9999.000,9999.000,9999.000,9999.000
202603110200,   2.483,9999.000,   0.100,  -0.598,   1.985,   0.000,   1.885,   0.200,   2.085
202603110206,   2.550,9999.000,9999.000,9999.000,9999.000,9999.000,9999.000,9999.000,9999.000
202603110212,   2.617,9999.000,9999.000,9999.000,9999.000,9999.000,9999.000,9999.000,9999.000
202603110218,   2.683,9999.000,9999.000,9999.000,9999.000,9999.000,9999.000,9999.000,9999.000
202603110224,   2.747,9999.000,9999.000,9999.000,9999.000,9999.000,9999.000,9999.000,9999.000
202603110230,   2.809,9999.000,9999.000,9999.000,9999.000,9999.000,9999.000,9999.000,9999.000
202603110236,   2.870,9999.000,9999.000,9999.000,9999.000,9999.000,9999.000,9999.000,9999.000
202603110242,   2.930,9999.000,9999.000,9999.000,9999.000,9999.000,9999.000,9999.000,9999.000
202603110248,   2.988,9999.000,9999.000,9999.000,9999.000,9999.000,9999.000,9999.000,9999.000
202603110254,   3.044,9999.000,9999.000,9999.000,9999.000,9999.000,9999.000,9999.000,9999.000
202603110300,   3.098,9999.000,   0.100,  -0.700,   2.498,   0.000,   2.398,   0.200,   2.598
202603110306,   3.151,9999.000,9999.000,9999.000,9999.000,9999.000,9999.000,9999.000,9999.000
202603110312,   3.202,9999.000,9999.000,9999.000,9999.000,9999.000,9999.000,9999.000,9999.000
202603110318,   3.251,9999.000,9999.000,9999.000,9999.000,9999.000,9999.000,9999.000,9999.000
202603110324,   3.298,9999.000,9999.000,9999.000,9999.000,9999.000,9999.000,9999.000,9999.000
202603110330,   3.343,9999.000,9999.000,9999.000,9999.000,9999.000,9999.000,9999.000,9999.000
202603110336,   3.387,9999.000,9999.000,9999.000,9999.000,9999.000,9999.000,9999.000,9999.000
202603110342,   3.429,9999.000,9999.000,9999.000,9999.000,9999.000,9999.000,9999.000,9999.000
202603110348,   3.469,9999.000,9999.000,9999.000,9999.000,9999.000,9999.000,9999.000,9999.000
202603110354,   3.508,9999.000,9999.000,9999.000,9999.000,9999.000,9999.000,9999.000,9999.000
202603110400,   3.545,9999.000,   0.100,  -0.710,   2.935,   0.000,   2.835,   0.200,   3.035
202603110406,   3.579,9999.000,9999.000,9999.000,9999.000,9999.000,9999.000,9999.000,9999.000
202603110412,   3.612,9999.000,9999.000,9999.000,9999.000,9999.000,9999.000,9999.000,9999.000
202603110418,   3.643,9999.000,9999.000,9999.000,9999.000,9999.000,9999.000,9999.000,9999.000
202603110424,   3.672,9999.000,9999.000,9999.000,9999.000,9999.000,9999.000,9999.000,9999.000
202603110430,   3.698,9999.000,9999.000,9999.000,9999.000,9999.000,9999.000,9999.000,9999.000
202603110436,   3.723,9999.000,9999.000,9999.000,9999.000,9999.000,9999.000,9999.000,9999.000
202603110442,   3.745,9999.000,9999.000,9999.000,9999.000,9999.000,9999.000,9999.000,9999.000
202603110448,   3.764,9999.000,9999.000,9999.000,9999.000,9999.000,9999.000,9999.000,9999.000
202603110454,   3.780,9999.000,9999.000,9999.000,9999.000,9999.000,9999.000,9999.000,9999.000
202603110500,   3.794,9999.000,   0.100,  -0.553,   3.341,   0.000,   3.241,   0.200,   3.441
202603110506,   3.805,9999.000,9999.000,9999.000,9999.000,9999.000,9999.000,9999.000,9999.000
202603110512,   3.812,9999.000,9999.000,9999.000,9999.000,9999.000,9999.000,9999.000,9999.000
202603110518,   3.816,9999.000,9999.000,9999.000,9999.000,9999.000,9999.000,9999.000,9999.000
202603110524,   3.816,9999.000,9999.000,9999.000,9999.000,9999.000,9999.000,9999.000,9999.000
202603110530,   3.812,9999.000,9999.000,9999.000,9999.000,9999.000,9999.000,9999.000,9999.000
202603110536,   3.804,9999.000,9999.000,9999.000,9999.000,9999.000,9999.000,9999.000,9999.000
202603110542,   3.792,9999.000,9999.000,9999.000,9999.000,9999.000,9999.000,9999.000,9999.000
202603110548,   3.776,9999.000,9999.000,9999.000,9999.000,9999.000,9999.000,9999.000,9999.000
202603110554,   3.755,9999.000,9999.000,9999.000,9999.000,9999.000,9999.000,9999.000,9999.000
202603110600,   3.730,9999.000,   0.100,  -0.253,   3.577,   0.000,   3.477,   0.200,   3.677
202603110606,   3.700,9999.000,9999.000,9999.000,9999.000,9999.000,9999.000,9999.000,9999.000
202603110612,   3.666,9999.000,9999.000,9999.000,9999.000,9999.000,9999.000,9999.000,9999.000
202603110618,   3.627,9999.000,9999.000,9999.000,9999.000,9999.000,9999.000,9999.000,9999.000
202603110624,   3.583,9999.000,9999.000,9999.000,9999.000,9999.000,9999.000,9999.000,9999.000
202603110630,   3.535,9999.000,9999.000,9999.000,9999.000,9999.000,9999.000,9999.000,9999.000
202603110636,   3.483,9999.000,9999.000,9999.000,9999.000,9999.000,9999.000,9999.000,9999.000
202603110642,   3.426,9999.000,9999.000,9999.000,9999.000,9999.000,9999.000,9999.000,9999.000
202603110648,   3.366,9999.000,9999.000,9999.000,9999.000,9999.000,9999.000,9999.000,9999.000
202603110654,   3.301,9999.000,9999.000,9999.000,9999.000,9999.000,9999.000,9999.000,9999.000
202603110700,   3.234,9999.000,   0.100,   0.056,   3.390,   0.000,   3.290,   0.200,   3.490
202603110706,   3.163,9999.000,9999.000,9999.000,9999.000,9999.000,9999.000,9999.000,9999.000
202603110712,   3.090,9999.000,9999.000,9999.000,9999.000,9999.000,9999.000,9999.000,9999.000
202603110718,   3.014,9999.000,9999.000,9999.000,9999.000,9999.000,9999.000,9999.000,9999.000
202603110724,   2.936,9999.000,9999.000,9999.000,9999.000,9999.000,9999.000,9999.000,9999.000
202603110730,   2.857,9999.000,9999.000,9999.000,9999.000,9999.000,9999.000,9999.000,9999.000
202603110736,   2.777,9999.000,9999.000,9999.000,9999.000,9999.000,9999.000,9999.000,9999.000
202603110742,   2.697,9999.000,9999.000,9999.000,9999.000,9999.000,9999.000,9999.000,9999.000
202603110748,   2.616,9999.000,9999.000,9999.000,9999.000,9999.000,9999.000,9999.000,9999.000
202603110754,   2.535,9999.000,9999.000,9999.000,9999.000,9999.000,9999.000,9999.000,9999.000
202603110800,   2.455,9999.000,   0.100,   0.267,   2.822,   0.000,   2.722,   0.200,   2.922
202603110806,   2.376,9999.000,9999.000,9999.000,9999.000,9999.000,9999.000,9999.000,9999.000
202603110812,   2.298,9999.000,9999.000,9999.000,9999.000,9999.000,9999.000,9999.000,9999.000
202603110818,   2.222,9999.000,9999.000,9999.000,9999.000,9999.000,9999.000,9999.000,9999.000
202603110824,   2.147,9999.000,9999.000,9999.000,9999.000,9999.000,9999.000,9999.000,9999.000
202603110830,   2.075,9999.000,9999.000,9999.000,9999.000,9999.000,9999.000,9999.000,9999.000
202603110836,   2.005,9999.000,9999.000,9999.000,9999.000,9999.000,9999.000,9999.000,9999.000
202603110842,   1.937,9999.000,9999.000,9999.000,9999.000,9999.000,9999.000,9999.000,9999.000
202603110848,   1.871,9999.000,9999.000,9999.000,9999.000,9999.000,9999.000,9999.000,9999.000
202603110854,   1.809,9999.000,9999.000,9999.000,9999.000,9999.000,9999.000,9999.000,9999.000
202603110900,   1.748,9999.000,   0.100,   0.363,   2.211,   0.000,   2.111,   0.200,   2.311
202603110906,   1.690,9999.000,9999.000,9999.000,9999.000,9999.000,9999.000,9999.000,9999.000
202603110912,   1.635,9999.000,9999.000,9999.000,9999.000,9999.000,9999.000,9999.000,9999.000
202603110918,   1.581,9999.000,9999.000,9999.000,9999.000,9999.000,9999.000,9999.000,9999.000
202603110924,   1.531,9999.000,9999.000,9999.000,9999.000,9999.000,9999.000,9999.000,9999.000
202603110930,   1.482,9999.000,9999.000,9999.000,9999.000,9999.000,9999.000,9999.000,9999.000
202603110936,   1.436,9999.000,9999.000,9999.000,9999.000,9999.000,9999.000,9999.000,9999.000
202603110942,   1.392,9999.000,9999.000,9999.000,9999.000,9999.000,9999.000,9999.000,9999.000
202603110948,   1.349,9999.000,9999.000,9999.000,9999.000,9999.000,9999.000,9999.000,9999.000
202603110954,   1.309,9999.000,9999.000,9999.000,9999.000,9999.000,9999.000,9999.000,9999.000
202603111000,   1.270,9999.000,   0.100,   0.346,   1.716,   0.000,   1.616,   0.300,   1.916
202603111006,   1.233,9999.000,9999.000,9999.000,9999.000,9999.000,9999.000,9999.000,9999.000
202603111012,   1.198,9999.000,9999.000,9999.000,9999.000,9999.000,9999.000,9999.000,9999.000
202603111018,   1.165,9999.000,9999.000,9999.000,9999.000,9999.000,9999.000,9999.000,9999.000
202603111024,   1.133,9999.000,9999.000,9999.000,9999.000,9999.000,9999.000,9999.000,9999.000
202603111030,   1.102,9999.000,9999.000,9999.000,9999.000,9999.000,9999.000,9999.000,9999.000
202603111036,   1.074,9999.000,9999.000,9999.000,9999.000,9999.000,9999.000,9999.000,9999.000
202603111042,   1.047,9999.000,9999.000,9999.000,9999.000,9999.000,9999.000,9999.000,9999.000
202603111048,   1.022,9999.000,9999.000,9999.000,9999.000,9999.000,9999.000,9999.000,9999.000
202603111054,   0.999,9999.000,9999.000,9999.000,9999.000,9999.000,9999.000,9999.000,9999.000
202603111100,   0.978,9999.000,   0.200,   0.222,   1.400,   0.100,   1.300,   0.300,   1.500
202603111106,   0.959,9999.000,9999.000,9999.000,9999.000,9999.000,9999.000,9999.000,9999.000
202603111112,   0.942,9999.000,9999.000,9999.000,9999.000,9999.000,9999.000,9999.000,9999.000
202603111118,   0.928,9999.000,9999.000,9999.000,9999.000,9999.000,9999.000,9999.000,9999.000
202603111124,   0.917,9999.000,9999.000,9999.000,9999.000,9999.000,9999.000,9999.000,9999.000
202603111130,   0.908,9999.000,9999.000,9999.000,9999.000,9999.000,9999.000,9999.000,9999.000
202603111136,   0.902,9999.000,9999.000,9999.000,9999.000,9999.000,9999.000,9999.000,9999.000
202603111142,   0.898,9999.000,9999.000,9999.000,9999.000,9999.000,9999.000,9999.000,9999.000
202603111148,   0.899,9999.000,9999.000,9999.000,9999.000,9999.000,9999.000,9999.000,9999.000
202603111154,   0.902,9999.000,9999.000,9999.000,9999.000,9999.000,9999.000,9999.000,9999.000
202603111200,   0.908,9999.000,   0.200,   0.051,   1.159,   0.100,   1.059,   0.300,   1.259
202603111206,   0.918,9999.000,9999.000,9999.000,9999.000,9999.000,9999.000,9999.000,9999.000
202603111212,   0.931,9999.000,9999.000,9999.000,9999.000,9999.000,9999.000,9999.000,9999.000
202603111218,   0.948,9999.000,9999.000,9999.000,9999.000,9999.000,9999.000,9999.000,9999.000
202603111224,   0.968,9999.000,9999.000,9999.000,9999.000,9999.000,9999.000,9999.000,9999.000
202603111230,   0.992,9999.000,9999.000,9999.000,9999.000,9999.000,9999.000,9999.000,9999.000
202603111236,   1.018,9999.000,9999.000,9999.000,9999.000,9999.000,9999.000,9999.000,9999.000
202603111242,   1.048,9999.000,9999.000,9999.000,9999.000,9999.000,9999.000,9999.000,9999.000
202603111248,   1.082,9999.000,9999.000,9999.000,9999.000,9999.000,9999.000,9999.000,9999.000
202603111254,   1.118,9999.000,9999.000,9999.000,9999.000,9999.000,9999.000,9999.000,9999.000
202603111300,   1.156,9999.000,   0.200,  -0.087,   1.269,   0.100,   1.169,   0.300,   1.369
202603111306,   1.198,9999.000,9999.000,9999.000,9999.000,9999.000,9999.000,9999.000,9999.000
202603111312,   1.242,9999.000,9999.000,9999.000,9999.000,9999.000,9999.000,9999.000,9999.000
202603111318,   1.288,9999.000,9999.000,9999.000,9999.000,9999.000,9999.000,9999.000,9999.000
202603111324,   1.337,9999.000,9999.000,9999.000,9999.000,9999.000,9999.000,9999.000,9999.000
202603111330,   1.387,9999.000,9999.000,9999.000,9999.000,9999.000,9999.000,9999.000,9999.000
202603111336,   1.439,9999.000,9999.000,9999.000,9999.000,9999.000,9999.000,9999.000,9999.000
202603111342,   1.492,9999.000,9999.000,9999.000,9999.000,9999.000,9999.000,9999.000,9999.000
202603111348,   1.546,9999.000,9999.000,9999.000,9999.000,9999.000,9999.000,9999.000,9999.000
202603111354,   1.601,9999.000,9999.000,9999.000,9999.000,9999.000,9999.000,9999.000,9999.000
202603111400,   1.657,9999.000,   0.200,  -0.220,   1.637,   0.100,   1.537,   0.300,   1.737
202603111406,   1.714,9999.000,9999.000,9999.000,9999.000,9999.000,9999.000,9999.000,9999.000
202603111412,   1.770,9999.000,9999.000,9999.000,9999.000,9999.000,9999.000,9999.000,9999.000
202603111418,   1.827,9999.000,9999.000,9999.000,9999.000,9999.000,9999.000,9999.000,9999.000
202603111424,   1.884,9999.000,9999.000,9999.000,9999.000,9999.000,9999.000,9999.000,9999.000
202603111430,   1.940,9999.000,9999.000,9999.000,9999.000,9999.000,9999.000,9999.000,9999.000
202603111436,   1.996,9999.000,9999.000,9999.000,9999.000,9999.000,9999.000,9999.000,9999.000
202603111442,   2.051,9999.000,9999.000,9999.000,9999.000,9999.000,9999.000,9999.000,9999.000
202603111448,   2.106,9999.000,9999.000,9999.000,9999.000,9999.000,9999.000,9999.000,9999.000
202603111454,   2.159,9999.000,9999.000,9999.000,9999.000,9999.000,9999.000,9999.000,9999.000
202603111500,   2.212,9999.000,   0.200,  -0.431,   1.981,   0.100,   1.881,   0.400,   2.181
202603111506,   2.264,9999.000,9999.000,9999.000,9999.000,9999.000,9999.000,9999.000,9999.000
202603111512,   2.315,9999.000,9999.000,9999.000,9999.000,9999.000,9999.000,9999.000,9999.000
202603111518,   2.364,9999.000,9999.000,9999.000,9999.000,9999.000,9999.000,9999.000,9999.000
202603111524,   2.412,9999.000,9999.000,9999.000,9999.000,9999.000,9999.000,9999.000,9999.000
202603111530,   2.460,9999.000,9999.000,9999.000,9999.000,9999.000,9999.000,9999.000,9999.000
202603111536,   2.505,9999.000,9999.000,9999.000,9999.000,9999.000,9999.000,9999.000,9999.000
202603111542,   2.550,9999.000,9999.000,9999.000,9999.000,9999.000,9999.000,9999.000,9999.000
202603111548,   2.593,9999.000,9999.000,9999.000,9999.000,9999.000,9999.000,9999.000,9999.000
202603111554,   2.635,9999.000,9999.000,9999.000,9999.000,9999.000,9999.000,9999.000,9999.000
202603111600,   2.676,9999.000,   0.200,  -0.688,   2.188,   0.100,   2.088,   0.400,   2.388
202603111606,   2.715,9999.000,9999.000,9999.000,9999.000,9999.000,9999.000,9999.000,9999.000
202603111612,   2.753,9999.000,9999.000,9999.000,9999.000,9999.000,9999.000,9999.000,9999.000
202603111618,   2.790,9999.000,9999.000,9999.000,9999.000,9999.000,9999.000,9999.000,9999.000
202603111624,   2.825,9999.000,9999.000,9999.000,9999.000,9999.000,9999.000,9999.000,9999.000
202603111630,   2.858,9999.000,9999.000,9999.000,9999.000,9999.000,9999.000,9999.000,9999.000
202603111636,   2.890,9999.000,9999.000,9999.000,9999.000,9999.000,9999.000,9999.000,9999.000
202603111642,   2.921,9999.000,9999.000,9999.000,9999.000,9999.000,9999.000,9999.000,9999.000
202603111648,   2.949,9999.000,9999.000,9999.000,9999.000,9999.000,9999.000,9999.000,9999.000
202603111654,   2.976,9999.000,9999.000,9999.000,9999.000,9999.000,9999.000,9999.000,9999.000
202603111700,   3.001,9999.000,   0.300,  -0.809,   2.492,   0.100,   2.292,   0.400,   2.592
202603111706,   3.024,9999.000,9999.000,9999.000,9999.000,9999.000,9999.000,9999.000,9999.000
202603111712,   3.044,9999.000,9999.000,9999.000,9999.000,9999.000,9999.000,9999.000,9999.000
202603111718,   3.063,9999.000,9999.000,9999.000,9999.000,9999.000,9999.000,9999.000,9999.000
202603111724,   3.078,9999.000,9999.000,9999.000,9999.000,9999.000,9999.000,9999.000,9999.000
202603111730,   3.091,9999.000,9999.000,9999.000,9999.000,9999.000,9999.000,9999.000,9999.000
202603111736,   3.101,9999.000,9999.000,9999.000,9999.000,9999.000,9999.000,9999.000,9999.000
202603111742,   3.108,9999.000,9999.000,9999.000,9999.000,9999.000,9999.000,9999.000,9999.000
202603111748,   3.112,9999.000,9999.000,9999.000,9999.000,9999.000,9999.000,9999.000,9999.000
202603111754,   3.112,9999.000,9999.000,9999.000,9999.000,9999.000,9999.000,9999.000,9999.000
202603111800,   3.109,9999.000,   0.300,  -0.672,   2.737,   0.100,   2.537,   0.400,   2.837
202603111806,   3.102,9999.000,9999.000,9999.000,9999.000,9999.000,9999.000,9999.000,9999.000
202603111812,   3.091,9999.000,9999.000,9999.000,9999.000,9999.000,9999.000,9999.000,9999.000
202603111818,   3.076,9999.000,9999.000,9999.000,9999.000,9999.000,9999.000,9999.000,9999.000
202603111824,   3.058,9999.000,9999.000,9999.000,9999.000,9999.000,9999.000,9999.000,9999.000
202603111830,   3.035,9999.000,9999.000,9999.000,9999.000,9999.000,9999.000,9999.000,9999.000
202603111836,   3.008,9999.000,9999.000,9999.000,9999.000,9999.000,9999.000,9999.000,9999.000
202603111842,   2.977,9999.000,9999.000,9999.000,9999.000,9999.000,9999.000,9999.000,9999.000
202603111848,   2.942,9999.000,9999.000,9999.000,9999.000,9999.000,9999.000,9999.000,9999.000
202603111854,   2.903,9999.000,9999.000,9999.000,9999.000,9999.000,9999.000,9999.000,9999.000
202603111900,   2.860,9999.000,   0.300,  -0.347,   2.813,   0.200,   2.713,   0.500,   3.013
202603111906,   2.813,9999.000,9999.000,9999.000,9999.000,9999.000,9999.000,9999.000,9999.000
202603111912,   2.764,9999.000,9999.000,9999.000,9999.000,9999.000,9999.000,9999.000,9999.000
202603111918,   2.711,9999.000,9999.000,9999.000,9999.000,9999.000,9999.000,9999.000,9999.000
202603111924,   2.655,9999.000,9999.000,9999.000,9999.000,9999.000,9999.000,9999.000,9999.000
202603111930,   2.596,9999.000,9999.000,9999.000,9999.000,9999.000,9999.000,9999.000,9999.000
202603111936,   2.536,9999.000,9999.000,9999.000,9999.000,9999.000,9999.000,9999.000,9999.000
202603111942,   2.474,9999.000,9999.000,9999.000,9999.000,9999.000,9999.000,9999.000,9999.000
202603111948,   2.410,9999.000,9999.000,9999.000,9999.000,9999.000,9999.000,9999.000,9999.000
202603111954,   2.346,9999.000,9999.000,9999.000,9999.000,9999.000,9999.000,9999.000,9999.000
202603112000,   2.281,9999.000,   0.300,  -0.006,   2.575,   0.200,   2.475,   0.500,   2.775
202603112006,   2.215,9999.000,9999.000,9999.000,9999.000,9999.000,9999.000,9999.000,9999.000
202603112012,   2.151,9999.000,9999.000,9999.000,9999.000,9999.000,9999.000,9999.000,9999.000
202603112018,   2.086,9999.000,9999.000,9999.000,9999.000,9999.000,9999.000,9999.000,9999.000
202603112024,   2.023,9999.000,9999.000,9999.000,9999.000,9999.000,9999.000,9999.000,9999.000
202603112030,   1.961,9999.000,9999.000,9999.000,9999.000,9999.000,9999.000,9999.000,9999.000
202603112036,   1.901,9999.000,9999.000,9999.000,9999.000,9999.000,9999.000,9999.000,9999.000
202603112042,   1.843,9999.000,9999.000,9999.000,9999.000,9999.000,9999.000,9999.000,9999.000
202603112048,   1.787,9999.000,9999.000,9999.000,9999.000,9999.000,9999.000,9999.000,9999.000
202603112054,   1.733,9999.000,9999.000,9999.000,9999.000,9999.000,9999.000,9999.000,9999.000
202603112100,   1.681,9999.000,   0.400,   0.228,   2.309,   0.200,   2.109,   0.500,   2.409
202603112106,   1.632,9999.000,9999.000,9999.000,9999.000,9999.000,9999.000,9999.000,9999.000
202603112112,   1.585,9999.000,9999.000,9999.000,9999.000,9999.000,9999.000,9999.000,9999.000
202603112118,   1.541,9999.000,9999.000,9999.000,9999.000,9999.000,9999.000,9999.000,9999.000
202603112124,   1.499,9999.000,9999.000,9999.000,9999.000,9999.000,9999.000,9999.000,9999.000
202603112130,   1.460,9999.000,9999.000,9999.000,9999.000,9999.000,9999.000,9999.000,9999.000
202603112136,   1.424,9999.000,9999.000,9999.000,9999.000,9999.000,9999.000,9999.000,9999.000
202603112142,   1.389,9999.000,9999.000,9999.000,9999.000,9999.000,9999.000,9999.000,9999.000
202603112148,   1.357,9999.000,9999.000,9999.000,9999.000,9999.000,9999.000,9999.000,9999.000
202603112154,   1.327,9999.000,9999.000,9999.000,9999.000,9999.000,9999.000,9999.000,9999.000
202603112200,   1.299,9999.000,   0.400,   0.311,   2.010,   0.200,   1.810,   0.500,   2.110
202603112206,   1.273,9999.000,9999.000,9999.000,9999.000,9999.000,9999.000,9999.000,9999.000
202603112212,   1.248,9999.000,9999.000,9999.000,9999.000,9999.000,9999.000,9999.000,9999.000
202603112218,   1.226,9999.000,9999.000,9999.000,9999.000,9999.000,9999.000,9999.000,9999.000
202603112224,   1.205,9999.000,9999.000,9999.000,9999.000,9999.000,9999.000,9999.000,9999.000
202603112230,   1.185,9999.000,9999.000,9999.000,9999.000,9999.000,9999.000,9999.000,9999.000
202603112236,   1.167,9999.000,9999.000,9999.000,9999.000,9999.000,9999.000,9999.000,9999.000
202603112242,   1.150,9999.000,9999.000,9999.000,9999.000,9999.000,9999.000,9999.000,9999.000
202603112248,   1.135,9999.000,9999.000,9999.000,9999.000,9999.000,9999.000,9999.000,9999.000
202603112254,   1.121,9999.000,9999.000,9999.000,9999.000,9999.000,9999.000,9999.000,9999.000
202603112300,   1.109,9999.000,   0.400,   0.253,   1.762,   0.200,   1.562,   0.500,   1.862
202603112306,   1.098,9999.000,9999.000,9999.000,9999.000,9999.000,9999.000,9999.000,9999.000
202603112312,   1.088,9999.000,9999.000,9999.000,9999.000,9999.000,9999.000,9999.000,9999.000
202603112318,   1.081,9999.000,9999.000,9999.000,9999.000,9999.000,9999.000,9999.000,9999.000
202603112324,   1.075,9999.000,9999.000,9999.000,9999.000,9999.000,9999.000,9999.000,9999.000
202603112330,   1.070,9999.000,9999.000,9999.000,9999.000,9999.000,9999.000,9999.000,9999.000
202603112336,   1.068,9999.000,9999.000,9999.000,9999.000,9999.000,9999.000,9999.000,9999.000
202603112342,   1.069,9999.000,9999.000,9999.000,9999.000,9999.000,9999.000,9999.000,9999.000
202603112348,   1.071,9999.000,9999.000,9999.000,9999.000,9999.000,9999.000,9999.000,9999.000
202603112354,   1.076,9999.000,9999.000,9999.000,9999.000,9999.000,9999.000,9999.000,9999.000
202603120000,   1.083,9999.000,   0.400,   0.101,   1.584,   0.100,   1.284,   0.500,   1.684
202603120006,   1.093,9999.000,9999.000,9999.000,9999.000,9999.000,9999.000,9999.000,9999.000
202603120012,   1.106,9999.000,9999.000,9999.000,9999.000,9999.000,9999.000,9999.000,9999.000
202603120018,   1.122,9999.000,9999.000,9999.000,9999.000,9999.000,9999.000,9999.000,9999.000
202603120024,   1.141,9999.000,9999.000,9999.000,9999.000,9999.000,9999.000,9999.000,9999.000
202603120030,   1.163,9999.000,9999.000,9999.000,9999.000,9999.000,9999.000,9999.000,9999.000
202603120036,   1.189,9999.000,9999.000,9999.000,9999.000,9999.000,9999.000,9999.000,9999.000
202603120042,   1.217,9999.000,9999.000,9999.000,9999.000,9999.000,9999.000,9999.000,9999.000
202603120048,   1.249,9999.000,9999.000,9999.000,9999.000,9999.000,9999.000,9999.000,9999.000
202603120054,   1.284,9999.000,9999.000,9999.000,9999.000,9999.000,9999.000,9999.000,9999.000
202603120100,   1.322,9999.000,   0.300,  -0.082,   1.540,   0.100,   1.340,   0.500,   1.740
202603120106,   1.363,9999.000,9999.000,9999.000,9999.000,9999.000,9999.000,9999.000,9999.000
202603120112,   1.407,9999.000,9999.000,9999.000,9999.000,9999.000,9999.000,9999.000,9999.000
202603120118,   1.454,9999.000,9999.000,9999.000,9999.000,9999.000,9999.000,9999.000,9999.000
202603120124,   1.503,9999.000,9999.000,9999.000,9999.000,9999.000,9999.000,9999.000,9999.000
202603120130,   1.555,9999.000,9999.000,9999.000,9999.000,9999.000,9999.000,9999.000,9999.000
202603120136,   1.610,9999.000,9999.000,9999.000,9999.000,9999.000,9999.000,9999.000,9999.000
202603120142,   1.666,9999.000,9999.000,9999.000,9999.000,9999.000,9999.000,9999.000,9999.000
202603120148,   1.725,9999.000,9999.000,9999.000,9999.000,9999.000,9999.000,9999.000,9999.000
202603120154,   1.785,9999.000,9999.000,9999.000,9999.000,9999.000,9999.000,9999.000,9999.000
202603120200,   1.847,9999.000,   0.300,  -0.271,   1.876,   0.000,   1.576,   0.500,   2.076
202603120206,   1.910,9999.000,9999.000,9999.000,9999.000,9999.000,9999.000,9999.000,9999.000
202603120212,   1.975,9999.000,9999.000,9999.000,9999.000,9999.000,9999.000,9999.000,9999.000
202603120218,   2.040,9999.000,9999.000,9999.000,9999.000,9999.000,9999.000,9999.000,9999.000
202603120224,   2.105,9999.000,9999.000,9999.000,9999.000,9999.000,9999.000,9999.000,9999.000
202603120230,   2.171,9999.000,9999.000,9999.000,9999.000,9999.000,9999.000,9999.000,9999.000
202603120236,   2.237,9999.000,9999.000,9999.000,9999.000,9999.000,9999.000,9999.000,9999.000
202603120242,   2.303,9999.000,9999.000,9999.000,9999.000,9999.000,9999.000,9999.000,9999.000
202603120248,   2.369,9999.000,9999.000,9999.000,9999.000,9999.000,9999.000,9999.000,9999.000
202603120254,   2.435,9999.000,9999.000,9999.000,9999.000,9999.000,9999.000,9999.000,9999.000
202603120300,   2.499,9999.000,   0.300,  -0.468,   2.331,   0.000,   2.031,   0.600,   2.631
202603120306,   2.563,9999.000,9999.000,9999.000,9999.000,9999.000,9999.000,9999.000,9999.000
202603120312,   2.626,9999.000,9999.000,9999.000,9999.000,9999.000,9999.000,9999.000,9999.000
202603120318,   2.688,9999.000,9999.000,9999.000,9999.000,9999.000,9999.000,9999.000,9999.000
202603120324,   2.748,9999.000,9999.000,9999.000,9999.000,9999.000,9999.000,9999.000,9999.000
202603120330,   2.808,9999.000,9999.000,9999.000,9999.000,9999.000,9999.000,9999.000,9999.000
202603120336,   2.866,9999.000,9999.000,9999.000,9999.000,9999.000,9999.000,9999.000,9999.000
202603120342,   2.922,9999.000,9999.000,9999.000,9999.000,9999.000,9999.000,9999.000,9999.000
202603120348,   2.977,9999.000,9999.000,9999.000,9999.000,9999.000,9999.000,9999.000,9999.000
202603120354,   3.031,9999.000,9999.000,9999.000,9999.000,9999.000,9999.000,9999.000,9999.000
202603120400,   3.082,9999.000,   0.300,  -0.628,   2.754,   0.000,   2.454,   0.600,   3.054
202603120406,   3.133,9999.000,9999.000,9999.000,9999.000,9999.000,9999.000,9999.000,9999.000
202603120412,   3.181,9999.000,9999.000,9999.000,9999.000,9999.000,9999.000,9999.000,9999.000
202603120418,   3.228,9999.000,9999.000,9999.000,9999.000,9999.000,9999.000,9999.000,9999.000
202603120424,   3.273,9999.000,9999.000,9999.000,9999.000,9999.000,9999.000,9999.000,9999.000
202603120430,   3.317,9999.000,9999.000,9999.000,9999.000,9999.000,9999.000,9999.000,9999.000
202603120436,   3.358,9999.000,9999.000,9999.000,9999.000,9999.000,9999.000,9999.000,9999.000
202603120442,   3.398,9999.000,9999.000,9999.000,9999.000,9999.000,9999.000,9999.000,9999.000
202603120448,   3.436,9999.000,9999.000,9999.000,9999.000,9999.000,9999.000,9999.000,9999.000
202603120454,   3.472,9999.000,9999.000,9999.000,9999.000,9999.000,9999.000,9999.000,9999.000
202603120500,   3.507,9999.000,   0.300,  -0.189,   3.618,   0.000,   3.318,   0.600,   3.918
202603120506,   3.539,9999.000,9999.000,9999.000,9999.000,9999.000,9999.000,9999.000,9999.000
202603120512,   3.569,9999.000,9999.000,9999.000,9999.000,9999.000,9999.000,9999.000,9999.000
202603120518,   3.597,9999.000,9999.000,9999.000,9999.000,9999.000,9999.000,9999.000,9999.000
202603120524,   3.623,9999.000,9999.000,9999.000,9999.000,9999.000,9999.000,9999.000,9999.000
202603120530,   3.646,9999.000,9999.000,9999.000,9999.000,9999.000,9999.000,9999.000,9999.000
202603120536,   3.667,9999.000,9999.000,9999.000,9999.000,9999.000,9999.000,9999.000,9999.000
202603120542,   3.685,9999.000,9999.000,9999.000,9999.000,9999.000,9999.000,9999.000,9999.000
202603120548,   3.701,9999.000,9999.000,9999.000,9999.000,9999.000,9999.000,9999.000,9999.000
202603120554,   3.713,9999.000,9999.000,9999.000,9999.000,9999.000,9999.000,9999.000,9999.000
202603120600,   3.723,9999.000,   0.300,  -0.189,   3.834,   0.000,   3.534,   0.600,   4.134
