        TIME,    TIDE,      OB,   SURGE,    BIAS,     TWL,SURGE90p,  TWL90p,SURGE10p,   TWL10p
202605150000,   3.171,   3.909,   0.600,   0.138,   3.909,   0.500,   3.809,   0.600,   3.909
202605150006,   3.137,9999.000,9999.000,9999.000,9999.000,9999.000,9999.000,9999.000,9999.000
202605150012,   3.099,   3.749,9999.000,9999.000,9999.000,9999.000,9999.000,9999.000,9999.000
202605150018,   3.059,9999.000,9999.000,9999.000,9999.000,9999.000,9999.000,9999.000,9999.000
202605150024,   3.016,   3.660,9999.000,9999.000,9999.000,9999.000,9999.000,9999.000,9999.000
202605150030,   2.971,9999.000,9999.000,9999.000,9999.000,9999.000,9999.000,9999.000,9999.000
202605150036,   2.922,   3.588,9999.000,9999.000,9999.000,9999.000,9999.000,9999.000,9999.000
202605150042,   2.871,9999.000,9999.000,9999.000,9999.000,9999.000,9999.000,9999.000,9999.000
202605150048,   2.818,   3.489,9999.000,9999.000,9999.000,9999.000,9999.000,9999.000,9999.000
202605150054,   2.761,9999.000,9999.000,9999.000,9999.000,9999.000,9999.000,9999.000,9999.000
202605150100,   2.703,   3.407,   0.600,   0.104,   3.407,   0.500,   3.307,   0.600,   3.407
202605150106,   2.641,   3.168,9999.000,9999.000,9999.000,9999.000,9999.000,9999.000,9999.000
202605150112,   2.578,   3.230,9999.000,9999.000,9999.000,9999.000,9999.000,9999.000,9999.000
202605150118,   2.512,   3.060,9999.000,9999.000,9999.000,9999.000,9999.000,9999.000,9999.000
202605150124,   2.443,   3.017,9999.000,9999.000,9999.000,9999.000,9999.000,9999.000,9999.000
202605150130,   2.372,   2.909,9999.000,9999.000,9999.000,9999.000,9999.000,9999.000,9999.000
202605150136,   2.299,   2.778,9999.000,9999.000,9999.000,9999.000,9999.000,9999.000,9999.000
202605150142,   2.224,   2.728,9999.000,9999.000,9999.000,9999.000,9999.000,9999.000,9999.000
202605150148,   2.147,   2.650,9999.000,9999.000,9999.000,9999.000,9999.000,9999.000,9999.000
202605150154,   2.069,   2.489,9999.000,9999.000,9999.000,9999.000,9999.000,9999.000,9999.000
202605150200,   1.988,   2.377,   0.600,  -0.211,   2.377,   0.500,   2.277,   0.600,   2.377
202605150206,   1.906,   2.269,9999.000,9999.000,9999.000,9999.000,9999.000,9999.000,9999.000
202605150212,   1.823,   2.177,9999.000,9999.000,9999.000,9999.000,9999.000,9999.000,9999.000
202605150218,   1.739,   2.138,9999.000,9999.000,9999.000,9999.000,9999.000,9999.000,9999.000
202605150224,   1.654,   2.059,9999.000,9999.000,9999.000,9999.000,9999.000,9999.000,9999.000
202605150230,   1.568,   1.918,9999.000,9999.000,9999.000,9999.000,9999.000,9999.000,9999.000
202605150236,   1.482,   1.859,9999.000,9999.000,9999.000,9999.000,9999.000,9999.000,9999.000
202605150242,   1.396,   1.748,9999.000,9999.000,9999.000,9999.000,9999.000,9999.000,9999.000
202605150248,   1.310,   1.718,9999.000,9999.000,9999.000,9999.000,9999.000,9999.000,9999.000
202605150254,   1.225,   1.620,9999.000,9999.000,9999.000,9999.000,9999.000,9999.000,9999.000
202605150300,   1.140,   1.498,   0.600,  -0.242,   1.498,   0.500,   1.398,   0.600,   1.498
202605150306,   1.056,   1.400,9999.000,9999.000,9999.000,9999.000,9999.000,9999.000,9999.000
202605150312,   0.974,   1.361,9999.000,9999.000,9999.000,9999.000,9999.000,9999.000,9999.000
202605150318,   0.893,   1.279,9999.000,9999.000,9999.000,9999.000,9999.000,9999.000,9999.000
202605150324,   0.814,   1.138,9999.000,9999.000,9999.000,9999.000,9999.000,9999.000,9999.000
202605150330,   0.737,   1.059,9999.000,9999.000,9999.000,9999.000,9999.000,9999.000,9999.000
202605150336,   0.662,   1.029,9999.000,9999.000,9999.000,9999.000,9999.000,9999.000,9999.000
202605150342,   0.590,   0.980,9999.000,9999.000,9999.000,9999.000,9999.000,9999.000,9999.000
202605150348,   0.521,   0.859,9999.000,9999.000,9999.000,9999.000,9999.000,9999.000,9999.000
202605150354,   0.454,   0.869,9999.000,9999.000,9999.000,9999.000,9999.000,9999.000,9999.000
202605150400,   0.391,   0.760,   0.500,  -0.131,   0.760,   0.400,   0.660,   0.500,   0.760
202605150406,   0.331,   0.688,9999.000,9999.000,9999.000,9999.000,9999.000,9999.000,9999.000
202605150412,   0.275,   0.629,9999.000,9999.000,9999.000,9999.000,9999.000,9999.000,9999.000
202605150418,   0.222,   0.590,9999.000,9999.000,9999.000,9999.000,9999.000,9999.000,9999.000
202605150424,   0.173,   0.551,9999.000,9999.000,9999.000,9999.000,9999.000,9999.000,9999.000
202605150430,   0.128,   0.429,9999.000,9999.000,9999.000,9999.000,9999.000,9999.000,9999.000
202605150436,   0.086,   0.341,9999.000,9999.000,9999.000,9999.000,9999.000,9999.000,9999.000
202605150442,   0.049,   0.390,9999.000,9999.000,9999.000,9999.000,9999.000,9999.000,9999.000
202605150448,   0.016,   0.321,9999.000,9999.000,9999.000,9999.000,9999.000,9999.000,9999.000
202605150454,  -0.013,   0.390,9999.000,9999.000,9999.000,9999.000,9999.000,9999.000,9999.000
202605150500,  -0.038,   0.380,   0.400,   0.018,   0.380,   0.400,   0.380,   0.500,   0.480
202605150506,  -0.059,   0.190,9999.000,9999.000,9999.000,9999.000,9999.000,9999.000,9999.000
202605150512,  -0.076,   0.200,9999.000,9999.000,9999.000,9999.000,9999.000,9999.000,9999.000
202605150518,  -0.089,   0.249,9999.000,9999.000,9999.000,9999.000,9999.000,9999.000,9999.000
202605150524,  -0.098,   0.170,9999.000,9999.000,9999.000,9999.000,9999.000,9999.000,9999.000
202605150530,  -0.103,   0.200,9999.000,9999.000,9999.000,9999.000,9999.000,9999.000,9999.000
202605150536,  -0.103,   0.259,9999.000,9999.000,9999.000,9999.000,9999.000,9999.000,9999.000
202605150542,  -0.100,   0.308,9999.000,9999.000,9999.000,9999.000,9999.000,9999.000,9999.000
202605150548,  -0.093,   0.278,9999.000,9999.000,9999.000,9999.000,9999.000,9999.000,9999.000
202605150554,  -0.082,   0.249,9999.000,9999.000,9999.000,9999.000,9999.000,9999.000,9999.000
202605150600,  -0.067,   0.239,   0.300,   0.006,   0.239,   0.200,   0.139,   0.400,   0.339
202605150606,  -0.048,   0.321,9999.000,9999.000,9999.000,9999.000,9999.000,9999.000,9999.000
202605150612,  -0.026,   0.360,9999.000,9999.000,9999.000,9999.000,9999.000,9999.000,9999.000
202605150618,   0.000,   0.331,9999.000,9999.000,9999.000,9999.000,9999.000,9999.000,9999.000
202605150624,   0.029,   0.331,9999.000,9999.000,9999.000,9999.000,9999.000,9999.000,9999.000
202605150630,   0.062,   0.390,9999.000,9999.000,9999.000,9999.000,9999.000,9999.000,9999.000
202605150636,   0.099,   0.439,9999.000,9999.000,9999.000,9999.000,9999.000,9999.000,9999.000
202605150642,   0.138,   0.459,9999.000,9999.000,9999.000,9999.000,9999.000,9999.000,9999.000
202605150648,   0.181,   0.488,9999.000,9999.000,9999.000,9999.000,9999.000,9999.000,9999.000
202605150654,   0.227,   0.498,9999.000,9999.000,9999.000,9999.000,9999.000,9999.000,9999.000
202605150700,   0.276,   0.498,   0.300,  -0.078,   0.498,   0.200,   0.398,   0.400,   0.598
202605150706,   0.327,   0.560,9999.000,9999.000,9999.000,9999.000,9999.000,9999.000,9999.000
202605150712,   0.382,   0.600,9999.000,9999.000,9999.000,9999.000,9999.000,9999.000,9999.000
202605150718,   0.438,   0.718,9999.000,9999.000,9999.000,9999.000,9999.000,9999.000,9999.000
202605150724,   0.498,   0.731,9999.000,9999.000,9999.000,9999.000,9999.000,9999.000,9999.000
202605150730,   0.559,   0.790,9999.000,9999.000,9999.000,9999.000,9999.000,9999.000,9999.000
202605150736,   0.622,   0.839,9999.000,9999.000,9999.000,9999.000,9999.000,9999.000,9999.000
202605150742,   0.688,   0.980,9999.000,9999.000,9999.000,9999.000,9999.000,9999.000,9999.000
202605150748,   0.755,   1.029,9999.000,9999.000,9999.000,9999.000,9999.000,9999.000,9999.000
202605150754,   0.823,   1.088,9999.000,9999.000,9999.000,9999.000,9999.000,9999.000,9999.000
202605150800,   0.893,   1.151,   0.300,  -0.042,   1.151,   0.200,   1.051,   0.400,   1.251
202605150806,   0.964,   1.170,9999.000,9999.000,9999.000,9999.000,9999.000,9999.000,9999.000
202605150812,   1.036,   1.249,9999.000,9999.000,9999.000,9999.000,9999.000,9999.000,9999.000
202605150818,   1.109,   1.328,9999.000,9999.000,9999.000,9999.000,9999.000,9999.000,9999.000
202605150824,   1.183,   1.338,9999.000,9999.000,9999.000,9999.000,9999.000,9999.000,9999.000
202605150830,   1.257,   1.459,9999.000,9999.000,9999.000,9999.000,9999.000,9999.000,9999.000
202605150836,   1.331,   1.548,9999.000,9999.000,9999.000,9999.000,9999.000,9999.000,9999.000
202605150842,   1.405,   1.571,9999.000,9999.000,9999.000,9999.000,9999.000,9999.000,9999.000
202605150848,   1.479,   1.649,9999.000,9999.000,9999.000,9999.000,9999.000,9999.000,9999.000
202605150854,   1.553,   1.699,9999.000,9999.000,9999.000,9999.000,9999.000,9999.000,9999.000
202605150900,   1.626,   1.738,   0.300,  -0.188,   1.738,   0.200,   1.638,   0.300,   1.738
202605150906,   1.698,   1.840,9999.000,9999.000,9999.000,9999.000,9999.000,9999.000,9999.000
202605150912,   1.769,   1.918,9999.000,9999.000,9999.000,9999.000,9999.000,9999.000,9999.000
202605150918,   1.838,   1.958,9999.000,9999.000,9999.000,9999.000,9999.000,9999.000,9999.000
202605150924,   1.906,   2.020,9999.000,9999.000,9999.000,9999.000,9999.000,9999.000,9999.000
202605150930,   1.972,   2.109,9999.000,9999.000,9999.000,9999.000,9999.000,9999.000,9999.000
202605150936,   2.037,   2.210,9999.000,9999.000,9999.000,9999.000,9999.000,9999.000,9999.000
202605150942,   2.099,   2.250,9999.000,9999.000,9999.000,9999.000,9999.000,9999.000,9999.000
202605150948,   2.158,   2.299,9999.000,9999.000,9999.000,9999.000,9999.000,9999.000,9999.000
202605150954,   2.215,   2.400,9999.000,9999.000,9999.000,9999.000,9999.000,9999.000,9999.000
202605151000,   2.270,   2.420,   0.300,  -0.150,   2.420,   0.200,   2.320,   0.300,   2.420
202605151006,   2.321,   2.479,9999.000,9999.000,9999.000,9999.000,9999.000,9999.000,9999.000
202605151012,   2.369,   2.568,9999.000,9999.000,9999.000,9999.000,9999.000,9999.000,9999.000
202605151018,   2.414,   2.610,9999.000,9999.000,9999.000,9999.000,9999.000,9999.000,9999.000
202605151024,   2.456,   2.620,9999.000,9999.000,9999.000,9999.000,9999.000,9999.000,9999.000
202605151030,   2.494,   2.689,9999.000,9999.000,9999.000,9999.000,9999.000,9999.000,9999.000
202605151036,   2.528,   2.728,9999.000,9999.000,9999.000,9999.000,9999.000,9999.000,9999.000
202605151042,   2.559,   2.719,9999.000,9999.000,9999.000,9999.000,9999.000,9999.000,9999.000
202605151048,   2.586,   2.768,9999.000,9999.000,9999.000,9999.000,9999.000,9999.000,9999.000
202605151054,   2.610,   2.758,9999.000,9999.000,9999.000,9999.000,9999.000,9999.000,9999.000
202605151100,   2.629,   2.820,   0.300,  -0.109,   2.820,   0.200,   2.720,   0.300,   2.820
202605151106,   2.645,   2.830,9999.000,9999.000,9999.000,9999.000,9999.000,9999.000,9999.000
202605151112,   2.657,   2.850,9999.000,9999.000,9999.000,9999.000,9999.000,9999.000,9999.000
202605151118,   2.665,   2.850,9999.000,9999.000,9999.000,9999.000,9999.000,9999.000,9999.000
202605151124,   2.670,   2.879,9999.000,9999.000,9999.000,9999.000,9999.000,9999.000,9999.000
202605151130,   2.671,   2.860,9999.000,9999.000,9999.000,9999.000,9999.000,9999.000,9999.000
202605151136,   2.669,   2.840,9999.000,9999.000,9999.000,9999.000,9999.000,9999.000,9999.000
202605151142,   2.662,   2.830,9999.000,9999.000,9999.000,9999.000,9999.000,9999.000,9999.000
202605151148,   2.653,   2.787,9999.000,9999.000,9999.000,9999.000,9999.000,9999.000,9999.000
202605151154,   2.640,   2.787,9999.000,9999.000,9999.000,9999.000,9999.000,9999.000,9999.000
202605151200,   2.624,   2.787,   0.200,  -0.037,   2.787,   0.200,   2.787,   0.300,   2.887
202605151206,   2.605,   2.748,9999.000,9999.000,9999.000,9999.000,9999.000,9999.000,9999.000
202605151212,   2.583,   2.719,9999.000,9999.000,9999.000,9999.000,9999.000,9999.000,9999.000
202605151218,   2.557,   2.709,9999.000,9999.000,9999.000,9999.000,9999.000,9999.000,9999.000
202605151224,   2.529,   2.660,9999.000,9999.000,9999.000,9999.000,9999.000,9999.000,9999.000
202605151230,   2.498,   2.669,9999.000,9999.000,9999.000,9999.000,9999.000,9999.000,9999.000
202605151236,   2.464,   2.597,9999.000,9999.000,9999.000,9999.000,9999.000,9999.000,9999.000
202605151242,   2.428,   2.587,9999.000,9999.000,9999.000,9999.000,9999.000,9999.000,9999.000
202605151248,   2.388,   2.568,9999.000,9999.000,9999.000,9999.000,9999.000,9999.000,9999.000
202605151254,   2.346,   2.519,9999.000,9999.000,9999.000,9999.000,9999.000,9999.000,9999.000
202605151300,   2.302,   2.450,   0.200,  -0.052,   2.450,   0.200,   2.450,   0.200,   2.450
202605151306,   2.255,   2.400,9999.000,9999.000,9999.000,9999.000,9999.000,9999.000,9999.000
202605151312,   2.205,   2.348,9999.000,9999.000,9999.000,9999.000,9999.000,9999.000,9999.000
202605151318,   2.153,   2.289,9999.000,9999.000,9999.000,9999.000,9999.000,9999.000,9999.000
202605151324,   2.099,   2.250,9999.000,9999.000,9999.000,9999.000,9999.000,9999.000,9999.000
202605151330,   2.042,   2.220,9999.000,9999.000,9999.000,9999.000,9999.000,9999.000,9999.000
202605151336,   1.983,   2.109,9999.000,9999.000,9999.000,9999.000,9999.000,9999.000,9999.000
202605151342,   1.921,   2.099,9999.000,9999.000,9999.000,9999.000,9999.000,9999.000,9999.000
202605151348,   1.858,   2.010,9999.000,9999.000,9999.000,9999.000,9999.000,9999.000,9999.000
202605151354,   1.792,   2.000,9999.000,9999.000,9999.000,9999.000,9999.000,9999.000,9999.000
202605151400,   1.724,   1.810,   0.200,  -0.114,   1.810,   0.200,   1.810,   0.200,   1.810
202605151406,   1.655,   1.908,9999.000,9999.000,9999.000,9999.000,9999.000,9999.000,9999.000
202605151412,   1.583,   1.728,9999.000,9999.000,9999.000,9999.000,9999.000,9999.000,9999.000
202605151418,   1.510,   1.669,9999.000,9999.000,9999.000,9999.000,9999.000,9999.000,9999.000
202605151424,   1.436,   1.548,9999.000,9999.000,9999.000,9999.000,9999.000,9999.000,9999.000
202605151430,   1.361,   1.571,9999.000,9999.000,9999.000,9999.000,9999.000,9999.000,9999.000
202605151436,   1.284,   1.528,9999.000,9999.000,9999.000,9999.000,9999.000,9999.000,9999.000
202605151442,   1.207,   1.439,9999.000,9999.000,9999.000,9999.000,9999.000,9999.000,9999.000
202605151448,   1.129,   1.298,9999.000,9999.000,9999.000,9999.000,9999.000,9999.000,9999.000
202605151454,   1.051,   1.220,9999.000,9999.000,9999.000,9999.000,9999.000,9999.000,9999.000
202605151500,   0.973,   1.200,   0.200,   0.027,   1.200,   0.100,   1.100,   0.200,   1.200
202605151506,   0.895,   0.970,9999.000,9999.000,9999.000,9999.000,9999.000,9999.000,9999.000
202605151512,   0.818,   0.908,9999.000,9999.000,9999.000,9999.000,9999.000,9999.000,9999.000
202605151518,   0.742,   0.961,9999.000,9999.000,9999.000,9999.000,9999.000,9999.000,9999.000
202605151524,   0.667,   0.918,9999.000,9999.000,9999.000,9999.000,9999.000,9999.000,9999.000
202605151530,   0.593,   0.688,9999.000,9999.000,9999.000,9999.000,9999.000,9999.000,9999.000
202605151536,   0.521,   0.669,9999.000,9999.000,9999.000,9999.000,9999.000,9999.000,9999.000
202605151542,   0.451,   0.570,9999.000,9999.000,9999.000,9999.000,9999.000,9999.000,9999.000
202605151548,   0.384,   0.531,9999.000,9999.000,9999.000,9999.000,9999.000,9999.000,9999.000
202605151554,   0.319,   0.409,9999.000,9999.000,9999.000,9999.000,9999.000,9999.000,9999.000
202605151600,   0.256,   0.370,   0.200,  -0.086,   0.370,   0.200,   0.370,   0.200,   0.370
202605151606,   0.197,   0.308,9999.000,9999.000,9999.000,9999.000,9999.000,9999.000,9999.000
202605151612,   0.142,   0.209,9999.000,9999.000,9999.000,9999.000,9999.000,9999.000,9999.000
202605151618,   0.089,   0.160,9999.000,9999.000,9999.000,9999.000,9999.000,9999.000,9999.000
202605151624,   0.041,   0.121,9999.000,9999.000,9999.000,9999.000,9999.000,9999.000,9999.000
202605151630,  -0.003,   0.029,9999.000,9999.000,9999.000,9999.000,9999.000,9999.000,9999.000
202605151636,  -0.044,   0.088,9999.000,9999.000,9999.000,9999.000,9999.000,9999.000,9999.000
202605151642,  -0.081,  -0.049,9999.000,9999.000,9999.000,9999.000,9999.000,9999.000,9999.000
202605151648,  -0.113,  -0.029,9999.000,9999.000,9999.000,9999.000,9999.000,9999.000,9999.000
202605151654,  -0.142,  -0.098,9999.000,9999.000,9999.000,9999.000,9999.000,9999.000,9999.000
202605151700,  -0.165,  -0.121,   0.200,  -0.156,  -0.121,   0.200,  -0.121,   0.200,  -0.121
202605151706,  -0.185,  -0.121,9999.000,9999.000,9999.000,9999.000,9999.000,9999.000,9999.000
202605151712,  -0.200,  -0.150,9999.000,9999.000,9999.000,9999.000,9999.000,9999.000,9999.000
202605151718,  -0.210,  -0.121,9999.000,9999.000,9999.000,9999.000,9999.000,9999.000,9999.000
202605151724,  -0.216,  -0.150,9999.000,9999.000,9999.000,9999.000,9999.000,9999.000,9999.000
202605151730,  -0.217,  -0.131,9999.000,9999.000,9999.000,9999.000,9999.000,9999.000,9999.000
202605151736,  -0.214,  -0.131,9999.000,9999.000,9999.000,9999.000,9999.000,9999.000,9999.000
202605151742,  -0.206,  -0.150,9999.000,9999.000,9999.000,9999.000,9999.000,9999.000,9999.000
202605151748,  -0.194,  -0.141,9999.000,9999.000,9999.000,9999.000,9999.000,9999.000,9999.000
202605151754,  -0.177,  -0.088,9999.000,9999.000,9999.000,9999.000,9999.000,9999.000,9999.000
202605151800,  -0.156,  -0.059,   0.200,  -0.103,  -0.059,   0.200,  -0.059,   0.300,   0.041
202605151806,  -0.131,  -0.009,9999.000,9999.000,9999.000,9999.000,9999.000,9999.000,9999.000
202605151812,  -0.102,   0.009,9999.000,9999.000,9999.000,9999.000,9999.000,9999.000,9999.000
202605151818,  -0.068,   0.068,9999.000,9999.000,9999.000,9999.000,9999.000,9999.000,9999.000
202605151824,  -0.030,   0.111,9999.000,9999.000,9999.000,9999.000,9999.000,9999.000,9999.000
202605151830,   0.011,   0.141,9999.000,9999.000,9999.000,9999.000,9999.000,9999.000,9999.000
202605151836,   0.057,   0.229,9999.000,9999.000,9999.000,9999.000,9999.000,9999.000,9999.000
202605151842,   0.106,   0.259,9999.000,9999.000,9999.000,9999.000,9999.000,9999.000,9999.000
202605151848,   0.160,   0.331,9999.000,9999.000,9999.000,9999.000,9999.000,9999.000,9999.000
202605151854,   0.217,   0.409,9999.000,9999.000,9999.000,9999.000,9999.000,9999.000,9999.000
202605151900,   0.277,   0.488,   0.200,   0.011,   0.488,   0.200,   0.488,   0.300,   0.588
202605151906,   0.341,   0.541,9999.000,9999.000,9999.000,9999.000,9999.000,9999.000,9999.000
202605151912,   0.408,   0.600,9999.000,9999.000,9999.000,9999.000,9999.000,9999.000,9999.000
202605151918,   0.478,   0.678,9999.000,9999.000,9999.000,9999.000,9999.000,9999.000,9999.000
202605151924,   0.550,   0.760,9999.000,9999.000,9999.000,9999.000,9999.000,9999.000,9999.000
202605151930,   0.626,   0.829,9999.000,9999.000,9999.000,9999.000,9999.000,9999.000,9999.000
202605151936,   0.704,   0.941,9999.000,9999.000,9999.000,9999.000,9999.000,9999.000,9999.000
202605151942,   0.784,   1.020,9999.000,9999.000,9999.000,9999.000,9999.000,9999.000,9999.000
202605151948,   0.867,   1.108,9999.000,9999.000,9999.000,9999.000,9999.000,9999.000,9999.000
202605151954,   0.951,   1.200,9999.000,9999.000,9999.000,9999.000,9999.000,9999.000,9999.000
202605152000,   1.037,   1.289,   0.200,   0.052,   1.289,   0.200,   1.289,   0.300,   1.389
202605152006,   1.125,   1.371,9999.000,9999.000,9999.000,9999.000,9999.000,9999.000,9999.000
202605152012,   1.214,   1.459,9999.000,9999.000,9999.000,9999.000,9999.000,9999.000,9999.000
202605152018,   1.305,   1.538,9999.000,9999.000,9999.000,9999.000,9999.000,9999.000,9999.000
202605152024,   1.396,   1.639,9999.000,9999.000,9999.000,9999.000,9999.000,9999.000,9999.000
202605152030,   1.488,   1.738,9999.000,9999.000,9999.000,9999.000,9999.000,9999.000,9999.000
202605152036,   1.580,   1.849,9999.000,9999.000,9999.000,9999.000,9999.000,9999.000,9999.000
202605152042,   1.673,   1.938,9999.000,9999.000,9999.000,9999.000,9999.000,9999.000,9999.000
202605152048,   1.766,   2.059,9999.000,9999.000,9999.000,9999.000,9999.000,9999.000,9999.000
202605152054,   1.858,   2.148,9999.000,9999.000,9999.000,9999.000,9999.000,9999.000,9999.000
202605152100,   1.950,   2.220,   0.300,  -0.030,   2.220,   0.200,   2.120,   0.300,   2.220
202605152106,   2.042,   2.328,9999.000,9999.000,9999.000,9999.000,9999.000,9999.000,9999.000
202605152112,   2.132,   2.387,9999.000,9999.000,9999.000,9999.000,9999.000,9999.000,9999.000
202605152118,   2.222,   2.489,9999.000,9999.000,9999.000,9999.000,9999.000,9999.000,9999.000
202605152124,   2.310,   2.568,9999.000,9999.000,9999.000,9999.000,9999.000,9999.000,9999.000
202605152130,   2.396,   2.660,9999.000,9999.000,9999.000,9999.000,9999.000,9999.000,9999.000
202605152136,   2.481,   2.738,9999.000,9999.000,9999.000,9999.000,9999.000,9999.000,9999.000
202605152142,   2.563,   2.840,9999.000,9999.000,9999.000,9999.000,9999.000,9999.000,9999.000
202605152148,   2.644,   2.909,9999.000,9999.000,9999.000,9999.000,9999.000,9999.000,9999.000
202605152154,   2.722,   2.988,9999.000,9999.000,9999.000,9999.000,9999.000,9999.000,9999.000
202605152200,   2.797,   3.079,   0.300,  -0.018,   3.079,   0.200,   2.979,   0.300,   3.079
202605152206,   2.869,   3.148,9999.000,9999.000,9999.000,9999.000,9999.000,9999.000,9999.000
202605152212,   2.938,   3.207,9999.000,9999.000,9999.000,9999.000,9999.000,9999.000,9999.000
202605152218,   3.004,   3.279,9999.000,9999.000,9999.000,9999.000,9999.000,9999.000,9999.000
202605152224,   3.067,   3.329,9999.000,9999.000,9999.000,9999.000,9999.000,9999.000,9999.000
202605152230,   3.125,   3.388,9999.000,9999.000,9999.000,9999.000,9999.000,9999.000,9999.000
202605152236,   3.180,   3.450,9999.000,9999.000,9999.000,9999.000,9999.000,9999.000,9999.000
202605152242,   3.232,   3.489,9999.000,9999.000,9999.000,9999.000,9999.000,9999.000,9999.000
202605152248,   3.279,   3.558,9999.000,9999.000,9999.000,9999.000,9999.000,9999.000,9999.000
202605152254,   3.322,   3.588,9999.000,9999.000,9999.000,9999.000,9999.000,9999.000,9999.000
202605152300,   3.361,   3.637,   0.300,  -0.024,   3.637,   0.200,   3.537,   0.300,   3.637
202605152306,   3.396,   3.650,9999.000,9999.000,9999.000,9999.000,9999.000,9999.000,9999.000
202605152312,   3.426,   3.670,9999.000,9999.000,9999.000,9999.000,9999.000,9999.000,9999.000
202605152318,   3.453,   3.719,9999.000,9999.000,9999.000,9999.000,9999.000,9999.000,9999.000
202605152324,   3.475,   3.739,9999.000,9999.000,9999.000,9999.000,9999.000,9999.000,9999.000
202605152330,   3.492,   3.768,9999.000,9999.000,9999.000,9999.000,9999.000,9999.000,9999.000
202605152336,   3.506,   3.758,9999.000,9999.000,9999.000,9999.000,9999.000,9999.000,9999.000
202605152342,   3.515,   3.798,9999.000,9999.000,9999.000,9999.000,9999.000,9999.000,9999.000
202605152348,   3.520,   3.798,9999.000,9999.000,9999.000,9999.000,9999.000,9999.000,9999.000
202605152354,   3.521,   3.798,9999.000,9999.000,9999.000,9999.000,9999.000,9999.000,9999.000
202605160000,   3.518,   3.788,   0.300,  -0.030,   3.788,   0.200,   3.688,   0.300,   3.788
202605160006,   3.511,   3.788,9999.000,9999.000,9999.000,9999.000,9999.000,9999.000,9999.000
202605160012,   3.501,   3.739,9999.000,9999.000,9999.000,9999.000,9999.000,9999.000,9999.000
202605160018,   3.486,   3.739,9999.000,9999.000,9999.000,9999.000,9999.000,9999.000,9999.000
202605160024,   3.468,   3.719,9999.000,9999.000,9999.000,9999.000,9999.000,9999.000,9999.000
202605160030,   3.446,   3.680,9999.000,9999.000,9999.000,9999.000,9999.000,9999.000,9999.000
202605160036,   3.421,   3.670,9999.000,9999.000,9999.000,9999.000,9999.000,9999.000,9999.000
202605160042,   3.392,   3.607,9999.000,9999.000,9999.000,9999.000,9999.000,9999.000,9999.000
202605160048,   3.360,   3.617,9999.000,9999.000,9999.000,9999.000,9999.000,9999.000,9999.000
202605160054,   3.325,   3.558,9999.000,9999.000,9999.000,9999.000,9999.000,9999.000,9999.000
202605160100,   3.286,   3.509,   0.200,   0.023,   3.509,   0.200,   3.509,   0.300,   3.609
202605160106,   3.245,   3.480,9999.000,9999.000,9999.000,9999.000,9999.000,9999.000,9999.000
202605160112,   3.200,   3.440,9999.000,9999.000,9999.000,9999.000,9999.000,9999.000,9999.000
202605160118,   3.152,   3.378,9999.000,9999.000,9999.000,9999.000,9999.000,9999.000,9999.000
202605160124,   3.101,   3.299,9999.000,9999.000,9999.000,9999.000,9999.000,9999.000,9999.000
202605160130,   3.048,   3.260,9999.000,9999.000,9999.000,9999.000,9999.000,9999.000,9999.000
202605160136,   2.991,   3.207,9999.000,9999.000,9999.000,9999.000,9999.000,9999.000,9999.000
202605160142,   2.931,   3.138,9999.000,9999.000,9999.000,9999.000,9999.000,9999.000,9999.000
202605160148,   2.869,   3.119,9999.000,9999.000,9999.000,9999.000,9999.000,9999.000,9999.000
202605160154,   2.803,   3.050,9999.000,9999.000,9999.000,9999.000,9999.000,9999.000,9999.000
202605160200,   2.735,   2.968,   0.200,   0.033,   2.968,   0.200,   2.968,   0.300,   3.068
202605160206,   2.665,   2.909,9999.000,9999.000,9999.000,9999.000,9999.000,9999.000,9999.000
202605160212,   2.591,   2.778,9999.000,9999.000,9999.000,9999.000,9999.000,9999.000,9999.000
202605160218,   2.515,   2.699,9999.000,9999.000,9999.000,9999.000,9999.000,9999.000,9999.000
202605160224,   2.437,   2.610,9999.000,9999.000,9999.000,9999.000,9999.000,9999.000,9999.000
202605160230,   2.356,   2.509,9999.000,9999.000,9999.000,9999.000,9999.000,9999.000,9999.000
202605160236,   2.274,   2.420,9999.000,9999.000,9999.000,9999.000,9999.000,9999.000,9999.000
202605160242,   2.189,   2.309,9999.000,9999.000,9999.000,9999.000,9999.000,9999.000,9999.000
202605160248,   2.102,   2.210,9999.000,9999.000,9999.000,9999.000,9999.000,9999.000,9999.000
202605160254,   2.014,   2.109,9999.000,9999.000,9999.000,9999.000,9999.000,9999.000,9999.000
202605160300,   1.924,   2.000,   0.200,  -0.124,   2.000,   0.200,   2.000,   0.200,   2.000
202605160306,   1.833,   1.918,9999.000,9999.000,9999.000,9999.000,9999.000,9999.000,9999.000
202605160312,   1.741,   1.830,9999.000,9999.000,9999.000,9999.000,9999.000,9999.000,9999.000
202605160318,   1.648,   1.699,9999.000,9999.000,9999.000,9999.000,9999.000,9999.000,9999.000
202605160324,   1.555,   1.600,9999.000,9999.000,9999.000,9999.000,9999.000,9999.000,9999.000
202605160330,   1.461,   1.498,9999.000,9999.000,9999.000,9999.000,9999.000,9999.000,9999.000
202605160336,   1.368,   1.390,9999.000,9999.000,9999.000,9999.000,9999.000,9999.000,9999.000
202605160342,   1.275,   1.308,9999.000,9999.000,9999.000,9999.000,9999.000,9999.000,9999.000
202605160348,   1.182,   1.210,9999.000,9999.000,9999.000,9999.000,9999.000,9999.000,9999.000
202605160354,   1.091,   1.118,9999.000,9999.000,9999.000,9999.000,9999.000,9999.000,9999.000
202605160400,   1.001,   1.029,   0.200,  -0.172,   1.029,   0.100,   0.929,   0.200,   1.029
202605160406,   0.912,   0.961,9999.000,9999.000,9999.000,9999.000,9999.000,9999.000,9999.000
202605160412,   0.826,   0.839,9999.000,9999.000,9999.000,9999.000,9999.000,9999.000,9999.000
202605160418,   0.741,   0.800,9999.000,9999.000,9999.000,9999.000,9999.000,9999.000,9999.000
202605160424,   0.659,   0.688,9999.000,9999.000,9999.000,9999.000,9999.000,9999.000,9999.000
202605160430,   0.579,   0.639,9999.000,9999.000,9999.000,9999.000,9999.000,9999.000,9999.000
202605160436,   0.502,   0.590,9999.000,9999.000,9999.000,9999.000,9999.000,9999.000,9999.000
202605160442,   0.428,   0.488,9999.000,9999.000,9999.000,9999.000,9999.000,9999.000,9999.000
202605160448,   0.357,   0.429,9999.000,9999.000,9999.000,9999.000,9999.000,9999.000,9999.000
202605160454,   0.290,   0.350,9999.000,9999.000,9999.000,9999.000,9999.000,9999.000,9999.000
202605160500,   0.226,   0.278,   0.100,  -0.048,   0.278,   0.100,   0.278,   0.200,   0.378
202605160506,   0.166,   0.249,9999.000,9999.000,9999.000,9999.000,9999.000,9999.000,9999.000
202605160512,   0.110,   0.190,9999.000,9999.000,9999.000,9999.000,9999.000,9999.000,9999.000
202605160518,   0.058,   0.121,9999.000,9999.000,9999.000,9999.000,9999.000,9999.000,9999.000
202605160524,   0.010,   0.111,9999.000,9999.000,9999.000,9999.000,9999.000,9999.000,9999.000
202605160530,  -0.033,   0.019,9999.000,9999.000,9999.000,9999.000,9999.000,9999.000,9999.000
202605160536,  -0.073,  -0.009,9999.000,9999.000,9999.000,9999.000,9999.000,9999.000,9999.000
202605160542,  -0.108,  -0.029,9999.000,9999.000,9999.000,9999.000,9999.000,9999.000,9999.000
202605160548,  -0.140,  -0.049,9999.000,9999.000,9999.000,9999.000,9999.000,9999.000,9999.000
202605160554,  -0.166,  -0.078,9999.000,9999.000,9999.000,9999.000,9999.000,9999.000,9999.000
202605160600,  -0.189,  -0.121,   0.200,  -0.132,  -0.121,   0.100,  -0.221,   0.200,  -0.121
202605160606,  -0.207,  -0.121,9999.000,9999.000,9999.000,9999.000,9999.000,9999.000,9999.000
202605160612,  -0.221,  -0.111,9999.000,9999.000,9999.000,9999.000,9999.000,9999.000,9999.000
202605160618,  -0.230,  -0.141,9999.000,9999.000,9999.000,9999.000,9999.000,9999.000,9999.000
202605160624,  -0.235,  -0.141,9999.000,9999.000,9999.000,9999.000,9999.000,9999.000,9999.000
202605160630,  -0.235,  -0.190,9999.000,9999.000,9999.000,9999.000,9999.000,9999.000,9999.000
202605160636,  -0.232,  -0.180,9999.000,9999.000,9999.000,9999.000,9999.000,9999.000,9999.000
202605160642,  -0.223,  -0.170,9999.000,9999.000,9999.000,9999.000,9999.000,9999.000,9999.000
202605160648,  -0.211,  -0.160,9999.000,9999.000,9999.000,9999.000,9999.000,9999.000,9999.000
202605160654,  -0.194,  -0.180,9999.000,9999.000,9999.000,9999.000,9999.000,9999.000,9999.000
202605160700,  -0.174,  -0.141,   0.200,  -0.167,  -0.141,   0.100,  -0.241,   0.200,  -0.141
202605160706,  -0.149,  -0.111,9999.000,9999.000,9999.000,9999.000,9999.000,9999.000,9999.000
202605160712,  -0.120,  -0.068,9999.000,9999.000,9999.000,9999.000,9999.000,9999.000,9999.000
202605160718,  -0.087,  -0.059,9999.000,9999.000,9999.000,9999.000,9999.000,9999.000,9999.000
202605160724,  -0.050,  -0.019,9999.000,9999.000,9999.000,9999.000,9999.000,9999.000,9999.000
202605160730,  -0.010,   0.009,9999.000,9999.000,9999.000,9999.000,9999.000,9999.000,9999.000
202605160736,   0.033,   0.059,9999.000,9999.000,9999.000,9999.000,9999.000,9999.000,9999.000
202605160742,   0.080,   0.111,9999.000,9999.000,9999.000,9999.000,9999.000,9999.000,9999.000
202605160748,   0.131,   0.190,9999.000,9999.000,9999.000,9999.000,9999.000,9999.000,9999.000
202605160754,   0.185,   0.219,9999.000,9999.000,9999.000,9999.000,9999.000,9999.000,9999.000
202605160800,   0.242,   0.298,   0.100,  -0.044,   0.298,   0.100,   0.298,   0.200,   0.398
202605160806,   0.301,   0.360,9999.000,9999.000,9999.000,9999.000,9999.000,9999.000,9999.000
202605160812,   0.364,   0.429,9999.000,9999.000,9999.000,9999.000,9999.000,9999.000,9999.000
202605160818,   0.429,   0.478,9999.000,9999.000,9999.000,9999.000,9999.000,9999.000,9999.000
202605160824,   0.496,   0.541,9999.000,9999.000,9999.000,9999.000,9999.000,9999.000,9999.000
202605160830,   0.566,   0.610,9999.000,9999.000,9999.000,9999.000,9999.000,9999.000,9999.000
202605160836,   0.637,   0.688,9999.000,9999.000,9999.000,9999.000,9999.000,9999.000,9999.000
202605160842,   0.710,   0.790,9999.000,9999.000,9999.000,9999.000,9999.000,9999.000,9999.000
202605160848,   0.785,   0.839,9999.000,9999.000,9999.000,9999.000,9999.000,9999.000,9999.000
202605160854,   0.860,   0.918,9999.000,9999.000,9999.000,9999.000,9999.000,9999.000,9999.000
202605160900,   0.937,   1.010,   0.100,  -0.027,   1.010,   0.100,   1.010,   0.200,   1.110
202605160906,   1.015,   1.079,9999.000,9999.000,9999.000,9999.000,9999.000,9999.000,9999.000
202605160912,   1.093,   1.170,9999.000,9999.000,9999.000,9999.000,9999.000,9999.000,9999.000
202605160918,   1.172,   1.249,9999.000,9999.000,9999.000,9999.000,9999.000,9999.000,9999.000
202605160924,   1.251,   1.308,9999.000,9999.000,9999.000,9999.000,9999.000,9999.000,9999.000
202605160930,   1.330,   1.390,9999.000,9999.000,9999.000,9999.000,9999.000,9999.000,9999.000
202605160936,   1.409,   1.469,9999.000,9999.000,9999.000,9999.000,9999.000,9999.000,9999.000
202605160942,   1.487,   1.518,9999.000,9999.000,9999.000,9999.000,9999.000,9999.000,9999.000
202605160948,   1.564,   1.580,9999.000,9999.000,9999.000,9999.000,9999.000,9999.000,9999.000
202605160954,   1.641,   1.679,9999.000,9999.000,9999.000,9999.000,9999.000,9999.000,9999.000
202605161000,   1.716,   1.738,   0.100,  -0.078,   1.738,   0.100,   1.738,   0.200,   1.838
202605161006,   1.790,   1.820,9999.000,9999.000,9999.000,9999.000,9999.000,9999.000,9999.000
202605161012,   1.862,   1.908,9999.000,9999.000,9999.000,9999.000,9999.000,9999.000,9999.000
202605161018,   1.932,   1.958,9999.000,9999.000,9999.000,9999.000,9999.000,9999.000,9999.000
202605161024,   2.001,   2.020,9999.000,9999.000,9999.000,9999.000,9999.000,9999.000,9999.000
202605161030,   2.066,   2.109,9999.000,9999.000,9999.000,9999.000,9999.000,9999.000,9999.000
202605161036,   2.130,   2.168,9999.000,9999.000,9999.000,9999.000,9999.000,9999.000,9999.000
202605161042,   2.191,   2.230,9999.000,9999.000,9999.000,9999.000,9999.000,9999.000,9999.000
202605161048,   2.249,   2.259,9999.000,9999.000,9999.000,9999.000,9999.000,9999.000,9999.000
202605161054,   2.304,   2.309,9999.000,9999.000,9999.000,9999.000,9999.000,9999.000,9999.000
202605161100,   2.355,   2.368,   0.100,  -0.087,   2.368,   0.100,   2.368,   0.100,   2.368
202605161106,   2.404,   2.400,9999.000,9999.000,9999.000,9999.000,9999.000,9999.000,9999.000
202605161112,   2.449,   2.440,9999.000,9999.000,9999.000,9999.000,9999.000,9999.000,9999.000
202605161118,   2.491,   2.499,9999.000,9999.000,9999.000,9999.000,9999.000,9999.000,9999.000
202605161124,   2.529,   2.528,9999.000,9999.000,9999.000,9999.000,9999.000,9999.000,9999.000
202605161130,   2.563,   2.587,9999.000,9999.000,9999.000,9999.000,9999.000,9999.000,9999.000
202605161136,   2.593,   2.610,9999.000,9999.000,9999.000,9999.000,9999.000,9999.000,9999.000
202605161142,   2.620,   2.620,9999.000,9999.000,9999.000,9999.000,9999.000,9999.000,9999.000
202605161148,   2.643,   2.660,9999.000,9999.000,9999.000,9999.000,9999.000,9999.000,9999.000
202605161154,   2.662,   2.669,9999.000,9999.000,9999.000,9999.000,9999.000,9999.000,9999.000
202605161200,   2.677,   2.669,   0.100,  -0.108,   2.669,   0.100,   2.669,   0.200,   2.769
202605161206,   2.688,   2.709,9999.000,9999.000,9999.000,9999.000,9999.000,9999.000,9999.000
202605161212,   2.696,   2.679,9999.000,9999.000,9999.000,9999.000,9999.000,9999.000,9999.000
202605161218,   2.700,   2.719,9999.000,9999.000,9999.000,9999.000,9999.000,9999.000,9999.000
202605161224,   2.700,   2.699,9999.000,9999.000,9999.000,9999.000,9999.000,9999.000,9999.000
202605161230,   2.697,   2.699,9999.000,9999.000,9999.000,9999.000,9999.000,9999.000,9999.000
202605161236,   2.690,   2.719,9999.000,9999.000,9999.000,9999.000,9999.000,9999.000,9999.000
202605161242,   2.679,   2.689,9999.000,9999.000,9999.000,9999.000,9999.000,9999.000,9999.000
202605161248,   2.665,   2.689,9999.000,9999.000,9999.000,9999.000,9999.000,9999.000,9999.000
202605161254,   2.648,   2.660,9999.000,9999.000,9999.000,9999.000,9999.000,9999.000,9999.000
202605161300,   2.627,   2.640,   0.100,  -0.087,   2.640,   0.100,   2.640,   0.200,   2.740
202605161306,   2.603,   2.630,9999.000,9999.000,9999.000,9999.000,9999.000,9999.000,9999.000
202605161312,   2.576,   2.578,9999.000,9999.000,9999.000,9999.000,9999.000,9999.000,9999.000
202605161318,   2.546,   2.558,9999.000,9999.000,9999.000,9999.000,9999.000,9999.000,9999.000
202605161324,   2.513,   2.519,9999.000,9999.000,9999.000,9999.000,9999.000,9999.000,9999.000
202605161330,   2.477,   2.479,9999.000,9999.000,9999.000,9999.000,9999.000,9999.000,9999.000
202605161336,   2.438,   2.450,9999.000,9999.000,9999.000,9999.000,9999.000,9999.000,9999.000
202605161342,   2.396,   2.400,9999.000,9999.000,9999.000,9999.000,9999.000,9999.000,9999.000
202605161348,   2.351,   2.358,9999.000,9999.000,9999.000,9999.000,9999.000,9999.000,9999.000
202605161354,   2.304,   2.318,9999.000,9999.000,9999.000,9999.000,9999.000,9999.000,9999.000
202605161400,   2.253,   2.259,   0.100,  -0.094,   2.259,   0.100,   2.259,   0.100,   2.259
202605161406,   2.200,   2.230,9999.000,9999.000,9999.000,9999.000,9999.000,9999.000,9999.000
202605161412,   2.145,   2.191,9999.000,9999.000,9999.000,9999.000,9999.000,9999.000,9999.000
202605161418,   2.086,   2.138,9999.000,9999.000,9999.000,9999.000,9999.000,9999.000,9999.000
202605161424,   2.026,   2.069,9999.000,9999.000,9999.000,9999.000,9999.000,9999.000,9999.000
202605161430,   1.962,   2.010,9999.000,9999.000,9999.000,9999.000,9999.000,9999.000,9999.000
202605161436,   1.897,   1.948,9999.000,9999.000,9999.000,9999.000,9999.000,9999.000,9999.000
202605161442,   1.829,   1.869,9999.000,9999.000,9999.000,9999.000,9999.000,9999.000,9999.000
202605161448,   1.759,   1.800,9999.000,9999.000,9999.000,9999.000,9999.000,9999.000,9999.000
202605161454,   1.686,   1.738,9999.000,9999.000,9999.000,9999.000,9999.000,9999.000,9999.000
202605161500,   1.612,   1.679,   0.100,  -0.033,   1.679,   0.100,   1.679,   0.100,   1.679
202605161506,   1.537,   1.571,9999.000,9999.000,9999.000,9999.000,9999.000,9999.000,9999.000
202605161512,   1.459,   1.489,9999.000,9999.000,9999.000,9999.000,9999.000,9999.000,9999.000
202605161518,   1.381,   1.420,9999.000,9999.000,9999.000,9999.000,9999.000,9999.000,9999.000
202605161524,   1.301,   1.348,9999.000,9999.000,9999.000,9999.000,9999.000,9999.000,9999.000
202605161530,   1.221,   1.269,9999.000,9999.000,9999.000,9999.000,9999.000,9999.000,9999.000
202605161536,   1.139,   1.161,9999.000,9999.000,9999.000,9999.000,9999.000,9999.000,9999.000
202605161542,   1.058,   1.079,9999.000,9999.000,9999.000,9999.000,9999.000,9999.000,9999.000
202605161548,   0.976,   1.000,9999.000,9999.000,9999.000,9999.000,9999.000,9999.000,9999.000
202605161554,   0.895,   0.898,9999.000,9999.000,9999.000,9999.000,9999.000,9999.000,9999.000
202605161600,   0.814,   0.839,   0.100,  -0.075,   0.839,   0.100,   0.839,   0.100,   0.839
202605161606,   0.734,   0.731,9999.000,9999.000,9999.000,9999.000,9999.000,9999.000,9999.000
202605161612,   0.655,   0.649,9999.000,9999.000,9999.000,9999.000,9999.000,9999.000,9999.000
202605161618,   0.577,   0.580,9999.000,9999.000,9999.000,9999.000,9999.000,9999.000,9999.000
202605161624,   0.502,   0.531,9999.000,9999.000,9999.000,9999.000,9999.000,9999.000,9999.000
202605161630,   0.428,   0.459,9999.000,9999.000,9999.000,9999.000,9999.000,9999.000,9999.000
202605161636,   0.356,   0.370,9999.000,9999.000,9999.000,9999.000,9999.000,9999.000,9999.000
202605161642,   0.287,   0.278,9999.000,9999.000,9999.000,9999.000,9999.000,9999.000,9999.000
202605161648,   0.221,   0.249,9999.000,9999.000,9999.000,9999.000,9999.000,9999.000,9999.000
202605161654,   0.157,   0.190,9999.000,9999.000,9999.000,9999.000,9999.000,9999.000,9999.000
202605161700,   0.098,   0.160,   0.100,  -0.038,   0.160,   0.000,   0.060,   0.100,   0.160
202605161706,   0.041,   0.059,9999.000,9999.000,9999.000,9999.000,9999.000,9999.000,9999.000
202605161712,  -0.011,   0.039,9999.000,9999.000,9999.000,9999.000,9999.000,9999.000,9999.000
202605161718,  -0.060,   0.000,9999.000,9999.000,9999.000,9999.000,9999.000,9999.000,9999.000
202605161724,  -0.105,  -0.039,9999.000,9999.000,9999.000,9999.000,9999.000,9999.000,9999.000
202605161730,  -0.145,  -0.078,9999.000,9999.000,9999.000,9999.000,9999.000,9999.000,9999.000
202605161736,  -0.182,  -0.141,9999.000,9999.000,9999.000,9999.000,9999.000,9999.000,9999.000
202605161742,  -0.214,  -0.160,9999.000,9999.000,9999.000,9999.000,9999.000,9999.000,9999.000
202605161748,  -0.241,  -0.200,9999.000,9999.000,9999.000,9999.000,9999.000,9999.000,9999.000
202605161754,  -0.264,  -0.219,9999.000,9999.000,9999.000,9999.000,9999.000,9999.000,9999.000
202605161800,  -0.282,  -0.239,   0.100,  -0.057,  -0.239,   0.100,  -0.239,   0.200,  -0.139
202605161806,  -0.296,  -0.239,9999.000,9999.000,9999.000,9999.000,9999.000,9999.000,9999.000
202605161812,  -0.305,  -0.239,9999.000,9999.000,9999.000,9999.000,9999.000,9999.000,9999.000
202605161818,  -0.309,  -0.249,9999.000,9999.000,9999.000,9999.000,9999.000,9999.000,9999.000
202605161824,  -0.308,  -0.249,9999.000,9999.000,9999.000,9999.000,9999.000,9999.000,9999.000
202605161830,  -0.302,  -0.249,9999.000,9999.000,9999.000,9999.000,9999.000,9999.000,9999.000
202605161836,  -0.292,  -0.259,9999.000,9999.000,9999.000,9999.000,9999.000,9999.000,9999.000
202605161842,  -0.277,  -0.259,9999.000,9999.000,9999.000,9999.000,9999.000,9999.000,9999.000
202605161848,  -0.257,  -0.209,9999.000,9999.000,9999.000,9999.000,9999.000,9999.000,9999.000
202605161854,  -0.233,  -0.160,9999.000,9999.000,9999.000,9999.000,9999.000,9999.000,9999.000
202605161900,  -0.204,  -0.111,   0.100,  -0.007,  -0.111,   0.100,  -0.111,   0.200,  -0.011
202605161906,  -0.170,  -0.111,9999.000,9999.000,9999.000,9999.000,9999.000,9999.000,9999.000
202605161912,  -0.132,  -0.059,9999.000,9999.000,9999.000,9999.000,9999.000,9999.000,9999.000
202605161918,  -0.090,   0.000,9999.000,9999.000,9999.000,9999.000,9999.000,9999.000,9999.000
202605161924,  -0.043,   0.049,9999.000,9999.000,9999.000,9999.000,9999.000,9999.000,9999.000
202605161930,   0.007,   0.078,9999.000,9999.000,9999.000,9999.000,9999.000,9999.000,9999.000
202605161936,   0.062,   0.141,9999.000,9999.000,9999.000,9999.000,9999.000,9999.000,9999.000
202605161942,   0.121,   0.259,9999.000,9999.000,9999.000,9999.000,9999.000,9999.000,9999.000
202605161948,   0.183,   0.331,9999.000,9999.000,9999.000,9999.000,9999.000,9999.000,9999.000
202605161954,   0.250,   0.409,9999.000,9999.000,9999.000,9999.000,9999.000,9999.000,9999.000
202605162000,   0.320,   0.478,   0.100,   0.058,   0.478,   0.100,   0.478,   0.200,   0.578
202605162006,   0.393,   0.551,9999.000,9999.000,9999.000,9999.000,9999.000,9999.000,9999.000
202605162012,   0.469,   0.649,9999.000,9999.000,9999.000,9999.000,9999.000,9999.000,9999.000
202605162018,   0.548,   0.751,9999.000,9999.000,9999.000,9999.000,9999.000,9999.000,9999.000
202605162024,   0.630,   0.839,9999.000,9999.000,9999.000,9999.000,9999.000,9999.000,9999.000
202605162030,   0.715,   0.879,9999.000,9999.000,9999.000,9999.000,9999.000,9999.000,9999.000
202605162036,   0.802,   0.970,9999.000,9999.000,9999.000,9999.000,9999.000,9999.000,9999.000
202605162042,   0.891,   1.059,9999.000,9999.000,9999.000,9999.000,9999.000,9999.000,9999.000
202605162048,   0.982,   1.170,9999.000,9999.000,9999.000,9999.000,9999.000,9999.000,9999.000
202605162054,   1.074,   1.259,9999.000,9999.000,9999.000,9999.000,9999.000,9999.000,9999.000
202605162100,   1.168,   1.318,   0.100,   0.050,   1.318,   0.100,   1.318,   0.200,   1.418
202605162106,   1.263,   1.439,9999.000,9999.000,9999.000,9999.000,9999.000,9999.000,9999.000
202605162112,   1.359,   1.528,9999.000,9999.000,9999.000,9999.000,9999.000,9999.000,9999.000
202605162118,   1.456,   1.610,9999.000,9999.000,9999.000,9999.000,9999.000,9999.000,9999.000
202605162124,   1.553,   1.669,9999.000,9999.000,9999.000,9999.000,9999.000,9999.000,9999.000
202605162130,   1.650,   1.800,9999.000,9999.000,9999.000,9999.000,9999.000,9999.000,9999.000
202605162136,   1.747,   1.889,9999.000,9999.000,9999.000,9999.000,9999.000,9999.000,9999.000
202605162142,   1.844,   1.981,9999.000,9999.000,9999.000,9999.000,9999.000,9999.000,9999.000
202605162148,   1.941,   2.049,9999.000,9999.000,9999.000,9999.000,9999.000,9999.000,9999.000
202605162154,   2.037,   2.118,9999.000,9999.000,9999.000,9999.000,9999.000,9999.000,9999.000
202605162200,   2.131,   2.220,   0.100,  -0.011,   2.220,   0.100,   2.220,   0.100,   2.220
202605162206,   2.225,   2.299,9999.000,9999.000,9999.000,9999.000,9999.000,9999.000,9999.000
202605162212,   2.317,   2.348,9999.000,9999.000,9999.000,9999.000,9999.000,9999.000,9999.000
202605162218,   2.407,   2.479,9999.000,9999.000,9999.000,9999.000,9999.000,9999.000,9999.000
202605162224,   2.496,   2.519,9999.000,9999.000,9999.000,9999.000,9999.000,9999.000,9999.000
202605162230,   2.582,   2.650,9999.000,9999.000,9999.000,9999.000,9999.000,9999.000,9999.000
202605162236,   2.666,   2.689,9999.000,9999.000,9999.000,9999.000,9999.000,9999.000,9999.000
202605162242,   2.748,   2.778,9999.000,9999.000,9999.000,9999.000,9999.000,9999.000,9999.000
202605162248,   2.827,   2.850,9999.000,9999.000,9999.000,9999.000,9999.000,9999.000,9999.000
202605162254,   2.903,   2.938,9999.000,9999.000,9999.000,9999.000,9999.000,9999.000,9999.000
202605162300,   2.976,   2.997,   0.100,  -0.079,   2.997,   0.000,   2.897,   0.100,   2.997
202605162306,   3.045,   3.017,9999.000,9999.000,9999.000,9999.000,9999.000,9999.000,9999.000
202605162312,   3.111,   3.109,9999.000,9999.000,9999.000,9999.000,9999.000,9999.000,9999.000
202605162318,   3.174,   3.197,9999.000,9999.000,9999.000,9999.000,9999.000,9999.000,9999.000
202605162324,   3.233,   3.250,9999.000,9999.000,9999.000,9999.000,9999.000,9999.000,9999.000
202605162330,   3.288,   3.309,9999.000,9999.000,9999.000,9999.000,9999.000,9999.000,9999.000
202605162336,   3.339,   3.358,9999.000,9999.000,9999.000,9999.000,9999.000,9999.000,9999.000
202605162342,   3.386,   3.378,9999.000,9999.000,9999.000,9999.000,9999.000,9999.000,9999.000
202605162348,   3.428,   3.460,9999.000,9999.000,9999.000,9999.000,9999.000,9999.000,9999.000
202605162354,   3.467,   3.480,9999.000,9999.000,9999.000,9999.000,9999.000,9999.000,9999.000
202605170000,   3.501,   3.489,   0.000,  -0.012,   3.489,   0.000,   3.489,   0.100,   3.589
202605170006,   3.531,   3.509,9999.000,9999.000,9999.000,9999.000,9999.000,9999.000,9999.000
202605170012,   3.557,   3.539,9999.000,9999.000,9999.000,9999.000,9999.000,9999.000,9999.000
202605170018,   3.578,   3.558,9999.000,9999.000,9999.000,9999.000,9999.000,9999.000,9999.000
202605170024,   3.595,   3.607,9999.000,9999.000,9999.000,9999.000,9999.000,9999.000,9999.000
202605170030,   3.608,   3.598,9999.000,9999.000,9999.000,9999.000,9999.000,9999.000,9999.000
202605170036,   3.616,   3.588,9999.000,9999.000,9999.000,9999.000,9999.000,9999.000,9999.000
202605170042,   3.621,   3.578,9999.000,9999.000,9999.000,9999.000,9999.000,9999.000,9999.000
202605170048,   3.621,   3.539,9999.000,9999.000,9999.000,9999.000,9999.000,9999.000,9999.000
202605170054,   3.617,   3.568,9999.000,9999.000,9999.000,9999.000,9999.000,9999.000,9999.000
202605170100,   3.608,   3.529,   0.000,  -0.079,   3.529,   0.000,   3.529,   0.100,   3.629
202605170106,   3.596,   3.539,9999.000,9999.000,9999.000,9999.000,9999.000,9999.000,9999.000
202605170112,   3.580,   3.509,9999.000,9999.000,9999.000,9999.000,9999.000,9999.000,9999.000
202605170118,   3.561,   3.489,9999.000,9999.000,9999.000,9999.000,9999.000,9999.000,9999.000
202605170124,   3.537,   3.460,9999.000,9999.000,9999.000,9999.000,9999.000,9999.000,9999.000
202605170130,   3.510,   3.480,9999.000,9999.000,9999.000,9999.000,9999.000,9999.000,9999.000
202605170136,   3.479,   3.440,9999.000,9999.000,9999.000,9999.000,9999.000,9999.000,9999.000
202605170142,   3.445,   3.358,9999.000,9999.000,9999.000,9999.000,9999.000,9999.000,9999.000
202605170148,   3.407,   3.329,9999.000,9999.000,9999.000,9999.000,9999.000,9999.000,9999.000
202605170154,   3.366,   3.279,9999.000,9999.000,9999.000,9999.000,9999.000,9999.000,9999.000
202605170200,   3.322,   3.270,   0.000,  -0.052,   3.270,   0.000,   3.270,   0.000,   3.270
202605170206,   3.274,   3.188,9999.000,9999.000,9999.000,9999.000,9999.000,9999.000,9999.000
202605170212,   3.223,   3.188,9999.000,9999.000,9999.000,9999.000,9999.000,9999.000,9999.000
202605170218,   3.169,   3.089,9999.000,9999.000,9999.000,9999.000,9999.000,9999.000,9999.000
202605170224,   3.111,   3.079,9999.000,9999.000,9999.000,9999.000,9999.000,9999.000,9999.000
202605170230,   3.051,   2.997,9999.000,9999.000,9999.000,9999.000,9999.000,9999.000,9999.000
202605170236,   2.987,   2.968,9999.000,9999.000,9999.000,9999.000,9999.000,9999.000,9999.000
202605170242,   2.921,   2.889,9999.000,9999.000,9999.000,9999.000,9999.000,9999.000,9999.000
202605170248,   2.851,   2.797,9999.000,9999.000,9999.000,9999.000,9999.000,9999.000,9999.000
202605170254,   2.779,   2.719,9999.000,9999.000,9999.000,9999.000,9999.000,9999.000,9999.000
202605170300,   2.704,   2.669,   0.000,  -0.035,   2.669,  -0.100,   2.569,   0.000,   2.669
202605170306,   2.626,   2.548,9999.000,9999.000,9999.000,9999.000,9999.000,9999.000,9999.000
202605170312,   2.546,   2.459,9999.000,9999.000,9999.000,9999.000,9999.000,9999.000,9999.000
202605170318,   2.463,   2.358,9999.000,9999.000,9999.000,9999.000,9999.000,9999.000,9999.000
202605170324,   2.378,   2.210,9999.000,9999.000,9999.000,9999.000,9999.000,9999.000,9999.000
202605170330,   2.291,   2.128,9999.000,9999.000,9999.000,9999.000,9999.000,9999.000,9999.000
202605170336,   2.201,   2.020,9999.000,9999.000,9999.000,9999.000,9999.000,9999.000,9999.000
202605170342,   2.110,   1.908,9999.000,9999.000,9999.000,9999.000,9999.000,9999.000,9999.000
202605170348,   2.018,   1.830,9999.000,9999.000,9999.000,9999.000,9999.000,9999.000,9999.000
202605170354,   1.924,   1.738,9999.000,9999.000,9999.000,9999.000,9999.000,9999.000,9999.000
202605170400,   1.829,   1.610,  -0.100,  -0.119,   1.610,  -0.200,   1.510,  -0.100,   1.610
202605170406,   1.733,   1.528,9999.000,9999.000,9999.000,9999.000,9999.000,9999.000,9999.000
202605170412,   1.636,   1.430,9999.000,9999.000,9999.000,9999.000,9999.000,9999.000,9999.000
202605170418,   1.539,   1.308,9999.000,9999.000,9999.000,9999.000,9999.000,9999.000,9999.000
202605170424,   1.442,   1.190,9999.000,9999.000,9999.000,9999.000,9999.000,9999.000,9999.000
202605170430,   1.345,   1.098,9999.000,9999.000,9999.000,9999.000,9999.000,9999.000,9999.000
202605170436,   1.249,   1.020,9999.000,9999.000,9999.000,9999.000,9999.000,9999.000,9999.000
202605170442,   1.153,   0.918,9999.000,9999.000,9999.000,9999.000,9999.000,9999.000,9999.000
202605170448,   1.059,   0.829,9999.000,9999.000,9999.000,9999.000,9999.000,9999.000,9999.000
202605170454,   0.966,   0.751,9999.000,9999.000,9999.000,9999.000,9999.000,9999.000,9999.000
202605170500,   0.874,   0.639,  -0.200,  -0.035,   0.639,  -0.300,   0.539,  -0.100,   0.739
202605170506,   0.785,   0.531,9999.000,9999.000,9999.000,9999.000,9999.000,9999.000,9999.000
202605170512,   0.698,   0.469,9999.000,9999.000,9999.000,9999.000,9999.000,9999.000,9999.000
202605170518,   0.613,   0.360,9999.000,9999.000,9999.000,9999.000,9999.000,9999.000,9999.000
202605170524,   0.531,   0.259,9999.000,9999.000,9999.000,9999.000,9999.000,9999.000,9999.000
202605170530,   0.452,   0.160,9999.000,9999.000,9999.000,9999.000,9999.000,9999.000,9999.000
202605170536,   0.376,   0.068,9999.000,9999.000,9999.000,9999.000,9999.000,9999.000,9999.000
202605170542,   0.304,  -0.009,9999.000,9999.000,9999.000,9999.000,9999.000,9999.000,9999.000
202605170548,   0.235,  -0.098,9999.000,9999.000,9999.000,9999.000,9999.000,9999.000,9999.000
202605170554,   0.169,  -0.141,9999.000,9999.000,9999.000,9999.000,9999.000,9999.000,9999.000
202605170600,   0.108,  -0.249,  -0.100,  -0.257,  -0.249,  -0.200,  -0.349,  -0.100,  -0.249
202605170606,   0.050,  -0.288,9999.000,9999.000,9999.000,9999.000,9999.000,9999.000,9999.000
202605170612,  -0.002,  -0.341,9999.000,9999.000,9999.000,9999.000,9999.000,9999.000,9999.000
202605170618,  -0.051,  -0.419,9999.000,9999.000,9999.000,9999.000,9999.000,9999.000,9999.000
202605170624,  -0.096,  -0.439,9999.000,9999.000,9999.000,9999.000,9999.000,9999.000,9999.000
202605170630,  -0.136,  -0.459,9999.000,9999.000,9999.000,9999.000,9999.000,9999.000,9999.000
202605170636,  -0.172,  -0.518,9999.000,9999.000,9999.000,9999.000,9999.000,9999.000,9999.000
202605170642,  -0.204,  -0.570,9999.000,9999.000,9999.000,9999.000,9999.000,9999.000,9999.000
202605170648,  -0.230,  -0.600,9999.000,9999.000,9999.000,9999.000,9999.000,9999.000,9999.000
202605170654,  -0.253,  -0.610,9999.000,9999.000,9999.000,9999.000,9999.000,9999.000,9999.000
202605170700,  -0.270,  -0.619,  -0.200,  -0.149,  -0.619,  -0.300,  -0.719,  -0.100,  -0.519
202605170706,  -0.283,  -0.698,9999.000,9999.000,9999.000,9999.000,9999.000,9999.000,9999.000
202605170712,  -0.291,  -0.659,9999.000,9999.000,9999.000,9999.000,9999.000,9999.000,9999.000
202605170718,  -0.295,  -0.678,9999.000,9999.000,9999.000,9999.000,9999.000,9999.000,9999.000
202605170724,  -0.294,  -0.669,9999.000,9999.000,9999.000,9999.000,9999.000,9999.000,9999.000
202605170730,  -0.288,  -0.649,9999.000,9999.000,9999.000,9999.000,9999.000,9999.000,9999.000
202605170736,  -0.278,  -0.600,9999.000,9999.000,9999.000,9999.000,9999.000,9999.000,9999.000
202605170742,  -0.263,  -0.610,9999.000,9999.000,9999.000,9999.000,9999.000,9999.000,9999.000
202605170748,  -0.244,  -0.580,9999.000,9999.000,9999.000,9999.000,9999.000,9999.000,9999.000
202605170754,  -0.221,  -0.551,9999.000,9999.000,9999.000,9999.000,9999.000,9999.000,9999.000
202605170800,  -0.193,  -0.488,  -0.200,  -0.095,  -0.488,  -0.300,  -0.588,  -0.100,  -0.388
202605170806,  -0.161,  -0.488,9999.000,9999.000,9999.000,9999.000,9999.000,9999.000,9999.000
202605170812,  -0.125,  -0.429,9999.000,9999.000,9999.000,9999.000,9999.000,9999.000,9999.000
202605170818,  -0.085,  -0.429,9999.000,9999.000,9999.000,9999.000,9999.000,9999.000,9999.000
202605170824,  -0.042,  -0.341,9999.000,9999.000,9999.000,9999.000,9999.000,9999.000,9999.000
202605170830,   0.005,  -0.370,9999.000,9999.000,9999.000,9999.000,9999.000,9999.000,9999.000
202605170836,   0.055,  -0.321,9999.000,9999.000,9999.000,9999.000,9999.000,9999.000,9999.000
202605170842,   0.109,  -0.249,9999.000,9999.000,9999.000,9999.000,9999.000,9999.000,9999.000
202605170848,   0.167,  -0.150,9999.000,9999.000,9999.000,9999.000,9999.000,9999.000,9999.000
202605170854,   0.227,  -0.150,9999.000,9999.000,9999.000,9999.000,9999.000,9999.000,9999.000
202605170900,   0.290,  -0.019,  -0.200,  -0.109,  -0.019,  -0.300,  -0.119,  -0.100,   0.081
202605170906,   0.355,  -0.029,9999.000,9999.000,9999.000,9999.000,9999.000,9999.000,9999.000
202605170912,   0.423,   0.039,9999.000,9999.000,9999.000,9999.000,9999.000,9999.000,9999.000
202605170918,   0.493,   0.121,9999.000,9999.000,9999.000,9999.000,9999.000,9999.000,9999.000
202605170924,   0.565,   0.219,9999.000,9999.000,9999.000,9999.000,9999.000,9999.000,9999.000
202605170930,   0.639,   0.278,9999.000,9999.000,9999.000,9999.000,9999.000,9999.000,9999.000
202605170936,   0.714,   0.380,9999.000,9999.000,9999.000,9999.000,9999.000,9999.000,9999.000
202605170942,   0.791,   0.439,9999.000,9999.000,9999.000,9999.000,9999.000,9999.000,9999.000
202605170948,   0.868,   0.541,9999.000,9999.000,9999.000,9999.000,9999.000,9999.000,9999.000
202605170954,   0.947,   0.600,9999.000,9999.000,9999.000,9999.000,9999.000,9999.000,9999.000
202605171000,   1.026,   0.649,  -0.200,  -0.177,   0.649,  -0.300,   0.549,  -0.100,   0.749
202605171006,   1.106,   0.741,9999.000,9999.000,9999.000,9999.000,9999.000,9999.000,9999.000
202605171012,   1.185,   0.849,9999.000,9999.000,9999.000,9999.000,9999.000,9999.000,9999.000
202605171018,   1.265,   0.980,9999.000,9999.000,9999.000,9999.000,9999.000,9999.000,9999.000
202605171024,   1.345,   1.098,9999.000,9999.000,9999.000,9999.000,9999.000,9999.000,9999.000
202605171030,   1.424,   1.161,9999.000,9999.000,9999.000,9999.000,9999.000,9999.000,9999.000
202605171036,   1.502,   1.239,9999.000,9999.000,9999.000,9999.000,9999.000,9999.000,9999.000
202605171042,   1.579,   1.361,9999.000,9999.000,9999.000,9999.000,9999.000,9999.000,9999.000
202605171048,   1.656,   1.400,9999.000,9999.000,9999.000,9999.000,9999.000,9999.000,9999.000
202605171054,   1.731,   1.459,9999.000,9999.000,9999.000,9999.000,9999.000,9999.000,9999.000
202605171100,   1.805,   1.548,  -0.200,  -0.057,   1.548,  -0.300,   1.448,  -0.100,   1.648
202605171106,   1.877,   1.659,9999.000,9999.000,9999.000,9999.000,9999.000,9999.000,9999.000
202605171112,   1.946,   1.728,9999.000,9999.000,9999.000,9999.000,9999.000,9999.000,9999.000
202605171118,   2.014,   1.781,9999.000,9999.000,9999.000,9999.000,9999.000,9999.000,9999.000
202605171124,   2.080,   1.840,9999.000,9999.000,9999.000,9999.000,9999.000,9999.000,9999.000
202605171130,   2.143,   1.879,9999.000,9999.000,9999.000,9999.000,9999.000,9999.000,9999.000
202605171136,   2.203,   1.958,9999.000,9999.000,9999.000,9999.000,9999.000,9999.000,9999.000
202605171142,   2.261,   2.020,9999.000,9999.000,9999.000,9999.000,9999.000,9999.000,9999.000
202605171148,   2.316,   2.040,9999.000,9999.000,9999.000,9999.000,9999.000,9999.000,9999.000
202605171154,   2.367,   2.118,9999.000,9999.000,9999.000,9999.000,9999.000,9999.000,9999.000
202605171200,   2.415,   2.191,  -0.100,  -0.124,   2.191,  -0.200,   2.091,  -0.100,   2.191
202605171206,   2.460,   2.240,9999.000,9999.000,9999.000,9999.000,9999.000,9999.000,9999.000
202605171212,   2.502,   2.259,9999.000,9999.000,9999.000,9999.000,9999.000,9999.000,9999.000
202605171218,   2.539,   2.309,9999.000,9999.000,9999.000,9999.000,9999.000,9999.000,9999.000
202605171224,   2.573,   2.328,9999.000,9999.000,9999.000,9999.000,9999.000,9999.000,9999.000
202605171230,   2.604,   2.358,9999.000,9999.000,9999.000,9999.000,9999.000,9999.000,9999.000
202605171236,   2.630,   2.358,9999.000,9999.000,9999.000,9999.000,9999.000,9999.000,9999.000
202605171242,   2.653,   2.368,9999.000,9999.000,9999.000,9999.000,9999.000,9999.000,9999.000
202605171248,   2.672,   2.387,9999.000,9999.000,9999.000,9999.000,9999.000,9999.000,9999.000
202605171254,   2.687,   2.400,9999.000,9999.000,9999.000,9999.000,9999.000,9999.000,9999.000
202605171300,   2.698,   2.400,  -0.100,  -0.198,   2.400,  -0.200,   2.300,  -0.100,   2.400
202605171306,   2.705,   2.420,9999.000,9999.000,9999.000,9999.000,9999.000,9999.000,9999.000
202605171312,   2.709,   2.430,9999.000,9999.000,9999.000,9999.000,9999.000,9999.000,9999.000
202605171318,   2.708,   2.450,9999.000,9999.000,9999.000,9999.000,9999.000,9999.000,9999.000
202605171324,   2.704,   2.450,9999.000,9999.000,9999.000,9999.000,9999.000,9999.000,9999.000
202605171330,   2.697,   2.430,9999.000,9999.000,9999.000,9999.000,9999.000,9999.000,9999.000
202605171336,   2.686,   2.420,9999.000,9999.000,9999.000,9999.000,9999.000,9999.000,9999.000
202605171342,   2.671,   2.400,9999.000,9999.000,9999.000,9999.000,9999.000,9999.000,9999.000
202605171348,   2.653,   2.377,9999.000,9999.000,9999.000,9999.000,9999.000,9999.000,9999.000
202605171354,   2.631,   2.318,9999.000,9999.000,9999.000,9999.000,9999.000,9999.000,9999.000
202605171400,   2.606,   2.299,  -0.100,  -0.207,   2.299,  -0.200,   2.199,  -0.100,   2.299
202605171406,   2.578,   2.259,9999.000,9999.000,9999.000,9999.000,9999.000,9999.000,9999.000
202605171412,   2.547,   2.210,9999.000,9999.000,9999.000,9999.000,9999.000,9999.000,9999.000
202605171418,   2.512,   2.191,9999.000,9999.000,9999.000,9999.000,9999.000,9999.000,9999.000
202605171424,   2.475,   2.148,9999.000,9999.000,9999.000,9999.000,9999.000,9999.000,9999.000
202605171430,   2.434,   2.099,9999.000,9999.000,9999.000,9999.000,9999.000,9999.000,9999.000
202605171436,   2.390,   2.040,9999.000,9999.000,9999.000,9999.000,9999.000,9999.000,9999.000
202605171442,   2.344,   2.000,9999.000,9999.000,9999.000,9999.000,9999.000,9999.000,9999.000
202605171448,   2.294,   2.299,9999.000,9999.000,9999.000,9999.000,9999.000,9999.000,9999.000
202605171454,   2.242,   1.869,9999.000,9999.000,9999.000,9999.000,9999.000,9999.000,9999.000
202605171500,   2.187,   1.840,  -0.100,  -0.247,   1.840,  -0.200,   1.740,   0.000,   1.940
202605171506,   2.129,   1.767,9999.000,9999.000,9999.000,9999.000,9999.000,9999.000,9999.000
202605171512,   2.069,   1.718,9999.000,9999.000,9999.000,9999.000,9999.000,9999.000,9999.000
202605171518,   2.006,   1.669,9999.000,9999.000,9999.000,9999.000,9999.000,9999.000,9999.000
202605171524,   1.941,   1.767,9999.000,9999.000,9999.000,9999.000,9999.000,9999.000,9999.000
202605171530,   1.873,   1.518,9999.000,9999.000,9999.000,9999.000,9999.000,9999.000,9999.000
202605171536,   1.803,   1.430,9999.000,9999.000,9999.000,9999.000,9999.000,9999.000,9999.000
202605171542,   1.731,   1.371,9999.000,9999.000,9999.000,9999.000,9999.000,9999.000,9999.000
202605171548,   1.656,   1.308,9999.000,9999.000,9999.000,9999.000,9999.000,9999.000,9999.000
202605171554,   1.581,   1.229,9999.000,9999.000,9999.000,9999.000,9999.000,9999.000,9999.000
202605171600,   1.503,   1.138,  -0.100,  -0.265,   1.138,  -0.200,   1.038,   0.000,   1.238
202605171606,   1.424,   2.128,9999.000,9999.000,9999.000,9999.000,9999.000,9999.000,9999.000
202605171612,   1.344,   1.649,9999.000,9999.000,9999.000,9999.000,9999.000,9999.000,9999.000
202605171618,   1.262,   1.790,9999.000,9999.000,9999.000,9999.000,9999.000,9999.000,9999.000
202605171624,   1.180,   0.790,9999.000,9999.000,9999.000,9999.000,9999.000,9999.000,9999.000
202605171630,   1.098,   0.708,9999.000,9999.000,9999.000,9999.000,9999.000,9999.000,9999.000
202605171636,   1.015,   0.610,9999.000,9999.000,9999.000,9999.000,9999.000,9999.000,9999.000
202605171642,   0.932,   0.518,9999.000,9999.000,9999.000,9999.000,9999.000,9999.000,9999.000
202605171648,   0.850,   0.449,9999.000,9999.000,9999.000,9999.000,9999.000,9999.000,9999.000
202605171654,   0.768,   0.380,9999.000,9999.000,9999.000,9999.000,9999.000,9999.000,9999.000
202605171700,   0.687,   0.278,  -0.100,  -0.309,   0.278,  -0.200,   0.178,   0.000,   0.378
202605171706,   0.607,   0.180,9999.000,9999.000,9999.000,9999.000,9999.000,9999.000,9999.000
202605171712,   0.529,   0.131,9999.000,9999.000,9999.000,9999.000,9999.000,9999.000,9999.000
202605171718,   0.452,   0.068,9999.000,9999.000,9999.000,9999.000,9999.000,9999.000,9999.000
202605171724,   0.378,  -0.029,9999.000,9999.000,9999.000,9999.000,9999.000,9999.000,9999.000
202605171730,   0.306,  -0.121,9999.000,9999.000,9999.000,9999.000,9999.000,9999.000,9999.000
202605171736,   0.237,  -0.180,9999.000,9999.000,9999.000,9999.000,9999.000,9999.000,9999.000
202605171742,   0.170,  -0.239,9999.000,9999.000,9999.000,9999.000,9999.000,9999.000,9999.000
202605171748,   0.107,  -0.321,9999.000,9999.000,9999.000,9999.000,9999.000,9999.000,9999.000
202605171754,   0.047,  -0.360,9999.000,9999.000,9999.000,9999.000,9999.000,9999.000,9999.000
202605171800,  -0.008,  -0.429,  -0.100,  -0.321,  -0.429,  -0.200,  -0.529,  -0.100,  -0.429
202605171806,  -0.061,  -0.478,9999.000,9999.000,9999.000,9999.000,9999.000,9999.000,9999.000
202605171812,  -0.109,  -0.551,9999.000,9999.000,9999.000,9999.000,9999.000,9999.000,9999.000
202605171818,  -0.154,  -0.600,9999.000,9999.000,9999.000,9999.000,9999.000,9999.000,9999.000
202605171824,  -0.194,  -0.659,9999.000,9999.000,9999.000,9999.000,9999.000,9999.000,9999.000
202605171830,  -0.229,  -0.688,9999.000,9999.000,9999.000,9999.000,9999.000,9999.000,9999.000
202605171836,  -0.260,  -0.698,9999.000,9999.000,9999.000,9999.000,9999.000,9999.000,9999.000
202605171842,  -0.287,  -0.708,9999.000,9999.000,9999.000,9999.000,9999.000,9999.000,9999.000
202605171848,  -0.308,  -0.760,9999.000,9999.000,9999.000,9999.000,9999.000,9999.000,9999.000
202605171854,  -0.325,  -0.760,9999.000,9999.000,9999.000,9999.000,9999.000,9999.000,9999.000
202605171900,  -0.337,  -0.780,  -0.100,  -0.343,  -0.780,  -0.100,  -0.780,   0.000,  -0.680
202605171906,  -0.344,  -0.780,9999.000,9999.000,9999.000,9999.000,9999.000,9999.000,9999.000
202605171912,  -0.347,  -0.780,9999.000,9999.000,9999.000,9999.000,9999.000,9999.000,9999.000
202605171918,  -0.344,  -0.770,9999.000,9999.000,9999.000,9999.000,9999.000,9999.000,9999.000
202605171924,  -0.336,  -0.780,9999.000,9999.000,9999.000,9999.000,9999.000,9999.000,9999.000
202605171930,  -0.323,  -0.800,9999.000,9999.000,9999.000,9999.000,9999.000,9999.000,9999.000
202605171936,  -0.306,  -0.731,9999.000,9999.000,9999.000,9999.000,9999.000,9999.000,9999.000
202605171942,  -0.284,  -0.698,9999.000,9999.000,9999.000,9999.000,9999.000,9999.000,9999.000
202605171948,  -0.256,  -0.678,9999.000,9999.000,9999.000,9999.000,9999.000,9999.000,9999.000
202605171954,  -0.225,  -0.629,9999.000,9999.000,9999.000,9999.000,9999.000,9999.000,9999.000
202605172000,  -0.188,  -0.610,  -0.100,  -0.322,  -0.610,  -0.100,  -0.610,   0.000,  -0.510
202605172006,  -0.147,  -0.560,9999.000,9999.000,9999.000,9999.000,9999.000,9999.000,9999.000
202605172012,  -0.101,  -0.488,9999.000,9999.000,9999.000,9999.000,9999.000,9999.000,9999.000
202605172018,  -0.052,  -0.439,9999.000,9999.000,9999.000,9999.000,9999.000,9999.000,9999.000
202605172024,   0.001,  -0.390,9999.000,9999.000,9999.000,9999.000,9999.000,9999.000,9999.000
202605172030,   0.059,  -0.331,9999.000,9999.000,9999.000,9999.000,9999.000,9999.000,9999.000
202605172036,   0.121,  -0.278,9999.000,9999.000,9999.000,9999.000,9999.000,9999.000,9999.000
202605172042,   0.187,  -0.170,9999.000,9999.000,9999.000,9999.000,9999.000,9999.000,9999.000
202605172048,   0.256,  -0.098,9999.000,9999.000,9999.000,9999.000,9999.000,9999.000,9999.000
202605172054,   0.329,  -0.019,9999.000,9999.000,9999.000,9999.000,9999.000,9999.000,9999.000
202605172100,   0.404,   0.059,  -0.100,  -0.245,   0.059,  -0.100,   0.059,   0.000,   0.159
202605172106,   0.483,   0.219,9999.000,9999.000,9999.000,9999.000,9999.000,9999.000,9999.000
202605172112,   0.564,   0.278,9999.000,9999.000,9999.000,9999.000,9999.000,9999.000,9999.000
202605172118,   0.648,   0.360,9999.000,9999.000,9999.000,9999.000,9999.000,9999.000,9999.000
202605172124,   0.734,   0.488,9999.000,9999.000,9999.000,9999.000,9999.000,9999.000,9999.000
202605172130,   0.823,   0.580,9999.000,9999.000,9999.000,9999.000,9999.000,9999.000,9999.000
202605172136,   0.913,   0.659,9999.000,9999.000,9999.000,9999.000,9999.000,9999.000,9999.000
202605172142,   1.005,   0.760,9999.000,9999.000,9999.000,9999.000,9999.000,9999.000,9999.000
202605172148,   1.098,   0.898,9999.000,9999.000,9999.000,9999.000,9999.000,9999.000,9999.000
202605172154,   1.192,   1.010,9999.000,9999.000,9999.000,9999.000,9999.000,9999.000,9999.000
202605172200,   1.288,   1.161,   0.000,  -0.127,   1.161,  -0.100,   1.061,   0.000,   1.161
202605172206,   1.384,   1.229,9999.000,9999.000,9999.000,9999.000,9999.000,9999.000,9999.000
202605172212,   1.480,   1.318,9999.000,9999.000,9999.000,9999.000,9999.000,9999.000,9999.000
202605172218,   1.577,   1.449,9999.000,9999.000,9999.000,9999.000,9999.000,9999.000,9999.000
202605172224,   1.674,   1.548,9999.000,9999.000,9999.000,9999.000,9999.000,9999.000,9999.000
202605172230,   1.771,   1.659,9999.000,9999.000,9999.000,9999.000,9999.000,9999.000,9999.000
202605172236,   1.867,   1.738,9999.000,9999.000,9999.000,9999.000,9999.000,9999.000,9999.000
202605172242,   1.962,   1.859,9999.000,9999.000,9999.000,9999.000,9999.000,9999.000,9999.000
202605172248,   2.057,   1.967,9999.000,9999.000,9999.000,9999.000,9999.000,9999.000,9999.000
202605172254,   2.151,   2.040,9999.000,9999.000,9999.000,9999.000,9999.000,9999.000,9999.000
202605172300,   2.244,   2.168,   0.000,  -0.076,   2.168,   0.000,   2.168,   0.000,   2.168
202605172306,   2.335,   2.240,9999.000,9999.000,9999.000,9999.000,9999.000,9999.000,9999.000
202605172312,   2.424,   2.318,9999.000,9999.000,9999.000,9999.000,9999.000,9999.000,9999.000
202605172318,   2.512,   2.400,9999.000,9999.000,9999.000,9999.000,9999.000,9999.000,9999.000
202605172324,   2.597,   2.509,9999.000,9999.000,9999.000,9999.000,9999.000,9999.000,9999.000
202605172330,   2.680,   2.597,9999.000,9999.000,9999.000,9999.000,9999.000,9999.000,9999.000
202605172336,   2.761,   2.709,9999.000,9999.000,9999.000,9999.000,9999.000,9999.000,9999.000
202605172342,   2.839,   2.778,9999.000,9999.000,9999.000,9999.000,9999.000,9999.000,9999.000
202605172348,   2.914,   2.860,9999.000,9999.000,9999.000,9999.000,9999.000,9999.000,9999.000
202605172354,   2.986,   2.889,9999.000,9999.000,9999.000,9999.000,9999.000,9999.000,9999.000
202605180000,   3.055,   2.968,  -0.100,   0.013,   2.968,  -0.200,   2.868,  -0.100,   2.968
202605180006,   3.121,   3.050,9999.000,9999.000,9999.000,9999.000,9999.000,9999.000,9999.000
202605180012,   3.183,   3.079,9999.000,9999.000,9999.000,9999.000,9999.000,9999.000,9999.000
202605180018,   3.241,   3.168,9999.000,9999.000,9999.000,9999.000,9999.000,9999.000,9999.000
202605180024,   3.296,   3.270,9999.000,9999.000,9999.000,9999.000,9999.000,9999.000,9999.000
202605180030,   3.347,   3.309,9999.000,9999.000,9999.000,9999.000,9999.000,9999.000,9999.000
202605180036,   3.394,   3.339,9999.000,9999.000,9999.000,9999.000,9999.000,9999.000,9999.000
202605180042,   3.436,   3.368,9999.000,9999.000,9999.000,9999.000,9999.000,9999.000,9999.000
202605180048,   3.475,   3.378,9999.000,9999.000,9999.000,9999.000,9999.000,9999.000,9999.000
202605180054,   3.509,   3.460,9999.000,9999.000,9999.000,9999.000,9999.000,9999.000,9999.000
202605180100,   3.539,   3.480,  -0.100,   0.041,   3.480,  -0.200,   3.380,  -0.100,   3.480
202605180106,   3.565,   3.470,9999.000,9999.000,9999.000,9999.000,9999.000,9999.000,9999.000
202605180112,   3.586,   3.529,9999.000,9999.000,9999.000,9999.000,9999.000,9999.000,9999.000
202605180118,   3.603,   3.558,9999.000,9999.000,9999.000,9999.000,9999.000,9999.000,9999.000
202605180124,   3.616,   3.558,9999.000,9999.000,9999.000,9999.000,9999.000,9999.000,9999.000
202605180130,   3.624,   3.548,9999.000,9999.000,9999.000,9999.000,9999.000,9999.000,9999.000
202605180136,   3.628,   3.548,9999.000,9999.000,9999.000,9999.000,9999.000,9999.000,9999.000
202605180142,   3.628,   3.548,9999.000,9999.000,9999.000,9999.000,9999.000,9999.000,9999.000
202605180148,   3.624,   3.539,9999.000,9999.000,9999.000,9999.000,9999.000,9999.000,9999.000
202605180154,   3.616,   3.509,9999.000,9999.000,9999.000,9999.000,9999.000,9999.000,9999.000
202605180200,   3.604,   3.509,  -0.100,   0.005,   3.509,  -0.200,   3.409,  -0.100,   3.509
202605180206,   3.587,   3.480,9999.000,9999.000,9999.000,9999.000,9999.000,9999.000,9999.000
202605180212,   3.567,   3.480,9999.000,9999.000,9999.000,9999.000,9999.000,9999.000,9999.000
202605180218,   3.543,   3.470,9999.000,9999.000,9999.000,9999.000,9999.000,9999.000,9999.000
202605180224,   3.516,   3.440,9999.000,9999.000,9999.000,9999.000,9999.000,9999.000,9999.000
202605180230,   3.485,   3.398,9999.000,9999.000,9999.000,9999.000,9999.000,9999.000,9999.000
202605180236,   3.450,   3.378,9999.000,9999.000,9999.000,9999.000,9999.000,9999.000,9999.000
202605180242,   3.412,   3.319,9999.000,9999.000,9999.000,9999.000,9999.000,9999.000,9999.000
202605180248,   3.370,   3.250,9999.000,9999.000,9999.000,9999.000,9999.000,9999.000,9999.000
202605180254,   3.325,   3.217,9999.000,9999.000,9999.000,9999.000,9999.000,9999.000,9999.000
202605180300,   3.277,   3.138,  -0.200,   0.061,   3.138,  -0.200,   3.138,  -0.100,   3.238
202605180306,   3.225,   3.099,9999.000,9999.000,9999.000,9999.000,9999.000,9999.000,9999.000
202605180312,   3.170,   3.040,9999.000,9999.000,9999.000,9999.000,9999.000,9999.000,9999.000
202605180318,   3.112,   2.978,9999.000,9999.000,9999.000,9999.000,9999.000,9999.000,9999.000
202605180324,   3.051,   2.919,9999.000,9999.000,9999.000,9999.000,9999.000,9999.000,9999.000
202605180330,   2.987,   2.889,9999.000,9999.000,9999.000,9999.000,9999.000,9999.000,9999.000
202605180336,   2.920,   2.840,9999.000,9999.000,9999.000,9999.000,9999.000,9999.000,9999.000
202605180342,   2.850,   2.758,9999.000,9999.000,9999.000,9999.000,9999.000,9999.000,9999.000
202605180348,   2.777,   2.689,9999.000,9999.000,9999.000,9999.000,9999.000,9999.000,9999.000
202605180354,   2.701,   2.620,9999.000,9999.000,9999.000,9999.000,9999.000,9999.000,9999.000
202605180400,   2.623,   2.548,  -0.200,   0.125,   2.548,  -0.200,   2.548,  -0.100,   2.648
202605180406,   2.542,   2.440,9999.000,9999.000,9999.000,9999.000,9999.000,9999.000,9999.000
202605180412,   2.459,   2.358,9999.000,9999.000,9999.000,9999.000,9999.000,9999.000,9999.000
202605180418,   2.373,   2.269,9999.000,9999.000,9999.000,9999.000,9999.000,9999.000,9999.000
202605180424,   2.286,   2.168,9999.000,9999.000,9999.000,9999.000,9999.000,9999.000,9999.000
202605180430,   2.196,   2.089,9999.000,9999.000,9999.000,9999.000,9999.000,9999.000,9999.000
202605180436,   2.105,   1.967,9999.000,9999.000,9999.000,9999.000,9999.000,9999.000,9999.000
202605180442,   2.012,   1.869,9999.000,9999.000,9999.000,9999.000,9999.000,9999.000,9999.000
202605180448,   1.918,   1.748,9999.000,9999.000,9999.000,9999.000,9999.000,9999.000,9999.000
202605180454,   1.822,   1.630,9999.000,9999.000,9999.000,9999.000,9999.000,9999.000,9999.000
202605180500,   1.726,   1.557,  -0.200,   0.031,   1.557,  -0.300,   1.457,  -0.200,   1.557
202605180506,   1.629,   1.430,9999.000,9999.000,9999.000,9999.000,9999.000,9999.000,9999.000
202605180512,   1.532,   1.328,9999.000,9999.000,9999.000,9999.000,9999.000,9999.000,9999.000
202605180518,   1.435,   1.249,9999.000,9999.000,9999.000,9999.000,9999.000,9999.000,9999.000
202605180524,   1.339,   1.118,9999.000,9999.000,9999.000,9999.000,9999.000,9999.000,9999.000
202605180530,   1.242,   1.039,9999.000,9999.000,9999.000,9999.000,9999.000,9999.000,9999.000
202605180536,   1.147,   0.918,9999.000,9999.000,9999.000,9999.000,9999.000,9999.000,9999.000
202605180542,   1.053,   0.810,9999.000,9999.000,9999.000,9999.000,9999.000,9999.000,9999.000
202605180548,   0.960,   0.698,9999.000,9999.000,9999.000,9999.000,9999.000,9999.000,9999.000
202605180554,   0.869,   0.600,9999.000,9999.000,9999.000,9999.000,9999.000,9999.000,9999.000
202605180600,   0.780,   0.518,  -0.200,  -0.062,   0.518,  -0.300,   0.418,  -0.200,   0.518
202605180606,   0.693,   0.449,9999.000,9999.000,9999.000,9999.000,9999.000,9999.000,9999.000
202605180612,   0.609,   0.350,9999.000,9999.000,9999.000,9999.000,9999.000,9999.000,9999.000
202605180618,   0.528,   0.259,9999.000,9999.000,9999.000,9999.000,9999.000,9999.000,9999.000
202605180624,   0.450,   0.180,9999.000,9999.000,9999.000,9999.000,9999.000,9999.000,9999.000
202605180630,   0.374,   0.121,9999.000,9999.000,9999.000,9999.000,9999.000,9999.000,9999.000
202605180636,   0.303,   0.019,9999.000,9999.000,9999.000,9999.000,9999.000,9999.000,9999.000
202605180642,   0.235,  -0.019,9999.000,9999.000,9999.000,9999.000,9999.000,9999.000,9999.000
202605180648,   0.171,  -0.098,9999.000,9999.000,9999.000,9999.000,9999.000,9999.000,9999.000
202605180654,   0.110,  -0.190,9999.000,9999.000,9999.000,9999.000,9999.000,9999.000,9999.000
202605180700,   0.054,  -0.200,  -0.300,   0.046,  -0.200,  -0.300,  -0.200,  -0.200,  -0.100
202605180706,   0.002,  -0.268,9999.000,9999.000,9999.000,9999.000,9999.000,9999.000,9999.000
202605180712,  -0.045,  -0.298,9999.000,9999.000,9999.000,9999.000,9999.000,9999.000,9999.000
202605180718,  -0.088,  -0.341,9999.000,9999.000,9999.000,9999.000,9999.000,9999.000,9999.000
202605180724,  -0.127,  -0.390,9999.000,9999.000,9999.000,9999.000,9999.000,9999.000,9999.000
202605180730,  -0.161,  -0.429,9999.000,9999.000,9999.000,9999.000,9999.000,9999.000,9999.000
202605180736,  -0.190,  -0.459,9999.000,9999.000,9999.000,9999.000,9999.000,9999.000,9999.000
202605180742,  -0.215,  -0.488,9999.000,9999.000,9999.000,9999.000,9999.000,9999.000,9999.000
202605180748,  -0.235,  -0.508,9999.000,9999.000,9999.000,9999.000,9999.000,9999.000,9999.000
202605180754,  -0.251,  -0.560,9999.000,9999.000,9999.000,9999.000,9999.000,9999.000,9999.000
202605180800,  -0.262,  -0.541,  -0.300,   0.021,  -0.541,  -0.300,  -0.541,  -0.200,  -0.441
202605180806,  -0.268,  -0.551,9999.000,9999.000,9999.000,9999.000,9999.000,9999.000,9999.000
202605180812,  -0.270,  -0.590,9999.000,9999.000,9999.000,9999.000,9999.000,9999.000,9999.000
202605180818,  -0.267,  -0.590,9999.000,9999.000,9999.000,9999.000,9999.000,9999.000,9999.000
202605180824,  -0.259,  -0.560,9999.000,9999.000,9999.000,9999.000,9999.000,9999.000,9999.000
202605180830,  -0.247,  -0.551,9999.000,9999.000,9999.000,9999.000,9999.000,9999.000,9999.000
202605180836,  -0.231,  -0.508,9999.000,9999.000,9999.000,9999.000,9999.000,9999.000,9999.000
202605180842,  -0.210,  -0.488,9999.000,9999.000,9999.000,9999.000,9999.000,9999.000,9999.000
202605180848,  -0.185,  -0.478,9999.000,9999.000,9999.000,9999.000,9999.000,9999.000,9999.000
202605180854,  -0.156,  -0.429,9999.000,9999.000,9999.000,9999.000,9999.000,9999.000,9999.000
202605180900,  -0.123,  -0.370,  -0.300,   0.053,  -0.370,  -0.300,  -0.370,  -0.200,  -0.270
202605180906,  -0.087,  -0.380,9999.000,9999.000,9999.000,9999.000,9999.000,9999.000,9999.000
202605180912,  -0.046,  -0.341,9999.000,9999.000,9999.000,9999.000,9999.000,9999.000,9999.000
202605180918,  -0.002,  -0.288,9999.000,9999.000,9999.000,9999.000,9999.000,9999.000,9999.000
202605180924,   0.044,  -0.249,9999.000,9999.000,9999.000,9999.000,9999.000,9999.000,9999.000
202605180930,   0.095,  -0.219,9999.000,9999.000,9999.000,9999.000,9999.000,9999.000,9999.000
202605180936,   0.149,  -0.121,9999.000,9999.000,9999.000,9999.000,9999.000,9999.000,9999.000
202605180942,   0.205,  -0.121,9999.000,9999.000,9999.000,9999.000,9999.000,9999.000,9999.000
202605180948,   0.265,  -0.029,9999.000,9999.000,9999.000,9999.000,9999.000,9999.000,9999.000
202605180954,   0.327,   0.009,9999.000,9999.000,9999.000,9999.000,9999.000,9999.000,9999.000
202605181000,   0.391,   0.088,  -0.300,  -0.003,   0.088,  -0.300,   0.088,  -0.300,   0.088
202605181006,   0.457,   0.121,9999.000,9999.000,9999.000,9999.000,9999.000,9999.000,9999.000
202605181012,   0.526,   0.200,9999.000,9999.000,9999.000,9999.000,9999.000,9999.000,9999.000
202605181018,   0.596,   0.278,9999.000,9999.000,9999.000,9999.000,9999.000,9999.000,9999.000
202605181024,   0.668,   0.350,9999.000,9999.000,9999.000,9999.000,9999.000,9999.000,9999.000
202605181030,   0.741,   0.449,9999.000,9999.000,9999.000,9999.000,9999.000,9999.000,9999.000
202605181036,   0.815,   0.488,9999.000,9999.000,9999.000,9999.000,9999.000,9999.000,9999.000
202605181042,   0.890,   0.590,9999.000,9999.000,9999.000,9999.000,9999.000,9999.000,9999.000
202605181048,   0.967,   0.688,9999.000,9999.000,9999.000,9999.000,9999.000,9999.000,9999.000
202605181054,   1.043,   0.780,9999.000,9999.000,9999.000,9999.000,9999.000,9999.000,9999.000
202605181100,   1.121,   0.869,  -0.300,   0.048,   0.869,  -0.300,   0.869,  -0.300,   0.869
202605181106,   1.198,   0.951,9999.000,9999.000,9999.000,9999.000,9999.000,9999.000,9999.000
202605181112,   1.276,   1.039,9999.000,9999.000,9999.000,9999.000,9999.000,9999.000,9999.000
202605181118,   1.353,   1.098,9999.000,9999.000,9999.000,9999.000,9999.000,9999.000,9999.000
202605181124,   1.430,   1.229,9999.000,9999.000,9999.000,9999.000,9999.000,9999.000,9999.000
202605181130,   1.506,   1.289,9999.000,9999.000,9999.000,9999.000,9999.000,9999.000,9999.000
202605181136,   1.582,   1.371,9999.000,9999.000,9999.000,9999.000,9999.000,9999.000,9999.000
202605181142,   1.657,   1.459,9999.000,9999.000,9999.000,9999.000,9999.000,9999.000,9999.000
202605181148,   1.730,   1.528,9999.000,9999.000,9999.000,9999.000,9999.000,9999.000,9999.000
202605181154,   1.802,   1.620,9999.000,9999.000,9999.000,9999.000,9999.000,9999.000,9999.000
202605181200,   1.873,   1.708,  -0.200,   0.035,   1.708,  -0.200,   1.708,  -0.200,   1.708
202605181206,   1.942,   1.781,9999.000,9999.000,9999.000,9999.000,9999.000,9999.000,9999.000
202605181212,   2.009,   1.840,9999.000,9999.000,9999.000,9999.000,9999.000,9999.000,9999.000
202605181218,   2.073,   1.918,9999.000,9999.000,9999.000,9999.000,9999.000,9999.000,9999.000
202605181224,   2.136,   1.981,9999.000,9999.000,9999.000,9999.000,9999.000,9999.000,9999.000
202605181230,   2.195,   2.020,9999.000,9999.000,9999.000,9999.000,9999.000,9999.000,9999.000
202605181236,   2.252,   2.059,9999.000,9999.000,9999.000,9999.000,9999.000,9999.000,9999.000
202605181242,   2.306,   2.109,9999.000,9999.000,9999.000,9999.000,9999.000,9999.000,9999.000
202605181248,   2.357,   2.148,9999.000,9999.000,9999.000,9999.000,9999.000,9999.000,9999.000
202605181254,   2.405,   2.210,9999.000,9999.000,9999.000,9999.000,9999.000,9999.000,9999.000
202605181300,   2.450,   2.230,  -0.200,  -0.020,   2.230,  -0.200,   2.230,  -0.200,   2.230
202605181306,   2.491,   2.250,9999.000,9999.000,9999.000,9999.000,9999.000,9999.000,9999.000
202605181312,   2.528,   2.318,9999.000,9999.000,9999.000,9999.000,9999.000,9999.000,9999.000
202605181318,   2.562,   2.348,9999.000,9999.000,9999.000,9999.000,9999.000,9999.000,9999.000
202605181324,   2.592,   2.377,9999.000,9999.000,9999.000,9999.000,9999.000,9999.000,9999.000
202605181330,   2.619,   2.400,9999.000,9999.000,9999.000,9999.000,9999.000,9999.000,9999.000
202605181336,   2.641,   2.420,9999.000,9999.000,9999.000,9999.000,9999.000,9999.000,9999.000
202605181342,   2.660,   2.440,9999.000,9999.000,9999.000,9999.000,9999.000,9999.000,9999.000
202605181348,   2.675,   2.450,9999.000,9999.000,9999.000,9999.000,9999.000,9999.000,9999.000
202605181354,   2.686,   2.459,9999.000,9999.000,9999.000,9999.000,9999.000,9999.000,9999.000
202605181400,   2.693,   2.450,  -0.200,  -0.043,   2.450,  -0.200,   2.450,  -0.200,   2.450
202605181406,   2.696,   2.440,9999.000,9999.000,9999.000,9999.000,9999.000,9999.000,9999.000
202605181412,   2.696,   2.440,9999.000,9999.000,9999.000,9999.000,9999.000,9999.000,9999.000
202605181418,   2.692,   2.450,9999.000,9999.000,9999.000,9999.000,9999.000,9999.000,9999.000
202605181424,   2.684,   2.459,9999.000,9999.000,9999.000,9999.000,9999.000,9999.000,9999.000
202605181430,   2.673,   2.430,9999.000,9999.000,9999.000,9999.000,9999.000,9999.000,9999.000
202605181436,   2.658,   2.420,9999.000,9999.000,9999.000,9999.000,9999.000,9999.000,9999.000
202605181442,   2.639,   2.387,9999.000,9999.000,9999.000,9999.000,9999.000,9999.000,9999.000
202605181448,   2.618,   2.358,9999.000,9999.000,9999.000,9999.000,9999.000,9999.000,9999.000
202605181454,   2.593,   2.338,9999.000,9999.000,9999.000,9999.000,9999.000,9999.000,9999.000
202605181500,   2.565,   2.309,  -0.200,  -0.056,   2.309,  -0.200,   2.309,  -0.200,   2.309
202605181506,   2.533,   2.259,9999.000,9999.000,9999.000,9999.000,9999.000,9999.000,9999.000
202605181512,   2.499,   2.200,9999.000,9999.000,9999.000,9999.000,9999.000,9999.000,9999.000
202605181518,   2.461,   2.191,9999.000,9999.000,9999.000,9999.000,9999.000,9999.000,9999.000
202605181524,   2.421,   2.138,9999.000,9999.000,9999.000,9999.000,9999.000,9999.000,9999.000
202605181530,   2.377,   2.109,9999.000,9999.000,9999.000,9999.000,9999.000,9999.000,9999.000
202605181536,   2.331,   2.059,9999.000,9999.000,9999.000,9999.000,9999.000,9999.000,9999.000
202605181542,   2.282,   2.020,9999.000,9999.000,9999.000,9999.000,9999.000,9999.000,9999.000
202605181548,   2.230,   1.948,9999.000,9999.000,9999.000,9999.000,9999.000,9999.000,9999.000
202605181554,   2.175,   1.918,9999.000,9999.000,9999.000,9999.000,9999.000,9999.000,9999.000
202605181600,   2.118,   1.830,  -0.200,  -0.088,   1.830,  -0.200,   1.830,  -0.200,   1.830
202605181606,   2.058,   1.781,9999.000,9999.000,9999.000,9999.000,9999.000,9999.000,9999.000
202605181612,   1.996,   1.728,9999.000,9999.000,9999.000,9999.000,9999.000,9999.000,9999.000
202605181618,   1.931,   1.649,9999.000,9999.000,9999.000,9999.000,9999.000,9999.000,9999.000
202605181624,   1.863,   1.580,9999.000,9999.000,9999.000,9999.000,9999.000,9999.000,9999.000
202605181630,   1.794,   1.528,9999.000,9999.000,9999.000,9999.000,9999.000,9999.000,9999.000
202605181636,   1.722,   1.449,9999.000,9999.000,9999.000,9999.000,9999.000,9999.000,9999.000
202605181642,   1.649,   1.380,9999.000,9999.000,9999.000,9999.000,9999.000,9999.000,9999.000
202605181648,   1.574,   1.279,9999.000,9999.000,9999.000,9999.000,9999.000,9999.000,9999.000
202605181654,   1.497,   1.200,9999.000,9999.000,9999.000,9999.000,9999.000,9999.000,9999.000
202605181700,   1.418,   1.118,  -0.200,  -0.100,   1.118,  -0.200,   1.118,  -0.200,   1.118
202605181706,   1.338,   1.039,9999.000,9999.000,9999.000,9999.000,9999.000,9999.000,9999.000
202605181712,   1.258,   0.961,9999.000,9999.000,9999.000,9999.000,9999.000,9999.000,9999.000
202605181718,   1.176,   0.879,9999.000,9999.000,9999.000,9999.000,9999.000,9999.000,9999.000
202605181724,   1.095,   0.800,9999.000,9999.000,9999.000,9999.000,9999.000,9999.000,9999.000
202605181730,   1.012,   0.718,9999.000,9999.000,9999.000,9999.000,9999.000,9999.000,9999.000
202605181736,   0.930,   0.629,9999.000,9999.000,9999.000,9999.000,9999.000,9999.000,9999.000
202605181742,   0.849,   0.551,9999.000,9999.000,9999.000,9999.000,9999.000,9999.000,9999.000
202605181748,   0.768,   0.478,9999.000,9999.000,9999.000,9999.000,9999.000,9999.000,9999.000
202605181754,   0.688,   0.380,9999.000,9999.000,9999.000,9999.000,9999.000,9999.000,9999.000
202605181800,   0.609,   0.288,  -0.100,  -0.221,   0.288,  -0.100,   0.288,  -0.100,   0.288
202605181806,   0.532,   0.219,9999.000,9999.000,9999.000,9999.000,9999.000,9999.000,9999.000
202605181812,   0.456,   0.131,9999.000,9999.000,9999.000,9999.000,9999.000,9999.000,9999.000
202605181818,   0.383,   0.059,9999.000,9999.000,9999.000,9999.000,9999.000,9999.000,9999.000
202605181824,   0.312,  -0.019,9999.000,9999.000,9999.000,9999.000,9999.000,9999.000,9999.000
202605181830,   0.244,  -0.088,9999.000,9999.000,9999.000,9999.000,9999.000,9999.000,9999.000
202605181836,   0.179,  -0.141,9999.000,9999.000,9999.000,9999.000,9999.000,9999.000,9999.000
202605181842,   0.117,  -0.209,9999.000,9999.000,9999.000,9999.000,9999.000,9999.000,9999.000
202605181848,   0.058,  -0.268,9999.000,9999.000,9999.000,9999.000,9999.000,9999.000,9999.000
202605181854,   0.003,  -0.321,9999.000,9999.000,9999.000,9999.000,9999.000,9999.000,9999.000
202605181900,  -0.047,  -0.380,  -0.100,  -0.233,  -0.380,  -0.100,  -0.380,  -0.100,  -0.380
202605181906,  -0.094,  -0.449,9999.000,9999.000,9999.000,9999.000,9999.000,9999.000,9999.000
202605181912,  -0.136,  -0.478,9999.000,9999.000,9999.000,9999.000,9999.000,9999.000,9999.000
202605181918,  -0.175,  -0.518,9999.000,9999.000,9999.000,9999.000,9999.000,9999.000,9999.000
202605181924,  -0.209,  -0.580,9999.000,9999.000,9999.000,9999.000,9999.000,9999.000,9999.000
202605181930,  -0.238,  -0.590,9999.000,9999.000,9999.000,9999.000,9999.000,9999.000,9999.000
202605181936,  -0.263,  -0.619,9999.000,9999.000,9999.000,9999.000,9999.000,9999.000,9999.000
202605181942,  -0.283,  -0.649,9999.000,9999.000,9999.000,9999.000,9999.000,9999.000,9999.000
202605181948,  -0.298,  -0.669,9999.000,9999.000,9999.000,9999.000,9999.000,9999.000,9999.000
202605181954,  -0.308,  -0.678,9999.000,9999.000,9999.000,9999.000,9999.000,9999.000,9999.000
202605182000,  -0.314,  -0.688,  -0.100,  -0.274,  -0.688,  -0.100,  -0.688,  -0.100,  -0.688
202605182006,  -0.314,  -0.688,9999.000,9999.000,9999.000,9999.000,9999.000,9999.000,9999.000
202605182012,  -0.310,  -0.678,9999.000,9999.000,9999.000,9999.000,9999.000,9999.000,9999.000
202605182018,  -0.301,  -0.659,9999.000,9999.000,9999.000,9999.000,9999.000,9999.000,9999.000
202605182024,  -0.288,  -0.639,9999.000,9999.000,9999.000,9999.000,9999.000,9999.000,9999.000
202605182030,  -0.269,  -0.600,9999.000,9999.000,9999.000,9999.000,9999.000,9999.000,9999.000
202605182036,  -0.246,  -0.560,9999.000,9999.000,9999.000,9999.000,9999.000,9999.000,9999.000
202605182042,  -0.219,  -0.531,9999.000,9999.000,9999.000,9999.000,9999.000,9999.000,9999.000
202605182048,  -0.187,  -0.498,9999.000,9999.000,9999.000,9999.000,9999.000,9999.000,9999.000
202605182054,  -0.150,  -0.478,9999.000,9999.000,9999.000,9999.000,9999.000,9999.000,9999.000
202605182100,  -0.109,  -0.459,  -0.100,  -0.250,  -0.459,  -0.100,  -0.459,  -0.100,  -0.459
202605182106,  -0.065,  -0.390,9999.000,9999.000,9999.000,9999.000,9999.000,9999.000,9999.000
202605182112,  -0.016,  -0.321,9999.000,9999.000,9999.000,9999.000,9999.000,9999.000,9999.000
202605182118,   0.036,  -0.308,9999.000,9999.000,9999.000,9999.000,9999.000,9999.000,9999.000
202605182124,   0.093,  -0.219,9999.000,9999.000,9999.000,9999.000,9999.000,9999.000,9999.000
202605182130,   0.153,  -0.150,9999.000,9999.000,9999.000,9999.000,9999.000,9999.000,9999.000
202605182136,   0.216,  -0.078,9999.000,9999.000,9999.000,9999.000,9999.000,9999.000,9999.000
202605182142,   0.283,   0.000,9999.000,9999.000,9999.000,9999.000,9999.000,9999.000,9999.000
202605182148,   0.352,   0.009,9999.000,9999.000,9999.000,9999.000,9999.000,9999.000,9999.000
202605182154,   0.425,   0.141,9999.000,9999.000,9999.000,9999.000,9999.000,9999.000,9999.000
202605182200,   0.500,   0.219,  -0.100,  -0.181,   0.219,  -0.100,   0.219,  -0.100,   0.219
202605182206,   0.578,   0.298,9999.000,9999.000,9999.000,9999.000,9999.000,9999.000,9999.000
202605182212,   0.658,   0.380,9999.000,9999.000,9999.000,9999.000,9999.000,9999.000,9999.000
202605182218,   0.740,   0.508,9999.000,9999.000,9999.000,9999.000,9999.000,9999.000,9999.000
202605182224,   0.825,   0.610,9999.000,9999.000,9999.000,9999.000,9999.000,9999.000,9999.000
202605182230,   0.910,   0.688,9999.000,9999.000,9999.000,9999.000,9999.000,9999.000,9999.000
202605182236,   0.998,   0.810,9999.000,9999.000,9999.000,9999.000,9999.000,9999.000,9999.000
202605182242,   1.087,   0.918,9999.000,9999.000,9999.000,9999.000,9999.000,9999.000,9999.000
202605182248,   1.177,   1.010,9999.000,9999.000,9999.000,9999.000,9999.000,9999.000,9999.000
202605182254,   1.267,   1.088,9999.000,9999.000,9999.000,9999.000,9999.000,9999.000,9999.000
202605182300,   1.359,   1.210,  -0.100,  -0.049,   1.210,  -0.100,   1.210,  -0.100,   1.210
202605182306,   1.451,   1.318,9999.000,9999.000,9999.000,9999.000,9999.000,9999.000,9999.000
202605182312,   1.544,   1.390,9999.000,9999.000,9999.000,9999.000,9999.000,9999.000,9999.000
202605182318,   1.636,   1.489,9999.000,9999.000,9999.000,9999.000,9999.000,9999.000,9999.000
202605182324,   1.729,   1.590,9999.000,9999.000,9999.000,9999.000,9999.000,9999.000,9999.000
202605182330,   1.821,   1.669,9999.000,9999.000,9999.000,9999.000,9999.000,9999.000,9999.000
202605182336,   1.913,   1.748,9999.000,9999.000,9999.000,9999.000,9999.000,9999.000,9999.000
202605182342,   2.004,   1.830,9999.000,9999.000,9999.000,9999.000,9999.000,9999.000,9999.000
202605182348,   2.095,   1.908,9999.000,9999.000,9999.000,9999.000,9999.000,9999.000,9999.000
202605182354,   2.184,   2.000,9999.000,9999.000,9999.000,9999.000,9999.000,9999.000,9999.000
202605190000,   2.272,   2.109,  -0.100,  -0.063,   2.109,  -0.100,   2.109,  -0.100,   2.109
202605190006,   2.359,   2.191,9999.000,9999.000,9999.000,9999.000,9999.000,9999.000,9999.000
202605190012,   2.444,   2.269,9999.000,9999.000,9999.000,9999.000,9999.000,9999.000,9999.000
202605190018,   2.527,   2.309,9999.000,9999.000,9999.000,9999.000,9999.000,9999.000,9999.000
202605190024,   2.609,   2.410,9999.000,9999.000,9999.000,9999.000,9999.000,9999.000,9999.000
202605190030,   2.687,   2.509,9999.000,9999.000,9999.000,9999.000,9999.000,9999.000,9999.000
202605190036,   2.764,   2.578,9999.000,9999.000,9999.000,9999.000,9999.000,9999.000,9999.000
202605190042,   2.838,   2.679,9999.000,9999.000,9999.000,9999.000,9999.000,9999.000,9999.000
202605190048,   2.909,   2.778,9999.000,9999.000,9999.000,9999.000,9999.000,9999.000,9999.000
202605190054,   2.976,   2.840,9999.000,9999.000,9999.000,9999.000,9999.000,9999.000,9999.000
202605190100,   3.041,   2.889,  -0.100,  -0.052,   2.889,  -0.200,   2.789,  -0.100,   2.889
202605190106,   3.102,   2.929,9999.000,9999.000,9999.000,9999.000,9999.000,9999.000,9999.000
202605190112,   3.160,   3.017,9999.000,9999.000,9999.000,9999.000,9999.000,9999.000,9999.000
202605190118,   3.214,   3.089,9999.000,9999.000,9999.000,9999.000,9999.000,9999.000,9999.000
202605190124,   3.265,   3.148,9999.000,9999.000,9999.000,9999.000,9999.000,9999.000,9999.000
202605190130,   3.311,   3.129,9999.000,9999.000,9999.000,9999.000,9999.000,9999.000,9999.000
202605190136,   3.353,   3.197,9999.000,9999.000,9999.000,9999.000,9999.000,9999.000,9999.000
202605190142,   3.392,   3.188,9999.000,9999.000,9999.000,9999.000,9999.000,9999.000,9999.000
202605190148,   3.426,   3.240,9999.000,9999.000,9999.000,9999.000,9999.000,9999.000,9999.000
202605190154,   3.456,   3.207,9999.000,9999.000,9999.000,9999.000,9999.000,9999.000,9999.000
202605190200,   3.481,   3.230,  -0.200,  -0.051,   3.230,  -0.200,   3.230,  -0.100,   3.330
202605190206,   3.503,   3.279,9999.000,9999.000,9999.000,9999.000,9999.000,9999.000,9999.000
202605190212,   3.520,   3.299,9999.000,9999.000,9999.000,9999.000,9999.000,9999.000,9999.000
202605190218,   3.533,   3.289,9999.000,9999.000,9999.000,9999.000,9999.000,9999.000,9999.000
202605190224,   3.542,   3.309,9999.000,9999.000,9999.000,9999.000,9999.000,9999.000,9999.000
202605190230,   3.546,   3.270,9999.000,9999.000,9999.000,9999.000,9999.000,9999.000,9999.000
202605190236,   3.547,   3.270,9999.000,9999.000,9999.000,9999.000,9999.000,9999.000,9999.000
202605190242,   3.544,   3.260,9999.000,9999.000,9999.000,9999.000,9999.000,9999.000,9999.000
202605190248,   3.536,   3.260,9999.000,9999.000,9999.000,9999.000,9999.000,9999.000,9999.000
202605190254,   3.525,   3.260,9999.000,9999.000,9999.000,9999.000,9999.000,9999.000,9999.000
202605190300,   3.510,   3.250,  -0.200,  -0.060,   3.250,  -0.200,   3.250,  -0.100,   3.350
202605190306,   3.491,   3.260,9999.000,9999.000,9999.000,9999.000,9999.000,9999.000,9999.000
202605190312,   3.469,   3.270,9999.000,9999.000,9999.000,9999.000,9999.000,9999.000,9999.000
202605190318,   3.443,   3.230,9999.000,9999.000,9999.000,9999.000,9999.000,9999.000,9999.000
202605190324,   3.414,   3.178,9999.000,9999.000,9999.000,9999.000,9999.000,9999.000,9999.000
202605190330,   3.381,   3.148,9999.000,9999.000,9999.000,9999.000,9999.000,9999.000,9999.000
202605190336,   3.345,   3.099,9999.000,9999.000,9999.000,9999.000,9999.000,9999.000,9999.000
202605190342,   3.305,   3.070,9999.000,9999.000,9999.000,9999.000,9999.000,9999.000,9999.000
202605190348,   3.262,   3.040,9999.000,9999.000,9999.000,9999.000,9999.000,9999.000,9999.000
202605190354,   3.216,   2.997,9999.000,9999.000,9999.000,9999.000,9999.000,9999.000,9999.000
202605190400,   3.167,   2.948,  -0.200,  -0.019,   2.948,  -0.300,   2.848,  -0.200,   2.948
202605190406,   3.115,   2.869,9999.000,9999.000,9999.000,9999.000,9999.000,9999.000,9999.000
202605190412,   3.060,   2.807,9999.000,9999.000,9999.000,9999.000,9999.000,9999.000,9999.000
202605190418,   3.001,   2.807,9999.000,9999.000,9999.000,9999.000,9999.000,9999.000,9999.000
202605190424,   2.940,   2.738,9999.000,9999.000,9999.000,9999.000,9999.000,9999.000,9999.000
202605190430,   2.876,   2.669,9999.000,9999.000,9999.000,9999.000,9999.000,9999.000,9999.000
202605190436,   2.809,   2.597,9999.000,9999.000,9999.000,9999.000,9999.000,9999.000,9999.000
202605190442,   2.739,   2.519,9999.000,9999.000,9999.000,9999.000,9999.000,9999.000,9999.000
202605190448,   2.666,   2.430,9999.000,9999.000,9999.000,9999.000,9999.000,9999.000,9999.000
202605190454,   2.591,   2.358,9999.000,9999.000,9999.000,9999.000,9999.000,9999.000,9999.000
202605190500,   2.513,   2.269,  -0.300,   0.056,   2.269,  -0.300,   2.269,  -0.200,   2.369
202605190506,   2.432,   2.148,9999.000,9999.000,9999.000,9999.000,9999.000,9999.000,9999.000
202605190512,   2.350,   2.059,9999.000,9999.000,9999.000,9999.000,9999.000,9999.000,9999.000
202605190518,   2.265,   1.958,9999.000,9999.000,9999.000,9999.000,9999.000,9999.000,9999.000
202605190524,   2.178,   1.899,9999.000,9999.000,9999.000,9999.000,9999.000,9999.000,9999.000
202605190530,   2.090,   1.767,9999.000,9999.000,9999.000,9999.000,9999.000,9999.000,9999.000
202605190536,   2.000,   1.679,9999.000,9999.000,9999.000,9999.000,9999.000,9999.000,9999.000
202605190542,   1.909,   1.590,9999.000,9999.000,9999.000,9999.000,9999.000,9999.000,9999.000
202605190548,   1.817,   1.479,9999.000,9999.000,9999.000,9999.000,9999.000,9999.000,9999.000
202605190554,   1.724,   1.371,9999.000,9999.000,9999.000,9999.000,9999.000,9999.000,9999.000
202605190600,   1.630,   1.249,  -0.200,  -0.181,   1.249,  -0.300,   1.149,  -0.200,   1.249
202605190606,   1.536,   1.128,9999.000,9999.000,9999.000,9999.000,9999.000,9999.000,9999.000
202605190612,   1.442,   1.049,9999.000,9999.000,9999.000,9999.000,9999.000,9999.000,9999.000
202605190618,   1.349,   0.961,9999.000,9999.000,9999.000,9999.000,9999.000,9999.000,9999.000
202605190624,   1.256,   0.859,9999.000,9999.000,9999.000,9999.000,9999.000,9999.000,9999.000
202605190630,   1.164,   0.770,9999.000,9999.000,9999.000,9999.000,9999.000,9999.000,9999.000
202605190636,   1.073,   0.669,9999.000,9999.000,9999.000,9999.000,9999.000,9999.000,9999.000
202605190642,   0.984,   0.600,9999.000,9999.000,9999.000,9999.000,9999.000,9999.000,9999.000
202605190648,   0.897,   0.531,9999.000,9999.000,9999.000,9999.000,9999.000,9999.000,9999.000
202605190654,   0.812,   0.419,9999.000,9999.000,9999.000,9999.000,9999.000,9999.000,9999.000
202605190700,   0.729,   0.321,  -0.200,  -0.208,   0.321,  -0.300,   0.221,  -0.200,   0.321
202605190706,   0.648,   0.209,9999.000,9999.000,9999.000,9999.000,9999.000,9999.000,9999.000
202605190712,   0.571,   0.111,9999.000,9999.000,9999.000,9999.000,9999.000,9999.000,9999.000
202605190718,   0.496,   0.078,9999.000,9999.000,9999.000,9999.000,9999.000,9999.000,9999.000
202605190724,   0.425,   0.039,9999.000,9999.000,9999.000,9999.000,9999.000,9999.000,9999.000
202605190730,   0.357,  -0.029,9999.000,9999.000,9999.000,9999.000,9999.000,9999.000,9999.000
202605190736,   0.293,  -0.068,9999.000,9999.000,9999.000,9999.000,9999.000,9999.000,9999.000
202605190742,   0.233,  -0.160,9999.000,9999.000,9999.000,9999.000,9999.000,9999.000,9999.000
202605190748,   0.176,  -0.180,9999.000,9999.000,9999.000,9999.000,9999.000,9999.000,9999.000
202605190754,   0.123,  -0.249,9999.000,9999.000,9999.000,9999.000,9999.000,9999.000,9999.000
202605190800,   0.075,  -0.288,  -0.200,  -0.163,  -0.288,  -0.300,  -0.388,  -0.200,  -0.288
202605190806,   0.031,  -0.341,9999.000,9999.000,9999.000,9999.000,9999.000,9999.000,9999.000
202605190812,  -0.008,  -0.380,9999.000,9999.000,9999.000,9999.000,9999.000,9999.000,9999.000
202605190818,  -0.044,  -0.419,9999.000,9999.000,9999.000,9999.000,9999.000,9999.000,9999.000
202605190824,  -0.075,  -0.449,9999.000,9999.000,9999.000,9999.000,9999.000,9999.000,9999.000
202605190830,  -0.103,  -0.469,9999.000,9999.000,9999.000,9999.000,9999.000,9999.000,9999.000
202605190836,  -0.125,  -0.478,9999.000,9999.000,9999.000,9999.000,9999.000,9999.000,9999.000
202605190842,  -0.143,  -0.498,9999.000,9999.000,9999.000,9999.000,9999.000,9999.000,9999.000
202605190848,  -0.157,  -0.518,9999.000,9999.000,9999.000,9999.000,9999.000,9999.000,9999.000
202605190854,  -0.167,  -0.531,9999.000,9999.000,9999.000,9999.000,9999.000,9999.000,9999.000
202605190900,  -0.172,  -0.560,  -0.200,  -0.188,  -0.560,  -0.300,  -0.660,  -0.200,  -0.560
202605190906,  -0.173,  -0.560,9999.000,9999.000,9999.000,9999.000,9999.000,9999.000,9999.000
202605190912,  -0.170,  -0.531,9999.000,9999.000,9999.000,9999.000,9999.000,9999.000,9999.000
202605190918,  -0.163,  -0.551,9999.000,9999.000,9999.000,9999.000,9999.000,9999.000,9999.000
202605190924,  -0.152,  -0.508,9999.000,9999.000,9999.000,9999.000,9999.000,9999.000,9999.000
202605190930,  -0.136,  -0.459,9999.000,9999.000,9999.000,9999.000,9999.000,9999.000,9999.000
202605190936,  -0.117,  -0.449,9999.000,9999.000,9999.000,9999.000,9999.000,9999.000,9999.000
202605190942,  -0.094,  -0.429,9999.000,9999.000,9999.000,9999.000,9999.000,9999.000,9999.000
202605190948,  -0.067,  -0.409,9999.000,9999.000,9999.000,9999.000,9999.000,9999.000,9999.000
202605190954,  -0.037,  -0.350,9999.000,9999.000,9999.000,9999.000,9999.000,9999.000,9999.000
202605191000,  -0.003,  -0.268,  -0.200,  -0.065,  -0.268,  -0.300,  -0.368,  -0.200,  -0.268
202605191006,   0.033,  -0.249,9999.000,9999.000,9999.000,9999.000,9999.000,9999.000,9999.000
202605191012,   0.074,  -0.190,9999.000,9999.000,9999.000,9999.000,9999.000,9999.000,9999.000
202605191018,   0.117,  -0.190,9999.000,9999.000,9999.000,9999.000,9999.000,9999.000,9999.000
202605191024,   0.164,  -0.141,9999.000,9999.000,9999.000,9999.000,9999.000,9999.000,9999.000
202605191030,   0.214,  -0.059,9999.000,9999.000,9999.000,9999.000,9999.000,9999.000,9999.000
202605191036,   0.266,  -0.059,9999.000,9999.000,9999.000,9999.000,9999.000,9999.000,9999.000
202605191042,   0.321,   0.039,9999.000,9999.000,9999.000,9999.000,9999.000,9999.000,9999.000
202605191048,   0.378,   0.098,9999.000,9999.000,9999.000,9999.000,9999.000,9999.000,9999.000
202605191054,   0.438,   0.219,9999.000,9999.000,9999.000,9999.000,9999.000,9999.000,9999.000
202605191100,   0.500,   0.288,  -0.200,  -0.012,   0.288,  -0.300,   0.188,  -0.200,   0.288
202605191106,   0.563,   0.360,9999.000,9999.000,9999.000,9999.000,9999.000,9999.000,9999.000
202605191112,   0.629,   0.400,9999.000,9999.000,9999.000,9999.000,9999.000,9999.000,9999.000
202605191118,   0.696,   0.449,9999.000,9999.000,9999.000,9999.000,9999.000,9999.000,9999.000
202605191124,   0.765,   0.551,9999.000,9999.000,9999.000,9999.000,9999.000,9999.000,9999.000
202605191130,   0.835,   0.619,9999.000,9999.000,9999.000,9999.000,9999.000,9999.000,9999.000
202605191136,   0.906,   0.678,9999.000,9999.000,9999.000,9999.000,9999.000,9999.000,9999.000
202605191142,   0.978,   0.760,9999.000,9999.000,9999.000,9999.000,9999.000,9999.000,9999.000
202605191148,   1.052,   0.869,9999.000,9999.000,9999.000,9999.000,9999.000,9999.000,9999.000
202605191154,   1.125,   0.928,9999.000,9999.000,9999.000,9999.000,9999.000,9999.000,9999.000
202605191200,   1.199,   1.020,  -0.200,   0.021,   1.020,  -0.200,   1.020,  -0.100,   1.120
202605191206,   1.274,   1.079,9999.000,9999.000,9999.000,9999.000,9999.000,9999.000,9999.000
202605191212,   1.348,   1.151,9999.000,9999.000,9999.000,9999.000,9999.000,9999.000,9999.000
202605191218,   1.423,   1.220,9999.000,9999.000,9999.000,9999.000,9999.000,9999.000,9999.000
202605191224,   1.496,   1.308,9999.000,9999.000,9999.000,9999.000,9999.000,9999.000,9999.000
202605191230,   1.570,   1.380,9999.000,9999.000,9999.000,9999.000,9999.000,9999.000,9999.000
202605191236,   1.643,   1.479,9999.000,9999.000,9999.000,9999.000,9999.000,9999.000,9999.000
202605191242,   1.714,   1.590,9999.000,9999.000,9999.000,9999.000,9999.000,9999.000,9999.000
202605191248,   1.785,   1.639,9999.000,9999.000,9999.000,9999.000,9999.000,9999.000,9999.000
202605191254,   1.854,   1.748,9999.000,9999.000,9999.000,9999.000,9999.000,9999.000,9999.000
202605191300,   1.921,   1.800,  -0.200,   0.079,   1.800,  -0.200,   1.800,  -0.100,   1.900
202605191306,   1.986,   1.859,9999.000,9999.000,9999.000,9999.000,9999.000,9999.000,9999.000
202605191312,   2.050,   1.928,9999.000,9999.000,9999.000,9999.000,9999.000,9999.000,9999.000
202605191318,   2.111,   1.958,9999.000,9999.000,9999.000,9999.000,9999.000,9999.000,9999.000
202605191324,   2.170,   2.059,9999.000,9999.000,9999.000,9999.000,9999.000,9999.000,9999.000
202605191330,   2.226,   2.118,9999.000,9999.000,9999.000,9999.000,9999.000,9999.000,9999.000
202605191336,   2.279,   2.158,9999.000,9999.000,9999.000,9999.000,9999.000,9999.000,9999.000
202605191342,   2.329,   2.210,9999.000,9999.000,9999.000,9999.000,9999.000,9999.000,9999.000
202605191348,   2.377,   2.250,9999.000,9999.000,9999.000,9999.000,9999.000,9999.000,9999.000
202605191354,   2.420,   2.299,9999.000,9999.000,9999.000,9999.000,9999.000,9999.000,9999.000
202605191400,   2.461,   2.368,  -0.200,   0.107,   2.368,  -0.200,   2.368,  -0.100,   2.468
202605191406,   2.498,   2.368,9999.000,9999.000,9999.000,9999.000,9999.000,9999.000,9999.000
202605191412,   2.531,   2.387,9999.000,9999.000,9999.000,9999.000,9999.000,9999.000,9999.000
202605191418,   2.561,   2.420,9999.000,9999.000,9999.000,9999.000,9999.000,9999.000,9999.000
202605191424,   2.587,   2.440,9999.000,9999.000,9999.000,9999.000,9999.000,9999.000,9999.000
202605191430,   2.609,   2.459,9999.000,9999.000,9999.000,9999.000,9999.000,9999.000,9999.000
202605191436,   2.628,   2.459,9999.000,9999.000,9999.000,9999.000,9999.000,9999.000,9999.000
202605191442,   2.643,   2.479,9999.000,9999.000,9999.000,9999.000,9999.000,9999.000,9999.000
202605191448,   2.654,   2.519,9999.000,9999.000,9999.000,9999.000,9999.000,9999.000,9999.000
202605191454,   2.661,   2.519,9999.000,9999.000,9999.000,9999.000,9999.000,9999.000,9999.000
202605191500,   2.665,   2.499,  -0.200,   0.034,   2.499,  -0.200,   2.499,  -0.100,   2.599
202605191506,   2.666,   2.509,9999.000,9999.000,9999.000,9999.000,9999.000,9999.000,9999.000
202605191512,   2.662,   2.509,9999.000,9999.000,9999.000,9999.000,9999.000,9999.000,9999.000
202605191518,   2.656,   2.499,9999.000,9999.000,9999.000,9999.000,9999.000,9999.000,9999.000
202605191524,   2.645,   2.519,9999.000,9999.000,9999.000,9999.000,9999.000,9999.000,9999.000
202605191530,   2.632,   2.469,9999.000,9999.000,9999.000,9999.000,9999.000,9999.000,9999.000
202605191536,   2.615,   2.459,9999.000,9999.000,9999.000,9999.000,9999.000,9999.000,9999.000
202605191542,   2.595,   2.440,9999.000,9999.000,9999.000,9999.000,9999.000,9999.000,9999.000
202605191548,   2.572,   2.410,9999.000,9999.000,9999.000,9999.000,9999.000,9999.000,9999.000
202605191554,   2.546,   2.348,9999.000,9999.000,9999.000,9999.000,9999.000,9999.000,9999.000
202605191600,   2.517,   2.318,  -0.200,   0.001,   2.318,  -0.200,   2.318,  -0.100,   2.418
202605191606,   2.484,   2.269,9999.000,9999.000,9999.000,9999.000,9999.000,9999.000,9999.000
202605191612,   2.449,   2.250,9999.000,9999.000,9999.000,9999.000,9999.000,9999.000,9999.000
202605191618,   2.411,   2.210,9999.000,9999.000,9999.000,9999.000,9999.000,9999.000,9999.000
202605191624,   2.370,   2.210,9999.000,9999.000,9999.000,9999.000,9999.000,9999.000,9999.000
202605191630,   2.327,   2.148,9999.000,9999.000,9999.000,9999.000,9999.000,9999.000,9999.000
202605191636,   2.280,   2.089,9999.000,9999.000,9999.000,9999.000,9999.000,9999.000,9999.000
202605191642,   2.231,   2.040,9999.000,9999.000,9999.000,9999.000,9999.000,9999.000,9999.000
202605191648,   2.179,   1.990,9999.000,9999.000,9999.000,9999.000,9999.000,9999.000,9999.000
202605191654,   2.124,   1.948,9999.000,9999.000,9999.000,9999.000,9999.000,9999.000,9999.000
202605191700,   2.067,   1.918,  -0.200,   0.051,   1.918,  -0.200,   1.918,  -0.100,   2.018
202605191706,   2.007,   1.849,9999.000,9999.000,9999.000,9999.000,9999.000,9999.000,9999.000
202605191712,   1.945,   1.820,9999.000,9999.000,9999.000,9999.000,9999.000,9999.000,9999.000
202605191718,   1.880,   1.767,9999.000,9999.000,9999.000,9999.000,9999.000,9999.000,9999.000
202605191724,   1.813,   1.679,9999.000,9999.000,9999.000,9999.000,9999.000,9999.000,9999.000
202605191730,   1.744,   1.620,9999.000,9999.000,9999.000,9999.000,9999.000,9999.000,9999.000
202605191736,   1.673,   1.518,9999.000,9999.000,9999.000,9999.000,9999.000,9999.000,9999.000
202605191742,   1.601,   1.479,9999.000,9999.000,9999.000,9999.000,9999.000,9999.000,9999.000
202605191748,   1.526,   1.390,9999.000,9999.000,9999.000,9999.000,9999.000,9999.000,9999.000
202605191754,   1.450,   1.308,9999.000,9999.000,9999.000,9999.000,9999.000,9999.000,9999.000
202605191800,   1.373,   1.210,  -0.100,  -0.063,   1.210,  -0.100,   1.210,  -0.100,   1.210
202605191806,   1.295,   1.128,9999.000,9999.000,9999.000,9999.000,9999.000,9999.000,9999.000
202605191812,   1.217,   1.049,9999.000,9999.000,9999.000,9999.000,9999.000,9999.000,9999.000
202605191818,   1.138,   0.961,9999.000,9999.000,9999.000,9999.000,9999.000,9999.000,9999.000
202605191824,   1.058,   0.879,9999.000,9999.000,9999.000,9999.000,9999.000,9999.000,9999.000
202605191830,   0.979,   0.780,9999.000,9999.000,9999.000,9999.000,9999.000,9999.000,9999.000
202605191836,   0.900,   0.718,9999.000,9999.000,9999.000,9999.000,9999.000,9999.000,9999.000
202605191842,   0.822,   0.639,9999.000,9999.000,9999.000,9999.000,9999.000,9999.000,9999.000
202605191848,   0.745,   0.570,9999.000,9999.000,9999.000,9999.000,9999.000,9999.000,9999.000
202605191854,   0.669,   0.488,9999.000,9999.000,9999.000,9999.000,9999.000,9999.000,9999.000
202605191900,   0.595,   0.400,  -0.100,  -0.095,   0.400,  -0.100,   0.400,  -0.100,   0.400
202605191906,   0.523,   0.331,9999.000,9999.000,9999.000,9999.000,9999.000,9999.000,9999.000
202605191912,   0.452,   0.229,9999.000,9999.000,9999.000,9999.000,9999.000,9999.000,9999.000
202605191918,   0.385,   0.190,9999.000,9999.000,9999.000,9999.000,9999.000,9999.000,9999.000
202605191924,   0.320,   0.111,9999.000,9999.000,9999.000,9999.000,9999.000,9999.000,9999.000
202605191930,   0.258,   0.059,9999.000,9999.000,9999.000,9999.000,9999.000,9999.000,9999.000
202605191936,   0.199,  -0.009,9999.000,9999.000,9999.000,9999.000,9999.000,9999.000,9999.000
202605191942,   0.143,  -0.111,9999.000,9999.000,9999.000,9999.000,9999.000,9999.000,9999.000
202605191948,   0.091,  -0.141,9999.000,9999.000,9999.000,9999.000,9999.000,9999.000,9999.000
202605191954,   0.043,  -0.200,9999.000,9999.000,9999.000,9999.000,9999.000,9999.000,9999.000
202605192000,   0.000,  -0.259,  -0.100,  -0.159,  -0.259,  -0.200,  -0.359,  -0.100,  -0.259
202605192006,  -0.041,  -0.278,9999.000,9999.000,9999.000,9999.000,9999.000,9999.000,9999.000
202605192012,  -0.077,  -0.321,9999.000,9999.000,9999.000,9999.000,9999.000,9999.000,9999.000
202605192018,  -0.109,  -0.360,9999.000,9999.000,9999.000,9999.000,9999.000,9999.000,9999.000
202605192024,  -0.137,  -0.409,9999.000,9999.000,9999.000,9999.000,9999.000,9999.000,9999.000
202605192030,  -0.160,  -0.459,9999.000,9999.000,9999.000,9999.000,9999.000,9999.000,9999.000
202605192036,  -0.180,  -0.488,9999.000,9999.000,9999.000,9999.000,9999.000,9999.000,9999.000
202605192042,  -0.194,  -0.508,9999.000,9999.000,9999.000,9999.000,9999.000,9999.000,9999.000
202605192048,  -0.205,  -0.518,9999.000,9999.000,9999.000,9999.000,9999.000,9999.000,9999.000
202605192054,  -0.210,  -0.541,9999.000,9999.000,9999.000,9999.000,9999.000,9999.000,9999.000
202605192100,  -0.212,  -0.541,  -0.100,  -0.229,  -0.541,  -0.200,  -0.641,  -0.100,  -0.541
202605192106,  -0.209,  -0.531,9999.000,9999.000,9999.000,9999.000,9999.000,9999.000,9999.000
202605192112,  -0.202,  -0.551,9999.000,9999.000,9999.000,9999.000,9999.000,9999.000,9999.000
202605192118,  -0.191,  -0.518,9999.000,9999.000,9999.000,9999.000,9999.000,9999.000,9999.000
202605192124,  -0.175,  -0.508,9999.000,9999.000,9999.000,9999.000,9999.000,9999.000,9999.000
202605192130,  -0.155,  -0.478,9999.000,9999.000,9999.000,9999.000,9999.000,9999.000,9999.000
202605192136,  -0.131,  -0.459,9999.000,9999.000,9999.000,9999.000,9999.000,9999.000,9999.000
202605192142,  -0.103,  -0.449,9999.000,9999.000,9999.000,9999.000,9999.000,9999.000,9999.000
202605192148,  -0.072,  -0.419,9999.000,9999.000,9999.000,9999.000,9999.000,9999.000,9999.000
202605192154,  -0.036,  -0.380,9999.000,9999.000,9999.000,9999.000,9999.000,9999.000,9999.000
202605192200,   0.002,  -0.360,  -0.100,  -0.262,  -0.360,  -0.200,  -0.460,  -0.100,  -0.360
202605192206,   0.045,  -0.308,9999.000,9999.000,9999.000,9999.000,9999.000,9999.000,9999.000
202605192212,   0.092,  -0.249,9999.000,9999.000,9999.000,9999.000,9999.000,9999.000,9999.000
202605192218,   0.141,  -0.209,9999.000,9999.000,9999.000,9999.000,9999.000,9999.000,9999.000
202605192224,   0.194,  -0.141,9999.000,9999.000,9999.000,9999.000,9999.000,9999.000,9999.000
202605192230,   0.251,  -0.098,9999.000,9999.000,9999.000,9999.000,9999.000,9999.000,9999.000
202605192236,   0.310,   0.009,9999.000,9999.000,9999.000,9999.000,9999.000,9999.000,9999.000
202605192242,   0.372,   0.088,9999.000,9999.000,9999.000,9999.000,9999.000,9999.000,9999.000
202605192248,   0.437,   0.150,9999.000,9999.000,9999.000,9999.000,9999.000,9999.000,9999.000
202605192254,   0.504,   0.249,9999.000,9999.000,9999.000,9999.000,9999.000,9999.000,9999.000
202605192300,   0.574,   0.298,  -0.100,  -0.176,   0.298,  -0.200,   0.198,  -0.100,   0.298
202605192306,   0.646,   0.360,9999.000,9999.000,9999.000,9999.000,9999.000,9999.000,9999.000
202605192312,   0.721,   0.449,9999.000,9999.000,9999.000,9999.000,9999.000,9999.000,9999.000
202605192318,   0.797,   0.531,9999.000,9999.000,9999.000,9999.000,9999.000,9999.000,9999.000
202605192324,   0.875,   0.639,9999.000,9999.000,9999.000,9999.000,9999.000,9999.000,9999.000
202605192330,   0.955,   0.741,9999.000,9999.000,9999.000,9999.000,9999.000,9999.000,9999.000
202605192336,   1.036,   0.819,9999.000,9999.000,9999.000,9999.000,9999.000,9999.000,9999.000
202605192342,   1.119,   0.918,9999.000,9999.000,9999.000,9999.000,9999.000,9999.000,9999.000
202605192348,   1.203,   1.020,9999.000,9999.000,9999.000,9999.000,9999.000,9999.000,9999.000
202605192354,   1.288,   1.088,9999.000,9999.000,9999.000,9999.000,9999.000,9999.000,9999.000
202605200000,   1.373,   1.190,  -0.100,  -0.083,   1.190,  -0.200,   1.090,  -0.100,   1.190
202605200006,   1.460,   1.249,9999.000,9999.000,9999.000,9999.000,9999.000,9999.000,9999.000
202605200012,   1.546,   1.361,9999.000,9999.000,9999.000,9999.000,9999.000,9999.000,9999.000
202605200018,   1.633,   1.449,9999.000,9999.000,9999.000,9999.000,9999.000,9999.000,9999.000
202605200024,   1.720,   1.518,9999.000,9999.000,9999.000,9999.000,9999.000,9999.000,9999.000
202605200030,   1.807,   1.610,9999.000,9999.000,9999.000,9999.000,9999.000,9999.000,9999.000
202605200036,   1.894,   1.669,9999.000,9999.000,9999.000,9999.000,9999.000,9999.000,9999.000
202605200042,   1.980,   1.738,9999.000,9999.000,9999.000,9999.000,9999.000,9999.000,9999.000
202605200048,   2.065,   1.790,9999.000,9999.000,9999.000,9999.000,9999.000,9999.000,9999.000
202605200054,   2.149,   1.869,9999.000,9999.000,9999.000,9999.000,9999.000,9999.000,9999.000
202605200100,   2.232,   1.948,  -0.200,  -0.084,   1.948,  -0.200,   1.948,  -0.100,   2.048
202605200106,   2.314,   2.000,9999.000,9999.000,9999.000,9999.000,9999.000,9999.000,9999.000
202605200112,   2.394,   2.079,9999.000,9999.000,9999.000,9999.000,9999.000,9999.000,9999.000
202605200118,   2.472,   2.148,9999.000,9999.000,9999.000,9999.000,9999.000,9999.000,9999.000
202605200124,   2.548,   2.220,9999.000,9999.000,9999.000,9999.000,9999.000,9999.000,9999.000
202605200130,   2.621,   2.318,9999.000,9999.000,9999.000,9999.000,9999.000,9999.000,9999.000
202605200136,   2.693,   2.348,9999.000,9999.000,9999.000,9999.000,9999.000,9999.000,9999.000
202605200142,   2.761,   2.400,9999.000,9999.000,9999.000,9999.000,9999.000,9999.000,9999.000
202605200148,   2.827,   2.499,9999.000,9999.000,9999.000,9999.000,9999.000,9999.000,9999.000
202605200154,   2.890,   2.568,9999.000,9999.000,9999.000,9999.000,9999.000,9999.000,9999.000
202605200200,   2.949,   2.568,  -0.200,  -0.181,   2.568,  -0.300,   2.468,  -0.100,   2.668
202605200206,   3.005,   2.719,9999.000,9999.000,9999.000,9999.000,9999.000,9999.000,9999.000
202605200212,   3.058,   2.728,9999.000,9999.000,9999.000,9999.000,9999.000,9999.000,9999.000
202605200218,   3.107,   2.768,9999.000,9999.000,9999.000,9999.000,9999.000,9999.000,9999.000
202605200224,   3.152,   2.899,9999.000,9999.000,9999.000,9999.000,9999.000,9999.000,9999.000
202605200230,   3.194,   2.909,9999.000,9999.000,9999.000,9999.000,9999.000,9999.000,9999.000
202605200236,   3.232,   2.919,9999.000,9999.000,9999.000,9999.000,9999.000,9999.000,9999.000
202605200242,   3.265,   2.929,9999.000,9999.000,9999.000,9999.000,9999.000,9999.000,9999.000
202605200248,   3.295,   3.007,9999.000,9999.000,9999.000,9999.000,9999.000,9999.000,9999.000
202605200254,   3.321,   3.030,9999.000,9999.000,9999.000,9999.000,9999.000,9999.000,9999.000
202605200300,   3.343,   3.079,  -0.200,  -0.064,   3.079,  -0.300,   2.979,  -0.200,   3.079
202605200306,   3.360,   2.997,9999.000,9999.000,9999.000,9999.000,9999.000,9999.000,9999.000
202605200312,   3.374,   3.017,9999.000,9999.000,9999.000,9999.000,9999.000,9999.000,9999.000
202605200318,   3.384,   3.070,9999.000,9999.000,9999.000,9999.000,9999.000,9999.000,9999.000
202605200324,   3.390,   3.050,9999.000,9999.000,9999.000,9999.000,9999.000,9999.000,9999.000
202605200330,   3.393,   3.050,9999.000,9999.000,9999.000,9999.000,9999.000,9999.000,9999.000
202605200336,   3.391,   2.997,9999.000,9999.000,9999.000,9999.000,9999.000,9999.000,9999.000
202605200342,   3.386,   3.007,9999.000,9999.000,9999.000,9999.000,9999.000,9999.000,9999.000
202605200348,   3.378,   3.017,9999.000,9999.000,9999.000,9999.000,9999.000,9999.000,9999.000
202605200354,   3.366,   2.968,9999.000,9999.000,9999.000,9999.000,9999.000,9999.000,9999.000
202605200400,   3.350,   2.968,  -0.300,  -0.082,   2.968,  -0.400,   2.868,  -0.200,   3.068
202605200406,   3.331,   2.938,9999.000,9999.000,9999.000,9999.000,9999.000,9999.000,9999.000
202605200412,   3.309,   2.909,9999.000,9999.000,9999.000,9999.000,9999.000,9999.000,9999.000
202605200418,   3.283,   2.909,9999.000,9999.000,9999.000,9999.000,9999.000,9999.000,9999.000
202605200424,   3.254,   2.899,9999.000,9999.000,9999.000,9999.000,9999.000,9999.000,9999.000
202605200430,   3.222,   2.807,9999.000,9999.000,9999.000,9999.000,9999.000,9999.000,9999.000
202605200436,   3.187,   2.797,9999.000,9999.000,9999.000,9999.000,9999.000,9999.000,9999.000
202605200442,   3.149,   2.758,9999.000,9999.000,9999.000,9999.000,9999.000,9999.000,9999.000
202605200448,   3.108,   2.768,9999.000,9999.000,9999.000,9999.000,9999.000,9999.000,9999.000
202605200454,   3.063,   2.669,9999.000,9999.000,9999.000,9999.000,9999.000,9999.000,9999.000
202605200500,   3.016,   2.630,  -0.400,   0.014,   2.630,  -0.500,   2.530,  -0.300,   2.730
202605200506,   2.966,   2.578,9999.000,9999.000,9999.000,9999.000,9999.000,9999.000,9999.000
202605200512,   2.912,   2.509,9999.000,9999.000,9999.000,9999.000,9999.000,9999.000,9999.000
202605200518,   2.856,   2.499,9999.000,9999.000,9999.000,9999.000,9999.000,9999.000,9999.000
202605200524,   2.797,   2.430,9999.000,9999.000,9999.000,9999.000,9999.000,9999.000,9999.000
202605200530,   2.735,   2.368,9999.000,9999.000,9999.000,9999.000,9999.000,9999.000,9999.000
202605200536,   2.670,   2.299,9999.000,9999.000,9999.000,9999.000,9999.000,9999.000,9999.000
202605200542,   2.603,   2.210,9999.000,9999.000,9999.000,9999.000,9999.000,9999.000,9999.000
202605200548,   2.533,   2.109,9999.000,9999.000,9999.000,9999.000,9999.000,9999.000,9999.000
202605200554,   2.460,   2.040,9999.000,9999.000,9999.000,9999.000,9999.000,9999.000,9999.000
202605200600,   2.385,   2.040,  -0.400,   0.055,   2.040,  -0.500,   1.940,  -0.300,   2.140
202605200606,   2.308,9999.000,9999.000,9999.000,9999.000,9999.000,9999.000,9999.000,9999.000
202605200612,   2.229,9999.000,9999.000,9999.000,9999.000,9999.000,9999.000,9999.000,9999.000
202605200618,   2.148,9999.000,9999.000,9999.000,9999.000,9999.000,9999.000,9999.000,9999.000
202605200624,   2.066,9999.000,9999.000,9999.000,9999.000,9999.000,9999.000,9999.000,9999.000
202605200630,   1.981,9999.000,9999.000,9999.000,9999.000,9999.000,9999.000,9999.000,9999.000
202605200636,   1.896,9999.000,9999.000,9999.000,9999.000,9999.000,9999.000,9999.000,9999.000
202605200642,   1.810,9999.000,9999.000,9999.000,9999.000,9999.000,9999.000,9999.000,9999.000
202605200648,   1.723,9999.000,9999.000,9999.000,9999.000,9999.000,9999.000,9999.000,9999.000
202605200654,   1.636,9999.000,9999.000,9999.000,9999.000,9999.000,9999.000,9999.000,9999.000
202605200700,   1.548,9999.000,  -0.400,   0.044,   1.192,  -0.500,   1.092,  -0.300,   1.292
202605200706,   1.461,9999.000,9999.000,9999.000,9999.000,9999.000,9999.000,9999.000,9999.000
202605200712,   1.374,9999.000,9999.000,9999.000,9999.000,9999.000,9999.000,9999.000,9999.000
202605200718,   1.288,9999.000,9999.000,9999.000,9999.000,9999.000,9999.000,9999.000,9999.000
202605200724,   1.202,9999.000,9999.000,9999.000,9999.000,9999.000,9999.000,9999.000,9999.000
202605200730,   1.118,9999.000,9999.000,9999.000,9999.000,9999.000,9999.000,9999.000,9999.000
202605200736,   1.036,9999.000,9999.000,9999.000,9999.000,9999.000,9999.000,9999.000,9999.000
202605200742,   0.955,9999.000,9999.000,9999.000,9999.000,9999.000,9999.000,9999.000,9999.000
202605200748,   0.876,9999.000,9999.000,9999.000,9999.000,9999.000,9999.000,9999.000,9999.000
202605200754,   0.800,9999.000,9999.000,9999.000,9999.000,9999.000,9999.000,9999.000,9999.000
202605200800,   0.726,9999.000,  -0.400,   0.033,   0.359,  -0.500,   0.259,  -0.300,   0.459
202605200806,   0.655,9999.000,9999.000,9999.000,9999.000,9999.000,9999.000,9999.000,9999.000
202605200812,   0.586,9999.000,9999.000,9999.000,9999.000,9999.000,9999.000,9999.000,9999.000
202605200818,   0.521,9999.000,9999.000,9999.000,9999.000,9999.000,9999.000,9999.000,9999.000
202605200824,   0.459,9999.000,9999.000,9999.000,9999.000,9999.000,9999.000,9999.000,9999.000
202605200830,   0.400,9999.000,9999.000,9999.000,9999.000,9999.000,9999.000,9999.000,9999.000
202605200836,   0.344,9999.000,9999.000,9999.000,9999.000,9999.000,9999.000,9999.000,9999.000
202605200842,   0.292,9999.000,9999.000,9999.000,9999.000,9999.000,9999.000,9999.000,9999.000
202605200848,   0.243,9999.000,9999.000,9999.000,9999.000,9999.000,9999.000,9999.000,9999.000
202605200854,   0.198,9999.000,9999.000,9999.000,9999.000,9999.000,9999.000,9999.000,9999.000
202605200900,   0.157,9999.000,  -0.300,   0.022,  -0.121,  -0.400,  -0.221,  -0.300,  -0.121
202605200906,   0.120,9999.000,9999.000,9999.000,9999.000,9999.000,9999.000,9999.000,9999.000
202605200912,   0.086,9999.000,9999.000,9999.000,9999.000,9999.000,9999.000,9999.000,9999.000
202605200918,   0.056,9999.000,9999.000,9999.000,9999.000,9999.000,9999.000,9999.000,9999.000
202605200924,   0.030,9999.000,9999.000,9999.000,9999.000,9999.000,9999.000,9999.000,9999.000
202605200930,   0.008,9999.000,9999.000,9999.000,9999.000,9999.000,9999.000,9999.000,9999.000
202605200936,  -0.010,9999.000,9999.000,9999.000,9999.000,9999.000,9999.000,9999.000,9999.000
202605200942,  -0.024,9999.000,9999.000,9999.000,9999.000,9999.000,9999.000,9999.000,9999.000
202605200948,  -0.035,9999.000,9999.000,9999.000,9999.000,9999.000,9999.000,9999.000,9999.000
202605200954,  -0.042,9999.000,9999.000,9999.000,9999.000,9999.000,9999.000,9999.000,9999.000
202605201000,  -0.046,9999.000,  -0.300,   0.011,  -0.335,  -0.400,  -0.435,  -0.300,  -0.335
202605201006,  -0.046,9999.000,9999.000,9999.000,9999.000,9999.000,9999.000,9999.000,9999.000
202605201012,  -0.041,9999.000,9999.000,9999.000,9999.000,9999.000,9999.000,9999.000,9999.000
202605201018,  -0.034,9999.000,9999.000,9999.000,9999.000,9999.000,9999.000,9999.000,9999.000
202605201024,  -0.023,9999.000,9999.000,9999.000,9999.000,9999.000,9999.000,9999.000,9999.000
202605201030,  -0.008,9999.000,9999.000,9999.000,9999.000,9999.000,9999.000,9999.000,9999.000
202605201036,   0.010,9999.000,9999.000,9999.000,9999.000,9999.000,9999.000,9999.000,9999.000
202605201042,   0.031,9999.000,9999.000,9999.000,9999.000,9999.000,9999.000,9999.000,9999.000
202605201048,   0.056,9999.000,9999.000,9999.000,9999.000,9999.000,9999.000,9999.000,9999.000
202605201054,   0.085,9999.000,9999.000,9999.000,9999.000,9999.000,9999.000,9999.000,9999.000
202605201100,   0.117,9999.000,  -0.300,  -0.001,  -0.184,  -0.400,  -0.284,  -0.300,  -0.184
202605201106,   0.151,9999.000,9999.000,9999.000,9999.000,9999.000,9999.000,9999.000,9999.000
202605201112,   0.189,9999.000,9999.000,9999.000,9999.000,9999.000,9999.000,9999.000,9999.000
202605201118,   0.230,9999.000,9999.000,9999.000,9999.000,9999.000,9999.000,9999.000,9999.000
202605201124,   0.274,9999.000,9999.000,9999.000,9999.000,9999.000,9999.000,9999.000,9999.000
202605201130,   0.320,9999.000,9999.000,9999.000,9999.000,9999.000,9999.000,9999.000,9999.000
202605201136,   0.370,9999.000,9999.000,9999.000,9999.000,9999.000,9999.000,9999.000,9999.000
202605201142,   0.421,9999.000,9999.000,9999.000,9999.000,9999.000,9999.000,9999.000,9999.000
202605201148,   0.476,9999.000,9999.000,9999.000,9999.000,9999.000,9999.000,9999.000,9999.000
202605201154,   0.532,9999.000,9999.000,9999.000,9999.000,9999.000,9999.000,9999.000,9999.000
202605201200,   0.591,9999.000,  -0.300,  -0.012,   0.279,  -0.400,   0.179,  -0.300,   0.279
202605201206,   0.651,9999.000,9999.000,9999.000,9999.000,9999.000,9999.000,9999.000,9999.000
202605201212,   0.714,9999.000,9999.000,9999.000,9999.000,9999.000,9999.000,9999.000,9999.000
202605201218,   0.778,9999.000,9999.000,9999.000,9999.000,9999.000,9999.000,9999.000,9999.000
202605201224,   0.844,9999.000,9999.000,9999.000,9999.000,9999.000,9999.000,9999.000,9999.000
202605201230,   0.911,9999.000,9999.000,9999.000,9999.000,9999.000,9999.000,9999.000,9999.000
202605201236,   0.979,9999.000,9999.000,9999.000,9999.000,9999.000,9999.000,9999.000,9999.000
202605201242,   1.049,9999.000,9999.000,9999.000,9999.000,9999.000,9999.000,9999.000,9999.000
202605201248,   1.119,9999.000,9999.000,9999.000,9999.000,9999.000,9999.000,9999.000,9999.000
202605201254,   1.190,9999.000,9999.000,9999.000,9999.000,9999.000,9999.000,9999.000,9999.000
202605201300,   1.261,9999.000,  -0.400,  -0.023,   0.838,  -0.500,   0.738,  -0.300,   0.938
202605201306,   1.333,9999.000,9999.000,9999.000,9999.000,9999.000,9999.000,9999.000,9999.000
202605201312,   1.404,9999.000,9999.000,9999.000,9999.000,9999.000,9999.000,9999.000,9999.000
202605201318,   1.476,9999.000,9999.000,9999.000,9999.000,9999.000,9999.000,9999.000,9999.000
202605201324,   1.547,9999.000,9999.000,9999.000,9999.000,9999.000,9999.000,9999.000,9999.000
202605201330,   1.617,9999.000,9999.000,9999.000,9999.000,9999.000,9999.000,9999.000,9999.000
202605201336,   1.686,9999.000,9999.000,9999.000,9999.000,9999.000,9999.000,9999.000,9999.000
202605201342,   1.755,9999.000,9999.000,9999.000,9999.000,9999.000,9999.000,9999.000,9999.000
202605201348,   1.822,9999.000,9999.000,9999.000,9999.000,9999.000,9999.000,9999.000,9999.000
202605201354,   1.887,9999.000,9999.000,9999.000,9999.000,9999.000,9999.000,9999.000,9999.000
202605201400,   1.951,9999.000,  -0.400,  -0.034,   1.517,  -0.500,   1.417,  -0.300,   1.617
202605201406,   2.013,9999.000,9999.000,9999.000,9999.000,9999.000,9999.000,9999.000,9999.000
202605201412,   2.072,9999.000,9999.000,9999.000,9999.000,9999.000,9999.000,9999.000,9999.000
202605201418,   2.130,9999.000,9999.000,9999.000,9999.000,9999.000,9999.000,9999.000,9999.000
202605201424,   2.185,9999.000,9999.000,9999.000,9999.000,9999.000,9999.000,9999.000,9999.000
202605201430,   2.237,9999.000,9999.000,9999.000,9999.000,9999.000,9999.000,9999.000,9999.000
202605201436,   2.286,9999.000,9999.000,9999.000,9999.000,9999.000,9999.000,9999.000,9999.000
202605201442,   2.332,9999.000,9999.000,9999.000,9999.000,9999.000,9999.000,9999.000,9999.000
202605201448,   2.376,9999.000,9999.000,9999.000,9999.000,9999.000,9999.000,9999.000,9999.000
202605201454,   2.416,9999.000,9999.000,9999.000,9999.000,9999.000,9999.000,9999.000,9999.000
202605201500,   2.452,9999.000,  -0.400,  -0.045,   2.007,  -0.500,   1.907,  -0.300,   2.107
202605201506,   2.486,9999.000,9999.000,9999.000,9999.000,9999.000,9999.000,9999.000,9999.000
202605201512,   2.516,9999.000,9999.000,9999.000,9999.000,9999.000,9999.000,9999.000,9999.000
202605201518,   2.542,9999.000,9999.000,9999.000,9999.000,9999.000,9999.000,9999.000,9999.000
202605201524,   2.565,9999.000,9999.000,9999.000,9999.000,9999.000,9999.000,9999.000,9999.000
202605201530,   2.584,9999.000,9999.000,9999.000,9999.000,9999.000,9999.000,9999.000,9999.000
202605201536,   2.600,9999.000,9999.000,9999.000,9999.000,9999.000,9999.000,9999.000,9999.000
202605201542,   2.613,9999.000,9999.000,9999.000,9999.000,9999.000,9999.000,9999.000,9999.000
202605201548,   2.622,9999.000,9999.000,9999.000,9999.000,9999.000,9999.000,9999.000,9999.000
202605201554,   2.628,9999.000,9999.000,9999.000,9999.000,9999.000,9999.000,9999.000,9999.000
202605201600,   2.630,9999.000,  -0.400,  -0.056,   2.174,  -0.400,   2.174,  -0.300,   2.274
202605201606,   2.629,9999.000,9999.000,9999.000,9999.000,9999.000,9999.000,9999.000,9999.000
202605201612,   2.625,9999.000,9999.000,9999.000,9999.000,9999.000,9999.000,9999.000,9999.000
202605201618,   2.618,9999.000,9999.000,9999.000,9999.000,9999.000,9999.000,9999.000,9999.000
202605201624,   2.608,9999.000,9999.000,9999.000,9999.000,9999.000,9999.000,9999.000,9999.000
202605201630,   2.594,9999.000,9999.000,9999.000,9999.000,9999.000,9999.000,9999.000,9999.000
202605201636,   2.577,9999.000,9999.000,9999.000,9999.000,9999.000,9999.000,9999.000,9999.000
202605201642,   2.558,9999.000,9999.000,9999.000,9999.000,9999.000,9999.000,9999.000,9999.000
202605201648,   2.535,9999.000,9999.000,9999.000,9999.000,9999.000,9999.000,9999.000,9999.000
202605201654,   2.510,9999.000,9999.000,9999.000,9999.000,9999.000,9999.000,9999.000,9999.000
202605201700,   2.481,9999.000,  -0.300,  -0.067,   2.114,  -0.400,   2.014,  -0.200,   2.214
202605201706,   2.450,9999.000,9999.000,9999.000,9999.000,9999.000,9999.000,9999.000,9999.000
202605201712,   2.416,9999.000,9999.000,9999.000,9999.000,9999.000,9999.000,9999.000,9999.000
202605201718,   2.379,9999.000,9999.000,9999.000,9999.000,9999.000,9999.000,9999.000,9999.000
202605201724,   2.340,9999.000,9999.000,9999.000,9999.000,9999.000,9999.000,9999.000,9999.000
202605201730,   2.297,9999.000,9999.000,9999.000,9999.000,9999.000,9999.000,9999.000,9999.000
202605201736,   2.252,9999.000,9999.000,9999.000,9999.000,9999.000,9999.000,9999.000,9999.000
202605201742,   2.205,9999.000,9999.000,9999.000,9999.000,9999.000,9999.000,9999.000,9999.000
202605201748,   2.154,9999.000,9999.000,9999.000,9999.000,9999.000,9999.000,9999.000,9999.000
202605201754,   2.101,9999.000,9999.000,9999.000,9999.000,9999.000,9999.000,9999.000,9999.000
202605201800,   2.046,9999.000,  -0.300,  -0.078,   1.668,  -0.400,   1.568,  -0.200,   1.768
202605201806,   1.988,9999.000,9999.000,9999.000,9999.000,9999.000,9999.000,9999.000,9999.000
202605201812,   1.928,9999.000,9999.000,9999.000,9999.000,9999.000,9999.000,9999.000,9999.000
202605201818,   1.866,9999.000,9999.000,9999.000,9999.000,9999.000,9999.000,9999.000,9999.000
202605201824,   1.801,9999.000,9999.000,9999.000,9999.000,9999.000,9999.000,9999.000,9999.000
202605201830,   1.735,9999.000,9999.000,9999.000,9999.000,9999.000,9999.000,9999.000,9999.000
202605201836,   1.667,9999.000,9999.000,9999.000,9999.000,9999.000,9999.000,9999.000,9999.000
202605201842,   1.597,9999.000,9999.000,9999.000,9999.000,9999.000,9999.000,9999.000,9999.000
202605201848,   1.526,9999.000,9999.000,9999.000,9999.000,9999.000,9999.000,9999.000,9999.000
202605201854,   1.454,9999.000,9999.000,9999.000,9999.000,9999.000,9999.000,9999.000,9999.000
202605201900,   1.381,9999.000,  -0.300,  -0.078,   1.003,  -0.400,   0.903,  -0.200,   1.103
202605201906,   1.307,9999.000,9999.000,9999.000,9999.000,9999.000,9999.000,9999.000,9999.000
202605201912,   1.233,9999.000,9999.000,9999.000,9999.000,9999.000,9999.000,9999.000,9999.000
202605201918,   1.159,9999.000,9999.000,9999.000,9999.000,9999.000,9999.000,9999.000,9999.000
202605201924,   1.085,9999.000,9999.000,9999.000,9999.000,9999.000,9999.000,9999.000,9999.000
202605201930,   1.011,9999.000,9999.000,9999.000,9999.000,9999.000,9999.000,9999.000,9999.000
202605201936,   0.939,9999.000,9999.000,9999.000,9999.000,9999.000,9999.000,9999.000,9999.000
202605201942,   0.867,9999.000,9999.000,9999.000,9999.000,9999.000,9999.000,9999.000,9999.000
202605201948,   0.796,9999.000,9999.000,9999.000,9999.000,9999.000,9999.000,9999.000,9999.000
202605201954,   0.727,9999.000,9999.000,9999.000,9999.000,9999.000,9999.000,9999.000,9999.000
202605202000,   0.659,9999.000,  -0.300,  -0.078,   0.281,  -0.400,   0.181,  -0.200,   0.381
202605202006,   0.594,9999.000,9999.000,9999.000,9999.000,9999.000,9999.000,9999.000,9999.000
202605202012,   0.530,9999.000,9999.000,9999.000,9999.000,9999.000,9999.000,9999.000,9999.000
202605202018,   0.470,9999.000,9999.000,9999.000,9999.000,9999.000,9999.000,9999.000,9999.000
202605202024,   0.411,9999.000,9999.000,9999.000,9999.000,9999.000,9999.000,9999.000,9999.000
202605202030,   0.356,9999.000,9999.000,9999.000,9999.000,9999.000,9999.000,9999.000,9999.000
202605202036,   0.304,9999.000,9999.000,9999.000,9999.000,9999.000,9999.000,9999.000,9999.000
202605202042,   0.254,9999.000,9999.000,9999.000,9999.000,9999.000,9999.000,9999.000,9999.000
202605202048,   0.208,9999.000,9999.000,9999.000,9999.000,9999.000,9999.000,9999.000,9999.000
202605202054,   0.166,9999.000,9999.000,9999.000,9999.000,9999.000,9999.000,9999.000,9999.000
202605202100,   0.126,9999.000,  -0.300,  -0.078,  -0.252,  -0.400,  -0.352,  -0.200,  -0.152
202605202106,   0.091,9999.000,9999.000,9999.000,9999.000,9999.000,9999.000,9999.000,9999.000
202605202112,   0.059,9999.000,9999.000,9999.000,9999.000,9999.000,9999.000,9999.000,9999.000
202605202118,   0.030,9999.000,9999.000,9999.000,9999.000,9999.000,9999.000,9999.000,9999.000
202605202124,   0.005,9999.000,9999.000,9999.000,9999.000,9999.000,9999.000,9999.000,9999.000
202605202130,  -0.015,9999.000,9999.000,9999.000,9999.000,9999.000,9999.000,9999.000,9999.000
202605202136,  -0.032,9999.000,9999.000,9999.000,9999.000,9999.000,9999.000,9999.000,9999.000
202605202142,  -0.046,9999.000,9999.000,9999.000,9999.000,9999.000,9999.000,9999.000,9999.000
202605202148,  -0.055,9999.000,9999.000,9999.000,9999.000,9999.000,9999.000,9999.000,9999.000
202605202154,  -0.061,9999.000,9999.000,9999.000,9999.000,9999.000,9999.000,9999.000,9999.000
202605202200,  -0.064,9999.000,  -0.300,  -0.078,  -0.442,  -0.400,  -0.542,  -0.200,  -0.342
202605202206,  -0.062,9999.000,9999.000,9999.000,9999.000,9999.000,9999.000,9999.000,9999.000
202605202212,  -0.057,9999.000,9999.000,9999.000,9999.000,9999.000,9999.000,9999.000,9999.000
202605202218,  -0.048,9999.000,9999.000,9999.000,9999.000,9999.000,9999.000,9999.000,9999.000
202605202224,  -0.036,9999.000,9999.000,9999.000,9999.000,9999.000,9999.000,9999.000,9999.000
202605202230,  -0.020,9999.000,9999.000,9999.000,9999.000,9999.000,9999.000,9999.000,9999.000
202605202236,   0.000,9999.000,9999.000,9999.000,9999.000,9999.000,9999.000,9999.000,9999.000
202605202242,   0.022,9999.000,9999.000,9999.000,9999.000,9999.000,9999.000,9999.000,9999.000
202605202248,   0.049,9999.000,9999.000,9999.000,9999.000,9999.000,9999.000,9999.000,9999.000
202605202254,   0.079,9999.000,9999.000,9999.000,9999.000,9999.000,9999.000,9999.000,9999.000
202605202300,   0.113,9999.000,  -0.300,  -0.078,  -0.265,  -0.300,  -0.265,  -0.200,  -0.165
202605202306,   0.149,9999.000,9999.000,9999.000,9999.000,9999.000,9999.000,9999.000,9999.000
202605202312,   0.190,9999.000,9999.000,9999.000,9999.000,9999.000,9999.000,9999.000,9999.000
202605202318,   0.233,9999.000,9999.000,9999.000,9999.000,9999.000,9999.000,9999.000,9999.000
202605202324,   0.279,9999.000,9999.000,9999.000,9999.000,9999.000,9999.000,9999.000,9999.000
202605202330,   0.328,9999.000,9999.000,9999.000,9999.000,9999.000,9999.000,9999.000,9999.000
202605202336,   0.381,9999.000,9999.000,9999.000,9999.000,9999.000,9999.000,9999.000,9999.000
202605202342,   0.436,9999.000,9999.000,9999.000,9999.000,9999.000,9999.000,9999.000,9999.000
202605202348,   0.494,9999.000,9999.000,9999.000,9999.000,9999.000,9999.000,9999.000,9999.000
202605202354,   0.554,9999.000,9999.000,9999.000,9999.000,9999.000,9999.000,9999.000,9999.000
202605210000,   0.617,9999.000,  -0.300,  -0.078,   0.239,  -0.400,   0.139,  -0.200,   0.339
202605210006,   0.682,9999.000,9999.000,9999.000,9999.000,9999.000,9999.000,9999.000,9999.000
202605210012,   0.749,9999.000,9999.000,9999.000,9999.000,9999.000,9999.000,9999.000,9999.000
202605210018,   0.818,9999.000,9999.000,9999.000,9999.000,9999.000,9999.000,9999.000,9999.000
202605210024,   0.890,9999.000,9999.000,9999.000,9999.000,9999.000,9999.000,9999.000,9999.000
202605210030,   0.963,9999.000,9999.000,9999.000,9999.000,9999.000,9999.000,9999.000,9999.000
202605210036,   1.037,9999.000,9999.000,9999.000,9999.000,9999.000,9999.000,9999.000,9999.000
202605210042,   1.113,9999.000,9999.000,9999.000,9999.000,9999.000,9999.000,9999.000,9999.000
202605210048,   1.190,9999.000,9999.000,9999.000,9999.000,9999.000,9999.000,9999.000,9999.000
202605210054,   1.269,9999.000,9999.000,9999.000,9999.000,9999.000,9999.000,9999.000,9999.000
202605210100,   1.348,9999.000,  -0.300,  -0.078,   0.970,  -0.400,   0.870,  -0.200,   1.070
202605210106,   1.428,9999.000,9999.000,9999.000,9999.000,9999.000,9999.000,9999.000,9999.000
202605210112,   1.508,9999.000,9999.000,9999.000,9999.000,9999.000,9999.000,9999.000,9999.000
202605210118,   1.588,9999.000,9999.000,9999.000,9999.000,9999.000,9999.000,9999.000,9999.000
202605210124,   1.669,9999.000,9999.000,9999.000,9999.000,9999.000,9999.000,9999.000,9999.000
202605210130,   1.750,9999.000,9999.000,9999.000,9999.000,9999.000,9999.000,9999.000,9999.000
202605210136,   1.830,9999.000,9999.000,9999.000,9999.000,9999.000,9999.000,9999.000,9999.000
202605210142,   1.909,9999.000,9999.000,9999.000,9999.000,9999.000,9999.000,9999.000,9999.000
202605210148,   1.988,9999.000,9999.000,9999.000,9999.000,9999.000,9999.000,9999.000,9999.000
202605210154,   2.066,9999.000,9999.000,9999.000,9999.000,9999.000,9999.000,9999.000,9999.000
202605210200,   2.143,9999.000,  -0.400,  -0.078,   1.665,  -0.500,   1.565,  -0.200,   1.865
202605210206,   2.218,9999.000,9999.000,9999.000,9999.000,9999.000,9999.000,9999.000,9999.000
202605210212,   2.292,9999.000,9999.000,9999.000,9999.000,9999.000,9999.000,9999.000,9999.000
202605210218,   2.364,9999.000,9999.000,9999.000,9999.000,9999.000,9999.000,9999.000,9999.000
202605210224,   2.434,9999.000,9999.000,9999.000,9999.000,9999.000,9999.000,9999.000,9999.000
202605210230,   2.501,9999.000,9999.000,9999.000,9999.000,9999.000,9999.000,9999.000,9999.000
202605210236,   2.567,9999.000,9999.000,9999.000,9999.000,9999.000,9999.000,9999.000,9999.000
202605210242,   2.629,9999.000,9999.000,9999.000,9999.000,9999.000,9999.000,9999.000,9999.000
202605210248,   2.689,9999.000,9999.000,9999.000,9999.000,9999.000,9999.000,9999.000,9999.000
202605210254,   2.746,9999.000,9999.000,9999.000,9999.000,9999.000,9999.000,9999.000,9999.000
202605210300,   2.800,9999.000,  -0.400,  -0.078,   2.322,  -0.500,   2.222,  -0.300,   2.422
202605210306,   2.850,9999.000,9999.000,9999.000,9999.000,9999.000,9999.000,9999.000,9999.000
202605210312,   2.898,9999.000,9999.000,9999.000,9999.000,9999.000,9999.000,9999.000,9999.000
202605210318,   2.942,9999.000,9999.000,9999.000,9999.000,9999.000,9999.000,9999.000,9999.000
202605210324,   2.982,9999.000,9999.000,9999.000,9999.000,9999.000,9999.000,9999.000,9999.000
202605210330,   3.019,9999.000,9999.000,9999.000,9999.000,9999.000,9999.000,9999.000,9999.000
202605210336,   3.053,9999.000,9999.000,9999.000,9999.000,9999.000,9999.000,9999.000,9999.000
202605210342,   3.083,9999.000,9999.000,9999.000,9999.000,9999.000,9999.000,9999.000,9999.000
202605210348,   3.109,9999.000,9999.000,9999.000,9999.000,9999.000,9999.000,9999.000,9999.000
202605210354,   3.132,9999.000,9999.000,9999.000,9999.000,9999.000,9999.000,9999.000,9999.000
202605210400,   3.151,9999.000,  -0.400,  -0.078,   2.673,  -0.500,   2.573,  -0.300,   2.773
202605210406,   3.166,9999.000,9999.000,9999.000,9999.000,9999.000,9999.000,9999.000,9999.000
202605210412,   3.178,9999.000,9999.000,9999.000,9999.000,9999.000,9999.000,9999.000,9999.000
202605210418,   3.186,9999.000,9999.000,9999.000,9999.000,9999.000,9999.000,9999.000,9999.000
202605210424,   3.191,9999.000,9999.000,9999.000,9999.000,9999.000,9999.000,9999.000,9999.000
202605210430,   3.193,9999.000,9999.000,9999.000,9999.000,9999.000,9999.000,9999.000,9999.000
202605210436,   3.191,9999.000,9999.000,9999.000,9999.000,9999.000,9999.000,9999.000,9999.000
202605210442,   3.186,9999.000,9999.000,9999.000,9999.000,9999.000,9999.000,9999.000,9999.000
202605210448,   3.177,9999.000,9999.000,9999.000,9999.000,9999.000,9999.000,9999.000,9999.000
202605210454,   3.166,9999.000,9999.000,9999.000,9999.000,9999.000,9999.000,9999.000,9999.000
202605210500,   3.151,9999.000,  -0.400,  -0.078,   2.673,  -0.500,   2.573,  -0.300,   2.773
202605210506,   3.133,9999.000,9999.000,9999.000,9999.000,9999.000,9999.000,9999.000,9999.000
202605210512,   3.113,9999.000,9999.000,9999.000,9999.000,9999.000,9999.000,9999.000,9999.000
202605210518,   3.089,9999.000,9999.000,9999.000,9999.000,9999.000,9999.000,9999.000,9999.000
202605210524,   3.062,9999.000,9999.000,9999.000,9999.000,9999.000,9999.000,9999.000,9999.000
202605210530,   3.032,9999.000,9999.000,9999.000,9999.000,9999.000,9999.000,9999.000,9999.000
202605210536,   2.999,9999.000,9999.000,9999.000,9999.000,9999.000,9999.000,9999.000,9999.000
202605210542,   2.964,9999.000,9999.000,9999.000,9999.000,9999.000,9999.000,9999.000,9999.000
202605210548,   2.925,9999.000,9999.000,9999.000,9999.000,9999.000,9999.000,9999.000,9999.000
202605210554,   2.884,9999.000,9999.000,9999.000,9999.000,9999.000,9999.000,9999.000,9999.000
202605210600,   2.839,9999.000,  -0.400,  -0.078,   2.361,  -0.500,   2.261,  -0.300,   2.461
202605210606,   2.792,9999.000,9999.000,9999.000,9999.000,9999.000,9999.000,9999.000,9999.000
202605210612,   2.743,9999.000,9999.000,9999.000,9999.000,9999.000,9999.000,9999.000,9999.000
202605210618,   2.690,9999.000,9999.000,9999.000,9999.000,9999.000,9999.000,9999.000,9999.000
202605210624,   2.635,9999.000,9999.000,9999.000,9999.000,9999.000,9999.000,9999.000,9999.000
202605210630,   2.577,9999.000,9999.000,9999.000,9999.000,9999.000,9999.000,9999.000,9999.000
202605210636,   2.516,9999.000,9999.000,9999.000,9999.000,9999.000,9999.000,9999.000,9999.000
202605210642,   2.454,9999.000,9999.000,9999.000,9999.000,9999.000,9999.000,9999.000,9999.000
202605210648,   2.389,9999.000,9999.000,9999.000,9999.000,9999.000,9999.000,9999.000,9999.000
202605210654,   2.321,9999.000,9999.000,9999.000,9999.000,9999.000,9999.000,9999.000,9999.000
202605210700,   2.252,9999.000,  -0.300,  -0.078,   1.874,  -0.500,   1.674,  -0.200,   1.974
202605210706,   2.181,9999.000,9999.000,9999.000,9999.000,9999.000,9999.000,9999.000,9999.000
202605210712,   2.108,9999.000,9999.000,9999.000,9999.000,9999.000,9999.000,9999.000,9999.000
202605210718,   2.034,9999.000,9999.000,9999.000,9999.000,9999.000,9999.000,9999.000,9999.000
202605210724,   1.958,9999.000,9999.000,9999.000,9999.000,9999.000,9999.000,9999.000,9999.000
202605210730,   1.881,9999.000,9999.000,9999.000,9999.000,9999.000,9999.000,9999.000,9999.000
202605210736,   1.804,9999.000,9999.000,9999.000,9999.000,9999.000,9999.000,9999.000,9999.000
202605210742,   1.725,9999.000,9999.000,9999.000,9999.000,9999.000,9999.000,9999.000,9999.000
202605210748,   1.647,9999.000,9999.000,9999.000,9999.000,9999.000,9999.000,9999.000,9999.000
202605210754,   1.568,9999.000,9999.000,9999.000,9999.000,9999.000,9999.000,9999.000,9999.000
202605210800,   1.489,9999.000,  -0.300,  -0.078,   1.111,  -0.400,   1.011,  -0.200,   1.211
202605210806,   1.411,9999.000,9999.000,9999.000,9999.000,9999.000,9999.000,9999.000,9999.000
202605210812,   1.334,9999.000,9999.000,9999.000,9999.000,9999.000,9999.000,9999.000,9999.000
202605210818,   1.257,9999.000,9999.000,9999.000,9999.000,9999.000,9999.000,9999.000,9999.000
202605210824,   1.181,9999.000,9999.000,9999.000,9999.000,9999.000,9999.000,9999.000,9999.000
202605210830,   1.107,9999.000,9999.000,9999.000,9999.000,9999.000,9999.000,9999.000,9999.000
202605210836,   1.034,9999.000,9999.000,9999.000,9999.000,9999.000,9999.000,9999.000,9999.000
202605210842,   0.962,9999.000,9999.000,9999.000,9999.000,9999.000,9999.000,9999.000,9999.000
202605210848,   0.893,9999.000,9999.000,9999.000,9999.000,9999.000,9999.000,9999.000,9999.000
202605210854,   0.826,9999.000,9999.000,9999.000,9999.000,9999.000,9999.000,9999.000,9999.000
202605210900,   0.761,9999.000,  -0.300,  -0.078,   0.383,  -0.400,   0.283,  -0.100,   0.583
202605210906,   0.698,9999.000,9999.000,9999.000,9999.000,9999.000,9999.000,9999.000,9999.000
202605210912,   0.638,9999.000,9999.000,9999.000,9999.000,9999.000,9999.000,9999.000,9999.000
202605210918,   0.580,9999.000,9999.000,9999.000,9999.000,9999.000,9999.000,9999.000,9999.000
202605210924,   0.525,9999.000,9999.000,9999.000,9999.000,9999.000,9999.000,9999.000,9999.000
202605210930,   0.473,9999.000,9999.000,9999.000,9999.000,9999.000,9999.000,9999.000,9999.000
202605210936,   0.423,9999.000,9999.000,9999.000,9999.000,9999.000,9999.000,9999.000,9999.000
202605210942,   0.377,9999.000,9999.000,9999.000,9999.000,9999.000,9999.000,9999.000,9999.000
202605210948,   0.334,9999.000,9999.000,9999.000,9999.000,9999.000,9999.000,9999.000,9999.000
202605210954,   0.293,9999.000,9999.000,9999.000,9999.000,9999.000,9999.000,9999.000,9999.000
202605211000,   0.256,9999.000,  -0.200,  -0.078,  -0.022,  -0.300,  -0.122,  -0.100,   0.078
202605211006,   0.222,9999.000,9999.000,9999.000,9999.000,9999.000,9999.000,9999.000,9999.000
202605211012,   0.191,9999.000,9999.000,9999.000,9999.000,9999.000,9999.000,9999.000,9999.000
202605211018,   0.164,9999.000,9999.000,9999.000,9999.000,9999.000,9999.000,9999.000,9999.000
202605211024,   0.140,9999.000,9999.000,9999.000,9999.000,9999.000,9999.000,9999.000,9999.000
202605211030,   0.119,9999.000,9999.000,9999.000,9999.000,9999.000,9999.000,9999.000,9999.000
202605211036,   0.101,9999.000,9999.000,9999.000,9999.000,9999.000,9999.000,9999.000,9999.000
202605211042,   0.087,9999.000,9999.000,9999.000,9999.000,9999.000,9999.000,9999.000,9999.000
202605211048,   0.076,9999.000,9999.000,9999.000,9999.000,9999.000,9999.000,9999.000,9999.000
202605211054,   0.069,9999.000,9999.000,9999.000,9999.000,9999.000,9999.000,9999.000,9999.000
202605211100,   0.065,9999.000,  -0.200,  -0.078,  -0.213,  -0.200,  -0.213,  -0.100,  -0.113
202605211106,   0.064,9999.000,9999.000,9999.000,9999.000,9999.000,9999.000,9999.000,9999.000
202605211112,   0.067,9999.000,9999.000,9999.000,9999.000,9999.000,9999.000,9999.000,9999.000
202605211118,   0.073,9999.000,9999.000,9999.000,9999.000,9999.000,9999.000,9999.000,9999.000
202605211124,   0.083,9999.000,9999.000,9999.000,9999.000,9999.000,9999.000,9999.000,9999.000
202605211130,   0.096,9999.000,9999.000,9999.000,9999.000,9999.000,9999.000,9999.000,9999.000
202605211136,   0.112,9999.000,9999.000,9999.000,9999.000,9999.000,9999.000,9999.000,9999.000
202605211142,   0.132,9999.000,9999.000,9999.000,9999.000,9999.000,9999.000,9999.000,9999.000
202605211148,   0.155,9999.000,9999.000,9999.000,9999.000,9999.000,9999.000,9999.000,9999.000
202605211154,   0.181,9999.000,9999.000,9999.000,9999.000,9999.000,9999.000,9999.000,9999.000
202605211200,   0.211,9999.000,  -0.100,  -0.078,   0.033,  -0.200,  -0.067,  -0.100,   0.033
202605211206,   0.243,9999.000,9999.000,9999.000,9999.000,9999.000,9999.000,9999.000,9999.000
202605211212,   0.279,9999.000,9999.000,9999.000,9999.000,9999.000,9999.000,9999.000,9999.000
202605211218,   0.318,9999.000,9999.000,9999.000,9999.000,9999.000,9999.000,9999.000,9999.000
202605211224,   0.359,9999.000,9999.000,9999.000,9999.000,9999.000,9999.000,9999.000,9999.000
202605211230,   0.404,9999.000,9999.000,9999.000,9999.000,9999.000,9999.000,9999.000,9999.000
202605211236,   0.451,9999.000,9999.000,9999.000,9999.000,9999.000,9999.000,9999.000,9999.000
202605211242,   0.500,9999.000,9999.000,9999.000,9999.000,9999.000,9999.000,9999.000,9999.000
202605211248,   0.552,9999.000,9999.000,9999.000,9999.000,9999.000,9999.000,9999.000,9999.000
202605211254,   0.607,9999.000,9999.000,9999.000,9999.000,9999.000,9999.000,9999.000,9999.000
202605211300,   0.663,9999.000,  -0.100,  -0.078,   0.485,  -0.200,   0.385,   0.000,   0.585
202605211306,   0.721,9999.000,9999.000,9999.000,9999.000,9999.000,9999.000,9999.000,9999.000
202605211312,   0.782,9999.000,9999.000,9999.000,9999.000,9999.000,9999.000,9999.000,9999.000
202605211318,   0.844,9999.000,9999.000,9999.000,9999.000,9999.000,9999.000,9999.000,9999.000
202605211324,   0.907,9999.000,9999.000,9999.000,9999.000,9999.000,9999.000,9999.000,9999.000
202605211330,   0.972,9999.000,9999.000,9999.000,9999.000,9999.000,9999.000,9999.000,9999.000
202605211336,   1.038,9999.000,9999.000,9999.000,9999.000,9999.000,9999.000,9999.000,9999.000
202605211342,   1.105,9999.000,9999.000,9999.000,9999.000,9999.000,9999.000,9999.000,9999.000
202605211348,   1.172,9999.000,9999.000,9999.000,9999.000,9999.000,9999.000,9999.000,9999.000
202605211354,   1.241,9999.000,9999.000,9999.000,9999.000,9999.000,9999.000,9999.000,9999.000
202605211400,   1.309,9999.000,  -0.100,  -0.078,   1.131,  -0.200,   1.031,   0.000,   1.231
202605211406,   1.378,9999.000,9999.000,9999.000,9999.000,9999.000,9999.000,9999.000,9999.000
202605211412,   1.447,9999.000,9999.000,9999.000,9999.000,9999.000,9999.000,9999.000,9999.000
202605211418,   1.515,9999.000,9999.000,9999.000,9999.000,9999.000,9999.000,9999.000,9999.000
202605211424,   1.583,9999.000,9999.000,9999.000,9999.000,9999.000,9999.000,9999.000,9999.000
202605211430,   1.650,9999.000,9999.000,9999.000,9999.000,9999.000,9999.000,9999.000,9999.000
202605211436,   1.716,9999.000,9999.000,9999.000,9999.000,9999.000,9999.000,9999.000,9999.000
202605211442,   1.782,9999.000,9999.000,9999.000,9999.000,9999.000,9999.000,9999.000,9999.000
202605211448,   1.845,9999.000,9999.000,9999.000,9999.000,9999.000,9999.000,9999.000,9999.000
202605211454,   1.907,9999.000,9999.000,9999.000,9999.000,9999.000,9999.000,9999.000,9999.000
202605211500,   1.968,9999.000,   0.000,  -0.078,   1.890,  -0.100,   1.790,   0.000,   1.890
202605211506,   2.026,9999.000,9999.000,9999.000,9999.000,9999.000,9999.000,9999.000,9999.000
202605211512,   2.083,9999.000,9999.000,9999.000,9999.000,9999.000,9999.000,9999.000,9999.000
202605211518,   2.137,9999.000,9999.000,9999.000,9999.000,9999.000,9999.000,9999.000,9999.000
202605211524,   2.188,9999.000,9999.000,9999.000,9999.000,9999.000,9999.000,9999.000,9999.000
202605211530,   2.237,9999.000,9999.000,9999.000,9999.000,9999.000,9999.000,9999.000,9999.000
202605211536,   2.284,9999.000,9999.000,9999.000,9999.000,9999.000,9999.000,9999.000,9999.000
202605211542,   2.327,9999.000,9999.000,9999.000,9999.000,9999.000,9999.000,9999.000,9999.000
202605211548,   2.368,9999.000,9999.000,9999.000,9999.000,9999.000,9999.000,9999.000,9999.000
202605211554,   2.405,9999.000,9999.000,9999.000,9999.000,9999.000,9999.000,9999.000,9999.000
202605211600,   2.439,9999.000,   0.000,  -0.078,   2.361,  -0.100,   2.261,   0.000,   2.361
202605211606,   2.470,9999.000,9999.000,9999.000,9999.000,9999.000,9999.000,9999.000,9999.000
202605211612,   2.498,9999.000,9999.000,9999.000,9999.000,9999.000,9999.000,9999.000,9999.000
202605211618,   2.523,9999.000,9999.000,9999.000,9999.000,9999.000,9999.000,9999.000,9999.000
202605211624,   2.545,9999.000,9999.000,9999.000,9999.000,9999.000,9999.000,9999.000,9999.000
202605211630,   2.563,9999.000,9999.000,9999.000,9999.000,9999.000,9999.000,9999.000,9999.000
202605211636,   2.578,9999.000,9999.000,9999.000,9999.000,9999.000,9999.000,9999.000,9999.000
202605211642,   2.590,9999.000,9999.000,9999.000,9999.000,9999.000,9999.000,9999.000,9999.000
202605211648,   2.599,9999.000,9999.000,9999.000,9999.000,9999.000,9999.000,9999.000,9999.000
202605211654,   2.604,9999.000,9999.000,9999.000,9999.000,9999.000,9999.000,9999.000,9999.000
202605211700,   2.607,9999.000,   0.000,  -0.078,   2.529,   0.000,   2.529,   0.100,   2.629
202605211706,   2.606,9999.000,9999.000,9999.000,9999.000,9999.000,9999.000,9999.000,9999.000
202605211712,   2.602,9999.000,9999.000,9999.000,9999.000,9999.000,9999.000,9999.000,9999.000
202605211718,   2.596,9999.000,9999.000,9999.000,9999.000,9999.000,9999.000,9999.000,9999.000
202605211724,   2.587,9999.000,9999.000,9999.000,9999.000,9999.000,9999.000,9999.000,9999.000
202605211730,   2.574,9999.000,9999.000,9999.000,9999.000,9999.000,9999.000,9999.000,9999.000
202605211736,   2.559,9999.000,9999.000,9999.000,9999.000,9999.000,9999.000,9999.000,9999.000
202605211742,   2.541,9999.000,9999.000,9999.000,9999.000,9999.000,9999.000,9999.000,9999.000
202605211748,   2.520,9999.000,9999.000,9999.000,9999.000,9999.000,9999.000,9999.000,9999.000
202605211754,   2.497,9999.000,9999.000,9999.000,9999.000,9999.000,9999.000,9999.000,9999.000
202605211800,   2.471,9999.000,   0.100,  -0.078,   2.493,   0.000,   2.393,   0.200,   2.593
202605211806,   2.442,9999.000,9999.000,9999.000,9999.000,9999.000,9999.000,9999.000,9999.000
202605211812,   2.410,9999.000,9999.000,9999.000,9999.000,9999.000,9999.000,9999.000,9999.000
202605211818,   2.376,9999.000,9999.000,9999.000,9999.000,9999.000,9999.000,9999.000,9999.000
202605211824,   2.339,9999.000,9999.000,9999.000,9999.000,9999.000,9999.000,9999.000,9999.000
202605211830,   2.299,9999.000,9999.000,9999.000,9999.000,9999.000,9999.000,9999.000,9999.000
202605211836,   2.257,9999.000,9999.000,9999.000,9999.000,9999.000,9999.000,9999.000,9999.000
202605211842,   2.213,9999.000,9999.000,9999.000,9999.000,9999.000,9999.000,9999.000,9999.000
202605211848,   2.166,9999.000,9999.000,9999.000,9999.000,9999.000,9999.000,9999.000,9999.000
202605211854,   2.117,9999.000,9999.000,9999.000,9999.000,9999.000,9999.000,9999.000,9999.000
202605211900,   2.065,9999.000,   0.200,  -0.078,   2.187,   0.000,   1.987,   0.300,   2.287
202605211906,   2.012,9999.000,9999.000,9999.000,9999.000,9999.000,9999.000,9999.000,9999.000
202605211912,   1.956,9999.000,9999.000,9999.000,9999.000,9999.000,9999.000,9999.000,9999.000
202605211918,   1.898,9999.000,9999.000,9999.000,9999.000,9999.000,9999.000,9999.000,9999.000
202605211924,   1.838,9999.000,9999.000,9999.000,9999.000,9999.000,9999.000,9999.000,9999.000
202605211930,   1.777,9999.000,9999.000,9999.000,9999.000,9999.000,9999.000,9999.000,9999.000
202605211936,   1.714,9999.000,9999.000,9999.000,9999.000,9999.000,9999.000,9999.000,9999.000
202605211942,   1.650,9999.000,9999.000,9999.000,9999.000,9999.000,9999.000,9999.000,9999.000
202605211948,   1.585,9999.000,9999.000,9999.000,9999.000,9999.000,9999.000,9999.000,9999.000
202605211954,   1.519,9999.000,9999.000,9999.000,9999.000,9999.000,9999.000,9999.000,9999.000
202605212000,   1.452,9999.000,   0.300,  -0.078,   1.674,   0.100,   1.474,   0.500,   1.874
202605212006,   1.385,9999.000,9999.000,9999.000,9999.000,9999.000,9999.000,9999.000,9999.000
202605212012,   1.317,9999.000,9999.000,9999.000,9999.000,9999.000,9999.000,9999.000,9999.000
202605212018,   1.250,9999.000,9999.000,9999.000,9999.000,9999.000,9999.000,9999.000,9999.000
202605212024,   1.182,9999.000,9999.000,9999.000,9999.000,9999.000,9999.000,9999.000,9999.000
202605212030,   1.116,9999.000,9999.000,9999.000,9999.000,9999.000,9999.000,9999.000,9999.000
202605212036,   1.049,9999.000,9999.000,9999.000,9999.000,9999.000,9999.000,9999.000,9999.000
202605212042,   0.984,9999.000,9999.000,9999.000,9999.000,9999.000,9999.000,9999.000,9999.000
202605212048,   0.920,9999.000,9999.000,9999.000,9999.000,9999.000,9999.000,9999.000,9999.000
202605212054,   0.857,9999.000,9999.000,9999.000,9999.000,9999.000,9999.000,9999.000,9999.000
202605212100,   0.795,9999.000,   0.400,  -0.078,   1.117,   0.200,   0.917,   0.500,   1.217
202605212106,   0.735,9999.000,9999.000,9999.000,9999.000,9999.000,9999.000,9999.000,9999.000
202605212112,   0.677,9999.000,9999.000,9999.000,9999.000,9999.000,9999.000,9999.000,9999.000
202605212118,   0.622,9999.000,9999.000,9999.000,9999.000,9999.000,9999.000,9999.000,9999.000
202605212124,   0.568,9999.000,9999.000,9999.000,9999.000,9999.000,9999.000,9999.000,9999.000
202605212130,   0.517,9999.000,9999.000,9999.000,9999.000,9999.000,9999.000,9999.000,9999.000
202605212136,   0.468,9999.000,9999.000,9999.000,9999.000,9999.000,9999.000,9999.000,9999.000
202605212142,   0.421,9999.000,9999.000,9999.000,9999.000,9999.000,9999.000,9999.000,9999.000
202605212148,   0.378,9999.000,9999.000,9999.000,9999.000,9999.000,9999.000,9999.000,9999.000
202605212154,   0.337,9999.000,9999.000,9999.000,9999.000,9999.000,9999.000,9999.000,9999.000
202605212200,   0.298,9999.000,   0.400,  -0.078,   0.620,   0.200,   0.420,   0.600,   0.820
202605212206,   0.263,9999.000,9999.000,9999.000,9999.000,9999.000,9999.000,9999.000,9999.000
202605212212,   0.231,9999.000,9999.000,9999.000,9999.000,9999.000,9999.000,9999.000,9999.000
202605212218,   0.202,9999.000,9999.000,9999.000,9999.000,9999.000,9999.000,9999.000,9999.000
202605212224,   0.176,9999.000,9999.000,9999.000,9999.000,9999.000,9999.000,9999.000,9999.000
202605212230,   0.153,9999.000,9999.000,9999.000,9999.000,9999.000,9999.000,9999.000,9999.000
202605212236,   0.133,9999.000,9999.000,9999.000,9999.000,9999.000,9999.000,9999.000,9999.000
202605212242,   0.116,9999.000,9999.000,9999.000,9999.000,9999.000,9999.000,9999.000,9999.000
202605212248,   0.103,9999.000,9999.000,9999.000,9999.000,9999.000,9999.000,9999.000,9999.000
202605212254,   0.093,9999.000,9999.000,9999.000,9999.000,9999.000,9999.000,9999.000,9999.000
202605212300,   0.086,9999.000,   0.500,  -0.078,   0.508,   0.300,   0.308,   0.600,   0.608
202605212306,   0.083,9999.000,9999.000,9999.000,9999.000,9999.000,9999.000,9999.000,9999.000
202605212312,   0.083,9999.000,9999.000,9999.000,9999.000,9999.000,9999.000,9999.000,9999.000
202605212318,   0.086,9999.000,9999.000,9999.000,9999.000,9999.000,9999.000,9999.000,9999.000
202605212324,   0.093,9999.000,9999.000,9999.000,9999.000,9999.000,9999.000,9999.000,9999.000
202605212330,   0.103,9999.000,9999.000,9999.000,9999.000,9999.000,9999.000,9999.000,9999.000
202605212336,   0.117,9999.000,9999.000,9999.000,9999.000,9999.000,9999.000,9999.000,9999.000
202605212342,   0.133,9999.000,9999.000,9999.000,9999.000,9999.000,9999.000,9999.000,9999.000
202605212348,   0.154,9999.000,9999.000,9999.000,9999.000,9999.000,9999.000,9999.000,9999.000
202605212354,   0.177,9999.000,9999.000,9999.000,9999.000,9999.000,9999.000,9999.000,9999.000
202605220000,   0.204,9999.000,   0.500,  -0.078,   0.626,   0.400,   0.526,   0.700,   0.826
202605220006,   0.234,9999.000,9999.000,9999.000,9999.000,9999.000,9999.000,9999.000,9999.000
202605220012,   0.267,9999.000,9999.000,9999.000,9999.000,9999.000,9999.000,9999.000,9999.000
202605220018,   0.303,9999.000,9999.000,9999.000,9999.000,9999.000,9999.000,9999.000,9999.000
202605220024,   0.343,9999.000,9999.000,9999.000,9999.000,9999.000,9999.000,9999.000,9999.000
202605220030,   0.385,9999.000,9999.000,9999.000,9999.000,9999.000,9999.000,9999.000,9999.000
202605220036,   0.430,9999.000,9999.000,9999.000,9999.000,9999.000,9999.000,9999.000,9999.000
202605220042,   0.478,9999.000,9999.000,9999.000,9999.000,9999.000,9999.000,9999.000,9999.000
202605220048,   0.529,9999.000,9999.000,9999.000,9999.000,9999.000,9999.000,9999.000,9999.000
202605220054,   0.582,9999.000,9999.000,9999.000,9999.000,9999.000,9999.000,9999.000,9999.000
202605220100,   0.638,9999.000,   0.600,  -0.078,   1.160,   0.400,   0.960,   0.700,   1.260
202605220106,   0.696,9999.000,9999.000,9999.000,9999.000,9999.000,9999.000,9999.000,9999.000
202605220112,   0.756,9999.000,9999.000,9999.000,9999.000,9999.000,9999.000,9999.000,9999.000
202605220118,   0.819,9999.000,9999.000,9999.000,9999.000,9999.000,9999.000,9999.000,9999.000
202605220124,   0.883,9999.000,9999.000,9999.000,9999.000,9999.000,9999.000,9999.000,9999.000
202605220130,   0.949,9999.000,9999.000,9999.000,9999.000,9999.000,9999.000,9999.000,9999.000
202605220136,   1.016,9999.000,9999.000,9999.000,9999.000,9999.000,9999.000,9999.000,9999.000
202605220142,   1.085,9999.000,9999.000,9999.000,9999.000,9999.000,9999.000,9999.000,9999.000
202605220148,   1.155,9999.000,9999.000,9999.000,9999.000,9999.000,9999.000,9999.000,9999.000
202605220154,   1.226,9999.000,9999.000,9999.000,9999.000,9999.000,9999.000,9999.000,9999.000
202605220200,   1.298,9999.000,   0.600,  -0.078,   1.820,   0.400,   1.620,   0.800,   2.020
202605220206,   1.371,9999.000,9999.000,9999.000,9999.000,9999.000,9999.000,9999.000,9999.000
202605220212,   1.444,9999.000,9999.000,9999.000,9999.000,9999.000,9999.000,9999.000,9999.000
202605220218,   1.518,9999.000,9999.000,9999.000,9999.000,9999.000,9999.000,9999.000,9999.000
202605220224,   1.591,9999.000,9999.000,9999.000,9999.000,9999.000,9999.000,9999.000,9999.000
202605220230,   1.665,9999.000,9999.000,9999.000,9999.000,9999.000,9999.000,9999.000,9999.000
202605220236,   1.738,9999.000,9999.000,9999.000,9999.000,9999.000,9999.000,9999.000,9999.000
202605220242,   1.811,9999.000,9999.000,9999.000,9999.000,9999.000,9999.000,9999.000,9999.000
202605220248,   1.883,9999.000,9999.000,9999.000,9999.000,9999.000,9999.000,9999.000,9999.000
202605220254,   1.954,9999.000,9999.000,9999.000,9999.000,9999.000,9999.000,9999.000,9999.000
202605220300,   2.024,9999.000,   0.600,  -0.078,   2.546,   0.500,   2.446,   0.800,   2.746
202605220306,   2.093,9999.000,9999.000,9999.000,9999.000,9999.000,9999.000,9999.000,9999.000
202605220312,   2.160,9999.000,9999.000,9999.000,9999.000,9999.000,9999.000,9999.000,9999.000
202605220318,   2.225,9999.000,9999.000,9999.000,9999.000,9999.000,9999.000,9999.000,9999.000
202605220324,   2.289,9999.000,9999.000,9999.000,9999.000,9999.000,9999.000,9999.000,9999.000
202605220330,   2.350,9999.000,9999.000,9999.000,9999.000,9999.000,9999.000,9999.000,9999.000
202605220336,   2.409,9999.000,9999.000,9999.000,9999.000,9999.000,9999.000,9999.000,9999.000
202605220342,   2.466,9999.000,9999.000,9999.000,9999.000,9999.000,9999.000,9999.000,9999.000
202605220348,   2.520,9999.000,9999.000,9999.000,9999.000,9999.000,9999.000,9999.000,9999.000
202605220354,   2.572,9999.000,9999.000,9999.000,9999.000,9999.000,9999.000,9999.000,9999.000
202605220400,   2.621,9999.000,   0.600,  -0.078,   3.143,   0.500,   3.043,   0.800,   3.343
202605220406,   2.666,9999.000,9999.000,9999.000,9999.000,9999.000,9999.000,9999.000,9999.000
202605220412,   2.709,9999.000,9999.000,9999.000,9999.000,9999.000,9999.000,9999.000,9999.000
202605220418,   2.749,9999.000,9999.000,9999.000,9999.000,9999.000,9999.000,9999.000,9999.000
202605220424,   2.785,9999.000,9999.000,9999.000,9999.000,9999.000,9999.000,9999.000,9999.000
202605220430,   2.818,9999.000,9999.000,9999.000,9999.000,9999.000,9999.000,9999.000,9999.000
202605220436,   2.848,9999.000,9999.000,9999.000,9999.000,9999.000,9999.000,9999.000,9999.000
202605220442,   2.875,9999.000,9999.000,9999.000,9999.000,9999.000,9999.000,9999.000,9999.000
202605220448,   2.899,9999.000,9999.000,9999.000,9999.000,9999.000,9999.000,9999.000,9999.000
202605220454,   2.919,9999.000,9999.000,9999.000,9999.000,9999.000,9999.000,9999.000,9999.000
202605220500,   2.936,9999.000,   0.600,  -0.078,   3.458,   0.500,   3.358,   0.800,   3.658
202605220506,   2.949,9999.000,9999.000,9999.000,9999.000,9999.000,9999.000,9999.000,9999.000
202605220512,   2.960,9999.000,9999.000,9999.000,9999.000,9999.000,9999.000,9999.000,9999.000
202605220518,   2.967,9999.000,9999.000,9999.000,9999.000,9999.000,9999.000,9999.000,9999.000
202605220524,   2.971,9999.000,9999.000,9999.000,9999.000,9999.000,9999.000,9999.000,9999.000
202605220530,   2.973,9999.000,9999.000,9999.000,9999.000,9999.000,9999.000,9999.000,9999.000
202605220536,   2.971,9999.000,9999.000,9999.000,9999.000,9999.000,9999.000,9999.000,9999.000
202605220542,   2.966,9999.000,9999.000,9999.000,9999.000,9999.000,9999.000,9999.000,9999.000
202605220548,   2.958,9999.000,9999.000,9999.000,9999.000,9999.000,9999.000,9999.000,9999.000
202605220554,   2.948,9999.000,9999.000,9999.000,9999.000,9999.000,9999.000,9999.000,9999.000
202605220600,   2.935,9999.000,   0.700,  -0.078,   3.557,   0.500,   3.357,   0.800,   3.657
202605220606,   2.919,9999.000,9999.000,9999.000,9999.000,9999.000,9999.000,9999.000,9999.000
202605220612,   2.900,9999.000,9999.000,9999.000,9999.000,9999.000,9999.000,9999.000,9999.000
202605220618,   2.878,9999.000,9999.000,9999.000,9999.000,9999.000,9999.000,9999.000,9999.000
202605220624,   2.854,9999.000,9999.000,9999.000,9999.000,9999.000,9999.000,9999.000,9999.000
202605220630,   2.827,9999.000,9999.000,9999.000,9999.000,9999.000,9999.000,9999.000,9999.000
202605220636,   2.798,9999.000,9999.000,9999.000,9999.000,9999.000,9999.000,9999.000,9999.000
202605220642,   2.766,9999.000,9999.000,9999.000,9999.000,9999.000,9999.000,9999.000,9999.000
202605220648,   2.731,9999.000,9999.000,9999.000,9999.000,9999.000,9999.000,9999.000,9999.000
202605220654,   2.694,9999.000,9999.000,9999.000,9999.000,9999.000,9999.000,9999.000,9999.000
202605220700,   2.654,9999.000,   0.700,  -0.078,   3.276,   0.500,   3.076,   0.900,   3.476
202605220706,   2.612,9999.000,9999.000,9999.000,9999.000,9999.000,9999.000,9999.000,9999.000
202605220712,   2.568,9999.000,9999.000,9999.000,9999.000,9999.000,9999.000,9999.000,9999.000
202605220718,   2.521,9999.000,9999.000,9999.000,9999.000,9999.000,9999.000,9999.000,9999.000
202605220724,   2.471,9999.000,9999.000,9999.000,9999.000,9999.000,9999.000,9999.000,9999.000
202605220730,   2.419,9999.000,9999.000,9999.000,9999.000,9999.000,9999.000,9999.000,9999.000
202605220736,   2.365,9999.000,9999.000,9999.000,9999.000,9999.000,9999.000,9999.000,9999.000
202605220742,   2.309,9999.000,9999.000,9999.000,9999.000,9999.000,9999.000,9999.000,9999.000
202605220748,   2.251,9999.000,9999.000,9999.000,9999.000,9999.000,9999.000,9999.000,9999.000
202605220754,   2.191,9999.000,9999.000,9999.000,9999.000,9999.000,9999.000,9999.000,9999.000
202605220800,   2.129,9999.000,   0.700,  -0.078,   2.751,   0.500,   2.551,   0.900,   2.951
202605220806,   2.066,9999.000,9999.000,9999.000,9999.000,9999.000,9999.000,9999.000,9999.000
202605220812,   2.001,9999.000,9999.000,9999.000,9999.000,9999.000,9999.000,9999.000,9999.000
202605220818,   1.935,9999.000,9999.000,9999.000,9999.000,9999.000,9999.000,9999.000,9999.000
202605220824,   1.867,9999.000,9999.000,9999.000,9999.000,9999.000,9999.000,9999.000,9999.000
202605220830,   1.799,9999.000,9999.000,9999.000,9999.000,9999.000,9999.000,9999.000,9999.000
202605220836,   1.730,9999.000,9999.000,9999.000,9999.000,9999.000,9999.000,9999.000,9999.000
202605220842,   1.660,9999.000,9999.000,9999.000,9999.000,9999.000,9999.000,9999.000,9999.000
202605220848,   1.591,9999.000,9999.000,9999.000,9999.000,9999.000,9999.000,9999.000,9999.000
202605220854,   1.520,9999.000,9999.000,9999.000,9999.000,9999.000,9999.000,9999.000,9999.000
202605220900,   1.450,9999.000,   0.800,  -0.078,   2.172,   0.600,   1.972,   1.000,   2.372
202605220906,   1.381,9999.000,9999.000,9999.000,9999.000,9999.000,9999.000,9999.000,9999.000
202605220912,   1.311,9999.000,9999.000,9999.000,9999.000,9999.000,9999.000,9999.000,9999.000
202605220918,   1.243,9999.000,9999.000,9999.000,9999.000,9999.000,9999.000,9999.000,9999.000
202605220924,   1.175,9999.000,9999.000,9999.000,9999.000,9999.000,9999.000,9999.000,9999.000
202605220930,   1.108,9999.000,9999.000,9999.000,9999.000,9999.000,9999.000,9999.000,9999.000
202605220936,   1.042,9999.000,9999.000,9999.000,9999.000,9999.000,9999.000,9999.000,9999.000
202605220942,   0.978,9999.000,9999.000,9999.000,9999.000,9999.000,9999.000,9999.000,9999.000
202605220948,   0.915,9999.000,9999.000,9999.000,9999.000,9999.000,9999.000,9999.000,9999.000
202605220954,   0.854,9999.000,9999.000,9999.000,9999.000,9999.000,9999.000,9999.000,9999.000
202605221000,   0.795,9999.000,   0.800,  -0.078,   1.517,   0.600,   1.317,   1.000,   1.717
202605221006,   0.738,9999.000,9999.000,9999.000,9999.000,9999.000,9999.000,9999.000,9999.000
202605221012,   0.682,9999.000,9999.000,9999.000,9999.000,9999.000,9999.000,9999.000,9999.000
202605221018,   0.629,9999.000,9999.000,9999.000,9999.000,9999.000,9999.000,9999.000,9999.000
202605221024,   0.578,9999.000,9999.000,9999.000,9999.000,9999.000,9999.000,9999.000,9999.000
202605221030,   0.530,9999.000,9999.000,9999.000,9999.000,9999.000,9999.000,9999.000,9999.000
202605221036,   0.483,9999.000,9999.000,9999.000,9999.000,9999.000,9999.000,9999.000,9999.000
202605221042,   0.440,9999.000,9999.000,9999.000,9999.000,9999.000,9999.000,9999.000,9999.000
202605221048,   0.399,9999.000,9999.000,9999.000,9999.000,9999.000,9999.000,9999.000,9999.000
202605221054,   0.361,9999.000,9999.000,9999.000,9999.000,9999.000,9999.000,9999.000,9999.000
202605221100,   0.325,9999.000,   0.800,  -0.078,   1.047,   0.600,   0.847,   1.000,   1.247
202605221106,   0.293,9999.000,9999.000,9999.000,9999.000,9999.000,9999.000,9999.000,9999.000
202605221112,   0.263,9999.000,9999.000,9999.000,9999.000,9999.000,9999.000,9999.000,9999.000
202605221118,   0.236,9999.000,9999.000,9999.000,9999.000,9999.000,9999.000,9999.000,9999.000
202605221124,   0.213,9999.000,9999.000,9999.000,9999.000,9999.000,9999.000,9999.000,9999.000
202605221130,   0.192,9999.000,9999.000,9999.000,9999.000,9999.000,9999.000,9999.000,9999.000
202605221136,   0.175,9999.000,9999.000,9999.000,9999.000,9999.000,9999.000,9999.000,9999.000
202605221142,   0.161,9999.000,9999.000,9999.000,9999.000,9999.000,9999.000,9999.000,9999.000
202605221148,   0.150,9999.000,9999.000,9999.000,9999.000,9999.000,9999.000,9999.000,9999.000
202605221154,   0.142,9999.000,9999.000,9999.000,9999.000,9999.000,9999.000,9999.000,9999.000
202605221200,   0.138,9999.000,   0.800,  -0.078,   0.860,   0.600,   0.660,   1.100,   1.160
202605221206,   0.137,9999.000,9999.000,9999.000,9999.000,9999.000,9999.000,9999.000,9999.000
202605221212,   0.140,9999.000,9999.000,9999.000,9999.000,9999.000,9999.000,9999.000,9999.000
202605221218,   0.145,9999.000,9999.000,9999.000,9999.000,9999.000,9999.000,9999.000,9999.000
202605221224,   0.155,9999.000,9999.000,9999.000,9999.000,9999.000,9999.000,9999.000,9999.000
202605221230,   0.167,9999.000,9999.000,9999.000,9999.000,9999.000,9999.000,9999.000,9999.000
202605221236,   0.183,9999.000,9999.000,9999.000,9999.000,9999.000,9999.000,9999.000,9999.000
202605221242,   0.202,9999.000,9999.000,9999.000,9999.000,9999.000,9999.000,9999.000,9999.000
202605221248,   0.225,9999.000,9999.000,9999.000,9999.000,9999.000,9999.000,9999.000,9999.000
202605221254,   0.251,9999.000,9999.000,9999.000,9999.000,9999.000,9999.000,9999.000,9999.000
202605221300,   0.279,9999.000,   0.800,  -0.078,   1.001,   0.600,   0.801,   1.100,   1.301
202605221306,   0.311,9999.000,9999.000,9999.000,9999.000,9999.000,9999.000,9999.000,9999.000
202605221312,   0.346,9999.000,9999.000,9999.000,9999.000,9999.000,9999.000,9999.000,9999.000
202605221318,   0.384,9999.000,9999.000,9999.000,9999.000,9999.000,9999.000,9999.000,9999.000
202605221324,   0.425,9999.000,9999.000,9999.000,9999.000,9999.000,9999.000,9999.000,9999.000
202605221330,   0.468,9999.000,9999.000,9999.000,9999.000,9999.000,9999.000,9999.000,9999.000
202605221336,   0.514,9999.000,9999.000,9999.000,9999.000,9999.000,9999.000,9999.000,9999.000
202605221342,   0.563,9999.000,9999.000,9999.000,9999.000,9999.000,9999.000,9999.000,9999.000
202605221348,   0.614,9999.000,9999.000,9999.000,9999.000,9999.000,9999.000,9999.000,9999.000
202605221354,   0.667,9999.000,9999.000,9999.000,9999.000,9999.000,9999.000,9999.000,9999.000
202605221400,   0.722,9999.000,   0.800,  -0.078,   1.444,   0.600,   1.244,   1.100,   1.744
202605221406,   0.779,9999.000,9999.000,9999.000,9999.000,9999.000,9999.000,9999.000,9999.000
202605221412,   0.837,9999.000,9999.000,9999.000,9999.000,9999.000,9999.000,9999.000,9999.000
202605221418,   0.898,9999.000,9999.000,9999.000,9999.000,9999.000,9999.000,9999.000,9999.000
202605221424,   0.960,9999.000,9999.000,9999.000,9999.000,9999.000,9999.000,9999.000,9999.000
202605221430,   1.023,9999.000,9999.000,9999.000,9999.000,9999.000,9999.000,9999.000,9999.000
202605221436,   1.087,9999.000,9999.000,9999.000,9999.000,9999.000,9999.000,9999.000,9999.000
202605221442,   1.152,9999.000,9999.000,9999.000,9999.000,9999.000,9999.000,9999.000,9999.000
202605221448,   1.218,9999.000,9999.000,9999.000,9999.000,9999.000,9999.000,9999.000,9999.000
202605221454,   1.284,9999.000,9999.000,9999.000,9999.000,9999.000,9999.000,9999.000,9999.000
202605221500,   1.350,9999.000,   0.800,  -0.078,   2.072,   0.600,   1.872,   1.100,   2.372
202605221506,   1.417,9999.000,9999.000,9999.000,9999.000,9999.000,9999.000,9999.000,9999.000
202605221512,   1.484,9999.000,9999.000,9999.000,9999.000,9999.000,9999.000,9999.000,9999.000
202605221518,   1.550,9999.000,9999.000,9999.000,9999.000,9999.000,9999.000,9999.000,9999.000
202605221524,   1.616,9999.000,9999.000,9999.000,9999.000,9999.000,9999.000,9999.000,9999.000
202605221530,   1.681,9999.000,9999.000,9999.000,9999.000,9999.000,9999.000,9999.000,9999.000
202605221536,   1.745,9999.000,9999.000,9999.000,9999.000,9999.000,9999.000,9999.000,9999.000
202605221542,   1.808,9999.000,9999.000,9999.000,9999.000,9999.000,9999.000,9999.000,9999.000
202605221548,   1.869,9999.000,9999.000,9999.000,9999.000,9999.000,9999.000,9999.000,9999.000
202605221554,   1.929,9999.000,9999.000,9999.000,9999.000,9999.000,9999.000,9999.000,9999.000
202605221600,   1.988,9999.000,   0.800,  -0.078,   2.710,   0.600,   2.510,   1.100,   3.010
202605221606,   2.044,9999.000,9999.000,9999.000,9999.000,9999.000,9999.000,9999.000,9999.000
202605221612,   2.098,9999.000,9999.000,9999.000,9999.000,9999.000,9999.000,9999.000,9999.000
202605221618,   2.150,9999.000,9999.000,9999.000,9999.000,9999.000,9999.000,9999.000,9999.000
202605221624,   2.200,9999.000,9999.000,9999.000,9999.000,9999.000,9999.000,9999.000,9999.000
202605221630,   2.247,9999.000,9999.000,9999.000,9999.000,9999.000,9999.000,9999.000,9999.000
202605221636,   2.291,9999.000,9999.000,9999.000,9999.000,9999.000,9999.000,9999.000,9999.000
202605221642,   2.333,9999.000,9999.000,9999.000,9999.000,9999.000,9999.000,9999.000,9999.000
202605221648,   2.372,9999.000,9999.000,9999.000,9999.000,9999.000,9999.000,9999.000,9999.000
202605221654,   2.407,9999.000,9999.000,9999.000,9999.000,9999.000,9999.000,9999.000,9999.000
202605221700,   2.440,9999.000,   0.900,  -0.078,   3.262,   0.600,   2.962,   1.100,   3.462
202605221706,   2.470,9999.000,9999.000,9999.000,9999.000,9999.000,9999.000,9999.000,9999.000
202605221712,   2.497,9999.000,9999.000,9999.000,9999.000,9999.000,9999.000,9999.000,9999.000
202605221718,   2.521,9999.000,9999.000,9999.000,9999.000,9999.000,9999.000,9999.000,9999.000
202605221724,   2.542,9999.000,9999.000,9999.000,9999.000,9999.000,9999.000,9999.000,9999.000
202605221730,   2.560,9999.000,9999.000,9999.000,9999.000,9999.000,9999.000,9999.000,9999.000
202605221736,   2.575,9999.000,9999.000,9999.000,9999.000,9999.000,9999.000,9999.000,9999.000
202605221742,   2.587,9999.000,9999.000,9999.000,9999.000,9999.000,9999.000,9999.000,9999.000
202605221748,   2.596,9999.000,9999.000,9999.000,9999.000,9999.000,9999.000,9999.000,9999.000
202605221754,   2.602,9999.000,9999.000,9999.000,9999.000,9999.000,9999.000,9999.000,9999.000
202605221800,   2.605,9999.000,   0.900,  -0.078,   3.427,   0.600,   3.127,   1.100,   3.627
202605221806,   2.606,9999.000,9999.000,9999.000,9999.000,9999.000,9999.000,9999.000,9999.000
202605221812,   2.603,9999.000,9999.000,9999.000,9999.000,9999.000,9999.000,9999.000,9999.000
202605221818,   2.599,9999.000,9999.000,9999.000,9999.000,9999.000,9999.000,9999.000,9999.000
202605221824,   2.591,9999.000,9999.000,9999.000,9999.000,9999.000,9999.000,9999.000,9999.000
202605221830,   2.581,9999.000,9999.000,9999.000,9999.000,9999.000,9999.000,9999.000,9999.000
202605221836,   2.568,9999.000,9999.000,9999.000,9999.000,9999.000,9999.000,9999.000,9999.000
202605221842,   2.553,9999.000,9999.000,9999.000,9999.000,9999.000,9999.000,9999.000,9999.000
202605221848,   2.535,9999.000,9999.000,9999.000,9999.000,9999.000,9999.000,9999.000,9999.000
202605221854,   2.515,9999.000,9999.000,9999.000,9999.000,9999.000,9999.000,9999.000,9999.000
202605221900,   2.493,9999.000,   0.900,  -0.078,   3.315,   0.600,   3.015,   1.200,   3.615
202605221906,   2.467,9999.000,9999.000,9999.000,9999.000,9999.000,9999.000,9999.000,9999.000
202605221912,   2.440,9999.000,9999.000,9999.000,9999.000,9999.000,9999.000,9999.000,9999.000
202605221918,   2.410,9999.000,9999.000,9999.000,9999.000,9999.000,9999.000,9999.000,9999.000
202605221924,   2.378,9999.000,9999.000,9999.000,9999.000,9999.000,9999.000,9999.000,9999.000
202605221930,   2.343,9999.000,9999.000,9999.000,9999.000,9999.000,9999.000,9999.000,9999.000
202605221936,   2.306,9999.000,9999.000,9999.000,9999.000,9999.000,9999.000,9999.000,9999.000
202605221942,   2.266,9999.000,9999.000,9999.000,9999.000,9999.000,9999.000,9999.000,9999.000
202605221948,   2.225,9999.000,9999.000,9999.000,9999.000,9999.000,9999.000,9999.000,9999.000
202605221954,   2.181,9999.000,9999.000,9999.000,9999.000,9999.000,9999.000,9999.000,9999.000
202605222000,   2.135,9999.000,   0.900,  -0.078,   2.957,   0.600,   2.657,   1.200,   3.257
202605222006,   2.087,9999.000,9999.000,9999.000,9999.000,9999.000,9999.000,9999.000,9999.000
202605222012,   2.036,9999.000,9999.000,9999.000,9999.000,9999.000,9999.000,9999.000,9999.000
202605222018,   1.984,9999.000,9999.000,9999.000,9999.000,9999.000,9999.000,9999.000,9999.000
202605222024,   1.931,9999.000,9999.000,9999.000,9999.000,9999.000,9999.000,9999.000,9999.000
202605222030,   1.875,9999.000,9999.000,9999.000,9999.000,9999.000,9999.000,9999.000,9999.000
202605222036,   1.818,9999.000,9999.000,9999.000,9999.000,9999.000,9999.000,9999.000,9999.000
202605222042,   1.760,9999.000,9999.000,9999.000,9999.000,9999.000,9999.000,9999.000,9999.000
202605222048,   1.700,9999.000,9999.000,9999.000,9999.000,9999.000,9999.000,9999.000,9999.000
202605222054,   1.640,9999.000,9999.000,9999.000,9999.000,9999.000,9999.000,9999.000,9999.000
202605222100,   1.578,9999.000,   0.900,  -0.078,   2.400,   0.700,   2.200,   1.200,   2.700
202605222106,   1.516,9999.000,9999.000,9999.000,9999.000,9999.000,9999.000,9999.000,9999.000
202605222112,   1.454,9999.000,9999.000,9999.000,9999.000,9999.000,9999.000,9999.000,9999.000
202605222118,   1.391,9999.000,9999.000,9999.000,9999.000,9999.000,9999.000,9999.000,9999.000
202605222124,   1.328,9999.000,9999.000,9999.000,9999.000,9999.000,9999.000,9999.000,9999.000
202605222130,   1.266,9999.000,9999.000,9999.000,9999.000,9999.000,9999.000,9999.000,9999.000
202605222136,   1.203,9999.000,9999.000,9999.000,9999.000,9999.000,9999.000,9999.000,9999.000
202605222142,   1.142,9999.000,9999.000,9999.000,9999.000,9999.000,9999.000,9999.000,9999.000
202605222148,   1.080,9999.000,9999.000,9999.000,9999.000,9999.000,9999.000,9999.000,9999.000
202605222154,   1.020,9999.000,9999.000,9999.000,9999.000,9999.000,9999.000,9999.000,9999.000
202605222200,   0.961,9999.000,   0.900,  -0.078,   1.783,   0.700,   1.583,   1.200,   2.083
202605222206,   0.903,9999.000,9999.000,9999.000,9999.000,9999.000,9999.000,9999.000,9999.000
202605222212,   0.847,9999.000,9999.000,9999.000,9999.000,9999.000,9999.000,9999.000,9999.000
202605222218,   0.792,9999.000,9999.000,9999.000,9999.000,9999.000,9999.000,9999.000,9999.000
202605222224,   0.739,9999.000,9999.000,9999.000,9999.000,9999.000,9999.000,9999.000,9999.000
202605222230,   0.688,9999.000,9999.000,9999.000,9999.000,9999.000,9999.000,9999.000,9999.000
202605222236,   0.638,9999.000,9999.000,9999.000,9999.000,9999.000,9999.000,9999.000,9999.000
202605222242,   0.591,9999.000,9999.000,9999.000,9999.000,9999.000,9999.000,9999.000,9999.000
202605222248,   0.546,9999.000,9999.000,9999.000,9999.000,9999.000,9999.000,9999.000,9999.000
202605222254,   0.504,9999.000,9999.000,9999.000,9999.000,9999.000,9999.000,9999.000,9999.000
202605222300,   0.464,9999.000,   0.900,  -0.078,   1.286,   0.700,   1.086,   1.200,   1.586
202605222306,   0.426,9999.000,9999.000,9999.000,9999.000,9999.000,9999.000,9999.000,9999.000
202605222312,   0.391,9999.000,9999.000,9999.000,9999.000,9999.000,9999.000,9999.000,9999.000
202605222318,   0.358,9999.000,9999.000,9999.000,9999.000,9999.000,9999.000,9999.000,9999.000
202605222324,   0.329,9999.000,9999.000,9999.000,9999.000,9999.000,9999.000,9999.000,9999.000
202605222330,   0.302,9999.000,9999.000,9999.000,9999.000,9999.000,9999.000,9999.000,9999.000
202605222336,   0.278,9999.000,9999.000,9999.000,9999.000,9999.000,9999.000,9999.000,9999.000
202605222342,   0.258,9999.000,9999.000,9999.000,9999.000,9999.000,9999.000,9999.000,9999.000
202605222348,   0.240,9999.000,9999.000,9999.000,9999.000,9999.000,9999.000,9999.000,9999.000
202605222354,   0.225,9999.000,9999.000,9999.000,9999.000,9999.000,9999.000,9999.000,9999.000
202605230000,   0.213,9999.000,   0.900,  -0.078,   1.035,   0.700,   0.835,   1.200,   1.335
202605230006,   0.205,9999.000,9999.000,9999.000,9999.000,9999.000,9999.000,9999.000,9999.000
202605230012,   0.200,9999.000,9999.000,9999.000,9999.000,9999.000,9999.000,9999.000,9999.000
202605230018,   0.198,9999.000,9999.000,9999.000,9999.000,9999.000,9999.000,9999.000,9999.000
202605230024,   0.199,9999.000,9999.000,9999.000,9999.000,9999.000,9999.000,9999.000,9999.000
202605230030,   0.204,9999.000,9999.000,9999.000,9999.000,9999.000,9999.000,9999.000,9999.000
202605230036,   0.212,9999.000,9999.000,9999.000,9999.000,9999.000,9999.000,9999.000,9999.000
202605230042,   0.223,9999.000,9999.000,9999.000,9999.000,9999.000,9999.000,9999.000,9999.000
202605230048,   0.237,9999.000,9999.000,9999.000,9999.000,9999.000,9999.000,9999.000,9999.000
202605230054,   0.255,9999.000,9999.000,9999.000,9999.000,9999.000,9999.000,9999.000,9999.000
202605230100,   0.276,9999.000,   0.900,  -0.078,   1.098,   0.600,   0.798,   1.200,   1.398
202605230106,   0.299,9999.000,9999.000,9999.000,9999.000,9999.000,9999.000,9999.000,9999.000
202605230112,   0.326,9999.000,9999.000,9999.000,9999.000,9999.000,9999.000,9999.000,9999.000
202605230118,   0.357,9999.000,9999.000,9999.000,9999.000,9999.000,9999.000,9999.000,9999.000
202605230124,   0.390,9999.000,9999.000,9999.000,9999.000,9999.000,9999.000,9999.000,9999.000
202605230130,   0.425,9999.000,9999.000,9999.000,9999.000,9999.000,9999.000,9999.000,9999.000
202605230136,   0.464,9999.000,9999.000,9999.000,9999.000,9999.000,9999.000,9999.000,9999.000
202605230142,   0.506,9999.000,9999.000,9999.000,9999.000,9999.000,9999.000,9999.000,9999.000
202605230148,   0.550,9999.000,9999.000,9999.000,9999.000,9999.000,9999.000,9999.000,9999.000
202605230154,   0.596,9999.000,9999.000,9999.000,9999.000,9999.000,9999.000,9999.000,9999.000
202605230200,   0.645,9999.000,   0.900,  -0.078,   1.467,   0.600,   1.167,   1.200,   1.767
202605230206,   0.696,9999.000,9999.000,9999.000,9999.000,9999.000,9999.000,9999.000,9999.000
202605230212,   0.750,9999.000,9999.000,9999.000,9999.000,9999.000,9999.000,9999.000,9999.000
202605230218,   0.805,9999.000,9999.000,9999.000,9999.000,9999.000,9999.000,9999.000,9999.000
202605230224,   0.862,9999.000,9999.000,9999.000,9999.000,9999.000,9999.000,9999.000,9999.000
202605230230,   0.921,9999.000,9999.000,9999.000,9999.000,9999.000,9999.000,9999.000,9999.000
202605230236,   0.982,9999.000,9999.000,9999.000,9999.000,9999.000,9999.000,9999.000,9999.000
202605230242,   1.043,9999.000,9999.000,9999.000,9999.000,9999.000,9999.000,9999.000,9999.000
202605230248,   1.107,9999.000,9999.000,9999.000,9999.000,9999.000,9999.000,9999.000,9999.000
202605230254,   1.171,9999.000,9999.000,9999.000,9999.000,9999.000,9999.000,9999.000,9999.000
202605230300,   1.236,9999.000,   0.900,  -0.078,   2.058,   0.600,   1.758,   1.200,   2.358
202605230306,   1.302,9999.000,9999.000,9999.000,9999.000,9999.000,9999.000,9999.000,9999.000
202605230312,   1.369,9999.000,9999.000,9999.000,9999.000,9999.000,9999.000,9999.000,9999.000
202605230318,   1.436,9999.000,9999.000,9999.000,9999.000,9999.000,9999.000,9999.000,9999.000
202605230324,   1.503,9999.000,9999.000,9999.000,9999.000,9999.000,9999.000,9999.000,9999.000
202605230330,   1.570,9999.000,9999.000,9999.000,9999.000,9999.000,9999.000,9999.000,9999.000
202605230336,   1.636,9999.000,9999.000,9999.000,9999.000,9999.000,9999.000,9999.000,9999.000
202605230342,   1.703,9999.000,9999.000,9999.000,9999.000,9999.000,9999.000,9999.000,9999.000
202605230348,   1.769,9999.000,9999.000,9999.000,9999.000,9999.000,9999.000,9999.000,9999.000
202605230354,   1.834,9999.000,9999.000,9999.000,9999.000,9999.000,9999.000,9999.000,9999.000
202605230400,   1.898,9999.000,   0.800,  -0.078,   2.620,   0.600,   2.420,   1.200,   3.020
202605230406,   1.960,9999.000,9999.000,9999.000,9999.000,9999.000,9999.000,9999.000,9999.000
202605230412,   2.022,9999.000,9999.000,9999.000,9999.000,9999.000,9999.000,9999.000,9999.000
202605230418,   2.081,9999.000,9999.000,9999.000,9999.000,9999.000,9999.000,9999.000,9999.000
202605230424,   2.139,9999.000,9999.000,9999.000,9999.000,9999.000,9999.000,9999.000,9999.000
202605230430,   2.195,9999.000,9999.000,9999.000,9999.000,9999.000,9999.000,9999.000,9999.000
202605230436,   2.249,9999.000,9999.000,9999.000,9999.000,9999.000,9999.000,9999.000,9999.000
202605230442,   2.301,9999.000,9999.000,9999.000,9999.000,9999.000,9999.000,9999.000,9999.000
202605230448,   2.350,9999.000,9999.000,9999.000,9999.000,9999.000,9999.000,9999.000,9999.000
202605230454,   2.396,9999.000,9999.000,9999.000,9999.000,9999.000,9999.000,9999.000,9999.000
202605230500,   2.440,9999.000,   0.800,  -0.078,   3.162,   0.600,   2.962,   1.100,   3.462
202605230506,   2.481,9999.000,9999.000,9999.000,9999.000,9999.000,9999.000,9999.000,9999.000
202605230512,   2.519,9999.000,9999.000,9999.000,9999.000,9999.000,9999.000,9999.000,9999.000
202605230518,   2.555,9999.000,9999.000,9999.000,9999.000,9999.000,9999.000,9999.000,9999.000
202605230524,   2.587,9999.000,9999.000,9999.000,9999.000,9999.000,9999.000,9999.000,9999.000
202605230530,   2.617,9999.000,9999.000,9999.000,9999.000,9999.000,9999.000,9999.000,9999.000
202605230536,   2.643,9999.000,9999.000,9999.000,9999.000,9999.000,9999.000,9999.000,9999.000
202605230542,   2.667,9999.000,9999.000,9999.000,9999.000,9999.000,9999.000,9999.000,9999.000
202605230548,   2.687,9999.000,9999.000,9999.000,9999.000,9999.000,9999.000,9999.000,9999.000
202605230554,   2.705,9999.000,9999.000,9999.000,9999.000,9999.000,9999.000,9999.000,9999.000
202605230600,   2.720,9999.000,   0.800,  -0.078,   3.442,   0.500,   3.142,   1.100,   3.742
202605230606,   2.732,9999.000,9999.000,9999.000,9999.000,9999.000,9999.000,9999.000,9999.000
202605230612,   2.741,9999.000,9999.000,9999.000,9999.000,9999.000,9999.000,9999.000,9999.000
202605230618,   2.748,9999.000,9999.000,9999.000,9999.000,9999.000,9999.000,9999.000,9999.000
202605230624,   2.752,9999.000,9999.000,9999.000,9999.000,9999.000,9999.000,9999.000,9999.000
202605230630,   2.753,9999.000,9999.000,9999.000,9999.000,9999.000,9999.000,9999.000,9999.000
202605230636,   2.752,9999.000,9999.000,9999.000,9999.000,9999.000,9999.000,9999.000,9999.000
202605230642,   2.748,9999.000,9999.000,9999.000,9999.000,9999.000,9999.000,9999.000,9999.000
202605230648,   2.742,9999.000,9999.000,9999.000,9999.000,9999.000,9999.000,9999.000,9999.000
202605230654,   2.734,9999.000,9999.000,9999.000,9999.000,9999.000,9999.000,9999.000,9999.000
202605230700,   2.723,9999.000,   0.700,  -0.078,   3.345,   0.500,   3.145,   1.000,   3.645
202605230706,   2.709,9999.000,9999.000,9999.000,9999.000,9999.000,9999.000,9999.000,9999.000
202605230712,   2.694,9999.000,9999.000,9999.000,9999.000,9999.000,9999.000,9999.000,9999.000
202605230718,   2.676,9999.000,9999.000,9999.000,9999.000,9999.000,9999.000,9999.000,9999.000
202605230724,   2.656,9999.000,9999.000,9999.000,9999.000,9999.000,9999.000,9999.000,9999.000
202605230730,   2.633,9999.000,9999.000,9999.000,9999.000,9999.000,9999.000,9999.000,9999.000
202605230736,   2.608,9999.000,9999.000,9999.000,9999.000,9999.000,9999.000,9999.000,9999.000
202605230742,   2.581,9999.000,9999.000,9999.000,9999.000,9999.000,9999.000,9999.000,9999.000
202605230748,   2.552,9999.000,9999.000,9999.000,9999.000,9999.000,9999.000,9999.000,9999.000
202605230754,   2.520,9999.000,9999.000,9999.000,9999.000,9999.000,9999.000,9999.000,9999.000
202605230800,   2.486,9999.000,   0.700,  -0.078,   3.108,   0.500,   2.908,   1.000,   3.408
202605230806,   2.450,9999.000,9999.000,9999.000,9999.000,9999.000,9999.000,9999.000,9999.000
202605230812,   2.411,9999.000,9999.000,9999.000,9999.000,9999.000,9999.000,9999.000,9999.000
202605230818,   2.370,9999.000,9999.000,9999.000,9999.000,9999.000,9999.000,9999.000,9999.000
202605230824,   2.327,9999.000,9999.000,9999.000,9999.000,9999.000,9999.000,9999.000,9999.000
202605230830,   2.282,9999.000,9999.000,9999.000,9999.000,9999.000,9999.000,9999.000,9999.000
202605230836,   2.234,9999.000,9999.000,9999.000,9999.000,9999.000,9999.000,9999.000,9999.000
202605230842,   2.185,9999.000,9999.000,9999.000,9999.000,9999.000,9999.000,9999.000,9999.000
202605230848,   2.133,9999.000,9999.000,9999.000,9999.000,9999.000,9999.000,9999.000,9999.000
202605230854,   2.080,9999.000,9999.000,9999.000,9999.000,9999.000,9999.000,9999.000,9999.000
202605230900,   2.024,9999.000,   0.700,  -0.078,   2.646,   0.500,   2.446,   1.000,   2.946
202605230906,   1.967,9999.000,9999.000,9999.000,9999.000,9999.000,9999.000,9999.000,9999.000
202605230912,   1.909,9999.000,9999.000,9999.000,9999.000,9999.000,9999.000,9999.000,9999.000
202605230918,   1.849,9999.000,9999.000,9999.000,9999.000,9999.000,9999.000,9999.000,9999.000
202605230924,   1.788,9999.000,9999.000,9999.000,9999.000,9999.000,9999.000,9999.000,9999.000
202605230930,   1.726,9999.000,9999.000,9999.000,9999.000,9999.000,9999.000,9999.000,9999.000
202605230936,   1.663,9999.000,9999.000,9999.000,9999.000,9999.000,9999.000,9999.000,9999.000
202605230942,   1.599,9999.000,9999.000,9999.000,9999.000,9999.000,9999.000,9999.000,9999.000
202605230948,   1.535,9999.000,9999.000,9999.000,9999.000,9999.000,9999.000,9999.000,9999.000
202605230954,   1.470,9999.000,9999.000,9999.000,9999.000,9999.000,9999.000,9999.000,9999.000
202605231000,   1.405,9999.000,   0.700,  -0.078,   2.027,   0.500,   1.827,   0.900,   2.227
202605231006,   1.341,9999.000,9999.000,9999.000,9999.000,9999.000,9999.000,9999.000,9999.000
202605231012,   1.276,9999.000,9999.000,9999.000,9999.000,9999.000,9999.000,9999.000,9999.000
202605231018,   1.212,9999.000,9999.000,9999.000,9999.000,9999.000,9999.000,9999.000,9999.000
202605231024,   1.149,9999.000,9999.000,9999.000,9999.000,9999.000,9999.000,9999.000,9999.000
202605231030,   1.086,9999.000,9999.000,9999.000,9999.000,9999.000,9999.000,9999.000,9999.000
202605231036,   1.025,9999.000,9999.000,9999.000,9999.000,9999.000,9999.000,9999.000,9999.000
202605231042,   0.965,9999.000,9999.000,9999.000,9999.000,9999.000,9999.000,9999.000,9999.000
202605231048,   0.905,9999.000,9999.000,9999.000,9999.000,9999.000,9999.000,9999.000,9999.000
202605231054,   0.848,9999.000,9999.000,9999.000,9999.000,9999.000,9999.000,9999.000,9999.000
202605231100,   0.792,9999.000,   0.700,  -0.078,   1.414,   0.400,   1.114,   0.900,   1.614
202605231106,   0.738,9999.000,9999.000,9999.000,9999.000,9999.000,9999.000,9999.000,9999.000
202605231112,   0.685,9999.000,9999.000,9999.000,9999.000,9999.000,9999.000,9999.000,9999.000
202605231118,   0.635,9999.000,9999.000,9999.000,9999.000,9999.000,9999.000,9999.000,9999.000
202605231124,   0.586,9999.000,9999.000,9999.000,9999.000,9999.000,9999.000,9999.000,9999.000
202605231130,   0.540,9999.000,9999.000,9999.000,9999.000,9999.000,9999.000,9999.000,9999.000
202605231136,   0.497,9999.000,9999.000,9999.000,9999.000,9999.000,9999.000,9999.000,9999.000
202605231142,   0.455,9999.000,9999.000,9999.000,9999.000,9999.000,9999.000,9999.000,9999.000
202605231148,   0.417,9999.000,9999.000,9999.000,9999.000,9999.000,9999.000,9999.000,9999.000
202605231154,   0.381,9999.000,9999.000,9999.000,9999.000,9999.000,9999.000,9999.000,9999.000
202605231200,   0.347,9999.000,   0.600,  -0.078,   0.869,   0.400,   0.669,   0.900,   1.169
202605231206,   0.317,9999.000,9999.000,9999.000,9999.000,9999.000,9999.000,9999.000,9999.000
202605231212,   0.289,9999.000,9999.000,9999.000,9999.000,9999.000,9999.000,9999.000,9999.000
202605231218,   0.264,9999.000,9999.000,9999.000,9999.000,9999.000,9999.000,9999.000,9999.000
202605231224,   0.242,9999.000,9999.000,9999.000,9999.000,9999.000,9999.000,9999.000,9999.000
202605231230,   0.224,9999.000,9999.000,9999.000,9999.000,9999.000,9999.000,9999.000,9999.000
202605231236,   0.208,9999.000,9999.000,9999.000,9999.000,9999.000,9999.000,9999.000,9999.000
202605231242,   0.196,9999.000,9999.000,9999.000,9999.000,9999.000,9999.000,9999.000,9999.000
202605231248,   0.187,9999.000,9999.000,9999.000,9999.000,9999.000,9999.000,9999.000,9999.000
202605231254,   0.181,9999.000,9999.000,9999.000,9999.000,9999.000,9999.000,9999.000,9999.000
202605231300,   0.178,9999.000,   0.600,  -0.078,   0.700,   0.400,   0.500,   0.800,   0.900
202605231306,   0.179,9999.000,9999.000,9999.000,9999.000,9999.000,9999.000,9999.000,9999.000
202605231312,   0.183,9999.000,9999.000,9999.000,9999.000,9999.000,9999.000,9999.000,9999.000
202605231318,   0.190,9999.000,9999.000,9999.000,9999.000,9999.000,9999.000,9999.000,9999.000
202605231324,   0.201,9999.000,9999.000,9999.000,9999.000,9999.000,9999.000,9999.000,9999.000
202605231330,   0.214,9999.000,9999.000,9999.000,9999.000,9999.000,9999.000,9999.000,9999.000
202605231336,   0.232,9999.000,9999.000,9999.000,9999.000,9999.000,9999.000,9999.000,9999.000
202605231342,   0.252,9999.000,9999.000,9999.000,9999.000,9999.000,9999.000,9999.000,9999.000
202605231348,   0.275,9999.000,9999.000,9999.000,9999.000,9999.000,9999.000,9999.000,9999.000
202605231354,   0.302,9999.000,9999.000,9999.000,9999.000,9999.000,9999.000,9999.000,9999.000
202605231400,   0.331,9999.000,   0.600,  -0.078,   0.853,   0.300,   0.553,   0.800,   1.053
202605231406,   0.364,9999.000,9999.000,9999.000,9999.000,9999.000,9999.000,9999.000,9999.000
202605231412,   0.399,9999.000,9999.000,9999.000,9999.000,9999.000,9999.000,9999.000,9999.000
202605231418,   0.438,9999.000,9999.000,9999.000,9999.000,9999.000,9999.000,9999.000,9999.000
202605231424,   0.479,9999.000,9999.000,9999.000,9999.000,9999.000,9999.000,9999.000,9999.000
202605231430,   0.522,9999.000,9999.000,9999.000,9999.000,9999.000,9999.000,9999.000,9999.000
202605231436,   0.568,9999.000,9999.000,9999.000,9999.000,9999.000,9999.000,9999.000,9999.000
202605231442,   0.617,9999.000,9999.000,9999.000,9999.000,9999.000,9999.000,9999.000,9999.000
202605231448,   0.668,9999.000,9999.000,9999.000,9999.000,9999.000,9999.000,9999.000,9999.000
202605231454,   0.721,9999.000,9999.000,9999.000,9999.000,9999.000,9999.000,9999.000,9999.000
202605231500,   0.776,9999.000,   0.500,  -0.078,   1.198,   0.300,   0.998,   0.800,   1.498
202605231506,   0.833,9999.000,9999.000,9999.000,9999.000,9999.000,9999.000,9999.000,9999.000
202605231512,   0.891,9999.000,9999.000,9999.000,9999.000,9999.000,9999.000,9999.000,9999.000
202605231518,   0.951,9999.000,9999.000,9999.000,9999.000,9999.000,9999.000,9999.000,9999.000
202605231524,   1.013,9999.000,9999.000,9999.000,9999.000,9999.000,9999.000,9999.000,9999.000
202605231530,   1.076,9999.000,9999.000,9999.000,9999.000,9999.000,9999.000,9999.000,9999.000
202605231536,   1.140,9999.000,9999.000,9999.000,9999.000,9999.000,9999.000,9999.000,9999.000
202605231542,   1.204,9999.000,9999.000,9999.000,9999.000,9999.000,9999.000,9999.000,9999.000
202605231548,   1.270,9999.000,9999.000,9999.000,9999.000,9999.000,9999.000,9999.000,9999.000
202605231554,   1.335,9999.000,9999.000,9999.000,9999.000,9999.000,9999.000,9999.000,9999.000
202605231600,   1.401,9999.000,   0.500,  -0.078,   1.823,   0.300,   1.623,   0.700,   2.023
202605231606,   1.467,9999.000,9999.000,9999.000,9999.000,9999.000,9999.000,9999.000,9999.000
202605231612,   1.533,9999.000,9999.000,9999.000,9999.000,9999.000,9999.000,9999.000,9999.000
202605231618,   1.599,9999.000,9999.000,9999.000,9999.000,9999.000,9999.000,9999.000,9999.000
202605231624,   1.664,9999.000,9999.000,9999.000,9999.000,9999.000,9999.000,9999.000,9999.000
202605231630,   1.728,9999.000,9999.000,9999.000,9999.000,9999.000,9999.000,9999.000,9999.000
202605231636,   1.790,9999.000,9999.000,9999.000,9999.000,9999.000,9999.000,9999.000,9999.000
202605231642,   1.852,9999.000,9999.000,9999.000,9999.000,9999.000,9999.000,9999.000,9999.000
202605231648,   1.912,9999.000,9999.000,9999.000,9999.000,9999.000,9999.000,9999.000,9999.000
202605231654,   1.971,9999.000,9999.000,9999.000,9999.000,9999.000,9999.000,9999.000,9999.000
202605231700,   2.028,9999.000,   0.500,  -0.078,   2.450,   0.300,   2.250,   0.700,   2.650
202605231706,   2.083,9999.000,9999.000,9999.000,9999.000,9999.000,9999.000,9999.000,9999.000
202605231712,   2.135,9999.000,9999.000,9999.000,9999.000,9999.000,9999.000,9999.000,9999.000
202605231718,   2.186,9999.000,9999.000,9999.000,9999.000,9999.000,9999.000,9999.000,9999.000
202605231724,   2.234,9999.000,9999.000,9999.000,9999.000,9999.000,9999.000,9999.000,9999.000
202605231730,   2.279,9999.000,9999.000,9999.000,9999.000,9999.000,9999.000,9999.000,9999.000
202605231736,   2.322,9999.000,9999.000,9999.000,9999.000,9999.000,9999.000,9999.000,9999.000
202605231742,   2.362,9999.000,9999.000,9999.000,9999.000,9999.000,9999.000,9999.000,9999.000
202605231748,   2.399,9999.000,9999.000,9999.000,9999.000,9999.000,9999.000,9999.000,9999.000
202605231754,   2.434,9999.000,9999.000,9999.000,9999.000,9999.000,9999.000,9999.000,9999.000
202605231800,   2.466,9999.000,   0.500,  -0.078,   2.888,   0.300,   2.688,   0.700,   3.088
202605231806,   2.495,9999.000,9999.000,9999.000,9999.000,9999.000,9999.000,9999.000,9999.000
202605231812,   2.521,9999.000,9999.000,9999.000,9999.000,9999.000,9999.000,9999.000,9999.000
202605231818,   2.544,9999.000,9999.000,9999.000,9999.000,9999.000,9999.000,9999.000,9999.000
202605231824,   2.565,9999.000,9999.000,9999.000,9999.000,9999.000,9999.000,9999.000,9999.000
202605231830,   2.583,9999.000,9999.000,9999.000,9999.000,9999.000,9999.000,9999.000,9999.000
202605231836,   2.598,9999.000,9999.000,9999.000,9999.000,9999.000,9999.000,9999.000,9999.000
202605231842,   2.611,9999.000,9999.000,9999.000,9999.000,9999.000,9999.000,9999.000,9999.000
202605231848,   2.621,9999.000,9999.000,9999.000,9999.000,9999.000,9999.000,9999.000,9999.000
202605231854,   2.629,9999.000,9999.000,9999.000,9999.000,9999.000,9999.000,9999.000,9999.000
202605231900,   2.634,9999.000,   0.500,  -0.078,   3.056,   0.400,   2.956,   0.700,   3.256
202605231906,   2.637,9999.000,9999.000,9999.000,9999.000,9999.000,9999.000,9999.000,9999.000
202605231912,   2.637,9999.000,9999.000,9999.000,9999.000,9999.000,9999.000,9999.000,9999.000
202605231918,   2.636,9999.000,9999.000,9999.000,9999.000,9999.000,9999.000,9999.000,9999.000
202605231924,   2.631,9999.000,9999.000,9999.000,9999.000,9999.000,9999.000,9999.000,9999.000
202605231930,   2.625,9999.000,9999.000,9999.000,9999.000,9999.000,9999.000,9999.000,9999.000
202605231936,   2.616,9999.000,9999.000,9999.000,9999.000,9999.000,9999.000,9999.000,9999.000
202605231942,   2.605,9999.000,9999.000,9999.000,9999.000,9999.000,9999.000,9999.000,9999.000
202605231948,   2.591,9999.000,9999.000,9999.000,9999.000,9999.000,9999.000,9999.000,9999.000
202605231954,   2.576,9999.000,9999.000,9999.000,9999.000,9999.000,9999.000,9999.000,9999.000
202605232000,   2.558,9999.000,   0.500,  -0.078,   2.980,   0.400,   2.880,   0.700,   3.180
202605232006,   2.537,9999.000,9999.000,9999.000,9999.000,9999.000,9999.000,9999.000,9999.000
202605232012,   2.514,9999.000,9999.000,9999.000,9999.000,9999.000,9999.000,9999.000,9999.000
202605232018,   2.489,9999.000,9999.000,9999.000,9999.000,9999.000,9999.000,9999.000,9999.000
202605232024,   2.462,9999.000,9999.000,9999.000,9999.000,9999.000,9999.000,9999.000,9999.000
202605232030,   2.432,9999.000,9999.000,9999.000,9999.000,9999.000,9999.000,9999.000,9999.000
202605232036,   2.399,9999.000,9999.000,9999.000,9999.000,9999.000,9999.000,9999.000,9999.000
202605232042,   2.364,9999.000,9999.000,9999.000,9999.000,9999.000,9999.000,9999.000,9999.000
202605232048,   2.327,9999.000,9999.000,9999.000,9999.000,9999.000,9999.000,9999.000,9999.000
202605232054,   2.287,9999.000,9999.000,9999.000,9999.000,9999.000,9999.000,9999.000,9999.000
202605232100,   2.245,9999.000,   0.500,  -0.078,   2.667,   0.300,   2.467,   0.700,   2.867
202605232106,   2.201,9999.000,9999.000,9999.000,9999.000,9999.000,9999.000,9999.000,9999.000
202605232112,   2.155,9999.000,9999.000,9999.000,9999.000,9999.000,9999.000,9999.000,9999.000
202605232118,   2.106,9999.000,9999.000,9999.000,9999.000,9999.000,9999.000,9999.000,9999.000
202605232124,   2.055,9999.000,9999.000,9999.000,9999.000,9999.000,9999.000,9999.000,9999.000
202605232130,   2.003,9999.000,9999.000,9999.000,9999.000,9999.000,9999.000,9999.000,9999.000
202605232136,   1.948,9999.000,9999.000,9999.000,9999.000,9999.000,9999.000,9999.000,9999.000
202605232142,   1.893,9999.000,9999.000,9999.000,9999.000,9999.000,9999.000,9999.000,9999.000
202605232148,   1.835,9999.000,9999.000,9999.000,9999.000,9999.000,9999.000,9999.000,9999.000
202605232154,   1.776,9999.000,9999.000,9999.000,9999.000,9999.000,9999.000,9999.000,9999.000
202605232200,   1.717,9999.000,   0.500,  -0.078,   2.139,   0.300,   1.939,   0.700,   2.339
202605232206,   1.656,9999.000,9999.000,9999.000,9999.000,9999.000,9999.000,9999.000,9999.000
202605232212,   1.595,9999.000,9999.000,9999.000,9999.000,9999.000,9999.000,9999.000,9999.000
202605232218,   1.533,9999.000,9999.000,9999.000,9999.000,9999.000,9999.000,9999.000,9999.000
202605232224,   1.471,9999.000,9999.000,9999.000,9999.000,9999.000,9999.000,9999.000,9999.000
202605232230,   1.408,9999.000,9999.000,9999.000,9999.000,9999.000,9999.000,9999.000,9999.000
202605232236,   1.346,9999.000,9999.000,9999.000,9999.000,9999.000,9999.000,9999.000,9999.000
202605232242,   1.284,9999.000,9999.000,9999.000,9999.000,9999.000,9999.000,9999.000,9999.000
202605232248,   1.223,9999.000,9999.000,9999.000,9999.000,9999.000,9999.000,9999.000,9999.000
202605232254,   1.162,9999.000,9999.000,9999.000,9999.000,9999.000,9999.000,9999.000,9999.000
202605232300,   1.102,9999.000,   0.500,  -0.078,   1.524,   0.300,   1.324,   0.700,   1.724
202605232306,   1.043,9999.000,9999.000,9999.000,9999.000,9999.000,9999.000,9999.000,9999.000
202605232312,   0.986,9999.000,9999.000,9999.000,9999.000,9999.000,9999.000,9999.000,9999.000
202605232318,   0.930,9999.000,9999.000,9999.000,9999.000,9999.000,9999.000,9999.000,9999.000
202605232324,   0.875,9999.000,9999.000,9999.000,9999.000,9999.000,9999.000,9999.000,9999.000
202605232330,   0.822,9999.000,9999.000,9999.000,9999.000,9999.000,9999.000,9999.000,9999.000
202605232336,   0.771,9999.000,9999.000,9999.000,9999.000,9999.000,9999.000,9999.000,9999.000
202605232342,   0.722,9999.000,9999.000,9999.000,9999.000,9999.000,9999.000,9999.000,9999.000
202605232348,   0.675,9999.000,9999.000,9999.000,9999.000,9999.000,9999.000,9999.000,9999.000
202605232354,   0.630,9999.000,9999.000,9999.000,9999.000,9999.000,9999.000,9999.000,9999.000
202605240000,   0.587,9999.000,   0.500,  -0.078,   1.009,   0.300,   0.809,   0.700,   1.209
202605240006,   0.547,9999.000,9999.000,9999.000,9999.000,9999.000,9999.000,9999.000,9999.000
202605240012,   0.509,9999.000,9999.000,9999.000,9999.000,9999.000,9999.000,9999.000,9999.000
202605240018,   0.474,9999.000,9999.000,9999.000,9999.000,9999.000,9999.000,9999.000,9999.000
202605240024,   0.442,9999.000,9999.000,9999.000,9999.000,9999.000,9999.000,9999.000,9999.000
202605240030,   0.412,9999.000,9999.000,9999.000,9999.000,9999.000,9999.000,9999.000,9999.000
202605240036,   0.385,9999.000,9999.000,9999.000,9999.000,9999.000,9999.000,9999.000,9999.000
202605240042,   0.361,9999.000,9999.000,9999.000,9999.000,9999.000,9999.000,9999.000,9999.000
202605240048,   0.339,9999.000,9999.000,9999.000,9999.000,9999.000,9999.000,9999.000,9999.000
202605240054,   0.321,9999.000,9999.000,9999.000,9999.000,9999.000,9999.000,9999.000,9999.000
202605240100,   0.306,9999.000,   0.500,  -0.078,   0.728,   0.300,   0.528,   0.700,   0.928
202605240106,   0.294,9999.000,9999.000,9999.000,9999.000,9999.000,9999.000,9999.000,9999.000
202605240112,   0.284,9999.000,9999.000,9999.000,9999.000,9999.000,9999.000,9999.000,9999.000
202605240118,   0.278,9999.000,9999.000,9999.000,9999.000,9999.000,9999.000,9999.000,9999.000
202605240124,   0.276,9999.000,9999.000,9999.000,9999.000,9999.000,9999.000,9999.000,9999.000
202605240130,   0.276,9999.000,9999.000,9999.000,9999.000,9999.000,9999.000,9999.000,9999.000
202605240136,   0.279,9999.000,9999.000,9999.000,9999.000,9999.000,9999.000,9999.000,9999.000
202605240142,   0.286,9999.000,9999.000,9999.000,9999.000,9999.000,9999.000,9999.000,9999.000
202605240148,   0.295,9999.000,9999.000,9999.000,9999.000,9999.000,9999.000,9999.000,9999.000
202605240154,   0.308,9999.000,9999.000,9999.000,9999.000,9999.000,9999.000,9999.000,9999.000
202605240200,   0.324,9999.000,   0.500,  -0.078,   0.746,   0.200,   0.446,   0.700,   0.946
202605240206,   0.342,9999.000,9999.000,9999.000,9999.000,9999.000,9999.000,9999.000,9999.000
202605240212,   0.364,9999.000,9999.000,9999.000,9999.000,9999.000,9999.000,9999.000,9999.000
202605240218,   0.389,9999.000,9999.000,9999.000,9999.000,9999.000,9999.000,9999.000,9999.000
202605240224,   0.417,9999.000,9999.000,9999.000,9999.000,9999.000,9999.000,9999.000,9999.000
202605240230,   0.447,9999.000,9999.000,9999.000,9999.000,9999.000,9999.000,9999.000,9999.000
202605240236,   0.480,9999.000,9999.000,9999.000,9999.000,9999.000,9999.000,9999.000,9999.000
202605240242,   0.516,9999.000,9999.000,9999.000,9999.000,9999.000,9999.000,9999.000,9999.000
202605240248,   0.555,9999.000,9999.000,9999.000,9999.000,9999.000,9999.000,9999.000,9999.000
202605240254,   0.596,9999.000,9999.000,9999.000,9999.000,9999.000,9999.000,9999.000,9999.000
202605240300,   0.639,9999.000,   0.400,  -0.078,   0.961,   0.200,   0.761,   0.700,   1.261
202605240306,   0.685,9999.000,9999.000,9999.000,9999.000,9999.000,9999.000,9999.000,9999.000
202605240312,   0.733,9999.000,9999.000,9999.000,9999.000,9999.000,9999.000,9999.000,9999.000
202605240318,   0.782,9999.000,9999.000,9999.000,9999.000,9999.000,9999.000,9999.000,9999.000
202605240324,   0.834,9999.000,9999.000,9999.000,9999.000,9999.000,9999.000,9999.000,9999.000
202605240330,   0.888,9999.000,9999.000,9999.000,9999.000,9999.000,9999.000,9999.000,9999.000
202605240336,   0.943,9999.000,9999.000,9999.000,9999.000,9999.000,9999.000,9999.000,9999.000
202605240342,   0.999,9999.000,9999.000,9999.000,9999.000,9999.000,9999.000,9999.000,9999.000
202605240348,   1.057,9999.000,9999.000,9999.000,9999.000,9999.000,9999.000,9999.000,9999.000
202605240354,   1.116,9999.000,9999.000,9999.000,9999.000,9999.000,9999.000,9999.000,9999.000
202605240400,   1.176,9999.000,   0.400,  -0.078,   1.498,   0.200,   1.298,   0.700,   1.798
202605240406,   1.237,9999.000,9999.000,9999.000,9999.000,9999.000,9999.000,9999.000,9999.000
202605240412,   1.298,9999.000,9999.000,9999.000,9999.000,9999.000,9999.000,9999.000,9999.000
202605240418,   1.360,9999.000,9999.000,9999.000,9999.000,9999.000,9999.000,9999.000,9999.000
202605240424,   1.422,9999.000,9999.000,9999.000,9999.000,9999.000,9999.000,9999.000,9999.000
202605240430,   1.484,9999.000,9999.000,9999.000,9999.000,9999.000,9999.000,9999.000,9999.000
202605240436,   1.546,9999.000,9999.000,9999.000,9999.000,9999.000,9999.000,9999.000,9999.000
202605240442,   1.607,9999.000,9999.000,9999.000,9999.000,9999.000,9999.000,9999.000,9999.000
202605240448,   1.667,9999.000,9999.000,9999.000,9999.000,9999.000,9999.000,9999.000,9999.000
202605240454,   1.727,9999.000,9999.000,9999.000,9999.000,9999.000,9999.000,9999.000,9999.000
202605240500,   1.786,9999.000,   0.400,  -0.078,   2.108,   0.200,   1.908,   0.700,   2.408
202605240506,   1.843,9999.000,9999.000,9999.000,9999.000,9999.000,9999.000,9999.000,9999.000
202605240512,   1.899,9999.000,9999.000,9999.000,9999.000,9999.000,9999.000,9999.000,9999.000
202605240518,   1.953,9999.000,9999.000,9999.000,9999.000,9999.000,9999.000,9999.000,9999.000
202605240524,   2.006,9999.000,9999.000,9999.000,9999.000,9999.000,9999.000,9999.000,9999.000
202605240530,   2.057,9999.000,9999.000,9999.000,9999.000,9999.000,9999.000,9999.000,9999.000
202605240536,   2.105,9999.000,9999.000,9999.000,9999.000,9999.000,9999.000,9999.000,9999.000
202605240542,   2.152,9999.000,9999.000,9999.000,9999.000,9999.000,9999.000,9999.000,9999.000
202605240548,   2.196,9999.000,9999.000,9999.000,9999.000,9999.000,9999.000,9999.000,9999.000
202605240554,   2.237,9999.000,9999.000,9999.000,9999.000,9999.000,9999.000,9999.000,9999.000
202605240600,   2.276,9999.000,   0.400,  -0.078,   2.598,   0.200,   2.398,   0.600,   2.798
