        TIME,    TIDE,      OB,   SURGE,    BIAS,     TWL,SURGE90p,  TWL90p,SURGE10p,   TWL10p
202606081200,   1.404,   1.708,   0.500,  -0.196,   1.708,   0.400,   1.608,   0.600,   1.808
202606081206,   1.357,9999.000,9999.000,9999.000,9999.000,9999.000,9999.000,9999.000,9999.000
202606081212,   1.310,   1.557,9999.000,9999.000,9999.000,9999.000,9999.000,9999.000,9999.000
202606081218,   1.263,9999.000,9999.000,9999.000,9999.000,9999.000,9999.000,9999.000,9999.000
202606081224,   1.216,   1.449,9999.000,9999.000,9999.000,9999.000,9999.000,9999.000,9999.000
202606081230,   1.170,9999.000,9999.000,9999.000,9999.000,9999.000,9999.000,9999.000,9999.000
202606081236,   1.124,   1.328,9999.000,9999.000,9999.000,9999.000,9999.000,9999.000,9999.000
202606081242,   1.079,9999.000,9999.000,9999.000,9999.000,9999.000,9999.000,9999.000,9999.000
202606081248,   1.035,   1.239,9999.000,9999.000,9999.000,9999.000,9999.000,9999.000,9999.000
202606081254,   0.993,9999.000,9999.000,9999.000,9999.000,9999.000,9999.000,9999.000,9999.000
202606081300,   0.951,   1.138,   0.500,  -0.313,   1.138,   0.400,   1.038,   0.600,   1.238
202606081306,   0.911,   1.118,9999.000,9999.000,9999.000,9999.000,9999.000,9999.000,9999.000
202606081312,   0.872,   1.079,9999.000,9999.000,9999.000,9999.000,9999.000,9999.000,9999.000
202606081318,   0.836,   1.029,9999.000,9999.000,9999.000,9999.000,9999.000,9999.000,9999.000
202606081324,   0.800,   1.010,9999.000,9999.000,9999.000,9999.000,9999.000,9999.000,9999.000
202606081330,   0.767,   0.980,9999.000,9999.000,9999.000,9999.000,9999.000,9999.000,9999.000
202606081336,   0.736,   0.961,9999.000,9999.000,9999.000,9999.000,9999.000,9999.000,9999.000
202606081342,   0.707,   0.908,9999.000,9999.000,9999.000,9999.000,9999.000,9999.000,9999.000
202606081348,   0.679,   0.888,9999.000,9999.000,9999.000,9999.000,9999.000,9999.000,9999.000
202606081354,   0.654,   0.879,9999.000,9999.000,9999.000,9999.000,9999.000,9999.000,9999.000
202606081400,   0.631,   0.849,   0.500,  -0.282,   0.849,   0.400,   0.749,   0.600,   0.949
202606081406,   0.610,   0.869,9999.000,9999.000,9999.000,9999.000,9999.000,9999.000,9999.000
202606081412,   0.592,   0.859,9999.000,9999.000,9999.000,9999.000,9999.000,9999.000,9999.000
202606081418,   0.575,   0.849,9999.000,9999.000,9999.000,9999.000,9999.000,9999.000,9999.000
202606081424,   0.561,   0.859,9999.000,9999.000,9999.000,9999.000,9999.000,9999.000,9999.000
202606081430,   0.550,   0.849,9999.000,9999.000,9999.000,9999.000,9999.000,9999.000,9999.000
202606081436,   0.541,   0.839,9999.000,9999.000,9999.000,9999.000,9999.000,9999.000,9999.000
202606081442,   0.534,   0.829,9999.000,9999.000,9999.000,9999.000,9999.000,9999.000,9999.000
202606081448,   0.530,   0.839,9999.000,9999.000,9999.000,9999.000,9999.000,9999.000,9999.000
202606081454,   0.529,   0.790,9999.000,9999.000,9999.000,9999.000,9999.000,9999.000,9999.000
202606081500,   0.530,   0.780,   0.500,  -0.250,   0.780,   0.400,   0.680,   0.600,   0.880
202606081506,   0.534,   0.790,9999.000,9999.000,9999.000,9999.000,9999.000,9999.000,9999.000
202606081512,   0.542,   0.800,9999.000,9999.000,9999.000,9999.000,9999.000,9999.000,9999.000
202606081518,   0.552,   0.829,9999.000,9999.000,9999.000,9999.000,9999.000,9999.000,9999.000
202606081524,   0.565,   0.839,9999.000,9999.000,9999.000,9999.000,9999.000,9999.000,9999.000
202606081530,   0.582,   0.829,9999.000,9999.000,9999.000,9999.000,9999.000,9999.000,9999.000
202606081536,   0.601,   0.839,9999.000,9999.000,9999.000,9999.000,9999.000,9999.000,9999.000
202606081542,   0.624,   0.898,9999.000,9999.000,9999.000,9999.000,9999.000,9999.000,9999.000
202606081548,   0.650,   0.980,9999.000,9999.000,9999.000,9999.000,9999.000,9999.000,9999.000
202606081554,   0.679,   1.010,9999.000,9999.000,9999.000,9999.000,9999.000,9999.000,9999.000
202606081600,   0.711,   1.049,   0.600,  -0.262,   1.049,   0.500,   0.949,   0.600,   1.049
202606081606,   0.746,   1.069,9999.000,9999.000,9999.000,9999.000,9999.000,9999.000,9999.000
202606081612,   0.784,   1.128,9999.000,9999.000,9999.000,9999.000,9999.000,9999.000,9999.000
202606081618,   0.825,   1.190,9999.000,9999.000,9999.000,9999.000,9999.000,9999.000,9999.000
202606081624,   0.869,   1.190,9999.000,9999.000,9999.000,9999.000,9999.000,9999.000,9999.000
202606081630,   0.915,   1.229,9999.000,9999.000,9999.000,9999.000,9999.000,9999.000,9999.000
202606081636,   0.964,   1.249,9999.000,9999.000,9999.000,9999.000,9999.000,9999.000,9999.000
202606081642,   1.014,   1.269,9999.000,9999.000,9999.000,9999.000,9999.000,9999.000,9999.000
202606081648,   1.067,   1.289,9999.000,9999.000,9999.000,9999.000,9999.000,9999.000,9999.000
202606081654,   1.121,   1.338,9999.000,9999.000,9999.000,9999.000,9999.000,9999.000,9999.000
202606081700,   1.176,   1.400,   0.600,  -0.376,   1.400,   0.600,   1.400,   0.700,   1.500
202606081706,   1.233,   1.479,9999.000,9999.000,9999.000,9999.000,9999.000,9999.000,9999.000
202606081712,   1.291,   1.518,9999.000,9999.000,9999.000,9999.000,9999.000,9999.000,9999.000
202606081718,   1.349,   1.600,9999.000,9999.000,9999.000,9999.000,9999.000,9999.000,9999.000
202606081724,   1.408,   1.689,9999.000,9999.000,9999.000,9999.000,9999.000,9999.000,9999.000
202606081730,   1.466,   1.758,9999.000,9999.000,9999.000,9999.000,9999.000,9999.000,9999.000
202606081736,   1.525,   1.830,9999.000,9999.000,9999.000,9999.000,9999.000,9999.000,9999.000
202606081742,   1.584,   1.879,9999.000,9999.000,9999.000,9999.000,9999.000,9999.000,9999.000
202606081748,   1.642,   1.948,9999.000,9999.000,9999.000,9999.000,9999.000,9999.000,9999.000
202606081754,   1.700,   2.010,9999.000,9999.000,9999.000,9999.000,9999.000,9999.000,9999.000
202606081800,   1.757,   2.099,   0.600,  -0.258,   2.099,   0.500,   1.999,   0.600,   2.099
202606081806,   1.813,   2.148,9999.000,9999.000,9999.000,9999.000,9999.000,9999.000,9999.000
202606081812,   1.868,   2.200,9999.000,9999.000,9999.000,9999.000,9999.000,9999.000,9999.000
202606081818,   1.923,   2.269,9999.000,9999.000,9999.000,9999.000,9999.000,9999.000,9999.000
202606081824,   1.976,   2.299,9999.000,9999.000,9999.000,9999.000,9999.000,9999.000,9999.000
202606081830,   2.028,   2.348,9999.000,9999.000,9999.000,9999.000,9999.000,9999.000,9999.000
202606081836,   2.079,   2.430,9999.000,9999.000,9999.000,9999.000,9999.000,9999.000,9999.000
202606081842,   2.129,   2.519,9999.000,9999.000,9999.000,9999.000,9999.000,9999.000,9999.000
202606081848,   2.177,   2.558,9999.000,9999.000,9999.000,9999.000,9999.000,9999.000,9999.000
202606081854,   2.224,   2.587,9999.000,9999.000,9999.000,9999.000,9999.000,9999.000,9999.000
202606081900,   2.269,   2.640,   0.600,  -0.229,   2.640,   0.500,   2.540,   0.600,   2.640
202606081906,   2.314,   2.660,9999.000,9999.000,9999.000,9999.000,9999.000,9999.000,9999.000
202606081912,   2.356,   2.709,9999.000,9999.000,9999.000,9999.000,9999.000,9999.000,9999.000
202606081918,   2.397,   2.719,9999.000,9999.000,9999.000,9999.000,9999.000,9999.000,9999.000
202606081924,   2.437,   2.748,9999.000,9999.000,9999.000,9999.000,9999.000,9999.000,9999.000
202606081930,   2.474,   2.768,9999.000,9999.000,9999.000,9999.000,9999.000,9999.000,9999.000
202606081936,   2.510,   2.820,9999.000,9999.000,9999.000,9999.000,9999.000,9999.000,9999.000
202606081942,   2.544,   2.840,9999.000,9999.000,9999.000,9999.000,9999.000,9999.000,9999.000
202606081948,   2.576,   2.860,9999.000,9999.000,9999.000,9999.000,9999.000,9999.000,9999.000
202606081954,   2.607,   2.929,9999.000,9999.000,9999.000,9999.000,9999.000,9999.000,9999.000
202606082000,   2.634,   2.929,   0.600,  -0.305,   2.929,   0.500,   2.829,   0.600,   2.929
202606082006,   2.660,   2.938,9999.000,9999.000,9999.000,9999.000,9999.000,9999.000,9999.000
202606082012,   2.683,   2.968,9999.000,9999.000,9999.000,9999.000,9999.000,9999.000,9999.000
202606082018,   2.704,   2.988,9999.000,9999.000,9999.000,9999.000,9999.000,9999.000,9999.000
202606082024,   2.723,   2.968,9999.000,9999.000,9999.000,9999.000,9999.000,9999.000,9999.000
202606082030,   2.739,   2.978,9999.000,9999.000,9999.000,9999.000,9999.000,9999.000,9999.000
202606082036,   2.752,   2.978,9999.000,9999.000,9999.000,9999.000,9999.000,9999.000,9999.000
202606082042,   2.763,   3.007,9999.000,9999.000,9999.000,9999.000,9999.000,9999.000,9999.000
202606082048,   2.771,   3.007,9999.000,9999.000,9999.000,9999.000,9999.000,9999.000,9999.000
202606082054,   2.776,   3.017,9999.000,9999.000,9999.000,9999.000,9999.000,9999.000,9999.000
202606082100,   2.779,   3.030,   0.600,  -0.349,   3.030,   0.500,   2.930,   0.700,   3.130
202606082106,   2.780,   3.040,9999.000,9999.000,9999.000,9999.000,9999.000,9999.000,9999.000
202606082112,   2.778,   3.030,9999.000,9999.000,9999.000,9999.000,9999.000,9999.000,9999.000
202606082118,   2.773,   3.030,9999.000,9999.000,9999.000,9999.000,9999.000,9999.000,9999.000
202606082124,   2.767,   3.017,9999.000,9999.000,9999.000,9999.000,9999.000,9999.000,9999.000
202606082130,   2.758,   3.030,9999.000,9999.000,9999.000,9999.000,9999.000,9999.000,9999.000
202606082136,   2.746,   3.030,9999.000,9999.000,9999.000,9999.000,9999.000,9999.000,9999.000
202606082142,   2.733,   3.040,9999.000,9999.000,9999.000,9999.000,9999.000,9999.000,9999.000
202606082148,   2.718,   2.997,9999.000,9999.000,9999.000,9999.000,9999.000,9999.000,9999.000
202606082154,   2.701,   2.997,9999.000,9999.000,9999.000,9999.000,9999.000,9999.000,9999.000
202606082200,   2.683,   2.978,   0.600,  -0.305,   2.978,   0.500,   2.878,   0.700,   3.078
202606082206,   2.662,   2.997,9999.000,9999.000,9999.000,9999.000,9999.000,9999.000,9999.000
202606082212,   2.640,   2.968,9999.000,9999.000,9999.000,9999.000,9999.000,9999.000,9999.000
202606082218,   2.617,   2.948,9999.000,9999.000,9999.000,9999.000,9999.000,9999.000,9999.000
202606082224,   2.592,   2.958,9999.000,9999.000,9999.000,9999.000,9999.000,9999.000,9999.000
202606082230,   2.566,   2.929,9999.000,9999.000,9999.000,9999.000,9999.000,9999.000,9999.000
202606082236,   2.538,   2.860,9999.000,9999.000,9999.000,9999.000,9999.000,9999.000,9999.000
202606082242,   2.509,   2.840,9999.000,9999.000,9999.000,9999.000,9999.000,9999.000,9999.000
202606082248,   2.478,   2.830,9999.000,9999.000,9999.000,9999.000,9999.000,9999.000,9999.000
202606082254,   2.446,   2.778,9999.000,9999.000,9999.000,9999.000,9999.000,9999.000,9999.000
202606082300,   2.413,   2.758,   0.600,  -0.255,   2.758,   0.500,   2.658,   0.700,   2.858
202606082306,   2.378,   2.689,9999.000,9999.000,9999.000,9999.000,9999.000,9999.000,9999.000
202606082312,   2.341,   2.620,9999.000,9999.000,9999.000,9999.000,9999.000,9999.000,9999.000
202606082318,   2.304,   2.578,9999.000,9999.000,9999.000,9999.000,9999.000,9999.000,9999.000
202606082324,   2.264,   2.548,9999.000,9999.000,9999.000,9999.000,9999.000,9999.000,9999.000
202606082330,   2.224,   2.489,9999.000,9999.000,9999.000,9999.000,9999.000,9999.000,9999.000
202606082336,   2.181,   2.450,9999.000,9999.000,9999.000,9999.000,9999.000,9999.000,9999.000
202606082342,   2.138,   2.400,9999.000,9999.000,9999.000,9999.000,9999.000,9999.000,9999.000
202606082348,   2.093,   2.368,9999.000,9999.000,9999.000,9999.000,9999.000,9999.000,9999.000
202606082354,   2.046,   2.328,9999.000,9999.000,9999.000,9999.000,9999.000,9999.000,9999.000
202606090000,   1.999,   2.240,   0.500,  -0.259,   2.240,   0.400,   2.140,   0.600,   2.340
202606090006,   1.950,   2.168,9999.000,9999.000,9999.000,9999.000,9999.000,9999.000,9999.000
202606090012,   1.900,   2.148,9999.000,9999.000,9999.000,9999.000,9999.000,9999.000,9999.000
202606090018,   1.849,   2.138,9999.000,9999.000,9999.000,9999.000,9999.000,9999.000,9999.000
202606090024,   1.797,   2.059,9999.000,9999.000,9999.000,9999.000,9999.000,9999.000,9999.000
202606090030,   1.745,   1.981,9999.000,9999.000,9999.000,9999.000,9999.000,9999.000,9999.000
202606090036,   1.692,   1.908,9999.000,9999.000,9999.000,9999.000,9999.000,9999.000,9999.000
202606090042,   1.639,   1.869,9999.000,9999.000,9999.000,9999.000,9999.000,9999.000,9999.000
202606090048,   1.586,   1.790,9999.000,9999.000,9999.000,9999.000,9999.000,9999.000,9999.000
202606090054,   1.532,   1.728,9999.000,9999.000,9999.000,9999.000,9999.000,9999.000,9999.000
202606090100,   1.479,   1.659,   0.500,  -0.320,   1.659,   0.400,   1.559,   0.500,   1.659
202606090106,   1.427,   1.600,9999.000,9999.000,9999.000,9999.000,9999.000,9999.000,9999.000
202606090112,   1.375,   1.571,9999.000,9999.000,9999.000,9999.000,9999.000,9999.000,9999.000
202606090118,   1.323,   1.508,9999.000,9999.000,9999.000,9999.000,9999.000,9999.000,9999.000
202606090124,   1.273,   1.449,9999.000,9999.000,9999.000,9999.000,9999.000,9999.000,9999.000
202606090130,   1.224,   1.390,9999.000,9999.000,9999.000,9999.000,9999.000,9999.000,9999.000
202606090136,   1.176,   1.318,9999.000,9999.000,9999.000,9999.000,9999.000,9999.000,9999.000
202606090142,   1.129,   1.259,9999.000,9999.000,9999.000,9999.000,9999.000,9999.000,9999.000
202606090148,   1.084,   1.210,9999.000,9999.000,9999.000,9999.000,9999.000,9999.000,9999.000
202606090154,   1.040,   1.170,9999.000,9999.000,9999.000,9999.000,9999.000,9999.000,9999.000
202606090200,   0.998,   1.098,   0.400,  -0.300,   1.098,   0.400,   1.098,   0.500,   1.198
202606090206,   0.958,   1.069,9999.000,9999.000,9999.000,9999.000,9999.000,9999.000,9999.000
202606090212,   0.920,   1.010,9999.000,9999.000,9999.000,9999.000,9999.000,9999.000,9999.000
202606090218,   0.883,   0.961,9999.000,9999.000,9999.000,9999.000,9999.000,9999.000,9999.000
202606090224,   0.849,   0.941,9999.000,9999.000,9999.000,9999.000,9999.000,9999.000,9999.000
202606090230,   0.816,   0.908,9999.000,9999.000,9999.000,9999.000,9999.000,9999.000,9999.000
202606090236,   0.786,   0.869,9999.000,9999.000,9999.000,9999.000,9999.000,9999.000,9999.000
202606090242,   0.757,   0.849,9999.000,9999.000,9999.000,9999.000,9999.000,9999.000,9999.000
202606090248,   0.731,   0.829,9999.000,9999.000,9999.000,9999.000,9999.000,9999.000,9999.000
202606090254,   0.708,   0.829,9999.000,9999.000,9999.000,9999.000,9999.000,9999.000,9999.000
202606090300,   0.686,   0.800,   0.400,  -0.286,   0.800,   0.400,   0.800,   0.500,   0.900
202606090306,   0.668,   0.760,9999.000,9999.000,9999.000,9999.000,9999.000,9999.000,9999.000
202606090312,   0.651,   0.741,9999.000,9999.000,9999.000,9999.000,9999.000,9999.000,9999.000
202606090318,   0.638,   0.688,9999.000,9999.000,9999.000,9999.000,9999.000,9999.000,9999.000
202606090324,   0.627,   0.669,9999.000,9999.000,9999.000,9999.000,9999.000,9999.000,9999.000
202606090330,   0.619,   0.649,9999.000,9999.000,9999.000,9999.000,9999.000,9999.000,9999.000
202606090336,   0.614,   0.639,9999.000,9999.000,9999.000,9999.000,9999.000,9999.000,9999.000
202606090342,   0.612,   0.649,9999.000,9999.000,9999.000,9999.000,9999.000,9999.000,9999.000
202606090348,   0.614,   0.649,9999.000,9999.000,9999.000,9999.000,9999.000,9999.000,9999.000
202606090354,   0.618,   0.659,9999.000,9999.000,9999.000,9999.000,9999.000,9999.000,9999.000
202606090400,   0.626,   0.678,   0.400,  -0.348,   0.678,   0.400,   0.678,   0.400,   0.678
202606090406,   0.636,   0.731,9999.000,9999.000,9999.000,9999.000,9999.000,9999.000,9999.000
202606090412,   0.650,   0.780,9999.000,9999.000,9999.000,9999.000,9999.000,9999.000,9999.000
202606090418,   0.668,   0.819,9999.000,9999.000,9999.000,9999.000,9999.000,9999.000,9999.000
202606090424,   0.688,   0.849,9999.000,9999.000,9999.000,9999.000,9999.000,9999.000,9999.000
202606090430,   0.711,   0.898,9999.000,9999.000,9999.000,9999.000,9999.000,9999.000,9999.000
202606090436,   0.738,   0.941,9999.000,9999.000,9999.000,9999.000,9999.000,9999.000,9999.000
202606090442,   0.767,   0.928,9999.000,9999.000,9999.000,9999.000,9999.000,9999.000,9999.000
202606090448,   0.799,   0.928,9999.000,9999.000,9999.000,9999.000,9999.000,9999.000,9999.000
202606090454,   0.833,   0.951,9999.000,9999.000,9999.000,9999.000,9999.000,9999.000,9999.000
202606090500,   0.870,   0.961,   0.400,  -0.309,   0.961,   0.300,   0.861,   0.400,   0.961
202606090506,   0.909,   1.010,9999.000,9999.000,9999.000,9999.000,9999.000,9999.000,9999.000
202606090512,   0.950,   1.029,9999.000,9999.000,9999.000,9999.000,9999.000,9999.000,9999.000
202606090518,   0.992,   1.069,9999.000,9999.000,9999.000,9999.000,9999.000,9999.000,9999.000
202606090524,   1.036,   1.108,9999.000,9999.000,9999.000,9999.000,9999.000,9999.000,9999.000
202606090530,   1.081,   1.138,9999.000,9999.000,9999.000,9999.000,9999.000,9999.000,9999.000
202606090536,   1.127,   1.170,9999.000,9999.000,9999.000,9999.000,9999.000,9999.000,9999.000
202606090542,   1.174,   1.220,9999.000,9999.000,9999.000,9999.000,9999.000,9999.000,9999.000
202606090548,   1.221,   1.289,9999.000,9999.000,9999.000,9999.000,9999.000,9999.000,9999.000
202606090554,   1.269,   1.318,9999.000,9999.000,9999.000,9999.000,9999.000,9999.000,9999.000
202606090600,   1.316,   1.348,   0.300,  -0.268,   1.348,   0.300,   1.348,   0.300,   1.348
202606090606,   1.364,   1.371,9999.000,9999.000,9999.000,9999.000,9999.000,9999.000,9999.000
202606090612,   1.411,   1.390,9999.000,9999.000,9999.000,9999.000,9999.000,9999.000,9999.000
202606090618,   1.458,   1.430,9999.000,9999.000,9999.000,9999.000,9999.000,9999.000,9999.000
202606090624,   1.505,   1.459,9999.000,9999.000,9999.000,9999.000,9999.000,9999.000,9999.000
202606090630,   1.551,   1.518,9999.000,9999.000,9999.000,9999.000,9999.000,9999.000,9999.000
202606090636,   1.596,   1.528,9999.000,9999.000,9999.000,9999.000,9999.000,9999.000,9999.000
202606090642,   1.640,   1.580,9999.000,9999.000,9999.000,9999.000,9999.000,9999.000,9999.000
202606090648,   1.684,   1.630,9999.000,9999.000,9999.000,9999.000,9999.000,9999.000,9999.000
202606090654,   1.726,   1.669,9999.000,9999.000,9999.000,9999.000,9999.000,9999.000,9999.000
202606090700,   1.768,   1.718,   0.300,  -0.350,   1.718,   0.200,   1.618,   0.300,   1.718
202606090706,   1.809,   1.767,9999.000,9999.000,9999.000,9999.000,9999.000,9999.000,9999.000
202606090712,   1.849,   1.820,9999.000,9999.000,9999.000,9999.000,9999.000,9999.000,9999.000
202606090718,   1.887,   1.840,9999.000,9999.000,9999.000,9999.000,9999.000,9999.000,9999.000
202606090724,   1.925,   1.889,9999.000,9999.000,9999.000,9999.000,9999.000,9999.000,9999.000
202606090730,   1.962,   1.918,9999.000,9999.000,9999.000,9999.000,9999.000,9999.000,9999.000
202606090736,   1.997,   1.948,9999.000,9999.000,9999.000,9999.000,9999.000,9999.000,9999.000
202606090742,   2.032,   1.981,9999.000,9999.000,9999.000,9999.000,9999.000,9999.000,9999.000
202606090748,   2.065,   2.030,9999.000,9999.000,9999.000,9999.000,9999.000,9999.000,9999.000
202606090754,   2.096,   2.079,9999.000,9999.000,9999.000,9999.000,9999.000,9999.000,9999.000
202606090800,   2.126,   2.099,   0.300,  -0.327,   2.099,   0.200,   1.999,   0.300,   2.099
202606090806,   2.155,   2.109,9999.000,9999.000,9999.000,9999.000,9999.000,9999.000,9999.000
202606090812,   2.182,   2.118,9999.000,9999.000,9999.000,9999.000,9999.000,9999.000,9999.000
202606090818,   2.207,   2.158,9999.000,9999.000,9999.000,9999.000,9999.000,9999.000,9999.000
202606090824,   2.230,   2.200,9999.000,9999.000,9999.000,9999.000,9999.000,9999.000,9999.000
202606090830,   2.252,   2.210,9999.000,9999.000,9999.000,9999.000,9999.000,9999.000,9999.000
202606090836,   2.271,   2.269,9999.000,9999.000,9999.000,9999.000,9999.000,9999.000,9999.000
202606090842,   2.288,   2.279,9999.000,9999.000,9999.000,9999.000,9999.000,9999.000,9999.000
202606090848,   2.302,   2.289,9999.000,9999.000,9999.000,9999.000,9999.000,9999.000,9999.000
202606090854,   2.315,   2.299,9999.000,9999.000,9999.000,9999.000,9999.000,9999.000,9999.000
202606090900,   2.324,   2.299,   0.200,  -0.225,   2.299,   0.200,   2.299,   0.300,   2.399
202606090906,   2.332,   2.309,9999.000,9999.000,9999.000,9999.000,9999.000,9999.000,9999.000
202606090912,   2.337,   2.318,9999.000,9999.000,9999.000,9999.000,9999.000,9999.000,9999.000
202606090918,   2.339,   2.338,9999.000,9999.000,9999.000,9999.000,9999.000,9999.000,9999.000
202606090924,   2.339,   2.328,9999.000,9999.000,9999.000,9999.000,9999.000,9999.000,9999.000
202606090930,   2.336,   2.309,9999.000,9999.000,9999.000,9999.000,9999.000,9999.000,9999.000
202606090936,   2.332,   2.309,9999.000,9999.000,9999.000,9999.000,9999.000,9999.000,9999.000
202606090942,   2.324,   2.309,9999.000,9999.000,9999.000,9999.000,9999.000,9999.000,9999.000
202606090948,   2.315,   2.328,9999.000,9999.000,9999.000,9999.000,9999.000,9999.000,9999.000
202606090954,   2.303,   2.318,9999.000,9999.000,9999.000,9999.000,9999.000,9999.000,9999.000
202606091000,   2.289,   2.309,   0.200,  -0.180,   2.309,   0.200,   2.309,   0.300,   2.409
202606091006,   2.274,   2.309,9999.000,9999.000,9999.000,9999.000,9999.000,9999.000,9999.000
202606091012,   2.256,   2.309,9999.000,9999.000,9999.000,9999.000,9999.000,9999.000,9999.000
202606091018,   2.237,   2.289,9999.000,9999.000,9999.000,9999.000,9999.000,9999.000,9999.000
202606091024,   2.217,   2.269,9999.000,9999.000,9999.000,9999.000,9999.000,9999.000,9999.000
202606091030,   2.194,   2.250,9999.000,9999.000,9999.000,9999.000,9999.000,9999.000,9999.000
202606091036,   2.171,   2.210,9999.000,9999.000,9999.000,9999.000,9999.000,9999.000,9999.000
202606091042,   2.146,   2.191,9999.000,9999.000,9999.000,9999.000,9999.000,9999.000,9999.000
202606091048,   2.120,   2.168,9999.000,9999.000,9999.000,9999.000,9999.000,9999.000,9999.000
202606091054,   2.093,   2.109,9999.000,9999.000,9999.000,9999.000,9999.000,9999.000,9999.000
202606091100,   2.064,   2.079,   0.200,  -0.185,   2.079,   0.200,   2.079,   0.300,   2.179
202606091106,   2.035,   2.049,9999.000,9999.000,9999.000,9999.000,9999.000,9999.000,9999.000
202606091112,   2.004,   2.030,9999.000,9999.000,9999.000,9999.000,9999.000,9999.000,9999.000
202606091118,   1.973,   1.981,9999.000,9999.000,9999.000,9999.000,9999.000,9999.000,9999.000
202606091124,   1.940,   1.948,9999.000,9999.000,9999.000,9999.000,9999.000,9999.000,9999.000
202606091130,   1.907,   1.899,9999.000,9999.000,9999.000,9999.000,9999.000,9999.000,9999.000
202606091136,   1.872,   1.869,9999.000,9999.000,9999.000,9999.000,9999.000,9999.000,9999.000
202606091142,   1.836,   1.840,9999.000,9999.000,9999.000,9999.000,9999.000,9999.000,9999.000
202606091148,   1.799,   1.790,9999.000,9999.000,9999.000,9999.000,9999.000,9999.000,9999.000
202606091154,   1.761,   1.728,9999.000,9999.000,9999.000,9999.000,9999.000,9999.000,9999.000
202606091200,   1.722,   1.679,   0.200,  -0.243,   1.679,   0.200,   1.679,   0.200,   1.679
202606091206,   1.682,   1.630,9999.000,9999.000,9999.000,9999.000,9999.000,9999.000,9999.000
202606091212,   1.640,   1.557,9999.000,9999.000,9999.000,9999.000,9999.000,9999.000,9999.000
202606091218,   1.598,   1.498,9999.000,9999.000,9999.000,9999.000,9999.000,9999.000,9999.000
202606091224,   1.555,   1.469,9999.000,9999.000,9999.000,9999.000,9999.000,9999.000,9999.000
202606091230,   1.511,   1.410,9999.000,9999.000,9999.000,9999.000,9999.000,9999.000,9999.000
202606091236,   1.466,   1.380,9999.000,9999.000,9999.000,9999.000,9999.000,9999.000,9999.000
202606091242,   1.420,   1.328,9999.000,9999.000,9999.000,9999.000,9999.000,9999.000,9999.000
202606091248,   1.374,   1.289,9999.000,9999.000,9999.000,9999.000,9999.000,9999.000,9999.000
202606091254,   1.327,   1.259,9999.000,9999.000,9999.000,9999.000,9999.000,9999.000,9999.000
202606091300,   1.280,   1.180,   0.200,  -0.300,   1.180,   0.100,   1.080,   0.200,   1.180
202606091306,   1.233,   1.128,9999.000,9999.000,9999.000,9999.000,9999.000,9999.000,9999.000
202606091312,   1.186,   1.079,9999.000,9999.000,9999.000,9999.000,9999.000,9999.000,9999.000
202606091318,   1.139,   1.049,9999.000,9999.000,9999.000,9999.000,9999.000,9999.000,9999.000
202606091324,   1.093,   1.020,9999.000,9999.000,9999.000,9999.000,9999.000,9999.000,9999.000
202606091330,   1.047,   0.980,9999.000,9999.000,9999.000,9999.000,9999.000,9999.000,9999.000
202606091336,   1.003,   0.908,9999.000,9999.000,9999.000,9999.000,9999.000,9999.000,9999.000
202606091342,   0.959,   0.869,9999.000,9999.000,9999.000,9999.000,9999.000,9999.000,9999.000
202606091348,   0.916,   0.839,9999.000,9999.000,9999.000,9999.000,9999.000,9999.000,9999.000
202606091354,   0.874,   0.819,9999.000,9999.000,9999.000,9999.000,9999.000,9999.000,9999.000
202606091400,   0.834,   0.800,   0.200,  -0.234,   0.800,   0.100,   0.700,   0.200,   0.800
202606091406,   0.796,   0.770,9999.000,9999.000,9999.000,9999.000,9999.000,9999.000,9999.000
202606091412,   0.759,   0.731,9999.000,9999.000,9999.000,9999.000,9999.000,9999.000,9999.000
202606091418,   0.724,   0.688,9999.000,9999.000,9999.000,9999.000,9999.000,9999.000,9999.000
202606091424,   0.690,   0.639,9999.000,9999.000,9999.000,9999.000,9999.000,9999.000,9999.000
202606091430,   0.659,   0.590,9999.000,9999.000,9999.000,9999.000,9999.000,9999.000,9999.000
202606091436,   0.630,   0.551,9999.000,9999.000,9999.000,9999.000,9999.000,9999.000,9999.000
202606091442,   0.603,   0.518,9999.000,9999.000,9999.000,9999.000,9999.000,9999.000,9999.000
202606091448,   0.579,   0.469,9999.000,9999.000,9999.000,9999.000,9999.000,9999.000,9999.000
202606091454,   0.557,   0.449,9999.000,9999.000,9999.000,9999.000,9999.000,9999.000,9999.000
202606091500,   0.537,   0.419,   0.200,  -0.318,   0.419,   0.100,   0.319,   0.200,   0.419
202606091506,   0.520,   0.419,9999.000,9999.000,9999.000,9999.000,9999.000,9999.000,9999.000
202606091512,   0.505,   0.439,9999.000,9999.000,9999.000,9999.000,9999.000,9999.000,9999.000
202606091518,   0.493,   0.439,9999.000,9999.000,9999.000,9999.000,9999.000,9999.000,9999.000
202606091524,   0.484,   0.449,9999.000,9999.000,9999.000,9999.000,9999.000,9999.000,9999.000
202606091530,   0.477,   0.459,9999.000,9999.000,9999.000,9999.000,9999.000,9999.000,9999.000
202606091536,   0.474,   0.508,9999.000,9999.000,9999.000,9999.000,9999.000,9999.000,9999.000
202606091542,   0.473,   0.541,9999.000,9999.000,9999.000,9999.000,9999.000,9999.000,9999.000
202606091548,   0.476,   0.570,9999.000,9999.000,9999.000,9999.000,9999.000,9999.000,9999.000
202606091554,   0.481,   0.580,9999.000,9999.000,9999.000,9999.000,9999.000,9999.000,9999.000
202606091600,   0.490,   0.580,   0.100,  -0.010,   0.580,   0.100,   0.580,   0.200,   0.680
202606091606,   0.502,   0.590,9999.000,9999.000,9999.000,9999.000,9999.000,9999.000,9999.000
202606091612,   0.518,   0.678,9999.000,9999.000,9999.000,9999.000,9999.000,9999.000,9999.000
202606091618,   0.537,   0.669,9999.000,9999.000,9999.000,9999.000,9999.000,9999.000,9999.000
202606091624,   0.559,   0.659,9999.000,9999.000,9999.000,9999.000,9999.000,9999.000,9999.000
202606091630,   0.584,   0.669,9999.000,9999.000,9999.000,9999.000,9999.000,9999.000,9999.000
202606091636,   0.613,   0.678,9999.000,9999.000,9999.000,9999.000,9999.000,9999.000,9999.000
202606091642,   0.645,   0.751,9999.000,9999.000,9999.000,9999.000,9999.000,9999.000,9999.000
202606091648,   0.681,   0.810,9999.000,9999.000,9999.000,9999.000,9999.000,9999.000,9999.000
202606091654,   0.719,   0.859,9999.000,9999.000,9999.000,9999.000,9999.000,9999.000,9999.000
202606091700,   0.761,   0.869,   0.100,   0.008,   0.869,   0.100,   0.869,   0.200,   0.969
202606091706,   0.806,   0.918,9999.000,9999.000,9999.000,9999.000,9999.000,9999.000,9999.000
202606091712,   0.853,   0.961,9999.000,9999.000,9999.000,9999.000,9999.000,9999.000,9999.000
202606091718,   0.902,   1.000,9999.000,9999.000,9999.000,9999.000,9999.000,9999.000,9999.000
202606091724,   0.955,   1.029,9999.000,9999.000,9999.000,9999.000,9999.000,9999.000,9999.000
202606091730,   1.009,   1.098,9999.000,9999.000,9999.000,9999.000,9999.000,9999.000,9999.000
202606091736,   1.065,   1.108,9999.000,9999.000,9999.000,9999.000,9999.000,9999.000,9999.000
202606091742,   1.123,   1.161,9999.000,9999.000,9999.000,9999.000,9999.000,9999.000,9999.000
202606091748,   1.182,   1.220,9999.000,9999.000,9999.000,9999.000,9999.000,9999.000,9999.000
202606091754,   1.242,   1.269,9999.000,9999.000,9999.000,9999.000,9999.000,9999.000,9999.000
202606091800,   1.304,   1.348,   0.200,  -0.156,   1.348,   0.100,   1.248,   0.200,   1.348
202606091806,   1.366,   1.430,9999.000,9999.000,9999.000,9999.000,9999.000,9999.000,9999.000
202606091812,   1.428,   1.498,9999.000,9999.000,9999.000,9999.000,9999.000,9999.000,9999.000
202606091818,   1.491,   1.580,9999.000,9999.000,9999.000,9999.000,9999.000,9999.000,9999.000
202606091824,   1.554,   1.689,9999.000,9999.000,9999.000,9999.000,9999.000,9999.000,9999.000
202606091830,   1.616,   1.738,9999.000,9999.000,9999.000,9999.000,9999.000,9999.000,9999.000
202606091836,   1.679,   1.767,9999.000,9999.000,9999.000,9999.000,9999.000,9999.000,9999.000
202606091842,   1.741,   1.790,9999.000,9999.000,9999.000,9999.000,9999.000,9999.000,9999.000
202606091848,   1.802,   1.859,9999.000,9999.000,9999.000,9999.000,9999.000,9999.000,9999.000
202606091854,   1.863,   1.918,9999.000,9999.000,9999.000,9999.000,9999.000,9999.000,9999.000
202606091900,   1.923,   1.928,   0.100,  -0.095,   1.928,   0.100,   1.928,   0.200,   2.028
202606091906,   1.983,   1.948,9999.000,9999.000,9999.000,9999.000,9999.000,9999.000,9999.000
202606091912,   2.041,   1.958,9999.000,9999.000,9999.000,9999.000,9999.000,9999.000,9999.000
202606091918,   2.099,   2.000,9999.000,9999.000,9999.000,9999.000,9999.000,9999.000,9999.000
202606091924,   2.156,   2.040,9999.000,9999.000,9999.000,9999.000,9999.000,9999.000,9999.000
202606091930,   2.211,   2.079,9999.000,9999.000,9999.000,9999.000,9999.000,9999.000,9999.000
202606091936,   2.266,   2.109,9999.000,9999.000,9999.000,9999.000,9999.000,9999.000,9999.000
202606091942,   2.319,   2.191,9999.000,9999.000,9999.000,9999.000,9999.000,9999.000,9999.000
202606091948,   2.372,   2.259,9999.000,9999.000,9999.000,9999.000,9999.000,9999.000,9999.000
202606091954,   2.423,   2.318,9999.000,9999.000,9999.000,9999.000,9999.000,9999.000,9999.000
202606092000,   2.472,   2.358,   0.100,  -0.214,   2.358,   0.100,   2.358,   0.200,   2.458
202606092006,   2.521,   2.400,9999.000,9999.000,9999.000,9999.000,9999.000,9999.000,9999.000
202606092012,   2.567,   2.440,9999.000,9999.000,9999.000,9999.000,9999.000,9999.000,9999.000
202606092018,   2.612,   2.519,9999.000,9999.000,9999.000,9999.000,9999.000,9999.000,9999.000
202606092024,   2.656,   2.568,9999.000,9999.000,9999.000,9999.000,9999.000,9999.000,9999.000
202606092030,   2.697,   2.620,9999.000,9999.000,9999.000,9999.000,9999.000,9999.000,9999.000
202606092036,   2.737,   2.669,9999.000,9999.000,9999.000,9999.000,9999.000,9999.000,9999.000
202606092042,   2.774,   2.709,9999.000,9999.000,9999.000,9999.000,9999.000,9999.000,9999.000
202606092048,   2.809,   2.728,9999.000,9999.000,9999.000,9999.000,9999.000,9999.000,9999.000
202606092054,   2.841,   2.778,9999.000,9999.000,9999.000,9999.000,9999.000,9999.000,9999.000
202606092100,   2.871,   2.797,   0.100,  -0.174,   2.797,   0.000,   2.697,   0.100,   2.797
202606092106,   2.899,   2.830,9999.000,9999.000,9999.000,9999.000,9999.000,9999.000,9999.000
202606092112,   2.923,   2.860,9999.000,9999.000,9999.000,9999.000,9999.000,9999.000,9999.000
202606092118,   2.944,   2.879,9999.000,9999.000,9999.000,9999.000,9999.000,9999.000,9999.000
202606092124,   2.963,   2.889,9999.000,9999.000,9999.000,9999.000,9999.000,9999.000,9999.000
202606092130,   2.978,   2.909,9999.000,9999.000,9999.000,9999.000,9999.000,9999.000,9999.000
202606092136,   2.990,   2.919,9999.000,9999.000,9999.000,9999.000,9999.000,9999.000,9999.000
202606092142,   2.999,   2.958,9999.000,9999.000,9999.000,9999.000,9999.000,9999.000,9999.000
202606092148,   3.005,   2.978,9999.000,9999.000,9999.000,9999.000,9999.000,9999.000,9999.000
202606092154,   3.008,   2.978,9999.000,9999.000,9999.000,9999.000,9999.000,9999.000,9999.000
202606092200,   3.008,   2.988,   0.100,  -0.120,   2.988,   0.000,   2.888,   0.100,   2.988
202606092206,   3.005,   3.007,9999.000,9999.000,9999.000,9999.000,9999.000,9999.000,9999.000
202606092212,   2.998,   3.007,9999.000,9999.000,9999.000,9999.000,9999.000,9999.000,9999.000
202606092218,   2.990,   2.978,9999.000,9999.000,9999.000,9999.000,9999.000,9999.000,9999.000
202606092224,   2.978,   2.978,9999.000,9999.000,9999.000,9999.000,9999.000,9999.000,9999.000
202606092230,   2.964,   2.978,9999.000,9999.000,9999.000,9999.000,9999.000,9999.000,9999.000
202606092236,   2.948,   2.958,9999.000,9999.000,9999.000,9999.000,9999.000,9999.000,9999.000
202606092242,   2.929,   2.929,9999.000,9999.000,9999.000,9999.000,9999.000,9999.000,9999.000
202606092248,   2.908,   2.919,9999.000,9999.000,9999.000,9999.000,9999.000,9999.000,9999.000
202606092254,   2.885,   2.909,9999.000,9999.000,9999.000,9999.000,9999.000,9999.000,9999.000
202606092300,   2.860,   2.919,   0.100,  -0.041,   2.919,   0.000,   2.819,   0.100,   2.919
202606092306,   2.834,   2.889,9999.000,9999.000,9999.000,9999.000,9999.000,9999.000,9999.000
202606092312,   2.805,   2.860,9999.000,9999.000,9999.000,9999.000,9999.000,9999.000,9999.000
202606092318,   2.775,   2.840,9999.000,9999.000,9999.000,9999.000,9999.000,9999.000,9999.000
202606092324,   2.744,   2.830,9999.000,9999.000,9999.000,9999.000,9999.000,9999.000,9999.000
202606092330,   2.711,   2.797,9999.000,9999.000,9999.000,9999.000,9999.000,9999.000,9999.000
202606092336,   2.676,   2.748,9999.000,9999.000,9999.000,9999.000,9999.000,9999.000,9999.000
202606092342,   2.640,   2.719,9999.000,9999.000,9999.000,9999.000,9999.000,9999.000,9999.000
202606092348,   2.603,   2.669,9999.000,9999.000,9999.000,9999.000,9999.000,9999.000,9999.000
202606092354,   2.563,   2.620,9999.000,9999.000,9999.000,9999.000,9999.000,9999.000,9999.000
202606100000,   2.523,   2.578,   0.100,  -0.045,   2.578,   0.100,   2.578,   0.100,   2.578
202606100006,   2.481,   2.528,9999.000,9999.000,9999.000,9999.000,9999.000,9999.000,9999.000
202606100012,   2.437,   2.469,9999.000,9999.000,9999.000,9999.000,9999.000,9999.000,9999.000
202606100018,   2.392,   2.420,9999.000,9999.000,9999.000,9999.000,9999.000,9999.000,9999.000
202606100024,   2.345,   2.328,9999.000,9999.000,9999.000,9999.000,9999.000,9999.000,9999.000
202606100030,   2.296,   2.269,9999.000,9999.000,9999.000,9999.000,9999.000,9999.000,9999.000
202606100036,   2.246,   2.191,9999.000,9999.000,9999.000,9999.000,9999.000,9999.000,9999.000
202606100042,   2.195,   2.118,9999.000,9999.000,9999.000,9999.000,9999.000,9999.000,9999.000
202606100048,   2.142,   2.030,9999.000,9999.000,9999.000,9999.000,9999.000,9999.000,9999.000
202606100054,   2.088,   1.958,9999.000,9999.000,9999.000,9999.000,9999.000,9999.000,9999.000
202606100100,   2.032,   1.899,   0.100,  -0.233,   1.899,   0.100,   1.899,   0.100,   1.899
202606100106,   1.975,   1.840,9999.000,9999.000,9999.000,9999.000,9999.000,9999.000,9999.000
202606100112,   1.917,   1.781,9999.000,9999.000,9999.000,9999.000,9999.000,9999.000,9999.000
202606100118,   1.858,   1.708,9999.000,9999.000,9999.000,9999.000,9999.000,9999.000,9999.000
202606100124,   1.799,   1.649,9999.000,9999.000,9999.000,9999.000,9999.000,9999.000,9999.000
202606100130,   1.738,   1.580,9999.000,9999.000,9999.000,9999.000,9999.000,9999.000,9999.000
202606100136,   1.678,   1.538,9999.000,9999.000,9999.000,9999.000,9999.000,9999.000,9999.000
202606100142,   1.617,   1.489,9999.000,9999.000,9999.000,9999.000,9999.000,9999.000,9999.000
202606100148,   1.556,   1.430,9999.000,9999.000,9999.000,9999.000,9999.000,9999.000,9999.000
202606100154,   1.495,   1.380,9999.000,9999.000,9999.000,9999.000,9999.000,9999.000,9999.000
202606100200,   1.434,   1.308,   0.100,  -0.226,   1.308,   0.000,   1.208,   0.100,   1.308
202606100206,   1.374,   1.249,9999.000,9999.000,9999.000,9999.000,9999.000,9999.000,9999.000
202606100212,   1.315,   1.200,9999.000,9999.000,9999.000,9999.000,9999.000,9999.000,9999.000
202606100218,   1.257,   1.118,9999.000,9999.000,9999.000,9999.000,9999.000,9999.000,9999.000
202606100224,   1.200,   1.049,9999.000,9999.000,9999.000,9999.000,9999.000,9999.000,9999.000
202606100230,   1.144,   1.000,9999.000,9999.000,9999.000,9999.000,9999.000,9999.000,9999.000
202606100236,   1.089,   0.941,9999.000,9999.000,9999.000,9999.000,9999.000,9999.000,9999.000
202606100242,   1.036,   0.879,9999.000,9999.000,9999.000,9999.000,9999.000,9999.000,9999.000
202606100248,   0.985,   0.819,9999.000,9999.000,9999.000,9999.000,9999.000,9999.000,9999.000
202606100254,   0.936,   0.780,9999.000,9999.000,9999.000,9999.000,9999.000,9999.000,9999.000
202606100300,   0.889,   0.741,   0.100,  -0.248,   0.741,   0.000,   0.641,   0.100,   0.741
202606100306,   0.843,   0.708,9999.000,9999.000,9999.000,9999.000,9999.000,9999.000,9999.000
202606100312,   0.800,   0.678,9999.000,9999.000,9999.000,9999.000,9999.000,9999.000,9999.000
202606100318,   0.760,   0.649,9999.000,9999.000,9999.000,9999.000,9999.000,9999.000,9999.000
202606100324,   0.721,   0.590,9999.000,9999.000,9999.000,9999.000,9999.000,9999.000,9999.000
202606100330,   0.686,   0.560,9999.000,9999.000,9999.000,9999.000,9999.000,9999.000,9999.000
202606100336,   0.652,   0.531,9999.000,9999.000,9999.000,9999.000,9999.000,9999.000,9999.000
202606100342,   0.622,   0.478,9999.000,9999.000,9999.000,9999.000,9999.000,9999.000,9999.000
202606100348,   0.594,   0.429,9999.000,9999.000,9999.000,9999.000,9999.000,9999.000,9999.000
202606100354,   0.569,   0.400,9999.000,9999.000,9999.000,9999.000,9999.000,9999.000,9999.000
202606100400,   0.547,   0.380,   0.000,  -0.167,   0.380,   0.000,   0.380,   0.100,   0.480
202606100406,   0.527,   0.370,9999.000,9999.000,9999.000,9999.000,9999.000,9999.000,9999.000
202606100412,   0.511,   0.350,9999.000,9999.000,9999.000,9999.000,9999.000,9999.000,9999.000
202606100418,   0.499,   0.360,9999.000,9999.000,9999.000,9999.000,9999.000,9999.000,9999.000
202606100424,   0.489,   0.370,9999.000,9999.000,9999.000,9999.000,9999.000,9999.000,9999.000
202606100430,   0.483,   0.380,9999.000,9999.000,9999.000,9999.000,9999.000,9999.000,9999.000
202606100436,   0.479,   0.380,9999.000,9999.000,9999.000,9999.000,9999.000,9999.000,9999.000
202606100442,   0.480,   0.380,9999.000,9999.000,9999.000,9999.000,9999.000,9999.000,9999.000
202606100448,   0.484,   0.419,9999.000,9999.000,9999.000,9999.000,9999.000,9999.000,9999.000
202606100454,   0.491,   0.419,9999.000,9999.000,9999.000,9999.000,9999.000,9999.000,9999.000
202606100500,   0.501,   0.439,   0.000,  -0.062,   0.439,   0.000,   0.439,   0.100,   0.539
202606100506,   0.515,   0.449,9999.000,9999.000,9999.000,9999.000,9999.000,9999.000,9999.000
202606100512,   0.532,   0.488,9999.000,9999.000,9999.000,9999.000,9999.000,9999.000,9999.000
202606100518,   0.552,   0.531,9999.000,9999.000,9999.000,9999.000,9999.000,9999.000,9999.000
202606100524,   0.576,   0.560,9999.000,9999.000,9999.000,9999.000,9999.000,9999.000,9999.000
202606100530,   0.602,   0.600,9999.000,9999.000,9999.000,9999.000,9999.000,9999.000,9999.000
202606100536,   0.631,   0.610,9999.000,9999.000,9999.000,9999.000,9999.000,9999.000,9999.000
202606100542,   0.663,   0.659,9999.000,9999.000,9999.000,9999.000,9999.000,9999.000,9999.000
202606100548,   0.697,   0.688,9999.000,9999.000,9999.000,9999.000,9999.000,9999.000,9999.000
202606100554,   0.734,   0.708,9999.000,9999.000,9999.000,9999.000,9999.000,9999.000,9999.000
202606100600,   0.773,   0.731,   0.100,  -0.142,   0.731,   0.000,   0.631,   0.100,   0.731
202606100606,   0.814,   0.770,9999.000,9999.000,9999.000,9999.000,9999.000,9999.000,9999.000
202606100612,   0.856,   0.819,9999.000,9999.000,9999.000,9999.000,9999.000,9999.000,9999.000
202606100618,   0.900,   0.859,9999.000,9999.000,9999.000,9999.000,9999.000,9999.000,9999.000
202606100624,   0.945,   0.898,9999.000,9999.000,9999.000,9999.000,9999.000,9999.000,9999.000
202606100630,   0.991,   0.908,9999.000,9999.000,9999.000,9999.000,9999.000,9999.000,9999.000
202606100636,   1.037,   0.980,9999.000,9999.000,9999.000,9999.000,9999.000,9999.000,9999.000
202606100642,   1.085,   1.000,9999.000,9999.000,9999.000,9999.000,9999.000,9999.000,9999.000
202606100648,   1.133,   1.079,9999.000,9999.000,9999.000,9999.000,9999.000,9999.000,9999.000
202606100654,   1.181,   1.098,9999.000,9999.000,9999.000,9999.000,9999.000,9999.000,9999.000
202606100700,   1.230,   1.151,   0.100,  -0.179,   1.151,   0.000,   1.051,   0.100,   1.151
202606100706,   1.278,   1.210,9999.000,9999.000,9999.000,9999.000,9999.000,9999.000,9999.000
202606100712,   1.327,   1.289,9999.000,9999.000,9999.000,9999.000,9999.000,9999.000,9999.000
202606100718,   1.375,   1.338,9999.000,9999.000,9999.000,9999.000,9999.000,9999.000,9999.000
202606100724,   1.423,   1.371,9999.000,9999.000,9999.000,9999.000,9999.000,9999.000,9999.000
202606100730,   1.471,   1.439,9999.000,9999.000,9999.000,9999.000,9999.000,9999.000,9999.000
202606100736,   1.518,   1.469,9999.000,9999.000,9999.000,9999.000,9999.000,9999.000,9999.000
202606100742,   1.565,   1.538,9999.000,9999.000,9999.000,9999.000,9999.000,9999.000,9999.000
202606100748,   1.611,   1.571,9999.000,9999.000,9999.000,9999.000,9999.000,9999.000,9999.000
202606100754,   1.657,   1.620,9999.000,9999.000,9999.000,9999.000,9999.000,9999.000,9999.000
202606100800,   1.703,   1.639,   0.100,  -0.164,   1.639,   0.000,   1.539,   0.100,   1.639
202606100806,   1.747,   1.699,9999.000,9999.000,9999.000,9999.000,9999.000,9999.000,9999.000
202606100812,   1.791,   1.748,9999.000,9999.000,9999.000,9999.000,9999.000,9999.000,9999.000
202606100818,   1.834,   1.790,9999.000,9999.000,9999.000,9999.000,9999.000,9999.000,9999.000
202606100824,   1.876,   1.849,9999.000,9999.000,9999.000,9999.000,9999.000,9999.000,9999.000
202606100830,   1.917,   1.879,9999.000,9999.000,9999.000,9999.000,9999.000,9999.000,9999.000
202606100836,   1.957,   1.928,9999.000,9999.000,9999.000,9999.000,9999.000,9999.000,9999.000
202606100842,   1.996,   1.981,9999.000,9999.000,9999.000,9999.000,9999.000,9999.000,9999.000
202606100848,   2.033,   2.040,9999.000,9999.000,9999.000,9999.000,9999.000,9999.000,9999.000
202606100854,   2.069,   2.079,9999.000,9999.000,9999.000,9999.000,9999.000,9999.000,9999.000
202606100900,   2.102,   2.109,   0.100,  -0.093,   2.109,   0.000,   2.009,   0.200,   2.209
202606100906,   2.134,   2.138,9999.000,9999.000,9999.000,9999.000,9999.000,9999.000,9999.000
202606100912,   2.164,   2.138,9999.000,9999.000,9999.000,9999.000,9999.000,9999.000,9999.000
202606100918,   2.192,   2.177,9999.000,9999.000,9999.000,9999.000,9999.000,9999.000,9999.000
202606100924,   2.218,   2.200,9999.000,9999.000,9999.000,9999.000,9999.000,9999.000,9999.000
202606100930,   2.241,   2.220,9999.000,9999.000,9999.000,9999.000,9999.000,9999.000,9999.000
202606100936,   2.261,   2.250,9999.000,9999.000,9999.000,9999.000,9999.000,9999.000,9999.000
202606100942,   2.279,   2.269,9999.000,9999.000,9999.000,9999.000,9999.000,9999.000,9999.000
202606100948,   2.293,   2.289,9999.000,9999.000,9999.000,9999.000,9999.000,9999.000,9999.000
202606100954,   2.306,   2.299,9999.000,9999.000,9999.000,9999.000,9999.000,9999.000,9999.000
202606101000,   2.315,   2.328,   0.100,  -0.087,   2.328,   0.000,   2.228,   0.200,   2.428
202606101006,   2.321,   2.338,9999.000,9999.000,9999.000,9999.000,9999.000,9999.000,9999.000
202606101012,   2.324,   2.318,9999.000,9999.000,9999.000,9999.000,9999.000,9999.000,9999.000
202606101018,   2.325,   2.318,9999.000,9999.000,9999.000,9999.000,9999.000,9999.000,9999.000
202606101024,   2.323,   2.299,9999.000,9999.000,9999.000,9999.000,9999.000,9999.000,9999.000
202606101030,   2.318,   2.279,9999.000,9999.000,9999.000,9999.000,9999.000,9999.000,9999.000
202606101036,   2.310,   2.279,9999.000,9999.000,9999.000,9999.000,9999.000,9999.000,9999.000
202606101042,   2.301,   2.269,9999.000,9999.000,9999.000,9999.000,9999.000,9999.000,9999.000
202606101048,   2.288,   2.250,9999.000,9999.000,9999.000,9999.000,9999.000,9999.000,9999.000
202606101054,   2.274,   2.230,9999.000,9999.000,9999.000,9999.000,9999.000,9999.000,9999.000
202606101100,   2.258,   2.230,   0.100,  -0.128,   2.230,   0.000,   2.130,   0.200,   2.330
202606101106,   2.239,   2.220,9999.000,9999.000,9999.000,9999.000,9999.000,9999.000,9999.000
202606101112,   2.219,   2.220,9999.000,9999.000,9999.000,9999.000,9999.000,9999.000,9999.000
202606101118,   2.198,   2.177,9999.000,9999.000,9999.000,9999.000,9999.000,9999.000,9999.000
202606101124,   2.174,   2.138,9999.000,9999.000,9999.000,9999.000,9999.000,9999.000,9999.000
202606101130,   2.150,   2.138,9999.000,9999.000,9999.000,9999.000,9999.000,9999.000,9999.000
202606101136,   2.124,   2.148,9999.000,9999.000,9999.000,9999.000,9999.000,9999.000,9999.000
202606101142,   2.097,   2.118,9999.000,9999.000,9999.000,9999.000,9999.000,9999.000,9999.000
202606101148,   2.069,   2.109,9999.000,9999.000,9999.000,9999.000,9999.000,9999.000,9999.000
202606101154,   2.040,   2.079,9999.000,9999.000,9999.000,9999.000,9999.000,9999.000,9999.000
202606101200,   2.010,   2.049,   0.200,  -0.161,   2.049,   0.100,   1.949,   0.300,   2.149
202606101206,   1.978,   2.049,9999.000,9999.000,9999.000,9999.000,9999.000,9999.000,9999.000
202606101212,   1.946,   2.030,9999.000,9999.000,9999.000,9999.000,9999.000,9999.000,9999.000
202606101218,   1.913,   2.000,9999.000,9999.000,9999.000,9999.000,9999.000,9999.000,9999.000
202606101224,   1.878,   1.990,9999.000,9999.000,9999.000,9999.000,9999.000,9999.000,9999.000
202606101230,   1.842,   1.967,9999.000,9999.000,9999.000,9999.000,9999.000,9999.000,9999.000
202606101236,   1.805,   1.928,9999.000,9999.000,9999.000,9999.000,9999.000,9999.000,9999.000
202606101242,   1.767,   1.899,9999.000,9999.000,9999.000,9999.000,9999.000,9999.000,9999.000
202606101248,   1.728,   1.840,9999.000,9999.000,9999.000,9999.000,9999.000,9999.000,9999.000
202606101254,   1.687,   1.781,9999.000,9999.000,9999.000,9999.000,9999.000,9999.000,9999.000
202606101300,   1.646,   1.718,   0.200,  -0.128,   1.718,   0.100,   1.618,   0.300,   1.818
202606101306,   1.602,   1.659,9999.000,9999.000,9999.000,9999.000,9999.000,9999.000,9999.000
202606101312,   1.558,   1.630,9999.000,9999.000,9999.000,9999.000,9999.000,9999.000,9999.000
202606101318,   1.513,   1.580,9999.000,9999.000,9999.000,9999.000,9999.000,9999.000,9999.000
202606101324,   1.467,   1.518,9999.000,9999.000,9999.000,9999.000,9999.000,9999.000,9999.000
202606101330,   1.419,   1.489,9999.000,9999.000,9999.000,9999.000,9999.000,9999.000,9999.000
202606101336,   1.371,   1.459,9999.000,9999.000,9999.000,9999.000,9999.000,9999.000,9999.000
202606101342,   1.322,   1.420,9999.000,9999.000,9999.000,9999.000,9999.000,9999.000,9999.000
202606101348,   1.273,   1.361,9999.000,9999.000,9999.000,9999.000,9999.000,9999.000,9999.000
202606101354,   1.223,   1.308,9999.000,9999.000,9999.000,9999.000,9999.000,9999.000,9999.000
202606101400,   1.173,   1.269,   0.300,  -0.204,   1.269,   0.200,   1.169,   0.400,   1.369
202606101406,   1.123,   1.220,9999.000,9999.000,9999.000,9999.000,9999.000,9999.000,9999.000
202606101412,   1.073,   1.180,9999.000,9999.000,9999.000,9999.000,9999.000,9999.000,9999.000
202606101418,   1.024,   1.128,9999.000,9999.000,9999.000,9999.000,9999.000,9999.000,9999.000
202606101424,   0.975,   1.088,9999.000,9999.000,9999.000,9999.000,9999.000,9999.000,9999.000
202606101430,   0.927,   1.039,9999.000,9999.000,9999.000,9999.000,9999.000,9999.000,9999.000
202606101436,   0.881,   1.020,9999.000,9999.000,9999.000,9999.000,9999.000,9999.000,9999.000
202606101442,   0.835,   0.980,9999.000,9999.000,9999.000,9999.000,9999.000,9999.000,9999.000
202606101448,   0.791,   0.951,9999.000,9999.000,9999.000,9999.000,9999.000,9999.000,9999.000
202606101454,   0.749,   0.888,9999.000,9999.000,9999.000,9999.000,9999.000,9999.000,9999.000
202606101500,   0.708,   0.849,   0.300,  -0.159,   0.849,   0.200,   0.749,   0.400,   0.949
202606101506,   0.670,   0.819,9999.000,9999.000,9999.000,9999.000,9999.000,9999.000,9999.000
202606101512,   0.633,   0.790,9999.000,9999.000,9999.000,9999.000,9999.000,9999.000,9999.000
202606101518,   0.599,   0.760,9999.000,9999.000,9999.000,9999.000,9999.000,9999.000,9999.000
202606101524,   0.567,   0.731,9999.000,9999.000,9999.000,9999.000,9999.000,9999.000,9999.000
202606101530,   0.538,   0.708,9999.000,9999.000,9999.000,9999.000,9999.000,9999.000,9999.000
202606101536,   0.511,   0.669,9999.000,9999.000,9999.000,9999.000,9999.000,9999.000,9999.000
202606101542,   0.487,   0.659,9999.000,9999.000,9999.000,9999.000,9999.000,9999.000,9999.000
202606101548,   0.465,   0.639,9999.000,9999.000,9999.000,9999.000,9999.000,9999.000,9999.000
202606101554,   0.446,   0.619,9999.000,9999.000,9999.000,9999.000,9999.000,9999.000,9999.000
202606101600,   0.431,   0.610,   0.300,  -0.121,   0.610,   0.200,   0.510,   0.400,   0.710
202606101606,   0.418,   0.610,9999.000,9999.000,9999.000,9999.000,9999.000,9999.000,9999.000
202606101612,   0.408,   0.590,9999.000,9999.000,9999.000,9999.000,9999.000,9999.000,9999.000
202606101618,   0.401,   0.600,9999.000,9999.000,9999.000,9999.000,9999.000,9999.000,9999.000
202606101624,   0.398,   0.610,9999.000,9999.000,9999.000,9999.000,9999.000,9999.000,9999.000
202606101630,   0.397,   0.600,9999.000,9999.000,9999.000,9999.000,9999.000,9999.000,9999.000
202606101636,   0.400,   0.619,9999.000,9999.000,9999.000,9999.000,9999.000,9999.000,9999.000
202606101642,   0.406,   0.639,9999.000,9999.000,9999.000,9999.000,9999.000,9999.000,9999.000
202606101648,   0.416,   0.669,9999.000,9999.000,9999.000,9999.000,9999.000,9999.000,9999.000
202606101654,   0.429,   0.698,9999.000,9999.000,9999.000,9999.000,9999.000,9999.000,9999.000
202606101700,   0.445,   0.731,   0.300,  -0.014,   0.731,   0.200,   0.631,   0.400,   0.831
202606101706,   0.465,   0.751,9999.000,9999.000,9999.000,9999.000,9999.000,9999.000,9999.000
202606101712,   0.488,   0.760,9999.000,9999.000,9999.000,9999.000,9999.000,9999.000,9999.000
202606101718,   0.515,   0.780,9999.000,9999.000,9999.000,9999.000,9999.000,9999.000,9999.000
202606101724,   0.545,   0.810,9999.000,9999.000,9999.000,9999.000,9999.000,9999.000,9999.000
202606101730,   0.578,   0.869,9999.000,9999.000,9999.000,9999.000,9999.000,9999.000,9999.000
202606101736,   0.615,   0.928,9999.000,9999.000,9999.000,9999.000,9999.000,9999.000,9999.000
202606101742,   0.655,   0.961,9999.000,9999.000,9999.000,9999.000,9999.000,9999.000,9999.000
202606101748,   0.698,   1.020,9999.000,9999.000,9999.000,9999.000,9999.000,9999.000,9999.000
202606101754,   0.744,   1.098,9999.000,9999.000,9999.000,9999.000,9999.000,9999.000,9999.000
202606101800,   0.792,   1.138,   0.400,  -0.054,   1.138,   0.300,   1.038,   0.500,   1.238
202606101806,   0.844,   1.210,9999.000,9999.000,9999.000,9999.000,9999.000,9999.000,9999.000
202606101812,   0.898,   1.259,9999.000,9999.000,9999.000,9999.000,9999.000,9999.000,9999.000
202606101818,   0.954,   1.308,9999.000,9999.000,9999.000,9999.000,9999.000,9999.000,9999.000
202606101824,   1.013,   1.390,9999.000,9999.000,9999.000,9999.000,9999.000,9999.000,9999.000
202606101830,   1.073,   1.439,9999.000,9999.000,9999.000,9999.000,9999.000,9999.000,9999.000
202606101836,   1.135,   1.489,9999.000,9999.000,9999.000,9999.000,9999.000,9999.000,9999.000
202606101842,   1.199,   1.548,9999.000,9999.000,9999.000,9999.000,9999.000,9999.000,9999.000
202606101848,   1.264,   1.610,9999.000,9999.000,9999.000,9999.000,9999.000,9999.000,9999.000
202606101854,   1.330,   1.659,9999.000,9999.000,9999.000,9999.000,9999.000,9999.000,9999.000
202606101900,   1.396,   1.738,   0.400,  -0.058,   1.738,   0.300,   1.638,   0.500,   1.838
202606101906,   1.464,   1.800,9999.000,9999.000,9999.000,9999.000,9999.000,9999.000,9999.000
202606101912,   1.532,   1.849,9999.000,9999.000,9999.000,9999.000,9999.000,9999.000,9999.000
202606101918,   1.600,   1.918,9999.000,9999.000,9999.000,9999.000,9999.000,9999.000,9999.000
202606101924,   1.669,   1.981,9999.000,9999.000,9999.000,9999.000,9999.000,9999.000,9999.000
202606101930,   1.737,   2.049,9999.000,9999.000,9999.000,9999.000,9999.000,9999.000,9999.000
202606101936,   1.805,   2.109,9999.000,9999.000,9999.000,9999.000,9999.000,9999.000,9999.000
202606101942,   1.874,   2.168,9999.000,9999.000,9999.000,9999.000,9999.000,9999.000,9999.000
202606101948,   1.941,   2.240,9999.000,9999.000,9999.000,9999.000,9999.000,9999.000,9999.000
202606101954,   2.009,   2.299,9999.000,9999.000,9999.000,9999.000,9999.000,9999.000,9999.000
202606102000,   2.075,   2.348,   0.500,  -0.227,   2.348,   0.300,   2.148,   0.500,   2.348
202606102006,   2.142,   2.410,9999.000,9999.000,9999.000,9999.000,9999.000,9999.000,9999.000
202606102012,   2.207,   2.479,9999.000,9999.000,9999.000,9999.000,9999.000,9999.000,9999.000
202606102018,   2.271,   2.538,9999.000,9999.000,9999.000,9999.000,9999.000,9999.000,9999.000
202606102024,   2.335,   2.597,9999.000,9999.000,9999.000,9999.000,9999.000,9999.000,9999.000
202606102030,   2.398,   2.630,9999.000,9999.000,9999.000,9999.000,9999.000,9999.000,9999.000
202606102036,   2.459,   2.699,9999.000,9999.000,9999.000,9999.000,9999.000,9999.000,9999.000
202606102042,   2.519,   2.748,9999.000,9999.000,9999.000,9999.000,9999.000,9999.000,9999.000
202606102048,   2.578,   2.797,9999.000,9999.000,9999.000,9999.000,9999.000,9999.000,9999.000
202606102054,   2.636,   2.860,9999.000,9999.000,9999.000,9999.000,9999.000,9999.000,9999.000
202606102100,   2.691,   2.899,   0.500,  -0.292,   2.899,   0.300,   2.699,   0.600,   2.999
202606102106,   2.745,   2.938,9999.000,9999.000,9999.000,9999.000,9999.000,9999.000,9999.000
202606102112,   2.797,   2.988,9999.000,9999.000,9999.000,9999.000,9999.000,9999.000,9999.000
202606102118,   2.846,   3.050,9999.000,9999.000,9999.000,9999.000,9999.000,9999.000,9999.000
202606102124,   2.893,   3.099,9999.000,9999.000,9999.000,9999.000,9999.000,9999.000,9999.000
202606102130,   2.938,   3.129,9999.000,9999.000,9999.000,9999.000,9999.000,9999.000,9999.000
202606102136,   2.980,   3.168,9999.000,9999.000,9999.000,9999.000,9999.000,9999.000,9999.000
202606102142,   3.019,   3.207,9999.000,9999.000,9999.000,9999.000,9999.000,9999.000,9999.000
202606102148,   3.055,   3.260,9999.000,9999.000,9999.000,9999.000,9999.000,9999.000,9999.000
202606102154,   3.088,   3.299,9999.000,9999.000,9999.000,9999.000,9999.000,9999.000,9999.000
202606102200,   3.118,   3.329,   0.500,  -0.289,   3.329,   0.400,   3.229,   0.600,   3.429
202606102206,   3.144,   3.348,9999.000,9999.000,9999.000,9999.000,9999.000,9999.000,9999.000
202606102212,   3.167,   3.368,9999.000,9999.000,9999.000,9999.000,9999.000,9999.000,9999.000
202606102218,   3.186,   3.368,9999.000,9999.000,9999.000,9999.000,9999.000,9999.000,9999.000
202606102224,   3.201,   3.388,9999.000,9999.000,9999.000,9999.000,9999.000,9999.000,9999.000
202606102230,   3.213,   3.388,9999.000,9999.000,9999.000,9999.000,9999.000,9999.000,9999.000
202606102236,   3.222,   3.407,9999.000,9999.000,9999.000,9999.000,9999.000,9999.000,9999.000
202606102242,   3.227,   3.407,9999.000,9999.000,9999.000,9999.000,9999.000,9999.000,9999.000
202606102248,   3.228,   3.388,9999.000,9999.000,9999.000,9999.000,9999.000,9999.000,9999.000
202606102254,   3.226,   3.388,9999.000,9999.000,9999.000,9999.000,9999.000,9999.000,9999.000
202606102300,   3.221,   3.378,   0.500,  -0.343,   3.378,   0.400,   3.278,   0.600,   3.478
202606102306,   3.213,   3.378,9999.000,9999.000,9999.000,9999.000,9999.000,9999.000,9999.000
202606102312,   3.202,   3.358,9999.000,9999.000,9999.000,9999.000,9999.000,9999.000,9999.000
202606102318,   3.188,   3.358,9999.000,9999.000,9999.000,9999.000,9999.000,9999.000,9999.000
202606102324,   3.171,   3.368,9999.000,9999.000,9999.000,9999.000,9999.000,9999.000,9999.000
202606102330,   3.152,   3.358,9999.000,9999.000,9999.000,9999.000,9999.000,9999.000,9999.000
202606102336,   3.130,   3.339,9999.000,9999.000,9999.000,9999.000,9999.000,9999.000,9999.000
202606102342,   3.106,   3.309,9999.000,9999.000,9999.000,9999.000,9999.000,9999.000,9999.000
202606102348,   3.080,   3.299,9999.000,9999.000,9999.000,9999.000,9999.000,9999.000,9999.000
202606102354,   3.052,   3.299,9999.000,9999.000,9999.000,9999.000,9999.000,9999.000,9999.000
202606110000,   3.022,   3.270,   0.500,  -0.252,   3.270,   0.400,   3.170,   0.600,   3.370
202606110006,   2.990,   3.270,9999.000,9999.000,9999.000,9999.000,9999.000,9999.000,9999.000
202606110012,   2.957,   3.217,9999.000,9999.000,9999.000,9999.000,9999.000,9999.000,9999.000
202606110018,   2.922,   3.158,9999.000,9999.000,9999.000,9999.000,9999.000,9999.000,9999.000
202606110024,   2.885,   3.119,9999.000,9999.000,9999.000,9999.000,9999.000,9999.000,9999.000
202606110030,   2.846,   3.109,9999.000,9999.000,9999.000,9999.000,9999.000,9999.000,9999.000
202606110036,   2.805,   3.060,9999.000,9999.000,9999.000,9999.000,9999.000,9999.000,9999.000
202606110042,   2.763,   3.030,9999.000,9999.000,9999.000,9999.000,9999.000,9999.000,9999.000
202606110048,   2.719,   2.938,9999.000,9999.000,9999.000,9999.000,9999.000,9999.000,9999.000
202606110054,   2.673,   2.860,9999.000,9999.000,9999.000,9999.000,9999.000,9999.000,9999.000
202606110100,   2.626,   2.797,   0.500,  -0.329,   2.797,   0.400,   2.697,   0.600,   2.897
202606110106,   2.576,   2.738,9999.000,9999.000,9999.000,9999.000,9999.000,9999.000,9999.000
202606110112,   2.525,   2.669,9999.000,9999.000,9999.000,9999.000,9999.000,9999.000,9999.000
202606110118,   2.471,   2.640,9999.000,9999.000,9999.000,9999.000,9999.000,9999.000,9999.000
202606110124,   2.416,   2.597,9999.000,9999.000,9999.000,9999.000,9999.000,9999.000,9999.000
202606110130,   2.359,   2.528,9999.000,9999.000,9999.000,9999.000,9999.000,9999.000,9999.000
202606110136,   2.299,   2.459,9999.000,9999.000,9999.000,9999.000,9999.000,9999.000,9999.000
202606110142,   2.239,   2.387,9999.000,9999.000,9999.000,9999.000,9999.000,9999.000,9999.000
202606110148,   2.176,   2.338,9999.000,9999.000,9999.000,9999.000,9999.000,9999.000,9999.000
202606110154,   2.112,   2.269,9999.000,9999.000,9999.000,9999.000,9999.000,9999.000,9999.000
202606110200,   2.046,   2.200,   0.500,  -0.346,   2.200,   0.400,   2.100,   0.600,   2.300
202606110206,   1.979,   2.168,9999.000,9999.000,9999.000,9999.000,9999.000,9999.000,9999.000
202606110212,   1.911,   2.099,9999.000,9999.000,9999.000,9999.000,9999.000,9999.000,9999.000
202606110218,   1.843,   2.010,9999.000,9999.000,9999.000,9999.000,9999.000,9999.000,9999.000
202606110224,   1.773,   1.958,9999.000,9999.000,9999.000,9999.000,9999.000,9999.000,9999.000
202606110230,   1.703,   1.869,9999.000,9999.000,9999.000,9999.000,9999.000,9999.000,9999.000
202606110236,   1.633,   1.820,9999.000,9999.000,9999.000,9999.000,9999.000,9999.000,9999.000
202606110242,   1.562,   1.758,9999.000,9999.000,9999.000,9999.000,9999.000,9999.000,9999.000
202606110248,   1.492,   1.689,9999.000,9999.000,9999.000,9999.000,9999.000,9999.000,9999.000
202606110254,   1.423,   1.620,9999.000,9999.000,9999.000,9999.000,9999.000,9999.000,9999.000
202606110300,   1.354,   1.538,   0.500,  -0.316,   1.538,   0.500,   1.538,   0.600,   1.638
202606110306,   1.286,   1.489,9999.000,9999.000,9999.000,9999.000,9999.000,9999.000,9999.000
202606110312,   1.220,   1.410,9999.000,9999.000,9999.000,9999.000,9999.000,9999.000,9999.000
202606110318,   1.155,   1.361,9999.000,9999.000,9999.000,9999.000,9999.000,9999.000,9999.000
202606110324,   1.091,   1.308,9999.000,9999.000,9999.000,9999.000,9999.000,9999.000,9999.000
202606110330,   1.029,   1.249,9999.000,9999.000,9999.000,9999.000,9999.000,9999.000,9999.000
202606110336,   0.969,   1.190,9999.000,9999.000,9999.000,9999.000,9999.000,9999.000,9999.000
202606110342,   0.912,   1.151,9999.000,9999.000,9999.000,9999.000,9999.000,9999.000,9999.000
202606110348,   0.856,   1.088,9999.000,9999.000,9999.000,9999.000,9999.000,9999.000,9999.000
202606110354,   0.803,   1.039,9999.000,9999.000,9999.000,9999.000,9999.000,9999.000,9999.000
202606110400,   0.752,   1.010,   0.500,  -0.242,   1.010,   0.400,   0.910,   0.600,   1.110
202606110406,   0.704,   0.941,9999.000,9999.000,9999.000,9999.000,9999.000,9999.000,9999.000
202606110412,   0.658,   0.879,9999.000,9999.000,9999.000,9999.000,9999.000,9999.000,9999.000
202606110418,   0.616,   0.819,9999.000,9999.000,9999.000,9999.000,9999.000,9999.000,9999.000
202606110424,   0.576,   0.780,9999.000,9999.000,9999.000,9999.000,9999.000,9999.000,9999.000
202606110430,   0.538,   0.741,9999.000,9999.000,9999.000,9999.000,9999.000,9999.000,9999.000
202606110436,   0.504,   0.688,9999.000,9999.000,9999.000,9999.000,9999.000,9999.000,9999.000
202606110442,   0.473,   0.649,9999.000,9999.000,9999.000,9999.000,9999.000,9999.000,9999.000
202606110448,   0.445,   0.659,9999.000,9999.000,9999.000,9999.000,9999.000,9999.000,9999.000
202606110454,   0.420,   0.659,9999.000,9999.000,9999.000,9999.000,9999.000,9999.000,9999.000
202606110500,   0.398,   0.649,   0.500,  -0.249,   0.649,   0.400,   0.549,   0.600,   0.749
202606110506,   0.379,   0.610,9999.000,9999.000,9999.000,9999.000,9999.000,9999.000,9999.000
202606110512,   0.364,   0.580,9999.000,9999.000,9999.000,9999.000,9999.000,9999.000,9999.000
202606110518,   0.352,   0.600,9999.000,9999.000,9999.000,9999.000,9999.000,9999.000,9999.000
202606110524,   0.344,   0.600,9999.000,9999.000,9999.000,9999.000,9999.000,9999.000,9999.000
202606110530,   0.339,   0.610,9999.000,9999.000,9999.000,9999.000,9999.000,9999.000,9999.000
202606110536,   0.337,   0.590,9999.000,9999.000,9999.000,9999.000,9999.000,9999.000,9999.000
202606110542,   0.339,   0.590,9999.000,9999.000,9999.000,9999.000,9999.000,9999.000,9999.000
202606110548,   0.345,   0.580,9999.000,9999.000,9999.000,9999.000,9999.000,9999.000,9999.000
202606110554,   0.354,   0.600,9999.000,9999.000,9999.000,9999.000,9999.000,9999.000,9999.000
202606110600,   0.366,   0.629,   0.500,  -0.237,   0.629,   0.400,   0.529,   0.500,   0.629
202606110606,   0.382,   0.669,9999.000,9999.000,9999.000,9999.000,9999.000,9999.000,9999.000
202606110612,   0.402,   0.688,9999.000,9999.000,9999.000,9999.000,9999.000,9999.000,9999.000
202606110618,   0.424,   0.718,9999.000,9999.000,9999.000,9999.000,9999.000,9999.000,9999.000
202606110624,   0.450,   0.770,9999.000,9999.000,9999.000,9999.000,9999.000,9999.000,9999.000
202606110630,   0.478,   0.819,9999.000,9999.000,9999.000,9999.000,9999.000,9999.000,9999.000
202606110636,   0.510,   0.810,9999.000,9999.000,9999.000,9999.000,9999.000,9999.000,9999.000
202606110642,   0.544,   0.849,9999.000,9999.000,9999.000,9999.000,9999.000,9999.000,9999.000
202606110648,   0.581,   0.908,9999.000,9999.000,9999.000,9999.000,9999.000,9999.000,9999.000
202606110654,   0.620,   1.010,9999.000,9999.000,9999.000,9999.000,9999.000,9999.000,9999.000
202606110700,   0.662,   1.069,   0.500,  -0.093,   1.069,   0.400,   0.969,   0.500,   1.069
202606110706,   0.705,   1.108,9999.000,9999.000,9999.000,9999.000,9999.000,9999.000,9999.000
202606110712,   0.750,   1.151,9999.000,9999.000,9999.000,9999.000,9999.000,9999.000,9999.000
202606110718,   0.797,   1.239,9999.000,9999.000,9999.000,9999.000,9999.000,9999.000,9999.000
202606110724,   0.846,   1.298,9999.000,9999.000,9999.000,9999.000,9999.000,9999.000,9999.000
202606110730,   0.895,   1.361,9999.000,9999.000,9999.000,9999.000,9999.000,9999.000,9999.000
202606110736,   0.946,   1.439,9999.000,9999.000,9999.000,9999.000,9999.000,9999.000,9999.000
202606110742,   0.998,   1.489,9999.000,9999.000,9999.000,9999.000,9999.000,9999.000,9999.000
202606110748,   1.050,   1.571,9999.000,9999.000,9999.000,9999.000,9999.000,9999.000,9999.000
202606110754,   1.103,   1.590,9999.000,9999.000,9999.000,9999.000,9999.000,9999.000,9999.000
202606110800,   1.156,   1.669,   0.500,   0.013,   1.669,   0.400,   1.569,   0.600,   1.769
202606110806,   1.210,   1.708,9999.000,9999.000,9999.000,9999.000,9999.000,9999.000,9999.000
202606110812,   1.264,   1.758,9999.000,9999.000,9999.000,9999.000,9999.000,9999.000,9999.000
202606110818,   1.318,   1.810,9999.000,9999.000,9999.000,9999.000,9999.000,9999.000,9999.000
202606110824,   1.372,   1.869,9999.000,9999.000,9999.000,9999.000,9999.000,9999.000,9999.000
202606110830,   1.426,   1.928,9999.000,9999.000,9999.000,9999.000,9999.000,9999.000,9999.000
202606110836,   1.479,   1.981,9999.000,9999.000,9999.000,9999.000,9999.000,9999.000,9999.000
202606110842,   1.533,   2.020,9999.000,9999.000,9999.000,9999.000,9999.000,9999.000,9999.000
202606110848,   1.585,   2.040,9999.000,9999.000,9999.000,9999.000,9999.000,9999.000,9999.000
202606110854,   1.637,   2.089,9999.000,9999.000,9999.000,9999.000,9999.000,9999.000,9999.000
202606110900,   1.689,   2.138,   0.500,  -0.051,   2.138,   0.400,   2.038,   0.600,   2.238
202606110906,   1.739,   2.210,9999.000,9999.000,9999.000,9999.000,9999.000,9999.000,9999.000
202606110912,   1.789,   2.279,9999.000,9999.000,9999.000,9999.000,9999.000,9999.000,9999.000
202606110918,   1.837,   2.338,9999.000,9999.000,9999.000,9999.000,9999.000,9999.000,9999.000
202606110924,   1.884,   2.377,9999.000,9999.000,9999.000,9999.000,9999.000,9999.000,9999.000
202606110930,   1.930,   2.420,9999.000,9999.000,9999.000,9999.000,9999.000,9999.000,9999.000
202606110936,   1.974,   2.459,9999.000,9999.000,9999.000,9999.000,9999.000,9999.000,9999.000
202606110942,   2.016,   2.479,9999.000,9999.000,9999.000,9999.000,9999.000,9999.000,9999.000
202606110948,   2.056,   2.509,9999.000,9999.000,9999.000,9999.000,9999.000,9999.000,9999.000
202606110954,   2.095,   2.538,9999.000,9999.000,9999.000,9999.000,9999.000,9999.000,9999.000
202606111000,   2.130,   2.558,   0.500,  -0.072,   2.558,   0.400,   2.458,   0.500,   2.558
202606111006,   2.164,   2.587,9999.000,9999.000,9999.000,9999.000,9999.000,9999.000,9999.000
202606111012,   2.194,   2.597,9999.000,9999.000,9999.000,9999.000,9999.000,9999.000,9999.000
202606111018,   2.222,   2.610,9999.000,9999.000,9999.000,9999.000,9999.000,9999.000,9999.000
202606111024,   2.247,   2.597,9999.000,9999.000,9999.000,9999.000,9999.000,9999.000,9999.000
202606111030,   2.269,   2.587,9999.000,9999.000,9999.000,9999.000,9999.000,9999.000,9999.000
202606111036,   2.289,   2.597,9999.000,9999.000,9999.000,9999.000,9999.000,9999.000,9999.000
202606111042,   2.305,   2.610,9999.000,9999.000,9999.000,9999.000,9999.000,9999.000,9999.000
202606111048,   2.318,   2.630,9999.000,9999.000,9999.000,9999.000,9999.000,9999.000,9999.000
202606111054,   2.327,   2.620,9999.000,9999.000,9999.000,9999.000,9999.000,9999.000,9999.000
202606111100,   2.334,   2.610,   0.400,  -0.124,   2.610,   0.300,   2.510,   0.500,   2.710
202606111106,   2.338,   2.620,9999.000,9999.000,9999.000,9999.000,9999.000,9999.000,9999.000
202606111112,   2.339,   2.650,9999.000,9999.000,9999.000,9999.000,9999.000,9999.000,9999.000
202606111118,   2.337,   2.640,9999.000,9999.000,9999.000,9999.000,9999.000,9999.000,9999.000
202606111124,   2.333,   2.650,9999.000,9999.000,9999.000,9999.000,9999.000,9999.000,9999.000
202606111130,   2.325,   2.640,9999.000,9999.000,9999.000,9999.000,9999.000,9999.000,9999.000
202606111136,   2.316,   2.640,9999.000,9999.000,9999.000,9999.000,9999.000,9999.000,9999.000
202606111142,   2.304,   2.650,9999.000,9999.000,9999.000,9999.000,9999.000,9999.000,9999.000
202606111148,   2.290,   2.620,9999.000,9999.000,9999.000,9999.000,9999.000,9999.000,9999.000
202606111154,   2.274,   2.610,9999.000,9999.000,9999.000,9999.000,9999.000,9999.000,9999.000
202606111200,   2.256,   2.640,   0.500,  -0.116,   2.640,   0.400,   2.540,   0.600,   2.740
202606111206,   2.236,   2.640,9999.000,9999.000,9999.000,9999.000,9999.000,9999.000,9999.000
202606111212,   2.215,   2.597,9999.000,9999.000,9999.000,9999.000,9999.000,9999.000,9999.000
202606111218,   2.192,   2.610,9999.000,9999.000,9999.000,9999.000,9999.000,9999.000,9999.000
202606111224,   2.168,   2.587,9999.000,9999.000,9999.000,9999.000,9999.000,9999.000,9999.000
202606111230,   2.142,   2.558,9999.000,9999.000,9999.000,9999.000,9999.000,9999.000,9999.000
202606111236,   2.115,   2.538,9999.000,9999.000,9999.000,9999.000,9999.000,9999.000,9999.000
202606111242,   2.087,   2.519,9999.000,9999.000,9999.000,9999.000,9999.000,9999.000,9999.000
202606111248,   2.058,   2.509,9999.000,9999.000,9999.000,9999.000,9999.000,9999.000,9999.000
202606111254,   2.027,   2.499,9999.000,9999.000,9999.000,9999.000,9999.000,9999.000,9999.000
202606111300,   1.994,   2.450,   0.500,  -0.044,   2.450,   0.400,   2.350,   0.600,   2.550
202606111306,   1.961,   2.410,9999.000,9999.000,9999.000,9999.000,9999.000,9999.000,9999.000
202606111312,   1.926,   2.348,9999.000,9999.000,9999.000,9999.000,9999.000,9999.000,9999.000
202606111318,   1.890,   2.318,9999.000,9999.000,9999.000,9999.000,9999.000,9999.000,9999.000
202606111324,   1.852,   2.269,9999.000,9999.000,9999.000,9999.000,9999.000,9999.000,9999.000
202606111330,   1.812,   2.240,9999.000,9999.000,9999.000,9999.000,9999.000,9999.000,9999.000
202606111336,   1.771,   2.168,9999.000,9999.000,9999.000,9999.000,9999.000,9999.000,9999.000
202606111342,   1.729,   2.118,9999.000,9999.000,9999.000,9999.000,9999.000,9999.000,9999.000
202606111348,   1.684,   2.059,9999.000,9999.000,9999.000,9999.000,9999.000,9999.000,9999.000
202606111354,   1.639,   2.030,9999.000,9999.000,9999.000,9999.000,9999.000,9999.000,9999.000
202606111400,   1.592,   1.990,   0.600,  -0.202,   1.990,   0.500,   1.890,   0.600,   1.990
202606111406,   1.543,   1.928,9999.000,9999.000,9999.000,9999.000,9999.000,9999.000,9999.000
202606111412,   1.493,   1.879,9999.000,9999.000,9999.000,9999.000,9999.000,9999.000,9999.000
202606111418,   1.442,   1.830,9999.000,9999.000,9999.000,9999.000,9999.000,9999.000,9999.000
202606111424,   1.389,   1.748,9999.000,9999.000,9999.000,9999.000,9999.000,9999.000,9999.000
202606111430,   1.336,   1.708,9999.000,9999.000,9999.000,9999.000,9999.000,9999.000,9999.000
202606111436,   1.282,   1.659,9999.000,9999.000,9999.000,9999.000,9999.000,9999.000,9999.000
202606111442,   1.228,   1.580,9999.000,9999.000,9999.000,9999.000,9999.000,9999.000,9999.000
202606111448,   1.173,   1.518,9999.000,9999.000,9999.000,9999.000,9999.000,9999.000,9999.000
202606111454,   1.118,   1.439,9999.000,9999.000,9999.000,9999.000,9999.000,9999.000,9999.000
202606111500,   1.064,   1.361,   0.600,  -0.303,   1.361,   0.500,   1.261,   0.600,   1.361
202606111506,   1.009,   1.318,9999.000,9999.000,9999.000,9999.000,9999.000,9999.000,9999.000
202606111512,   0.956,   1.279,9999.000,9999.000,9999.000,9999.000,9999.000,9999.000,9999.000
202606111518,   0.903,   1.220,9999.000,9999.000,9999.000,9999.000,9999.000,9999.000,9999.000
202606111524,   0.852,   1.200,9999.000,9999.000,9999.000,9999.000,9999.000,9999.000,9999.000
202606111530,   0.802,   1.180,9999.000,9999.000,9999.000,9999.000,9999.000,9999.000,9999.000
202606111536,   0.753,   1.151,9999.000,9999.000,9999.000,9999.000,9999.000,9999.000,9999.000
202606111542,   0.707,   1.098,9999.000,9999.000,9999.000,9999.000,9999.000,9999.000,9999.000
202606111548,   0.662,   1.059,9999.000,9999.000,9999.000,9999.000,9999.000,9999.000,9999.000
202606111554,   0.620,   0.990,9999.000,9999.000,9999.000,9999.000,9999.000,9999.000,9999.000
202606111600,   0.579,   0.951,   0.600,  -0.228,   0.951,   0.500,   0.851,   0.600,   0.951
202606111606,   0.542,   0.941,9999.000,9999.000,9999.000,9999.000,9999.000,9999.000,9999.000
202606111612,   0.506,   0.888,9999.000,9999.000,9999.000,9999.000,9999.000,9999.000,9999.000
202606111618,   0.474,   0.839,9999.000,9999.000,9999.000,9999.000,9999.000,9999.000,9999.000
202606111624,   0.444,   0.770,9999.000,9999.000,9999.000,9999.000,9999.000,9999.000,9999.000
202606111630,   0.417,   0.741,9999.000,9999.000,9999.000,9999.000,9999.000,9999.000,9999.000
202606111636,   0.393,   0.718,9999.000,9999.000,9999.000,9999.000,9999.000,9999.000,9999.000
202606111642,   0.372,   0.718,9999.000,9999.000,9999.000,9999.000,9999.000,9999.000,9999.000
202606111648,   0.353,   0.718,9999.000,9999.000,9999.000,9999.000,9999.000,9999.000,9999.000
202606111654,   0.338,   0.698,9999.000,9999.000,9999.000,9999.000,9999.000,9999.000,9999.000
202606111700,   0.326,   0.708,   0.600,  -0.218,   0.708,   0.500,   0.608,   0.700,   0.808
202606111706,   0.317,   0.741,9999.000,9999.000,9999.000,9999.000,9999.000,9999.000,9999.000
202606111712,   0.311,   0.741,9999.000,9999.000,9999.000,9999.000,9999.000,9999.000,9999.000
202606111718,   0.309,   0.751,9999.000,9999.000,9999.000,9999.000,9999.000,9999.000,9999.000
202606111724,   0.310,   0.770,9999.000,9999.000,9999.000,9999.000,9999.000,9999.000,9999.000
202606111730,   0.314,   0.800,9999.000,9999.000,9999.000,9999.000,9999.000,9999.000,9999.000
202606111736,   0.321,   0.810,9999.000,9999.000,9999.000,9999.000,9999.000,9999.000,9999.000
202606111742,   0.332,   0.829,9999.000,9999.000,9999.000,9999.000,9999.000,9999.000,9999.000
202606111748,   0.347,   0.829,9999.000,9999.000,9999.000,9999.000,9999.000,9999.000,9999.000
202606111754,   0.365,   0.839,9999.000,9999.000,9999.000,9999.000,9999.000,9999.000,9999.000
202606111800,   0.386,   0.879,   0.600,  -0.107,   0.879,   0.500,   0.779,   0.700,   0.979
202606111806,   0.411,   0.908,9999.000,9999.000,9999.000,9999.000,9999.000,9999.000,9999.000
202606111812,   0.440,   0.961,9999.000,9999.000,9999.000,9999.000,9999.000,9999.000,9999.000
202606111818,   0.472,   1.020,9999.000,9999.000,9999.000,9999.000,9999.000,9999.000,9999.000
202606111824,   0.507,   1.069,9999.000,9999.000,9999.000,9999.000,9999.000,9999.000,9999.000
202606111830,   0.546,   1.118,9999.000,9999.000,9999.000,9999.000,9999.000,9999.000,9999.000
202606111836,   0.589,   1.161,9999.000,9999.000,9999.000,9999.000,9999.000,9999.000,9999.000
202606111842,   0.635,   1.210,9999.000,9999.000,9999.000,9999.000,9999.000,9999.000,9999.000
202606111848,   0.684,   1.269,9999.000,9999.000,9999.000,9999.000,9999.000,9999.000,9999.000
202606111854,   0.737,   1.308,9999.000,9999.000,9999.000,9999.000,9999.000,9999.000,9999.000
202606111900,   0.792,   1.361,   0.600,  -0.031,   1.361,   0.500,   1.261,   0.700,   1.461
202606111906,   0.850,   1.430,9999.000,9999.000,9999.000,9999.000,9999.000,9999.000,9999.000
202606111912,   0.911,   1.489,9999.000,9999.000,9999.000,9999.000,9999.000,9999.000,9999.000
202606111918,   0.974,   1.571,9999.000,9999.000,9999.000,9999.000,9999.000,9999.000,9999.000
202606111924,   1.040,   1.600,9999.000,9999.000,9999.000,9999.000,9999.000,9999.000,9999.000
202606111930,   1.108,   1.630,9999.000,9999.000,9999.000,9999.000,9999.000,9999.000,9999.000
202606111936,   1.177,   1.728,9999.000,9999.000,9999.000,9999.000,9999.000,9999.000,9999.000
202606111942,   1.248,   1.781,9999.000,9999.000,9999.000,9999.000,9999.000,9999.000,9999.000
202606111948,   1.321,   1.879,9999.000,9999.000,9999.000,9999.000,9999.000,9999.000,9999.000
202606111954,   1.395,   1.958,9999.000,9999.000,9999.000,9999.000,9999.000,9999.000,9999.000
202606112000,   1.470,   2.010,   0.600,  -0.060,   2.010,   0.500,   1.910,   0.700,   2.110
202606112006,   1.545,   2.049,9999.000,9999.000,9999.000,9999.000,9999.000,9999.000,9999.000
202606112012,   1.622,   2.089,9999.000,9999.000,9999.000,9999.000,9999.000,9999.000,9999.000
202606112018,   1.698,   2.158,9999.000,9999.000,9999.000,9999.000,9999.000,9999.000,9999.000
202606112024,   1.775,   2.240,9999.000,9999.000,9999.000,9999.000,9999.000,9999.000,9999.000
202606112030,   1.852,   2.309,9999.000,9999.000,9999.000,9999.000,9999.000,9999.000,9999.000
202606112036,   1.929,   2.368,9999.000,9999.000,9999.000,9999.000,9999.000,9999.000,9999.000
202606112042,   2.005,   2.459,9999.000,9999.000,9999.000,9999.000,9999.000,9999.000,9999.000
202606112048,   2.082,   2.519,9999.000,9999.000,9999.000,9999.000,9999.000,9999.000,9999.000
202606112054,   2.157,   2.587,9999.000,9999.000,9999.000,9999.000,9999.000,9999.000,9999.000
202606112100,   2.232,   2.660,   0.600,  -0.172,   2.660,   0.500,   2.560,   0.700,   2.760
202606112106,   2.306,   2.719,9999.000,9999.000,9999.000,9999.000,9999.000,9999.000,9999.000
202606112112,   2.378,   2.820,9999.000,9999.000,9999.000,9999.000,9999.000,9999.000,9999.000
202606112118,   2.450,   2.899,9999.000,9999.000,9999.000,9999.000,9999.000,9999.000,9999.000
202606112124,   2.520,   2.958,9999.000,9999.000,9999.000,9999.000,9999.000,9999.000,9999.000
202606112130,   2.589,   2.988,9999.000,9999.000,9999.000,9999.000,9999.000,9999.000,9999.000
202606112136,   2.656,   3.017,9999.000,9999.000,9999.000,9999.000,9999.000,9999.000,9999.000
202606112142,   2.722,   2.968,9999.000,9999.000,9999.000,9999.000,9999.000,9999.000,9999.000
202606112148,   2.785,   3.070,9999.000,9999.000,9999.000,9999.000,9999.000,9999.000,9999.000
202606112154,   2.846,   3.040,9999.000,9999.000,9999.000,9999.000,9999.000,9999.000,9999.000
202606112200,   2.905,   3.129,   0.600,  -0.376,   3.129,   0.500,   3.029,   0.700,   3.229
202606112206,   2.962,   3.148,9999.000,9999.000,9999.000,9999.000,9999.000,9999.000,9999.000
202606112212,   3.015,   3.289,9999.000,9999.000,9999.000,9999.000,9999.000,9999.000,9999.000
202606112218,   3.066,   3.407,9999.000,9999.000,9999.000,9999.000,9999.000,9999.000,9999.000
202606112224,   3.114,   3.480,9999.000,9999.000,9999.000,9999.000,9999.000,9999.000,9999.000
202606112230,   3.159,   3.650,9999.000,9999.000,9999.000,9999.000,9999.000,9999.000,9999.000
202606112236,   3.200,   3.509,9999.000,9999.000,9999.000,9999.000,9999.000,9999.000,9999.000
202606112242,   3.238,   3.529,9999.000,9999.000,9999.000,9999.000,9999.000,9999.000,9999.000
202606112248,   3.273,   3.607,9999.000,9999.000,9999.000,9999.000,9999.000,9999.000,9999.000
202606112254,   3.304,   3.670,9999.000,9999.000,9999.000,9999.000,9999.000,9999.000,9999.000
202606112300,   3.331,   3.627,   0.600,  -0.304,   3.627,   0.500,   3.527,   0.700,   3.727
202606112306,   3.354,   3.617,9999.000,9999.000,9999.000,9999.000,9999.000,9999.000,9999.000
202606112312,   3.374,   3.650,9999.000,9999.000,9999.000,9999.000,9999.000,9999.000,9999.000
202606112318,   3.390,   3.739,9999.000,9999.000,9999.000,9999.000,9999.000,9999.000,9999.000
202606112324,   3.402,   3.817,9999.000,9999.000,9999.000,9999.000,9999.000,9999.000,9999.000
202606112330,   3.410,   3.749,9999.000,9999.000,9999.000,9999.000,9999.000,9999.000,9999.000
202606112336,   3.415,   3.768,9999.000,9999.000,9999.000,9999.000,9999.000,9999.000,9999.000
202606112342,   3.416,   3.768,9999.000,9999.000,9999.000,9999.000,9999.000,9999.000,9999.000
202606112348,   3.414,   3.739,9999.000,9999.000,9999.000,9999.000,9999.000,9999.000,9999.000
202606112354,   3.409,   3.758,9999.000,9999.000,9999.000,9999.000,9999.000,9999.000,9999.000
202606120000,   3.400,   3.749,   0.600,  -0.251,   3.749,   0.500,   3.649,   0.700,   3.849
202606120006,   3.388,   3.808,9999.000,9999.000,9999.000,9999.000,9999.000,9999.000,9999.000
202606120012,   3.373,   3.689,9999.000,9999.000,9999.000,9999.000,9999.000,9999.000,9999.000
202606120018,   3.356,   3.689,9999.000,9999.000,9999.000,9999.000,9999.000,9999.000,9999.000
202606120024,   3.336,   3.680,9999.000,9999.000,9999.000,9999.000,9999.000,9999.000,9999.000
202606120030,   3.313,   3.709,9999.000,9999.000,9999.000,9999.000,9999.000,9999.000,9999.000
202606120036,   3.288,   3.617,9999.000,9999.000,9999.000,9999.000,9999.000,9999.000,9999.000
202606120042,   3.261,   3.558,9999.000,9999.000,9999.000,9999.000,9999.000,9999.000,9999.000
202606120048,   3.231,   3.470,9999.000,9999.000,9999.000,9999.000,9999.000,9999.000,9999.000
202606120054,   3.199,   3.489,9999.000,9999.000,9999.000,9999.000,9999.000,9999.000,9999.000
202606120100,   3.165,   3.388,   0.600,  -0.377,   3.388,   0.500,   3.288,   0.700,   3.488
202606120106,   3.128,   3.398,9999.000,9999.000,9999.000,9999.000,9999.000,9999.000,9999.000
202606120112,   3.090,   3.417,9999.000,9999.000,9999.000,9999.000,9999.000,9999.000,9999.000
202606120118,   3.049,   3.450,9999.000,9999.000,9999.000,9999.000,9999.000,9999.000,9999.000
202606120124,   3.006,   3.388,9999.000,9999.000,9999.000,9999.000,9999.000,9999.000,9999.000
202606120130,   2.961,   3.348,9999.000,9999.000,9999.000,9999.000,9999.000,9999.000,9999.000
202606120136,   2.914,   3.299,9999.000,9999.000,9999.000,9999.000,9999.000,9999.000,9999.000
202606120142,   2.865,   3.217,9999.000,9999.000,9999.000,9999.000,9999.000,9999.000,9999.000
202606120148,   2.813,   3.060,9999.000,9999.000,9999.000,9999.000,9999.000,9999.000,9999.000
202606120154,   2.758,   2.958,9999.000,9999.000,9999.000,9999.000,9999.000,9999.000,9999.000
202606120200,   2.702,   2.869,   0.600,  -0.433,   2.869,   0.600,   2.869,   0.700,   2.969
202606120206,   2.643,   2.860,9999.000,9999.000,9999.000,9999.000,9999.000,9999.000,9999.000
202606120212,   2.582,   2.797,9999.000,9999.000,9999.000,9999.000,9999.000,9999.000,9999.000
202606120218,   2.519,   2.748,9999.000,9999.000,9999.000,9999.000,9999.000,9999.000,9999.000
202606120224,   2.453,   2.699,9999.000,9999.000,9999.000,9999.000,9999.000,9999.000,9999.000
202606120230,   2.385,   2.610,9999.000,9999.000,9999.000,9999.000,9999.000,9999.000,9999.000
202606120236,   2.316,   2.538,9999.000,9999.000,9999.000,9999.000,9999.000,9999.000,9999.000
202606120242,   2.244,   2.450,9999.000,9999.000,9999.000,9999.000,9999.000,9999.000,9999.000
202606120248,   2.171,   2.450,9999.000,9999.000,9999.000,9999.000,9999.000,9999.000,9999.000
202606120254,   2.096,   2.358,9999.000,9999.000,9999.000,9999.000,9999.000,9999.000,9999.000
202606120300,   2.021,   2.299,   0.600,  -0.322,   2.299,   0.600,   2.299,   0.700,   2.399
202606120306,   1.944,   2.220,9999.000,9999.000,9999.000,9999.000,9999.000,9999.000,9999.000
202606120312,   1.866,   2.138,9999.000,9999.000,9999.000,9999.000,9999.000,9999.000,9999.000
202606120318,   1.788,   2.049,9999.000,9999.000,9999.000,9999.000,9999.000,9999.000,9999.000
202606120324,   1.710,   1.938,9999.000,9999.000,9999.000,9999.000,9999.000,9999.000,9999.000
202606120330,   1.631,   1.830,9999.000,9999.000,9999.000,9999.000,9999.000,9999.000,9999.000
202606120336,   1.553,   1.790,9999.000,9999.000,9999.000,9999.000,9999.000,9999.000,9999.000
202606120342,   1.476,   1.718,9999.000,9999.000,9999.000,9999.000,9999.000,9999.000,9999.000
202606120348,   1.399,   1.659,9999.000,9999.000,9999.000,9999.000,9999.000,9999.000,9999.000
202606120354,   1.323,   1.590,9999.000,9999.000,9999.000,9999.000,9999.000,9999.000,9999.000
202606120400,   1.249,   1.498,   0.600,  -0.351,   1.498,   0.600,   1.498,   0.700,   1.598
202606120406,   1.176,   1.439,9999.000,9999.000,9999.000,9999.000,9999.000,9999.000,9999.000
202606120412,   1.105,   1.348,9999.000,9999.000,9999.000,9999.000,9999.000,9999.000,9999.000
202606120418,   1.035,   1.279,9999.000,9999.000,9999.000,9999.000,9999.000,9999.000,9999.000
202606120424,   0.968,   1.210,9999.000,9999.000,9999.000,9999.000,9999.000,9999.000,9999.000
202606120430,   0.903,   1.161,9999.000,9999.000,9999.000,9999.000,9999.000,9999.000,9999.000
202606120436,   0.840,   1.088,9999.000,9999.000,9999.000,9999.000,9999.000,9999.000,9999.000
202606120442,   0.779,   1.029,9999.000,9999.000,9999.000,9999.000,9999.000,9999.000,9999.000
202606120448,   0.721,   0.970,9999.000,9999.000,9999.000,9999.000,9999.000,9999.000,9999.000
202606120454,   0.665,   0.928,9999.000,9999.000,9999.000,9999.000,9999.000,9999.000,9999.000
202606120500,   0.613,   0.849,   0.600,  -0.364,   0.849,   0.600,   0.849,   0.700,   0.949
202606120506,   0.563,   0.800,9999.000,9999.000,9999.000,9999.000,9999.000,9999.000,9999.000
202606120512,   0.515,   0.780,9999.000,9999.000,9999.000,9999.000,9999.000,9999.000,9999.000
202606120518,   0.471,   0.741,9999.000,9999.000,9999.000,9999.000,9999.000,9999.000,9999.000
202606120524,   0.429,   0.708,9999.000,9999.000,9999.000,9999.000,9999.000,9999.000,9999.000
202606120530,   0.391,   0.688,9999.000,9999.000,9999.000,9999.000,9999.000,9999.000,9999.000
202606120536,   0.356,   0.649,9999.000,9999.000,9999.000,9999.000,9999.000,9999.000,9999.000
202606120542,   0.324,   0.619,9999.000,9999.000,9999.000,9999.000,9999.000,9999.000,9999.000
202606120548,   0.295,   0.590,9999.000,9999.000,9999.000,9999.000,9999.000,9999.000,9999.000
202606120554,   0.269,   0.551,9999.000,9999.000,9999.000,9999.000,9999.000,9999.000,9999.000
202606120600,   0.247,   0.560,   0.700,  -0.387,   0.560,   0.600,   0.460,   0.700,   0.560
202606120606,   0.228,   0.531,9999.000,9999.000,9999.000,9999.000,9999.000,9999.000,9999.000
202606120612,   0.213,   0.488,9999.000,9999.000,9999.000,9999.000,9999.000,9999.000,9999.000
202606120618,   0.201,   0.498,9999.000,9999.000,9999.000,9999.000,9999.000,9999.000,9999.000
202606120624,   0.194,   0.469,9999.000,9999.000,9999.000,9999.000,9999.000,9999.000,9999.000
202606120630,   0.190,   0.518,9999.000,9999.000,9999.000,9999.000,9999.000,9999.000,9999.000
202606120636,   0.190,   0.541,9999.000,9999.000,9999.000,9999.000,9999.000,9999.000,9999.000
202606120642,   0.193,   0.551,9999.000,9999.000,9999.000,9999.000,9999.000,9999.000,9999.000
202606120648,   0.201,   0.570,9999.000,9999.000,9999.000,9999.000,9999.000,9999.000,9999.000
202606120654,   0.213,   0.551,9999.000,9999.000,9999.000,9999.000,9999.000,9999.000,9999.000
202606120700,   0.228,   0.590,   0.700,  -0.338,   0.590,   0.600,   0.490,   0.700,   0.590
202606120706,   0.247,   0.629,9999.000,9999.000,9999.000,9999.000,9999.000,9999.000,9999.000
202606120712,   0.270,   0.708,9999.000,9999.000,9999.000,9999.000,9999.000,9999.000,9999.000
202606120718,   0.297,   0.770,9999.000,9999.000,9999.000,9999.000,9999.000,9999.000,9999.000
202606120724,   0.327,   0.859,9999.000,9999.000,9999.000,9999.000,9999.000,9999.000,9999.000
202606120730,   0.360,   0.908,9999.000,9999.000,9999.000,9999.000,9999.000,9999.000,9999.000
202606120736,   0.397,   0.951,9999.000,9999.000,9999.000,9999.000,9999.000,9999.000,9999.000
202606120742,   0.437,   1.020,9999.000,9999.000,9999.000,9999.000,9999.000,9999.000,9999.000
202606120748,   0.479,   1.079,9999.000,9999.000,9999.000,9999.000,9999.000,9999.000,9999.000
202606120754,   0.525,   1.098,9999.000,9999.000,9999.000,9999.000,9999.000,9999.000,9999.000
202606120800,   0.573,   1.161,   0.700,  -0.112,   1.161,   0.700,   1.161,   0.800,   1.261
202606120806,   0.623,   1.220,9999.000,9999.000,9999.000,9999.000,9999.000,9999.000,9999.000
202606120812,   0.675,   1.249,9999.000,9999.000,9999.000,9999.000,9999.000,9999.000,9999.000
202606120818,   0.729,   1.348,9999.000,9999.000,9999.000,9999.000,9999.000,9999.000,9999.000
202606120824,   0.784,   1.400,9999.000,9999.000,9999.000,9999.000,9999.000,9999.000,9999.000
202606120830,   0.841,   1.459,9999.000,9999.000,9999.000,9999.000,9999.000,9999.000,9999.000
202606120836,   0.899,   1.498,9999.000,9999.000,9999.000,9999.000,9999.000,9999.000,9999.000
202606120842,   0.958,   1.538,9999.000,9999.000,9999.000,9999.000,9999.000,9999.000,9999.000
202606120848,   1.017,   1.590,9999.000,9999.000,9999.000,9999.000,9999.000,9999.000,9999.000
202606120854,   1.078,   1.679,9999.000,9999.000,9999.000,9999.000,9999.000,9999.000,9999.000
202606120900,   1.138,   1.708,   0.700,  -0.130,   1.708,   0.700,   1.708,   0.800,   1.808
202606120906,   1.199,   1.699,9999.000,9999.000,9999.000,9999.000,9999.000,9999.000,9999.000
202606120912,   1.259,   1.728,9999.000,9999.000,9999.000,9999.000,9999.000,9999.000,9999.000
202606120918,   1.320,   1.781,9999.000,9999.000,9999.000,9999.000,9999.000,9999.000,9999.000
202606120924,   1.380,   1.820,9999.000,9999.000,9999.000,9999.000,9999.000,9999.000,9999.000
202606120930,   1.440,   1.889,9999.000,9999.000,9999.000,9999.000,9999.000,9999.000,9999.000
202606120936,   1.499,   1.967,9999.000,9999.000,9999.000,9999.000,9999.000,9999.000,9999.000
202606120942,   1.558,   2.059,9999.000,9999.000,9999.000,9999.000,9999.000,9999.000,9999.000
202606120948,   1.615,   2.118,9999.000,9999.000,9999.000,9999.000,9999.000,9999.000,9999.000
202606120954,   1.672,   2.220,9999.000,9999.000,9999.000,9999.000,9999.000,9999.000,9999.000
202606121000,   1.728,   2.259,   0.800,  -0.269,   2.259,   0.700,   2.159,   0.800,   2.259
202606121006,   1.782,   2.289,9999.000,9999.000,9999.000,9999.000,9999.000,9999.000,9999.000
202606121012,   1.835,   2.358,9999.000,9999.000,9999.000,9999.000,9999.000,9999.000,9999.000
202606121018,   1.886,   2.450,9999.000,9999.000,9999.000,9999.000,9999.000,9999.000,9999.000
202606121024,   1.935,   2.499,9999.000,9999.000,9999.000,9999.000,9999.000,9999.000,9999.000
202606121030,   1.982,   2.509,9999.000,9999.000,9999.000,9999.000,9999.000,9999.000,9999.000
202606121036,   2.028,   2.489,9999.000,9999.000,9999.000,9999.000,9999.000,9999.000,9999.000
202606121042,   2.071,   2.469,9999.000,9999.000,9999.000,9999.000,9999.000,9999.000,9999.000
202606121048,   2.112,   2.489,9999.000,9999.000,9999.000,9999.000,9999.000,9999.000,9999.000
202606121054,   2.150,   2.538,9999.000,9999.000,9999.000,9999.000,9999.000,9999.000,9999.000
202606121100,   2.186,   2.620,   0.800,  -0.366,   2.620,   0.700,   2.520,   0.800,   2.620
202606121106,   2.219,   2.660,9999.000,9999.000,9999.000,9999.000,9999.000,9999.000,9999.000
202606121112,   2.249,   2.660,9999.000,9999.000,9999.000,9999.000,9999.000,9999.000,9999.000
202606121118,   2.276,   2.669,9999.000,9999.000,9999.000,9999.000,9999.000,9999.000,9999.000
202606121124,   2.300,   2.768,9999.000,9999.000,9999.000,9999.000,9999.000,9999.000,9999.000
202606121130,   2.321,   2.820,9999.000,9999.000,9999.000,9999.000,9999.000,9999.000,9999.000
202606121136,   2.338,   2.850,9999.000,9999.000,9999.000,9999.000,9999.000,9999.000,9999.000
202606121142,   2.353,   2.879,9999.000,9999.000,9999.000,9999.000,9999.000,9999.000,9999.000
202606121148,   2.365,   2.840,9999.000,9999.000,9999.000,9999.000,9999.000,9999.000,9999.000
202606121154,   2.373,   2.807,9999.000,9999.000,9999.000,9999.000,9999.000,9999.000,9999.000
202606121200,   2.379,   2.778,   0.800,  -0.401,   2.778,   0.700,   2.678,   0.800,   2.778
202606121206,   2.382,   2.758,9999.000,9999.000,9999.000,9999.000,9999.000,9999.000,9999.000
202606121212,   2.382,   2.758,9999.000,9999.000,9999.000,9999.000,9999.000,9999.000,9999.000
202606121218,   2.379,   2.738,9999.000,9999.000,9999.000,9999.000,9999.000,9999.000,9999.000
202606121224,   2.373,   2.758,9999.000,9999.000,9999.000,9999.000,9999.000,9999.000,9999.000
202606121230,   2.366,   2.830,9999.000,9999.000,9999.000,9999.000,9999.000,9999.000,9999.000
202606121236,   2.355,   2.850,9999.000,9999.000,9999.000,9999.000,9999.000,9999.000,9999.000
202606121242,   2.343,   2.820,9999.000,9999.000,9999.000,9999.000,9999.000,9999.000,9999.000
202606121248,   2.328,   2.778,9999.000,9999.000,9999.000,9999.000,9999.000,9999.000,9999.000
202606121254,   2.311,   2.820,9999.000,9999.000,9999.000,9999.000,9999.000,9999.000,9999.000
202606121300,   2.292,   2.820,   0.800,  -0.272,   2.820,   0.700,   2.720,   0.800,   2.820
202606121306,   2.271,   2.850,9999.000,9999.000,9999.000,9999.000,9999.000,9999.000,9999.000
202606121312,   2.249,   2.830,9999.000,9999.000,9999.000,9999.000,9999.000,9999.000,9999.000
202606121318,   2.225,   2.830,9999.000,9999.000,9999.000,9999.000,9999.000,9999.000,9999.000
202606121324,   2.199,   2.797,9999.000,9999.000,9999.000,9999.000,9999.000,9999.000,9999.000
202606121330,   2.171,   2.738,9999.000,9999.000,9999.000,9999.000,9999.000,9999.000,9999.000
202606121336,   2.141,   2.699,9999.000,9999.000,9999.000,9999.000,9999.000,9999.000,9999.000
202606121342,   2.110,   2.640,9999.000,9999.000,9999.000,9999.000,9999.000,9999.000,9999.000
202606121348,   2.077,   2.679,9999.000,9999.000,9999.000,9999.000,9999.000,9999.000,9999.000
202606121354,   2.042,   2.660,9999.000,9999.000,9999.000,9999.000,9999.000,9999.000,9999.000
202606121400,   2.006,   2.660,   0.800,  -0.146,   2.660,   0.700,   2.560,   0.800,   2.660
202606121406,   1.967,   2.578,9999.000,9999.000,9999.000,9999.000,9999.000,9999.000,9999.000
202606121412,   1.927,   2.528,9999.000,9999.000,9999.000,9999.000,9999.000,9999.000,9999.000
202606121418,   1.885,   2.479,9999.000,9999.000,9999.000,9999.000,9999.000,9999.000,9999.000
202606121424,   1.841,   2.450,9999.000,9999.000,9999.000,9999.000,9999.000,9999.000,9999.000
202606121430,   1.795,   2.420,9999.000,9999.000,9999.000,9999.000,9999.000,9999.000,9999.000
202606121436,   1.748,   2.368,9999.000,9999.000,9999.000,9999.000,9999.000,9999.000,9999.000
202606121442,   1.698,   2.279,9999.000,9999.000,9999.000,9999.000,9999.000,9999.000,9999.000
202606121448,   1.647,   2.200,9999.000,9999.000,9999.000,9999.000,9999.000,9999.000,9999.000
202606121454,   1.595,   2.138,9999.000,9999.000,9999.000,9999.000,9999.000,9999.000,9999.000
202606121500,   1.540,   2.059,   0.800,  -0.281,   2.059,   0.700,   1.959,   0.800,   2.059
202606121506,   1.485,   1.967,9999.000,9999.000,9999.000,9999.000,9999.000,9999.000,9999.000
202606121512,   1.428,   1.908,9999.000,9999.000,9999.000,9999.000,9999.000,9999.000,9999.000
202606121518,   1.371,   1.859,9999.000,9999.000,9999.000,9999.000,9999.000,9999.000,9999.000
202606121524,   1.312,   1.849,9999.000,9999.000,9999.000,9999.000,9999.000,9999.000,9999.000
202606121530,   1.254,   1.790,9999.000,9999.000,9999.000,9999.000,9999.000,9999.000,9999.000
202606121536,   1.194,   1.669,9999.000,9999.000,9999.000,9999.000,9999.000,9999.000,9999.000
202606121542,   1.135,   1.620,9999.000,9999.000,9999.000,9999.000,9999.000,9999.000,9999.000
202606121548,   1.076,   1.571,9999.000,9999.000,9999.000,9999.000,9999.000,9999.000,9999.000
202606121554,   1.017,   1.508,9999.000,9999.000,9999.000,9999.000,9999.000,9999.000,9999.000
202606121600,   0.959,   1.449,   0.800,  -0.310,   1.449,   0.700,   1.349,   0.800,   1.449
202606121606,   0.902,   1.420,9999.000,9999.000,9999.000,9999.000,9999.000,9999.000,9999.000
202606121612,   0.846,   1.338,9999.000,9999.000,9999.000,9999.000,9999.000,9999.000,9999.000
202606121618,   0.792,   1.279,9999.000,9999.000,9999.000,9999.000,9999.000,9999.000,9999.000
202606121624,   0.739,   1.200,9999.000,9999.000,9999.000,9999.000,9999.000,9999.000,9999.000
202606121630,   0.688,   1.151,9999.000,9999.000,9999.000,9999.000,9999.000,9999.000,9999.000
202606121636,   0.639,   1.098,9999.000,9999.000,9999.000,9999.000,9999.000,9999.000,9999.000
202606121642,   0.592,   1.039,9999.000,9999.000,9999.000,9999.000,9999.000,9999.000,9999.000
202606121648,   0.547,   0.990,9999.000,9999.000,9999.000,9999.000,9999.000,9999.000,9999.000
202606121654,   0.505,   0.951,9999.000,9999.000,9999.000,9999.000,9999.000,9999.000,9999.000
202606121700,   0.465,   0.918,   0.800,  -0.347,   0.918,   0.700,   0.818,   0.800,   0.918
202606121706,   0.427,   0.918,9999.000,9999.000,9999.000,9999.000,9999.000,9999.000,9999.000
202606121712,   0.393,   0.908,9999.000,9999.000,9999.000,9999.000,9999.000,9999.000,9999.000
202606121718,   0.361,   0.898,9999.000,9999.000,9999.000,9999.000,9999.000,9999.000,9999.000
202606121724,   0.332,   0.879,9999.000,9999.000,9999.000,9999.000,9999.000,9999.000,9999.000
202606121730,   0.306,   0.859,9999.000,9999.000,9999.000,9999.000,9999.000,9999.000,9999.000
202606121736,   0.282,   0.839,9999.000,9999.000,9999.000,9999.000,9999.000,9999.000,9999.000
202606121742,   0.262,   0.839,9999.000,9999.000,9999.000,9999.000,9999.000,9999.000,9999.000
202606121748,   0.245,   0.859,9999.000,9999.000,9999.000,9999.000,9999.000,9999.000,9999.000
202606121754,   0.231,   0.859,9999.000,9999.000,9999.000,9999.000,9999.000,9999.000,9999.000
202606121800,   0.220,   0.888,   0.800,  -0.132,   0.888,   0.700,   0.788,   0.800,   0.888
202606121806,   0.213,   0.879,9999.000,9999.000,9999.000,9999.000,9999.000,9999.000,9999.000
202606121812,   0.209,   0.918,9999.000,9999.000,9999.000,9999.000,9999.000,9999.000,9999.000
202606121818,   0.208,   0.951,9999.000,9999.000,9999.000,9999.000,9999.000,9999.000,9999.000
202606121824,   0.211,   0.928,9999.000,9999.000,9999.000,9999.000,9999.000,9999.000,9999.000
202606121830,   0.217,   0.951,9999.000,9999.000,9999.000,9999.000,9999.000,9999.000,9999.000
202606121836,   0.228,   0.928,9999.000,9999.000,9999.000,9999.000,9999.000,9999.000,9999.000
202606121842,   0.242,   1.000,9999.000,9999.000,9999.000,9999.000,9999.000,9999.000,9999.000
202606121848,   0.260,   1.039,9999.000,9999.000,9999.000,9999.000,9999.000,9999.000,9999.000
202606121854,   0.282,   1.069,9999.000,9999.000,9999.000,9999.000,9999.000,9999.000,9999.000
202606121900,   0.307,   1.098,   0.800,  -0.009,   1.098,   0.700,   0.998,   0.800,   1.098
202606121906,   0.337,   1.118,9999.000,9999.000,9999.000,9999.000,9999.000,9999.000,9999.000
202606121912,   0.371,   1.118,9999.000,9999.000,9999.000,9999.000,9999.000,9999.000,9999.000
202606121918,   0.409,   1.118,9999.000,9999.000,9999.000,9999.000,9999.000,9999.000,9999.000
202606121924,   0.451,   1.190,9999.000,9999.000,9999.000,9999.000,9999.000,9999.000,9999.000
202606121930,   0.497,   1.229,9999.000,9999.000,9999.000,9999.000,9999.000,9999.000,9999.000
202606121936,   0.547,   1.380,9999.000,9999.000,9999.000,9999.000,9999.000,9999.000,9999.000
202606121942,   0.601,   1.410,9999.000,9999.000,9999.000,9999.000,9999.000,9999.000,9999.000
202606121948,   0.658,   1.390,9999.000,9999.000,9999.000,9999.000,9999.000,9999.000,9999.000
202606121954,   0.719,   1.430,9999.000,9999.000,9999.000,9999.000,9999.000,9999.000,9999.000
202606122000,   0.783,   1.538,   0.800,  -0.045,   1.538,   0.700,   1.438,   0.800,   1.538
202606122006,   0.850,   1.620,9999.000,9999.000,9999.000,9999.000,9999.000,9999.000,9999.000
202606122012,   0.920,   1.679,9999.000,9999.000,9999.000,9999.000,9999.000,9999.000,9999.000
202606122018,   0.992,   1.800,9999.000,9999.000,9999.000,9999.000,9999.000,9999.000,9999.000
202606122024,   1.067,   1.889,9999.000,9999.000,9999.000,9999.000,9999.000,9999.000,9999.000
202606122030,   1.144,   2.000,9999.000,9999.000,9999.000,9999.000,9999.000,9999.000,9999.000
202606122036,   1.223,   2.020,9999.000,9999.000,9999.000,9999.000,9999.000,9999.000,9999.000
202606122042,   1.303,   2.020,9999.000,9999.000,9999.000,9999.000,9999.000,9999.000,9999.000
202606122048,   1.384,   2.089,9999.000,9999.000,9999.000,9999.000,9999.000,9999.000,9999.000
202606122054,   1.467,   2.168,9999.000,9999.000,9999.000,9999.000,9999.000,9999.000,9999.000
202606122100,   1.550,   2.259,   0.800,  -0.091,   2.259,   0.700,   2.159,   0.800,   2.259
202606122106,   1.634,   2.358,9999.000,9999.000,9999.000,9999.000,9999.000,9999.000,9999.000
202606122112,   1.719,   2.430,9999.000,9999.000,9999.000,9999.000,9999.000,9999.000,9999.000
202606122118,   1.803,   2.509,9999.000,9999.000,9999.000,9999.000,9999.000,9999.000,9999.000
202606122124,   1.887,   2.587,9999.000,9999.000,9999.000,9999.000,9999.000,9999.000,9999.000
202606122130,   1.971,   2.660,9999.000,9999.000,9999.000,9999.000,9999.000,9999.000,9999.000
202606122136,   2.054,   2.719,9999.000,9999.000,9999.000,9999.000,9999.000,9999.000,9999.000
202606122142,   2.137,   2.787,9999.000,9999.000,9999.000,9999.000,9999.000,9999.000,9999.000
202606122148,   2.219,   2.869,9999.000,9999.000,9999.000,9999.000,9999.000,9999.000,9999.000
202606122154,   2.299,   2.929,9999.000,9999.000,9999.000,9999.000,9999.000,9999.000,9999.000
202606122200,   2.379,   3.017,   0.800,  -0.162,   3.017,   0.700,   2.917,   0.800,   3.017
202606122206,   2.457,   3.060,9999.000,9999.000,9999.000,9999.000,9999.000,9999.000,9999.000
202606122212,   2.534,   3.119,9999.000,9999.000,9999.000,9999.000,9999.000,9999.000,9999.000
202606122218,   2.609,   3.188,9999.000,9999.000,9999.000,9999.000,9999.000,9999.000,9999.000
202606122224,   2.682,   3.260,9999.000,9999.000,9999.000,9999.000,9999.000,9999.000,9999.000
202606122230,   2.753,   3.339,9999.000,9999.000,9999.000,9999.000,9999.000,9999.000,9999.000
202606122236,   2.823,   3.407,9999.000,9999.000,9999.000,9999.000,9999.000,9999.000,9999.000
202606122242,   2.890,   3.499,9999.000,9999.000,9999.000,9999.000,9999.000,9999.000,9999.000
202606122248,   2.955,   3.548,9999.000,9999.000,9999.000,9999.000,9999.000,9999.000,9999.000
202606122254,   3.017,   3.578,9999.000,9999.000,9999.000,9999.000,9999.000,9999.000,9999.000
202606122300,   3.076,   3.607,   0.800,  -0.269,   3.607,   0.700,   3.507,   0.800,   3.607
202606122306,   3.133,   3.680,9999.000,9999.000,9999.000,9999.000,9999.000,9999.000,9999.000
202606122312,   3.187,   3.749,9999.000,9999.000,9999.000,9999.000,9999.000,9999.000,9999.000
202606122318,   3.237,   3.768,9999.000,9999.000,9999.000,9999.000,9999.000,9999.000,9999.000
202606122324,   3.284,   3.788,9999.000,9999.000,9999.000,9999.000,9999.000,9999.000,9999.000
202606122330,   3.328,   3.827,9999.000,9999.000,9999.000,9999.000,9999.000,9999.000,9999.000
202606122336,   3.369,   3.860,9999.000,9999.000,9999.000,9999.000,9999.000,9999.000,9999.000
202606122342,   3.405,   3.880,9999.000,9999.000,9999.000,9999.000,9999.000,9999.000,9999.000
202606122348,   3.438,   3.899,9999.000,9999.000,9999.000,9999.000,9999.000,9999.000,9999.000
202606122354,   3.468,   3.919,9999.000,9999.000,9999.000,9999.000,9999.000,9999.000,9999.000
202606130000,   3.493,   3.968,   0.800,  -0.325,   3.968,   0.700,   3.868,   0.800,   3.968
202606130006,   3.515,   4.017,9999.000,9999.000,9999.000,9999.000,9999.000,9999.000,9999.000
202606130012,   3.533,   4.008,9999.000,9999.000,9999.000,9999.000,9999.000,9999.000,9999.000
202606130018,   3.546,   3.988,9999.000,9999.000,9999.000,9999.000,9999.000,9999.000,9999.000
202606130024,   3.557,   3.998,9999.000,9999.000,9999.000,9999.000,9999.000,9999.000,9999.000
202606130030,   3.563,   3.958,9999.000,9999.000,9999.000,9999.000,9999.000,9999.000,9999.000
202606130036,   3.566,   3.968,9999.000,9999.000,9999.000,9999.000,9999.000,9999.000,9999.000
202606130042,   3.565,   3.958,9999.000,9999.000,9999.000,9999.000,9999.000,9999.000,9999.000
202606130048,   3.560,   3.968,9999.000,9999.000,9999.000,9999.000,9999.000,9999.000,9999.000
202606130054,   3.552,   3.968,9999.000,9999.000,9999.000,9999.000,9999.000,9999.000,9999.000
202606130100,   3.541,   3.958,   0.800,  -0.383,   3.958,   0.700,   3.858,   0.800,   3.958
202606130106,   3.527,   3.939,9999.000,9999.000,9999.000,9999.000,9999.000,9999.000,9999.000
202606130112,   3.509,   3.899,9999.000,9999.000,9999.000,9999.000,9999.000,9999.000,9999.000
202606130118,   3.489,   3.890,9999.000,9999.000,9999.000,9999.000,9999.000,9999.000,9999.000
202606130124,   3.465,   3.890,9999.000,9999.000,9999.000,9999.000,9999.000,9999.000,9999.000
202606130130,   3.439,   3.909,9999.000,9999.000,9999.000,9999.000,9999.000,9999.000,9999.000
202606130136,   3.410,   3.870,9999.000,9999.000,9999.000,9999.000,9999.000,9999.000,9999.000
202606130142,   3.378,   3.827,9999.000,9999.000,9999.000,9999.000,9999.000,9999.000,9999.000
202606130148,   3.344,   3.808,9999.000,9999.000,9999.000,9999.000,9999.000,9999.000,9999.000
202606130154,   3.307,   3.798,9999.000,9999.000,9999.000,9999.000,9999.000,9999.000,9999.000
202606130200,   3.267,   3.739,   0.800,  -0.328,   3.739,   0.700,   3.639,   0.800,   3.739
202606130206,   3.224,   3.699,9999.000,9999.000,9999.000,9999.000,9999.000,9999.000,9999.000
202606130212,   3.179,   3.660,9999.000,9999.000,9999.000,9999.000,9999.000,9999.000,9999.000
202606130218,   3.132,   3.578,9999.000,9999.000,9999.000,9999.000,9999.000,9999.000,9999.000
202606130224,   3.082,   3.539,9999.000,9999.000,9999.000,9999.000,9999.000,9999.000,9999.000
202606130230,   3.029,   3.489,9999.000,9999.000,9999.000,9999.000,9999.000,9999.000,9999.000
202606130236,   2.973,   3.417,9999.000,9999.000,9999.000,9999.000,9999.000,9999.000,9999.000
202606130242,   2.915,   3.319,9999.000,9999.000,9999.000,9999.000,9999.000,9999.000,9999.000
202606130248,   2.855,   3.230,9999.000,9999.000,9999.000,9999.000,9999.000,9999.000,9999.000
202606130254,   2.792,   3.138,9999.000,9999.000,9999.000,9999.000,9999.000,9999.000,9999.000
202606130300,   2.726,   3.030,   0.800,  -0.496,   3.030,   0.700,   2.930,   0.800,   3.030
202606130306,   2.658,   2.948,9999.000,9999.000,9999.000,9999.000,9999.000,9999.000,9999.000
202606130312,   2.588,   2.860,9999.000,9999.000,9999.000,9999.000,9999.000,9999.000,9999.000
202606130318,   2.515,   2.778,9999.000,9999.000,9999.000,9999.000,9999.000,9999.000,9999.000
202606130324,   2.441,   2.699,9999.000,9999.000,9999.000,9999.000,9999.000,9999.000,9999.000
202606130330,   2.364,   2.620,9999.000,9999.000,9999.000,9999.000,9999.000,9999.000,9999.000
202606130336,   2.286,   2.528,9999.000,9999.000,9999.000,9999.000,9999.000,9999.000,9999.000
202606130342,   2.206,   2.479,9999.000,9999.000,9999.000,9999.000,9999.000,9999.000,9999.000
202606130348,   2.125,   2.368,9999.000,9999.000,9999.000,9999.000,9999.000,9999.000,9999.000
202606130354,   2.043,   2.289,9999.000,9999.000,9999.000,9999.000,9999.000,9999.000,9999.000
202606130400,   1.960,   2.210,   0.800,  -0.550,   2.210,   0.700,   2.110,   0.800,   2.210
202606130406,   1.876,   2.148,9999.000,9999.000,9999.000,9999.000,9999.000,9999.000,9999.000
202606130412,   1.792,   2.040,9999.000,9999.000,9999.000,9999.000,9999.000,9999.000,9999.000
202606130418,   1.708,   1.948,9999.000,9999.000,9999.000,9999.000,9999.000,9999.000,9999.000
202606130424,   1.624,   1.859,9999.000,9999.000,9999.000,9999.000,9999.000,9999.000,9999.000
202606130430,   1.540,   1.781,9999.000,9999.000,9999.000,9999.000,9999.000,9999.000,9999.000
202606130436,   1.457,   1.699,9999.000,9999.000,9999.000,9999.000,9999.000,9999.000,9999.000
202606130442,   1.375,   1.590,9999.000,9999.000,9999.000,9999.000,9999.000,9999.000,9999.000
202606130448,   1.294,   1.498,9999.000,9999.000,9999.000,9999.000,9999.000,9999.000,9999.000
202606130454,   1.215,   1.400,9999.000,9999.000,9999.000,9999.000,9999.000,9999.000,9999.000
202606130500,   1.137,   1.308,   0.800,  -0.629,   1.308,   0.700,   1.208,   0.800,   1.308
202606130506,   1.060,   1.239,9999.000,9999.000,9999.000,9999.000,9999.000,9999.000,9999.000
202606130512,   0.986,   1.151,9999.000,9999.000,9999.000,9999.000,9999.000,9999.000,9999.000
202606130518,   0.913,   1.059,9999.000,9999.000,9999.000,9999.000,9999.000,9999.000,9999.000
202606130524,   0.843,   0.980,9999.000,9999.000,9999.000,9999.000,9999.000,9999.000,9999.000
202606130530,   0.775,   0.888,9999.000,9999.000,9999.000,9999.000,9999.000,9999.000,9999.000
202606130536,   0.709,   0.839,9999.000,9999.000,9999.000,9999.000,9999.000,9999.000,9999.000
202606130542,   0.646,   0.760,9999.000,9999.000,9999.000,9999.000,9999.000,9999.000,9999.000
202606130548,   0.585,   0.688,9999.000,9999.000,9999.000,9999.000,9999.000,9999.000,9999.000
202606130554,   0.527,   0.629,9999.000,9999.000,9999.000,9999.000,9999.000,9999.000,9999.000
202606130600,   0.471,   0.580,   0.700,  -0.591,   0.580,   0.600,   0.480,   0.800,   0.680
202606130606,   0.419,   0.531,9999.000,9999.000,9999.000,9999.000,9999.000,9999.000,9999.000
202606130612,   0.370,   0.429,9999.000,9999.000,9999.000,9999.000,9999.000,9999.000,9999.000
202606130618,   0.323,   0.380,9999.000,9999.000,9999.000,9999.000,9999.000,9999.000,9999.000
202606130624,   0.280,   0.341,9999.000,9999.000,9999.000,9999.000,9999.000,9999.000,9999.000
202606130630,   0.240,   0.288,9999.000,9999.000,9999.000,9999.000,9999.000,9999.000,9999.000
202606130636,   0.204,   0.249,9999.000,9999.000,9999.000,9999.000,9999.000,9999.000,9999.000
202606130642,   0.171,   0.209,9999.000,9999.000,9999.000,9999.000,9999.000,9999.000,9999.000
202606130648,   0.142,   0.190,9999.000,9999.000,9999.000,9999.000,9999.000,9999.000,9999.000
202606130654,   0.117,   0.190,9999.000,9999.000,9999.000,9999.000,9999.000,9999.000,9999.000
202606130700,   0.095,   0.180,   0.700,  -0.615,   0.180,   0.600,   0.080,   0.800,   0.280
202606130706,   0.078,   0.190,9999.000,9999.000,9999.000,9999.000,9999.000,9999.000,9999.000
202606130712,   0.065,   0.160,9999.000,9999.000,9999.000,9999.000,9999.000,9999.000,9999.000
202606130718,   0.056,   0.180,9999.000,9999.000,9999.000,9999.000,9999.000,9999.000,9999.000
202606130724,   0.052,   0.200,9999.000,9999.000,9999.000,9999.000,9999.000,9999.000,9999.000
202606130730,   0.052,   0.209,9999.000,9999.000,9999.000,9999.000,9999.000,9999.000,9999.000
202606130736,   0.057,   0.268,9999.000,9999.000,9999.000,9999.000,9999.000,9999.000,9999.000
202606130742,   0.066,   0.288,9999.000,9999.000,9999.000,9999.000,9999.000,9999.000,9999.000
202606130748,   0.079,   0.350,9999.000,9999.000,9999.000,9999.000,9999.000,9999.000,9999.000
202606130754,   0.097,   0.370,9999.000,9999.000,9999.000,9999.000,9999.000,9999.000,9999.000
202606130800,   0.119,   0.409,   0.700,  -0.410,   0.409,   0.600,   0.309,   0.800,   0.509
202606130806,   0.145,   0.449,9999.000,9999.000,9999.000,9999.000,9999.000,9999.000,9999.000
202606130812,   0.176,   0.518,9999.000,9999.000,9999.000,9999.000,9999.000,9999.000,9999.000
202606130818,   0.210,   0.560,9999.000,9999.000,9999.000,9999.000,9999.000,9999.000,9999.000
202606130824,   0.249,   0.590,9999.000,9999.000,9999.000,9999.000,9999.000,9999.000,9999.000
202606130830,   0.290,   0.659,9999.000,9999.000,9999.000,9999.000,9999.000,9999.000,9999.000
202606130836,   0.336,   0.741,9999.000,9999.000,9999.000,9999.000,9999.000,9999.000,9999.000
202606130842,   0.384,   0.790,9999.000,9999.000,9999.000,9999.000,9999.000,9999.000,9999.000
202606130848,   0.435,   0.819,9999.000,9999.000,9999.000,9999.000,9999.000,9999.000,9999.000
202606130854,   0.488,   0.879,9999.000,9999.000,9999.000,9999.000,9999.000,9999.000,9999.000
202606130900,   0.544,   0.970,   0.700,  -0.274,   0.970,   0.600,   0.870,   0.800,   1.070
202606130906,   0.602,   1.049,9999.000,9999.000,9999.000,9999.000,9999.000,9999.000,9999.000
202606130912,   0.662,   1.128,9999.000,9999.000,9999.000,9999.000,9999.000,9999.000,9999.000
202606130918,   0.723,   1.210,9999.000,9999.000,9999.000,9999.000,9999.000,9999.000,9999.000
202606130924,   0.785,   1.298,9999.000,9999.000,9999.000,9999.000,9999.000,9999.000,9999.000
202606130930,   0.849,   1.371,9999.000,9999.000,9999.000,9999.000,9999.000,9999.000,9999.000
202606130936,   0.913,   1.430,9999.000,9999.000,9999.000,9999.000,9999.000,9999.000,9999.000
202606130942,   0.977,   1.479,9999.000,9999.000,9999.000,9999.000,9999.000,9999.000,9999.000
202606130948,   1.042,   1.538,9999.000,9999.000,9999.000,9999.000,9999.000,9999.000,9999.000
202606130954,   1.108,   1.590,9999.000,9999.000,9999.000,9999.000,9999.000,9999.000,9999.000
202606131000,   1.173,   1.639,   0.700,  -0.234,   1.639,   0.600,   1.539,   0.700,   1.639
202606131006,   1.238,   1.689,9999.000,9999.000,9999.000,9999.000,9999.000,9999.000,9999.000
202606131012,   1.302,   1.758,9999.000,9999.000,9999.000,9999.000,9999.000,9999.000,9999.000
202606131018,   1.367,   1.767,9999.000,9999.000,9999.000,9999.000,9999.000,9999.000,9999.000
202606131024,   1.430,   1.800,9999.000,9999.000,9999.000,9999.000,9999.000,9999.000,9999.000
202606131030,   1.493,   1.840,9999.000,9999.000,9999.000,9999.000,9999.000,9999.000,9999.000
202606131036,   1.555,   1.908,9999.000,9999.000,9999.000,9999.000,9999.000,9999.000,9999.000
202606131042,   1.616,   1.958,9999.000,9999.000,9999.000,9999.000,9999.000,9999.000,9999.000
202606131048,   1.676,   2.000,9999.000,9999.000,9999.000,9999.000,9999.000,9999.000,9999.000
202606131054,   1.735,   2.079,9999.000,9999.000,9999.000,9999.000,9999.000,9999.000,9999.000
202606131100,   1.793,   2.118,   0.700,  -0.375,   2.118,   0.600,   2.018,   0.700,   2.118
202606131106,   1.848,   2.168,9999.000,9999.000,9999.000,9999.000,9999.000,9999.000,9999.000
202606131112,   1.903,   2.220,9999.000,9999.000,9999.000,9999.000,9999.000,9999.000,9999.000
202606131118,   1.955,   2.289,9999.000,9999.000,9999.000,9999.000,9999.000,9999.000,9999.000
202606131124,   2.006,   2.328,9999.000,9999.000,9999.000,9999.000,9999.000,9999.000,9999.000
202606131130,   2.055,   2.420,9999.000,9999.000,9999.000,9999.000,9999.000,9999.000,9999.000
202606131136,   2.101,   2.469,9999.000,9999.000,9999.000,9999.000,9999.000,9999.000,9999.000
202606131142,   2.145,   2.489,9999.000,9999.000,9999.000,9999.000,9999.000,9999.000,9999.000
202606131148,   2.186,   2.548,9999.000,9999.000,9999.000,9999.000,9999.000,9999.000,9999.000
202606131154,   2.225,   2.587,9999.000,9999.000,9999.000,9999.000,9999.000,9999.000,9999.000
202606131200,   2.261,   2.640,   0.600,  -0.221,   2.640,   0.600,   2.640,   0.700,   2.740
202606131206,   2.295,   2.699,9999.000,9999.000,9999.000,9999.000,9999.000,9999.000,9999.000
202606131212,   2.325,   2.738,9999.000,9999.000,9999.000,9999.000,9999.000,9999.000,9999.000
202606131218,   2.352,   2.758,9999.000,9999.000,9999.000,9999.000,9999.000,9999.000,9999.000
202606131224,   2.376,   2.797,9999.000,9999.000,9999.000,9999.000,9999.000,9999.000,9999.000
202606131230,   2.397,   2.807,9999.000,9999.000,9999.000,9999.000,9999.000,9999.000,9999.000
202606131236,   2.415,   2.778,9999.000,9999.000,9999.000,9999.000,9999.000,9999.000,9999.000
202606131242,   2.430,   2.807,9999.000,9999.000,9999.000,9999.000,9999.000,9999.000,9999.000
202606131248,   2.441,   2.797,9999.000,9999.000,9999.000,9999.000,9999.000,9999.000,9999.000
202606131254,   2.449,   2.807,9999.000,9999.000,9999.000,9999.000,9999.000,9999.000,9999.000
202606131300,   2.455,   2.797,   0.600,  -0.258,   2.797,   0.600,   2.797,   0.700,   2.897
202606131306,   2.457,   2.807,9999.000,9999.000,9999.000,9999.000,9999.000,9999.000,9999.000
202606131312,   2.456,   2.787,9999.000,9999.000,9999.000,9999.000,9999.000,9999.000,9999.000
202606131318,   2.452,   2.778,9999.000,9999.000,9999.000,9999.000,9999.000,9999.000,9999.000
202606131324,   2.445,   2.768,9999.000,9999.000,9999.000,9999.000,9999.000,9999.000,9999.000
202606131330,   2.436,   2.748,9999.000,9999.000,9999.000,9999.000,9999.000,9999.000,9999.000
202606131336,   2.424,   2.748,9999.000,9999.000,9999.000,9999.000,9999.000,9999.000,9999.000
202606131342,   2.409,   2.748,9999.000,9999.000,9999.000,9999.000,9999.000,9999.000,9999.000
202606131348,   2.392,   2.728,9999.000,9999.000,9999.000,9999.000,9999.000,9999.000,9999.000
202606131354,   2.373,   2.699,9999.000,9999.000,9999.000,9999.000,9999.000,9999.000,9999.000
202606131400,   2.352,   2.699,   0.600,  -0.253,   2.699,   0.600,   2.699,   0.700,   2.799
202606131406,   2.328,   2.669,9999.000,9999.000,9999.000,9999.000,9999.000,9999.000,9999.000
202606131412,   2.302,   2.660,9999.000,9999.000,9999.000,9999.000,9999.000,9999.000,9999.000
202606131418,   2.274,   2.620,9999.000,9999.000,9999.000,9999.000,9999.000,9999.000,9999.000
202606131424,   2.244,   2.587,9999.000,9999.000,9999.000,9999.000,9999.000,9999.000,9999.000
202606131430,   2.212,   2.597,9999.000,9999.000,9999.000,9999.000,9999.000,9999.000,9999.000
202606131436,   2.178,   2.587,9999.000,9999.000,9999.000,9999.000,9999.000,9999.000,9999.000
202606131442,   2.142,   2.568,9999.000,9999.000,9999.000,9999.000,9999.000,9999.000,9999.000
202606131448,   2.104,   2.538,9999.000,9999.000,9999.000,9999.000,9999.000,9999.000,9999.000
202606131454,   2.063,   2.519,9999.000,9999.000,9999.000,9999.000,9999.000,9999.000,9999.000
202606131500,   2.021,   2.499,   0.600,  -0.122,   2.499,   0.600,   2.499,   0.700,   2.599
202606131506,   1.977,   2.479,9999.000,9999.000,9999.000,9999.000,9999.000,9999.000,9999.000
202606131512,   1.931,   2.440,9999.000,9999.000,9999.000,9999.000,9999.000,9999.000,9999.000
202606131518,   1.883,   2.420,9999.000,9999.000,9999.000,9999.000,9999.000,9999.000,9999.000
202606131524,   1.833,   2.348,9999.000,9999.000,9999.000,9999.000,9999.000,9999.000,9999.000
202606131530,   1.781,   2.279,9999.000,9999.000,9999.000,9999.000,9999.000,9999.000,9999.000
202606131536,   1.727,   2.230,9999.000,9999.000,9999.000,9999.000,9999.000,9999.000,9999.000
202606131542,   1.672,   2.168,9999.000,9999.000,9999.000,9999.000,9999.000,9999.000,9999.000
202606131548,   1.615,   2.089,9999.000,9999.000,9999.000,9999.000,9999.000,9999.000,9999.000
202606131554,   1.557,   2.030,9999.000,9999.000,9999.000,9999.000,9999.000,9999.000,9999.000
202606131600,   1.498,   1.958,   0.600,  -0.140,   1.958,   0.600,   1.958,   0.700,   2.058
202606131606,   1.437,   1.899,9999.000,9999.000,9999.000,9999.000,9999.000,9999.000,9999.000
202606131612,   1.376,   1.849,9999.000,9999.000,9999.000,9999.000,9999.000,9999.000,9999.000
202606131618,   1.314,   1.767,9999.000,9999.000,9999.000,9999.000,9999.000,9999.000,9999.000
202606131624,   1.251,   1.689,9999.000,9999.000,9999.000,9999.000,9999.000,9999.000,9999.000
202606131630,   1.188,   1.630,9999.000,9999.000,9999.000,9999.000,9999.000,9999.000,9999.000
202606131636,   1.125,   1.557,9999.000,9999.000,9999.000,9999.000,9999.000,9999.000,9999.000
202606131642,   1.063,   1.498,9999.000,9999.000,9999.000,9999.000,9999.000,9999.000,9999.000
202606131648,   1.000,   1.439,9999.000,9999.000,9999.000,9999.000,9999.000,9999.000,9999.000
202606131654,   0.939,   1.348,9999.000,9999.000,9999.000,9999.000,9999.000,9999.000,9999.000
202606131700,   0.878,   1.269,   0.600,  -0.209,   1.269,   0.600,   1.269,   0.700,   1.369
202606131706,   0.819,   1.200,9999.000,9999.000,9999.000,9999.000,9999.000,9999.000,9999.000
202606131712,   0.761,   1.118,9999.000,9999.000,9999.000,9999.000,9999.000,9999.000,9999.000
202606131718,   0.704,   1.069,9999.000,9999.000,9999.000,9999.000,9999.000,9999.000,9999.000
202606131724,   0.649,   1.020,9999.000,9999.000,9999.000,9999.000,9999.000,9999.000,9999.000
202606131730,   0.596,   0.961,9999.000,9999.000,9999.000,9999.000,9999.000,9999.000,9999.000
202606131736,   0.545,   0.898,9999.000,9999.000,9999.000,9999.000,9999.000,9999.000,9999.000
202606131742,   0.496,   0.869,9999.000,9999.000,9999.000,9999.000,9999.000,9999.000,9999.000
202606131748,   0.450,   0.810,9999.000,9999.000,9999.000,9999.000,9999.000,9999.000,9999.000
202606131754,   0.405,   0.770,9999.000,9999.000,9999.000,9999.000,9999.000,9999.000,9999.000
202606131800,   0.364,   0.770,   0.600,  -0.194,   0.770,   0.600,   0.770,   0.700,   0.870
202606131806,   0.325,9999.000,9999.000,9999.000,9999.000,9999.000,9999.000,9999.000,9999.000
202606131812,   0.289,9999.000,9999.000,9999.000,9999.000,9999.000,9999.000,9999.000,9999.000
202606131818,   0.255,9999.000,9999.000,9999.000,9999.000,9999.000,9999.000,9999.000,9999.000
202606131824,   0.225,9999.000,9999.000,9999.000,9999.000,9999.000,9999.000,9999.000,9999.000
202606131830,   0.198,9999.000,9999.000,9999.000,9999.000,9999.000,9999.000,9999.000,9999.000
202606131836,   0.174,9999.000,9999.000,9999.000,9999.000,9999.000,9999.000,9999.000,9999.000
202606131842,   0.153,9999.000,9999.000,9999.000,9999.000,9999.000,9999.000,9999.000,9999.000
202606131848,   0.136,9999.000,9999.000,9999.000,9999.000,9999.000,9999.000,9999.000,9999.000
202606131854,   0.122,9999.000,9999.000,9999.000,9999.000,9999.000,9999.000,9999.000,9999.000
202606131900,   0.112,9999.000,   0.700,  -0.197,   0.615,   0.600,   0.515,   0.700,   0.615
202606131906,   0.106,9999.000,9999.000,9999.000,9999.000,9999.000,9999.000,9999.000,9999.000
202606131912,   0.104,9999.000,9999.000,9999.000,9999.000,9999.000,9999.000,9999.000,9999.000
202606131918,   0.106,9999.000,9999.000,9999.000,9999.000,9999.000,9999.000,9999.000,9999.000
202606131924,   0.112,9999.000,9999.000,9999.000,9999.000,9999.000,9999.000,9999.000,9999.000
202606131930,   0.122,9999.000,9999.000,9999.000,9999.000,9999.000,9999.000,9999.000,9999.000
202606131936,   0.137,9999.000,9999.000,9999.000,9999.000,9999.000,9999.000,9999.000,9999.000
202606131942,   0.156,9999.000,9999.000,9999.000,9999.000,9999.000,9999.000,9999.000,9999.000
202606131948,   0.179,9999.000,9999.000,9999.000,9999.000,9999.000,9999.000,9999.000,9999.000
202606131954,   0.208,9999.000,9999.000,9999.000,9999.000,9999.000,9999.000,9999.000,9999.000
202606132000,   0.240,9999.000,   0.700,  -0.201,   0.739,   0.600,   0.639,   0.700,   0.739
202606132006,   0.278,9999.000,9999.000,9999.000,9999.000,9999.000,9999.000,9999.000,9999.000
202606132012,   0.319,9999.000,9999.000,9999.000,9999.000,9999.000,9999.000,9999.000,9999.000
202606132018,   0.365,9999.000,9999.000,9999.000,9999.000,9999.000,9999.000,9999.000,9999.000
202606132024,   0.416,9999.000,9999.000,9999.000,9999.000,9999.000,9999.000,9999.000,9999.000
202606132030,   0.471,9999.000,9999.000,9999.000,9999.000,9999.000,9999.000,9999.000,9999.000
202606132036,   0.529,9999.000,9999.000,9999.000,9999.000,9999.000,9999.000,9999.000,9999.000
202606132042,   0.592,9999.000,9999.000,9999.000,9999.000,9999.000,9999.000,9999.000,9999.000
202606132048,   0.658,9999.000,9999.000,9999.000,9999.000,9999.000,9999.000,9999.000,9999.000
202606132054,   0.727,9999.000,9999.000,9999.000,9999.000,9999.000,9999.000,9999.000,9999.000
202606132100,   0.800,9999.000,   0.700,  -0.204,   1.296,   0.600,   1.196,   0.700,   1.296
202606132106,   0.875,9999.000,9999.000,9999.000,9999.000,9999.000,9999.000,9999.000,9999.000
202606132112,   0.953,9999.000,9999.000,9999.000,9999.000,9999.000,9999.000,9999.000,9999.000
202606132118,   1.033,9999.000,9999.000,9999.000,9999.000,9999.000,9999.000,9999.000,9999.000
202606132124,   1.115,9999.000,9999.000,9999.000,9999.000,9999.000,9999.000,9999.000,9999.000
202606132130,   1.199,9999.000,9999.000,9999.000,9999.000,9999.000,9999.000,9999.000,9999.000
202606132136,   1.284,9999.000,9999.000,9999.000,9999.000,9999.000,9999.000,9999.000,9999.000
202606132142,   1.370,9999.000,9999.000,9999.000,9999.000,9999.000,9999.000,9999.000,9999.000
202606132148,   1.457,9999.000,9999.000,9999.000,9999.000,9999.000,9999.000,9999.000,9999.000
202606132154,   1.545,9999.000,9999.000,9999.000,9999.000,9999.000,9999.000,9999.000,9999.000
202606132200,   1.633,9999.000,   0.700,  -0.207,   2.126,   0.600,   2.026,   0.700,   2.126
202606132206,   1.721,9999.000,9999.000,9999.000,9999.000,9999.000,9999.000,9999.000,9999.000
202606132212,   1.809,9999.000,9999.000,9999.000,9999.000,9999.000,9999.000,9999.000,9999.000
202606132218,   1.896,9999.000,9999.000,9999.000,9999.000,9999.000,9999.000,9999.000,9999.000
202606132224,   1.983,9999.000,9999.000,9999.000,9999.000,9999.000,9999.000,9999.000,9999.000
202606132230,   2.070,9999.000,9999.000,9999.000,9999.000,9999.000,9999.000,9999.000,9999.000
202606132236,   2.155,9999.000,9999.000,9999.000,9999.000,9999.000,9999.000,9999.000,9999.000
202606132242,   2.240,9999.000,9999.000,9999.000,9999.000,9999.000,9999.000,9999.000,9999.000
202606132248,   2.323,9999.000,9999.000,9999.000,9999.000,9999.000,9999.000,9999.000,9999.000
202606132254,   2.406,9999.000,9999.000,9999.000,9999.000,9999.000,9999.000,9999.000,9999.000
202606132300,   2.486,9999.000,   0.700,  -0.211,   2.975,   0.700,   2.975,   0.700,   2.975
202606132306,   2.566,9999.000,9999.000,9999.000,9999.000,9999.000,9999.000,9999.000,9999.000
202606132312,   2.644,9999.000,9999.000,9999.000,9999.000,9999.000,9999.000,9999.000,9999.000
202606132318,   2.720,9999.000,9999.000,9999.000,9999.000,9999.000,9999.000,9999.000,9999.000
202606132324,   2.794,9999.000,9999.000,9999.000,9999.000,9999.000,9999.000,9999.000,9999.000
202606132330,   2.867,9999.000,9999.000,9999.000,9999.000,9999.000,9999.000,9999.000,9999.000
202606132336,   2.937,9999.000,9999.000,9999.000,9999.000,9999.000,9999.000,9999.000,9999.000
202606132342,   3.005,9999.000,9999.000,9999.000,9999.000,9999.000,9999.000,9999.000,9999.000
202606132348,   3.070,9999.000,9999.000,9999.000,9999.000,9999.000,9999.000,9999.000,9999.000
202606132354,   3.133,9999.000,9999.000,9999.000,9999.000,9999.000,9999.000,9999.000,9999.000
202606140000,   3.193,9999.000,   0.700,  -0.214,   3.679,   0.700,   3.679,   0.700,   3.679
202606140006,   3.250,9999.000,9999.000,9999.000,9999.000,9999.000,9999.000,9999.000,9999.000
202606140012,   3.304,9999.000,9999.000,9999.000,9999.000,9999.000,9999.000,9999.000,9999.000
202606140018,   3.354,9999.000,9999.000,9999.000,9999.000,9999.000,9999.000,9999.000,9999.000
202606140024,   3.402,9999.000,9999.000,9999.000,9999.000,9999.000,9999.000,9999.000,9999.000
202606140030,   3.445,9999.000,9999.000,9999.000,9999.000,9999.000,9999.000,9999.000,9999.000
202606140036,   3.485,9999.000,9999.000,9999.000,9999.000,9999.000,9999.000,9999.000,9999.000
202606140042,   3.521,9999.000,9999.000,9999.000,9999.000,9999.000,9999.000,9999.000,9999.000
202606140048,   3.553,9999.000,9999.000,9999.000,9999.000,9999.000,9999.000,9999.000,9999.000
202606140054,   3.581,9999.000,9999.000,9999.000,9999.000,9999.000,9999.000,9999.000,9999.000
202606140100,   3.605,9999.000,   0.700,  -0.217,   4.088,   0.600,   3.988,   0.700,   4.088
202606140106,   3.625,9999.000,9999.000,9999.000,9999.000,9999.000,9999.000,9999.000,9999.000
202606140112,   3.641,9999.000,9999.000,9999.000,9999.000,9999.000,9999.000,9999.000,9999.000
202606140118,   3.652,9999.000,9999.000,9999.000,9999.000,9999.000,9999.000,9999.000,9999.000
202606140124,   3.660,9999.000,9999.000,9999.000,9999.000,9999.000,9999.000,9999.000,9999.000
202606140130,   3.664,9999.000,9999.000,9999.000,9999.000,9999.000,9999.000,9999.000,9999.000
202606140136,   3.664,9999.000,9999.000,9999.000,9999.000,9999.000,9999.000,9999.000,9999.000
202606140142,   3.660,9999.000,9999.000,9999.000,9999.000,9999.000,9999.000,9999.000,9999.000
202606140148,   3.652,9999.000,9999.000,9999.000,9999.000,9999.000,9999.000,9999.000,9999.000
202606140154,   3.640,9999.000,9999.000,9999.000,9999.000,9999.000,9999.000,9999.000,9999.000
202606140200,   3.625,9999.000,   0.700,  -0.221,   4.104,   0.600,   4.004,   0.700,   4.104
202606140206,   3.607,9999.000,9999.000,9999.000,9999.000,9999.000,9999.000,9999.000,9999.000
202606140212,   3.585,9999.000,9999.000,9999.000,9999.000,9999.000,9999.000,9999.000,9999.000
202606140218,   3.560,9999.000,9999.000,9999.000,9999.000,9999.000,9999.000,9999.000,9999.000
202606140224,   3.532,9999.000,9999.000,9999.000,9999.000,9999.000,9999.000,9999.000,9999.000
202606140230,   3.501,9999.000,9999.000,9999.000,9999.000,9999.000,9999.000,9999.000,9999.000
202606140236,   3.467,9999.000,9999.000,9999.000,9999.000,9999.000,9999.000,9999.000,9999.000
202606140242,   3.429,9999.000,9999.000,9999.000,9999.000,9999.000,9999.000,9999.000,9999.000
202606140248,   3.389,9999.000,9999.000,9999.000,9999.000,9999.000,9999.000,9999.000,9999.000
202606140254,   3.347,9999.000,9999.000,9999.000,9999.000,9999.000,9999.000,9999.000,9999.000
202606140300,   3.301,9999.000,   0.600,  -0.224,   3.677,   0.600,   3.677,   0.700,   3.777
202606140306,   3.253,9999.000,9999.000,9999.000,9999.000,9999.000,9999.000,9999.000,9999.000
202606140312,   3.202,9999.000,9999.000,9999.000,9999.000,9999.000,9999.000,9999.000,9999.000
202606140318,   3.148,9999.000,9999.000,9999.000,9999.000,9999.000,9999.000,9999.000,9999.000
202606140324,   3.092,9999.000,9999.000,9999.000,9999.000,9999.000,9999.000,9999.000,9999.000
202606140330,   3.032,9999.000,9999.000,9999.000,9999.000,9999.000,9999.000,9999.000,9999.000
202606140336,   2.971,9999.000,9999.000,9999.000,9999.000,9999.000,9999.000,9999.000,9999.000
202606140342,   2.906,9999.000,9999.000,9999.000,9999.000,9999.000,9999.000,9999.000,9999.000
202606140348,   2.839,9999.000,9999.000,9999.000,9999.000,9999.000,9999.000,9999.000,9999.000
202606140354,   2.770,9999.000,9999.000,9999.000,9999.000,9999.000,9999.000,9999.000,9999.000
202606140400,   2.698,9999.000,   0.600,  -0.227,   3.071,   0.600,   3.071,   0.700,   3.171
202606140406,   2.624,9999.000,9999.000,9999.000,9999.000,9999.000,9999.000,9999.000,9999.000
202606140412,   2.548,9999.000,9999.000,9999.000,9999.000,9999.000,9999.000,9999.000,9999.000
202606140418,   2.469,9999.000,9999.000,9999.000,9999.000,9999.000,9999.000,9999.000,9999.000
202606140424,   2.389,9999.000,9999.000,9999.000,9999.000,9999.000,9999.000,9999.000,9999.000
202606140430,   2.307,9999.000,9999.000,9999.000,9999.000,9999.000,9999.000,9999.000,9999.000
202606140436,   2.223,9999.000,9999.000,9999.000,9999.000,9999.000,9999.000,9999.000,9999.000
202606140442,   2.138,9999.000,9999.000,9999.000,9999.000,9999.000,9999.000,9999.000,9999.000
202606140448,   2.052,9999.000,9999.000,9999.000,9999.000,9999.000,9999.000,9999.000,9999.000
202606140454,   1.964,9999.000,9999.000,9999.000,9999.000,9999.000,9999.000,9999.000,9999.000
202606140500,   1.877,9999.000,   0.600,  -0.230,   2.247,   0.600,   2.247,   0.600,   2.247
202606140506,   1.788,9999.000,9999.000,9999.000,9999.000,9999.000,9999.000,9999.000,9999.000
202606140512,   1.700,9999.000,9999.000,9999.000,9999.000,9999.000,9999.000,9999.000,9999.000
202606140518,   1.612,9999.000,9999.000,9999.000,9999.000,9999.000,9999.000,9999.000,9999.000
202606140524,   1.523,9999.000,9999.000,9999.000,9999.000,9999.000,9999.000,9999.000,9999.000
202606140530,   1.436,9999.000,9999.000,9999.000,9999.000,9999.000,9999.000,9999.000,9999.000
202606140536,   1.349,9999.000,9999.000,9999.000,9999.000,9999.000,9999.000,9999.000,9999.000
202606140542,   1.263,9999.000,9999.000,9999.000,9999.000,9999.000,9999.000,9999.000,9999.000
202606140548,   1.179,9999.000,9999.000,9999.000,9999.000,9999.000,9999.000,9999.000,9999.000
202606140554,   1.096,9999.000,9999.000,9999.000,9999.000,9999.000,9999.000,9999.000,9999.000
202606140600,   1.014,9999.000,   0.600,  -0.234,   1.380,   0.500,   1.280,   0.600,   1.380
202606140606,   0.934,9999.000,9999.000,9999.000,9999.000,9999.000,9999.000,9999.000,9999.000
202606140612,   0.857,9999.000,9999.000,9999.000,9999.000,9999.000,9999.000,9999.000,9999.000
202606140618,   0.781,9999.000,9999.000,9999.000,9999.000,9999.000,9999.000,9999.000,9999.000
202606140624,   0.708,9999.000,9999.000,9999.000,9999.000,9999.000,9999.000,9999.000,9999.000
202606140630,   0.637,9999.000,9999.000,9999.000,9999.000,9999.000,9999.000,9999.000,9999.000
202606140636,   0.569,9999.000,9999.000,9999.000,9999.000,9999.000,9999.000,9999.000,9999.000
202606140642,   0.504,9999.000,9999.000,9999.000,9999.000,9999.000,9999.000,9999.000,9999.000
202606140648,   0.441,9999.000,9999.000,9999.000,9999.000,9999.000,9999.000,9999.000,9999.000
202606140654,   0.382,9999.000,9999.000,9999.000,9999.000,9999.000,9999.000,9999.000,9999.000
202606140700,   0.325,9999.000,   0.600,  -0.234,   0.691,   0.500,   0.591,   0.600,   0.691
202606140706,   0.273,9999.000,9999.000,9999.000,9999.000,9999.000,9999.000,9999.000,9999.000
202606140712,   0.223,9999.000,9999.000,9999.000,9999.000,9999.000,9999.000,9999.000,9999.000
202606140718,   0.178,9999.000,9999.000,9999.000,9999.000,9999.000,9999.000,9999.000,9999.000
202606140724,   0.136,9999.000,9999.000,9999.000,9999.000,9999.000,9999.000,9999.000,9999.000
202606140730,   0.098,9999.000,9999.000,9999.000,9999.000,9999.000,9999.000,9999.000,9999.000
202606140736,   0.064,9999.000,9999.000,9999.000,9999.000,9999.000,9999.000,9999.000,9999.000
202606140742,   0.035,9999.000,9999.000,9999.000,9999.000,9999.000,9999.000,9999.000,9999.000
202606140748,   0.010,9999.000,9999.000,9999.000,9999.000,9999.000,9999.000,9999.000,9999.000
202606140754,  -0.010,9999.000,9999.000,9999.000,9999.000,9999.000,9999.000,9999.000,9999.000
202606140800,  -0.026,9999.000,   0.600,  -0.234,   0.340,   0.500,   0.240,   0.600,   0.340
202606140806,  -0.037,9999.000,9999.000,9999.000,9999.000,9999.000,9999.000,9999.000,9999.000
202606140812,  -0.043,9999.000,9999.000,9999.000,9999.000,9999.000,9999.000,9999.000,9999.000
202606140818,  -0.045,9999.000,9999.000,9999.000,9999.000,9999.000,9999.000,9999.000,9999.000
202606140824,  -0.042,9999.000,9999.000,9999.000,9999.000,9999.000,9999.000,9999.000,9999.000
202606140830,  -0.034,9999.000,9999.000,9999.000,9999.000,9999.000,9999.000,9999.000,9999.000
202606140836,  -0.021,9999.000,9999.000,9999.000,9999.000,9999.000,9999.000,9999.000,9999.000
202606140842,  -0.003,9999.000,9999.000,9999.000,9999.000,9999.000,9999.000,9999.000,9999.000
202606140848,   0.018,9999.000,9999.000,9999.000,9999.000,9999.000,9999.000,9999.000,9999.000
202606140854,   0.045,9999.000,9999.000,9999.000,9999.000,9999.000,9999.000,9999.000,9999.000
202606140900,   0.075,9999.000,   0.600,  -0.234,   0.441,   0.500,   0.341,   0.600,   0.441
202606140906,   0.111,9999.000,9999.000,9999.000,9999.000,9999.000,9999.000,9999.000,9999.000
202606140912,   0.149,9999.000,9999.000,9999.000,9999.000,9999.000,9999.000,9999.000,9999.000
202606140918,   0.192,9999.000,9999.000,9999.000,9999.000,9999.000,9999.000,9999.000,9999.000
202606140924,   0.238,9999.000,9999.000,9999.000,9999.000,9999.000,9999.000,9999.000,9999.000
202606140930,   0.288,9999.000,9999.000,9999.000,9999.000,9999.000,9999.000,9999.000,9999.000
202606140936,   0.340,9999.000,9999.000,9999.000,9999.000,9999.000,9999.000,9999.000,9999.000
202606140942,   0.395,9999.000,9999.000,9999.000,9999.000,9999.000,9999.000,9999.000,9999.000
202606140948,   0.452,9999.000,9999.000,9999.000,9999.000,9999.000,9999.000,9999.000,9999.000
202606140954,   0.511,9999.000,9999.000,9999.000,9999.000,9999.000,9999.000,9999.000,9999.000
202606141000,   0.572,9999.000,   0.600,  -0.234,   0.938,   0.500,   0.838,   0.600,   0.938
202606141006,   0.635,9999.000,9999.000,9999.000,9999.000,9999.000,9999.000,9999.000,9999.000
202606141012,   0.699,9999.000,9999.000,9999.000,9999.000,9999.000,9999.000,9999.000,9999.000
202606141018,   0.764,9999.000,9999.000,9999.000,9999.000,9999.000,9999.000,9999.000,9999.000
202606141024,   0.830,9999.000,9999.000,9999.000,9999.000,9999.000,9999.000,9999.000,9999.000
202606141030,   0.897,9999.000,9999.000,9999.000,9999.000,9999.000,9999.000,9999.000,9999.000
202606141036,   0.964,9999.000,9999.000,9999.000,9999.000,9999.000,9999.000,9999.000,9999.000
202606141042,   1.031,9999.000,9999.000,9999.000,9999.000,9999.000,9999.000,9999.000,9999.000
202606141048,   1.099,9999.000,9999.000,9999.000,9999.000,9999.000,9999.000,9999.000,9999.000
202606141054,   1.166,9999.000,9999.000,9999.000,9999.000,9999.000,9999.000,9999.000,9999.000
202606141100,   1.234,9999.000,   0.600,  -0.234,   1.600,   0.500,   1.500,   0.600,   1.600
202606141106,   1.301,9999.000,9999.000,9999.000,9999.000,9999.000,9999.000,9999.000,9999.000
202606141112,   1.368,9999.000,9999.000,9999.000,9999.000,9999.000,9999.000,9999.000,9999.000
202606141118,   1.434,9999.000,9999.000,9999.000,9999.000,9999.000,9999.000,9999.000,9999.000
202606141124,   1.500,9999.000,9999.000,9999.000,9999.000,9999.000,9999.000,9999.000,9999.000
202606141130,   1.565,9999.000,9999.000,9999.000,9999.000,9999.000,9999.000,9999.000,9999.000
202606141136,   1.629,9999.000,9999.000,9999.000,9999.000,9999.000,9999.000,9999.000,9999.000
202606141142,   1.693,9999.000,9999.000,9999.000,9999.000,9999.000,9999.000,9999.000,9999.000
202606141148,   1.755,9999.000,9999.000,9999.000,9999.000,9999.000,9999.000,9999.000,9999.000
202606141154,   1.816,9999.000,9999.000,9999.000,9999.000,9999.000,9999.000,9999.000,9999.000
202606141200,   1.876,9999.000,   0.600,  -0.234,   2.242,   0.600,   2.242,   0.700,   2.342
202606141206,   1.934,9999.000,9999.000,9999.000,9999.000,9999.000,9999.000,9999.000,9999.000
202606141212,   1.991,9999.000,9999.000,9999.000,9999.000,9999.000,9999.000,9999.000,9999.000
202606141218,   2.045,9999.000,9999.000,9999.000,9999.000,9999.000,9999.000,9999.000,9999.000
202606141224,   2.098,9999.000,9999.000,9999.000,9999.000,9999.000,9999.000,9999.000,9999.000
202606141230,   2.148,9999.000,9999.000,9999.000,9999.000,9999.000,9999.000,9999.000,9999.000
202606141236,   2.196,9999.000,9999.000,9999.000,9999.000,9999.000,9999.000,9999.000,9999.000
202606141242,   2.242,9999.000,9999.000,9999.000,9999.000,9999.000,9999.000,9999.000,9999.000
202606141248,   2.285,9999.000,9999.000,9999.000,9999.000,9999.000,9999.000,9999.000,9999.000
202606141254,   2.324,9999.000,9999.000,9999.000,9999.000,9999.000,9999.000,9999.000,9999.000
202606141300,   2.361,9999.000,   0.600,  -0.234,   2.727,   0.600,   2.727,   0.700,   2.827
202606141306,   2.395,9999.000,9999.000,9999.000,9999.000,9999.000,9999.000,9999.000,9999.000
202606141312,   2.425,9999.000,9999.000,9999.000,9999.000,9999.000,9999.000,9999.000,9999.000
202606141318,   2.452,9999.000,9999.000,9999.000,9999.000,9999.000,9999.000,9999.000,9999.000
202606141324,   2.476,9999.000,9999.000,9999.000,9999.000,9999.000,9999.000,9999.000,9999.000
202606141330,   2.496,9999.000,9999.000,9999.000,9999.000,9999.000,9999.000,9999.000,9999.000
202606141336,   2.512,9999.000,9999.000,9999.000,9999.000,9999.000,9999.000,9999.000,9999.000
202606141342,   2.525,9999.000,9999.000,9999.000,9999.000,9999.000,9999.000,9999.000,9999.000
202606141348,   2.535,9999.000,9999.000,9999.000,9999.000,9999.000,9999.000,9999.000,9999.000
202606141354,   2.541,9999.000,9999.000,9999.000,9999.000,9999.000,9999.000,9999.000,9999.000
202606141400,   2.544,9999.000,   0.600,  -0.234,   2.910,   0.600,   2.910,   0.700,   3.010
202606141406,   2.543,9999.000,9999.000,9999.000,9999.000,9999.000,9999.000,9999.000,9999.000
202606141412,   2.540,9999.000,9999.000,9999.000,9999.000,9999.000,9999.000,9999.000,9999.000
202606141418,   2.533,9999.000,9999.000,9999.000,9999.000,9999.000,9999.000,9999.000,9999.000
202606141424,   2.523,9999.000,9999.000,9999.000,9999.000,9999.000,9999.000,9999.000,9999.000
202606141430,   2.511,9999.000,9999.000,9999.000,9999.000,9999.000,9999.000,9999.000,9999.000
202606141436,   2.496,9999.000,9999.000,9999.000,9999.000,9999.000,9999.000,9999.000,9999.000
202606141442,   2.478,9999.000,9999.000,9999.000,9999.000,9999.000,9999.000,9999.000,9999.000
202606141448,   2.458,9999.000,9999.000,9999.000,9999.000,9999.000,9999.000,9999.000,9999.000
202606141454,   2.435,9999.000,9999.000,9999.000,9999.000,9999.000,9999.000,9999.000,9999.000
202606141500,   2.410,9999.000,   0.600,  -0.234,   2.776,   0.600,   2.776,   0.700,   2.876
202606141506,   2.383,9999.000,9999.000,9999.000,9999.000,9999.000,9999.000,9999.000,9999.000
202606141512,   2.354,9999.000,9999.000,9999.000,9999.000,9999.000,9999.000,9999.000,9999.000
202606141518,   2.322,9999.000,9999.000,9999.000,9999.000,9999.000,9999.000,9999.000,9999.000
202606141524,   2.289,9999.000,9999.000,9999.000,9999.000,9999.000,9999.000,9999.000,9999.000
202606141530,   2.253,9999.000,9999.000,9999.000,9999.000,9999.000,9999.000,9999.000,9999.000
202606141536,   2.215,9999.000,9999.000,9999.000,9999.000,9999.000,9999.000,9999.000,9999.000
202606141542,   2.175,9999.000,9999.000,9999.000,9999.000,9999.000,9999.000,9999.000,9999.000
202606141548,   2.133,9999.000,9999.000,9999.000,9999.000,9999.000,9999.000,9999.000,9999.000
202606141554,   2.089,9999.000,9999.000,9999.000,9999.000,9999.000,9999.000,9999.000,9999.000
202606141600,   2.043,9999.000,   0.600,  -0.234,   2.409,   0.600,   2.409,   0.600,   2.409
202606141606,   1.995,9999.000,9999.000,9999.000,9999.000,9999.000,9999.000,9999.000,9999.000
202606141612,   1.945,9999.000,9999.000,9999.000,9999.000,9999.000,9999.000,9999.000,9999.000
202606141618,   1.893,9999.000,9999.000,9999.000,9999.000,9999.000,9999.000,9999.000,9999.000
202606141624,   1.839,9999.000,9999.000,9999.000,9999.000,9999.000,9999.000,9999.000,9999.000
202606141630,   1.783,9999.000,9999.000,9999.000,9999.000,9999.000,9999.000,9999.000,9999.000
202606141636,   1.725,9999.000,9999.000,9999.000,9999.000,9999.000,9999.000,9999.000,9999.000
202606141642,   1.666,9999.000,9999.000,9999.000,9999.000,9999.000,9999.000,9999.000,9999.000
202606141648,   1.605,9999.000,9999.000,9999.000,9999.000,9999.000,9999.000,9999.000,9999.000
202606141654,   1.542,9999.000,9999.000,9999.000,9999.000,9999.000,9999.000,9999.000,9999.000
202606141700,   1.478,9999.000,   0.600,  -0.234,   1.844,   0.600,   1.844,   0.700,   1.944
202606141706,   1.414,9999.000,9999.000,9999.000,9999.000,9999.000,9999.000,9999.000,9999.000
202606141712,   1.348,9999.000,9999.000,9999.000,9999.000,9999.000,9999.000,9999.000,9999.000
202606141718,   1.282,9999.000,9999.000,9999.000,9999.000,9999.000,9999.000,9999.000,9999.000
202606141724,   1.215,9999.000,9999.000,9999.000,9999.000,9999.000,9999.000,9999.000,9999.000
202606141730,   1.148,9999.000,9999.000,9999.000,9999.000,9999.000,9999.000,9999.000,9999.000
202606141736,   1.081,9999.000,9999.000,9999.000,9999.000,9999.000,9999.000,9999.000,9999.000
202606141742,   1.015,9999.000,9999.000,9999.000,9999.000,9999.000,9999.000,9999.000,9999.000
202606141748,   0.948,9999.000,9999.000,9999.000,9999.000,9999.000,9999.000,9999.000,9999.000
202606141754,   0.883,9999.000,9999.000,9999.000,9999.000,9999.000,9999.000,9999.000,9999.000
202606141800,   0.819,9999.000,   0.600,  -0.234,   1.185,   0.600,   1.185,   0.700,   1.285
202606141806,   0.756,9999.000,9999.000,9999.000,9999.000,9999.000,9999.000,9999.000,9999.000
202606141812,   0.694,9999.000,9999.000,9999.000,9999.000,9999.000,9999.000,9999.000,9999.000
202606141818,   0.634,9999.000,9999.000,9999.000,9999.000,9999.000,9999.000,9999.000,9999.000
202606141824,   0.576,9999.000,9999.000,9999.000,9999.000,9999.000,9999.000,9999.000,9999.000
202606141830,   0.519,9999.000,9999.000,9999.000,9999.000,9999.000,9999.000,9999.000,9999.000
202606141836,   0.466,9999.000,9999.000,9999.000,9999.000,9999.000,9999.000,9999.000,9999.000
202606141842,   0.414,9999.000,9999.000,9999.000,9999.000,9999.000,9999.000,9999.000,9999.000
202606141848,   0.365,9999.000,9999.000,9999.000,9999.000,9999.000,9999.000,9999.000,9999.000
202606141854,   0.319,9999.000,9999.000,9999.000,9999.000,9999.000,9999.000,9999.000,9999.000
202606141900,   0.276,9999.000,   0.600,  -0.234,   0.642,   0.600,   0.642,   0.700,   0.742
202606141906,   0.236,9999.000,9999.000,9999.000,9999.000,9999.000,9999.000,9999.000,9999.000
202606141912,   0.199,9999.000,9999.000,9999.000,9999.000,9999.000,9999.000,9999.000,9999.000
202606141918,   0.165,9999.000,9999.000,9999.000,9999.000,9999.000,9999.000,9999.000,9999.000
202606141924,   0.135,9999.000,9999.000,9999.000,9999.000,9999.000,9999.000,9999.000,9999.000
202606141930,   0.109,9999.000,9999.000,9999.000,9999.000,9999.000,9999.000,9999.000,9999.000
202606141936,   0.086,9999.000,9999.000,9999.000,9999.000,9999.000,9999.000,9999.000,9999.000
202606141942,   0.067,9999.000,9999.000,9999.000,9999.000,9999.000,9999.000,9999.000,9999.000
202606141948,   0.052,9999.000,9999.000,9999.000,9999.000,9999.000,9999.000,9999.000,9999.000
202606141954,   0.042,9999.000,9999.000,9999.000,9999.000,9999.000,9999.000,9999.000,9999.000
202606142000,   0.035,9999.000,   0.600,  -0.234,   0.401,   0.600,   0.401,   0.700,   0.501
202606142006,   0.033,9999.000,9999.000,9999.000,9999.000,9999.000,9999.000,9999.000,9999.000
202606142012,   0.036,9999.000,9999.000,9999.000,9999.000,9999.000,9999.000,9999.000,9999.000
202606142018,   0.043,9999.000,9999.000,9999.000,9999.000,9999.000,9999.000,9999.000,9999.000
202606142024,   0.054,9999.000,9999.000,9999.000,9999.000,9999.000,9999.000,9999.000,9999.000
202606142030,   0.071,9999.000,9999.000,9999.000,9999.000,9999.000,9999.000,9999.000,9999.000
202606142036,   0.092,9999.000,9999.000,9999.000,9999.000,9999.000,9999.000,9999.000,9999.000
202606142042,   0.118,9999.000,9999.000,9999.000,9999.000,9999.000,9999.000,9999.000,9999.000
202606142048,   0.148,9999.000,9999.000,9999.000,9999.000,9999.000,9999.000,9999.000,9999.000
202606142054,   0.184,9999.000,9999.000,9999.000,9999.000,9999.000,9999.000,9999.000,9999.000
202606142100,   0.224,9999.000,   0.600,  -0.234,   0.590,   0.600,   0.590,   0.700,   0.690
202606142106,   0.268,9999.000,9999.000,9999.000,9999.000,9999.000,9999.000,9999.000,9999.000
202606142112,   0.317,9999.000,9999.000,9999.000,9999.000,9999.000,9999.000,9999.000,9999.000
202606142118,   0.370,9999.000,9999.000,9999.000,9999.000,9999.000,9999.000,9999.000,9999.000
202606142124,   0.427,9999.000,9999.000,9999.000,9999.000,9999.000,9999.000,9999.000,9999.000
202606142130,   0.488,9999.000,9999.000,9999.000,9999.000,9999.000,9999.000,9999.000,9999.000
202606142136,   0.553,9999.000,9999.000,9999.000,9999.000,9999.000,9999.000,9999.000,9999.000
202606142142,   0.621,9999.000,9999.000,9999.000,9999.000,9999.000,9999.000,9999.000,9999.000
202606142148,   0.692,9999.000,9999.000,9999.000,9999.000,9999.000,9999.000,9999.000,9999.000
202606142154,   0.766,9999.000,9999.000,9999.000,9999.000,9999.000,9999.000,9999.000,9999.000
202606142200,   0.843,9999.000,   0.600,  -0.234,   1.209,   0.500,   1.109,   0.700,   1.309
202606142206,   0.922,9999.000,9999.000,9999.000,9999.000,9999.000,9999.000,9999.000,9999.000
202606142212,   1.003,9999.000,9999.000,9999.000,9999.000,9999.000,9999.000,9999.000,9999.000
202606142218,   1.085,9999.000,9999.000,9999.000,9999.000,9999.000,9999.000,9999.000,9999.000
202606142224,   1.170,9999.000,9999.000,9999.000,9999.000,9999.000,9999.000,9999.000,9999.000
202606142230,   1.255,9999.000,9999.000,9999.000,9999.000,9999.000,9999.000,9999.000,9999.000
202606142236,   1.342,9999.000,9999.000,9999.000,9999.000,9999.000,9999.000,9999.000,9999.000
202606142242,   1.429,9999.000,9999.000,9999.000,9999.000,9999.000,9999.000,9999.000,9999.000
202606142248,   1.517,9999.000,9999.000,9999.000,9999.000,9999.000,9999.000,9999.000,9999.000
202606142254,   1.605,9999.000,9999.000,9999.000,9999.000,9999.000,9999.000,9999.000,9999.000
202606142300,   1.693,9999.000,   0.600,  -0.234,   2.059,   0.600,   2.059,   0.700,   2.159
202606142306,   1.781,9999.000,9999.000,9999.000,9999.000,9999.000,9999.000,9999.000,9999.000
202606142312,   1.869,9999.000,9999.000,9999.000,9999.000,9999.000,9999.000,9999.000,9999.000
202606142318,   1.957,9999.000,9999.000,9999.000,9999.000,9999.000,9999.000,9999.000,9999.000
202606142324,   2.044,9999.000,9999.000,9999.000,9999.000,9999.000,9999.000,9999.000,9999.000
202606142330,   2.131,9999.000,9999.000,9999.000,9999.000,9999.000,9999.000,9999.000,9999.000
202606142336,   2.217,9999.000,9999.000,9999.000,9999.000,9999.000,9999.000,9999.000,9999.000
202606142342,   2.302,9999.000,9999.000,9999.000,9999.000,9999.000,9999.000,9999.000,9999.000
202606142348,   2.386,9999.000,9999.000,9999.000,9999.000,9999.000,9999.000,9999.000,9999.000
202606142354,   2.469,9999.000,9999.000,9999.000,9999.000,9999.000,9999.000,9999.000,9999.000
202606150000,   2.550,9999.000,   0.600,  -0.234,   2.916,   0.600,   2.916,   0.700,   3.016
202606150006,   2.631,9999.000,9999.000,9999.000,9999.000,9999.000,9999.000,9999.000,9999.000
202606150012,   2.709,9999.000,9999.000,9999.000,9999.000,9999.000,9999.000,9999.000,9999.000
202606150018,   2.786,9999.000,9999.000,9999.000,9999.000,9999.000,9999.000,9999.000,9999.000
202606150024,   2.861,9999.000,9999.000,9999.000,9999.000,9999.000,9999.000,9999.000,9999.000
202606150030,   2.934,9999.000,9999.000,9999.000,9999.000,9999.000,9999.000,9999.000,9999.000
202606150036,   3.005,9999.000,9999.000,9999.000,9999.000,9999.000,9999.000,9999.000,9999.000
202606150042,   3.073,9999.000,9999.000,9999.000,9999.000,9999.000,9999.000,9999.000,9999.000
202606150048,   3.139,9999.000,9999.000,9999.000,9999.000,9999.000,9999.000,9999.000,9999.000
202606150054,   3.202,9999.000,9999.000,9999.000,9999.000,9999.000,9999.000,9999.000,9999.000
202606150100,   3.261,9999.000,   0.700,  -0.234,   3.727,   0.600,   3.627,   0.700,   3.727
202606150106,   3.317,9999.000,9999.000,9999.000,9999.000,9999.000,9999.000,9999.000,9999.000
202606150112,   3.370,9999.000,9999.000,9999.000,9999.000,9999.000,9999.000,9999.000,9999.000
202606150118,   3.419,9999.000,9999.000,9999.000,9999.000,9999.000,9999.000,9999.000,9999.000
202606150124,   3.465,9999.000,9999.000,9999.000,9999.000,9999.000,9999.000,9999.000,9999.000
202606150130,   3.506,9999.000,9999.000,9999.000,9999.000,9999.000,9999.000,9999.000,9999.000
202606150136,   3.543,9999.000,9999.000,9999.000,9999.000,9999.000,9999.000,9999.000,9999.000
202606150142,   3.577,9999.000,9999.000,9999.000,9999.000,9999.000,9999.000,9999.000,9999.000
202606150148,   3.605,9999.000,9999.000,9999.000,9999.000,9999.000,9999.000,9999.000,9999.000
202606150154,   3.630,9999.000,9999.000,9999.000,9999.000,9999.000,9999.000,9999.000,9999.000
202606150200,   3.650,9999.000,   0.700,  -0.234,   4.116,   0.600,   4.016,   0.800,   4.216
202606150206,   3.666,9999.000,9999.000,9999.000,9999.000,9999.000,9999.000,9999.000,9999.000
202606150212,   3.678,9999.000,9999.000,9999.000,9999.000,9999.000,9999.000,9999.000,9999.000
202606150218,   3.685,9999.000,9999.000,9999.000,9999.000,9999.000,9999.000,9999.000,9999.000
202606150224,   3.689,9999.000,9999.000,9999.000,9999.000,9999.000,9999.000,9999.000,9999.000
202606150230,   3.688,9999.000,9999.000,9999.000,9999.000,9999.000,9999.000,9999.000,9999.000
202606150236,   3.683,9999.000,9999.000,9999.000,9999.000,9999.000,9999.000,9999.000,9999.000
202606150242,   3.675,9999.000,9999.000,9999.000,9999.000,9999.000,9999.000,9999.000,9999.000
202606150248,   3.662,9999.000,9999.000,9999.000,9999.000,9999.000,9999.000,9999.000,9999.000
202606150254,   3.647,9999.000,9999.000,9999.000,9999.000,9999.000,9999.000,9999.000,9999.000
202606150300,   3.627,9999.000,   0.700,  -0.234,   4.093,   0.600,   3.993,   0.800,   4.193
202606150306,   3.605,9999.000,9999.000,9999.000,9999.000,9999.000,9999.000,9999.000,9999.000
202606150312,   3.579,9999.000,9999.000,9999.000,9999.000,9999.000,9999.000,9999.000,9999.000
202606150318,   3.550,9999.000,9999.000,9999.000,9999.000,9999.000,9999.000,9999.000,9999.000
202606150324,   3.518,9999.000,9999.000,9999.000,9999.000,9999.000,9999.000,9999.000,9999.000
202606150330,   3.484,9999.000,9999.000,9999.000,9999.000,9999.000,9999.000,9999.000,9999.000
202606150336,   3.446,9999.000,9999.000,9999.000,9999.000,9999.000,9999.000,9999.000,9999.000
202606150342,   3.406,9999.000,9999.000,9999.000,9999.000,9999.000,9999.000,9999.000,9999.000
202606150348,   3.362,9999.000,9999.000,9999.000,9999.000,9999.000,9999.000,9999.000,9999.000
202606150354,   3.316,9999.000,9999.000,9999.000,9999.000,9999.000,9999.000,9999.000,9999.000
202606150400,   3.267,9999.000,   0.700,  -0.234,   3.733,   0.600,   3.633,   0.800,   3.833
202606150406,   3.216,9999.000,9999.000,9999.000,9999.000,9999.000,9999.000,9999.000,9999.000
202606150412,   3.162,9999.000,9999.000,9999.000,9999.000,9999.000,9999.000,9999.000,9999.000
202606150418,   3.104,9999.000,9999.000,9999.000,9999.000,9999.000,9999.000,9999.000,9999.000
202606150424,   3.045,9999.000,9999.000,9999.000,9999.000,9999.000,9999.000,9999.000,9999.000
202606150430,   2.982,9999.000,9999.000,9999.000,9999.000,9999.000,9999.000,9999.000,9999.000
202606150436,   2.917,9999.000,9999.000,9999.000,9999.000,9999.000,9999.000,9999.000,9999.000
202606150442,   2.849,9999.000,9999.000,9999.000,9999.000,9999.000,9999.000,9999.000,9999.000
202606150448,   2.778,9999.000,9999.000,9999.000,9999.000,9999.000,9999.000,9999.000,9999.000
202606150454,   2.704,9999.000,9999.000,9999.000,9999.000,9999.000,9999.000,9999.000,9999.000
202606150500,   2.629,9999.000,   0.700,  -0.234,   3.095,   0.600,   2.995,   0.800,   3.195
202606150506,   2.550,9999.000,9999.000,9999.000,9999.000,9999.000,9999.000,9999.000,9999.000
202606150512,   2.470,9999.000,9999.000,9999.000,9999.000,9999.000,9999.000,9999.000,9999.000
202606150518,   2.387,9999.000,9999.000,9999.000,9999.000,9999.000,9999.000,9999.000,9999.000
202606150524,   2.302,9999.000,9999.000,9999.000,9999.000,9999.000,9999.000,9999.000,9999.000
202606150530,   2.216,9999.000,9999.000,9999.000,9999.000,9999.000,9999.000,9999.000,9999.000
202606150536,   2.127,9999.000,9999.000,9999.000,9999.000,9999.000,9999.000,9999.000,9999.000
202606150542,   2.038,9999.000,9999.000,9999.000,9999.000,9999.000,9999.000,9999.000,9999.000
202606150548,   1.947,9999.000,9999.000,9999.000,9999.000,9999.000,9999.000,9999.000,9999.000
202606150554,   1.856,9999.000,9999.000,9999.000,9999.000,9999.000,9999.000,9999.000,9999.000
202606150600,   1.764,9999.000,   0.700,  -0.234,   2.230,   0.600,   2.130,   0.800,   2.330
202606150606,   1.672,9999.000,9999.000,9999.000,9999.000,9999.000,9999.000,9999.000,9999.000
202606150612,   1.580,9999.000,9999.000,9999.000,9999.000,9999.000,9999.000,9999.000,9999.000
202606150618,   1.488,9999.000,9999.000,9999.000,9999.000,9999.000,9999.000,9999.000,9999.000
202606150624,   1.396,9999.000,9999.000,9999.000,9999.000,9999.000,9999.000,9999.000,9999.000
202606150630,   1.306,9999.000,9999.000,9999.000,9999.000,9999.000,9999.000,9999.000,9999.000
202606150636,   1.216,9999.000,9999.000,9999.000,9999.000,9999.000,9999.000,9999.000,9999.000
202606150642,   1.128,9999.000,9999.000,9999.000,9999.000,9999.000,9999.000,9999.000,9999.000
202606150648,   1.041,9999.000,9999.000,9999.000,9999.000,9999.000,9999.000,9999.000,9999.000
202606150654,   0.957,9999.000,9999.000,9999.000,9999.000,9999.000,9999.000,9999.000,9999.000
202606150700,   0.874,9999.000,   0.700,  -0.234,   1.340,   0.500,   1.140,   0.800,   1.440
202606150706,   0.793,9999.000,9999.000,9999.000,9999.000,9999.000,9999.000,9999.000,9999.000
202606150712,   0.715,9999.000,9999.000,9999.000,9999.000,9999.000,9999.000,9999.000,9999.000
202606150718,   0.640,9999.000,9999.000,9999.000,9999.000,9999.000,9999.000,9999.000,9999.000
202606150724,   0.567,9999.000,9999.000,9999.000,9999.000,9999.000,9999.000,9999.000,9999.000
202606150730,   0.498,9999.000,9999.000,9999.000,9999.000,9999.000,9999.000,9999.000,9999.000
202606150736,   0.432,9999.000,9999.000,9999.000,9999.000,9999.000,9999.000,9999.000,9999.000
202606150742,   0.368,9999.000,9999.000,9999.000,9999.000,9999.000,9999.000,9999.000,9999.000
202606150748,   0.309,9999.000,9999.000,9999.000,9999.000,9999.000,9999.000,9999.000,9999.000
202606150754,   0.253,9999.000,9999.000,9999.000,9999.000,9999.000,9999.000,9999.000,9999.000
202606150800,   0.201,9999.000,   0.700,  -0.234,   0.667,   0.500,   0.467,   0.800,   0.767
202606150806,   0.153,9999.000,9999.000,9999.000,9999.000,9999.000,9999.000,9999.000,9999.000
202606150812,   0.108,9999.000,9999.000,9999.000,9999.000,9999.000,9999.000,9999.000,9999.000
202606150818,   0.068,9999.000,9999.000,9999.000,9999.000,9999.000,9999.000,9999.000,9999.000
202606150824,   0.033,9999.000,9999.000,9999.000,9999.000,9999.000,9999.000,9999.000,9999.000
202606150830,   0.001,9999.000,9999.000,9999.000,9999.000,9999.000,9999.000,9999.000,9999.000
202606150836,  -0.024,9999.000,9999.000,9999.000,9999.000,9999.000,9999.000,9999.000,9999.000
202606150842,  -0.046,9999.000,9999.000,9999.000,9999.000,9999.000,9999.000,9999.000,9999.000
202606150848,  -0.064,9999.000,9999.000,9999.000,9999.000,9999.000,9999.000,9999.000,9999.000
202606150854,  -0.076,9999.000,9999.000,9999.000,9999.000,9999.000,9999.000,9999.000,9999.000
202606150900,  -0.084,9999.000,   0.700,  -0.234,   0.382,   0.500,   0.182,   0.800,   0.482
202606150906,  -0.087,9999.000,9999.000,9999.000,9999.000,9999.000,9999.000,9999.000,9999.000
202606150912,  -0.086,9999.000,9999.000,9999.000,9999.000,9999.000,9999.000,9999.000,9999.000
202606150918,  -0.079,9999.000,9999.000,9999.000,9999.000,9999.000,9999.000,9999.000,9999.000
202606150924,  -0.068,9999.000,9999.000,9999.000,9999.000,9999.000,9999.000,9999.000,9999.000
202606150930,  -0.052,9999.000,9999.000,9999.000,9999.000,9999.000,9999.000,9999.000,9999.000
202606150936,  -0.031,9999.000,9999.000,9999.000,9999.000,9999.000,9999.000,9999.000,9999.000
202606150942,  -0.007,9999.000,9999.000,9999.000,9999.000,9999.000,9999.000,9999.000,9999.000
202606150948,   0.022,9999.000,9999.000,9999.000,9999.000,9999.000,9999.000,9999.000,9999.000
202606150954,   0.055,9999.000,9999.000,9999.000,9999.000,9999.000,9999.000,9999.000,9999.000
202606151000,   0.092,9999.000,   0.600,  -0.234,   0.458,   0.400,   0.258,   0.700,   0.558
202606151006,   0.133,9999.000,9999.000,9999.000,9999.000,9999.000,9999.000,9999.000,9999.000
202606151012,   0.177,9999.000,9999.000,9999.000,9999.000,9999.000,9999.000,9999.000,9999.000
202606151018,   0.225,9999.000,9999.000,9999.000,9999.000,9999.000,9999.000,9999.000,9999.000
202606151024,   0.276,9999.000,9999.000,9999.000,9999.000,9999.000,9999.000,9999.000,9999.000
202606151030,   0.329,9999.000,9999.000,9999.000,9999.000,9999.000,9999.000,9999.000,9999.000
202606151036,   0.385,9999.000,9999.000,9999.000,9999.000,9999.000,9999.000,9999.000,9999.000
202606151042,   0.443,9999.000,9999.000,9999.000,9999.000,9999.000,9999.000,9999.000,9999.000
202606151048,   0.504,9999.000,9999.000,9999.000,9999.000,9999.000,9999.000,9999.000,9999.000
202606151054,   0.566,9999.000,9999.000,9999.000,9999.000,9999.000,9999.000,9999.000,9999.000
202606151100,   0.629,9999.000,   0.600,  -0.234,   0.995,   0.400,   0.795,   0.700,   1.095
202606151106,   0.694,9999.000,9999.000,9999.000,9999.000,9999.000,9999.000,9999.000,9999.000
202606151112,   0.761,9999.000,9999.000,9999.000,9999.000,9999.000,9999.000,9999.000,9999.000
202606151118,   0.828,9999.000,9999.000,9999.000,9999.000,9999.000,9999.000,9999.000,9999.000
202606151124,   0.896,9999.000,9999.000,9999.000,9999.000,9999.000,9999.000,9999.000,9999.000
202606151130,   0.964,9999.000,9999.000,9999.000,9999.000,9999.000,9999.000,9999.000,9999.000
202606151136,   1.034,9999.000,9999.000,9999.000,9999.000,9999.000,9999.000,9999.000,9999.000
202606151142,   1.103,9999.000,9999.000,9999.000,9999.000,9999.000,9999.000,9999.000,9999.000
202606151148,   1.173,9999.000,9999.000,9999.000,9999.000,9999.000,9999.000,9999.000,9999.000
202606151154,   1.243,9999.000,9999.000,9999.000,9999.000,9999.000,9999.000,9999.000,9999.000
202606151200,   1.313,9999.000,   0.500,  -0.234,   1.579,   0.400,   1.479,   0.700,   1.779
202606151206,   1.383,9999.000,9999.000,9999.000,9999.000,9999.000,9999.000,9999.000,9999.000
202606151212,   1.452,9999.000,9999.000,9999.000,9999.000,9999.000,9999.000,9999.000,9999.000
202606151218,   1.522,9999.000,9999.000,9999.000,9999.000,9999.000,9999.000,9999.000,9999.000
202606151224,   1.590,9999.000,9999.000,9999.000,9999.000,9999.000,9999.000,9999.000,9999.000
202606151230,   1.658,9999.000,9999.000,9999.000,9999.000,9999.000,9999.000,9999.000,9999.000
202606151236,   1.725,9999.000,9999.000,9999.000,9999.000,9999.000,9999.000,9999.000,9999.000
202606151242,   1.791,9999.000,9999.000,9999.000,9999.000,9999.000,9999.000,9999.000,9999.000
202606151248,   1.856,9999.000,9999.000,9999.000,9999.000,9999.000,9999.000,9999.000,9999.000
202606151254,   1.920,9999.000,9999.000,9999.000,9999.000,9999.000,9999.000,9999.000,9999.000
202606151300,   1.982,9999.000,   0.500,  -0.234,   2.248,   0.300,   2.048,   0.600,   2.348
202606151306,   2.042,9999.000,9999.000,9999.000,9999.000,9999.000,9999.000,9999.000,9999.000
202606151312,   2.100,9999.000,9999.000,9999.000,9999.000,9999.000,9999.000,9999.000,9999.000
202606151318,   2.156,9999.000,9999.000,9999.000,9999.000,9999.000,9999.000,9999.000,9999.000
202606151324,   2.209,9999.000,9999.000,9999.000,9999.000,9999.000,9999.000,9999.000,9999.000
202606151330,   2.260,9999.000,9999.000,9999.000,9999.000,9999.000,9999.000,9999.000,9999.000
202606151336,   2.308,9999.000,9999.000,9999.000,9999.000,9999.000,9999.000,9999.000,9999.000
202606151342,   2.353,9999.000,9999.000,9999.000,9999.000,9999.000,9999.000,9999.000,9999.000
202606151348,   2.394,9999.000,9999.000,9999.000,9999.000,9999.000,9999.000,9999.000,9999.000
202606151354,   2.433,9999.000,9999.000,9999.000,9999.000,9999.000,9999.000,9999.000,9999.000
202606151400,   2.468,9999.000,   0.400,  -0.234,   2.634,   0.200,   2.434,   0.600,   2.834
202606151406,   2.499,9999.000,9999.000,9999.000,9999.000,9999.000,9999.000,9999.000,9999.000
202606151412,   2.527,9999.000,9999.000,9999.000,9999.000,9999.000,9999.000,9999.000,9999.000
202606151418,   2.552,9999.000,9999.000,9999.000,9999.000,9999.000,9999.000,9999.000,9999.000
202606151424,   2.572,9999.000,9999.000,9999.000,9999.000,9999.000,9999.000,9999.000,9999.000
202606151430,   2.589,9999.000,9999.000,9999.000,9999.000,9999.000,9999.000,9999.000,9999.000
202606151436,   2.603,9999.000,9999.000,9999.000,9999.000,9999.000,9999.000,9999.000,9999.000
202606151442,   2.613,9999.000,9999.000,9999.000,9999.000,9999.000,9999.000,9999.000,9999.000
202606151448,   2.619,9999.000,9999.000,9999.000,9999.000,9999.000,9999.000,9999.000,9999.000
202606151454,   2.622,9999.000,9999.000,9999.000,9999.000,9999.000,9999.000,9999.000,9999.000
202606151500,   2.622,9999.000,   0.400,  -0.234,   2.788,   0.200,   2.588,   0.600,   2.988
202606151506,   2.619,9999.000,9999.000,9999.000,9999.000,9999.000,9999.000,9999.000,9999.000
202606151512,   2.613,9999.000,9999.000,9999.000,9999.000,9999.000,9999.000,9999.000,9999.000
202606151518,   2.603,9999.000,9999.000,9999.000,9999.000,9999.000,9999.000,9999.000,9999.000
202606151524,   2.592,9999.000,9999.000,9999.000,9999.000,9999.000,9999.000,9999.000,9999.000
202606151530,   2.577,9999.000,9999.000,9999.000,9999.000,9999.000,9999.000,9999.000,9999.000
202606151536,   2.560,9999.000,9999.000,9999.000,9999.000,9999.000,9999.000,9999.000,9999.000
202606151542,   2.541,9999.000,9999.000,9999.000,9999.000,9999.000,9999.000,9999.000,9999.000
202606151548,   2.519,9999.000,9999.000,9999.000,9999.000,9999.000,9999.000,9999.000,9999.000
202606151554,   2.495,9999.000,9999.000,9999.000,9999.000,9999.000,9999.000,9999.000,9999.000
202606151600,   2.469,9999.000,   0.400,  -0.234,   2.635,   0.200,   2.435,   0.600,   2.835
202606151606,   2.440,9999.000,9999.000,9999.000,9999.000,9999.000,9999.000,9999.000,9999.000
202606151612,   2.409,9999.000,9999.000,9999.000,9999.000,9999.000,9999.000,9999.000,9999.000
202606151618,   2.377,9999.000,9999.000,9999.000,9999.000,9999.000,9999.000,9999.000,9999.000
202606151624,   2.342,9999.000,9999.000,9999.000,9999.000,9999.000,9999.000,9999.000,9999.000
202606151630,   2.304,9999.000,9999.000,9999.000,9999.000,9999.000,9999.000,9999.000,9999.000
202606151636,   2.265,9999.000,9999.000,9999.000,9999.000,9999.000,9999.000,9999.000,9999.000
202606151642,   2.223,9999.000,9999.000,9999.000,9999.000,9999.000,9999.000,9999.000,9999.000
202606151648,   2.179,9999.000,9999.000,9999.000,9999.000,9999.000,9999.000,9999.000,9999.000
202606151654,   2.132,9999.000,9999.000,9999.000,9999.000,9999.000,9999.000,9999.000,9999.000
202606151700,   2.083,9999.000,   0.400,  -0.234,   2.249,   0.200,   2.049,   0.600,   2.449
202606151706,   2.032,9999.000,9999.000,9999.000,9999.000,9999.000,9999.000,9999.000,9999.000
202606151712,   1.979,9999.000,9999.000,9999.000,9999.000,9999.000,9999.000,9999.000,9999.000
202606151718,   1.923,9999.000,9999.000,9999.000,9999.000,9999.000,9999.000,9999.000,9999.000
202606151724,   1.865,9999.000,9999.000,9999.000,9999.000,9999.000,9999.000,9999.000,9999.000
202606151730,   1.805,9999.000,9999.000,9999.000,9999.000,9999.000,9999.000,9999.000,9999.000
202606151736,   1.742,9999.000,9999.000,9999.000,9999.000,9999.000,9999.000,9999.000,9999.000
202606151742,   1.678,9999.000,9999.000,9999.000,9999.000,9999.000,9999.000,9999.000,9999.000
202606151748,   1.613,9999.000,9999.000,9999.000,9999.000,9999.000,9999.000,9999.000,9999.000
202606151754,   1.545,9999.000,9999.000,9999.000,9999.000,9999.000,9999.000,9999.000,9999.000
202606151800,   1.477,9999.000,   0.400,  -0.234,   1.643,   0.300,   1.543,   0.600,   1.843
202606151806,   1.407,9999.000,9999.000,9999.000,9999.000,9999.000,9999.000,9999.000,9999.000
202606151812,   1.337,9999.000,9999.000,9999.000,9999.000,9999.000,9999.000,9999.000,9999.000
202606151818,   1.266,9999.000,9999.000,9999.000,9999.000,9999.000,9999.000,9999.000,9999.000
202606151824,   1.194,9999.000,9999.000,9999.000,9999.000,9999.000,9999.000,9999.000,9999.000
202606151830,   1.123,9999.000,9999.000,9999.000,9999.000,9999.000,9999.000,9999.000,9999.000
202606151836,   1.052,9999.000,9999.000,9999.000,9999.000,9999.000,9999.000,9999.000,9999.000
202606151842,   0.981,9999.000,9999.000,9999.000,9999.000,9999.000,9999.000,9999.000,9999.000
202606151848,   0.912,9999.000,9999.000,9999.000,9999.000,9999.000,9999.000,9999.000,9999.000
202606151854,   0.843,9999.000,9999.000,9999.000,9999.000,9999.000,9999.000,9999.000,9999.000
202606151900,   0.776,9999.000,   0.500,  -0.234,   1.042,   0.300,   0.842,   0.600,   1.142
202606151906,   0.710,9999.000,9999.000,9999.000,9999.000,9999.000,9999.000,9999.000,9999.000
202606151912,   0.647,9999.000,9999.000,9999.000,9999.000,9999.000,9999.000,9999.000,9999.000
202606151918,   0.585,9999.000,9999.000,9999.000,9999.000,9999.000,9999.000,9999.000,9999.000
202606151924,   0.526,9999.000,9999.000,9999.000,9999.000,9999.000,9999.000,9999.000,9999.000
202606151930,   0.469,9999.000,9999.000,9999.000,9999.000,9999.000,9999.000,9999.000,9999.000
202606151936,   0.415,9999.000,9999.000,9999.000,9999.000,9999.000,9999.000,9999.000,9999.000
202606151942,   0.364,9999.000,9999.000,9999.000,9999.000,9999.000,9999.000,9999.000,9999.000
202606151948,   0.316,9999.000,9999.000,9999.000,9999.000,9999.000,9999.000,9999.000,9999.000
202606151954,   0.271,9999.000,9999.000,9999.000,9999.000,9999.000,9999.000,9999.000,9999.000
202606152000,   0.230,9999.000,   0.500,  -0.234,   0.496,   0.300,   0.296,   0.600,   0.596
202606152006,   0.192,9999.000,9999.000,9999.000,9999.000,9999.000,9999.000,9999.000,9999.000
202606152012,   0.158,9999.000,9999.000,9999.000,9999.000,9999.000,9999.000,9999.000,9999.000
202606152018,   0.127,9999.000,9999.000,9999.000,9999.000,9999.000,9999.000,9999.000,9999.000
202606152024,   0.100,9999.000,9999.000,9999.000,9999.000,9999.000,9999.000,9999.000,9999.000
202606152030,   0.077,9999.000,9999.000,9999.000,9999.000,9999.000,9999.000,9999.000,9999.000
202606152036,   0.059,9999.000,9999.000,9999.000,9999.000,9999.000,9999.000,9999.000,9999.000
202606152042,   0.044,9999.000,9999.000,9999.000,9999.000,9999.000,9999.000,9999.000,9999.000
202606152048,   0.034,9999.000,9999.000,9999.000,9999.000,9999.000,9999.000,9999.000,9999.000
202606152054,   0.028,9999.000,9999.000,9999.000,9999.000,9999.000,9999.000,9999.000,9999.000
202606152100,   0.026,9999.000,   0.500,  -0.234,   0.292,   0.400,   0.192,   0.600,   0.392
202606152106,   0.029,9999.000,9999.000,9999.000,9999.000,9999.000,9999.000,9999.000,9999.000
202606152112,   0.036,9999.000,9999.000,9999.000,9999.000,9999.000,9999.000,9999.000,9999.000
202606152118,   0.048,9999.000,9999.000,9999.000,9999.000,9999.000,9999.000,9999.000,9999.000
202606152124,   0.064,9999.000,9999.000,9999.000,9999.000,9999.000,9999.000,9999.000,9999.000
202606152130,   0.085,9999.000,9999.000,9999.000,9999.000,9999.000,9999.000,9999.000,9999.000
202606152136,   0.111,9999.000,9999.000,9999.000,9999.000,9999.000,9999.000,9999.000,9999.000
202606152142,   0.141,9999.000,9999.000,9999.000,9999.000,9999.000,9999.000,9999.000,9999.000
202606152148,   0.176,9999.000,9999.000,9999.000,9999.000,9999.000,9999.000,9999.000,9999.000
202606152154,   0.214,9999.000,9999.000,9999.000,9999.000,9999.000,9999.000,9999.000,9999.000
202606152200,   0.258,9999.000,   0.500,  -0.234,   0.524,   0.400,   0.424,   0.600,   0.624
202606152206,   0.305,9999.000,9999.000,9999.000,9999.000,9999.000,9999.000,9999.000,9999.000
202606152212,   0.356,9999.000,9999.000,9999.000,9999.000,9999.000,9999.000,9999.000,9999.000
202606152218,   0.412,9999.000,9999.000,9999.000,9999.000,9999.000,9999.000,9999.000,9999.000
202606152224,   0.471,9999.000,9999.000,9999.000,9999.000,9999.000,9999.000,9999.000,9999.000
202606152230,   0.533,9999.000,9999.000,9999.000,9999.000,9999.000,9999.000,9999.000,9999.000
202606152236,   0.599,9999.000,9999.000,9999.000,9999.000,9999.000,9999.000,9999.000,9999.000
202606152242,   0.668,9999.000,9999.000,9999.000,9999.000,9999.000,9999.000,9999.000,9999.000
202606152248,   0.739,9999.000,9999.000,9999.000,9999.000,9999.000,9999.000,9999.000,9999.000
202606152254,   0.813,9999.000,9999.000,9999.000,9999.000,9999.000,9999.000,9999.000,9999.000
202606152300,   0.889,9999.000,   0.500,  -0.234,   1.155,   0.400,   1.055,   0.700,   1.355
202606152306,   0.968,9999.000,9999.000,9999.000,9999.000,9999.000,9999.000,9999.000,9999.000
202606152312,   1.048,9999.000,9999.000,9999.000,9999.000,9999.000,9999.000,9999.000,9999.000
202606152318,   1.130,9999.000,9999.000,9999.000,9999.000,9999.000,9999.000,9999.000,9999.000
202606152324,   1.213,9999.000,9999.000,9999.000,9999.000,9999.000,9999.000,9999.000,9999.000
202606152330,   1.298,9999.000,9999.000,9999.000,9999.000,9999.000,9999.000,9999.000,9999.000
202606152336,   1.383,9999.000,9999.000,9999.000,9999.000,9999.000,9999.000,9999.000,9999.000
202606152342,   1.469,9999.000,9999.000,9999.000,9999.000,9999.000,9999.000,9999.000,9999.000
202606152348,   1.556,9999.000,9999.000,9999.000,9999.000,9999.000,9999.000,9999.000,9999.000
202606152354,   1.643,9999.000,9999.000,9999.000,9999.000,9999.000,9999.000,9999.000,9999.000
202606160000,   1.730,9999.000,   0.500,  -0.234,   1.996,   0.400,   1.896,   0.700,   2.196
202606160006,   1.818,9999.000,9999.000,9999.000,9999.000,9999.000,9999.000,9999.000,9999.000
202606160012,   1.905,9999.000,9999.000,9999.000,9999.000,9999.000,9999.000,9999.000,9999.000
202606160018,   1.992,9999.000,9999.000,9999.000,9999.000,9999.000,9999.000,9999.000,9999.000
202606160024,   2.078,9999.000,9999.000,9999.000,9999.000,9999.000,9999.000,9999.000,9999.000
202606160030,   2.165,9999.000,9999.000,9999.000,9999.000,9999.000,9999.000,9999.000,9999.000
202606160036,   2.250,9999.000,9999.000,9999.000,9999.000,9999.000,9999.000,9999.000,9999.000
202606160042,   2.334,9999.000,9999.000,9999.000,9999.000,9999.000,9999.000,9999.000,9999.000
202606160048,   2.418,9999.000,9999.000,9999.000,9999.000,9999.000,9999.000,9999.000,9999.000
202606160054,   2.500,9999.000,9999.000,9999.000,9999.000,9999.000,9999.000,9999.000,9999.000
202606160100,   2.581,9999.000,   0.500,  -0.234,   2.847,   0.400,   2.747,   0.600,   2.947
202606160106,   2.660,9999.000,9999.000,9999.000,9999.000,9999.000,9999.000,9999.000,9999.000
202606160112,   2.738,9999.000,9999.000,9999.000,9999.000,9999.000,9999.000,9999.000,9999.000
202606160118,   2.814,9999.000,9999.000,9999.000,9999.000,9999.000,9999.000,9999.000,9999.000
202606160124,   2.887,9999.000,9999.000,9999.000,9999.000,9999.000,9999.000,9999.000,9999.000
202606160130,   2.958,9999.000,9999.000,9999.000,9999.000,9999.000,9999.000,9999.000,9999.000
202606160136,   3.026,9999.000,9999.000,9999.000,9999.000,9999.000,9999.000,9999.000,9999.000
202606160142,   3.092,9999.000,9999.000,9999.000,9999.000,9999.000,9999.000,9999.000,9999.000
202606160148,   3.154,9999.000,9999.000,9999.000,9999.000,9999.000,9999.000,9999.000,9999.000
202606160154,   3.214,9999.000,9999.000,9999.000,9999.000,9999.000,9999.000,9999.000,9999.000
202606160200,   3.269,9999.000,   0.500,  -0.234,   3.535,   0.400,   3.435,   0.600,   3.635
202606160206,   3.321,9999.000,9999.000,9999.000,9999.000,9999.000,9999.000,9999.000,9999.000
202606160212,   3.370,9999.000,9999.000,9999.000,9999.000,9999.000,9999.000,9999.000,9999.000
202606160218,   3.414,9999.000,9999.000,9999.000,9999.000,9999.000,9999.000,9999.000,9999.000
202606160224,   3.455,9999.000,9999.000,9999.000,9999.000,9999.000,9999.000,9999.000,9999.000
202606160230,   3.491,9999.000,9999.000,9999.000,9999.000,9999.000,9999.000,9999.000,9999.000
202606160236,   3.523,9999.000,9999.000,9999.000,9999.000,9999.000,9999.000,9999.000,9999.000
202606160242,   3.551,9999.000,9999.000,9999.000,9999.000,9999.000,9999.000,9999.000,9999.000
202606160248,   3.574,9999.000,9999.000,9999.000,9999.000,9999.000,9999.000,9999.000,9999.000
202606160254,   3.594,9999.000,9999.000,9999.000,9999.000,9999.000,9999.000,9999.000,9999.000
202606160300,   3.609,9999.000,   0.500,  -0.234,   3.875,   0.400,   3.775,   0.600,   3.975
202606160306,   3.620,9999.000,9999.000,9999.000,9999.000,9999.000,9999.000,9999.000,9999.000
202606160312,   3.627,9999.000,9999.000,9999.000,9999.000,9999.000,9999.000,9999.000,9999.000
202606160318,   3.630,9999.000,9999.000,9999.000,9999.000,9999.000,9999.000,9999.000,9999.000
202606160324,   3.629,9999.000,9999.000,9999.000,9999.000,9999.000,9999.000,9999.000,9999.000
202606160330,   3.625,9999.000,9999.000,9999.000,9999.000,9999.000,9999.000,9999.000,9999.000
202606160336,   3.617,9999.000,9999.000,9999.000,9999.000,9999.000,9999.000,9999.000,9999.000
202606160342,   3.605,9999.000,9999.000,9999.000,9999.000,9999.000,9999.000,9999.000,9999.000
202606160348,   3.590,9999.000,9999.000,9999.000,9999.000,9999.000,9999.000,9999.000,9999.000
202606160354,   3.572,9999.000,9999.000,9999.000,9999.000,9999.000,9999.000,9999.000,9999.000
202606160400,   3.551,9999.000,   0.500,  -0.234,   3.817,   0.400,   3.717,   0.600,   3.917
202606160406,   3.527,9999.000,9999.000,9999.000,9999.000,9999.000,9999.000,9999.000,9999.000
202606160412,   3.500,9999.000,9999.000,9999.000,9999.000,9999.000,9999.000,9999.000,9999.000
202606160418,   3.470,9999.000,9999.000,9999.000,9999.000,9999.000,9999.000,9999.000,9999.000
202606160424,   3.437,9999.000,9999.000,9999.000,9999.000,9999.000,9999.000,9999.000,9999.000
202606160430,   3.401,9999.000,9999.000,9999.000,9999.000,9999.000,9999.000,9999.000,9999.000
202606160436,   3.362,9999.000,9999.000,9999.000,9999.000,9999.000,9999.000,9999.000,9999.000
202606160442,   3.321,9999.000,9999.000,9999.000,9999.000,9999.000,9999.000,9999.000,9999.000
202606160448,   3.276,9999.000,9999.000,9999.000,9999.000,9999.000,9999.000,9999.000,9999.000
202606160454,   3.229,9999.000,9999.000,9999.000,9999.000,9999.000,9999.000,9999.000,9999.000
202606160500,   3.178,9999.000,   0.500,  -0.234,   3.444,   0.300,   3.244,   0.600,   3.544
202606160506,   3.125,9999.000,9999.000,9999.000,9999.000,9999.000,9999.000,9999.000,9999.000
202606160512,   3.068,9999.000,9999.000,9999.000,9999.000,9999.000,9999.000,9999.000,9999.000
202606160518,   3.009,9999.000,9999.000,9999.000,9999.000,9999.000,9999.000,9999.000,9999.000
202606160524,   2.947,9999.000,9999.000,9999.000,9999.000,9999.000,9999.000,9999.000,9999.000
202606160530,   2.881,9999.000,9999.000,9999.000,9999.000,9999.000,9999.000,9999.000,9999.000
202606160536,   2.813,9999.000,9999.000,9999.000,9999.000,9999.000,9999.000,9999.000,9999.000
202606160542,   2.741,9999.000,9999.000,9999.000,9999.000,9999.000,9999.000,9999.000,9999.000
202606160548,   2.667,9999.000,9999.000,9999.000,9999.000,9999.000,9999.000,9999.000,9999.000
202606160554,   2.590,9999.000,9999.000,9999.000,9999.000,9999.000,9999.000,9999.000,9999.000
202606160600,   2.510,9999.000,   0.400,  -0.234,   2.676,   0.300,   2.576,   0.600,   2.876
202606160606,   2.428,9999.000,9999.000,9999.000,9999.000,9999.000,9999.000,9999.000,9999.000
202606160612,   2.343,9999.000,9999.000,9999.000,9999.000,9999.000,9999.000,9999.000,9999.000
202606160618,   2.257,9999.000,9999.000,9999.000,9999.000,9999.000,9999.000,9999.000,9999.000
202606160624,   2.168,9999.000,9999.000,9999.000,9999.000,9999.000,9999.000,9999.000,9999.000
202606160630,   2.078,9999.000,9999.000,9999.000,9999.000,9999.000,9999.000,9999.000,9999.000
202606160636,   1.987,9999.000,9999.000,9999.000,9999.000,9999.000,9999.000,9999.000,9999.000
202606160642,   1.895,9999.000,9999.000,9999.000,9999.000,9999.000,9999.000,9999.000,9999.000
202606160648,   1.802,9999.000,9999.000,9999.000,9999.000,9999.000,9999.000,9999.000,9999.000
202606160654,   1.709,9999.000,9999.000,9999.000,9999.000,9999.000,9999.000,9999.000,9999.000
202606160700,   1.615,9999.000,   0.400,  -0.234,   1.781,   0.300,   1.681,   0.500,   1.881
202606160706,   1.522,9999.000,9999.000,9999.000,9999.000,9999.000,9999.000,9999.000,9999.000
202606160712,   1.429,9999.000,9999.000,9999.000,9999.000,9999.000,9999.000,9999.000,9999.000
202606160718,   1.337,9999.000,9999.000,9999.000,9999.000,9999.000,9999.000,9999.000,9999.000
202606160724,   1.247,9999.000,9999.000,9999.000,9999.000,9999.000,9999.000,9999.000,9999.000
202606160730,   1.158,9999.000,9999.000,9999.000,9999.000,9999.000,9999.000,9999.000,9999.000
202606160736,   1.070,9999.000,9999.000,9999.000,9999.000,9999.000,9999.000,9999.000,9999.000
202606160742,   0.984,9999.000,9999.000,9999.000,9999.000,9999.000,9999.000,9999.000,9999.000
202606160748,   0.901,9999.000,9999.000,9999.000,9999.000,9999.000,9999.000,9999.000,9999.000
202606160754,   0.820,9999.000,9999.000,9999.000,9999.000,9999.000,9999.000,9999.000,9999.000
202606160800,   0.741,9999.000,   0.400,  -0.234,   0.907,   0.300,   0.807,   0.500,   1.007
202606160806,   0.665,9999.000,9999.000,9999.000,9999.000,9999.000,9999.000,9999.000,9999.000
202606160812,   0.592,9999.000,9999.000,9999.000,9999.000,9999.000,9999.000,9999.000,9999.000
202606160818,   0.523,9999.000,9999.000,9999.000,9999.000,9999.000,9999.000,9999.000,9999.000
202606160824,   0.456,9999.000,9999.000,9999.000,9999.000,9999.000,9999.000,9999.000,9999.000
202606160830,   0.393,9999.000,9999.000,9999.000,9999.000,9999.000,9999.000,9999.000,9999.000
202606160836,   0.333,9999.000,9999.000,9999.000,9999.000,9999.000,9999.000,9999.000,9999.000
202606160842,   0.276,9999.000,9999.000,9999.000,9999.000,9999.000,9999.000,9999.000,9999.000
202606160848,   0.224,9999.000,9999.000,9999.000,9999.000,9999.000,9999.000,9999.000,9999.000
202606160854,   0.175,9999.000,9999.000,9999.000,9999.000,9999.000,9999.000,9999.000,9999.000
202606160900,   0.130,9999.000,   0.400,  -0.234,   0.296,   0.300,   0.196,   0.500,   0.396
202606160906,   0.089,9999.000,9999.000,9999.000,9999.000,9999.000,9999.000,9999.000,9999.000
202606160912,   0.052,9999.000,9999.000,9999.000,9999.000,9999.000,9999.000,9999.000,9999.000
202606160918,   0.019,9999.000,9999.000,9999.000,9999.000,9999.000,9999.000,9999.000,9999.000
202606160924,  -0.008,9999.000,9999.000,9999.000,9999.000,9999.000,9999.000,9999.000,9999.000
202606160930,  -0.032,9999.000,9999.000,9999.000,9999.000,9999.000,9999.000,9999.000,9999.000
202606160936,  -0.052,9999.000,9999.000,9999.000,9999.000,9999.000,9999.000,9999.000,9999.000
202606160942,  -0.067,9999.000,9999.000,9999.000,9999.000,9999.000,9999.000,9999.000,9999.000
202606160948,  -0.077,9999.000,9999.000,9999.000,9999.000,9999.000,9999.000,9999.000,9999.000
202606160954,  -0.083,9999.000,9999.000,9999.000,9999.000,9999.000,9999.000,9999.000,9999.000
202606161000,  -0.085,9999.000,   0.400,  -0.234,   0.081,   0.300,  -0.019,   0.600,   0.281
202606161006,  -0.082,9999.000,9999.000,9999.000,9999.000,9999.000,9999.000,9999.000,9999.000
202606161012,  -0.074,9999.000,9999.000,9999.000,9999.000,9999.000,9999.000,9999.000,9999.000
202606161018,  -0.062,9999.000,9999.000,9999.000,9999.000,9999.000,9999.000,9999.000,9999.000
202606161024,  -0.045,9999.000,9999.000,9999.000,9999.000,9999.000,9999.000,9999.000,9999.000
202606161030,  -0.024,9999.000,9999.000,9999.000,9999.000,9999.000,9999.000,9999.000,9999.000
202606161036,   0.000,9999.000,9999.000,9999.000,9999.000,9999.000,9999.000,9999.000,9999.000
202606161042,   0.030,9999.000,9999.000,9999.000,9999.000,9999.000,9999.000,9999.000,9999.000
202606161048,   0.064,9999.000,9999.000,9999.000,9999.000,9999.000,9999.000,9999.000,9999.000
202606161054,   0.101,9999.000,9999.000,9999.000,9999.000,9999.000,9999.000,9999.000,9999.000
202606161100,   0.142,9999.000,   0.500,  -0.234,   0.408,   0.300,   0.208,   0.600,   0.508
202606161106,   0.187,9999.000,9999.000,9999.000,9999.000,9999.000,9999.000,9999.000,9999.000
202606161112,   0.234,9999.000,9999.000,9999.000,9999.000,9999.000,9999.000,9999.000,9999.000
202606161118,   0.285,9999.000,9999.000,9999.000,9999.000,9999.000,9999.000,9999.000,9999.000
202606161124,   0.339,9999.000,9999.000,9999.000,9999.000,9999.000,9999.000,9999.000,9999.000
202606161130,   0.395,9999.000,9999.000,9999.000,9999.000,9999.000,9999.000,9999.000,9999.000
202606161136,   0.454,9999.000,9999.000,9999.000,9999.000,9999.000,9999.000,9999.000,9999.000
202606161142,   0.515,9999.000,9999.000,9999.000,9999.000,9999.000,9999.000,9999.000,9999.000
202606161148,   0.578,9999.000,9999.000,9999.000,9999.000,9999.000,9999.000,9999.000,9999.000
202606161154,   0.643,9999.000,9999.000,9999.000,9999.000,9999.000,9999.000,9999.000,9999.000
202606161200,   0.709,9999.000,   0.500,  -0.234,   0.975,   0.400,   0.875,   0.600,   1.075
202606161206,   0.777,9999.000,9999.000,9999.000,9999.000,9999.000,9999.000,9999.000,9999.000
202606161212,   0.845,9999.000,9999.000,9999.000,9999.000,9999.000,9999.000,9999.000,9999.000
202606161218,   0.915,9999.000,9999.000,9999.000,9999.000,9999.000,9999.000,9999.000,9999.000
202606161224,   0.986,9999.000,9999.000,9999.000,9999.000,9999.000,9999.000,9999.000,9999.000
202606161230,   1.057,9999.000,9999.000,9999.000,9999.000,9999.000,9999.000,9999.000,9999.000
202606161236,   1.129,9999.000,9999.000,9999.000,9999.000,9999.000,9999.000,9999.000,9999.000
202606161242,   1.201,9999.000,9999.000,9999.000,9999.000,9999.000,9999.000,9999.000,9999.000
202606161248,   1.273,9999.000,9999.000,9999.000,9999.000,9999.000,9999.000,9999.000,9999.000
202606161254,   1.346,9999.000,9999.000,9999.000,9999.000,9999.000,9999.000,9999.000,9999.000
202606161300,   1.418,9999.000,   0.500,  -0.234,   1.684,   0.400,   1.584,   0.600,   1.784
202606161306,   1.490,9999.000,9999.000,9999.000,9999.000,9999.000,9999.000,9999.000,9999.000
202606161312,   1.561,9999.000,9999.000,9999.000,9999.000,9999.000,9999.000,9999.000,9999.000
202606161318,   1.632,9999.000,9999.000,9999.000,9999.000,9999.000,9999.000,9999.000,9999.000
202606161324,   1.702,9999.000,9999.000,9999.000,9999.000,9999.000,9999.000,9999.000,9999.000
202606161330,   1.771,9999.000,9999.000,9999.000,9999.000,9999.000,9999.000,9999.000,9999.000
202606161336,   1.839,9999.000,9999.000,9999.000,9999.000,9999.000,9999.000,9999.000,9999.000
202606161342,   1.906,9999.000,9999.000,9999.000,9999.000,9999.000,9999.000,9999.000,9999.000
202606161348,   1.971,9999.000,9999.000,9999.000,9999.000,9999.000,9999.000,9999.000,9999.000
202606161354,   2.034,9999.000,9999.000,9999.000,9999.000,9999.000,9999.000,9999.000,9999.000
202606161400,   2.095,9999.000,   0.500,  -0.234,   2.361,   0.400,   2.261,   0.700,   2.561
202606161406,   2.154,9999.000,9999.000,9999.000,9999.000,9999.000,9999.000,9999.000,9999.000
202606161412,   2.211,9999.000,9999.000,9999.000,9999.000,9999.000,9999.000,9999.000,9999.000
202606161418,   2.265,9999.000,9999.000,9999.000,9999.000,9999.000,9999.000,9999.000,9999.000
202606161424,   2.316,9999.000,9999.000,9999.000,9999.000,9999.000,9999.000,9999.000,9999.000
202606161430,   2.364,9999.000,9999.000,9999.000,9999.000,9999.000,9999.000,9999.000,9999.000
202606161436,   2.410,9999.000,9999.000,9999.000,9999.000,9999.000,9999.000,9999.000,9999.000
202606161442,   2.452,9999.000,9999.000,9999.000,9999.000,9999.000,9999.000,9999.000,9999.000
202606161448,   2.491,9999.000,9999.000,9999.000,9999.000,9999.000,9999.000,9999.000,9999.000
202606161454,   2.526,9999.000,9999.000,9999.000,9999.000,9999.000,9999.000,9999.000,9999.000
202606161500,   2.558,9999.000,   0.600,  -0.234,   2.924,   0.400,   2.724,   0.700,   3.024
202606161506,   2.586,9999.000,9999.000,9999.000,9999.000,9999.000,9999.000,9999.000,9999.000
202606161512,   2.611,9999.000,9999.000,9999.000,9999.000,9999.000,9999.000,9999.000,9999.000
202606161518,   2.633,9999.000,9999.000,9999.000,9999.000,9999.000,9999.000,9999.000,9999.000
202606161524,   2.651,9999.000,9999.000,9999.000,9999.000,9999.000,9999.000,9999.000,9999.000
202606161530,   2.665,9999.000,9999.000,9999.000,9999.000,9999.000,9999.000,9999.000,9999.000
202606161536,   2.676,9999.000,9999.000,9999.000,9999.000,9999.000,9999.000,9999.000,9999.000
202606161542,   2.684,9999.000,9999.000,9999.000,9999.000,9999.000,9999.000,9999.000,9999.000
202606161548,   2.689,9999.000,9999.000,9999.000,9999.000,9999.000,9999.000,9999.000,9999.000
202606161554,   2.691,9999.000,9999.000,9999.000,9999.000,9999.000,9999.000,9999.000,9999.000
202606161600,   2.690,9999.000,   0.600,  -0.234,   3.056,   0.400,   2.856,   0.700,   3.156
202606161606,   2.686,9999.000,9999.000,9999.000,9999.000,9999.000,9999.000,9999.000,9999.000
202606161612,   2.680,9999.000,9999.000,9999.000,9999.000,9999.000,9999.000,9999.000,9999.000
202606161618,   2.670,9999.000,9999.000,9999.000,9999.000,9999.000,9999.000,9999.000,9999.000
202606161624,   2.659,9999.000,9999.000,9999.000,9999.000,9999.000,9999.000,9999.000,9999.000
202606161630,   2.644,9999.000,9999.000,9999.000,9999.000,9999.000,9999.000,9999.000,9999.000
202606161636,   2.627,9999.000,9999.000,9999.000,9999.000,9999.000,9999.000,9999.000,9999.000
202606161642,   2.608,9999.000,9999.000,9999.000,9999.000,9999.000,9999.000,9999.000,9999.000
202606161648,   2.587,9999.000,9999.000,9999.000,9999.000,9999.000,9999.000,9999.000,9999.000
202606161654,   2.563,9999.000,9999.000,9999.000,9999.000,9999.000,9999.000,9999.000,9999.000
202606161700,   2.536,9999.000,   0.600,  -0.234,   2.902,   0.400,   2.702,   0.700,   3.002
202606161706,   2.507,9999.000,9999.000,9999.000,9999.000,9999.000,9999.000,9999.000,9999.000
202606161712,   2.476,9999.000,9999.000,9999.000,9999.000,9999.000,9999.000,9999.000,9999.000
202606161718,   2.442,9999.000,9999.000,9999.000,9999.000,9999.000,9999.000,9999.000,9999.000
202606161724,   2.405,9999.000,9999.000,9999.000,9999.000,9999.000,9999.000,9999.000,9999.000
202606161730,   2.366,9999.000,9999.000,9999.000,9999.000,9999.000,9999.000,9999.000,9999.000
202606161736,   2.324,9999.000,9999.000,9999.000,9999.000,9999.000,9999.000,9999.000,9999.000
202606161742,   2.280,9999.000,9999.000,9999.000,9999.000,9999.000,9999.000,9999.000,9999.000
202606161748,   2.233,9999.000,9999.000,9999.000,9999.000,9999.000,9999.000,9999.000,9999.000
202606161754,   2.183,9999.000,9999.000,9999.000,9999.000,9999.000,9999.000,9999.000,9999.000
202606161800,   2.130,9999.000,   0.600,  -0.234,   2.496,   0.500,   2.396,   0.700,   2.596
202606161806,   2.075,9999.000,9999.000,9999.000,9999.000,9999.000,9999.000,9999.000,9999.000
202606161812,   2.017,9999.000,9999.000,9999.000,9999.000,9999.000,9999.000,9999.000,9999.000
202606161818,   1.957,9999.000,9999.000,9999.000,9999.000,9999.000,9999.000,9999.000,9999.000
202606161824,   1.895,9999.000,9999.000,9999.000,9999.000,9999.000,9999.000,9999.000,9999.000
202606161830,   1.830,9999.000,9999.000,9999.000,9999.000,9999.000,9999.000,9999.000,9999.000
202606161836,   1.763,9999.000,9999.000,9999.000,9999.000,9999.000,9999.000,9999.000,9999.000
202606161842,   1.695,9999.000,9999.000,9999.000,9999.000,9999.000,9999.000,9999.000,9999.000
202606161848,   1.625,9999.000,9999.000,9999.000,9999.000,9999.000,9999.000,9999.000,9999.000
202606161854,   1.554,9999.000,9999.000,9999.000,9999.000,9999.000,9999.000,9999.000,9999.000
202606161900,   1.482,9999.000,   0.600,  -0.234,   1.848,   0.500,   1.748,   0.700,   1.948
202606161906,   1.409,9999.000,9999.000,9999.000,9999.000,9999.000,9999.000,9999.000,9999.000
202606161912,   1.336,9999.000,9999.000,9999.000,9999.000,9999.000,9999.000,9999.000,9999.000
202606161918,   1.263,9999.000,9999.000,9999.000,9999.000,9999.000,9999.000,9999.000,9999.000
202606161924,   1.190,9999.000,9999.000,9999.000,9999.000,9999.000,9999.000,9999.000,9999.000
202606161930,   1.117,9999.000,9999.000,9999.000,9999.000,9999.000,9999.000,9999.000,9999.000
202606161936,   1.046,9999.000,9999.000,9999.000,9999.000,9999.000,9999.000,9999.000,9999.000
202606161942,   0.975,9999.000,9999.000,9999.000,9999.000,9999.000,9999.000,9999.000,9999.000
202606161948,   0.906,9999.000,9999.000,9999.000,9999.000,9999.000,9999.000,9999.000,9999.000
202606161954,   0.838,9999.000,9999.000,9999.000,9999.000,9999.000,9999.000,9999.000,9999.000
202606162000,   0.773,9999.000,   0.600,  -0.234,   1.139,   0.500,   1.039,   0.700,   1.239
202606162006,   0.709,9999.000,9999.000,9999.000,9999.000,9999.000,9999.000,9999.000,9999.000
202606162012,   0.647,9999.000,9999.000,9999.000,9999.000,9999.000,9999.000,9999.000,9999.000
202606162018,   0.588,9999.000,9999.000,9999.000,9999.000,9999.000,9999.000,9999.000,9999.000
202606162024,   0.532,9999.000,9999.000,9999.000,9999.000,9999.000,9999.000,9999.000,9999.000
202606162030,   0.479,9999.000,9999.000,9999.000,9999.000,9999.000,9999.000,9999.000,9999.000
202606162036,   0.428,9999.000,9999.000,9999.000,9999.000,9999.000,9999.000,9999.000,9999.000
202606162042,   0.380,9999.000,9999.000,9999.000,9999.000,9999.000,9999.000,9999.000,9999.000
202606162048,   0.336,9999.000,9999.000,9999.000,9999.000,9999.000,9999.000,9999.000,9999.000
202606162054,   0.295,9999.000,9999.000,9999.000,9999.000,9999.000,9999.000,9999.000,9999.000
202606162100,   0.257,9999.000,   0.600,  -0.234,   0.623,   0.500,   0.523,   0.700,   0.723
202606162106,   0.222,9999.000,9999.000,9999.000,9999.000,9999.000,9999.000,9999.000,9999.000
202606162112,   0.191,9999.000,9999.000,9999.000,9999.000,9999.000,9999.000,9999.000,9999.000
202606162118,   0.164,9999.000,9999.000,9999.000,9999.000,9999.000,9999.000,9999.000,9999.000
202606162124,   0.140,9999.000,9999.000,9999.000,9999.000,9999.000,9999.000,9999.000,9999.000
202606162130,   0.120,9999.000,9999.000,9999.000,9999.000,9999.000,9999.000,9999.000,9999.000
202606162136,   0.104,9999.000,9999.000,9999.000,9999.000,9999.000,9999.000,9999.000,9999.000
202606162142,   0.092,9999.000,9999.000,9999.000,9999.000,9999.000,9999.000,9999.000,9999.000
202606162148,   0.084,9999.000,9999.000,9999.000,9999.000,9999.000,9999.000,9999.000,9999.000
202606162154,   0.080,9999.000,9999.000,9999.000,9999.000,9999.000,9999.000,9999.000,9999.000
202606162200,   0.080,9999.000,   0.600,  -0.234,   0.446,   0.500,   0.346,   0.700,   0.546
202606162206,   0.084,9999.000,9999.000,9999.000,9999.000,9999.000,9999.000,9999.000,9999.000
202606162212,   0.093,9999.000,9999.000,9999.000,9999.000,9999.000,9999.000,9999.000,9999.000
202606162218,   0.106,9999.000,9999.000,9999.000,9999.000,9999.000,9999.000,9999.000,9999.000
202606162224,   0.123,9999.000,9999.000,9999.000,9999.000,9999.000,9999.000,9999.000,9999.000
202606162230,   0.145,9999.000,9999.000,9999.000,9999.000,9999.000,9999.000,9999.000,9999.000
202606162236,   0.171,9999.000,9999.000,9999.000,9999.000,9999.000,9999.000,9999.000,9999.000
202606162242,   0.201,9999.000,9999.000,9999.000,9999.000,9999.000,9999.000,9999.000,9999.000
202606162248,   0.235,9999.000,9999.000,9999.000,9999.000,9999.000,9999.000,9999.000,9999.000
202606162254,   0.274,9999.000,9999.000,9999.000,9999.000,9999.000,9999.000,9999.000,9999.000
202606162300,   0.317,9999.000,   0.600,  -0.234,   0.683,   0.400,   0.483,   0.700,   0.783
202606162306,   0.364,9999.000,9999.000,9999.000,9999.000,9999.000,9999.000,9999.000,9999.000
202606162312,   0.415,9999.000,9999.000,9999.000,9999.000,9999.000,9999.000,9999.000,9999.000
202606162318,   0.469,9999.000,9999.000,9999.000,9999.000,9999.000,9999.000,9999.000,9999.000
202606162324,   0.527,9999.000,9999.000,9999.000,9999.000,9999.000,9999.000,9999.000,9999.000
202606162330,   0.588,9999.000,9999.000,9999.000,9999.000,9999.000,9999.000,9999.000,9999.000
202606162336,   0.653,9999.000,9999.000,9999.000,9999.000,9999.000,9999.000,9999.000,9999.000
202606162342,   0.720,9999.000,9999.000,9999.000,9999.000,9999.000,9999.000,9999.000,9999.000
202606162348,   0.790,9999.000,9999.000,9999.000,9999.000,9999.000,9999.000,9999.000,9999.000
202606162354,   0.862,9999.000,9999.000,9999.000,9999.000,9999.000,9999.000,9999.000,9999.000
202606170000,   0.937,9999.000,   0.600,  -0.234,   1.303,   0.400,   1.103,   0.700,   1.403
202606170006,   1.014,9999.000,9999.000,9999.000,9999.000,9999.000,9999.000,9999.000,9999.000
202606170012,   1.092,9999.000,9999.000,9999.000,9999.000,9999.000,9999.000,9999.000,9999.000
202606170018,   1.172,9999.000,9999.000,9999.000,9999.000,9999.000,9999.000,9999.000,9999.000
202606170024,   1.253,9999.000,9999.000,9999.000,9999.000,9999.000,9999.000,9999.000,9999.000
202606170030,   1.336,9999.000,9999.000,9999.000,9999.000,9999.000,9999.000,9999.000,9999.000
202606170036,   1.419,9999.000,9999.000,9999.000,9999.000,9999.000,9999.000,9999.000,9999.000
202606170042,   1.503,9999.000,9999.000,9999.000,9999.000,9999.000,9999.000,9999.000,9999.000
202606170048,   1.587,9999.000,9999.000,9999.000,9999.000,9999.000,9999.000,9999.000,9999.000
202606170054,   1.671,9999.000,9999.000,9999.000,9999.000,9999.000,9999.000,9999.000,9999.000
202606170100,   1.756,9999.000,   0.600,  -0.234,   2.122,   0.400,   1.922,   0.700,   2.222
202606170106,   1.841,9999.000,9999.000,9999.000,9999.000,9999.000,9999.000,9999.000,9999.000
202606170112,   1.925,9999.000,9999.000,9999.000,9999.000,9999.000,9999.000,9999.000,9999.000
202606170118,   2.009,9999.000,9999.000,9999.000,9999.000,9999.000,9999.000,9999.000,9999.000
202606170124,   2.092,9999.000,9999.000,9999.000,9999.000,9999.000,9999.000,9999.000,9999.000
202606170130,   2.175,9999.000,9999.000,9999.000,9999.000,9999.000,9999.000,9999.000,9999.000
202606170136,   2.256,9999.000,9999.000,9999.000,9999.000,9999.000,9999.000,9999.000,9999.000
202606170142,   2.337,9999.000,9999.000,9999.000,9999.000,9999.000,9999.000,9999.000,9999.000
202606170148,   2.416,9999.000,9999.000,9999.000,9999.000,9999.000,9999.000,9999.000,9999.000
202606170154,   2.494,9999.000,9999.000,9999.000,9999.000,9999.000,9999.000,9999.000,9999.000
202606170200,   2.571,9999.000,   0.500,  -0.234,   2.837,   0.400,   2.737,   0.700,   3.037
202606170206,   2.645,9999.000,9999.000,9999.000,9999.000,9999.000,9999.000,9999.000,9999.000
202606170212,   2.718,9999.000,9999.000,9999.000,9999.000,9999.000,9999.000,9999.000,9999.000
202606170218,   2.788,9999.000,9999.000,9999.000,9999.000,9999.000,9999.000,9999.000,9999.000
202606170224,   2.856,9999.000,9999.000,9999.000,9999.000,9999.000,9999.000,9999.000,9999.000
202606170230,   2.921,9999.000,9999.000,9999.000,9999.000,9999.000,9999.000,9999.000,9999.000
202606170236,   2.983,9999.000,9999.000,9999.000,9999.000,9999.000,9999.000,9999.000,9999.000
202606170242,   3.043,9999.000,9999.000,9999.000,9999.000,9999.000,9999.000,9999.000,9999.000
202606170248,   3.099,9999.000,9999.000,9999.000,9999.000,9999.000,9999.000,9999.000,9999.000
202606170254,   3.152,9999.000,9999.000,9999.000,9999.000,9999.000,9999.000,9999.000,9999.000
202606170300,   3.201,9999.000,   0.500,  -0.234,   3.467,   0.400,   3.367,   0.600,   3.567
202606170306,   3.247,9999.000,9999.000,9999.000,9999.000,9999.000,9999.000,9999.000,9999.000
202606170312,   3.289,9999.000,9999.000,9999.000,9999.000,9999.000,9999.000,9999.000,9999.000
202606170318,   3.328,9999.000,9999.000,9999.000,9999.000,9999.000,9999.000,9999.000,9999.000
202606170324,   3.363,9999.000,9999.000,9999.000,9999.000,9999.000,9999.000,9999.000,9999.000
202606170330,   3.393,9999.000,9999.000,9999.000,9999.000,9999.000,9999.000,9999.000,9999.000
202606170336,   3.420,9999.000,9999.000,9999.000,9999.000,9999.000,9999.000,9999.000,9999.000
202606170342,   3.443,9999.000,9999.000,9999.000,9999.000,9999.000,9999.000,9999.000,9999.000
202606170348,   3.462,9999.000,9999.000,9999.000,9999.000,9999.000,9999.000,9999.000,9999.000
202606170354,   3.478,9999.000,9999.000,9999.000,9999.000,9999.000,9999.000,9999.000,9999.000
202606170400,   3.489,9999.000,   0.500,  -0.234,   3.755,   0.400,   3.655,   0.600,   3.855
202606170406,   3.497,9999.000,9999.000,9999.000,9999.000,9999.000,9999.000,9999.000,9999.000
202606170412,   3.501,9999.000,9999.000,9999.000,9999.000,9999.000,9999.000,9999.000,9999.000
202606170418,   3.502,9999.000,9999.000,9999.000,9999.000,9999.000,9999.000,9999.000,9999.000
202606170424,   3.499,9999.000,9999.000,9999.000,9999.000,9999.000,9999.000,9999.000,9999.000
202606170430,   3.493,9999.000,9999.000,9999.000,9999.000,9999.000,9999.000,9999.000,9999.000
202606170436,   3.484,9999.000,9999.000,9999.000,9999.000,9999.000,9999.000,9999.000,9999.000
202606170442,   3.471,9999.000,9999.000,9999.000,9999.000,9999.000,9999.000,9999.000,9999.000
202606170448,   3.456,9999.000,9999.000,9999.000,9999.000,9999.000,9999.000,9999.000,9999.000
202606170454,   3.437,9999.000,9999.000,9999.000,9999.000,9999.000,9999.000,9999.000,9999.000
202606170500,   3.415,9999.000,   0.500,  -0.234,   3.681,   0.400,   3.581,   0.600,   3.781
202606170506,   3.390,9999.000,9999.000,9999.000,9999.000,9999.000,9999.000,9999.000,9999.000
202606170512,   3.362,9999.000,9999.000,9999.000,9999.000,9999.000,9999.000,9999.000,9999.000
202606170518,   3.332,9999.000,9999.000,9999.000,9999.000,9999.000,9999.000,9999.000,9999.000
202606170524,   3.298,9999.000,9999.000,9999.000,9999.000,9999.000,9999.000,9999.000,9999.000
202606170530,   3.261,9999.000,9999.000,9999.000,9999.000,9999.000,9999.000,9999.000,9999.000
202606170536,   3.221,9999.000,9999.000,9999.000,9999.000,9999.000,9999.000,9999.000,9999.000
202606170542,   3.178,9999.000,9999.000,9999.000,9999.000,9999.000,9999.000,9999.000,9999.000
202606170548,   3.132,9999.000,9999.000,9999.000,9999.000,9999.000,9999.000,9999.000,9999.000
202606170554,   3.083,9999.000,9999.000,9999.000,9999.000,9999.000,9999.000,9999.000,9999.000
202606170600,   3.030,9999.000,   0.500,  -0.234,   3.296,   0.400,   3.196,   0.600,   3.396
202606170606,   2.974,9999.000,9999.000,9999.000,9999.000,9999.000,9999.000,9999.000,9999.000
202606170612,   2.916,9999.000,9999.000,9999.000,9999.000,9999.000,9999.000,9999.000,9999.000
202606170618,   2.854,9999.000,9999.000,9999.000,9999.000,9999.000,9999.000,9999.000,9999.000
202606170624,   2.788,9999.000,9999.000,9999.000,9999.000,9999.000,9999.000,9999.000,9999.000
202606170630,   2.720,9999.000,9999.000,9999.000,9999.000,9999.000,9999.000,9999.000,9999.000
202606170636,   2.649,9999.000,9999.000,9999.000,9999.000,9999.000,9999.000,9999.000,9999.000
202606170642,   2.575,9999.000,9999.000,9999.000,9999.000,9999.000,9999.000,9999.000,9999.000
202606170648,   2.499,9999.000,9999.000,9999.000,9999.000,9999.000,9999.000,9999.000,9999.000
202606170654,   2.419,9999.000,9999.000,9999.000,9999.000,9999.000,9999.000,9999.000,9999.000
202606170700,   2.338,9999.000,   0.500,  -0.234,   2.604,   0.400,   2.504,   0.600,   2.704
202606170706,   2.255,9999.000,9999.000,9999.000,9999.000,9999.000,9999.000,9999.000,9999.000
202606170712,   2.169,9999.000,9999.000,9999.000,9999.000,9999.000,9999.000,9999.000,9999.000
202606170718,   2.083,9999.000,9999.000,9999.000,9999.000,9999.000,9999.000,9999.000,9999.000
202606170724,   1.995,9999.000,9999.000,9999.000,9999.000,9999.000,9999.000,9999.000,9999.000
202606170730,   1.906,9999.000,9999.000,9999.000,9999.000,9999.000,9999.000,9999.000,9999.000
202606170736,   1.816,9999.000,9999.000,9999.000,9999.000,9999.000,9999.000,9999.000,9999.000
202606170742,   1.726,9999.000,9999.000,9999.000,9999.000,9999.000,9999.000,9999.000,9999.000
202606170748,   1.636,9999.000,9999.000,9999.000,9999.000,9999.000,9999.000,9999.000,9999.000
202606170754,   1.546,9999.000,9999.000,9999.000,9999.000,9999.000,9999.000,9999.000,9999.000
202606170800,   1.457,9999.000,   0.500,  -0.234,   1.723,   0.400,   1.623,   0.600,   1.823
202606170806,   1.369,9999.000,9999.000,9999.000,9999.000,9999.000,9999.000,9999.000,9999.000
202606170812,   1.282,9999.000,9999.000,9999.000,9999.000,9999.000,9999.000,9999.000,9999.000
202606170818,   1.196,9999.000,9999.000,9999.000,9999.000,9999.000,9999.000,9999.000,9999.000
202606170824,   1.111,9999.000,9999.000,9999.000,9999.000,9999.000,9999.000,9999.000,9999.000
202606170830,   1.029,9999.000,9999.000,9999.000,9999.000,9999.000,9999.000,9999.000,9999.000
202606170836,   0.948,9999.000,9999.000,9999.000,9999.000,9999.000,9999.000,9999.000,9999.000
202606170842,   0.870,9999.000,9999.000,9999.000,9999.000,9999.000,9999.000,9999.000,9999.000
202606170848,   0.794,9999.000,9999.000,9999.000,9999.000,9999.000,9999.000,9999.000,9999.000
202606170854,   0.721,9999.000,9999.000,9999.000,9999.000,9999.000,9999.000,9999.000,9999.000
202606170900,   0.650,9999.000,   0.500,  -0.234,   0.916,   0.400,   0.816,   0.600,   1.016
202606170906,   0.582,9999.000,9999.000,9999.000,9999.000,9999.000,9999.000,9999.000,9999.000
202606170912,   0.516,9999.000,9999.000,9999.000,9999.000,9999.000,9999.000,9999.000,9999.000
202606170918,   0.454,9999.000,9999.000,9999.000,9999.000,9999.000,9999.000,9999.000,9999.000
202606170924,   0.395,9999.000,9999.000,9999.000,9999.000,9999.000,9999.000,9999.000,9999.000
202606170930,   0.339,9999.000,9999.000,9999.000,9999.000,9999.000,9999.000,9999.000,9999.000
202606170936,   0.286,9999.000,9999.000,9999.000,9999.000,9999.000,9999.000,9999.000,9999.000
202606170942,   0.236,9999.000,9999.000,9999.000,9999.000,9999.000,9999.000,9999.000,9999.000
202606170948,   0.190,9999.000,9999.000,9999.000,9999.000,9999.000,9999.000,9999.000,9999.000
202606170954,   0.148,9999.000,9999.000,9999.000,9999.000,9999.000,9999.000,9999.000,9999.000
202606171000,   0.109,9999.000,   0.500,  -0.234,   0.375,   0.400,   0.275,   0.700,   0.575
202606171006,   0.074,9999.000,9999.000,9999.000,9999.000,9999.000,9999.000,9999.000,9999.000
202606171012,   0.043,9999.000,9999.000,9999.000,9999.000,9999.000,9999.000,9999.000,9999.000
202606171018,   0.016,9999.000,9999.000,9999.000,9999.000,9999.000,9999.000,9999.000,9999.000
202606171024,  -0.006,9999.000,9999.000,9999.000,9999.000,9999.000,9999.000,9999.000,9999.000
202606171030,  -0.024,9999.000,9999.000,9999.000,9999.000,9999.000,9999.000,9999.000,9999.000
202606171036,  -0.039,9999.000,9999.000,9999.000,9999.000,9999.000,9999.000,9999.000,9999.000
202606171042,  -0.049,9999.000,9999.000,9999.000,9999.000,9999.000,9999.000,9999.000,9999.000
202606171048,  -0.055,9999.000,9999.000,9999.000,9999.000,9999.000,9999.000,9999.000,9999.000
202606171054,  -0.056,9999.000,9999.000,9999.000,9999.000,9999.000,9999.000,9999.000,9999.000
202606171100,  -0.052,9999.000,   0.500,  -0.234,   0.214,   0.400,   0.114,   0.700,   0.414
202606171106,  -0.044,9999.000,9999.000,9999.000,9999.000,9999.000,9999.000,9999.000,9999.000
202606171112,  -0.032,9999.000,9999.000,9999.000,9999.000,9999.000,9999.000,9999.000,9999.000
202606171118,  -0.015,9999.000,9999.000,9999.000,9999.000,9999.000,9999.000,9999.000,9999.000
202606171124,   0.006,9999.000,9999.000,9999.000,9999.000,9999.000,9999.000,9999.000,9999.000
202606171130,   0.031,9999.000,9999.000,9999.000,9999.000,9999.000,9999.000,9999.000,9999.000
202606171136,   0.061,9999.000,9999.000,9999.000,9999.000,9999.000,9999.000,9999.000,9999.000
202606171142,   0.095,9999.000,9999.000,9999.000,9999.000,9999.000,9999.000,9999.000,9999.000
202606171148,   0.133,9999.000,9999.000,9999.000,9999.000,9999.000,9999.000,9999.000,9999.000
202606171154,   0.175,9999.000,9999.000,9999.000,9999.000,9999.000,9999.000,9999.000,9999.000
202606171200,   0.220,9999.000,   0.600,  -0.234,   0.586,   0.400,   0.386,   0.700,   0.686
202606171206,   0.269,9999.000,9999.000,9999.000,9999.000,9999.000,9999.000,9999.000,9999.000
202606171212,   0.321,9999.000,9999.000,9999.000,9999.000,9999.000,9999.000,9999.000,9999.000
202606171218,   0.376,9999.000,9999.000,9999.000,9999.000,9999.000,9999.000,9999.000,9999.000
202606171224,   0.433,9999.000,9999.000,9999.000,9999.000,9999.000,9999.000,9999.000,9999.000
202606171230,   0.493,9999.000,9999.000,9999.000,9999.000,9999.000,9999.000,9999.000,9999.000
202606171236,   0.555,9999.000,9999.000,9999.000,9999.000,9999.000,9999.000,9999.000,9999.000
202606171242,   0.619,9999.000,9999.000,9999.000,9999.000,9999.000,9999.000,9999.000,9999.000
202606171248,   0.684,9999.000,9999.000,9999.000,9999.000,9999.000,9999.000,9999.000,9999.000
202606171254,   0.751,9999.000,9999.000,9999.000,9999.000,9999.000,9999.000,9999.000,9999.000
202606171300,   0.820,9999.000,   0.600,  -0.234,   1.186,   0.400,   0.986,   0.700,   1.286
202606171306,   0.889,9999.000,9999.000,9999.000,9999.000,9999.000,9999.000,9999.000,9999.000
202606171312,   0.960,9999.000,9999.000,9999.000,9999.000,9999.000,9999.000,9999.000,9999.000
202606171318,   1.031,9999.000,9999.000,9999.000,9999.000,9999.000,9999.000,9999.000,9999.000
202606171324,   1.103,9999.000,9999.000,9999.000,9999.000,9999.000,9999.000,9999.000,9999.000
202606171330,   1.175,9999.000,9999.000,9999.000,9999.000,9999.000,9999.000,9999.000,9999.000
202606171336,   1.247,9999.000,9999.000,9999.000,9999.000,9999.000,9999.000,9999.000,9999.000
202606171342,   1.320,9999.000,9999.000,9999.000,9999.000,9999.000,9999.000,9999.000,9999.000
202606171348,   1.392,9999.000,9999.000,9999.000,9999.000,9999.000,9999.000,9999.000,9999.000
202606171354,   1.464,9999.000,9999.000,9999.000,9999.000,9999.000,9999.000,9999.000,9999.000
202606171400,   1.536,9999.000,   0.600,  -0.234,   1.902,   0.500,   1.802,   0.700,   2.002
202606171406,   1.607,9999.000,9999.000,9999.000,9999.000,9999.000,9999.000,9999.000,9999.000
202606171412,   1.677,9999.000,9999.000,9999.000,9999.000,9999.000,9999.000,9999.000,9999.000
202606171418,   1.747,9999.000,9999.000,9999.000,9999.000,9999.000,9999.000,9999.000,9999.000
202606171424,   1.815,9999.000,9999.000,9999.000,9999.000,9999.000,9999.000,9999.000,9999.000
202606171430,   1.882,9999.000,9999.000,9999.000,9999.000,9999.000,9999.000,9999.000,9999.000
202606171436,   1.948,9999.000,9999.000,9999.000,9999.000,9999.000,9999.000,9999.000,9999.000
202606171442,   2.013,9999.000,9999.000,9999.000,9999.000,9999.000,9999.000,9999.000,9999.000
202606171448,   2.075,9999.000,9999.000,9999.000,9999.000,9999.000,9999.000,9999.000,9999.000
202606171454,   2.136,9999.000,9999.000,9999.000,9999.000,9999.000,9999.000,9999.000,9999.000
202606171500,   2.194,9999.000,   0.600,  -0.234,   2.560,   0.500,   2.460,   0.800,   2.760
202606171506,   2.251,9999.000,9999.000,9999.000,9999.000,9999.000,9999.000,9999.000,9999.000
202606171512,   2.305,9999.000,9999.000,9999.000,9999.000,9999.000,9999.000,9999.000,9999.000
202606171518,   2.356,9999.000,9999.000,9999.000,9999.000,9999.000,9999.000,9999.000,9999.000
202606171524,   2.404,9999.000,9999.000,9999.000,9999.000,9999.000,9999.000,9999.000,9999.000
202606171530,   2.450,9999.000,9999.000,9999.000,9999.000,9999.000,9999.000,9999.000,9999.000
202606171536,   2.493,9999.000,9999.000,9999.000,9999.000,9999.000,9999.000,9999.000,9999.000
202606171542,   2.533,9999.000,9999.000,9999.000,9999.000,9999.000,9999.000,9999.000,9999.000
202606171548,   2.569,9999.000,9999.000,9999.000,9999.000,9999.000,9999.000,9999.000,9999.000
202606171554,   2.602,9999.000,9999.000,9999.000,9999.000,9999.000,9999.000,9999.000,9999.000
202606171600,   2.632,9999.000,   0.600,  -0.234,   2.998,   0.500,   2.898,   0.800,   3.198
202606171606,   2.659,9999.000,9999.000,9999.000,9999.000,9999.000,9999.000,9999.000,9999.000
202606171612,   2.683,9999.000,9999.000,9999.000,9999.000,9999.000,9999.000,9999.000,9999.000
202606171618,   2.703,9999.000,9999.000,9999.000,9999.000,9999.000,9999.000,9999.000,9999.000
202606171624,   2.720,9999.000,9999.000,9999.000,9999.000,9999.000,9999.000,9999.000,9999.000
202606171630,   2.734,9999.000,9999.000,9999.000,9999.000,9999.000,9999.000,9999.000,9999.000
202606171636,   2.745,9999.000,9999.000,9999.000,9999.000,9999.000,9999.000,9999.000,9999.000
202606171642,   2.753,9999.000,9999.000,9999.000,9999.000,9999.000,9999.000,9999.000,9999.000
202606171648,   2.758,9999.000,9999.000,9999.000,9999.000,9999.000,9999.000,9999.000,9999.000
202606171654,   2.759,9999.000,9999.000,9999.000,9999.000,9999.000,9999.000,9999.000,9999.000
202606171700,   2.758,9999.000,   0.600,  -0.234,   3.124,   0.500,   3.024,   0.800,   3.324
202606171706,   2.755,9999.000,9999.000,9999.000,9999.000,9999.000,9999.000,9999.000,9999.000
202606171712,   2.748,9999.000,9999.000,9999.000,9999.000,9999.000,9999.000,9999.000,9999.000
202606171718,   2.739,9999.000,9999.000,9999.000,9999.000,9999.000,9999.000,9999.000,9999.000
202606171724,   2.727,9999.000,9999.000,9999.000,9999.000,9999.000,9999.000,9999.000,9999.000
202606171730,   2.713,9999.000,9999.000,9999.000,9999.000,9999.000,9999.000,9999.000,9999.000
202606171736,   2.695,9999.000,9999.000,9999.000,9999.000,9999.000,9999.000,9999.000,9999.000
202606171742,   2.676,9999.000,9999.000,9999.000,9999.000,9999.000,9999.000,9999.000,9999.000
202606171748,   2.653,9999.000,9999.000,9999.000,9999.000,9999.000,9999.000,9999.000,9999.000
202606171754,   2.628,9999.000,9999.000,9999.000,9999.000,9999.000,9999.000,9999.000,9999.000
202606171800,   2.600,9999.000,   0.600,  -0.234,   2.966,   0.500,   2.866,   0.800,   3.166
