        TIME,    TIDE,      OB,   SURGE,    BIAS,     TWL,SURGE90p,  TWL90p,SURGE10p,   TWL10p
202603271200,  -0.099,   0.370,   0.400,   0.069,   0.370,   0.300,   0.270,   0.400,   0.370
202603271206,  -0.114,9999.000,9999.000,9999.000,9999.000,9999.000,9999.000,9999.000,9999.000
202603271212,  -0.128,   0.350,9999.000,9999.000,9999.000,9999.000,9999.000,9999.000,9999.000
202603271218,  -0.142,9999.000,9999.000,9999.000,9999.000,9999.000,9999.000,9999.000,9999.000
202603271224,  -0.156,   0.331,9999.000,9999.000,9999.000,9999.000,9999.000,9999.000,9999.000
202603271230,  -0.169,9999.000,9999.000,9999.000,9999.000,9999.000,9999.000,9999.000,9999.000
202603271236,  -0.182,   0.321,9999.000,9999.000,9999.000,9999.000,9999.000,9999.000,9999.000
202603271242,  -0.194,9999.000,9999.000,9999.000,9999.000,9999.000,9999.000,9999.000,9999.000
202603271248,  -0.206,   0.288,9999.000,9999.000,9999.000,9999.000,9999.000,9999.000,9999.000
202603271254,  -0.217,9999.000,9999.000,9999.000,9999.000,9999.000,9999.000,9999.000,9999.000
202603271300,  -0.228,   0.249,   0.300,   0.177,   0.249,   0.300,   0.249,   0.400,   0.349
202603271306,  -0.238,   0.249,9999.000,9999.000,9999.000,9999.000,9999.000,9999.000,9999.000
202603271312,  -0.248,   0.239,9999.000,9999.000,9999.000,9999.000,9999.000,9999.000,9999.000
202603271318,  -0.257,   0.239,9999.000,9999.000,9999.000,9999.000,9999.000,9999.000,9999.000
202603271324,  -0.266,   0.229,9999.000,9999.000,9999.000,9999.000,9999.000,9999.000,9999.000
202603271330,  -0.274,   0.229,9999.000,9999.000,9999.000,9999.000,9999.000,9999.000,9999.000
202603271336,  -0.281,   0.209,9999.000,9999.000,9999.000,9999.000,9999.000,9999.000,9999.000
202603271342,  -0.288,   0.209,9999.000,9999.000,9999.000,9999.000,9999.000,9999.000,9999.000
202603271348,  -0.294,   0.190,9999.000,9999.000,9999.000,9999.000,9999.000,9999.000,9999.000
202603271354,  -0.299,   0.190,9999.000,9999.000,9999.000,9999.000,9999.000,9999.000,9999.000
202603271400,  -0.304,   0.170,   0.300,   0.174,   0.170,   0.300,   0.170,   0.400,   0.270
202603271406,  -0.308,   0.160,9999.000,9999.000,9999.000,9999.000,9999.000,9999.000,9999.000
202603271412,  -0.311,   0.150,9999.000,9999.000,9999.000,9999.000,9999.000,9999.000,9999.000
202603271418,  -0.314,   0.150,9999.000,9999.000,9999.000,9999.000,9999.000,9999.000,9999.000
202603271424,  -0.316,   0.141,9999.000,9999.000,9999.000,9999.000,9999.000,9999.000,9999.000
202603271430,  -0.317,   0.131,9999.000,9999.000,9999.000,9999.000,9999.000,9999.000,9999.000
202603271436,  -0.317,   0.131,9999.000,9999.000,9999.000,9999.000,9999.000,9999.000,9999.000
202603271442,  -0.317,   0.111,9999.000,9999.000,9999.000,9999.000,9999.000,9999.000,9999.000
202603271448,  -0.316,   0.111,9999.000,9999.000,9999.000,9999.000,9999.000,9999.000,9999.000
202603271454,  -0.313,   0.111,9999.000,9999.000,9999.000,9999.000,9999.000,9999.000,9999.000
202603271500,  -0.310,   0.098,   0.300,   0.108,   0.098,   0.300,   0.098,   0.400,   0.198
202603271506,  -0.306,   0.098,9999.000,9999.000,9999.000,9999.000,9999.000,9999.000,9999.000
202603271512,  -0.302,   0.088,9999.000,9999.000,9999.000,9999.000,9999.000,9999.000,9999.000
202603271518,  -0.296,   0.088,9999.000,9999.000,9999.000,9999.000,9999.000,9999.000,9999.000
202603271524,  -0.289,   0.088,9999.000,9999.000,9999.000,9999.000,9999.000,9999.000,9999.000
202603271530,  -0.281,   0.088,9999.000,9999.000,9999.000,9999.000,9999.000,9999.000,9999.000
202603271536,  -0.272,   0.088,9999.000,9999.000,9999.000,9999.000,9999.000,9999.000,9999.000
202603271542,  -0.262,   0.088,9999.000,9999.000,9999.000,9999.000,9999.000,9999.000,9999.000
202603271548,  -0.252,   0.088,9999.000,9999.000,9999.000,9999.000,9999.000,9999.000,9999.000
202603271554,  -0.240,   0.078,9999.000,9999.000,9999.000,9999.000,9999.000,9999.000,9999.000
202603271600,  -0.227,   0.078,   0.300,   0.005,   0.078,   0.300,   0.078,   0.300,   0.078
202603271606,  -0.213,   0.078,9999.000,9999.000,9999.000,9999.000,9999.000,9999.000,9999.000
202603271612,  -0.198,   0.068,9999.000,9999.000,9999.000,9999.000,9999.000,9999.000,9999.000
202603271618,  -0.182,   0.068,9999.000,9999.000,9999.000,9999.000,9999.000,9999.000,9999.000
202603271624,  -0.165,   0.068,9999.000,9999.000,9999.000,9999.000,9999.000,9999.000,9999.000
202603271630,  -0.147,   0.068,9999.000,9999.000,9999.000,9999.000,9999.000,9999.000,9999.000
202603271636,  -0.128,   0.068,9999.000,9999.000,9999.000,9999.000,9999.000,9999.000,9999.000
202603271642,  -0.108,   0.088,9999.000,9999.000,9999.000,9999.000,9999.000,9999.000,9999.000
202603271648,  -0.087,   0.088,9999.000,9999.000,9999.000,9999.000,9999.000,9999.000,9999.000
202603271654,  -0.065,   0.098,9999.000,9999.000,9999.000,9999.000,9999.000,9999.000,9999.000
202603271700,  -0.043,   0.121,   0.300,  -0.136,   0.121,   0.300,   0.121,   0.300,   0.121
202603271706,  -0.019,   0.150,9999.000,9999.000,9999.000,9999.000,9999.000,9999.000,9999.000
202603271712,   0.003,   0.180,9999.000,9999.000,9999.000,9999.000,9999.000,9999.000,9999.000
202603271718,   0.028,   0.209,9999.000,9999.000,9999.000,9999.000,9999.000,9999.000,9999.000
202603271724,   0.053,   0.239,9999.000,9999.000,9999.000,9999.000,9999.000,9999.000,9999.000
202603271730,   0.079,   0.278,9999.000,9999.000,9999.000,9999.000,9999.000,9999.000,9999.000
202603271736,   0.105,   0.308,9999.000,9999.000,9999.000,9999.000,9999.000,9999.000,9999.000
202603271742,   0.132,   0.350,9999.000,9999.000,9999.000,9999.000,9999.000,9999.000,9999.000
202603271748,   0.159,   0.380,9999.000,9999.000,9999.000,9999.000,9999.000,9999.000,9999.000
202603271754,   0.186,   0.419,9999.000,9999.000,9999.000,9999.000,9999.000,9999.000,9999.000
202603271800,   0.213,   0.459,   0.100,   0.146,   0.459,   0.100,   0.459,   0.100,   0.459
202603271806,   0.240,   0.498,9999.000,9999.000,9999.000,9999.000,9999.000,9999.000,9999.000
202603271812,   0.268,   0.541,9999.000,9999.000,9999.000,9999.000,9999.000,9999.000,9999.000
202603271818,   0.295,   0.570,9999.000,9999.000,9999.000,9999.000,9999.000,9999.000,9999.000
202603271824,   0.323,   0.600,9999.000,9999.000,9999.000,9999.000,9999.000,9999.000,9999.000
202603271830,   0.350,   0.639,9999.000,9999.000,9999.000,9999.000,9999.000,9999.000,9999.000
202603271836,   0.377,   0.669,9999.000,9999.000,9999.000,9999.000,9999.000,9999.000,9999.000
202603271842,   0.404,   0.698,9999.000,9999.000,9999.000,9999.000,9999.000,9999.000,9999.000
202603271848,   0.431,   0.731,9999.000,9999.000,9999.000,9999.000,9999.000,9999.000,9999.000
202603271854,   0.457,   0.770,9999.000,9999.000,9999.000,9999.000,9999.000,9999.000,9999.000
202603271900,   0.482,   0.800,   0.100,   0.218,   0.800,   0.100,   0.800,   0.100,   0.800
202603271906,   0.508,   0.839,9999.000,9999.000,9999.000,9999.000,9999.000,9999.000,9999.000
202603271912,   0.533,   0.869,9999.000,9999.000,9999.000,9999.000,9999.000,9999.000,9999.000
202603271918,   0.557,   0.898,9999.000,9999.000,9999.000,9999.000,9999.000,9999.000,9999.000
202603271924,   0.581,   0.941,9999.000,9999.000,9999.000,9999.000,9999.000,9999.000,9999.000
202603271930,   0.604,   0.961,9999.000,9999.000,9999.000,9999.000,9999.000,9999.000,9999.000
202603271936,   0.627,   0.990,9999.000,9999.000,9999.000,9999.000,9999.000,9999.000,9999.000
202603271942,   0.649,   1.010,9999.000,9999.000,9999.000,9999.000,9999.000,9999.000,9999.000
202603271948,   0.671,   1.039,9999.000,9999.000,9999.000,9999.000,9999.000,9999.000,9999.000
202603271954,   0.692,   1.069,9999.000,9999.000,9999.000,9999.000,9999.000,9999.000,9999.000
202603272000,   0.712,   1.088,   0.100,   0.276,   1.088,   0.100,   1.088,   0.100,   1.088
202603272006,   0.732,   1.108,9999.000,9999.000,9999.000,9999.000,9999.000,9999.000,9999.000
202603272012,   0.752,   1.151,9999.000,9999.000,9999.000,9999.000,9999.000,9999.000,9999.000
202603272018,   0.770,   1.161,9999.000,9999.000,9999.000,9999.000,9999.000,9999.000,9999.000
202603272024,   0.789,   1.190,9999.000,9999.000,9999.000,9999.000,9999.000,9999.000,9999.000
202603272030,   0.806,   1.210,9999.000,9999.000,9999.000,9999.000,9999.000,9999.000,9999.000
202603272036,   0.823,   1.229,9999.000,9999.000,9999.000,9999.000,9999.000,9999.000,9999.000
202603272042,   0.840,   1.229,9999.000,9999.000,9999.000,9999.000,9999.000,9999.000,9999.000
202603272048,   0.856,   1.239,9999.000,9999.000,9999.000,9999.000,9999.000,9999.000,9999.000
202603272054,   0.872,   1.249,9999.000,9999.000,9999.000,9999.000,9999.000,9999.000,9999.000
202603272100,   0.887,   1.269,   0.100,   0.282,   1.269,   0.100,   1.269,   0.100,   1.269
202603272106,   0.901,   1.279,9999.000,9999.000,9999.000,9999.000,9999.000,9999.000,9999.000
202603272112,   0.915,   1.298,9999.000,9999.000,9999.000,9999.000,9999.000,9999.000,9999.000
202603272118,   0.929,   1.308,9999.000,9999.000,9999.000,9999.000,9999.000,9999.000,9999.000
202603272124,   0.942,   1.328,9999.000,9999.000,9999.000,9999.000,9999.000,9999.000,9999.000
202603272130,   0.955,   1.338,9999.000,9999.000,9999.000,9999.000,9999.000,9999.000,9999.000
202603272136,   0.968,   1.348,9999.000,9999.000,9999.000,9999.000,9999.000,9999.000,9999.000
202603272142,   0.980,   1.361,9999.000,9999.000,9999.000,9999.000,9999.000,9999.000,9999.000
202603272148,   0.992,   1.380,9999.000,9999.000,9999.000,9999.000,9999.000,9999.000,9999.000
202603272154,   1.003,   1.400,9999.000,9999.000,9999.000,9999.000,9999.000,9999.000,9999.000
202603272200,   1.014,   1.430,   0.100,   0.316,   1.430,   0.100,   1.430,   0.100,   1.430
202603272206,   1.025,   1.449,9999.000,9999.000,9999.000,9999.000,9999.000,9999.000,9999.000
202603272212,   1.036,   1.469,9999.000,9999.000,9999.000,9999.000,9999.000,9999.000,9999.000
202603272218,   1.046,   1.469,9999.000,9999.000,9999.000,9999.000,9999.000,9999.000,9999.000
202603272224,   1.056,   1.489,9999.000,9999.000,9999.000,9999.000,9999.000,9999.000,9999.000
202603272230,   1.066,   1.498,9999.000,9999.000,9999.000,9999.000,9999.000,9999.000,9999.000
202603272236,   1.075,   1.508,9999.000,9999.000,9999.000,9999.000,9999.000,9999.000,9999.000
202603272242,   1.085,   1.528,9999.000,9999.000,9999.000,9999.000,9999.000,9999.000,9999.000
202603272248,   1.094,   1.538,9999.000,9999.000,9999.000,9999.000,9999.000,9999.000,9999.000
202603272254,   1.103,   1.557,9999.000,9999.000,9999.000,9999.000,9999.000,9999.000,9999.000
202603272300,   1.112,   1.571,   0.100,   0.359,   1.571,   0.100,   1.571,   0.100,   1.571
202603272306,   1.120,   1.580,9999.000,9999.000,9999.000,9999.000,9999.000,9999.000,9999.000
202603272312,   1.129,   1.600,9999.000,9999.000,9999.000,9999.000,9999.000,9999.000,9999.000
202603272318,   1.137,   1.610,9999.000,9999.000,9999.000,9999.000,9999.000,9999.000,9999.000
202603272324,   1.146,   1.620,9999.000,9999.000,9999.000,9999.000,9999.000,9999.000,9999.000
202603272330,   1.154,   1.630,9999.000,9999.000,9999.000,9999.000,9999.000,9999.000,9999.000
202603272336,   1.162,   1.659,9999.000,9999.000,9999.000,9999.000,9999.000,9999.000,9999.000
202603272342,   1.171,   1.669,9999.000,9999.000,9999.000,9999.000,9999.000,9999.000,9999.000
202603272348,   1.179,   1.679,9999.000,9999.000,9999.000,9999.000,9999.000,9999.000,9999.000
202603272354,   1.187,   1.699,9999.000,9999.000,9999.000,9999.000,9999.000,9999.000,9999.000
202603280000,   1.195,   1.708,   0.100,   0.413,   1.708,   0.100,   1.708,   0.100,   1.708
202603280006,   1.203,   1.718,9999.000,9999.000,9999.000,9999.000,9999.000,9999.000,9999.000
202603280012,   1.211,   1.728,9999.000,9999.000,9999.000,9999.000,9999.000,9999.000,9999.000
202603280018,   1.219,   1.738,9999.000,9999.000,9999.000,9999.000,9999.000,9999.000,9999.000
202603280024,   1.227,   1.738,9999.000,9999.000,9999.000,9999.000,9999.000,9999.000,9999.000
202603280030,   1.234,   1.738,9999.000,9999.000,9999.000,9999.000,9999.000,9999.000,9999.000
202603280036,   1.242,   1.738,9999.000,9999.000,9999.000,9999.000,9999.000,9999.000,9999.000
202603280042,   1.250,   1.748,9999.000,9999.000,9999.000,9999.000,9999.000,9999.000,9999.000
202603280048,   1.257,   1.748,9999.000,9999.000,9999.000,9999.000,9999.000,9999.000,9999.000
202603280054,   1.264,   1.758,9999.000,9999.000,9999.000,9999.000,9999.000,9999.000,9999.000
202603280100,   1.272,   1.767,   0.100,   0.395,   1.767,   0.000,   1.667,   0.100,   1.767
202603280106,   1.278,   1.758,9999.000,9999.000,9999.000,9999.000,9999.000,9999.000,9999.000
202603280112,   1.285,   1.758,9999.000,9999.000,9999.000,9999.000,9999.000,9999.000,9999.000
202603280118,   1.292,   1.758,9999.000,9999.000,9999.000,9999.000,9999.000,9999.000,9999.000
202603280124,   1.298,   1.758,9999.000,9999.000,9999.000,9999.000,9999.000,9999.000,9999.000
202603280130,   1.304,   1.767,9999.000,9999.000,9999.000,9999.000,9999.000,9999.000,9999.000
202603280136,   1.309,   1.767,9999.000,9999.000,9999.000,9999.000,9999.000,9999.000,9999.000
202603280142,   1.314,   1.767,9999.000,9999.000,9999.000,9999.000,9999.000,9999.000,9999.000
202603280148,   1.319,   1.781,9999.000,9999.000,9999.000,9999.000,9999.000,9999.000,9999.000
202603280154,   1.324,   1.790,9999.000,9999.000,9999.000,9999.000,9999.000,9999.000,9999.000
202603280200,   1.328,   1.781,   0.100,   0.353,   1.781,   0.000,   1.681,   0.100,   1.781
202603280206,   1.331,   1.790,9999.000,9999.000,9999.000,9999.000,9999.000,9999.000,9999.000
202603280212,   1.334,   1.790,9999.000,9999.000,9999.000,9999.000,9999.000,9999.000,9999.000
202603280218,   1.337,   1.800,9999.000,9999.000,9999.000,9999.000,9999.000,9999.000,9999.000
202603280224,   1.339,   1.800,9999.000,9999.000,9999.000,9999.000,9999.000,9999.000,9999.000
202603280230,   1.340,   1.800,9999.000,9999.000,9999.000,9999.000,9999.000,9999.000,9999.000
202603280236,   1.341,   1.810,9999.000,9999.000,9999.000,9999.000,9999.000,9999.000,9999.000
202603280242,   1.342,   1.800,9999.000,9999.000,9999.000,9999.000,9999.000,9999.000,9999.000
202603280248,   1.342,   1.800,9999.000,9999.000,9999.000,9999.000,9999.000,9999.000,9999.000
202603280254,   1.341,   1.810,9999.000,9999.000,9999.000,9999.000,9999.000,9999.000,9999.000
202603280300,   1.340,   1.810,   0.100,   0.370,   1.810,   0.000,   1.710,   0.100,   1.810
202603280306,   1.339,   1.810,9999.000,9999.000,9999.000,9999.000,9999.000,9999.000,9999.000
202603280312,   1.337,   1.810,9999.000,9999.000,9999.000,9999.000,9999.000,9999.000,9999.000
202603280318,   1.335,   1.800,9999.000,9999.000,9999.000,9999.000,9999.000,9999.000,9999.000
202603280324,   1.332,   1.800,9999.000,9999.000,9999.000,9999.000,9999.000,9999.000,9999.000
202603280330,   1.328,   1.810,9999.000,9999.000,9999.000,9999.000,9999.000,9999.000,9999.000
202603280336,   1.325,   1.800,9999.000,9999.000,9999.000,9999.000,9999.000,9999.000,9999.000
202603280342,   1.321,   1.800,9999.000,9999.000,9999.000,9999.000,9999.000,9999.000,9999.000
202603280348,   1.316,   1.800,9999.000,9999.000,9999.000,9999.000,9999.000,9999.000,9999.000
202603280354,   1.312,   1.800,9999.000,9999.000,9999.000,9999.000,9999.000,9999.000,9999.000
202603280400,   1.307,   1.790,   0.100,   0.383,   1.790,   0.000,   1.690,   0.100,   1.790
202603280406,   1.301,   1.790,9999.000,9999.000,9999.000,9999.000,9999.000,9999.000,9999.000
202603280412,   1.296,   1.790,9999.000,9999.000,9999.000,9999.000,9999.000,9999.000,9999.000
202603280418,   1.290,   1.781,9999.000,9999.000,9999.000,9999.000,9999.000,9999.000,9999.000
202603280424,   1.284,   1.781,9999.000,9999.000,9999.000,9999.000,9999.000,9999.000,9999.000
202603280430,   1.277,   1.781,9999.000,9999.000,9999.000,9999.000,9999.000,9999.000,9999.000
202603280436,   1.271,   1.767,9999.000,9999.000,9999.000,9999.000,9999.000,9999.000,9999.000
202603280442,   1.264,   1.758,9999.000,9999.000,9999.000,9999.000,9999.000,9999.000,9999.000
202603280448,   1.257,   1.758,9999.000,9999.000,9999.000,9999.000,9999.000,9999.000,9999.000
202603280454,   1.250,   1.748,9999.000,9999.000,9999.000,9999.000,9999.000,9999.000,9999.000
202603280500,   1.243,   1.728,   0.000,   0.485,   1.728,   0.000,   1.728,   0.100,   1.828
202603280506,   1.236,   1.718,9999.000,9999.000,9999.000,9999.000,9999.000,9999.000,9999.000
202603280512,   1.228,   1.708,9999.000,9999.000,9999.000,9999.000,9999.000,9999.000,9999.000
202603280518,   1.221,   1.699,9999.000,9999.000,9999.000,9999.000,9999.000,9999.000,9999.000
202603280524,   1.213,   1.679,9999.000,9999.000,9999.000,9999.000,9999.000,9999.000,9999.000
202603280530,   1.205,   1.669,9999.000,9999.000,9999.000,9999.000,9999.000,9999.000,9999.000
202603280536,   1.196,   1.659,9999.000,9999.000,9999.000,9999.000,9999.000,9999.000,9999.000
202603280542,   1.188,   1.639,9999.000,9999.000,9999.000,9999.000,9999.000,9999.000,9999.000
202603280548,   1.179,   1.620,9999.000,9999.000,9999.000,9999.000,9999.000,9999.000,9999.000
202603280554,   1.170,   1.620,9999.000,9999.000,9999.000,9999.000,9999.000,9999.000,9999.000
202603280600,   1.161,   1.600,   0.200,   0.239,   1.600,   0.200,   1.600,   0.300,   1.700
202603280606,   1.151,   1.590,9999.000,9999.000,9999.000,9999.000,9999.000,9999.000,9999.000
202603280612,   1.141,   1.580,9999.000,9999.000,9999.000,9999.000,9999.000,9999.000,9999.000
202603280618,   1.131,   1.557,9999.000,9999.000,9999.000,9999.000,9999.000,9999.000,9999.000
202603280624,   1.120,   1.548,9999.000,9999.000,9999.000,9999.000,9999.000,9999.000,9999.000
202603280630,   1.109,   1.538,9999.000,9999.000,9999.000,9999.000,9999.000,9999.000,9999.000
202603280636,   1.098,   1.538,9999.000,9999.000,9999.000,9999.000,9999.000,9999.000,9999.000
202603280642,   1.086,   1.538,9999.000,9999.000,9999.000,9999.000,9999.000,9999.000,9999.000
202603280648,   1.074,   1.548,9999.000,9999.000,9999.000,9999.000,9999.000,9999.000,9999.000
202603280654,   1.062,   1.571,9999.000,9999.000,9999.000,9999.000,9999.000,9999.000,9999.000
202603280700,   1.049,   1.580,   0.200,   0.331,   1.580,   0.200,   1.580,   0.300,   1.680
202603280706,   1.036,   1.590,9999.000,9999.000,9999.000,9999.000,9999.000,9999.000,9999.000
202603280712,   1.022,   1.620,9999.000,9999.000,9999.000,9999.000,9999.000,9999.000,9999.000
202603280718,   1.008,   1.659,9999.000,9999.000,9999.000,9999.000,9999.000,9999.000,9999.000
202603280724,   0.994,   1.689,9999.000,9999.000,9999.000,9999.000,9999.000,9999.000,9999.000
202603280730,   0.979,   1.689,9999.000,9999.000,9999.000,9999.000,9999.000,9999.000,9999.000
202603280736,   0.963,   1.669,9999.000,9999.000,9999.000,9999.000,9999.000,9999.000,9999.000
202603280742,   0.948,   1.639,9999.000,9999.000,9999.000,9999.000,9999.000,9999.000,9999.000
202603280748,   0.932,   1.610,9999.000,9999.000,9999.000,9999.000,9999.000,9999.000,9999.000
202603280754,   0.916,   1.580,9999.000,9999.000,9999.000,9999.000,9999.000,9999.000,9999.000
202603280800,   0.899,   1.571,   0.200,   0.472,   1.571,   0.200,   1.571,   0.200,   1.571
202603280806,   0.882,   1.538,9999.000,9999.000,9999.000,9999.000,9999.000,9999.000,9999.000
202603280812,   0.865,   1.518,9999.000,9999.000,9999.000,9999.000,9999.000,9999.000,9999.000
202603280818,   0.847,   1.489,9999.000,9999.000,9999.000,9999.000,9999.000,9999.000,9999.000
202603280824,   0.829,   1.518,9999.000,9999.000,9999.000,9999.000,9999.000,9999.000,9999.000
202603280830,   0.811,   1.528,9999.000,9999.000,9999.000,9999.000,9999.000,9999.000,9999.000
202603280836,   0.793,   1.489,9999.000,9999.000,9999.000,9999.000,9999.000,9999.000,9999.000
202603280842,   0.774,   1.498,9999.000,9999.000,9999.000,9999.000,9999.000,9999.000,9999.000
202603280848,   0.755,   1.508,9999.000,9999.000,9999.000,9999.000,9999.000,9999.000,9999.000
202603280854,   0.736,   1.498,9999.000,9999.000,9999.000,9999.000,9999.000,9999.000,9999.000
202603280900,   0.717,   1.498,   0.200,   0.581,   1.498,   0.200,   1.498,   0.200,   1.498
202603280906,   0.697,   1.479,9999.000,9999.000,9999.000,9999.000,9999.000,9999.000,9999.000
202603280912,   0.677,   1.449,9999.000,9999.000,9999.000,9999.000,9999.000,9999.000,9999.000
202603280918,   0.658,   1.439,9999.000,9999.000,9999.000,9999.000,9999.000,9999.000,9999.000
202603280924,   0.638,   1.420,9999.000,9999.000,9999.000,9999.000,9999.000,9999.000,9999.000
202603280930,   0.617,   1.439,9999.000,9999.000,9999.000,9999.000,9999.000,9999.000,9999.000
202603280936,   0.597,   1.459,9999.000,9999.000,9999.000,9999.000,9999.000,9999.000,9999.000
202603280942,   0.577,   1.479,9999.000,9999.000,9999.000,9999.000,9999.000,9999.000,9999.000
202603280948,   0.556,   1.469,9999.000,9999.000,9999.000,9999.000,9999.000,9999.000,9999.000
202603280954,   0.536,   1.430,9999.000,9999.000,9999.000,9999.000,9999.000,9999.000,9999.000
202603281000,   0.515,   1.449,   0.200,   0.734,   1.449,   0.200,   1.449,   0.200,   1.449
202603281006,   0.494,   1.449,9999.000,9999.000,9999.000,9999.000,9999.000,9999.000,9999.000
202603281012,   0.473,   1.430,9999.000,9999.000,9999.000,9999.000,9999.000,9999.000,9999.000
202603281018,   0.453,   1.420,9999.000,9999.000,9999.000,9999.000,9999.000,9999.000,9999.000
202603281024,   0.432,   1.439,9999.000,9999.000,9999.000,9999.000,9999.000,9999.000,9999.000
202603281030,   0.411,   1.430,9999.000,9999.000,9999.000,9999.000,9999.000,9999.000,9999.000
202603281036,   0.390,   1.390,9999.000,9999.000,9999.000,9999.000,9999.000,9999.000,9999.000
202603281042,   0.369,   1.400,9999.000,9999.000,9999.000,9999.000,9999.000,9999.000,9999.000
202603281048,   0.348,   1.400,9999.000,9999.000,9999.000,9999.000,9999.000,9999.000,9999.000
202603281054,   0.328,   1.338,9999.000,9999.000,9999.000,9999.000,9999.000,9999.000,9999.000
202603281100,   0.307,   1.328,   0.200,   0.821,   1.328,   0.200,   1.328,   0.300,   1.428
202603281106,   0.287,   1.279,9999.000,9999.000,9999.000,9999.000,9999.000,9999.000,9999.000
202603281112,   0.266,   1.318,9999.000,9999.000,9999.000,9999.000,9999.000,9999.000,9999.000
202603281118,   0.246,   1.308,9999.000,9999.000,9999.000,9999.000,9999.000,9999.000,9999.000
202603281124,   0.226,   1.279,9999.000,9999.000,9999.000,9999.000,9999.000,9999.000,9999.000
202603281130,   0.207,   1.269,9999.000,9999.000,9999.000,9999.000,9999.000,9999.000,9999.000
202603281136,   0.187,   1.259,9999.000,9999.000,9999.000,9999.000,9999.000,9999.000,9999.000
202603281142,   0.168,   1.239,9999.000,9999.000,9999.000,9999.000,9999.000,9999.000,9999.000
202603281148,   0.149,   1.269,9999.000,9999.000,9999.000,9999.000,9999.000,9999.000,9999.000
202603281154,   0.131,   1.229,9999.000,9999.000,9999.000,9999.000,9999.000,9999.000,9999.000
202603281200,   0.112,   1.239,   0.300,   0.827,   1.239,   0.300,   1.239,   0.400,   1.339
202603281206,   0.095,   1.239,9999.000,9999.000,9999.000,9999.000,9999.000,9999.000,9999.000
202603281212,   0.077,   1.229,9999.000,9999.000,9999.000,9999.000,9999.000,9999.000,9999.000
202603281218,   0.060,   1.229,9999.000,9999.000,9999.000,9999.000,9999.000,9999.000,9999.000
202603281224,   0.043,   1.210,9999.000,9999.000,9999.000,9999.000,9999.000,9999.000,9999.000
202603281230,   0.027,   1.239,9999.000,9999.000,9999.000,9999.000,9999.000,9999.000,9999.000
202603281236,   0.011,   1.229,9999.000,9999.000,9999.000,9999.000,9999.000,9999.000,9999.000
202603281242,  -0.003,   1.200,9999.000,9999.000,9999.000,9999.000,9999.000,9999.000,9999.000
202603281248,  -0.018,   1.128,9999.000,9999.000,9999.000,9999.000,9999.000,9999.000,9999.000
202603281254,  -0.032,   1.170,9999.000,9999.000,9999.000,9999.000,9999.000,9999.000,9999.000
202603281300,  -0.046,   1.190,   0.300,   0.936,   1.190,   0.300,   1.190,   0.400,   1.290
202603281306,  -0.059,   1.200,9999.000,9999.000,9999.000,9999.000,9999.000,9999.000,9999.000
202603281312,  -0.072,   1.128,9999.000,9999.000,9999.000,9999.000,9999.000,9999.000,9999.000
202603281318,  -0.085,   1.108,9999.000,9999.000,9999.000,9999.000,9999.000,9999.000,9999.000
202603281324,  -0.097,   1.088,9999.000,9999.000,9999.000,9999.000,9999.000,9999.000,9999.000
202603281330,  -0.108,   1.118,9999.000,9999.000,9999.000,9999.000,9999.000,9999.000,9999.000
202603281336,  -0.119,   1.098,9999.000,9999.000,9999.000,9999.000,9999.000,9999.000,9999.000
202603281342,  -0.129,   1.059,9999.000,9999.000,9999.000,9999.000,9999.000,9999.000,9999.000
202603281348,  -0.139,   1.098,9999.000,9999.000,9999.000,9999.000,9999.000,9999.000,9999.000
202603281354,  -0.149,   1.128,9999.000,9999.000,9999.000,9999.000,9999.000,9999.000,9999.000
202603281400,  -0.157,   1.108,   0.400,   0.865,   1.108,   0.300,   1.008,   0.400,   1.108
202603281406,  -0.166,   1.088,9999.000,9999.000,9999.000,9999.000,9999.000,9999.000,9999.000
202603281412,  -0.174,   1.069,9999.000,9999.000,9999.000,9999.000,9999.000,9999.000,9999.000
202603281418,  -0.181,   1.079,9999.000,9999.000,9999.000,9999.000,9999.000,9999.000,9999.000
202603281424,  -0.187,   1.069,9999.000,9999.000,9999.000,9999.000,9999.000,9999.000,9999.000
202603281430,  -0.194,   1.049,9999.000,9999.000,9999.000,9999.000,9999.000,9999.000,9999.000
202603281436,  -0.199,   1.079,9999.000,9999.000,9999.000,9999.000,9999.000,9999.000,9999.000
202603281442,  -0.204,   1.010,9999.000,9999.000,9999.000,9999.000,9999.000,9999.000,9999.000
202603281448,  -0.208,   0.980,9999.000,9999.000,9999.000,9999.000,9999.000,9999.000,9999.000
202603281454,  -0.212,   0.970,9999.000,9999.000,9999.000,9999.000,9999.000,9999.000,9999.000
202603281500,  -0.215,   0.961,   0.400,   0.776,   0.961,   0.300,   0.861,   0.500,   1.061
202603281506,  -0.217,   0.961,9999.000,9999.000,9999.000,9999.000,9999.000,9999.000,9999.000
202603281512,  -0.218,   0.941,9999.000,9999.000,9999.000,9999.000,9999.000,9999.000,9999.000
202603281518,  -0.219,   0.928,9999.000,9999.000,9999.000,9999.000,9999.000,9999.000,9999.000
202603281524,  -0.219,   0.898,9999.000,9999.000,9999.000,9999.000,9999.000,9999.000,9999.000
202603281530,  -0.218,   0.879,9999.000,9999.000,9999.000,9999.000,9999.000,9999.000,9999.000
202603281536,  -0.216,   0.839,9999.000,9999.000,9999.000,9999.000,9999.000,9999.000,9999.000
202603281542,  -0.213,   0.869,9999.000,9999.000,9999.000,9999.000,9999.000,9999.000,9999.000
202603281548,  -0.209,   0.849,9999.000,9999.000,9999.000,9999.000,9999.000,9999.000,9999.000
202603281554,  -0.205,   0.819,9999.000,9999.000,9999.000,9999.000,9999.000,9999.000,9999.000
202603281600,  -0.199,   0.810,   0.400,   0.609,   0.810,   0.400,   0.810,   0.500,   0.910
202603281606,  -0.192,   0.790,9999.000,9999.000,9999.000,9999.000,9999.000,9999.000,9999.000
202603281612,  -0.185,   0.770,9999.000,9999.000,9999.000,9999.000,9999.000,9999.000,9999.000
202603281618,  -0.176,   0.810,9999.000,9999.000,9999.000,9999.000,9999.000,9999.000,9999.000
202603281624,  -0.166,   0.790,9999.000,9999.000,9999.000,9999.000,9999.000,9999.000,9999.000
202603281630,  -0.156,   0.819,9999.000,9999.000,9999.000,9999.000,9999.000,9999.000,9999.000
202603281636,  -0.144,   0.810,9999.000,9999.000,9999.000,9999.000,9999.000,9999.000,9999.000
202603281642,  -0.131,   0.800,9999.000,9999.000,9999.000,9999.000,9999.000,9999.000,9999.000
202603281648,  -0.118,   0.770,9999.000,9999.000,9999.000,9999.000,9999.000,9999.000,9999.000
202603281654,  -0.103,   0.751,9999.000,9999.000,9999.000,9999.000,9999.000,9999.000,9999.000
202603281700,  -0.087,   0.770,   0.400,   0.457,   0.770,   0.400,   0.770,   0.500,   0.870
202603281706,  -0.071,   0.751,9999.000,9999.000,9999.000,9999.000,9999.000,9999.000,9999.000
202603281712,  -0.053,   0.760,9999.000,9999.000,9999.000,9999.000,9999.000,9999.000,9999.000
202603281718,  -0.035,   0.790,9999.000,9999.000,9999.000,9999.000,9999.000,9999.000,9999.000
202603281724,  -0.016,   0.790,9999.000,9999.000,9999.000,9999.000,9999.000,9999.000,9999.000
202603281730,   0.003,   0.770,9999.000,9999.000,9999.000,9999.000,9999.000,9999.000,9999.000
202603281736,   0.024,   0.780,9999.000,9999.000,9999.000,9999.000,9999.000,9999.000,9999.000
202603281742,   0.045,   0.770,9999.000,9999.000,9999.000,9999.000,9999.000,9999.000,9999.000
202603281748,   0.067,   0.819,9999.000,9999.000,9999.000,9999.000,9999.000,9999.000,9999.000
202603281754,   0.089,   0.829,9999.000,9999.000,9999.000,9999.000,9999.000,9999.000,9999.000
202603281800,   0.112,   0.849,   0.200,   0.537,   0.849,   0.200,   0.849,   0.300,   0.949
202603281806,   0.136,   0.849,9999.000,9999.000,9999.000,9999.000,9999.000,9999.000,9999.000
202603281812,   0.159,   0.888,9999.000,9999.000,9999.000,9999.000,9999.000,9999.000,9999.000
202603281818,   0.183,   0.888,9999.000,9999.000,9999.000,9999.000,9999.000,9999.000,9999.000
202603281824,   0.208,   0.941,9999.000,9999.000,9999.000,9999.000,9999.000,9999.000,9999.000
202603281830,   0.232,   0.961,9999.000,9999.000,9999.000,9999.000,9999.000,9999.000,9999.000
202603281836,   0.257,   0.980,9999.000,9999.000,9999.000,9999.000,9999.000,9999.000,9999.000
202603281842,   0.282,   1.020,9999.000,9999.000,9999.000,9999.000,9999.000,9999.000,9999.000
202603281848,   0.306,   1.020,9999.000,9999.000,9999.000,9999.000,9999.000,9999.000,9999.000
202603281854,   0.331,   1.059,9999.000,9999.000,9999.000,9999.000,9999.000,9999.000,9999.000
202603281900,   0.355,   1.069,   0.200,   0.514,   1.069,   0.200,   1.069,   0.300,   1.169
202603281906,   0.380,   1.098,9999.000,9999.000,9999.000,9999.000,9999.000,9999.000,9999.000
202603281912,   0.404,   1.108,9999.000,9999.000,9999.000,9999.000,9999.000,9999.000,9999.000
202603281918,   0.427,   1.108,9999.000,9999.000,9999.000,9999.000,9999.000,9999.000,9999.000
202603281924,   0.451,   1.138,9999.000,9999.000,9999.000,9999.000,9999.000,9999.000,9999.000
202603281930,   0.474,   1.170,9999.000,9999.000,9999.000,9999.000,9999.000,9999.000,9999.000
202603281936,   0.497,   1.190,9999.000,9999.000,9999.000,9999.000,9999.000,9999.000,9999.000
202603281942,   0.519,   1.220,9999.000,9999.000,9999.000,9999.000,9999.000,9999.000,9999.000
202603281948,   0.541,   1.229,9999.000,9999.000,9999.000,9999.000,9999.000,9999.000,9999.000
202603281954,   0.562,   1.259,9999.000,9999.000,9999.000,9999.000,9999.000,9999.000,9999.000
202603282000,   0.583,   1.259,   0.200,   0.476,   1.259,   0.100,   1.159,   0.300,   1.359
202603282006,   0.604,   1.269,9999.000,9999.000,9999.000,9999.000,9999.000,9999.000,9999.000
202603282012,   0.623,   1.298,9999.000,9999.000,9999.000,9999.000,9999.000,9999.000,9999.000
202603282018,   0.643,   1.298,9999.000,9999.000,9999.000,9999.000,9999.000,9999.000,9999.000
202603282024,   0.661,   1.328,9999.000,9999.000,9999.000,9999.000,9999.000,9999.000,9999.000
202603282030,   0.679,   1.328,9999.000,9999.000,9999.000,9999.000,9999.000,9999.000,9999.000
202603282036,   0.696,   1.338,9999.000,9999.000,9999.000,9999.000,9999.000,9999.000,9999.000
202603282042,   0.713,   1.361,9999.000,9999.000,9999.000,9999.000,9999.000,9999.000,9999.000
202603282048,   0.729,   1.380,9999.000,9999.000,9999.000,9999.000,9999.000,9999.000,9999.000
202603282054,   0.745,   1.380,9999.000,9999.000,9999.000,9999.000,9999.000,9999.000,9999.000
202603282100,   0.760,   1.390,   0.200,   0.430,   1.390,   0.100,   1.290,   0.300,   1.490
202603282106,   0.774,   1.410,9999.000,9999.000,9999.000,9999.000,9999.000,9999.000,9999.000
202603282112,   0.787,   1.410,9999.000,9999.000,9999.000,9999.000,9999.000,9999.000,9999.000
202603282118,   0.800,   1.420,9999.000,9999.000,9999.000,9999.000,9999.000,9999.000,9999.000
202603282124,   0.812,   1.420,9999.000,9999.000,9999.000,9999.000,9999.000,9999.000,9999.000
202603282130,   0.824,   1.439,9999.000,9999.000,9999.000,9999.000,9999.000,9999.000,9999.000
202603282136,   0.835,   1.430,9999.000,9999.000,9999.000,9999.000,9999.000,9999.000,9999.000
202603282142,   0.846,   1.400,9999.000,9999.000,9999.000,9999.000,9999.000,9999.000,9999.000
202603282148,   0.855,   1.410,9999.000,9999.000,9999.000,9999.000,9999.000,9999.000,9999.000
202603282154,   0.865,   1.420,9999.000,9999.000,9999.000,9999.000,9999.000,9999.000,9999.000
202603282200,   0.873,   1.449,   0.200,   0.376,   1.449,   0.100,   1.349,   0.300,   1.549
202603282206,   0.882,   1.449,9999.000,9999.000,9999.000,9999.000,9999.000,9999.000,9999.000
202603282212,   0.889,   1.469,9999.000,9999.000,9999.000,9999.000,9999.000,9999.000,9999.000
202603282218,   0.897,   1.459,9999.000,9999.000,9999.000,9999.000,9999.000,9999.000,9999.000
202603282224,   0.903,   1.479,9999.000,9999.000,9999.000,9999.000,9999.000,9999.000,9999.000
202603282230,   0.910,   1.459,9999.000,9999.000,9999.000,9999.000,9999.000,9999.000,9999.000
202603282236,   0.916,   1.479,9999.000,9999.000,9999.000,9999.000,9999.000,9999.000,9999.000
202603282242,   0.922,   1.498,9999.000,9999.000,9999.000,9999.000,9999.000,9999.000,9999.000
202603282248,   0.927,   1.489,9999.000,9999.000,9999.000,9999.000,9999.000,9999.000,9999.000
202603282254,   0.932,   1.508,9999.000,9999.000,9999.000,9999.000,9999.000,9999.000,9999.000
202603282300,   0.937,   1.518,   0.200,   0.381,   1.518,   0.100,   1.418,   0.200,   1.518
202603282306,   0.942,   1.528,9999.000,9999.000,9999.000,9999.000,9999.000,9999.000,9999.000
202603282312,   0.946,   1.528,9999.000,9999.000,9999.000,9999.000,9999.000,9999.000,9999.000
202603282318,   0.951,   1.538,9999.000,9999.000,9999.000,9999.000,9999.000,9999.000,9999.000
202603282324,   0.955,   1.548,9999.000,9999.000,9999.000,9999.000,9999.000,9999.000,9999.000
202603282330,   0.960,   1.557,9999.000,9999.000,9999.000,9999.000,9999.000,9999.000,9999.000
202603282336,   0.964,   1.557,9999.000,9999.000,9999.000,9999.000,9999.000,9999.000,9999.000
202603282342,   0.968,   1.580,9999.000,9999.000,9999.000,9999.000,9999.000,9999.000,9999.000
202603282348,   0.973,   1.580,9999.000,9999.000,9999.000,9999.000,9999.000,9999.000,9999.000
202603282354,   0.977,   1.580,9999.000,9999.000,9999.000,9999.000,9999.000,9999.000,9999.000
202603290000,   0.982,   1.600,   0.200,   0.418,   1.600,   0.100,   1.500,   0.200,   1.600
202603290006,   0.987,   1.620,9999.000,9999.000,9999.000,9999.000,9999.000,9999.000,9999.000
202603290012,   0.992,   1.639,9999.000,9999.000,9999.000,9999.000,9999.000,9999.000,9999.000
202603290018,   0.997,   1.639,9999.000,9999.000,9999.000,9999.000,9999.000,9999.000,9999.000
202603290024,   1.002,   1.649,9999.000,9999.000,9999.000,9999.000,9999.000,9999.000,9999.000
202603290030,   1.007,   1.659,9999.000,9999.000,9999.000,9999.000,9999.000,9999.000,9999.000
202603290036,   1.013,   1.679,9999.000,9999.000,9999.000,9999.000,9999.000,9999.000,9999.000
202603290042,   1.019,   1.669,9999.000,9999.000,9999.000,9999.000,9999.000,9999.000,9999.000
202603290048,   1.025,   1.679,9999.000,9999.000,9999.000,9999.000,9999.000,9999.000,9999.000
202603290054,   1.031,   1.689,9999.000,9999.000,9999.000,9999.000,9999.000,9999.000,9999.000
202603290100,   1.038,   1.699,   0.200,   0.461,   1.699,   0.100,   1.599,   0.200,   1.699
202603290106,   1.044,   1.708,9999.000,9999.000,9999.000,9999.000,9999.000,9999.000,9999.000
202603290112,   1.051,   1.728,9999.000,9999.000,9999.000,9999.000,9999.000,9999.000,9999.000
202603290118,   1.057,   1.748,9999.000,9999.000,9999.000,9999.000,9999.000,9999.000,9999.000
202603290124,   1.064,   1.758,9999.000,9999.000,9999.000,9999.000,9999.000,9999.000,9999.000
202603290130,   1.071,   1.781,9999.000,9999.000,9999.000,9999.000,9999.000,9999.000,9999.000
202603290136,   1.078,   1.800,9999.000,9999.000,9999.000,9999.000,9999.000,9999.000,9999.000
202603290142,   1.085,   1.820,9999.000,9999.000,9999.000,9999.000,9999.000,9999.000,9999.000
202603290148,   1.091,   1.840,9999.000,9999.000,9999.000,9999.000,9999.000,9999.000,9999.000
202603290154,   1.098,   1.849,9999.000,9999.000,9999.000,9999.000,9999.000,9999.000,9999.000
202603290200,   1.105,   1.840,   0.200,   0.535,   1.840,   0.100,   1.740,   0.200,   1.840
202603290206,   1.111,   1.859,9999.000,9999.000,9999.000,9999.000,9999.000,9999.000,9999.000
202603290212,   1.117,   1.869,9999.000,9999.000,9999.000,9999.000,9999.000,9999.000,9999.000
202603290218,   1.123,   1.879,9999.000,9999.000,9999.000,9999.000,9999.000,9999.000,9999.000
202603290224,   1.129,   1.879,9999.000,9999.000,9999.000,9999.000,9999.000,9999.000,9999.000
202603290230,   1.135,   1.899,9999.000,9999.000,9999.000,9999.000,9999.000,9999.000,9999.000
202603290236,   1.140,   1.899,9999.000,9999.000,9999.000,9999.000,9999.000,9999.000,9999.000
202603290242,   1.145,   1.928,9999.000,9999.000,9999.000,9999.000,9999.000,9999.000,9999.000
202603290248,   1.150,   1.948,9999.000,9999.000,9999.000,9999.000,9999.000,9999.000,9999.000
202603290254,   1.154,   1.948,9999.000,9999.000,9999.000,9999.000,9999.000,9999.000,9999.000
202603290300,   1.159,   1.958,   0.200,   0.599,   1.958,   0.100,   1.858,   0.200,   1.958
202603290306,   1.163,   1.981,9999.000,9999.000,9999.000,9999.000,9999.000,9999.000,9999.000
202603290312,   1.166,   1.981,9999.000,9999.000,9999.000,9999.000,9999.000,9999.000,9999.000
202603290318,   1.169,   1.967,9999.000,9999.000,9999.000,9999.000,9999.000,9999.000,9999.000
202603290324,   1.172,   1.981,9999.000,9999.000,9999.000,9999.000,9999.000,9999.000,9999.000
202603290330,   1.175,   1.981,9999.000,9999.000,9999.000,9999.000,9999.000,9999.000,9999.000
202603290336,   1.177,   1.990,9999.000,9999.000,9999.000,9999.000,9999.000,9999.000,9999.000
202603290342,   1.179,   1.981,9999.000,9999.000,9999.000,9999.000,9999.000,9999.000,9999.000
202603290348,   1.181,   1.981,9999.000,9999.000,9999.000,9999.000,9999.000,9999.000,9999.000
202603290354,   1.183,   2.000,9999.000,9999.000,9999.000,9999.000,9999.000,9999.000,9999.000
202603290400,   1.184,   2.000,   0.200,   0.616,   2.000,   0.200,   2.000,   0.200,   2.000
202603290406,   1.185,   2.000,9999.000,9999.000,9999.000,9999.000,9999.000,9999.000,9999.000
202603290412,   1.186,   2.000,9999.000,9999.000,9999.000,9999.000,9999.000,9999.000,9999.000
202603290418,   1.187,   2.000,9999.000,9999.000,9999.000,9999.000,9999.000,9999.000,9999.000
202603290424,   1.187,   2.010,9999.000,9999.000,9999.000,9999.000,9999.000,9999.000,9999.000
202603290430,   1.188,   1.990,9999.000,9999.000,9999.000,9999.000,9999.000,9999.000,9999.000
202603290436,   1.188,   1.990,9999.000,9999.000,9999.000,9999.000,9999.000,9999.000,9999.000
202603290442,   1.188,   1.990,9999.000,9999.000,9999.000,9999.000,9999.000,9999.000,9999.000
202603290448,   1.187,   1.990,9999.000,9999.000,9999.000,9999.000,9999.000,9999.000,9999.000
202603290454,   1.187,   1.990,9999.000,9999.000,9999.000,9999.000,9999.000,9999.000,9999.000
202603290500,   1.187,   1.990,   0.200,   0.603,   1.990,   0.200,   1.990,   0.200,   1.990
202603290506,   1.186,   2.000,9999.000,9999.000,9999.000,9999.000,9999.000,9999.000,9999.000
202603290512,   1.185,   2.000,9999.000,9999.000,9999.000,9999.000,9999.000,9999.000,9999.000
202603290518,   1.184,   2.010,9999.000,9999.000,9999.000,9999.000,9999.000,9999.000,9999.000
202603290524,   1.183,   2.010,9999.000,9999.000,9999.000,9999.000,9999.000,9999.000,9999.000
202603290530,   1.181,   1.990,9999.000,9999.000,9999.000,9999.000,9999.000,9999.000,9999.000
202603290536,   1.180,   1.981,9999.000,9999.000,9999.000,9999.000,9999.000,9999.000,9999.000
202603290542,   1.178,   1.981,9999.000,9999.000,9999.000,9999.000,9999.000,9999.000,9999.000
202603290548,   1.176,   1.981,9999.000,9999.000,9999.000,9999.000,9999.000,9999.000,9999.000
202603290554,   1.173,   1.990,9999.000,9999.000,9999.000,9999.000,9999.000,9999.000,9999.000
202603290600,   1.171,   1.958,   0.500,   0.287,   1.958,   0.400,   1.858,   0.500,   1.958
202603290606,   1.168,   1.981,9999.000,9999.000,9999.000,9999.000,9999.000,9999.000,9999.000
202603290612,   1.165,   1.981,9999.000,9999.000,9999.000,9999.000,9999.000,9999.000,9999.000
202603290618,   1.161,   1.958,9999.000,9999.000,9999.000,9999.000,9999.000,9999.000,9999.000
202603290624,   1.158,   1.958,9999.000,9999.000,9999.000,9999.000,9999.000,9999.000,9999.000
202603290630,   1.153,   1.938,9999.000,9999.000,9999.000,9999.000,9999.000,9999.000,9999.000
202603290636,   1.149,   1.958,9999.000,9999.000,9999.000,9999.000,9999.000,9999.000,9999.000
202603290642,   1.144,   1.948,9999.000,9999.000,9999.000,9999.000,9999.000,9999.000,9999.000
202603290648,   1.139,   1.928,9999.000,9999.000,9999.000,9999.000,9999.000,9999.000,9999.000
202603290654,   1.133,   1.938,9999.000,9999.000,9999.000,9999.000,9999.000,9999.000,9999.000
202603290700,   1.127,   1.918,   0.500,   0.291,   1.918,   0.400,   1.818,   0.500,   1.918
202603290706,   1.120,   1.899,9999.000,9999.000,9999.000,9999.000,9999.000,9999.000,9999.000
202603290712,   1.113,   1.899,9999.000,9999.000,9999.000,9999.000,9999.000,9999.000,9999.000
202603290718,   1.106,   1.879,9999.000,9999.000,9999.000,9999.000,9999.000,9999.000,9999.000
202603290724,   1.098,   1.869,9999.000,9999.000,9999.000,9999.000,9999.000,9999.000,9999.000
202603290730,   1.090,   1.869,9999.000,9999.000,9999.000,9999.000,9999.000,9999.000,9999.000
202603290736,   1.081,   1.859,9999.000,9999.000,9999.000,9999.000,9999.000,9999.000,9999.000
202603290742,   1.072,   1.840,9999.000,9999.000,9999.000,9999.000,9999.000,9999.000,9999.000
202603290748,   1.062,   1.830,9999.000,9999.000,9999.000,9999.000,9999.000,9999.000,9999.000
202603290754,   1.052,   1.820,9999.000,9999.000,9999.000,9999.000,9999.000,9999.000,9999.000
202603290800,   1.042,   1.800,   0.500,   0.258,   1.800,   0.500,   1.800,   0.600,   1.900
202603290806,   1.031,   1.790,9999.000,9999.000,9999.000,9999.000,9999.000,9999.000,9999.000
202603290812,   1.019,   1.781,9999.000,9999.000,9999.000,9999.000,9999.000,9999.000,9999.000
202603290818,   1.008,   1.767,9999.000,9999.000,9999.000,9999.000,9999.000,9999.000,9999.000
202603290824,   0.995,   1.748,9999.000,9999.000,9999.000,9999.000,9999.000,9999.000,9999.000
202603290830,   0.983,   1.748,9999.000,9999.000,9999.000,9999.000,9999.000,9999.000,9999.000
202603290836,   0.969,   1.728,9999.000,9999.000,9999.000,9999.000,9999.000,9999.000,9999.000
202603290842,   0.956,   1.718,9999.000,9999.000,9999.000,9999.000,9999.000,9999.000,9999.000
202603290848,   0.942,   1.699,9999.000,9999.000,9999.000,9999.000,9999.000,9999.000,9999.000
202603290854,   0.927,   1.699,9999.000,9999.000,9999.000,9999.000,9999.000,9999.000,9999.000
202603290900,   0.913,   1.669,   0.500,   0.256,   1.669,   0.500,   1.669,   0.600,   1.769
202603290906,   0.897,   1.649,9999.000,9999.000,9999.000,9999.000,9999.000,9999.000,9999.000
202603290912,   0.882,   1.620,9999.000,9999.000,9999.000,9999.000,9999.000,9999.000,9999.000
202603290918,   0.866,   1.610,9999.000,9999.000,9999.000,9999.000,9999.000,9999.000,9999.000
202603290924,   0.849,   1.580,9999.000,9999.000,9999.000,9999.000,9999.000,9999.000,9999.000
202603290930,   0.833,   1.557,9999.000,9999.000,9999.000,9999.000,9999.000,9999.000,9999.000
202603290936,   0.815,   1.528,9999.000,9999.000,9999.000,9999.000,9999.000,9999.000,9999.000
202603290942,   0.798,   1.508,9999.000,9999.000,9999.000,9999.000,9999.000,9999.000,9999.000
202603290948,   0.780,   1.489,9999.000,9999.000,9999.000,9999.000,9999.000,9999.000,9999.000
202603290954,   0.762,   1.459,9999.000,9999.000,9999.000,9999.000,9999.000,9999.000,9999.000
202603291000,   0.743,   1.439,   0.500,   0.196,   1.439,   0.500,   1.439,   0.600,   1.539
202603291006,   0.724,   1.420,9999.000,9999.000,9999.000,9999.000,9999.000,9999.000,9999.000
202603291012,   0.705,   1.390,9999.000,9999.000,9999.000,9999.000,9999.000,9999.000,9999.000
202603291018,   0.686,   1.361,9999.000,9999.000,9999.000,9999.000,9999.000,9999.000,9999.000
202603291024,   0.666,   1.338,9999.000,9999.000,9999.000,9999.000,9999.000,9999.000,9999.000
202603291030,   0.646,   1.328,9999.000,9999.000,9999.000,9999.000,9999.000,9999.000,9999.000
202603291036,   0.626,   1.298,9999.000,9999.000,9999.000,9999.000,9999.000,9999.000,9999.000
202603291042,   0.606,   1.259,9999.000,9999.000,9999.000,9999.000,9999.000,9999.000,9999.000
202603291048,   0.586,   1.249,9999.000,9999.000,9999.000,9999.000,9999.000,9999.000,9999.000
202603291054,   0.566,   1.229,9999.000,9999.000,9999.000,9999.000,9999.000,9999.000,9999.000
202603291100,   0.545,   1.200,   0.600,   0.055,   1.200,   0.500,   1.100,   0.600,   1.200
202603291106,   0.525,   1.180,9999.000,9999.000,9999.000,9999.000,9999.000,9999.000,9999.000
202603291112,   0.504,   1.151,9999.000,9999.000,9999.000,9999.000,9999.000,9999.000,9999.000
202603291118,   0.484,   1.151,9999.000,9999.000,9999.000,9999.000,9999.000,9999.000,9999.000
202603291124,   0.464,   1.128,9999.000,9999.000,9999.000,9999.000,9999.000,9999.000,9999.000
202603291130,   0.443,   1.108,9999.000,9999.000,9999.000,9999.000,9999.000,9999.000,9999.000
202603291136,   0.423,   1.079,9999.000,9999.000,9999.000,9999.000,9999.000,9999.000,9999.000
202603291142,   0.404,   1.069,9999.000,9999.000,9999.000,9999.000,9999.000,9999.000,9999.000
202603291148,   0.384,   1.029,9999.000,9999.000,9999.000,9999.000,9999.000,9999.000,9999.000
202603291154,   0.365,   1.000,9999.000,9999.000,9999.000,9999.000,9999.000,9999.000,9999.000
202603291200,   0.346,   0.980,   0.600,   0.034,   0.980,   0.600,   0.980,   0.700,   1.080
202603291206,   0.327,   0.951,9999.000,9999.000,9999.000,9999.000,9999.000,9999.000,9999.000
202603291212,   0.309,   0.941,9999.000,9999.000,9999.000,9999.000,9999.000,9999.000,9999.000
202603291218,   0.291,   0.918,9999.000,9999.000,9999.000,9999.000,9999.000,9999.000,9999.000
202603291224,   0.274,   0.918,9999.000,9999.000,9999.000,9999.000,9999.000,9999.000,9999.000
202603291230,   0.257,   0.908,9999.000,9999.000,9999.000,9999.000,9999.000,9999.000,9999.000
202603291236,   0.240,   0.908,9999.000,9999.000,9999.000,9999.000,9999.000,9999.000,9999.000
202603291242,   0.224,   0.908,9999.000,9999.000,9999.000,9999.000,9999.000,9999.000,9999.000
202603291248,   0.209,   0.918,9999.000,9999.000,9999.000,9999.000,9999.000,9999.000,9999.000
202603291254,   0.194,   0.928,9999.000,9999.000,9999.000,9999.000,9999.000,9999.000,9999.000
202603291300,   0.179,   0.951,   0.600,   0.172,   0.951,   0.600,   0.951,   0.700,   1.051
202603291306,   0.165,   0.980,9999.000,9999.000,9999.000,9999.000,9999.000,9999.000,9999.000
202603291312,   0.151,   1.010,9999.000,9999.000,9999.000,9999.000,9999.000,9999.000,9999.000
202603291318,   0.138,   1.029,9999.000,9999.000,9999.000,9999.000,9999.000,9999.000,9999.000
202603291324,   0.126,   1.069,9999.000,9999.000,9999.000,9999.000,9999.000,9999.000,9999.000
202603291330,   0.114,   1.118,9999.000,9999.000,9999.000,9999.000,9999.000,9999.000,9999.000
202603291336,   0.102,   1.151,9999.000,9999.000,9999.000,9999.000,9999.000,9999.000,9999.000
202603291342,   0.091,   1.200,9999.000,9999.000,9999.000,9999.000,9999.000,9999.000,9999.000
202603291348,   0.080,   1.229,9999.000,9999.000,9999.000,9999.000,9999.000,9999.000,9999.000
202603291354,   0.070,   1.249,9999.000,9999.000,9999.000,9999.000,9999.000,9999.000,9999.000
202603291400,   0.060,   1.289,   0.700,   0.529,   1.289,   0.600,   1.189,   0.700,   1.289
202603291406,   0.051,   1.298,9999.000,9999.000,9999.000,9999.000,9999.000,9999.000,9999.000
202603291412,   0.042,   1.348,9999.000,9999.000,9999.000,9999.000,9999.000,9999.000,9999.000
202603291418,   0.034,   1.371,9999.000,9999.000,9999.000,9999.000,9999.000,9999.000,9999.000
202603291424,   0.026,   1.390,9999.000,9999.000,9999.000,9999.000,9999.000,9999.000,9999.000
202603291430,   0.018,   1.420,9999.000,9999.000,9999.000,9999.000,9999.000,9999.000,9999.000
202603291436,   0.011,   1.459,9999.000,9999.000,9999.000,9999.000,9999.000,9999.000,9999.000
202603291442,   0.005,   1.489,9999.000,9999.000,9999.000,9999.000,9999.000,9999.000,9999.000
202603291448,  -0.001,   1.508,9999.000,9999.000,9999.000,9999.000,9999.000,9999.000,9999.000
202603291454,  -0.006,   1.508,9999.000,9999.000,9999.000,9999.000,9999.000,9999.000,9999.000
202603291500,  -0.011,   1.498,   0.700,   0.809,   1.498,   0.700,   1.498,   0.800,   1.598
202603291506,  -0.016,   1.538,9999.000,9999.000,9999.000,9999.000,9999.000,9999.000,9999.000
202603291512,  -0.020,   1.580,9999.000,9999.000,9999.000,9999.000,9999.000,9999.000,9999.000
202603291518,  -0.023,   1.620,9999.000,9999.000,9999.000,9999.000,9999.000,9999.000,9999.000
202603291524,  -0.026,   1.639,9999.000,9999.000,9999.000,9999.000,9999.000,9999.000,9999.000
202603291530,  -0.029,   1.630,9999.000,9999.000,9999.000,9999.000,9999.000,9999.000,9999.000
202603291536,  -0.030,   1.679,9999.000,9999.000,9999.000,9999.000,9999.000,9999.000,9999.000
202603291542,  -0.031,   1.718,9999.000,9999.000,9999.000,9999.000,9999.000,9999.000,9999.000
202603291548,  -0.032,   1.718,9999.000,9999.000,9999.000,9999.000,9999.000,9999.000,9999.000
202603291554,  -0.031,   1.767,9999.000,9999.000,9999.000,9999.000,9999.000,9999.000,9999.000
202603291600,  -0.030,   1.810,   0.800,   1.040,   1.810,   0.700,   1.710,   0.900,   1.910
202603291606,  -0.028,   1.830,9999.000,9999.000,9999.000,9999.000,9999.000,9999.000,9999.000
202603291612,  -0.026,   1.849,9999.000,9999.000,9999.000,9999.000,9999.000,9999.000,9999.000
202603291618,  -0.022,   1.869,9999.000,9999.000,9999.000,9999.000,9999.000,9999.000,9999.000
202603291624,  -0.018,   1.889,9999.000,9999.000,9999.000,9999.000,9999.000,9999.000,9999.000
202603291630,  -0.013,   1.889,9999.000,9999.000,9999.000,9999.000,9999.000,9999.000,9999.000
202603291636,  -0.007,   1.908,9999.000,9999.000,9999.000,9999.000,9999.000,9999.000,9999.000
202603291642,  -0.001,   1.908,9999.000,9999.000,9999.000,9999.000,9999.000,9999.000,9999.000
202603291648,   0.006,   1.938,9999.000,9999.000,9999.000,9999.000,9999.000,9999.000,9999.000
202603291654,   0.014,   1.948,9999.000,9999.000,9999.000,9999.000,9999.000,9999.000,9999.000
202603291700,   0.023,   1.967,   0.900,   1.044,   1.967,   0.800,   1.867,   0.900,   1.967
202603291706,   0.033,   1.967,9999.000,9999.000,9999.000,9999.000,9999.000,9999.000,9999.000
202603291712,   0.044,   1.981,9999.000,9999.000,9999.000,9999.000,9999.000,9999.000,9999.000
202603291718,   0.056,   2.000,9999.000,9999.000,9999.000,9999.000,9999.000,9999.000,9999.000
202603291724,   0.068,   2.010,9999.000,9999.000,9999.000,9999.000,9999.000,9999.000,9999.000
202603291730,   0.081,   2.020,9999.000,9999.000,9999.000,9999.000,9999.000,9999.000,9999.000
202603291736,   0.095,   2.010,9999.000,9999.000,9999.000,9999.000,9999.000,9999.000,9999.000
202603291742,   0.109,   2.020,9999.000,9999.000,9999.000,9999.000,9999.000,9999.000,9999.000
202603291748,   0.125,   2.020,9999.000,9999.000,9999.000,9999.000,9999.000,9999.000,9999.000
202603291754,   0.140,   2.030,9999.000,9999.000,9999.000,9999.000,9999.000,9999.000,9999.000
202603291800,   0.157,   2.049,   0.900,   0.992,   2.049,   0.800,   1.949,   1.000,   2.149
202603291806,   0.173,   2.049,9999.000,9999.000,9999.000,9999.000,9999.000,9999.000,9999.000
202603291812,   0.191,   2.059,9999.000,9999.000,9999.000,9999.000,9999.000,9999.000,9999.000
202603291818,   0.209,   2.079,9999.000,9999.000,9999.000,9999.000,9999.000,9999.000,9999.000
202603291824,   0.227,   2.099,9999.000,9999.000,9999.000,9999.000,9999.000,9999.000,9999.000
202603291830,   0.245,   2.089,9999.000,9999.000,9999.000,9999.000,9999.000,9999.000,9999.000
202603291836,   0.264,   2.109,9999.000,9999.000,9999.000,9999.000,9999.000,9999.000,9999.000
202603291842,   0.283,   2.128,9999.000,9999.000,9999.000,9999.000,9999.000,9999.000,9999.000
202603291848,   0.303,   2.128,9999.000,9999.000,9999.000,9999.000,9999.000,9999.000,9999.000
202603291854,   0.322,   2.148,9999.000,9999.000,9999.000,9999.000,9999.000,9999.000,9999.000
202603291900,   0.342,   2.158,   0.900,   0.916,   2.158,   0.800,   2.058,   1.000,   2.258
202603291906,   0.361,   2.168,9999.000,9999.000,9999.000,9999.000,9999.000,9999.000,9999.000
202603291912,   0.381,   2.158,9999.000,9999.000,9999.000,9999.000,9999.000,9999.000,9999.000
202603291918,   0.401,   2.168,9999.000,9999.000,9999.000,9999.000,9999.000,9999.000,9999.000
202603291924,   0.420,   2.177,9999.000,9999.000,9999.000,9999.000,9999.000,9999.000,9999.000
202603291930,   0.440,   2.191,9999.000,9999.000,9999.000,9999.000,9999.000,9999.000,9999.000
202603291936,   0.459,   2.191,9999.000,9999.000,9999.000,9999.000,9999.000,9999.000,9999.000
202603291942,   0.478,   2.210,9999.000,9999.000,9999.000,9999.000,9999.000,9999.000,9999.000
202603291948,   0.497,   2.220,9999.000,9999.000,9999.000,9999.000,9999.000,9999.000,9999.000
202603291954,   0.516,   2.230,9999.000,9999.000,9999.000,9999.000,9999.000,9999.000,9999.000
202603292000,   0.534,   2.230,   1.000,   0.696,   2.230,   0.900,   2.130,   1.000,   2.230
202603292006,   0.552,   2.240,9999.000,9999.000,9999.000,9999.000,9999.000,9999.000,9999.000
202603292012,   0.570,   2.250,9999.000,9999.000,9999.000,9999.000,9999.000,9999.000,9999.000
202603292018,   0.587,   2.279,9999.000,9999.000,9999.000,9999.000,9999.000,9999.000,9999.000
202603292024,   0.604,   2.279,9999.000,9999.000,9999.000,9999.000,9999.000,9999.000,9999.000
202603292030,   0.620,   2.299,9999.000,9999.000,9999.000,9999.000,9999.000,9999.000,9999.000
202603292036,   0.636,   2.299,9999.000,9999.000,9999.000,9999.000,9999.000,9999.000,9999.000
202603292042,   0.651,   2.318,9999.000,9999.000,9999.000,9999.000,9999.000,9999.000,9999.000
202603292048,   0.666,   2.328,9999.000,9999.000,9999.000,9999.000,9999.000,9999.000,9999.000
202603292054,   0.680,   2.348,9999.000,9999.000,9999.000,9999.000,9999.000,9999.000,9999.000
202603292100,   0.693,   2.377,   1.000,   0.684,   2.377,   0.900,   2.277,   1.000,   2.377
202603292106,   0.706,   2.400,9999.000,9999.000,9999.000,9999.000,9999.000,9999.000,9999.000
202603292112,   0.718,   2.410,9999.000,9999.000,9999.000,9999.000,9999.000,9999.000,9999.000
202603292118,   0.730,   2.420,9999.000,9999.000,9999.000,9999.000,9999.000,9999.000,9999.000
202603292124,   0.740,   2.440,9999.000,9999.000,9999.000,9999.000,9999.000,9999.000,9999.000
202603292130,   0.750,   2.450,9999.000,9999.000,9999.000,9999.000,9999.000,9999.000,9999.000
202603292136,   0.760,   2.459,9999.000,9999.000,9999.000,9999.000,9999.000,9999.000,9999.000
202603292142,   0.768,   2.489,9999.000,9999.000,9999.000,9999.000,9999.000,9999.000,9999.000
202603292148,   0.776,   2.489,9999.000,9999.000,9999.000,9999.000,9999.000,9999.000,9999.000
202603292154,   0.784,   2.479,9999.000,9999.000,9999.000,9999.000,9999.000,9999.000,9999.000
202603292200,   0.790,   2.479,   1.000,   0.689,   2.479,   0.900,   2.379,   1.000,   2.479
202603292206,   0.796,   2.459,9999.000,9999.000,9999.000,9999.000,9999.000,9999.000,9999.000
202603292212,   0.801,   2.459,9999.000,9999.000,9999.000,9999.000,9999.000,9999.000,9999.000
202603292218,   0.805,   2.469,9999.000,9999.000,9999.000,9999.000,9999.000,9999.000,9999.000
202603292224,   0.809,   2.469,9999.000,9999.000,9999.000,9999.000,9999.000,9999.000,9999.000
202603292230,   0.812,   2.479,9999.000,9999.000,9999.000,9999.000,9999.000,9999.000,9999.000
202603292236,   0.815,   2.479,9999.000,9999.000,9999.000,9999.000,9999.000,9999.000,9999.000
202603292242,   0.817,   2.499,9999.000,9999.000,9999.000,9999.000,9999.000,9999.000,9999.000
202603292248,   0.818,   2.479,9999.000,9999.000,9999.000,9999.000,9999.000,9999.000,9999.000
202603292254,   0.819,   2.479,9999.000,9999.000,9999.000,9999.000,9999.000,9999.000,9999.000
202603292300,   0.820,   2.479,   1.000,   0.659,   2.479,   1.000,   2.479,   1.100,   2.579
202603292306,   0.820,   2.489,9999.000,9999.000,9999.000,9999.000,9999.000,9999.000,9999.000
202603292312,   0.820,   2.479,9999.000,9999.000,9999.000,9999.000,9999.000,9999.000,9999.000
202603292318,   0.819,   2.489,9999.000,9999.000,9999.000,9999.000,9999.000,9999.000,9999.000
202603292324,   0.819,   2.499,9999.000,9999.000,9999.000,9999.000,9999.000,9999.000,9999.000
202603292330,   0.818,   2.519,9999.000,9999.000,9999.000,9999.000,9999.000,9999.000,9999.000
202603292336,   0.817,   2.519,9999.000,9999.000,9999.000,9999.000,9999.000,9999.000,9999.000
202603292342,   0.816,   2.509,9999.000,9999.000,9999.000,9999.000,9999.000,9999.000,9999.000
202603292348,   0.815,   2.519,9999.000,9999.000,9999.000,9999.000,9999.000,9999.000,9999.000
202603292354,   0.814,   2.509,9999.000,9999.000,9999.000,9999.000,9999.000,9999.000,9999.000
202603300000,   0.813,   2.509,   1.000,   0.696,   2.509,   1.000,   2.509,   1.100,   2.609
202603300006,   0.812,   2.519,9999.000,9999.000,9999.000,9999.000,9999.000,9999.000,9999.000
202603300012,   0.811,   2.519,9999.000,9999.000,9999.000,9999.000,9999.000,9999.000,9999.000
202603300018,   0.810,   2.519,9999.000,9999.000,9999.000,9999.000,9999.000,9999.000,9999.000
202603300024,   0.810,   2.509,9999.000,9999.000,9999.000,9999.000,9999.000,9999.000,9999.000
202603300030,   0.810,   2.499,9999.000,9999.000,9999.000,9999.000,9999.000,9999.000,9999.000
202603300036,   0.810,   2.499,9999.000,9999.000,9999.000,9999.000,9999.000,9999.000,9999.000
202603300042,   0.811,   2.519,9999.000,9999.000,9999.000,9999.000,9999.000,9999.000,9999.000
202603300048,   0.811,   2.499,9999.000,9999.000,9999.000,9999.000,9999.000,9999.000,9999.000
202603300054,   0.813,   2.499,9999.000,9999.000,9999.000,9999.000,9999.000,9999.000,9999.000
202603300100,   0.814,   2.528,   1.000,   0.714,   2.528,   1.000,   2.528,   1.100,   2.628
202603300106,   0.816,   2.519,9999.000,9999.000,9999.000,9999.000,9999.000,9999.000,9999.000
202603300112,   0.818,   2.528,9999.000,9999.000,9999.000,9999.000,9999.000,9999.000,9999.000
202603300118,   0.820,   2.528,9999.000,9999.000,9999.000,9999.000,9999.000,9999.000,9999.000
202603300124,   0.823,   2.519,9999.000,9999.000,9999.000,9999.000,9999.000,9999.000,9999.000
202603300130,   0.826,   2.548,9999.000,9999.000,9999.000,9999.000,9999.000,9999.000,9999.000
202603300136,   0.830,   2.558,9999.000,9999.000,9999.000,9999.000,9999.000,9999.000,9999.000
202603300142,   0.833,   2.558,9999.000,9999.000,9999.000,9999.000,9999.000,9999.000,9999.000
202603300148,   0.837,   2.568,9999.000,9999.000,9999.000,9999.000,9999.000,9999.000,9999.000
202603300154,   0.841,   2.558,9999.000,9999.000,9999.000,9999.000,9999.000,9999.000,9999.000
202603300200,   0.846,   2.578,   1.000,   0.732,   2.578,   1.000,   2.578,   1.100,   2.678
202603300206,   0.850,   2.597,9999.000,9999.000,9999.000,9999.000,9999.000,9999.000,9999.000
202603300212,   0.855,   2.587,9999.000,9999.000,9999.000,9999.000,9999.000,9999.000,9999.000
202603300218,   0.860,   2.597,9999.000,9999.000,9999.000,9999.000,9999.000,9999.000,9999.000
202603300224,   0.865,   2.610,9999.000,9999.000,9999.000,9999.000,9999.000,9999.000,9999.000
202603300230,   0.870,   2.620,9999.000,9999.000,9999.000,9999.000,9999.000,9999.000,9999.000
202603300236,   0.875,   2.597,9999.000,9999.000,9999.000,9999.000,9999.000,9999.000,9999.000
202603300242,   0.880,   2.610,9999.000,9999.000,9999.000,9999.000,9999.000,9999.000,9999.000
202603300248,   0.885,   2.620,9999.000,9999.000,9999.000,9999.000,9999.000,9999.000,9999.000
202603300254,   0.891,   2.620,9999.000,9999.000,9999.000,9999.000,9999.000,9999.000,9999.000
202603300300,   0.896,   2.630,   1.000,   0.734,   2.630,   1.000,   2.630,   1.100,   2.730
202603300306,   0.901,   2.630,9999.000,9999.000,9999.000,9999.000,9999.000,9999.000,9999.000
202603300312,   0.907,   2.630,9999.000,9999.000,9999.000,9999.000,9999.000,9999.000,9999.000
202603300318,   0.912,   2.640,9999.000,9999.000,9999.000,9999.000,9999.000,9999.000,9999.000
202603300324,   0.917,   2.650,9999.000,9999.000,9999.000,9999.000,9999.000,9999.000,9999.000
202603300330,   0.922,   2.650,9999.000,9999.000,9999.000,9999.000,9999.000,9999.000,9999.000
202603300336,   0.927,   2.669,9999.000,9999.000,9999.000,9999.000,9999.000,9999.000,9999.000
202603300342,   0.932,   2.669,9999.000,9999.000,9999.000,9999.000,9999.000,9999.000,9999.000
202603300348,   0.938,   2.660,9999.000,9999.000,9999.000,9999.000,9999.000,9999.000,9999.000
202603300354,   0.943,   2.669,9999.000,9999.000,9999.000,9999.000,9999.000,9999.000,9999.000
202603300400,   0.947,   2.660,   1.100,   0.613,   2.660,   1.000,   2.560,   1.100,   2.660
202603300406,   0.952,   2.679,9999.000,9999.000,9999.000,9999.000,9999.000,9999.000,9999.000
202603300412,   0.957,   2.679,9999.000,9999.000,9999.000,9999.000,9999.000,9999.000,9999.000
202603300418,   0.962,   2.699,9999.000,9999.000,9999.000,9999.000,9999.000,9999.000,9999.000
202603300424,   0.967,   2.699,9999.000,9999.000,9999.000,9999.000,9999.000,9999.000,9999.000
202603300430,   0.971,   2.689,9999.000,9999.000,9999.000,9999.000,9999.000,9999.000,9999.000
202603300436,   0.976,   2.679,9999.000,9999.000,9999.000,9999.000,9999.000,9999.000,9999.000
202603300442,   0.981,   2.650,9999.000,9999.000,9999.000,9999.000,9999.000,9999.000,9999.000
202603300448,   0.985,   2.669,9999.000,9999.000,9999.000,9999.000,9999.000,9999.000,9999.000
202603300454,   0.990,   2.650,9999.000,9999.000,9999.000,9999.000,9999.000,9999.000,9999.000
202603300500,   0.994,   2.650,   1.100,   0.556,   2.650,   1.000,   2.550,   1.200,   2.750
202603300506,   0.999,   2.650,9999.000,9999.000,9999.000,9999.000,9999.000,9999.000,9999.000
202603300512,   1.003,   2.650,9999.000,9999.000,9999.000,9999.000,9999.000,9999.000,9999.000
202603300518,   1.007,   2.640,9999.000,9999.000,9999.000,9999.000,9999.000,9999.000,9999.000
202603300524,   1.011,   2.630,9999.000,9999.000,9999.000,9999.000,9999.000,9999.000,9999.000
202603300530,   1.015,   2.630,9999.000,9999.000,9999.000,9999.000,9999.000,9999.000,9999.000
202603300536,   1.019,   2.620,9999.000,9999.000,9999.000,9999.000,9999.000,9999.000,9999.000
202603300542,   1.022,   2.640,9999.000,9999.000,9999.000,9999.000,9999.000,9999.000,9999.000
202603300548,   1.026,   2.640,9999.000,9999.000,9999.000,9999.000,9999.000,9999.000,9999.000
202603300554,   1.029,   2.630,9999.000,9999.000,9999.000,9999.000,9999.000,9999.000,9999.000
202603300600,   1.032,   2.630,   1.100,   0.498,   2.630,   1.000,   2.530,   1.100,   2.630
202603300606,   1.035,   2.620,9999.000,9999.000,9999.000,9999.000,9999.000,9999.000,9999.000
202603300612,   1.038,   2.630,9999.000,9999.000,9999.000,9999.000,9999.000,9999.000,9999.000
202603300618,   1.040,   2.630,9999.000,9999.000,9999.000,9999.000,9999.000,9999.000,9999.000
202603300624,   1.042,   2.660,9999.000,9999.000,9999.000,9999.000,9999.000,9999.000,9999.000
202603300630,   1.044,   2.669,9999.000,9999.000,9999.000,9999.000,9999.000,9999.000,9999.000
202603300636,   1.046,   2.669,9999.000,9999.000,9999.000,9999.000,9999.000,9999.000,9999.000
202603300642,   1.047,   2.660,9999.000,9999.000,9999.000,9999.000,9999.000,9999.000,9999.000
202603300648,   1.048,   2.660,9999.000,9999.000,9999.000,9999.000,9999.000,9999.000,9999.000
202603300654,   1.048,   2.650,9999.000,9999.000,9999.000,9999.000,9999.000,9999.000,9999.000
202603300700,   1.049,   2.650,   1.100,   0.501,   2.650,   1.000,   2.550,   1.200,   2.750
202603300706,   1.049,   2.630,9999.000,9999.000,9999.000,9999.000,9999.000,9999.000,9999.000
202603300712,   1.048,   2.630,9999.000,9999.000,9999.000,9999.000,9999.000,9999.000,9999.000
202603300718,   1.048,   2.620,9999.000,9999.000,9999.000,9999.000,9999.000,9999.000,9999.000
202603300724,   1.046,   2.610,9999.000,9999.000,9999.000,9999.000,9999.000,9999.000,9999.000
202603300730,   1.045,   2.597,9999.000,9999.000,9999.000,9999.000,9999.000,9999.000,9999.000
202603300736,   1.043,   2.587,9999.000,9999.000,9999.000,9999.000,9999.000,9999.000,9999.000
202603300742,   1.041,   2.587,9999.000,9999.000,9999.000,9999.000,9999.000,9999.000,9999.000
202603300748,   1.038,   2.587,9999.000,9999.000,9999.000,9999.000,9999.000,9999.000,9999.000
202603300754,   1.035,   2.578,9999.000,9999.000,9999.000,9999.000,9999.000,9999.000,9999.000
202603300800,   1.032,   2.558,   1.100,   0.426,   2.558,   1.000,   2.458,   1.100,   2.558
202603300806,   1.028,   2.548,9999.000,9999.000,9999.000,9999.000,9999.000,9999.000,9999.000
202603300812,   1.024,   2.528,9999.000,9999.000,9999.000,9999.000,9999.000,9999.000,9999.000
202603300818,   1.019,   2.528,9999.000,9999.000,9999.000,9999.000,9999.000,9999.000,9999.000
202603300824,   1.014,   2.528,9999.000,9999.000,9999.000,9999.000,9999.000,9999.000,9999.000
202603300830,   1.009,   2.519,9999.000,9999.000,9999.000,9999.000,9999.000,9999.000,9999.000
202603300836,   1.003,   2.509,9999.000,9999.000,9999.000,9999.000,9999.000,9999.000,9999.000
202603300842,   0.997,   2.509,9999.000,9999.000,9999.000,9999.000,9999.000,9999.000,9999.000
202603300848,   0.990,   2.489,9999.000,9999.000,9999.000,9999.000,9999.000,9999.000,9999.000
202603300854,   0.983,   2.479,9999.000,9999.000,9999.000,9999.000,9999.000,9999.000,9999.000
202603300900,   0.975,   2.469,   1.100,   0.394,   2.469,   1.000,   2.369,   1.100,   2.469
202603300906,   0.967,   2.459,9999.000,9999.000,9999.000,9999.000,9999.000,9999.000,9999.000
202603300912,   0.959,   2.450,9999.000,9999.000,9999.000,9999.000,9999.000,9999.000,9999.000
202603300918,   0.950,   2.430,9999.000,9999.000,9999.000,9999.000,9999.000,9999.000,9999.000
202603300924,   0.940,   2.400,9999.000,9999.000,9999.000,9999.000,9999.000,9999.000,9999.000
202603300930,   0.930,   2.387,9999.000,9999.000,9999.000,9999.000,9999.000,9999.000,9999.000
202603300936,   0.920,   2.377,9999.000,9999.000,9999.000,9999.000,9999.000,9999.000,9999.000
202603300942,   0.908,   2.358,9999.000,9999.000,9999.000,9999.000,9999.000,9999.000,9999.000
202603300948,   0.897,   2.338,9999.000,9999.000,9999.000,9999.000,9999.000,9999.000,9999.000
202603300954,   0.885,   2.309,9999.000,9999.000,9999.000,9999.000,9999.000,9999.000,9999.000
202603301000,   0.872,   2.309,   1.100,   0.337,   2.309,   1.000,   2.209,   1.100,   2.309
202603301006,   0.859,   2.289,9999.000,9999.000,9999.000,9999.000,9999.000,9999.000,9999.000
202603301012,   0.846,   2.269,9999.000,9999.000,9999.000,9999.000,9999.000,9999.000,9999.000
202603301018,   0.832,   2.250,9999.000,9999.000,9999.000,9999.000,9999.000,9999.000,9999.000
202603301024,   0.818,   2.240,9999.000,9999.000,9999.000,9999.000,9999.000,9999.000,9999.000
202603301030,   0.803,   2.230,9999.000,9999.000,9999.000,9999.000,9999.000,9999.000,9999.000
202603301036,   0.788,   2.210,9999.000,9999.000,9999.000,9999.000,9999.000,9999.000,9999.000
202603301042,   0.772,   2.210,9999.000,9999.000,9999.000,9999.000,9999.000,9999.000,9999.000
202603301048,   0.756,   2.191,9999.000,9999.000,9999.000,9999.000,9999.000,9999.000,9999.000
202603301054,   0.740,   2.177,9999.000,9999.000,9999.000,9999.000,9999.000,9999.000,9999.000
202603301100,   0.724,   2.158,   1.100,   0.334,   2.158,   1.000,   2.058,   1.100,   2.158
202603301106,   0.707,   2.128,9999.000,9999.000,9999.000,9999.000,9999.000,9999.000,9999.000
202603301112,   0.690,   2.118,9999.000,9999.000,9999.000,9999.000,9999.000,9999.000,9999.000
202603301118,   0.673,   2.099,9999.000,9999.000,9999.000,9999.000,9999.000,9999.000,9999.000
202603301124,   0.656,   2.069,9999.000,9999.000,9999.000,9999.000,9999.000,9999.000,9999.000
202603301130,   0.639,   2.040,9999.000,9999.000,9999.000,9999.000,9999.000,9999.000,9999.000
202603301136,   0.622,   2.000,9999.000,9999.000,9999.000,9999.000,9999.000,9999.000,9999.000
202603301142,   0.605,   1.981,9999.000,9999.000,9999.000,9999.000,9999.000,9999.000,9999.000
202603301148,   0.588,   1.967,9999.000,9999.000,9999.000,9999.000,9999.000,9999.000,9999.000
202603301154,   0.571,   1.958,9999.000,9999.000,9999.000,9999.000,9999.000,9999.000,9999.000
202603301200,   0.554,   1.948,   1.000,   0.394,   1.948,   1.000,   1.948,   1.100,   2.048
202603301206,   0.537,   1.918,9999.000,9999.000,9999.000,9999.000,9999.000,9999.000,9999.000
202603301212,   0.521,   1.908,9999.000,9999.000,9999.000,9999.000,9999.000,9999.000,9999.000
202603301218,   0.505,   1.859,9999.000,9999.000,9999.000,9999.000,9999.000,9999.000,9999.000
202603301224,   0.489,   1.840,9999.000,9999.000,9999.000,9999.000,9999.000,9999.000,9999.000
202603301230,   0.474,   1.820,9999.000,9999.000,9999.000,9999.000,9999.000,9999.000,9999.000
202603301236,   0.459,   1.810,9999.000,9999.000,9999.000,9999.000,9999.000,9999.000,9999.000
202603301242,   0.444,   1.790,9999.000,9999.000,9999.000,9999.000,9999.000,9999.000,9999.000
202603301248,   0.430,   1.790,9999.000,9999.000,9999.000,9999.000,9999.000,9999.000,9999.000
202603301254,   0.416,   1.781,9999.000,9999.000,9999.000,9999.000,9999.000,9999.000,9999.000
202603301300,   0.403,   1.781,   1.000,   0.378,   1.781,   1.000,   1.781,   1.100,   1.881
202603301306,   0.390,   1.758,9999.000,9999.000,9999.000,9999.000,9999.000,9999.000,9999.000
202603301312,   0.377,   1.748,9999.000,9999.000,9999.000,9999.000,9999.000,9999.000,9999.000
202603301318,   0.366,   1.718,9999.000,9999.000,9999.000,9999.000,9999.000,9999.000,9999.000
202603301324,   0.354,   1.708,9999.000,9999.000,9999.000,9999.000,9999.000,9999.000,9999.000
202603301330,   0.343,   1.689,9999.000,9999.000,9999.000,9999.000,9999.000,9999.000,9999.000
202603301336,   0.333,   1.669,9999.000,9999.000,9999.000,9999.000,9999.000,9999.000,9999.000
202603301342,   0.323,   1.639,9999.000,9999.000,9999.000,9999.000,9999.000,9999.000,9999.000
202603301348,   0.313,   1.630,9999.000,9999.000,9999.000,9999.000,9999.000,9999.000,9999.000
202603301354,   0.304,   1.610,9999.000,9999.000,9999.000,9999.000,9999.000,9999.000,9999.000
202603301400,   0.296,   1.590,   1.000,   0.294,   1.590,   0.900,   1.490,   1.100,   1.690
202603301406,   0.288,   1.571,9999.000,9999.000,9999.000,9999.000,9999.000,9999.000,9999.000
202603301412,   0.280,   1.548,9999.000,9999.000,9999.000,9999.000,9999.000,9999.000,9999.000
202603301418,   0.273,   1.528,9999.000,9999.000,9999.000,9999.000,9999.000,9999.000,9999.000
202603301424,   0.266,   1.498,9999.000,9999.000,9999.000,9999.000,9999.000,9999.000,9999.000
202603301430,   0.259,   1.489,9999.000,9999.000,9999.000,9999.000,9999.000,9999.000,9999.000
202603301436,   0.253,   1.479,9999.000,9999.000,9999.000,9999.000,9999.000,9999.000,9999.000
202603301442,   0.248,   1.459,9999.000,9999.000,9999.000,9999.000,9999.000,9999.000,9999.000
202603301448,   0.243,   1.439,9999.000,9999.000,9999.000,9999.000,9999.000,9999.000,9999.000
202603301454,   0.238,   1.439,9999.000,9999.000,9999.000,9999.000,9999.000,9999.000,9999.000
202603301500,   0.234,   1.439,   1.000,   0.205,   1.439,   0.900,   1.339,   1.100,   1.539
202603301506,   0.230,   1.459,9999.000,9999.000,9999.000,9999.000,9999.000,9999.000,9999.000
202603301512,   0.226,   1.439,9999.000,9999.000,9999.000,9999.000,9999.000,9999.000,9999.000
202603301518,   0.223,   1.459,9999.000,9999.000,9999.000,9999.000,9999.000,9999.000,9999.000
202603301524,   0.221,   1.459,9999.000,9999.000,9999.000,9999.000,9999.000,9999.000,9999.000
202603301530,   0.218,   1.459,9999.000,9999.000,9999.000,9999.000,9999.000,9999.000,9999.000
202603301536,   0.217,   1.459,9999.000,9999.000,9999.000,9999.000,9999.000,9999.000,9999.000
202603301542,   0.216,   1.469,9999.000,9999.000,9999.000,9999.000,9999.000,9999.000,9999.000
202603301548,   0.215,   1.449,9999.000,9999.000,9999.000,9999.000,9999.000,9999.000,9999.000
202603301554,   0.215,   1.459,9999.000,9999.000,9999.000,9999.000,9999.000,9999.000,9999.000
202603301600,   0.215,   1.459,   1.000,   0.244,   1.459,   0.900,   1.359,   1.000,   1.459
202603301606,   0.216,   1.479,9999.000,9999.000,9999.000,9999.000,9999.000,9999.000,9999.000
202603301612,   0.217,   1.489,9999.000,9999.000,9999.000,9999.000,9999.000,9999.000,9999.000
202603301618,   0.219,   1.469,9999.000,9999.000,9999.000,9999.000,9999.000,9999.000,9999.000
202603301624,   0.221,   1.469,9999.000,9999.000,9999.000,9999.000,9999.000,9999.000,9999.000
202603301630,   0.224,   1.469,9999.000,9999.000,9999.000,9999.000,9999.000,9999.000,9999.000
202603301636,   0.227,   1.479,9999.000,9999.000,9999.000,9999.000,9999.000,9999.000,9999.000
202603301642,   0.231,   1.479,9999.000,9999.000,9999.000,9999.000,9999.000,9999.000,9999.000
202603301648,   0.236,   1.489,9999.000,9999.000,9999.000,9999.000,9999.000,9999.000,9999.000
202603301654,   0.241,   1.498,9999.000,9999.000,9999.000,9999.000,9999.000,9999.000,9999.000
202603301700,   0.247,   1.489,   1.000,   0.242,   1.489,   0.900,   1.389,   1.000,   1.489
202603301706,   0.253,   1.508,9999.000,9999.000,9999.000,9999.000,9999.000,9999.000,9999.000
202603301712,   0.260,   1.518,9999.000,9999.000,9999.000,9999.000,9999.000,9999.000,9999.000
202603301718,   0.267,   1.538,9999.000,9999.000,9999.000,9999.000,9999.000,9999.000,9999.000
202603301724,   0.275,   1.528,9999.000,9999.000,9999.000,9999.000,9999.000,9999.000,9999.000
202603301730,   0.283,   1.548,9999.000,9999.000,9999.000,9999.000,9999.000,9999.000,9999.000
202603301736,   0.292,   1.548,9999.000,9999.000,9999.000,9999.000,9999.000,9999.000,9999.000
202603301742,   0.301,   1.557,9999.000,9999.000,9999.000,9999.000,9999.000,9999.000,9999.000
202603301748,   0.311,   1.557,9999.000,9999.000,9999.000,9999.000,9999.000,9999.000,9999.000
202603301754,   0.321,   1.557,9999.000,9999.000,9999.000,9999.000,9999.000,9999.000,9999.000
202603301800,   0.332,   1.557,   1.000,   0.225,   1.557,   0.900,   1.457,   1.000,   1.557
202603301806,   0.343,   1.557,9999.000,9999.000,9999.000,9999.000,9999.000,9999.000,9999.000
202603301812,   0.354,   1.571,9999.000,9999.000,9999.000,9999.000,9999.000,9999.000,9999.000
202603301818,   0.365,   1.590,9999.000,9999.000,9999.000,9999.000,9999.000,9999.000,9999.000
202603301824,   0.377,   1.630,9999.000,9999.000,9999.000,9999.000,9999.000,9999.000,9999.000
202603301830,   0.390,   1.630,9999.000,9999.000,9999.000,9999.000,9999.000,9999.000,9999.000
202603301836,   0.402,   1.639,9999.000,9999.000,9999.000,9999.000,9999.000,9999.000,9999.000
202603301842,   0.415,   1.649,9999.000,9999.000,9999.000,9999.000,9999.000,9999.000,9999.000
202603301848,   0.427,   1.659,9999.000,9999.000,9999.000,9999.000,9999.000,9999.000,9999.000
202603301854,   0.440,   1.649,9999.000,9999.000,9999.000,9999.000,9999.000,9999.000,9999.000
202603301900,   0.454,   1.649,   0.900,   0.295,   1.649,   0.900,   1.649,   1.000,   1.749
202603301906,   0.467,   1.659,9999.000,9999.000,9999.000,9999.000,9999.000,9999.000,9999.000
202603301912,   0.480,   1.679,9999.000,9999.000,9999.000,9999.000,9999.000,9999.000,9999.000
202603301918,   0.494,   1.679,9999.000,9999.000,9999.000,9999.000,9999.000,9999.000,9999.000
202603301924,   0.507,   1.699,9999.000,9999.000,9999.000,9999.000,9999.000,9999.000,9999.000
202603301930,   0.520,   1.699,9999.000,9999.000,9999.000,9999.000,9999.000,9999.000,9999.000
202603301936,   0.534,   1.708,9999.000,9999.000,9999.000,9999.000,9999.000,9999.000,9999.000
202603301942,   0.547,   1.728,9999.000,9999.000,9999.000,9999.000,9999.000,9999.000,9999.000
202603301948,   0.560,   1.738,9999.000,9999.000,9999.000,9999.000,9999.000,9999.000,9999.000
202603301954,   0.574,   1.728,9999.000,9999.000,9999.000,9999.000,9999.000,9999.000,9999.000
202603302000,   0.587,   1.728,   0.900,   0.241,   1.728,   0.900,   1.728,   1.000,   1.828
202603302006,   0.600,   1.748,9999.000,9999.000,9999.000,9999.000,9999.000,9999.000,9999.000
202603302012,   0.612,   1.767,9999.000,9999.000,9999.000,9999.000,9999.000,9999.000,9999.000
202603302018,   0.625,   1.781,9999.000,9999.000,9999.000,9999.000,9999.000,9999.000,9999.000
202603302024,   0.637,   1.781,9999.000,9999.000,9999.000,9999.000,9999.000,9999.000,9999.000
202603302030,   0.649,   1.781,9999.000,9999.000,9999.000,9999.000,9999.000,9999.000,9999.000
202603302036,   0.660,   1.781,9999.000,9999.000,9999.000,9999.000,9999.000,9999.000,9999.000
202603302042,   0.671,   1.790,9999.000,9999.000,9999.000,9999.000,9999.000,9999.000,9999.000
202603302048,   0.682,   1.781,9999.000,9999.000,9999.000,9999.000,9999.000,9999.000,9999.000
202603302054,   0.692,   1.800,9999.000,9999.000,9999.000,9999.000,9999.000,9999.000,9999.000
202603302100,   0.702,   1.800,   0.900,   0.198,   1.800,   0.900,   1.800,   1.000,   1.900
202603302106,   0.712,   1.800,9999.000,9999.000,9999.000,9999.000,9999.000,9999.000,9999.000
202603302112,   0.721,   1.810,9999.000,9999.000,9999.000,9999.000,9999.000,9999.000,9999.000
202603302118,   0.729,   1.810,9999.000,9999.000,9999.000,9999.000,9999.000,9999.000,9999.000
202603302124,   0.736,   1.820,9999.000,9999.000,9999.000,9999.000,9999.000,9999.000,9999.000
202603302130,   0.743,   1.840,9999.000,9999.000,9999.000,9999.000,9999.000,9999.000,9999.000
202603302136,   0.750,   1.849,9999.000,9999.000,9999.000,9999.000,9999.000,9999.000,9999.000
202603302142,   0.756,   1.859,9999.000,9999.000,9999.000,9999.000,9999.000,9999.000,9999.000
202603302148,   0.761,   1.869,9999.000,9999.000,9999.000,9999.000,9999.000,9999.000,9999.000
202603302154,   0.765,   1.859,9999.000,9999.000,9999.000,9999.000,9999.000,9999.000,9999.000
202603302200,   0.769,   1.859,   0.900,   0.190,   1.859,   0.900,   1.859,   1.000,   1.959
202603302206,   0.771,   1.869,9999.000,9999.000,9999.000,9999.000,9999.000,9999.000,9999.000
202603302212,   0.774,   1.869,9999.000,9999.000,9999.000,9999.000,9999.000,9999.000,9999.000
202603302218,   0.775,   1.879,9999.000,9999.000,9999.000,9999.000,9999.000,9999.000,9999.000
202603302224,   0.776,   1.879,9999.000,9999.000,9999.000,9999.000,9999.000,9999.000,9999.000
202603302230,   0.776,   1.889,9999.000,9999.000,9999.000,9999.000,9999.000,9999.000,9999.000
202603302236,   0.775,   1.899,9999.000,9999.000,9999.000,9999.000,9999.000,9999.000,9999.000
202603302242,   0.774,   1.899,9999.000,9999.000,9999.000,9999.000,9999.000,9999.000,9999.000
202603302248,   0.772,   1.908,9999.000,9999.000,9999.000,9999.000,9999.000,9999.000,9999.000
202603302254,   0.769,   1.908,9999.000,9999.000,9999.000,9999.000,9999.000,9999.000,9999.000
202603302300,   0.766,   1.918,   0.900,   0.252,   1.918,   0.900,   1.918,   1.000,   2.018
202603302306,   0.762,   1.918,9999.000,9999.000,9999.000,9999.000,9999.000,9999.000,9999.000
202603302312,   0.757,   1.918,9999.000,9999.000,9999.000,9999.000,9999.000,9999.000,9999.000
202603302318,   0.753,   1.938,9999.000,9999.000,9999.000,9999.000,9999.000,9999.000,9999.000
202603302324,   0.747,   1.928,9999.000,9999.000,9999.000,9999.000,9999.000,9999.000,9999.000
202603302330,   0.742,   1.928,9999.000,9999.000,9999.000,9999.000,9999.000,9999.000,9999.000
202603302336,   0.736,   1.918,9999.000,9999.000,9999.000,9999.000,9999.000,9999.000,9999.000
202603302342,   0.730,   1.938,9999.000,9999.000,9999.000,9999.000,9999.000,9999.000,9999.000
202603302348,   0.723,   1.928,9999.000,9999.000,9999.000,9999.000,9999.000,9999.000,9999.000
202603302354,   0.716,   1.928,9999.000,9999.000,9999.000,9999.000,9999.000,9999.000,9999.000
202603310000,   0.710,   1.918,   0.900,   0.308,   1.918,   0.900,   1.918,   1.000,   2.018
202603310006,   0.703,   1.918,9999.000,9999.000,9999.000,9999.000,9999.000,9999.000,9999.000
202603310012,   0.696,   1.918,9999.000,9999.000,9999.000,9999.000,9999.000,9999.000,9999.000
202603310018,   0.689,   1.899,9999.000,9999.000,9999.000,9999.000,9999.000,9999.000,9999.000
202603310024,   0.683,   1.889,9999.000,9999.000,9999.000,9999.000,9999.000,9999.000,9999.000
202603310030,   0.676,   1.899,9999.000,9999.000,9999.000,9999.000,9999.000,9999.000,9999.000
202603310036,   0.670,   1.899,9999.000,9999.000,9999.000,9999.000,9999.000,9999.000,9999.000
202603310042,   0.664,   1.899,9999.000,9999.000,9999.000,9999.000,9999.000,9999.000,9999.000
202603310048,   0.658,   1.899,9999.000,9999.000,9999.000,9999.000,9999.000,9999.000,9999.000
202603310054,   0.652,   1.889,9999.000,9999.000,9999.000,9999.000,9999.000,9999.000,9999.000
202603310100,   0.647,   1.899,   0.900,   0.352,   1.899,   0.900,   1.899,   1.000,   1.999
202603310106,   0.642,   1.908,9999.000,9999.000,9999.000,9999.000,9999.000,9999.000,9999.000
202603310112,   0.637,   1.889,9999.000,9999.000,9999.000,9999.000,9999.000,9999.000,9999.000
202603310118,   0.633,   1.899,9999.000,9999.000,9999.000,9999.000,9999.000,9999.000,9999.000
202603310124,   0.629,   1.899,9999.000,9999.000,9999.000,9999.000,9999.000,9999.000,9999.000
202603310130,   0.626,   1.899,9999.000,9999.000,9999.000,9999.000,9999.000,9999.000,9999.000
202603310136,   0.623,   1.899,9999.000,9999.000,9999.000,9999.000,9999.000,9999.000,9999.000
202603310142,   0.620,   1.889,9999.000,9999.000,9999.000,9999.000,9999.000,9999.000,9999.000
202603310148,   0.618,   1.889,9999.000,9999.000,9999.000,9999.000,9999.000,9999.000,9999.000
202603310154,   0.616,   1.908,9999.000,9999.000,9999.000,9999.000,9999.000,9999.000,9999.000
202603310200,   0.615,   1.918,   0.900,   0.403,   1.918,   0.900,   1.918,   1.000,   2.018
202603310206,   0.614,   1.918,9999.000,9999.000,9999.000,9999.000,9999.000,9999.000,9999.000
202603310212,   0.613,   1.918,9999.000,9999.000,9999.000,9999.000,9999.000,9999.000,9999.000
202603310218,   0.613,   1.918,9999.000,9999.000,9999.000,9999.000,9999.000,9999.000,9999.000
202603310224,   0.613,   1.918,9999.000,9999.000,9999.000,9999.000,9999.000,9999.000,9999.000
202603310230,   0.613,   1.918,9999.000,9999.000,9999.000,9999.000,9999.000,9999.000,9999.000
202603310236,   0.614,   1.918,9999.000,9999.000,9999.000,9999.000,9999.000,9999.000,9999.000
202603310242,   0.615,   1.918,9999.000,9999.000,9999.000,9999.000,9999.000,9999.000,9999.000
202603310248,   0.617,   1.938,9999.000,9999.000,9999.000,9999.000,9999.000,9999.000,9999.000
202603310254,   0.619,   1.948,9999.000,9999.000,9999.000,9999.000,9999.000,9999.000,9999.000
202603310300,   0.621,   1.958,   0.900,   0.437,   1.958,   0.900,   1.958,   1.000,   2.058
202603310306,   0.624,   1.958,9999.000,9999.000,9999.000,9999.000,9999.000,9999.000,9999.000
202603310312,   0.626,   1.958,9999.000,9999.000,9999.000,9999.000,9999.000,9999.000,9999.000
202603310318,   0.629,   1.967,9999.000,9999.000,9999.000,9999.000,9999.000,9999.000,9999.000
202603310324,   0.633,   1.981,9999.000,9999.000,9999.000,9999.000,9999.000,9999.000,9999.000
202603310330,   0.637,   1.990,9999.000,9999.000,9999.000,9999.000,9999.000,9999.000,9999.000
202603310336,   0.640,   2.000,9999.000,9999.000,9999.000,9999.000,9999.000,9999.000,9999.000
202603310342,   0.645,   2.010,9999.000,9999.000,9999.000,9999.000,9999.000,9999.000,9999.000
202603310348,   0.649,   2.020,9999.000,9999.000,9999.000,9999.000,9999.000,9999.000,9999.000
202603310354,   0.654,   2.030,9999.000,9999.000,9999.000,9999.000,9999.000,9999.000,9999.000
202603310400,   0.659,   2.049,   0.900,   0.490,   2.049,   0.900,   2.049,   1.000,   2.149
202603310406,   0.664,   2.069,9999.000,9999.000,9999.000,9999.000,9999.000,9999.000,9999.000
202603310412,   0.670,   2.089,9999.000,9999.000,9999.000,9999.000,9999.000,9999.000,9999.000
202603310418,   0.675,   2.109,9999.000,9999.000,9999.000,9999.000,9999.000,9999.000,9999.000
202603310424,   0.681,   2.128,9999.000,9999.000,9999.000,9999.000,9999.000,9999.000,9999.000
202603310430,   0.687,   2.138,9999.000,9999.000,9999.000,9999.000,9999.000,9999.000,9999.000
202603310436,   0.694,   2.148,9999.000,9999.000,9999.000,9999.000,9999.000,9999.000,9999.000
202603310442,   0.700,   2.158,9999.000,9999.000,9999.000,9999.000,9999.000,9999.000,9999.000
202603310448,   0.707,   2.158,9999.000,9999.000,9999.000,9999.000,9999.000,9999.000,9999.000
202603310454,   0.713,   2.177,9999.000,9999.000,9999.000,9999.000,9999.000,9999.000,9999.000
202603310500,   0.720,   2.191,   0.900,   0.571,   2.191,   0.900,   2.191,   1.000,   2.291
202603310506,   0.727,   2.200,9999.000,9999.000,9999.000,9999.000,9999.000,9999.000,9999.000
202603310512,   0.734,   2.210,9999.000,9999.000,9999.000,9999.000,9999.000,9999.000,9999.000
202603310518,   0.741,   2.220,9999.000,9999.000,9999.000,9999.000,9999.000,9999.000,9999.000
202603310524,   0.748,   2.230,9999.000,9999.000,9999.000,9999.000,9999.000,9999.000,9999.000
202603310530,   0.756,   2.250,9999.000,9999.000,9999.000,9999.000,9999.000,9999.000,9999.000
202603310536,   0.763,   2.250,9999.000,9999.000,9999.000,9999.000,9999.000,9999.000,9999.000
202603310542,   0.770,   2.269,9999.000,9999.000,9999.000,9999.000,9999.000,9999.000,9999.000
202603310548,   0.777,   2.279,9999.000,9999.000,9999.000,9999.000,9999.000,9999.000,9999.000
202603310554,   0.784,   2.289,9999.000,9999.000,9999.000,9999.000,9999.000,9999.000,9999.000
202603310600,   0.791,   2.299,   0.900,   0.608,   2.299,   0.800,   2.199,   1.000,   2.399
202603310606,   0.798,   2.309,9999.000,9999.000,9999.000,9999.000,9999.000,9999.000,9999.000
202603310612,   0.805,   2.309,9999.000,9999.000,9999.000,9999.000,9999.000,9999.000,9999.000
202603310618,   0.811,   2.318,9999.000,9999.000,9999.000,9999.000,9999.000,9999.000,9999.000
202603310624,   0.818,   2.328,9999.000,9999.000,9999.000,9999.000,9999.000,9999.000,9999.000
202603310630,   0.824,   2.318,9999.000,9999.000,9999.000,9999.000,9999.000,9999.000,9999.000
202603310636,   0.830,   2.328,9999.000,9999.000,9999.000,9999.000,9999.000,9999.000,9999.000
202603310642,   0.836,   2.328,9999.000,9999.000,9999.000,9999.000,9999.000,9999.000,9999.000
202603310648,   0.842,   2.328,9999.000,9999.000,9999.000,9999.000,9999.000,9999.000,9999.000
202603310654,   0.847,   2.328,9999.000,9999.000,9999.000,9999.000,9999.000,9999.000,9999.000
202603310700,   0.853,   2.338,   0.900,   0.585,   2.338,   0.800,   2.238,   1.000,   2.438
202603310706,   0.858,   2.348,9999.000,9999.000,9999.000,9999.000,9999.000,9999.000,9999.000
202603310712,   0.862,   2.338,9999.000,9999.000,9999.000,9999.000,9999.000,9999.000,9999.000
202603310718,   0.867,   2.338,9999.000,9999.000,9999.000,9999.000,9999.000,9999.000,9999.000
202603310724,   0.871,   2.338,9999.000,9999.000,9999.000,9999.000,9999.000,9999.000,9999.000
202603310730,   0.876,   2.338,9999.000,9999.000,9999.000,9999.000,9999.000,9999.000,9999.000
202603310736,   0.879,   2.348,9999.000,9999.000,9999.000,9999.000,9999.000,9999.000,9999.000
202603310742,   0.883,   2.338,9999.000,9999.000,9999.000,9999.000,9999.000,9999.000,9999.000
202603310748,   0.886,   2.348,9999.000,9999.000,9999.000,9999.000,9999.000,9999.000,9999.000
202603310754,   0.890,   2.348,9999.000,9999.000,9999.000,9999.000,9999.000,9999.000,9999.000
202603310800,   0.893,   2.348,   0.900,   0.555,   2.348,   0.800,   2.248,   0.900,   2.348
202603310806,   0.895,   2.348,9999.000,9999.000,9999.000,9999.000,9999.000,9999.000,9999.000
202603310812,   0.898,   2.338,9999.000,9999.000,9999.000,9999.000,9999.000,9999.000,9999.000
202603310818,   0.900,   2.328,9999.000,9999.000,9999.000,9999.000,9999.000,9999.000,9999.000
202603310824,   0.902,   2.338,9999.000,9999.000,9999.000,9999.000,9999.000,9999.000,9999.000
202603310830,   0.903,   2.338,9999.000,9999.000,9999.000,9999.000,9999.000,9999.000,9999.000
202603310836,   0.904,   2.328,9999.000,9999.000,9999.000,9999.000,9999.000,9999.000,9999.000
202603310842,   0.905,   2.328,9999.000,9999.000,9999.000,9999.000,9999.000,9999.000,9999.000
202603310848,   0.906,   2.318,9999.000,9999.000,9999.000,9999.000,9999.000,9999.000,9999.000
202603310854,   0.906,   2.318,9999.000,9999.000,9999.000,9999.000,9999.000,9999.000,9999.000
202603310900,   0.906,   2.309,   0.900,   0.503,   2.309,   0.800,   2.209,   0.900,   2.309
202603310906,   0.906,   2.299,9999.000,9999.000,9999.000,9999.000,9999.000,9999.000,9999.000
202603310912,   0.905,   2.289,9999.000,9999.000,9999.000,9999.000,9999.000,9999.000,9999.000
202603310918,   0.904,   2.279,9999.000,9999.000,9999.000,9999.000,9999.000,9999.000,9999.000
202603310924,   0.902,   2.259,9999.000,9999.000,9999.000,9999.000,9999.000,9999.000,9999.000
202603310930,   0.900,   2.240,9999.000,9999.000,9999.000,9999.000,9999.000,9999.000,9999.000
202603310936,   0.897,   2.230,9999.000,9999.000,9999.000,9999.000,9999.000,9999.000,9999.000
202603310942,   0.894,   2.230,9999.000,9999.000,9999.000,9999.000,9999.000,9999.000,9999.000
202603310948,   0.891,   2.220,9999.000,9999.000,9999.000,9999.000,9999.000,9999.000,9999.000
202603310954,   0.887,   2.200,9999.000,9999.000,9999.000,9999.000,9999.000,9999.000,9999.000
202603311000,   0.882,   2.191,   0.900,   0.409,   2.191,   0.800,   2.091,   0.900,   2.191
202603311006,   0.877,   2.168,9999.000,9999.000,9999.000,9999.000,9999.000,9999.000,9999.000
202603311012,   0.872,   2.158,9999.000,9999.000,9999.000,9999.000,9999.000,9999.000,9999.000
202603311018,   0.866,   2.148,9999.000,9999.000,9999.000,9999.000,9999.000,9999.000,9999.000
202603311024,   0.859,   2.128,9999.000,9999.000,9999.000,9999.000,9999.000,9999.000,9999.000
202603311030,   0.852,   2.109,9999.000,9999.000,9999.000,9999.000,9999.000,9999.000,9999.000
202603311036,   0.845,   2.089,9999.000,9999.000,9999.000,9999.000,9999.000,9999.000,9999.000
202603311042,   0.837,   2.069,9999.000,9999.000,9999.000,9999.000,9999.000,9999.000,9999.000
202603311048,   0.828,   2.049,9999.000,9999.000,9999.000,9999.000,9999.000,9999.000,9999.000
202603311054,   0.819,   2.030,9999.000,9999.000,9999.000,9999.000,9999.000,9999.000,9999.000
202603311100,   0.810,   2.010,   0.900,   0.300,   2.010,   0.800,   1.910,   0.900,   2.010
202603311106,   0.800,   1.981,9999.000,9999.000,9999.000,9999.000,9999.000,9999.000,9999.000
202603311112,   0.790,   1.958,9999.000,9999.000,9999.000,9999.000,9999.000,9999.000,9999.000
202603311118,   0.779,   1.938,9999.000,9999.000,9999.000,9999.000,9999.000,9999.000,9999.000
202603311124,   0.769,   1.918,9999.000,9999.000,9999.000,9999.000,9999.000,9999.000,9999.000
202603311130,   0.758,   1.889,9999.000,9999.000,9999.000,9999.000,9999.000,9999.000,9999.000
202603311136,   0.746,   1.879,9999.000,9999.000,9999.000,9999.000,9999.000,9999.000,9999.000
202603311142,   0.735,   1.859,9999.000,9999.000,9999.000,9999.000,9999.000,9999.000,9999.000
202603311148,   0.723,   1.840,9999.000,9999.000,9999.000,9999.000,9999.000,9999.000,9999.000
202603311154,   0.712,   1.820,9999.000,9999.000,9999.000,9999.000,9999.000,9999.000,9999.000
202603311200,   0.700,   1.800,   0.800,   0.300,   1.800,   0.700,   1.700,   0.900,   1.900
202603311206,   0.688,   1.790,9999.000,9999.000,9999.000,9999.000,9999.000,9999.000,9999.000
202603311212,   0.677,   1.758,9999.000,9999.000,9999.000,9999.000,9999.000,9999.000,9999.000
202603311218,   0.665,   1.738,9999.000,9999.000,9999.000,9999.000,9999.000,9999.000,9999.000
202603311224,   0.654,   1.728,9999.000,9999.000,9999.000,9999.000,9999.000,9999.000,9999.000
202603311230,   0.642,   1.699,9999.000,9999.000,9999.000,9999.000,9999.000,9999.000,9999.000
202603311236,   0.631,   1.689,9999.000,9999.000,9999.000,9999.000,9999.000,9999.000,9999.000
202603311242,   0.620,   1.669,9999.000,9999.000,9999.000,9999.000,9999.000,9999.000,9999.000
202603311248,   0.610,   1.659,9999.000,9999.000,9999.000,9999.000,9999.000,9999.000,9999.000
202603311254,   0.599,   1.639,9999.000,9999.000,9999.000,9999.000,9999.000,9999.000,9999.000
202603311300,   0.589,   1.620,   0.700,   0.331,   1.620,   0.700,   1.620,   0.900,   1.820
202603311306,   0.579,   1.600,9999.000,9999.000,9999.000,9999.000,9999.000,9999.000,9999.000
202603311312,   0.570,   1.590,9999.000,9999.000,9999.000,9999.000,9999.000,9999.000,9999.000
202603311318,   0.561,   1.580,9999.000,9999.000,9999.000,9999.000,9999.000,9999.000,9999.000
202603311324,   0.552,   1.571,9999.000,9999.000,9999.000,9999.000,9999.000,9999.000,9999.000
202603311330,   0.544,   1.548,9999.000,9999.000,9999.000,9999.000,9999.000,9999.000,9999.000
202603311336,   0.536,   1.538,9999.000,9999.000,9999.000,9999.000,9999.000,9999.000,9999.000
202603311342,   0.528,   1.518,9999.000,9999.000,9999.000,9999.000,9999.000,9999.000,9999.000
202603311348,   0.521,   1.508,9999.000,9999.000,9999.000,9999.000,9999.000,9999.000,9999.000
202603311354,   0.514,   1.489,9999.000,9999.000,9999.000,9999.000,9999.000,9999.000,9999.000
202603311400,   0.508,   1.459,   0.700,   0.251,   1.459,   0.700,   1.459,   0.900,   1.659
202603311406,   0.502,   1.449,9999.000,9999.000,9999.000,9999.000,9999.000,9999.000,9999.000
202603311412,   0.497,   1.439,9999.000,9999.000,9999.000,9999.000,9999.000,9999.000,9999.000
202603311418,   0.492,   1.420,9999.000,9999.000,9999.000,9999.000,9999.000,9999.000,9999.000
202603311424,   0.487,   1.410,9999.000,9999.000,9999.000,9999.000,9999.000,9999.000,9999.000
202603311430,   0.483,   1.400,9999.000,9999.000,9999.000,9999.000,9999.000,9999.000,9999.000
202603311436,   0.479,   1.390,9999.000,9999.000,9999.000,9999.000,9999.000,9999.000,9999.000
202603311442,   0.476,   1.371,9999.000,9999.000,9999.000,9999.000,9999.000,9999.000,9999.000
202603311448,   0.472,   1.348,9999.000,9999.000,9999.000,9999.000,9999.000,9999.000,9999.000
202603311454,   0.470,   1.348,9999.000,9999.000,9999.000,9999.000,9999.000,9999.000,9999.000
202603311500,   0.468,   1.348,   0.700,   0.180,   1.348,   0.700,   1.348,   0.900,   1.548
202603311506,   0.466,   1.348,9999.000,9999.000,9999.000,9999.000,9999.000,9999.000,9999.000
202603311512,   0.464,   1.338,9999.000,9999.000,9999.000,9999.000,9999.000,9999.000,9999.000
202603311518,   0.463,   1.328,9999.000,9999.000,9999.000,9999.000,9999.000,9999.000,9999.000
202603311524,   0.463,   1.318,9999.000,9999.000,9999.000,9999.000,9999.000,9999.000,9999.000
202603311530,   0.463,   1.318,9999.000,9999.000,9999.000,9999.000,9999.000,9999.000,9999.000
202603311536,   0.463,   1.318,9999.000,9999.000,9999.000,9999.000,9999.000,9999.000,9999.000
202603311542,   0.463,   1.318,9999.000,9999.000,9999.000,9999.000,9999.000,9999.000,9999.000
202603311548,   0.464,   1.328,9999.000,9999.000,9999.000,9999.000,9999.000,9999.000,9999.000
202603311554,   0.466,   1.328,9999.000,9999.000,9999.000,9999.000,9999.000,9999.000,9999.000
202603311600,   0.468,   1.328,   0.700,   0.160,   1.328,   0.700,   1.328,   0.900,   1.528
202603311606,   0.470,   1.308,9999.000,9999.000,9999.000,9999.000,9999.000,9999.000,9999.000
202603311612,   0.473,   1.308,9999.000,9999.000,9999.000,9999.000,9999.000,9999.000,9999.000
202603311618,   0.476,   1.298,9999.000,9999.000,9999.000,9999.000,9999.000,9999.000,9999.000
202603311624,   0.479,   1.289,9999.000,9999.000,9999.000,9999.000,9999.000,9999.000,9999.000
202603311630,   0.483,   1.269,9999.000,9999.000,9999.000,9999.000,9999.000,9999.000,9999.000
202603311636,   0.487,   1.279,9999.000,9999.000,9999.000,9999.000,9999.000,9999.000,9999.000
202603311642,   0.492,   1.279,9999.000,9999.000,9999.000,9999.000,9999.000,9999.000,9999.000
202603311648,   0.497,   1.298,9999.000,9999.000,9999.000,9999.000,9999.000,9999.000,9999.000
202603311654,   0.502,   1.298,9999.000,9999.000,9999.000,9999.000,9999.000,9999.000,9999.000
202603311700,   0.508,   1.289,   0.700,   0.081,   1.289,   0.700,   1.289,   0.900,   1.489
202603311706,   0.514,   1.279,9999.000,9999.000,9999.000,9999.000,9999.000,9999.000,9999.000
202603311712,   0.520,   1.289,9999.000,9999.000,9999.000,9999.000,9999.000,9999.000,9999.000
202603311718,   0.527,   1.279,9999.000,9999.000,9999.000,9999.000,9999.000,9999.000,9999.000
202603311724,   0.534,   1.269,9999.000,9999.000,9999.000,9999.000,9999.000,9999.000,9999.000
202603311730,   0.541,   1.269,9999.000,9999.000,9999.000,9999.000,9999.000,9999.000,9999.000
202603311736,   0.548,   1.259,9999.000,9999.000,9999.000,9999.000,9999.000,9999.000,9999.000
202603311742,   0.555,   1.279,9999.000,9999.000,9999.000,9999.000,9999.000,9999.000,9999.000
202603311748,   0.563,   1.279,9999.000,9999.000,9999.000,9999.000,9999.000,9999.000,9999.000
202603311754,   0.571,   1.279,9999.000,9999.000,9999.000,9999.000,9999.000,9999.000,9999.000
202603311800,   0.579,   1.289,   0.700,   0.010,   1.289,   0.700,   1.289,   0.800,   1.389
202603311806,   0.587,   1.289,9999.000,9999.000,9999.000,9999.000,9999.000,9999.000,9999.000
202603311812,   0.595,   1.298,9999.000,9999.000,9999.000,9999.000,9999.000,9999.000,9999.000
202603311818,   0.603,   1.289,9999.000,9999.000,9999.000,9999.000,9999.000,9999.000,9999.000
202603311824,   0.611,   1.298,9999.000,9999.000,9999.000,9999.000,9999.000,9999.000,9999.000
202603311830,   0.619,   1.318,9999.000,9999.000,9999.000,9999.000,9999.000,9999.000,9999.000
202603311836,   0.627,   1.338,9999.000,9999.000,9999.000,9999.000,9999.000,9999.000,9999.000
202603311842,   0.635,   1.338,9999.000,9999.000,9999.000,9999.000,9999.000,9999.000,9999.000
202603311848,   0.643,   1.348,9999.000,9999.000,9999.000,9999.000,9999.000,9999.000,9999.000
202603311854,   0.651,   1.348,9999.000,9999.000,9999.000,9999.000,9999.000,9999.000,9999.000
202603311900,   0.659,   1.348,   0.700,  -0.011,   1.348,   0.700,   1.348,   0.800,   1.448
202603311906,   0.667,   1.371,9999.000,9999.000,9999.000,9999.000,9999.000,9999.000,9999.000
202603311912,   0.675,   1.371,9999.000,9999.000,9999.000,9999.000,9999.000,9999.000,9999.000
202603311918,   0.683,   1.390,9999.000,9999.000,9999.000,9999.000,9999.000,9999.000,9999.000
202603311924,   0.690,   1.400,9999.000,9999.000,9999.000,9999.000,9999.000,9999.000,9999.000
202603311930,   0.698,   1.410,9999.000,9999.000,9999.000,9999.000,9999.000,9999.000,9999.000
202603311936,   0.705,   1.410,9999.000,9999.000,9999.000,9999.000,9999.000,9999.000,9999.000
202603311942,   0.713,   1.410,9999.000,9999.000,9999.000,9999.000,9999.000,9999.000,9999.000
202603311948,   0.720,   1.410,9999.000,9999.000,9999.000,9999.000,9999.000,9999.000,9999.000
202603311954,   0.727,   1.430,9999.000,9999.000,9999.000,9999.000,9999.000,9999.000,9999.000
202603312000,   0.734,   1.449,   0.700,   0.015,   1.449,   0.700,   1.449,   0.800,   1.549
202603312006,   0.741,   1.449,9999.000,9999.000,9999.000,9999.000,9999.000,9999.000,9999.000
202603312012,   0.747,   1.459,9999.000,9999.000,9999.000,9999.000,9999.000,9999.000,9999.000
202603312018,   0.753,   1.459,9999.000,9999.000,9999.000,9999.000,9999.000,9999.000,9999.000
202603312024,   0.759,   1.459,9999.000,9999.000,9999.000,9999.000,9999.000,9999.000,9999.000
202603312030,   0.765,   1.449,9999.000,9999.000,9999.000,9999.000,9999.000,9999.000,9999.000
202603312036,   0.771,   1.449,9999.000,9999.000,9999.000,9999.000,9999.000,9999.000,9999.000
202603312042,   0.776,   1.449,9999.000,9999.000,9999.000,9999.000,9999.000,9999.000,9999.000
202603312048,   0.781,   1.459,9999.000,9999.000,9999.000,9999.000,9999.000,9999.000,9999.000
202603312054,   0.786,   1.449,9999.000,9999.000,9999.000,9999.000,9999.000,9999.000,9999.000
202603312100,   0.791,   1.469,   0.700,  -0.022,   1.469,   0.700,   1.469,   0.800,   1.569
202603312106,   0.795,   1.479,9999.000,9999.000,9999.000,9999.000,9999.000,9999.000,9999.000
202603312112,   0.798,   1.489,9999.000,9999.000,9999.000,9999.000,9999.000,9999.000,9999.000
202603312118,   0.801,   1.489,9999.000,9999.000,9999.000,9999.000,9999.000,9999.000,9999.000
202603312124,   0.804,   1.498,9999.000,9999.000,9999.000,9999.000,9999.000,9999.000,9999.000
202603312130,   0.806,   1.489,9999.000,9999.000,9999.000,9999.000,9999.000,9999.000,9999.000
202603312136,   0.808,   1.479,9999.000,9999.000,9999.000,9999.000,9999.000,9999.000,9999.000
202603312142,   0.809,   1.489,9999.000,9999.000,9999.000,9999.000,9999.000,9999.000,9999.000
202603312148,   0.810,   1.489,9999.000,9999.000,9999.000,9999.000,9999.000,9999.000,9999.000
202603312154,   0.810,   1.479,9999.000,9999.000,9999.000,9999.000,9999.000,9999.000,9999.000
202603312200,   0.809,   1.479,   0.700,  -0.030,   1.479,   0.700,   1.479,   0.800,   1.579
202603312206,   0.808,   1.489,9999.000,9999.000,9999.000,9999.000,9999.000,9999.000,9999.000
202603312212,   0.806,   1.469,9999.000,9999.000,9999.000,9999.000,9999.000,9999.000,9999.000
202603312218,   0.803,   1.479,9999.000,9999.000,9999.000,9999.000,9999.000,9999.000,9999.000
202603312224,   0.800,   1.469,9999.000,9999.000,9999.000,9999.000,9999.000,9999.000,9999.000
202603312230,   0.796,   1.489,9999.000,9999.000,9999.000,9999.000,9999.000,9999.000,9999.000
202603312236,   0.792,   1.498,9999.000,9999.000,9999.000,9999.000,9999.000,9999.000,9999.000
202603312242,   0.787,   1.498,9999.000,9999.000,9999.000,9999.000,9999.000,9999.000,9999.000
202603312248,   0.781,   1.479,9999.000,9999.000,9999.000,9999.000,9999.000,9999.000,9999.000
202603312254,   0.774,   1.489,9999.000,9999.000,9999.000,9999.000,9999.000,9999.000,9999.000
202603312300,   0.767,   1.459,   0.700,  -0.008,   1.459,   0.700,   1.459,   0.800,   1.559
202603312306,   0.760,   1.449,9999.000,9999.000,9999.000,9999.000,9999.000,9999.000,9999.000
202603312312,   0.752,   1.459,9999.000,9999.000,9999.000,9999.000,9999.000,9999.000,9999.000
202603312318,   0.743,   1.459,9999.000,9999.000,9999.000,9999.000,9999.000,9999.000,9999.000
202603312324,   0.734,   1.459,9999.000,9999.000,9999.000,9999.000,9999.000,9999.000,9999.000
202603312330,   0.724,   1.449,9999.000,9999.000,9999.000,9999.000,9999.000,9999.000,9999.000
202603312336,   0.714,   1.430,9999.000,9999.000,9999.000,9999.000,9999.000,9999.000,9999.000
202603312342,   0.703,   1.430,9999.000,9999.000,9999.000,9999.000,9999.000,9999.000,9999.000
202603312348,   0.692,   1.430,9999.000,9999.000,9999.000,9999.000,9999.000,9999.000,9999.000
202603312354,   0.681,   1.420,9999.000,9999.000,9999.000,9999.000,9999.000,9999.000,9999.000
202604010000,   0.669,   1.420,   0.600,   0.151,   1.420,   0.600,   1.420,   0.700,   1.520
202604010006,   0.658,9999.000,9999.000,9999.000,9999.000,9999.000,9999.000,9999.000,9999.000
202604010012,   0.646,9999.000,9999.000,9999.000,9999.000,9999.000,9999.000,9999.000,9999.000
202604010018,   0.634,9999.000,9999.000,9999.000,9999.000,9999.000,9999.000,9999.000,9999.000
202604010024,   0.622,   1.334,9999.000,9999.000,9999.000,9999.000,9999.000,9999.000,9999.000
202604010030,   0.610,9999.000,9999.000,9999.000,9999.000,9999.000,9999.000,9999.000,9999.000
202604010036,   0.598,9999.000,9999.000,9999.000,9999.000,9999.000,9999.000,9999.000,9999.000
202604010042,   0.586,9999.000,9999.000,9999.000,9999.000,9999.000,9999.000,9999.000,9999.000
202604010048,   0.574,   1.348,9999.000,9999.000,9999.000,9999.000,9999.000,9999.000,9999.000
202604010054,   0.562,   1.338,9999.000,9999.000,9999.000,9999.000,9999.000,9999.000,9999.000
202604010100,   0.551,   1.338,   0.600,   0.187,   1.338,   0.600,   1.338,   0.700,   1.438
202604010106,   0.539,   1.328,9999.000,9999.000,9999.000,9999.000,9999.000,9999.000,9999.000
202604010112,   0.528,   1.308,9999.000,9999.000,9999.000,9999.000,9999.000,9999.000,9999.000
202604010118,   0.517,   1.289,9999.000,9999.000,9999.000,9999.000,9999.000,9999.000,9999.000
202604010124,   0.507,   1.289,9999.000,9999.000,9999.000,9999.000,9999.000,9999.000,9999.000
202604010130,   0.496,   1.279,9999.000,9999.000,9999.000,9999.000,9999.000,9999.000,9999.000
202604010136,   0.486,   1.259,9999.000,9999.000,9999.000,9999.000,9999.000,9999.000,9999.000
202604010142,   0.477,   1.239,9999.000,9999.000,9999.000,9999.000,9999.000,9999.000,9999.000
202604010148,   0.468,   1.220,9999.000,9999.000,9999.000,9999.000,9999.000,9999.000,9999.000
202604010154,   0.459,   1.190,9999.000,9999.000,9999.000,9999.000,9999.000,9999.000,9999.000
202604010200,   0.450,   1.200,   0.600,   0.150,   1.200,   0.600,   1.200,   0.700,   1.300
202604010206,   0.442,   1.170,9999.000,9999.000,9999.000,9999.000,9999.000,9999.000,9999.000
202604010212,   0.435,   1.151,9999.000,9999.000,9999.000,9999.000,9999.000,9999.000,9999.000
202604010218,   0.428,   1.128,9999.000,9999.000,9999.000,9999.000,9999.000,9999.000,9999.000
202604010224,   0.421,   1.108,9999.000,9999.000,9999.000,9999.000,9999.000,9999.000,9999.000
202604010230,   0.415,   1.079,9999.000,9999.000,9999.000,9999.000,9999.000,9999.000,9999.000
202604010236,   0.409,   1.069,9999.000,9999.000,9999.000,9999.000,9999.000,9999.000,9999.000
202604010242,   0.404,   1.059,9999.000,9999.000,9999.000,9999.000,9999.000,9999.000,9999.000
202604010248,   0.400,   1.049,9999.000,9999.000,9999.000,9999.000,9999.000,9999.000,9999.000
202604010254,   0.395,   1.069,9999.000,9999.000,9999.000,9999.000,9999.000,9999.000,9999.000
202604010300,   0.392,   1.088,   0.600,   0.096,   1.088,   0.600,   1.088,   0.700,   1.188
202604010306,   0.389,   1.108,9999.000,9999.000,9999.000,9999.000,9999.000,9999.000,9999.000
202604010312,   0.386,   1.128,9999.000,9999.000,9999.000,9999.000,9999.000,9999.000,9999.000
202604010318,   0.384,   1.128,9999.000,9999.000,9999.000,9999.000,9999.000,9999.000,9999.000
202604010324,   0.382,   1.161,9999.000,9999.000,9999.000,9999.000,9999.000,9999.000,9999.000
202604010330,   0.381,   1.180,9999.000,9999.000,9999.000,9999.000,9999.000,9999.000,9999.000
202604010336,   0.381,   1.200,9999.000,9999.000,9999.000,9999.000,9999.000,9999.000,9999.000
202604010342,   0.381,   1.220,9999.000,9999.000,9999.000,9999.000,9999.000,9999.000,9999.000
202604010348,   0.382,   1.229,9999.000,9999.000,9999.000,9999.000,9999.000,9999.000,9999.000
202604010354,   0.383,   1.249,9999.000,9999.000,9999.000,9999.000,9999.000,9999.000,9999.000
202604010400,   0.385,   1.289,   0.600,   0.304,   1.289,   0.600,   1.289,   0.700,   1.389
202604010406,   0.387,   1.308,9999.000,9999.000,9999.000,9999.000,9999.000,9999.000,9999.000
202604010412,   0.390,   1.318,9999.000,9999.000,9999.000,9999.000,9999.000,9999.000,9999.000
202604010418,   0.393,   1.338,9999.000,9999.000,9999.000,9999.000,9999.000,9999.000,9999.000
202604010424,   0.397,   1.348,9999.000,9999.000,9999.000,9999.000,9999.000,9999.000,9999.000
202604010430,   0.401,   1.348,9999.000,9999.000,9999.000,9999.000,9999.000,9999.000,9999.000
202604010436,   0.406,   1.380,9999.000,9999.000,9999.000,9999.000,9999.000,9999.000,9999.000
202604010442,   0.411,   1.390,9999.000,9999.000,9999.000,9999.000,9999.000,9999.000,9999.000
202604010448,   0.417,   1.410,9999.000,9999.000,9999.000,9999.000,9999.000,9999.000,9999.000
202604010454,   0.423,   1.420,9999.000,9999.000,9999.000,9999.000,9999.000,9999.000,9999.000
202604010500,   0.429,   1.430,   0.700,   0.301,   1.430,   0.600,   1.330,   0.700,   1.430
202604010506,   0.436,   1.439,9999.000,9999.000,9999.000,9999.000,9999.000,9999.000,9999.000
202604010512,   0.443,   1.449,9999.000,9999.000,9999.000,9999.000,9999.000,9999.000,9999.000
202604010518,   0.451,   1.469,9999.000,9999.000,9999.000,9999.000,9999.000,9999.000,9999.000
202604010524,   0.458,   1.489,9999.000,9999.000,9999.000,9999.000,9999.000,9999.000,9999.000
202604010530,   0.466,   1.489,9999.000,9999.000,9999.000,9999.000,9999.000,9999.000,9999.000
202604010536,   0.474,   1.518,9999.000,9999.000,9999.000,9999.000,9999.000,9999.000,9999.000
202604010542,   0.483,   1.528,9999.000,9999.000,9999.000,9999.000,9999.000,9999.000,9999.000
202604010548,   0.491,   1.538,9999.000,9999.000,9999.000,9999.000,9999.000,9999.000,9999.000
202604010554,   0.500,   1.557,9999.000,9999.000,9999.000,9999.000,9999.000,9999.000,9999.000
202604010600,   0.509,   1.571,   0.600,   0.462,   1.571,   0.600,   1.571,   0.700,   1.671
202604010606,   0.518,   1.590,9999.000,9999.000,9999.000,9999.000,9999.000,9999.000,9999.000
202604010612,   0.526,   1.610,9999.000,9999.000,9999.000,9999.000,9999.000,9999.000,9999.000
202604010618,   0.535,   1.630,9999.000,9999.000,9999.000,9999.000,9999.000,9999.000,9999.000
202604010624,   0.544,   1.649,9999.000,9999.000,9999.000,9999.000,9999.000,9999.000,9999.000
202604010630,   0.553,   1.669,9999.000,9999.000,9999.000,9999.000,9999.000,9999.000,9999.000
202604010636,   0.562,   1.679,9999.000,9999.000,9999.000,9999.000,9999.000,9999.000,9999.000
202604010642,   0.571,   1.699,9999.000,9999.000,9999.000,9999.000,9999.000,9999.000,9999.000
202604010648,   0.579,   1.718,9999.000,9999.000,9999.000,9999.000,9999.000,9999.000,9999.000
202604010654,   0.588,   1.728,9999.000,9999.000,9999.000,9999.000,9999.000,9999.000,9999.000
202604010700,   0.596,   1.748,   0.600,   0.552,   1.748,   0.600,   1.748,   0.700,   1.848
202604010706,   0.605,   1.758,9999.000,9999.000,9999.000,9999.000,9999.000,9999.000,9999.000
202604010712,   0.613,   1.767,9999.000,9999.000,9999.000,9999.000,9999.000,9999.000,9999.000
202604010718,   0.621,   1.790,9999.000,9999.000,9999.000,9999.000,9999.000,9999.000,9999.000
202604010724,   0.629,   1.800,9999.000,9999.000,9999.000,9999.000,9999.000,9999.000,9999.000
202604010730,   0.637,   1.800,9999.000,9999.000,9999.000,9999.000,9999.000,9999.000,9999.000
202604010736,   0.645,   1.810,9999.000,9999.000,9999.000,9999.000,9999.000,9999.000,9999.000
202604010742,   0.653,   1.810,9999.000,9999.000,9999.000,9999.000,9999.000,9999.000,9999.000
202604010748,   0.660,   1.830,9999.000,9999.000,9999.000,9999.000,9999.000,9999.000,9999.000
202604010754,   0.668,   1.840,9999.000,9999.000,9999.000,9999.000,9999.000,9999.000,9999.000
202604010800,   0.675,   1.849,   0.600,   0.574,   1.849,   0.600,   1.849,   0.700,   1.949
202604010806,   0.683,   1.869,9999.000,9999.000,9999.000,9999.000,9999.000,9999.000,9999.000
202604010812,   0.690,   1.879,9999.000,9999.000,9999.000,9999.000,9999.000,9999.000,9999.000
202604010818,   0.697,   1.889,9999.000,9999.000,9999.000,9999.000,9999.000,9999.000,9999.000
202604010824,   0.704,   1.889,9999.000,9999.000,9999.000,9999.000,9999.000,9999.000,9999.000
202604010830,   0.711,   1.899,9999.000,9999.000,9999.000,9999.000,9999.000,9999.000,9999.000
202604010836,   0.718,   1.899,9999.000,9999.000,9999.000,9999.000,9999.000,9999.000,9999.000
202604010842,   0.724,   1.908,9999.000,9999.000,9999.000,9999.000,9999.000,9999.000,9999.000
202604010848,   0.731,   1.908,9999.000,9999.000,9999.000,9999.000,9999.000,9999.000,9999.000
202604010854,   0.737,   1.908,9999.000,9999.000,9999.000,9999.000,9999.000,9999.000,9999.000
202604010900,   0.743,   1.908,   0.600,   0.565,   1.908,   0.600,   1.908,   0.700,   2.008
202604010906,   0.750,   1.899,9999.000,9999.000,9999.000,9999.000,9999.000,9999.000,9999.000
202604010912,   0.754,   1.908,9999.000,9999.000,9999.000,9999.000,9999.000,9999.000,9999.000
202604010918,   0.760,   1.908,9999.000,9999.000,9999.000,9999.000,9999.000,9999.000,9999.000
202604010924,   0.765,   1.908,9999.000,9999.000,9999.000,9999.000,9999.000,9999.000,9999.000
202604010930,   0.770,   1.908,9999.000,9999.000,9999.000,9999.000,9999.000,9999.000,9999.000
202604010936,   0.775,   1.918,9999.000,9999.000,9999.000,9999.000,9999.000,9999.000,9999.000
202604010942,   0.779,   1.899,9999.000,9999.000,9999.000,9999.000,9999.000,9999.000,9999.000
202604010948,   0.783,   1.899,9999.000,9999.000,9999.000,9999.000,9999.000,9999.000,9999.000
202604010954,   0.786,   1.899,9999.000,9999.000,9999.000,9999.000,9999.000,9999.000,9999.000
202604011000,   0.789,   1.899,   0.600,   0.510,   1.899,   0.600,   1.899,   0.700,   1.999
202604011006,   0.792,   1.889,9999.000,9999.000,9999.000,9999.000,9999.000,9999.000,9999.000
202604011012,   0.795,   1.889,9999.000,9999.000,9999.000,9999.000,9999.000,9999.000,9999.000
202604011018,   0.796,   1.889,9999.000,9999.000,9999.000,9999.000,9999.000,9999.000,9999.000
202604011024,   0.798,   1.889,9999.000,9999.000,9999.000,9999.000,9999.000,9999.000,9999.000
202604011030,   0.799,   1.899,9999.000,9999.000,9999.000,9999.000,9999.000,9999.000,9999.000
202604011036,   0.800,   1.899,9999.000,9999.000,9999.000,9999.000,9999.000,9999.000,9999.000
202604011042,   0.800,   1.889,9999.000,9999.000,9999.000,9999.000,9999.000,9999.000,9999.000
202604011048,   0.799,   1.889,9999.000,9999.000,9999.000,9999.000,9999.000,9999.000,9999.000
202604011054,   0.799,   1.879,9999.000,9999.000,9999.000,9999.000,9999.000,9999.000,9999.000
202604011100,   0.797,   1.879,   0.600,   0.482,   1.879,   0.600,   1.879,   0.700,   1.979
202604011106,   0.796,   1.869,9999.000,9999.000,9999.000,9999.000,9999.000,9999.000,9999.000
202604011112,   0.794,   1.849,9999.000,9999.000,9999.000,9999.000,9999.000,9999.000,9999.000
202604011118,   0.791,   1.849,9999.000,9999.000,9999.000,9999.000,9999.000,9999.000,9999.000
202604011124,   0.789,   1.840,9999.000,9999.000,9999.000,9999.000,9999.000,9999.000,9999.000
202604011130,   0.785,   1.830,9999.000,9999.000,9999.000,9999.000,9999.000,9999.000,9999.000
202604011136,   0.782,   1.810,9999.000,9999.000,9999.000,9999.000,9999.000,9999.000,9999.000
202604011142,   0.778,   1.810,9999.000,9999.000,9999.000,9999.000,9999.000,9999.000,9999.000
202604011148,   0.774,   1.790,9999.000,9999.000,9999.000,9999.000,9999.000,9999.000,9999.000
202604011154,   0.770,   1.790,9999.000,9999.000,9999.000,9999.000,9999.000,9999.000,9999.000
202604011200,   0.765,   1.781,   0.700,   0.316,   1.781,   0.700,   1.781,   0.700,   1.781
202604011206,   0.761,   1.767,9999.000,9999.000,9999.000,9999.000,9999.000,9999.000,9999.000
202604011212,   0.756,   1.758,9999.000,9999.000,9999.000,9999.000,9999.000,9999.000,9999.000
202604011218,   0.751,   1.738,9999.000,9999.000,9999.000,9999.000,9999.000,9999.000,9999.000
202604011224,   0.746,   1.718,9999.000,9999.000,9999.000,9999.000,9999.000,9999.000,9999.000
202604011230,   0.741,   1.708,9999.000,9999.000,9999.000,9999.000,9999.000,9999.000,9999.000
202604011236,   0.735,   1.689,9999.000,9999.000,9999.000,9999.000,9999.000,9999.000,9999.000
202604011242,   0.730,   1.669,9999.000,9999.000,9999.000,9999.000,9999.000,9999.000,9999.000
202604011248,   0.725,   1.659,9999.000,9999.000,9999.000,9999.000,9999.000,9999.000,9999.000
202604011254,   0.720,   1.639,9999.000,9999.000,9999.000,9999.000,9999.000,9999.000,9999.000
202604011300,   0.715,   1.620,   0.700,   0.205,   1.620,   0.600,   1.520,   0.700,   1.620
202604011306,   0.710,   1.600,9999.000,9999.000,9999.000,9999.000,9999.000,9999.000,9999.000
202604011312,   0.705,   1.590,9999.000,9999.000,9999.000,9999.000,9999.000,9999.000,9999.000
202604011318,   0.701,   1.580,9999.000,9999.000,9999.000,9999.000,9999.000,9999.000,9999.000
202604011324,   0.696,   1.557,9999.000,9999.000,9999.000,9999.000,9999.000,9999.000,9999.000
202604011330,   0.692,   1.538,9999.000,9999.000,9999.000,9999.000,9999.000,9999.000,9999.000
202604011336,   0.688,   1.528,9999.000,9999.000,9999.000,9999.000,9999.000,9999.000,9999.000
202604011342,   0.684,   1.508,9999.000,9999.000,9999.000,9999.000,9999.000,9999.000,9999.000
202604011348,   0.680,   1.498,9999.000,9999.000,9999.000,9999.000,9999.000,9999.000,9999.000
202604011354,   0.677,   1.489,9999.000,9999.000,9999.000,9999.000,9999.000,9999.000,9999.000
202604011400,   0.674,   1.479,   0.700,   0.105,   1.479,   0.600,   1.379,   0.700,   1.479
202604011406,   0.671,   1.449,9999.000,9999.000,9999.000,9999.000,9999.000,9999.000,9999.000
202604011412,   0.668,   1.449,9999.000,9999.000,9999.000,9999.000,9999.000,9999.000,9999.000
202604011418,   0.666,   1.420,9999.000,9999.000,9999.000,9999.000,9999.000,9999.000,9999.000
202604011424,   0.664,   1.400,9999.000,9999.000,9999.000,9999.000,9999.000,9999.000,9999.000
202604011430,   0.662,   1.390,9999.000,9999.000,9999.000,9999.000,9999.000,9999.000,9999.000
202604011436,   0.661,   1.371,9999.000,9999.000,9999.000,9999.000,9999.000,9999.000,9999.000
202604011442,   0.659,   1.361,9999.000,9999.000,9999.000,9999.000,9999.000,9999.000,9999.000
202604011448,   0.659,   1.348,9999.000,9999.000,9999.000,9999.000,9999.000,9999.000,9999.000
202604011454,   0.658,   1.328,9999.000,9999.000,9999.000,9999.000,9999.000,9999.000,9999.000
202604011500,   0.658,   1.328,   0.700,  -0.030,   1.328,   0.600,   1.228,   0.700,   1.328
202604011506,   0.659,   1.318,9999.000,9999.000,9999.000,9999.000,9999.000,9999.000,9999.000
202604011512,   0.659,   1.318,9999.000,9999.000,9999.000,9999.000,9999.000,9999.000,9999.000
202604011518,   0.660,   1.318,9999.000,9999.000,9999.000,9999.000,9999.000,9999.000,9999.000
202604011524,   0.662,   1.318,9999.000,9999.000,9999.000,9999.000,9999.000,9999.000,9999.000
202604011530,   0.664,   1.308,9999.000,9999.000,9999.000,9999.000,9999.000,9999.000,9999.000
202604011536,   0.666,   1.328,9999.000,9999.000,9999.000,9999.000,9999.000,9999.000,9999.000
202604011542,   0.669,   1.328,9999.000,9999.000,9999.000,9999.000,9999.000,9999.000,9999.000
202604011548,   0.672,   1.318,9999.000,9999.000,9999.000,9999.000,9999.000,9999.000,9999.000
202604011554,   0.676,   1.318,9999.000,9999.000,9999.000,9999.000,9999.000,9999.000,9999.000
202604011600,   0.680,   1.318,   0.700,  -0.062,   1.318,   0.600,   1.218,   0.700,   1.318
202604011606,   0.684,   1.318,9999.000,9999.000,9999.000,9999.000,9999.000,9999.000,9999.000
202604011612,   0.689,   1.338,9999.000,9999.000,9999.000,9999.000,9999.000,9999.000,9999.000
202604011618,   0.694,   1.348,9999.000,9999.000,9999.000,9999.000,9999.000,9999.000,9999.000
202604011624,   0.700,   1.361,9999.000,9999.000,9999.000,9999.000,9999.000,9999.000,9999.000
202604011630,   0.706,   1.371,9999.000,9999.000,9999.000,9999.000,9999.000,9999.000,9999.000
202604011636,   0.712,   1.380,9999.000,9999.000,9999.000,9999.000,9999.000,9999.000,9999.000
202604011642,   0.719,   1.390,9999.000,9999.000,9999.000,9999.000,9999.000,9999.000,9999.000
202604011648,   0.726,   1.400,9999.000,9999.000,9999.000,9999.000,9999.000,9999.000,9999.000
202604011654,   0.733,   1.410,9999.000,9999.000,9999.000,9999.000,9999.000,9999.000,9999.000
202604011700,   0.740,   1.420,   0.700,  -0.020,   1.420,   0.700,   1.420,   0.700,   1.420
202604011706,   0.748,   1.439,9999.000,9999.000,9999.000,9999.000,9999.000,9999.000,9999.000
202604011712,   0.756,   1.459,9999.000,9999.000,9999.000,9999.000,9999.000,9999.000,9999.000
202604011718,   0.764,   1.479,9999.000,9999.000,9999.000,9999.000,9999.000,9999.000,9999.000
202604011724,   0.773,   1.479,9999.000,9999.000,9999.000,9999.000,9999.000,9999.000,9999.000
202604011730,   0.781,   1.489,9999.000,9999.000,9999.000,9999.000,9999.000,9999.000,9999.000
202604011736,   0.790,   1.489,9999.000,9999.000,9999.000,9999.000,9999.000,9999.000,9999.000
202604011742,   0.798,   1.508,9999.000,9999.000,9999.000,9999.000,9999.000,9999.000,9999.000
202604011748,   0.806,   1.518,9999.000,9999.000,9999.000,9999.000,9999.000,9999.000,9999.000
202604011754,   0.815,   1.518,9999.000,9999.000,9999.000,9999.000,9999.000,9999.000,9999.000
202604011800,   0.823,   1.518,   0.700,  -0.005,   1.518,   0.700,   1.518,   0.700,   1.518
202604011806,   0.831,9999.000,9999.000,9999.000,9999.000,9999.000,9999.000,9999.000,9999.000
202604011812,   0.840,9999.000,9999.000,9999.000,9999.000,9999.000,9999.000,9999.000,9999.000
202604011818,   0.848,9999.000,9999.000,9999.000,9999.000,9999.000,9999.000,9999.000,9999.000
202604011824,   0.855,9999.000,9999.000,9999.000,9999.000,9999.000,9999.000,9999.000,9999.000
202604011830,   0.863,9999.000,9999.000,9999.000,9999.000,9999.000,9999.000,9999.000,9999.000
202604011836,   0.870,9999.000,9999.000,9999.000,9999.000,9999.000,9999.000,9999.000,9999.000
202604011842,   0.877,9999.000,9999.000,9999.000,9999.000,9999.000,9999.000,9999.000,9999.000
202604011848,   0.884,9999.000,9999.000,9999.000,9999.000,9999.000,9999.000,9999.000,9999.000
202604011854,   0.890,9999.000,9999.000,9999.000,9999.000,9999.000,9999.000,9999.000,9999.000
202604011900,   0.896,9999.000,   0.700,   0.028,   1.624,   0.700,   1.624,   0.700,   1.624
202604011906,   0.902,9999.000,9999.000,9999.000,9999.000,9999.000,9999.000,9999.000,9999.000
202604011912,   0.907,9999.000,9999.000,9999.000,9999.000,9999.000,9999.000,9999.000,9999.000
202604011918,   0.912,9999.000,9999.000,9999.000,9999.000,9999.000,9999.000,9999.000,9999.000
202604011924,   0.917,9999.000,9999.000,9999.000,9999.000,9999.000,9999.000,9999.000,9999.000
202604011930,   0.921,9999.000,9999.000,9999.000,9999.000,9999.000,9999.000,9999.000,9999.000
202604011936,   0.925,9999.000,9999.000,9999.000,9999.000,9999.000,9999.000,9999.000,9999.000
202604011942,   0.929,9999.000,9999.000,9999.000,9999.000,9999.000,9999.000,9999.000,9999.000
202604011948,   0.932,9999.000,9999.000,9999.000,9999.000,9999.000,9999.000,9999.000,9999.000
202604011954,   0.935,9999.000,9999.000,9999.000,9999.000,9999.000,9999.000,9999.000,9999.000
202604012000,   0.937,9999.000,   0.700,   0.060,   1.697,   0.700,   1.697,   0.700,   1.697
202604012006,   0.940,9999.000,9999.000,9999.000,9999.000,9999.000,9999.000,9999.000,9999.000
202604012012,   0.942,9999.000,9999.000,9999.000,9999.000,9999.000,9999.000,9999.000,9999.000
202604012018,   0.943,9999.000,9999.000,9999.000,9999.000,9999.000,9999.000,9999.000,9999.000
202604012024,   0.944,9999.000,9999.000,9999.000,9999.000,9999.000,9999.000,9999.000,9999.000
202604012030,   0.945,9999.000,9999.000,9999.000,9999.000,9999.000,9999.000,9999.000,9999.000
202604012036,   0.945,9999.000,9999.000,9999.000,9999.000,9999.000,9999.000,9999.000,9999.000
202604012042,   0.945,9999.000,9999.000,9999.000,9999.000,9999.000,9999.000,9999.000,9999.000
202604012048,   0.945,9999.000,9999.000,9999.000,9999.000,9999.000,9999.000,9999.000,9999.000
202604012054,   0.944,9999.000,9999.000,9999.000,9999.000,9999.000,9999.000,9999.000,9999.000
202604012100,   0.943,9999.000,   0.700,   0.093,   1.736,   0.700,   1.736,   0.800,   1.836
202604012106,   0.942,9999.000,9999.000,9999.000,9999.000,9999.000,9999.000,9999.000,9999.000
202604012112,   0.940,9999.000,9999.000,9999.000,9999.000,9999.000,9999.000,9999.000,9999.000
202604012118,   0.937,9999.000,9999.000,9999.000,9999.000,9999.000,9999.000,9999.000,9999.000
202604012124,   0.934,9999.000,9999.000,9999.000,9999.000,9999.000,9999.000,9999.000,9999.000
202604012130,   0.931,9999.000,9999.000,9999.000,9999.000,9999.000,9999.000,9999.000,9999.000
202604012136,   0.927,9999.000,9999.000,9999.000,9999.000,9999.000,9999.000,9999.000,9999.000
202604012142,   0.923,9999.000,9999.000,9999.000,9999.000,9999.000,9999.000,9999.000,9999.000
202604012148,   0.918,9999.000,9999.000,9999.000,9999.000,9999.000,9999.000,9999.000,9999.000
202604012154,   0.913,9999.000,9999.000,9999.000,9999.000,9999.000,9999.000,9999.000,9999.000
202604012200,   0.907,9999.000,   0.700,   0.125,   1.732,   0.700,   1.732,   0.800,   1.832
202604012206,   0.901,9999.000,9999.000,9999.000,9999.000,9999.000,9999.000,9999.000,9999.000
202604012212,   0.894,9999.000,9999.000,9999.000,9999.000,9999.000,9999.000,9999.000,9999.000
202604012218,   0.887,9999.000,9999.000,9999.000,9999.000,9999.000,9999.000,9999.000,9999.000
202604012224,   0.879,9999.000,9999.000,9999.000,9999.000,9999.000,9999.000,9999.000,9999.000
202604012230,   0.870,9999.000,9999.000,9999.000,9999.000,9999.000,9999.000,9999.000,9999.000
202604012236,   0.861,9999.000,9999.000,9999.000,9999.000,9999.000,9999.000,9999.000,9999.000
202604012242,   0.851,9999.000,9999.000,9999.000,9999.000,9999.000,9999.000,9999.000,9999.000
202604012248,   0.841,9999.000,9999.000,9999.000,9999.000,9999.000,9999.000,9999.000,9999.000
202604012254,   0.830,9999.000,9999.000,9999.000,9999.000,9999.000,9999.000,9999.000,9999.000
202604012300,   0.819,9999.000,   0.800,   0.158,   1.777,   0.700,   1.677,   0.800,   1.777
202604012306,   0.807,9999.000,9999.000,9999.000,9999.000,9999.000,9999.000,9999.000,9999.000
202604012312,   0.794,9999.000,9999.000,9999.000,9999.000,9999.000,9999.000,9999.000,9999.000
202604012318,   0.781,9999.000,9999.000,9999.000,9999.000,9999.000,9999.000,9999.000,9999.000
202604012324,   0.768,9999.000,9999.000,9999.000,9999.000,9999.000,9999.000,9999.000,9999.000
202604012330,   0.754,9999.000,9999.000,9999.000,9999.000,9999.000,9999.000,9999.000,9999.000
202604012336,   0.740,9999.000,9999.000,9999.000,9999.000,9999.000,9999.000,9999.000,9999.000
202604012342,   0.725,9999.000,9999.000,9999.000,9999.000,9999.000,9999.000,9999.000,9999.000
202604012348,   0.710,9999.000,9999.000,9999.000,9999.000,9999.000,9999.000,9999.000,9999.000
202604012354,   0.695,9999.000,9999.000,9999.000,9999.000,9999.000,9999.000,9999.000,9999.000
202604020000,   0.680,9999.000,   0.800,   0.190,   1.670,   0.700,   1.570,   0.800,   1.670
202604020006,   0.664,9999.000,9999.000,9999.000,9999.000,9999.000,9999.000,9999.000,9999.000
202604020012,   0.648,9999.000,9999.000,9999.000,9999.000,9999.000,9999.000,9999.000,9999.000
202604020018,   0.632,9999.000,9999.000,9999.000,9999.000,9999.000,9999.000,9999.000,9999.000
202604020024,   0.615,9999.000,9999.000,9999.000,9999.000,9999.000,9999.000,9999.000,9999.000
202604020030,   0.599,9999.000,9999.000,9999.000,9999.000,9999.000,9999.000,9999.000,9999.000
202604020036,   0.583,9999.000,9999.000,9999.000,9999.000,9999.000,9999.000,9999.000,9999.000
202604020042,   0.566,9999.000,9999.000,9999.000,9999.000,9999.000,9999.000,9999.000,9999.000
202604020048,   0.549,9999.000,9999.000,9999.000,9999.000,9999.000,9999.000,9999.000,9999.000
202604020054,   0.533,9999.000,9999.000,9999.000,9999.000,9999.000,9999.000,9999.000,9999.000
202604020100,   0.516,9999.000,   0.800,   0.223,   1.539,   0.700,   1.439,   0.800,   1.539
202604020106,   0.500,9999.000,9999.000,9999.000,9999.000,9999.000,9999.000,9999.000,9999.000
202604020112,   0.484,9999.000,9999.000,9999.000,9999.000,9999.000,9999.000,9999.000,9999.000
202604020118,   0.468,9999.000,9999.000,9999.000,9999.000,9999.000,9999.000,9999.000,9999.000
202604020124,   0.452,9999.000,9999.000,9999.000,9999.000,9999.000,9999.000,9999.000,9999.000
202604020130,   0.436,9999.000,9999.000,9999.000,9999.000,9999.000,9999.000,9999.000,9999.000
202604020136,   0.420,9999.000,9999.000,9999.000,9999.000,9999.000,9999.000,9999.000,9999.000
202604020142,   0.405,9999.000,9999.000,9999.000,9999.000,9999.000,9999.000,9999.000,9999.000
202604020148,   0.390,9999.000,9999.000,9999.000,9999.000,9999.000,9999.000,9999.000,9999.000
202604020154,   0.375,9999.000,9999.000,9999.000,9999.000,9999.000,9999.000,9999.000,9999.000
202604020200,   0.361,9999.000,   0.800,   0.255,   1.416,   0.700,   1.316,   0.900,   1.516
202604020206,   0.347,9999.000,9999.000,9999.000,9999.000,9999.000,9999.000,9999.000,9999.000
202604020212,   0.333,9999.000,9999.000,9999.000,9999.000,9999.000,9999.000,9999.000,9999.000
202604020218,   0.320,9999.000,9999.000,9999.000,9999.000,9999.000,9999.000,9999.000,9999.000
202604020224,   0.307,9999.000,9999.000,9999.000,9999.000,9999.000,9999.000,9999.000,9999.000
202604020230,   0.294,9999.000,9999.000,9999.000,9999.000,9999.000,9999.000,9999.000,9999.000
202604020236,   0.282,9999.000,9999.000,9999.000,9999.000,9999.000,9999.000,9999.000,9999.000
202604020242,   0.271,9999.000,9999.000,9999.000,9999.000,9999.000,9999.000,9999.000,9999.000
202604020248,   0.259,9999.000,9999.000,9999.000,9999.000,9999.000,9999.000,9999.000,9999.000
202604020254,   0.249,9999.000,9999.000,9999.000,9999.000,9999.000,9999.000,9999.000,9999.000
202604020300,   0.239,9999.000,   0.800,   0.288,   1.327,   0.700,   1.227,   0.900,   1.427
202604020306,   0.229,9999.000,9999.000,9999.000,9999.000,9999.000,9999.000,9999.000,9999.000
202604020312,   0.221,9999.000,9999.000,9999.000,9999.000,9999.000,9999.000,9999.000,9999.000
202604020318,   0.212,9999.000,9999.000,9999.000,9999.000,9999.000,9999.000,9999.000,9999.000
202604020324,   0.205,9999.000,9999.000,9999.000,9999.000,9999.000,9999.000,9999.000,9999.000
202604020330,   0.198,9999.000,9999.000,9999.000,9999.000,9999.000,9999.000,9999.000,9999.000
202604020336,   0.191,9999.000,9999.000,9999.000,9999.000,9999.000,9999.000,9999.000,9999.000
202604020342,   0.186,9999.000,9999.000,9999.000,9999.000,9999.000,9999.000,9999.000,9999.000
202604020348,   0.181,9999.000,9999.000,9999.000,9999.000,9999.000,9999.000,9999.000,9999.000
202604020354,   0.177,9999.000,9999.000,9999.000,9999.000,9999.000,9999.000,9999.000,9999.000
202604020400,   0.173,9999.000,   0.800,   0.320,   1.293,   0.700,   1.193,   0.900,   1.393
202604020406,   0.171,9999.000,9999.000,9999.000,9999.000,9999.000,9999.000,9999.000,9999.000
202604020412,   0.169,9999.000,9999.000,9999.000,9999.000,9999.000,9999.000,9999.000,9999.000
202604020418,   0.167,9999.000,9999.000,9999.000,9999.000,9999.000,9999.000,9999.000,9999.000
202604020424,   0.167,9999.000,9999.000,9999.000,9999.000,9999.000,9999.000,9999.000,9999.000
202604020430,   0.167,9999.000,9999.000,9999.000,9999.000,9999.000,9999.000,9999.000,9999.000
202604020436,   0.168,9999.000,9999.000,9999.000,9999.000,9999.000,9999.000,9999.000,9999.000
202604020442,   0.170,9999.000,9999.000,9999.000,9999.000,9999.000,9999.000,9999.000,9999.000
202604020448,   0.172,9999.000,9999.000,9999.000,9999.000,9999.000,9999.000,9999.000,9999.000
202604020454,   0.175,9999.000,9999.000,9999.000,9999.000,9999.000,9999.000,9999.000,9999.000
202604020500,   0.179,9999.000,   0.800,   0.353,   1.332,   0.700,   1.232,   0.900,   1.432
202604020506,   0.183,9999.000,9999.000,9999.000,9999.000,9999.000,9999.000,9999.000,9999.000
202604020512,   0.188,9999.000,9999.000,9999.000,9999.000,9999.000,9999.000,9999.000,9999.000
202604020518,   0.193,9999.000,9999.000,9999.000,9999.000,9999.000,9999.000,9999.000,9999.000
202604020524,   0.199,9999.000,9999.000,9999.000,9999.000,9999.000,9999.000,9999.000,9999.000
202604020530,   0.205,9999.000,9999.000,9999.000,9999.000,9999.000,9999.000,9999.000,9999.000
202604020536,   0.212,9999.000,9999.000,9999.000,9999.000,9999.000,9999.000,9999.000,9999.000
202604020542,   0.220,9999.000,9999.000,9999.000,9999.000,9999.000,9999.000,9999.000,9999.000
202604020548,   0.227,9999.000,9999.000,9999.000,9999.000,9999.000,9999.000,9999.000,9999.000
202604020554,   0.235,9999.000,9999.000,9999.000,9999.000,9999.000,9999.000,9999.000,9999.000
202604020600,   0.244,9999.000,   0.800,   0.385,   1.429,   0.700,   1.329,   0.900,   1.529
202604020606,   0.252,9999.000,9999.000,9999.000,9999.000,9999.000,9999.000,9999.000,9999.000
202604020612,   0.261,9999.000,9999.000,9999.000,9999.000,9999.000,9999.000,9999.000,9999.000
202604020618,   0.270,9999.000,9999.000,9999.000,9999.000,9999.000,9999.000,9999.000,9999.000
202604020624,   0.279,9999.000,9999.000,9999.000,9999.000,9999.000,9999.000,9999.000,9999.000
202604020630,   0.289,9999.000,9999.000,9999.000,9999.000,9999.000,9999.000,9999.000,9999.000
202604020636,   0.298,9999.000,9999.000,9999.000,9999.000,9999.000,9999.000,9999.000,9999.000
202604020642,   0.308,9999.000,9999.000,9999.000,9999.000,9999.000,9999.000,9999.000,9999.000
202604020648,   0.318,9999.000,9999.000,9999.000,9999.000,9999.000,9999.000,9999.000,9999.000
202604020654,   0.328,9999.000,9999.000,9999.000,9999.000,9999.000,9999.000,9999.000,9999.000
202604020700,   0.338,9999.000,   0.800,   0.385,   1.523,   0.700,   1.423,   0.900,   1.623
202604020706,   0.348,9999.000,9999.000,9999.000,9999.000,9999.000,9999.000,9999.000,9999.000
202604020712,   0.357,9999.000,9999.000,9999.000,9999.000,9999.000,9999.000,9999.000,9999.000
202604020718,   0.367,9999.000,9999.000,9999.000,9999.000,9999.000,9999.000,9999.000,9999.000
202604020724,   0.377,9999.000,9999.000,9999.000,9999.000,9999.000,9999.000,9999.000,9999.000
202604020730,   0.388,9999.000,9999.000,9999.000,9999.000,9999.000,9999.000,9999.000,9999.000
202604020736,   0.398,9999.000,9999.000,9999.000,9999.000,9999.000,9999.000,9999.000,9999.000
202604020742,   0.408,9999.000,9999.000,9999.000,9999.000,9999.000,9999.000,9999.000,9999.000
202604020748,   0.418,9999.000,9999.000,9999.000,9999.000,9999.000,9999.000,9999.000,9999.000
202604020754,   0.428,9999.000,9999.000,9999.000,9999.000,9999.000,9999.000,9999.000,9999.000
202604020800,   0.438,9999.000,   0.800,   0.385,   1.623,   0.700,   1.523,   0.900,   1.723
202604020806,   0.448,9999.000,9999.000,9999.000,9999.000,9999.000,9999.000,9999.000,9999.000
202604020812,   0.458,9999.000,9999.000,9999.000,9999.000,9999.000,9999.000,9999.000,9999.000
202604020818,   0.468,9999.000,9999.000,9999.000,9999.000,9999.000,9999.000,9999.000,9999.000
202604020824,   0.478,9999.000,9999.000,9999.000,9999.000,9999.000,9999.000,9999.000,9999.000
202604020830,   0.489,9999.000,9999.000,9999.000,9999.000,9999.000,9999.000,9999.000,9999.000
202604020836,   0.499,9999.000,9999.000,9999.000,9999.000,9999.000,9999.000,9999.000,9999.000
202604020842,   0.509,9999.000,9999.000,9999.000,9999.000,9999.000,9999.000,9999.000,9999.000
202604020848,   0.519,9999.000,9999.000,9999.000,9999.000,9999.000,9999.000,9999.000,9999.000
202604020854,   0.529,9999.000,9999.000,9999.000,9999.000,9999.000,9999.000,9999.000,9999.000
202604020900,   0.539,9999.000,   0.800,   0.385,   1.724,   0.800,   1.724,   0.900,   1.824
202604020906,   0.549,9999.000,9999.000,9999.000,9999.000,9999.000,9999.000,9999.000,9999.000
202604020912,   0.559,9999.000,9999.000,9999.000,9999.000,9999.000,9999.000,9999.000,9999.000
202604020918,   0.569,9999.000,9999.000,9999.000,9999.000,9999.000,9999.000,9999.000,9999.000
202604020924,   0.579,9999.000,9999.000,9999.000,9999.000,9999.000,9999.000,9999.000,9999.000
202604020930,   0.588,9999.000,9999.000,9999.000,9999.000,9999.000,9999.000,9999.000,9999.000
202604020936,   0.598,9999.000,9999.000,9999.000,9999.000,9999.000,9999.000,9999.000,9999.000
202604020942,   0.607,9999.000,9999.000,9999.000,9999.000,9999.000,9999.000,9999.000,9999.000
202604020948,   0.617,9999.000,9999.000,9999.000,9999.000,9999.000,9999.000,9999.000,9999.000
202604020954,   0.626,9999.000,9999.000,9999.000,9999.000,9999.000,9999.000,9999.000,9999.000
202604021000,   0.635,9999.000,   0.800,   0.385,   1.820,   0.800,   1.820,   0.900,   1.920
202604021006,   0.643,9999.000,9999.000,9999.000,9999.000,9999.000,9999.000,9999.000,9999.000
202604021012,   0.652,9999.000,9999.000,9999.000,9999.000,9999.000,9999.000,9999.000,9999.000
202604021018,   0.660,9999.000,9999.000,9999.000,9999.000,9999.000,9999.000,9999.000,9999.000
202604021024,   0.668,9999.000,9999.000,9999.000,9999.000,9999.000,9999.000,9999.000,9999.000
202604021030,   0.675,9999.000,9999.000,9999.000,9999.000,9999.000,9999.000,9999.000,9999.000
202604021036,   0.682,9999.000,9999.000,9999.000,9999.000,9999.000,9999.000,9999.000,9999.000
202604021042,   0.689,9999.000,9999.000,9999.000,9999.000,9999.000,9999.000,9999.000,9999.000
202604021048,   0.696,9999.000,9999.000,9999.000,9999.000,9999.000,9999.000,9999.000,9999.000
202604021054,   0.702,9999.000,9999.000,9999.000,9999.000,9999.000,9999.000,9999.000,9999.000
202604021100,   0.708,9999.000,   0.800,   0.385,   1.893,   0.700,   1.793,   0.900,   1.993
202604021106,   0.714,9999.000,9999.000,9999.000,9999.000,9999.000,9999.000,9999.000,9999.000
202604021112,   0.719,9999.000,9999.000,9999.000,9999.000,9999.000,9999.000,9999.000,9999.000
202604021118,   0.724,9999.000,9999.000,9999.000,9999.000,9999.000,9999.000,9999.000,9999.000
202604021124,   0.729,9999.000,9999.000,9999.000,9999.000,9999.000,9999.000,9999.000,9999.000
202604021130,   0.733,9999.000,9999.000,9999.000,9999.000,9999.000,9999.000,9999.000,9999.000
202604021136,   0.737,9999.000,9999.000,9999.000,9999.000,9999.000,9999.000,9999.000,9999.000
202604021142,   0.741,9999.000,9999.000,9999.000,9999.000,9999.000,9999.000,9999.000,9999.000
202604021148,   0.744,9999.000,9999.000,9999.000,9999.000,9999.000,9999.000,9999.000,9999.000
202604021154,   0.748,9999.000,9999.000,9999.000,9999.000,9999.000,9999.000,9999.000,9999.000
202604021200,   0.751,9999.000,   0.800,   0.385,   1.936,   0.800,   1.936,   0.900,   2.036
202604021206,   0.753,9999.000,9999.000,9999.000,9999.000,9999.000,9999.000,9999.000,9999.000
202604021212,   0.756,9999.000,9999.000,9999.000,9999.000,9999.000,9999.000,9999.000,9999.000
202604021218,   0.758,9999.000,9999.000,9999.000,9999.000,9999.000,9999.000,9999.000,9999.000
202604021224,   0.760,9999.000,9999.000,9999.000,9999.000,9999.000,9999.000,9999.000,9999.000
202604021230,   0.762,9999.000,9999.000,9999.000,9999.000,9999.000,9999.000,9999.000,9999.000
202604021236,   0.764,9999.000,9999.000,9999.000,9999.000,9999.000,9999.000,9999.000,9999.000
202604021242,   0.766,9999.000,9999.000,9999.000,9999.000,9999.000,9999.000,9999.000,9999.000
202604021248,   0.767,9999.000,9999.000,9999.000,9999.000,9999.000,9999.000,9999.000,9999.000
202604021254,   0.769,9999.000,9999.000,9999.000,9999.000,9999.000,9999.000,9999.000,9999.000
202604021300,   0.770,9999.000,   0.800,   0.385,   1.955,   0.800,   1.955,   0.900,   2.055
202604021306,   0.771,9999.000,9999.000,9999.000,9999.000,9999.000,9999.000,9999.000,9999.000
202604021312,   0.772,9999.000,9999.000,9999.000,9999.000,9999.000,9999.000,9999.000,9999.000
202604021318,   0.773,9999.000,9999.000,9999.000,9999.000,9999.000,9999.000,9999.000,9999.000
202604021324,   0.774,9999.000,9999.000,9999.000,9999.000,9999.000,9999.000,9999.000,9999.000
202604021330,   0.775,9999.000,9999.000,9999.000,9999.000,9999.000,9999.000,9999.000,9999.000
202604021336,   0.776,9999.000,9999.000,9999.000,9999.000,9999.000,9999.000,9999.000,9999.000
202604021342,   0.777,9999.000,9999.000,9999.000,9999.000,9999.000,9999.000,9999.000,9999.000
202604021348,   0.778,9999.000,9999.000,9999.000,9999.000,9999.000,9999.000,9999.000,9999.000
202604021354,   0.779,9999.000,9999.000,9999.000,9999.000,9999.000,9999.000,9999.000,9999.000
202604021400,   0.780,9999.000,   0.800,   0.385,   1.965,   0.800,   1.965,   0.900,   2.065
202604021406,   0.780,9999.000,9999.000,9999.000,9999.000,9999.000,9999.000,9999.000,9999.000
202604021412,   0.781,9999.000,9999.000,9999.000,9999.000,9999.000,9999.000,9999.000,9999.000
202604021418,   0.783,9999.000,9999.000,9999.000,9999.000,9999.000,9999.000,9999.000,9999.000
202604021424,   0.784,9999.000,9999.000,9999.000,9999.000,9999.000,9999.000,9999.000,9999.000
202604021430,   0.785,9999.000,9999.000,9999.000,9999.000,9999.000,9999.000,9999.000,9999.000
202604021436,   0.786,9999.000,9999.000,9999.000,9999.000,9999.000,9999.000,9999.000,9999.000
202604021442,   0.788,9999.000,9999.000,9999.000,9999.000,9999.000,9999.000,9999.000,9999.000
202604021448,   0.790,9999.000,9999.000,9999.000,9999.000,9999.000,9999.000,9999.000,9999.000
202604021454,   0.791,9999.000,9999.000,9999.000,9999.000,9999.000,9999.000,9999.000,9999.000
202604021500,   0.794,9999.000,   0.800,   0.385,   1.979,   0.800,   1.979,   0.900,   2.079
202604021506,   0.796,9999.000,9999.000,9999.000,9999.000,9999.000,9999.000,9999.000,9999.000
202604021512,   0.798,9999.000,9999.000,9999.000,9999.000,9999.000,9999.000,9999.000,9999.000
202604021518,   0.801,9999.000,9999.000,9999.000,9999.000,9999.000,9999.000,9999.000,9999.000
202604021524,   0.805,9999.000,9999.000,9999.000,9999.000,9999.000,9999.000,9999.000,9999.000
202604021530,   0.808,9999.000,9999.000,9999.000,9999.000,9999.000,9999.000,9999.000,9999.000
202604021536,   0.812,9999.000,9999.000,9999.000,9999.000,9999.000,9999.000,9999.000,9999.000
202604021542,   0.816,9999.000,9999.000,9999.000,9999.000,9999.000,9999.000,9999.000,9999.000
202604021548,   0.821,9999.000,9999.000,9999.000,9999.000,9999.000,9999.000,9999.000,9999.000
202604021554,   0.826,9999.000,9999.000,9999.000,9999.000,9999.000,9999.000,9999.000,9999.000
202604021600,   0.831,9999.000,   0.800,   0.385,   2.016,   0.800,   2.016,   0.900,   2.116
202604021606,   0.837,9999.000,9999.000,9999.000,9999.000,9999.000,9999.000,9999.000,9999.000
202604021612,   0.843,9999.000,9999.000,9999.000,9999.000,9999.000,9999.000,9999.000,9999.000
202604021618,   0.850,9999.000,9999.000,9999.000,9999.000,9999.000,9999.000,9999.000,9999.000
202604021624,   0.857,9999.000,9999.000,9999.000,9999.000,9999.000,9999.000,9999.000,9999.000
202604021630,   0.865,9999.000,9999.000,9999.000,9999.000,9999.000,9999.000,9999.000,9999.000
202604021636,   0.872,9999.000,9999.000,9999.000,9999.000,9999.000,9999.000,9999.000,9999.000
202604021642,   0.881,9999.000,9999.000,9999.000,9999.000,9999.000,9999.000,9999.000,9999.000
202604021648,   0.889,9999.000,9999.000,9999.000,9999.000,9999.000,9999.000,9999.000,9999.000
202604021654,   0.898,9999.000,9999.000,9999.000,9999.000,9999.000,9999.000,9999.000,9999.000
202604021700,   0.908,9999.000,   0.800,   0.385,   2.093,   0.800,   2.093,   0.900,   2.193
202604021706,   0.917,9999.000,9999.000,9999.000,9999.000,9999.000,9999.000,9999.000,9999.000
202604021712,   0.927,9999.000,9999.000,9999.000,9999.000,9999.000,9999.000,9999.000,9999.000
202604021718,   0.937,9999.000,9999.000,9999.000,9999.000,9999.000,9999.000,9999.000,9999.000
202604021724,   0.947,9999.000,9999.000,9999.000,9999.000,9999.000,9999.000,9999.000,9999.000
202604021730,   0.957,9999.000,9999.000,9999.000,9999.000,9999.000,9999.000,9999.000,9999.000
202604021736,   0.968,9999.000,9999.000,9999.000,9999.000,9999.000,9999.000,9999.000,9999.000
202604021742,   0.978,9999.000,9999.000,9999.000,9999.000,9999.000,9999.000,9999.000,9999.000
202604021748,   0.989,9999.000,9999.000,9999.000,9999.000,9999.000,9999.000,9999.000,9999.000
202604021754,   0.999,9999.000,9999.000,9999.000,9999.000,9999.000,9999.000,9999.000,9999.000
202604021800,   1.010,9999.000,   0.800,   0.385,   2.195,   0.800,   2.195,   0.900,   2.295
202604021806,   1.020,9999.000,9999.000,9999.000,9999.000,9999.000,9999.000,9999.000,9999.000
202604021812,   1.030,9999.000,9999.000,9999.000,9999.000,9999.000,9999.000,9999.000,9999.000
202604021818,   1.040,9999.000,9999.000,9999.000,9999.000,9999.000,9999.000,9999.000,9999.000
202604021824,   1.049,9999.000,9999.000,9999.000,9999.000,9999.000,9999.000,9999.000,9999.000
202604021830,   1.058,9999.000,9999.000,9999.000,9999.000,9999.000,9999.000,9999.000,9999.000
202604021836,   1.067,9999.000,9999.000,9999.000,9999.000,9999.000,9999.000,9999.000,9999.000
202604021842,   1.076,9999.000,9999.000,9999.000,9999.000,9999.000,9999.000,9999.000,9999.000
202604021848,   1.084,9999.000,9999.000,9999.000,9999.000,9999.000,9999.000,9999.000,9999.000
202604021854,   1.091,9999.000,9999.000,9999.000,9999.000,9999.000,9999.000,9999.000,9999.000
202604021900,   1.098,9999.000,   0.900,   0.385,   2.383,   0.800,   2.283,   0.900,   2.383
202604021906,   1.105,9999.000,9999.000,9999.000,9999.000,9999.000,9999.000,9999.000,9999.000
202604021912,   1.111,9999.000,9999.000,9999.000,9999.000,9999.000,9999.000,9999.000,9999.000
202604021918,   1.117,9999.000,9999.000,9999.000,9999.000,9999.000,9999.000,9999.000,9999.000
202604021924,   1.122,9999.000,9999.000,9999.000,9999.000,9999.000,9999.000,9999.000,9999.000
202604021930,   1.127,9999.000,9999.000,9999.000,9999.000,9999.000,9999.000,9999.000,9999.000
202604021936,   1.130,9999.000,9999.000,9999.000,9999.000,9999.000,9999.000,9999.000,9999.000
202604021942,   1.134,9999.000,9999.000,9999.000,9999.000,9999.000,9999.000,9999.000,9999.000
202604021948,   1.137,9999.000,9999.000,9999.000,9999.000,9999.000,9999.000,9999.000,9999.000
202604021954,   1.139,9999.000,9999.000,9999.000,9999.000,9999.000,9999.000,9999.000,9999.000
202604022000,   1.141,9999.000,   0.900,   0.385,   2.426,   0.800,   2.326,   0.900,   2.426
202604022006,   1.142,9999.000,9999.000,9999.000,9999.000,9999.000,9999.000,9999.000,9999.000
202604022012,   1.142,9999.000,9999.000,9999.000,9999.000,9999.000,9999.000,9999.000,9999.000
202604022018,   1.142,9999.000,9999.000,9999.000,9999.000,9999.000,9999.000,9999.000,9999.000
202604022024,   1.141,9999.000,9999.000,9999.000,9999.000,9999.000,9999.000,9999.000,9999.000
202604022030,   1.140,9999.000,9999.000,9999.000,9999.000,9999.000,9999.000,9999.000,9999.000
202604022036,   1.138,9999.000,9999.000,9999.000,9999.000,9999.000,9999.000,9999.000,9999.000
202604022042,   1.136,9999.000,9999.000,9999.000,9999.000,9999.000,9999.000,9999.000,9999.000
202604022048,   1.133,9999.000,9999.000,9999.000,9999.000,9999.000,9999.000,9999.000,9999.000
202604022054,   1.129,9999.000,9999.000,9999.000,9999.000,9999.000,9999.000,9999.000,9999.000
202604022100,   1.125,9999.000,   0.900,   0.385,   2.410,   0.800,   2.310,   1.000,   2.510
202604022106,   1.120,9999.000,9999.000,9999.000,9999.000,9999.000,9999.000,9999.000,9999.000
202604022112,   1.114,9999.000,9999.000,9999.000,9999.000,9999.000,9999.000,9999.000,9999.000
202604022118,   1.108,9999.000,9999.000,9999.000,9999.000,9999.000,9999.000,9999.000,9999.000
202604022124,   1.102,9999.000,9999.000,9999.000,9999.000,9999.000,9999.000,9999.000,9999.000
202604022130,   1.095,9999.000,9999.000,9999.000,9999.000,9999.000,9999.000,9999.000,9999.000
202604022136,   1.087,9999.000,9999.000,9999.000,9999.000,9999.000,9999.000,9999.000,9999.000
202604022142,   1.078,9999.000,9999.000,9999.000,9999.000,9999.000,9999.000,9999.000,9999.000
202604022148,   1.069,9999.000,9999.000,9999.000,9999.000,9999.000,9999.000,9999.000,9999.000
202604022154,   1.060,9999.000,9999.000,9999.000,9999.000,9999.000,9999.000,9999.000,9999.000
202604022200,   1.049,9999.000,   0.900,   0.385,   2.334,   0.800,   2.234,   1.000,   2.434
202604022206,   1.039,9999.000,9999.000,9999.000,9999.000,9999.000,9999.000,9999.000,9999.000
202604022212,   1.027,9999.000,9999.000,9999.000,9999.000,9999.000,9999.000,9999.000,9999.000
202604022218,   1.015,9999.000,9999.000,9999.000,9999.000,9999.000,9999.000,9999.000,9999.000
202604022224,   1.002,9999.000,9999.000,9999.000,9999.000,9999.000,9999.000,9999.000,9999.000
202604022230,   0.989,9999.000,9999.000,9999.000,9999.000,9999.000,9999.000,9999.000,9999.000
202604022236,   0.976,9999.000,9999.000,9999.000,9999.000,9999.000,9999.000,9999.000,9999.000
202604022242,   0.961,9999.000,9999.000,9999.000,9999.000,9999.000,9999.000,9999.000,9999.000
202604022248,   0.946,9999.000,9999.000,9999.000,9999.000,9999.000,9999.000,9999.000,9999.000
202604022254,   0.931,9999.000,9999.000,9999.000,9999.000,9999.000,9999.000,9999.000,9999.000
202604022300,   0.915,9999.000,   0.900,   0.385,   2.200,   0.800,   2.100,   1.000,   2.300
202604022306,   0.899,9999.000,9999.000,9999.000,9999.000,9999.000,9999.000,9999.000,9999.000
202604022312,   0.882,9999.000,9999.000,9999.000,9999.000,9999.000,9999.000,9999.000,9999.000
202604022318,   0.865,9999.000,9999.000,9999.000,9999.000,9999.000,9999.000,9999.000,9999.000
202604022324,   0.847,9999.000,9999.000,9999.000,9999.000,9999.000,9999.000,9999.000,9999.000
202604022330,   0.829,9999.000,9999.000,9999.000,9999.000,9999.000,9999.000,9999.000,9999.000
202604022336,   0.811,9999.000,9999.000,9999.000,9999.000,9999.000,9999.000,9999.000,9999.000
202604022342,   0.792,9999.000,9999.000,9999.000,9999.000,9999.000,9999.000,9999.000,9999.000
202604022348,   0.773,9999.000,9999.000,9999.000,9999.000,9999.000,9999.000,9999.000,9999.000
202604022354,   0.754,9999.000,9999.000,9999.000,9999.000,9999.000,9999.000,9999.000,9999.000
202604030000,   0.734,9999.000,   0.900,   0.385,   2.019,   0.800,   1.919,   1.000,   2.119
202604030006,   0.715,9999.000,9999.000,9999.000,9999.000,9999.000,9999.000,9999.000,9999.000
202604030012,   0.695,9999.000,9999.000,9999.000,9999.000,9999.000,9999.000,9999.000,9999.000
202604030018,   0.675,9999.000,9999.000,9999.000,9999.000,9999.000,9999.000,9999.000,9999.000
202604030024,   0.655,9999.000,9999.000,9999.000,9999.000,9999.000,9999.000,9999.000,9999.000
202604030030,   0.635,9999.000,9999.000,9999.000,9999.000,9999.000,9999.000,9999.000,9999.000
202604030036,   0.614,9999.000,9999.000,9999.000,9999.000,9999.000,9999.000,9999.000,9999.000
202604030042,   0.594,9999.000,9999.000,9999.000,9999.000,9999.000,9999.000,9999.000,9999.000
202604030048,   0.574,9999.000,9999.000,9999.000,9999.000,9999.000,9999.000,9999.000,9999.000
202604030054,   0.553,9999.000,9999.000,9999.000,9999.000,9999.000,9999.000,9999.000,9999.000
202604030100,   0.533,9999.000,   0.900,   0.385,   1.818,   0.800,   1.718,   1.000,   1.918
202604030106,   0.513,9999.000,9999.000,9999.000,9999.000,9999.000,9999.000,9999.000,9999.000
202604030112,   0.493,9999.000,9999.000,9999.000,9999.000,9999.000,9999.000,9999.000,9999.000
202604030118,   0.473,9999.000,9999.000,9999.000,9999.000,9999.000,9999.000,9999.000,9999.000
202604030124,   0.453,9999.000,9999.000,9999.000,9999.000,9999.000,9999.000,9999.000,9999.000
202604030130,   0.433,9999.000,9999.000,9999.000,9999.000,9999.000,9999.000,9999.000,9999.000
202604030136,   0.413,9999.000,9999.000,9999.000,9999.000,9999.000,9999.000,9999.000,9999.000
202604030142,   0.394,9999.000,9999.000,9999.000,9999.000,9999.000,9999.000,9999.000,9999.000
202604030148,   0.375,9999.000,9999.000,9999.000,9999.000,9999.000,9999.000,9999.000,9999.000
202604030154,   0.356,9999.000,9999.000,9999.000,9999.000,9999.000,9999.000,9999.000,9999.000
202604030200,   0.337,9999.000,   0.900,   0.385,   1.622,   0.800,   1.522,   1.000,   1.722
202604030206,   0.318,9999.000,9999.000,9999.000,9999.000,9999.000,9999.000,9999.000,9999.000
202604030212,   0.300,9999.000,9999.000,9999.000,9999.000,9999.000,9999.000,9999.000,9999.000
202604030218,   0.282,9999.000,9999.000,9999.000,9999.000,9999.000,9999.000,9999.000,9999.000
202604030224,   0.264,9999.000,9999.000,9999.000,9999.000,9999.000,9999.000,9999.000,9999.000
202604030230,   0.247,9999.000,9999.000,9999.000,9999.000,9999.000,9999.000,9999.000,9999.000
202604030236,   0.230,9999.000,9999.000,9999.000,9999.000,9999.000,9999.000,9999.000,9999.000
202604030242,   0.213,9999.000,9999.000,9999.000,9999.000,9999.000,9999.000,9999.000,9999.000
202604030248,   0.197,9999.000,9999.000,9999.000,9999.000,9999.000,9999.000,9999.000,9999.000
202604030254,   0.181,9999.000,9999.000,9999.000,9999.000,9999.000,9999.000,9999.000,9999.000
202604030300,   0.166,9999.000,   0.900,   0.385,   1.451,   0.800,   1.351,   1.000,   1.551
202604030306,   0.151,9999.000,9999.000,9999.000,9999.000,9999.000,9999.000,9999.000,9999.000
202604030312,   0.137,9999.000,9999.000,9999.000,9999.000,9999.000,9999.000,9999.000,9999.000
202604030318,   0.123,9999.000,9999.000,9999.000,9999.000,9999.000,9999.000,9999.000,9999.000
202604030324,   0.110,9999.000,9999.000,9999.000,9999.000,9999.000,9999.000,9999.000,9999.000
202604030330,   0.098,9999.000,9999.000,9999.000,9999.000,9999.000,9999.000,9999.000,9999.000
202604030336,   0.086,9999.000,9999.000,9999.000,9999.000,9999.000,9999.000,9999.000,9999.000
202604030342,   0.075,9999.000,9999.000,9999.000,9999.000,9999.000,9999.000,9999.000,9999.000
202604030348,   0.065,9999.000,9999.000,9999.000,9999.000,9999.000,9999.000,9999.000,9999.000
202604030354,   0.056,9999.000,9999.000,9999.000,9999.000,9999.000,9999.000,9999.000,9999.000
202604030400,   0.047,9999.000,   0.900,   0.385,   1.332,   0.800,   1.232,   1.000,   1.432
202604030406,   0.039,9999.000,9999.000,9999.000,9999.000,9999.000,9999.000,9999.000,9999.000
202604030412,   0.032,9999.000,9999.000,9999.000,9999.000,9999.000,9999.000,9999.000,9999.000
202604030418,   0.026,9999.000,9999.000,9999.000,9999.000,9999.000,9999.000,9999.000,9999.000
202604030424,   0.020,9999.000,9999.000,9999.000,9999.000,9999.000,9999.000,9999.000,9999.000
202604030430,   0.016,9999.000,9999.000,9999.000,9999.000,9999.000,9999.000,9999.000,9999.000
202604030436,   0.012,9999.000,9999.000,9999.000,9999.000,9999.000,9999.000,9999.000,9999.000
202604030442,   0.009,9999.000,9999.000,9999.000,9999.000,9999.000,9999.000,9999.000,9999.000
202604030448,   0.007,9999.000,9999.000,9999.000,9999.000,9999.000,9999.000,9999.000,9999.000
202604030454,   0.006,9999.000,9999.000,9999.000,9999.000,9999.000,9999.000,9999.000,9999.000
202604030500,   0.005,9999.000,   0.900,   0.385,   1.290,   0.800,   1.190,   1.000,   1.390
202604030506,   0.005,9999.000,9999.000,9999.000,9999.000,9999.000,9999.000,9999.000,9999.000
202604030512,   0.006,9999.000,9999.000,9999.000,9999.000,9999.000,9999.000,9999.000,9999.000
202604030518,   0.008,9999.000,9999.000,9999.000,9999.000,9999.000,9999.000,9999.000,9999.000
202604030524,   0.011,9999.000,9999.000,9999.000,9999.000,9999.000,9999.000,9999.000,9999.000
202604030530,   0.014,9999.000,9999.000,9999.000,9999.000,9999.000,9999.000,9999.000,9999.000
202604030536,   0.018,9999.000,9999.000,9999.000,9999.000,9999.000,9999.000,9999.000,9999.000
202604030542,   0.022,9999.000,9999.000,9999.000,9999.000,9999.000,9999.000,9999.000,9999.000
202604030548,   0.027,9999.000,9999.000,9999.000,9999.000,9999.000,9999.000,9999.000,9999.000
202604030554,   0.033,9999.000,9999.000,9999.000,9999.000,9999.000,9999.000,9999.000,9999.000
202604030600,   0.039,9999.000,   0.900,   0.385,   1.324,   0.800,   1.224,   1.000,   1.424
202604030606,   0.046,9999.000,9999.000,9999.000,9999.000,9999.000,9999.000,9999.000,9999.000
202604030612,   0.053,9999.000,9999.000,9999.000,9999.000,9999.000,9999.000,9999.000,9999.000
202604030618,   0.060,9999.000,9999.000,9999.000,9999.000,9999.000,9999.000,9999.000,9999.000
202604030624,   0.068,9999.000,9999.000,9999.000,9999.000,9999.000,9999.000,9999.000,9999.000
202604030630,   0.076,9999.000,9999.000,9999.000,9999.000,9999.000,9999.000,9999.000,9999.000
202604030636,   0.085,9999.000,9999.000,9999.000,9999.000,9999.000,9999.000,9999.000,9999.000
202604030642,   0.094,9999.000,9999.000,9999.000,9999.000,9999.000,9999.000,9999.000,9999.000
202604030648,   0.103,9999.000,9999.000,9999.000,9999.000,9999.000,9999.000,9999.000,9999.000
202604030654,   0.112,9999.000,9999.000,9999.000,9999.000,9999.000,9999.000,9999.000,9999.000
202604030700,   0.122,9999.000,   0.900,   0.385,   1.407,   0.800,   1.307,   1.000,   1.507
202604030706,   0.131,9999.000,9999.000,9999.000,9999.000,9999.000,9999.000,9999.000,9999.000
202604030712,   0.141,9999.000,9999.000,9999.000,9999.000,9999.000,9999.000,9999.000,9999.000
202604030718,   0.151,9999.000,9999.000,9999.000,9999.000,9999.000,9999.000,9999.000,9999.000
202604030724,   0.162,9999.000,9999.000,9999.000,9999.000,9999.000,9999.000,9999.000,9999.000
202604030730,   0.172,9999.000,9999.000,9999.000,9999.000,9999.000,9999.000,9999.000,9999.000
202604030736,   0.183,9999.000,9999.000,9999.000,9999.000,9999.000,9999.000,9999.000,9999.000
202604030742,   0.193,9999.000,9999.000,9999.000,9999.000,9999.000,9999.000,9999.000,9999.000
202604030748,   0.204,9999.000,9999.000,9999.000,9999.000,9999.000,9999.000,9999.000,9999.000
202604030754,   0.215,9999.000,9999.000,9999.000,9999.000,9999.000,9999.000,9999.000,9999.000
202604030800,   0.226,9999.000,   0.900,   0.385,   1.511,   0.800,   1.411,   1.000,   1.611
202604030806,   0.237,9999.000,9999.000,9999.000,9999.000,9999.000,9999.000,9999.000,9999.000
202604030812,   0.248,9999.000,9999.000,9999.000,9999.000,9999.000,9999.000,9999.000,9999.000
202604030818,   0.260,9999.000,9999.000,9999.000,9999.000,9999.000,9999.000,9999.000,9999.000
202604030824,   0.271,9999.000,9999.000,9999.000,9999.000,9999.000,9999.000,9999.000,9999.000
202604030830,   0.283,9999.000,9999.000,9999.000,9999.000,9999.000,9999.000,9999.000,9999.000
202604030836,   0.294,9999.000,9999.000,9999.000,9999.000,9999.000,9999.000,9999.000,9999.000
202604030842,   0.306,9999.000,9999.000,9999.000,9999.000,9999.000,9999.000,9999.000,9999.000
202604030848,   0.318,9999.000,9999.000,9999.000,9999.000,9999.000,9999.000,9999.000,9999.000
202604030854,   0.330,9999.000,9999.000,9999.000,9999.000,9999.000,9999.000,9999.000,9999.000
202604030900,   0.342,9999.000,   0.900,   0.385,   1.627,   0.800,   1.527,   1.000,   1.727
202604030906,   0.354,9999.000,9999.000,9999.000,9999.000,9999.000,9999.000,9999.000,9999.000
202604030912,   0.366,9999.000,9999.000,9999.000,9999.000,9999.000,9999.000,9999.000,9999.000
202604030918,   0.378,9999.000,9999.000,9999.000,9999.000,9999.000,9999.000,9999.000,9999.000
202604030924,   0.390,9999.000,9999.000,9999.000,9999.000,9999.000,9999.000,9999.000,9999.000
202604030930,   0.402,9999.000,9999.000,9999.000,9999.000,9999.000,9999.000,9999.000,9999.000
202604030936,   0.414,9999.000,9999.000,9999.000,9999.000,9999.000,9999.000,9999.000,9999.000
202604030942,   0.426,9999.000,9999.000,9999.000,9999.000,9999.000,9999.000,9999.000,9999.000
202604030948,   0.438,9999.000,9999.000,9999.000,9999.000,9999.000,9999.000,9999.000,9999.000
202604030954,   0.451,9999.000,9999.000,9999.000,9999.000,9999.000,9999.000,9999.000,9999.000
202604031000,   0.462,9999.000,   0.900,   0.385,   1.747,   0.800,   1.647,   1.000,   1.847
202604031006,   0.474,9999.000,9999.000,9999.000,9999.000,9999.000,9999.000,9999.000,9999.000
202604031012,   0.486,9999.000,9999.000,9999.000,9999.000,9999.000,9999.000,9999.000,9999.000
202604031018,   0.498,9999.000,9999.000,9999.000,9999.000,9999.000,9999.000,9999.000,9999.000
202604031024,   0.509,9999.000,9999.000,9999.000,9999.000,9999.000,9999.000,9999.000,9999.000
202604031030,   0.521,9999.000,9999.000,9999.000,9999.000,9999.000,9999.000,9999.000,9999.000
202604031036,   0.532,9999.000,9999.000,9999.000,9999.000,9999.000,9999.000,9999.000,9999.000
202604031042,   0.543,9999.000,9999.000,9999.000,9999.000,9999.000,9999.000,9999.000,9999.000
202604031048,   0.554,9999.000,9999.000,9999.000,9999.000,9999.000,9999.000,9999.000,9999.000
202604031054,   0.565,9999.000,9999.000,9999.000,9999.000,9999.000,9999.000,9999.000,9999.000
202604031100,   0.576,9999.000,   0.900,   0.385,   1.861,   0.800,   1.761,   1.000,   1.961
202604031106,   0.586,9999.000,9999.000,9999.000,9999.000,9999.000,9999.000,9999.000,9999.000
202604031112,   0.597,9999.000,9999.000,9999.000,9999.000,9999.000,9999.000,9999.000,9999.000
202604031118,   0.607,9999.000,9999.000,9999.000,9999.000,9999.000,9999.000,9999.000,9999.000
202604031124,   0.617,9999.000,9999.000,9999.000,9999.000,9999.000,9999.000,9999.000,9999.000
202604031130,   0.627,9999.000,9999.000,9999.000,9999.000,9999.000,9999.000,9999.000,9999.000
202604031136,   0.636,9999.000,9999.000,9999.000,9999.000,9999.000,9999.000,9999.000,9999.000
202604031142,   0.646,9999.000,9999.000,9999.000,9999.000,9999.000,9999.000,9999.000,9999.000
202604031148,   0.655,9999.000,9999.000,9999.000,9999.000,9999.000,9999.000,9999.000,9999.000
202604031154,   0.664,9999.000,9999.000,9999.000,9999.000,9999.000,9999.000,9999.000,9999.000
202604031200,   0.673,9999.000,   0.900,   0.385,   1.958,   0.800,   1.858,   1.000,   2.058
202604031206,   0.682,9999.000,9999.000,9999.000,9999.000,9999.000,9999.000,9999.000,9999.000
202604031212,   0.691,9999.000,9999.000,9999.000,9999.000,9999.000,9999.000,9999.000,9999.000
202604031218,   0.699,9999.000,9999.000,9999.000,9999.000,9999.000,9999.000,9999.000,9999.000
202604031224,   0.708,9999.000,9999.000,9999.000,9999.000,9999.000,9999.000,9999.000,9999.000
202604031230,   0.716,9999.000,9999.000,9999.000,9999.000,9999.000,9999.000,9999.000,9999.000
202604031236,   0.724,9999.000,9999.000,9999.000,9999.000,9999.000,9999.000,9999.000,9999.000
202604031242,   0.732,9999.000,9999.000,9999.000,9999.000,9999.000,9999.000,9999.000,9999.000
202604031248,   0.740,9999.000,9999.000,9999.000,9999.000,9999.000,9999.000,9999.000,9999.000
202604031254,   0.747,9999.000,9999.000,9999.000,9999.000,9999.000,9999.000,9999.000,9999.000
202604031300,   0.755,9999.000,   0.900,   0.385,   2.040,   0.800,   1.940,   1.000,   2.140
202604031306,   0.762,9999.000,9999.000,9999.000,9999.000,9999.000,9999.000,9999.000,9999.000
202604031312,   0.769,9999.000,9999.000,9999.000,9999.000,9999.000,9999.000,9999.000,9999.000
202604031318,   0.776,9999.000,9999.000,9999.000,9999.000,9999.000,9999.000,9999.000,9999.000
202604031324,   0.783,9999.000,9999.000,9999.000,9999.000,9999.000,9999.000,9999.000,9999.000
202604031330,   0.790,9999.000,9999.000,9999.000,9999.000,9999.000,9999.000,9999.000,9999.000
202604031336,   0.796,9999.000,9999.000,9999.000,9999.000,9999.000,9999.000,9999.000,9999.000
202604031342,   0.802,9999.000,9999.000,9999.000,9999.000,9999.000,9999.000,9999.000,9999.000
202604031348,   0.808,9999.000,9999.000,9999.000,9999.000,9999.000,9999.000,9999.000,9999.000
202604031354,   0.814,9999.000,9999.000,9999.000,9999.000,9999.000,9999.000,9999.000,9999.000
202604031400,   0.820,9999.000,   0.900,   0.385,   2.105,   0.800,   2.005,   1.000,   2.205
202604031406,   0.825,9999.000,9999.000,9999.000,9999.000,9999.000,9999.000,9999.000,9999.000
202604031412,   0.831,9999.000,9999.000,9999.000,9999.000,9999.000,9999.000,9999.000,9999.000
202604031418,   0.836,9999.000,9999.000,9999.000,9999.000,9999.000,9999.000,9999.000,9999.000
202604031424,   0.841,9999.000,9999.000,9999.000,9999.000,9999.000,9999.000,9999.000,9999.000
202604031430,   0.846,9999.000,9999.000,9999.000,9999.000,9999.000,9999.000,9999.000,9999.000
202604031436,   0.851,9999.000,9999.000,9999.000,9999.000,9999.000,9999.000,9999.000,9999.000
202604031442,   0.855,9999.000,9999.000,9999.000,9999.000,9999.000,9999.000,9999.000,9999.000
202604031448,   0.860,9999.000,9999.000,9999.000,9999.000,9999.000,9999.000,9999.000,9999.000
202604031454,   0.865,9999.000,9999.000,9999.000,9999.000,9999.000,9999.000,9999.000,9999.000
202604031500,   0.869,9999.000,   0.900,   0.385,   2.154,   0.800,   2.054,   1.000,   2.254
202604031506,   0.874,9999.000,9999.000,9999.000,9999.000,9999.000,9999.000,9999.000,9999.000
202604031512,   0.879,9999.000,9999.000,9999.000,9999.000,9999.000,9999.000,9999.000,9999.000
202604031518,   0.884,9999.000,9999.000,9999.000,9999.000,9999.000,9999.000,9999.000,9999.000
202604031524,   0.889,9999.000,9999.000,9999.000,9999.000,9999.000,9999.000,9999.000,9999.000
202604031530,   0.894,9999.000,9999.000,9999.000,9999.000,9999.000,9999.000,9999.000,9999.000
202604031536,   0.899,9999.000,9999.000,9999.000,9999.000,9999.000,9999.000,9999.000,9999.000
202604031542,   0.904,9999.000,9999.000,9999.000,9999.000,9999.000,9999.000,9999.000,9999.000
202604031548,   0.910,9999.000,9999.000,9999.000,9999.000,9999.000,9999.000,9999.000,9999.000
202604031554,   0.916,9999.000,9999.000,9999.000,9999.000,9999.000,9999.000,9999.000,9999.000
202604031600,   0.923,9999.000,   0.900,   0.385,   2.208,   0.800,   2.108,   1.000,   2.308
202604031606,   0.929,9999.000,9999.000,9999.000,9999.000,9999.000,9999.000,9999.000,9999.000
202604031612,   0.936,9999.000,9999.000,9999.000,9999.000,9999.000,9999.000,9999.000,9999.000
202604031618,   0.943,9999.000,9999.000,9999.000,9999.000,9999.000,9999.000,9999.000,9999.000
202604031624,   0.951,9999.000,9999.000,9999.000,9999.000,9999.000,9999.000,9999.000,9999.000
202604031630,   0.959,9999.000,9999.000,9999.000,9999.000,9999.000,9999.000,9999.000,9999.000
202604031636,   0.968,9999.000,9999.000,9999.000,9999.000,9999.000,9999.000,9999.000,9999.000
202604031642,   0.976,9999.000,9999.000,9999.000,9999.000,9999.000,9999.000,9999.000,9999.000
202604031648,   0.986,9999.000,9999.000,9999.000,9999.000,9999.000,9999.000,9999.000,9999.000
202604031654,   0.995,9999.000,9999.000,9999.000,9999.000,9999.000,9999.000,9999.000,9999.000
202604031700,   1.005,9999.000,   0.900,   0.385,   2.290,   0.800,   2.190,   1.000,   2.390
202604031706,   1.015,9999.000,9999.000,9999.000,9999.000,9999.000,9999.000,9999.000,9999.000
202604031712,   1.026,9999.000,9999.000,9999.000,9999.000,9999.000,9999.000,9999.000,9999.000
202604031718,   1.036,9999.000,9999.000,9999.000,9999.000,9999.000,9999.000,9999.000,9999.000
202604031724,   1.048,9999.000,9999.000,9999.000,9999.000,9999.000,9999.000,9999.000,9999.000
202604031730,   1.059,9999.000,9999.000,9999.000,9999.000,9999.000,9999.000,9999.000,9999.000
202604031736,   1.070,9999.000,9999.000,9999.000,9999.000,9999.000,9999.000,9999.000,9999.000
202604031742,   1.082,9999.000,9999.000,9999.000,9999.000,9999.000,9999.000,9999.000,9999.000
202604031748,   1.094,9999.000,9999.000,9999.000,9999.000,9999.000,9999.000,9999.000,9999.000
202604031754,   1.105,9999.000,9999.000,9999.000,9999.000,9999.000,9999.000,9999.000,9999.000
202604031800,   1.117,9999.000,   0.900,   0.385,   2.402,   0.800,   2.302,   1.000,   2.502
202604031806,   1.129,9999.000,9999.000,9999.000,9999.000,9999.000,9999.000,9999.000,9999.000
202604031812,   1.141,9999.000,9999.000,9999.000,9999.000,9999.000,9999.000,9999.000,9999.000
202604031818,   1.152,9999.000,9999.000,9999.000,9999.000,9999.000,9999.000,9999.000,9999.000
202604031824,   1.164,9999.000,9999.000,9999.000,9999.000,9999.000,9999.000,9999.000,9999.000
202604031830,   1.175,9999.000,9999.000,9999.000,9999.000,9999.000,9999.000,9999.000,9999.000
202604031836,   1.186,9999.000,9999.000,9999.000,9999.000,9999.000,9999.000,9999.000,9999.000
202604031842,   1.197,9999.000,9999.000,9999.000,9999.000,9999.000,9999.000,9999.000,9999.000
202604031848,   1.207,9999.000,9999.000,9999.000,9999.000,9999.000,9999.000,9999.000,9999.000
202604031854,   1.217,9999.000,9999.000,9999.000,9999.000,9999.000,9999.000,9999.000,9999.000
202604031900,   1.226,9999.000,   0.900,   0.385,   2.511,   0.800,   2.411,   1.000,   2.611
202604031906,   1.235,9999.000,9999.000,9999.000,9999.000,9999.000,9999.000,9999.000,9999.000
202604031912,   1.244,9999.000,9999.000,9999.000,9999.000,9999.000,9999.000,9999.000,9999.000
202604031918,   1.252,9999.000,9999.000,9999.000,9999.000,9999.000,9999.000,9999.000,9999.000
202604031924,   1.259,9999.000,9999.000,9999.000,9999.000,9999.000,9999.000,9999.000,9999.000
202604031930,   1.266,9999.000,9999.000,9999.000,9999.000,9999.000,9999.000,9999.000,9999.000
202604031936,   1.273,9999.000,9999.000,9999.000,9999.000,9999.000,9999.000,9999.000,9999.000
202604031942,   1.278,9999.000,9999.000,9999.000,9999.000,9999.000,9999.000,9999.000,9999.000
202604031948,   1.284,9999.000,9999.000,9999.000,9999.000,9999.000,9999.000,9999.000,9999.000
202604031954,   1.288,9999.000,9999.000,9999.000,9999.000,9999.000,9999.000,9999.000,9999.000
202604032000,   1.292,9999.000,   0.900,   0.385,   2.577,   0.800,   2.477,   1.000,   2.677
202604032006,   1.295,9999.000,9999.000,9999.000,9999.000,9999.000,9999.000,9999.000,9999.000
202604032012,   1.297,9999.000,9999.000,9999.000,9999.000,9999.000,9999.000,9999.000,9999.000
202604032018,   1.299,9999.000,9999.000,9999.000,9999.000,9999.000,9999.000,9999.000,9999.000
202604032024,   1.299,9999.000,9999.000,9999.000,9999.000,9999.000,9999.000,9999.000,9999.000
202604032030,   1.300,9999.000,9999.000,9999.000,9999.000,9999.000,9999.000,9999.000,9999.000
202604032036,   1.299,9999.000,9999.000,9999.000,9999.000,9999.000,9999.000,9999.000,9999.000
202604032042,   1.298,9999.000,9999.000,9999.000,9999.000,9999.000,9999.000,9999.000,9999.000
202604032048,   1.295,9999.000,9999.000,9999.000,9999.000,9999.000,9999.000,9999.000,9999.000
202604032054,   1.292,9999.000,9999.000,9999.000,9999.000,9999.000,9999.000,9999.000,9999.000
202604032100,   1.289,9999.000,   0.900,   0.385,   2.574,   0.800,   2.474,   1.000,   2.674
202604032106,   1.284,9999.000,9999.000,9999.000,9999.000,9999.000,9999.000,9999.000,9999.000
202604032112,   1.279,9999.000,9999.000,9999.000,9999.000,9999.000,9999.000,9999.000,9999.000
202604032118,   1.273,9999.000,9999.000,9999.000,9999.000,9999.000,9999.000,9999.000,9999.000
202604032124,   1.266,9999.000,9999.000,9999.000,9999.000,9999.000,9999.000,9999.000,9999.000
202604032130,   1.258,9999.000,9999.000,9999.000,9999.000,9999.000,9999.000,9999.000,9999.000
202604032136,   1.249,9999.000,9999.000,9999.000,9999.000,9999.000,9999.000,9999.000,9999.000
202604032142,   1.240,9999.000,9999.000,9999.000,9999.000,9999.000,9999.000,9999.000,9999.000
202604032148,   1.230,9999.000,9999.000,9999.000,9999.000,9999.000,9999.000,9999.000,9999.000
202604032154,   1.219,9999.000,9999.000,9999.000,9999.000,9999.000,9999.000,9999.000,9999.000
202604032200,   1.207,9999.000,   0.900,   0.385,   2.492,   0.800,   2.392,   1.000,   2.592
202604032206,   1.194,9999.000,9999.000,9999.000,9999.000,9999.000,9999.000,9999.000,9999.000
202604032212,   1.181,9999.000,9999.000,9999.000,9999.000,9999.000,9999.000,9999.000,9999.000
202604032218,   1.167,9999.000,9999.000,9999.000,9999.000,9999.000,9999.000,9999.000,9999.000
202604032224,   1.152,9999.000,9999.000,9999.000,9999.000,9999.000,9999.000,9999.000,9999.000
202604032230,   1.136,9999.000,9999.000,9999.000,9999.000,9999.000,9999.000,9999.000,9999.000
202604032236,   1.120,9999.000,9999.000,9999.000,9999.000,9999.000,9999.000,9999.000,9999.000
202604032242,   1.103,9999.000,9999.000,9999.000,9999.000,9999.000,9999.000,9999.000,9999.000
202604032248,   1.086,9999.000,9999.000,9999.000,9999.000,9999.000,9999.000,9999.000,9999.000
202604032254,   1.067,9999.000,9999.000,9999.000,9999.000,9999.000,9999.000,9999.000,9999.000
202604032300,   1.048,9999.000,   0.900,   0.385,   2.333,   0.800,   2.233,   1.000,   2.433
202604032306,   1.029,9999.000,9999.000,9999.000,9999.000,9999.000,9999.000,9999.000,9999.000
202604032312,   1.009,9999.000,9999.000,9999.000,9999.000,9999.000,9999.000,9999.000,9999.000
202604032318,   0.988,9999.000,9999.000,9999.000,9999.000,9999.000,9999.000,9999.000,9999.000
202604032324,   0.967,9999.000,9999.000,9999.000,9999.000,9999.000,9999.000,9999.000,9999.000
202604032330,   0.946,9999.000,9999.000,9999.000,9999.000,9999.000,9999.000,9999.000,9999.000
202604032336,   0.924,9999.000,9999.000,9999.000,9999.000,9999.000,9999.000,9999.000,9999.000
202604032342,   0.902,9999.000,9999.000,9999.000,9999.000,9999.000,9999.000,9999.000,9999.000
202604032348,   0.880,9999.000,9999.000,9999.000,9999.000,9999.000,9999.000,9999.000,9999.000
202604032354,   0.857,9999.000,9999.000,9999.000,9999.000,9999.000,9999.000,9999.000,9999.000
202604040000,   0.834,9999.000,   0.900,   0.385,   2.119,   0.800,   2.019,   1.000,   2.219
202604040006,   0.811,9999.000,9999.000,9999.000,9999.000,9999.000,9999.000,9999.000,9999.000
202604040012,   0.788,9999.000,9999.000,9999.000,9999.000,9999.000,9999.000,9999.000,9999.000
202604040018,   0.764,9999.000,9999.000,9999.000,9999.000,9999.000,9999.000,9999.000,9999.000
202604040024,   0.741,9999.000,9999.000,9999.000,9999.000,9999.000,9999.000,9999.000,9999.000
202604040030,   0.717,9999.000,9999.000,9999.000,9999.000,9999.000,9999.000,9999.000,9999.000
202604040036,   0.693,9999.000,9999.000,9999.000,9999.000,9999.000,9999.000,9999.000,9999.000
202604040042,   0.670,9999.000,9999.000,9999.000,9999.000,9999.000,9999.000,9999.000,9999.000
202604040048,   0.646,9999.000,9999.000,9999.000,9999.000,9999.000,9999.000,9999.000,9999.000
202604040054,   0.623,9999.000,9999.000,9999.000,9999.000,9999.000,9999.000,9999.000,9999.000
202604040100,   0.599,9999.000,   0.900,   0.385,   1.884,   0.800,   1.784,   1.000,   1.984
202604040106,   0.575,9999.000,9999.000,9999.000,9999.000,9999.000,9999.000,9999.000,9999.000
202604040112,   0.552,9999.000,9999.000,9999.000,9999.000,9999.000,9999.000,9999.000,9999.000
202604040118,   0.529,9999.000,9999.000,9999.000,9999.000,9999.000,9999.000,9999.000,9999.000
202604040124,   0.506,9999.000,9999.000,9999.000,9999.000,9999.000,9999.000,9999.000,9999.000
202604040130,   0.483,9999.000,9999.000,9999.000,9999.000,9999.000,9999.000,9999.000,9999.000
202604040136,   0.460,9999.000,9999.000,9999.000,9999.000,9999.000,9999.000,9999.000,9999.000
202604040142,   0.437,9999.000,9999.000,9999.000,9999.000,9999.000,9999.000,9999.000,9999.000
202604040148,   0.414,9999.000,9999.000,9999.000,9999.000,9999.000,9999.000,9999.000,9999.000
202604040154,   0.392,9999.000,9999.000,9999.000,9999.000,9999.000,9999.000,9999.000,9999.000
202604040200,   0.370,9999.000,   0.900,   0.385,   1.655,   0.800,   1.555,   1.000,   1.755
202604040206,   0.348,9999.000,9999.000,9999.000,9999.000,9999.000,9999.000,9999.000,9999.000
202604040212,   0.326,9999.000,9999.000,9999.000,9999.000,9999.000,9999.000,9999.000,9999.000
202604040218,   0.305,9999.000,9999.000,9999.000,9999.000,9999.000,9999.000,9999.000,9999.000
202604040224,   0.284,9999.000,9999.000,9999.000,9999.000,9999.000,9999.000,9999.000,9999.000
202604040230,   0.263,9999.000,9999.000,9999.000,9999.000,9999.000,9999.000,9999.000,9999.000
202604040236,   0.243,9999.000,9999.000,9999.000,9999.000,9999.000,9999.000,9999.000,9999.000
202604040242,   0.222,9999.000,9999.000,9999.000,9999.000,9999.000,9999.000,9999.000,9999.000
202604040248,   0.203,9999.000,9999.000,9999.000,9999.000,9999.000,9999.000,9999.000,9999.000
202604040254,   0.183,9999.000,9999.000,9999.000,9999.000,9999.000,9999.000,9999.000,9999.000
202604040300,   0.164,9999.000,   0.900,   0.385,   1.449,   0.800,   1.349,   1.000,   1.549
202604040306,   0.146,9999.000,9999.000,9999.000,9999.000,9999.000,9999.000,9999.000,9999.000
202604040312,   0.128,9999.000,9999.000,9999.000,9999.000,9999.000,9999.000,9999.000,9999.000
202604040318,   0.110,9999.000,9999.000,9999.000,9999.000,9999.000,9999.000,9999.000,9999.000
202604040324,   0.093,9999.000,9999.000,9999.000,9999.000,9999.000,9999.000,9999.000,9999.000
202604040330,   0.077,9999.000,9999.000,9999.000,9999.000,9999.000,9999.000,9999.000,9999.000
202604040336,   0.061,9999.000,9999.000,9999.000,9999.000,9999.000,9999.000,9999.000,9999.000
202604040342,   0.046,9999.000,9999.000,9999.000,9999.000,9999.000,9999.000,9999.000,9999.000
202604040348,   0.032,9999.000,9999.000,9999.000,9999.000,9999.000,9999.000,9999.000,9999.000
202604040354,   0.018,9999.000,9999.000,9999.000,9999.000,9999.000,9999.000,9999.000,9999.000
202604040400,   0.005,9999.000,   0.900,   0.385,   1.290,   0.800,   1.190,   1.000,   1.390
202604040406,  -0.006,9999.000,9999.000,9999.000,9999.000,9999.000,9999.000,9999.000,9999.000
202604040412,  -0.017,9999.000,9999.000,9999.000,9999.000,9999.000,9999.000,9999.000,9999.000
202604040418,  -0.028,9999.000,9999.000,9999.000,9999.000,9999.000,9999.000,9999.000,9999.000
202604040424,  -0.038,9999.000,9999.000,9999.000,9999.000,9999.000,9999.000,9999.000,9999.000
202604040430,  -0.046,9999.000,9999.000,9999.000,9999.000,9999.000,9999.000,9999.000,9999.000
202604040436,  -0.055,9999.000,9999.000,9999.000,9999.000,9999.000,9999.000,9999.000,9999.000
202604040442,  -0.062,9999.000,9999.000,9999.000,9999.000,9999.000,9999.000,9999.000,9999.000
202604040448,  -0.068,9999.000,9999.000,9999.000,9999.000,9999.000,9999.000,9999.000,9999.000
202604040454,  -0.074,9999.000,9999.000,9999.000,9999.000,9999.000,9999.000,9999.000,9999.000
202604040500,  -0.078,9999.000,   0.900,   0.385,   1.207,   0.800,   1.107,   1.000,   1.307
202604040506,  -0.082,9999.000,9999.000,9999.000,9999.000,9999.000,9999.000,9999.000,9999.000
202604040512,  -0.085,9999.000,9999.000,9999.000,9999.000,9999.000,9999.000,9999.000,9999.000
202604040518,  -0.087,9999.000,9999.000,9999.000,9999.000,9999.000,9999.000,9999.000,9999.000
202604040524,  -0.088,9999.000,9999.000,9999.000,9999.000,9999.000,9999.000,9999.000,9999.000
202604040530,  -0.089,9999.000,9999.000,9999.000,9999.000,9999.000,9999.000,9999.000,9999.000
202604040536,  -0.089,9999.000,9999.000,9999.000,9999.000,9999.000,9999.000,9999.000,9999.000
202604040542,  -0.088,9999.000,9999.000,9999.000,9999.000,9999.000,9999.000,9999.000,9999.000
202604040548,  -0.086,9999.000,9999.000,9999.000,9999.000,9999.000,9999.000,9999.000,9999.000
202604040554,  -0.084,9999.000,9999.000,9999.000,9999.000,9999.000,9999.000,9999.000,9999.000
202604040600,  -0.081,9999.000,   0.900,   0.385,   1.204,   0.800,   1.104,   1.000,   1.304
202604040606,  -0.077,9999.000,9999.000,9999.000,9999.000,9999.000,9999.000,9999.000,9999.000
202604040612,  -0.073,9999.000,9999.000,9999.000,9999.000,9999.000,9999.000,9999.000,9999.000
202604040618,  -0.069,9999.000,9999.000,9999.000,9999.000,9999.000,9999.000,9999.000,9999.000
202604040624,  -0.063,9999.000,9999.000,9999.000,9999.000,9999.000,9999.000,9999.000,9999.000
202604040630,  -0.058,9999.000,9999.000,9999.000,9999.000,9999.000,9999.000,9999.000,9999.000
202604040636,  -0.052,9999.000,9999.000,9999.000,9999.000,9999.000,9999.000,9999.000,9999.000
202604040642,  -0.045,9999.000,9999.000,9999.000,9999.000,9999.000,9999.000,9999.000,9999.000
202604040648,  -0.038,9999.000,9999.000,9999.000,9999.000,9999.000,9999.000,9999.000,9999.000
202604040654,  -0.031,9999.000,9999.000,9999.000,9999.000,9999.000,9999.000,9999.000,9999.000
202604040700,  -0.023,9999.000,   0.900,   0.385,   1.262,   0.800,   1.162,   1.000,   1.362
202604040706,  -0.015,9999.000,9999.000,9999.000,9999.000,9999.000,9999.000,9999.000,9999.000
202604040712,  -0.007,9999.000,9999.000,9999.000,9999.000,9999.000,9999.000,9999.000,9999.000
202604040718,   0.001,9999.000,9999.000,9999.000,9999.000,9999.000,9999.000,9999.000,9999.000
202604040724,   0.009,9999.000,9999.000,9999.000,9999.000,9999.000,9999.000,9999.000,9999.000
202604040730,   0.019,9999.000,9999.000,9999.000,9999.000,9999.000,9999.000,9999.000,9999.000
202604040736,   0.028,9999.000,9999.000,9999.000,9999.000,9999.000,9999.000,9999.000,9999.000
202604040742,   0.038,9999.000,9999.000,9999.000,9999.000,9999.000,9999.000,9999.000,9999.000
202604040748,   0.048,9999.000,9999.000,9999.000,9999.000,9999.000,9999.000,9999.000,9999.000
202604040754,   0.058,9999.000,9999.000,9999.000,9999.000,9999.000,9999.000,9999.000,9999.000
202604040800,   0.068,9999.000,   0.900,   0.385,   1.353,   0.800,   1.253,   1.000,   1.453
202604040806,   0.078,9999.000,9999.000,9999.000,9999.000,9999.000,9999.000,9999.000,9999.000
202604040812,   0.089,9999.000,9999.000,9999.000,9999.000,9999.000,9999.000,9999.000,9999.000
202604040818,   0.100,9999.000,9999.000,9999.000,9999.000,9999.000,9999.000,9999.000,9999.000
202604040824,   0.111,9999.000,9999.000,9999.000,9999.000,9999.000,9999.000,9999.000,9999.000
202604040830,   0.122,9999.000,9999.000,9999.000,9999.000,9999.000,9999.000,9999.000,9999.000
202604040836,   0.134,9999.000,9999.000,9999.000,9999.000,9999.000,9999.000,9999.000,9999.000
202604040842,   0.145,9999.000,9999.000,9999.000,9999.000,9999.000,9999.000,9999.000,9999.000
202604040848,   0.157,9999.000,9999.000,9999.000,9999.000,9999.000,9999.000,9999.000,9999.000
202604040854,   0.169,9999.000,9999.000,9999.000,9999.000,9999.000,9999.000,9999.000,9999.000
202604040900,   0.181,9999.000,   0.900,   0.385,   1.466,   0.800,   1.366,   1.000,   1.566
202604040906,   0.193,9999.000,9999.000,9999.000,9999.000,9999.000,9999.000,9999.000,9999.000
202604040912,   0.205,9999.000,9999.000,9999.000,9999.000,9999.000,9999.000,9999.000,9999.000
202604040918,   0.218,9999.000,9999.000,9999.000,9999.000,9999.000,9999.000,9999.000,9999.000
202604040924,   0.230,9999.000,9999.000,9999.000,9999.000,9999.000,9999.000,9999.000,9999.000
202604040930,   0.243,9999.000,9999.000,9999.000,9999.000,9999.000,9999.000,9999.000,9999.000
202604040936,   0.255,9999.000,9999.000,9999.000,9999.000,9999.000,9999.000,9999.000,9999.000
202604040942,   0.268,9999.000,9999.000,9999.000,9999.000,9999.000,9999.000,9999.000,9999.000
202604040948,   0.280,9999.000,9999.000,9999.000,9999.000,9999.000,9999.000,9999.000,9999.000
202604040954,   0.293,9999.000,9999.000,9999.000,9999.000,9999.000,9999.000,9999.000,9999.000
202604041000,   0.306,9999.000,   0.900,   0.385,   1.591,   0.800,   1.491,   1.000,   1.691
202604041006,   0.319,9999.000,9999.000,9999.000,9999.000,9999.000,9999.000,9999.000,9999.000
202604041012,   0.331,9999.000,9999.000,9999.000,9999.000,9999.000,9999.000,9999.000,9999.000
202604041018,   0.344,9999.000,9999.000,9999.000,9999.000,9999.000,9999.000,9999.000,9999.000
202604041024,   0.357,9999.000,9999.000,9999.000,9999.000,9999.000,9999.000,9999.000,9999.000
202604041030,   0.369,9999.000,9999.000,9999.000,9999.000,9999.000,9999.000,9999.000,9999.000
202604041036,   0.382,9999.000,9999.000,9999.000,9999.000,9999.000,9999.000,9999.000,9999.000
202604041042,   0.395,9999.000,9999.000,9999.000,9999.000,9999.000,9999.000,9999.000,9999.000
202604041048,   0.407,9999.000,9999.000,9999.000,9999.000,9999.000,9999.000,9999.000,9999.000
202604041054,   0.420,9999.000,9999.000,9999.000,9999.000,9999.000,9999.000,9999.000,9999.000
202604041100,   0.432,9999.000,   0.900,   0.385,   1.717,   0.800,   1.617,   1.000,   1.817
202604041106,   0.445,9999.000,9999.000,9999.000,9999.000,9999.000,9999.000,9999.000,9999.000
202604041112,   0.457,9999.000,9999.000,9999.000,9999.000,9999.000,9999.000,9999.000,9999.000
202604041118,   0.470,9999.000,9999.000,9999.000,9999.000,9999.000,9999.000,9999.000,9999.000
202604041124,   0.482,9999.000,9999.000,9999.000,9999.000,9999.000,9999.000,9999.000,9999.000
202604041130,   0.495,9999.000,9999.000,9999.000,9999.000,9999.000,9999.000,9999.000,9999.000
202604041136,   0.507,9999.000,9999.000,9999.000,9999.000,9999.000,9999.000,9999.000,9999.000
202604041142,   0.520,9999.000,9999.000,9999.000,9999.000,9999.000,9999.000,9999.000,9999.000
202604041148,   0.532,9999.000,9999.000,9999.000,9999.000,9999.000,9999.000,9999.000,9999.000
202604041154,   0.545,9999.000,9999.000,9999.000,9999.000,9999.000,9999.000,9999.000,9999.000
202604041200,   0.557,9999.000,   0.900,   0.385,   1.842,   0.800,   1.742,   1.000,   1.942
202604041206,   0.570,9999.000,9999.000,9999.000,9999.000,9999.000,9999.000,9999.000,9999.000
202604041212,   0.582,9999.000,9999.000,9999.000,9999.000,9999.000,9999.000,9999.000,9999.000
202604041218,   0.595,9999.000,9999.000,9999.000,9999.000,9999.000,9999.000,9999.000,9999.000
202604041224,   0.607,9999.000,9999.000,9999.000,9999.000,9999.000,9999.000,9999.000,9999.000
202604041230,   0.619,9999.000,9999.000,9999.000,9999.000,9999.000,9999.000,9999.000,9999.000
202604041236,   0.632,9999.000,9999.000,9999.000,9999.000,9999.000,9999.000,9999.000,9999.000
202604041242,   0.644,9999.000,9999.000,9999.000,9999.000,9999.000,9999.000,9999.000,9999.000
202604041248,   0.656,9999.000,9999.000,9999.000,9999.000,9999.000,9999.000,9999.000,9999.000
202604041254,   0.669,9999.000,9999.000,9999.000,9999.000,9999.000,9999.000,9999.000,9999.000
202604041300,   0.681,9999.000,   0.900,   0.385,   1.966,   0.700,   1.766,   1.000,   2.066
202604041306,   0.693,9999.000,9999.000,9999.000,9999.000,9999.000,9999.000,9999.000,9999.000
202604041312,   0.705,9999.000,9999.000,9999.000,9999.000,9999.000,9999.000,9999.000,9999.000
202604041318,   0.716,9999.000,9999.000,9999.000,9999.000,9999.000,9999.000,9999.000,9999.000
202604041324,   0.728,9999.000,9999.000,9999.000,9999.000,9999.000,9999.000,9999.000,9999.000
202604041330,   0.739,9999.000,9999.000,9999.000,9999.000,9999.000,9999.000,9999.000,9999.000
202604041336,   0.751,9999.000,9999.000,9999.000,9999.000,9999.000,9999.000,9999.000,9999.000
202604041342,   0.762,9999.000,9999.000,9999.000,9999.000,9999.000,9999.000,9999.000,9999.000
202604041348,   0.772,9999.000,9999.000,9999.000,9999.000,9999.000,9999.000,9999.000,9999.000
202604041354,   0.783,9999.000,9999.000,9999.000,9999.000,9999.000,9999.000,9999.000,9999.000
202604041400,   0.793,9999.000,   0.900,   0.385,   2.078,   0.700,   1.878,   1.000,   2.178
202604041406,   0.803,9999.000,9999.000,9999.000,9999.000,9999.000,9999.000,9999.000,9999.000
202604041412,   0.813,9999.000,9999.000,9999.000,9999.000,9999.000,9999.000,9999.000,9999.000
202604041418,   0.823,9999.000,9999.000,9999.000,9999.000,9999.000,9999.000,9999.000,9999.000
202604041424,   0.832,9999.000,9999.000,9999.000,9999.000,9999.000,9999.000,9999.000,9999.000
202604041430,   0.841,9999.000,9999.000,9999.000,9999.000,9999.000,9999.000,9999.000,9999.000
202604041436,   0.850,9999.000,9999.000,9999.000,9999.000,9999.000,9999.000,9999.000,9999.000
202604041442,   0.858,9999.000,9999.000,9999.000,9999.000,9999.000,9999.000,9999.000,9999.000
202604041448,   0.867,9999.000,9999.000,9999.000,9999.000,9999.000,9999.000,9999.000,9999.000
202604041454,   0.875,9999.000,9999.000,9999.000,9999.000,9999.000,9999.000,9999.000,9999.000
202604041500,   0.883,9999.000,   0.900,   0.385,   2.168,   0.700,   1.968,   1.000,   2.268
202604041506,   0.890,9999.000,9999.000,9999.000,9999.000,9999.000,9999.000,9999.000,9999.000
202604041512,   0.898,9999.000,9999.000,9999.000,9999.000,9999.000,9999.000,9999.000,9999.000
202604041518,   0.905,9999.000,9999.000,9999.000,9999.000,9999.000,9999.000,9999.000,9999.000
202604041524,   0.913,9999.000,9999.000,9999.000,9999.000,9999.000,9999.000,9999.000,9999.000
202604041530,   0.920,9999.000,9999.000,9999.000,9999.000,9999.000,9999.000,9999.000,9999.000
202604041536,   0.928,9999.000,9999.000,9999.000,9999.000,9999.000,9999.000,9999.000,9999.000
202604041542,   0.935,9999.000,9999.000,9999.000,9999.000,9999.000,9999.000,9999.000,9999.000
202604041548,   0.942,9999.000,9999.000,9999.000,9999.000,9999.000,9999.000,9999.000,9999.000
202604041554,   0.950,9999.000,9999.000,9999.000,9999.000,9999.000,9999.000,9999.000,9999.000
202604041600,   0.957,9999.000,   0.900,   0.385,   2.242,   0.700,   2.042,   1.000,   2.342
202604041606,   0.965,9999.000,9999.000,9999.000,9999.000,9999.000,9999.000,9999.000,9999.000
202604041612,   0.973,9999.000,9999.000,9999.000,9999.000,9999.000,9999.000,9999.000,9999.000
202604041618,   0.981,9999.000,9999.000,9999.000,9999.000,9999.000,9999.000,9999.000,9999.000
202604041624,   0.989,9999.000,9999.000,9999.000,9999.000,9999.000,9999.000,9999.000,9999.000
202604041630,   0.997,9999.000,9999.000,9999.000,9999.000,9999.000,9999.000,9999.000,9999.000
202604041636,   1.006,9999.000,9999.000,9999.000,9999.000,9999.000,9999.000,9999.000,9999.000
202604041642,   1.015,9999.000,9999.000,9999.000,9999.000,9999.000,9999.000,9999.000,9999.000
202604041648,   1.024,9999.000,9999.000,9999.000,9999.000,9999.000,9999.000,9999.000,9999.000
202604041654,   1.034,9999.000,9999.000,9999.000,9999.000,9999.000,9999.000,9999.000,9999.000
202604041700,   1.044,9999.000,   0.900,   0.385,   2.329,   0.700,   2.129,   1.000,   2.429
202604041706,   1.054,9999.000,9999.000,9999.000,9999.000,9999.000,9999.000,9999.000,9999.000
202604041712,   1.064,9999.000,9999.000,9999.000,9999.000,9999.000,9999.000,9999.000,9999.000
202604041718,   1.075,9999.000,9999.000,9999.000,9999.000,9999.000,9999.000,9999.000,9999.000
202604041724,   1.086,9999.000,9999.000,9999.000,9999.000,9999.000,9999.000,9999.000,9999.000
202604041730,   1.097,9999.000,9999.000,9999.000,9999.000,9999.000,9999.000,9999.000,9999.000
202604041736,   1.109,9999.000,9999.000,9999.000,9999.000,9999.000,9999.000,9999.000,9999.000
202604041742,   1.120,9999.000,9999.000,9999.000,9999.000,9999.000,9999.000,9999.000,9999.000
202604041748,   1.132,9999.000,9999.000,9999.000,9999.000,9999.000,9999.000,9999.000,9999.000
202604041754,   1.144,9999.000,9999.000,9999.000,9999.000,9999.000,9999.000,9999.000,9999.000
202604041800,   1.156,9999.000,   0.900,   0.385,   2.441,   0.700,   2.241,   1.000,   2.541
202604041806,   1.168,9999.000,9999.000,9999.000,9999.000,9999.000,9999.000,9999.000,9999.000
202604041812,   1.180,9999.000,9999.000,9999.000,9999.000,9999.000,9999.000,9999.000,9999.000
202604041818,   1.193,9999.000,9999.000,9999.000,9999.000,9999.000,9999.000,9999.000,9999.000
202604041824,   1.205,9999.000,9999.000,9999.000,9999.000,9999.000,9999.000,9999.000,9999.000
202604041830,   1.217,9999.000,9999.000,9999.000,9999.000,9999.000,9999.000,9999.000,9999.000
202604041836,   1.229,9999.000,9999.000,9999.000,9999.000,9999.000,9999.000,9999.000,9999.000
202604041842,   1.241,9999.000,9999.000,9999.000,9999.000,9999.000,9999.000,9999.000,9999.000
202604041848,   1.252,9999.000,9999.000,9999.000,9999.000,9999.000,9999.000,9999.000,9999.000
202604041854,   1.264,9999.000,9999.000,9999.000,9999.000,9999.000,9999.000,9999.000,9999.000
202604041900,   1.275,9999.000,   0.900,   0.385,   2.560,   0.700,   2.360,   1.000,   2.660
202604041906,   1.286,9999.000,9999.000,9999.000,9999.000,9999.000,9999.000,9999.000,9999.000
202604041912,   1.297,9999.000,9999.000,9999.000,9999.000,9999.000,9999.000,9999.000,9999.000
202604041918,   1.307,9999.000,9999.000,9999.000,9999.000,9999.000,9999.000,9999.000,9999.000
202604041924,   1.317,9999.000,9999.000,9999.000,9999.000,9999.000,9999.000,9999.000,9999.000
202604041930,   1.326,9999.000,9999.000,9999.000,9999.000,9999.000,9999.000,9999.000,9999.000
202604041936,   1.335,9999.000,9999.000,9999.000,9999.000,9999.000,9999.000,9999.000,9999.000
202604041942,   1.344,9999.000,9999.000,9999.000,9999.000,9999.000,9999.000,9999.000,9999.000
202604041948,   1.352,9999.000,9999.000,9999.000,9999.000,9999.000,9999.000,9999.000,9999.000
202604041954,   1.359,9999.000,9999.000,9999.000,9999.000,9999.000,9999.000,9999.000,9999.000
202604042000,   1.366,9999.000,   0.900,   0.385,   2.651,   0.700,   2.451,   1.000,   2.751
202604042006,   1.373,9999.000,9999.000,9999.000,9999.000,9999.000,9999.000,9999.000,9999.000
202604042012,   1.378,9999.000,9999.000,9999.000,9999.000,9999.000,9999.000,9999.000,9999.000
202604042018,   1.383,9999.000,9999.000,9999.000,9999.000,9999.000,9999.000,9999.000,9999.000
202604042024,   1.388,9999.000,9999.000,9999.000,9999.000,9999.000,9999.000,9999.000,9999.000
202604042030,   1.391,9999.000,9999.000,9999.000,9999.000,9999.000,9999.000,9999.000,9999.000
202604042036,   1.394,9999.000,9999.000,9999.000,9999.000,9999.000,9999.000,9999.000,9999.000
202604042042,   1.396,9999.000,9999.000,9999.000,9999.000,9999.000,9999.000,9999.000,9999.000
202604042048,   1.398,9999.000,9999.000,9999.000,9999.000,9999.000,9999.000,9999.000,9999.000
202604042054,   1.398,9999.000,9999.000,9999.000,9999.000,9999.000,9999.000,9999.000,9999.000
202604042100,   1.398,9999.000,   0.800,   0.385,   2.583,   0.700,   2.483,   1.000,   2.783
202604042106,   1.397,9999.000,9999.000,9999.000,9999.000,9999.000,9999.000,9999.000,9999.000
202604042112,   1.395,9999.000,9999.000,9999.000,9999.000,9999.000,9999.000,9999.000,9999.000
202604042118,   1.392,9999.000,9999.000,9999.000,9999.000,9999.000,9999.000,9999.000,9999.000
202604042124,   1.388,9999.000,9999.000,9999.000,9999.000,9999.000,9999.000,9999.000,9999.000
202604042130,   1.383,9999.000,9999.000,9999.000,9999.000,9999.000,9999.000,9999.000,9999.000
202604042136,   1.377,9999.000,9999.000,9999.000,9999.000,9999.000,9999.000,9999.000,9999.000
202604042142,   1.370,9999.000,9999.000,9999.000,9999.000,9999.000,9999.000,9999.000,9999.000
202604042148,   1.363,9999.000,9999.000,9999.000,9999.000,9999.000,9999.000,9999.000,9999.000
202604042154,   1.354,9999.000,9999.000,9999.000,9999.000,9999.000,9999.000,9999.000,9999.000
202604042200,   1.344,9999.000,   0.800,   0.385,   2.529,   0.700,   2.429,   1.000,   2.729
202604042206,   1.334,9999.000,9999.000,9999.000,9999.000,9999.000,9999.000,9999.000,9999.000
202604042212,   1.322,9999.000,9999.000,9999.000,9999.000,9999.000,9999.000,9999.000,9999.000
202604042218,   1.310,9999.000,9999.000,9999.000,9999.000,9999.000,9999.000,9999.000,9999.000
202604042224,   1.296,9999.000,9999.000,9999.000,9999.000,9999.000,9999.000,9999.000,9999.000
202604042230,   1.282,9999.000,9999.000,9999.000,9999.000,9999.000,9999.000,9999.000,9999.000
202604042236,   1.267,9999.000,9999.000,9999.000,9999.000,9999.000,9999.000,9999.000,9999.000
202604042242,   1.250,9999.000,9999.000,9999.000,9999.000,9999.000,9999.000,9999.000,9999.000
202604042248,   1.233,9999.000,9999.000,9999.000,9999.000,9999.000,9999.000,9999.000,9999.000
202604042254,   1.215,9999.000,9999.000,9999.000,9999.000,9999.000,9999.000,9999.000,9999.000
202604042300,   1.197,9999.000,   0.800,   0.385,   2.382,   0.700,   2.282,   1.000,   2.582
202604042306,   1.177,9999.000,9999.000,9999.000,9999.000,9999.000,9999.000,9999.000,9999.000
202604042312,   1.157,9999.000,9999.000,9999.000,9999.000,9999.000,9999.000,9999.000,9999.000
202604042318,   1.136,9999.000,9999.000,9999.000,9999.000,9999.000,9999.000,9999.000,9999.000
202604042324,   1.114,9999.000,9999.000,9999.000,9999.000,9999.000,9999.000,9999.000,9999.000
202604042330,   1.092,9999.000,9999.000,9999.000,9999.000,9999.000,9999.000,9999.000,9999.000
202604042336,   1.070,9999.000,9999.000,9999.000,9999.000,9999.000,9999.000,9999.000,9999.000
202604042342,   1.046,9999.000,9999.000,9999.000,9999.000,9999.000,9999.000,9999.000,9999.000
202604042348,   1.023,9999.000,9999.000,9999.000,9999.000,9999.000,9999.000,9999.000,9999.000
202604042354,   0.998,9999.000,9999.000,9999.000,9999.000,9999.000,9999.000,9999.000,9999.000
202604050000,   0.974,9999.000,   0.800,   0.385,   2.159,   0.700,   2.059,   1.000,   2.359
202604050006,   0.949,9999.000,9999.000,9999.000,9999.000,9999.000,9999.000,9999.000,9999.000
202604050012,   0.924,9999.000,9999.000,9999.000,9999.000,9999.000,9999.000,9999.000,9999.000
202604050018,   0.899,9999.000,9999.000,9999.000,9999.000,9999.000,9999.000,9999.000,9999.000
202604050024,   0.873,9999.000,9999.000,9999.000,9999.000,9999.000,9999.000,9999.000,9999.000
202604050030,   0.847,9999.000,9999.000,9999.000,9999.000,9999.000,9999.000,9999.000,9999.000
202604050036,   0.821,9999.000,9999.000,9999.000,9999.000,9999.000,9999.000,9999.000,9999.000
202604050042,   0.796,9999.000,9999.000,9999.000,9999.000,9999.000,9999.000,9999.000,9999.000
202604050048,   0.770,9999.000,9999.000,9999.000,9999.000,9999.000,9999.000,9999.000,9999.000
202604050054,   0.744,9999.000,9999.000,9999.000,9999.000,9999.000,9999.000,9999.000,9999.000
202604050100,   0.718,9999.000,   0.800,   0.385,   1.903,   0.700,   1.803,   1.000,   2.103
202604050106,   0.692,9999.000,9999.000,9999.000,9999.000,9999.000,9999.000,9999.000,9999.000
202604050112,   0.666,9999.000,9999.000,9999.000,9999.000,9999.000,9999.000,9999.000,9999.000
202604050118,   0.640,9999.000,9999.000,9999.000,9999.000,9999.000,9999.000,9999.000,9999.000
202604050124,   0.614,9999.000,9999.000,9999.000,9999.000,9999.000,9999.000,9999.000,9999.000
202604050130,   0.588,9999.000,9999.000,9999.000,9999.000,9999.000,9999.000,9999.000,9999.000
202604050136,   0.563,9999.000,9999.000,9999.000,9999.000,9999.000,9999.000,9999.000,9999.000
202604050142,   0.537,9999.000,9999.000,9999.000,9999.000,9999.000,9999.000,9999.000,9999.000
202604050148,   0.512,9999.000,9999.000,9999.000,9999.000,9999.000,9999.000,9999.000,9999.000
202604050154,   0.487,9999.000,9999.000,9999.000,9999.000,9999.000,9999.000,9999.000,9999.000
202604050200,   0.462,9999.000,   0.800,   0.385,   1.647,   0.700,   1.547,   1.000,   1.847
202604050206,   0.438,9999.000,9999.000,9999.000,9999.000,9999.000,9999.000,9999.000,9999.000
202604050212,   0.413,9999.000,9999.000,9999.000,9999.000,9999.000,9999.000,9999.000,9999.000
202604050218,   0.389,9999.000,9999.000,9999.000,9999.000,9999.000,9999.000,9999.000,9999.000
202604050224,   0.365,9999.000,9999.000,9999.000,9999.000,9999.000,9999.000,9999.000,9999.000
202604050230,   0.342,9999.000,9999.000,9999.000,9999.000,9999.000,9999.000,9999.000,9999.000
202604050236,   0.319,9999.000,9999.000,9999.000,9999.000,9999.000,9999.000,9999.000,9999.000
202604050242,   0.296,9999.000,9999.000,9999.000,9999.000,9999.000,9999.000,9999.000,9999.000
202604050248,   0.273,9999.000,9999.000,9999.000,9999.000,9999.000,9999.000,9999.000,9999.000
202604050254,   0.251,9999.000,9999.000,9999.000,9999.000,9999.000,9999.000,9999.000,9999.000
202604050300,   0.229,9999.000,   0.800,   0.385,   1.414,   0.700,   1.314,   1.000,   1.614
202604050306,   0.208,9999.000,9999.000,9999.000,9999.000,9999.000,9999.000,9999.000,9999.000
202604050312,   0.187,9999.000,9999.000,9999.000,9999.000,9999.000,9999.000,9999.000,9999.000
202604050318,   0.166,9999.000,9999.000,9999.000,9999.000,9999.000,9999.000,9999.000,9999.000
202604050324,   0.146,9999.000,9999.000,9999.000,9999.000,9999.000,9999.000,9999.000,9999.000
202604050330,   0.127,9999.000,9999.000,9999.000,9999.000,9999.000,9999.000,9999.000,9999.000
202604050336,   0.108,9999.000,9999.000,9999.000,9999.000,9999.000,9999.000,9999.000,9999.000
202604050342,   0.090,9999.000,9999.000,9999.000,9999.000,9999.000,9999.000,9999.000,9999.000
202604050348,   0.073,9999.000,9999.000,9999.000,9999.000,9999.000,9999.000,9999.000,9999.000
202604050354,   0.056,9999.000,9999.000,9999.000,9999.000,9999.000,9999.000,9999.000,9999.000
202604050400,   0.040,9999.000,   0.800,   0.385,   1.225,   0.700,   1.125,   1.000,   1.425
202604050406,   0.024,9999.000,9999.000,9999.000,9999.000,9999.000,9999.000,9999.000,9999.000
202604050412,   0.010,9999.000,9999.000,9999.000,9999.000,9999.000,9999.000,9999.000,9999.000
202604050418,  -0.003,9999.000,9999.000,9999.000,9999.000,9999.000,9999.000,9999.000,9999.000
202604050424,  -0.016,9999.000,9999.000,9999.000,9999.000,9999.000,9999.000,9999.000,9999.000
202604050430,  -0.028,9999.000,9999.000,9999.000,9999.000,9999.000,9999.000,9999.000,9999.000
202604050436,  -0.040,9999.000,9999.000,9999.000,9999.000,9999.000,9999.000,9999.000,9999.000
202604050442,  -0.050,9999.000,9999.000,9999.000,9999.000,9999.000,9999.000,9999.000,9999.000
202604050448,  -0.060,9999.000,9999.000,9999.000,9999.000,9999.000,9999.000,9999.000,9999.000
202604050454,  -0.069,9999.000,9999.000,9999.000,9999.000,9999.000,9999.000,9999.000,9999.000
202604050500,  -0.077,9999.000,   0.800,   0.385,   1.108,   0.700,   1.008,   1.000,   1.308
202604050506,  -0.085,9999.000,9999.000,9999.000,9999.000,9999.000,9999.000,9999.000,9999.000
202604050512,  -0.091,9999.000,9999.000,9999.000,9999.000,9999.000,9999.000,9999.000,9999.000
202604050518,  -0.097,9999.000,9999.000,9999.000,9999.000,9999.000,9999.000,9999.000,9999.000
202604050524,  -0.102,9999.000,9999.000,9999.000,9999.000,9999.000,9999.000,9999.000,9999.000
202604050530,  -0.106,9999.000,9999.000,9999.000,9999.000,9999.000,9999.000,9999.000,9999.000
202604050536,  -0.109,9999.000,9999.000,9999.000,9999.000,9999.000,9999.000,9999.000,9999.000
202604050542,  -0.112,9999.000,9999.000,9999.000,9999.000,9999.000,9999.000,9999.000,9999.000
202604050548,  -0.114,9999.000,9999.000,9999.000,9999.000,9999.000,9999.000,9999.000,9999.000
202604050554,  -0.115,9999.000,9999.000,9999.000,9999.000,9999.000,9999.000,9999.000,9999.000
202604050600,  -0.115,9999.000,   0.800,   0.385,   1.070,   0.700,   0.970,   1.000,   1.270
202604050606,  -0.115,9999.000,9999.000,9999.000,9999.000,9999.000,9999.000,9999.000,9999.000
202604050612,  -0.115,9999.000,9999.000,9999.000,9999.000,9999.000,9999.000,9999.000,9999.000
202604050618,  -0.113,9999.000,9999.000,9999.000,9999.000,9999.000,9999.000,9999.000,9999.000
202604050624,  -0.111,9999.000,9999.000,9999.000,9999.000,9999.000,9999.000,9999.000,9999.000
202604050630,  -0.109,9999.000,9999.000,9999.000,9999.000,9999.000,9999.000,9999.000,9999.000
202604050636,  -0.106,9999.000,9999.000,9999.000,9999.000,9999.000,9999.000,9999.000,9999.000
202604050642,  -0.103,9999.000,9999.000,9999.000,9999.000,9999.000,9999.000,9999.000,9999.000
202604050648,  -0.099,9999.000,9999.000,9999.000,9999.000,9999.000,9999.000,9999.000,9999.000
202604050654,  -0.094,9999.000,9999.000,9999.000,9999.000,9999.000,9999.000,9999.000,9999.000
202604050700,  -0.090,9999.000,   0.800,   0.385,   1.095,   0.700,   0.995,   0.900,   1.195
202604050706,  -0.084,9999.000,9999.000,9999.000,9999.000,9999.000,9999.000,9999.000,9999.000
202604050712,  -0.079,9999.000,9999.000,9999.000,9999.000,9999.000,9999.000,9999.000,9999.000
202604050718,  -0.073,9999.000,9999.000,9999.000,9999.000,9999.000,9999.000,9999.000,9999.000
202604050724,  -0.067,9999.000,9999.000,9999.000,9999.000,9999.000,9999.000,9999.000,9999.000
202604050730,  -0.060,9999.000,9999.000,9999.000,9999.000,9999.000,9999.000,9999.000,9999.000
202604050736,  -0.053,9999.000,9999.000,9999.000,9999.000,9999.000,9999.000,9999.000,9999.000
202604050742,  -0.046,9999.000,9999.000,9999.000,9999.000,9999.000,9999.000,9999.000,9999.000
202604050748,  -0.038,9999.000,9999.000,9999.000,9999.000,9999.000,9999.000,9999.000,9999.000
202604050754,  -0.031,9999.000,9999.000,9999.000,9999.000,9999.000,9999.000,9999.000,9999.000
202604050800,  -0.022,9999.000,   0.800,   0.385,   1.163,   0.600,   0.963,   0.900,   1.263
202604050806,  -0.014,9999.000,9999.000,9999.000,9999.000,9999.000,9999.000,9999.000,9999.000
202604050812,  -0.005,9999.000,9999.000,9999.000,9999.000,9999.000,9999.000,9999.000,9999.000
202604050818,   0.003,9999.000,9999.000,9999.000,9999.000,9999.000,9999.000,9999.000,9999.000
202604050824,   0.012,9999.000,9999.000,9999.000,9999.000,9999.000,9999.000,9999.000,9999.000
202604050830,   0.021,9999.000,9999.000,9999.000,9999.000,9999.000,9999.000,9999.000,9999.000
202604050836,   0.031,9999.000,9999.000,9999.000,9999.000,9999.000,9999.000,9999.000,9999.000
202604050842,   0.041,9999.000,9999.000,9999.000,9999.000,9999.000,9999.000,9999.000,9999.000
202604050848,   0.051,9999.000,9999.000,9999.000,9999.000,9999.000,9999.000,9999.000,9999.000
202604050854,   0.061,9999.000,9999.000,9999.000,9999.000,9999.000,9999.000,9999.000,9999.000
202604050900,   0.071,9999.000,   0.800,   0.385,   1.256,   0.600,   1.056,   0.900,   1.356
202604050906,   0.082,9999.000,9999.000,9999.000,9999.000,9999.000,9999.000,9999.000,9999.000
202604050912,   0.092,9999.000,9999.000,9999.000,9999.000,9999.000,9999.000,9999.000,9999.000
202604050918,   0.103,9999.000,9999.000,9999.000,9999.000,9999.000,9999.000,9999.000,9999.000
202604050924,   0.114,9999.000,9999.000,9999.000,9999.000,9999.000,9999.000,9999.000,9999.000
202604050930,   0.125,9999.000,9999.000,9999.000,9999.000,9999.000,9999.000,9999.000,9999.000
202604050936,   0.136,9999.000,9999.000,9999.000,9999.000,9999.000,9999.000,9999.000,9999.000
202604050942,   0.148,9999.000,9999.000,9999.000,9999.000,9999.000,9999.000,9999.000,9999.000
202604050948,   0.159,9999.000,9999.000,9999.000,9999.000,9999.000,9999.000,9999.000,9999.000
202604050954,   0.170,9999.000,9999.000,9999.000,9999.000,9999.000,9999.000,9999.000,9999.000
202604051000,   0.182,9999.000,   0.700,   0.385,   1.267,   0.600,   1.167,   0.900,   1.467
202604051006,   0.193,9999.000,9999.000,9999.000,9999.000,9999.000,9999.000,9999.000,9999.000
202604051012,   0.205,9999.000,9999.000,9999.000,9999.000,9999.000,9999.000,9999.000,9999.000
202604051018,   0.216,9999.000,9999.000,9999.000,9999.000,9999.000,9999.000,9999.000,9999.000
202604051024,   0.228,9999.000,9999.000,9999.000,9999.000,9999.000,9999.000,9999.000,9999.000
202604051030,   0.240,9999.000,9999.000,9999.000,9999.000,9999.000,9999.000,9999.000,9999.000
202604051036,   0.251,9999.000,9999.000,9999.000,9999.000,9999.000,9999.000,9999.000,9999.000
202604051042,   0.263,9999.000,9999.000,9999.000,9999.000,9999.000,9999.000,9999.000,9999.000
202604051048,   0.275,9999.000,9999.000,9999.000,9999.000,9999.000,9999.000,9999.000,9999.000
202604051054,   0.287,9999.000,9999.000,9999.000,9999.000,9999.000,9999.000,9999.000,9999.000
202604051100,   0.299,9999.000,   0.700,   0.385,   1.384,   0.600,   1.284,   0.900,   1.584
202604051106,   0.311,9999.000,9999.000,9999.000,9999.000,9999.000,9999.000,9999.000,9999.000
202604051112,   0.323,9999.000,9999.000,9999.000,9999.000,9999.000,9999.000,9999.000,9999.000
202604051118,   0.335,9999.000,9999.000,9999.000,9999.000,9999.000,9999.000,9999.000,9999.000
202604051124,   0.347,9999.000,9999.000,9999.000,9999.000,9999.000,9999.000,9999.000,9999.000
202604051130,   0.360,9999.000,9999.000,9999.000,9999.000,9999.000,9999.000,9999.000,9999.000
202604051136,   0.372,9999.000,9999.000,9999.000,9999.000,9999.000,9999.000,9999.000,9999.000
202604051142,   0.385,9999.000,9999.000,9999.000,9999.000,9999.000,9999.000,9999.000,9999.000
202604051148,   0.398,9999.000,9999.000,9999.000,9999.000,9999.000,9999.000,9999.000,9999.000
202604051154,   0.411,9999.000,9999.000,9999.000,9999.000,9999.000,9999.000,9999.000,9999.000
202604051200,   0.424,9999.000,   0.700,   0.385,   1.509,   0.600,   1.409,   0.900,   1.709
202604051206,   0.437,9999.000,9999.000,9999.000,9999.000,9999.000,9999.000,9999.000,9999.000
202604051212,   0.450,9999.000,9999.000,9999.000,9999.000,9999.000,9999.000,9999.000,9999.000
202604051218,   0.464,9999.000,9999.000,9999.000,9999.000,9999.000,9999.000,9999.000,9999.000
202604051224,   0.478,9999.000,9999.000,9999.000,9999.000,9999.000,9999.000,9999.000,9999.000
202604051230,   0.492,9999.000,9999.000,9999.000,9999.000,9999.000,9999.000,9999.000,9999.000
202604051236,   0.506,9999.000,9999.000,9999.000,9999.000,9999.000,9999.000,9999.000,9999.000
202604051242,   0.520,9999.000,9999.000,9999.000,9999.000,9999.000,9999.000,9999.000,9999.000
202604051248,   0.534,9999.000,9999.000,9999.000,9999.000,9999.000,9999.000,9999.000,9999.000
202604051254,   0.548,9999.000,9999.000,9999.000,9999.000,9999.000,9999.000,9999.000,9999.000
202604051300,   0.563,9999.000,   0.700,   0.385,   1.648,   0.600,   1.548,   0.900,   1.848
202604051306,   0.577,9999.000,9999.000,9999.000,9999.000,9999.000,9999.000,9999.000,9999.000
202604051312,   0.592,9999.000,9999.000,9999.000,9999.000,9999.000,9999.000,9999.000,9999.000
202604051318,   0.606,9999.000,9999.000,9999.000,9999.000,9999.000,9999.000,9999.000,9999.000
202604051324,   0.621,9999.000,9999.000,9999.000,9999.000,9999.000,9999.000,9999.000,9999.000
202604051330,   0.635,9999.000,9999.000,9999.000,9999.000,9999.000,9999.000,9999.000,9999.000
202604051336,   0.649,9999.000,9999.000,9999.000,9999.000,9999.000,9999.000,9999.000,9999.000
202604051342,   0.664,9999.000,9999.000,9999.000,9999.000,9999.000,9999.000,9999.000,9999.000
202604051348,   0.678,9999.000,9999.000,9999.000,9999.000,9999.000,9999.000,9999.000,9999.000
202604051354,   0.692,9999.000,9999.000,9999.000,9999.000,9999.000,9999.000,9999.000,9999.000
202604051400,   0.706,9999.000,   0.700,   0.385,   1.791,   0.600,   1.691,   0.900,   1.991
202604051406,   0.719,9999.000,9999.000,9999.000,9999.000,9999.000,9999.000,9999.000,9999.000
202604051412,   0.733,9999.000,9999.000,9999.000,9999.000,9999.000,9999.000,9999.000,9999.000
202604051418,   0.746,9999.000,9999.000,9999.000,9999.000,9999.000,9999.000,9999.000,9999.000
202604051424,   0.759,9999.000,9999.000,9999.000,9999.000,9999.000,9999.000,9999.000,9999.000
202604051430,   0.772,9999.000,9999.000,9999.000,9999.000,9999.000,9999.000,9999.000,9999.000
202604051436,   0.784,9999.000,9999.000,9999.000,9999.000,9999.000,9999.000,9999.000,9999.000
202604051442,   0.797,9999.000,9999.000,9999.000,9999.000,9999.000,9999.000,9999.000,9999.000
202604051448,   0.809,9999.000,9999.000,9999.000,9999.000,9999.000,9999.000,9999.000,9999.000
202604051454,   0.820,9999.000,9999.000,9999.000,9999.000,9999.000,9999.000,9999.000,9999.000
202604051500,   0.832,9999.000,   0.700,   0.385,   1.917,   0.600,   1.817,   0.900,   2.117
202604051506,   0.843,9999.000,9999.000,9999.000,9999.000,9999.000,9999.000,9999.000,9999.000
202604051512,   0.854,9999.000,9999.000,9999.000,9999.000,9999.000,9999.000,9999.000,9999.000
202604051518,   0.865,9999.000,9999.000,9999.000,9999.000,9999.000,9999.000,9999.000,9999.000
202604051524,   0.875,9999.000,9999.000,9999.000,9999.000,9999.000,9999.000,9999.000,9999.000
202604051530,   0.885,9999.000,9999.000,9999.000,9999.000,9999.000,9999.000,9999.000,9999.000
202604051536,   0.896,9999.000,9999.000,9999.000,9999.000,9999.000,9999.000,9999.000,9999.000
202604051542,   0.906,9999.000,9999.000,9999.000,9999.000,9999.000,9999.000,9999.000,9999.000
202604051548,   0.916,9999.000,9999.000,9999.000,9999.000,9999.000,9999.000,9999.000,9999.000
202604051554,   0.925,9999.000,9999.000,9999.000,9999.000,9999.000,9999.000,9999.000,9999.000
202604051600,   0.935,9999.000,   0.700,   0.385,   2.020,   0.600,   1.920,   0.900,   2.220
202604051606,   0.945,9999.000,9999.000,9999.000,9999.000,9999.000,9999.000,9999.000,9999.000
202604051612,   0.955,9999.000,9999.000,9999.000,9999.000,9999.000,9999.000,9999.000,9999.000
202604051618,   0.964,9999.000,9999.000,9999.000,9999.000,9999.000,9999.000,9999.000,9999.000
202604051624,   0.974,9999.000,9999.000,9999.000,9999.000,9999.000,9999.000,9999.000,9999.000
202604051630,   0.984,9999.000,9999.000,9999.000,9999.000,9999.000,9999.000,9999.000,9999.000
202604051636,   0.994,9999.000,9999.000,9999.000,9999.000,9999.000,9999.000,9999.000,9999.000
202604051642,   1.004,9999.000,9999.000,9999.000,9999.000,9999.000,9999.000,9999.000,9999.000
202604051648,   1.014,9999.000,9999.000,9999.000,9999.000,9999.000,9999.000,9999.000,9999.000
202604051654,   1.024,9999.000,9999.000,9999.000,9999.000,9999.000,9999.000,9999.000,9999.000
202604051700,   1.034,9999.000,   0.700,   0.385,   2.119,   0.600,   2.019,   0.900,   2.319
202604051706,   1.045,9999.000,9999.000,9999.000,9999.000,9999.000,9999.000,9999.000,9999.000
202604051712,   1.056,9999.000,9999.000,9999.000,9999.000,9999.000,9999.000,9999.000,9999.000
202604051718,   1.066,9999.000,9999.000,9999.000,9999.000,9999.000,9999.000,9999.000,9999.000
202604051724,   1.077,9999.000,9999.000,9999.000,9999.000,9999.000,9999.000,9999.000,9999.000
202604051730,   1.088,9999.000,9999.000,9999.000,9999.000,9999.000,9999.000,9999.000,9999.000
202604051736,   1.100,9999.000,9999.000,9999.000,9999.000,9999.000,9999.000,9999.000,9999.000
202604051742,   1.111,9999.000,9999.000,9999.000,9999.000,9999.000,9999.000,9999.000,9999.000
202604051748,   1.123,9999.000,9999.000,9999.000,9999.000,9999.000,9999.000,9999.000,9999.000
202604051754,   1.134,9999.000,9999.000,9999.000,9999.000,9999.000,9999.000,9999.000,9999.000
202604051800,   1.146,9999.000,   0.700,   0.385,   2.231,   0.600,   2.131,   0.900,   2.431
