        TIME,    TIDE,      OB,   SURGE,    BIAS,     TWL,SURGE90p,  TWL90p,SURGE10p,   TWL10p
202605171200,  -0.026,   0.498,   0.100,   0.424,   0.498,   0.100,   0.498,   0.100,   0.498
202605171206,  -0.020,9999.000,9999.000,9999.000,9999.000,9999.000,9999.000,9999.000,9999.000
202605171212,  -0.014,   0.508,9999.000,9999.000,9999.000,9999.000,9999.000,9999.000,9999.000
202605171218,  -0.008,9999.000,9999.000,9999.000,9999.000,9999.000,9999.000,9999.000,9999.000
202605171224,   0.000,   0.551,9999.000,9999.000,9999.000,9999.000,9999.000,9999.000,9999.000
202605171230,   0.007,9999.000,9999.000,9999.000,9999.000,9999.000,9999.000,9999.000,9999.000
202605171236,   0.016,   0.580,9999.000,9999.000,9999.000,9999.000,9999.000,9999.000,9999.000
202605171242,   0.026,9999.000,9999.000,9999.000,9999.000,9999.000,9999.000,9999.000,9999.000
202605171248,   0.036,   0.590,9999.000,9999.000,9999.000,9999.000,9999.000,9999.000,9999.000
202605171254,   0.047,9999.000,9999.000,9999.000,9999.000,9999.000,9999.000,9999.000,9999.000
202605171300,   0.058,   0.629,   0.100,   0.471,   0.629,   0.000,   0.529,   0.100,   0.629
202605171306,   0.070,   0.639,9999.000,9999.000,9999.000,9999.000,9999.000,9999.000,9999.000
202605171312,   0.083,   0.649,9999.000,9999.000,9999.000,9999.000,9999.000,9999.000,9999.000
202605171318,   0.095,   0.659,9999.000,9999.000,9999.000,9999.000,9999.000,9999.000,9999.000
202605171324,   0.108,   0.678,9999.000,9999.000,9999.000,9999.000,9999.000,9999.000,9999.000
202605171330,   0.121,   0.688,9999.000,9999.000,9999.000,9999.000,9999.000,9999.000,9999.000
202605171336,   0.135,   0.698,9999.000,9999.000,9999.000,9999.000,9999.000,9999.000,9999.000
202605171342,   0.148,   0.688,9999.000,9999.000,9999.000,9999.000,9999.000,9999.000,9999.000
202605171348,   0.162,   0.708,9999.000,9999.000,9999.000,9999.000,9999.000,9999.000,9999.000
202605171354,   0.175,   0.708,9999.000,9999.000,9999.000,9999.000,9999.000,9999.000,9999.000
202605171400,   0.189,   0.708,   0.000,   0.519,   0.708,   0.000,   0.708,   0.100,   0.808
202605171406,   0.202,   0.741,9999.000,9999.000,9999.000,9999.000,9999.000,9999.000,9999.000
202605171412,   0.215,   0.751,9999.000,9999.000,9999.000,9999.000,9999.000,9999.000,9999.000
202605171418,   0.228,   0.770,9999.000,9999.000,9999.000,9999.000,9999.000,9999.000,9999.000
202605171424,   0.241,   0.770,9999.000,9999.000,9999.000,9999.000,9999.000,9999.000,9999.000
202605171430,   0.253,   0.800,9999.000,9999.000,9999.000,9999.000,9999.000,9999.000,9999.000
202605171436,   0.265,   0.819,9999.000,9999.000,9999.000,9999.000,9999.000,9999.000,9999.000
202605171442,   0.276,   0.829,9999.000,9999.000,9999.000,9999.000,9999.000,9999.000,9999.000
202605171448,   0.288,   0.849,9999.000,9999.000,9999.000,9999.000,9999.000,9999.000,9999.000
202605171454,   0.298,   0.859,9999.000,9999.000,9999.000,9999.000,9999.000,9999.000,9999.000
202605171500,   0.309,   0.869,   0.000,   0.560,   0.869,   0.000,   0.869,   0.100,   0.969
202605171506,   0.319,   0.879,9999.000,9999.000,9999.000,9999.000,9999.000,9999.000,9999.000
202605171512,   0.328,   0.898,9999.000,9999.000,9999.000,9999.000,9999.000,9999.000,9999.000
202605171518,   0.337,   0.908,9999.000,9999.000,9999.000,9999.000,9999.000,9999.000,9999.000
202605171524,   0.345,   0.908,9999.000,9999.000,9999.000,9999.000,9999.000,9999.000,9999.000
202605171530,   0.353,   0.918,9999.000,9999.000,9999.000,9999.000,9999.000,9999.000,9999.000
202605171536,   0.361,   0.928,9999.000,9999.000,9999.000,9999.000,9999.000,9999.000,9999.000
202605171542,   0.367,   0.928,9999.000,9999.000,9999.000,9999.000,9999.000,9999.000,9999.000
202605171548,   0.374,   0.908,9999.000,9999.000,9999.000,9999.000,9999.000,9999.000,9999.000
202605171554,   0.379,   0.908,9999.000,9999.000,9999.000,9999.000,9999.000,9999.000,9999.000
202605171600,   0.385,   0.879,   0.000,   0.494,   0.879,   0.000,   0.879,   0.000,   0.879
202605171606,   0.389,   0.869,9999.000,9999.000,9999.000,9999.000,9999.000,9999.000,9999.000
202605171612,   0.393,   0.859,9999.000,9999.000,9999.000,9999.000,9999.000,9999.000,9999.000
202605171618,   0.396,   0.839,9999.000,9999.000,9999.000,9999.000,9999.000,9999.000,9999.000
202605171624,   0.399,   0.829,9999.000,9999.000,9999.000,9999.000,9999.000,9999.000,9999.000
202605171630,   0.401,   0.819,9999.000,9999.000,9999.000,9999.000,9999.000,9999.000,9999.000
202605171636,   0.403,   0.819,9999.000,9999.000,9999.000,9999.000,9999.000,9999.000,9999.000
202605171642,   0.404,   0.819,9999.000,9999.000,9999.000,9999.000,9999.000,9999.000,9999.000
202605171648,   0.404,   0.810,9999.000,9999.000,9999.000,9999.000,9999.000,9999.000,9999.000
202605171654,   0.404,   0.790,9999.000,9999.000,9999.000,9999.000,9999.000,9999.000,9999.000
202605171700,   0.403,   0.760,   0.000,   0.357,   0.760,   0.000,   0.760,   0.000,   0.760
202605171706,   0.402,   0.751,9999.000,9999.000,9999.000,9999.000,9999.000,9999.000,9999.000
202605171712,   0.400,   0.751,9999.000,9999.000,9999.000,9999.000,9999.000,9999.000,9999.000
202605171718,   0.398,   0.741,9999.000,9999.000,9999.000,9999.000,9999.000,9999.000,9999.000
202605171724,   0.394,   0.718,9999.000,9999.000,9999.000,9999.000,9999.000,9999.000,9999.000
202605171730,   0.391,   0.708,9999.000,9999.000,9999.000,9999.000,9999.000,9999.000,9999.000
202605171736,   0.387,   0.698,9999.000,9999.000,9999.000,9999.000,9999.000,9999.000,9999.000
202605171742,   0.382,   0.669,9999.000,9999.000,9999.000,9999.000,9999.000,9999.000,9999.000
202605171748,   0.377,   0.659,9999.000,9999.000,9999.000,9999.000,9999.000,9999.000,9999.000
202605171754,   0.371,   0.639,9999.000,9999.000,9999.000,9999.000,9999.000,9999.000,9999.000
202605171800,   0.365,   0.629,   0.000,   0.264,   0.629,   0.000,   0.629,   0.000,   0.629
202605171806,   0.358,   0.649,9999.000,9999.000,9999.000,9999.000,9999.000,9999.000,9999.000
202605171812,   0.351,   0.629,9999.000,9999.000,9999.000,9999.000,9999.000,9999.000,9999.000
202605171818,   0.344,   0.610,9999.000,9999.000,9999.000,9999.000,9999.000,9999.000,9999.000
202605171824,   0.336,   0.619,9999.000,9999.000,9999.000,9999.000,9999.000,9999.000,9999.000
202605171830,   0.328,   0.619,9999.000,9999.000,9999.000,9999.000,9999.000,9999.000,9999.000
202605171836,   0.320,   0.580,9999.000,9999.000,9999.000,9999.000,9999.000,9999.000,9999.000
202605171842,   0.311,   0.570,9999.000,9999.000,9999.000,9999.000,9999.000,9999.000,9999.000
202605171848,   0.302,   0.570,9999.000,9999.000,9999.000,9999.000,9999.000,9999.000,9999.000
202605171854,   0.293,   0.541,9999.000,9999.000,9999.000,9999.000,9999.000,9999.000,9999.000
202605171900,   0.284,   0.531,   0.000,   0.247,   0.531,   0.000,   0.531,   0.000,   0.531
202605171906,   0.275,   0.518,9999.000,9999.000,9999.000,9999.000,9999.000,9999.000,9999.000
202605171912,   0.265,   0.498,9999.000,9999.000,9999.000,9999.000,9999.000,9999.000,9999.000
202605171918,   0.255,   0.488,9999.000,9999.000,9999.000,9999.000,9999.000,9999.000,9999.000
202605171924,   0.246,   0.469,9999.000,9999.000,9999.000,9999.000,9999.000,9999.000,9999.000
202605171930,   0.236,   0.449,9999.000,9999.000,9999.000,9999.000,9999.000,9999.000,9999.000
202605171936,   0.226,   0.439,9999.000,9999.000,9999.000,9999.000,9999.000,9999.000,9999.000
202605171942,   0.216,   0.429,9999.000,9999.000,9999.000,9999.000,9999.000,9999.000,9999.000
202605171948,   0.206,   0.419,9999.000,9999.000,9999.000,9999.000,9999.000,9999.000,9999.000
202605171954,   0.196,   0.400,9999.000,9999.000,9999.000,9999.000,9999.000,9999.000,9999.000
202605172000,   0.186,   0.390,   0.000,   0.204,   0.390,   0.000,   0.390,   0.000,   0.390
202605172006,   0.177,   0.380,9999.000,9999.000,9999.000,9999.000,9999.000,9999.000,9999.000
202605172012,   0.167,   0.380,9999.000,9999.000,9999.000,9999.000,9999.000,9999.000,9999.000
202605172018,   0.157,   0.350,9999.000,9999.000,9999.000,9999.000,9999.000,9999.000,9999.000
202605172024,   0.148,   0.341,9999.000,9999.000,9999.000,9999.000,9999.000,9999.000,9999.000
202605172030,   0.139,   0.341,9999.000,9999.000,9999.000,9999.000,9999.000,9999.000,9999.000
202605172036,   0.129,   0.321,9999.000,9999.000,9999.000,9999.000,9999.000,9999.000,9999.000
202605172042,   0.120,   0.308,9999.000,9999.000,9999.000,9999.000,9999.000,9999.000,9999.000
202605172048,   0.111,   0.288,9999.000,9999.000,9999.000,9999.000,9999.000,9999.000,9999.000
202605172054,   0.102,   0.288,9999.000,9999.000,9999.000,9999.000,9999.000,9999.000,9999.000
202605172100,   0.094,   0.278,   0.000,   0.184,   0.278,   0.000,   0.278,   0.000,   0.278
202605172106,   0.086,   0.268,9999.000,9999.000,9999.000,9999.000,9999.000,9999.000,9999.000
202605172112,   0.077,   0.249,9999.000,9999.000,9999.000,9999.000,9999.000,9999.000,9999.000
202605172118,   0.069,   0.249,9999.000,9999.000,9999.000,9999.000,9999.000,9999.000,9999.000
202605172124,   0.062,   0.249,9999.000,9999.000,9999.000,9999.000,9999.000,9999.000,9999.000
202605172130,   0.054,   0.249,9999.000,9999.000,9999.000,9999.000,9999.000,9999.000,9999.000
202605172136,   0.047,   0.239,9999.000,9999.000,9999.000,9999.000,9999.000,9999.000,9999.000
202605172142,   0.040,   0.239,9999.000,9999.000,9999.000,9999.000,9999.000,9999.000,9999.000
202605172148,   0.033,   0.219,9999.000,9999.000,9999.000,9999.000,9999.000,9999.000,9999.000
202605172154,   0.026,   0.229,9999.000,9999.000,9999.000,9999.000,9999.000,9999.000,9999.000
202605172200,   0.020,   0.229,   0.000,   0.209,   0.229,   0.000,   0.229,   0.000,   0.229
202605172206,   0.014,   0.190,9999.000,9999.000,9999.000,9999.000,9999.000,9999.000,9999.000
202605172212,   0.009,   0.190,9999.000,9999.000,9999.000,9999.000,9999.000,9999.000,9999.000
202605172218,   0.003,   0.190,9999.000,9999.000,9999.000,9999.000,9999.000,9999.000,9999.000
202605172224,   0.000,   0.200,9999.000,9999.000,9999.000,9999.000,9999.000,9999.000,9999.000
202605172230,  -0.005,   0.180,9999.000,9999.000,9999.000,9999.000,9999.000,9999.000,9999.000
202605172236,  -0.009,   0.190,9999.000,9999.000,9999.000,9999.000,9999.000,9999.000,9999.000
202605172242,  -0.012,   0.200,9999.000,9999.000,9999.000,9999.000,9999.000,9999.000,9999.000
202605172248,  -0.016,   0.200,9999.000,9999.000,9999.000,9999.000,9999.000,9999.000,9999.000
202605172254,  -0.018,   0.200,9999.000,9999.000,9999.000,9999.000,9999.000,9999.000,9999.000
202605172300,  -0.020,   0.229,   0.000,   0.249,   0.229,   0.000,   0.229,   0.000,   0.229
202605172306,  -0.022,   0.249,9999.000,9999.000,9999.000,9999.000,9999.000,9999.000,9999.000
202605172312,  -0.023,   0.268,9999.000,9999.000,9999.000,9999.000,9999.000,9999.000,9999.000
202605172318,  -0.023,   0.278,9999.000,9999.000,9999.000,9999.000,9999.000,9999.000,9999.000
202605172324,  -0.023,   0.298,9999.000,9999.000,9999.000,9999.000,9999.000,9999.000,9999.000
202605172330,  -0.022,   0.308,9999.000,9999.000,9999.000,9999.000,9999.000,9999.000,9999.000
202605172336,  -0.020,   0.331,9999.000,9999.000,9999.000,9999.000,9999.000,9999.000,9999.000
202605172342,  -0.017,   0.341,9999.000,9999.000,9999.000,9999.000,9999.000,9999.000,9999.000
202605172348,  -0.014,   0.370,9999.000,9999.000,9999.000,9999.000,9999.000,9999.000,9999.000
202605172354,  -0.010,   0.390,9999.000,9999.000,9999.000,9999.000,9999.000,9999.000,9999.000
202605180000,  -0.005,   0.409,   0.000,   0.414,   0.409,   0.000,   0.409,   0.000,   0.409
202605180006,   0.000,   0.429,9999.000,9999.000,9999.000,9999.000,9999.000,9999.000,9999.000
202605180012,   0.006,   0.439,9999.000,9999.000,9999.000,9999.000,9999.000,9999.000,9999.000
202605180018,   0.013,   0.459,9999.000,9999.000,9999.000,9999.000,9999.000,9999.000,9999.000
202605180024,   0.021,   0.488,9999.000,9999.000,9999.000,9999.000,9999.000,9999.000,9999.000
202605180030,   0.030,   0.518,9999.000,9999.000,9999.000,9999.000,9999.000,9999.000,9999.000
202605180036,   0.040,   0.541,9999.000,9999.000,9999.000,9999.000,9999.000,9999.000,9999.000
202605180042,   0.050,   0.551,9999.000,9999.000,9999.000,9999.000,9999.000,9999.000,9999.000
202605180048,   0.061,   0.560,9999.000,9999.000,9999.000,9999.000,9999.000,9999.000,9999.000
202605180054,   0.073,   0.580,9999.000,9999.000,9999.000,9999.000,9999.000,9999.000,9999.000
202605180100,   0.086,   0.610,   0.000,   0.524,   0.610,   0.000,   0.610,   0.000,   0.610
202605180106,   0.099,   0.619,9999.000,9999.000,9999.000,9999.000,9999.000,9999.000,9999.000
202605180112,   0.112,   0.649,9999.000,9999.000,9999.000,9999.000,9999.000,9999.000,9999.000
202605180118,   0.127,   0.669,9999.000,9999.000,9999.000,9999.000,9999.000,9999.000,9999.000
202605180124,   0.141,   0.688,9999.000,9999.000,9999.000,9999.000,9999.000,9999.000,9999.000
202605180130,   0.156,   0.718,9999.000,9999.000,9999.000,9999.000,9999.000,9999.000,9999.000
202605180136,   0.171,   0.751,9999.000,9999.000,9999.000,9999.000,9999.000,9999.000,9999.000
202605180142,   0.187,   0.760,9999.000,9999.000,9999.000,9999.000,9999.000,9999.000,9999.000
202605180148,   0.203,   0.800,9999.000,9999.000,9999.000,9999.000,9999.000,9999.000,9999.000
202605180154,   0.218,   0.810,9999.000,9999.000,9999.000,9999.000,9999.000,9999.000,9999.000
202605180200,   0.234,   0.839,   0.000,   0.605,   0.839,   0.000,   0.839,   0.000,   0.839
202605180206,   0.250,   0.859,9999.000,9999.000,9999.000,9999.000,9999.000,9999.000,9999.000
202605180212,   0.265,   0.888,9999.000,9999.000,9999.000,9999.000,9999.000,9999.000,9999.000
202605180218,   0.280,   0.918,9999.000,9999.000,9999.000,9999.000,9999.000,9999.000,9999.000
202605180224,   0.295,   0.928,9999.000,9999.000,9999.000,9999.000,9999.000,9999.000,9999.000
202605180230,   0.310,   0.970,9999.000,9999.000,9999.000,9999.000,9999.000,9999.000,9999.000
202605180236,   0.324,   0.980,9999.000,9999.000,9999.000,9999.000,9999.000,9999.000,9999.000
202605180242,   0.338,   1.020,9999.000,9999.000,9999.000,9999.000,9999.000,9999.000,9999.000
202605180248,   0.352,   1.039,9999.000,9999.000,9999.000,9999.000,9999.000,9999.000,9999.000
202605180254,   0.365,   1.059,9999.000,9999.000,9999.000,9999.000,9999.000,9999.000,9999.000
202605180300,   0.377,   1.079,   0.000,   0.702,   1.079,   0.000,   1.079,   0.000,   1.079
202605180306,   0.389,   1.098,9999.000,9999.000,9999.000,9999.000,9999.000,9999.000,9999.000
202605180312,   0.401,   1.128,9999.000,9999.000,9999.000,9999.000,9999.000,9999.000,9999.000
202605180318,   0.412,   1.151,9999.000,9999.000,9999.000,9999.000,9999.000,9999.000,9999.000
202605180324,   0.422,   1.170,9999.000,9999.000,9999.000,9999.000,9999.000,9999.000,9999.000
202605180330,   0.432,   1.180,9999.000,9999.000,9999.000,9999.000,9999.000,9999.000,9999.000
202605180336,   0.441,   1.190,9999.000,9999.000,9999.000,9999.000,9999.000,9999.000,9999.000
202605180342,   0.450,   1.210,9999.000,9999.000,9999.000,9999.000,9999.000,9999.000,9999.000
202605180348,   0.458,   1.220,9999.000,9999.000,9999.000,9999.000,9999.000,9999.000,9999.000
202605180354,   0.465,   1.249,9999.000,9999.000,9999.000,9999.000,9999.000,9999.000,9999.000
202605180400,   0.472,   1.269,   0.000,   0.797,   1.269,  -0.100,   1.169,   0.000,   1.269
202605180406,   0.479,   1.279,9999.000,9999.000,9999.000,9999.000,9999.000,9999.000,9999.000
202605180412,   0.484,   1.289,9999.000,9999.000,9999.000,9999.000,9999.000,9999.000,9999.000
202605180418,   0.489,   1.298,9999.000,9999.000,9999.000,9999.000,9999.000,9999.000,9999.000
202605180424,   0.494,   1.318,9999.000,9999.000,9999.000,9999.000,9999.000,9999.000,9999.000
202605180430,   0.498,   1.338,9999.000,9999.000,9999.000,9999.000,9999.000,9999.000,9999.000
202605180436,   0.501,   1.348,9999.000,9999.000,9999.000,9999.000,9999.000,9999.000,9999.000
202605180442,   0.503,   1.348,9999.000,9999.000,9999.000,9999.000,9999.000,9999.000,9999.000
202605180448,   0.505,   1.361,9999.000,9999.000,9999.000,9999.000,9999.000,9999.000,9999.000
202605180454,   0.507,   1.361,9999.000,9999.000,9999.000,9999.000,9999.000,9999.000,9999.000
202605180500,   0.507,   1.348,   0.000,   0.841,   1.348,  -0.100,   1.248,   0.000,   1.348
202605180506,   0.508,   1.338,9999.000,9999.000,9999.000,9999.000,9999.000,9999.000,9999.000
202605180512,   0.507,   1.318,9999.000,9999.000,9999.000,9999.000,9999.000,9999.000,9999.000
202605180518,   0.506,   1.289,9999.000,9999.000,9999.000,9999.000,9999.000,9999.000,9999.000
202605180524,   0.504,   1.269,9999.000,9999.000,9999.000,9999.000,9999.000,9999.000,9999.000
202605180530,   0.502,   1.259,9999.000,9999.000,9999.000,9999.000,9999.000,9999.000,9999.000
202605180536,   0.499,   1.259,9999.000,9999.000,9999.000,9999.000,9999.000,9999.000,9999.000
202605180542,   0.496,   1.239,9999.000,9999.000,9999.000,9999.000,9999.000,9999.000,9999.000
202605180548,   0.492,   1.239,9999.000,9999.000,9999.000,9999.000,9999.000,9999.000,9999.000
202605180554,   0.487,   1.220,9999.000,9999.000,9999.000,9999.000,9999.000,9999.000,9999.000
202605180600,   0.482,   1.210,  -0.100,   0.828,   1.210,  -0.100,   1.210,  -0.100,   1.210
202605180606,   0.476,   1.200,9999.000,9999.000,9999.000,9999.000,9999.000,9999.000,9999.000
202605180612,   0.470,   1.190,9999.000,9999.000,9999.000,9999.000,9999.000,9999.000,9999.000
202605180618,   0.464,   1.180,9999.000,9999.000,9999.000,9999.000,9999.000,9999.000,9999.000
202605180624,   0.457,   1.161,9999.000,9999.000,9999.000,9999.000,9999.000,9999.000,9999.000
202605180630,   0.449,   1.138,9999.000,9999.000,9999.000,9999.000,9999.000,9999.000,9999.000
202605180636,   0.441,   1.128,9999.000,9999.000,9999.000,9999.000,9999.000,9999.000,9999.000
202605180642,   0.433,   1.108,9999.000,9999.000,9999.000,9999.000,9999.000,9999.000,9999.000
202605180648,   0.424,   1.088,9999.000,9999.000,9999.000,9999.000,9999.000,9999.000,9999.000
202605180654,   0.415,   1.079,9999.000,9999.000,9999.000,9999.000,9999.000,9999.000,9999.000
202605180700,   0.406,   1.069,  -0.100,   0.763,   1.069,  -0.100,   1.069,  -0.100,   1.069
202605180706,   0.396,   1.049,9999.000,9999.000,9999.000,9999.000,9999.000,9999.000,9999.000
202605180712,   0.386,   1.029,9999.000,9999.000,9999.000,9999.000,9999.000,9999.000,9999.000
202605180718,   0.376,   1.010,9999.000,9999.000,9999.000,9999.000,9999.000,9999.000,9999.000
202605180724,   0.366,   0.990,9999.000,9999.000,9999.000,9999.000,9999.000,9999.000,9999.000
202605180730,   0.355,   0.980,9999.000,9999.000,9999.000,9999.000,9999.000,9999.000,9999.000
202605180736,   0.344,   0.961,9999.000,9999.000,9999.000,9999.000,9999.000,9999.000,9999.000
202605180742,   0.333,   0.941,9999.000,9999.000,9999.000,9999.000,9999.000,9999.000,9999.000
202605180748,   0.323,   0.918,9999.000,9999.000,9999.000,9999.000,9999.000,9999.000,9999.000
202605180754,   0.311,   0.898,9999.000,9999.000,9999.000,9999.000,9999.000,9999.000,9999.000
202605180800,   0.300,   0.879,  -0.100,   0.679,   0.879,  -0.100,   0.879,  -0.100,   0.879
202605180806,   0.289,   0.859,9999.000,9999.000,9999.000,9999.000,9999.000,9999.000,9999.000
202605180812,   0.278,   0.839,9999.000,9999.000,9999.000,9999.000,9999.000,9999.000,9999.000
202605180818,   0.267,   0.810,9999.000,9999.000,9999.000,9999.000,9999.000,9999.000,9999.000
202605180824,   0.255,   0.790,9999.000,9999.000,9999.000,9999.000,9999.000,9999.000,9999.000
202605180830,   0.244,   0.770,9999.000,9999.000,9999.000,9999.000,9999.000,9999.000,9999.000
202605180836,   0.233,   0.751,9999.000,9999.000,9999.000,9999.000,9999.000,9999.000,9999.000
202605180842,   0.222,   0.731,9999.000,9999.000,9999.000,9999.000,9999.000,9999.000,9999.000
202605180848,   0.211,   0.708,9999.000,9999.000,9999.000,9999.000,9999.000,9999.000,9999.000
202605180854,   0.200,   0.688,9999.000,9999.000,9999.000,9999.000,9999.000,9999.000,9999.000
202605180900,   0.189,   0.678,  -0.100,   0.589,   0.678,  -0.100,   0.678,  -0.100,   0.678
202605180906,   0.178,   0.659,9999.000,9999.000,9999.000,9999.000,9999.000,9999.000,9999.000
202605180912,   0.167,   0.649,9999.000,9999.000,9999.000,9999.000,9999.000,9999.000,9999.000
202605180918,   0.157,   0.629,9999.000,9999.000,9999.000,9999.000,9999.000,9999.000,9999.000
202605180924,   0.146,   0.610,9999.000,9999.000,9999.000,9999.000,9999.000,9999.000,9999.000
202605180930,   0.136,   0.600,9999.000,9999.000,9999.000,9999.000,9999.000,9999.000,9999.000
202605180936,   0.125,   0.580,9999.000,9999.000,9999.000,9999.000,9999.000,9999.000,9999.000
202605180942,   0.115,   0.560,9999.000,9999.000,9999.000,9999.000,9999.000,9999.000,9999.000
202605180948,   0.105,   0.541,9999.000,9999.000,9999.000,9999.000,9999.000,9999.000,9999.000
202605180954,   0.095,   0.518,9999.000,9999.000,9999.000,9999.000,9999.000,9999.000,9999.000
202605181000,   0.086,   0.498,  -0.100,   0.512,   0.498,  -0.100,   0.498,  -0.100,   0.498
202605181006,   0.076,   0.478,9999.000,9999.000,9999.000,9999.000,9999.000,9999.000,9999.000
202605181012,   0.067,   0.459,9999.000,9999.000,9999.000,9999.000,9999.000,9999.000,9999.000
202605181018,   0.058,   0.439,9999.000,9999.000,9999.000,9999.000,9999.000,9999.000,9999.000
202605181024,   0.049,   0.429,9999.000,9999.000,9999.000,9999.000,9999.000,9999.000,9999.000
202605181030,   0.040,   0.409,9999.000,9999.000,9999.000,9999.000,9999.000,9999.000,9999.000
202605181036,   0.032,   0.390,9999.000,9999.000,9999.000,9999.000,9999.000,9999.000,9999.000
202605181042,   0.024,   0.380,9999.000,9999.000,9999.000,9999.000,9999.000,9999.000,9999.000
202605181048,   0.016,   0.360,9999.000,9999.000,9999.000,9999.000,9999.000,9999.000,9999.000
202605181054,   0.009,   0.350,9999.000,9999.000,9999.000,9999.000,9999.000,9999.000,9999.000
202605181100,   0.002,   0.331,  -0.100,   0.429,   0.331,  -0.200,   0.231,  -0.100,   0.331
202605181106,  -0.004,   0.321,9999.000,9999.000,9999.000,9999.000,9999.000,9999.000,9999.000
202605181112,  -0.010,   0.298,9999.000,9999.000,9999.000,9999.000,9999.000,9999.000,9999.000
202605181118,  -0.016,   0.288,9999.000,9999.000,9999.000,9999.000,9999.000,9999.000,9999.000
202605181124,  -0.022,   0.278,9999.000,9999.000,9999.000,9999.000,9999.000,9999.000,9999.000
202605181130,  -0.027,   0.268,9999.000,9999.000,9999.000,9999.000,9999.000,9999.000,9999.000
202605181136,  -0.031,   0.259,9999.000,9999.000,9999.000,9999.000,9999.000,9999.000,9999.000
202605181142,  -0.035,   0.249,9999.000,9999.000,9999.000,9999.000,9999.000,9999.000,9999.000
202605181148,  -0.038,   0.249,9999.000,9999.000,9999.000,9999.000,9999.000,9999.000,9999.000
202605181154,  -0.041,   0.249,9999.000,9999.000,9999.000,9999.000,9999.000,9999.000,9999.000
202605181200,  -0.043,   0.239,  -0.100,   0.382,   0.239,  -0.100,   0.239,   0.000,   0.339
202605181206,  -0.044,   0.249,9999.000,9999.000,9999.000,9999.000,9999.000,9999.000,9999.000
202605181212,  -0.045,   0.259,9999.000,9999.000,9999.000,9999.000,9999.000,9999.000,9999.000
202605181218,  -0.045,   0.268,9999.000,9999.000,9999.000,9999.000,9999.000,9999.000,9999.000
202605181224,  -0.044,   0.278,9999.000,9999.000,9999.000,9999.000,9999.000,9999.000,9999.000
202605181230,  -0.042,   0.288,9999.000,9999.000,9999.000,9999.000,9999.000,9999.000,9999.000
202605181236,  -0.040,   0.288,9999.000,9999.000,9999.000,9999.000,9999.000,9999.000,9999.000
202605181242,  -0.037,   0.278,9999.000,9999.000,9999.000,9999.000,9999.000,9999.000,9999.000
202605181248,  -0.033,   0.288,9999.000,9999.000,9999.000,9999.000,9999.000,9999.000,9999.000
202605181254,  -0.028,   0.298,9999.000,9999.000,9999.000,9999.000,9999.000,9999.000,9999.000
202605181300,  -0.022,   0.321,  -0.100,   0.443,   0.321,  -0.100,   0.321,   0.000,   0.421
202605181306,  -0.016,   0.331,9999.000,9999.000,9999.000,9999.000,9999.000,9999.000,9999.000
202605181312,  -0.008,   0.341,9999.000,9999.000,9999.000,9999.000,9999.000,9999.000,9999.000
202605181318,   0.000,   0.360,9999.000,9999.000,9999.000,9999.000,9999.000,9999.000,9999.000
202605181324,   0.007,   0.370,9999.000,9999.000,9999.000,9999.000,9999.000,9999.000,9999.000
202605181330,   0.017,   0.390,9999.000,9999.000,9999.000,9999.000,9999.000,9999.000,9999.000
202605181336,   0.027,   0.400,9999.000,9999.000,9999.000,9999.000,9999.000,9999.000,9999.000
202605181342,   0.037,   0.429,9999.000,9999.000,9999.000,9999.000,9999.000,9999.000,9999.000
202605181348,   0.049,   0.439,9999.000,9999.000,9999.000,9999.000,9999.000,9999.000,9999.000
202605181354,   0.060,   0.459,9999.000,9999.000,9999.000,9999.000,9999.000,9999.000,9999.000
202605181400,   0.073,   0.459,  -0.100,   0.486,   0.459,  -0.100,   0.459,   0.000,   0.559
202605181406,   0.085,   0.469,9999.000,9999.000,9999.000,9999.000,9999.000,9999.000,9999.000
202605181412,   0.098,   0.488,9999.000,9999.000,9999.000,9999.000,9999.000,9999.000,9999.000
202605181418,   0.111,   0.508,9999.000,9999.000,9999.000,9999.000,9999.000,9999.000,9999.000
202605181424,   0.125,   0.541,9999.000,9999.000,9999.000,9999.000,9999.000,9999.000,9999.000
202605181430,   0.138,   0.551,9999.000,9999.000,9999.000,9999.000,9999.000,9999.000,9999.000
202605181436,   0.151,   0.580,9999.000,9999.000,9999.000,9999.000,9999.000,9999.000,9999.000
202605181442,   0.165,   0.580,9999.000,9999.000,9999.000,9999.000,9999.000,9999.000,9999.000
202605181448,   0.178,   0.600,9999.000,9999.000,9999.000,9999.000,9999.000,9999.000,9999.000
202605181454,   0.191,   0.610,9999.000,9999.000,9999.000,9999.000,9999.000,9999.000,9999.000
202605181500,   0.205,   0.619,  -0.100,   0.514,   0.619,  -0.100,   0.619,   0.000,   0.719
202605181506,   0.217,   0.629,9999.000,9999.000,9999.000,9999.000,9999.000,9999.000,9999.000
202605181512,   0.230,   0.639,9999.000,9999.000,9999.000,9999.000,9999.000,9999.000,9999.000
202605181518,   0.242,   0.659,9999.000,9999.000,9999.000,9999.000,9999.000,9999.000,9999.000
202605181524,   0.254,   0.669,9999.000,9999.000,9999.000,9999.000,9999.000,9999.000,9999.000
202605181530,   0.266,   0.698,9999.000,9999.000,9999.000,9999.000,9999.000,9999.000,9999.000
202605181536,   0.277,   0.718,9999.000,9999.000,9999.000,9999.000,9999.000,9999.000,9999.000
202605181542,   0.288,   0.731,9999.000,9999.000,9999.000,9999.000,9999.000,9999.000,9999.000
202605181548,   0.298,   0.751,9999.000,9999.000,9999.000,9999.000,9999.000,9999.000,9999.000
202605181554,   0.308,   0.751,9999.000,9999.000,9999.000,9999.000,9999.000,9999.000,9999.000
202605181600,   0.318,   0.760,  -0.100,   0.542,   0.760,  -0.100,   0.760,   0.000,   0.860
202605181606,   0.327,   0.770,9999.000,9999.000,9999.000,9999.000,9999.000,9999.000,9999.000
202605181612,   0.335,   0.810,9999.000,9999.000,9999.000,9999.000,9999.000,9999.000,9999.000
202605181618,   0.343,   0.819,9999.000,9999.000,9999.000,9999.000,9999.000,9999.000,9999.000
202605181624,   0.351,   0.819,9999.000,9999.000,9999.000,9999.000,9999.000,9999.000,9999.000
202605181630,   0.358,   0.829,9999.000,9999.000,9999.000,9999.000,9999.000,9999.000,9999.000
202605181636,   0.364,   0.829,9999.000,9999.000,9999.000,9999.000,9999.000,9999.000,9999.000
202605181642,   0.370,   0.849,9999.000,9999.000,9999.000,9999.000,9999.000,9999.000,9999.000
202605181648,   0.376,   0.849,9999.000,9999.000,9999.000,9999.000,9999.000,9999.000,9999.000
202605181654,   0.381,   0.849,9999.000,9999.000,9999.000,9999.000,9999.000,9999.000,9999.000
202605181700,   0.385,   0.869,  -0.100,   0.584,   0.869,  -0.100,   0.869,   0.000,   0.969
202605181706,   0.389,   0.859,9999.000,9999.000,9999.000,9999.000,9999.000,9999.000,9999.000
202605181712,   0.392,   0.879,9999.000,9999.000,9999.000,9999.000,9999.000,9999.000,9999.000
202605181718,   0.395,   0.869,9999.000,9999.000,9999.000,9999.000,9999.000,9999.000,9999.000
202605181724,   0.397,   0.869,9999.000,9999.000,9999.000,9999.000,9999.000,9999.000,9999.000
202605181730,   0.399,   0.869,9999.000,9999.000,9999.000,9999.000,9999.000,9999.000,9999.000
202605181736,   0.400,   0.849,9999.000,9999.000,9999.000,9999.000,9999.000,9999.000,9999.000
202605181742,   0.400,   0.819,9999.000,9999.000,9999.000,9999.000,9999.000,9999.000,9999.000
202605181748,   0.400,   0.800,9999.000,9999.000,9999.000,9999.000,9999.000,9999.000,9999.000
202605181754,   0.399,   0.800,9999.000,9999.000,9999.000,9999.000,9999.000,9999.000,9999.000
202605181800,   0.398,   0.790,   0.000,   0.392,   0.790,   0.000,   0.790,   0.000,   0.790
202605181806,   0.396,   0.780,9999.000,9999.000,9999.000,9999.000,9999.000,9999.000,9999.000
202605181812,   0.394,   0.780,9999.000,9999.000,9999.000,9999.000,9999.000,9999.000,9999.000
202605181818,   0.391,   0.751,9999.000,9999.000,9999.000,9999.000,9999.000,9999.000,9999.000
202605181824,   0.387,   0.741,9999.000,9999.000,9999.000,9999.000,9999.000,9999.000,9999.000
202605181830,   0.383,   0.741,9999.000,9999.000,9999.000,9999.000,9999.000,9999.000,9999.000
202605181836,   0.379,   0.718,9999.000,9999.000,9999.000,9999.000,9999.000,9999.000,9999.000
202605181842,   0.374,   0.708,9999.000,9999.000,9999.000,9999.000,9999.000,9999.000,9999.000
202605181848,   0.368,   0.708,9999.000,9999.000,9999.000,9999.000,9999.000,9999.000,9999.000
202605181854,   0.362,   0.698,9999.000,9999.000,9999.000,9999.000,9999.000,9999.000,9999.000
202605181900,   0.356,   0.678,   0.000,   0.322,   0.678,   0.000,   0.678,   0.000,   0.678
202605181906,   0.349,   0.688,9999.000,9999.000,9999.000,9999.000,9999.000,9999.000,9999.000
202605181912,   0.342,   0.678,9999.000,9999.000,9999.000,9999.000,9999.000,9999.000,9999.000
202605181918,   0.335,   0.678,9999.000,9999.000,9999.000,9999.000,9999.000,9999.000,9999.000
202605181924,   0.327,   0.659,9999.000,9999.000,9999.000,9999.000,9999.000,9999.000,9999.000
202605181930,   0.319,   0.649,9999.000,9999.000,9999.000,9999.000,9999.000,9999.000,9999.000
202605181936,   0.311,   0.639,9999.000,9999.000,9999.000,9999.000,9999.000,9999.000,9999.000
202605181942,   0.302,   0.629,9999.000,9999.000,9999.000,9999.000,9999.000,9999.000,9999.000
202605181948,   0.293,   0.619,9999.000,9999.000,9999.000,9999.000,9999.000,9999.000,9999.000
202605181954,   0.285,   0.610,9999.000,9999.000,9999.000,9999.000,9999.000,9999.000,9999.000
202605182000,   0.275,   0.580,   0.000,   0.305,   0.580,   0.000,   0.580,   0.000,   0.580
202605182006,   0.266,   0.560,9999.000,9999.000,9999.000,9999.000,9999.000,9999.000,9999.000
202605182012,   0.257,   0.551,9999.000,9999.000,9999.000,9999.000,9999.000,9999.000,9999.000
202605182018,   0.247,   0.551,9999.000,9999.000,9999.000,9999.000,9999.000,9999.000,9999.000
202605182024,   0.238,   0.531,9999.000,9999.000,9999.000,9999.000,9999.000,9999.000,9999.000
202605182030,   0.228,   0.518,9999.000,9999.000,9999.000,9999.000,9999.000,9999.000,9999.000
202605182036,   0.219,   0.498,9999.000,9999.000,9999.000,9999.000,9999.000,9999.000,9999.000
202605182042,   0.209,   0.469,9999.000,9999.000,9999.000,9999.000,9999.000,9999.000,9999.000
202605182048,   0.200,   0.449,9999.000,9999.000,9999.000,9999.000,9999.000,9999.000,9999.000
202605182054,   0.190,   0.439,9999.000,9999.000,9999.000,9999.000,9999.000,9999.000,9999.000
202605182100,   0.181,   0.429,   0.000,   0.248,   0.429,   0.000,   0.429,   0.000,   0.429
202605182106,   0.171,   0.409,9999.000,9999.000,9999.000,9999.000,9999.000,9999.000,9999.000
202605182112,   0.162,   0.400,9999.000,9999.000,9999.000,9999.000,9999.000,9999.000,9999.000
202605182118,   0.153,   0.380,9999.000,9999.000,9999.000,9999.000,9999.000,9999.000,9999.000
202605182124,   0.144,   0.380,9999.000,9999.000,9999.000,9999.000,9999.000,9999.000,9999.000
202605182130,   0.135,   0.350,9999.000,9999.000,9999.000,9999.000,9999.000,9999.000,9999.000
202605182136,   0.126,   0.360,9999.000,9999.000,9999.000,9999.000,9999.000,9999.000,9999.000
202605182142,   0.117,   0.341,9999.000,9999.000,9999.000,9999.000,9999.000,9999.000,9999.000
202605182148,   0.108,   0.331,9999.000,9999.000,9999.000,9999.000,9999.000,9999.000,9999.000
202605182154,   0.100,   0.331,9999.000,9999.000,9999.000,9999.000,9999.000,9999.000,9999.000
202605182200,   0.091,   0.331,   0.000,   0.240,   0.331,   0.000,   0.331,   0.000,   0.331
202605182206,   0.083,   0.308,9999.000,9999.000,9999.000,9999.000,9999.000,9999.000,9999.000
202605182212,   0.075,   0.259,9999.000,9999.000,9999.000,9999.000,9999.000,9999.000,9999.000
202605182218,   0.068,   0.259,9999.000,9999.000,9999.000,9999.000,9999.000,9999.000,9999.000
202605182224,   0.060,   0.239,9999.000,9999.000,9999.000,9999.000,9999.000,9999.000,9999.000
202605182230,   0.053,   0.259,9999.000,9999.000,9999.000,9999.000,9999.000,9999.000,9999.000
202605182236,   0.046,   0.288,9999.000,9999.000,9999.000,9999.000,9999.000,9999.000,9999.000
202605182242,   0.039,   0.288,9999.000,9999.000,9999.000,9999.000,9999.000,9999.000,9999.000
202605182248,   0.032,   0.278,9999.000,9999.000,9999.000,9999.000,9999.000,9999.000,9999.000
202605182254,   0.026,   0.278,9999.000,9999.000,9999.000,9999.000,9999.000,9999.000,9999.000
202605182300,   0.020,   0.278,   0.000,   0.258,   0.278,   0.000,   0.278,   0.000,   0.278
202605182306,   0.015,   0.268,9999.000,9999.000,9999.000,9999.000,9999.000,9999.000,9999.000
202605182312,   0.009,   0.268,9999.000,9999.000,9999.000,9999.000,9999.000,9999.000,9999.000
202605182318,   0.004,   0.298,9999.000,9999.000,9999.000,9999.000,9999.000,9999.000,9999.000
202605182324,   0.000,   0.298,9999.000,9999.000,9999.000,9999.000,9999.000,9999.000,9999.000
202605182330,  -0.003,   0.298,9999.000,9999.000,9999.000,9999.000,9999.000,9999.000,9999.000
202605182336,  -0.007,   0.308,9999.000,9999.000,9999.000,9999.000,9999.000,9999.000,9999.000
202605182342,  -0.010,   0.308,9999.000,9999.000,9999.000,9999.000,9999.000,9999.000,9999.000
202605182348,  -0.013,   0.331,9999.000,9999.000,9999.000,9999.000,9999.000,9999.000,9999.000
202605182354,  -0.015,   0.341,9999.000,9999.000,9999.000,9999.000,9999.000,9999.000,9999.000
202605190000,  -0.016,   0.350,   0.000,   0.366,   0.350,   0.000,   0.350,   0.000,   0.350
202605190006,  -0.017,   0.380,9999.000,9999.000,9999.000,9999.000,9999.000,9999.000,9999.000
202605190012,  -0.017,   0.380,9999.000,9999.000,9999.000,9999.000,9999.000,9999.000,9999.000
202605190018,  -0.017,   0.400,9999.000,9999.000,9999.000,9999.000,9999.000,9999.000,9999.000
202605190024,  -0.015,   0.429,9999.000,9999.000,9999.000,9999.000,9999.000,9999.000,9999.000
202605190030,  -0.013,   0.439,9999.000,9999.000,9999.000,9999.000,9999.000,9999.000,9999.000
202605190036,  -0.011,   0.449,9999.000,9999.000,9999.000,9999.000,9999.000,9999.000,9999.000
202605190042,  -0.007,   0.469,9999.000,9999.000,9999.000,9999.000,9999.000,9999.000,9999.000
202605190048,  -0.003,   0.488,9999.000,9999.000,9999.000,9999.000,9999.000,9999.000,9999.000
202605190054,   0.001,   0.498,9999.000,9999.000,9999.000,9999.000,9999.000,9999.000,9999.000
202605190100,   0.007,   0.531,   0.000,   0.524,   0.531,   0.000,   0.531,   0.000,   0.531
202605190106,   0.014,   0.541,9999.000,9999.000,9999.000,9999.000,9999.000,9999.000,9999.000
202605190112,   0.021,   0.560,9999.000,9999.000,9999.000,9999.000,9999.000,9999.000,9999.000
202605190118,   0.030,   0.590,9999.000,9999.000,9999.000,9999.000,9999.000,9999.000,9999.000
202605190124,   0.039,   0.610,9999.000,9999.000,9999.000,9999.000,9999.000,9999.000,9999.000
202605190130,   0.049,   0.629,9999.000,9999.000,9999.000,9999.000,9999.000,9999.000,9999.000
202605190136,   0.059,   0.639,9999.000,9999.000,9999.000,9999.000,9999.000,9999.000,9999.000
202605190142,   0.071,   0.678,9999.000,9999.000,9999.000,9999.000,9999.000,9999.000,9999.000
202605190148,   0.083,   0.678,9999.000,9999.000,9999.000,9999.000,9999.000,9999.000,9999.000
202605190154,   0.095,   0.708,9999.000,9999.000,9999.000,9999.000,9999.000,9999.000,9999.000
202605190200,   0.108,   0.751,   0.000,   0.643,   0.751,   0.000,   0.751,   0.000,   0.751
202605190206,   0.122,   0.751,9999.000,9999.000,9999.000,9999.000,9999.000,9999.000,9999.000
202605190212,   0.136,   0.780,9999.000,9999.000,9999.000,9999.000,9999.000,9999.000,9999.000
202605190218,   0.151,   0.800,9999.000,9999.000,9999.000,9999.000,9999.000,9999.000,9999.000
202605190224,   0.165,   0.829,9999.000,9999.000,9999.000,9999.000,9999.000,9999.000,9999.000
202605190230,   0.180,   0.849,9999.000,9999.000,9999.000,9999.000,9999.000,9999.000,9999.000
202605190236,   0.195,   0.888,9999.000,9999.000,9999.000,9999.000,9999.000,9999.000,9999.000
202605190242,   0.211,   0.918,9999.000,9999.000,9999.000,9999.000,9999.000,9999.000,9999.000
202605190248,   0.226,   0.941,9999.000,9999.000,9999.000,9999.000,9999.000,9999.000,9999.000
202605190254,   0.241,   0.961,9999.000,9999.000,9999.000,9999.000,9999.000,9999.000,9999.000
202605190300,   0.256,   0.980,   0.000,   0.724,   0.980,   0.000,   0.980,   0.000,   0.980
202605190306,   0.270,   1.020,9999.000,9999.000,9999.000,9999.000,9999.000,9999.000,9999.000
202605190312,   0.285,   1.039,9999.000,9999.000,9999.000,9999.000,9999.000,9999.000,9999.000
202605190318,   0.299,   1.049,9999.000,9999.000,9999.000,9999.000,9999.000,9999.000,9999.000
202605190324,   0.313,   1.079,9999.000,9999.000,9999.000,9999.000,9999.000,9999.000,9999.000
202605190330,   0.326,   1.088,9999.000,9999.000,9999.000,9999.000,9999.000,9999.000,9999.000
202605190336,   0.339,   1.128,9999.000,9999.000,9999.000,9999.000,9999.000,9999.000,9999.000
202605190342,   0.352,   1.151,9999.000,9999.000,9999.000,9999.000,9999.000,9999.000,9999.000
202605190348,   0.364,   1.180,9999.000,9999.000,9999.000,9999.000,9999.000,9999.000,9999.000
202605190354,   0.376,   1.200,9999.000,9999.000,9999.000,9999.000,9999.000,9999.000,9999.000
202605190400,   0.387,   1.220,   0.000,   0.833,   1.220,   0.000,   1.220,   0.000,   1.220
202605190406,   0.397,   1.239,9999.000,9999.000,9999.000,9999.000,9999.000,9999.000,9999.000
202605190412,   0.407,   1.249,9999.000,9999.000,9999.000,9999.000,9999.000,9999.000,9999.000
202605190418,   0.417,   1.269,9999.000,9999.000,9999.000,9999.000,9999.000,9999.000,9999.000
202605190424,   0.426,   1.308,9999.000,9999.000,9999.000,9999.000,9999.000,9999.000,9999.000
202605190430,   0.434,   1.308,9999.000,9999.000,9999.000,9999.000,9999.000,9999.000,9999.000
202605190436,   0.442,   1.328,9999.000,9999.000,9999.000,9999.000,9999.000,9999.000,9999.000
202605190442,   0.450,   1.348,9999.000,9999.000,9999.000,9999.000,9999.000,9999.000,9999.000
202605190448,   0.456,   1.361,9999.000,9999.000,9999.000,9999.000,9999.000,9999.000,9999.000
202605190454,   0.463,   1.371,9999.000,9999.000,9999.000,9999.000,9999.000,9999.000,9999.000
202605190500,   0.468,   1.380,   0.000,   0.912,   1.380,   0.000,   1.380,   0.000,   1.380
202605190506,   0.474,   1.410,9999.000,9999.000,9999.000,9999.000,9999.000,9999.000,9999.000
202605190512,   0.478,   1.420,9999.000,9999.000,9999.000,9999.000,9999.000,9999.000,9999.000
202605190518,   0.482,   1.430,9999.000,9999.000,9999.000,9999.000,9999.000,9999.000,9999.000
202605190524,   0.486,   1.449,9999.000,9999.000,9999.000,9999.000,9999.000,9999.000,9999.000
202605190530,   0.489,   1.469,9999.000,9999.000,9999.000,9999.000,9999.000,9999.000,9999.000
202605190536,   0.491,   1.469,9999.000,9999.000,9999.000,9999.000,9999.000,9999.000,9999.000
202605190542,   0.493,   1.498,9999.000,9999.000,9999.000,9999.000,9999.000,9999.000,9999.000
202605190548,   0.494,   1.518,9999.000,9999.000,9999.000,9999.000,9999.000,9999.000,9999.000
202605190554,   0.495,   1.498,9999.000,9999.000,9999.000,9999.000,9999.000,9999.000,9999.000
202605190600,   0.495,   1.498,   0.000,   1.003,   1.498,   0.000,   1.498,   0.000,   1.498
202605190606,   0.495,   1.508,9999.000,9999.000,9999.000,9999.000,9999.000,9999.000,9999.000
202605190612,   0.493,   1.489,9999.000,9999.000,9999.000,9999.000,9999.000,9999.000,9999.000
202605190618,   0.492,   1.469,9999.000,9999.000,9999.000,9999.000,9999.000,9999.000,9999.000
202605190624,   0.490,   1.469,9999.000,9999.000,9999.000,9999.000,9999.000,9999.000,9999.000
202605190630,   0.487,   1.459,9999.000,9999.000,9999.000,9999.000,9999.000,9999.000,9999.000
202605190636,   0.484,   1.430,9999.000,9999.000,9999.000,9999.000,9999.000,9999.000,9999.000
202605190642,   0.480,   1.430,9999.000,9999.000,9999.000,9999.000,9999.000,9999.000,9999.000
202605190648,   0.476,   1.420,9999.000,9999.000,9999.000,9999.000,9999.000,9999.000,9999.000
202605190654,   0.471,   1.400,9999.000,9999.000,9999.000,9999.000,9999.000,9999.000,9999.000
202605190700,   0.465,   1.390,   0.000,   0.925,   1.390,   0.000,   1.390,   0.000,   1.390
202605190706,   0.460,   1.361,9999.000,9999.000,9999.000,9999.000,9999.000,9999.000,9999.000
202605190712,   0.453,   1.361,9999.000,9999.000,9999.000,9999.000,9999.000,9999.000,9999.000
202605190718,   0.447,   1.361,9999.000,9999.000,9999.000,9999.000,9999.000,9999.000,9999.000
202605190724,   0.439,   1.348,9999.000,9999.000,9999.000,9999.000,9999.000,9999.000,9999.000
202605190730,   0.432,   1.328,9999.000,9999.000,9999.000,9999.000,9999.000,9999.000,9999.000
202605190736,   0.424,   1.308,9999.000,9999.000,9999.000,9999.000,9999.000,9999.000,9999.000
202605190742,   0.416,   1.289,9999.000,9999.000,9999.000,9999.000,9999.000,9999.000,9999.000
202605190748,   0.407,   1.269,9999.000,9999.000,9999.000,9999.000,9999.000,9999.000,9999.000
202605190754,   0.398,   1.259,9999.000,9999.000,9999.000,9999.000,9999.000,9999.000,9999.000
202605190800,   0.389,   1.239,   0.000,   0.850,   1.239,   0.000,   1.239,   0.000,   1.239
202605190806,   0.379,   1.220,9999.000,9999.000,9999.000,9999.000,9999.000,9999.000,9999.000
202605190812,   0.370,   1.210,9999.000,9999.000,9999.000,9999.000,9999.000,9999.000,9999.000
202605190818,   0.360,   1.200,9999.000,9999.000,9999.000,9999.000,9999.000,9999.000,9999.000
202605190824,   0.350,   1.180,9999.000,9999.000,9999.000,9999.000,9999.000,9999.000,9999.000
202605190830,   0.339,   1.180,9999.000,9999.000,9999.000,9999.000,9999.000,9999.000,9999.000
202605190836,   0.329,   1.170,9999.000,9999.000,9999.000,9999.000,9999.000,9999.000,9999.000
202605190842,   0.318,   1.128,9999.000,9999.000,9999.000,9999.000,9999.000,9999.000,9999.000
202605190848,   0.308,   1.118,9999.000,9999.000,9999.000,9999.000,9999.000,9999.000,9999.000
202605190854,   0.297,   1.098,9999.000,9999.000,9999.000,9999.000,9999.000,9999.000,9999.000
202605190900,   0.286,   1.069,   0.000,   0.783,   1.069,   0.000,   1.069,   0.000,   1.069
202605190906,   0.276,   1.069,9999.000,9999.000,9999.000,9999.000,9999.000,9999.000,9999.000
202605190912,   0.265,   1.039,9999.000,9999.000,9999.000,9999.000,9999.000,9999.000,9999.000
202605190918,   0.254,   1.029,9999.000,9999.000,9999.000,9999.000,9999.000,9999.000,9999.000
202605190924,   0.243,   1.000,9999.000,9999.000,9999.000,9999.000,9999.000,9999.000,9999.000
202605190930,   0.232,   0.980,9999.000,9999.000,9999.000,9999.000,9999.000,9999.000,9999.000
202605190936,   0.221,   0.970,9999.000,9999.000,9999.000,9999.000,9999.000,9999.000,9999.000
202605190942,   0.211,   0.941,9999.000,9999.000,9999.000,9999.000,9999.000,9999.000,9999.000
202605190948,   0.200,   0.928,9999.000,9999.000,9999.000,9999.000,9999.000,9999.000,9999.000
202605190954,   0.189,   0.898,9999.000,9999.000,9999.000,9999.000,9999.000,9999.000,9999.000
202605191000,   0.179,   0.898,   0.000,   0.719,   0.898,   0.000,   0.898,   0.000,   0.898
202605191006,   0.168,   0.869,9999.000,9999.000,9999.000,9999.000,9999.000,9999.000,9999.000
202605191012,   0.158,   0.859,9999.000,9999.000,9999.000,9999.000,9999.000,9999.000,9999.000
202605191018,   0.147,   0.839,9999.000,9999.000,9999.000,9999.000,9999.000,9999.000,9999.000
202605191024,   0.137,   0.800,9999.000,9999.000,9999.000,9999.000,9999.000,9999.000,9999.000
202605191030,   0.127,   0.770,9999.000,9999.000,9999.000,9999.000,9999.000,9999.000,9999.000
202605191036,   0.117,   0.770,9999.000,9999.000,9999.000,9999.000,9999.000,9999.000,9999.000
202605191042,   0.107,   0.741,9999.000,9999.000,9999.000,9999.000,9999.000,9999.000,9999.000
202605191048,   0.097,   0.731,9999.000,9999.000,9999.000,9999.000,9999.000,9999.000,9999.000
202605191054,   0.088,   0.708,9999.000,9999.000,9999.000,9999.000,9999.000,9999.000,9999.000
202605191100,   0.078,   0.688,   0.000,   0.610,   0.688,   0.000,   0.688,   0.000,   0.688
202605191106,   0.069,   0.678,9999.000,9999.000,9999.000,9999.000,9999.000,9999.000,9999.000
202605191112,   0.060,   0.659,9999.000,9999.000,9999.000,9999.000,9999.000,9999.000,9999.000
202605191118,   0.051,   0.639,9999.000,9999.000,9999.000,9999.000,9999.000,9999.000,9999.000
202605191124,   0.043,   0.629,9999.000,9999.000,9999.000,9999.000,9999.000,9999.000,9999.000
202605191130,   0.034,   0.610,9999.000,9999.000,9999.000,9999.000,9999.000,9999.000,9999.000
202605191136,   0.026,   0.590,9999.000,9999.000,9999.000,9999.000,9999.000,9999.000,9999.000
202605191142,   0.019,   0.560,9999.000,9999.000,9999.000,9999.000,9999.000,9999.000,9999.000
202605191148,   0.011,   0.560,9999.000,9999.000,9999.000,9999.000,9999.000,9999.000,9999.000
202605191154,   0.004,   0.551,9999.000,9999.000,9999.000,9999.000,9999.000,9999.000,9999.000
202605191200,  -0.001,   0.531,   0.100,   0.432,   0.531,   0.000,   0.431,   0.100,   0.531
202605191206,  -0.007,   0.518,9999.000,9999.000,9999.000,9999.000,9999.000,9999.000,9999.000
202605191212,  -0.013,   0.508,9999.000,9999.000,9999.000,9999.000,9999.000,9999.000,9999.000
202605191218,  -0.018,   0.498,9999.000,9999.000,9999.000,9999.000,9999.000,9999.000,9999.000
202605191224,  -0.023,   0.498,9999.000,9999.000,9999.000,9999.000,9999.000,9999.000,9999.000
202605191230,  -0.027,   0.478,9999.000,9999.000,9999.000,9999.000,9999.000,9999.000,9999.000
202605191236,  -0.031,   0.488,9999.000,9999.000,9999.000,9999.000,9999.000,9999.000,9999.000
202605191242,  -0.034,   0.469,9999.000,9999.000,9999.000,9999.000,9999.000,9999.000,9999.000
202605191248,  -0.036,   0.449,9999.000,9999.000,9999.000,9999.000,9999.000,9999.000,9999.000
202605191254,  -0.038,   0.469,9999.000,9999.000,9999.000,9999.000,9999.000,9999.000,9999.000
202605191300,  -0.039,   0.459,   0.100,   0.398,   0.459,   0.000,   0.359,   0.100,   0.459
202605191306,  -0.039,   0.459,9999.000,9999.000,9999.000,9999.000,9999.000,9999.000,9999.000
202605191312,  -0.039,   0.459,9999.000,9999.000,9999.000,9999.000,9999.000,9999.000,9999.000
202605191318,  -0.038,   0.469,9999.000,9999.000,9999.000,9999.000,9999.000,9999.000,9999.000
202605191324,  -0.036,   0.469,9999.000,9999.000,9999.000,9999.000,9999.000,9999.000,9999.000
202605191330,  -0.033,   0.469,9999.000,9999.000,9999.000,9999.000,9999.000,9999.000,9999.000
202605191336,  -0.029,   0.478,9999.000,9999.000,9999.000,9999.000,9999.000,9999.000,9999.000
202605191342,  -0.025,   0.498,9999.000,9999.000,9999.000,9999.000,9999.000,9999.000,9999.000
202605191348,  -0.020,   0.518,9999.000,9999.000,9999.000,9999.000,9999.000,9999.000,9999.000
202605191354,  -0.014,   0.508,9999.000,9999.000,9999.000,9999.000,9999.000,9999.000,9999.000
202605191400,  -0.008,   0.541,   0.100,   0.449,   0.541,   0.000,   0.441,   0.100,   0.541
202605191406,   0.000,   0.560,9999.000,9999.000,9999.000,9999.000,9999.000,9999.000,9999.000
202605191412,   0.007,   0.570,9999.000,9999.000,9999.000,9999.000,9999.000,9999.000,9999.000
202605191418,   0.016,   0.560,9999.000,9999.000,9999.000,9999.000,9999.000,9999.000,9999.000
202605191424,   0.025,   0.590,9999.000,9999.000,9999.000,9999.000,9999.000,9999.000,9999.000
202605191430,   0.035,   0.600,9999.000,9999.000,9999.000,9999.000,9999.000,9999.000,9999.000
202605191436,   0.045,   0.610,9999.000,9999.000,9999.000,9999.000,9999.000,9999.000,9999.000
202605191442,   0.056,   0.629,9999.000,9999.000,9999.000,9999.000,9999.000,9999.000,9999.000
202605191448,   0.068,   0.649,9999.000,9999.000,9999.000,9999.000,9999.000,9999.000,9999.000
202605191454,   0.080,   0.669,9999.000,9999.000,9999.000,9999.000,9999.000,9999.000,9999.000
202605191500,   0.092,   0.698,   0.000,   0.606,   0.698,   0.000,   0.698,   0.100,   0.798
202605191506,   0.104,   0.708,9999.000,9999.000,9999.000,9999.000,9999.000,9999.000,9999.000
202605191512,   0.117,   0.718,9999.000,9999.000,9999.000,9999.000,9999.000,9999.000,9999.000
202605191518,   0.129,   0.741,9999.000,9999.000,9999.000,9999.000,9999.000,9999.000,9999.000
202605191524,   0.142,   0.770,9999.000,9999.000,9999.000,9999.000,9999.000,9999.000,9999.000
202605191530,   0.155,   0.770,9999.000,9999.000,9999.000,9999.000,9999.000,9999.000,9999.000
202605191536,   0.167,   0.800,9999.000,9999.000,9999.000,9999.000,9999.000,9999.000,9999.000
202605191542,   0.180,   0.810,9999.000,9999.000,9999.000,9999.000,9999.000,9999.000,9999.000
202605191548,   0.192,   0.819,9999.000,9999.000,9999.000,9999.000,9999.000,9999.000,9999.000
202605191554,   0.204,   0.829,9999.000,9999.000,9999.000,9999.000,9999.000,9999.000,9999.000
202605191600,   0.216,   0.859,   0.000,   0.643,   0.859,   0.000,   0.859,   0.100,   0.959
202605191606,   0.228,   0.879,9999.000,9999.000,9999.000,9999.000,9999.000,9999.000,9999.000
202605191612,   0.239,   0.888,9999.000,9999.000,9999.000,9999.000,9999.000,9999.000,9999.000
202605191618,   0.251,   0.918,9999.000,9999.000,9999.000,9999.000,9999.000,9999.000,9999.000
202605191624,   0.261,   0.941,9999.000,9999.000,9999.000,9999.000,9999.000,9999.000,9999.000
202605191630,   0.272,   0.961,9999.000,9999.000,9999.000,9999.000,9999.000,9999.000,9999.000
202605191636,   0.282,   0.980,9999.000,9999.000,9999.000,9999.000,9999.000,9999.000,9999.000
202605191642,   0.292,   1.000,9999.000,9999.000,9999.000,9999.000,9999.000,9999.000,9999.000
202605191648,   0.301,   1.000,9999.000,9999.000,9999.000,9999.000,9999.000,9999.000,9999.000
202605191654,   0.310,   1.000,9999.000,9999.000,9999.000,9999.000,9999.000,9999.000,9999.000
202605191700,   0.319,   1.020,   0.000,   0.701,   1.020,   0.000,   1.020,   0.100,   1.120
202605191706,   0.327,   1.020,9999.000,9999.000,9999.000,9999.000,9999.000,9999.000,9999.000
202605191712,   0.335,   1.029,9999.000,9999.000,9999.000,9999.000,9999.000,9999.000,9999.000
202605191718,   0.342,   1.049,9999.000,9999.000,9999.000,9999.000,9999.000,9999.000,9999.000
202605191724,   0.349,   1.069,9999.000,9999.000,9999.000,9999.000,9999.000,9999.000,9999.000
202605191730,   0.355,   1.069,9999.000,9999.000,9999.000,9999.000,9999.000,9999.000,9999.000
202605191736,   0.361,   1.088,9999.000,9999.000,9999.000,9999.000,9999.000,9999.000,9999.000
202605191742,   0.367,   1.088,9999.000,9999.000,9999.000,9999.000,9999.000,9999.000,9999.000
202605191748,   0.372,   1.088,9999.000,9999.000,9999.000,9999.000,9999.000,9999.000,9999.000
202605191754,   0.376,   1.079,9999.000,9999.000,9999.000,9999.000,9999.000,9999.000,9999.000
202605191800,   0.380,   1.088,   0.100,   0.608,   1.088,   0.100,   1.088,   0.100,   1.088
202605191806,   0.383,   1.079,9999.000,9999.000,9999.000,9999.000,9999.000,9999.000,9999.000
202605191812,   0.386,   1.079,9999.000,9999.000,9999.000,9999.000,9999.000,9999.000,9999.000
202605191818,   0.389,   1.029,9999.000,9999.000,9999.000,9999.000,9999.000,9999.000,9999.000
202605191824,   0.391,   1.069,9999.000,9999.000,9999.000,9999.000,9999.000,9999.000,9999.000
202605191830,   0.392,   1.079,9999.000,9999.000,9999.000,9999.000,9999.000,9999.000,9999.000
202605191836,   0.393,   1.059,9999.000,9999.000,9999.000,9999.000,9999.000,9999.000,9999.000
202605191842,   0.393,   1.020,9999.000,9999.000,9999.000,9999.000,9999.000,9999.000,9999.000
202605191848,   0.393,   1.069,9999.000,9999.000,9999.000,9999.000,9999.000,9999.000,9999.000
202605191854,   0.392,   1.049,9999.000,9999.000,9999.000,9999.000,9999.000,9999.000,9999.000
202605191900,   0.390,   1.049,   0.100,   0.559,   1.049,   0.100,   1.049,   0.100,   1.049
202605191906,   0.388,   1.020,9999.000,9999.000,9999.000,9999.000,9999.000,9999.000,9999.000
202605191912,   0.386,   1.010,9999.000,9999.000,9999.000,9999.000,9999.000,9999.000,9999.000
202605191918,   0.383,   1.039,9999.000,9999.000,9999.000,9999.000,9999.000,9999.000,9999.000
202605191924,   0.379,   1.020,9999.000,9999.000,9999.000,9999.000,9999.000,9999.000,9999.000
202605191930,   0.375,   0.980,9999.000,9999.000,9999.000,9999.000,9999.000,9999.000,9999.000
202605191936,   0.371,   0.980,9999.000,9999.000,9999.000,9999.000,9999.000,9999.000,9999.000
202605191942,   0.366,   0.990,9999.000,9999.000,9999.000,9999.000,9999.000,9999.000,9999.000
202605191948,   0.361,   0.961,9999.000,9999.000,9999.000,9999.000,9999.000,9999.000,9999.000
202605191954,   0.355,   0.980,9999.000,9999.000,9999.000,9999.000,9999.000,9999.000,9999.000
202605192000,   0.349,   0.970,   0.100,   0.521,   0.970,   0.100,   0.970,   0.100,   0.970
202605192006,   0.342,   0.961,9999.000,9999.000,9999.000,9999.000,9999.000,9999.000,9999.000
202605192012,   0.335,   0.961,9999.000,9999.000,9999.000,9999.000,9999.000,9999.000,9999.000
202605192018,   0.328,   0.928,9999.000,9999.000,9999.000,9999.000,9999.000,9999.000,9999.000
202605192024,   0.321,   0.928,9999.000,9999.000,9999.000,9999.000,9999.000,9999.000,9999.000
202605192030,   0.313,   0.918,9999.000,9999.000,9999.000,9999.000,9999.000,9999.000,9999.000
202605192036,   0.305,   0.898,9999.000,9999.000,9999.000,9999.000,9999.000,9999.000,9999.000
202605192042,   0.297,   0.869,9999.000,9999.000,9999.000,9999.000,9999.000,9999.000,9999.000
202605192048,   0.288,   0.859,9999.000,9999.000,9999.000,9999.000,9999.000,9999.000,9999.000
202605192054,   0.280,   0.849,9999.000,9999.000,9999.000,9999.000,9999.000,9999.000,9999.000
202605192100,   0.271,   0.839,   0.100,   0.468,   0.839,   0.100,   0.839,   0.100,   0.839
202605192106,   0.262,   0.829,9999.000,9999.000,9999.000,9999.000,9999.000,9999.000,9999.000
202605192112,   0.253,   0.829,9999.000,9999.000,9999.000,9999.000,9999.000,9999.000,9999.000
202605192118,   0.244,   0.790,9999.000,9999.000,9999.000,9999.000,9999.000,9999.000,9999.000
202605192124,   0.235,   0.810,9999.000,9999.000,9999.000,9999.000,9999.000,9999.000,9999.000
202605192130,   0.226,   0.790,9999.000,9999.000,9999.000,9999.000,9999.000,9999.000,9999.000
202605192136,   0.217,   0.790,9999.000,9999.000,9999.000,9999.000,9999.000,9999.000,9999.000
202605192142,   0.208,   0.780,9999.000,9999.000,9999.000,9999.000,9999.000,9999.000,9999.000
202605192148,   0.199,   0.760,9999.000,9999.000,9999.000,9999.000,9999.000,9999.000,9999.000
202605192154,   0.190,   0.718,9999.000,9999.000,9999.000,9999.000,9999.000,9999.000,9999.000
202605192200,   0.181,   0.718,   0.100,   0.437,   0.718,   0.100,   0.718,   0.100,   0.718
202605192206,   0.172,   0.718,9999.000,9999.000,9999.000,9999.000,9999.000,9999.000,9999.000
202605192212,   0.163,   0.708,9999.000,9999.000,9999.000,9999.000,9999.000,9999.000,9999.000
202605192218,   0.154,   0.698,9999.000,9999.000,9999.000,9999.000,9999.000,9999.000,9999.000
202605192224,   0.145,   0.669,9999.000,9999.000,9999.000,9999.000,9999.000,9999.000,9999.000
202605192230,   0.136,   0.639,9999.000,9999.000,9999.000,9999.000,9999.000,9999.000,9999.000
202605192236,   0.128,   0.649,9999.000,9999.000,9999.000,9999.000,9999.000,9999.000,9999.000
202605192242,   0.119,   0.639,9999.000,9999.000,9999.000,9999.000,9999.000,9999.000,9999.000
202605192248,   0.111,   0.629,9999.000,9999.000,9999.000,9999.000,9999.000,9999.000,9999.000
202605192254,   0.103,   0.619,9999.000,9999.000,9999.000,9999.000,9999.000,9999.000,9999.000
202605192300,   0.095,   0.610,   0.100,   0.415,   0.610,   0.100,   0.610,   0.100,   0.610
202605192306,   0.087,   0.610,9999.000,9999.000,9999.000,9999.000,9999.000,9999.000,9999.000
202605192312,   0.079,   0.619,9999.000,9999.000,9999.000,9999.000,9999.000,9999.000,9999.000
202605192318,   0.072,   0.600,9999.000,9999.000,9999.000,9999.000,9999.000,9999.000,9999.000
202605192324,   0.065,   0.600,9999.000,9999.000,9999.000,9999.000,9999.000,9999.000,9999.000
202605192330,   0.058,   0.570,9999.000,9999.000,9999.000,9999.000,9999.000,9999.000,9999.000
202605192336,   0.051,   0.560,9999.000,9999.000,9999.000,9999.000,9999.000,9999.000,9999.000
202605192342,   0.045,   0.551,9999.000,9999.000,9999.000,9999.000,9999.000,9999.000,9999.000
202605192348,   0.038,   0.541,9999.000,9999.000,9999.000,9999.000,9999.000,9999.000,9999.000
202605192354,   0.033,   0.551,9999.000,9999.000,9999.000,9999.000,9999.000,9999.000,9999.000
202605200000,   0.027,   0.518,   0.100,   0.391,   0.518,   0.100,   0.518,   0.100,   0.518
202605200006,   0.022,   0.508,9999.000,9999.000,9999.000,9999.000,9999.000,9999.000,9999.000
202605200012,   0.017,   0.488,9999.000,9999.000,9999.000,9999.000,9999.000,9999.000,9999.000
202605200018,   0.013,   0.498,9999.000,9999.000,9999.000,9999.000,9999.000,9999.000,9999.000
202605200024,   0.009,   0.478,9999.000,9999.000,9999.000,9999.000,9999.000,9999.000,9999.000
202605200030,   0.005,   0.488,9999.000,9999.000,9999.000,9999.000,9999.000,9999.000,9999.000
202605200036,   0.002,   0.498,9999.000,9999.000,9999.000,9999.000,9999.000,9999.000,9999.000
202605200042,   0.000,   0.498,9999.000,9999.000,9999.000,9999.000,9999.000,9999.000,9999.000
202605200048,  -0.001,   0.498,9999.000,9999.000,9999.000,9999.000,9999.000,9999.000,9999.000
202605200054,  -0.002,   0.518,9999.000,9999.000,9999.000,9999.000,9999.000,9999.000,9999.000
202605200100,  -0.003,   0.531,   0.100,   0.434,   0.531,   0.100,   0.531,   0.100,   0.531
202605200106,  -0.003,   0.541,9999.000,9999.000,9999.000,9999.000,9999.000,9999.000,9999.000
202605200112,  -0.003,   0.531,9999.000,9999.000,9999.000,9999.000,9999.000,9999.000,9999.000
202605200118,  -0.001,   0.531,9999.000,9999.000,9999.000,9999.000,9999.000,9999.000,9999.000
202605200124,   0.000,   0.560,9999.000,9999.000,9999.000,9999.000,9999.000,9999.000,9999.000
202605200130,   0.003,   0.560,9999.000,9999.000,9999.000,9999.000,9999.000,9999.000,9999.000
202605200136,   0.006,   0.590,9999.000,9999.000,9999.000,9999.000,9999.000,9999.000,9999.000
202605200142,   0.011,   0.600,9999.000,9999.000,9999.000,9999.000,9999.000,9999.000,9999.000
202605200148,   0.016,   0.610,9999.000,9999.000,9999.000,9999.000,9999.000,9999.000,9999.000
202605200154,   0.021,   0.619,9999.000,9999.000,9999.000,9999.000,9999.000,9999.000,9999.000
202605200200,   0.028,   0.639,   0.100,   0.511,   0.639,   0.100,   0.639,   0.100,   0.639
202605200206,   0.035,   0.649,9999.000,9999.000,9999.000,9999.000,9999.000,9999.000,9999.000
202605200212,   0.044,   0.678,9999.000,9999.000,9999.000,9999.000,9999.000,9999.000,9999.000
202605200218,   0.052,   0.669,9999.000,9999.000,9999.000,9999.000,9999.000,9999.000,9999.000
202605200224,   0.062,   0.698,9999.000,9999.000,9999.000,9999.000,9999.000,9999.000,9999.000
202605200230,   0.072,   0.708,9999.000,9999.000,9999.000,9999.000,9999.000,9999.000,9999.000
202605200236,   0.083,   0.731,9999.000,9999.000,9999.000,9999.000,9999.000,9999.000,9999.000
202605200242,   0.094,   0.751,9999.000,9999.000,9999.000,9999.000,9999.000,9999.000,9999.000
202605200248,   0.106,   0.760,9999.000,9999.000,9999.000,9999.000,9999.000,9999.000,9999.000
202605200254,   0.119,   0.780,9999.000,9999.000,9999.000,9999.000,9999.000,9999.000,9999.000
202605200300,   0.132,   0.800,   0.100,   0.568,   0.800,   0.000,   0.700,   0.100,   0.800
202605200306,   0.145,   0.810,9999.000,9999.000,9999.000,9999.000,9999.000,9999.000,9999.000
202605200312,   0.158,   0.839,9999.000,9999.000,9999.000,9999.000,9999.000,9999.000,9999.000
202605200318,   0.172,   0.849,9999.000,9999.000,9999.000,9999.000,9999.000,9999.000,9999.000
202605200324,   0.185,   0.859,9999.000,9999.000,9999.000,9999.000,9999.000,9999.000,9999.000
202605200330,   0.199,   0.898,9999.000,9999.000,9999.000,9999.000,9999.000,9999.000,9999.000
202605200336,   0.213,   0.918,9999.000,9999.000,9999.000,9999.000,9999.000,9999.000,9999.000
202605200342,   0.227,   0.918,9999.000,9999.000,9999.000,9999.000,9999.000,9999.000,9999.000
202605200348,   0.240,   0.951,9999.000,9999.000,9999.000,9999.000,9999.000,9999.000,9999.000
202605200354,   0.254,   0.970,9999.000,9999.000,9999.000,9999.000,9999.000,9999.000,9999.000
202605200400,   0.267,   0.970,   0.000,   0.703,   0.970,   0.000,   0.970,   0.100,   1.070
202605200406,   0.280,   1.000,9999.000,9999.000,9999.000,9999.000,9999.000,9999.000,9999.000
202605200412,   0.293,   1.020,9999.000,9999.000,9999.000,9999.000,9999.000,9999.000,9999.000
202605200418,   0.305,   1.039,9999.000,9999.000,9999.000,9999.000,9999.000,9999.000,9999.000
202605200424,   0.317,   1.069,9999.000,9999.000,9999.000,9999.000,9999.000,9999.000,9999.000
202605200430,   0.329,   1.088,9999.000,9999.000,9999.000,9999.000,9999.000,9999.000,9999.000
202605200436,   0.340,   1.108,9999.000,9999.000,9999.000,9999.000,9999.000,9999.000,9999.000
202605200442,   0.351,   1.128,9999.000,9999.000,9999.000,9999.000,9999.000,9999.000,9999.000
202605200448,   0.361,   1.161,9999.000,9999.000,9999.000,9999.000,9999.000,9999.000,9999.000
202605200454,   0.371,   1.161,9999.000,9999.000,9999.000,9999.000,9999.000,9999.000,9999.000
202605200500,   0.381,   1.180,   0.000,   0.799,   1.180,   0.000,   1.180,   0.000,   1.180
202605200506,   0.390,   1.200,9999.000,9999.000,9999.000,9999.000,9999.000,9999.000,9999.000
202605200512,   0.399,   1.220,9999.000,9999.000,9999.000,9999.000,9999.000,9999.000,9999.000
202605200518,   0.407,   1.249,9999.000,9999.000,9999.000,9999.000,9999.000,9999.000,9999.000
202605200524,   0.415,   1.249,9999.000,9999.000,9999.000,9999.000,9999.000,9999.000,9999.000
202605200530,   0.422,   1.279,9999.000,9999.000,9999.000,9999.000,9999.000,9999.000,9999.000
202605200536,   0.429,   1.279,9999.000,9999.000,9999.000,9999.000,9999.000,9999.000,9999.000
202605200542,   0.435,   1.298,9999.000,9999.000,9999.000,9999.000,9999.000,9999.000,9999.000
202605200548,   0.441,   1.318,9999.000,9999.000,9999.000,9999.000,9999.000,9999.000,9999.000
202605200554,   0.447,   1.328,9999.000,9999.000,9999.000,9999.000,9999.000,9999.000,9999.000
202605200600,   0.452,   1.348,   0.000,   0.896,   1.348,   0.000,   1.348,   0.000,   1.348
202605200606,   0.456,   1.361,9999.000,9999.000,9999.000,9999.000,9999.000,9999.000,9999.000
202605200612,   0.460,   1.390,9999.000,9999.000,9999.000,9999.000,9999.000,9999.000,9999.000
202605200618,   0.463,   1.400,9999.000,9999.000,9999.000,9999.000,9999.000,9999.000,9999.000
202605200624,   0.466,   1.400,9999.000,9999.000,9999.000,9999.000,9999.000,9999.000,9999.000
202605200630,   0.469,   1.390,9999.000,9999.000,9999.000,9999.000,9999.000,9999.000,9999.000
202605200636,   0.471,   1.390,9999.000,9999.000,9999.000,9999.000,9999.000,9999.000,9999.000
202605200642,   0.472,   1.400,9999.000,9999.000,9999.000,9999.000,9999.000,9999.000,9999.000
202605200648,   0.473,   1.400,9999.000,9999.000,9999.000,9999.000,9999.000,9999.000,9999.000
202605200654,   0.474,   1.390,9999.000,9999.000,9999.000,9999.000,9999.000,9999.000,9999.000
202605200700,   0.474,   1.371,   0.000,   0.897,   1.371,   0.000,   1.371,   0.000,   1.371
202605200706,   0.473,   1.328,9999.000,9999.000,9999.000,9999.000,9999.000,9999.000,9999.000
202605200712,   0.472,   1.308,9999.000,9999.000,9999.000,9999.000,9999.000,9999.000,9999.000
202605200718,   0.470,   1.289,9999.000,9999.000,9999.000,9999.000,9999.000,9999.000,9999.000
202605200724,   0.468,   1.289,9999.000,9999.000,9999.000,9999.000,9999.000,9999.000,9999.000
202605200730,   0.465,   1.289,9999.000,9999.000,9999.000,9999.000,9999.000,9999.000,9999.000
202605200736,   0.462,   1.269,9999.000,9999.000,9999.000,9999.000,9999.000,9999.000,9999.000
202605200742,   0.458,   1.259,9999.000,9999.000,9999.000,9999.000,9999.000,9999.000,9999.000
202605200748,   0.454,   1.249,9999.000,9999.000,9999.000,9999.000,9999.000,9999.000,9999.000
202605200754,   0.449,   1.239,9999.000,9999.000,9999.000,9999.000,9999.000,9999.000,9999.000
202605200800,   0.444,   1.220,   0.000,   0.776,   1.220,   0.000,   1.220,   0.000,   1.220
202605200806,   0.438,   1.210,9999.000,9999.000,9999.000,9999.000,9999.000,9999.000,9999.000
202605200812,   0.432,   1.190,9999.000,9999.000,9999.000,9999.000,9999.000,9999.000,9999.000
202605200818,   0.426,   1.180,9999.000,9999.000,9999.000,9999.000,9999.000,9999.000,9999.000
202605200824,   0.419,   1.161,9999.000,9999.000,9999.000,9999.000,9999.000,9999.000,9999.000
202605200830,   0.412,   1.138,9999.000,9999.000,9999.000,9999.000,9999.000,9999.000,9999.000
202605200836,   0.404,   1.128,9999.000,9999.000,9999.000,9999.000,9999.000,9999.000,9999.000
202605200842,   0.396,   1.108,9999.000,9999.000,9999.000,9999.000,9999.000,9999.000,9999.000
202605200848,   0.388,   1.088,9999.000,9999.000,9999.000,9999.000,9999.000,9999.000,9999.000
202605200854,   0.379,   1.079,9999.000,9999.000,9999.000,9999.000,9999.000,9999.000,9999.000
202605200900,   0.370,   1.069,   0.000,   0.699,   1.069,   0.000,   1.069,   0.000,   1.069
202605200906,   0.361,   1.049,9999.000,9999.000,9999.000,9999.000,9999.000,9999.000,9999.000
202605200912,   0.352,   1.029,9999.000,9999.000,9999.000,9999.000,9999.000,9999.000,9999.000
202605200918,   0.343,   1.000,9999.000,9999.000,9999.000,9999.000,9999.000,9999.000,9999.000
202605200924,   0.333,   0.990,9999.000,9999.000,9999.000,9999.000,9999.000,9999.000,9999.000
202605200930,   0.323,   0.970,9999.000,9999.000,9999.000,9999.000,9999.000,9999.000,9999.000
202605200936,   0.313,   0.941,9999.000,9999.000,9999.000,9999.000,9999.000,9999.000,9999.000
202605200942,   0.303,   0.918,9999.000,9999.000,9999.000,9999.000,9999.000,9999.000,9999.000
202605200948,   0.293,   0.888,9999.000,9999.000,9999.000,9999.000,9999.000,9999.000,9999.000
202605200954,   0.283,   0.869,9999.000,9999.000,9999.000,9999.000,9999.000,9999.000,9999.000
202605201000,   0.273,   0.849,   0.000,   0.576,   0.849,   0.000,   0.849,   0.000,   0.849
202605201006,   0.263,   0.829,9999.000,9999.000,9999.000,9999.000,9999.000,9999.000,9999.000
202605201012,   0.252,   0.800,9999.000,9999.000,9999.000,9999.000,9999.000,9999.000,9999.000
202605201018,   0.242,   0.780,9999.000,9999.000,9999.000,9999.000,9999.000,9999.000,9999.000
202605201024,   0.232,   0.770,9999.000,9999.000,9999.000,9999.000,9999.000,9999.000,9999.000
202605201030,   0.221,   0.751,9999.000,9999.000,9999.000,9999.000,9999.000,9999.000,9999.000
202605201036,   0.211,   0.731,9999.000,9999.000,9999.000,9999.000,9999.000,9999.000,9999.000
202605201042,   0.201,   0.708,9999.000,9999.000,9999.000,9999.000,9999.000,9999.000,9999.000
202605201048,   0.190,   0.698,9999.000,9999.000,9999.000,9999.000,9999.000,9999.000,9999.000
202605201054,   0.180,   0.688,9999.000,9999.000,9999.000,9999.000,9999.000,9999.000,9999.000
202605201100,   0.170,   0.649,   0.000,   0.479,   0.649,   0.000,   0.649,   0.000,   0.649
202605201106,   0.160,   0.649,9999.000,9999.000,9999.000,9999.000,9999.000,9999.000,9999.000
202605201112,   0.150,   0.619,9999.000,9999.000,9999.000,9999.000,9999.000,9999.000,9999.000
202605201118,   0.140,   0.600,9999.000,9999.000,9999.000,9999.000,9999.000,9999.000,9999.000
202605201124,   0.130,   0.590,9999.000,9999.000,9999.000,9999.000,9999.000,9999.000,9999.000
202605201130,   0.121,   0.560,9999.000,9999.000,9999.000,9999.000,9999.000,9999.000,9999.000
202605201136,   0.111,   0.560,9999.000,9999.000,9999.000,9999.000,9999.000,9999.000,9999.000
202605201142,   0.102,   0.518,9999.000,9999.000,9999.000,9999.000,9999.000,9999.000,9999.000
202605201148,   0.093,   0.508,9999.000,9999.000,9999.000,9999.000,9999.000,9999.000,9999.000
202605201154,   0.084,   0.498,9999.000,9999.000,9999.000,9999.000,9999.000,9999.000,9999.000
202605201200,   0.075,   0.488,   0.000,   0.413,   0.488,   0.000,   0.488,   0.000,   0.488
202605201206,   0.066,   0.478,9999.000,9999.000,9999.000,9999.000,9999.000,9999.000,9999.000
202605201212,   0.058,   0.469,9999.000,9999.000,9999.000,9999.000,9999.000,9999.000,9999.000
202605201218,   0.050,   0.449,9999.000,9999.000,9999.000,9999.000,9999.000,9999.000,9999.000
202605201224,   0.042,   0.449,9999.000,9999.000,9999.000,9999.000,9999.000,9999.000,9999.000
202605201230,   0.034,   0.429,9999.000,9999.000,9999.000,9999.000,9999.000,9999.000,9999.000
202605201236,   0.027,   0.409,9999.000,9999.000,9999.000,9999.000,9999.000,9999.000,9999.000
202605201242,   0.020,   0.400,9999.000,9999.000,9999.000,9999.000,9999.000,9999.000,9999.000
202605201248,   0.014,   0.390,9999.000,9999.000,9999.000,9999.000,9999.000,9999.000,9999.000
202605201254,   0.007,   0.370,9999.000,9999.000,9999.000,9999.000,9999.000,9999.000,9999.000
202605201300,   0.002,   0.350,   0.000,   0.348,   0.350,  -0.100,   0.250,   0.000,   0.350
202605201306,  -0.003,   0.350,9999.000,9999.000,9999.000,9999.000,9999.000,9999.000,9999.000
202605201312,  -0.007,   0.331,9999.000,9999.000,9999.000,9999.000,9999.000,9999.000,9999.000
202605201318,  -0.012,   0.321,9999.000,9999.000,9999.000,9999.000,9999.000,9999.000,9999.000
202605201324,  -0.015,   0.298,9999.000,9999.000,9999.000,9999.000,9999.000,9999.000,9999.000
202605201330,  -0.019,   0.298,9999.000,9999.000,9999.000,9999.000,9999.000,9999.000,9999.000
202605201336,  -0.021,   0.278,9999.000,9999.000,9999.000,9999.000,9999.000,9999.000,9999.000
202605201342,  -0.023,   0.278,9999.000,9999.000,9999.000,9999.000,9999.000,9999.000,9999.000
202605201348,  -0.025,   0.268,9999.000,9999.000,9999.000,9999.000,9999.000,9999.000,9999.000
202605201354,  -0.025,   0.278,9999.000,9999.000,9999.000,9999.000,9999.000,9999.000,9999.000
202605201400,  -0.025,   0.268,   0.000,   0.293,   0.268,  -0.100,   0.168,   0.000,   0.268
202605201406,  -0.025,   0.249,9999.000,9999.000,9999.000,9999.000,9999.000,9999.000,9999.000
202605201412,  -0.023,   0.259,9999.000,9999.000,9999.000,9999.000,9999.000,9999.000,9999.000
202605201418,  -0.021,   0.259,9999.000,9999.000,9999.000,9999.000,9999.000,9999.000,9999.000
202605201424,  -0.019,   0.268,9999.000,9999.000,9999.000,9999.000,9999.000,9999.000,9999.000
202605201430,  -0.015,   0.288,9999.000,9999.000,9999.000,9999.000,9999.000,9999.000,9999.000
202605201436,  -0.011,   0.321,9999.000,9999.000,9999.000,9999.000,9999.000,9999.000,9999.000
202605201442,  -0.006,   0.341,9999.000,9999.000,9999.000,9999.000,9999.000,9999.000,9999.000
202605201448,   0.000,   0.331,9999.000,9999.000,9999.000,9999.000,9999.000,9999.000,9999.000
202605201454,   0.005,   0.350,9999.000,9999.000,9999.000,9999.000,9999.000,9999.000,9999.000
202605201500,   0.012,   0.370,   0.000,   0.358,   0.370,  -0.100,   0.270,   0.000,   0.370
202605201506,   0.019,   0.380,9999.000,9999.000,9999.000,9999.000,9999.000,9999.000,9999.000
202605201512,   0.027,   0.380,9999.000,9999.000,9999.000,9999.000,9999.000,9999.000,9999.000
202605201518,   0.036,   0.400,9999.000,9999.000,9999.000,9999.000,9999.000,9999.000,9999.000
202605201524,   0.045,   0.419,9999.000,9999.000,9999.000,9999.000,9999.000,9999.000,9999.000
202605201530,   0.055,   0.439,9999.000,9999.000,9999.000,9999.000,9999.000,9999.000,9999.000
202605201536,   0.065,   0.449,9999.000,9999.000,9999.000,9999.000,9999.000,9999.000,9999.000
202605201542,   0.075,   0.439,9999.000,9999.000,9999.000,9999.000,9999.000,9999.000,9999.000
202605201548,   0.086,   0.469,9999.000,9999.000,9999.000,9999.000,9999.000,9999.000,9999.000
202605201554,   0.097,   0.488,9999.000,9999.000,9999.000,9999.000,9999.000,9999.000,9999.000
202605201600,   0.108,   0.508,   0.000,   0.400,   0.508,  -0.100,   0.408,   0.000,   0.508
202605201606,   0.119,   0.531,9999.000,9999.000,9999.000,9999.000,9999.000,9999.000,9999.000
202605201612,   0.131,   0.551,9999.000,9999.000,9999.000,9999.000,9999.000,9999.000,9999.000
202605201618,   0.142,   0.580,9999.000,9999.000,9999.000,9999.000,9999.000,9999.000,9999.000
202605201624,   0.154,   0.580,9999.000,9999.000,9999.000,9999.000,9999.000,9999.000,9999.000
202605201630,   0.165,   0.580,9999.000,9999.000,9999.000,9999.000,9999.000,9999.000,9999.000
202605201636,   0.176,   0.600,9999.000,9999.000,9999.000,9999.000,9999.000,9999.000,9999.000
202605201642,   0.188,   0.619,9999.000,9999.000,9999.000,9999.000,9999.000,9999.000,9999.000
202605201648,   0.199,   0.649,9999.000,9999.000,9999.000,9999.000,9999.000,9999.000,9999.000
202605201654,   0.210,   0.649,9999.000,9999.000,9999.000,9999.000,9999.000,9999.000,9999.000
202605201700,   0.220,   0.669,   0.000,   0.449,   0.669,  -0.100,   0.569,   0.000,   0.669
202605201706,   0.231,   0.659,9999.000,9999.000,9999.000,9999.000,9999.000,9999.000,9999.000
202605201712,   0.241,   0.688,9999.000,9999.000,9999.000,9999.000,9999.000,9999.000,9999.000
202605201718,   0.251,   0.688,9999.000,9999.000,9999.000,9999.000,9999.000,9999.000,9999.000
202605201724,   0.261,   0.708,9999.000,9999.000,9999.000,9999.000,9999.000,9999.000,9999.000
202605201730,   0.271,   0.718,9999.000,9999.000,9999.000,9999.000,9999.000,9999.000,9999.000
202605201736,   0.280,   0.731,9999.000,9999.000,9999.000,9999.000,9999.000,9999.000,9999.000
202605201742,   0.289,   0.751,9999.000,9999.000,9999.000,9999.000,9999.000,9999.000,9999.000
202605201748,   0.297,   0.751,9999.000,9999.000,9999.000,9999.000,9999.000,9999.000,9999.000
202605201754,   0.306,   0.760,9999.000,9999.000,9999.000,9999.000,9999.000,9999.000,9999.000
202605201800,   0.314,   0.770,   0.000,   0.456,   0.770,  -0.100,   0.670,   0.000,   0.770
202605201806,   0.322,   0.770,9999.000,9999.000,9999.000,9999.000,9999.000,9999.000,9999.000
202605201812,   0.329,   0.770,9999.000,9999.000,9999.000,9999.000,9999.000,9999.000,9999.000
202605201818,   0.336,   0.800,9999.000,9999.000,9999.000,9999.000,9999.000,9999.000,9999.000
202605201824,   0.342,   0.800,9999.000,9999.000,9999.000,9999.000,9999.000,9999.000,9999.000
202605201830,   0.349,   0.800,9999.000,9999.000,9999.000,9999.000,9999.000,9999.000,9999.000
202605201836,   0.354,   0.800,9999.000,9999.000,9999.000,9999.000,9999.000,9999.000,9999.000
202605201842,   0.360,   0.800,9999.000,9999.000,9999.000,9999.000,9999.000,9999.000,9999.000
202605201848,   0.365,   0.810,9999.000,9999.000,9999.000,9999.000,9999.000,9999.000,9999.000
202605201854,   0.369,   0.839,9999.000,9999.000,9999.000,9999.000,9999.000,9999.000,9999.000
202605201900,   0.373,   0.849,   0.000,   0.476,   0.849,  -0.100,   0.749,   0.000,   0.849
202605201906,   0.376,   0.849,9999.000,9999.000,9999.000,9999.000,9999.000,9999.000,9999.000
202605201912,   0.379,   0.819,9999.000,9999.000,9999.000,9999.000,9999.000,9999.000,9999.000
202605201918,   0.382,   0.790,9999.000,9999.000,9999.000,9999.000,9999.000,9999.000,9999.000
202605201924,   0.384,   0.790,9999.000,9999.000,9999.000,9999.000,9999.000,9999.000,9999.000
202605201930,   0.385,   0.800,9999.000,9999.000,9999.000,9999.000,9999.000,9999.000,9999.000
202605201936,   0.386,   0.790,9999.000,9999.000,9999.000,9999.000,9999.000,9999.000,9999.000
202605201942,   0.386,   0.790,9999.000,9999.000,9999.000,9999.000,9999.000,9999.000,9999.000
202605201948,   0.386,   0.780,9999.000,9999.000,9999.000,9999.000,9999.000,9999.000,9999.000
202605201954,   0.386,   0.810,9999.000,9999.000,9999.000,9999.000,9999.000,9999.000,9999.000
202605202000,   0.384,   0.800,   0.000,   0.416,   0.800,  -0.100,   0.700,   0.000,   0.800
202605202006,   0.382,   0.810,9999.000,9999.000,9999.000,9999.000,9999.000,9999.000,9999.000
202605202012,   0.380,   0.819,9999.000,9999.000,9999.000,9999.000,9999.000,9999.000,9999.000
202605202018,   0.377,   0.819,9999.000,9999.000,9999.000,9999.000,9999.000,9999.000,9999.000
202605202024,   0.374,   0.800,9999.000,9999.000,9999.000,9999.000,9999.000,9999.000,9999.000
202605202030,   0.370,   0.800,9999.000,9999.000,9999.000,9999.000,9999.000,9999.000,9999.000
202605202036,   0.366,   0.810,9999.000,9999.000,9999.000,9999.000,9999.000,9999.000,9999.000
202605202042,   0.361,   0.780,9999.000,9999.000,9999.000,9999.000,9999.000,9999.000,9999.000
202605202048,   0.356,   0.760,9999.000,9999.000,9999.000,9999.000,9999.000,9999.000,9999.000
202605202054,   0.351,   0.770,9999.000,9999.000,9999.000,9999.000,9999.000,9999.000,9999.000
202605202100,   0.345,   0.718,   0.000,   0.373,   0.718,  -0.100,   0.618,   0.000,   0.718
202605202106,   0.339,   0.688,9999.000,9999.000,9999.000,9999.000,9999.000,9999.000,9999.000
202605202112,   0.332,   0.718,9999.000,9999.000,9999.000,9999.000,9999.000,9999.000,9999.000
202605202118,   0.325,   0.688,9999.000,9999.000,9999.000,9999.000,9999.000,9999.000,9999.000
202605202124,   0.318,   0.669,9999.000,9999.000,9999.000,9999.000,9999.000,9999.000,9999.000
202605202130,   0.311,   0.649,9999.000,9999.000,9999.000,9999.000,9999.000,9999.000,9999.000
202605202136,   0.303,   0.600,9999.000,9999.000,9999.000,9999.000,9999.000,9999.000,9999.000
202605202142,   0.296,   0.629,9999.000,9999.000,9999.000,9999.000,9999.000,9999.000,9999.000
202605202148,   0.288,   0.649,9999.000,9999.000,9999.000,9999.000,9999.000,9999.000,9999.000
202605202154,   0.279,   0.659,9999.000,9999.000,9999.000,9999.000,9999.000,9999.000,9999.000
202605202200,   0.271,   0.610,   0.000,   0.339,   0.610,   0.000,   0.610,   0.000,   0.610
202605202206,   0.263,   0.600,9999.000,9999.000,9999.000,9999.000,9999.000,9999.000,9999.000
202605202212,   0.254,   0.590,9999.000,9999.000,9999.000,9999.000,9999.000,9999.000,9999.000
202605202218,   0.246,   0.600,9999.000,9999.000,9999.000,9999.000,9999.000,9999.000,9999.000
202605202224,   0.237,   0.619,9999.000,9999.000,9999.000,9999.000,9999.000,9999.000,9999.000
202605202230,   0.228,   0.560,9999.000,9999.000,9999.000,9999.000,9999.000,9999.000,9999.000
202605202236,   0.219,   0.518,9999.000,9999.000,9999.000,9999.000,9999.000,9999.000,9999.000
202605202242,   0.211,   0.488,9999.000,9999.000,9999.000,9999.000,9999.000,9999.000,9999.000
202605202248,   0.202,   0.478,9999.000,9999.000,9999.000,9999.000,9999.000,9999.000,9999.000
202605202254,   0.193,   0.498,9999.000,9999.000,9999.000,9999.000,9999.000,9999.000,9999.000
202605202300,   0.185,   0.469,   0.000,   0.284,   0.469,   0.000,   0.469,   0.000,   0.469
202605202306,   0.176,   0.429,9999.000,9999.000,9999.000,9999.000,9999.000,9999.000,9999.000
202605202312,   0.168,   0.449,9999.000,9999.000,9999.000,9999.000,9999.000,9999.000,9999.000
202605202318,   0.159,   0.469,9999.000,9999.000,9999.000,9999.000,9999.000,9999.000,9999.000
202605202324,   0.151,   0.429,9999.000,9999.000,9999.000,9999.000,9999.000,9999.000,9999.000
202605202330,   0.143,   0.469,9999.000,9999.000,9999.000,9999.000,9999.000,9999.000,9999.000
202605202336,   0.134,   0.498,9999.000,9999.000,9999.000,9999.000,9999.000,9999.000,9999.000
202605202342,   0.127,   0.429,9999.000,9999.000,9999.000,9999.000,9999.000,9999.000,9999.000
202605202348,   0.119,   0.341,9999.000,9999.000,9999.000,9999.000,9999.000,9999.000,9999.000
202605202354,   0.111,   0.259,9999.000,9999.000,9999.000,9999.000,9999.000,9999.000,9999.000
202605210000,   0.104,   0.278,   0.000,   0.174,   0.278,  -0.100,   0.178,   0.000,   0.278
202605210006,   0.096,   0.331,9999.000,9999.000,9999.000,9999.000,9999.000,9999.000,9999.000
202605210012,   0.089,   0.308,9999.000,9999.000,9999.000,9999.000,9999.000,9999.000,9999.000
202605210018,   0.082,   0.259,9999.000,9999.000,9999.000,9999.000,9999.000,9999.000,9999.000
202605210024,   0.076,   0.219,9999.000,9999.000,9999.000,9999.000,9999.000,9999.000,9999.000
202605210030,   0.069,   0.229,9999.000,9999.000,9999.000,9999.000,9999.000,9999.000,9999.000
202605210036,   0.063,   0.229,9999.000,9999.000,9999.000,9999.000,9999.000,9999.000,9999.000
202605210042,   0.057,   0.209,9999.000,9999.000,9999.000,9999.000,9999.000,9999.000,9999.000
202605210048,   0.052,   0.200,9999.000,9999.000,9999.000,9999.000,9999.000,9999.000,9999.000
202605210054,   0.046,   0.170,9999.000,9999.000,9999.000,9999.000,9999.000,9999.000,9999.000
202605210100,   0.041,   0.160,   0.000,   0.119,   0.160,  -0.100,   0.060,   0.000,   0.160
202605210106,   0.037,   0.141,9999.000,9999.000,9999.000,9999.000,9999.000,9999.000,9999.000
202605210112,   0.033,   0.131,9999.000,9999.000,9999.000,9999.000,9999.000,9999.000,9999.000
202605210118,   0.029,   0.111,9999.000,9999.000,9999.000,9999.000,9999.000,9999.000,9999.000
202605210124,   0.026,   0.121,9999.000,9999.000,9999.000,9999.000,9999.000,9999.000,9999.000
202605210130,   0.023,   0.121,9999.000,9999.000,9999.000,9999.000,9999.000,9999.000,9999.000
202605210136,   0.021,   0.150,9999.000,9999.000,9999.000,9999.000,9999.000,9999.000,9999.000
202605210142,   0.019,   0.190,9999.000,9999.000,9999.000,9999.000,9999.000,9999.000,9999.000
202605210148,   0.018,   0.209,9999.000,9999.000,9999.000,9999.000,9999.000,9999.000,9999.000
202605210154,   0.017,   0.209,9999.000,9999.000,9999.000,9999.000,9999.000,9999.000,9999.000
202605210200,   0.017,   0.219,   0.000,   0.202,   0.219,  -0.100,   0.119,   0.000,   0.219
202605210206,   0.018,   0.249,9999.000,9999.000,9999.000,9999.000,9999.000,9999.000,9999.000
202605210212,   0.019,   0.268,9999.000,9999.000,9999.000,9999.000,9999.000,9999.000,9999.000
202605210218,   0.021,   0.278,9999.000,9999.000,9999.000,9999.000,9999.000,9999.000,9999.000
202605210224,   0.023,   0.288,9999.000,9999.000,9999.000,9999.000,9999.000,9999.000,9999.000
202605210230,   0.026,   0.308,9999.000,9999.000,9999.000,9999.000,9999.000,9999.000,9999.000
202605210236,   0.030,   0.331,9999.000,9999.000,9999.000,9999.000,9999.000,9999.000,9999.000
202605210242,   0.035,   0.350,9999.000,9999.000,9999.000,9999.000,9999.000,9999.000,9999.000
202605210248,   0.040,   0.350,9999.000,9999.000,9999.000,9999.000,9999.000,9999.000,9999.000
202605210254,   0.046,   0.370,9999.000,9999.000,9999.000,9999.000,9999.000,9999.000,9999.000
202605210300,   0.052,   0.380,   0.000,   0.328,   0.380,  -0.100,   0.280,   0.000,   0.380
202605210306,   0.060,   0.400,9999.000,9999.000,9999.000,9999.000,9999.000,9999.000,9999.000
202605210312,   0.067,   0.409,9999.000,9999.000,9999.000,9999.000,9999.000,9999.000,9999.000
202605210318,   0.076,   0.429,9999.000,9999.000,9999.000,9999.000,9999.000,9999.000,9999.000
202605210324,   0.085,   0.439,9999.000,9999.000,9999.000,9999.000,9999.000,9999.000,9999.000
202605210330,   0.094,   0.469,9999.000,9999.000,9999.000,9999.000,9999.000,9999.000,9999.000
202605210336,   0.104,   0.498,9999.000,9999.000,9999.000,9999.000,9999.000,9999.000,9999.000
202605210342,   0.115,   0.518,9999.000,9999.000,9999.000,9999.000,9999.000,9999.000,9999.000
202605210348,   0.126,   0.531,9999.000,9999.000,9999.000,9999.000,9999.000,9999.000,9999.000
202605210354,   0.137,   0.541,9999.000,9999.000,9999.000,9999.000,9999.000,9999.000,9999.000
202605210400,   0.148,   0.560,   0.000,   0.412,   0.560,  -0.100,   0.460,   0.000,   0.560
202605210406,   0.160,   0.570,9999.000,9999.000,9999.000,9999.000,9999.000,9999.000,9999.000
202605210412,   0.171,   0.580,9999.000,9999.000,9999.000,9999.000,9999.000,9999.000,9999.000
202605210418,   0.183,   0.600,9999.000,9999.000,9999.000,9999.000,9999.000,9999.000,9999.000
202605210424,   0.195,   0.619,9999.000,9999.000,9999.000,9999.000,9999.000,9999.000,9999.000
202605210430,   0.207,   0.639,9999.000,9999.000,9999.000,9999.000,9999.000,9999.000,9999.000
202605210436,   0.219,   0.649,9999.000,9999.000,9999.000,9999.000,9999.000,9999.000,9999.000
202605210442,   0.231,   0.678,9999.000,9999.000,9999.000,9999.000,9999.000,9999.000,9999.000
202605210448,   0.243,   0.698,9999.000,9999.000,9999.000,9999.000,9999.000,9999.000,9999.000
202605210454,   0.254,   0.731,9999.000,9999.000,9999.000,9999.000,9999.000,9999.000,9999.000
202605210500,   0.266,   0.760,   0.000,   0.494,   0.760,  -0.100,   0.660,   0.000,   0.760
202605210506,   0.277,   0.780,9999.000,9999.000,9999.000,9999.000,9999.000,9999.000,9999.000
202605210512,   0.288,   0.800,9999.000,9999.000,9999.000,9999.000,9999.000,9999.000,9999.000
202605210518,   0.298,   0.829,9999.000,9999.000,9999.000,9999.000,9999.000,9999.000,9999.000
202605210524,   0.309,   0.859,9999.000,9999.000,9999.000,9999.000,9999.000,9999.000,9999.000
202605210530,   0.319,   0.879,9999.000,9999.000,9999.000,9999.000,9999.000,9999.000,9999.000
202605210536,   0.328,   0.908,9999.000,9999.000,9999.000,9999.000,9999.000,9999.000,9999.000
202605210542,   0.338,   0.928,9999.000,9999.000,9999.000,9999.000,9999.000,9999.000,9999.000
202605210548,   0.347,   0.961,9999.000,9999.000,9999.000,9999.000,9999.000,9999.000,9999.000
202605210554,   0.355,   0.980,9999.000,9999.000,9999.000,9999.000,9999.000,9999.000,9999.000
202605210600,   0.364,   1.000,   0.000,   0.636,   1.000,  -0.100,   0.900,   0.000,   1.000
202605210606,   0.372,   1.010,9999.000,9999.000,9999.000,9999.000,9999.000,9999.000,9999.000
202605210612,   0.380,   1.029,9999.000,9999.000,9999.000,9999.000,9999.000,9999.000,9999.000
202605210618,   0.387,   1.049,9999.000,9999.000,9999.000,9999.000,9999.000,9999.000,9999.000
202605210624,   0.394,   1.059,9999.000,9999.000,9999.000,9999.000,9999.000,9999.000,9999.000
202605210630,   0.400,   1.079,9999.000,9999.000,9999.000,9999.000,9999.000,9999.000,9999.000
202605210636,   0.407,   1.088,9999.000,9999.000,9999.000,9999.000,9999.000,9999.000,9999.000
202605210642,   0.413,   1.108,9999.000,9999.000,9999.000,9999.000,9999.000,9999.000,9999.000
202605210648,   0.418,   1.118,9999.000,9999.000,9999.000,9999.000,9999.000,9999.000,9999.000
202605210654,   0.423,   1.118,9999.000,9999.000,9999.000,9999.000,9999.000,9999.000,9999.000
202605210700,   0.428,   1.151,   0.000,   0.723,   1.151,  -0.100,   1.051,   0.000,   1.151
202605210706,   0.432,   1.161,9999.000,9999.000,9999.000,9999.000,9999.000,9999.000,9999.000
202605210712,   0.436,   1.170,9999.000,9999.000,9999.000,9999.000,9999.000,9999.000,9999.000
202605210718,   0.439,   1.180,9999.000,9999.000,9999.000,9999.000,9999.000,9999.000,9999.000
202605210724,   0.442,   1.200,9999.000,9999.000,9999.000,9999.000,9999.000,9999.000,9999.000
202605210730,   0.444,   1.190,9999.000,9999.000,9999.000,9999.000,9999.000,9999.000,9999.000
202605210736,   0.446,   1.190,9999.000,9999.000,9999.000,9999.000,9999.000,9999.000,9999.000
202605210742,   0.448,   1.190,9999.000,9999.000,9999.000,9999.000,9999.000,9999.000,9999.000
202605210748,   0.449,   1.180,9999.000,9999.000,9999.000,9999.000,9999.000,9999.000,9999.000
202605210754,   0.449,   1.161,9999.000,9999.000,9999.000,9999.000,9999.000,9999.000,9999.000
202605210800,   0.449,   1.118,   0.000,   0.669,   1.118,  -0.100,   1.018,   0.000,   1.118
202605210806,   0.449,   1.108,9999.000,9999.000,9999.000,9999.000,9999.000,9999.000,9999.000
202605210812,   0.448,   1.088,9999.000,9999.000,9999.000,9999.000,9999.000,9999.000,9999.000
202605210818,   0.446,   1.069,9999.000,9999.000,9999.000,9999.000,9999.000,9999.000,9999.000
202605210824,   0.444,   1.049,9999.000,9999.000,9999.000,9999.000,9999.000,9999.000,9999.000
202605210830,   0.442,   1.039,9999.000,9999.000,9999.000,9999.000,9999.000,9999.000,9999.000
202605210836,   0.438,   1.020,9999.000,9999.000,9999.000,9999.000,9999.000,9999.000,9999.000
202605210842,   0.435,   1.000,9999.000,9999.000,9999.000,9999.000,9999.000,9999.000,9999.000
202605210848,   0.431,   0.990,9999.000,9999.000,9999.000,9999.000,9999.000,9999.000,9999.000
202605210854,   0.426,   0.970,9999.000,9999.000,9999.000,9999.000,9999.000,9999.000,9999.000
202605210900,   0.421,   0.961,   0.000,   0.540,   0.961,  -0.100,   0.861,   0.000,   0.961
202605210906,   0.416,   0.928,9999.000,9999.000,9999.000,9999.000,9999.000,9999.000,9999.000
202605210912,   0.410,   0.908,9999.000,9999.000,9999.000,9999.000,9999.000,9999.000,9999.000
202605210918,   0.404,   0.888,9999.000,9999.000,9999.000,9999.000,9999.000,9999.000,9999.000
202605210924,   0.398,   0.879,9999.000,9999.000,9999.000,9999.000,9999.000,9999.000,9999.000
202605210930,   0.391,   0.869,9999.000,9999.000,9999.000,9999.000,9999.000,9999.000,9999.000
202605210936,   0.383,   0.849,9999.000,9999.000,9999.000,9999.000,9999.000,9999.000,9999.000
202605210942,   0.376,   0.829,9999.000,9999.000,9999.000,9999.000,9999.000,9999.000,9999.000
202605210948,   0.368,   0.810,9999.000,9999.000,9999.000,9999.000,9999.000,9999.000,9999.000
202605210954,   0.360,   0.790,9999.000,9999.000,9999.000,9999.000,9999.000,9999.000,9999.000
202605211000,   0.351,   0.780,   0.000,   0.429,   0.780,  -0.100,   0.680,   0.000,   0.780
202605211006,   0.343,   0.760,9999.000,9999.000,9999.000,9999.000,9999.000,9999.000,9999.000
202605211012,   0.334,   0.751,9999.000,9999.000,9999.000,9999.000,9999.000,9999.000,9999.000
202605211018,   0.325,   0.741,9999.000,9999.000,9999.000,9999.000,9999.000,9999.000,9999.000
202605211024,   0.316,   0.708,9999.000,9999.000,9999.000,9999.000,9999.000,9999.000,9999.000
202605211030,   0.307,   0.698,9999.000,9999.000,9999.000,9999.000,9999.000,9999.000,9999.000
202605211036,   0.297,   0.688,9999.000,9999.000,9999.000,9999.000,9999.000,9999.000,9999.000
202605211042,   0.288,   0.659,9999.000,9999.000,9999.000,9999.000,9999.000,9999.000,9999.000
202605211048,   0.278,   0.639,9999.000,9999.000,9999.000,9999.000,9999.000,9999.000,9999.000
202605211054,   0.268,   0.619,9999.000,9999.000,9999.000,9999.000,9999.000,9999.000,9999.000
202605211100,   0.259,   0.610,   0.000,   0.351,   0.610,  -0.100,   0.510,   0.000,   0.610
202605211106,   0.249,   0.580,9999.000,9999.000,9999.000,9999.000,9999.000,9999.000,9999.000
202605211112,   0.239,   0.551,9999.000,9999.000,9999.000,9999.000,9999.000,9999.000,9999.000
202605211118,   0.230,   0.551,9999.000,9999.000,9999.000,9999.000,9999.000,9999.000,9999.000
202605211124,   0.220,   0.541,9999.000,9999.000,9999.000,9999.000,9999.000,9999.000,9999.000
202605211130,   0.210,   0.508,9999.000,9999.000,9999.000,9999.000,9999.000,9999.000,9999.000
202605211136,   0.201,   0.488,9999.000,9999.000,9999.000,9999.000,9999.000,9999.000,9999.000
202605211142,   0.191,   0.469,9999.000,9999.000,9999.000,9999.000,9999.000,9999.000,9999.000
202605211148,   0.182,   0.439,9999.000,9999.000,9999.000,9999.000,9999.000,9999.000,9999.000
202605211154,   0.172,   0.429,9999.000,9999.000,9999.000,9999.000,9999.000,9999.000,9999.000
202605211200,   0.163,   0.390,   0.000,   0.227,   0.390,   0.000,   0.390,   0.000,   0.390
202605211206,   0.154,   0.390,9999.000,9999.000,9999.000,9999.000,9999.000,9999.000,9999.000
202605211212,   0.145,   0.380,9999.000,9999.000,9999.000,9999.000,9999.000,9999.000,9999.000
202605211218,   0.135,   0.360,9999.000,9999.000,9999.000,9999.000,9999.000,9999.000,9999.000
202605211224,   0.127,   0.331,9999.000,9999.000,9999.000,9999.000,9999.000,9999.000,9999.000
202605211230,   0.118,   0.308,9999.000,9999.000,9999.000,9999.000,9999.000,9999.000,9999.000
202605211236,   0.109,   0.288,9999.000,9999.000,9999.000,9999.000,9999.000,9999.000,9999.000
202605211242,   0.101,   0.278,9999.000,9999.000,9999.000,9999.000,9999.000,9999.000,9999.000
202605211248,   0.092,   0.249,9999.000,9999.000,9999.000,9999.000,9999.000,9999.000,9999.000
202605211254,   0.084,   0.239,9999.000,9999.000,9999.000,9999.000,9999.000,9999.000,9999.000
202605211300,   0.076,   0.219,   0.000,   0.143,   0.219,   0.000,   0.219,   0.000,   0.219
202605211306,   0.069,   0.190,9999.000,9999.000,9999.000,9999.000,9999.000,9999.000,9999.000
202605211312,   0.061,   0.180,9999.000,9999.000,9999.000,9999.000,9999.000,9999.000,9999.000
202605211318,   0.054,   0.160,9999.000,9999.000,9999.000,9999.000,9999.000,9999.000,9999.000
202605211324,   0.047,   0.141,9999.000,9999.000,9999.000,9999.000,9999.000,9999.000,9999.000
202605211330,   0.041,   0.111,9999.000,9999.000,9999.000,9999.000,9999.000,9999.000,9999.000
202605211336,   0.034,   0.111,9999.000,9999.000,9999.000,9999.000,9999.000,9999.000,9999.000
202605211342,   0.029,   0.088,9999.000,9999.000,9999.000,9999.000,9999.000,9999.000,9999.000
202605211348,   0.023,   0.068,9999.000,9999.000,9999.000,9999.000,9999.000,9999.000,9999.000
202605211354,   0.018,   0.059,9999.000,9999.000,9999.000,9999.000,9999.000,9999.000,9999.000
202605211400,   0.013,   0.049,   0.000,   0.036,   0.049,   0.000,   0.049,   0.000,   0.049
202605211406,   0.009,   0.029,9999.000,9999.000,9999.000,9999.000,9999.000,9999.000,9999.000
202605211412,   0.005,   0.029,9999.000,9999.000,9999.000,9999.000,9999.000,9999.000,9999.000
202605211418,   0.001,   0.000,9999.000,9999.000,9999.000,9999.000,9999.000,9999.000,9999.000
202605211424,  -0.001,  -0.019,9999.000,9999.000,9999.000,9999.000,9999.000,9999.000,9999.000
202605211430,  -0.003,  -0.039,9999.000,9999.000,9999.000,9999.000,9999.000,9999.000,9999.000
202605211436,  -0.005,  -0.049,9999.000,9999.000,9999.000,9999.000,9999.000,9999.000,9999.000
202605211442,  -0.006,  -0.049,9999.000,9999.000,9999.000,9999.000,9999.000,9999.000,9999.000
202605211448,  -0.007,  -0.039,9999.000,9999.000,9999.000,9999.000,9999.000,9999.000,9999.000
202605211454,  -0.007,  -0.049,9999.000,9999.000,9999.000,9999.000,9999.000,9999.000,9999.000
202605211500,  -0.007,  -0.059,   0.000,  -0.052,  -0.059,   0.000,  -0.059,   0.000,  -0.059
202605211506,  -0.006,  -0.078,9999.000,9999.000,9999.000,9999.000,9999.000,9999.000,9999.000
202605211512,  -0.004,  -0.068,9999.000,9999.000,9999.000,9999.000,9999.000,9999.000,9999.000
202605211518,  -0.002,  -0.078,9999.000,9999.000,9999.000,9999.000,9999.000,9999.000,9999.000
202605211524,   0.000,  -0.068,9999.000,9999.000,9999.000,9999.000,9999.000,9999.000,9999.000
202605211530,   0.004,  -0.068,9999.000,9999.000,9999.000,9999.000,9999.000,9999.000,9999.000
202605211536,   0.008,  -0.039,9999.000,9999.000,9999.000,9999.000,9999.000,9999.000,9999.000
202605211542,   0.013,  -0.029,9999.000,9999.000,9999.000,9999.000,9999.000,9999.000,9999.000
202605211548,   0.018,  -0.019,9999.000,9999.000,9999.000,9999.000,9999.000,9999.000,9999.000
202605211554,   0.024,  -0.009,9999.000,9999.000,9999.000,9999.000,9999.000,9999.000,9999.000
202605211600,   0.031,   0.000,   0.000,  -0.031,   0.000,   0.000,   0.000,   0.000,   0.000
202605211606,   0.038,   0.009,9999.000,9999.000,9999.000,9999.000,9999.000,9999.000,9999.000
202605211612,   0.045,   0.029,9999.000,9999.000,9999.000,9999.000,9999.000,9999.000,9999.000
202605211618,   0.053,   0.039,9999.000,9999.000,9999.000,9999.000,9999.000,9999.000,9999.000
202605211624,   0.061,   0.039,9999.000,9999.000,9999.000,9999.000,9999.000,9999.000,9999.000
202605211630,   0.070,   0.049,9999.000,9999.000,9999.000,9999.000,9999.000,9999.000,9999.000
202605211636,   0.079,   0.068,9999.000,9999.000,9999.000,9999.000,9999.000,9999.000,9999.000
202605211642,   0.089,   0.088,9999.000,9999.000,9999.000,9999.000,9999.000,9999.000,9999.000
202605211648,   0.098,   0.098,9999.000,9999.000,9999.000,9999.000,9999.000,9999.000,9999.000
202605211654,   0.108,   0.111,9999.000,9999.000,9999.000,9999.000,9999.000,9999.000,9999.000
202605211700,   0.118,   0.121,   0.000,   0.003,   0.121,   0.000,   0.121,   0.000,   0.121
202605211706,   0.128,   0.160,9999.000,9999.000,9999.000,9999.000,9999.000,9999.000,9999.000
202605211712,   0.138,   0.180,9999.000,9999.000,9999.000,9999.000,9999.000,9999.000,9999.000
202605211718,   0.148,   0.180,9999.000,9999.000,9999.000,9999.000,9999.000,9999.000,9999.000
202605211724,   0.158,   0.190,9999.000,9999.000,9999.000,9999.000,9999.000,9999.000,9999.000
202605211730,   0.169,   0.200,9999.000,9999.000,9999.000,9999.000,9999.000,9999.000,9999.000
202605211736,   0.179,   0.229,9999.000,9999.000,9999.000,9999.000,9999.000,9999.000,9999.000
202605211742,   0.189,   0.268,9999.000,9999.000,9999.000,9999.000,9999.000,9999.000,9999.000
202605211748,   0.199,   0.219,9999.000,9999.000,9999.000,9999.000,9999.000,9999.000,9999.000
202605211754,   0.209,   0.200,9999.000,9999.000,9999.000,9999.000,9999.000,9999.000,9999.000
202605211800,   0.219,   0.249,   0.000,   0.030,   0.249,   0.000,   0.249,   0.000,   0.249
202605211806,   0.229,   0.259,9999.000,9999.000,9999.000,9999.000,9999.000,9999.000,9999.000
202605211812,   0.238,   0.259,9999.000,9999.000,9999.000,9999.000,9999.000,9999.000,9999.000
202605211818,   0.248,   0.268,9999.000,9999.000,9999.000,9999.000,9999.000,9999.000,9999.000
202605211824,   0.257,   0.298,9999.000,9999.000,9999.000,9999.000,9999.000,9999.000,9999.000
202605211830,   0.266,   0.298,9999.000,9999.000,9999.000,9999.000,9999.000,9999.000,9999.000
202605211836,   0.275,   0.321,9999.000,9999.000,9999.000,9999.000,9999.000,9999.000,9999.000
202605211842,   0.284,   0.331,9999.000,9999.000,9999.000,9999.000,9999.000,9999.000,9999.000
202605211848,   0.292,   0.341,9999.000,9999.000,9999.000,9999.000,9999.000,9999.000,9999.000
202605211854,   0.300,   0.341,9999.000,9999.000,9999.000,9999.000,9999.000,9999.000,9999.000
202605211900,   0.308,   0.360,   0.000,   0.052,   0.360,   0.000,   0.360,   0.000,   0.360
202605211906,   0.316,   0.380,9999.000,9999.000,9999.000,9999.000,9999.000,9999.000,9999.000
202605211912,   0.323,   0.390,9999.000,9999.000,9999.000,9999.000,9999.000,9999.000,9999.000
202605211918,   0.330,   0.380,9999.000,9999.000,9999.000,9999.000,9999.000,9999.000,9999.000
202605211924,   0.337,   0.370,9999.000,9999.000,9999.000,9999.000,9999.000,9999.000,9999.000
202605211930,   0.343,   0.360,9999.000,9999.000,9999.000,9999.000,9999.000,9999.000,9999.000
202605211936,   0.349,   0.341,9999.000,9999.000,9999.000,9999.000,9999.000,9999.000,9999.000
202605211942,   0.355,   0.360,9999.000,9999.000,9999.000,9999.000,9999.000,9999.000,9999.000
202605211948,   0.360,   0.370,9999.000,9999.000,9999.000,9999.000,9999.000,9999.000,9999.000
202605211954,   0.365,   0.360,9999.000,9999.000,9999.000,9999.000,9999.000,9999.000,9999.000
202605212000,   0.369,   0.350,   0.000,  -0.019,   0.350,   0.000,   0.350,   0.000,   0.350
202605212006,   0.373,   0.350,9999.000,9999.000,9999.000,9999.000,9999.000,9999.000,9999.000
202605212012,   0.376,   0.331,9999.000,9999.000,9999.000,9999.000,9999.000,9999.000,9999.000
202605212018,   0.378,   0.331,9999.000,9999.000,9999.000,9999.000,9999.000,9999.000,9999.000
202605212024,   0.381,   0.331,9999.000,9999.000,9999.000,9999.000,9999.000,9999.000,9999.000
202605212030,   0.382,   0.331,9999.000,9999.000,9999.000,9999.000,9999.000,9999.000,9999.000
202605212036,   0.383,   0.350,9999.000,9999.000,9999.000,9999.000,9999.000,9999.000,9999.000
202605212042,   0.384,   0.331,9999.000,9999.000,9999.000,9999.000,9999.000,9999.000,9999.000
202605212048,   0.384,   0.298,9999.000,9999.000,9999.000,9999.000,9999.000,9999.000,9999.000
202605212054,   0.383,   0.288,9999.000,9999.000,9999.000,9999.000,9999.000,9999.000,9999.000
202605212100,   0.382,   0.288,   0.000,  -0.094,   0.288,   0.000,   0.288,   0.000,   0.288
202605212106,   0.381,   0.278,9999.000,9999.000,9999.000,9999.000,9999.000,9999.000,9999.000
202605212112,   0.378,   0.268,9999.000,9999.000,9999.000,9999.000,9999.000,9999.000,9999.000
202605212118,   0.376,   0.259,9999.000,9999.000,9999.000,9999.000,9999.000,9999.000,9999.000
202605212124,   0.373,   0.259,9999.000,9999.000,9999.000,9999.000,9999.000,9999.000,9999.000
202605212130,   0.369,   0.249,9999.000,9999.000,9999.000,9999.000,9999.000,9999.000,9999.000
202605212136,   0.365,   0.239,9999.000,9999.000,9999.000,9999.000,9999.000,9999.000,9999.000
202605212142,   0.360,   0.229,9999.000,9999.000,9999.000,9999.000,9999.000,9999.000,9999.000
202605212148,   0.355,   0.229,9999.000,9999.000,9999.000,9999.000,9999.000,9999.000,9999.000
202605212154,   0.350,   0.219,9999.000,9999.000,9999.000,9999.000,9999.000,9999.000,9999.000
202605212200,   0.344,   0.219,   0.000,  -0.125,   0.219,   0.000,   0.219,   0.000,   0.219
202605212206,   0.338,   0.209,9999.000,9999.000,9999.000,9999.000,9999.000,9999.000,9999.000
202605212212,   0.332,   0.180,9999.000,9999.000,9999.000,9999.000,9999.000,9999.000,9999.000
202605212218,   0.325,   0.160,9999.000,9999.000,9999.000,9999.000,9999.000,9999.000,9999.000
202605212224,   0.318,   0.141,9999.000,9999.000,9999.000,9999.000,9999.000,9999.000,9999.000
202605212230,   0.311,   0.111,9999.000,9999.000,9999.000,9999.000,9999.000,9999.000,9999.000
202605212236,   0.304,   0.111,9999.000,9999.000,9999.000,9999.000,9999.000,9999.000,9999.000
202605212242,   0.297,   0.111,9999.000,9999.000,9999.000,9999.000,9999.000,9999.000,9999.000
202605212248,   0.289,   0.098,9999.000,9999.000,9999.000,9999.000,9999.000,9999.000,9999.000
202605212254,   0.281,   0.078,9999.000,9999.000,9999.000,9999.000,9999.000,9999.000,9999.000
202605212300,   0.273,   0.078,   0.000,  -0.195,   0.078,   0.000,   0.078,   0.100,   0.178
202605212306,   0.265,   0.068,9999.000,9999.000,9999.000,9999.000,9999.000,9999.000,9999.000
202605212312,   0.257,   0.059,9999.000,9999.000,9999.000,9999.000,9999.000,9999.000,9999.000
202605212318,   0.249,   0.059,9999.000,9999.000,9999.000,9999.000,9999.000,9999.000,9999.000
202605212324,   0.241,   0.049,9999.000,9999.000,9999.000,9999.000,9999.000,9999.000,9999.000
202605212330,   0.232,   0.039,9999.000,9999.000,9999.000,9999.000,9999.000,9999.000,9999.000
202605212336,   0.224,   0.029,9999.000,9999.000,9999.000,9999.000,9999.000,9999.000,9999.000
202605212342,   0.216,   0.009,9999.000,9999.000,9999.000,9999.000,9999.000,9999.000,9999.000
202605212348,   0.208,   0.019,9999.000,9999.000,9999.000,9999.000,9999.000,9999.000,9999.000
202605212354,   0.200,   0.009,9999.000,9999.000,9999.000,9999.000,9999.000,9999.000,9999.000
202605220000,   0.192,   0.000,   0.000,  -0.192,   0.000,   0.000,   0.000,   0.000,   0.000
202605220006,   0.184,  -0.019,9999.000,9999.000,9999.000,9999.000,9999.000,9999.000,9999.000
202605220012,   0.176,  -0.039,9999.000,9999.000,9999.000,9999.000,9999.000,9999.000,9999.000
202605220018,   0.168,  -0.059,9999.000,9999.000,9999.000,9999.000,9999.000,9999.000,9999.000
202605220024,   0.161,  -0.059,9999.000,9999.000,9999.000,9999.000,9999.000,9999.000,9999.000
202605220030,   0.153,  -0.068,9999.000,9999.000,9999.000,9999.000,9999.000,9999.000,9999.000
202605220036,   0.146,  -0.088,9999.000,9999.000,9999.000,9999.000,9999.000,9999.000,9999.000
202605220042,   0.138,  -0.098,9999.000,9999.000,9999.000,9999.000,9999.000,9999.000,9999.000
202605220048,   0.131,  -0.111,9999.000,9999.000,9999.000,9999.000,9999.000,9999.000,9999.000
202605220054,   0.124,  -0.111,9999.000,9999.000,9999.000,9999.000,9999.000,9999.000,9999.000
202605220100,   0.118,  -0.111,   0.000,  -0.229,  -0.111,   0.000,  -0.111,   0.000,  -0.111
202605220106,   0.111,  -0.121,9999.000,9999.000,9999.000,9999.000,9999.000,9999.000,9999.000
202605220112,   0.105,  -0.131,9999.000,9999.000,9999.000,9999.000,9999.000,9999.000,9999.000
202605220118,   0.099,  -0.131,9999.000,9999.000,9999.000,9999.000,9999.000,9999.000,9999.000
202605220124,   0.093,  -0.131,9999.000,9999.000,9999.000,9999.000,9999.000,9999.000,9999.000
202605220130,   0.087,  -0.150,9999.000,9999.000,9999.000,9999.000,9999.000,9999.000,9999.000
202605220136,   0.081,  -0.160,9999.000,9999.000,9999.000,9999.000,9999.000,9999.000,9999.000
202605220142,   0.076,  -0.150,9999.000,9999.000,9999.000,9999.000,9999.000,9999.000,9999.000
202605220148,   0.071,  -0.131,9999.000,9999.000,9999.000,9999.000,9999.000,9999.000,9999.000
202605220154,   0.067,  -0.160,9999.000,9999.000,9999.000,9999.000,9999.000,9999.000,9999.000
202605220200,   0.063,  -0.150,   0.000,  -0.213,  -0.150,   0.000,  -0.150,   0.100,  -0.050
202605220206,   0.059,  -0.131,9999.000,9999.000,9999.000,9999.000,9999.000,9999.000,9999.000
202605220212,   0.055,  -0.121,9999.000,9999.000,9999.000,9999.000,9999.000,9999.000,9999.000
202605220218,   0.052,  -0.088,9999.000,9999.000,9999.000,9999.000,9999.000,9999.000,9999.000
202605220224,   0.049,  -0.068,9999.000,9999.000,9999.000,9999.000,9999.000,9999.000,9999.000
202605220230,   0.047,  -0.049,9999.000,9999.000,9999.000,9999.000,9999.000,9999.000,9999.000
202605220236,   0.045,  -0.019,9999.000,9999.000,9999.000,9999.000,9999.000,9999.000,9999.000
202605220242,   0.043,   0.000,9999.000,9999.000,9999.000,9999.000,9999.000,9999.000,9999.000
202605220248,   0.042,   0.029,9999.000,9999.000,9999.000,9999.000,9999.000,9999.000,9999.000
202605220254,   0.042,   0.039,9999.000,9999.000,9999.000,9999.000,9999.000,9999.000,9999.000
202605220300,   0.042,   0.049,   0.000,   0.007,   0.049,   0.000,   0.049,   0.100,   0.149
202605220306,   0.042,   0.078,9999.000,9999.000,9999.000,9999.000,9999.000,9999.000,9999.000
202605220312,   0.043,   0.068,9999.000,9999.000,9999.000,9999.000,9999.000,9999.000,9999.000
202605220318,   0.045,   0.088,9999.000,9999.000,9999.000,9999.000,9999.000,9999.000,9999.000
202605220324,   0.047,   0.121,9999.000,9999.000,9999.000,9999.000,9999.000,9999.000,9999.000
202605220330,   0.050,   0.131,9999.000,9999.000,9999.000,9999.000,9999.000,9999.000,9999.000
202605220336,   0.053,   0.141,9999.000,9999.000,9999.000,9999.000,9999.000,9999.000,9999.000
202605220342,   0.057,   0.141,9999.000,9999.000,9999.000,9999.000,9999.000,9999.000,9999.000
202605220348,   0.062,   0.160,9999.000,9999.000,9999.000,9999.000,9999.000,9999.000,9999.000
202605220354,   0.067,   0.170,9999.000,9999.000,9999.000,9999.000,9999.000,9999.000,9999.000
202605220400,   0.073,   0.200,   0.100,   0.027,   0.200,   0.000,   0.100,   0.100,   0.200
202605220406,   0.079,   0.229,9999.000,9999.000,9999.000,9999.000,9999.000,9999.000,9999.000
202605220412,   0.086,   0.239,9999.000,9999.000,9999.000,9999.000,9999.000,9999.000,9999.000
202605220418,   0.093,   0.259,9999.000,9999.000,9999.000,9999.000,9999.000,9999.000,9999.000
202605220424,   0.101,   0.278,9999.000,9999.000,9999.000,9999.000,9999.000,9999.000,9999.000
202605220430,   0.109,   0.298,9999.000,9999.000,9999.000,9999.000,9999.000,9999.000,9999.000
202605220436,   0.117,   0.321,9999.000,9999.000,9999.000,9999.000,9999.000,9999.000,9999.000
202605220442,   0.126,   0.341,9999.000,9999.000,9999.000,9999.000,9999.000,9999.000,9999.000
202605220448,   0.135,   0.360,9999.000,9999.000,9999.000,9999.000,9999.000,9999.000,9999.000
202605220454,   0.145,   0.380,9999.000,9999.000,9999.000,9999.000,9999.000,9999.000,9999.000
202605220500,   0.154,   0.400,   0.100,   0.146,   0.400,   0.000,   0.300,   0.100,   0.400
202605220506,   0.164,   0.419,9999.000,9999.000,9999.000,9999.000,9999.000,9999.000,9999.000
202605220512,   0.174,   0.439,9999.000,9999.000,9999.000,9999.000,9999.000,9999.000,9999.000
202605220518,   0.184,   0.449,9999.000,9999.000,9999.000,9999.000,9999.000,9999.000,9999.000
202605220524,   0.194,   0.469,9999.000,9999.000,9999.000,9999.000,9999.000,9999.000,9999.000
202605220530,   0.204,   0.498,9999.000,9999.000,9999.000,9999.000,9999.000,9999.000,9999.000
202605220536,   0.215,   0.518,9999.000,9999.000,9999.000,9999.000,9999.000,9999.000,9999.000
202605220542,   0.225,   0.551,9999.000,9999.000,9999.000,9999.000,9999.000,9999.000,9999.000
202605220548,   0.235,   0.570,9999.000,9999.000,9999.000,9999.000,9999.000,9999.000,9999.000
202605220554,   0.245,   0.590,9999.000,9999.000,9999.000,9999.000,9999.000,9999.000,9999.000
202605220600,   0.254,   0.610,   0.100,   0.256,   0.610,   0.000,   0.510,   0.100,   0.610
202605220606,   0.264,   0.629,9999.000,9999.000,9999.000,9999.000,9999.000,9999.000,9999.000
202605220612,   0.273,   0.649,9999.000,9999.000,9999.000,9999.000,9999.000,9999.000,9999.000
202605220618,   0.283,   0.669,9999.000,9999.000,9999.000,9999.000,9999.000,9999.000,9999.000
202605220624,   0.292,   0.688,9999.000,9999.000,9999.000,9999.000,9999.000,9999.000,9999.000
202605220630,   0.301,   0.688,9999.000,9999.000,9999.000,9999.000,9999.000,9999.000,9999.000
202605220636,   0.309,   0.718,9999.000,9999.000,9999.000,9999.000,9999.000,9999.000,9999.000
202605220642,   0.318,   0.731,9999.000,9999.000,9999.000,9999.000,9999.000,9999.000,9999.000
202605220648,   0.326,   0.751,9999.000,9999.000,9999.000,9999.000,9999.000,9999.000,9999.000
202605220654,   0.334,   0.770,9999.000,9999.000,9999.000,9999.000,9999.000,9999.000,9999.000
202605220700,   0.342,   0.810,   0.100,   0.368,   0.810,   0.000,   0.710,   0.100,   0.810
202605220706,   0.349,   0.839,9999.000,9999.000,9999.000,9999.000,9999.000,9999.000,9999.000
202605220712,   0.357,   0.859,9999.000,9999.000,9999.000,9999.000,9999.000,9999.000,9999.000
202605220718,   0.364,   0.869,9999.000,9999.000,9999.000,9999.000,9999.000,9999.000,9999.000
202605220724,   0.370,   0.888,9999.000,9999.000,9999.000,9999.000,9999.000,9999.000,9999.000
202605220730,   0.377,   0.918,9999.000,9999.000,9999.000,9999.000,9999.000,9999.000,9999.000
202605220736,   0.383,   0.951,9999.000,9999.000,9999.000,9999.000,9999.000,9999.000,9999.000
202605220742,   0.388,   0.961,9999.000,9999.000,9999.000,9999.000,9999.000,9999.000,9999.000
202605220748,   0.394,   0.961,9999.000,9999.000,9999.000,9999.000,9999.000,9999.000,9999.000
202605220754,   0.399,   0.980,9999.000,9999.000,9999.000,9999.000,9999.000,9999.000,9999.000
202605220800,   0.404,   1.010,   0.100,   0.506,   1.010,   0.000,   0.910,   0.100,   1.010
202605220806,   0.408,   1.020,9999.000,9999.000,9999.000,9999.000,9999.000,9999.000,9999.000
202605220812,   0.412,   1.020,9999.000,9999.000,9999.000,9999.000,9999.000,9999.000,9999.000
202605220818,   0.415,   1.039,9999.000,9999.000,9999.000,9999.000,9999.000,9999.000,9999.000
202605220824,   0.418,   1.029,9999.000,9999.000,9999.000,9999.000,9999.000,9999.000,9999.000
202605220830,   0.421,   1.029,9999.000,9999.000,9999.000,9999.000,9999.000,9999.000,9999.000
202605220836,   0.423,   1.039,9999.000,9999.000,9999.000,9999.000,9999.000,9999.000,9999.000
202605220842,   0.424,   1.039,9999.000,9999.000,9999.000,9999.000,9999.000,9999.000,9999.000
202605220848,   0.425,   1.049,9999.000,9999.000,9999.000,9999.000,9999.000,9999.000,9999.000
202605220854,   0.426,   1.029,9999.000,9999.000,9999.000,9999.000,9999.000,9999.000,9999.000
202605220900,   0.426,   1.029,   0.100,   0.503,   1.029,   0.000,   0.929,   0.100,   1.029
202605220906,   0.426,   1.020,9999.000,9999.000,9999.000,9999.000,9999.000,9999.000,9999.000
202605220912,   0.425,   1.000,9999.000,9999.000,9999.000,9999.000,9999.000,9999.000,9999.000
202605220918,   0.423,   1.000,9999.000,9999.000,9999.000,9999.000,9999.000,9999.000,9999.000
202605220924,   0.421,   0.961,9999.000,9999.000,9999.000,9999.000,9999.000,9999.000,9999.000
202605220930,   0.419,   0.941,9999.000,9999.000,9999.000,9999.000,9999.000,9999.000,9999.000
202605220936,   0.416,   0.928,9999.000,9999.000,9999.000,9999.000,9999.000,9999.000,9999.000
202605220942,   0.412,   0.918,9999.000,9999.000,9999.000,9999.000,9999.000,9999.000,9999.000
202605220948,   0.408,   0.888,9999.000,9999.000,9999.000,9999.000,9999.000,9999.000,9999.000
202605220954,   0.404,   0.879,9999.000,9999.000,9999.000,9999.000,9999.000,9999.000,9999.000
202605221000,   0.399,   0.869,   0.100,   0.370,   0.869,   0.000,   0.769,   0.100,   0.869
202605221006,   0.394,   0.859,9999.000,9999.000,9999.000,9999.000,9999.000,9999.000,9999.000
202605221012,   0.388,   0.839,9999.000,9999.000,9999.000,9999.000,9999.000,9999.000,9999.000
202605221018,   0.382,   0.829,9999.000,9999.000,9999.000,9999.000,9999.000,9999.000,9999.000
202605221024,   0.375,   0.810,9999.000,9999.000,9999.000,9999.000,9999.000,9999.000,9999.000
202605221030,   0.369,   0.800,9999.000,9999.000,9999.000,9999.000,9999.000,9999.000,9999.000
202605221036,   0.362,   0.790,9999.000,9999.000,9999.000,9999.000,9999.000,9999.000,9999.000
202605221042,   0.354,   0.760,9999.000,9999.000,9999.000,9999.000,9999.000,9999.000,9999.000
202605221048,   0.347,   0.751,9999.000,9999.000,9999.000,9999.000,9999.000,9999.000,9999.000
202605221054,   0.339,   0.731,9999.000,9999.000,9999.000,9999.000,9999.000,9999.000,9999.000
202605221100,   0.331,   0.698,   0.100,   0.267,   0.698,   0.000,   0.598,   0.100,   0.698
202605221106,   0.323,   0.678,9999.000,9999.000,9999.000,9999.000,9999.000,9999.000,9999.000
202605221112,   0.315,   0.669,9999.000,9999.000,9999.000,9999.000,9999.000,9999.000,9999.000
202605221118,   0.306,   0.649,9999.000,9999.000,9999.000,9999.000,9999.000,9999.000,9999.000
202605221124,   0.298,   0.629,9999.000,9999.000,9999.000,9999.000,9999.000,9999.000,9999.000
202605221130,   0.289,   0.619,9999.000,9999.000,9999.000,9999.000,9999.000,9999.000,9999.000
202605221136,   0.280,   0.600,9999.000,9999.000,9999.000,9999.000,9999.000,9999.000,9999.000
202605221142,   0.271,   0.590,9999.000,9999.000,9999.000,9999.000,9999.000,9999.000,9999.000
202605221148,   0.262,   0.570,9999.000,9999.000,9999.000,9999.000,9999.000,9999.000,9999.000
202605221154,   0.254,   0.551,9999.000,9999.000,9999.000,9999.000,9999.000,9999.000,9999.000
202605221200,   0.245,   0.541,   0.200,   0.096,   0.541,   0.100,   0.441,   0.200,   0.541
202605221206,   0.236,   0.498,9999.000,9999.000,9999.000,9999.000,9999.000,9999.000,9999.000
202605221212,   0.227,   0.488,9999.000,9999.000,9999.000,9999.000,9999.000,9999.000,9999.000
202605221218,   0.218,   0.459,9999.000,9999.000,9999.000,9999.000,9999.000,9999.000,9999.000
202605221224,   0.210,   0.429,9999.000,9999.000,9999.000,9999.000,9999.000,9999.000,9999.000
202605221230,   0.201,   0.439,9999.000,9999.000,9999.000,9999.000,9999.000,9999.000,9999.000
202605221236,   0.192,   0.419,9999.000,9999.000,9999.000,9999.000,9999.000,9999.000,9999.000
202605221242,   0.184,   0.400,9999.000,9999.000,9999.000,9999.000,9999.000,9999.000,9999.000
202605221248,   0.175,   0.380,9999.000,9999.000,9999.000,9999.000,9999.000,9999.000,9999.000
202605221254,   0.167,   0.370,9999.000,9999.000,9999.000,9999.000,9999.000,9999.000,9999.000
202605221300,   0.159,   0.341,   0.200,  -0.018,   0.341,   0.100,   0.241,   0.200,   0.341
202605221306,   0.151,   0.331,9999.000,9999.000,9999.000,9999.000,9999.000,9999.000,9999.000
202605221312,   0.142,   0.308,9999.000,9999.000,9999.000,9999.000,9999.000,9999.000,9999.000
202605221318,   0.135,   0.278,9999.000,9999.000,9999.000,9999.000,9999.000,9999.000,9999.000
202605221324,   0.127,   0.268,9999.000,9999.000,9999.000,9999.000,9999.000,9999.000,9999.000
202605221330,   0.119,   0.249,9999.000,9999.000,9999.000,9999.000,9999.000,9999.000,9999.000
202605221336,   0.111,   0.229,9999.000,9999.000,9999.000,9999.000,9999.000,9999.000,9999.000
202605221342,   0.104,   0.219,9999.000,9999.000,9999.000,9999.000,9999.000,9999.000,9999.000
202605221348,   0.097,   0.200,9999.000,9999.000,9999.000,9999.000,9999.000,9999.000,9999.000
202605221354,   0.090,   0.190,9999.000,9999.000,9999.000,9999.000,9999.000,9999.000,9999.000
202605221400,   0.083,   0.170,   0.200,  -0.113,   0.170,   0.100,   0.070,   0.200,   0.170
202605221406,   0.076,   0.150,9999.000,9999.000,9999.000,9999.000,9999.000,9999.000,9999.000
202605221412,   0.070,   0.131,9999.000,9999.000,9999.000,9999.000,9999.000,9999.000,9999.000
202605221418,   0.063,   0.111,9999.000,9999.000,9999.000,9999.000,9999.000,9999.000,9999.000
202605221424,   0.057,   0.098,9999.000,9999.000,9999.000,9999.000,9999.000,9999.000,9999.000
202605221430,   0.052,   0.088,9999.000,9999.000,9999.000,9999.000,9999.000,9999.000,9999.000
202605221436,   0.046,   0.088,9999.000,9999.000,9999.000,9999.000,9999.000,9999.000,9999.000
202605221442,   0.041,   0.059,9999.000,9999.000,9999.000,9999.000,9999.000,9999.000,9999.000
202605221448,   0.036,   0.039,9999.000,9999.000,9999.000,9999.000,9999.000,9999.000,9999.000
202605221454,   0.031,   0.029,9999.000,9999.000,9999.000,9999.000,9999.000,9999.000,9999.000
202605221500,   0.027,   0.009,   0.200,  -0.218,   0.009,   0.200,   0.009,   0.200,   0.009
202605221506,   0.023,  -0.009,9999.000,9999.000,9999.000,9999.000,9999.000,9999.000,9999.000
202605221512,   0.020,  -0.009,9999.000,9999.000,9999.000,9999.000,9999.000,9999.000,9999.000
202605221518,   0.017,  -0.019,9999.000,9999.000,9999.000,9999.000,9999.000,9999.000,9999.000
202605221524,   0.015,  -0.029,9999.000,9999.000,9999.000,9999.000,9999.000,9999.000,9999.000
202605221530,   0.012,  -0.029,9999.000,9999.000,9999.000,9999.000,9999.000,9999.000,9999.000
202605221536,   0.011,  -0.039,9999.000,9999.000,9999.000,9999.000,9999.000,9999.000,9999.000
202605221542,   0.010,  -0.039,9999.000,9999.000,9999.000,9999.000,9999.000,9999.000,9999.000
202605221548,   0.009,  -0.049,9999.000,9999.000,9999.000,9999.000,9999.000,9999.000,9999.000
202605221554,   0.009,  -0.059,9999.000,9999.000,9999.000,9999.000,9999.000,9999.000,9999.000
202605221600,   0.010,  -0.039,   0.200,  -0.249,  -0.039,   0.200,  -0.039,   0.200,  -0.039
202605221606,   0.011,  -0.019,9999.000,9999.000,9999.000,9999.000,9999.000,9999.000,9999.000
202605221612,   0.012,  -0.009,9999.000,9999.000,9999.000,9999.000,9999.000,9999.000,9999.000
202605221618,   0.014,   0.009,9999.000,9999.000,9999.000,9999.000,9999.000,9999.000,9999.000
202605221624,   0.017,   0.029,9999.000,9999.000,9999.000,9999.000,9999.000,9999.000,9999.000
202605221630,   0.020,   0.029,9999.000,9999.000,9999.000,9999.000,9999.000,9999.000,9999.000
202605221636,   0.024,   0.039,9999.000,9999.000,9999.000,9999.000,9999.000,9999.000,9999.000
202605221642,   0.028,   0.059,9999.000,9999.000,9999.000,9999.000,9999.000,9999.000,9999.000
202605221648,   0.033,   0.068,9999.000,9999.000,9999.000,9999.000,9999.000,9999.000,9999.000
202605221654,   0.038,   0.088,9999.000,9999.000,9999.000,9999.000,9999.000,9999.000,9999.000
202605221700,   0.044,   0.098,   0.200,  -0.146,   0.098,   0.200,   0.098,   0.200,   0.098
202605221706,   0.050,   0.098,9999.000,9999.000,9999.000,9999.000,9999.000,9999.000,9999.000
202605221712,   0.057,   0.111,9999.000,9999.000,9999.000,9999.000,9999.000,9999.000,9999.000
202605221718,   0.064,   0.131,9999.000,9999.000,9999.000,9999.000,9999.000,9999.000,9999.000
202605221724,   0.072,   0.150,9999.000,9999.000,9999.000,9999.000,9999.000,9999.000,9999.000
202605221730,   0.080,   0.180,9999.000,9999.000,9999.000,9999.000,9999.000,9999.000,9999.000
202605221736,   0.088,   0.200,9999.000,9999.000,9999.000,9999.000,9999.000,9999.000,9999.000
202605221742,   0.096,   0.219,9999.000,9999.000,9999.000,9999.000,9999.000,9999.000,9999.000
202605221748,   0.105,   0.229,9999.000,9999.000,9999.000,9999.000,9999.000,9999.000,9999.000
202605221754,   0.114,9999.000,9999.000,9999.000,9999.000,9999.000,9999.000,9999.000,9999.000
202605221800,   0.123,9999.000,   0.200,  -0.101,   0.222,   0.200,   0.222,   0.200,   0.222
202605221806,   0.132,9999.000,9999.000,9999.000,9999.000,9999.000,9999.000,9999.000,9999.000
202605221812,   0.141,9999.000,9999.000,9999.000,9999.000,9999.000,9999.000,9999.000,9999.000
202605221818,   0.151,9999.000,9999.000,9999.000,9999.000,9999.000,9999.000,9999.000,9999.000
202605221824,   0.160,9999.000,9999.000,9999.000,9999.000,9999.000,9999.000,9999.000,9999.000
202605221830,   0.170,9999.000,9999.000,9999.000,9999.000,9999.000,9999.000,9999.000,9999.000
202605221836,   0.179,9999.000,9999.000,9999.000,9999.000,9999.000,9999.000,9999.000,9999.000
202605221842,   0.189,9999.000,9999.000,9999.000,9999.000,9999.000,9999.000,9999.000,9999.000
202605221848,   0.199,9999.000,9999.000,9999.000,9999.000,9999.000,9999.000,9999.000,9999.000
202605221854,   0.208,9999.000,9999.000,9999.000,9999.000,9999.000,9999.000,9999.000,9999.000
202605221900,   0.218,9999.000,   0.200,  -0.055,   0.363,   0.200,   0.363,   0.200,   0.363
202605221906,   0.227,9999.000,9999.000,9999.000,9999.000,9999.000,9999.000,9999.000,9999.000
202605221912,   0.236,9999.000,9999.000,9999.000,9999.000,9999.000,9999.000,9999.000,9999.000
202605221918,   0.246,9999.000,9999.000,9999.000,9999.000,9999.000,9999.000,9999.000,9999.000
202605221924,   0.255,9999.000,9999.000,9999.000,9999.000,9999.000,9999.000,9999.000,9999.000
202605221930,   0.264,9999.000,9999.000,9999.000,9999.000,9999.000,9999.000,9999.000,9999.000
202605221936,   0.273,9999.000,9999.000,9999.000,9999.000,9999.000,9999.000,9999.000,9999.000
202605221942,   0.282,9999.000,9999.000,9999.000,9999.000,9999.000,9999.000,9999.000,9999.000
202605221948,   0.290,9999.000,9999.000,9999.000,9999.000,9999.000,9999.000,9999.000,9999.000
202605221954,   0.299,9999.000,9999.000,9999.000,9999.000,9999.000,9999.000,9999.000,9999.000
202605222000,   0.307,9999.000,   0.200,  -0.010,   0.497,   0.200,   0.497,   0.300,   0.597
202605222006,   0.315,9999.000,9999.000,9999.000,9999.000,9999.000,9999.000,9999.000,9999.000
202605222012,   0.323,9999.000,9999.000,9999.000,9999.000,9999.000,9999.000,9999.000,9999.000
202605222018,   0.330,9999.000,9999.000,9999.000,9999.000,9999.000,9999.000,9999.000,9999.000
202605222024,   0.337,9999.000,9999.000,9999.000,9999.000,9999.000,9999.000,9999.000,9999.000
202605222030,   0.344,9999.000,9999.000,9999.000,9999.000,9999.000,9999.000,9999.000,9999.000
202605222036,   0.350,9999.000,9999.000,9999.000,9999.000,9999.000,9999.000,9999.000,9999.000
202605222042,   0.356,9999.000,9999.000,9999.000,9999.000,9999.000,9999.000,9999.000,9999.000
202605222048,   0.361,9999.000,9999.000,9999.000,9999.000,9999.000,9999.000,9999.000,9999.000
202605222054,   0.366,9999.000,9999.000,9999.000,9999.000,9999.000,9999.000,9999.000,9999.000
202605222100,   0.370,9999.000,   0.200,   0.036,   0.606,   0.200,   0.606,   0.300,   0.706
202605222106,   0.374,9999.000,9999.000,9999.000,9999.000,9999.000,9999.000,9999.000,9999.000
202605222112,   0.377,9999.000,9999.000,9999.000,9999.000,9999.000,9999.000,9999.000,9999.000
202605222118,   0.380,9999.000,9999.000,9999.000,9999.000,9999.000,9999.000,9999.000,9999.000
202605222124,   0.382,9999.000,9999.000,9999.000,9999.000,9999.000,9999.000,9999.000,9999.000
202605222130,   0.384,9999.000,9999.000,9999.000,9999.000,9999.000,9999.000,9999.000,9999.000
202605222136,   0.385,9999.000,9999.000,9999.000,9999.000,9999.000,9999.000,9999.000,9999.000
202605222142,   0.385,9999.000,9999.000,9999.000,9999.000,9999.000,9999.000,9999.000,9999.000
202605222148,   0.385,9999.000,9999.000,9999.000,9999.000,9999.000,9999.000,9999.000,9999.000
202605222154,   0.385,9999.000,9999.000,9999.000,9999.000,9999.000,9999.000,9999.000,9999.000
202605222200,   0.383,9999.000,   0.200,   0.081,   0.664,   0.200,   0.664,   0.300,   0.764
202605222206,   0.382,9999.000,9999.000,9999.000,9999.000,9999.000,9999.000,9999.000,9999.000
202605222212,   0.379,9999.000,9999.000,9999.000,9999.000,9999.000,9999.000,9999.000,9999.000
202605222218,   0.376,9999.000,9999.000,9999.000,9999.000,9999.000,9999.000,9999.000,9999.000
202605222224,   0.373,9999.000,9999.000,9999.000,9999.000,9999.000,9999.000,9999.000,9999.000
202605222230,   0.369,9999.000,9999.000,9999.000,9999.000,9999.000,9999.000,9999.000,9999.000
202605222236,   0.365,9999.000,9999.000,9999.000,9999.000,9999.000,9999.000,9999.000,9999.000
202605222242,   0.361,9999.000,9999.000,9999.000,9999.000,9999.000,9999.000,9999.000,9999.000
202605222248,   0.356,9999.000,9999.000,9999.000,9999.000,9999.000,9999.000,9999.000,9999.000
202605222254,   0.350,9999.000,9999.000,9999.000,9999.000,9999.000,9999.000,9999.000,9999.000
202605222300,   0.345,9999.000,   0.300,   0.126,   0.771,   0.200,   0.671,   0.300,   0.771
202605222306,   0.339,9999.000,9999.000,9999.000,9999.000,9999.000,9999.000,9999.000,9999.000
202605222312,   0.333,9999.000,9999.000,9999.000,9999.000,9999.000,9999.000,9999.000,9999.000
202605222318,   0.326,9999.000,9999.000,9999.000,9999.000,9999.000,9999.000,9999.000,9999.000
202605222324,   0.320,9999.000,9999.000,9999.000,9999.000,9999.000,9999.000,9999.000,9999.000
202605222330,   0.313,9999.000,9999.000,9999.000,9999.000,9999.000,9999.000,9999.000,9999.000
202605222336,   0.306,9999.000,9999.000,9999.000,9999.000,9999.000,9999.000,9999.000,9999.000
202605222342,   0.299,9999.000,9999.000,9999.000,9999.000,9999.000,9999.000,9999.000,9999.000
202605222348,   0.291,9999.000,9999.000,9999.000,9999.000,9999.000,9999.000,9999.000,9999.000
202605222354,   0.284,9999.000,9999.000,9999.000,9999.000,9999.000,9999.000,9999.000,9999.000
202605230000,   0.277,9999.000,   0.300,   0.172,   0.749,   0.200,   0.649,   0.300,   0.749
202605230006,   0.269,9999.000,9999.000,9999.000,9999.000,9999.000,9999.000,9999.000,9999.000
202605230012,   0.262,9999.000,9999.000,9999.000,9999.000,9999.000,9999.000,9999.000,9999.000
202605230018,   0.254,9999.000,9999.000,9999.000,9999.000,9999.000,9999.000,9999.000,9999.000
202605230024,   0.247,9999.000,9999.000,9999.000,9999.000,9999.000,9999.000,9999.000,9999.000
202605230030,   0.239,9999.000,9999.000,9999.000,9999.000,9999.000,9999.000,9999.000,9999.000
202605230036,   0.232,9999.000,9999.000,9999.000,9999.000,9999.000,9999.000,9999.000,9999.000
202605230042,   0.224,9999.000,9999.000,9999.000,9999.000,9999.000,9999.000,9999.000,9999.000
202605230048,   0.217,9999.000,9999.000,9999.000,9999.000,9999.000,9999.000,9999.000,9999.000
202605230054,   0.210,9999.000,9999.000,9999.000,9999.000,9999.000,9999.000,9999.000,9999.000
202605230100,   0.202,9999.000,   0.300,   0.217,   0.719,   0.300,   0.719,   0.300,   0.719
202605230106,   0.195,9999.000,9999.000,9999.000,9999.000,9999.000,9999.000,9999.000,9999.000
202605230112,   0.188,9999.000,9999.000,9999.000,9999.000,9999.000,9999.000,9999.000,9999.000
202605230118,   0.181,9999.000,9999.000,9999.000,9999.000,9999.000,9999.000,9999.000,9999.000
202605230124,   0.174,9999.000,9999.000,9999.000,9999.000,9999.000,9999.000,9999.000,9999.000
202605230130,   0.168,9999.000,9999.000,9999.000,9999.000,9999.000,9999.000,9999.000,9999.000
202605230136,   0.161,9999.000,9999.000,9999.000,9999.000,9999.000,9999.000,9999.000,9999.000
202605230142,   0.155,9999.000,9999.000,9999.000,9999.000,9999.000,9999.000,9999.000,9999.000
202605230148,   0.148,9999.000,9999.000,9999.000,9999.000,9999.000,9999.000,9999.000,9999.000
202605230154,   0.142,9999.000,9999.000,9999.000,9999.000,9999.000,9999.000,9999.000,9999.000
202605230200,   0.136,9999.000,   0.300,   0.263,   0.699,   0.200,   0.599,   0.300,   0.699
202605230206,   0.130,9999.000,9999.000,9999.000,9999.000,9999.000,9999.000,9999.000,9999.000
202605230212,   0.124,9999.000,9999.000,9999.000,9999.000,9999.000,9999.000,9999.000,9999.000
202605230218,   0.119,9999.000,9999.000,9999.000,9999.000,9999.000,9999.000,9999.000,9999.000
202605230224,   0.113,9999.000,9999.000,9999.000,9999.000,9999.000,9999.000,9999.000,9999.000
202605230230,   0.108,9999.000,9999.000,9999.000,9999.000,9999.000,9999.000,9999.000,9999.000
202605230236,   0.103,9999.000,9999.000,9999.000,9999.000,9999.000,9999.000,9999.000,9999.000
202605230242,   0.098,9999.000,9999.000,9999.000,9999.000,9999.000,9999.000,9999.000,9999.000
202605230248,   0.093,9999.000,9999.000,9999.000,9999.000,9999.000,9999.000,9999.000,9999.000
202605230254,   0.089,9999.000,9999.000,9999.000,9999.000,9999.000,9999.000,9999.000,9999.000
202605230300,   0.085,9999.000,   0.300,   0.308,   0.693,   0.300,   0.693,   0.300,   0.693
202605230306,   0.081,9999.000,9999.000,9999.000,9999.000,9999.000,9999.000,9999.000,9999.000
202605230312,   0.077,9999.000,9999.000,9999.000,9999.000,9999.000,9999.000,9999.000,9999.000
202605230318,   0.074,9999.000,9999.000,9999.000,9999.000,9999.000,9999.000,9999.000,9999.000
202605230324,   0.071,9999.000,9999.000,9999.000,9999.000,9999.000,9999.000,9999.000,9999.000
202605230330,   0.069,9999.000,9999.000,9999.000,9999.000,9999.000,9999.000,9999.000,9999.000
202605230336,   0.067,9999.000,9999.000,9999.000,9999.000,9999.000,9999.000,9999.000,9999.000
202605230342,   0.065,9999.000,9999.000,9999.000,9999.000,9999.000,9999.000,9999.000,9999.000
202605230348,   0.063,9999.000,9999.000,9999.000,9999.000,9999.000,9999.000,9999.000,9999.000
202605230354,   0.062,9999.000,9999.000,9999.000,9999.000,9999.000,9999.000,9999.000,9999.000
202605230400,   0.062,9999.000,   0.300,   0.354,   0.716,   0.300,   0.716,   0.400,   0.816
202605230406,   0.062,9999.000,9999.000,9999.000,9999.000,9999.000,9999.000,9999.000,9999.000
202605230412,   0.062,9999.000,9999.000,9999.000,9999.000,9999.000,9999.000,9999.000,9999.000
202605230418,   0.063,9999.000,9999.000,9999.000,9999.000,9999.000,9999.000,9999.000,9999.000
202605230424,   0.065,9999.000,9999.000,9999.000,9999.000,9999.000,9999.000,9999.000,9999.000
202605230430,   0.067,9999.000,9999.000,9999.000,9999.000,9999.000,9999.000,9999.000,9999.000
202605230436,   0.069,9999.000,9999.000,9999.000,9999.000,9999.000,9999.000,9999.000,9999.000
202605230442,   0.072,9999.000,9999.000,9999.000,9999.000,9999.000,9999.000,9999.000,9999.000
202605230448,   0.076,9999.000,9999.000,9999.000,9999.000,9999.000,9999.000,9999.000,9999.000
202605230454,   0.080,9999.000,9999.000,9999.000,9999.000,9999.000,9999.000,9999.000,9999.000
202605230500,   0.084,9999.000,   0.300,   0.399,   0.783,   0.300,   0.783,   0.400,   0.883
202605230506,   0.089,9999.000,9999.000,9999.000,9999.000,9999.000,9999.000,9999.000,9999.000
202605230512,   0.095,9999.000,9999.000,9999.000,9999.000,9999.000,9999.000,9999.000,9999.000
202605230518,   0.100,9999.000,9999.000,9999.000,9999.000,9999.000,9999.000,9999.000,9999.000
202605230524,   0.107,9999.000,9999.000,9999.000,9999.000,9999.000,9999.000,9999.000,9999.000
202605230530,   0.113,9999.000,9999.000,9999.000,9999.000,9999.000,9999.000,9999.000,9999.000
202605230536,   0.120,9999.000,9999.000,9999.000,9999.000,9999.000,9999.000,9999.000,9999.000
202605230542,   0.128,9999.000,9999.000,9999.000,9999.000,9999.000,9999.000,9999.000,9999.000
202605230548,   0.136,9999.000,9999.000,9999.000,9999.000,9999.000,9999.000,9999.000,9999.000
202605230554,   0.144,9999.000,9999.000,9999.000,9999.000,9999.000,9999.000,9999.000,9999.000
202605230600,   0.152,9999.000,   0.300,   0.399,   0.851,   0.200,   0.751,   0.400,   0.951
202605230606,   0.160,9999.000,9999.000,9999.000,9999.000,9999.000,9999.000,9999.000,9999.000
202605230612,   0.169,9999.000,9999.000,9999.000,9999.000,9999.000,9999.000,9999.000,9999.000
202605230618,   0.177,9999.000,9999.000,9999.000,9999.000,9999.000,9999.000,9999.000,9999.000
202605230624,   0.186,9999.000,9999.000,9999.000,9999.000,9999.000,9999.000,9999.000,9999.000
202605230630,   0.195,9999.000,9999.000,9999.000,9999.000,9999.000,9999.000,9999.000,9999.000
202605230636,   0.204,9999.000,9999.000,9999.000,9999.000,9999.000,9999.000,9999.000,9999.000
202605230642,   0.213,9999.000,9999.000,9999.000,9999.000,9999.000,9999.000,9999.000,9999.000
202605230648,   0.222,9999.000,9999.000,9999.000,9999.000,9999.000,9999.000,9999.000,9999.000
202605230654,   0.230,9999.000,9999.000,9999.000,9999.000,9999.000,9999.000,9999.000,9999.000
202605230700,   0.239,9999.000,   0.300,   0.399,   0.938,   0.200,   0.838,   0.400,   1.038
202605230706,   0.248,9999.000,9999.000,9999.000,9999.000,9999.000,9999.000,9999.000,9999.000
202605230712,   0.257,9999.000,9999.000,9999.000,9999.000,9999.000,9999.000,9999.000,9999.000
202605230718,   0.265,9999.000,9999.000,9999.000,9999.000,9999.000,9999.000,9999.000,9999.000
202605230724,   0.274,9999.000,9999.000,9999.000,9999.000,9999.000,9999.000,9999.000,9999.000
202605230730,   0.282,9999.000,9999.000,9999.000,9999.000,9999.000,9999.000,9999.000,9999.000
202605230736,   0.290,9999.000,9999.000,9999.000,9999.000,9999.000,9999.000,9999.000,9999.000
202605230742,   0.298,9999.000,9999.000,9999.000,9999.000,9999.000,9999.000,9999.000,9999.000
202605230748,   0.306,9999.000,9999.000,9999.000,9999.000,9999.000,9999.000,9999.000,9999.000
202605230754,   0.314,9999.000,9999.000,9999.000,9999.000,9999.000,9999.000,9999.000,9999.000
202605230800,   0.321,9999.000,   0.300,   0.399,   1.020,   0.200,   0.920,   0.400,   1.120
202605230806,   0.329,9999.000,9999.000,9999.000,9999.000,9999.000,9999.000,9999.000,9999.000
202605230812,   0.336,9999.000,9999.000,9999.000,9999.000,9999.000,9999.000,9999.000,9999.000
202605230818,   0.343,9999.000,9999.000,9999.000,9999.000,9999.000,9999.000,9999.000,9999.000
202605230824,   0.349,9999.000,9999.000,9999.000,9999.000,9999.000,9999.000,9999.000,9999.000
202605230830,   0.356,9999.000,9999.000,9999.000,9999.000,9999.000,9999.000,9999.000,9999.000
202605230836,   0.362,9999.000,9999.000,9999.000,9999.000,9999.000,9999.000,9999.000,9999.000
202605230842,   0.368,9999.000,9999.000,9999.000,9999.000,9999.000,9999.000,9999.000,9999.000
202605230848,   0.373,9999.000,9999.000,9999.000,9999.000,9999.000,9999.000,9999.000,9999.000
202605230854,   0.378,9999.000,9999.000,9999.000,9999.000,9999.000,9999.000,9999.000,9999.000
202605230900,   0.383,9999.000,   0.300,   0.399,   1.082,   0.200,   0.982,   0.400,   1.182
202605230906,   0.387,9999.000,9999.000,9999.000,9999.000,9999.000,9999.000,9999.000,9999.000
202605230912,   0.391,9999.000,9999.000,9999.000,9999.000,9999.000,9999.000,9999.000,9999.000
202605230918,   0.394,9999.000,9999.000,9999.000,9999.000,9999.000,9999.000,9999.000,9999.000
202605230924,   0.397,9999.000,9999.000,9999.000,9999.000,9999.000,9999.000,9999.000,9999.000
202605230930,   0.400,9999.000,9999.000,9999.000,9999.000,9999.000,9999.000,9999.000,9999.000
202605230936,   0.402,9999.000,9999.000,9999.000,9999.000,9999.000,9999.000,9999.000,9999.000
202605230942,   0.403,9999.000,9999.000,9999.000,9999.000,9999.000,9999.000,9999.000,9999.000
202605230948,   0.404,9999.000,9999.000,9999.000,9999.000,9999.000,9999.000,9999.000,9999.000
202605230954,   0.404,9999.000,9999.000,9999.000,9999.000,9999.000,9999.000,9999.000,9999.000
202605231000,   0.404,9999.000,   0.300,   0.399,   1.103,   0.200,   1.003,   0.400,   1.203
202605231006,   0.404,9999.000,9999.000,9999.000,9999.000,9999.000,9999.000,9999.000,9999.000
202605231012,   0.402,9999.000,9999.000,9999.000,9999.000,9999.000,9999.000,9999.000,9999.000
202605231018,   0.401,9999.000,9999.000,9999.000,9999.000,9999.000,9999.000,9999.000,9999.000
202605231024,   0.398,9999.000,9999.000,9999.000,9999.000,9999.000,9999.000,9999.000,9999.000
202605231030,   0.396,9999.000,9999.000,9999.000,9999.000,9999.000,9999.000,9999.000,9999.000
202605231036,   0.393,9999.000,9999.000,9999.000,9999.000,9999.000,9999.000,9999.000,9999.000
202605231042,   0.389,9999.000,9999.000,9999.000,9999.000,9999.000,9999.000,9999.000,9999.000
202605231048,   0.385,9999.000,9999.000,9999.000,9999.000,9999.000,9999.000,9999.000,9999.000
202605231054,   0.380,9999.000,9999.000,9999.000,9999.000,9999.000,9999.000,9999.000,9999.000
202605231100,   0.375,9999.000,   0.300,   0.399,   1.074,   0.200,   0.974,   0.400,   1.174
202605231106,   0.370,9999.000,9999.000,9999.000,9999.000,9999.000,9999.000,9999.000,9999.000
202605231112,   0.365,9999.000,9999.000,9999.000,9999.000,9999.000,9999.000,9999.000,9999.000
202605231118,   0.359,9999.000,9999.000,9999.000,9999.000,9999.000,9999.000,9999.000,9999.000
202605231124,   0.353,9999.000,9999.000,9999.000,9999.000,9999.000,9999.000,9999.000,9999.000
202605231130,   0.346,9999.000,9999.000,9999.000,9999.000,9999.000,9999.000,9999.000,9999.000
202605231136,   0.339,9999.000,9999.000,9999.000,9999.000,9999.000,9999.000,9999.000,9999.000
202605231142,   0.332,9999.000,9999.000,9999.000,9999.000,9999.000,9999.000,9999.000,9999.000
202605231148,   0.325,9999.000,9999.000,9999.000,9999.000,9999.000,9999.000,9999.000,9999.000
202605231154,   0.318,9999.000,9999.000,9999.000,9999.000,9999.000,9999.000,9999.000,9999.000
202605231200,   0.311,9999.000,   0.300,   0.399,   1.010,   0.200,   0.910,   0.400,   1.110
202605231206,   0.303,9999.000,9999.000,9999.000,9999.000,9999.000,9999.000,9999.000,9999.000
202605231212,   0.295,9999.000,9999.000,9999.000,9999.000,9999.000,9999.000,9999.000,9999.000
202605231218,   0.288,9999.000,9999.000,9999.000,9999.000,9999.000,9999.000,9999.000,9999.000
202605231224,   0.280,9999.000,9999.000,9999.000,9999.000,9999.000,9999.000,9999.000,9999.000
202605231230,   0.272,9999.000,9999.000,9999.000,9999.000,9999.000,9999.000,9999.000,9999.000
202605231236,   0.264,9999.000,9999.000,9999.000,9999.000,9999.000,9999.000,9999.000,9999.000
202605231242,   0.256,9999.000,9999.000,9999.000,9999.000,9999.000,9999.000,9999.000,9999.000
202605231248,   0.249,9999.000,9999.000,9999.000,9999.000,9999.000,9999.000,9999.000,9999.000
202605231254,   0.241,9999.000,9999.000,9999.000,9999.000,9999.000,9999.000,9999.000,9999.000
202605231300,   0.233,9999.000,   0.300,   0.399,   0.932,   0.200,   0.832,   0.400,   1.032
202605231306,   0.225,9999.000,9999.000,9999.000,9999.000,9999.000,9999.000,9999.000,9999.000
202605231312,   0.218,9999.000,9999.000,9999.000,9999.000,9999.000,9999.000,9999.000,9999.000
202605231318,   0.210,9999.000,9999.000,9999.000,9999.000,9999.000,9999.000,9999.000,9999.000
202605231324,   0.202,9999.000,9999.000,9999.000,9999.000,9999.000,9999.000,9999.000,9999.000
202605231330,   0.195,9999.000,9999.000,9999.000,9999.000,9999.000,9999.000,9999.000,9999.000
202605231336,   0.187,9999.000,9999.000,9999.000,9999.000,9999.000,9999.000,9999.000,9999.000
202605231342,   0.180,9999.000,9999.000,9999.000,9999.000,9999.000,9999.000,9999.000,9999.000
202605231348,   0.172,9999.000,9999.000,9999.000,9999.000,9999.000,9999.000,9999.000,9999.000
202605231354,   0.165,9999.000,9999.000,9999.000,9999.000,9999.000,9999.000,9999.000,9999.000
202605231400,   0.158,9999.000,   0.300,   0.399,   0.857,   0.200,   0.757,   0.400,   0.957
202605231406,   0.151,9999.000,9999.000,9999.000,9999.000,9999.000,9999.000,9999.000,9999.000
202605231412,   0.144,9999.000,9999.000,9999.000,9999.000,9999.000,9999.000,9999.000,9999.000
202605231418,   0.137,9999.000,9999.000,9999.000,9999.000,9999.000,9999.000,9999.000,9999.000
202605231424,   0.130,9999.000,9999.000,9999.000,9999.000,9999.000,9999.000,9999.000,9999.000
202605231430,   0.123,9999.000,9999.000,9999.000,9999.000,9999.000,9999.000,9999.000,9999.000
202605231436,   0.116,9999.000,9999.000,9999.000,9999.000,9999.000,9999.000,9999.000,9999.000
202605231442,   0.109,9999.000,9999.000,9999.000,9999.000,9999.000,9999.000,9999.000,9999.000
202605231448,   0.103,9999.000,9999.000,9999.000,9999.000,9999.000,9999.000,9999.000,9999.000
202605231454,   0.097,9999.000,9999.000,9999.000,9999.000,9999.000,9999.000,9999.000,9999.000
202605231500,   0.090,9999.000,   0.300,   0.399,   0.789,   0.200,   0.689,   0.400,   0.889
202605231506,   0.084,9999.000,9999.000,9999.000,9999.000,9999.000,9999.000,9999.000,9999.000
202605231512,   0.078,9999.000,9999.000,9999.000,9999.000,9999.000,9999.000,9999.000,9999.000
202605231518,   0.072,9999.000,9999.000,9999.000,9999.000,9999.000,9999.000,9999.000,9999.000
202605231524,   0.067,9999.000,9999.000,9999.000,9999.000,9999.000,9999.000,9999.000,9999.000
202605231530,   0.061,9999.000,9999.000,9999.000,9999.000,9999.000,9999.000,9999.000,9999.000
202605231536,   0.056,9999.000,9999.000,9999.000,9999.000,9999.000,9999.000,9999.000,9999.000
202605231542,   0.051,9999.000,9999.000,9999.000,9999.000,9999.000,9999.000,9999.000,9999.000
202605231548,   0.047,9999.000,9999.000,9999.000,9999.000,9999.000,9999.000,9999.000,9999.000
202605231554,   0.042,9999.000,9999.000,9999.000,9999.000,9999.000,9999.000,9999.000,9999.000
202605231600,   0.038,9999.000,   0.300,   0.399,   0.737,   0.200,   0.637,   0.400,   0.837
202605231606,   0.035,9999.000,9999.000,9999.000,9999.000,9999.000,9999.000,9999.000,9999.000
202605231612,   0.032,9999.000,9999.000,9999.000,9999.000,9999.000,9999.000,9999.000,9999.000
202605231618,   0.029,9999.000,9999.000,9999.000,9999.000,9999.000,9999.000,9999.000,9999.000
202605231624,   0.026,9999.000,9999.000,9999.000,9999.000,9999.000,9999.000,9999.000,9999.000
202605231630,   0.024,9999.000,9999.000,9999.000,9999.000,9999.000,9999.000,9999.000,9999.000
202605231636,   0.022,9999.000,9999.000,9999.000,9999.000,9999.000,9999.000,9999.000,9999.000
202605231642,   0.021,9999.000,9999.000,9999.000,9999.000,9999.000,9999.000,9999.000,9999.000
202605231648,   0.021,9999.000,9999.000,9999.000,9999.000,9999.000,9999.000,9999.000,9999.000
202605231654,   0.021,9999.000,9999.000,9999.000,9999.000,9999.000,9999.000,9999.000,9999.000
202605231700,   0.021,9999.000,   0.300,   0.399,   0.720,   0.200,   0.620,   0.400,   0.820
202605231706,   0.022,9999.000,9999.000,9999.000,9999.000,9999.000,9999.000,9999.000,9999.000
202605231712,   0.023,9999.000,9999.000,9999.000,9999.000,9999.000,9999.000,9999.000,9999.000
202605231718,   0.025,9999.000,9999.000,9999.000,9999.000,9999.000,9999.000,9999.000,9999.000
202605231724,   0.028,9999.000,9999.000,9999.000,9999.000,9999.000,9999.000,9999.000,9999.000
202605231730,   0.031,9999.000,9999.000,9999.000,9999.000,9999.000,9999.000,9999.000,9999.000
202605231736,   0.034,9999.000,9999.000,9999.000,9999.000,9999.000,9999.000,9999.000,9999.000
202605231742,   0.038,9999.000,9999.000,9999.000,9999.000,9999.000,9999.000,9999.000,9999.000
202605231748,   0.043,9999.000,9999.000,9999.000,9999.000,9999.000,9999.000,9999.000,9999.000
202605231754,   0.048,9999.000,9999.000,9999.000,9999.000,9999.000,9999.000,9999.000,9999.000
202605231800,   0.053,9999.000,   0.300,   0.399,   0.752,   0.200,   0.652,   0.400,   0.852
202605231806,   0.059,9999.000,9999.000,9999.000,9999.000,9999.000,9999.000,9999.000,9999.000
202605231812,   0.065,9999.000,9999.000,9999.000,9999.000,9999.000,9999.000,9999.000,9999.000
202605231818,   0.072,9999.000,9999.000,9999.000,9999.000,9999.000,9999.000,9999.000,9999.000
202605231824,   0.079,9999.000,9999.000,9999.000,9999.000,9999.000,9999.000,9999.000,9999.000
202605231830,   0.087,9999.000,9999.000,9999.000,9999.000,9999.000,9999.000,9999.000,9999.000
202605231836,   0.094,9999.000,9999.000,9999.000,9999.000,9999.000,9999.000,9999.000,9999.000
202605231842,   0.102,9999.000,9999.000,9999.000,9999.000,9999.000,9999.000,9999.000,9999.000
202605231848,   0.111,9999.000,9999.000,9999.000,9999.000,9999.000,9999.000,9999.000,9999.000
202605231854,   0.119,9999.000,9999.000,9999.000,9999.000,9999.000,9999.000,9999.000,9999.000
202605231900,   0.128,9999.000,   0.300,   0.399,   0.827,   0.200,   0.727,   0.400,   0.927
202605231906,   0.137,9999.000,9999.000,9999.000,9999.000,9999.000,9999.000,9999.000,9999.000
202605231912,   0.146,9999.000,9999.000,9999.000,9999.000,9999.000,9999.000,9999.000,9999.000
202605231918,   0.155,9999.000,9999.000,9999.000,9999.000,9999.000,9999.000,9999.000,9999.000
202605231924,   0.165,9999.000,9999.000,9999.000,9999.000,9999.000,9999.000,9999.000,9999.000
202605231930,   0.174,9999.000,9999.000,9999.000,9999.000,9999.000,9999.000,9999.000,9999.000
202605231936,   0.184,9999.000,9999.000,9999.000,9999.000,9999.000,9999.000,9999.000,9999.000
202605231942,   0.193,9999.000,9999.000,9999.000,9999.000,9999.000,9999.000,9999.000,9999.000
202605231948,   0.203,9999.000,9999.000,9999.000,9999.000,9999.000,9999.000,9999.000,9999.000
202605231954,   0.213,9999.000,9999.000,9999.000,9999.000,9999.000,9999.000,9999.000,9999.000
202605232000,   0.222,9999.000,   0.300,   0.399,   0.921,   0.200,   0.821,   0.400,   1.021
202605232006,   0.232,9999.000,9999.000,9999.000,9999.000,9999.000,9999.000,9999.000,9999.000
202605232012,   0.241,9999.000,9999.000,9999.000,9999.000,9999.000,9999.000,9999.000,9999.000
202605232018,   0.251,9999.000,9999.000,9999.000,9999.000,9999.000,9999.000,9999.000,9999.000
202605232024,   0.261,9999.000,9999.000,9999.000,9999.000,9999.000,9999.000,9999.000,9999.000
202605232030,   0.270,9999.000,9999.000,9999.000,9999.000,9999.000,9999.000,9999.000,9999.000
202605232036,   0.279,9999.000,9999.000,9999.000,9999.000,9999.000,9999.000,9999.000,9999.000
202605232042,   0.288,9999.000,9999.000,9999.000,9999.000,9999.000,9999.000,9999.000,9999.000
202605232048,   0.297,9999.000,9999.000,9999.000,9999.000,9999.000,9999.000,9999.000,9999.000
202605232054,   0.306,9999.000,9999.000,9999.000,9999.000,9999.000,9999.000,9999.000,9999.000
202605232100,   0.314,9999.000,   0.300,   0.399,   1.013,   0.200,   0.913,   0.400,   1.113
202605232106,   0.322,9999.000,9999.000,9999.000,9999.000,9999.000,9999.000,9999.000,9999.000
202605232112,   0.330,9999.000,9999.000,9999.000,9999.000,9999.000,9999.000,9999.000,9999.000
202605232118,   0.337,9999.000,9999.000,9999.000,9999.000,9999.000,9999.000,9999.000,9999.000
202605232124,   0.344,9999.000,9999.000,9999.000,9999.000,9999.000,9999.000,9999.000,9999.000
202605232130,   0.351,9999.000,9999.000,9999.000,9999.000,9999.000,9999.000,9999.000,9999.000
202605232136,   0.357,9999.000,9999.000,9999.000,9999.000,9999.000,9999.000,9999.000,9999.000
202605232142,   0.363,9999.000,9999.000,9999.000,9999.000,9999.000,9999.000,9999.000,9999.000
202605232148,   0.368,9999.000,9999.000,9999.000,9999.000,9999.000,9999.000,9999.000,9999.000
202605232154,   0.373,9999.000,9999.000,9999.000,9999.000,9999.000,9999.000,9999.000,9999.000
202605232200,   0.377,9999.000,   0.300,   0.399,   1.076,   0.200,   0.976,   0.400,   1.176
202605232206,   0.380,9999.000,9999.000,9999.000,9999.000,9999.000,9999.000,9999.000,9999.000
202605232212,   0.383,9999.000,9999.000,9999.000,9999.000,9999.000,9999.000,9999.000,9999.000
202605232218,   0.385,9999.000,9999.000,9999.000,9999.000,9999.000,9999.000,9999.000,9999.000
202605232224,   0.387,9999.000,9999.000,9999.000,9999.000,9999.000,9999.000,9999.000,9999.000
202605232230,   0.388,9999.000,9999.000,9999.000,9999.000,9999.000,9999.000,9999.000,9999.000
202605232236,   0.389,9999.000,9999.000,9999.000,9999.000,9999.000,9999.000,9999.000,9999.000
202605232242,   0.389,9999.000,9999.000,9999.000,9999.000,9999.000,9999.000,9999.000,9999.000
202605232248,   0.388,9999.000,9999.000,9999.000,9999.000,9999.000,9999.000,9999.000,9999.000
202605232254,   0.387,9999.000,9999.000,9999.000,9999.000,9999.000,9999.000,9999.000,9999.000
202605232300,   0.386,9999.000,   0.300,   0.399,   1.085,   0.200,   0.985,   0.400,   1.185
202605232306,   0.384,9999.000,9999.000,9999.000,9999.000,9999.000,9999.000,9999.000,9999.000
202605232312,   0.381,9999.000,9999.000,9999.000,9999.000,9999.000,9999.000,9999.000,9999.000
202605232318,   0.378,9999.000,9999.000,9999.000,9999.000,9999.000,9999.000,9999.000,9999.000
202605232324,   0.374,9999.000,9999.000,9999.000,9999.000,9999.000,9999.000,9999.000,9999.000
202605232330,   0.370,9999.000,9999.000,9999.000,9999.000,9999.000,9999.000,9999.000,9999.000
202605232336,   0.366,9999.000,9999.000,9999.000,9999.000,9999.000,9999.000,9999.000,9999.000
202605232342,   0.362,9999.000,9999.000,9999.000,9999.000,9999.000,9999.000,9999.000,9999.000
202605232348,   0.357,9999.000,9999.000,9999.000,9999.000,9999.000,9999.000,9999.000,9999.000
202605232354,   0.351,9999.000,9999.000,9999.000,9999.000,9999.000,9999.000,9999.000,9999.000
202605240000,   0.346,9999.000,   0.400,   0.399,   1.145,   0.200,   0.945,   0.500,   1.245
202605240006,   0.340,9999.000,9999.000,9999.000,9999.000,9999.000,9999.000,9999.000,9999.000
202605240012,   0.334,9999.000,9999.000,9999.000,9999.000,9999.000,9999.000,9999.000,9999.000
202605240018,   0.328,9999.000,9999.000,9999.000,9999.000,9999.000,9999.000,9999.000,9999.000
202605240024,   0.322,9999.000,9999.000,9999.000,9999.000,9999.000,9999.000,9999.000,9999.000
202605240030,   0.316,9999.000,9999.000,9999.000,9999.000,9999.000,9999.000,9999.000,9999.000
202605240036,   0.309,9999.000,9999.000,9999.000,9999.000,9999.000,9999.000,9999.000,9999.000
202605240042,   0.302,9999.000,9999.000,9999.000,9999.000,9999.000,9999.000,9999.000,9999.000
202605240048,   0.296,9999.000,9999.000,9999.000,9999.000,9999.000,9999.000,9999.000,9999.000
202605240054,   0.289,9999.000,9999.000,9999.000,9999.000,9999.000,9999.000,9999.000,9999.000
202605240100,   0.282,9999.000,   0.400,   0.399,   1.081,   0.200,   0.881,   0.500,   1.181
202605240106,   0.276,9999.000,9999.000,9999.000,9999.000,9999.000,9999.000,9999.000,9999.000
202605240112,   0.269,9999.000,9999.000,9999.000,9999.000,9999.000,9999.000,9999.000,9999.000
202605240118,   0.262,9999.000,9999.000,9999.000,9999.000,9999.000,9999.000,9999.000,9999.000
202605240124,   0.255,9999.000,9999.000,9999.000,9999.000,9999.000,9999.000,9999.000,9999.000
202605240130,   0.248,9999.000,9999.000,9999.000,9999.000,9999.000,9999.000,9999.000,9999.000
202605240136,   0.242,9999.000,9999.000,9999.000,9999.000,9999.000,9999.000,9999.000,9999.000
202605240142,   0.235,9999.000,9999.000,9999.000,9999.000,9999.000,9999.000,9999.000,9999.000
202605240148,   0.228,9999.000,9999.000,9999.000,9999.000,9999.000,9999.000,9999.000,9999.000
202605240154,   0.222,9999.000,9999.000,9999.000,9999.000,9999.000,9999.000,9999.000,9999.000
202605240200,   0.215,9999.000,   0.400,   0.399,   1.014,   0.300,   0.914,   0.500,   1.114
202605240206,   0.209,9999.000,9999.000,9999.000,9999.000,9999.000,9999.000,9999.000,9999.000
202605240212,   0.202,9999.000,9999.000,9999.000,9999.000,9999.000,9999.000,9999.000,9999.000
202605240218,   0.196,9999.000,9999.000,9999.000,9999.000,9999.000,9999.000,9999.000,9999.000
202605240224,   0.190,9999.000,9999.000,9999.000,9999.000,9999.000,9999.000,9999.000,9999.000
202605240230,   0.183,9999.000,9999.000,9999.000,9999.000,9999.000,9999.000,9999.000,9999.000
202605240236,   0.177,9999.000,9999.000,9999.000,9999.000,9999.000,9999.000,9999.000,9999.000
202605240242,   0.171,9999.000,9999.000,9999.000,9999.000,9999.000,9999.000,9999.000,9999.000
202605240248,   0.165,9999.000,9999.000,9999.000,9999.000,9999.000,9999.000,9999.000,9999.000
202605240254,   0.159,9999.000,9999.000,9999.000,9999.000,9999.000,9999.000,9999.000,9999.000
202605240300,   0.153,9999.000,   0.400,   0.399,   0.952,   0.300,   0.852,   0.500,   1.052
202605240306,   0.147,9999.000,9999.000,9999.000,9999.000,9999.000,9999.000,9999.000,9999.000
202605240312,   0.142,9999.000,9999.000,9999.000,9999.000,9999.000,9999.000,9999.000,9999.000
202605240318,   0.136,9999.000,9999.000,9999.000,9999.000,9999.000,9999.000,9999.000,9999.000
202605240324,   0.130,9999.000,9999.000,9999.000,9999.000,9999.000,9999.000,9999.000,9999.000
202605240330,   0.125,9999.000,9999.000,9999.000,9999.000,9999.000,9999.000,9999.000,9999.000
202605240336,   0.120,9999.000,9999.000,9999.000,9999.000,9999.000,9999.000,9999.000,9999.000
202605240342,   0.115,9999.000,9999.000,9999.000,9999.000,9999.000,9999.000,9999.000,9999.000
202605240348,   0.110,9999.000,9999.000,9999.000,9999.000,9999.000,9999.000,9999.000,9999.000
202605240354,   0.105,9999.000,9999.000,9999.000,9999.000,9999.000,9999.000,9999.000,9999.000
202605240400,   0.101,9999.000,   0.400,   0.399,   0.900,   0.300,   0.800,   0.600,   1.100
202605240406,   0.097,9999.000,9999.000,9999.000,9999.000,9999.000,9999.000,9999.000,9999.000
202605240412,   0.093,9999.000,9999.000,9999.000,9999.000,9999.000,9999.000,9999.000,9999.000
202605240418,   0.089,9999.000,9999.000,9999.000,9999.000,9999.000,9999.000,9999.000,9999.000
202605240424,   0.085,9999.000,9999.000,9999.000,9999.000,9999.000,9999.000,9999.000,9999.000
202605240430,   0.082,9999.000,9999.000,9999.000,9999.000,9999.000,9999.000,9999.000,9999.000
202605240436,   0.080,9999.000,9999.000,9999.000,9999.000,9999.000,9999.000,9999.000,9999.000
202605240442,   0.077,9999.000,9999.000,9999.000,9999.000,9999.000,9999.000,9999.000,9999.000
202605240448,   0.075,9999.000,9999.000,9999.000,9999.000,9999.000,9999.000,9999.000,9999.000
202605240454,   0.074,9999.000,9999.000,9999.000,9999.000,9999.000,9999.000,9999.000,9999.000
202605240500,   0.072,9999.000,   0.400,   0.399,   0.871,   0.300,   0.771,   0.600,   1.071
202605240506,   0.072,9999.000,9999.000,9999.000,9999.000,9999.000,9999.000,9999.000,9999.000
202605240512,   0.071,9999.000,9999.000,9999.000,9999.000,9999.000,9999.000,9999.000,9999.000
202605240518,   0.071,9999.000,9999.000,9999.000,9999.000,9999.000,9999.000,9999.000,9999.000
202605240524,   0.072,9999.000,9999.000,9999.000,9999.000,9999.000,9999.000,9999.000,9999.000
202605240530,   0.073,9999.000,9999.000,9999.000,9999.000,9999.000,9999.000,9999.000,9999.000
202605240536,   0.075,9999.000,9999.000,9999.000,9999.000,9999.000,9999.000,9999.000,9999.000
202605240542,   0.077,9999.000,9999.000,9999.000,9999.000,9999.000,9999.000,9999.000,9999.000
202605240548,   0.080,9999.000,9999.000,9999.000,9999.000,9999.000,9999.000,9999.000,9999.000
202605240554,   0.083,9999.000,9999.000,9999.000,9999.000,9999.000,9999.000,9999.000,9999.000
202605240600,   0.086,9999.000,   0.400,   0.399,   0.885,   0.300,   0.785,   0.600,   1.085
202605240606,   0.090,9999.000,9999.000,9999.000,9999.000,9999.000,9999.000,9999.000,9999.000
202605240612,   0.095,9999.000,9999.000,9999.000,9999.000,9999.000,9999.000,9999.000,9999.000
202605240618,   0.100,9999.000,9999.000,9999.000,9999.000,9999.000,9999.000,9999.000,9999.000
202605240624,   0.105,9999.000,9999.000,9999.000,9999.000,9999.000,9999.000,9999.000,9999.000
202605240630,   0.111,9999.000,9999.000,9999.000,9999.000,9999.000,9999.000,9999.000,9999.000
202605240636,   0.117,9999.000,9999.000,9999.000,9999.000,9999.000,9999.000,9999.000,9999.000
202605240642,   0.124,9999.000,9999.000,9999.000,9999.000,9999.000,9999.000,9999.000,9999.000
202605240648,   0.131,9999.000,9999.000,9999.000,9999.000,9999.000,9999.000,9999.000,9999.000
202605240654,   0.138,9999.000,9999.000,9999.000,9999.000,9999.000,9999.000,9999.000,9999.000
202605240700,   0.145,9999.000,   0.500,   0.399,   1.044,   0.300,   0.844,   0.600,   1.144
202605240706,   0.153,9999.000,9999.000,9999.000,9999.000,9999.000,9999.000,9999.000,9999.000
202605240712,   0.160,9999.000,9999.000,9999.000,9999.000,9999.000,9999.000,9999.000,9999.000
202605240718,   0.168,9999.000,9999.000,9999.000,9999.000,9999.000,9999.000,9999.000,9999.000
202605240724,   0.176,9999.000,9999.000,9999.000,9999.000,9999.000,9999.000,9999.000,9999.000
202605240730,   0.184,9999.000,9999.000,9999.000,9999.000,9999.000,9999.000,9999.000,9999.000
202605240736,   0.193,9999.000,9999.000,9999.000,9999.000,9999.000,9999.000,9999.000,9999.000
202605240742,   0.201,9999.000,9999.000,9999.000,9999.000,9999.000,9999.000,9999.000,9999.000
202605240748,   0.209,9999.000,9999.000,9999.000,9999.000,9999.000,9999.000,9999.000,9999.000
202605240754,   0.218,9999.000,9999.000,9999.000,9999.000,9999.000,9999.000,9999.000,9999.000
202605240800,   0.226,9999.000,   0.500,   0.399,   1.125,   0.300,   0.925,   0.600,   1.225
202605240806,   0.235,9999.000,9999.000,9999.000,9999.000,9999.000,9999.000,9999.000,9999.000
202605240812,   0.243,9999.000,9999.000,9999.000,9999.000,9999.000,9999.000,9999.000,9999.000
202605240818,   0.251,9999.000,9999.000,9999.000,9999.000,9999.000,9999.000,9999.000,9999.000
202605240824,   0.259,9999.000,9999.000,9999.000,9999.000,9999.000,9999.000,9999.000,9999.000
202605240830,   0.268,9999.000,9999.000,9999.000,9999.000,9999.000,9999.000,9999.000,9999.000
202605240836,   0.276,9999.000,9999.000,9999.000,9999.000,9999.000,9999.000,9999.000,9999.000
202605240842,   0.284,9999.000,9999.000,9999.000,9999.000,9999.000,9999.000,9999.000,9999.000
202605240848,   0.291,9999.000,9999.000,9999.000,9999.000,9999.000,9999.000,9999.000,9999.000
202605240854,   0.299,9999.000,9999.000,9999.000,9999.000,9999.000,9999.000,9999.000,9999.000
202605240900,   0.307,9999.000,   0.500,   0.399,   1.206,   0.300,   1.006,   0.600,   1.306
202605240906,   0.314,9999.000,9999.000,9999.000,9999.000,9999.000,9999.000,9999.000,9999.000
202605240912,   0.321,9999.000,9999.000,9999.000,9999.000,9999.000,9999.000,9999.000,9999.000
202605240918,   0.328,9999.000,9999.000,9999.000,9999.000,9999.000,9999.000,9999.000,9999.000
202605240924,   0.334,9999.000,9999.000,9999.000,9999.000,9999.000,9999.000,9999.000,9999.000
202605240930,   0.341,9999.000,9999.000,9999.000,9999.000,9999.000,9999.000,9999.000,9999.000
202605240936,   0.347,9999.000,9999.000,9999.000,9999.000,9999.000,9999.000,9999.000,9999.000
202605240942,   0.352,9999.000,9999.000,9999.000,9999.000,9999.000,9999.000,9999.000,9999.000
202605240948,   0.357,9999.000,9999.000,9999.000,9999.000,9999.000,9999.000,9999.000,9999.000
202605240954,   0.362,9999.000,9999.000,9999.000,9999.000,9999.000,9999.000,9999.000,9999.000
202605241000,   0.367,9999.000,   0.500,   0.399,   1.266,   0.300,   1.066,   0.600,   1.366
202605241006,   0.370,9999.000,9999.000,9999.000,9999.000,9999.000,9999.000,9999.000,9999.000
202605241012,   0.374,9999.000,9999.000,9999.000,9999.000,9999.000,9999.000,9999.000,9999.000
202605241018,   0.377,9999.000,9999.000,9999.000,9999.000,9999.000,9999.000,9999.000,9999.000
202605241024,   0.379,9999.000,9999.000,9999.000,9999.000,9999.000,9999.000,9999.000,9999.000
202605241030,   0.381,9999.000,9999.000,9999.000,9999.000,9999.000,9999.000,9999.000,9999.000
202605241036,   0.383,9999.000,9999.000,9999.000,9999.000,9999.000,9999.000,9999.000,9999.000
202605241042,   0.384,9999.000,9999.000,9999.000,9999.000,9999.000,9999.000,9999.000,9999.000
202605241048,   0.384,9999.000,9999.000,9999.000,9999.000,9999.000,9999.000,9999.000,9999.000
202605241054,   0.384,9999.000,9999.000,9999.000,9999.000,9999.000,9999.000,9999.000,9999.000
202605241100,   0.383,9999.000,   0.500,   0.399,   1.282,   0.300,   1.082,   0.600,   1.382
202605241106,   0.382,9999.000,9999.000,9999.000,9999.000,9999.000,9999.000,9999.000,9999.000
202605241112,   0.381,9999.000,9999.000,9999.000,9999.000,9999.000,9999.000,9999.000,9999.000
202605241118,   0.379,9999.000,9999.000,9999.000,9999.000,9999.000,9999.000,9999.000,9999.000
202605241124,   0.376,9999.000,9999.000,9999.000,9999.000,9999.000,9999.000,9999.000,9999.000
202605241130,   0.373,9999.000,9999.000,9999.000,9999.000,9999.000,9999.000,9999.000,9999.000
202605241136,   0.370,9999.000,9999.000,9999.000,9999.000,9999.000,9999.000,9999.000,9999.000
202605241142,   0.366,9999.000,9999.000,9999.000,9999.000,9999.000,9999.000,9999.000,9999.000
202605241148,   0.362,9999.000,9999.000,9999.000,9999.000,9999.000,9999.000,9999.000,9999.000
202605241154,   0.358,9999.000,9999.000,9999.000,9999.000,9999.000,9999.000,9999.000,9999.000
202605241200,   0.353,9999.000,   0.500,   0.399,   1.252,   0.400,   1.152,   0.600,   1.352
202605241206,   0.348,9999.000,9999.000,9999.000,9999.000,9999.000,9999.000,9999.000,9999.000
202605241212,   0.343,9999.000,9999.000,9999.000,9999.000,9999.000,9999.000,9999.000,9999.000
202605241218,   0.337,9999.000,9999.000,9999.000,9999.000,9999.000,9999.000,9999.000,9999.000
202605241224,   0.331,9999.000,9999.000,9999.000,9999.000,9999.000,9999.000,9999.000,9999.000
202605241230,   0.325,9999.000,9999.000,9999.000,9999.000,9999.000,9999.000,9999.000,9999.000
202605241236,   0.319,9999.000,9999.000,9999.000,9999.000,9999.000,9999.000,9999.000,9999.000
202605241242,   0.313,9999.000,9999.000,9999.000,9999.000,9999.000,9999.000,9999.000,9999.000
202605241248,   0.306,9999.000,9999.000,9999.000,9999.000,9999.000,9999.000,9999.000,9999.000
202605241254,   0.300,9999.000,9999.000,9999.000,9999.000,9999.000,9999.000,9999.000,9999.000
202605241300,   0.293,9999.000,   0.500,   0.399,   1.192,   0.400,   1.092,   0.600,   1.292
202605241306,   0.286,9999.000,9999.000,9999.000,9999.000,9999.000,9999.000,9999.000,9999.000
202605241312,   0.279,9999.000,9999.000,9999.000,9999.000,9999.000,9999.000,9999.000,9999.000
202605241318,   0.273,9999.000,9999.000,9999.000,9999.000,9999.000,9999.000,9999.000,9999.000
202605241324,   0.266,9999.000,9999.000,9999.000,9999.000,9999.000,9999.000,9999.000,9999.000
202605241330,   0.259,9999.000,9999.000,9999.000,9999.000,9999.000,9999.000,9999.000,9999.000
202605241336,   0.252,9999.000,9999.000,9999.000,9999.000,9999.000,9999.000,9999.000,9999.000
202605241342,   0.245,9999.000,9999.000,9999.000,9999.000,9999.000,9999.000,9999.000,9999.000
202605241348,   0.238,9999.000,9999.000,9999.000,9999.000,9999.000,9999.000,9999.000,9999.000
202605241354,   0.232,9999.000,9999.000,9999.000,9999.000,9999.000,9999.000,9999.000,9999.000
202605241400,   0.225,9999.000,   0.500,   0.399,   1.124,   0.400,   1.024,   0.600,   1.224
202605241406,   0.218,9999.000,9999.000,9999.000,9999.000,9999.000,9999.000,9999.000,9999.000
202605241412,   0.211,9999.000,9999.000,9999.000,9999.000,9999.000,9999.000,9999.000,9999.000
202605241418,   0.204,9999.000,9999.000,9999.000,9999.000,9999.000,9999.000,9999.000,9999.000
202605241424,   0.198,9999.000,9999.000,9999.000,9999.000,9999.000,9999.000,9999.000,9999.000
202605241430,   0.191,9999.000,9999.000,9999.000,9999.000,9999.000,9999.000,9999.000,9999.000
202605241436,   0.184,9999.000,9999.000,9999.000,9999.000,9999.000,9999.000,9999.000,9999.000
202605241442,   0.178,9999.000,9999.000,9999.000,9999.000,9999.000,9999.000,9999.000,9999.000
202605241448,   0.171,9999.000,9999.000,9999.000,9999.000,9999.000,9999.000,9999.000,9999.000
202605241454,   0.164,9999.000,9999.000,9999.000,9999.000,9999.000,9999.000,9999.000,9999.000
202605241500,   0.158,9999.000,   0.500,   0.399,   1.057,   0.400,   0.957,   0.600,   1.157
202605241506,   0.151,9999.000,9999.000,9999.000,9999.000,9999.000,9999.000,9999.000,9999.000
202605241512,   0.144,9999.000,9999.000,9999.000,9999.000,9999.000,9999.000,9999.000,9999.000
202605241518,   0.138,9999.000,9999.000,9999.000,9999.000,9999.000,9999.000,9999.000,9999.000
202605241524,   0.131,9999.000,9999.000,9999.000,9999.000,9999.000,9999.000,9999.000,9999.000
202605241530,   0.125,9999.000,9999.000,9999.000,9999.000,9999.000,9999.000,9999.000,9999.000
202605241536,   0.119,9999.000,9999.000,9999.000,9999.000,9999.000,9999.000,9999.000,9999.000
202605241542,   0.112,9999.000,9999.000,9999.000,9999.000,9999.000,9999.000,9999.000,9999.000
202605241548,   0.106,9999.000,9999.000,9999.000,9999.000,9999.000,9999.000,9999.000,9999.000
202605241554,   0.100,9999.000,9999.000,9999.000,9999.000,9999.000,9999.000,9999.000,9999.000
202605241600,   0.094,9999.000,   0.500,   0.399,   0.993,   0.400,   0.893,   0.600,   1.093
202605241606,   0.088,9999.000,9999.000,9999.000,9999.000,9999.000,9999.000,9999.000,9999.000
202605241612,   0.082,9999.000,9999.000,9999.000,9999.000,9999.000,9999.000,9999.000,9999.000
202605241618,   0.076,9999.000,9999.000,9999.000,9999.000,9999.000,9999.000,9999.000,9999.000
202605241624,   0.071,9999.000,9999.000,9999.000,9999.000,9999.000,9999.000,9999.000,9999.000
202605241630,   0.066,9999.000,9999.000,9999.000,9999.000,9999.000,9999.000,9999.000,9999.000
202605241636,   0.061,9999.000,9999.000,9999.000,9999.000,9999.000,9999.000,9999.000,9999.000
202605241642,   0.056,9999.000,9999.000,9999.000,9999.000,9999.000,9999.000,9999.000,9999.000
202605241648,   0.051,9999.000,9999.000,9999.000,9999.000,9999.000,9999.000,9999.000,9999.000
202605241654,   0.047,9999.000,9999.000,9999.000,9999.000,9999.000,9999.000,9999.000,9999.000
202605241700,   0.043,9999.000,   0.500,   0.399,   0.942,   0.400,   0.842,   0.600,   1.042
202605241706,   0.040,9999.000,9999.000,9999.000,9999.000,9999.000,9999.000,9999.000,9999.000
202605241712,   0.036,9999.000,9999.000,9999.000,9999.000,9999.000,9999.000,9999.000,9999.000
202605241718,   0.034,9999.000,9999.000,9999.000,9999.000,9999.000,9999.000,9999.000,9999.000
202605241724,   0.031,9999.000,9999.000,9999.000,9999.000,9999.000,9999.000,9999.000,9999.000
202605241730,   0.029,9999.000,9999.000,9999.000,9999.000,9999.000,9999.000,9999.000,9999.000
202605241736,   0.028,9999.000,9999.000,9999.000,9999.000,9999.000,9999.000,9999.000,9999.000
202605241742,   0.027,9999.000,9999.000,9999.000,9999.000,9999.000,9999.000,9999.000,9999.000
202605241748,   0.026,9999.000,9999.000,9999.000,9999.000,9999.000,9999.000,9999.000,9999.000
202605241754,   0.026,9999.000,9999.000,9999.000,9999.000,9999.000,9999.000,9999.000,9999.000
202605241800,   0.027,9999.000,   0.500,   0.399,   0.926,   0.400,   0.826,   0.600,   1.026
202605241806,   0.028,9999.000,9999.000,9999.000,9999.000,9999.000,9999.000,9999.000,9999.000
202605241812,   0.030,9999.000,9999.000,9999.000,9999.000,9999.000,9999.000,9999.000,9999.000
202605241818,   0.032,9999.000,9999.000,9999.000,9999.000,9999.000,9999.000,9999.000,9999.000
202605241824,   0.035,9999.000,9999.000,9999.000,9999.000,9999.000,9999.000,9999.000,9999.000
202605241830,   0.038,9999.000,9999.000,9999.000,9999.000,9999.000,9999.000,9999.000,9999.000
202605241836,   0.041,9999.000,9999.000,9999.000,9999.000,9999.000,9999.000,9999.000,9999.000
202605241842,   0.046,9999.000,9999.000,9999.000,9999.000,9999.000,9999.000,9999.000,9999.000
202605241848,   0.051,9999.000,9999.000,9999.000,9999.000,9999.000,9999.000,9999.000,9999.000
202605241854,   0.056,9999.000,9999.000,9999.000,9999.000,9999.000,9999.000,9999.000,9999.000
202605241900,   0.062,9999.000,   0.500,   0.399,   0.961,   0.400,   0.861,   0.600,   1.061
202605241906,   0.068,9999.000,9999.000,9999.000,9999.000,9999.000,9999.000,9999.000,9999.000
202605241912,   0.074,9999.000,9999.000,9999.000,9999.000,9999.000,9999.000,9999.000,9999.000
202605241918,   0.081,9999.000,9999.000,9999.000,9999.000,9999.000,9999.000,9999.000,9999.000
202605241924,   0.089,9999.000,9999.000,9999.000,9999.000,9999.000,9999.000,9999.000,9999.000
202605241930,   0.096,9999.000,9999.000,9999.000,9999.000,9999.000,9999.000,9999.000,9999.000
202605241936,   0.104,9999.000,9999.000,9999.000,9999.000,9999.000,9999.000,9999.000,9999.000
202605241942,   0.113,9999.000,9999.000,9999.000,9999.000,9999.000,9999.000,9999.000,9999.000
202605241948,   0.121,9999.000,9999.000,9999.000,9999.000,9999.000,9999.000,9999.000,9999.000
202605241954,   0.130,9999.000,9999.000,9999.000,9999.000,9999.000,9999.000,9999.000,9999.000
202605242000,   0.139,9999.000,   0.500,   0.399,   1.038,   0.400,   0.938,   0.600,   1.138
202605242006,   0.148,9999.000,9999.000,9999.000,9999.000,9999.000,9999.000,9999.000,9999.000
202605242012,   0.158,9999.000,9999.000,9999.000,9999.000,9999.000,9999.000,9999.000,9999.000
202605242018,   0.167,9999.000,9999.000,9999.000,9999.000,9999.000,9999.000,9999.000,9999.000
202605242024,   0.177,9999.000,9999.000,9999.000,9999.000,9999.000,9999.000,9999.000,9999.000
202605242030,   0.187,9999.000,9999.000,9999.000,9999.000,9999.000,9999.000,9999.000,9999.000
202605242036,   0.197,9999.000,9999.000,9999.000,9999.000,9999.000,9999.000,9999.000,9999.000
202605242042,   0.207,9999.000,9999.000,9999.000,9999.000,9999.000,9999.000,9999.000,9999.000
202605242048,   0.217,9999.000,9999.000,9999.000,9999.000,9999.000,9999.000,9999.000,9999.000
202605242054,   0.227,9999.000,9999.000,9999.000,9999.000,9999.000,9999.000,9999.000,9999.000
202605242100,   0.236,9999.000,   0.500,   0.399,   1.135,   0.300,   0.935,   0.600,   1.235
202605242106,   0.246,9999.000,9999.000,9999.000,9999.000,9999.000,9999.000,9999.000,9999.000
202605242112,   0.256,9999.000,9999.000,9999.000,9999.000,9999.000,9999.000,9999.000,9999.000
202605242118,   0.266,9999.000,9999.000,9999.000,9999.000,9999.000,9999.000,9999.000,9999.000
202605242124,   0.275,9999.000,9999.000,9999.000,9999.000,9999.000,9999.000,9999.000,9999.000
202605242130,   0.285,9999.000,9999.000,9999.000,9999.000,9999.000,9999.000,9999.000,9999.000
202605242136,   0.294,9999.000,9999.000,9999.000,9999.000,9999.000,9999.000,9999.000,9999.000
202605242142,   0.303,9999.000,9999.000,9999.000,9999.000,9999.000,9999.000,9999.000,9999.000
202605242148,   0.312,9999.000,9999.000,9999.000,9999.000,9999.000,9999.000,9999.000,9999.000
202605242154,   0.320,9999.000,9999.000,9999.000,9999.000,9999.000,9999.000,9999.000,9999.000
202605242200,   0.328,9999.000,   0.500,   0.399,   1.227,   0.300,   1.027,   0.600,   1.327
202605242206,   0.336,9999.000,9999.000,9999.000,9999.000,9999.000,9999.000,9999.000,9999.000
202605242212,   0.344,9999.000,9999.000,9999.000,9999.000,9999.000,9999.000,9999.000,9999.000
202605242218,   0.351,9999.000,9999.000,9999.000,9999.000,9999.000,9999.000,9999.000,9999.000
202605242224,   0.357,9999.000,9999.000,9999.000,9999.000,9999.000,9999.000,9999.000,9999.000
202605242230,   0.363,9999.000,9999.000,9999.000,9999.000,9999.000,9999.000,9999.000,9999.000
202605242236,   0.369,9999.000,9999.000,9999.000,9999.000,9999.000,9999.000,9999.000,9999.000
202605242242,   0.374,9999.000,9999.000,9999.000,9999.000,9999.000,9999.000,9999.000,9999.000
202605242248,   0.378,9999.000,9999.000,9999.000,9999.000,9999.000,9999.000,9999.000,9999.000
202605242254,   0.382,9999.000,9999.000,9999.000,9999.000,9999.000,9999.000,9999.000,9999.000
202605242300,   0.386,9999.000,   0.500,   0.399,   1.285,   0.300,   1.085,   0.600,   1.385
202605242306,   0.388,9999.000,9999.000,9999.000,9999.000,9999.000,9999.000,9999.000,9999.000
202605242312,   0.391,9999.000,9999.000,9999.000,9999.000,9999.000,9999.000,9999.000,9999.000
202605242318,   0.392,9999.000,9999.000,9999.000,9999.000,9999.000,9999.000,9999.000,9999.000
202605242324,   0.393,9999.000,9999.000,9999.000,9999.000,9999.000,9999.000,9999.000,9999.000
202605242330,   0.394,9999.000,9999.000,9999.000,9999.000,9999.000,9999.000,9999.000,9999.000
202605242336,   0.394,9999.000,9999.000,9999.000,9999.000,9999.000,9999.000,9999.000,9999.000
202605242342,   0.393,9999.000,9999.000,9999.000,9999.000,9999.000,9999.000,9999.000,9999.000
202605242348,   0.392,9999.000,9999.000,9999.000,9999.000,9999.000,9999.000,9999.000,9999.000
202605242354,   0.391,9999.000,9999.000,9999.000,9999.000,9999.000,9999.000,9999.000,9999.000
202605250000,   0.389,9999.000,   0.500,   0.399,   1.288,   0.300,   1.088,   0.600,   1.388
202605250006,   0.386,9999.000,9999.000,9999.000,9999.000,9999.000,9999.000,9999.000,9999.000
202605250012,   0.384,9999.000,9999.000,9999.000,9999.000,9999.000,9999.000,9999.000,9999.000
202605250018,   0.380,9999.000,9999.000,9999.000,9999.000,9999.000,9999.000,9999.000,9999.000
202605250024,   0.377,9999.000,9999.000,9999.000,9999.000,9999.000,9999.000,9999.000,9999.000
202605250030,   0.373,9999.000,9999.000,9999.000,9999.000,9999.000,9999.000,9999.000,9999.000
202605250036,   0.369,9999.000,9999.000,9999.000,9999.000,9999.000,9999.000,9999.000,9999.000
202605250042,   0.364,9999.000,9999.000,9999.000,9999.000,9999.000,9999.000,9999.000,9999.000
202605250048,   0.359,9999.000,9999.000,9999.000,9999.000,9999.000,9999.000,9999.000,9999.000
202605250054,   0.354,9999.000,9999.000,9999.000,9999.000,9999.000,9999.000,9999.000,9999.000
202605250100,   0.349,9999.000,   0.400,   0.399,   1.148,   0.300,   1.048,   0.600,   1.348
202605250106,   0.344,9999.000,9999.000,9999.000,9999.000,9999.000,9999.000,9999.000,9999.000
202605250112,   0.338,9999.000,9999.000,9999.000,9999.000,9999.000,9999.000,9999.000,9999.000
202605250118,   0.332,9999.000,9999.000,9999.000,9999.000,9999.000,9999.000,9999.000,9999.000
202605250124,   0.326,9999.000,9999.000,9999.000,9999.000,9999.000,9999.000,9999.000,9999.000
202605250130,   0.321,9999.000,9999.000,9999.000,9999.000,9999.000,9999.000,9999.000,9999.000
202605250136,   0.314,9999.000,9999.000,9999.000,9999.000,9999.000,9999.000,9999.000,9999.000
202605250142,   0.308,9999.000,9999.000,9999.000,9999.000,9999.000,9999.000,9999.000,9999.000
202605250148,   0.302,9999.000,9999.000,9999.000,9999.000,9999.000,9999.000,9999.000,9999.000
202605250154,   0.296,9999.000,9999.000,9999.000,9999.000,9999.000,9999.000,9999.000,9999.000
202605250200,   0.290,9999.000,   0.400,   0.399,   1.089,   0.300,   0.989,   0.600,   1.289
202605250206,   0.283,9999.000,9999.000,9999.000,9999.000,9999.000,9999.000,9999.000,9999.000
202605250212,   0.277,9999.000,9999.000,9999.000,9999.000,9999.000,9999.000,9999.000,9999.000
202605250218,   0.271,9999.000,9999.000,9999.000,9999.000,9999.000,9999.000,9999.000,9999.000
202605250224,   0.264,9999.000,9999.000,9999.000,9999.000,9999.000,9999.000,9999.000,9999.000
202605250230,   0.258,9999.000,9999.000,9999.000,9999.000,9999.000,9999.000,9999.000,9999.000
202605250236,   0.252,9999.000,9999.000,9999.000,9999.000,9999.000,9999.000,9999.000,9999.000
202605250242,   0.245,9999.000,9999.000,9999.000,9999.000,9999.000,9999.000,9999.000,9999.000
202605250248,   0.239,9999.000,9999.000,9999.000,9999.000,9999.000,9999.000,9999.000,9999.000
202605250254,   0.232,9999.000,9999.000,9999.000,9999.000,9999.000,9999.000,9999.000,9999.000
202605250300,   0.226,9999.000,   0.400,   0.399,   1.025,   0.300,   0.925,   0.500,   1.125
202605250306,   0.220,9999.000,9999.000,9999.000,9999.000,9999.000,9999.000,9999.000,9999.000
202605250312,   0.213,9999.000,9999.000,9999.000,9999.000,9999.000,9999.000,9999.000,9999.000
202605250318,   0.207,9999.000,9999.000,9999.000,9999.000,9999.000,9999.000,9999.000,9999.000
202605250324,   0.200,9999.000,9999.000,9999.000,9999.000,9999.000,9999.000,9999.000,9999.000
202605250330,   0.194,9999.000,9999.000,9999.000,9999.000,9999.000,9999.000,9999.000,9999.000
202605250336,   0.188,9999.000,9999.000,9999.000,9999.000,9999.000,9999.000,9999.000,9999.000
202605250342,   0.181,9999.000,9999.000,9999.000,9999.000,9999.000,9999.000,9999.000,9999.000
202605250348,   0.175,9999.000,9999.000,9999.000,9999.000,9999.000,9999.000,9999.000,9999.000
202605250354,   0.168,9999.000,9999.000,9999.000,9999.000,9999.000,9999.000,9999.000,9999.000
202605250400,   0.162,9999.000,   0.400,   0.399,   0.961,   0.300,   0.861,   0.500,   1.061
202605250406,   0.156,9999.000,9999.000,9999.000,9999.000,9999.000,9999.000,9999.000,9999.000
202605250412,   0.150,9999.000,9999.000,9999.000,9999.000,9999.000,9999.000,9999.000,9999.000
202605250418,   0.144,9999.000,9999.000,9999.000,9999.000,9999.000,9999.000,9999.000,9999.000
202605250424,   0.138,9999.000,9999.000,9999.000,9999.000,9999.000,9999.000,9999.000,9999.000
202605250430,   0.132,9999.000,9999.000,9999.000,9999.000,9999.000,9999.000,9999.000,9999.000
202605250436,   0.126,9999.000,9999.000,9999.000,9999.000,9999.000,9999.000,9999.000,9999.000
202605250442,   0.121,9999.000,9999.000,9999.000,9999.000,9999.000,9999.000,9999.000,9999.000
202605250448,   0.115,9999.000,9999.000,9999.000,9999.000,9999.000,9999.000,9999.000,9999.000
202605250454,   0.110,9999.000,9999.000,9999.000,9999.000,9999.000,9999.000,9999.000,9999.000
202605250500,   0.105,9999.000,   0.400,   0.399,   0.904,   0.300,   0.804,   0.500,   1.004
202605250506,   0.100,9999.000,9999.000,9999.000,9999.000,9999.000,9999.000,9999.000,9999.000
202605250512,   0.096,9999.000,9999.000,9999.000,9999.000,9999.000,9999.000,9999.000,9999.000
202605250518,   0.091,9999.000,9999.000,9999.000,9999.000,9999.000,9999.000,9999.000,9999.000
202605250524,   0.087,9999.000,9999.000,9999.000,9999.000,9999.000,9999.000,9999.000,9999.000
202605250530,   0.084,9999.000,9999.000,9999.000,9999.000,9999.000,9999.000,9999.000,9999.000
202605250536,   0.081,9999.000,9999.000,9999.000,9999.000,9999.000,9999.000,9999.000,9999.000
202605250542,   0.078,9999.000,9999.000,9999.000,9999.000,9999.000,9999.000,9999.000,9999.000
202605250548,   0.075,9999.000,9999.000,9999.000,9999.000,9999.000,9999.000,9999.000,9999.000
202605250554,   0.073,9999.000,9999.000,9999.000,9999.000,9999.000,9999.000,9999.000,9999.000
202605250600,   0.072,9999.000,   0.400,   0.399,   0.871,   0.200,   0.671,   0.500,   0.971
202605250606,   0.070,9999.000,9999.000,9999.000,9999.000,9999.000,9999.000,9999.000,9999.000
202605250612,   0.070,9999.000,9999.000,9999.000,9999.000,9999.000,9999.000,9999.000,9999.000
202605250618,   0.070,9999.000,9999.000,9999.000,9999.000,9999.000,9999.000,9999.000,9999.000
202605250624,   0.070,9999.000,9999.000,9999.000,9999.000,9999.000,9999.000,9999.000,9999.000
202605250630,   0.071,9999.000,9999.000,9999.000,9999.000,9999.000,9999.000,9999.000,9999.000
202605250636,   0.072,9999.000,9999.000,9999.000,9999.000,9999.000,9999.000,9999.000,9999.000
202605250642,   0.074,9999.000,9999.000,9999.000,9999.000,9999.000,9999.000,9999.000,9999.000
202605250648,   0.076,9999.000,9999.000,9999.000,9999.000,9999.000,9999.000,9999.000,9999.000
202605250654,   0.079,9999.000,9999.000,9999.000,9999.000,9999.000,9999.000,9999.000,9999.000
202605250700,   0.082,9999.000,   0.300,   0.399,   0.781,   0.200,   0.681,   0.500,   0.981
202605250706,   0.086,9999.000,9999.000,9999.000,9999.000,9999.000,9999.000,9999.000,9999.000
202605250712,   0.090,9999.000,9999.000,9999.000,9999.000,9999.000,9999.000,9999.000,9999.000
202605250718,   0.095,9999.000,9999.000,9999.000,9999.000,9999.000,9999.000,9999.000,9999.000
202605250724,   0.100,9999.000,9999.000,9999.000,9999.000,9999.000,9999.000,9999.000,9999.000
202605250730,   0.106,9999.000,9999.000,9999.000,9999.000,9999.000,9999.000,9999.000,9999.000
202605250736,   0.112,9999.000,9999.000,9999.000,9999.000,9999.000,9999.000,9999.000,9999.000
202605250742,   0.118,9999.000,9999.000,9999.000,9999.000,9999.000,9999.000,9999.000,9999.000
202605250748,   0.125,9999.000,9999.000,9999.000,9999.000,9999.000,9999.000,9999.000,9999.000
202605250754,   0.132,9999.000,9999.000,9999.000,9999.000,9999.000,9999.000,9999.000,9999.000
202605250800,   0.139,9999.000,   0.300,   0.399,   0.838,   0.200,   0.738,   0.400,   0.938
202605250806,   0.146,9999.000,9999.000,9999.000,9999.000,9999.000,9999.000,9999.000,9999.000
202605250812,   0.154,9999.000,9999.000,9999.000,9999.000,9999.000,9999.000,9999.000,9999.000
202605250818,   0.162,9999.000,9999.000,9999.000,9999.000,9999.000,9999.000,9999.000,9999.000
202605250824,   0.170,9999.000,9999.000,9999.000,9999.000,9999.000,9999.000,9999.000,9999.000
202605250830,   0.178,9999.000,9999.000,9999.000,9999.000,9999.000,9999.000,9999.000,9999.000
202605250836,   0.186,9999.000,9999.000,9999.000,9999.000,9999.000,9999.000,9999.000,9999.000
202605250842,   0.194,9999.000,9999.000,9999.000,9999.000,9999.000,9999.000,9999.000,9999.000
202605250848,   0.202,9999.000,9999.000,9999.000,9999.000,9999.000,9999.000,9999.000,9999.000
202605250854,   0.211,9999.000,9999.000,9999.000,9999.000,9999.000,9999.000,9999.000,9999.000
202605250900,   0.219,9999.000,   0.300,   0.399,   0.918,   0.200,   0.818,   0.400,   1.018
202605250906,   0.227,9999.000,9999.000,9999.000,9999.000,9999.000,9999.000,9999.000,9999.000
202605250912,   0.236,9999.000,9999.000,9999.000,9999.000,9999.000,9999.000,9999.000,9999.000
202605250918,   0.244,9999.000,9999.000,9999.000,9999.000,9999.000,9999.000,9999.000,9999.000
202605250924,   0.252,9999.000,9999.000,9999.000,9999.000,9999.000,9999.000,9999.000,9999.000
202605250930,   0.260,9999.000,9999.000,9999.000,9999.000,9999.000,9999.000,9999.000,9999.000
202605250936,   0.268,9999.000,9999.000,9999.000,9999.000,9999.000,9999.000,9999.000,9999.000
202605250942,   0.276,9999.000,9999.000,9999.000,9999.000,9999.000,9999.000,9999.000,9999.000
202605250948,   0.283,9999.000,9999.000,9999.000,9999.000,9999.000,9999.000,9999.000,9999.000
202605250954,   0.291,9999.000,9999.000,9999.000,9999.000,9999.000,9999.000,9999.000,9999.000
202605251000,   0.298,9999.000,   0.300,   0.399,   0.997,   0.200,   0.897,   0.400,   1.097
202605251006,   0.305,9999.000,9999.000,9999.000,9999.000,9999.000,9999.000,9999.000,9999.000
202605251012,   0.312,9999.000,9999.000,9999.000,9999.000,9999.000,9999.000,9999.000,9999.000
202605251018,   0.318,9999.000,9999.000,9999.000,9999.000,9999.000,9999.000,9999.000,9999.000
202605251024,   0.324,9999.000,9999.000,9999.000,9999.000,9999.000,9999.000,9999.000,9999.000
202605251030,   0.330,9999.000,9999.000,9999.000,9999.000,9999.000,9999.000,9999.000,9999.000
202605251036,   0.335,9999.000,9999.000,9999.000,9999.000,9999.000,9999.000,9999.000,9999.000
202605251042,   0.340,9999.000,9999.000,9999.000,9999.000,9999.000,9999.000,9999.000,9999.000
202605251048,   0.345,9999.000,9999.000,9999.000,9999.000,9999.000,9999.000,9999.000,9999.000
202605251054,   0.349,9999.000,9999.000,9999.000,9999.000,9999.000,9999.000,9999.000,9999.000
202605251100,   0.353,9999.000,   0.300,   0.399,   1.052,   0.200,   0.952,   0.400,   1.152
202605251106,   0.356,9999.000,9999.000,9999.000,9999.000,9999.000,9999.000,9999.000,9999.000
202605251112,   0.359,9999.000,9999.000,9999.000,9999.000,9999.000,9999.000,9999.000,9999.000
202605251118,   0.362,9999.000,9999.000,9999.000,9999.000,9999.000,9999.000,9999.000,9999.000
202605251124,   0.364,9999.000,9999.000,9999.000,9999.000,9999.000,9999.000,9999.000,9999.000
202605251130,   0.365,9999.000,9999.000,9999.000,9999.000,9999.000,9999.000,9999.000,9999.000
202605251136,   0.366,9999.000,9999.000,9999.000,9999.000,9999.000,9999.000,9999.000,9999.000
202605251142,   0.366,9999.000,9999.000,9999.000,9999.000,9999.000,9999.000,9999.000,9999.000
202605251148,   0.366,9999.000,9999.000,9999.000,9999.000,9999.000,9999.000,9999.000,9999.000
202605251154,   0.366,9999.000,9999.000,9999.000,9999.000,9999.000,9999.000,9999.000,9999.000
202605251200,   0.365,9999.000,   0.200,   0.399,   0.964,   0.100,   0.864,   0.400,   1.164
202605251206,   0.364,9999.000,9999.000,9999.000,9999.000,9999.000,9999.000,9999.000,9999.000
202605251212,   0.362,9999.000,9999.000,9999.000,9999.000,9999.000,9999.000,9999.000,9999.000
202605251218,   0.360,9999.000,9999.000,9999.000,9999.000,9999.000,9999.000,9999.000,9999.000
202605251224,   0.357,9999.000,9999.000,9999.000,9999.000,9999.000,9999.000,9999.000,9999.000
202605251230,   0.354,9999.000,9999.000,9999.000,9999.000,9999.000,9999.000,9999.000,9999.000
202605251236,   0.351,9999.000,9999.000,9999.000,9999.000,9999.000,9999.000,9999.000,9999.000
202605251242,   0.347,9999.000,9999.000,9999.000,9999.000,9999.000,9999.000,9999.000,9999.000
202605251248,   0.343,9999.000,9999.000,9999.000,9999.000,9999.000,9999.000,9999.000,9999.000
202605251254,   0.339,9999.000,9999.000,9999.000,9999.000,9999.000,9999.000,9999.000,9999.000
202605251300,   0.334,9999.000,   0.200,   0.399,   0.933,   0.100,   0.833,   0.400,   1.133
202605251306,   0.330,9999.000,9999.000,9999.000,9999.000,9999.000,9999.000,9999.000,9999.000
202605251312,   0.325,9999.000,9999.000,9999.000,9999.000,9999.000,9999.000,9999.000,9999.000
202605251318,   0.320,9999.000,9999.000,9999.000,9999.000,9999.000,9999.000,9999.000,9999.000
202605251324,   0.314,9999.000,9999.000,9999.000,9999.000,9999.000,9999.000,9999.000,9999.000
202605251330,   0.309,9999.000,9999.000,9999.000,9999.000,9999.000,9999.000,9999.000,9999.000
202605251336,   0.303,9999.000,9999.000,9999.000,9999.000,9999.000,9999.000,9999.000,9999.000
202605251342,   0.297,9999.000,9999.000,9999.000,9999.000,9999.000,9999.000,9999.000,9999.000
202605251348,   0.292,9999.000,9999.000,9999.000,9999.000,9999.000,9999.000,9999.000,9999.000
202605251354,   0.286,9999.000,9999.000,9999.000,9999.000,9999.000,9999.000,9999.000,9999.000
202605251400,   0.280,9999.000,   0.200,   0.399,   0.879,   0.100,   0.779,   0.300,   0.979
202605251406,   0.274,9999.000,9999.000,9999.000,9999.000,9999.000,9999.000,9999.000,9999.000
202605251412,   0.268,9999.000,9999.000,9999.000,9999.000,9999.000,9999.000,9999.000,9999.000
202605251418,   0.261,9999.000,9999.000,9999.000,9999.000,9999.000,9999.000,9999.000,9999.000
202605251424,   0.255,9999.000,9999.000,9999.000,9999.000,9999.000,9999.000,9999.000,9999.000
202605251430,   0.249,9999.000,9999.000,9999.000,9999.000,9999.000,9999.000,9999.000,9999.000
202605251436,   0.243,9999.000,9999.000,9999.000,9999.000,9999.000,9999.000,9999.000,9999.000
202605251442,   0.236,9999.000,9999.000,9999.000,9999.000,9999.000,9999.000,9999.000,9999.000
202605251448,   0.230,9999.000,9999.000,9999.000,9999.000,9999.000,9999.000,9999.000,9999.000
202605251454,   0.224,9999.000,9999.000,9999.000,9999.000,9999.000,9999.000,9999.000,9999.000
202605251500,   0.218,9999.000,   0.200,   0.399,   0.817,   0.100,   0.717,   0.300,   0.917
202605251506,   0.211,9999.000,9999.000,9999.000,9999.000,9999.000,9999.000,9999.000,9999.000
202605251512,   0.205,9999.000,9999.000,9999.000,9999.000,9999.000,9999.000,9999.000,9999.000
202605251518,   0.199,9999.000,9999.000,9999.000,9999.000,9999.000,9999.000,9999.000,9999.000
202605251524,   0.192,9999.000,9999.000,9999.000,9999.000,9999.000,9999.000,9999.000,9999.000
202605251530,   0.186,9999.000,9999.000,9999.000,9999.000,9999.000,9999.000,9999.000,9999.000
202605251536,   0.179,9999.000,9999.000,9999.000,9999.000,9999.000,9999.000,9999.000,9999.000
202605251542,   0.173,9999.000,9999.000,9999.000,9999.000,9999.000,9999.000,9999.000,9999.000
202605251548,   0.166,9999.000,9999.000,9999.000,9999.000,9999.000,9999.000,9999.000,9999.000
202605251554,   0.160,9999.000,9999.000,9999.000,9999.000,9999.000,9999.000,9999.000,9999.000
202605251600,   0.153,9999.000,   0.200,   0.399,   0.752,   0.100,   0.652,   0.300,   0.852
202605251606,   0.147,9999.000,9999.000,9999.000,9999.000,9999.000,9999.000,9999.000,9999.000
202605251612,   0.141,9999.000,9999.000,9999.000,9999.000,9999.000,9999.000,9999.000,9999.000
202605251618,   0.134,9999.000,9999.000,9999.000,9999.000,9999.000,9999.000,9999.000,9999.000
202605251624,   0.128,9999.000,9999.000,9999.000,9999.000,9999.000,9999.000,9999.000,9999.000
202605251630,   0.121,9999.000,9999.000,9999.000,9999.000,9999.000,9999.000,9999.000,9999.000
202605251636,   0.115,9999.000,9999.000,9999.000,9999.000,9999.000,9999.000,9999.000,9999.000
202605251642,   0.109,9999.000,9999.000,9999.000,9999.000,9999.000,9999.000,9999.000,9999.000
202605251648,   0.102,9999.000,9999.000,9999.000,9999.000,9999.000,9999.000,9999.000,9999.000
202605251654,   0.096,9999.000,9999.000,9999.000,9999.000,9999.000,9999.000,9999.000,9999.000
202605251700,   0.090,9999.000,   0.200,   0.399,   0.689,   0.000,   0.489,   0.300,   0.789
202605251706,   0.084,9999.000,9999.000,9999.000,9999.000,9999.000,9999.000,9999.000,9999.000
202605251712,   0.079,9999.000,9999.000,9999.000,9999.000,9999.000,9999.000,9999.000,9999.000
202605251718,   0.073,9999.000,9999.000,9999.000,9999.000,9999.000,9999.000,9999.000,9999.000
202605251724,   0.068,9999.000,9999.000,9999.000,9999.000,9999.000,9999.000,9999.000,9999.000
202605251730,   0.063,9999.000,9999.000,9999.000,9999.000,9999.000,9999.000,9999.000,9999.000
202605251736,   0.058,9999.000,9999.000,9999.000,9999.000,9999.000,9999.000,9999.000,9999.000
202605251742,   0.053,9999.000,9999.000,9999.000,9999.000,9999.000,9999.000,9999.000,9999.000
202605251748,   0.049,9999.000,9999.000,9999.000,9999.000,9999.000,9999.000,9999.000,9999.000
202605251754,   0.045,9999.000,9999.000,9999.000,9999.000,9999.000,9999.000,9999.000,9999.000
202605251800,   0.042,9999.000,   0.100,   0.399,   0.541,   0.000,   0.441,   0.200,   0.641
202605251806,   0.039,9999.000,9999.000,9999.000,9999.000,9999.000,9999.000,9999.000,9999.000
202605251812,   0.036,9999.000,9999.000,9999.000,9999.000,9999.000,9999.000,9999.000,9999.000
202605251818,   0.034,9999.000,9999.000,9999.000,9999.000,9999.000,9999.000,9999.000,9999.000
202605251824,   0.032,9999.000,9999.000,9999.000,9999.000,9999.000,9999.000,9999.000,9999.000
202605251830,   0.030,9999.000,9999.000,9999.000,9999.000,9999.000,9999.000,9999.000,9999.000
202605251836,   0.030,9999.000,9999.000,9999.000,9999.000,9999.000,9999.000,9999.000,9999.000
202605251842,   0.029,9999.000,9999.000,9999.000,9999.000,9999.000,9999.000,9999.000,9999.000
202605251848,   0.029,9999.000,9999.000,9999.000,9999.000,9999.000,9999.000,9999.000,9999.000
202605251854,   0.030,9999.000,9999.000,9999.000,9999.000,9999.000,9999.000,9999.000,9999.000
202605251900,   0.032,9999.000,   0.100,   0.399,   0.531,   0.000,   0.431,   0.200,   0.631
202605251906,   0.033,9999.000,9999.000,9999.000,9999.000,9999.000,9999.000,9999.000,9999.000
202605251912,   0.036,9999.000,9999.000,9999.000,9999.000,9999.000,9999.000,9999.000,9999.000
202605251918,   0.039,9999.000,9999.000,9999.000,9999.000,9999.000,9999.000,9999.000,9999.000
202605251924,   0.042,9999.000,9999.000,9999.000,9999.000,9999.000,9999.000,9999.000,9999.000
202605251930,   0.047,9999.000,9999.000,9999.000,9999.000,9999.000,9999.000,9999.000,9999.000
202605251936,   0.051,9999.000,9999.000,9999.000,9999.000,9999.000,9999.000,9999.000,9999.000
202605251942,   0.056,9999.000,9999.000,9999.000,9999.000,9999.000,9999.000,9999.000,9999.000
202605251948,   0.062,9999.000,9999.000,9999.000,9999.000,9999.000,9999.000,9999.000,9999.000
202605251954,   0.068,9999.000,9999.000,9999.000,9999.000,9999.000,9999.000,9999.000,9999.000
202605252000,   0.075,9999.000,   0.100,   0.399,   0.574,   0.000,   0.474,   0.200,   0.674
202605252006,   0.082,9999.000,9999.000,9999.000,9999.000,9999.000,9999.000,9999.000,9999.000
202605252012,   0.089,9999.000,9999.000,9999.000,9999.000,9999.000,9999.000,9999.000,9999.000
202605252018,   0.097,9999.000,9999.000,9999.000,9999.000,9999.000,9999.000,9999.000,9999.000
202605252024,   0.105,9999.000,9999.000,9999.000,9999.000,9999.000,9999.000,9999.000,9999.000
202605252030,   0.114,9999.000,9999.000,9999.000,9999.000,9999.000,9999.000,9999.000,9999.000
202605252036,   0.123,9999.000,9999.000,9999.000,9999.000,9999.000,9999.000,9999.000,9999.000
202605252042,   0.132,9999.000,9999.000,9999.000,9999.000,9999.000,9999.000,9999.000,9999.000
202605252048,   0.141,9999.000,9999.000,9999.000,9999.000,9999.000,9999.000,9999.000,9999.000
202605252054,   0.150,9999.000,9999.000,9999.000,9999.000,9999.000,9999.000,9999.000,9999.000
202605252100,   0.160,9999.000,   0.100,   0.399,   0.659,   0.000,   0.559,   0.200,   0.759
202605252106,   0.170,9999.000,9999.000,9999.000,9999.000,9999.000,9999.000,9999.000,9999.000
202605252112,   0.179,9999.000,9999.000,9999.000,9999.000,9999.000,9999.000,9999.000,9999.000
202605252118,   0.189,9999.000,9999.000,9999.000,9999.000,9999.000,9999.000,9999.000,9999.000
202605252124,   0.199,9999.000,9999.000,9999.000,9999.000,9999.000,9999.000,9999.000,9999.000
202605252130,   0.209,9999.000,9999.000,9999.000,9999.000,9999.000,9999.000,9999.000,9999.000
202605252136,   0.220,9999.000,9999.000,9999.000,9999.000,9999.000,9999.000,9999.000,9999.000
202605252142,   0.230,9999.000,9999.000,9999.000,9999.000,9999.000,9999.000,9999.000,9999.000
202605252148,   0.240,9999.000,9999.000,9999.000,9999.000,9999.000,9999.000,9999.000,9999.000
202605252154,   0.250,9999.000,9999.000,9999.000,9999.000,9999.000,9999.000,9999.000,9999.000
202605252200,   0.259,9999.000,   0.100,   0.399,   0.758,   0.000,   0.658,   0.200,   0.858
202605252206,   0.269,9999.000,9999.000,9999.000,9999.000,9999.000,9999.000,9999.000,9999.000
202605252212,   0.279,9999.000,9999.000,9999.000,9999.000,9999.000,9999.000,9999.000,9999.000
202605252218,   0.288,9999.000,9999.000,9999.000,9999.000,9999.000,9999.000,9999.000,9999.000
202605252224,   0.297,9999.000,9999.000,9999.000,9999.000,9999.000,9999.000,9999.000,9999.000
202605252230,   0.306,9999.000,9999.000,9999.000,9999.000,9999.000,9999.000,9999.000,9999.000
202605252236,   0.315,9999.000,9999.000,9999.000,9999.000,9999.000,9999.000,9999.000,9999.000
202605252242,   0.324,9999.000,9999.000,9999.000,9999.000,9999.000,9999.000,9999.000,9999.000
202605252248,   0.332,9999.000,9999.000,9999.000,9999.000,9999.000,9999.000,9999.000,9999.000
202605252254,   0.340,9999.000,9999.000,9999.000,9999.000,9999.000,9999.000,9999.000,9999.000
202605252300,   0.347,9999.000,   0.100,   0.399,   0.846,   0.000,   0.746,   0.200,   0.946
202605252306,   0.354,9999.000,9999.000,9999.000,9999.000,9999.000,9999.000,9999.000,9999.000
202605252312,   0.361,9999.000,9999.000,9999.000,9999.000,9999.000,9999.000,9999.000,9999.000
202605252318,   0.367,9999.000,9999.000,9999.000,9999.000,9999.000,9999.000,9999.000,9999.000
202605252324,   0.373,9999.000,9999.000,9999.000,9999.000,9999.000,9999.000,9999.000,9999.000
202605252330,   0.378,9999.000,9999.000,9999.000,9999.000,9999.000,9999.000,9999.000,9999.000
202605252336,   0.383,9999.000,9999.000,9999.000,9999.000,9999.000,9999.000,9999.000,9999.000
202605252342,   0.387,9999.000,9999.000,9999.000,9999.000,9999.000,9999.000,9999.000,9999.000
202605252348,   0.391,9999.000,9999.000,9999.000,9999.000,9999.000,9999.000,9999.000,9999.000
202605252354,   0.394,9999.000,9999.000,9999.000,9999.000,9999.000,9999.000,9999.000,9999.000
202605260000,   0.396,9999.000,   0.100,   0.399,   0.895,   0.000,   0.795,   0.200,   0.995
202605260006,   0.398,9999.000,9999.000,9999.000,9999.000,9999.000,9999.000,9999.000,9999.000
202605260012,   0.400,9999.000,9999.000,9999.000,9999.000,9999.000,9999.000,9999.000,9999.000
202605260018,   0.401,9999.000,9999.000,9999.000,9999.000,9999.000,9999.000,9999.000,9999.000
202605260024,   0.401,9999.000,9999.000,9999.000,9999.000,9999.000,9999.000,9999.000,9999.000
202605260030,   0.401,9999.000,9999.000,9999.000,9999.000,9999.000,9999.000,9999.000,9999.000
202605260036,   0.401,9999.000,9999.000,9999.000,9999.000,9999.000,9999.000,9999.000,9999.000
202605260042,   0.400,9999.000,9999.000,9999.000,9999.000,9999.000,9999.000,9999.000,9999.000
202605260048,   0.399,9999.000,9999.000,9999.000,9999.000,9999.000,9999.000,9999.000,9999.000
202605260054,   0.397,9999.000,9999.000,9999.000,9999.000,9999.000,9999.000,9999.000,9999.000
202605260100,   0.394,9999.000,   0.100,   0.399,   0.893,   0.000,   0.793,   0.100,   0.893
202605260106,   0.392,9999.000,9999.000,9999.000,9999.000,9999.000,9999.000,9999.000,9999.000
202605260112,   0.389,9999.000,9999.000,9999.000,9999.000,9999.000,9999.000,9999.000,9999.000
202605260118,   0.385,9999.000,9999.000,9999.000,9999.000,9999.000,9999.000,9999.000,9999.000
202605260124,   0.382,9999.000,9999.000,9999.000,9999.000,9999.000,9999.000,9999.000,9999.000
202605260130,   0.378,9999.000,9999.000,9999.000,9999.000,9999.000,9999.000,9999.000,9999.000
202605260136,   0.373,9999.000,9999.000,9999.000,9999.000,9999.000,9999.000,9999.000,9999.000
202605260142,   0.369,9999.000,9999.000,9999.000,9999.000,9999.000,9999.000,9999.000,9999.000
202605260148,   0.364,9999.000,9999.000,9999.000,9999.000,9999.000,9999.000,9999.000,9999.000
202605260154,   0.359,9999.000,9999.000,9999.000,9999.000,9999.000,9999.000,9999.000,9999.000
202605260200,   0.354,9999.000,   0.100,   0.399,   0.853,   0.000,   0.753,   0.100,   0.853
202605260206,   0.348,9999.000,9999.000,9999.000,9999.000,9999.000,9999.000,9999.000,9999.000
202605260212,   0.343,9999.000,9999.000,9999.000,9999.000,9999.000,9999.000,9999.000,9999.000
202605260218,   0.337,9999.000,9999.000,9999.000,9999.000,9999.000,9999.000,9999.000,9999.000
202605260224,   0.331,9999.000,9999.000,9999.000,9999.000,9999.000,9999.000,9999.000,9999.000
202605260230,   0.325,9999.000,9999.000,9999.000,9999.000,9999.000,9999.000,9999.000,9999.000
202605260236,   0.319,9999.000,9999.000,9999.000,9999.000,9999.000,9999.000,9999.000,9999.000
202605260242,   0.313,9999.000,9999.000,9999.000,9999.000,9999.000,9999.000,9999.000,9999.000
202605260248,   0.307,9999.000,9999.000,9999.000,9999.000,9999.000,9999.000,9999.000,9999.000
202605260254,   0.301,9999.000,9999.000,9999.000,9999.000,9999.000,9999.000,9999.000,9999.000
202605260300,   0.294,9999.000,   0.100,   0.399,   0.793,   0.000,   0.693,   0.100,   0.793
202605260306,   0.288,9999.000,9999.000,9999.000,9999.000,9999.000,9999.000,9999.000,9999.000
202605260312,   0.282,9999.000,9999.000,9999.000,9999.000,9999.000,9999.000,9999.000,9999.000
202605260318,   0.275,9999.000,9999.000,9999.000,9999.000,9999.000,9999.000,9999.000,9999.000
202605260324,   0.268,9999.000,9999.000,9999.000,9999.000,9999.000,9999.000,9999.000,9999.000
202605260330,   0.262,9999.000,9999.000,9999.000,9999.000,9999.000,9999.000,9999.000,9999.000
202605260336,   0.255,9999.000,9999.000,9999.000,9999.000,9999.000,9999.000,9999.000,9999.000
202605260342,   0.249,9999.000,9999.000,9999.000,9999.000,9999.000,9999.000,9999.000,9999.000
202605260348,   0.242,9999.000,9999.000,9999.000,9999.000,9999.000,9999.000,9999.000,9999.000
202605260354,   0.235,9999.000,9999.000,9999.000,9999.000,9999.000,9999.000,9999.000,9999.000
202605260400,   0.228,9999.000,   0.000,   0.399,   0.627,   0.000,   0.627,   0.100,   0.727
202605260406,   0.221,9999.000,9999.000,9999.000,9999.000,9999.000,9999.000,9999.000,9999.000
202605260412,   0.214,9999.000,9999.000,9999.000,9999.000,9999.000,9999.000,9999.000,9999.000
202605260418,   0.207,9999.000,9999.000,9999.000,9999.000,9999.000,9999.000,9999.000,9999.000
202605260424,   0.201,9999.000,9999.000,9999.000,9999.000,9999.000,9999.000,9999.000,9999.000
202605260430,   0.194,9999.000,9999.000,9999.000,9999.000,9999.000,9999.000,9999.000,9999.000
202605260436,   0.187,9999.000,9999.000,9999.000,9999.000,9999.000,9999.000,9999.000,9999.000
202605260442,   0.180,9999.000,9999.000,9999.000,9999.000,9999.000,9999.000,9999.000,9999.000
202605260448,   0.173,9999.000,9999.000,9999.000,9999.000,9999.000,9999.000,9999.000,9999.000
202605260454,   0.166,9999.000,9999.000,9999.000,9999.000,9999.000,9999.000,9999.000,9999.000
202605260500,   0.159,9999.000,   0.000,   0.399,   0.558,   0.000,   0.558,   0.100,   0.658
202605260506,   0.152,9999.000,9999.000,9999.000,9999.000,9999.000,9999.000,9999.000,9999.000
202605260512,   0.145,9999.000,9999.000,9999.000,9999.000,9999.000,9999.000,9999.000,9999.000
202605260518,   0.139,9999.000,9999.000,9999.000,9999.000,9999.000,9999.000,9999.000,9999.000
202605260524,   0.132,9999.000,9999.000,9999.000,9999.000,9999.000,9999.000,9999.000,9999.000
202605260530,   0.126,9999.000,9999.000,9999.000,9999.000,9999.000,9999.000,9999.000,9999.000
202605260536,   0.120,9999.000,9999.000,9999.000,9999.000,9999.000,9999.000,9999.000,9999.000
202605260542,   0.114,9999.000,9999.000,9999.000,9999.000,9999.000,9999.000,9999.000,9999.000
202605260548,   0.108,9999.000,9999.000,9999.000,9999.000,9999.000,9999.000,9999.000,9999.000
202605260554,   0.102,9999.000,9999.000,9999.000,9999.000,9999.000,9999.000,9999.000,9999.000
202605260600,   0.097,9999.000,   0.000,   0.399,   0.496,  -0.100,   0.396,   0.100,   0.596
202605260606,   0.092,9999.000,9999.000,9999.000,9999.000,9999.000,9999.000,9999.000,9999.000
202605260612,   0.087,9999.000,9999.000,9999.000,9999.000,9999.000,9999.000,9999.000,9999.000
202605260618,   0.083,9999.000,9999.000,9999.000,9999.000,9999.000,9999.000,9999.000,9999.000
202605260624,   0.078,9999.000,9999.000,9999.000,9999.000,9999.000,9999.000,9999.000,9999.000
202605260630,   0.075,9999.000,9999.000,9999.000,9999.000,9999.000,9999.000,9999.000,9999.000
202605260636,   0.072,9999.000,9999.000,9999.000,9999.000,9999.000,9999.000,9999.000,9999.000
202605260642,   0.069,9999.000,9999.000,9999.000,9999.000,9999.000,9999.000,9999.000,9999.000
202605260648,   0.066,9999.000,9999.000,9999.000,9999.000,9999.000,9999.000,9999.000,9999.000
202605260654,   0.064,9999.000,9999.000,9999.000,9999.000,9999.000,9999.000,9999.000,9999.000
202605260700,   0.063,9999.000,   0.000,   0.399,   0.462,  -0.100,   0.362,   0.100,   0.562
202605260706,   0.062,9999.000,9999.000,9999.000,9999.000,9999.000,9999.000,9999.000,9999.000
202605260712,   0.061,9999.000,9999.000,9999.000,9999.000,9999.000,9999.000,9999.000,9999.000
202605260718,   0.061,9999.000,9999.000,9999.000,9999.000,9999.000,9999.000,9999.000,9999.000
202605260724,   0.062,9999.000,9999.000,9999.000,9999.000,9999.000,9999.000,9999.000,9999.000
202605260730,   0.063,9999.000,9999.000,9999.000,9999.000,9999.000,9999.000,9999.000,9999.000
202605260736,   0.065,9999.000,9999.000,9999.000,9999.000,9999.000,9999.000,9999.000,9999.000
202605260742,   0.067,9999.000,9999.000,9999.000,9999.000,9999.000,9999.000,9999.000,9999.000
202605260748,   0.070,9999.000,9999.000,9999.000,9999.000,9999.000,9999.000,9999.000,9999.000
202605260754,   0.073,9999.000,9999.000,9999.000,9999.000,9999.000,9999.000,9999.000,9999.000
202605260800,   0.077,9999.000,   0.000,   0.399,   0.476,  -0.100,   0.376,   0.100,   0.576
202605260806,   0.081,9999.000,9999.000,9999.000,9999.000,9999.000,9999.000,9999.000,9999.000
202605260812,   0.086,9999.000,9999.000,9999.000,9999.000,9999.000,9999.000,9999.000,9999.000
202605260818,   0.091,9999.000,9999.000,9999.000,9999.000,9999.000,9999.000,9999.000,9999.000
202605260824,   0.097,9999.000,9999.000,9999.000,9999.000,9999.000,9999.000,9999.000,9999.000
202605260830,   0.103,9999.000,9999.000,9999.000,9999.000,9999.000,9999.000,9999.000,9999.000
202605260836,   0.109,9999.000,9999.000,9999.000,9999.000,9999.000,9999.000,9999.000,9999.000
202605260842,   0.116,9999.000,9999.000,9999.000,9999.000,9999.000,9999.000,9999.000,9999.000
202605260848,   0.123,9999.000,9999.000,9999.000,9999.000,9999.000,9999.000,9999.000,9999.000
202605260854,   0.130,9999.000,9999.000,9999.000,9999.000,9999.000,9999.000,9999.000,9999.000
202605260900,   0.137,9999.000,   0.000,   0.399,   0.536,  -0.100,   0.436,   0.100,   0.636
202605260906,   0.145,9999.000,9999.000,9999.000,9999.000,9999.000,9999.000,9999.000,9999.000
202605260912,   0.153,9999.000,9999.000,9999.000,9999.000,9999.000,9999.000,9999.000,9999.000
202605260918,   0.161,9999.000,9999.000,9999.000,9999.000,9999.000,9999.000,9999.000,9999.000
202605260924,   0.169,9999.000,9999.000,9999.000,9999.000,9999.000,9999.000,9999.000,9999.000
202605260930,   0.177,9999.000,9999.000,9999.000,9999.000,9999.000,9999.000,9999.000,9999.000
202605260936,   0.185,9999.000,9999.000,9999.000,9999.000,9999.000,9999.000,9999.000,9999.000
202605260942,   0.193,9999.000,9999.000,9999.000,9999.000,9999.000,9999.000,9999.000,9999.000
202605260948,   0.202,9999.000,9999.000,9999.000,9999.000,9999.000,9999.000,9999.000,9999.000
202605260954,   0.210,9999.000,9999.000,9999.000,9999.000,9999.000,9999.000,9999.000,9999.000
202605261000,   0.218,9999.000,   0.000,   0.399,   0.617,  -0.100,   0.517,   0.100,   0.717
202605261006,   0.226,9999.000,9999.000,9999.000,9999.000,9999.000,9999.000,9999.000,9999.000
202605261012,   0.234,9999.000,9999.000,9999.000,9999.000,9999.000,9999.000,9999.000,9999.000
202605261018,   0.242,9999.000,9999.000,9999.000,9999.000,9999.000,9999.000,9999.000,9999.000
202605261024,   0.250,9999.000,9999.000,9999.000,9999.000,9999.000,9999.000,9999.000,9999.000
202605261030,   0.258,9999.000,9999.000,9999.000,9999.000,9999.000,9999.000,9999.000,9999.000
202605261036,   0.265,9999.000,9999.000,9999.000,9999.000,9999.000,9999.000,9999.000,9999.000
202605261042,   0.273,9999.000,9999.000,9999.000,9999.000,9999.000,9999.000,9999.000,9999.000
202605261048,   0.280,9999.000,9999.000,9999.000,9999.000,9999.000,9999.000,9999.000,9999.000
202605261054,   0.287,9999.000,9999.000,9999.000,9999.000,9999.000,9999.000,9999.000,9999.000
202605261100,   0.294,9999.000,   0.000,   0.399,   0.693,  -0.100,   0.593,   0.100,   0.793
202605261106,   0.300,9999.000,9999.000,9999.000,9999.000,9999.000,9999.000,9999.000,9999.000
202605261112,   0.306,9999.000,9999.000,9999.000,9999.000,9999.000,9999.000,9999.000,9999.000
202605261118,   0.312,9999.000,9999.000,9999.000,9999.000,9999.000,9999.000,9999.000,9999.000
202605261124,   0.318,9999.000,9999.000,9999.000,9999.000,9999.000,9999.000,9999.000,9999.000
202605261130,   0.323,9999.000,9999.000,9999.000,9999.000,9999.000,9999.000,9999.000,9999.000
202605261136,   0.328,9999.000,9999.000,9999.000,9999.000,9999.000,9999.000,9999.000,9999.000
202605261142,   0.332,9999.000,9999.000,9999.000,9999.000,9999.000,9999.000,9999.000,9999.000
202605261148,   0.336,9999.000,9999.000,9999.000,9999.000,9999.000,9999.000,9999.000,9999.000
202605261154,   0.340,9999.000,9999.000,9999.000,9999.000,9999.000,9999.000,9999.000,9999.000
202605261200,   0.343,9999.000,   0.000,   0.399,   0.742,  -0.100,   0.642,   0.100,   0.842
202605261206,   0.346,9999.000,9999.000,9999.000,9999.000,9999.000,9999.000,9999.000,9999.000
202605261212,   0.349,9999.000,9999.000,9999.000,9999.000,9999.000,9999.000,9999.000,9999.000
202605261218,   0.350,9999.000,9999.000,9999.000,9999.000,9999.000,9999.000,9999.000,9999.000
202605261224,   0.352,9999.000,9999.000,9999.000,9999.000,9999.000,9999.000,9999.000,9999.000
202605261230,   0.353,9999.000,9999.000,9999.000,9999.000,9999.000,9999.000,9999.000,9999.000
202605261236,   0.354,9999.000,9999.000,9999.000,9999.000,9999.000,9999.000,9999.000,9999.000
202605261242,   0.354,9999.000,9999.000,9999.000,9999.000,9999.000,9999.000,9999.000,9999.000
202605261248,   0.353,9999.000,9999.000,9999.000,9999.000,9999.000,9999.000,9999.000,9999.000
202605261254,   0.353,9999.000,9999.000,9999.000,9999.000,9999.000,9999.000,9999.000,9999.000
202605261300,   0.352,9999.000,   0.000,   0.399,   0.751,  -0.100,   0.651,   0.100,   0.851
202605261306,   0.350,9999.000,9999.000,9999.000,9999.000,9999.000,9999.000,9999.000,9999.000
202605261312,   0.348,9999.000,9999.000,9999.000,9999.000,9999.000,9999.000,9999.000,9999.000
202605261318,   0.346,9999.000,9999.000,9999.000,9999.000,9999.000,9999.000,9999.000,9999.000
202605261324,   0.343,9999.000,9999.000,9999.000,9999.000,9999.000,9999.000,9999.000,9999.000
202605261330,   0.340,9999.000,9999.000,9999.000,9999.000,9999.000,9999.000,9999.000,9999.000
202605261336,   0.337,9999.000,9999.000,9999.000,9999.000,9999.000,9999.000,9999.000,9999.000
202605261342,   0.334,9999.000,9999.000,9999.000,9999.000,9999.000,9999.000,9999.000,9999.000
202605261348,   0.330,9999.000,9999.000,9999.000,9999.000,9999.000,9999.000,9999.000,9999.000
202605261354,   0.326,9999.000,9999.000,9999.000,9999.000,9999.000,9999.000,9999.000,9999.000
202605261400,   0.321,9999.000,   0.000,   0.399,   0.720,  -0.100,   0.620,   0.100,   0.820
202605261406,   0.317,9999.000,9999.000,9999.000,9999.000,9999.000,9999.000,9999.000,9999.000
202605261412,   0.312,9999.000,9999.000,9999.000,9999.000,9999.000,9999.000,9999.000,9999.000
202605261418,   0.307,9999.000,9999.000,9999.000,9999.000,9999.000,9999.000,9999.000,9999.000
202605261424,   0.302,9999.000,9999.000,9999.000,9999.000,9999.000,9999.000,9999.000,9999.000
202605261430,   0.297,9999.000,9999.000,9999.000,9999.000,9999.000,9999.000,9999.000,9999.000
202605261436,   0.291,9999.000,9999.000,9999.000,9999.000,9999.000,9999.000,9999.000,9999.000
202605261442,   0.286,9999.000,9999.000,9999.000,9999.000,9999.000,9999.000,9999.000,9999.000
202605261448,   0.280,9999.000,9999.000,9999.000,9999.000,9999.000,9999.000,9999.000,9999.000
202605261454,   0.274,9999.000,9999.000,9999.000,9999.000,9999.000,9999.000,9999.000,9999.000
202605261500,   0.269,9999.000,   0.000,   0.399,   0.668,  -0.100,   0.568,   0.100,   0.768
202605261506,   0.263,9999.000,9999.000,9999.000,9999.000,9999.000,9999.000,9999.000,9999.000
202605261512,   0.257,9999.000,9999.000,9999.000,9999.000,9999.000,9999.000,9999.000,9999.000
202605261518,   0.251,9999.000,9999.000,9999.000,9999.000,9999.000,9999.000,9999.000,9999.000
202605261524,   0.245,9999.000,9999.000,9999.000,9999.000,9999.000,9999.000,9999.000,9999.000
202605261530,   0.239,9999.000,9999.000,9999.000,9999.000,9999.000,9999.000,9999.000,9999.000
202605261536,   0.233,9999.000,9999.000,9999.000,9999.000,9999.000,9999.000,9999.000,9999.000
202605261542,   0.226,9999.000,9999.000,9999.000,9999.000,9999.000,9999.000,9999.000,9999.000
202605261548,   0.220,9999.000,9999.000,9999.000,9999.000,9999.000,9999.000,9999.000,9999.000
202605261554,   0.214,9999.000,9999.000,9999.000,9999.000,9999.000,9999.000,9999.000,9999.000
202605261600,   0.208,9999.000,   0.000,   0.399,   0.607,  -0.100,   0.507,   0.100,   0.707
202605261606,   0.201,9999.000,9999.000,9999.000,9999.000,9999.000,9999.000,9999.000,9999.000
202605261612,   0.195,9999.000,9999.000,9999.000,9999.000,9999.000,9999.000,9999.000,9999.000
202605261618,   0.189,9999.000,9999.000,9999.000,9999.000,9999.000,9999.000,9999.000,9999.000
202605261624,   0.182,9999.000,9999.000,9999.000,9999.000,9999.000,9999.000,9999.000,9999.000
202605261630,   0.176,9999.000,9999.000,9999.000,9999.000,9999.000,9999.000,9999.000,9999.000
202605261636,   0.169,9999.000,9999.000,9999.000,9999.000,9999.000,9999.000,9999.000,9999.000
202605261642,   0.163,9999.000,9999.000,9999.000,9999.000,9999.000,9999.000,9999.000,9999.000
202605261648,   0.156,9999.000,9999.000,9999.000,9999.000,9999.000,9999.000,9999.000,9999.000
202605261654,   0.150,9999.000,9999.000,9999.000,9999.000,9999.000,9999.000,9999.000,9999.000
202605261700,   0.143,9999.000,   0.000,   0.399,   0.542,  -0.100,   0.442,   0.100,   0.642
202605261706,   0.137,9999.000,9999.000,9999.000,9999.000,9999.000,9999.000,9999.000,9999.000
202605261712,   0.130,9999.000,9999.000,9999.000,9999.000,9999.000,9999.000,9999.000,9999.000
202605261718,   0.124,9999.000,9999.000,9999.000,9999.000,9999.000,9999.000,9999.000,9999.000
202605261724,   0.117,9999.000,9999.000,9999.000,9999.000,9999.000,9999.000,9999.000,9999.000
202605261730,   0.111,9999.000,9999.000,9999.000,9999.000,9999.000,9999.000,9999.000,9999.000
202605261736,   0.105,9999.000,9999.000,9999.000,9999.000,9999.000,9999.000,9999.000,9999.000
202605261742,   0.098,9999.000,9999.000,9999.000,9999.000,9999.000,9999.000,9999.000,9999.000
202605261748,   0.092,9999.000,9999.000,9999.000,9999.000,9999.000,9999.000,9999.000,9999.000
202605261754,   0.087,9999.000,9999.000,9999.000,9999.000,9999.000,9999.000,9999.000,9999.000
202605261800,   0.081,9999.000,   0.000,   0.399,   0.480,  -0.100,   0.380,   0.100,   0.580
