        TIME,    TIDE,      OB,   SURGE,    BIAS,     TWL,SURGE90p,  TWL90p,SURGE10p,   TWL10p
202605311800,   0.248,   1.421,   1.000,   0.173,   1.421,   1.000,   1.421,   1.000,   1.421
202605311806,   0.263,   1.372,9999.000,9999.000,9999.000,9999.000,9999.000,9999.000,9999.000
202605311812,   0.283,   1.342,9999.000,9999.000,9999.000,9999.000,9999.000,9999.000,9999.000
202605311818,   0.306,   1.332,9999.000,9999.000,9999.000,9999.000,9999.000,9999.000,9999.000
202605311824,   0.333,   1.362,9999.000,9999.000,9999.000,9999.000,9999.000,9999.000,9999.000
202605311830,   0.364,   1.401,9999.000,9999.000,9999.000,9999.000,9999.000,9999.000,9999.000
202605311836,   0.399,   1.431,9999.000,9999.000,9999.000,9999.000,9999.000,9999.000,9999.000
202605311842,   0.437,   1.460,9999.000,9999.000,9999.000,9999.000,9999.000,9999.000,9999.000
202605311848,   0.479,   1.441,9999.000,9999.000,9999.000,9999.000,9999.000,9999.000,9999.000
202605311854,   0.523,   1.421,9999.000,9999.000,9999.000,9999.000,9999.000,9999.000,9999.000
202605311900,   0.571,   1.411,   1.000,  -0.160,   1.411,   0.900,   1.311,   1.100,   1.511
202605311906,   0.622,   1.421,9999.000,9999.000,9999.000,9999.000,9999.000,9999.000,9999.000
202605311912,   0.675,   1.490,9999.000,9999.000,9999.000,9999.000,9999.000,9999.000,9999.000
202605311918,   0.730,   1.509,9999.000,9999.000,9999.000,9999.000,9999.000,9999.000,9999.000
202605311924,   0.788,   1.509,9999.000,9999.000,9999.000,9999.000,9999.000,9999.000,9999.000
202605311930,   0.848,   1.572,9999.000,9999.000,9999.000,9999.000,9999.000,9999.000,9999.000
202605311936,   0.910,   1.621,9999.000,9999.000,9999.000,9999.000,9999.000,9999.000,9999.000
202605311942,   0.973,   1.680,9999.000,9999.000,9999.000,9999.000,9999.000,9999.000,9999.000
202605311948,   1.039,   1.782,9999.000,9999.000,9999.000,9999.000,9999.000,9999.000,9999.000
202605311954,   1.105,   1.860,9999.000,9999.000,9999.000,9999.000,9999.000,9999.000,9999.000
202605312000,   1.173,   1.919,   1.000,  -0.254,   1.919,   0.900,   1.819,   1.100,   2.019
202605312006,   1.243,   1.972,9999.000,9999.000,9999.000,9999.000,9999.000,9999.000,9999.000
202605312012,   1.313,   1.992,9999.000,9999.000,9999.000,9999.000,9999.000,9999.000,9999.000
202605312018,   1.385,   2.041,9999.000,9999.000,9999.000,9999.000,9999.000,9999.000,9999.000
202605312024,   1.457,   2.110,9999.000,9999.000,9999.000,9999.000,9999.000,9999.000,9999.000
202605312030,   1.531,   2.172,9999.000,9999.000,9999.000,9999.000,9999.000,9999.000,9999.000
202605312036,   1.605,   2.279,9999.000,9999.000,9999.000,9999.000,9999.000,9999.000,9999.000
202605312042,   1.679,   2.309,9999.000,9999.000,9999.000,9999.000,9999.000,9999.000,9999.000
202605312048,   1.754,   2.348,9999.000,9999.000,9999.000,9999.000,9999.000,9999.000,9999.000
202605312054,   1.830,   2.450,9999.000,9999.000,9999.000,9999.000,9999.000,9999.000,9999.000
202605312100,   1.905,   2.519,   1.000,  -0.386,   2.519,   0.900,   2.419,   1.100,   2.619
202605312106,   1.981,   2.620,9999.000,9999.000,9999.000,9999.000,9999.000,9999.000,9999.000
202605312112,   2.057,   2.719,9999.000,9999.000,9999.000,9999.000,9999.000,9999.000,9999.000
202605312118,   2.133,   2.791,9999.000,9999.000,9999.000,9999.000,9999.000,9999.000,9999.000
202605312124,   2.209,   2.840,9999.000,9999.000,9999.000,9999.000,9999.000,9999.000,9999.000
202605312130,   2.284,   2.879,9999.000,9999.000,9999.000,9999.000,9999.000,9999.000,9999.000
202605312136,   2.359,   2.899,9999.000,9999.000,9999.000,9999.000,9999.000,9999.000,9999.000
202605312142,   2.433,   2.948,9999.000,9999.000,9999.000,9999.000,9999.000,9999.000,9999.000
202605312148,   2.506,   3.030,9999.000,9999.000,9999.000,9999.000,9999.000,9999.000,9999.000
202605312154,   2.578,   3.079,9999.000,9999.000,9999.000,9999.000,9999.000,9999.000,9999.000
202605312200,   2.649,   3.168,   1.000,  -0.481,   3.168,   0.900,   3.068,   1.000,   3.168
202605312206,   2.718,   3.270,9999.000,9999.000,9999.000,9999.000,9999.000,9999.000,9999.000
202605312212,   2.786,   3.358,9999.000,9999.000,9999.000,9999.000,9999.000,9999.000,9999.000
202605312218,   2.852,   3.440,9999.000,9999.000,9999.000,9999.000,9999.000,9999.000,9999.000
202605312224,   2.915,   3.519,9999.000,9999.000,9999.000,9999.000,9999.000,9999.000,9999.000
202605312230,   2.977,   3.621,9999.000,9999.000,9999.000,9999.000,9999.000,9999.000,9999.000
202605312236,   3.036,   3.680,9999.000,9999.000,9999.000,9999.000,9999.000,9999.000,9999.000
202605312242,   3.092,   3.729,9999.000,9999.000,9999.000,9999.000,9999.000,9999.000,9999.000
202605312248,   3.146,   3.768,9999.000,9999.000,9999.000,9999.000,9999.000,9999.000,9999.000
202605312254,   3.196,   3.808,9999.000,9999.000,9999.000,9999.000,9999.000,9999.000,9999.000
202605312300,   3.244,   3.880,   1.000,  -0.364,   3.880,   0.900,   3.780,   1.000,   3.880
202605312306,   3.288,   3.959,9999.000,9999.000,9999.000,9999.000,9999.000,9999.000,9999.000
202605312312,   3.328,   4.041,9999.000,9999.000,9999.000,9999.000,9999.000,9999.000,9999.000
202605312318,   3.365,   4.129,9999.000,9999.000,9999.000,9999.000,9999.000,9999.000,9999.000
202605312324,   3.398,   4.198,9999.000,9999.000,9999.000,9999.000,9999.000,9999.000,9999.000
202605312330,   3.427,   4.280,9999.000,9999.000,9999.000,9999.000,9999.000,9999.000,9999.000
202605312336,   3.452,   4.359,9999.000,9999.000,9999.000,9999.000,9999.000,9999.000,9999.000
202605312342,   3.473,   4.408,9999.000,9999.000,9999.000,9999.000,9999.000,9999.000,9999.000
202605312348,   3.491,   4.451,9999.000,9999.000,9999.000,9999.000,9999.000,9999.000,9999.000
202605312354,   3.504,   4.480,9999.000,9999.000,9999.000,9999.000,9999.000,9999.000,9999.000
202606010000,   3.513,   4.500,   0.900,   0.087,   4.500,   0.800,   4.400,   0.900,   4.500
202606010006,   3.519,   4.510,9999.000,9999.000,9999.000,9999.000,9999.000,9999.000,9999.000
202606010012,   3.520,   4.539,9999.000,9999.000,9999.000,9999.000,9999.000,9999.000,9999.000
202606010018,   3.518,   4.559,9999.000,9999.000,9999.000,9999.000,9999.000,9999.000,9999.000
202606010024,   3.512,   4.559,9999.000,9999.000,9999.000,9999.000,9999.000,9999.000,9999.000
202606010030,   3.502,   4.588,9999.000,9999.000,9999.000,9999.000,9999.000,9999.000,9999.000
202606010036,   3.489,   4.598,9999.000,9999.000,9999.000,9999.000,9999.000,9999.000,9999.000
202606010042,   3.472,   4.598,9999.000,9999.000,9999.000,9999.000,9999.000,9999.000,9999.000
202606010048,   3.452,   4.598,9999.000,9999.000,9999.000,9999.000,9999.000,9999.000,9999.000
202606010054,   3.428,   4.588,9999.000,9999.000,9999.000,9999.000,9999.000,9999.000,9999.000
202606010100,   3.402,   4.598,   0.800,   0.396,   4.598,   0.800,   4.598,   0.900,   4.698
202606010106,   3.373,   4.598,9999.000,9999.000,9999.000,9999.000,9999.000,9999.000,9999.000
202606010112,   3.340,   4.598,9999.000,9999.000,9999.000,9999.000,9999.000,9999.000,9999.000
202606010118,   3.306,   4.608,9999.000,9999.000,9999.000,9999.000,9999.000,9999.000,9999.000
202606010124,   3.268,   4.588,9999.000,9999.000,9999.000,9999.000,9999.000,9999.000,9999.000
202606010130,   3.228,   4.539,9999.000,9999.000,9999.000,9999.000,9999.000,9999.000,9999.000
202606010136,   3.186,   4.510,9999.000,9999.000,9999.000,9999.000,9999.000,9999.000,9999.000
202606010142,   3.142,   4.480,9999.000,9999.000,9999.000,9999.000,9999.000,9999.000,9999.000
202606010148,   3.095,   4.418,9999.000,9999.000,9999.000,9999.000,9999.000,9999.000,9999.000
202606010154,   3.046,   4.349,9999.000,9999.000,9999.000,9999.000,9999.000,9999.000,9999.000
202606010200,   2.996,   4.280,   0.800,   0.484,   4.280,   0.700,   4.180,   0.800,   4.280
202606010206,   2.943,   4.208,9999.000,9999.000,9999.000,9999.000,9999.000,9999.000,9999.000
202606010212,   2.889,   4.139,9999.000,9999.000,9999.000,9999.000,9999.000,9999.000,9999.000
202606010218,   2.832,   4.100,9999.000,9999.000,9999.000,9999.000,9999.000,9999.000,9999.000
202606010224,   2.774,   4.060,9999.000,9999.000,9999.000,9999.000,9999.000,9999.000,9999.000
202606010230,   2.714,   3.998,9999.000,9999.000,9999.000,9999.000,9999.000,9999.000,9999.000
202606010236,   2.653,   3.929,9999.000,9999.000,9999.000,9999.000,9999.000,9999.000,9999.000
202606010242,   2.590,   3.880,9999.000,9999.000,9999.000,9999.000,9999.000,9999.000,9999.000
202606010248,   2.525,   3.817,9999.000,9999.000,9999.000,9999.000,9999.000,9999.000,9999.000
202606010254,   2.459,   3.739,9999.000,9999.000,9999.000,9999.000,9999.000,9999.000,9999.000
202606010300,   2.392,   3.670,   0.700,   0.578,   3.670,   0.700,   3.670,   0.800,   3.770
202606010306,   2.323,   3.608,9999.000,9999.000,9999.000,9999.000,9999.000,9999.000,9999.000
202606010312,   2.252,   3.549,9999.000,9999.000,9999.000,9999.000,9999.000,9999.000,9999.000
202606010318,   2.181,   3.460,9999.000,9999.000,9999.000,9999.000,9999.000,9999.000,9999.000
202606010324,   2.108,   3.388,9999.000,9999.000,9999.000,9999.000,9999.000,9999.000,9999.000
202606010330,   2.035,   3.289,9999.000,9999.000,9999.000,9999.000,9999.000,9999.000,9999.000
202606010336,   1.960,   3.211,9999.000,9999.000,9999.000,9999.000,9999.000,9999.000,9999.000
202606010342,   1.885,   3.148,9999.000,9999.000,9999.000,9999.000,9999.000,9999.000,9999.000
202606010348,   1.810,   3.050,9999.000,9999.000,9999.000,9999.000,9999.000,9999.000,9999.000
202606010354,   1.734,   2.948,9999.000,9999.000,9999.000,9999.000,9999.000,9999.000,9999.000
202606010400,   1.658,   2.840,   0.600,   0.582,   2.840,   0.600,   2.840,   0.700,   2.940
202606010406,   1.581,   2.729,9999.000,9999.000,9999.000,9999.000,9999.000,9999.000,9999.000
202606010412,   1.506,   2.640,9999.000,9999.000,9999.000,9999.000,9999.000,9999.000,9999.000
202606010418,   1.430,   2.568,9999.000,9999.000,9999.000,9999.000,9999.000,9999.000,9999.000
202606010424,   1.356,   2.489,9999.000,9999.000,9999.000,9999.000,9999.000,9999.000,9999.000
202606010430,   1.282,   2.371,9999.000,9999.000,9999.000,9999.000,9999.000,9999.000,9999.000
202606010436,   1.210,   2.269,9999.000,9999.000,9999.000,9999.000,9999.000,9999.000,9999.000
202606010442,   1.140,   2.192,9999.000,9999.000,9999.000,9999.000,9999.000,9999.000,9999.000
202606010448,   1.071,   2.080,9999.000,9999.000,9999.000,9999.000,9999.000,9999.000,9999.000
202606010454,   1.004,   1.982,9999.000,9999.000,9999.000,9999.000,9999.000,9999.000,9999.000
202606010500,   0.940,   1.910,   0.600,   0.370,   1.910,   0.500,   1.810,   0.600,   1.910
202606010506,   0.878,   1.821,9999.000,9999.000,9999.000,9999.000,9999.000,9999.000,9999.000
202606010512,   0.819,   1.729,9999.000,9999.000,9999.000,9999.000,9999.000,9999.000,9999.000
202606010518,   0.763,   1.660,9999.000,9999.000,9999.000,9999.000,9999.000,9999.000,9999.000
202606010524,   0.711,   1.572,9999.000,9999.000,9999.000,9999.000,9999.000,9999.000,9999.000
202606010530,   0.661,   1.500,9999.000,9999.000,9999.000,9999.000,9999.000,9999.000,9999.000
202606010536,   0.616,   1.470,9999.000,9999.000,9999.000,9999.000,9999.000,9999.000,9999.000
202606010542,   0.574,   1.411,9999.000,9999.000,9999.000,9999.000,9999.000,9999.000,9999.000
202606010548,   0.536,   1.352,9999.000,9999.000,9999.000,9999.000,9999.000,9999.000,9999.000
202606010554,   0.503,   1.280,9999.000,9999.000,9999.000,9999.000,9999.000,9999.000,9999.000
202606010600,   0.473,   1.201,   0.600,   0.128,   1.201,   0.500,   1.101,   0.600,   1.201
202606010606,   0.447,   1.142,9999.000,9999.000,9999.000,9999.000,9999.000,9999.000,9999.000
202606010612,   0.426,   1.070,9999.000,9999.000,9999.000,9999.000,9999.000,9999.000,9999.000
202606010618,   0.409,   1.001,9999.000,9999.000,9999.000,9999.000,9999.000,9999.000,9999.000
202606010624,   0.396,   0.981,9999.000,9999.000,9999.000,9999.000,9999.000,9999.000,9999.000
202606010630,   0.387,   0.981,9999.000,9999.000,9999.000,9999.000,9999.000,9999.000,9999.000
202606010636,   0.382,   0.962,9999.000,9999.000,9999.000,9999.000,9999.000,9999.000,9999.000
202606010642,   0.381,   0.932,9999.000,9999.000,9999.000,9999.000,9999.000,9999.000,9999.000
202606010648,   0.383,   0.922,9999.000,9999.000,9999.000,9999.000,9999.000,9999.000,9999.000
202606010654,   0.390,   0.922,9999.000,9999.000,9999.000,9999.000,9999.000,9999.000,9999.000
202606010700,   0.400,   0.899,   0.600,  -0.101,   0.899,   0.500,   0.799,   0.600,   0.899
202606010706,   0.413,   0.889,9999.000,9999.000,9999.000,9999.000,9999.000,9999.000,9999.000
202606010712,   0.430,   0.889,9999.000,9999.000,9999.000,9999.000,9999.000,9999.000,9999.000
202606010718,   0.450,   0.880,9999.000,9999.000,9999.000,9999.000,9999.000,9999.000,9999.000
202606010724,   0.473,   0.880,9999.000,9999.000,9999.000,9999.000,9999.000,9999.000,9999.000
202606010730,   0.498,   0.880,9999.000,9999.000,9999.000,9999.000,9999.000,9999.000,9999.000
202606010736,   0.527,   0.880,9999.000,9999.000,9999.000,9999.000,9999.000,9999.000,9999.000
202606010742,   0.557,   0.899,9999.000,9999.000,9999.000,9999.000,9999.000,9999.000,9999.000
202606010748,   0.590,   0.962,9999.000,9999.000,9999.000,9999.000,9999.000,9999.000,9999.000
202606010754,   0.625,   1.021,9999.000,9999.000,9999.000,9999.000,9999.000,9999.000,9999.000
202606010800,   0.662,   1.080,   0.600,  -0.182,   1.080,   0.500,   0.980,   0.600,   1.080
202606010806,   0.701,   1.122,9999.000,9999.000,9999.000,9999.000,9999.000,9999.000,9999.000
202606010812,   0.741,   1.142,9999.000,9999.000,9999.000,9999.000,9999.000,9999.000,9999.000
202606010818,   0.783,   1.152,9999.000,9999.000,9999.000,9999.000,9999.000,9999.000,9999.000
202606010824,   0.827,   1.172,9999.000,9999.000,9999.000,9999.000,9999.000,9999.000,9999.000
202606010830,   0.872,   1.211,9999.000,9999.000,9999.000,9999.000,9999.000,9999.000,9999.000
202606010836,   0.918,   1.260,9999.000,9999.000,9999.000,9999.000,9999.000,9999.000,9999.000
202606010842,   0.965,   1.309,9999.000,9999.000,9999.000,9999.000,9999.000,9999.000,9999.000
202606010848,   1.013,   1.352,9999.000,9999.000,9999.000,9999.000,9999.000,9999.000,9999.000
202606010854,   1.062,   1.381,9999.000,9999.000,9999.000,9999.000,9999.000,9999.000,9999.000
202606010900,   1.112,   1.411,   0.500,  -0.201,   1.411,   0.500,   1.411,   0.600,   1.511
202606010906,   1.163,   1.480,9999.000,9999.000,9999.000,9999.000,9999.000,9999.000,9999.000
202606010912,   1.214,   1.542,9999.000,9999.000,9999.000,9999.000,9999.000,9999.000,9999.000
202606010918,   1.266,   1.611,9999.000,9999.000,9999.000,9999.000,9999.000,9999.000,9999.000
202606010924,   1.318,   1.670,9999.000,9999.000,9999.000,9999.000,9999.000,9999.000,9999.000
202606010930,   1.371,   1.719,9999.000,9999.000,9999.000,9999.000,9999.000,9999.000,9999.000
202606010936,   1.424,   1.742,9999.000,9999.000,9999.000,9999.000,9999.000,9999.000,9999.000
202606010942,   1.478,   1.772,9999.000,9999.000,9999.000,9999.000,9999.000,9999.000,9999.000
202606010948,   1.531,   1.831,9999.000,9999.000,9999.000,9999.000,9999.000,9999.000,9999.000
202606010954,   1.584,   1.939,9999.000,9999.000,9999.000,9999.000,9999.000,9999.000,9999.000
202606011000,   1.637,   2.051,   0.500,  -0.086,   2.051,   0.400,   1.951,   0.600,   2.151
202606011006,   1.690,   2.100,9999.000,9999.000,9999.000,9999.000,9999.000,9999.000,9999.000
202606011012,   1.742,   2.139,9999.000,9999.000,9999.000,9999.000,9999.000,9999.000,9999.000
202606011018,   1.793,   2.231,9999.000,9999.000,9999.000,9999.000,9999.000,9999.000,9999.000
202606011024,   1.844,   2.299,9999.000,9999.000,9999.000,9999.000,9999.000,9999.000,9999.000
202606011030,   1.894,   2.348,9999.000,9999.000,9999.000,9999.000,9999.000,9999.000,9999.000
202606011036,   1.942,   2.391,9999.000,9999.000,9999.000,9999.000,9999.000,9999.000,9999.000
202606011042,   1.989,   2.401,9999.000,9999.000,9999.000,9999.000,9999.000,9999.000,9999.000
202606011048,   2.034,   2.450,9999.000,9999.000,9999.000,9999.000,9999.000,9999.000,9999.000
202606011054,   2.078,   2.519,9999.000,9999.000,9999.000,9999.000,9999.000,9999.000,9999.000
202606011100,   2.119,   2.591,   0.500,  -0.028,   2.591,   0.400,   2.491,   0.600,   2.691
202606011106,   2.159,   2.669,9999.000,9999.000,9999.000,9999.000,9999.000,9999.000,9999.000
202606011112,   2.196,   2.719,9999.000,9999.000,9999.000,9999.000,9999.000,9999.000,9999.000
202606011118,   2.230,   2.778,9999.000,9999.000,9999.000,9999.000,9999.000,9999.000,9999.000
202606011124,   2.262,   2.860,9999.000,9999.000,9999.000,9999.000,9999.000,9999.000,9999.000
202606011130,   2.292,   2.909,9999.000,9999.000,9999.000,9999.000,9999.000,9999.000,9999.000
202606011136,   2.318,   2.938,9999.000,9999.000,9999.000,9999.000,9999.000,9999.000,9999.000
202606011142,   2.341,   2.991,9999.000,9999.000,9999.000,9999.000,9999.000,9999.000,9999.000
202606011148,   2.361,   3.040,9999.000,9999.000,9999.000,9999.000,9999.000,9999.000,9999.000
202606011154,   2.378,   3.119,9999.000,9999.000,9999.000,9999.000,9999.000,9999.000,9999.000
202606011200,   2.392,   3.211,   0.500,   0.319,   3.211,   0.500,   3.211,   0.600,   3.311
202606011206,   2.402,   3.270,9999.000,9999.000,9999.000,9999.000,9999.000,9999.000,9999.000
202606011212,   2.409,   3.339,9999.000,9999.000,9999.000,9999.000,9999.000,9999.000,9999.000
202606011218,   2.413,   3.398,9999.000,9999.000,9999.000,9999.000,9999.000,9999.000,9999.000
202606011224,   2.413,   3.421,9999.000,9999.000,9999.000,9999.000,9999.000,9999.000,9999.000
202606011230,   2.411,   3.440,9999.000,9999.000,9999.000,9999.000,9999.000,9999.000,9999.000
202606011236,   2.405,   3.480,9999.000,9999.000,9999.000,9999.000,9999.000,9999.000,9999.000
202606011242,   2.396,   3.499,9999.000,9999.000,9999.000,9999.000,9999.000,9999.000,9999.000
202606011248,   2.384,   3.480,9999.000,9999.000,9999.000,9999.000,9999.000,9999.000,9999.000
202606011254,   2.369,   3.499,9999.000,9999.000,9999.000,9999.000,9999.000,9999.000,9999.000
202606011300,   2.351,   3.499,   0.500,   0.648,   3.499,   0.500,   3.499,   0.600,   3.599
202606011306,   2.331,   3.470,9999.000,9999.000,9999.000,9999.000,9999.000,9999.000,9999.000
202606011312,   2.308,   3.460,9999.000,9999.000,9999.000,9999.000,9999.000,9999.000,9999.000
202606011318,   2.283,   3.460,9999.000,9999.000,9999.000,9999.000,9999.000,9999.000,9999.000
202606011324,   2.256,   3.411,9999.000,9999.000,9999.000,9999.000,9999.000,9999.000,9999.000
202606011330,   2.226,   3.421,9999.000,9999.000,9999.000,9999.000,9999.000,9999.000,9999.000
202606011336,   2.195,   3.398,9999.000,9999.000,9999.000,9999.000,9999.000,9999.000,9999.000
202606011342,   2.161,   3.358,9999.000,9999.000,9999.000,9999.000,9999.000,9999.000,9999.000
202606011348,   2.126,   3.339,9999.000,9999.000,9999.000,9999.000,9999.000,9999.000,9999.000
202606011354,   2.090,   3.329,9999.000,9999.000,9999.000,9999.000,9999.000,9999.000,9999.000
202606011400,   2.052,   3.348,   0.500,   0.796,   3.348,   0.500,   3.348,   0.600,   3.448
202606011406,   2.013,   3.378,9999.000,9999.000,9999.000,9999.000,9999.000,9999.000,9999.000
202606011412,   1.972,   3.398,9999.000,9999.000,9999.000,9999.000,9999.000,9999.000,9999.000
202606011418,   1.930,   3.388,9999.000,9999.000,9999.000,9999.000,9999.000,9999.000,9999.000
202606011424,   1.888,   3.339,9999.000,9999.000,9999.000,9999.000,9999.000,9999.000,9999.000
202606011430,   1.844,   3.309,9999.000,9999.000,9999.000,9999.000,9999.000,9999.000,9999.000
202606011436,   1.799,   3.230,9999.000,9999.000,9999.000,9999.000,9999.000,9999.000,9999.000
202606011442,   1.753,   3.129,9999.000,9999.000,9999.000,9999.000,9999.000,9999.000,9999.000
202606011448,   1.707,   3.079,9999.000,9999.000,9999.000,9999.000,9999.000,9999.000,9999.000
202606011454,   1.660,   3.020,9999.000,9999.000,9999.000,9999.000,9999.000,9999.000,9999.000
202606011500,   1.612,   2.968,   0.600,   0.756,   2.968,   0.500,   2.868,   0.600,   2.968
202606011506,   1.563,   3.001,9999.000,9999.000,9999.000,9999.000,9999.000,9999.000,9999.000
202606011512,   1.513,   2.991,9999.000,9999.000,9999.000,9999.000,9999.000,9999.000,9999.000
202606011518,   1.463,   2.919,9999.000,9999.000,9999.000,9999.000,9999.000,9999.000,9999.000
202606011524,   1.413,   2.860,9999.000,9999.000,9999.000,9999.000,9999.000,9999.000,9999.000
202606011530,   1.362,   2.768,9999.000,9999.000,9999.000,9999.000,9999.000,9999.000,9999.000
202606011536,   1.310,   2.679,9999.000,9999.000,9999.000,9999.000,9999.000,9999.000,9999.000
202606011542,   1.258,   2.620,9999.000,9999.000,9999.000,9999.000,9999.000,9999.000,9999.000
202606011548,   1.206,   2.548,9999.000,9999.000,9999.000,9999.000,9999.000,9999.000,9999.000
202606011554,   1.153,   2.499,9999.000,9999.000,9999.000,9999.000,9999.000,9999.000,9999.000
202606011600,   1.100,   2.440,   0.600,   0.740,   2.440,   0.500,   2.340,   0.700,   2.540
202606011606,   1.048,   2.391,9999.000,9999.000,9999.000,9999.000,9999.000,9999.000,9999.000
202606011612,   0.995,   2.371,9999.000,9999.000,9999.000,9999.000,9999.000,9999.000,9999.000
202606011618,   0.943,   2.348,9999.000,9999.000,9999.000,9999.000,9999.000,9999.000,9999.000
202606011624,   0.892,   2.319,9999.000,9999.000,9999.000,9999.000,9999.000,9999.000,9999.000
202606011630,   0.841,   2.269,9999.000,9999.000,9999.000,9999.000,9999.000,9999.000,9999.000
202606011636,   0.791,   2.172,9999.000,9999.000,9999.000,9999.000,9999.000,9999.000,9999.000
202606011642,   0.742,   2.090,9999.000,9999.000,9999.000,9999.000,9999.000,9999.000,9999.000
202606011648,   0.695,   2.031,9999.000,9999.000,9999.000,9999.000,9999.000,9999.000,9999.000
202606011654,   0.648,   1.939,9999.000,9999.000,9999.000,9999.000,9999.000,9999.000,9999.000
202606011700,   0.604,   1.851,   0.600,   0.647,   1.851,   0.600,   1.851,   0.700,   1.951
202606011706,   0.562,   1.801,9999.000,9999.000,9999.000,9999.000,9999.000,9999.000,9999.000
202606011712,   0.522,   1.752,9999.000,9999.000,9999.000,9999.000,9999.000,9999.000,9999.000
202606011718,   0.485,   1.700,9999.000,9999.000,9999.000,9999.000,9999.000,9999.000,9999.000
202606011724,   0.450,   1.660,9999.000,9999.000,9999.000,9999.000,9999.000,9999.000,9999.000
202606011730,   0.418,   1.631,9999.000,9999.000,9999.000,9999.000,9999.000,9999.000,9999.000
202606011736,   0.389,   1.562,9999.000,9999.000,9999.000,9999.000,9999.000,9999.000,9999.000
202606011742,   0.364,   1.460,9999.000,9999.000,9999.000,9999.000,9999.000,9999.000,9999.000
202606011748,   0.342,   1.391,9999.000,9999.000,9999.000,9999.000,9999.000,9999.000,9999.000
202606011754,   0.324,   1.342,9999.000,9999.000,9999.000,9999.000,9999.000,9999.000,9999.000
202606011800,   0.310,   1.299,   0.700,   0.289,   1.299,   0.600,   1.199,   0.700,   1.299
202606011806,   0.299,   1.309,9999.000,9999.000,9999.000,9999.000,9999.000,9999.000,9999.000
202606011812,   0.293,   1.309,9999.000,9999.000,9999.000,9999.000,9999.000,9999.000,9999.000
202606011818,   0.291,   1.290,9999.000,9999.000,9999.000,9999.000,9999.000,9999.000,9999.000
202606011824,   0.293,   1.260,9999.000,9999.000,9999.000,9999.000,9999.000,9999.000,9999.000
202606011830,   0.299,   1.201,9999.000,9999.000,9999.000,9999.000,9999.000,9999.000,9999.000
202606011836,   0.310,9999.000,9999.000,9999.000,9999.000,9999.000,9999.000,9999.000,9999.000
202606011842,   0.324,   1.132,9999.000,9999.000,9999.000,9999.000,9999.000,9999.000,9999.000
202606011848,   0.343,   1.142,9999.000,9999.000,9999.000,9999.000,9999.000,9999.000,9999.000
202606011854,   0.366,   1.142,9999.000,9999.000,9999.000,9999.000,9999.000,9999.000,9999.000
202606011900,   0.393,   1.122,   0.700,   0.029,   1.122,   0.700,   1.122,   0.800,   1.222
202606011906,   0.423,   1.142,9999.000,9999.000,9999.000,9999.000,9999.000,9999.000,9999.000
202606011912,   0.458,   1.162,9999.000,9999.000,9999.000,9999.000,9999.000,9999.000,9999.000
202606011918,   0.496,   1.090,9999.000,9999.000,9999.000,9999.000,9999.000,9999.000,9999.000
202606011924,   0.537,   1.070,9999.000,9999.000,9999.000,9999.000,9999.000,9999.000,9999.000
202606011930,   0.582,   1.060,9999.000,9999.000,9999.000,9999.000,9999.000,9999.000,9999.000
202606011936,   0.629,   1.070,9999.000,9999.000,9999.000,9999.000,9999.000,9999.000,9999.000
202606011942,   0.680,   1.172,9999.000,9999.000,9999.000,9999.000,9999.000,9999.000,9999.000
202606011948,   0.733,   1.221,9999.000,9999.000,9999.000,9999.000,9999.000,9999.000,9999.000
202606011954,   0.789,   1.231,9999.000,9999.000,9999.000,9999.000,9999.000,9999.000,9999.000
202606012000,   0.847,   1.231,   0.700,  -0.316,   1.231,   0.700,   1.231,   0.800,   1.331
202606012006,   0.907,9999.000,9999.000,9999.000,9999.000,9999.000,9999.000,9999.000,9999.000
202606012012,   0.969,9999.000,9999.000,9999.000,9999.000,9999.000,9999.000,9999.000,9999.000
202606012018,   1.033,9999.000,9999.000,9999.000,9999.000,9999.000,9999.000,9999.000,9999.000
202606012024,   1.098,9999.000,9999.000,9999.000,9999.000,9999.000,9999.000,9999.000,9999.000
202606012030,   1.165,9999.000,9999.000,9999.000,9999.000,9999.000,9999.000,9999.000,9999.000
202606012036,   1.233,9999.000,9999.000,9999.000,9999.000,9999.000,9999.000,9999.000,9999.000
202606012042,   1.302,9999.000,9999.000,9999.000,9999.000,9999.000,9999.000,9999.000,9999.000
202606012048,   1.372,9999.000,9999.000,9999.000,9999.000,9999.000,9999.000,9999.000,9999.000
202606012054,   1.443,9999.000,9999.000,9999.000,9999.000,9999.000,9999.000,9999.000,9999.000
202606012100,   1.514,9999.000,   0.800,9999.000,   2.314,   0.800,   2.314,   0.900,   2.414
202606012106,   1.586,9999.000,9999.000,9999.000,9999.000,9999.000,9999.000,9999.000,9999.000
202606012112,   1.659,9999.000,9999.000,9999.000,9999.000,9999.000,9999.000,9999.000,9999.000
202606012118,   1.732,   2.231,9999.000,9999.000,9999.000,9999.000,9999.000,9999.000,9999.000
202606012124,   1.805,   2.269,9999.000,9999.000,9999.000,9999.000,9999.000,9999.000,9999.000
202606012130,   1.878,   2.338,9999.000,9999.000,9999.000,9999.000,9999.000,9999.000,9999.000
202606012136,   1.951,   2.460,9999.000,9999.000,9999.000,9999.000,9999.000,9999.000,9999.000
202606012142,   2.025,   2.528,9999.000,9999.000,9999.000,9999.000,9999.000,9999.000,9999.000
202606012148,   2.098,   2.591,9999.000,9999.000,9999.000,9999.000,9999.000,9999.000,9999.000
202606012154,   2.170,   2.669,9999.000,9999.000,9999.000,9999.000,9999.000,9999.000,9999.000
202606012200,   2.243,   2.768,   0.900,  -0.375,   2.768,   0.800,   2.668,   1.000,   2.868
202606012206,   2.315,   2.830,9999.000,9999.000,9999.000,9999.000,9999.000,9999.000,9999.000
202606012212,   2.386,   2.929,9999.000,9999.000,9999.000,9999.000,9999.000,9999.000,9999.000
202606012218,   2.456,   3.030,9999.000,9999.000,9999.000,9999.000,9999.000,9999.000,9999.000
202606012224,   2.526,   3.119,9999.000,9999.000,9999.000,9999.000,9999.000,9999.000,9999.000
202606012230,   2.594,   3.211,9999.000,9999.000,9999.000,9999.000,9999.000,9999.000,9999.000
202606012236,   2.661,   3.339,9999.000,9999.000,9999.000,9999.000,9999.000,9999.000,9999.000
202606012242,   2.727,   3.430,9999.000,9999.000,9999.000,9999.000,9999.000,9999.000,9999.000
202606012248,   2.791,   3.529,9999.000,9999.000,9999.000,9999.000,9999.000,9999.000,9999.000
202606012254,   2.854,   3.640,9999.000,9999.000,9999.000,9999.000,9999.000,9999.000,9999.000
202606012300,   2.914,   3.709,   1.000,  -0.205,   3.709,   0.900,   3.609,   1.200,   3.909
202606012306,   2.972,   3.778,9999.000,9999.000,9999.000,9999.000,9999.000,9999.000,9999.000
202606012312,   3.028,   3.850,9999.000,9999.000,9999.000,9999.000,9999.000,9999.000,9999.000
202606012318,   3.082,   3.899,9999.000,9999.000,9999.000,9999.000,9999.000,9999.000,9999.000
202606012324,   3.132,   4.008,9999.000,9999.000,9999.000,9999.000,9999.000,9999.000,9999.000
202606012330,   3.180,   4.060,9999.000,9999.000,9999.000,9999.000,9999.000,9999.000,9999.000
202606012336,   3.225,   4.149,9999.000,9999.000,9999.000,9999.000,9999.000,9999.000,9999.000
202606012342,   3.266,   4.250,9999.000,9999.000,9999.000,9999.000,9999.000,9999.000,9999.000
202606012348,   3.304,   4.290,9999.000,9999.000,9999.000,9999.000,9999.000,9999.000,9999.000
202606012354,   3.339,   4.418,9999.000,9999.000,9999.000,9999.000,9999.000,9999.000,9999.000
202606020000,   3.370,   4.510,   1.000,   0.140,   4.510,   0.900,   4.410,   1.100,   4.610
202606020006,   3.397,   4.549,9999.000,9999.000,9999.000,9999.000,9999.000,9999.000,9999.000
202606020012,   3.420,   4.647,9999.000,9999.000,9999.000,9999.000,9999.000,9999.000,9999.000
202606020018,   3.439,   4.690,9999.000,9999.000,9999.000,9999.000,9999.000,9999.000,9999.000
202606020024,   3.454,   4.759,9999.000,9999.000,9999.000,9999.000,9999.000,9999.000,9999.000
202606020030,   3.466,   4.870,9999.000,9999.000,9999.000,9999.000,9999.000,9999.000,9999.000
202606020036,   3.473,   4.929,9999.000,9999.000,9999.000,9999.000,9999.000,9999.000,9999.000
202606020042,   3.476,   4.979,9999.000,9999.000,9999.000,9999.000,9999.000,9999.000,9999.000
202606020048,   3.475,   5.038,9999.000,9999.000,9999.000,9999.000,9999.000,9999.000,9999.000
202606020054,   3.471,   5.090,9999.000,9999.000,9999.000,9999.000,9999.000,9999.000,9999.000
202606020100,   3.462,   5.110,   1.200,   0.448,   5.110,   1.000,   4.910,   1.400,   5.310
202606020106,   3.450,   5.067,9999.000,9999.000,9999.000,9999.000,9999.000,9999.000,9999.000
202606020112,   3.434,   5.100,9999.000,9999.000,9999.000,9999.000,9999.000,9999.000,9999.000
202606020118,   3.414,   5.120,9999.000,9999.000,9999.000,9999.000,9999.000,9999.000,9999.000
202606020124,   3.391,   5.149,9999.000,9999.000,9999.000,9999.000,9999.000,9999.000,9999.000
202606020130,   3.365,   5.159,9999.000,9999.000,9999.000,9999.000,9999.000,9999.000,9999.000
202606020136,   3.336,   5.149,9999.000,9999.000,9999.000,9999.000,9999.000,9999.000,9999.000
202606020142,   3.303,   5.129,9999.000,9999.000,9999.000,9999.000,9999.000,9999.000,9999.000
202606020148,   3.268,   5.139,9999.000,9999.000,9999.000,9999.000,9999.000,9999.000,9999.000
202606020154,   3.230,   5.159,9999.000,9999.000,9999.000,9999.000,9999.000,9999.000,9999.000
202606020200,   3.190,   5.139,   1.300,   0.649,   5.139,   1.000,   4.839,   1.500,   5.339
202606020206,   3.147,   5.139,9999.000,9999.000,9999.000,9999.000,9999.000,9999.000,9999.000
202606020212,   3.102,   5.159,9999.000,9999.000,9999.000,9999.000,9999.000,9999.000,9999.000
202606020218,   3.056,   5.110,9999.000,9999.000,9999.000,9999.000,9999.000,9999.000,9999.000
202606020224,   3.007,   5.120,9999.000,9999.000,9999.000,9999.000,9999.000,9999.000,9999.000
202606020230,   2.956,   5.080,9999.000,9999.000,9999.000,9999.000,9999.000,9999.000,9999.000
202606020236,   2.904,   4.979,9999.000,9999.000,9999.000,9999.000,9999.000,9999.000,9999.000
202606020242,   2.850,   4.900,9999.000,9999.000,9999.000,9999.000,9999.000,9999.000,9999.000
202606020248,   2.794,   4.828,9999.000,9999.000,9999.000,9999.000,9999.000,9999.000,9999.000
202606020254,   2.737,   4.788,9999.000,9999.000,9999.000,9999.000,9999.000,9999.000,9999.000
202606020300,   2.679,   4.798,   1.400,   0.719,   4.798,   1.100,   4.498,   1.600,   4.998
202606020306,   2.620,   4.798,9999.000,9999.000,9999.000,9999.000,9999.000,9999.000,9999.000
202606020312,   2.559,   4.788,9999.000,9999.000,9999.000,9999.000,9999.000,9999.000,9999.000
202606020318,   2.497,   4.759,9999.000,9999.000,9999.000,9999.000,9999.000,9999.000,9999.000
202606020324,   2.434,   4.729,9999.000,9999.000,9999.000,9999.000,9999.000,9999.000,9999.000
202606020330,   2.370,   4.628,9999.000,9999.000,9999.000,9999.000,9999.000,9999.000,9999.000
202606020336,   2.305,   4.539,9999.000,9999.000,9999.000,9999.000,9999.000,9999.000,9999.000
202606020342,   2.240,   4.470,9999.000,9999.000,9999.000,9999.000,9999.000,9999.000,9999.000
202606020348,   2.173,   4.388,9999.000,9999.000,9999.000,9999.000,9999.000,9999.000,9999.000
202606020354,   2.105,   4.319,9999.000,9999.000,9999.000,9999.000,9999.000,9999.000,9999.000
202606020400,   2.037,   4.250,   1.400,   0.813,   4.250,   1.200,   4.050,   1.600,   4.450
202606020406,   1.968,   4.178,9999.000,9999.000,9999.000,9999.000,9999.000,9999.000,9999.000
202606020412,   1.898,   4.080,9999.000,9999.000,9999.000,9999.000,9999.000,9999.000,9999.000
202606020418,   1.828,   4.018,9999.000,9999.000,9999.000,9999.000,9999.000,9999.000,9999.000
202606020424,   1.758,   3.968,9999.000,9999.000,9999.000,9999.000,9999.000,9999.000,9999.000
202606020430,   1.687,   3.909,9999.000,9999.000,9999.000,9999.000,9999.000,9999.000,9999.000
202606020436,   1.617,   3.880,9999.000,9999.000,9999.000,9999.000,9999.000,9999.000,9999.000
202606020442,   1.546,   3.831,9999.000,9999.000,9999.000,9999.000,9999.000,9999.000,9999.000
202606020448,   1.476,   3.758,9999.000,9999.000,9999.000,9999.000,9999.000,9999.000,9999.000
202606020454,   1.406,   3.660,9999.000,9999.000,9999.000,9999.000,9999.000,9999.000,9999.000
202606020500,   1.336,   3.588,   1.400,   0.852,   3.588,   1.200,   3.388,   1.500,   3.688
202606020506,   1.268,   3.489,9999.000,9999.000,9999.000,9999.000,9999.000,9999.000,9999.000
202606020512,   1.200,   3.398,9999.000,9999.000,9999.000,9999.000,9999.000,9999.000,9999.000
202606020518,   1.134,   3.289,9999.000,9999.000,9999.000,9999.000,9999.000,9999.000,9999.000
202606020524,   1.069,   3.168,9999.000,9999.000,9999.000,9999.000,9999.000,9999.000,9999.000
202606020530,   1.006,   3.109,9999.000,9999.000,9999.000,9999.000,9999.000,9999.000,9999.000
202606020536,   0.945,   3.011,9999.000,9999.000,9999.000,9999.000,9999.000,9999.000,9999.000
202606020542,   0.887,   2.938,9999.000,9999.000,9999.000,9999.000,9999.000,9999.000,9999.000
202606020548,   0.830,   2.850,9999.000,9999.000,9999.000,9999.000,9999.000,9999.000,9999.000
202606020554,   0.777,   2.748,9999.000,9999.000,9999.000,9999.000,9999.000,9999.000,9999.000
202606020600,   0.726,   2.650,   1.400,   0.524,   2.650,   1.200,   2.450,   1.500,   2.750
202606020606,   0.679,   2.610,9999.000,9999.000,9999.000,9999.000,9999.000,9999.000,9999.000
202606020612,   0.634,   2.548,9999.000,9999.000,9999.000,9999.000,9999.000,9999.000,9999.000
202606020618,   0.594,   2.499,9999.000,9999.000,9999.000,9999.000,9999.000,9999.000,9999.000
202606020624,   0.557,   2.440,9999.000,9999.000,9999.000,9999.000,9999.000,9999.000,9999.000
202606020630,   0.523,   2.440,9999.000,9999.000,9999.000,9999.000,9999.000,9999.000,9999.000
202606020636,   0.494,   2.450,9999.000,9999.000,9999.000,9999.000,9999.000,9999.000,9999.000
202606020642,   0.468,   2.420,9999.000,9999.000,9999.000,9999.000,9999.000,9999.000,9999.000
202606020648,   0.447,   2.348,9999.000,9999.000,9999.000,9999.000,9999.000,9999.000,9999.000
202606020654,   0.429,   2.260,9999.000,9999.000,9999.000,9999.000,9999.000,9999.000,9999.000
202606020700,   0.416,   2.192,   1.400,   0.376,   2.192,   1.300,   2.092,   1.500,   2.292
202606020706,   0.406,   2.119,9999.000,9999.000,9999.000,9999.000,9999.000,9999.000,9999.000
202606020712,   0.401,   2.051,9999.000,9999.000,9999.000,9999.000,9999.000,9999.000,9999.000
202606020718,   0.400,   2.001,9999.000,9999.000,9999.000,9999.000,9999.000,9999.000,9999.000
202606020724,   0.402,   2.011,9999.000,9999.000,9999.000,9999.000,9999.000,9999.000,9999.000
202606020730,   0.409,   2.031,9999.000,9999.000,9999.000,9999.000,9999.000,9999.000,9999.000
202606020736,   0.419,   2.070,9999.000,9999.000,9999.000,9999.000,9999.000,9999.000,9999.000
202606020742,   0.432,   2.100,9999.000,9999.000,9999.000,9999.000,9999.000,9999.000,9999.000
202606020748,   0.449,   2.070,9999.000,9999.000,9999.000,9999.000,9999.000,9999.000,9999.000
202606020754,   0.470,   2.021,9999.000,9999.000,9999.000,9999.000,9999.000,9999.000,9999.000
202606020800,   0.493,   1.992,   1.400,   0.099,   1.992,   1.300,   1.892,   1.500,   2.092
202606020806,   0.519,   1.972,9999.000,9999.000,9999.000,9999.000,9999.000,9999.000,9999.000
202606020812,   0.548,   1.972,9999.000,9999.000,9999.000,9999.000,9999.000,9999.000,9999.000
202606020818,   0.579,   2.011,9999.000,9999.000,9999.000,9999.000,9999.000,9999.000,9999.000
202606020824,   0.613,   2.021,9999.000,9999.000,9999.000,9999.000,9999.000,9999.000,9999.000
202606020830,   0.649,   2.041,9999.000,9999.000,9999.000,9999.000,9999.000,9999.000,9999.000
202606020836,   0.687,   2.080,9999.000,9999.000,9999.000,9999.000,9999.000,9999.000,9999.000
202606020842,   0.727,   2.100,9999.000,9999.000,9999.000,9999.000,9999.000,9999.000,9999.000
202606020848,   0.768,   2.100,9999.000,9999.000,9999.000,9999.000,9999.000,9999.000,9999.000
202606020854,   0.811,   2.139,9999.000,9999.000,9999.000,9999.000,9999.000,9999.000,9999.000
202606020900,   0.856,   2.182,   1.500,  -0.174,   2.182,   1.300,   1.982,   1.600,   2.282
202606020906,   0.902,   2.279,9999.000,9999.000,9999.000,9999.000,9999.000,9999.000,9999.000
202606020912,   0.948,   2.338,9999.000,9999.000,9999.000,9999.000,9999.000,9999.000,9999.000
202606020918,   0.996,   2.358,9999.000,9999.000,9999.000,9999.000,9999.000,9999.000,9999.000
202606020924,   1.045,   2.391,9999.000,9999.000,9999.000,9999.000,9999.000,9999.000,9999.000
202606020930,   1.094,   2.430,9999.000,9999.000,9999.000,9999.000,9999.000,9999.000,9999.000
202606020936,   1.144,   2.489,9999.000,9999.000,9999.000,9999.000,9999.000,9999.000,9999.000
202606020942,   1.195,   2.528,9999.000,9999.000,9999.000,9999.000,9999.000,9999.000,9999.000
202606020948,   1.246,   2.591,9999.000,9999.000,9999.000,9999.000,9999.000,9999.000,9999.000
202606020954,   1.298,   2.660,9999.000,9999.000,9999.000,9999.000,9999.000,9999.000,9999.000
202606021000,   1.350,   2.768,   1.500,  -0.082,   2.768,   1.300,   2.568,   1.600,   2.868
202606021006,   1.402,   2.860,9999.000,9999.000,9999.000,9999.000,9999.000,9999.000,9999.000
202606021012,   1.455,   2.879,9999.000,9999.000,9999.000,9999.000,9999.000,9999.000,9999.000
202606021018,   1.507,   2.929,9999.000,9999.000,9999.000,9999.000,9999.000,9999.000,9999.000
202606021024,   1.559,   2.938,9999.000,9999.000,9999.000,9999.000,9999.000,9999.000,9999.000
202606021030,   1.612,   2.978,9999.000,9999.000,9999.000,9999.000,9999.000,9999.000,9999.000
202606021036,   1.663,   3.030,9999.000,9999.000,9999.000,9999.000,9999.000,9999.000,9999.000
202606021042,   1.715,   3.050,9999.000,9999.000,9999.000,9999.000,9999.000,9999.000,9999.000
202606021048,   1.766,   3.109,9999.000,9999.000,9999.000,9999.000,9999.000,9999.000,9999.000
202606021054,   1.816,   3.168,9999.000,9999.000,9999.000,9999.000,9999.000,9999.000,9999.000
202606021100,   1.866,   3.260,   1.500,  -0.106,   3.260,   1.400,   3.160,   1.600,   3.360
202606021106,   1.914,   3.348,9999.000,9999.000,9999.000,9999.000,9999.000,9999.000,9999.000
202606021112,   1.961,   3.411,9999.000,9999.000,9999.000,9999.000,9999.000,9999.000,9999.000
202606021118,   2.007,   3.499,9999.000,9999.000,9999.000,9999.000,9999.000,9999.000,9999.000
202606021124,   2.052,   3.568,9999.000,9999.000,9999.000,9999.000,9999.000,9999.000,9999.000
202606021130,   2.095,   3.608,9999.000,9999.000,9999.000,9999.000,9999.000,9999.000,9999.000
202606021136,   2.136,   3.670,9999.000,9999.000,9999.000,9999.000,9999.000,9999.000,9999.000
202606021142,   2.175,   3.709,9999.000,9999.000,9999.000,9999.000,9999.000,9999.000,9999.000
202606021148,   2.212,   3.758,9999.000,9999.000,9999.000,9999.000,9999.000,9999.000,9999.000
202606021154,   2.247,   3.798,9999.000,9999.000,9999.000,9999.000,9999.000,9999.000,9999.000
202606021200,   2.279,   3.831,   1.400,   0.152,   3.831,   1.300,   3.731,   1.500,   3.931
202606021206,   2.308,   3.899,9999.000,9999.000,9999.000,9999.000,9999.000,9999.000,9999.000
202606021212,   2.335,   3.919,9999.000,9999.000,9999.000,9999.000,9999.000,9999.000,9999.000
202606021218,   2.358,   3.949,9999.000,9999.000,9999.000,9999.000,9999.000,9999.000,9999.000
202606021224,   2.379,   4.041,9999.000,9999.000,9999.000,9999.000,9999.000,9999.000,9999.000
202606021230,   2.396,   4.070,9999.000,9999.000,9999.000,9999.000,9999.000,9999.000,9999.000
202606021236,   2.410,   4.100,9999.000,9999.000,9999.000,9999.000,9999.000,9999.000,9999.000
202606021242,   2.421,   4.149,9999.000,9999.000,9999.000,9999.000,9999.000,9999.000,9999.000
202606021248,   2.429,   4.198,9999.000,9999.000,9999.000,9999.000,9999.000,9999.000,9999.000
202606021254,   2.433,   4.250,9999.000,9999.000,9999.000,9999.000,9999.000,9999.000,9999.000
202606021300,   2.434,   4.319,   1.500,   0.385,   4.319,   1.300,   4.119,   1.600,   4.419
202606021306,   2.431,   4.349,9999.000,9999.000,9999.000,9999.000,9999.000,9999.000,9999.000
202606021312,   2.426,   4.388,9999.000,9999.000,9999.000,9999.000,9999.000,9999.000,9999.000
202606021318,   2.417,   4.388,9999.000,9999.000,9999.000,9999.000,9999.000,9999.000,9999.000
202606021324,   2.405,   4.398,9999.000,9999.000,9999.000,9999.000,9999.000,9999.000,9999.000
202606021330,   2.390,   4.428,9999.000,9999.000,9999.000,9999.000,9999.000,9999.000,9999.000
202606021336,   2.371,   4.418,9999.000,9999.000,9999.000,9999.000,9999.000,9999.000,9999.000
202606021342,   2.351,   4.398,9999.000,9999.000,9999.000,9999.000,9999.000,9999.000,9999.000
202606021348,   2.327,   4.378,9999.000,9999.000,9999.000,9999.000,9999.000,9999.000,9999.000
202606021354,   2.301,   4.408,9999.000,9999.000,9999.000,9999.000,9999.000,9999.000,9999.000
202606021400,   2.272,   4.451,   1.500,   0.679,   4.451,   1.400,   4.351,   1.600,   4.551
202606021406,   2.242,   4.480,9999.000,9999.000,9999.000,9999.000,9999.000,9999.000,9999.000
202606021412,   2.209,   4.510,9999.000,9999.000,9999.000,9999.000,9999.000,9999.000,9999.000
202606021418,   2.175,   4.490,9999.000,9999.000,9999.000,9999.000,9999.000,9999.000,9999.000
202606021424,   2.138,   4.460,9999.000,9999.000,9999.000,9999.000,9999.000,9999.000,9999.000
202606021430,   2.101,   4.451,9999.000,9999.000,9999.000,9999.000,9999.000,9999.000,9999.000
202606021436,   2.061,   4.369,9999.000,9999.000,9999.000,9999.000,9999.000,9999.000,9999.000
202606021442,   2.021,   4.290,9999.000,9999.000,9999.000,9999.000,9999.000,9999.000,9999.000
202606021448,   1.980,   4.218,9999.000,9999.000,9999.000,9999.000,9999.000,9999.000,9999.000
202606021454,   1.937,   4.198,9999.000,9999.000,9999.000,9999.000,9999.000,9999.000,9999.000
202606021500,   1.894,   4.159,   1.600,   0.665,   4.159,   1.400,   3.959,   1.700,   4.259
202606021506,   1.850,   4.188,9999.000,9999.000,9999.000,9999.000,9999.000,9999.000,9999.000
202606021512,   1.805,   4.188,9999.000,9999.000,9999.000,9999.000,9999.000,9999.000,9999.000
202606021518,   1.759,   4.139,9999.000,9999.000,9999.000,9999.000,9999.000,9999.000,9999.000
202606021524,   1.714,   4.119,9999.000,9999.000,9999.000,9999.000,9999.000,9999.000,9999.000
202606021530,   1.667,9999.000,9999.000,9999.000,9999.000,9999.000,9999.000,9999.000,9999.000
202606021536,   1.621,9999.000,9999.000,9999.000,9999.000,9999.000,9999.000,9999.000,9999.000
202606021542,   1.574,   3.919,9999.000,9999.000,9999.000,9999.000,9999.000,9999.000,9999.000
202606021548,   1.526,   3.870,9999.000,9999.000,9999.000,9999.000,9999.000,9999.000,9999.000
202606021554,   1.479,   3.808,9999.000,9999.000,9999.000,9999.000,9999.000,9999.000,9999.000
202606021600,   1.431,   3.758,   1.600,   0.727,   3.758,   1.400,   3.558,   1.700,   3.858
202606021606,   1.383,   3.680,9999.000,9999.000,9999.000,9999.000,9999.000,9999.000,9999.000
202606021612,   1.335,   3.568,9999.000,9999.000,9999.000,9999.000,9999.000,9999.000,9999.000
202606021618,   1.287,   3.549,9999.000,9999.000,9999.000,9999.000,9999.000,9999.000,9999.000
202606021624,   1.239,   3.480,9999.000,9999.000,9999.000,9999.000,9999.000,9999.000,9999.000
202606021630,   1.190,   3.398,9999.000,9999.000,9999.000,9999.000,9999.000,9999.000,9999.000
202606021636,   1.142,   3.378,9999.000,9999.000,9999.000,9999.000,9999.000,9999.000,9999.000
202606021642,   1.094,   3.309,9999.000,9999.000,9999.000,9999.000,9999.000,9999.000,9999.000
202606021648,   1.047,   3.260,9999.000,9999.000,9999.000,9999.000,9999.000,9999.000,9999.000
202606021654,   0.999,   3.168,9999.000,9999.000,9999.000,9999.000,9999.000,9999.000,9999.000
202606021700,   0.952,   3.139,   1.600,   0.587,   3.139,   1.400,   2.939,   1.700,   3.239
202606021706,   0.906,   3.109,9999.000,9999.000,9999.000,9999.000,9999.000,9999.000,9999.000
202606021712,   0.860,   3.011,9999.000,9999.000,9999.000,9999.000,9999.000,9999.000,9999.000
202606021718,   0.816,   2.899,9999.000,9999.000,9999.000,9999.000,9999.000,9999.000,9999.000
202606021724,   0.772,   2.811,9999.000,9999.000,9999.000,9999.000,9999.000,9999.000,9999.000
202606021730,   0.729,   2.738,9999.000,9999.000,9999.000,9999.000,9999.000,9999.000,9999.000
202606021736,   0.688,   2.689,9999.000,9999.000,9999.000,9999.000,9999.000,9999.000,9999.000
202606021742,   0.649,   2.620,9999.000,9999.000,9999.000,9999.000,9999.000,9999.000,9999.000
202606021748,   0.611,   2.581,9999.000,9999.000,9999.000,9999.000,9999.000,9999.000,9999.000
202606021754,   0.576,   2.558,9999.000,9999.000,9999.000,9999.000,9999.000,9999.000,9999.000
202606021800,   0.543,   2.460,   1.400,   0.517,   2.460,   1.300,   2.360,   1.600,   2.660
202606021806,   0.512,   2.401,9999.000,9999.000,9999.000,9999.000,9999.000,9999.000,9999.000
202606021812,   0.484,   2.319,9999.000,9999.000,9999.000,9999.000,9999.000,9999.000,9999.000
202606021818,   0.458,   2.279,9999.000,9999.000,9999.000,9999.000,9999.000,9999.000,9999.000
202606021824,   0.436,   2.211,9999.000,9999.000,9999.000,9999.000,9999.000,9999.000,9999.000
202606021830,   0.417,   2.182,9999.000,9999.000,9999.000,9999.000,9999.000,9999.000,9999.000
202606021836,   0.401,   2.139,9999.000,9999.000,9999.000,9999.000,9999.000,9999.000,9999.000
202606021842,   0.389,   2.060,9999.000,9999.000,9999.000,9999.000,9999.000,9999.000,9999.000
202606021848,   0.381,   2.001,9999.000,9999.000,9999.000,9999.000,9999.000,9999.000,9999.000
202606021854,   0.376,   1.982,9999.000,9999.000,9999.000,9999.000,9999.000,9999.000,9999.000
202606021900,   0.376,   1.972,   1.400,   0.196,   1.972,   1.300,   1.872,   1.600,   2.172
202606021906,   0.379,   1.929,9999.000,9999.000,9999.000,9999.000,9999.000,9999.000,9999.000
202606021912,   0.386,   1.841,9999.000,9999.000,9999.000,9999.000,9999.000,9999.000,9999.000
202606021918,   0.397,   1.742,9999.000,9999.000,9999.000,9999.000,9999.000,9999.000,9999.000
202606021924,   0.412,   1.729,9999.000,9999.000,9999.000,9999.000,9999.000,9999.000,9999.000
202606021930,   0.431,   1.791,9999.000,9999.000,9999.000,9999.000,9999.000,9999.000,9999.000
202606021936,   0.455,   1.782,9999.000,9999.000,9999.000,9999.000,9999.000,9999.000,9999.000
202606021942,   0.481,   1.801,9999.000,9999.000,9999.000,9999.000,9999.000,9999.000,9999.000
202606021948,   0.512,   1.821,9999.000,9999.000,9999.000,9999.000,9999.000,9999.000,9999.000
202606021954,   0.546,   1.811,9999.000,9999.000,9999.000,9999.000,9999.000,9999.000,9999.000
202606022000,   0.584,   1.782,   1.400,  -0.202,   1.782,   1.300,   1.682,   1.500,   1.882
202606022006,   0.625,   1.801,9999.000,9999.000,9999.000,9999.000,9999.000,9999.000,9999.000
202606022012,   0.669,   1.791,9999.000,9999.000,9999.000,9999.000,9999.000,9999.000,9999.000
202606022018,   0.716,   1.772,9999.000,9999.000,9999.000,9999.000,9999.000,9999.000,9999.000
202606022024,   0.767,   1.801,9999.000,9999.000,9999.000,9999.000,9999.000,9999.000,9999.000
202606022030,   0.819,   1.821,9999.000,9999.000,9999.000,9999.000,9999.000,9999.000,9999.000
202606022036,   0.874,   1.870,9999.000,9999.000,9999.000,9999.000,9999.000,9999.000,9999.000
202606022042,   0.932,   1.952,9999.000,9999.000,9999.000,9999.000,9999.000,9999.000,9999.000
202606022048,   0.991,   2.011,9999.000,9999.000,9999.000,9999.000,9999.000,9999.000,9999.000
202606022054,   1.052,   2.021,9999.000,9999.000,9999.000,9999.000,9999.000,9999.000,9999.000
202606022100,   1.115,   2.051,   1.300,  -0.364,   2.051,   1.200,   1.951,   1.400,   2.151
202606022106,   1.180,   2.080,9999.000,9999.000,9999.000,9999.000,9999.000,9999.000,9999.000
202606022112,   1.245,   2.139,9999.000,9999.000,9999.000,9999.000,9999.000,9999.000,9999.000
202606022118,   1.312,   2.231,9999.000,9999.000,9999.000,9999.000,9999.000,9999.000,9999.000
202606022124,   1.380,   2.289,9999.000,9999.000,9999.000,9999.000,9999.000,9999.000,9999.000
202606022130,   1.448,   2.309,9999.000,9999.000,9999.000,9999.000,9999.000,9999.000,9999.000
202606022136,   1.518,   2.309,9999.000,9999.000,9999.000,9999.000,9999.000,9999.000,9999.000
202606022142,   1.587,   2.319,9999.000,9999.000,9999.000,9999.000,9999.000,9999.000,9999.000
202606022148,   1.658,   2.371,9999.000,9999.000,9999.000,9999.000,9999.000,9999.000,9999.000
202606022154,   1.728,   2.479,9999.000,9999.000,9999.000,9999.000,9999.000,9999.000,9999.000
202606022200,   1.799,   2.630,   1.200,  -0.369,   2.630,   1.100,   2.530,   1.300,   2.730
202606022206,   1.869,   2.729,9999.000,9999.000,9999.000,9999.000,9999.000,9999.000,9999.000
202606022212,   1.940,   2.791,9999.000,9999.000,9999.000,9999.000,9999.000,9999.000,9999.000
202606022218,   2.010,   2.840,9999.000,9999.000,9999.000,9999.000,9999.000,9999.000,9999.000
202606022224,   2.081,   2.830,9999.000,9999.000,9999.000,9999.000,9999.000,9999.000,9999.000
202606022230,   2.151,   2.860,9999.000,9999.000,9999.000,9999.000,9999.000,9999.000,9999.000
202606022236,   2.220,   2.948,9999.000,9999.000,9999.000,9999.000,9999.000,9999.000,9999.000
202606022242,   2.289,   3.030,9999.000,9999.000,9999.000,9999.000,9999.000,9999.000,9999.000
202606022248,   2.357,   3.119,9999.000,9999.000,9999.000,9999.000,9999.000,9999.000,9999.000
202606022254,   2.425,   3.201,9999.000,9999.000,9999.000,9999.000,9999.000,9999.000,9999.000
202606022300,   2.491,   3.280,   1.100,  -0.311,   3.280,   1.000,   3.180,   1.200,   3.380
202606022306,   2.557,   3.339,9999.000,9999.000,9999.000,9999.000,9999.000,9999.000,9999.000
202606022312,   2.621,   3.411,9999.000,9999.000,9999.000,9999.000,9999.000,9999.000,9999.000
202606022318,   2.684,   3.470,9999.000,9999.000,9999.000,9999.000,9999.000,9999.000,9999.000
202606022324,   2.745,   3.509,9999.000,9999.000,9999.000,9999.000,9999.000,9999.000,9999.000
202606022330,   2.805,   3.568,9999.000,9999.000,9999.000,9999.000,9999.000,9999.000,9999.000
202606022336,   2.863,   3.660,9999.000,9999.000,9999.000,9999.000,9999.000,9999.000,9999.000
202606022342,   2.920,   3.719,9999.000,9999.000,9999.000,9999.000,9999.000,9999.000,9999.000
202606022348,   2.973,   3.788,9999.000,9999.000,9999.000,9999.000,9999.000,9999.000,9999.000
202606022354,   3.025,   3.850,9999.000,9999.000,9999.000,9999.000,9999.000,9999.000,9999.000
202606030000,   3.074,   3.899,   0.900,  -0.075,   3.899,   0.800,   3.799,   0.900,   3.899
202606030006,   3.121,   3.929,9999.000,9999.000,9999.000,9999.000,9999.000,9999.000,9999.000
202606030012,   3.164,   3.959,9999.000,9999.000,9999.000,9999.000,9999.000,9999.000,9999.000
202606030018,   3.205,   4.008,9999.000,9999.000,9999.000,9999.000,9999.000,9999.000,9999.000
202606030024,   3.242,   4.060,9999.000,9999.000,9999.000,9999.000,9999.000,9999.000,9999.000
202606030030,   3.276,   4.119,9999.000,9999.000,9999.000,9999.000,9999.000,9999.000,9999.000
202606030036,   3.307,   4.188,9999.000,9999.000,9999.000,9999.000,9999.000,9999.000,9999.000
202606030042,   3.333,   4.241,9999.000,9999.000,9999.000,9999.000,9999.000,9999.000,9999.000
202606030048,   3.357,   4.270,9999.000,9999.000,9999.000,9999.000,9999.000,9999.000,9999.000
202606030054,   3.376,   4.319,9999.000,9999.000,9999.000,9999.000,9999.000,9999.000,9999.000
202606030100,   3.391,   4.369,   0.800,   0.178,   4.369,   0.800,   4.369,   0.800,   4.369
202606030106,   3.403,   4.418,9999.000,9999.000,9999.000,9999.000,9999.000,9999.000,9999.000
202606030112,   3.410,   4.460,9999.000,9999.000,9999.000,9999.000,9999.000,9999.000,9999.000
202606030118,   3.413,   4.470,9999.000,9999.000,9999.000,9999.000,9999.000,9999.000,9999.000
202606030124,   3.413,   4.480,9999.000,9999.000,9999.000,9999.000,9999.000,9999.000,9999.000
202606030130,   3.408,   4.490,9999.000,9999.000,9999.000,9999.000,9999.000,9999.000,9999.000
202606030136,   3.400,   4.519,9999.000,9999.000,9999.000,9999.000,9999.000,9999.000,9999.000
202606030142,   3.387,   4.539,9999.000,9999.000,9999.000,9999.000,9999.000,9999.000,9999.000
202606030148,   3.371,   4.539,9999.000,9999.000,9999.000,9999.000,9999.000,9999.000,9999.000
202606030154,   3.351,   4.549,9999.000,9999.000,9999.000,9999.000,9999.000,9999.000,9999.000
202606030200,   3.328,   4.539,   0.800,   0.411,   4.539,   0.700,   4.439,   0.800,   4.539
202606030206,   3.301,   4.519,9999.000,9999.000,9999.000,9999.000,9999.000,9999.000,9999.000
202606030212,   3.271,   4.519,9999.000,9999.000,9999.000,9999.000,9999.000,9999.000,9999.000
202606030218,   3.238,   4.500,9999.000,9999.000,9999.000,9999.000,9999.000,9999.000,9999.000
202606030224,   3.202,   4.500,9999.000,9999.000,9999.000,9999.000,9999.000,9999.000,9999.000
202606030230,   3.164,   4.519,9999.000,9999.000,9999.000,9999.000,9999.000,9999.000,9999.000
202606030236,   3.122,   4.539,9999.000,9999.000,9999.000,9999.000,9999.000,9999.000,9999.000
202606030242,   3.079,   4.519,9999.000,9999.000,9999.000,9999.000,9999.000,9999.000,9999.000
202606030248,   3.033,   4.480,9999.000,9999.000,9999.000,9999.000,9999.000,9999.000,9999.000
202606030254,   2.985,   4.428,9999.000,9999.000,9999.000,9999.000,9999.000,9999.000,9999.000
202606030300,   2.935,   4.339,   0.700,   0.704,   4.339,   0.700,   4.339,   0.800,   4.439
202606030306,   2.884,   4.300,9999.000,9999.000,9999.000,9999.000,9999.000,9999.000,9999.000
202606030312,   2.831,   4.309,9999.000,9999.000,9999.000,9999.000,9999.000,9999.000,9999.000
202606030318,   2.776,   4.270,9999.000,9999.000,9999.000,9999.000,9999.000,9999.000,9999.000
202606030324,   2.721,   4.218,9999.000,9999.000,9999.000,9999.000,9999.000,9999.000,9999.000
202606030330,   2.664,   4.208,9999.000,9999.000,9999.000,9999.000,9999.000,9999.000,9999.000
202606030336,   2.606,   4.168,9999.000,9999.000,9999.000,9999.000,9999.000,9999.000,9999.000
202606030342,   2.548,   4.139,9999.000,9999.000,9999.000,9999.000,9999.000,9999.000,9999.000
202606030348,   2.488,   4.129,9999.000,9999.000,9999.000,9999.000,9999.000,9999.000,9999.000
202606030354,   2.428,   4.070,9999.000,9999.000,9999.000,9999.000,9999.000,9999.000,9999.000
202606030400,   2.367,   3.978,   0.700,   0.911,   3.978,   0.700,   3.978,   0.700,   3.978
202606030406,   2.305,   3.919,9999.000,9999.000,9999.000,9999.000,9999.000,9999.000,9999.000
202606030412,   2.243,   3.860,9999.000,9999.000,9999.000,9999.000,9999.000,9999.000,9999.000
202606030418,   2.180,   3.778,9999.000,9999.000,9999.000,9999.000,9999.000,9999.000,9999.000
202606030424,   2.117,   3.699,9999.000,9999.000,9999.000,9999.000,9999.000,9999.000,9999.000
202606030430,   2.053,   3.608,9999.000,9999.000,9999.000,9999.000,9999.000,9999.000,9999.000
202606030436,   1.989,   3.519,9999.000,9999.000,9999.000,9999.000,9999.000,9999.000,9999.000
202606030442,   1.924,   3.440,9999.000,9999.000,9999.000,9999.000,9999.000,9999.000,9999.000
202606030448,   1.859,   3.329,9999.000,9999.000,9999.000,9999.000,9999.000,9999.000,9999.000
202606030454,   1.794,   3.230,9999.000,9999.000,9999.000,9999.000,9999.000,9999.000,9999.000
202606030500,   1.729,   3.158,   0.600,   0.829,   3.158,   0.600,   3.158,   0.700,   3.258
202606030506,   1.664,   3.079,9999.000,9999.000,9999.000,9999.000,9999.000,9999.000,9999.000
202606030512,   1.598,   2.991,9999.000,9999.000,9999.000,9999.000,9999.000,9999.000,9999.000
202606030518,   1.533,   2.899,9999.000,9999.000,9999.000,9999.000,9999.000,9999.000,9999.000
202606030524,   1.468,   2.811,9999.000,9999.000,9999.000,9999.000,9999.000,9999.000,9999.000
202606030530,   1.403,   2.719,9999.000,9999.000,9999.000,9999.000,9999.000,9999.000,9999.000
202606030536,   1.339,   2.601,9999.000,9999.000,9999.000,9999.000,9999.000,9999.000,9999.000
202606030542,   1.275,   2.479,9999.000,9999.000,9999.000,9999.000,9999.000,9999.000,9999.000
202606030548,   1.212,   2.381,9999.000,9999.000,9999.000,9999.000,9999.000,9999.000,9999.000
202606030554,   1.150,   2.299,9999.000,9999.000,9999.000,9999.000,9999.000,9999.000,9999.000
202606030600,   1.089,   2.241,   0.600,   0.552,   2.241,   0.500,   2.141,   0.600,   2.241
202606030606,   1.030,   2.211,9999.000,9999.000,9999.000,9999.000,9999.000,9999.000,9999.000
202606030612,   0.972,   2.139,9999.000,9999.000,9999.000,9999.000,9999.000,9999.000,9999.000
202606030618,   0.916,   2.031,9999.000,9999.000,9999.000,9999.000,9999.000,9999.000,9999.000
202606030624,   0.862,   1.919,9999.000,9999.000,9999.000,9999.000,9999.000,9999.000,9999.000
202606030630,   0.810,   1.831,9999.000,9999.000,9999.000,9999.000,9999.000,9999.000,9999.000
202606030636,   0.761,   1.729,9999.000,9999.000,9999.000,9999.000,9999.000,9999.000,9999.000
202606030642,   0.714,   1.631,9999.000,9999.000,9999.000,9999.000,9999.000,9999.000,9999.000
202606030648,   0.670,   1.601,9999.000,9999.000,9999.000,9999.000,9999.000,9999.000,9999.000
202606030654,   0.629,   1.582,9999.000,9999.000,9999.000,9999.000,9999.000,9999.000,9999.000
202606030700,   0.591,   1.542,   0.600,   0.351,   1.542,   0.500,   1.442,   0.600,   1.542
202606030706,   0.557,   1.509,9999.000,9999.000,9999.000,9999.000,9999.000,9999.000,9999.000
202606030712,   0.526,   1.431,9999.000,9999.000,9999.000,9999.000,9999.000,9999.000,9999.000
202606030718,   0.498,   1.332,9999.000,9999.000,9999.000,9999.000,9999.000,9999.000,9999.000
202606030724,   0.475,   1.270,9999.000,9999.000,9999.000,9999.000,9999.000,9999.000,9999.000
202606030730,   0.455,   1.240,9999.000,9999.000,9999.000,9999.000,9999.000,9999.000,9999.000
202606030736,   0.439,   1.240,9999.000,9999.000,9999.000,9999.000,9999.000,9999.000,9999.000
202606030742,   0.427,   1.231,9999.000,9999.000,9999.000,9999.000,9999.000,9999.000,9999.000
202606030748,   0.419,   1.191,9999.000,9999.000,9999.000,9999.000,9999.000,9999.000,9999.000
202606030754,   0.414,   1.172,9999.000,9999.000,9999.000,9999.000,9999.000,9999.000,9999.000
202606030800,   0.414,   1.172,   0.600,   0.158,   1.172,   0.500,   1.072,   0.600,   1.172
202606030806,   0.417,   1.109,9999.000,9999.000,9999.000,9999.000,9999.000,9999.000,9999.000
202606030812,   0.424,   1.070,9999.000,9999.000,9999.000,9999.000,9999.000,9999.000,9999.000
202606030818,   0.435,   1.070,9999.000,9999.000,9999.000,9999.000,9999.000,9999.000,9999.000
202606030824,   0.449,   1.060,9999.000,9999.000,9999.000,9999.000,9999.000,9999.000,9999.000
202606030830,   0.467,   1.031,9999.000,9999.000,9999.000,9999.000,9999.000,9999.000,9999.000
202606030836,   0.488,   1.060,9999.000,9999.000,9999.000,9999.000,9999.000,9999.000,9999.000
202606030842,   0.511,   1.099,9999.000,9999.000,9999.000,9999.000,9999.000,9999.000,9999.000
202606030848,   0.538,   1.099,9999.000,9999.000,9999.000,9999.000,9999.000,9999.000,9999.000
202606030854,   0.568,   1.109,9999.000,9999.000,9999.000,9999.000,9999.000,9999.000,9999.000
202606030900,   0.600,   1.122,   0.600,  -0.078,   1.122,   0.500,   1.022,   0.600,   1.122
202606030906,   0.635,   1.099,9999.000,9999.000,9999.000,9999.000,9999.000,9999.000,9999.000
202606030912,   0.671,   1.142,9999.000,9999.000,9999.000,9999.000,9999.000,9999.000,9999.000
202606030918,   0.710,   1.201,9999.000,9999.000,9999.000,9999.000,9999.000,9999.000,9999.000
202606030924,   0.751,   1.270,9999.000,9999.000,9999.000,9999.000,9999.000,9999.000,9999.000
202606030930,   0.793,   1.342,9999.000,9999.000,9999.000,9999.000,9999.000,9999.000,9999.000
202606030936,   0.837,   1.362,9999.000,9999.000,9999.000,9999.000,9999.000,9999.000,9999.000
202606030942,   0.882,   1.362,9999.000,9999.000,9999.000,9999.000,9999.000,9999.000,9999.000
202606030948,   0.929,   1.401,9999.000,9999.000,9999.000,9999.000,9999.000,9999.000,9999.000
202606030954,   0.977,   1.421,9999.000,9999.000,9999.000,9999.000,9999.000,9999.000,9999.000
202606031000,   1.025,   1.450,   0.600,  -0.175,   1.450,   0.500,   1.350,   0.600,   1.450
202606031006,   1.075,   1.552,9999.000,9999.000,9999.000,9999.000,9999.000,9999.000,9999.000
202606031012,   1.125,   1.611,9999.000,9999.000,9999.000,9999.000,9999.000,9999.000,9999.000
202606031018,   1.175,   1.621,9999.000,9999.000,9999.000,9999.000,9999.000,9999.000,9999.000
202606031024,   1.227,   1.641,9999.000,9999.000,9999.000,9999.000,9999.000,9999.000,9999.000
202606031030,   1.278,   1.660,9999.000,9999.000,9999.000,9999.000,9999.000,9999.000,9999.000
202606031036,   1.330,   1.660,9999.000,9999.000,9999.000,9999.000,9999.000,9999.000,9999.000
202606031042,   1.383,   1.742,9999.000,9999.000,9999.000,9999.000,9999.000,9999.000,9999.000
202606031048,   1.435,   1.831,9999.000,9999.000,9999.000,9999.000,9999.000,9999.000,9999.000
202606031054,   1.488,   1.870,9999.000,9999.000,9999.000,9999.000,9999.000,9999.000,9999.000
202606031100,   1.540,   1.939,   0.600,  -0.201,   1.939,   0.500,   1.839,   0.600,   1.939
202606031106,   1.592,   2.051,9999.000,9999.000,9999.000,9999.000,9999.000,9999.000,9999.000
202606031112,   1.644,   2.090,9999.000,9999.000,9999.000,9999.000,9999.000,9999.000,9999.000
202606031118,   1.696,   2.110,9999.000,9999.000,9999.000,9999.000,9999.000,9999.000,9999.000
202606031124,   1.747,   2.129,9999.000,9999.000,9999.000,9999.000,9999.000,9999.000,9999.000
202606031130,   1.798,   2.172,9999.000,9999.000,9999.000,9999.000,9999.000,9999.000,9999.000
202606031136,   1.848,   2.211,9999.000,9999.000,9999.000,9999.000,9999.000,9999.000,9999.000
202606031142,   1.897,   2.279,9999.000,9999.000,9999.000,9999.000,9999.000,9999.000,9999.000
202606031148,   1.945,   2.371,9999.000,9999.000,9999.000,9999.000,9999.000,9999.000,9999.000
202606031154,   1.992,   2.469,9999.000,9999.000,9999.000,9999.000,9999.000,9999.000,9999.000
202606031200,   2.038,   2.558,   0.500,   0.020,   2.558,   0.500,   2.558,   0.500,   2.558
202606031206,   2.082,   2.660,9999.000,9999.000,9999.000,9999.000,9999.000,9999.000,9999.000
202606031212,   2.125,   2.709,9999.000,9999.000,9999.000,9999.000,9999.000,9999.000,9999.000
202606031218,   2.166,   2.748,9999.000,9999.000,9999.000,9999.000,9999.000,9999.000,9999.000
202606031224,   2.205,   2.811,9999.000,9999.000,9999.000,9999.000,9999.000,9999.000,9999.000
202606031230,   2.242,   2.879,9999.000,9999.000,9999.000,9999.000,9999.000,9999.000,9999.000
202606031236,   2.276,   2.938,9999.000,9999.000,9999.000,9999.000,9999.000,9999.000,9999.000
202606031242,   2.308,   3.001,9999.000,9999.000,9999.000,9999.000,9999.000,9999.000,9999.000
202606031248,   2.337,   3.070,9999.000,9999.000,9999.000,9999.000,9999.000,9999.000,9999.000
202606031254,   2.364,   3.129,9999.000,9999.000,9999.000,9999.000,9999.000,9999.000,9999.000
202606031300,   2.388,   3.168,   0.500,   0.280,   3.168,   0.500,   3.168,   0.500,   3.168
202606031306,   2.408,   3.221,9999.000,9999.000,9999.000,9999.000,9999.000,9999.000,9999.000
202606031312,   2.426,   3.280,9999.000,9999.000,9999.000,9999.000,9999.000,9999.000,9999.000
202606031318,   2.440,   3.339,9999.000,9999.000,9999.000,9999.000,9999.000,9999.000,9999.000
202606031324,   2.451,   3.388,9999.000,9999.000,9999.000,9999.000,9999.000,9999.000,9999.000
202606031330,   2.459,   3.440,9999.000,9999.000,9999.000,9999.000,9999.000,9999.000,9999.000
202606031336,   2.463,   3.460,9999.000,9999.000,9999.000,9999.000,9999.000,9999.000,9999.000
202606031342,   2.464,   3.450,9999.000,9999.000,9999.000,9999.000,9999.000,9999.000,9999.000
202606031348,   2.462,   3.470,9999.000,9999.000,9999.000,9999.000,9999.000,9999.000,9999.000
202606031354,   2.456,   3.480,9999.000,9999.000,9999.000,9999.000,9999.000,9999.000,9999.000
202606031400,   2.447,   3.489,   0.500,   0.542,   3.489,   0.500,   3.489,   0.500,   3.489
202606031406,   2.434,   3.519,9999.000,9999.000,9999.000,9999.000,9999.000,9999.000,9999.000
202606031412,   2.419,   3.539,9999.000,9999.000,9999.000,9999.000,9999.000,9999.000,9999.000
202606031418,   2.400,   3.568,9999.000,9999.000,9999.000,9999.000,9999.000,9999.000,9999.000
202606031424,   2.379,   3.621,9999.000,9999.000,9999.000,9999.000,9999.000,9999.000,9999.000
202606031430,   2.355,   3.621,9999.000,9999.000,9999.000,9999.000,9999.000,9999.000,9999.000
202606031436,   2.328,   3.598,9999.000,9999.000,9999.000,9999.000,9999.000,9999.000,9999.000
202606031442,   2.299,   3.578,9999.000,9999.000,9999.000,9999.000,9999.000,9999.000,9999.000
202606031448,   2.267,   3.509,9999.000,9999.000,9999.000,9999.000,9999.000,9999.000,9999.000
202606031454,   2.234,   3.480,9999.000,9999.000,9999.000,9999.000,9999.000,9999.000,9999.000
202606031500,   2.199,   3.480,   0.500,   0.781,   3.480,   0.500,   3.480,   0.500,   3.480
202606031506,   2.162,   3.460,9999.000,9999.000,9999.000,9999.000,9999.000,9999.000,9999.000
202606031512,   2.123,   3.460,9999.000,9999.000,9999.000,9999.000,9999.000,9999.000,9999.000
202606031518,   2.083,   3.440,9999.000,9999.000,9999.000,9999.000,9999.000,9999.000,9999.000
202606031524,   2.042,   3.378,9999.000,9999.000,9999.000,9999.000,9999.000,9999.000,9999.000
202606031530,   2.000,   3.348,9999.000,9999.000,9999.000,9999.000,9999.000,9999.000,9999.000
202606031536,   1.958,   3.289,9999.000,9999.000,9999.000,9999.000,9999.000,9999.000,9999.000
202606031542,   1.914,   3.221,9999.000,9999.000,9999.000,9999.000,9999.000,9999.000,9999.000
202606031548,   1.870,   3.201,9999.000,9999.000,9999.000,9999.000,9999.000,9999.000,9999.000
202606031554,   1.826,   3.168,9999.000,9999.000,9999.000,9999.000,9999.000,9999.000,9999.000
202606031600,   1.781,   3.139,   0.500,   0.858,   3.139,   0.400,   3.039,   0.500,   3.139
202606031606,   1.736,   3.099,9999.000,9999.000,9999.000,9999.000,9999.000,9999.000,9999.000
202606031612,   1.690,   3.050,9999.000,9999.000,9999.000,9999.000,9999.000,9999.000,9999.000
202606031618,   1.645,   3.011,9999.000,9999.000,9999.000,9999.000,9999.000,9999.000,9999.000
202606031624,   1.600,   2.919,9999.000,9999.000,9999.000,9999.000,9999.000,9999.000,9999.000
202606031630,   1.554,   2.850,9999.000,9999.000,9999.000,9999.000,9999.000,9999.000,9999.000
202606031636,   1.509,   2.820,9999.000,9999.000,9999.000,9999.000,9999.000,9999.000,9999.000
202606031642,   1.464,   2.778,9999.000,9999.000,9999.000,9999.000,9999.000,9999.000,9999.000
202606031648,   1.418,   2.738,9999.000,9999.000,9999.000,9999.000,9999.000,9999.000,9999.000
202606031654,   1.373,   2.689,9999.000,9999.000,9999.000,9999.000,9999.000,9999.000,9999.000
202606031700,   1.328,   2.640,   0.500,   0.812,   2.640,   0.400,   2.540,   0.500,   2.640
202606031706,   1.284,   2.591,9999.000,9999.000,9999.000,9999.000,9999.000,9999.000,9999.000
202606031712,   1.239,   2.538,9999.000,9999.000,9999.000,9999.000,9999.000,9999.000,9999.000
202606031718,   1.195,   2.479,9999.000,9999.000,9999.000,9999.000,9999.000,9999.000,9999.000
202606031724,   1.151,   2.430,9999.000,9999.000,9999.000,9999.000,9999.000,9999.000,9999.000
202606031730,   1.107,   2.338,9999.000,9999.000,9999.000,9999.000,9999.000,9999.000,9999.000
202606031736,   1.064,   2.279,9999.000,9999.000,9999.000,9999.000,9999.000,9999.000,9999.000
202606031742,   1.021,   2.241,9999.000,9999.000,9999.000,9999.000,9999.000,9999.000,9999.000
202606031748,   0.979,   2.201,9999.000,9999.000,9999.000,9999.000,9999.000,9999.000,9999.000
202606031754,   0.937,   2.182,9999.000,9999.000,9999.000,9999.000,9999.000,9999.000,9999.000
202606031800,   0.897,   2.119,   0.400,   0.822,   2.119,   0.400,   2.119,   0.500,   2.219
202606031806,   0.857,   2.011,9999.000,9999.000,9999.000,9999.000,9999.000,9999.000,9999.000
202606031812,   0.818,   1.939,9999.000,9999.000,9999.000,9999.000,9999.000,9999.000,9999.000
202606031818,   0.780,   1.860,9999.000,9999.000,9999.000,9999.000,9999.000,9999.000,9999.000
202606031824,   0.744,   1.782,9999.000,9999.000,9999.000,9999.000,9999.000,9999.000,9999.000
202606031830,   0.709,   1.762,9999.000,9999.000,9999.000,9999.000,9999.000,9999.000,9999.000
202606031836,   0.676,   1.719,9999.000,9999.000,9999.000,9999.000,9999.000,9999.000,9999.000
202606031842,   0.644,   1.670,9999.000,9999.000,9999.000,9999.000,9999.000,9999.000,9999.000
202606031848,   0.615,   1.631,9999.000,9999.000,9999.000,9999.000,9999.000,9999.000,9999.000
202606031854,   0.588,   1.611,9999.000,9999.000,9999.000,9999.000,9999.000,9999.000,9999.000
202606031900,   0.564,   1.572,   0.400,   0.608,   1.572,   0.400,   1.572,   0.500,   1.672
202606031906,   0.542,   1.529,9999.000,9999.000,9999.000,9999.000,9999.000,9999.000,9999.000
202606031912,   0.523,   1.441,9999.000,9999.000,9999.000,9999.000,9999.000,9999.000,9999.000
202606031918,   0.507,   1.391,9999.000,9999.000,9999.000,9999.000,9999.000,9999.000,9999.000
202606031924,   0.494,   1.362,9999.000,9999.000,9999.000,9999.000,9999.000,9999.000,9999.000
202606031930,   0.484,   1.352,9999.000,9999.000,9999.000,9999.000,9999.000,9999.000,9999.000
202606031936,   0.478,   1.342,9999.000,9999.000,9999.000,9999.000,9999.000,9999.000,9999.000
202606031942,   0.475,   1.309,9999.000,9999.000,9999.000,9999.000,9999.000,9999.000,9999.000
202606031948,   0.476,   1.221,9999.000,9999.000,9999.000,9999.000,9999.000,9999.000,9999.000
202606031954,   0.480,   1.162,9999.000,9999.000,9999.000,9999.000,9999.000,9999.000,9999.000
202606032000,   0.489,   1.132,   0.400,   0.243,   1.132,   0.400,   1.132,   0.500,   1.232
202606032006,   0.500,   1.142,9999.000,9999.000,9999.000,9999.000,9999.000,9999.000,9999.000
202606032012,   0.516,   1.181,9999.000,9999.000,9999.000,9999.000,9999.000,9999.000,9999.000
202606032018,   0.535,   1.201,9999.000,9999.000,9999.000,9999.000,9999.000,9999.000,9999.000
202606032024,   0.558,   1.211,9999.000,9999.000,9999.000,9999.000,9999.000,9999.000,9999.000
202606032030,   0.585,   1.240,9999.000,9999.000,9999.000,9999.000,9999.000,9999.000,9999.000
202606032036,   0.615,   1.260,9999.000,9999.000,9999.000,9999.000,9999.000,9999.000,9999.000
202606032042,   0.649,   1.231,9999.000,9999.000,9999.000,9999.000,9999.000,9999.000,9999.000
202606032048,   0.685,   1.211,9999.000,9999.000,9999.000,9999.000,9999.000,9999.000,9999.000
202606032054,   0.725,   1.221,9999.000,9999.000,9999.000,9999.000,9999.000,9999.000,9999.000
202606032100,   0.768,   1.240,   0.400,   0.072,   1.240,   0.400,   1.240,   0.500,   1.340
202606032106,   0.814,   1.260,9999.000,9999.000,9999.000,9999.000,9999.000,9999.000,9999.000
202606032112,   0.862,   1.309,9999.000,9999.000,9999.000,9999.000,9999.000,9999.000,9999.000
202606032118,   0.913,   1.372,9999.000,9999.000,9999.000,9999.000,9999.000,9999.000,9999.000
202606032124,   0.967,   1.431,9999.000,9999.000,9999.000,9999.000,9999.000,9999.000,9999.000
202606032130,   1.022,   1.470,9999.000,9999.000,9999.000,9999.000,9999.000,9999.000,9999.000
202606032136,   1.079,   1.509,9999.000,9999.000,9999.000,9999.000,9999.000,9999.000,9999.000
202606032142,   1.138,   1.529,9999.000,9999.000,9999.000,9999.000,9999.000,9999.000,9999.000
202606032148,   1.199,   1.542,9999.000,9999.000,9999.000,9999.000,9999.000,9999.000,9999.000
202606032154,   1.261,   1.582,9999.000,9999.000,9999.000,9999.000,9999.000,9999.000,9999.000
202606032200,   1.324,   1.611,   0.500,  -0.213,   1.611,   0.500,   1.611,   0.500,   1.611
202606032206,   1.388,   1.641,9999.000,9999.000,9999.000,9999.000,9999.000,9999.000,9999.000
202606032212,   1.453,   1.719,9999.000,9999.000,9999.000,9999.000,9999.000,9999.000,9999.000
202606032218,   1.519,   1.782,9999.000,9999.000,9999.000,9999.000,9999.000,9999.000,9999.000
202606032224,   1.585,   1.880,9999.000,9999.000,9999.000,9999.000,9999.000,9999.000,9999.000
202606032230,   1.652,   1.962,9999.000,9999.000,9999.000,9999.000,9999.000,9999.000,9999.000
202606032236,   1.719,   2.041,9999.000,9999.000,9999.000,9999.000,9999.000,9999.000,9999.000
202606032242,   1.786,   2.110,9999.000,9999.000,9999.000,9999.000,9999.000,9999.000,9999.000
202606032248,   1.853,   2.149,9999.000,9999.000,9999.000,9999.000,9999.000,9999.000,9999.000
202606032254,   1.921,   2.192,9999.000,9999.000,9999.000,9999.000,9999.000,9999.000,9999.000
202606032300,   1.988,   2.241,   0.500,  -0.247,   2.241,   0.400,   2.141,   0.500,   2.241
202606032306,   2.055,   2.279,9999.000,9999.000,9999.000,9999.000,9999.000,9999.000,9999.000
202606032312,   2.122,   2.371,9999.000,9999.000,9999.000,9999.000,9999.000,9999.000,9999.000
202606032318,   2.188,   2.489,9999.000,9999.000,9999.000,9999.000,9999.000,9999.000,9999.000
202606032324,   2.254,   2.568,9999.000,9999.000,9999.000,9999.000,9999.000,9999.000,9999.000
202606032330,   2.319,   2.610,9999.000,9999.000,9999.000,9999.000,9999.000,9999.000,9999.000
202606032336,   2.383,   2.650,9999.000,9999.000,9999.000,9999.000,9999.000,9999.000,9999.000
202606032342,   2.447,   2.679,9999.000,9999.000,9999.000,9999.000,9999.000,9999.000,9999.000
202606032348,   2.509,   2.729,9999.000,9999.000,9999.000,9999.000,9999.000,9999.000,9999.000
202606032354,   2.571,   2.791,9999.000,9999.000,9999.000,9999.000,9999.000,9999.000,9999.000
202606040000,   2.631,   2.879,   0.400,  -0.152,   2.879,   0.400,   2.879,   0.400,   2.879
202606040006,   2.690,   2.978,9999.000,9999.000,9999.000,9999.000,9999.000,9999.000,9999.000
202606040012,   2.747,   3.040,9999.000,9999.000,9999.000,9999.000,9999.000,9999.000,9999.000
202606040018,   2.803,   3.079,9999.000,9999.000,9999.000,9999.000,9999.000,9999.000,9999.000
202606040024,   2.856,   3.158,9999.000,9999.000,9999.000,9999.000,9999.000,9999.000,9999.000
202606040030,   2.908,   3.240,9999.000,9999.000,9999.000,9999.000,9999.000,9999.000,9999.000
202606040036,   2.958,   3.319,9999.000,9999.000,9999.000,9999.000,9999.000,9999.000,9999.000
202606040042,   3.005,   3.398,9999.000,9999.000,9999.000,9999.000,9999.000,9999.000,9999.000
202606040048,   3.049,   3.460,9999.000,9999.000,9999.000,9999.000,9999.000,9999.000,9999.000
202606040054,   3.091,   3.549,9999.000,9999.000,9999.000,9999.000,9999.000,9999.000,9999.000
202606040100,   3.130,   3.650,   0.400,   0.120,   3.650,   0.400,   3.650,   0.400,   3.650
202606040106,   3.166,   3.690,9999.000,9999.000,9999.000,9999.000,9999.000,9999.000,9999.000
202606040112,   3.199,   3.709,9999.000,9999.000,9999.000,9999.000,9999.000,9999.000,9999.000
202606040118,   3.228,   3.749,9999.000,9999.000,9999.000,9999.000,9999.000,9999.000,9999.000
202606040124,   3.254,   3.808,9999.000,9999.000,9999.000,9999.000,9999.000,9999.000,9999.000
202606040130,   3.276,   3.860,9999.000,9999.000,9999.000,9999.000,9999.000,9999.000,9999.000
202606040136,   3.295,   3.949,9999.000,9999.000,9999.000,9999.000,9999.000,9999.000,9999.000
202606040142,   3.309,   4.008,9999.000,9999.000,9999.000,9999.000,9999.000,9999.000,9999.000
202606040148,   3.320,   4.050,9999.000,9999.000,9999.000,9999.000,9999.000,9999.000,9999.000
202606040154,   3.327,   4.090,9999.000,9999.000,9999.000,9999.000,9999.000,9999.000,9999.000
202606040200,   3.330,   4.100,   0.400,   0.370,   4.100,   0.400,   4.100,   0.400,   4.100
202606040206,   3.328,   4.100,9999.000,9999.000,9999.000,9999.000,9999.000,9999.000,9999.000
202606040212,   3.323,   4.139,9999.000,9999.000,9999.000,9999.000,9999.000,9999.000,9999.000
202606040218,   3.314,   4.149,9999.000,9999.000,9999.000,9999.000,9999.000,9999.000,9999.000
202606040224,   3.301,   4.159,9999.000,9999.000,9999.000,9999.000,9999.000,9999.000,9999.000
202606040230,   3.285,   4.178,9999.000,9999.000,9999.000,9999.000,9999.000,9999.000,9999.000
202606040236,   3.264,   4.178,9999.000,9999.000,9999.000,9999.000,9999.000,9999.000,9999.000
202606040242,   3.240,   4.178,9999.000,9999.000,9999.000,9999.000,9999.000,9999.000,9999.000
202606040248,   3.213,   4.168,9999.000,9999.000,9999.000,9999.000,9999.000,9999.000,9999.000
202606040254,   3.182,   4.168,9999.000,9999.000,9999.000,9999.000,9999.000,9999.000,9999.000
202606040300,   3.148,   4.178,   0.400,   0.630,   4.178,   0.400,   4.178,   0.400,   4.178
202606040306,   3.112,   4.168,9999.000,9999.000,9999.000,9999.000,9999.000,9999.000,9999.000
202606040312,   3.072,   4.159,9999.000,9999.000,9999.000,9999.000,9999.000,9999.000,9999.000
202606040318,   3.030,   4.129,9999.000,9999.000,9999.000,9999.000,9999.000,9999.000,9999.000
202606040324,   2.986,   4.090,9999.000,9999.000,9999.000,9999.000,9999.000,9999.000,9999.000
202606040330,   2.940,   4.060,9999.000,9999.000,9999.000,9999.000,9999.000,9999.000,9999.000
202606040336,   2.891,   4.050,9999.000,9999.000,9999.000,9999.000,9999.000,9999.000,9999.000
202606040342,   2.841,   4.041,9999.000,9999.000,9999.000,9999.000,9999.000,9999.000,9999.000
202606040348,   2.790,   4.008,9999.000,9999.000,9999.000,9999.000,9999.000,9999.000,9999.000
202606040354,   2.737,   3.988,9999.000,9999.000,9999.000,9999.000,9999.000,9999.000,9999.000
202606040400,   2.682,   3.959,   0.400,   0.877,   3.959,   0.400,   3.959,   0.400,   3.959
202606040406,   2.627,   3.919,9999.000,9999.000,9999.000,9999.000,9999.000,9999.000,9999.000
202606040412,   2.571,   3.870,9999.000,9999.000,9999.000,9999.000,9999.000,9999.000,9999.000
202606040418,   2.514,   3.808,9999.000,9999.000,9999.000,9999.000,9999.000,9999.000,9999.000
202606040424,   2.456,   3.758,9999.000,9999.000,9999.000,9999.000,9999.000,9999.000,9999.000
202606040430,   2.398,   3.699,9999.000,9999.000,9999.000,9999.000,9999.000,9999.000,9999.000
202606040436,   2.339,   3.631,9999.000,9999.000,9999.000,9999.000,9999.000,9999.000,9999.000
202606040442,   2.280,   3.568,9999.000,9999.000,9999.000,9999.000,9999.000,9999.000,9999.000
202606040448,   2.220,   3.499,9999.000,9999.000,9999.000,9999.000,9999.000,9999.000,9999.000
202606040454,   2.160,   3.450,9999.000,9999.000,9999.000,9999.000,9999.000,9999.000,9999.000
202606040500,   2.100,   3.411,   0.400,   0.911,   3.411,   0.400,   3.411,   0.400,   3.411
202606040506,   2.040,   3.299,9999.000,9999.000,9999.000,9999.000,9999.000,9999.000,9999.000
202606040512,   1.980,   3.240,9999.000,9999.000,9999.000,9999.000,9999.000,9999.000,9999.000
202606040518,   1.919,   3.178,9999.000,9999.000,9999.000,9999.000,9999.000,9999.000,9999.000
202606040524,   1.859,   3.099,9999.000,9999.000,9999.000,9999.000,9999.000,9999.000,9999.000
202606040530,   1.798,   3.079,9999.000,9999.000,9999.000,9999.000,9999.000,9999.000,9999.000
202606040536,   1.738,   3.020,9999.000,9999.000,9999.000,9999.000,9999.000,9999.000,9999.000
202606040542,   1.677,   2.938,9999.000,9999.000,9999.000,9999.000,9999.000,9999.000,9999.000
202606040548,   1.616,   2.879,9999.000,9999.000,9999.000,9999.000,9999.000,9999.000,9999.000
202606040554,   1.556,   2.778,9999.000,9999.000,9999.000,9999.000,9999.000,9999.000,9999.000
202606040600,   1.495,   2.719,   0.400,   0.824,   2.719,   0.400,   2.719,   0.400,   2.719
202606040606,   1.435,   2.650,9999.000,9999.000,9999.000,9999.000,9999.000,9999.000,9999.000
202606040612,   1.375,   2.528,9999.000,9999.000,9999.000,9999.000,9999.000,9999.000,9999.000
202606040618,   1.316,   2.469,9999.000,9999.000,9999.000,9999.000,9999.000,9999.000,9999.000
202606040624,   1.257,   2.401,9999.000,9999.000,9999.000,9999.000,9999.000,9999.000,9999.000
202606040630,   1.198,   2.289,9999.000,9999.000,9999.000,9999.000,9999.000,9999.000,9999.000
202606040636,   1.141,   2.221,9999.000,9999.000,9999.000,9999.000,9999.000,9999.000,9999.000
202606040642,   1.084,   2.162,9999.000,9999.000,9999.000,9999.000,9999.000,9999.000,9999.000
202606040648,   1.029,   2.070,9999.000,9999.000,9999.000,9999.000,9999.000,9999.000,9999.000
202606040654,   0.974,   2.001,9999.000,9999.000,9999.000,9999.000,9999.000,9999.000,9999.000
202606040700,   0.922,   1.929,   0.400,   0.607,   1.929,   0.400,   1.929,   0.400,   1.929
202606040706,   0.870,   1.841,9999.000,9999.000,9999.000,9999.000,9999.000,9999.000,9999.000
202606040712,   0.821,   1.762,9999.000,9999.000,9999.000,9999.000,9999.000,9999.000,9999.000
202606040718,   0.774,   1.690,9999.000,9999.000,9999.000,9999.000,9999.000,9999.000,9999.000
202606040724,   0.729,   1.631,9999.000,9999.000,9999.000,9999.000,9999.000,9999.000,9999.000
202606040730,   0.686,   1.572,9999.000,9999.000,9999.000,9999.000,9999.000,9999.000,9999.000
202606040736,   0.646,   1.519,9999.000,9999.000,9999.000,9999.000,9999.000,9999.000,9999.000
202606040742,   0.609,   1.490,9999.000,9999.000,9999.000,9999.000,9999.000,9999.000,9999.000
202606040748,   0.575,   1.460,9999.000,9999.000,9999.000,9999.000,9999.000,9999.000,9999.000
202606040754,   0.543,   1.421,9999.000,9999.000,9999.000,9999.000,9999.000,9999.000,9999.000
202606040800,   0.515,   1.362,   0.400,   0.447,   1.362,   0.400,   1.362,   0.400,   1.362
202606040806,   0.491,   1.290,9999.000,9999.000,9999.000,9999.000,9999.000,9999.000,9999.000
202606040812,   0.470,   1.231,9999.000,9999.000,9999.000,9999.000,9999.000,9999.000,9999.000
202606040818,   0.452,   1.211,9999.000,9999.000,9999.000,9999.000,9999.000,9999.000,9999.000
202606040824,   0.438,   1.181,9999.000,9999.000,9999.000,9999.000,9999.000,9999.000,9999.000
202606040830,   0.428,   1.142,9999.000,9999.000,9999.000,9999.000,9999.000,9999.000,9999.000
202606040836,   0.422,   1.132,9999.000,9999.000,9999.000,9999.000,9999.000,9999.000,9999.000
202606040842,   0.419,   1.122,9999.000,9999.000,9999.000,9999.000,9999.000,9999.000,9999.000
202606040848,   0.420,   1.099,9999.000,9999.000,9999.000,9999.000,9999.000,9999.000,9999.000
202606040854,   0.424,   1.142,9999.000,9999.000,9999.000,9999.000,9999.000,9999.000,9999.000
202606040900,   0.432,   1.162,   0.400,   0.330,   1.162,   0.400,   1.162,   0.400,   1.162
202606040906,   0.444,   1.109,9999.000,9999.000,9999.000,9999.000,9999.000,9999.000,9999.000
202606040912,   0.459,   1.080,9999.000,9999.000,9999.000,9999.000,9999.000,9999.000,9999.000
202606040918,   0.477,   1.080,9999.000,9999.000,9999.000,9999.000,9999.000,9999.000,9999.000
202606040924,   0.499,   1.090,9999.000,9999.000,9999.000,9999.000,9999.000,9999.000,9999.000
202606040930,   0.523,   1.132,9999.000,9999.000,9999.000,9999.000,9999.000,9999.000,9999.000
202606040936,   0.551,   1.201,9999.000,9999.000,9999.000,9999.000,9999.000,9999.000,9999.000
202606040942,   0.581,   1.240,9999.000,9999.000,9999.000,9999.000,9999.000,9999.000,9999.000
202606040948,   0.613,   1.260,9999.000,9999.000,9999.000,9999.000,9999.000,9999.000,9999.000
202606040954,   0.648,   1.250,9999.000,9999.000,9999.000,9999.000,9999.000,9999.000,9999.000
202606041000,   0.686,   1.231,   0.400,   0.145,   1.231,   0.400,   1.231,   0.400,   1.231
202606041006,   0.725,   1.211,9999.000,9999.000,9999.000,9999.000,9999.000,9999.000,9999.000
202606041012,   0.766,   1.231,9999.000,9999.000,9999.000,9999.000,9999.000,9999.000,9999.000
202606041018,   0.809,   1.309,9999.000,9999.000,9999.000,9999.000,9999.000,9999.000,9999.000
202606041024,   0.854,   1.401,9999.000,9999.000,9999.000,9999.000,9999.000,9999.000,9999.000
202606041030,   0.899,   1.480,9999.000,9999.000,9999.000,9999.000,9999.000,9999.000,9999.000
202606041036,   0.947,   1.542,9999.000,9999.000,9999.000,9999.000,9999.000,9999.000,9999.000
202606041042,   0.995,   1.562,9999.000,9999.000,9999.000,9999.000,9999.000,9999.000,9999.000
202606041048,   1.044,   1.552,9999.000,9999.000,9999.000,9999.000,9999.000,9999.000,9999.000
202606041054,   1.094,   1.562,9999.000,9999.000,9999.000,9999.000,9999.000,9999.000,9999.000
202606041100,   1.145,   1.601,   0.400,   0.056,   1.601,   0.400,   1.601,   0.400,   1.601
202606041106,   1.197,   1.641,9999.000,9999.000,9999.000,9999.000,9999.000,9999.000,9999.000
202606041112,   1.249,9999.000,9999.000,9999.000,9999.000,9999.000,9999.000,9999.000,9999.000
202606041118,   1.301,9999.000,9999.000,9999.000,9999.000,9999.000,9999.000,9999.000,9999.000
202606041124,   1.354,   1.821,9999.000,9999.000,9999.000,9999.000,9999.000,9999.000,9999.000
202606041130,   1.407,   1.870,9999.000,9999.000,9999.000,9999.000,9999.000,9999.000,9999.000
202606041136,   1.461,   1.929,9999.000,9999.000,9999.000,9999.000,9999.000,9999.000,9999.000
202606041142,   1.514,   2.021,9999.000,9999.000,9999.000,9999.000,9999.000,9999.000,9999.000
202606041148,   1.567,   2.100,9999.000,9999.000,9999.000,9999.000,9999.000,9999.000,9999.000
202606041154,   1.621,   2.162,9999.000,9999.000,9999.000,9999.000,9999.000,9999.000,9999.000
202606041200,   1.674,   2.211,   0.400,   0.137,   2.211,   0.300,   2.111,   0.400,   2.211
202606041206,   1.726,   2.241,9999.000,9999.000,9999.000,9999.000,9999.000,9999.000,9999.000
202606041212,   1.778,   2.241,9999.000,9999.000,9999.000,9999.000,9999.000,9999.000,9999.000
202606041218,   1.830,   2.289,9999.000,9999.000,9999.000,9999.000,9999.000,9999.000,9999.000
202606041224,   1.881,   2.348,9999.000,9999.000,9999.000,9999.000,9999.000,9999.000,9999.000
202606041230,   1.931,   2.420,9999.000,9999.000,9999.000,9999.000,9999.000,9999.000,9999.000
202606041236,   1.980,   2.519,9999.000,9999.000,9999.000,9999.000,9999.000,9999.000,9999.000
202606041242,   2.028,   2.610,9999.000,9999.000,9999.000,9999.000,9999.000,9999.000,9999.000
202606041248,   2.075,   2.669,9999.000,9999.000,9999.000,9999.000,9999.000,9999.000,9999.000
202606041254,   2.120,   2.748,9999.000,9999.000,9999.000,9999.000,9999.000,9999.000,9999.000
202606041300,   2.163,   2.811,   0.400,   0.248,   2.811,   0.300,   2.711,   0.400,   2.811
202606041306,   2.205,   2.850,9999.000,9999.000,9999.000,9999.000,9999.000,9999.000,9999.000
202606041312,   2.244,   2.889,9999.000,9999.000,9999.000,9999.000,9999.000,9999.000,9999.000
202606041318,   2.282,   2.919,9999.000,9999.000,9999.000,9999.000,9999.000,9999.000,9999.000
202606041324,   2.317,   2.968,9999.000,9999.000,9999.000,9999.000,9999.000,9999.000,9999.000
202606041330,   2.349,   3.030,9999.000,9999.000,9999.000,9999.000,9999.000,9999.000,9999.000
202606041336,   2.379,   3.099,9999.000,9999.000,9999.000,9999.000,9999.000,9999.000,9999.000
202606041342,   2.406,   3.178,9999.000,9999.000,9999.000,9999.000,9999.000,9999.000,9999.000
202606041348,   2.431,   3.260,9999.000,9999.000,9999.000,9999.000,9999.000,9999.000,9999.000
202606041354,   2.452,   3.299,9999.000,9999.000,9999.000,9999.000,9999.000,9999.000,9999.000
202606041400,   2.469,   3.319,   0.400,   0.450,   3.319,   0.300,   3.219,   0.400,   3.319
202606041406,   2.484,   3.348,9999.000,9999.000,9999.000,9999.000,9999.000,9999.000,9999.000
202606041412,   2.495,   3.368,9999.000,9999.000,9999.000,9999.000,9999.000,9999.000,9999.000
202606041418,   2.503,   3.388,9999.000,9999.000,9999.000,9999.000,9999.000,9999.000,9999.000
202606041424,   2.507,   3.388,9999.000,9999.000,9999.000,9999.000,9999.000,9999.000,9999.000
202606041430,   2.508,   3.411,9999.000,9999.000,9999.000,9999.000,9999.000,9999.000,9999.000
202606041436,   2.506,   3.430,9999.000,9999.000,9999.000,9999.000,9999.000,9999.000,9999.000
202606041442,   2.500,   3.450,9999.000,9999.000,9999.000,9999.000,9999.000,9999.000,9999.000
202606041448,   2.491,   3.480,9999.000,9999.000,9999.000,9999.000,9999.000,9999.000,9999.000
202606041454,   2.478,   3.519,9999.000,9999.000,9999.000,9999.000,9999.000,9999.000,9999.000
202606041500,   2.463,   3.549,   0.400,   0.686,   3.549,   0.300,   3.449,   0.400,   3.549
202606041506,   2.444,   3.568,9999.000,9999.000,9999.000,9999.000,9999.000,9999.000,9999.000
202606041512,   2.422,   3.558,9999.000,9999.000,9999.000,9999.000,9999.000,9999.000,9999.000
202606041518,   2.398,   3.549,9999.000,9999.000,9999.000,9999.000,9999.000,9999.000,9999.000
202606041524,   2.371,   3.509,9999.000,9999.000,9999.000,9999.000,9999.000,9999.000,9999.000
202606041530,   2.342,   3.470,9999.000,9999.000,9999.000,9999.000,9999.000,9999.000,9999.000
202606041536,   2.311,   3.430,9999.000,9999.000,9999.000,9999.000,9999.000,9999.000,9999.000
202606041542,   2.277,   3.411,9999.000,9999.000,9999.000,9999.000,9999.000,9999.000,9999.000
202606041548,   2.242,   3.411,9999.000,9999.000,9999.000,9999.000,9999.000,9999.000,9999.000
202606041554,   2.205,   3.368,9999.000,9999.000,9999.000,9999.000,9999.000,9999.000,9999.000
202606041600,   2.167,   3.319,   0.400,   0.752,   3.319,   0.300,   3.219,   0.400,   3.319
202606041606,   2.127,   3.309,9999.000,9999.000,9999.000,9999.000,9999.000,9999.000,9999.000
202606041612,   2.087,   3.270,9999.000,9999.000,9999.000,9999.000,9999.000,9999.000,9999.000
202606041618,   2.045,   3.221,9999.000,9999.000,9999.000,9999.000,9999.000,9999.000,9999.000
202606041624,   2.003,   3.201,9999.000,9999.000,9999.000,9999.000,9999.000,9999.000,9999.000
202606041630,   1.961,   3.158,9999.000,9999.000,9999.000,9999.000,9999.000,9999.000,9999.000
202606041636,   1.918,   3.079,9999.000,9999.000,9999.000,9999.000,9999.000,9999.000,9999.000
202606041642,   1.874,   3.001,9999.000,9999.000,9999.000,9999.000,9999.000,9999.000,9999.000
202606041648,   1.831,   2.929,9999.000,9999.000,9999.000,9999.000,9999.000,9999.000,9999.000
202606041654,   1.787,   2.889,9999.000,9999.000,9999.000,9999.000,9999.000,9999.000,9999.000
202606041700,   1.743,   2.879,   0.400,   0.736,   2.879,   0.300,   2.779,   0.400,   2.879
202606041706,   1.700,   2.860,9999.000,9999.000,9999.000,9999.000,9999.000,9999.000,9999.000
202606041712,   1.656,   2.840,9999.000,9999.000,9999.000,9999.000,9999.000,9999.000,9999.000
202606041718,   1.613,   2.778,9999.000,9999.000,9999.000,9999.000,9999.000,9999.000,9999.000
202606041724,   1.570,   2.709,9999.000,9999.000,9999.000,9999.000,9999.000,9999.000,9999.000
202606041730,   1.527,   2.669,9999.000,9999.000,9999.000,9999.000,9999.000,9999.000,9999.000
202606041736,   1.485,   2.620,9999.000,9999.000,9999.000,9999.000,9999.000,9999.000,9999.000
202606041742,   1.442,   2.591,9999.000,9999.000,9999.000,9999.000,9999.000,9999.000,9999.000
202606041748,   1.400,   2.591,9999.000,9999.000,9999.000,9999.000,9999.000,9999.000,9999.000
202606041754,   1.358,   2.528,9999.000,9999.000,9999.000,9999.000,9999.000,9999.000,9999.000
202606041800,   1.317,   2.469,   0.400,   0.752,   2.469,   0.300,   2.369,   0.400,   2.469
202606041806,   1.275,   2.381,9999.000,9999.000,9999.000,9999.000,9999.000,9999.000,9999.000
202606041812,   1.234,   2.289,9999.000,9999.000,9999.000,9999.000,9999.000,9999.000,9999.000
202606041818,   1.194,   2.231,9999.000,9999.000,9999.000,9999.000,9999.000,9999.000,9999.000
202606041824,   1.153,   2.192,9999.000,9999.000,9999.000,9999.000,9999.000,9999.000,9999.000
202606041830,   1.113,   2.139,9999.000,9999.000,9999.000,9999.000,9999.000,9999.000,9999.000
202606041836,   1.074,   2.080,9999.000,9999.000,9999.000,9999.000,9999.000,9999.000,9999.000
202606041842,   1.035,   2.001,9999.000,9999.000,9999.000,9999.000,9999.000,9999.000,9999.000
202606041848,   0.997,   1.939,9999.000,9999.000,9999.000,9999.000,9999.000,9999.000,9999.000
202606041854,   0.959,   1.900,9999.000,9999.000,9999.000,9999.000,9999.000,9999.000,9999.000
202606041900,   0.922,   1.831,   0.400,   0.509,   1.831,   0.300,   1.731,   0.400,   1.831
202606041906,   0.886,   1.762,9999.000,9999.000,9999.000,9999.000,9999.000,9999.000,9999.000
202606041912,   0.852,   1.719,9999.000,9999.000,9999.000,9999.000,9999.000,9999.000,9999.000
202606041918,   0.818,   1.709,9999.000,9999.000,9999.000,9999.000,9999.000,9999.000,9999.000
202606041924,   0.786,   1.670,9999.000,9999.000,9999.000,9999.000,9999.000,9999.000,9999.000
202606041930,   0.756,   1.631,9999.000,9999.000,9999.000,9999.000,9999.000,9999.000,9999.000
202606041936,   0.727,   1.552,9999.000,9999.000,9999.000,9999.000,9999.000,9999.000,9999.000
202606041942,   0.700,   1.460,9999.000,9999.000,9999.000,9999.000,9999.000,9999.000,9999.000
202606041948,   0.676,   1.421,9999.000,9999.000,9999.000,9999.000,9999.000,9999.000,9999.000
202606041954,   0.653,   1.372,9999.000,9999.000,9999.000,9999.000,9999.000,9999.000,9999.000
202606042000,   0.633,   1.290,   0.400,   0.257,   1.290,   0.400,   1.290,   0.400,   1.290
202606042006,   0.616,   1.231,9999.000,9999.000,9999.000,9999.000,9999.000,9999.000,9999.000
202606042012,   0.601,   1.211,9999.000,9999.000,9999.000,9999.000,9999.000,9999.000,9999.000
202606042018,   0.589,   1.181,9999.000,9999.000,9999.000,9999.000,9999.000,9999.000,9999.000
202606042024,   0.581,   1.181,9999.000,9999.000,9999.000,9999.000,9999.000,9999.000,9999.000
202606042030,   0.575,   1.181,9999.000,9999.000,9999.000,9999.000,9999.000,9999.000,9999.000
202606042036,   0.573,   1.162,9999.000,9999.000,9999.000,9999.000,9999.000,9999.000,9999.000
202606042042,   0.574,   1.181,9999.000,9999.000,9999.000,9999.000,9999.000,9999.000,9999.000
202606042048,   0.579,   1.201,9999.000,9999.000,9999.000,9999.000,9999.000,9999.000,9999.000
202606042054,   0.587,   1.152,9999.000,9999.000,9999.000,9999.000,9999.000,9999.000,9999.000
202606042100,   0.598,   1.080,   0.400,   0.082,   1.080,   0.300,   0.980,   0.400,   1.080
202606042106,   0.613,   1.060,9999.000,9999.000,9999.000,9999.000,9999.000,9999.000,9999.000
202606042112,   0.632,   1.050,9999.000,9999.000,9999.000,9999.000,9999.000,9999.000,9999.000
202606042118,   0.654,   1.060,9999.000,9999.000,9999.000,9999.000,9999.000,9999.000,9999.000
202606042124,   0.679,   1.090,9999.000,9999.000,9999.000,9999.000,9999.000,9999.000,9999.000
202606042130,   0.707,   1.132,9999.000,9999.000,9999.000,9999.000,9999.000,9999.000,9999.000
202606042136,   0.739,   1.191,9999.000,9999.000,9999.000,9999.000,9999.000,9999.000,9999.000
202606042142,   0.774,   1.240,9999.000,9999.000,9999.000,9999.000,9999.000,9999.000,9999.000
202606042148,   0.811,   1.280,9999.000,9999.000,9999.000,9999.000,9999.000,9999.000,9999.000
202606042154,   0.852,   1.309,9999.000,9999.000,9999.000,9999.000,9999.000,9999.000,9999.000
202606042200,   0.895,   1.309,   0.400,   0.014,   1.309,   0.400,   1.309,   0.500,   1.409
202606042206,   0.940,   1.299,9999.000,9999.000,9999.000,9999.000,9999.000,9999.000,9999.000
202606042212,   0.988,   1.342,9999.000,9999.000,9999.000,9999.000,9999.000,9999.000,9999.000
202606042218,   1.038,   1.401,9999.000,9999.000,9999.000,9999.000,9999.000,9999.000,9999.000
202606042224,   1.090,   1.480,9999.000,9999.000,9999.000,9999.000,9999.000,9999.000,9999.000
202606042230,   1.144,   1.572,9999.000,9999.000,9999.000,9999.000,9999.000,9999.000,9999.000
202606042236,   1.200,   1.650,9999.000,9999.000,9999.000,9999.000,9999.000,9999.000,9999.000
202606042242,   1.257,   1.700,9999.000,9999.000,9999.000,9999.000,9999.000,9999.000,9999.000
202606042248,   1.315,   1.762,9999.000,9999.000,9999.000,9999.000,9999.000,9999.000,9999.000
202606042254,   1.374,   1.772,9999.000,9999.000,9999.000,9999.000,9999.000,9999.000,9999.000
202606042300,   1.435,   1.811,   0.500,  -0.124,   1.811,   0.400,   1.711,   0.500,   1.811
202606042306,   1.496,   1.860,9999.000,9999.000,9999.000,9999.000,9999.000,9999.000,9999.000
202606042312,   1.558,   1.890,9999.000,9999.000,9999.000,9999.000,9999.000,9999.000,9999.000
202606042318,   1.620,   1.962,9999.000,9999.000,9999.000,9999.000,9999.000,9999.000,9999.000
202606042324,   1.684,   2.041,9999.000,9999.000,9999.000,9999.000,9999.000,9999.000,9999.000
202606042330,   1.747,   2.080,9999.000,9999.000,9999.000,9999.000,9999.000,9999.000,9999.000
202606042336,   1.811,   2.149,9999.000,9999.000,9999.000,9999.000,9999.000,9999.000,9999.000
202606042342,   1.874,   2.211,9999.000,9999.000,9999.000,9999.000,9999.000,9999.000,9999.000
202606042348,   1.938,   2.260,9999.000,9999.000,9999.000,9999.000,9999.000,9999.000,9999.000
202606042354,   2.002,   2.338,9999.000,9999.000,9999.000,9999.000,9999.000,9999.000,9999.000
202606050000,   2.065,   2.391,   0.400,  -0.074,   2.391,   0.400,   2.391,   0.400,   2.391
202606050006,   2.129,   2.420,9999.000,9999.000,9999.000,9999.000,9999.000,9999.000,9999.000
202606050012,   2.191,   2.519,9999.000,9999.000,9999.000,9999.000,9999.000,9999.000,9999.000
202606050018,   2.254,   2.568,9999.000,9999.000,9999.000,9999.000,9999.000,9999.000,9999.000
202606050024,   2.316,   2.620,9999.000,9999.000,9999.000,9999.000,9999.000,9999.000,9999.000
202606050030,   2.377,   2.699,9999.000,9999.000,9999.000,9999.000,9999.000,9999.000,9999.000
202606050036,   2.437,   2.729,9999.000,9999.000,9999.000,9999.000,9999.000,9999.000,9999.000
202606050042,   2.496,   2.791,9999.000,9999.000,9999.000,9999.000,9999.000,9999.000,9999.000
202606050048,   2.554,   2.879,9999.000,9999.000,9999.000,9999.000,9999.000,9999.000,9999.000
202606050054,   2.611,   2.938,9999.000,9999.000,9999.000,9999.000,9999.000,9999.000,9999.000
202606050100,   2.666,   3.001,   0.400,  -0.065,   3.001,   0.400,   3.001,   0.400,   3.001
202606050106,   2.720,   3.050,9999.000,9999.000,9999.000,9999.000,9999.000,9999.000,9999.000
202606050112,   2.772,   3.099,9999.000,9999.000,9999.000,9999.000,9999.000,9999.000,9999.000
202606050118,   2.822,   3.148,9999.000,9999.000,9999.000,9999.000,9999.000,9999.000,9999.000
202606050124,   2.870,   3.221,9999.000,9999.000,9999.000,9999.000,9999.000,9999.000,9999.000
202606050130,   2.915,   3.270,9999.000,9999.000,9999.000,9999.000,9999.000,9999.000,9999.000
202606050136,   2.959,   3.339,9999.000,9999.000,9999.000,9999.000,9999.000,9999.000,9999.000
202606050142,   2.999,   3.398,9999.000,9999.000,9999.000,9999.000,9999.000,9999.000,9999.000
202606050148,   3.037,   3.450,9999.000,9999.000,9999.000,9999.000,9999.000,9999.000,9999.000
202606050154,   3.071,   3.519,9999.000,9999.000,9999.000,9999.000,9999.000,9999.000,9999.000
202606050200,   3.103,   3.549,   0.400,   0.046,   3.549,   0.400,   3.549,   0.400,   3.549
202606050206,   3.131,   3.578,9999.000,9999.000,9999.000,9999.000,9999.000,9999.000,9999.000
202606050212,   3.156,   3.631,9999.000,9999.000,9999.000,9999.000,9999.000,9999.000,9999.000
202606050218,   3.177,   3.660,9999.000,9999.000,9999.000,9999.000,9999.000,9999.000,9999.000
202606050224,   3.195,   3.729,9999.000,9999.000,9999.000,9999.000,9999.000,9999.000,9999.000
202606050230,   3.208,   3.778,9999.000,9999.000,9999.000,9999.000,9999.000,9999.000,9999.000
202606050236,   3.218,   3.808,9999.000,9999.000,9999.000,9999.000,9999.000,9999.000,9999.000
202606050242,   3.224,   3.850,9999.000,9999.000,9999.000,9999.000,9999.000,9999.000,9999.000
202606050248,   3.226,   3.840,9999.000,9999.000,9999.000,9999.000,9999.000,9999.000,9999.000
202606050254,   3.224,   3.831,9999.000,9999.000,9999.000,9999.000,9999.000,9999.000,9999.000
202606050300,   3.219,   3.860,   0.400,   0.241,   3.860,   0.400,   3.860,   0.400,   3.860
202606050306,   3.209,   3.860,9999.000,9999.000,9999.000,9999.000,9999.000,9999.000,9999.000
202606050312,   3.195,   3.880,9999.000,9999.000,9999.000,9999.000,9999.000,9999.000,9999.000
202606050318,   3.178,   3.919,9999.000,9999.000,9999.000,9999.000,9999.000,9999.000,9999.000
202606050324,   3.157,   3.939,9999.000,9999.000,9999.000,9999.000,9999.000,9999.000,9999.000
202606050330,   3.133,   3.959,9999.000,9999.000,9999.000,9999.000,9999.000,9999.000,9999.000
202606050336,   3.105,   3.939,9999.000,9999.000,9999.000,9999.000,9999.000,9999.000,9999.000
202606050342,   3.074,   3.919,9999.000,9999.000,9999.000,9999.000,9999.000,9999.000,9999.000
202606050348,   3.040,   3.909,9999.000,9999.000,9999.000,9999.000,9999.000,9999.000,9999.000
202606050354,   3.004,   3.870,9999.000,9999.000,9999.000,9999.000,9999.000,9999.000,9999.000
202606050400,   2.964,   3.840,   0.300,   0.576,   3.840,   0.300,   3.840,   0.400,   3.940
202606050406,   2.922,   3.831,9999.000,9999.000,9999.000,9999.000,9999.000,9999.000,9999.000
202606050412,   2.878,   3.808,9999.000,9999.000,9999.000,9999.000,9999.000,9999.000,9999.000
202606050418,   2.832,   3.788,9999.000,9999.000,9999.000,9999.000,9999.000,9999.000,9999.000
202606050424,   2.785,   3.798,9999.000,9999.000,9999.000,9999.000,9999.000,9999.000,9999.000
202606050430,   2.735,   3.798,9999.000,9999.000,9999.000,9999.000,9999.000,9999.000,9999.000
202606050436,   2.684,   3.749,9999.000,9999.000,9999.000,9999.000,9999.000,9999.000,9999.000
202606050442,   2.632,   3.709,9999.000,9999.000,9999.000,9999.000,9999.000,9999.000,9999.000
202606050448,   2.579,   3.660,9999.000,9999.000,9999.000,9999.000,9999.000,9999.000,9999.000
202606050454,   2.525,   3.578,9999.000,9999.000,9999.000,9999.000,9999.000,9999.000,9999.000
202606050500,   2.470,   3.519,   0.300,   0.749,   3.519,   0.300,   3.519,   0.300,   3.519
202606050506,   2.415,   3.480,9999.000,9999.000,9999.000,9999.000,9999.000,9999.000,9999.000
202606050512,   2.359,   3.430,9999.000,9999.000,9999.000,9999.000,9999.000,9999.000,9999.000
202606050518,   2.303,   3.378,9999.000,9999.000,9999.000,9999.000,9999.000,9999.000,9999.000
202606050524,   2.247,   3.319,9999.000,9999.000,9999.000,9999.000,9999.000,9999.000,9999.000
202606050530,   2.190,   3.280,9999.000,9999.000,9999.000,9999.000,9999.000,9999.000,9999.000
202606050536,   2.133,   3.221,9999.000,9999.000,9999.000,9999.000,9999.000,9999.000,9999.000
202606050542,   2.076,   3.158,9999.000,9999.000,9999.000,9999.000,9999.000,9999.000,9999.000
202606050548,   2.020,   3.119,9999.000,9999.000,9999.000,9999.000,9999.000,9999.000,9999.000
202606050554,   1.963,   3.070,9999.000,9999.000,9999.000,9999.000,9999.000,9999.000,9999.000
202606050600,   1.906,   3.001,   0.300,   0.795,   3.001,   0.200,   2.901,   0.300,   3.001
202606050606,   1.849,   2.919,9999.000,9999.000,9999.000,9999.000,9999.000,9999.000,9999.000
202606050612,   1.792,   2.840,9999.000,9999.000,9999.000,9999.000,9999.000,9999.000,9999.000
202606050618,   1.735,   2.748,9999.000,9999.000,9999.000,9999.000,9999.000,9999.000,9999.000
202606050624,   1.678,   2.640,9999.000,9999.000,9999.000,9999.000,9999.000,9999.000,9999.000
202606050630,   1.621,   2.538,9999.000,9999.000,9999.000,9999.000,9999.000,9999.000,9999.000
202606050636,   1.565,   2.460,9999.000,9999.000,9999.000,9999.000,9999.000,9999.000,9999.000
202606050642,   1.508,   2.348,9999.000,9999.000,9999.000,9999.000,9999.000,9999.000,9999.000
202606050648,   1.452,   2.279,9999.000,9999.000,9999.000,9999.000,9999.000,9999.000,9999.000
202606050654,   1.395,   2.211,9999.000,9999.000,9999.000,9999.000,9999.000,9999.000,9999.000
202606050700,   1.339,   2.100,   0.300,   0.461,   2.100,   0.200,   2.000,   0.300,   2.100
202606050706,   1.283,   2.041,9999.000,9999.000,9999.000,9999.000,9999.000,9999.000,9999.000
202606050712,   1.228,   1.992,9999.000,9999.000,9999.000,9999.000,9999.000,9999.000,9999.000
202606050718,   1.173,   1.900,9999.000,9999.000,9999.000,9999.000,9999.000,9999.000,9999.000
202606050724,   1.119,   1.851,9999.000,9999.000,9999.000,9999.000,9999.000,9999.000,9999.000
202606050730,   1.065,   1.782,9999.000,9999.000,9999.000,9999.000,9999.000,9999.000,9999.000
202606050736,   1.013,   1.719,9999.000,9999.000,9999.000,9999.000,9999.000,9999.000,9999.000
202606050742,   0.961,   1.670,9999.000,9999.000,9999.000,9999.000,9999.000,9999.000,9999.000
202606050748,   0.911,   1.582,9999.000,9999.000,9999.000,9999.000,9999.000,9999.000,9999.000
202606050754,   0.862,   1.500,9999.000,9999.000,9999.000,9999.000,9999.000,9999.000,9999.000
202606050800,   0.814,   1.441,   0.300,   0.327,   1.441,   0.200,   1.341,   0.300,   1.441
202606050806,   0.768,   1.362,9999.000,9999.000,9999.000,9999.000,9999.000,9999.000,9999.000
202606050812,   0.725,   1.290,9999.000,9999.000,9999.000,9999.000,9999.000,9999.000,9999.000
202606050818,   0.683,   1.260,9999.000,9999.000,9999.000,9999.000,9999.000,9999.000,9999.000
202606050824,   0.644,   1.221,9999.000,9999.000,9999.000,9999.000,9999.000,9999.000,9999.000
202606050830,   0.607,   1.142,9999.000,9999.000,9999.000,9999.000,9999.000,9999.000,9999.000
202606050836,   0.572,   1.080,9999.000,9999.000,9999.000,9999.000,9999.000,9999.000,9999.000
202606050842,   0.541,   1.060,9999.000,9999.000,9999.000,9999.000,9999.000,9999.000,9999.000
202606050848,   0.512,   1.031,9999.000,9999.000,9999.000,9999.000,9999.000,9999.000,9999.000
202606050854,   0.487,   0.991,9999.000,9999.000,9999.000,9999.000,9999.000,9999.000,9999.000
202606050900,   0.465,   0.971,   0.300,   0.206,   0.971,   0.200,   0.871,   0.300,   0.971
202606050906,   0.446,   0.952,9999.000,9999.000,9999.000,9999.000,9999.000,9999.000,9999.000
202606050912,   0.431,   0.942,9999.000,9999.000,9999.000,9999.000,9999.000,9999.000,9999.000
202606050918,   0.419,   0.962,9999.000,9999.000,9999.000,9999.000,9999.000,9999.000,9999.000
202606050924,   0.411,   0.942,9999.000,9999.000,9999.000,9999.000,9999.000,9999.000,9999.000
202606050930,   0.406,   0.912,9999.000,9999.000,9999.000,9999.000,9999.000,9999.000,9999.000
202606050936,   0.405,   0.899,9999.000,9999.000,9999.000,9999.000,9999.000,9999.000,9999.000
202606050942,   0.407,   0.860,9999.000,9999.000,9999.000,9999.000,9999.000,9999.000,9999.000
202606050948,   0.413,   0.840,9999.000,9999.000,9999.000,9999.000,9999.000,9999.000,9999.000
202606050954,   0.423,   0.860,9999.000,9999.000,9999.000,9999.000,9999.000,9999.000,9999.000
202606051000,   0.435,   0.880,   0.300,   0.145,   0.880,   0.200,   0.780,   0.300,   0.880
202606051006,   0.452,   0.932,9999.000,9999.000,9999.000,9999.000,9999.000,9999.000,9999.000
202606051012,   0.471,   1.001,9999.000,9999.000,9999.000,9999.000,9999.000,9999.000,9999.000
202606051018,   0.493,   1.040,9999.000,9999.000,9999.000,9999.000,9999.000,9999.000,9999.000
202606051024,   0.519,   1.060,9999.000,9999.000,9999.000,9999.000,9999.000,9999.000,9999.000
202606051030,   0.547,   1.080,9999.000,9999.000,9999.000,9999.000,9999.000,9999.000,9999.000
202606051036,   0.578,   1.090,9999.000,9999.000,9999.000,9999.000,9999.000,9999.000,9999.000
202606051042,   0.611,   1.080,9999.000,9999.000,9999.000,9999.000,9999.000,9999.000,9999.000
202606051048,   0.647,   1.070,9999.000,9999.000,9999.000,9999.000,9999.000,9999.000,9999.000
202606051054,   0.685,   1.080,9999.000,9999.000,9999.000,9999.000,9999.000,9999.000,9999.000
202606051100,   0.725,   1.099,   0.300,   0.074,   1.099,   0.200,   0.999,   0.300,   1.099
202606051106,   0.767,   1.122,9999.000,9999.000,9999.000,9999.000,9999.000,9999.000,9999.000
202606051112,   0.811,   1.152,9999.000,9999.000,9999.000,9999.000,9999.000,9999.000,9999.000
202606051118,   0.856,   1.211,9999.000,9999.000,9999.000,9999.000,9999.000,9999.000,9999.000
202606051124,   0.903,   1.280,9999.000,9999.000,9999.000,9999.000,9999.000,9999.000,9999.000
202606051130,   0.952,   1.319,9999.000,9999.000,9999.000,9999.000,9999.000,9999.000,9999.000
202606051136,   1.001,   1.381,9999.000,9999.000,9999.000,9999.000,9999.000,9999.000,9999.000
202606051142,   1.052,   1.450,9999.000,9999.000,9999.000,9999.000,9999.000,9999.000,9999.000
202606051148,   1.103,   1.490,9999.000,9999.000,9999.000,9999.000,9999.000,9999.000,9999.000
202606051154,   1.156,   1.542,9999.000,9999.000,9999.000,9999.000,9999.000,9999.000,9999.000
202606051200,   1.209,   1.582,   0.300,   0.073,   1.582,   0.200,   1.482,   0.300,   1.582
202606051206,   1.263,   1.611,9999.000,9999.000,9999.000,9999.000,9999.000,9999.000,9999.000
202606051212,   1.318,   1.660,9999.000,9999.000,9999.000,9999.000,9999.000,9999.000,9999.000
202606051218,   1.373,   1.700,9999.000,9999.000,9999.000,9999.000,9999.000,9999.000,9999.000
202606051224,   1.428,   1.752,9999.000,9999.000,9999.000,9999.000,9999.000,9999.000,9999.000
202606051230,   1.484,   1.821,9999.000,9999.000,9999.000,9999.000,9999.000,9999.000,9999.000
202606051236,   1.540,   1.890,9999.000,9999.000,9999.000,9999.000,9999.000,9999.000,9999.000
202606051242,   1.596,   1.952,9999.000,9999.000,9999.000,9999.000,9999.000,9999.000,9999.000
202606051248,   1.651,   2.031,9999.000,9999.000,9999.000,9999.000,9999.000,9999.000,9999.000
202606051254,   1.707,   2.080,9999.000,9999.000,9999.000,9999.000,9999.000,9999.000,9999.000
202606051300,   1.762,   2.129,   0.300,   0.067,   2.129,   0.200,   2.029,   0.300,   2.129
202606051306,   1.817,   2.182,9999.000,9999.000,9999.000,9999.000,9999.000,9999.000,9999.000
202606051312,   1.872,   2.221,9999.000,9999.000,9999.000,9999.000,9999.000,9999.000,9999.000
202606051318,   1.925,   2.279,9999.000,9999.000,9999.000,9999.000,9999.000,9999.000,9999.000
202606051324,   1.978,   2.348,9999.000,9999.000,9999.000,9999.000,9999.000,9999.000,9999.000
202606051330,   2.029,   2.420,9999.000,9999.000,9999.000,9999.000,9999.000,9999.000,9999.000
202606051336,   2.080,   2.519,9999.000,9999.000,9999.000,9999.000,9999.000,9999.000,9999.000
202606051342,   2.129,   2.591,9999.000,9999.000,9999.000,9999.000,9999.000,9999.000,9999.000
202606051348,   2.176,   2.630,9999.000,9999.000,9999.000,9999.000,9999.000,9999.000,9999.000
202606051354,   2.222,   2.669,9999.000,9999.000,9999.000,9999.000,9999.000,9999.000,9999.000
202606051400,   2.265,   2.709,   0.300,   0.144,   2.709,   0.200,   2.609,   0.300,   2.709
202606051406,   2.307,   2.778,9999.000,9999.000,9999.000,9999.000,9999.000,9999.000,9999.000
202606051412,   2.346,   2.879,9999.000,9999.000,9999.000,9999.000,9999.000,9999.000,9999.000
202606051418,   2.383,   2.958,9999.000,9999.000,9999.000,9999.000,9999.000,9999.000,9999.000
202606051424,   2.417,   3.001,9999.000,9999.000,9999.000,9999.000,9999.000,9999.000,9999.000
202606051430,   2.448,   3.040,9999.000,9999.000,9999.000,9999.000,9999.000,9999.000,9999.000
202606051436,   2.476,   3.070,9999.000,9999.000,9999.000,9999.000,9999.000,9999.000,9999.000
202606051442,   2.501,   3.089,9999.000,9999.000,9999.000,9999.000,9999.000,9999.000,9999.000
202606051448,   2.523,   3.139,9999.000,9999.000,9999.000,9999.000,9999.000,9999.000,9999.000
202606051454,   2.541,   3.158,9999.000,9999.000,9999.000,9999.000,9999.000,9999.000,9999.000
202606051500,   2.556,   3.158,   0.300,   0.302,   3.158,   0.200,   3.058,   0.300,   3.158
202606051506,   2.568,   3.201,9999.000,9999.000,9999.000,9999.000,9999.000,9999.000,9999.000
202606051512,   2.576,   3.230,9999.000,9999.000,9999.000,9999.000,9999.000,9999.000,9999.000
202606051518,   2.580,   3.260,9999.000,9999.000,9999.000,9999.000,9999.000,9999.000,9999.000
202606051524,   2.581,   3.299,9999.000,9999.000,9999.000,9999.000,9999.000,9999.000,9999.000
202606051530,   2.579,   3.319,9999.000,9999.000,9999.000,9999.000,9999.000,9999.000,9999.000
202606051536,   2.573,   3.368,9999.000,9999.000,9999.000,9999.000,9999.000,9999.000,9999.000
202606051542,   2.564,   3.378,9999.000,9999.000,9999.000,9999.000,9999.000,9999.000,9999.000
202606051548,   2.551,   3.378,9999.000,9999.000,9999.000,9999.000,9999.000,9999.000,9999.000
202606051554,   2.535,   3.388,9999.000,9999.000,9999.000,9999.000,9999.000,9999.000,9999.000
202606051600,   2.517,   3.348,   0.300,   0.531,   3.348,   0.300,   3.348,   0.300,   3.348
202606051606,   2.495,   3.309,9999.000,9999.000,9999.000,9999.000,9999.000,9999.000,9999.000
202606051612,   2.471,   3.299,9999.000,9999.000,9999.000,9999.000,9999.000,9999.000,9999.000
202606051618,   2.445,   3.280,9999.000,9999.000,9999.000,9999.000,9999.000,9999.000,9999.000
202606051624,   2.416,   3.260,9999.000,9999.000,9999.000,9999.000,9999.000,9999.000,9999.000
202606051630,   2.385,   3.260,9999.000,9999.000,9999.000,9999.000,9999.000,9999.000,9999.000
202606051636,   2.352,   3.240,9999.000,9999.000,9999.000,9999.000,9999.000,9999.000,9999.000
202606051642,   2.318,   3.221,9999.000,9999.000,9999.000,9999.000,9999.000,9999.000,9999.000
202606051648,   2.282,   3.221,9999.000,9999.000,9999.000,9999.000,9999.000,9999.000,9999.000
202606051654,   2.244,   3.211,9999.000,9999.000,9999.000,9999.000,9999.000,9999.000,9999.000
202606051700,   2.206,   3.211,   0.300,   0.705,   3.211,   0.300,   3.211,   0.300,   3.211
202606051706,   2.167,   3.178,9999.000,9999.000,9999.000,9999.000,9999.000,9999.000,9999.000
202606051712,   2.127,   3.119,9999.000,9999.000,9999.000,9999.000,9999.000,9999.000,9999.000
202606051718,   2.086,   3.040,9999.000,9999.000,9999.000,9999.000,9999.000,9999.000,9999.000
202606051724,   2.045,   2.948,9999.000,9999.000,9999.000,9999.000,9999.000,9999.000,9999.000
202606051730,   2.004,   2.879,9999.000,9999.000,9999.000,9999.000,9999.000,9999.000,9999.000
202606051736,   1.962,   2.860,9999.000,9999.000,9999.000,9999.000,9999.000,9999.000,9999.000
202606051742,   1.920,   2.830,9999.000,9999.000,9999.000,9999.000,9999.000,9999.000,9999.000
202606051748,   1.879,   2.811,9999.000,9999.000,9999.000,9999.000,9999.000,9999.000,9999.000
202606051754,   1.837,   2.801,9999.000,9999.000,9999.000,9999.000,9999.000,9999.000,9999.000
202606051800,   1.796,   2.748,   0.400,   0.728,   2.924,   0.300,   2.824,   0.400,   2.924
202606051806,   1.754,   2.758,9999.000,9999.000,9999.000,9999.000,9999.000,9999.000,9999.000
202606051812,   1.713,   2.738,9999.000,9999.000,9999.000,9999.000,9999.000,9999.000,9999.000
202606051818,   1.672,   2.679,9999.000,9999.000,9999.000,9999.000,9999.000,9999.000,9999.000
202606051824,   1.631,   2.620,9999.000,9999.000,9999.000,9999.000,9999.000,9999.000,9999.000
202606051830,   1.590,   2.538,9999.000,9999.000,9999.000,9999.000,9999.000,9999.000,9999.000
202606051836,   1.549,   2.440,9999.000,9999.000,9999.000,9999.000,9999.000,9999.000,9999.000
202606051842,   1.508,   2.348,9999.000,9999.000,9999.000,9999.000,9999.000,9999.000,9999.000
202606051848,   1.468,   2.299,9999.000,9999.000,9999.000,9999.000,9999.000,9999.000,9999.000
202606051854,   1.428,   2.241,9999.000,9999.000,9999.000,9999.000,9999.000,9999.000,9999.000
202606051900,   1.387,   2.201,   0.400,   0.609,   2.396,   0.300,   2.296,   0.400,   2.396
202606051906,   1.347,   2.182,9999.000,9999.000,9999.000,9999.000,9999.000,9999.000,9999.000
202606051912,   1.307,   2.149,9999.000,9999.000,9999.000,9999.000,9999.000,9999.000,9999.000
202606051918,   1.268,   2.100,9999.000,9999.000,9999.000,9999.000,9999.000,9999.000,9999.000
202606051924,   1.228,   2.031,9999.000,9999.000,9999.000,9999.000,9999.000,9999.000,9999.000
202606051930,   1.189,   1.939,9999.000,9999.000,9999.000,9999.000,9999.000,9999.000,9999.000
202606051936,   1.150,   1.870,9999.000,9999.000,9999.000,9999.000,9999.000,9999.000,9999.000
202606051942,   1.111,   1.831,9999.000,9999.000,9999.000,9999.000,9999.000,9999.000,9999.000
202606051948,   1.073,   1.801,9999.000,9999.000,9999.000,9999.000,9999.000,9999.000,9999.000
202606051954,   1.035,   1.772,9999.000,9999.000,9999.000,9999.000,9999.000,9999.000,9999.000
202606052000,   0.998,   1.709,   0.400,   0.405,   1.803,   0.300,   1.703,   0.400,   1.803
202606052006,   0.962,   1.611,9999.000,9999.000,9999.000,9999.000,9999.000,9999.000,9999.000
202606052012,   0.927,   1.542,9999.000,9999.000,9999.000,9999.000,9999.000,9999.000,9999.000
202606052018,   0.894,   1.509,9999.000,9999.000,9999.000,9999.000,9999.000,9999.000,9999.000
202606052024,   0.861,   1.470,9999.000,9999.000,9999.000,9999.000,9999.000,9999.000,9999.000
202606052030,   0.830,   1.411,9999.000,9999.000,9999.000,9999.000,9999.000,9999.000,9999.000
202606052036,   0.801,   1.401,9999.000,9999.000,9999.000,9999.000,9999.000,9999.000,9999.000
202606052042,   0.774,   1.362,9999.000,9999.000,9999.000,9999.000,9999.000,9999.000,9999.000
202606052048,   0.748,   1.332,9999.000,9999.000,9999.000,9999.000,9999.000,9999.000,9999.000
202606052054,   0.725,   1.319,9999.000,9999.000,9999.000,9999.000,9999.000,9999.000,9999.000
202606052100,   0.704,   1.319,   0.400,   0.126,   1.230,   0.300,   1.130,   0.400,   1.230
202606052106,   0.686,   1.342,9999.000,9999.000,9999.000,9999.000,9999.000,9999.000,9999.000
202606052112,   0.671,   1.352,9999.000,9999.000,9999.000,9999.000,9999.000,9999.000,9999.000
202606052118,   0.658,   1.299,9999.000,9999.000,9999.000,9999.000,9999.000,9999.000,9999.000
202606052124,   0.648,   1.240,9999.000,9999.000,9999.000,9999.000,9999.000,9999.000,9999.000
202606052130,   0.642,   1.172,9999.000,9999.000,9999.000,9999.000,9999.000,9999.000,9999.000
202606052136,   0.638,   1.132,9999.000,9999.000,9999.000,9999.000,9999.000,9999.000,9999.000
202606052142,   0.638,   1.142,9999.000,9999.000,9999.000,9999.000,9999.000,9999.000,9999.000
202606052148,   0.641,   1.152,9999.000,9999.000,9999.000,9999.000,9999.000,9999.000,9999.000
202606052154,   0.648,   1.201,9999.000,9999.000,9999.000,9999.000,9999.000,9999.000,9999.000
202606052200,   0.657,   1.280,   0.400,  -0.150,   0.907,   0.400,   0.907,   0.400,   0.907
202606052206,   0.671,   1.319,9999.000,9999.000,9999.000,9999.000,9999.000,9999.000,9999.000
202606052212,   0.687,   1.319,9999.000,9999.000,9999.000,9999.000,9999.000,9999.000,9999.000
202606052218,   0.707,   1.319,9999.000,9999.000,9999.000,9999.000,9999.000,9999.000,9999.000
202606052224,   0.730,   1.332,9999.000,9999.000,9999.000,9999.000,9999.000,9999.000,9999.000
202606052230,   0.756,   1.319,9999.000,9999.000,9999.000,9999.000,9999.000,9999.000,9999.000
202606052236,   0.785,   1.332,9999.000,9999.000,9999.000,9999.000,9999.000,9999.000,9999.000
202606052242,   0.817,   1.352,9999.000,9999.000,9999.000,9999.000,9999.000,9999.000,9999.000
202606052248,   0.851,   1.401,9999.000,9999.000,9999.000,9999.000,9999.000,9999.000,9999.000
202606052254,   0.889,   1.441,9999.000,9999.000,9999.000,9999.000,9999.000,9999.000,9999.000
202606052300,   0.929,   1.460,   0.400,  -0.310,   1.019,   0.400,   1.019,   0.500,   1.119
202606052306,   0.971,   1.470,9999.000,9999.000,9999.000,9999.000,9999.000,9999.000,9999.000
202606052312,   1.015,   1.500,9999.000,9999.000,9999.000,9999.000,9999.000,9999.000,9999.000
202606052318,   1.062,   1.542,9999.000,9999.000,9999.000,9999.000,9999.000,9999.000,9999.000
202606052324,   1.111,   1.562,9999.000,9999.000,9999.000,9999.000,9999.000,9999.000,9999.000
202606052330,   1.161,   1.591,9999.000,9999.000,9999.000,9999.000,9999.000,9999.000,9999.000
202606052336,   1.213,   1.631,9999.000,9999.000,9999.000,9999.000,9999.000,9999.000,9999.000
202606052342,   1.266,   1.709,9999.000,9999.000,9999.000,9999.000,9999.000,9999.000,9999.000
202606052348,   1.321,   1.801,9999.000,9999.000,9999.000,9999.000,9999.000,9999.000,9999.000
202606052354,   1.377,9999.000,9999.000,9999.000,9999.000,9999.000,9999.000,9999.000,9999.000
202606060000,   1.434,9999.000,   0.400,  -0.309,   1.525,   0.400,   1.525,   0.400,   1.525
202606060006,   1.492,9999.000,9999.000,9999.000,9999.000,9999.000,9999.000,9999.000,9999.000
202606060012,   1.551,9999.000,9999.000,9999.000,9999.000,9999.000,9999.000,9999.000,9999.000
202606060018,   1.610,9999.000,9999.000,9999.000,9999.000,9999.000,9999.000,9999.000,9999.000
202606060024,   1.671,9999.000,9999.000,9999.000,9999.000,9999.000,9999.000,9999.000,9999.000
202606060030,   1.731,9999.000,9999.000,9999.000,9999.000,9999.000,9999.000,9999.000,9999.000
202606060036,   1.792,9999.000,9999.000,9999.000,9999.000,9999.000,9999.000,9999.000,9999.000
202606060042,   1.854,9999.000,9999.000,9999.000,9999.000,9999.000,9999.000,9999.000,9999.000
202606060048,   1.915,9999.000,9999.000,9999.000,9999.000,9999.000,9999.000,9999.000,9999.000
202606060054,   1.977,9999.000,9999.000,9999.000,9999.000,9999.000,9999.000,9999.000,9999.000
202606060100,   2.038,9999.000,   0.300,  -0.180,   2.158,   0.300,   2.158,   0.400,   2.258
202606060106,   2.099,9999.000,9999.000,9999.000,9999.000,9999.000,9999.000,9999.000,9999.000
202606060112,   2.160,9999.000,9999.000,9999.000,9999.000,9999.000,9999.000,9999.000,9999.000
202606060118,   2.221,9999.000,9999.000,9999.000,9999.000,9999.000,9999.000,9999.000,9999.000
202606060124,   2.281,9999.000,9999.000,9999.000,9999.000,9999.000,9999.000,9999.000,9999.000
202606060130,   2.340,9999.000,9999.000,9999.000,9999.000,9999.000,9999.000,9999.000,9999.000
202606060136,   2.398,9999.000,9999.000,9999.000,9999.000,9999.000,9999.000,9999.000,9999.000
202606060142,   2.456,9999.000,9999.000,9999.000,9999.000,9999.000,9999.000,9999.000,9999.000
202606060148,   2.512,9999.000,9999.000,9999.000,9999.000,9999.000,9999.000,9999.000,9999.000
202606060154,   2.567,9999.000,9999.000,9999.000,9999.000,9999.000,9999.000,9999.000,9999.000
202606060200,   2.620,9999.000,   0.300,   0.022,   2.942,   0.200,   2.842,   0.300,   2.942
202606060206,   2.672,9999.000,9999.000,9999.000,9999.000,9999.000,9999.000,9999.000,9999.000
202606060212,   2.721,9999.000,9999.000,9999.000,9999.000,9999.000,9999.000,9999.000,9999.000
202606060218,   2.769,9999.000,9999.000,9999.000,9999.000,9999.000,9999.000,9999.000,9999.000
202606060224,   2.814,9999.000,9999.000,9999.000,9999.000,9999.000,9999.000,9999.000,9999.000
202606060230,   2.857,9999.000,9999.000,9999.000,9999.000,9999.000,9999.000,9999.000,9999.000
202606060236,   2.897,9999.000,9999.000,9999.000,9999.000,9999.000,9999.000,9999.000,9999.000
202606060242,   2.934,9999.000,9999.000,9999.000,9999.000,9999.000,9999.000,9999.000,9999.000
202606060248,   2.968,9999.000,9999.000,9999.000,9999.000,9999.000,9999.000,9999.000,9999.000
202606060254,   2.999,9999.000,9999.000,9999.000,9999.000,9999.000,9999.000,9999.000,9999.000
202606060300,   3.026,9999.000,   0.300,   0.256,   3.582,   0.200,   3.482,   0.300,   3.582
202606060306,   3.051,9999.000,9999.000,9999.000,9999.000,9999.000,9999.000,9999.000,9999.000
202606060312,   3.071,9999.000,9999.000,9999.000,9999.000,9999.000,9999.000,9999.000,9999.000
202606060318,   3.088,9999.000,9999.000,9999.000,9999.000,9999.000,9999.000,9999.000,9999.000
202606060324,   3.101,9999.000,9999.000,9999.000,9999.000,9999.000,9999.000,9999.000,9999.000
202606060330,   3.110,9999.000,9999.000,9999.000,9999.000,9999.000,9999.000,9999.000,9999.000
202606060336,   3.115,9999.000,9999.000,9999.000,9999.000,9999.000,9999.000,9999.000,9999.000
202606060342,   3.116,9999.000,9999.000,9999.000,9999.000,9999.000,9999.000,9999.000,9999.000
202606060348,   3.114,9999.000,9999.000,9999.000,9999.000,9999.000,9999.000,9999.000,9999.000
202606060354,   3.107,9999.000,9999.000,9999.000,9999.000,9999.000,9999.000,9999.000,9999.000
202606060400,   3.097,9999.000,   0.200,   0.481,   3.778,   0.100,   3.678,   0.300,   3.878
202606060406,   3.083,9999.000,9999.000,9999.000,9999.000,9999.000,9999.000,9999.000,9999.000
202606060412,   3.065,9999.000,9999.000,9999.000,9999.000,9999.000,9999.000,9999.000,9999.000
202606060418,   3.044,9999.000,9999.000,9999.000,9999.000,9999.000,9999.000,9999.000,9999.000
202606060424,   3.019,9999.000,9999.000,9999.000,9999.000,9999.000,9999.000,9999.000,9999.000
202606060430,   2.991,9999.000,9999.000,9999.000,9999.000,9999.000,9999.000,9999.000,9999.000
202606060436,   2.961,9999.000,9999.000,9999.000,9999.000,9999.000,9999.000,9999.000,9999.000
202606060442,   2.927,9999.000,9999.000,9999.000,9999.000,9999.000,9999.000,9999.000,9999.000
202606060448,   2.891,9999.000,9999.000,9999.000,9999.000,9999.000,9999.000,9999.000,9999.000
202606060454,   2.852,9999.000,9999.000,9999.000,9999.000,9999.000,9999.000,9999.000,9999.000
202606060500,   2.811,9999.000,   0.200,   0.661,   3.672,   0.100,   3.572,   0.200,   3.672
202606060506,   2.768,9999.000,9999.000,9999.000,9999.000,9999.000,9999.000,9999.000,9999.000
202606060512,   2.723,9999.000,9999.000,9999.000,9999.000,9999.000,9999.000,9999.000,9999.000
202606060518,   2.677,9999.000,9999.000,9999.000,9999.000,9999.000,9999.000,9999.000,9999.000
202606060524,   2.629,9999.000,9999.000,9999.000,9999.000,9999.000,9999.000,9999.000,9999.000
202606060530,   2.580,9999.000,9999.000,9999.000,9999.000,9999.000,9999.000,9999.000,9999.000
202606060536,   2.530,9999.000,9999.000,9999.000,9999.000,9999.000,9999.000,9999.000,9999.000
202606060542,   2.479,9999.000,9999.000,9999.000,9999.000,9999.000,9999.000,9999.000,9999.000
202606060548,   2.427,9999.000,9999.000,9999.000,9999.000,9999.000,9999.000,9999.000,9999.000
202606060554,   2.375,9999.000,9999.000,9999.000,9999.000,9999.000,9999.000,9999.000,9999.000
202606060600,   2.322,9999.000,   0.100,   0.765,   3.187,   0.100,   3.187,   0.200,   3.287
202606060606,   2.269,9999.000,9999.000,9999.000,9999.000,9999.000,9999.000,9999.000,9999.000
202606060612,   2.216,9999.000,9999.000,9999.000,9999.000,9999.000,9999.000,9999.000,9999.000
202606060618,   2.162,9999.000,9999.000,9999.000,9999.000,9999.000,9999.000,9999.000,9999.000
202606060624,   2.109,9999.000,9999.000,9999.000,9999.000,9999.000,9999.000,9999.000,9999.000
202606060630,   2.055,9999.000,9999.000,9999.000,9999.000,9999.000,9999.000,9999.000,9999.000
202606060636,   2.001,9999.000,9999.000,9999.000,9999.000,9999.000,9999.000,9999.000,9999.000
202606060642,   1.947,9999.000,9999.000,9999.000,9999.000,9999.000,9999.000,9999.000,9999.000
202606060648,   1.893,9999.000,9999.000,9999.000,9999.000,9999.000,9999.000,9999.000,9999.000
202606060654,   1.839,9999.000,9999.000,9999.000,9999.000,9999.000,9999.000,9999.000,9999.000
202606060700,   1.785,9999.000,   0.100,   0.755,   2.640,   0.100,   2.640,   0.200,   2.740
202606060706,   1.731,9999.000,9999.000,9999.000,9999.000,9999.000,9999.000,9999.000,9999.000
202606060712,   1.677,9999.000,9999.000,9999.000,9999.000,9999.000,9999.000,9999.000,9999.000
202606060718,   1.623,9999.000,9999.000,9999.000,9999.000,9999.000,9999.000,9999.000,9999.000
202606060724,   1.569,9999.000,9999.000,9999.000,9999.000,9999.000,9999.000,9999.000,9999.000
202606060730,   1.514,9999.000,9999.000,9999.000,9999.000,9999.000,9999.000,9999.000,9999.000
202606060736,   1.460,9999.000,9999.000,9999.000,9999.000,9999.000,9999.000,9999.000,9999.000
202606060742,   1.406,9999.000,9999.000,9999.000,9999.000,9999.000,9999.000,9999.000,9999.000
202606060748,   1.351,9999.000,9999.000,9999.000,9999.000,9999.000,9999.000,9999.000,9999.000
202606060754,   1.297,9999.000,9999.000,9999.000,9999.000,9999.000,9999.000,9999.000,9999.000
202606060800,   1.243,9999.000,   0.100,   0.604,   1.947,   0.100,   1.947,   0.200,   2.047
202606060806,   1.189,9999.000,9999.000,9999.000,9999.000,9999.000,9999.000,9999.000,9999.000
202606060812,   1.135,9999.000,9999.000,9999.000,9999.000,9999.000,9999.000,9999.000,9999.000
202606060818,   1.082,9999.000,9999.000,9999.000,9999.000,9999.000,9999.000,9999.000,9999.000
202606060824,   1.029,9999.000,9999.000,9999.000,9999.000,9999.000,9999.000,9999.000,9999.000
202606060830,   0.977,9999.000,9999.000,9999.000,9999.000,9999.000,9999.000,9999.000,9999.000
202606060836,   0.926,9999.000,9999.000,9999.000,9999.000,9999.000,9999.000,9999.000,9999.000
202606060842,   0.876,9999.000,9999.000,9999.000,9999.000,9999.000,9999.000,9999.000,9999.000
202606060848,   0.827,9999.000,9999.000,9999.000,9999.000,9999.000,9999.000,9999.000,9999.000
202606060854,   0.780,9999.000,9999.000,9999.000,9999.000,9999.000,9999.000,9999.000,9999.000
202606060900,   0.734,9999.000,   0.100,   0.350,   1.184,   0.000,   1.084,   0.200,   1.284
202606060906,   0.690,9999.000,9999.000,9999.000,9999.000,9999.000,9999.000,9999.000,9999.000
202606060912,   0.648,9999.000,9999.000,9999.000,9999.000,9999.000,9999.000,9999.000,9999.000
202606060918,   0.608,9999.000,9999.000,9999.000,9999.000,9999.000,9999.000,9999.000,9999.000
202606060924,   0.571,9999.000,9999.000,9999.000,9999.000,9999.000,9999.000,9999.000,9999.000
202606060930,   0.536,9999.000,9999.000,9999.000,9999.000,9999.000,9999.000,9999.000,9999.000
202606060936,   0.503,9999.000,9999.000,9999.000,9999.000,9999.000,9999.000,9999.000,9999.000
202606060942,   0.474,9999.000,9999.000,9999.000,9999.000,9999.000,9999.000,9999.000,9999.000
202606060948,   0.448,9999.000,9999.000,9999.000,9999.000,9999.000,9999.000,9999.000,9999.000
202606060954,   0.424,9999.000,9999.000,9999.000,9999.000,9999.000,9999.000,9999.000,9999.000
202606061000,   0.404,9999.000,   0.100,   0.098,   0.602,   0.000,   0.502,   0.200,   0.702
202606061006,   0.388,9999.000,9999.000,9999.000,9999.000,9999.000,9999.000,9999.000,9999.000
202606061012,   0.375,9999.000,9999.000,9999.000,9999.000,9999.000,9999.000,9999.000,9999.000
202606061018,   0.365,9999.000,9999.000,9999.000,9999.000,9999.000,9999.000,9999.000,9999.000
202606061024,   0.359,9999.000,9999.000,9999.000,9999.000,9999.000,9999.000,9999.000,9999.000
202606061030,   0.357,9999.000,9999.000,9999.000,9999.000,9999.000,9999.000,9999.000,9999.000
202606061036,   0.358,9999.000,9999.000,9999.000,9999.000,9999.000,9999.000,9999.000,9999.000
202606061042,   0.363,9999.000,9999.000,9999.000,9999.000,9999.000,9999.000,9999.000,9999.000
202606061048,   0.371,9999.000,9999.000,9999.000,9999.000,9999.000,9999.000,9999.000,9999.000
202606061054,   0.383,9999.000,9999.000,9999.000,9999.000,9999.000,9999.000,9999.000,9999.000
202606061100,   0.398,9999.000,   0.100,  -0.064,   0.434,   0.000,   0.334,   0.200,   0.534
202606061106,   0.416,9999.000,9999.000,9999.000,9999.000,9999.000,9999.000,9999.000,9999.000
202606061112,   0.438,9999.000,9999.000,9999.000,9999.000,9999.000,9999.000,9999.000,9999.000
202606061118,   0.462,9999.000,9999.000,9999.000,9999.000,9999.000,9999.000,9999.000,9999.000
202606061124,   0.490,9999.000,9999.000,9999.000,9999.000,9999.000,9999.000,9999.000,9999.000
202606061130,   0.521,9999.000,9999.000,9999.000,9999.000,9999.000,9999.000,9999.000,9999.000
202606061136,   0.554,9999.000,9999.000,9999.000,9999.000,9999.000,9999.000,9999.000,9999.000
202606061142,   0.590,9999.000,9999.000,9999.000,9999.000,9999.000,9999.000,9999.000,9999.000
202606061148,   0.628,9999.000,9999.000,9999.000,9999.000,9999.000,9999.000,9999.000,9999.000
202606061154,   0.669,9999.000,9999.000,9999.000,9999.000,9999.000,9999.000,9999.000,9999.000
202606061200,   0.711,9999.000,   0.100,  -0.115,   0.696,   0.000,   0.596,   0.200,   0.796
202606061206,   0.756,9999.000,9999.000,9999.000,9999.000,9999.000,9999.000,9999.000,9999.000
202606061212,   0.803,9999.000,9999.000,9999.000,9999.000,9999.000,9999.000,9999.000,9999.000
202606061218,   0.851,9999.000,9999.000,9999.000,9999.000,9999.000,9999.000,9999.000,9999.000
202606061224,   0.902,9999.000,9999.000,9999.000,9999.000,9999.000,9999.000,9999.000,9999.000
202606061230,   0.953,9999.000,9999.000,9999.000,9999.000,9999.000,9999.000,9999.000,9999.000
202606061236,   1.006,9999.000,9999.000,9999.000,9999.000,9999.000,9999.000,9999.000,9999.000
202606061242,   1.061,9999.000,9999.000,9999.000,9999.000,9999.000,9999.000,9999.000,9999.000
202606061248,   1.116,9999.000,9999.000,9999.000,9999.000,9999.000,9999.000,9999.000,9999.000
202606061254,   1.173,9999.000,9999.000,9999.000,9999.000,9999.000,9999.000,9999.000,9999.000
202606061300,   1.230,9999.000,   0.100,  -0.054,   1.276,   0.000,   1.176,   0.100,   1.276
202606061306,   1.289,9999.000,9999.000,9999.000,9999.000,9999.000,9999.000,9999.000,9999.000
202606061312,   1.348,9999.000,9999.000,9999.000,9999.000,9999.000,9999.000,9999.000,9999.000
202606061318,   1.408,9999.000,9999.000,9999.000,9999.000,9999.000,9999.000,9999.000,9999.000
202606061324,   1.468,9999.000,9999.000,9999.000,9999.000,9999.000,9999.000,9999.000,9999.000
202606061330,   1.529,9999.000,9999.000,9999.000,9999.000,9999.000,9999.000,9999.000,9999.000
202606061336,   1.589,9999.000,9999.000,9999.000,9999.000,9999.000,9999.000,9999.000,9999.000
202606061342,   1.650,9999.000,9999.000,9999.000,9999.000,9999.000,9999.000,9999.000,9999.000
202606061348,   1.711,9999.000,9999.000,9999.000,9999.000,9999.000,9999.000,9999.000,9999.000
202606061354,   1.772,9999.000,9999.000,9999.000,9999.000,9999.000,9999.000,9999.000,9999.000
202606061400,   1.832,9999.000,   0.100,   0.124,   2.056,   0.000,   1.956,   0.200,   2.156
202606061406,   1.892,9999.000,9999.000,9999.000,9999.000,9999.000,9999.000,9999.000,9999.000
202606061412,   1.952,9999.000,9999.000,9999.000,9999.000,9999.000,9999.000,9999.000,9999.000
202606061418,   2.010,9999.000,9999.000,9999.000,9999.000,9999.000,9999.000,9999.000,9999.000
202606061424,   2.067,9999.000,9999.000,9999.000,9999.000,9999.000,9999.000,9999.000,9999.000
202606061430,   2.123,9999.000,9999.000,9999.000,9999.000,9999.000,9999.000,9999.000,9999.000
202606061436,   2.178,9999.000,9999.000,9999.000,9999.000,9999.000,9999.000,9999.000,9999.000
202606061442,   2.230,9999.000,9999.000,9999.000,9999.000,9999.000,9999.000,9999.000,9999.000
202606061448,   2.281,9999.000,9999.000,9999.000,9999.000,9999.000,9999.000,9999.000,9999.000
202606061454,   2.330,9999.000,9999.000,9999.000,9999.000,9999.000,9999.000,9999.000,9999.000
202606061500,   2.377,9999.000,   0.100,   0.374,   2.851,   0.000,   2.751,   0.200,   2.951
202606061506,   2.421,9999.000,9999.000,9999.000,9999.000,9999.000,9999.000,9999.000,9999.000
202606061512,   2.462,9999.000,9999.000,9999.000,9999.000,9999.000,9999.000,9999.000,9999.000
202606061518,   2.501,9999.000,9999.000,9999.000,9999.000,9999.000,9999.000,9999.000,9999.000
202606061524,   2.537,9999.000,9999.000,9999.000,9999.000,9999.000,9999.000,9999.000,9999.000
202606061530,   2.569,9999.000,9999.000,9999.000,9999.000,9999.000,9999.000,9999.000,9999.000
202606061536,   2.598,9999.000,9999.000,9999.000,9999.000,9999.000,9999.000,9999.000,9999.000
202606061542,   2.624,9999.000,9999.000,9999.000,9999.000,9999.000,9999.000,9999.000,9999.000
202606061548,   2.646,9999.000,9999.000,9999.000,9999.000,9999.000,9999.000,9999.000,9999.000
202606061554,   2.665,9999.000,9999.000,9999.000,9999.000,9999.000,9999.000,9999.000,9999.000
202606061600,   2.680,9999.000,   0.200,   0.588,   3.468,   0.100,   3.368,   0.200,   3.468
202606061606,   2.691,9999.000,9999.000,9999.000,9999.000,9999.000,9999.000,9999.000,9999.000
202606061612,   2.699,9999.000,9999.000,9999.000,9999.000,9999.000,9999.000,9999.000,9999.000
202606061618,   2.703,9999.000,9999.000,9999.000,9999.000,9999.000,9999.000,9999.000,9999.000
202606061624,   2.703,9999.000,9999.000,9999.000,9999.000,9999.000,9999.000,9999.000,9999.000
202606061630,   2.700,9999.000,9999.000,9999.000,9999.000,9999.000,9999.000,9999.000,9999.000
202606061636,   2.694,9999.000,9999.000,9999.000,9999.000,9999.000,9999.000,9999.000,9999.000
202606061642,   2.684,9999.000,9999.000,9999.000,9999.000,9999.000,9999.000,9999.000,9999.000
202606061648,   2.671,9999.000,9999.000,9999.000,9999.000,9999.000,9999.000,9999.000,9999.000
202606061654,   2.655,9999.000,9999.000,9999.000,9999.000,9999.000,9999.000,9999.000,9999.000
202606061700,   2.636,9999.000,   0.200,   0.693,   3.529,   0.100,   3.429,   0.300,   3.629
202606061706,   2.614,9999.000,9999.000,9999.000,9999.000,9999.000,9999.000,9999.000,9999.000
202606061712,   2.590,9999.000,9999.000,9999.000,9999.000,9999.000,9999.000,9999.000,9999.000
202606061718,   2.563,9999.000,9999.000,9999.000,9999.000,9999.000,9999.000,9999.000,9999.000
202606061724,   2.535,9999.000,9999.000,9999.000,9999.000,9999.000,9999.000,9999.000,9999.000
202606061730,   2.504,9999.000,9999.000,9999.000,9999.000,9999.000,9999.000,9999.000,9999.000
202606061736,   2.472,9999.000,9999.000,9999.000,9999.000,9999.000,9999.000,9999.000,9999.000
202606061742,   2.438,9999.000,9999.000,9999.000,9999.000,9999.000,9999.000,9999.000,9999.000
202606061748,   2.403,9999.000,9999.000,9999.000,9999.000,9999.000,9999.000,9999.000,9999.000
202606061754,   2.367,9999.000,9999.000,9999.000,9999.000,9999.000,9999.000,9999.000,9999.000
202606061800,   2.329,9999.000,   0.200,   0.712,   3.241,   0.100,   3.141,   0.300,   3.341
202606061806,   2.291,9999.000,9999.000,9999.000,9999.000,9999.000,9999.000,9999.000,9999.000
202606061812,   2.253,9999.000,9999.000,9999.000,9999.000,9999.000,9999.000,9999.000,9999.000
202606061818,   2.213,9999.000,9999.000,9999.000,9999.000,9999.000,9999.000,9999.000,9999.000
202606061824,   2.174,9999.000,9999.000,9999.000,9999.000,9999.000,9999.000,9999.000,9999.000
202606061830,   2.133,9999.000,9999.000,9999.000,9999.000,9999.000,9999.000,9999.000,9999.000
202606061836,   2.093,9999.000,9999.000,9999.000,9999.000,9999.000,9999.000,9999.000,9999.000
202606061842,   2.053,9999.000,9999.000,9999.000,9999.000,9999.000,9999.000,9999.000,9999.000
202606061848,   2.012,9999.000,9999.000,9999.000,9999.000,9999.000,9999.000,9999.000,9999.000
202606061854,   1.971,9999.000,9999.000,9999.000,9999.000,9999.000,9999.000,9999.000,9999.000
202606061900,   1.930,9999.000,   0.200,   0.667,   2.797,   0.200,   2.797,   0.300,   2.897
202606061906,   1.889,9999.000,9999.000,9999.000,9999.000,9999.000,9999.000,9999.000,9999.000
202606061912,   1.848,9999.000,9999.000,9999.000,9999.000,9999.000,9999.000,9999.000,9999.000
202606061918,   1.806,9999.000,9999.000,9999.000,9999.000,9999.000,9999.000,9999.000,9999.000
202606061924,   1.765,9999.000,9999.000,9999.000,9999.000,9999.000,9999.000,9999.000,9999.000
202606061930,   1.723,9999.000,9999.000,9999.000,9999.000,9999.000,9999.000,9999.000,9999.000
202606061936,   1.682,9999.000,9999.000,9999.000,9999.000,9999.000,9999.000,9999.000,9999.000
202606061942,   1.640,9999.000,9999.000,9999.000,9999.000,9999.000,9999.000,9999.000,9999.000
202606061948,   1.597,9999.000,9999.000,9999.000,9999.000,9999.000,9999.000,9999.000,9999.000
202606061954,   1.555,9999.000,9999.000,9999.000,9999.000,9999.000,9999.000,9999.000,9999.000
202606062000,   1.512,9999.000,   0.200,   0.521,   2.233,   0.200,   2.233,   0.300,   2.333
202606062006,   1.469,9999.000,9999.000,9999.000,9999.000,9999.000,9999.000,9999.000,9999.000
202606062012,   1.426,9999.000,9999.000,9999.000,9999.000,9999.000,9999.000,9999.000,9999.000
202606062018,   1.383,9999.000,9999.000,9999.000,9999.000,9999.000,9999.000,9999.000,9999.000
202606062024,   1.340,9999.000,9999.000,9999.000,9999.000,9999.000,9999.000,9999.000,9999.000
202606062030,   1.296,9999.000,9999.000,9999.000,9999.000,9999.000,9999.000,9999.000,9999.000
202606062036,   1.253,9999.000,9999.000,9999.000,9999.000,9999.000,9999.000,9999.000,9999.000
202606062042,   1.210,9999.000,9999.000,9999.000,9999.000,9999.000,9999.000,9999.000,9999.000
202606062048,   1.167,9999.000,9999.000,9999.000,9999.000,9999.000,9999.000,9999.000,9999.000
202606062054,   1.124,9999.000,9999.000,9999.000,9999.000,9999.000,9999.000,9999.000,9999.000
202606062100,   1.082,9999.000,   0.200,   0.253,   1.535,   0.200,   1.535,   0.300,   1.635
202606062106,   1.041,9999.000,9999.000,9999.000,9999.000,9999.000,9999.000,9999.000,9999.000
202606062112,   1.001,9999.000,9999.000,9999.000,9999.000,9999.000,9999.000,9999.000,9999.000
202606062118,   0.962,9999.000,9999.000,9999.000,9999.000,9999.000,9999.000,9999.000,9999.000
202606062124,   0.924,9999.000,9999.000,9999.000,9999.000,9999.000,9999.000,9999.000,9999.000
202606062130,   0.887,9999.000,9999.000,9999.000,9999.000,9999.000,9999.000,9999.000,9999.000
202606062136,   0.852,9999.000,9999.000,9999.000,9999.000,9999.000,9999.000,9999.000,9999.000
202606062142,   0.819,9999.000,9999.000,9999.000,9999.000,9999.000,9999.000,9999.000,9999.000
202606062148,   0.788,9999.000,9999.000,9999.000,9999.000,9999.000,9999.000,9999.000,9999.000
202606062154,   0.760,9999.000,9999.000,9999.000,9999.000,9999.000,9999.000,9999.000,9999.000
202606062200,   0.733,9999.000,   0.200,  -0.040,   0.893,   0.200,   0.893,   0.300,   0.993
202606062206,   0.709,9999.000,9999.000,9999.000,9999.000,9999.000,9999.000,9999.000,9999.000
202606062212,   0.688,9999.000,9999.000,9999.000,9999.000,9999.000,9999.000,9999.000,9999.000
202606062218,   0.670,9999.000,9999.000,9999.000,9999.000,9999.000,9999.000,9999.000,9999.000
202606062224,   0.655,9999.000,9999.000,9999.000,9999.000,9999.000,9999.000,9999.000,9999.000
202606062230,   0.643,9999.000,9999.000,9999.000,9999.000,9999.000,9999.000,9999.000,9999.000
202606062236,   0.635,9999.000,9999.000,9999.000,9999.000,9999.000,9999.000,9999.000,9999.000
202606062242,   0.629,9999.000,9999.000,9999.000,9999.000,9999.000,9999.000,9999.000,9999.000
202606062248,   0.627,9999.000,9999.000,9999.000,9999.000,9999.000,9999.000,9999.000,9999.000
202606062254,   0.629,9999.000,9999.000,9999.000,9999.000,9999.000,9999.000,9999.000,9999.000
202606062300,   0.633,9999.000,   0.200,  -0.227,   0.606,   0.200,   0.606,   0.300,   0.706
202606062306,   0.641,9999.000,9999.000,9999.000,9999.000,9999.000,9999.000,9999.000,9999.000
202606062312,   0.653,9999.000,9999.000,9999.000,9999.000,9999.000,9999.000,9999.000,9999.000
202606062318,   0.668,9999.000,9999.000,9999.000,9999.000,9999.000,9999.000,9999.000,9999.000
202606062324,   0.686,9999.000,9999.000,9999.000,9999.000,9999.000,9999.000,9999.000,9999.000
202606062330,   0.707,9999.000,9999.000,9999.000,9999.000,9999.000,9999.000,9999.000,9999.000
202606062336,   0.732,9999.000,9999.000,9999.000,9999.000,9999.000,9999.000,9999.000,9999.000
202606062342,   0.759,9999.000,9999.000,9999.000,9999.000,9999.000,9999.000,9999.000,9999.000
202606062348,   0.789,9999.000,9999.000,9999.000,9999.000,9999.000,9999.000,9999.000,9999.000
202606062354,   0.822,9999.000,9999.000,9999.000,9999.000,9999.000,9999.000,9999.000,9999.000
202606070000,   0.858,9999.000,   0.200,  -0.265,   0.793,   0.100,   0.693,   0.300,   0.893
202606070006,   0.897,9999.000,9999.000,9999.000,9999.000,9999.000,9999.000,9999.000,9999.000
202606070012,   0.937,9999.000,9999.000,9999.000,9999.000,9999.000,9999.000,9999.000,9999.000
202606070018,   0.980,9999.000,9999.000,9999.000,9999.000,9999.000,9999.000,9999.000,9999.000
202606070024,   1.025,9999.000,9999.000,9999.000,9999.000,9999.000,9999.000,9999.000,9999.000
202606070030,   1.072,9999.000,9999.000,9999.000,9999.000,9999.000,9999.000,9999.000,9999.000
202606070036,   1.121,9999.000,9999.000,9999.000,9999.000,9999.000,9999.000,9999.000,9999.000
202606070042,   1.172,9999.000,9999.000,9999.000,9999.000,9999.000,9999.000,9999.000,9999.000
202606070048,   1.224,9999.000,9999.000,9999.000,9999.000,9999.000,9999.000,9999.000,9999.000
202606070054,   1.278,9999.000,9999.000,9999.000,9999.000,9999.000,9999.000,9999.000,9999.000
202606070100,   1.334,9999.000,   0.100,  -0.198,   1.236,   0.000,   1.136,   0.200,   1.336
202606070106,   1.390,9999.000,9999.000,9999.000,9999.000,9999.000,9999.000,9999.000,9999.000
202606070112,   1.448,9999.000,9999.000,9999.000,9999.000,9999.000,9999.000,9999.000,9999.000
202606070118,   1.506,9999.000,9999.000,9999.000,9999.000,9999.000,9999.000,9999.000,9999.000
202606070124,   1.566,9999.000,9999.000,9999.000,9999.000,9999.000,9999.000,9999.000,9999.000
202606070130,   1.626,9999.000,9999.000,9999.000,9999.000,9999.000,9999.000,9999.000,9999.000
202606070136,   1.687,9999.000,9999.000,9999.000,9999.000,9999.000,9999.000,9999.000,9999.000
202606070142,   1.748,9999.000,9999.000,9999.000,9999.000,9999.000,9999.000,9999.000,9999.000
202606070148,   1.810,9999.000,9999.000,9999.000,9999.000,9999.000,9999.000,9999.000,9999.000
202606070154,   1.872,9999.000,9999.000,9999.000,9999.000,9999.000,9999.000,9999.000,9999.000
202606070200,   1.934,9999.000,   0.100,  -0.066,   1.968,   0.000,   1.868,   0.200,   2.068
202606070206,   1.997,9999.000,9999.000,9999.000,9999.000,9999.000,9999.000,9999.000,9999.000
202606070212,   2.059,9999.000,9999.000,9999.000,9999.000,9999.000,9999.000,9999.000,9999.000
202606070218,   2.121,9999.000,9999.000,9999.000,9999.000,9999.000,9999.000,9999.000,9999.000
202606070224,   2.182,9999.000,9999.000,9999.000,9999.000,9999.000,9999.000,9999.000,9999.000
202606070230,   2.243,9999.000,9999.000,9999.000,9999.000,9999.000,9999.000,9999.000,9999.000
202606070236,   2.302,9999.000,9999.000,9999.000,9999.000,9999.000,9999.000,9999.000,9999.000
202606070242,   2.361,9999.000,9999.000,9999.000,9999.000,9999.000,9999.000,9999.000,9999.000
202606070248,   2.419,9999.000,9999.000,9999.000,9999.000,9999.000,9999.000,9999.000,9999.000
202606070254,   2.475,9999.000,9999.000,9999.000,9999.000,9999.000,9999.000,9999.000,9999.000
202606070300,   2.529,9999.000,   0.000,   0.124,   2.653,   0.000,   2.653,   0.100,   2.753
202606070306,   2.582,9999.000,9999.000,9999.000,9999.000,9999.000,9999.000,9999.000,9999.000
202606070312,   2.633,9999.000,9999.000,9999.000,9999.000,9999.000,9999.000,9999.000,9999.000
202606070318,   2.681,9999.000,9999.000,9999.000,9999.000,9999.000,9999.000,9999.000,9999.000
202606070324,   2.727,9999.000,9999.000,9999.000,9999.000,9999.000,9999.000,9999.000,9999.000
202606070330,   2.770,9999.000,9999.000,9999.000,9999.000,9999.000,9999.000,9999.000,9999.000
202606070336,   2.810,9999.000,9999.000,9999.000,9999.000,9999.000,9999.000,9999.000,9999.000
202606070342,   2.847,9999.000,9999.000,9999.000,9999.000,9999.000,9999.000,9999.000,9999.000
202606070348,   2.881,9999.000,9999.000,9999.000,9999.000,9999.000,9999.000,9999.000,9999.000
202606070354,   2.911,9999.000,9999.000,9999.000,9999.000,9999.000,9999.000,9999.000,9999.000
202606070400,   2.938,9999.000,   0.000,   0.350,   3.288,  -0.100,   3.188,   0.100,   3.388
202606070406,   2.961,9999.000,9999.000,9999.000,9999.000,9999.000,9999.000,9999.000,9999.000
202606070412,   2.981,9999.000,9999.000,9999.000,9999.000,9999.000,9999.000,9999.000,9999.000
202606070418,   2.997,9999.000,9999.000,9999.000,9999.000,9999.000,9999.000,9999.000,9999.000
202606070424,   3.008,9999.000,9999.000,9999.000,9999.000,9999.000,9999.000,9999.000,9999.000
202606070430,   3.016,9999.000,9999.000,9999.000,9999.000,9999.000,9999.000,9999.000,9999.000
202606070436,   3.020,9999.000,9999.000,9999.000,9999.000,9999.000,9999.000,9999.000,9999.000
202606070442,   3.020,9999.000,9999.000,9999.000,9999.000,9999.000,9999.000,9999.000,9999.000
202606070448,   3.016,9999.000,9999.000,9999.000,9999.000,9999.000,9999.000,9999.000,9999.000
202606070454,   3.008,9999.000,9999.000,9999.000,9999.000,9999.000,9999.000,9999.000,9999.000
202606070500,   2.997,9999.000,   0.000,   0.568,   3.565,  -0.100,   3.465,   0.000,   3.565
202606070506,   2.982,9999.000,9999.000,9999.000,9999.000,9999.000,9999.000,9999.000,9999.000
202606070512,   2.963,9999.000,9999.000,9999.000,9999.000,9999.000,9999.000,9999.000,9999.000
202606070518,   2.941,9999.000,9999.000,9999.000,9999.000,9999.000,9999.000,9999.000,9999.000
202606070524,   2.916,9999.000,9999.000,9999.000,9999.000,9999.000,9999.000,9999.000,9999.000
202606070530,   2.888,9999.000,9999.000,9999.000,9999.000,9999.000,9999.000,9999.000,9999.000
202606070536,   2.857,9999.000,9999.000,9999.000,9999.000,9999.000,9999.000,9999.000,9999.000
202606070542,   2.824,9999.000,9999.000,9999.000,9999.000,9999.000,9999.000,9999.000,9999.000
202606070548,   2.788,9999.000,9999.000,9999.000,9999.000,9999.000,9999.000,9999.000,9999.000
202606070554,   2.750,9999.000,9999.000,9999.000,9999.000,9999.000,9999.000,9999.000,9999.000
202606070600,   2.710,9999.000,   0.000,   0.730,   3.440,  -0.200,   3.240,   0.000,   3.440
202606070606,   2.668,9999.000,9999.000,9999.000,9999.000,9999.000,9999.000,9999.000,9999.000
202606070612,   2.625,9999.000,9999.000,9999.000,9999.000,9999.000,9999.000,9999.000,9999.000
202606070618,   2.580,9999.000,9999.000,9999.000,9999.000,9999.000,9999.000,9999.000,9999.000
202606070624,   2.534,9999.000,9999.000,9999.000,9999.000,9999.000,9999.000,9999.000,9999.000
202606070630,   2.487,9999.000,9999.000,9999.000,9999.000,9999.000,9999.000,9999.000,9999.000
202606070636,   2.439,9999.000,9999.000,9999.000,9999.000,9999.000,9999.000,9999.000,9999.000
202606070642,   2.391,9999.000,9999.000,9999.000,9999.000,9999.000,9999.000,9999.000,9999.000
202606070648,   2.341,9999.000,9999.000,9999.000,9999.000,9999.000,9999.000,9999.000,9999.000
202606070654,   2.291,9999.000,9999.000,9999.000,9999.000,9999.000,9999.000,9999.000,9999.000
202606070700,   2.241,9999.000,  -0.100,   0.780,   2.921,  -0.200,   2.821,   0.000,   3.021
202606070706,   2.191,9999.000,9999.000,9999.000,9999.000,9999.000,9999.000,9999.000,9999.000
202606070712,   2.140,9999.000,9999.000,9999.000,9999.000,9999.000,9999.000,9999.000,9999.000
202606070718,   2.088,9999.000,9999.000,9999.000,9999.000,9999.000,9999.000,9999.000,9999.000
202606070724,   2.037,9999.000,9999.000,9999.000,9999.000,9999.000,9999.000,9999.000,9999.000
202606070730,   1.985,9999.000,9999.000,9999.000,9999.000,9999.000,9999.000,9999.000,9999.000
202606070736,   1.933,9999.000,9999.000,9999.000,9999.000,9999.000,9999.000,9999.000,9999.000
202606070742,   1.881,9999.000,9999.000,9999.000,9999.000,9999.000,9999.000,9999.000,9999.000
202606070748,   1.828,9999.000,9999.000,9999.000,9999.000,9999.000,9999.000,9999.000,9999.000
202606070754,   1.775,9999.000,9999.000,9999.000,9999.000,9999.000,9999.000,9999.000,9999.000
202606070800,   1.722,9999.000,  -0.100,   0.678,   2.300,  -0.300,   2.100,   0.000,   2.400
202606070806,   1.670,9999.000,9999.000,9999.000,9999.000,9999.000,9999.000,9999.000,9999.000
202606070812,   1.615,9999.000,9999.000,9999.000,9999.000,9999.000,9999.000,9999.000,9999.000
202606070818,   1.561,9999.000,9999.000,9999.000,9999.000,9999.000,9999.000,9999.000,9999.000
202606070824,   1.506,9999.000,9999.000,9999.000,9999.000,9999.000,9999.000,9999.000,9999.000
202606070830,   1.451,9999.000,9999.000,9999.000,9999.000,9999.000,9999.000,9999.000,9999.000
202606070836,   1.396,9999.000,9999.000,9999.000,9999.000,9999.000,9999.000,9999.000,9999.000
202606070842,   1.341,9999.000,9999.000,9999.000,9999.000,9999.000,9999.000,9999.000,9999.000
202606070848,   1.285,9999.000,9999.000,9999.000,9999.000,9999.000,9999.000,9999.000,9999.000
202606070854,   1.229,9999.000,9999.000,9999.000,9999.000,9999.000,9999.000,9999.000,9999.000
202606070900,   1.173,9999.000,  -0.100,   0.460,   1.533,  -0.300,   1.333,   0.000,   1.633
202606070906,   1.118,9999.000,9999.000,9999.000,9999.000,9999.000,9999.000,9999.000,9999.000
202606070912,   1.062,9999.000,9999.000,9999.000,9999.000,9999.000,9999.000,9999.000,9999.000
202606070918,   1.007,9999.000,9999.000,9999.000,9999.000,9999.000,9999.000,9999.000,9999.000
202606070924,   0.952,9999.000,9999.000,9999.000,9999.000,9999.000,9999.000,9999.000,9999.000
202606070930,   0.898,9999.000,9999.000,9999.000,9999.000,9999.000,9999.000,9999.000,9999.000
202606070936,   0.845,9999.000,9999.000,9999.000,9999.000,9999.000,9999.000,9999.000,9999.000
202606070942,   0.793,9999.000,9999.000,9999.000,9999.000,9999.000,9999.000,9999.000,9999.000
202606070948,   0.743,9999.000,9999.000,9999.000,9999.000,9999.000,9999.000,9999.000,9999.000
202606070954,   0.693,9999.000,9999.000,9999.000,9999.000,9999.000,9999.000,9999.000,9999.000
202606071000,   0.646,9999.000,  -0.100,   0.225,   0.771,  -0.200,   0.671,   0.000,   0.871
202606071006,   0.600,9999.000,9999.000,9999.000,9999.000,9999.000,9999.000,9999.000,9999.000
202606071012,   0.556,9999.000,9999.000,9999.000,9999.000,9999.000,9999.000,9999.000,9999.000
202606071018,   0.515,9999.000,9999.000,9999.000,9999.000,9999.000,9999.000,9999.000,9999.000
202606071024,   0.476,9999.000,9999.000,9999.000,9999.000,9999.000,9999.000,9999.000,9999.000
202606071030,   0.440,9999.000,9999.000,9999.000,9999.000,9999.000,9999.000,9999.000,9999.000
202606071036,   0.407,9999.000,9999.000,9999.000,9999.000,9999.000,9999.000,9999.000,9999.000
202606071042,   0.377,9999.000,9999.000,9999.000,9999.000,9999.000,9999.000,9999.000,9999.000
202606071048,   0.351,9999.000,9999.000,9999.000,9999.000,9999.000,9999.000,9999.000,9999.000
202606071054,   0.327,9999.000,9999.000,9999.000,9999.000,9999.000,9999.000,9999.000,9999.000
202606071100,   0.307,9999.000,   0.000,   0.045,   0.352,  -0.100,   0.252,   0.000,   0.352
202606071106,   0.291,9999.000,9999.000,9999.000,9999.000,9999.000,9999.000,9999.000,9999.000
202606071112,   0.278,9999.000,9999.000,9999.000,9999.000,9999.000,9999.000,9999.000,9999.000
202606071118,   0.269,9999.000,9999.000,9999.000,9999.000,9999.000,9999.000,9999.000,9999.000
202606071124,   0.264,9999.000,9999.000,9999.000,9999.000,9999.000,9999.000,9999.000,9999.000
202606071130,   0.263,9999.000,9999.000,9999.000,9999.000,9999.000,9999.000,9999.000,9999.000
202606071136,   0.265,9999.000,9999.000,9999.000,9999.000,9999.000,9999.000,9999.000,9999.000
202606071142,   0.271,9999.000,9999.000,9999.000,9999.000,9999.000,9999.000,9999.000,9999.000
202606071148,   0.281,9999.000,9999.000,9999.000,9999.000,9999.000,9999.000,9999.000,9999.000
202606071154,   0.294,9999.000,9999.000,9999.000,9999.000,9999.000,9999.000,9999.000,9999.000
202606071200,   0.311,9999.000,   0.000,  -0.065,   0.246,  -0.100,   0.146,   0.100,   0.346
202606071206,   0.332,9999.000,9999.000,9999.000,9999.000,9999.000,9999.000,9999.000,9999.000
202606071212,   0.356,9999.000,9999.000,9999.000,9999.000,9999.000,9999.000,9999.000,9999.000
202606071218,   0.383,9999.000,9999.000,9999.000,9999.000,9999.000,9999.000,9999.000,9999.000
202606071224,   0.414,9999.000,9999.000,9999.000,9999.000,9999.000,9999.000,9999.000,9999.000
202606071230,   0.447,9999.000,9999.000,9999.000,9999.000,9999.000,9999.000,9999.000,9999.000
202606071236,   0.484,9999.000,9999.000,9999.000,9999.000,9999.000,9999.000,9999.000,9999.000
202606071242,   0.523,9999.000,9999.000,9999.000,9999.000,9999.000,9999.000,9999.000,9999.000
202606071248,   0.565,9999.000,9999.000,9999.000,9999.000,9999.000,9999.000,9999.000,9999.000
202606071254,   0.610,9999.000,9999.000,9999.000,9999.000,9999.000,9999.000,9999.000,9999.000
202606071300,   0.657,9999.000,   0.000,  -0.083,   0.574,  -0.100,   0.474,   0.000,   0.574
202606071306,   0.707,9999.000,9999.000,9999.000,9999.000,9999.000,9999.000,9999.000,9999.000
202606071312,   0.758,9999.000,9999.000,9999.000,9999.000,9999.000,9999.000,9999.000,9999.000
202606071318,   0.812,9999.000,9999.000,9999.000,9999.000,9999.000,9999.000,9999.000,9999.000
202606071324,   0.868,9999.000,9999.000,9999.000,9999.000,9999.000,9999.000,9999.000,9999.000
202606071330,   0.925,9999.000,9999.000,9999.000,9999.000,9999.000,9999.000,9999.000,9999.000
202606071336,   0.984,9999.000,9999.000,9999.000,9999.000,9999.000,9999.000,9999.000,9999.000
202606071342,   1.045,9999.000,9999.000,9999.000,9999.000,9999.000,9999.000,9999.000,9999.000
202606071348,   1.107,9999.000,9999.000,9999.000,9999.000,9999.000,9999.000,9999.000,9999.000
202606071354,   1.171,9999.000,9999.000,9999.000,9999.000,9999.000,9999.000,9999.000,9999.000
202606071400,   1.236,9999.000,   0.000,   0.034,   1.270,  -0.100,   1.170,   0.100,   1.370
202606071406,   1.301,9999.000,9999.000,9999.000,9999.000,9999.000,9999.000,9999.000,9999.000
202606071412,   1.368,9999.000,9999.000,9999.000,9999.000,9999.000,9999.000,9999.000,9999.000
202606071418,   1.436,9999.000,9999.000,9999.000,9999.000,9999.000,9999.000,9999.000,9999.000
202606071424,   1.504,9999.000,9999.000,9999.000,9999.000,9999.000,9999.000,9999.000,9999.000
202606071430,   1.572,9999.000,9999.000,9999.000,9999.000,9999.000,9999.000,9999.000,9999.000
202606071436,   1.641,9999.000,9999.000,9999.000,9999.000,9999.000,9999.000,9999.000,9999.000
202606071442,   1.710,9999.000,9999.000,9999.000,9999.000,9999.000,9999.000,9999.000,9999.000
202606071448,   1.779,9999.000,9999.000,9999.000,9999.000,9999.000,9999.000,9999.000,9999.000
202606071454,   1.848,9999.000,9999.000,9999.000,9999.000,9999.000,9999.000,9999.000,9999.000
202606071500,   1.916,9999.000,   0.000,   0.254,   2.170,   0.000,   2.170,   0.100,   2.270
202606071506,   1.984,9999.000,9999.000,9999.000,9999.000,9999.000,9999.000,9999.000,9999.000
202606071512,   2.051,9999.000,9999.000,9999.000,9999.000,9999.000,9999.000,9999.000,9999.000
202606071518,   2.117,9999.000,9999.000,9999.000,9999.000,9999.000,9999.000,9999.000,9999.000
202606071524,   2.181,9999.000,9999.000,9999.000,9999.000,9999.000,9999.000,9999.000,9999.000
202606071530,   2.244,9999.000,9999.000,9999.000,9999.000,9999.000,9999.000,9999.000,9999.000
202606071536,   2.305,9999.000,9999.000,9999.000,9999.000,9999.000,9999.000,9999.000,9999.000
202606071542,   2.364,9999.000,9999.000,9999.000,9999.000,9999.000,9999.000,9999.000,9999.000
202606071548,   2.421,9999.000,9999.000,9999.000,9999.000,9999.000,9999.000,9999.000,9999.000
202606071554,   2.476,9999.000,9999.000,9999.000,9999.000,9999.000,9999.000,9999.000,9999.000
202606071600,   2.527,9999.000,   0.100,   0.460,   3.087,   0.000,   2.987,   0.200,   3.187
202606071606,   2.576,9999.000,9999.000,9999.000,9999.000,9999.000,9999.000,9999.000,9999.000
202606071612,   2.622,9999.000,9999.000,9999.000,9999.000,9999.000,9999.000,9999.000,9999.000
202606071618,   2.665,9999.000,9999.000,9999.000,9999.000,9999.000,9999.000,9999.000,9999.000
202606071624,   2.704,9999.000,9999.000,9999.000,9999.000,9999.000,9999.000,9999.000,9999.000
202606071630,   2.740,9999.000,9999.000,9999.000,9999.000,9999.000,9999.000,9999.000,9999.000
202606071636,   2.772,9999.000,9999.000,9999.000,9999.000,9999.000,9999.000,9999.000,9999.000
202606071642,   2.801,9999.000,9999.000,9999.000,9999.000,9999.000,9999.000,9999.000,9999.000
202606071648,   2.825,9999.000,9999.000,9999.000,9999.000,9999.000,9999.000,9999.000,9999.000
202606071654,   2.846,9999.000,9999.000,9999.000,9999.000,9999.000,9999.000,9999.000,9999.000
202606071700,   2.863,9999.000,   0.200,   0.578,   3.641,   0.000,   3.441,   0.300,   3.741
202606071706,   2.876,9999.000,9999.000,9999.000,9999.000,9999.000,9999.000,9999.000,9999.000
202606071712,   2.885,9999.000,9999.000,9999.000,9999.000,9999.000,9999.000,9999.000,9999.000
202606071718,   2.890,9999.000,9999.000,9999.000,9999.000,9999.000,9999.000,9999.000,9999.000
202606071724,   2.892,9999.000,9999.000,9999.000,9999.000,9999.000,9999.000,9999.000,9999.000
202606071730,   2.890,9999.000,9999.000,9999.000,9999.000,9999.000,9999.000,9999.000,9999.000
202606071736,   2.884,9999.000,9999.000,9999.000,9999.000,9999.000,9999.000,9999.000,9999.000
202606071742,   2.875,9999.000,9999.000,9999.000,9999.000,9999.000,9999.000,9999.000,9999.000
202606071748,   2.863,9999.000,9999.000,9999.000,9999.000,9999.000,9999.000,9999.000,9999.000
202606071754,   2.847,9999.000,9999.000,9999.000,9999.000,9999.000,9999.000,9999.000,9999.000
202606071800,   2.829,9999.000,   0.200,   0.642,   3.671,   0.100,   3.571,   0.300,   3.771
202606071806,   2.808,9999.000,9999.000,9999.000,9999.000,9999.000,9999.000,9999.000,9999.000
202606071812,   2.785,9999.000,9999.000,9999.000,9999.000,9999.000,9999.000,9999.000,9999.000
202606071818,   2.759,9999.000,9999.000,9999.000,9999.000,9999.000,9999.000,9999.000,9999.000
202606071824,   2.731,9999.000,9999.000,9999.000,9999.000,9999.000,9999.000,9999.000,9999.000
202606071830,   2.701,9999.000,9999.000,9999.000,9999.000,9999.000,9999.000,9999.000,9999.000
202606071836,   2.670,9999.000,9999.000,9999.000,9999.000,9999.000,9999.000,9999.000,9999.000
202606071842,   2.636,9999.000,9999.000,9999.000,9999.000,9999.000,9999.000,9999.000,9999.000
202606071848,   2.602,9999.000,9999.000,9999.000,9999.000,9999.000,9999.000,9999.000,9999.000
202606071854,   2.566,9999.000,9999.000,9999.000,9999.000,9999.000,9999.000,9999.000,9999.000
202606071900,   2.529,9999.000,   0.300,   0.667,   3.496,   0.200,   3.396,   0.400,   3.596
202606071906,   2.491,9999.000,9999.000,9999.000,9999.000,9999.000,9999.000,9999.000,9999.000
202606071912,   2.453,9999.000,9999.000,9999.000,9999.000,9999.000,9999.000,9999.000,9999.000
202606071918,   2.413,9999.000,9999.000,9999.000,9999.000,9999.000,9999.000,9999.000,9999.000
202606071924,   2.373,9999.000,9999.000,9999.000,9999.000,9999.000,9999.000,9999.000,9999.000
202606071930,   2.332,9999.000,9999.000,9999.000,9999.000,9999.000,9999.000,9999.000,9999.000
202606071936,   2.291,9999.000,9999.000,9999.000,9999.000,9999.000,9999.000,9999.000,9999.000
202606071942,   2.249,9999.000,9999.000,9999.000,9999.000,9999.000,9999.000,9999.000,9999.000
202606071948,   2.207,9999.000,9999.000,9999.000,9999.000,9999.000,9999.000,9999.000,9999.000
202606071954,   2.164,9999.000,9999.000,9999.000,9999.000,9999.000,9999.000,9999.000,9999.000
202606072000,   2.120,9999.000,   0.300,   0.586,   3.006,   0.200,   2.906,   0.400,   3.106
202606072006,   2.076,9999.000,9999.000,9999.000,9999.000,9999.000,9999.000,9999.000,9999.000
202606072012,   2.031,9999.000,9999.000,9999.000,9999.000,9999.000,9999.000,9999.000,9999.000
202606072018,   1.986,9999.000,9999.000,9999.000,9999.000,9999.000,9999.000,9999.000,9999.000
202606072024,   1.940,9999.000,9999.000,9999.000,9999.000,9999.000,9999.000,9999.000,9999.000
202606072030,   1.894,9999.000,9999.000,9999.000,9999.000,9999.000,9999.000,9999.000,9999.000
202606072036,   1.847,9999.000,9999.000,9999.000,9999.000,9999.000,9999.000,9999.000,9999.000
202606072042,   1.799,9999.000,9999.000,9999.000,9999.000,9999.000,9999.000,9999.000,9999.000
202606072048,   1.750,9999.000,9999.000,9999.000,9999.000,9999.000,9999.000,9999.000,9999.000
202606072054,   1.701,9999.000,9999.000,9999.000,9999.000,9999.000,9999.000,9999.000,9999.000
202606072100,   1.651,9999.000,   0.300,   0.360,   2.311,   0.200,   2.211,   0.400,   2.411
202606072106,   1.600,9999.000,9999.000,9999.000,9999.000,9999.000,9999.000,9999.000,9999.000
202606072112,   1.549,9999.000,9999.000,9999.000,9999.000,9999.000,9999.000,9999.000,9999.000
202606072118,   1.498,9999.000,9999.000,9999.000,9999.000,9999.000,9999.000,9999.000,9999.000
202606072124,   1.446,9999.000,9999.000,9999.000,9999.000,9999.000,9999.000,9999.000,9999.000
202606072130,   1.393,9999.000,9999.000,9999.000,9999.000,9999.000,9999.000,9999.000,9999.000
202606072136,   1.341,9999.000,9999.000,9999.000,9999.000,9999.000,9999.000,9999.000,9999.000
202606072142,   1.288,9999.000,9999.000,9999.000,9999.000,9999.000,9999.000,9999.000,9999.000
202606072148,   1.236,9999.000,9999.000,9999.000,9999.000,9999.000,9999.000,9999.000,9999.000
202606072154,   1.184,9999.000,9999.000,9999.000,9999.000,9999.000,9999.000,9999.000,9999.000
202606072200,   1.132,9999.000,   0.300,   0.087,   1.519,   0.200,   1.419,   0.400,   1.619
202606072206,   1.081,9999.000,9999.000,9999.000,9999.000,9999.000,9999.000,9999.000,9999.000
202606072212,   1.031,9999.000,9999.000,9999.000,9999.000,9999.000,9999.000,9999.000,9999.000
202606072218,   0.982,9999.000,9999.000,9999.000,9999.000,9999.000,9999.000,9999.000,9999.000
202606072224,   0.935,9999.000,9999.000,9999.000,9999.000,9999.000,9999.000,9999.000,9999.000
202606072230,   0.888,9999.000,9999.000,9999.000,9999.000,9999.000,9999.000,9999.000,9999.000
202606072236,   0.844,9999.000,9999.000,9999.000,9999.000,9999.000,9999.000,9999.000,9999.000
202606072242,   0.802,9999.000,9999.000,9999.000,9999.000,9999.000,9999.000,9999.000,9999.000
202606072248,   0.762,9999.000,9999.000,9999.000,9999.000,9999.000,9999.000,9999.000,9999.000
202606072254,   0.724,9999.000,9999.000,9999.000,9999.000,9999.000,9999.000,9999.000,9999.000
202606072300,   0.689,9999.000,   0.300,  -0.097,   0.892,   0.200,   0.792,   0.500,   1.092
202606072306,   0.657,9999.000,9999.000,9999.000,9999.000,9999.000,9999.000,9999.000,9999.000
202606072312,   0.628,9999.000,9999.000,9999.000,9999.000,9999.000,9999.000,9999.000,9999.000
202606072318,   0.602,9999.000,9999.000,9999.000,9999.000,9999.000,9999.000,9999.000,9999.000
202606072324,   0.579,9999.000,9999.000,9999.000,9999.000,9999.000,9999.000,9999.000,9999.000
202606072330,   0.560,9999.000,9999.000,9999.000,9999.000,9999.000,9999.000,9999.000,9999.000
202606072336,   0.544,9999.000,9999.000,9999.000,9999.000,9999.000,9999.000,9999.000,9999.000
202606072342,   0.532,9999.000,9999.000,9999.000,9999.000,9999.000,9999.000,9999.000,9999.000
202606072348,   0.523,9999.000,9999.000,9999.000,9999.000,9999.000,9999.000,9999.000,9999.000
202606072354,   0.518,9999.000,9999.000,9999.000,9999.000,9999.000,9999.000,9999.000,9999.000
202606080000,   0.517,9999.000,   0.400,  -0.164,   0.753,   0.200,   0.553,   0.500,   0.853
202606080006,   0.520,9999.000,9999.000,9999.000,9999.000,9999.000,9999.000,9999.000,9999.000
202606080012,   0.526,9999.000,9999.000,9999.000,9999.000,9999.000,9999.000,9999.000,9999.000
202606080018,   0.535,9999.000,9999.000,9999.000,9999.000,9999.000,9999.000,9999.000,9999.000
202606080024,   0.549,9999.000,9999.000,9999.000,9999.000,9999.000,9999.000,9999.000,9999.000
202606080030,   0.565,9999.000,9999.000,9999.000,9999.000,9999.000,9999.000,9999.000,9999.000
202606080036,   0.586,9999.000,9999.000,9999.000,9999.000,9999.000,9999.000,9999.000,9999.000
202606080042,   0.609,9999.000,9999.000,9999.000,9999.000,9999.000,9999.000,9999.000,9999.000
202606080048,   0.636,9999.000,9999.000,9999.000,9999.000,9999.000,9999.000,9999.000,9999.000
202606080054,   0.666,9999.000,9999.000,9999.000,9999.000,9999.000,9999.000,9999.000,9999.000
202606080100,   0.699,9999.000,   0.300,  -0.162,   0.837,   0.200,   0.737,   0.400,   0.937
202606080106,   0.734,9999.000,9999.000,9999.000,9999.000,9999.000,9999.000,9999.000,9999.000
202606080112,   0.773,9999.000,9999.000,9999.000,9999.000,9999.000,9999.000,9999.000,9999.000
202606080118,   0.814,9999.000,9999.000,9999.000,9999.000,9999.000,9999.000,9999.000,9999.000
202606080124,   0.858,9999.000,9999.000,9999.000,9999.000,9999.000,9999.000,9999.000,9999.000
202606080130,   0.904,9999.000,9999.000,9999.000,9999.000,9999.000,9999.000,9999.000,9999.000
202606080136,   0.952,9999.000,9999.000,9999.000,9999.000,9999.000,9999.000,9999.000,9999.000
202606080142,   1.003,9999.000,9999.000,9999.000,9999.000,9999.000,9999.000,9999.000,9999.000
202606080148,   1.055,9999.000,9999.000,9999.000,9999.000,9999.000,9999.000,9999.000,9999.000
202606080154,   1.110,9999.000,9999.000,9999.000,9999.000,9999.000,9999.000,9999.000,9999.000
202606080200,   1.166,9999.000,   0.300,  -0.105,   1.361,   0.200,   1.261,   0.400,   1.461
202606080206,   1.224,9999.000,9999.000,9999.000,9999.000,9999.000,9999.000,9999.000,9999.000
202606080212,   1.283,9999.000,9999.000,9999.000,9999.000,9999.000,9999.000,9999.000,9999.000
202606080218,   1.344,9999.000,9999.000,9999.000,9999.000,9999.000,9999.000,9999.000,9999.000
202606080224,   1.406,9999.000,9999.000,9999.000,9999.000,9999.000,9999.000,9999.000,9999.000
202606080230,   1.469,9999.000,9999.000,9999.000,9999.000,9999.000,9999.000,9999.000,9999.000
202606080236,   1.533,9999.000,9999.000,9999.000,9999.000,9999.000,9999.000,9999.000,9999.000
202606080242,   1.598,9999.000,9999.000,9999.000,9999.000,9999.000,9999.000,9999.000,9999.000
202606080248,   1.663,9999.000,9999.000,9999.000,9999.000,9999.000,9999.000,9999.000,9999.000
202606080254,   1.729,9999.000,9999.000,9999.000,9999.000,9999.000,9999.000,9999.000,9999.000
202606080300,   1.795,9999.000,   0.300,   0.029,   2.124,   0.200,   2.024,   0.400,   2.224
202606080306,   1.862,9999.000,9999.000,9999.000,9999.000,9999.000,9999.000,9999.000,9999.000
202606080312,   1.928,9999.000,9999.000,9999.000,9999.000,9999.000,9999.000,9999.000,9999.000
202606080318,   1.995,9999.000,9999.000,9999.000,9999.000,9999.000,9999.000,9999.000,9999.000
202606080324,   2.060,9999.000,9999.000,9999.000,9999.000,9999.000,9999.000,9999.000,9999.000
202606080330,   2.126,9999.000,9999.000,9999.000,9999.000,9999.000,9999.000,9999.000,9999.000
202606080336,   2.190,9999.000,9999.000,9999.000,9999.000,9999.000,9999.000,9999.000,9999.000
202606080342,   2.253,9999.000,9999.000,9999.000,9999.000,9999.000,9999.000,9999.000,9999.000
202606080348,   2.315,9999.000,9999.000,9999.000,9999.000,9999.000,9999.000,9999.000,9999.000
202606080354,   2.375,9999.000,9999.000,9999.000,9999.000,9999.000,9999.000,9999.000,9999.000
202606080400,   2.433,9999.000,   0.300,   0.230,   2.963,   0.200,   2.863,   0.400,   3.063
202606080406,   2.490,9999.000,9999.000,9999.000,9999.000,9999.000,9999.000,9999.000,9999.000
202606080412,   2.544,9999.000,9999.000,9999.000,9999.000,9999.000,9999.000,9999.000,9999.000
202606080418,   2.596,9999.000,9999.000,9999.000,9999.000,9999.000,9999.000,9999.000,9999.000
202606080424,   2.644,9999.000,9999.000,9999.000,9999.000,9999.000,9999.000,9999.000,9999.000
202606080430,   2.690,9999.000,9999.000,9999.000,9999.000,9999.000,9999.000,9999.000,9999.000
202606080436,   2.733,9999.000,9999.000,9999.000,9999.000,9999.000,9999.000,9999.000,9999.000
202606080442,   2.773,9999.000,9999.000,9999.000,9999.000,9999.000,9999.000,9999.000,9999.000
202606080448,   2.809,9999.000,9999.000,9999.000,9999.000,9999.000,9999.000,9999.000,9999.000
202606080454,   2.841,9999.000,9999.000,9999.000,9999.000,9999.000,9999.000,9999.000,9999.000
202606080500,   2.870,9999.000,   0.300,   0.454,   3.624,   0.200,   3.524,   0.400,   3.724
202606080506,   2.894,9999.000,9999.000,9999.000,9999.000,9999.000,9999.000,9999.000,9999.000
202606080512,   2.915,9999.000,9999.000,9999.000,9999.000,9999.000,9999.000,9999.000,9999.000
202606080518,   2.932,9999.000,9999.000,9999.000,9999.000,9999.000,9999.000,9999.000,9999.000
202606080524,   2.945,9999.000,9999.000,9999.000,9999.000,9999.000,9999.000,9999.000,9999.000
202606080530,   2.954,9999.000,9999.000,9999.000,9999.000,9999.000,9999.000,9999.000,9999.000
202606080536,   2.958,9999.000,9999.000,9999.000,9999.000,9999.000,9999.000,9999.000,9999.000
202606080542,   2.959,9999.000,9999.000,9999.000,9999.000,9999.000,9999.000,9999.000,9999.000
202606080548,   2.956,9999.000,9999.000,9999.000,9999.000,9999.000,9999.000,9999.000,9999.000
202606080554,   2.949,9999.000,9999.000,9999.000,9999.000,9999.000,9999.000,9999.000,9999.000
202606080600,   2.938,9999.000,   0.300,   0.645,   3.883,   0.200,   3.783,   0.400,   3.983
202606080606,   2.924,9999.000,9999.000,9999.000,9999.000,9999.000,9999.000,9999.000,9999.000
202606080612,   2.906,9999.000,9999.000,9999.000,9999.000,9999.000,9999.000,9999.000,9999.000
202606080618,   2.885,9999.000,9999.000,9999.000,9999.000,9999.000,9999.000,9999.000,9999.000
202606080624,   2.861,9999.000,9999.000,9999.000,9999.000,9999.000,9999.000,9999.000,9999.000
202606080630,   2.835,9999.000,9999.000,9999.000,9999.000,9999.000,9999.000,9999.000,9999.000
202606080636,   2.805,9999.000,9999.000,9999.000,9999.000,9999.000,9999.000,9999.000,9999.000
202606080642,   2.773,9999.000,9999.000,9999.000,9999.000,9999.000,9999.000,9999.000,9999.000
202606080648,   2.739,9999.000,9999.000,9999.000,9999.000,9999.000,9999.000,9999.000,9999.000
202606080654,   2.702,9999.000,9999.000,9999.000,9999.000,9999.000,9999.000,9999.000,9999.000
202606080700,   2.664,9999.000,   0.400,   0.740,   3.804,   0.300,   3.704,   0.500,   3.904
202606080706,   2.624,9999.000,9999.000,9999.000,9999.000,9999.000,9999.000,9999.000,9999.000
202606080712,   2.583,9999.000,9999.000,9999.000,9999.000,9999.000,9999.000,9999.000,9999.000
202606080718,   2.540,9999.000,9999.000,9999.000,9999.000,9999.000,9999.000,9999.000,9999.000
202606080724,   2.496,9999.000,9999.000,9999.000,9999.000,9999.000,9999.000,9999.000,9999.000
202606080730,   2.450,9999.000,9999.000,9999.000,9999.000,9999.000,9999.000,9999.000,9999.000
202606080736,   2.404,9999.000,9999.000,9999.000,9999.000,9999.000,9999.000,9999.000,9999.000
202606080742,   2.357,9999.000,9999.000,9999.000,9999.000,9999.000,9999.000,9999.000,9999.000
202606080748,   2.309,9999.000,9999.000,9999.000,9999.000,9999.000,9999.000,9999.000,9999.000
202606080754,   2.261,9999.000,9999.000,9999.000,9999.000,9999.000,9999.000,9999.000,9999.000
202606080800,   2.212,9999.000,   0.400,   0.693,   3.305,   0.300,   3.205,   0.500,   3.405
202606080806,   2.162,9999.000,9999.000,9999.000,9999.000,9999.000,9999.000,9999.000,9999.000
202606080812,   2.111,9999.000,9999.000,9999.000,9999.000,9999.000,9999.000,9999.000,9999.000
202606080818,   2.060,9999.000,9999.000,9999.000,9999.000,9999.000,9999.000,9999.000,9999.000
202606080824,   2.009,9999.000,9999.000,9999.000,9999.000,9999.000,9999.000,9999.000,9999.000
202606080830,   1.956,9999.000,9999.000,9999.000,9999.000,9999.000,9999.000,9999.000,9999.000
202606080836,   1.904,9999.000,9999.000,9999.000,9999.000,9999.000,9999.000,9999.000,9999.000
202606080842,   1.850,9999.000,9999.000,9999.000,9999.000,9999.000,9999.000,9999.000,9999.000
202606080848,   1.796,9999.000,9999.000,9999.000,9999.000,9999.000,9999.000,9999.000,9999.000
202606080854,   1.741,9999.000,9999.000,9999.000,9999.000,9999.000,9999.000,9999.000,9999.000
202606080900,   1.685,9999.000,   0.400,   0.531,   2.616,   0.300,   2.516,   0.500,   2.716
202606080906,   1.629,9999.000,9999.000,9999.000,9999.000,9999.000,9999.000,9999.000,9999.000
202606080912,   1.572,9999.000,9999.000,9999.000,9999.000,9999.000,9999.000,9999.000,9999.000
202606080918,   1.514,9999.000,9999.000,9999.000,9999.000,9999.000,9999.000,9999.000,9999.000
202606080924,   1.456,9999.000,9999.000,9999.000,9999.000,9999.000,9999.000,9999.000,9999.000
202606080930,   1.397,9999.000,9999.000,9999.000,9999.000,9999.000,9999.000,9999.000,9999.000
202606080936,   1.338,9999.000,9999.000,9999.000,9999.000,9999.000,9999.000,9999.000,9999.000
202606080942,   1.278,9999.000,9999.000,9999.000,9999.000,9999.000,9999.000,9999.000,9999.000
202606080948,   1.217,9999.000,9999.000,9999.000,9999.000,9999.000,9999.000,9999.000,9999.000
202606080954,   1.157,9999.000,9999.000,9999.000,9999.000,9999.000,9999.000,9999.000,9999.000
202606081000,   1.096,9999.000,   0.500,   0.344,   1.940,   0.300,   1.740,   0.600,   2.040
202606081006,   1.035,9999.000,9999.000,9999.000,9999.000,9999.000,9999.000,9999.000,9999.000
202606081012,   0.975,9999.000,9999.000,9999.000,9999.000,9999.000,9999.000,9999.000,9999.000
202606081018,   0.914,9999.000,9999.000,9999.000,9999.000,9999.000,9999.000,9999.000,9999.000
202606081024,   0.855,9999.000,9999.000,9999.000,9999.000,9999.000,9999.000,9999.000,9999.000
202606081030,   0.796,9999.000,9999.000,9999.000,9999.000,9999.000,9999.000,9999.000,9999.000
202606081036,   0.738,9999.000,9999.000,9999.000,9999.000,9999.000,9999.000,9999.000,9999.000
202606081042,   0.682,9999.000,9999.000,9999.000,9999.000,9999.000,9999.000,9999.000,9999.000
202606081048,   0.627,9999.000,9999.000,9999.000,9999.000,9999.000,9999.000,9999.000,9999.000
202606081054,   0.573,9999.000,9999.000,9999.000,9999.000,9999.000,9999.000,9999.000,9999.000
202606081100,   0.522,9999.000,   0.500,   0.180,   1.202,   0.400,   1.102,   0.700,   1.402
202606081106,   0.473,9999.000,9999.000,9999.000,9999.000,9999.000,9999.000,9999.000,9999.000
202606081112,   0.426,9999.000,9999.000,9999.000,9999.000,9999.000,9999.000,9999.000,9999.000
202606081118,   0.382,9999.000,9999.000,9999.000,9999.000,9999.000,9999.000,9999.000,9999.000
202606081124,   0.341,9999.000,9999.000,9999.000,9999.000,9999.000,9999.000,9999.000,9999.000
202606081130,   0.303,9999.000,9999.000,9999.000,9999.000,9999.000,9999.000,9999.000,9999.000
202606081136,   0.268,9999.000,9999.000,9999.000,9999.000,9999.000,9999.000,9999.000,9999.000
202606081142,   0.236,9999.000,9999.000,9999.000,9999.000,9999.000,9999.000,9999.000,9999.000
202606081148,   0.209,9999.000,9999.000,9999.000,9999.000,9999.000,9999.000,9999.000,9999.000
202606081154,   0.185,9999.000,9999.000,9999.000,9999.000,9999.000,9999.000,9999.000,9999.000
202606081200,   0.165,9999.000,   0.600,   0.038,   0.803,   0.400,   0.603,   0.700,   0.903
202606081206,   0.149,9999.000,9999.000,9999.000,9999.000,9999.000,9999.000,9999.000,9999.000
202606081212,   0.137,9999.000,9999.000,9999.000,9999.000,9999.000,9999.000,9999.000,9999.000
202606081218,   0.129,9999.000,9999.000,9999.000,9999.000,9999.000,9999.000,9999.000,9999.000
202606081224,   0.125,9999.000,9999.000,9999.000,9999.000,9999.000,9999.000,9999.000,9999.000
202606081230,   0.125,9999.000,9999.000,9999.000,9999.000,9999.000,9999.000,9999.000,9999.000
202606081236,   0.130,9999.000,9999.000,9999.000,9999.000,9999.000,9999.000,9999.000,9999.000
202606081242,   0.138,9999.000,9999.000,9999.000,9999.000,9999.000,9999.000,9999.000,9999.000
202606081248,   0.151,9999.000,9999.000,9999.000,9999.000,9999.000,9999.000,9999.000,9999.000
202606081254,   0.168,9999.000,9999.000,9999.000,9999.000,9999.000,9999.000,9999.000,9999.000
202606081300,   0.188,9999.000,   0.600,  -0.048,   0.740,   0.500,   0.640,   0.700,   0.840
202606081306,   0.213,9999.000,9999.000,9999.000,9999.000,9999.000,9999.000,9999.000,9999.000
202606081312,   0.241,9999.000,9999.000,9999.000,9999.000,9999.000,9999.000,9999.000,9999.000
202606081318,   0.273,9999.000,9999.000,9999.000,9999.000,9999.000,9999.000,9999.000,9999.000
202606081324,   0.309,9999.000,9999.000,9999.000,9999.000,9999.000,9999.000,9999.000,9999.000
202606081330,   0.348,9999.000,9999.000,9999.000,9999.000,9999.000,9999.000,9999.000,9999.000
202606081336,   0.390,9999.000,9999.000,9999.000,9999.000,9999.000,9999.000,9999.000,9999.000
202606081342,   0.436,9999.000,9999.000,9999.000,9999.000,9999.000,9999.000,9999.000,9999.000
202606081348,   0.484,9999.000,9999.000,9999.000,9999.000,9999.000,9999.000,9999.000,9999.000
202606081354,   0.536,9999.000,9999.000,9999.000,9999.000,9999.000,9999.000,9999.000,9999.000
202606081400,   0.590,9999.000,   0.600,  -0.005,   1.185,   0.500,   1.085,   0.800,   1.385
202606081406,   0.647,9999.000,9999.000,9999.000,9999.000,9999.000,9999.000,9999.000,9999.000
202606081412,   0.707,9999.000,9999.000,9999.000,9999.000,9999.000,9999.000,9999.000,9999.000
202606081418,   0.769,9999.000,9999.000,9999.000,9999.000,9999.000,9999.000,9999.000,9999.000
202606081424,   0.833,9999.000,9999.000,9999.000,9999.000,9999.000,9999.000,9999.000,9999.000
202606081430,   0.899,9999.000,9999.000,9999.000,9999.000,9999.000,9999.000,9999.000,9999.000
202606081436,   0.967,9999.000,9999.000,9999.000,9999.000,9999.000,9999.000,9999.000,9999.000
202606081442,   1.038,9999.000,9999.000,9999.000,9999.000,9999.000,9999.000,9999.000,9999.000
202606081448,   1.109,9999.000,9999.000,9999.000,9999.000,9999.000,9999.000,9999.000,9999.000
202606081454,   1.183,9999.000,9999.000,9999.000,9999.000,9999.000,9999.000,9999.000,9999.000
202606081500,   1.258,9999.000,   0.600,   0.157,   2.015,   0.500,   1.915,   0.800,   2.215
202606081506,   1.334,9999.000,9999.000,9999.000,9999.000,9999.000,9999.000,9999.000,9999.000
202606081512,   1.411,9999.000,9999.000,9999.000,9999.000,9999.000,9999.000,9999.000,9999.000
202606081518,   1.489,9999.000,9999.000,9999.000,9999.000,9999.000,9999.000,9999.000,9999.000
202606081524,   1.567,9999.000,9999.000,9999.000,9999.000,9999.000,9999.000,9999.000,9999.000
202606081530,   1.647,9999.000,9999.000,9999.000,9999.000,9999.000,9999.000,9999.000,9999.000
202606081536,   1.726,9999.000,9999.000,9999.000,9999.000,9999.000,9999.000,9999.000,9999.000
202606081542,   1.806,9999.000,9999.000,9999.000,9999.000,9999.000,9999.000,9999.000,9999.000
202606081548,   1.885,9999.000,9999.000,9999.000,9999.000,9999.000,9999.000,9999.000,9999.000
202606081554,   1.964,9999.000,9999.000,9999.000,9999.000,9999.000,9999.000,9999.000,9999.000
202606081600,   2.042,9999.000,   0.700,   0.329,   3.071,   0.500,   2.871,   0.900,   3.271
202606081606,   2.119,9999.000,9999.000,9999.000,9999.000,9999.000,9999.000,9999.000,9999.000
202606081612,   2.196,9999.000,9999.000,9999.000,9999.000,9999.000,9999.000,9999.000,9999.000
202606081618,   2.271,9999.000,9999.000,9999.000,9999.000,9999.000,9999.000,9999.000,9999.000
202606081624,   2.344,9999.000,9999.000,9999.000,9999.000,9999.000,9999.000,9999.000,9999.000
202606081630,   2.415,9999.000,9999.000,9999.000,9999.000,9999.000,9999.000,9999.000,9999.000
202606081636,   2.484,9999.000,9999.000,9999.000,9999.000,9999.000,9999.000,9999.000,9999.000
202606081642,   2.551,9999.000,9999.000,9999.000,9999.000,9999.000,9999.000,9999.000,9999.000
202606081648,   2.615,9999.000,9999.000,9999.000,9999.000,9999.000,9999.000,9999.000,9999.000
202606081654,   2.677,9999.000,9999.000,9999.000,9999.000,9999.000,9999.000,9999.000,9999.000
202606081700,   2.735,9999.000,   0.700,   0.443,   3.878,   0.500,   3.678,   0.900,   4.078
202606081706,   2.789,9999.000,9999.000,9999.000,9999.000,9999.000,9999.000,9999.000,9999.000
202606081712,   2.841,9999.000,9999.000,9999.000,9999.000,9999.000,9999.000,9999.000,9999.000
202606081718,   2.888,9999.000,9999.000,9999.000,9999.000,9999.000,9999.000,9999.000,9999.000
202606081724,   2.932,9999.000,9999.000,9999.000,9999.000,9999.000,9999.000,9999.000,9999.000
202606081730,   2.972,9999.000,9999.000,9999.000,9999.000,9999.000,9999.000,9999.000,9999.000
202606081736,   3.008,9999.000,9999.000,9999.000,9999.000,9999.000,9999.000,9999.000,9999.000
202606081742,   3.040,9999.000,9999.000,9999.000,9999.000,9999.000,9999.000,9999.000,9999.000
202606081748,   3.067,9999.000,9999.000,9999.000,9999.000,9999.000,9999.000,9999.000,9999.000
202606081754,   3.091,9999.000,9999.000,9999.000,9999.000,9999.000,9999.000,9999.000,9999.000
202606081800,   3.110,9999.000,   0.700,   0.533,   4.343,   0.500,   4.143,   0.900,   4.543
202606081806,   3.125,9999.000,9999.000,9999.000,9999.000,9999.000,9999.000,9999.000,9999.000
202606081812,   3.135,9999.000,9999.000,9999.000,9999.000,9999.000,9999.000,9999.000,9999.000
202606081818,   3.142,9999.000,9999.000,9999.000,9999.000,9999.000,9999.000,9999.000,9999.000
202606081824,   3.145,9999.000,9999.000,9999.000,9999.000,9999.000,9999.000,9999.000,9999.000
202606081830,   3.144,9999.000,9999.000,9999.000,9999.000,9999.000,9999.000,9999.000,9999.000
202606081836,   3.139,9999.000,9999.000,9999.000,9999.000,9999.000,9999.000,9999.000,9999.000
202606081842,   3.131,9999.000,9999.000,9999.000,9999.000,9999.000,9999.000,9999.000,9999.000
202606081848,   3.119,9999.000,9999.000,9999.000,9999.000,9999.000,9999.000,9999.000,9999.000
202606081854,   3.104,9999.000,9999.000,9999.000,9999.000,9999.000,9999.000,9999.000,9999.000
202606081900,   3.086,9999.000,   0.700,   0.609,   4.395,   0.500,   4.195,   0.900,   4.595
202606081906,   3.065,9999.000,9999.000,9999.000,9999.000,9999.000,9999.000,9999.000,9999.000
202606081912,   3.042,9999.000,9999.000,9999.000,9999.000,9999.000,9999.000,9999.000,9999.000
202606081918,   3.016,9999.000,9999.000,9999.000,9999.000,9999.000,9999.000,9999.000,9999.000
202606081924,   2.987,9999.000,9999.000,9999.000,9999.000,9999.000,9999.000,9999.000,9999.000
202606081930,   2.957,9999.000,9999.000,9999.000,9999.000,9999.000,9999.000,9999.000,9999.000
202606081936,   2.924,9999.000,9999.000,9999.000,9999.000,9999.000,9999.000,9999.000,9999.000
202606081942,   2.890,9999.000,9999.000,9999.000,9999.000,9999.000,9999.000,9999.000,9999.000
202606081948,   2.854,9999.000,9999.000,9999.000,9999.000,9999.000,9999.000,9999.000,9999.000
202606081954,   2.817,9999.000,9999.000,9999.000,9999.000,9999.000,9999.000,9999.000,9999.000
202606082000,   2.778,9999.000,   0.700,   0.589,   4.067,   0.500,   3.867,   0.900,   4.267
202606082006,   2.738,9999.000,9999.000,9999.000,9999.000,9999.000,9999.000,9999.000,9999.000
202606082012,   2.697,9999.000,9999.000,9999.000,9999.000,9999.000,9999.000,9999.000,9999.000
202606082018,   2.654,9999.000,9999.000,9999.000,9999.000,9999.000,9999.000,9999.000,9999.000
202606082024,   2.610,9999.000,9999.000,9999.000,9999.000,9999.000,9999.000,9999.000,9999.000
202606082030,   2.566,9999.000,9999.000,9999.000,9999.000,9999.000,9999.000,9999.000,9999.000
202606082036,   2.520,9999.000,9999.000,9999.000,9999.000,9999.000,9999.000,9999.000,9999.000
202606082042,   2.473,9999.000,9999.000,9999.000,9999.000,9999.000,9999.000,9999.000,9999.000
202606082048,   2.425,9999.000,9999.000,9999.000,9999.000,9999.000,9999.000,9999.000,9999.000
202606082054,   2.376,9999.000,9999.000,9999.000,9999.000,9999.000,9999.000,9999.000,9999.000
202606082100,   2.326,9999.000,   0.700,   0.425,   3.451,   0.500,   3.251,   0.900,   3.651
202606082106,   2.274,9999.000,9999.000,9999.000,9999.000,9999.000,9999.000,9999.000,9999.000
202606082112,   2.222,9999.000,9999.000,9999.000,9999.000,9999.000,9999.000,9999.000,9999.000
202606082118,   2.168,9999.000,9999.000,9999.000,9999.000,9999.000,9999.000,9999.000,9999.000
202606082124,   2.114,9999.000,9999.000,9999.000,9999.000,9999.000,9999.000,9999.000,9999.000
202606082130,   2.058,9999.000,9999.000,9999.000,9999.000,9999.000,9999.000,9999.000,9999.000
202606082136,   2.001,9999.000,9999.000,9999.000,9999.000,9999.000,9999.000,9999.000,9999.000
202606082142,   1.942,9999.000,9999.000,9999.000,9999.000,9999.000,9999.000,9999.000,9999.000
202606082148,   1.883,9999.000,9999.000,9999.000,9999.000,9999.000,9999.000,9999.000,9999.000
202606082154,   1.823,9999.000,9999.000,9999.000,9999.000,9999.000,9999.000,9999.000,9999.000
202606082200,   1.761,9999.000,   0.700,   0.208,   2.669,   0.500,   2.469,   0.900,   2.869
202606082206,   1.699,9999.000,9999.000,9999.000,9999.000,9999.000,9999.000,9999.000,9999.000
202606082212,   1.635,9999.000,9999.000,9999.000,9999.000,9999.000,9999.000,9999.000,9999.000
202606082218,   1.571,9999.000,9999.000,9999.000,9999.000,9999.000,9999.000,9999.000,9999.000
202606082224,   1.507,9999.000,9999.000,9999.000,9999.000,9999.000,9999.000,9999.000,9999.000
202606082230,   1.442,9999.000,9999.000,9999.000,9999.000,9999.000,9999.000,9999.000,9999.000
202606082236,   1.376,9999.000,9999.000,9999.000,9999.000,9999.000,9999.000,9999.000,9999.000
202606082242,   1.311,9999.000,9999.000,9999.000,9999.000,9999.000,9999.000,9999.000,9999.000
202606082248,   1.246,9999.000,9999.000,9999.000,9999.000,9999.000,9999.000,9999.000,9999.000
202606082254,   1.181,9999.000,9999.000,9999.000,9999.000,9999.000,9999.000,9999.000,9999.000
202606082300,   1.117,9999.000,   0.700,   0.054,   1.871,   0.500,   1.671,   0.900,   2.071
202606082306,   1.053,9999.000,9999.000,9999.000,9999.000,9999.000,9999.000,9999.000,9999.000
202606082312,   0.991,9999.000,9999.000,9999.000,9999.000,9999.000,9999.000,9999.000,9999.000
202606082318,   0.930,9999.000,9999.000,9999.000,9999.000,9999.000,9999.000,9999.000,9999.000
202606082324,   0.871,9999.000,9999.000,9999.000,9999.000,9999.000,9999.000,9999.000,9999.000
202606082330,   0.814,9999.000,9999.000,9999.000,9999.000,9999.000,9999.000,9999.000,9999.000
202606082336,   0.758,9999.000,9999.000,9999.000,9999.000,9999.000,9999.000,9999.000,9999.000
202606082342,   0.706,9999.000,9999.000,9999.000,9999.000,9999.000,9999.000,9999.000,9999.000
202606082348,   0.656,9999.000,9999.000,9999.000,9999.000,9999.000,9999.000,9999.000,9999.000
202606082354,   0.608,9999.000,9999.000,9999.000,9999.000,9999.000,9999.000,9999.000,9999.000
202606090000,   0.564,9999.000,   0.700,  -0.026,   1.238,   0.500,   1.038,   0.900,   1.438
202606090006,   0.523,9999.000,9999.000,9999.000,9999.000,9999.000,9999.000,9999.000,9999.000
202606090012,   0.486,9999.000,9999.000,9999.000,9999.000,9999.000,9999.000,9999.000,9999.000
202606090018,   0.452,9999.000,9999.000,9999.000,9999.000,9999.000,9999.000,9999.000,9999.000
202606090024,   0.422,9999.000,9999.000,9999.000,9999.000,9999.000,9999.000,9999.000,9999.000
202606090030,   0.395,9999.000,9999.000,9999.000,9999.000,9999.000,9999.000,9999.000,9999.000
202606090036,   0.373,9999.000,9999.000,9999.000,9999.000,9999.000,9999.000,9999.000,9999.000
202606090042,   0.355,9999.000,9999.000,9999.000,9999.000,9999.000,9999.000,9999.000,9999.000
202606090048,   0.341,9999.000,9999.000,9999.000,9999.000,9999.000,9999.000,9999.000,9999.000
202606090054,   0.331,9999.000,9999.000,9999.000,9999.000,9999.000,9999.000,9999.000,9999.000
202606090100,   0.325,9999.000,   0.700,  -0.077,   0.948,   0.500,   0.748,   0.900,   1.148
202606090106,   0.323,9999.000,9999.000,9999.000,9999.000,9999.000,9999.000,9999.000,9999.000
202606090112,   0.326,9999.000,9999.000,9999.000,9999.000,9999.000,9999.000,9999.000,9999.000
202606090118,   0.332,9999.000,9999.000,9999.000,9999.000,9999.000,9999.000,9999.000,9999.000
202606090124,   0.342,9999.000,9999.000,9999.000,9999.000,9999.000,9999.000,9999.000,9999.000
202606090130,   0.357,9999.000,9999.000,9999.000,9999.000,9999.000,9999.000,9999.000,9999.000
202606090136,   0.375,9999.000,9999.000,9999.000,9999.000,9999.000,9999.000,9999.000,9999.000
202606090142,   0.397,9999.000,9999.000,9999.000,9999.000,9999.000,9999.000,9999.000,9999.000
202606090148,   0.423,9999.000,9999.000,9999.000,9999.000,9999.000,9999.000,9999.000,9999.000
202606090154,   0.452,9999.000,9999.000,9999.000,9999.000,9999.000,9999.000,9999.000,9999.000
202606090200,   0.485,9999.000,   0.600,  -0.086,   0.999,   0.400,   0.799,   0.900,   1.299
202606090206,   0.521,9999.000,9999.000,9999.000,9999.000,9999.000,9999.000,9999.000,9999.000
202606090212,   0.561,9999.000,9999.000,9999.000,9999.000,9999.000,9999.000,9999.000,9999.000
202606090218,   0.603,9999.000,9999.000,9999.000,9999.000,9999.000,9999.000,9999.000,9999.000
202606090224,   0.648,9999.000,9999.000,9999.000,9999.000,9999.000,9999.000,9999.000,9999.000
202606090230,   0.697,9999.000,9999.000,9999.000,9999.000,9999.000,9999.000,9999.000,9999.000
202606090236,   0.748,9999.000,9999.000,9999.000,9999.000,9999.000,9999.000,9999.000,9999.000
202606090242,   0.801,9999.000,9999.000,9999.000,9999.000,9999.000,9999.000,9999.000,9999.000
202606090248,   0.857,9999.000,9999.000,9999.000,9999.000,9999.000,9999.000,9999.000,9999.000
202606090254,   0.915,9999.000,9999.000,9999.000,9999.000,9999.000,9999.000,9999.000,9999.000
202606090300,   0.976,9999.000,   0.600,  -0.010,   1.566,   0.400,   1.366,   0.800,   1.766
202606090306,   1.038,9999.000,9999.000,9999.000,9999.000,9999.000,9999.000,9999.000,9999.000
202606090312,   1.102,9999.000,9999.000,9999.000,9999.000,9999.000,9999.000,9999.000,9999.000
202606090318,   1.168,9999.000,9999.000,9999.000,9999.000,9999.000,9999.000,9999.000,9999.000
202606090324,   1.236,9999.000,9999.000,9999.000,9999.000,9999.000,9999.000,9999.000,9999.000
202606090330,   1.305,9999.000,9999.000,9999.000,9999.000,9999.000,9999.000,9999.000,9999.000
202606090336,   1.375,9999.000,9999.000,9999.000,9999.000,9999.000,9999.000,9999.000,9999.000
202606090342,   1.446,9999.000,9999.000,9999.000,9999.000,9999.000,9999.000,9999.000,9999.000
202606090348,   1.518,9999.000,9999.000,9999.000,9999.000,9999.000,9999.000,9999.000,9999.000
202606090354,   1.590,9999.000,9999.000,9999.000,9999.000,9999.000,9999.000,9999.000,9999.000
202606090400,   1.663,9999.000,   0.600,   0.147,   2.410,   0.400,   2.210,   0.800,   2.610
202606090406,   1.737,9999.000,9999.000,9999.000,9999.000,9999.000,9999.000,9999.000,9999.000
202606090412,   1.810,9999.000,9999.000,9999.000,9999.000,9999.000,9999.000,9999.000,9999.000
202606090418,   1.883,9999.000,9999.000,9999.000,9999.000,9999.000,9999.000,9999.000,9999.000
202606090424,   1.955,9999.000,9999.000,9999.000,9999.000,9999.000,9999.000,9999.000,9999.000
202606090430,   2.027,9999.000,9999.000,9999.000,9999.000,9999.000,9999.000,9999.000,9999.000
202606090436,   2.098,9999.000,9999.000,9999.000,9999.000,9999.000,9999.000,9999.000,9999.000
202606090442,   2.167,9999.000,9999.000,9999.000,9999.000,9999.000,9999.000,9999.000,9999.000
202606090448,   2.235,9999.000,9999.000,9999.000,9999.000,9999.000,9999.000,9999.000,9999.000
202606090454,   2.301,9999.000,9999.000,9999.000,9999.000,9999.000,9999.000,9999.000,9999.000
202606090500,   2.365,9999.000,   0.600,   0.342,   3.307,   0.400,   3.107,   0.800,   3.507
202606090506,   2.426,9999.000,9999.000,9999.000,9999.000,9999.000,9999.000,9999.000,9999.000
202606090512,   2.485,9999.000,9999.000,9999.000,9999.000,9999.000,9999.000,9999.000,9999.000
202606090518,   2.542,9999.000,9999.000,9999.000,9999.000,9999.000,9999.000,9999.000,9999.000
202606090524,   2.595,9999.000,9999.000,9999.000,9999.000,9999.000,9999.000,9999.000,9999.000
202606090530,   2.645,9999.000,9999.000,9999.000,9999.000,9999.000,9999.000,9999.000,9999.000
202606090536,   2.692,9999.000,9999.000,9999.000,9999.000,9999.000,9999.000,9999.000,9999.000
202606090542,   2.735,9999.000,9999.000,9999.000,9999.000,9999.000,9999.000,9999.000,9999.000
202606090548,   2.774,9999.000,9999.000,9999.000,9999.000,9999.000,9999.000,9999.000,9999.000
202606090554,   2.809,9999.000,9999.000,9999.000,9999.000,9999.000,9999.000,9999.000,9999.000
202606090600,   2.840,9999.000,   0.600,   0.526,   3.966,   0.400,   3.766,   0.700,   4.066
202606090606,   2.867,9999.000,9999.000,9999.000,9999.000,9999.000,9999.000,9999.000,9999.000
202606090612,   2.890,9999.000,9999.000,9999.000,9999.000,9999.000,9999.000,9999.000,9999.000
202606090618,   2.909,9999.000,9999.000,9999.000,9999.000,9999.000,9999.000,9999.000,9999.000
202606090624,   2.924,9999.000,9999.000,9999.000,9999.000,9999.000,9999.000,9999.000,9999.000
202606090630,   2.934,9999.000,9999.000,9999.000,9999.000,9999.000,9999.000,9999.000,9999.000
202606090636,   2.940,9999.000,9999.000,9999.000,9999.000,9999.000,9999.000,9999.000,9999.000
202606090642,   2.942,9999.000,9999.000,9999.000,9999.000,9999.000,9999.000,9999.000,9999.000
202606090648,   2.940,9999.000,9999.000,9999.000,9999.000,9999.000,9999.000,9999.000,9999.000
202606090654,   2.935,9999.000,9999.000,9999.000,9999.000,9999.000,9999.000,9999.000,9999.000
202606090700,   2.925,9999.000,   0.600,   0.644,   4.169,   0.400,   3.969,   0.800,   4.369
202606090706,   2.912,9999.000,9999.000,9999.000,9999.000,9999.000,9999.000,9999.000,9999.000
202606090712,   2.896,9999.000,9999.000,9999.000,9999.000,9999.000,9999.000,9999.000,9999.000
202606090718,   2.876,9999.000,9999.000,9999.000,9999.000,9999.000,9999.000,9999.000,9999.000
202606090724,   2.853,9999.000,9999.000,9999.000,9999.000,9999.000,9999.000,9999.000,9999.000
202606090730,   2.827,9999.000,9999.000,9999.000,9999.000,9999.000,9999.000,9999.000,9999.000
202606090736,   2.799,9999.000,9999.000,9999.000,9999.000,9999.000,9999.000,9999.000,9999.000
202606090742,   2.768,9999.000,9999.000,9999.000,9999.000,9999.000,9999.000,9999.000,9999.000
202606090748,   2.734,9999.000,9999.000,9999.000,9999.000,9999.000,9999.000,9999.000,9999.000
202606090754,   2.699,9999.000,9999.000,9999.000,9999.000,9999.000,9999.000,9999.000,9999.000
202606090800,   2.661,9999.000,   0.600,   0.645,   3.906,   0.400,   3.706,   0.800,   4.106
202606090806,   2.622,9999.000,9999.000,9999.000,9999.000,9999.000,9999.000,9999.000,9999.000
202606090812,   2.581,9999.000,9999.000,9999.000,9999.000,9999.000,9999.000,9999.000,9999.000
202606090818,   2.539,9999.000,9999.000,9999.000,9999.000,9999.000,9999.000,9999.000,9999.000
202606090824,   2.495,9999.000,9999.000,9999.000,9999.000,9999.000,9999.000,9999.000,9999.000
202606090830,   2.449,9999.000,9999.000,9999.000,9999.000,9999.000,9999.000,9999.000,9999.000
202606090836,   2.403,9999.000,9999.000,9999.000,9999.000,9999.000,9999.000,9999.000,9999.000
202606090842,   2.355,9999.000,9999.000,9999.000,9999.000,9999.000,9999.000,9999.000,9999.000
202606090848,   2.307,9999.000,9999.000,9999.000,9999.000,9999.000,9999.000,9999.000,9999.000
202606090854,   2.257,9999.000,9999.000,9999.000,9999.000,9999.000,9999.000,9999.000,9999.000
202606090900,   2.206,9999.000,   0.600,   0.549,   3.355,   0.400,   3.155,   0.700,   3.455
202606090906,   2.154,9999.000,9999.000,9999.000,9999.000,9999.000,9999.000,9999.000,9999.000
202606090912,   2.101,9999.000,9999.000,9999.000,9999.000,9999.000,9999.000,9999.000,9999.000
202606090918,   2.047,9999.000,9999.000,9999.000,9999.000,9999.000,9999.000,9999.000,9999.000
202606090924,   1.993,9999.000,9999.000,9999.000,9999.000,9999.000,9999.000,9999.000,9999.000
202606090930,   1.937,9999.000,9999.000,9999.000,9999.000,9999.000,9999.000,9999.000,9999.000
202606090936,   1.880,9999.000,9999.000,9999.000,9999.000,9999.000,9999.000,9999.000,9999.000
202606090942,   1.822,9999.000,9999.000,9999.000,9999.000,9999.000,9999.000,9999.000,9999.000
202606090948,   1.762,9999.000,9999.000,9999.000,9999.000,9999.000,9999.000,9999.000,9999.000
202606090954,   1.702,9999.000,9999.000,9999.000,9999.000,9999.000,9999.000,9999.000,9999.000
202606091000,   1.641,9999.000,   0.500,   0.430,   2.571,   0.400,   2.471,   0.700,   2.771
202606091006,   1.579,9999.000,9999.000,9999.000,9999.000,9999.000,9999.000,9999.000,9999.000
202606091012,   1.515,9999.000,9999.000,9999.000,9999.000,9999.000,9999.000,9999.000,9999.000
202606091018,   1.451,9999.000,9999.000,9999.000,9999.000,9999.000,9999.000,9999.000,9999.000
202606091024,   1.386,9999.000,9999.000,9999.000,9999.000,9999.000,9999.000,9999.000,9999.000
202606091030,   1.320,9999.000,9999.000,9999.000,9999.000,9999.000,9999.000,9999.000,9999.000
202606091036,   1.253,9999.000,9999.000,9999.000,9999.000,9999.000,9999.000,9999.000,9999.000
202606091042,   1.186,9999.000,9999.000,9999.000,9999.000,9999.000,9999.000,9999.000,9999.000
202606091048,   1.119,9999.000,9999.000,9999.000,9999.000,9999.000,9999.000,9999.000,9999.000
202606091054,   1.051,9999.000,9999.000,9999.000,9999.000,9999.000,9999.000,9999.000,9999.000
202606091100,   0.983,9999.000,   0.500,   0.313,   1.796,   0.400,   1.696,   0.700,   1.996
202606091106,   0.915,9999.000,9999.000,9999.000,9999.000,9999.000,9999.000,9999.000,9999.000
202606091112,   0.848,9999.000,9999.000,9999.000,9999.000,9999.000,9999.000,9999.000,9999.000
202606091118,   0.781,9999.000,9999.000,9999.000,9999.000,9999.000,9999.000,9999.000,9999.000
202606091124,   0.715,9999.000,9999.000,9999.000,9999.000,9999.000,9999.000,9999.000,9999.000
202606091130,   0.651,9999.000,9999.000,9999.000,9999.000,9999.000,9999.000,9999.000,9999.000
202606091136,   0.587,9999.000,9999.000,9999.000,9999.000,9999.000,9999.000,9999.000,9999.000
202606091142,   0.525,9999.000,9999.000,9999.000,9999.000,9999.000,9999.000,9999.000,9999.000
202606091148,   0.466,9999.000,9999.000,9999.000,9999.000,9999.000,9999.000,9999.000,9999.000
202606091154,   0.408,9999.000,9999.000,9999.000,9999.000,9999.000,9999.000,9999.000,9999.000
202606091200,   0.353,9999.000,   0.500,   0.175,   1.028,   0.300,   0.828,   0.700,   1.228
202606091206,   0.300,9999.000,9999.000,9999.000,9999.000,9999.000,9999.000,9999.000,9999.000
202606091212,   0.251,9999.000,9999.000,9999.000,9999.000,9999.000,9999.000,9999.000,9999.000
202606091218,   0.205,9999.000,9999.000,9999.000,9999.000,9999.000,9999.000,9999.000,9999.000
202606091224,   0.162,9999.000,9999.000,9999.000,9999.000,9999.000,9999.000,9999.000,9999.000
202606091230,   0.123,9999.000,9999.000,9999.000,9999.000,9999.000,9999.000,9999.000,9999.000
202606091236,   0.087,9999.000,9999.000,9999.000,9999.000,9999.000,9999.000,9999.000,9999.000
202606091242,   0.056,9999.000,9999.000,9999.000,9999.000,9999.000,9999.000,9999.000,9999.000
202606091248,   0.029,9999.000,9999.000,9999.000,9999.000,9999.000,9999.000,9999.000,9999.000
202606091254,   0.006,9999.000,9999.000,9999.000,9999.000,9999.000,9999.000,9999.000,9999.000
202606091300,  -0.011,9999.000,   0.500,   0.045,   0.534,   0.300,   0.334,   0.600,   0.634
202606091306,  -0.025,9999.000,9999.000,9999.000,9999.000,9999.000,9999.000,9999.000,9999.000
202606091312,  -0.034,9999.000,9999.000,9999.000,9999.000,9999.000,9999.000,9999.000,9999.000
202606091318,  -0.039,9999.000,9999.000,9999.000,9999.000,9999.000,9999.000,9999.000,9999.000
202606091324,  -0.039,9999.000,9999.000,9999.000,9999.000,9999.000,9999.000,9999.000,9999.000
202606091330,  -0.034,9999.000,9999.000,9999.000,9999.000,9999.000,9999.000,9999.000,9999.000
202606091336,  -0.025,9999.000,9999.000,9999.000,9999.000,9999.000,9999.000,9999.000,9999.000
202606091342,  -0.011,9999.000,9999.000,9999.000,9999.000,9999.000,9999.000,9999.000,9999.000
202606091348,   0.006,9999.000,9999.000,9999.000,9999.000,9999.000,9999.000,9999.000,9999.000
202606091354,   0.029,9999.000,9999.000,9999.000,9999.000,9999.000,9999.000,9999.000,9999.000
202606091400,   0.056,9999.000,   0.500,   0.013,   0.569,   0.300,   0.369,   0.600,   0.669
202606091406,   0.087,9999.000,9999.000,9999.000,9999.000,9999.000,9999.000,9999.000,9999.000
202606091412,   0.123,9999.000,9999.000,9999.000,9999.000,9999.000,9999.000,9999.000,9999.000
202606091418,   0.162,9999.000,9999.000,9999.000,9999.000,9999.000,9999.000,9999.000,9999.000
202606091424,   0.206,9999.000,9999.000,9999.000,9999.000,9999.000,9999.000,9999.000,9999.000
202606091430,   0.253,9999.000,9999.000,9999.000,9999.000,9999.000,9999.000,9999.000,9999.000
202606091436,   0.304,9999.000,9999.000,9999.000,9999.000,9999.000,9999.000,9999.000,9999.000
202606091442,   0.359,9999.000,9999.000,9999.000,9999.000,9999.000,9999.000,9999.000,9999.000
202606091448,   0.417,9999.000,9999.000,9999.000,9999.000,9999.000,9999.000,9999.000,9999.000
202606091454,   0.478,9999.000,9999.000,9999.000,9999.000,9999.000,9999.000,9999.000,9999.000
202606091500,   0.543,9999.000,   0.500,   0.101,   1.144,   0.300,   0.944,   0.600,   1.244
202606091506,   0.610,9999.000,9999.000,9999.000,9999.000,9999.000,9999.000,9999.000,9999.000
202606091512,   0.680,9999.000,9999.000,9999.000,9999.000,9999.000,9999.000,9999.000,9999.000
202606091518,   0.753,9999.000,9999.000,9999.000,9999.000,9999.000,9999.000,9999.000,9999.000
202606091524,   0.829,9999.000,9999.000,9999.000,9999.000,9999.000,9999.000,9999.000,9999.000
202606091530,   0.906,9999.000,9999.000,9999.000,9999.000,9999.000,9999.000,9999.000,9999.000
202606091536,   0.986,9999.000,9999.000,9999.000,9999.000,9999.000,9999.000,9999.000,9999.000
202606091542,   1.068,9999.000,9999.000,9999.000,9999.000,9999.000,9999.000,9999.000,9999.000
202606091548,   1.152,9999.000,9999.000,9999.000,9999.000,9999.000,9999.000,9999.000,9999.000
202606091554,   1.237,9999.000,9999.000,9999.000,9999.000,9999.000,9999.000,9999.000,9999.000
202606091600,   1.324,9999.000,   0.500,   0.222,   2.046,   0.300,   1.846,   0.600,   2.146
202606091606,   1.413,9999.000,9999.000,9999.000,9999.000,9999.000,9999.000,9999.000,9999.000
202606091612,   1.502,9999.000,9999.000,9999.000,9999.000,9999.000,9999.000,9999.000,9999.000
202606091618,   1.592,9999.000,9999.000,9999.000,9999.000,9999.000,9999.000,9999.000,9999.000
202606091624,   1.682,9999.000,9999.000,9999.000,9999.000,9999.000,9999.000,9999.000,9999.000
202606091630,   1.773,9999.000,9999.000,9999.000,9999.000,9999.000,9999.000,9999.000,9999.000
202606091636,   1.865,9999.000,9999.000,9999.000,9999.000,9999.000,9999.000,9999.000,9999.000
202606091642,   1.956,9999.000,9999.000,9999.000,9999.000,9999.000,9999.000,9999.000,9999.000
202606091648,   2.046,9999.000,9999.000,9999.000,9999.000,9999.000,9999.000,9999.000,9999.000
202606091654,   2.136,9999.000,9999.000,9999.000,9999.000,9999.000,9999.000,9999.000,9999.000
202606091700,   2.225,9999.000,   0.500,   0.315,   3.040,   0.300,   2.840,   0.600,   3.140
202606091706,   2.312,9999.000,9999.000,9999.000,9999.000,9999.000,9999.000,9999.000,9999.000
202606091712,   2.398,9999.000,9999.000,9999.000,9999.000,9999.000,9999.000,9999.000,9999.000
202606091718,   2.483,9999.000,9999.000,9999.000,9999.000,9999.000,9999.000,9999.000,9999.000
202606091724,   2.565,9999.000,9999.000,9999.000,9999.000,9999.000,9999.000,9999.000,9999.000
202606091730,   2.645,9999.000,9999.000,9999.000,9999.000,9999.000,9999.000,9999.000,9999.000
202606091736,   2.722,9999.000,9999.000,9999.000,9999.000,9999.000,9999.000,9999.000,9999.000
202606091742,   2.796,9999.000,9999.000,9999.000,9999.000,9999.000,9999.000,9999.000,9999.000
202606091748,   2.867,9999.000,9999.000,9999.000,9999.000,9999.000,9999.000,9999.000,9999.000
202606091754,   2.935,9999.000,9999.000,9999.000,9999.000,9999.000,9999.000,9999.000,9999.000
202606091800,   2.999,9999.000,   0.500,   0.407,   3.906,   0.300,   3.706,   0.600,   4.006
202606091806,   3.059,9999.000,9999.000,9999.000,9999.000,9999.000,9999.000,9999.000,9999.000
202606091812,   3.115,9999.000,9999.000,9999.000,9999.000,9999.000,9999.000,9999.000,9999.000
202606091818,   3.167,9999.000,9999.000,9999.000,9999.000,9999.000,9999.000,9999.000,9999.000
202606091824,   3.214,9999.000,9999.000,9999.000,9999.000,9999.000,9999.000,9999.000,9999.000
202606091830,   3.258,9999.000,9999.000,9999.000,9999.000,9999.000,9999.000,9999.000,9999.000
202606091836,   3.296,9999.000,9999.000,9999.000,9999.000,9999.000,9999.000,9999.000,9999.000
202606091842,   3.330,9999.000,9999.000,9999.000,9999.000,9999.000,9999.000,9999.000,9999.000
202606091848,   3.360,9999.000,9999.000,9999.000,9999.000,9999.000,9999.000,9999.000,9999.000
202606091854,   3.385,9999.000,9999.000,9999.000,9999.000,9999.000,9999.000,9999.000,9999.000
202606091900,   3.405,9999.000,   0.500,   0.504,   4.409,   0.400,   4.309,   0.600,   4.509
202606091906,   3.421,9999.000,9999.000,9999.000,9999.000,9999.000,9999.000,9999.000,9999.000
202606091912,   3.433,9999.000,9999.000,9999.000,9999.000,9999.000,9999.000,9999.000,9999.000
202606091918,   3.440,9999.000,9999.000,9999.000,9999.000,9999.000,9999.000,9999.000,9999.000
202606091924,   3.442,9999.000,9999.000,9999.000,9999.000,9999.000,9999.000,9999.000,9999.000
202606091930,   3.441,9999.000,9999.000,9999.000,9999.000,9999.000,9999.000,9999.000,9999.000
202606091936,   3.436,9999.000,9999.000,9999.000,9999.000,9999.000,9999.000,9999.000,9999.000
202606091942,   3.426,9999.000,9999.000,9999.000,9999.000,9999.000,9999.000,9999.000,9999.000
202606091948,   3.414,9999.000,9999.000,9999.000,9999.000,9999.000,9999.000,9999.000,9999.000
202606091954,   3.397,9999.000,9999.000,9999.000,9999.000,9999.000,9999.000,9999.000,9999.000
202606092000,   3.378,9999.000,   0.500,   0.528,   4.406,   0.400,   4.306,   0.700,   4.606
202606092006,   3.355,9999.000,9999.000,9999.000,9999.000,9999.000,9999.000,9999.000,9999.000
202606092012,   3.329,9999.000,9999.000,9999.000,9999.000,9999.000,9999.000,9999.000,9999.000
202606092018,   3.301,9999.000,9999.000,9999.000,9999.000,9999.000,9999.000,9999.000,9999.000
202606092024,   3.270,9999.000,9999.000,9999.000,9999.000,9999.000,9999.000,9999.000,9999.000
202606092030,   3.236,9999.000,9999.000,9999.000,9999.000,9999.000,9999.000,9999.000,9999.000
202606092036,   3.200,9999.000,9999.000,9999.000,9999.000,9999.000,9999.000,9999.000,9999.000
202606092042,   3.162,9999.000,9999.000,9999.000,9999.000,9999.000,9999.000,9999.000,9999.000
202606092048,   3.122,9999.000,9999.000,9999.000,9999.000,9999.000,9999.000,9999.000,9999.000
202606092054,   3.080,9999.000,9999.000,9999.000,9999.000,9999.000,9999.000,9999.000,9999.000
202606092100,   3.036,9999.000,   0.500,   0.435,   3.971,   0.400,   3.871,   0.700,   4.171
202606092106,   2.991,9999.000,9999.000,9999.000,9999.000,9999.000,9999.000,9999.000,9999.000
202606092112,   2.943,9999.000,9999.000,9999.000,9999.000,9999.000,9999.000,9999.000,9999.000
202606092118,   2.894,9999.000,9999.000,9999.000,9999.000,9999.000,9999.000,9999.000,9999.000
202606092124,   2.843,9999.000,9999.000,9999.000,9999.000,9999.000,9999.000,9999.000,9999.000
202606092130,   2.791,9999.000,9999.000,9999.000,9999.000,9999.000,9999.000,9999.000,9999.000
202606092136,   2.737,9999.000,9999.000,9999.000,9999.000,9999.000,9999.000,9999.000,9999.000
202606092142,   2.681,9999.000,9999.000,9999.000,9999.000,9999.000,9999.000,9999.000,9999.000
202606092148,   2.624,9999.000,9999.000,9999.000,9999.000,9999.000,9999.000,9999.000,9999.000
202606092154,   2.565,9999.000,9999.000,9999.000,9999.000,9999.000,9999.000,9999.000,9999.000
202606092200,   2.504,9999.000,   0.600,   0.298,   3.402,   0.400,   3.202,   0.700,   3.502
202606092206,   2.442,9999.000,9999.000,9999.000,9999.000,9999.000,9999.000,9999.000,9999.000
202606092212,   2.378,9999.000,9999.000,9999.000,9999.000,9999.000,9999.000,9999.000,9999.000
202606092218,   2.312,9999.000,9999.000,9999.000,9999.000,9999.000,9999.000,9999.000,9999.000
202606092224,   2.245,9999.000,9999.000,9999.000,9999.000,9999.000,9999.000,9999.000,9999.000
202606092230,   2.176,9999.000,9999.000,9999.000,9999.000,9999.000,9999.000,9999.000,9999.000
202606092236,   2.105,9999.000,9999.000,9999.000,9999.000,9999.000,9999.000,9999.000,9999.000
202606092242,   2.033,9999.000,9999.000,9999.000,9999.000,9999.000,9999.000,9999.000,9999.000
202606092248,   1.960,9999.000,9999.000,9999.000,9999.000,9999.000,9999.000,9999.000,9999.000
202606092254,   1.885,9999.000,9999.000,9999.000,9999.000,9999.000,9999.000,9999.000,9999.000
202606092300,   1.809,9999.000,   0.600,   0.284,   2.693,   0.400,   2.493,   0.700,   2.793
202606092306,   1.732,9999.000,9999.000,9999.000,9999.000,9999.000,9999.000,9999.000,9999.000
202606092312,   1.655,9999.000,9999.000,9999.000,9999.000,9999.000,9999.000,9999.000,9999.000
202606092318,   1.576,9999.000,9999.000,9999.000,9999.000,9999.000,9999.000,9999.000,9999.000
202606092324,   1.497,9999.000,9999.000,9999.000,9999.000,9999.000,9999.000,9999.000,9999.000
202606092330,   1.417,9999.000,9999.000,9999.000,9999.000,9999.000,9999.000,9999.000,9999.000
202606092336,   1.338,9999.000,9999.000,9999.000,9999.000,9999.000,9999.000,9999.000,9999.000
202606092342,   1.259,9999.000,9999.000,9999.000,9999.000,9999.000,9999.000,9999.000,9999.000
202606092348,   1.180,9999.000,9999.000,9999.000,9999.000,9999.000,9999.000,9999.000,9999.000
202606092354,   1.102,9999.000,9999.000,9999.000,9999.000,9999.000,9999.000,9999.000,9999.000
202606100000,   1.024,9999.000,   0.600,   0.284,   1.908,   0.400,   1.708,   0.700,   2.008
