        TIME,    TIDE,      OB,   SURGE,    BIAS,     TWL,SURGE90p,  TWL90p,SURGE10p,   TWL10p
202605111800,   1.554,   2.269,   0.200,   0.515,   2.269,   0.100,   2.169,   0.300,   2.369
202605111806,   1.552,9999.000,9999.000,9999.000,9999.000,9999.000,9999.000,9999.000,9999.000
202605111812,   1.550,   2.289,9999.000,9999.000,9999.000,9999.000,9999.000,9999.000,9999.000
202605111818,   1.546,9999.000,9999.000,9999.000,9999.000,9999.000,9999.000,9999.000,9999.000
202605111824,   1.542,   2.289,9999.000,9999.000,9999.000,9999.000,9999.000,9999.000,9999.000
202605111830,   1.538,9999.000,9999.000,9999.000,9999.000,9999.000,9999.000,9999.000,9999.000
202605111836,   1.532,   2.400,9999.000,9999.000,9999.000,9999.000,9999.000,9999.000,9999.000
202605111842,   1.526,9999.000,9999.000,9999.000,9999.000,9999.000,9999.000,9999.000,9999.000
202605111848,   1.519,   2.400,9999.000,9999.000,9999.000,9999.000,9999.000,9999.000,9999.000
202605111854,   1.511,9999.000,9999.000,9999.000,9999.000,9999.000,9999.000,9999.000,9999.000
202605111900,   1.502,   2.450,   0.200,   0.748,   2.450,   0.100,   2.350,   0.300,   2.550
202605111906,   1.493,   2.400,9999.000,9999.000,9999.000,9999.000,9999.000,9999.000,9999.000
202605111912,   1.483,   2.318,9999.000,9999.000,9999.000,9999.000,9999.000,9999.000,9999.000
202605111918,   1.473,   2.289,9999.000,9999.000,9999.000,9999.000,9999.000,9999.000,9999.000
202605111924,   1.461,   2.250,9999.000,9999.000,9999.000,9999.000,9999.000,9999.000,9999.000
202605111930,   1.449,   2.240,9999.000,9999.000,9999.000,9999.000,9999.000,9999.000,9999.000
202605111936,   1.437,   2.200,9999.000,9999.000,9999.000,9999.000,9999.000,9999.000,9999.000
202605111942,   1.424,   2.210,9999.000,9999.000,9999.000,9999.000,9999.000,9999.000,9999.000
202605111948,   1.410,   2.269,9999.000,9999.000,9999.000,9999.000,9999.000,9999.000,9999.000
202605111954,   1.396,   2.289,9999.000,9999.000,9999.000,9999.000,9999.000,9999.000,9999.000
202605112000,   1.382,   2.279,   0.200,   0.697,   2.279,   0.100,   2.179,   0.300,   2.379
202605112006,   1.367,   2.299,9999.000,9999.000,9999.000,9999.000,9999.000,9999.000,9999.000
202605112012,   1.352,   2.289,9999.000,9999.000,9999.000,9999.000,9999.000,9999.000,9999.000
202605112018,   1.337,   2.250,9999.000,9999.000,9999.000,9999.000,9999.000,9999.000,9999.000
202605112024,   1.322,   2.191,9999.000,9999.000,9999.000,9999.000,9999.000,9999.000,9999.000
202605112030,   1.306,   2.191,9999.000,9999.000,9999.000,9999.000,9999.000,9999.000,9999.000
202605112036,   1.291,   2.191,9999.000,9999.000,9999.000,9999.000,9999.000,9999.000,9999.000
202605112042,   1.276,   2.089,9999.000,9999.000,9999.000,9999.000,9999.000,9999.000,9999.000
202605112048,   1.260,   2.158,9999.000,9999.000,9999.000,9999.000,9999.000,9999.000,9999.000
202605112054,   1.245,   2.158,9999.000,9999.000,9999.000,9999.000,9999.000,9999.000,9999.000
202605112100,   1.230,   2.128,   0.200,   0.698,   2.128,   0.100,   2.028,   0.300,   2.228
202605112106,   1.216,   2.030,9999.000,9999.000,9999.000,9999.000,9999.000,9999.000,9999.000
202605112112,   1.201,   2.020,9999.000,9999.000,9999.000,9999.000,9999.000,9999.000,9999.000
202605112118,   1.187,   1.928,9999.000,9999.000,9999.000,9999.000,9999.000,9999.000,9999.000
202605112124,   1.173,   1.820,9999.000,9999.000,9999.000,9999.000,9999.000,9999.000,9999.000
202605112130,   1.160,   1.758,9999.000,9999.000,9999.000,9999.000,9999.000,9999.000,9999.000
202605112136,   1.146,   1.758,9999.000,9999.000,9999.000,9999.000,9999.000,9999.000,9999.000
202605112142,   1.133,   1.790,9999.000,9999.000,9999.000,9999.000,9999.000,9999.000,9999.000
202605112148,   1.121,   1.918,9999.000,9999.000,9999.000,9999.000,9999.000,9999.000,9999.000
202605112154,   1.109,   1.928,9999.000,9999.000,9999.000,9999.000,9999.000,9999.000,9999.000
202605112200,   1.097,   1.948,   0.200,   0.651,   1.948,   0.100,   1.848,   0.300,   2.048
202605112206,   1.085,   1.990,9999.000,9999.000,9999.000,9999.000,9999.000,9999.000,9999.000
202605112212,   1.074,   1.967,9999.000,9999.000,9999.000,9999.000,9999.000,9999.000,9999.000
202605112218,   1.064,   1.889,9999.000,9999.000,9999.000,9999.000,9999.000,9999.000,9999.000
202605112224,   1.053,   1.820,9999.000,9999.000,9999.000,9999.000,9999.000,9999.000,9999.000
202605112230,   1.043,   1.800,9999.000,9999.000,9999.000,9999.000,9999.000,9999.000,9999.000
202605112236,   1.033,   1.790,9999.000,9999.000,9999.000,9999.000,9999.000,9999.000,9999.000
202605112242,   1.024,   1.869,9999.000,9999.000,9999.000,9999.000,9999.000,9999.000,9999.000
202605112248,   1.015,   1.958,9999.000,9999.000,9999.000,9999.000,9999.000,9999.000,9999.000
202605112254,   1.006,   2.040,9999.000,9999.000,9999.000,9999.000,9999.000,9999.000,9999.000
202605112300,   0.998,   2.089,   0.300,   0.791,   2.089,   0.100,   1.889,   0.400,   2.189
202605112306,   0.990,   2.138,9999.000,9999.000,9999.000,9999.000,9999.000,9999.000,9999.000
202605112312,   0.983,   2.069,9999.000,9999.000,9999.000,9999.000,9999.000,9999.000,9999.000
202605112318,   0.976,   1.967,9999.000,9999.000,9999.000,9999.000,9999.000,9999.000,9999.000
202605112324,   0.970,   1.840,9999.000,9999.000,9999.000,9999.000,9999.000,9999.000,9999.000
202605112330,   0.963,   1.758,9999.000,9999.000,9999.000,9999.000,9999.000,9999.000,9999.000
202605112336,   0.957,   1.800,9999.000,9999.000,9999.000,9999.000,9999.000,9999.000,9999.000
202605112342,   0.952,   1.879,9999.000,9999.000,9999.000,9999.000,9999.000,9999.000,9999.000
202605112348,   0.947,   1.928,9999.000,9999.000,9999.000,9999.000,9999.000,9999.000,9999.000
202605112354,   0.943,   1.948,9999.000,9999.000,9999.000,9999.000,9999.000,9999.000,9999.000
202605120000,   0.940,   1.918,   0.300,   0.678,   1.918,   0.200,   1.818,   0.400,   2.018
202605120006,   0.937,   1.918,9999.000,9999.000,9999.000,9999.000,9999.000,9999.000,9999.000
202605120012,   0.935,   1.849,9999.000,9999.000,9999.000,9999.000,9999.000,9999.000,9999.000
202605120018,   0.934,   1.830,9999.000,9999.000,9999.000,9999.000,9999.000,9999.000,9999.000
202605120024,   0.934,   1.748,9999.000,9999.000,9999.000,9999.000,9999.000,9999.000,9999.000
202605120030,   0.934,   1.699,9999.000,9999.000,9999.000,9999.000,9999.000,9999.000,9999.000
202605120036,   0.935,   1.699,9999.000,9999.000,9999.000,9999.000,9999.000,9999.000,9999.000
202605120042,   0.937,   1.728,9999.000,9999.000,9999.000,9999.000,9999.000,9999.000,9999.000
202605120048,   0.940,   1.738,9999.000,9999.000,9999.000,9999.000,9999.000,9999.000,9999.000
202605120054,   0.944,   1.738,9999.000,9999.000,9999.000,9999.000,9999.000,9999.000,9999.000
202605120100,   0.949,   1.639,   0.300,   0.390,   1.639,   0.200,   1.539,   0.400,   1.739
202605120106,   0.954,   1.610,9999.000,9999.000,9999.000,9999.000,9999.000,9999.000,9999.000
202605120112,   0.961,   1.600,9999.000,9999.000,9999.000,9999.000,9999.000,9999.000,9999.000
202605120118,   0.968,   1.548,9999.000,9999.000,9999.000,9999.000,9999.000,9999.000,9999.000
202605120124,   0.976,   1.508,9999.000,9999.000,9999.000,9999.000,9999.000,9999.000,9999.000
202605120130,   0.985,   1.449,9999.000,9999.000,9999.000,9999.000,9999.000,9999.000,9999.000
202605120136,   0.995,   1.439,9999.000,9999.000,9999.000,9999.000,9999.000,9999.000,9999.000
202605120142,   1.005,   1.420,9999.000,9999.000,9999.000,9999.000,9999.000,9999.000,9999.000
202605120148,   1.016,   1.420,9999.000,9999.000,9999.000,9999.000,9999.000,9999.000,9999.000
202605120154,   1.028,   1.380,9999.000,9999.000,9999.000,9999.000,9999.000,9999.000,9999.000
202605120200,   1.040,   1.348,   0.300,   0.008,   1.348,   0.200,   1.248,   0.400,   1.448
202605120206,   1.052,   1.361,9999.000,9999.000,9999.000,9999.000,9999.000,9999.000,9999.000
202605120212,   1.065,   1.400,9999.000,9999.000,9999.000,9999.000,9999.000,9999.000,9999.000
202605120218,   1.079,   1.439,9999.000,9999.000,9999.000,9999.000,9999.000,9999.000,9999.000
202605120224,   1.092,   1.439,9999.000,9999.000,9999.000,9999.000,9999.000,9999.000,9999.000
202605120230,   1.106,   1.459,9999.000,9999.000,9999.000,9999.000,9999.000,9999.000,9999.000
202605120236,   1.120,   1.557,9999.000,9999.000,9999.000,9999.000,9999.000,9999.000,9999.000
202605120242,   1.134,   1.518,9999.000,9999.000,9999.000,9999.000,9999.000,9999.000,9999.000
202605120248,   1.148,   1.538,9999.000,9999.000,9999.000,9999.000,9999.000,9999.000,9999.000
202605120254,   1.162,   1.590,9999.000,9999.000,9999.000,9999.000,9999.000,9999.000,9999.000
202605120300,   1.175,   1.659,   0.300,   0.184,   1.659,   0.200,   1.559,   0.400,   1.759
202605120306,   1.189,   1.639,9999.000,9999.000,9999.000,9999.000,9999.000,9999.000,9999.000
202605120312,   1.202,   1.708,9999.000,9999.000,9999.000,9999.000,9999.000,9999.000,9999.000
202605120318,   1.215,   1.708,9999.000,9999.000,9999.000,9999.000,9999.000,9999.000,9999.000
202605120324,   1.227,   1.718,9999.000,9999.000,9999.000,9999.000,9999.000,9999.000,9999.000
202605120330,   1.239,   1.738,9999.000,9999.000,9999.000,9999.000,9999.000,9999.000,9999.000
202605120336,   1.251,   1.738,9999.000,9999.000,9999.000,9999.000,9999.000,9999.000,9999.000
202605120342,   1.262,   1.767,9999.000,9999.000,9999.000,9999.000,9999.000,9999.000,9999.000
202605120348,   1.272,   1.748,9999.000,9999.000,9999.000,9999.000,9999.000,9999.000,9999.000
202605120354,   1.282,   1.689,9999.000,9999.000,9999.000,9999.000,9999.000,9999.000,9999.000
202605120400,   1.292,   1.689,   0.300,   0.097,   1.689,   0.200,   1.589,   0.400,   1.789
202605120406,   1.301,   1.659,9999.000,9999.000,9999.000,9999.000,9999.000,9999.000,9999.000
202605120412,   1.309,   1.639,9999.000,9999.000,9999.000,9999.000,9999.000,9999.000,9999.000
202605120418,   1.317,   1.620,9999.000,9999.000,9999.000,9999.000,9999.000,9999.000,9999.000
202605120424,   1.324,   1.630,9999.000,9999.000,9999.000,9999.000,9999.000,9999.000,9999.000
202605120430,   1.331,   1.630,9999.000,9999.000,9999.000,9999.000,9999.000,9999.000,9999.000
202605120436,   1.337,   1.630,9999.000,9999.000,9999.000,9999.000,9999.000,9999.000,9999.000
202605120442,   1.343,   1.610,9999.000,9999.000,9999.000,9999.000,9999.000,9999.000,9999.000
202605120448,   1.348,   1.630,9999.000,9999.000,9999.000,9999.000,9999.000,9999.000,9999.000
202605120454,   1.353,   1.600,9999.000,9999.000,9999.000,9999.000,9999.000,9999.000,9999.000
202605120500,   1.357,   1.639,   0.300,  -0.018,   1.639,   0.200,   1.539,   0.400,   1.739
202605120506,   1.361,   1.738,9999.000,9999.000,9999.000,9999.000,9999.000,9999.000,9999.000
202605120512,   1.364,   1.781,9999.000,9999.000,9999.000,9999.000,9999.000,9999.000,9999.000
202605120518,   1.367,   1.810,9999.000,9999.000,9999.000,9999.000,9999.000,9999.000,9999.000
202605120524,   1.369,   1.810,9999.000,9999.000,9999.000,9999.000,9999.000,9999.000,9999.000
202605120530,   1.371,   1.830,9999.000,9999.000,9999.000,9999.000,9999.000,9999.000,9999.000
202605120536,   1.372,   1.840,9999.000,9999.000,9999.000,9999.000,9999.000,9999.000,9999.000
202605120542,   1.373,   1.840,9999.000,9999.000,9999.000,9999.000,9999.000,9999.000,9999.000
202605120548,   1.373,   1.790,9999.000,9999.000,9999.000,9999.000,9999.000,9999.000,9999.000
202605120554,   1.373,   1.830,9999.000,9999.000,9999.000,9999.000,9999.000,9999.000,9999.000
202605120600,   1.372,   1.899,   0.400,   0.127,   1.899,   0.400,   1.899,   0.500,   1.999
202605120606,   1.371,   1.958,9999.000,9999.000,9999.000,9999.000,9999.000,9999.000,9999.000
202605120612,   1.369,   1.981,9999.000,9999.000,9999.000,9999.000,9999.000,9999.000,9999.000
202605120618,   1.366,   2.010,9999.000,9999.000,9999.000,9999.000,9999.000,9999.000,9999.000
202605120624,   1.363,   2.049,9999.000,9999.000,9999.000,9999.000,9999.000,9999.000,9999.000
202605120630,   1.359,   2.089,9999.000,9999.000,9999.000,9999.000,9999.000,9999.000,9999.000
202605120636,   1.354,   2.089,9999.000,9999.000,9999.000,9999.000,9999.000,9999.000,9999.000
202605120642,   1.349,   2.109,9999.000,9999.000,9999.000,9999.000,9999.000,9999.000,9999.000
202605120648,   1.343,   2.109,9999.000,9999.000,9999.000,9999.000,9999.000,9999.000,9999.000
202605120654,   1.336,   2.099,9999.000,9999.000,9999.000,9999.000,9999.000,9999.000,9999.000
202605120700,   1.329,   2.109,   0.400,   0.380,   2.109,   0.400,   2.109,   0.500,   2.209
202605120706,   1.321,   2.040,9999.000,9999.000,9999.000,9999.000,9999.000,9999.000,9999.000
202605120712,   1.313,   2.049,9999.000,9999.000,9999.000,9999.000,9999.000,9999.000,9999.000
202605120718,   1.304,   2.010,9999.000,9999.000,9999.000,9999.000,9999.000,9999.000,9999.000
202605120724,   1.294,   2.000,9999.000,9999.000,9999.000,9999.000,9999.000,9999.000,9999.000
202605120730,   1.283,   1.981,9999.000,9999.000,9999.000,9999.000,9999.000,9999.000,9999.000
202605120736,   1.272,   1.948,9999.000,9999.000,9999.000,9999.000,9999.000,9999.000,9999.000
202605120742,   1.261,   1.918,9999.000,9999.000,9999.000,9999.000,9999.000,9999.000,9999.000
202605120748,   1.249,   1.849,9999.000,9999.000,9999.000,9999.000,9999.000,9999.000,9999.000
202605120754,   1.236,   1.800,9999.000,9999.000,9999.000,9999.000,9999.000,9999.000,9999.000
202605120800,   1.224,   1.767,   0.500,   0.043,   1.767,   0.400,   1.667,   0.500,   1.767
202605120806,   1.210,   1.748,9999.000,9999.000,9999.000,9999.000,9999.000,9999.000,9999.000
202605120812,   1.197,   1.767,9999.000,9999.000,9999.000,9999.000,9999.000,9999.000,9999.000
202605120818,   1.183,9999.000,9999.000,9999.000,9999.000,9999.000,9999.000,9999.000,9999.000
202605120824,   1.169,   1.682,9999.000,9999.000,9999.000,9999.000,9999.000,9999.000,9999.000
202605120830,   1.155,   1.767,9999.000,9999.000,9999.000,9999.000,9999.000,9999.000,9999.000
202605120836,   1.141,   1.758,9999.000,9999.000,9999.000,9999.000,9999.000,9999.000,9999.000
202605120842,   1.127,   1.758,9999.000,9999.000,9999.000,9999.000,9999.000,9999.000,9999.000
202605120848,   1.113,   1.738,9999.000,9999.000,9999.000,9999.000,9999.000,9999.000,9999.000
202605120854,   1.100,   1.728,9999.000,9999.000,9999.000,9999.000,9999.000,9999.000,9999.000
202605120900,   1.086,   1.679,   0.500,   0.093,   1.679,   0.400,   1.579,   0.500,   1.679
202605120906,   1.073,   1.708,9999.000,9999.000,9999.000,9999.000,9999.000,9999.000,9999.000
202605120912,   1.060,   1.708,9999.000,9999.000,9999.000,9999.000,9999.000,9999.000,9999.000
202605120918,   1.047,   1.669,9999.000,9999.000,9999.000,9999.000,9999.000,9999.000,9999.000
202605120924,   1.034,   1.679,9999.000,9999.000,9999.000,9999.000,9999.000,9999.000,9999.000
202605120930,   1.022,   1.689,9999.000,9999.000,9999.000,9999.000,9999.000,9999.000,9999.000
202605120936,   1.011,   1.620,9999.000,9999.000,9999.000,9999.000,9999.000,9999.000,9999.000
202605120942,   1.000,   1.630,9999.000,9999.000,9999.000,9999.000,9999.000,9999.000,9999.000
202605120948,   0.989,   1.630,9999.000,9999.000,9999.000,9999.000,9999.000,9999.000,9999.000
202605120954,   0.979,   1.600,9999.000,9999.000,9999.000,9999.000,9999.000,9999.000,9999.000
202605121000,   0.970,   1.620,   0.500,   0.150,   1.620,   0.400,   1.520,   0.500,   1.620
202605121006,   0.960,   1.649,9999.000,9999.000,9999.000,9999.000,9999.000,9999.000,9999.000
202605121012,   0.952,   1.620,9999.000,9999.000,9999.000,9999.000,9999.000,9999.000,9999.000
202605121018,   0.944,   1.590,9999.000,9999.000,9999.000,9999.000,9999.000,9999.000,9999.000
202605121024,   0.936,   1.548,9999.000,9999.000,9999.000,9999.000,9999.000,9999.000,9999.000
202605121030,   0.929,   1.508,9999.000,9999.000,9999.000,9999.000,9999.000,9999.000,9999.000
202605121036,   0.922,   1.528,9999.000,9999.000,9999.000,9999.000,9999.000,9999.000,9999.000
202605121042,   0.917,   1.548,9999.000,9999.000,9999.000,9999.000,9999.000,9999.000,9999.000
202605121048,   0.911,   1.548,9999.000,9999.000,9999.000,9999.000,9999.000,9999.000,9999.000
202605121054,   0.906,   1.590,9999.000,9999.000,9999.000,9999.000,9999.000,9999.000,9999.000
202605121100,   0.902,   1.590,   0.500,   0.188,   1.590,   0.400,   1.490,   0.500,   1.590
202605121106,   0.898,   1.590,9999.000,9999.000,9999.000,9999.000,9999.000,9999.000,9999.000
202605121112,   0.894,   1.557,9999.000,9999.000,9999.000,9999.000,9999.000,9999.000,9999.000
202605121118,   0.891,   1.528,9999.000,9999.000,9999.000,9999.000,9999.000,9999.000,9999.000
202605121124,   0.889,   1.538,9999.000,9999.000,9999.000,9999.000,9999.000,9999.000,9999.000
202605121130,   0.887,   1.571,9999.000,9999.000,9999.000,9999.000,9999.000,9999.000,9999.000
202605121136,   0.886,   1.571,9999.000,9999.000,9999.000,9999.000,9999.000,9999.000,9999.000
202605121142,   0.885,   1.557,9999.000,9999.000,9999.000,9999.000,9999.000,9999.000,9999.000
202605121148,   0.885,   1.580,9999.000,9999.000,9999.000,9999.000,9999.000,9999.000,9999.000
202605121154,   0.885,   1.590,9999.000,9999.000,9999.000,9999.000,9999.000,9999.000,9999.000
202605121200,   0.886,   1.600,   0.500,   0.214,   1.600,   0.400,   1.500,   0.500,   1.600
202605121206,   0.888,   1.639,9999.000,9999.000,9999.000,9999.000,9999.000,9999.000,9999.000
202605121212,   0.890,   1.659,9999.000,9999.000,9999.000,9999.000,9999.000,9999.000,9999.000
202605121218,   0.893,   1.679,9999.000,9999.000,9999.000,9999.000,9999.000,9999.000,9999.000
202605121224,   0.897,   1.689,9999.000,9999.000,9999.000,9999.000,9999.000,9999.000,9999.000
202605121230,   0.901,   1.679,9999.000,9999.000,9999.000,9999.000,9999.000,9999.000,9999.000
202605121236,   0.906,   1.708,9999.000,9999.000,9999.000,9999.000,9999.000,9999.000,9999.000
202605121242,   0.912,   1.718,9999.000,9999.000,9999.000,9999.000,9999.000,9999.000,9999.000
202605121248,   0.918,   1.728,9999.000,9999.000,9999.000,9999.000,9999.000,9999.000,9999.000
202605121254,   0.926,   1.738,9999.000,9999.000,9999.000,9999.000,9999.000,9999.000,9999.000
202605121300,   0.934,   1.748,   0.500,   0.314,   1.748,   0.400,   1.648,   0.500,   1.748
202605121306,   0.942,   1.748,9999.000,9999.000,9999.000,9999.000,9999.000,9999.000,9999.000
202605121312,   0.952,   1.758,9999.000,9999.000,9999.000,9999.000,9999.000,9999.000,9999.000
202605121318,   0.963,   1.748,9999.000,9999.000,9999.000,9999.000,9999.000,9999.000,9999.000
202605121324,   0.974,   1.748,9999.000,9999.000,9999.000,9999.000,9999.000,9999.000,9999.000
202605121330,   0.986,   1.748,9999.000,9999.000,9999.000,9999.000,9999.000,9999.000,9999.000
202605121336,   0.998,   1.748,9999.000,9999.000,9999.000,9999.000,9999.000,9999.000,9999.000
202605121342,   1.012,   1.748,9999.000,9999.000,9999.000,9999.000,9999.000,9999.000,9999.000
202605121348,   1.025,   1.728,9999.000,9999.000,9999.000,9999.000,9999.000,9999.000,9999.000
202605121354,   1.040,   1.738,9999.000,9999.000,9999.000,9999.000,9999.000,9999.000,9999.000
202605121400,   1.055,   1.748,   0.500,   0.193,   1.748,   0.400,   1.648,   0.500,   1.748
202605121406,   1.071,   1.758,9999.000,9999.000,9999.000,9999.000,9999.000,9999.000,9999.000
202605121412,   1.087,   1.800,9999.000,9999.000,9999.000,9999.000,9999.000,9999.000,9999.000
202605121418,   1.103,   1.767,9999.000,9999.000,9999.000,9999.000,9999.000,9999.000,9999.000
202605121424,   1.120,   1.830,9999.000,9999.000,9999.000,9999.000,9999.000,9999.000,9999.000
202605121430,   1.137,   1.859,9999.000,9999.000,9999.000,9999.000,9999.000,9999.000,9999.000
202605121436,   1.154,   1.889,9999.000,9999.000,9999.000,9999.000,9999.000,9999.000,9999.000
202605121442,   1.171,   1.938,9999.000,9999.000,9999.000,9999.000,9999.000,9999.000,9999.000
202605121448,   1.189,   1.981,9999.000,9999.000,9999.000,9999.000,9999.000,9999.000,9999.000
202605121454,   1.206,   2.069,9999.000,9999.000,9999.000,9999.000,9999.000,9999.000,9999.000
202605121500,   1.223,   2.148,   0.500,   0.425,   2.148,   0.400,   2.048,   0.500,   2.148
202605121506,   1.240,   2.158,9999.000,9999.000,9999.000,9999.000,9999.000,9999.000,9999.000
202605121512,   1.257,   2.191,9999.000,9999.000,9999.000,9999.000,9999.000,9999.000,9999.000
202605121518,   1.273,   2.240,9999.000,9999.000,9999.000,9999.000,9999.000,9999.000,9999.000
202605121524,   1.290,   2.299,9999.000,9999.000,9999.000,9999.000,9999.000,9999.000,9999.000
202605121530,   1.305,   2.309,9999.000,9999.000,9999.000,9999.000,9999.000,9999.000,9999.000
202605121536,   1.321,   2.328,9999.000,9999.000,9999.000,9999.000,9999.000,9999.000,9999.000
202605121542,   1.336,   2.358,9999.000,9999.000,9999.000,9999.000,9999.000,9999.000,9999.000
202605121548,   1.350,   2.410,9999.000,9999.000,9999.000,9999.000,9999.000,9999.000,9999.000
202605121554,   1.364,   2.420,9999.000,9999.000,9999.000,9999.000,9999.000,9999.000,9999.000
202605121600,   1.377,   2.377,   0.500,   0.500,   2.377,   0.400,   2.277,   0.500,   2.377
202605121606,   1.389,   2.348,9999.000,9999.000,9999.000,9999.000,9999.000,9999.000,9999.000
202605121612,   1.401,   2.318,9999.000,9999.000,9999.000,9999.000,9999.000,9999.000,9999.000
202605121618,   1.413,   2.289,9999.000,9999.000,9999.000,9999.000,9999.000,9999.000,9999.000
202605121624,   1.423,   2.269,9999.000,9999.000,9999.000,9999.000,9999.000,9999.000,9999.000
202605121630,   1.433,   2.191,9999.000,9999.000,9999.000,9999.000,9999.000,9999.000,9999.000
202605121636,   1.443,   2.158,9999.000,9999.000,9999.000,9999.000,9999.000,9999.000,9999.000
202605121642,   1.451,   2.138,9999.000,9999.000,9999.000,9999.000,9999.000,9999.000,9999.000
202605121648,   1.459,   2.109,9999.000,9999.000,9999.000,9999.000,9999.000,9999.000,9999.000
202605121654,   1.467,   2.089,9999.000,9999.000,9999.000,9999.000,9999.000,9999.000,9999.000
202605121700,   1.473,   2.069,   0.400,   0.196,   2.069,   0.400,   2.069,   0.500,   2.169
202605121706,   1.479,   2.030,9999.000,9999.000,9999.000,9999.000,9999.000,9999.000,9999.000
202605121712,   1.484,   2.030,9999.000,9999.000,9999.000,9999.000,9999.000,9999.000,9999.000
202605121718,   1.489,   2.049,9999.000,9999.000,9999.000,9999.000,9999.000,9999.000,9999.000
202605121724,   1.492,   2.049,9999.000,9999.000,9999.000,9999.000,9999.000,9999.000,9999.000
202605121730,   1.496,   2.049,9999.000,9999.000,9999.000,9999.000,9999.000,9999.000,9999.000
202605121736,   1.498,   2.089,9999.000,9999.000,9999.000,9999.000,9999.000,9999.000,9999.000
202605121742,   1.500,   2.099,9999.000,9999.000,9999.000,9999.000,9999.000,9999.000,9999.000
202605121748,   1.501,   2.138,9999.000,9999.000,9999.000,9999.000,9999.000,9999.000,9999.000
202605121754,   1.501,   2.158,9999.000,9999.000,9999.000,9999.000,9999.000,9999.000,9999.000
202605121800,   1.500,   2.177,   0.600,   0.077,   2.177,   0.500,   2.077,   0.600,   2.177
202605121806,   1.499,   2.191,9999.000,9999.000,9999.000,9999.000,9999.000,9999.000,9999.000
202605121812,   1.497,   2.168,9999.000,9999.000,9999.000,9999.000,9999.000,9999.000,9999.000
202605121818,   1.494,   2.168,9999.000,9999.000,9999.000,9999.000,9999.000,9999.000,9999.000
202605121824,   1.491,   2.168,9999.000,9999.000,9999.000,9999.000,9999.000,9999.000,9999.000
202605121830,   1.486,   2.191,9999.000,9999.000,9999.000,9999.000,9999.000,9999.000,9999.000
202605121836,   1.481,   2.200,9999.000,9999.000,9999.000,9999.000,9999.000,9999.000,9999.000
202605121842,   1.475,   2.177,9999.000,9999.000,9999.000,9999.000,9999.000,9999.000,9999.000
202605121848,   1.468,   2.191,9999.000,9999.000,9999.000,9999.000,9999.000,9999.000,9999.000
202605121854,   1.460,   2.191,9999.000,9999.000,9999.000,9999.000,9999.000,9999.000,9999.000
202605121900,   1.451,   2.148,   0.500,   0.197,   2.148,   0.500,   2.148,   0.600,   2.248
202605121906,   1.442,   2.148,9999.000,9999.000,9999.000,9999.000,9999.000,9999.000,9999.000
202605121912,   1.431,   2.148,9999.000,9999.000,9999.000,9999.000,9999.000,9999.000,9999.000
202605121918,   1.420,   2.128,9999.000,9999.000,9999.000,9999.000,9999.000,9999.000,9999.000
202605121924,   1.408,   2.128,9999.000,9999.000,9999.000,9999.000,9999.000,9999.000,9999.000
202605121930,   1.395,   2.109,9999.000,9999.000,9999.000,9999.000,9999.000,9999.000,9999.000
202605121936,   1.381,   2.118,9999.000,9999.000,9999.000,9999.000,9999.000,9999.000,9999.000
202605121942,   1.366,   2.099,9999.000,9999.000,9999.000,9999.000,9999.000,9999.000,9999.000
202605121948,   1.350,   2.138,9999.000,9999.000,9999.000,9999.000,9999.000,9999.000,9999.000
202605121954,   1.334,   2.118,9999.000,9999.000,9999.000,9999.000,9999.000,9999.000,9999.000
202605122000,   1.317,   2.099,   0.600,   0.182,   2.099,   0.500,   1.999,   0.600,   2.099
202605122006,   1.299,   2.020,9999.000,9999.000,9999.000,9999.000,9999.000,9999.000,9999.000
202605122012,   1.281,   2.020,9999.000,9999.000,9999.000,9999.000,9999.000,9999.000,9999.000
202605122018,   1.262,   2.010,9999.000,9999.000,9999.000,9999.000,9999.000,9999.000,9999.000
202605122024,   1.242,   1.967,9999.000,9999.000,9999.000,9999.000,9999.000,9999.000,9999.000
202605122030,   1.222,   1.958,9999.000,9999.000,9999.000,9999.000,9999.000,9999.000,9999.000
202605122036,   1.202,   1.918,9999.000,9999.000,9999.000,9999.000,9999.000,9999.000,9999.000
202605122042,   1.181,   1.928,9999.000,9999.000,9999.000,9999.000,9999.000,9999.000,9999.000
202605122048,   1.160,   1.908,9999.000,9999.000,9999.000,9999.000,9999.000,9999.000,9999.000
202605122054,   1.139,   1.889,9999.000,9999.000,9999.000,9999.000,9999.000,9999.000,9999.000
202605122100,   1.117,   1.859,   0.600,   0.142,   1.859,   0.500,   1.759,   0.600,   1.859
202605122106,   1.096,   1.859,9999.000,9999.000,9999.000,9999.000,9999.000,9999.000,9999.000
202605122112,   1.074,   1.810,9999.000,9999.000,9999.000,9999.000,9999.000,9999.000,9999.000
202605122118,   1.053,   1.790,9999.000,9999.000,9999.000,9999.000,9999.000,9999.000,9999.000
202605122124,   1.032,   1.758,9999.000,9999.000,9999.000,9999.000,9999.000,9999.000,9999.000
202605122130,   1.011,   1.781,9999.000,9999.000,9999.000,9999.000,9999.000,9999.000,9999.000
202605122136,   0.990,   1.781,9999.000,9999.000,9999.000,9999.000,9999.000,9999.000,9999.000
202605122142,   0.970,   1.781,9999.000,9999.000,9999.000,9999.000,9999.000,9999.000,9999.000
202605122148,   0.949,   1.781,9999.000,9999.000,9999.000,9999.000,9999.000,9999.000,9999.000
202605122154,   0.929,   1.800,9999.000,9999.000,9999.000,9999.000,9999.000,9999.000,9999.000
202605122200,   0.909,   1.810,   0.600,   0.301,   1.810,   0.500,   1.710,   0.600,   1.810
202605122206,   0.890,   1.820,9999.000,9999.000,9999.000,9999.000,9999.000,9999.000,9999.000
202605122212,   0.872,   1.820,9999.000,9999.000,9999.000,9999.000,9999.000,9999.000,9999.000
202605122218,   0.854,   1.840,9999.000,9999.000,9999.000,9999.000,9999.000,9999.000,9999.000
202605122224,   0.837,   1.758,9999.000,9999.000,9999.000,9999.000,9999.000,9999.000,9999.000
202605122230,   0.820,   1.718,9999.000,9999.000,9999.000,9999.000,9999.000,9999.000,9999.000
202605122236,   0.804,   1.669,9999.000,9999.000,9999.000,9999.000,9999.000,9999.000,9999.000
202605122242,   0.788,   1.669,9999.000,9999.000,9999.000,9999.000,9999.000,9999.000,9999.000
202605122248,   0.773,   1.639,9999.000,9999.000,9999.000,9999.000,9999.000,9999.000,9999.000
202605122254,   0.759,   1.600,9999.000,9999.000,9999.000,9999.000,9999.000,9999.000,9999.000
202605122300,   0.746,   1.571,   0.600,   0.225,   1.571,   0.600,   1.571,   0.700,   1.671
202605122306,   0.733,   1.580,9999.000,9999.000,9999.000,9999.000,9999.000,9999.000,9999.000
202605122312,   0.721,   1.528,9999.000,9999.000,9999.000,9999.000,9999.000,9999.000,9999.000
202605122318,   0.709,   1.449,9999.000,9999.000,9999.000,9999.000,9999.000,9999.000,9999.000
202605122324,   0.699,   1.430,9999.000,9999.000,9999.000,9999.000,9999.000,9999.000,9999.000
202605122330,   0.689,   1.449,9999.000,9999.000,9999.000,9999.000,9999.000,9999.000,9999.000
202605122336,   0.680,   1.449,9999.000,9999.000,9999.000,9999.000,9999.000,9999.000,9999.000
202605122342,   0.672,   1.469,9999.000,9999.000,9999.000,9999.000,9999.000,9999.000,9999.000
202605122348,   0.665,   1.489,9999.000,9999.000,9999.000,9999.000,9999.000,9999.000,9999.000
202605122354,   0.658,   1.528,9999.000,9999.000,9999.000,9999.000,9999.000,9999.000,9999.000
202605130000,   0.653,   1.489,   0.700,   0.136,   1.489,   0.600,   1.389,   0.700,   1.489
202605130006,   0.648,   1.479,9999.000,9999.000,9999.000,9999.000,9999.000,9999.000,9999.000
202605130012,   0.644,   1.489,9999.000,9999.000,9999.000,9999.000,9999.000,9999.000,9999.000
202605130018,   0.641,   1.469,9999.000,9999.000,9999.000,9999.000,9999.000,9999.000,9999.000
202605130024,   0.639,   1.449,9999.000,9999.000,9999.000,9999.000,9999.000,9999.000,9999.000
202605130030,   0.639,   1.410,9999.000,9999.000,9999.000,9999.000,9999.000,9999.000,9999.000
202605130036,   0.639,   1.390,9999.000,9999.000,9999.000,9999.000,9999.000,9999.000,9999.000
202605130042,   0.640,   1.371,9999.000,9999.000,9999.000,9999.000,9999.000,9999.000,9999.000
202605130048,   0.642,   1.328,9999.000,9999.000,9999.000,9999.000,9999.000,9999.000,9999.000
202605130054,   0.645,   1.338,9999.000,9999.000,9999.000,9999.000,9999.000,9999.000,9999.000
202605130100,   0.649,   1.338,   0.700,  -0.011,   1.338,   0.600,   1.238,   0.700,   1.338
202605130106,   0.654,   1.308,9999.000,9999.000,9999.000,9999.000,9999.000,9999.000,9999.000
202605130112,   0.661,   1.318,9999.000,9999.000,9999.000,9999.000,9999.000,9999.000,9999.000
202605130118,   0.668,   1.338,9999.000,9999.000,9999.000,9999.000,9999.000,9999.000,9999.000
202605130124,   0.677,   1.308,9999.000,9999.000,9999.000,9999.000,9999.000,9999.000,9999.000
202605130130,   0.686,   1.318,9999.000,9999.000,9999.000,9999.000,9999.000,9999.000,9999.000
202605130136,   0.697,   1.298,9999.000,9999.000,9999.000,9999.000,9999.000,9999.000,9999.000
202605130142,   0.709,   1.298,9999.000,9999.000,9999.000,9999.000,9999.000,9999.000,9999.000
202605130148,   0.721,   1.308,9999.000,9999.000,9999.000,9999.000,9999.000,9999.000,9999.000
202605130154,   0.735,   1.338,9999.000,9999.000,9999.000,9999.000,9999.000,9999.000,9999.000
202605130200,   0.750,   1.361,   0.700,  -0.089,   1.361,   0.600,   1.261,   0.700,   1.361
202605130206,   0.765,   1.380,9999.000,9999.000,9999.000,9999.000,9999.000,9999.000,9999.000
202605130212,   0.782,   1.410,9999.000,9999.000,9999.000,9999.000,9999.000,9999.000,9999.000
202605130218,   0.799,   1.430,9999.000,9999.000,9999.000,9999.000,9999.000,9999.000,9999.000
202605130224,   0.817,   1.420,9999.000,9999.000,9999.000,9999.000,9999.000,9999.000,9999.000
202605130230,   0.836,   1.420,9999.000,9999.000,9999.000,9999.000,9999.000,9999.000,9999.000
202605130236,   0.855,   1.410,9999.000,9999.000,9999.000,9999.000,9999.000,9999.000,9999.000
202605130242,   0.876,   1.420,9999.000,9999.000,9999.000,9999.000,9999.000,9999.000,9999.000
202605130248,   0.896,   1.439,9999.000,9999.000,9999.000,9999.000,9999.000,9999.000,9999.000
202605130254,   0.917,   1.508,9999.000,9999.000,9999.000,9999.000,9999.000,9999.000,9999.000
202605130300,   0.939,   1.528,   0.700,  -0.111,   1.528,   0.600,   1.428,   0.700,   1.528
202605130306,   0.961,   1.528,9999.000,9999.000,9999.000,9999.000,9999.000,9999.000,9999.000
202605130312,   0.983,   1.528,9999.000,9999.000,9999.000,9999.000,9999.000,9999.000,9999.000
202605130318,   1.006,   1.571,9999.000,9999.000,9999.000,9999.000,9999.000,9999.000,9999.000
202605130324,   1.028,   1.580,9999.000,9999.000,9999.000,9999.000,9999.000,9999.000,9999.000
202605130330,   1.051,   1.590,9999.000,9999.000,9999.000,9999.000,9999.000,9999.000,9999.000
202605130336,   1.074,   1.620,9999.000,9999.000,9999.000,9999.000,9999.000,9999.000,9999.000
202605130342,   1.096,   1.610,9999.000,9999.000,9999.000,9999.000,9999.000,9999.000,9999.000
202605130348,   1.119,   1.610,9999.000,9999.000,9999.000,9999.000,9999.000,9999.000,9999.000
202605130354,   1.141,   1.659,9999.000,9999.000,9999.000,9999.000,9999.000,9999.000,9999.000
202605130400,   1.163,   1.718,   0.700,  -0.145,   1.718,   0.600,   1.618,   0.700,   1.718
202605130406,   1.185,   1.748,9999.000,9999.000,9999.000,9999.000,9999.000,9999.000,9999.000
202605130412,   1.207,   1.810,9999.000,9999.000,9999.000,9999.000,9999.000,9999.000,9999.000
202605130418,   1.229,   1.869,9999.000,9999.000,9999.000,9999.000,9999.000,9999.000,9999.000
202605130424,   1.250,   1.899,9999.000,9999.000,9999.000,9999.000,9999.000,9999.000,9999.000
202605130430,   1.270,   1.889,9999.000,9999.000,9999.000,9999.000,9999.000,9999.000,9999.000
202605130436,   1.290,   1.938,9999.000,9999.000,9999.000,9999.000,9999.000,9999.000,9999.000
202605130442,   1.310,   1.981,9999.000,9999.000,9999.000,9999.000,9999.000,9999.000,9999.000
202605130448,   1.329,   2.000,9999.000,9999.000,9999.000,9999.000,9999.000,9999.000,9999.000
202605130454,   1.348,   2.000,9999.000,9999.000,9999.000,9999.000,9999.000,9999.000,9999.000
202605130500,   1.366,   2.000,   0.600,   0.034,   2.000,   0.600,   2.000,   0.700,   2.100
202605130506,   1.384,   2.049,9999.000,9999.000,9999.000,9999.000,9999.000,9999.000,9999.000
202605130512,   1.401,   2.049,9999.000,9999.000,9999.000,9999.000,9999.000,9999.000,9999.000
202605130518,   1.417,   2.049,9999.000,9999.000,9999.000,9999.000,9999.000,9999.000,9999.000
202605130524,   1.433,   2.059,9999.000,9999.000,9999.000,9999.000,9999.000,9999.000,9999.000
202605130530,   1.448,   2.030,9999.000,9999.000,9999.000,9999.000,9999.000,9999.000,9999.000
202605130536,   1.462,   2.069,9999.000,9999.000,9999.000,9999.000,9999.000,9999.000,9999.000
202605130542,   1.476,   2.099,9999.000,9999.000,9999.000,9999.000,9999.000,9999.000,9999.000
202605130548,   1.489,   2.089,9999.000,9999.000,9999.000,9999.000,9999.000,9999.000,9999.000
202605130554,   1.502,   2.079,9999.000,9999.000,9999.000,9999.000,9999.000,9999.000,9999.000
202605130600,   1.514,   2.109,   0.600,  -0.005,   2.109,   0.600,   2.109,   0.700,   2.209
202605130606,   1.525,   2.069,9999.000,9999.000,9999.000,9999.000,9999.000,9999.000,9999.000
202605130612,   1.535,   2.069,9999.000,9999.000,9999.000,9999.000,9999.000,9999.000,9999.000
202605130618,   1.545,   2.079,9999.000,9999.000,9999.000,9999.000,9999.000,9999.000,9999.000
202605130624,   1.553,   2.118,9999.000,9999.000,9999.000,9999.000,9999.000,9999.000,9999.000
202605130630,   1.561,   2.089,9999.000,9999.000,9999.000,9999.000,9999.000,9999.000,9999.000
202605130636,   1.568,   2.118,9999.000,9999.000,9999.000,9999.000,9999.000,9999.000,9999.000
202605130642,   1.575,   2.099,9999.000,9999.000,9999.000,9999.000,9999.000,9999.000,9999.000
202605130648,   1.580,   2.128,9999.000,9999.000,9999.000,9999.000,9999.000,9999.000,9999.000
202605130654,   1.585,   2.148,9999.000,9999.000,9999.000,9999.000,9999.000,9999.000,9999.000
202605130700,   1.588,   2.158,   0.600,  -0.030,   2.158,   0.600,   2.158,   0.700,   2.258
202605130706,   1.591,   2.128,9999.000,9999.000,9999.000,9999.000,9999.000,9999.000,9999.000
202605130712,   1.593,   2.099,9999.000,9999.000,9999.000,9999.000,9999.000,9999.000,9999.000
202605130718,   1.594,   2.109,9999.000,9999.000,9999.000,9999.000,9999.000,9999.000,9999.000
202605130724,   1.594,   2.109,9999.000,9999.000,9999.000,9999.000,9999.000,9999.000,9999.000
202605130730,   1.593,   2.089,9999.000,9999.000,9999.000,9999.000,9999.000,9999.000,9999.000
202605130736,   1.591,   2.099,9999.000,9999.000,9999.000,9999.000,9999.000,9999.000,9999.000
202605130742,   1.588,   2.079,9999.000,9999.000,9999.000,9999.000,9999.000,9999.000,9999.000
202605130748,   1.584,   2.109,9999.000,9999.000,9999.000,9999.000,9999.000,9999.000,9999.000
202605130754,   1.579,   2.109,9999.000,9999.000,9999.000,9999.000,9999.000,9999.000,9999.000
202605130800,   1.574,   2.079,   0.600,  -0.095,   2.079,   0.600,   2.079,   0.600,   2.079
202605130806,   1.567,   2.079,9999.000,9999.000,9999.000,9999.000,9999.000,9999.000,9999.000
202605130812,   1.560,   2.079,9999.000,9999.000,9999.000,9999.000,9999.000,9999.000,9999.000
202605130818,   1.552,   2.069,9999.000,9999.000,9999.000,9999.000,9999.000,9999.000,9999.000
202605130824,   1.543,   2.000,9999.000,9999.000,9999.000,9999.000,9999.000,9999.000,9999.000
202605130830,   1.533,   2.030,9999.000,9999.000,9999.000,9999.000,9999.000,9999.000,9999.000
202605130836,   1.523,   2.010,9999.000,9999.000,9999.000,9999.000,9999.000,9999.000,9999.000
202605130842,   1.512,   2.000,9999.000,9999.000,9999.000,9999.000,9999.000,9999.000,9999.000
202605130848,   1.501,   2.010,9999.000,9999.000,9999.000,9999.000,9999.000,9999.000,9999.000
202605130854,   1.488,   1.990,9999.000,9999.000,9999.000,9999.000,9999.000,9999.000,9999.000
202605130900,   1.476,   1.938,   0.600,  -0.138,   1.938,   0.600,   1.938,   0.600,   1.938
202605130906,   1.463,   1.899,9999.000,9999.000,9999.000,9999.000,9999.000,9999.000,9999.000
202605130912,   1.449,   1.869,9999.000,9999.000,9999.000,9999.000,9999.000,9999.000,9999.000
202605130918,   1.435,   1.849,9999.000,9999.000,9999.000,9999.000,9999.000,9999.000,9999.000
202605130924,   1.421,   1.810,9999.000,9999.000,9999.000,9999.000,9999.000,9999.000,9999.000
202605130930,   1.407,   1.820,9999.000,9999.000,9999.000,9999.000,9999.000,9999.000,9999.000
202605130936,   1.392,   1.758,9999.000,9999.000,9999.000,9999.000,9999.000,9999.000,9999.000
202605130942,   1.378,   1.738,9999.000,9999.000,9999.000,9999.000,9999.000,9999.000,9999.000
202605130948,   1.363,   1.738,9999.000,9999.000,9999.000,9999.000,9999.000,9999.000,9999.000
202605130954,   1.349,   1.728,9999.000,9999.000,9999.000,9999.000,9999.000,9999.000,9999.000
202605131000,   1.334,   1.728,   0.600,  -0.206,   1.728,   0.600,   1.728,   0.600,   1.728
202605131006,   1.319,   1.738,9999.000,9999.000,9999.000,9999.000,9999.000,9999.000,9999.000
202605131012,   1.305,   1.699,9999.000,9999.000,9999.000,9999.000,9999.000,9999.000,9999.000
202605131018,   1.291,   1.649,9999.000,9999.000,9999.000,9999.000,9999.000,9999.000,9999.000
202605131024,   1.277,   1.620,9999.000,9999.000,9999.000,9999.000,9999.000,9999.000,9999.000
202605131030,   1.264,   1.610,9999.000,9999.000,9999.000,9999.000,9999.000,9999.000,9999.000
202605131036,   1.250,   1.620,9999.000,9999.000,9999.000,9999.000,9999.000,9999.000,9999.000
202605131042,   1.238,   1.590,9999.000,9999.000,9999.000,9999.000,9999.000,9999.000,9999.000
202605131048,   1.225,   1.590,9999.000,9999.000,9999.000,9999.000,9999.000,9999.000,9999.000
202605131054,   1.213,   1.571,9999.000,9999.000,9999.000,9999.000,9999.000,9999.000,9999.000
202605131100,   1.201,   1.538,   0.600,  -0.263,   1.538,   0.600,   1.538,   0.700,   1.638
202605131106,   1.190,   1.548,9999.000,9999.000,9999.000,9999.000,9999.000,9999.000,9999.000
202605131112,   1.179,   1.518,9999.000,9999.000,9999.000,9999.000,9999.000,9999.000,9999.000
202605131118,   1.169,   1.508,9999.000,9999.000,9999.000,9999.000,9999.000,9999.000,9999.000
202605131124,   1.159,   1.518,9999.000,9999.000,9999.000,9999.000,9999.000,9999.000,9999.000
202605131130,   1.150,   1.498,9999.000,9999.000,9999.000,9999.000,9999.000,9999.000,9999.000
202605131136,   1.142,   1.508,9999.000,9999.000,9999.000,9999.000,9999.000,9999.000,9999.000
202605131142,   1.133,   1.518,9999.000,9999.000,9999.000,9999.000,9999.000,9999.000,9999.000
202605131148,   1.126,   1.498,9999.000,9999.000,9999.000,9999.000,9999.000,9999.000,9999.000
202605131154,   1.119,   1.498,9999.000,9999.000,9999.000,9999.000,9999.000,9999.000,9999.000
202605131200,   1.112,   1.489,   0.500,  -0.123,   1.489,   0.500,   1.489,   0.500,   1.489
202605131206,   1.107,   1.489,9999.000,9999.000,9999.000,9999.000,9999.000,9999.000,9999.000
202605131212,   1.101,   1.489,9999.000,9999.000,9999.000,9999.000,9999.000,9999.000,9999.000
202605131218,   1.097,   1.498,9999.000,9999.000,9999.000,9999.000,9999.000,9999.000,9999.000
202605131224,   1.093,   1.528,9999.000,9999.000,9999.000,9999.000,9999.000,9999.000,9999.000
202605131230,   1.089,   1.557,9999.000,9999.000,9999.000,9999.000,9999.000,9999.000,9999.000
202605131236,   1.087,   1.518,9999.000,9999.000,9999.000,9999.000,9999.000,9999.000,9999.000
202605131242,   1.085,   1.557,9999.000,9999.000,9999.000,9999.000,9999.000,9999.000,9999.000
202605131248,   1.083,   1.590,9999.000,9999.000,9999.000,9999.000,9999.000,9999.000,9999.000
202605131254,   1.082,   1.590,9999.000,9999.000,9999.000,9999.000,9999.000,9999.000,9999.000
202605131300,   1.082,   1.580,   0.500,  -0.002,   1.580,   0.500,   1.580,   0.500,   1.580
202605131306,   1.083,   1.548,9999.000,9999.000,9999.000,9999.000,9999.000,9999.000,9999.000
202605131312,   1.084,   1.590,9999.000,9999.000,9999.000,9999.000,9999.000,9999.000,9999.000
202605131318,   1.086,   1.630,9999.000,9999.000,9999.000,9999.000,9999.000,9999.000,9999.000
202605131324,   1.088,   1.649,9999.000,9999.000,9999.000,9999.000,9999.000,9999.000,9999.000
202605131330,   1.091,   1.630,9999.000,9999.000,9999.000,9999.000,9999.000,9999.000,9999.000
202605131336,   1.095,   1.630,9999.000,9999.000,9999.000,9999.000,9999.000,9999.000,9999.000
202605131342,   1.100,   1.610,9999.000,9999.000,9999.000,9999.000,9999.000,9999.000,9999.000
202605131348,   1.105,   1.610,9999.000,9999.000,9999.000,9999.000,9999.000,9999.000,9999.000
202605131354,   1.111,   1.630,9999.000,9999.000,9999.000,9999.000,9999.000,9999.000,9999.000
202605131400,   1.117,   1.649,   0.500,   0.032,   1.649,   0.500,   1.649,   0.500,   1.649
202605131406,   1.124,   1.649,9999.000,9999.000,9999.000,9999.000,9999.000,9999.000,9999.000
202605131412,   1.132,   1.659,9999.000,9999.000,9999.000,9999.000,9999.000,9999.000,9999.000
202605131418,   1.140,   1.649,9999.000,9999.000,9999.000,9999.000,9999.000,9999.000,9999.000
202605131424,   1.149,   1.659,9999.000,9999.000,9999.000,9999.000,9999.000,9999.000,9999.000
202605131430,   1.158,   1.679,9999.000,9999.000,9999.000,9999.000,9999.000,9999.000,9999.000
202605131436,   1.168,   1.679,9999.000,9999.000,9999.000,9999.000,9999.000,9999.000,9999.000
202605131442,   1.178,   1.699,9999.000,9999.000,9999.000,9999.000,9999.000,9999.000,9999.000
202605131448,   1.188,   1.699,9999.000,9999.000,9999.000,9999.000,9999.000,9999.000,9999.000
202605131454,   1.199,   1.708,9999.000,9999.000,9999.000,9999.000,9999.000,9999.000,9999.000
202605131500,   1.211,   1.679,   0.500,  -0.032,   1.679,   0.500,   1.679,   0.500,   1.679
202605131506,   1.222,   1.580,9999.000,9999.000,9999.000,9999.000,9999.000,9999.000,9999.000
202605131512,   1.234,   1.748,9999.000,9999.000,9999.000,9999.000,9999.000,9999.000,9999.000
202605131518,   1.246,   1.767,9999.000,9999.000,9999.000,9999.000,9999.000,9999.000,9999.000
202605131524,   1.258,   1.810,9999.000,9999.000,9999.000,9999.000,9999.000,9999.000,9999.000
202605131530,   1.271,   1.781,9999.000,9999.000,9999.000,9999.000,9999.000,9999.000,9999.000
202605131536,   1.283,   1.820,9999.000,9999.000,9999.000,9999.000,9999.000,9999.000,9999.000
202605131542,   1.295,   1.800,9999.000,9999.000,9999.000,9999.000,9999.000,9999.000,9999.000
202605131548,   1.308,   1.820,9999.000,9999.000,9999.000,9999.000,9999.000,9999.000,9999.000
202605131554,   1.320,   1.800,9999.000,9999.000,9999.000,9999.000,9999.000,9999.000,9999.000
202605131600,   1.332,   1.790,   0.500,  -0.042,   1.790,   0.500,   1.790,   0.500,   1.790
202605131606,   1.344,   1.781,9999.000,9999.000,9999.000,9999.000,9999.000,9999.000,9999.000
202605131612,   1.355,   1.800,9999.000,9999.000,9999.000,9999.000,9999.000,9999.000,9999.000
202605131618,   1.366,   1.790,9999.000,9999.000,9999.000,9999.000,9999.000,9999.000,9999.000
202605131624,   1.377,   1.781,9999.000,9999.000,9999.000,9999.000,9999.000,9999.000,9999.000
202605131630,   1.388,   1.781,9999.000,9999.000,9999.000,9999.000,9999.000,9999.000,9999.000
202605131636,   1.398,   1.738,9999.000,9999.000,9999.000,9999.000,9999.000,9999.000,9999.000
202605131642,   1.407,   1.748,9999.000,9999.000,9999.000,9999.000,9999.000,9999.000,9999.000
202605131648,   1.416,   1.781,9999.000,9999.000,9999.000,9999.000,9999.000,9999.000,9999.000
202605131654,   1.425,   1.781,9999.000,9999.000,9999.000,9999.000,9999.000,9999.000,9999.000
202605131700,   1.433,   1.758,   0.500,  -0.175,   1.758,   0.400,   1.658,   0.500,   1.758
202605131706,   1.440,   1.781,9999.000,9999.000,9999.000,9999.000,9999.000,9999.000,9999.000
202605131712,   1.447,   1.767,9999.000,9999.000,9999.000,9999.000,9999.000,9999.000,9999.000
202605131718,   1.453,   1.758,9999.000,9999.000,9999.000,9999.000,9999.000,9999.000,9999.000
202605131724,   1.458,   1.728,9999.000,9999.000,9999.000,9999.000,9999.000,9999.000,9999.000
202605131730,   1.463,   1.738,9999.000,9999.000,9999.000,9999.000,9999.000,9999.000,9999.000
202605131736,   1.467,   1.748,9999.000,9999.000,9999.000,9999.000,9999.000,9999.000,9999.000
202605131742,   1.470,   1.738,9999.000,9999.000,9999.000,9999.000,9999.000,9999.000,9999.000
202605131748,   1.472,   1.708,9999.000,9999.000,9999.000,9999.000,9999.000,9999.000,9999.000
202605131754,   1.474,   1.708,9999.000,9999.000,9999.000,9999.000,9999.000,9999.000,9999.000
202605131800,   1.475,   1.718,   0.300,  -0.057,   1.718,   0.200,   1.618,   0.300,   1.718
202605131806,   1.474,   1.748,9999.000,9999.000,9999.000,9999.000,9999.000,9999.000,9999.000
202605131812,   1.474,   1.748,9999.000,9999.000,9999.000,9999.000,9999.000,9999.000,9999.000
202605131818,   1.472,   1.758,9999.000,9999.000,9999.000,9999.000,9999.000,9999.000,9999.000
202605131824,   1.469,   1.748,9999.000,9999.000,9999.000,9999.000,9999.000,9999.000,9999.000
202605131830,   1.465,   1.738,9999.000,9999.000,9999.000,9999.000,9999.000,9999.000,9999.000
202605131836,   1.461,   1.728,9999.000,9999.000,9999.000,9999.000,9999.000,9999.000,9999.000
202605131842,   1.456,   1.738,9999.000,9999.000,9999.000,9999.000,9999.000,9999.000,9999.000
202605131848,   1.449,   1.738,9999.000,9999.000,9999.000,9999.000,9999.000,9999.000,9999.000
202605131854,   1.442,   1.738,9999.000,9999.000,9999.000,9999.000,9999.000,9999.000,9999.000
202605131900,   1.434,   1.748,   0.300,   0.014,   1.748,   0.300,   1.748,   0.300,   1.748
202605131906,   1.424,   1.748,9999.000,9999.000,9999.000,9999.000,9999.000,9999.000,9999.000
202605131912,   1.414,   1.748,9999.000,9999.000,9999.000,9999.000,9999.000,9999.000,9999.000
202605131918,   1.403,   1.718,9999.000,9999.000,9999.000,9999.000,9999.000,9999.000,9999.000
202605131924,   1.391,   1.689,9999.000,9999.000,9999.000,9999.000,9999.000,9999.000,9999.000
202605131930,   1.378,   1.699,9999.000,9999.000,9999.000,9999.000,9999.000,9999.000,9999.000
202605131936,   1.363,   1.649,9999.000,9999.000,9999.000,9999.000,9999.000,9999.000,9999.000
202605131942,   1.348,   1.620,9999.000,9999.000,9999.000,9999.000,9999.000,9999.000,9999.000
202605131948,   1.332,   1.610,9999.000,9999.000,9999.000,9999.000,9999.000,9999.000,9999.000
202605131954,   1.315,   1.590,9999.000,9999.000,9999.000,9999.000,9999.000,9999.000,9999.000
202605132000,   1.297,   1.571,   0.300,  -0.026,   1.571,   0.300,   1.571,   0.300,   1.571
202605132006,   1.278,   1.557,9999.000,9999.000,9999.000,9999.000,9999.000,9999.000,9999.000
202605132012,   1.258,   1.548,9999.000,9999.000,9999.000,9999.000,9999.000,9999.000,9999.000
202605132018,   1.237,   1.548,9999.000,9999.000,9999.000,9999.000,9999.000,9999.000,9999.000
202605132024,   1.216,   1.498,9999.000,9999.000,9999.000,9999.000,9999.000,9999.000,9999.000
202605132030,   1.193,   1.469,9999.000,9999.000,9999.000,9999.000,9999.000,9999.000,9999.000
202605132036,   1.170,   1.400,9999.000,9999.000,9999.000,9999.000,9999.000,9999.000,9999.000
202605132042,   1.146,   1.430,9999.000,9999.000,9999.000,9999.000,9999.000,9999.000,9999.000
202605132048,   1.121,   1.430,9999.000,9999.000,9999.000,9999.000,9999.000,9999.000,9999.000
202605132054,   1.096,   1.430,9999.000,9999.000,9999.000,9999.000,9999.000,9999.000,9999.000
202605132100,   1.070,   1.430,   0.300,   0.060,   1.430,   0.300,   1.430,   0.300,   1.430
202605132106,   1.043,   1.439,9999.000,9999.000,9999.000,9999.000,9999.000,9999.000,9999.000
202605132112,   1.016,   1.430,9999.000,9999.000,9999.000,9999.000,9999.000,9999.000,9999.000
202605132118,   0.988,   1.361,9999.000,9999.000,9999.000,9999.000,9999.000,9999.000,9999.000
202605132124,   0.961,   1.390,9999.000,9999.000,9999.000,9999.000,9999.000,9999.000,9999.000
202605132130,   0.932,   1.390,9999.000,9999.000,9999.000,9999.000,9999.000,9999.000,9999.000
202605132136,   0.904,   1.420,9999.000,9999.000,9999.000,9999.000,9999.000,9999.000,9999.000
202605132142,   0.876,   1.338,9999.000,9999.000,9999.000,9999.000,9999.000,9999.000,9999.000
202605132148,   0.847,   1.298,9999.000,9999.000,9999.000,9999.000,9999.000,9999.000,9999.000
202605132154,   0.818,   1.269,9999.000,9999.000,9999.000,9999.000,9999.000,9999.000,9999.000
202605132200,   0.790,   1.269,   0.300,   0.179,   1.269,   0.300,   1.269,   0.400,   1.369
202605132206,   0.762,   1.279,9999.000,9999.000,9999.000,9999.000,9999.000,9999.000,9999.000
202605132212,   0.734,   1.308,9999.000,9999.000,9999.000,9999.000,9999.000,9999.000,9999.000
202605132218,   0.706,   1.259,9999.000,9999.000,9999.000,9999.000,9999.000,9999.000,9999.000
202605132224,   0.679,   1.220,9999.000,9999.000,9999.000,9999.000,9999.000,9999.000,9999.000
202605132230,   0.652,   1.220,9999.000,9999.000,9999.000,9999.000,9999.000,9999.000,9999.000
202605132236,   0.626,   1.180,9999.000,9999.000,9999.000,9999.000,9999.000,9999.000,9999.000
202605132242,   0.600,   1.210,9999.000,9999.000,9999.000,9999.000,9999.000,9999.000,9999.000
202605132248,   0.575,   1.180,9999.000,9999.000,9999.000,9999.000,9999.000,9999.000,9999.000
202605132254,   0.551,   1.128,9999.000,9999.000,9999.000,9999.000,9999.000,9999.000,9999.000
202605132300,   0.527,   1.151,   0.400,   0.224,   1.151,   0.400,   1.151,   0.400,   1.151
202605132306,   0.505,   1.039,9999.000,9999.000,9999.000,9999.000,9999.000,9999.000,9999.000
202605132312,   0.483,   1.069,9999.000,9999.000,9999.000,9999.000,9999.000,9999.000,9999.000
202605132318,   0.463,   1.029,9999.000,9999.000,9999.000,9999.000,9999.000,9999.000,9999.000
202605132324,   0.443,   0.970,9999.000,9999.000,9999.000,9999.000,9999.000,9999.000,9999.000
202605132330,   0.425,   0.980,9999.000,9999.000,9999.000,9999.000,9999.000,9999.000,9999.000
202605132336,   0.408,   1.000,9999.000,9999.000,9999.000,9999.000,9999.000,9999.000,9999.000
202605132342,   0.391,   0.970,9999.000,9999.000,9999.000,9999.000,9999.000,9999.000,9999.000
202605132348,   0.376,   0.941,9999.000,9999.000,9999.000,9999.000,9999.000,9999.000,9999.000
202605132354,   0.363,   0.908,9999.000,9999.000,9999.000,9999.000,9999.000,9999.000,9999.000
202605140000,   0.350,   0.888,   0.400,   0.138,   0.888,   0.300,   0.788,   0.400,   0.888
202605140006,   0.339,   0.869,9999.000,9999.000,9999.000,9999.000,9999.000,9999.000,9999.000
202605140012,   0.329,   0.869,9999.000,9999.000,9999.000,9999.000,9999.000,9999.000,9999.000
202605140018,   0.320,   0.839,9999.000,9999.000,9999.000,9999.000,9999.000,9999.000,9999.000
202605140024,   0.313,   0.819,9999.000,9999.000,9999.000,9999.000,9999.000,9999.000,9999.000
202605140030,   0.307,   0.819,9999.000,9999.000,9999.000,9999.000,9999.000,9999.000,9999.000
202605140036,   0.302,   0.810,9999.000,9999.000,9999.000,9999.000,9999.000,9999.000,9999.000
202605140042,   0.299,   0.800,9999.000,9999.000,9999.000,9999.000,9999.000,9999.000,9999.000
202605140048,   0.297,   0.879,9999.000,9999.000,9999.000,9999.000,9999.000,9999.000,9999.000
202605140054,   0.296,   0.800,9999.000,9999.000,9999.000,9999.000,9999.000,9999.000,9999.000
202605140100,   0.297,   0.718,   0.400,   0.021,   0.718,   0.400,   0.718,   0.400,   0.718
202605140106,   0.299,   0.810,9999.000,9999.000,9999.000,9999.000,9999.000,9999.000,9999.000
202605140112,   0.302,   0.800,9999.000,9999.000,9999.000,9999.000,9999.000,9999.000,9999.000
202605140118,   0.307,   0.839,9999.000,9999.000,9999.000,9999.000,9999.000,9999.000,9999.000
202605140124,   0.313,   0.859,9999.000,9999.000,9999.000,9999.000,9999.000,9999.000,9999.000
202605140130,   0.320,   0.829,9999.000,9999.000,9999.000,9999.000,9999.000,9999.000,9999.000
202605140136,   0.329,   0.810,9999.000,9999.000,9999.000,9999.000,9999.000,9999.000,9999.000
202605140142,   0.339,   0.849,9999.000,9999.000,9999.000,9999.000,9999.000,9999.000,9999.000
202605140148,   0.350,   0.888,9999.000,9999.000,9999.000,9999.000,9999.000,9999.000,9999.000
202605140154,   0.362,   0.829,9999.000,9999.000,9999.000,9999.000,9999.000,9999.000,9999.000
202605140200,   0.376,   0.859,   0.400,   0.083,   0.859,   0.300,   0.759,   0.400,   0.859
202605140206,   0.391,   0.869,9999.000,9999.000,9999.000,9999.000,9999.000,9999.000,9999.000
202605140212,   0.407,   0.908,9999.000,9999.000,9999.000,9999.000,9999.000,9999.000,9999.000
202605140218,   0.424,   0.859,9999.000,9999.000,9999.000,9999.000,9999.000,9999.000,9999.000
202605140224,   0.442,   0.859,9999.000,9999.000,9999.000,9999.000,9999.000,9999.000,9999.000
202605140230,   0.462,   0.879,9999.000,9999.000,9999.000,9999.000,9999.000,9999.000,9999.000
202605140236,   0.482,   0.898,9999.000,9999.000,9999.000,9999.000,9999.000,9999.000,9999.000
202605140242,   0.504,   0.928,9999.000,9999.000,9999.000,9999.000,9999.000,9999.000,9999.000
202605140248,   0.527,   0.990,9999.000,9999.000,9999.000,9999.000,9999.000,9999.000,9999.000
202605140254,   0.551,   0.990,9999.000,9999.000,9999.000,9999.000,9999.000,9999.000,9999.000
202605140300,   0.575,   1.039,   0.400,   0.064,   1.039,   0.300,   0.939,   0.400,   1.039
202605140306,   0.601,   1.069,9999.000,9999.000,9999.000,9999.000,9999.000,9999.000,9999.000
202605140312,   0.627,   1.049,9999.000,9999.000,9999.000,9999.000,9999.000,9999.000,9999.000
202605140318,   0.655,   1.118,9999.000,9999.000,9999.000,9999.000,9999.000,9999.000,9999.000
202605140324,   0.683,   1.138,9999.000,9999.000,9999.000,9999.000,9999.000,9999.000,9999.000
202605140330,   0.712,   1.088,9999.000,9999.000,9999.000,9999.000,9999.000,9999.000,9999.000
202605140336,   0.741,   1.180,9999.000,9999.000,9999.000,9999.000,9999.000,9999.000,9999.000
202605140342,   0.771,   1.220,9999.000,9999.000,9999.000,9999.000,9999.000,9999.000,9999.000
202605140348,   0.802,   1.269,9999.000,9999.000,9999.000,9999.000,9999.000,9999.000,9999.000
202605140354,   0.833,   1.338,9999.000,9999.000,9999.000,9999.000,9999.000,9999.000,9999.000
202605140400,   0.865,   1.361,   0.400,   0.096,   1.361,   0.300,   1.261,   0.400,   1.361
202605140406,   0.897,   1.338,9999.000,9999.000,9999.000,9999.000,9999.000,9999.000,9999.000
202605140412,   0.930,   1.430,9999.000,9999.000,9999.000,9999.000,9999.000,9999.000,9999.000
202605140418,   0.962,   1.430,9999.000,9999.000,9999.000,9999.000,9999.000,9999.000,9999.000
202605140424,   0.995,   1.498,9999.000,9999.000,9999.000,9999.000,9999.000,9999.000,9999.000
202605140430,   1.028,   1.548,9999.000,9999.000,9999.000,9999.000,9999.000,9999.000,9999.000
202605140436,   1.061,   1.571,9999.000,9999.000,9999.000,9999.000,9999.000,9999.000,9999.000
202605140442,   1.094,   1.600,9999.000,9999.000,9999.000,9999.000,9999.000,9999.000,9999.000
202605140448,   1.127,   1.649,9999.000,9999.000,9999.000,9999.000,9999.000,9999.000,9999.000
202605140454,   1.160,   1.679,9999.000,9999.000,9999.000,9999.000,9999.000,9999.000,9999.000
202605140500,   1.192,   1.708,   0.300,   0.216,   1.708,   0.300,   1.708,   0.300,   1.708
202605140506,   1.225,   1.708,9999.000,9999.000,9999.000,9999.000,9999.000,9999.000,9999.000
202605140512,   1.257,   1.728,9999.000,9999.000,9999.000,9999.000,9999.000,9999.000,9999.000
202605140518,   1.288,   1.748,9999.000,9999.000,9999.000,9999.000,9999.000,9999.000,9999.000
202605140524,   1.319,   1.790,9999.000,9999.000,9999.000,9999.000,9999.000,9999.000,9999.000
202605140530,   1.350,   1.820,9999.000,9999.000,9999.000,9999.000,9999.000,9999.000,9999.000
202605140536,   1.380,   1.830,9999.000,9999.000,9999.000,9999.000,9999.000,9999.000,9999.000
202605140542,   1.409,   1.859,9999.000,9999.000,9999.000,9999.000,9999.000,9999.000,9999.000
202605140548,   1.438,   1.840,9999.000,9999.000,9999.000,9999.000,9999.000,9999.000,9999.000
202605140554,   1.466,   1.899,9999.000,9999.000,9999.000,9999.000,9999.000,9999.000,9999.000
202605140600,   1.493,   1.938,   0.500,  -0.055,   1.938,   0.400,   1.838,   0.500,   1.938
202605140606,   1.520,   1.958,9999.000,9999.000,9999.000,9999.000,9999.000,9999.000,9999.000
202605140612,   1.545,   1.967,9999.000,9999.000,9999.000,9999.000,9999.000,9999.000,9999.000
202605140618,   1.570,   1.981,9999.000,9999.000,9999.000,9999.000,9999.000,9999.000,9999.000
202605140624,   1.594,   2.030,9999.000,9999.000,9999.000,9999.000,9999.000,9999.000,9999.000
202605140630,   1.617,   1.958,9999.000,9999.000,9999.000,9999.000,9999.000,9999.000,9999.000
202605140636,   1.639,   2.040,9999.000,9999.000,9999.000,9999.000,9999.000,9999.000,9999.000
202605140642,   1.660,   1.990,9999.000,9999.000,9999.000,9999.000,9999.000,9999.000,9999.000
202605140648,   1.681,   2.020,9999.000,9999.000,9999.000,9999.000,9999.000,9999.000,9999.000
202605140654,   1.700,   2.059,9999.000,9999.000,9999.000,9999.000,9999.000,9999.000,9999.000
202605140700,   1.718,   2.069,   0.400,  -0.049,   2.069,   0.400,   2.069,   0.400,   2.069
202605140706,   1.735,   2.069,9999.000,9999.000,9999.000,9999.000,9999.000,9999.000,9999.000
202605140712,   1.750,   2.099,9999.000,9999.000,9999.000,9999.000,9999.000,9999.000,9999.000
202605140718,   1.765,   2.069,9999.000,9999.000,9999.000,9999.000,9999.000,9999.000,9999.000
202605140724,   1.779,   2.089,9999.000,9999.000,9999.000,9999.000,9999.000,9999.000,9999.000
202605140730,   1.791,   2.089,9999.000,9999.000,9999.000,9999.000,9999.000,9999.000,9999.000
202605140736,   1.803,   2.089,9999.000,9999.000,9999.000,9999.000,9999.000,9999.000,9999.000
202605140742,   1.813,   2.079,9999.000,9999.000,9999.000,9999.000,9999.000,9999.000,9999.000
202605140748,   1.822,   2.079,9999.000,9999.000,9999.000,9999.000,9999.000,9999.000,9999.000
202605140754,   1.830,   2.089,9999.000,9999.000,9999.000,9999.000,9999.000,9999.000,9999.000
202605140800,   1.837,   2.109,   0.400,  -0.128,   2.109,   0.400,   2.109,   0.400,   2.109
202605140806,   1.842,   2.128,9999.000,9999.000,9999.000,9999.000,9999.000,9999.000,9999.000
202605140812,   1.847,   2.099,9999.000,9999.000,9999.000,9999.000,9999.000,9999.000,9999.000
202605140818,   1.850,   2.069,9999.000,9999.000,9999.000,9999.000,9999.000,9999.000,9999.000
202605140824,   1.852,   2.049,9999.000,9999.000,9999.000,9999.000,9999.000,9999.000,9999.000
202605140830,   1.853,   2.099,9999.000,9999.000,9999.000,9999.000,9999.000,9999.000,9999.000
202605140836,   1.852,   2.109,9999.000,9999.000,9999.000,9999.000,9999.000,9999.000,9999.000
202605140842,   1.851,   2.128,9999.000,9999.000,9999.000,9999.000,9999.000,9999.000,9999.000
202605140848,   1.848,   2.138,9999.000,9999.000,9999.000,9999.000,9999.000,9999.000,9999.000
202605140854,   1.845,   2.118,9999.000,9999.000,9999.000,9999.000,9999.000,9999.000,9999.000
202605140900,   1.840,   2.118,   0.400,  -0.122,   2.118,   0.400,   2.118,   0.400,   2.118
202605140906,   1.834,   2.109,9999.000,9999.000,9999.000,9999.000,9999.000,9999.000,9999.000
202605140912,   1.827,   2.118,9999.000,9999.000,9999.000,9999.000,9999.000,9999.000,9999.000
202605140918,   1.819,   2.109,9999.000,9999.000,9999.000,9999.000,9999.000,9999.000,9999.000
202605140924,   1.810,   2.109,9999.000,9999.000,9999.000,9999.000,9999.000,9999.000,9999.000
202605140930,   1.800,   2.099,9999.000,9999.000,9999.000,9999.000,9999.000,9999.000,9999.000
202605140936,   1.789,   2.089,9999.000,9999.000,9999.000,9999.000,9999.000,9999.000,9999.000
202605140942,   1.778,   2.079,9999.000,9999.000,9999.000,9999.000,9999.000,9999.000,9999.000
202605140948,   1.765,   2.059,9999.000,9999.000,9999.000,9999.000,9999.000,9999.000,9999.000
202605140954,   1.752,   2.059,9999.000,9999.000,9999.000,9999.000,9999.000,9999.000,9999.000
202605141000,   1.739,   2.030,   0.400,  -0.109,   2.030,   0.400,   2.030,   0.400,   2.030
202605141006,   1.724,   2.030,9999.000,9999.000,9999.000,9999.000,9999.000,9999.000,9999.000
202605141012,   1.709,   2.030,9999.000,9999.000,9999.000,9999.000,9999.000,9999.000,9999.000
202605141018,   1.694,   2.020,9999.000,9999.000,9999.000,9999.000,9999.000,9999.000,9999.000
202605141024,   1.678,   1.981,9999.000,9999.000,9999.000,9999.000,9999.000,9999.000,9999.000
202605141030,   1.662,   2.000,9999.000,9999.000,9999.000,9999.000,9999.000,9999.000,9999.000
202605141036,   1.646,   1.948,9999.000,9999.000,9999.000,9999.000,9999.000,9999.000,9999.000
202605141042,   1.629,   1.899,9999.000,9999.000,9999.000,9999.000,9999.000,9999.000,9999.000
202605141048,   1.613,   1.908,9999.000,9999.000,9999.000,9999.000,9999.000,9999.000,9999.000
202605141054,   1.596,   1.908,9999.000,9999.000,9999.000,9999.000,9999.000,9999.000,9999.000
202605141100,   1.580,   1.849,   0.400,  -0.131,   1.849,   0.400,   1.849,   0.400,   1.849
202605141106,   1.563,   1.889,9999.000,9999.000,9999.000,9999.000,9999.000,9999.000,9999.000
202605141112,   1.547,   1.899,9999.000,9999.000,9999.000,9999.000,9999.000,9999.000,9999.000
202605141118,   1.531,   1.859,9999.000,9999.000,9999.000,9999.000,9999.000,9999.000,9999.000
202605141124,   1.515,   1.840,9999.000,9999.000,9999.000,9999.000,9999.000,9999.000,9999.000
202605141130,   1.499,   1.830,9999.000,9999.000,9999.000,9999.000,9999.000,9999.000,9999.000
202605141136,   1.484,   1.820,9999.000,9999.000,9999.000,9999.000,9999.000,9999.000,9999.000
202605141142,   1.469,   1.800,9999.000,9999.000,9999.000,9999.000,9999.000,9999.000,9999.000
202605141148,   1.455,   1.800,9999.000,9999.000,9999.000,9999.000,9999.000,9999.000,9999.000
202605141154,   1.441,   1.810,9999.000,9999.000,9999.000,9999.000,9999.000,9999.000,9999.000
202605141200,   1.428,   1.800,   0.500,  -0.128,   1.800,   0.500,   1.800,   0.500,   1.800
202605141206,   1.416,   1.810,9999.000,9999.000,9999.000,9999.000,9999.000,9999.000,9999.000
202605141212,   1.403,   1.810,9999.000,9999.000,9999.000,9999.000,9999.000,9999.000,9999.000
202605141218,   1.392,   1.790,9999.000,9999.000,9999.000,9999.000,9999.000,9999.000,9999.000
202605141224,   1.381,   1.790,9999.000,9999.000,9999.000,9999.000,9999.000,9999.000,9999.000
202605141230,   1.371,   1.800,9999.000,9999.000,9999.000,9999.000,9999.000,9999.000,9999.000
202605141236,   1.361,   1.800,9999.000,9999.000,9999.000,9999.000,9999.000,9999.000,9999.000
202605141242,   1.352,   1.800,9999.000,9999.000,9999.000,9999.000,9999.000,9999.000,9999.000
202605141248,   1.344,   1.800,9999.000,9999.000,9999.000,9999.000,9999.000,9999.000,9999.000
202605141254,   1.336,   1.810,9999.000,9999.000,9999.000,9999.000,9999.000,9999.000,9999.000
202605141300,   1.329,   1.800,   0.500,  -0.029,   1.800,   0.500,   1.800,   0.500,   1.800
202605141306,   1.322,   1.800,9999.000,9999.000,9999.000,9999.000,9999.000,9999.000,9999.000
202605141312,   1.316,   1.800,9999.000,9999.000,9999.000,9999.000,9999.000,9999.000,9999.000
202605141318,   1.311,   1.790,9999.000,9999.000,9999.000,9999.000,9999.000,9999.000,9999.000
202605141324,   1.306,   1.810,9999.000,9999.000,9999.000,9999.000,9999.000,9999.000,9999.000
202605141330,   1.302,   1.810,9999.000,9999.000,9999.000,9999.000,9999.000,9999.000,9999.000
202605141336,   1.298,   1.800,9999.000,9999.000,9999.000,9999.000,9999.000,9999.000,9999.000
202605141342,   1.295,   1.781,9999.000,9999.000,9999.000,9999.000,9999.000,9999.000,9999.000
202605141348,   1.292,   1.781,9999.000,9999.000,9999.000,9999.000,9999.000,9999.000,9999.000
202605141354,   1.290,   1.748,9999.000,9999.000,9999.000,9999.000,9999.000,9999.000,9999.000
202605141400,   1.288,   1.728,   0.500,  -0.060,   1.728,   0.500,   1.728,   0.500,   1.728
202605141406,   1.287,   1.718,9999.000,9999.000,9999.000,9999.000,9999.000,9999.000,9999.000
202605141412,   1.287,   1.728,9999.000,9999.000,9999.000,9999.000,9999.000,9999.000,9999.000
202605141418,   1.286,   1.748,9999.000,9999.000,9999.000,9999.000,9999.000,9999.000,9999.000
202605141424,   1.287,   1.748,9999.000,9999.000,9999.000,9999.000,9999.000,9999.000,9999.000
202605141430,   1.287,   1.748,9999.000,9999.000,9999.000,9999.000,9999.000,9999.000,9999.000
202605141436,   1.289,   1.758,9999.000,9999.000,9999.000,9999.000,9999.000,9999.000,9999.000
202605141442,   1.290,   1.758,9999.000,9999.000,9999.000,9999.000,9999.000,9999.000,9999.000
202605141448,   1.292,   1.748,9999.000,9999.000,9999.000,9999.000,9999.000,9999.000,9999.000
202605141454,   1.295,   1.748,9999.000,9999.000,9999.000,9999.000,9999.000,9999.000,9999.000
202605141500,   1.298,   1.728,   0.500,  -0.070,   1.728,   0.500,   1.728,   0.500,   1.728
202605141506,   1.301,   1.728,9999.000,9999.000,9999.000,9999.000,9999.000,9999.000,9999.000
202605141512,   1.305,   1.738,9999.000,9999.000,9999.000,9999.000,9999.000,9999.000,9999.000
202605141518,   1.310,   1.728,9999.000,9999.000,9999.000,9999.000,9999.000,9999.000,9999.000
202605141524,   1.314,   1.738,9999.000,9999.000,9999.000,9999.000,9999.000,9999.000,9999.000
202605141530,   1.319,   1.790,9999.000,9999.000,9999.000,9999.000,9999.000,9999.000,9999.000
202605141536,   1.325,   1.781,9999.000,9999.000,9999.000,9999.000,9999.000,9999.000,9999.000
202605141542,   1.331,   1.748,9999.000,9999.000,9999.000,9999.000,9999.000,9999.000,9999.000
202605141548,   1.337,   1.800,9999.000,9999.000,9999.000,9999.000,9999.000,9999.000,9999.000
202605141554,   1.344,   1.820,9999.000,9999.000,9999.000,9999.000,9999.000,9999.000,9999.000
202605141600,   1.351,   1.790,   0.500,  -0.061,   1.790,   0.500,   1.790,   0.500,   1.790
202605141606,   1.358,   1.840,9999.000,9999.000,9999.000,9999.000,9999.000,9999.000,9999.000
202605141612,   1.365,   1.840,9999.000,9999.000,9999.000,9999.000,9999.000,9999.000,9999.000
202605141618,   1.373,   1.849,9999.000,9999.000,9999.000,9999.000,9999.000,9999.000,9999.000
202605141624,   1.380,   1.840,9999.000,9999.000,9999.000,9999.000,9999.000,9999.000,9999.000
202605141630,   1.388,   1.840,9999.000,9999.000,9999.000,9999.000,9999.000,9999.000,9999.000
202605141636,   1.396,   1.830,9999.000,9999.000,9999.000,9999.000,9999.000,9999.000,9999.000
202605141642,   1.404,   1.849,9999.000,9999.000,9999.000,9999.000,9999.000,9999.000,9999.000
202605141648,   1.412,   1.859,9999.000,9999.000,9999.000,9999.000,9999.000,9999.000,9999.000
202605141654,   1.419,   1.859,9999.000,9999.000,9999.000,9999.000,9999.000,9999.000,9999.000
202605141700,   1.427,   1.918,   0.400,   0.091,   1.918,   0.400,   1.918,   0.500,   2.018
202605141706,   1.434,   1.918,9999.000,9999.000,9999.000,9999.000,9999.000,9999.000,9999.000
202605141712,   1.441,   1.928,9999.000,9999.000,9999.000,9999.000,9999.000,9999.000,9999.000
202605141718,   1.448,   1.958,9999.000,9999.000,9999.000,9999.000,9999.000,9999.000,9999.000
202605141724,   1.454,   1.967,9999.000,9999.000,9999.000,9999.000,9999.000,9999.000,9999.000
202605141730,   1.460,   1.990,9999.000,9999.000,9999.000,9999.000,9999.000,9999.000,9999.000
202605141736,   1.465,   1.967,9999.000,9999.000,9999.000,9999.000,9999.000,9999.000,9999.000
202605141742,   1.470,   1.981,9999.000,9999.000,9999.000,9999.000,9999.000,9999.000,9999.000
202605141748,   1.474,   1.967,9999.000,9999.000,9999.000,9999.000,9999.000,9999.000,9999.000
202605141754,   1.477,   1.967,9999.000,9999.000,9999.000,9999.000,9999.000,9999.000,9999.000
202605141800,   1.480,   1.967,   0.400,   0.087,   1.967,   0.400,   1.967,   0.400,   1.967
202605141806,   1.482,   1.948,9999.000,9999.000,9999.000,9999.000,9999.000,9999.000,9999.000
202605141812,   1.483,   1.928,9999.000,9999.000,9999.000,9999.000,9999.000,9999.000,9999.000
202605141818,   1.483,   1.958,9999.000,9999.000,9999.000,9999.000,9999.000,9999.000,9999.000
202605141824,   1.482,   1.938,9999.000,9999.000,9999.000,9999.000,9999.000,9999.000,9999.000
202605141830,   1.481,   1.948,9999.000,9999.000,9999.000,9999.000,9999.000,9999.000,9999.000
202605141836,   1.478,   1.908,9999.000,9999.000,9999.000,9999.000,9999.000,9999.000,9999.000
202605141842,   1.475,   1.908,9999.000,9999.000,9999.000,9999.000,9999.000,9999.000,9999.000
202605141848,   1.470,   1.948,9999.000,9999.000,9999.000,9999.000,9999.000,9999.000,9999.000
202605141854,   1.465,   1.938,9999.000,9999.000,9999.000,9999.000,9999.000,9999.000,9999.000
202605141900,   1.458,   1.928,   0.400,   0.070,   1.928,   0.400,   1.928,   0.400,   1.928
202605141906,   1.451,   1.908,9999.000,9999.000,9999.000,9999.000,9999.000,9999.000,9999.000
202605141912,   1.442,   1.889,9999.000,9999.000,9999.000,9999.000,9999.000,9999.000,9999.000
202605141918,   1.432,   1.879,9999.000,9999.000,9999.000,9999.000,9999.000,9999.000,9999.000
202605141924,   1.421,   1.889,9999.000,9999.000,9999.000,9999.000,9999.000,9999.000,9999.000
202605141930,   1.410,   1.849,9999.000,9999.000,9999.000,9999.000,9999.000,9999.000,9999.000
202605141936,   1.397,   1.820,9999.000,9999.000,9999.000,9999.000,9999.000,9999.000,9999.000
202605141942,   1.383,   1.820,9999.000,9999.000,9999.000,9999.000,9999.000,9999.000,9999.000
202605141948,   1.368,   1.820,9999.000,9999.000,9999.000,9999.000,9999.000,9999.000,9999.000
202605141954,   1.351,   1.810,9999.000,9999.000,9999.000,9999.000,9999.000,9999.000,9999.000
202605142000,   1.334,   1.781,   0.400,   0.047,   1.781,   0.400,   1.781,   0.400,   1.781
202605142006,   1.316,   1.738,9999.000,9999.000,9999.000,9999.000,9999.000,9999.000,9999.000
202605142012,   1.296,   1.738,9999.000,9999.000,9999.000,9999.000,9999.000,9999.000,9999.000
202605142018,   1.276,   1.718,9999.000,9999.000,9999.000,9999.000,9999.000,9999.000,9999.000
202605142024,   1.255,   1.689,9999.000,9999.000,9999.000,9999.000,9999.000,9999.000,9999.000
202605142030,   1.232,   1.659,9999.000,9999.000,9999.000,9999.000,9999.000,9999.000,9999.000
202605142036,   1.208,   1.639,9999.000,9999.000,9999.000,9999.000,9999.000,9999.000,9999.000
202605142042,   1.184,   1.620,9999.000,9999.000,9999.000,9999.000,9999.000,9999.000,9999.000
202605142048,   1.158,   1.639,9999.000,9999.000,9999.000,9999.000,9999.000,9999.000,9999.000
202605142054,   1.131,   1.620,9999.000,9999.000,9999.000,9999.000,9999.000,9999.000,9999.000
202605142100,   1.104,   1.600,   0.400,   0.096,   1.600,   0.400,   1.600,   0.500,   1.700
202605142106,   1.075,   1.557,9999.000,9999.000,9999.000,9999.000,9999.000,9999.000,9999.000
202605142112,   1.046,   1.528,9999.000,9999.000,9999.000,9999.000,9999.000,9999.000,9999.000
202605142118,   1.016,   1.548,9999.000,9999.000,9999.000,9999.000,9999.000,9999.000,9999.000
202605142124,   0.984,   1.528,9999.000,9999.000,9999.000,9999.000,9999.000,9999.000,9999.000
202605142130,   0.952,   1.430,9999.000,9999.000,9999.000,9999.000,9999.000,9999.000,9999.000
202605142136,   0.920,   1.449,9999.000,9999.000,9999.000,9999.000,9999.000,9999.000,9999.000
202605142142,   0.886,   1.420,9999.000,9999.000,9999.000,9999.000,9999.000,9999.000,9999.000
202605142148,   0.852,   1.410,9999.000,9999.000,9999.000,9999.000,9999.000,9999.000,9999.000
202605142154,   0.818,   1.318,9999.000,9999.000,9999.000,9999.000,9999.000,9999.000,9999.000
202605142200,   0.783,   1.298,   0.400,   0.115,   1.298,   0.400,   1.298,   0.500,   1.398
202605142206,   0.747,   1.249,9999.000,9999.000,9999.000,9999.000,9999.000,9999.000,9999.000
202605142212,   0.712,   1.229,9999.000,9999.000,9999.000,9999.000,9999.000,9999.000,9999.000
202605142218,   0.676,   1.220,9999.000,9999.000,9999.000,9999.000,9999.000,9999.000,9999.000
202605142224,   0.640,   1.210,9999.000,9999.000,9999.000,9999.000,9999.000,9999.000,9999.000
202605142230,   0.603,   1.200,9999.000,9999.000,9999.000,9999.000,9999.000,9999.000,9999.000
202605142236,   0.567,   1.161,9999.000,9999.000,9999.000,9999.000,9999.000,9999.000,9999.000
202605142242,   0.531,   1.098,9999.000,9999.000,9999.000,9999.000,9999.000,9999.000,9999.000
202605142248,   0.496,   1.079,9999.000,9999.000,9999.000,9999.000,9999.000,9999.000,9999.000
202605142254,   0.460,   1.079,9999.000,9999.000,9999.000,9999.000,9999.000,9999.000,9999.000
202605142300,   0.425,   1.069,   0.500,   0.144,   1.069,   0.500,   1.069,   0.500,   1.069
202605142306,   0.391,   0.990,9999.000,9999.000,9999.000,9999.000,9999.000,9999.000,9999.000
202605142312,   0.358,   0.990,9999.000,9999.000,9999.000,9999.000,9999.000,9999.000,9999.000
202605142318,   0.325,   0.928,9999.000,9999.000,9999.000,9999.000,9999.000,9999.000,9999.000
202605142324,   0.293,   0.941,9999.000,9999.000,9999.000,9999.000,9999.000,9999.000,9999.000
202605142330,   0.262,   0.928,9999.000,9999.000,9999.000,9999.000,9999.000,9999.000,9999.000
202605142336,   0.232,   0.898,9999.000,9999.000,9999.000,9999.000,9999.000,9999.000,9999.000
202605142342,   0.203,   0.849,9999.000,9999.000,9999.000,9999.000,9999.000,9999.000,9999.000
202605142348,   0.176,   0.829,9999.000,9999.000,9999.000,9999.000,9999.000,9999.000,9999.000
202605142354,   0.150,   0.829,9999.000,9999.000,9999.000,9999.000,9999.000,9999.000,9999.000
202605150000,   0.125,   0.810,   0.500,   0.185,   0.810,   0.500,   0.810,   0.500,   0.810
202605150006,   0.102,   0.819,9999.000,9999.000,9999.000,9999.000,9999.000,9999.000,9999.000
202605150012,   0.081,   0.810,9999.000,9999.000,9999.000,9999.000,9999.000,9999.000,9999.000
202605150018,   0.060,   0.760,9999.000,9999.000,9999.000,9999.000,9999.000,9999.000,9999.000
202605150024,   0.042,   0.760,9999.000,9999.000,9999.000,9999.000,9999.000,9999.000,9999.000
202605150030,   0.025,   0.770,9999.000,9999.000,9999.000,9999.000,9999.000,9999.000,9999.000
202605150036,   0.010,   0.731,9999.000,9999.000,9999.000,9999.000,9999.000,9999.000,9999.000
202605150042,  -0.002,   0.678,9999.000,9999.000,9999.000,9999.000,9999.000,9999.000,9999.000
202605150048,  -0.014,   0.669,9999.000,9999.000,9999.000,9999.000,9999.000,9999.000,9999.000
202605150054,  -0.024,   0.659,9999.000,9999.000,9999.000,9999.000,9999.000,9999.000,9999.000
202605150100,  -0.032,   0.639,   0.500,   0.171,   0.639,   0.500,   0.639,   0.600,   0.739
202605150106,  -0.039,   0.619,9999.000,9999.000,9999.000,9999.000,9999.000,9999.000,9999.000
202605150112,  -0.043,   0.619,9999.000,9999.000,9999.000,9999.000,9999.000,9999.000,9999.000
202605150118,  -0.046,   0.590,9999.000,9999.000,9999.000,9999.000,9999.000,9999.000,9999.000
202605150124,  -0.048,   0.580,9999.000,9999.000,9999.000,9999.000,9999.000,9999.000,9999.000
202605150130,  -0.047,   0.590,9999.000,9999.000,9999.000,9999.000,9999.000,9999.000,9999.000
202605150136,  -0.045,   0.560,9999.000,9999.000,9999.000,9999.000,9999.000,9999.000,9999.000
202605150142,  -0.042,   0.551,9999.000,9999.000,9999.000,9999.000,9999.000,9999.000,9999.000
202605150148,  -0.037,   0.531,9999.000,9999.000,9999.000,9999.000,9999.000,9999.000,9999.000
202605150154,  -0.030,   0.551,9999.000,9999.000,9999.000,9999.000,9999.000,9999.000,9999.000
202605150200,  -0.022,   0.551,   0.600,  -0.027,   0.551,   0.500,   0.451,   0.600,   0.551
202605150206,  -0.012,   0.560,9999.000,9999.000,9999.000,9999.000,9999.000,9999.000,9999.000
202605150212,   0.000,   0.600,9999.000,9999.000,9999.000,9999.000,9999.000,9999.000,9999.000
202605150218,   0.011,   0.590,9999.000,9999.000,9999.000,9999.000,9999.000,9999.000,9999.000
202605150224,   0.026,   0.590,9999.000,9999.000,9999.000,9999.000,9999.000,9999.000,9999.000
202605150230,   0.041,   0.619,9999.000,9999.000,9999.000,9999.000,9999.000,9999.000,9999.000
202605150236,   0.058,   0.639,9999.000,9999.000,9999.000,9999.000,9999.000,9999.000,9999.000
202605150242,   0.077,   0.649,9999.000,9999.000,9999.000,9999.000,9999.000,9999.000,9999.000
202605150248,   0.097,   0.678,9999.000,9999.000,9999.000,9999.000,9999.000,9999.000,9999.000
202605150254,   0.118,   0.698,9999.000,9999.000,9999.000,9999.000,9999.000,9999.000,9999.000
202605150300,   0.140,   0.708,   0.600,  -0.032,   0.708,   0.500,   0.608,   0.600,   0.708
202605150306,   0.164,   0.731,9999.000,9999.000,9999.000,9999.000,9999.000,9999.000,9999.000
202605150312,   0.189,   0.760,9999.000,9999.000,9999.000,9999.000,9999.000,9999.000,9999.000
202605150318,   0.216,   0.780,9999.000,9999.000,9999.000,9999.000,9999.000,9999.000,9999.000
202605150324,   0.244,   0.810,9999.000,9999.000,9999.000,9999.000,9999.000,9999.000,9999.000
202605150330,   0.272,   0.859,9999.000,9999.000,9999.000,9999.000,9999.000,9999.000,9999.000
202605150336,   0.303,   0.879,9999.000,9999.000,9999.000,9999.000,9999.000,9999.000,9999.000
202605150342,   0.334,   0.859,9999.000,9999.000,9999.000,9999.000,9999.000,9999.000,9999.000
202605150348,   0.367,   0.941,9999.000,9999.000,9999.000,9999.000,9999.000,9999.000,9999.000
202605150354,   0.400,   0.951,9999.000,9999.000,9999.000,9999.000,9999.000,9999.000,9999.000
202605150400,   0.435,   1.010,   0.600,  -0.025,   1.010,   0.500,   0.910,   0.600,   1.010
202605150406,   0.471,   1.039,9999.000,9999.000,9999.000,9999.000,9999.000,9999.000,9999.000
202605150412,   0.508,   1.108,9999.000,9999.000,9999.000,9999.000,9999.000,9999.000,9999.000
202605150418,   0.545,   1.118,9999.000,9999.000,9999.000,9999.000,9999.000,9999.000,9999.000
202605150424,   0.584,   1.161,9999.000,9999.000,9999.000,9999.000,9999.000,9999.000,9999.000
202605150430,   0.624,   1.229,9999.000,9999.000,9999.000,9999.000,9999.000,9999.000,9999.000
202605150436,   0.664,   1.239,9999.000,9999.000,9999.000,9999.000,9999.000,9999.000,9999.000
202605150442,   0.705,   1.279,9999.000,9999.000,9999.000,9999.000,9999.000,9999.000,9999.000
202605150448,   0.746,   1.338,9999.000,9999.000,9999.000,9999.000,9999.000,9999.000,9999.000
202605150454,   0.789,   1.380,9999.000,9999.000,9999.000,9999.000,9999.000,9999.000,9999.000
202605150500,   0.831,   1.410,   0.600,  -0.021,   1.410,   0.500,   1.310,   0.600,   1.410
202605150506,   0.874,   1.489,9999.000,9999.000,9999.000,9999.000,9999.000,9999.000,9999.000
202605150512,   0.918,   1.538,9999.000,9999.000,9999.000,9999.000,9999.000,9999.000,9999.000
202605150518,   0.961,   1.580,9999.000,9999.000,9999.000,9999.000,9999.000,9999.000,9999.000
202605150524,   1.005,   1.620,9999.000,9999.000,9999.000,9999.000,9999.000,9999.000,9999.000
202605150530,   1.049,   1.699,9999.000,9999.000,9999.000,9999.000,9999.000,9999.000,9999.000
202605150536,   1.093,   1.728,9999.000,9999.000,9999.000,9999.000,9999.000,9999.000,9999.000
202605150542,   1.136,   1.758,9999.000,9999.000,9999.000,9999.000,9999.000,9999.000,9999.000
202605150548,   1.179,   1.810,9999.000,9999.000,9999.000,9999.000,9999.000,9999.000,9999.000
202605150554,   1.222,   1.859,9999.000,9999.000,9999.000,9999.000,9999.000,9999.000,9999.000
202605150600,   1.265,   1.869,   0.700,  -0.096,   1.869,   0.600,   1.769,   0.700,   1.869
202605150606,   1.307,   1.908,9999.000,9999.000,9999.000,9999.000,9999.000,9999.000,9999.000
202605150612,   1.348,   1.967,9999.000,9999.000,9999.000,9999.000,9999.000,9999.000,9999.000
202605150618,   1.389,   1.981,9999.000,9999.000,9999.000,9999.000,9999.000,9999.000,9999.000
202605150624,   1.429,   2.040,9999.000,9999.000,9999.000,9999.000,9999.000,9999.000,9999.000
202605150630,   1.468,   2.079,9999.000,9999.000,9999.000,9999.000,9999.000,9999.000,9999.000
202605150636,   1.507,   2.069,9999.000,9999.000,9999.000,9999.000,9999.000,9999.000,9999.000
202605150642,   1.544,   2.099,9999.000,9999.000,9999.000,9999.000,9999.000,9999.000,9999.000
202605150648,   1.581,   2.118,9999.000,9999.000,9999.000,9999.000,9999.000,9999.000,9999.000
202605150654,   1.617,   2.148,9999.000,9999.000,9999.000,9999.000,9999.000,9999.000,9999.000
202605150700,   1.651,   2.191,   0.700,  -0.160,   2.191,   0.600,   2.091,   0.700,   2.191
202605150706,   1.684,   2.240,9999.000,9999.000,9999.000,9999.000,9999.000,9999.000,9999.000
202605150712,   1.717,   2.259,9999.000,9999.000,9999.000,9999.000,9999.000,9999.000,9999.000
202605150718,   1.748,   2.279,9999.000,9999.000,9999.000,9999.000,9999.000,9999.000,9999.000
202605150724,   1.778,   2.279,9999.000,9999.000,9999.000,9999.000,9999.000,9999.000,9999.000
202605150730,   1.806,   2.250,9999.000,9999.000,9999.000,9999.000,9999.000,9999.000,9999.000
202605150736,   1.834,   2.318,9999.000,9999.000,9999.000,9999.000,9999.000,9999.000,9999.000
202605150742,   1.860,   2.348,9999.000,9999.000,9999.000,9999.000,9999.000,9999.000,9999.000
202605150748,   1.885,   2.368,9999.000,9999.000,9999.000,9999.000,9999.000,9999.000,9999.000
202605150754,   1.909,   2.400,9999.000,9999.000,9999.000,9999.000,9999.000,9999.000,9999.000
202605150800,   1.931,   2.400,   0.700,  -0.231,   2.400,   0.700,   2.400,   0.700,   2.400
202605150806,   1.952,   2.440,9999.000,9999.000,9999.000,9999.000,9999.000,9999.000,9999.000
202605150812,   1.972,   2.450,9999.000,9999.000,9999.000,9999.000,9999.000,9999.000,9999.000
202605150818,   1.990,   2.459,9999.000,9999.000,9999.000,9999.000,9999.000,9999.000,9999.000
202605150824,   2.007,   2.479,9999.000,9999.000,9999.000,9999.000,9999.000,9999.000,9999.000
202605150830,   2.022,   2.479,9999.000,9999.000,9999.000,9999.000,9999.000,9999.000,9999.000
202605150836,   2.037,   2.499,9999.000,9999.000,9999.000,9999.000,9999.000,9999.000,9999.000
202605150842,   2.049,   2.519,9999.000,9999.000,9999.000,9999.000,9999.000,9999.000,9999.000
202605150848,   2.061,   2.519,9999.000,9999.000,9999.000,9999.000,9999.000,9999.000,9999.000
202605150854,   2.071,   2.509,9999.000,9999.000,9999.000,9999.000,9999.000,9999.000,9999.000
202605150900,   2.079,   2.548,   0.700,  -0.231,   2.548,   0.700,   2.548,   0.800,   2.648
202605150906,   2.086,   2.558,9999.000,9999.000,9999.000,9999.000,9999.000,9999.000,9999.000
202605150912,   2.092,   2.568,9999.000,9999.000,9999.000,9999.000,9999.000,9999.000,9999.000
202605150918,   2.096,   2.558,9999.000,9999.000,9999.000,9999.000,9999.000,9999.000,9999.000
202605150924,   2.099,   2.558,9999.000,9999.000,9999.000,9999.000,9999.000,9999.000,9999.000
202605150930,   2.100,   2.558,9999.000,9999.000,9999.000,9999.000,9999.000,9999.000,9999.000
202605150936,   2.100,   2.568,9999.000,9999.000,9999.000,9999.000,9999.000,9999.000,9999.000
202605150942,   2.098,   2.568,9999.000,9999.000,9999.000,9999.000,9999.000,9999.000,9999.000
202605150948,   2.095,   2.548,9999.000,9999.000,9999.000,9999.000,9999.000,9999.000,9999.000
202605150954,   2.091,   2.558,9999.000,9999.000,9999.000,9999.000,9999.000,9999.000,9999.000
202605151000,   2.086,   2.558,   0.700,  -0.228,   2.558,   0.700,   2.558,   0.800,   2.658
202605151006,   2.079,   2.558,9999.000,9999.000,9999.000,9999.000,9999.000,9999.000,9999.000
202605151012,   2.071,   2.558,9999.000,9999.000,9999.000,9999.000,9999.000,9999.000,9999.000
202605151018,   2.061,   2.528,9999.000,9999.000,9999.000,9999.000,9999.000,9999.000,9999.000
202605151024,   2.051,   2.499,9999.000,9999.000,9999.000,9999.000,9999.000,9999.000,9999.000
202605151030,   2.039,   2.509,9999.000,9999.000,9999.000,9999.000,9999.000,9999.000,9999.000
202605151036,   2.027,   2.489,9999.000,9999.000,9999.000,9999.000,9999.000,9999.000,9999.000
202605151042,   2.013,   2.450,9999.000,9999.000,9999.000,9999.000,9999.000,9999.000,9999.000
202605151048,   1.999,   2.420,9999.000,9999.000,9999.000,9999.000,9999.000,9999.000,9999.000
202605151054,   1.984,   2.400,9999.000,9999.000,9999.000,9999.000,9999.000,9999.000,9999.000
202605151100,   1.968,   2.387,   0.800,  -0.381,   2.387,   0.700,   2.287,   0.800,   2.387
202605151106,   1.952,   2.358,9999.000,9999.000,9999.000,9999.000,9999.000,9999.000,9999.000
202605151112,   1.935,   2.338,9999.000,9999.000,9999.000,9999.000,9999.000,9999.000,9999.000
202605151118,   1.917,   2.338,9999.000,9999.000,9999.000,9999.000,9999.000,9999.000,9999.000
202605151124,   1.900,   2.318,9999.000,9999.000,9999.000,9999.000,9999.000,9999.000,9999.000
202605151130,   1.882,   2.309,9999.000,9999.000,9999.000,9999.000,9999.000,9999.000,9999.000
202605151136,   1.864,   2.279,9999.000,9999.000,9999.000,9999.000,9999.000,9999.000,9999.000
202605151142,   1.846,   2.269,9999.000,9999.000,9999.000,9999.000,9999.000,9999.000,9999.000
202605151148,   1.827,   2.240,9999.000,9999.000,9999.000,9999.000,9999.000,9999.000,9999.000
202605151154,   1.810,   2.220,9999.000,9999.000,9999.000,9999.000,9999.000,9999.000,9999.000
202605151200,   1.792,   2.210,   0.700,  -0.282,   2.210,   0.700,   2.210,   0.700,   2.210
202605151206,   1.774,   2.168,9999.000,9999.000,9999.000,9999.000,9999.000,9999.000,9999.000
202605151212,   1.757,   2.168,9999.000,9999.000,9999.000,9999.000,9999.000,9999.000,9999.000
202605151218,   1.740,   2.148,9999.000,9999.000,9999.000,9999.000,9999.000,9999.000,9999.000
202605151224,   1.724,   2.118,9999.000,9999.000,9999.000,9999.000,9999.000,9999.000,9999.000
202605151230,   1.708,   2.138,9999.000,9999.000,9999.000,9999.000,9999.000,9999.000,9999.000
202605151236,   1.693,   2.138,9999.000,9999.000,9999.000,9999.000,9999.000,9999.000,9999.000
202605151242,   1.678,   2.118,9999.000,9999.000,9999.000,9999.000,9999.000,9999.000,9999.000
202605151248,   1.664,   2.128,9999.000,9999.000,9999.000,9999.000,9999.000,9999.000,9999.000
202605151254,   1.650,   2.128,9999.000,9999.000,9999.000,9999.000,9999.000,9999.000,9999.000
202605151300,   1.637,   2.109,   0.700,  -0.228,   2.109,   0.700,   2.109,   0.700,   2.109
202605151306,   1.625,   2.118,9999.000,9999.000,9999.000,9999.000,9999.000,9999.000,9999.000
202605151312,   1.613,   2.138,9999.000,9999.000,9999.000,9999.000,9999.000,9999.000,9999.000
202605151318,   1.602,   2.109,9999.000,9999.000,9999.000,9999.000,9999.000,9999.000,9999.000
202605151324,   1.591,   2.079,9999.000,9999.000,9999.000,9999.000,9999.000,9999.000,9999.000
202605151330,   1.581,   2.059,9999.000,9999.000,9999.000,9999.000,9999.000,9999.000,9999.000
202605151336,   1.571,   2.040,9999.000,9999.000,9999.000,9999.000,9999.000,9999.000,9999.000
202605151342,   1.562,   2.040,9999.000,9999.000,9999.000,9999.000,9999.000,9999.000,9999.000
202605151348,   1.553,   2.020,9999.000,9999.000,9999.000,9999.000,9999.000,9999.000,9999.000
202605151354,   1.545,   2.059,9999.000,9999.000,9999.000,9999.000,9999.000,9999.000,9999.000
202605151400,   1.537,   2.030,   0.700,  -0.207,   2.030,   0.700,   2.030,   0.700,   2.030
202605151406,   1.530,   2.040,9999.000,9999.000,9999.000,9999.000,9999.000,9999.000,9999.000
202605151412,   1.523,   2.020,9999.000,9999.000,9999.000,9999.000,9999.000,9999.000,9999.000
202605151418,   1.516,   2.010,9999.000,9999.000,9999.000,9999.000,9999.000,9999.000,9999.000
202605151424,   1.510,   1.958,9999.000,9999.000,9999.000,9999.000,9999.000,9999.000,9999.000
202605151430,   1.504,   1.928,9999.000,9999.000,9999.000,9999.000,9999.000,9999.000,9999.000
202605151436,   1.498,   1.928,9999.000,9999.000,9999.000,9999.000,9999.000,9999.000,9999.000
202605151442,   1.493,   1.899,9999.000,9999.000,9999.000,9999.000,9999.000,9999.000,9999.000
202605151448,   1.488,   1.899,9999.000,9999.000,9999.000,9999.000,9999.000,9999.000,9999.000
202605151454,   1.483,   1.908,9999.000,9999.000,9999.000,9999.000,9999.000,9999.000,9999.000
202605151500,   1.479,   1.899,   0.700,  -0.280,   1.899,   0.700,   1.899,   0.700,   1.899
202605151506,   1.475,   1.899,9999.000,9999.000,9999.000,9999.000,9999.000,9999.000,9999.000
202605151512,   1.471,   1.918,9999.000,9999.000,9999.000,9999.000,9999.000,9999.000,9999.000
202605151518,   1.468,   1.889,9999.000,9999.000,9999.000,9999.000,9999.000,9999.000,9999.000
202605151524,   1.465,   1.889,9999.000,9999.000,9999.000,9999.000,9999.000,9999.000,9999.000
202605151530,   1.462,   1.869,9999.000,9999.000,9999.000,9999.000,9999.000,9999.000,9999.000
202605151536,   1.460,   1.859,9999.000,9999.000,9999.000,9999.000,9999.000,9999.000,9999.000
202605151542,   1.458,   1.859,9999.000,9999.000,9999.000,9999.000,9999.000,9999.000,9999.000
202605151548,   1.457,   1.830,9999.000,9999.000,9999.000,9999.000,9999.000,9999.000,9999.000
202605151554,   1.456,   1.820,9999.000,9999.000,9999.000,9999.000,9999.000,9999.000,9999.000
202605151600,   1.456,   1.820,   0.700,  -0.336,   1.820,   0.700,   1.820,   0.700,   1.820
202605151606,   1.456,   1.810,9999.000,9999.000,9999.000,9999.000,9999.000,9999.000,9999.000
202605151612,   1.456,   1.810,9999.000,9999.000,9999.000,9999.000,9999.000,9999.000,9999.000
202605151618,   1.457,   1.781,9999.000,9999.000,9999.000,9999.000,9999.000,9999.000,9999.000
202605151624,   1.459,   1.781,9999.000,9999.000,9999.000,9999.000,9999.000,9999.000,9999.000
202605151630,   1.461,   1.738,9999.000,9999.000,9999.000,9999.000,9999.000,9999.000,9999.000
202605151636,   1.463,   1.758,9999.000,9999.000,9999.000,9999.000,9999.000,9999.000,9999.000
202605151642,   1.466,   1.758,9999.000,9999.000,9999.000,9999.000,9999.000,9999.000,9999.000
202605151648,   1.469,   1.718,9999.000,9999.000,9999.000,9999.000,9999.000,9999.000,9999.000
202605151654,   1.472,   1.718,9999.000,9999.000,9999.000,9999.000,9999.000,9999.000,9999.000
202605151700,   1.476,   1.728,   0.700,  -0.448,   1.728,   0.600,   1.628,   0.700,   1.728
202605151706,   1.480,   1.790,9999.000,9999.000,9999.000,9999.000,9999.000,9999.000,9999.000
202605151712,   1.484,   1.810,9999.000,9999.000,9999.000,9999.000,9999.000,9999.000,9999.000
202605151718,   1.489,   1.781,9999.000,9999.000,9999.000,9999.000,9999.000,9999.000,9999.000
202605151724,   1.493,   1.810,9999.000,9999.000,9999.000,9999.000,9999.000,9999.000,9999.000
202605151730,   1.498,   1.790,9999.000,9999.000,9999.000,9999.000,9999.000,9999.000,9999.000
202605151736,   1.502,   1.781,9999.000,9999.000,9999.000,9999.000,9999.000,9999.000,9999.000
202605151742,   1.506,   1.800,9999.000,9999.000,9999.000,9999.000,9999.000,9999.000,9999.000
202605151748,   1.510,   1.810,9999.000,9999.000,9999.000,9999.000,9999.000,9999.000,9999.000
202605151754,   1.514,   1.830,9999.000,9999.000,9999.000,9999.000,9999.000,9999.000,9999.000
202605151800,   1.518,   1.830,   0.500,  -0.188,   1.830,   0.400,   1.730,   0.500,   1.830
202605151806,   1.521,   1.849,9999.000,9999.000,9999.000,9999.000,9999.000,9999.000,9999.000
202605151812,   1.524,   1.859,9999.000,9999.000,9999.000,9999.000,9999.000,9999.000,9999.000
202605151818,   1.526,   1.879,9999.000,9999.000,9999.000,9999.000,9999.000,9999.000,9999.000
202605151824,   1.527,   1.849,9999.000,9999.000,9999.000,9999.000,9999.000,9999.000,9999.000
202605151830,   1.528,   1.820,9999.000,9999.000,9999.000,9999.000,9999.000,9999.000,9999.000
202605151836,   1.528,   1.820,9999.000,9999.000,9999.000,9999.000,9999.000,9999.000,9999.000
202605151842,   1.527,   1.810,9999.000,9999.000,9999.000,9999.000,9999.000,9999.000,9999.000
202605151848,   1.525,   1.830,9999.000,9999.000,9999.000,9999.000,9999.000,9999.000,9999.000
202605151854,   1.523,   1.810,9999.000,9999.000,9999.000,9999.000,9999.000,9999.000,9999.000
202605151900,   1.519,   1.810,   0.500,  -0.209,   1.810,   0.400,   1.710,   0.500,   1.810
202605151906,   1.515,   1.820,9999.000,9999.000,9999.000,9999.000,9999.000,9999.000,9999.000
202605151912,   1.509,   1.830,9999.000,9999.000,9999.000,9999.000,9999.000,9999.000,9999.000
202605151918,   1.503,   1.830,9999.000,9999.000,9999.000,9999.000,9999.000,9999.000,9999.000
202605151924,   1.495,   1.810,9999.000,9999.000,9999.000,9999.000,9999.000,9999.000,9999.000
202605151930,   1.486,   1.767,9999.000,9999.000,9999.000,9999.000,9999.000,9999.000,9999.000
202605151936,   1.477,   1.758,9999.000,9999.000,9999.000,9999.000,9999.000,9999.000,9999.000
202605151942,   1.466,   1.748,9999.000,9999.000,9999.000,9999.000,9999.000,9999.000,9999.000
202605151948,   1.453,   1.767,9999.000,9999.000,9999.000,9999.000,9999.000,9999.000,9999.000
202605151954,   1.440,   1.718,9999.000,9999.000,9999.000,9999.000,9999.000,9999.000,9999.000
202605152000,   1.426,   1.689,   0.500,  -0.237,   1.689,   0.400,   1.589,   0.600,   1.789
202605152006,   1.410,   1.590,9999.000,9999.000,9999.000,9999.000,9999.000,9999.000,9999.000
202605152012,   1.393,   1.649,9999.000,9999.000,9999.000,9999.000,9999.000,9999.000,9999.000
202605152018,   1.376,   1.689,9999.000,9999.000,9999.000,9999.000,9999.000,9999.000,9999.000
202605152024,   1.357,   1.699,9999.000,9999.000,9999.000,9999.000,9999.000,9999.000,9999.000
202605152030,   1.336,   1.620,9999.000,9999.000,9999.000,9999.000,9999.000,9999.000,9999.000
202605152036,   1.315,   1.548,9999.000,9999.000,9999.000,9999.000,9999.000,9999.000,9999.000
202605152042,   1.292,   1.557,9999.000,9999.000,9999.000,9999.000,9999.000,9999.000,9999.000
202605152048,   1.269,   1.580,9999.000,9999.000,9999.000,9999.000,9999.000,9999.000,9999.000
202605152054,   1.244,   1.538,9999.000,9999.000,9999.000,9999.000,9999.000,9999.000,9999.000
202605152100,   1.218,   1.518,   0.500,  -0.200,   1.518,   0.500,   1.518,   0.600,   1.618
202605152106,   1.191,   1.479,9999.000,9999.000,9999.000,9999.000,9999.000,9999.000,9999.000
202605152112,   1.162,   1.469,9999.000,9999.000,9999.000,9999.000,9999.000,9999.000,9999.000
202605152118,   1.133,   1.459,9999.000,9999.000,9999.000,9999.000,9999.000,9999.000,9999.000
202605152124,   1.102,   1.439,9999.000,9999.000,9999.000,9999.000,9999.000,9999.000,9999.000
202605152130,   1.071,   1.400,9999.000,9999.000,9999.000,9999.000,9999.000,9999.000,9999.000
202605152136,   1.038,   1.318,9999.000,9999.000,9999.000,9999.000,9999.000,9999.000,9999.000
202605152142,   1.004,   1.318,9999.000,9999.000,9999.000,9999.000,9999.000,9999.000,9999.000
202605152148,   0.970,   1.298,9999.000,9999.000,9999.000,9999.000,9999.000,9999.000,9999.000
202605152154,   0.933,   1.210,9999.000,9999.000,9999.000,9999.000,9999.000,9999.000,9999.000
202605152200,   0.896,   1.151,   0.500,  -0.245,   1.151,   0.500,   1.151,   0.600,   1.251
202605152206,   0.858,   1.098,9999.000,9999.000,9999.000,9999.000,9999.000,9999.000,9999.000
202605152212,   0.820,   1.039,9999.000,9999.000,9999.000,9999.000,9999.000,9999.000,9999.000
202605152218,   0.780,   1.039,9999.000,9999.000,9999.000,9999.000,9999.000,9999.000,9999.000
202605152224,   0.740,   1.039,9999.000,9999.000,9999.000,9999.000,9999.000,9999.000,9999.000
202605152230,   0.699,   0.970,9999.000,9999.000,9999.000,9999.000,9999.000,9999.000,9999.000
202605152236,   0.657,9999.000,9999.000,9999.000,9999.000,9999.000,9999.000,9999.000,9999.000
202605152242,   0.615,   0.869,9999.000,9999.000,9999.000,9999.000,9999.000,9999.000,9999.000
202605152248,   0.572,   0.869,9999.000,9999.000,9999.000,9999.000,9999.000,9999.000,9999.000
202605152254,   0.530,   0.780,9999.000,9999.000,9999.000,9999.000,9999.000,9999.000,9999.000
202605152300,   0.486,   0.718,   0.600,  -0.368,   0.718,   0.500,   0.618,   0.600,   0.718
202605152306,   0.443,   0.678,9999.000,9999.000,9999.000,9999.000,9999.000,9999.000,9999.000
202605152312,   0.400,   0.639,9999.000,9999.000,9999.000,9999.000,9999.000,9999.000,9999.000
202605152318,   0.357,   0.619,9999.000,9999.000,9999.000,9999.000,9999.000,9999.000,9999.000
202605152324,   0.314,   0.580,9999.000,9999.000,9999.000,9999.000,9999.000,9999.000,9999.000
202605152330,   0.272,   0.488,9999.000,9999.000,9999.000,9999.000,9999.000,9999.000,9999.000
202605152336,   0.230,   0.439,9999.000,9999.000,9999.000,9999.000,9999.000,9999.000,9999.000
202605152342,   0.189,   0.400,9999.000,9999.000,9999.000,9999.000,9999.000,9999.000,9999.000
202605152348,   0.148,   0.360,9999.000,9999.000,9999.000,9999.000,9999.000,9999.000,9999.000
202605152354,   0.109,   0.341,9999.000,9999.000,9999.000,9999.000,9999.000,9999.000,9999.000
202605160000,   0.070,   0.298,   0.400,  -0.172,   0.298,   0.300,   0.198,   0.400,   0.298
202605160006,   0.033,   0.180,9999.000,9999.000,9999.000,9999.000,9999.000,9999.000,9999.000
202605160012,  -0.002,   0.131,9999.000,9999.000,9999.000,9999.000,9999.000,9999.000,9999.000
202605160018,  -0.036,   0.190,9999.000,9999.000,9999.000,9999.000,9999.000,9999.000,9999.000
202605160024,  -0.070,   0.141,9999.000,9999.000,9999.000,9999.000,9999.000,9999.000,9999.000
202605160030,  -0.101,   0.059,9999.000,9999.000,9999.000,9999.000,9999.000,9999.000,9999.000
202605160036,  -0.131,   0.098,9999.000,9999.000,9999.000,9999.000,9999.000,9999.000,9999.000
202605160042,  -0.159,   0.059,9999.000,9999.000,9999.000,9999.000,9999.000,9999.000,9999.000
202605160048,  -0.185,   0.019,9999.000,9999.000,9999.000,9999.000,9999.000,9999.000,9999.000
202605160054,  -0.210,   0.019,9999.000,9999.000,9999.000,9999.000,9999.000,9999.000,9999.000
202605160100,  -0.232,   0.009,   0.400,  -0.159,   0.009,   0.300,  -0.091,   0.500,   0.109
202605160106,  -0.253,  -0.068,9999.000,9999.000,9999.000,9999.000,9999.000,9999.000,9999.000
202605160112,  -0.272,  -0.088,9999.000,9999.000,9999.000,9999.000,9999.000,9999.000,9999.000
202605160118,  -0.288,  -0.088,9999.000,9999.000,9999.000,9999.000,9999.000,9999.000,9999.000
202605160124,  -0.303,  -0.098,9999.000,9999.000,9999.000,9999.000,9999.000,9999.000,9999.000
202605160130,  -0.315,  -0.078,9999.000,9999.000,9999.000,9999.000,9999.000,9999.000,9999.000
202605160136,  -0.326,  -0.068,9999.000,9999.000,9999.000,9999.000,9999.000,9999.000,9999.000
202605160142,  -0.335,  -0.068,9999.000,9999.000,9999.000,9999.000,9999.000,9999.000,9999.000
202605160148,  -0.341,  -0.068,9999.000,9999.000,9999.000,9999.000,9999.000,9999.000,9999.000
202605160154,  -0.346,  -0.049,9999.000,9999.000,9999.000,9999.000,9999.000,9999.000,9999.000
202605160200,  -0.349,  -0.039,   0.400,  -0.090,  -0.039,   0.400,  -0.039,   0.500,   0.061
202605160206,  -0.350,  -0.019,9999.000,9999.000,9999.000,9999.000,9999.000,9999.000,9999.000
202605160212,  -0.348,  -0.029,9999.000,9999.000,9999.000,9999.000,9999.000,9999.000,9999.000
202605160218,  -0.346,  -0.009,9999.000,9999.000,9999.000,9999.000,9999.000,9999.000,9999.000
202605160224,  -0.341,   0.019,9999.000,9999.000,9999.000,9999.000,9999.000,9999.000,9999.000
202605160230,  -0.334,   0.009,9999.000,9999.000,9999.000,9999.000,9999.000,9999.000,9999.000
202605160236,  -0.326,   0.019,9999.000,9999.000,9999.000,9999.000,9999.000,9999.000,9999.000
202605160242,  -0.316,   0.059,9999.000,9999.000,9999.000,9999.000,9999.000,9999.000,9999.000
202605160248,  -0.305,   0.068,9999.000,9999.000,9999.000,9999.000,9999.000,9999.000,9999.000
202605160254,  -0.291,   0.078,9999.000,9999.000,9999.000,9999.000,9999.000,9999.000,9999.000
202605160300,  -0.276,   0.078,   0.400,  -0.046,   0.078,   0.400,   0.078,   0.500,   0.178
202605160306,  -0.260,   0.111,9999.000,9999.000,9999.000,9999.000,9999.000,9999.000,9999.000
202605160312,  -0.242,   0.121,9999.000,9999.000,9999.000,9999.000,9999.000,9999.000,9999.000
202605160318,  -0.222,   0.150,9999.000,9999.000,9999.000,9999.000,9999.000,9999.000,9999.000
202605160324,  -0.200,   0.141,9999.000,9999.000,9999.000,9999.000,9999.000,9999.000,9999.000
202605160330,  -0.177,   0.180,9999.000,9999.000,9999.000,9999.000,9999.000,9999.000,9999.000
202605160336,  -0.153,   0.219,9999.000,9999.000,9999.000,9999.000,9999.000,9999.000,9999.000
202605160342,  -0.127,   0.249,9999.000,9999.000,9999.000,9999.000,9999.000,9999.000,9999.000
202605160348,  -0.099,   0.298,9999.000,9999.000,9999.000,9999.000,9999.000,9999.000,9999.000
202605160354,  -0.070,   0.341,9999.000,9999.000,9999.000,9999.000,9999.000,9999.000,9999.000
202605160400,  -0.039,   0.409,   0.500,  -0.052,   0.409,   0.400,   0.309,   0.500,   0.409
202605160406,  -0.007,   0.429,9999.000,9999.000,9999.000,9999.000,9999.000,9999.000,9999.000
202605160412,   0.026,   0.419,9999.000,9999.000,9999.000,9999.000,9999.000,9999.000,9999.000
202605160418,   0.061,   0.488,9999.000,9999.000,9999.000,9999.000,9999.000,9999.000,9999.000
202605160424,   0.098,   0.560,9999.000,9999.000,9999.000,9999.000,9999.000,9999.000,9999.000
202605160430,   0.136,   0.629,9999.000,9999.000,9999.000,9999.000,9999.000,9999.000,9999.000
202605160436,   0.176,   0.688,9999.000,9999.000,9999.000,9999.000,9999.000,9999.000,9999.000
202605160442,   0.217,   0.741,9999.000,9999.000,9999.000,9999.000,9999.000,9999.000,9999.000
202605160448,   0.259,   0.800,9999.000,9999.000,9999.000,9999.000,9999.000,9999.000,9999.000
202605160454,   0.302,   0.869,9999.000,9999.000,9999.000,9999.000,9999.000,9999.000,9999.000
202605160500,   0.347,   0.918,   0.500,   0.071,   0.918,   0.500,   0.918,   0.600,   1.018
202605160506,   0.393,   0.951,9999.000,9999.000,9999.000,9999.000,9999.000,9999.000,9999.000
202605160512,   0.440,   1.020,9999.000,9999.000,9999.000,9999.000,9999.000,9999.000,9999.000
202605160518,   0.488,   1.098,9999.000,9999.000,9999.000,9999.000,9999.000,9999.000,9999.000
202605160524,   0.537,   1.180,9999.000,9999.000,9999.000,9999.000,9999.000,9999.000,9999.000
202605160530,   0.586,   1.239,9999.000,9999.000,9999.000,9999.000,9999.000,9999.000,9999.000
202605160536,   0.637,   1.318,9999.000,9999.000,9999.000,9999.000,9999.000,9999.000,9999.000
202605160542,   0.688,   1.380,9999.000,9999.000,9999.000,9999.000,9999.000,9999.000,9999.000
202605160548,   0.739,   1.439,9999.000,9999.000,9999.000,9999.000,9999.000,9999.000,9999.000
202605160554,   0.791,   1.498,9999.000,9999.000,9999.000,9999.000,9999.000,9999.000,9999.000
202605160600,   0.844,   1.571,   0.500,   0.227,   1.571,   0.500,   1.571,   0.600,   1.671
202605160606,   0.896,   1.630,9999.000,9999.000,9999.000,9999.000,9999.000,9999.000,9999.000
202605160612,   0.948,   1.669,9999.000,9999.000,9999.000,9999.000,9999.000,9999.000,9999.000
202605160618,   1.001,   1.718,9999.000,9999.000,9999.000,9999.000,9999.000,9999.000,9999.000
202605160624,   1.053,   1.758,9999.000,9999.000,9999.000,9999.000,9999.000,9999.000,9999.000
202605160630,   1.105,   1.800,9999.000,9999.000,9999.000,9999.000,9999.000,9999.000,9999.000
202605160636,   1.157,   1.869,9999.000,9999.000,9999.000,9999.000,9999.000,9999.000,9999.000
202605160642,   1.208,   1.918,9999.000,9999.000,9999.000,9999.000,9999.000,9999.000,9999.000
202605160648,   1.259,   1.967,9999.000,9999.000,9999.000,9999.000,9999.000,9999.000,9999.000
202605160654,   1.309,   1.990,9999.000,9999.000,9999.000,9999.000,9999.000,9999.000,9999.000
202605160700,   1.359,   2.079,   0.600,   0.120,   2.079,   0.500,   1.979,   0.700,   2.179
202605160706,   1.407,   2.148,9999.000,9999.000,9999.000,9999.000,9999.000,9999.000,9999.000
202605160712,   1.455,   2.168,9999.000,9999.000,9999.000,9999.000,9999.000,9999.000,9999.000
202605160718,   1.502,   2.220,9999.000,9999.000,9999.000,9999.000,9999.000,9999.000,9999.000
202605160724,   1.548,   2.269,9999.000,9999.000,9999.000,9999.000,9999.000,9999.000,9999.000
202605160730,   1.593,   2.269,9999.000,9999.000,9999.000,9999.000,9999.000,9999.000,9999.000
202605160736,   1.636,   2.269,9999.000,9999.000,9999.000,9999.000,9999.000,9999.000,9999.000
202605160742,   1.679,   2.299,9999.000,9999.000,9999.000,9999.000,9999.000,9999.000,9999.000
202605160748,   1.720,   2.348,9999.000,9999.000,9999.000,9999.000,9999.000,9999.000,9999.000
202605160754,   1.760,   2.400,9999.000,9999.000,9999.000,9999.000,9999.000,9999.000,9999.000
202605160800,   1.799,   2.450,   0.600,   0.051,   2.450,   0.600,   2.450,   0.700,   2.550
202605160806,   1.836,   2.479,9999.000,9999.000,9999.000,9999.000,9999.000,9999.000,9999.000
202605160812,   1.873,   2.489,9999.000,9999.000,9999.000,9999.000,9999.000,9999.000,9999.000
202605160818,   1.907,   2.548,9999.000,9999.000,9999.000,9999.000,9999.000,9999.000,9999.000
202605160824,   1.941,   2.578,9999.000,9999.000,9999.000,9999.000,9999.000,9999.000,9999.000
202605160830,   1.973,   2.587,9999.000,9999.000,9999.000,9999.000,9999.000,9999.000,9999.000
202605160836,   2.003,   2.597,9999.000,9999.000,9999.000,9999.000,9999.000,9999.000,9999.000
202605160842,   2.032,   2.630,9999.000,9999.000,9999.000,9999.000,9999.000,9999.000,9999.000
202605160848,   2.060,   2.669,9999.000,9999.000,9999.000,9999.000,9999.000,9999.000,9999.000
202605160854,   2.086,   2.660,9999.000,9999.000,9999.000,9999.000,9999.000,9999.000,9999.000
202605160900,   2.111,   2.689,   0.600,  -0.022,   2.689,   0.600,   2.689,   0.800,   2.889
202605160906,   2.134,   2.699,9999.000,9999.000,9999.000,9999.000,9999.000,9999.000,9999.000
202605160912,   2.155,   2.709,9999.000,9999.000,9999.000,9999.000,9999.000,9999.000,9999.000
202605160918,   2.175,   2.758,9999.000,9999.000,9999.000,9999.000,9999.000,9999.000,9999.000
202605160924,   2.194,   2.768,9999.000,9999.000,9999.000,9999.000,9999.000,9999.000,9999.000
202605160930,   2.210,   2.768,9999.000,9999.000,9999.000,9999.000,9999.000,9999.000,9999.000
202605160936,   2.225,   2.787,9999.000,9999.000,9999.000,9999.000,9999.000,9999.000,9999.000
202605160942,   2.239,   2.787,9999.000,9999.000,9999.000,9999.000,9999.000,9999.000,9999.000
202605160948,   2.250,   2.787,9999.000,9999.000,9999.000,9999.000,9999.000,9999.000,9999.000
202605160954,   2.260,   2.758,9999.000,9999.000,9999.000,9999.000,9999.000,9999.000,9999.000
202605161000,   2.269,   2.778,   0.600,  -0.091,   2.778,   0.600,   2.778,   0.800,   2.978
202605161006,   2.275,   2.758,9999.000,9999.000,9999.000,9999.000,9999.000,9999.000,9999.000
202605161012,   2.280,   2.768,9999.000,9999.000,9999.000,9999.000,9999.000,9999.000,9999.000
202605161018,   2.283,   2.778,9999.000,9999.000,9999.000,9999.000,9999.000,9999.000,9999.000
202605161024,   2.285,   2.679,9999.000,9999.000,9999.000,9999.000,9999.000,9999.000,9999.000
202605161030,   2.285,   2.768,9999.000,9999.000,9999.000,9999.000,9999.000,9999.000,9999.000
202605161036,   2.283,   2.778,9999.000,9999.000,9999.000,9999.000,9999.000,9999.000,9999.000
202605161042,   2.280,   2.728,9999.000,9999.000,9999.000,9999.000,9999.000,9999.000,9999.000
202605161048,   2.276,   2.768,9999.000,9999.000,9999.000,9999.000,9999.000,9999.000,9999.000
202605161054,   2.270,   2.748,9999.000,9999.000,9999.000,9999.000,9999.000,9999.000,9999.000
202605161100,   2.262,   2.640,   0.600,  -0.222,   2.640,   0.600,   2.640,   0.800,   2.840
202605161106,   2.253,   2.689,9999.000,9999.000,9999.000,9999.000,9999.000,9999.000,9999.000
202605161112,   2.243,   2.699,9999.000,9999.000,9999.000,9999.000,9999.000,9999.000,9999.000
202605161118,   2.232,   2.679,9999.000,9999.000,9999.000,9999.000,9999.000,9999.000,9999.000
202605161124,   2.220,   2.689,9999.000,9999.000,9999.000,9999.000,9999.000,9999.000,9999.000
202605161130,   2.207,   2.679,9999.000,9999.000,9999.000,9999.000,9999.000,9999.000,9999.000
202605161136,   2.192,   2.597,9999.000,9999.000,9999.000,9999.000,9999.000,9999.000,9999.000
202605161142,   2.177,   2.630,9999.000,9999.000,9999.000,9999.000,9999.000,9999.000,9999.000
202605161148,   2.162,   2.597,9999.000,9999.000,9999.000,9999.000,9999.000,9999.000,9999.000
202605161154,   2.146,   2.578,9999.000,9999.000,9999.000,9999.000,9999.000,9999.000,9999.000
202605161200,   2.129,   2.558,   0.600,  -0.171,   2.558,   0.500,   2.458,   0.700,   2.658
202605161206,   2.112,   2.558,9999.000,9999.000,9999.000,9999.000,9999.000,9999.000,9999.000
202605161212,   2.094,   2.578,9999.000,9999.000,9999.000,9999.000,9999.000,9999.000,9999.000
202605161218,   2.077,   2.578,9999.000,9999.000,9999.000,9999.000,9999.000,9999.000,9999.000
202605161224,   2.059,   2.578,9999.000,9999.000,9999.000,9999.000,9999.000,9999.000,9999.000
202605161230,   2.041,   2.620,9999.000,9999.000,9999.000,9999.000,9999.000,9999.000,9999.000
202605161236,   2.024,   2.597,9999.000,9999.000,9999.000,9999.000,9999.000,9999.000,9999.000
202605161242,   2.006,   2.348,9999.000,9999.000,9999.000,9999.000,9999.000,9999.000,9999.000
202605161248,   1.989,   2.430,9999.000,9999.000,9999.000,9999.000,9999.000,9999.000,9999.000
202605161254,   1.972,   2.450,9999.000,9999.000,9999.000,9999.000,9999.000,9999.000,9999.000
202605161300,   1.955,   2.519,   0.600,  -0.036,   2.519,   0.500,   2.419,   0.600,   2.519
202605161306,   1.939,   2.479,9999.000,9999.000,9999.000,9999.000,9999.000,9999.000,9999.000
202605161312,   1.923,   2.509,9999.000,9999.000,9999.000,9999.000,9999.000,9999.000,9999.000
202605161318,   1.908,   2.469,9999.000,9999.000,9999.000,9999.000,9999.000,9999.000,9999.000
202605161324,   1.893,   2.469,9999.000,9999.000,9999.000,9999.000,9999.000,9999.000,9999.000
202605161330,   1.878,   2.459,9999.000,9999.000,9999.000,9999.000,9999.000,9999.000,9999.000
202605161336,   1.864,   2.479,9999.000,9999.000,9999.000,9999.000,9999.000,9999.000,9999.000
202605161342,   1.851,   2.459,9999.000,9999.000,9999.000,9999.000,9999.000,9999.000,9999.000
202605161348,   1.838,   2.430,9999.000,9999.000,9999.000,9999.000,9999.000,9999.000,9999.000
202605161354,   1.825,   2.450,9999.000,9999.000,9999.000,9999.000,9999.000,9999.000,9999.000
202605161400,   1.813,   2.400,   0.600,  -0.013,   2.400,   0.500,   2.300,   0.600,   2.400
202605161406,   1.801,   2.400,9999.000,9999.000,9999.000,9999.000,9999.000,9999.000,9999.000
202605161412,   1.790,   2.440,9999.000,9999.000,9999.000,9999.000,9999.000,9999.000,9999.000
202605161418,   1.779,   2.420,9999.000,9999.000,9999.000,9999.000,9999.000,9999.000,9999.000
202605161424,   1.768,   2.400,9999.000,9999.000,9999.000,9999.000,9999.000,9999.000,9999.000
202605161430,   1.758,   2.400,9999.000,9999.000,9999.000,9999.000,9999.000,9999.000,9999.000
202605161436,   1.748,   2.358,9999.000,9999.000,9999.000,9999.000,9999.000,9999.000,9999.000
202605161442,   1.738,   2.318,9999.000,9999.000,9999.000,9999.000,9999.000,9999.000,9999.000
202605161448,   1.728,   2.328,9999.000,9999.000,9999.000,9999.000,9999.000,9999.000,9999.000
202605161454,   1.719,   2.299,9999.000,9999.000,9999.000,9999.000,9999.000,9999.000,9999.000
202605161500,   1.710,   2.279,   0.600,  -0.031,   2.279,   0.500,   2.179,   0.700,   2.379
202605161506,   1.701,   2.279,9999.000,9999.000,9999.000,9999.000,9999.000,9999.000,9999.000
202605161512,   1.692,   2.279,9999.000,9999.000,9999.000,9999.000,9999.000,9999.000,9999.000
202605161518,   1.684,   2.269,9999.000,9999.000,9999.000,9999.000,9999.000,9999.000,9999.000
202605161524,   1.675,   2.269,9999.000,9999.000,9999.000,9999.000,9999.000,9999.000,9999.000
202605161530,   1.667,   2.240,9999.000,9999.000,9999.000,9999.000,9999.000,9999.000,9999.000
202605161536,   1.660,   2.259,9999.000,9999.000,9999.000,9999.000,9999.000,9999.000,9999.000
202605161542,   1.652,   2.259,9999.000,9999.000,9999.000,9999.000,9999.000,9999.000,9999.000
202605161548,   1.645,   2.240,9999.000,9999.000,9999.000,9999.000,9999.000,9999.000,9999.000
202605161554,   1.638,   2.210,9999.000,9999.000,9999.000,9999.000,9999.000,9999.000,9999.000
202605161600,   1.631,   2.191,   0.600,  -0.040,   2.191,   0.600,   2.191,   0.700,   2.291
202605161606,   1.625,   2.220,9999.000,9999.000,9999.000,9999.000,9999.000,9999.000,9999.000
202605161612,   1.619,   2.191,9999.000,9999.000,9999.000,9999.000,9999.000,9999.000,9999.000
202605161618,   1.614,   2.128,9999.000,9999.000,9999.000,9999.000,9999.000,9999.000,9999.000
202605161624,   1.609,   2.168,9999.000,9999.000,9999.000,9999.000,9999.000,9999.000,9999.000
202605161630,   1.605,   2.168,9999.000,9999.000,9999.000,9999.000,9999.000,9999.000,9999.000
202605161636,   1.601,   2.168,9999.000,9999.000,9999.000,9999.000,9999.000,9999.000,9999.000
202605161642,   1.597,   2.158,9999.000,9999.000,9999.000,9999.000,9999.000,9999.000,9999.000
202605161648,   1.594,   2.191,9999.000,9999.000,9999.000,9999.000,9999.000,9999.000,9999.000
202605161654,   1.591,   2.210,9999.000,9999.000,9999.000,9999.000,9999.000,9999.000,9999.000
202605161700,   1.589,   2.177,   0.600,  -0.012,   2.177,   0.500,   2.077,   0.700,   2.277
202605161706,   1.588,   2.158,9999.000,9999.000,9999.000,9999.000,9999.000,9999.000,9999.000
202605161712,   1.587,   2.158,9999.000,9999.000,9999.000,9999.000,9999.000,9999.000,9999.000
202605161718,   1.586,   2.158,9999.000,9999.000,9999.000,9999.000,9999.000,9999.000,9999.000
202605161724,   1.586,   2.168,9999.000,9999.000,9999.000,9999.000,9999.000,9999.000,9999.000
202605161730,   1.587,   2.168,9999.000,9999.000,9999.000,9999.000,9999.000,9999.000,9999.000
202605161736,   1.587,   2.177,9999.000,9999.000,9999.000,9999.000,9999.000,9999.000,9999.000
202605161742,   1.588,   2.200,9999.000,9999.000,9999.000,9999.000,9999.000,9999.000,9999.000
202605161748,   1.590,   2.191,9999.000,9999.000,9999.000,9999.000,9999.000,9999.000,9999.000
202605161754,   1.591,   2.177,9999.000,9999.000,9999.000,9999.000,9999.000,9999.000,9999.000
202605161800,   1.593,   2.210,   0.700,  -0.083,   2.210,   0.600,   2.110,   0.700,   2.210
202605161806,   1.595,   2.220,9999.000,9999.000,9999.000,9999.000,9999.000,9999.000,9999.000
202605161812,   1.596,   2.269,9999.000,9999.000,9999.000,9999.000,9999.000,9999.000,9999.000
202605161818,   1.598,   2.177,9999.000,9999.000,9999.000,9999.000,9999.000,9999.000,9999.000
202605161824,   1.600,   2.210,9999.000,9999.000,9999.000,9999.000,9999.000,9999.000,9999.000
202605161830,   1.601,   2.250,9999.000,9999.000,9999.000,9999.000,9999.000,9999.000,9999.000
202605161836,   1.602,   2.250,9999.000,9999.000,9999.000,9999.000,9999.000,9999.000,9999.000
202605161842,   1.603,   2.250,9999.000,9999.000,9999.000,9999.000,9999.000,9999.000,9999.000
202605161848,   1.603,   2.259,9999.000,9999.000,9999.000,9999.000,9999.000,9999.000,9999.000
202605161854,   1.603,   2.259,9999.000,9999.000,9999.000,9999.000,9999.000,9999.000,9999.000
202605161900,   1.602,   2.309,   0.700,   0.007,   2.309,   0.600,   2.209,   0.800,   2.409
202605161906,   1.600,   2.309,9999.000,9999.000,9999.000,9999.000,9999.000,9999.000,9999.000
202605161912,   1.598,   2.328,9999.000,9999.000,9999.000,9999.000,9999.000,9999.000,9999.000
202605161918,   1.595,   2.269,9999.000,9999.000,9999.000,9999.000,9999.000,9999.000,9999.000
202605161924,   1.591,   2.279,9999.000,9999.000,9999.000,9999.000,9999.000,9999.000,9999.000
202605161930,   1.587,   2.289,9999.000,9999.000,9999.000,9999.000,9999.000,9999.000,9999.000
202605161936,   1.581,   2.289,9999.000,9999.000,9999.000,9999.000,9999.000,9999.000,9999.000
202605161942,   1.575,   2.299,9999.000,9999.000,9999.000,9999.000,9999.000,9999.000,9999.000
202605161948,   1.567,   2.269,9999.000,9999.000,9999.000,9999.000,9999.000,9999.000,9999.000
202605161954,   1.558,   2.279,9999.000,9999.000,9999.000,9999.000,9999.000,9999.000,9999.000
202605162000,   1.549,   2.279,   0.700,   0.030,   2.279,   0.600,   2.179,   0.800,   2.379
202605162006,   1.538,   2.230,9999.000,9999.000,9999.000,9999.000,9999.000,9999.000,9999.000
202605162012,   1.526,   2.210,9999.000,9999.000,9999.000,9999.000,9999.000,9999.000,9999.000
202605162018,   1.513,   2.191,9999.000,9999.000,9999.000,9999.000,9999.000,9999.000,9999.000
202605162024,   1.498,   2.220,9999.000,9999.000,9999.000,9999.000,9999.000,9999.000,9999.000
202605162030,   1.483,   2.177,9999.000,9999.000,9999.000,9999.000,9999.000,9999.000,9999.000
202605162036,   1.466,   2.191,9999.000,9999.000,9999.000,9999.000,9999.000,9999.000,9999.000
202605162042,   1.448,   2.177,9999.000,9999.000,9999.000,9999.000,9999.000,9999.000,9999.000
202605162048,   1.429,   2.128,9999.000,9999.000,9999.000,9999.000,9999.000,9999.000,9999.000
202605162054,   1.409,   2.069,9999.000,9999.000,9999.000,9999.000,9999.000,9999.000,9999.000
202605162100,   1.388,   2.079,   0.800,  -0.109,   2.079,   0.600,   1.879,   0.900,   2.179
202605162106,   1.365,   2.089,9999.000,9999.000,9999.000,9999.000,9999.000,9999.000,9999.000
202605162112,   1.341,   2.049,9999.000,9999.000,9999.000,9999.000,9999.000,9999.000,9999.000
202605162118,   1.316,   1.981,9999.000,9999.000,9999.000,9999.000,9999.000,9999.000,9999.000
202605162124,   1.289,   1.899,9999.000,9999.000,9999.000,9999.000,9999.000,9999.000,9999.000
202605162130,   1.261,   1.918,9999.000,9999.000,9999.000,9999.000,9999.000,9999.000,9999.000
202605162136,   1.232,   1.899,9999.000,9999.000,9999.000,9999.000,9999.000,9999.000,9999.000
202605162142,   1.202,   1.859,9999.000,9999.000,9999.000,9999.000,9999.000,9999.000,9999.000
202605162148,   1.171,   1.800,9999.000,9999.000,9999.000,9999.000,9999.000,9999.000,9999.000
202605162154,   1.138,   1.790,9999.000,9999.000,9999.000,9999.000,9999.000,9999.000,9999.000
202605162200,   1.104,   1.748,   0.800,  -0.156,   1.748,   0.600,   1.548,   0.900,   1.848
202605162206,   1.068,   1.748,9999.000,9999.000,9999.000,9999.000,9999.000,9999.000,9999.000
202605162212,   1.032,   1.679,9999.000,9999.000,9999.000,9999.000,9999.000,9999.000,9999.000
202605162218,   0.994,   1.630,9999.000,9999.000,9999.000,9999.000,9999.000,9999.000,9999.000
202605162224,   0.955,   1.548,9999.000,9999.000,9999.000,9999.000,9999.000,9999.000,9999.000
202605162230,   0.915,   1.518,9999.000,9999.000,9999.000,9999.000,9999.000,9999.000,9999.000
202605162236,   0.874,   1.439,9999.000,9999.000,9999.000,9999.000,9999.000,9999.000,9999.000
202605162242,   0.832,   1.390,9999.000,9999.000,9999.000,9999.000,9999.000,9999.000,9999.000
202605162248,   0.789,   1.361,9999.000,9999.000,9999.000,9999.000,9999.000,9999.000,9999.000
202605162254,   0.744,   1.338,9999.000,9999.000,9999.000,9999.000,9999.000,9999.000,9999.000
202605162300,   0.700,   1.308,   0.900,  -0.292,   1.308,   0.700,   1.108,   1.000,   1.408
202605162306,   0.654,   1.259,9999.000,9999.000,9999.000,9999.000,9999.000,9999.000,9999.000
202605162312,   0.607,   1.200,9999.000,9999.000,9999.000,9999.000,9999.000,9999.000,9999.000
202605162318,   0.560,   1.138,9999.000,9999.000,9999.000,9999.000,9999.000,9999.000,9999.000
202605162324,   0.513,   1.059,9999.000,9999.000,9999.000,9999.000,9999.000,9999.000,9999.000
202605162330,   0.465,   1.010,9999.000,9999.000,9999.000,9999.000,9999.000,9999.000,9999.000
202605162336,   0.417,   0.980,9999.000,9999.000,9999.000,9999.000,9999.000,9999.000,9999.000
202605162342,   0.368,   0.908,9999.000,9999.000,9999.000,9999.000,9999.000,9999.000,9999.000
202605162348,   0.320,   0.849,9999.000,9999.000,9999.000,9999.000,9999.000,9999.000,9999.000
202605162354,   0.272,   0.780,9999.000,9999.000,9999.000,9999.000,9999.000,9999.000,9999.000
202605170000,   0.224,   0.780,   0.900,  -0.344,   0.780,   0.700,   0.580,   1.000,   0.880
202605170006,   0.176,9999.000,9999.000,9999.000,9999.000,9999.000,9999.000,9999.000,9999.000
202605170012,   0.129,9999.000,9999.000,9999.000,9999.000,9999.000,9999.000,9999.000,9999.000
202605170018,   0.083,9999.000,9999.000,9999.000,9999.000,9999.000,9999.000,9999.000,9999.000
202605170024,   0.037,9999.000,9999.000,9999.000,9999.000,9999.000,9999.000,9999.000,9999.000
202605170030,  -0.006,9999.000,9999.000,9999.000,9999.000,9999.000,9999.000,9999.000,9999.000
202605170036,  -0.050,9999.000,9999.000,9999.000,9999.000,9999.000,9999.000,9999.000,9999.000
202605170042,  -0.092,9999.000,9999.000,9999.000,9999.000,9999.000,9999.000,9999.000,9999.000
202605170048,  -0.133,9999.000,9999.000,9999.000,9999.000,9999.000,9999.000,9999.000,9999.000
202605170054,  -0.173,9999.000,9999.000,9999.000,9999.000,9999.000,9999.000,9999.000,9999.000
202605170100,  -0.211,9999.000,   0.900,  -0.313,   0.376,   0.800,   0.276,   1.000,   0.476
202605170106,  -0.247,9999.000,9999.000,9999.000,9999.000,9999.000,9999.000,9999.000,9999.000
202605170112,  -0.282,9999.000,9999.000,9999.000,9999.000,9999.000,9999.000,9999.000,9999.000
202605170118,  -0.315,9999.000,9999.000,9999.000,9999.000,9999.000,9999.000,9999.000,9999.000
202605170124,  -0.346,9999.000,9999.000,9999.000,9999.000,9999.000,9999.000,9999.000,9999.000
202605170130,  -0.376,9999.000,9999.000,9999.000,9999.000,9999.000,9999.000,9999.000,9999.000
202605170136,  -0.403,9999.000,9999.000,9999.000,9999.000,9999.000,9999.000,9999.000,9999.000
202605170142,  -0.428,9999.000,9999.000,9999.000,9999.000,9999.000,9999.000,9999.000,9999.000
202605170148,  -0.451,9999.000,9999.000,9999.000,9999.000,9999.000,9999.000,9999.000,9999.000
202605170154,  -0.472,9999.000,9999.000,9999.000,9999.000,9999.000,9999.000,9999.000,9999.000
202605170200,  -0.491,9999.000,   0.900,  -0.283,   0.126,   0.900,   0.126,   1.000,   0.226
202605170206,  -0.508,9999.000,9999.000,9999.000,9999.000,9999.000,9999.000,9999.000,9999.000
202605170212,  -0.523,9999.000,9999.000,9999.000,9999.000,9999.000,9999.000,9999.000,9999.000
202605170218,  -0.536,9999.000,9999.000,9999.000,9999.000,9999.000,9999.000,9999.000,9999.000
202605170224,  -0.546,9999.000,9999.000,9999.000,9999.000,9999.000,9999.000,9999.000,9999.000
202605170230,  -0.555,9999.000,9999.000,9999.000,9999.000,9999.000,9999.000,9999.000,9999.000
202605170236,  -0.561,9999.000,9999.000,9999.000,9999.000,9999.000,9999.000,9999.000,9999.000
202605170242,  -0.565,9999.000,9999.000,9999.000,9999.000,9999.000,9999.000,9999.000,9999.000
202605170248,  -0.568,9999.000,9999.000,9999.000,9999.000,9999.000,9999.000,9999.000,9999.000
202605170254,  -0.568,9999.000,9999.000,9999.000,9999.000,9999.000,9999.000,9999.000,9999.000
202605170300,  -0.566,9999.000,   1.000,  -0.252,   0.182,   0.900,   0.082,   1.100,   0.282
202605170306,  -0.563,9999.000,9999.000,9999.000,9999.000,9999.000,9999.000,9999.000,9999.000
202605170312,  -0.557,9999.000,9999.000,9999.000,9999.000,9999.000,9999.000,9999.000,9999.000
202605170318,  -0.550,9999.000,9999.000,9999.000,9999.000,9999.000,9999.000,9999.000,9999.000
202605170324,  -0.540,9999.000,9999.000,9999.000,9999.000,9999.000,9999.000,9999.000,9999.000
202605170330,  -0.529,9999.000,9999.000,9999.000,9999.000,9999.000,9999.000,9999.000,9999.000
202605170336,  -0.516,9999.000,9999.000,9999.000,9999.000,9999.000,9999.000,9999.000,9999.000
202605170342,  -0.501,9999.000,9999.000,9999.000,9999.000,9999.000,9999.000,9999.000,9999.000
202605170348,  -0.484,9999.000,9999.000,9999.000,9999.000,9999.000,9999.000,9999.000,9999.000
202605170354,  -0.465,9999.000,9999.000,9999.000,9999.000,9999.000,9999.000,9999.000,9999.000
202605170400,  -0.445,9999.000,   1.000,  -0.222,   0.333,   0.900,   0.233,   1.100,   0.433
202605170406,  -0.422,9999.000,9999.000,9999.000,9999.000,9999.000,9999.000,9999.000,9999.000
202605170412,  -0.398,9999.000,9999.000,9999.000,9999.000,9999.000,9999.000,9999.000,9999.000
202605170418,  -0.372,9999.000,9999.000,9999.000,9999.000,9999.000,9999.000,9999.000,9999.000
202605170424,  -0.345,9999.000,9999.000,9999.000,9999.000,9999.000,9999.000,9999.000,9999.000
202605170430,  -0.315,9999.000,9999.000,9999.000,9999.000,9999.000,9999.000,9999.000,9999.000
202605170436,  -0.284,9999.000,9999.000,9999.000,9999.000,9999.000,9999.000,9999.000,9999.000
202605170442,  -0.251,9999.000,9999.000,9999.000,9999.000,9999.000,9999.000,9999.000,9999.000
202605170448,  -0.216,9999.000,9999.000,9999.000,9999.000,9999.000,9999.000,9999.000,9999.000
202605170454,  -0.179,9999.000,9999.000,9999.000,9999.000,9999.000,9999.000,9999.000,9999.000
202605170500,  -0.141,9999.000,   1.000,  -0.191,   0.668,   0.900,   0.568,   1.200,   0.868
202605170506,  -0.101,9999.000,9999.000,9999.000,9999.000,9999.000,9999.000,9999.000,9999.000
202605170512,  -0.060,9999.000,9999.000,9999.000,9999.000,9999.000,9999.000,9999.000,9999.000
202605170518,  -0.017,9999.000,9999.000,9999.000,9999.000,9999.000,9999.000,9999.000,9999.000
202605170524,   0.027,9999.000,9999.000,9999.000,9999.000,9999.000,9999.000,9999.000,9999.000
202605170530,   0.073,9999.000,9999.000,9999.000,9999.000,9999.000,9999.000,9999.000,9999.000
202605170536,   0.121,9999.000,9999.000,9999.000,9999.000,9999.000,9999.000,9999.000,9999.000
202605170542,   0.169,9999.000,9999.000,9999.000,9999.000,9999.000,9999.000,9999.000,9999.000
202605170548,   0.220,9999.000,9999.000,9999.000,9999.000,9999.000,9999.000,9999.000,9999.000
202605170554,   0.271,9999.000,9999.000,9999.000,9999.000,9999.000,9999.000,9999.000,9999.000
202605170600,   0.323,9999.000,   1.100,  -0.161,   1.262,   0.900,   1.062,   1.200,   1.362
202605170606,   0.377,9999.000,9999.000,9999.000,9999.000,9999.000,9999.000,9999.000,9999.000
202605170612,   0.431,9999.000,9999.000,9999.000,9999.000,9999.000,9999.000,9999.000,9999.000
202605170618,   0.486,9999.000,9999.000,9999.000,9999.000,9999.000,9999.000,9999.000,9999.000
202605170624,   0.542,9999.000,9999.000,9999.000,9999.000,9999.000,9999.000,9999.000,9999.000
202605170630,   0.598,9999.000,9999.000,9999.000,9999.000,9999.000,9999.000,9999.000,9999.000
202605170636,   0.655,9999.000,9999.000,9999.000,9999.000,9999.000,9999.000,9999.000,9999.000
202605170642,   0.712,9999.000,9999.000,9999.000,9999.000,9999.000,9999.000,9999.000,9999.000
202605170648,   0.769,9999.000,9999.000,9999.000,9999.000,9999.000,9999.000,9999.000,9999.000
202605170654,   0.827,9999.000,9999.000,9999.000,9999.000,9999.000,9999.000,9999.000,9999.000
202605170700,   0.884,9999.000,   1.100,  -0.130,   1.854,   1.000,   1.754,   1.200,   1.954
202605170706,   0.942,9999.000,9999.000,9999.000,9999.000,9999.000,9999.000,9999.000,9999.000
202605170712,   0.999,9999.000,9999.000,9999.000,9999.000,9999.000,9999.000,9999.000,9999.000
202605170718,   1.056,9999.000,9999.000,9999.000,9999.000,9999.000,9999.000,9999.000,9999.000
202605170724,   1.113,9999.000,9999.000,9999.000,9999.000,9999.000,9999.000,9999.000,9999.000
202605170730,   1.169,9999.000,9999.000,9999.000,9999.000,9999.000,9999.000,9999.000,9999.000
202605170736,   1.224,9999.000,9999.000,9999.000,9999.000,9999.000,9999.000,9999.000,9999.000
202605170742,   1.279,9999.000,9999.000,9999.000,9999.000,9999.000,9999.000,9999.000,9999.000
202605170748,   1.333,9999.000,9999.000,9999.000,9999.000,9999.000,9999.000,9999.000,9999.000
202605170754,   1.387,9999.000,9999.000,9999.000,9999.000,9999.000,9999.000,9999.000,9999.000
202605170800,   1.439,9999.000,   1.100,  -0.099,   2.440,   1.000,   2.340,   1.300,   2.640
202605170806,   1.490,9999.000,9999.000,9999.000,9999.000,9999.000,9999.000,9999.000,9999.000
202605170812,   1.541,9999.000,9999.000,9999.000,9999.000,9999.000,9999.000,9999.000,9999.000
202605170818,   1.590,9999.000,9999.000,9999.000,9999.000,9999.000,9999.000,9999.000,9999.000
202605170824,   1.638,9999.000,9999.000,9999.000,9999.000,9999.000,9999.000,9999.000,9999.000
202605170830,   1.685,9999.000,9999.000,9999.000,9999.000,9999.000,9999.000,9999.000,9999.000
202605170836,   1.731,9999.000,9999.000,9999.000,9999.000,9999.000,9999.000,9999.000,9999.000
202605170842,   1.775,9999.000,9999.000,9999.000,9999.000,9999.000,9999.000,9999.000,9999.000
202605170848,   1.818,9999.000,9999.000,9999.000,9999.000,9999.000,9999.000,9999.000,9999.000
202605170854,   1.860,9999.000,9999.000,9999.000,9999.000,9999.000,9999.000,9999.000,9999.000
202605170900,   1.900,9999.000,   1.100,  -0.069,   2.931,   1.000,   2.831,   1.200,   3.031
202605170906,   1.939,9999.000,9999.000,9999.000,9999.000,9999.000,9999.000,9999.000,9999.000
202605170912,   1.976,9999.000,9999.000,9999.000,9999.000,9999.000,9999.000,9999.000,9999.000
202605170918,   2.012,9999.000,9999.000,9999.000,9999.000,9999.000,9999.000,9999.000,9999.000
202605170924,   2.046,9999.000,9999.000,9999.000,9999.000,9999.000,9999.000,9999.000,9999.000
202605170930,   2.079,9999.000,9999.000,9999.000,9999.000,9999.000,9999.000,9999.000,9999.000
202605170936,   2.110,9999.000,9999.000,9999.000,9999.000,9999.000,9999.000,9999.000,9999.000
202605170942,   2.139,9999.000,9999.000,9999.000,9999.000,9999.000,9999.000,9999.000,9999.000
202605170948,   2.167,9999.000,9999.000,9999.000,9999.000,9999.000,9999.000,9999.000,9999.000
202605170954,   2.193,9999.000,9999.000,9999.000,9999.000,9999.000,9999.000,9999.000,9999.000
202605171000,   2.217,9999.000,   1.100,  -0.038,   3.279,   1.000,   3.179,   1.200,   3.379
202605171006,   2.240,9999.000,9999.000,9999.000,9999.000,9999.000,9999.000,9999.000,9999.000
202605171012,   2.261,9999.000,9999.000,9999.000,9999.000,9999.000,9999.000,9999.000,9999.000
202605171018,   2.280,9999.000,9999.000,9999.000,9999.000,9999.000,9999.000,9999.000,9999.000
202605171024,   2.297,9999.000,9999.000,9999.000,9999.000,9999.000,9999.000,9999.000,9999.000
202605171030,   2.312,9999.000,9999.000,9999.000,9999.000,9999.000,9999.000,9999.000,9999.000
202605171036,   2.326,9999.000,9999.000,9999.000,9999.000,9999.000,9999.000,9999.000,9999.000
202605171042,   2.338,9999.000,9999.000,9999.000,9999.000,9999.000,9999.000,9999.000,9999.000
202605171048,   2.348,9999.000,9999.000,9999.000,9999.000,9999.000,9999.000,9999.000,9999.000
202605171054,   2.356,9999.000,9999.000,9999.000,9999.000,9999.000,9999.000,9999.000,9999.000
202605171100,   2.363,9999.000,   1.100,  -0.008,   3.455,   1.000,   3.355,   1.200,   3.555
202605171106,   2.368,9999.000,9999.000,9999.000,9999.000,9999.000,9999.000,9999.000,9999.000
202605171112,   2.371,9999.000,9999.000,9999.000,9999.000,9999.000,9999.000,9999.000,9999.000
202605171118,   2.372,9999.000,9999.000,9999.000,9999.000,9999.000,9999.000,9999.000,9999.000
202605171124,   2.372,9999.000,9999.000,9999.000,9999.000,9999.000,9999.000,9999.000,9999.000
202605171130,   2.371,9999.000,9999.000,9999.000,9999.000,9999.000,9999.000,9999.000,9999.000
202605171136,   2.368,9999.000,9999.000,9999.000,9999.000,9999.000,9999.000,9999.000,9999.000
202605171142,   2.363,9999.000,9999.000,9999.000,9999.000,9999.000,9999.000,9999.000,9999.000
202605171148,   2.357,9999.000,9999.000,9999.000,9999.000,9999.000,9999.000,9999.000,9999.000
202605171154,   2.350,9999.000,9999.000,9999.000,9999.000,9999.000,9999.000,9999.000,9999.000
202605171200,   2.342,9999.000,   1.100,   0.023,   3.465,   1.000,   3.365,   1.200,   3.565
202605171206,   2.332,9999.000,9999.000,9999.000,9999.000,9999.000,9999.000,9999.000,9999.000
202605171212,   2.322,9999.000,9999.000,9999.000,9999.000,9999.000,9999.000,9999.000,9999.000
202605171218,   2.310,9999.000,9999.000,9999.000,9999.000,9999.000,9999.000,9999.000,9999.000
202605171224,   2.298,9999.000,9999.000,9999.000,9999.000,9999.000,9999.000,9999.000,9999.000
202605171230,   2.285,9999.000,9999.000,9999.000,9999.000,9999.000,9999.000,9999.000,9999.000
202605171236,   2.272,9999.000,9999.000,9999.000,9999.000,9999.000,9999.000,9999.000,9999.000
202605171242,   2.258,9999.000,9999.000,9999.000,9999.000,9999.000,9999.000,9999.000,9999.000
202605171248,   2.243,9999.000,9999.000,9999.000,9999.000,9999.000,9999.000,9999.000,9999.000
202605171254,   2.228,9999.000,9999.000,9999.000,9999.000,9999.000,9999.000,9999.000,9999.000
202605171300,   2.213,9999.000,   1.100,   0.023,   3.336,   1.000,   3.236,   1.200,   3.436
202605171306,   2.198,9999.000,9999.000,9999.000,9999.000,9999.000,9999.000,9999.000,9999.000
202605171312,   2.182,9999.000,9999.000,9999.000,9999.000,9999.000,9999.000,9999.000,9999.000
202605171318,   2.166,9999.000,9999.000,9999.000,9999.000,9999.000,9999.000,9999.000,9999.000
202605171324,   2.151,9999.000,9999.000,9999.000,9999.000,9999.000,9999.000,9999.000,9999.000
202605171330,   2.135,9999.000,9999.000,9999.000,9999.000,9999.000,9999.000,9999.000,9999.000
202605171336,   2.120,9999.000,9999.000,9999.000,9999.000,9999.000,9999.000,9999.000,9999.000
202605171342,   2.105,9999.000,9999.000,9999.000,9999.000,9999.000,9999.000,9999.000,9999.000
202605171348,   2.090,9999.000,9999.000,9999.000,9999.000,9999.000,9999.000,9999.000,9999.000
202605171354,   2.075,9999.000,9999.000,9999.000,9999.000,9999.000,9999.000,9999.000,9999.000
202605171400,   2.061,9999.000,   1.000,   0.023,   3.084,   0.900,   2.984,   1.100,   3.184
202605171406,   2.047,9999.000,9999.000,9999.000,9999.000,9999.000,9999.000,9999.000,9999.000
202605171412,   2.033,9999.000,9999.000,9999.000,9999.000,9999.000,9999.000,9999.000,9999.000
202605171418,   2.019,9999.000,9999.000,9999.000,9999.000,9999.000,9999.000,9999.000,9999.000
202605171424,   2.006,9999.000,9999.000,9999.000,9999.000,9999.000,9999.000,9999.000,9999.000
202605171430,   1.993,9999.000,9999.000,9999.000,9999.000,9999.000,9999.000,9999.000,9999.000
202605171436,   1.980,9999.000,9999.000,9999.000,9999.000,9999.000,9999.000,9999.000,9999.000
202605171442,   1.967,9999.000,9999.000,9999.000,9999.000,9999.000,9999.000,9999.000,9999.000
202605171448,   1.955,9999.000,9999.000,9999.000,9999.000,9999.000,9999.000,9999.000,9999.000
202605171454,   1.943,9999.000,9999.000,9999.000,9999.000,9999.000,9999.000,9999.000,9999.000
202605171500,   1.932,9999.000,   1.000,   0.023,   2.955,   0.900,   2.855,   1.100,   3.055
202605171506,   1.920,9999.000,9999.000,9999.000,9999.000,9999.000,9999.000,9999.000,9999.000
202605171512,   1.909,9999.000,9999.000,9999.000,9999.000,9999.000,9999.000,9999.000,9999.000
202605171518,   1.898,9999.000,9999.000,9999.000,9999.000,9999.000,9999.000,9999.000,9999.000
202605171524,   1.887,9999.000,9999.000,9999.000,9999.000,9999.000,9999.000,9999.000,9999.000
202605171530,   1.876,9999.000,9999.000,9999.000,9999.000,9999.000,9999.000,9999.000,9999.000
202605171536,   1.866,9999.000,9999.000,9999.000,9999.000,9999.000,9999.000,9999.000,9999.000
202605171542,   1.855,9999.000,9999.000,9999.000,9999.000,9999.000,9999.000,9999.000,9999.000
202605171548,   1.845,9999.000,9999.000,9999.000,9999.000,9999.000,9999.000,9999.000,9999.000
202605171554,   1.835,9999.000,9999.000,9999.000,9999.000,9999.000,9999.000,9999.000,9999.000
202605171600,   1.825,9999.000,   1.000,   0.023,   2.848,   0.900,   2.748,   1.100,   2.948
202605171606,   1.816,9999.000,9999.000,9999.000,9999.000,9999.000,9999.000,9999.000,9999.000
202605171612,   1.807,9999.000,9999.000,9999.000,9999.000,9999.000,9999.000,9999.000,9999.000
202605171618,   1.797,9999.000,9999.000,9999.000,9999.000,9999.000,9999.000,9999.000,9999.000
202605171624,   1.789,9999.000,9999.000,9999.000,9999.000,9999.000,9999.000,9999.000,9999.000
202605171630,   1.780,9999.000,9999.000,9999.000,9999.000,9999.000,9999.000,9999.000,9999.000
202605171636,   1.772,9999.000,9999.000,9999.000,9999.000,9999.000,9999.000,9999.000,9999.000
202605171642,   1.764,9999.000,9999.000,9999.000,9999.000,9999.000,9999.000,9999.000,9999.000
202605171648,   1.757,9999.000,9999.000,9999.000,9999.000,9999.000,9999.000,9999.000,9999.000
202605171654,   1.750,9999.000,9999.000,9999.000,9999.000,9999.000,9999.000,9999.000,9999.000
202605171700,   1.743,9999.000,   1.000,   0.023,   2.766,   0.900,   2.666,   1.100,   2.866
202605171706,   1.737,9999.000,9999.000,9999.000,9999.000,9999.000,9999.000,9999.000,9999.000
202605171712,   1.731,9999.000,9999.000,9999.000,9999.000,9999.000,9999.000,9999.000,9999.000
202605171718,   1.725,9999.000,9999.000,9999.000,9999.000,9999.000,9999.000,9999.000,9999.000
202605171724,   1.720,9999.000,9999.000,9999.000,9999.000,9999.000,9999.000,9999.000,9999.000
202605171730,   1.716,9999.000,9999.000,9999.000,9999.000,9999.000,9999.000,9999.000,9999.000
202605171736,   1.712,9999.000,9999.000,9999.000,9999.000,9999.000,9999.000,9999.000,9999.000
202605171742,   1.708,9999.000,9999.000,9999.000,9999.000,9999.000,9999.000,9999.000,9999.000
202605171748,   1.705,9999.000,9999.000,9999.000,9999.000,9999.000,9999.000,9999.000,9999.000
202605171754,   1.703,9999.000,9999.000,9999.000,9999.000,9999.000,9999.000,9999.000,9999.000
202605171800,   1.700,9999.000,   1.000,   0.023,   2.723,   0.900,   2.623,   1.100,   2.823
202605171806,   1.698,9999.000,9999.000,9999.000,9999.000,9999.000,9999.000,9999.000,9999.000
202605171812,   1.697,9999.000,9999.000,9999.000,9999.000,9999.000,9999.000,9999.000,9999.000
202605171818,   1.696,9999.000,9999.000,9999.000,9999.000,9999.000,9999.000,9999.000,9999.000
202605171824,   1.695,9999.000,9999.000,9999.000,9999.000,9999.000,9999.000,9999.000,9999.000
202605171830,   1.694,9999.000,9999.000,9999.000,9999.000,9999.000,9999.000,9999.000,9999.000
202605171836,   1.693,9999.000,9999.000,9999.000,9999.000,9999.000,9999.000,9999.000,9999.000
202605171842,   1.693,9999.000,9999.000,9999.000,9999.000,9999.000,9999.000,9999.000,9999.000
202605171848,   1.692,9999.000,9999.000,9999.000,9999.000,9999.000,9999.000,9999.000,9999.000
202605171854,   1.692,9999.000,9999.000,9999.000,9999.000,9999.000,9999.000,9999.000,9999.000
202605171900,   1.691,9999.000,   1.000,   0.023,   2.714,   0.900,   2.614,   1.100,   2.814
202605171906,   1.691,9999.000,9999.000,9999.000,9999.000,9999.000,9999.000,9999.000,9999.000
202605171912,   1.690,9999.000,9999.000,9999.000,9999.000,9999.000,9999.000,9999.000,9999.000
202605171918,   1.689,9999.000,9999.000,9999.000,9999.000,9999.000,9999.000,9999.000,9999.000
202605171924,   1.687,9999.000,9999.000,9999.000,9999.000,9999.000,9999.000,9999.000,9999.000
202605171930,   1.685,9999.000,9999.000,9999.000,9999.000,9999.000,9999.000,9999.000,9999.000
202605171936,   1.683,9999.000,9999.000,9999.000,9999.000,9999.000,9999.000,9999.000,9999.000
202605171942,   1.680,9999.000,9999.000,9999.000,9999.000,9999.000,9999.000,9999.000,9999.000
202605171948,   1.676,9999.000,9999.000,9999.000,9999.000,9999.000,9999.000,9999.000,9999.000
202605171954,   1.672,9999.000,9999.000,9999.000,9999.000,9999.000,9999.000,9999.000,9999.000
202605172000,   1.667,9999.000,   1.000,   0.023,   2.690,   1.000,   2.690,   1.200,   2.890
202605172006,   1.661,9999.000,9999.000,9999.000,9999.000,9999.000,9999.000,9999.000,9999.000
202605172012,   1.655,9999.000,9999.000,9999.000,9999.000,9999.000,9999.000,9999.000,9999.000
202605172018,   1.647,9999.000,9999.000,9999.000,9999.000,9999.000,9999.000,9999.000,9999.000
202605172024,   1.639,9999.000,9999.000,9999.000,9999.000,9999.000,9999.000,9999.000,9999.000
202605172030,   1.630,9999.000,9999.000,9999.000,9999.000,9999.000,9999.000,9999.000,9999.000
202605172036,   1.619,9999.000,9999.000,9999.000,9999.000,9999.000,9999.000,9999.000,9999.000
202605172042,   1.608,9999.000,9999.000,9999.000,9999.000,9999.000,9999.000,9999.000,9999.000
202605172048,   1.595,9999.000,9999.000,9999.000,9999.000,9999.000,9999.000,9999.000,9999.000
202605172054,   1.582,9999.000,9999.000,9999.000,9999.000,9999.000,9999.000,9999.000,9999.000
202605172100,   1.567,9999.000,   1.100,   0.023,   2.690,   1.000,   2.590,   1.200,   2.790
202605172106,   1.551,9999.000,9999.000,9999.000,9999.000,9999.000,9999.000,9999.000,9999.000
202605172112,   1.534,9999.000,9999.000,9999.000,9999.000,9999.000,9999.000,9999.000,9999.000
202605172118,   1.515,9999.000,9999.000,9999.000,9999.000,9999.000,9999.000,9999.000,9999.000
202605172124,   1.496,9999.000,9999.000,9999.000,9999.000,9999.000,9999.000,9999.000,9999.000
202605172130,   1.475,9999.000,9999.000,9999.000,9999.000,9999.000,9999.000,9999.000,9999.000
202605172136,   1.453,9999.000,9999.000,9999.000,9999.000,9999.000,9999.000,9999.000,9999.000
202605172142,   1.429,9999.000,9999.000,9999.000,9999.000,9999.000,9999.000,9999.000,9999.000
202605172148,   1.404,9999.000,9999.000,9999.000,9999.000,9999.000,9999.000,9999.000,9999.000
202605172154,   1.378,9999.000,9999.000,9999.000,9999.000,9999.000,9999.000,9999.000,9999.000
202605172200,   1.351,9999.000,   1.100,   0.023,   2.474,   1.000,   2.374,   1.200,   2.574
202605172206,   1.322,9999.000,9999.000,9999.000,9999.000,9999.000,9999.000,9999.000,9999.000
202605172212,   1.292,9999.000,9999.000,9999.000,9999.000,9999.000,9999.000,9999.000,9999.000
202605172218,   1.261,9999.000,9999.000,9999.000,9999.000,9999.000,9999.000,9999.000,9999.000
202605172224,   1.228,9999.000,9999.000,9999.000,9999.000,9999.000,9999.000,9999.000,9999.000
202605172230,   1.194,9999.000,9999.000,9999.000,9999.000,9999.000,9999.000,9999.000,9999.000
202605172236,   1.159,9999.000,9999.000,9999.000,9999.000,9999.000,9999.000,9999.000,9999.000
202605172242,   1.122,9999.000,9999.000,9999.000,9999.000,9999.000,9999.000,9999.000,9999.000
202605172248,   1.084,9999.000,9999.000,9999.000,9999.000,9999.000,9999.000,9999.000,9999.000
202605172254,   1.045,9999.000,9999.000,9999.000,9999.000,9999.000,9999.000,9999.000,9999.000
202605172300,   1.004,9999.000,   1.200,   0.023,   2.227,   1.000,   2.027,   1.300,   2.327
202605172306,   0.963,9999.000,9999.000,9999.000,9999.000,9999.000,9999.000,9999.000,9999.000
202605172312,   0.920,9999.000,9999.000,9999.000,9999.000,9999.000,9999.000,9999.000,9999.000
202605172318,   0.876,9999.000,9999.000,9999.000,9999.000,9999.000,9999.000,9999.000,9999.000
202605172324,   0.832,9999.000,9999.000,9999.000,9999.000,9999.000,9999.000,9999.000,9999.000
202605172330,   0.786,9999.000,9999.000,9999.000,9999.000,9999.000,9999.000,9999.000,9999.000
202605172336,   0.739,9999.000,9999.000,9999.000,9999.000,9999.000,9999.000,9999.000,9999.000
202605172342,   0.692,9999.000,9999.000,9999.000,9999.000,9999.000,9999.000,9999.000,9999.000
202605172348,   0.644,9999.000,9999.000,9999.000,9999.000,9999.000,9999.000,9999.000,9999.000
202605172354,   0.595,9999.000,9999.000,9999.000,9999.000,9999.000,9999.000,9999.000,9999.000
202605180000,   0.546,9999.000,   1.200,   0.023,   1.769,   1.100,   1.669,   1.300,   1.869
202605180006,   0.496,9999.000,9999.000,9999.000,9999.000,9999.000,9999.000,9999.000,9999.000
202605180012,   0.446,9999.000,9999.000,9999.000,9999.000,9999.000,9999.000,9999.000,9999.000
202605180018,   0.396,9999.000,9999.000,9999.000,9999.000,9999.000,9999.000,9999.000,9999.000
202605180024,   0.345,9999.000,9999.000,9999.000,9999.000,9999.000,9999.000,9999.000,9999.000
202605180030,   0.295,9999.000,9999.000,9999.000,9999.000,9999.000,9999.000,9999.000,9999.000
202605180036,   0.245,9999.000,9999.000,9999.000,9999.000,9999.000,9999.000,9999.000,9999.000
202605180042,   0.195,9999.000,9999.000,9999.000,9999.000,9999.000,9999.000,9999.000,9999.000
202605180048,   0.146,9999.000,9999.000,9999.000,9999.000,9999.000,9999.000,9999.000,9999.000
202605180054,   0.097,9999.000,9999.000,9999.000,9999.000,9999.000,9999.000,9999.000,9999.000
202605180100,   0.049,9999.000,   1.200,   0.023,   1.272,   1.100,   1.172,   1.300,   1.372
202605180106,   0.001,9999.000,9999.000,9999.000,9999.000,9999.000,9999.000,9999.000,9999.000
202605180112,  -0.045,9999.000,9999.000,9999.000,9999.000,9999.000,9999.000,9999.000,9999.000
202605180118,  -0.090,9999.000,9999.000,9999.000,9999.000,9999.000,9999.000,9999.000,9999.000
202605180124,  -0.135,9999.000,9999.000,9999.000,9999.000,9999.000,9999.000,9999.000,9999.000
202605180130,  -0.178,9999.000,9999.000,9999.000,9999.000,9999.000,9999.000,9999.000,9999.000
202605180136,  -0.220,9999.000,9999.000,9999.000,9999.000,9999.000,9999.000,9999.000,9999.000
202605180142,  -0.260,9999.000,9999.000,9999.000,9999.000,9999.000,9999.000,9999.000,9999.000
202605180148,  -0.299,9999.000,9999.000,9999.000,9999.000,9999.000,9999.000,9999.000,9999.000
202605180154,  -0.336,9999.000,9999.000,9999.000,9999.000,9999.000,9999.000,9999.000,9999.000
202605180200,  -0.372,9999.000,   1.200,   0.023,   0.851,   1.100,   0.751,   1.300,   0.951
202605180206,  -0.406,9999.000,9999.000,9999.000,9999.000,9999.000,9999.000,9999.000,9999.000
202605180212,  -0.438,9999.000,9999.000,9999.000,9999.000,9999.000,9999.000,9999.000,9999.000
202605180218,  -0.468,9999.000,9999.000,9999.000,9999.000,9999.000,9999.000,9999.000,9999.000
202605180224,  -0.497,9999.000,9999.000,9999.000,9999.000,9999.000,9999.000,9999.000,9999.000
202605180230,  -0.523,9999.000,9999.000,9999.000,9999.000,9999.000,9999.000,9999.000,9999.000
202605180236,  -0.547,9999.000,9999.000,9999.000,9999.000,9999.000,9999.000,9999.000,9999.000
202605180242,  -0.569,9999.000,9999.000,9999.000,9999.000,9999.000,9999.000,9999.000,9999.000
202605180248,  -0.589,9999.000,9999.000,9999.000,9999.000,9999.000,9999.000,9999.000,9999.000
202605180254,  -0.607,9999.000,9999.000,9999.000,9999.000,9999.000,9999.000,9999.000,9999.000
202605180300,  -0.623,9999.000,   1.200,   0.023,   0.600,   1.000,   0.400,   1.300,   0.700
202605180306,  -0.637,9999.000,9999.000,9999.000,9999.000,9999.000,9999.000,9999.000,9999.000
202605180312,  -0.649,9999.000,9999.000,9999.000,9999.000,9999.000,9999.000,9999.000,9999.000
202605180318,  -0.659,9999.000,9999.000,9999.000,9999.000,9999.000,9999.000,9999.000,9999.000
202605180324,  -0.666,9999.000,9999.000,9999.000,9999.000,9999.000,9999.000,9999.000,9999.000
202605180330,  -0.671,9999.000,9999.000,9999.000,9999.000,9999.000,9999.000,9999.000,9999.000
202605180336,  -0.675,9999.000,9999.000,9999.000,9999.000,9999.000,9999.000,9999.000,9999.000
202605180342,  -0.676,9999.000,9999.000,9999.000,9999.000,9999.000,9999.000,9999.000,9999.000
202605180348,  -0.675,9999.000,9999.000,9999.000,9999.000,9999.000,9999.000,9999.000,9999.000
202605180354,  -0.672,9999.000,9999.000,9999.000,9999.000,9999.000,9999.000,9999.000,9999.000
202605180400,  -0.667,9999.000,   1.200,   0.023,   0.556,   1.000,   0.356,   1.300,   0.656
202605180406,  -0.660,9999.000,9999.000,9999.000,9999.000,9999.000,9999.000,9999.000,9999.000
202605180412,  -0.650,9999.000,9999.000,9999.000,9999.000,9999.000,9999.000,9999.000,9999.000
202605180418,  -0.639,9999.000,9999.000,9999.000,9999.000,9999.000,9999.000,9999.000,9999.000
202605180424,  -0.626,9999.000,9999.000,9999.000,9999.000,9999.000,9999.000,9999.000,9999.000
202605180430,  -0.611,9999.000,9999.000,9999.000,9999.000,9999.000,9999.000,9999.000,9999.000
202605180436,  -0.593,9999.000,9999.000,9999.000,9999.000,9999.000,9999.000,9999.000,9999.000
202605180442,  -0.574,9999.000,9999.000,9999.000,9999.000,9999.000,9999.000,9999.000,9999.000
202605180448,  -0.553,9999.000,9999.000,9999.000,9999.000,9999.000,9999.000,9999.000,9999.000
202605180454,  -0.530,9999.000,9999.000,9999.000,9999.000,9999.000,9999.000,9999.000,9999.000
202605180500,  -0.504,9999.000,   1.200,   0.023,   0.719,   1.000,   0.519,   1.400,   0.919
202605180506,  -0.477,9999.000,9999.000,9999.000,9999.000,9999.000,9999.000,9999.000,9999.000
202605180512,  -0.448,9999.000,9999.000,9999.000,9999.000,9999.000,9999.000,9999.000,9999.000
202605180518,  -0.418,9999.000,9999.000,9999.000,9999.000,9999.000,9999.000,9999.000,9999.000
202605180524,  -0.385,9999.000,9999.000,9999.000,9999.000,9999.000,9999.000,9999.000,9999.000
202605180530,  -0.350,9999.000,9999.000,9999.000,9999.000,9999.000,9999.000,9999.000,9999.000
202605180536,  -0.314,9999.000,9999.000,9999.000,9999.000,9999.000,9999.000,9999.000,9999.000
202605180542,  -0.276,9999.000,9999.000,9999.000,9999.000,9999.000,9999.000,9999.000,9999.000
202605180548,  -0.236,9999.000,9999.000,9999.000,9999.000,9999.000,9999.000,9999.000,9999.000
202605180554,  -0.195,9999.000,9999.000,9999.000,9999.000,9999.000,9999.000,9999.000,9999.000
202605180600,  -0.152,9999.000,   1.100,   0.023,   0.971,   0.900,   0.771,   1.400,   1.271
202605180606,  -0.107,9999.000,9999.000,9999.000,9999.000,9999.000,9999.000,9999.000,9999.000
202605180612,  -0.061,9999.000,9999.000,9999.000,9999.000,9999.000,9999.000,9999.000,9999.000
202605180618,  -0.014,9999.000,9999.000,9999.000,9999.000,9999.000,9999.000,9999.000,9999.000
202605180624,   0.034,9999.000,9999.000,9999.000,9999.000,9999.000,9999.000,9999.000,9999.000
202605180630,   0.084,9999.000,9999.000,9999.000,9999.000,9999.000,9999.000,9999.000,9999.000
202605180636,   0.135,9999.000,9999.000,9999.000,9999.000,9999.000,9999.000,9999.000,9999.000
202605180642,   0.188,9999.000,9999.000,9999.000,9999.000,9999.000,9999.000,9999.000,9999.000
202605180648,   0.241,9999.000,9999.000,9999.000,9999.000,9999.000,9999.000,9999.000,9999.000
202605180654,   0.295,9999.000,9999.000,9999.000,9999.000,9999.000,9999.000,9999.000,9999.000
202605180700,   0.351,9999.000,   1.100,   0.023,   1.474,   1.000,   1.374,   1.400,   1.774
202605180706,   0.407,9999.000,9999.000,9999.000,9999.000,9999.000,9999.000,9999.000,9999.000
202605180712,   0.463,9999.000,9999.000,9999.000,9999.000,9999.000,9999.000,9999.000,9999.000
202605180718,   0.520,9999.000,9999.000,9999.000,9999.000,9999.000,9999.000,9999.000,9999.000
202605180724,   0.578,9999.000,9999.000,9999.000,9999.000,9999.000,9999.000,9999.000,9999.000
202605180730,   0.636,9999.000,9999.000,9999.000,9999.000,9999.000,9999.000,9999.000,9999.000
202605180736,   0.694,9999.000,9999.000,9999.000,9999.000,9999.000,9999.000,9999.000,9999.000
202605180742,   0.753,9999.000,9999.000,9999.000,9999.000,9999.000,9999.000,9999.000,9999.000
202605180748,   0.811,9999.000,9999.000,9999.000,9999.000,9999.000,9999.000,9999.000,9999.000
202605180754,   0.869,9999.000,9999.000,9999.000,9999.000,9999.000,9999.000,9999.000,9999.000
202605180800,   0.927,9999.000,   1.200,   0.023,   2.150,   1.000,   1.950,   1.400,   2.350
202605180806,   0.985,9999.000,9999.000,9999.000,9999.000,9999.000,9999.000,9999.000,9999.000
202605180812,   1.043,9999.000,9999.000,9999.000,9999.000,9999.000,9999.000,9999.000,9999.000
202605180818,   1.100,9999.000,9999.000,9999.000,9999.000,9999.000,9999.000,9999.000,9999.000
202605180824,   1.157,9999.000,9999.000,9999.000,9999.000,9999.000,9999.000,9999.000,9999.000
202605180830,   1.213,9999.000,9999.000,9999.000,9999.000,9999.000,9999.000,9999.000,9999.000
202605180836,   1.268,9999.000,9999.000,9999.000,9999.000,9999.000,9999.000,9999.000,9999.000
202605180842,   1.322,9999.000,9999.000,9999.000,9999.000,9999.000,9999.000,9999.000,9999.000
202605180848,   1.376,9999.000,9999.000,9999.000,9999.000,9999.000,9999.000,9999.000,9999.000
202605180854,   1.429,9999.000,9999.000,9999.000,9999.000,9999.000,9999.000,9999.000,9999.000
202605180900,   1.480,9999.000,   1.200,   0.023,   2.703,   1.000,   2.503,   1.400,   2.903
202605180906,   1.531,9999.000,9999.000,9999.000,9999.000,9999.000,9999.000,9999.000,9999.000
202605180912,   1.581,9999.000,9999.000,9999.000,9999.000,9999.000,9999.000,9999.000,9999.000
202605180918,   1.629,9999.000,9999.000,9999.000,9999.000,9999.000,9999.000,9999.000,9999.000
202605180924,   1.676,9999.000,9999.000,9999.000,9999.000,9999.000,9999.000,9999.000,9999.000
202605180930,   1.722,9999.000,9999.000,9999.000,9999.000,9999.000,9999.000,9999.000,9999.000
202605180936,   1.766,9999.000,9999.000,9999.000,9999.000,9999.000,9999.000,9999.000,9999.000
202605180942,   1.809,9999.000,9999.000,9999.000,9999.000,9999.000,9999.000,9999.000,9999.000
202605180948,   1.850,9999.000,9999.000,9999.000,9999.000,9999.000,9999.000,9999.000,9999.000
202605180954,   1.890,9999.000,9999.000,9999.000,9999.000,9999.000,9999.000,9999.000,9999.000
202605181000,   1.929,9999.000,   1.200,   0.023,   3.152,   1.000,   2.952,   1.400,   3.352
202605181006,   1.966,9999.000,9999.000,9999.000,9999.000,9999.000,9999.000,9999.000,9999.000
202605181012,   2.001,9999.000,9999.000,9999.000,9999.000,9999.000,9999.000,9999.000,9999.000
202605181018,   2.035,9999.000,9999.000,9999.000,9999.000,9999.000,9999.000,9999.000,9999.000
202605181024,   2.067,9999.000,9999.000,9999.000,9999.000,9999.000,9999.000,9999.000,9999.000
202605181030,   2.098,9999.000,9999.000,9999.000,9999.000,9999.000,9999.000,9999.000,9999.000
202605181036,   2.126,9999.000,9999.000,9999.000,9999.000,9999.000,9999.000,9999.000,9999.000
202605181042,   2.153,9999.000,9999.000,9999.000,9999.000,9999.000,9999.000,9999.000,9999.000
202605181048,   2.179,9999.000,9999.000,9999.000,9999.000,9999.000,9999.000,9999.000,9999.000
202605181054,   2.202,9999.000,9999.000,9999.000,9999.000,9999.000,9999.000,9999.000,9999.000
202605181100,   2.224,9999.000,   1.200,   0.023,   3.447,   1.000,   3.247,   1.400,   3.647
202605181106,   2.245,9999.000,9999.000,9999.000,9999.000,9999.000,9999.000,9999.000,9999.000
202605181112,   2.263,9999.000,9999.000,9999.000,9999.000,9999.000,9999.000,9999.000,9999.000
202605181118,   2.280,9999.000,9999.000,9999.000,9999.000,9999.000,9999.000,9999.000,9999.000
202605181124,   2.295,9999.000,9999.000,9999.000,9999.000,9999.000,9999.000,9999.000,9999.000
202605181130,   2.308,9999.000,9999.000,9999.000,9999.000,9999.000,9999.000,9999.000,9999.000
202605181136,   2.320,9999.000,9999.000,9999.000,9999.000,9999.000,9999.000,9999.000,9999.000
202605181142,   2.330,9999.000,9999.000,9999.000,9999.000,9999.000,9999.000,9999.000,9999.000
202605181148,   2.338,9999.000,9999.000,9999.000,9999.000,9999.000,9999.000,9999.000,9999.000
202605181154,   2.345,9999.000,9999.000,9999.000,9999.000,9999.000,9999.000,9999.000,9999.000
202605181200,   2.351,9999.000,   1.200,   0.023,   3.574,   1.000,   3.374,   1.300,   3.674
202605181206,   2.355,9999.000,9999.000,9999.000,9999.000,9999.000,9999.000,9999.000,9999.000
202605181212,   2.357,9999.000,9999.000,9999.000,9999.000,9999.000,9999.000,9999.000,9999.000
202605181218,   2.358,9999.000,9999.000,9999.000,9999.000,9999.000,9999.000,9999.000,9999.000
202605181224,   2.358,9999.000,9999.000,9999.000,9999.000,9999.000,9999.000,9999.000,9999.000
202605181230,   2.356,9999.000,9999.000,9999.000,9999.000,9999.000,9999.000,9999.000,9999.000
202605181236,   2.353,9999.000,9999.000,9999.000,9999.000,9999.000,9999.000,9999.000,9999.000
202605181242,   2.349,9999.000,9999.000,9999.000,9999.000,9999.000,9999.000,9999.000,9999.000
202605181248,   2.344,9999.000,9999.000,9999.000,9999.000,9999.000,9999.000,9999.000,9999.000
202605181254,   2.338,9999.000,9999.000,9999.000,9999.000,9999.000,9999.000,9999.000,9999.000
202605181300,   2.331,9999.000,   1.200,   0.023,   3.554,   1.000,   3.354,   1.400,   3.754
202605181306,   2.324,9999.000,9999.000,9999.000,9999.000,9999.000,9999.000,9999.000,9999.000
202605181312,   2.315,9999.000,9999.000,9999.000,9999.000,9999.000,9999.000,9999.000,9999.000
202605181318,   2.305,9999.000,9999.000,9999.000,9999.000,9999.000,9999.000,9999.000,9999.000
202605181324,   2.295,9999.000,9999.000,9999.000,9999.000,9999.000,9999.000,9999.000,9999.000
202605181330,   2.285,9999.000,9999.000,9999.000,9999.000,9999.000,9999.000,9999.000,9999.000
202605181336,   2.273,9999.000,9999.000,9999.000,9999.000,9999.000,9999.000,9999.000,9999.000
202605181342,   2.262,9999.000,9999.000,9999.000,9999.000,9999.000,9999.000,9999.000,9999.000
202605181348,   2.250,9999.000,9999.000,9999.000,9999.000,9999.000,9999.000,9999.000,9999.000
202605181354,   2.237,9999.000,9999.000,9999.000,9999.000,9999.000,9999.000,9999.000,9999.000
202605181400,   2.225,9999.000,   1.100,   0.023,   3.348,   1.000,   3.248,   1.300,   3.548
202605181406,   2.212,9999.000,9999.000,9999.000,9999.000,9999.000,9999.000,9999.000,9999.000
202605181412,   2.199,9999.000,9999.000,9999.000,9999.000,9999.000,9999.000,9999.000,9999.000
202605181418,   2.186,9999.000,9999.000,9999.000,9999.000,9999.000,9999.000,9999.000,9999.000
202605181424,   2.173,9999.000,9999.000,9999.000,9999.000,9999.000,9999.000,9999.000,9999.000
202605181430,   2.160,9999.000,9999.000,9999.000,9999.000,9999.000,9999.000,9999.000,9999.000
202605181436,   2.147,9999.000,9999.000,9999.000,9999.000,9999.000,9999.000,9999.000,9999.000
202605181442,   2.134,9999.000,9999.000,9999.000,9999.000,9999.000,9999.000,9999.000,9999.000
202605181448,   2.121,9999.000,9999.000,9999.000,9999.000,9999.000,9999.000,9999.000,9999.000
202605181454,   2.108,9999.000,9999.000,9999.000,9999.000,9999.000,9999.000,9999.000,9999.000
202605181500,   2.095,9999.000,   1.100,   0.023,   3.218,   1.000,   3.118,   1.300,   3.418
202605181506,   2.082,9999.000,9999.000,9999.000,9999.000,9999.000,9999.000,9999.000,9999.000
202605181512,   2.070,9999.000,9999.000,9999.000,9999.000,9999.000,9999.000,9999.000,9999.000
202605181518,   2.058,9999.000,9999.000,9999.000,9999.000,9999.000,9999.000,9999.000,9999.000
202605181524,   2.046,9999.000,9999.000,9999.000,9999.000,9999.000,9999.000,9999.000,9999.000
202605181530,   2.034,9999.000,9999.000,9999.000,9999.000,9999.000,9999.000,9999.000,9999.000
202605181536,   2.022,9999.000,9999.000,9999.000,9999.000,9999.000,9999.000,9999.000,9999.000
202605181542,   2.011,9999.000,9999.000,9999.000,9999.000,9999.000,9999.000,9999.000,9999.000
202605181548,   2.000,9999.000,9999.000,9999.000,9999.000,9999.000,9999.000,9999.000,9999.000
202605181554,   1.989,9999.000,9999.000,9999.000,9999.000,9999.000,9999.000,9999.000,9999.000
202605181600,   1.978,9999.000,   1.100,   0.023,   3.101,   0.900,   2.901,   1.300,   3.301
202605181606,   1.967,9999.000,9999.000,9999.000,9999.000,9999.000,9999.000,9999.000,9999.000
202605181612,   1.957,9999.000,9999.000,9999.000,9999.000,9999.000,9999.000,9999.000,9999.000
202605181618,   1.947,9999.000,9999.000,9999.000,9999.000,9999.000,9999.000,9999.000,9999.000
202605181624,   1.937,9999.000,9999.000,9999.000,9999.000,9999.000,9999.000,9999.000,9999.000
202605181630,   1.927,9999.000,9999.000,9999.000,9999.000,9999.000,9999.000,9999.000,9999.000
202605181636,   1.918,9999.000,9999.000,9999.000,9999.000,9999.000,9999.000,9999.000,9999.000
202605181642,   1.909,9999.000,9999.000,9999.000,9999.000,9999.000,9999.000,9999.000,9999.000
202605181648,   1.900,9999.000,9999.000,9999.000,9999.000,9999.000,9999.000,9999.000,9999.000
202605181654,   1.891,9999.000,9999.000,9999.000,9999.000,9999.000,9999.000,9999.000,9999.000
202605181700,   1.882,9999.000,   1.000,   0.023,   2.905,   0.800,   2.705,   1.200,   3.105
202605181706,   1.874,9999.000,9999.000,9999.000,9999.000,9999.000,9999.000,9999.000,9999.000
202605181712,   1.866,9999.000,9999.000,9999.000,9999.000,9999.000,9999.000,9999.000,9999.000
202605181718,   1.858,9999.000,9999.000,9999.000,9999.000,9999.000,9999.000,9999.000,9999.000
202605181724,   1.851,9999.000,9999.000,9999.000,9999.000,9999.000,9999.000,9999.000,9999.000
202605181730,   1.843,9999.000,9999.000,9999.000,9999.000,9999.000,9999.000,9999.000,9999.000
202605181736,   1.836,9999.000,9999.000,9999.000,9999.000,9999.000,9999.000,9999.000,9999.000
202605181742,   1.830,9999.000,9999.000,9999.000,9999.000,9999.000,9999.000,9999.000,9999.000
202605181748,   1.824,9999.000,9999.000,9999.000,9999.000,9999.000,9999.000,9999.000,9999.000
202605181754,   1.818,9999.000,9999.000,9999.000,9999.000,9999.000,9999.000,9999.000,9999.000
202605181800,   1.812,9999.000,   1.100,   0.023,   2.935,   0.800,   2.635,   1.200,   3.035
202605181806,   1.807,9999.000,9999.000,9999.000,9999.000,9999.000,9999.000,9999.000,9999.000
202605181812,   1.802,9999.000,9999.000,9999.000,9999.000,9999.000,9999.000,9999.000,9999.000
202605181818,   1.797,9999.000,9999.000,9999.000,9999.000,9999.000,9999.000,9999.000,9999.000
202605181824,   1.793,9999.000,9999.000,9999.000,9999.000,9999.000,9999.000,9999.000,9999.000
202605181830,   1.788,9999.000,9999.000,9999.000,9999.000,9999.000,9999.000,9999.000,9999.000
202605181836,   1.785,9999.000,9999.000,9999.000,9999.000,9999.000,9999.000,9999.000,9999.000
202605181842,   1.781,9999.000,9999.000,9999.000,9999.000,9999.000,9999.000,9999.000,9999.000
202605181848,   1.778,9999.000,9999.000,9999.000,9999.000,9999.000,9999.000,9999.000,9999.000
202605181854,   1.775,9999.000,9999.000,9999.000,9999.000,9999.000,9999.000,9999.000,9999.000
202605181900,   1.773,9999.000,   1.100,   0.023,   2.896,   0.800,   2.596,   1.200,   2.996
202605181906,   1.770,9999.000,9999.000,9999.000,9999.000,9999.000,9999.000,9999.000,9999.000
202605181912,   1.768,9999.000,9999.000,9999.000,9999.000,9999.000,9999.000,9999.000,9999.000
202605181918,   1.766,9999.000,9999.000,9999.000,9999.000,9999.000,9999.000,9999.000,9999.000
202605181924,   1.764,9999.000,9999.000,9999.000,9999.000,9999.000,9999.000,9999.000,9999.000
202605181930,   1.762,9999.000,9999.000,9999.000,9999.000,9999.000,9999.000,9999.000,9999.000
202605181936,   1.760,9999.000,9999.000,9999.000,9999.000,9999.000,9999.000,9999.000,9999.000
202605181942,   1.758,9999.000,9999.000,9999.000,9999.000,9999.000,9999.000,9999.000,9999.000
202605181948,   1.755,9999.000,9999.000,9999.000,9999.000,9999.000,9999.000,9999.000,9999.000
202605181954,   1.753,9999.000,9999.000,9999.000,9999.000,9999.000,9999.000,9999.000,9999.000
202605182000,   1.751,9999.000,   1.100,   0.023,   2.874,   0.900,   2.674,   1.300,   3.074
202605182006,   1.748,9999.000,9999.000,9999.000,9999.000,9999.000,9999.000,9999.000,9999.000
202605182012,   1.745,9999.000,9999.000,9999.000,9999.000,9999.000,9999.000,9999.000,9999.000
202605182018,   1.741,9999.000,9999.000,9999.000,9999.000,9999.000,9999.000,9999.000,9999.000
202605182024,   1.738,9999.000,9999.000,9999.000,9999.000,9999.000,9999.000,9999.000,9999.000
202605182030,   1.733,9999.000,9999.000,9999.000,9999.000,9999.000,9999.000,9999.000,9999.000
202605182036,   1.728,9999.000,9999.000,9999.000,9999.000,9999.000,9999.000,9999.000,9999.000
202605182042,   1.723,9999.000,9999.000,9999.000,9999.000,9999.000,9999.000,9999.000,9999.000
202605182048,   1.716,9999.000,9999.000,9999.000,9999.000,9999.000,9999.000,9999.000,9999.000
202605182054,   1.709,9999.000,9999.000,9999.000,9999.000,9999.000,9999.000,9999.000,9999.000
202605182100,   1.702,9999.000,   1.100,   0.023,   2.825,   0.900,   2.625,   1.400,   3.125
202605182106,   1.693,9999.000,9999.000,9999.000,9999.000,9999.000,9999.000,9999.000,9999.000
202605182112,   1.683,9999.000,9999.000,9999.000,9999.000,9999.000,9999.000,9999.000,9999.000
202605182118,   1.673,9999.000,9999.000,9999.000,9999.000,9999.000,9999.000,9999.000,9999.000
202605182124,   1.661,9999.000,9999.000,9999.000,9999.000,9999.000,9999.000,9999.000,9999.000
202605182130,   1.649,9999.000,9999.000,9999.000,9999.000,9999.000,9999.000,9999.000,9999.000
202605182136,   1.635,9999.000,9999.000,9999.000,9999.000,9999.000,9999.000,9999.000,9999.000
202605182142,   1.620,9999.000,9999.000,9999.000,9999.000,9999.000,9999.000,9999.000,9999.000
202605182148,   1.604,9999.000,9999.000,9999.000,9999.000,9999.000,9999.000,9999.000,9999.000
202605182154,   1.587,9999.000,9999.000,9999.000,9999.000,9999.000,9999.000,9999.000,9999.000
202605182200,   1.569,9999.000,   1.200,   0.023,   2.792,   0.900,   2.492,   1.400,   2.992
202605182206,   1.549,9999.000,9999.000,9999.000,9999.000,9999.000,9999.000,9999.000,9999.000
202605182212,   1.528,9999.000,9999.000,9999.000,9999.000,9999.000,9999.000,9999.000,9999.000
202605182218,   1.506,9999.000,9999.000,9999.000,9999.000,9999.000,9999.000,9999.000,9999.000
202605182224,   1.483,9999.000,9999.000,9999.000,9999.000,9999.000,9999.000,9999.000,9999.000
202605182230,   1.458,9999.000,9999.000,9999.000,9999.000,9999.000,9999.000,9999.000,9999.000
202605182236,   1.432,9999.000,9999.000,9999.000,9999.000,9999.000,9999.000,9999.000,9999.000
202605182242,   1.404,9999.000,9999.000,9999.000,9999.000,9999.000,9999.000,9999.000,9999.000
202605182248,   1.376,9999.000,9999.000,9999.000,9999.000,9999.000,9999.000,9999.000,9999.000
202605182254,   1.346,9999.000,9999.000,9999.000,9999.000,9999.000,9999.000,9999.000,9999.000
202605182300,   1.314,9999.000,   1.200,   0.023,   2.537,   1.000,   2.337,   1.400,   2.737
202605182306,   1.282,9999.000,9999.000,9999.000,9999.000,9999.000,9999.000,9999.000,9999.000
202605182312,   1.248,9999.000,9999.000,9999.000,9999.000,9999.000,9999.000,9999.000,9999.000
202605182318,   1.213,9999.000,9999.000,9999.000,9999.000,9999.000,9999.000,9999.000,9999.000
202605182324,   1.177,9999.000,9999.000,9999.000,9999.000,9999.000,9999.000,9999.000,9999.000
202605182330,   1.140,9999.000,9999.000,9999.000,9999.000,9999.000,9999.000,9999.000,9999.000
202605182336,   1.101,9999.000,9999.000,9999.000,9999.000,9999.000,9999.000,9999.000,9999.000
202605182342,   1.062,9999.000,9999.000,9999.000,9999.000,9999.000,9999.000,9999.000,9999.000
202605182348,   1.021,9999.000,9999.000,9999.000,9999.000,9999.000,9999.000,9999.000,9999.000
202605182354,   0.979,9999.000,9999.000,9999.000,9999.000,9999.000,9999.000,9999.000,9999.000
202605190000,   0.937,9999.000,   1.200,   0.023,   2.160,   1.000,   1.960,   1.400,   2.360
202605190006,   0.893,9999.000,9999.000,9999.000,9999.000,9999.000,9999.000,9999.000,9999.000
202605190012,   0.849,9999.000,9999.000,9999.000,9999.000,9999.000,9999.000,9999.000,9999.000
202605190018,   0.804,9999.000,9999.000,9999.000,9999.000,9999.000,9999.000,9999.000,9999.000
202605190024,   0.758,9999.000,9999.000,9999.000,9999.000,9999.000,9999.000,9999.000,9999.000
202605190030,   0.711,9999.000,9999.000,9999.000,9999.000,9999.000,9999.000,9999.000,9999.000
202605190036,   0.664,9999.000,9999.000,9999.000,9999.000,9999.000,9999.000,9999.000,9999.000
202605190042,   0.617,9999.000,9999.000,9999.000,9999.000,9999.000,9999.000,9999.000,9999.000
202605190048,   0.569,9999.000,9999.000,9999.000,9999.000,9999.000,9999.000,9999.000,9999.000
202605190054,   0.520,9999.000,9999.000,9999.000,9999.000,9999.000,9999.000,9999.000,9999.000
202605190100,   0.472,9999.000,   1.200,   0.023,   1.695,   1.000,   1.495,   1.300,   1.795
202605190106,   0.423,9999.000,9999.000,9999.000,9999.000,9999.000,9999.000,9999.000,9999.000
202605190112,   0.374,9999.000,9999.000,9999.000,9999.000,9999.000,9999.000,9999.000,9999.000
202605190118,   0.326,9999.000,9999.000,9999.000,9999.000,9999.000,9999.000,9999.000,9999.000
202605190124,   0.277,9999.000,9999.000,9999.000,9999.000,9999.000,9999.000,9999.000,9999.000
202605190130,   0.229,9999.000,9999.000,9999.000,9999.000,9999.000,9999.000,9999.000,9999.000
202605190136,   0.180,9999.000,9999.000,9999.000,9999.000,9999.000,9999.000,9999.000,9999.000
202605190142,   0.133,9999.000,9999.000,9999.000,9999.000,9999.000,9999.000,9999.000,9999.000
202605190148,   0.086,9999.000,9999.000,9999.000,9999.000,9999.000,9999.000,9999.000,9999.000
202605190154,   0.039,9999.000,9999.000,9999.000,9999.000,9999.000,9999.000,9999.000,9999.000
202605190200,  -0.005,9999.000,   1.100,   0.023,   1.118,   1.000,   1.018,   1.300,   1.318
202605190206,  -0.050,9999.000,9999.000,9999.000,9999.000,9999.000,9999.000,9999.000,9999.000
202605190212,  -0.094,9999.000,9999.000,9999.000,9999.000,9999.000,9999.000,9999.000,9999.000
202605190218,  -0.137,9999.000,9999.000,9999.000,9999.000,9999.000,9999.000,9999.000,9999.000
202605190224,  -0.178,9999.000,9999.000,9999.000,9999.000,9999.000,9999.000,9999.000,9999.000
202605190230,  -0.219,9999.000,9999.000,9999.000,9999.000,9999.000,9999.000,9999.000,9999.000
202605190236,  -0.258,9999.000,9999.000,9999.000,9999.000,9999.000,9999.000,9999.000,9999.000
202605190242,  -0.296,9999.000,9999.000,9999.000,9999.000,9999.000,9999.000,9999.000,9999.000
202605190248,  -0.332,9999.000,9999.000,9999.000,9999.000,9999.000,9999.000,9999.000,9999.000
202605190254,  -0.366,9999.000,9999.000,9999.000,9999.000,9999.000,9999.000,9999.000,9999.000
202605190300,  -0.399,9999.000,   1.100,   0.023,   0.724,   1.000,   0.624,   1.200,   0.824
202605190306,  -0.430,9999.000,9999.000,9999.000,9999.000,9999.000,9999.000,9999.000,9999.000
202605190312,  -0.459,9999.000,9999.000,9999.000,9999.000,9999.000,9999.000,9999.000,9999.000
202605190318,  -0.487,9999.000,9999.000,9999.000,9999.000,9999.000,9999.000,9999.000,9999.000
202605190324,  -0.512,9999.000,9999.000,9999.000,9999.000,9999.000,9999.000,9999.000,9999.000
202605190330,  -0.536,9999.000,9999.000,9999.000,9999.000,9999.000,9999.000,9999.000,9999.000
202605190336,  -0.558,9999.000,9999.000,9999.000,9999.000,9999.000,9999.000,9999.000,9999.000
202605190342,  -0.577,9999.000,9999.000,9999.000,9999.000,9999.000,9999.000,9999.000,9999.000
202605190348,  -0.595,9999.000,9999.000,9999.000,9999.000,9999.000,9999.000,9999.000,9999.000
202605190354,  -0.610,9999.000,9999.000,9999.000,9999.000,9999.000,9999.000,9999.000,9999.000
202605190400,  -0.623,9999.000,   1.100,   0.023,   0.500,   0.900,   0.300,   1.200,   0.600
202605190406,  -0.634,9999.000,9999.000,9999.000,9999.000,9999.000,9999.000,9999.000,9999.000
202605190412,  -0.643,9999.000,9999.000,9999.000,9999.000,9999.000,9999.000,9999.000,9999.000
202605190418,  -0.650,9999.000,9999.000,9999.000,9999.000,9999.000,9999.000,9999.000,9999.000
202605190424,  -0.654,9999.000,9999.000,9999.000,9999.000,9999.000,9999.000,9999.000,9999.000
202605190430,  -0.657,9999.000,9999.000,9999.000,9999.000,9999.000,9999.000,9999.000,9999.000
202605190436,  -0.657,9999.000,9999.000,9999.000,9999.000,9999.000,9999.000,9999.000,9999.000
202605190442,  -0.655,9999.000,9999.000,9999.000,9999.000,9999.000,9999.000,9999.000,9999.000
202605190448,  -0.651,9999.000,9999.000,9999.000,9999.000,9999.000,9999.000,9999.000,9999.000
202605190454,  -0.645,9999.000,9999.000,9999.000,9999.000,9999.000,9999.000,9999.000,9999.000
202605190500,  -0.637,9999.000,   1.000,   0.023,   0.386,   0.900,   0.286,   1.200,   0.586
202605190506,  -0.627,9999.000,9999.000,9999.000,9999.000,9999.000,9999.000,9999.000,9999.000
202605190512,  -0.615,9999.000,9999.000,9999.000,9999.000,9999.000,9999.000,9999.000,9999.000
202605190518,  -0.601,9999.000,9999.000,9999.000,9999.000,9999.000,9999.000,9999.000,9999.000
202605190524,  -0.585,9999.000,9999.000,9999.000,9999.000,9999.000,9999.000,9999.000,9999.000
202605190530,  -0.567,9999.000,9999.000,9999.000,9999.000,9999.000,9999.000,9999.000,9999.000
202605190536,  -0.547,9999.000,9999.000,9999.000,9999.000,9999.000,9999.000,9999.000,9999.000
202605190542,  -0.525,9999.000,9999.000,9999.000,9999.000,9999.000,9999.000,9999.000,9999.000
202605190548,  -0.501,9999.000,9999.000,9999.000,9999.000,9999.000,9999.000,9999.000,9999.000
202605190554,  -0.475,9999.000,9999.000,9999.000,9999.000,9999.000,9999.000,9999.000,9999.000
202605190600,  -0.448,9999.000,   1.000,   0.023,   0.575,   0.900,   0.475,   1.200,   0.775
202605190606,  -0.419,9999.000,9999.000,9999.000,9999.000,9999.000,9999.000,9999.000,9999.000
202605190612,  -0.388,9999.000,9999.000,9999.000,9999.000,9999.000,9999.000,9999.000,9999.000
202605190618,  -0.355,9999.000,9999.000,9999.000,9999.000,9999.000,9999.000,9999.000,9999.000
202605190624,  -0.321,9999.000,9999.000,9999.000,9999.000,9999.000,9999.000,9999.000,9999.000
202605190630,  -0.286,9999.000,9999.000,9999.000,9999.000,9999.000,9999.000,9999.000,9999.000
202605190636,  -0.248,9999.000,9999.000,9999.000,9999.000,9999.000,9999.000,9999.000,9999.000
202605190642,  -0.209,9999.000,9999.000,9999.000,9999.000,9999.000,9999.000,9999.000,9999.000
202605190648,  -0.169,9999.000,9999.000,9999.000,9999.000,9999.000,9999.000,9999.000,9999.000
202605190654,  -0.127,9999.000,9999.000,9999.000,9999.000,9999.000,9999.000,9999.000,9999.000
202605190700,  -0.084,9999.000,   1.000,   0.023,   0.939,   0.900,   0.839,   1.200,   1.139
202605190706,  -0.040,9999.000,9999.000,9999.000,9999.000,9999.000,9999.000,9999.000,9999.000
202605190712,   0.005,9999.000,9999.000,9999.000,9999.000,9999.000,9999.000,9999.000,9999.000
202605190718,   0.052,9999.000,9999.000,9999.000,9999.000,9999.000,9999.000,9999.000,9999.000
202605190724,   0.100,9999.000,9999.000,9999.000,9999.000,9999.000,9999.000,9999.000,9999.000
202605190730,   0.149,9999.000,9999.000,9999.000,9999.000,9999.000,9999.000,9999.000,9999.000
202605190736,   0.199,9999.000,9999.000,9999.000,9999.000,9999.000,9999.000,9999.000,9999.000
202605190742,   0.250,9999.000,9999.000,9999.000,9999.000,9999.000,9999.000,9999.000,9999.000
202605190748,   0.302,9999.000,9999.000,9999.000,9999.000,9999.000,9999.000,9999.000,9999.000
202605190754,   0.355,9999.000,9999.000,9999.000,9999.000,9999.000,9999.000,9999.000,9999.000
202605190800,   0.408,9999.000,   1.000,   0.023,   1.431,   0.900,   1.331,   1.200,   1.631
202605190806,   0.462,9999.000,9999.000,9999.000,9999.000,9999.000,9999.000,9999.000,9999.000
202605190812,   0.516,9999.000,9999.000,9999.000,9999.000,9999.000,9999.000,9999.000,9999.000
202605190818,   0.571,9999.000,9999.000,9999.000,9999.000,9999.000,9999.000,9999.000,9999.000
202605190824,   0.626,9999.000,9999.000,9999.000,9999.000,9999.000,9999.000,9999.000,9999.000
202605190830,   0.681,9999.000,9999.000,9999.000,9999.000,9999.000,9999.000,9999.000,9999.000
202605190836,   0.737,9999.000,9999.000,9999.000,9999.000,9999.000,9999.000,9999.000,9999.000
202605190842,   0.792,9999.000,9999.000,9999.000,9999.000,9999.000,9999.000,9999.000,9999.000
202605190848,   0.848,9999.000,9999.000,9999.000,9999.000,9999.000,9999.000,9999.000,9999.000
202605190854,   0.903,9999.000,9999.000,9999.000,9999.000,9999.000,9999.000,9999.000,9999.000
202605190900,   0.958,9999.000,   1.000,   0.023,   1.981,   0.900,   1.881,   1.200,   2.181
202605190906,   1.012,9999.000,9999.000,9999.000,9999.000,9999.000,9999.000,9999.000,9999.000
202605190912,   1.066,9999.000,9999.000,9999.000,9999.000,9999.000,9999.000,9999.000,9999.000
202605190918,   1.120,9999.000,9999.000,9999.000,9999.000,9999.000,9999.000,9999.000,9999.000
202605190924,   1.173,9999.000,9999.000,9999.000,9999.000,9999.000,9999.000,9999.000,9999.000
202605190930,   1.225,9999.000,9999.000,9999.000,9999.000,9999.000,9999.000,9999.000,9999.000
202605190936,   1.277,9999.000,9999.000,9999.000,9999.000,9999.000,9999.000,9999.000,9999.000
202605190942,   1.327,9999.000,9999.000,9999.000,9999.000,9999.000,9999.000,9999.000,9999.000
202605190948,   1.377,9999.000,9999.000,9999.000,9999.000,9999.000,9999.000,9999.000,9999.000
202605190954,   1.425,9999.000,9999.000,9999.000,9999.000,9999.000,9999.000,9999.000,9999.000
202605191000,   1.473,9999.000,   1.000,   0.023,   2.496,   0.900,   2.396,   1.200,   2.696
202605191006,   1.519,9999.000,9999.000,9999.000,9999.000,9999.000,9999.000,9999.000,9999.000
202605191012,   1.564,9999.000,9999.000,9999.000,9999.000,9999.000,9999.000,9999.000,9999.000
202605191018,   1.608,9999.000,9999.000,9999.000,9999.000,9999.000,9999.000,9999.000,9999.000
202605191024,   1.651,9999.000,9999.000,9999.000,9999.000,9999.000,9999.000,9999.000,9999.000
202605191030,   1.692,9999.000,9999.000,9999.000,9999.000,9999.000,9999.000,9999.000,9999.000
202605191036,   1.732,9999.000,9999.000,9999.000,9999.000,9999.000,9999.000,9999.000,9999.000
202605191042,   1.771,9999.000,9999.000,9999.000,9999.000,9999.000,9999.000,9999.000,9999.000
202605191048,   1.808,9999.000,9999.000,9999.000,9999.000,9999.000,9999.000,9999.000,9999.000
202605191054,   1.843,9999.000,9999.000,9999.000,9999.000,9999.000,9999.000,9999.000,9999.000
202605191100,   1.878,9999.000,   1.000,   0.023,   2.901,   0.900,   2.801,   1.200,   3.101
202605191106,   1.911,9999.000,9999.000,9999.000,9999.000,9999.000,9999.000,9999.000,9999.000
202605191112,   1.942,9999.000,9999.000,9999.000,9999.000,9999.000,9999.000,9999.000,9999.000
202605191118,   1.972,9999.000,9999.000,9999.000,9999.000,9999.000,9999.000,9999.000,9999.000
202605191124,   2.000,9999.000,9999.000,9999.000,9999.000,9999.000,9999.000,9999.000,9999.000
202605191130,   2.027,9999.000,9999.000,9999.000,9999.000,9999.000,9999.000,9999.000,9999.000
202605191136,   2.053,9999.000,9999.000,9999.000,9999.000,9999.000,9999.000,9999.000,9999.000
202605191142,   2.077,9999.000,9999.000,9999.000,9999.000,9999.000,9999.000,9999.000,9999.000
202605191148,   2.099,9999.000,9999.000,9999.000,9999.000,9999.000,9999.000,9999.000,9999.000
202605191154,   2.120,9999.000,9999.000,9999.000,9999.000,9999.000,9999.000,9999.000,9999.000
202605191200,   2.140,9999.000,   1.000,   0.023,   3.163,   0.900,   3.063,   1.200,   3.363
202605191206,   2.158,9999.000,9999.000,9999.000,9999.000,9999.000,9999.000,9999.000,9999.000
202605191212,   2.175,9999.000,9999.000,9999.000,9999.000,9999.000,9999.000,9999.000,9999.000
202605191218,   2.190,9999.000,9999.000,9999.000,9999.000,9999.000,9999.000,9999.000,9999.000
202605191224,   2.204,9999.000,9999.000,9999.000,9999.000,9999.000,9999.000,9999.000,9999.000
202605191230,   2.217,9999.000,9999.000,9999.000,9999.000,9999.000,9999.000,9999.000,9999.000
202605191236,   2.228,9999.000,9999.000,9999.000,9999.000,9999.000,9999.000,9999.000,9999.000
202605191242,   2.238,9999.000,9999.000,9999.000,9999.000,9999.000,9999.000,9999.000,9999.000
202605191248,   2.246,9999.000,9999.000,9999.000,9999.000,9999.000,9999.000,9999.000,9999.000
202605191254,   2.253,9999.000,9999.000,9999.000,9999.000,9999.000,9999.000,9999.000,9999.000
202605191300,   2.259,9999.000,   1.000,   0.023,   3.282,   0.800,   3.082,   1.200,   3.482
202605191306,   2.264,9999.000,9999.000,9999.000,9999.000,9999.000,9999.000,9999.000,9999.000
202605191312,   2.267,9999.000,9999.000,9999.000,9999.000,9999.000,9999.000,9999.000,9999.000
202605191318,   2.270,9999.000,9999.000,9999.000,9999.000,9999.000,9999.000,9999.000,9999.000
202605191324,   2.271,9999.000,9999.000,9999.000,9999.000,9999.000,9999.000,9999.000,9999.000
202605191330,   2.270,9999.000,9999.000,9999.000,9999.000,9999.000,9999.000,9999.000,9999.000
202605191336,   2.269,9999.000,9999.000,9999.000,9999.000,9999.000,9999.000,9999.000,9999.000
202605191342,   2.267,9999.000,9999.000,9999.000,9999.000,9999.000,9999.000,9999.000,9999.000
202605191348,   2.264,9999.000,9999.000,9999.000,9999.000,9999.000,9999.000,9999.000,9999.000
202605191354,   2.260,9999.000,9999.000,9999.000,9999.000,9999.000,9999.000,9999.000,9999.000
202605191400,   2.254,9999.000,   0.900,   0.023,   3.177,   0.700,   2.977,   1.100,   3.377
202605191406,   2.248,9999.000,9999.000,9999.000,9999.000,9999.000,9999.000,9999.000,9999.000
202605191412,   2.242,9999.000,9999.000,9999.000,9999.000,9999.000,9999.000,9999.000,9999.000
202605191418,   2.234,9999.000,9999.000,9999.000,9999.000,9999.000,9999.000,9999.000,9999.000
202605191424,   2.226,9999.000,9999.000,9999.000,9999.000,9999.000,9999.000,9999.000,9999.000
202605191430,   2.217,9999.000,9999.000,9999.000,9999.000,9999.000,9999.000,9999.000,9999.000
202605191436,   2.208,9999.000,9999.000,9999.000,9999.000,9999.000,9999.000,9999.000,9999.000
202605191442,   2.198,9999.000,9999.000,9999.000,9999.000,9999.000,9999.000,9999.000,9999.000
202605191448,   2.188,9999.000,9999.000,9999.000,9999.000,9999.000,9999.000,9999.000,9999.000
202605191454,   2.178,9999.000,9999.000,9999.000,9999.000,9999.000,9999.000,9999.000,9999.000
202605191500,   2.167,9999.000,   0.900,   0.023,   3.090,   0.700,   2.890,   1.100,   3.290
202605191506,   2.156,9999.000,9999.000,9999.000,9999.000,9999.000,9999.000,9999.000,9999.000
202605191512,   2.145,9999.000,9999.000,9999.000,9999.000,9999.000,9999.000,9999.000,9999.000
202605191518,   2.133,9999.000,9999.000,9999.000,9999.000,9999.000,9999.000,9999.000,9999.000
202605191524,   2.122,9999.000,9999.000,9999.000,9999.000,9999.000,9999.000,9999.000,9999.000
202605191530,   2.110,9999.000,9999.000,9999.000,9999.000,9999.000,9999.000,9999.000,9999.000
202605191536,   2.099,9999.000,9999.000,9999.000,9999.000,9999.000,9999.000,9999.000,9999.000
202605191542,   2.087,9999.000,9999.000,9999.000,9999.000,9999.000,9999.000,9999.000,9999.000
202605191548,   2.076,9999.000,9999.000,9999.000,9999.000,9999.000,9999.000,9999.000,9999.000
202605191554,   2.065,9999.000,9999.000,9999.000,9999.000,9999.000,9999.000,9999.000,9999.000
202605191600,   2.054,9999.000,   0.800,   0.023,   2.877,   0.700,   2.777,   1.000,   3.077
202605191606,   2.043,9999.000,9999.000,9999.000,9999.000,9999.000,9999.000,9999.000,9999.000
202605191612,   2.033,9999.000,9999.000,9999.000,9999.000,9999.000,9999.000,9999.000,9999.000
202605191618,   2.023,9999.000,9999.000,9999.000,9999.000,9999.000,9999.000,9999.000,9999.000
202605191624,   2.012,9999.000,9999.000,9999.000,9999.000,9999.000,9999.000,9999.000,9999.000
202605191630,   2.003,9999.000,9999.000,9999.000,9999.000,9999.000,9999.000,9999.000,9999.000
202605191636,   1.993,9999.000,9999.000,9999.000,9999.000,9999.000,9999.000,9999.000,9999.000
202605191642,   1.984,9999.000,9999.000,9999.000,9999.000,9999.000,9999.000,9999.000,9999.000
202605191648,   1.975,9999.000,9999.000,9999.000,9999.000,9999.000,9999.000,9999.000,9999.000
202605191654,   1.966,9999.000,9999.000,9999.000,9999.000,9999.000,9999.000,9999.000,9999.000
202605191700,   1.957,9999.000,   0.700,   0.023,   2.680,   0.600,   2.580,   0.900,   2.880
202605191706,   1.949,9999.000,9999.000,9999.000,9999.000,9999.000,9999.000,9999.000,9999.000
202605191712,   1.941,9999.000,9999.000,9999.000,9999.000,9999.000,9999.000,9999.000,9999.000
202605191718,   1.933,9999.000,9999.000,9999.000,9999.000,9999.000,9999.000,9999.000,9999.000
202605191724,   1.925,9999.000,9999.000,9999.000,9999.000,9999.000,9999.000,9999.000,9999.000
202605191730,   1.917,9999.000,9999.000,9999.000,9999.000,9999.000,9999.000,9999.000,9999.000
202605191736,   1.910,9999.000,9999.000,9999.000,9999.000,9999.000,9999.000,9999.000,9999.000
202605191742,   1.903,9999.000,9999.000,9999.000,9999.000,9999.000,9999.000,9999.000,9999.000
202605191748,   1.896,9999.000,9999.000,9999.000,9999.000,9999.000,9999.000,9999.000,9999.000
202605191754,   1.889,9999.000,9999.000,9999.000,9999.000,9999.000,9999.000,9999.000,9999.000
202605191800,   1.882,9999.000,   0.700,   0.023,   2.605,   0.600,   2.505,   0.800,   2.705
202605191806,   1.875,9999.000,9999.000,9999.000,9999.000,9999.000,9999.000,9999.000,9999.000
202605191812,   1.869,9999.000,9999.000,9999.000,9999.000,9999.000,9999.000,9999.000,9999.000
202605191818,   1.862,9999.000,9999.000,9999.000,9999.000,9999.000,9999.000,9999.000,9999.000
202605191824,   1.856,9999.000,9999.000,9999.000,9999.000,9999.000,9999.000,9999.000,9999.000
202605191830,   1.850,9999.000,9999.000,9999.000,9999.000,9999.000,9999.000,9999.000,9999.000
202605191836,   1.844,9999.000,9999.000,9999.000,9999.000,9999.000,9999.000,9999.000,9999.000
202605191842,   1.838,9999.000,9999.000,9999.000,9999.000,9999.000,9999.000,9999.000,9999.000
202605191848,   1.833,9999.000,9999.000,9999.000,9999.000,9999.000,9999.000,9999.000,9999.000
202605191854,   1.827,9999.000,9999.000,9999.000,9999.000,9999.000,9999.000,9999.000,9999.000
202605191900,   1.822,9999.000,   0.700,   0.023,   2.545,   0.500,   2.345,   0.800,   2.645
202605191906,   1.817,9999.000,9999.000,9999.000,9999.000,9999.000,9999.000,9999.000,9999.000
202605191912,   1.812,9999.000,9999.000,9999.000,9999.000,9999.000,9999.000,9999.000,9999.000
202605191918,   1.808,9999.000,9999.000,9999.000,9999.000,9999.000,9999.000,9999.000,9999.000
202605191924,   1.804,9999.000,9999.000,9999.000,9999.000,9999.000,9999.000,9999.000,9999.000
202605191930,   1.799,9999.000,9999.000,9999.000,9999.000,9999.000,9999.000,9999.000,9999.000
202605191936,   1.796,9999.000,9999.000,9999.000,9999.000,9999.000,9999.000,9999.000,9999.000
202605191942,   1.792,9999.000,9999.000,9999.000,9999.000,9999.000,9999.000,9999.000,9999.000
202605191948,   1.789,9999.000,9999.000,9999.000,9999.000,9999.000,9999.000,9999.000,9999.000
202605191954,   1.785,9999.000,9999.000,9999.000,9999.000,9999.000,9999.000,9999.000,9999.000
202605192000,   1.782,9999.000,   0.700,   0.023,   2.505,   0.600,   2.405,   0.800,   2.605
202605192006,   1.779,9999.000,9999.000,9999.000,9999.000,9999.000,9999.000,9999.000,9999.000
202605192012,   1.777,9999.000,9999.000,9999.000,9999.000,9999.000,9999.000,9999.000,9999.000
202605192018,   1.774,9999.000,9999.000,9999.000,9999.000,9999.000,9999.000,9999.000,9999.000
202605192024,   1.771,9999.000,9999.000,9999.000,9999.000,9999.000,9999.000,9999.000,9999.000
202605192030,   1.769,9999.000,9999.000,9999.000,9999.000,9999.000,9999.000,9999.000,9999.000
202605192036,   1.766,9999.000,9999.000,9999.000,9999.000,9999.000,9999.000,9999.000,9999.000
202605192042,   1.763,9999.000,9999.000,9999.000,9999.000,9999.000,9999.000,9999.000,9999.000
202605192048,   1.760,9999.000,9999.000,9999.000,9999.000,9999.000,9999.000,9999.000,9999.000
202605192054,   1.757,9999.000,9999.000,9999.000,9999.000,9999.000,9999.000,9999.000,9999.000
202605192100,   1.754,9999.000,   0.600,   0.023,   2.377,   0.600,   2.377,   0.700,   2.477
202605192106,   1.750,9999.000,9999.000,9999.000,9999.000,9999.000,9999.000,9999.000,9999.000
202605192112,   1.746,9999.000,9999.000,9999.000,9999.000,9999.000,9999.000,9999.000,9999.000
202605192118,   1.742,9999.000,9999.000,9999.000,9999.000,9999.000,9999.000,9999.000,9999.000
202605192124,   1.737,9999.000,9999.000,9999.000,9999.000,9999.000,9999.000,9999.000,9999.000
202605192130,   1.731,9999.000,9999.000,9999.000,9999.000,9999.000,9999.000,9999.000,9999.000
202605192136,   1.725,9999.000,9999.000,9999.000,9999.000,9999.000,9999.000,9999.000,9999.000
202605192142,   1.718,9999.000,9999.000,9999.000,9999.000,9999.000,9999.000,9999.000,9999.000
202605192148,   1.710,9999.000,9999.000,9999.000,9999.000,9999.000,9999.000,9999.000,9999.000
202605192154,   1.702,9999.000,9999.000,9999.000,9999.000,9999.000,9999.000,9999.000,9999.000
202605192200,   1.693,9999.000,   0.700,   0.023,   2.416,   0.600,   2.316,   0.800,   2.516
202605192206,   1.682,9999.000,9999.000,9999.000,9999.000,9999.000,9999.000,9999.000,9999.000
202605192212,   1.671,9999.000,9999.000,9999.000,9999.000,9999.000,9999.000,9999.000,9999.000
202605192218,   1.659,9999.000,9999.000,9999.000,9999.000,9999.000,9999.000,9999.000,9999.000
202605192224,   1.646,9999.000,9999.000,9999.000,9999.000,9999.000,9999.000,9999.000,9999.000
202605192230,   1.631,9999.000,9999.000,9999.000,9999.000,9999.000,9999.000,9999.000,9999.000
202605192236,   1.616,9999.000,9999.000,9999.000,9999.000,9999.000,9999.000,9999.000,9999.000
202605192242,   1.599,9999.000,9999.000,9999.000,9999.000,9999.000,9999.000,9999.000,9999.000
202605192248,   1.582,9999.000,9999.000,9999.000,9999.000,9999.000,9999.000,9999.000,9999.000
202605192254,   1.563,9999.000,9999.000,9999.000,9999.000,9999.000,9999.000,9999.000,9999.000
202605192300,   1.543,9999.000,   0.700,   0.023,   2.266,   0.600,   2.166,   0.800,   2.366
202605192306,   1.522,9999.000,9999.000,9999.000,9999.000,9999.000,9999.000,9999.000,9999.000
202605192312,   1.500,9999.000,9999.000,9999.000,9999.000,9999.000,9999.000,9999.000,9999.000
202605192318,   1.476,9999.000,9999.000,9999.000,9999.000,9999.000,9999.000,9999.000,9999.000
202605192324,   1.452,9999.000,9999.000,9999.000,9999.000,9999.000,9999.000,9999.000,9999.000
202605192330,   1.426,9999.000,9999.000,9999.000,9999.000,9999.000,9999.000,9999.000,9999.000
202605192336,   1.400,9999.000,9999.000,9999.000,9999.000,9999.000,9999.000,9999.000,9999.000
202605192342,   1.372,9999.000,9999.000,9999.000,9999.000,9999.000,9999.000,9999.000,9999.000
202605192348,   1.343,9999.000,9999.000,9999.000,9999.000,9999.000,9999.000,9999.000,9999.000
202605192354,   1.313,9999.000,9999.000,9999.000,9999.000,9999.000,9999.000,9999.000,9999.000
202605200000,   1.282,9999.000,   0.700,   0.023,   2.005,   0.600,   1.905,   0.800,   2.105
202605200006,   1.250,9999.000,9999.000,9999.000,9999.000,9999.000,9999.000,9999.000,9999.000
202605200012,   1.218,9999.000,9999.000,9999.000,9999.000,9999.000,9999.000,9999.000,9999.000
202605200018,   1.184,9999.000,9999.000,9999.000,9999.000,9999.000,9999.000,9999.000,9999.000
202605200024,   1.149,9999.000,9999.000,9999.000,9999.000,9999.000,9999.000,9999.000,9999.000
202605200030,   1.113,9999.000,9999.000,9999.000,9999.000,9999.000,9999.000,9999.000,9999.000
202605200036,   1.077,9999.000,9999.000,9999.000,9999.000,9999.000,9999.000,9999.000,9999.000
202605200042,   1.040,9999.000,9999.000,9999.000,9999.000,9999.000,9999.000,9999.000,9999.000
202605200048,   1.002,9999.000,9999.000,9999.000,9999.000,9999.000,9999.000,9999.000,9999.000
202605200054,   0.963,9999.000,9999.000,9999.000,9999.000,9999.000,9999.000,9999.000,9999.000
202605200100,   0.923,9999.000,   0.700,   0.023,   1.646,   0.600,   1.546,   0.800,   1.746
202605200106,   0.883,9999.000,9999.000,9999.000,9999.000,9999.000,9999.000,9999.000,9999.000
202605200112,   0.842,9999.000,9999.000,9999.000,9999.000,9999.000,9999.000,9999.000,9999.000
202605200118,   0.800,9999.000,9999.000,9999.000,9999.000,9999.000,9999.000,9999.000,9999.000
202605200124,   0.758,9999.000,9999.000,9999.000,9999.000,9999.000,9999.000,9999.000,9999.000
202605200130,   0.715,9999.000,9999.000,9999.000,9999.000,9999.000,9999.000,9999.000,9999.000
202605200136,   0.672,9999.000,9999.000,9999.000,9999.000,9999.000,9999.000,9999.000,9999.000
202605200142,   0.628,9999.000,9999.000,9999.000,9999.000,9999.000,9999.000,9999.000,9999.000
202605200148,   0.584,9999.000,9999.000,9999.000,9999.000,9999.000,9999.000,9999.000,9999.000
202605200154,   0.540,9999.000,9999.000,9999.000,9999.000,9999.000,9999.000,9999.000,9999.000
202605200200,   0.495,9999.000,   0.700,   0.023,   1.218,   0.600,   1.118,   0.800,   1.318
202605200206,   0.450,9999.000,9999.000,9999.000,9999.000,9999.000,9999.000,9999.000,9999.000
202605200212,   0.406,9999.000,9999.000,9999.000,9999.000,9999.000,9999.000,9999.000,9999.000
202605200218,   0.361,9999.000,9999.000,9999.000,9999.000,9999.000,9999.000,9999.000,9999.000
202605200224,   0.316,9999.000,9999.000,9999.000,9999.000,9999.000,9999.000,9999.000,9999.000
202605200230,   0.272,9999.000,9999.000,9999.000,9999.000,9999.000,9999.000,9999.000,9999.000
202605200236,   0.228,9999.000,9999.000,9999.000,9999.000,9999.000,9999.000,9999.000,9999.000
202605200242,   0.184,9999.000,9999.000,9999.000,9999.000,9999.000,9999.000,9999.000,9999.000
202605200248,   0.140,9999.000,9999.000,9999.000,9999.000,9999.000,9999.000,9999.000,9999.000
202605200254,   0.098,9999.000,9999.000,9999.000,9999.000,9999.000,9999.000,9999.000,9999.000
202605200300,   0.056,9999.000,   0.700,   0.023,   0.779,   0.600,   0.679,   0.900,   0.979
202605200306,   0.014,9999.000,9999.000,9999.000,9999.000,9999.000,9999.000,9999.000,9999.000
202605200312,  -0.025,9999.000,9999.000,9999.000,9999.000,9999.000,9999.000,9999.000,9999.000
202605200318,  -0.064,9999.000,9999.000,9999.000,9999.000,9999.000,9999.000,9999.000,9999.000
202605200324,  -0.102,9999.000,9999.000,9999.000,9999.000,9999.000,9999.000,9999.000,9999.000
202605200330,  -0.139,9999.000,9999.000,9999.000,9999.000,9999.000,9999.000,9999.000,9999.000
202605200336,  -0.175,9999.000,9999.000,9999.000,9999.000,9999.000,9999.000,9999.000,9999.000
202605200342,  -0.209,9999.000,9999.000,9999.000,9999.000,9999.000,9999.000,9999.000,9999.000
202605200348,  -0.242,9999.000,9999.000,9999.000,9999.000,9999.000,9999.000,9999.000,9999.000
202605200354,  -0.273,9999.000,9999.000,9999.000,9999.000,9999.000,9999.000,9999.000,9999.000
202605200400,  -0.302,9999.000,   0.700,   0.023,   0.421,   0.600,   0.321,   0.900,   0.621
202605200406,  -0.330,9999.000,9999.000,9999.000,9999.000,9999.000,9999.000,9999.000,9999.000
202605200412,  -0.356,9999.000,9999.000,9999.000,9999.000,9999.000,9999.000,9999.000,9999.000
202605200418,  -0.380,9999.000,9999.000,9999.000,9999.000,9999.000,9999.000,9999.000,9999.000
202605200424,  -0.402,9999.000,9999.000,9999.000,9999.000,9999.000,9999.000,9999.000,9999.000
202605200430,  -0.422,9999.000,9999.000,9999.000,9999.000,9999.000,9999.000,9999.000,9999.000
202605200436,  -0.440,9999.000,9999.000,9999.000,9999.000,9999.000,9999.000,9999.000,9999.000
202605200442,  -0.456,9999.000,9999.000,9999.000,9999.000,9999.000,9999.000,9999.000,9999.000
202605200448,  -0.470,9999.000,9999.000,9999.000,9999.000,9999.000,9999.000,9999.000,9999.000
202605200454,  -0.482,9999.000,9999.000,9999.000,9999.000,9999.000,9999.000,9999.000,9999.000
202605200500,  -0.492,9999.000,   0.700,   0.023,   0.231,   0.600,   0.131,   0.900,   0.431
202605200506,  -0.500,9999.000,9999.000,9999.000,9999.000,9999.000,9999.000,9999.000,9999.000
202605200512,  -0.506,9999.000,9999.000,9999.000,9999.000,9999.000,9999.000,9999.000,9999.000
202605200518,  -0.510,9999.000,9999.000,9999.000,9999.000,9999.000,9999.000,9999.000,9999.000
202605200524,  -0.512,9999.000,9999.000,9999.000,9999.000,9999.000,9999.000,9999.000,9999.000
202605200530,  -0.512,9999.000,9999.000,9999.000,9999.000,9999.000,9999.000,9999.000,9999.000
202605200536,  -0.510,9999.000,9999.000,9999.000,9999.000,9999.000,9999.000,9999.000,9999.000
202605200542,  -0.506,9999.000,9999.000,9999.000,9999.000,9999.000,9999.000,9999.000,9999.000
202605200548,  -0.500,9999.000,9999.000,9999.000,9999.000,9999.000,9999.000,9999.000,9999.000
202605200554,  -0.492,9999.000,9999.000,9999.000,9999.000,9999.000,9999.000,9999.000,9999.000
202605200600,  -0.483,9999.000,   0.700,   0.023,   0.240,   0.500,   0.040,   0.800,   0.340
202605200606,  -0.472,9999.000,9999.000,9999.000,9999.000,9999.000,9999.000,9999.000,9999.000
202605200612,  -0.459,9999.000,9999.000,9999.000,9999.000,9999.000,9999.000,9999.000,9999.000
202605200618,  -0.444,9999.000,9999.000,9999.000,9999.000,9999.000,9999.000,9999.000,9999.000
202605200624,  -0.428,9999.000,9999.000,9999.000,9999.000,9999.000,9999.000,9999.000,9999.000
202605200630,  -0.410,9999.000,9999.000,9999.000,9999.000,9999.000,9999.000,9999.000,9999.000
202605200636,  -0.390,9999.000,9999.000,9999.000,9999.000,9999.000,9999.000,9999.000,9999.000
202605200642,  -0.369,9999.000,9999.000,9999.000,9999.000,9999.000,9999.000,9999.000,9999.000
202605200648,  -0.346,9999.000,9999.000,9999.000,9999.000,9999.000,9999.000,9999.000,9999.000
202605200654,  -0.322,9999.000,9999.000,9999.000,9999.000,9999.000,9999.000,9999.000,9999.000
202605200700,  -0.296,9999.000,   0.600,   0.023,   0.327,   0.500,   0.227,   0.800,   0.527
202605200706,  -0.269,9999.000,9999.000,9999.000,9999.000,9999.000,9999.000,9999.000,9999.000
202605200712,  -0.240,9999.000,9999.000,9999.000,9999.000,9999.000,9999.000,9999.000,9999.000
202605200718,  -0.210,9999.000,9999.000,9999.000,9999.000,9999.000,9999.000,9999.000,9999.000
202605200724,  -0.179,9999.000,9999.000,9999.000,9999.000,9999.000,9999.000,9999.000,9999.000
202605200730,  -0.146,9999.000,9999.000,9999.000,9999.000,9999.000,9999.000,9999.000,9999.000
202605200736,  -0.112,9999.000,9999.000,9999.000,9999.000,9999.000,9999.000,9999.000,9999.000
202605200742,  -0.076,9999.000,9999.000,9999.000,9999.000,9999.000,9999.000,9999.000,9999.000
202605200748,  -0.039,9999.000,9999.000,9999.000,9999.000,9999.000,9999.000,9999.000,9999.000
202605200754,  -0.001,9999.000,9999.000,9999.000,9999.000,9999.000,9999.000,9999.000,9999.000
202605200800,   0.037,9999.000,   0.600,   0.023,   0.660,   0.500,   0.560,   0.800,   0.860
202605200806,   0.077,9999.000,9999.000,9999.000,9999.000,9999.000,9999.000,9999.000,9999.000
202605200812,   0.119,9999.000,9999.000,9999.000,9999.000,9999.000,9999.000,9999.000,9999.000
202605200818,   0.162,9999.000,9999.000,9999.000,9999.000,9999.000,9999.000,9999.000,9999.000
202605200824,   0.205,9999.000,9999.000,9999.000,9999.000,9999.000,9999.000,9999.000,9999.000
202605200830,   0.250,9999.000,9999.000,9999.000,9999.000,9999.000,9999.000,9999.000,9999.000
202605200836,   0.295,9999.000,9999.000,9999.000,9999.000,9999.000,9999.000,9999.000,9999.000
202605200842,   0.341,9999.000,9999.000,9999.000,9999.000,9999.000,9999.000,9999.000,9999.000
202605200848,   0.388,9999.000,9999.000,9999.000,9999.000,9999.000,9999.000,9999.000,9999.000
202605200854,   0.435,9999.000,9999.000,9999.000,9999.000,9999.000,9999.000,9999.000,9999.000
202605200900,   0.483,9999.000,   0.600,   0.023,   1.106,   0.500,   1.006,   0.700,   1.206
202605200906,   0.532,9999.000,9999.000,9999.000,9999.000,9999.000,9999.000,9999.000,9999.000
202605200912,   0.581,9999.000,9999.000,9999.000,9999.000,9999.000,9999.000,9999.000,9999.000
202605200918,   0.630,9999.000,9999.000,9999.000,9999.000,9999.000,9999.000,9999.000,9999.000
202605200924,   0.679,9999.000,9999.000,9999.000,9999.000,9999.000,9999.000,9999.000,9999.000
202605200930,   0.729,9999.000,9999.000,9999.000,9999.000,9999.000,9999.000,9999.000,9999.000
202605200936,   0.778,9999.000,9999.000,9999.000,9999.000,9999.000,9999.000,9999.000,9999.000
202605200942,   0.827,9999.000,9999.000,9999.000,9999.000,9999.000,9999.000,9999.000,9999.000
202605200948,   0.876,9999.000,9999.000,9999.000,9999.000,9999.000,9999.000,9999.000,9999.000
202605200954,   0.925,9999.000,9999.000,9999.000,9999.000,9999.000,9999.000,9999.000,9999.000
202605201000,   0.973,9999.000,   0.600,   0.023,   1.596,   0.500,   1.496,   0.700,   1.696
202605201006,   1.021,9999.000,9999.000,9999.000,9999.000,9999.000,9999.000,9999.000,9999.000
202605201012,   1.069,9999.000,9999.000,9999.000,9999.000,9999.000,9999.000,9999.000,9999.000
202605201018,   1.115,9999.000,9999.000,9999.000,9999.000,9999.000,9999.000,9999.000,9999.000
202605201024,   1.162,9999.000,9999.000,9999.000,9999.000,9999.000,9999.000,9999.000,9999.000
202605201030,   1.207,9999.000,9999.000,9999.000,9999.000,9999.000,9999.000,9999.000,9999.000
202605201036,   1.251,9999.000,9999.000,9999.000,9999.000,9999.000,9999.000,9999.000,9999.000
202605201042,   1.295,9999.000,9999.000,9999.000,9999.000,9999.000,9999.000,9999.000,9999.000
202605201048,   1.338,9999.000,9999.000,9999.000,9999.000,9999.000,9999.000,9999.000,9999.000
202605201054,   1.380,9999.000,9999.000,9999.000,9999.000,9999.000,9999.000,9999.000,9999.000
202605201100,   1.420,9999.000,   0.600,   0.023,   2.043,   0.500,   1.943,   0.800,   2.243
202605201106,   1.460,9999.000,9999.000,9999.000,9999.000,9999.000,9999.000,9999.000,9999.000
202605201112,   1.499,9999.000,9999.000,9999.000,9999.000,9999.000,9999.000,9999.000,9999.000
202605201118,   1.537,9999.000,9999.000,9999.000,9999.000,9999.000,9999.000,9999.000,9999.000
202605201124,   1.573,9999.000,9999.000,9999.000,9999.000,9999.000,9999.000,9999.000,9999.000
202605201130,   1.609,9999.000,9999.000,9999.000,9999.000,9999.000,9999.000,9999.000,9999.000
202605201136,   1.643,9999.000,9999.000,9999.000,9999.000,9999.000,9999.000,9999.000,9999.000
202605201142,   1.677,9999.000,9999.000,9999.000,9999.000,9999.000,9999.000,9999.000,9999.000
202605201148,   1.709,9999.000,9999.000,9999.000,9999.000,9999.000,9999.000,9999.000,9999.000
202605201154,   1.740,9999.000,9999.000,9999.000,9999.000,9999.000,9999.000,9999.000,9999.000
202605201200,   1.770,9999.000,   0.600,   0.023,   2.393,   0.500,   2.293,   0.700,   2.493
202605201206,   1.799,9999.000,9999.000,9999.000,9999.000,9999.000,9999.000,9999.000,9999.000
202605201212,   1.827,9999.000,9999.000,9999.000,9999.000,9999.000,9999.000,9999.000,9999.000
202605201218,   1.854,9999.000,9999.000,9999.000,9999.000,9999.000,9999.000,9999.000,9999.000
202605201224,   1.879,9999.000,9999.000,9999.000,9999.000,9999.000,9999.000,9999.000,9999.000
202605201230,   1.903,9999.000,9999.000,9999.000,9999.000,9999.000,9999.000,9999.000,9999.000
202605201236,   1.927,9999.000,9999.000,9999.000,9999.000,9999.000,9999.000,9999.000,9999.000
202605201242,   1.949,9999.000,9999.000,9999.000,9999.000,9999.000,9999.000,9999.000,9999.000
202605201248,   1.970,9999.000,9999.000,9999.000,9999.000,9999.000,9999.000,9999.000,9999.000
202605201254,   1.990,9999.000,9999.000,9999.000,9999.000,9999.000,9999.000,9999.000,9999.000
202605201300,   2.008,9999.000,   0.600,   0.023,   2.631,   0.500,   2.531,   0.700,   2.731
202605201306,   2.026,9999.000,9999.000,9999.000,9999.000,9999.000,9999.000,9999.000,9999.000
202605201312,   2.042,9999.000,9999.000,9999.000,9999.000,9999.000,9999.000,9999.000,9999.000
202605201318,   2.057,9999.000,9999.000,9999.000,9999.000,9999.000,9999.000,9999.000,9999.000
202605201324,   2.071,9999.000,9999.000,9999.000,9999.000,9999.000,9999.000,9999.000,9999.000
202605201330,   2.083,9999.000,9999.000,9999.000,9999.000,9999.000,9999.000,9999.000,9999.000
202605201336,   2.095,9999.000,9999.000,9999.000,9999.000,9999.000,9999.000,9999.000,9999.000
202605201342,   2.105,9999.000,9999.000,9999.000,9999.000,9999.000,9999.000,9999.000,9999.000
202605201348,   2.113,9999.000,9999.000,9999.000,9999.000,9999.000,9999.000,9999.000,9999.000
202605201354,   2.121,9999.000,9999.000,9999.000,9999.000,9999.000,9999.000,9999.000,9999.000
202605201400,   2.127,9999.000,   0.600,   0.023,   2.750,   0.400,   2.550,   0.700,   2.850
202605201406,   2.132,9999.000,9999.000,9999.000,9999.000,9999.000,9999.000,9999.000,9999.000
202605201412,   2.136,9999.000,9999.000,9999.000,9999.000,9999.000,9999.000,9999.000,9999.000
202605201418,   2.139,9999.000,9999.000,9999.000,9999.000,9999.000,9999.000,9999.000,9999.000
202605201424,   2.140,9999.000,9999.000,9999.000,9999.000,9999.000,9999.000,9999.000,9999.000
202605201430,   2.141,9999.000,9999.000,9999.000,9999.000,9999.000,9999.000,9999.000,9999.000
202605201436,   2.140,9999.000,9999.000,9999.000,9999.000,9999.000,9999.000,9999.000,9999.000
202605201442,   2.138,9999.000,9999.000,9999.000,9999.000,9999.000,9999.000,9999.000,9999.000
202605201448,   2.135,9999.000,9999.000,9999.000,9999.000,9999.000,9999.000,9999.000,9999.000
202605201454,   2.132,9999.000,9999.000,9999.000,9999.000,9999.000,9999.000,9999.000,9999.000
202605201500,   2.127,9999.000,   0.500,   0.023,   2.650,   0.400,   2.550,   0.700,   2.850
202605201506,   2.122,9999.000,9999.000,9999.000,9999.000,9999.000,9999.000,9999.000,9999.000
202605201512,   2.115,9999.000,9999.000,9999.000,9999.000,9999.000,9999.000,9999.000,9999.000
202605201518,   2.108,9999.000,9999.000,9999.000,9999.000,9999.000,9999.000,9999.000,9999.000
202605201524,   2.101,9999.000,9999.000,9999.000,9999.000,9999.000,9999.000,9999.000,9999.000
202605201530,   2.093,9999.000,9999.000,9999.000,9999.000,9999.000,9999.000,9999.000,9999.000
202605201536,   2.084,9999.000,9999.000,9999.000,9999.000,9999.000,9999.000,9999.000,9999.000
202605201542,   2.075,9999.000,9999.000,9999.000,9999.000,9999.000,9999.000,9999.000,9999.000
202605201548,   2.066,9999.000,9999.000,9999.000,9999.000,9999.000,9999.000,9999.000,9999.000
202605201554,   2.056,9999.000,9999.000,9999.000,9999.000,9999.000,9999.000,9999.000,9999.000
202605201600,   2.047,9999.000,   0.500,   0.023,   2.570,   0.400,   2.470,   0.700,   2.770
202605201606,   2.037,9999.000,9999.000,9999.000,9999.000,9999.000,9999.000,9999.000,9999.000
202605201612,   2.027,9999.000,9999.000,9999.000,9999.000,9999.000,9999.000,9999.000,9999.000
202605201618,   2.017,9999.000,9999.000,9999.000,9999.000,9999.000,9999.000,9999.000,9999.000
202605201624,   2.007,9999.000,9999.000,9999.000,9999.000,9999.000,9999.000,9999.000,9999.000
202605201630,   1.998,9999.000,9999.000,9999.000,9999.000,9999.000,9999.000,9999.000,9999.000
202605201636,   1.988,9999.000,9999.000,9999.000,9999.000,9999.000,9999.000,9999.000,9999.000
202605201642,   1.979,9999.000,9999.000,9999.000,9999.000,9999.000,9999.000,9999.000,9999.000
202605201648,   1.970,9999.000,9999.000,9999.000,9999.000,9999.000,9999.000,9999.000,9999.000
202605201654,   1.961,9999.000,9999.000,9999.000,9999.000,9999.000,9999.000,9999.000,9999.000
202605201700,   1.952,9999.000,   0.500,   0.023,   2.475,   0.400,   2.375,   0.600,   2.575
202605201706,   1.943,9999.000,9999.000,9999.000,9999.000,9999.000,9999.000,9999.000,9999.000
202605201712,   1.935,9999.000,9999.000,9999.000,9999.000,9999.000,9999.000,9999.000,9999.000
202605201718,   1.927,9999.000,9999.000,9999.000,9999.000,9999.000,9999.000,9999.000,9999.000
202605201724,   1.919,9999.000,9999.000,9999.000,9999.000,9999.000,9999.000,9999.000,9999.000
202605201730,   1.912,9999.000,9999.000,9999.000,9999.000,9999.000,9999.000,9999.000,9999.000
202605201736,   1.905,9999.000,9999.000,9999.000,9999.000,9999.000,9999.000,9999.000,9999.000
202605201742,   1.897,9999.000,9999.000,9999.000,9999.000,9999.000,9999.000,9999.000,9999.000
202605201748,   1.890,9999.000,9999.000,9999.000,9999.000,9999.000,9999.000,9999.000,9999.000
202605201754,   1.884,9999.000,9999.000,9999.000,9999.000,9999.000,9999.000,9999.000,9999.000
202605201800,   1.877,9999.000,   0.500,   0.023,   2.400,   0.400,   2.300,   0.600,   2.500
202605201806,   1.870,9999.000,9999.000,9999.000,9999.000,9999.000,9999.000,9999.000,9999.000
202605201812,   1.864,9999.000,9999.000,9999.000,9999.000,9999.000,9999.000,9999.000,9999.000
202605201818,   1.857,9999.000,9999.000,9999.000,9999.000,9999.000,9999.000,9999.000,9999.000
202605201824,   1.851,9999.000,9999.000,9999.000,9999.000,9999.000,9999.000,9999.000,9999.000
202605201830,   1.844,9999.000,9999.000,9999.000,9999.000,9999.000,9999.000,9999.000,9999.000
202605201836,   1.838,9999.000,9999.000,9999.000,9999.000,9999.000,9999.000,9999.000,9999.000
202605201842,   1.831,9999.000,9999.000,9999.000,9999.000,9999.000,9999.000,9999.000,9999.000
202605201848,   1.825,9999.000,9999.000,9999.000,9999.000,9999.000,9999.000,9999.000,9999.000
202605201854,   1.818,9999.000,9999.000,9999.000,9999.000,9999.000,9999.000,9999.000,9999.000
202605201900,   1.812,9999.000,   0.500,   0.023,   2.335,   0.300,   2.135,   0.600,   2.435
202605201906,   1.806,9999.000,9999.000,9999.000,9999.000,9999.000,9999.000,9999.000,9999.000
202605201912,   1.800,9999.000,9999.000,9999.000,9999.000,9999.000,9999.000,9999.000,9999.000
202605201918,   1.793,9999.000,9999.000,9999.000,9999.000,9999.000,9999.000,9999.000,9999.000
202605201924,   1.787,9999.000,9999.000,9999.000,9999.000,9999.000,9999.000,9999.000,9999.000
202605201930,   1.781,9999.000,9999.000,9999.000,9999.000,9999.000,9999.000,9999.000,9999.000
202605201936,   1.775,9999.000,9999.000,9999.000,9999.000,9999.000,9999.000,9999.000,9999.000
202605201942,   1.770,9999.000,9999.000,9999.000,9999.000,9999.000,9999.000,9999.000,9999.000
202605201948,   1.764,9999.000,9999.000,9999.000,9999.000,9999.000,9999.000,9999.000,9999.000
202605201954,   1.759,9999.000,9999.000,9999.000,9999.000,9999.000,9999.000,9999.000,9999.000
202605202000,   1.753,9999.000,   0.500,   0.023,   2.276,   0.400,   2.176,   0.700,   2.476
202605202006,   1.749,9999.000,9999.000,9999.000,9999.000,9999.000,9999.000,9999.000,9999.000
202605202012,   1.744,9999.000,9999.000,9999.000,9999.000,9999.000,9999.000,9999.000,9999.000
202605202018,   1.739,9999.000,9999.000,9999.000,9999.000,9999.000,9999.000,9999.000,9999.000
202605202024,   1.735,9999.000,9999.000,9999.000,9999.000,9999.000,9999.000,9999.000,9999.000
202605202030,   1.731,9999.000,9999.000,9999.000,9999.000,9999.000,9999.000,9999.000,9999.000
202605202036,   1.728,9999.000,9999.000,9999.000,9999.000,9999.000,9999.000,9999.000,9999.000
202605202042,   1.724,9999.000,9999.000,9999.000,9999.000,9999.000,9999.000,9999.000,9999.000
202605202048,   1.721,9999.000,9999.000,9999.000,9999.000,9999.000,9999.000,9999.000,9999.000
202605202054,   1.718,9999.000,9999.000,9999.000,9999.000,9999.000,9999.000,9999.000,9999.000
202605202100,   1.716,9999.000,   0.500,   0.023,   2.239,   0.400,   2.139,   0.700,   2.439
202605202106,   1.713,9999.000,9999.000,9999.000,9999.000,9999.000,9999.000,9999.000,9999.000
202605202112,   1.711,9999.000,9999.000,9999.000,9999.000,9999.000,9999.000,9999.000,9999.000
202605202118,   1.708,9999.000,9999.000,9999.000,9999.000,9999.000,9999.000,9999.000,9999.000
202605202124,   1.706,9999.000,9999.000,9999.000,9999.000,9999.000,9999.000,9999.000,9999.000
202605202130,   1.704,9999.000,9999.000,9999.000,9999.000,9999.000,9999.000,9999.000,9999.000
202605202136,   1.701,9999.000,9999.000,9999.000,9999.000,9999.000,9999.000,9999.000,9999.000
202605202142,   1.699,9999.000,9999.000,9999.000,9999.000,9999.000,9999.000,9999.000,9999.000
202605202148,   1.696,9999.000,9999.000,9999.000,9999.000,9999.000,9999.000,9999.000,9999.000
202605202154,   1.693,9999.000,9999.000,9999.000,9999.000,9999.000,9999.000,9999.000,9999.000
202605202200,   1.690,9999.000,   0.600,   0.023,   2.313,   0.400,   2.113,   0.700,   2.413
202605202206,   1.686,9999.000,9999.000,9999.000,9999.000,9999.000,9999.000,9999.000,9999.000
202605202212,   1.682,9999.000,9999.000,9999.000,9999.000,9999.000,9999.000,9999.000,9999.000
202605202218,   1.678,9999.000,9999.000,9999.000,9999.000,9999.000,9999.000,9999.000,9999.000
202605202224,   1.673,9999.000,9999.000,9999.000,9999.000,9999.000,9999.000,9999.000,9999.000
202605202230,   1.667,9999.000,9999.000,9999.000,9999.000,9999.000,9999.000,9999.000,9999.000
202605202236,   1.661,9999.000,9999.000,9999.000,9999.000,9999.000,9999.000,9999.000,9999.000
202605202242,   1.654,9999.000,9999.000,9999.000,9999.000,9999.000,9999.000,9999.000,9999.000
202605202248,   1.646,9999.000,9999.000,9999.000,9999.000,9999.000,9999.000,9999.000,9999.000
202605202254,   1.638,9999.000,9999.000,9999.000,9999.000,9999.000,9999.000,9999.000,9999.000
202605202300,   1.628,9999.000,   0.600,   0.023,   2.251,   0.500,   2.151,   0.800,   2.451
202605202306,   1.618,9999.000,9999.000,9999.000,9999.000,9999.000,9999.000,9999.000,9999.000
202605202312,   1.608,9999.000,9999.000,9999.000,9999.000,9999.000,9999.000,9999.000,9999.000
202605202318,   1.596,9999.000,9999.000,9999.000,9999.000,9999.000,9999.000,9999.000,9999.000
202605202324,   1.583,9999.000,9999.000,9999.000,9999.000,9999.000,9999.000,9999.000,9999.000
202605202330,   1.570,9999.000,9999.000,9999.000,9999.000,9999.000,9999.000,9999.000,9999.000
202605202336,   1.556,9999.000,9999.000,9999.000,9999.000,9999.000,9999.000,9999.000,9999.000
202605202342,   1.541,9999.000,9999.000,9999.000,9999.000,9999.000,9999.000,9999.000,9999.000
202605202348,   1.525,9999.000,9999.000,9999.000,9999.000,9999.000,9999.000,9999.000,9999.000
202605202354,   1.508,9999.000,9999.000,9999.000,9999.000,9999.000,9999.000,9999.000,9999.000
202605210000,   1.491,9999.000,   0.600,   0.023,   2.114,   0.500,   2.014,   0.800,   2.314
